9.999096e-01 1.061516e-03 -1.340599e-02 -1.001116e-02 -1.058762e-03 9.999994e-01 2.126022e-04 -4.359704e-03 1.340621e-02 -1.983884e-04 9.999101e-01 1.857373e-01
9.984892e-01 2.145631e-03 -5.490591e-02 -6.000009e-02 -2.394373e-03 9.999871e-01 -4.464951e-03 -8.065471e-03 5.489562e-02 4.589671e-03 9.984816e-01 6.279359e-01
9.974753e-01 2.223074e-03 -7.097932e-02 -8.275693e-02 -2.545053e-03 9.999869e-01 -4.446103e-03 -8.995000e-03 7.096851e-02 4.615524e-03 9.974679e-01 7.669396e-01
7.747743e-01 2.685279e-02 -6.316674e-01 -1.969361e+00 -3.022770e-02 9.995283e-01 5.415012e-03 -5.141144e-02 6.315149e-01 1.489844e-02 7.752206e-01 4.049498e+00
6.998654e-01 2.300743e-02 -7.139041e-01 -2.415527e+00 -2.506270e-02 9.996566e-01 7.646713e-03 -5.318918e-02 7.138350e-01 1.254069e-02 7.002017e-01 4.382391e+00
6.574738e-01 1.958832e-02 -7.532227e-01 -2.663146e+00 -2.008945e-02 9.997623e-01 8.464136e-03 -5.287039e-02 7.532096e-01 9.566887e-03 6.577111e-01 4.540774e+00
3.528221e-01 2.685154e-02 -9.353051e-01 -4.534335e+00 -1.174859e-02 9.996365e-01 2.426655e-02 -3.325067e-02 9.356167e-01 2.426748e-03 3.530093e-01 5.233794e+00
2.977517e-01 2.999078e-02 -9.541721e-01 -4.911075e+00 -9.323251e-03 9.995501e-01 2.850773e-02 -2.945435e-02 9.545979e-01 4.077656e-04 2.978973e-01 5.302451e+00
1.928119e-01 3.260781e-02 -9.806938e-01 -5.701357e+00 -2.205280e-03 9.994595e-01 3.279820e-02 -2.303083e-02 9.812333e-01 -4.161174e-03 1.927796e-01 5.401694e+00
1.020609e-01 3.392393e-02 -9.941995e-01 -6.558994e+00 -6.144850e-03 9.994208e-01 3.347129e-02 -5.757046e-03 9.947592e-01 2.693100e-03 1.022102e-01 5.427674e+00
-2.721994e-03 2.726005e-02 -9.996247e-01 -7.950411e+00 -5.718749e-03 9.996116e-01 2.727527e-02 2.306424e-02 9.999800e-01 5.790849e-03 -2.565041e-03 5.389282e+00
-2.964894e-02 2.550783e-02 -9.992348e-01 -8.444612e+00 -6.326376e-03 9.996495e-01 2.570614e-02 3.066422e-02 9.995404e-01 7.083698e-03 -2.947717e-02 5.353644e+00
-5.091764e-02 2.313000e-02 -9.984350e-01 -8.953007e+00 -6.820021e-03 9.997004e-01 2.350713e-02 4.057477e-02 9.986796e-01 8.006278e-03 -5.074464e-02 5.310729e+00
-8.060838e-02 2.217432e-02 -9.964992e-01 -1.002302e+01 -5.344046e-03 9.997285e-01 2.267848e-02 6.141731e-02 9.967316e-01 7.153416e-03 -8.046799e-02 5.211227e+00
-9.045247e-02 2.383599e-02 -9.956155e-01 -1.057921e+01 -6.387145e-03 9.996791e-01 2.451356e-02 6.596199e-02 9.958803e-01 8.576455e-03 -9.027120e-02 5.153075e+00
-9.725791e-02 2.540281e-02 -9.949350e-01 -1.115274e+01 -8.559783e-03 9.996159e-01 2.635907e-02 6.936405e-02 9.952224e-01 1.108006e-02 -9.700311e-02 5.088360e+00
-1.028278e-01 2.847192e-02 -9.942916e-01 -1.296427e+01 -3.919262e-03 9.995709e-01 2.902843e-02 1.026715e-01 9.946915e-01 6.881821e-03 -1.026721e-01 4.901812e+00
-1.013578e-01 3.126980e-02 -9.943585e-01 -1.360015e+01 -4.596263e-03 9.994805e-01 3.189940e-02 1.095163e-01 9.948395e-01 7.803588e-03 -1.011614e-01 4.835681e+00
-9.950488e-02 3.165295e-02 -9.945335e-01 -1.425164e+01 -7.042716e-03 9.994464e-01 3.251396e-02 1.178242e-01 9.950122e-01 1.023952e-02 -9.922688e-02 4.767225e+00
-9.786425e-02 2.880843e-02 -9.947827e-01 -1.491341e+01 -8.778970e-03 9.995170e-01 2.980919e-02 1.296149e-01 9.951611e-01 1.165042e-02 -9.756407e-02 4.697363e+00
-9.324592e-02 3.432541e-02 -9.950512e-01 -1.700478e+01 -9.606841e-03 9.993280e-01 3.537320e-02 1.770188e-01 9.955968e-01 1.285771e-02 -9.285350e-02 4.494630e+00
-9.143352e-02 3.749733e-02 -9.951049e-01 -1.773322e+01 -1.072094e-02 9.991958e-01 3.863657e-02 1.905594e-01 9.957535e-01 1.420114e-02 -9.095798e-02 4.426532e+00
-8.963018e-02 3.633795e-02 -9.953120e-01 -1.847183e+01 -1.191924e-02 9.992235e-01 3.755412e-02 2.092753e-01 9.959038e-01 1.522934e-02 -8.912746e-02 4.359249e+00
-8.620014e-02 3.252667e-02 -9.957467e-01 -1.998833e+01 -1.553740e-02 9.993014e-01 3.398785e-02 2.503189e-01 9.961567e-01 1.840107e-02 -8.563454e-02 4.223122e+00
-8.451284e-02 3.487323e-02 -9.958119e-01 -2.077310e+01 -1.290088e-02 9.992653e-01 3.608905e-02 2.703516e-01 9.963389e-01 1.589684e-02 -8.400085e-02 4.161929e+00
-8.331618e-02 3.705888e-02 -9.958338e-01 -2.156448e+01 -1.052013e-02 9.992199e-01 3.806506e-02 2.880249e-01 9.964677e-01 1.364774e-02 -8.286132e-02 4.100217e+00
-8.125065e-02 3.526391e-02 -9.960697e-01 -2.316415e+01 -9.827283e-03 9.992970e-01 3.617980e-02 3.216152e-01 9.966453e-01 1.272829e-02 -8.084698e-02 3.971019e+00
-8.074505e-02 2.784209e-02 -9.963458e-01 -2.396950e+01 -8.508473e-03 9.995541e-01 2.862128e-02 3.342058e-01 9.966985e-01 1.078841e-02 -8.047215e-02 3.908970e+00
-8.068463e-02 2.317276e-02 -9.964703e-01 -2.478947e+01 -5.031547e-03 9.997075e-01 2.365546e-02 3.492536e-01 9.967270e-01 6.922422e-03 -8.054443e-02 3.849052e+00
-8.098689e-02 3.123790e-02 -9.962255e-01 -2.646136e+01 -4.490308e-03 9.994872e-01 3.170522e-02 3.717697e-01 9.967051e-01 7.041069e-03 -8.080509e-02 3.716343e+00
-8.132601e-02 3.806049e-02 -9.959606e-01 -2.730755e+01 -5.642357e-03 9.992370e-01 3.864644e-02 3.854991e-01 9.966716e-01 8.762529e-03 -8.104921e-02 3.644752e+00
-8.204879e-02 4.465936e-02 -9.956272e-01 -2.899762e+01 -9.387220e-03 9.989165e-01 4.558051e-02 4.194172e-01 9.965841e-01 1.308600e-02 -8.154066e-02 3.492898e+00
-8.290210e-02 3.805547e-02 -9.958308e-01 -3.067424e+01 -9.508351e-03 9.991949e-01 3.897560e-02 4.566603e-01 9.965124e-01 1.269987e-02 -8.247351e-02 3.346046e+00
-8.269813e-02 4.194649e-02 -9.956915e-01 -3.235442e+01 -1.214292e-02 9.989972e-01 4.309431e-02 4.917256e-01 9.965007e-01 1.565442e-02 -8.210584e-02 3.198821e+00
-8.231200e-02 3.566380e-02 -9.959683e-01 -3.402626e+01 -1.376549e-02 9.992235e-01 3.691803e-02 5.241899e-01 9.965116e-01 1.674879e-02 -8.175715e-02 3.051261e+00
-8.151395e-02 3.157687e-02 -9.961718e-01 -3.569639e+01 -1.501861e-02 9.993456e-01 3.290641e-02 5.500320e-01 9.965591e-01 1.764345e-02 -8.098637e-02 2.910621e+00
-8.028235e-02 3.893236e-02 -9.960115e-01 -3.737375e+01 -1.355742e-02 9.991018e-01 4.014595e-02 5.707777e-01 9.966800e-01 1.672636e-02 -7.968242e-02 2.775070e+00
-7.980664e-02 4.835639e-02 -9.956367e-01 -3.904918e+01 -1.285875e-02 9.986896e-01 4.953538e-02 6.055646e-01 9.967275e-01 1.675590e-02 -7.908026e-02 2.638855e+00
-7.935204e-02 4.425698e-02 -9.958637e-01 -4.071171e+01 -1.242385e-02 9.988924e-01 4.538155e-02 6.464858e-01 9.967693e-01 1.597358e-02 -7.871431e-02 2.504806e+00
-7.862370e-02 3.683575e-02 -9.962236e-01 -4.236520e+01 -1.711449e-02 9.991199e-01 3.829356e-02 6.807227e-01 9.967575e-01 2.006064e-02 -7.792408e-02 2.363072e+00
-7.976546e-02 3.312770e-02 -9.962630e-01 -4.401519e+01 -1.910751e-02 9.992131e-01 3.475564e-02 7.092788e-01 9.966305e-01 2.180841e-02 -7.906970e-02 2.223683e+00
-8.168221e-02 2.762876e-02 -9.962754e-01 -4.566121e+01 -1.115209e-02 9.995277e-01 2.863330e-02 7.331961e-01 9.965961e-01 1.344938e-02 -8.133552e-02 2.096619e+00
-8.506616e-02 3.760111e-02 -9.956655e-01 -4.730744e+01 -8.393766e-03 9.992251e-01 3.845268e-02 7.534145e-01 9.963400e-01 1.162841e-02 -8.468463e-02 1.959122e+00
-8.855103e-02 4.048818e-02 -9.952484e-01 -4.893314e+01 -5.319431e-03 9.991400e-01 4.111980e-02 7.767209e-01 9.960575e-01 8.935358e-03 -8.825951e-02 1.820295e+00
-9.088125e-02 3.306855e-02 -9.953125e-01 -5.053252e+01 -1.334325e-02 9.993184e-01 3.442002e-02 7.989932e-01 9.957724e-01 1.640884e-02 -9.037806e-02 1.659366e+00
-9.301301e-02 3.268320e-02 -9.951283e-01 -5.212276e+01 -1.993854e-02 9.991995e-01 3.468054e-02 8.219496e-01 9.954653e-01 2.306714e-02 -9.228690e-02 1.493752e+00
-9.489148e-02 3.383215e-02 -9.949125e-01 -5.370196e+01 -2.126901e-02 9.991253e-01 3.600398e-02 8.419538e-01 9.952604e-01 2.457727e-02 -9.408890e-02 1.337479e+00
-9.600787e-02 3.526470e-02 -9.947557e-01 -5.526303e+01 -2.088946e-02 9.990807e-01 3.743416e-02 8.601357e-01 9.951614e-01 2.437388e-02 -9.518295e-02 1.184702e+00
-9.631614e-02 3.786491e-02 -9.946303e-01 -5.603808e+01 -1.966748e-02 9.990086e-01 3.993612e-02 8.696735e-01 9.951565e-01 2.340836e-02 -9.547595e-02 1.110756e+00
-9.679243e-02 4.476912e-02 -9.942972e-01 -5.757460e+01 -2.017706e-02 9.986943e-01 4.693131e-02 8.957003e-01 9.951001e-01 2.460459e-02 -9.576274e-02 9.565390e-01
-9.751230e-02 4.461774e-02 -9.942337e-01 -5.833039e+01 -1.973636e-02 9.987114e-01 4.675439e-02 9.106542e-01 9.950386e-01 2.418168e-02 -9.650605e-02 8.830630e-01
-9.795446e-02 4.283838e-02 -9.942685e-01 -5.907759e+01 -1.906692e-02 9.988089e-01 4.491248e-02 9.234551e-01 9.950083e-01 2.335701e-02 -9.702100e-02 8.100074e-01
-9.446826e-02 3.336158e-02 -9.949687e-01 -6.194033e+01 -2.166315e-02 9.991328e-01 3.555804e-02 9.565112e-01 9.952922e-01 2.491326e-02 -9.366362e-02 5.237598e-01
-9.065597e-02 3.447304e-02 -9.952854e-01 -6.262022e+01 -2.266347e-02 9.990704e-01 3.666846e-02 9.607290e-01 9.956244e-01 2.588084e-02 -8.979042e-02 4.617179e-01
-8.478874e-02 3.562920e-02 -9.957617e-01 -6.328551e+01 -2.179694e-02 9.990550e-01 3.760305e-02 9.654748e-01 9.961605e-01 2.489288e-02 -8.393200e-02 4.088407e-01
-7.769131e-02 3.737607e-02 -9.962766e-01 -6.393546e+01 -2.099037e-02 9.990142e-01 3.911565e-02 9.696725e-01 9.967565e-01 2.395116e-02 -7.683019e-02 3.622951e-01
-5.715155e-02 4.050175e-02 -9.975436e-01 -6.518991e+01 -2.428573e-02 9.988247e-01 4.194516e-02 9.801827e-01 9.980701e-01 2.662331e-02 -5.610077e-02 2.859581e-01
-4.271090e-02 4.211609e-02 -9.981994e-01 -6.579136e+01 -2.736683e-02 9.986869e-01 4.330764e-02 9.882448e-01 9.987126e-01 2.916726e-02 -4.150223e-02 2.627668e-01
5.165759e-02 4.439305e-02 -9.976777e-01 -6.799052e+01 -2.852108e-02 9.986696e-01 4.296044e-02 1.013813e+00 9.982575e-01 2.623562e-02 5.285500e-02 3.455598e-01
8.536048e-02 4.448258e-02 -9.953566e-01 -6.848214e+01 -2.750150e-02 9.987274e-01 4.227474e-02 1.016477e+00 9.959705e-01 2.376521e-02 8.647519e-02 4.164808e-01
1.227573e-01 4.458956e-02 -9.914345e-01 -6.895412e+01 -2.686321e-02 9.987734e-01 4.159349e-02 1.019824e+00 9.920731e-01 2.152721e-02 1.238045e-01 5.048813e-01
4.589753e-01 2.786762e-02 -8.880119e-01 -7.181419e+01 -4.383319e-03 9.995668e-01 2.910289e-02 1.040291e+00 8.884383e-01 -9.465065e-03 4.588986e-01 1.753829e+00
5.520074e-01 2.262555e-02 -8.335322e-01 -7.250742e+01 4.001910e-03 9.995484e-01 2.978219e-02 1.049184e+00 8.338297e-01 -1.977570e-02 5.516675e-01 2.296944e+00
6.381226e-01 1.052786e-02 -7.698628e-01 -7.310855e+01 1.763745e-02 9.994442e-01 2.828668e-02 1.052214e+00 7.697328e-01 -3.162878e-02 6.375822e-01 2.908665e+00
7.198790e-01 -1.153949e-03 -6.940987e-01 -7.365932e+01 1.134516e-02 9.998846e-01 1.010422e-02 1.056081e+00 6.940069e-01 -1.514848e-02 7.198090e-01 3.554385e+00
8.310408e-01 -8.059018e-03 -5.561530e-01 -7.440171e+01 6.588534e-03 9.999675e-01 -4.645155e-03 1.057076e+00 5.561724e-01 1.960829e-04 8.310669e-01 4.718510e+00
8.620977e-01 -7.374496e-03 -5.066885e-01 -7.461515e+01 4.114510e-03 9.999630e-01 -7.553191e-03 1.053457e+00 5.067255e-01 4.426815e-03 8.620961e-01 5.155827e+00
8.886387e-01 -5.432656e-03 -4.585759e-01 -7.482560e+01 3.165614e-03 9.999786e-01 -5.712150e-03 1.044844e+00 4.585971e-01 3.624365e-03 8.886369e-01 5.623155e+00
9.103879e-01 1.247129e-04 -4.137557e-01 -7.501816e+01 -2.268793e-03 9.999864e-01 -4.690620e-03 1.038119e+00 4.137495e-01 5.209011e-03 9.103759e-01 6.110247e+00
9.282975e-01 4.418182e-03 -3.718121e-01 -7.520557e+01 -7.412496e-03 9.999506e-01 -6.624412e-03 1.035836e+00 3.717645e-01 8.905481e-03 9.282844e-01 6.618096e+00
9.601292e-01 9.160134e-03 -2.794067e-01 -7.569196e+01 -1.017334e-02 9.999459e-01 -2.176331e-03 1.010452e+00 2.793717e-01 4.932060e-03 9.601704e-01 8.281091e+00
9.661414e-01 8.961543e-03 -2.578573e-01 -7.583698e+01 -9.326138e-03 9.999565e-01 -1.908557e-04 1.004688e+00 2.578444e-01 2.589208e-03 9.661830e-01 8.874404e+00
9.708685e-01 1.164663e-02 -2.393295e-01 -7.598069e+01 -1.133083e-02 9.999321e-01 2.695421e-03 9.966334e-01 2.393447e-01 9.490508e-05 9.709347e-01 9.486418e+00
9.775062e-01 2.013451e-02 -2.099436e-01 -7.625804e+01 -1.939283e-02 9.997963e-01 5.591008e-03 9.812746e-01 2.100134e-01 -1.393842e-03 9.776975e-01 1.075522e+01
9.829611e-01 1.830401e-02 -1.828999e-01 -7.649294e+01 -1.770182e-02 9.998312e-01 4.924682e-03 9.734490e-01 1.829592e-01 -1.603108e-03 9.831192e-01 1.209150e+01
9.855730e-01 1.863308e-02 -1.682221e-01 -7.660203e+01 -1.798644e-02 9.998238e-01 5.367037e-03 9.705966e-01 1.682925e-01 -2.263888e-03 9.857345e-01 1.278422e+01
9.879063e-01 1.985395e-02 -1.537755e-01 -7.670271e+01 -1.919323e-02 9.997991e-01 5.780145e-03 9.650851e-01 1.538594e-01 -2.758791e-03 9.880889e-01 1.349407e+01
9.913422e-01 2.118524e-02 -1.295831e-01 -7.688462e+01 -2.151281e-02 9.997679e-01 -1.128479e-03 9.437305e-01 1.295291e-01 3.906406e-03 9.915679e-01 1.494545e+01
9.935925e-01 1.788793e-02 -1.115977e-01 -7.704091e+01 -1.906292e-02 9.997734e-01 -9.470564e-03 9.267552e-01 1.114030e-01 1.153726e-02 9.937084e-01 1.644684e+01
9.943126e-01 1.972079e-02 -1.046592e-01 -7.711873e+01 -2.014681e-02 9.997925e-01 -3.014790e-03 9.133109e-01 1.045780e-01 5.106192e-03 9.945036e-01 1.721856e+01
9.947552e-01 2.430267e-02 -9.935508e-02 -7.719881e+01 -2.389875e-02 9.997006e-01 5.253839e-03 8.975356e-01 9.945301e-02 -2.851820e-03 9.950382e-01 1.799359e+01
9.955248e-01 2.343596e-02 -9.154850e-02 -7.733723e+01 -2.275392e-02 9.997050e-01 8.486912e-03 8.765600e-01 9.172041e-02 -6.365842e-03 9.957645e-01 1.953401e+01
9.958152e-01 2.366515e-02 -8.827304e-02 -7.740244e+01 -2.309353e-02 9.997052e-01 7.491474e-03 8.673710e-01 8.842431e-02 -5.421586e-03 9.960682e-01 2.030151e+01
9.961043e-01 2.209172e-02 -8.537129e-02 -7.746374e+01 -2.137124e-02 9.997279e-01 9.344273e-03 8.595219e-01 8.555450e-02 -7.483377e-03 9.963054e-01 2.107246e+01
9.963535e-01 2.020556e-02 -8.289442e-02 -7.752113e+01 -1.925622e-02 9.997397e-01 1.223602e-02 8.514204e-01 8.312008e-02 -1.059517e-02 9.964832e-01 2.184296e+01
9.968839e-01 1.707070e-02 -7.701412e-02 -7.762210e+01 -1.623422e-02 9.998023e-01 1.147455e-02 8.279106e-01 7.719478e-02 -1.018853e-02 9.969640e-01 2.337766e+01
9.970950e-01 2.005108e-02 -7.348164e-02 -7.773420e+01 -2.039302e-02 9.997844e-01 -3.906001e-03 8.046718e-01 7.338749e-02 5.393166e-03 9.972889e-01 2.489811e+01
9.971687e-01 2.063475e-02 -7.231107e-02 -7.778961e+01 -2.132267e-02 9.997343e-01 -8.754247e-03 7.903154e-01 7.211122e-02 1.027133e-02 9.973437e-01 2.565478e+01
9.973626e-01 2.544213e-02 -6.797409e-02 -7.790878e+01 -2.571467e-02 9.996644e-01 -3.137224e-03 7.508496e-01 6.787147e-02 4.876881e-03 9.976822e-01 2.718067e+01
9.976148e-01 2.726027e-02 -6.341609e-02 -7.802007e+01 -2.705552e-02 9.996256e-01 4.085521e-03 7.137060e-01 6.350372e-02 -2.360019e-03 9.979788e-01 2.869200e+01
9.978606e-01 2.223991e-02 -6.147886e-02 -7.810970e+01 -2.201720e-02 9.997483e-01 4.297682e-03 6.798769e-01 6.155897e-02 -2.934894e-03 9.980991e-01 3.019277e+01
9.980139e-01 2.011648e-02 -5.969513e-02 -7.819810e+01 -2.011991e-02 9.997974e-01 5.437240e-04 6.476766e-01 5.969397e-02 6.584171e-04 9.982165e-01 3.170130e+01
9.980745e-01 2.157565e-02 -5.815252e-02 -7.829498e+01 -2.151672e-02 9.997671e-01 1.639538e-03 6.149092e-01 5.817435e-02 -3.851293e-04 9.983064e-01 3.323079e+01
9.979711e-01 2.159270e-02 -5.989508e-02 -7.839928e+01 -2.159192e-02 9.997666e-01 6.603379e-04 5.789981e-01 5.989536e-02 6.342523e-04 9.982045e-01 3.477685e+01
9.976774e-01 2.011746e-02 -6.507739e-02 -7.850718e+01 -2.011485e-02 9.997974e-01 6.953249e-04 5.473641e-01 6.507820e-02 6.153131e-04 9.978800e-01 3.634754e+01
9.971704e-01 2.553434e-02 -7.070529e-02 -7.863617e+01 -2.581427e-02 9.996621e-01 -3.047894e-03 5.110168e-01 7.060358e-02 4.864475e-03 9.974926e-01 3.793752e+01
9.968668e-01 2.420540e-02 -7.530350e-02 -7.876270e+01 -2.494465e-02 9.996493e-01 -8.891721e-03 4.825696e-01 7.506187e-02 1.074228e-02 9.971210e-01 3.954602e+01
9.966769e-01 2.519982e-02 -7.746066e-02 -7.882862e+01 -2.586973e-02 9.996360e-01 -7.656899e-03 4.646182e-01 7.723952e-02 9.635340e-03 9.969660e-01 4.036454e+01
9.964140e-01 2.263245e-02 -8.152874e-02 -7.895989e+01 -2.312866e-02 9.997192e-01 -5.146836e-03 4.339025e-01 8.138937e-02 7.014029e-03 9.966577e-01 4.203064e+01
9.962742e-01 2.183304e-02 -8.343279e-02 -7.910034e+01 -2.163733e-02 9.997606e-01 3.249453e-03 4.039919e-01 8.348377e-02 -1.432082e-03 9.965081e-01 4.372474e+01
9.964057e-01 2.536308e-02 -8.082327e-02 -7.924668e+01 -2.496686e-02 9.996708e-01 5.909382e-03 3.756583e-01 8.094655e-02 -3.870238e-03 9.967109e-01 4.543863e+01
9.967286e-01 2.305048e-02 -7.746535e-02 -7.938492e+01 -2.293337e-02 9.997341e-01 2.401242e-03 3.498958e-01 7.750011e-02 -6.168441e-04 9.969922e-01 4.716296e+01
9.969335e-01 1.893559e-02 -7.592862e-02 -7.944527e+01 -1.895157e-02 9.998202e-01 5.102881e-04 3.344377e-01 7.592464e-02 9.302438e-04 9.971131e-01 4.803166e+01
9.972126e-01 1.581570e-02 -7.291775e-02 -7.957376e+01 -1.565802e-02 9.998736e-01 2.733572e-03 3.027919e-01 7.295177e-02 -1.584204e-03 9.973342e-01 4.977895e+01
9.973040e-01 1.270520e-02 -7.227324e-02 -7.963392e+01 -1.234224e-02 9.999089e-01 5.466448e-03 2.867505e-01 7.233611e-02 -4.559694e-03 9.973699e-01 5.065630e+01
9.974314e-01 1.336104e-02 -7.037133e-02 -7.976468e+01 -1.315987e-02 9.999079e-01 3.321583e-03 2.574406e-01 7.040924e-02 -2.386972e-03 9.975153e-01 5.239664e+01
9.974391e-01 1.598027e-02 -6.971308e-02 -7.983358e+01 -1.619357e-02 9.998657e-01 -2.495506e-03 2.408602e-01 6.966385e-02 3.618019e-03 9.975640e-01 5.325480e+01
9.974312e-01 2.221504e-02 -6.809873e-02 -7.996964e+01 -2.324070e-02 9.996275e-01 -1.430614e-02 1.922996e-01 6.775555e-02 1.585205e-02 9.975760e-01 5.496562e+01
9.975764e-01 1.936231e-02 -6.683203e-02 -8.009273e+01 -2.008845e-02 9.997460e-01 -1.021019e-02 1.408072e-01 6.661737e-02 1.152800e-02 9.977120e-01 5.667063e+01
9.974598e-01 2.043472e-02 -6.823714e-02 -8.022244e+01 -1.982576e-02 9.997574e-01 9.589694e-03 9.233457e-02 6.841656e-02 -8.212479e-03 9.976230e-01 5.837775e+01
9.972626e-01 1.027044e-02 -7.322438e-02 -8.033871e+01 -1.012140e-02 9.999459e-01 2.406207e-03 5.914325e-02 7.324513e-02 -1.658486e-03 9.973126e-01 6.004264e+01
9.970686e-01 9.839836e-03 -7.587720e-02 -8.040305e+01 -9.745675e-03 9.999512e-01 1.611168e-03 4.000654e-02 7.588935e-02 -8.669694e-04 9.971159e-01 6.087223e+01
9.965538e-01 1.302843e-02 -8.191992e-02 -8.054972e+01 -1.342493e-02 9.999006e-01 -4.291024e-03 -3.742664e-03 8.185588e-02 5.376005e-03 9.966297e-01 6.251365e+01
9.962044e-01 1.356199e-02 -8.598214e-02 -8.062089e+01 -1.429631e-02 9.998663e-01 -7.930284e-03 -2.632294e-02 8.586311e-02 9.129410e-03 9.962651e-01 6.332787e+01
9.959022e-01 1.469750e-02 -8.923512e-02 -8.069604e+01 -1.586026e-02 9.997981e-01 -1.233511e-02 -5.452812e-02 8.903581e-02 1.369985e-02 9.959342e-01 6.413629e+01
9.955324e-01 2.018083e-02 -9.223929e-02 -8.077810e+01 -2.133438e-02 9.997058e-01 -1.153712e-02 -8.379998e-02 9.197933e-02 1.345344e-02 9.956700e-01 6.494508e+01
9.951360e-01 2.300598e-02 -9.578676e-02 -8.085967e+01 -2.409303e-02 9.996576e-01 -1.020740e-02 -1.090773e-01 9.551914e-02 1.246554e-02 9.953495e-01 6.575279e+01
9.946717e-01 2.644463e-02 -9.964404e-02 -8.094518e+01 -2.706427e-02 9.996218e-01 -4.871640e-03 -1.360470e-01 9.947753e-02 7.542475e-03 9.950112e-01 6.655929e+01
9.942522e-01 2.749508e-02 -1.034727e-01 -8.103408e+01 -2.742471e-02 9.996216e-01 2.103045e-03 -1.573834e-01 1.034913e-01 7.467515e-04 9.946301e-01 6.736350e+01
9.937512e-01 2.685355e-02 -1.083396e-01 -8.112341e+01 -2.642608e-02 9.996363e-01 5.379751e-03 -1.755819e-01 1.084446e-01 -2.483143e-03 9.940994e-01 6.815999e+01
9.930349e-01 2.640960e-02 -1.148227e-01 -8.121916e+01 -2.589901e-02 9.996469e-01 5.936642e-03 -1.913565e-01 1.149389e-01 -2.921497e-03 9.933683e-01 6.894880e+01
9.923841e-01 2.388637e-02 -1.208442e-01 -8.131685e+01 -2.290157e-02 9.996923e-01 9.531912e-03 -2.042169e-01 1.210347e-01 -6.691793e-03 9.926257e-01 6.973955e+01
9.906752e-01 2.878540e-02 -1.331689e-01 -8.154226e+01 -2.781246e-02 9.995712e-01 9.160900e-03 -2.305564e-01 1.333755e-01 -5.371720e-03 9.910510e-01 7.129191e+01
9.898411e-01 3.060365e-02 -1.388453e-01 -8.166368e+01 -3.013394e-02 9.995308e-01 5.484427e-03 -2.426308e-01 1.389480e-01 -1.244755e-03 9.902989e-01 7.205943e+01
9.889858e-01 2.968952e-02 -1.450022e-01 -8.178344e+01 -2.963715e-02 9.995575e-01 2.521779e-03 -2.550723e-01 1.450129e-01 1.803450e-03 9.894281e-01 7.282193e+01
9.881343e-01 3.153952e-02 -1.503194e-01 -8.191089e+01 -3.159826e-02 9.994986e-01 1.998407e-03 -2.691768e-01 1.503071e-01 2.775138e-03 9.886355e-01 7.358474e+01
9.873798e-01 3.326103e-02 -1.548380e-01 -8.204910e+01 -3.277161e-02 9.994465e-01 5.713068e-03 -2.836517e-01 1.549424e-01 -5.666748e-04 9.879234e-01 7.434335e+01
9.853626e-01 3.400571e-02 -1.670456e-01 -8.232699e+01 -3.223878e-02 9.993920e-01 1.327876e-02 -3.160459e-01 1.673956e-01 -7.699045e-03 9.858598e-01 7.585198e+01
9.842290e-01 3.187628e-02 -1.740035e-01 -8.246709e+01 -3.058414e-02 9.994811e-01 1.010295e-02 -3.273793e-01 1.742353e-01 -4.621867e-03 9.846932e-01 7.659470e+01
9.827805e-01 2.892232e-02 -1.824992e-01 -8.261416e+01 -2.899126e-02 9.995770e-01 2.290686e-03 -3.380953e-01 1.824882e-01 3.039639e-03 9.832033e-01 7.733161e+01
9.789754e-01 2.717525e-02 -2.021601e-01 -8.293034e+01 -2.694436e-02 9.996293e-01 3.894513e-03 -3.753983e-01 2.021910e-01 1.634442e-03 9.793448e-01 7.880777e+01
9.766120e-01 2.610930e-02 -2.134180e-01 -8.310119e+01 -2.486657e-02 9.996546e-01 8.505821e-03 -3.866320e-01 2.135664e-01 -2.999910e-03 9.769240e-01 7.954411e+01
9.712876e-01 2.949127e-02 -2.360734e-01 -8.346726e+01 -2.505677e-02 9.994491e-01 2.176316e-02 -4.083909e-01 2.365852e-01 -1.522305e-02 9.714915e-01 8.101060e+01
9.651691e-01 3.120823e-02 -2.597589e-01 -8.385643e+01 -3.033783e-02 9.995126e-01 7.360235e-03 -4.258951e-01 2.598620e-01 7.766520e-04 9.656455e-01 8.243070e+01
9.583100e-01 2.728584e-02 -2.844247e-01 -8.426582e+01 -2.654382e-02 9.996267e-01 6.463758e-03 -4.288742e-01 2.844949e-01 1.355435e-03 9.586766e-01 8.386239e+01
9.511074e-01 3.068897e-02 -3.073318e-01 -8.472751e+01 -2.552079e-02 9.994574e-01 2.082214e-02 -4.424402e-01 3.078041e-01 -1.196073e-02 9.513746e-01 8.530299e+01
9.430702e-01 2.468379e-02 -3.316766e-01 -8.521230e+01 -2.123288e-02 9.996762e-01 1.402483e-02 -4.477484e-01 3.319154e-01 -6.183949e-03 9.432889e-01 8.671556e+01
9.371067e-01 1.714544e-02 -3.486217e-01 -8.572668e+01 -1.775628e-02 9.998413e-01 1.443362e-03 -4.633066e-01 3.485911e-01 4.837642e-03 9.372624e-01 8.811804e+01
9.312646e-01 2.180425e-02 -3.636906e-01 -8.628029e+01 -2.362202e-02 9.997208e-01 -5.504198e-04 -4.872714e-01 3.635771e-01 9.103693e-03 9.315197e-01 8.952111e+01
9.249334e-01 2.313847e-02 -3.794244e-01 -8.686039e+01 -2.178644e-02 9.997317e-01 7.857321e-03 -4.833979e-01 3.795045e-01 9.988106e-04 9.251894e-01 9.091809e+01
9.193440e-01 3.416534e-02 -3.919686e-01 -8.747632e+01 -2.709705e-02 9.993553e-01 2.355242e-02 -4.825025e-01 3.925206e-01 -1.103158e-02 9.196771e-01 9.231850e+01
9.142241e-01 3.856213e-02 -4.033699e-01 -8.811795e+01 -3.615563e-02 9.992538e-01 1.358310e-02 -4.680556e-01 4.035928e-01 2.166101e-03 9.149362e-01 9.368698e+01
9.103967e-01 3.049936e-02 -4.126108e-01 -8.874901e+01 -3.152904e-02 9.994935e-01 4.313954e-03 -4.631796e-01 4.125334e-01 9.081815e-03 9.108972e-01 9.506817e+01
9.057833e-01 4.006249e-02 -4.218431e-01 -8.941637e+01 -3.736374e-02 9.991941e-01 1.466603e-02 -4.736535e-01 4.220907e-01 2.477394e-03 9.065502e-01 9.646571e+01
9.012369e-01 3.463436e-02 -4.319404e-01 -9.008495e+01 -3.478352e-02 9.993663e-01 7.557112e-03 -4.847031e-01 4.319284e-01 8.213660e-03 9.018705e-01 9.784976e+01
8.990019e-01 3.151276e-02 -4.368096e-01 -9.042665e+01 -3.495250e-02 9.993889e-01 1.628784e-04 -4.875902e-01 4.365478e-01 1.512116e-02 8.995540e-01 9.853474e+01
8.966246e-01 3.188904e-02 -4.416416e-01 -9.077493e+01 -3.638479e-02 9.993364e-01 -1.710908e-03 -4.958138e-01 4.412940e-01 1.760308e-02 8.971899e-01 9.921955e+01
8.945911e-01 3.566952e-02 -4.454599e-01 -9.113104e+01 -3.821885e-02 9.992640e-01 3.261876e-03 -5.064823e-01 4.452484e-01 1.410692e-02 8.952960e-01 9.990950e+01
8.924765e-01 3.705554e-02 -4.495694e-01 -9.148703e+01 -3.875384e-02 9.992340e-01 5.428021e-03 -5.172294e-01 4.494262e-01 1.257816e-02 8.932289e-01 1.005948e+02
8.878868e-01 3.673343e-02 -4.585932e-01 -9.219617e+01 -3.816812e-02 9.992524e-01 6.142706e-03 -5.349382e-01 4.584760e-01 1.204961e-02 8.886251e-01 1.019541e+02
8.857904e-01 3.453353e-02 -4.627988e-01 -9.255294e+01 -3.625907e-02 9.993290e-01 5.169495e-03 -5.434586e-01 4.626668e-01 1.220156e-02 8.864483e-01 1.026273e+02
8.836111e-01 3.434905e-02 -4.669600e-01 -9.291478e+01 -3.563710e-02 9.993463e-01 6.076049e-03 -5.511717e-01 4.668634e-01 1.127223e-02 8.842576e-01 1.032961e+02
8.790575e-01 3.637209e-02 -4.753262e-01 -9.365046e+01 -3.747987e-02 9.992718e-01 7.150149e-03 -5.659964e-01 4.752401e-01 1.152977e-02 8.797806e-01 1.046187e+02
8.766763e-01 3.328006e-02 -4.799282e-01 -9.401507e+01 -3.630651e-02 9.993362e-01 2.977368e-03 -5.767572e-01 4.797088e-01 1.481433e-02 8.773027e-01 1.052674e+02
8.743880e-01 3.013636e-02 -4.842906e-01 -9.438211e+01 -3.517202e-02 9.993804e-01 -1.313869e-03 -5.883920e-01 4.839510e-01 1.818231e-02 8.749062e-01 1.059103e+02
8.722627e-01 2.821580e-02 -4.882229e-01 -9.474824e+01 -3.480935e-02 9.993841e-01 -4.433357e-03 -5.980777e-01 4.877972e-01 2.086177e-02 8.727077e-01 1.065472e+02
8.702813e-01 2.978177e-02 -4.916539e-01 -9.512335e+01 -3.479658e-02 9.993938e-01 -1.055815e-03 -6.050065e-01 4.913244e-01 1.802673e-02 8.707901e-01 1.071878e+02
8.684481e-01 3.401415e-02 -4.946119e-01 -9.549621e+01 -3.470690e-02 9.993672e-01 7.786899e-03 -6.134439e-01 4.945638e-01 1.040393e-02 8.690791e-01 1.078233e+02
8.669419e-01 3.641112e-02 -4.970774e-01 -9.586451e+01 -3.197040e-02 9.993366e-01 1.744294e-02 -6.210034e-01 4.973828e-01 7.697512e-04 8.675309e-01 1.084529e+02
8.654369e-01 3.625525e-02 -4.997044e-01 -9.622320e+01 -2.861616e-02 9.993271e-01 2.294432e-02 -6.251307e-01 5.002000e-01 -5.557237e-03 8.658921e-01 1.090677e+02
8.638730e-01 3.277621e-02 -5.026421e-01 -9.657402e+01 -2.481486e-02 9.994383e-01 2.252282e-02 -6.245992e-01 5.030980e-01 -6.983865e-03 8.642012e-01 1.096683e+02
8.589787e-01 2.761315e-02 -5.112661e-01 -9.760083e+01 -2.319451e-02 9.996181e-01 1.501961e-02 -6.270850e-01 5.114857e-01 -1.042954e-03 8.592912e-01 1.113654e+02
8.563908e-01 2.615873e-02 -5.156651e-01 -9.824175e+01 -2.116463e-02 9.996549e-01 1.556149e-02 -6.324615e-01 5.158942e-01 -2.412857e-03 8.566489e-01 1.124233e+02
8.538736e-01 2.501776e-02 -5.198789e-01 -9.884348e+01 -1.842777e-02 9.996710e-01 1.783982e-02 -6.367940e-01 5.201542e-01 -5.652739e-03 8.540537e-01 1.134056e+02
8.487383e-01 2.004088e-02 -5.284333e-01 -9.991884e+01 -1.744868e-02 9.997988e-01 9.892447e-03 -6.560401e-01 5.285252e-01 8.243642e-04 8.489172e-01 1.151137e+02
8.407253e-01 1.286955e-02 -5.413089e-01 -1.006332e+02 -9.322154e-03 9.999133e-01 9.294257e-03 -6.607942e-01 5.413817e-01 -2.767749e-03 8.407724e-01 1.162046e+02
8.334971e-01 2.250171e-02 -5.520654e-01 -1.010904e+02 -1.674193e-02 9.997401e-01 1.547193e-02 -6.694671e-01 5.522701e-01 -3.653171e-03 8.336572e-01 1.168348e+02
8.252128e-01 3.039574e-02 -5.640034e-01 -1.015060e+02 -1.830069e-02 9.994655e-01 2.708766e-02 -6.722784e-01 5.645254e-01 -1.203143e-02 8.253280e-01 1.174011e+02
7.108736e-01 2.370184e-02 -7.029203e-01 -1.032450e+02 -2.015155e-02 9.997080e-01 1.332970e-02 -6.827537e-01 7.030310e-01 4.689201e-03 7.111437e-01 1.192422e+02
5.382124e-01 4.087249e-02 -8.418176e-01 -1.047330e+02 -2.695693e-02 9.991472e-01 3.127647e-02 -6.537004e-01 8.423781e-01 5.859440e-03 5.388552e-01 1.201137e+02
5.122978e-01 4.558652e-02 -8.575971e-01 -1.049312e+02 -3.112374e-02 9.989197e-01 3.450648e-02 -6.515101e-01 8.582437e-01 9.014040e-03 5.131632e-01 1.201854e+02
4.561354e-01 4.910516e-02 -8.885545e-01 -1.053437e+02 -3.233505e-02 9.987316e-01 3.859496e-02 -6.512383e-01 8.893228e-01 1.112693e-02 4.571446e-01 1.203283e+02
2.697084e-01 3.786323e-02 -9.621973e-01 -1.066408e+02 -2.804717e-02 9.991116e-01 3.145409e-02 -6.251645e-01 9.625335e-01 1.850348e-02 2.705307e-01 1.205994e+02
-3.218362e-02 3.879313e-02 -9.987288e-01 -1.087113e+02 -1.358154e-02 9.991372e-01 3.924666e-02 -5.724405e-01 9.993897e-01 1.482738e-02 -3.162899e-02 1.205308e+02
-1.383601e-01 4.236407e-02 -9.894755e-01 -1.095039e+02 -4.720745e-03 9.990451e-01 4.343391e-02 -5.571731e-01 9.903708e-01 1.068058e-02 -1.380280e-01 1.203764e+02
-1.898080e-01 4.394759e-02 -9.808371e-01 -1.098936e+02 -1.637565e-03 9.989821e-01 4.507750e-02 -5.498158e-01 9.818199e-01 1.016226e-02 -1.895429e-01 1.202526e+02
-2.877480e-01 4.668609e-02 -9.565676e-01 -1.107358e+02 8.279552e-03 9.988950e-01 4.626133e-02 -5.271191e-01 9.576704e-01 5.391657e-03 -2.878166e-01 1.199688e+02
-3.791908e-01 4.985243e-02 -9.239746e-01 -1.116037e+02 1.948819e-02 9.987564e-01 4.588947e-02 -5.003029e-01 9.251133e-01 -6.057272e-04 -3.796907e-01 1.195688e+02
-4.214956e-01 5.129773e-02 -9.053783e-01 -1.120419e+02 2.394144e-02 9.986802e-01 4.543827e-02 -4.860644e-01 9.065144e-01 -2.524024e-03 -4.221675e-01 1.193248e+02
-4.952290e-01 5.263507e-02 -8.671665e-01 -1.129599e+02 2.870388e-02 9.986093e-01 4.422091e-02 -4.518107e-01 8.682882e-01 -2.991566e-03 -4.960512e-01 1.187686e+02
-5.478370e-01 5.099196e-02 -8.350296e-01 -1.138987e+02 2.790612e-02 9.986990e-01 4.267829e-02 -4.140913e-01 8.361195e-01 7.831756e-05 -5.485473e-01 1.181067e+02
-5.663021e-01 4.898964e-02 -8.227405e-01 -1.143790e+02 2.667038e-02 9.987984e-01 4.111539e-02 -4.005528e-01 8.237661e-01 1.340940e-03 -5.669282e-01 1.177492e+02
-5.918390e-01 4.920885e-02 -8.045527e-01 -1.153845e+02 2.658306e-02 9.987834e-01 4.153377e-02 -3.685473e-01 8.056178e-01 3.193840e-03 -5.924271e-01 1.169889e+02
-6.217490e-01 5.159735e-02 -7.815151e-01 -1.175268e+02 2.820515e-02 9.986554e-01 4.349432e-02 -2.939813e-01 7.827086e-01 4.999804e-03 -6.223683e-01 1.152919e+02
-6.296183e-01 5.276167e-02 -7.751110e-01 -1.186599e+02 2.959963e-02 9.985960e-01 4.393067e-02 -2.513318e-01 7.763406e-01 4.716556e-03 -6.302960e-01 1.143662e+02
-6.320345e-01 5.391669e-02 -7.730623e-01 -1.192396e+02 3.084404e-02 9.985364e-01 4.442500e-02 -2.283537e-01 7.743262e-01 4.233769e-03 -6.327725e-01 1.138874e+02
-6.339116e-01 5.397883e-02 -7.715195e-01 -1.204389e+02 3.158847e-02 9.985361e-01 4.390755e-02 -1.816124e-01 7.727602e-01 3.462383e-03 -6.346887e-01 1.128933e+02
-6.353366e-01 5.305633e-02 -7.704106e-01 -1.216870e+02 3.262167e-02 9.985904e-01 4.186835e-02 -1.322116e-01 7.715461e-01 1.468411e-03 -6.361718e-01 1.118577e+02
-6.361552e-01 5.371925e-02 -7.696888e-01 -1.223282e+02 3.279522e-02 9.985543e-01 4.258703e-02 -1.050706e-01 7.708639e-01 1.849851e-03 -6.369972e-01 1.113222e+02
-6.395288e-01 5.599430e-02 -7.667252e-01 -1.242849e+02 3.066053e-02 9.984081e-01 4.734015e-02 -1.867648e-02 7.681555e-01 6.767193e-03 -6.402276e-01 1.096502e+02
-6.405461e-01 5.483645e-02 -7.659593e-01 -1.249562e+02 3.155445e-02 9.984842e-01 4.509543e-02 1.110994e-02 7.672712e-01 4.716275e-03 -6.413055e-01 1.090798e+02
-6.413875e-01 5.432909e-02 -7.652911e-01 -1.256369e+02 3.253119e-02 9.985183e-01 4.362198e-02 4.221843e-02 7.665271e-01 3.082760e-03 -6.422045e-01 1.085006e+02
-6.423178e-01 5.530909e-02 -7.644401e-01 -1.263320e+02 3.475676e-02 9.984687e-01 4.303742e-02 7.133427e-02 7.656500e-01 1.074243e-03 -6.432566e-01 1.079136e+02
-6.443445e-01 5.487375e-02 -7.627641e-01 -1.277453e+02 3.718315e-02 9.984906e-01 4.042165e-02 1.250424e-01 7.638309e-01 -2.316499e-03 -6.454123e-01 1.067132e+02
-6.454794e-01 5.165757e-02 -7.620288e-01 -1.284619e+02 3.704776e-02 9.986533e-01 3.631682e-02 1.484347e-01 7.628787e-01 -4.789697e-03 -6.465239e-01 1.061014e+02
-6.463785e-01 4.518995e-02 -7.616775e-01 -1.299193e+02 3.281356e-02 9.989674e-01 3.142186e-02 1.835941e-01 7.623111e-01 -4.682937e-03 -6.471939e-01 1.048515e+02
-6.462990e-01 4.543464e-02 -7.617305e-01 -1.306623e+02 3.133869e-02 9.989640e-01 3.299517e-02 1.979002e-01 7.624405e-01 -2.546888e-03 -6.470533e-01 1.042149e+02
-6.463919e-01 4.990347e-02 -7.613719e-01 -1.321648e+02 3.161416e-02 9.987536e-01 3.862258e-02 2.318873e-01 7.623504e-01 8.951891e-04 -6.471639e-01 1.029386e+02
-6.464693e-01 5.240601e-02 -7.611380e-01 -1.329234e+02 3.311670e-02 9.986253e-01 4.063002e-02 2.513658e-01 7.622210e-01 1.059678e-03 -6.473161e-01 1.023035e+02
-6.465548e-01 5.418809e-02 -7.609405e-01 -1.344357e+02 3.422569e-02 9.985301e-01 4.202650e-02 2.900097e-01 7.620994e-01 1.128723e-03 -6.474591e-01 1.010301e+02
-6.467717e-01 5.405138e-02 -7.607659e-01 -1.359465e+02 3.255466e-02 9.985329e-01 4.326781e-02 3.298425e-01 7.619886e-01 3.217921e-03 -6.475825e-01 9.975107e+01
-6.470020e-01 5.587287e-02 -7.604384e-01 -1.374685e+02 3.236215e-02 9.984251e-01 4.582425e-02 3.680159e-01 7.618013e-01 5.038959e-03 -6.477912e-01 9.846944e+01
-6.479718e-01 5.568539e-02 -7.596260e-01 -1.389901e+02 3.346596e-02 9.984422e-01 4.464521e-02 4.148069e-01 7.609288e-01 3.507227e-03 -6.488260e-01 9.718269e+01
-6.493896e-01 5.616798e-02 -7.583788e-01 -1.405111e+02 3.459986e-02 9.984181e-01 4.431870e-02 4.529559e-01 7.596684e-01 2.540305e-03 -6.503057e-01 9.590422e+01
-6.502005e-01 5.565784e-02 -7.577212e-01 -1.412656e+02 3.405124e-02 9.984457e-01 4.412073e-02 4.726101e-01 7.589992e-01 2.885982e-03 -6.510851e-01 9.526259e+01
-6.507781e-01 5.470254e-02 -7.572949e-01 -1.420208e+02 3.337598e-02 9.984982e-01 4.344417e-02 4.912744e-01 7.585341e-01 2.997059e-03 -6.516265e-01 9.462044e+01
-6.512026e-01 5.277174e-02 -7.570669e-01 -1.435294e+02 3.182284e-02 9.986007e-01 4.223510e-02 5.274135e-01 7.582364e-01 3.411590e-03 -6.519708e-01 9.333700e+01
-6.511605e-01 5.114720e-02 -7.572146e-01 -1.442862e+02 2.855639e-02 9.986712e-01 4.289993e-02 5.445632e-01 7.584026e-01 6.311429e-03 -6.517558e-01 9.269067e+01
-6.503822e-01 5.036423e-02 -7.579356e-01 -1.450409e+02 2.708532e-02 9.987026e-01 4.312121e-02 5.612957e-01 7.591241e-01 7.516344e-03 -6.509026e-01 9.204892e+01
-6.494136e-01 4.861105e-02 -7.588801e-01 -1.457940e+02 2.603743e-02 9.987909e-01 4.169728e-02 5.779645e-01 7.599896e-01 7.319490e-03 -6.498941e-01 9.141052e+01
-6.480610e-01 4.603184e-02 -7.601960e-01 -1.465475e+02 2.412882e-02 9.989116e-01 3.991709e-02 5.937592e-01 7.612061e-01 7.526081e-03 -6.484664e-01 9.077404e+01
-6.465859e-01 4.634081e-02 -7.614323e-01 -1.473072e+02 2.492243e-02 9.989035e-01 3.962995e-02 6.086489e-01 7.624340e-01 6.647426e-03 -6.470319e-01 9.013928e+01
-6.455338e-01 4.889900e-02 -7.621646e-01 -1.480704e+02 2.617218e-02 9.987784e-01 4.191254e-02 6.250373e-01 7.632831e-01 7.108459e-03 -6.460251e-01 8.950321e+01
-6.442557e-01 5.464892e-02 -7.628552e-01 -1.488333e+02 2.896060e-02 9.984717e-01 4.706973e-02 6.468099e-01 7.642616e-01 8.232197e-03 -6.448538e-01 8.887146e+01
-6.432656e-01 6.160484e-02 -7.631607e-01 -1.496005e+02 3.171803e-02 9.980462e-01 5.383057e-02 6.716835e-01 7.649859e-01 1.042140e-02 -6.439628e-01 8.823696e+01
-6.427117e-01 6.393031e-02 -7.634360e-01 -1.503591e+02 3.209023e-02 9.978840e-01 5.654736e-02 6.967564e-01 7.654358e-01 1.184482e-02 -6.434033e-01 8.760683e+01
-6.425511e-01 6.032541e-02 -7.638645e-01 -1.511134e+02 3.231318e-02 9.981425e-01 5.164595e-02 7.256258e-01 7.655612e-01 8.502276e-03 -6.433069e-01 8.697809e+01
-6.426114e-01 5.645154e-02 -7.641098e-01 -1.518671e+02 3.212413e-02 9.983902e-01 4.674373e-02 7.539528e-01 7.655186e-01 5.491693e-03 -6.433904e-01 8.634989e+01
-6.424432e-01 5.639400e-02 -7.642555e-01 -1.526218e+02 3.249778e-02 9.983963e-01 4.635309e-02 7.806961e-01 7.656440e-01 4.942624e-03 -6.432456e-01 8.571894e+01
-6.425603e-01 5.837811e-02 -7.640080e-01 -1.533790e+02 3.171360e-02 9.982652e-01 4.960544e-02 8.039512e-01 7.655786e-01 7.645046e-03 -6.432970e-01 8.508539e+01
-6.426567e-01 6.049709e-02 -7.637621e-01 -1.541322e+02 3.258913e-02 9.981339e-01 5.163989e-02 8.288243e-01 7.654609e-01 8.296381e-03 -6.434290e-01 8.445676e+01
-6.431479e-01 5.986322e-02 -7.633984e-01 -1.548823e+02 3.378566e-02 9.981870e-01 4.981086e-02 8.536668e-01 7.649963e-01 6.243830e-03 -6.440044e-01 8.383215e+01
-6.438258e-01 5.874944e-02 -7.629134e-01 -1.556292e+02 3.429074e-02 9.982617e-01 4.793476e-02 8.796994e-01 7.644034e-01 4.700774e-03 -6.447212e-01 8.320615e+01
-6.444559e-01 5.910036e-02 -7.623541e-01 -1.563743e+02 3.369850e-02 9.982350e-01 4.889968e-02 9.056545e-01 7.638986e-01 5.823502e-03 -6.453100e-01 8.257906e+01
-6.448800e-01 6.257715e-02 -7.617177e-01 -1.571190e+02 3.425531e-02 9.980074e-01 5.298802e-02 9.324518e-01 7.635159e-01 8.078038e-03 -6.457386e-01 8.195146e+01
-6.454261e-01 6.577348e-02 -7.609855e-01 -1.578614e+02 3.471173e-02 9.977820e-01 5.679970e-02 9.618364e-01 7.630336e-01 1.024489e-02 -6.462777e-01 8.132671e+01
-6.465276e-01 6.641559e-02 -7.599941e-01 -1.593358e+02 3.720081e-02 9.977628e-01 5.554738e-02 1.022069e+00 7.619831e-01 7.640516e-03 -6.475519e-01 8.008383e+01
-6.469687e-01 6.525242e-02 -7.597194e-01 -1.600585e+02 3.777343e-02 9.978511e-01 5.353817e-02 1.049905e+00 7.615804e-01 5.940314e-03 -6.480433e-01 7.946455e+01
-6.470368e-01 6.302762e-02 -7.598493e-01 -1.607804e+02 3.574975e-02 9.979893e-01 5.233868e-02 1.077505e+00 7.616203e-01 6.700632e-03 -6.479890e-01 7.884428e+01
-6.462966e-01 6.110321e-02 -7.606360e-01 -1.615000e+02 3.319896e-02 9.980966e-01 5.197039e-02 1.102704e+00 7.623638e-01 8.335959e-03 -6.470950e-01 7.822487e+01
-6.452629e-01 5.885567e-02 -7.616901e-01 -1.629402e+02 3.008946e-02 9.982123e-01 5.164155e-02 1.154301e+00 7.633678e-01 1.040353e-02 -6.458803e-01 7.699411e+01
-6.441184e-01 5.888661e-02 -7.626558e-01 -1.643767e+02 2.918479e-02 9.981983e-01 5.242480e-02 1.205952e+00 7.643689e-01 1.150983e-02 -6.446765e-01 7.577428e+01
-6.437684e-01 5.733999e-02 -7.630690e-01 -1.650930e+02 2.843930e-02 9.982925e-01 5.102261e-02 1.231444e+00 7.646917e-01 1.114560e-02 -6.442999e-01 7.517018e+01
-6.431937e-01 5.586034e-02 -7.636632e-01 -1.658081e+02 2.755609e-02 9.983780e-01 4.982020e-02 1.257020e+00 7.652076e-01 1.100046e-02 -6.436897e-01 7.456637e+01
-6.420327e-01 5.939250e-02 -7.643733e-01 -1.672418e+02 3.146816e-02 9.981961e-01 5.112921e-02 1.306576e+00 7.660312e-01 8.773208e-03 -6.427436e-01 7.337210e+01
-6.417897e-01 6.070444e-02 -7.644743e-01 -1.679552e+02 3.245390e-02 9.981190e-01 5.201181e-02 1.330108e+00 7.661937e-01 8.570471e-03 -6.425526e-01 7.277838e+01
-6.414898e-01 5.863152e-02 -7.648877e-01 -1.686684e+02 3.248127e-02 9.982567e-01 4.927902e-02 1.351053e+00 7.664437e-01 6.767464e-03 -6.422759e-01 7.219108e+01
-6.411565e-01 5.662618e-02 -7.653181e-01 -1.693812e+02 3.399575e-02 9.983907e-01 4.539089e-02 1.373431e+00 7.666568e-01 3.085099e-03 -6.420497e-01 7.161267e+01
-6.403780e-01 5.577115e-02 -7.660324e-01 -1.700844e+02 3.508055e-02 9.984431e-01 4.336570e-02 1.396727e+00 7.672584e-01 8.976054e-04 -6.413375e-01 7.103558e+01
-6.398494e-01 5.436515e-02 -7.665750e-01 -1.707831e+02 3.167854e-02 9.985126e-01 4.437246e-02 1.405731e+00 7.678472e-01 4.107716e-03 -6.406199e-01 7.046800e+01
-6.396969e-01 5.491240e-02 -7.666633e-01 -1.714722e+02 3.087900e-02 9.984755e-01 4.575085e-02 1.416166e+00 7.680068e-01 5.592882e-03 -6.404173e-01 6.990570e+01
-6.398714e-01 5.487944e-02 -7.665199e-01 -1.721588e+02 3.082442e-02 9.984770e-01 4.575512e-02 1.425569e+00 7.678636e-01 5.649867e-03 -6.405885e-01 6.935261e+01
-6.400269e-01 5.437972e-02 -7.664257e-01 -1.728299e+02 3.095182e-02 9.985074e-01 4.499923e-02 1.436887e+00 7.677289e-01 5.078452e-03 -6.407547e-01 6.880749e+01
-6.399736e-01 5.455099e-02 -7.664581e-01 -1.734939e+02 3.143292e-02 9.985004e-01 4.482041e-02 1.448357e+00 7.677537e-01 4.591870e-03 -6.407286e-01 6.826999e+01
-6.400838e-01 5.417777e-02 -7.663925e-01 -1.741451e+02 3.096746e-02 9.985193e-01 4.472355e-02 1.460081e+00 7.676808e-01 4.893591e-03 -6.408138e-01 6.773915e+01
-6.400459e-01 5.377408e-02 -7.664526e-01 -1.747856e+02 2.996269e-02 9.985359e-01 4.503589e-02 1.470417e+00 7.677523e-01 5.860056e-03 -6.407200e-01 6.721605e+01
-6.404712e-01 5.442425e-02 -7.660513e-01 -1.760447e+02 3.021354e-02 9.984992e-01 4.567798e-02 1.496245e+00 7.673876e-01 6.110312e-03 -6.411544e-01 6.618835e+01
-6.407315e-01 5.812858e-02 -7.655613e-01 -1.772745e+02 3.088011e-02 9.982740e-01 4.995343e-02 1.525125e+00 7.671438e-01 8.366123e-03 -6.414207e-01 6.518539e+01
-6.408903e-01 6.204167e-02 -7.651212e-01 -1.784448e+02 3.338313e-02 9.980382e-01 5.296553e-02 1.550332e+00 7.669062e-01 8.402956e-03 -6.417042e-01 6.419739e+01
