1.000000000000000000e+00 -0.000000000000000000e+00 0.000000000000000000e+00 0.000000000000000000e+00 0.000000000000000000e+00 1.000000000000000000e+00 0.000000000000000000e+00 -0.000000000000000000e+00 -0.000000000000000000e+00 0.000000000000000000e+00 1.000000000000000000e+00 0.000000000000000000e+00
9.991174450855881961e-01 9.505220581832028075e-04 -4.199318317850457560e-02 -4.403999999999999929e-03 -1.123815711519045085e-03 9.999909499624666243e-01 -4.103295189235688610e-03 -7.732999999999999857e-04 4.198890286603206012e-02 4.146866404933846791e-03 9.991094712468331362e-01 3.498129999999999989e-02
9.983014189663306226e-01 9.736188279210340182e-04 -5.825228713268364167e-02 -6.441800000000000130e-03 -1.203851703729012920e-03 9.999916024111481505e-01 -3.917377727461885534e-03 -9.986999999999999350e-04 5.824798392121507962e-02 3.980850859063092551e-03 9.982942077341487863e-01 4.610729999999999690e-02
7.846717218413862271e-01 2.387641806526587945e-02 -6.194515361211453408e-01 -1.504495999999999889e-01 -2.697993905359466482e-02 9.996264929423634982e-01 4.354020718289359528e-03 -6.165099999999999747e-03 6.193241250194750913e-01 1.329628775725092207e-02 7.850228257195697168e-01 2.997562999999999755e-01
7.105434914157378046e-01 1.900530314703051393e-02 -7.033965775144365162e-01 -1.843151000000000095e-01 -2.025689243932184136e-02 9.997733490070654927e-01 6.550490355546046556e-03 -6.516400000000000317e-03 7.033616460366850509e-01 9.594220525182241971e-03 7.107674344095114005e-01 3.267587000000000130e-01
6.686067349063801180e-01 1.533197936223895490e-02 -7.434581120995757963e-01 -2.029909000000000019e-01 -1.468423700075345735e-02 9.998646944714058016e-01 7.413901355431684603e-03 -6.704100000000000163e-03 7.434711878893056625e-01 5.960130740029739860e-03 6.687414071373377622e-01 3.398071999999999759e-01
3.662209330920148109e-01 2.068416288859499866e-02 -9.302980133112247474e-01 -3.432443000000000022e-01 -3.184576547820977543e-03 9.997749230036603318e-01 2.097526651168528378e-02 -5.651999999999999906e-03 9.305224804578472453e-01 -4.718976438087697789e-03 3.662043754844440668e-01 3.964879000000000042e-01
3.116874660785476370e-01 2.383472050005154552e-02 -9.498856929063720367e-01 -3.743897999999999948e-01 -8.367597781240750099e-04 9.996918368931990706e-01 2.480989887474331634e-02 -5.590999999999999616e-03 9.501843101854544615e-01 -6.938108372294185186e-03 3.116113594360871986e-01 4.031217000000000272e-01
2.079691524690314985e-01 2.626525157841987784e-02 -9.777826794236207375e-01 -4.403307000000000193e-01 5.912514648286413058e-03 9.995873911987590565e-01 2.810853121372312163e-02 -5.261799999999999637e-03 9.781175153282178902e-01 -1.162686182860021150e-02 2.077280488816378723e-01 4.125531000000000059e-01
1.187946571251473904e-01 2.771605125885476251e-02 -9.925319390030404865e-01 -5.133912000000000475e-01 2.182865611902484390e-03 9.996006307856176720e-01 2.817470551249262947e-02 -3.954199999999999729e-03 9.929164438844988450e-01 -5.513568319323192829e-03 1.186867137810678763e-01 4.163416999999999812e-01
1.604994855451331859e-02 2.089251923591125409e-02 -9.996528906532375913e-01 -6.350154000000000076e-01 2.755787590150873476e-03 9.997769495923068961e-01 2.093935764678142228e-02 -1.708499999999999949e-03 9.998673936008488639e-01 -3.090906643516033031e-03 1.598879326170743465e-02 4.159109999999999752e-01
-1.027976148272366150e-02 1.905253108041588331e-02 -9.997656363184765915e-01 -6.782768000000000130e-01 2.204138221370204737e-03 9.998164676773606541e-01 1.903083644683604969e-02 -1.328299999999999923e-03 9.999447326120378676e-01 -2.007989191931862719e-03 -1.031986922619076985e-02 4.137569999999999859e-01
-3.109285691707403335e-02 1.684424651304400333e-02 -9.993745572147320066e-01 -7.232054999999999456e-01 1.738329111020718055e-03 9.998573874773584169e-01 1.679830107044229248e-02 -6.415000000000000346e-04 9.995149886122948191e-01 -1.214934713986613735e-03 -3.111770353037979220e-02 4.112260999999999833e-01
-5.995504073230908948e-02 1.641456256650465281e-02 -9.980661076434456103e-01 -8.179389999999999716e-01 3.003844360081696536e-03 9.998632255589759987e-01 1.626367405787276441e-02 8.953000000000000238e-04 9.981965588048518079e-01 -2.022946007836696862e-03 -5.999614720631496478e-02 4.046422000000000074e-01
-6.933154352170760315e-02 1.769474696974365768e-02 -9.974367313281451430e-01 -8.674123999999999723e-01 1.866803407231077197e-03 9.998432300751344259e-01 1.760767781283754246e-02 8.651999999999999968e-04 9.975919266503394667e-01 -6.412508079438588443e-04 -6.935370703477206078e-02 4.002618000000000009e-01
-7.595625267987855811e-02 1.926115652371465647e-02 -9.969251002598940037e-01 -9.179344999999999866e-01 3.644435105073663000e-04 9.998138796087427949e-01 1.928920222927641565e-02 7.581000000000000499e-04 9.971110845135351397e-01 1.101812635268572746e-03 -7.594913527591129476e-02 3.955852999999999731e-01
-8.072630305218822522e-02 2.299054272160840420e-02 -9.964711229839492423e-01 -1.078880099999999898e+00 4.513139389946248248e-03 9.997321312482261302e-01 2.270016129296478780e-02 3.063800000000000204e-03 9.967260885360501588e-01 -2.664712976213413562e-03 -8.080843852210739531e-02 3.821721000000000146e-01
-7.927634847687982378e-02 2.558793788936322006e-02 -9.965242184747653553e-01 -1.135090799999999955e+00 3.827835919693376929e-03 9.996709478256262660e-01 2.536422176188295879e-02 3.447299999999999930e-03 9.968453281449152215e-01 -1.803748315082181683e-03 -7.934820884980087197e-02 3.777100999999999931e-01
-7.737528477316821252e-02 2.543415777506941033e-02 -9.966775651756909493e-01 -1.192733499999999891e+00 1.485311485204943507e-03 9.996763820273600887e-01 2.539537490330497083e-02 4.225600000000000363e-03 9.970009323747208718e-01 4.845977304630405547e-04 -7.738802238703734737e-02 3.725056999999999952e-01
-7.585196285964890262e-02 2.298192685344604275e-02 -9.968542073786123003e-01 -1.251460400000000028e+00 -4.582465254578636793e-04 9.997334430030390129e-01 2.308317463892654506e-02 4.932399999999999979e-03 9.971189847457827549e-01 2.207709082313945997e-03 -7.582121260008656272e-02 3.678008999999999862e-01
-7.085698514062946374e-02 2.908911848482536450e-02 -9.970622402049715838e-01 -1.437146199999999929e+00 -1.406040595820166536e-03 9.995707804733446888e-01 2.926222605598394200e-02 8.245699999999999905e-03 9.974854939830570810e-01 3.475343103118184659e-03 -7.078567145752090450e-02 3.542645999999999851e-01
-6.907238356746604746e-02 3.133127450227757294e-02 -9.971195299794162192e-01 -1.501931099999999963e+00 -1.806297946325200604e-03 9.995011348360549608e-01 3.153123450116468440e-02 8.887400000000000161e-03 9.976100155451719242e-01 3.979032483062732578e-03 -6.898133214472434993e-02 3.495512000000000064e-01
-6.728377081342258592e-02 3.071206395500315767e-02 -9.972610808172307495e-01 -1.567602200000000057e+00 -3.473666205988585817e-03 9.995128590527724288e-01 3.101577391009367052e-02 1.010579999999999985e-02 9.977278325416288896e-01 5.551010338350127749e-03 -6.714431067489878835e-02 3.448900999999999772e-01
-6.394018869821388451e-02 2.721960176214759455e-02 -9.975824505017854005e-01 -1.702538399999999896e+00 -7.142637087874017382e-03 9.995898702585751527e-01 2.773218368386604765e-02 1.260750000000000065e-02 9.979281712651808522e-01 8.898570466926212716e-03 -6.371954518809297419e-02 3.352616999999999958e-01
-6.245535620343293376e-02 2.929655351401262015e-02 -9.976176824985125702e-01 -1.771974200000000055e+00 -4.320824258488009662e-03 9.995517784184142496e-01 2.962385421096615928e-02 1.425109999999999918e-02 9.980384055532280918e-01 6.160699050100616747e-03 -6.230077710578352246e-02 3.312502999999999975e-01
-6.127153159012941469e-02 3.172186490241787199e-02 -9.976169218210526601e-01 -1.842081999999999997e+00 -2.246154324962452986e-03 9.994879250309598451e-01 3.191931246212380280e-02 1.490250000000000082e-02 9.981186072843988288e-01 4.196546725462322810e-03 -6.116890376844097421e-02 3.268799000000000010e-01
-5.911599515427475721e-02 2.869488928966718033e-02 -9.978386154311595924e-01 -1.984425899999999965e+00 -1.245944431865120619e-03 9.995838729472036333e-01 2.881889252454700873e-02 1.729189999999999894e-02 9.982503427193964995e-01 2.946908977629133716e-03 -5.905564315190459102e-02 3.177751999999999799e-01
-5.866509395424827217e-02 2.172532197176244018e-02 -9.980412902964297395e-01 -2.055053700000000205e+00 2.073630261260669266e-04 9.997634057752633474e-01 2.175062006522347074e-02 1.796570000000000111e-02 9.982776987150991932e-01 1.069045307534861530e-03 -5.865571916033263111e-02 3.136907999999999919e-01
-5.878003038249186157e-02 1.701232795227247685e-02 -9.981259884032063212e-01 -2.127472200000000147e+00 3.436898244629144929e-03 9.998523010798486821e-01 1.683935140638187500e-02 1.913729999999999945e-02 9.982650428411732335e-01 -2.440639870173126787e-03 -5.882981827555411325e-02 3.095788999999999902e-01
-5.915458245923695124e-02 2.525398378694804213e-02 -9.979293420262586034e-01 -2.274465800000000204e+00 3.895960738749185484e-03 9.996781742376555924e-01 2.506729827463781424e-02 2.035529999999999978e-02 9.982412317992054307e-01 -2.405047973762753158e-03 -5.923393351997174872e-02 3.006173999999999791e-01
-5.932947772845660606e-02 3.258852410542150552e-02 -9.977063702157561442e-01 -2.348990899999999993e+00 2.332203297484283441e-03 9.994687736632774655e-01 3.250740376903858003e-02 2.100940000000000099e-02 9.982357306269137309e-01 -3.982067986131460069e-04 -5.937396341072209704e-02 2.958869000000000082e-01
-6.004528085639519036e-02 3.816089239454863169e-02 -9.974659445507543243e-01 -2.497569299999999881e+00 -1.168601721449957082e-03 9.992655990437728786e-01 3.830009057047403798e-02 2.352239999999999887e-02 9.981949702422334703e-01 3.465380115019203039e-03 -5.995658866017294919e-02 2.860412999999999983e-01
-6.068702740322369504e-02 3.191670397745052790e-02 -9.976464347213276351e-01 -2.645004300000000086e+00 -1.271651065277813047e-03 9.994853651543321726e-01 3.205288982103461637e-02 2.628530000000000103e-02 9.981560336984036663e-01 3.213852754405622722e-03 -6.061520883362891965e-02 2.764471000000000012e-01
-6.029176418504644808e-02 3.552351892857777416e-02 -9.975484864277956998e-01 -2.792567700000000208e+00 -4.195311902952955641e-03 9.993486921241219179e-01 3.584119010083239298e-02 2.877829999999999971e-02 9.981719804369846294e-01 6.345955620554035587e-03 -6.010346344238626237e-02 2.664947999999999761e-01
-5.971226157238146426e-02 2.870684323678344974e-02 -9.978027675694681742e-01 -2.938679699999999784e+00 -5.603996165215520062e-03 9.995610059819932669e-01 2.909279201530536735e-02 3.103159999999999946e-02 9.981999003430582773e-01 7.328879289789537801e-03 -5.952517520733513479e-02 2.572176999999999936e-01
-5.899488182254968016e-02 2.533424787799570116e-02 -9.979367614248910723e-01 -3.084345799999999915e+00 -6.386477772504008457e-03 9.996478783694514592e-01 2.575523583886917683e-02 3.289550000000000113e-02 9.982378558341720165e-01 7.892728039830680317e-03 -5.881231183761237435e-02 2.482913999999999954e-01
-5.741704673997138908e-02 3.262141430333211078e-02 -9.978171806861769744e-01 -3.230681199999999809e+00 -5.580280123279244414e-03 9.994399195634318112e-01 3.299557026006236238e-02 3.453760000000000163e-02 9.983346849716311366e-01 7.462607579883609454e-03 -5.720285194553664798e-02 2.387997000000000036e-01
-5.680074784679749883e-02 4.124303613296430304e-02 -9.975333012058192894e-01 -3.376265000000000072e+00 -4.849010947893063472e-03 9.991232080673595473e-01 4.158487939161440577e-02 3.712220000000000103e-02 9.983737587381150691e-01 7.199102146997496399e-03 -5.655095747558436248e-02 2.300532000000000132e-01
-5.608250954177246284e-02 3.684909924725622565e-02 -9.977459075376668984e-01 -3.520158799999999921e+00 -4.932845794379758092e-03 9.992962747570272031e-01 3.718362931582951114e-02 4.013579999999999925e-02 9.984139518034920169e-01 7.007077949759538821e-03 -5.586127193987011630e-02 2.214278000000000080e-01
-5.517400470645033445e-02 2.986387496722145429e-02 -9.980300487343026772e-01 -3.663728499999999944e+00 -9.582859961910446256e-03 9.994907385465920946e-01 3.043735130622111235e-02 4.253219999999999917e-02 9.984307677548819315e-01 1.124333275902080452e-02 -5.485972538089234352e-02 2.119304999999999939e-01
-5.644249057792999347e-02 2.624651930054433535e-02 -9.980608024975065051e-01 -3.807272199999999884e+00 -1.047497378431731102e-02 9.995838117981660220e-01 2.687895301655698899e-02 4.406510000000000288e-02 9.983509003259217751e-01 1.197177579369771566e-02 -5.614406827766660335e-02 2.032146999999999981e-01
-5.821468693363186092e-02 2.094977206939738212e-02 -9.980842435763922493e-01 -3.949138399999999827e+00 -2.860678465289152872e-03 9.997721775939899524e-01 2.115205492829514561e-02 4.521929999999999700e-02 9.982999883521671558e-01 4.086558357797089383e-03 -5.814149376177790707e-02 1.952577000000000063e-01
-6.178429366631470188e-02 3.091672677477759479e-02 -9.976105738521863220e-01 -4.091498900000000383e+00 2.449557494929588408e-05 9.995201781728318968e-01 3.097438982962174431e-02 4.595149999999999929e-02 9.980895252712160826e-01 1.889293752786250224e-03 -6.175540553663527721e-02 1.864292999999999922e-01
-6.443332401968235312e-02 3.346885496339142840e-02 -9.973606080566921328e-01 -4.231465799999999611e+00 1.591180568376416443e-03 9.994395998779214141e-01 3.343582420487230256e-02 4.769290000000000335e-02 9.979207458010750376e-01 5.674004756537724681e-04 -6.445047056869934732e-02 1.769942999999999933e-01
-6.672616868739113249e-02 2.614830112141906110e-02 -9.974286364250654069e-01 -4.369249299999999891e+00 -6.467714683702172410e-03 9.996242078705889211e-01 2.663853798292559194e-02 4.909840000000000038e-02 9.977503631064595924e-01 8.228571416785601320e-03 -6.653197376725583645e-02 1.661392999999999898e-01
-6.827391480445117733e-02 2.614196469207649004e-02 -9.973240547782414867e-01 -4.505718700000000076e+00 -1.230112821311757365e-02 9.995585916152729400e-01 2.704263620241880578e-02 5.004709999999999714e-02 9.975907752189566713e-01 1.411451770802515070e-02 -6.792220246657831861e-02 1.548586999999999880e-01
-7.010232396907309371e-02 2.716387849195402854e-02 -9.971698891760673034e-01 -4.640349399999999847e+00 -1.373248799639561341e-02 9.995081661790945482e-01 2.819298697783442081e-02 5.142660000000000287e-02 9.974452781719730377e-01 1.567001744025348087e-02 -6.969481763989471279e-02 1.449901000000000106e-01
-7.093865937645105202e-02 2.900723351950181342e-02 -9.970588182296049595e-01 -4.773261999999999894e+00 -1.343251614894726623e-02 9.994586542801696671e-01 3.003274703354069305e-02 5.237499999999999795e-02 9.973902316123712808e-01 1.552349148927091929e-02 -7.051061690414006655e-02 1.349273000000000000e-01
-7.146117184047107163e-02 3.135964725591462721e-02 -9.969502863448962415e-01 -4.839893299999999954e+00 -1.212220265522644461e-02 9.994045176314315659e-01 3.230576327331251968e-02 5.385380000000000028e-02 9.973697173676228100e-01 1.439384110897064251e-02 -7.103846997337015523e-02 1.307089999999999919e-01
-7.216934019893112007e-02 3.765300473058386804e-02 -9.966814122727531977e-01 -4.970680699999999952e+00 -1.225057237004989301e-02 9.991783159867694275e-01 3.863439320669778687e-02 5.581230000000000219e-02 9.973171560801796787e-01 1.499813643764433789e-02 -7.164876894644245375e-02 1.209177000000000030e-01
-7.288895208043993934e-02 3.783244394189813620e-02 -9.966222488234938170e-01 -5.034333199999999842e+00 -1.199825945128687489e-02 9.991746948649252724e-01 3.880684104282287883e-02 5.662389999999999785e-02 9.972678890021248188e-01 1.478632229347284430e-02 -7.237487297590661228e-02 1.160886000000000001e-01
-7.304214029029958144e-02 3.582518222742317460e-02 -9.966852071041206740e-01 -5.098581799999999831e+00 -1.124779366212711774e-02 9.992614806441005859e-01 3.674207994512695974e-02 5.754680000000000212e-02 9.972654274963842491e-01 1.389422971351095618e-02 -7.258524299829671733e-02 1.109520999999999979e-01
-6.957075969529312454e-02 2.653484855852409827e-02 -9.972240526618858514e-01 -5.340570900000000343e+00 -1.443776507306661697e-02 9.995146937475428706e-01 2.760304190574817268e-02 6.011369999999999908e-02 9.974725361307519300e-01 1.631805119282763589e-02 -6.915389266088745046e-02 9.242530000000000190e-02
-6.531956419141819736e-02 2.752501055266932950e-02 -9.974847007989237069e-01 -5.398364499999999566e+00 -1.479312031258011272e-02 9.994829292028772905e-01 2.854886728845328070e-02 6.042279999999999873e-02 9.977547384629453786e-01 1.662071075831686451e-02 -6.487860855958338391e-02 8.814980000000000038e-02
-5.942671759078506366e-02 2.902187596163458699e-02 -9.978107014619821413e-01 -5.454674200000000361e+00 -1.401172421552580177e-02 9.994545568635738730e-01 2.990418614751449294e-02 6.094499999999999917e-02 9.981343280445240662e-01 1.575815599315624760e-02 -5.898765717336318382e-02 8.461730000000000640e-02
-5.235571277809681484e-02 3.044915604745910415e-02 -9.981641789983725088e-01 -5.509312200000000104e+00 -1.312682591017914728e-02 9.994277008513763327e-01 3.117622832312538089e-02 6.143789999999999668e-02 9.985422203297270594e-01 1.473498106307845161e-02 -5.192604887770146949e-02 8.200929999999999331e-02
-3.190973843113614067e-02 3.356961798119285217e-02 -9.989268488442252236e-01 -5.614996900000000402e+00 -1.654781366091365863e-02 9.992810761678367903e-01 3.411012570914488673e-02 6.227130000000000165e-02 9.993537604153498455e-01 1.761850054478987515e-02 -3.133129397667910876e-02 7.807369999999999588e-02
-1.697886916506792174e-02 3.516149499072968032e-02 -9.992374028587461821e-01 -5.665751000000000204e+00 -1.944042498388490192e-02 9.991809352633315156e-01 3.548983633013785832e-02 6.278490000000000459e-02 9.996668384408483599e-01 2.002817705910652293e-02 -1.628140796637778109e-02 7.715299999999999936e-02
7.866280723400149999e-02 3.705665546120874565e-02 -9.962123102251324580e-01 -5.850488200000000028e+00 -2.007431302233567139e-02 9.991651449019860465e-01 3.558138796722967734e-02 6.517180000000000195e-02 9.966991445339700162e-01 1.719934588937907516e-02 7.934102208964721736e-02 8.719250000000000611e-02
1.125864413692296007e-01 3.706022719593281972e-02 -9.929505691523616839e-01 -5.891784699999999653e+00 -1.893262883747887093e-02 9.992028080392050260e-01 3.514689135428226280e-02 6.564709999999999990e-02 9.934615487199871531e-01 1.484210115695547977e-02 1.131983358894087521e-01 9.370960000000000401e-02
1.502020557679286661e-01 3.726819514724042520e-02 -9.879526426269404915e-01 -5.930928200000000317e+00 -1.825622889088318601e-02 9.992234272205087198e-01 3.491779775965862115e-02 6.622139999999999971e-02 9.884867487982686995e-01 1.279156457076084663e-02 1.507657896409537734e-01 1.014487000000000028e-01
4.849653886849997764e-01 1.999575046699471337e-02 -8.743047190430055515e-01 -6.170152200000000420e+00 3.407936277316539822e-03 9.996877724957738964e-01 2.475365614949776027e-02 6.886150000000000604e-02 8.745267049941567450e-01 -1.498424124537171831e-02 4.847458249086459281e-01 2.082991999999999899e-01
5.764042380442206959e-01 1.434613406830786628e-02 -8.170387645650329933e-01 -6.227920100000000403e+00 1.241700949436418122e-02 9.995766794697065194e-01 2.631120931337664615e-02 6.971299999999999719e-02 8.170703594182560092e-01 -2.531107065316646337e-02 5.759820982135748224e-01 2.548370999999999831e-01
6.607303407640958692e-01 2.573937752190027378e-03 -7.506189390351203361e-01 -6.279046499999999753e+00 2.413456060159037755e-02 9.994042443614568061e-01 2.467142754024616996e-02 7.011960000000000415e-02 7.502352562885390430e-01 -3.441701899864813702e-02 6.602745860813641343e-01 3.074286999999999992e-01
7.403870993242624987e-01 -8.526963902812222801e-03 -6.721266502979962310e-01 -6.326590500000000006e+00 1.753791153644344500e-02 9.998241855543983370e-01 6.634729792837070102e-03 7.096979999999999955e-02 6.719519066221516512e-01 -1.669996608033122096e-02 7.404064737154660847e-01 3.638745999999999925e-01
8.471654626131239763e-01 -1.367344286309435039e-02 -5.311531943947633838e-01 -6.389908300000000096e+00 1.222788713712442965e-02 9.999057812431061398e-01 -6.237580682871458546e-03 7.133380000000000276e-02 5.311884390041385906e-01 -1.210618388790794375e-03 8.472528410524590159e-01 4.659550000000000081e-01
8.766953895531212071e-01 -1.198571471816561353e-02 -4.808965965558458233e-01 -6.408890200000000092e+00 9.045467029956564750e-03 9.999235417542863269e-01 -8.431498785739672056e-03 7.107020000000000004e-02 4.809608855847958830e-01 3.041921803516485067e-03 8.767367753489243576e-01 5.048108999999999513e-01
9.016399420787502006e-01 -1.039322311574788875e-02 -4.323625744227803658e-01 -6.426724899999999963e+00 8.212795107677006365e-03 9.999423990502059878e-01 -6.910034604690444213e-03 7.024339999999999751e-02 4.324094874592222526e-01 2.679457964773205008e-03 9.016733641736721649e-01 5.464113000000000442e-01
9.218144745566618781e-01 -4.033829639191665803e-03 -3.876103748821324579e-01 -6.443360300000000151e+00 1.906515899845685714e-03 9.999809384271575174e-01 -5.872646717199420975e-03 6.953220000000000234e-02 3.876266756751254317e-01 4.674505405214157173e-03 9.218045938832523101e-01 5.895981000000000138e-01
9.383747361258928388e-01 2.908711771018614427e-04 -3.456194004893524685e-01 -6.458912800000000232e+00 -3.071667995190705165e-03 9.999671705906892916e-01 -7.498172882689013025e-03 6.910940000000000139e-02 3.456058730062155915e-01 8.097724051219770333e-03 9.383448232972790848e-01 6.342978999999999701e-01
9.671753613256277582e-01 5.285373436160362495e-03 -2.540548863381333344e-01 -6.499001999999999946e+00 -6.084941996927370478e-03 9.999786982234500909e-01 -2.361478398840076605e-03 6.687550000000000439e-02 2.540369932225138294e-01 3.829872971064332901e-03 9.671869199629872238e-01 7.817659000000000136e-01
9.724975032399265640e-01 5.445644605039634198e-03 -2.328496320524139906e-01 -6.511060200000000187e+00 -5.641329088956379204e-03 9.999840723598336645e-01 -1.744498577683525724e-04 6.616510000000000447e-02 2.328449733153349910e-01 1.483233453770355960e-03 9.725127343229509336e-01 8.346451999999999760e-01
9.766790504225106861e-01 7.924408758023053154e-03 -2.145582350123588777e-01 -6.522727500000000234e+00 -7.598683869716124813e-03 9.999683849729958940e-01 2.342873864813569372e-03 6.578090000000000326e-02 2.145700176381382662e-01 -6.578756220426616686e-04 9.767083877649638257e-01 8.892622000000000027e-01
9.824875632361801392e-01 1.654592115787241816e-02 -1.855920811329790643e-01 -6.545789199999999752e+00 -1.586877106630718223e-02 9.998609046209042672e-01 5.133567522877636492e-03 6.479509999999999437e-02 1.856512057355888812e-01 -2.098547999041688872e-03 9.826134671910504714e-01 1.002461400000000058e+00
9.872103182124489784e-01 1.489555280207344352e-02 -1.587258961908728228e-01 -6.565135500000000235e+00 -1.432172962724202227e-02 9.998861158844551955e-01 4.758499971841417472e-03 6.359360000000000013e-02 1.587787003201603098e-01 -2.424410901328129860e-03 9.873112207183822875e-01 1.121752300000000035e+00
9.894501661219838873e-01 1.548505526421584816e-02 -1.440436802662392879e-01 -6.574184400000000039e+00 -1.487209193011003114e-02 9.998751916907411275e-01 5.331221532255858014e-03 6.350749999999999451e-02 1.441082566780985952e-01 -3.132747175852768507e-03 9.895569696850865515e-01 1.183767100000000072e+00
9.914047935274062917e-01 1.706637724005015053e-02 -1.297122744337679268e-01 -6.582972999999999963e+00 -1.645247017087006144e-02 9.998478090478856162e-01 5.803013649767962620e-03 6.323310000000000042e-02 1.297915698192970146e-01 -3.619048223367650474e-03 9.915346947504153352e-01 1.246894200000000064e+00
9.941893205689212865e-01 1.808266577397106903e-02 -1.061160311414516833e-01 -6.597376299999999638e+00 -1.841535193678096524e-02 9.998280984079364053e-01 -2.156025745300401905e-03 6.123529999999999945e-02 1.060588029338026539e-01 4.097661830453550383e-03 9.943514164960857160e-01 1.376987799999999984e+00
9.959360297937359663e-01 1.647782911770285727e-02 -8.854324201348466594e-02 -6.609716899999999562e+00 -1.730143156645776517e-02 9.998138279675100604e-01 -8.542240379743323148e-03 5.983639999999999792e-02 8.838600016089602496e-02 1.003944981171391373e-02 9.960357043916829856e-01 1.511670800000000092e+00
9.964979364014567853e-01 1.830432856863359672e-02 -8.158930262779325038e-02 -6.616018799999999978e+00 -1.855131735129127504e-02 9.998253323199788323e-01 -2.270126819285196457e-03 5.856220000000000175e-02 8.153349846639602883e-02 3.775765736306036912e-03 9.966634498269386633e-01 1.580224599999999979e+00
9.968168345593402258e-01 2.258320610803904796e-02 -7.646042859531207436e-02 -6.622296799999999983e+00 -2.218977281819497702e-02 9.997358239688627357e-01 5.991348393816790449e-03 5.718970000000000303e-02 7.657553343838935378e-02 -4.275637400554846770e-03 9.970546156572592800e-01 1.649699299999999980e+00
9.973768683109748290e-01 2.201479785910636158e-02 -6.895455919237711284e-02 -6.632725200000000321e+00 -2.148272518639308612e-02 9.997335227106989297e-01 8.448436957345041923e-03 5.580809999999999937e-02 6.912217500019993133e-02 -6.944943749160785787e-03 9.975840278791369142e-01 1.787543799999999905e+00
9.975805588331041474e-01 2.176599517051565347e-02 -6.602476878012217276e-02 -6.637253799999999870e+00 -2.131046673666839308e-02 9.997440504788097648e-01 7.595889657467226261e-03 5.507680000000000214e-02 6.617320186976641261e-02 -6.170493210445736343e-03 9.977890720827939930e-01 1.855898000000000048e+00
9.977991212629265805e-01 2.008959394491450709e-02 -6.319273551651297116e-02 -6.641910600000000109e+00 -1.951458869026665224e-02 9.997624844492172258e-01 9.703376534917266399e-03 5.461610000000000076e-02 6.337266315361239633e-02 -8.448840338006195078e-03 9.979541686178586835e-01 1.924658900000000061e+00
9.979843401630802413e-01 1.847619488170076235e-02 -6.071150642139207243e-02 -6.646051899999999790e+00 -1.776611135316969597e-02 9.997675508772576602e-01 1.221513406708549243e-02 5.391320000000000140e-02 6.092308328251362648e-02 -1.111190512844274780e-02 9.980806097143498645e-01 1.992990299999999992e+00
9.983519896166328511e-01 1.529847818199959672e-02 -5.531059025020013814e-02 -6.653820500000000138e+00 -1.474035740257066684e-02 9.998363840236066391e-01 1.048460997097624102e-02 5.226959999999999940e-02 5.546193913085920718e-02 -9.652033356443425957e-03 9.984141483171855569e-01 2.129204000000000097e+00
9.984885150586095826e-01 1.836010866379877288e-02 -5.180339473341830092e-02 -6.662325400000000286e+00 -1.862618344820347188e-02 9.998156666561036632e-01 -4.658111115559709740e-03 5.088940000000000130e-02 5.170832221419217889e-02 5.615969984297564631e-03 9.986464390838875049e-01 2.264017099999999783e+00
9.985200392979212136e-01 1.966929931149362029e-02 -5.070354805211309962e-02 -6.666047999999999973e+00 -2.012716160997906831e-02 9.997609934396149978e-01 -8.535418101058834389e-03 4.938059999999999672e-02 5.052354387811538311e-02 9.543304523537674000e-03 9.986772736238505033e-01 2.331307199999999913e+00
9.986479907577233694e-01 2.439978641193773015e-02 -4.590033745642716628e-02 -6.674230599999999569e+00 -2.455758309687114740e-02 9.996942773273232996e-01 -2.876976093224288804e-03 4.631600000000000300e-02 4.581610708039630248e-02 4.000287746217077653e-03 9.989418812072827780e-01 2.466526299999999949e+00
9.988173039201712067e-01 2.550554669171800626e-02 -4.139396668111172684e-02 -6.680945399999999701e+00 -2.535332298629842246e-02 9.996697369916410780e-01 4.198327835664193187e-03 4.380629999999999941e-02 4.148737643178738999e-02 -3.143887882840816234e-03 9.991340818757947773e-01 2.601420599999999972e+00
9.990059229656387263e-01 2.116785928944464601e-02 -3.923120712742115407e-02 -6.686568300000000242e+00 -2.101757650337104932e-02 9.997701188160730279e-01 4.239221676220751751e-03 4.127329999999999888e-02 3.931192385901881997e-02 -3.410462666188684901e-03 9.992211674033457669e-01 2.734983000000000164e+00
9.991228835421063215e-01 1.854100641456722653e-02 -3.754590075682908562e-02 -6.692022800000000160e+00 -1.851726098509106494e-02 9.998280604287350659e-01 9.801147503662886642e-04 3.971240000000000187e-02 3.755761744462374901e-02 -2.840078323535855987e-04 9.992944234365738199e-01 2.868569599999999831e+00
9.991423483798397287e-01 2.045461240953354992e-02 -3.600245137757756425e-02 -6.697948900000000094e+00 -2.039461270857297059e-02 9.997899411936359559e-01 2.033042176978705658e-03 3.784749999999999920e-02 3.603647383535734522e-02 -1.297042482656841781e-03 9.993496336289476867e-01 3.004792899999999989e+00
9.990923075727953240e-01 1.977877397620331559e-02 -3.772745749272067572e-02 -6.704157399999999711e+00 -1.975825020230165610e-02 9.998043663707355533e-01 9.168069344829045137e-04 3.587049999999999961e-02 3.773821005042540810e-02 -1.705462111333904372e-04 9.992876454836113753e-01 3.141674500000000148e+00
9.989090201254082757e-01 1.935497030791768006e-02 -4.249887806138491486e-02 -6.711657500000000276e+00 -1.931487432458507333e-02 9.998125337049899031e-01 1.353911457244398337e-03 3.386059999999999764e-02 4.251711587022717620e-02 -5.315738784010500591e-04 9.990955971714066131e-01 3.280042599999999808e+00
9.985473286546483473e-01 2.400406475029467912e-02 -4.823937512167121577e-02 -6.720044599999999591e+00 -2.422868050110330018e-02 9.996981295318265737e-01 -4.076867883905875220e-03 3.230000000000000232e-02 4.812695167825516152e-02 5.239721942147983896e-03 9.988274835206166768e-01 3.419868000000000130e+00
9.983244222826550551e-01 2.428960678954651328e-02 -5.252011877378332666e-02 -6.729581399999999825e+00 -2.478367884902419119e-02 9.996543115900494714e-01 -8.776478914284450983e-03 2.990369999999999834e-02 5.228878595560928350e-02 1.006341499858098149e-02 9.985812989145425034e-01 3.561346799999999924e+00
9.982023807868840581e-01 2.464085650647185322e-02 -5.463364514677741118e-02 -6.734386899999999621e+00 -2.509275146491484615e-02 9.996562318717334694e-01 -7.600783112754269308e-03 2.862289999999999973e-02 5.442757403482673811e-02 8.958028278286492632e-03 9.984775375110093165e-01 3.633453100000000102e+00
9.980266984460498536e-01 2.256485849172478256e-02 -5.859638512848714537e-02 -6.744152099999999983e+00 -2.288373732245507428e-02 9.997267222091983374e-01 -4.776553884277139582e-03 2.557359999999999842e-02 5.847258977533344865e-02 6.108032588400481334e-03 9.982703282091803798e-01 3.778380600000000200e+00
9.979303032944559781e-01 2.139560842688893391e-02 -6.064105627937434184e-02 -6.754260099999999767e+00 -2.121187928058453423e-02 9.997682594984350635e-01 3.671985410607477279e-03 2.318490000000000134e-02 6.070556765257133225e-02 -2.378074749255115836e-03 9.981528834885294854e-01 3.926217999999999986e+00
9.980195329336150056e-01 2.425910693744563057e-02 -5.803884572910137513e-02 -6.764662300000000350e+00 -2.396524262287040574e-02 9.996962329742505871e-01 5.754035377009069155e-03 2.163500000000000145e-02 5.816080320108902441e-02 -4.351724679996829201e-03 9.982977428920259966e-01 4.074391799999999897e+00
9.982711757530948748e-01 2.237200377078442728e-02 -5.435212146561902574e-02 -6.774252899999999578e+00 -2.228946843747032711e-02 9.997493020062399038e-01 2.124319846663775060e-03 2.010380000000000153e-02 5.438602078943090973e-02 -9.091673750872122711e-04 9.985195712440370075e-01 4.223481699999999783e+00
9.984405320685414420e-01 1.868024419750363707e-02 -5.260753177454397661e-02 -6.778339400000000126e+00 -1.867718121324981467e-02 9.998254150235519333e-01 5.498862698336131087e-04 1.901780000000000137e-02 5.260861929964947420e-02 4.335316643050971170e-04 9.986151136577499088e-01 4.298729899999999660e+00
9.986459533344634876e-01 1.464710660868662195e-02 -4.991715293057420733e-02 -6.786660699999999657e+00 -1.451498986790384846e-02 9.998901268280747656e-01 3.008212238384828062e-03 1.647660000000000097e-02 4.995572998000542830e-02 -2.279592009612325249e-03 9.987488315399595251e-01 4.448838199999999965e+00
9.987171711386667594e-01 1.193018457632027095e-02 -4.921059610240242910e-02 -6.790513999999999939e+00 -1.166616059844675750e-02 9.999159915897674056e-01 5.648934407777666221e-03 1.497479999999999992e-02 4.927385482860158206e-02 -5.067589074407665740e-03 9.987724499460839400e-01 4.524594300000000402e+00
9.987938318887630285e-01 1.309947656750737148e-02 -4.732108509553286518e-02 -6.799017899999999948e+00 -1.299783633807909296e-02 9.999125108644804083e-01 2.454967865152817182e-03 1.305850000000000066e-02 4.734910380872956598e-02 -1.836935041787708320e-03 9.988767131323876836e-01 4.672340400000000393e+00
9.987885475590259077e-01 1.587474661177356791e-02 -4.657713693373172897e-02 -6.803961300000000101e+00 -1.603993351630783951e-02 9.998663113480591447e-01 -3.174895906712859369e-03 1.159190000000000047e-02 4.652050943104597130e-02 3.918143851113857143e-03 9.989096507447697837e-01 4.745146799999999665e+00
9.987382016939754248e-01 2.297342459611328644e-02 -4.465676028789838242e-02 -6.813085100000000338e+00 -2.363855986163437492e-02 9.996165133578086559e-01 -1.442375506051585439e-02 8.139900000000000260e-03 4.430827196756886160e-02 1.546117669210612423e-02 9.988982576071215869e-01 4.889884900000000201e+00
9.988585017950915024e-01 1.984338992650839725e-02 -4.345035405942899998e-02 -6.820775000000000254e+00 -2.026987208672321669e-02 9.997503843997034290e-01 -9.396870661723002657e-03 4.236799999999999768e-03 4.325304240458781313e-02 1.026687726963834875e-02 9.990113941061319336e-01 5.034634099999999890e+00
9.988360511483342918e-01 1.762491440631710343e-02 -4.489883426740744893e-02 -6.828785400000000116e+00 -1.730469665796265794e-02 9.998220523386888159e-01 7.510734373415321914e-03 5.025999999999999652e-04 4.502322067531399491e-02 -6.725031555472593507e-03 9.989633044064231138e-01 5.178501599999999705e+00
9.987189645499230384e-01 1.088368835775577019e-02 -4.941634523172371701e-02 -6.836294200000000210e+00 -1.079615659539948612e-02 9.999396431803907470e-01 2.037890831312094784e-03 -1.918500000000000066e-03 4.943554238700394871e-02 -1.501773619419785296e-03 9.987761870533852226e-01 5.319439400000000262e+00
9.985991648016404598e-01 9.633341699714444498e-03 -5.202794234988206840e-02 -6.840410199999999996e+00 -9.628709552046933393e-03 9.999535852051394391e-01 3.396877244372820560e-04 -2.919600000000000060e-03 5.202879981153158556e-02 1.617500675612168221e-04 9.986455716755004985e-01 5.389166799999999924e+00
9.982138277929446524e-01 1.354379279338546911e-02 -5.818693736335760203e-02 -6.849859699999999663e+00 -1.387424553362828945e-02 9.998898131675442169e-01 -5.278904682437634242e-03 -6.003099999999999929e-03 5.810902953784426173e-02 6.076775505439242948e-03 9.982917476798185419e-01 5.527153000000000205e+00
9.979602275986129145e-01 1.409021179031354556e-02 -6.226435628053045290e-02 -6.854863199999999601e+00 -1.465921468292725668e-02 9.998547752881679074e-01 -8.691131015411817165e-03 -7.506600000000000425e-03 6.213285408062768633e-02 9.586149652040307570e-03 9.980218505517021166e-01 5.595418500000000073e+00
9.977220592932044552e-01 1.603612389486744338e-02 -6.552507253071768178e-02 -6.859887099999999904e+00 -1.689400081849880275e-02 9.997784042128645687e-01 -1.255926773034175825e-02 -9.399799999999999822e-03 6.530915047734056622e-02 1.363763909209740610e-02 9.977718825783384871e-01 5.663035899999999678e+00
9.974512687473884309e-01 2.061869729958831429e-02 -6.830692348432192140e-02 -6.866115100000000027e+00 -2.151871069572963355e-02 9.996907185076140401e-01 -1.246645176960026885e-02 -1.147880000000000081e-02 6.802875542164908695e-02 1.390455505934037883e-02 9.975864633125206549e-01 5.730522599999999578e+00
9.970978559985348433e-01 2.406850859540391602e-02 -7.222584341576056277e-02 -6.872004500000000071e+00 -2.492105305241170549e-02 9.996297143785716210e-01 -1.092589795734317734e-02 -1.295570000000000055e-02 7.193612915554935261e-02 1.269413350364500398e-02 9.973284575788999851e-01 5.798173399999999589e+00
9.967541691160453077e-01 2.692455142172157229e-02 -7.586959127688325255e-02 -6.878188599999999653e+00 -2.738068176866077785e-02 9.996126834387807358e-01 -4.978089412943228001e-03 -1.478239999999999936e-02 7.570617290330805549e-02 7.039292511254310533e-03 9.971053222931244298e-01 5.865571000000000090e+00
9.964220600580800946e-01 2.734876105889967601e-02 -7.996951605552503339e-02 -6.884353199999999617e+00 -2.737062727681019436e-02 9.996250154721068037e-01 8.229245798955427691e-04 -1.659340000000000120e-02 7.996203469200617586e-02 1.368835612290717364e-03 9.967969699477325918e-01 5.932590499999999878e+00
9.960262005649224148e-01 2.658418546169291283e-02 -8.500052277217735874e-02 -6.890438099999999899e+00 -2.630152247921227135e-02 9.996441782142156951e-01 4.443745908692842139e-03 -1.777470000000000092e-02 8.508841109975327777e-02 -2.190444193274032354e-03 9.963709972950616223e-01 5.998889899999999997e+00
9.954699132134384731e-01 2.607462260713930627e-02 -9.143175565811133276e-02 -6.897331199999999995e+00 -2.567414404242463269e-02 9.996549376707122292e-01 5.553730120683434378e-03 -1.874390000000000084e-02 9.154501742049180046e-02 -3.181139176429473824e-03 9.957958576631166236e-01 6.064581900000000303e+00
9.949721928652018876e-01 2.457072594315846265e-02 -9.709075574758692373e-02 -6.904367899999999558e+00 -2.378078441274302651e-02 9.996740773781641609e-01 9.285112321926919030e-03 -1.948389999999999844e-02 9.728725362413116751e-02 -6.929534237043679171e-03 9.952322200559684529e-01 6.129863300000000237e+00
9.935050103895454177e-01 2.960439145830849952e-02 -1.098698063038819617e-01 -6.919868000000000130e+00 -2.889888021185501102e-02 9.995502580095917411e-01 8.008522676469695054e-03 -2.103910000000000155e-02 1.100574806788260362e-01 -4.781393033615337178e-03 9.939137232311907599e-01 6.259843299999999999e+00
9.927797882363214033e-01 3.196213807460933365e-02 -1.156145051416314212e-01 -6.928729099999999974e+00 -3.170418870940822087e-02 9.994890100150614076e-01 4.069800657356211285e-03 -2.166090000000000029e-02 1.156855068179369755e-01 -3.749517462190111658e-04 9.932858213643568357e-01 6.323671299999999995e+00
9.920902658772856597e-01 3.056807952670767548e-02 -1.217476770438988831e-01 -6.936739000000000210e+00 -3.059940532601822943e-02 9.995304274019413127e-01 1.612789938814178630e-03 -2.283429999999999835e-02 1.217398075619912923e-01 2.125373318165055779e-03 9.925597725291045448e-01 6.387053500000000383e+00
9.913956026509243014e-01 3.215169411184879561e-02 -1.268898246911416838e-01 -6.945887599999999829e+00 -3.237542663416790450e-02 9.994757336470483366e-01 2.993341780267284001e-04 -2.378049999999999956e-02 1.268329247264533000e-01 3.811353622091658098e-03 9.919167721078725464e-01 6.450311199999999801e+00
9.907022169006804990e-01 3.395872446093539665e-02 -1.317418781597683164e-01 -6.954994700000000307e+00 -3.354373734499638271e-02 9.994228313414775799e-01 5.368601150602680255e-03 -2.431710000000000121e-02 1.318481517238936085e-01 -8.995701032298371487e-04 9.912695171650455217e-01 6.513770599999999966e+00
9.889639672911747503e-01 3.369437315506697977e-02 -1.442739083042643422e-01 -6.973840199999999712e+00 -3.226527578949978797e-02 9.994044577987850619e-01 1.223444768446660044e-02 -2.677109999999999906e-02 1.446002191489614841e-01 -7.444390478980323668e-03 9.894621557555745017e-01 6.638669000000000153e+00
9.879636615210505290e-01 3.077321140479091777e-02 -1.515942379305862675e-01 -6.983295000000000030e+00 -2.984886472498215343e-02 9.995193795885296550e-01 8.369892567449502621e-03 -2.729449999999999932e-02 1.517789471189890105e-01 -3.744233806398409008e-03 9.884073714439073344e-01 6.700096600000000180e+00
9.866692813165790499e-01 2.921162944776419662e-02 -1.600950030801462087e-01 -6.993583199999999778e+00 -2.938210684802426698e-02 9.995674036963789755e-01 1.302791177254240774e-03 -2.770260000000000083e-02 1.600638032267032995e-01 3.418504451768609662e-03 9.871007510502241011e-01 6.760984399999999894e+00
9.833137267817493310e-01 2.632201703865010359e-02 -1.800035170256520101e-01 -7.016302600000000389e+00 -2.628315320955437392e-02 9.996511536111167828e-01 2.601334527973215346e-03 -2.969549999999999967e-02 1.800091958205198572e-01 2.173132066936454571e-03 9.836625269456336085e-01 6.883113899999999674e+00
