9.999999999999800160e-01 -0.000000000000000000e+00 -1.999999999999980057e-07 0.000000000000000000e+00 0.000000000000000000e+00 1.000000000000000000e+00 -0.000000000000000000e+00 0.000000000000000000e+00 1.999999999999980057e-07 0.000000000000000000e+00 9.999999999999800160e-01 -0.000000000000000000e+00
9.995938132547090849e-01 1.469111153610662976e-03 -2.846138112123418329e-02 -3.252199999999999796e-03 -1.563376630845562205e-03 9.999933655938272326e-01 -3.290079306088073731e-03 -6.958999999999999474e-04 2.845635880466675094e-02 3.333238777609511157e-03 9.995894783173898679e-01 2.796519999999999909e-02
9.991069637121566815e-01 1.402999812380954434e-03 -4.222921563801219913e-02 -4.796800000000000369e-03 -1.580727217925934330e-03 9.999900330375383062e-01 -4.175539132342608040e-03 -7.339000000000000037e-04 4.222293646038588477e-02 4.238563094926785929e-03 9.990992234105442460e-01 3.905519999999999825e-02
6.707548588113259047e-01 1.502062015608723183e-02 -7.415270058137630738e-01 -2.280658999999999881e-01 -1.482882650537827376e-02 9.998666506614738436e-01 6.840087680699238198e-03 -6.869499999999999738e-03 7.415308660369246407e-01 6.407953271740412377e-03 6.708881522648881823e-01 3.770930000000000115e-01
6.269587215916739842e-01 1.453829461229689222e-02 -7.789168116107777484e-01 -2.505823999999999829e-01 -1.199972466437487263e-02 9.998874614318432608e-01 9.003947987598157759e-03 -7.026899999999999986e-03 7.789600554766032969e-01 3.701683556199620532e-03 6.270626200872897460e-01 3.902190999999999854e-01
5.302809345092123205e-01 1.558143658524831915e-02 -8.476788008025069043e-01 -3.007755999999999763e-01 -8.555114083463207647e-03 9.998785429134920966e-01 1.302725773947727497e-02 -6.078000000000000069e-03 8.477788275954143415e-01 3.438824388163541287e-04 5.303498290994471676e-01 4.133475999999999817e-01
2.618588128869521192e-01 2.539919186596337544e-02 -9.647719125088543013e-01 -4.465290000000000092e-01 3.748118211835356484e-03 9.996193316827142183e-01 2.733392280800307078e-02 -6.220400000000000061e-03 9.650989139582049070e-01 -1.077370775358893473e-02 2.616639323596852140e-01 4.519234999999999780e-01
2.111673036720389529e-01 2.578669646711218705e-02 -9.771097257448589923e-01 -4.838087999999999833e-01 6.224936470378401518e-03 9.995961938363220334e-01 2.772542937229068721e-02 -5.918500000000000150e-03 9.774301100466570302e-01 -1.193715013104678334e-02 2.109215124659602481e-01 4.565907000000000160e-01
1.636600733460720769e-01 2.682203318026944727e-02 -9.861520972590558376e-01 -5.227435999999999749e-01 4.304888254603058892e-03 9.996013862488314361e-01 2.790226776679076426e-02 -5.390100000000000099e-03 9.865073990241903790e-01 -8.811761769977395631e-03 1.634793703347167115e-01 4.596579000000000081e-01
1.855074169685728969e-02 2.031080250959927530e-02 -9.996215990483162672e-01 -7.000359999999999916e-01 3.219278037439893964e-03 9.997872473712509089e-01 2.037391083554596083e-02 -1.990500000000000082e-03 9.998227374046934068e-01 -3.596011016831809903e-03 1.848140885735405359e-02 4.609021999999999841e-01
-7.942334484835139596e-03 1.845078886216620917e-02 -9.997982234997694340e-01 -7.479767000000000499e-01 2.823690178754832344e-03 9.998261865886068911e-01 1.842887368936620140e-02 -1.526900000000000089e-03 9.999644724172481736e-01 -2.676752145413104425e-03 -7.993053311884268375e-03 4.588814999999999977e-01
-2.836042304076254184e-02 1.620886878975857578e-02 -9.994663370907023170e-01 -7.976001999999999814e-01 2.355461777381485239e-03 9.998668295831083519e-01 1.614852622496770404e-02 -7.615999999999999723e-04 9.995949870846513319e-01 -1.896225719571694411e-03 -2.839482564229189876e-02 4.558182000000000067e-01
-5.767640903660001261e-02 1.576817094022178387e-02 -9.982107976904691649e-01 -9.023101000000000038e-01 3.824623259142262421e-03 9.998714122055814002e-01 1.557341680370585846e-02 9.608000000000000438e-04 9.983280042639134377e-01 -2.919561476705919735e-03 -5.772929986770414246e-02 4.487728000000000272e-01
-7.396664771531968885e-02 1.865345091668127453e-02 -9.970862469188195298e-01 -1.013030099999999933e+00 9.842964582766188658e-04 9.998259305509159534e-01 1.863168694662824254e-02 5.467999999999999554e-04 9.972602299230830525e-01 3.966949632848455060e-04 -7.397213290737325586e-02 4.390680000000000138e-01
-7.864053826130583402e-02 2.240395038643456377e-02 -9.966512573358117244e-01 -1.191745999999999972e+00 5.253994609913959293e-03 9.997428675707039636e-01 2.205888215991344548e-02 3.013599999999999959e-03 9.968891920783429228e-01 -3.501677967508016326e-03 -7.873802746323266266e-02 4.246725000000000083e-01
-7.710037236304687069e-02 2.494847265069748826e-02 -9.967111448628823700e-01 -1.254060600000000081e+00 4.578742313119383081e-03 9.996851949406836413e-01 2.466872788040452152e-02 3.471699999999999873e-03 9.970128222346542612e-01 -2.661715387639486743e-03 -7.719033340312519975e-02 4.198044000000000220e-01
-7.527194509395990218e-02 2.481514252600887718e-02 -9.968542235368149651e-01 -1.318156499999999953e+00 2.218435264129618723e-03 9.996919953644418655e-01 2.471827156658755464e-02 4.276600000000000193e-03 9.971605752469114847e-01 -3.508641825128583358e-04 -7.530381177320755182e-02 4.142882999999999982e-01
-7.374719536435057898e-02 2.222453733159175659e-02 -9.970292980230264224e-01 -1.383467699999999967e+00 3.622914389584380029e-04 9.997521847030240716e-01 2.225843495045673470e-02 5.118400000000000380e-03 9.972769023299423718e-01 1.280281971731541887e-03 -7.373697144084023769e-02 4.091782999999999948e-01
-7.219521801846270903e-02 2.232621460018224813e-02 -9.971406072550113020e-01 -1.450467200000000068e+00 -1.842425069287709216e-04 9.997491172652294145e-01 2.239795932876949974e-02 5.958800000000000208e-03 9.973905035390926432e-01 1.800741242150318694e-03 -7.217299204698068849e-02 4.040486999999999829e-01
-6.846859397263882485e-02 2.835233996275194485e-02 -9.972503178530691681e-01 -1.589783299999999899e+00 -6.498513577190417889e-04 9.995946182256350010e-01 2.846360672086230628e-02 8.567999999999999228e-03 9.976530606040476812e-01 2.596927604610145546e-03 -6.842241324590658813e-02 3.939499000000000195e-01
-6.668810487550339006e-02 3.064777698264529310e-02 -9.973030684973028803e-01 -1.661437199999999947e+00 -1.020735824184245202e-03 9.995255290112823321e-01 3.078432966776212254e-02 9.228899999999999951e-03 9.977733483945595561e-01 3.070931574989860247e-03 -6.662518002054962363e-02 3.890841999999999912e-01
-6.492060188465549608e-02 3.005767829631120214e-02 -9.974376428761695390e-01 -1.734515500000000099e+00 -2.977890494511199748e-03 9.995359668672538778e-01 3.031473415596009843e-02 1.038990000000000052e-02 9.978859892889249128e-01 4.938310862966862474e-03 -6.480096809989754902e-02 3.839487999999999790e-01
-6.161066017331601197e-02 2.649285172814087527e-02 -9.977485932640137722e-01 -1.884455699999999956e+00 -6.464156237814367573e-03 9.996161087832788894e-01 2.694159878531524402e-02 1.317199999999999968e-02 9.980793261245024528e-01 8.109492480205971604e-03 -6.141575444926317129e-02 3.736372000000000027e-01
-5.880674135654496287e-02 3.086253949147384212e-02 -9.977921982192294870e-01 -2.039286399999999944e+00 -1.795853600435298736e-03 9.995170968666416966e-01 3.102173401223985022e-02 1.575520000000000045e-02 9.982677707313156734e-01 3.616175800147570715e-03 -5.872291879421698280e-02 3.645063000000000053e-01
-5.753481823648205762e-02 3.275400818595131103e-02 -9.978060531176634607e-01 -2.118095600000000189e+00 -5.974901497854470667e-04 9.994603523085723307e-01 3.284276432862084927e-02 1.676220000000000140e-02 9.983433215562748098e-01 2.485781764164914781e-03 -5.748419950738692386e-02 3.597747000000000028e-01
-5.664216223520461557e-02 2.792718461415719805e-02 -9.980038766542175255e-01 -2.196818799999999960e+00 -4.361556544395118334e-04 9.996079169214420190e-01 2.799682475247296590e-02 1.801699999999999829e-02 9.983944487153185721e-01 2.021085723655471206e-03 -5.660777320237719845e-02 3.548322999999999894e-01
-5.638220906098805746e-02 2.100935446664101841e-02 -9.981881854271256183e-01 -2.275610900000000214e+00 8.326740126663335212e-04 9.997792169677841567e-01 2.099580846914884946e-02 1.861849999999999963e-02 9.984089107952670572e-01 3.526247007562838959e-04 -5.638725476939576708e-02 3.502782999999999869e-01
-5.687596753243059911e-02 1.725802765225669180e-02 -9.982320796281812791e-01 -2.436740900000000210e+00 5.043703633536518460e-03 9.998427936508871294e-01 1.699850105293422564e-02 2.040809999999999846e-02 9.983685118085939836e-01 -4.067980573146693854e-03 -5.695407064599988800e-02 3.411263999999999963e-01
-5.682999660735446601e-02 3.189762419329134069e-02 -9.978741869877343351e-01 -2.601304499999999909e+00 3.028468685260356577e-03 9.994904014241037249e-01 3.177681290668449982e-02 2.183130000000000140e-02 9.983792765592796048e-01 -1.216154557442573544e-03 -5.689763707801875903e-02 3.307539999999999925e-01
-5.722877686609554454e-02 3.723313058777750345e-02 -9.976665580668945266e-01 -2.684097799999999978e+00 1.158898312199500846e-03 9.993061316268698757e-01 3.722784237157954201e-02 2.316750000000000059e-02 9.983604179118444888e-01 9.743097940076925201e-04 -5.723221703999126220e-02 3.254683999999999910e-01
-5.804581629766972922e-02 3.391984764169184152e-02 -9.977375041293683466e-01 -2.847696800000000028e+00 -5.544799351292969969e-04 9.994213608680072580e-01 3.400935154839147823e-02 2.604650000000000021e-02 9.983137661889365244e-01 2.527325998946526597e-03 -5.799342084199143876e-02 3.151863999999999777e-01
-5.836150948250756060e-02 3.124872448073445774e-02 -9.978063195977717736e-01 -2.929374000000000144e+00 -5.374311241548909018e-04 9.995088415647028768e-01 3.133347733292092541e-02 2.753299999999999845e-02 9.982953698073082638e-01 2.364921206515484264e-03 -5.831605069770240402e-02 3.098943000000000114e-01
-5.839380236213655151e-02 3.242653595551526352e-02 -9.977668483226017626e-01 -3.011280800000000202e+00 -2.391405980732841385e-03 9.994649105134505440e-01 3.262167729862577165e-02 2.895280000000000076e-02 9.982907617638897557e-01 4.290969385352970400e-03 -5.828501144039444082e-02 3.044759000000000215e-01
-5.811526737587370539e-02 3.502361630032160833e-02 -9.976953252366566050e-01 -3.093056199999999922e+00 -3.460451612663850013e-03 9.993713339435242871e-01 3.528402140597341335e-02 2.963539999999999924e-02 9.983038820782309530e-01 5.503016735266581458e-03 -5.795753475040377189e-02 2.994106999999999741e-01
-5.763299020353387231e-02 2.816256697081614968e-02 -9.979405334296295171e-01 -3.255732300000000023e+00 -4.641477480573807934e-03 9.995836721494358867e-01 2.847699174854148932e-02 3.205910000000000010e-02 9.983270481796014950e-01 6.273132699335246670e-03 -5.747828006421062952e-02 2.890275999999999956e-01
-5.652204218944098524e-02 2.459743065397407280e-02 -9.980983043528116605e-01 -3.417264900000000161e+00 -5.266296967692389933e-03 9.996752151340240200e-01 2.493452151116831716e-02 3.437439999999999940e-02 9.983874622925624776e-01 6.665632150499910605e-03 -5.637414731107770471e-02 2.788607000000000169e-01
-5.524772487347470729e-02 3.221925532333701214e-02 -9.979527085401963538e-01 -3.580295599999999911e+00 -4.619876765814658406e-03 9.994602875403658659e-01 3.252368934173659881e-02 3.533800000000000135e-02 9.984619900802299552e-01 6.407278372189293900e-03 -5.506905799891392839e-02 2.691130999999999940e-01
-5.464125853121923337e-02 4.078769669856613378e-02 -9.976726400298594477e-01 -3.742381599999999864e+00 -3.576105123439681649e-03 9.991509406228525902e-01 4.104399255207709374e-02 3.839669999999999889e-02 9.984996466390310133e-01 5.810477647717870314e-03 -5.444900376714711943e-02 2.596771999999999969e-01
-5.391921582271405611e-02 3.637256719730459081e-02 -9.978826356443634138e-01 -3.902984099999999845e+00 -3.817012980494936814e-03 9.993215603629214128e-01 3.663126268261517743e-02 4.149919999999999998e-02 9.985380055746354566e-01 5.784059931707491789e-03 -5.374380032837366983e-02 2.502927999999999820e-01
-5.303293860971855511e-02 2.948166646794198043e-02 -9.981574719274961538e-01 -4.062863799999999692e+00 -8.556417317083635579e-03 9.995139852118655188e-01 2.997634214827491622e-02 4.402060000000000001e-02 9.985561051563969226e-01 1.013038539087024632e-02 -5.275490637579327569e-02 2.401403000000000010e-01
-5.420606814797823692e-02 2.581343721144043271e-02 -9.981960572128444342e-01 -4.223136399999999568e+00 -9.608637875915541221e-03 9.996060264966796227e-01 2.637168689502002172e-02 4.564399999999999707e-02 9.984835382990081554e-01 1.102080989993348137e-02 -5.393668042291133169e-02 2.306111999999999884e-01
-5.600694265356638557e-02 2.041050678918383127e-02 -9.982217356816112108e-01 -4.381368199999999824e+00 -1.941968767010153821e-03 9.997869102731242741e-01 2.055146719403738026e-02 4.694340000000000318e-02 9.984284907452849467e-01 3.089540277827464154e-03 -5.595537158274976886e-02 2.221008999999999900e-01
-5.956079954072685673e-02 3.034176364067091292e-02 -9.977634431754066613e-01 -4.539986599999999761e+00 9.033302041561823426e-04 9.995391722042756832e-01 3.034183949159079824e-02 4.768630000000000091e-02 9.982242709695109406e-01 9.058743648323389075e-04 -5.956076090030693049e-02 2.127873000000000125e-01
-6.250895726397749652e-02 3.293220420881745603e-02 -9.975009274119592817e-01 -4.696363899999999703e+00 2.535261238877995968e-03 9.994574743837024711e-01 3.283792546738265039e-02 4.957749999999999657e-02 9.980411828738435798e-01 -4.762609573340896574e-04 -6.255853629425511819e-02 2.025644000000000056e-01
-6.452150724468801168e-02 2.557702498627577314e-02 -9.975884877522021021e-01 -4.850033800000000284e+00 -5.460180221548779564e-03 9.996474738249938596e-01 2.598296571326293852e-02 5.107830000000000009e-02 9.979013786616501847e-01 7.123473040576103199e-03 -6.435910655857723928e-02 1.906759000000000093e-01
-6.631908837237314447e-02 2.565812517054983852e-02 -9.974685153578480845e-01 -5.002794299999999694e+00 -1.130704657666725330e-02 9.995858082655751931e-01 2.646436494174622331e-02 5.197360000000000174e-02 9.977343981316723065e-01 1.303351551920072307e-02 -6.600150193776133101e-02 1.784277999999999975e-01
-6.825059872952994600e-02 2.675779252750094817e-02 -9.973093182719771077e-01 -5.154005999999999865e+00 -1.290178150977630556e-02 9.995330073371975210e-01 2.770038406469972625e-02 5.330460000000000059e-02 9.975847832675349691e-01 1.475763471946269639e-02 -6.787350300781758161e-02 1.673804000000000125e-01
-6.859466006522234316e-02 2.677191200966913195e-02 -9.972853339630957104e-01 -5.228807899999999620e+00 -1.409218487839631120e-02 9.995141386727028898e-01 2.780102369910281840e-02 5.353630000000000194e-02 9.975450781472935402e-01 1.596093107282629819e-02 -6.818405783904912809e-02 1.616615999999999886e-01
-6.932010521800779923e-02 2.847626116233876320e-02 -9.971879589940795263e-01 -5.303113899999999603e+00 -1.219484353963001637e-02 9.994936334914599207e-01 2.938983499584756423e-02 5.443329999999999697e-02 9.975199290257852347e-01 1.419785759378784304e-02 -6.893774028888854932e-02 1.566721000000000086e-01
-6.945843763292985917e-02 3.109732941099010994e-02 -9.971000358765899074e-01 -5.377748999999999668e+00 -1.133313857019290112e-02 9.994249159154000584e-01 3.195930877920405422e-02 5.548140000000000016e-02 9.975204686680575472e-01 1.352011653056559536e-02 -6.906606284752825342e-02 1.514409999999999923e-01
-6.989148924411335562e-02 3.544339978021436577e-02 -9.969247439718104120e-01 -5.451401200000000280e+00 -1.135888778505873831e-02 9.992755337908508784e-01 3.632331531256957624e-02 5.649980000000000280e-02 9.974899274677043737e-01 1.386264689840320183e-02 -6.943825762102451282e-02 1.461774999999999880e-01
-7.051858185593934403e-02 3.740488060448888402e-02 -9.968089107346458366e-01 -5.524009699999999690e+00 -1.136222605131542544e-02 9.992017443691629808e-01 3.829848389663282476e-02 5.766910000000000092e-02 9.974457526262698881e-01 1.402672294535562379e-02 -7.003728729204350412e-02 1.408594999999999986e-01
-7.139193604500583545e-02 3.548521624779089195e-02 -9.968169294788250534e-01 -5.667971099999999929e+00 -1.038344879227703042e-02 9.992863828693216988e-01 3.631678679516696373e-02 5.961029999999999801e-02 9.973942928746503123e-01 1.294312326275888145e-02 -7.097253061066000068e-02 1.296365999999999907e-01
-7.157098497275403426e-02 3.189849388822103837e-02 -9.969253132495399239e-01 -5.737817800000000190e+00 -9.938259177625398400e-03 9.994160722050329237e-01 3.269167512965076572e-02 6.074029999999999707e-02 9.973859960489461773e-01 1.224747753324769914e-02 -7.121217718567829369e-02 1.243206000000000033e-01
-7.126766770848667887e-02 2.879208815639775626e-02 -9.970415915090937720e-01 -5.806675000000000253e+00 -1.036393033568040918e-02 9.995079715906259876e-01 2.960411584204967334e-02 6.187390000000000251e-02 9.974033830338604467e-01 1.244308588681092287e-02 -7.093420279543261042e-02 1.187865000000000032e-01
-6.361170013903441611e-02 2.689976666210476541e-02 -9.976121261086122738e-01 -6.005458800000000430e+00 -1.367273479414381730e-02 9.995193523982964789e-01 2.782302112530250088e-02 6.323840000000000017e-02 9.978810590088732502e-01 1.540995570448978023e-02 -6.321333195232703428e-02 1.044747000000000037e-01
-5.781546528414772262e-02 2.841732503743346627e-02 -9.979227563352255359e-01 -6.068203399999999803e+00 -1.290149320528603989e-02 9.994900507633045494e-01 2.920941454806732021e-02 6.375020000000000686e-02 9.982439198147168291e-01 1.456344955303330232e-02 -5.741935640587403356e-02 1.006163999999999947e-01
-5.071378936709741020e-02 2.991907992926456927e-02 -9.982649749561566255e-01 -6.129542400000000058e+00 -1.205546429444308114e-02 9.994600060424670973e-01 3.056733717936858247e-02 6.415640000000000231e-02 9.986404645059577811e-01 1.358473326120460296e-02 -5.032571582746570016e-02 9.779999999999999805e-02
-3.027470944904862502e-02 3.303630626259806968e-02 -9.989955177258303953e-01 -6.248345399999999827e+00 -1.534885335530225721e-02 9.993204416542895707e-01 3.351220065219725347e-02 6.504150000000000209e-02 9.994237613087121330e-01 1.634800784192150941e-02 -2.974706659735304459e-02 9.351320000000000465e-02
3.067646640562174312e-03 3.589671287964263380e-02 -9.993507970420221209e-01 -6.360552300000000159e+00 -2.002506524938807778e-02 9.991573100248363204e-01 3.582829308927115708e-02 6.637560000000000682e-02 9.997947720936763982e-01 1.990215637486210040e-02 3.783895583144181174e-03 9.298629999999999396e-02
8.014846524740698586e-02 3.660781073616448111e-02 -9.961104816794120742e-01 -6.511923799999999929e+00 -1.904116196363680319e-02 9.991992549437574977e-01 3.518924652382694751e-02 6.790749999999999564e-02 9.966010524124283565e-01 1.614673691323657151e-02 8.078134201345621435e-02 1.041513000000000022e-01
1.519858686963833361e-01 3.693579732477650368e-02 -9.876922813268254053e-01 -6.602714500000000264e+00 -1.726727798016858273e-02 9.992482161057509860e-01 3.471085882875726142e-02 6.877980000000000205e-02 9.882318234239177990e-01 1.177919714825096699e-02 1.525093888479700510e-01 1.197592999999999991e-01
1.926152642277743077e-01 3.618954120313444545e-02 -9.806067902548765147e-01 -6.645504500000000370e+00 -1.717010305404101378e-02 9.992910011217520649e-01 3.350645666435256992e-02 6.969960000000000044e-02 9.811241244346091683e-01 1.038326464042787188e-02 1.931000783734396764e-01 1.304830999999999908e-01
5.778548889394944377e-01 1.421263188898532967e-02 -8.160157648131026731e-01 -6.935419600000000351e+00 1.362400801602068820e-02 9.995410515681228958e-01 2.705684082945664440e-02 7.227659999999999640e-02 8.160258045762426304e-01 -2.675233307357221049e-02 5.773960503335787697e-01 2.921410999999999869e-01
6.207023638204490767e-01 7.595052584445354665e-03 -7.840094965776540636e-01 -6.964943899999999743e+00 2.393892942137766308e-02 9.993032906761116774e-01 2.863321326803709710e-02 7.221180000000000654e-02 7.836807406118038166e-01 -3.654105116350796212e-02 6.200880972684451597e-01 3.215566999999999731e-01
6.620752202314346135e-01 2.752445974818117785e-03 -7.494323363697705798e-01 -6.992802099999999577e+00 2.500765659080311440e-02 9.993552347561943661e-01 2.576299433738305986e-02 7.251820000000000488e-02 7.490200396967585661e-01 -3.579858665572256682e-02 6.615795049169214126e-01 3.507676000000000127e-01
8.775010037282969799e-01 -1.192869819913885271e-02 -4.794264225249847411e-01 -7.138065799999999683e+00 9.741081431043428773e-03 9.999277007622715541e-01 -7.050147575118539262e-03 7.370290000000000175e-02 4.794758594427723231e-01 1.516379751589426103e-03 8.775537594951455800e-01 5.717562000000000477e-01
9.024074632562143483e-01 -1.038675719099418047e-02 -4.307585002464133783e-01 -7.157621899999999648e+00 8.855426976058984948e-03 9.999453328160108345e-01 -5.559927387020086216e-03 7.291000000000000258e-02 4.307927015079940913e-01 1.202769525960747411e-03 9.024501103512102551e-01 6.183178999999999759e-01
9.226180487361069771e-01 -4.057450278281806225e-03 -3.856934965015845207e-01 -7.175657300000000127e+00 2.602631106806991418e-03 9.999873938935818218e-01 -4.293991761105171549e-03 7.208749999999999880e-02 3.857060570663888854e-01 2.957896408231595019e-03 9.226169781611097687e-01 6.667528999999999817e-01
9.390554932469383775e-01 1.869845009399714268e-04 -3.437655387608620772e-01 -7.192775700000000327e+00 -2.398682533434897020e-03 9.999790719027492614e-01 -6.008500530078531368e-03 7.169419999999999960e-02 3.437572209057623840e-01 6.466899822369902989e-03 9.390362891187082894e-01 7.167267999999999972e-01
9.677073781587861578e-01 5.346801423430910978e-03 -2.520195269648494163e-01 -7.237093400000000010e+00 -5.741379577414524628e-03 9.999831733997641692e-01 -8.303480506198160230e-04 6.944369999999999710e-02 2.520108466268785596e-01 2.250473700250216983e-03 9.677217929500856464e-01 8.809084000000000358e-01
9.730080605869479982e-01 5.529542022208025487e-03 -2.307048725056554117e-01 -7.250553599999999932e+00 -5.362207789189965892e-03 9.999847088665813066e-01 1.352316769172775927e-03 6.871170000000000055e-02 2.307088224590720382e-01 -7.872765251810693709e-05 9.730228327441782232e-01 9.397820000000000062e-01
9.770575579672212685e-01 7.950914886900578918e-03 -2.128269517039400593e-01 -7.263497400000000326e+00 -7.256682600921740729e-03 9.999654970514409991e-01 4.042927688455398572e-03 6.809030000000000638e-02 2.128517535205182720e-01 -2.405755416883101697e-03 9.770815438662807662e-01 1.000530499999999989e+00
9.828150201492648064e-01 1.660304235890365868e-02 -1.838449758721430738e-01 -7.288912800000000303e+00 -1.561671897733151425e-02 9.998548492660959131e-01 6.811643520895895899e-03 6.732489999999999308e-02 1.839313846448818179e-01 -3.823530240649357544e-03 9.829316488744858082e-01 1.126257899999999923e+00
9.874689960768576746e-01 1.500548332177129365e-02 -1.570981134744869612e-01 -7.310370400000000046e+00 -1.417097949337172216e-02 9.998789068742197639e-01 6.430779751601376805e-03 6.625330000000000108e-02 1.571755869311808052e-01 -4.123961480810857914e-03 9.875620627659527084e-01 1.258904199999999918e+00
9.897069712926491736e-01 1.554927579505233429e-02 -1.422614881019480249e-01 -7.320244800000000218e+00 -1.470124532572056678e-02 9.998673561081805605e-01 7.010247863653049083e-03 6.627850000000000408e-02 1.423516222619337912e-01 -4.846670144158007551e-03 9.898042864263163487e-01 1.327888299999999910e+00
9.916516654578827472e-01 1.730865026363222550e-02 -1.277786563580108614e-01 -7.329718599999999640e+00 -1.649400608834989887e-02 9.998363514291936927e-01 7.430889846806821263e-03 6.610050000000000647e-02 1.278863642370242915e-01 -5.261272356489854994e-03 9.917748720629223635e-01 1.398087000000000080e+00
9.944261180473736861e-01 1.837996347777760484e-02 -1.038213498649790678e-01 -7.345330699999999879e+00 -1.853447861645049835e-02 9.998280846696591118e-01 -5.236489447975837402e-04 6.420199999999999518e-02 1.037938767348400293e-01 2.445004776398145181e-03 9.945958239928399669e-01 1.542601200000000006e+00
9.961402518946060880e-01 1.667926514807663296e-02 -8.617656682341676144e-02 -7.358861000000000097e+00 -1.734560114878639508e-02 9.998251254845097469e-01 -6.989175249746161500e-03 6.294230000000000658e-02 8.604492243089001402e-02 8.456983150308412800e-03 9.962553642314090352e-01 1.692331000000000030e+00
9.966655335701862795e-01 1.816833575121345676e-02 -7.954700352173560418e-02 -7.365361700000000234e+00 -1.828362867470688033e-02 9.998325803889835939e-01 -7.211901219011902309e-04 6.164220000000000116e-02 7.952058296907332791e-02 2.173193212227212279e-03 9.968308553187551491e-01 1.769088900000000075e+00
9.969797102519017962e-01 2.252021690103955462e-02 -7.432561588553540655e-02 -7.371847200000000377e+00 -2.202226466695281562e-02 9.997292547103798777e-01 7.512465318860877227e-03 6.031469999999999887e-02 7.447467492357856544e-02 -5.852957112309845229e-03 9.972057288684560428e-01 1.846394400000000102e+00
9.975328420337146174e-01 2.176990972418434839e-02 -6.674054311092335323e-02 -7.383114299999999908e+00 -2.113031333288536984e-02 9.997239352877311802e-01 1.027438909456460277e-02 5.858050000000000063e-02 6.694579092515258456e-02 -8.838791965720476165e-03 9.977174634304004641e-01 1.999666200000000060e+00
9.977292310171990142e-01 2.170069292408993017e-02 -6.376097160836725897e-02 -7.387966600000000383e+00 -2.115736808901678978e-02 9.997339724735765376e-01 9.184228750840852176e-03 5.826320000000000110e-02 6.394331356267453359e-02 -7.814359143030918595e-03 9.979229371258129255e-01 2.076124200000000197e+00
9.981104679839524207e-01 1.797276064634899251e-02 -5.875775332332372480e-02 -7.396747600000000311e+00 -1.718703743844847420e-02 9.997563560884413780e-01 1.385042255135119846e-02 5.698310000000000181e-02 5.899236768383586682e-02 -1.281438002833754780e-02 9.981761829554662846e-01 2.229115699999999922e+00
9.983202639678807611e-01 1.574228934691761575e-02 -5.575689084964085412e-02 -7.401132600000000394e+00 -1.488714336570765538e-02 9.997656098793450408e-01 1.571935956043179691e-02 5.618650000000000033e-02 5.599128069181581041e-02 -1.486289435807158429e-02 9.983206252791689828e-01 2.305825500000000083e+00
9.984668861725091160e-01 1.500468226858917876e-02 -5.327979661177858345e-02 -7.405304899999999968e+00 -1.437834137156473492e-02 9.998231733271419897e-01 1.211962777673173189e-02 5.550999999999999684e-02 5.345222648661659276e-02 -1.133497190391149004e-02 9.985060730388979344e-01 2.381152399999999947e+00
9.985954822408686926e-01 1.802324628961692737e-02 -4.982193735003324214e-02 -7.414069200000000137e+00 -1.818878285877841006e-02 9.998304479799153821e-01 -2.871144440474917778e-03 5.396660000000000346e-02 4.976174259652726278e-02 3.773312267182656228e-03 9.987539892727794744e-01 2.531147499999999884e+00
9.986403274403258257e-01 1.916708922603003670e-02 -4.847802698625503642e-02 -7.418339300000000414e+00 -1.952149481578193194e-02 9.997859869715771675e-01 -6.847736518495040406e-03 5.257010000000000155e-02 4.833640088004140939e-02 7.784789391546479559e-03 9.988007756325048003e-01 2.606195200000000156e+00
9.987067989441317239e-01 2.061197849250582387e-02 -4.647446702642347299e-02 -7.422289400000000370e+00 -2.087363686465727036e-02 9.997688481942311745e-01 -5.151840877080816374e-03 5.115569999999999840e-02 4.635753473609296321e-02 6.115269659206962020e-03 9.989061930182367988e-01 2.681269200000000019e+00
9.987549396911169497e-01 2.382313236752695712e-02 -4.382954262586642724e-02 -7.426748299999999858e+00 -2.390758266069364923e-02 9.997131876475032763e-01 -1.403543725696742434e-03 4.965730000000000144e-02 4.378353496367616560e-02 2.449654642420393252e-03 9.990380379436096803e-01 2.757442999999999866e+00
9.987552718201708757e-01 2.715328432491013674e-02 -4.184024571853284247e-02 -7.430540099999999981e+00 -2.700897234888113493e-02 9.996271455393597183e-01 4.010650008299987586e-03 4.773890000000000078e-02 4.193354771628547695e-02 -2.875595799532979207e-03 9.991162637674975144e-01 2.832429900000000167e+00
9.990271309682130507e-01 2.170188378994696715e-02 -3.839036115210003874e-02 -7.436705100000000179e+00 -2.149344696176695019e-02 9.997519680891663318e-01 5.833870031152732852e-03 4.542480000000000129e-02 3.850744508692761914e-02 -5.003053248398213818e-03 9.992457886481539431e-01 2.982009600000000038e+00
9.991549738106068057e-01 1.951713207575919359e-02 -3.617208682206479037e-02 -7.442896400000000412e+00 -1.938458369947521423e-02 9.998040536693406644e-01 4.011506095268173311e-03 4.354600000000000137e-02 3.624329212866377742e-02 -3.306935422971761778e-03 9.993375245400247797e-01 3.130939999999999834e+00
9.992700883530506450e-01 1.628998427609478286e-02 -3.455324782377122012e-02 -7.449125300000000394e+00 -1.620565895767244260e-02 9.998649823749755639e-01 2.719124498298365524e-03 4.177920000000000245e-02 3.459287702163519468e-02 -2.157181627545578639e-03 9.993991592085675890e-01 3.281224700000000105e+00
9.992478439135819013e-01 1.898196880294627034e-02 -3.381466093903336134e-02 -7.455899699999999797e+00 -1.889567707574680774e-02 9.998173424998647585e-01 2.869673214371054864e-03 3.982949999999999685e-02 3.386295648502815614e-02 -2.228563858666990621e-03 9.994240009531595303e-01 3.432984100000000094e+00
9.991544409455760389e-01 1.625506095962202940e-02 -3.776474721128705858e-02 -7.462489599999999612e+00 -1.614485421100654572e-02 9.998644739626419975e-01 3.221395647015570188e-03 3.812460000000000154e-02 3.781199308736298004e-02 -2.608965428716609070e-03 9.992814650928700804e-01 3.586250800000000183e+00
9.987934386029883038e-01 2.193331307629258278e-02 -4.393855688476831084e-02 -7.471603400000000228e+00 -2.182744875545559668e-02 9.997575823146247487e-01 2.887747434326611538e-03 3.627999999999999975e-02 4.399124327007191554e-02 -1.925196590957082426e-03 9.990300616766442099e-01 3.742772099999999824e+00
9.985284445111490825e-01 2.387902606582736897e-02 -4.869022095136467387e-02 -7.481646999999999714e+00 -2.417985657171053265e-02 9.996919468027049005e-01 -5.598752895896712961e-03 3.451280000000000320e-02 4.854152900678636307e-02 6.767836579390928628e-03 9.987982360565711426e-01 3.899144900000000025e+00
9.983387253235912473e-01 2.335094101482262235e-02 -5.267374177889046216e-02 -7.491849400000000436e+00 -2.369206338467346601e-02 9.997021232355484122e-01 -5.860966721717452733e-03 3.186470000000000274e-02 5.252119240690913959e-02 7.099179675056784510e-03 9.985945753888800791e-01 4.059246100000000190e+00
9.981818596127638443e-01 2.122277642957883306e-02 -5.641426150030539460e-02 -7.502735600000000282e+00 -2.143214596857596563e-02 9.997654717626530685e-01 -3.108792431382064597e-03 2.863510000000000014e-02 5.633505355625730709e-02 4.312218897490995191e-03 9.984026074229742642e-01 4.221663999999999639e+00
9.980715783492224435e-01 2.016179447181870241e-02 -5.870797675927894033e-02 -7.513615599999999617e+00 -1.987356869120281491e-02 9.997874319320557701e-01 5.489282118892307299e-03 2.603010000000000046e-02 5.880617109596525394e-02 -4.311959459559939339e-03 9.982601070095163953e-01 4.386309100000000072e+00
9.981721945793066153e-01 2.294048279172044083e-02 -5.591068071499061959e-02 -7.524880399999999803e+00 -2.255364183611987747e-02 9.997171994145240825e-01 7.540187975700411369e-03 2.460290000000000046e-02 5.606784469425294543e-02 -6.265416511585826867e-03 9.984073023307058481e-01 4.551140300000000138e+00
9.983985094595031473e-01 2.104512966901186943e-02 -5.251208266920081441e-02 -7.535452799999999840e+00 -2.086161900259420748e-02 9.997742086175060994e-01 4.040375704075322046e-03 2.291409999999999975e-02 5.258525612406108468e-02 -2.938418018927593800e-03 9.986121151567874943e-01 4.717505499999999685e+00
9.986572373265135694e-01 1.602577254975130414e-02 -4.926354584841931283e-02 -7.544816499999999593e+00 -1.594507957846396165e-02 9.998708072685572601e-01 2.030568728237444262e-03 2.117580000000000157e-02 4.928972278895597803e-02 -1.242330997472863678e-03 9.987837502888603503e-01 4.884686499999999931e+00
9.988176426204152802e-01 1.126052918545328470e-02 -4.729183092945214023e-02 -7.553790099999999619e+00 -1.092877328319126658e-02 9.999138667673386216e-01 7.267803032107484837e-03 1.872539999999999968e-02 4.736959683933288784e-02 -6.742368193184109654e-03 9.988546749985337536e-01 5.051689099999999932e+00
9.988672990896622084e-01 1.120532994638046877e-02 -4.624456065437224789e-02 -7.558639999999999581e+00 -1.088307920733470012e-02 9.999147524958883482e-01 7.214314108290193969e-03 1.820429999999999965e-02 4.632145719091795150e-02 -6.702859231622344816e-03 9.989040966388269549e-01 5.133132500000000320e+00
9.988952383423047587e-01 1.516203587701599013e-02 -4.447938269731770838e-02 -7.568853400000000065e+00 -1.524794765106171103e-02 9.998824745772431077e-01 -1.592835747759970173e-03 1.522440000000000078e-02 4.445000460630851163e-02 2.269295342819079280e-03 9.990090326864649040e-01 5.295728699999999733e+00
9.988533268452953751e-01 2.184796857222570665e-02 -4.259926900021415025e-02 -7.578117800000000237e+00 -2.240040604920246620e-02 9.996705027643504327e-01 -1.253426151401980208e-02 1.130139999999999964e-02 4.231138450720351579e-02 1.347412973583162789e-02 9.990136108026484996e-01 5.456121000000000443e+00
9.989675416493953852e-01 1.890257356908220387e-02 -4.131033095278711237e-02 -7.586056199999999805e+00 -1.923087872384584424e-02 9.997864540014527179e-01 -7.564370344570814537e-03 7.303900000000000323e-03 4.115852322997144014e-02 8.350994411836482056e-03 9.991177292280731814e-01 5.617300000000000182e+00
9.989676691636325545e-01 1.814172894095184008e-02 -4.164701233957098653e-02 -7.590003499999999903e+00 -1.809010938456750983e-02 9.998350546177063869e-01 1.616013633124415219e-03 5.050999999999999934e-03 4.166946013849628233e-02 -8.609463636556785072e-04 9.991310799205103121e-01 5.697593200000000024e+00
9.989414428863251372e-01 1.698498494085897564e-02 -4.274931544183550175e-02 -7.594170100000000367e+00 -1.659778129011355019e-02 9.998180954278612642e-01 9.396260492858002702e-03 3.301899999999999974e-03 4.290113448887241526e-02 -8.676770226465685062e-03 9.990416439358295042e-01 5.777688000000000379e+00
9.988691026587114274e-01 1.466624383983609718e-02 -4.522628710618691039e-02 -7.598068699999999787e+00 -1.435897881645134717e-02 9.998716158653871977e-01 7.111365135355069735e-03 2.144800000000000092e-03 4.532477778356425180e-02 -6.453919612926079484e-03 9.989514559979881803e-01 5.856556900000000176e+00
9.987204575007752050e-01 8.459594857026370845e-03 -4.985863038930494345e-02 -7.606168300000000215e+00 -8.357813187429608687e-03 9.999625425632396869e-01 2.249539771861516161e-03 -1.377000000000000131e-04 4.987579300789488773e-02 -1.829952271544811517e-03 9.987537517058534542e-01 6.013173600000000008e+00
9.985642018000726594e-01 1.055906077300064819e-02 -5.251705550557636548e-02 -7.611218899999999898e+00 -1.057414865194682141e-02 9.999440920827191714e-01 -9.442083860766877466e-06 -1.755400000000000059e-03 5.251401968684402122e-02 5.647516786122629010e-04 9.986200272335175043e-01 6.090242899999999793e+00
9.983724470880100954e-01 1.244329629596415375e-02 -5.565627792791635886e-02 -7.616574800000000423e+00 -1.264924502514129349e-02 9.999143846960895088e-01 -3.349608653986459184e-03 -3.385500000000000054e-03 5.560983272580995174e-02 4.048166885365214046e-03 9.984443694313047679e-01 6.167057500000000303e+00
9.981194913022271020e-01 1.299485048808151841e-02 -5.990504939799048967e-02 -7.621693099999999887e+00 -1.341895682009717344e-02 9.998876297294391202e-01 -6.682777259826380017e-03 -5.029900000000000343e-03 5.981147616004507672e-02 7.474073510241419777e-03 9.981817096825206237e-01 6.243557000000000023e+00
9.978994268965311054e-01 1.496280020590198823e-02 -6.303053553297066625e-02 -7.627255400000000130e+00 -1.565664038918123530e-02 9.998219945184509960e-01 -1.052847989362059450e-02 -7.139099999999999786e-03 6.286178021102073465e-02 1.149321048031287304e-02 9.979560625105479144e-01 6.319610599999999856e+00
9.976295467347059409e-01 1.931148134903331107e-02 -6.604812010959118518e-02 -7.633889199999999597e+00 -2.004496774678077645e-02 9.997443541402428746e-01 -1.046067075952590922e-02 -9.248100000000000417e-03 6.582922413286945718e-02 1.175980666569908378e-02 9.977616048922958170e-01 6.395605999999999902e+00
9.973009829341560328e-01 2.299090330753095907e-02 -6.972924640113346839e-02 -7.640131000000000228e+00 -2.366822854849735813e-02 9.996802250647026655e-01 -8.902952991088276119e-03 -1.074340000000000017e-02 6.950226180450762292e-02 1.052929150936543490e-02 9.975262250308853940e-01 6.471387899999999860e+00
9.969661944824497191e-01 2.576811271463909717e-02 -7.344665701247339584e-02 -7.646866799999999742e+00 -2.605323945078829098e-02 9.996562730089493254e-01 -2.926524897726683581e-03 -1.265980000000000057e-02 7.334600039062895427e-02 4.831169732350600911e-03 9.972948531029903751e-01 6.546984199999999809e+00
9.966381842079625741e-01 2.619817682938890488e-02 -7.762722015808183607e-02 -7.653516800000000231e+00 -2.606262562545995712e-02 9.996565048620669192e-01 2.758954958567791209e-03 -1.448950000000000064e-02 7.767283517525515324e-02 -7.265106828933133847e-04 9.969786371121827084e-01 6.622211499999999695e+00
9.962502537604104313e-01 2.537265691974011778e-02 -8.271432864474534408e-02 -7.660017999999999994e+00 -2.492594102104766368e-02 9.996686275253459097e-01 6.429043926310050103e-03 -1.570449999999999971e-02 8.285004131883719203e-02 -4.343204165628736235e-03 9.965525611983757637e-01 6.696661500000000267e+00
9.957194714504210564e-01 2.472504205553235565e-02 -8.905844412432922796e-02 -7.667839100000000130e+00 -2.414471765737559103e-02 9.996796777400887013e-01 7.587787735429895285e-03 -1.668609999999999885e-02 8.921752509311009494e-02 -5.405017005013153762e-03 9.959974994985859587e-01 6.770751500000000256e+00
9.945426479051823199e-01 2.405417903888776993e-02 -1.015200372759662156e-01 -7.683473600000000125e+00 -2.308603854674681072e-02 9.996762119528870283e-01 1.070075136355725168e-02 -1.800480000000000136e-02 1.017445640905034060e-01 -8.298658101867091574e-03 9.947759425879486583e-01 6.917067099999999691e+00
9.937836763170837528e-01 2.917395336104205983e-02 -1.074378198354251912e-01 -7.692999399999999710e+00 -2.827605546241965251e-02 9.995514074266973470e-01 9.871605684719520976e-03 -1.869979999999999906e-02 1.076776177911998034e-01 -6.772322836085255607e-03 9.941627966637134328e-01 6.989925399999999733e+00
9.930650181603807303e-01 3.116474995252007871e-02 -1.133606107363556992e-01 -7.702340099999999801e+00 -3.066322573860208109e-02 9.995107568569970846e-01 6.165510072693373804e-03 -1.940860000000000155e-02 1.134972964146115371e-01 -2.646750375432581522e-03 9.935347796725708669e-01 7.061794800000000372e+00
9.916933752095299370e-01 3.135068204151347099e-02 -1.247452776703896066e-01 -7.721587200000000095e+00 -3.133593121606575299e-02 9.995067429794881608e-01 2.080902053788572046e-03 -2.110799999999999829e-02 1.247489838850508320e-01 1.845392659406321816e-03 9.921866183060422673e-01 7.204014299999999871e+00
9.902040309084664260e-01 3.419122595409930521e-02 -1.353770188783184059e-01 -7.742915199999999665e+00 -3.297180475682184864e-02 9.993930751751606278e-01 1.124016828226843435e-02 -2.208840000000000109e-02 1.356791703383495584e-01 -6.666435306175196376e-03 9.907303979270070116e-01 7.345745100000000249e+00
9.883031874682439710e-01 3.105499349833496306e-02 -1.493063863969903982e-01 -7.763823000000000363e+00 -2.990550963703296830e-02 9.995033215328897880e-01 9.938346847941884055e-03 -2.451120000000000035e-02 1.495408644266120191e-01 -5.357016290720172796e-03 9.887410339633945222e-01 7.483996900000000174e+00
9.855818783086032209e-01 2.720065148630155388e-02 -1.669984601977113070e-01 -7.787677300000000358e+00 -2.736797331700593916e-02 9.996245818343555412e-01 1.299780369739970574e-03 -2.586060000000000095e-02 1.669711208149644577e-01 3.289369424475070865e-03 9.859562996718382877e-01 7.620729899999999724e+00
9.816302493234513316e-01 2.564088587711522288e-02 -1.890624198105366749e-01 -7.814222799999999580e+00 -2.414609284631298591e-02 9.996563445573330986e-01 1.020583100623045220e-02 -2.722209999999999908e-02 1.892591340290769031e-01 -5.453233692705186653e-03 9.819120339566353994e-01 7.756621799999999567e+00
