1.000000000000000000e+00 -0.000000000000000000e+00 0.000000000000000000e+00 0.000000000000000000e+00 0.000000000000000000e+00 1.000000000000000000e+00 -0.000000000000000000e+00 -0.000000000000000000e+00 0.000000000000000000e+00 0.000000000000000000e+00 1.000000000000000000e+00 -0.000000000000000000e+00
9.995943402345026652e-01 1.628025464412885927e-03 -2.843421362085775742e-02 -2.523800000000000088e-03 -1.741226108626119399e-03 9.999906557477885594e-01 -3.956835698679064817e-03 6.320000000000000476e-05 2.842750609511830381e-02 4.004740964772317280e-03 9.995878345333225612e-01 2.528700000000000045e-02
9.991042159215969276e-01 1.377500283982576205e-03 -4.229501413475090371e-02 -3.742099999999999940e-03 -1.583827664017596224e-03 9.999870078272072860e-01 -4.845169421139788705e-03 -4.289999999999999922e-05 4.228779040836543740e-02 4.907817208951799522e-03 9.990934171100426253e-01 3.489020000000000316e-02
7.493453667066398705e-01 2.288403957108881351e-02 -6.617838333838325093e-01 -1.632605000000000028e-01 -2.669765636731258676e-02 9.996341475295406065e-01 4.336615890466148995e-03 -5.214599999999999791e-03 6.616409574231211232e-01 1.441845434841721070e-02 7.496821670777679136e-01 3.092615000000000225e-01
6.692028045208241460e-01 1.523410839365161445e-02 -7.429236356200508151e-01 -1.990099999999999925e-01 -1.508821758335189556e-02 9.998622769349116979e-01 6.911790845454245796e-03 -5.682399999999999778e-03 7.429266128707605610e-01 6.584003644010825301e-03 6.693404954015518271e-01 3.349906999999999746e-01
4.230418940566804120e-01 1.914896992627963118e-02 -9.059077617636901447e-01 -3.070269999999999944e-01 -4.430601127746200060e-03 9.998084327874766641e-01 1.906482364713633221e-02 -5.723299999999999742e-03 9.060992912736347549e-01 -4.051503154636902811e-03 4.230456945480058906e-01 3.815851000000000104e-01
3.133499619479818143e-01 2.407309735696509106e-02 -9.493325483363775907e-01 -3.652467999999999826e-01 -7.218861036376068852e-04 9.996843924169024342e-01 2.511163950247071591e-02 -5.419499999999999838e-03 9.496374467277771680e-01 -7.183421308175730324e-03 3.132684443582812728e-01 3.958179000000000003e-01
2.599372671594078477e-01 2.597280220496823999e-02 -9.652761421931653762e-01 -3.967926999999999982e-01 3.867565860739130904e-03 9.996021785391332459e-01 2.793790604414956441e-02 -5.515100000000000210e-03 9.656177603358438999e-01 -1.099537200100479846e-02 2.597334070129371231e-01 4.014530000000000043e-01
1.620449150556433071e-01 2.772969274338969725e-02 -9.863936889725960500e-01 -4.650743999999999989e-01 4.188752772297708871e-03 9.995767508536494983e-01 2.878842654737675047e-02 -4.917799999999999949e-03 9.867744929084972805e-01 -8.796777433716217870e-03 1.618601768563217025e-01 4.081426000000000220e-01
4.859800146185672132e-02 2.398777386201732600e-02 -9.985303305153317988e-01 -5.810264000000000539e-01 2.215543213882276846e-03 9.997065223316392579e-01 2.412385905793206983e-02 -2.469400000000000067e-03 9.988159618379056637e-01 -3.384658435391874054e-03 4.853059308410456740e-02 4.100694999999999757e-01
1.734942218102457703e-02 2.125433448921047394e-02 -9.996235545521150456e-01 -6.225602999999999554e-01 2.866722667411100711e-03 9.997688663035111389e-01 2.130717886863876809e-02 -1.957599999999999878e-03 9.998453777715496926e-01 -3.235310744391225665e-03 1.728448186248299212e-02 4.092019000000000073e-01
-9.170001740953679162e-03 1.944182789268092404e-02 -9.997689365029613917e-01 -6.652158000000000238e-01 2.381625638008555770e-03 9.998085627641621898e-01 1.942075391895831810e-02 -1.541400000000000062e-03 9.999551184565191875e-01 -2.202986984012523033e-03 -9.214549416926676173e-03 4.070138999999999840e-01
-2.990836092301798685e-02 1.713356824806987200e-02 -9.994057888495476716e-01 -7.095167999999999475e-01 1.981966683989992185e-03 9.998521291878839090e-01 1.708190757845051699e-02 -7.753000000000000343e-04 9.995506799332195547e-01 -1.469897120176604302e-03 -2.993789651084477477e-02 4.043789999999999885e-01
-4.619063773174966747e-02 1.627136272810092432e-02 -9.988001140072543249e-01 -7.552029000000000103e-01 2.390147464041339660e-03 9.998662676380086767e-01 1.617819627579269309e-02 6.880000000000000536e-05 9.989297834087408345e-01 -1.639998356250355754e-03 -4.622335150502498990e-02 4.013090000000000268e-01
-7.936821822212891675e-02 2.069382403020616004e-02 -9.966305491922529125e-01 -9.544783999999999491e-01 3.002714447550326737e-04 9.997849532064987388e-01 2.073540882014800885e-02 1.060100000000000018e-03 9.968453218896622392e-01 1.346472757269602527e-03 -7.935736410573335231e-02 3.843997000000000108e-01
-7.958015368503011666e-02 2.321140604681658573e-02 -9.965581918627717251e-01 -1.062564700000000029e+00 4.314954248618867866e-03 9.997275166599055574e-01 2.294065393249791057e-02 3.044299999999999784e-03 9.968191311914611497e-01 -2.474482238390926861e-03 -7.965862557408687206e-02 3.758567999999999909e-01
-7.806933632852944283e-02 2.584442398487277887e-02 -9.966128859663179185e-01 -1.118362499999999926e+00 3.635870537840339353e-03 9.996646612788645525e-01 2.563874871449647874e-02 3.416600000000000106e-03 9.969413017678898647e-01 -1.621955333282286763e-03 -7.813712363685920703e-02 3.714823999999999904e-01
-7.629421115484913418e-02 2.566096913099968208e-02 -9.967550892809713403e-01 -1.175439700000000087e+00 1.423046069198460190e-03 9.996705590042923584e-01 2.562710283919238108e-02 4.252099999999999977e-03 9.970843335867554114e-01 5.367711835455295927e-04 -7.630559345521326087e-02 3.665738000000000052e-01
-7.475740658621470025e-02 2.320545025757733693e-02 -9.969317114220244136e-01 -1.233587500000000059e+00 -5.589882653277006286e-04 9.997280714469521934e-01 2.331245789437584592e-02 4.930699999999999666e-03 9.972015933062996496e-01 2.300052021351839046e-03 -7.472410633842641037e-02 3.619705999999999757e-01
-7.326791506087269867e-02 2.326025813178984533e-02 -9.970410086923584547e-01 -1.293302100000000010e+00 -1.156395690361976952e-03 9.997253297074634171e-01 2.340785958414248052e-02 5.750899999999999762e-03 9.973116240030697188e-01 2.868018993333781505e-03 -7.322089247894902897e-02 3.574456999999999773e-01
-6.941341676099624380e-02 2.953060013433289610e-02 -9.971508016490139292e-01 -1.417757200000000051e+00 -1.766043774289113855e-03 9.995565608322016793e-01 2.972478404780005620e-02 7.983099999999999918e-03 9.975864166391562593e-01 3.824310788520187548e-03 -6.933048380071549222e-02 3.481660999999999784e-01
-6.754574823706614717e-02 3.180445997027896154e-02 -9.972091296318410514e-01 -1.481664300000000045e+00 -1.970835659902745937e-03 9.994855876735831979e-01 3.201055825182889947e-02 8.732500000000000678e-03 9.977142314820897084e-01 4.127512421664987496e-03 -6.744832050772253673e-02 3.437290000000000068e-01
-6.564888304397376029e-02 3.106069363764388247e-02 -9.973592419313248580e-01 -1.546848199999999895e+00 -3.774714670912537526e-03 9.995005293129114454e-01 3.137584154031541200e-02 1.010830000000000062e-02 9.978356456271904040e-01 5.824535514374798439e-03 -6.549884809529049612e-02 3.390652000000000110e-01
-6.384741099859529700e-02 2.805159792395816101e-02 -9.975653442069289945e-01 -1.613040199999999924e+00 -6.228566349477337311e-03 9.995741948459291315e-01 2.850673533294922207e-02 1.145099999999999937e-02 9.979402352195276826e-01 8.033483181363052297e-03 -6.364550320303974384e-02 3.341720000000000246e-01
-6.231870934311797838e-02 2.759086606963358917e-02 -9.976748581453455111e-01 -1.680350999999999928e+00 -7.162301223584214768e-03 9.995797122049716599e-01 2.809093073233261129e-02 1.258779999999999968e-02 9.980306006866676016e-01 8.896238404719517337e-03 -6.209490345636881070e-02 3.297292000000000001e-01
-5.948749957991206205e-02 3.193244366820285896e-02 -9.977181748545561613e-01 -1.817823900000000048e+00 -2.369240425127617025e-03 9.994808862209698663e-01 3.213012260718234314e-02 1.507520000000000041e-02 9.982262389326067575e-01 4.275174887847250221e-03 -5.938096316278829168e-02 3.214278999999999886e-01
-5.813716800042397631e-02 3.346215691040205220e-02 -9.977476403138190175e-01 -1.888301699999999972e+00 -1.145555443164827242e-03 9.994351913351271488e-01 3.358550317688251130e-02 1.651019999999999918e-02 9.983079471784330750e-01 3.095541280839551532e-03 -5.806599886819741041e-02 3.169641000000000264e-01
-5.690322897438729322e-02 2.183566585682808481e-02 -9.981408849600730271e-01 -2.028016800000000064e+00 1.470702909371433137e-04 9.997609712882536970e-01 2.186272304854097737e-02 1.830199999999999882e-02 9.983796877454078622e-01 1.097262665287404917e-03 -5.689283884660167878e-02 3.085620000000000029e-01
-5.740098685361184894e-02 1.822241612952499312e-02 -9.981848878131914793e-01 -2.171331599999999806e+00 4.492503306359124822e-03 9.998280006552463517e-01 1.799406901662510549e-02 1.976959999999999829e-02 9.983410960800288558e-01 -3.451471589792190139e-03 -5.747297818619656606e-02 3.005592999999999737e-01
-5.709195995595374440e-02 3.277002267498604904e-02 -9.978309645036421704e-01 -2.317072899999999880e+00 2.408330080978734328e-03 9.994627743119389729e-01 3.268581819234944730e-02 2.134619999999999920e-02 9.983660190804818368e-01 -5.370089041809439356e-04 -5.714020971984612451e-02 2.912560000000000149e-01
-5.787927604471979071e-02 3.835990286171379188e-02 -9.975863407530092264e-01 -2.463179799999999808e+00 -9.941596190622750684e-04 9.992588030525226817e-01 3.848189403721602453e-02 2.385210000000000108e-02 9.983230945196004402e-01 3.219064224208423308e-03 -5.779824023557700308e-02 2.822751000000000010e-01
-5.827353676593799436e-02 3.220939745500890627e-02 -9.977809126398310413e-01 -2.607972900000000038e+00 -1.466692617795802706e-03 9.994755333549738552e-01 3.234976101234178503e-02 2.641179999999999917e-02 9.982995761421286085e-01 3.348572886468404938e-03 -5.819573295414559588e-02 2.731830000000000092e-01
-5.817293109383694233e-02 3.566706348502163282e-02 -9.976691689484581405e-01 -2.753242699999999932e+00 -4.130211372234491446e-03 9.993444151094499350e-01 3.596778202186218243e-02 2.906469999999999887e-02 9.982979772803169949e-01 6.212935852474600618e-03 -5.798748128795272461e-02 2.638215999999999894e-01
-5.741118041140257783e-02 2.903311668029000259e-02 -9.979283714273277095e-01 -2.896661500000000000e+00 -5.810067986484397998e-03 9.995504122422899096e-01 2.941456265628837607e-02 3.092510000000000051e-02 9.983337114781620780e-01 7.486756447017099345e-03 -5.721668466576190770e-02 2.550370000000000137e-01
-5.666680198527727919e-02 2.538892327207720179e-02 -9.980702761468481787e-01 -3.039857099999999868e+00 -6.490794965090446178e-03 9.996461158126690449e-01 2.579753324186096625e-02 3.316840000000000066e-02 9.983720464503612613e-01 7.940133231145540468e-03 -5.648195420476465056e-02 2.465594999999999870e-01
-5.511246779197273571e-02 3.286607596502730266e-02 -9.979390948071629186e-01 -3.183317199999999847e+00 -5.798774902550294513e-03 9.994307276300806731e-01 3.323544611460629850e-02 3.448799999999999782e-02 9.984633143503611752e-01 7.618511630784615199e-03 -5.489051081036944169e-02 2.376423000000000008e-01
-5.457883234910004822e-02 4.135006327122695002e-02 -9.976529072412280152e-01 -3.326558799999999927e+00 -4.799202566594457792e-03 9.991197598021829274e-01 4.167341151805221966e-02 3.737229999999999719e-02 9.984979312518046379e-01 7.062424533661352394e-03 -5.433234253713636885e-02 2.293396000000000046e-01
-5.372941055422014722e-02 3.718519843276878872e-02 -9.978629221786986525e-01 -3.468328500000000147e+00 -4.828835530782289720e-03 9.992850281127743095e-01 3.749819911767377639e-02 4.013730000000000075e-02 9.985438562170981802e-01 6.833272068904133745e-03 -5.351143432874527761e-02 2.209595000000000031e-01
-5.277428518409412600e-02 3.003849874351598170e-02 -9.981545789187884488e-01 -3.610277700000000145e+00 -9.710982139133626442e-03 9.994847814484449922e-01 3.059196755437132084e-02 4.266600000000000253e-02 9.985592479413534228e-01 1.130753050803174134e-02 -5.245539156853751273e-02 2.116174999999999862e-01
-5.367824529771270808e-02 2.633871902333903559e-02 -9.982108584171826005e-01 -3.751342100000000013e+00 -1.061426985119771904e-02 9.995805470147330896e-01 2.694563610778119567e-02 4.433120000000000116e-02 9.985018694310415777e-01 1.204167388433207558e-02 -5.337616352623009153e-02 2.032411000000000079e-01
-5.569110759833920121e-02 2.106305554155529086e-02 -9.982258503092994451e-01 -3.890831200000000045e+00 -3.147857077648851323e-03 9.997687861239243912e-01 2.127123146678468885e-02 4.540380000000000110e-02 9.984430837710726037e-01 4.326890748354053975e-03 -5.561192755302502011e-02 1.961397000000000002e-01
-5.932480914451785520e-02 3.104036387752877324e-02 -9.977560136778512723e-01 -4.030800799999999739e+00 -3.257673997445597464e-04 9.995157742710844007e-01 3.111447989081547738e-02 4.613930000000000115e-02 9.982386793225191957e-01 2.170896963308903416e-03 -5.928597060693951981e-02 1.879178999999999988e-01
-6.215185643990803199e-02 3.369328298418793055e-02 -9.974978242697175590e-01 -4.168906699999999965e+00 1.373628654348819922e-03 9.994319588943834098e-01 3.367302607214579802e-02 4.792110000000000120e-02 9.980657592991520888e-01 7.226494882658016095e-04 -6.216283368962594036e-02 1.789343999999999935e-01
-6.435399133555680384e-02 2.637695371661306215e-02 -9.975784781719252425e-01 -4.304819099999999565e+00 -6.720674923344764629e-03 9.996164949208351524e-01 2.686439299070082429e-02 4.939740000000000103e-02 9.979045026092212556e-01 8.433231576077050012e-03 -6.415204032161758718e-02 1.683959999999999901e-01
-6.629512781490144724e-02 2.639840716944236165e-02 -9.974507908297643999e-01 -4.439814600000000056e+00 -1.252986982565920671e-02 9.995491166211821765e-01 2.728673347922957668e-02 5.040809999999999735e-02 9.977213831476993144e-01 1.430690605025445108e-02 -6.593446783823520008e-02 1.576100000000000001e-01
-6.698622267383091966e-02 2.792033977273371270e-02 -9.973631738734226593e-01 -4.506772500000000292e+00 -1.243714388045661680e-02 9.995073655453674544e-01 2.881568449049911468e-02 5.099159999999999804e-02 9.976763821119495335e-01 1.433460315231205838e-02 -6.660597366961140686e-02 1.528815000000000035e-01
-6.785700268251507183e-02 2.742963905877648240e-02 -9.973179242789383947e-01 -4.573456300000000141e+00 -1.423892330247622691e-02 9.994935612829686233e-01 2.845828556106153387e-02 5.161049999999999666e-02 9.975934443700656962e-01 1.613182739164932891e-02 -6.743206874236240544e-02 1.476438999999999946e-01
-6.864979043241876966e-02 2.902661776281202644e-02 -9.972184623916851010e-01 -4.705109099999999600e+00 -1.370070439979611913e-02 9.994549494871791673e-01 3.003489045309437958e-02 5.302559999999999912e-02 9.975467392420940271e-01 1.572448431051326825e-02 -6.821468771924443786e-02 1.380369999999999930e-01
-6.912330512371440971e-02 3.157180459721555671e-02 -9.971084142876585066e-01 -4.770767199999999875e+00 -1.215600242974834017e-02 9.993982319045846552e-01 3.248700772490443339e-02 5.424799999999999761e-02 9.975340597161088674e-01 1.436646165432833334e-02 -6.869792199064594929e-02 1.337577000000000071e-01
-6.984233262827591049e-02 3.787236121066212685e-02 -9.968388700433837846e-01 -4.900275699999999901e+00 -1.256348361086618431e-02 9.991664189687305964e-01 3.884103609280652181e-02 5.611689999999999734e-02 9.974789258187867214e-01 1.523651736888508718e-02 -6.930830459524239817e-02 1.244506999999999974e-01
-7.043546855324468725e-02 3.807184269440428565e-02 -9.967895362430011508e-01 -4.963506699999999938e+00 -1.194927718212370100e-02 9.991674866155121348e-01 3.900703097218888998e-02 5.701130000000000086e-02 9.974447651597103670e-01 1.465839296420521319e-02 -6.992189908174173407e-02 1.195692000000000005e-01
-7.072030405888515836e-02 3.603367547118915132e-02 -9.968451298099699764e-01 -5.026479199999999814e+00 -1.136565336086809049e-02 9.992533285931057829e-01 3.692705267522874285e-02 5.795990000000000170e-02 9.974314314866458142e-01 1.394128859308031883e-02 -7.025795296523396072e-02 1.150724999999999942e-01
-6.936332379673931792e-02 2.730790628799526637e-02 -9.972176329999561384e-01 -5.207954899999999832e+00 -1.204974415104672660e-02 9.995294072644392847e-01 2.820935446785358125e-02 6.024220000000000269e-02 9.975186880343461793e-01 1.397291192861260106e-02 -6.900162863637515631e-02 1.013629999999999948e-01
-6.297760687928416479e-02 2.755529970461796652e-02 -9.976344653679258823e-01 -5.323029499999999636e+00 -1.466246965941503909e-02 9.994853355064614586e-01 2.853201869869601351e-02 6.100939999999999835e-02 9.979072266574910977e-01 1.642466333672281190e-02 -6.254116579526036723e-02 9.315909999999999469e-02
-5.002685204220935766e-02 3.073695521857024160e-02 -9.982747886522223002e-01 -5.432472200000000306e+00 -1.328726835618651396e-02 9.994173804579729037e-01 3.143800467832010004e-02 6.174910000000000121e-02 9.986594827939991870e-01 1.483708941858204872e-02 -4.958929524814226220e-02 8.757170000000000232e-02
-2.951523613748312930e-02 3.382509365591973571e-02 -9.989918487529902968e-01 -5.536392199999999875e+00 -1.645757879717375458e-02 9.992753482944494170e-01 3.432093225921704904e-02 6.259520000000000362e-02 9.994288363539867159e-01 1.745397748867596327e-02 -2.893716872711227239e-02 8.403679999999999484e-02
-1.496420262602725544e-02 3.536698480877969314e-02 -9.992623524506979438e-01 -5.586156400000000133e+00 -1.943622469647576095e-02 9.991751382880748045e-01 3.565496033589998781e-02 6.316570000000000518e-02 9.996991076365505657e-01 1.995543566405008629e-02 -1.426445856465130557e-02 8.378069999999999962e-02
5.132953367790889232e-02 3.787235581923058952e-02 -9.979634079649962741e-01 -5.725822400000000201e+00 -2.148392939424369902e-02 9.990913140020688532e-01 3.681014891850806908e-02 6.501310000000000422e-02 9.984506596473313733e-01 1.955072761615741367e-02 5.209653826778948282e-02 8.886460000000000192e-02
1.929725398383018153e-01 3.708035717130204328e-02 -9.805032615858061407e-01 -5.885065100000000271e+00 -1.841951132581773343e-02 9.992464859532027566e-01 3.416404415015636409e-02 6.710750000000000048e-02 9.810312535647746079e-01 1.146766856097743148e-02 1.935101343777696492e-01 1.169310999999999962e-01
2.377674887817526894e-01 3.815640376877242612e-02 -9.705723621296111769e-01 -5.921729599999999927e+00 -1.745292862608364970e-02 9.992346368381381794e-01 3.500765381065962245e-02 6.718810000000000060e-02 9.711652879715129139e-01 8.615648227996031833e-03 2.382514512963551656e-01 1.281937999999999966e-01
3.356332098938544228e-01 3.184675778678799918e-02 -9.414542646537950032e-01 -5.991043999999999592e+00 -6.594821130368888271e-03 9.994832979710824850e-01 3.145863015305871979e-02 6.704039999999999999e-02 9.419696686999038393e-01 -4.349838539319951514e-03 3.356698112045162219e-01 1.567164000000000057e-01
5.783852471284075536e-01 1.518441496079432282e-02 -8.156224245608437728e-01 -6.140590200000000110e+00 1.189969326222401619e-02 9.995633248591333508e-01 2.704730849492523181e-02 6.944889999999999397e-02 8.156769600794643305e-01 -2.534942087806109356e-02 5.779519907887427088e-01 2.595603000000000216e-01
6.212375149467340707e-01 8.397292850954463789e-03 -7.835773321731439589e-01 -6.166568800000000294e+00 2.226965256153391054e-02 9.993495185176771711e-01 2.836551450750294731e-02 6.951340000000000297e-02 7.833058231607848976e-01 -3.507171668541622656e-02 6.206464066528887269e-01 2.855329999999999813e-01
6.628568458849422029e-01 3.825003178190924252e-03 -7.487363829908044721e-01 -6.191356700000000046e+00 2.320546205620704905e-02 9.994016292442760019e-01 2.564936635951415786e-02 6.958509999999999696e-02 7.483864699433200318e-01 -3.437663180960972426e-02 6.623714507670168672e-01 3.114742999999999817e-01
8.486510578486060608e-01 -1.241509999920958375e-02 -5.288073820442104056e-01 -6.300311100000000053e+00 1.107541227030191082e-02 9.999224112641739159e-01 -5.701464257816046127e-03 7.094540000000000568e-02 5.288371367968448533e-01 -1.018206094037073066e-03 8.487227144367384124e-01 4.685868999999999729e-01
8.780564207138814581e-01 -1.087650446120424358e-02 -4.784335102120591543e-01 -6.318975899999999868e+00 8.006020739834064648e-03 9.999356380003775469e-01 -8.038873595922868542e-03 7.081410000000000482e-02 4.784901521191846641e-01 3.228235970818003984e-03 8.780869847671562978e-01 5.071504000000000012e-01
9.028690656634252854e-01 -9.381264377380609670e-03 -4.298132642750048249e-01 -6.336506800000000439e+00 7.253802710902037924e-03 9.999519896066325630e-01 -6.587930476889404356e-03 6.990649999999999642e-02 4.298544318886158844e-01 2.830258012745056305e-03 9.028937684053958135e-01 5.482981000000000105e-01
9.229016469074905471e-01 -2.966746111989503748e-03 -3.850243480001602214e-01 -6.352585799999999949e+00 9.487168330845022635e-04 9.999848011052526742e-01 -5.431159623765374929e-03 6.908580000000000276e-02 3.850346089273171679e-01 4.647147081295393937e-03 9.228904344244730495e-01 5.908501000000000447e-01
9.392933287246233443e-01 1.433140952384107840e-03 -3.431122101010501968e-01 -6.367523199999999939e+00 -4.158371796672472899e-03 9.999653823213452419e-01 -7.207086993119976581e-03 6.874629999999999630e-02 3.430900035813011506e-01 8.196356869753767399e-03 9.392667721029240857e-01 6.352617000000000402e-01
9.611053757685392718e-01 6.899441773854687876e-03 -2.760957340706736152e-01 -6.394504999999999661e+00 -8.201897734353947103e-03 9.999600162433228689e-01 -3.562974629249358351e-03 6.716339999999999810e-02 2.760601121900267407e-01 5.688903045637524504e-03 9.611235356809066932e-01 7.304663999999999602e-01
9.731278134616729858e-01 6.685604568812053387e-03 -2.301685498908419558e-01 -6.418434600000000323e+00 -6.874370054037059856e-03 9.999763710729985267e-01 -1.822188332740927886e-05 6.581309999999999938e-02 2.301629894306720936e-01 1.599996008230294715e-03 9.731507788154465377e-01 8.326118999999999604e-01
9.772196501800137769e-01 9.043278404404152607e-03 -2.120376721664146702e-01 -6.429347500000000437e+00 -8.698005626164904622e-03 9.999588919484536653e-01 2.561076208941285952e-03 6.533170000000000643e-02 2.120521162360298195e-01 -6.584291315235748891e-04 9.772581370707026371e-01 8.867131000000000318e-01
9.829360286522357271e-01 1.777471997566510559e-02 -1.830869271880374849e-01 -6.451773199999999875e+00 -1.706204204268780417e-02 9.998394853946533933e-01 5.467190054142951651e-03 6.433319999999999317e-02 1.831547168344418997e-01 -2.250061230557457922e-03 9.830815260830375601e-01 9.983836999999999851e-01
9.853246301493818748e-01 1.623639693828888078e-02 -1.699168992050119342e-01 -6.461517299999999686e+00 -1.554788227654747314e-02 9.998646397113185591e-01 5.381970983730886490e-03 6.372919999999999974e-02 1.699812830216858861e-01 -2.661140623383832175e-03 9.854436979111916850e-01 1.056271200000000077e+00
9.875764160496015576e-01 1.635061835432318963e-02 -1.562865309041556183e-01 -6.470565299999999631e+00 -1.576231810487352045e-02 9.998632507164118000e-01 5.002918625225467181e-03 6.316979999999999817e-02 1.563469596461187772e-01 -2.477326430069520108e-03 9.876990893299303353e-01 1.115844499999999906e+00
9.916874856292813289e-01 1.857007560807152555e-02 -1.273227518481460652e-01 -6.487614599999999676e+00 -1.794569300288239092e-02 9.998206623564416251e-01 6.049398959633504706e-03 6.279849999999999322e-02 1.274122558819220097e-01 -3.714218226898334356e-03 9.918428916083649183e-01 1.239343400000000095e+00
9.954121135256536190e-01 1.787712017648006302e-02 -9.399538723036802990e-02 -6.507782500000000248e+00 -1.873962394942092075e-02 9.997899353973117575e-01 -8.301299444872770397e-03 6.040460000000000274e-02 9.382723879889802443e-02 1.002465223510743721e-02 9.955380231849206840e-01 1.433653400000000078e+00
9.961472462438769604e-01 1.777125198924515981e-02 -8.587692590839275664e-02 -6.513670900000000152e+00 -1.857967917220480075e-02 9.997901920562787259e-01 -8.623652934067195866e-03 5.979820000000000274e-02 8.570565513779569711e-02 1.018599385450710652e-02 9.962684307989474464e-01 1.500470600000000099e+00
9.966757026579233791e-01 1.949316257677670070e-02 -7.910474286722654624e-02 -6.519556500000000199e+00 -1.973694666149121771e-02 9.998025596377304591e-01 -2.301016802158970236e-03 5.847460000000000158e-02 7.904427030352123573e-02 3.854653628760907908e-03 9.968636541561670672e-01 1.568121099999999934e+00
9.969684434886346702e-01 2.379135616599350675e-02 -7.408032167608322172e-02 -6.525319099999999928e+00 -2.342707453119463948e-02 9.997088246374569165e-01 5.782570440935673288e-03 5.735679999999999945e-02 7.419632650447713362e-02 -4.029555034662550377e-03 9.972355127147567444e-01 1.636723300000000103e+00
9.972419332688241544e-01 2.427171684382354103e-02 -7.013850790907534549e-02 -6.530153799999999897e+00 -2.364833558306598041e-02 9.996732340400403816e-01 9.704708551897870544e-03 5.616730000000000333e-02 7.035113897023180518e-02 -8.019283345775781585e-03 9.974900542562874506e-01 1.704520299999999988e+00
9.975152902920140230e-01 2.308163427401936987e-02 -6.656187942718715111e-02 -6.535243999999999609e+00 -2.257244844997942021e-02 9.997099885882844150e-01 8.391858422614861812e-03 5.574019999999999669e-02 6.673627352955817382e-02 -6.868542498420218342e-03 9.977470084742601220e-01 1.771824199999999960e+00
9.982973118314946159e-01 1.723919347489192427e-02 -5.572510563782484549e-02 -6.551137899999999625e+00 -1.648126724550347255e-02 9.997657041949213896e-01 1.403226801394290638e-02 5.297419999999999907e-02 5.595395446252024452e-02 -1.308995507891736604e-02 9.983475387138679435e-01 2.042246800000000029e+00
9.984885222335819766e-01 1.895867843377816234e-02 -5.158720267510379098e-02 -6.558929899999999868e+00 -1.883060456230373561e-02 9.998182842939535853e-01 2.967612392659217755e-03 5.166710000000000053e-02 5.163409047921524442e-02 -1.991708698458069613e-03 9.986640845633953933e-01 2.176572300000000126e+00
9.985672763337317681e-01 1.940777834470039376e-02 -4.986715126368725104e-02 -6.562822800000000178e+00 -1.965650186986588749e-02 9.997966557729717207e-01 -4.502114994281114675e-03 5.052630000000000315e-02 4.976963501646808341e-02 5.475878459640101149e-03 9.987457124741125902e-01 2.242660299999999829e+00
9.986090702289159848e-01 2.051823104231790401e-02 -4.856878680216285271e-02 -6.566342399999999913e+00 -2.095651504528119741e-02 9.997439821107834135e-01 -8.531981623887295238e-03 4.924169999999999936e-02 4.838129115367623134e-02 9.537946747990870902e-03 9.987833990601443501e-01 2.309615099999999810e+00
9.987292783211189073e-01 2.494946540926906708e-02 -4.378758728188456018e-02 -6.574392300000000411e+00 -2.509615632982421102e-02 9.996811109262268014e-01 -2.803461213231304289e-03 4.601390000000000341e-02 4.370367904016773941e-02 3.898798930023745710e-03 9.990369301508614797e-01 2.443795699999999904e+00
9.988920095532574095e-01 2.550167225035945492e-02 -3.955272383907722927e-02 -6.580168200000000134e+00 -2.535454906264410571e-02 9.996696276338017384e-01 4.216921664699048618e-03 4.365369999999999667e-02 3.964719526631151764e-02 -3.209407878640803402e-03 9.992085866367359515e-01 2.576122499999999871e+00
9.990778227929009159e-01 2.126745096354390810e-02 -3.729878728471355820e-02 -6.585390600000000205e+00 -2.111829079180542815e-02 9.997673522007877178e-01 4.388538191565777118e-03 4.091539999999999760e-02 3.738344282472924607e-02 -3.596804545612755383e-03 9.992945217500348587e-01 2.708390000000000075e+00
9.991906821158009766e-01 1.863366456414093653e-02 -3.564782346611564123e-02 -6.590401199999999626e+00 -1.860319409945295627e-02 9.998262418482247726e-01 1.186288730941099500e-03 3.934639999999999666e-02 3.566373427248394068e-02 -5.221652670921418053e-04 9.993637102682763063e-01 2.841003199999999840e+00
9.992122825858147372e-01 2.029272561319993631e-02 -3.410307342210352338e-02 -6.595901500000000084e+00 -2.023887510727078939e-02 9.997933225868150808e-01 1.923550157679942236e-03 3.778789999999999927e-02 3.413505916266001278e-02 -1.231827099959639750e-03 9.994164699152988662e-01 2.975640100000000121e+00
9.991590724854411132e-01 1.958376051769927795e-02 -3.602255118697791914e-02 -6.601714099999999696e+00 -1.955920504277032512e-02 9.998081657939574818e-01 1.033977667732178304e-03 3.558970000000000189e-02 3.603589000049685354e-02 -3.285357026321523554e-04 9.993504423855348318e-01 3.110025600000000168e+00
9.989700889107701043e-01 1.946720579429832634e-02 -4.098523344047583228e-02 -6.608375500000000180e+00 -1.942757017017849100e-02 9.998103349198682599e-01 1.365175704299301327e-03 3.394529999999999770e-02 4.100403612927210062e-02 -5.675261960967057685e-04 9.991588196753937723e-01 3.247633899999999851e+00
9.986221314707027785e-01 2.375668129535599832e-02 -4.679165129316653626e-02 -6.615925800000000301e+00 -2.395836032974552748e-02 9.997059091165626521e-01 -3.753964269539509461e-03 3.185489999999999849e-02 4.668870856235463052e-02 4.869843042417892551e-03 9.988976169365515467e-01 3.386689899999999920e+00
9.983977335540509257e-01 2.434677633827054058e-02 -5.108033003092934954e-02 -6.625021900000000130e+00 -2.482736466331582695e-02 9.996530641780404514e-01 -8.795069262333895035e-03 2.970539999999999986e-02 5.084847685043446253e-02 1.004916719876546537e-02 9.986558199102442135e-01 3.527129899999999818e+00
9.981968717013230963e-01 2.311419683919501561e-02 -5.539620230820217761e-02 -6.634211999999999776e+00 -2.351047225987114991e-02 9.997023788729900717e-01 -6.512401231679611387e-03 2.659979999999999983e-02 5.522918630407427920e-02 7.803049414395629192e-03 9.984432129069866768e-01 3.669994599999999885e+00
9.981208578093005990e-01 2.234172161760191247e-02 -5.705787133417752899e-02 -6.639324199999999898e+00 -2.264616558300024465e-02 9.997325201290685470e-01 -4.694611886931072432e-03 2.527909999999999879e-02 5.693772379023694097e-02 5.977932045712688013e-03 9.983598348982412052e-01 3.742203200000000063e+00
9.980127369244959912e-01 2.139993468190997880e-02 -5.926735806569021631e-02 -6.648789899999999697e+00 -2.121242624931039475e-02 9.997678029494014851e-01 3.791194843905544738e-03 2.285270000000000010e-02 5.933472768197656927e-02 -2.526456280420284924e-03 9.982349458467023595e-01 3.888367899999999988e+00
9.981039047287918464e-01 2.432791878175084160e-02 -5.653978893564601260e-02 -6.658992300000000419e+00 -2.402937359175492255e-02 9.996935211816323497e-01 5.954234817093927330e-03 2.122800000000000034e-02 5.666731482897999217e-02 -4.584329309479963192e-03 9.983825916725789229e-01 4.036106099999999586e+00
9.983321473198150109e-01 2.243488156170389200e-02 -5.319398196337216111e-02 -6.667809499999999723e+00 -2.233602044901909431e-02 9.997475122325691910e-01 2.452340777704846604e-03 1.938149999999999942e-02 5.323556910852221546e-02 -1.260108765667391269e-03 9.985811866381173463e-01 4.184728100000000062e+00
9.985079152207027020e-01 1.840982395691798806e-02 -5.141032603943625212e-02 -6.671402900000000358e+00 -1.838924039072360739e-02 9.998305221431690315e-01 8.734006927113815077e-04 1.828820000000000098e-02 5.141769228055677321e-02 7.329933927311186020e-05 9.986772329174971041e-01 4.259565799999999847e+00
9.987104829725158561e-01 1.408328516741468896e-02 -4.877532449607442644e-02 -6.679081400000000279e+00 -1.393364526275732256e-02 9.998971189651281177e-01 3.406613410425795522e-03 1.569910000000000055e-02 4.881828274832822334e-02 -2.722602455322817392e-03 9.988039661041472339e-01 4.409699400000000047e+00
9.987706956320132612e-01 1.186525726409563483e-02 -4.812809176355379442e-02 -6.683029699999999629e+00 -1.159663861735021548e-02 9.999156048019690601e-01 5.856726584964179125e-03 1.459170000000000085e-02 4.819352155137462262e-02 -5.291402797866575497e-03 9.988240012819615821e-01 4.484935300000000069e+00
9.988229351669261069e-01 1.184596480328752553e-02 -4.703634023184515706e-02 -6.687269699999999872e+00 -1.158704816459555330e-02 9.999162001981355408e-01 5.773464830888074342e-03 1.390489999999999955e-02 4.710079085703301055e-02 -5.221656748717953822e-03 9.988764937675931321e-01 4.559199300000000399e+00
9.988559595489191478e-01 1.561651335800251332e-02 -4.519841351361105625e-02 -6.696334799999999809e+00 -1.576046818534701868e-02 9.998717902198238638e-01 -2.830329518506641620e-03 1.089470000000000022e-02 4.514841875621685569e-02 3.539439665257007595e-03 9.989740200078625065e-01 4.706214000000000119e+00
9.988817788289141575e-01 1.728650327387989960e-02 -4.400418989307978285e-02 -6.700363600000000197e+00 -1.766899038579267112e-02 9.998092908094174946e-01 -8.317979918012105220e-03 9.522600000000000856e-03 4.385200910255824397e-02 9.086188184922539338e-03 9.989967179535362840e-01 4.779426100000000233e+00
9.988145567610282605e-01 2.244276566709947629e-02 -4.319494729111531678e-02 -6.705050899999999814e+00 -2.306694381370680280e-02 9.996358016234418997e-01 -1.400643479811589792e-02 7.622499999999999935e-03 4.286487262743076537e-02 1.498620638688255916e-02 9.989684761356405485e-01 4.851191499999999657e+00
9.988641402897313615e-01 2.245179763386615304e-02 -4.202791960427765955e-02 -6.708883799999999731e+00 -2.309153376785671660e-02 9.996238208789126611e-01 -1.479857424522115772e-02 5.418400000000000299e-03 4.167985498419634477e-02 1.575225426570153742e-02 9.990068348985631230e-01 4.923888200000000381e+00
9.989387860587842782e-01 1.853837114763164443e-02 -4.216195563058214996e-02 -6.715954799999999558e+00 -1.854538850268377601e-02 9.998279942404936227e-01 2.247183040069638345e-04 1.406799999999999934e-03 4.215886944270497844e-02 5.574300173921562180e-04 9.991107641293275332e-01 5.068751299999999738e+00
9.989146676084618148e-01 1.741351995413364939e-02 -4.320018703065174603e-02 -6.719675999999999760e+00 -1.708566619748583260e-02 9.998224479988392366e-01 7.946853981077889317e-03 -1.432000000000000113e-04 4.333089945136602006e-02 -7.200125027766728081e-03 9.990348298994986553e-01 5.140734700000000323e+00
9.988339105311122568e-01 1.524544415284318985e-02 -4.580824822789643369e-02 -6.723031999999999897e+00 -1.500282608963251357e-02 9.998715696394889774e-01 5.635551081201121276e-03 -1.157299999999999995e-03 4.588828153734109128e-02 -4.941726342800106461e-03 9.989343546791764616e-01 5.211385299999999887e+00
9.988003121574253740e-01 1.046636466508736422e-02 -4.783713667149248894e-02 -6.726414700000000302e+00 -1.037377162019708678e-02 9.999438071162264352e-01 2.183454208156268301e-03 -2.193200000000000184e-03 4.785730139280353068e-02 -1.684583213893706913e-03 9.988527623643005393e-01 5.281696300000000122e+00
9.985201879825541527e-01 1.119437359353745928e-02 -5.321766803546533475e-02 -6.734688799999999809e+00 -1.128889480747109417e-02 9.999351892604075864e-01 -1.475849849591011039e-03 -5.041499999999999974e-03 5.319769774445629040e-02 2.074434525598925494e-03 9.985818452566060932e-01 5.421463499999999769e+00
9.983169849784792049e-01 1.307431075060962872e-02 -5.650008762714806704e-02 -6.739602099999999929e+00 -1.336007407556074819e-02 9.998997840715899699e-01 -4.682972804034746424e-03 -6.642200000000000014e-03 5.643319877673465962e-02 5.429936646434554114e-03 9.983916114750970294e-01 5.490408900000000259e+00
9.980678580611626050e-01 1.373794121637980821e-02 -6.059554171998407512e-02 -6.744415300000000002e+00 -1.426346028413696433e-02 9.998642483979515161e-01 -8.248543891032916395e-03 -7.995099999999999776e-03 6.047399776702284957e-02 9.096908636165466563e-03 9.981283193294033795e-01 5.558874099999999707e+00
9.978437214067704675e-01 1.559946541320124738e-02 -6.375393578368190872e-02 -6.749339100000000258e+00 -1.639943739145572829e-02 9.997929812479863232e-01 -1.204379925552342620e-02 -1.004200000000000058e-02 6.355286069352994449e-02 1.306335814735096884e-02 9.978929715012441193e-01 5.627180599999999977e+00
9.975742807881787799e-01 2.010079647198805344e-02 -6.664467188860384583e-02 -6.755364400000000380e+00 -2.094466249662450472e-02 9.997087660579555557e-01 -1.198766782081879707e-02 -1.200559999999999995e-02 6.638430102705339397e-02 1.335443926458599294e-02 9.977047576959218178e-01 5.695240000000000080e+00
9.972355928801358571e-01 2.377489210635974973e-02 -7.039834371869034546e-02 -6.761154200000000003e+00 -2.456250566944160121e-02 9.996447856436423418e-01 -1.034339647867674877e-02 -1.357230000000000068e-02 7.012742408104381819e-02 1.204396283651714555e-02 9.974653314030267337e-01 5.763206000000000273e+00
9.965416432724907292e-01 2.687924762978118054e-02 -7.862734429332367270e-02 -6.773301599999999922e+00 -2.685943127079856718e-02 9.996383623101479099e-01 1.309789942962671493e-03 -1.717739999999999892e-02 7.863411585039413454e-02 8.066255279501407952e-04 9.969032175590990530e-01 5.898207199999999872e+00
9.955742534105386232e-01 2.623396774425599751e-02 -9.024236744701380486e-02 -6.786284900000000064e+00 -2.581820618370131784e-02 9.996499930843442128e-01 5.771616404993408847e-03 -1.890340000000000076e-02 9.036219439292300648e-02 -3.416176644120991288e-03 9.959031095250339138e-01 6.031627199999999966e+00
9.944114016672734868e-01 2.498321851430359425e-02 -1.025758403660186197e-01 -6.800667800000000263e+00 -2.417437612264417002e-02 9.996661469814756007e-01 9.121080982628980080e-03 -2.058060000000000098e-02 1.027694690713604336e-01 -6.590399978552355723e-03 9.946833681402907912e-01 6.162766900000000270e+00
9.935868387474996455e-01 2.989074615249692410e-02 -1.090492419148201830e-01 -6.809796799999999983e+00 -2.917560540790300680e-02 9.995410919028739904e-01 8.147984210377594294e-03 -2.151230000000000156e-02 1.092427476624069915e-01 -4.914152221615866040e-03 9.940029543170937343e-01 6.228377300000000005e+00
9.921134298999519929e-01 3.043545555010094064e-02 -1.215920443845352611e-01 -6.825974500000000056e+00 -3.044096234756787575e-02 9.995349227681687987e-01 1.812726726481032414e-03 -2.306450000000000167e-02 1.215906658568284976e-01 1.902948314793030194e-03 9.925785050887432348e-01 6.356063800000000263e+00
9.907926576612109404e-01 3.362006933661151886e-02 -1.311472472545106571e-01 -6.844986900000000318e+00 -3.318233778092673225e-02 9.994340585539961408e-01 5.522233395982265730e-03 -2.454999999999999891e-02 1.312586834614258846e-01 -1.119616045192875411e-03 9.913475195287898556e-01 6.482572600000000129e+00
9.890700377183547776e-01 3.388226551999070496e-02 -1.435007058207203035e-01 -6.864029399999999725e+00 -3.249843093214082462e-02 9.994000213559534052e-01 1.197703221456037498e-02 -2.638120000000000048e-02 1.438204174474574659e-01 -7.182575927381043557e-03 9.895777372840833808e-01 6.607202499999999645e+00
9.867520813446452044e-01 2.962284788465473911e-02 -1.595080463337615606e-01 -6.884180500000000258e+00 -2.983682528854959826e-02 9.995542272994122346e-01 1.053823787732381667e-03 -2.745749999999999927e-02 1.594681592629430822e-01 3.719350894662892988e-03 9.871960659414172889e-01 6.729966600000000021e+00
9.834614358862128203e-01 2.652669788869647938e-02 -1.791645568290515245e-01 -6.907098799999999983e+00 -2.652896475206630023e-02 9.996452030882448936e-01 2.383688705641406544e-03 -2.955469999999999972e-02 1.791642211877478297e-01 2.408784295781641986e-03 9.838162326392080326e-01 6.852028800000000253e+00
9.789321011608373979e-01 2.755215778333257662e-02 -2.023186099159203499e-01 -6.932860400000000034e+00 -2.475449127249381223e-02 9.995599176003839847e-01 1.634583398158511239e-02 -3.071060000000000109e-02 2.026799360535423700e-01 -1.099316734139260329e-02 9.791833300220833536e-01 6.973375800000000346e+00
9.765440727266816445e-01 2.819580335387064651e-02 -2.134635113915614724e-01 -6.946658600000000128e+00 -2.450324789927243313e-02 9.995011703877335618e-01 1.992488986010946747e-02 -3.127339999999999981e-02 2.139188277472841848e-01 -1.422698375554526731e-02 9.767478323848214350e-01 7.033116800000000168e+00
9.738058672596902055e-01 3.173779768640925397e-02 -2.251551578103843931e-01 -6.961183499999999746e+00 -2.894887496860599346e-02 9.994579326920706164e-01 1.567811904995260880e-02 -3.201179999999999998e-02 2.255306975306345108e-01 -8.749455806450204959e-03 9.741967724717817134e-01 7.091148900000000310e+00
9.709055216848421210e-01 3.131719506557471833e-02 -2.374061946435039872e-01 -6.976540100000000244e+00 -3.064309116210328990e-02 9.995090592093511805e-01 6.530047662059468641e-03 -3.236800000000000094e-02 2.374941450350209760e-01 9.348003329501977481e-04 9.713885202237166894e-01 7.148916700000000013e+00
