9.999096e-01 1.061516e-03 -1.340599e-02 -1.001116e-02 -1.058762e-03 9.999994e-01 2.126022e-04 -4.359704e-03 1.340621e-02 -1.983884e-04 9.999101e-01 1.857373e-01
9.991403e-01 2.230707e-03 -4.139680e-02 -4.273697e-02 -2.379114e-03 9.999909e-01 -3.536042e-03 -7.303015e-03 4.138854e-02 3.631490e-03 9.991365e-01 5.011396e-01
9.984892e-01 2.145631e-03 -5.490591e-02 -6.000009e-02 -2.394373e-03 9.999871e-01 -4.464951e-03 -8.065471e-03 5.489562e-02 4.589671e-03 9.984816e-01 6.279359e-01
6.574738e-01 1.958832e-02 -7.532227e-01 -2.663146e+00 -2.008945e-02 9.997623e-01 8.464136e-03 -5.287039e-02 7.532096e-01 9.566887e-03 6.577111e-01 4.540774e+00
6.131629e-01 1.930946e-02 -7.897204e-01 -2.929115e+00 -1.750863e-02 9.997878e-01 1.085159e-02 -5.283789e-02 7.897624e-01 7.173130e-03 6.133709e-01 4.687680e+00
4.081172e-01 2.482780e-02 -9.125918e-01 -4.177130e+00 -1.202969e-02 9.996896e-01 2.181762e-02 -3.878842e-02 9.128503e-01 2.074055e-03 4.082892e-01 5.153468e+00
2.977517e-01 2.999078e-02 -9.541721e-01 -4.911075e+00 -9.323251e-03 9.995501e-01 2.850773e-02 -2.945435e-02 9.545979e-01 4.077656e-04 2.978973e-01 5.302451e+00
2.439423e-01 3.226578e-02 -9.692528e-01 -5.299329e+00 -5.239211e-03 9.994756e-01 3.195328e-02 -2.697748e-02 9.697756e-01 -2.716632e-03 2.439834e-01 5.360943e+00
1.451008e-01 3.362423e-02 -9.888454e-01 -6.122091e+00 -3.991990e-03 9.994341e-01 3.339852e-02 -1.604266e-02 9.894089e-01 -8.986869e-04 1.451529e-01 5.421290e+00
2.904726e-02 2.991174e-02 -9.991304e-01 -7.473426e+00 -6.521623e-03 9.995365e-01 2.973431e-02 1.625113e-02 9.995568e-01 5.652255e-03 2.922887e-02 5.410697e+00
-2.721994e-03 2.726005e-02 -9.996247e-01 -7.950411e+00 -5.718749e-03 9.996116e-01 2.727527e-02 2.306424e-02 9.999800e-01 5.790849e-03 -2.565041e-03 5.389282e+00
-2.964894e-02 2.550783e-02 -9.992348e-01 -8.444612e+00 -6.326376e-03 9.996495e-01 2.570614e-02 3.066422e-02 9.995404e-01 7.083698e-03 -2.947717e-02 5.353644e+00
-5.091764e-02 2.313000e-02 -9.984350e-01 -8.953007e+00 -6.820021e-03 9.997004e-01 2.350713e-02 4.057477e-02 9.986796e-01 8.006278e-03 -5.074464e-02 5.310729e+00
-9.045247e-02 2.383599e-02 -9.956155e-01 -1.057921e+01 -6.387145e-03 9.996791e-01 2.451356e-02 6.596199e-02 9.958803e-01 8.576455e-03 -9.027120e-02 5.153075e+00
-9.725791e-02 2.540281e-02 -9.949350e-01 -1.115274e+01 -8.559783e-03 9.996159e-01 2.635907e-02 6.936405e-02 9.952224e-01 1.108006e-02 -9.700311e-02 5.088360e+00
-1.018114e-01 2.626013e-02 -9.944570e-01 -1.173941e+01 -8.587813e-03 9.995911e-01 2.727492e-02 7.855473e-02 9.947667e-01 1.131711e-02 -1.015442e-01 5.025880e+00
-1.028278e-01 2.847192e-02 -9.942916e-01 -1.296427e+01 -3.919262e-03 9.995709e-01 2.902843e-02 1.026715e-01 9.946915e-01 6.881821e-03 -1.026721e-01 4.901812e+00
-1.013578e-01 3.126980e-02 -9.943585e-01 -1.360015e+01 -4.596263e-03 9.994805e-01 3.189940e-02 1.095163e-01 9.948395e-01 7.803588e-03 -1.011614e-01 4.835681e+00
-9.950488e-02 3.165295e-02 -9.945335e-01 -1.425164e+01 -7.042716e-03 9.994464e-01 3.251396e-02 1.178242e-01 9.950122e-01 1.023952e-02 -9.922688e-02 4.767225e+00
-9.786425e-02 2.880843e-02 -9.947827e-01 -1.491341e+01 -8.778970e-03 9.995170e-01 2.980919e-02 1.296149e-01 9.951611e-01 1.165042e-02 -9.756407e-02 4.697363e+00
-9.143352e-02 3.749733e-02 -9.951049e-01 -1.773322e+01 -1.072094e-02 9.991958e-01 3.863657e-02 1.905594e-01 9.957535e-01 1.420114e-02 -9.095798e-02 4.426532e+00
-8.963018e-02 3.633795e-02 -9.953120e-01 -1.847183e+01 -1.191924e-02 9.992235e-01 3.755412e-02 2.092753e-01 9.959038e-01 1.522934e-02 -8.912746e-02 4.359249e+00
-8.776869e-02 3.343541e-02 -9.955796e-01 -1.922427e+01 -1.418124e-02 9.992933e-01 3.481034e-02 2.305555e-01 9.960400e-01 1.717381e-02 -8.723251e-02 4.290984e+00
-8.451284e-02 3.487323e-02 -9.958119e-01 -2.077310e+01 -1.290088e-02 9.992653e-01 3.608905e-02 2.703516e-01 9.963389e-01 1.589684e-02 -8.400085e-02 4.161929e+00
-8.331618e-02 3.705888e-02 -9.958338e-01 -2.156448e+01 -1.052013e-02 9.992199e-01 3.806506e-02 2.880249e-01 9.964677e-01 1.364774e-02 -8.286132e-02 4.100217e+00
-8.195788e-02 3.938854e-02 -9.958571e-01 -2.236419e+01 -9.754524e-03 9.991391e-01 4.032114e-02 3.062236e-01 9.965881e-01 1.301875e-02 -8.150311e-02 4.035961e+00
-8.074505e-02 2.784209e-02 -9.963458e-01 -2.396950e+01 -8.508473e-03 9.995541e-01 2.862128e-02 3.342058e-01 9.966985e-01 1.078841e-02 -8.047215e-02 3.908970e+00
-8.117506e-02 2.268473e-02 -9.964417e-01 -2.561886e+01 -3.485151e-03 9.997284e-01 2.304348e-02 3.615096e-01 9.966938e-01 5.343309e-03 -8.107395e-02 3.786079e+00
-8.098689e-02 3.123790e-02 -9.962255e-01 -2.646136e+01 -4.490308e-03 9.994872e-01 3.170522e-02 3.717697e-01 9.967051e-01 7.041069e-03 -8.080509e-02 3.716343e+00
-8.165962e-02 4.388270e-02 -9.956937e-01 -2.815287e+01 -7.595689e-03 9.989738e-01 4.465022e-02 4.028815e-01 9.966314e-01 1.120910e-02 -8.124250e-02 3.569541e+00
-8.245294e-02 4.133613e-02 -9.957373e-01 -2.983721e+01 -9.690603e-03 9.990589e-01 4.227647e-02 4.370064e-01 9.965479e-01 1.313512e-02 -8.197477e-02 3.418460e+00
-8.288970e-02 3.922072e-02 -9.957866e-01 -3.151586e+01 -1.105292e-02 9.991276e-01 4.027237e-02 4.763855e-01 9.964975e-01 1.434452e-02 -8.238388e-02 3.271990e+00
-8.271724e-02 4.082259e-02 -9.957366e-01 -3.319517e+01 -1.302830e-02 9.990310e-01 4.203994e-02 5.076454e-01 9.964879e-01 1.645018e-02 -8.210524e-02 3.123626e+00
-8.195133e-02 3.105421e-02 -9.961524e-01 -3.486004e+01 -1.499027e-02 9.993629e-01 3.238752e-02 5.386702e-01 9.965236e-01 1.758679e-02 -8.143361e-02 2.980358e+00
-8.074712e-02 3.441770e-02 -9.961402e-01 -3.653345e+01 -1.407711e-02 9.992646e-01 3.566675e-02 5.579548e-01 9.966352e-01 1.690276e-02 -8.020323e-02 2.843137e+00
-7.964970e-02 4.443042e-02 -9.958322e-01 -3.821476e+01 -1.275581e-02 9.988789e-01 4.558661e-02 5.878615e-01 9.967413e-01 1.633361e-02 -7.899366e-02 2.706985e+00
-7.980664e-02 4.835639e-02 -9.956367e-01 -3.904918e+01 -1.285875e-02 9.986896e-01 4.953538e-02 6.055646e-01 9.967275e-01 1.675590e-02 -7.908026e-02 2.638855e+00
-7.935204e-02 4.425698e-02 -9.958637e-01 -4.071171e+01 -1.242385e-02 9.988924e-01 4.538155e-02 6.464858e-01 9.967693e-01 1.597358e-02 -7.871431e-02 2.504806e+00
-7.897161e-02 3.959310e-02 -9.960903e-01 -4.153840e+01 -1.315326e-02 9.990826e-01 4.075486e-02 6.640169e-01 9.967901e-01 1.632031e-02 -7.837838e-02 2.436154e+00
-7.912445e-02 3.465562e-02 -9.962622e-01 -4.319143e+01 -2.040105e-02 9.991299e-01 3.637566e-02 6.977483e-01 9.966560e-01 2.320300e-02 -7.834860e-02 2.290205e+00
-8.099499e-02 2.976202e-02 -9.962700e-01 -4.483883e+01 -1.535850e-02 9.993981e-01 3.110410e-02 7.206987e-01 9.965962e-01 1.782049e-02 -8.048914e-02 2.160908e+00
-8.331048e-02 3.088015e-02 -9.960451e-01 -4.648335e+01 -1.024723e-02 9.994403e-01 3.184251e-02 7.434451e-01 9.964710e-01 1.285952e-02 -8.294742e-02 2.028253e+00
-8.682806e-02 4.163558e-02 -9.953529e-01 -4.812333e+01 -6.298404e-03 9.990833e-01 4.234107e-02 7.646921e-01 9.962034e-01 9.945529e-03 -8.648623e-02 1.890493e+00
-8.958858e-02 3.722221e-02 -9.952831e-01 -4.973553e+01 -9.200308e-03 9.992278e-01 3.819790e-02 7.874193e-01 9.959364e-01 1.257901e-02 -8.917694e-02 1.740695e+00
-9.202649e-02 3.137353e-02 -9.952622e-01 -5.132871e+01 -1.768445e-02 9.992944e-01 3.313583e-02 8.126433e-01 9.955995e-01 2.065004e-02 -9.140673e-02 1.575304e+00
-9.396287e-02 3.429642e-02 -9.949848e-01 -5.291590e+01 -1.947438e-02 9.991519e-01 3.627916e-02 8.317695e-01 9.953852e-01 2.278560e-02 -9.321528e-02 1.416807e+00
-9.547628e-02 3.365711e-02 -9.948625e-01 -5.448400e+01 -2.234157e-02 9.991040e-01 3.594471e-02 8.494927e-01 9.951810e-01 2.565866e-02 -9.463878e-02 1.258994e+00
-9.600787e-02 3.526470e-02 -9.947557e-01 -5.526303e+01 -2.088946e-02 9.990807e-01 3.743416e-02 8.601357e-01 9.951614e-01 2.437388e-02 -9.518295e-02 1.184702e+00
-9.631889e-02 4.229139e-02 -9.944516e-01 -5.681074e+01 -2.023666e-02 9.988072e-01 4.443667e-02 8.820234e-01 9.951448e-01 2.440447e-02 -9.534816e-02 1.032637e+00
-9.679243e-02 4.476912e-02 -9.942972e-01 -5.757460e+01 -2.017706e-02 9.986943e-01 4.693131e-02 8.957003e-01 9.951001e-01 2.460459e-02 -9.576274e-02 9.565390e-01
-9.751230e-02 4.461774e-02 -9.942337e-01 -5.833039e+01 -1.973636e-02 9.987114e-01 4.675439e-02 9.106542e-01 9.950386e-01 2.418168e-02 -9.650605e-02 8.830630e-01
-9.795446e-02 4.283838e-02 -9.942685e-01 -5.907759e+01 -1.906692e-02 9.988089e-01 4.491248e-02 9.234551e-01 9.950083e-01 2.335701e-02 -9.702100e-02 8.100074e-01
-9.446826e-02 3.336158e-02 -9.949687e-01 -6.194033e+01 -2.166315e-02 9.991328e-01 3.555804e-02 9.565112e-01 9.952922e-01 2.491326e-02 -9.366362e-02 5.237598e-01
-9.065597e-02 3.447304e-02 -9.952854e-01 -6.262022e+01 -2.266347e-02 9.990704e-01 3.666846e-02 9.607290e-01 9.956244e-01 2.588084e-02 -8.979042e-02 4.617179e-01
-8.478874e-02 3.562920e-02 -9.957617e-01 -6.328551e+01 -2.179694e-02 9.990550e-01 3.760305e-02 9.654748e-01 9.961605e-01 2.489288e-02 -8.393200e-02 4.088407e-01
-7.769131e-02 3.737607e-02 -9.962766e-01 -6.393546e+01 -2.099037e-02 9.990142e-01 3.911565e-02 9.696725e-01 9.967565e-01 2.395116e-02 -7.683019e-02 3.622951e-01
-4.271090e-02 4.211609e-02 -9.981994e-01 -6.579136e+01 -2.736683e-02 9.986869e-01 4.330764e-02 9.882448e-01 9.987126e-01 2.916726e-02 -4.150223e-02 2.627668e-01
5.165759e-02 4.439305e-02 -9.976777e-01 -6.799052e+01 -2.852108e-02 9.986696e-01 4.296044e-02 1.013813e+00 9.982575e-01 2.623562e-02 5.285500e-02 3.455598e-01
8.536048e-02 4.448258e-02 -9.953566e-01 -6.848214e+01 -2.750150e-02 9.987274e-01 4.227474e-02 1.016477e+00 9.959705e-01 2.376521e-02 8.647519e-02 4.164808e-01
1.227573e-01 4.458956e-02 -9.914345e-01 -6.895412e+01 -2.686321e-02 9.987734e-01 4.159349e-02 1.019824e+00 9.920731e-01 2.152721e-02 1.238045e-01 5.048813e-01
4.589753e-01 2.786762e-02 -8.880119e-01 -7.181419e+01 -4.383319e-03 9.995668e-01 2.910289e-02 1.040291e+00 8.884383e-01 -9.465065e-03 4.588986e-01 1.753829e+00
5.520074e-01 2.262555e-02 -8.335322e-01 -7.250742e+01 4.001910e-03 9.995484e-01 2.978219e-02 1.049184e+00 8.338297e-01 -1.977570e-02 5.516675e-01 2.296944e+00
5.956629e-01 1.585576e-02 -8.030780e-01 -7.281071e+01 1.549808e-02 9.993921e-01 3.122705e-02 1.052187e+00 8.030850e-01 -3.104695e-02 5.950551e-01 2.601772e+00
7.198790e-01 -1.153949e-03 -6.940987e-01 -7.365932e+01 1.134516e-02 9.998846e-01 1.010422e-02 1.056081e+00 6.940069e-01 -1.514848e-02 7.198090e-01 3.554385e+00
7.593590e-01 -4.902043e-03 -6.506534e-01 -7.391333e+01 7.111606e-03 9.999744e-01 7.659137e-04 1.058753e+00 6.506330e-01 -5.208790e-03 7.593745e-01 3.911270e+00
7.967185e-01 -6.044423e-03 -6.043204e-01 -7.416588e+01 5.806608e-03 9.999804e-01 -2.346559e-03 1.057855e+00 6.043228e-01 -1.639502e-03 7.967379e-01 4.300551e+00
8.620977e-01 -7.374496e-03 -5.066885e-01 -7.461515e+01 4.114510e-03 9.999630e-01 -7.553191e-03 1.053457e+00 5.067255e-01 4.426815e-03 8.620961e-01 5.155827e+00
8.886387e-01 -5.432656e-03 -4.585759e-01 -7.482560e+01 3.165614e-03 9.999786e-01 -5.712150e-03 1.044844e+00 4.585971e-01 3.624365e-03 8.886369e-01 5.623155e+00
9.282975e-01 4.418182e-03 -3.718121e-01 -7.520557e+01 -7.412496e-03 9.999506e-01 -6.624412e-03 1.035836e+00 3.717645e-01 8.905481e-03 9.282844e-01 6.618096e+00
9.422181e-01 8.825716e-03 -3.348837e-01 -7.537989e+01 -1.143552e-02 9.999176e-01 -5.822212e-03 1.030282e+00 3.348048e-01 9.315364e-03 9.422415e-01 7.151976e+00
9.526123e-01 1.032154e-02 -3.040119e-01 -7.553930e+01 -1.194835e-02 9.999225e-01 -3.491331e-03 1.020134e+00 3.039523e-01 6.958325e-03 9.526619e-01 7.706095e+00
9.661414e-01 8.961543e-03 -2.578573e-01 -7.583698e+01 -9.326138e-03 9.999565e-01 -1.908557e-04 1.004688e+00 2.578444e-01 2.589208e-03 9.661830e-01 8.874404e+00
9.708685e-01 1.164663e-02 -2.393295e-01 -7.598069e+01 -1.133083e-02 9.999321e-01 2.695421e-03 9.966334e-01 2.393447e-01 9.490508e-05 9.709347e-01 9.486418e+00
9.775062e-01 2.013451e-02 -2.099436e-01 -7.625804e+01 -1.939283e-02 9.997963e-01 5.591008e-03 9.812746e-01 2.100134e-01 -1.393842e-03 9.776975e-01 1.075522e+01
9.829611e-01 1.830401e-02 -1.828999e-01 -7.649294e+01 -1.770182e-02 9.998312e-01 4.924682e-03 9.734490e-01 1.829592e-01 -1.603108e-03 9.831192e-01 1.209150e+01
9.855730e-01 1.863308e-02 -1.682221e-01 -7.660203e+01 -1.798644e-02 9.998238e-01 5.367037e-03 9.705966e-01 1.682925e-01 -2.263888e-03 9.857345e-01 1.278422e+01
9.898226e-01 1.986472e-02 -1.409137e-01 -7.679658e+01 -1.959850e-02 9.998025e-01 3.276917e-03 9.546485e-01 1.409510e-01 -4.818675e-04 9.900165e-01 1.421250e+01
9.926196e-01 1.845295e-02 -1.198577e-01 -7.696463e+01 -1.957470e-02 9.997748e-01 -8.188277e-03 9.352274e-01 1.196796e-01 1.047402e-02 9.927573e-01 1.568785e+01
9.935925e-01 1.788793e-02 -1.115977e-01 -7.704091e+01 -1.906292e-02 9.997734e-01 -9.470564e-03 9.267552e-01 1.114030e-01 1.153726e-02 9.937084e-01 1.644684e+01
9.943126e-01 1.972079e-02 -1.046592e-01 -7.711873e+01 -2.014681e-02 9.997925e-01 -3.014790e-03 9.133109e-01 1.045780e-01 5.106192e-03 9.945036e-01 1.721856e+01
9.947552e-01 2.430267e-02 -9.935508e-02 -7.719881e+01 -2.389875e-02 9.997006e-01 5.253839e-03 8.975356e-01 9.945301e-02 -2.851820e-03 9.950382e-01 1.799359e+01
9.955248e-01 2.343596e-02 -9.154850e-02 -7.733723e+01 -2.275392e-02 9.997050e-01 8.486912e-03 8.765600e-01 9.172041e-02 -6.365842e-03 9.957645e-01 1.953401e+01
9.958152e-01 2.366515e-02 -8.827304e-02 -7.740244e+01 -2.309353e-02 9.997052e-01 7.491474e-03 8.673710e-01 8.842431e-02 -5.421586e-03 9.960682e-01 2.030151e+01
9.961043e-01 2.209172e-02 -8.537129e-02 -7.746374e+01 -2.137124e-02 9.997279e-01 9.344273e-03 8.595219e-01 8.555450e-02 -7.483377e-03 9.963054e-01 2.107246e+01
9.966536e-01 1.782813e-02 -7.977275e-02 -7.757340e+01 -1.673759e-02 9.997574e-01 1.431852e-02 8.408161e-01 8.000867e-02 -1.293540e-02 9.967102e-01 2.261434e+01
9.969879e-01 1.955555e-02 -7.505097e-02 -7.767675e+01 -1.932613e-02 9.998061e-01 3.782018e-03 8.191268e-01 7.511038e-02 -2.320180e-03 9.971725e-01 2.413827e+01
9.970950e-01 2.005108e-02 -7.348164e-02 -7.773420e+01 -2.039302e-02 9.997844e-01 -3.906001e-03 8.046718e-01 7.338749e-02 5.393166e-03 9.972889e-01 2.489811e+01
9.971687e-01 2.063475e-02 -7.231107e-02 -7.778961e+01 -2.132267e-02 9.997343e-01 -8.754247e-03 7.903154e-01 7.211122e-02 1.027133e-02 9.973437e-01 2.565478e+01
9.973626e-01 2.544213e-02 -6.797409e-02 -7.790878e+01 -2.571467e-02 9.996644e-01 -3.137224e-03 7.508496e-01 6.787147e-02 4.876881e-03 9.976822e-01 2.718067e+01
9.976148e-01 2.726027e-02 -6.341609e-02 -7.802007e+01 -2.705552e-02 9.996256e-01 4.085521e-03 7.137060e-01 6.350372e-02 -2.360019e-03 9.979788e-01 2.869200e+01
9.978606e-01 2.223991e-02 -6.147886e-02 -7.810970e+01 -2.201720e-02 9.997483e-01 4.297682e-03 6.798769e-01 6.155897e-02 -2.934894e-03 9.980991e-01 3.019277e+01
9.980139e-01 2.011648e-02 -5.969513e-02 -7.819810e+01 -2.011991e-02 9.997974e-01 5.437240e-04 6.476766e-01 5.969397e-02 6.584171e-04 9.982165e-01 3.170130e+01
9.980837e-01 1.853880e-02 -5.903657e-02 -7.824233e+01 -1.850660e-02 9.998281e-01 1.092321e-03 6.301632e-01 5.904668e-02 2.339810e-06 9.982552e-01 3.246413e+01
9.980777e-01 2.145585e-02 -5.814208e-02 -7.834624e+01 -2.145232e-02 9.997696e-01 6.849280e-04 5.990528e-01 5.814338e-02 5.636721e-04 9.983081e-01 3.400093e+01
9.978929e-01 1.912200e-02 -6.200057e-02 -7.844974e+01 -1.908247e-02 9.998171e-01 1.229822e-03 5.641545e-01 6.201275e-02 -4.410566e-05 9.980754e-01 3.556152e+01
9.973910e-01 2.402159e-02 -6.807438e-02 -7.857152e+01 -2.400464e-02 9.997113e-01 1.067185e-03 5.285291e-01 6.808036e-02 5.697015e-04 9.976797e-01 3.714347e+01
9.969805e-01 2.538411e-02 -7.338608e-02 -7.870040e+01 -2.603828e-02 9.996291e-01 -7.970985e-03 4.940833e-01 7.315654e-02 9.857764e-03 9.972718e-01 3.873523e+01
9.966769e-01 2.519982e-02 -7.746066e-02 -7.882862e+01 -2.586973e-02 9.996360e-01 -7.656899e-03 4.646182e-01 7.723952e-02 9.635340e-03 9.969660e-01 4.036454e+01
9.964140e-01 2.263245e-02 -8.152874e-02 -7.895989e+01 -2.312866e-02 9.997192e-01 -5.146836e-03 4.339025e-01 8.138937e-02 7.014029e-03 9.966577e-01 4.203064e+01
9.962742e-01 2.183304e-02 -8.343279e-02 -7.910034e+01 -2.163733e-02 9.997606e-01 3.249453e-03 4.039919e-01 8.348377e-02 -1.432082e-03 9.965081e-01 4.372474e+01
9.964057e-01 2.536308e-02 -8.082327e-02 -7.924668e+01 -2.496686e-02 9.996708e-01 5.909382e-03 3.756583e-01 8.094655e-02 -3.870238e-03 9.967109e-01 4.543863e+01
9.967286e-01 2.305048e-02 -7.746535e-02 -7.938492e+01 -2.293337e-02 9.997341e-01 2.401242e-03 3.498958e-01 7.750011e-02 -6.168441e-04 9.969922e-01 4.716296e+01
9.971031e-01 1.749554e-02 -7.402269e-02 -7.950861e+01 -1.751297e-02 9.998465e-01 4.136421e-04 3.209956e-01 7.401858e-02 8.839143e-04 9.972565e-01 4.890207e+01
9.973040e-01 1.270520e-02 -7.227324e-02 -7.963392e+01 -1.234224e-02 9.999089e-01 5.466448e-03 2.867505e-01 7.233611e-02 -4.559694e-03 9.973699e-01 5.065630e+01
9.973788e-01 1.166362e-02 -7.141078e-02 -7.969742e+01 -1.127732e-02 9.999195e-01 5.810410e-03 2.720427e-01 7.147281e-02 -4.989856e-03 9.974301e-01 5.152945e+01
9.974391e-01 1.598027e-02 -6.971308e-02 -7.983358e+01 -1.619357e-02 9.998657e-01 -2.495506e-03 2.408602e-01 6.966385e-02 3.618019e-03 9.975640e-01 5.325480e+01
9.974783e-01 1.766750e-02 -6.873771e-02 -7.990039e+01 -1.824544e-02 9.998032e-01 -7.789141e-03 2.201002e-01 6.858657e-02 9.023648e-03 9.976044e-01 5.411350e+01
9.974862e-01 2.287299e-02 -6.706849e-02 -8.003259e+01 -2.394011e-02 9.995986e-01 -1.515030e-02 1.649343e-01 6.669504e-02 1.671784e-02 9.976334e-01 5.581906e+01
9.975594e-01 1.905347e-02 -6.717376e-02 -8.015558e+01 -1.905553e-02 9.998182e-01 6.101767e-04 1.161116e-01 6.717318e-02 6.713453e-04 9.977411e-01 5.752689e+01
9.974598e-01 2.043472e-02 -6.823714e-02 -8.022244e+01 -1.982576e-02 9.997574e-01 9.589694e-03 9.233457e-02 6.841656e-02 -8.212479e-03 9.976230e-01 5.837775e+01
9.973475e-01 1.637144e-02 -7.092222e-02 -8.028086e+01 -1.600464e-02 9.998554e-01 5.737102e-03 7.510008e-02 7.100590e-02 -4.586798e-03 9.974654e-01 5.921310e+01
9.970686e-01 9.839836e-03 -7.587720e-02 -8.040305e+01 -9.745675e-03 9.999512e-01 1.611168e-03 4.000654e-02 7.588935e-02 -8.669694e-04 9.971159e-01 6.087223e+01
9.968586e-01 1.117945e-02 -7.840894e-02 -8.047401e+01 -1.129988e-02 9.999355e-01 -1.092300e-03 1.826730e-02 7.839168e-02 1.974881e-03 9.969207e-01 6.169567e+01
9.965538e-01 1.302843e-02 -8.191992e-02 -8.054972e+01 -1.342493e-02 9.999006e-01 -4.291024e-03 -3.742664e-03 8.185588e-02 5.376005e-03 9.966297e-01 6.251365e+01
9.962044e-01 1.356199e-02 -8.598214e-02 -8.062089e+01 -1.429631e-02 9.998663e-01 -7.930284e-03 -2.632294e-02 8.586311e-02 9.129410e-03 9.962651e-01 6.332787e+01
9.959022e-01 1.469750e-02 -8.923512e-02 -8.069604e+01 -1.586026e-02 9.997981e-01 -1.233511e-02 -5.452812e-02 8.903581e-02 1.369985e-02 9.959342e-01 6.413629e+01
9.955324e-01 2.018083e-02 -9.223929e-02 -8.077810e+01 -2.133438e-02 9.997058e-01 -1.153712e-02 -8.379998e-02 9.197933e-02 1.345344e-02 9.956700e-01 6.494508e+01
9.951360e-01 2.300598e-02 -9.578676e-02 -8.085967e+01 -2.409303e-02 9.996576e-01 -1.020740e-02 -1.090773e-01 9.551914e-02 1.246554e-02 9.953495e-01 6.575279e+01
9.946717e-01 2.644463e-02 -9.964404e-02 -8.094518e+01 -2.706427e-02 9.996218e-01 -4.871640e-03 -1.360470e-01 9.947753e-02 7.542475e-03 9.950112e-01 6.655929e+01
9.942522e-01 2.749508e-02 -1.034727e-01 -8.103408e+01 -2.742471e-02 9.996216e-01 2.103045e-03 -1.573834e-01 1.034913e-01 7.467515e-04 9.946301e-01 6.736350e+01
9.937512e-01 2.685355e-02 -1.083396e-01 -8.112341e+01 -2.642608e-02 9.996363e-01 5.379751e-03 -1.755819e-01 1.084446e-01 -2.483143e-03 9.940994e-01 6.815999e+01
9.930349e-01 2.640960e-02 -1.148227e-01 -8.121916e+01 -2.589901e-02 9.996469e-01 5.936642e-03 -1.913565e-01 1.149389e-01 -2.921497e-03 9.933683e-01 6.894880e+01
9.923841e-01 2.388637e-02 -1.208442e-01 -8.131685e+01 -2.290157e-02 9.996923e-01 9.531912e-03 -2.042169e-01 1.210347e-01 -6.691793e-03 9.926257e-01 6.973955e+01
9.906752e-01 2.878540e-02 -1.331689e-01 -8.154226e+01 -2.781246e-02 9.995712e-01 9.160900e-03 -2.305564e-01 1.333755e-01 -5.371720e-03 9.910510e-01 7.129191e+01
9.889858e-01 2.968952e-02 -1.450022e-01 -8.178344e+01 -2.963715e-02 9.995575e-01 2.521779e-03 -2.550723e-01 1.450129e-01 1.803450e-03 9.894281e-01 7.282193e+01
9.873798e-01 3.326103e-02 -1.548380e-01 -8.204910e+01 -3.277161e-02 9.994465e-01 5.713068e-03 -2.836517e-01 1.549424e-01 -5.666748e-04 9.879234e-01 7.434335e+01
9.853626e-01 3.400571e-02 -1.670456e-01 -8.232699e+01 -3.223878e-02 9.993920e-01 1.327876e-02 -3.160459e-01 1.673956e-01 -7.699045e-03 9.858598e-01 7.585198e+01
9.842290e-01 3.187628e-02 -1.740035e-01 -8.246709e+01 -3.058414e-02 9.994811e-01 1.010295e-02 -3.273793e-01 1.742353e-01 -4.621867e-03 9.846932e-01 7.659470e+01
9.811245e-01 2.632367e-02 -1.915771e-01 -8.276564e+01 -2.684762e-02 9.996395e-01 -1.392230e-04 -3.542448e-01 1.915044e-01 5.279985e-03 9.814776e-01 7.806923e+01
9.766120e-01 2.610930e-02 -2.134180e-01 -8.310119e+01 -2.486657e-02 9.996546e-01 8.505821e-03 -3.866320e-01 2.135664e-01 -2.999910e-03 9.769240e-01 7.954411e+01
9.712876e-01 2.949127e-02 -2.360734e-01 -8.346726e+01 -2.505677e-02 9.994491e-01 2.176316e-02 -4.083909e-01 2.365852e-01 -1.522305e-02 9.714915e-01 8.101060e+01
9.651691e-01 3.120823e-02 -2.597589e-01 -8.385643e+01 -3.033783e-02 9.995126e-01 7.360235e-03 -4.258951e-01 2.598620e-01 7.766520e-04 9.656455e-01 8.243070e+01
9.583100e-01 2.728584e-02 -2.844247e-01 -8.426582e+01 -2.654382e-02 9.996267e-01 6.463758e-03 -4.288742e-01 2.844949e-01 1.355435e-03 9.586766e-01 8.386239e+01
9.511074e-01 3.068897e-02 -3.073318e-01 -8.472751e+01 -2.552079e-02 9.994574e-01 2.082214e-02 -4.424402e-01 3.078041e-01 -1.196073e-02 9.513746e-01 8.530299e+01
9.470296e-01 2.680373e-02 -3.200258e-01 -8.496507e+01 -2.186718e-02 9.995801e-01 1.900979e-02 -4.446969e-01 3.204009e-01 -1.100477e-02 9.472181e-01 8.601174e+01
9.398766e-01 2.184172e-02 -3.408152e-01 -8.546879e+01 -2.010926e-02 9.997606e-01 8.615450e-03 -4.551185e-01 3.409218e-01 -1.243917e-03 9.400909e-01 8.741701e+01
9.343112e-01 1.670852e-02 -3.560666e-01 -8.599632e+01 -1.806969e-02 9.998366e-01 -4.968568e-04 -4.725988e-01 3.560002e-01 6.898232e-03 9.344604e-01 8.882079e+01
9.281430e-01 2.311602e-02 -3.715053e-01 -8.656905e+01 -2.398840e-02 9.997096e-01 2.273564e-03 -4.896331e-01 3.714500e-01 6.801627e-03 9.284281e-01 9.021553e+01
9.220800e-01 2.377708e-02 -3.862682e-01 -8.715878e+01 -1.933902e-02 9.996948e-01 1.537198e-02 -4.804139e-01 3.865158e-01 -6.704146e-03 9.222584e-01 9.162194e+01
9.193440e-01 3.416534e-02 -3.919686e-01 -8.747632e+01 -2.709705e-02 9.993553e-01 2.355242e-02 -4.825025e-01 3.925206e-01 -1.103158e-02 9.196771e-01 9.231850e+01
9.142241e-01 3.856213e-02 -4.033699e-01 -8.811795e+01 -3.615563e-02 9.992538e-01 1.358310e-02 -4.680556e-01 4.035928e-01 2.166101e-03 9.149362e-01 9.368698e+01
9.121701e-01 3.050276e-02 -4.086750e-01 -8.842784e+01 -3.076794e-02 9.995090e-01 5.926946e-03 -4.619748e-01 4.086552e-01 7.167704e-03 9.126607e-01 9.437577e+01
9.103967e-01 3.049936e-02 -4.126108e-01 -8.874901e+01 -3.152904e-02 9.994935e-01 4.313954e-03 -4.631796e-01 4.125334e-01 9.081815e-03 9.108972e-01 9.506817e+01
9.057833e-01 4.006249e-02 -4.218431e-01 -8.941637e+01 -3.736374e-02 9.991941e-01 1.466603e-02 -4.736535e-01 4.220907e-01 2.477394e-03 9.065502e-01 9.646571e+01
9.012369e-01 3.463436e-02 -4.319404e-01 -9.008495e+01 -3.478352e-02 9.993663e-01 7.557112e-03 -4.847031e-01 4.319284e-01 8.213660e-03 9.018705e-01 9.784976e+01
8.990019e-01 3.151276e-02 -4.368096e-01 -9.042665e+01 -3.495250e-02 9.993889e-01 1.628784e-04 -4.875902e-01 4.365478e-01 1.512116e-02 8.995540e-01 9.853474e+01
8.966246e-01 3.188904e-02 -4.416416e-01 -9.077493e+01 -3.638479e-02 9.993364e-01 -1.710908e-03 -4.958138e-01 4.412940e-01 1.760308e-02 8.971899e-01 9.921955e+01
8.945911e-01 3.566952e-02 -4.454599e-01 -9.113104e+01 -3.821885e-02 9.992640e-01 3.261876e-03 -5.064823e-01 4.452484e-01 1.410692e-02 8.952960e-01 9.990950e+01
8.901319e-01 3.804467e-02 -4.541121e-01 -9.184000e+01 -3.946244e-02 9.992008e-01 6.358551e-03 -5.261980e-01 4.539911e-01 1.226042e-02 8.909219e-01 1.012774e+02
8.878868e-01 3.673343e-02 -4.585932e-01 -9.219617e+01 -3.816812e-02 9.992524e-01 6.142706e-03 -5.349382e-01 4.584760e-01 1.204961e-02 8.886251e-01 1.019541e+02
8.857904e-01 3.453353e-02 -4.627988e-01 -9.255294e+01 -3.625907e-02 9.993290e-01 5.169495e-03 -5.434586e-01 4.626668e-01 1.220156e-02 8.864483e-01 1.026273e+02
8.813923e-01 3.522323e-02 -4.710700e-01 -9.328321e+01 -3.658770e-02 9.993108e-01 6.264141e-03 -5.589669e-01 4.709660e-01 1.171420e-02 8.820736e-01 1.039601e+02
8.766763e-01 3.328006e-02 -4.799282e-01 -9.401507e+01 -3.630651e-02 9.993362e-01 2.977368e-03 -5.767572e-01 4.797088e-01 1.481433e-02 8.773027e-01 1.052674e+02
8.743880e-01 3.013636e-02 -4.842906e-01 -9.438211e+01 -3.517202e-02 9.993804e-01 -1.313869e-03 -5.883920e-01 4.839510e-01 1.818231e-02 8.749062e-01 1.059103e+02
8.722627e-01 2.821580e-02 -4.882229e-01 -9.474824e+01 -3.480935e-02 9.993841e-01 -4.433357e-03 -5.980777e-01 4.877972e-01 2.086177e-02 8.727077e-01 1.065472e+02
8.702813e-01 2.978177e-02 -4.916539e-01 -9.512335e+01 -3.479658e-02 9.993938e-01 -1.055815e-03 -6.050065e-01 4.913244e-01 1.802673e-02 8.707901e-01 1.071878e+02
8.684481e-01 3.401415e-02 -4.946119e-01 -9.549621e+01 -3.470690e-02 9.993672e-01 7.786899e-03 -6.134439e-01 4.945638e-01 1.040393e-02 8.690791e-01 1.078233e+02
8.669419e-01 3.641112e-02 -4.970774e-01 -9.586451e+01 -3.197040e-02 9.993366e-01 1.744294e-02 -6.210034e-01 4.973828e-01 7.697512e-04 8.675309e-01 1.084529e+02
8.638730e-01 3.277621e-02 -5.026421e-01 -9.657402e+01 -2.481486e-02 9.994383e-01 2.252282e-02 -6.245992e-01 5.030980e-01 -6.983865e-03 8.642012e-01 1.096683e+02
8.621072e-01 3.082854e-02 -5.057872e-01 -9.692077e+01 -2.471299e-02 9.995178e-01 1.879927e-02 -6.262052e-01 5.061229e-01 -3.707466e-03 8.624534e-01 1.102481e+02
8.604880e-01 2.901689e-02 -5.086437e-01 -9.726338e+01 -2.420205e-02 9.995777e-01 1.608015e-02 -6.273272e-01 5.088956e-01 -1.526556e-03 8.608269e-01 1.108135e+02
8.576929e-01 2.552506e-02 -5.135284e-01 -9.792433e+01 -2.122491e-02 9.996733e-01 1.423928e-02 -6.283274e-01 5.137241e-01 -1.313337e-03 8.579545e-01 1.119025e+02
8.551887e-01 2.632932e-02 -5.176476e-01 -9.855027e+01 -2.027669e-02 9.996439e-01 1.734686e-02 -6.360649e-01 5.179200e-01 -4.338655e-03 8.554181e-01 1.129252e+02
8.487383e-01 2.004088e-02 -5.284333e-01 -9.991884e+01 -1.744868e-02 9.997988e-01 9.892447e-03 -6.560401e-01 5.285252e-01 8.243642e-04 8.489172e-01 1.151137e+02
8.440195e-01 1.231158e-02 -5.361711e-01 -1.003993e+02 -9.473063e-03 9.999227e-01 8.048149e-03 -6.585884e-01 5.362288e-01 -1.713609e-03 8.440709e-01 1.158608e+02
8.297184e-01 2.829663e-02 -5.574645e-01 -1.013056e+02 -1.887682e-02 9.995654e-01 2.264161e-02 -6.713923e-01 5.578630e-01 -8.262992e-03 8.298920e-01 1.171266e+02
8.134516e-01 2.553501e-02 -5.810719e-01 -1.018739e+02 -1.048910e-02 9.995174e-01 2.923961e-02 -6.729960e-01 5.815381e-01 -1.769008e-02 8.133268e-01 1.178992e+02
7.557080e-01 2.356824e-02 -6.544846e-01 -1.027420e+02 -9.752834e-03 9.996464e-01 2.473643e-02 -6.858513e-01 6.548362e-01 -1.231044e-02 7.556706e-01 1.188380e+02
5.382124e-01 4.087249e-02 -8.418176e-01 -1.047330e+02 -2.695693e-02 9.991472e-01 3.127647e-02 -6.537004e-01 8.423781e-01 5.859440e-03 5.388552e-01 1.201137e+02
5.122978e-01 4.558652e-02 -8.575971e-01 -1.049312e+02 -3.112374e-02 9.989197e-01 3.450648e-02 -6.515101e-01 8.582437e-01 9.014040e-03 5.131632e-01 1.201854e+02
3.530581e-01 4.016684e-02 -9.347388e-01 -1.060565e+02 -3.016432e-02 9.990473e-01 3.153697e-02 -6.404796e-01 9.351151e-01 1.706138e-02 3.539333e-01 1.205003e+02
2.697084e-01 3.786323e-02 -9.621973e-01 -1.066408e+02 -2.804717e-02 9.991116e-01 3.145409e-02 -6.251645e-01 9.625335e-01 1.850348e-02 2.705307e-01 1.205994e+02
2.122537e-02 3.663835e-02 -9.991031e-01 -1.083468e+02 -1.818862e-02 9.991770e-01 3.625467e-02 -5.780578e-01 9.996093e-01 1.740279e-02 2.187430e-02 1.205908e+02
-1.898080e-01 4.394759e-02 -9.808371e-01 -1.098936e+02 -1.637565e-03 9.989821e-01 4.507750e-02 -5.498158e-01 9.818199e-01 1.016226e-02 -1.895429e-01 1.202526e+02
-2.393286e-01 4.521660e-02 -9.698852e-01 -1.103105e+02 2.445837e-03 9.989399e-01 4.596763e-02 -5.385017e-01 9.709356e-01 8.629191e-03 -2.391855e-01 1.201212e+02
-2.877480e-01 4.668609e-02 -9.565676e-01 -1.107358e+02 8.279552e-03 9.988950e-01 4.626133e-02 -5.271191e-01 9.576704e-01 5.391657e-03 -2.878166e-01 1.199688e+02
-3.791908e-01 4.985243e-02 -9.239746e-01 -1.116037e+02 1.948819e-02 9.987564e-01 4.588947e-02 -5.003029e-01 9.251133e-01 -6.057272e-04 -3.796907e-01 1.195688e+02
-5.244114e-01 5.234440e-02 -8.498546e-01 -1.134215e+02 2.906760e-02 9.986273e-01 4.357121e-02 -4.332770e-01 8.509688e-01 -1.853991e-03 -5.252131e-01 1.184470e+02
-5.478370e-01 5.099196e-02 -8.350296e-01 -1.138987e+02 2.790612e-02 9.986990e-01 4.267829e-02 -4.140913e-01 8.361195e-01 7.831756e-05 -5.485473e-01 1.181067e+02
-5.918390e-01 4.920885e-02 -8.045527e-01 -1.153845e+02 2.658306e-02 9.987834e-01 4.153377e-02 -3.685473e-01 8.056178e-01 3.193840e-03 -5.924271e-01 1.169889e+02
-6.096544e-01 5.169924e-02 -7.909796e-01 -1.164394e+02 2.914620e-02 9.986580e-01 4.280865e-02 -3.334200e-01 7.921314e-01 3.044435e-03 -6.103431e-01 1.161705e+02
-6.217490e-01 5.159735e-02 -7.815151e-01 -1.175268e+02 2.820515e-02 9.986554e-01 4.349432e-02 -2.939813e-01 7.827086e-01 4.999804e-03 -6.223683e-01 1.152919e+02
-6.296183e-01 5.276167e-02 -7.751110e-01 -1.186599e+02 2.959963e-02 9.985960e-01 4.393067e-02 -2.513318e-01 7.763406e-01 4.716556e-03 -6.302960e-01 1.143662e+02
-6.320345e-01 5.391669e-02 -7.730623e-01 -1.192396e+02 3.084404e-02 9.985364e-01 4.442500e-02 -2.283537e-01 7.743262e-01 4.233769e-03 -6.327725e-01 1.138874e+02
-6.347218e-01 5.346434e-02 -7.708890e-01 -1.210569e+02 3.191314e-02 9.985661e-01 4.297860e-02 -1.575086e-01 7.720815e-01 2.677969e-03 -6.355179e-01 1.123812e+02
-6.353366e-01 5.305633e-02 -7.704106e-01 -1.216870e+02 3.262167e-02 9.985904e-01 4.186835e-02 -1.322116e-01 7.715461e-01 1.468411e-03 -6.361718e-01 1.118577e+02
-6.361552e-01 5.371925e-02 -7.696888e-01 -1.223282e+02 3.279522e-02 9.985543e-01 4.258703e-02 -1.050706e-01 7.708639e-01 1.849851e-03 -6.369972e-01 1.113222e+02
-6.384034e-01 5.576446e-02 -7.676792e-01 -1.236258e+02 3.049076e-02 9.984214e-01 4.716949e-02 -4.736641e-02 7.690978e-01 6.706041e-03 -6.390960e-01 1.102135e+02
-6.395288e-01 5.599430e-02 -7.667252e-01 -1.242849e+02 3.066053e-02 9.984081e-01 4.734015e-02 -1.867648e-02 7.681555e-01 6.767193e-03 -6.402276e-01 1.096502e+02
-6.413875e-01 5.432909e-02 -7.652911e-01 -1.256369e+02 3.253119e-02 9.985183e-01 4.362198e-02 4.221843e-02 7.665271e-01 3.082760e-03 -6.422045e-01 1.085006e+02
-6.423178e-01 5.530909e-02 -7.644401e-01 -1.263320e+02 3.475676e-02 9.984687e-01 4.303742e-02 7.133427e-02 7.656500e-01 1.074243e-03 -6.432566e-01 1.079136e+02
-6.431044e-01 5.686590e-02 -7.636642e-01 -1.270372e+02 3.729233e-02 9.983814e-01 4.293905e-02 9.929117e-02 7.648699e-01 -8.645199e-04 -6.441842e-01 1.073179e+02
-6.443445e-01 5.487375e-02 -7.627641e-01 -1.277453e+02 3.718315e-02 9.984906e-01 4.042165e-02 1.250424e-01 7.638309e-01 -2.316499e-03 -6.454123e-01 1.067132e+02
-6.464204e-01 4.749143e-02 -7.615020e-01 -1.291860e+02 3.554941e-02 9.988517e-01 3.211685e-02 1.669410e-01 7.621529e-01 -6.309957e-03 -6.473664e-01 1.054824e+02
-6.463785e-01 4.518995e-02 -7.616775e-01 -1.299193e+02 3.281356e-02 9.989674e-01 3.142186e-02 1.835941e-01 7.623111e-01 -4.682937e-03 -6.471939e-01 1.048515e+02
-6.463611e-01 4.720907e-02 -7.615698e-01 -1.314132e+02 3.054604e-02 9.988850e-01 3.599495e-02 2.144697e-01 7.624200e-01 2.797270e-06 -6.470825e-01 1.035744e+02
-6.464693e-01 5.240601e-02 -7.611380e-01 -1.329234e+02 3.311670e-02 9.986253e-01 4.063002e-02 2.513658e-01 7.622210e-01 1.059678e-03 -6.473161e-01 1.023035e+02
-6.465548e-01 5.418809e-02 -7.609405e-01 -1.344357e+02 3.422569e-02 9.985301e-01 4.202650e-02 2.900097e-01 7.620994e-01 1.128723e-03 -6.474591e-01 1.010301e+02
-6.467717e-01 5.405138e-02 -7.607659e-01 -1.359465e+02 3.255466e-02 9.985329e-01 4.326781e-02 3.298425e-01 7.619886e-01 3.217921e-03 -6.475825e-01 9.975107e+01
-6.469056e-01 5.488490e-02 -7.605924e-01 -1.367105e+02 3.211773e-02 9.984825e-01 4.473420e-02 3.478641e-01 7.618935e-01 4.510303e-03 -6.476867e-01 9.910851e+01
-6.474888e-01 5.591651e-02 -7.600207e-01 -1.382274e+02 3.251834e-02 9.984234e-01 4.575285e-02 3.899821e-01 7.613809e-01 4.909849e-03 -6.482863e-01 9.782785e+01
-6.479718e-01 5.568539e-02 -7.596260e-01 -1.389901e+02 3.346596e-02 9.984422e-01 4.464521e-02 4.148069e-01 7.609288e-01 3.507227e-03 -6.488260e-01 9.718269e+01
-6.487532e-01 5.567193e-02 -7.589598e-01 -1.397480e+02 3.408349e-02 9.984453e-01 4.410461e-02 4.343912e-01 7.602353e-01 2.745016e-03 -6.496421e-01 9.654609e+01
-6.502005e-01 5.565784e-02 -7.577212e-01 -1.412656e+02 3.405124e-02 9.984457e-01 4.412073e-02 4.726101e-01 7.589992e-01 2.885982e-03 -6.510851e-01 9.526259e+01
-6.512694e-01 5.347435e-02 -7.569601e-01 -1.427704e+02 3.266842e-02 9.985650e-01 4.243511e-02 5.111815e-01 7.581431e-01 2.908002e-03 -6.520818e-01 9.397889e+01
-6.512026e-01 5.277174e-02 -7.570669e-01 -1.435294e+02 3.182284e-02 9.986007e-01 4.223510e-02 5.274135e-01 7.582364e-01 3.411590e-03 -6.519708e-01 9.333700e+01
-6.511605e-01 5.114720e-02 -7.572146e-01 -1.442862e+02 2.855639e-02 9.986712e-01 4.289993e-02 5.445632e-01 7.584026e-01 6.311429e-03 -6.517558e-01 9.269067e+01
-6.494136e-01 4.861105e-02 -7.588801e-01 -1.457940e+02 2.603743e-02 9.987909e-01 4.169728e-02 5.779645e-01 7.599896e-01 7.319490e-03 -6.498941e-01 9.141052e+01
-6.480610e-01 4.603184e-02 -7.601960e-01 -1.465475e+02 2.412882e-02 9.989116e-01 3.991709e-02 5.937592e-01 7.612061e-01 7.526081e-03 -6.484664e-01 9.077404e+01
-6.465859e-01 4.634081e-02 -7.614323e-01 -1.473072e+02 2.492243e-02 9.989035e-01 3.962995e-02 6.086489e-01 7.624340e-01 6.647426e-03 -6.470319e-01 9.013928e+01
-6.455338e-01 4.889900e-02 -7.621646e-01 -1.480704e+02 2.617218e-02 9.987784e-01 4.191254e-02 6.250373e-01 7.632831e-01 7.108459e-03 -6.460251e-01 8.950321e+01
-6.442557e-01 5.464892e-02 -7.628552e-01 -1.488333e+02 2.896060e-02 9.984717e-01 4.706973e-02 6.468099e-01 7.642616e-01 8.232197e-03 -6.448538e-01 8.887146e+01
-6.432656e-01 6.160484e-02 -7.631607e-01 -1.496005e+02 3.171803e-02 9.980462e-01 5.383057e-02 6.716835e-01 7.649859e-01 1.042140e-02 -6.439628e-01 8.823696e+01
-6.427117e-01 6.393031e-02 -7.634360e-01 -1.503591e+02 3.209023e-02 9.978840e-01 5.654736e-02 6.967564e-01 7.654358e-01 1.184482e-02 -6.434033e-01 8.760683e+01
-6.425511e-01 6.032541e-02 -7.638645e-01 -1.511134e+02 3.231318e-02 9.981425e-01 5.164595e-02 7.256258e-01 7.655612e-01 8.502276e-03 -6.433069e-01 8.697809e+01
-6.426114e-01 5.645154e-02 -7.641098e-01 -1.518671e+02 3.212413e-02 9.983902e-01 4.674373e-02 7.539528e-01 7.655186e-01 5.491693e-03 -6.433904e-01 8.634989e+01
-6.424432e-01 5.639400e-02 -7.642555e-01 -1.526218e+02 3.249778e-02 9.983963e-01 4.635309e-02 7.806961e-01 7.656440e-01 4.942624e-03 -6.432456e-01 8.571894e+01
-6.425603e-01 5.837811e-02 -7.640080e-01 -1.533790e+02 3.171360e-02 9.982652e-01 4.960544e-02 8.039512e-01 7.655786e-01 7.645046e-03 -6.432970e-01 8.508539e+01
-6.426567e-01 6.049709e-02 -7.637621e-01 -1.541322e+02 3.258913e-02 9.981339e-01 5.163989e-02 8.288243e-01 7.654609e-01 8.296381e-03 -6.434290e-01 8.445676e+01
-6.438258e-01 5.874944e-02 -7.629134e-01 -1.556292e+02 3.429074e-02 9.982617e-01 4.793476e-02 8.796994e-01 7.644034e-01 4.700774e-03 -6.447212e-01 8.320615e+01
-6.444559e-01 5.910036e-02 -7.623541e-01 -1.563743e+02 3.369850e-02 9.982350e-01 4.889968e-02 9.056545e-01 7.638986e-01 5.823502e-03 -6.453100e-01 8.257906e+01
-6.448800e-01 6.257715e-02 -7.617177e-01 -1.571190e+02 3.425531e-02 9.980074e-01 5.298802e-02 9.324518e-01 7.635159e-01 8.078038e-03 -6.457386e-01 8.195146e+01
-6.454261e-01 6.577348e-02 -7.609855e-01 -1.578614e+02 3.471173e-02 9.977820e-01 5.679970e-02 9.618364e-01 7.630336e-01 1.024489e-02 -6.462777e-01 8.132671e+01
-6.465276e-01 6.641559e-02 -7.599941e-01 -1.593358e+02 3.720081e-02 9.977628e-01 5.554738e-02 1.022069e+00 7.619831e-01 7.640516e-03 -6.475519e-01 8.008383e+01
-6.470368e-01 6.302762e-02 -7.598493e-01 -1.607804e+02 3.574975e-02 9.979893e-01 5.233868e-02 1.077505e+00 7.616203e-01 6.700632e-03 -6.479890e-01 7.884428e+01
-6.458213e-01 5.980054e-02 -7.611430e-01 -1.622213e+02 3.180653e-02 9.981697e-01 5.143550e-02 1.128462e+00 7.628258e-01 9.008824e-03 -6.465413e-01 7.760858e+01
-6.447113e-01 5.801038e-02 -7.622218e-01 -1.636585e+02 2.849878e-02 9.982472e-01 5.186841e-02 1.179845e+00 7.638948e-01 1.171776e-02 -6.452345e-01 7.638223e+01
-6.441184e-01 5.888661e-02 -7.626558e-01 -1.643767e+02 2.918479e-02 9.981983e-01 5.242480e-02 1.205952e+00 7.643689e-01 1.150983e-02 -6.446765e-01 7.577428e+01
-6.437684e-01 5.733999e-02 -7.630690e-01 -1.650930e+02 2.843930e-02 9.982925e-01 5.102261e-02 1.231444e+00 7.646917e-01 1.114560e-02 -6.442999e-01 7.517018e+01
-6.427698e-01 5.656035e-02 -7.639685e-01 -1.665248e+02 2.861006e-02 9.983473e-01 4.984133e-02 1.282062e+00 7.655250e-01 1.017932e-02 -6.433257e-01 7.396713e+01
-6.420327e-01 5.939250e-02 -7.643733e-01 -1.672418e+02 3.146816e-02 9.981961e-01 5.112921e-02 1.306576e+00 7.660312e-01 8.773208e-03 -6.427436e-01 7.337210e+01
-6.417897e-01 6.070444e-02 -7.644743e-01 -1.679552e+02 3.245390e-02 9.981190e-01 5.201181e-02 1.330108e+00 7.661937e-01 8.570471e-03 -6.425526e-01 7.277838e+01
-6.414898e-01 5.863152e-02 -7.648877e-01 -1.686684e+02 3.248127e-02 9.982567e-01 4.927902e-02 1.351053e+00 7.664437e-01 6.767464e-03 -6.422759e-01 7.219108e+01
-6.411565e-01 5.662618e-02 -7.653181e-01 -1.693812e+02 3.399575e-02 9.983907e-01 4.539089e-02 1.373431e+00 7.666568e-01 3.085099e-03 -6.420497e-01 7.161267e+01
-6.403780e-01 5.577115e-02 -7.660324e-01 -1.700844e+02 3.508055e-02 9.984431e-01 4.336570e-02 1.396727e+00 7.672584e-01 8.976054e-04 -6.413375e-01 7.103558e+01
-6.398494e-01 5.436515e-02 -7.665750e-01 -1.707831e+02 3.167854e-02 9.985126e-01 4.437246e-02 1.405731e+00 7.678472e-01 4.107716e-03 -6.406199e-01 7.046800e+01
-6.396969e-01 5.491240e-02 -7.666633e-01 -1.714722e+02 3.087900e-02 9.984755e-01 4.575085e-02 1.416166e+00 7.680068e-01 5.592882e-03 -6.404173e-01 6.990570e+01
-6.398714e-01 5.487944e-02 -7.665199e-01 -1.721588e+02 3.082442e-02 9.984770e-01 4.575512e-02 1.425569e+00 7.678636e-01 5.649867e-03 -6.405885e-01 6.935261e+01
-6.400269e-01 5.437972e-02 -7.664257e-01 -1.728299e+02 3.095182e-02 9.985074e-01 4.499923e-02 1.436887e+00 7.677289e-01 5.078452e-03 -6.407547e-01 6.880749e+01
-6.399736e-01 5.455099e-02 -7.664581e-01 -1.734939e+02 3.143292e-02 9.985004e-01 4.482041e-02 1.448357e+00 7.677537e-01 4.591870e-03 -6.407286e-01 6.826999e+01
-6.400838e-01 5.417777e-02 -7.663925e-01 -1.741451e+02 3.096746e-02 9.985193e-01 4.472355e-02 1.460081e+00 7.676808e-01 4.893591e-03 -6.408138e-01 6.773915e+01
-6.400459e-01 5.377408e-02 -7.664526e-01 -1.747856e+02 2.996269e-02 9.985359e-01 4.503589e-02 1.470417e+00 7.677523e-01 5.860056e-03 -6.407200e-01 6.721605e+01
-6.404712e-01 5.442425e-02 -7.660513e-01 -1.760447e+02 3.021354e-02 9.984992e-01 4.567798e-02 1.496245e+00 7.673876e-01 6.110312e-03 -6.411544e-01 6.618835e+01
-6.406157e-01 5.614235e-02 -7.658065e-01 -1.766638e+02 3.041021e-02 9.983960e-01 4.775496e-02 1.510435e+00 7.672593e-01 7.304241e-03 -6.412955e-01 6.568420e+01
-6.407315e-01 5.812858e-02 -7.655613e-01 -1.772745e+02 3.088011e-02 9.982740e-01 4.995343e-02 1.525125e+00 7.671438e-01 8.366123e-03 -6.414207e-01 6.518539e+01
-6.406910e-01 6.023602e-02 -7.654323e-01 -1.778683e+02 3.198492e-02 9.981463e-01 5.177718e-02 1.538016e+00 7.671323e-01 8.690887e-03 -6.414300e-01 6.468934e+01
-6.413462e-01 6.463854e-02 -7.645240e-01 -1.795612e+02 3.658053e-02 9.978878e-01 5.368209e-02 1.575397e+00 7.663791e-01 6.462121e-03 -6.423561e-01 6.324071e+01
-6.428834e-01 6.567946e-02 -7.631429e-01 -1.806249e+02 3.786223e-02 9.978238e-01 5.398143e-02 1.600125e+00 7.650277e-01 5.809474e-03 -6.439712e-01 6.231141e+01
-6.480579e-01 6.665657e-02 -7.586684e-01 -1.816486e+02 4.255797e-02 9.977755e-01 5.131132e-02 1.623859e+00 7.604011e-01 9.653260e-04 -6.494531e-01 6.141959e+01
