9.999999999999800160e-01 0.000000000000000000e+00 -1.999999999999980057e-07 -0.000000000000000000e+00 -0.000000000000000000e+00 1.000000000000000000e+00 0.000000000000000000e+00 -0.000000000000000000e+00 1.999999999999980057e-07 0.000000000000000000e+00 9.999999999999800160e-01 -0.000000000000000000e+00
9.996271481946921167e-01 1.634074239320795069e-03 -2.725608910917766414e-02 -4.170300000000000049e-03 -1.733606242504833871e-03 9.999919142501279001e-01 -3.628504342139770786e-03 -1.964000000000000034e-04 2.724993947778588110e-02 3.674402773971174700e-03 9.996218983009084180e-01 2.582320000000000101e-02
9.991566717290168986e-01 1.335835897068178698e-03 -4.103852923594826507e-02 -5.557399999999999667e-03 -1.524753219104013581e-03 9.999883838079716147e-01 -4.572458500823139635e-03 -2.002999999999999898e-04 4.103194447030884817e-02 4.631176046861303769e-03 9.991471021533357977e-01 3.594619999999999760e-02
6.713581970395122722e-01 1.509456128718984595e-02 -7.409793016592317594e-01 -2.084754000000000052e-01 -1.551426792554761423e-02 9.998597253507393035e-01 6.311664778683355459e-03 -5.653199999999999718e-03 7.409706328584081403e-01 7.258363527091837505e-03 6.714982035719221365e-01 3.453572999999999782e-01
6.274369100960602852e-01 1.448557558605315793e-02 -7.785326531039332698e-01 -2.288496999999999892e-01 -1.245181917769767541e-02 9.998857563157363959e-01 8.568927358412846765e-03 -5.845300000000000322e-03 7.785678365102647325e-01 4.317686515783252313e-03 6.275456011596903805e-01 3.577605999999999842e-01
4.254809112310632413e-01 1.879716213875802511e-02 -9.047721596476724359e-01 -3.169909000000000199e-01 -4.654421519190471597e-03 9.998164881350214417e-01 1.858296030437794899e-02 -5.725300000000000007e-03 9.049554301391343758e-01 -3.695503873848839799e-03 4.254903203514888155e-01 3.935014000000000012e-01
3.158744219986686086e-01 2.369915712040561798e-02 -9.485049812619801290e-01 -3.773708000000000062e-01 -1.048702502508016415e-03 9.996961109547889412e-01 2.462896597365935372e-02 -5.457000000000000045e-03 9.488004267231693323e-01 -6.784960843863766661e-03 3.158032845875403671e-01 4.084138999999999964e-01
2.626296677241888311e-01 2.573383178764123910e-02 -9.645534860921957110e-01 -4.095184000000000046e-01 3.697395444883865012e-03 9.996101121007000545e-01 2.767585686026725889e-02 -5.729800000000000171e-03 9.648896242047616534e-01 -1.083483675701833737e-02 2.624321234423149241e-01 4.144164000000000181e-01
1.648465756353721112e-01 2.715909424507571834e-02 -9.859452267246282542e-01 -4.796937000000000006e-01 3.716571824628957244e-03 9.995966169112594502e-01 2.815653660230990271e-02 -4.827900000000000420e-03 9.863122191249400483e-01 -8.305844890914963058e-03 1.646791405900703831e-01 4.214260000000000228e-01
5.084305389258587243e-02 2.350553349474438641e-02 -9.984300044399725405e-01 -5.986565999999999832e-01 1.943578488466133486e-03 9.997187687077043750e-01 2.363484707398520734e-02 -2.433100000000000106e-03 9.987047643690978305e-01 -3.142194882394337349e-03 5.078307038557505759e-02 4.237060000000000271e-01
1.932560888296208992e-02 2.061367508563289805e-02 -9.996007189076879795e-01 -6.413491999999999527e-01 2.505927841201262968e-03 9.997832972167899346e-01 2.066588812460162100e-02 -1.763699999999999990e-03 9.998101025529585462e-01 -2.904308142710676152e-03 1.926976458742335474e-02 4.229163000000000228e-01
-7.006032785802489629e-03 1.888128487927542842e-02 -9.997971857261410689e-01 -6.849053999999999975e-01 1.824343807979003987e-03 9.998203013394455496e-01 1.886893741498210653e-02 -1.443099999999999895e-03 9.999737932937414753e-01 -1.691777410851700095e-03 -7.039219766251325616e-03 4.208255000000000190e-01
-2.757451259501119550e-02 1.671436613046803701e-02 -9.994800029115161744e-01 -7.304631000000000318e-01 1.540304220485473781e-03 9.998597223652357924e-01 1.667822096693664241e-02 -7.847999999999999941e-04 9.996185641123599419e-01 -1.079609452660270849e-03 -2.759638971629807536e-02 4.181293999999999844e-01
-6.643884947947752140e-02 1.763532606377489487e-02 -9.976346398128261850e-01 -8.783490999999999937e-01 1.696159365871552707e-03 9.998443475081442156e-01 1.756142931024635284e-02 5.718000000000000209e-04 9.977890570272098802e-01 -5.253861794484778608e-04 -6.645842043047334169e-02 4.076088999999999962e-01
-7.287171820372967401e-02 1.911288397937025221e-02 -9.971581671690942228e-01 -9.303192000000000128e-01 2.355566629926517108e-04 9.998166588080139583e-01 1.914662589173276447e-02 6.109999999999999980e-04 9.973412942413918403e-01 1.160360276200365567e-03 -7.286285998322250546e-02 4.028710999999999820e-01
-7.729417186021408925e-02 2.015624956253600844e-02 -9.968045628908489553e-01 -9.834220000000000184e-01 1.028939645248728996e-04 9.997957769454474120e-01 2.020875589642587289e-02 1.237999999999999951e-03 9.970083251454201489e-01 1.459453878007133457e-03 -7.728046056476511882e-02 3.981876999999999778e-01
-7.782056138931978118e-02 2.262951541479897230e-02 -9.967105222967914679e-01 -1.095028499999999960e+00 4.221435888132004516e-03 9.997408763841609813e-01 2.236871846288958007e-02 3.268200000000000185e-03 9.969584443215745440e-01 -2.466803340560763669e-03 -7.789592529256905706e-02 3.897030000000000216e-01
-7.625473369888370601e-02 2.524941932948297774e-02 -9.967686202986310029e-01 -1.152369100000000035e+00 3.597612072122958679e-03 9.996797777146964048e-01 2.504793835176210431e-02 3.617299999999999943e-03 9.970818786719026772e-01 -1.675962952780022872e-03 -7.632115284958729262e-02 3.851197000000000092e-01
-7.437099464081589617e-02 2.510462871107464397e-02 -9.969145965294191614e-01 -1.211365699999999990e+00 1.232913927664006787e-03 9.996846266436152373e-01 2.508240769269591552e-02 4.358599999999999801e-03 9.972298807593876768e-01 6.362937173395796786e-04 -7.437849185700506904e-02 3.800754000000000077e-01
-7.269378022404061890e-02 2.257741188170365315e-02 -9.970987287071741978e-01 -1.271497400000000111e+00 -7.359161800573141982e-04 9.997422570327751945e-01 2.269092176154393486e-02 5.167800000000000171e-03 9.973540358088068825e-01 2.383269967184763194e-03 -7.265842883071926828e-02 3.752764000000000100e-01
-6.582863280198306133e-02 3.123548629516869485e-02 -9.973419350951437945e-01 -1.527039299999999988e+00 -2.218755054531037010e-03 9.995028759775642646e-01 3.144961110388778958e-02 8.734900000000000303e-03 9.978284763572493610e-01 4.283142360711110486e-03 -6.572660391415496850e-02 3.575406999999999891e-01
-6.402011971790094735e-02 3.053401998989194177e-02 -9.974813772169195403e-01 -1.594134600000000068e+00 -3.931875122689552568e-03 9.995163330853726880e-01 3.084866696617134807e-02 1.008200000000000068e-02 9.979408622906094095e-01 5.896907564737268945e-03 -6.386909935052897946e-02 3.529816000000000065e-01
-6.225403907087771749e-02 2.744235467790044625e-02 -9.976829916306552137e-01 -1.662283500000000025e+00 -6.350562654341564139e-03 9.995907948008911914e-01 2.789109720494997377e-02 1.149939999999999990e-02 9.980401319452715247e-01 8.072181802648004806e-03 -6.205429000165973985e-02 3.482434999999999836e-01
-5.936784358361030939e-02 2.908378677088657716e-02 -9.978124034583341073e-01 -1.802116899999999911e+00 -4.291604307780513827e-03 9.995588067492415796e-01 2.939003202614366705e-02 1.438359999999999986e-02 9.982269487850431444e-01 6.027038833284018363e-03 -5.921683478711659010e-02 3.399697999999999887e-01
-5.810424737704411591e-02 3.125010437903044669e-02 -9.978212903185857963e-01 -1.873299999999999965e+00 -2.652699683841824863e-03 9.995015797305147887e-01 3.145719791387649455e-02 1.532110000000000069e-02 9.983069966804475337e-01 4.474717030735264611e-03 -5.799238990040189723e-02 3.356462000000000057e-01
-5.671372138012927000e-02 3.295388811345612012e-02 -9.978464787057290675e-01 -1.945583300000000015e+00 -1.345890149878837400e-03 9.994516884430918457e-01 3.308339535110232932e-02 1.650139999999999940e-02 9.983895744582480525e-01 3.219274213032401882e-03 -5.663827227784912210e-02 3.314217999999999886e-01
-5.560255743765960684e-02 2.121640431678819411e-02 -9.982275390882873189e-01 -2.090426400000000129e+00 4.790808187634873483e-05 9.997742641560877219e-01 2.124660998769028336e-02 1.828789999999999930e-02 9.984529800201946692e-01 1.133542685522235735e-03 -5.559102238466784307e-02 3.229079000000000255e-01
-5.602684991941581788e-02 1.738547003302872915e-02 -9.982778859214691547e-01 -2.238926600000000100e+00 4.374770052486165635e-03 9.998430619856097934e-01 1.716720088505302444e-02 2.009150000000000172e-02 9.984196780287810657e-01 -3.405412011865113948e-03 -5.609411461048585679e-02 3.149318999999999868e-01
-5.579564242574121952e-02 2.483377169619210845e-02 -9.981333227929224394e-01 -2.314456499999999917e+00 3.607927965013957988e-03 9.996891189895211749e-01 2.467079710415420735e-02 2.050899999999999945e-02 9.984356910397876872e-01 -2.224670154535488345e-03 -5.586789507942302446e-02 3.099261999999999850e-01
-5.626651917138139614e-02 3.719865563334974479e-02 -9.977225760898709161e-01 -2.467016899999999957e+00 5.766925323284037563e-04 9.993067357888971713e-01 3.722519620717322508e-02 2.291119999999999962e-02 9.984156179898528993e-01 1.519153057082854585e-03 -5.624896379427291038e-02 3.003586999999999785e-01
-5.684967354405741358e-02 3.406474516518021717e-02 -9.978014370378335274e-01 -2.616535199999999950e+00 -1.282215855941938598e-03 9.994144304518739474e-01 3.419286661067065525e-02 2.544010000000000021e-02 9.983819261887872942e-01 3.223250128003684462e-03 -5.677270575002968389e-02 2.909845999999999822e-01
-5.713024086590950956e-02 3.250557461255682706e-02 -9.978374232297114732e-01 -2.766859999999999875e+00 -3.225122339585209316e-03 9.994585994857502209e-01 3.274303742595418426e-02 2.816139999999999963e-02 9.983615247817282379e-01 5.088765379758546092e-03 -5.699447606928143006e-02 2.813982999999999901e-01
-5.670472127543132318e-02 3.341864036288536705e-02 -9.978315334070031462e-01 -2.917033400000000221e+00 -5.145725173923228549e-03 9.994165817681430752e-01 3.376414665462267040e-02 2.992830000000000143e-02 9.983777321723024123e-01 7.049153365940011642e-03 -5.649967556821333670e-02 2.721199999999999730e-01
-5.602113667318583262e-02 2.422623538935484225e-02 -9.981356229314247708e-01 -3.065305700000000133e+00 -7.196405956972590917e-03 9.996698116316939942e-01 2.466737630060949343e-02 3.193719999999999892e-02 9.984036478234373790e-01 8.564883601835606222e-03 -5.582829732080607510e-02 2.630337999999999843e-01
-5.478500958251403263e-02 2.724750761687623132e-02 -9.981263327123036655e-01 -3.215119099999999897e+00 -5.759329785509612748e-03 9.996023478498364812e-01 2.760391808269758301e-02 3.344470000000000082e-02 9.984815635981797444e-01 7.260819634366961692e-03 -5.460629682345807812e-02 2.541359999999999730e-01
-5.340675217176023282e-02 3.802473941236265281e-02 -9.978486047567969308e-01 -3.363624800000000192e+00 -4.903083225592540229e-03 9.992526972799004037e-01 3.834066710069713307e-02 3.519710000000000200e-02 9.985608036556148370e-01 6.940185261610859468e-03 -5.318040269862034375e-02 2.455029999999999990e-01
-5.345959635712725644e-02 4.115775379274143331e-02 -9.977214595567590605e-01 -3.437494500000000119e+00 -4.860451604665624870e-03 9.991276702067229953e-01 4.147619362338501869e-02 3.660309999999999953e-02 9.985581843676071268e-01 7.066677438648184123e-03 -5.321291668802197172e-02 2.413616000000000095e-01
-5.304658610387179979e-02 3.673687668586734373e-02 -9.979160593928187994e-01 -3.585118099999999863e+00 -4.413051911677699779e-03 9.993046849220649230e-01 3.702258318428556377e-02 3.976860000000000117e-02 9.985822873832427282e-01 6.367777020270323426e-03 -5.284758026883318305e-02 2.331142999999999965e-01
-5.242928984857295194e-02 3.240596783659749347e-02 -9.980987039439276343e-01 -3.658221000000000167e+00 -5.635199421802426778e-03 9.994478266620264728e-01 3.274578305718672117e-02 4.091329999999999967e-02 9.986087392434793708e-01 7.341323390590294776e-03 -5.221772570137395153e-02 2.286778999999999895e-01
-5.252401468307257154e-02 2.800146740893772607e-02 -9.982270010896914236e-01 -3.806006399999999790e+00 -1.272544385554278019e-02 9.995068655252102863e-01 2.870694770693350134e-02 4.318679999999999741e-02 9.985385776024138238e-01 1.421068580031887955e-02 -5.214178217929277270e-02 2.189545999999999992e-01
-5.439389187173884754e-02 2.218440839605744300e-02 -9.982730871616053436e-01 -3.952001099999999933e+00 -7.248464083753264342e-03 9.997180507642940972e-01 2.261147373496137300e-02 4.432350000000000179e-02 9.984932469954274081e-01 8.465872675468548436e-03 -5.421775266802042470e-02 2.110695999999999961e-01
-5.685394725468018856e-02 2.409326748559708145e-02 -9.980917508643328828e-01 -4.097493199999999725e+00 -2.261977737015516410e-03 9.997030992872363298e-01 2.426101259657716808e-02 4.542109999999999898e-02 9.983799437780586095e-01 3.636995650464885585e-03 -5.678256884255250547e-02 2.030222999999999889e-01
-6.033987098145424804e-02 3.408339024419670960e-02 -9.975958212018547488e-01 -4.242472199999999916e+00 1.791425423797340238e-03 9.994189568876150620e-01 3.403732375822889761e-02 4.658020000000000216e-02 9.981762824095210540e-01 2.666892073505330862e-04 -6.036586876683092129e-02 1.943576999999999944e-01
-6.243422807552502507e-02 2.929024097327345352e-02 -9.976191903468678568e-01 -4.384737499999999955e+00 -1.409332854262947826e-03 9.995656855687451436e-01 2.943559094685312127e-02 4.816440000000000304e-02 9.980480854876274677e-01 3.243765899712739223e-03 -6.236583229035463916e-02 1.844342999999999955e-01
-6.488213440093222595e-02 2.454573162551834664e-02 -9.975910062217616669e-01 -4.525696299999999894e+00 -1.030852660644420056e-02 9.996276049317551760e-01 2.526629647587895142e-02 4.954979999999999801e-02 9.978396879833870692e-01 1.192302467374825939e-02 -6.460494228652780002e-02 1.732085999999999903e-01
-6.635912477179034541e-02 2.739170667771491374e-02 -9.974197516416064557e-01 -4.664892199999999711e+00 -1.201190868435814997e-02 9.995287490042833456e-01 2.824878694193487527e-02 5.050339999999999691e-02 9.977234990764126676e-01 1.385547975402574329e-02 -6.599882628884534697e-02 1.629347999999999907e-01
-6.737557432238484856e-02 2.671028389843519563e-02 -9.973700881412043140e-01 -4.802781099999999803e+00 -1.485094304976793816e-02 9.995039969372516708e-01 2.777066072298380386e-02 5.158499999999999891e-02 9.976171517547506307e-01 1.668295059405018946e-02 -6.694548292614765916e-02 1.521299999999999875e-01
-6.785213930842609598e-02 2.865984237976931109e-02 -9.972836610644122413e-01 -4.870489599999999975e+00 -1.332199440664736528e-02 9.994721804496458084e-01 2.962912371737797673e-02 5.205139999999999767e-02 9.976064412664444880e-01 1.529620678459901045e-02 -6.743451936288713533e-02 1.475199000000000094e-01
-6.860501174005025071e-02 3.559804210527239138e-02 -9.970085916191591124e-01 -5.006536500000000167e+00 -1.215497893921245465e-02 9.992591887594047817e-01 3.651479380858604212e-02 5.417219999999999674e-02 9.975698516149809070e-01 1.462371629126829782e-02 -6.812149492412522545e-02 1.384429000000000076e-01
-6.897175594665076737e-02 3.762220255665513907e-02 -9.969089561020211265e-01 -5.073254099999999767e+00 -1.219099305034468395e-02 9.991822489025773413e-01 3.855143533559508146e-02 5.513119999999999826e-02 9.975441226181837040e-01 1.481227034502587310e-02 -6.845670220762734015e-02 1.333963999999999983e-01
-6.965279296153538413e-02 3.781940425121828320e-02 -9.968541423371526378e-01 -5.139194500000000332e+00 -1.173284843214093300e-02 9.991809256776319481e-01 3.872748416382139347e-02 5.586089999999999806e-02 9.975022950852421300e-01 1.439341599737745288e-02 -6.915201280946592366e-02 1.283772999999999997e-01
-6.970893993798055188e-02 3.562639548333228212e-02 -9.969310024458001296e-01 -5.205071000000000225e+00 -1.092825152031038499e-02 9.992748365618787654e-01 3.647429688067011649e-02 5.705110000000000042e-02 9.975075122581441578e-01 1.343729731365757990e-02 -6.926905535282346094e-02 1.230643000000000015e-01
-6.631572108547115207e-02 2.636220475642551964e-02 -9.974503793659584838e-01 -5.452995300000000434e+00 -1.430131615107167742e-02 9.995231238817301467e-01 2.736781288401953990e-02 5.973119999999999818e-02 9.976961949878636604e-01 1.607976946625495548e-02 -6.590708247715870716e-02 1.048835999999999935e-01
-6.217653357799658026e-02 2.726879039040331493e-02 -9.976925837866434943e-01 -5.512163199999999819e+00 -1.439648250955649460e-02 9.994981921869248165e-01 2.821533459700719532e-02 6.022070000000000201e-02 9.979613318979732028e-01 1.611759553138385898e-02 -6.175275824374504285e-02 1.006964999999999943e-01
-5.631230076006223106e-02 2.874004120882317839e-02 -9.979994663397487864e-01 -5.569646399999999886e+00 -1.368444314937661624e-02 9.994694924124528645e-01 2.955452169271605839e-02 6.067680000000000295e-02 9.983194182218432244e-01 1.532135007461450822e-02 -5.588913519720395406e-02 9.730379999999999585e-02
-4.912687437425097836e-02 3.025802606318858667e-02 -9.983341134474851275e-01 -5.625678100000000015e+00 -1.289182632821750905e-02 9.994385374051522053e-01 3.092589147256986915e-02 6.103680000000000216e-02 9.987093426158283327e-01 1.438964239338462979e-02 -4.870921025484675759e-02 9.469569999999999377e-02
-1.388250450659491222e-02 3.501858517656548930e-02 -9.992902354976037627e-01 -5.785614500000000326e+00 -1.910271722624549626e-02 9.991948577297058431e-01 3.528062472642868458e-02 6.229160000000000252e-02 9.997211422507773504e-01 1.957894222741911328e-02 -1.320237698510795532e-02 9.031649999999999401e-02
8.197739736085252193e-02 3.686450121512596656e-02 -9.959521649517614206e-01 -5.975646000000000235e+00 -1.987227920391206742e-02 9.991774608966097482e-01 3.534818461315337307e-02 6.468200000000000338e-02 9.964360485456066341e-01 1.689408731964484739e-02 8.264254940678894545e-02 1.010917000000000066e-01
1.161012205953950854e-01 3.693179797054573638e-02 -9.925505271143240105e-01 -6.018162300000000187e+00 -1.871644875439724964e-02 9.992123742122251961e-01 3.499036677704401438e-02 6.504319999999999546e-02 9.930610258802243795e-01 1.451459678498984857e-02 1.167010083841855117e-01 1.076705000000000023e-01
1.538449102177095740e-01 3.715698172367651320e-02 -9.873961222879555910e-01 -6.058469800000000127e+00 -1.803722588222735068e-02 9.992317919684251537e-01 3.479201635495277056e-02 6.569479999999999764e-02 9.879303629722989699e-01 1.245731226052244553e-02 1.543969341945151674e-01 1.156568000000000040e-01
4.881871569617359241e-01 1.972180484183630456e-02 -8.725161031129442524e-01 -6.303584599999999760e+00 4.291198619683814219e-03 9.996783136656687274e-01 2.499709585074400345e-02 6.792710000000000414e-02 8.727284144520699449e-01 -1.594740105300488861e-02 4.879454836430303644e-01 2.258667000000000036e-01
5.792345027597982643e-01 1.386382457305565703e-02 -8.150430572557603170e-01 -6.362158299999999933e+00 1.347467071859178613e-02 9.995559083783164267e-01 2.657854915198186452e-02 6.892769999999999453e-02 8.150495838055711317e-01 -2.637764952012079667e-02 5.787904590991104214e-01 2.737431000000000170e-01
6.217788440114401238e-01 7.117480959847705471e-03 -7.831605267150428817e-01 -6.388855500000000021e+00 2.390407724062974110e-02 9.993203773176568827e-01 2.806026673019637596e-02 6.893559999999999965e-02 7.828279914713519583e-01 -3.616800993256283347e-02 6.211861321910260303e-01 3.009153999999999995e-01
7.424861822694207580e-01 -8.854231763275014974e-03 -6.698028603394156066e-01 -6.462971200000000138e+00 1.848558576738230930e-02 9.998026593650691796e-01 7.274987654444118809e-03 7.005550000000000666e-02 6.696062665909102707e-01 -1.778327603164764348e-02 7.425033352354486471e-01 3.861436999999999786e-01
7.804508975201376320e-01 -1.143977400744949045e-02 -6.251124123952987999e-01 -6.485618599999999567e+00 1.393438321542383139e-02 9.999025053525675277e-01 -9.015287373504970309e-04 7.054320000000000035e-02 6.250617805660630966e-01 -8.006956994828760138e-03 7.805342139299632498e-01 4.185441999999999774e-01
8.161968075363592590e-01 -1.246065119042108829e-02 -5.776395965819570710e-01 -6.507449600000000167e+00 1.254187710780451520e-02 9.999139421943349371e-01 -3.848314435805292276e-03 7.073290000000000133e-02 5.776378386896655615e-01 -4.103702876032316003e-03 8.162828473860254119e-01 4.537249999999999894e-01
8.782331993818996985e-01 -1.250698335174624601e-02 -4.780690565921116297e-01 -6.547498199999999713e+00 9.982190789305234180e-03 9.999195856381309921e-01 -7.821644604200771872e-03 7.054000000000000548e-02 4.781284381528444483e-01 2.097051431809796637e-03 8.782874239136149175e-01 5.320234999999999825e-01
9.029880683294659871e-01 -1.096169197011158218e-02 -4.295257731077052887e-01 -6.565753499999999576e+00 9.180434298195783507e-03 9.999385203099619979e-01 -6.218940940393272859e-03 6.960990000000000233e-02 4.295675361112802348e-01 1.672396327423716651e-03 9.030331859958458107e-01 5.749649000000000010e-01
9.393927828539553326e-01 -1.299535802139961324e-04 -3.428427958029284794e-01 -6.598415400000000375e+00 -2.228601242220227575e-03 9.999764860002249289e-01 -6.485428524403572328e-03 6.833119999999999472e-02 3.428355770021609961e-01 6.856424630152554989e-03 9.393704043575602514e-01 6.662443999999999589e-01
9.519711142515319136e-01 4.910842226351383281e-03 -3.061484627747209641e-01 -6.613432900000000281e+00 -6.716923559200870149e-03 9.999656982631858204e-01 -4.846156716301254323e-03 6.762490000000000168e-02 3.061141626396869375e-01 6.669777031279504158e-03 9.519714457407618680e-01 7.152467000000000130e-01
9.611775466205867424e-01 5.207479495904699350e-03 -2.758815072267972734e-01 -6.626746200000000364e+00 -6.258369963865307618e-03 9.999761266760387457e-01 -2.928973093466794280e-03 6.680129999999999402e-02 2.758596684508720642e-01 4.541831710510202402e-03 9.611871904508966225e-01 7.668224000000000151e-01
9.731711061362829929e-01 5.089314341069520881e-03 -2.300262964554733724e-01 -6.651876399999999911e+00 -5.037670794300293242e-03 9.999869813524323581e-01 8.117872987458010043e-04 6.546140000000000292e-02 2.300274332649299425e-01 3.687888121069630510e-04 9.731840750548481633e-01 8.748312999999999784e-01
9.773085294669432432e-01 7.683546370279996200e-03 -2.116813674992128469e-01 -6.663683899999999660e+00 -7.132469789860532670e-03 9.999688958621738566e-01 3.366776333780806957e-03 6.507899999999999796e-02 2.117006521148618869e-01 -1.780568269046926182e-03 9.773329337901089930e-01 9.315248999999999890e-01
9.830581501652406740e-01 1.640809839188859739e-02 -1.825580666551251952e-01 -6.687557700000000160e+00 -1.552807977888115074e-02 9.998599049333898314e-01 6.248939507895626827e-03 6.416789999999999994e-02 1.826350243849074184e-01 -3.308294689827277150e-03 9.831752148290606730e-01 1.048986200000000091e+00
9.876732446819392885e-01 1.466596734515620247e-02 -1.558411728051377343e-01 -6.706989799999999669e+00 -1.391147354849444316e-02 9.998856403063809406e-01 5.931038088575216194e-03 6.297400000000000220e-02 1.559103352672924492e-01 -3.689947280030225849e-03 9.877643198890669884e-01 1.172876699999999994e+00
9.898832847592271555e-01 1.526444148109892818e-02 -1.410605521772580473e-01 -6.716464000000000212e+00 -1.452302975633652793e-02 9.998747885789778245e-01 6.284009137562978492e-03 6.309330000000000493e-02 1.411388116748167887e-01 -4.171809009832258552e-03 9.899810260043402366e-01 1.237121300000000090e+00
9.933215355974441829e-01 1.738075399575386704e-02 -1.140624228607935997e-01 -6.732806700000000255e+00 -1.703759584177785835e-02 9.998469172867242571e-01 3.982752837754731032e-03 6.207420000000000299e-02 1.141141851229181547e-01 -2.012804703267443828e-03 9.934656015036247290e-01 1.369736800000000088e+00
9.954823441160854935e-01 1.625402038249003020e-02 -9.354522635896027338e-02 -6.746492899999999793e+00 -1.701326901317605153e-02 9.998284350684850663e-01 -7.324555002823592009e-03 6.044229999999999742e-02 9.341012381229789330e-02 8.882975284761469165e-03 9.955880882772059071e-01 1.507403400000000060e+00
9.962263938283579812e-01 1.627905667900805473e-02 -8.525235805176914483e-02 -6.752890100000000118e+00 -1.699361857483120894e-02 9.998262348666524524e-01 -7.662701880322772205e-03 5.979600000000000193e-02 8.511280260617998250e-02 9.082531916552437704e-03 9.963299244961512091e-01 1.577790699999999990e+00
9.967634457585674568e-01 1.821472898064241397e-02 -7.829978829900571813e-02 -6.759262999999999799e+00 -1.837600876366502628e-02 9.998302493697552862e-01 -1.339681727383430299e-03 5.850589999999999957e-02 7.826209492100932863e-02 2.774183370782143214e-03 9.969289585548211097e-01 1.649190200000000051e+00
9.970585477191903356e-01 2.238046877101592530e-02 -7.330325393656592081e-02 -6.765454300000000032e+00 -2.193150182973852003e-02 9.997354981781736427e-01 6.924081883623216596e-03 5.714360000000000273e-02 7.343882929071829380e-02 -5.296064579338536846e-03 9.972856612086530292e-01 1.721386899999999942e+00
9.975961568499086551e-01 2.187184874701628839e-02 -6.575355557443358923e-02 -6.775877499999999998e+00 -2.129457405289626043e-02 9.997284166573204844e-01 9.467525746089862707e-03 5.570379999999999776e-02 6.594277029514457322e-02 -8.044573340755806559e-03 9.977909780538041229e-01 1.865113400000000032e+00
9.977895484469789800e-01 2.175728597794068103e-02 -6.279042535966646021e-02 -6.780379800000000401e+00 -2.125738106334443961e-02 9.997368866976763524e-01 8.618649915457280222e-03 5.499029999999999890e-02 6.296142279445011980e-02 -7.264838808366798004e-03 9.979895196628003617e-01 1.936390899999999915e+00
9.980079571876446787e-01 2.003421417294787982e-02 -5.982263495213797910e-02 -6.784940699999999936e+00 -1.942601091785530615e-02 9.997537058000514065e-01 1.073116204721700356e-02 5.454900000000000027e-02 6.002289138290217707e-02 -9.547669953277521104e-03 9.981513384795411836e-01 2.008063599999999838e+00
9.983733334919064895e-01 1.591927435074125263e-02 -5.474727094937486410e-02 -6.792561100000000351e+00 -1.511366133063015045e-02 9.997717903495459968e-01 1.509782972637250045e-02 5.312410000000000049e-02 5.497512358732310062e-02 -1.424583888050661232e-02 9.983860935836141870e-01 2.150703200000000148e+00
9.985633961150968130e-01 1.804796931962685674e-02 -5.045210344992575452e-02 -6.800868999999999609e+00 -1.786986895597304781e-02 9.998324037378027995e-01 3.978972151670466008e-03 5.193099999999999800e-02 5.051546023328454954e-02 -3.071683467616086009e-03 9.987185554690041212e-01 2.292117100000000018e+00
9.986442057161235564e-01 1.846515324373672329e-02 -4.867020141008181894e-02 -6.804934499999999886e+00 -1.865898378041027511e-02 9.998196703326310830e-01 -3.531166978649251994e-03 5.090449999999999836e-02 4.859622118946078234e-02 4.434515941344203960e-03 9.988086615335646234e-01 2.362098500000000101e+00
9.986783470251044958e-01 1.974939455885369247e-02 -4.745019070313111209e-02 -6.808639499999999956e+00 -2.012870375167536904e-02 9.997690457112343720e-01 -7.529310919667187019e-03 4.955919999999999770e-02 4.729053254597669065e-02 8.474470615115123340e-03 9.988452276901118587e-01 2.432583300000000115e+00
9.987843587994122974e-01 2.465179900204889779e-02 -4.268598626726763379e-02 -6.816563600000000278e+00 -2.474914816374888110e-02 9.996921549795104722e-01 -1.753549996781299507e-03 4.634339999999999987e-02 4.262961743688988003e-02 2.807860107802278519e-03 9.990869990340177642e-01 2.573822700000000019e+00
9.989553011473861766e-01 2.507582779698533729e-02 -3.820352300287293418e-02 -6.823057200000000044e+00 -2.489337181632301013e-02 9.996763568959585733e-01 5.244187528905085507e-03 4.398860000000000270e-02 3.832266103951289388e-02 -4.287694429406780847e-03 9.992562180578765663e-01 2.713681199999999905e+00
9.991252795143895638e-01 2.080229608540170097e-02 -3.627589162058139638e-02 -6.827772600000000303e+00 -2.062251677018316423e-02 9.997731625771080211e-01 5.323081121966339278e-03 4.137749999999999762e-02 3.637839520039883034e-02 -4.570324730563602410e-03 9.993276362107178512e-01 2.852465899999999888e+00
9.992449108028195193e-01 1.802229939469623260e-02 -3.442099590646963136e-02 -6.833353999999999928e+00 -1.795688910465833427e-02 9.998363228884177278e-01 2.208521372053301977e-03 3.986479999999999885e-02 3.445516461066860936e-02 -1.588759735059148666e-03 9.994049817136975156e-01 2.992006299999999896e+00
9.992945433095394847e-01 1.669072193169435572e-02 -3.364276316204849182e-02 -6.835967499999999752e+00 -1.663218835458417019e-02 9.998596371617295420e-01 2.018981265945246281e-03 3.902699999999999919e-02 3.367173922321899104e-02 -1.458004188423414615e-03 9.994318827221143620e-01 3.062662099999999832e+00
9.992613361732449739e-01 1.997454303880068921e-02 -3.282985926945572452e-02 -6.842013399999999912e+00 -1.991967262976791775e-02 9.997995880183969675e-01 1.997608712084255819e-03 3.775690000000000296e-02 3.286318109349799232e-02 -1.342173101659718728e-03 9.994589585869853021e-01 3.204106799999999922e+00
9.991755900425595138e-01 1.704246959800340480e-02 -3.684690615376181450e-02 -6.847668200000000205e+00 -1.696410057216291359e-02 9.998531257109255499e-01 2.438503202683561626e-03 3.581290000000000168e-02 3.688305240731225981e-02 -1.811418254596554962e-03 9.993179470063701109e-01 3.347389199999999843e+00
9.988235001492602461e-01 2.302037058227808172e-02 -4.268112097678957578e-02 -6.856501599999999641e+00 -2.296648991362710765e-02 9.997346995653140223e-01 1.752377270618854857e-03 3.435069999999999790e-02 4.271013803101115364e-02 -7.700800646057954580e-04 9.990872089492819352e-01 3.493029599999999846e+00
9.985733531840590427e-01 2.452687529779461542e-02 -4.743090447030232082e-02 -6.865103699999999698e+00 -2.486159303507086762e-02 9.996699018644108481e-01 -6.479853251240775408e-03 3.224599999999999689e-02 4.725631706452618208e-02 7.649816633458109139e-03 9.988535031739996795e-01 3.639033099999999799e+00
9.983731009571814585e-01 2.427822152292975419e-02 -5.159185250429720870e-02 -6.874912300000000087e+00 -2.465274061691328719e-02 9.996740547851529213e-01 -6.635252028852903911e-03 2.953450000000000172e-02 5.141394426823137076e-02 7.896337701412790497e-03 9.986462107201371508e-01 3.787824200000000197e+00
9.982182251249526184e-01 2.220608837380105144e-02 -5.538289146951635988e-02 -6.884740800000000327e+00 -2.246028497279407149e-02 9.997398474644481059e-01 -3.971522466613919278e-03 2.654580000000000134e-02 5.528029149100220641e-02 5.208361632689884752e-03 9.984572911956589580e-01 3.938470099999999974e+00
9.981127841784244170e-01 2.144118136177056502e-02 -5.754255643787197644e-02 -6.894890300000000138e+00 -2.121899876821509504e-02 9.997648612386057509e-01 4.469488094403352083e-03 2.436740000000000086e-02 5.762485705725008817e-02 -3.240057771582097873e-03 9.983330495755253775e-01 4.091699099999999589e+00
9.982015308601843717e-01 2.407211971081679378e-02 -5.490206590842082457e-02 -6.905396500000000160e+00 -2.375135642099076086e-02 9.996968462036814884e-01 6.487584957118182685e-03 2.289180000000000034e-02 5.504159206043680863e-02 -5.171918700141244635e-03 9.984706677716734813e-01 4.245008499999999962e+00
9.984399770866079216e-01 2.195703185756252632e-02 -5.133712990906144635e-02 -6.915651300000000390e+00 -2.182664755515151614e-02 9.997569670341819315e-01 3.099084238415794699e-03 2.094450000000000131e-02 5.139269998547522922e-02 -1.973732154975222069e-03 9.986765716534975468e-01 4.400066400000000044e+00
9.986895313802670593e-01 1.731319230039940135e-02 -4.816091033018227163e-02 -6.922913099999999709e+00 -1.727586943471707756e-02 9.998500515211594664e-01 1.191137443468487508e-03 1.904660000000000034e-02 4.817431106655366280e-02 -3.575548965056873940e-04 9.988388798538825331e-01 4.554451499999999875e+00
9.988473072258757801e-01 1.203026862026054800e-02 -4.646858599679241919e-02 -6.931156599999999557e+00 -1.174556548351202850e-02 9.999105688786769086e-01 6.394993056542552616e-03 1.648919999999999900e-02 4.654136374333533999e-02 -5.841821774504165309e-03 9.988992814990235170e-01 4.710491199999999878e+00
9.988992099838964744e-01 1.190581450751852961e-02 -4.537201642488370573e-02 -6.936076599999999814e+00 -1.162279375839958377e-02 9.999113491128286402e-01 6.496505261493647557e-03 1.558979999999999914e-02 4.544534034196535260e-02 -5.962004384053089592e-03 9.989490355092833784e-01 4.786362200000000122e+00
9.989270861087591324e-01 1.613843264562032920e-02 -4.340769090848408535e-02 -6.944854699999999603e+00 -1.626363878349708358e-02 9.998645303173318011e-01 -2.532798219672021192e-03 1.315020000000000078e-02 4.336093508889823228e-02 3.236047750639700279e-03 9.990542314124754020e-01 4.938060300000000069e+00
9.989432713603897396e-01 1.793989235596522153e-02 -4.231431041691380984e-02 -6.949210599999999793e+00 -1.828982193611956159e-02 9.998015390030676741e-01 -7.897152692090706957e-03 1.150250000000000057e-02 4.216423860746924129e-02 8.662728747544643990e-03 9.990731375196205688e-01 5.013651799999999881e+00
9.989183832147661146e-01 2.272220226502467619e-02 -4.056803174699386699e-02 -6.957453700000000296e+00 -2.332326699507731096e-02 9.996241919033586054e-01 -1.440486647746444179e-02 7.135599999999999755e-03 4.022547566249692202e-02 1.533546496799327238e-02 9.990729375886133745e-01 5.162777400000000405e+00
9.989890389132435322e-01 1.880211909072742812e-02 -4.083357012180112433e-02 -6.964283000000000001e+00 -1.879557565732576860e-02 9.998231994728088434e-01 5.441798099105844486e-04 3.288099999999999964e-03 4.083658245866920999e-02 2.238607912844637758e-04 9.991658137763933523e-01 5.312557700000000160e+00
9.989611234863303713e-01 1.762130680943016156e-02 -4.202574579060448096e-02 -6.968024299999999727e+00 -1.728855148713736092e-02 9.998163540459307219e-01 8.268262802961862112e-03 1.661499999999999999e-03 4.216372552805528612e-02 -7.533108829040804921e-03 9.990823151877750163e-01 5.387155100000000196e+00
9.988962030511533419e-01 1.545247668559433796e-02 -4.435759793169868903e-02 -6.971778399999999820e+00 -1.519773574750205025e-02 9.998660561943017999e-01 6.074413436902474130e-03 5.299999999999999807e-04 4.444552123823247713e-02 -5.393573466124888284e-03 9.989972497495313020e-01 5.460184599999999833e+00
9.987613080082345940e-01 9.207136289224905623e-03 -4.889865301858402347e-02 -6.979218000000000366e+00 -9.166769486198118183e-03 9.999574333109800817e-01 1.049715820454309636e-03 -1.652999999999999955e-03 4.890623644145136728e-02 -6.001728654669377530e-04 9.988031937422228168e-01 5.605194599999999916e+00
9.986008380122106676e-01 1.128428635550065250e-02 -5.166266739878796338e-02 -6.983753700000000286e+00 -1.136418160979043267e-02 9.999346405687057349e-01 -1.252983269294027447e-03 -3.236699999999999907e-03 5.164515173421826283e-02 1.838334077498320973e-03 9.986638067088289272e-01 5.676858400000000415e+00
9.984036361507940827e-01 1.314351405337690210e-02 -5.493111467284843286e-02 -6.988646499999999762e+00 -1.340980400842311723e-02 9.999000397791047989e-01 -4.481919923464405646e-03 -4.876499999999999758e-03 5.486671556899154478e-02 5.211380630250663122e-03 9.984800874502195445e-01 5.748145100000000340e+00
9.981576139658692171e-01 1.389236615460021605e-02 -5.906250794361233430e-02 -6.993368099999999643e+00 -1.438994689987674498e-02 9.998643941680559477e-01 -8.007665275540152075e-03 -6.275700000000000375e-03 5.894325330503465826e-02 8.842818417952631391e-03 9.982221683834945347e-01 5.818988799999999628e+00
9.979344610692246764e-01 1.580085717236627899e-02 -6.226671922539755294e-02 -6.998525100000000165e+00 -1.656779802874646171e-02 9.997928764728913897e-01 -1.181999249324933859e-02 -8.359200000000000658e-03 6.206705630972583071e-02 1.282720026663211263e-02 9.979895507741376459e-01 5.889623199999999947e+00
9.976701663906113460e-01 2.021926024985892800e-02 -6.515689226074602991e-02 -7.004729300000000158e+00 -2.103188445117920580e-02 9.997090489387960854e-01 -1.181005107186779840e-02 -1.038719999999999921e-02 6.489914429761178827e-02 1.315290784717790609e-02 9.978051423422318322e-01 5.960142600000000179e+00
9.973459810433659145e-01 2.373249869605440626e-02 -6.883140709216863107e-02 -7.010514699999999877e+00 -2.449313013867260302e-02 9.996476781942164047e-01 -1.022771024826693922e-02 -1.186369999999999959e-02 6.856442716639667145e-02 1.188646232292151633e-02 9.975758774854119881e-01 6.030548600000000370e+00
9.970150592656749078e-01 2.673642750949756924e-02 -7.243020807295814933e-02 -7.017073599999999800e+00 -2.711435720332228821e-02 9.996233483557411814e-01 -4.239464058935690609e-03 -1.370810000000000084e-02 7.228957899250261498e-02 6.190708043975611842e-03 9.973644729500850126e-01 6.101009799999999927e+00
9.966827653502640105e-01 2.718039726876058521e-02 -7.671174133118649485e-02 -7.022990700000000253e+00 -2.714449409765607585e-02 9.996303785479546677e-01 1.510868708725846303e-03 -1.552489999999999946e-02 7.672445303769084846e-02 5.764446070912526612e-04 9.970521681525406077e-01 6.170568000000000275e+00
9.963080976320272120e-01 2.645499077918269520e-02 -8.167195391151349515e-02 -7.029107999999999912e+00 -2.611590433487077229e-02 9.996453059072050173e-01 5.217462837670520590e-03 -1.678059999999999968e-02 8.178101328317535779e-02 -3.065263539070254076e-03 9.966456090435623638e-01 6.239667400000000086e+00
9.957769590926422998e-01 2.573400492809483492e-02 -8.812496088266366656e-02 -7.036377400000000115e+00 -2.528388213903396547e-02 9.996609584713602725e-01 6.220402888936965580e-03 -1.772450000000000067e-02 8.825515873981332193e-02 -3.965992748612491223e-03 9.960900048978146293e-01 6.308602800000000066e+00
9.952706991262452174e-01 2.426143691511855119e-02 -9.406177831387561861e-02 -7.043343499999999757e+00 -2.342921199085272813e-02 9.996760610916226586e-01 9.942077540730969235e-03 -1.839850000000000166e-02 9.427251713114824516e-02 -7.691265120378267331e-03 9.955167185711173428e-01 6.376895000000000202e+00
9.938254765614095154e-01 3.001533437560325104e-02 -1.068176101577261311e-01 -7.059161699999999762e+00 -2.928017035071558624e-02 9.995355736581491568e-01 8.444442912818162991e-03 -1.990350000000000105e-02 1.070214640234392472e-01 -5.264664680252579589e-03 9.942427719345432457e-01 6.513201200000000135e+00
9.924378020747361973e-01 3.029851595747129131e-02 -1.189504474301870396e-01 -7.076937700000000220e+00 -3.023551529190897716e-02 9.995400756502541562e-01 2.334691439349627275e-03 -2.229940000000000047e-02 1.189664769088316365e-01 1.279492031663987967e-03 9.928974470065079494e-01 6.645338999999999885e+00
9.911244353901794701e-01 3.379923291770130234e-02 -1.285689131426139553e-01 -7.096296299999999668e+00 -3.329566667993859308e-02 9.994271453808120098e-01 6.064623343597396951e-03 -2.391530000000000045e-02 1.287002414637845871e-01 -1.730008709878623659e-03 9.916820331724414128e-01 6.776633699999999649e+00
9.894098704299023606e-01 3.381020391284286775e-02 -1.411558656494868724e-01 -7.115935799999999922e+00 -3.234585493991493088e-02 9.993966012811019706e-01 1.265618489072700865e-02 -2.599140000000000131e-02 1.414986005729031160e-01 -7.956347098654675473e-03 9.899064817328735444e-01 6.906168899999999944e+00
9.884172678463880590e-01 3.144161751674619948e-02 -1.484679403474438442e-01 -7.126254099999999703e+00 -3.043407013790339760e-02 9.994957706581965029e-01 9.053828539299287395e-03 -2.693829999999999836e-02 1.486777454695983602e-01 -4.430476758599694379e-03 9.888757752507485455e-01 6.970074199999999998e+00
9.857101655597543255e-01 2.713501725043054869e-02 -1.662502942884029611e-01 -7.147979300000000258e+00 -2.747839789566117186e-02 9.996223699588553391e-01 2.347912457412921518e-04 -2.821830000000000171e-02 1.661938842474339484e-01 4.336855619015872118e-03 9.860835585902901768e-01 7.096071199999999912e+00
9.817465900697709413e-01 2.510832158442545883e-02 -1.885290563111962914e-01 -7.172084299999999857e+00 -2.379786550495193234e-02 9.996743501325776604e-01 9.211692809505529073e-03 -2.968880000000000130e-02 1.886989519944013149e-01 -4.556958878632924939e-03 9.820244088829936935e-01 7.221156099999999967e+00
9.770129550360679982e-01 2.737263925409837845e-02 -2.114152887374876888e-01 -7.200027900000000258e+00 -2.348638805678017472e-02 9.995062567630483841e-01 2.087180556553621877e-02 -3.121430000000000038e-02 2.118822202728124771e-01 -1.542664292009792923e-02 9.771734459247647386e-01 7.344781399999999572e+00
