1.000000000000000000e+00 0.000000000000000000e+00 0.000000000000000000e+00 0.000000000000000000e+00 0.000000000000000000e+00 1.000000000000000000e+00 0.000000000000000000e+00 0.000000000000000000e+00 0.000000000000000000e+00 0.000000000000000000e+00 1.000000000000000000e+00 0.000000000000000000e+00
9.996065242913204640e-01 9.378480371067180041e-04 -2.803421187201690298e-02 -2.879300000000000002e-03 -1.040754050851893514e-03 9.999927738910343589e-01 -3.656363865961976753e-03 -1.721000000000000090e-04 2.803058018007250837e-02 3.684101895166868972e-03 9.996002770947968186e-01 2.489469999999999877e-02
9.991207451121825178e-01 7.794698523522296772e-04 -4.191812392303180534e-02 -3.959800000000000299e-03 -9.757394285771878346e-04 9.999886569800993108e-01 -4.661957068117244911e-03 -9.110000000000000530e-05 4.191401458993038176e-02 4.698759185861993599e-03 9.991101726251557791e-01 3.468389999999999668e-02
7.476724370627401139e-01 2.259639155689252901e-02 -6.636831547849250112e-01 -1.632706999999999908e-01 -2.597786109793050538e-02 9.996511394357977531e-01 4.769712516274204547e-03 -6.396599999999999682e-03 6.635594001967267674e-01 1.367488622690769991e-02 7.479986095556873105e-01 3.115025000000000155e-01
6.661741008876228554e-01 1.432371566324058300e-02 -7.456587010664904591e-01 -2.003379999999999883e-01 -1.435116513766568520e-02 9.998766256553149878e-01 6.385728410494805052e-03 -6.188400000000000151e-03 7.456581732709423038e-01 6.447064272968573706e-03 6.662974741033478310e-01 3.399423999999999779e-01
6.220842637833041699e-01 1.387147945216774501e-02 -7.828274080606736351e-01 -2.214951000000000003e-01 -1.167431265236385830e-02 9.998962268770852369e-01 8.440728704521201567e-03 -6.251300000000000433e-03 7.828632570106219823e-01 3.888127412593254170e-03 6.221816481446107439e-01 3.524375000000000147e-01
4.175524264668001306e-01 1.854398410443350298e-02 -9.084635885962749624e-01 -3.220762999999999820e-01 -4.244558325990401178e-03 9.998206286954781641e-01 1.845790236175158874e-02 -5.992800000000000384e-03 9.086429193452753017e-01 -3.851115229801219293e-03 4.175562405654860143e-01 3.938787999999999734e-01
3.620556556695780359e-01 2.042111148058239206e-02 -9.319327660317399120e-01 -3.519619999999999971e-01 -3.111195631096800446e-03 9.997809089292485352e-01 2.069914496665750669e-02 -5.833399999999999870e-03 9.321512874310785568e-01 -4.594817352548923386e-03 3.620398665811263017e-01 4.022207999999999894e-01
3.072160252789421508e-01 2.334996891881675751e-02 -9.513532954498548078e-01 -3.832907999999999871e-01 -5.826235706968326683e-04 9.997033609014827071e-01 2.434852669166365224e-02 -5.647199999999999789e-03 9.516396242073904554e-01 -6.925976737621948251e-03 3.071384972364205046e-01 4.089057999999999859e-01
2.031392172514437933e-01 2.574088120040958147e-02 -9.788114555160749575e-01 -4.516751999999999989e-01 6.365355151864118127e-03 9.995985435222746185e-01 2.760858638065115389e-02 -5.486600000000000331e-03 9.791291746589219080e-01 -1.183886916785721090e-02 2.028938158460356078e-01 4.185498999999999747e-01
9.402250655198743368e-03 2.040762450810484213e-02 -9.997475314020799475e-01 -6.545767999999999587e-01 3.133887291795563537e-03 9.997862129073880055e-01 2.043788713994741310e-02 -2.051499999999999938e-03 9.999508870104866221e-01 -3.325258221417409787e-03 9.336285380265429978e-03 4.206845000000000168e-01
-1.723444729226623201e-02 1.849411561241292440e-02 -9.996804196913352536e-01 -6.999349999999999739e-01 2.841686556475446837e-03 9.998257863064935469e-01 1.844781434524787184e-02 -1.664200000000000011e-03 9.998474376843921041e-01 -2.522840525417908986e-03 -1.728399929525759049e-02 4.181031000000000053e-01
-3.786811210114501142e-02 1.625184780902454856e-02 -9.991505810080317795e-01 -7.472463999999999773e-01 2.190341298737069099e-03 9.998666883311115861e-01 1.618048116623204552e-02 -9.223999999999999777e-04 9.992803452939972297e-01 -1.575756506585688534e-03 -3.789866093336002884e-02 4.148273000000000099e-01
-6.758069988386544713e-02 1.583556339584717143e-02 -9.975881334173654080e-01 -8.459868999999999861e-01 3.356005363999658118e-03 9.998719857401409117e-01 1.564446739471893680e-02 5.347999999999999889e-04 9.977081668660451319e-01 -2.290647070965669795e-03 -6.762519282628742801e-02 4.072434999999999805e-01
-7.708382586620247945e-02 1.711501625705550214e-02 -9.968777056431493699e-01 -8.979464999999999808e-01 2.261717860544360491e-03 9.998530808905845557e-01 1.699121143195876649e-02 2.160999999999999944e-04 9.970220501183252315e-01 -9.449085283546581476e-04 -7.711121011710797557e-02 4.021637000000000128e-01
-8.386532353340343804e-02 1.853288298886460184e-02 -9.963047424140663022e-01 -9.511929999999999552e-01 7.634789043450881246e-04 9.998279363292748023e-01 1.853415321794205095e-02 2.204999999999999929e-04 9.964768058558115538e-01 7.937151029082725739e-04 -8.386504282318840708e-02 3.968073999999999768e-01
-8.901854631074335167e-02 2.222897599522381806e-02 -9.957818892904841679e-01 -1.120601900000000040e+00 4.931533883443023694e-03 9.997485141078130688e-01 2.187666594287914629e-02 2.705400000000000166e-03 9.960177600757320615e-01 -2.963303127194083855e-03 -8.910578235051791474e-02 3.816090999999999789e-01
-8.747990324863062772e-02 2.477958331129923031e-02 -9.958580414790698665e-01 -1.179511999999999894e+00 4.334471705675068190e-03 9.996905756177403291e-01 2.449419066031286590e-02 3.128300000000000091e-03 9.961568545578769474e-01 -2.173769074542334853e-03 -8.756024123634897904e-02 3.763757999999999826e-01
-8.557430811281245553e-02 2.462224794010986831e-02 -9.960275009744404828e-01 -1.240097800000000028e+00 1.998905345036758319e-03 9.996968205392833262e-01 2.454121800297609512e-02 3.832799999999999922e-03 9.963297858482577096e-01 1.091330553489606309e-04 -8.559758128324190807e-02 3.703954999999999886e-01
-8.407105297567003810e-02 2.211473470168950906e-02 -9.962143326416437183e-01 -1.301975000000000104e+00 1.107138809956567660e-04 9.997538994250557698e-01 2.218396553441288194e-02 4.557900000000000146e-03 9.964597562340378190e-01 1.754734586583811887e-03 -8.405281144930254467e-02 3.649026000000000214e-01
-7.916410286141777053e-02 2.825844852686126146e-02 -9.964609901571668260e-01 -1.498188899999999935e+00 -9.565174508170074669e-04 9.995955178678963549e-01 2.842333078262219287e-02 7.790599999999999956e-03 9.968611387211925301e-01 3.203239807883333234e-03 -7.910505269715739640e-02 3.484206000000000247e-01
-7.755098481339564587e-02 3.052925049718028389e-02 -9.965208525758773028e-01 -1.566236600000000090e+00 -1.254649360876040898e-03 9.995272729052330218e-01 3.071899369460300011e-02 8.417400000000000229e-03 9.969875980218882994e-01 3.632572464276917837e-03 -7.747602085702420815e-02 3.432113999999999998e-01
-7.383316882971047157e-02 2.684876205241275987e-02 -9.969091268299316022e-01 -1.706229800000000019e+00 -5.686944869473789174e-03 9.996099419788032625e-01 2.734268741702297612e-02 1.086690000000000052e-02 9.972543917369406374e-01 7.688164500476123153e-03 -7.365168218037243530e-02 3.314740999999999937e-01
-7.241751409419526497e-02 2.627045255856191863e-02 -9.970283681895841799e-01 -1.778113000000000055e+00 -6.583455764049542594e-03 9.996186837575955497e-01 2.681688261030856779e-02 1.216509999999999987e-02 9.973526767210381117e-01 8.505904131873034957e-03 -7.221694975751569157e-02 3.258600999999999859e-01
-7.094914212248616681e-02 2.850318167837477545e-02 -9.970726091244771494e-01 -1.851394299999999937e+00 -3.620378660716775179e-03 9.995777032890251768e-01 2.883241137661932130e-02 1.367540000000000075e-02 9.974733641007341722e-01 5.655415249753209875e-03 -7.081598822241041979e-02 3.210331000000000157e-01
-6.980366266625323557e-02 3.075701193594407301e-02 -9.970864831573780229e-01 -1.925207700000000077e+00 -1.646188246059394900e-03 9.995196615585649758e-01 3.094731364933187706e-02 1.439879999999999979e-02 9.975593910853801649e-01 3.801627891283068314e-03 -6.971950145218885897e-02 3.158035000000000148e-01
-6.767834379699559644e-02 2.764942451397108675e-02 -9.973239950512278185e-01 -2.075566499999999870e+00 -7.305854520318049578e-04 9.996142806132319869e-01 2.776249698762792151e-02 1.679879999999999915e-02 9.977069249162262565e-01 2.607550217538409307e-03 -6.763203868042177991e-02 3.047544999999999837e-01
-6.754408181323967586e-02 1.603624705146827062e-02 -9.975874075951994824e-01 -2.226865999999999790e+00 3.893779473262649546e-03 9.998674440901395011e-01 1.580926089560710096e-02 1.865090000000000151e-02 9.977086927021433516e-01 -2.816563359139751151e-03 -6.759757005561639609e-02 2.944454000000000238e-01
-6.808727205231775159e-02 1.695139107412526464e-02 -9.975353496117949081e-01 -2.304095699999999969e+00 5.146512240983931383e-03 9.998483100838041482e-01 1.663941808821199284e-02 1.937229999999999855e-02 9.976660948414690644e-01 -4.000895301426942406e-03 -6.816418444139082933e-02 2.893907000000000007e-01
-6.819075265793879403e-02 3.147791919301885788e-02 -9.971755922881493373e-01 -2.461245100000000186e+00 3.000622906436330173e-03 9.995040821424261424e-01 3.134622852592527931e-02 2.065029999999999991e-02 9.976677891533418663e-01 -8.546250077884377794e-04 -6.825138901135185954e-02 2.774805000000000188e-01
-6.926906592793700967e-02 3.710558858483273964e-02 -9.969077047556830218e-01 -2.618772700000000064e+00 -4.544641448498420999e-04 9.993067517459328641e-01 3.722646071457207800e-02 2.309639999999999957e-02 9.975979099656394622e-01 3.031700969037466609e-03 -6.920418210933620973e-02 2.657768999999999826e-01
-6.987086713474099930e-02 3.088847787629527691e-02 -9.970777120467214649e-01 -2.774987700000000057e+00 -1.025143208809519216e-03 9.995177445486196355e-01 3.103590523638277698e-02 2.565790000000000085e-02 9.975555177569018772e-01 3.190653056337748594e-03 -6.980550641484728480e-02 2.538101999999999858e-01
-6.984500409962811351e-02 3.443014072594164504e-02 -9.969635102710203700e-01 -2.931625599999999832e+00 -3.950237563653294717e-03 9.993868177833538091e-01 3.479057435645842994e-02 2.799319999999999933e-02 9.975500343469061448e-01 6.368190516419486302e-03 -6.966616914997514343e-02 2.417489999999999917e-01
-6.943828251660354167e-02 2.744410393993583497e-02 -9.972086772988281167e-01 -3.087286699999999939e+00 -5.174238570008789576e-03 9.995981599625203273e-01 2.787016065192562259e-02 3.041980000000000031e-02 9.975728305123215955e-01 7.095051689558583632e-03 -6.926837709342925642e-02 2.298800000000000010e-01
-6.857629631686118499e-02 2.380609083337133572e-02 -9.973618007637423677e-01 -3.243071800000000060e+00 -5.981372480249096124e-03 9.996874766979693128e-01 2.427286790842050207e-02 3.267550000000000315e-02 9.976279440586626190e-01 7.630135810087807294e-03 -6.841247152972218526e-02 2.182173000000000029e-01
-6.714515405128147763e-02 3.133285277517897094e-02 -9.972511121199106876e-01 -3.399040499999999909e+00 -5.284342563893196926e-03 9.994815950609131638e-01 3.175872884987947231e-02 3.374599999999999822e-02 9.977292237932581243e-01 7.402261239763103726e-03 -6.694477214421745703e-02 2.065440000000000054e-01
-6.670037813014138839e-02 3.980446533296411876e-02 -9.969787681274124846e-01 -3.555605599999999811e+00 -4.413071151969621964e-03 9.991824029083803405e-01 4.018769116586200923e-02 3.658879999999999771e-02 9.977632907460083356e-01 7.080272437689640042e-03 -6.647018415729177843e-02 1.952831999999999901e-01
-6.623201519472778076e-02 3.550018907005532409e-02 -9.971725310793689845e-01 -3.710501199999999944e+00 -4.499372795174889222e-03 9.993461053607088918e-01 3.587641767001088083e-02 3.946619999999999989e-02 9.977941049172894816e-01 6.862818398686770793e-03 -6.602897785011707654e-02 1.843394999999999895e-01
-6.583760583963083057e-02 2.847094642014433991e-02 -9.974240897768843483e-01 -3.864614500000000064e+00 -9.218102094253834491e-03 9.995328458941584726e-01 2.913960487900330368e-02 4.183579999999999938e-02 9.977877711472941114e-01 1.111283891117793507e-02 -6.554440144092310572e-02 1.728687999999999891e-01
-6.700380692300927921e-02 2.472032123121828059e-02 -9.974464374471690986e-01 -4.019168399999999863e+00 -1.010115676264237636e-02 9.996249889005043299e-01 2.545286226975101637e-02 4.338410000000000183e-02 9.977015868935362741e-01 1.178080149615336539e-02 -6.672897591172533005e-02 1.612227999999999994e-01
-6.894781110842497507e-02 1.950727699894161393e-02 -9.974295290833551375e-01 -4.171977499999999672e+00 -2.501115102449723987e-03 9.998022838228657339e-01 1.972657308876094723e-02 4.441029999999999978e-02 9.976171328553861128e-01 3.854790093960122968e-03 -6.888538906568109077e-02 1.509960999999999942e-01
-7.277718149827766547e-02 2.933143022926699983e-02 -9.969168215322040671e-01 -4.325315500000000313e+00 4.205106086829796946e-04 9.995682631139719554e-01 2.937874310016433052e-02 4.510890000000000039e-02 9.973481363215127571e-01 1.718888019363123965e-03 -7.275809508214292620e-02 1.399168000000000078e-01
-7.593383279588238055e-02 3.200907102262342402e-02 -9.965989526430356626e-01 -4.476906299999999561e+00 2.059637136627510967e-03 9.994875087727325136e-01 3.194491668704541043e-02 4.667690000000000033e-02 9.971107315297496054e-01 3.730677492048244115e-04 -7.596084444410888814e-02 1.278781999999999974e-01
-7.816328127020577554e-02 2.457065694329600355e-02 -9.966377397422042650e-01 -4.626477200000000067e+00 -5.767652213365764141e-03 9.996683645265006524e-01 2.509771210403746039e-02 4.804420000000000218e-02 9.969238865876474120e-01 7.709979395974501937e-03 -7.799564454950858039e-02 1.141850999999999977e-01
-8.038128218822439275e-02 2.457203223919700308e-02 -9.964612710514206828e-01 -4.775067800000000418e+00 -1.177351375728693389e-02 9.996029529507214351e-01 2.559923487147423848e-02 4.871369999999999867e-02 9.966946542685899413e-01 1.378954980533412915e-02 -8.006006787770159061e-02 1.001869999999999983e-01
-8.253098563235891638e-02 2.543729622786190803e-02 -9.962638106300796270e-01 -4.921950800000000292e+00 -1.323008680415330846e-02 9.995581418896732906e-01 2.661739628923808984e-02 5.004569999999999852e-02 9.965006779795515524e-01 1.537741664519042331e-02 -8.215798100984639252e-02 8.725739999999999885e-02
-8.355019735295596273e-02 2.734313303810317897e-02 -9.961283640163763886e-01 -5.066093900000000261e+00 -1.284229043190476122e-02 9.995109189429812746e-01 2.851312838359994564e-02 5.086419999999999830e-02 9.964208147659022741e-01 1.517484726175640300e-02 -8.315818607832692333e-02 7.464369999999999339e-02
-8.436938468533661251e-02 3.404638250578201353e-02 -9.958527254399051065e-01 -5.210074900000000397e+00 -1.164480847383827025e-02 9.993141578065776187e-01 3.515127939262227552e-02 5.332590000000000247e-02 9.963665015261325975e-01 1.456220606915544641e-02 -8.391505699797940920e-02 6.273890000000000022e-02
-8.558595928754061943e-02 3.594738369082348117e-02 -9.956820924264010442e-01 -5.351887200000000178e+00 -1.099899427813347784e-02 9.992539266374181883e-01 3.702178040790086999e-02 5.562870000000000315e-02 9.962700766848823219e-01 1.412004622818082041e-02 -8.512672081557592918e-02 4.983139999999999792e-02
-8.459053162163251982e-02 2.551084165250368241e-02 -9.960891721719248304e-01 -5.622336400000000012e+00 -1.135039076888986510e-02 9.995826683703782356e-01 2.656421884693515797e-02 5.802759999999999863e-02 9.963511482350803083e-01 1.355308273918700082e-02 -8.426567129562112513e-02 2.562270000000000172e-02
-8.241918634747309735e-02 2.484339069331460703e-02 -9.962880525534169029e-01 -5.686627900000000402e+00 -1.354766309314629595e-02 9.995689417429081125e-01 2.604595031242494182e-02 5.837069999999999759e-02 9.965056640815120881e-01 1.564406091211729619e-02 -8.204708898945078932e-02 1.991870000000000099e-02
-7.246848675423937791e-02 2.730672457026622757e-02 -9.969968210685500321e-01 -5.810269400000000140e+00 -1.305859179711119263e-02 9.995134699545158430e-01 2.832483997765458325e-02 5.896660000000000096e-02 9.972852107636145380e-01 1.507203280008831067e-02 -7.207664128860336028e-02 1.013679999999999963e-02
-5.678808959123261141e-02 3.033551725078459035e-02 -9.979252824103144182e-01 -5.928937399999999691e+00 -1.330495203860799711e-02 9.994265282430166986e-01 3.113828664780418295e-02 5.948559999999999959e-02 9.982975964770368638e-01 1.504563183245655536e-02 -5.635191062363098524e-02 3.041199999999999980e-03
-4.492175629658080871e-02 3.212215526237766072e-02 -9.984739370421893412e-01 -5.985848400000000069e+00 -1.575770988021577695e-02 9.993357754175563601e-01 3.285882757984928682e-02 5.982729999999999992e-02 9.988662224695363800e-01 1.720973886760101407e-02 -4.438574655841032168e-02 5.676000000000000273e-04
-3.029567947842490977e-02 3.367605243483992594e-02 -9.989735208189187698e-01 -6.041268800000000105e+00 -1.876601623143133932e-02 9.992369573512946967e-01 3.425404644897413198e-02 6.032529999999999837e-02 9.993648024819277165e-01 1.978450291851513790e-02 -2.964059723630863008e-02 -8.779000000000000345e-04
6.553928527675288718e-02 3.567461306153180134e-02 -9.972120757734143082e-01 -6.243752500000000261e+00 -1.926624464297248956e-02 9.992196591052505683e-01 3.448020700262834776e-02 6.271490000000000398e-02 9.976639784530506594e-01 1.695272368963028631e-02 6.617545811502567599e-02 6.939700000000000035e-03
9.947754078091904095e-02 3.540678223691419435e-02 -9.944096633942210994e-01 -6.289285200000000131e+00 -1.793150969804262196e-02 9.992682170253842644e-01 3.378596458381123713e-02 6.347690000000000277e-02 9.948782236234389176e-01 1.447032185327200814e-02 1.000396418692766076e-01 1.358550000000000035e-02
1.373481935264329046e-01 3.569576372963587096e-02 -9.898794301261055750e-01 -6.332533800000000213e+00 -1.741357589804694295e-02 9.992830185775698482e-01 3.361868761482455364e-02 6.406960000000000433e-02 9.903697496942587275e-01 1.261987457379077672e-02 1.378713083142149021e-01 2.117020000000000013e-02
5.653833624398714175e-01 1.373259225691561211e-02 -8.247139318491534254e-01 -6.660664999999999836e+00 1.375594505838346679e-02 9.995653526751856477e-01 2.607450300355614384e-02 6.693480000000000263e-02 8.247135426629876864e-01 -2.608680971749946162e-02 5.649487152892970210e-01 1.852032000000000123e-01
6.086493138425055349e-01 7.326998939721001899e-03 -7.934055254695323578e-01 -6.689865600000000079e+00 2.400607472820541488e-02 9.993295178491927722e-01 2.764458593366495021e-02 6.679540000000000477e-02 7.930761130781781576e-01 -3.587241059417803357e-02 6.080653328573926153e-01 2.135389000000000037e-01
6.507890943091609870e-01 2.371167525349484814e-03 -7.592548533218793638e-01 -6.718131500000000145e+00 2.527786831009972562e-02 9.993731011736860514e-01 2.478777973491361544e-02 6.716379999999999573e-02 7.588376533237916055e-01 -3.532396091969396135e-02 6.503211773293138265e-01 2.422247999999999901e-01
7.698343697364825600e-01 -1.188671201118285913e-02 -6.381330184608816625e-01 -6.795393899999999654e+00 1.422520473052378380e-02 9.998977443982687285e-01 -1.464342046509575692e-03 6.882140000000000479e-02 6.380851719972869818e-01 -7.950271996459822715e-03 7.699247407717035863e-01 3.383253999999999984e-01
8.063958611484968175e-01 -1.300996307784139244e-02 -5.912329963587007464e-01 -6.819620099999999852e+00 1.303123923124343414e-02 9.999061462027547531e-01 -4.229135851844267185e-03 6.878199999999999592e-02 5.912325277982194427e-01 -4.294140969793167756e-03 8.064897137761021240e-01 3.757409999999999917e-01
8.956177453334543959e-01 -1.156223123621389660e-02 -4.446742280059189367e-01 -6.884038399999999669e+00 9.668614635176235247e-03 9.999319605654971577e-01 -6.526264680321849573e-03 6.750340000000000507e-02 4.447194308042500266e-01 1.545654709655492395e-03 8.956685987666769266e-01 5.048373000000000443e-01
9.164385296042747431e-01 -5.212328240539912221e-03 -4.001415413214026717e-01 -6.903376100000000015e+00 3.376401237938570551e-03 9.999802916779098050e-01 -5.293030364833920670e-03 6.664340000000000541e-02 4.001612442146732507e-01 3.499698569230944370e-03 9.164380670500812398e-01 5.526904000000000261e-01
9.335368131355804566e-01 -7.096157749366259655e-04 -3.584808432344975815e-01 -6.921244100000000010e+00 -1.874162231149810193e-03 9.999747132807305094e-01 -6.860052117317000896e-03 6.621390000000000609e-02 3.584766464312505452e-01 7.075962448524934952e-03 9.335118771171748708e-01 6.023591000000000362e-01
9.564712595576077003e-01 4.879987075134936160e-03 -2.917857353717451807e-01 -6.953707699999999825e+00 -6.083894186221630411e-03 9.999763125147155263e-01 -3.218794961313418274e-03 6.465590000000000226e-02 2.917631160236236476e-01 4.853878409955689893e-03 9.564782924837170741e-01 7.101532999999999873e-01
9.692042025940180716e-01 4.709463071367698747e-03 -2.462133924701764842e-01 -6.982189199999999651e+00 -4.746484185275673742e-03 9.999886372106057131e-01 4.430999375009467950e-04 6.327950000000000241e-02 2.462126815620443443e-01 7.391936519677011486e-04 9.692155431227732487e-01 8.257293999999999468e-01
9.736686152069194966e-01 7.230231625953629365e-03 -2.278533552785097505e-01 -6.996396500000000351e+00 -6.698353201765545883e-03 9.999727373289396537e-01 3.107517216640294424e-03 6.262330000000000674e-02 2.278696114566927666e-01 -1.499449733194987717e-03 9.736905010449026232e-01 8.868970999999999938e-01
9.798362296083080736e-01 1.596931490948344523e-02 -1.991631093558662857e-01 -7.023574400000000217e+00 -1.506616483690703320e-02 9.998681984655510835e-01 6.049493727622055027e-03 6.167240000000000222e-02 1.992334656228268996e-01 -2.926888890125880875e-03 9.799476820204957583e-01 1.012678100000000025e+00
9.849451634151730195e-01 1.452399405159876880e-02 -1.722558523297463562e-01 -7.047301799999999616e+00 -1.375409976791161851e-02 9.998893757921945014e-01 5.662236083922627707e-03 6.047469999999999929e-02 1.723190349457441595e-01 -3.207767866424478427e-03 9.850359690999525020e-01 1.145915999999999935e+00
9.873803739489254161e-01 1.492512712898215119e-02 -1.576617826889699370e-01 -7.058397799999999833e+00 -1.414742580694340612e-02 9.998815932841177423e-01 6.053904083421230570e-03 6.058700000000000196e-02 1.577334697631333216e-01 -3.746997704556744718e-03 9.874746136102359184e-01 1.214898699999999998e+00
9.895431150761370143e-01 1.677742521935417924e-02 -1.432583031046509581e-01 -7.069235299999999889e+00 -1.597887721038328962e-02 9.998497275304507603e-01 6.722933911540570837e-03 6.010080000000000283e-02 1.433495688466155105e-01 -4.363526130599766628e-03 9.896624984059955166e-01 1.285005600000000081e+00
9.937852221064727987e-01 1.564017757316740753e-02 -1.102103314951390356e-01 -7.095514299999999608e+00 -1.656259090212884588e-02 9.998350081945729384e-01 -7.459019450772691635e-03 5.749739999999999712e-02 1.100754873048371552e-01 9.238031935324634430e-03 9.938802975512517346e-01 1.505338999999999983e+00
9.946531912495257810e-01 1.567747525534026257e-02 -1.020747074781630376e-01 -7.103417900000000174e+00 -1.654187896457480836e-02 9.998340811878261292e-01 -7.627341320339120836e-03 5.665710000000000190e-02 1.019381939091315997e-01 9.275066841472829129e-03 9.947474944716525602e-01 1.581394299999999919e+00
9.953017391423305549e-01 1.750141603756599773e-02 -9.522682656128016176e-02 -7.111295199999999816e+00 -1.771672259720166731e-02 9.998420439854730501e-01 -1.415916439997654116e-03 5.532000000000000112e-02 9.518700436858966440e-02 3.096371365207918266e-03 9.954545929793596759e-01 1.658410699999999904e+00
9.963492236680309144e-01 2.122410044209134192e-02 -8.269076161540797609e-02 -7.132821100000000136e+00 -2.052737268850820737e-02 9.997463438256718460e-01 9.266875293688992335e-03 5.252860000000000168e-02 8.286646768518191042e-02 -7.535619923119413720e-03 9.965321685554134890e-01 1.890558200000000078e+00
9.968540816921545034e-01 1.971344038918262931e-02 -7.676796259973032999e-02 -7.145232700000000214e+00 -1.893602959276406011e-02 9.997619147661962469e-01 1.084161271633305931e-02 5.085320000000000118e-02 7.696341076741215759e-02 -9.353825476837478864e-03 9.969900397456312735e-01 2.044710199999999922e+00
9.970581622195129334e-01 1.761721883510760853e-02 -7.459661354219372653e-02 -7.150578499999999948e+00 -1.667004665493984281e-02 9.997725712278359156e-01 1.330095353738704883e-02 5.016980000000000051e-02 7.481397393515197558e-02 -1.201829526170537440e-02 9.971250823658147633e-01 2.122054299999999838e+00
9.974922089706752537e-01 1.481292674003954583e-02 -6.920888847682035716e-02 -7.161367900000000120e+00 -1.404492065540017230e-02 9.998344192231118921e-01 1.157040796887176710e-02 4.849210000000000326e-02 6.936882042089406730e-02 -1.056935845625642072e-02 9.975350898165120661e-01 2.275985200000000042e+00
9.976864886362306617e-01 1.769996735313020264e-02 -6.563826283812275453e-02 -7.172902099999999947e+00 -1.796171658941669858e-02 9.998328953257596963e-01 -3.399729646609063807e-03 4.689730000000000287e-02 6.556711927383902794e-02 4.570840207957893586e-03 9.978376923577919611e-01 2.427296199999999793e+00
9.977375893294643250e-01 1.870614626850707757e-02 -6.457385640342669375e-02 -7.177975700000000181e+00 -1.922367663726678305e-02 9.997878041216078371e-01 -7.402498648385514093e-03 4.539850000000000135e-02 6.442168187477687047e-02 8.627098091175554664e-03 9.978854744322869230e-01 2.503188399999999980e+00
9.979429607689316306e-01 2.321093892858776958e-02 -5.975867607127799408e-02 -7.189212300000000333e+00 -2.336105655661056824e-02 9.997254465157163761e-01 -1.814559315766043398e-03 4.226130000000000164e-02 5.970015149308589841e-02 3.206852507515707464e-03 9.982112041089790111e-01 2.656153699999999951e+00
9.981780973921229316e-01 2.397922586758815741e-02 -5.536680064292034270e-02 -7.198456799999999767e+00 -2.371529972408703210e-02 9.997040653058713033e-01 5.419074636035050435e-03 3.928249999999999797e-02 5.548036090039799167e-02 -4.096161337812747466e-03 9.984513763907866268e-01 2.808455700000000110e+00
9.982978923202938670e-01 2.101823952993298397e-02 -5.440176280159863403e-02 -7.202182800000000107e+00 -2.075705273196097947e-02 9.997701719560745381e-01 5.361718829240689696e-03 3.800680000000000031e-02 5.450195364151298044e-02 -4.223372347260598292e-03 9.985047321747027027e-01 2.884200100000000155e+00
9.984568618319434874e-01 1.900188927255134011e-02 -5.218067903717716477e-02 -7.210626099999999816e+00 -1.883465543008351270e-02 9.998157850857823936e-01 3.694813680069272514e-03 3.581539999999999724e-02 5.224127501829590320e-02 -2.706306962282687030e-03 9.986308252237603433e-01 3.035295500000000146e+00
9.986021006157688173e-01 1.532558353456363147e-02 -5.058627417688543043e-02 -7.219100000000000072e+00 -1.523411717805805803e-02 9.998815487164625093e-01 2.193219134888374500e-03 3.408629999999999993e-02 5.061389453084113449e-02 -1.419516006798184852e-03 9.987172866505953372e-01 3.187609899999999996e+00
9.985882573188966660e-01 1.832858376184750074e-02 -4.985534436842114364e-02 -7.228023999999999560e+00 -1.822369039021718221e-02 9.998306632090306900e-01 2.557736411603873071e-03 3.194210000000000105e-02 4.989378171045393690e-02 -1.645577185876835255e-03 9.987531740236698097e-01 3.342647100000000204e+00
9.984395623373720774e-01 1.550010366524924750e-02 -5.364873853058819975e-02 -7.237059600000000259e+00 -1.537302416572720702e-02 9.998779617047376389e-01 2.780615971165466792e-03 3.032239999999999935e-02 5.368529116580127158e-02 -1.951533639387242891e-03 9.985559979434791567e-01 3.498944799999999855e+00
9.979988253553260247e-01 2.109951051218536197e-02 -5.960834879054764668e-02 -7.248302899999999660e+00 -2.099539781381885503e-02 9.997767574563802828e-01 2.372450346299797338e-03 2.844659999999999897e-02 5.964509921216405719e-02 -1.116201662938618323e-03 9.982190221759044135e-01 3.659124900000000125e+00
9.976587732578797718e-01 2.263615280184258505e-02 -6.453353181032335517e-02 -7.260272500000000129e+00 -2.307759719264928372e-02 9.997150467800328677e-01 -6.103257278736697738e-03 2.649529999999999941e-02 6.437698850828769970e-02 7.578247022119340842e-03 9.978968751943636528e-01 3.820378299999999783e+00
9.973885714411294678e-01 2.189657811157586301e-02 -6.882279728132677243e-02 -7.272263500000000214e+00 -2.236703555751142977e-02 9.997313839017536452e-01 -6.072541663372378606e-03 2.325570000000000068e-02 6.867134248718283207e-02 7.596045608606553229e-03 9.976104183558429650e-01 3.984649399999999897e+00
9.971765524588196428e-01 2.001948581043908049e-02 -7.237501926928045781e-02 -7.285673100000000346e+00 -2.031273356395317531e-02 9.997881696020058939e-01 -3.317948015070006692e-03 2.003469999999999904e-02 7.229326442693632948e-02 4.778714446007963947e-03 9.973719706341965807e-01 4.151741999999999599e+00
9.970295606720955828e-01 1.884133765988015366e-02 -7.467971037165603565e-02 -7.298371799999999965e+00 -1.850720320833548413e-02 9.998153922849868369e-01 5.163795060156129747e-03 1.731469999999999884e-02 7.476321672730130985e-02 -3.766343744840325823e-03 9.971942017878876463e-01 4.322362400000000271e+00
9.971799644830340315e-01 2.183025742645915493e-02 -7.180221649997654831e-02 -7.312360800000000438e+00 -2.135582838008956083e-02 9.997447835975808994e-01 7.368599841643932481e-03 1.557599999999999957e-02 7.194474982801137009e-02 -5.814424315496652569e-03 9.973916710310268829e-01 4.494664199999999887e+00
9.974657091447511892e-01 1.940142645867360890e-02 -6.845249251654197953e-02 -7.324957399999999730e+00 -1.918285339753652077e-02 9.998085833138802281e-01 3.849008628249067469e-03 1.381379999999999934e-02 6.851406582510760623e-02 -2.526139992239931874e-03 9.976469522836485249e-01 4.669161800000000362e+00
9.977737912044359891e-01 1.433085638179438549e-02 -6.513131459513941957e-02 -7.335971800000000265e+00 -1.422522697780705635e-02 9.998966419371906333e-01 2.085272202694547338e-03 1.173470000000000069e-02 6.515446648508839422e-02 -1.154122217896947494e-03 9.978745229230725489e-01 4.844176799999999616e+00
9.979732627739882345e-01 9.136473949561746064e-03 -6.297532558081135601e-02 -7.347479800000000338e+00 -8.701975433951130920e-03 9.999364289235812553e-01 7.170337167996880014e-03 9.303699999999999817e-03 6.303683377032133495e-02 -6.607795042586150393e-03 9.979893259112985193e-01 5.020679000000000336e+00
9.980645198195743362e-01 9.939173969578534579e-03 -6.138751581653103390e-02 -7.358828500000000439e+00 -9.696080812658224718e-03 9.999439320898463324e-01 4.256605874537137263e-03 6.843100000000000398e-03 6.142638109311663458e-02 -3.653148983985667411e-03 9.981049314617697066e-01 5.192843899999999735e+00
9.981268848708048091e-01 1.447877456335231253e-02 -5.943977443805485705e-02 -7.370846700000000418e+00 -1.491844705345339236e-02 9.998644911943532776e-01 -6.959826590536521279e-03 3.799900000000000153e-03 5.933095006500843649e-02 7.833539161876545628e-03 9.982076307204742482e-01 5.364443800000000095e+00
9.980930647842229941e-01 1.931336121654178561e-02 -5.862787825050640167e-02 -7.377316999999999680e+00 -2.008698016700244393e-02 9.997183975433969749e-01 -1.263482651376742101e-02 1.620200000000000026e-03 5.836734752759691058e-02 1.378838974579443995e-02 9.981999464289761370e-01 5.448535399999999917e+00
9.982114736137023270e-01 1.609351424381969334e-02 -5.757475788264197064e-02 -7.387662899999999588e+00 -1.655681065084218737e-02 9.998342025291447888e-01 -7.578883425767424589e-03 -2.843899999999999900e-03 5.744324126503509015e-02 8.518582757312752676e-03 9.983124299440400140e-01 5.619886900000000018e+00
9.982036696523031161e-01 1.558701019805248944e-02 -5.784875975992612163e-02 -7.393113600000000396e+00 -1.551980709980289169e-02 9.998782630037367225e-01 1.610825941953768214e-03 -5.233200000000000351e-03 5.786682538605991688e-02 -7.101307739924857775e-04 9.983240587274370137e-01 5.705326999999999593e+00
9.981504096049551578e-01 1.462278022750812707e-02 -5.900791560357084020e-02 -7.398792700000000444e+00 -1.409324248260310740e-02 9.998566854732258147e-01 9.380246842238178576e-03 -7.077800000000000410e-03 5.913662420012401333e-02 -8.531284364781522786e-03 9.982134425388693444e-01 5.790459199999999917e+00
9.980449075252533220e-01 1.214875460384561012e-02 -6.130881114883972305e-02 -7.404353600000000313e+00 -1.173542577697865574e-02 9.999059492819991624e-01 7.097349667110620410e-03 -8.192200000000000176e-03 6.138926897057481180e-02 -6.363988689473795875e-03 9.980936114930395453e-01 5.873915700000000406e+00
9.978103975498090472e-01 6.096929204937241720e-03 -6.585771022258381235e-02 -7.415276500000000048e+00 -5.962058258021795884e-03 9.999797083752595128e-01 2.244259133613354940e-03 -1.068870000000000063e-02 6.587005695169688424e-02 -1.846697593228569792e-03 9.978265006027747797e-01 6.040043400000000062e+00
9.973646663058668427e-01 1.007089034215933286e-02 -7.184914454816482277e-02 -7.428433400000000297e+00 -1.032762563883500399e-02 9.999415398981054137e-01 -3.202644980283279614e-03 -1.435939999999999959e-02 7.181269075345220188e-02 3.936236009420382084e-03 9.974103686511520683e-01 6.204119699999999682e+00
9.970631200252050297e-01 1.065833789576835916e-02 -7.583887208353790044e-02 -7.435394800000000082e+00 -1.120584843819545304e-02 9.999141076946977957e-01 -6.797513802592926833e-03 -1.583359999999999976e-02 7.575990790902395466e-02 7.627389226719517336e-03 9.970969156943573219e-01 6.285518200000000277e+00
9.967919126664156471e-01 1.255935549531473142e-02 -7.904521131840439030e-02 -7.442514899999999933e+00 -1.344455402436991326e-02 9.998526183711800019e-01 -1.067639936408452603e-02 -1.803520000000000123e-02 7.889947281138637303e-02 1.170487615645434201e-02 9.968138587842002574e-01 6.366519900000000121e+00
9.964823082734118875e-01 1.712291952898444686e-02 -8.203544919665477220e-02 -7.450704599999999900e+00 -1.805393483814144578e-02 9.997806053229388867e-01 -1.062057705390662132e-02 -2.031789999999999985e-02 8.183559576952530168e-02 1.206427979208657061e-02 9.965728214326061707e-01 6.447543099999999860e+00
9.961177237083068681e-01 2.067487520158842879e-02 -8.556886144842662523e-02 -7.458836100000000080e+00 -2.151081653866694643e-02 9.997293678116252469e-01 -8.858662811501133438e-03 -2.207659999999999831e-02 8.536255201211537247e-02 1.066492711493165560e-02 9.962928756362819938e-01 6.528230200000000316e+00
9.957231585627228654e-01 2.355010250645094005e-02 -8.933523478342873803e-02 -7.467023400000000422e+00 -2.391456902309546662e-02 9.997094700372693987e-01 -3.011462475557668238e-03 -2.405509999999999940e-02 8.923835997100286466e-02 5.134996566478144085e-03 9.959970617024670458e-01 6.609098900000000221e+00
9.953243322272911087e-01 2.401917976641437802e-02 -9.355507832098618193e-02 -7.475049000000000277e+00 -2.386353218642343899e-02 9.997113538336356298e-01 2.782237895479624818e-03 -2.612120000000000067e-02 9.359490107844935236e-02 -5.366744526995015883e-04 9.956102181439517862e-01 6.689218999999999582e+00
9.948414326466347157e-01 2.341444083126498904e-02 -9.870302857638429961e-02 -7.483215799999999973e+00 -2.288716423465822492e-02 9.997171112285336836e-01 6.471107337331258660e-03 -2.737679999999999975e-02 9.882662395775304587e-02 -4.178693268794907156e-03 9.950958933287173958e-01 6.768845599999999685e+00
9.942137818184805242e-01 2.301923372310869798e-02 -1.049241198247364282e-01 -7.492362499999999592e+00 -2.236075490326965010e-02 9.997222238150998974e-01 7.447942692254839320e-03 -2.821529999999999871e-02 1.050664203366168392e-01 -5.058664743991771878e-03 9.944523403505354242e-01 6.847582799999999636e+00
9.928622076296380605e-01 2.101993160847731926e-02 -1.174001666778046460e-01 -7.510969600000000135e+00 -1.987521175308873053e-02 9.997429088034629485e-01 1.091293979459893350e-02 -3.023400000000000046e-02 1.175993733766096949e-01 -8.501692323625546430e-03 9.930247270884361432e-01 7.004074600000000039e+00
9.912505700960106969e-01 2.783189015900515428e-02 -1.290259399288014586e-01 -7.533848299999999831e+00 -2.726905480674549076e-02 9.996093524997953228e-01 6.127074741396790897e-03 -3.152680000000000066e-02 1.291460643391053043e-01 -2.555050903020097616e-03 9.916222898768475291e-01 7.158568899999999680e+00
9.896999278689152524e-01 2.879029166291075317e-02 -1.402325635586413044e-01 -7.556591000000000058e+00 -2.877530406364918816e-02 9.995836252750283091e-01 2.134937487703081858e-03 -3.333119999999999833e-02 1.402356397365105700e-01 1.922287178440530535e-03 9.901162912303257402e-01 7.310472999999999999e+00
9.889791777204685053e-01 3.070414915885756255e-02 -1.448359114991046859e-01 -7.569020300000000034e+00 -2.997138878086772276e-02 9.995245431339684350e-01 7.239028068586230227e-03 -3.385149999999999965e-02 1.449893164681175239e-01 -2.818314613794784679e-03 9.894292067716849992e-01 7.387299500000000130e+00
9.870719865305895846e-01 3.009403566718328940e-02 -1.574269431317835422e-01 -7.593180199999999935e+00 -2.826903075242995569e-02 9.995048187345880741e-01 1.381952338745286168e-02 -3.616140000000000326e-02 1.577648734885991055e-01 -9.190557306305607854e-03 9.874339361949869831e-01 7.537148499999999807e+00
9.859749508841747501e-01 2.785766815529630916e-02 -1.645519570041587831e-01 -7.606150600000000317e+00 -2.658721477328966284e-02 9.995972897994290784e-01 9.918580353824186721e-03 -3.675370000000000026e-02 1.647619987726177404e-01 -5.404493554967849250e-03 9.863185465202741753e-01 7.611724899999999572e+00
9.829843572781170602e-01 2.350502930096987769e-02 -1.821792165536111618e-01 -7.633787599999999784e+00 -2.369847706005027976e-02 9.997185295534297689e-01 1.115281382672809541e-03 -3.807880000000000292e-02 1.821541532097505633e-01 3.221065831182805261e-03 9.832647096297872924e-01 7.758791399999999783e+00
9.787165582141686970e-01 2.195374136014296984e-02 -2.040390450813368284e-01 -7.664473100000000372e+00 -2.033788636872262828e-02 9.997430205839388240e-01 1.001314994170050127e-02 -3.959170000000000050e-02 2.042064373506985719e-01 -5.650312734176613817e-03 9.789115409017002944e-01 7.905500400000000205e+00
9.736439502020225456e-01 2.413117574372489194e-02 -2.267931758061228209e-01 -7.699696499999999943e+00 -1.977141823910447127e-02 9.995738491866411612e-01 2.147582461784509206e-02 -4.103040000000000159e-02 2.272147646078834515e-01 -1.642578398212693469e-02 9.737061386089524984e-01 8.051086400000000864e+00
9.707610421892156616e-01 2.781617466087169671e-02 -2.384308272747963087e-01 -7.718285599999999747e+00 -2.447763690946416770e-02 9.995566373380455616e-01 1.695211033433038222e-02 -4.156780000000000197e-02 2.387966588104538657e-01 -1.062022507740550611e-02 9.710115172129880623e-01 8.121878600000000503e+00
9.646119737872440592e-01 2.499070896863144625e-02 -2.624865796407929719e-01 -7.758110499999999909e+00 -2.510056244076343257e-02 9.996806224749145153e-01 2.935100223982672202e-03 -4.212660000000000016e-02 2.624760975621104886e-01 3.757327961816840124e-03 9.649311792532940801e-01 8.261775999999999343e+00
9.578670830949753690e-01 2.444253941000529978e-02 -2.861699030127274335e-01 -7.800855600000000223e+00 -2.089415933831325484e-02 9.996623555473780343e-01 1.544697404065291206e-02 -4.328080000000000122e-02 2.864508426042218781e-01 -8.816868415586433597e-03 9.580543709010849174e-01 8.403869600000000162e+00
9.503576044488861729e-01 2.215691563995247221e-02 -3.103699321060245375e-01 -7.847800699999999630e+00 -1.706611306580477910e-02 9.996717508795008866e-01 1.910859174136313524e-02 -4.385700000000000015e-02 3.106914409039930880e-01 -1.286318711816607056e-02 9.504237828285672096e-01 8.544948599999999672e+00
9.435984793723338759e-01 1.620603994165826373e-02 -3.306951375445799091e-01 -7.897474299999999836e+00 -1.448847796330105658e-02 9.998657083163773329e-01 7.658285662993122994e-03 -4.437549999999999828e-02 3.307748384211323112e-01 -2.435077493313799867e-03 9.437065627964421610e-01 8.684567499999999995e+00
9.382308383056721102e-01 1.216953057751186951e-02 -3.457958886073673188e-01 -7.949241200000000340e+00 -1.308754718372984530e-02 9.999143031842413487e-01 -3.199941980496839519e-04 -4.552090000000000303e-02 3.457623608216334743e-01 4.825848432777817693e-03 9.383097042160196688e-01 8.824169200000000046e+00
9.322134159673385323e-01 1.716652786286882934e-02 -3.615016699984097137e-01 -8.004761699999999536e+00 -1.765118355593595437e-02 9.998422813295471112e-01 1.961679077099579352e-03 -4.804209999999999731e-02 3.614783296541861368e-01 4.552228779424662142e-03 9.323693980411194016e-01 8.963728899999999555e+00
