9.999995870812179444e-01 -5.565823306620053907e-04 7.183686398407839162e-04 -2.772000000000000158e-04 5.570175599062819659e-04 9.999996613688455493e-01 -6.057999935489966200e-04 3.700000000000000150e-06 -7.180312190064575516e-04 6.061998873496784101e-04 9.999995584763350376e-01 -8.859999999999999874e-05
9.991597459591764485e-01 -9.883302395567364730e-05 -4.098526914425962980e-02 -5.038499999999999576e-03 -1.224279793215953200e-04 9.999854339678112547e-01 -5.396004410499302337e-03 -1.837999999999999953e-04 4.098520545494317019e-02 5.396488139672361850e-03 9.991451800662276561e-01 3.802149999999999974e-02
9.983595972504136773e-01 -3.202046639583155051e-05 -5.725481248490395247e-02 -7.242400000000000400e-03 -2.639245236469347491e-04 9.999866453614989492e-01 -5.161341153368637948e-03 -4.708000000000000054e-04 5.725421313613172913e-02 5.167985424260672540e-03 9.983462560679120523e-01 5.002170000000000227e-02
8.154383483126534937e-01 1.649414578158459391e-02 -5.786088862574332303e-01 -1.438364000000000031e-01 -2.084015631061594473e-02 9.997824419536736062e-01 -8.698540672424587630e-04 -5.322799999999999927e-03 5.784686577387581075e-01 1.276761199618154860e-02 8.156046837149932838e-01 3.111871999999999971e-01
7.097984330145459264e-01 1.438120328900312217e-02 -7.042580247906696789e-01 -1.983768999999999949e-01 -1.748994134214152535e-02 9.998431476754787717e-01 2.789623314911329408e-03 -6.273899999999999789e-03 7.041876784224100350e-01 1.033736128569636044e-02 7.099386258823401352e-01 3.551309999999999745e-01
6.675203993569586158e-01 1.054329388652510899e-02 -7.445168603842017285e-01 -2.187804999999999889e-01 -1.212981315095266327e-02 9.999210358551490208e-01 3.284765941268575924e-03 -6.322300000000000315e-03 7.444927024996615961e-01 6.838202131284543822e-03 6.675955773642918700e-01 3.698281999999999958e-01
4.744867661857324337e-01 1.365041090959046022e-02 -8.801567900076699980e-01 -3.179617000000000138e-01 -5.392736350361901354e-03 9.999060694727577303e-01 1.260042166739921109e-02 -7.190600000000000117e-03 8.802461173497228009e-01 -1.232279814048681948e-03 4.745158104607246630e-01 4.159284999999999788e-01
2.570908067427487564e-01 2.263294361855046344e-02 -9.661221801364058281e-01 -4.506860999999999784e-01 3.129048738044639885e-03 9.997009742847364766e-01 2.425223841511384842e-02 -7.213699999999999973e-03 9.663821843051315641e-01 -9.258070928011855050e-03 2.569431103967069197e-01 4.480504000000000153e-01
2.064885404689613957e-01 2.273353966672356577e-02 -9.781848847887700815e-01 -4.883335999999999788e-01 5.501870461405333063e-03 9.996872657013171626e-01 2.439467597755518025e-02 -6.725499999999999708e-03 9.784335501588362627e-01 -1.041906756123111427e-02 2.062988874296962649e-01 4.524872999999999812e-01
1.589580913944060314e-01 2.343083439902530346e-02 -9.870072548768896725e-01 -5.277882999999999880e-01 3.309884037882626640e-03 9.997000771120622131e-01 2.426521151345689686e-02 -6.306899999999999833e-03 9.872797829632203870e-01 -7.124031267652040575e-03 1.588328628798023612e-01 4.555360999999999994e-01
1.337046422454529933e-02 1.642644325623711724e-02 -9.997756761635931966e-01 -7.082315999999999612e-01 1.159670207999782994e-03 9.998641255626546931e-01 1.644340529929075312e-02 -4.215700000000000176e-03 9.999099388702110680e-01 -1.379266028613626745e-03 1.334959826337411837e-02 4.553581999999999907e-01
-1.317765719395419706e-02 1.445606290632243073e-02 -9.998086674939997698e-01 -7.570797000000000221e-01 2.602899189047911538e-04 9.998955032287888400e-01 1.445388778167264188e-02 -3.794599999999999970e-03 9.999131370274304542e-01 -6.977173867555620801e-05 -1.318004293876684496e-02 4.525589999999999891e-01
-3.395073878454452077e-02 1.214797487926108296e-02 -9.993496755602200299e-01 -8.078737000000000279e-01 -2.589416064760164879e-04 9.999259849951033230e-01 1.216377740741091118e-02 -3.278399999999999891e-03 9.994234739514720189e-01 6.717424398131974922e-04 -3.394508030431642176e-02 4.493260000000000032e-01
-7.291578242484381134e-02 1.296339306334781498e-02 -9.972538488838524895e-01 -9.713009999999999700e-01 -8.720641231433831631e-05 9.999154358348437688e-01 1.300436750696622873e-02 -2.651099999999999984e-03 9.973380976722057145e-01 1.035190562038486133e-03 -7.290848587157583438e-02 4.365993000000000235e-01
-7.951932735045809386e-02 1.455793580314902400e-02 -9.967270153271065025e-01 -1.028796999999999962e+00 -1.930628990579785938e-03 9.998892287239616872e-01 1.475814871526316165e-02 -2.899500000000000167e-03 9.968314547853268648e-01 3.097868130260332184e-03 -7.948241292019320170e-02 4.309624000000000232e-01
-8.406804903201776924e-02 1.554636947085681967e-02 -9.963387343309632049e-01 -1.087827400000000111e+00 -1.903969493621131964e-03 9.998739563081943116e-01 1.576218248740999042e-02 -2.588299999999999976e-03 9.964581968312155036e-01 3.222094485682440446e-03 -8.402785297154580224e-02 4.257529999999999926e-01
-8.455388262618275530e-02 1.827674017129036349e-02 -9.962512743788832781e-01 -1.210920299999999949e+00 2.203788124925110115e-03 9.998327483226076007e-01 1.815540414206063061e-02 -1.353599999999999942e-03 9.964164712863482487e-01 -6.604168170589834463e-04 -8.458001891043531728e-02 4.152185999999999932e-01
-8.300171352102057865e-02 2.087028303095710136e-02 -9.963308420593944836e-01 -1.274640599999999901e+00 1.491082742629525060e-03 9.997821625502890663e-01 2.081836013047011838e-02 -1.198000000000000063e-03 9.965482889578552994e-01 2.423478389824151868e-04 -8.301475195828678100e-02 4.097815000000000207e-01
-8.114757159716977364e-02 2.072709907923575567e-02 -9.964865573542085464e-01 -1.340058999999999889e+00 -8.077435130416834447e-04 9.997820505298682381e-01 2.086142345836129730e-02 -6.294999999999999598e-04 9.967017704279952373e-01 2.497759406242344021e-03 -8.111314334711228202e-02 4.037247999999999948e-01
-7.950893035338371662e-02 1.821792591557503532e-02 -9.966676663609568276e-01 -1.406505600000000022e+00 -2.801967248523571340e-03 9.998249496402974446e-01 1.849916366528178702e-02 -1.028999999999999940e-04 9.968302157206105907e-01 4.263478874264554214e-03 -7.944396625477434526e-02 3.979925000000000268e-01
-7.467429176667846058e-02 2.427926981008203186e-02 -9.969123668641262093e-01 -1.617854499999999973e+00 -4.030545467497037571e-03 9.996880475080537343e-01 2.464878035055011185e-02 3.055500000000000056e-03 9.971998319556514279e-01 5.858730837345695747e-03 -7.455313823439035925e-02 3.816159000000000079e-01
-7.280751304948239466e-02 2.671021524099051470e-02 -9.969882799939672191e-01 -1.690748700000000104e+00 -4.398290637253467888e-03 9.996229973159225235e-01 2.710199764964450753e-02 3.146700000000000105e-03 9.973363129270985672e-01 6.358273264892438936e-03 -7.266258513202827896e-02 3.760774000000000061e-01
-7.102485533486327385e-02 2.598033143402081468e-02 -9.971361453198054337e-01 -1.764795099999999950e+00 -6.069217250490659479e-03 9.996309815673383170e-01 2.647763759639789466e-02 4.333899999999999905e-03 9.974560815026535243e-01 7.932406274155820794e-03 -7.084096557835473096e-02 3.704139000000000181e-01
-6.782790933893102781e-02 2.226985613684840867e-02 -9.974484589302614612e-01 -1.917966599999999966e+00 -9.571131597886087944e-03 9.996903208547380792e-01 2.297076031146506186e-02 7.081200000000000168e-03 9.976511254715474397e-01 1.110476911038258546e-02 -6.759375672619027942e-02 3.587468999999999797e-01
-6.625767172983003384e-02 2.448449278324566283e-02 -9.975020955116281618e-01 -1.996933199999999964e+00 -6.698879624569348962e-03 9.996654424513649051e-01 2.498255752104571598e-02 8.538399999999999809e-03 9.977800589051265545e-01 8.337432558289113380e-03 -6.607148605577428668e-02 3.537256999999999763e-01
-6.528676339021685648e-02 2.679255904384264531e-02 -9.975067906064158940e-01 -2.076209500000000041e+00 -4.738856817600405405e-03 9.996198808707805750e-01 2.715947355801978658e-02 9.112300000000000261e-03 9.978552909926829972e-01 6.500195979253206580e-03 -6.513498054148147975e-02 3.485467999999999900e-01
-6.287139837881598747e-02 2.349059839266318811e-02 -9.977451473462787268e-01 -2.238574700000000028e+00 -4.022413270556376638e-03 9.997088785770966712e-01 2.379029814030614309e-02 1.164910000000000077e-02 9.980135306985439270e-01 5.509072633248884160e-03 -6.275860627315210660e-02 3.371179000000000259e-01
-6.266773065377227725e-02 1.643294404022243790e-02 -9.978991501574081546e-01 -2.318633800000000189e+00 -2.458591460560989074e-03 9.998588619128382371e-01 1.661961438764248192e-02 1.215019999999999989e-02 9.980314177733768943e-01 3.494939847092408229e-03 -6.261848395425184677e-02 3.322366999999999959e-01
-6.289727440494675970e-02 1.179281179986280473e-02 -9.979503306589371237e-01 -2.401174500000000211e+00 7.549259443315331497e-04 9.999304622905372808e-01 1.176863077214604023e-02 1.318910000000000048e-02 9.980197207266233717e-01 -1.316379672249446547e-05 -6.290180337213746586e-02 3.272634999999999850e-01
-6.329172300113240779e-02 2.022377119471113760e-02 -9.977901366911843262e-01 -2.568241399999999786e+00 1.205569770375574182e-03 9.997954758249328888e-01 2.018794495546311421e-02 1.394519999999999961e-02 9.979943408662581561e-01 7.482419410947266369e-05 -6.330315948089237921e-02 3.155128999999999850e-01
-6.392064219940216119e-02 3.242227911893945380e-02 -9.974281664949857795e-01 -2.738126299999999791e+00 -2.142497833049390038e-03 9.994653404363015303e-01 3.262580220597224162e-02 1.589389999999999900e-02 9.979526848522684013e-01 4.222449914614354385e-03 -6.381700175397764241e-02 3.032886000000000193e-01
-6.432258711749891389e-02 3.290078481354091061e-02 -9.973866567912188508e-01 -2.822661899999999946e+00 -3.737326084383455968e-03 9.994414217683708079e-01 3.320958968967172020e-02 1.683729999999999949e-02 9.979221598803438287e-01 5.863685894592138639e-03 -6.416369695925272509e-02 2.972692000000000112e-01
-6.469447765179595078e-02 2.653654006563360007e-02 -9.975522224939937788e-01 -2.989618800000000132e+00 -4.049918313723055788e-03 9.996311491524456638e-01 2.685449321460389033e-02 1.924779999999999894e-02 9.978968998463787488e-01 5.777342425896054082e-03 -6.456314421928732727e-02 2.849511000000000127e-01
-6.471093405405403676e-02 3.020357146684918281e-02 -9.974468603812929324e-01 -3.157152200000000075e+00 -6.599778497009088987e-03 9.995070352572844596e-01 3.069412639225692699e-02 2.124149999999999996e-02 9.978822264864937175e-01 8.569173929869829814e-03 -6.447969696359745484e-02 2.728422999999999821e-01
-6.464631081173767557e-02 2.315444415985903892e-02 -9.976395773094008934e-01 -3.323365200000000019e+00 -7.878075287491213136e-03 9.996877784929013577e-01 2.371247481163648793e-02 2.332019999999999926e-02 9.978771419509502305e-01 9.392403716612925807e-03 -6.444371438881624226e-02 2.619298999999999933e-01
-6.382698960124920384e-02 1.958883353319408951e-02 -9.977687071657693751e-01 -3.487953399999999871e+00 -8.762965144468760903e-03 9.997577891527549276e-01 2.018844893181537953e-02 2.491399999999999865e-02 9.979225049272707482e-01 1.003198032317162772e-02 -6.363987374654855866e-02 2.503613000000000088e-01
-6.257095461556246019e-02 2.719083319762635037e-02 -9.976700527872508495e-01 -3.653193499999999982e+00 -8.019840611237056063e-03 9.995828353105348230e-01 2.774594581416371664e-02 2.525669999999999998e-02 9.980082954540345774e-01 9.737245122262106964e-03 -6.232678607437902585e-02 2.390938999999999981e-01
-6.182395572936168898e-02 3.584756113034100883e-02 -9.974431065775031247e-01 -3.820491599999999988e+00 -7.719256248346691163e-03 9.993077404905914563e-01 3.639303337949354594e-02 2.738200000000000009e-02 9.980572185906708693e-01 9.949480217329718587e-03 -6.150444099785545848e-02 2.274355999999999878e-01
-6.125074614281714874e-02 3.138603095997898051e-02 -9.976288203322554171e-01 -3.984051000000000009e+00 -7.677508208761497227e-03 9.994610976336051333e-01 3.191504636897238290e-02 2.979559999999999848e-02 9.980928824336203764e-01 9.614123860680104036e-03 -6.097677146044166996e-02 2.167538999999999993e-01
-6.066225371708174052e-02 2.424570153873073508e-02 -9.978638368689685123e-01 -4.146301700000000423e+00 -1.234391619898392994e-02 9.996102734664029654e-01 2.503854854609929848e-02 3.159069999999999934e-02 9.980820200298354816e-01 1.383644236491805846e-02 -6.033932511924078312e-02 2.053630999999999929e-01
-6.197062053840047408e-02 2.051193541176241433e-02 -9.978671768806453013e-01 -4.310714700000000121e+00 -1.314420447617700889e-02 9.996853209093856663e-01 2.136560429725678847e-02 3.286929999999999713e-02 9.979914188402492226e-01 1.444020996946361948e-02 -6.168150660663029861e-02 1.941182999999999936e-01
-6.437056169785215776e-02 1.527300284889088200e-02 -9.978091832463161781e-01 -4.470925300000000213e+00 -5.511224762388159011e-03 9.998621864248538049e-01 1.565996677293136560e-02 3.311780000000000279e-02 9.979108463125957451e-01 6.507191536188697452e-03 -6.427751760911359913e-02 1.847110999999999892e-01
-6.813250797546742399e-02 2.508220413381459513e-02 -9.973609398772153023e-01 -4.632568400000000253e+00 -2.775149720710632859e-03 9.996752924840358601e-01 2.532998501746515710e-02 3.299830000000000124e-02 9.976724211388227070e-01 4.493621339968865286e-03 -6.804077796624952157e-02 1.738928999999999891e-01
-7.149459592074473846e-02 2.758110139757704096e-02 -9.970595797643321268e-01 -4.793725000000000236e+00 -1.065959368040086258e-03 9.996149305306785138e-01 2.772822372191558610e-02 3.413100000000000162e-02 9.974404175111192261e-01 3.045243150142257563e-03 -7.143766520121852537e-02 1.619164999999999910e-01
-7.343631338884483439e-02 2.026542413616188795e-02 -9.970939877766974435e-01 -4.949637400000000298e+00 -9.232051593020752095e-03 9.997368692471481078e-01 2.099908310604344311e-02 3.461960000000000037e-02 9.972571770106440914e-01 1.074731838609907855e-02 -7.322989859523665324e-02 1.485061000000000020e-01
-7.487866776047333306e-02 1.961334513762512041e-02 -9.969997501538951923e-01 -5.104786400000000057e+00 -1.507231545071071113e-02 9.996700825729122331e-01 2.079786805470598687e-02 3.472469999999999724e-02 9.970787383258010728e-01 1.658441139079375876e-02 -7.455834545810413605e-02 1.347029999999999894e-01
-7.636406548358951052e-02 2.108406597003476685e-02 -9.968570567864729615e-01 -5.181261499999999742e+00 -1.452694129763447591e-02 9.996467589772314311e-01 2.225590355056136088e-02 3.498369999999999952e-02 9.969741709188624235e-01 1.618083522220128273e-02 -7.603080357433322778e-02 1.290991999999999973e-01
-7.756749417191990958e-02 2.038707857673788953e-02 -9.967786368472165703e-01 -5.333957700000000024e+00 -1.781525497668110664e-02 9.996029289889799552e-01 2.183119435047252421e-02 3.497179999999999733e-02 9.968279192207675221e-01 1.945125661128811051e-02 -7.717349336551260208e-02 1.157842000000000038e-01
-7.868623784285860845e-02 2.459332658951282613e-02 -9.965960286201216434e-01 -5.484147100000000385e+00 -1.473078721386088079e-02 9.995578230450480328e-01 2.582948504140968743e-02 3.627890000000000281e-02 9.967905897841315976e-01 1.671306903910874803e-02 -7.828916554094156321e-02 1.042185999999999946e-01
-7.947190043141870441e-02 3.076366219827699616e-02 -9.963622906001458057e-01 -5.631635700000000355e+00 -1.434834705478365245e-02 9.993848271821457185e-01 3.200143957556105673e-02 3.728660000000000307e-02 9.967338370791946067e-01 1.683936715744113743e-02 -7.898160377659302345e-02 9.223599999999999854e-02
-8.003266938072939318e-02 2.874903717564624914e-02 -9.963775713519790189e-01 -5.778842400000000268e+00 -1.349827980346095593e-02 9.994610828309571371e-01 2.992223836410084006e-02 3.850520000000000331e-02 9.967008419150363840e-01 1.584413985812735751e-02 -7.960147585323884556e-02 7.898769999999999403e-02
-7.862540806626093504e-02 2.019516056138193766e-02 -9.966996542069801457e-01 -5.987020499999999856e+00 -1.420293115005059892e-02 9.996706224124018991e-01 2.137576740956754692e-02 3.914369999999999655e-02 9.968030507342764412e-01 1.583673500128771408e-02 -7.831268014401060462e-02 6.148699999999999999e-02
-7.242869558013470543e-02 2.028518605023091337e-02 -9.971672855060318419e-01 -6.117887500000000145e+00 -1.687546592581479904e-02 9.996251023049503859e-01 2.156092511011359000e-02 3.884950000000000209e-02 9.972308171663906151e-01 1.838929223012077466e-02 -7.205922026311684103e-02 5.115139999999999965e-02
-6.628534561245244539e-02 2.189151056837788240e-02 -9.975605318586298065e-01 -6.182542299999999713e+00 -1.600655621641360049e-02 9.996073174712679643e-01 2.300002208665145181e-02 3.909429999999999850e-02 9.976723124929991471e-01 1.749207314557834486e-02 -6.590890882074451618e-02 4.605179999999999690e-02
-5.060953105850148070e-02 2.483416588942043840e-02 -9.984097052666379701e-01 -6.305256800000000439e+00 -1.619952105065034648e-02 9.995388627045721508e-01 2.568340828199937309e-02 3.905789999999999956e-02 9.985871273373033707e-01 1.747358428677654035e-02 -5.018389152312530133e-02 3.967720000000000274e-02
-3.868316592838697693e-02 2.658403299668439176e-02 -9.988978435572820613e-01 -6.364036600000000377e+00 -1.849199883327442770e-02 9.994558202848340400e-01 2.731500096869588293e-02 3.905159999999999881e-02 9.990804065003514589e-01 1.952824847242770959e-02 -3.817052342701188206e-02 3.728560000000000207e-02
-5.234700068143147492e-03 2.953684149764890590e-02 -9.995499851981087813e-01 -6.477234400000000392e+00 -2.289706580339772105e-02 9.992980750254412126e-01 2.964931075155751578e-02 3.955029999999999657e-02 9.997241230923618049e-01 2.304196703387788314e-02 -4.554718698034809776e-03 3.567649999999999988e-02
1.059016264470847013e-01 3.011374323786372709e-02 -9.939205239776800482e-01 -6.677083500000000171e+00 -2.005318443898897879e-02 9.994027370085860618e-01 2.814318840506271555e-02 4.047549999999999759e-02 9.941743887818264014e-01 1.695086215951810762e-02 1.064422517721745898e-01 5.232169999999999876e-02
1.436316755186518301e-01 3.047766266875907848e-02 -9.891617935737073708e-01 -6.721361599999999825e+00 -1.912393351074091058e-02 9.994244965709223605e-01 2.801697380223659717e-02 4.050789999999999946e-02 9.894464194461372042e-01 1.489253948149139861e-02 1.441318677913068225e-01 6.054999999999999966e-02
2.289708653905346836e-01 3.092235923600804987e-02 -9.729420077792864108e-01 -6.807328700000000232e+00 -1.765268186493493263e-02 9.994628663843292404e-01 2.761089534578169830e-02 4.137330000000000174e-02 9.732732019455200279e-01 1.085294513482766739e-02 2.293937400118306602e-01 8.392320000000000335e-02
5.704172170153115617e-01 8.311324491330138176e-03 -8.213130465405422687e-01 -7.058351000000000042e+00 1.490410735312289181e-02 9.996794232604258035e-01 2.046749358639242747e-02 4.109209999999999946e-02 8.212198646626331922e-01 -2.391594854698936637e-02 5.701104816512185813e-01 2.319816000000000100e-01
6.133476287323038623e-01 1.907081745171278556e-03 -7.898107680752884940e-01 -7.088457100000000288e+00 2.532986988552333313e-02 9.994351923089671574e-01 2.208379645623551740e-02 4.079800000000000093e-02 7.894067924841047246e-01 -3.355084817937121350e-02 6.129528991418528028e-01 2.612913000000000041e-01
6.550573272893558396e-01 -3.113807049205670474e-03 -7.555727643120720982e-01 -7.116633400000000442e+00 2.697667393058842539e-02 9.994503302412491852e-01 1.926905405827759529e-02 4.078149999999999831e-02 7.550974486966356425e-01 -3.300517514448954304e-02 6.547812622437458874e-01 2.910814999999999930e-01
8.429072314548153866e-01 -1.937756858185504805e-02 -5.377098743718899954e-01 -7.241883800000000093e+00 1.617324170718766746e-02 9.998121911910935466e-01 -1.067748089884291464e-02 4.120889999999999970e-02 5.378157913392458411e-01 3.036140967972618399e-04 8.430623241520291966e-01 4.694785000000000208e-01
8.728393437384303066e-01 -1.789202749673957440e-02 -4.876795621864034036e-01 -7.263705299999999809e+00 1.343286000660521770e-02 9.998298802458644996e-01 -1.263996992018542528e-02 4.076079999999999981e-02 4.878227529485572589e-01 4.481731763075665238e-03 8.729311976244717997e-01 5.135851999999999640e-01
8.981423104888298647e-01 -1.622867599610586589e-02 -4.394053028642232461e-01 -7.284227399999999797e+00 1.273063813079704579e-02 9.998594772788024221e-01 -1.090672033851872169e-02 3.959719999999999906e-02 4.395205580659101163e-01 4.201877101175011640e-03 8.982227024887856626e-01 5.606948000000000487e-01
9.187368255651542359e-01 -9.867401867238246096e-03 -3.947471085782058298e-01 -7.303453000000000195e+00 6.648343648006137599e-03 9.999325662299631823e-01 -9.521686799004891455e-03 3.847690000000000138e-02 3.948144436025630144e-01 6.123509871858685144e-03 9.187404735558610813e-01 6.092861000000000526e-01
9.355489056861303609e-01 -5.398737532103026378e-03 -3.531559127390387354e-01 -7.321586599999999834e+00 1.657836776373139594e-03 9.999392799521072961e-01 -1.089440159367350072e-02 3.786459999999999826e-02 3.531932851098771864e-01 9.606770629134075284e-03 9.355010493373977498e-01 6.599707999999999686e-01
9.703594221066015324e-01 -4.630886155521740741e-04 -2.416658384585552710e-01 -7.384153399999999756e+00 -2.848246575377277531e-04 9.999952779902960831e-01 -3.059881047523701960e-03 3.426900000000000085e-02 2.416661143061989980e-01 3.038016794667567581e-03 9.703547081609377178e-01 8.866716999999999516e-01
9.746898326888983055e-01 2.108619713751858776e-03 -2.235515237608331207e-01 -7.398674500000000265e+00 -2.239602479367957047e-03 9.999974368497401844e-01 -3.323773222928155563e-04 3.344910000000000244e-02 2.235502499073127314e-01 8.246313435364151755e-04 9.746920568823392861e-01 9.482684999999999587e-01
9.782922591026648185e-01 6.965076259211595497e-03 -2.071128762112773025e-01 -7.411607300000000009e+00 -6.863659574760046234e-03 9.999757148716788002e-01 1.208240090693145233e-03 3.273399999999999921e-02 2.071162619328726640e-01 2.395403480010205245e-04 9.783163070619722568e-01 1.011949399999999999e+00
9.810761681853141791e-01 1.092051981034237312e-02 -1.933139789717570611e-01 -7.423745600000000167e+00 -1.063237943505070116e-02 9.999402791332274720e-01 2.527978344872894301e-03 3.173390000000000238e-02 1.933300409309689494e-01 -4.247517333162188508e-04 9.811336885764319060e-01 1.077521900000000032e+00
9.859987723932623904e-01 9.413536063287073624e-03 -1.664866546536530323e-01 -7.446622399999999864e+00 -9.175448207699856557e-03 9.999554863584050324e-01 2.199193468859576058e-03 3.031690000000000079e-02 1.664999459134066662e-01 -6.408123835030162798e-04 9.860412554098949567e-01 1.212841700000000023e+00
9.883618700730473217e-01 9.933454421751969701e-03 -1.517963776542765042e-01 -7.457527599999999701e+00 -9.606633254424091009e-03 9.999496897687192298e-01 2.886265572897428553e-03 3.003230000000000136e-02 1.518174113309265771e-01 -1.394422709681667361e-03 9.884075724123541073e-01 1.283003099999999952e+00
9.904417902551457820e-01 1.164234490198190648e-02 -1.374391353340273236e-01 -7.467957499999999804e+00 -1.126070854422248253e-02 9.999302803800602657e-01 3.553986794604544787e-03 2.940500000000000058e-02 1.374709298697868454e-01 -1.972354997824840930e-03 9.905038380826692856e-01 1.354356399999999905e+00
9.945132377544076974e-01 1.090955529771107935e-02 -1.040403841517858335e-01 -7.493420099999999806e+00 -1.207728646170703676e-02 9.998708764943381455e-01 -1.060044763987910005e-02 2.617299999999999835e-02 1.039113039229459939e-01 1.179881102696939479e-02 9.945165805432220063e-01 1.577957499999999902e+00
9.953281838061345255e-01 1.091046926764775195e-02 -9.593105952475207421e-02 -7.501136299999999757e+00 -1.199795878691628688e-02 9.998700558002948657e-01 -1.076663823404747262e-02 2.520429999999999893e-02 9.580112476442680103e-02 1.186731537775534591e-02 9.953297500424649336e-01 1.654790299999999936e+00
9.959366402330510626e-01 1.279980009622728836e-02 -8.914243523035975114e-02 -7.508711299999999866e+00 -1.326199672880569620e-02 9.999014999370501311e-01 -4.594547464380950401e-03 2.368050000000000016e-02 8.907484540580135057e-02 5.758084849489651484e-03 9.960082913182995989e-01 1.732775200000000071e+00
9.963164421006297511e-01 1.717019100996915529e-02 -8.401625878735456687e-02 -7.516457599999999850e+00 -1.691633490818759619e-02 9.998499417170982895e-01 3.732514111044345738e-03 2.187199999999999908e-02 8.406773943205915478e-02 -2.297518007826247592e-03 9.964573932676635826e-01 1.811790000000000012e+00
9.966432047211465362e-01 1.778503324163235866e-02 -7.991254642267851815e-02 -7.523056500000000035e+00 -1.723533183978281230e-02 9.998228538675358879e-01 7.563347178895245618e-03 2.060079999999999897e-02 8.003290460513905191e-02 -6.160639315035887006e-03 9.967731841816847016e-01 1.889930600000000016e+00
9.969288551831555489e-01 1.641996765020055718e-02 -7.657181182112196560e-02 -7.529158100000000076e+00 -1.597939350594091215e-02 9.998520751800572537e-01 6.362919244771165009e-03 1.981480000000000047e-02 7.666496387780560862e-02 -5.119806685760019266e-03 9.970437657861942471e-01 1.967485099999999987e+00
9.971514509595742481e-01 1.646485791847154823e-02 -7.360633330726594481e-02 -7.534939299999999562e+00 -1.611622404516471069e-02 9.998559298466119794e-01 5.327933285347336012e-03 1.898460000000000078e-02 7.368345249607836933e-02 -4.126500247376940073e-03 9.972731425361692770e-01 2.045243500000000214e+00
9.975654733414710540e-01 1.293277145012959421e-02 -6.852641694722999555e-02 -7.545530799999999871e+00 -1.226437995818161451e-02 9.998731152740182315e-01 1.016554654070564272e-02 1.698850000000000013e-02 6.864919068166974725e-02 -9.300364232040172000e-03 9.975975099427139003e-01 2.201083399999999912e+00
9.979634228430784848e-01 1.009483452414124995e-02 -6.298492663532401226e-02 -7.555677400000000432e+00 -9.574175578580272974e-03 9.999175037628315055e-01 8.562758358046885718e-03 1.482039999999999920e-02 6.306617024457294995e-02 -7.942290893564058971e-03 9.979777443340330789e-01 2.354861699999999836e+00
9.981370572482257675e-01 1.270855028076887244e-02 -5.967334159918550457e-02 -7.565870799999999896e+00 -1.311566433580491770e-02 9.998932751947555708e-01 -6.435648322832480776e-03 1.288480000000000007e-02 5.958518521312498178e-02 7.206314596647234345e-03 9.981972123448610290e-01 2.506063000000000152e+00
9.983096229034472691e-01 1.543416613073956244e-02 -5.603287726170864957e-02 -7.575681699999999630e+00 -1.593585262319365675e-02 9.998367357461912519e-01 -8.517655403508220605e-03 9.471999999999999517e-03 5.589226618727162477e-02 9.396189027993889428e-03 9.983925912246151002e-01 2.658012199999999936e+00
9.983793446728778109e-01 1.864567151918711599e-02 -5.376823471301247354e-02 -7.580531599999999592e+00 -1.892017592369295634e-02 9.998104118686144126e-01 -4.600789294034722011e-03 7.684200000000000405e-03 5.367225608795977293e-02 5.610637460232987921e-03 9.985428431838657692e-01 2.733954900000000077e+00
9.986038096338299974e-01 1.942890828680541096e-02 -4.912177630730051037e-02 -7.589375500000000052e+00 -1.933033586535569046e-02 9.998100733382973004e-01 2.481001128825364912e-03 4.649200000000000034e-03 4.916064991570096021e-02 -1.527996744627851348e-03 9.987897154685837497e-01 2.886180599999999874e+00
9.987901739632876197e-01 1.519590970985575974e-02 -4.676828757262099789e-02 -7.596359699999999826e+00 -1.510490787020063626e-02 9.998832722471027168e-01 2.298616683752711855e-03 1.347499999999999956e-03 4.679775798708966927e-02 -1.589405082408797132e-03 9.989031202468363624e-01 3.037222100000000147e+00
9.989021212967633678e-01 1.245198521232744431e-02 -4.516082520391098004e-02 -7.603448400000000440e+00 -1.249996117979749501e-02 9.999215681453075266e-01 -7.800822601271089566e-04 -8.086999999999999788e-04 4.514756958386329649e-02 1.343734386323450084e-03 9.989794248824993561e-01 3.188485399999999803e+00
9.989454260782456574e-01 1.400267270848953166e-02 -4.372597482470996083e-02 -7.610861299999999829e+00 -1.399834262651168323e-02 9.999019362866522487e-01 4.052331605640766433e-04 -3.288999999999999823e-03 4.372736124056689905e-02 2.072853650337985493e-04 9.990434799905929530e-01 3.342260800000000032e+00
9.988752437983750010e-01 1.338896400157591274e-02 -4.548607445912714736e-02 -7.618582199999999638e+00 -1.343828599670619448e-02 9.999093989393724735e-01 -7.787054472540115829e-04 -5.373499999999999804e-03 4.547152731333625048e-02 1.389084470922196919e-03 9.989646693693051693e-01 3.496367199999999897e+00
9.986504687748323228e-01 1.314019325826805765e-02 -5.024516431402199085e-02 -7.627123799999999676e+00 -1.316252844833734961e-02 9.999133637113352124e-01 -1.136500314069202751e-04 -8.214600000000000721e-03 5.023931787608598015e-02 7.748500618154944512e-04 9.987369075721229672e-01 3.653874200000000183e+00
9.982899135454217365e-01 1.748484920110136148e-02 -5.578107709509658868e-02 -7.637667200000000101e+00 -1.782308299730444440e-02 9.998256309171041911e-01 -5.571846523875303471e-03 -1.036270000000000073e-02 5.567392770359893411e-02 6.556508951352779495e-03 9.984274765672392915e-01 3.811335800000000162e+00
9.980385620899220322e-01 1.747040849118666403e-02 -6.011500152733961072e-02 -7.648732700000000051e+00 -1.812559444279280077e-02 9.997819304012185437e-01 -1.037084708731192059e-02 -1.332329999999999973e-02 5.992070933806082494e-02 1.144012545228767150e-02 9.981375817601797484e-01 3.971368099999999846e+00
9.977946794284561216e-01 1.614304314007270966e-02 -6.438307124114492352e-02 -7.660123800000000038e+00 -1.669573325584500570e-02 9.998281650935133547e-01 -8.055605302393610556e-03 -1.726940000000000072e-02 6.424196599820294895e-02 9.112762693938226272e-03 9.978927434152278231e-01 4.133598300000000059e+00
9.976149114734822465e-01 1.522381655633749283e-02 -6.732550642375523253e-02 -7.671535000000000437e+00 -1.543944306476773866e-02 9.998772035336356279e-01 -2.683552050261224075e-03 -2.011790000000000106e-02 6.727638518533762824e-02 3.716619864292055892e-03 9.977274551365109545e-01 4.298243000000000258e+00
9.976151774877888290e-01 1.483936136643726478e-02 -6.740735123296244524e-02 -7.683923700000000245e+00 -1.459102710140738890e-02 9.998848292347675137e-01 4.174948417137130767e-03 -2.265189999999999912e-02 6.746154144498679728e-02 -3.181449417490380197e-03 9.977168029082552625e-01 4.465499900000000189e+00
9.976952186338733375e-01 1.788933115879193930e-02 -6.545397272739711392e-02 -7.690297100000000441e+00 -1.762731332923747618e-02 9.998341440463500707e-01 4.578452128783080770e-03 -2.360750000000000001e-02 6.552502224265671638e-02 -3.414122111721764989e-03 9.978450857875212909e-01 4.549805600000000005e+00
9.979702608655054430e-01 1.587183817765001545e-02 -6.167206159110796837e-02 -7.701468900000000062e+00 -1.584525488750809438e-02 9.998740327045738674e-01 9.201199066554259249e-04 -2.587129999999999985e-02 6.167889692256844913e-02 5.895723207674405083e-05 9.980960425722866791e-01 4.718096300000000021e+00
9.982350393058843085e-01 1.083879480194862785e-02 -5.838944107645534232e-02 -7.711551199999999717e+00 -1.091639567722221121e-02 9.999399040911267633e-01 -1.010203764912723538e-03 -2.826870000000000077e-02 5.837498271860920573e-02 1.645823037137043041e-03 9.982933700366503071e-01 4.886908499999999655e+00
9.983838743539104055e-01 5.883164529917235715e-03 -5.652457700141801100e-02 -7.721119400000000077e+00 -5.646949013754298981e-03 9.999746473898477594e-01 4.337804097203342389e-03 -3.145760000000000223e-02 5.654866397105566544e-02 -4.011602256403102272e-03 9.983917846469015922e-01 5.056410299999999580e+00
9.984805812096299027e-01 6.653876067495682195e-03 -5.470150711413774430e-02 -7.731818200000000196e+00 -6.586288965875031903e-03 9.999773079729188385e-01 1.415746054979806793e-03 -3.428230000000000166e-02 5.470968602484981708e-02 -1.053315011098898040e-03 9.985017480117647226e-01 5.222182300000000055e+00
9.985418434997291870e-01 1.070278149128529865e-02 -5.291159843089242309e-02 -7.742278599999999678e+00 -1.122655133461346669e-02 9.998907842331850038e-01 -9.611667424408642732e-03 -3.818850000000000022e-02 5.280294807388603850e-02 1.019166688505616751e-02 9.985529423124296367e-01 5.386506599999999700e+00
9.985141635526778581e-01 1.555321198838862523e-02 -5.222607377106155274e-02 -7.747674899999999809e+00 -1.637991452027876688e-02 9.997466396245958675e-01 -1.543874864219221821e-02 -4.045370000000000216e-02 5.197271962293757014e-02 1.627126781085836554e-02 9.985159399122394142e-01 5.467929800000000284e+00
9.986184100349345671e-01 1.248847393007069748e-02 -5.104222916563667251e-02 -7.757235099999999939e+00 -1.302994601498205091e-02 9.998621653873708270e-01 -1.028935050061975318e-02 -4.515960000000000113e-02 5.090669549426755230e-02 1.094021232773364355e-02 9.986434899943412713e-01 5.632301799999999581e+00
9.986077499500407573e-01 1.185854107376991921e-02 -5.139977376719284674e-02 -7.761995299999999709e+00 -1.193356736995635804e-02 9.999281276942802998e-01 -1.153002878520349543e-03 -4.755149999999999655e-02 5.138240661494561379e-02 1.764780273256437958e-03 9.986774924073554827e-01 5.713838100000000253e+00
9.984500355814568406e-01 8.127562532585598520e-03 -5.505877926967224500e-02 -7.771336100000000080e+00 -7.894589533037035117e-03 9.999589466160642148e-01 4.447531742018545793e-03 -5.113170000000000215e-02 5.509266651281675975e-02 -4.005971763543923932e-03 9.984732095989041767e-01 5.876111500000000376e+00
9.983666332833454060e-01 3.254499712052115294e-03 -5.703923016751263203e-02 -7.775815999999999839e+00 -3.210058424694974509e-03 9.999944686508103198e-01 8.707426104165352223e-04 -5.231029999999999708e-02 5.704174849518794249e-02 -6.862211070805681419e-04 9.983715581030961905e-01 5.955587399999999754e+00
9.982198179295721507e-01 1.903093292172993931e-03 -5.961185560417602697e-02 -7.780938100000000190e+00 -1.953188872881878122e-03 9.999977866796454506e-01 -7.821055154182251969e-04 -5.382830000000000253e-02 5.961023524428247372e-02 8.971464382604126941e-04 9.982213256499731235e-01 6.035017999999999994e+00
9.980521014223590059e-01 3.954924503678595646e-03 -6.226043220684733537e-02 -7.786477600000000443e+00 -4.153113440869788536e-03 9.999867118715828340e-01 -3.054133102383327185e-03 -5.567819999999999714e-02 6.224752601638475213e-02 3.306758598689888383e-03 9.980552644279822028e-01 6.113219700000000145e+00
9.978427474015197918e-01 5.790443503462291107e-03 -6.539359465742738964e-02 -7.792628800000000133e+00 -6.230999253467337483e-03 9.999592330980660027e-01 -6.535043246292890524e-03 -5.738010000000000332e-02 6.535308796445654655e-02 6.928412946760620535e-03 9.978381486932382805e-01 6.191172599999999804e+00
9.975708650339112360e-01 6.395701151685516742e-03 -6.936471900233191767e-02 -7.798825700000000083e+00 -7.109910025147440221e-03 9.999241759078165703e-01 -1.005443258011827837e-02 -5.928289999999999949e-02 6.929515433945181158e-02 1.052318591739994508e-02 9.975406979884176017e-01 6.269170299999999862e+00
9.973407845459192345e-01 8.281316419764090178e-03 -7.240703888218448514e-02 -7.805114699999999850e+00 -9.311329369388223268e-03 9.998600437435671839e-01 -1.389935503852083622e-02 -6.175390000000000046e-02 7.228180010697850266e-02 1.453659944649476378e-02 9.972783105281228799e-01 6.346745499999999929e+00
9.970658074820822891e-01 1.267286296500786530e-02 -7.549287446092672882e-02 -7.812305000000000277e+00 -1.376143415733259781e-02 9.998084543314268435e-01 -1.391680916505057264e-02 -6.393550000000000622e-02 7.530204831235676188e-02 1.491486478896701315e-02 9.970492206146546188e-01 6.423724199999999662e+00
9.967333053534366272e-01 1.623239935104367829e-02 -7.911527798422353375e-02 -7.819493300000000424e+00 -1.724913029068565404e-02 9.997769742522590875e-01 -1.218479623188141285e-02 -6.590659999999999574e-02 7.889984476174639882e-02 1.350966196119494749e-02 9.967910029340485423e-01 6.500931300000000412e+00
9.963789262188409435e-01 1.916196816945076389e-02 -8.283631065458184339e-02 -7.826958199999999977e+00 -1.977167197318402056e-02 9.997830904057066759e-01 -6.546229922577881909e-03 -6.796480000000000576e-02 8.269290401463867679e-02 8.160337902770957094e-03 9.965416662191993735e-01 6.578118800000000377e+00
9.960091212533083160e-01 1.944929145700515297e-02 -8.710657519402918714e-02 -7.834107399999999721e+00 -1.958689354726904017e-02 9.998078953927783674e-01 -7.251975117579570994e-04 -7.028619999999999313e-02 8.707573704184505547e-02 2.428450552013764526e-03 9.961987345136189553e-01 6.654015099999999627e+00
9.955635560913921323e-01 1.898264977873469900e-02 -9.215674033970269741e-02 -7.841511699999999863e+00 -1.878736853066403228e-02 9.998190424261182985e-01 2.986165737667033620e-03 -7.184219999999999495e-02 9.219674921793336031e-02 -1.241535137523360529e-03 9.957400353627183787e-01 6.729843599999999704e+00
9.943969511127660477e-01 1.687965341217819576e-02 -1.043541130876968065e-01 -7.858202499999999979e+00 -1.621092483664927225e-02 9.998422863596964083e-01 7.253159515362517760e-03 -7.432510000000000505e-02 1.044600858394036519e-01 -5.520843024351184368e-03 9.945137559424328533e-01 6.879571000000000325e+00
9.929040503546068264e-01 2.200362313080208784e-02 -1.168648251551090700e-01 -7.877085199999999787e+00 -2.150328824875502934e-02 9.997534250418035340e-01 5.540551567655716166e-03 -7.630720000000000558e-02 1.169579214243632870e-01 -2.988258071273257842e-03 9.931323753305960622e-01 7.027552100000000301e+00
9.913877617744488724e-01 2.295650454975459859e-02 -1.289313953337418439e-01 -7.897079899999999597e+00 -2.324127864617872574e-02 9.997296368347921014e-01 -7.044154067665907987e-04 -7.877989999999999993e-02 1.288803661181144034e-01 3.694879298665890502e-03 9.916532655602103841e-01 7.172530700000000259e+00
9.899985630528124192e-01 2.649561871028183191e-02 -1.385670499885383600e-01 -7.919451200000000135e+00 -2.632859609384478883e-02 9.996487245060508009e-01 3.038522857075212115e-03 -8.095399999999999818e-02 1.385988823226720901e-01 6.401426287562417446e-04 9.903483932618465380e-01 7.316454399999999580e+00
9.881421467687810933e-01 2.676663495180367502e-02 -1.511907571002329143e-01 -7.941889299999999707e+00 -2.560622741666203350e-02 9.996258455611181093e-01 9.617172334209096382e-03 -8.423049999999999982e-02 1.513916077484842859e-01 -5.631708406564831307e-03 9.884578215400758872e-01 7.458708800000000139e+00
9.870551574981185627e-01 2.403216908521741205e-02 -1.585703973174808490e-01 -7.953217999999999677e+00 -2.342660890942995303e-02 9.997093823520896150e-01 5.687251727154814598e-03 -8.520179999999999421e-02 1.586609909567214260e-01 -1.898864466708696970e-03 9.873312940762933865e-01 7.528744699999999845e+00
9.841487925871632569e-01 1.988495447944855360e-02 -1.762263959643360356e-01 -7.978218100000000312e+00 -2.077044207046488400e-02 9.997792094354805981e-01 -3.181370264982890435e-03 -8.732460000000000222e-02 1.761242254359863812e-01 6.791241853719662616e-03 9.843445211147660023e-01 7.667282600000000059e+00
9.822345316209138977e-01 1.930820654626855259e-02 -1.866615066140062118e-01 -7.992496499999999671e+00 -1.973519685140581736e-02 9.998051498385419622e-01 -4.293734585959128013e-04 -8.869570000000000232e-02 1.866168451578804066e-01 4.105547015601809097e-03 9.824241943208760208e-01 7.736816400000000371e+00
9.775050804214253652e-01 2.020256849445969949e-02 -2.099420729070984037e-01 -8.022245399999999194e+00 -1.778096676653283942e-02 9.997518940762065709e-01 1.341594245235621513e-02 -9.059119999999999673e-02 2.101610215314681229e-01 -9.381178884561545972e-03 9.776217768194331859e-01 7.874238000000000071e+00
9.722396180443109159e-01 2.453571928372810795e-02 -2.326974937215324779e-01 -8.055583999999999634e+00 -2.227185401895380445e-02 9.996756488644698013e-01 1.235158232615345478e-02 -9.222089999999999455e-02 2.329250729818732046e-01 -6.826093072279903508e-03 9.724707269783279262e-01 8.008614500000000191e+00
9.693678485632154507e-01 2.439902524827257738e-02 -2.443985714746657045e-01 -8.074264499999999956e+00 -2.435050525071445413e-02 9.996982953683059003e-01 3.220424155038838047e-03 -9.307799999999999407e-02 2.444034105039413207e-01 2.829453063329949794e-03 9.696695143859088706e-01 8.074317000000000633e+00
9.629329354483033843e-01 2.062770370989821730e-02 -2.689510358198496931e-01 -8.111594200000000754e+00 -2.058975080648305436e-02 9.997836203084342621e-01 2.962216178373847531e-03 -9.328599999999999393e-02 2.689539439953249067e-01 2.685219286602219795e-03 9.631492955958294022e-01 8.207720800000000594e+00
