9.999999422774017432e-01 -2.819657932333373608e-05 -3.386002750130153349e-04 1.329000000000000049e-04 2.820341904313563430e-05 9.999999993983600399e-01 2.019522515507943483e-05 -1.100000000000000056e-06 3.385997053730318228e-04 -2.020477367480287805e-05 9.999999424710016571e-01 -1.727999999999999990e-04
9.995945379329268521e-01 1.749013953708436660e-03 -2.842007538428059990e-02 -3.713600000000000061e-03 -1.869011183916627437e-03 9.999894490667886604e-01 -4.196254555522775306e-03 5.776000000000000535e-04 2.841243621819243906e-02 4.247670572217702306e-03 9.995872602043590627e-01 2.774899999999999936e-02
9.991107329140833659e-01 1.450952554619430171e-03 -4.213832118829034107e-02 -5.306400000000000179e-03 -1.668743292752110407e-03 9.999854298089918547e-01 -5.133757449349228043e-03 5.284000000000000502e-04 4.213025838641593773e-02 5.199510208673235011e-03 9.990985969472101491e-01 3.878460000000000241e-02
7.484932753748487766e-01 2.400616703534969032e-02 -6.627077188798253804e-01 -1.832967000000000068e-01 -2.723941999325936447e-02 9.996141090479856439e-01 5.444905015942179752e-03 -7.354000000000000294e-03 6.625826972665840309e-01 1.397629909785491446e-02 7.488583526585422812e-01 3.433438999999999797e-01
7.093533255020831874e-01 1.980254414146657982e-02 -7.045748497105619457e-01 -2.028117000000000114e-01 -2.118698153210350765e-02 9.997526221371302313e-01 6.768038378360454604e-03 -7.333600000000000015e-03 7.045345778687472915e-01 1.012688379798656890e-02 7.095974033294147887e-01 3.587165999999999966e-01
3.658322225650831871e-01 2.120812458858623364e-02 -9.304391438372131562e-01 -3.737541999999999809e-01 -3.722221830937622045e-03 9.997656711270365149e-01 2.132481888663202707e-02 -6.152099999999999756e-03 9.306733744970533406e-01 -4.338004995544668743e-03 3.658254388570126858e-01 4.315628000000000242e-01
2.584089125216844640e-01 2.637169213644837557e-02 -9.656756017334291453e-01 -4.423847000000000196e-01 3.331255060378962227e-03 9.995970468362318506e-01 2.818947846283833408e-02 -6.194899999999999712e-03 9.660298839420460304e-01 -1.050132420909448243e-02 2.582169349999576813e-01 4.447713999999999834e-01
1.607275566004605083e-01 2.789889576679614736e-02 -9.866044314537812943e-01 -5.182297000000000153e-01 3.740848988653011631e-03 9.995760267664075549e-01 2.887512359672217074e-02 -5.241700000000000179e-03 9.869917216461795428e-01 -8.331766251841909304e-03 1.605550468625474014e-01 4.523595000000000255e-01
1.184488455116221028e-01 2.832199513379020372e-02 -9.925561624354587442e-01 -5.588353000000000348e-01 1.953582198150491389e-03 9.995845608615335776e-01 2.875568124475885029e-02 -4.424299999999999934e-03 9.929582340227399717e-01 -5.345117294940360253e-03 1.183443078797808967e-01 4.537730999999999848e-01
1.576248552518061743e-02 2.149389392517721611e-02 -9.996447151733468539e-01 -6.920718000000000147e-01 2.375215523605818391e-03 9.997652963637105872e-01 2.153393921228517749e-02 -1.922400000000000107e-03 9.998729431289182790e-01 -2.713800050704014491e-03 1.570773338199704661e-02 4.529800999999999966e-01
-1.056054148061492427e-02 1.975230534912077521e-02 -9.997491292304443444e-01 -7.392465000000000286e-01 1.994843311940792258e-03 9.998033090481673879e-01 1.973230388209770356e-02 -1.502800000000000099e-03 9.999422461141429519e-01 -1.785959050408993110e-03 -1.059786707188037358e-02 4.505694000000000088e-01
-3.128466336514845736e-02 1.739455815528325594e-02 -9.993591442443060524e-01 -7.883824000000000387e-01 1.598414894914924542e-03 9.998481471513648300e-01 1.735303166038967143e-02 -6.273999999999999629e-04 9.995092370298300777e-01 -1.054506787669474976e-03 -3.130771642074370309e-02 4.475916999999999812e-01
-6.990420890410797838e-02 1.836855453020911841e-02 -9.973845786766313282e-01 -9.466468999999999578e-01 1.442716218222853120e-03 9.998312712552938075e-01 1.831249818940188304e-02 8.224000000000000407e-04 9.975526653502582164e-01 -1.588222084740915918e-04 -6.991891466621591444e-02 4.357853999999999894e-01
-7.638843022383996761e-02 1.985841196945258014e-02 -9.968803595226404246e-01 -1.002788100000000071e+00 1.281573107916513660e-04 9.998018320292889616e-01 1.990678895706267382e-02 9.303000000000000071e-04 9.970781269808505209e-01 1.392890853169856738e-03 -7.637583748431131525e-02 4.303694000000000131e-01
-8.100531439751572360e-02 2.087599745760716080e-02 -9.964950234544626140e-01 -1.059953799999999946e+00 2.319078291947839626e-04 9.997810007059968473e-01 2.092598494872471848e-02 1.621899999999999904e-03 9.967136425564359081e-01 1.464020992156393405e-03 -8.099241559810488322e-02 4.254061000000000092e-01
-8.125224701340957867e-02 2.359496319228787664e-02 -9.964142462185222593e-01 -1.179351299999999991e+00 4.253801537757194440e-03 9.997188539690935460e-01 2.332634114471279774e-02 3.616999999999999989e-03 9.966844924687795482e-01 -2.343230820198256500e-03 -8.132977155737020070e-02 4.158722000000000252e-01
-7.969293939501001511e-02 2.609093636799575400e-02 -9.964779467956250691e-01 -1.241215100000000016e+00 3.605170432491811017e-03 9.996584034135836960e-01 2.588588864144849774e-02 4.215799999999999582e-03 9.968129404039336450e-01 -1.529550275728805420e-03 -7.975977883130114243e-02 4.107827000000000006e-01
-7.779888603900929345e-02 2.600510683830346143e-02 -9.966298549358316716e-01 -1.304387100000000022e+00 1.270396922044858892e-03 9.996615245423626783e-01 2.598504264571763894e-02 5.015099999999999766e-03 9.969682639997869966e-01 7.554918713844963052e-04 -7.780558983313834442e-02 4.051521000000000150e-01
-7.624641296632246601e-02 2.349327989902293828e-02 -9.968121941014539411e-01 -1.368868100000000032e+00 -5.735653078307433733e-04 9.997211818157059060e-01 2.360571227152092819e-02 5.878900000000000271e-03 9.970888403410230749e-01 2.371587779177817407e-03 -7.621167914958304479e-02 3.998491000000000128e-01
-7.106932986914234196e-02 2.965488586001086696e-02 -9.970304599642783039e-01 -1.573041300000000087e+00 -1.616836889211726788e-03 9.995532260065332908e-01 2.984517077193358375e-02 9.536899999999999197e-03 9.974700678167862655e-01 3.733111913929417283e-03 -7.098963082741982511e-02 3.843446999999999836e-01
-6.921885814006531468e-02 3.189875765272031510e-02 -9.970913794321956125e-01 -1.643826199999999904e+00 -1.846710644113831387e-03 9.994828448711589042e-01 3.210346504743197271e-02 1.037139999999999937e-02 9.975997891627597092e-01 4.063504456474313978e-03 -6.912415347727440817e-02 3.792659999999999920e-01
-6.720302989763711488e-02 3.117544670611006180e-02 -9.972521467990187460e-01 -1.716319099999999986e+00 -3.660694391052056115e-03 9.994972901734863191e-01 3.149232053109061319e-02 1.178159999999999971e-02 9.977326055056798815e-01 5.767014698448645268e-03 -6.705512249124045976e-02 3.737500000000000266e-01
-6.391859761027623987e-02 2.777510575584729580e-02 -9.975685221476202624e-01 -1.864433299999999960e+00 -7.255955716058200278e-03 9.995732571002436950e-01 2.829584415875511724e-02 1.449519999999999975e-02 9.979287369277338726e-01 9.046943697263307854e-03 -6.368978586521045759e-02 3.632859999999999978e-01
-6.130166359266586013e-02 3.208459486136149702e-02 -9.976034707304068938e-01 -2.017702799999999907e+00 -2.467023550684845426e-03 9.994752907799260289e-01 3.229639167434447677e-02 1.740119999999999861e-02 9.981162356336921171e-01 4.440933794214490388e-03 -6.119034459343575261e-02 3.541103999999999918e-01
-5.989470218567415072e-02 3.384185787109984800e-02 -9.976308702651105476e-01 -2.095962000000000103e+00 -1.247602249924345541e-03 9.994218189010826148e-01 3.397751305021678991e-02 1.868749999999999925e-02 9.982039211196856998e-01 3.279719543489323375e-03 -5.981785102292347389e-02 3.491231000000000195e-01
-5.851281140103341272e-02 2.206090495524177034e-02 -9.980428685054079097e-01 -2.251351600000000008e+00 1.518276497341486397e-04 9.997559775109665647e-01 2.208987051697013093e-02 2.081840000000000079e-02 9.982866461344215292e-01 1.141009924373615966e-03 -5.850188241450537951e-02 3.394054000000000237e-01
-5.925340003003001094e-02 1.823999788210741574e-02 -9.980763182553438195e-01 -2.410785399999999967e+00 4.461037930121833882e-03 9.998279057254052526e-01 1.800716727684407992e-02 2.290330000000000144e-02 9.982330057283557156e-01 -3.385470426830931509e-03 -5.932457218153197598e-02 3.309238999999999931e-01
-5.884678227943874324e-02 3.297172408586528797e-02 -9.977223670070556327e-01 -2.573548999999999864e+00 2.309651785853584702e-03 9.994562168648610800e-01 3.289279676172221500e-02 2.431269999999999959e-02 9.982643546295661974e-01 -3.687559971450142526e-04 -5.889093559309555026e-02 3.199586999999999848e-01
-5.958879547918409514e-02 3.853601044900849953e-02 -9.974788976975973442e-01 -2.736546800000000168e+00 -1.068867935893440257e-03 9.992515281357898793e-01 3.866834674025167173e-02 2.715300000000000005e-02 9.982224366215556310e-01 3.370373415902325892e-03 -5.950300503639960326e-02 3.096167000000000225e-01
-6.018605342120891127e-02 3.229825353152329659e-02 -9.976645036245365139e-01 -2.897998100000000132e+00 -1.307916940289432367e-03 9.994729683758438732e-01 3.243570315650356334e-02 3.031079999999999885e-02 9.981863194448502563e-01 3.257039267947780051e-03 -6.011209003478712454e-02 2.990595999999999810e-01
-5.975706726276579922e-02 3.580192954179534093e-02 -9.975707066435128834e-01 -3.059525299999999781e+00 -3.712143889572670080e-03 9.993417266238502350e-01 3.608785690789765438e-02 3.324730000000000046e-02 9.982060473168334891e-01 5.859630495697707928e-03 -5.958482886236649012e-02 2.882172000000000067e-01
-5.921724300470641161e-02 2.902474797268904394e-02 -9.978230715593036093e-01 -3.219802599999999959e+00 -5.035163552424948286e-03 9.995558098842021177e-01 2.937396899870785977e-02 3.576519999999999699e-02 9.982324204607470053e-01 6.763647821893316661e-03 -5.904479493756853437e-02 2.780558000000000196e-01
-5.814033241748494535e-02 2.537652315161087815e-02 -9.979858384862583254e-01 -3.379660599999999793e+00 -5.836168882252457807e-03 9.996511490299135883e-01 2.575886985004018775e-02 3.811260000000000342e-02 9.982913607154788593e-01 7.322043151282195406e-03 -5.797194843136277420e-02 2.679154000000000257e-01
-5.672794859286720004e-02 3.288911157936309781e-02 -9.978478071269011318e-01 -3.539377500000000065e+00 -5.084627223732740217e-03 9.994347811161038431e-01 3.323048090836631246e-02 3.953999999999999876e-02 9.983767256974896975e-01 6.958781137945518544e-03 -5.652865601297696330e-02 2.581107999999999736e-01
-5.622468162613984688e-02 4.162299430182134913e-02 -9.975501548901636317e-01 -3.699412800000000168e+00 -4.217583585423151371e-03 9.991118222824546535e-01 4.192586986733713023e-02 4.236940000000000150e-02 9.984092333130433206e-01 6.564519844091086520e-03 -5.599919565919986297e-02 2.486192000000000124e-01
-5.555529102550080950e-02 3.720563979384115816e-02 -9.977621710641283448e-01 -3.857682200000000172e+00 -4.213553683229030733e-03 9.992878516042005277e-01 3.749714124596333076e-02 4.582540000000000224e-02 9.984467214651117084e-01 6.287289065417655393e-03 -5.535895945352864445e-02 2.392517999999999867e-01
-5.469175832985901514e-02 3.039195750412403835e-02 -9.980406507201280419e-01 -4.016047000000000367e+00 -9.133111700688830922e-03 9.994796315479718141e-01 3.093626337153615458e-02 4.829350000000000309e-02 9.984615154533758030e-01 1.080717538480000656e-02 -5.438572532155050432e-02 2.288353999999999944e-01
-5.567503154171124513e-02 2.665100545772959573e-02 -9.980931894221708456e-01 -4.173818100000000086e+00 -1.007045723642974178e-02 9.995778573782677645e-01 2.725239310814131163e-02 5.013469999999999732e-02 9.983981554239164113e-01 1.156853262793062706e-02 -5.538314092716123405e-02 2.193286999999999876e-01
-5.753093105891260439e-02 2.129509074182621420e-02 -9.981165819090432878e-01 -4.330073399999999850e+00 -2.478618189817831732e-03 9.997663527302090847e-01 2.147315534345800581e-02 5.155300000000000160e-02 9.983406474862993596e-01 3.709320535160360796e-03 -5.746470671467562852e-02 2.109464000000000061e-01
-6.115383365371550306e-02 3.120607215276040292e-02 -9.976404110150364213e-01 -4.486630899999999755e+00 5.102654217564259881e-04 9.995119900854853023e-01 3.123333643003944893e-02 5.247609999999999775e-02 9.981282223535478115e-01 1.400976855405315982e-03 -6.113991335615032163e-02 2.014853000000000061e-01
-6.377157100708298609e-02 3.392038522551411861e-02 -9.973878855277125144e-01 -4.641148600000000179e+00 1.857614942746679820e-03 9.994244909306628788e-01 3.387087531655966904e-02 5.430240000000000067e-02 9.979627928926073643e-01 3.072362904512487836e-04 -6.379788090406113277e-02 1.910084999999999977e-01
-6.591451245280162408e-02 2.658703387755878556e-02 -9.974710054320893304e-01 -4.793259100000000217e+00 -6.103713073997452457e-03 9.996155137759207276e-01 2.704753787708457508e-02 5.589329999999999993e-02 9.978066053774247157e-01 7.871102089005939384e-03 -6.572688960451933404e-02 1.790722999999999898e-01
-6.711634140944842952e-02 2.672571646842245019e-02 -9.973871529125786228e-01 -4.943312200000000267e+00 -1.208616504176356077e-02 9.995460656531096610e-01 2.759687032930800005e-02 5.703040000000000193e-02 9.976719507585614100e-01 1.390678671149021307e-02 -6.676286357674832139e-02 1.668570000000000053e-01
-6.838302324205787486e-02 2.768282461952678228e-02 -9.972749988610767335e-01 -5.092026699999999906e+00 -1.379698246267740611e-02 9.994931221081316819e-01 2.869045369916465443e-02 5.875129999999999936e-02 9.975637350100496903e-01 1.572132563188806398e-02 -6.796642195360436123e-02 1.556744999999999934e-01
-6.923361250576208492e-02 2.942485958232932131e-02 -9.971664277029999024e-01 -5.238262200000000313e+00 -1.314647074197181596e-02 9.994512012190343020e-01 3.040504380624692304e-02 6.017900000000000332e-02 9.975138481276499824e-01 1.521427028777646434e-02 -6.880878412803137500e-02 1.454606999999999983e-01
-6.931400718923971804e-02 3.192949507838403755e-02 -9.970837857228497247e-01 -5.311285500000000326e+00 -1.210206718176057294e-02 9.993871998852976724e-01 3.284455320676702567e-02 6.147330000000000155e-02 9.975214826645580901e-01 1.434336255776329748e-02 -6.888511866316537890e-02 1.406701999999999952e-01
-7.035428520497349902e-02 3.812563088456304150e-02 -9.967932136721996406e-01 -5.455142000000000380e+00 -1.201111451667418069e-02 9.991645163322382395e-01 3.906408108008727759e-02 6.387230000000000685e-02 9.974497519581447813e-01 1.472092294043913195e-02 -6.983757403015278253e-02 1.304459000000000035e-01
-7.096465695091780379e-02 3.842812348535749878e-02 -9.967383291462373895e-01 -5.525161699999999954e+00 -1.167586211957831813e-02 9.991571658576872128e-01 3.935266393776484795e-02 6.459819999999999451e-02 9.974104930807593528e-01 1.443042759685856172e-02 -7.045616404381294107e-02 1.249561000000000005e-01
-7.102934059445240034e-02 3.632328514945582648e-02 -9.968126462533812848e-01 -5.595288799999999618e+00 -1.098154724576829583e-02 9.992477035483231518e-01 3.719452343411983747e-02 6.582029999999999825e-02 9.974137749173139778e-01 1.358844764326126893e-02 -7.057701960156803622e-02 1.194607000000000030e-01
-6.771365717743503543e-02 2.703303321235456247e-02 -9.973384960719186010e-01 -5.861138300000000356e+00 -1.438373652255706299e-02 9.995025165970605752e-01 2.806826392551146215e-02 6.884310000000000429e-02 9.976011070339217968e-01 1.624605895231964747e-02 -6.729113472970493781e-02 9.983490000000000419e-02
-6.355325791885185760e-02 2.791932549000585712e-02 -9.975878380734618522e-01 -5.924709299999999956e+00 -1.458210528466042516e-02 9.994759055968250872e-01 2.890114767398445014e-02 6.941049999999999998e-02 9.978719084197967826e-01 1.638369297775954872e-02 -6.311282746830104706e-02 9.535599999999999632e-02
-5.741861822054130510e-02 2.943551561038576514e-02 -9.979161551465107749e-01 -5.986714400000000325e+00 -1.384847712241556866e-02 9.994455941588836767e-01 3.027745031844585044e-02 6.994620000000000004e-02 9.982541369626445338e-01 1.555810840516159976e-02 -5.697914793869407468e-02 9.145459999999999701e-02
-4.162614780160737299e-02 3.237616029563423342e-02 -9.986085559736156414e-01 -6.106018500000000238e+00 -1.423331026275930812e-02 9.993542078182913180e-01 3.299363870262676801e-02 7.067740000000000133e-02 9.990318697109529245e-01 1.558690348936690381e-02 -4.113844602619787238e-02 8.628629999999999634e-02
2.548644156175892961e-02 3.749647789162961070e-02 -9.989716990196678692e-01 -6.324592599999999898e+00 -2.205882548343773147e-02 9.990740844720559233e-01 3.693754126379448360e-02 7.384699999999999598e-02 9.994317633109378596e-01 2.109473588471336841e-02 2.628997153181988899e-02 8.684680000000000177e-02
8.033628004359959218e-02 3.749545784955136268e-02 -9.960623337670230226e-01 -6.421434399999999876e+00 -2.010244421397265613e-02 9.991499320382738469e-01 3.599034654649792969e-02 7.477920000000000400e-02 9.965650876111303846e-01 1.713195693916535339e-02 8.102173909546828146e-02 9.591199999999999726e-02
1.519155773494502981e-01 3.778829560207368210e-02 -9.876708470305647358e-01 -6.509299300000000343e+00 -1.837779200362454207e-02 9.992041313080683995e-01 3.540283516838653444e-02 7.560039999999999816e-02 9.882226035259739083e-01 1.277296725035853911e-02 1.524891379343675801e-01 1.113899000000000000e-01
2.376411120551629452e-01 3.837580189487698606e-02 -9.705946629206811949e-01 -6.591947600000000129e+00 -1.727367516433889194e-02 9.992282214245475913e-01 3.527862887148786042e-02 7.650590000000000168e-02 9.711994244270856225e-01 8.382084326731091550e-03 2.381205968723352218e-01 1.336320000000000008e-01
5.338233772848309799e-01 1.951117421769509377e-02 -8.453708747909781662e-01 -6.804138700000000206e+00 4.709969419795369955e-03 9.996496465692731315e-01 2.604611875101335225e-02 7.866579999999999406e-02 8.455828865654043680e-01 -1.788569804547887956e-02 5.335444533992874661e-01 2.535997999999999863e-01
6.210127169806270997e-01 8.684926506398392768e-03 -7.837523699485176021e-01 -6.863464800000000032e+00 2.223476403889916575e-02 9.993409804960740050e-01 2.869181014296333376e-02 7.899970000000000603e-02 7.834850481129005395e-01 -3.524452798270727438e-02 6.204103501963859069e-01 3.088106999999999935e-01
6.624531238570152691e-01 3.650099713168193302e-03 -7.490944769948353343e-01 -6.890956899999999941e+00 2.365420804308031311e-02 9.993875405135511647e-01 2.578802644890926601e-02 7.915369999999999351e-02 7.487298158440978124e-01 -3.480259528194555585e-02 6.619610579389880733e-01 3.380437000000000025e-01
8.485472016630748460e-01 -1.248720472889401460e-02 -5.289723208900666274e-01 -7.012083500000000136e+00 1.122607662863783946e-02 9.999213243886166946e-01 -5.596448556250362139e-03 8.090970000000000106e-02 5.290005876681923569e-01 -1.189433047082693370e-03 8.486206240103604248e-01 5.122299999999999631e-01
8.779315627058702498e-01 -1.109017496737288097e-02 -4.786576848061896983e-01 -7.032683800000000041e+00 8.300256321746430493e-03 9.999339982989854381e-01 -7.943852390231575730e-03 8.074130000000000196e-02 4.787141912977114777e-01 3.001177268595681558e-03 8.779656690242395589e-01 5.549254000000000131e-01
9.027667637611983542e-01 -9.351568525961407446e-03 -4.300287413815928605e-01 -7.052035300000000007e+00 7.289298051203841992e-03 9.999526770993880653e-01 -6.442801850722946685e-03 7.977159999999999807e-02 4.300686414772103561e-01 2.681739709817327569e-03 9.027922085895930815e-01 6.005101000000000466e-01
9.227890510316647532e-01 -2.983015447316566919e-03 -3.852940032169210327e-01 -7.070013000000000325e+00 1.024108803772866326e-03 9.999854871453751626e-01 -5.289300500513992483e-03 7.885889999999999567e-02 3.853041895661630245e-01 4.486325608755277299e-03 9.227787136606991902e-01 6.480293999999999777e-01
9.392545726423633390e-01 1.440460110241438552e-03 -3.432182583212643467e-01 -7.086950800000000328e+00 -4.104521477195448818e-03 9.999668254145804847e-01 -7.035692839306433022e-03 7.848299999999999721e-02 3.431967375629531580e-01 8.017053383670945388e-03 9.392293256607721075e-01 6.975236999999999687e-01
9.610895478121819213e-01 7.053670653465784687e-03 -2.761469297611110485e-01 -7.117205099999999618e+00 -8.332001295666205398e-03 9.999593154321568811e-01 -3.456187908822495013e-03 7.685340000000000227e-02 2.761113160313872217e-01 5.622562651007964769e-03 9.611092174922946096e-01 8.044626000000000277e-01
9.730916415243975326e-01 6.962776254571813664e-03 -2.303132148665857637e-01 -7.143475099999999856e+00 -7.078204425778143044e-03 9.999748963720195283e-01 3.250351915093676030e-04 7.510799999999999421e-02 2.303096963166340883e-01 1.313914988724812537e-03 9.731164973475386892e-01 9.182379999999999987e-01
9.772299340499385201e-01 9.366458636500535687e-03 -2.119762379356790460e-01 -7.156267599999999618e+00 -8.980989799707092200e-03 9.999558023415388019e-01 2.781220183125848733e-03 7.472099999999999576e-02 2.119929192661171302e-01 -8.141351854538136663e-04 9.772708628445490042e-01 9.786078000000000277e-01
9.829151732786834961e-01 1.795663031487659475e-02 -1.831811168386915101e-01 -7.180931600000000081e+00 -1.721689501659388541e-02 9.998359388079106624e-01 5.627965359839936024e-03 7.363849999999999563e-02 1.832521232196862859e-01 -2.378002489239328891e-03 9.830630724626157058e-01 1.103310500000000083e+00
9.853003221165010928e-01 1.650400122592931076e-02 -1.700320357481308609e-01 -7.191949400000000381e+00 -1.578899484522034921e-02 9.998599065175762801e-01 5.556525932747019038e-03 7.297620000000000495e-02 1.700999202789252873e-01 -2.790211855434769801e-03 9.854228695534242854e-01 1.168042900000000106e+00
9.875692423210292725e-01 1.658684045988171804e-02 -1.563069683188391401e-01 -7.202142199999999939e+00 -1.595708120980192726e-02 9.998587205940678846e-01 5.283030499392658494e-03 7.229090000000000515e-02 1.563725141472500912e-01 -2.723155440322443544e-03 9.876943966853896084e-01 1.234434800000000054e+00
9.917119514959967796e-01 1.874101169607376646e-02 -1.271069618101598464e-01 -7.221524699999999797e+00 -1.810948014575541540e-02 9.998172648018089914e-01 6.122396024415647023e-03 7.211009999999999642e-02 1.271984747898035617e-01 -3.769812307916191665e-03 9.918701207952131949e-01 1.372253699999999910e+00
9.944348939862294179e-01 1.979452267377002431e-02 -1.034766567623554845e-01 -7.236989000000000338e+00 -2.012217594728712630e-02 9.997952736194569701e-01 -2.123413134895696386e-03 7.039289999999999436e-02 1.034134404115013561e-01 4.193771609498123630e-03 9.946296157977321251e-01 1.515495500000000106e+00
9.954233603069994052e-01 1.811813374978861815e-02 -9.382998979295685549e-02 -7.243808300000000422e+00 -1.896339013714631525e-02 9.997871683328354298e-01 -8.124522848570939551e-03 6.952049999999999896e-02 9.366281860817556038e-02 9.866674537823775723e-03 9.955550839325449930e-01 1.588440400000000086e+00
9.966854913825931028e-01 1.973120783604982720e-02 -7.892218132292969091e-02 -7.256799199999999672e+00 -1.997700036276327945e-02 9.997977342364787745e-01 -2.325956171030955141e-03 6.747640000000000582e-02 7.886032414303748017e-02 3.894875214176597798e-03 9.968780663767866645e-01 1.738355899999999954e+00
9.969855778915238664e-01 2.394900006402379128e-02 -7.379839342585707562e-02 -7.263335699999999839e+00 -2.357698993896828465e-02 9.997045665095810607e-01 5.908066122549574667e-03 6.612089999999999634e-02 7.391808318484714702e-02 -4.150312738097966178e-03 9.972556802959078315e-01 1.814632800000000046e+00
9.975315856545658999e-01 2.318867236171315294e-02 -6.627986945965094745e-02 -7.274160900000000041e+00 -2.267905986677803964e-02 9.997072464314833429e-01 8.430994955540088709e-03 6.432029999999999692e-02 6.645596937105310853e-02 -6.907018639207895827e-03 9.977654520118799386e-01 1.965474500000000013e+00
9.977350360136890695e-01 2.332754253585101953e-02 -6.309218390577896185e-02 -7.279346900000000176e+00 -2.288558382350593459e-02 9.997082934012567756e-01 7.718688865614732261e-03 6.348499999999999976e-02 6.325383754223813659e-02 -6.257304849928820023e-03 9.979778545499871090e-01 2.041085199999999933e+00
9.979494349291073707e-01 2.151843604724590006e-02 -6.028169070916927080e-02 -7.284064299999999825e+00 -2.097212968028958416e-02 9.997331911882302302e-01 9.680713469094399254e-03 6.307459999999999456e-02 6.047392083657610745e-02 -8.396627101293546724e-03 9.981344606574674705e-01 2.116703499999999849e+00
9.983294817281432865e-01 1.746580174116994788e-02 -5.507441948813478205e-02 -7.292094200000000193e+00 -1.671632702551052035e-02 9.997616948956349336e-01 1.403986574663238472e-02 6.140020000000000200e-02 5.530651248445414558e-02 -1.309576988746440941e-02 9.983835387704774744e-01 2.267458899999999833e+00
9.985205128971074151e-01 1.928662302349722080e-02 -5.084104145320876567e-02 -7.300716900000000287e+00 -1.915911790277013277e-02 9.998119640427257648e-01 2.994120607940771797e-03 6.003359999999999946e-02 5.088922798476253062e-02 -2.015621337615168020e-03 9.987022698210603622e-01 2.416560599999999948e+00
9.985951698382126152e-01 1.964425351018032201e-02 -4.921168641511055458e-02 -7.304569700000000054e+00 -1.989452441956567064e-02 9.997914980441979793e-01 -4.600906069212529030e-03 5.899259999999999921e-02 4.911104431704455681e-02 5.573485674708372924e-03 9.987777738734092692e-01 2.489937299999999798e+00
9.987035897612388524e-01 2.247591599787192307e-02 -4.567245338354040951e-02 -7.312763200000000019e+00 -2.280670106307112338e-02 9.997172114930368281e-01 -6.734347125464145052e-03 5.566100000000000214e-02 4.550817711834628798e-02 7.767254640034778994e-03 9.989337693614737113e-01 2.637422599999999839e+00
9.987652681982177594e-01 2.847243910031264230e-02 -4.070944918100864729e-02 -7.321146500000000223e+00 -2.840037360552439410e-02 9.995938713431491429e-01 2.347584350440979836e-03 5.216939999999999772e-02 4.075975735954240342e-02 -1.188522147370369396e-03 9.991682689092444836e-01 2.786747200000000202e+00
9.989216130680456107e-01 2.603341588020280026e-02 -3.844310345357315056e-02 -7.323984099999999664e+00 -2.589569368931188623e-02 9.996563398395300615e-01 4.076182893757023494e-03 5.130130000000000107e-02 3.853600905494827117e-02 -3.076276359891881237e-03 9.992524768695220105e-01 2.860238999999999976e+00
9.991148527258697509e-01 2.155822097865183612e-02 -3.612138107546992993e-02 -7.329479700000000264e+00 -2.142579253099694686e-02 9.997622408639126323e-01 4.049340339692877357e-03 4.865189999999999793e-02 3.620008946097201530e-02 -3.271826860273073945e-03 9.993392060116594866e-01 3.007178999999999824e+00
9.992252791450543237e-01 1.929370804469000486e-02 -3.430152106502493831e-02 -7.334974800000000350e+00 -1.927082020441117302e-02 9.998138026405881673e-01 9.977665138241591930e-04 4.658539999999999903e-02 3.431438482819331587e-02 -3.359750781156150721e-04 9.994110316154256601e-01 3.153940899999999825e+00
9.992480458371519880e-01 2.076468148895211849e-02 -3.274402072585552714e-02 -7.340893699999999633e+00 -2.071030726000585090e-02 9.997835203373957036e-01 1.998908442230211413e-03 4.445779999999999871e-02 3.277843900842497549e-02 -1.319266624545456946e-03 9.994617718911236182e-01 3.303529300000000113e+00
9.992063596575042617e-01 2.016262311841667335e-02 -3.435286667780266395e-02 -7.347056900000000113e+00 -2.014177682312657050e-02 9.997966798091481033e-01 9.528216050488184105e-04 4.232530000000000320e-02 3.436509342931510363e-02 -2.601376335249274167e-04 9.994093118847783286e-01 3.453758999999999801e+00
9.990401311897355585e-01 1.955337927724370636e-02 -3.919797993820677701e-02 -7.354360100000000067e+00 -1.951723744316244055e-02 9.998086695275603120e-01 1.304522946110678750e-03 4.029230000000000311e-02 3.921598800212768715e-02 -5.382344934761333936e-04 9.992306123156190489e-01 3.607061600000000201e+00
9.987056195600804154e-01 2.422842704369982877e-02 -4.472212855068548321e-02 -7.363118199999999725e+00 -2.443369064446594338e-02 9.996932541131819949e-01 -4.048758091989768625e-03 3.829040000000000221e-02 4.461031518165345378e-02 5.136244112679017905e-03 9.989912606103260595e-01 3.761541400000000035e+00
9.984985569656610327e-01 2.462375443161591085e-02 -4.893160997948059476e-02 -7.372317800000000254e+00 -2.509778434897697377e-02 9.996436109228367117e-01 -9.096832521508849134e-03 3.593600000000000266e-02 4.869017311804071935e-02 1.031124914079813507e-02 9.987607046649821241e-01 3.918427700000000069e+00
9.983135458397196516e-01 2.372488590258749891e-02 -5.298295935331437390e-02 -7.381952799999999648e+00 -2.412218827074123079e-02 9.996854001079470420e-01 -6.871742431477170961e-03 3.253829999999999917e-02 5.280325961488241404e-02 8.138218473526911273e-03 9.985717726704076425e-01 4.077449299999999610e+00
9.981927976329590946e-01 2.230020629244532093e-02 -5.580178808067690066e-02 -7.391913899999999593e+00 -2.241115739646229454e-02 9.997479090240672939e-01 -1.363241048472104214e-03 2.977099999999999885e-02 5.575732039685359076e-02 2.611360051702541624e-03 9.984409356696283266e-01 4.237876899999999836e+00
9.982187636481981707e-01 2.208369487266477471e-02 -5.542211040220010321e-02 -7.403055199999999836e+00 -2.180260751407417374e-02 9.997462088298100236e-01 5.671352220510292481e-03 2.695629999999999901e-02 5.553328917189989666e-02 -4.452903681070391299e-03 9.984469066718355545e-01 4.400950400000000151e+00
9.983412857979436783e-01 2.537028816878995549e-02 -5.168196541871414307e-02 -7.412568600000000174e+00 -2.517264804001016418e-02 9.996731178499254078e-01 4.471603612017698015e-03 2.524770000000000139e-02 5.177851737895147743e-02 -3.163214574099209708e-03 9.986535831866802937e-01 4.565308100000000202e+00
9.986531087326814271e-01 1.927312537526013406e-02 -4.817172466105796441e-02 -7.421047699999999914e+00 -1.926389220928674192e-02 9.998142188263166030e-01 6.559646874638420206e-04 2.267339999999999980e-02 4.817541775117532149e-02 2.728937370514331962e-04 9.988388531958035665e-01 4.730102500000000099e+00
9.988676548132287003e-01 1.553974137200406919e-02 -4.496581597182262857e-02 -7.430028000000000077e+00 -1.542346498058910081e-02 9.998767533644445926e-01 2.931690531095461263e-03 2.033700000000000091e-02 4.500583179892507502e-02 -2.234842157468451811e-03 9.989842243922664178e-01 4.896403799999999862e+00
9.989965477084751244e-01 1.232768382894116124e-02 -4.305723955343839643e-02 -7.437903900000000235e+00 -1.210050160615907394e-02 9.999114782859760409e-01 5.532942511310617005e-03 1.798750000000000002e-02 4.312163641871512992e-02 -5.006376271095608517e-03 9.990572859797401950e-01 5.061616899999999752e+00
9.990217074191145574e-01 1.381580914796897569e-02 -4.200894574949445848e-02 -7.442361799999999583e+00 -1.372943890572096010e-02 9.999029997970839689e-01 2.343822545929651925e-03 1.663790000000000061e-02 4.203725267820374034e-02 -1.764770347560626687e-03 9.991144854184074164e-01 5.143608099999999794e+00
9.990143472331119989e-01 1.655165378617386510e-02 -4.118709481550858476e-02 -7.447052499999999853e+00 -1.670369025840693147e-02 9.998548717654704987e-01 -3.349946060123766989e-03 1.494720000000000076e-02 4.112567025776309171e-02 4.034620650962573822e-03 9.991458357427370762e-01 5.224816800000000150e+00
9.990313208476184759e-01 1.833748073080595717e-02 -4.000195952588105758e-02 -7.451321100000000364e+00 -1.870236131154610557e-02 9.997866625672403584e-01 -8.766472154266560443e-03 1.328859999999999937e-02 3.983267059632444179e-02 9.506111355673660043e-03 9.991611442605533577e-01 5.305730299999999566e+00
9.990009612925858651e-01 2.308262890479704718e-02 -3.826580169463116715e-02 -7.459441199999999661e+00 -2.368422796528892385e-02 9.996017381907617017e-01 -1.534347912620135160e-02 8.590800000000000866e-03 3.789639405243769993e-02 1.623444636725806037e-02 9.991497916073300845e-01 5.466704400000000241e+00
9.990817251351737927e-01 1.991645944027876577e-02 -3.793469578484468668e-02 -7.462777599999999900e+00 -2.028702647202039119e-02 9.997499245940983936e-01 -9.408763522272663160e-03 6.647700000000000310e-03 3.773781999332401910e-02 1.016970586881625269e-02 9.992359251071256665e-01 5.546830199999999600e+00
9.990669622298737895e-01 1.801017287031099826e-02 -3.925351772712297460e-02 -7.470315900000000120e+00 -1.772565343278549241e-02 9.998141225263900145e-01 7.584300044536997770e-03 2.340800000000000086e-03 3.938281593731997321e-02 -6.881429354886791500e-03 9.992005002695308891e-01 5.707156699999999638e+00
9.990122910002243728e-01 1.579239138808108053e-02 -4.153363461977162968e-02 -7.474099599999999732e+00 -1.558375915571428780e-02 9.998642944214545247e-01 5.342208500569518327e-03 1.104100000000000003e-03 4.161236452137418579e-02 -4.689681794378870207e-03 9.991228242831847739e-01 5.785622599999999949e+00
9.989872679764374430e-01 1.094338869407517068e-02 -4.364264731732009350e-02 -7.477424599999999977e+00 -1.087227977613177549e-02 9.999391532283510298e-01 1.866379767859641147e-03 -1.384000000000000031e-04 4.366041632237506465e-02 -1.389994553495649569e-03 9.990454624098435987e-01 5.863648900000000275e+00
9.988998882363298026e-01 9.679204135385175573e-03 -4.588383472153857029e-02 -7.481763400000000175e+00 -9.670272500818179184e-03 9.999531550272759972e-01 4.166302395025671661e-04 -1.528400000000000071e-03 4.588571794368968143e-02 2.753728546479121387e-05 9.989466953398915550e-01 5.941331899999999777e+00
9.987517918001246331e-01 1.155726566191579013e-02 -4.859308578862020500e-02 -7.486437300000000405e+00 -1.166506969380170025e-02 9.999300875634529184e-01 -1.935493317986831680e-03 -3.184399999999999991e-03 4.856731951713054440e-02 2.499919151717655986e-03 9.988167829382702534e-01 6.018506999999999607e+00
9.985671942730403039e-01 1.339243838763872103e-02 -5.180927634798161013e-02 -7.491456999999999589e+00 -1.367416181854968528e-02 9.998935639389739949e-01 -5.087051403020678882e-03 -5.157100000000000399e-03 5.173563395019282335e-02 5.788211075121352418e-03 9.986440410838696158e-01 6.095027400000000206e+00
9.983264286680169075e-01 1.430229859671599407e-02 -5.603379406941155078e-02 -7.496207700000000251e+00 -1.480522236449941659e-02 9.998536650289847616e-01 -8.570526170800979449e-03 -6.757700000000000165e-03 5.590301614135476799e-02 9.385775565025723105e-03 9.983920873100619042e-01 6.171220800000000395e+00
9.981316928008510114e-01 1.620842939379626979e-02 -5.891019133472476244e-02 -7.501682800000000206e+00 -1.696777140644579324e-02 9.997789877569972505e-01 -1.241250873483751467e-02 -9.036499999999999394e-03 5.869598418977366172e-02 1.338889301548631082e-02 9.981861144014244625e-01 6.247005899999999556e+00
9.978632116069386937e-01 2.065856633202788756e-02 -6.198576093419498612e-02 -7.507783899999999733e+00 -2.146282520936537708e-02 9.996935237509735339e-01 -1.233716760014235726e-02 -1.123369999999999924e-02 6.171189557547393512e-02 1.364119523601125573e-02 9.980007814310642988e-01 6.322945599999999722e+00
9.975654419996008437e-01 2.408845428357588025e-02 -6.544413876252884454e-02 -7.514185900000000196e+00 -2.483693985750298761e-02 9.996348120710876195e-01 -1.064748393359692992e-02 -1.303080000000000037e-02 6.516375792306515480e-02 1.224699415487327976e-02 9.977994266321837946e-01 6.398683100000000401e+00
9.969389465533181616e-01 2.733237457211423055e-02 -7.325078938421077102e-02 -7.526738599999999835e+00 -2.733294636520412074e-02 9.996258902204583352e-01 9.948085007186633841e-04 -1.708269999999999927e-02 7.325057602611216578e-02 1.010396558718746826e-03 9.973130562720198267e-01 6.548936399999999658e+00
9.960599259322323595e-01 2.676966267628419147e-02 -8.454589943973507549e-02 -7.540568399999999727e+00 -2.640535701433619972e-02 9.996366000974165056e-01 5.424469248073624482e-03 -1.917280000000000026e-02 8.466038668008364632e-02 -3.170631778653515941e-03 9.964048203523019342e-01 6.697275199999999984e+00
9.956261998331091823e-01 2.437366806623502205e-02 -9.019087820216969975e-02 -7.547969300000000104e+00 -2.362534737206497051e-02 9.996771064136033003e-01 9.355526392168947783e-03 -2.042559999999999862e-02 9.038978464091435017e-02 -7.183816361955666814e-03 9.958805548935307783e-01 6.770452500000000207e+00
9.942890298246402914e-01 3.030962707917599086e-02 -1.023262022978320973e-01 -7.565339999999999954e+00 -2.966786406249827257e-02 9.995294704359499738e-01 7.788168719187103795e-03 -2.206320000000000156e-02 1.025141112839822732e-01 -4.707890860107375244e-03 9.947204093368672284e-01 6.917627300000000368e+00
9.929489946103644549e-01 3.108246972849093917e-02 -1.143948170934501046e-01 -7.583249600000000257e+00 -3.111040754980117992e-02 9.995147654345589716e-01 1.541499394693523518e-03 -2.408439999999999886e-02 1.143872223823611117e-01 2.028239107208775534e-03 9.934341697373673119e-01 7.061077100000000328e+00
9.923107941349654793e-01 3.251712759299536099e-02 -1.194232986327835588e-01 -7.593050500000000369e+00 -3.274342962727905954e-02 9.994637878841990952e-01 6.726375132220662086e-05 -2.496380000000000127e-02 1.193614496371318834e-01 3.843581828149043693e-03 9.928434273435327029e-01 7.132131600000000127e+00
9.909056820498319818e-01 3.495095387953287003e-02 -1.299398326313686847e-01 -7.613266000000000311e+00 -3.402764158997165223e-02 9.993774368151538967e-01 9.319785008109888330e-03 -2.618819999999999829e-02 1.301846722513129440e-01 -4.813481866977810386e-03 9.914780791843733621e-01 7.273497100000000160e+00
9.891155386703764929e-01 3.207240175209510880e-02 -1.436029672627379683e-01 -7.633691800000000249e+00 -3.125511594355531719e-02 9.994798690821968812e-01 7.944119006493988860e-03 -2.862659999999999857e-02 1.437830618959191065e-01 -3.369324158734426141e-03 9.896034957327846104e-01 7.412328699999999770e+00
9.865309832409360213e-01 2.829187118973770787e-02 -1.611092459489998352e-01 -7.656478400000000129e+00 -2.876536376701359365e-02 9.995860071143766179e-01 -6.068183327099835496e-04 -3.027739999999999945e-02 1.610253798412641935e-01 5.233011152369246646e-03 9.869363923988494491e-01 7.548516300000000179e+00
9.826879289175646237e-01 2.659242812296357811e-02 -1.833501489670309181e-01 -7.681995900000000432e+00 -2.550279677852682753e-02 9.996403045724528980e-01 8.298724647002658425e-03 -3.186440000000000106e-02 1.835048819954950561e-01 -3.479114947601379907e-03 9.830126418530947818e-01 7.685092899999999894e+00
9.781618420240132394e-01 2.845729719640207114e-02 -2.058873309469650414e-01 -7.712162499999999810e+00 -2.491333392113637482e-02 9.994937983424975192e-01 1.978567329713189563e-02 -3.328749999999999765e-02 2.063461572240283259e-01 -1.422425081199460775e-02 9.783756610258219633e-01 7.820781199999999878e+00
9.754724416077277249e-01 3.226531184753818338e-02 -2.177440362334626678e-01 -7.727719300000000402e+00 -2.967345653033216096e-02 9.994446234815511643e-01 1.516346172096142905e-02 -3.367330000000000323e-02 2.181123601298213255e-01 -8.330320834258837792e-03 9.758881104478103197e-01 7.886558499999999583e+00
9.698471388011918881e-01 2.964004596951227977e-02 -2.419049297432085965e-01 -7.761985799999999713e+00 -3.025483178642535131e-02 9.995415288337158310e-01 1.173580134945177884e-03 -3.431189999999999934e-02 2.418288082770880254e-01 6.180599621657320401e-03 9.702992464572979259e-01 8.016959200000000507e+00
9.636773299353115219e-01 2.882985164048672277e-02 -2.655086503734601644e-01 -7.798897300000000143e+00 -2.611439230612698503e-02 9.995643568435462756e-01 1.375263765353862064e-02 -3.553540000000000171e-02 2.657894698501626074e-01 -6.319508077007074918e-03 9.640103845573626540e-01 8.148845700000000747e+00
9.566680043747953777e-01 2.684568465257996389e-02 -2.899407501905875151e-01 -7.839348799999999784e+00 -2.274891275707726507e-02 9.995881839963685067e-01 1.749140884014582439e-02 -3.615229999999999833e-02 2.902909167954059733e-01 -1.013763435799875171e-02 9.568847433184971552e-01 8.279814699999999306e+00
9.503805866818972881e-01 2.089822938964680521e-02 -3.103868625869181663e-01 -7.882533099999999848e+00 -2.000034689214336137e-02 9.997815139972351384e-01 6.075392463873597292e-03 -3.683960000000000012e-02 3.104460123473430366e-01 4.339098683634294573e-04 9.505909136636324641e-01 8.409285499999999303e+00
9.453753262821126269e-01 1.692406619453717953e-02 -3.255442649478439976e-01 -7.927839299999999589e+00 -1.847981432216781739e-02 9.998278103430172647e-01 -1.687046918660527195e-03 -3.817249999999999810e-02 3.254596578988052102e-01 7.610890101064691701e-03 9.455252960298112797e-01 8.538533199999999823e+00
