9.999999979475000522e-01 -2.999935996918315417e-06 -6.400000293425599826e-05 -4.799999999999999783e-06 3.000063996918184272e-06 9.999999999935000883e-01 1.999903997945598467e-06 -9.999999999999999547e-07 6.399999693425599513e-05 -2.000095997945401326e-06 9.999999979500000524e-01 6.509999999999999674e-05
9.991214074980109272e-01 6.519962419486745927e-04 -4.190451025956579839e-02 -4.607199999999999664e-03 -8.344735628955982608e-04 9.999902458918238368e-01 -4.337254325310734536e-03 -6.914999999999999489e-04 4.190127364491918333e-02 4.368411852158992671e-03 9.991122060333481603e-01 3.674619999999999970e-02
9.982999751365814189e-01 6.519746989937407530e-04 -5.828151140192486951e-02 -6.649399999999999755e-03 -8.965633363344314034e-04 9.999909009848700903e-01 -4.170626050320912562e-03 -8.800999999999999795e-04 5.827826195490706102e-02 4.215788948648468634e-03 9.982914761266148407e-01 4.835849999999999871e-02
8.155774872045157275e-01 2.078735085167661423e-02 -5.782743712198710195e-01 -1.403457999999999928e-01 -2.387002699354800334e-02 9.997124898465159504e-01 2.271443639409453930e-03 -6.265200000000000283e-03 5.781553287625178505e-01 1.195088655493907991e-02 8.158391950219453514e-01 3.009875000000000189e-01
7.841699709713391142e-01 2.392681811261133246e-02 -6.200846426108415077e-01 -1.571565000000000045e-01 -2.714868367583459646e-02 9.996224182156226989e-01 4.239100779656459171e-03 -6.562899999999999984e-03 6.199519381383353789e-01 1.351030627915689522e-02 7.845234642907532585e-01 3.146532000000000218e-01
7.487972931541426735e-01 2.318610841738988348e-02 -6.623934013420468281e-01 -1.742307999999999912e-01 -2.641854807862566157e-02 9.996378255123640200e-01 5.126219106706752376e-03 -6.784700000000000279e-03 6.622723564232816384e-01 1.366097292910218794e-02 7.491386411981322269e-01 3.287613999999999814e-01
4.216361922280196795e-01 1.929419476974186115e-02 -9.065597914377429012e-01 -3.340973999999999888e-01 -3.843346424346002002e-03 9.998026424031711823e-01 1.949115009174593252e-02 -6.953700000000000159e-03 9.067569410220795989e-01 -4.733950973950466073e-03 4.216271333968644175e-01 4.087818999999999758e-01
3.662754621369581631e-01 2.088385881230044733e-02 -9.302720840041721617e-01 -3.638932000000000277e-01 -2.516138137469947980e-03 9.997666857147368136e-01 2.145327909304046293e-02 -6.597200000000000113e-03 9.305030654894322906e-01 -5.517116645369987346e-03 3.662425515129154041e-01 4.171993999999999980e-01
2.582415781271306110e-01 2.590497565003325314e-02 -9.657329959999193525e-01 -4.303154000000000146e-01 4.628115016509467758e-03 9.995957821880955274e-01 2.805089629875098106e-02 -6.524900000000000144e-03 9.660692873069730569e-01 -1.171343110879584197e-02 2.580173010746690254e-01 4.302558000000000216e-01
1.605166574646944011e-01 2.730232026918501254e-02 -9.866554545454463421e-01 -5.043360000000000065e-01 4.851437779046318885e-03 9.995834628990613036e-01 2.844932776353362516e-02 -5.571099999999999837e-03 9.870212086008275376e-01 -9.353288546803849995e-03 1.603173408135321054e-01 4.370737000000000094e-01
4.614556928183343593e-02 2.371210108318558274e-02 -9.986532544872002148e-01 -6.295427999999999580e-01 2.952978607717385295e-03 9.997106223169696104e-01 2.387365795096412641e-02 -3.096100000000000067e-03 9.989303611128246274e-01 -4.050665234015062705e-03 4.606219445666981382e-02 4.388554000000000066e-01
1.467124265405759902e-02 2.091184861132428657e-02 -9.996736713681335651e-01 -6.739912999999999599e-01 3.452436440535704837e-03 9.997742571987445759e-01 2.096462080082968360e-02 -2.452600000000000093e-03 9.998864112095984247e-01 -3.758886850594736484e-03 1.459573389845825186e-02 4.378694000000000197e-01
-1.199117402301433030e-02 1.904227695337835230e-02 -9.997467696541861848e-01 -7.200845999999999636e-01 3.029697973749224948e-03 9.998147558531822465e-01 1.900723305558988524e-02 -1.997200000000000190e-03 9.999235134127697489e-01 -2.801011723018052499e-03 -1.204664507611430402e-02 4.354238000000000275e-01
-3.256932728935847676e-02 1.675237333928641936e-02 -9.993290733824470307e-01 -7.677370000000000028e-01 2.442219629838393927e-03 9.998578690741690700e-01 1.668164301684165601e-02 -1.231000000000000106e-03 9.994664949277681787e-01 -1.897271188543069032e-03 -3.260561115573279434e-02 4.323316999999999855e-01
-7.158037274831775820e-02 1.764360468244923277e-02 -9.972787741905573267e-01 -9.202088999999999963e-01 2.900962237858629479e-03 9.998429915449440486e-01 1.748075160144801909e-02 7.040000000000000359e-05 9.974306164617696702e-01 -1.641789348992341371e-03 -7.162031745550367923e-02 4.210896000000000083e-01
-7.819754089955605059e-02 1.912707875407579361e-02 -9.967543827120085576e-01 -9.744471000000000105e-01 1.393053870427436725e-03 9.998170553688904283e-01 1.907656138813765279e-02 7.090000000000000219e-05 9.969369107411841791e-01 1.032076386693180775e-04 -7.820988013037077913e-02 4.158626000000000267e-01
-8.271815634344562018e-02 2.023281348249360290e-02 -9.963675726707106328e-01 -1.029956300000000047e+00 1.303705814455267606e-03 9.997952266736468419e-01 2.019418410683169324e-02 6.308000000000000456e-04 9.965721283290489563e-01 3.714554803517424592e-04 -8.272759550800123929e-02 4.109199000000000046e-01
-8.141590771566338536e-02 2.541644787387863785e-02 -9.963560880269206610e-01 -1.205435999999999952e+00 4.675977739911624589e-03 9.996735326816085232e-01 2.511898262367907170e-02 3.023000000000000079e-03 9.966692456391992305e-01 -2.613854117438503891e-03 -8.150817482708294648e-02 3.961278999999999773e-01
-7.963633133750809556e-02 2.527362008875003174e-02 -9.965035368019083961e-01 -1.266847999999999974e+00 2.394232631741936151e-03 9.996804980673381635e-01 2.516285822286087187e-02 3.821900000000000037e-03 9.968211085150675554e-01 -3.819835706228933564e-04 -7.967139830167435655e-02 3.906973000000000251e-01
-7.799160931054278934e-02 2.281891260337077718e-02 -9.966928343801571000e-01 -1.329450400000000032e+00 3.915137659621717448e-04 9.997386449129975761e-01 2.285800919796496244e-02 4.494699999999999911e-03 9.969539385518884078e-01 1.392513957888792328e-03 -7.798015972511451732e-02 3.853723000000000010e-01
-7.642631348151272819e-02 2.285614366146859061e-02 -9.968132299004424102e-01 -1.393740100000000037e+00 -3.410923207565353527e-04 9.997365713636540141e-01 2.294932535117815559e-02 5.280100000000000245e-03 9.970751738277583431e-01 2.093937671425924116e-03 -7.639838454688629987e-02 3.801027000000000156e-01
-7.271113240675664002e-02 2.898135718134473710e-02 -9.969318793980128657e-01 -1.527222999999999997e+00 -8.116679117213150552e-04 9.995756687134133012e-01 2.911741251096587949e-02 7.773600000000000301e-03 9.973527121431653431e-01 2.926337653106386022e-03 -7.265675556073103447e-02 3.698768000000000056e-01
-7.090873474341097271e-02 3.121543439084111665e-02 -9.969942567501980379e-01 -1.596100999999999992e+00 -1.080756969308378779e-03 9.995072253619311509e-01 3.137098043840820527e-02 8.569300000000000181e-03 9.974822220478226642e-01 3.301985021891024052e-03 -7.084005641904400630e-02 3.647071000000000063e-01
-6.915027180046970368e-02 3.063281827653640405e-02 -9.971358334521722711e-01 -1.665984300000000085e+00 -2.941204812853731587e-03 9.995178454548284686e-01 3.090996492373172810e-02 9.687400000000000524e-03 9.976019192163627647e-01 5.070213188237469512e-03 -6.902683329007508473e-02 3.597507999999999817e-01
-6.593398919296462879e-02 2.722851323389331030e-02 -9.974524134695218480e-01 -1.809684400000000082e+00 -6.535551626018140658e-03 9.995943895252294986e-01 2.771900060657678938e-02 1.221960000000000060e-02 9.978025834973799357e-01 8.346526029160262691e-03 -6.572929232236468522e-02 3.491274999999999795e-01
-6.435168448177948364e-02 2.930677838962890414e-02 -9.974968538520706529e-01 -1.883704499999999893e+00 -3.608103280837297519e-03 9.995553111306983984e-01 2.960002670822337034e-02 1.402690000000000013e-02 9.979207595270641606e-01 5.503883250388365636e-03 -6.421732612071118229e-02 3.446575000000000055e-01
-6.179481418306100038e-02 3.324376171922879819e-02 -9.975350887296328128e-01 -2.033245099999999805e+00 -4.882016297150723605e-04 9.994440277660737726e-01 3.333762171925679779e-02 1.626899999999999874e-02 9.980887548706527390e-01 2.547090395462421608e-03 -6.174422832352544077e-02 3.349999000000000171e-01
-6.085307512420279341e-02 2.858314966654813133e-02 -9.977373937079175858e-01 -2.108297799999999889e+00 -6.466612012708834040e-04 9.995885606134669032e-01 2.867562239931506149e-02 1.717629999999999851e-02 9.981465248535502655e-01 2.390197865666830040e-03 -6.080955415840560985e-02 3.298138999999999932e-01
-6.068768090641334795e-02 2.167540098905299667e-02 -9.979214309644646175e-01 -2.183523899999999962e+00 1.011484289054889393e-03 9.997650144520977555e-01 2.165393214014364742e-02 1.795189999999999980e-02 9.981562915123733948e-01 3.047450749584373897e-04 -6.069534450602398490e-02 3.253578999999999777e-01
-6.122006825522963158e-02 1.785711006707452544e-02 -9.979645418865726869e-01 -2.337312499999999904e+00 5.279692784812550777e-03 9.998317548712307712e-01 1.756663869990634369e-02 1.984560000000000143e-02 9.981103286144886733e-01 -4.193515371074070866e-03 -6.130404833214153637e-02 3.163656000000000246e-01
-6.082077938090085095e-02 3.244832329288978995e-02 -9.976211400682024610e-01 -2.494924500000000211e+00 2.990912225897231561e-03 9.994728963901250429e-01 3.232620957661748451e-02 2.125310000000000046e-02 9.981442216631606357e-01 -1.017692003763306235e-03 -6.088577061538036350e-02 3.051223000000000130e-01
-6.193602663439395917e-02 3.818502047103360109e-02 -9.973494035774875810e-01 -2.652165699999999848e+00 -4.426175122033866594e-04 9.992667275597323373e-01 3.828591492705407662e-02 2.365309999999999982e-02 9.980800231917686949e-01 2.812721758453158583e-03 -6.187370929423896548e-02 2.947306000000000092e-01
-6.259292670684976634e-02 3.198024343744832604e-02 -9.975266360132707399e-01 -2.807609799999999822e+00 -7.586240771470381672e-04 9.994846755345302425e-01 3.209061951948356806e-02 2.643919999999999951e-02 9.980388519570669859e-01 2.765393519235598632e-03 -6.253641005768773020e-02 2.843315000000000148e-01
-6.228815517377158523e-02 3.539945978688517625e-02 -9.974302301273233473e-01 -2.962875400000000159e+00 -3.342252198969629384e-03 9.993577989425254104e-01 3.567658956499929895e-02 2.931539999999999840e-02 9.980526113764177643e-01 5.555892326857455807e-03 -6.212983973233576762e-02 2.739921000000000162e-01
-6.178238024702082526e-02 2.853796260269150092e-02 -9.976815735401247665e-01 -3.117172200000000171e+00 -4.665171610034754557e-03 9.995719723870660767e-01 2.888093128829406081e-02 3.171910000000000007e-02 9.980787412147704707e-01 6.438688431475663929e-03 -6.162280118934004847e-02 2.638271999999999839e-01
-6.119648330015337034e-02 2.482836706446055197e-02 -9.978168883220037699e-01 -3.271405000000000118e+00 -5.407958480339050689e-03 9.996676482502855343e-01 2.520609106581653963e-02 3.404100000000000181e-02 9.981110882145176610e-01 6.938676433997892704e-03 -6.104187376363301443e-02 2.540829000000000004e-01
-5.980246595057439607e-02 3.250427121706764982e-02 -9.976808795496071580e-01 -3.426566600000000129e+00 -4.729919219732389365e-03 9.994492520267561630e-01 3.284540283407398620e-02 3.503880000000000189e-02 9.981990247092035196e-01 6.683186051958809465e-03 -5.961578728650407388e-02 2.440920000000000034e-01
-5.902837567780214872e-02 4.122776955582171943e-02 -9.974045928720662868e-01 -3.580723299999999831e+00 -3.787528610615317065e-03 9.991303587144307885e-01 4.152325760578695624e-02 3.766529999999999878e-02 9.982491199554668349e-01 6.228748881182615688e-03 -5.882089080854813190e-02 2.341814000000000118e-01
-5.830696080285176219e-02 3.668100987721222700e-02 -9.976245796071399052e-01 -3.734016899999999861e+00 -3.656060951237688483e-03 9.993101810275153429e-01 3.695666804617472878e-02 4.111739999999999839e-02 9.982920071503404991e-01 5.802207264668892903e-03 -5.813263154719805481e-02 2.243741999999999959e-01
-5.748152422758971702e-02 2.975182089191205637e-02 -9.979031533801705489e-01 -3.886499600000000054e+00 -8.530634377073945465e-03 9.995047205169916849e-01 3.029095477820271248e-02 4.345559999999999701e-02 9.983101234834781401e-01 1.025391719617547125e-02 -5.719925290190663869e-02 2.137640000000000096e-01
-5.888239916542929719e-02 2.614892351963866643e-02 -9.979223902024081383e-01 -4.038673900000000039e+00 -9.315162162424967668e-03 9.995989529076966251e-01 2.674249613862252767e-02 4.504190000000000277e-02 9.982214638157260733e-01 1.087047122256447861e-02 -5.861520308749790242e-02 2.043667000000000122e-01
-6.075662510717139836e-02 2.074316864011982106e-02 -9.979370488464460731e-01 -4.189551800000000270e+00 -1.840218071965132873e-03 9.997800131556914272e-01 2.089351315248325763e-02 4.642160000000000036e-02 9.981509134910582226e-01 3.105841137747962152e-03 -6.070508749514191837e-02 1.954221999999999904e-01
-6.450488496335912703e-02 3.059533180177020223e-02 -9.974482670734372558e-01 -4.340743100000000076e+00 1.000320647848556774e-03 9.995313770086411420e-01 3.059453764662956043e-02 4.725530000000000008e-02 9.979168899134160942e-01 9.757290346886823146e-04 -6.450526163333947238e-02 1.858365999999999907e-01
-6.755607011576394982e-02 3.318851711268820670e-02 -9.971633265029229420e-01 -4.489685099999999984e+00 2.749661814197766965e-03 9.994489807179358642e-01 3.307830560634314465e-02 4.902490000000000320e-02 9.977116901943274829e-01 -5.072215885507241895e-04 -6.761010261668431998e-02 1.753399999999999959e-01
-6.964220055100864282e-02 2.584481244031313490e-02 -9.972371882217080374e-01 -4.636318199999999834e+00 -5.423458067138807459e-03 9.996397558301166608e-01 2.628582634232215845e-02 5.047610000000000291e-02 9.975572915903162530e-01 7.239076863092826913e-03 -6.947694409775917457e-02 1.631684999999999941e-01
-7.081404128274894350e-02 2.451179624479450647e-02 -9.971883189257980673e-01 -4.709327199999999713e+00 -9.613037828712207855e-03 9.996348308890770085e-01 2.525459120774324259e-02 5.112089999999999690e-02 9.974432119478829906e-01 1.137438869654770410e-02 -7.055254935770194358e-02 1.567067000000000043e-01
-7.164495018150404682e-02 2.578515991173661523e-02 -9.970968491785618948e-01 -4.781910400000000116e+00 -1.124255293650566409e-02 9.995814109743124121e-01 2.665722862700659404e-02 5.141520000000000118e-02 9.973668362828991274e-01 1.311976992667184330e-02 -7.132506936632820871e-02 1.504915000000000003e-01
-7.374226751894788490e-02 2.702554636943100067e-02 -9.969110781933351317e-01 -4.925383100000000347e+00 -1.243330814580434832e-02 9.995301409502733714e-01 2.801624850828712820e-02 5.265500000000000042e-02 9.971998249246315504e-01 1.446088432151921427e-02 -7.337160210138693461e-02 1.393594999999999973e-01
-7.420820357113423749e-02 2.697061196930350402e-02 -9.968779908357623398e-01 -4.996069000000000315e+00 -1.350580197793924651e-02 9.995153524031606951e-01 2.804734610115799595e-02 5.302629999999999844e-02 9.971513104016249684e-01 1.554497990949852901e-02 -7.380797899912650006e-02 1.337326000000000070e-01
-7.505836377143276783e-02 3.090669823685112880e-02 -9.967000642279759681e-01 -5.138327099999999703e+00 -1.078897728630663980e-02 9.994358921040682464e-01 3.180401772199075577e-02 5.558439999999999909e-02 9.971207750303223705e-01 1.314053188578628677e-02 -7.468257109050147058e-02 1.231696000000000041e-01
-7.524291801256149936e-02 3.533814939414085116e-02 -9.965388695311150347e-01 -5.209056900000000212e+00 -1.099279495290744930e-02 9.992817310608723691e-01 3.626541640612534340e-02 5.636420000000000319e-02 9.971046393172977584e-01 1.368346320869521897e-02 -7.480040833135870315e-02 1.176100000000000062e-01
-7.578655726218333499e-02 3.712996933518031284e-02 -9.964325180941829840e-01 -5.278655099999999933e+00 -1.077405318140994134e-02 9.992176307280120628e-01 3.805320249785081738e-02 5.762869999999999798e-02 9.970658541522671170e-01 1.361953815174577788e-02 -7.532722392431023817e-02 1.120657999999999932e-01
-7.623277687719726137e-02 2.872190215120687395e-02 -9.966762844908109154e-01 -5.548213999999999757e+00 -9.924477350190247585e-03 9.995136556579125031e-01 2.956276209493088197e-02 6.105200000000000210e-02 9.970406553791660853e-01 1.214514265755736039e-02 -7.591065163012733485e-02 8.932279999999999387e-02
-6.888772652358923776e-02 2.669202384596666700e-02 -9.972672746046657988e-01 -5.736130199999999846e+00 -1.309648910521192013e-02 9.995316684668370533e-01 2.765729026889861969e-02 6.259290000000000687e-02 9.975384519443490916e-01 1.496594784527179901e-02 -6.850589242951554692e-02 7.521629999999999983e-02
-6.283287250610733454e-02 2.820516051744704350e-02 -9.976254302356248882e-01 -5.796384299999999712e+00 -1.227374019215428554e-02 9.995031466728134806e-01 2.903127783683936286e-02 6.296540000000000470e-02 9.979485885727410466e-01 1.406871391880972627e-02 -6.245547097207682086e-02 7.104030000000000067e-02
-4.705881740553605891e-02 3.119025454452903010e-02 -9.984050459236670783e-01 -5.912319199999999775e+00 -1.263355263449839408e-02 9.994138565219422565e-01 3.181723966295697120e-02 6.355800000000000338e-02 9.988122251215307834e-01 1.411068436987270545e-02 -4.663719046415693015e-02 6.522429999999999894e-02
-2.050992986126258175e-02 3.453432612119719525e-02 -9.991930359527334549e-01 -6.021777199999999830e+00 -1.783093776710766021e-02 9.992316704476114086e-01 3.490166805213807538e-02 6.455650000000000277e-02 9.996306320013563784e-01 1.853237960519098920e-02 -1.987839205613672888e-02 6.228090000000000015e-02
1.970674184942591139e-02 3.634327054414072250e-02 -9.991450400276405963e-01 -6.125042900000000401e+00 -2.028343057566991264e-02 9.991479673080059243e-01 3.594331465463127678e-02 6.637809999999999544e-02 9.996000333982398844e-01 1.955776343131407358e-02 2.042711726609236500e-02 6.458250000000000102e-02
7.479148659625832474e-02 3.619537859806048335e-02 -9.965420854639633896e-01 -6.219212500000000254e+00 -1.834158621373993547e-02 9.992219213478220619e-01 3.491615833866863056e-02 6.733550000000000646e-02 9.970305009115248973e-01 1.566673118777808793e-02 7.539717359426845178e-02 7.283480000000000509e-02
1.459926482338129161e-01 3.652685420110529657e-02 -9.886111144347150548e-01 -6.305094699999999719e+00 -1.642436636817104154e-02 9.992698937766567591e-01 3.449521098635623118e-02 6.818780000000000674e-02 9.891493248499348967e-01 1.120126393583936730e-02 1.464859885284507390e-01 8.787169999999999703e-02
2.315631980860865247e-01 3.664781639241877775e-02 -9.721293241363575532e-01 -6.386457000000000050e+00 -1.546783408987796593e-02 9.993025467241648530e-01 3.398773630541368496e-02 6.953310000000000046e-02 9.726968856744180325e-01 7.166426185058196244e-03 2.319685559187327772e-01 1.093998000000000054e-01
5.725485011991546802e-01 1.386902017915296083e-02 -8.197535386040561978e-01 -6.623680099999999626e+00 1.451871197482977431e-02 9.995286142196908585e-01 2.705099552061265150e-02 7.135729999999999851e-02 8.197422892453416488e-01 -2.738977245861161369e-02 5.720772496677979380e-01 2.502756999999999898e-01
6.159534172373754002e-01 7.156170455352290488e-03 -7.877500726867715519e-01 -6.651735300000000350e+00 2.484669849464668165e-02 9.992847741533320560e-01 2.850581904173644238e-02 7.156369999999999398e-02 7.873906459741034647e-01 -3.713124519509202609e-02 6.153350642233432755e-01 2.779109000000000163e-01
6.580419951888065722e-01 2.484662772594741983e-03 -7.529771304753162253e-01 -6.678899300000000316e+00 2.589179757356085271e-02 9.993285307992720856e-01 2.592493681724025029e-02 7.165320000000000022e-02 7.525359442487412620e-01 -3.655562858814812716e-02 6.575358078707052023e-01 3.058662999999999799e-01
8.109225273720083171e-01 -1.291527197766521688e-02 -5.850109831023151408e-01 -6.773758400000000179e+00 1.378199309179758102e-02 9.999006110296890792e-01 -2.970644521308202050e-03 7.314039999999999431e-02 5.849912061450257550e-01 -5.653654764598762920e-03 8.110199288061857859e-01 4.349313000000000207e-01
8.739429390160459166e-01 -1.244501376029671924e-02 -4.858691809288810393e-01 -6.815219400000000149e+00 1.051564357180395995e-02 9.999222812041894670e-01 -6.697222684108009028e-03 7.287799999999999834e-02 4.859147667896773215e-01 7.437633466218411885e-04 8.740058845521679887e-01 5.155632999999999466e-01
8.993035602996292122e-01 -1.096460104128791323e-02 -4.371874700359293930e-01 -6.834899400000000291e+00 9.694403092006005987e-03 9.999398142785820287e-01 -5.136766415238039341e-03 7.204610000000000181e-02 4.372174801870357674e-01 3.812407643485338227e-04 8.993557303283159499e-01 5.598049000000000497e-01
9.368373932796834058e-01 -6.482044718398498415e-04 -3.497646042467567606e-01 -6.871018399999999637e+00 -1.402795770204673777e-03 9.999832765921550237e-01 -5.610588208433929525e-03 7.111309999999999854e-02 3.497623917989965414e-01 5.746857139359634256e-03 9.368208168673799463e-01 6.556174000000000168e-01
9.496430208835177078e-01 4.862657191787006679e-03 -3.132961657158636615e-01 -6.886893299999999662e+00 -6.394851989371542166e-03 9.999720906422360223e-01 -3.863134042437223279e-03 7.051970000000000460e-02 3.132686367245543502e-01 5.672080890728607543e-03 9.496476129297163338e-01 7.065356999999999887e-01
9.589474577456629234e-01 5.313749154367128011e-03 -2.835340144551521391e-01 -6.901007199999999564e+00 -6.081062612683048318e-03 9.999798427117738697e-01 -1.826156520323406543e-03 6.964850000000000207e-02 2.835185954406351794e-01 3.475376247336957845e-03 9.589604412066792261e-01 7.595667000000000391e-01
9.755015112467675387e-01 6.411423088040432879e-03 -2.198992842399872527e-01 -6.941676600000000086e+00 -5.490579145025460163e-03 9.999734136667854933e-01 4.798489371461244109e-03 6.728240000000000609e-02 2.199242030698867201e-01 -3.473559209507895602e-03 9.755107786644354739e-01 9.241555000000000186e-01
9.814195755512415964e-01 1.490126296906225771e-02 -1.912944564976927220e-01 -6.965956199999999932e+00 -1.367133444670230215e-02 9.998765256193502537e-01 7.747782251925773578e-03 6.631769999999999332e-02 1.913862882739179039e-01 -4.988574676568335170e-03 9.815021155267211750e-01 1.046057199999999909e+00
9.838301032771303856e-01 1.328500480706810115e-02 -1.786108522262497278e-01 -6.976101400000000119e+00 -1.208167990421146233e-02 9.998964099193020649e-01 7.823198909865084275e-03 6.552189999999999404e-02 1.786962811487782798e-01 -5.538779447434135500e-03 9.838886934129437156e-01 1.108420299999999914e+00
9.863670785537076435e-01 1.362972445887948754e-02 -1.639945638019714991e-01 -6.987104399999999771e+00 -1.259709867131273732e-02 9.998937492251486203e-01 7.335077746063204882e-03 6.549359999999999904e-02 1.640771143410594546e-01 -5.169223505576350450e-03 9.864339712711946984e-01 1.176026800000000039e+00
9.908241991668967907e-01 1.682430064913535694e-02 -1.341057390753468970e-01 -7.006932299999999891e+00 -1.592173538171056529e-02 9.998428173596719537e-01 7.799930557925901717e-03 6.641829999999999956e-02 1.342158883579447903e-01 -5.593163857887942930e-03 9.909363308660887881e-01 1.315770399999999896e+00
9.937689883874103458e-01 1.780168168271133514e-02 -1.100286228611919437e-01 -7.023392699999999600e+00 -1.793011913688673589e-02 9.998392266613980173e-01 -1.779237884300291332e-04 6.463610000000000189e-02 1.100077658495073607e-01 2.149641459606917073e-03 9.939284031027562083e-01 1.455037799999999937e+00
9.948182887197734026e-01 1.618554829896356670e-02 -1.003723092039010417e-01 -7.030492299999999695e+00 -1.690528840009234215e-02 9.998370943420434864e-01 -6.324239224545893760e-03 6.406509999999999982e-02 1.002535967074064810e-01 7.988291677292402512e-03 9.949298485538099479e-01 1.526681500000000025e+00
9.956355635812685900e-01 1.623896494287068587e-02 -9.190277770445202943e-02 -7.037443599999999577e+00 -1.691897100119148234e-02 9.998349160515909162e-01 -6.624882215470723201e-03 6.357100000000000251e-02 9.178002480099113625e-02 8.150868769170288575e-03 9.957459467082139248e-01 1.599800200000000006e+00
9.965045926186012482e-01 2.240646929738378604e-02 -8.047699686035200695e-02 -7.051115000000000244e+00 -2.184414079992875665e-02 9.997304814046672483e-01 7.861174410046866540e-03 6.104180000000000023e-02 8.063144797626170535e-02 -6.075745552414572002e-03 9.967254661707173335e-01 1.748841000000000090e+00
9.968509927650791580e-01 2.291856334393616718e-02 -7.591335638427529342e-02 -7.057257199999999564e+00 -2.209969867156463819e-02 9.996883630997320802e-01 1.160947895489588925e-02 6.014039999999999664e-02 7.615577156002065196e-02 -9.895258320433678381e-03 9.970468305555511002e-01 1.823328899999999919e+00
9.971354982139856160e-01 2.157614389229034133e-02 -7.249322876162762885e-02 -7.063113699999999717e+00 -2.086692201931216947e-02 9.997268446428446698e-01 1.052652202303487779e-02 5.951719999999999927e-02 7.270054860168827238e-02 -8.983658230402332898e-03 9.973133530229166821e-01 1.897453199999999951e+00
9.977719895457015653e-01 1.808496351913694428e-02 -6.421830714464397960e-02 -7.078199399999999919e+00 -1.721334903672797761e-02 9.997524124047837413e-01 1.410015977763950067e-02 5.810379999999999712e-02 6.445740836360179526e-02 -1.296333233881908319e-02 9.978362563676071995e-01 2.119626499999999858e+00
9.979863214009845329e-01 1.571947043290770896e-02 -6.145079776406349448e-02 -7.082753199999999971e+00 -1.476185185360675070e-02 9.997629104129395206e-01 1.600658278649516944e-02 5.732380000000000114e-02 6.168784342464127268e-02 -1.506722310041557801e-02 9.979817577298992770e-01 2.193939400000000095e+00
9.981487389391412446e-01 1.492173776613414139e-02 -5.896131525195712209e-02 -7.087177299999999569e+00 -1.421424351213660710e-02 9.998220748154533766e-01 1.240056422505010289e-02 5.668610000000000315e-02 5.913586251657811099e-02 -1.153951705058041746e-02 9.981832443547926648e-01 2.267082499999999889e+00
9.982915073264494454e-01 1.801687547243595311e-02 -5.558289843194717805e-02 -7.096466099999999777e+00 -1.818081423964629240e-02 9.998317254489504924e-01 -2.445154260542132304e-03 5.502359999999999890e-02 5.552949120484443335e-02 3.451519083694654186e-03 9.984510817373808411e-01 2.411858599999999964e+00
9.983299599974537752e-01 1.923916614595958668e-02 -5.447151051228934365e-02 -7.100682700000000125e+00 -1.961197620139727704e-02 9.997877051835313278e-01 -6.317828212615775839e-03 5.363210000000000199e-02 5.433839674629822175e-02 7.375571154592672034e-03 9.984953377904102201e-01 2.484288499999999900e+00
9.984006545658281606e-01 2.062959059022625649e-02 -5.263604235317777269e-02 -7.104730599999999896e+00 -2.089726284376726070e-02 9.997713202340997585e-01 -4.540004736079847510e-03 5.208419999999999717e-02 5.253034711635151677e-02 5.632692912344102083e-03 9.986034425147906068e-01 2.556617699999999882e+00
9.984879689821264392e-01 2.684747352815131799e-02 -4.796862477811056347e-02 -7.113820999999999728e+00 -2.666539180029480621e-02 9.996345909784466466e-01 4.431861853713498813e-03 4.919389999999999874e-02 4.807008090366313158e-02 -3.146058567294106410e-03 9.988390108708241621e-01 2.703224699999999814e+00
9.987735044005059404e-01 2.169564285337518411e-02 -4.450602193761425684e-02 -7.120588299999999649e+00 -2.142813523855826435e-02 9.997493977331395332e-01 6.478946860640961460e-03 4.679219999999999907e-02 4.463543354478220759e-02 -5.517319403817589306e-03 9.989881066653725217e-01 2.848094699999999868e+00
9.989017418615273591e-01 1.962500582408683789e-02 -4.254608386692238647e-02 -7.126955500000000221e+00 -1.944657648893933707e-02 9.998002985646575747e-01 4.603656468663001010e-03 4.507030000000000064e-02 4.262793413791556713e-02 -3.771224791256625429e-03 9.990838989267655235e-01 2.992003400000000202e+00
9.990160989855370044e-01 1.631433068418380525e-02 -4.123926020246937441e-02 -7.133447600000000222e+00 -1.619683585092187780e-02 9.998637605739228995e-01 3.181634704243249245e-03 4.346450000000000313e-02 4.128554803000884788e-02 -2.510558762517241162e-03 9.991442341416787443e-01 3.137588699999999786e+00
9.989973865632807426e-01 1.910257829360431647e-02 -4.048843220318337072e-02 -7.140952099999999803e+00 -1.898102911766539475e-02 9.998141159174189774e-01 3.384397421129126723e-03 4.157099999999999684e-02 4.054555676482193144e-02 -2.612492068222259985e-03 9.991742754453919462e-01 3.283937900000000187e+00
9.988787996344018483e-01 1.640720106537318576e-02 -4.440661430616960753e-02 -7.148379300000000214e+00 -1.625559234660205535e-02 9.998607500898732958e-01 3.773081920278123415e-03 4.001849999999999852e-02 4.446233640282056671e-02 -3.046995719795795709e-03 9.990064146233926801e-01 3.432364000000000193e+00
9.984737136033526861e-01 2.236319045546703368e-02 -5.049882133062616463e-02 -7.157819700000000118e+00 -2.222974479572780923e-02 9.997477586955537676e-01 3.202722206740475294e-03 3.863359999999999711e-02 5.055770652874602700e-02 -2.075258024739211511e-03 9.987189853080213897e-01 3.583601700000000001e+00
9.983342187381740729e-01 2.306487786066690679e-02 -5.288477196426274313e-02 -7.163081599999999938e+00 -2.319301377745190337e-02 9.997293666276833024e-01 -1.810418219661604064e-03 3.780250000000000277e-02 5.282870250496863457e-02 3.033959703699771332e-03 9.985989802118554470e-01 3.659307200000000204e+00
9.980879733434351309e-01 2.337874951825002698e-02 -5.721740590202550880e-02 -7.173434699999999609e+00 -2.380075843159169466e-02 9.996942358815325003e-01 -6.705120678981046911e-03 3.568369999999999875e-02 5.704315353550534762e-02 8.054117965463788303e-03 9.983392258238293904e-01 3.813264100000000045e+00
9.978458295424219582e-01 2.264654951708307967e-02 -6.156975117511887668e-02 -7.184474899999999664e+00 -2.296111726421094790e-02 9.997266483561544348e-01 -4.406320522729050178e-03 3.276199999999999946e-02 6.145313302651787130e-02 5.810538833892562281e-03 9.980930568237036393e-01 3.970185999999999993e+00
9.977119072189933879e-01 2.137298126774367368e-02 -6.414160790912146193e-02 -7.196108800000000194e+00 -2.134735957417364244e-02 9.997715305819206977e-01 1.084839663062034300e-03 3.030209999999999848e-02 6.415013977108491305e-02 2.868965184412433037e-04 9.979402172764348933e-01 4.128714099999999831e+00
9.976503480219125475e-01 2.104917675990184908e-02 -6.519750953439240604e-02 -7.201536700000000124e+00 -2.070973194742024501e-02 9.997682515302581674e-01 5.877944776585790863e-03 2.931800000000000031e-02 6.530612600991411720e-02 -4.513910705917755124e-03 9.978550668888324093e-01 4.209633799999999759e+00
9.977509204400224485e-01 2.422297661341091951e-02 -6.250078531566002904e-02 -7.213432300000000019e+00 -2.376089182296895613e-02 9.996846437389246276e-01 8.126074843153453797e-03 2.778179999999999886e-02 6.267791302257313957e-02 -6.622724255584865743e-03 9.980118329672095223e-01 4.372026400000000201e+00
9.978730453759387942e-01 2.438594848712779053e-02 -6.045420439086623965e-02 -7.219109500000000068e+00 -2.401126595567338803e-02 9.996877609451211288e-01 6.916626615362658770e-03 2.706510000000000166e-02 6.060399672757070533e-02 -5.450333284632482428e-03 9.981470079340672985e-01 4.453782600000000258e+00
9.980019689999779509e-01 2.243751334897371719e-02 -5.906460756562739028e-02 -7.224100100000000246e+00 -2.219848371038690704e-02 9.997425353274933535e-01 4.700040203584497298e-03 2.615210000000000104e-02 5.915485773059241809e-02 -3.379504648650411350e-03 9.982430975244471760e-01 4.535878199999999971e+00
9.981855139755940742e-01 1.835188958495821351e-02 -5.734882595084731666e-02 -7.228668700000000058e+00 -1.820948613770806759e-02 9.998296785570263134e-01 3.004744773518412248e-03 2.529920000000000085e-02 5.739420096037311375e-02 -1.955000054954169394e-03 9.983496800574964691e-01 4.618500199999999722e+00
9.983096843501750861e-01 1.722592928494589073e-02 -5.550713010887842191e-02 -7.233708400000000260e+00 -1.711233321394825188e-02 9.998503946263891384e-01 2.521193651576350298e-03 2.462160000000000043e-02 5.554225584749612754e-02 -1.567075532317744376e-03 9.984551076987123741e-01 4.701350699999999883e+00
9.983639031248967566e-01 1.468132410836761256e-02 -5.526278729531205330e-02 -7.238090500000000205e+00 -1.440748217301206918e-02 9.998818916732972184e-01 5.350435614342894872e-03 2.311250000000000110e-02 5.533481177935078293e-02 -4.545484160565660403e-03 9.984575089502256695e-01 4.784098600000000090e+00
9.984377826387993426e-01 1.165757212819206433e-02 -5.464517555460571968e-02 -7.242499800000000043e+00 -1.124051322211199778e-02 9.999053524585025388e-01 7.933283515751340248e-03 2.186590000000000061e-02 5.473248634788304562e-02 -7.306650184165529652e-03 9.984743200509790251e-01 4.866843700000000439e+00
9.984982642425838106e-01 1.154500957719863455e-02 -5.355304901132765943e-02 -7.247789899999999896e+00 -1.113830621911551799e-02 9.999068649953185561e-01 7.886664047812758788e-03 2.130719999999999836e-02 5.363911295982142641e-02 -7.278330103549960663e-03 9.985338609540426180e-01 4.948296100000000308e+00
9.985529133300614646e-01 1.567484114548315863e-02 -5.144296487480848334e-02 -7.258853399999999567e+00 -1.573898095532700811e-02 9.998757801026568748e-01 -8.419279014796746726e-04 1.857500000000000123e-02 5.142337754888105794e-02 1.650369403286561102e-03 9.986755792159424105e-01 5.110563299999999920e+00
9.985723166923256011e-01 1.738377346641795454e-02 -5.050873940012921837e-02 -7.263556999999999597e+00 -1.772428982212269702e-02 9.998230538139223356e-01 -6.301635700672821722e-03 1.709439999999999918e-02 5.039025586384038302e-02 7.187870496249883917e-03 9.987037381684850113e-01 5.191055799999999998e+00
9.985023101411273361e-01 2.211376113611728325e-02 -5.004116516675782833e-02 -7.268703000000000358e+00 -2.273696244318033563e-02 9.996704306912558291e-01 -1.191891523656819947e-02 1.491100000000000064e-02 4.976110109000196624e-02 1.303884849109918607e-02 9.986760341814239217e-01 5.270521600000000362e+00
9.986115617523729782e-01 1.961313900377289338e-02 -4.889042352961638083e-02 -7.277355199999999691e+00 -1.996685820148354912e-02 9.997778088397738516e-01 -6.757035230213865977e-03 1.077760000000000003e-02 4.874703383846482052e-02 7.723841658085998409e-03 9.987812918562263276e-01 5.431387400000000198e+00
9.985648729825920000e-01 1.738658269748116422e-02 -5.065472522246707715e-02 -7.286841400000000135e+00 -1.690311910759634620e-02 9.998075515435932425e-01 9.957130150783427211e-03 7.289300000000000293e-03 5.081809726558448453e-02 -9.086617550490264442e-03 9.986665881923740828e-01 5.591094000000000008e+00
9.983974087898720429e-01 1.000870556089103122e-02 -5.569955057865829534e-02 -7.295612300000000161e+00 -9.792518894746287533e-03 9.999434284571697695e-01 4.152885625324815623e-03 5.335699999999999645e-03 5.573796457859903769e-02 -3.600791345854615234e-03 9.984389383464161716e-01 5.747322600000000392e+00
9.980642818898894930e-01 1.062329383194997139e-02 -6.127670718779882481e-02 -7.306140400000000312e+00 -1.062081704554231933e-02 9.999435304992974061e-01 3.661391618125254817e-04 2.495799999999999842e-03 6.127713652663855509e-02 2.853782765886952295e-04 9.981207497584323463e-01 5.901126399999999883e+00
9.975185356547308091e-01 1.320153154405758443e-02 -6.915555357404573611e-02 -7.318409899999999801e+00 -1.366922983783598784e-02 9.998867616790843016e-01 -6.294122222708169699e-03 -5.079000000000000398e-04 6.906463046221178459e-02 7.223806739194164363e-03 9.975860330995581782e-01 6.051659100000000180e+00
9.969534229141759907e-01 1.942842876591321932e-02 -7.554077505159738359e-02 -7.331945400000000390e+00 -2.025591132085972912e-02 9.997427617496806862e-01 -1.020335168866915408e-02 -4.533699999999999883e-03 7.532310798333848034e-02 1.170241363177002177e-02 9.970905088902015656e-01 6.200824700000000078e+00
9.966190146240849757e-01 2.255190113585045161e-02 -7.900602157352792920e-02 -7.339390299999999812e+00 -2.330676548567836223e-02 9.996909786843543033e-01 -8.645335141759925499e-03 -6.060699999999999595e-03 7.878663828539408942e-02 1.045748020684641143e-02 9.968366499760178412e-01 6.275274800000000042e+00
9.958273545364428880e-01 2.638094732988903457e-02 -8.736089270907881899e-02 -7.354052499999999881e+00 -2.622167067158551190e-02 9.996517395035144915e-01 2.970470465858276662e-03 -9.517700000000000465e-03 8.740883218611533723e-02 -6.673271875511023639e-04 9.961722997204269792e-01 6.421624200000000116e+00
9.947485536157487651e-01 2.597133922972333364e-02 -9.899901321725629311e-02 -7.369743800000000178e+00 -2.534450419043532410e-02 9.996500058254340626e-01 7.584323341644727719e-03 -1.129390000000000081e-02 9.916133917367625505e-02 -5.035413768921540890e-03 9.950586281327642446e-01 6.565271899999999938e+00
9.934661009635357143e-01 2.411270444488261902e-02 -1.115512605068338520e-01 -7.386984299999999948e+00 -2.304793566885917147e-02 9.996757533723797939e-01 1.082500719487310657e-02 -1.282329999999999928e-02 1.117761105859114285e-01 -8.183251414851150721e-03 9.936997209914911755e-01 6.707714600000000083e+00
9.918478357506138599e-01 3.120463108618765080e-02 -1.235481352170002128e-01 -7.407335299999999734e+00 -3.065754868252500154e-02 9.995099204707669216e-01 6.327210230413663622e-03 -1.447490000000000061e-02 1.236850250661002543e-01 -2.487946803324569620e-03 9.923184089268434205e-01 6.849043400000000226e+00
9.903928102490940910e-01 3.175582186020946274e-02 -1.345869577072180967e-01 -7.428199300000000171e+00 -3.173194204645649052e-02 9.994937153999364776e-01 2.323086307278026189e-03 -1.614360000000000100e-02 1.345925899181013297e-01 1.969937565858060659e-03 9.908990635201571084e-01 6.987193600000000338e+00
9.896697831848911830e-01 3.342290405512281931e-02 -1.394153138478427256e-01 -7.439217099999999583e+00 -3.271780878546553389e-02 9.994376253244527941e-01 7.346977208116880695e-03 -1.657619999999999927e-02 1.395824675202733123e-01 -2.709717760381985616e-03 9.902067421456041130e-01 7.056789900000000060e+00
9.877884750133986147e-01 3.314337134714495647e-02 -1.522348369015765479e-01 -7.460717200000000382e+00 -3.138445195154887513e-02 9.994101295017863151e-01 1.394307085701092935e-02 -1.872669999999999890e-02 1.526071584376213763e-01 -8.994997774761176457e-03 9.882459942790694507e-01 7.193029899999999977e+00
9.853405116161678690e-01 2.887222969778257403e-02 -1.681382482371785725e-01 -7.483804199999999796e+00 -2.879405794124256096e-02 9.995811483198129288e-01 2.903472217961648554e-03 -1.947199999999999973e-02 1.681516529661988557e-01 1.980473661170684130e-03 9.857591487421318854e-01 7.326747400000000354e+00
9.818390460138237685e-01 2.586397426485836926e-02 -1.879445198932157002e-01 -7.510078400000000265e+00 -2.553424558883957141e-02 9.996652269584113126e-01 4.175681069834433039e-03 -2.146210000000000132e-02 1.879896008423695419e-01 6.991748099656909781e-04 9.821707698408214116e-01 7.460871700000000217e+00
9.770071681040387590e-01 2.688265299642857847e-02 -2.115048851473652625e-01 -7.539059599999999861e+00 -2.357443652470486706e-02 9.995573526818750665e-01 1.814785502874292564e-02 -2.259950000000000153e-02 2.118991255665516604e-01 -1.274447595922320944e-02 9.772084418979686271e-01 7.593893999999999700e+00
9.716727518162535659e-01 3.150919989430309154e-02 -2.342204809572602242e-01 -7.571865999999999985e+00 -2.827066002590549604e-02 9.994527895162106379e-01 1.717239965656849887e-02 -2.348070000000000018e-02 2.346334016280058887e-01 -1.006438524133962571e-02 9.720318281775472968e-01 7.722713899999999576e+00
9.655906492179662237e-01 2.868596236631858892e-02 -2.584798129563403157e-01 -7.607628300000000010e+00 -2.879390310002007819e-02 9.995796926399492799e-01 3.368858277088630868e-03 -2.409489999999999896e-02 2.584678109302843141e-01 4.189704636678847488e-03 9.660107851820103342e-01 7.848912699999999631e+00
9.589316394096035756e-01 2.832282762856904584e-02 -2.822196456208044268e-01 -7.645791499999999630e+00 -2.491701420702611275e-02 9.995670099234537087e-01 1.565040177417264394e-02 -2.460750000000000090e-02 2.825407109466119837e-01 -7.975594511290883676e-03 9.592221518240571232e-01 7.977691700000000274e+00
9.553756715171837222e-01 2.817517785077016876e-02 -2.940467405467501183e-01 -7.666501499999999858e+00 -2.304885214835069793e-02 9.995161617971309864e-01 2.088522733835955839e-02 -2.480009999999999853e-02 2.944929144949565702e-01 -1.317579824560782299e-02 9.555628297777479796e-01 8.041487699999999350e+00
