9.999851493755853582e-01 -9.742588389332204276e-05 -5.448994080126800567e-03 1.812000000000000134e-04 9.897340013242953902e-05 9.999999548503729629e-01 2.837314187394834202e-04 6.039999999999999769e-05 5.448966191322491236e-03 -2.842665106221607435e-04 9.999851138691998598e-01 -6.889999999999999424e-05
9.993450113546857860e-01 9.230629630123431476e-04 -3.617590683409700747e-02 -2.210000000000000050e-04 -1.118995027845401131e-03 9.999848142144283081e-01 -5.396220034707927687e-03 1.711099999999999904e-03 3.617037642367866568e-02 5.433166231732729917e-03 9.993308684184971646e-01 2.595309999999999978e-02
9.987388351255909180e-01 6.784040136825586313e-04 -5.020238022217578255e-02 -1.327300000000000008e-03 -9.982585643867683545e-04 9.999793624735191511e-01 -6.346503517123783765e-03 1.738100000000000018e-03 5.019703867576567891e-02 6.388614485822061324e-03 9.987189008490503506e-01 3.595829999999999860e-02
6.601579855643491257e-01 1.501795006082940441e-02 -7.509766276466870449e-01 -2.077335999999999905e-01 -1.565724429366159576e-02 9.998580007021390381e-01 6.231302676805160722e-03 -6.128899999999999626e-03 7.509635708852654412e-01 7.644580295332890733e-03 6.602993833068142582e-01 3.502498000000000000e-01
6.156347522098204461e-01 1.444862891743716772e-02 -7.878991616913669782e-01 -2.297208000000000028e-01 -1.297657496043487339e-02 9.998822051650383402e-01 8.196602747254441365e-03 -6.115599999999999682e-03 7.879247809111279421e-01 5.178119031683500566e-03 6.157497273320099440e-01 3.634221000000000257e-01
4.113049621236142261e-01 1.927372710302189748e-02 -9.112939984308303654e-01 -3.385073000000000110e-01 -4.583056070922982179e-03 9.998075085395207173e-01 1.907724993406850061e-02 -6.481200000000000329e-03 9.114862718272518372e-01 -3.670056069650668579e-03 4.113141220027615175e-01 4.058954000000000173e-01
2.471467077291360781e-01 2.640715939858515049e-02 -9.686181738905927929e-01 -4.367463999999999791e-01 3.743628089359277503e-03 9.995950967332695170e-01 2.820687567835484730e-02 -6.464799999999999713e-03 9.689708406899444348e-01 -1.059738266287115274e-02 2.469477786361301552e-01 4.263038000000000105e-01
1.963719523078383267e-01 2.672067536930110981e-02 -9.801653237360606896e-01 -4.730264000000000135e-01 6.133450071311184748e-03 9.995755839538558174e-01 2.847863679200431444e-02 -5.982600000000000244e-03 9.805102942534723587e-01 -1.160420058067741442e-02 1.961247189720168871e-01 4.301373000000000002e-01
1.485349618919330206e-01 2.781229869874563693e-02 -9.885159792015772995e-01 -5.105081999999999676e-01 4.179471964834766476e-03 9.995778514119657565e-01 2.875153875418481192e-02 -5.601499999999999709e-03 9.888983249605879378e-01 -8.402083535051452223e-03 1.483560173448076336e-01 4.320708999999999800e-01
1.878317392690128252e-03 2.112216395983123468e-02 -9.997751377752033264e-01 -6.820365000000000455e-01 2.918487786968371536e-03 9.997725277730107329e-01 2.112759189784582659e-02 -2.256000000000000193e-03 9.999939771582677661e-01 -2.957515852638939458e-03 1.816245350098721900e-03 4.299089999999999856e-01
-2.509855403559746803e-02 1.931928053245000887e-02 -9.994982881351175408e-01 -7.298601000000000116e-01 2.382791109913287228e-03 9.998115636309549137e-01 1.926550119647938569e-02 -1.698300000000000027e-03 9.996821419290475852e-01 -1.898059412539197799e-03 -2.513985836510934657e-02 4.271158999999999928e-01
-4.560051579254102705e-02 1.703388953781078199e-02 -9.988145170984794596e-01 -7.782430000000000181e-01 2.032960706028691562e-03 9.998541223618832019e-01 1.695880499080301002e-02 -9.300000000000000541e-04 9.989576868067149285e-01 -1.257220411066501883e-03 -4.562849292510151589e-02 4.229845999999999884e-01
-7.534792689614890071e-02 1.646518691528832401e-02 -9.970213576109074882e-01 -8.803992000000000484e-01 3.326020427832800282e-03 9.998622533915161315e-01 1.626074509219107081e-02 1.067599999999999929e-03 9.971517575076354056e-01 -2.090899969916143290e-03 -7.539231152279102233e-02 4.139176999999999995e-01
-9.187665463587386949e-02 1.928374051951921991e-02 -9.955836567986116048e-01 -9.871220000000000550e-01 6.319465553667243801e-04 9.998133960516291108e-01 1.930734884077293934e-02 6.453000000000000186e-04 9.957701948624848587e-01 1.144738958884748692e-03 -9.187169638275161088e-02 4.021923000000000026e-01
-9.645517675511502964e-02 2.035756080561562306e-02 -9.951291215692491532e-01 -1.043465899999999946e+00 6.644146057567280883e-04 9.997919111703985617e-01 2.038854853768361924e-02 1.313399999999999941e-03 9.953371074316336165e-01 1.305402729998040093e-03 -9.644863137101189476e-02 3.963585000000000025e-01
-9.797247583151323658e-02 2.104624636988231684e-02 -9.949665569722339065e-01 -1.101419600000000054e+00 2.901588670085376159e-03 9.997781477797799132e-01 2.086231063957679280e-02 2.220800000000000204e-03 9.951848947620904884e-01 -8.430514638990277421e-04 -9.801180797024422464e-02 3.908201000000000036e-01
-9.563219075477254194e-02 2.573051860012817368e-02 -9.950841293599306248e-01 -1.221817900000000012e+00 4.156302584379753529e-03 9.996674663951388151e-01 2.544959292309150606e-02 3.689899999999999864e-03 9.954080616713276708e-01 -1.702070413481559727e-03 -9.570733365859518393e-02 3.791277000000000119e-01
-9.375559260765352343e-02 2.553834958353167622e-02 -9.952676431771191323e-01 -1.283839699999999917e+00 1.840284653742748494e-03 9.996736879113716778e-01 2.547805035850832234e-02 4.487900000000000396e-03 9.955935426704921598e-01 5.571339397440217694e-04 -9.377199685722958922e-02 3.724933999999999745e-01
-9.230572187745572643e-02 2.293742181570387201e-02 -9.954664878282591944e-01 -1.346970199999999895e+00 -9.047107324773422110e-05 9.997344441631660361e-01 2.304415259345381911e-02 5.373600000000000078e-03 9.957307093404653697e-01 2.217168061728976361e-03 -9.227913438106882804e-02 3.664125999999999772e-01
-9.098385683447496319e-02 2.293280170858068984e-02 -9.955882805664795221e-01 -1.412072299999999947e+00 -6.908737441658225481e-04 9.997331190667222423e-01 2.309141257248137347e-02 6.310600000000000410e-03 9.958521278226972751e-01 2.788771578643014365e-03 -9.094373130726918220e-02 3.605000999999999900e-01
-8.740284461410827155e-02 2.898427658197844786e-02 -9.957513015127732459e-01 -1.546868600000000038e+00 -1.124351901264640172e-03 9.995731257720554819e-01 2.919421290400884411e-02 8.847900000000000556e-03 9.961724140861181187e-01 3.671232123122904201e-03 -8.733294606581176733e-02 3.481051000000000006e-01
-8.559252890249884060e-02 3.136357217314447721e-02 -9.958364551153039423e-01 -1.616363800000000017e+00 -1.463952207361582034e-03 9.994993726198604378e-01 3.160476192664782302e-02 9.489700000000000218e-03 9.963291503514334346e-01 4.162988475300388735e-03 -8.550376416828120441e-02 3.419330999999999898e-01
-8.388514953877913849e-02 3.064996848780058084e-02 -9.960039463368375312e-01 -1.687861400000000067e+00 -3.309439977393798665e-03 9.995127676043736864e-01 3.103667190407635376e-02 1.088639999999999920e-02 9.964699339638367626e-01 5.899731141508577498e-03 -8.374284374539253673e-02 3.357060000000000044e-01
-8.074541116246793104e-02 2.702244539850850308e-02 -9.963683887101644210e-01 -1.832537899999999942e+00 -6.683065818133814354e-03 9.995952821557204659e-01 2.765155553121940307e-02 1.364590000000000074e-02 9.967123532933035435e-01 8.891531741508078290e-03 -8.053213927256164251e-02 3.230551999999999868e-01
-7.914136676528586711e-02 2.923622647892094861e-02 -9.964345874806812553e-01 -1.906933900000000071e+00 -3.848516505886682981e-03 9.995534254745159775e-01 2.963340248546048050e-02 1.524690000000000073e-02 9.968559740440070538e-01 6.180022931560958874e-03 -7.899350814680250465e-02 3.172995000000000121e-01
-7.814296819664158511e-02 3.152603711330327629e-02 -9.964435686507034928e-01 -1.982518699999999967e+00 -1.773044294889784128e-03 9.994939007677768883e-01 3.176159067083728776e-02 1.617740000000000150e-02 9.969405864119219585e-01 4.248683554241737201e-03 -7.804752304018935938e-02 3.113561000000000245e-01
-7.674347993203152474e-02 3.315150871725769388e-02 -9.964995814137060925e-01 -2.060819599999999863e+00 -5.582335777421197631e-04 9.994454950208230271e-01 3.329250452961733664e-02 1.773349999999999926e-02 9.970507141881974622e-01 3.111262179806851755e-03 -7.668241900497108077e-02 3.045259000000000160e-01
-7.582203413841041850e-02 2.143854875235692153e-02 -9.968908705402547143e-01 -2.211857800000000207e+00 8.675086159019521764e-04 9.997698787358426653e-01 2.143448159671276082e-02 1.964350000000000124e-02 9.971209889315916231e-01 7.603945760574111479e-04 -7.582318400181864426e-02 2.928941999999999934e-01
-7.663440072997913799e-02 1.770605770296661968e-02 -9.969020333740802320e-01 -2.367535100000000003e+00 5.090165316980581334e-03 9.998362274689878149e-01 1.736687817738898770e-02 2.132950000000000124e-02 9.970462671520327058e-01 -3.743495853033401190e-03 -7.671197688102904255e-02 2.812825999999999937e-01
-7.651815540844929264e-02 2.529095014302287781e-02 -9.967473800987646237e-01 -2.446715800000000218e+00 4.358488399345052458e-03 9.996771817720645492e-01 2.503069761583496394e-02 2.155419999999999905e-02 9.970586620012690249e-01 -2.429009083087673229e-03 -7.660368426592223390e-02 2.744080999999999881e-01
-7.721870055889638873e-02 3.759164406755231141e-02 -9.963052446817155516e-01 -2.609388099999999877e+00 1.081634673554654480e-03 9.992915135368678481e-01 3.762048696692972538e-02 2.407710000000000058e-02 9.970135918584197565e-01 1.827366819887130817e-03 -7.720465258050912549e-02 2.605405000000000082e-01
-7.782133280340122750e-02 3.786644529820609728e-02 -9.962479472908239986e-01 -2.690170999999999868e+00 -4.548339549506931478e-04 9.992769850415773591e-01 3.801710525919449468e-02 2.555489999999999845e-02 9.969672177593281726e-01 3.411669194575500663e-03 -7.774784387062505520e-02 2.533816999999999875e-01
-7.847026605057547122e-02 3.149283933599024421e-02 -9.964188970591181249e-01 -2.847241200000000028e+00 -7.635445234949692767e-04 9.994987117645984798e-01 3.165031090950970460e-02 2.836949999999999888e-02 9.969161621448980881e-01 3.244418509609044848e-03 -7.840688364437120583e-02 2.402674999999999950e-01
-7.855911637853352225e-02 3.514563496513425922e-02 -9.962897417803321387e-01 -3.007359000000000115e+00 -3.611276537104638612e-03 9.993617739158295876e-01 3.553876077719865523e-02 3.076380000000000087e-02 9.969029159931251938e-01 6.389771412494174921e-03 -7.838205729438008085e-02 2.259398999999999991e-01
-7.847961891560543968e-02 2.826268104242736501e-02 -9.965150125688801985e-01 -3.163900100000000215e+00 -4.705087732408989518e-03 9.995764206696079457e-01 2.872005206759695867e-02 3.329939999999999983e-02 9.969046150782390203e-01 6.942629302300584379e-03 -7.831339817731797215e-02 2.132361000000000117e-01
-7.771976696917855254e-02 2.472494627120463279e-02 -9.966686083418816455e-01 -3.320603800000000216e+00 -5.455448623511901726e-03 9.996669198006070678e-01 2.522474056720610744e-02 3.528270000000000017e-02 9.969603181183157581e-01 7.397735346217477331e-03 -7.755899437959801190e-02 2.004498999999999864e-01
-7.631244453292741758e-02 3.226875187486753782e-02 -9.965616581335285940e-01 -3.476789699999999872e+00 -4.855966778142260451e-03 9.994522958716356431e-01 3.273420021271607888e-02 3.632660000000000056e-02 9.970721289836854684e-01 7.337297142329399571e-03 -7.611395190493464025e-02 1.875603000000000131e-01
-7.682365515599598460e-02 4.100530361965237791e-02 -9.962011298344992660e-01 -3.635113699999999781e+00 -4.191186851808779285e-03 9.991318242586268994e-01 4.144914602740887299e-02 3.903720000000000107e-02 9.970358869976776450e-01 7.359539978039585095e-03 -7.658509783284084271e-02 1.754971999999999921e-01
-7.584412192210275572e-02 3.668022060180626404e-02 -9.964447955539073032e-01 -3.791603999999999974e+00 -4.100666356018599357e-03 9.993032349007483495e-01 3.709756396768292691e-02 4.234050000000000313e-02 9.971112544271587552e-01 6.899719813335682128e-03 -7.564086303841088821e-02 1.621264000000000038e-01
-7.509999786671033017e-02 2.948473009548130755e-02 -9.967400067277406572e-01 -3.946459799999999962e+00 -9.000326466512543339e-03 9.995020061018800028e-01 3.024456846796879164e-02 4.485000000000000098e-02 9.971353892245106154e-01 1.124235249020760427e-02 -7.479722632938756721e-02 1.483965999999999896e-01
-7.630875202555771619e-02 2.601050068335993351e-02 -9.967449163243838894e-01 -4.101462399999999953e+00 -9.839801351459367268e-03 9.995913639896937264e-01 2.683809506256667338e-02 4.633690000000000031e-02 9.970356827484491147e-01 1.185575351567666469e-02 -7.602163136180228875e-02 1.359451999999999883e-01
-7.821505709978547605e-02 2.068383614774309959e-02 -9.967219189749420005e-01 -4.254114600000000301e+00 -2.310570076369119000e-03 9.997783033790361706e-01 2.092857755457996904e-02 4.781200000000000033e-02 9.969338323624089560e-01 3.939925728893466789e-03 -7.814992563305045437e-02 1.246020000000000044e-01
-8.188574291462719090e-02 3.066394942286987391e-02 -9.961698887805788827e-01 -4.408266499999999866e+00 4.695155089070104926e-04 9.995276513162769660e-01 3.072871310930375133e-02 4.854699999999999988e-02 9.966416129494625187e-01 2.048526289477129933e-03 -8.186146149156414698e-02 1.119099000000000066e-01
-8.515876043772603599e-02 3.337473943296773160e-02 -9.958082708476021505e-01 -4.562505699999999997e+00 2.239642048608006530e-03 9.994427245120066639e-01 3.330502099550800010e-02 5.080300000000000094e-02 9.963648777050524430e-01 6.059602285879810146e-04 -8.518605101774157085e-02 9.876039999999999819e-02
-8.756987315333698840e-02 2.587762581336483514e-02 -9.958222059173875707e-01 -4.711278899999999936e+00 -5.733908989131749831e-03 9.996328753878624962e-01 2.648087482502248929e-02 5.192580000000000112e-02 9.961418772462147242e-01 8.028880747503332194e-03 -8.738934414635202153e-02 8.327439999999999842e-02
-8.938338264251396992e-02 2.576429083020452190e-02 -9.956640056893684143e-01 -4.858756999999999771e+00 -1.169073143797914535e-02 9.995693659495430428e-01 2.691485563166930856e-02 5.291970000000000007e-02 9.959286810338514595e-01 1.404578133267046260e-02 -8.904368770961712531e-02 6.819089999999999874e-02
-9.092879644969306674e-02 2.666753440536333980e-02 -9.955002745278120901e-01 -5.005185599999999901e+00 -1.344711707786962196e-02 9.995173758019039179e-01 2.800340179995170972e-02 5.468230000000000313e-02 9.957666036870811421e-01 1.593292436479361654e-02 -9.052631055489568368e-02 5.379450000000000204e-02
-9.144706516879065605e-02 2.860720975644088365e-02 -9.953989460623141605e-01 -5.150613800000000353e+00 -1.318737912446338312e-02 9.994648337649085779e-01 2.993558249159930518e-02 5.560740000000000127e-02 9.957226156434545450e-01 1.586422444479000660e-02 -9.102087166646288807e-02 3.966580000000000106e-02
-9.178487230422589793e-02 3.564936966551440073e-02 -9.951405225688219058e-01 -5.292521999999999949e+00 -1.276050055931488535e-02 9.992347913882023702e-01 3.697298074068866569e-02 5.799180000000000307e-02 9.956970959290643020e-01 1.609205151082708160e-02 -9.125973392794994865e-02 2.663190000000000002e-02
-9.295834678252318239e-02 3.748245783355697025e-02 -9.949642260494673263e-01 -5.433903700000000114e+00 -1.193531482307960169e-02 9.991774111770344025e-01 3.875628018313399814e-02 6.063249999999999890e-02 9.955984602356182656e-01 1.547793100886653457e-02 -9.243451535087221504e-02 1.293940000000000021e-02
-9.200066732081009502e-02 2.691235161418597394e-02 -9.953951991762468587e-01 -5.700508600000000037e+00 -1.230765666832395709e-02 9.995276105205492811e-01 2.816162982527503633e-02 6.374860000000000249e-02 9.956828806401465393e-01 1.484187109752611866e-02 -9.162597918966064459e-02 -1.254429999999999955e-02
-8.543807429042850343e-02 2.722201574297749421e-02 -9.959715343926413000e-01 -5.826985800000000104e+00 -1.504778222713116197e-02 9.994774169309571521e-01 2.860869264867951789e-02 6.458490000000000064e-02 9.962298428131873829e-01 1.743143436183205996e-02 -8.498379483466877993e-02 -2.503009999999999957e-02
-6.376598846952194477e-02 3.167157069927782620e-02 -9.974621849092555337e-01 -6.004508000000000401e+00 -1.458596495250530888e-02 9.993599422695998991e-01 3.266428345006407857e-02 6.592109999999999637e-02 9.978582806896525437e-01 1.663181879237774635e-02 -6.326321413545499261e-02 -3.761219999999999841e-02
-5.177487998875748842e-02 3.334703690836199330e-02 -9.981018670113696034e-01 -6.061130000000000351e+00 -1.697358962099063812e-02 9.992685848275156824e-01 3.426649430846664957e-02 6.654309999999999392e-02 9.985145262125773025e-01 1.871551512105186846e-02 -5.117099213642162248e-02 -4.073969999999999675e-02
3.600219320827362495e-03 3.686814630288046124e-02 -9.993136535688036393e-01 -6.220187700000000319e+00 -2.249187009423776404e-02 9.990703100388692581e-01 3.677813723533988194e-02 6.850069999999999770e-02 9.997405434413997316e-01 2.234402351920895813e-02 4.426105790326650968e-03 -4.244520000000000237e-02
5.854032545485549077e-02 3.684099029951305032e-02 -9.976050178950538472e-01 -6.315488799999999792e+00 -2.074388314155371782e-02 9.991479264639766544e-01 3.568070003440825672e-02 6.948160000000000447e-02 9.980694973837488382e-01 1.860544212017127552e-02 5.925466999033746074e-02 -3.579070000000000168e-02
9.271066590805772389e-02 3.674296087398996186e-02 -9.950149181058024483e-01 -6.360762099999999641e+00 -1.956965949666244348e-02 9.991931014449126902e-01 3.507384284735988456e-02 7.012219999999999565e-02 9.955007588415335507e-01 1.622038381509672417e-02 9.335490503889853908e-02 -2.993149999999999977e-02
1.302918680366441651e-01 3.710987868243949273e-02 -9.907809475498084995e-01 -6.403121900000000366e+00 -1.902936416248314500e-02 9.992088170503504729e-01 3.492310450705696234e-02 7.061810000000000309e-02 9.912930507287406323e-01 1.430373493231201949e-02 1.308949607276492788e-01 -2.224670000000000120e-02
4.673753472773458095e-01 2.096214979904285902e-02 -8.838104282215631935e-01 -6.664478800000000369e+00 2.683858290506989028e-03 9.996805984450899407e-01 2.512962389577493710e-02 7.273509999999999698e-02 8.840549087370405124e-01 -1.411698864025587308e-02 4.671698074251737776e-01 8.739879999999999871e-02
5.599220069385276721e-01 1.543605020577284298e-02 -8.284015176832887350e-01 -6.727641099999999597e+00 1.161815447161477707e-02 9.995818654923713797e-01 2.647853216219571079e-02 7.370770000000000099e-02 8.284638583744042828e-01 -2.445040966600754359e-02 5.595085458101237696e-01 1.367136999999999936e-01
6.455578134127493151e-01 4.029522783791579174e-03 -7.637007741831122187e-01 -6.784613600000000133e+00 2.310803191243609306e-02 9.994251618934438808e-01 2.480654420505552793e-02 7.381089999999999873e-02 7.633617284111667844e-01 -3.366168029671786494e-02 6.450936078405349328e-01 1.929336000000000106e-01
8.019137311898285603e-01 -1.165048763392074853e-02 -5.973262373838096329e-01 -6.885832800000000198e+00 1.090865678027082807e-02 9.999286976184716957e-01 -4.858074338371491836e-03 7.561640000000000028e-02 5.973402455355386609e-01 -2.620270390389515050e-03 8.019836440019357804e-01 3.219011999999999984e-01
8.357334642728205809e-01 -1.271532350026682856e-02 -5.489880665759808709e-01 -6.908373400000000331e+00 1.085544523907969183e-02 9.999190708122218663e-01 -6.634088836026787520e-03 7.551539999999999642e-02 5.490279920033326322e-01 -4.151798483974888758e-04 8.358038595403122217e-01 3.617434999999999956e-01
8.663302204454328415e-01 -1.135405254618799056e-02 -4.993426024622233395e-01 -6.930066599999999966e+00 7.884781052260529666e-03 9.999279003593510851e-01 -9.056727372371148332e-03 7.541040000000000243e-02 4.994094305985075644e-01 3.908909530539880599e-03 8.663572825662380072e-01 4.038695999999999953e-01
9.134031685254744293e-01 -3.402643562225456629e-03 -4.070418574844756887e-01 -6.969346999999999959e+00 8.356868371555649030e-04 9.999786295778761991e-01 -6.483981420618220581e-03 7.353200000000000014e-02 4.070552215057975931e-01 5.582329651781861579e-03 9.133864922586302226e-01 4.950820000000000221e-01
9.308267148948000669e-01 9.008677766612629371e-04 -3.654597314006064468e-01 -6.987292799999999637e+00 -4.156093402217943440e-03 9.999583900574928741e-01 -8.120655223501012029e-03 7.296969999999999845e-02 3.654372090055780231e-01 9.077807602935148226e-03 9.307917273393321311e-01 5.434626000000000179e-01
9.542819137481306502e-01 6.354821836609253309e-03 -2.988405014930711201e-01 -7.019988500000000187e+00 -8.110494359809993642e-03 9.999563669450421965e-01 -4.635093020803961704e-03 7.134749999999999426e-02 2.987980069787025683e-01 6.846929640135752428e-03 9.542918162596063514e-01 6.483647000000000160e-01
9.673502254847841098e-01 6.093025035946959128e-03 -2.533701172207342700e-01 -7.049020299999999573e+00 -6.570322790998768189e-03 9.999778768114291339e-01 -1.037663783950908830e-03 6.970149999999999957e-02 2.533581893544382679e-01 2.668507751115726124e-03 9.673688577545913603e-01 7.615853999999999679e-01
9.718944136383589338e-01 8.660560291569311536e-03 -2.352578233215349979e-01 -7.062857199999999835e+00 -8.534134014790861755e-03 9.999623736896749993e-01 1.555558269038683113e-03 6.897359999999999602e-02 2.352624434438443934e-01 4.958834004863190434e-04 9.719317552197197507e-01 8.210566999999999727e-01
9.782979586328899302e-01 1.737343221885679495e-02 -2.064734074588230606e-01 -7.090558099999999975e+00 -1.685013468053209174e-02 9.998488108995343682e-01 4.292820056212722120e-03 6.795229999999999326e-02 2.065167719483536335e-01 -7.205523741416865538e-04 9.784427953172877279e-01 9.443361999999999590e-01
9.809649369731993085e-01 1.593578401337144082e-02 -1.935299543146907497e-01 -7.102765599999999679e+00 -1.539322428960094961e-02 9.998722410091438473e-01 4.307006538477753214e-03 6.704179999999999862e-02 1.935738646489684467e-01 -1.245972404038726009e-03 9.810849129803348445e-01 1.008321599999999929e+00
9.861090093277946611e-01 1.652865352004181249e-02 -1.652749991237930927e-01 -7.125791500000000056e+00 -1.601370310641169609e-02 9.998618795604148346e-01 4.447821346943096887e-03 6.629699999999999482e-02 1.653256877662243329e-01 -1.739371935220198565e-03 9.862374924681660548e-01 1.141548500000000077e+00
9.883771272614860770e-01 1.829115777313887817e-02 -1.509174869047665846e-01 -7.136899900000000407e+00 -1.774281956755650522e-02 9.998301853348106061e-01 4.979241624130132694e-03 6.585489999999999400e-02 1.509829349963941469e-01 -2.243666792658211701e-03 9.885338230425897432e-01 1.210431000000000035e+00
9.916793444250013856e-01 1.919414783694196186e-02 -1.272936075756092023e-01 -7.155778899999999609e+00 -1.974889779081366592e-02 9.998001740365548562e-01 -3.097262101070823084e-03 6.363729999999999387e-02 1.272087217011773075e-01 5.585399295336966261e-03 9.918602444083864933e-01 1.351546300000000089e+00
9.938050839216685528e-01 1.730545711312832940e-02 -1.097814935476422171e-01 -7.172339899999999879e+00 -1.845972563827209811e-02 9.997844088026307530e-01 -9.506547456040719685e-03 6.217240000000000266e-02 1.095933104747048581e-01 1.147419144340508512e-02 9.939102822840274465e-01 1.498136499999999982e+00
9.944809127779911107e-01 1.903506814677332140e-02 -1.031764522597162781e-01 -7.180363700000000016e+00 -1.947519852539008819e-02 9.998050254764370148e-01 -3.260011419906450481e-03 6.071859999999999757e-02 1.030942809405568372e-01 5.251401023438649618e-03 9.946577260669323683e-01 1.572965600000000075e+00
9.949159553212597595e-01 2.340339879866182304e-02 -9.795163486055691315e-02 -7.188950099999999566e+00 -2.302698629782872625e-02 9.997224814556220363e-01 4.971717434968461052e-03 5.926329999999999792e-02 9.804080655127578314e-02 -2.690910047615043335e-03 9.951787574370200007e-01 1.648088800000000020e+00
9.958980212300944102e-01 2.270868395667255749e-02 -8.758679685282656779e-02 -7.209606599999999865e+00 -2.220739979554447671e-02 9.997309774990321696e-01 6.693580742056521454e-03 5.660679999999999878e-02 8.771523644329530522e-02 -4.721048801436100034e-03 9.961344030771707159e-01 1.872013300000000102e+00
9.961869101083168365e-01 2.109691036853158369e-02 -8.465554028973105993e-02 -7.216197000000000195e+00 -2.040712415547125957e-02 9.997511956704671077e-01 9.005333929088331357e-03 5.572089999999999682e-02 8.482446234752870351e-02 -7.243419660171053313e-03 9.963695817612454597e-01 1.946730999999999989e+00
9.964120764735845404e-01 1.929033591531821579e-02 -8.240665505815519820e-02 -7.222021100000000082e+00 -1.841086634094186297e-02 9.997652960588673254e-01 1.141896654261160063e-02 5.491599999999999954e-02 8.260758959185024453e-02 -9.860818252026216230e-03 9.965333664284528048e-01 2.021257400000000093e+00
9.968966824847360630e-01 1.623141436529921752e-02 -7.702951147858515257e-02 -7.233677899999999994e+00 -1.552838593776660961e-02 9.998322106556480904e-01 9.716983359434758216e-03 5.304829999999999962e-02 7.717430713064611647e-02 -8.490684491942800810e-03 9.969814615105754285e-01 2.169499200000000183e+00
9.971101620740685512e-01 1.895993110506284662e-02 -7.356524791718023482e-02 -7.245980699999999608e+00 -1.940254759824465436e-02 9.997976700240103209e-01 -5.306614858655212333e-03 5.122199999999999670e-02 7.344975041021427342e-02 6.718632826068115377e-03 9.972762877646423885e-01 2.315757800000000088e+00
9.971693583120204707e-01 1.977752540601002140e-02 -7.254047375367694839e-02 -7.251244500000000315e+00 -2.049904225943234570e-02 9.997474012229025098e-01 -9.215368386490728134e-03 4.960119999999999807e-02 7.233989293632714368e-02 1.067629321756170639e-02 9.973228948806366345e-01 2.389328499999999966e+00
9.973977229153272450e-01 2.461661395432326871e-02 -6.776285590752507970e-02 -7.263152599999999737e+00 -2.492779061065125007e-02 9.996822198007524474e-01 -3.750289257058117814e-03 4.631249999999999950e-02 6.764900279081516310e-02 5.429708248506097748e-03 9.976944074664066964e-01 2.536594899999999875e+00
9.974473543998202407e-01 2.804656594666652888e-02 -6.566707957111091176e-02 -7.268788800000000272e+00 -2.800642563753600808e-02 9.996065692853062234e-01 1.531915359764074013e-03 4.434160000000000185e-02 6.568420909022572307e-02 3.110952580813527860e-04 9.978404120378828734e-01 2.610712799999999945e+00
9.976692478358480942e-01 2.566622576277036855e-02 -6.322433691030361624e-02 -7.273501399999999784e+00 -2.549749286746389593e-02 9.996688486347601321e-01 3.474323923673549620e-03 4.296029999999999988e-02 6.329257286701737983e-02 -1.854164056248882230e-03 9.979932927106904827e-01 2.683927999999999869e+00
9.978010623458704043e-01 2.255453975023078220e-02 -6.232441510441684429e-02 -7.277601699999999951e+00 -2.238349243165522681e-02 9.997435351549112115e-01 3.441392526701057050e-03 4.158930000000000266e-02 6.238605010749147251e-02 -2.038787045294400847e-03 9.980500108207851495e-01 2.756636400000000098e+00
9.979716334631203445e-01 2.046176191007897244e-02 -6.028212921328029300e-02 -7.286624400000000001e+00 -2.038230024536306223e-02 9.997903910228269631e-01 1.932836033061720304e-03 3.879470000000000141e-02 6.030904276855381801e-02 -7.002270760761319284e-04 9.981795074245827237e-01 2.902266700000000199e+00
9.981414451506009922e-01 1.714125662381697432e-02 -5.847933647046833772e-02 -7.296159300000000236e+00 -1.714759863024561612e-02 9.998528917260208759e-01 3.934060622764384623e-04 3.663219999999999671e-02 5.847747715048756678e-02 6.101052944270636763e-04 9.982885416740211459e-01 3.049978499999999926e+00
9.981284293180571199e-01 1.971900620993813011e-02 -5.788608970349048283e-02 -7.305658300000000160e+00 -1.970253489994347115e-02 9.998055203631058818e-01 8.553186397516005304e-04 3.377290000000000153e-02 5.789169807135246398e-02 2.867848521425575233e-04 9.983228280715932268e-01 3.198923100000000019e+00
9.979399478554339398e-01 1.711067611381775905e-02 -6.183110250692469556e-02 -7.315324300000000335e+00 -1.708010134212584880e-02 9.998536010474079472e-01 1.023039917861280797e-03 3.184479999999999950e-02 6.183955540296609543e-02 3.514909462913129792e-05 9.980861025743744674e-01 3.349204299999999801e+00
9.974374796402549759e-01 2.306157739792325662e-02 -6.772472116454690549e-02 -7.327647699999999986e+00 -2.308003658596592678e-02 9.997334904059483884e-01 5.099724795928713052e-04 2.968660000000000049e-02 6.771843264641101701e-02 1.054423377521078280e-03 9.977039150325383021e-01 3.502488599999999952e+00
9.970545179660488255e-01 2.453799653060687383e-02 -7.266481218412423893e-02 -7.340447400000000400e+00 -2.516849239916336620e-02 9.996529977829018421e-01 -7.773738740850969636e-03 2.728070000000000148e-02 7.244884535893847399e-02 9.579705106195927911e-03 9.973261222169180762e-01 3.655839400000000072e+00
9.967534319696843559e-01 2.348797443744805175e-02 -7.701240752944768508e-02 -7.353563300000000247e+00 -2.415326399059471857e-02 9.996784699900596038e-01 -7.718579981726809806e-03 2.342670000000000169e-02 7.680635191998499978e-02 9.553622096328715299e-03 9.970002570759869398e-01 3.812237500000000168e+00
9.964968565001355305e-01 2.161862323460730928e-02 -8.078768541546604842e-02 -7.367355800000000343e+00 -2.210483550789452828e-02 9.997425027578774603e-01 -5.128784123381253078e-03 1.966949999999999948e-02 8.065600555765908841e-02 6.896615753789628843e-03 9.967181374183111675e-01 3.970803300000000036e+00
9.963148904345449086e-01 2.054482960903542682e-02 -8.327393994964230051e-02 -7.380765900000000101e+00 -2.033822337320452533e-02 9.997876157613471149e-01 3.328669443294235766e-03 1.664689999999999920e-02 8.332464082384374859e-02 -1.622758939825869225e-03 9.965211341888343677e-01 4.132358599999999882e+00
9.964674385120568800e-01 2.361953747757179756e-02 -8.059008273085169205e-02 -7.395390500000000422e+00 -2.325209052887369787e-02 9.997145317987817803e-01 5.495015594117353200e-03 1.486359999999999938e-02 8.069686655166358191e-02 -3.601716214266744136e-03 9.967321823684910376e-01 4.294687699999999886e+00
9.968041108514503756e-01 2.108109838013242851e-02 -7.705291610793568724e-02 -7.409138699999999744e+00 -2.101202612463515598e-02 9.997777655370095884e-01 1.707130915279327869e-03 1.186609999999999922e-02 7.707178048927537661e-02 -8.263722787276762700e-05 9.970255432150680885e-01 4.458190000000000097e+00
9.971209131093453637e-01 1.607088998752350881e-02 -7.410540557202457967e-02 -7.421314200000000305e+00 -1.612430980916574816e-02 9.998699873485237255e-01 -1.226084871750191463e-04 9.333299999999999236e-03 7.409380050424851927e-02 1.317154004664112480e-03 9.972504067846573728e-01 4.622865199999999675e+00
9.973201248595400248e-01 1.096334567870482953e-02 -7.233514776151828141e-02 -7.433282900000000026e+00 -1.061572069434928330e-02 9.999301907112434495e-01 5.188465892342251050e-03 6.055500000000000119e-03 7.238698104142085588e-02 -4.406671726559475803e-03 9.973668864665616862e-01 4.787725899999999868e+00
9.974306924841089828e-01 1.148115312330519160e-02 -7.071206978748471872e-02 -7.445855599999999797e+00 -1.138654004274303709e-02 9.999336556810565213e-01 1.740960129710524603e-03 3.851300000000000209e-03 7.072736667320435322e-02 -9.313212536239580267e-04 9.974952492338982069e-01 4.949188200000000037e+00
9.974959247021069064e-01 1.583426785831145225e-02 -6.892863094592678597e-02 -7.459023499999999807e+00 -1.651546404901388029e-02 9.998201353717909301e-01 -9.323966558243836078e-03 -4.220000000000000254e-05 6.876859493936356149e-02 1.043900697024215465e-02 9.975780207500267727e-01 5.109476599999999813e+00
9.974653153826320562e-01 2.052657415402026758e-02 -6.812932086940093335e-02 -7.465756899999999696e+00 -2.159620293168112992e-02 9.996542319197212478e-01 -1.500068744843915947e-02 -2.268300000000000004e-03 6.779785120164155687e-02 1.643400007580685801e-02 9.975637197763100872e-01 5.188559099999999980e+00
9.976106491422622735e-01 1.765944380844544984e-02 -6.679174172253830866e-02 -7.477549599999999685e+00 -1.836850905252263369e-02 9.997811064717526675e-01 -1.001683669155656667e-02 -6.908000000000000078e-03 6.660022967784197390e-02 1.121976766667997713e-02 9.977166562809124395e-01 5.348119299999999576e+00
9.975325015775886595e-01 1.626551564520230600e-02 -6.829598302355494033e-02 -7.489427100000000337e+00 -1.583730598603370551e-02 9.998514131407236771e-01 6.806715772138766628e-03 -1.116600000000000058e-02 6.839654987982043965e-02 -5.708295830948209061e-03 9.976418833044469192e-01 5.507062900000000205e+00
9.973904307316215911e-01 1.412320615657721400e-02 -7.080158001661444878e-02 -7.495136300000000418e+00 -1.383927690772575846e-02 9.998941103385859952e-01 4.499169354323513149e-03 -1.245800000000000032e-02 7.085762555760337367e-02 -3.507585788888811177e-03 9.974802723574396346e-01 5.585229899999999859e+00
9.972964397848242957e-01 9.132948072538043388e-03 -7.291365065623024722e-02 -7.500774400000000064e+00 -9.071933235121086569e-03 9.999581670883094242e-01 1.167947244576621451e-03 -1.376319999999999974e-02 7.292126726745749854e-02 -5.033218581904960309e-04 9.973375734660833158e-01 5.662856599999999574e+00
9.968878170344339651e-01 9.662882681178756872e-03 -7.823879438367305206e-02 -7.513623700000000127e+00 -9.909447232541963163e-03 9.999470807496004809e-01 -2.763793750907073132e-03 -1.667029999999999901e-02 7.820794783055211308e-02 3.530495523557871350e-03 9.969308163044674487e-01 5.816580799999999662e+00
9.966008014128097114e-01 1.124486237062754385e-02 -8.161124734747719767e-02 -7.521096700000000190e+00 -1.177063334990474663e-02 9.999129369416979163e-01 -5.964119982870110317e-03 -1.858550000000000132e-02 8.153707631432198510e-02 6.904462824406045265e-03 9.966463934511672340e-01 5.892931899999999779e+00
9.962491174705061514e-01 1.177295602302697898e-02 -8.572685370242910663e-02 -7.528072800000000342e+00 -1.262623047568273323e-02 9.998759320844127219e-01 -9.418000971641313571e-03 -2.030219999999999941e-02 8.560534003911643430e-02 1.046508216913603385e-02 9.962741629752226435e-01 5.968383799999999795e+00
9.959426474644709204e-01 1.372762412484209403e-02 -8.893702995573724013e-02 -7.535403699999999816e+00 -1.497890000407912404e-02 9.997977865328341318e-01 -1.341710098021210718e-02 -2.247470000000000023e-02 8.873486077144904227e-02 1.469484194989736925e-02 9.959468791576884250e-01 6.043340699999999899e+00
9.955939493131579221e-01 1.819233573059830800e-02 -9.198764597321923420e-02 -7.544256700000000038e+00 -1.949194132454670769e-02 9.997222208867166948e-01 -1.324935050224154871e-02 -2.495930000000000024e-02 9.172105709393862938e-02 1.498399099025410179e-02 9.956719980493448086e-01 6.119390499999999733e+00
9.951895967169920310e-01 2.163640096247894037e-02 -9.554858837084702350e-02 -7.552452100000000002e+00 -2.285508851101050384e-02 9.996705734504368612e-01 -1.167859179988953340e-02 -2.670499999999999957e-02 9.526442943420486420e-02 1.380618450787225206e-02 9.953562567010416640e-01 6.194352099999999695e+00
9.947390004611318393e-01 2.462669734317188275e-02 -9.943765252436470581e-02 -7.560769600000000423e+00 -2.531718486009768704e-02 9.996632875986039002e-01 -5.687844786095278340e-03 -2.887599999999999889e-02 9.926409780151193574e-02 8.175402468311977755e-03 9.950275381526548779e-01 6.269239899999999643e+00
9.943003141671070688e-01 2.512647800422991920e-02 -1.036124768080324970e-01 -7.569304500000000324e+00 -2.524518417695658865e-02 9.996812758068308602e-01 1.657621743590348765e-04 -3.102320000000000078e-02 1.035836180245875565e-01 2.450898678007212405e-03 9.946177291666413733e-01 6.343748599999999627e+00
9.937877322188303220e-01 2.447101117022977210e-02 -1.085684710386072560e-01 -7.577809799999999818e+00 -2.421756461398925572e-02 9.997000392182909811e-01 3.652554053649233190e-03 -3.230890000000000151e-02 1.086252864462122769e-01 -1.000599447363275133e-03 9.940822631680057420e-01 6.417884800000000389e+00
9.930671452667445553e-01 2.392585908837238304e-02 -1.150877850105816586e-01 -7.587204899999999697e+00 -2.352241312258583975e-02 9.997114842090727427e-01 4.862552969727417310e-03 -3.351509999999999906e-02 1.151709211244267145e-01 -2.121699171973292705e-03 9.933434236556734076e-01 6.491107900000000264e+00
9.915683777138687427e-01 2.302708824036617252e-02 -1.275221766010008195e-01 -7.606525399999999770e+00 -2.216788660436579128e-02 9.997210177543301990e-01 8.153003357170490045e-03 -3.537830000000000141e-02 1.276743401055295546e-01 -5.257363161932373033e-03 9.918022096220602268e-01 6.636888500000000413e+00
9.906311120304617246e-01 2.798236403601433997e-02 -1.336674499653779102e-01 -7.617596100000000092e+00 -2.727436379860550403e-02 9.996025911783819051e-01 7.125222020824447701e-03 -3.617759999999999726e-02 1.338137098980226314e-01 -3.412771955565639843e-03 9.910006276642348011e-01 6.708586699999999681e+00
9.897662854694591061e-01 3.007937858809787632e-02 -1.394916883966322851e-01 -7.628865199999999902e+00 -2.990096144148908855e-02 9.995471681768649530e-01 3.375069552575911749e-03 -3.710299999999999709e-02 1.395300421158965354e-01 8.304055419017838512e-04 9.902174901372789995e-01 6.779951999999999757e+00
9.881261972157855400e-01 2.997561800143233937e-02 -1.506920060962184671e-01 -7.651617100000000171e+00 -3.040627810130383871e-02 9.995374686884913595e-01 -5.540215062822878220e-04 -3.935690000000000022e-02 1.506056991879680118e-01 5.129426209183471190e-03 9.885806048870612317e-01 6.920849300000000426e+00
9.873214436308834774e-01 3.227202087666376784e-02 -1.554184146591529869e-01 -7.664005300000000354e+00 -3.194462492551523869e-02 9.994790349161195575e-01 4.604313359284499356e-03 -4.012190000000000201e-02 1.554860375885770141e-01 4.188456499871059599e-04 9.878380012346787975e-01 6.991527600000000398e+00
9.863424803837963495e-01 3.300876742074188713e-02 -1.613658348712746493e-01 -7.676456899999999806e+00 -3.201895241332245595e-02 9.994491239612758315e-01 8.731282803318935609e-03 -4.088839999999999836e-02 1.615651511827148612e-01 -3.445270149278594103e-03 9.868560340986444190e-01 7.062186699999999817e+00
9.840818751128236341e-01 2.946608805549682381e-02 -1.752558493435664722e-01 -7.700816200000000222e+00 -2.863872697946615031e-02 9.995635446603836627e-01 7.248689741246434892e-03 -4.331560000000000271e-02 1.753929485225240170e-01 -2.114199771772028429e-03 9.844962385747851874e-01 7.199402300000000032e+00
9.826189343398142872e-01 2.777237945492510435e-02 -1.835448850180778357e-01 -7.714311600000000269e+00 -2.819280333721906062e-02 9.996024530082350257e-01 3.190296354089352908e-04 -4.402029999999999832e-02 1.834807775132769880e-01 4.861160286498805369e-03 9.830112783705954316e-01 7.267241499999999910e+00
9.787797957748197719e-01 2.530153921411442894e-02 -2.033468551426323434e-01 -7.743555100000000024e+00 -2.550714624784934312e-02 9.996733432916592443e-01 1.610031790758259702e-03 -4.640450000000000130e-02 2.033211668107698378e-01 3.610931385814021739e-03 9.791054408495716288e-01 7.403663599999999789e+00
9.736467938986564929e-01 2.620899241307925870e-02 -2.265502360350969691e-01 -7.775655300000000381e+00 -2.330212661804280383e-02 9.996083613285396963e-01 1.549628526932319769e-02 -4.776149999999999840e-02 2.268676522246917682e-01 -9.808806184378196513e-03 9.738762014215633922e-01 7.538246599999999908e+00
9.679707073247706406e-01 3.072512429172646192e-02 -2.491759950284961611e-01 -7.810841599999999829e+00 -2.806435730925856131e-02 9.995049033001814909e-01 1.422463102203988874e-02 -4.862489999999999868e-02 2.494896823718396883e-01 -6.776061994468073751e-03 9.683537490885475441e-01 7.669139900000000232e+00
9.614612568966415251e-01 2.753247121779989204e-02 -2.735584298013339910e-01 -7.849231699999999812e+00 -2.851153845919480317e-02 9.995933847108994241e-01 3.967579836617329825e-04 -4.966820000000000263e-02 2.734581204890800810e-01 7.418104262462489260e-03 9.618553051617124705e-01 7.797701799999999572e+00
9.543934804258119575e-01 2.731621441847216156e-02 -2.972993591492407162e-01 -7.890270199999999789e+00 -2.465912369368836524e-02 9.996154369440204412e-01 1.268486664787816208e-02 -5.043389999999999679e-02 2.975315313363687264e-01 -4.775212357490331641e-03 9.547000498625609621e-01 7.928498699999999566e+00
9.464819090718645800e-01 2.511475625698782882e-02 -3.217782541096132487e-01 -7.935543499999999639e+00 -2.094772056984205849e-02 9.996459486897807389e-01 1.640640944985288785e-02 -5.149759999999999754e-02 3.220763710715310868e-01 -8.787848784571627297e-03 9.466729028081098951e-01 8.058655699999999200e+00
