1.000000000000000000e+00 0.000000000000000000e+00 0.000000000000000000e+00 0.000000000000000000e+00 0.000000000000000000e+00 1.000000000000000000e+00 0.000000000000000000e+00 0.000000000000000000e+00 0.000000000000000000e+00 0.000000000000000000e+00 1.000000000000000000e+00 0.000000000000000000e+00
9.996103041928291466e-01 1.283679619427895288e-03 -2.788533518095749272e-02 -3.295199999999999865e-03 -1.388055424376966095e-03 9.999921025271860664e-01 -3.724001261633779532e-03 -1.133000000000000028e-04 2.788033453275870835e-02 3.761256424714719705e-03 9.996041916160861573e-01 2.616459999999999966e-02
9.991317641312980058e-01 1.120842809500978117e-03 -4.164686801281430872e-02 -4.522299999999999931e-03 -1.313822098148444964e-03 9.999885263798442558e-01 -4.606623509897085286e-03 -1.720000000000000066e-04 4.164122687163290815e-02 4.657340449646094060e-03 9.991217730610024716e-01 3.646760000000000279e-02
8.882934999515809116e-01 1.722116867093316170e-02 -4.589532539304825853e-01 -9.794959999999999778e-02 -2.199848456033273378e-02 9.997451767127720768e-01 -5.064416708457016546e-03 -4.487599999999999575e-03 4.587490867792758387e-01 1.459496451367273476e-02 8.884459816950184274e-01 2.547054000000000262e-01
7.831687330755466858e-01 2.288876535325554823e-02 -6.213878337668403695e-01 -1.556744999999999934e-01 -2.647387592659521810e-02 9.996435337911280250e-01 3.455320970476489541e-03 -5.969999999999999613e-03 6.212454180324118447e-01 1.374444506662167442e-02 7.834955142204352851e-01 3.155353000000000185e-01
7.478749720671946655e-01 2.218598007834110888e-02 -6.634687697574440657e-01 -1.732054000000000094e-01 -2.583651529630507857e-02 9.996569141289979310e-01 4.304475744273791350e-03 -6.267499999999999634e-03 6.633366420097993599e-01 1.392251134144624133e-02 7.481915951446598267e-01 3.298889999999999878e-01
6.225441354518964632e-01 1.355666814673314735e-02 -7.824672620392560951e-01 -2.344806000000000112e-01 -1.143466966014970373e-02 9.999007840137101866e-01 8.226205597408504933e-03 -6.506299999999999584e-03 7.825011487175042024e-01 3.826078609612462191e-03 6.226373851434390261e-01 3.725747999999999838e-01
4.723741139813462109e-01 1.621372268292523705e-02 -8.812490066020497448e-01 -3.118471999999999911e-01 -5.089984770965489021e-03 9.998642984022262370e-01 1.566770039460924080e-02 -6.680199999999999853e-03 8.813834514530947128e-01 -2.915472068995829565e-03 4.723925396608686933e-01 4.072006000000000236e-01
2.548662985930273406e-01 2.533366193877668870e-02 -9.666443893253928721e-01 -4.424329000000000178e-01 4.108928844175423548e-03 9.996193531977544122e-01 2.728122827617274551e-02 -6.472900000000000181e-03 9.669675726441107066e-01 -1.092493868517903019e-02 2.546651903371989212e-01 4.382640999999999898e-01
2.040481777974888500e-01 2.548219071815874953e-02 -9.786291427776547813e-01 -4.794825999999999810e-01 6.731486219860575992e-03 9.996010117831707342e-01 2.743181246897936562e-02 -5.912200000000000268e-03 9.789377039581199647e-01 -1.218503993693942009e-02 2.037952319632110321e-01 4.426940999999999793e-01
1.565653181224199164e-01 2.674570247444781057e-02 -9.873054079464842481e-01 -5.183086999999999556e-01 4.780345858134084705e-03 9.996010495673034457e-01 2.783684603941369295e-02 -5.618200000000000277e-03 9.876560380287775498e-01 -9.077945973275991509e-03 1.563750026129631099e-01 4.454428000000000276e-01
1.034171990989595294e-02 2.018274508249103677e-02 -9.997428197442784770e-01 -6.953660999999999870e-01 3.519014953699113601e-03 9.997893601299150390e-01 2.022008666575821068e-02 -2.513000000000000043e-03 9.999403309013300545e-01 -3.727220405384529603e-03 1.026851814960572096e-02 4.453195999999999821e-01
-1.633973930513106174e-02 1.825359416206101190e-02 -9.996998645691654861e-01 -7.434288999999999481e-01 2.969349715018442491e-03 9.998298216727004029e-01 1.820743409176567296e-02 -2.052800000000000024e-03 9.998620884310549517e-01 -2.670953781487623094e-03 -1.639115994025075462e-02 4.426607000000000181e-01
-3.700161633366782360e-02 1.607053534084081081e-02 -9.991859778252270008e-01 -7.933447000000000138e-01 2.565025833532207089e-03 9.998689171262448161e-01 1.598653205870075034e-02 -1.317900000000000104e-03 9.993119137842645383e-01 -1.971410319882920328e-03 -3.703798739377317517e-02 4.392949999999999910e-01
-5.329849611694480876e-02 1.513886030406618594e-02 -9.984638627513598985e-01 -8.447384000000000004e-01 3.131475275561609872e-03 9.998826918311291001e-01 1.499321310239368557e-02 -3.753000000000000151e-04 9.985737149426029413e-01 -2.327549189429169336e-03 -5.333965073470414708e-02 4.351920000000000233e-01
-7.639429439111034004e-02 1.680349784468732066e-02 -9.969360833296525559e-01 -9.524772000000000238e-01 2.652181573480533877e-03 9.998578697621220979e-01 1.664951073312668020e-02 1.011999999999999933e-04 9.970741585846991661e-01 -1.372127885730329254e-03 -7.642800237922975359e-02 4.263404000000000083e-01
-8.284743778626527111e-02 1.818113075264739947e-02 -9.963963812342986337e-01 -1.009670999999999985e+00 1.369661966304175013e-03 9.998347001550719204e-01 1.812998598773908621e-02 2.288000000000000049e-04 9.965613007127804845e-01 1.372966594453458450e-04 -8.285864512094276435e-02 4.201141999999999932e-01
-8.751677529167035952e-02 1.925180974956124808e-02 -9.959769986620742310e-01 -1.067223699999999997e+00 1.233201818903946131e-03 9.998145638300074411e-01 1.921762645817455539e-02 7.272000000000000035e-04 9.961622825904524747e-01 4.536240500427647648e-04 -8.752428788285049333e-02 4.148956999999999784e-01
-8.805053842975253675e-02 2.183067611769070465e-02 -9.958767615837187392e-01 -1.188448799999999972e+00 5.208680888326579217e-03 9.997562424714520057e-01 2.145519244301756154e-02 2.697399999999999971e-03 9.961023904828429920e-01 -3.298063008468028745e-03 -8.814278447359102930e-02 4.041229000000000071e-01
-8.636073891061159247e-02 2.454515380522640650e-02 -9.959615244573913895e-01 -1.250809599999999966e+00 4.604104514918048660e-03 9.996956155992704485e-01 2.423795315638955367e-02 2.947700000000000146e-03 9.962532935937671308e-01 -2.492303407172342250e-03 -8.644746050230578405e-02 3.983401999999999776e-01
-8.458960944245731695e-02 2.438446499097988995e-02 -9.961174608656733209e-01 -1.315051100000000028e+00 2.220852893929417191e-03 9.997026422269587043e-01 2.428363516570127695e-02 3.691999999999999969e-03 9.964134010473746361e-01 -1.580871311473597968e-04 -8.461861037421325449e-02 3.921617000000000020e-01
-8.295378734191719006e-02 2.184142812836949166e-02 -9.963140173574521752e-01 -1.380216799999999910e+00 2.616554049594769366e-04 9.997602373228615669e-01 2.189519135756829923e-02 4.431700000000000222e-03 9.965533606897732932e-01 1.555598100007833662e-03 -8.293961304750718799e-02 3.862591000000000219e-01
-8.144813281546470218e-02 2.193645724051030560e-02 -9.964361462254414104e-01 -1.447199300000000077e+00 -2.858800749324357654e-04 9.997572044888709542e-01 2.203293773378177389e-02 5.169199999999999663e-03 9.966775405984911185e-01 2.079402879004245419e-03 -8.142208637838754814e-02 3.803537000000000168e-01
-7.793991877557923664e-02 2.805369651218101237e-02 -9.965632740439808179e-01 -1.586301799999999984e+00 -8.165170430561481674e-04 9.996018801628873129e-01 2.820309335407984730e-02 7.583799999999999916e-03 9.969577234573060442e-01 3.011857702977812842e-03 -7.788598302648885863e-02 3.691330999999999918e-01
-7.612365109387253526e-02 3.029074105248368010e-02 -9.966381794566319119e-01 -1.658130499999999952e+00 -1.180975046505843354e-03 9.995350149373315451e-01 3.046898771157229013e-02 8.291299999999999712e-03 9.970976858072020388e-01 3.496415410072515120e-03 -7.605248212387494267e-02 3.634243999999999808e-01
-7.440086172124162067e-02 2.962455425474470883e-02 -9.967882912436040188e-01 -1.731358600000000081e+00 -2.914514268248452958e-03 9.995479243889683341e-01 2.992411162065441305e-02 9.536299999999999291e-03 9.972241560360018964e-01 5.131533388071790602e-03 -7.428088572015179025e-02 3.576696999999999793e-01
-7.117776851560982110e-02 2.614538856337741968e-02 -9.971209274335830486e-01 -1.881352200000000030e+00 -6.475883039651244080e-03 9.996232288003618072e-01 2.667327092045755285e-02 1.211240000000000060e-02 9.974426240180411796e-01 8.355782405578927180e-03 -7.098163630401599367e-02 3.458460999999999896e-01
-6.867675575875160920e-02 3.048680231254268652e-02 -9.971730331809064429e-01 -2.035924000000000067e+00 -1.552320195968895020e-03 9.995284905901881123e-01 3.066572680549772140e-02 1.481599999999999931e-02 9.976377566634405669e-01 3.653954468268043321e-03 -6.859704874323568902e-02 3.354932999999999943e-01
-6.719049317560260581e-02 3.234371233528429007e-02 -9.972157850230768394e-01 -2.114621599999999990e+00 -3.981621995233150524e-04 9.994734831486216109e-01 3.244376595934527624e-02 1.580749999999999864e-02 9.977400859410640033e-01 2.576966265646398954e-03 -6.714223820504905405e-02 3.297123000000000137e-01
-6.628473043252243457e-02 2.040337875794024855e-02 -9.975921193788310770e-01 -2.272601400000000105e+00 9.646461945782593139e-04 9.997917537851445102e-01 2.038427141067969059e-02 1.801989999999999842e-02 9.978002826062974950e-01 3.888424938202281189e-04 -6.629060892998250853e-02 3.189413999999999860e-01
-6.704820145200945936e-02 1.660861459851098801e-02 -9.976114938207000238e-01 -2.434604600000000119e+00 5.476826372863820291e-03 9.998525073809674257e-01 1.627783329789753847e-02 1.983570000000000125e-02 9.977347057484430293e-01 -4.372345493069619560e-03 -6.712927483562569630e-02 3.083841999999999972e-01
-6.710429724664167261e-02 3.113672255653776588e-02 -9.972600051137475718e-01 -2.600771200000000061e+00 3.200834340686548041e-03 9.995145157058950014e-01 3.099173361936513604e-02 2.123890000000000153e-02 9.977408320553781129e-01 -1.112385565978715740e-03 -6.717138265507682782e-02 2.957563999999999749e-01
-6.818063998412987603e-02 3.688142596745589558e-02 -9.969910534954469217e-01 -2.766070099999999865e+00 -6.256512043805589895e-05 9.993163102065649728e-01 3.697172217711890141e-02 2.342429999999999859e-02 9.976729907223909066e-01 2.583132544689028393e-03 -6.813171808560525289e-02 2.839735999999999927e-01
-6.873722014931681057e-02 3.062042277636326665e-02 -9.971647728811626754e-01 -2.930756999999999834e+00 -3.668891437484441548e-04 9.995280148670235842e-01 3.071828263987628344e-02 2.633709999999999871e-02 9.976347327346318794e-01 2.477338286124603980e-03 -6.869354290263052221e-02 2.715269000000000155e-01
-6.880631576289711338e-02 3.442836755899475465e-02 -9.970357959563734829e-01 -3.095669700000000191e+00 -3.431017938752351643e-03 9.993902703893469130e-01 3.474644682571197130e-02 2.833710000000000048e-02 9.976241371513824285e-01 5.811622693433198678e-03 -6.864623816807968737e-02 2.592695999999999890e-01
-6.853161170487423459e-02 2.751108294313841379e-02 -9.972695515819324230e-01 -3.259343900000000183e+00 -4.570003535518169305e-03 9.996005674825302334e-01 2.788943449209589642e-02 3.087339999999999876e-02 9.976384782398973750e-01 6.468833271874885674e-03 -6.837851220436863553e-02 2.474448999999999954e-01
-6.779179668190637997e-02 2.389937174581438159e-02 -9.974132004003127827e-01 -3.423299599999999998e+00 -5.201167685862800177e-03 9.996909998354978066e-01 2.430746187091904764e-02 3.293139999999999956e-02 9.976859326247627946e-01 6.835559820381639090e-03 -6.764654436554307093e-02 2.356215000000000115e-01
-6.643012041510565346e-02 3.129938243487213889e-02 -9.973000490127484907e-01 -3.587727099999999947e+00 -4.585401673108006199e-03 9.994877513376390077e-01 3.167347498343455608e-02 3.423969999999999791e-02 9.977805436032168851e-01 6.677094070448140115e-03 -6.625257143419838179e-02 2.233513000000000026e-01
-6.583046882343583650e-02 3.994748666470745307e-02 -9.970308659633658754e-01 -3.752198899999999782e+00 -3.710855280029817793e-03 9.991815941117884181e-01 4.027867352974973114e-02 3.699569999999999942e-02 9.978239218056345061e-01 6.351401215362408037e-03 -6.562835343831330270e-02 2.116815999999999975e-01
-6.523138485323651259e-02 3.555742637851946192e-02 -9.972364493235618133e-01 -3.915280800000000117e+00 -3.836639488947191090e-03 9.993486079698337132e-01 3.588370028560730618e-02 4.011379999999999807e-02 9.978627894793755670e-01 6.166780204580911418e-03 -6.505247262285729359e-02 2.000341999999999953e-01
-6.458355535333905328e-02 2.853580926519728306e-02 -9.975042215286621383e-01 -4.077796900000000058e+00 -8.710939564765013410e-03 9.995368595388178790e-01 2.915794840479164068e-02 4.247499999999999887e-02 9.978742826177159353e-01 1.057232296412481502e-02 -6.430507038578714418e-02 1.876037999999999872e-01
-6.596221127910437132e-02 2.481752002791649120e-02 -9.975134472190509971e-01 -4.240436599999999778e+00 -9.625867235182342108e-03 9.996283073414968801e-01 2.550666268927431063e-02 4.408290000000000125e-02 9.977756909060979673e-01 1.128440788157442087e-02 -6.569880345653811293e-02 1.759339000000000042e-01
-6.790873889111778694e-02 1.960426563788686058e-02 -9.974989102505408267e-01 -4.401783899999999861e+00 -2.000748307431084172e-03 9.998022411370992568e-01 1.978574293383974364e-02 4.518860000000000238e-02 9.976895309606229612e-01 3.339369107009030127e-03 -6.785608613484017670e-02 1.652560999999999891e-01
-7.174154631190328424e-02 2.932617096126747397e-02 -9.969920392006788035e-01 -4.563753600000000077e+00 8.588730431923624620e-04 9.995691154920433030e-01 2.934017197546589031e-02 4.606890000000000290e-02 9.974228856758164952e-01 1.248619719830243446e-03 -7.173582144871926136e-02 1.537610000000000088e-01
-7.494812891855714976e-02 3.206528893353760568e-02 -9.966717590145792727e-01 -4.723819699999999955e+00 2.480803245965414877e-03 9.994857734814912575e-01 3.196926998478147319e-02 4.761619999999999742e-02 9.971843478449016196e-01 -7.650956667386299426e-05 -7.498913627602377119e-02 1.411872000000000127e-01
-7.727549746912902584e-02 2.455777044607582865e-02 -9.967072857171340727e-01 -4.881519800000000409e+00 -5.529406326713904793e-03 9.996706697300657973e-01 2.505948417497580460e-02 4.909970000000000306e-02 9.969944448975495144e-01 7.447683677467183128e-03 -7.711425841741370579e-02 1.269173000000000107e-01
-7.943006839962026000e-02 2.456762343759301415e-02 -9.965376541368924368e-01 -5.038410700000000020e+00 -1.124169913089570309e-02 9.996106054998274981e-01 2.553941214903953510e-02 4.992449999999999666e-02 9.967770505156519079e-01 1.323137373429984082e-02 -7.912295693679061159e-02 1.120855999999999936e-01
-8.157359833878982669e-02 2.534116774515669107e-02 -9.963451075161526838e-01 -5.193310300000000268e+00 -1.240193940834830727e-02 9.995735035990616080e-01 2.643866111603239769e-02 5.145450000000000024e-02 9.965901564600032625e-01 1.451330837571420881e-02 -8.122452786577449846e-02 9.862189999999999845e-02
-8.263214987162524616e-02 2.713142334774346770e-02 -9.962107275444883614e-01 -5.346884300000000145e+00 -1.205898720348789338e-02 9.995289375856458713e-01 2.822204380508388719e-02 5.226009999999999683e-02 9.965071543321800673e-01 1.434534056882161637e-02 -8.226604748464061423e-02 8.539190000000000669e-02
-8.302057068741020007e-02 2.970176400390824034e-02 -9.961051099446248669e-01 -5.423652599999999602e+00 -1.093411499908331606e-02 9.994684261320037066e-01 3.071335693802113020e-02 5.349000000000000282e-02 9.964878473779416046e-01 1.344136824402969617e-02 -8.265167661823225043e-02 7.910369999999999902e-02
-8.399257195928477859e-02 3.582452108295628573e-02 -9.958221987608234516e-01 -5.575203400000000364e+00 -1.116471896820815483e-02 9.992569707652824151e-01 3.688977402143400058e-02 5.577420000000000294e-02 9.964038322417397842e-01 1.421654199052477426e-02 -8.353019231275804479e-02 6.606209999999999860e-02
-8.455170643749894410e-02 3.606132001149869870e-02 -9.957663331010619956e-01 -5.649105999999999739e+00 -1.094726772554765505e-02 9.992509600598330488e-01 3.711706007817702768e-02 5.666419999999999790e-02 9.963589545278608295e-01 1.403923140809723406e-02 -8.409360090766548890e-02 5.922430000000000055e-02
-8.472717300713945854e-02 3.395366496692035080e-02 -9.958255142290400874e-01 -5.723229899999999759e+00 -1.019650435811916833e-02 9.993373612007715456e-01 3.494094742781696239e-02 5.766729999999999773e-02 9.963520148286412192e-01 1.311438689351268963e-02 -8.432482080214664943e-02 5.236629999999999757e-02
-8.482246749561746235e-02 3.041924968723076772e-02 -9.959316333245075148e-01 -5.795265699999999853e+00 -9.904958182002992703e-03 9.994587429326501349e-01 3.137057504891251070e-02 5.866180000000000005e-02 9.963468476446183386e-01 1.252559076261838475e-02 -8.447525533953548216e-02 4.572280000000000094e-02
-8.138294570743062617e-02 2.475621222306973596e-02 -9.963754042048347248e-01 -6.003421300000000294e+00 -1.343205202249019709e-02 9.995734442636111661e-01 2.593278815412076999e-02 6.000060000000000116e-02 9.965923921676538288e-01 1.549385295359815423e-02 -8.101570461463480921e-02 2.780360000000000123e-02
-7.726563503393578392e-02 2.571176855887451554e-02 -9.966789486090179562e-01 -6.070297700000000241e+00 -1.374159238857713614e-02 9.995449928126215466e-01 2.685099591900699800e-02 6.045040000000000135e-02 9.969158391165369171e-01 1.577061510503643960e-02 -7.687715797153249486e-02 2.214740000000000111e-02
-7.140213575435540305e-02 2.724753652514397967e-02 -9.970753766707045607e-01 -6.135275799999999613e+00 -1.277490772262551005e-02 9.995198426052053220e-01 2.822916880009112769e-02 6.089100000000000068e-02 9.973657988633832794e-01 1.475316887236704719e-02 -7.101976672609122687e-02 1.748649999999999857e-02
-4.372720562640139419e-02 3.177932615027297125e-02 -9.985379341404816422e-01 -6.322174999999999656e+00 -1.556019310889226320e-02 9.993510399023751711e-01 3.248660395386372690e-02 6.202889999999999793e-02 9.989223252478243165e-01 1.695799149297431280e-02 -4.320433596300055079e-02 7.415800000000000169e-03
-1.043857499241836184e-02 3.499300193859303937e-02 -9.993330405662834703e-01 -6.437634499999999704e+00 -2.015114312414740746e-02 9.991771764061173622e-01 3.519803375031960169e-02 6.279189999999999772e-02 9.997424506256187282e-01 2.050512044402897499e-02 -9.724836896219946070e-03 5.383100000000000038e-03
1.158914077334357445e-02 3.565582592110383420e-02 -9.992969297931521000e-01 -6.492300499999999808e+00 -2.121788219890272109e-02 9.991478006128643452e-01 3.540443482770840034e-02 6.364279999999999937e-02 9.997077039270675369e-01 2.079265755885727207e-02 1.233580562877767406e-02 6.889000000000000158e-03
1.007871505385806443e-01 3.544118842530534497e-02 -9.942765573266401091e-01 -6.643143199999999915e+00 -1.775284207192488750e-02 9.992702682830473249e-01 3.381963222591329032e-02 6.519289999999999807e-02 9.947496101455293172e-01 1.424265033372445859e-02 1.013427847791271708e-01 2.119700000000000056e-02
2.720938594324984194e-01 3.483412683148513767e-02 -9.616400133454390264e-01 -6.817440000000000389e+00 -1.264674432988893878e-02 9.993877085275114647e-01 3.262311913328193314e-02 6.665429999999999966e-02 9.621876072351911446e-01 3.285064994469882177e-03 2.723677969786441055e-01 6.734439999999999871e-02
4.743077864126705734e-01 1.900746129997597442e-02 -8.801538730036029268e-01 -6.968610800000000438e+00 4.895821523420235827e-03 9.996944869763928487e-01 2.422733251139234933e-02 6.852370000000000683e-02 8.803454746177339363e-01 -1.580028872953494895e-02 4.740698220685852782e-01 1.506106000000000111e-01
5.218417995890828331e-01 1.768125550964984999e-02 -8.528590208265549588e-01 -7.003586799999999890e+00 6.569526191646028052e-03 9.996722176462564668e-01 2.474466794751740972e-02 6.909740000000000326e-02 8.530169854857785339e-01 -1.851568172706841847e-02 5.215545915845598568e-01 1.761109999999999898e-01
6.512873082109130740e-01 1.825396763293950578e-03 -7.588290387762184341e-01 -7.096815099999999710e+00 2.590494537610212727e-02 9.993607547851279804e-01 2.463768658702256836e-02 6.962469999999999770e-02 7.583889344976257885e-01 -3.570363737710406660e-02 6.508236891121895740e-01 2.650638000000000161e-01
6.920089471386845492e-01 -2.645855094728477575e-03 -7.218840741634539038e-01 -7.125475400000000015e+00 2.262668010291765328e-02 9.995814498791288916e-01 1.802660270429872272e-02 7.003639999999999866e-02 7.215342337183520138e-01 -2.880841037537647600e-02 6.917791736270428871e-01 2.964834000000000080e-01
8.403199577804854048e-01 -1.425274289567630449e-02 -5.419033381293686391e-01 -7.227688800000000136e+00 1.337709212720863787e-02 9.998950928321577170e-01 -5.554884012367682783e-03 7.074220000000000508e-02 5.419256609185648665e-01 -2.581210979450153809e-03 8.404224624484142314e-01 4.487994000000000150e-01
8.705135913122896696e-01 -1.266415183581264502e-02 -4.919814087939293201e-01 -7.250970800000000160e+00 1.018416698658769666e-02 9.999183456553280003e-01 -7.719116834282319269e-03 7.053220000000000323e-02 4.920389924420311423e-01 1.709175295716214814e-03 8.705714839325024990e-01 4.948982000000000103e-01
8.960785410148999208e-01 -1.116381421339575700e-02 -4.437551324602536651e-01 -7.272559600000000124e+00 9.417647509619243851e-03 9.999368090730950120e-01 -6.138874172141765145e-03 6.955690000000000484e-02 4.437956244128518080e-01 1.321783993551779463e-03 8.961270538484380488e-01 5.435526999999999997e-01
9.168308114899853534e-01 -4.722913925351565796e-03 -3.992479895837531823e-01 -7.292771799999999693e+00 3.027904100647777104e-03 9.999835277430367819e-01 -4.876068021328458860e-03 6.858450000000000657e-02 3.992644423178355328e-01 3.261644776038911259e-03 9.168300097477082300e-01 5.941699000000000286e-01
9.338862048344636069e-01 -3.370453494161653905e-04 -3.575701928577305622e-01 -7.311675499999999772e+00 -2.103493881652759162e-03 9.999770738299439410e-01 -6.436390913607496246e-03 6.808179999999999787e-02 3.575641644983065803e-01 6.763003396077564046e-03 9.338640854276882841e-01 6.468228999999999784e-01
9.639156353858442383e-01 4.539511692780203410e-03 -2.661691956111664203e-01 -7.361394400000000005e+00 -5.027394947257744599e-03 9.999866994147582622e-01 -1.151648219846422658e-03 6.542090000000000405e-02 2.661604274845314477e-01 2.448229394705476753e-03 9.639256366619172178e-01 8.195544999999999636e-01
9.694504702875250679e-01 4.851982861456583494e-03 -2.452391565831374687e-01 -7.375893600000000383e+00 -4.758565905197160474e-03 9.999882041388852283e-01 9.734647467363874082e-04 6.485649999999999749e-02 2.452409870103739176e-01 2.232608326039085887e-04 9.694621232646369879e-01 8.816458000000000350e-01
9.773766345291111657e-01 1.225107763964090879e-02 -2.111511907927958176e-01 -7.405841800000000141e+00 -1.141587357586422435e-02 9.999214504235288681e-01 5.174051933077177846e-03 6.409410000000000107e-02 2.111979926681313291e-01 -2.646522165746070625e-03 9.774397187619183747e-01 1.011259600000000036e+00
9.800789052272644852e-01 1.615787145264988706e-02 -1.979501521056407642e-01 -7.419699699999999787e+00 -1.521302716616968614e-02 9.998644713397181194e-01 6.293072142232448291e-03 6.370829999999999549e-02 1.980250068374397321e-01 -3.156286214144839782e-03 9.801918865836251049e-01 1.078977499999999923e+00
9.826436454050339053e-01 1.450506405014473539e-02 -1.849353110198457828e-01 -7.432141299999999617e+00 -1.359731450167166351e-02 9.998884797721768747e-01 6.175844657018115039e-03 6.319450000000000067e-02 1.850042680141421036e-01 -3.554030920826173681e-03 9.827312906795862002e-01 1.147818400000000016e+00
9.875296009686248544e-01 1.497637751579888356e-02 -1.567194797313109234e-01 -7.455553100000000377e+00 -1.413313901009924899e-02 9.998790364882745862e-01 6.493594767217113727e-03 6.239929999999999782e-02 1.567977729193552883e-01 -4.197678856688817801e-03 9.876218091454574965e-01 1.291468899999999920e+00
9.896736867715187902e-01 1.689882458453328962e-02 -1.423391142298241763e-01 -7.466769700000000398e+00 -1.606161075902669960e-02 9.998462984780284168e-01 7.028803568952117324e-03 6.203890000000000099e-02 1.424360150098818167e-01 -4.670026493133577240e-03 9.897929947623685942e-01 1.365774000000000044e+00
9.939106625440445875e-01 1.609815111891697154e-02 -1.090066255408858875e-01 -7.494553100000000079e+00 -1.697471840696213041e-02 9.998305808040217624e-01 -7.118189664293536438e-03 5.949440000000000284e-02 1.088735680331215372e-01 8.925201378401862590e-03 9.940155365808385213e-01 1.597000699999999940e+00
9.947637641559222699e-01 1.589435978714422160e-02 -1.009575299286661759e-01 -7.502839999999999954e+00 -1.673216368819314959e-02 9.998321985798824807e-01 -7.457169786859145152e-03 5.876760000000000317e-02 1.008220621721864357e-01 9.107360203447921812e-03 9.948627884132930088e-01 1.677186800000000089e+00
9.954064823960055985e-01 1.780310269738997683e-02 -9.406904027551678260e-02 -7.511342499999999589e+00 -1.799729581745739340e-02 9.998372957076278045e-01 -1.216328622009163387e-03 5.737930000000000114e-02 9.403208041551321117e-02 2.903729740174511385e-03 9.955649331943781100e-01 1.758077399999999901e+00
9.961342529394492384e-01 2.236287543807399109e-02 -8.494970231205474509e-02 -7.526870299999999681e+00 -2.151211154660333247e-02 9.997089791272634196e-01 1.091723908006780874e-02 5.463420000000000082e-02 8.516912103322439587e-02 -9.047588323197037347e-03 9.963254297507225798e-01 1.921845900000000107e+00
9.964473996230654995e-01 2.140078665324164978e-02 -8.145296873075419386e-02 -7.533958000000000155e+00 -2.068057881287150776e-02 9.997393151288364033e-01 9.675507515871694178e-03 5.400920000000000026e-02 8.163879864620374183e-02 -7.956639764845055071e-03 9.966302215161133571e-01 2.002281899999999837e+00
9.969455100720577834e-01 1.964581358417488363e-02 -7.558896715646017117e-02 -7.546220299999999881e+00 -1.886783336723890994e-02 9.997615542011183409e-01 1.099270691824137322e-02 5.268860000000000210e-02 7.578690395570115979e-02 -9.532929768968998602e-03 9.970784665405372227e-01 2.163345300000000027e+00
9.973979540360516927e-01 1.572939332874975435e-02 -7.035557881367722477e-02 -7.557835100000000139e+00 -1.468957033660692538e-02 9.997754565957961415e-01 1.527261968337819027e-02 5.121119999999999839e-02 7.058000997466594428e-02 -1.419938640141593482e-02 9.974050529337613602e-01 2.325924600000000009e+00
9.976642371496905470e-01 1.740162039972371899e-02 -6.605492805226610697e-02 -7.569492799999999910e+00 -1.716652170435942898e-02 9.998441348862104894e-01 4.125101964701814901e-03 4.992680000000000035e-02 6.611641585188877956e-02 -2.981533348689798576e-03 9.978074613941263493e-01 2.486444000000000099e+00
9.977626481039362227e-01 1.772492573244513481e-02 -6.446336212454434333e-02 -7.574993100000000368e+00 -1.797142856685073065e-02 9.998332315975290152e-01 -3.246035814430807930e-03 4.865040000000000336e-02 6.439507592888926713e-02 4.397271997646979257e-03 9.979147950577200721e-01 2.565579899999999913e+00
9.978222751700033255e-01 1.887190211588020070e-02 -6.320251961027197052e-02 -7.580385699999999893e+00 -1.937375736043282434e-02 9.997853902119721026e-01 -7.336964251910682924e-03 4.728809999999999958e-02 6.305049325974580732e-02 8.545456642179904624e-03 9.979737523955625189e-01 2.645670899999999826e+00
9.980067916553906349e-01 2.402014062554888932e-02 -5.835646197331179064e-02 -7.591973799999999883e+00 -2.415859843535263576e-02 9.997067466614232290e-01 -1.668173034279918972e-03 4.386559999999999765e-02 5.829927899513943912e-02 3.074658348788905388e-03 9.982944157635487148e-01 2.806045300000000076e+00
9.982471932253544900e-01 2.451809603431863785e-02 -5.386468401980782500e-02 -7.601559599999999861e+00 -2.425757325762778818e-02 9.996906935814728890e-01 5.485189718204770519e-03 4.098849999999999716e-02 5.398250973558595817e-02 -4.168948721897024375e-03 9.985331784719031489e-01 2.965868700000000135e+00
9.984512924921287169e-01 2.023810373080577041e-02 -5.182118947089983663e-02 -7.609479399999999671e+00 -1.997418833848481345e-02 9.997847808152751092e-01 5.605698027101574561e-03 3.800579999999999931e-02 5.192348525490649014e-02 -4.561930242064083686e-03 9.986406463145038881e-01 3.124448300000000067e+00
9.985944753419949693e-01 1.747752587988425643e-02 -5.003608603361897611e-02 -7.617812200000000367e+00 -1.738740096855065365e-02 9.998463276297970825e-01 2.235936664412733164e-03 3.650529999999999747e-02 5.006747551060057588e-02 -1.362796509533733451e-03 9.987449077125093444e-01 3.283613700000000080e+00
9.986363196799282749e-01 1.926278971792204017e-02 -4.852263336228884033e-02 -7.626486800000000343e+00 -1.913248010430788557e-02 9.998119995619603184e-01 3.148608736072044684e-03 3.463159999999999850e-02 4.857416207394885804e-02 -2.215956722890439611e-03 9.988171205554178256e-01 3.446277600000000163e+00
9.985624673170184762e-01 1.868779573772012120e-02 -5.023708944807369486e-02 -7.635308300000000159e+00 -1.860358209333858731e-02 9.998246408391386897e-01 2.143432803638514912e-03 3.244760000000000005e-02 5.026833594863589633e-02 -1.205761731251877049e-03 9.987350201828323337e-01 3.609654700000000105e+00
9.983163946356806706e-01 1.802126017140144587e-02 -5.513266167573057513e-02 -7.645640900000000073e+00 -1.789918923198323408e-02 9.998361317253735558e-01 2.707161110651889156e-03 2.999189999999999842e-02 5.517241363628717227e-02 -1.715773375487107850e-03 9.984753681965672367e-01 3.775444699999999987e+00
9.978935270448502370e-01 2.261964987778700142e-02 -6.080181018189509401e-02 -7.657234200000000435e+00 -2.282033878624793038e-02 9.997361797979364972e-01 -2.608244756320184446e-03 2.816549999999999956e-02 6.072677185286354251e-02 3.990268466448569813e-03 9.981464506463447739e-01 3.942733500000000113e+00
9.977541780069648647e-01 2.316686252525040901e-02 -6.284820403465656014e-02 -7.664327100000000392e+00 -2.359339234290325910e-02 9.997033128504634325e-01 -6.052942554021153131e-03 2.700239999999999932e-02 6.268933009212578067e-02 7.522151058347242326e-03 9.980047420408661996e-01 4.027043800000000395e+00
9.974927332657599344e-01 2.319405545889668616e-02 -6.686017404534115582e-02 -7.677215600000000251e+00 -2.366425442856555025e-02 9.997004311589137160e-01 -6.249080174097386420e-03 2.433400000000000146e-02 6.669520330836244126e-02 7.815608233004400426e-03 9.977427855532730039e-01 4.199107599999999607e+00
9.972599560431653076e-01 2.112463529516833693e-02 -7.089661385729313647e-02 -7.690280900000000308e+00 -2.142808641661084201e-02 9.997641874770295534e-01 -3.522293417265000021e-03 2.097569999999999990e-02 7.080548838406709733e-02 5.031820946851991994e-03 9.974774501674975591e-01 4.373265700000000145e+00
9.971881659531968145e-01 2.058625781871633101e-02 -7.205530981073467178e-02 -7.697101100000000251e+00 -2.062553811326466383e-02 9.997872511666615614e-01 1.989526303626860558e-04 1.946890000000000079e-02 7.204407581777895475e-02 1.287786330181469804e-03 9.974006179795207316e-01 4.462013699999999972e+00
9.971446867240311152e-01 2.020966723025881262e-02 -7.276017515424228199e-02 -7.704237899999999861e+00 -1.990157886448678387e-02 9.997896561837923413e-01 4.956868627961423870e-03 1.831290000000000001e-02 7.284504716680760550e-02 -3.494672851134746766e-03 9.973371477915224936e-01 4.551592799999999883e+00
9.972638738406108816e-01 2.329372485135721565e-02 -7.015816641679899213e-02 -7.718299899999999880e+00 -2.284204423499627129e-02 9.997129172281422615e-01 7.233542863906752482e-03 1.626019999999999896e-02 7.030652137308794625e-02 -5.611195037313002759e-03 9.975096528568877519e-01 4.731470599999999749e+00
9.975469294374423868e-01 2.130867853905031584e-02 -6.667881064363466448e-02 -7.731117199999999912e+00 -2.110883758971113244e-02 9.997703361725189808e-01 3.700254734403089166e-03 1.441270000000000051e-02 6.674234447141837168e-02 -2.283665563888574983e-03 9.977676304260680862e-01 4.912973899999999894e+00
9.978667691920805050e-01 1.616129734194320794e-02 -6.325127200605902555e-02 -7.742810699999999713e+00 -1.608948374420207661e-02 9.998692033662955891e-01 1.644588852682628277e-03 1.239889999999999916e-02 6.326957764205655421e-02 -6.234002523341340305e-04 9.979962785086531341e-01 5.096126599999999840e+00
9.979887828347774326e-01 1.344424576391804391e-02 -6.194870129227055683e-02 -7.749135500000000398e+00 -1.318749708246931898e-02 9.999026818755546442e-01 4.551560037307267152e-03 1.062910000000000070e-02 6.200386485259975350e-02 -3.725457544077112083e-03 9.980689563900020378e-01 5.188147999999999982e+00
9.980634260566330074e-01 1.043043166985964040e-02 -6.132376100074325709e-02 -7.754363999999999812e+00 -1.000834543853359321e-02 9.999240938805170620e-01 7.186062816998404698e-03 9.111299999999999261e-03 6.139405988920161594e-02 -6.558397091306093427e-03 9.980920582981881450e-01 5.280395500000000020e+00
9.981645974451036629e-01 1.144631729942412364e-02 -5.946779151385257062e-02 -7.766490000000000116e+00 -1.120923411402468227e-02 9.999278478235390510e-01 4.318821316330688671e-03 6.358499999999999569e-03 5.951293538241175102e-02 -3.644306143329770729e-03 9.982208821472843274e-01 5.460436800000000090e+00
9.981791635933651152e-01 1.422393221557091691e-02 -5.861772019088569430e-02 -7.773131399999999580e+00 -1.433264617732043708e-02 9.998962532245260215e-01 -1.434587435582998245e-03 5.020400000000000383e-03 5.859123331698920523e-02 2.272122329768924524e-03 9.982794723114929436e-01 5.550555199999999800e+00
9.981895472697339677e-01 2.113435214858532321e-02 -5.631133882889784864e-02 -7.786538099999999574e+00 -2.186885219793209198e-02 9.996832087668600098e-01 -1.245935043007629153e-02 9.811999999999999975e-04 5.603017959089862804e-02 1.366825771098966261e-02 9.983355135955834792e-01 5.727894299999999994e+00
9.983273119321127709e-01 1.782956530992221150e-02 -5.499713493684182941e-02 -7.797451999999999828e+00 -1.826385084261698821e-02 9.998057874431744985e-01 -7.403995376308473118e-03 -3.510699999999999845e-03 5.485444378353140915e-02 8.396070270845589281e-03 9.984590607537229268e-01 5.906674399999999991e+00
9.982721314826643599e-01 1.572153516285784008e-02 -5.661788442869474663e-02 -7.808002899999999968e+00 -1.521398363413971333e-02 9.998402206999111863e-01 9.384443123220766181e-03 -7.528499999999999602e-03 5.675637591529377607e-02 -8.506844472297651893e-03 9.983518154388691945e-01 6.084723499999999952e+00
9.981485519574047061e-01 1.348465132970597807e-02 -5.930963162802762451e-02 -7.813200000000000145e+00 -1.308489038874094401e-02 9.998890147556719343e-01 7.123469270388844456e-03 -8.883900000000000130e-03 5.939910663343945380e-02 -6.334220508302350512e-03 9.982142173810696351e-01 6.172487699999999577e+00
9.979331969754443588e-01 7.322347957353812428e-03 -6.384134706254708524e-02 -7.824567300000000003e+00 -7.188540715606669615e-03 9.999714583321300809e-01 2.325382440182983349e-03 -1.157760000000000039e-02 6.385655218338380512e-02 -1.861650210024068299e-03 9.979573512940050906e-01 6.346513700000000036e+00
9.977456241778620560e-01 9.215895905092712573e-03 -6.647357893625904790e-02 -7.831263500000000377e+00 -9.240092021451559376e-03 9.999573078395905812e-01 -5.654762204480309013e-05 -1.334860000000000040e-02 6.647021989856566337e-02 6.706421288191234936e-04 9.977881839878499637e-01 6.432669599999999654e+00
9.975005028891591463e-01 1.097229828215578670e-02 -6.980225932075509454e-02 -7.838161500000000004e+00 -1.123657196259996924e-02 9.999311060341703472e-01 -3.394500818978209416e-03 -1.505399999999999967e-02 6.976020489078177400e-02 4.170354383998155570e-03 9.975550721428405598e-01 6.518001599999999840e+00
9.969354976070013974e-01 1.367924616699963368e-02 -7.702267091826284218e-02 -7.852296800000000410e+00 -1.453747344853314159e-02 9.998382135167849238e-01 -1.059285878775289083e-02 -1.920679999999999957e-02 7.686530736823721233e-02 1.168011198005847878e-02 9.969730685968000161e-01 6.687931500000000362e+00
9.966222413531197200e-01 1.816879469011692394e-02 -8.008747055434113638e-02 -7.860591900000000187e+00 -1.906713607675437211e-02 9.997634203570785472e-01 -1.046650074026607598e-02 -2.148020000000000138e-02 7.987835978608105736e-02 1.195818612599074300e-02 9.967328876998398091e-01 6.772513899999999865e+00
9.958765000916455223e-01 2.427897198556068850e-02 -8.741011431487236139e-02 -7.877045200000000413e+00 -2.462683776480577638e-02 9.996924974078229553e-01 -2.903358092927529801e-03 -2.531239999999999879e-02 8.731274492833582257e-02 5.044020800332910809e-03 9.961681797905638236e-01 6.940830700000000242e+00
9.954684686811714478e-01 2.498985399399343207e-02 -9.174985045722076904e-02 -7.885224799999999590e+00 -2.484118314955132203e-02 9.996875941057370429e-01 2.762211218150466968e-03 -2.735479999999999856e-02 9.179021451818232535e-02 -4.705193323544330092e-04 9.957782560039478703e-01 7.024455500000000185e+00
9.943866802931781157e-01 2.430215777954231743e-02 -1.029783238491044500e-01 -7.902968399999999782e+00 -2.367255285140574400e-02 9.996928798595916543e-01 7.331861941790926776e-03 -2.935470000000000093e-02 1.031248771975521311e-01 -4.852946042798272214e-03 9.946565782307456027e-01 7.190481199999999795e+00
9.938077060094292481e-01 2.252441483718196913e-02 -1.088066827567063938e-01 -7.912428900000000098e+00 -2.142482960091868227e-02 9.997070007717859808e-01 1.126451439042007105e-02 -3.052119999999999833e-02 1.090285290777033705e-01 -8.863596568149920835e-03 9.939991028683222707e-01 7.272485699999999831e+00
9.922287835163668968e-01 2.779743045009452213e-02 -1.212820845055150726e-01 -7.933710600000000390e+00 -2.680891274621088199e-02 9.995927825834500791e-01 9.775029638913855165e-03 -3.202870000000000023e-02 1.215044170349242753e-01 -6.447624946268997945e-03 9.925699495620222690e-01 7.434936500000000059e+00
9.914171003440356289e-01 2.996701028332261416e-02 -1.272560860631177515e-01 -7.945359200000000399e+00 -2.944776595659003363e-02 9.995485510549108055e-01 5.960131222912556058e-03 -3.261359999999999953e-02 1.273772437509553546e-01 -2.161568575751547129e-03 9.918519876451838968e-01 7.515220600000000140e+00
9.899084677147007572e-01 3.019395126599128468e-02 -1.384541471162209492e-01 -7.968432400000000193e+00 -3.019750465810635068e-02 9.995417966935893350e-01 2.075421637842340614e-03 -3.481469999999999704e-02 1.384533721480154522e-01 2.126492299097779322e-03 9.903666703657514336e-01 7.674452800000000074e+00
9.882666329635664271e-01 3.344036158128214919e-02 -1.490328969998522823e-01 -7.994023799999999902e+00 -3.214139027732665355e-02 9.994215077512598189e-01 1.111669353896022235e-02 -3.574270000000000225e-02 1.493184288756617129e-01 -6.196132786803176459e-03 9.887697480893072877e-01 7.832881900000000286e+00
9.862391038275181154e-01 2.954239460012203500e-02 -1.626643077100334012e-01 -8.019187000000000509e+00 -2.831072957121599787e-02 9.995502921115057005e-01 9.885146986715916476e-03 -3.842759999999999926e-02 1.628831872006415160e-01 -5.143973278914176078e-03 9.866319510669956383e-01 7.987078200000000017e+00
9.832989318618752250e-01 2.551979941076334968e-02 -1.801997514907544562e-01 -8.047964999999999591e+00 -2.571731658329449305e-02 9.996684855012732962e-01 1.240452879083937549e-03 -3.987330000000000041e-02 1.801716687691210517e-01 3.414518066290503102e-03 9.836292547699693190e-01 8.140377000000000862e+00
9.790326093164244403e-01 2.449183534449810712e-02 -2.022258635697503359e-01 -8.079453499999999622e+00 -2.288627149214748913e-02 9.996852795515082102e-01 1.027426032425475533e-02 -4.147689999999999710e-02 2.024138544474191892e-01 -5.430639877660063675e-03 9.792850145275675544e-01 8.292192500000000521e+00
9.764979314094037743e-01 2.634425882207350536e-02 -2.139106588748464211e-01 -8.097065000000000623e+00 -2.301166566608657191e-02 9.995721497159131275e-01 1.805493715249469056e-02 -4.199089999999999767e-02 2.142947810760391925e-01 -1.270816821669759449e-02 9.766863617682743914e-01 8.368320499999999384e+00
9.711084661648787808e-01 3.086738879447206360e-02 -2.366337914413478294e-01 -8.134431799999999768e+00 -2.758875210652669482e-02 9.994721460891665687e-01 1.715488120391144358e-02 -4.314790000000000292e-02 2.370384097569442905e-01 -1.013081936106826828e-02 9.714474555007966972e-01 8.516825700000000055e+00
9.681527318063529730e-01 3.034879529346780694e-02 -2.485140610109033144e-01 -8.154714600000000146e+00 -2.926071388527945807e-02 9.995392216770612182e-01 8.071861751693273218e-03 -4.349809999999999788e-02 2.486445223985833397e-01 -5.430961699561323575e-04 9.685946554300878253e-01 8.589349699999999643e+00
