1.000000000000000000e+00 0.000000000000000000e+00 0.000000000000000000e+00 0.000000000000000000e+00 0.000000000000000000e+00 1.000000000000000000e+00 0.000000000000000000e+00 0.000000000000000000e+00 0.000000000000000000e+00 0.000000000000000000e+00 1.000000000000000000e+00 0.000000000000000000e+00
9.994399120448667073e-01 8.617496001075169347e-04 3.345324497527703278e-02 2.001800000000000194e-03 -8.564097036811239285e-04 9.999996181516267457e-01 -1.739512006294695150e-04 -8.480000000000000124e-04 -3.345338210358743403e-02 1.452040890407669074e-04 9.994402684210818011e-01 5.608899999999999997e-02
9.977109489760274119e-01 3.266888570187449249e-04 6.762215293633690172e-02 6.006400000000000280e-03 -2.765655877402416673e-04 9.999996800660568841e-01 -7.505859440654911573e-04 -2.260700000000000036e-03 -6.762237650977902248e-02 7.301658540705502441e-04 9.977107201253252455e-01 1.114248000000000044e-01
9.948355193415334696e-01 -2.603060469271052928e-05 1.015001910287312431e-01 1.205460000000000038e-02 2.492131777212108767e-04 9.999975792973779809e-01 -2.186159229413332968e-03 -3.131200000000000216e-03 -1.014998884199059953e-01 2.200164037502280040e-03 9.948331176277530608e-01 1.671895999999999938e-01
9.860299309411819646e-01 1.860155389867124533e-03 1.665578431358109290e-01 2.928920000000000134e-02 -6.729350736039264955e-04 9.999739673937971807e-01 -7.184127859083302113e-03 -5.487999999999999823e-03 -1.665668707952291661e-01 6.971682482334622642e-03 9.860055137760898036e-01 2.793032999999999766e-01
9.801036461581091874e-01 -1.668171915805243249e-03 1.984793691798699133e-01 4.100680000000000297e-02 3.938040415300100155e-03 9.999312794907631030e-01 -1.104210730126709179e-02 -7.268300000000000108e-03 -1.984473094432556151e-01 1.160402940467455436e-02 9.800428622648644783e-01 3.347191999999999945e-01
9.733112636749325919e-01 -6.529418936606251264e-03 2.293960563999655755e-01 5.489129999999999704e-02 1.043323952596159239e-02 9.998205940601768704e-01 -1.580908618955685976e-02 -9.108299999999999730e-03 -2.292516772381388845e-01 1.778050565943534514e-02 9.732047688446635592e-01 3.897415000000000185e-01
9.658116068009249267e-01 -1.227330711132741323e-02 2.589542548427556379e-01 7.087140000000000106e-02 1.822301396827880754e-02 9.996219580683515238e-01 -2.058792630419243805e-02 -1.095660000000000037e-02 -2.586036773337295203e-01 2.460298518769589091e-02 9.656701461624079830e-01 4.448633000000000171e-01
9.577651680644262422e-01 -1.708172932472227373e-02 2.870437203037163876e-01 8.827050000000000174e-02 2.506989557493497639e-02 9.993933150513719665e-01 -2.417647961327281519e-02 -1.335270000000000033e-02 -2.864565991182312921e-01 3.035154615346742635e-02 9.576123435230514680e-01 4.995111999999999886e-01
9.399904130040475092e-01 -2.782580062203260374e-02 3.400643296204750587e-01 1.271269999999999900e-01 4.231342826726544604e-02 9.984820022283346086e-01 -3.525996333473867261e-02 -1.914340000000000139e-02 -3.385669760161956754e-01 4.753331511518026076e-02 9.397409146703200600e-01 6.053720999999999686e-01
9.307030193980125876e-01 -2.708427205985138378e-02 3.647716160701247601e-01 1.499454000000000065e-01 4.818541487316198302e-02 9.976422307374297471e-01 -4.886865296635712480e-02 -2.253580000000000166e-02 -3.625879968737573122e-01 6.305887452399494553e-02 9.298137033120361661e-01 6.587349000000000121e-01
9.207507925910625168e-01 -1.988069996300705078e-02 3.896443708202533274e-01 1.716803000000000079e-01 4.929952898034602182e-02 9.966243150474012324e-01 -6.564701896213120946e-02 -2.591529999999999875e-02 -3.870239454933585566e-01 7.965382869190459902e-02 9.186227371393953511e-01 7.098581999999999947e-01
8.988396929142588032e-01 -1.155894733026596038e-02 4.381250930709368885e-01 2.197133000000000003e-01 5.615526533144674787e-02 9.944501034802588624e-01 -8.896953334517010425e-02 -3.578950000000000187e-02 -4.346651499917560391e-01 1.045723788804608645e-01 8.945003213850319934e-01 8.095035000000000425e-01
8.646391143220137909e-01 -1.913923068182986353e-02 5.020287759016920370e-01 3.031127000000000127e-01 6.883040762792473621e-02 9.943641425888675167e-01 -8.063700713245766649e-02 -5.355979999999999769e-02 -4.976560830234242339e-01 1.042767557148476520e-01 8.610834926111222698e-01 9.552443000000000461e-01
8.540624571763314465e-01 -2.761793273684093331e-02 5.194367805934330118e-01 3.318230999999999820e-01 7.749308518789282951e-02 9.942014416721429715e-01 -7.455410870699630266e-02 -5.872840000000000005e-02 -5.143657657640028358e-01 1.039266239631402855e-01 8.512503250170511127e-01 1.001639699999999911e+00
8.457858355926171079e-01 -2.958786979640608272e-02 5.327014907730308613e-01 3.618098000000000147e-01 8.041923344719471844e-02 9.941233487503702282e-01 -7.246733306197566948e-02 -6.428689999999999405e-02 -5.274268358764694353e-01 1.041312893911365833e-01 8.431948810133249594e-01 1.047574999999999923e+00
8.324105738137972388e-01 -2.959911686444334847e-02 5.533683482851454727e-01 4.205922000000000271e-01 8.591846983238947411e-02 9.933909283457262873e-01 -7.610834397145134489e-02 -7.407339999999999758e-02 -5.474583574525515584e-01 1.108979520156301163e-01 8.294522235150698641e-01 1.136400899999999936e+00
8.124791314882393589e-01 -2.307153673267626007e-02 5.825335742160353547e-01 5.111116999999999466e-01 8.247658599798500523e-02 9.937156119055075010e-01 -7.567625398617353061e-02 -8.919960000000000389e-02 -5.771267396839565578e-01 1.095307575435121028e-01 8.092760588907292885e-01 1.265340700000000096e+00
8.070884077606378382e-01 -2.419658115548406485e-02 5.899345959670313500e-01 6.408217000000000496e-01 8.893539883927951972e-02 9.927421065124167887e-01 -8.095433768852311474e-02 -1.093299999999999966e-01 -5.836940953030934631e-01 1.178033760877642555e-01 8.033825786576580530e-01 1.441268900000000075e+00
8.114322326905196725e-01 -2.356888685967113012e-02 5.839710945955067789e-01 6.751911999999999914e-01 8.717386361975756892e-02 9.928900442497424761e-01 -8.105601477588419979e-02 -1.148713999999999985e-01 -5.779086859119546560e-01 1.166784796007407365e-01 8.077175763505317629e-01 1.488086800000000043e+00
8.161544956173036880e-01 -2.258093576548929685e-02 5.773923628033362787e-01 7.089271999999999796e-01 8.485110979869882331e-02 9.930876144273207418e-01 -8.110042686066609718e-02 -1.203888000000000041e-01 -5.715698806354249095e-01 1.151828607519709835e-01 8.124289385167161592e-01 1.536412799999999912e+00
8.254071187816180988e-01 -1.954161451058955903e-02 5.641996220903975345e-01 7.764111000000000207e-01 7.982817222412630365e-02 9.933988047786435072e-01 -8.237886612303929601e-02 -1.313850000000000018e-01 -5.588654141955673449e-01 1.130351271361337284e-01 8.215184166221320972e-01 1.635366799999999898e+00
8.285638922616640478e-01 -1.586128350938095788e-02 5.596698099108408098e-01 8.112610999999999573e-01 7.492234226841354428e-02 9.937495435277419187e-01 -8.275558813408984138e-02 -1.371516999999999875e-01 -5.548590082797757450e-01 1.105000652662226079e-01 8.245733542305040409e-01 1.687092899999999895e+00
8.294407965925649773e-01 -1.134007382917322226e-02 5.584795141036421606e-01 8.815482000000000040e-01 6.790030658899078031e-02 9.944268833197661417e-01 -8.065185736272541261e-02 -1.490924999999999889e-01 -5.544524445910689048e-01 1.048168710489167793e-01 8.255882207435510933e-01 1.793139199999999933e+00
8.287849021737558886e-01 -1.092106029273473208e-02 5.594607371129097784e-01 9.175537000000000276e-01 6.709247007640772864e-02 9.945362358086721200e-01 -7.997672237947438256e-02 -1.552765000000000117e-01 -5.555305449638968662e-01 1.038191027971232111e-01 8.249893378138387634e-01 1.847213500000000064e+00
8.285264429006521381e-01 -1.043429942529910254e-02 5.598527117107637840e-01 9.542682000000000109e-01 6.623779993893380569e-02 9.946327160675544343e-01 -7.948782288709044241e-02 -1.610806999999999933e-01 -5.560184235019934862e-01 1.029411750641252288e-01 8.247706512739010343e-01 1.901626899999999898e+00
8.282628347795919499e-01 -1.084222654019663390e-02 5.602348816760033268e-01 9.911567999999999490e-01 6.635070143250010322e-02 9.946764120669021603e-01 -7.884427498004814572e-02 -1.671643999999999908e-01 -5.563975745294812425e-01 1.024757600672728530e-01 8.245728940829579745e-01 1.956642999999999910e+00
8.283252489637826788e-01 -1.098011583637116192e-02 5.601399101878986597e-01 1.028905699999999923e+00 6.588612104374820533e-02 9.947792494969004418e-01 -7.793114797173292252e-02 -1.733391999999999988e-01 -5.563598664379879599e-01 1.014577834697932002e-01 8.247242067445945679e-01 2.012308099999999822e+00
8.281647311308555359e-01 -1.088231532049510966e-02 5.603791157102689935e-01 1.066516400000000031e+00 6.574472096142697231e-02 9.947954796595843696e-01 -7.784333827991575527e-02 -1.795045999999999864e-01 -5.566154954514487274e-01 1.013090759118974865e-01 8.245699857266304278e-01 2.068075900000000189e+00
8.292375057220109369e-01 -9.322170123249144680e-03 5.588186255379566925e-01 1.217965399999999976e+00 6.142337128087829029e-02 9.953243292037978751e-01 -7.454293498045989896e-02 -2.050578999999999874e-01 -5.555108716887809939e-01 9.613832138748261424e-02 8.259328632500149148e-01 2.293170899999999790e+00
8.340071039527330310e-01 -1.376915208707841717e-02 5.515818715360195634e-01 1.332564400000000093e+00 6.267353653252992485e-02 9.955824562107052911e-01 -6.991137750012263452e-02 -2.240118000000000109e-01 -5.481826140757116717e-01 9.287617205861750658e-02 8.311858025067905276e-01 2.464895999999999976e+00
8.352678444232776167e-01 -1.369357025786265003e-02 5.496727337298843441e-01 1.369228799999999913e+00 6.263883881805346054e-02 9.955514175130345533e-01 -7.038288825640508228e-02 -2.297331999999999985e-01 -5.462636762077608399e-01 9.321942512899693278e-02 8.324098358588767343e-01 2.520739799999999864e+00
8.353456081298086255e-01 -1.114778336062053135e-02 5.496120831135219431e-01 1.443207899999999988e+00 6.138920372267223091e-02 9.954324231063124140e-01 -7.311399794151464404e-02 -2.416702000000000017e-01 -5.462866286525202009e-01 9.481570521195438472e-02 8.322144563756528335e-01 2.632966000000000140e+00
8.335426523172567714e-01 -9.097588839010857520e-03 5.523801957395186868e-01 1.480185400000000095e+00 6.072689737766757273e-02 9.953142865216689783e-01 -7.524436843208449910e-02 -2.487033999999999911e-01 -5.491073580847327662e-01 9.626372589494626431e-02 8.301893786203409231e-01 2.689274800000000187e+00
8.272570858289145512e-01 -8.669698169256889742e-03 5.617566646507238248e-01 1.555507699999999938e+00 6.074942805016440850e-02 9.953988398669797455e-01 -7.409896479066811759e-02 -2.605777000000000232e-01 -5.585295166214850893e-01 9.542528975656693058e-02 8.239774227109899485e-01 2.800643200000000110e+00
8.235635491805718411e-01 -1.124172285483435521e-02 5.671126026887033378e-01 1.593476499999999962e+00 6.203086737239958681e-02 9.955920801060069714e-01 -7.034615499955920725e-02 -2.668512000000000106e-01 -5.638220037867692769e-01 9.311301572524288694e-02 8.206306808476167003e-01 2.855418400000000023e+00
8.200651816720196940e-01 -9.545996234763428484e-03 5.721905030364652367e-01 1.630868299999999937e+00 5.965372936052129593e-02 9.958396926451431597e-01 -6.888206679396616239e-02 -2.729508999999999963e-01 -5.691524667280455363e-01 9.062108203013588548e-02 8.172229127411128058e-01 2.909623400000000082e+00
8.165920708955780594e-01 -9.444619444775495531e-03 5.771379288471818469e-01 1.668713899999999972e+00 6.191699284249770063e-02 9.955302477330097988e-01 -7.131487815311952916e-02 -2.786839999999999873e-01 -5.738847233964443628e-01 9.396980904628658704e-02 8.135268890700485533e-01 2.963574599999999837e+00
8.101097189640074081e-01 -6.326926491763026211e-03 5.862441583855866334e-01 1.744857700000000067e+00 6.166940114465201128e-02 9.953140521456167455e-01 -7.447699352103603898e-02 -2.903289000000000009e-01 -5.830258383661199861e-01 9.648786246280036116e-02 8.067037648324462129e-01 3.069443199999999816e+00
8.077063620819348033e-01 -5.129076461299553885e-03 5.895626558958942942e-01 1.783067699999999922e+00 6.091146430632778108e-02 9.953372508781628270e-01 -7.479004298942554252e-02 -2.967190000000000105e-01 -5.864300692908109847e-01 9.631951821388698431e-02 8.042526495092318095e-01 3.121382500000000171e+00
8.053903491374513335e-01 -6.404786959511736544e-03 5.927101856896483945e-01 1.822155699999999934e+00 6.187882677248716240e-02 9.953864742785294428e-01 -7.332651376288783218e-02 -3.024904999999999955e-01 -5.895060613034566188e-01 9.573267742710282746e-02 8.020709807486637866e-01 3.173845299999999980e+00
8.035109333890317895e-01 -1.184327241564643932e-02 5.951721740998782151e-01 1.860526099999999960e+00 6.253442585500244844e-02 9.959495412452948893e-01 -6.460616747859138087e-02 -3.081309999999999882e-01 -5.919963053155586907e-01 8.913051212562050907e-02 8.009969577351416792e-01 3.226112800000000114e+00
8.021287470236335704e-01 -1.736373665014569884e-02 5.968986294571632101e-01 1.899760700000000080e+00 6.193791626213030616e-02 9.966049484612786724e-01 -5.424270671341393374e-02 -3.137542999999999860e-01 -5.939302717722012570e-01 8.048029169949928729e-02 8.004809522534328536e-01 3.278280300000000036e+00
8.007913290049524235e-01 -1.984288837215637466e-02 5.986146566628085530e-01 1.937816599999999889e+00 6.346397487973209905e-02 9.966356762787179635e-01 -5.186186133303747475e-02 -3.186494000000000271e-01 -5.955716340482870574e-01 7.952099439464156705e-02 7.993565163101760129e-01 3.329752699999999788e+00
7.998403131076450290e-01 -1.616694663910705348e-02 5.999950861167386851e-01 1.975407600000000041e+00 6.295040562575315857e-02 9.963835846553749098e-01 -5.707012056110027931e-02 -3.233448999999999907e-01 -5.969026050868078137e-01 8.341691714318888451e-02 7.979654741747345126e-01 3.380377300000000140e+00
7.989516763635615693e-01 -1.361092053513211428e-02 6.012411842830139852e-01 2.013847100000000001e+00 6.485126821297686195e-02 9.958640641277447525e-01 -6.363237218695835806e-02 -3.281414999999999749e-01 -5.978883941397620250e-01 8.983044373238605051e-02 7.965299489233403918e-01 3.431161599999999812e+00
7.986325087596434225e-01 -2.046828571276779543e-02 6.014708348974689978e-01 2.091387999999999803e+00 7.383399620934241736e-02 9.952039037690526557e-01 -6.416954828107276909e-02 -3.381481000000000070e-01 -5.972726822449162531e-01 9.565688267353597563e-02 7.963134457241975994e-01 3.531808600000000187e+00
7.988705682992452983e-01 -2.146556294845523849e-02 6.011198255860031869e-01 2.129262199999999883e+00 7.244625302960840119e-02 9.955217026011625725e-01 -6.072956505732925864e-02 -3.433091999999999810e-01 -5.971242379331213046e-01 9.206394113543225899e-02 7.968480879160098063e-01 3.582519299999999962e+00
7.994598058091120230e-01 -2.344481684683575456e-02 6.002619090519365486e-01 2.167150700000000096e+00 7.113879330138395130e-02 9.959016969614895576e-01 -5.584874284035792197e-02 -3.479845999999999773e-01 -5.964924902991486366e-01 8.735073298057541291e-02 7.978512132374533383e-01 3.632997500000000102e+00
8.000451996174534619e-01 -2.484764472024129575e-02 5.994249520339686166e-01 2.204614900000000155e+00 6.818215796661983297e-02 9.964343321567468159e-01 -4.969723366901682843e-02 -3.528891000000000111e-01 -5.960527425522709200e-01 8.063011999987737544e-02 7.988866702134423958e-01 3.683699799999999858e+00
8.006461096777875985e-01 -1.868106429894832859e-02 5.988462447861577775e-01 2.241277900000000045e+00 5.967093591149625481e-02 9.970305825111285269e-01 -4.867645164723852919e-02 -3.571637999999999757e-01 -5.961586923506780877e-01 7.470632753775548196e-02 7.993833737078545054e-01 3.734286299999999947e+00
8.018009713987912512e-01 -1.337712396310200905e-02 5.974414237550244033e-01 2.277807199999999810e+00 5.210000689720505063e-02 9.975074580222489384e-01 -4.758634753059543671e-02 -3.610142000000000073e-01 -5.953157074571996388e-01 6.928148197366466865e-02 8.004993970705205353e-01 3.785064000000000206e+00
8.032727437087947564e-01 -1.706566593760387718e-02 5.953668299969783195e-01 2.314907999999999966e+00 5.553727627959631485e-02 9.973805744119093042e-01 -4.634221325329060392e-02 -3.653814000000000228e-01 -5.930164501579939795e-01 7.029048891475846161e-02 8.021164111337801828e-01 3.834754699999999961e+00
8.054428823928466707e-01 -1.939641388487762033e-02 5.923559253785763978e-01 2.352380999999999833e+00 5.939080752002202923e-02 9.970749660097725231e-01 -4.810659142706717045e-02 -3.695246999999999837e-01 -5.896901688046212175e-01 7.392760840861553606e-02 8.042389032682761840e-01 3.884850999999999832e+00
8.089248593065218040e-01 -1.996509247768805950e-02 5.875729461762864148e-01 2.388595299999999977e+00 6.142548303641802432e-02 9.968234252789284211e-01 -5.069486018254008852e-02 -3.737317000000000000e-01 -5.846943492369893747e-01 7.710028467873468461e-02 8.075816144965111132e-01 3.935161799999999932e+00
8.142991335158186184e-01 -2.465696298563701747e-02 5.799215079057785660e-01 2.425030200000000136e+00 6.633646676078291948e-02 9.965044508074710761e-01 -5.077748220024357051e-02 -3.777985999999999844e-01 -5.766423452479730871e-01 7.981800359082803775e-02 8.130883666426989009e-01 3.985101699999999969e+00
8.194631467049723339e-01 -3.130832655918135143e-02 5.722761045862815310e-01 2.460887000000000047e+00 7.322079106977656682e-02 9.960436909160862440e-01 -5.035555124686946771e-02 -3.826049000000000255e-01 -5.684354553926954656e-01 8.316702756696087162e-02 8.185135176514650723e-01 4.035374199999999689e+00
8.261136522020232631e-01 -2.929544808298506151e-02 5.627415129231642110e-01 2.495305999999999802e+00 7.037283162432839134e-02 9.961931279643038151e-01 -5.144819108452779871e-02 -3.866399999999999837e-01 -5.590920301834113593e-01 8.210376677298847348e-02 8.250303468764517145e-01 4.086317099999999591e+00
8.333264356497159797e-01 -2.821938382109605986e-02 5.520604296851002735e-01 2.529165299999999839e+00 6.758292589970946174e-02 9.964050946366085348e-01 -5.108263412399198511e-02 -3.906624000000000207e-01 -5.486343042265714454e-01 7.987836852971468005e-02 8.322378545024594620e-01 4.137710600000000127e+00
8.406038888371023532e-01 -3.066489059437402936e-02 5.407816255724443577e-01 2.561879600000000146e+00 6.718107060864242364e-02 9.965895410222317397e-01 -4.791649483188539782e-02 -3.949022999999999839e-01 -5.374679579508131466e-01 7.660908046656460246e-02 8.397971439378978387e-01 4.188931499999999808e+00
8.475175490400751466e-01 -3.064461174427539347e-02 5.298819791615360097e-01 2.594703200000000098e+00 6.623590588264051393e-02 9.966341721378384477e-01 -4.830250199556343493e-02 -3.990174000000000221e-01 -5.266182762124856920e-01 7.603443100443403602e-02 8.466947244791490634e-01 4.241331100000000021e+00
8.545755784089339446e-01 -3.180271667950214376e-02 5.183523589208786087e-01 2.626283899999999782e+00 6.624590938057928202e-02 9.966448484926655471e-01 -4.806792551558540516e-02 -4.027999999999999914e-01 -5.150845176059711816e-01 7.541639864668098214e-02 8.538151477561104485e-01 4.293859499999999940e+00
8.612147397751702682e-01 -3.293176089147856200e-02 5.071732160895054964e-01 2.656632899999999964e+00 6.699059100646401199e-02 9.965473756382341453e-01 -4.904680239478184656e-02 -4.072498999999999980e-01 -5.038069399190432396e-01 7.621566264971130211e-02 8.604474069089144139e-01 4.345908599999999566e+00
8.682079164595870591e-01 -3.093759668549220243e-02 4.952351753543243751e-01 2.686774000000000218e+00 6.629393416411855089e-02 9.963389581307969811e-01 -5.397957765564213167e-02 -4.120503999999999833e-01 -4.917521002394866780e-01 7.969658475846883028e-02 8.670803459241190891e-01 4.398263499999999659e+00
8.744746190183014800e-01 -2.948917623254358050e-02 4.841740690887134657e-01 2.716119799999999973e+00 6.894374806799083433e-02 9.955730040185964969e-01 -6.388390463743623404e-02 -4.161662999999999890e-01 -4.801467487082816121e-01 8.924562820952980369e-02 8.726364177309773318e-01 4.450620699999999985e+00
8.812063339667636219e-01 -2.694030773279870380e-02 4.719635757090993033e-01 2.744509700000000052e+00 6.795963933566759319e-02 9.952237905391539963e-01 -7.007919924088801267e-02 -4.205928999999999918e-01 -4.678214236204051302e-01 9.382870863515177517e-02 8.788283615346270672e-01 4.503647299999999909e+00
8.873881449450234937e-01 -2.776262447359759133e-02 4.601863936421503043e-01 2.771969799999999928e+00 6.623767070907037036e-02 9.955066000426907591e-01 -6.766964053753338204e-02 -4.258274000000000226e-01 -4.562399053020974593e-01 9.053091159256168585e-02 8.852396866703124978e-01 4.556933899999999760e+00
8.933686223243361146e-01 -2.795740507695330598e-02 4.484538863112694229e-01 2.798818600000000156e+00 6.363567695622636411e-02 9.958746947269599969e-01 -6.468456555320672985e-02 -4.311162000000000050e-01 -4.447954645279565411e-01 8.632482785298470351e-02 8.914622924339044019e-01 4.610570899999999916e+00
8.982384125917615147e-01 -2.494449304463049535e-02 4.388000984632737800e-01 2.824778300000000186e+00 6.035438548398498748e-02 9.959304657205982902e-01 -6.693172343816371217e-02 -4.364004000000000216e-01 -4.353448085110042665e-01 8.660415530618996438e-02 8.960885101295621435e-01 4.663988100000000081e+00
9.013101813834799581e-01 -1.735838875853033814e-02 4.328263430917604904e-01 2.849227700000000141e+00 5.489867763833820857e-02 9.957171768831188929e-01 -7.438708794860598994e-02 -4.414768000000000026e-01 -4.296813844327450616e-01 9.080743361432228045e-02 8.984029818919458954e-01 4.717176000000000258e+00
9.038038132563460669e-01 -9.388050021257497713e-03 4.278440506307013003e-01 2.873788400000000021e+00 4.917962768986107458e-02 9.954142326732279278e-01 -8.204797140609561279e-02 -4.468481000000000258e-01 -4.251117869026620477e-01 9.519648054611683230e-02 9.001208800644824315e-01 4.770953699999999742e+00
9.055308964186121745e-01 -5.625595076641790732e-03 4.242430297734287592e-01 2.898177599999999909e+00 4.610187058867495913e-02 9.952963191680223032e-01 -8.520478025798401689e-02 -4.526770999999999989e-01 -4.217681983738577056e-01 9.671395830292513207e-02 9.015309185545720139e-01 4.824576900000000279e+00
9.072053840069665975e-01 -4.399907055275993628e-03 4.206649879021041039e-01 2.922419500000000170e+00 4.459517490066146339e-02 9.953169852188670230e-01 -8.576344973475139022e-02 -4.587277000000000160e-01 -4.183176563382806079e-01 9.656469206045628639e-02 9.031531424088151683e-01 4.877335500000000046e+00
9.093451184212518745e-01 -3.083392843204649236e-03 4.160311866819767501e-01 2.945743100000000059e+00 4.301435720967577980e-02 9.953104291356280608e-01 -8.664245337991265117e-02 -4.642262999999999806e-01 -4.138130262295735551e-01 9.668320610336832155e-02 9.052133102094200856e-01 4.929266000000000147e+00
9.120113801644492701e-01 -2.162587342708563454e-03 4.101591955162307013e-01 2.969794499999999893e+00 3.953512156604799266e-02 9.957934566819237610e-01 -8.265812599026997609e-02 -4.706010999999999944e-01 -4.082550876759458713e-01 9.160084522235967253e-02 9.082604629407001751e-01 4.982338399999999723e+00
9.142323645016110500e-01 -4.508602525117429149e-03 4.051652208680600054e-01 2.992771100000000128e+00 4.000759189508096975e-02 9.960563177630320508e-01 -7.919093657172079914e-02 -4.762112000000000012e-01 -4.032103375268917822e-01 8.860860199563108663e-02 9.108073008951068639e-01 5.035977800000000393e+00
9.167081475650220579e-01 -3.612912535215312415e-03 3.995411356179969231e-01 3.015313900000000213e+00 3.748339103554410023e-02 9.963268257126522975e-01 -7.699254354693489677e-02 -4.818951000000000207e-01 -3.977953840662083462e-01 8.555584859238472839e-02 9.134763429817187586e-01 5.088714099999999796e+00
9.190716282518184288e-01 3.799238581628150077e-03 3.940722115662953495e-01 3.037000700000000109e+00 2.927780488022743016e-02 9.965319301232063998e-01 -7.789045118826994074e-02 -4.874387000000000025e-01 -3.930014660073757327e-01 8.312447311782973636e-02 9.157729902573763514e-01 5.141721200000000103e+00
9.215200816537237882e-01 1.162735860252299760e-02 3.881565968019126678e-01 3.058005800000000107e+00 2.148765502193769258e-02 9.964934997722469934e-01 -8.086399441851115089e-02 -4.927510999999999974e-01 -3.877357602679593618e-01 8.285836978596151925e-02 9.180389266070586585e-01 5.194583899999999588e+00
9.242648183714639032e-01 1.122211752745346652e-02 3.815869620400632600e-01 3.079392900000000211e+00 2.286300097058022174e-02 9.961464077457298227e-01 -8.467359400602579578e-02 -4.982978000000000129e-01 -3.810666985022227449e-01 8.698504706832123345e-02 9.204465073425711630e-01 5.246647399999999628e+00
9.272408402228251578e-01 1.042865362973829230e-02 3.743202738382468975e-01 3.100969999999999782e+00 2.424162175571113742e-02 9.958436278511733075e-01 -8.779414925191141028e-02 -5.038970999999999867e-01 -3.736800342505902095e-01 9.048045121287144610e-02 9.231340747425549331e-01 5.299595400000000289e+00
9.296046058600946349e-01 1.098235090980236722e-02 3.683947132250845469e-01 3.121333400000000147e+00 2.253688923148593898e-02 9.959915813220584502e-01 -8.656129943198261067e-02 -5.093752999999999753e-01 -3.678686795413086408e-01 8.877025348662458126e-02 9.256308533689088236e-01 5.352523800000000165e+00
9.323557476220335483e-01 8.996071981246869798e-03 3.614302568478005573e-01 3.141799699999999973e+00 2.196373718020040375e-02 9.964345966328840287e-01 -8.145973779813305005e-02 -5.154319000000000539e-01 -3.608744298578633880e-01 8.388781390625059398e-02 9.288339359394618411e-01 5.405569100000000127e+00
9.349641520676633677e-01 9.652608705062909120e-03 3.546108592437380858e-01 3.161688999999999972e+00 1.979585966155050086e-02 9.966524080371977901e-01 -7.932276781552199951e-02 -5.209768000000000177e-01 -3.541894384205371282e-01 8.118377115435054803e-02 9.316431918994001471e-01 5.459048700000000309e+00
9.372824924615217324e-01 1.236866002775729306e-02 3.483511813877414598e-01 3.181088900000000219e+00 1.782267486564146144e-02 9.963625092454319043e-01 -8.333128122608168820e-02 -5.264997000000000149e-01 -3.481147534732634830e-01 8.431350081252966810e-02 9.336526934545761325e-01 5.512312399999999890e+00
9.396603379266526002e-01 1.255816936561629515e-02 3.418782556843202869e-01 3.200019399999999958e+00 1.787318541242369219e-02 9.961592265716084915e-01 -8.571665275468812184e-02 -5.323873000000000077e-01 -3.416416230068902715e-01 8.665499234573362242e-02 9.358268609795182824e-01 5.564763499999999752e+00
9.419942080977449228e-01 1.471660899763119895e-02 3.353063276019602745e-01 3.218727100000000174e+00 1.534426448019579614e-02 9.961052652376159999e-01 -8.682657492646107811e-02 -5.383198000000000150e-01 -3.352781911455979258e-01 8.693515966229888037e-02 9.380995749687910390e-01 5.618127799999999894e+00
9.444131219148975687e-01 1.418230394667798454e-02 3.284550462540054006e-01 3.236861900000000070e+00 1.502903733613402716e-02 9.961622039062485445e-01 -8.622639703359268049e-02 -5.441061000000000369e-01 -3.284173917314761604e-01 8.636970396736180777e-02 9.405755105491979684e-01 5.671412899999999979e+00
9.472031921092747275e-01 9.213176568621580381e-03 3.205015292249257519e-01 3.255300800000000105e+00 1.917708549691420419e-02 9.961697534360594020e-01 -8.531155684304858600e-02 -5.499249999999999972e-01 -3.200599197804133156e-01 8.695366419338559916e-02 9.433984884625898903e-01 5.725411399999999595e+00
9.496660716808155156e-01 6.416663810423578473e-03 3.131983057487252586e-01 3.272971899999999934e+00 2.155124249797306726e-02 9.960832251061074727e-01 -8.575402386482548767e-02 -5.555940000000000323e-01 -3.125218332294906198e-01 8.818749961167683671e-02 9.458081563758682364e-01 5.778626899999999900e+00
9.517845274976580727e-01 5.416573590371700359e-03 3.067195362975754791e-01 3.290113700000000030e+00 2.204632009917806973e-02 9.960510003942211199e-01 -8.600211848411526416e-02 -5.614316999999999780e-01 -3.059741377733487533e-01 8.861752278308906994e-02 9.479065152585693932e-01 5.830811999999999884e+00
9.539778828638477703e-01 1.107565920455137916e-02 2.996723690629407577e-01 3.306619200000000092e+00 1.551525908779781589e-02 9.961562996862465269e-01 -8.620848758007190749e-02 -5.672350999999999921e-01 -2.994753341129269830e-01 8.689048491399700702e-02 9.501392360540433790e-01 5.882934099999999944e+00
9.556414848651793026e-01 1.490153120256040332e-02 2.941552256419973643e-01 3.322835700000000170e+00 1.085073494769431789e-02 9.962601118516080101e-01 -8.572077393792218447e-02 -5.727716999999999947e-01 -2.943324887873748352e-01 8.511012807674883662e-02 9.519058000364265526e-01 5.937896699999999583e+00
9.569996970649872203e-01 1.191478802804848448e-02 2.898441264607055090e-01 3.339256499999999850e+00 1.325289263420042531e-02 9.963171483747659263e-01 -8.471422956741708754e-02 -5.789100999999999830e-01 -2.897860256367603138e-01 8.491276512174927849e-02 9.533173037688078555e-01 5.991568100000000285e+00
9.583545588837789619e-01 1.069405143226272170e-02 2.853807574638514977e-01 3.355000700000000169e+00 1.411935128232803122e-02 9.963022536345556013e-01 -8.474941487746021074e-02 -5.844399000000000122e-01 -2.852318064067255188e-01 8.524937927439571461e-02 9.546598137280559726e-01 6.044941900000000423e+00
9.598169802223839309e-01 9.609966478731798295e-03 2.804621418677776257e-01 3.370709900000000037e+00 1.502782461470641984e-02 9.962192958880596860e-01 -8.556447269543680789e-02 -5.905285000000000117e-01 -2.802240692091479968e-01 8.634096967590866589e-02 9.560437793277515306e-01 6.098411600000000377e+00
9.614861794431351916e-01 3.149135863550473272e-03 2.748352409774921234e-01 3.386433799999999827e+00 2.056182196932136719e-02 9.963082100904089300e-01 -8.334963697429995100e-02 -5.960665000000000546e-01 -2.740830863390610883e-01 8.579063730826666512e-02 9.578718224966722428e-01 6.151686699999999952e+00
9.630294669437319266e-01 -5.068106305413900073e-03 2.693483990978014497e-01 3.402378999999999820e+00 2.780409721156217040e-02 9.963535311681616102e-01 -8.066333186141814993e-02 -6.017525000000000235e-01 -2.679574182147632100e-01 8.517015455670078061e-02 9.596587241287739545e-01 6.205272199999999572e+00
9.642946046106090074e-01 -7.158528566718107278e-03 2.647350958744018601e-01 3.417201299999999886e+00 2.920370539459669207e-02 9.964125084469783733e-01 -7.943082903775912362e-02 -6.074779000000000151e-01 -2.632167530954191981e-01 8.432596562838516607e-02 9.610442614212654222e-01 6.258288900000000154e+00
9.654901923298281341e-01 -5.407630560425414484e-03 2.603832676011139657e-01 3.431669999999999998e+00 2.755839098323030131e-02 9.962927285486318230e-01 -8.149438095683397831e-02 -6.129078000000000026e-01 -2.589772646417572988e-01 8.585776943785650150e-02 9.620598837005048809e-01 6.311569200000000102e+00
9.664384751373887861e-01 -3.305096130589060821e-03 2.568769162725338950e-01 3.445490599999999848e+00 2.578430820412939278e-02 9.961159915437486356e-01 -8.419085960630762200e-02 -6.179432000000000258e-01 -2.556009452731998199e-01 8.798867955812328390e-02 9.627700395447837955e-01 6.365066099999999949e+00
9.668619598587151476e-01 -7.718611707151247503e-04 2.552985601379245129e-01 3.459054200000000190e+00 2.294574097599930487e-02 9.962109890031574100e-01 -8.388777241298847609e-02 -6.235817999999999639e-01 -2.542664813718604755e-01 8.696591067587428059e-02 9.632162201868743612e-01 6.418235300000000088e+00
9.670789616757441420e-01 -1.141867040479502965e-03 2.544739240547574388e-01 3.472624800000000178e+00 2.293001437802693124e-02 9.963131078183052880e-01 -8.267046407304945443e-02 -6.291415000000000202e-01 -2.534413074555685874e-01 8.578395729442508943e-02 9.635396288405164711e-01 6.471378299999999584e+00
9.673218238834179195e-01 -3.482631024322163996e-03 2.535278294783556707e-01 3.486641899999999961e+00 2.409975299045319375e-02 9.966415877492262876e-01 -7.826076586962529835e-02 -6.341913999999999607e-01 -2.524038251387187848e-01 8.181330484615320642e-02 9.641570889670901812e-01 6.525069700000000417e+00
9.675539551648072445e-01 -3.481009666922524337e-03 2.526405082654739620e-01 3.500136900000000217e+00 2.268579698080797763e-02 9.970633987339897475e-01 -7.314323974483667723e-02 -6.395077000000000123e-01 -2.516439915044342279e-01 7.650138218832312764e-02 9.647916044737290253e-01 6.578423500000000423e+00
9.677805600856037582e-01 -4.497364019476155286e-03 2.517549626864806211e-01 3.513834999999999820e+00 2.320659707093136737e-02 9.971780726013466101e-01 -7.139569577678178680e-02 -6.445872000000000268e-01 -2.507234360261967887e-01 7.493774242622777693e-02 9.651539221218954356e-01 6.631332900000000308e+00
9.681020863681720767e-01 -3.160523415960504040e-03 2.505361480132744512e-01 3.527276000000000078e+00 2.298534120553862026e-02 9.968242839234370267e-01 -7.624317064624175355e-02 -6.496007999999999782e-01 -2.494995480141340427e-01 7.956983142035767287e-02 9.651003147178425223e-01 6.683559899999999665e+00
9.679926416922737253e-01 -1.524192124839184731e-03 2.509739477873750846e-01 3.540504199999999990e+00 2.235282664291041166e-02 9.965312203860959839e-01 -8.016157394207211462e-02 -6.544723000000000068e-01 -2.499811928339519818e-01 8.320579086917496980e-02 9.646689585526994071e-01 6.735897099999999860e+00
9.680779997728491404e-01 1.210037016205997226e-03 2.506462091598811726e-01 3.553653699999999915e+00 1.934613624059453724e-02 9.966445163422055220e-01 -7.953260373941985206e-02 -6.597566999999999737e-01 -2.499014072956769750e-01 8.184279965537981372e-02 9.648062203241692947e-01 6.787870899999999708e+00
9.682140908265275403e-01 3.026496727398502590e-03 2.501046073996229802e-01 3.566730000000000178e+00 1.731999972348790759e-02 9.967153398111624485e-01 -7.911099161745689667e-02 -6.651154000000000233e-01 -2.495225279098840787e-01 8.092818855428558777e-02 9.649814176256366061e-01 6.839617699999999800e+00
9.684211543348247853e-01 -1.803140462002620140e-03 2.493134904518400641e-01 3.580452900000000049e+00 2.210658292031164596e-02 9.966562439136454898e-01 -7.866149286360744897e-02 -6.706164000000000014e-01 -2.483380092301475106e-01 8.168892307050122648e-02 9.652228514800035297e-01 6.891059900000000127e+00
9.685892259386008618e-01 1.098742256404371467e-03 2.486638376626486013e-01 3.593466499999999897e+00 1.977332404247780784e-02 9.964834226243748372e-01 -8.142360892961413021e-02 -6.756105000000000027e-01 -2.478788555967879059e-01 8.378294098601195283e-02 9.651613811937158616e-01 6.942182500000000367e+00
9.684388112230039036e-01 1.027697901923445116e-02 2.490394599641051199e-01 3.605526199999999903e+00 1.098824642999852476e-02 9.964179196077219691e-01 -8.384860121083108353e-02 -6.810100000000000042e-01 -2.490090909131000563e-01 8.393874663620833065e-02 9.648568595681816795e-01 6.993391500000000427e+00
9.685100131448896033e-01 1.690955707773130617e-02 2.483997208483146590e-01 3.617803599999999786e+00 4.722661454909776908e-03 9.962637787634038844e-01 -8.623328587526836453e-02 -6.864892999999999690e-01 -2.489298112056248236e-01 8.469090862364388184e-02 9.648115873524911734e-01 7.044277199999999794e+00
9.686419509922105098e-01 1.424385460699443585e-02 2.480521787526547284e-01 3.630800699999999992e+00 8.288479413940902027e-03 9.959472505746032045e-01 -8.955654739824066290e-02 -6.919060999999999684e-01 -2.483225158679914224e-01 8.880420417313276971e-02 9.645982279862262976e-01 7.094401799999999980e+00
9.687445645628522950e-01 1.305088380965844369e-02 2.477168606730603129e-01 3.643479099999999971e+00 9.579179387048872285e-03 9.959020196807603087e-01 -8.993000899618043553e-02 -6.976769999999999916e-01 -2.478753879516889524e-01 8.949213165172205386e-02 9.646496516457311321e-01 7.144419199999999748e+00
9.690891862014199276e-01 1.493540158989701237e-02 2.462581632490954686e-01 3.655644399999999905e+00 7.869862320501375477e-03 9.957864882712124110e-01 -9.136375125586164436e-02 -7.032458999999999794e-01 -2.465851059057014572e-01 9.047764119292185658e-02 9.648883779949051220e-01 7.194345000000000212e+00
9.694912656169549781e-01 5.851774218925132921e-03 2.450559989694714169e-01 3.668312999999999935e+00 1.654955771804161868e-02 9.958713812250440389e-01 -8.925415506440179114e-02 -7.087712999999999930e-01 -2.445665513347482778e-01 9.058669215405645847e-02 9.653917615003838604e-01 7.244328999999999574e+00
9.706619934002191918e-01 -3.588566735386133563e-03 2.404213317430433650e-01 3.682042599999999943e+00 2.478154440519107077e-02 9.960569943500224843e-01 -8.518414795777880244e-02 -7.141701999999999773e-01 -2.391676600738619207e-01 8.864302677134218433e-02 9.669235979019276117e-01 7.292521500000000323e+00
9.710560077650451927e-01 -9.098951823233487543e-03 2.386785261793170909e-01 3.694207200000000135e+00 2.882796454273215542e-02 9.964339183327763916e-01 -7.929940010058683653e-02 -7.199261000000000132e-01 -2.371058376416224911e-01 8.388477496964780178e-02 9.678554469984430586e-01 7.341962299999999608e+00
9.719359166502914427e-01 -1.148945783033304864e-02 2.349650320450314134e-01 3.706383000000000205e+00 3.080955720211763643e-02 9.964205143297184541e-01 -7.872058058670967917e-02 -7.250427000000000399e-01 -2.332195212887786806e-01 8.375052824707561461e-02 9.688108710724547823e-01 7.390902500000000153e+00
9.732568348949569570e-01 -1.185159854636785512e-02 2.294137592694610595e-01 3.718210899999999874e+00 3.184795964650612154e-02 9.959854913930518139e-01 -8.365768584473175229e-02 -7.303992999999999736e-01 -2.275012984503715363e-01 8.872677468744734341e-02 9.697271361867512152e-01 7.439453600000000222e+00
9.747152002123057324e-01 -1.349943841546628540e-02 2.230426946518351827e-01 3.729605900000000140e+00 3.365791227340637903e-02 9.956546786396073268e-01 -8.682687282435019860e-02 -7.354897000000000240e-01 -2.209013884439852138e-01 9.213862417861054532e-02 9.709341123464518830e-01 7.488455300000000037e+00
9.764084534970536300e-01 -1.175229076483340351e-02 2.156117241739672619e-01 3.739556100000000161e+00 3.145760407593144181e-02 9.956068166687298548e-01 -8.819005470323844353e-02 -7.400425000000000475e-01 -2.136280671758607197e-01 9.289214317980319657e-02 9.724886110645044601e-01 7.536679699999999649e+00
9.785971321209044893e-01 -1.622727667659477208e-02 2.051446526146912530e-01 3.750310699999999997e+00 3.399479123730037022e-02 9.959374503675522128e-01 -8.338434579770924449e-02 -7.455574000000000368e-01 -2.029581414318565036e-01 8.857353130050098222e-02 9.751731755844629257e-01 7.585407700000000197e+00
9.809220897616033330e-01 -2.085363963748693844e-02 1.932795372811070833e-01 3.760248199999999930e+00 3.725519787368639785e-02 9.959672223170979999e-01 -8.161704663461490095e-02 -7.508312000000000319e-01 -1.907980713978039700e-01 8.726063135133886595e-02 9.777431555204282310e-01 7.633964500000000264e+00
9.833679115893483313e-01 -2.506536030587364072e-02 1.798868482383867429e-01 3.768940399999999968e+00 4.082682807712531559e-02 9.955902471959467981e-01 -8.445845012474791080e-02 -7.555096999999999507e-01 -1.769766102217027459e-01 9.039793914161102506e-02 9.800548413397003333e-01 7.681212399999999718e+00
9.858362093601488185e-01 -2.581597717319172522e-02 1.657121107131457882e-01 3.776769400000000054e+00 4.051566301848898155e-02 9.954754696996853669e-01 -8.594806732185990283e-02 -7.605102999999999724e-01 -1.627435079030339904e-01 9.144465292614960272e-02 9.824217149913936353e-01 7.728612899999999897e+00
9.879000682494754049e-01 -2.724737684977691574e-02 1.526795192797254508e-01 3.783245799999999992e+00 4.083518853689394046e-02 9.954077401215544185e-01 -8.657897136866525567e-02 -7.653657999999999850e-01 -1.496193253889287478e-01 9.176606867958371494e-02 9.844760261729361694e-01 7.775932300000000019e+00
9.898064853475990743e-01 -2.870942548214006421e-02 1.394951269841303021e-01 3.789694100000000176e+00 4.137167163151336813e-02 9.951954724616386416e-01 -8.873757027477284509e-02 -7.704085000000000516e-01 -1.362773141437980673e-01 9.360416913974219100e-02 9.862386897548742759e-01 7.823748100000000427e+00
9.916864853426528015e-01 -2.519226111997662984e-02 1.261874192160198083e-01 3.795012999999999970e+00 3.742765336167507007e-02 9.947207292785905652e-01 -9.555020411965237104e-02 -7.760143000000000457e-01 -1.231141159760931053e-01 9.947874508221268841e-02 9.873939911323611485e-01 7.870525400000000005e+00
