1.000000000000000000e+00 0.000000000000000000e+00 0.000000000000000000e+00 0.000000000000000000e+00 0.000000000000000000e+00 1.000000000000000000e+00 0.000000000000000000e+00 0.000000000000000000e+00 0.000000000000000000e+00 0.000000000000000000e+00 1.000000000000000000e+00 0.000000000000000000e+00
9.994400808436502137e-01 7.336577902855153863e-04 3.345125632146989103e-02 1.981399999999999915e-03 -7.281375502081242988e-04 9.999997192069960406e-01 -1.772050704843264866e-04 -7.713000000000000455e-04 -3.345137693647158572e-02 1.527487341414608614e-04 9.994403344116536969e-01 5.351779999999999732e-02
9.977105696830608217e-01 2.203097650830258987e-04 6.762817908468177208e-02 5.871900000000000210e-03 -1.678678397252497949e-04 9.999996808306778062e-01 -7.811267060291040383e-04 -2.038199999999999994e-03 -6.762832958968278962e-02 7.679857745394523235e-04 9.977102882273788387e-01 1.062040000000000067e-01
9.948513419332594143e-01 -3.126853121882648689e-04 1.013445098734442745e-01 1.178500000000000034e-02 5.378172989382444969e-04 9.999974482542514087e-01 -2.194137082970406237e-03 -2.928800000000000067e-03 -1.013435651935832710e-01 2.237345051940992265e-03 9.948489714931471051e-01 1.593962999999999908e-01
9.909421269828051493e-01 -2.550609469605162822e-05 1.342896135977511840e-01 1.909659999999999830e-02 5.859033274637453874e-04 9.999912852772121497e-01 -4.133532015129838880e-03 -3.920700000000000053e-03 -1.342883378707363795e-01 4.174771738475026653e-03 9.909335061409754175e-01 2.131261999999999879e-01
9.860523677428481015e-01 1.265731284503646744e-03 1.664305440507791722e-01 2.818359999999999962e-02 -7.436274590565724457e-05 9.999743326675493149e-01 -7.164389455591992258e-03 -5.217300000000000236e-03 -1.664353404145433868e-01 7.052086953860190431e-03 9.860271525321654407e-01 2.661050999999999833e-01
9.801209756259305905e-01 -1.652620850802619806e-03 1.983939061120514324e-01 3.925909999999999817e-02 3.939684476638754228e-03 9.999302571729991040e-01 -1.113371798477235351e-02 -6.813999999999999745e-03 -1.983616697456908606e-01 1.169399992574842416e-02 9.800591300229992697e-01 3.188270999999999744e-01
9.733190482841903579e-01 -6.468441304136585829e-03 2.293647521182205495e-01 5.232919999999999933e-02 1.036909937586527955e-02 9.998213227103585066e-01 -1.580520268274145795e-02 -8.570799999999999946e-03 -2.292215348201194769e-01 1.776181074113918068e-02 9.732122101853760698e-01 3.708663999999999850e-01
9.577805959892552456e-01 -1.680839390859446489e-02 2.870083759068375873e-01 8.368169999999999775e-02 2.473010015313404156e-02 9.994060850527540785e-01 -2.399790211546105195e-02 -1.260260000000000026e-02 -2.864345511506651842e-01 3.008247087160253325e-02 9.576274290418880231e-01 4.745201000000000002e-01
9.399978307600843630e-01 -2.726389923358989859e-02 3.400893382111770946e-01 1.205800000000000066e-01 4.168574341570039504e-02 9.985115515580785805e-01 -3.517072932082814657e-02 -1.811029999999999932e-02 -3.386242415454276400e-01 4.723728615891503030e-02 9.397352083614429752e-01 5.751093999999999928e-01
9.306727870065920616e-01 -2.669961739508710380e-02 3.648770943157962354e-01 1.418767999999999974e-01 4.769260081111776489e-02 9.976769527402929993e-01 -4.864271578268056229e-02 -2.146129999999999913e-02 -3.627307256812604686e-01 6.267238946936069810e-02 9.297841643332860340e-01 6.257097999999999827e-01
9.207330413608005859e-01 -2.001652400789113995e-02 3.896793621852866485e-01 1.630781000000000036e-01 4.938644487046076059e-02 9.966299098574951110e-01 -6.549657884575436906e-02 -2.481239999999999835e-02 -3.870550937651476842e-01 7.954974257709886143e-02 9.186186329736458767e-01 6.750612999999999753e-01
8.988269583688095477e-01 -1.134244214268790435e-02 4.381568759197029816e-01 2.083962000000000037e-01 5.578674137911821679e-02 9.944953071911487585e-01 -8.869567893128760261e-02 -3.426139999999999741e-02 -4.347389313090944674e-01 1.041654116346805992e-01 8.945119499610969527e-01 7.693655999999999828e-01
8.755968089617076622e-01 -1.326311887914998280e-02 4.828605573182307986e-01 2.591101000000000099e-01 6.366210922086827650e-02 9.940719380689926332e-01 -8.813692638904033205e-02 -4.489329999999999710e-02 -4.788291594980668697e-01 1.079123330363791766e-01 8.712505749742840422e-01 8.616177999999999892e-01
8.643815577939700789e-01 -1.843835685919612347e-02 5.024983079991439672e-01 2.861736999999999753e-01 6.809875960187657118e-02 9.944132250595744127e-01 -8.065294022726068879e-02 -5.048829999999999985e-02 -4.982038553507544543e-01 1.039344255910869819e-01 8.608080817991285993e-01 9.069597000000000353e-01
8.538383507305146169e-01 -2.639859592065859142e-02 5.198684304275578150e-01 3.133715999999999724e-01 7.616268138105897201e-02 9.943007607988968433e-01 -7.460055656348957287e-02 -5.529860000000000331e-02 -5.149362259412733067e-01 1.032913898064737046e-01 8.509827095806383745e-01 9.510990999999999751e-01
8.384309885727407874e-01 -2.942157382193168885e-02 5.442130542303971197e-01 3.707615000000000216e-01 8.333662200111843776e-02 9.937201446590229192e-01 -7.466780787121879426e-02 -6.518559999999999632e-02 -5.385986305537540098e-01 1.079566815564982352e-01 8.356176578273879496e-01 1.038192599999999910e+00
8.071482618871123060e-01 -2.357278151234023719e-02 5.898779596699514904e-01 5.158089000000000146e-01 8.525070567472298189e-02 9.933833510344323159e-01 -7.695346041318401609e-02 -8.918729999999999714e-02 -5.841609371693516906e-01 1.124003641425293520e-01 8.038172414336802740e-01 1.244270800000000010e+00
8.044720776668634610e-01 -2.249836184181434190e-02 5.935642340714226695e-01 5.458629000000000397e-01 8.630123361867514387e-02 9.931061667788775305e-01 -7.932363192428307230e-02 -9.377599999999999825e-02 -5.876876494620715263e-01 1.150389726144973868e-01 8.008678177137262821e-01 1.285991000000000106e+00
8.069433212221036600e-01 -2.322322031743241644e-02 5.901721429999291502e-01 6.094713999999999965e-01 8.797241611682991846e-02 9.928063722813980085e-01 -8.121798544668294706e-02 -1.038155999999999940e-01 -5.840405211435317767e-01 1.174571802638658263e-01 8.031814741805575197e-01 1.372169600000000100e+00
8.111522758047357007e-01 -2.242268223718133641e-02 5.844050040666047829e-01 6.415594000000000019e-01 8.613340417598921994e-02 9.929481908828077241e-01 -8.145506066301272385e-02 -1.087999000000000049e-01 -5.784574505889380491e-01 1.164092502503550897e-01 8.073635267426294559e-01 1.416917699999999947e+00
8.251416628289479638e-01 -1.878309355351690316e-02 5.646135241565142238e-01 7.382693999999999646e-01 7.908351740098472360e-02 9.934461787848367642e-01 -8.252567560035042882e-02 -1.247792000000000068e-01 -5.593630605781605425e-01 1.127469966534184742e-01 8.212192649994684013e-01 1.557069999999999954e+00
8.281824144441563007e-01 -1.499178881827424592e-02 5.602580964818588694e-01 7.709148999999999585e-01 7.415419849615131898e-02 9.937848119135029856e-01 -8.302350543934412797e-02 -1.300755000000000106e-01 -5.555313161747419404e-01 1.103040972859652274e-01 8.241468090522994228e-01 1.605983500000000008e+00
8.289850882103532159e-01 -1.130431282672898427e-02 5.591564504111423695e-01 8.379362000000000199e-01 6.782192591439513418e-02 9.944489203306288161e-01 -8.044582785023027260e-02 -1.419355999999999951e-01 -5.551431436036431410e-01 1.046114590509186759e-01 8.251500062080244779e-01 1.707065199999999949e+00
8.284064975546789888e-01 -1.074754345562939362e-02 5.600242540451787487e-01 8.727361999999999620e-01 6.686753272390719149e-02 9.945635096549534371e-01 -7.982579990353151633e-02 -1.477237000000000133e-01 -5.561217563417266696e-01 1.035756514461328853e-01 8.246215353426700201e-01 1.758758700000000008e+00
8.280654131660567518e-01 -1.011509492508088498e-02 5.605402361764801888e-01 9.075490999999999975e-01 6.586484751825480433e-02 9.946684346792500353e-01 -7.935065793128352751e-02 -1.532457999999999876e-01 -5.567490398550540842e-01 1.026274325284771555e-01 8.243167575107812617e-01 1.810643599999999909e+00
8.278383291391330223e-01 -1.058105177131087038e-02 5.608669558384959952e-01 9.429239999999999844e-01 6.602130818832176173e-02 9.947112150519353824e-01 -7.868154494546363009e-02 -1.590903999999999929e-01 -5.570681176240759314e-01 1.021647688457974074e-01 8.241586451245013212e-01 1.863397799999999993e+00
8.281247291982494207e-01 -9.735446072067523854e-03 5.604593241084527833e-01 1.091165099999999999e+00 6.330823579691213787e-02 9.950762575065805748e-01 -7.625817350933443428e-02 -1.828492999999999924e-01 -5.569573593827523705e-01 9.863297033180663809e-02 8.246635901947632075e-01 2.079712600000000133e+00
8.284056024340129554e-01 -8.671895466182275719e-03 5.600615645489016581e-01 1.126757699999999973e+00 6.186782565332425710e-02 9.951788395089766759e-01 -7.610157385032377542e-02 -1.890139999999999876e-01 -5.567014729681157847e-01 9.769276136229344820e-02 8.249482373898013865e-01 2.133316999999999908e+00
8.292387971975210270e-01 -8.428417829840141595e-03 5.588309037582783745e-01 1.162801299999999927e+00 6.067132101011293160e-02 9.953348252342321123e-01 -7.501717458574724828e-02 -1.948539999999999994e-01 -5.555915838359113401e-01 9.611216077493153764e-02 8.258816165298009659e-01 2.187551000000000023e+00
8.336545083084572205e-01 -1.281241101143927585e-02 5.521376666204347305e-01 1.270797699999999919e+00 6.174659528248160889e-02 9.956253124818751354e-01 -7.012556678123771370e-02 -2.131196999999999953e-01 -5.488237592779723339e-01 9.255311593589035657e-02 8.307986530938479275e-01 2.350379699999999961e+00
8.350218622087745013e-01 -1.320769159382065294e-02 5.500582210240594350e-01 1.306051000000000073e+00 6.202959216100219220e-02 9.955983178036118542e-01 -7.025894450501032895e-02 -2.189877000000000073e-01 -5.467090810748713725e-01 9.278764179232548703e-02 8.321656290672482248e-01 2.403629299999999969e+00
8.355352844634127418e-01 -1.262774736477094081e-02 5.492916606076734265e-01 1.341530300000000064e+00 6.170528654430906812e-02 9.955677858869131924e-01 -7.097352546347171498e-02 -2.246296000000000126e-01 -5.459608466081873335e-01 9.319508410168897417e-02 8.326112119531843270e-01 2.457257699999999989e+00
8.267980929289173719e-01 -8.401570038380171135e-03 5.624360649442702309e-01 1.483756999999999993e+00 6.034875121148934596e-02 9.954421026575089870e-01 -7.384475935373555067e-02 -2.488554000000000044e-01 -5.592521271808618133e-01 9.499702036215421086e-02 8.235366563584123334e-01 2.670980000000000132e+00
8.232554712432954558e-01 -1.140441519459541725e-02 5.675564891550873847e-01 1.520585999999999993e+00 6.202968914904771064e-02 9.956186721122440852e-01 -6.996983211016230553e-02 -2.549379999999999979e-01 -5.642718730647949821e-01 9.280839970348087054e-02 8.203559314178370254e-01 2.723606600000000100e+00
8.196716802666779156e-01 -8.899032657693310699e-03 5.727644749690383730e-01 1.556269899999999984e+00 5.887458633959937598e-02 9.958930410349872142e-01 -6.878105772250404926e-02 -2.605863999999999958e-01 -5.698000698948202380e-01 9.009915668774422237e-02 8.168292491775838160e-01 2.775433299999999992e+00
8.161927878718673313e-01 -9.127988320631930802e-03 5.777075495916315084e-01 1.592398200000000097e+00 6.134665328497679315e-02 9.955922931883879334e-01 -7.094063627160351881e-02 -2.662089000000000261e-01 -5.745136387908313935e-01 9.334166043683553293e-02 8.131552208958708894e-01 2.827027100000000015e+00
8.127728221406437248e-01 -8.299792407692432178e-03 5.825216331051771279e-01 1.628674600000000083e+00 6.205406153180333118e-02 9.954434709662253189e-01 -7.239882290563064149e-02 -2.715699999999999781e-01 -5.792664611704535504e-01 9.499162887698532620e-02 8.095844350074650198e-01 2.877623600000000170e+00
8.070864732792183416e-01 -4.454289841971829228e-03 5.904164495944512758e-01 1.702236700000000047e+00 6.006704682447566723e-02 9.954027744599233118e-01 -7.460071369144700981e-02 -2.832351000000000174e-01 -5.873698788118946190e-01 9.567379944107325118e-02 8.036436707677161451e-01 2.978332500000000049e+00
8.049325557908391104e-01 -6.073533281904925502e-03 5.933352280300751014e-01 1.739949500000000038e+00 6.140561942818525965e-02 9.954313504230387633e-01 -7.311481722336557465e-02 -2.887496999999999980e-01 -5.901804220157328418e-01 9.528661389953402283e-02 8.016280500836361345e-01 3.028302399999999839e+00
8.032183518880114947e-01 -1.128390620032180061e-02 5.955778308929648990e-01 1.777081700000000097e+00 6.190523971491238009e-02 9.959881082626205195e-01 -6.461756336543225676e-02 -2.939187999999999801e-01 -5.924592985903300857e-01 8.877140113971818125e-02 8.006944597370119210e-01 3.078373700000000213e+00
8.016347934100416239e-01 -1.644514102938727379e-02 5.975878306416251284e-01 1.814004699999999914e+00 6.093693174250800620e-02 9.966626325572049971e-01 -5.431654641037909903e-02 -2.991752999999999774e-01 -5.947002172054833835e-01 7.995720230639331849e-02 7.999615599859069004e-01 3.128158800000000017e+00
8.002497222895914586e-01 -1.912957792139129837e-02 5.993616948254042454e-01 1.850510000000000099e+00 6.265875862565237209e-02 9.966872811886939854e-01 -5.184923802893799671e-02 -3.039209999999999967e-01 -5.963843240251406330e-01 7.904759809911147961e-02 7.987973555864074093e-01 3.177390299999999890e+00
7.993466237928052998e-01 -1.563435152683463614e-02 6.006667479421335942e-01 1.886714100000000061e+00 6.236994608929263828e-02 9.964204027959272514e-01 -5.706461878275267963e-02 -3.084816000000000225e-01 -5.976244346208260394e-01 8.307796304879846994e-02 7.974603985150613417e-01 3.225848200000000165e+00
7.984749853087743654e-01 -1.303543924890591260e-02 6.018868458105233188e-01 1.923395799999999989e+00 6.419872254971442649e-02 9.959085212106540963e-01 -6.359828144685268636e-02 -3.130699000000000121e-01 -5.985952070131679292e-01 8.942200346445151882e-02 7.960449003902143605e-01 3.274419099999999805e+00
7.979735333572189893e-01 -1.687445182402180777e-02 6.024562166141487207e-01 1.960388400000000031e+00 6.976650937200232216e-02 9.954743107814786329e-01 -6.452542711355249705e-02 -3.179616000000000109e-01 -5.986408557987348278e-01 9.352085034781726369e-02 7.955394247419669274e-01 3.322691700000000026e+00
7.980358146136734554e-01 -2.007278420048192596e-02 6.022756195699204840e-01 1.997666399999999953e+00 7.319874476271973074e-02 9.952732959397825319e-01 -6.382013909671706287e-02 -3.229253999999999736e-01 -5.981477930737962856e-01 9.501657604651404798e-02 7.957330380959082294e-01 3.370903000000000205e+00
7.982338802256914168e-01 -2.120417690003334465e-02 6.019742979079992784e-01 2.033905700000000039e+00 7.201502713464809358e-02 9.955714953455333527e-01 -6.042543770842252748e-02 -3.278937000000000102e-01 -5.980271802574131934e-01 9.158482700453522696e-02 7.962259171465827512e-01 3.419296500000000183e+00
7.987908301967405755e-01 -2.311332843269737689e-02 6.011646892843627299e-01 2.070187300000000175e+00 7.063623836959105617e-02 9.959533323446121411e-01 -5.556511154183813028e-02 -3.323365999999999820e-01 -5.974476809082083228e-01 8.684891387015075681e-02 7.971910277574496551e-01 3.467671399999999959e+00
7.994033239031793636e-01 -2.411974964953565725e-02 6.003103892232684036e-01 2.106014500000000123e+00 6.738327419510997673e-02 9.964888755454073266e-01 -4.969321153836103733e-02 -3.367834000000000105e-01 -5.970040369137339376e-01 8.017579803839433583e-02 7.982217870476924215e-01 3.516077300000000072e+00
7.998212153748478492e-01 -1.766014778801273249e-02 5.999784517934012573e-01 2.141103499999999826e+00 5.857367462679109044e-02 9.970928097724568451e-01 -4.873451898584679060e-02 -3.408180000000000098e-01 -5.973735414939431720e-01 7.412184482440112299e-02 7.985304027041245645e-01 3.564765899999999821e+00
8.010239760054433944e-01 -1.242875735997804251e-02 5.985032296111003625e-01 2.176036600000000210e+00 5.114923618598145316e-02 9.975492473148477313e-01 -4.774154186001312167e-02 -3.443948000000000009e-01 -5.964430781742893206e-01 6.885510273078888910e-02 7.996965857910804942e-01 3.613094600000000156e+00
8.022002313499947412e-01 -1.604481710759690649e-02 5.968394697621787204e-01 2.211447999999999858e+00 5.449918055674192463e-02 9.974334141705601953e-01 -4.643730843517215878e-02 -3.486347000000000196e-01 -5.945625519158254102e-01 6.977928159592526602e-02 8.010157449883852365e-01 3.661005299999999796e+00
8.043454481885689011e-01 -1.857825786769546142e-02 5.938714072195526716e-01 2.247200499999999934e+00 5.842104551663554468e-02 9.971406546711921726e-01 -4.793220465041731632e-02 -3.527805999999999997e-01 -5.912828269272442094e-01 7.324863914440800372e-02 8.031309080370514497e-01 3.708840400000000148e+00
8.079704623173811218e-01 -1.913957187887150441e-02 5.889120552433366740e-01 2.282210099999999908e+00 6.050710121747043119e-02 9.968836296447272094e-01 -5.061540920128050625e-02 -3.567855999999999805e-01 -5.861080299099272750e-01 7.652911690753914919e-02 8.066106071336132111e-01 3.756960600000000206e+00
8.131806775836513124e-01 -2.355192036187442675e-02 5.815346014227026350e-01 2.317034500000000108e+00 6.521617269048451959e-02 9.965755550013447595e-01 -5.083319774877989583e-02 -3.606123999999999996e-01 -5.783459487401970689e-01 7.926203518097163503e-02 8.119319511848095416e-01 3.804915199999999942e+00
8.184513088884118881e-01 -3.041856816079785766e-02 5.737701331455763443e-01 2.351686700000000130e+00 7.221760124566754813e-02 9.961245478590037283e-01 -5.020461356307014122e-02 -3.653276999999999775e-01 -5.700193619949828205e-01 8.252633436511246090e-02 8.174761960369797409e-01 3.853044999999999831e+00
8.252267798354477879e-01 -2.820039242028549512e-02 5.640970658581370145e-01 2.384899100000000161e+00 6.917527080695895503e-02 9.962799277400168352e-01 -5.139151185877682132e-02 -3.691493000000000135e-01 -5.605493232100109413e-01 8.143121913424120062e-02 8.241076463661224372e-01 3.901851699999999923e+00
8.322934895440267100e-01 -2.731681926367414068e-02 5.536617547275074491e-01 2.417367500000000113e+00 6.654960372471450947e-02 9.964852238229521264e-01 -5.087581887895547411e-02 -3.730250999999999983e-01 -5.503259920326409871e-01 7.918958320282143415e-02 8.311860877116825641e-01 3.951362800000000064e+00
8.395137141260928804e-01 -2.950599111876524294e-02 5.425367455595171418e-01 2.448950500000000030e+00 6.592155958342604816e-02 9.966791704205806290e-01 -4.780145637772949957e-02 -3.770750999999999964e-01 -5.393246441395957991e-01 7.589484658290385211e-02 8.386709131034983944e-01 4.000647500000000356e+00
8.464271845564307339e-01 -2.961892216905690281e-02 5.316801112449264233e-01 2.480558600000000169e+00 6.492337544043484676e-02 9.967433032755065314e-01 -4.783035330051410572e-02 -3.811979999999999813e-01 -5.285319068564303668e-01 7.500337875706006296e-02 8.455935883210863313e-01 4.050941899999999762e+00
8.534322442730208902e-01 -3.071895801595560596e-02 5.202977513439095425e-01 2.510607499999999881e+00 6.486656447786932900e-02 9.967604508021855603e-01 -4.754926423681324343e-02 -3.848965999999999776e-01 -5.171515573291385337e-01 7.433000292639455053e-02 8.526601418015321565e-01 4.101236300000000057e+00
8.603014149826455625e-01 -3.233739735301983248e-02 5.087590472033797218e-01 2.540221199999999957e+00 6.614045777599239506e-02 9.966311627353886538e-01 -4.849500293730768519e-02 -3.891065000000000218e-01 -5.054769185868331904e-01 7.536987592626261112e-02 8.595420097812671578e-01 4.150966200000000050e+00
8.671233805936079397e-01 -3.000128565234632533e-02 4.971890643277658839e-01 2.568858099999999922e+00 6.527200428367643803e-02 9.964208932077432967e-01 -5.371190776610779843e-02 -3.935147999999999979e-01 -4.937981452827711060e-01 7.902737777687847409e-02 8.659780974580164603e-01 4.201002599999999809e+00
8.734059174686145122e-01 -2.847435047338746014e-02 4.861597625224927111e-01 2.596591500000000163e+00 6.787011331104625400e-02 9.956639602430105151e-01 -6.361545403713228519e-02 -3.973123000000000071e-01 -4.822403457301696061e-01 8.855783216815690806e-02 8.715513520795679092e-01 4.250694300000000148e+00
8.803689718553884269e-01 -2.614450940435903217e-02 4.735683034392099700e-01 2.624322700000000008e+00 6.702093817482064619e-02 9.953180132984139616e-01 -6.964370933447767975e-02 -4.016776000000000235e-01 -4.695302623265652509e-01 9.305115276934362856e-02 8.779993255850730982e-01 4.301399700000000159e+00
8.865639369432130046e-01 -2.705836330717342059e-02 4.618140650596165298e-01 2.650611599999999957e+00 6.545589889774419690e-02 9.955816156917870474e-01 -6.732586275733326575e-02 -4.066411999999999805e-01 -4.579518653867882261e-01 8.991713669633832895e-02 8.844178862489683324e-01 4.352350699999999684e+00
8.923047699006340094e-01 -2.721137572407686389e-02 4.506126259258384503e-01 2.676034899999999883e+00 6.281161216199239450e-02 9.959560112305143598e-01 -6.423647773201081324e-02 -4.116792000000000229e-01 -4.470423905964488465e-01 8.562222097683984401e-02 8.904054898105723259e-01 4.403604999999999769e+00
8.972320064212904178e-01 -2.415578418334291336e-02 4.408982022459528305e-01 2.701061499999999782e+00 5.941826831443013102e-02 9.960258888538989774e-01 -6.634680190721090054e-02 -4.167231000000000130e-01 -4.375433647579857754e-01 8.572588187524265990e-02 8.951016015698843864e-01 4.454578399999999938e+00
9.004718325613872976e-01 -1.668828690063214187e-02 4.345940402765080535e-01 2.724709999999999965e+00 5.404337987658106718e-02 9.958122337739235830e-01 -7.373810519469704838e-02 -4.215943999999999803e-01 -4.315434993775858485e-01 8.988601752503470876e-02 8.976027584619137301e-01 4.505554700000000246e+00
9.029979735520409223e-01 -8.491108613748951650e-03 4.295608930470942166e-01 2.748526599999999931e+00 4.814167386153356959e-02 9.955081444613937958e-01 -8.152247266148467120e-02 -4.266678999999999888e-01 -4.269391514006619648e-01 9.429440802901463414e-02 8.993506132847969292e-01 4.556897199999999870e+00
9.046956273126236514e-01 -4.998095979193293431e-03 4.260291550563189977e-01 2.771968399999999999e+00 4.546577601815691982e-02 9.953540373658951168e-01 -8.487168850965033651e-02 -4.321362999999999732e-01 -4.236256426758006066e-01 9.615279161831495613e-02 9.007196875451983775e-01 4.608059400000000139e+00
9.063670813570940954e-01 -3.869702126017057070e-03 4.224733592046705510e-01 2.795374199999999920e+00 4.398991885711218963e-02 9.953873565002916424e-01 -8.525782989442118320e-02 -4.378772000000000220e-01 -4.201947178049331155e-01 9.585945923495120535e-02 9.023565610134474113e-01 4.659080000000000332e+00
9.083415105606086337e-01 -3.141334779278328465e-03 4.182174460831065699e-01 2.817966499999999819e+00 4.291249605580577109e-02 9.953941318643183545e-01 -8.572654158625744869e-02 -4.435162000000000271e-01 -4.160218959078140766e-01 9.581573078510841057e-02 9.042926118571263938e-01 4.709867499999999652e+00
9.111365334589244247e-01 -1.764071082875393048e-03 4.121008437866500729e-01 2.841562300000000096e+00 3.923213474456454380e-02 9.958203990669678429e-01 -8.247770853684807668e-02 -4.489818999999999893e-01 -4.102329301748443569e-01 9.131604927568590102e-02 9.073975546279821058e-01 4.761122199999999971e+00
9.134650181197230268e-01 -4.075914877131329300e-03 4.068968512896709022e-01 2.863960500000000131e+00 3.950200141602819293e-02 9.961152441029677007e-01 -7.870204793913047892e-02 -4.546910000000000118e-01 -4.049953734990836551e-01 8.796480764259913265e-02 9.100774362990977639e-01 4.812592000000000425e+00
9.159984557266215299e-01 -3.288654215286197086e-03 4.011683111362319698e-01 2.886254300000000050e+00 3.709404799801135910e-02 9.963770438411465591e-01 -7.652985110072461905e-02 -4.601415999999999840e-01 -3.994632157152465668e-01 8.498218201382058690e-02 9.128018229772574266e-01 4.863738099999999953e+00
9.182952701242214077e-01 4.734332556554345095e-03 3.958678857431192077e-01 2.907052800000000214e+00 2.825770250265328271e-02 9.965943003425411506e-01 -7.746807583793785534e-02 -4.655273999999999801e-01 -3.948864382537780604e-01 8.232488457328621112e-02 9.150340508763814551e-01 4.914826900000000443e+00
9.206800019739843632e-01 1.267883955077125924e-02 3.901122671652736962e-01 2.927312399999999926e+00 2.037488158800265098e-02 9.965484577469864158e-01 -8.047381911142097166e-02 -4.705180999999999947e-01 -3.897860928322853802e-01 8.203912718787682856e-02 9.172439061911463742e-01 4.965867499999999879e+00
9.234654362566292463e-01 1.228547443743235185e-02 3.834848825667062644e-01 2.948048399999999791e+00 2.176400813942026141e-02 9.962006498868460902e-01 -8.432433287451937542e-02 -4.758840999999999766e-01 -3.830638536707171027e-01 8.621677495054369533e-02 9.196894865812410558e-01 5.016202899999999687e+00
9.264994484680444398e-01 1.125369759237517669e-02 3.761278057773831396e-01 2.969078800000000129e+00 2.334770213891061014e-02 9.959076533035451373e-01 -8.730882484753973993e-02 -4.813006000000000228e-01 -3.755711075059451343e-01 8.967329804309101537e-02 9.224451435314908743e-01 5.067380899999999855e+00
9.288959730439579898e-01 1.185630826314702964e-02 3.701509141108360601e-01 2.988782200000000167e+00 2.153196018263444506e-02 9.960676448101050129e-01 -8.593963959165643041e-02 -4.866061999999999887e-01 -3.697142761017104262e-01 8.779905988573902254e-02 9.249879345860509972e-01 5.118416800000000322e+00
9.316589194814652863e-01 9.642357516579214138e-03 3.632061159894627300e-01 3.008592399999999945e+00 2.115866395934372021e-02 9.965114600705458070e-01 -8.072930624949285761e-02 -4.925840000000000218e-01 -3.627174777841345454e-01 8.289713438709027382e-02 9.282047707377529822e-01 5.169819399999999732e+00
9.342192903549062510e-01 1.051927276236657924e-02 3.565440539811683962e-01 3.027739799999999981e+00 1.881504550825693206e-02 9.967203027358955136e-01 -7.870598564649938789e-02 -4.977854999999999919e-01 -3.562026271538401012e-01 8.023704265871020591e-02 9.309574133085178893e-01 5.221445100000000394e+00
9.365459575894633515e-01 1.342211534568311937e-02 3.502877619079524107e-01 3.046226499999999948e+00 1.666124082275013268e-02 9.964329613322867596e-01 -8.272700057910835347e-02 -5.030438000000000409e-01 -3.501486432603752030e-01 8.331386673427566836e-02 9.329816328485260879e-01 5.272484799999999971e+00
9.389309907815198697e-01 1.388092412063768669e-02 3.438254128123611197e-01 3.064630300000000140e+00 1.647777581648857473e-02 9.962260865402049470e-01 -8.521776458538266041e-02 -5.086433999999999678e-01 -3.437107467830690100e-01 8.567907820667339247e-02 9.351588197218052567e-01 5.322956600000000371e+00
9.412347054730819673e-01 1.587443225102902478e-02 3.373799514104361408e-01 3.082383399999999884e+00 1.412841374709141937e-02 9.961700640208294155e-01 -8.628784082202822781e-02 -5.142946000000000462e-01 -3.374575782790953382e-01 8.598375398553015359e-02 9.374055562629037830e-01 5.374043000000000347e+00
9.436195083832724650e-01 1.555545888613897934e-02 3.306663743070236694e-01 3.099933899999999909e+00 1.363146431076006984e-02 9.962221361541201414e-01 -8.576501977651532216e-02 -5.197513000000000272e-01 -3.307512760054835410e-01 8.543701267813166855e-02 9.398425986756405726e-01 5.425441700000000367e+00
9.464244812587556677e-01 1.070863250714320682e-02 3.227476203846005309e-01 3.117856000000000183e+00 1.764739597650711103e-02 9.962413562919092413e-01 -8.480406493149629521e-02 -5.254111999999999671e-01 -3.224426626384039873e-01 8.595629821882765087e-02 9.426782293588689132e-01 5.477551499999999685e+00
9.490464865293570806e-01 7.671675098217337237e-03 3.150427142586705864e-01 3.135255100000000184e+00 2.021865981897584888e-02 9.961616806192394868e-01 -8.516520334606607345e-02 -5.309049999999999603e-01 -3.144868394725087724e-01 8.719547847818510944e-02 9.452486320178161705e-01 5.527965499999999643e+00
9.511767726107079879e-01 6.041417777684853462e-03 3.085875054455591293e-01 3.151897200000000066e+00 2.144874264703901592e-02 9.960974890299431062e-01 -8.561392285781276035e-02 -5.363185999999999787e-01 -3.079004687959058240e-01 8.805278882283000541e-02 9.473352140059945192e-01 5.578811599999999871e+00
9.532518967247500807e-01 1.227291174789201487e-02 3.019274698133554979e-01 3.167579899999999782e+00 1.440780663990911918e-02 9.961924715612491266e-01 -8.598240932026023076e-02 -5.418984000000000023e-01 -3.018331269070597678e-01 8.631300737384971222e-02 9.494455372793051406e-01 5.629387900000000222e+00
9.549313176762740385e-01 1.573511023886640242e-02 2.964094884223947290e-01 3.182903500000000108e+00 1.004219416708006761e-02 9.963096368435583328e-01 -8.524237132417020191e-02 -5.473320999999999881e-01 -2.966569278769091711e-01 8.437721160614264360e-02 9.512492592923300627e-01 5.681298700000000146e+00
9.563080116379690798e-01 1.294943883053002384e-02 2.920741325605681893e-01 3.198733799999999849e+00 1.226488540893365745e-02 9.963621848698135386e-01 -8.433249164679763876e-02 -5.531182000000000043e-01 -2.921036793040096557e-01 8.423009316999376106e-02 9.526703165007475160e-01 5.732549699999999859e+00
9.577600645817825331e-01 1.165318215094620323e-02 2.873323198633541131e-01 3.214271800000000123e+00 1.317580784659434963e-02 9.963510053862357774e-01 -8.432717328018828062e-02 -5.585366999999999971e-01 -2.872665256863207728e-01 8.455103436146803320e-02 9.541116631760226952e-01 5.783936500000000258e+00
9.591046278560888538e-01 1.082451138393041197e-02 2.828447326331751666e-01 3.229299500000000211e+00 1.382646106946056573e-02 9.962839558365020887e-01 -8.501240096047953110e-02 -5.643337999999999965e-01 -2.827138868172695552e-01 8.544652887080790571e-02 9.553908880163145545e-01 5.835369100000000309e+00
9.608790294908694518e-01 4.009078533433236072e-03 2.769393759904817398e-01 3.244844000000000062e+00 1.971065391621446700e-02 9.963701907803056423e-01 -8.281263820584655599e-02 -5.696596999999999911e-01 -2.762661412603431565e-01 8.503158362473312026e-02 9.573122003711171946e-01 5.886477000000000182e+00
9.637456531692941697e-01 -6.043987750607229814e-03 2.667541681199397940e-01 3.274442899999999934e+00 2.809079970679863314e-02 9.964858652393480121e-01 -7.891024870078926223e-02 -5.803770000000000318e-01 -2.653398254486557528e-01 8.354274708350452328e-02 9.605287015183973098e-01 5.988309899999999963e+00
9.648695833924784138e-01 -4.505381125359064418e-03 2.626906709134154694e-01 3.288088099999999958e+00 2.665126947282012854e-02 9.963737912356778192e-01 -8.080209139699971732e-02 -5.856936000000000364e-01 -2.613740554827739260e-01 8.496452012197343306e-02 9.614908389792025112e-01 6.039284199999999991e+00
9.658270636394370445e-01 -2.684098162285613112e-03 2.591734530361431421e-01 3.301468600000000198e+00 2.514934480489565416e-02 9.961984411942721440e-01 -8.340369427061763985e-02 -5.905820999999999987e-01 -2.579643262110231650e-01 8.707158766875336409e-02 9.622229185710218236e-01 6.090662000000000020e+00
9.662733022159106788e-01 6.399923774012827860e-05 2.575187397624820185e-01 3.314570400000000028e+00 2.211183526936634849e-02 9.962861345259269585e-01 -8.321661428108501068e-02 -5.958712999999999926e-01 -2.565676756058326569e-01 8.610420463301454719e-02 9.626832780196902251e-01 6.141607800000000061e+00
9.664754501977531609e-01 -4.814717765815063749e-04 2.567585876849666771e-01 3.327763599999999933e+00 2.230034845627978934e-02 9.963767740799367445e-01 -8.207325101875372064e-02 -6.012026999999999788e-01 -2.557887773608898407e-01 8.504758820206022307e-02 9.629844282838814218e-01 6.192711799999999656e+00
9.667475744794499226e-01 -2.734478505915245716e-03 2.557179107246909111e-01 3.341511000000000120e+00 2.332753999125190131e-02 9.967169118232657166e-01 -7.753208086623815387e-02 -6.060524999999999940e-01 -2.546663564667638879e-01 8.091922091068991241e-02 9.636374456044919379e-01 6.244161100000000353e+00
9.670116712864846864e-01 -2.930333465521585065e-03 2.547152149784157049e-01 3.354720599999999830e+00 2.211495799221177561e-02 9.971241537648491970e-01 -7.248689958700214875e-02 -6.110672000000000326e-01 -2.537702823987127432e-01 7.572869419522738899e-02 9.642954986137617368e-01 6.295437800000000195e+00
9.672535987101941179e-01 -4.050408692173657066e-03 2.537795696497362474e-01 3.368073900000000176e+00 2.275776592811023374e-02 9.972292788233129146e-01 -7.082266266878561867e-02 -6.158612999999999449e-01 -2.527895564934206085e-01 7.427893138004623697e-02 9.646657869339505531e-01 6.346160399999999591e+00
9.675559644455385966e-01 -2.707922815690971124e-03 2.526422823279743102e-01 3.381040299999999998e+00 2.246550547457077870e-02 9.969038975189703500e-01 -7.535197525784095851e-02 -6.207825000000000149e-01 -2.516560285978375888e-01 7.858298967022384063e-02 9.646211468783244536e-01 6.396256900000000023e+00
9.674471217254781985e-01 -1.019086569261411224e-03 2.530711918169510355e-01 3.393915699999999980e+00 2.183585884954364689e-02 9.965987477922346738e-01 -7.946150745645659541e-02 -6.252982000000000262e-01 -2.521294547120397356e-01 8.240083350011730146e-02 9.641788426972951465e-01 6.446542700000000181e+00
9.675915118759249589e-01 1.656646916848577428e-03 2.525151909621572988e-01 3.406972399999999901e+00 1.885920878410436013e-02 9.967117227082282760e-01 -7.880401043115398130e-02 -6.304764000000000479e-01 -2.518154014148051290e-01 8.101232830247975802e-02 9.643785596296258200e-01 6.496763699999999808e+00
9.676195013201274175e-01 3.471652622613537534e-03 2.523894773817952908e-01 3.419425200000000054e+00 1.682730018150573048e-02 9.967937743306058973e-01 -7.822412303341301498e-02 -6.356429000000000107e-01 -2.518518267426094193e-01 7.993822041935221001e-02 9.644586762959819204e-01 6.546694300000000410e+00
9.678107857729528751e-01 -8.217167181752034477e-04 2.516775868510634506e-01 3.432569500000000051e+00 2.112347171461935805e-02 9.967315284751832039e-01 -7.797473364011318908e-02 -6.407038000000000455e-01 -2.507909126827788659e-01 8.078109262172673832e-02 9.646648812880972423e-01 6.596154199999999967e+00
9.679906420083286278e-01 1.998424313541673908e-03 2.509783323009518452e-01 3.445201200000000075e+00 1.885875240064716074e-02 9.965623672571368719e-01 -8.067090940817876754e-02 -6.455680000000000307e-01 -2.502767756748416894e-01 8.282182361620966937e-02 9.646253578932550976e-01 6.645493000000000094e+00
9.678044819736854043e-01 1.148988993989837233e-02 2.514407824932454738e-01 3.456776899999999930e+00 9.761922829226147083e-03 9.964925722268449526e-01 -8.310991733483154287e-02 -6.507085999999999704e-01 -2.515137959125160472e-01 8.288869600793176418e-02 9.642978142357173654e-01 6.694572400000000201e+00
9.678742093135882518e-01 1.826593218688915901e-02 2.507705538274784818e-01 3.468733499999999914e+00 3.375715234663851337e-03 9.963238338076952916e-01 -8.560036643257089295e-02 -6.558564000000000060e-01 -2.514122500839025554e-01 8.369691695683849353e-02 9.642544822813474692e-01 6.743667099999999692e+00
9.679345482775794096e-01 1.555418996631017202e-02 2.507205165621077536e-01 3.481075999999999837e+00 7.020533144709467308e-03 9.960163162530764058e-01 -8.889437480524624291e-02 -6.611268999999999618e-01 -2.511044053079161675e-01 8.780412821811682533e-02 9.639694044433226860e-01 6.792116199999999715e+00
9.681381586901418590e-01 1.425353540120862829e-02 2.500106846049345855e-01 3.493433700000000197e+00 8.428528266097445529e-03 9.959583614374659666e-01 -8.941980873422562814e-02 -6.665617000000000347e-01 -2.502747801903523195e-01 8.867795110039693174e-02 9.641051578480982487e-01 6.840070200000000433e+00
9.685046850255685236e-01 1.579404576648543723e-02 2.484939097882491454e-01 3.505394700000000086e+00 7.029181290654861088e-03 9.958541995062811791e-01 -9.069180743643291687e-02 -6.719585999999999615e-01 -2.488960941716591990e-01 8.958214913714722394e-02 9.643784386132149278e-01 6.888085799999999814e+00
9.690817311353823182e-01 5.700634113413110063e-03 2.466740787970145010e-01 3.518359199999999909e+00 1.671937961930162336e-02 9.959181202541705913e-01 -8.869926772271152782e-02 -6.772926999999999698e-01 -2.461728269423666682e-01 9.008107748081484178e-02 9.650307449791944991e-01 6.936502899999999805e+00
9.700576417693033138e-01 -1.674148824394079346e-03 2.428690364593474038e-01 3.531170599999999826e+00 2.293014946192807602e-02 9.961409138346326575e-01 -8.472005683636255058e-02 -6.825466999999999507e-01 -2.417899499371958527e-01 8.775236185093049368e-02 9.663524942271074503e-01 6.983682199999999618e+00
9.706480625026221443e-01 -9.951954688210992370e-03 2.402983507179970168e-01 3.544187500000000046e+00 2.973271513651155190e-02 9.964443426601889975e-01 -7.883297299426776650e-02 -6.880918999999999786e-01 -2.386593899483461512e-01 8.366379490787929918e-02 9.674926692286074381e-01 7.032071099999999575e+00
9.715801867549949122e-01 -1.229612509332266533e-02 2.363910869995283492e-01 3.556089200000000172e+00 3.167739058548278697e-02 9.964212591939352048e-01 -7.836591830679529025e-02 -6.930028999999999773e-01 -2.345815074357396612e-01 8.362702633755375592e-02 9.684926622515599437e-01 7.079401500000000347e+00
9.727800844109121270e-01 -1.117152357799804964e-02 2.314608053957405154e-01 3.567047599999999985e+00 3.125705310453794072e-02 9.960347937777005445e-01 -8.329277408895406631e-02 -6.979237999999999831e-01 -2.296125083803552680e-01 8.826033449494556649e-02 9.692719996730131404e-01 7.125816300000000325e+00
9.742750224421979910e-01 -1.266348136242139398e-02 2.250062596574552709e-01 3.578108499999999914e+00 3.290974053264265897e-02 9.957116439927892193e-01 -8.645964952075102516e-02 -7.028008000000000033e-01 -2.229464725518856827e-01 9.164037460072155250e-02 9.705137361829099252e-01 7.172662700000000058e+00
9.759447646351229189e-01 -1.161521740421315313e-02 2.177082982018540835e-01 3.587628599999999945e+00 3.142479104281167140e-02 9.956466109553149257e-01 -8.775140227433018969e-02 -7.072213000000000527e-01 -2.157412776665842136e-01 9.248195941830257560e-02 9.720611031683868974e-01 7.219237800000000149e+00
9.782122493691306486e-01 -1.589700150965236980e-02 2.069977790392636963e-01 3.598262099999999908e+00 3.374749259433509896e-02 9.959786408945456859e-01 -8.299188891360977094e-02 -7.124502000000000335e-01 -2.048460444523667601e-01 8.816933834874658704e-02 9.748149905737822918e-01 7.266138100000000044e+00
9.805056622050940529e-01 -2.058836778297978842e-02 1.954092257181902492e-01 3.607797099999999979e+00 3.712019427160430374e-02 9.959965863634220318e-01 -8.131968476112423627e-02 -7.174722999999999518e-01 -1.929526821813788984e-01 8.698803977813861221e-02 9.773445366781198240e-01 7.312889099999999587e+00
9.829489757249859627e-01 -2.435776086674541069e-02 1.822580879049253144e-01 3.616173299999999813e+00 4.030215925814390615e-02 9.956253289945516949e-01 -8.429673910432047834e-02 -7.219373000000000040e-01 -1.794074889193097433e-01 9.020478784437727104e-02 9.796305676986700739e-01 7.358529100000000156e+00
9.854786411928143641e-01 -2.577765656863395191e-02 1.678313444342078853e-01 3.624286699999999861e+00 4.065521353408710348e-02 9.954806231767683311e-01 -8.582238922385485025e-02 -7.267797000000000285e-01 -1.648605512706479703e-01 9.139935066193097257e-02 9.820728879942238754e-01 7.405417899999999776e+00
9.875944729578830517e-01 -2.727561536375834594e-02 1.546389271482746242e-01 3.630774499999999794e+00 4.100127820153819103e-02 9.954271513300869678e-01 -8.627677312410396426e-02 -7.316203000000000012e-01 -1.515785346573885473e-01 9.154685795480012322e-02 9.841966879794518119e-01 7.451862300000000161e+00
9.894985068029428232e-01 -2.856675491561711314e-02 1.416920800480314657e-01 3.636772899999999975e+00 4.139535504520849840e-02 9.952215118955979323e-01 -8.843396881810464127e-02 -7.366669000000000134e-01 -1.384887346155918020e-01 9.337067405685489652e-02 9.859527309210827095e-01 7.497830399999999784e+00
9.914318943613408264e-01 -2.555814953340602991e-02 1.280998822618946986e-01 3.642215300000000155e+00 3.793261120479733683e-02 9.947436285641451104e-01 -9.511167351184503238e-02 -7.421872999999999942e-01 -1.249956633258486743e-01 9.915590967494665453e-02 9.871900474205891340e-01 7.543379299999999787e+00
9.931632969586511317e-01 -1.653896120359409777e-02 1.155557369260745426e-01 3.646460799999999836e+00 2.876342136938045413e-02 9.940628804899539483e-01 -1.049364342025349978e-01 -7.473115000000000174e-01 -1.131341290917537712e-01 1.075427933165281763e-01 9.877424848817271119e-01 7.588662099999999633e+00
