1.000000000000000000e+00 0.000000000000000000e+00 0.000000000000000000e+00 0.000000000000000000e+00 0.000000000000000000e+00 1.000000000000000000e+00 0.000000000000000000e+00 0.000000000000000000e+00 0.000000000000000000e+00 0.000000000000000000e+00 1.000000000000000000e+00 0.000000000000000000e+00
9.994420201564673256e-01 7.710195877922367165e-04 3.339242240920414079e-02 2.040300000000000100e-03 -7.607666477301064899e-04 9.999996594975112396e-01 -3.197482905631874586e-04 -8.059000000000000191e-04 -3.339265757119639494e-02 2.941660362062112084e-04 9.994422664099592568e-01 5.611929999999999696e-02
9.977131993012299249e-01 4.622867235794304885e-04 6.758815155846158163e-02 6.094800000000000044e-03 -4.084150492405365872e-04 9.999995878404930316e-01 -8.108735978023059619e-04 -2.198600000000000207e-03 -6.758849855746111579e-02 7.814152732454113627e-04 9.977129768891045414e-01 1.113067999999999974e-01
9.948614518920224636e-01 -1.012548173798453978e-04 1.012456482361535903e-01 1.240699999999999963e-02 3.186045157934022393e-04 9.999976795401591678e-01 -2.130588054869528725e-03 -3.194499999999999857e-03 -1.012451975673883953e-01 2.151897246383768694e-03 9.948591756162182831e-01 1.671075999999999950e-01
9.909569141763514555e-01 3.806856663899409144e-04 1.341799140128905887e-01 1.996130000000000126e-02 1.787442038711201759e-04 9.999913429112721186e-01 -4.157180898191625146e-03 -4.102899999999999603e-03 -1.341803349846499849e-01 4.143571036450575604e-03 9.909482673290634924e-01 2.233359000000000039e-01
9.860386585202747245e-01 1.671615816861836412e-03 1.665081667789840569e-01 2.937270000000000159e-02 -5.198816729933773131e-04 9.999756414728964149e-01 -6.960329296480287711e-03 -5.667499999999999795e-03 -1.665157458818331548e-01 6.776589218048670663e-03 9.860155091133133709e-01 2.787779000000000229e-01
9.801341673107719643e-01 -1.527733487751440017e-03 1.983297257105199884e-01 4.105489999999999834e-02 3.807879775290309507e-03 9.999309664944867615e-01 -1.111585790744360966e-02 -7.209799999999999716e-03 -1.982990522459364136e-01 1.165024788542906586e-02 9.800723226387791920e-01 3.339622999999999897e-01
9.733507587645336967e-01 -6.357574236701990858e-03 2.292332472882834538e-01 5.469199999999999756e-02 1.024052691335410568e-02 9.998234674999156857e-01 -1.575326775567126303e-02 -9.127599999999999603e-03 -2.290926276008098672e-01 1.768092436129471007e-02 9.732440356317046959e-01 3.884481000000000184e-01
9.658314478258469560e-01 -1.245833167122036705e-02 2.588714050693857183e-01 7.062659999999999771e-02 1.839186918899718762e-02 9.996204365747614062e-01 -2.051150725369243338e-02 -1.097859999999999982e-02 -2.585176077917381021e-01 2.457178776673217546e-02 9.656939855397173034e-01 4.433947999999999778e-01
9.490905924431722873e-01 -2.465799022817693684e-02 3.140366711926735888e-01 1.071751999999999982e-01 3.504857998395255470e-02 9.990076408685741871e-01 -2.748327723024020924e-02 -1.557300000000000004e-02 -3.130473516530314915e-01 3.709065925691925475e-02 9.490129812699668044e-01 5.509089999999999820e-01
9.400958320101708843e-01 -2.747850372161934202e-02 3.398010571942433611e-01 1.275023999999999880e-01 4.200711265211126005e-02 9.984873894260657412e-01 -3.547302698886830447e-02 -1.863860000000000169e-02 -3.383123248179665810e-01 4.762210610988448084e-02 9.398281257155063351e-01 6.036510000000000487e-01
9.307979175375132863e-01 -2.689220510118453880e-02 3.645436133203053264e-01 1.497134999999999994e-01 4.799233284873932748e-02 9.976478454010586638e-01 -4.894397362659765049e-02 -2.220219999999999833e-02 -3.623699390064858972e-01 6.305224715599828944e-02 9.298991565933450998e-01 6.563586999999999616e-01
9.208312128732235591e-01 -2.032487289912944528e-02 3.894313507411317765e-01 1.715977999999999948e-01 4.976819748738423033e-02 9.965997797160041083e-01 -6.566586319290136642e-02 -2.575569999999999943e-02 -3.867725480399104576e-01 7.984847281974997990e-02 9.187117161934252874e-01 7.076649000000000411e-01
8.988995094093152893e-01 -1.127670560407130484e-02 4.380097121005552818e-01 2.192782000000000064e-01 5.584425902651660167e-02 9.944646398003791354e-01 -8.900280287991677031e-02 -3.553560000000000052e-02 -4.345815121671324777e-01 1.044649036634845707e-01 8.945535161101918487e-01 8.072951000000000432e-01
8.757188488820246697e-01 -1.336695963996963749e-02 4.826363248893778546e-01 2.723786999999999736e-01 6.382810075344896861e-02 9.940484266794389345e-01 -8.828192890019789796e-02 -4.681459999999999788e-02 -4.785838184340849844e-01 1.081159091258795946e-01 8.713601315913732659e-01 9.038085999999999620e-01
8.644371564465593849e-01 -1.825159389225425657e-02 5.024094762989436136e-01 3.002763999999999989e-01 6.802746065836266787e-02 9.943962188449710915e-01 -8.092233649122571038e-02 -5.248839999999999756e-02 -4.981171219211014689e-01 1.041299153328017757e-01 8.608346493850151937e-01 9.513310999999999851e-01
8.539464846430030454e-01 -2.638304122015193431e-02 5.196915782479384349e-01 3.295313999999999743e-01 7.624568852740257197e-02 9.942787329630492499e-01 -7.480906468052896108e-02 -5.773709999999999953e-02 -5.147445933148201425e-01 1.035071800087753319e-01 8.510724219123724232e-01 9.979457000000000466e-01
8.386313849932978126e-01 -2.957122571219614887e-02 5.438960771269650829e-01 3.895884000000000014e-01 8.345854381191772364e-02 9.937107160045944854e-01 -7.465711193470077334e-02 -6.818340000000000511e-02 -5.382676579258848237e-01 1.080025717634287702e-01 8.358249654822881292e-01 1.089028799999999908e+00
8.048004672086312983e-01 -2.176953179213646922e-02 5.931460995963137028e-01 5.745084999999999775e-01 8.572731347539647162e-02 9.931121900761037402e-01 -7.986867750586532089e-02 -9.791850000000000553e-02 -5.873219182910339731e-01 1.151271705888578245e-01 8.011233980399923293e-01 1.349990199999999918e+00
8.051179532121742755e-01 -2.014711069399556520e-02 5.927724482009291140e-01 6.079822000000000282e-01 8.571372450857965564e-02 9.928838969914470791e-01 -8.267239276774920875e-02 -1.029120000000000035e-01 -5.868886085504698702e-01 1.173697619736939202e-01 8.011155348187500858e-01 1.394703900000000107e+00
8.072920844732328627e-01 -2.191209456386361554e-02 5.897451572151203303e-01 6.412858000000000169e-01 8.682653244874975751e-02 9.928457739225811096e-01 -8.196598359683943125e-02 -1.081133999999999984e-01 -5.837299406487462816e-01 1.173760167832229862e-01 8.034190855800700248e-01 1.440209599999999979e+00
8.115103593278359950e-01 -2.118844544086932735e-02 5.839537537197666550e-01 6.749237999999999627e-01 8.507718957046744856e-02 9.929778088031363525e-01 -8.220062675742055569e-02 -1.134488000000000024e-01 -5.781114153157652646e-01 1.163878043624903408e-01 8.076144318158766655e-01 1.487099900000000030e+00
8.295610103626352982e-01 -1.161448506074749462e-02 5.582952926748508959e-01 8.454924000000000328e-01 6.955350911851551632e-02 9.941471435632465159e-01 -8.266659733131824506e-02 -1.424394999999999967e-01 -5.540675405177822865e-01 1.074083827352940307e-01 8.255135370560340302e-01 1.738357099999999988e+00
8.293352646196141542e-01 -9.471528468275002000e-03 5.586710203749511994e-01 8.805984999999999507e-01 6.623343919646601519e-02 9.944732519674570614e-01 -8.146215473137689844e-02 -1.484614999999999962e-01 -5.548118152946299730e-01 1.045621407094623895e-01 8.253790694824603147e-01 1.791920900000000039e+00
8.286865330997650325e-01 -9.190082744773758749e-03 5.596375364807441022e-01 9.165790999999999800e-01 6.543551278455805864e-02 9.945994596660366893e-01 -8.056120963993615436e-02 -1.547597000000000000e-01 -5.558748272099699461e-01 1.033801586919463611e-01 8.248125358304844168e-01 1.845687999999999995e+00
8.283752679339430047e-01 -8.740174873756844515e-03 5.601053693891394625e-01 9.532089999999999730e-01 6.467287346010917870e-02 9.946843951742132539e-01 -8.012723279461296533e-02 -1.606277999999999873e-01 -5.564277445578903469e-01 1.025990416138744671e-01 8.245372045857807253e-01 1.900471599999999928e+00
8.282436018723448035e-01 -9.602288259520901786e-03 5.602859377297503274e-01 1.028203999999999896e+00 6.464835658309416033e-02 9.948143728384390982e-01 -7.851721839933038793e-02 -1.731984000000000024e-01 -5.566265587884121624e-01 1.012529488669051542e-01 8.245694115095018040e-01 2.010996099999999842e+00
8.281124785106988018e-01 -8.540958397056562512e-03 5.604969000489896658e-01 1.104630900000000082e+00 6.272933973008601449e-02 9.950155776006777142e-01 -7.751793514417837372e-02 -1.854551999999999867e-01 -5.570410692865426228e-01 9.935316986211029100e-02 8.245205848045613628e-01 2.124012700000000198e+00
8.283170512357705961e-01 -7.771123584448078048e-03 5.602057410187020192e-01 1.143564900000000106e+00 6.160714975124401138e-02 9.951035748022978300e-01 -7.728799722605987632e-02 -1.916826000000000085e-01 -5.568621209344424283e-01 9.853164493665413082e-02 8.247400155288160395e-01 2.181040299999999821e+00
8.296222738100833549e-01 -7.824757354034247991e-03 5.582702356122326570e-01 1.219169600000000075e+00 6.022609006357405870e-02 9.953216401600606389e-01 -7.554899539200357617e-02 -2.044976000000000016e-01 -5.550672940048273496e-01 9.629956283097654279e-02 8.262122568231007325e-01 2.293424100000000188e+00
8.342872258687753506e-01 -1.198469751502964295e-02 5.511997748345478509e-01 1.333141300000000085e+00 6.136557006678995674e-02 9.955700842982699861e-01 -7.123534277810049387e-02 -2.228500999999999954e-01 -5.479042722616431771e-01 9.325542491356104968e-02 8.313268515822344051e-01 2.463457299999999961e+00
8.339321958323928641e-01 -6.620081966359974562e-03 5.518272078005236336e-01 1.481180099999999999e+00 5.877917720652851841e-02 9.953056097560391002e-01 -7.688791527335514520e-02 -2.478034000000000070e-01 -5.487277112385405831e-01 9.655525725157484973e-02 8.304065156391748914e-01 2.688925699999999974e+00
8.272109882841039985e-01 -6.410903305311251021e-03 5.618548577531800037e-01 1.555240600000000084e+00 5.903243637915494418e-02 9.953926971391110490e-01 -7.555494647782491635e-02 -2.601892000000000094e-01 -5.587818468035420372e-01 9.566754309030787995e-02 8.237782279727274837e-01 2.799514999999999976e+00
8.237862453648744365e-01 -9.236911354474221236e-03 5.668252829719863106e-01 1.593798999999999966e+00 6.057147360510146267e-02 9.955776647414018576e-01 -7.180675492851104624e-02 -2.666060000000000096e-01 -5.636553189077072590e-01 9.348685970063563833e-02 8.207026797387494410e-01 2.854820699999999878e+00
8.202023678030204712e-01 -6.966691587491517790e-03 5.720310665153104379e-01 1.631112799999999918e+00 5.759894632961520128e-02 9.958503016854908241e-01 -7.045947781977242308e-02 -2.728162000000000087e-01 -5.691664407113589119e-01 9.073941724102964346e-02 8.172000495146347632e-01 2.909115299999999849e+00
8.166314960632703457e-01 -7.082257871986886999e-03 5.771159686413983581e-01 1.668724499999999944e+00 6.017241751018628099e-02 9.955203286431986154e-01 -7.292842675608433856e-02 -2.785863000000000089e-01 -5.740141808426378889e-01 9.428211326424758287e-02 8.133994119188818761e-01 2.963427300000000209e+00
8.132601003659356564e-01 -6.201116249664469227e-03 5.818673004303012153e-01 1.706265099999999979e+00 6.074375909656800493e-02 9.953848108828350361e-01 -7.429181647100034647e-02 -2.843241000000000240e-01 -5.787211806073857545e-01 9.576337724308199573e-02 8.098834303129016643e-01 3.015615700000000121e+00
8.102421885532443691e-01 -3.962775015061731354e-03 5.860818136596874783e-01 1.744918600000000097e+00 5.991729234813153449e-02 9.952979683543128342e-01 -7.610435117288548434e-02 -2.902616000000000085e-01 -5.830244540035325329e-01 9.677939142171405884e-02 8.066698428910836771e-01 3.068722499999999798e+00
8.076472553991418390e-01 -2.554515267957534891e-03 5.896603982785169062e-01 1.782974400000000070e+00 5.901813628521525301e-02 9.953195013973507033e-01 -7.652417740524253276e-02 -2.966870999999999814e-01 -5.867050114287870599e-01 9.660519960061697553e-02 8.040178262790395047e-01 3.120869900000000197e+00
8.055460342783935523e-01 -4.055929406988997843e-03 5.925193128455802372e-01 1.822424899999999903e+00 6.024823754470773340e-02 9.953546044961252282e-01 -7.509568017615056434e-02 -3.024976999999999805e-01 -5.894622435161641638e-01 9.619127166748417390e-02 8.020483169509693422e-01 3.173165299999999966e+00
8.038554776597917062e-01 -9.375094415129198860e-03 5.947507701895438093e-01 1.861524799999999980e+00 6.086196234734922439e-02 9.959244075833431076e-01 -6.656121933225735143e-02 -3.080227999999999855e-01 -5.917027907451324342e-01 8.970329974128286865e-02 8.011498770142497783e-01 3.225560699999999947e+00
8.022479414441514578e-01 -1.486315882639757321e-02 5.968059374355474400e-01 1.899832399999999977e+00 6.024669862467994796e-02 9.966020913354209920e-01 -5.616588689491276709e-02 -3.137196999999999902e-01 -5.939432428721185264e-01 8.101455459092783695e-02 8.004174324632025161e-01 3.277268400000000081e+00
8.009420655718747506e-01 -1.716197004354259870e-02 5.984958432451165100e-01 1.937585600000000019e+00 6.160175239427420624e-02 9.966465366314912755e-01 -5.386005126629601902e-02 -3.186370000000000036e-01 -5.955644647722134755e-01 8.000717345762221877e-02 7.993133431239021203e-01 3.328350100000000200e+00
8.002076383464629128e-01 -1.371002696957291864e-02 5.995663188442708069e-01 1.975359300000000040e+00 6.127247948660269339e-02 9.963761741783541126e-01 -5.899324357305714417e-02 -3.235086999999999824e-01 -5.965847959758445729e-01 8.394375909023719939e-02 7.981478725901987037e-01 3.378650200000000048e+00
7.992240011176486858e-01 -1.139430194438523919e-02 6.009252581816618699e-01 2.013397900000000185e+00 6.341803679145860406e-02 9.958377149361423708e-01 -6.546295227286758056e-02 -3.284286000000000150e-01 -5.976781313106694915e-01 9.042906277277629190e-02 7.966200072550422284e-01 3.429133199999999881e+00
7.987561088265039411e-01 -1.817337507055825224e-02 6.013804179143906747e-01 2.090148000000000117e+00 7.224043182856773604e-02 9.952094012610361862e-01 -6.587539488209631644e-02 -3.387183999999999751e-01 -5.973022673835788332e-01 9.606235516681274622e-02 7.962424412816997421e-01 3.529387499999999900e+00
7.990549376582668506e-01 -1.932297640494487143e-02 6.009474429488799174e-01 2.128030100000000147e+00 7.102612903423528856e-02 9.955188262968927004e-01 -6.243040511537224779e-02 -3.440601999999999827e-01 -5.970481518255923437e-01 9.256829409312501700e-02 7.968466698997576092e-01 3.579876699999999801e+00
7.996172017017696421e-01 -2.105695330962997769e-02 6.001407630380954927e-01 2.165699500000000111e+00 6.952593052619296388e-02 9.959105302960563622e-01 -5.769194597077445530e-02 -3.486156000000000255e-01 -5.964716889569012803e-01 8.785681739480341590e-02 7.978111956535567373e-01 3.630103800000000103e+00
8.002564872674281515e-01 -2.271230499238403866e-02 5.992275909771924702e-01 2.203107800000000172e+00 6.677418291263605143e-02 9.964428980202293396e-01 -5.140777646812470097e-02 -3.537723999999999869e-01 -5.959284882288700125e-01 8.115233938081994891e-02 7.989264889401738179e-01 3.680447299999999977e+00
8.007313286189909896e-01 -1.630208441406119993e-02 5.988017880833543805e-01 2.239657199999999904e+00 5.809706001384437601e-02 9.970305565256565306e-01 -5.054503904328698505e-02 -3.579986000000000002e-01 -5.961996905281093939e-01 7.526161968690590898e-02 7.993007053770753156e-01 3.730938000000000088e+00
8.020174085359991212e-01 -1.123552237063610987e-02 5.971949760691721565e-01 2.276212500000000194e+00 5.063545733711862645e-02 9.975028517149240326e-01 -4.923526460632676044e-02 -3.620689999999999742e-01 -5.951505077419165790e-01 6.972678006084254143e-02 8.005835679533309657e-01 3.781339599999999912e+00
8.033515235532794341e-01 -1.478922078007341781e-02 5.953214329699065832e-01 2.313145599999999913e+00 5.396948439474368031e-02 9.973857713789419099e-01 -4.805119982891879749e-02 -3.664629999999999832e-01 -5.930544868380900336e-01 7.073119537765081011e-02 8.020495456277363377e-01 3.831104999999999983e+00
8.055237439224620655e-01 -1.739901285518561866e-02 5.923080046131444787e-01 2.350298599999999904e+00 5.785231240300060807e-02 9.971027791402482521e-01 -4.938783028660975044e-02 -3.709686999999999846e-01 -5.897326580127347784e-01 7.404945767835460768e-02 8.041965368557466576e-01 3.880846500000000088e+00
8.090852774974538475e-01 -1.843572491236526723e-02 5.874020239868293913e-01 2.386487199999999920e+00 6.021952112571909987e-02 9.968474634174913085e-01 -5.165988727729109442e-02 -3.754252000000000145e-01 -5.845978301467233962e-01 7.717032282599928239e-02 8.076447970876020621e-01 3.930880800000000175e+00
8.143555568500080444e-01 -2.279657611252738567e-02 5.799183935219325292e-01 2.422657699999999803e+00 6.489728409943373855e-02 9.965383267476263240e-01 -5.195869358979904318e-02 -3.794943000000000066e-01 -5.767264252173907035e-01 7.994797959039981472e-02 8.130159598774076013e-01 3.980704999999999938e+00
8.196973171441369610e-01 -2.942941225266786087e-02 5.720403988890703229e-01 2.458605100000000210e+00 7.172236374041469908e-02 9.960927408527867621e-01 -5.152818801268498755e-02 -3.843821000000000043e-01 -5.682888445202771699e-01 8.326560703463037338e-02 8.186052943140318394e-01 4.030648199999999903e+00
8.263826478343044846e-01 -2.710356242169706387e-02 5.624563238709445745e-01 2.493105400000000138e+00 6.857897449065190887e-02 9.962500581421427359e-01 -5.275173845085817659e-02 -3.884086999999999956e-01 -5.589173853228885935e-01 8.216579918573424512e-02 8.251424954685071533e-01 4.081603499999999940e+00
8.335282633690677123e-01 -2.628715427205495156e-02 5.518510847005949627e-01 2.526790399999999881e+00 6.595037915767969217e-02 9.964593464864636152e-01 -5.214708322359226655e-02 -3.925761999999999863e-01 -5.485263727970647318e-01 7.986085599370415511e-02 8.323106763859565715e-01 4.132917899999999811e+00
8.408431079422108434e-01 -2.852838682515716762e-02 5.405265941387505935e-01 2.559738600000000197e+00 6.537404706440848312e-02 9.966524199027264608e-01 -4.909366428022941126e-02 -3.968315000000000037e-01 -5.373165750249139228e-01 7.661648025845070598e-02 8.398933343921134442e-01 4.184143100000000004e+00
8.476065702942275903e-01 -2.845115806870239517e-02 5.298619004972958679e-01 2.592240599999999784e+00 6.435360339907264526e-02 9.967023820608764684e-01 -4.942646379956197600e-02 -4.009947999999999846e-01 -5.267083782546196913e-01 7.599271806380039629e-02 8.466424222053039461e-01 4.236488300000000429e+00
8.547248621402279145e-01 -2.976796454847795495e-02 5.182270528696941714e-01 2.623759499999999800e+00 6.448894231127175192e-02 9.967092619203881121e-01 -4.911031991026621607e-02 -4.049517999999999729e-01 -5.150597891108776860e-01 7.539572593161886216e-02 8.538318910372828530e-01 4.289017699999999600e+00
8.613892015702971916e-01 -3.099762394608170449e-02 5.069988074224465180e-01 2.654226099999999811e+00 6.533287982107481573e-02 9.966066295047797396e-01 -5.006836168088153738e-02 -4.093921999999999839e-01 -5.037263723812470673e-01 7.625203824698638388e-02 8.604913529087955260e-01 4.341060599999999603e+00
8.684339540102571364e-01 -2.887670278669885598e-02 4.949632345521021159e-01 2.684446100000000168e+00 6.459885083041747023e-02 9.963828059482139343e-01 -5.521134378145002575e-02 -4.141379000000000032e-01 -4.915785349193962928e-01 7.992146174171645134e-02 8.671580616932343943e-01 4.393418800000000068e+00
8.746735466789827829e-01 -2.727286283828717767e-02 4.839446018839483887e-01 2.713423699999999883e+00 6.702647159837699098e-02 9.956294968503650589e-01 -6.503350756772129093e-02 -4.183156000000000097e-01 -4.800558705453785713e-01 8.932018783059557376e-02 8.726787869547568688e-01 4.445469899999999974e+00
8.815259400954130742e-01 -2.535389195159379674e-02 4.714543425421014455e-01 2.741984400000000210e+00 6.650489013991353615e-02 9.952691055573114065e-01 -7.082730483808839794e-02 -4.230428999999999995e-01 -4.674281939789000639e-01 9.379012573856788937e-02 8.790416917231897997e-01 4.498180900000000371e+00
8.875792666287501964e-01 -2.608820263143684509e-02 4.599157000301588027e-01 2.769169600000000120e+00 6.482325462781984848e-02 9.955339510075378318e-01 -6.863015409262983313e-02 -4.281816999999999984e-01 -4.560712566148262814e-01 9.072793436854149907e-02 8.853064163412524001e-01 4.551383000000000401e+00
8.933430617403528284e-01 -2.606459530687385215e-02 4.486187812741025405e-01 2.795743700000000054e+00 6.214969112313423194e-02 9.958889146986683594e-01 -6.589905517993070727e-02 -4.334101000000000203e-01 -4.450568389921350509e-01 8.675198240845814757e-02 8.912903587577570841e-01 4.604934199999999755e+00
8.982442934863490436e-01 -2.293590247262197387e-02 4.388976345310783289e-01 2.821726299999999910e+00 5.865205285816699199e-02 9.959604943209388050e-01 -6.798992901536309030e-02 -4.387773999999999841e-01 -4.355652946628466582e-01 8.681381301243311366e-02 8.959610683258005803e-01 4.658161599999999680e+00
9.015325075539514232e-01 -1.572941806037996340e-02 4.324253961447759309e-01 2.846386700000000047e+00 5.340000532000906130e-02 9.957444280334314390e-01 -7.510974285801720607e-02 -4.440881999999999885e-01 -4.294037462054884902e-01 9.080539327515881054e-02 8.985359220959594495e-01 4.711096799999999973e+00
9.040779976369786031e-01 -7.999797101368312513e-03 4.272926133635451262e-01 2.870984099999999817e+00 4.806738581565665053e-02 9.953840699263087899e-01 -8.306671871324811107e-02 -4.494023999999999797e-01 -4.246557436436718125e-01 9.563763162727323408e-02 9.002893661524420388e-01 4.764782399999999640e+00
9.057433470609319581e-01 -3.853564112762022237e-03 4.238090835488179664e-01 2.895102300000000017e+00 4.470250126728600448e-02 9.952496087319704365e-01 -8.648643072359990525e-02 -4.550502000000000158e-01 -4.214625435733386771e-01 9.727983533337514199e-02 9.016129757286122093e-01 4.817659400000000147e+00
9.075073623101215237e-01 -3.270976688925085474e-03 4.200234375179871527e-01 2.919454099999999830e+00 4.364255568695584592e-02 9.952916771459848766e-01 -8.654365798279901878e-02 -4.614357000000000042e-01 -4.177627492800631281e-01 9.686990304234459337e-02 9.033772784382668730e-01 4.870752300000000368e+00
9.094222148794000038e-01 -1.818847595564054842e-03 4.158700841335795095e-01 2.942514200000000191e+00 4.192923213424536166e-02 9.952959800948996127e-01 -8.733757209566735125e-02 -4.671737000000000251e-01 -4.137549692468707185e-01 9.686384155275608310e-02 9.052205375615179905e-01 4.923366500000000201e+00
9.121779714848671228e-01 -9.493962847065516575e-04 4.097931758636881305e-01 2.966680999999999901e+00 3.859390227668804685e-02 9.957516624123818882e-01 -8.360106165615022178e-02 -4.733424999999999994e-01 -4.079728655741831078e-01 9.207456461842522533e-02 9.083393724294444027e-01 4.976593000000000266e+00
9.144082112953570984e-01 -2.335565739648385458e-03 4.047865712301994545e-01 2.989619699999999991e+00 3.802110892923649121e-02 9.960580482114066436e-01 -8.014212293840350387e-02 -4.790344999999999742e-01 -4.030037448851023774e-01 8.867304960335370412e-02 9.108924590107355668e-01 5.030258700000000083e+00
9.168423944943401294e-01 -1.462065664367708656e-03 3.992466481034974701e-01 3.012422599999999839e+00 3.555336423423985370e-02 9.963194190223433333e-01 -7.799726643035467810e-02 -4.847645999999999900e-01 -3.976631513599321877e-01 8.570576201734242394e-02 9.135198631707546202e-01 5.083529900000000268e+00
9.189909166707304067e-01 6.336889750768811766e-03 3.942277754103297172e-01 3.033735500000000140e+00 2.706840012424144987e-02 9.964977296952914898e-01 -7.911748496283144139e-02 -4.903282999999999947e-01 -3.933484419587863767e-01 8.337936519557159754e-02 9.156008326056606084e-01 5.136805100000000124e+00
9.215254903936344055e-01 1.441315185910755151e-02 3.880502952044463383e-01 3.055154599999999832e+00 1.899930419454460770e-02 9.964405900913352321e-01 -8.212902567640036067e-02 -4.956775999999999960e-01 -3.878528032577498452e-01 8.305667626336833698e-02 9.179715635754668313e-01 5.190216099999999777e+00
9.243242178498346506e-01 1.377912900569763267e-02 3.813592478230148353e-01 3.076708800000000021e+00 2.058279755412831258e-02 9.960930033283604823e-01 -8.587826945818444191e-02 -5.013872999999999802e-01 -3.810526062647217604e-01 8.722880444056943516e-02 9.204292731843830566e-01 5.242694900000000047e+00
9.273285029971911619e-01 1.276911231481170361e-02 3.740304764316407238e-01 3.098479999999999901e+00 2.217026144441287816e-02 9.957882639690827098e-01 -8.896186176630366260e-02 -5.071080000000000032e-01 -3.735911228020210584e-01 9.078922354625720836e-02 9.231397455701888521e-01 5.296057199999999909e+00
9.296657085159378830e-01 1.312654548499066036e-02 3.681702924098979590e-01 3.118788700000000080e+00 2.055525758353397847e-02 9.959600250316897885e-01 -8.741344247054035066e-02 -5.127804999999999724e-01 -3.678303301730756480e-01 8.883311512328255499e-02 9.256400628010110765e-01 5.349363300000000265e+00
9.324994064908691538e-01 1.118396195628507638e-02 3.609983045516100830e-01 3.139596500000000123e+00 1.994713804030202181e-02 9.964001219316507285e-01 -8.239483417419224409e-02 -5.189515000000000100e-01 -3.606202553631420171e-01 8.403401697855381047e-02 9.289194342957145523e-01 5.403118599999999994e+00
9.350218245020622820e-01 1.176728082351530258e-02 3.543948628392563638e-01 3.159420299999999848e+00 1.792092447024887583e-02 9.966037449091821321e-01 -8.037298115116459085e-02 -5.245136999999999716e-01 -3.541370189220076625e-01 8.150157504621829974e-02 9.316353713197127462e-01 5.456899599999999850e+00
9.373577627097009479e-01 1.432994822074872519e-02 3.480733791484988404e-01 3.178682799999999808e+00 1.605894456691853850e-02 9.963140391107525584e-01 -8.426414284981800784e-02 -5.300850999999999758e-01 -3.479978950902729573e-01 8.457533951932180716e-02 9.336725748129965918e-01 5.510124199999999917e+00
9.396782843731955603e-01 1.543744963574930108e-02 3.417109992759838066e-01 3.197392199999999907e+00 1.517890241099834926e-02 9.961151501574265765e-01 -8.674219589360591953e-02 -5.360441999999999707e-01 -3.417225816346427525e-01 8.669655573084215916e-02 9.357934517965830201e-01 5.562673099999999593e+00
9.419851481836633011e-01 1.786974836443182280e-02 3.351785385354999480e-01 3.215558099999999975e+00 1.239931132618375502e-02 9.960476811716270085e-01 -8.795040597553394068e-02 -5.417792999999999637e-01 -3.354254577101120072e-01 8.700395925483364601e-02 9.380405499731582220e-01 5.614763700000000135e+00
9.442993114478321903e-01 1.711046773233999493e-02 3.286427274307625601e-01 3.233391500000000196e+00 1.237347008134582343e-02 9.960952374754167282e-01 -8.741381536656149531e-02 -5.475347999999999882e-01 -3.288551468919043708e-01 8.661125661698838851e-02 9.404003310239369418e-01 5.668187600000000437e+00
9.471800993194030571e-01 1.234071433833840159e-02 3.204646099382977287e-01 3.251686100000000135e+00 1.628557964969708574e-02 9.961192716207626363e-01 -8.649379516008504076e-02 -5.532036000000000175e-01 -3.202883690500782921e-01 8.714415342030071288e-02 9.433033749414342362e-01 5.721136999999999695e+00
9.496893280191884834e-01 9.629452460061809979e-03 3.130454502013753637e-01 3.269127800000000139e+00 1.849867635203388677e-02 9.960575731907181929e-01 -8.675891805825951264e-02 -5.589785000000000448e-01 -3.126467323029061274e-01 8.818494505717229537e-02 9.457671152274107484e-01 5.773636299999999721e+00
9.518808765134235683e-01 7.907231562864106694e-03 3.063662393558526098e-01 3.286274699999999882e+00 1.977713074042680014e-02 9.959985109933984226e-01 -8.715406587537434524e-02 -5.646653000000000366e-01 -3.058294655975980492e-01 8.901933378735359115e-02 9.479155532980473309e-01 5.824304599999999610e+00
9.538982321256266328e-01 1.417799732350079507e-02 2.997951753105759232e-01 3.302024799999999871e+00 1.267159233933887706e-02 9.960903957831711564e-01 -8.742627852145436196e-02 -5.705082999999999682e-01 -2.998626243718775508e-01 8.719465476977421303e-02 9.499892097726111428e-01 5.877280700000000024e+00
9.555699655948320936e-01 1.790552906871556785e-02 2.942200416046819589e-01 3.317962200000000195e+00 8.010984749699842644e-03 9.962070481178002535e-01 -8.664491562555177995e-02 -5.760699999999999710e-01 -2.946555021994863299e-01 8.515227130962681190e-02 9.518020937749508414e-01 5.930898199999999676e+00
9.568572178338681233e-01 1.480283793007663995e-02 2.901812203924391542e-01 3.333879699999999779e+00 1.061599511442951407e-02 9.962534990605728114e-01 -8.582695530715091226e-02 -5.820845000000000047e-01 -2.903645386870783995e-01 8.520470408833748233e-02 9.531152045132104123e-01 5.984098000000000361e+00
9.583372932686000656e-01 1.341329582749552739e-02 2.853238788213444677e-01 3.349976299999999796e+00 1.163148253813883586e-02 9.962357539872996881e-01 -8.590128690142830037e-02 -5.876392999999999756e-01 -2.854020689213344619e-01 8.564114649162875292e-02 9.545738594173953651e-01 6.037408799999999687e+00
9.597284943717077077e-01 1.253317893183940150e-02 2.806494904981613470e-01 3.365315900000000138e+00 1.231087135918015364e-02 9.961683332941581037e-01 -8.658576204155575551e-02 -5.936936000000000435e-01 -2.806593300380245681e-01 8.655386281271158777e-02 9.558968402996242952e-01 6.090522799999999570e+00
9.613853954743858399e-01 5.999299157891143340e-03 2.751402002219468512e-01 3.380847000000000158e+00 1.796896545124056915e-02 9.962606371441474762e-01 -8.450952110708961906e-02 -5.991716999999999738e-01 -2.746183490758965506e-01 8.619020412292588418e-02 9.576826254370899294e-01 6.143387800000000176e+00
9.629553148996665701e-01 -2.084060091253454872e-03 2.696529588193312676e-01 3.396619100000000113e+00 2.503792190814252069e-02 9.963414082546730999e-01 -8.171230423636727247e-02 -6.049105999999999650e-01 -2.684961153778685494e-01 8.543684738232640297e-02 9.594844350672726563e-01 6.196389199999999597e+00
9.642430916539793673e-01 -4.244550030395010873e-03 2.649853656197168061e-01 3.411352200000000057e+00 2.649466481157753545e-02 9.964064803801646608e-01 -8.044972711535205989e-02 -6.105890999999999957e-01 -2.636916626177204237e-01 8.459379203849376472e-02 9.608905231161614102e-01 6.249017699999999564e+00
9.654961670495653125e-01 -2.351804966534806057e-03 2.604066443583903379e-01 3.425937199999999905e+00 2.467288261332995988e-02 9.962872060179945866e-01 -8.248061583430828236e-02 -6.161162000000000027e-01 -2.592458298143802686e-01 8.605970101189806820e-02 9.619695044987631727e-01 6.301987200000000122e+00
9.663792602046802349e-01 -2.395592811088708557e-04 2.571207266200175034e-01 3.439583499999999905e+00 2.282281349944974280e-02 9.961322634585826341e-01 -8.485065044447349936e-02 -6.213674999999999615e-01 -2.561059246292913816e-01 8.786612719490789758e-02 9.626470272439136000e-01 6.355233700000000319e+00
9.668328069471761044e-01 2.389684456001619703e-03 2.553989287738797076e-01 3.453139499999999806e+00 1.994412784911431952e-02 9.961965685224284384e-01 -8.482115672682609409e-02 -6.268730999999999609e-01 -2.546302322486132530e-01 8.710158593469673194e-02 9.631078644433747060e-01 6.408064800000000005e+00
9.670353975951295755e-01 2.047609293490390558e-03 2.546337508937313587e-01 3.466653299999999938e+00 1.984012772480444817e-02 9.963220040214769702e-01 -8.335966431369221108e-02 -6.325686000000000364e-01 -2.538678970052989370e-01 8.566371226376554016e-02 9.634380204617719601e-01 6.461050000000000182e+00
9.672575652065175111e-01 -8.981640748733157875e-05 2.537967582215591156e-01 3.480618199999999884e+00 2.081728768909510419e-02 9.966584140332831465e-01 -7.898510156941161708e-02 -6.375992999999999800e-01 -2.529415803778197747e-01 8.168229716207646429e-02 9.640272606344164608e-01 6.514459600000000350e+00
9.675678267333628346e-01 -4.067132855833880539e-04 2.526110354968294502e-01 3.494260099999999980e+00 1.970616571527674526e-02 9.970728240081963012e-01 -7.387456028378366901e-02 -6.429559999999999720e-01 -2.518415527733243731e-01 7.645664267167154304e-02 9.647436001799115646e-01 6.567484900000000181e+00
9.677178829223865852e-01 -1.427592460842706107e-03 2.520318651519680708e-01 3.507743800000000078e+00 2.027378158533303318e-02 9.971843816444437847e-01 -7.219614106459172620e-02 -6.479825999999999642e-01 -2.512191729395754081e-01 7.497513577282778618e-02 9.650221013859743291e-01 6.620131500000000280e+00
9.680194581629130157e-01 -1.261923403744671240e-04 2.508750938085992366e-01 3.521167999999999854e+00 2.006034625839990537e-02 9.968367632411760937e-01 -7.690286053748822404e-02 -6.531166999999999945e-01 -2.500718119380377913e-01 7.947610663808647724e-02 9.649599148916384594e-01 6.672267399999999959e+00
9.679132832363838146e-01 1.423315060037743524e-03 2.512804216583611194e-01 3.534271200000000057e+00 1.957471999128709839e-02 9.965182177154741083e-01 -8.104487706473231801e-02 -6.578880999999999757e-01 -2.505208703318479446e-01 8.336315694246912433e-02 9.645153589200944344e-01 6.724263699999999844e+00
9.680401097946763622e-01 4.049214421284847050e-03 2.507627358506070991e-01 3.547600699999999829e+00 1.664175671261873546e-02 9.966288505655082064e-01 -8.033670489876880427e-02 -6.633071000000000383e-01 -2.502426777394873292e-01 8.194228507336313860e-02 9.647093158847004357e-01 6.776030500000000067e+00
9.682084698359737507e-01 5.871376051101429711e-03 2.500757602830568360e-01 3.560713999999999935e+00 1.452807686985710042e-02 9.967170895936406927e-01 -7.964909474969562864e-02 -6.688075999999999466e-01 -2.497224337546506412e-01 8.075004802010350702e-02 9.649446283722218354e-01 6.827647200000000360e+00
9.683568128340175329e-01 1.142855145621122712e-03 2.495671791723816368e-01 3.574167500000000164e+00 1.927080182250998086e-02 9.966615208682211291e-01 -7.933756372464437212e-02 -6.742126000000000507e-01 -2.488246756956814520e-01 8.163642999764619823e-02 9.651019500872322077e-01 6.878812800000000394e+00
9.685003227636858059e-01 4.348055756367865017e-03 2.489743344559351146e-01 3.586997999999999909e+00 1.664938268802877014e-02 9.964794257216053053e-01 -8.216782928645069428e-02 -6.791928000000000409e-01 -2.484550721211863100e-01 8.372483815857306721e-02 9.650182529945103838e-01 6.929880599999999724e+00
9.682959912842349359e-01 1.349656844563963849e-02 2.494408064112064449e-01 3.599015000000000075e+00 7.887151636031984256e-03 9.963898177660642785e-01 -8.452883467302441112e-02 -6.846280999999999617e-01 -2.496811288462767175e-01 8.381630922619667801e-02 9.646938168174126194e-01 6.981036200000000136e+00
9.683809342091304062e-01 1.997982787186296932e-02 2.486748333435905844e-01 3.611071100000000200e+00 1.809102069485844094e-03 9.961992625124890255e-01 -8.708476628707832734e-02 -6.899815000000000254e-01 -2.494696242229783034e-01 8.478110548809562885e-02 9.646642269423399974e-01 7.031098400000000304e+00
9.684447797500383981e-01 1.759326799573165262e-02 2.486064872366166023e-01 3.623676500000000189e+00 5.081432637906315754e-03 9.959041515957557378e-01 -9.027236496671862953e-02 -6.955189999999999984e-01 -2.491764186620517019e-01 8.868707772594829064e-02 9.643887777380996118e-01 7.081006099999999748e+00
9.685590825208537646e-01 1.656960594885061380e-02 2.482312466734633294e-01 3.636237599999999848e+00 6.264533383133419168e-03 9.958388475115952376e-01 -9.091614492635201328e-02 -7.012146000000000212e-01 -2.487047632994864588e-01 8.961271084772322315e-02 9.644249596348430931e-01 7.130735399999999835e+00
9.689378839527560405e-01 1.848089553466585391e-02 2.466127197477700761e-01 3.648432500000000189e+00 4.476571462804075814e-03 9.957297679554263370e-01 -9.220731812264763849e-02 -7.068507000000000540e-01 -2.472637000230600568e-01 9.044714317030418116e-02 9.647175633019421381e-01 7.180441400000000307e+00
9.695405257605430593e-01 7.937560908961527328e-03 2.448022958119188408e-01 3.661711500000000008e+00 1.456703179520598204e-02 9.958368388519699410e-01 -8.998217584607016983e-02 -7.124996999999999581e-01 -2.444973834065451712e-01 9.080740890550816069e-02 9.653885456101189977e-01 7.230425399999999669e+00
9.705918708425006480e-01 -6.480706839193384194e-04 2.407301399053369817e-01 3.675308499999999867e+00 2.195946756464978514e-02 9.960655126749797805e-01 -8.585613690241823692e-02 -7.181655000000000122e-01 -2.397273493757680618e-01 8.861757423851283899e-02 9.667873207160663229e-01 7.279644499999999852e+00
9.710874826621662681e-01 -7.083072473050905024e-03 2.386187987171135283e-01 3.687921499999999853e+00 2.691673698531445863e-02 9.964343420664519835e-01 -7.996306160134365737e-02 -7.239944999999999853e-01 -2.372015815438847930e-01 8.407396764122877786e-02 9.678155700742477885e-01 7.329188799999999837e+00
9.720744401022051173e-01 -1.065392717295524615e-02 2.344307504056961644e-01 3.700623799999999797e+00 3.007409872607428453e-02 9.963873673707336343e-01 -7.942142487914122251e-02 -7.291604999999999892e-01 -2.327376881508424478e-01 8.425383065363914459e-02 9.688830995194359641e-01 7.378321200000000246e+00
9.731289517687198298e-01 -8.055820878068472093e-03 2.301198535100634768e-01 3.711217899999999847e+00 2.822704457836010955e-02 9.960237194968480923e-01 -8.449842693231171542e-02 -7.340957999999999650e-01 -2.285241282313180133e-01 8.872346899014052490e-02 9.694869101057896899e-01 7.425700700000000154e+00
9.747366506498766903e-01 -1.052903353556834849e-02 2.231089449857782958e-01 3.722896299999999936e+00 3.081599224817170579e-02 9.956751708012933078e-01 -8.764319067432427279e-02 -7.391701999999999995e-01 -2.212212388122370144e-01 9.230435364933886611e-02 9.708455437379094333e-01 7.474282699999999835e+00
9.764091897473233805e-01 -9.403785551892031649e-03 2.157235800608489906e-01 3.732404900000000136e+00 2.924599458376293815e-02 9.956045654324887639e-01 -8.897314814477336187e-02 -7.437196000000000362e-01 -2.139386967749920820e-01 9.318325014335626655e-02 9.723924701039897700e-01 7.521858700000000120e+00
9.786088568391752007e-01 -1.323459784148278001e-02 2.053035575334652973e-01 3.743493099999999796e+00 3.110140480105340333e-02 9.959764657630496565e-01 -8.404512041484429874e-02 -7.493389999999999773e-01 -2.033652082715322607e-01 8.863252826202627777e-02 9.750830051839470825e-01 7.570923800000000092e+00
9.809780308709421526e-01 -1.854314909289375354e-02 1.932310911067042780e-01 3.753286099999999958e+00 3.503820542527102955e-02 9.959914948723034289e-01 -8.229985603031630959e-02 -7.545927999999999525e-01 -1.909304247864788140e-01 8.750482137432769036e-02 9.776954940711866104e-01 7.618960900000000258e+00
9.834005769522259355e-01 -2.279013244045312997e-02 1.800108749864184343e-01 3.761911399999999794e+00 3.863987474665508265e-02 9.956280913021061663e-01 -8.503919031651147042e-02 -7.594206999999999486e-01 -1.772858294664076406e-01 9.058318648331850631e-02 9.799818472792933832e-01 7.666022800000000359e+00
9.858648275242998249e-01 -2.329505804649219941e-02 1.659152859777939804e-01 3.769930800000000026e+00 3.811629189425117664e-02 9.955037996951181523e-01 -8.671408815650692714e-02 -7.642896999999999608e-01 -1.631492879013415886e-01 9.181244503438938664e-02 9.823201030184063320e-01 7.713961099999999682e+00
9.879551738484578793e-01 -2.485538923206475140e-02 1.527310842369225541e-01 3.776593399999999878e+00 3.854143388121356040e-02 9.954351534097372056e-01 -8.731215969447231329e-02 -7.694001000000000312e-01 -1.498637125539181714e-01 9.214697489476011971e-02 9.844032723824626130e-01 7.762780199999999908e+00
9.898168449989852569e-01 -2.612209308190116888e-02 1.399294451117252813e-01 3.783000700000000105e+00 3.888023714214432214e-02 9.952516689984070020e-01 -8.923251938422424590e-02 -7.748325000000000351e-01 -1.369340736121782975e-01 9.376434081731618853e-02 9.861325001616509933e-01 7.811451400000000156e+00
9.917616238622549707e-01 -2.289665413567453650e-02 1.260342202082206930e-01 3.788639799999999891e+00 3.517439056968561795e-02 9.947529002169402945e-01 -9.606992119304108568e-02 -7.803120999999999530e-01 -1.231732263203094840e-01 9.971163793347900817e-02 9.873631275161476317e-01 7.857462400000000180e+00
9.934380707747748618e-01 -1.355022062424717996e-02 1.135658005577721702e-01 3.792906299999999842e+00 2.564228590124400034e-02 9.940671230065685204e-01 -1.057025455284904963e-01 -7.857174999999999576e-01 -1.114597358199467675e-01 1.079210196323124454e-01 9.878915835315481564e-01 7.903703199999999818e+00
