1.000000000000000000e+00 0.000000000000000000e+00 0.000000000000000000e+00 0.000000000000000000e+00 0.000000000000000000e+00 1.000000000000000000e+00 0.000000000000000000e+00 0.000000000000000000e+00 0.000000000000000000e+00 0.000000000000000000e+00 1.000000000000000000e+00 0.000000000000000000e+00
9.999886990381277041e-01 -7.527819414927948601e-04 -4.694157579517264055e-03 -7.676999999999999580e-04 7.524139161583364311e-04 9.999997137232976563e-01 -8.016621196258319146e-05 -8.101999999999999610e-04 4.694216583365994587e-03 7.663335651980942556e-05 9.999889791682692319e-01 5.932779999999999998e-02
9.999825389818651766e-01 -6.644706528701241864e-04 -5.871985195303445863e-03 -8.327000000000000200e-04 6.611234989094649621e-04 9.999996178980844475e-01 -5.719435323576443995e-04 -1.363400000000000072e-03 5.872362991299004582e-03 5.680514382433903345e-04 9.999825961837844890e-01 8.901199999999999390e-02
9.999880566089094369e-01 2.699389068645967121e-04 -4.879935708893728616e-03 -1.311799999999999902e-03 -2.824589843249633060e-04 9.999966701920184331e-01 -2.565116332201447004e-03 -2.026500000000000089e-03 4.879227034946160418e-03 2.566464077697803992e-03 9.999848030873665916e-01 1.183570000000000039e-01
9.999908793847723798e-01 2.616321054240912120e-03 3.375797892460228808e-03 -1.473700000000000097e-03 -2.594038841453452388e-03 9.999749332551840508e-01 -6.588157844125648588e-03 -3.354100000000000050e-03 -3.392950008272156877e-03 6.579340805218955243e-03 9.999725997070170180e-01 1.769565999999999917e-01
9.999492502124783799e-01 2.120723504755768572e-03 9.848834008069287313e-03 -1.305500000000000020e-03 -2.073611525555763783e-03 9.999863718940757984e-01 -4.791258849637254277e-03 -3.823899999999999869e-03 -9.858860722375991162e-03 4.770593038556257201e-03 9.999400203548797217e-01 2.058984000000000092e-01
9.998660106997498964e-01 1.109921384024230209e-03 1.633183155340881335e-02 -8.141999999999999498e-04 -1.085604514646455222e-03 9.999982891547742891e-01 -1.497715047044715503e-03 -4.531799999999999891e-03 -1.633346595813066002e-02 1.479784459186762012e-03 9.998655050194245053e-01 2.349539999999999962e-01
9.997330403543633892e-01 4.472265266936044890e-03 2.266819064687156104e-02 -4.989999999999999861e-04 -4.461138437678493184e-03 9.999899025126195440e-01 -5.414024764084818557e-04 -5.194200000000000379e-03 -2.267038305059324022e-02 4.401320071878502297e-04 9.997428969570905100e-01 2.636513999999999802e-01
9.995899500385736491e-01 2.478037159481032755e-03 2.852702427029772322e-02 2.157000000000000117e-04 -2.383857835243946999e-03 9.999915976527576911e-01 -3.334943133933387319e-03 -5.713799999999999782e-03 -2.853504868934465463e-02 3.265571270307015151e-03 9.995874584250120654e-01 2.922727999999999993e-01
9.994067202709296938e-01 1.987229038995117110e-03 3.438398461566401221e-02 1.050699999999999898e-03 -1.813394892724419635e-03 9.999854213917153123e-01 -5.086118657345774750e-03 -6.231300000000000380e-03 -3.439359062771268905e-02 5.020749424153164546e-03 9.993957539428277581e-01 3.206010000000000248e-01
9.990122661837204099e-01 4.768809229647385031e-03 4.417862008934392987e-02 3.185900000000000190e-03 -4.424050258584966491e-03 9.999590219535271496e-01 -7.898239870685202363e-03 -7.777199999999999738e-03 -4.421447493499009590e-02 7.694990076445650667e-03 9.989924260643553433e-01 3.770504000000000078e-01
9.988374471960476120e-01 3.845078807511367273e-03 4.805173719905250079e-02 4.626199999999999583e-03 -3.536736659437733545e-03 9.999726187195028260e-01 -6.500254230531778143e-03 -8.447299999999999601e-03 -4.807541547074312832e-02 6.322751001248114178e-03 9.988236967789118070e-01 4.052818000000000254e-01
9.986901863256769651e-01 2.856009969361148707e-03 5.108576067594106096e-02 5.931699999999999820e-03 -2.965679505369022816e-03 9.999934576229375649e-01 2.071100285720592783e-03 -9.012900000000000772e-03 -5.107951137056863933e-02 -2.219891523698286438e-03 9.986921225281427672e-01 4.334841999999999862e-01
9.985562703382080407e-01 3.047738995550762844e-03 5.362915489976114586e-02 7.424000000000000044e-03 -3.712090108958949856e-03 9.999175524692189843e-01 1.229262587854470547e-02 -9.568699999999999428e-03 -5.358726859311403051e-02 -1.247395490539777128e-02 9.984852553211527315e-01 4.617690999999999879e-01
9.984440471403266404e-01 1.685822547543245351e-03 5.573726520366088788e-02 8.829200000000000589e-03 -2.497238597118149345e-03 9.998918752653166431e-01 1.449143118527201554e-02 -9.776999999999999233e-03 -5.570680864521046494e-02 -1.460807245144292443e-02 9.983403005437671007e-01 4.895287999999999862e-01
9.983637899974936447e-01 2.341212087786879829e-03 5.713371638358850924e-02 1.030569999999999924e-02 -2.872197538950407684e-03 9.999534309190222237e-01 9.213385619487386019e-03 -1.003929999999999927e-02 -5.710948522914190140e-02 -9.362409905367866103e-03 9.983240215369086901e-01 5.168800000000000061e-01
9.982716903978805512e-01 1.173937528459678258e-03 5.875588498897139911e-02 1.180480000000000071e-02 -1.318582852179847956e-03 9.999961949767735003e-01 2.423091256337009392e-03 -1.023600000000000031e-02 -5.875281686370363576e-02 -2.496377906862979820e-03 9.982694398848068751e-01 5.443365000000000009e-01
9.982254067434992439e-01 -3.992730705628286594e-03 5.941460622850172624e-02 1.360600000000000004e-02 3.920554533844945386e-03 9.999914283944340010e-01 1.331311310957774456e-03 -1.057480000000000052e-02 -5.941941251748228403e-02 -1.096010571057281233e-03 9.982325040675170680e-01 5.718723999999999474e-01
9.982138027970592908e-01 -8.008592771687333967e-03 5.920360079632871336e-02 1.541069999999999940e-02 7.896692944232310690e-03 9.999665652799648585e-01 2.123808544683882665e-03 -1.106120000000000020e-02 -5.921863005827041754e-02 -1.652502347120271033e-03 9.982436691960608899e-01 5.993990000000000151e-01
9.982410495523691418e-01 -6.760616564652994175e-03 5.889907513917495147e-02 1.685760000000000036e-02 6.443125965697235787e-03 9.999636816532825323e-01 5.578664912215235312e-03 -1.145949999999999920e-02 -5.893465123655688281e-02 -5.189358156685940950e-03 9.982483545919558221e-01 6.267677999999999860e-01
9.982966213448216664e-01 -5.753338888065014957e-03 5.805820272065618376e-02 1.834660000000000110e-02 5.163868472310008222e-03 9.999336404006813339e-01 1.029802201597972491e-02 -1.157910000000000016e-02 -5.811359801212116066e-02 -9.980675662498970230e-03 9.982600842663227336e-01 6.542143999999999737e-01
9.983564868790163471e-01 -3.495937717551477614e-03 5.720230350312490580e-02 1.964590000000000086e-02 2.541369947658507142e-03 9.998564486773746651e-01 1.675182011178453362e-02 -1.196320000000000022e-02 -5.725265535656624133e-02 -1.657891606057077666e-02 9.982220559559275008e-01 6.815166000000000279e-01
9.983889982160739640e-01 5.317513715901262157e-03 5.649010788611956435e-02 2.072850000000000040e-02 -6.327727203145065878e-03 9.998229788338046653e-01 1.771922301739026206e-02 -1.194330000000000044e-02 -5.638588572991297398e-02 -1.804813130987906189e-02 9.982459100074864145e-01 7.086816999999999700e-01
9.984188262042962281e-01 1.254666895255778132e-02 5.479442105753373760e-02 2.174589999999999856e-02 -1.360695706326105030e-02 9.997265026431508828e-01 1.902026898791487480e-02 -1.182440000000000054e-02 -5.454079390982445597e-02 -1.973577997164005504e-02 9.983164832800253130e-01 7.358746999999999927e-01
9.985868467146059579e-01 8.983218379801828288e-03 5.237949366040926119e-02 2.312370000000000050e-02 -1.005225805300333057e-02 9.997457891136628527e-01 2.018190420984878122e-02 -1.182010000000000005e-02 -5.218487977006263517e-02 -2.067991627256921330e-02 9.984232966965181921e-01 7.628104999999999469e-01
9.987914864106182122e-01 5.092845408231510586e-03 4.888383781287712615e-02 2.446829999999999838e-02 -6.034873469146423593e-03 9.997985514572184096e-01 1.914253918003240226e-02 -1.195380000000000054e-02 -4.877650024221923120e-02 -1.941441293718504726e-02 9.986210159987748414e-01 7.898277000000000214e-01
9.990742884153290815e-01 2.657526203716838436e-03 4.293604292293663749e-02 2.547970000000000096e-02 -3.388055278046719822e-03 9.998505887136805992e-01 1.695055545813293346e-02 -1.196389999999999953e-02 -4.288458124823650575e-02 -1.708033381942222761e-02 9.989340192864494261e-01 8.167474999999999596e-01
9.994300440778282058e-01 -2.436091591946044303e-03 3.366975575120796649e-02 2.657139999999999849e-02 1.852336140714318669e-03 9.998476225404293594e-01 1.735801114969325390e-02 -1.186599999999999981e-02 -3.370691094437690272e-02 -1.728575014301437715e-02 9.992822659271908270e-01 8.435591000000000061e-01
9.996617592060557111e-01 -1.005845518344293879e-02 2.398321622253024588e-02 2.755399999999999863e-02 9.620265971171649416e-03 9.997859540050172411e-01 1.831656782591688931e-02 -1.212580000000000081e-02 -2.416231908774248843e-02 -1.807964749656825604e-02 9.995445506242840450e-01 8.703613999999999518e-01
9.998922495372546404e-01 -7.479465157742694152e-03 1.263118823715860504e-02 2.768419999999999909e-02 7.252751012507168034e-03 9.998134732272337954e-01 1.790017754230462110e-02 -1.200829999999999953e-02 -1.276271593662560259e-02 -1.780663792661499323e-02 9.997599895613303866e-01 8.970761999999999903e-01
9.999826622699582446e-01 -5.885647294242603300e-03 -1.852442025031763543e-04 2.751800000000000079e-02 5.888141592647437583e-03 9.997922098697638038e-01 1.951581082915042342e-02 -1.194409999999999916e-02 7.034253138467303781e-05 -1.951656321338427619e-02 9.998095312669640355e-01 9.237166999999999462e-01
9.998934281405404967e-01 -5.944740854030078001e-03 -1.333388231297463235e-02 2.699549999999999866e-02 6.254105117695606120e-03 9.997093998102721812e-01 2.328093855844836149e-02 -1.184009999999999924e-02 1.319160833767610112e-02 -2.336184896714854978e-02 9.996400379548138204e-01 9.501570000000000293e-01
9.996420039395343959e-01 -5.674865255858270625e-03 -2.614689014165478415e-02 2.623580000000000009e-02 6.297609610623497965e-03 9.996969829402415630e-01 2.379668912622931107e-02 -1.173330000000000033e-02 2.600392418355533530e-02 -2.395283291191399946e-02 9.993748334446639348e-01 9.770294999999999952e-01
9.991943659681651324e-01 -6.366640625318621335e-03 -3.962429689753944884e-02 2.503249999999999920e-02 7.352727774150137965e-03 9.996656370002706682e-01 2.479015117183119149e-02 -1.141460000000000044e-02 3.945321801520824956e-02 -2.506152605072254486e-02 9.989070845180012537e-01 1.003652699999999953e+00
9.985791022996418631e-01 -7.603747574594240353e-03 -5.274428379704537012e-02 2.354989999999999861e-02 8.907517297804805334e-03 9.996594630568115258e-01 2.452782209158585469e-02 -1.141529999999999975e-02 5.253981905213148812e-02 -2.496279118586363505e-02 9.983067797376616870e-01 1.029642799999999969e+00
9.977557016828688674e-01 -8.062024330091491567e-03 -6.647227634906886784e-02 2.178739999999999843e-02 9.432419767730378449e-03 9.997488686486646348e-01 2.032803711725358550e-02 -1.153689999999999924e-02 6.629169794666069093e-02 -2.090940935120174857e-02 9.975811783428618629e-01 1.055858600000000092e+00
9.967516776754832275e-01 -1.197063795600645901e-02 -7.964167802122101847e-02 1.988099999999999937e-02 1.291668756271003964e-02 9.998518817321828678e-01 1.137425949327886508e-02 -1.141570000000000085e-02 7.949372449141475783e-02 -1.236601890421206405e-02 9.967586615339460998e-01 1.081784599999999985e+00
9.954927698795456026e-01 -1.266422439458203542e-02 -9.398809785304534925e-02 1.754750000000000060e-02 1.328754204379085230e-02 9.998936609275819176e-01 6.008998524901542140e-03 -1.139860000000000005e-02 9.390200394019526664e-02 -7.230785387594609176e-03 9.955551865158928093e-01 1.107640399999999969e+00
9.942274709882976680e-01 -1.118354415678074476e-02 -1.067083139793100072e-01 1.453899999999999984e-02 1.220116797922495347e-02 9.998860574037133908e-01 8.888403096203806655e-03 -1.158610000000000022e-02 1.065967515084601941e-01 -1.013906059510470518e-02 9.942506384298137601e-01 1.133282700000000087e+00
9.927984248825915126e-01 -8.841702962366391333e-03 -1.194701294858703106e-01 1.132610000000000040e-02 1.040154637421246420e-02 9.998685299379369562e-01 1.243907845356389402e-02 -1.182740000000000007e-02 1.193444401037201535e-01 -1.359217158786966279e-02 9.927598689954462152e-01 1.159035599999999944e+00
9.915082783368603936e-01 -6.043486228396071844e-03 -1.299030802701851561e-01 7.797700000000000291e-03 7.489880438183774830e-03 9.999152493984553303e-01 1.064874224716306009e-02 -1.208700000000000052e-02 1.298277153788692795e-01 -1.153127463171311345e-02 9.914695124031153162e-01 1.184331900000000104e+00
9.905519968954775711e-01 -1.522281432177366054e-03 -1.371292241122335220e-01 3.994100000000000428e-03 2.032885123357798703e-03 9.999915127253018454e-01 3.583553465177478307e-03 -1.227909999999999939e-02 1.371226050819381037e-01 -3.828464000588616568e-03 9.905466844318541186e-01 1.209419699999999986e+00
9.897134279113727340e-01 1.724669043079486448e-03 -1.430536826810547557e-01 3.860000000000000312e-05 -2.274997960904685205e-03 9.999906279356456373e-01 -3.683534328738535986e-03 -1.260260000000000026e-02 1.430459890951086555e-01 3.971090223724339438e-03 9.897080758719901672e-01 1.234701199999999943e+00
9.891723683491409069e-01 3.538388858551670679e-03 -1.467157302365259819e-01 -4.052499999999999679e-03 -4.549181419292011933e-03 9.999681712294753444e-01 -6.554500468600138290e-03 -1.311829999999999941e-02 1.466878680837844506e-01 7.150967225780616686e-03 9.891569809816690428e-01 1.259677799999999959e+00
9.885087308110148685e-01 4.644447563135234956e-03 -1.510924161473025384e-01 -7.901500000000000537e-03 -5.720780324530528281e-03 9.999612590677451340e-01 -6.689771007156625725e-03 -1.376190000000000052e-02 1.510554923955922668e-01 7.477263569181988485e-03 9.884970049254787616e-01 1.284559699999999971e+00
9.878197379048818672e-01 5.773671161504270212e-03 -1.554954344244526832e-01 -1.227420000000000073e-02 -7.002346387297087200e-03 9.999484335863079165e-01 -7.355087583526626061e-03 -1.416420000000000005e-02 1.554449502254826032e-01 8.354333582509979733e-03 9.878092288290231116e-01 1.309484400000000104e+00
9.867154041570707079e-01 8.786724942875002997e-03 -1.622205432857593832e-01 -1.624259999999999940e-02 -9.422860255401677154e-03 9.999506347016198227e-01 -3.152437855833175283e-03 -1.484770000000000013e-02 1.621848356158979432e-01 4.639140502935529958e-03 9.867494907379674718e-01 1.334341500000000069e+00
9.858217888756435343e-01 9.604209151483722104e-03 -1.675206248334834280e-01 -2.083360000000000073e-02 -9.645195932721657359e-03 9.999533221369569791e-01 5.689839037271531268e-04 -1.525520000000000001e-02 1.675182699691157573e-01 1.054852519477155522e-03 9.858684073002423887e-01 1.359259800000000018e+00
9.847362026172410410e-01 1.164493043339504853e-02 -1.736634873834373982e-01 -2.531430000000000138e-02 -1.127947432062374918e-02 9.999316066548453730e-01 3.091192603161437881e-03 -1.570049999999999918e-02 1.736876066794240669e-01 -1.085176419224250345e-03 9.848002019080381864e-01 1.384177999999999908e+00
9.835902641716304240e-01 1.979254232318759452e-02 -1.793277655444552587e-01 -3.033229999999999954e-02 -1.971676794232004801e-02 9.998031740507782317e-01 2.205044194129452718e-03 -1.604150000000000020e-02 1.793361126173169395e-01 1.366903937440892315e-03 9.837869130482143065e-01 1.408624400000000110e+00
9.822713514071118590e-01 2.615848726703904822e-02 -1.856306164099720546e-01 -3.549780000000000296e-02 -2.668527682682686128e-02 9.996438269570203650e-01 -3.394516139058481943e-04 -1.632899999999999976e-02 1.855556202477350036e-01 5.287037981963233456e-03 9.826195393049415028e-01 1.432903899999999897e+00
9.809512096697464711e-01 2.368796822845245509e-02 -1.928045756943260469e-01 -4.032600000000000073e-02 -2.490233013969458953e-02 9.996823704994581838e-01 -3.877120864489887186e-03 -1.675880000000000078e-02 1.926514941573901629e-01 8.604549598441009819e-03 9.812295162321266195e-01 1.457154300000000013e+00
9.794593958248650756e-01 2.086017876954408823e-02 -2.005595793575886410e-01 -4.531770000000000242e-02 -2.265140875191282155e-02 9.997213714692808617e-01 -6.640264236758891894e-03 -1.715219999999999939e-02 2.003651806376147981e-01 1.104682620859376123e-02 9.796590029284542034e-01 1.481800299999999959e+00
9.781430738778358336e-01 2.247815826743031209e-02 -2.067144393256620805e-01 -5.079279999999999906e-02 -2.404002157416954000e-02 9.996982590761307463e-01 -5.046599138710303363e-03 -1.751139999999999988e-02 2.065386268656106417e-01 9.905715575248611598e-03 9.783883034927443045e-01 1.506022900000000053e+00
9.765167988354572781e-01 2.363547584688899597e-02 -2.141408552183405312e-01 -5.635060000000000069e-02 -2.409101258588204272e-02 9.997096529756497318e-01 4.825555853512578791e-04 -1.815330000000000069e-02 2.140900854891183980e-01 4.687646402749203953e-03 9.768026726347880384e-01 1.530543999999999905e+00
9.749428207701161808e-01 2.580918779994571116e-02 -2.209533481391862120e-01 -6.216610000000000191e-02 -2.582270666942237253e-02 9.996625386945052760e-01 2.827817377709315478e-03 -1.846439999999999887e-02 2.209517686036349682e-01 2.948653245778292981e-03 9.752802783789703556e-01 1.554801799999999901e+00
9.734008047057298718e-01 2.632613341830672762e-02 -2.275913181504933547e-01 -6.801210000000000588e-02 -2.727610842771549873e-02 9.996274078053745127e-01 -1.029307216998966244e-03 -1.878550000000000011e-02 2.274794217226628057e-01 7.209733944395758931e-03 9.737561976332546054e-01 1.578639499999999973e+00
9.718144656314263718e-01 2.494116601088650076e-02 -2.344239378295713827e-01 -7.378679999999999961e-02 -2.636203088561304281e-02 9.996481704477799823e-01 -2.928932910184817683e-03 -1.935720000000000149e-02 2.342684095585474413e-01 9.026270460371747101e-03 9.721300523718444664e-01 1.602405499999999927e+00
9.700487824940741133e-01 2.589843060356218640e-02 -2.415256319193407331e-01 -7.957870000000000221e-02 -2.767192174485955808e-02 9.996092420623587937e-01 -3.953217735332447899e-03 -1.975690000000000085e-02 2.413288717263451510e-01 1.051829243694297512e-02 9.703863875773918179e-01 1.625860700000000048e+00
9.684310330033368830e-01 2.620017509904313743e-02 -2.479009583298724950e-01 -8.635139999999999483e-02 -2.786847671276119001e-02 9.996064046287640448e-01 -3.222395206343633880e-03 -2.016799999999999843e-02 2.477189583415043972e-01 1.002928960271159964e-02 9.687800220010035490e-01 1.649824900000000039e+00
9.663408189079637500e-01 2.213101043680308633e-02 -2.563116074026538516e-01 -9.246630000000000127e-02 -2.343054312371976172e-02 9.997234322776913373e-01 -2.017078045035002910e-03 -2.057919999999999888e-02 2.561960799099267105e-01 7.954705020198210574e-03 9.665921018231155015e-01 1.673507300000000031e+00
9.644035591429814813e-01 1.874345871833010824e-02 -2.637697061218822192e-01 -9.887619999999999743e-02 -2.003783025719300948e-02 9.997967634061234454e-01 -2.217485337936659934e-03 -2.094510000000000122e-02 2.636745351203521048e-01 7.423923350513454006e-03 9.645831352927294322e-01 1.696937200000000034e+00
9.624491968920414475e-01 1.654071922974459374e-02 -2.709574653137041822e-01 -1.046750999999999932e-01 -1.778672323305703629e-02 9.998395064142141520e-01 -2.143336187177757694e-03 -2.145789999999999850e-02 2.708785260564134378e-01 6.882297635484392433e-03 9.625889351643107661e-01 1.719152000000000013e+00
9.605347261922539959e-01 2.318175316563095972e-02 -2.771924351401737208e-01 -1.118138000000000049e-01 -2.475636319409164898e-02 9.996911336127421999e-01 -2.181709759022138536e-03 -2.196259999999999879e-02 2.770562438570441377e-01 8.957884584998129091e-03 9.608119452023835549e-01 1.742011799999999999e+00
9.587110337478638167e-01 2.680195471442577138e-02 -2.831162464317230620e-01 -1.188614000000000059e-01 -2.831238093099289893e-02 9.995983500887786199e-01 -1.244020019904730837e-03 -2.227010000000000101e-02 2.829691906482411090e-01 9.208350736013705407e-03 9.590847946978421357e-01 1.765120599999999929e+00
9.575164178784669744e-01 2.449952421585791310e-02 -2.873361842970453828e-01 -1.258048999999999973e-01 -2.564713527236502436e-02 9.996710316651779005e-01 -2.300039127631253906e-04 -2.282920000000000088e-02 2.872360248045325304e-01 7.589582509958506945e-03 9.578297679085853167e-01 1.788328799999999941e+00
9.561681857656827432e-01 2.315985340876842297e-02 -2.919007052400648394e-01 -1.328532000000000046e-01 -2.419764000184639052e-02 9.997071927278757819e-01 5.501355291080874121e-05 -2.323659999999999962e-02 2.918165086966532096e-01 7.010705972604913162e-03 9.564486265627976103e-01 1.811381099999999966e+00
9.546981798265204988e-01 2.150854343370054225e-02 -2.967975201973381827e-01 -1.399859999999999993e-01 -2.270040950947636513e-02 9.997421502649983527e-01 -5.695538777596288564e-04 -2.378790000000000071e-02 2.967087407610885519e-01 7.281177300286913179e-03 9.549402638977430025e-01 1.834248300000000054e+00
9.531128237231749623e-01 1.632260822899149130e-02 -3.021746477040040402e-01 -1.471290000000000098e-01 -1.657762307801570814e-02 9.998611009053979259e-01 1.720845527353036383e-03 -2.409089999999999843e-02 3.021607646063918517e-01 3.369177473602315460e-03 9.532510272617764624e-01 1.857033399999999945e+00
9.514844786505637364e-01 1.002296329489645380e-02 -3.075334568690927806e-01 -1.542266999999999944e-01 -8.986169676059280187e-03 9.999481641021585876e-01 4.787260518880552887e-03 -2.451069999999999985e-02 3.075654981327035631e-01 -1.791456254480764017e-03 9.515252256471554704e-01 1.880033899999999925e+00
9.499945768077050490e-01 8.874401009063094536e-03 -3.121402714208466600e-01 -1.615456000000000114e-01 -7.273408991688706283e-03 9.999537469135056922e-01 6.292976662945835853e-03 -2.493420000000000011e-02 3.121816803683219455e-01 -3.707969844955453023e-03 9.500151837744699179e-01 1.902619199999999955e+00
9.485445822354041656e-01 9.867808842490367882e-03 -3.164898132018008625e-01 -1.690848000000000073e-01 -8.905904403353235438e-03 9.999502805515111392e-01 4.485676282618845934e-03 -2.525430000000000036e-02 3.165183412989222567e-01 -1.436235914529593229e-03 9.485853028841300105e-01 1.925130100000000066e+00
9.473408671848849716e-01 1.047171921357415401e-02 -3.200556583753865758e-01 -1.768659999999999954e-01 -1.030246974242637024e-02 9.999444592123581943e-01 2.222072841064084980e-03 -2.542720000000000050e-02 3.200611511548949184e-01 1.192303324103140836e-03 9.473961356973052972e-01 1.947588700000000062e+00
9.467708492780420038e-01 1.277000080907628177e-02 -3.216549176317241576e-01 -1.846862999999999977e-01 -1.273329057642896139e-02 9.999164684380893453e-01 2.217984985481221034e-03 -2.573690000000000005e-02 3.216563729641171987e-01 1.995802003152064193e-03 9.468543681611935048e-01 1.969935800000000015e+00
9.465000156865815972e-01 1.349080763555409769e-02 -3.224216469386649297e-01 -1.925034999999999941e-01 -1.305919380624107930e-02 9.999085933447131591e-01 3.501772769321856438e-03 -2.609869999999999898e-02 3.224394171971405321e-01 8.961387936054796086e-04 9.465896783574342388e-01 1.992366300000000034e+00
9.462897931439853139e-01 1.367713993195770854e-02 -3.230302822256688189e-01 -2.003053999999999946e-01 -1.165162403252754074e-02 9.998984669982577955e-01 8.203374423893631390e-03 -2.626380000000000034e-02 3.231096826913706921e-01 -3.998942087054206847e-03 9.463530743930967937e-01 2.014968399999999882e+00
9.459559181975689679e-01 1.631174747900719646e-02 -3.238847445020762716e-01 -2.081640999999999908e-01 -1.271666317687821651e-02 9.998318328264159671e-01 1.321334721468164081e-02 -2.647089999999999860e-02 3.240458105031447378e-01 -8.380510792965301797e-03 9.460042704629874066e-01 2.037296800000000019e+00
9.456540424189728844e-01 1.630679346232416504e-02 -3.247653314989649709e-01 -2.158086999999999922e-01 -1.209546847418819376e-02 9.998146021333180755e-01 1.498202267335306537e-02 -2.657289999999999999e-02 3.249494294487150214e-01 -1.023962147601402417e-02 9.456759584831279097e-01 2.059524800000000155e+00
9.451954176416923481e-01 1.487912915179222251e-02 -3.261659608003740218e-01 -2.234279999999999877e-01 -1.218009457186391281e-02 9.998726066290565262e-01 1.031580384828678296e-02 -2.677720000000000100e-02 3.262778995969038420e-01 -5.777718278019792347e-03 9.452562352114545208e-01 2.081552299999999800e+00
9.453184767187725601e-01 1.431813698171896000e-02 -3.258342654287176843e-01 -2.311396000000000006e-01 -1.295869167568730780e-02 9.998959180154584070e-01 6.342353354884021702e-03 -2.682280000000000081e-02 3.258911626358618752e-01 -1.773158029186348156e-03 9.454056304182083537e-01 2.103488899999999884e+00
9.451187841495422015e-01 1.706997706079413715e-02 -3.262807069546636018e-01 -2.388058000000000125e-01 -1.573438721321058706e-02 9.998535420274254903e-01 6.732277046890921754e-03 -2.707530000000000006e-02 3.263478403585902132e-01 -1.228974513690648043e-03 9.452489495973687150e-01 2.125472499999999876e+00
9.448821128382917101e-01 1.438608517605122379e-02 -3.270945328059661761e-01 -2.540571999999999830e-01 -1.253578882217210207e-02 9.998912784753570815e-01 7.764356220698964348e-03 -2.778539999999999829e-02 3.271706692795853244e-01 -3.236013322500533047e-03 9.449597247401207989e-01 2.168839699999999926e+00
9.444653061295543717e-01 2.259869109176608146e-02 -3.278331659221594974e-01 -2.694615000000000204e-01 -2.298967346868663678e-02 9.997321014145077456e-01 2.683340294422420676e-03 -2.822360000000000146e-02 3.278059798591391738e-01 5.002455624134775382e-03 9.447318217390151540e-01 2.211744299999999885e+00
9.440400011348172304e-01 2.650780072477668808e-02 -3.287640685326027601e-01 -2.771274000000000237e-01 -2.798650069820812075e-02 9.996082737082563341e-01 2.343345236734623374e-04 -2.864879999999999857e-02 3.286414946960344308e-01 8.979734669538805975e-03 9.444120564294068432e-01 2.233044599999999935e+00
9.442116416437345006e-01 2.255844239128143580e-02 -3.285658114614530834e-01 -2.846557000000000115e-01 -2.496699190862777806e-02 9.996834291834336694e-01 -3.112993910256861736e-03 -2.906809999999999949e-02 3.283915728204340190e-01 1.114262504664040310e-02 9.444759482419823327e-01 2.254246499999999820e+00
9.440557707935057774e-01 2.132675457050551421e-02 -3.290955350213201624e-01 -2.920209999999999750e-01 -2.380297456401833656e-02 9.997105537973091094e-01 -3.496716771798901238e-03 -2.962300000000000003e-02 3.289257059479909762e-01 1.113454829649168296e-02 9.442901576320960055e-01 2.275185800000000036e+00
9.434601877798011182e-01 2.158901993060989219e-02 -3.307820858101873651e-01 -2.994923999999999920e-01 -2.463374227626302301e-02 9.996839660495318025e-01 -5.014655017562515485e-03 -3.011470000000000119e-02 3.305692859537454065e-01 1.287952801597332976e-02 9.436938406825153836e-01 2.295938000000000034e+00
9.430239707761376433e-01 1.343412553834645064e-02 -3.324534776666147051e-01 -3.067521000000000275e-01 -1.520963806953495000e-02 9.998805757408785189e-01 -2.738825639407969133e-03 -3.055899999999999936e-02 3.323769809288845689e-01 7.639275300005427677e-03 9.431156790243128141e-01 2.317036199999999990e+00
9.414887869086316918e-01 5.279153050329033446e-03 -3.370029594356469538e-01 -3.135948000000000069e-01 -5.027886475128970530e-03 9.999860505918876097e-01 1.618326058615223145e-03 -3.119519999999999932e-02 3.370068018347794903e-01 1.707767840766523252e-04 9.415021966795318331e-01 2.338591599999999993e+00
9.408150414499438785e-01 2.850345358542510574e-03 -3.389084438500720720e-01 -3.209503000000000217e-01 -3.767966176776512029e-04 9.999728133046561496e-01 7.364148007764354312e-03 -3.168359999999999926e-02 3.389202204145532193e-01 -6.800601657823240193e-03 9.407905377985272821e-01 2.359519000000000144e+00
9.394351003093079910e-01 5.897102497931077649e-04 -3.427263406110795940e-01 -3.283329999999999860e-01 2.290148355585924517e-03 9.999653927686040777e-01 7.998030110027910117e-03 -3.198940000000000117e-02 3.427191963216385528e-01 -8.298524384057381215e-03 9.394012385374512775e-01 2.380166500000000074e+00
9.376598186754634412e-01 -6.488101126292429447e-04 -3.475537994137524178e-01 -3.356673000000000018e-01 1.830420069621945065e-03 9.999936077586223382e-01 3.071482421150039267e-03 -3.230330000000000007e-02 3.475495849571191842e-01 -3.516175099800711388e-03 9.376550125226238430e-01 2.400084999999999802e+00
9.354165327784805806e-01 -2.656669354121637787e-03 -3.535376250310972579e-01 -3.432740000000000236e-01 2.828168930064818391e-03 9.999960002255643410e-01 -3.151787131407493038e-05 -3.251409999999999717e-02 3.535362946929054284e-01 -9.703817888166851261e-04 9.354203048330708148e-01 2.420218699999999945e+00
9.326460631216838548e-01 -2.496463138651833485e-03 -3.607839916285388582e-01 -3.511477000000000070e-01 2.247184673622156913e-03 9.999968585420717648e-01 -1.110435513916335597e-03 -3.267769999999999703e-02 3.607856304021362370e-01 2.248950539286969784e-04 9.326487432670179656e-01 2.439679599999999837e+00
9.286628973940173060e-01 -4.190207013814023322e-03 -3.709011528277180725e-01 -3.588852000000000153e-01 6.303050241977167616e-03 9.999700797067099245e-01 4.484556723165437041e-03 -3.327279999999999821e-02 3.708712641354086070e-01 -6.502450041142992555e-03 9.286615226130919831e-01 2.459691499999999920e+00
9.242640053641881792e-01 -6.839612554152660513e-03 -3.816926356222462569e-01 -3.669941999999999926e-01 9.960815361791950165e-03 9.999311559219853374e-01 6.202062064392100532e-03 -3.356080000000000174e-02 3.816239386431045655e-01 -9.534312593541257458e-03 9.242685033786949278e-01 2.479159800000000136e+00
9.188261136103821336e-01 -1.202884146307493796e-02 -3.944792515718633652e-01 -3.751490000000000102e-01 1.458080023277321183e-02 9.998876655696089522e-01 3.472248022499395837e-03 -3.371339999999999754e-02 3.943931708488538357e-01 -8.942215319147682126e-03 9.188982879366860423e-01 2.498607900000000104e+00
9.131107783435625791e-01 -1.333135847439365432e-02 -4.074935353524528625e-01 -3.838270999999999766e-01 1.561801801987897087e-02 9.998754194854373445e-01 2.285393172225138811e-03 -3.397780000000000244e-02 4.074123022025037399e-01 -8.451058516430355952e-03 9.132052319298262777e-01 2.517725700000000177e+00
9.073945669155415450e-01 -1.477537880142291288e-02 -4.200199853738287858e-01 -3.926612999999999909e-01 1.730259790318060265e-02 9.998478621709433467e-01 2.207400732792645561e-03 -3.429089999999999916e-02 4.199234692631000909e-01 -9.270420350164588000e-03 9.075121703143014251e-01 2.536507600000000195e+00
9.016406414275396353e-01 -1.771848744097102163e-02 -4.321229095164234035e-01 -4.017196000000000100e-01 1.988086719782038853e-02 9.998022374533415135e-01 4.869319815563981357e-04 -3.466059999999999974e-02 4.320288240911681621e-01 -9.030015841413864541e-03 9.018145895738803874e-01 2.554993899999999929e+00
8.958477859610993743e-01 -1.793788748018112361e-02 -4.439988475000184454e-01 -4.110480000000000245e-01 1.679984775819862164e-02 9.998377608146504780e-01 -6.497473697301777221e-03 -3.512010000000000132e-02 4.440433644407915659e-01 -1.638365616747683006e-03 8.960037981248785144e-01 2.572982300000000055e+00
8.902022042401842583e-01 -1.511590274430467395e-02 -4.553147757871933710e-01 -4.206404999999999728e-01 8.755952565952861838e-03 9.998324633227892999e-01 -1.607415878190785255e-02 -3.560289999999999982e-02 4.554814692834169287e-01 1.032253699959095536e-02 8.901854168482608021e-01 2.590603400000000001e+00
8.839230640394448724e-01 -1.514736410289248790e-02 -4.673869641098836736e-01 -4.302194999999999769e-01 4.550369686746066553e-03 9.997065401884727143e-01 -2.379343691246470563e-02 -3.630810000000000287e-02 4.676102126716580321e-01 1.890478418622914755e-02 8.837325942501151887e-01 2.607810999999999879e+00
8.777608167198627243e-01 -1.517134399928676131e-02 -4.788588298784255959e-01 -4.399356999999999851e-01 3.820070262147417552e-03 9.996883474018740667e-01 -2.467012630900385084e-02 -3.683909999999999962e-02 4.790838712526981902e-01 1.982519584178810829e-02 8.775452158808472181e-01 2.625199600000000189e+00
8.719919077285982478e-01 -1.061892638692055017e-02 -4.894050993381952597e-01 -4.499542999999999737e-01 4.959224965474951646e-04 9.997833397468284256e-01 -2.080931583582368294e-02 -3.758659999999999779e-02 4.895200372984919723e-01 1.790284801551995236e-02 8.718082479055907497e-01 2.642319399999999874e+00
8.665327314900028721e-01 -6.437001289397732695e-03 -4.990787415537502048e-01 -4.600740999999999858e-01 -3.213999032630318956e-03 9.998241411001832502e-01 -1.847585136060370115e-02 -3.839719999999999939e-02 4.991099031943695419e-01 1.761396853866731976e-02 8.663596554812705852e-01 2.659679399999999916e+00
8.620611537878271058e-01 -7.274806248835960498e-03 -5.067520540896131021e-01 -4.701756999999999742e-01 -6.409177508461094686e-03 9.996605251686230265e-01 -2.525384848410149388e-02 -3.919630000000000336e-02 5.067637413762604570e-01 2.501822562922511109e-02 8.617218801984198873e-01 2.675952199999999781e+00
8.586663340465476857e-01 -8.549110066621004242e-03 -5.124636957796439019e-01 -4.802807000000000048e-01 -9.572353030050157266e-03 9.994189859312544444e-01 -3.271178102168980500e-02 -3.999289999999999790e-02 5.124456037791041974e-01 3.299398850111479736e-02 8.580856017264579805e-01 2.692438099999999945e+00
8.568951585297597262e-01 -8.549830052149562029e-03 -5.154198169398779283e-01 -4.903982000000000063e-01 -1.168002603915010464e-02 9.992837309910369559e-01 -3.599447135821830235e-02 -4.064589999999999870e-02 5.153583843113281882e-01 3.686360512364712794e-02 8.561815288461349649e-01 2.708888099999999799e+00
8.570255376477151632e-01 -4.252280589686578856e-03 -5.152563885382026587e-01 -5.006530000000000147e-01 -1.375224927767831895e-02 9.994209784536370877e-01 -3.112207362273720565e-02 -4.157179999999999903e-02 5.150903837769147398e-01 3.375834617633176327e-02 8.564708229729659505e-01 2.725516299999999781e+00
8.579724584269506904e-01 -7.924972505394378003e-04 -5.136950773843588225e-01 -5.108118999999999854e-01 -1.513732820396038008e-02 9.995255454580930232e-01 -2.682434102726821354e-02 -4.258399999999999685e-02 5.134726106382502264e-01 3.079051679997408739e-02 8.575533932062366915e-01 2.742177499999999934e+00
8.594748008291140939e-01 -8.703453650058924976e-04 -5.111773755152905219e-01 -5.207517999999999869e-01 -1.336862607636583877e-02 9.996182430816037412e-01 -2.417949410715873604e-02 -4.332020000000000315e-02 5.110032745262843568e-01 2.761540507386095467e-02 8.591350550559682109e-01 2.758932099999999998e+00
8.609955974436629411e-01 -2.692007587724239669e-03 -5.086052833757996883e-01 -5.305507999999999891e-01 -1.137702899555196462e-02 9.996338471960615202e-01 -2.455065683918737987e-02 -4.404059999999999919e-02 5.084851466796884711e-01 2.692442450914788246e-02 8.606497144430984569e-01 2.775563700000000189e+00
8.626026176616964358e-01 -4.324605837387574675e-03 -5.058636395191301593e-01 -5.400829000000000324e-01 -9.352774621876296449e-03 9.996562148941647852e-01 -2.449444080487991546e-02 -4.487059999999999660e-02 5.057956599359682004e-01 2.586019736627338458e-02 8.622656206657642874e-01 2.792195599999999889e+00
8.648090997384265677e-01 -2.426707444481185534e-03 -5.020949433131062234e-01 -5.495832000000000495e-01 -1.066653083356177562e-02 9.996738549846388988e-01 -2.320363721764064080e-02 -4.565280000000000032e-02 5.019874959892817179e-01 2.542232780706954465e-02 8.645011620115272688e-01 2.808637099999999887e+00
8.673451275671728578e-01 -1.774891703541913758e-03 -4.977040078650415422e-01 -5.589726999999999890e-01 -1.147651542982240300e-02 9.996564317943948952e-01 -2.356497328000302718e-02 -4.629450000000000232e-02 4.975748378677057326e-01 2.615087248140884543e-02 8.670267657860323274e-01 2.825114699999999868e+00
8.703816892077332890e-01 9.061003522631881982e-04 -4.923767806000243774e-01 -5.683827999999999658e-01 -1.344225048618178861e-02 9.996693021370268717e-01 -2.192241471043647125e-02 -4.696510000000000268e-02 4.921940887432107448e-01 2.569952036558745614e-02 8.701060358710420717e-01 2.841475200000000090e+00
8.732728868196321104e-01 9.902758726485251517e-04 -4.872304223869873274e-01 -5.776183999999999763e-01 -1.194451914640073248e-02 9.997409068814636646e-01 -1.937646949756109335e-02 -4.770900000000000141e-02 4.870849962871647287e-01 2.274067856341801044e-02 8.730584561931737930e-01 2.857933500000000127e+00
8.759032900572458757e-01 1.791795258699467770e-03 -4.824833841042022731e-01 -5.866381000000000512e-01 -1.269146621019691043e-02 9.997326521510661035e-01 -1.932746513205634356e-02 -4.835640000000000077e-02 4.823197623489294261e-01 2.305241186397479283e-02 8.756918597057563591e-01 2.874203699999999806e+00
8.783863787487355967e-01 2.642807099536154114e-03 -4.779439142821232944e-01 -5.955238999999999949e-01 -1.413066946541649896e-02 9.996911738492137989e-01 -2.044214050534597094e-02 -4.907659999999999800e-02 4.777422880687265949e-01 2.470976524809173624e-02 8.781524546980679080e-01 2.890479299999999974e+00
8.804929090973717676e-01 2.142649306334254780e-03 -4.740544758603145725e-01 -6.044180000000000108e-01 -1.493660460816295492e-02 9.996186843855995319e-01 -2.322463498061178716e-02 -4.971210000000000212e-02 4.738239492385615259e-01 2.752989068545889928e-02 8.801891673082666845e-01 2.906492899999999935e+00
8.817093058561523700e-01 1.411067626052231114e-03 -4.717909588523467312e-01 -6.131206000000000156e-01 -1.534597253853875291e-02 9.995521654285546287e-01 -2.568987570880758992e-02 -5.043559999999999710e-02 4.715434243985471841e-01 2.989109357722254806e-02 8.813361001520642057e-01 2.922606500000000107e+00
8.824937626609684616e-01 -1.764964659173970558e-03 -4.703207881480873098e-01 -6.216456999999999677e-01 -1.254085285978491504e-02 9.995491021991294023e-01 -2.728221586424868506e-02 -5.105599999999999722e-02 4.701568736858320330e-01 2.997460913283282735e-02 8.820737140020092903e-01 2.938694700000000104e+00
8.821996268002547659e-01 -4.039647045127413467e-03 -4.708582586354858046e-01 -6.300890000000000102e-01 -9.105807190296941883e-03 9.996298512852656026e-01 -2.563678401849098579e-02 -5.173690000000000233e-02 4.707875346150367513e-01 2.690430581056518430e-02 8.818362974951456934e-01 2.954637099999999794e+00
8.802969133858161710e-01 -4.254092932699065667e-03 -4.744040967115744079e-01 -6.385625999999999802e-01 -6.903666803286260568e-03 9.997390552745925030e-01 -2.177523233709434056e-02 -5.253429999999999905e-02 4.743729373268188998e-01 2.244379762841386058e-02 8.800378357093181503e-01 2.970526500000000070e+00
8.766808191198115496e-01 -5.659076491349388123e-03 -4.810392044736909178e-01 -6.471189000000000524e-01 -5.484338398081946807e-03 9.997482595463509369e-01 -2.175636840967570124e-02 -5.327960000000000335e-02 4.810412283991380433e-01 2.171157265854473800e-02 8.764290868022016623e-01 2.986036499999999982e+00
8.711464546674391185e-01 -8.392880338932437803e-03 -4.909515394414887268e-01 -6.557144999999999779e-01 -2.958070137402246409e-03 9.997460637871309341e-01 -2.233960078425788198e-02 -5.399459999999999676e-02 4.910143626630625313e-01 2.091333310962572439e-02 8.709004123071891756e-01 3.001256000000000146e+00
8.639407693251518472e-01 -1.175867336287744411e-02 -5.034561358237775730e-01 -6.643944999999999990e-01 5.218176278645380792e-04 9.997477283355865607e-01 -2.245456288146060672e-02 -5.467140000000000194e-02 5.035931639768634893e-01 1.913670004413966716e-02 8.637289574323605557e-01 3.016118300000000030e+00
8.562659559523058128e-01 -1.021851820944900263e-02 -5.164341144450925736e-01 -6.734265999999999863e-01 -3.442192481383377772e-04 9.997927906575887480e-01 -2.035331084173044522e-02 -5.519160000000000038e-02 5.165350851492984674e-01 1.760561372727602672e-02 8.560850122359886516e-01 3.030523800000000101e+00
8.477683881365603025e-01 -4.221445566743729089e-03 -5.303498274475682006e-01 -6.828056999999999599e-01 -4.677802027045091862e-03 9.998699123976347858e-01 -1.543620582079049779e-02 -5.580820000000000225e-02 5.303459986127303516e-01 1.556719882551300081e-02 8.476383568929574119e-01 3.044834600000000169e+00
8.389598794138956039e-01 4.801602854142498350e-06 -5.441932751429093829e-01 -6.923508999999999913e-01 -5.748489357875776612e-03 9.999442847021234870e-01 -8.853381368777267849e-03 -5.630729999999999763e-02 5.441629127420611889e-01 1.055592101634118644e-02 8.389131641162705932e-01 3.058998299999999837e+00
