-5.220723e-01 5.058524e-02 8.513998e-01 4.401652e+01 3.598416e-02 9.986571e-01 -3.726920e-02 3.696084e-01 -8.521418e-01 1.117969e-02 -5.231915e-01 -7.952287e-01
-5.088807e-01 4.844952e-02 8.594725e-01 4.559797e+01 3.153601e-02 9.987939e-01 -3.763126e-02 2.752422e-01 -8.602592e-01 7.954512e-03 -5.097949e-01 -1.718077e+00
-5.044189e-01 4.647981e-02 8.622072e-01 4.641671e+01 2.735822e-02 9.989091e-01 -3.784371e-02 2.251199e-01 -8.630256e-01 4.499376e-03 -5.051402e-01 -2.182613e+00
-5.029009e-01 4.338914e-02 8.632543e-01 4.725344e+01 2.275913e-02 9.990577e-01 -3.695629e-02 1.721279e-01 -8.640444e-01 1.061566e-03 -5.034145e-01 -2.652713e+00
-5.033481e-01 4.071247e-02 8.631241e-01 4.810244e+01 1.953136e-02 9.991702e-01 -3.573950e-02 1.191937e-01 -8.638630e-01 -1.131428e-03 -5.037257e-01 -3.132580e+00
-5.044132e-01 3.921978e-02 8.625712e-01 4.896156e+01 1.799253e-02 9.992284e-01 -3.491174e-02 6.614438e-02 -8.632750e-01 -2.090104e-03 -5.047297e-01 -3.622610e+00
-5.050504e-01 3.780329e-02 8.622616e-01 5.070986e+01 1.785762e-02 9.992841e-01 -3.335095e-02 -3.397462e-02 -8.629051e-01 -1.445966e-03 -5.053639e-01 -4.626524e+00
-5.050733e-01 3.726614e-02 8.622715e-01 5.160092e+01 1.804432e-02 9.993049e-01 -3.261913e-02 -8.461152e-02 -8.628878e-01 -9.159473e-04 -5.053947e-01 -5.138527e+00
-5.051532e-01 3.675080e-02 8.622469e-01 5.249660e+01 1.772603e-02 9.993239e-01 -3.220842e-02 -1.359794e-01 -8.628477e-01 -9.859714e-04 -5.054631e-01 -5.654198e+00
-5.036775e-01 3.212028e-02 8.632944e-01 5.609471e+01 1.388352e-02 9.994804e-01 -2.908717e-02 -3.531245e-01 -8.637802e-01 -2.664987e-03 -5.038618e-01 -7.714224e+00
-4.969069e-01 2.798481e-02 8.673525e-01 5.878294e+01 1.489235e-02 9.996077e-01 -2.372015e-02 -5.090484e-01 -8.676761e-01 1.130207e-03 -4.971287e-01 -9.236703e+00
-4.947333e-01 2.852664e-02 8.685765e-01 5.967603e+01 1.553885e-02 9.995917e-01 -2.397879e-02 -5.592501e-01 -8.689059e-01 1.633571e-03 -4.949746e-01 -9.738335e+00
-4.938511e-01 2.886037e-02 8.690674e-01 6.056830e+01 1.538354e-02 9.995826e-01 -2.445283e-02 -6.093983e-01 -8.694104e-01 1.293278e-03 -4.940889e-01 -1.023718e+01
-4.972170e-01 3.192219e-02 8.670388e-01 6.233532e+01 1.346887e-02 9.994865e-01 -2.907467e-02 -7.144474e-01 -8.675217e-01 -2.778388e-03 -4.973916e-01 -1.122461e+01
-5.070402e-01 3.135650e-02 8.613519e-01 6.407973e+01 1.295155e-02 9.995024e-01 -2.876170e-02 -8.195839e-01 -8.618252e-01 -3.427495e-03 -5.071940e-01 -1.222485e+01
-5.125311e-01 2.874164e-02 8.581875e-01 6.494007e+01 1.437747e-02 9.995868e-01 -2.489068e-02 -8.749911e-01 -8.585483e-01 -4.186835e-04 -5.127325e-01 -1.273747e+01
-5.177335e-01 2.656506e-02 8.551294e-01 6.579473e+01 1.185191e-02 9.996446e-01 -2.387884e-02 -9.282033e-01 -8.554599e-01 -2.227959e-03 -5.178643e-01 -1.324559e+01
-5.274222e-01 3.189323e-02 8.490045e-01 6.747269e+01 1.432573e-02 9.994869e-01 -2.864670e-02 -1.033058e+00 -8.494826e-01 -2.946299e-03 -5.276085e-01 -1.427378e+01
-5.323119e-01 3.183277e-02 8.459496e-01 6.830616e+01 1.267510e-02 9.994804e-01 -2.963431e-02 -1.087156e+00 -8.464535e-01 -5.052202e-03 -5.324388e-01 -1.478945e+01
-5.360908e-01 3.225966e-02 8.435437e-01 6.913168e+01 1.171101e-02 9.994576e-01 -3.077968e-02 -1.141061e+00 -8.440791e-01 -6.621957e-03 -5.361778e-01 -1.530806e+01
-5.393463e-01 3.139766e-02 8.414985e-01 6.995241e+01 1.242015e-02 9.994925e-01 -2.933216e-02 -1.192211e+00 -8.419925e-01 -5.368650e-03 -5.394625e-01 -1.583039e+01
-5.418385e-01 2.556549e-02 8.400937e-01 7.077487e+01 1.359325e-02 9.996731e-01 -2.165448e-02 -1.238526e+00 -8.403727e-01 -3.136271e-04 -5.420089e-01 -1.635928e+01
-5.439621e-01 1.656099e-02 8.389463e-01 7.159496e+01 1.328968e-02 9.998498e-01 -1.112041e-02 -1.282215e+00 -8.390046e-01 5.100239e-03 -5.441005e-01 -1.688675e+01
-5.457263e-01 1.194765e-02 8.378783e-01 7.240886e+01 1.266240e-02 9.999017e-01 -6.010750e-03 -1.318045e+00 -8.378678e-01 7.329323e-03 -5.458240e-01 -1.741131e+01
-5.467919e-01 1.945582e-02 8.370425e-01 7.320718e+01 1.388613e-02 9.998032e-01 -1.416795e-02 -1.352730e+00 -8.371534e-01 3.876361e-03 -5.469545e-01 -1.793042e+01
-5.478065e-01 2.543605e-02 8.362183e-01 7.399928e+01 1.563674e-02 9.996744e-01 -2.016444e-02 -1.391231e+00 -8.364589e-01 2.029515e-03 -5.480259e-01 -1.845101e+01
-5.482496e-01 3.003017e-02 8.357754e-01 7.479183e+01 2.118694e-02 9.995331e-01 -2.201599e-02 -1.430026e+00 -8.360464e-01 5.637266e-03 -5.486298e-01 -1.897578e+01
-5.479916e-01 3.041695e-02 8.359306e-01 7.558518e+01 2.480583e-02 9.994900e-01 -2.010701e-02 -1.475622e+00 -8.361160e-01 9.717477e-03 -5.484666e-01 -1.950011e+01
-5.474528e-01 2.758302e-02 8.363819e-01 7.638160e+01 2.401024e-02 9.995629e-01 -1.724870e-02 -1.517748e+00 -8.364921e-01 1.063888e-02 -5.478757e-01 -2.001769e+01
-5.467379e-01 2.340864e-02 8.369765e-01 7.717766e+01 2.306230e-02 9.996509e-01 -1.289336e-02 -1.553839e+00 -8.369861e-01 1.225331e-02 -5.470869e-01 -2.053358e+01
-5.459641e-01 1.677805e-02 8.376405e-01 7.797620e+01 2.007551e-02 9.997744e-01 -6.940643e-03 -1.590768e+00 -8.375680e-01 1.302671e-02 -5.461778e-01 -2.104565e+01
-5.455092e-01 1.006165e-02 8.380444e-01 7.877335e+01 1.161550e-02 9.999226e-01 -4.444298e-03 -1.622926e+00 -8.380244e-01 7.309898e-03 -5.455839e-01 -2.154511e+01
-5.440667e-01 5.812895e-03 8.390218e-01 7.957091e+01 4.337534e-03 9.999821e-01 -4.115375e-03 -1.647452e+00 -8.390308e-01 1.400245e-03 -5.440822e-01 -2.204329e+01
-5.420740e-01 5.488407e-03 8.403128e-01 8.035975e+01 6.576327e-03 9.999757e-01 -2.288938e-03 -1.672576e+00 -8.403051e-01 4.285396e-03 -5.420969e-01 -2.255003e+01
-5.389628e-01 7.989060e-03 8.422917e-01 8.114486e+01 1.078112e-02 9.999385e-01 -2.585744e-03 -1.699977e+00 -8.422606e-01 7.687229e-03 -5.390158e-01 -2.305551e+01
-5.339357e-01 1.250467e-02 8.454326e-01 8.193166e+01 1.321294e-02 9.998919e-01 -6.444587e-03 -1.723704e+00 -8.454219e-01 7.729654e-03 -5.340432e-01 -2.355204e+01
-5.262425e-01 1.515726e-02 8.501994e-01 8.272160e+01 1.899031e-02 9.998012e-01 -6.070036e-03 -1.744715e+00 -8.501225e-01 1.295124e-02 -5.264258e-01 -2.404556e+01
-5.181164e-01 1.686560e-02 8.551438e-01 8.351715e+01 2.586392e-02 9.996573e-01 -4.045287e-03 -1.770218e+00 -8.549190e-01 2.002144e-02 -5.183751e-01 -2.453507e+01
-5.083152e-01 1.723890e-02 8.609985e-01 8.431881e+01 2.451954e-02 9.996840e-01 -5.539851e-03 -1.788533e+00 -8.608220e-01 1.829529e-02 -5.085773e-01 -2.500280e+01
-4.974733e-01 1.516480e-02 8.673467e-01 8.513089e+01 2.234398e-02 9.997394e-01 -4.664016e-03 -1.805753e+00 -8.671915e-01 1.705975e-02 -4.976825e-01 -2.545724e+01
-4.858919e-01 1.153787e-02 8.739427e-01 8.594484e+01 2.212486e-02 9.997548e-01 -8.979555e-04 -1.822552e+00 -8.737389e-01 1.889955e-02 -4.860280e-01 -2.590591e+01
-4.747080e-01 1.005332e-02 8.800859e-01 8.675945e+01 2.184015e-02 9.997614e-01 3.599212e-04 -1.839846e+00 -8.798723e-01 1.939206e-02 -4.748143e-01 -2.633928e+01
-4.628420e-01 9.424718e-03 8.863907e-01 8.758352e+01 2.261341e-02 9.997436e-01 1.177951e-03 -1.851770e+00 -8.861524e-01 2.058951e-02 -4.629364e-01 -2.676347e+01
-4.508179e-01 1.059844e-02 8.925530e-01 8.840537e+01 2.496485e-02 9.996880e-01 7.388452e-04 -1.869075e+00 -8.922668e-01 2.261553e-02 -4.509418e-01 -2.717759e+01
-4.386412e-01 1.304329e-02 8.985676e-01 8.923085e+01 2.421538e-02 9.997031e-01 -2.690457e-03 -1.893883e+00 -8.983360e-01 2.057901e-02 -4.388269e-01 -2.757508e+01
-4.268339e-01 2.386630e-02 9.040150e-01 9.005203e+01 2.785083e-02 9.995244e-01 -1.323792e-02 -1.917750e+00 -9.039011e-01 1.952717e-02 -4.272957e-01 -2.796252e+01
-4.141655e-01 2.921613e-02 9.097326e-01 9.088071e+01 2.820888e-02 9.994166e-01 -1.925396e-02 -1.943851e+00 -9.097644e-01 1.768821e-02 -4.147480e-01 -2.833927e+01
-4.025051e-01 2.517720e-02 9.150714e-01 9.172222e+01 2.639237e-02 9.995253e-01 -1.589187e-02 -1.977509e+00 -9.150372e-01 1.775434e-02 -4.029785e-01 -2.870201e+01
-3.905536e-01 2.123822e-02 9.203352e-01 9.256728e+01 2.516643e-02 9.996065e-01 -1.238791e-02 -2.011590e+00 -9.202362e-01 1.832341e-02 -3.909344e-01 -2.905556e+01
-3.805729e-01 2.196923e-02 9.244899e-01 9.340903e+01 2.221502e-02 9.996464e-01 -1.461026e-02 -2.046250e+00 -9.244841e-01 1.497729e-02 -3.809264e-01 -2.939508e+01
-3.733046e-01 2.566433e-02 9.273538e-01 9.424877e+01 1.804085e-02 9.996290e-01 -2.040224e-02 -2.082058e+00 -9.275334e-01 9.113996e-03 -3.736291e-01 -2.972193e+01
-3.683183e-01 3.118118e-02 9.291767e-01 9.509156e+01 1.232014e-02 9.995133e-01 -2.865793e-02 -2.119871e+00 -9.296181e-01 8.923471e-04 -3.685233e-01 -3.004218e+01
-3.647887e-01 3.303496e-02 9.305041e-01 9.593682e+01 9.476799e-03 9.994503e-01 -3.176750e-02 -2.163160e+00 -9.310421e-01 -2.770224e-03 -3.649012e-01 -3.036357e+01
-3.610781e-01 3.266680e-02 9.319632e-01 9.678367e+01 7.428916e-03 9.994553e-01 -3.215427e-02 -2.209948e+00 -9.325060e-01 -4.686727e-03 -3.611241e-01 -3.068310e+01
-3.562009e-01 3.299304e-02 9.338267e-01 9.762797e+01 7.842455e-03 9.994468e-01 -3.232003e-02 -2.254489e+00 -9.343765e-01 -4.188933e-03 -3.562626e-01 -3.099995e+01
-3.505397e-01 2.979465e-02 9.360738e-01 9.847826e+01 5.777884e-03 9.995436e-01 -2.965117e-02 -2.300639e+00 -9.365301e-01 -4.985387e-03 -3.505519e-01 -3.131096e+01
-3.452582e-01 2.514112e-02 9.381709e-01 9.933337e+01 4.706859e-03 9.996749e-01 -2.505714e-02 -2.347890e+00 -9.384960e-01 -4.235346e-03 -3.452643e-01 -3.161656e+01
-3.394918e-01 2.250644e-02 9.403397e-01 1.001848e+02 3.820552e-03 9.997384e-01 -2.254878e-02 -2.394151e+00 -9.406013e-01 -4.062511e-03 -3.394890e-01 -3.191408e+01
-3.337775e-01 2.063786e-02 9.424259e-01 1.010383e+02 -3.821443e-03 9.997224e-01 -2.324602e-02 -2.436801e+00 -9.426442e-01 -1.136043e-02 -3.336060e-01 -3.219559e+01
-3.277148e-01 2.098731e-02 9.445436e-01 1.018913e+02 -1.177247e-02 9.995849e-01 -2.629484e-02 -2.479664e+00 -9.447034e-01 -1.973682e-02 -3.273317e-01 -3.246899e+01
-3.209593e-01 2.394099e-02 9.467903e-01 1.027387e+02 -1.075982e-02 9.995237e-01 -2.892199e-02 -2.524306e+00 -9.470319e-01 -1.947007e-02 -3.205488e-01 -3.274622e+01
-3.137758e-01 2.794270e-02 9.490858e-01 1.035885e+02 -7.876338e-03 9.994559e-01 -3.202967e-02 -2.567807e+00 -9.494645e-01 -1.752545e-02 -3.133850e-01 -3.302355e+01
-3.071515e-01 2.636724e-02 9.512953e-01 1.044455e+02 -8.735291e-03 9.994958e-01 -3.052366e-02 -2.610933e+00 -9.516206e-01 -1.768523e-02 -3.067663e-01 -3.328918e+01
-3.003027e-01 2.118723e-02 9.536086e-01 1.053065e+02 -9.618011e-03 9.996352e-01 -2.523868e-02 -2.657199e+00 -9.537955e-01 -1.675106e-02 -2.999894e-01 -3.355357e+01
-2.932163e-01 1.801806e-02 9.558763e-01 1.061709e+02 -1.095002e-02 9.996935e-01 -2.220294e-02 -2.704158e+00 -9.559835e-01 -1.697713e-02 -2.929291e-01 -3.380988e+01
-2.867608e-01 2.111858e-02 9.577694e-01 1.070286e+02 -1.249763e-02 9.995894e-01 -2.578256e-02 -2.745462e+00 -9.579207e-01 -1.936328e-02 -2.863791e-01 -3.405765e+01
-2.804609e-01 2.379786e-02 9.595704e-01 1.078896e+02 -1.253753e-02 9.995165e-01 -2.845300e-02 -2.790316e+00 -9.597836e-01 -2.001059e-02 -2.800269e-01 -3.429846e+01
-2.737320e-01 2.547350e-02 9.614686e-01 1.087523e+02 -1.377364e-02 9.994429e-01 -3.040099e-02 -2.835895e+00 -9.617074e-01 -2.156465e-02 -2.732286e-01 -3.453399e+01
-2.668961e-01 2.401130e-02 9.634261e-01 1.096205e+02 -1.457336e-02 9.994747e-01 -2.894697e-02 -2.882830e+00 -9.636151e-01 -2.176619e-02 -2.664060e-01 -3.476364e+01
-2.589284e-01 2.418283e-02 9.655937e-01 1.104870e+02 -1.125545e-02 9.995431e-01 -2.805129e-02 -2.928512e+00 -9.658310e-01 -1.813147e-02 -2.585379e-01 -3.499323e+01
-2.511015e-01 2.499321e-02 9.676380e-01 1.113535e+02 -7.608843e-03 9.995847e-01 -2.779286e-02 -2.973590e+00 -9.679309e-01 -1.434143e-02 -2.508071e-01 -3.521847e+01
-2.444176e-01 2.539490e-02 9.693375e-01 1.122223e+02 -5.921582e-03 9.995992e-01 -2.768083e-02 -3.017837e+00 -9.696520e-01 -1.250569e-02 -2.441693e-01 -3.543239e+01
-2.378125e-01 2.455726e-02 9.710006e-01 1.130945e+02 -1.164016e-02 9.995365e-01 -2.812981e-02 -3.062720e+00 -9.712414e-01 -1.799222e-02 -2.374164e-01 -3.563108e+01
-2.319982e-01 2.287074e-02 9.724473e-01 1.139689e+02 -1.557129e-02 9.995081e-01 -2.722205e-02 -3.106520e+00 -9.725916e-01 -2.145772e-02 -2.315279e-01 -3.582432e+01
-2.272133e-01 2.240141e-02 9.735873e-01 1.148418e+02 -1.347358e-02 9.995674e-01 -2.614362e-02 -3.150123e+00 -9.737518e-01 -1.905788e-02 -2.268132e-01 -3.602323e+01
-2.224437e-01 2.249694e-02 9.746859e-01 1.157147e+02 -1.189422e-02 9.995967e-01 -2.578643e-02 -3.193868e+00 -9.748730e-01 -1.732916e-02 -2.220865e-01 -3.621819e+01
-2.178083e-01 2.499013e-02 9.756716e-01 1.165857e+02 -1.117689e-02 9.995427e-01 -2.809667e-02 -3.239438e+00 -9.759276e-01 -1.702466e-02 -2.174294e-01 -3.640785e+01
-2.119260e-01 2.342173e-02 9.770050e-01 1.174624e+02 -5.456451e-03 9.996688e-01 -2.514864e-02 -3.279199e+00 -9.772705e-01 -1.066063e-02 -2.117280e-01 -3.660169e+01
-2.065606e-01 2.222651e-02 9.781813e-01 1.183368e+02 1.707797e-03 9.997486e-01 -2.235594e-02 -3.318375e+00 -9.784323e-01 -2.947323e-03 -2.065467e-01 -3.679450e+01
-2.015798e-01 2.103207e-02 9.792463e-01 1.192101e+02 4.223693e-03 9.997788e-01 -2.060362e-02 -3.361858e+00 -9.794630e-01 -1.723813e-05 -2.016240e-01 -3.697484e+01
-1.973516e-01 2.314005e-02 9.800596e-01 1.200850e+02 2.787658e-03 9.997306e-01 -2.304316e-02 -3.401094e+00 -9.803288e-01 -1.815536e-03 -1.973629e-01 -3.714466e+01
-1.937151e-01 2.500661e-02 9.807391e-01 1.209561e+02 1.453140e-03 9.996813e-01 -2.520258e-02 -3.438516e+00 -9.810568e-01 -3.456971e-03 -1.936897e-01 -3.731126e+01
-1.918428e-01 2.395892e-02 9.811332e-01 1.218304e+02 -1.259154e-03 9.996951e-01 -2.465841e-02 -3.481415e+00 -9.814249e-01 -5.965936e-03 -1.917541e-01 -3.747460e+01
-1.909599e-01 2.259668e-02 9.813377e-01 1.227039e+02 -1.834021e-03 9.997250e-01 -2.337697e-02 -3.521474e+00 -9.815962e-01 -6.263858e-03 -1.908659e-01 -3.763878e+01
-1.897881e-01 1.940018e-02 9.816334e-01 1.235754e+02 1.819514e-04 9.998054e-01 -1.972415e-02 -3.558368e+00 -9.818251e-01 -3.564802e-03 -1.897548e-01 -3.780867e+01
-1.886932e-01 1.352981e-02 9.819429e-01 1.244524e+02 -7.890136e-04 9.999027e-01 -1.392890e-02 -3.596100e+00 -9.820358e-01 -3.403055e-03 -1.886641e-01 -3.797627e+01
-1.878979e-01 1.059726e-02 9.821314e-01 1.253205e+02 -1.241330e-03 9.999384e-01 -1.102690e-02 -3.631060e+00 -9.821878e-01 -3.291082e-03 -1.878732e-01 -3.814146e+01
-1.864555e-01 1.582892e-02 9.823359e-01 1.261781e+02 -7.433190e-04 9.998676e-01 -1.625252e-02 -3.664261e+00 -9.824632e-01 -3.760562e-03 -1.864191e-01 -3.830594e+01
-1.863838e-01 2.013241e-02 9.822707e-01 1.270337e+02 -5.057937e-04 9.997879e-01 -2.058742e-02 -3.697685e+00 -9.824769e-01 -4.333989e-03 -1.863341e-01 -3.846973e+01
-1.865559e-01 1.904350e-02 9.822597e-01 1.278916e+02 -3.457152e-03 9.997932e-01 -2.004004e-02 -3.731608e+00 -9.824383e-01 -7.134410e-03 -1.864515e-01 -3.862938e+01
-1.854941e-01 1.781189e-02 9.824839e-01 1.296019e+02 -2.315256e-03 9.998250e-01 -1.856340e-02 -3.812511e+00 -9.826427e-01 -5.718104e-03 -1.854204e-01 -3.895463e+01
-1.844108e-01 2.100880e-02 9.826247e-01 1.304485e+02 -2.083493e-03 9.997609e-01 -2.176619e-02 -3.847217e+00 -9.828471e-01 -6.061214e-03 -1.843230e-01 -3.911538e+01
-1.847210e-01 2.266165e-02 9.825297e-01 1.312944e+02 -1.027674e-02 9.996349e-01 -2.498827e-02 -3.890191e+00 -9.827373e-01 -1.471305e-02 -1.844207e-01 -3.925481e+01
-1.845558e-01 2.340401e-02 9.825433e-01 1.321343e+02 -1.690605e-02 9.994929e-01 -2.698330e-02 -3.932338e+00 -9.826767e-01 -2.159085e-02 -1.840665e-01 -3.939553e+01
-1.840457e-01 2.731460e-02 9.825381e-01 1.329698e+02 -1.452944e-02 9.994290e-01 -3.050578e-02 -3.974607e+00 -9.828103e-01 -1.989018e-02 -1.835437e-01 -3.954593e+01
-1.836688e-01 2.765970e-02 9.825989e-01 1.338003e+02 -1.295262e-02 9.994491e-01 -3.055516e-02 -4.018902e+00 -9.829029e-01 -1.833926e-02 -1.832094e-01 -3.969762e+01
-1.819559e-01 2.942864e-02 9.828662e-01 1.346231e+02 -1.360384e-02 9.993810e-01 -3.244158e-02 -4.063364e+00 -9.832126e-01 -1.927369e-02 -1.814430e-01 -3.984431e+01
-1.801141e-01 2.846824e-02 9.832337e-01 1.354495e+02 -6.217937e-03 9.995282e-01 -3.007907e-02 -4.105477e+00 -9.836261e-01 -1.153135e-02 -1.798521e-01 -3.999979e+01
-1.765192e-01 2.590211e-02 9.839563e-01 1.362673e+02 -3.216046e-05 9.996535e-01 -2.632111e-02 -4.146973e+00 -9.842972e-01 -4.677825e-03 -1.764572e-01 -4.015282e+01
-1.745228e-01 2.003470e-02 9.844493e-01 1.370908e+02 3.831228e-03 9.997992e-01 -1.966789e-02 -4.188573e+00 -9.846457e-01 3.391515e-04 -1.745645e-01 -4.030057e+01
-1.709157e-01 1.984713e-02 9.850857e-01 1.379023e+02 4.990895e-03 9.998017e-01 -1.927769e-02 -4.226372e+00 -9.852730e-01 1.621597e-03 -1.709809e-01 -4.043780e+01
-1.657101e-01 2.461578e-02 9.858672e-01 1.387057e+02 7.087553e-03 9.996923e-01 -2.376967e-02 -4.266655e+00 -9.861491e-01 3.048509e-03 -1.658336e-01 -4.057118e+01
-1.595131e-01 2.741188e-02 9.868151e-01 1.395060e+02 7.560578e-03 9.996190e-01 -2.654543e-02 -4.303913e+00 -9.871669e-01 3.226546e-03 -1.596596e-01 -4.069614e+01
-1.510622e-01 2.978881e-02 9.880753e-01 1.403054e+02 8.529771e-03 9.995479e-01 -2.883062e-02 -4.337506e+00 -9.884875e-01 4.072837e-03 -1.512480e-01 -4.081224e+01
-1.414671e-01 2.471475e-02 9.896344e-01 1.411082e+02 9.549968e-03 9.996758e-01 -2.360038e-02 -4.377901e+00 -9.898969e-01 6.112296e-03 -1.416573e-01 -4.091861e+01
-1.295920e-01 2.265996e-02 9.913084e-01 1.419062e+02 1.329475e-02 9.996887e-01 -2.111353e-02 -4.419464e+00 -9.914783e-01 1.044305e-02 -1.298529e-01 -4.101862e+01
-1.158117e-01 2.562887e-02 9.929405e-01 1.426964e+02 1.816665e-02 9.995545e-01 -2.368073e-02 -4.456348e+00 -9.931051e-01 1.529589e-02 -1.162257e-01 -4.110993e+01
-1.015031e-01 2.677699e-02 9.944748e-01 1.434862e+02 1.785896e-02 9.995256e-01 -2.509018e-02 -4.491871e+00 -9.946749e-01 1.521355e-02 -1.019332e-01 -4.118413e+01
-8.754946e-02 2.669749e-02 9.958023e-01 1.442760e+02 1.966065e-02 9.994924e-01 -2.506790e-02 -4.527880e+00 -9.959662e-01 1.738343e-02 -8.802991e-02 -4.124845e+01
-7.378080e-02 2.871236e-02 9.968611e-01 1.450550e+02 2.087230e-02 9.994109e-01 -2.724099e-02 -4.567642e+00 -9.970561e-01 1.879692e-02 -7.433664e-02 -4.130354e+01
-6.007383e-02 3.396391e-02 9.976159e-01 1.458274e+02 1.817545e-02 9.992925e-01 -3.292652e-02 -4.612403e+00 -9.980285e-01 1.615409e-02 -6.064864e-02 -4.134484e+01
-4.729335e-02 4.371848e-02 9.979238e-01 1.465903e+02 1.185184e-02 9.989960e-01 -4.320378e-02 -4.657895e+00 -9.988108e-01 9.783979e-03 -4.776401e-02 -4.136686e+01
-3.365131e-02 5.194575e-02 9.980828e-01 1.473502e+02 7.775331e-03 9.986317e-01 -5.171219e-02 -4.704613e+00 -9.994034e-01 6.020237e-03 -3.400917e-02 -4.138182e+01
-2.002613e-02 5.368971e-02 9.983568e-01 1.481169e+02 7.113446e-03 9.985394e-01 -5.355686e-02 -4.754981e+00 -9.997742e-01 6.029218e-03 -2.037880e-02 -4.139015e+01
-8.163869e-03 4.952903e-02 9.987393e-01 1.488864e+02 3.500342e-03 9.987679e-01 -4.950185e-02 -4.810016e+00 -9.999606e-01 3.091800e-03 -8.327181e-03 -4.138452e+01
2.646406e-03 4.615038e-02 9.989310e-01 1.496472e+02 -9.327185e-04 9.989342e-01 -4.614806e-02 -4.866196e+00 -9.999961e-01 -8.095969e-04 2.686629e-03 -4.136492e+01
1.192390e-02 5.225100e-02 9.985628e-01 1.503945e+02 -4.532445e-03 9.986263e-01 -5.220021e-02 -4.922570e+00 -9.999187e-01 -3.903502e-03 1.214434e-02 -4.133785e+01
1.878440e-02 6.076957e-02 9.979750e-01 1.511367e+02 -7.115607e-03 9.981340e-01 -6.064534e-02 -4.975189e+00 -9.997983e-01 -5.962013e-03 1.918176e-02 -4.130745e+01
2.218974e-02 6.436398e-02 9.976797e-01 1.518836e+02 -1.067848e-02 9.978838e-01 -6.413966e-02 -5.025972e+00 -9.996968e-01 -9.230458e-03 2.283008e-02 -4.127171e+01
2.219372e-02 6.086016e-02 9.978995e-01 1.526403e+02 -1.256480e-02 9.980835e-01 -6.059195e-02 -5.085267e+00 -9.996748e-01 -1.119365e-02 2.291588e-02 -4.124316e+01
2.045747e-02 5.497074e-02 9.982784e-01 1.533945e+02 -1.520047e-02 9.983890e-01 -5.466535e-02 -5.150084e+00 -9.996752e-01 -1.405598e-02 2.126009e-02 -4.121665e+01
1.756130e-02 5.215584e-02 9.984845e-01 1.541484e+02 -1.364942e-02 9.985580e-01 -5.191963e-02 -5.204637e+00 -9.997526e-01 -1.271696e-02 1.824787e-02 -4.119287e+01
1.481687e-02 5.255732e-02 9.985080e-01 1.548963e+02 -1.108381e-02 9.985649e-01 -5.239586e-02 -5.253941e+00 -9.998288e-01 -1.029093e-02 1.537814e-02 -4.117199e+01
1.124625e-02 5.286943e-02 9.985381e-01 1.556412e+02 -9.789684e-03 9.985592e-01 -5.276030e-02 -5.309298e+00 -9.998889e-01 -9.182017e-03 1.174762e-02 -4.115767e+01
6.389337e-03 5.045509e-02 9.987059e-01 1.563926e+02 -1.101256e-02 9.986692e-01 -5.038280e-02 -5.366278e+00 -9.999190e-01 -1.067639e-02 6.936472e-03 -4.113867e+01
1.199615e-03 5.169393e-02 9.986622e-01 1.571395e+02 -1.082611e-02 9.986051e-01 -5.167798e-02 -5.416962e+00 -9.999407e-01 -1.074963e-02 1.757583e-03 -4.112929e+01
-4.773199e-03 4.970055e-02 9.987527e-01 1.578857e+02 -1.210913e-02 9.986880e-01 -4.975521e-02 -5.470893e+00 -9.999153e-01 -1.233152e-02 -4.165108e-03 -4.112225e+01
-1.074993e-02 4.589409e-02 9.988885e-01 1.586302e+02 -1.067932e-02 9.988839e-01 -4.600882e-02 -5.528080e+00 -9.998852e-01 -1.116204e-02 -1.024781e-02 -4.112149e+01
-1.593767e-02 4.683018e-02 9.987757e-01 1.593643e+02 -1.069640e-02 9.988374e-01 -4.700378e-02 -5.577823e+00 -9.998158e-01 -1.143244e-02 -1.541823e-02 -4.112304e+01
-2.139593e-02 4.793854e-02 9.986211e-01 1.600952e+02 -1.220626e-02 9.987628e-01 -4.820688e-02 -5.628365e+00 -9.996966e-01 -1.322085e-02 -2.078431e-02 -4.112638e+01
-2.558249e-02 4.989856e-02 9.984266e-01 1.608215e+02 -1.305593e-02 9.986516e-01 -5.024435e-02 -5.683305e+00 -9.995875e-01 -1.432077e-02 -2.489653e-02 -4.113308e+01
-2.820504e-02 5.178909e-02 9.982597e-01 1.615415e+02 -1.324531e-02 9.985499e-01 -5.217840e-02 -5.738588e+00 -9.995144e-01 -1.469396e-02 -2.747818e-02 -4.114341e+01
-2.992572e-02 5.385780e-02 9.981001e-01 1.622559e+02 -1.048767e-02 9.984754e-01 -5.419251e-02 -5.787286e+00 -9.994971e-01 -1.208949e-02 -2.931525e-02 -4.115910e+01
-2.940260e-02 5.265598e-02 9.981797e-01 1.629748e+02 -6.988320e-03 9.985763e-01 -5.288276e-02 -5.840496e+00 -9.995433e-01 -8.530491e-03 -2.899277e-02 -4.117304e+01
-2.561126e-02 4.858595e-02 9.984906e-01 1.636911e+02 -4.532311e-03 9.988023e-01 -4.871738e-02 -5.895410e+00 -9.996617e-01 -5.773185e-03 -2.536039e-02 -4.118458e+01
-1.844503e-02 4.780467e-02 9.986864e-01 1.643994e+02 -3.509500e-03 9.988470e-01 -4.787719e-02 -5.950404e+00 -9.998238e-01 -4.387988e-03 -1.825599e-02 -4.118595e+01
-7.418425e-03 4.895510e-02 9.987734e-01 1.650989e+02 -6.486812e-04 9.988004e-01 -4.896126e-02 -6.001598e+00 -9.999723e-01 -1.011103e-03 -7.377772e-03 -4.118391e+01
7.121354e-03 4.909733e-02 9.987686e-01 1.657946e+02 2.005095e-03 9.987912e-01 -4.911275e-02 -6.048437e+00 -9.999727e-01 2.352372e-03 7.014299e-03 -4.116984e+01
2.243953e-02 4.734927e-02 9.986263e-01 1.664858e+02 1.627255e-03 9.988748e-01 -4.739763e-02 -6.093238e+00 -9.997469e-01 2.688598e-03 2.233723e-02 -4.113991e+01
3.841718e-02 4.215945e-02 9.983720e-01 1.671705e+02 -3.668784e-03 9.991088e-01 -4.204940e-02 -6.137223e+00 -9.992551e-01 -2.047394e-03 3.853761e-02 -4.109075e+01
5.491856e-02 3.570845e-02 9.978521e-01 1.678530e+02 -4.640811e-03 9.993586e-01 -3.550696e-02 -6.181673e+00 -9.984801e-01 -2.680854e-03 5.504906e-02 -4.103668e+01
7.192452e-02 2.868837e-02 9.969974e-01 1.685301e+02 -4.992049e-03 9.995841e-01 -2.840267e-02 -6.221562e+00 -9.973976e-01 -2.934213e-03 7.203782e-02 -4.097530e+01
8.957989e-02 2.108529e-02 9.957564e-01 1.692001e+02 -5.085528e-03 9.997725e-01 -2.071284e-02 -6.257878e+00 -9.959667e-01 -3.208495e-03 8.966674e-02 -4.090154e+01
1.069088e-01 1.506815e-02 9.941546e-01 1.698614e+02 -7.268466e-03 9.998703e-01 -1.437315e-02 -6.291791e+00 -9.942423e-01 -5.689364e-03 1.070044e-01 -4.081430e+01
1.247290e-01 1.224565e-02 9.921153e-01 1.705106e+02 -8.080796e-03 9.999032e-01 -1.132586e-02 -6.321698e+00 -9.921580e-01 -6.604419e-03 1.248159e-01 -4.071802e+01
1.428784e-01 1.125809e-02 9.896762e-01 1.711577e+02 -5.929431e-03 9.999271e-01 -1.051867e-02 -6.345942e+00 -9.897225e-01 -4.365327e-03 1.429347e-01 -4.061474e+01
1.603230e-01 1.051115e-02 9.870086e-01 1.717857e+02 -7.327816e-03 9.999284e-01 -9.458462e-03 -6.364809e+00 -9.870374e-01 -5.716209e-03 1.603886e-01 -4.049872e+01
1.765370e-01 1.027542e-02 9.842403e-01 1.724136e+02 -1.141853e-02 9.998996e-01 -8.390840e-03 -6.383917e+00 -9.842278e-01 -9.757280e-03 1.766366e-01 -4.036841e+01
1.909880e-01 6.265987e-03 9.815724e-01 1.730350e+02 -1.417264e-02 9.998930e-01 -3.625324e-03 -6.398487e+00 -9.814901e-01 -1.321907e-02 1.910563e-01 -4.023437e+01
2.033735e-01 2.554637e-03 9.790979e-01 1.736569e+02 -1.121446e-02 9.999371e-01 -2.796009e-04 -6.414475e+00 -9.790370e-01 -1.092319e-02 2.033893e-01 -4.010085e+01
2.143717e-01 1.172231e-03 9.767514e-01 1.742720e+02 -8.049952e-03 9.999674e-01 5.666596e-04 -6.429852e+00 -9.767190e-01 -7.984279e-03 2.143741e-01 -3.996162e+01
2.242966e-01 4.603043e-03 9.745101e-01 1.748735e+02 -1.242665e-02 9.999210e-01 -1.862913e-03 -6.445461e+00 -9.744417e-01 -1.169205e-02 2.243360e-01 -3.980478e+01
2.507408e-01 2.761383e-02 9.676603e-01 1.766443e+02 -1.156988e-02 9.996071e-01 -2.552750e-02 -6.491511e+00 -9.679852e-01 -4.794929e-03 2.509618e-01 -3.933728e+01
2.633123e-01 1.927849e-02 9.645180e-01 1.778409e+02 -1.299897e-02 9.997804e-01 -1.643461e-02 -6.523425e+00 -9.646231e-01 -8.210305e-03 2.635051e-01 -3.899819e+01
2.676021e-01 8.850193e-03 9.634888e-01 1.784457e+02 -1.648521e-02 9.998535e-01 -4.605580e-03 -6.542753e+00 -9.633885e-01 -1.465085e-02 2.677088e-01 -3.881772e+01
2.697649e-01 -2.181280e-04 9.629262e-01 1.790512e+02 -1.869834e-02 9.998102e-01 5.464843e-03 -6.563672e+00 -9.627447e-01 -1.947935e-02 2.697096e-01 -3.863782e+01
2.721595e-01 1.350028e-03 9.622512e-01 1.802453e+02 -1.118572e-02 9.999359e-01 1.760825e-03 -6.587494e+00 -9.621872e-01 -1.124270e-02 2.721571e-01 -3.829850e+01
2.737821e-01 6.608061e-04 9.617915e-01 1.808424e+02 -7.395574e-03 9.999716e-01 1.418172e-03 -6.589823e+00 -9.617633e-01 -7.501271e-03 2.737792e-01 -3.813009e+01
2.755044e-01 -5.198351e-04 9.612997e-01 1.814417e+02 -9.752904e-03 9.999468e-01 3.335872e-03 -6.592495e+00 -9.612504e-01 -1.029451e-02 2.754847e-01 -3.795387e+01
2.812820e-01 -9.933839e-03 9.595737e-01 1.826545e+02 -9.451389e-03 9.998692e-01 1.312150e-02 -6.610135e+00 -9.595786e-01 -1.276015e-02 2.811513e-01 -3.758509e+01
2.854496e-01 -1.319170e-02 9.583029e-01 1.832678e+02 -8.168759e-03 9.998354e-01 1.619665e-02 -6.618163e+00 -9.583590e-01 -1.245147e-02 2.852948e-01 -3.739323e+01
2.915850e-01 -1.483620e-02 9.564299e-01 1.838831e+02 -6.154848e-03 9.998299e-01 1.738584e-02 -6.622539e+00 -9.565252e-01 -1.095613e-02 2.914440e-01 -3.719587e+01
3.090409e-01 -2.005231e-02 9.508373e-01 1.851118e+02 -1.794040e-03 9.997636e-01 2.166722e-02 -6.625315e+00 -9.510471e-01 -8.401897e-03 3.089318e-01 -3.678729e+01
3.201495e-01 -1.842127e-02 9.471879e-01 1.857206e+02 -2.834842e-03 9.997878e-01 2.040244e-02 -6.626474e+00 -9.473628e-01 -9.216958e-03 3.200293e-01 -3.656856e+01
3.316651e-01 -1.467498e-02 9.432830e-01 1.863264e+02 -4.382711e-03 9.998442e-01 1.709592e-02 -6.629118e+00 -9.433870e-01 -9.804256e-03 3.315492e-01 -3.633625e+01
3.432085e-01 -1.111094e-02 9.391935e-01 1.869372e+02 -5.265825e-03 9.998915e-01 1.375330e-02 -6.630873e+00 -9.392445e-01 -9.665878e-03 3.431128e-01 -3.609759e+01
3.887283e-01 -1.568235e-02 9.212190e-01 1.894089e+02 -5.481008e-03 9.997981e-01 1.933287e-02 -6.647317e+00 -9.213362e-01 -1.256444e-02 3.885638e-01 -3.503211e+01
3.983480e-01 -1.704230e-02 9.170760e-01 1.900333e+02 -9.711319e-03 9.996929e-01 2.279587e-02 -6.646563e+00 -9.171830e-01 -1.798671e-02 3.980602e-01 -3.474499e+01
4.055952e-01 -1.546073e-02 9.139220e-01 1.906582e+02 -1.296926e-02 9.996589e-01 2.266684e-02 -6.645353e+00 -9.139608e-01 -2.104645e-02 4.052563e-01 -3.445351e+01
4.100166e-01 -1.801138e-02 9.119002e-01 1.912983e+02 -1.376782e-02 9.995688e-01 2.593337e-02 -6.646441e+00 -9.119742e-01 -2.318799e-02 4.095918e-01 -3.415828e+01
4.125364e-01 -2.260343e-02 9.106606e-01 1.919509e+02 -1.115059e-02 9.994919e-01 2.985961e-02 -6.642430e+00 -9.108729e-01 -2.247258e-02 4.120748e-01 -3.386698e+01
4.128004e-01 -2.084626e-02 9.105829e-01 1.925985e+02 -6.834500e-03 9.996390e-01 2.598338e-02 -6.636461e+00 -9.107959e-01 -1.694933e-02 4.125089e-01 -3.357701e+01
4.116063e-01 -2.110116e-02 9.111174e-01 1.932543e+02 -5.652744e-03 9.996536e-01 2.570531e-02 -6.629339e+00 -9.113443e-01 -1.573078e-02 4.113444e-01 -3.328043e+01
4.108463e-01 -1.998333e-02 9.114856e-01 1.939224e+02 -2.138460e-03 9.997359e-01 2.288202e-02 -6.624605e+00 -9.117021e-01 -1.135017e-02 4.106951e-01 -3.298431e+01
4.106521e-01 -2.116231e-02 9.115465e-01 1.946076e+02 1.910107e-03 9.997484e-01 2.234948e-02 -6.620022e+00 -9.117901e-01 -7.436712e-03 4.105892e-01 -3.268987e+01
4.099903e-01 -2.768885e-02 9.116695e-01 1.952935e+02 5.156070e-03 9.995935e-01 2.804049e-02 -6.613679e+00 -9.120753e-01 -6.795698e-03 4.099664e-01 -3.239218e+01
4.089264e-01 -3.061864e-02 9.120535e-01 1.959819e+02 5.803287e-03 9.995040e-01 3.095250e-02 -6.607632e+00 -9.125489e-01 -7.364387e-03 4.089013e-01 -3.209196e+01
4.073120e-01 -3.308073e-02 9.126897e-01 1.966689e+02 5.723554e-03 9.994166e-01 3.366989e-02 -6.601884e+00 -9.132712e-01 -8.490324e-03 4.072638e-01 -3.178881e+01
4.059481e-01 -3.360882e-02 9.132779e-01 1.973577e+02 5.665259e-03 9.993969e-01 3.425984e-02 -6.590085e+00 -9.138786e-01 -8.733760e-03 4.058937e-01 -3.148450e+01
4.040100e-01 -3.358043e-02 9.141380e-01 1.980447e+02 4.209339e-03 9.993836e-01 3.485154e-02 -6.577998e+00 -9.147449e-01 -1.023246e-02 4.039023e-01 -3.117947e+01
4.022820e-01 -3.283317e-02 9.149269e-01 1.987286e+02 3.350705e-03 9.994028e-01 3.439143e-02 -6.568027e+00 -9.155097e-01 -1.076940e-02 4.021517e-01 -3.087810e+01
4.010300e-01 -2.985148e-02 9.155784e-01 1.994136e+02 3.828128e-03 9.995148e-01 3.091139e-02 -6.558335e+00 -9.160570e-01 -8.891445e-03 4.009497e-01 -3.057849e+01
4.002981e-01 -2.379988e-02 9.160759e-01 2.000964e+02 4.663276e-03 9.997026e-01 2.393481e-02 -6.544179e+00 -9.163732e-01 -5.309144e-03 4.002900e-01 -3.028273e+01
3.993286e-01 -1.998389e-02 9.165900e-01 2.007784e+02 2.298429e-03 9.997811e-01 2.079631e-02 -6.530959e+00 -9.168050e-01 -6.197846e-03 3.992871e-01 -2.998209e+01
3.978412e-01 -2.255812e-02 9.171769e-01 2.014645e+02 9.054686e-04 9.997068e-01 2.419520e-02 -6.520036e+00 -9.174539e-01 -8.795372e-03 3.977450e-01 -2.967879e+01
3.967251e-01 -2.587147e-02 9.175728e-01 2.021490e+02 -1.166700e-03 9.995877e-01 2.868837e-02 -6.508843e+00 -9.179368e-01 -1.245193e-02 3.965313e-01 -2.937762e+01
3.943686e-01 -2.589240e-02 9.185875e-01 2.028328e+02 -4.853155e-03 9.995303e-01 3.025751e-02 -6.500732e+00 -9.189396e-01 -1.639066e-02 3.940577e-01 -2.907468e+01
3.896662e-01 -2.534916e-02 9.206072e-01 2.035186e+02 -7.896098e-03 9.994924e-01 3.086348e-02 -6.489796e+00 -9.209224e-01 -1.929566e-02 3.892682e-01 -2.877610e+01
3.833293e-01 -2.641000e-02 9.232341e-01 2.042052e+02 -7.201342e-03 9.994752e-01 3.158097e-02 -6.476282e+00 -9.235837e-01 -1.875443e-02 3.829380e-01 -2.849044e+01
3.746191e-01 -2.683420e-02 9.267904e-01 2.048965e+02 -7.432096e-03 9.994621e-01 3.194247e-02 -6.466747e+00 -9.271491e-01 -1.885425e-02 3.742181e-01 -2.821234e+01
3.647463e-01 -2.635402e-02 9.307339e-01 2.055855e+02 -5.491692e-03 9.995211e-01 3.045390e-02 -6.460876e+00 -9.310908e-01 -1.621925e-02 3.644269e-01 -2.794682e+01
3.542582e-01 -2.316800e-02 9.348606e-01 2.062804e+02 -5.509685e-03 9.996240e-01 2.686084e-02 -6.457291e+00 -9.351314e-01 -1.466646e-02 3.539974e-01 -2.768336e+01
3.427197e-01 -2.215805e-02 9.391763e-01 2.069776e+02 -8.461807e-03 9.996084e-01 2.667167e-02 -6.451620e+00 -9.393996e-01 -1.708803e-02 3.423980e-01 -2.742532e+01
3.317271e-01 -3.012798e-02 9.428942e-01 2.076847e+02 -4.646319e-03 9.994256e-01 3.356897e-02 -6.442866e+00 -9.433640e-01 -1.551672e-02 3.313966e-01 -2.718172e+01
3.230834e-01 -3.965624e-02 9.455392e-01 2.083951e+02 4.992930e-04 9.991286e-01 4.173320e-02 -6.431564e+00 -9.463704e-01 -1.301120e-02 3.228217e-01 -2.694940e+01
3.158376e-01 -4.520750e-02 9.477357e-01 2.090997e+02 1.448764e-03 9.988861e-01 4.716460e-02 -6.412693e+00 -9.488122e-01 -1.352331e-02 3.155513e-01 -2.671654e+01
3.111929e-01 -4.623932e-02 9.492212e-01 2.098040e+02 -4.290689e-03 9.987371e-01 5.005805e-02 -6.390837e+00 -9.503371e-01 -1.965052e-02 3.106015e-01 -2.647707e+01
3.087288e-01 -4.828838e-02 9.499235e-01 2.105114e+02 -3.849933e-03 9.986388e-01 5.201602e-02 -6.368113e+00 -9.511423e-01 -1.971599e-02 3.081227e-01 -2.624826e+01
3.070539e-01 -4.906204e-02 9.504266e-01 2.112267e+02 -2.654330e-03 9.986222e-01 5.240749e-02 -6.344077e+00 -9.516885e-01 -1.861467e-02 3.065006e-01 -2.601616e+01
3.060417e-01 -4.754023e-02 9.508304e-01 2.119378e+02 -2.550289e-03 9.987079e-01 5.075491e-02 -6.316282e+00 -9.520147e-01 -1.795801e-02 3.055251e-01 -2.578235e+01
3.056395e-01 -4.495687e-02 9.510854e-01 2.126531e+02 -5.827151e-03 9.987776e-01 4.908385e-02 -6.288388e+00 -9.521295e-01 -2.054408e-02 3.050039e-01 -2.554273e+01
3.060927e-01 -4.594010e-02 9.508926e-01 2.133746e+02 -6.699474e-03 9.987063e-01 5.040668e-02 -6.266484e+00 -9.519782e-01 -2.179959e-02 3.053890e-01 -2.530655e+01
3.078653e-01 -4.698159e-02 9.502693e-01 2.140992e+02 -7.345132e-03 9.986329e-01 5.175237e-02 -6.250693e+00 -9.514016e-01 -2.291261e-02 3.070993e-01 -2.507414e+01
3.092072e-01 -4.879533e-02 9.497420e-01 2.148260e+02 -5.912039e-03 9.985648e-01 5.322851e-02 -6.233950e+00 -9.509764e-01 -2.207354e-02 3.084749e-01 -2.484157e+01
3.107108e-01 -4.984750e-02 9.491965e-01 2.155565e+02 -2.315998e-03 9.985812e-01 5.319909e-02 -6.215613e+00 -9.505017e-01 -1.872787e-02 3.101545e-01 -2.461008e+01
3.137378e-01 -5.111714e-02 9.481327e-01 2.162920e+02 -1.125066e-03 9.985291e-01 5.420648e-02 -6.192151e+00 -9.495090e-01 -1.807333e-02 3.132188e-01 -2.436727e+01
3.180156e-01 -5.286120e-02 9.466107e-01 2.170259e+02 -1.996011e-03 9.984049e-01 5.642410e-02 -6.170889e+00 -9.480834e-01 -1.983319e-02 3.174028e-01 -2.411545e+01
3.230288e-01 -5.689908e-02 9.446771e-01 2.177641e+02 -4.223889e-03 9.980944e-01 6.156082e-02 -6.141465e+00 -9.463797e-01 -2.387613e-02 3.221729e-01 -2.385283e+01
3.282599e-01 -6.053182e-02 9.426459e-01 2.184996e+02 -4.871244e-03 9.978228e-01 6.577132e-02 -6.107629e+00 -9.445749e-01 -2.618194e-02 3.272503e-01 -2.358866e+01
3.327024e-01 -6.076179e-02 9.410723e-01 2.192373e+02 -5.425419e-03 9.977822e-01 6.634144e-02 -6.076588e+00 -9.430163e-01 -2.717766e-02 3.316349e-01 -2.331785e+01
3.371821e-01 -5.710597e-02 9.397059e-01 2.199730e+02 -1.173154e-02 9.978262e-01 6.484743e-02 -6.048783e+00 -9.413664e-01 -3.288959e-02 3.357792e-01 -2.303739e+01
3.418597e-01 -5.038622e-02 9.383993e-01 2.207081e+02 -1.520605e-02 9.981343e-01 5.913321e-02 -6.010950e+00 -9.396280e-01 -3.448460e-02 3.404557e-01 -2.275294e+01
3.464712e-01 -4.688015e-02 9.368884e-01 2.214455e+02 -1.903753e-02 9.981933e-01 5.698802e-02 -5.978570e+00 -9.378674e-01 -3.758074e-02 3.449528e-01 -2.246604e+01
3.510153e-01 -4.710914e-02 9.351839e-01 2.221872e+02 -2.139032e-02 9.980696e-01 5.830568e-02 -5.953439e+00 -9.361254e-01 -4.047007e-02 3.493300e-01 -2.217504e+01
3.550355e-01 -4.539201e-02 9.337501e-01 2.229246e+02 -2.339810e-02 9.980761e-01 5.741562e-02 -5.925935e+00 -9.345600e-01 -4.223256e-02 3.532904e-01 -2.188097e+01
3.590748e-01 -4.244954e-02 9.323429e-01 2.236673e+02 -2.359062e-02 9.982331e-01 5.453502e-02 -5.900824e+00 -9.330106e-01 -4.157670e-02 3.574389e-01 -2.158401e+01
3.636809e-01 -4.191318e-02 9.305802e-01 2.244110e+02 -2.353902e-02 9.982547e-01 5.416054e-02 -5.878524e+00 -9.312262e-01 -4.160210e-02 3.620596e-01 -2.128566e+01
3.682591e-01 -4.356725e-02 9.287018e-01 2.251519e+02 -2.357618e-02 9.981426e-01 5.617355e-02 -5.852608e+00 -9.294243e-01 -4.258166e-02 3.665480e-01 -2.098574e+01
3.725662e-01 -4.408715e-02 9.269578e-01 2.258876e+02 -2.003802e-02 9.982558e-01 5.553192e-02 -5.821468e+00 -9.277893e-01 -3.926371e-02 3.710330e-01 -2.068760e+01
3.768692e-01 -4.400715e-02 9.252205e-01 2.266172e+02 -1.680582e-02 9.983814e-01 5.433248e-02 -5.786416e+00 -9.261141e-01 -3.602532e-02 3.755196e-01 -2.038914e+01
3.810629e-01 -4.139743e-02 9.236218e-01 2.273444e+02 -1.705246e-02 9.985124e-01 5.178950e-02 -5.748608e+00 -9.243919e-01 -3.548508e-02 3.797901e-01 -2.008115e+01
3.853593e-01 -4.194035e-02 9.218130e-01 2.280720e+02 -2.167999e-02 9.982793e-01 5.448261e-02 -5.713135e+00 -9.225119e-01 -4.098027e-02 3.837870e-01 -1.976164e+01
3.900093e-01 -4.235278e-02 9.198364e-01 2.287943e+02 -2.485670e-02 9.980934e-01 5.649524e-02 -5.670054e+00 -9.204754e-01 -4.489775e-02 3.882129e-01 -1.944196e+01
3.940139e-01 -4.017104e-02 9.182262e-01 2.295083e+02 -2.259501e-02 9.983191e-01 5.337059e-02 -5.635042e+00 -9.188267e-01 -4.177608e-02 3.924440e-01 -1.912990e+01
3.980192e-01 -3.372531e-02 9.167569e-01 2.302202e+02 -2.120418e-02 9.987188e-01 4.594651e-02 -5.598456e+00 -9.171320e-01 -3.772667e-02 3.967942e-01 -1.881336e+01
4.012920e-01 -2.706310e-02 9.155503e-01 2.309318e+02 -2.680599e-02 9.987882e-01 4.127281e-02 -5.563405e+00 -9.155579e-01 -4.110468e-02 4.000803e-01 -1.848487e+01
4.043258e-01 -2.712394e-02 9.142127e-01 2.316515e+02 -3.360268e-02 9.984448e-01 4.448438e-02 -5.531661e+00 -9.139976e-01 -4.870618e-02 4.027855e-01 -1.814959e+01
4.070088e-01 -3.717350e-02 9.126675e-01 2.323801e+02 -3.365391e-02 9.978828e-01 5.565252e-02 -5.500836e+00 -9.128041e-01 -5.336589e-02 4.048961e-01 -1.781958e+01
4.088937e-01 -4.922212e-02 9.112536e-01 2.331128e+02 -2.952598e-02 9.973080e-01 6.711920e-02 -5.462204e+00 -9.121043e-01 -5.435027e-02 4.063396e-01 -1.749136e+01
4.105196e-01 -5.744662e-02 9.100404e-01 2.338426e+02 -3.020588e-02 9.966091e-01 7.653720e-02 -5.421735e+00 -9.113514e-01 -5.890858e-02 4.073923e-01 -1.715509e+01
4.126278e-01 -6.019533e-02 9.089086e-01 2.345679e+02 -3.229844e-02 9.962198e-01 8.064069e-02 -5.383327e+00 -9.103270e-01 -6.263091e-02 4.091237e-01 -1.681799e+01
4.153935e-01 -5.591546e-02 9.079216e-01 2.352837e+02 -3.137485e-02 9.966343e-01 7.573362e-02 -5.338707e+00 -9.091006e-01 -5.994514e-02 4.122411e-01 -1.648612e+01
4.195373e-01 -4.978536e-02 9.063718e-01 2.359993e+02 -2.995997e-02 9.971914e-01 6.864166e-02 -5.291877e+00 -9.072436e-01 -5.595260e-02 4.168674e-01 -1.615219e+01
4.237905e-01 -4.537694e-02 9.046229e-01 2.367130e+02 -2.966153e-02 9.975133e-01 6.393204e-02 -5.248129e+00 -9.052745e-01 -5.392628e-02 4.213907e-01 -1.580991e+01
4.320457e-01 -4.109249e-02 9.009150e-01 2.381367e+02 -2.748834e-02 9.978972e-01 5.869844e-02 -5.166998e+00 -9.014327e-01 -5.012507e-02 4.300077e-01 -1.511758e+01
4.359106e-01 -4.248065e-02 8.989868e-01 2.388518e+02 -2.558671e-02 9.978966e-01 5.956129e-02 -5.126556e+00 -8.996262e-01 -4.896550e-02 4.339068e-01 -1.476521e+01
4.422831e-01 -5.300698e-02 8.953077e-01 2.402931e+02 -2.285280e-02 9.972618e-01 7.033252e-02 -5.054711e+00 -8.965844e-01 -5.156716e-02 4.398606e-01 -1.404673e+01
4.447832e-01 -5.855616e-02 8.937220e-01 2.410170e+02 -2.093866e-02 9.969079e-01 7.573751e-02 -5.014917e+00 -8.953935e-01 -5.240011e-02 4.421819e-01 -1.368347e+01
4.467101e-01 -6.400536e-02 8.923863e-01 2.417404e+02 -1.891004e-02 9.965394e-01 8.094161e-02 -4.967915e+00 -8.944789e-01 -5.303249e-02 4.439539e-01 -1.331751e+01
4.482185e-01 -7.073476e-02 8.911211e-01 2.424684e+02 -1.738210e-02 9.959863e-01 8.780159e-02 -4.919889e+00 -8.937551e-01 -5.484384e-02 4.451900e-01 -1.294865e+01
4.499426e-01 -7.212526e-02 8.901402e-01 2.431894e+02 -1.735029e-02 9.958393e-01 8.945985e-02 -4.866153e+00 -8.928890e-01 -5.569598e-02 4.468191e-01 -1.257871e+01
4.517406e-01 -6.156375e-02 8.900226e-01 2.438927e+02 -2.573646e-02 9.963018e-01 8.197801e-02 -4.820597e+00 -8.917780e-01 -5.993882e-02 4.484856e-01 -1.220269e+01
4.526185e-01 -4.821999e-02 8.903995e-01 2.445980e+02 -2.810887e-02 9.972690e-01 6.829619e-02 -4.768203e+00 -8.912612e-01 -5.594024e-02 4.500270e-01 -1.183273e+01
4.534854e-01 -3.867468e-02 8.904242e-01 2.453039e+02 -2.781570e-02 9.979572e-01 5.751158e-02 -4.715412e+00 -8.908296e-01 -5.084842e-02 4.514833e-01 -1.146869e+01
4.534387e-01 -4.106321e-02 8.903410e-01 2.460241e+02 -2.764379e-02 9.978096e-01 6.009836e-02 -4.666974e+00 -8.908587e-01 -5.186331e-02 4.513104e-01 -1.109793e+01
4.550436e-01 -4.892877e-02 8.891239e-01 2.474682e+02 -2.710753e-02 9.972653e-01 6.875317e-02 -4.585009e+00 -8.900565e-01 -5.538763e-02 4.524729e-01 -1.034967e+01
