1.000000000000000000e+00 0.000000000000000000e+00 0.000000000000000000e+00 0.000000000000000000e+00 0.000000000000000000e+00 1.000000000000000000e+00 0.000000000000000000e+00 0.000000000000000000e+00 0.000000000000000000e+00 0.000000000000000000e+00 1.000000000000000000e+00 0.000000000000000000e+00
9.998666721440006011e-01 3.303230671219691255e-03 -1.599145405566035696e-02 -8.446000000000000382e-04 -3.295349418794520698e-03 9.999944355534868823e-01 5.191669011873273950e-04 -5.934000000000000039e-04 1.599308000010108213e-02 -4.664002529494866672e-04 9.998719937386557621e-01 4.116729999999999695e-02
9.997394064023574778e-01 8.045535005253533212e-03 -2.136325473192603533e-02 -1.538199999999999984e-03 -8.039415840877372349e-03 9.999676140669568891e-01 3.723038748031467409e-04 -6.803000000000000019e-04 2.136555824684602603e-02 -2.004587662924508639e-04 9.997717103104506453e-01 6.228779999999999734e-02
9.996666843522419299e-01 1.131714594333947319e-02 -2.320436174283440831e-02 -2.229899999999999938e-03 -1.127976450300732791e-02 9.999348654021333882e-01 1.741225423124731107e-03 -1.048899999999999963e-03 2.322255603829729079e-02 -1.478905309543164731e-03 9.997292262058430357e-01 8.421710000000000307e-02
9.996347955402108409e-01 1.446328698127760139e-02 -2.282737117974894051e-02 -2.982100000000000115e-03 -1.440084926219781063e-02 9.998921049392039961e-01 2.897243651323990702e-03 -1.234300000000000024e-03 2.286681188553147184e-02 -2.567452033609628117e-03 9.997352234988255981e-01 1.062294000000000016e-01
9.996437213122520982e-01 1.537731363036864453e-02 -2.181670613327808469e-02 -3.582699999999999860e-03 -1.530350946490229187e-02 9.998766071175565484e-01 3.545861974340867515e-03 -1.433800000000000048e-03 2.186853993869231419e-02 -3.210726490486101072e-03 9.997556992567500078e-01 1.287774999999999892e-01
9.996541891396178992e-01 1.599552529250941602e-02 -2.087211791433398952e-02 -4.845399999999999707e-03 -1.590003168994467975e-02 9.998623836960770506e-01 4.733145028163837816e-03 -1.852899999999999990e-03 2.094495471162268266e-02 -4.399640918935163007e-03 9.997709497839555315e-01 1.741660999999999904e-01
9.996328277266748330e-01 1.626663330284899150e-02 -2.167040313798369866e-02 -4.983500000000000082e-03 -1.614786847558542099e-02 9.998536835251260468e-01 5.644278955926693674e-03 -2.013399999999999825e-03 2.175904581702249596e-02 -5.292275713506090946e-03 9.997492364302685841e-01 1.980134000000000061e-01
9.996441409801557487e-01 1.740988274184804285e-02 -2.021107090091143338e-02 -6.096899999999999716e-03 -1.730611622547858358e-02 9.998362026362928034e-01 5.297757924661523725e-03 -2.037600000000000088e-03 2.029999372504321525e-02 -4.946097527666520714e-03 9.997816993594201840e-01 2.196062000000000014e-01
9.995002699937809432e-01 2.152079811464212289e-02 -2.315308901351889256e-02 -8.300300000000000039e-03 -2.132506807712881980e-02 9.997350210327936582e-01 8.667709735882701133e-03 -2.881599999999999787e-03 2.333348996324670008e-02 -8.169637021833368873e-03 9.996943559293843817e-01 3.139063999999999743e-01
9.993183517839417940e-01 2.030181399201976336e-02 -3.083290671440806416e-02 -1.057400000000000007e-02 -1.987357690092890136e-02 9.997026123279069143e-01 1.413251024841255706e-02 -3.494800000000000163e-03 3.111065298235999102e-02 -1.351011670534534546e-02 9.994246364872235722e-01 3.831967000000000012e-01
9.992482155075332884e-01 1.972421707469518629e-02 -3.337602531459691463e-02 -1.140210000000000008e-02 -1.926875343415858019e-02 9.997175246592101550e-01 1.391351969686135080e-02 -3.526899999999999914e-03 3.364103069324590051e-02 -1.325994532611841741e-02 9.993460136028183838e-01 4.063238000000000127e-01
9.992240716525832012e-01 2.020909476976911340e-02 -3.380602192834578079e-02 -1.240780000000000008e-02 -1.976469054209112342e-02 9.997144731285684260e-01 1.342867175279189619e-02 -3.665299999999999808e-03 3.406775070075332423e-02 -1.275008650383784893e-02 9.993381928338054276e-01 4.291011000000000131e-01
9.993040214954693745e-01 2.184860089017244544e-02 -3.023427297165106470e-02 -1.392520000000000042e-02 -2.159064375531542096e-02 9.997278802201355896e-01 8.832305066356696543e-03 -4.174500000000000259e-03 3.041901913628073523e-02 -8.173380554953174615e-03 9.995038164634942879e-01 4.753770999999999969e-01
9.995724124224989460e-01 2.266575567991547732e-02 -1.847311136013985930e-02 -1.516950000000000069e-02 -2.250338547244460155e-02 9.997066996386815285e-01 8.950549693372581925e-03 -4.385400000000000235e-03 1.867056416245417919e-02 -8.531015003699267754e-03 9.997892937098608046e-01 5.210719000000000323e-01
9.996994908368480592e-01 2.124282507636024095e-02 -1.223398558614166923e-02 -1.538070000000000062e-02 -2.109160108145151716e-02 9.997011411612505283e-01 1.236012640365180201e-02 -4.664399999999999970e-03 1.249289335453059382e-02 -1.209837772879066020e-02 9.998487670002718097e-01 5.440726999999999647e-01
9.996634401882054100e-01 2.528395702587321950e-02 -5.807569904542321526e-03 -1.579639999999999864e-02 -2.520714765013526773e-02 9.995985152580504352e-01 1.293862439541094804e-02 -4.804700000000000290e-03 6.132377877025326982e-03 -1.278787750234726579e-02 9.998994270078158664e-01 5.665434999999999777e-01
9.997259944940302123e-01 2.265273032413883669e-02 5.898282952181186679e-03 -1.585249999999999854e-02 -2.269900119680933609e-02 9.997111330791853545e-01 7.899730514303222179e-03 -4.890799999999999835e-03 -5.717628668372815200e-03 -8.031451076437306352e-03 9.999514010770810257e-01 6.113977000000000439e-01
9.996530407100603366e-01 2.383352637393921711e-02 1.121433099713923555e-02 -1.570869999999999905e-02 -2.389773524964142540e-02 9.996985729525135200e-01 5.626854062985328468e-03 -5.068300000000000409e-03 -1.107684291974476466e-02 -5.892898886866520906e-03 9.999212855488378571e-01 6.337688999999999684e-01
9.995544303199441760e-01 2.542000081372244522e-02 1.564494763181512038e-02 -1.545670000000000030e-02 -2.549776721313770991e-02 9.996633963323713346e-01 4.791440323427681447e-03 -5.413499999999999909e-03 -1.551788306814195877e-02 -5.188216635673517999e-03 9.998661298960100918e-01 6.558861999999999748e-01
9.995234842152810328e-01 2.414563241937831700e-02 1.923000096757834440e-02 -1.481460000000000068e-02 -2.426556038945096999e-02 9.996873755612730728e-01 6.027746046413373637e-03 -5.634499999999999752e-03 -1.907844545896507718e-02 -6.491500480043953247e-03 9.997969160486477325e-01 6.783246000000000553e-01
9.994700900649534647e-01 2.361545931647963947e-02 2.240198979612227637e-02 -1.434580000000000057e-02 -2.394175702955911311e-02 9.996094827692247886e-01 1.441090657039204373e-02 -5.758000000000000097e-03 -2.205292125527655300e-02 -1.493961308450478601e-02 9.996451753622351832e-01 7.005761999999999823e-01
9.993835609173864487e-01 2.427746261388808585e-02 2.535947509543160297e-02 -1.386820000000000067e-02 -2.489996312106428078e-02 9.993890300015717543e-01 2.452669054494094336e-02 -5.881299999999999896e-03 -2.474853540422520051e-02 -2.514302132896766712e-02 9.993774754685023076e-01 7.227535000000000487e-01
9.993664779069074688e-01 2.272209123310024378e-02 2.739250638289977835e-02 -1.341610000000000025e-02 -2.345832662065678101e-02 9.993638567913282200e-01 2.686240218819417949e-02 -5.843899999999999963e-03 -2.676471087273541577e-02 -2.748796662462290805e-02 9.992637599466631659e-01 7.444482999999999517e-01
9.993165055472609248e-01 2.325078579414506172e-02 2.873887090276735709e-02 -1.286840000000000032e-02 -2.387076911086940742e-02 9.994855204335929555e-01 2.142150381381774729e-02 -5.742999999999999841e-03 -2.822601854436273747e-02 -2.209288128661872005e-02 9.993573917641218607e-01 7.660487999999999742e-01
9.993139891531360730e-01 2.165588198036125928e-02 3.004286701529097769e-02 -1.221110000000000077e-02 -2.210497274375637644e-02 9.996476134197299634e-01 1.469759042278884036e-02 -5.661099999999999639e-03 -2.971399102853034685e-02 -1.535160447285334982e-02 9.994405469948002274e-01 7.876847000000000154e-01
9.994009820256437582e-01 1.646565637737087279e-02 3.043943636536422526e-02 -1.134220000000000020e-02 -1.688574608383111575e-02 9.997649870744300671e-01 1.359566840052227332e-02 -5.642199999999999993e-03 -3.020842110026762672e-02 -1.410151694417744947e-02 9.994441447697324232e-01 8.093038999999999650e-01
9.994607688781230737e-01 1.259035281714979831e-02 3.032580566927428264e-02 -1.051110000000000065e-02 -1.303629442660940788e-02 9.998091221646605575e-01 1.455246590628475091e-02 -5.825000000000000316e-03 -3.013679646501353851e-02 -1.493995489519682994e-02 9.994341255163122772e-01 8.309330000000000327e-01
9.994426684707289343e-01 1.385417741171183180e-02 3.037127274832813334e-02 -1.017120000000000003e-02 -1.440272372030952479e-02 9.997357255382585128e-01 1.791760675782975987e-02 -5.867200000000000366e-03 -3.011501269375390505e-02 -1.834504976108287944e-02 9.993780791871104130e-01 8.523340000000000360e-01
9.994547577861239152e-01 1.490940898714703498e-02 2.946008591865428156e-02 -9.543700000000000447e-03 -1.558480585813633475e-02 9.996178615671696965e-01 2.283078321571568176e-02 -5.735099999999999920e-03 -2.910843460313028430e-02 -2.327746462853685916e-02 9.993051879558229045e-01 8.739166999999999907e-01
9.994375294298131207e-01 1.755161337223190912e-02 2.857561259646177604e-02 -9.132899999999999352e-03 -1.838187003044565102e-02 9.994087512751428370e-01 2.905606182612315708e-02 -5.693799999999999729e-03 -2.804873653866032240e-02 -2.956499184324895557e-02 9.991692447407963806e-01 8.952890000000000015e-01
9.992589936896152381e-01 2.633729596933912301e-02 2.806795987315380270e-02 -8.922899999999999235e-03 -2.718056791561524257e-02 9.991773157239517422e-01 3.009831341559097984e-02 -5.418000000000000073e-03 -2.725216061530105760e-02 -3.083891346500310798e-02 9.991527816896151881e-01 9.165862000000000176e-01
9.990856635026140742e-01 3.364841444330940456e-02 2.637463154231228443e-02 -8.790199999999999750e-03 -3.446940799328666871e-02 9.989149488114533737e-01 3.131748638706199905e-02 -5.010900000000000423e-03 -2.529222995573525770e-02 -3.219796960155649201e-02 9.991614453417443364e-01 9.378068999999999988e-01
9.992493761514351647e-01 3.025494729601732949e-02 2.419343764501087971e-02 -8.364800000000000360e-03 -3.103914567575523017e-02 9.989823619263550336e-01 3.272326383110794185e-02 -4.794200000000000197e-03 -2.317877685916712102e-02 -3.344964460433422909e-02 9.991715896577307854e-01 9.589554999999999607e-01
9.994458245278187158e-01 2.624759025144398836e-02 2.047212348294582054e-02 -7.865499999999999228e-03 -2.688669514368379268e-02 9.991390830528855682e-01 3.159427702115791270e-02 -4.581700000000000182e-03 -1.962522504735396758e-02 -3.212719599080129940e-02 9.992910956371068298e-01 9.801178000000000390e-01
9.996198493141521535e-01 2.363016786408404096e-02 1.420464796701891366e-02 -7.632599999999999801e-03 -2.404281148407842045e-02 9.992721134474275013e-01 2.961733448932379192e-02 -4.344999999999999904e-03 -1.349444600911024750e-02 -2.994759511257342327e-02 9.994603751394451896e-01 1.001196699999999939e+00
9.998158250053709173e-01 1.851961940253938829e-02 5.033861938369524162e-03 -7.382900000000000400e-03 -1.866397793135185848e-02 9.993657295710746125e-01 3.032811379976782171e-02 -4.038800000000000376e-03 -4.469003983830121575e-03 -3.041648000769884078e-02 9.995273211610244957e-01 1.022248999999999963e+00
9.999282229520363163e-01 1.112239926754586723e-02 -4.454343780636137694e-03 -7.284299999999999629e-03 -1.097645818018042237e-02 9.994419870473885137e-01 3.154729612163902769e-02 -3.970500000000000071e-03 4.802739822387529049e-03 -3.149613883162388078e-02 9.994923346023707467e-01 1.043359399999999937e+00
9.997796326280479207e-01 1.352303275061787768e-02 -1.605658018854496522e-02 -7.732600000000000064e-03 -1.301425953576735434e-02 9.994228336628118159e-01 3.137879223506245818e-02 -3.591099999999999848e-03 1.647164930603935845e-02 -3.116291287125200204e-02 9.993785857374158921e-01 1.064318099999999934e+00
9.994638050934795404e-01 1.536395541449761537e-02 -2.891454966075654096e-02 -8.412400000000000433e-03 -1.440402123819002275e-02 9.993476001571245382e-01 3.311945398652633987e-02 -3.218700000000000120e-03 2.940453162750254409e-02 -3.268520971658578356e-02 9.990330578041699550e-01 1.085293700000000028e+00
9.989959445146265882e-01 1.534042514891237677e-02 -4.209244824882305003e-02 -9.406400000000000525e-03 -1.377207586770460776e-02 9.992092092172207840e-01 3.729994828133911811e-02 -2.874600000000000159e-03 4.263135899339146051e-02 -3.668279667292287383e-02 9.984172172286641667e-01 1.106026900000000035e+00
9.983726392553047280e-01 1.579020449098024817e-02 -5.479728668949036818e-02 -1.064580000000000040e-02 -1.371815939043430702e-02 9.991841348840123649e-01 3.798521684848520097e-02 -2.464899999999999904e-03 5.535237383650144782e-02 -3.717168328473748062e-02 9.977747143881946501e-01 1.127091300000000018e+00
9.975620270507121745e-01 1.523449208560182302e-02 -6.810222050247703718e-02 -1.224440000000000077e-02 -1.256805829665248730e-02 9.991440090465654178e-01 3.941183955372759562e-02 -1.978800000000000177e-03 6.864434497557837800e-02 -3.845984187760731476e-02 9.968995909647185849e-01 1.147853100000000071e+00
9.966101246966057037e-01 1.368388991930271151e-02 -8.112342762046315103e-02 -1.403229999999999929e-02 -1.052500096415781572e-02 9.991743890775454107e-01 3.923983392190250052e-02 -1.607799999999999941e-03 8.159340480039176113e-02 -3.825299162406019249e-02 9.959313354468214419e-01 1.168399100000000024e+00
9.953755858847656013e-01 1.354636504216237373e-02 -9.509962680633525511e-02 -1.596360000000000140e-02 -1.023770296738831138e-02 9.993280723662993914e-01 3.519365310120275286e-02 -1.358000000000000049e-03 9.551247281120557597e-02 -3.405730134348215060e-02 9.948454491842880776e-01 1.188936900000000074e+00
9.941095678605564867e-01 9.645769798671915279e-03 -1.079496466556920664e-01 -1.817699999999999871e-02 -6.857298062340447427e-03 9.996339167769281442e-01 2.617269364245517274e-02 -8.733000000000000311e-04 1.081625838790011562e-01 -2.527828226380543150e-02 9.938117849444176866e-01 1.209139600000000092e+00
9.925041887048805522e-01 8.561789081859932232e-03 -1.219103407057193500e-01 -2.071529999999999899e-02 -6.012425372502954758e-03 9.997558098138853433e-01 2.126432421974402617e-02 -5.777000000000000017e-04 1.220626320558708400e-01 -2.037195403244504086e-02 9.923133060402309358e-01 1.229493900000000028e+00
9.907726365091643617e-01 1.000582441356869315e-02 -1.351645893808143539e-01 -2.353780000000000108e-02 -6.767743483328442916e-03 9.996794926506522572e-01 2.439486876124711753e-02 -4.317999999999999790e-04 1.353653589099632903e-01 -2.325500917091708961e-02 9.905228034506007306e-01 1.249815899999999980e+00
9.889552637379238620e-01 1.269689067581495669e-02 -1.476694798941880771e-01 -2.670449999999999907e-02 -8.608794337474764621e-03 9.995626759333076095e-01 2.829037894939981715e-02 -2.928000000000000155e-04 1.479641003254123233e-01 -2.670666299281857295e-02 9.886320747207625326e-01 1.270109900000000014e+00
9.872733658888018793e-01 1.530211196130638884e-02 -1.582944925640800138e-01 -3.002000000000000154e-02 -1.118856134012828629e-02 9.995769822982966124e-01 2.684534511920105837e-02 -1.677000000000000105e-04 1.586383216682971664e-01 -2.473260659442245990e-02 9.870269403969231803e-01 1.290118300000000051e+00
9.860293792900722831e-01 1.933132177318652722e-02 -1.654459524295965878e-01 -3.368039999999999923e-02 -1.624860742328788910e-02 9.996686137847318188e-01 1.996610554205635601e-02 -7.900000000000000595e-06 1.657770971323804243e-01 -1.699890032367341874e-02 9.860167298043919226e-01 1.309800099999999912e+00
9.849233696253103520e-01 2.332800059070636728e-02 -1.714110858560910222e-01 -3.738120000000000331e-02 -2.145995705744550841e-02 9.996884924183553345e-01 1.274316951972358919e-02 6.210000000000000513e-05 1.716549626693525121e-01 -8.872570921430886215e-03 9.851171764192456770e-01 1.329650199999999893e+00
9.842189263591883952e-01 2.488005804751466585e-02 -1.751972822503788385e-01 -4.117849999999999983e-02 -2.357450014783818784e-02 9.996766634211506908e-01 9.529509637701980007e-03 1.399999999999999979e-05 1.753777293134626825e-01 -5.248935388036176687e-03 9.844872273108199456e-01 1.349347000000000074e+00
9.834529966983764915e-01 2.614314663628793459e-02 -1.792672283741138239e-01 -4.492050000000000209e-02 -2.483192290685797346e-02 9.996459780415767327e-01 9.554799320092646070e-03 -1.533999999999999882e-04 1.794535563585492322e-01 -4.945146029484626636e-03 9.837540173442831382e-01 1.369134300000000026e+00
9.825256687312554638e-01 2.687098568480886240e-02 -1.841772527011030225e-01 -4.876729999999999954e-02 -2.563263678566057163e-02 9.996299953590522813e-01 9.101665225415056515e-03 -1.446999999999999936e-04 1.843536769788266527e-01 -4.221671089500746848e-03 9.828509038901060979e-01 1.388630400000000042e+00
9.811687980663945652e-01 2.986303156976743631e-02 -1.908297383701237915e-01 -5.248699999999999893e-02 -2.783140061373822957e-02 9.995239057712033137e-01 1.331821803982907379e-02 -3.143999999999999985e-04 1.911366077987794454e-01 -7.756361088931497394e-03 9.815327992593185780e-01 1.408258299999999963e+00
9.801918785940214596e-01 2.942671220666065110e-02 -1.958518566341135858e-01 -5.671380000000000171e-02 -2.648356317154669168e-02 9.994937762058606623e-01 1.762986691633506089e-02 -4.149000000000000019e-04 1.962715007841477344e-01 -1.209379735465079993e-02 9.804750063339110477e-01 1.427761899999999917e+00
9.788778676809851698e-01 3.209939185284933078e-02 -2.019102503762622014e-01 -6.078940000000000038e-02 -2.863509041787363346e-02 9.993887072423193185e-01 2.005600741139717397e-02 -3.704000000000000044e-04 2.024306097434077634e-01 -1.385066349324273055e-02 9.791986557178830042e-01 1.447114100000000070e+00
9.774019262060195112e-01 4.004530643413412028e-02 -2.075616729585670894e-01 -6.530740000000000156e-02 -3.681680983171181643e-02 9.991337900679988504e-01 1.939567111939117378e-02 -3.418000000000000140e-04 2.081585865694193238e-01 -1.131560767048387164e-02 9.780296313816209119e-01 1.466259500000000049e+00
9.757937098061049142e-01 4.684511802888603749e-02 -2.136168785927244906e-01 -7.000750000000000028e-02 -4.428191405879815246e-02 9.988782945174090599e-01 1.677095194917182716e-02 -1.912999999999999878e-04 2.141629005923487705e-01 -6.905625160110561399e-03 9.767735481425670052e-01 1.485265400000000069e+00
9.742600775823068160e-01 4.415936969470719842e-02 -2.210593840973135715e-01 -7.432310000000000305e-02 -4.223245711869741403e-02 9.990174379114709069e-01 1.343794309103182524e-02 -1.936999999999999920e-04 2.214355906240792482e-01 -3.756170518839832724e-03 9.751677652527275253e-01 1.504407400000000061e+00
9.726476580933847149e-01 4.123151554387007034e-02 -2.285967964154567711e-01 -7.884240000000000692e-02 -3.979745114346246171e-02 9.991485137975530950e-01 1.088164778994966941e-02 -1.452000000000000057e-04 2.288508162273796831e-01 -1.486439402195426258e-03 9.734603712581040291e-01 1.523484000000000060e+00
9.710501055167982676e-01 4.272274101803875956e-02 -2.350243816622447912e-01 -8.363879999999999926e-02 -4.087810454900035750e-02 9.990832046427030599e-01 1.271734128454921932e-02 -1.172000000000000027e-04 2.353522320784230681e-01 -2.741824351101249113e-03 9.719062759623129377e-01 1.542538399999999976e+00
9.692593296315847873e-01 4.405967229317490214e-02 -2.420642418853908295e-01 -8.860500000000000320e-02 -4.085624505211889884e-02 9.989985333870995410e-01 1.823999809938021618e-02 -2.393999999999999915e-04 2.426254709678523636e-01 -7.789452345461740472e-03 9.700887615418424259e-01 1.561679000000000039e+00
9.674310941254005147e-01 4.604873759351055945e-02 -2.489108111058548345e-01 -9.372060000000000113e-02 -4.224446334334772818e-02 9.988947733977591170e-01 2.060672209430874230e-02 -1.192999999999999996e-04 2.495846217942184753e-01 -9.420480066510934086e-03 9.683071677516146281e-01 1.580712099999999953e+00
9.656728675850876353e-01 4.653799808842937202e-02 -2.555584620863003420e-01 -9.887740000000000418e-02 -4.360164759239537613e-02 9.989018418919510811e-01 1.714662042782822207e-02 -3.720000000000000298e-05 2.560757878777730201e-01 -5.415256114792516874e-03 9.666415394881335832e-01 1.599471000000000087e+00
9.639745395250935989e-01 4.522808729887482782e-02 -2.621211690548265194e-01 -1.040515000000000051e-01 -4.277032542262934611e-02 9.989711595811923139e-01 1.507718767709382429e-02 -1.275000000000000092e-04 2.625334005619589517e-01 -3.323017347724965299e-03 9.649171835681447096e-01 1.618051600000000034e+00
9.619898386612619756e-01 4.704705739885268329e-02 -2.690020905171338073e-01 -1.094095000000000067e-01 -4.484193602497504177e-02 9.988911724461788655e-01 1.433967860971908578e-02 -1.632000000000000096e-04 2.693784532697654499e-01 -1.732050578664149319e-03 9.630328389597011540e-01 1.636745499999999964e+00
9.600641706640884454e-01 4.660841782505601577e-02 -2.758703383746087257e-01 -1.149883000000000016e-01 -4.406117655400808991e-02 9.989097050723019233e-01 1.542769694553471072e-02 -1.455000000000000130e-04 2.762886188892923478e-01 -2.656407388134083419e-03 9.610710392952415138e-01 1.655505699999999969e+00
9.578604358812031760e-01 4.227171884067154606e-02 -2.841064715203203694e-01 -1.205062999999999968e-01 -3.910115514783403523e-02 9.990936068506677259e-01 1.682451830597992901e-02 -1.141999999999999976e-04 2.845601606683135221e-01 -5.006649216637477223e-03 9.586451107808587890e-01 1.674369699999999961e+00
9.557904333663659324e-01 3.935713781408395340e-02 -2.914029224088487413e-01 -1.261689000000000005e-01 -3.605250204317943241e-02 9.992102948791473649e-01 1.670340396308255329e-02 -5.860000000000000137e-05 2.918301982005304107e-01 -5.459149257034668669e-03 9.564545640581305630e-01 1.692895199999999933e+00
9.537479349001751761e-01 3.745996043643772672e-02 -2.982643593152755068e-01 -1.315325999999999995e-01 -3.395679959240640450e-02 9.992800580913756558e-01 1.692043918868900085e-02 -1.400999999999999902e-04 2.986834652857308647e-01 -6.009730858989821567e-03 9.543333121608561509e-01 1.710788999999999893e+00
9.512829015235144681e-01 4.318965325236848868e-02 -3.052793722493276074e-01 -1.373082999999999942e-01 -3.983465194272953896e-02 9.990580032118651088e-01 1.721356217993407628e-02 -2.122000000000000080e-04 3.057352478429744003e-01 -4.214269837236187151e-03 9.521072408905070228e-01 1.728699599999999892e+00
9.493743952824540422e-01 4.766185556477845614e-02 -3.105102334967350663e-01 -1.437038999999999955e-01 -4.422125997567383920e-02 9.988575121354762443e-01 1.811492800677896170e-02 -8.030000000000000028e-05 3.110188704053800657e-01 -3.466695061454660477e-03 9.503974138628074053e-01 1.747145299999999901e+00
9.481304877636194117e-01 4.505210844196120418e-02 -3.146726643641848398e-01 -1.497900000000000065e-01 -4.111737901088969444e-02 9.989710861479884629e-01 1.913452856965672244e-02 -1.224999999999999960e-04 3.152109441570771775e-01 -5.203514700846865147e-03 9.490073677892928439e-01 1.765470700000000059e+00
9.466197204149249256e-01 4.363025344728096999e-02 -3.193861391884365575e-01 -1.558896999999999922e-01 -3.943907305324695356e-02 9.990300874123614339e-01 1.958172519340996981e-02 -1.028000000000000051e-04 3.199307181848439208e-01 -5.940153952180384986e-03 9.474223187854264872e-01 1.783570099999999936e+00
9.450187632469112531e-01 4.228934199611675965e-02 -3.242701785006045223e-01 -1.620776999999999912e-01 -3.820763986210910096e-02 9.990901808488691360e-01 1.894694665483952906e-02 -1.158999999999999982e-04 3.247764051889327486e-01 -5.515621896888718741e-03 9.457747430269243250e-01 1.801720299999999941e+00
9.434426498444393738e-01 3.712032077304303068e-02 -3.294511317937895978e-01 -1.683128000000000124e-01 -3.185776003233113662e-02 9.992641486166223830e-01 2.135987863306123766e-02 8.899999999999999491e-06 3.300015902692363667e-01 -9.656245398864466561e-03 9.439309865369247543e-01 1.819606499999999905e+00
9.419210731618302690e-01 3.126122176110399803e-02 -3.343761773028532391e-01 -1.745258000000000087e-01 -2.451280273952968422e-02 9.994020945031899528e-01 2.438392922582289721e-02 5.810000000000000277e-05 3.349385233673770057e-01 -1.477123950926638105e-02 9.421241935370521237e-01 1.837574800000000064e+00
9.401655506681916297e-01 2.998974591659275130e-02 -3.393955693238117077e-01 -1.806994000000000100e-01 -2.253053245943709842e-02 9.994106626054922726e-01 2.589792612440389510e-02 9.600000000000000243e-05 3.399722230475165641e-01 -1.670157508467505839e-02 9.402871608959789684e-01 1.855444199999999988e+00
9.386250374560518583e-01 3.047383492200807231e-02 -3.435904312488510803e-01 -1.872463000000000044e-01 -2.360603946932513658e-02 9.994294965537483533e-01 2.415442648654369737e-02 2.090999999999999868e-04 3.441304897291112552e-01 -1.456114018431870286e-02 9.388089151873956206e-01 1.873173200000000094e+00
9.372592182538913574e-01 3.079560527065767356e-02 -3.472704831887074017e-01 -1.939074000000000075e-01 -2.474799556821880020e-02 9.994551804156911468e-01 2.183756066033156612e-02 4.584999999999999775e-04 3.477537843265833817e-01 -1.187320665414696302e-02 9.375107105789715067e-01 1.890890399999999971e+00
9.366086513521512114e-01 3.345598774525941621e-02 -3.487763339108511107e-01 -2.006363999999999925e-01 -2.747808767931540080e-02 9.993786474735683045e-01 2.207427623703896863e-02 5.663000000000000499e-04 3.492981375698878677e-01 -1.109125141227535610e-02 9.369459937650180814e-01 1.908427400000000107e+00
9.363182061011674495e-01 3.405380189201884233e-02 -3.494975758144694966e-01 -2.073732000000000075e-01 -2.759517244992101478e-02 9.993442285248828050e-01 2.344396236701203756e-02 6.547000000000000302e-04 3.500667413236379089e-01 -1.230656291195435931e-02 9.366439158657591246e-01 1.926012000000000057e+00
9.360512850694692188e-01 3.425372313065460500e-02 -3.501923388246576674e-01 -2.140562000000000020e-01 -2.611562618489782217e-02 9.992684992384919251e-01 2.793636516483299220e-02 9.301999999999999505e-04 3.508930973797662056e-01 -1.700437829915203702e-02 9.362611202703513547e-01 1.943769700000000045e+00
9.356135193986214738e-01 3.725551693255335639e-02 -3.510546521221638572e-01 -2.207874999999999976e-01 -2.735338224444244445e-02 9.990768143062982443e-01 3.312569388507758533e-02 1.133899999999999969e-03 3.519646783390553701e-01 -2.139031495015151357e-02 9.357688387780491723e-01 1.961392500000000094e+00
9.353479345106349152e-01 3.728400698037712818e-02 -3.517586448549291922e-01 -2.274141000000000079e-01 -2.669124536023743249e-02 9.990337211936872741e-01 3.491706372267940062e-02 1.376300000000000006e-03 3.527205959790392087e-01 -2.327072713477686128e-02 9.354392842033149025e-01 1.978941000000000061e+00
9.349915224079049514e-01 3.607379872002651477e-02 -3.528307442262582083e-01 -2.341216999999999882e-01 -2.709033599838343853e-02 9.991716131566624748e-01 3.036776510392892939e-02 1.587400000000000096e-03 3.536339445257524194e-01 -1.883529951499913688e-02 9.351942390601737376e-01 1.996352700000000091e+00
9.349974603989303912e-01 3.474244203041400997e-02 -3.529485964971581513e-01 -2.406435000000000102e-01 -2.724306803222406592e-02 9.992855683742341011e-01 2.619481023362220037e-02 1.934200000000000069e-03 3.536065105335902681e-01 -1.487667841781859304e-02 9.352759593550508121e-01 2.013517900000000083e+00
9.345896978270655797e-01 3.768600497944107203e-02 -3.537256871421746718e-01 -2.471077999999999886e-01 -3.011418697670563763e-02 9.991847611442580268e-01 2.688770796895596088e-02 2.059899999999999926e-03 3.544506065141461715e-01 -1.447681338490580671e-02 9.349626673915768515e-01 2.030781000000000169e+00
9.344337746072054474e-01 3.523293172435137260e-02 -3.543898438096631520e-01 -2.602651000000000270e-01 -2.702532270589017710e-02 9.992401636966818934e-01 2.808428720958940777e-02 2.252000000000000095e-03 3.551100573145919426e-01 -1.666540661176332816e-02 9.346759392519375931e-01 2.064884199999999836e+00
9.341009097407547701e-01 3.699292888645166338e-02 -3.550873324041514678e-01 -2.668774999999999897e-01 -2.998664726463873970e-02 9.992321761269670199e-01 2.521624830128800510e-02 2.526599999999999940e-03 3.557475107535126302e-01 -1.290664189353707240e-02 9.344929786722377951e-01 2.081909399999999799e+00
9.339735525589039078e-01 4.431871872054601175e-02 -3.545832120835240575e-01 -2.737580000000000013e-01 -3.883522148569337057e-02 9.989907025816477937e-01 2.256992972038011913e-02 2.653899999999999836e-03 3.552256025297971798e-01 -7.309399865575960144e-03 9.347520227209715760e-01 2.098711300000000168e+00
9.334418746236066156e-01 4.915909503669543129e-02 -3.553444105010520326e-01 -2.804675999999999836e-01 -4.486566647775482725e-02 9.987863858317237442e-01 2.031815564242543670e-02 2.695200000000000026e-03 3.559119816340465814e-01 -3.023053485485215769e-03 9.345145919015657165e-01 2.115611799999999931e+00
9.335768784653689645e-01 4.532485880424565183e-02 -3.554994643726387960e-01 -2.869614999999999805e-01 -4.202137280456967605e-02 9.989718542197055795e-01 1.701289817940276200e-02 2.729599999999999995e-03 3.559050663062796049e-01 -9.442728517484993284e-04 9.345216381263219407e-01 2.132393400000000216e+00
9.334468600018179796e-01 4.327680014045556800e-02 -3.560956025035266204e-01 -2.934201000000000170e-01 -4.000821730834296097e-02 9.990624060777507642e-01 1.654240943587056978e-02 2.663899999999999862e-03 3.564776319778773517e-01 -1.194709897271424223e-03 9.343030935235666634e-01 2.149171400000000176e+00
9.328493121978304048e-01 4.401947196954160424e-02 -3.575674017853943676e-01 -2.999892000000000114e-01 -4.132958646285625481e-02 9.990304736998206758e-01 1.516502231852054350e-02 2.614500000000000070e-03 3.578882870601441946e-01 6.314322090916835509e-04 9.337641968283647564e-01 2.165738800000000186e+00
9.326134388382764095e-01 3.568827185823726655e-02 -3.591079516663716609e-01 -3.063125999999999904e-01 -3.153780801023993441e-02 9.993508966302434571e-01 1.741126274104611710e-02 2.600299999999999834e-03 3.594962313629362916e-01 -4.912499984839217848e-03 9.331336061785284741e-01 2.182589500000000182e+00
9.312856233264679151e-01 2.986935787535838216e-02 -3.630632303684109830e-01 -3.123886000000000163e-01 -2.352775300675951503e-02 9.994837787990664690e-01 2.187740286212339416e-02 2.536000000000000060e-03 3.635292734070875720e-01 -1.183204875127263564e-02 9.315076328181441934e-01 2.199488399999999899e+00
9.306933206884040466e-01 2.832264056483862341e-02 -3.647023044311984430e-01 -3.187857000000000052e-01 -1.949313775184690484e-02 9.994214830019592100e-01 2.786964109478790377e-02 2.435300000000000051e-03 3.652806597762590091e-01 -1.882889655820880678e-02 9.307069959164491202e-01 2.215688000000000102e+00
9.293495943683082183e-01 2.603458888573728647e-02 -3.682818643770170430e-01 -3.252077999999999913e-01 -1.663996395007617118e-02 9.994506304941288555e-01 2.866267267071475472e-02 2.498400000000000013e-03 3.688257624505114629e-01 -2.050944627333994158e-02 9.292722526613822476e-01 2.232064999999999966e+00
9.274330884875268133e-01 2.371379249207733811e-02 -3.732365502253628398e-01 -3.316346000000000016e-01 -1.598876088639846968e-02 9.995893523030309202e-01 2.377995558710379112e-02 2.604599999999999884e-03 3.736471944278515478e-01 -1.608672769862630816e-02 9.274313943835120755e-01 2.248078299999999974e+00
9.247730147045866156e-01 2.030609528846771469e-02 -3.799770174212198648e-01 -3.380993999999999944e-01 -1.337892262759602865e-02 9.996928264591481428e-01 2.086281753369272421e-02 2.742599999999999986e-03 3.802839408961614098e-01 -1.420968754952152066e-02 9.247606225809086311e-01 2.264476800000000178e+00
9.217757957080366937e-01 2.072736552486762265e-02 -3.871689021153614241e-01 -3.448587000000000180e-01 -1.421413739080036077e-02 9.997053086433086433e-01 1.967877457116101736e-02 3.066900000000000008e-03 3.874626959399462556e-01 -1.263614612077794408e-02 9.217987779695540063e-01 2.280157099999999826e+00
9.177331284629899333e-01 1.958142583774595893e-02 -3.967145985260613350e-01 -3.514764000000000221e-01 -1.038688194345199767e-02 9.996256331522808125e-01 2.531217549706990533e-02 2.966900000000000179e-03 3.970617302196547960e-01 -1.910919430699604959e-02 9.175929495631010013e-01 2.295650199999999863e+00
9.129757118188781551e-01 1.707159665319941608e-02 -4.076566082090701815e-01 -3.583347000000000060e-01 -6.416442334504610275e-03 9.996014678455177327e-01 2.749063020111320102e-02 3.056300000000000076e-03 4.079634528932473692e-01 -2.248257255735763502e-02 9.127214005569400657e-01 2.311175800000000002e+00
9.073679703712025368e-01 1.166026633582636050e-02 -4.201754449434452199e-01 -3.652636000000000216e-01 -1.165361826523528613e-03 9.996811071777226276e-01 2.522550066373324684e-02 3.245399999999999847e-03 4.203355900661492339e-01 -2.239915491486942772e-02 9.070922056675615464e-01 2.326167299999999827e+00
9.012421751173442797e-01 1.045498406017552825e-02 -4.331896064058552986e-01 -3.725009000000000237e-01 6.812132266668588509e-05 9.997054498054885885e-01 2.426950738460026402e-02 3.372099999999999837e-03 4.333157476358824867e-01 -2.190221307327741562e-02 9.009760018520187597e-01 2.341033200000000036e+00
8.952925475537668598e-01 8.622945149717817920e-03 -4.453952167588141053e-01 -3.801297000000000148e-01 2.298582954037791011e-03 9.997099159984714767e-01 2.397499469723854762e-02 3.618899999999999981e-03 4.454727497963141269e-01 -2.248841193313052753e-02 8.950130169542990233e-01 2.356041199999999947e+00
8.894652184558855534e-01 6.903020400937550684e-03 -4.569507341788259236e-01 -3.877858000000000138e-01 3.883892090100854629e-03 9.997356215299527671e-01 2.266279829040211344e-02 3.618000000000000122e-03 4.569863680017777208e-01 -2.193251817423710545e-02 8.892032524159368956e-01 2.370210900000000009e+00
8.831204320608802005e-01 6.041224006299519486e-03 -4.691074568679441392e-01 -3.955968000000000262e-01 1.760618855436061649e-03 9.998673690625543564e-01 1.619087722057160200e-02 3.538499999999999979e-03 4.691430514223249859e-01 -1.512441392026321607e-02 8.829926666772031085e-01 2.384472600000000053e+00
8.768925186203814226e-01 8.563286748278024427e-03 -4.806102172318757471e-01 -4.036647999999999903e-01 -6.025414116133463727e-03 9.999585684218891268e-01 6.823182862517096492e-03 3.516700000000000208e-03 4.806487336635072993e-01 -3.087322418053125087e-03 8.769077849283548609e-01 2.398433400000000049e+00
8.701588008035038291e-01 7.623557849545812594e-03 -4.927124341336666657e-01 -4.117739000000000260e-01 -9.196332470977675033e-03 9.999574169279665803e-01 -7.692852736098675960e-04 3.351199999999999925e-03 4.926855882338059822e-01 5.200547708038046404e-03 8.701918555412048173e-01 2.411970100000000006e+00
8.637688088290564892e-01 7.764743010412277976e-03 -5.038284962762777930e-01 -4.199835000000000096e-01 -9.953481460792995908e-03 9.999490955184947572e-01 -1.653656117217875907e-03 3.310099999999999848e-03 5.037900089331295295e-01 6.443224171687311069e-03 8.638021253513045172e-01 2.425597900000000084e+00
8.576466605315982150e-01 1.315423815008133143e-02 -5.140711737665208947e-01 -4.284445000000000059e-01 -1.400937376296735801e-02 9.998994141927595170e-01 2.213355765766393621e-03 3.152100000000000127e-03 5.140485805113823581e-01 5.303538032984625450e-03 8.577446760887330601e-01 2.439168000000000003e+00
8.519306958903091198e-01 1.701354914039287028e-02 -5.233780932991951573e-01 -4.369570999999999872e-01 -1.698232931273794058e-02 9.998439828284708675e-01 4.859062956395611942e-03 2.818399999999999985e-03 5.233791072358231489e-01 4.748594249662878124e-03 8.520867097670781209e-01 2.452687300000000015e+00
8.473211316847835128e-01 1.636137570251923121e-02 -5.308287908408310107e-01 -4.455211000000000032e-01 -2.047626041803339222e-02 9.997885926907958964e-01 -1.868872561342991775e-03 2.567700000000000017e-03 5.306859924283949814e-01 1.245292377229841735e-02 8.474770215939844142e-01 2.465572599999999781e+00
8.438191013009089803e-01 1.436508791298546535e-02 -5.364354281075948139e-01 -4.540604999999999780e-01 -2.294059245807259645e-02 9.996934307451664781e-01 -9.315242489149304014e-03 2.277400000000000171e-03 5.361371592208462600e-01 2.016652608188203993e-02 8.438899559352450730e-01 2.478477700000000006e+00
8.416985392546402212e-01 1.469601936304495288e-02 -5.397477151702320119e-01 -4.625882000000000049e-01 -2.547120644811375761e-02 9.995973534512729852e-01 -1.250394398933908635e-02 2.124099999999999860e-03 5.393466294125536242e-01 2.427257687374723139e-02 8.417339575859023038e-01 2.491781500000000094e+00
8.417183358507199786e-01 1.884799294230458250e-02 -5.395878021737902097e-01 -4.712395999999999807e-01 -2.726965584862020564e-02 9.995990523556642637e-01 -7.622361809550047898e-03 1.758500000000000080e-03 5.392277894940061822e-01 2.113025536297916812e-02 8.418948291477403867e-01 2.505031100000000066e+00
8.427600443785661088e-01 2.220408336420424608e-02 -5.378312804969535010e-01 -4.797932999999999781e-01 -2.848967271000452453e-02 9.995883902965815304e-01 -3.374690084409267404e-03 1.284100000000000042e-03 5.375349720231364925e-01 1.816669111986150484e-02 8.430457432345184188e-01 2.518180399999999874e+00
8.443497656455921652e-01 2.279852744181543045e-02 -5.353071084907412569e-01 -4.881296999999999997e-01 -2.715890453740376492e-02 9.996310939711479104e-01 -2.643300481355937218e-04 9.833999999999999426e-04 5.351036041352754680e-01 1.476154167189005703e-02 8.446574629569714165e-01 2.531337499999999796e+00
8.459213924891871850e-01 2.075947637485273459e-02 -5.329034076357521688e-01 -4.964579000000000075e-01 -2.515238822902361379e-02 9.996831449700422922e-01 -9.833764191998087614e-04 8.239999999999999712e-04 5.327141401310191426e-01 1.423565254729459648e-02 8.461755084502395885e-01 2.544699000000000044e+00
8.478525182854319553e-01 1.935788357798231413e-02 -5.298786460883592175e-01 -5.045800999999999759e-01 -2.346604416328182396e-02 9.997241088679551524e-01 -1.025143648413948463e-03 5.201000000000000111e-04 5.297126126574468463e-01 1.330332633420149534e-02 8.480728562453037078e-01 2.557830599999999954e+00
8.501638457488126521e-01 2.134490441120365928e-02 -5.260853832195546698e-01 -5.126268000000000491e-01 -2.481988827264212244e-02 9.996918373128174107e-01 4.511720924934041130e-04 2.142000000000000024e-04 5.259328935593614585e-01 1.267381023213072846e-02 8.504316351162375387e-01 2.570856299999999983e+00
8.529260996488741142e-01 2.203127576467782400e-02 -5.215665742989474829e-01 -5.206121000000000221e-01 -2.596395248369897518e-02 9.996628526250211921e-01 -2.329227973764062126e-04 9.459999999999999551e-05 5.213855979111650107e-01 1.374059568526909102e-02 8.532105568504358972e-01 2.583925999999999945e+00
8.557268565434231755e-01 2.467651083494872694e-02 -5.168390627684058547e-01 -5.285273999999999806e-01 -2.790510166494107602e-02 9.996094148928041934e-01 1.524125564029487484e-03 -1.285000000000000064e-04 5.166748032286661019e-01 1.311821141308080335e-02 8.560812229210150726e-01 2.597080200000000172e+00
8.589454065229619184e-01 2.465053399065582698e-02 -5.114734986165746511e-01 -5.363491999999999704e-01 -2.634637444904601791e-02 9.996451365772917041e-01 3.933124808404521791e-03 -3.699999999999999947e-04 5.113889490070101518e-01 1.009713282785532941e-02 8.592900504149703078e-01 2.610146499999999925e+00
8.616991421041826360e-01 2.555194949574622620e-02 -5.067757752437289653e-01 -5.440513999999999628e-01 -2.747212101475171586e-02 9.996157635950680964e-01 3.688866926285206804e-03 -5.008000000000000299e-04 5.066753112831396955e-01 1.074351195912388000e-02 8.620700121723975373e-01 2.623106700000000124e+00
8.644029516652440570e-01 2.660932254978841047e-02 -5.020950916966374633e-01 -5.516961999999999700e-01 -2.937860418014589040e-02 9.995654850082824616e-01 2.395578548743953692e-03 -7.332000000000000409e-04 5.019406685743245111e-01 1.268010779126935855e-02 8.648091003785527420e-01 2.636072899999999830e+00
8.664301748202036801e-01 2.581635944149313078e-02 -4.986303919199259194e-01 -5.591840999999999617e-01 -2.988758681880113177e-02 9.995532497475874134e-01 -1.818603467438981852e-04 -9.652000000000000423e-04 4.984029336943954225e-01 1.506042842102180146e-02 8.668146856050578108e-01 2.648839699999999908e+00
