1.000000000000000000e+00 0.000000000000000000e+00 0.000000000000000000e+00 0.000000000000000000e+00 0.000000000000000000e+00 1.000000000000000000e+00 0.000000000000000000e+00 0.000000000000000000e+00 0.000000000000000000e+00 0.000000000000000000e+00 1.000000000000000000e+00 0.000000000000000000e+00
9.994446478220501140e-01 7.436091965876559864e-04 3.331430601439788752e-02 2.120100000000000196e-03 -7.373852067906452781e-04 9.999997083086720195e-01 -1.991120982790096461e-04 -8.187000000000000050e-04 -3.331444435849115204e-02 1.744360445120606310e-04 9.994449046191348218e-01 5.589100000000000318e-02
9.977116842219339032e-01 3.553564086920892083e-04 6.761115949941133574e-02 6.038899999999999824e-03 -3.050653998791692540e-04 9.999996690961477919e-01 -7.541503143788701397e-04 -2.194399999999999996e-03 -6.761140511876552461e-02 7.317987549064613193e-04 9.977114624822391864e-01 1.107945000000000041e-01
9.948569684254564560e-01 -1.842310272348486860e-04 1.012895771253828625e-01 1.214059999999999966e-02 4.042105847243337383e-04 9.999976043247970070e-01 -2.151269037064438682e-03 -3.169899999999999801e-03 -1.012889381379500631e-01 2.181147311677810331e-03 9.948546595394179848e-01 1.662109999999999976e-01
9.909455104749520515e-01 2.924469906786690077e-04 1.342643278920145622e-01 1.976320000000000160e-02 2.669050594025637125e-04 9.999913612555166864e-01 -4.148032790137597993e-03 -4.173399999999999853e-03 -1.342643810964993800e-01 4.146310299101404508e-03 9.909368718943087906e-01 2.220978000000000119e-01
9.860742831307196532e-01 1.387839899531376773e-03 1.662996754315853865e-01 2.922840000000000160e-02 -1.954089455256657892e-04 9.999741575235610025e-01 -7.186522134413813288e-03 -5.447399999999999812e-03 -1.663053515782982605e-01 7.053948217677802855e-03 9.860490717256220616e-01 2.772447000000000106e-01
9.801453804557443972e-01 -1.777571760151863906e-03 1.982722204694886969e-01 4.070619999999999794e-02 4.056356597286227099e-03 9.999303026590191656e-01 -1.108764156158122648e-02 -7.183700000000000328e-03 -1.982386923444050264e-01 1.167176348629295375e-02 9.800842773938883701e-01 3.324261000000000021e-01
9.733451396185218707e-01 -6.451447781997944608e-03 2.292544830587097404e-01 5.438860000000000222e-02 1.035163669296873534e-02 9.998213652773962901e-01 -1.581395436379064157e-02 -8.962799999999999934e-03 -2.291115073469180141e-01 1.776559473700285718e-02 9.732380494230914447e-01 3.865138000000000185e-01
9.657959531615206705e-01 -1.218005069565753981e-02 2.590170326868119210e-01 6.974519999999999331e-02 1.810520864210391628e-02 9.996258586699436899e-01 -2.050229495455580322e-02 -1.083549999999999965e-02 -2.586704047177714183e-01 2.449059091628723664e-02 9.656551313381580570e-01 4.409993999999999859e-01
9.577729010612346938e-01 -1.757787318586361003e-02 2.869879585749338657e-01 8.708630000000000537e-02 2.556115189047978437e-02 9.993828573994658626e-01 -2.409422856434022958e-02 -1.331809999999999938e-02 -2.863873207856417746e-01 3.041254199077321474e-02 9.576311292887681459e-01 4.950032999999999794e-01
9.400358595557151142e-01 -2.735419258537389459e-02 3.399769564210934347e-01 1.260496999999999868e-01 4.180913187888492949e-02 9.985031145429017485e-01 -3.526367450591080810e-02 -1.879919999999999855e-02 -3.385034405155755155e-01 4.736325998204823917e-02 9.397723885936376531e-01 6.004971000000000059e-01
9.307178511195414172e-01 -2.700558837397540324e-02 3.647396054776592123e-01 1.483857000000000093e-01 4.802459434779797476e-02 9.976592822482303058e-01 -4.867848479231373648e-02 -2.245729999999999948e-02 -3.625712618853740854e-01 6.282240635729798017e-02 9.298362357503207054e-01 6.533598999999999934e-01
9.208117240060178510e-01 -2.053433012172264580e-02 3.894664429954362572e-01 1.708531000000000077e-01 4.994747197445559284e-02 9.965987416131718568e-01 -6.554539082501033287e-02 -2.608579999999999927e-02 -3.867958362966517627e-01 7.980782857273145681e-02 9.187054432853216657e-01 7.051110999999999907e-01
8.988060346786711508e-01 -1.153168162585657339e-02 4.381948565924560501e-01 2.176030999999999938e-01 5.602744258824196577e-02 9.944769256273017222e-01 -8.875004265853243812e-02 -3.588849999999999679e-02 -4.347512365735427542e-01 1.043200110896752159e-01 8.944879527327493918e-01 8.039711000000000496e-01
8.756406074052711652e-01 -1.378306821540217775e-02 4.827665623191993438e-01 2.710963000000000123e-01 6.420592539803487986e-02 9.940423225663169715e-01 -8.807644458505493879e-02 -4.720619999999999677e-02 -4.786764312212475891e-01 1.081197853194864750e-01 8.713087777681104429e-01 9.011407000000000167e-01
8.645319310226670106e-01 -1.904660392093185731e-02 5.022168526854685622e-01 3.000084000000000084e-01 6.874850171642110652e-02 9.943700285399670324e-01 -8.063429700302833514e-02 -5.314529999999999949e-02 -4.978535766206423352e-01 1.042375806535458943e-01 8.609740664070723026e-01 9.491030000000000300e-01
8.538961734213984522e-01 -2.673128229206710518e-02 5.197564463893783460e-01 3.285530999999999868e-01 7.655672145875830337e-02 9.942677093409465483e-01 -7.463772880650237918e-02 -5.819560000000000011e-02 -5.147818891683922926e-01 1.035237205133621441e-01 8.510478516953627892e-01 9.958050000000000512e-01
8.183711241785813773e-01 -2.126804137329510111e-02 5.742964160839146848e-01 4.769074999999999842e-01 7.934655164822702889e-02 9.939257903966993712e-01 -7.626039552632697671e-02 -8.351150000000000240e-02 -5.691861100309988375e-01 1.079777458573774745e-01 8.150877121803146164e-01 1.217559800000000081e+00
8.124738209207534867e-01 -2.232480684939847082e-02 5.825700758857842443e-01 5.088196000000000385e-01 8.183314576398945106e-02 9.937405679815349835e-01 -7.604616888513142381e-02 -8.841019999999999435e-02 -5.772258020677879520e-01 1.094590633381874317e-01 8.092151054449773229e-01 1.260958800000000046e+00
8.073002217572513572e-01 -2.377728460451668593e-02 5.896617612560005606e-01 5.406887000000000221e-01 8.547584557296566965e-02 9.933628631004337572e-01 -7.696818847092121163e-02 -9.353329999999999977e-02 -5.839180008993379856e-01 1.125382732662294494e-01 8.039744431733985008e-01 1.303526900000000044e+00
8.071282050268109298e-01 -2.370131535417920737e-02 5.899002528399864831e-01 6.385556000000000010e-01 8.854148421970670091e-02 9.927524145778972020e-01 -8.125914669701038429e-02 -1.087452000000000002e-01 -5.836989517057312726e-01 1.178171931436009651e-01 8.033770240537090324e-01 1.436606499999999897e+00
8.114047864393094667e-01 -2.258968945573328752e-02 5.840479248089768260e-01 6.721416000000000057e-01 8.636000864919718412e-02 9.929187333341735755e-01 -8.157412518789836087e-02 -1.139533999999999964e-01 -5.780693915521640802e-01 1.166280194651090618e-01 8.076098585493844961e-01 1.483009699999999986e+00
8.161879773301367047e-01 -2.213753690227846654e-02 5.773622044450437141e-01 7.061636000000000024e-01 8.452529577485617951e-02 9.930899406561295439e-01 -8.141157252982063330e-02 -1.197869000000000017e-01 -5.715703456582692521e-01 1.152488578143203296e-01 8.124192518254237383e-01 1.531307799999999997e+00
8.253806589628055468e-01 -1.927967609438532848e-02 5.642473410657959931e-01 7.731000000000000094e-01 7.964335353441824583e-02 9.933986877835789819e-01 -8.255896891104529123e-02 -1.308199999999999918e-01 -5.589308580208438570e-01 1.130811266284469790e-01 8.214675615948109355e-01 1.629613900000000060e+00
8.284988726767350542e-01 -1.546692785592423958e-02 5.597770914534452302e-01 8.073839999999999906e-01 7.462686419531666671e-02 9.937519174556017632e-01 -8.299372080879671709e-02 -1.364358999999999988e-01 -5.549959000873365689e-01 1.105346131128813747e-01 8.244765916569327668e-01 1.680712299999999937e+00
8.294887362728377012e-01 -1.230975168927008617e-02 5.583877742302737479e-01 8.420419999999999572e-01 7.021422776384322884e-02 9.941238189251687674e-01 -8.238807477520806999e-02 -1.423220000000000041e-01 -5.540924098162848255e-01 1.075467463895893316e-01 8.254788299677924268e-01 1.733113099999999962e+00
8.292689006165402388e-01 -1.104920991207505865e-02 5.587405528781256292e-01 8.768559000000000214e-01 6.762739087631412793e-02 9.944411187736825752e-01 -8.070562121320164206e-02 -1.486168999999999962e-01 -5.547428471584802123e-01 1.047128275449835250e-01 8.254063225309324903e-01 1.786005700000000029e+00
8.286141634420529645e-01 -1.008916798868298575e-02 5.597291995532507336e-01 9.131804999999999506e-01 6.633187041310759091e-02 9.945636647936695329e-01 -8.026954366186478396e-02 -1.544899000000000133e-01 -5.558764710893286942e-01 1.036403655024501214e-01 8.247787724764703565e-01 1.840361700000000100e+00
8.280455213859112540e-01 -1.032192815989652762e-02 5.605658501120063253e-01 9.858903999999999446e-01 6.586989714785246308e-02 9.946972336619696042e-01 -7.898461872387768645e-02 -1.665237999999999996e-01 -5.567780268315782877e-01 1.023272746841570602e-01 8.243344938150091172e-01 1.949083200000000016e+00
8.282027611073141671e-01 -1.098980805339956277e-02 5.603208104409210799e-01 1.023981999999999948e+00 6.595393126254481264e-02 9.947713382587545228e-01 -7.797476213430974690e-02 -1.726469999999999949e-01 -5.565341547876793138e-01 1.015342735131152946e-01 8.245971900612607541e-01 2.004267200000000138e+00
8.279175719131905975e-01 -1.083218075327279512e-02 5.607451809668053677e-01 1.060368200000000094e+00 6.564596894602303667e-02 9.948127111461193550e-01 -7.770634789542918419e-02 -1.787661999999999862e-01 -5.569947045336289815e-01 1.011451116082043578e-01 8.243340133218204357e-01 2.058710299999999993e+00
8.281991690270283923e-01 -9.344043609431133823e-03 5.603559808478577597e-01 1.174235499999999988e+00 6.231515707695479273e-02 9.951962995287544356e-01 -7.550593753307184575e-02 -1.986053000000000124e-01 -5.569586677855136170e-01 9.745262568704214645e-02 8.248030238337437092e-01 2.227834699999999835e+00
8.290881734993649221e-01 -9.416536220279096703e-03 5.590385759579556968e-01 1.212279700000000071e+00 6.148865929831515836e-02 9.953290536951812095e-01 -7.442593397432605007e-02 -2.042288999999999910e-01 -5.557265022843365099e-01 9.608019419145234774e-02 8.257945573464081646e-01 2.284320099999999965e+00
8.303040670668888623e-01 -1.124762010628274633e-02 5.571971350017226321e-01 1.249459899999999957e+00 6.198268395432278421e-02 9.954573685683515416e-01 -7.226876401870695188e-02 -2.100800999999999918e-01 -5.538531421794063991e-01 9.454162260569552723e-02 8.272294593962913334e-01 2.340890900000000219e+00
8.335389050911672371e-01 -1.414221410592008191e-02 5.522797221332688133e-01 1.324878500000000070e+00 6.319913729828492699e-02 9.955506262616411473e-01 -6.989148442268798556e-02 -2.224344000000000043e-01 -5.488340029044945778e-01 9.316087338704280574e-02 8.307239547079359188e-01 2.453517699999999913e+00
8.331757215022268515e-01 -9.105172199798769461e-03 5.529333711564672349e-01 1.472242100000000109e+00 6.108745204414048335e-02 9.952607652943160632e-01 -7.565931712966365852e-02 -2.463638999999999968e-01 -5.496239990229669914e-01 9.681479693199894487e-02 8.297833179770591761e-01 2.677622599999999853e+00
8.266671921984954929e-01 -8.855407005940996862e-03 5.626214847563278942e-01 1.546821999999999919e+00 6.124796428558253181e-02 9.953513564910643208e-01 -7.432606542976862019e-02 -2.586524000000000045e-01 -5.593478704826967407e-01 9.590234042064547937e-02 8.233666867734660277e-01 2.788352999999999859e+00
8.231993939291358808e-01 -1.175667879496207838e-02 5.676306354826310407e-01 1.585293499999999911e+00 6.285649915462603043e-02 9.955267436266844738e-01 -7.053767247417544461e-02 -2.648326999999999765e-01 -5.642621893665460409e-01 9.374584378926695272e-02 8.202559956644697170e-01 2.843197799999999997e+00
8.196936813466929594e-01 -9.733143673740111967e-03 5.727194205494804402e-01 1.622576699999999983e+00 6.012403756578540287e-02 9.957943496853018939e-01 -6.912823765737721726e-02 -2.709579999999999766e-01 -5.696379278691811043e-01 9.109818356615642654e-02 8.168315322536542356e-01 2.897188400000000108e+00
8.160041490091436422e-01 -9.604322543688120772e-03 5.779662496965891627e-01 1.660004899999999894e+00 6.226022056554979256e-02 9.955056364756478260e-01 -7.135960117842979344e-02 -2.769029000000000074e-01 -5.746832986393395348e-01 9.421403681878975922e-02 8.129346969660695699e-01 2.951620800000000155e+00
8.126424081510950082e-01 -8.850748204098771166e-03 5.826954442336207407e-01 1.697683000000000053e+00 6.299482836330745628e-02 9.953598406184823721e-01 -7.273540598241656774e-02 -2.825595000000000190e-01 -5.793478817376191969e-01 9.581467497297671554e-02 8.094291692210976441e-01 3.003791099999999936e+00
8.069657819352885619e-01 -5.167806205707024814e-03 5.905755841250032168e-01 1.774222600000000094e+00 6.110210709789642286e-02 9.953262677217071808e-01 -7.478070132978006934e-02 -2.949605000000000143e-01 -5.874289397823072578e-01 9.643087971286393167e-02 8.035100037610218848e-01 3.108830699999999947e+00
8.048183174519017991e-01 -6.818051548776037085e-03 5.934820890869143550e-01 1.813478099999999982e+00 6.259961528780813578e-02 9.953318223791627339e-01 -7.345646006440363640e-02 -3.004508000000000179e-01 -5.902107793489612675e-01 9.627085505205167093e-02 8.014880899974986539e-01 3.161012400000000167e+00
8.030328383934745018e-01 -1.197223297462824548e-02 5.958145064525712797e-01 1.852173199999999964e+00 6.299401036077767468e-02 9.959020501603440545e-01 -6.489114843404938937e-02 -3.059058000000000055e-01 -5.925959965443456934e-01 8.964246830618186057e-02 8.004962290701869154e-01 3.213107299999999888e+00
8.015442832405124118e-01 -1.752389295842562283e-02 5.976785717925938712e-01 1.890978199999999942e+00 6.234561643056995422e-02 9.965713868681064236e-01 -5.439204893797644491e-02 -3.116195999999999966e-01 -5.946762027493157632e-01 8.086027486572514023e-02 7.998886358939562014e-01 3.264932200000000062e+00
8.001555731126950288e-01 -1.995434892495158777e-02 5.994604930899749551e-01 1.928613499999999981e+00 6.390861572471881469e-02 9.965932215332590216e-01 -5.213098531690006643e-02 -3.163590000000000013e-01 -5.963780241196390275e-01 8.002358872821131730e-02 7.987048751536536262e-01 3.315932500000000172e+00
7.993170909326761109e-01 -1.656571656952731189e-02 6.006810844178982478e-01 1.966319799999999951e+00 6.366918257638919110e-02 9.963277853278352802e-01 -5.724665382173378669e-02 -3.211528000000000160e-01 -5.975269226846422477e-01 8.400310243240481645e-02 7.974365526164149953e-01 3.366175899999999999e+00
7.978941922248123930e-01 -1.780490476766333208e-02 6.025345163392122894e-01 2.042631099999999922e+00 7.113405462810454272e-02 9.953606688644749401e-01 -6.478491452360492231e-02 -3.309243000000000046e-01 -5.985856699638573142e-01 9.455223024275734300e-02 7.954590319243604046e-01 3.466716499999999979e+00
7.978427306933848495e-01 -2.113072935954532841e-02 6.024952027663429410e-01 2.080950500000000147e+00 7.480420390998795965e-02 9.951322754341398458e-01 -6.415672581003588337e-02 -3.360645999999999911e-01 -5.982067436573378361e-01 9.625615131514884959e-02 7.955397194212738832e-01 3.516565799999999964e+00
7.982281519372028677e-01 -2.212941580295145483e-02 6.019485911696593750e-01 2.118935099999999849e+00 7.340681011648354792e-02 9.954502631322311723e-01 -6.074713045481472395e-02 -3.412314000000000180e-01 -5.978655849632426023e-01 9.267719561031090292e-02 7.962208737092790756e-01 3.566825899999999994e+00
7.986948642342662774e-01 -2.399594602977474234e-02 6.012576057065249779e-01 2.156578800000000129e+00 7.197991822774532644e-02 9.958399146833358806e-01 -5.587267395975868689e-02 -3.458377000000000256e-01 -5.974156051006150880e-01 8.790369103526050887e-02 7.970994516900907767e-01 3.617167499999999869e+00
7.991884230710850634e-01 -2.510885748882638047e-02 6.005559172173381421e-01 2.193868600000000058e+00 6.877956999903891977e-02 9.963846388003306798e-01 -4.987005427590734952e-02 -3.506052000000000057e-01 -5.971325105702248726e-01 8.116154778181874918e-02 7.980260446763375315e-01 3.667634500000000131e+00
7.997123965016641467e-01 -1.879887977087338000e-02 6.000888975817877391e-01 2.230398699999999845e+00 6.013326949231430352e-02 9.969916490874063397e-01 -4.890441237903485339e-02 -3.548115000000000019e-01 -5.973642714305316126e-01 7.519477222077505796e-02 7.984370190872515094e-01 3.718045699999999787e+00
8.009281021924457011e-01 -1.354161767806523128e-02 5.986073836072091092e-01 2.267020700000000222e+00 5.261795614822720180e-02 9.974682584639151806e-01 -4.783747534880254670e-02 -3.586606999999999990e-01 -5.964440676284662457e-01 6.981187540544347980e-02 7.996128914938680499e-01 3.768558699999999817e+00
8.021327145054162333e-01 -1.690384029603374597e-02 5.969064989622901996e-01 2.303632700000000089e+00 5.576854791794165489e-02 9.973510451696633305e-01 -4.669862698307558624e-02 -3.628811000000000120e-01 -5.945359344760386966e-01 7.074710511551957071e-02 8.009506038043026077e-01 3.818163900000000055e+00
8.043241876044534555e-01 -1.940785714868624445e-02 5.938736703334576150e-01 2.340853500000000142e+00 5.970118379582735335e-02 9.970483486908449100e-01 -4.827379233327569463e-02 -3.671058999999999850e-01 -5.911838714713154586e-01 7.428273994512840650e-02 8.031087751098424654e-01 3.867771400000000082e+00
8.079061785465885270e-01 -2.016982007301694121e-02 5.889658606612695468e-01 2.377216300000000171e+00 6.193616786674668862e-02 9.967852459206053561e-01 -5.082405557391457551e-02 -3.713738999999999790e-01 -5.860473682017777186e-01 7.753935693066009438e-02 8.065582002252222882e-01 3.917749600000000054e+00
8.131229586650580154e-01 -2.438805503657264992e-02 5.815808429301256854e-01 2.413322899999999827e+00 6.646851448368897020e-02 9.964768573467013280e-01 -5.114498367165071224e-02 -3.753226000000000062e-01 -5.782845239794283110e-01 8.024397512570580204e-02 8.118792482764362051e-01 3.967540699999999809e+00
8.184304760176419613e-01 -3.129081460597563091e-02 5.737529440855448915e-01 2.449400199999999916e+00 7.350983481584133505e-02 9.960131333476756055e-01 -5.053852376448100814e-02 -3.802375000000000060e-01 -5.698840760285233120e-01 8.353875220662415613e-02 8.174676854584996821e-01 4.017564799999999714e+00
8.251167114496509303e-01 -2.905554176582191700e-02 5.642146648033956602e-01 2.483885799999999922e+00 7.045005093774164839e-02 9.961732291027327602e-01 -5.172705232181691593e-02 -3.843078999999999801e-01 -5.605525870151553125e-01 8.242980717998164841e-02 8.240061432288523502e-01 4.068422799999999562e+00
8.322428648126035666e-01 -2.846910429345423516e-02 5.536798028366567426e-01 2.517516399999999877e+00 6.811244553002637758e-02 9.963656058762445644e-01 -5.114952776696275738e-02 -3.883867999999999765e-01 -5.502113309742264757e-01 8.028131493437641597e-02 8.311572665506676838e-01 4.119652300000000267e+00
8.393636214617363756e-01 -3.072629343227888110e-02 5.427012123245649189e-01 2.550187799999999783e+00 6.764022541440536940e-02 9.965451308927749663e-01 -4.819338128613101513e-02 -3.925275999999999765e-01 -5.393454466967597671e-01 7.716020338111784227e-02 8.385420634301282705e-01 4.170871299999999948e+00
8.462122978914310423e-01 -3.071300385958016313e-02 5.319600156884212172e-01 2.582887599999999839e+00 6.651868907033745004e-02 9.966167190060357672e-01 -4.827400337664199126e-02 -3.968900000000000206e-01 -5.286776058257693922e-01 7.623533820719684273e-02 8.453923126612676864e-01 4.223188399999999731e+00
8.533562071890127276e-01 -3.207161616706631635e-02 5.203408451086799502e-01 2.614505499999999927e+00 6.678789217030899061e-02 9.966068798664428074e-01 -4.810513966636896510e-02 -4.005815999999999821e-01 -5.170324565357866664e-01 7.580328778691630687e-02 8.526026627035971917e-01 4.275574200000000324e+00
8.602360204355266049e-01 -3.296181229171166183e-02 5.088295471724241237e-01 2.645331399999999888e+00 6.727000674318039941e-02 9.965223121177841925e-01 -4.917344450206809214e-02 -4.049857000000000040e-01 -5.054391509746950506e-01 7.652973527898468409e-02 8.594617293865434160e-01 4.327488899999999639e+00
8.671361479490296009e-01 -3.086176991502315517e-02 4.971141237963682125e-01 2.675152100000000033e+00 6.653742281558662486e-02 9.963101558450039308e-01 -5.421111256157626346e-02 -4.097469999999999724e-01 -4.936067992695993834e-01 8.008510796531531639e-02 8.659900133356072116e-01 4.379700699999999891e+00
8.735421417292894564e-01 -2.966916697747027515e-02 4.858434595153761082e-01 2.704635899999999982e+00 6.931964130096099352e-02 9.955496851497563915e-01 -6.384051791869367609e-02 -4.139661000000000035e-01 -4.817872081665431905e-01 8.944587709382657847e-02 8.717112601762145863e-01 4.431841399999999709e+00
8.802650780972059996e-01 -2.712169148941186506e-02 4.737064556592753273e-01 2.733096600000000098e+00 6.845203157373408454e-02 9.951799258225588751e-01 -7.022274996918524692e-02 -4.183303999999999911e-01 -4.695185956444625774e-01 9.424080374529579529e-02 8.778786700071327109e-01 4.484826100000000260e+00
8.864539291446809077e-01 -2.774404500053961539e-02 4.619845229777346240e-01 2.760774399999999851e+00 6.658255690279772654e-02 9.954626683500017448e-01 -6.797675365726089936e-02 -4.235327999999999871e-01 -4.580023958673608009e-01 9.101837115935586253e-02 8.842790631306697291e-01 4.538170799999999616e+00
8.923068634975006574e-01 -2.802592343279132481e-02 4.505585522115767017e-01 2.787690599999999908e+00 6.411468409191400930e-02 9.958212790587419594e-01 -6.503297208036305788e-02 -4.288727999999999985e-01 -4.468531846580561240e-01 8.691678658090466747e-02 8.903750353482529079e-01 4.591985700000000392e+00
8.971068481925307259e-01 -2.442087926739515066e-02 4.411382136948360788e-01 2.813711599999999979e+00 6.023979254961400742e-02 9.959076825467523264e-01 -6.737251099622541817e-02 -4.340420999999999863e-01 -4.376876401266581729e-01 8.701441547332462723e-02 8.949067108811915583e-01 4.645450099999999694e+00
9.003165721261511267e-01 -1.652922661300351009e-02 4.349216649266772761e-01 2.838286899999999946e+00 5.433672046884726464e-02 9.957292367591291660e-01 -7.463784476907447951e-02 -4.392302000000000151e-01 -4.318305116173558611e-01 9.082990548634342631e-02 8.973696771708048470e-01 4.698509200000000163e+00
9.030188214674350622e-01 -8.254012144566197362e-03 4.295216867156790297e-01 2.863302500000000084e+00 4.838227414205562710e-02 9.954085224949106303e-01 -8.258952048136669610e-02 -4.445589999999999820e-01 -4.268678526481087809e-01 9.536112744728045265e-02 8.992719787403452569e-01 4.752196800000000110e+00
9.045986035978904605e-01 -5.342217873989387605e-03 4.262309550899998634e-01 2.887457799999999963e+00 4.626112518004854568e-02 9.952458175949029373e-01 -8.570688920342925399e-02 -4.504434999999999967e-01 -4.237467105073766671e-01 9.724825586117133436e-02 9.005451138427977842e-01 4.805228699999999797e+00
9.064010234308914615e-01 -5.173255853818479327e-03 4.223865790331216563e-01 2.912341800000000092e+00 4.581684139911662568e-02 9.952299049641397666e-01 -8.612928253084117802e-02 -4.564413999999999971e-01 -4.199261860942238855e-01 9.742008873399882196e-02 9.023144266514966372e-01 4.859282499999999949e+00
9.083496410295187617e-01 -3.612784686257693861e-03 4.181959796893737202e-01 2.935874000000000095e+00 4.385968369694522029e-02 9.952713090065653523e-01 -8.666804263603687664e-02 -4.624460000000000237e-01 -4.159053471495025578e-01 9.706682880968518778e-02 9.042127918566973399e-01 4.912316299999999636e+00
9.112909523184593574e-01 -2.958721258146536359e-03 4.117524088466660293e-01 2.960637100000000022e+00 4.065995437165322024e-02 9.957335769881232590e-01 -8.283363911438615390e-02 -4.686834999999999751e-01 -4.097506172454295492e-01 9.222738002867628127e-02 9.075233011003274175e-01 4.965592400000000239e+00
9.134137168958106345e-01 -4.420945553117051202e-03 4.070083992093973535e-01 2.983770400000000045e+00 4.023817851218407238e-02 9.960236697169850828e-01 -7.948420191164845550e-02 -4.742627999999999844e-01 -4.050386040571952728e-01 8.897923692596193534e-02 9.099595730687556339e-01 5.019640899999999739e+00
9.158330262015719203e-01 -3.816839700565240190e-03 4.015411558647147827e-01 3.006499499999999880e+00 3.797269765777214201e-02 9.962970721310255851e-01 -7.713765809082788472e-02 -4.800922000000000245e-01 -3.997598558523133838e-01 8.589281575222824927e-02 9.125866982654806669e-01 5.072767299999999757e+00
9.181793437402708813e-01 4.506595853402527857e-03 3.961393483643093072e-01 3.028419500000000042e+00 2.897151394617351536e-02 9.964940648836810855e-01 -7.848713290256421893e-02 -4.854847999999999941e-01 -3.951042192996072622e-01 8.354202083629651276e-02 9.148297036313565167e-01 5.126198800000000055e+00
9.206626931588991480e-01 1.226758869341929709e-02 3.901662616027326003e-01 3.049746999999999986e+00 2.121974848475102066e-02 9.964554317319898047e-01 -8.140205676798198398e-02 -4.908292000000000210e-01 -3.897818976038353034e-01 8.322306675112944863e-02 9.171390262445985320e-01 5.179418100000000358e+00
9.235167167058481175e-01 1.162220200098890155e-02 3.833820527691645941e-01 3.071489300000000089e+00 2.274776303978215397e-02 9.961217828758789361e-01 -8.499372304391750177e-02 -4.965925999999999951e-01 -3.828830281450670281e-01 8.721420813622307588e-02 9.196707392635885547e-01 5.231797199999999926e+00
9.265257476692149163e-01 1.082973758069748389e-02 3.760754654187580259e-01 3.093347099999999905e+00 2.413140307822378428e-02 9.958168107149801829e-01 -8.812805956630137549e-02 -5.022393000000000551e-01 -3.754566743200585810e-01 9.072814492415515186e-02 9.223885783264789140e-01 5.284979299999999824e+00
9.288080782136173275e-01 1.149861672501618567e-02 3.703826881193804099e-01 3.113614099999999940e+00 2.230943763122094151e-02 9.959702201256217524e-01 -8.686546848719174652e-02 -5.077506999999999993e-01 -3.698889601457519549e-01 8.894437832899736163e-02 9.248086584401999932e-01 5.338104200000000077e+00
9.316119358615904122e-01 9.534808648254167879e-03 3.633294488260772059e-01 3.134274700000000191e+00 2.168497176163056844e-02 9.964168312213047551e-01 -8.175121074694355339e-02 -5.139325000000000143e-01 -3.628070602398982825e-01 8.403919254095121305e-02 9.280670510028613540e-01 5.391563399999999895e+00
9.341632324505910745e-01 1.036045185122662707e-02 3.566955511005164836e-01 3.154415399999999980e+00 1.935589489216329312e-02 9.966357667922766117e-01 -7.963979961862138746e-02 -5.195108999999999977e-01 -3.563206483918470169e-01 8.130073423905256891e-02 9.308199536654790940e-01 5.445570499999999647e+00
9.365345002787291984e-01 1.296167340157695219e-02 3.503357315637415370e-01 3.173946400000000168e+00 1.746889158678712611e-02 9.963494943540786020e-01 -8.356149189130752941e-02 -5.251365999999999534e-01 -3.501399257645437801e-01 8.437819696463554064e-02 9.328892497304259734e-01 5.499079199999999723e+00
9.388363189668884612e-01 1.340901912924748196e-02 3.441025492417839615e-01 3.192952899999999872e+00 1.733833880276127240e-02 9.961336577675763415e-01 -8.612269079719829523e-02 -5.310525999999999858e-01 -3.439269518317277230e-01 8.682127658921305613e-02 9.349739663408580537e-01 5.551571400000000267e+00
9.412514452916896923e-01 1.546224127302735056e-02 3.373523911744512604e-01 3.211751700000000209e+00 1.490360527882290780e-02 9.960760960973102929e-01 -8.723699520980157662e-02 -5.367992000000000319e-01 -3.373775322780080410e-01 8.713971470206102743e-02 9.373276219314382596e-01 5.604432599999999987e+00
9.436529153901128675e-01 1.502926122754797214e-02 3.305953668500131726e-01 3.229903000000000191e+00 1.453014986198158248e-02 9.961232842651280839e-01 -8.675988295199138500e-02 -5.426646000000000525e-01 -3.306176795344269448e-01 8.667481671055907166e-02 9.397762638668110124e-01 5.657796399999999615e+00
9.464665274710751808e-01 1.016675041512165450e-02 3.226418286007585179e-01 3.248383000000000020e+00 1.852382889186304782e-02 9.961462793647910541e-01 -8.572897917780661348e-02 -5.485292999999999974e-01 -3.222700422627421402e-01 8.711617125241699622e-02 9.426307827385492777e-01 5.711585999999999608e+00
9.489468694730475162e-01 7.345239712985957535e-03 3.153504183774959446e-01 3.266134300000000046e+00 2.095346064886845563e-02 9.960528831228248059e-01 -8.625315362086545534e-02 -5.542943000000000175e-01 -3.147392435082401740e-01 8.845734269277517881e-02 9.450473570777252474e-01 5.765459500000000403e+00
9.511218578880986652e-01 5.679764610471125380e-03 3.087635854848512218e-01 3.283367900000000006e+00 2.216554528586139883e-02 9.959964846877633615e-01 -8.660075687774516917e-02 -5.599547999999999748e-01 -3.080193176566557445e-01 8.921178601276592846e-02 9.471881318865542632e-01 5.816230799999999590e+00
9.533535367038821207e-01 1.160282536905494349e-02 3.016329035394763047e-01 3.299845900000000221e+00 1.535963610901345394e-02 9.961018467639789487e-01 -8.686306724948916758e-02 -5.657780999999999505e-01 -3.014649492607697767e-01 8.744418400811915237e-02 9.494590033542026353e-01 5.868103500000000139e+00
9.550148632654419378e-01 1.522122391381380314e-02 2.961670563797649258e-01 3.315753200000000067e+00 1.077679128943238689e-02 9.962410350155173067e-01 -8.595150330689353690e-02 -5.714799000000000406e-01 -2.963620618628391989e-01 8.527669373150238707e-02 9.512609598814777412e-01 5.921929800000000021e+00
9.562938013402348947e-01 1.231839242217043322e-02 2.921479466406991521e-01 3.331840999999999831e+00 1.313968077430857119e-02 9.962926890832320970e-01 -8.501897710776937234e-02 -5.775689999999999991e-01 -2.921121604921517734e-01 8.514185156217571326e-02 9.525866631468088430e-01 5.975209699999999735e+00
9.578760326448007012e-01 1.055339721121223776e-02 2.869880344055463772e-01 3.348447300000000126e+00 1.452269542707623415e-02 9.962659017127675209e-01 -8.510783983851662182e-02 -5.832098999999999478e-01 -2.868145697174205311e-01 8.569059978637443009e-02 9.541459656185012905e-01 6.028226400000000318e+00
9.593191885957468301e-01 9.536545117805959870e-03 2.821626281051656804e-01 3.364177499999999821e+00 1.528040859443146465e-02 9.962105513608486840e-01 -8.562153041438252954e-02 -5.894114999999999771e-01 -2.819099209059255928e-01 8.644993733097705579e-02 9.555381754960315943e-01 6.081270199999999626e+00
9.625055860301213739e-01 -5.479993569058224864e-03 2.712065016390565741e-01 3.395398600000000044e+00 2.839448218644665539e-02 9.963388217852824358e-01 -8.063935506239275353e-02 -6.005489000000000521e-01 -2.697716631564109901e-01 8.531659788105808162e-02 9.591372831267824806e-01 6.186979799999999585e+00
9.638204400588595844e-01 -7.570719203240006481e-03 2.664448226847204171e-01 3.410092600000000029e+00 2.984463849511494876e-02 9.963762436119149024e-01 -7.964721413148095897e-02 -6.059752999999999945e-01 -2.648763048629347305e-01 8.471756238558666996e-02 9.605537349599979624e-01 6.239344100000000282e+00
9.649873249759433058e-01 -5.252212201666314750e-03 2.622439263410344945e-01 3.424587700000000012e+00 2.761517075063321669e-02 9.962773480888154065e-01 -8.166301506514860031e-02 -6.113806000000000518e-01 -2.608387720032944723e-01 8.604568526141205542e-02 9.615400538031202426e-01 6.292453799999999653e+00
9.659434693510789982e-01 -3.281116038757745865e-03 2.587323874112811839e-01 3.438557400000000097e+00 2.591241860995485008e-02 9.961196396204391457e-01 -8.410832375115401272e-02 -6.165821999999999692e-01 -2.574524433362082587e-01 8.794826797604760049e-02 9.622802822360176922e-01 6.345647300000000435e+00
9.663749685940309364e-01 -7.763800344084987454e-04 2.571357954640464683e-01 3.452017800000000136e+00 2.313358877547760928e-02 9.962027988723187732e-01 -8.393342951009236108e-02 -6.221303000000000250e-01 -2.560942348926520951e-01 8.705963905852537321e-02 9.627234089299722131e-01 6.398275400000000168e+00
9.665915405621003931e-01 -8.681112476374135828e-04 2.563201905754735610e-01 3.465817200000000042e+00 2.286622275379914665e-02 9.962992480258625605e-01 -8.285495905541458150e-02 -6.276112999999999831e-01 -2.552996858023116045e-01 8.594797709057795665e-02 9.630342754353442558e-01 6.451379300000000150e+00
9.668267716816882906e-01 -3.446039402317923467e-03 2.554097068868020903e-01 3.479865100000000044e+00 2.425011657734173556e-02 9.966309657327411253e-01 -7.834953725842422334e-02 -6.327635000000000343e-01 -2.542792272395639763e-01 8.194414533730609573e-02 9.636530660146257476e-01 6.504594299999999940e+00
9.671106879577597848e-01 -3.817860295185278308e-03 2.543272324794085271e-01 3.493505499999999930e+00 2.317523623491163018e-02 9.970509598655382666e-01 -7.315935932377370943e-02 -6.380957999999999908e-01 -2.532978990503567673e-01 7.664729201984532558e-02 9.643471195387581796e-01 6.557440299999999667e+00
9.673308459549067040e-01 -4.898568204833933515e-03 2.534699952532985523e-01 3.507178300000000082e+00 2.379479641622174457e-02 9.971539894336247656e-01 -7.153830456557645767e-02 -6.430666000000000437e-01 -2.523981817043759457e-01 7.523247560827177327e-02 9.646943725793032387e-01 6.610016800000000359e+00
9.676014091619210555e-01 -3.442175321932415197e-03 2.524592331781860821e-01 3.520655399999999879e+00 2.342424342658940700e-02 9.968183627909503741e-01 -7.618698328888703908e-02 -6.481763999999999859e-01 -2.513937505344087109e-01 7.963229892337875260e-02 9.646034828676605111e-01 6.662155600000000177e+00
9.676028107272063306e-01 -2.358572813735573467e-03 2.524663102417675220e-01 3.534148200000000184e+00 2.338496560341603303e-02 9.964951098168458588e-01 -8.031587324333361311e-02 -6.528768999999999822e-01 -2.513920127142808547e-01 8.361778067728473096e-02 9.642666242788185960e-01 6.713901500000000411e+00
9.676533855335092138e-01 5.706177068930014251e-04 2.522827775750267065e-01 3.547171800000000097e+00 2.019833242790478392e-02 9.966121026942554861e-01 -7.972668392995201081e-02 -6.581928000000000223e-01 -2.514735628901568765e-01 8.224348702947363587e-02 9.643635497096326725e-01 6.765399900000000244e+00
9.677768164160314157e-01 2.290757619513091037e-03 2.517990985630798040e-01 3.560189499999999896e+00 1.819893160341014976e-02 9.967073521603461161e-01 -7.901425844748688476e-02 -6.636326000000000169e-01 -2.511510153197580308e-01 8.105064206433218454e-02 9.645485788309545727e-01 6.816786800000000035e+00
9.679792584843950332e-01 -1.942664854951946241e-03 2.510226706838690203e-01 3.573846599999999984e+00 2.245109118234827825e-02 9.966327234124194856e-01 -7.886167084373542358e-02 -6.688171000000000532e-01 -2.500242061255723569e-01 8.197219453451957960e-02 9.647634195358322229e-01 6.867711100000000179e+00
9.681624986782734199e-01 7.881171858546143216e-04 2.503213035767099526e-01 3.586803000000000186e+00 2.025946727990330862e-02 9.964678686189912815e-01 -8.149442186713853897e-02 -6.738885000000000014e-01 -2.495013629994364546e-01 8.397121936250528940e-02 9.647268547004366201e-01 6.918480899999999600e+00
9.679784030887689239e-01 1.010514278048442113e-02 2.508300166309900270e-01 3.598787800000000203e+00 1.135228750809662637e-02 9.964051643311790940e-01 -8.395161739055159722e-02 -6.792409000000000363e-01 -2.507766670207781656e-01 8.411084700288112836e-02 9.643839633125427246e-01 6.969314599999999693e+00
9.680306944060964591e-01 1.670478488070641088e-02 2.502748985610425136e-01 3.610959100000000088e+00 5.129892786437242197e-03 9.962527486958299150e-01 -8.633739002311377475e-02 -6.845868000000000508e-01 -2.507793031485063273e-01 8.486112701403941694e-02 9.643175463685479398e-01 7.019867900000000382e+00
9.681081459934680611e-01 1.372957511744044359e-02 2.501561840694419003e-01 3.623817199999999961e+00 9.064891040753052243e-03 9.959238326068327041e-01 -8.974155891300734933e-02 -6.900258000000000225e-01 -2.503686190629911823e-01 8.914717276959517600e-02 9.640375180332344529e-01 7.069808000000000092e+00
9.683002741066110142e-01 1.234469841163551330e-02 2.494838423349050593e-01 3.636653700000000100e+00 1.051649403648229585e-02 9.958777634435357351e-01 -9.009374912768114418e-02 -6.957742999999999567e-01 -2.495675910815397525e-01 8.986149731573961352e-02 9.641788883718263037e-01 7.119670900000000024e+00
9.687141802915104627e-01 1.370200765466021708e-02 2.478005082488300981e-01 3.649009899999999806e+00 9.306364487957071580e-03 9.957669759415189725e-01 -9.144135390675045549e-02 -7.014204000000000550e-01 -2.480044928668917459e-01 9.088665804458831432e-02 9.644860739830937169e-01 7.169322000000000195e+00
9.691810460277616723e-01 4.426935327698487167e-03 2.463097689173902316e-01 3.662060499999999941e+00 1.820010199092473788e-02 9.958194616246948128e-01 -8.951176535530334932e-02 -7.068423999999999818e-01 -2.456763242725145957e-01 9.123596929450204784e-02 9.650487767977528053e-01 7.219109099999999835e+00
9.701258926061322452e-01 -2.981345886127684947e-03 2.425837259006929092e-01 3.675025499999999834e+00 2.434345622479085550e-02 9.960740389331621536e-01 -8.511113383341184502e-02 -7.124445000000000361e-01 -2.413776059086404080e-01 8.847384099316882300e-02 9.663897923848991933e-01 7.267516099999999923e+00
9.705556525155951686e-01 -9.567924203262332533e-03 2.406868924484005523e-01 3.687368900000000060e+00 2.946295954203548631e-02 9.964234697772356153e-01 -7.919724043247232392e-02 -7.182454000000000338e-01 -2.390683153097701574e-01 8.395667753987813564e-02 9.673663302552002463e-01 7.316081500000000126e+00
9.716006637220970799e-01 -1.358096889061480642e-02 2.362365499637438804e-01 3.700293100000000113e+00 3.309762705163976637e-02 9.963371710411099702e-01 -7.884661492637710933e-02 -7.233545000000000114e-01 -2.343004424629430149e-01 8.442629262137467394e-02 9.684913545178805983e-01 7.365011199999999647e+00
9.728423449077020502e-01 -1.288442013957064210e-02 2.311098519582208410e-01 3.711874499999999966e+00 3.310030222687963125e-02 9.959318320827155180e-01 -8.381023706478207824e-02 -7.284838999999999620e-01 -2.290898119667763855e-01 8.918395350079952322e-02 9.693111370922106174e-01 7.413155999999999857e+00
9.742831641680096411e-01 -1.411618271193144578e-02 2.248845245996585751e-01 3.723516000000000048e+00 3.455163255823807955e-02 9.955917709500786694e-01 -8.719638928330991634e-02 -7.333963999999999483e-01 -2.226623019424966987e-01 9.272410151697016434e-02 9.704760379790625668e-01 7.462767099999999765e+00
9.759890619537373579e-01 -1.244392744729380489e-02 2.174637892071922540e-01 3.733465199999999928e+00 3.242580616694892143e-02 9.955428419124027206e-01 -8.856080968125892849e-02 -7.379514000000000351e-01 -2.153924744300207139e-01 9.348582024383803035e-02 9.720424287922053708e-01 7.510763599999999762e+00
9.781799509306258189e-01 -1.611338993010905107e-02 2.071336338268573996e-01 3.744323699999999810e+00 3.413949144416669051e-02 9.959019128027293277e-01 -8.374888178237707703e-02 -7.433912999999999771e-01 -2.049353037455773352e-01 8.899291399221154197e-02 9.747213871347456537e-01 7.559606600000000398e+00
9.805099461874733358e-01 -2.123345307120729636e-02 1.953186778014607550e-01 3.754198999999999842e+00 3.788135744565012536e-02 9.959205363539329614e-01 -8.189803432665046512e-02 -7.487470999999999988e-01 -1.927829042874727727e-01 8.770077388009281383e-02 9.773143435329902928e-01 7.607833399999999635e+00
9.829990942329152048e-01 -2.486701631706932786e-02 1.819186967762105867e-01 3.762824300000000122e+00 4.085394769925127650e-02 9.955714244172256810e-01 -8.466695837954114900e-02 -7.534665000000000390e-01 -1.790076414420766482e-01 9.065964032215613477e-02 9.796617242303601314e-01 7.654573000000000071e+00
9.855268558979483062e-01 -2.543545531316462882e-02 1.676002801814979737e-01 3.770839000000000052e+00 4.034597987984980816e-02 9.954632423915010797e-01 -8.616922278246630373e-02 -7.583659999999999846e-01 -1.646481649197444885e-01 9.168408073603379060e-02 9.820819778043731185e-01 7.702062100000000022e+00
9.875950013908031400e-01 -2.739317700609717257e-02 1.546147699329277481e-01 3.777543800000000118e+00 4.119286188865037279e-02 9.953767008459967203e-01 -8.676618893533269428e-02 -7.633874999999999966e-01 -1.515231380262503647e-01 9.205887934605713752e-02 9.841574576134786145e-01 7.749345299999999881e+00
9.895417738799430207e-01 -2.953062197338671840e-02 1.411914307328904217e-01 3.784150400000000136e+00 4.238771695115372412e-02 9.951347038312946536e-01 -8.893932022604127130e-02 -7.684902999999999595e-01 -1.378780591617264628e-01 9.399395510598736181e-02 9.859790957243105280e-01 7.796671899999999766e+00
