1.000000000000000000e+00 0.000000000000000000e+00 0.000000000000000000e+00 0.000000000000000000e+00 0.000000000000000000e+00 1.000000000000000000e+00 0.000000000000000000e+00 0.000000000000000000e+00 0.000000000000000000e+00 0.000000000000000000e+00 1.000000000000000000e+00 0.000000000000000000e+00
9.994378960957498448e-01 8.137552508191981922e-04 3.351461845363919168e-02 1.642599999999999920e-03 -8.080167299927819855e-04 9.999996564848071534e-01 -1.847680484955731208e-04 -7.330000000000000361e-04 -3.351475729682822091e-02 1.575838172442677683e-04 9.994382103015049257e-01 4.783430000000000321e-02
9.977025166342048390e-01 4.274532188498516541e-04 6.774588980536035143e-02 5.085899999999999969e-03 -3.736861584184051027e-04 9.999996050965715977e-01 -8.063283177568790049e-04 -1.870099999999999974e-03 -6.774620771991106405e-02 7.791600905494612539e-04 9.977022823714116750e-01 9.498260000000000036e-02
9.948444044101889538e-01 -1.885237356875533142e-04 1.014128959873323854e-01 1.039280000000000065e-02 4.059082727313213226e-04 9.999976642048197251e-01 -2.122928020147775863e-03 -2.712599999999999907e-03 -1.014122588852577611e-01 2.153147395252514532e-03 9.948421571807678498e-01 1.421622999999999915e-01
9.860269182928500520e-01 1.632899756956925031e-03 1.665780599007232188e-01 2.506730000000000069e-02 -4.477803504861473192e-04 9.999743252357083945e-01 -7.151808313103259415e-03 -4.735500000000000126e-03 -1.665854612343554142e-01 6.977285129144744982e-03 9.860023334645632298e-01 2.372111000000000081e-01
9.800882676183234610e-01 -1.699557162205826656e-03 1.985550280964092640e-01 3.486430000000000085e-02 3.975884226300708917e-03 9.999308618208081478e-01 -1.106634189400121197e-02 -6.237300000000000309e-03 -1.985224924826719251e-01 1.163542366002493118e-02 9.800272633425659574e-01 2.841992999999999880e-01
9.733021221232489584e-01 -6.435085031921427418e-03 2.294375051098054841e-01 4.655839999999999979e-02 1.033206216630395621e-02 9.998219834872280609e-01 -1.578764792667506148e-02 -7.810600000000000008e-03 -2.292950665883845551e-01 1.773671379644374199e-02 9.731953459721903732e-01 3.303807000000000271e-01
9.657991703086159507e-01 -1.234350422786978374e-02 2.589972983151865860e-01 5.983630000000000199e-02 1.824118524988615347e-02 9.996258818631099663e-01 -2.038027158992548882e-02 -9.475600000000000689e-03 -2.586488387599459315e-01 2.440766709000163903e-02 9.656630074696633814e-01 3.765290000000000026e-01
9.577407469667402751e-01 -1.707660792350958190e-02 2.871254970590685907e-01 7.437549999999999717e-02 2.501624237972577269e-02 9.993987691315040500e-01 -2.400599665986758932e-02 -1.156319999999999917e-02 -2.865429273543307898e-01 3.017432220053155659e-02 9.575921162284855015e-01 4.222772000000000192e-01
9.400352421365456568e-01 -2.764240891613760701e-02 3.399553511427627073e-01 1.079542000000000002e-01 4.212896020397414315e-02 9.984882148244172972e-01 -3.530489440403810492e-02 -1.607540000000000011e-02 -3.384654993546875601e-01 4.750981041912664266e-02 9.397786567381282152e-01 5.125030000000000419e-01
9.306741015954769214e-01 -2.727423149585815609e-02 3.648312389527001987e-01 1.266406999999999949e-01 4.833051741726733519e-02 9.976430934785365245e-01 -4.870748526412788104e-02 -1.923199999999999910e-02 -3.626429065977040400e-01 6.296327763773384989e-02 9.297987674564225369e-01 5.571789000000000325e-01
9.207545175049112185e-01 -2.067033960102329648e-02 3.895944757758719734e-01 1.457104999999999928e-01 5.006200662418770764e-02 9.965999718466812540e-01 -6.543922071627940318e-02 -2.241980000000000015e-02 -3.869171926744247592e-01 7.975733932355387468e-02 9.186587249011296530e-01 6.011682999999999888e-01
8.987647213321507955e-01 -1.154229120629541444e-02 4.382793072943901858e-01 1.852776999999999896e-01 5.608406463978345829e-02 9.944674929390517892e-01 -8.881994810287616171e-02 -3.044890000000000096e-02 -4.348293382261850248e-01 1.044087209059956778e-01 8.944396377713546009e-01 6.849094999999999489e-01
8.757031801708500263e-01 -1.384051392072571315e-02 4.826514067244288553e-01 2.313954000000000011e-01 6.422493188223761529e-02 9.940459303993272044e-01 -8.802185172590898388e-02 -4.026500000000000218e-02 -4.785593989917884539e-01 1.080792692006481148e-01 8.713780885503560336e-01 7.676262000000000363e-01
8.644362154298869116e-01 -1.881560682843603713e-02 5.023902889118496695e-01 2.551357000000000208e-01 6.850870663625532875e-02 9.943863302766070555e-01 -8.063735656660583895e-02 -4.513740000000000113e-02 -4.980527949608169469e-01 1.041239602526725649e-01 8.608725889079162918e-01 8.080315999999999610e-01
8.538176281410641000e-01 -2.670573287096649276e-02 5.198867777770388443e-01 2.795988999999999836e-01 7.648382545888095241e-02 9.942809571656536782e-01 -7.453591524176188254e-02 -4.949409999999999921e-02 -5.149229867841822461e-01 1.034030079329235768e-01 8.509771651646598212e-01 8.476116999999999679e-01
8.124549127848752494e-01 -2.285631606066781951e-02 5.825758349844726292e-01 4.332216999999999874e-01 8.218646085382372291e-02 9.937432653475279931e-01 -7.562875265899426935e-02 -7.558239999999999403e-02 -5.772022178959844707e-01 1.093247977019271289e-01 8.092500777036657489e-01 1.072047100000000031e+00
8.074069705271841313e-01 -2.455901497746701412e-02 5.894835355864074256e-01 4.606987000000000165e-01 8.611016689769632193e-02 9.933396687877206199e-01 -7.655939896284712221e-02 -8.012909999999999477e-02 -5.836771565694220953e-01 1.125751180147640945e-01 8.041441535589226586e-01 1.108239699999999939e+00
8.051154590822048318e-01 -2.174905113631076664e-02 5.927192221630074309e-01 5.153615999999999753e-01 8.709770221978191396e-02 9.928292894617918307e-01 -8.187791066476762802e-02 -8.833889999999999798e-02 -5.866882373244622917e-01 1.175456539454505234e-01 8.012365015547230351e-01 1.182792999999999983e+00
8.113601537525362284e-01 -2.333705239929538544e-02 5.840805448634401875e-01 5.719216000000000300e-01 8.692170483489272681e-02 9.929107593744840310e-01 -8.107306055022933666e-02 -9.744869999999999921e-02 -5.780478510739889275e-01 1.165487275936460398e-01 8.076367227689968953e-01 1.261302900000000005e+00
8.160862313441782367e-01 -2.211536452813585296e-02 5.775068602728836709e-01 6.004793999999999965e-01 8.440877158455886708e-02 9.931131765162043434e-01 -8.124886405039749571e-02 -1.019183000000000033e-01 -5.717328242195318655e-01 1.150527239211739661e-01 8.123327202743195752e-01 1.302092100000000086e+00
8.284383201957495890e-01 -1.565937755679137205e-02 5.598613520558268775e-01 6.860047000000000228e-01 7.471906853747073418e-02 9.937638424450537800e-01 -8.276766425201974309e-02 -1.160902999999999935e-01 -5.550738783514654884e-01 1.104002234752093775e-01 8.244421024113739449e-01 1.428293100000000093e+00
8.294325383695375642e-01 -1.293236161002460707e-02 5.584571767978750989e-01 7.154506000000000476e-01 7.068399417979938371e-02 9.941259045521062543e-01 -8.196010532720604536e-02 -1.212316999999999978e-01 -5.541168083181159387e-01 1.074543620410273737e-01 8.254744834443401569e-01 1.472609499999999905e+00
8.292505454966071499e-01 -1.100803561347421175e-02 5.587686068002675199e-01 7.452575000000000172e-01 6.763172676995336807e-02 9.944348510476854752e-01 -8.077918392681410209e-02 -1.262204000000000104e-01 -5.547697561400530830e-01 1.047766680788245475e-01 8.253801351490148708e-01 1.517656799999999917e+00
8.286375541806416667e-01 -1.058305518369060533e-02 5.596854498238300613e-01 7.758095999999999881e-01 6.672502639945471214e-02 9.945604432772610082e-01 -7.998309521473977168e-02 -1.314240000000000130e-01 -5.557945435622017039e-01 1.036220228094251045e-01 8.248362878386030772e-01 1.563264299999999940e+00
8.279968511851788504e-01 -1.073946367182052400e-02 5.606298942684651010e-01 8.373597999999999875e-01 6.613175102832402619e-02 9.947090948890414674e-01 -7.861557130080297495e-02 -1.418740000000000001e-01 -5.568193656234996514e-01 1.021688820779865364e-01 8.243262179511081644e-01 1.655445899999999915e+00
8.282171412668101196e-01 -1.140025069128259433e-02 5.602913538472715782e-01 8.700309000000000514e-01 6.618458090782000647e-02 9.947859107910594911e-01 -7.759247992981380126e-02 -1.471596000000000015e-01 -5.564853710223556238e-01 1.013460703519294959e-01 8.246532640221180266e-01 1.702955400000000008e+00
8.279661410729560744e-01 -1.116543670082025333e-02 5.606669263119037350e-01 9.015480000000000160e-01 6.584886811977362642e-02 9.948207678453721003e-01 -7.743104306987608210e-02 -1.523831999999999964e-01 -5.568985507290376002e-01 1.010295644196505527e-01 8.244131435809798347e-01 1.749925699999999917e+00
8.284868286889208733e-01 -9.568813754594136106e-03 5.599267920829511525e-01 9.990126000000000284e-01 6.260685421928843808e-02 9.951686923094736903e-01 -7.562840505932078017e-02 -1.686348000000000014e-01 -5.564979393436595423e-01 9.771239251180896535e-02 8.250832272297619063e-01 1.894205200000000033e+00
8.293017784475344989e-01 -8.882619648437714566e-03 5.587303995058238160e-01 1.030822799999999928e+00 6.103438803554173120e-02 9.953314276875460109e-01 -7.476732263895959074e-02 -1.735439000000000009e-01 -5.554577965434307485e-01 9.610644164494151764e-02 8.259722683804002763e-01 1.941929800000000039e+00
8.336757681318476276e-01 -1.295047932471802415e-02 5.521023444208815745e-01 1.125885000000000025e+00 6.185202145809006596e-02 9.956246047153461953e-01 -7.004265790900977839e-02 -1.894481000000000082e-01 -5.487795924333572772e-01 9.254151268847217449e-02 8.308291204321184287e-01 2.085469499999999865e+00
8.350609575538137097e-01 -1.314833466876249787e-02 5.500002895133293546e-01 1.156969399999999926e+00 6.201610390271122819e-02 9.955921721262377400e-01 -7.035786848454202158e-02 -1.945273999999999892e-01 -5.466508941052194981e-01 9.286198412912684275e-02 8.321955610777829193e-01 2.132410300000000092e+00
8.334727736685010324e-01 -8.518183338857957670e-03 5.524948652303849350e-01 1.251155299999999970e+00 6.022594750265333752e-02 9.953246845354278838e-01 -7.550899020552910568e-02 -2.100516000000000050e-01 -5.492685780205739388e-01 9.620921425236071689e-02 8.300890411830529336e-01 2.274959099999999790e+00
8.269661872818340198e-01 -8.402310497189490607e-03 5.621888706394455593e-01 1.314077099999999998e+00 6.040060889637809127e-02 9.954296268171991535e-01 -7.397042989950936009e-02 -2.205029000000000017e-01 -5.589979351817797593e-01 9.512759448698510090e-02 8.236941478665648075e-01 2.368379800000000035e+00
8.232361255403528588e-01 -1.082828598939863940e-02 5.675958331663827350e-01 1.346327400000000063e+00 6.166435725616933872e-02 9.956079450072359283e-01 -7.044378526635264315e-02 -2.256881000000000026e-01 -5.643401356004124070e-01 9.299230108455364130e-02 8.202881465006719441e-01 2.415243400000000040e+00
8.197717111838774828e-01 -8.779532632416934407e-03 5.726231407735925538e-01 1.378064500000000026e+00 5.883903096872859784e-02 9.958823928091320443e-01 -6.896541254439603197e-02 -2.308833999999999886e-01 -5.696598195215442084e-01 9.022848496740962232e-02 8.169127924834864718e-01 2.461034100000000002e+00
8.162806170629745006e-01 -8.927093843511781784e-03 5.775865832953520629e-01 1.409940100000000029e+00 6.136849261893459473e-02 9.955622356346767177e-01 -7.134243542075188738e-02 -2.356895999999999991e-01 -5.743865095220893613e-01 9.368106518178323516e-02 8.132059983211125109e-01 2.506451399999999996e+00
8.098852030222475351e-01 -5.866891962642988706e-03 5.865590656569135142e-01 1.474628700000000014e+00 6.104591493434227689e-02 9.953632765125381976e-01 -7.433265796440655104e-02 -2.456501000000000101e-01 -5.834032517868252832e-01 9.600795461274591602e-02 8.064881390669270678e-01 2.595926500000000026e+00
8.073563549848922216e-01 -4.357316340065021248e-03 5.900480741938077811e-01 1.506973899999999977e+00 5.992312310369317385e-02 9.954084001517171654e-01 -7.464138413037776920e-02 -2.510507000000000155e-01 -5.870135734231435309e-01 9.561971920954159820e-02 8.039104016712809164e-01 2.640091700000000152e+00
8.052606538797949520e-01 -6.103286818024595412e-03 5.928895590268916660e-01 1.540444900000000006e+00 6.152324402802528125e-02 9.954094530440503741e-01 -7.331378611702195347e-02 -2.557607000000000075e-01 -5.897204166020990623e-01 9.551319636867629248e-02 8.019395610406594432e-01 2.684323099999999851e+00
8.035074773824427696e-01 -1.136358558802352120e-02 5.951861916350941195e-01 1.573283299999999940e+00 6.204786994938276540e-02 9.959706510076742347e-01 -6.474970398460580534e-02 -2.603764000000000078e-01 -5.920521899505547525e-01 8.895690672417325140e-02 8.009749516188499063e-01 2.728367099999999823e+00
8.019729117882122837e-01 -1.694435581297904295e-02 5.971200361435040627e-01 1.606097000000000108e+00 6.154757800595175854e-02 9.966215582990243238e-01 -5.438166212268408933e-02 -2.650946000000000136e-01 -5.941812386802007850e-01 8.036391192387074001e-02 8.003063771211338384e-01 2.772292100000000037e+00
8.006409900473158148e-01 -1.928000818311930570e-02 5.988341058594714994e-01 1.638050599999999912e+00 6.292570131781022313e-02 9.966603512343087390e-01 -5.204325500164279361e-02 -2.691432000000000269e-01 -5.958308158946763466e-01 7.935001929403125154e-02 7.991803383894784396e-01 2.815518899999999825e+00
7.998559789520902630e-01 -1.549325630543157278e-02 5.999919765660601811e-01 1.670045400000000013e+00 6.233928617577066261e-02 9.964044628850599050e-01 -5.737560232216071254e-02 -2.730095000000000161e-01 -5.969457482331947951e-01 8.329529009367558912e-02 7.979459056317801391e-01 2.858120200000000111e+00
7.988980475805389503e-01 -1.285146812335105290e-02 6.013291522444904613e-01 1.702174099999999912e+00 6.416987797728467002e-02 9.958866198735004671e-01 -6.396926697496641001e-02 -2.770124999999999948e-01 -5.980335578647603123e-01 8.969214081517190573e-02 7.964365533698261057e-01 2.900818800000000142e+00
7.986411531395427588e-01 -1.642482625286761228e-02 6.015833554832649144e-01 1.735138999999999987e+00 6.948148882262347725e-02 9.954592864058054991e-01 -6.506252238759316353e-02 -2.810792999999999764e-01 -5.977830971371914659e-01 9.376051509568153475e-02 7.961559737803011183e-01 2.943151999999999990e+00
7.988258157001220106e-01 -2.019864259608222454e-02 6.012231956672250410e-01 1.768052900000000038e+00 7.339334750073890634e-02 9.952423126235141471e-01 -6.407929233718978601e-02 -2.857527999999999735e-01 -5.970684489350198687e-01 9.531397589585161034e-02 7.965076981958520985e-01 2.985411399999999826e+00
7.989557823134316727e-01 -2.107835483836493357e-02 6.010202666010858730e-01 1.799879000000000007e+00 7.199142741981021110e-02 9.955512763634498663e-01 -6.078561103718561204e-02 -2.900627000000000066e-01 -5.970652328565032585e-01 9.183332232046165222e-02 7.969189096925707316e-01 3.028178899999999896e+00
7.993911177832819792e-01 -2.280496073555497022e-02 6.003780263925759808e-01 1.831415400000000027e+00 7.049172458984395706e-02 9.959376236030579310e-01 -5.602826658253082237e-02 -2.938440999999999970e-01 -5.966613424494202622e-01 8.711018113712856725e-02 7.977512511859270461e-01 3.070596200000000220e+00
8.000033135404358564e-01 -2.411135719431350619e-02 5.995109179811253242e-01 1.862918400000000085e+00 6.749289200065008987e-02 9.964667109029401448e-01 -4.998803448491465073e-02 -2.979299000000000253e-01 -5.961873932361467787e-01 8.045331886581597036e-02 7.988040157821965082e-01 3.113087199999999832e+00
8.006395407668831510e-01 -1.788301957731968858e-02 5.988793896698997310e-01 1.893710299999999958e+00 5.892225447180135522e-02 9.970592627492568250e-01 -4.899994381495489243e-02 -3.015135999999999927e-01 -5.962419757854647839e-01 7.451861630965547767e-02 7.993387780751910476e-01 3.155576200000000053e+00
8.019454827041068157e-01 -1.284718200067463609e-02 5.972590666412012084e-01 1.924491500000000022e+00 5.146432690844647551e-02 9.975376866940193210e-01 -4.764437722339471409e-02 -3.048986000000000196e-01 -5.951763317087952476e-01 6.894572894520822892e-02 8.006320132457083183e-01 3.197983999999999938e+00
8.031786048466276196e-01 -1.615570102588576723e-02 5.955192037549982276e-01 1.955570100000000089e+00 5.460544429083483836e-02 9.974205871313693850e-01 -4.658774324127289840e-02 -3.084236000000000200e-01 -5.932304562060392028e-01 6.993686932424433844e-02 8.019890648498259056e-01 3.240022699999999922e+00
8.053538997299195534e-01 -1.867355088118766854e-02 5.925001220989735140e-01 1.986866199999999916e+00 5.848501589999322708e-02 9.971302964422591453e-01 -4.806947921654610573e-02 -3.120917000000000274e-01 -5.899021945246417653e-01 7.336532160673811531e-02 8.041348956988196850e-01 3.281981200000000154e+00
8.089477180355871822e-01 -1.948429770502818278e-02 5.875576155816194523e-01 2.017438400000000076e+00 6.073672624420042854e-02 9.968722559272675809e-01 -5.056436934855988025e-02 -3.157100999999999935e-01 -5.847346745064408990e-01 7.659025724870206775e-02 8.076009490611215647e-01 3.324205200000000193e+00
8.142673864346005042e-01 -2.389721410204288451e-02 5.799978849505627032e-01 2.047980799999999935e+00 6.546966025747459617e-02 9.965579047691839332e-01 -5.085337774253552434e-02 -3.190630999999999884e-01 -5.767862229411655495e-01 7.938051146355305787e-02 8.130291430355057747e-01 3.366190399999999805e+00
8.196237391317510168e-01 -3.065204608633211383e-02 5.720816185846289148e-01 2.078280400000000139e+00 7.239407998834281044e-02 9.961044917097966467e-01 -5.034817552016239428e-02 -3.231453000000000242e-01 -5.683097953003528602e-01 8.268188233397343045e-02 8.186499147372960916e-01 3.408298299999999781e+00
8.262397356989132913e-01 -2.853860640248458494e-02 5.625952782389789242e-01 2.107186800000000027e+00 6.949023239865215196e-02 9.962514594297625647e-01 -5.151831892879803199e-02 -3.265116000000000129e-01 -5.590161059874494409e-01 8.166135884659340982e-02 8.251256969201460345e-01 3.451143300000000025e+00
8.332722641592477109e-01 -2.739275456616441576e-02 5.521838197377740842e-01 2.135282999999999820e+00 6.666363600415235735e-02 9.964627381494520764e-01 -5.116611294990307257e-02 -3.298056999999999794e-01 -5.488290202035844834e-01 7.944588395237499323e-02 8.321508625876674614e-01 3.494379799999999925e+00
8.405844199952445805e-01 -2.996691824715500344e-02 5.408510115290776632e-01 2.162984400000000029e+00 6.626922174000342280e-02 9.966574749834952174e-01 -4.777308666496146022e-02 -3.335343000000000058e-01 -5.376115913103365340e-01 7.599908795697477015e-02 8.397606298931117319e-01 3.537458200000000108e+00
8.474929665302386450e-01 -2.996319105290699489e-02 5.299602615892089474e-01 2.190503599999999995e+00 6.528416437516521009e-02 9.967092922082959605e-01 -4.804752550833538138e-02 -3.370367000000000224e-01 -5.267766600406782462e-01 7.531795275739193440e-02 8.466602367117656014e-01 3.581446899999999989e+00
8.544741583700131704e-01 -3.097346992283357345e-02 5.185697222541991724e-01 2.216803800000000102e+00 6.509482723111197078e-02 9.967371061736018945e-01 -4.772635167730365779e-02 -3.402819999999999734e-01 -5.153994335906952884e-01 7.453714065895811203e-02 8.537023125872256202e-01 3.625359099999999835e+00
8.611592086845900607e-01 -3.254732461124558440e-02 5.072923111563794052e-01 2.242649800000000138e+00 6.641931977251289143e-02 9.965972301188753546e-01 -4.881019238173661678e-02 -3.439775999999999945e-01 -5.039774709832647304e-01 7.572735688003159882e-02 8.603906532275189534e-01 3.669348999999999972e+00
8.682429833785908491e-01 -2.978283796412631648e-02 4.952444894964977973e-01 2.267924799999999852e+00 6.508339958796058311e-02 9.964078872819125410e-01 -5.418000794083938088e-02 -3.477229000000000014e-01 -4.918518810698175869e-01 7.927360673766623012e-02 8.670625250596890599e-01 3.713125499999999857e+00
8.745750752617817980e-01 -2.879242382739952491e-02 4.840345380868932290e-01 2.292609899999999978e+00 6.806247818329955179e-02 9.956420117281107318e-01 -6.375330223249976724e-02 -3.513213000000000030e-01 -4.800895091484468358e-01 8.870163928667824937e-02 8.727233710595009297e-01 3.757016899999999993e+00
8.814736496274909738e-01 -2.687749904267004372e-02 4.714677136958611570e-01 2.316599099999999911e+00 6.758579758304716911e-02 9.952813503393027617e-01 -6.962178992124196109e-02 -3.552216999999999736e-01 -4.673717631366433034e-01 9.323429472026611986e-02 8.791308214995990911e-01 3.801276000000000099e+00
8.872577837737178896e-01 -2.792316501896794506e-02 4.604279769825829760e-01 2.338290199999999874e+00 6.615461288097521098e-02 9.955503052471420533e-01 -6.710556546882300022e-02 -3.595853999999999995e-01 -4.565054132510575347e-01 8.999936987360336593e-02 8.851570036410690845e-01 3.845019100000000023e+00
8.932426657084286958e-01 -2.733601581110605902e-02 4.487430026169492159e-01 2.361107800000000090e+00 6.297219290454537932e-02 9.959171154110384450e-01 -6.468077111591252759e-02 -3.637631000000000059e-01 -4.451427221452610716e-01 8.603395533701388431e-02 8.913170678553035131e-01 3.890257800000000099e+00
8.980604460332568539e-01 -2.418417163415660306e-02 4.392067407416664904e-01 2.382777499999999993e+00 5.955202650936713971e-02 9.959791438071418090e-01 -6.692608788671480791e-02 -3.681579999999999853e-01 -4.358222016019553391e-01 8.625932380654452447e-02 8.958896905575274294e-01 3.934937000000000129e+00
9.012934860290648942e-01 -1.738435083105878062e-02 4.328600655959827237e-01 2.403300999999999910e+00 5.468897217910546893e-02 9.957664078382580941e-01 -7.388083203974332713e-02 -3.726412000000000058e-01 -4.297431423112750282e-01 9.026098474465255039e-02 8.984285092701348452e-01 3.979368899999999876e+00
9.039181599105381437e-01 -8.905647093597202080e-03 4.276127332456214902e-01 2.424025799999999897e+00 4.855233760236914164e-02 9.954570833970510790e-01 -8.190156059552199108e-02 -3.770077000000000012e-01 -4.249407378650489897e-01 9.479390573491890126e-02 9.002441250784294358e-01 4.024296800000000118e+00
9.055686035149819180e-01 -5.516838566420514262e-03 4.241639645469162390e-01 2.444334000000000007e+00 4.595850000125277501e-02 9.953056058593114930e-01 -8.517374726207453672e-02 -3.818188000000000137e-01 -4.217028819033140086e-01 9.662461092941566909e-02 9.015710531939113981e-01 4.068896299999999577e+00
9.072900538875597887e-01 -4.340877964079236512e-03 4.204829543456068963e-01 2.464815100000000037e+00 4.443624978735741249e-02 9.953376342817389366e-01 -8.560615332595418459e-02 -3.869870999999999728e-01 -4.181509031695905820e-01 9.635429705483906926e-02 9.032528281813034798e-01 4.113595499999999738e+00
9.092776859165926373e-01 -3.953945444812471954e-03 4.161711861837457116e-01 2.484352799999999917e+00 4.367697037587048303e-02 9.953397290216717819e-01 -8.597177496045108058e-02 -3.919113000000000180e-01 -4.138917879747697759e-01 9.634931316041936422e-02 9.052129018637349311e-01 4.157732499999999831e+00
9.120897343598408646e-01 -2.347068826939750080e-03 4.099839115664375422e-01 2.504741699999999849e+00 3.962322249923870554e-02 9.958073034942287460e-01 -8.244886018817249029e-02 -3.969282000000000088e-01 -4.080714603034261145e-01 9.144564273640706786e-02 9.083586173479913928e-01 4.202359699999999698e+00
9.142375826074864431e-01 -3.630302649902165252e-03 4.051622680490984396e-01 2.523808700000000016e+00 3.902838760737513402e-02 9.960991095865049383e-01 -7.914132196103669525e-02 -4.015894999999999881e-01 -4.032944674909238469e-01 8.816680091532240471e-02 9.108129268447885396e-01 4.247243899999999961e+00
9.166518671828078890e-01 -2.992949748725909354e-03 3.996753640669805097e-01 2.543070800000000187e+00 3.670761213147840513e-02 9.963761729838054304e-01 -7.672726452670315667e-02 -4.065200999999999953e-01 -3.979973688378815599e-01 8.500331853490981915e-02 9.134399434205708879e-01 4.292288799999999682e+00
9.189713673352251089e-01 4.353802569793984931e-03 3.943002287866569922e-01 2.561615699999999940e+00 2.869729046427255126e-02 9.965491049228768494e-01 -7.788675752284276999e-02 -4.110977000000000103e-01 -3.932786436332845192e-01 8.289104825369375540e-02 9.156751512307014229e-01 4.337513399999999741e+00
9.214100570765935139e-01 1.225921712086889756e-02 3.883982727995737294e-01 2.579489699999999885e+00 2.080117844365235794e-02 9.965131928816586271e-01 -8.080078828920869705e-02 -4.155918000000000112e-01 -3.880345573443995111e-01 8.252980072910384712e-02 9.179422717677567789e-01 4.382502099999999956e+00
9.242327279181922206e-01 1.166814902703585538e-02 3.816513054388516180e-01 2.597785700000000197e+00 2.232635530157757453e-02 9.961713887000275269e-01 -8.452276731393876252e-02 -4.203734000000000082e-01 -3.811763351833957758e-01 8.663959045229494005e-02 9.204336928113909799e-01 4.426896099999999556e+00
9.271593185707629470e-01 1.097575260964017349e-02 3.745065164213441933e-01 2.616107899999999820e+00 2.366708794242467287e-02 9.958588646129065136e-01 -8.777807653519281716e-02 -4.250592000000000259e-01 -3.739190646860949818e-01 9.024774028497670186e-02 9.230600622049094373e-01 4.471945800000000304e+00
9.295920257585363888e-01 1.132106565514979027e-02 3.684162036590848954e-01 2.633550899999999917e+00 2.203417968546031100e-02 9.960338146461835684e-01 -8.620403126861823917e-02 -4.298336999999999852e-01 -3.679309182057541872e-01 8.825232888600646752e-02 9.256556410860719009e-01 4.517056000000000182e+00
9.323000731210264735e-01 9.576507573264076562e-03 3.615589359443740491e-01 2.650947799999999965e+00 2.127371996689370395e-02 9.964668040100395086e-01 -8.124861441764827386e-02 -4.350025000000000142e-01 -3.610595553330487872e-01 8.343979271736423620e-02 9.288023463008610037e-01 4.562368400000000435e+00
9.349157243496495351e-01 1.023051385443115094e-02 3.547223209075576755e-01 2.667813499999999838e+00 1.912521058099524857e-02 9.966790753106186118e-01 -7.915205087805755879e-02 -4.397042999999999924e-01 -3.543540809472957576e-01 8.078463606555590093e-02 9.316152789063482098e-01 4.607832000000000150e+00
9.373330880728517611e-01 1.280311349707044868e-02 3.481993140265969844e-01 2.684419399999999900e+00 1.723304936351135325e-02 9.963982445131559507e-01 -8.302746738722004138e-02 -4.444445000000000201e-01 -3.480081953251192850e-01 8.382492836789208479e-02 9.337364067929831979e-01 4.652999399999999675e+00
9.396870335011702213e-01 1.320178134281976834e-02 3.417806197535885326e-01 2.700528600000000168e+00 1.716309718721410749e-02 9.961760058566434539e-01 -8.566675814134143419e-02 -4.493265000000000176e-01 -3.416046064746681710e-01 8.636595582103646918e-02 9.358670923322424118e-01 4.697570800000000268e+00
9.420611219360580657e-01 1.511019631967691276e-02 3.351007676860147111e-01 2.716251100000000029e+00 1.485818347474768264e-02 9.961247704346464227e-01 -8.668723153010415849e-02 -4.543198999999999987e-01 -3.351120363705343275e-01 8.664365928158834773e-02 9.381859087547039788e-01 4.742420700000000267e+00
9.443567135832922066e-01 1.471598685389358119e-02 3.285937267220418456e-01 2.731355399999999989e+00 1.448037018856985353e-02 9.961701176329050833e-01 -8.622885604277763516e-02 -4.590780999999999890e-01 -3.286041941140828704e-01 8.618895791318120780e-02 9.405268455203573685e-01 4.787612400000000434e+00
9.471446106520470254e-01 9.957572750016460000e-03 3.206523557651032585e-01 2.746795699999999840e+00 1.841909677422755298e-02 9.961814535135168347e-01 -8.534195070256292426e-02 -4.638416000000000206e-01 -3.202777285213629921e-01 8.673729544218664045e-02 9.433444854307311278e-01 4.833119400000000176e+00
9.496112783146495318e-01 6.569873896832651924e-03 3.133612242358601585e-01 2.761627700000000019e+00 2.144933161361343987e-02 9.960742556536261727e-01 -8.588366199344282803e-02 -4.685804000000000080e-01 -3.126952930105384998e-01 8.827748286541936551e-02 9.457424278036801191e-01 4.878285899999999842e+00
9.519093007232977133e-01 5.272091380106454575e-03 3.063346017820421929e-01 2.776604900000000153e+00 2.213372813848333426e-02 9.960560555861698306e-01 -8.592108128284216273e-02 -4.736982000000000137e-01 -3.055794189325816701e-01 8.856940319659416250e-02 9.480383323169083720e-01 4.921123999999999832e+00
9.556780664184915119e-01 1.432366179390076426e-02 2.940650711652562643e-01 2.803653199999999845e+00 1.142947721674941221e-02 9.962578887761368573e-01 -8.567138438163754421e-02 -4.832209000000000088e-01 -2.941917748972004976e-01 8.523527300436381515e-02 9.519381008336132988e-01 5.011743100000000339e+00
9.570467719539349494e-01 1.128195028598970306e-02 2.897139863560219686e-01 2.817576900000000162e+00 1.392023226550433146e-02 9.963022788610296221e-01 -8.478205157929114000e-02 -4.883955999999999853e-01 -2.895992117154797540e-01 8.517327476423358634e-02 9.533508325059086852e-01 5.056815600000000188e+00
9.585005872842834451e-01 9.749665403294263677e-03 2.849237936715842689e-01 2.831192000000000153e+00 1.507009118033424827e-02 9.962850377581439210e-01 -8.478806455551446408e-02 -4.931225000000000191e-01 -2.846919677958971162e-01 8.556323722123587716e-02 9.547928654471200538e-01 5.101830999999999783e+00
9.599051528038111680e-01 8.722925761904495520e-03 2.801892363864896263e-01 2.844335300000000011e+00 1.587121833522337974e-02 9.962213485102475730e-01 -8.538810924818289461e-02 -4.983551999999999982e-01 -2.798753330489265334e-01 8.641143060137503051e-02 9.561395623088588813e-01 5.147018000000000093e+00
9.615356932944640889e-01 2.148847610677386000e-03 2.746716093350026200e-01 2.857507700000000206e+00 2.153545080560555214e-02 9.963015683308509285e-01 -8.318298684277969368e-02 -5.030472999999999750e-01 -2.738345027189479919e-01 8.589858785470691482e-02 9.579332428333582339e-01 5.191954599999999864e+00
9.629878160870355419e-01 -5.703483108612876148e-03 2.694845753440288649e-01 2.870699399999999901e+00 2.842668820158517073e-02 9.963496573171028992e-01 -8.049399829789523342e-02 -5.077464999999999895e-01 -2.680417681366313309e-01 8.517529362744498400e-02 9.596347116948547029e-01 5.237134499999999804e+00
9.643837937397261584e-01 -7.867436795090601218e-03 2.643898670721864241e-01 2.883598300000000059e+00 2.982226290909766042e-02 9.964182192134304339e-01 -7.912878777358249571e-02 -5.126587000000000227e-01 -2.628203397896628490e-01 8.419522467344127403e-02 9.611642071649540986e-01 5.281899499999999748e+00
9.655030468085155082e-01 -5.898493994795344503e-03 2.603249399732322500e-01 2.895507799999999854e+00 2.798336290357687425e-02 9.963039971712521758e-01 -8.121130845634871864e-02 -5.172084999999999599e-01 -2.588837538434582974e-01 8.569453301803367506e-02 9.620996045143874742e-01 5.326886700000000197e+00
9.664641641606972478e-01 -4.012954364421925796e-03 2.567701610203841356e-01 2.907165299999999952e+00 2.639558566450280960e-02 9.961343787918078840e-01 -8.378288874517877960e-02 -5.215098999999999707e-01 -2.554413679312589891e-01 8.775075832337961290e-02 9.628341040714537558e-01 5.371970700000000321e+00
9.669663967404273919e-01 -1.438073103943782183e-03 2.548998225197145473e-01 2.918746899999999922e+00 2.355433076105998766e-02 9.962097743301056019e-01 -8.373338062898645628e-02 -5.261506000000000238e-01 -2.538132799465639966e-01 8.697136008427057419e-02 9.633352487311254153e-01 5.416845799999999933e+00
9.671001388055280312e-01 -1.739522427655799952e-03 2.543900461575730465e-01 2.930079500000000170e+00 2.341943842214421617e-02 9.963390517014470982e-01 -8.221936486407827038e-02 -5.309848999999999819e-01 -2.533157149217550308e-01 8.547203119374616187e-02 9.636003738362161064e-01 5.461868800000000412e+00
9.673050475043882823e-01 -4.196523013087434528e-03 2.535810211098886158e-01 2.941955099999999934e+00 2.470438731627440376e-02 9.966673086589490360e-01 -7.774296815696375706e-02 -5.352801999999999838e-01 -2.524096636816043904e-01 8.146572926775901002e-02 9.641849908783124423e-01 5.507241200000000170e+00
9.676253386310658122e-01 -4.363483942756891248e-03 2.523532524993418180e-01 2.953558899999999987e+00 2.346355321598844398e-02 9.970757577562067153e-01 -7.272822674427528722e-02 -5.397094000000000058e-01 -2.512979620084407895e-01 7.629477900071238161e-02 9.648981505773740475e-01 5.552372899999999944e+00
9.678127056907062098e-01 -5.490455678511124010e-03 2.516116483791571157e-01 2.965194900000000189e+00 2.412931638016427641e-02 9.971806718595633834e-01 -7.105268299463170234e-02 -5.439703999999999651e-01 -2.505121609715988407e-01 7.483690644429387417e-02 9.652166050370184491e-01 5.597324799999999989e+00
9.680777168843239799e-01 -4.102919092997956568e-03 2.506166397647032196e-01 2.976503600000000027e+00 2.383154335212521457e-02 9.968430390889390091e-01 -7.573647048406521864e-02 -5.483192999999999540e-01 -2.495147122185192579e-01 7.929137074640731087e-02 9.651193122674860403e-01 5.641780899999999654e+00
9.679937065913168937e-01 -2.742884037054520163e-03 2.509594799699002565e-01 2.987788000000000110e+00 2.349551457079186029e-02 9.965391997225707676e-01 -7.973446062620538621e-02 -5.523888000000000131e-01 -2.498722569527421500e-01 8.307887820293109737e-02 9.647081191748545503e-01 5.686096700000000226e+00
9.681470685241717611e-01 1.060961590674605604e-04 2.503821927607030040e-01 2.999065900000000173e+00 2.034630134047689734e-02 9.966594329546113462e-01 -7.909489695520853514e-02 -5.569448999999999650e-01 -2.495541659235832599e-01 8.166984416660520718e-02 9.649107496675467521e-01 5.729953300000000027e+00
9.684286790920613175e-01 -2.434356138012872331e-03 2.492788948591488640e-01 3.021708700000000025e+00 2.268325636799310707e-02 9.966647061724440704e-01 -7.838962527490239696e-02 -5.658788000000000151e-01 -2.482566482343407099e-01 8.156921833871547123e-02 9.652539040206269405e-01 5.817800000000000082e+00
9.685977933331811895e-01 5.196272510731604621e-04 2.486323485341596362e-01 3.032620200000000210e+00 2.030015924670955721e-02 9.964938449029276946e-01 -8.116600646291478871e-02 -5.700764999999999860e-01 -2.478027810268684517e-01 8.366449102277283278e-02 9.651911907271274460e-01 5.861411600000000277e+00
9.684016914758548644e-01 9.776987780325169936e-03 2.492038813033350397e-01 3.042729899999999876e+00 1.142391984734874091e-02 9.964434250235870705e-01 -8.348649461191057219e-02 -5.746693999999999969e-01 -2.491338154527094062e-01 8.369534776322154479e-02 9.648458067280848427e-01 5.905025499999999816e+00
9.685440584520143004e-01 1.609282690081433737e-02 2.483212189073693010e-01 3.053339499999999873e+00 5.492055818164350532e-03 9.962811626735215143e-01 -8.598652350680482948e-02 -5.792834000000000039e-01 -2.487815189281377681e-01 8.464553044453415609e-02 9.648538179514926094e-01 5.948248900000000283e+00
9.685453829940774417e-01 1.397630794806728645e-02 2.484441665585985504e-01 3.064111200000000146e+00 8.550694859230581826e-03 9.959624557460980965e-01 -8.936258927328549762e-02 -5.839535000000000142e-01 -2.486900213082145206e-01 8.867609351083516334e-02 9.645153310038039329e-01 5.991013500000000214e+00
9.688002074202339831e-01 1.187740268825894507e-02 2.475582464954309003e-01 3.075091099999999855e+00 1.070666926385344456e-02 9.959129141545799424e-01 -8.968185241957682408e-02 -5.888413999999999593e-01 -2.476116421652787558e-01 8.953432149468293355e-02 9.647134703831499181e-01 6.033430100000000351e+00
9.691797240012530734e-01 1.346452801885006378e-02 2.459865221309583405e-01 3.085366699999999796e+00 9.288377082070888718e-03 9.957981759272773736e-01 -9.110279288303027578e-02 -5.935926999999999731e-01 -2.461795861480722269e-01 9.057979523677811562e-02 9.649823376926788265e-01 6.075665500000000385e+00
9.696522439319914533e-01 3.794273904677969607e-03 2.444588499588221109e-01 3.096428200000000075e+00 1.854789073807173658e-02 9.958564570601716737e-01 -8.902748272713831290e-02 -5.983178000000000107e-01 -2.437837188715074599e-01 9.085989443697717327e-02 9.655640724447441814e-01 6.118131599999999892e+00
9.706024279429255053e-01 -3.433517948198233985e-03 2.406639520696805812e-01 3.107503200000000021e+00 2.451129312520454462e-02 9.961097983272378942e-01 -8.464316975279120858e-02 -6.030450000000000532e-01 -2.394370969182269826e-01 8.805385074469446183e-02 9.669107487190339301e-01 6.159501999999999811e+00
9.710567089942461205e-01 -9.516919496683229687e-03 2.386593726643850277e-01 3.118026700000000151e+00 2.922460058293523122e-02 9.964322823482494318e-01 -7.917467660197025081e-02 -6.077274999999999761e-01 -2.370544043843776927e-01 8.385782573828351460e-02 9.678703810037869726e-01 6.201426999999999801e+00
9.719200513742444203e-01 -1.095196304531433594e-02 2.350563086627120712e-01 3.128314699999999782e+00 3.028412158847529345e-02 9.964308716789472831e-01 -7.879333693116330473e-02 -6.119510999999999701e-01 -2.333544208201347725e-01 8.369929790976413098e-02 9.687828145735823959e-01 6.243155999999999928e+00
9.732497631471649369e-01 -1.160629905058044482e-02 2.294562972688606317e-01 3.138506700000000205e+00 3.161523977632168386e-02 9.959877754161451380e-01 -8.371874243850060959e-02 -6.164340999999999848e-01 -2.275640023111584753e-01 8.873356210559119051e-02 9.697118024486348631e-01 6.284206400000000414e+00
9.746368604230647437e-01 -1.193166558289096742e-02 2.234739932544488328e-01 3.147461900000000146e+00 3.209185640419946750e-02 9.957087680688837539e-01 -8.679955036334129070e-02 -6.206334999999999491e-01 -2.214793513111406043e-01 9.176973655385546602e-02 9.708373769049234436e-01 6.324385200000000040e+00
9.763870566725081357e-01 -1.107429902979208299e-02 2.157444679786602870e-01 3.156070900000000012e+00 3.079516453784965357e-02 9.956210872621288344e-01 -8.826272395560377793e-02 -6.244317000000000339e-01 -2.138222939814349577e-01 9.282246764644372372e-02 9.724525778137161902e-01 6.364914899999999598e+00
9.785495165264613826e-01 -1.491107366480807182e-02 2.054714179344452885e-01 3.164942700000000109e+00 3.268917225758454642e-02 9.959796314685848140e-01 -8.340258819015179681e-02 -6.290282999999999847e-01 -2.034017249753373724e-01 8.833025292539782580e-02 9.751028174993612296e-01 6.405798400000000115e+00
9.807879641463312925e-01 -1.882397895621111886e-02 1.941664935099535194e-01 3.172874900000000054e+00 3.529709391911842187e-02 9.960290634470156945e-01 -8.173261239998233507e-02 -6.333938999999999542e-01 -1.918569377076566052e-01 8.701587547750658236e-02 9.775577491219245019e-01 6.446456000000000408e+00
9.833079906193232800e-01 -2.280675722936079119e-02 1.805138427070616947e-01 3.180507700000000160e+00 3.861373283702430881e-02 9.956713736255202729e-01 -8.454286119513930442e-02 -6.374334000000000389e-01 -1.778043172158081109e-01 9.010198425867589622e-02 9.799322717474251432e-01 6.486662899999999787e+00
9.857910219853501799e-01 -2.321901415812871461e-02 1.663638733457583896e-01 3.186933499999999864e+00 3.793874795650018644e-02 9.955850373335086712e-01 -8.585502222426615038e-02 -6.416536000000000461e-01 -1.636359140793123002e-01 9.094674716096613765e-02 9.823196917522661886e-01 6.526220799999999933e+00
9.878645868220073956e-01 -2.561321840798069793e-02 1.531911261978635974e-01 3.192775199999999813e+00 3.922222382965480370e-02 9.954807433321901655e-01 -8.648529824569330116e-02 -6.458353000000000010e-01 -1.502836493462983147e-01 9.144426005810939173e-02 9.844047805865144829e-01 6.566757199999999628e+00
9.897977537460997954e-01 -2.729902765045186946e-02 1.398398003735522865e-01 3.198157500000000208e+00 3.998064875950068514e-02 9.952560287693864582e-01 -8.869602540677666569e-02 -6.501597000000000071e-01 -1.367550891336206387e-01 9.338201265516822558e-02 9.861936145141710908e-01 6.607015600000000433e+00
9.917089911967478244e-01 -2.392868599138243610e-02 1.262564642553181959e-01 3.202866600000000119e+00 3.617743755344110523e-02 9.947590821327041422e-01 -9.563242926208069539e-02 -6.548047999999999647e-01 -1.233064061255354643e-01 9.940717530050745265e-02 9.873772043688160416e-01 6.646616500000000372e+00
9.933612198931297543e-01 -1.489535198824331989e-02 1.140684676042401091e-01 3.206242299999999990e+00 2.698295896189280285e-02 9.940881656518609777e-01 -1.051695718189393641e-01 -6.593366999999999978e-01 -1.118275759287218341e-01 1.075492789379109276e-01 9.878905535846779218e-01 6.685257400000000239e+00
9.949453853137603110e-01 -1.029402697809609149e-02 9.988850410045814476e-02 3.209757100000000030e+00 2.166278205601956594e-02 9.933123747752630184e-01 -1.134074512186952488e-01 -6.641337999999999964e-01 -9.805306785841232109e-02 1.149980831444662732e-01 9.885145607206057283e-01 6.724226500000000328e+00
