1.000000000000000000e+00 0.000000000000000000e+00 0.000000000000000000e+00 0.000000000000000000e+00 0.000000000000000000e+00 1.000000000000000000e+00 0.000000000000000000e+00 0.000000000000000000e+00 0.000000000000000000e+00 0.000000000000000000e+00 1.000000000000000000e+00 0.000000000000000000e+00
9.994415482344201074e-01 1.047452341637613313e-03 3.339901954215524632e-02 1.950300000000000080e-03 -1.039856316441157809e-03 9.999994293853191607e-01 -2.448017101315847236e-04 -6.505999999999999847e-04 -3.339925690230888949e-02 2.099348187504929402e-04 9.994420671383337229e-01 5.060150000000000065e-02
9.977034573383590788e-01 6.552655931120665491e-04 6.773021365747841638e-02 5.479399999999999722e-03 -5.988136814843632045e-04 9.999994562401062215e-01 -8.537808071726373784e-04 -1.870499999999999984e-03 -6.773073628169162808e-02 8.112622845373179551e-04 9.977033072092352795e-01 1.003132000000000051e-01
9.948529124163285609e-01 -9.636821501356834742e-05 1.013295286178524657e-01 1.115370000000000077e-02 3.230907192821456161e-04 9.999974812315504114e-01 -2.221067973354102359e-03 -2.728400000000000183e-03 -1.013290593518767491e-01 2.242374572251623795e-03 9.948504377478766258e-01 1.502324999999999910e-01
9.909403154189970753e-01 2.424406362847805502e-04 1.343027643045236474e-01 1.797539999999999902e-02 3.374245481218755924e-04 9.999907202970128584e-01 -4.294818335576578404e-03 -3.616799999999999876e-03 -1.343025592532505752e-01 4.301225685680518974e-03 9.909310379817699577e-01 2.008361999999999925e-01
9.860446202259990356e-01 1.736511903790126550e-03 1.664721942240609820e-01 2.658929999999999974e-02 -5.518476649931429662e-04 9.999741982627667891e-01 -7.162281263084250942e-03 -4.927899999999999815e-03 -1.664803363389205926e-01 6.970461616340865342e-03 9.860201368518469733e-01 2.506231999999999904e-01
9.801251116594825730e-01 -1.337191647126713704e-03 1.983758488651926888e-01 3.696119999999999961e-02 3.637022883100882523e-03 9.999303340512546434e-01 -1.122938594465290596e-02 -6.342300000000000368e-03 -1.983470129823858008e-01 1.172770065464762146e-02 9.800616937103092674e-01 3.003938999999999915e-01
9.733088543579474505e-01 -6.202633019497278723e-03 2.294153468537913632e-01 4.924209999999999698e-02 1.010406190961649769e-02 9.998235618714262918e-01 -1.583518423198932226e-02 -8.118399999999999575e-03 -2.292766494027392021e-01 1.773055189101141113e-02 9.731997973531918422e-01 3.493104000000000209e-01
9.577653437565660788e-01 -1.747085276197739984e-02 2.870197129164406280e-01 7.908070000000000377e-02 2.548049228331099314e-02 9.993824972538356555e-01 -2.419439388964375603e-02 -1.201200000000000011e-02 -2.864197807622001490e-01 3.048595556082191876e-02 9.576190869555998297e-01 4.473139999999999894e-01
9.400304748025578583e-01 -2.757099078248309576e-02 3.399743327219715838e-01 1.142969999999999958e-01 4.214299919560410279e-02 9.984788666185291373e-01 -3.555166008749334472e-02 -1.673679999999999959e-02 -3.384769919230506408e-01 4.774718194249361058e-02 9.397624873101040333e-01 5.428199000000000218e-01
9.307159442899533008e-01 -2.687611120272853649e-02 3.647540345096666470e-01 1.344420000000000059e-01 4.796957293794434918e-02 9.976515559021201796e-01 -4.889062362283898289e-02 -2.010949999999999890e-02 -3.625834402128864098e-01 6.300037819487620816e-02 9.298194455004105130e-01 5.903707000000000260e-01
9.208413652760075729e-01 -2.028192800921916478e-02 3.894095830778272482e-01 1.545214000000000032e-01 4.977198717206430395e-02 9.965913943060539237e-01 -6.579013670801374392e-02 -2.331499999999999892e-02 -3.867478885392423571e-01 7.996396808153109770e-02 9.187120520158063020e-01 6.369154000000000204e-01
8.988440136463532459e-01 -1.124343478788866757e-02 4.381244392935468857e-01 1.969963999999999882e-01 5.584958914675143549e-02 9.944593080922811135e-01 -8.905901380972366943e-02 -3.207519999999999816e-02 -4.346955975441359477e-01 1.045192313538134687e-01 8.944917371071432477e-01 7.257993999999999835e-01
8.757231863917472880e-01 -1.345869147498606616e-02 4.826259052720504594e-01 2.451784999999999937e-01 6.396449451482105752e-02 9.940342022310976189e-01 -8.834335422797172377e-02 -4.231259999999999882e-02 -4.785576707747442593e-01 1.082352457315388511e-01 8.713596773572236387e-01 8.128798999999999886e-01
8.644229679131054667e-01 -1.850959511681139064e-02 5.024244494776403114e-01 2.698176999999999937e-01 6.834360800483815779e-02 9.943721105498496415e-01 -8.095218962769683280e-02 -4.749690000000000162e-02 -4.980984679650995450e-01 1.043144316441846770e-01 8.608231035245111906e-01 8.554327999999999932e-01
8.538341567669149867e-01 -2.656267355576314229e-02 5.198669609733832520e-01 2.958930000000000171e-01 7.647284738060085296e-02 9.942621400935593989e-01 -7.479772984575476513e-02 -5.217249999999999666e-02 -5.148972095007260386e-01 1.036205633556638445e-01 8.509662992729032371e-01 8.973697000000000479e-01
8.385475801124674389e-01 -2.990673201250092228e-02 5.440069331064241176e-01 3.505033000000000176e-01 8.384915247632307445e-02 9.936806249732310636e-01 -7.461993823242657475e-02 -6.175100000000000033e-02 -5.383375107834555973e-01 1.081868889151605395e-01 8.357561376085320681e-01 9.796917000000000542e-01
8.322628371317636331e-01 -2.810373433104383992e-02 5.536684477609661315e-01 3.765635999999999983e-01 8.448326970282699078e-02 9.934788997602479466e-01 -7.656535033216252395e-02 -6.607599999999999585e-02 -5.479061480488305325e-01 1.104982164915682963e-01 8.292098631121529451e-01 1.019349700000000025e+00
8.124624412447664090e-01 -2.149949326794101112e-02 5.826169868411117392e-01 4.589159999999999906e-01 8.103197649402152369e-02 9.937846672726811104e-01 -7.632728135600473640e-02 -7.964730000000000421e-02 -5.773548305436326800e-01 1.092236553268023797e-01 8.091548632771016214e-01 1.135809700000000033e+00
8.050920918725003039e-01 -2.113704515587776916e-02 5.927731007109210415e-01 5.462261000000000477e-01 8.667112973772109208e-02 9.928306704752178913e-01 -8.231266630183087241e-02 -9.347199999999999953e-02 -5.867834684739751117e-01 1.176455910172915509e-01 8.011520929510472788e-01 1.253434399999999949e+00
8.072184742181703898e-01 -2.307856247798668881e-02 5.898014198311485323e-01 5.760707999999999940e-01 8.795871934049379059e-02 9.927815351210521611e-01 -8.153580326867028438e-02 -9.821280000000000288e-02 -5.836622298666149788e-01 1.176953842622416729e-01 8.034215568121718665e-01 1.294475100000000101e+00
8.114685960164993439e-01 -2.245389234448579019e-02 5.839645026862452237e-01 6.062750000000000083e-01 8.621417440516856989e-02 9.929273794008377507e-01 -8.162313010305453920e-02 -1.031114999999999948e-01 -5.780015863392129472e-01 1.165806242682172061e-01 8.076652302994020705e-01 1.336440199999999967e+00
8.212304536797844223e-01 -2.015942215708284649e-02 5.702404226702872947e-01 6.677391999999999772e-01 8.175270626466374368e-02 9.932219885751681909e-01 -8.262309864191741404e-02 -1.129928999999999933e-01 -5.647096926450785315e-01 1.144713025569331077e-01 8.173122316003964549e-01 1.424271599999999971e+00
8.296554507533678846e-01 -1.253546144885107905e-02 5.581350152440628376e-01 7.611759999999999637e-01 7.038514685891300582e-02 9.941191512341723824e-01 -8.229850697976176521e-02 -1.290892999999999902e-01 -5.538210578669567896e-01 1.075638199196784495e-01 8.256586828147645107e-01 1.563641000000000059e+00
8.295287457036133461e-01 -1.086499904276638784e-02 5.583583185080980282e-01 7.931297000000000486e-01 6.749400921298448486e-02 9.944325613300822875e-01 -8.092243006021014595e-02 -1.346903000000000128e-01 -5.543704706888232803e-01 1.048133234006665832e-01 8.256437176324663563e-01 1.612157000000000062e+00
8.289004749944403061e-01 -1.078025975140346759e-02 5.592922210738170419e-01 8.255645000000000344e-01 6.686389486362510903e-02 9.945557133137928885e-01 -7.992591994189783555e-02 -1.406497999999999915e-01 -5.553856517030820727e-01 1.036470892721298026e-01 8.251085133288578177e-01 1.661248300000000011e+00
8.283037742065255671e-01 -1.061997366376022170e-02 5.601786088334739233e-01 8.912904999999999855e-01 6.608197106486300709e-02 9.946935301692956255e-01 -7.885400522184717043e-02 -1.514187999999999923e-01 -5.563686104871552462e-01 1.023327767566459129e-01 8.246101940103982564e-01 1.759666600000000081e+00
8.284565977571710649e-01 -1.073626679660343725e-02 5.599503533420484569e-01 9.258735000000000159e-01 6.562276799650348935e-02 9.947899783202204249e-01 -7.801635311992177746e-02 -1.569718999999999975e-01 -5.561953954799427891e-01 1.013786546020778723e-01 8.248448644672419228e-01 1.809906100000000073e+00
8.282126055322849290e-01 -1.044026285095958975e-02 5.603167683989358494e-01 9.588826999999999767e-01 6.530158317424984704e-02 9.948134072174000808e-01 -7.798710185308693754e-02 -1.622534999999999950e-01 -5.565964276496575547e-01 1.011794728791867992e-01 8.245987697028959174e-01 1.859046100000000035e+00
8.284760439687935962e-01 -8.737818199338300701e-03 5.599563332108431490e-01 1.061664900000000022e+00 6.192207375811113745e-02 9.951765956164817517e-01 -7.608679464062455267e-02 -1.795690000000000064e-01 -5.565906047997150052e-01 9.770974398853392306e-02 8.250210328096991841e-01 2.011920899999999790e+00
8.292517228452759293e-01 -8.754618370791281828e-03 5.588067079190472963e-01 1.095063799999999921e+00 6.090047890459256152e-02 9.953386169421102325e-01 -7.478080831977070020e-02 -1.851036000000000070e-01 -5.555472183598193503e-01 9.604371026230094921e-02 8.259194233650872796e-01 2.061647199999999902e+00
8.305473111956048760e-01 -1.058585263201615445e-02 5.568474688725847388e-01 1.128779800000000000e+00 6.130327419576282744e-02 9.954818668405657212e-01 -7.251042245430067146e-02 -1.904586000000000057e-01 -5.535639732123379675e-01 9.435990947258940387e-02 8.274437352749095531e-01 2.112513799999999886e+00
8.348576234825034748e-01 -1.295173014551086535e-02 5.503135480790786183e-01 1.229288600000000065e+00 6.189874542028189763e-02 9.955913632125865664e-01 -7.047256779697064211e-02 -2.072914999999999897e-01 -5.469746738456375823e-01 9.289827868556746471e-02 8.319787352983951667e-01 2.264335200000000103e+00
8.354794490511742167e-01 -1.106596166309040813e-02 5.494102608302992019e-01 1.297569900000000054e+00 6.129564721369003960e-02 9.954346805263748488e-01 -7.316174162777241974e-02 -2.182641999999999916e-01 -5.460924224394633208e-01 9.480158911023109369e-02 8.323435137347883206e-01 2.365968500000000141e+00
8.306899012671790095e-01 -6.897727013467545853e-03 5.566926524526545350e-01 1.363836400000000060e+00 5.952509208982870864e-02 9.952919083638565034e-01 -7.649039519528055830e-02 -2.297213999999999923e-01 -5.535440825665303155e-01 9.667698023563037202e-02 8.271895249264813454e-01 2.466108600000000095e+00
8.269971000319936705e-01 -8.317720926967052397e-03 5.621446540324420704e-01 1.397525200000000023e+00 6.053326755507567464e-02 9.953951545034105397e-01 -7.432502882769120855e-02 -2.348910999999999916e-01 -5.589378499062113148e-01 9.549503604749620678e-02 8.236924049865393949e-01 2.515922999999999909e+00
8.234831863679211716e-01 -1.130652063638762014e-02 5.672280003318194153e-01 1.432045699999999977e+00 6.216231943845663965e-02 9.955800468152153915e-01 -7.040040074775687218e-02 -2.406928999999999874e-01 -5.639248955413892483e-01 9.323375448040495395e-02 8.205462687832544288e-01 2.565443000000000140e+00
8.199594859789338663e-01 -9.055944249600829388e-03 5.723499202646147310e-01 1.465785499999999963e+00 5.924538775127608653e-02 9.958476259029063193e-01 -6.911938956433313908e-02 -2.460935999999999957e-01 -5.693473679427731859e-01 9.058419209383733461e-02 8.170912303772102092e-01 2.614322399999999824e+00
8.165559083526761075e-01 -9.540775220651522698e-03 5.771875103833458143e-01 1.499959899999999902e+00 6.202308697402768300e-02 9.955254829929358618e-01 -7.128919549198085848e-02 -2.514739999999999753e-01 -5.739247208620205098e-01 9.401056493751470955e-02 8.134939633848434770e-01 2.662788599999999839e+00
8.099923955175982737e-01 -6.281486619605182453e-03 5.864067377934112368e-01 1.568598699999999901e+00 6.171471047238762803e-02 9.953032434262714112e-01 -7.458383294289616661e-02 -2.617923999999999807e-01 -5.831840307441316096e-01 9.660225955427850786e-02 8.065757185373458871e-01 2.758356099999999866e+00
8.074507492596679770e-01 -4.767728693300624099e-03 5.899157196440080186e-01 1.602943800000000030e+00 6.076249319684529082e-02 9.953211462116915431e-01 -7.512479833149673936e-02 -2.674188000000000121e-01 -5.867974155877854203e-01 9.650432460232963305e-02 8.039625043449130093e-01 2.805417799999999851e+00
8.052123166745001059e-01 -6.271237369052537480e-03 5.929534523531722057e-01 1.638495899999999894e+00 6.196103780608801237e-02 9.953601432896335144e-01 -7.361395889661601077e-02 -2.726723999999999815e-01 -5.897405826884200009e-01 9.601487766123090184e-02 8.018648192794229912e-01 2.852734599999999787e+00
8.035406980152236533e-01 -1.169868463211786239e-02 5.951348480899816273e-01 1.673638500000000029e+00 6.266030196606833802e-02 9.959143090485077510e-01 -6.502596089220444298e-02 -2.776462000000000097e-01 -5.919425928168442486e-01 8.954233529628105592e-02 8.009907221678413958e-01 2.899897300000000122e+00
8.019977173778828350e-01 -1.735458932138212590e-02 5.970749362937214366e-01 1.708474300000000001e+00 6.218109142415808449e-02 9.965727075722274897e-01 -5.455593818696505282e-02 -2.827678000000000136e-01 -5.940817899834717197e-01 8.088050909610811079e-02 8.003281639792444446e-01 2.946709400000000034e+00
8.007172589921927042e-01 -1.950311280803471853e-02 5.987248948747888599e-01 1.742676700000000078e+00 6.345832413533794569e-02 9.966077083303078732e-01 -5.240340441752372458e-02 -2.869893000000000027e-01 -5.956718158935877527e-01 7.995438879391944531e-02 7.992386273589549006e-01 2.992915399999999781e+00
7.998228897437370533e-01 -1.586261970533079518e-02 6.000264346993905429e-01 1.776627799999999979e+00 6.303987060585658497e-02 9.963421708479428540e-01 -5.769101579973773264e-02 -2.912272000000000194e-01 -5.969165098704966033e-01 8.396818377274084533e-02 7.978972517548437171e-01 3.038521799999999828e+00
7.989478326150134535e-01 -1.368233738728974122e-02 6.012446709979163417e-01 1.811285599999999940e+00 6.522614741479718092e-02 9.958152148437839912e-01 -6.401255797928538660e-02 -2.957323000000000035e-01 -5.978527498081743774e-01 9.035956800056428595e-02 7.964968537398975368e-01 3.084242300000000103e+00
7.984365780320969996e-01 -1.707379265060804743e-02 6.018367855697415170e-01 1.845976000000000061e+00 7.033105368092085197e-02 9.953993387483358601e-01 -6.506688333943132230e-02 -3.001265000000000183e-01 -5.979569999159859428e-01 9.427959494980754640e-02 7.959640596330802564e-01 3.129658200000000168e+00
7.984698181994887012e-01 -2.085932953103923973e-02 6.016733647054610667e-01 1.880732999999999988e+00 7.419483108594461529e-02 9.951905255443644904e-01 -6.396049489223573636e-02 -3.051969999999999961e-01 -5.974454589873483545e-01 9.571157839178642823e-02 7.961772524363839310e-01 3.174798500000000079e+00
7.987440337739583063e-01 -2.186160404963351581e-02 6.012736804308690397e-01 1.914848899999999965e+00 7.292934330087694206e-02 9.954890864756796853e-01 -6.068599174042983713e-02 -3.097978000000000121e-01 -5.972346937312070780e-01 9.232306849424866402e-02 7.967353209363807753e-01 3.220435600000000065e+00
7.993325896733453062e-01 -2.351663934258071964e-02 6.004284959594557991e-01 1.949132199999999981e+00 7.139026468972230199e-02 9.958732428790548763e-01 -5.603493753977356606e-02 -3.138053000000000092e-01 -5.966329199714298648e-01 8.765530098964877115e-02 7.977127973241869840e-01 3.266020099999999982e+00
7.998091684826146297e-01 -2.526556407733823728e-02 5.997223901798252044e-01 1.982579599999999997e+00 6.869040478336509159e-02 9.964027494558969078e-01 -4.963052656809871510e-02 -3.184415999999999913e-01 -5.963110952362415951e-01 8.089012392488476033e-02 7.986675563396642419e-01 3.311618100000000009e+00
8.003766323612793165e-01 -1.898803330038942652e-02 5.991967130762658744e-01 2.015796899999999781e+00 5.999758958830440914e-02 9.970172851765680688e-01 -4.854711425758808513e-02 -3.222983999999999849e-01 -5.964876659358606670e-01 7.480633429415739499e-02 7.991285733446525930e-01 3.357330099999999984e+00
8.016618331868389236e-01 -1.385557120137882042e-02 5.976172088872609978e-01 2.048960000000000115e+00 5.255443858830142340e-02 9.974938442312221154e-01 -4.737152842675369097e-02 -3.258636999999999784e-01 -5.954631274866523105e-01 6.938338322323148177e-02 8.003809155247973983e-01 3.403013000000000066e+00
8.028882556242836754e-01 -1.716908287080112436e-02 5.958822631812181747e-01 2.082279000000000213e+00 5.569254846398696834e-02 9.973737558784528945e-01 -4.630260392780172207e-02 -3.296667999999999821e-01 -5.935223576464339068e-01 7.036201871950506503e-02 8.017358650425554512e-01 3.448082900000000173e+00
8.049677858215833481e-01 -1.981071262602231500e-02 5.929876891257915839e-01 2.115733399999999875e+00 5.964943439459842456e-02 9.970808778324626864e-01 -4.766201881215316460e-02 -3.336409000000000180e-01 -5.903124670595242263e-01 7.373777001031901757e-02 8.037996843169343819e-01 3.493106399999999834e+00
8.086095092002137941e-01 -2.061777457543911493e-02 5.879843271742417610e-01 2.148551900000000181e+00 6.186528865479692940e-02 9.968250594212456628e-01 -5.012471415867374158e-02 -3.374669000000000141e-01 -5.850840518170428162e-01 7.690714063977720227e-02 8.073177466326164620e-01 3.538267400000000062e+00
8.138699464332541655e-01 -2.500835955966321592e-02 5.805086495866074170e-01 2.181218599999999785e+00 6.655801378138638535e-02 9.965096375130353401e-01 -5.038425493262427973e-02 -3.410637999999999725e-01 -5.772224364092310989e-01 7.964373356249376812e-02 8.126937520431776196e-01 3.583297700000000141e+00
8.191488185828977864e-01 -3.176313149774725314e-02 5.727008961855215574e-01 2.213733200000000068e+00 7.359336368995078592e-02 9.960331150303681769e-01 -5.002050163383091330e-02 -3.453515999999999808e-01 -5.688402498373699157e-01 8.312122015681834564e-02 8.182369051348150624e-01 3.628609400000000207e+00
8.259056216185449717e-01 -2.967064202233630349e-02 5.630271371620262366e-01 2.244857999999999798e+00 7.055981914142789302e-02 9.962026384016876568e-01 -5.100603066545508768e-02 -3.490450999999999970e-01 -5.593757378557043802e-01 8.185326043291574205e-02 8.248629144620865938e-01 3.674443999999999821e+00
8.329581031185827600e-01 -2.856048501259680558e-02 5.525984954240624747e-01 2.275152400000000075e+00 6.786164007539689791e-02 9.964009511758540327e-01 -5.079313243077862583e-02 -3.524642000000000053e-01 -5.491589899613494863e-01 7.980879144366592737e-02 8.318984075912947418e-01 3.720897400000000133e+00
8.402746172456811991e-01 -3.113414845545778298e-02 5.412663229987411118e-01 2.304872000000000032e+00 6.743931030089887757e-02 9.965982676845897004e-01 -4.736910674916697955e-02 -3.564888999999999974e-01 -5.379502830548219539e-01 7.630568555506475614e-02 8.395158934250193106e-01 3.767148499999999789e+00
8.469700671826485561e-01 -3.097883093055323750e-02 5.307372394422649187e-01 2.334272400000000136e+00 6.636605583306207090e-02 9.966528402024751321e-01 -4.773534067651155621e-02 -3.602102999999999833e-01 -5.274819920431244036e-01 7.565334196528220034e-02 8.461910658472479030e-01 3.814623399999999886e+00
8.541090664709263258e-01 -3.219624468065108991e-02 5.190964307338535866e-01 2.362909600000000054e+00 6.641712879726403840e-02 9.966623701434865756e-01 -4.746456512278672546e-02 -3.636559999999999793e-01 -5.158356982358728304e-01 7.501680990572225094e-02 8.533967486796972812e-01 3.862167400000000139e+00
8.607888548901195813e-01 -3.326531467522629570e-02 5.078739667836054128e-01 2.390315100000000026e+00 6.728599944930212240e-02 9.965410804801472233e-01 -4.876955191068761686e-02 -3.674520000000000008e-01 -5.044949371153937268e-01 7.615309419202159757e-02 8.600497454623865501e-01 3.909098399999999973e+00
8.677785761913789919e-01 -3.116999783296581228e-02 4.959725536139636959e-01 2.417701200000000217e+00 6.650606422951588215e-02 9.963374307662656859e-01 -5.374632522113813315e-02 -3.717870999999999815e-01 -4.924807469576478192e-01 7.962509208264532956e-02 8.666732709544395785e-01 3.956590199999999946e+00
8.740143817267277404e-01 -2.985482939788160553e-02 4.849820096626979438e-01 2.443876500000000007e+00 6.921084520782773419e-02 9.955827173799594032e-01 -6.344219226945126133e-02 -3.755098000000000047e-01 -4.809456512335504308e-01 8.901540325111882701e-02 8.722198911648236797e-01 4.003659700000000043e+00
8.808077942888490330e-01 -2.738101933855759465e-02 4.726816151491339824e-01 2.469599500000000170e+00 6.832291231943023180e-02 9.952280524396861505e-01 -6.966421814174519889e-02 -3.795083000000000206e-01 -4.685185259647732803e-01 9.365577086912876825e-02 8.784753766672719344e-01 4.051464600000000083e+00
8.869706315442021927e-01 -2.824130150007715667e-02 4.609615251489662668e-01 2.494589799999999968e+00 6.669460181329760207e-02 9.954983226068254698e-01 -6.734181298393088211e-02 -3.842336000000000085e-01 -4.569846046280389151e-01 9.047385576274938335e-02 8.848613182620067574e-01 4.099771999999999750e+00
8.928679976641489269e-01 -2.821470170737527122e-02 4.494337207584418459e-01 2.518909900000000146e+00 6.390622507903834237e-02 9.958732182852395587e-01 -6.444010783934824016e-02 -3.889356999999999953e-01 -4.457608474769408358e-01 8.625812257267935490e-02 8.909864214155432949e-01 4.148288199999999648e+00
8.975869064519857998e-01 -2.520771365182318188e-02 4.401162534358414868e-01 2.542333100000000012e+00 6.069678726399757585e-02 9.959221636353540186e-01 -6.674536684822518495e-02 -3.936588999999999783e-01 -4.366390332778130601e-01 8.662340995552428313e-02 8.954567211573623009e-01 4.196558999999999706e+00
9.009670256230021268e-01 -1.738145820470676436e-02 4.335392757879251158e-01 2.564754000000000200e+00 5.478177201567807630e-02 9.957581227595150297e-01 -7.392373376168687171e-02 -3.983193999999999901e-01 -4.304153531123893761e-01 9.035289629627002439e-02 8.980974211832548626e-01 4.244481099999999785e+00
9.035115717995000351e-01 -9.874057553841984747e-03 4.284499301106493574e-01 2.587154599999999860e+00 4.963352737538906378e-02 9.954181614926564947e-01 -8.172635273188220972e-02 -4.031570999999999905e-01 -4.256798710118595563e-01 9.510618674935371331e-02 8.998619119939034183e-01 4.292979700000000065e+00
9.051298706386267101e-01 -6.542500114786964360e-03 4.250848303220792768e-01 2.608943700000000199e+00 4.712217856449182896e-02 9.952644449319896225e-01 -8.501873288608079171e-02 -4.083286999999999889e-01 -4.225155826298469530e-01 9.698391797853199436e-02 9.011518751511836678e-01 4.340820800000000368e+00
9.068959330470336422e-01 -4.892728590590721127e-03 4.213262724180500962e-01 2.631043399999999810e+00 4.501090085931883089e-02 9.953358266088668804e-01 -8.532649689678088734e-02 -4.138596999999999970e-01 -4.189436542383506712e-01 9.634652809407613649e-02 9.028862392891114919e-01 4.388729099999999939e+00
9.089816816941925781e-01 -4.065906323168316100e-03 4.168162313900081184e-01 2.652541400000000049e+00 4.388987754886444770e-02 9.953275125771768872e-01 -8.600477519112134650e-02 -4.190654999999999797e-01 -4.145189754319376085e-01 9.647077854304306199e-02 9.049129283495489506e-01 4.436593499999999857e+00
9.116764139124885480e-01 -3.183835155052106014e-03 4.108965557282882597e-01 2.674151399999999956e+00 4.061472163203465324e-02 9.957715557135158324e-01 -8.239813844157470313e-02 -4.244841999999999782e-01 -4.088967604450018389e-01 9.180888859794583690e-02 9.079507515675026008e-01 4.484336400000000111e+00
9.139297202445914037e-01 -4.705984965861272767e-03 4.058451923568197617e-01 2.695031399999999966e+00 4.016033651517507408e-02 9.960742291619204547e-01 -7.888775171389987573e-02 -4.296152999999999778e-01 -4.038806925623343314e-01 8.839674035272514219e-02 9.105308355406652732e-01 4.532807799999999609e+00
9.164333116907031895e-01 -4.036463617696117029e-03 4.001670803365432461e-01 2.716083999999999943e+00 3.784385677289366090e-02 9.963421353239837464e-01 -7.661717746430732334e-02 -4.348030999999999979e-01 -3.983940608595504251e-01 8.535839934949265850e-02 9.132338780029622960e-01 4.581527200000000022e+00
9.187099565006565660e-01 3.595110557676674257e-03 3.949165620819666822e-01 2.735748099999999905e+00 2.953046620683331958e-02 9.965338977947153509e-01 -7.776980205503228327e-02 -4.397572000000000148e-01 -3.938273319516674142e-01 8.310996165412368186e-02 9.154194486035792666e-01 4.630008700000000310e+00
9.211201063294039981e-01 1.161464108763840541e-02 3.891051912119816714e-01 2.755004399999999798e+00 2.152720919963225371e-02 9.965054389457889128e-01 -8.070619192810322973e-02 -4.445832000000000117e-01 -3.886828128175759400e-01 8.271644494213896415e-02 9.176511650711023371e-01 4.678389499999999757e+00
9.239670730970648282e-01 1.120792142547565040e-02 3.823077691203300987e-01 2.774800299999999886e+00 2.289849217128313297e-02 9.961564956945957450e-01 -8.454522542251920181e-02 -4.496737000000000095e-01 -3.817859438071612987e-01 8.687127593619921317e-02 9.201591571725468155e-01 4.726110900000000115e+00
9.268936050505545143e-01 1.037078353066868582e-02 3.751808787309752202e-01 2.794430499999999817e+00 2.434569077308378765e-02 9.958516698121808730e-01 -8.767405016920708227e-02 -4.547333000000000069e-01 -3.745337531614048587e-01 9.039855408827769667e-02 9.227960604389144894e-01 4.774282000000000359e+00
9.292611516885440626e-01 1.070019639075741810e-02 3.692684900714924279e-01 2.812966100000000136e+00 2.275850848239063459e-02 9.960236624673529660e-01 -8.613311846657728532e-02 -4.597887999999999975e-01 -3.687217951981379693e-01 8.844416092834905818e-02 9.253225751831318791e-01 4.822580799999999890e+00
9.320474538854850444e-01 8.777603878232270035e-03 3.622298957509461625e-01 2.831634999999999902e+00 2.214888367687213935e-02 9.964568150510876299e-01 -8.113718438614293815e-02 -4.653439999999999799e-01 -3.616586383006120120e-01 8.364669394781489020e-02 9.285506232479453503e-01 4.871296400000000304e+00
9.346179406353802843e-01 9.874615023266310534e-03 3.555162401643882086e-01 2.849721399999999960e+00 1.953433556749239325e-02 9.966802625617449118e-01 -7.903710491780248371e-02 -4.703362999999999849e-01 -3.551164805756236165e-01 8.081426976712342836e-02 9.313223604239239117e-01 4.920155000000000278e+00
9.369184603151237134e-01 1.254473838320983858e-02 3.493228138264587446e-01 2.867149099999999784e+00 1.769150105739098963e-02 9.963731697809278254e-01 -8.323170868751088303e-02 -4.752430000000000265e-01 -3.490999992997339541e-01 8.416136928308119713e-02 9.332984808780749875e-01 4.968345199999999906e+00
9.393034176168981730e-01 1.299365728991331258e-02 3.428414422491062874e-01 2.884485699999999930e+00 1.740515046641000207e-02 9.961911525802489287e-01 -8.544149026132832891e-02 -4.808012999999999870e-01 -3.426458089492072645e-01 8.622269069721333334e-02 9.354995976581048645e-01 5.016336400000000140e+00
9.416984166183683946e-01 1.485142317316507504e-02 3.361302238243228935e-01 2.901557200000000059e+00 1.521129533822175584e-02 9.961245855289585505e-01 -8.662809358916977176e-02 -4.861167000000000127e-01 -3.361141303673370606e-01 8.669051467428336155e-02 9.378230355631688164e-01 5.064721099999999865e+00
9.440572808623446388e-01 1.451494025283758468e-02 3.294619355255664628e-01 2.917996399999999824e+00 1.474541724798713802e-02 9.961738981827116257e-01 -8.614021853723832778e-02 -4.912213999999999747e-01 -3.294517007407591347e-01 8.617935419180727807e-02 9.402311927340553099e-01 5.113435299999999906e+00
9.468765182061877894e-01 9.533950725400568843e-03 3.214560048487081767e-01 2.934866700000000161e+00 1.890407387683635740e-02 9.961820382844120969e-01 -8.522900087630498611e-02 -4.964781999999999806e-01 -3.210412672236797604e-01 8.677816766376043878e-02 9.430811494014361696e-01 5.162710200000000249e+00
9.493307189807996815e-01 6.752985717851787972e-03 3.142062748948410977e-01 2.950857599999999969e+00 2.131146095739176738e-02 9.960846246862637976e-01 -8.579768117779462688e-02 -5.016087999999999658e-01 -3.135554299183153093e-01 8.814656911939011685e-02 9.454698169276590791e-01 5.211782900000000218e+00
9.516314622115914501e-01 4.334800637319294325e-03 3.072112784916319339e-01 2.966922799999999860e+00 2.323433111715613592e-02 9.960219566723652607e-01 -8.602573849779676651e-02 -5.068074999999999664e-01 -3.063620831411202894e-01 8.900264788188977372e-02 9.477451148296389682e-01 5.257979399999999970e+00
9.552913285157229595e-01 1.477810499951965999e-02 2.952966055939152956e-01 2.995950500000000183e+00 1.105483032984450921e-02 9.962664701336396700e-01 -8.562074055879287382e-02 -5.172653000000000389e-01 -2.954594191916100621e-01 8.505720486872903052e-02 9.515613503662680994e-01 5.355907900000000055e+00
9.566958338431412745e-01 1.144963962285697363e-02 2.908642075946836214e-01 3.011149599999999982e+00 1.386474957364614881e-02 9.962996708101867771e-01 -8.482178177080168524e-02 -5.227914000000000172e-01 -2.907590931104934717e-01 8.518140463751538993e-02 9.529969979373194011e-01 5.404833299999999952e+00
9.581368948125618124e-01 1.023321033888802481e-02 2.861275453449070305e-01 3.025765700000000002e+00 1.469666917059755940e-02 9.962857302551541006e-01 -8.484545718684202709e-02 -5.278905999999999876e-01 -2.859330318697574924e-01 8.549868476248223548e-02 9.544277218258352402e-01 5.453277100000000210e+00
9.595490408789500991e-01 9.391772951641055509e-03 2.813848481157289472e-01 3.040077699999999883e+00 1.532348024855643108e-02 9.962198708743805753e-01 -8.550532046665060282e-02 -5.333149000000000362e-01 -2.811242236118387527e-01 8.635834340616627136e-02 9.557779069547399642e-01 5.501863499999999796e+00
9.612349092955894125e-01 2.637150223200454210e-03 2.757181433823319705e-01 3.054469300000000054e+00 2.120774267706448252e-02 9.962849632609266370e-01 -8.346558351031520273e-02 -5.383107999999999782e-01 -2.749139516322212651e-01 8.607739203109175674e-02 9.576079582893420872e-01 5.550057400000000030e+00
9.640348328357392083e-01 -7.604748694817057772e-03 2.656671016077397085e-01 3.082263900000000056e+00 2.976290043268322444e-02 9.963920589206241019e-01 -7.947977527493256533e-02 -5.486187999999999620e-01 -2.641041666411239608e-01 8.452829536438243030e-02 9.607829913386213283e-01 5.646853400000000356e+00
9.652422313047285263e-01 -5.783557397304923270e-03 2.612929110590277437e-01 3.095547900000000130e+00 2.797989749670643997e-02 9.962961961919828413e-01 -8.130814712843922876e-02 -5.537007000000000456e-01 -2.598548830442535262e-01 8.579300622555546818e-02 9.618289867959060047e-01 5.695220499999999575e+00
9.662212422598976946e-01 -3.588018952758210978e-03 2.576890318304887462e-01 3.108169100000000018e+00 2.610489955763484540e-02 9.961227325597211690e-01 -8.401211755955224902e-02 -5.582658000000000342e-01 -2.563884654675904207e-01 8.790123888631422300e-02 9.625686089715502769e-01 5.743874100000000205e+00
9.666537441652001128e-01 -9.881195920250305381e-04 2.560850688952241438e-01 3.120513199999999987e+00 2.322635357995714994e-02 9.962093965014691133e-01 -8.382943887178036235e-02 -5.633088000000000539e-01 -2.550315184262106905e-01 8.698196331338241272e-02 9.630124935157231558e-01 5.792272999999999783e+00
9.668565145359981905e-01 -1.388636271284727705e-03 2.553165720994371446e-01 3.133023000000000113e+00 2.329684857159967926e-02 9.962935123850484853e-01 -8.280394933875458163e-02 -5.683487000000000400e-01 -2.542552598196012870e-01 8.600760936550412572e-02 9.633052236883685726e-01 5.840950000000000308e+00
9.670342458491308912e-01 -3.714187175646853703e-03 2.546192690442474205e-01 3.145649000000000139e+00 2.441870970840046701e-02 9.966383471496015334e-01 -7.820314320465149294e-02 -5.730030000000000401e-01 -2.534728663411124905e-01 8.184259162889834238e-02 9.638741080785839799e-01 5.889634100000000316e+00
9.673203326601683694e-01 -3.792111904850884244e-03 2.535290790215640189e-01 3.158137299999999925e+00 2.307282261458062228e-02 9.970562757652375874e-01 -7.311927115166459712e-02 -5.778014999999999679e-01 -2.525054828688229613e-01 7.657938916219979297e-02 9.645603030794533961e-01 5.938192400000000148e+00
9.674932481819085162e-01 -4.896539550889943138e-03 2.528494386445152564e-01 3.170734899999999801e+00 2.375042630342522054e-02 9.971529590726651016e-01 -7.156740503213368521e-02 -5.823665000000000092e-01 -2.517791333149462796e-01 7.524626311687829250e-02 9.648550502091597370e-01 5.986654299999999651e+00
9.677902733749377262e-01 -3.383002969929152157e-03 2.517350632148185330e-01 3.183069900000000008e+00 2.327346657164019311e-02 9.968302014304089020e-01 -7.607821810445603017e-02 -5.871600999999999626e-01 -2.506797409337300220e-01 7.948650707582943786e-02 9.648013073572621057e-01 6.034517799999999710e+00
9.677622488722384952e-01 -1.958893556294102542e-03 2.518578813414078521e-01 3.195395899999999845e+00 2.295396456598883250e-02 9.964943155797383323e-01 -8.044995045350965268e-02 -5.913576000000000388e-01 -2.508173542011216117e-01 8.363756185652436448e-02 9.644145442071293539e-01 6.082344499999999599e+00
9.678982609983266538e-01 6.782418914850311953e-04 2.513413940129080593e-01 3.207584100000000049e+00 2.002529060616196205e-02 9.966092990653604433e-01 -7.980534288247730090e-02 -5.962610999999999883e-01 -2.505432978400221056e-01 8.227663705079128753e-02 9.646028254691453308e-01 6.129778400000000183e+00
9.679868103954331060e-01 2.393543060578101275e-03 2.509896528785457992e-01 3.219566100000000208e+00 1.805158339100405851e-02 9.967013141999627734e-01 -7.912414681463998678e-02 -6.012785000000000490e-01 -2.503511039271714145e-01 8.112189114957955860e-02 9.647505188072004190e-01 6.177335700000000429e+00
9.681557964093874258e-01 -2.135970317951220096e-03 2.503393526989026174e-01 3.232036100000000189e+00 2.260575555078528365e-02 9.966244989851185121e-01 -7.892140291859853218e-02 -6.061320000000000041e-01 -2.493257581857175054e-01 8.206732390825513535e-02 9.649360707589154096e-01 6.224123999999999768e+00
9.683724848793627826e-01 7.488110051855258881e-04 2.495078552083018764e-01 3.244005399999999817e+00 2.024337999048043263e-02 9.964630158731505594e-01 -8.155773147621445118e-02 -6.107519999999999616e-01 -2.486864212117932404e-01 8.402914541433703643e-02 9.649322083057476629e-01 6.270665600000000062e+00
9.682571190659743365e-01 9.629048618556144967e-03 2.497707605000253905e-01 3.255165100000000145e+00 1.173023690460952423e-02 9.964062927517908230e-01 -8.388624027094131186e-02 -6.157363999999999615e-01 -2.496809021936225448e-01 8.415331952652753411e-02 9.646645354175952258e-01 6.317432900000000018e+00
9.683186909272187837e-01 1.625512712140036314e-02 2.491880487568863267e-01 3.266381299999999932e+00 5.496469835837410924e-03 9.962500079187257551e-01 -8.634645644890473482e-02 -6.206911999999999985e-01 -2.496571681733592563e-01 8.498054226825094148e-02 9.645981576881914599e-01 6.363719900000000429e+00
9.683926635485651246e-01 1.356700560921519395e-02 2.490614091827854926e-01 3.278204199999999791e+00 9.103353890717749350e-03 9.959320597170877587e-01 -8.964631267162824491e-02 -6.256909000000000498e-01 -2.492644742703134242e-01 8.908012565369731461e-02 9.643297947695412820e-01 6.409606499999999762e+00
9.685501511617263803e-01 1.232386197098078555e-02 2.485130320742096888e-01 3.289851200000000198e+00 1.047889675707130118e-02 9.958662165115640397e-01 -9.022567003739785652e-02 -6.308918999999999500e-01 -2.485976617093403063e-01 8.999222875928213072e-02 9.644172340618895056e-01 6.455084300000000219e+00
9.688348544241213167e-01 1.416354294234770453e-02 2.473022824486501015e-01 3.300862099999999799e+00 8.856763502793161408e-03 9.957449083772349496e-01 -9.172586974822058425e-02 -6.359977999999999465e-01 -2.475491518734153074e-01 9.105751749379184523e-02 9.645869302010164903e-01 6.500654199999999605e+00
9.694710196850074846e-01 3.374000423445180225e-03 2.451827035336188731e-01 3.313147799999999865e+00 1.919571490229449173e-02 9.957924199580342473e-01 -8.960458070607595082e-02 -6.412077999999999944e-01 -2.444534035768405333e-01 9.157550150157213464e-02 9.653271264211080727e-01 6.546320399999999928e+00
9.704107046154996086e-01 -3.938609835591700900e-03 2.414281502232344667e-01 3.325144299999999831e+00 2.532383903662688979e-02 9.960129089727746132e-01 -8.553939639744075063e-02 -6.462856999999999630e-01 -2.401286479037782196e-01 8.912223354558877764e-02 9.666413295239082437e-01 6.590787399999999963e+00
9.708387994860495640e-01 -1.034462235235025611e-02 2.395099459330936043e-01 3.336273900000000125e+00 3.021423528541944403e-02 9.963818841284626249e-01 -7.943702516290636340e-02 -6.516646000000000383e-01 -2.378216251702175987e-01 8.435715600351968713e-02 9.676387470706174776e-01 6.635415100000000344e+00
9.717390418931115548e-01 -1.297034020050941150e-02 2.357010919273405392e-01 3.347520799999999852e+00 3.254560538087598875e-02 9.963152552000106299e-01 -7.935172226316156152e-02 -6.561742000000000408e-01 -2.338033747212599212e-01 8.478020129028171481e-02 9.685805590853707736e-01 6.680083800000000238e+00
9.730272894616753820e-01 -1.297834123446864329e-02 2.303246765365505322e-01 3.358441399999999799e+00 3.316079074893279327e-02 9.959161238176410524e-01 -8.397283058793726662e-02 -6.611785000000000023e-01 -2.282942310260389074e-01 8.934560413834925774e-02 9.694839385474021132e-01 6.724637000000000420e+00
9.744692462332675831e-01 -1.433859627777296121e-02 2.240626983733575717e-01 3.368479499999999849e+00 3.466044101888021700e-02 9.956026205609525004e-01 -8.702916614871593348e-02 -6.659205000000000263e-01 -2.218295335926753764e-01 9.257335787874994282e-02 9.706811172764766571e-01 6.768624299999999927e+00
9.762495868232624607e-01 -1.362331209990447038e-02 2.162201415105395874e-01 3.377895099999999928e+00 3.348796231664976503e-02 9.955151782852770248e-01 -8.847647248569322220e-02 -6.700334000000000012e-01 -2.140450901265614214e-01 9.361589165874338592e-02 9.723274984395178233e-01 6.812685499999999728e+00
9.783818005778937010e-01 -1.799326561674038233e-02 2.060225586929841368e-01 3.387493800000000110e+00 3.589342892156729276e-02 9.958628625360286257e-01 -8.347946323377622435e-02 -6.751888000000000334e-01 -2.036681468914838811e-01 8.906964361662411678e-02 9.749799405771364391e-01 6.856907800000000108e+00
9.807705230162493404e-01 -2.207144788042273570e-02 1.939124348021409594e-01 3.396828900000000040e+00 3.862752005952960893e-02 9.958820599964537390e-01 -8.201729860992988674e-02 -6.799180999999999697e-01 -1.913036744981220505e-01 8.793050531915276580e-02 9.775843341409655718e-01 6.901431600000000444e+00
9.831814574196011680e-01 -2.610114616354020436e-02 1.807566097137760508e-01 3.404772499999999980e+00 4.206931829911450538e-02 9.954857432442633103e-01 -8.507824313691737805e-02 -6.841118999999999950e-01 -1.777199883077776876e-01 9.125165843077127914e-02 9.798411813092554601e-01 6.944714099999999668e+00
9.856600359843848969e-01 -2.679016715158687167e-02 1.666030624185854403e-01 3.412034999999999929e+00 4.168628572258524512e-02 9.953735250511306365e-01 -8.656673269762063527e-02 -6.887007000000000545e-01 -1.635131402851649207e-01 9.227043172802623650e-02 9.822166870822383045e-01 6.988008500000000289e+00
9.877967032556791427e-01 -2.950454398157940916e-02 1.529285941923579917e-01 3.418627700000000047e+00 4.320626379316248877e-02 9.952655751097146952e-01 -8.706120703599547206e-02 -6.933565999999999896e-01 -1.496358640374944593e-01 9.260624647380898133e-02 9.843948350676087200e-01 7.031989600000000173e+00
9.896688280046045394e-01 -3.097792623852520591e-02 1.399856384132062703e-01 3.424289499999999986e+00 4.376539038047022601e-02 9.950505013271997434e-01 -8.921373444337746261e-02 -6.980591999999999908e-01 -1.365291231966186958e-01 9.441857812130471928e-02 9.861262244888905348e-01 7.075135200000000069e+00
9.916243760279265240e-01 -2.805145326507354347e-02 1.260722524465346661e-01 3.429676800000000192e+00 4.035506253618017375e-02 9.945510596890468902e-01 -9.612314289022645675e-02 -7.032576999999999856e-01 -1.226888984176089242e-01 1.004057052219210350e-01 9.873530921428070872e-01 7.118339500000000264e+00
