1.000000000000000000e+00 0.000000000000000000e+00 0.000000000000000000e+00 0.000000000000000000e+00 0.000000000000000000e+00 1.000000000000000000e+00 0.000000000000000000e+00 0.000000000000000000e+00 0.000000000000000000e+00 0.000000000000000000e+00 1.000000000000000000e+00 0.000000000000000000e+00
9.994417667882775635e-01 1.232290037470917463e-03 3.338616869887481298e-02 1.892800000000000038e-03 -1.222967269856704842e-03 9.999992072772247997e-01 -2.996597718939496085e-04 -6.432999999999999699e-04 -3.338651150065004292e-02 2.586623002724229721e-04 9.994424815584093125e-01 4.783239999999999714e-02
9.977104301011381349e-01 6.307954390985539249e-04 6.762765532321798889e-02 5.276900000000000167e-03 -5.869068831290439551e-04 9.999996040967071842e-01 -6.688398459533248172e-04 -1.907400000000000068e-03 -6.762805045033087881e-02 6.276173539757955253e-04 9.977104053224785662e-01 9.521060000000000634e-02
9.948365045677013407e-01 1.247756267910806100e-04 1.014904606874994369e-01 1.040669999999999963e-02 9.281697923566237913e-05 9.999977075031970530e-01 -2.139245978981314973e-03 -2.761399999999999792e-03 -1.014904949467006628e-01 2.137620030122531004e-03 9.948342123268985038e-01 1.428193000000000101e-01
9.909371345928857933e-01 3.672429967285400273e-04 1.343259484143789484e-01 1.698059999999999847e-02 1.828625594747415172e-04 9.999916480327950552e-01 -4.082943293617483961e-03 -3.564799999999999913e-03 -1.343263259607936355e-01 4.070503314813474389e-03 9.909287911634411250e-01 1.910690999999999917e-01
9.860486531323292558e-01 1.840112103855772591e-03 1.664471917557177050e-01 2.525439999999999977e-02 -6.842217096613258456e-04 9.999752546645707119e-01 -7.001564052335852717e-03 -4.843799999999999668e-03 -1.664559566268850599e-01 6.789996021514076510e-03 9.860255120723075972e-01 2.385066999999999882e-01
9.801316552311087893e-01 -1.616363168793894878e-03 1.983414373852155632e-01 3.526060000000000305e-02 3.894367617858341887e-03 9.999308570299660914e-01 -1.109572260713191476e-02 -6.181599999999999769e-03 -1.983097887518006364e-01 1.164768343594589813e-02 9.800701807298251023e-01 2.860369999999999857e-01
9.733312789700940826e-01 -6.560537851247950566e-03 2.293102281223914074e-01 4.704420000000000129e-02 1.047173260866468038e-02 9.998196445715045177e-01 -1.584364683660197809e-02 -7.804099999999999579e-03 -2.291649279331666456e-01 1.782239243234987058e-02 9.732244335883547537e-01 3.326724999999999821e-01
9.577496963046180367e-01 -1.755085349764697739e-02 2.870670422913714215e-01 7.530850000000000044e-02 2.555782000202582588e-02 9.993811473446861937e-01 -2.416857812869149108e-02 -1.147199999999999956e-02 -2.864652109160132354e-01 3.048425615826551305e-02 9.576055519165087571e-01 4.263910000000000200e-01
9.400306110204837973e-01 -2.752928150390846623e-02 3.399773360157031243e-01 1.085852999999999957e-01 4.202417935921615860e-02 9.984912354129363843e-01 -3.534432277937282763e-02 -1.630039999999999961e-02 -3.384913864393600536e-01 4.751201388519145363e-02 9.397692215873709731e-01 5.167163000000000173e-01
9.306534377528415947e-01 -2.678494222230980853e-02 3.649201908211784362e-01 1.271792999999999951e-01 4.782950167854459894e-02 9.976651050007215860e-01 -4.875117468411502980e-02 -1.937279999999999905e-02 -3.627623430953106354e-01 6.282439919367732717e-02 9.297615701339529970e-01 5.616432999999999565e-01
9.208230364403390267e-01 -2.061744917015425477e-02 3.894353044480046711e-01 1.462863000000000080e-01 4.999434354263988106e-02 9.966026609628803046e-01 -6.544999446483300287e-02 -2.253379999999999966e-02 -3.867628487517053015e-01 7.973742503631701950e-02 9.187254442291468148e-01 6.052914000000000350e-01
8.987732097477455495e-01 -1.099425173919637774e-02 4.382759905224450359e-01 1.864934000000000036e-01 5.554004200163556448e-02 9.944864787349357860e-01 -8.894912786444161834e-02 -3.053610000000000005e-02 -4.348816174250087485e-01 1.042869600769118499e-01 8.944284257467027821e-01 6.897875999999999452e-01
8.756028893399437907e-01 -1.323859129731609283e-02 4.828502043905593122e-01 2.320589999999999875e-01 6.363724748900180528e-02 9.940728135717297187e-01 -8.814500581206335950e-02 -4.029689999999999661e-02 -4.788213455053625389e-01 1.079072797268459394e-01 8.712554952884867809e-01 7.725098999999999716e-01
8.643924695513695022e-01 -1.825430486764196072e-02 5.024862574605238885e-01 2.562479999999999758e-01 6.796500799535497295e-02 9.944112026617886180e-01 -8.079057933278099846e-02 -4.529129999999999961e-02 -4.982031877367666950e-01 1.039862508918089068e-01 8.608022091946497811e-01 8.132833000000000423e-01
8.538566985673585741e-01 -2.654687008408176951e-02 5.198307436083305921e-01 2.811423000000000116e-01 7.637654919345365778e-02 9.942785819294585048e-01 -7.467746815234972690e-02 -4.966849999999999737e-02 -5.148741215529782922e-01 1.034667347754056471e-01 8.509989857514312916e-01 8.530801999999999552e-01
8.182284076881368717e-01 -2.185657388728029504e-02 5.744776436294504185e-01 4.073240000000000194e-01 7.973888915409227396e-02 9.939328944735914551e-01 -7.575691941875642432e-02 -7.237530000000000352e-02 -5.693364404362392106e-01 1.077946726942404509e-01 8.150069485164738170e-01 1.041797800000000107e+00
8.122477480647117831e-01 -2.253336721897346642e-02 5.828772110192501632e-01 4.341312999999999978e-01 8.192035137760445007e-02 9.937567895065270163e-01 -7.573968140842692043e-02 -7.624690000000000634e-02 -5.775315158447844599e-01 1.092688915998285409e-01 8.090226557609931923e-01 1.078345300000000062e+00
8.072475995095592660e-01 -2.410044987932088642e-02 5.897206808326026506e-01 4.620778999999999859e-01 8.570821154577466794e-02 9.933615276842446828e-01 -7.672664328933068156e-02 -8.055769999999999598e-02 -5.839566897978639703e-01 1.124813034794573952e-01 8.039543151248603747e-01 1.114804099999999965e+00
8.069493731981067786e-01 -2.432666958528543338e-02 5.901194135444713940e-01 5.452504000000000239e-01 8.897541374528775138e-02 9.927557042255835684e-01 -8.074334323286629089e-02 -9.384760000000000324e-02 -5.838801973384928345e-01 1.176619091909269638e-01 8.032680687550753929e-01 1.228647700000000009e+00
8.112950346428343673e-01 -2.365286447698353167e-02 5.841582908475370095e-01 5.745780000000000332e-01 8.715740310030330174e-02 9.929088391287880233e-01 -8.084320790724404404e-02 -9.849130000000000384e-02 -5.781037569923702657e-01 1.165014127895284274e-01 8.076035332818638501e-01 1.268917000000000073e+00
8.160451258460253987e-01 -2.264466579750069181e-02 5.775444326576648635e-01 6.031739000000000406e-01 8.487652763462402716e-02 9.930945305435022741e-01 -8.098906383746992677e-02 -1.030689999999999940e-01 -5.717222469343250513e-01 1.151106967900914768e-01 8.123319517567102466e-01 1.309883799999999932e+00
8.252363898284198473e-01 -1.968241572543753468e-02 5.644444201284721796e-01 6.606918999999999986e-01 7.993599317082569766e-02 9.934025763778622231e-01 -8.222869475809063688e-02 -1.124161000000000049e-01 -5.591020818229439637e-01 1.129775365151700628e-01 8.213652892253320292e-01 1.394176499999999930e+00
8.283921329292935898e-01 -1.579268294381344986e-02 5.599259462342246474e-01 6.898566000000000420e-01 7.481814603474919168e-02 9.937651908764271180e-01 -8.266190432273722022e-02 -1.171803000000000011e-01 -5.551294615896175122e-01 1.103690924479068108e-01 8.244088453597806510e-01 1.437697900000000084e+00
8.291695314681066797e-01 -1.161086273900316379e-02 5.588766196142190834e-01 7.493581000000000270e-01 6.807646069033450320e-02 9.944400152573036333e-01 -8.034084611784410301e-02 -1.274939999999999962e-01 -5.548364475995045675e-01 1.046625239591984641e-01 8.253497879648679092e-01 1.527385599999999899e+00
8.285331325816897019e-01 -1.088379382856757838e-02 5.598342533699323109e-01 7.802050000000000374e-01 6.689547888139461829e-02 9.945743542281296756e-01 -7.966711251782411518e-02 -1.326354999999999895e-01 -5.559297105926261917e-01 1.034572227715203768e-01 8.247658818942518177e-01 1.573703599999999980e+00
8.279266159110395540e-01 -1.068551718019836172e-02 5.607346416877467821e-01 8.425913999999999904e-01 6.621243953003029536e-02 9.946885135207167439e-01 -7.880782906176987679e-02 -1.425893000000000022e-01 -5.569142048085828911e-01 1.023747077775499364e-01 8.242366090449302352e-01 1.666794300000000062e+00
8.281359895856592601e-01 -1.152612856529692739e-02 5.604087179133433461e-01 8.752438000000000162e-01 6.640695177083952294e-02 9.947648668381259274e-01 -7.767223738911469000e-02 -1.478529000000000093e-01 -5.565796434558906158e-01 1.015382098759961271e-01 8.245660024677781141e-01 1.714286299999999930e+00
8.278440377862250621e-01 -1.098573656196093554e-02 5.608507490357754754e-01 9.067220000000000280e-01 6.575992214174133932e-02 9.948151322623047799e-01 -7.757889701358945678e-02 -1.529794999999999905e-01 -5.570905507560788283e-01 1.011047289404615052e-01 8.242741971238481957e-01 1.761301299999999959e+00
8.292131606160701995e-01 -9.571104406802616316e-03 5.588505419354456993e-01 1.038286100000000101e+00 6.180712543972423367e-02 9.952916021931162982e-01 -7.466261346040396762e-02 -1.744039000000000006e-01 -5.555046476007068357e-01 9.645216723481948862e-02 8.259004576398544240e-01 1.956376200000000010e+00
8.305749198099275921e-01 -1.181041028534358939e-02 5.567816598915809045e-01 1.070790200000000025e+00 6.247477628826522689e-02 9.954402140867748550e-01 -7.208108286233594342e-02 -1.797827999999999926e-01 -5.533915475596491440e-01 9.465354926133293101e-02 8.275255287311498176e-01 2.004955499999999891e+00
8.337029479614748162e-01 -1.360113695512705015e-02 5.520456535775591922e-01 1.134787100000000049e+00 6.256882991596306176e-02 9.955854216277408852e-01 -6.996291707226612311e-02 -1.906663000000000108e-01 -5.486570295578959700e-01 9.286914081567340662e-02 8.308735081833245051e-01 2.101650499999999866e+00
8.351364538321615072e-01 -1.292868420383769604e-02 5.498908551752788032e-01 1.196412899999999890e+00 6.211419146847696471e-02 9.955455928016507805e-01 -7.092813173506701263e-02 -2.007473999999999925e-01 -5.465244099753088225e-01 9.339069427928606282e-02 8.322194707666803470e-01 2.196233700000000066e+00
8.332038372230285983e-01 -8.827558030595830663e-03 5.528955053679106557e-01 1.261227499999999946e+00 6.075676530938056707e-02 9.952802950372664492e-01 -7.566868427343345638e-02 -2.113598999999999895e-01 -5.496180320058300373e-01 9.663958055449212159e-02 8.298076948090382654e-01 2.294176100000000051e+00
8.266391171254362513e-01 -8.537745807449457353e-03 5.626676434047070963e-01 1.324681500000000067e+00 6.090685506526438697e-02 9.953684491280937463e-01 -7.437745280925121827e-02 -2.216431000000000096e-01 -5.594266038044115597e-01 9.575362853104259220e-02 8.233305032482405306e-01 2.388373099999999916e+00
8.231159297395367336e-01 -1.133180028499292807e-02 5.677602984634616545e-01 1.357504700000000009e+00 6.232547626405674640e-02 9.955637382352812148e-01 -7.048672300122227341e-02 -2.272112000000000021e-01 -5.644428236920694397e-01 9.340467554300252440e-02 8.201706318621936331e-01 2.435339499999999990e+00
8.194991868021853643e-01 -9.156027527388210102e-03 5.730071988993458154e-01 1.389419399999999971e+00 5.943350839129568630e-02 9.958386109013105392e-01 -6.908776388370158061e-02 -2.323517999999999972e-01 -5.699901235204506422e-01 9.067319448473196153e-02 8.166331066587217968e-01 2.481595800000000018e+00
8.159675001750098522e-01 -9.316081620424698090e-03 5.780227065448094725e-01 1.421760799999999936e+00 6.190180947318439653e-02 9.955294799270200112e-01 -7.133877332967421270e-02 -2.373775999999999942e-01 -5.747740465975225144e-01 9.399077199107709613e-02 8.128963833960823893e-01 2.527905899999999928e+00
8.126331682358116648e-01 -8.534342111078067200e-03 5.827130502123304412e-01 1.454094900000000079e+00 6.274712222233672088e-02 9.953614522106674078e-01 -7.292721101129828742e-02 -2.418626000000000109e-01 -5.793877221134756672e-01 9.582663751693662468e-02 8.093992358572842383e-01 2.572853100000000115e+00
8.070281269426775594e-01 -4.547072287393819773e-03 5.904954923257305088e-01 1.519896499999999984e+00 6.067866121925914735e-02 9.953156721860807465e-01 -7.526495049761672274e-02 -2.522324000000000233e-01 -5.873871826964153220e-01 9.657140795485760765e-02 8.035236528998910277e-01 2.662931899999999796e+00
8.047349628013592548e-01 -6.074988226168427652e-03 5.936031790372647832e-01 1.553412599999999921e+00 6.190362558917576058e-02 9.953547671774507499e-01 -7.373485333299281685e-02 -2.572753999999999874e-01 -5.903978157005750349e-01 9.608320339775694441e-02 8.013728453353127223e-01 2.707648499999999903e+00
8.031355206282586590e-01 -1.153495662462107954e-02 5.956847155004432182e-01 1.586870599999999909e+00 6.252166072110704187e-02 9.959240684312836711e-01 -6.500993662475432200e-02 -2.620605999999999769e-01 -5.925068585643973318e-01 8.945498697640005825e-02 8.005831798502897056e-01 2.752338899999999811e+00
8.016614039521472446e-01 -1.714455355593534625e-02 5.975324741776300019e-01 1.620083600000000068e+00 6.202325619798845779e-02 9.965791697093923096e-01 -5.461752641723231771e-02 -2.668438000000000199e-01 -5.945520238835884097e-01 8.084567264056900793e-02 7.999824173762964952e-01 2.796641300000000108e+00
8.002267254398208740e-01 -1.948531226983993975e-02 5.993809393846357692e-01 1.652319199999999988e+00 6.344332084262141458e-02 9.966139128383969537e-01 -5.230347767978968387e-02 -2.709879000000000038e-01 -5.963322336854864902e-01 7.988135791714412459e-02 7.987533009164915487e-01 2.840405200000000185e+00
7.994425302435206326e-01 -1.603215016817659266e-02 6.005286096422242093e-01 1.684660899999999906e+00 6.318290746120509838e-02 9.963434623864073636e-01 -5.751195671001340520e-02 -2.750770000000000159e-01 -5.974107138665882832e-01 8.392064776233973400e-02 7.975322964222595346e-01 2.883502000000000010e+00
7.984533516808628439e-01 -1.361229559118944110e-02 6.019027750379080111e-01 1.717311899999999891e+00 6.513020127645290092e-02 9.958301833645792911e-01 -6.387724776285429173e-02 -2.793282000000000265e-01 -5.985234348555494854e-01 9.020505145947439740e-02 7.960105191641052569e-01 2.926743999999999790e+00
7.982342982155182787e-01 -1.722636561356233678e-02 6.021007037698319353e-01 1.750683100000000048e+00 7.051002856963697885e-02 9.953910459140609124e-01 -6.500001219400571018e-02 -2.834826999999999764e-01 -5.982059352961052179e-01 9.433937694229165005e-02 7.957699045167844210e-01 2.969557800000000025e+00
7.982144002660377380e-01 -2.090854745647881263e-02 6.020104682239253435e-01 1.783554899999999943e+00 7.440250521401851891e-02 9.951668166739993104e-01 -6.408801922993527522e-02 -2.881095000000000184e-01 -5.977608538753667045e-01 9.594706683478541887e-02 7.959121320472465344e-01 3.012243499999999852e+00
7.984914816743264865e-01 -2.181057653463094187e-02 6.016108812552892759e-01 1.815794799999999931e+00 7.292665032707257300e-02 9.954882923677449424e-01 -6.070225227142674040e-02 -2.925180000000000002e-01 -5.975726377316917803e-01 9.234369772744675797e-02 7.964794938505386224e-01 3.055299000000000209e+00
7.989271974897387274e-01 -2.372141957455818628e-02 6.009597551954372063e-01 1.847985500000000059e+00 7.157111806955672451e-02 9.958713009368082014e-01 -5.583840102208197098e-02 -2.964707999999999788e-01 -5.971540070781286014e-01 8.762217883502464166e-02 7.973264360390525107e-01 3.098493799999999965e+00
7.997350470898055841e-01 -2.538357185574793146e-02 5.998162458087563653e-01 1.880335799999999891e+00 6.889066403769855684e-02 9.963861615823970119e-01 -4.968594786800642482e-02 -3.007375999999999938e-01 -5.963873999882218779e-01 8.105733333228640203e-02 7.985936249735200443e-01 3.141601800000000111e+00
8.001725953109505296e-01 -1.913904834477565819e-02 5.994643563564010513e-01 1.911552899999999999e+00 6.035444262937557369e-02 9.969867678999932981e-01 -4.873115930513455263e-02 -3.043773000000000173e-01 -5.967253631011801840e-01 7.517367531776884826e-02 7.989166161565194324e-01 3.184923599999999855e+00
8.014357654442578749e-01 -1.354313204993907657e-02 5.979275018269809561e-01 1.942749499999999907e+00 5.250788133818024006e-02 9.974765123721117677e-01 -4.778629158392597165e-02 -3.075130999999999837e-01 -5.957714631166484143e-01 6.969354948807188199e-02 8.001244733762377104e-01 3.228095499999999785e+00
8.027807735370051656e-01 -1.710266772850491807e-02 5.960289660711934889e-01 1.974534900000000093e+00 5.574064077938766654e-02 9.973638727850469010e-01 -4.645735925250349396e-02 -3.112276999999999960e-01 -5.936632131139933932e-01 7.051811128909553361e-02 8.016178549504668904e-01 3.270621799999999801e+00
8.048270561441969173e-01 -1.972458399327886233e-02 5.931815493460311783e-01 2.006199599999999972e+00 5.971392991706138409e-02 9.970672926581204409e-01 -4.786502361084121054e-02 -3.149894999999999778e-01 -5.904978037826441595e-01 7.394426751072860626e-02 8.036445663539173445e-01 3.313268900000000183e+00
8.084404642106627348e-01 -2.040216191882993080e-02 5.882242494286392676e-01 2.037242700000000184e+00 6.185610266558654036e-02 9.968097366045957086e-01 -5.043978165397862423e-02 -3.185700000000000198e-01 -5.853185785449429579e-01 7.716282005807244271e-02 8.071233244125788353e-01 3.355998299999999990e+00
8.137110744468143420e-01 -2.496894657822734676e-02 5.807330187180547165e-01 2.068278100000000119e+00 6.669763575100073894e-02 9.964888249465831960e-01 -5.061074136786211652e-02 -3.220508999999999733e-01 -5.774302665325378170e-01 7.991604008802882797e-02 8.125193621254885867e-01 3.398623900000000031e+00
8.189340412164234362e-01 -3.140419640316630123e-02 5.730277590005641297e-01 2.098902499999999893e+00 7.345480570067708381e-02 9.960246814272382121e-01 -5.039072838572922208e-02 -3.259904000000000135e-01 -5.691673107763770556e-01 8.335832553524522015e-02 8.179853066574893639e-01 3.441413900000000137e+00
8.256078730442876212e-01 -2.949342887846050434e-02 5.634729608599500228e-01 2.128162099999999946e+00 7.064750985686839291e-02 9.961776444577601364e-01 -5.137149047489390774e-02 -3.295077000000000145e-01 -5.598040454644028774e-01 8.222066854252417512e-02 8.245357435224437426e-01 3.484656100000000034e+00
8.327555821240254508e-01 -2.836431320137220921e-02 5.529137420772701761e-01 2.156928800000000201e+00 6.787243972064566089e-02 9.963840137641555295e-01 -5.110997008019374510e-02 -3.327972000000000152e-01 -5.494647143972420933e-01 8.008971751632940062e-02 8.316695045392199503e-01 3.528547500000000170e+00
8.399848859874602391e-01 -3.110185389160544100e-02 5.417176995420571739e-01 2.185069100000000208e+00 6.766178568949855754e-02 9.965674183813116871e-01 -4.769972094379631988e-02 -3.365722999999999909e-01 -5.383746595726266460e-01 7.672063154923126904e-02 8.392059762804036094e-01 3.572415799999999919e+00
8.468652892777902563e-01 -3.076196831368201157e-02 5.309170209382183536e-01 2.213046999999999986e+00 6.636937861271227646e-02 9.966341421126042599e-01 -4.811956315300181669e-02 -3.401205999999999952e-01 -5.276497772187600521e-01 7.598742054406969204e-02 8.460565137861959517e-01 3.617243999999999904e+00
8.539846668875856750e-01 -3.225552089523111426e-02 5.192973811725576372e-01 2.240101600000000026e+00 6.664695711605769790e-02 9.966359735797348796e-01 -4.769611382433927571e-02 -3.434575999999999740e-01 -5.160119880662363823e-01 7.534134016959927183e-02 8.532615722235351585e-01 3.661838299999999879e+00
8.607449250255495565e-01 -3.341225444850222381e-02 5.079387712071503636e-01 2.266155499999999989e+00 6.741788981531586511e-02 9.965359068420679423e-01 -4.869306426286163642e-02 -3.471901000000000015e-01 -5.045522789321352786e-01 7.615646805837168742e-02 8.600158081089341877e-01 3.706199199999999916e+00
8.677889213340558294e-01 -3.106753528726989913e-02 4.959608817850961193e-01 2.292035100000000103e+00 6.646718432871862037e-02 9.963324213747739577e-01 -5.388709980034126629e-02 -3.511486999999999803e-01 -4.924677668815371501e-01 7.972775155900257982e-02 8.666712088295410732e-01 3.750863799999999859e+00
8.740121312581400348e-01 -2.966262607279736285e-02 4.849978587870973912e-01 2.316856099999999863e+00 6.916291396825222093e-02 9.955664523674799815e-01 -6.374896275117340749e-02 -3.546019000000000254e-01 -4.809566360338777824e-01 8.926123198172740414e-02 8.721887104979519911e-01 3.795360800000000090e+00
8.808976114746462915e-01 -2.762843590612866149e-02 4.724998070133403227e-01 2.341212300000000024e+00 6.858801622348817406e-02 9.952088356478236975e-01 -6.967824250818512033e-02 -3.585301000000000182e-01 -4.683108819243788079e-01 9.378722182623745740e-02 8.785720658507909508e-01 3.840354699999999788e+00
8.869436831528348941e-01 -2.786816226674850711e-02 4.610360815024760472e-01 2.364284000000000052e+00 6.632447351485593057e-02 9.955177926211833395e-01 -6.741949857143576808e-02 -3.628061000000000202e-01 -4.570907646499333121e-01 9.037527375627045501e-02 8.848165588217811184e-01 3.885491099999999864e+00
8.926871305430558179e-01 -2.799180863350343718e-02 4.498067869788433537e-01 2.387029200000000184e+00 6.375362899605814537e-02 9.958757880808011276e-01 -6.455144850641436616e-02 -3.673151000000000055e-01 -4.461447766730416431e-01 8.630106235654699809e-02 8.907900790217037068e-01 3.931351900000000121e+00
8.975795630700756922e-01 -2.477054843825703470e-02 4.401560494745015983e-01 2.409279800000000193e+00 6.028928496371628587e-02 9.959368318668706532e-01 -6.689565792743445982e-02 -3.717490999999999990e-01 -4.367105793056721419e-01 8.658086890906369071e-02 8.954259450459628455e-01 3.976811899999999955e+00
9.008386726411437007e-01 -1.736755655728847852e-02 4.338064705065745597e-01 2.430398199999999953e+00 5.492598672101645790e-02 9.957300396215926774e-01 -7.419450234285666912e-02 -3.761131999999999809e-01 -4.306655568499352937e-01 9.066452544634436006e-02 8.979460573824711300e-01 4.022199600000000430e+00
9.034246212189496195e-01 -9.209748189316045719e-03 4.286480308057961097e-01 2.451379300000000150e+00 4.898947224867868794e-02 9.954388112945463662e-01 -8.186332864779238827e-02 -3.806783000000000250e-01 -4.259389456062843693e-01 9.495658748496554891e-02 8.997551117437548873e-01 4.067830599999999741e+00
9.051020921633062821e-01 -5.668078718827618961e-03 4.251565307569001306e-01 2.472133599999999820e+00 4.627104142254293007e-02 9.952857924057650907e-01 -8.523603792353100228e-02 -3.855805999999999956e-01 -4.226691300382358629e-01 9.681975169801600167e-02 9.010975209120573037e-01 4.113214000000000148e+00
9.067931941388727157e-01 -4.030137267111093269e-03 4.215564743388826585e-01 2.492952299999999788e+00 4.421479396265703271e-02 9.953486276748064743e-01 -8.559299843281215070e-02 -3.907028000000000167e-01 -4.192507066878486954e-01 9.625418110133107663e-02 9.027535530598878033e-01 4.158441100000000112e+00
9.089276289354644156e-01 -3.203195380289770855e-03 4.169416084982529580e-01 2.513108499999999967e+00 4.310256458775288402e-02 9.953349507692316189e-01 -8.631630612560894922e-02 -3.955950999999999773e-01 -4.147200673752276523e-01 9.642652807483495514e-02 9.048255027350410318e-01 4.203327200000000374e+00
9.116850145288832863e-01 -2.071093714813645320e-03 4.108845882413874051e-01 2.533708999999999989e+00 3.951054528146501210e-02 9.957952731392127887e-01 -8.264799335230016419e-02 -4.007867999999999986e-01 -4.089857590369514462e-01 9.158321114934225848e-02 9.079334581017177719e-01 4.248488899999999902e+00
9.138580099511975918e-01 -4.770661904128996322e-03 4.060058847270978100e-01 2.553252899999999936e+00 4.028040219514477521e-02 9.960635663845586185e-01 -7.896113550520537927e-02 -4.057684999999999764e-01 -4.040309726333295992e-01 8.851334648667692762e-02 9.104528327413206057e-01 4.293978700000000259e+00
9.163840247150807361e-01 -3.977941722072941833e-03 4.002805206685009498e-01 2.573098700000000072e+00 3.779426107401023111e-02 9.963435766321899756e-01 -7.662291519933808748e-02 -4.107851000000000141e-01 -3.985121241278111182e-01 8.534432191675783708e-02 9.131836801212058763e-01 4.339688800000000235e+00
9.187143047159450626e-01 4.046027060582952500e-03 3.949020840351727957e-01 2.591682200000000158e+00 2.908656571715835873e-02 9.965384873599920645e-01 -7.787820558436335527e-02 -4.153516999999999904e-01 -3.938502228069435951e-01 8.303416691509564462e-02 9.154164785056236875e-01 4.385267299999999757e+00
9.211058224988193377e-01 1.208294499469156000e-02 3.891247437506753504e-01 2.609626099999999838e+00 2.108755927120516474e-02 9.965023854398253889e-01 -8.085982102825289841e-02 -4.198356999999999783e-01 -3.887407601509737520e-01 8.268614305307109280e-02 9.176293495438396786e-01 4.430633499999999891e+00
9.239357015091022030e-01 1.127347680936607865e-02 3.823816525377647380e-01 2.628109900000000110e+00 2.281542742180133615e-02 9.961624712282272087e-01 -8.449726142326670353e-02 -4.247019000000000211e-01 -3.818668298614631973e-01 8.679423734960774184e-02 9.201328624793574384e-01 4.475393799999999978e+00
9.268756763523060549e-01 1.050784319636879557e-02 3.752213557592582460e-01 2.646576399999999829e+00 2.423871532414878169e-02 9.958464624943883514e-01 -8.776279289566651931e-02 -4.293699999999999739e-01 -3.745850574514287268e-01 9.044008164952807571e-02 9.227711668476299423e-01 4.520645599999999931e+00
9.293322713205003360e-01 1.096048910172550857e-02 3.690818298981012324e-01 2.664096799999999821e+00 2.253781922385169473e-02 9.960118548474289346e-01 -8.632746786520006932e-02 -4.341399000000000230e-01 -3.685560692580071018e-01 8.854520134956567201e-02 9.253789338055259384e-01 4.565858399999999762e+00
9.320716052273831931e-01 9.182569054875114670e-03 3.621577048115939834e-01 2.681644400000000150e+00 2.179737468341201578e-02 9.964460606670005882e-01 -8.136413606821664424e-02 -4.393460000000000143e-01 -3.616177500977519332e-01 8.373128809930475980e-02 9.285589233901482276e-01 4.611442600000000169e+00
9.346408078115818752e-01 1.021252938423993298e-02 3.554465706922627644e-01 2.698512299999999975e+00 1.926889857617147470e-02 9.966643122311462655e-01 -7.930295248272539732e-02 -4.440273000000000136e-01 -3.550707956464103643e-01 8.096883949021513316e-02 9.313263537077821619e-01 4.657109300000000118e+00
9.368752576542710431e-01 1.271289556167263558e-02 3.494325884654740366e-01 2.714783900000000028e+00 1.752847041372961739e-02 9.963748728936628885e-01 -8.324581305442357859e-02 -4.487044000000000032e-01 -3.492241462444977684e-01 8.411596134251239643e-02 9.332561281487663507e-01 4.702204700000000237e+00
9.394027470717437600e-01 1.343252599818484799e-02 3.425522530058290327e-01 2.731328200000000095e+00 1.704214141931086057e-02 9.961667443125795662e-01 -8.579850197713202731e-02 -4.537363999999999842e-01 -3.423916532421689141e-01 8.643717239118715867e-02 9.355728571410730776e-01 4.747262499999999719e+00
9.416042526917722810e-01 1.594104990112491307e-02 3.363440414825552560e-01 2.746836399999999845e+00 1.422560511316128817e-02 9.961036474502164006e-01 -8.703537037055324166e-02 -4.586449000000000220e-01 -3.364209617011600928e-01 8.673757239181197065e-02 9.377086594799269870e-01 4.792442300000000266e+00
9.440765992693166409e-01 1.521691872213623911e-02 3.293748929361282607e-01 2.762545100000000087e+00 1.415593964637658700e-02 9.961429406974319223e-01 -8.659590678202222502e-02 -4.635097000000000245e-01 -3.294221973164683237e-01 8.641578029084986956e-02 9.402198300567337075e-01 4.838287799999999805e+00
9.467909454341841835e-01 1.068650228136219446e-02 3.216717337796936027e-01 2.778102399999999861e+00 1.778588689635535527e-02 9.961841268374442837e-01 -8.544499789003835721e-02 -4.685538000000000203e-01 -3.213573834084938463e-01 8.661976740969144772e-02 9.429880423540571988e-01 4.884538199999999719e+00
9.493515952593720719e-01 7.011515894281246560e-03 3.141375291545879800e-01 2.793303499999999939e+00 2.113877900347984132e-02 9.960609000147983005e-01 -8.611524536313001910e-02 -4.732056000000000040e-01 -3.135039084297473466e-01 8.839412936713776647e-02 9.454637895195661113e-01 4.929013300000000264e+00
9.516297957412054309e-01 5.339681319370430043e-03 3.072006179371374324e-01 2.808337499999999931e+00 2.227652599752989737e-02 9.960184171682956444e-01 -8.631957513243590507e-02 -4.782452999999999843e-01 -3.064383922537006755e-01 8.898764220368152178e-02 9.477218533346144502e-01 4.972768300000000252e+00
9.537357939916217831e-01 1.161999795867341839e-02 3.004213888966813517e-01 2.822048199999999785e+00 1.513588679959090508e-02 9.961298633701491934e-01 -8.658059963385394964e-02 -4.832441000000000098e-01 -3.002647834661277271e-01 8.712216107058046166e-02 9.498688271863811039e-01 5.017382099999999845e+00
9.553917834988002733e-01 1.514876375571838456e-02 2.949526317557700228e-01 2.835468500000000169e+00 1.066989728755642249e-02 9.962613380385403339e-01 -8.572922268124370804e-02 -4.880723000000000145e-01 -2.951485953123518247e-01 8.505210924092775071e-02 9.516582608262352805e-01 5.063365499999999741e+00
9.566815397227511619e-01 1.224459023264936816e-02 2.908788434447245885e-01 2.849257900000000010e+00 1.306951951504874143e-02 9.963016891010735288e-01 -8.492427187791215526e-02 -4.931556999999999746e-01 -2.908429459576969967e-01 8.504712990091017888e-02 9.529834030465933470e-01 5.108650199999999586e+00
9.581610044173746177e-01 1.088608894645070289e-02 2.860226960947986896e-01 2.863025400000000165e+00 1.400199644647879237e-02 9.962974552227976677e-01 -8.482526045990126939e-02 -4.979962000000000000e-01 -2.858870995854839725e-01 8.528114553655607999e-02 9.544609434160059580e-01 5.153799099999999633e+00
9.596044919589153954e-01 9.497193193965847852e-03 2.811921448648740385e-01 2.876341599999999943e+00 1.519877024097906343e-02 9.962209611986483360e-01 -8.551487503120755451e-02 -5.032039000000000373e-01 -2.809416601279235981e-01 8.633423301262138638e-02 9.558337636925621217e-01 5.199145800000000150e+00
9.612266393198382053e-01 3.003822039705941402e-03 2.757432227907758993e-01 2.889349699999999910e+00 2.080235985273925364e-02 9.963015790307285791e-01 -8.336921161576350825e-02 -5.077719000000000538e-01 -2.749738345487563462e-01 8.587281685161253508e-02 9.576091319737519703e-01 5.243909799999999954e+00
9.627975454522609278e-01 -4.988073123374514584e-03 2.701777296477587131e-01 2.902995600000000120e+00 2.777652780784990727e-02 9.963603446308678668e-01 -8.058863536503027558e-02 -5.126439999999999886e-01 -2.687923938173126248e-01 8.509513954142114422e-02 9.594318455483874519e-01 5.289195999999999565e+00
9.641186715629480597e-01 -7.230320671402697477e-03 2.653731516312172745e-01 2.915717799999999915e+00 2.933502173245108868e-02 9.964088682060309177e-01 -7.942810497760388611e-02 -5.174488999999999894e-01 -2.638458709998186547e-01 8.436284622608064554e-02 9.608684959623672306e-01 5.334059700000000070e+00
9.653695346212475270e-01 -5.260319575147547055e-03 2.608332621870214640e-01 2.928067899999999835e+00 2.741597805659805320e-02 9.963063047170925834e-01 -8.137635607577929642e-02 -5.220879000000000492e-01 -2.594417579580363120e-01 8.570925398659824668e-02 9.619479705309973427e-01 5.379139399999999682e+00
9.662362362070869848e-01 -3.413344757631952414e-03 2.576351779511639739e-01 2.939596700000000062e+00 2.587289205159435876e-02 9.961436099076266260e-01 -8.383616103501302652e-02 -5.264663000000000537e-01 -2.563554744826974652e-01 8.767130384434600188e-02 9.625983654593349703e-01 5.424387499999999918e+00
9.666640791955959378e-01 -4.380508172070491507e-04 2.560475856250397086e-01 2.951082200000000100e+00 2.264358978425216190e-02 9.962267484377727023e-01 -8.378265655125291533e-02 -5.311314000000000313e-01 -2.550447526114054675e-01 8.678752104181935989e-02 9.630265314916316433e-01 5.469430000000000014e+00
9.669312624215627983e-01 -7.840909755752641097e-04 2.550359169865786257e-01 2.962814299999999790e+00 2.257321787718565703e-02 9.963337387219737273e-01 -8.251988196163985434e-02 -5.358962000000000447e-01 -2.540361855848731198e-01 8.554803496069264546e-02 9.634039392320606909e-01 5.514506800000000375e+00
9.670986338551793571e-01 -3.469673644746444977e-03 2.543780528273708597e-01 2.974539299999999997e+00 2.406180746057946102e-02 9.966720077273077960e-01 -7.788413467804103374e-02 -5.403018000000000542e-01 -2.532612521037826414e-01 8.144243597545558488e-02 9.639636236939690406e-01 5.559975599999999574e+00
9.673476048193765386e-01 -3.464198563266233932e-03 2.534296959287319906e-01 2.986114499999999783e+00 2.265737204080519804e-02 9.970851962087740050e-01 -7.285434093803329347e-02 -5.447205999999999992e-01 -2.524386161870244560e-01 7.621752311394618118e-02 9.646064659890868365e-01 5.605276599999999831e+00
9.675626358382619641e-01 -4.378391406999299421e-03 2.525933004226397771e-01 2.997914100000000026e+00 2.309696802669920085e-02 9.971954555288026212e-01 -7.118815590164953577e-02 -5.489541999999999478e-01 -2.515732016683980832e-01 7.471313914828528469e-02 9.649501909637203667e-01 5.650198900000000357e+00
9.678239324089507045e-01 -3.121504956521175406e-03 2.516090063238619612e-01 3.009259699999999871e+00 2.293707184639881547e-02 9.968545377065834989e-01 -7.586119817737387028e-02 -5.533540000000000125e-01 -2.505807785756679618e-01 7.919145699253214710e-02 9.648512769063488648e-01 5.694720700000000413e+00
9.677900922654215643e-01 -1.525255624835674187e-03 2.517538696984927271e-01 3.020651299999999928e+00 2.235897696271686719e-02 9.965509209945806468e-01 -7.991456697019537481e-02 -5.573669999999999458e-01 -2.507636605692050158e-01 8.296948511430000950e-02 9.644862109319140009e-01 5.739050399999999996e+00
9.679811061964386232e-01 8.722038437020077778e-04 2.510215474957760429e-01 3.032321200000000161e+00 1.965614191020349094e-02 9.966601362898858119e-01 -7.926038617009301124e-02 -5.619574999999999987e-01 -2.502523009523090480e-01 8.165667144257940380e-02 9.647310370652504297e-01 5.783318000000000403e+00
9.682032174770902611e-01 -1.901341131965174000e-03 2.501577793491741586e-01 3.054772600000000171e+00 2.220859816294512568e-02 9.966761377780684050e-01 -7.838019234111164024e-02 -5.710216000000000180e-01 -2.491772618732436551e-01 8.144360801003798500e-02 9.650272695005359669e-01 5.871089900000000306e+00
9.684100021872356079e-01 1.252871022156392192e-03 2.493601772094340419e-01 3.065813799999999922e+00 1.960358870559714833e-02 9.965099992509326432e-01 -8.113889759399045554e-02 -5.752081999999999473e-01 -2.485915665777507777e-01 8.346407435003475039e-02 9.650056897859782268e-01 5.914778700000000278e+00
9.682221368813752616e-01 1.054580957143136724e-02 2.498693249547583317e-01 3.076090799999999792e+00 1.075751355208643539e-02 9.964296499359390769e-01 -8.373905081094852598e-02 -5.797360999999999764e-01 -2.498603000779439087e-01 8.376597536604614425e-02 9.646517982235531807e-01 5.958582400000000057e+00
9.682796003380318428e-01 1.699466088489717114e-02 2.492905876093771955e-01 3.086606999999999879e+00 4.701027762556202194e-03 9.962687362548794390e-01 -8.617717504699944076e-02 -5.844209000000000209e-01 -2.498249705437727008e-01 8.461552258606487575e-02 9.645868013975156252e-01 6.002226399999999629e+00
9.683004701333506326e-01 1.456955978031910029e-02 2.493630435075331053e-01 3.097503399999999907e+00 8.016876983195513756e-03 9.959705394839515336e-01 -8.932196909765691140e-02 -5.891555000000000542e-01 -2.496596267380219725e-01 8.848961751445291735e-02 9.642819392528190203e-01 6.045404900000000303e+00
9.684739681105681841e-01 1.288676553527634897e-02 2.487812379706493826e-01 3.108450700000000122e+00 9.776025574557353770e-03 9.959257680709571181e-01 -8.964537810863192069e-02 -5.941233999999999682e-01 -2.489228844765696835e-01 8.925130680451014153e-02 9.644021991977991259e-01 6.088330299999999973e+00
9.688721776842960098e-01 1.459677843103976587e-02 2.471308102376656712e-01 3.118969199999999997e+00 8.240057964623922690e-03 9.958056215601118755e-01 -9.112225586550767864e-02 -5.988643000000000161e-01 -2.474243414743780567e-01 9.032219067712288219e-02 9.646880828108409522e-01 6.131106400000000178e+00
9.693804172543792896e-01 4.603384686812711166e-03 2.455207027791156127e-01 3.130279499999999882e+00 1.782586305947307659e-02 9.958673440994858517e-01 -8.905319512752581101e-02 -6.036772999999999723e-01 -2.449159963128389184e-01 9.070304187656273720e-02 9.652922422481328146e-01 6.174153300000000399e+00
9.703867186218660956e-01 -3.272070375004227510e-03 2.415344900376513448e-01 3.141805600000000087e+00 2.452262236066899900e-02 9.960767444120004477e-01 -8.502799676663240491e-02 -6.085205000000000197e-01 -2.403086709106504182e-01 8.843309785963314462e-02 9.666598832516560824e-01 6.216336700000000270e+00
9.709403233593244531e-01 -9.974904535157386870e-03 2.391137590236182831e-01 3.153027999999999942e+00 2.967890932193358380e-02 9.964369945445904486e-01 -7.894604641401777034e-02 -6.135083000000000064e-01 -2.374743161193456908e-01 8.374853540485528713e-02 9.677769019775119830e-01 6.259288800000000208e+00
9.718127157487550516e-01 -1.242645551224654497e-02 2.354264826064215443e-01 3.163454499999999836e+00 3.176498927955648949e-02 9.964056229961691935e-01 -7.852910236139003242e-02 -6.178407000000000204e-01 -2.336044326743377531e-01 8.379389992725110037e-02 9.687143806973667060e-01 6.301520799999999589e+00
9.730684105000931838e-01 -1.160988573550628296e-02 2.302239758149241255e-01 3.173504100000000161e+00 3.163527959393287736e-02 9.960069351913614089e-01 -8.348289726479858619e-02 -6.222898999999999514e-01 -2.283354496608793471e-01 8.851776998953210518e-02 9.695501672550236316e-01 6.343056200000000366e+00
9.744455441410269092e-01 -1.253231233032999631e-02 2.242739901356217147e-01 3.182525899999999908e+00 3.270859852890926900e-02 9.957169312288399743e-01 -8.647508569811396262e-02 -6.266814000000000551e-01 -2.222296764295275673e-01 9.160094984156319509e-02 9.706818412343721780e-01 6.383825800000000328e+00
9.762587804319639018e-01 -1.214347749187733548e-02 2.162668018534026071e-01 3.191508999999999929e+00 3.182264281338970102e-02 9.956344000068669819e-01 -8.774657216858954001e-02 -6.306534000000000306e-01 -2.142571189805978216e-01 9.254554272016747574e-02 9.723832626535504620e-01 6.425520399999999910e+00
9.784079616682503922e-01 -1.589509771828733625e-02 2.060708771580923859e-01 3.200745599999999857e+00 3.359917837902247351e-02 9.960079348607765448e-01 -8.269999338951462831e-02 -6.355024999999999702e-01 -2.039337043169523189e-01 8.783814412256917004e-02 9.750361555761245524e-01 6.467492599999999925e+00
9.807102773161733289e-01 -2.006732715014456631e-02 1.944341902739422645e-01 3.208981500000000153e+00 3.647364517792643646e-02 9.960326224272801898e-01 -8.117073529339258187e-02 -6.398749999999999716e-01 -1.920339167279291881e-01 8.669669798604992539e-02 9.775513579267569586e-01 6.508977400000000024e+00
9.831772852577160826e-01 -2.389166701445655239e-02 1.810845493147822116e-01 3.216493600000000175e+00 3.964297645573101880e-02 9.956878921790441872e-01 -8.386927796149401537e-02 -6.440126999999999935e-01 -1.782999163516287566e-01 8.963709954768905863e-02 9.798848555895125489e-01 6.549558199999999886e+00
9.855745078348638888e-01 -2.466620992582314181e-02 1.674349652669988864e-01 3.222962100000000163e+00 3.945744488753310381e-02 9.955482644449308305e-01 -8.559651396893100395e-02 -6.481417999999999902e-01 -1.645782474964817277e-01 9.096829804157785526e-02 9.821602563748980108e-01 6.590825099999999992e+00
9.877672627651338244e-01 -2.704232012214580899e-02 1.535726132221709173e-01 3.229314299999999971e+00 4.061585368631872445e-02 9.954714523291611217e-01 -8.594730959723033414e-02 -6.526269000000000098e-01 -1.505529376624935578e-01 9.113342153174101845e-02 9.843924585454275622e-01 6.631951800000000397e+00
9.896560963702351055e-01 -2.874731781434988406e-02 1.405503562276118890e-01 3.234712099999999868e+00 4.146354922453597547e-02 9.952216596854189801e-01 -8.840035168880609751e-02 -6.568152000000000434e-01 -1.373374857893223389e-01 9.331366358406940897e-02 9.861191485746469976e-01 6.673156299999999597e+00
9.915568060359536418e-01 -2.502505603501294432e-02 1.272353998469868408e-01 3.239331700000000147e+00 3.730214534367664453e-02 9.947739678346368963e-01 -9.504368927652143140e-02 -6.617252999999999608e-01 -1.241919899048943426e-01 9.898737035085433678e-02 9.873083865512767288e-01 6.713299300000000081e+00
