1.000000000000000000e+00 0.000000000000000000e+00 0.000000000000000000e+00 0.000000000000000000e+00 0.000000000000000000e+00 1.000000000000000000e+00 0.000000000000000000e+00 0.000000000000000000e+00 0.000000000000000000e+00 0.000000000000000000e+00 1.000000000000000000e+00 0.000000000000000000e+00
9.994585717063791952e-01 4.109302904441179726e-04 3.289976563656552694e-02 2.294700000000000212e-03 -3.477666236835271363e-04 9.999980855958430226e-01 -1.925581217307028702e-03 -1.190300000000000039e-03 -3.290049393276633233e-02 1.913097212738906240e-03 9.994568012465744333e-01 6.352499999999999813e-02
9.978486872508971484e-01 1.461718414848210560e-03 6.554281601317482608e-02 6.386099999999999589e-03 -1.148868916195002832e-03 9.999877688243854479e-01 -4.810644638790858088e-03 -2.713199999999999813e-03 -6.554904615533771461e-02 4.724995333650599399e-03 9.978381617112177526e-01 1.258558999999999928e-01
9.951964090142776387e-01 -2.460673459242885500e-03 9.786752562118679333e-02 1.327500000000000034e-02 3.340688306564722470e-03 9.999554428542646312e-01 -8.829049086382394565e-03 -4.374000000000000284e-03 -9.784143951682773566e-02 9.113582844213668002e-03 9.951602862458974741e-01 1.888301000000000007e-01
9.915579973238681788e-01 -8.247843339990295827e-03 1.294013563426553437e-01 2.219120000000000120e-02 1.011200647622421435e-02 9.998542541016752772e-01 -1.375564901440410118e-02 -6.203300000000000133e-03 -1.292690421876200590e-01 1.494803114198170121e-02 9.914968840580760112e-01 2.511743000000000170e-01
9.871008085066729221e-01 -1.473302384909599451e-02 1.594206130139216304e-01 3.385780000000000040e-02 1.791076417664430598e-02 9.996681536018960923e-01 -1.851451324730323672e-02 -7.995900000000000230e-03 -1.590949350924825145e-01 2.113103600010895339e-02 9.870371223745745271e-01 3.135139000000000120e-01
9.818831451168450464e-01 -2.043648989370033114e-02 1.883821626807520022e-01 4.693169999999999981e-02 2.504428217655314814e-02 9.994417693390516000e-01 -2.211184367453837910e-02 -1.060990000000000023e-02 -1.878251135117820214e-01 2.642914265069385218e-02 9.818468450593684782e-01 3.763526999999999845e-01
9.695695487022015779e-01 -3.245345585897692342e-02 2.426554417939531805e-01 7.847039999999999571e-02 4.173071823610460807e-02 9.985774999374428251e-01 -3.318921171382540475e-02 -1.668669999999999876e-02 -2.412331597954725793e-01 4.230543489311646560e-02 9.695446419807580707e-01 4.978776999999999786e-01
9.627428770624359977e-01 -3.351333948299441839e-02 2.683337637015529298e-01 9.804970000000000352e-02 4.777832309742271327e-02 9.977606521825013175e-01 -4.680718746461876717e-02 -2.035939999999999972e-02 -2.661642059097006907e-01 5.788382358696813473e-02 9.621881720637659452e-01 5.599874000000000240e-01
9.553620263030384585e-01 -2.790123379840041967e-02 2.941171872752072480e-01 1.161876000000000020e-01 4.872330176586153055e-02 9.967786018552415861e-01 -6.370603384721525153e-02 -2.401860000000000106e-02 -2.913922417690373856e-01 7.519268605414185236e-02 9.536438650779326398e-01 6.189487999999999657e-01
9.384034025367771203e-01 -2.198958843013396058e-02 3.448412853880358231e-01 1.583171999999999913e-01 5.529832226975488207e-02 9.946676341302836954e-01 -8.705396698493671204e-02 -3.476370000000000154e-02 -3.410881845821542857e-01 1.007608833542929933e-01 9.346154796086530991e-01 7.352026000000000394e-01
9.198697706232809024e-01 -2.461254432390104843e-02 3.914509263692915741e-01 2.067562000000000011e-01 6.336740467985568781e-02 9.942437839831430590e-01 -8.639369210203065585e-02 -4.731540000000000051e-02 -3.870712817009445139e-01 1.042761750007406008e-01 9.161344345725702665e-01 8.488341999999999832e-01
9.019039567939114432e-01 -3.693220377136888222e-02 4.303548129672495892e-01 2.596120000000000094e-01 7.546288589766972366e-02 9.944872500818238148e-01 -7.280427375289974523e-02 -5.923330000000000262e-02 -4.252935522336090401e-01 9.813827871570793282e-02 8.997189965090414132e-01 9.598265999999999742e-01
8.950144477916536223e-01 -3.910344810841402674e-02 4.443197706497357680e-01 2.875324000000000213e-01 7.862635242811433223e-02 9.943820467097829185e-01 -7.086777748111644515e-02 -6.532369999999999843e-02 -4.390524284730141225e-01 9.836292760636827781e-02 8.930608599220173360e-01 1.013801299999999905e+00
8.889365814816855282e-01 -4.059826649446865443e-02 4.562275034029610876e-01 3.153585999999999889e-01 8.272897785828137174e-02 9.939132952600482351e-01 -7.274804277666951924e-02 -7.068470000000000308e-02 -4.504971368679036581e-01 1.024116314827385743e-01 8.868845400675698931e-01 1.067455999999999960e+00
8.837113476568249082e-01 -3.987435781765649723e-02 4.663306655273572465e-01 3.429420000000000246e-01 8.404805270323217892e-02 9.936872811748971301e-01 -7.430687766307798869e-02 -7.652730000000000643e-02 -4.604239121281095137e-01 1.048600153531861062e-01 8.814840885238804935e-01 1.120024700000000095e+00
8.602232660642412654e-01 -3.454418990830603053e-02 5.087461365606115171e-01 4.901203000000000087e-01 8.554440374435660910e-02 9.933392808337149216e-01 -7.719603707950634108e-02 -1.048993000000000009e-01 -5.026908468530056906e-01 1.099262120530717646e-01 8.574486225972206555e-01 1.377506600000000025e+00
8.605048334162413992e-01 -3.266331922773099000e-02 5.083940786873053508e-01 5.226125999999999827e-01 8.520596137443806062e-02 9.931130879227572095e-01 -8.041354825390814587e-02 -1.097886000000000001e-01 -5.022662399699431290e-01 1.125144531762616862e-01 8.573617218029401243e-01 1.431327500000000086e+00
8.623164300099723789e-01 -3.472283155807925903e-02 5.051778889692675190e-01 5.534611000000000391e-01 8.655198204537432882e-02 9.930716206815812797e-01 -7.948276920738664431e-02 -1.155907000000000046e-01 -4.989179581242526584e-01 1.122634453660083520e-01 8.593473045839381541e-01 1.484413399999999994e+00
8.805125276357610442e-01 -2.588828719574351456e-02 4.733154183655482461e-01 7.125491000000000463e-01 7.279274760985510184e-02 9.940486047228833666e-01 -8.104682192348287850e-02 -1.459326999999999985e-01 -4.684003678178436658e-01 1.058166718176276472e-01 8.771567290932387184e-01 1.773532200000000003e+00
8.814783008753517279e-01 -2.292665562406796462e-02 4.716676515808544967e-01 7.458751999999999605e-01 6.882384880800318516e-02 9.943929447590206250e-01 -8.028666918446980549e-02 -1.524800000000000044e-01 -4.671822801874618292e-01 1.032329398756945682e-01 8.781137040289629381e-01 1.836343800000000082e+00
8.813591812868794007e-01 -2.094109941299639871e-02 4.719824826375410010e-01 7.788987000000000549e-01 6.588901832095742095e-02 9.947022939946944531e-01 -7.890490216959286651e-02 -1.592509000000000008e-01 -4.678297028043669203e-01 1.006420224213895875e-01 8.780697879422285634e-01 1.899402699999999999e+00
8.808677615154411056e-01 -2.036527314863062141e-02 4.729241401877870565e-01 8.131985999999999937e-01 6.495288358495696079e-02 9.948241138210786039e-01 -7.814157327635981587e-02 -1.658648000000000067e-01 -4.688849641828739534e-01 9.955017935537507912e-02 8.776312734591547038e-01 1.963833900000000021e+00
8.803777503032815810e-01 -1.990828127591095023e-02 4.738551224874244516e-01 8.817418000000000200e-01 6.400378590963655412e-02 9.949660336303176589e-01 -7.711100642053009269e-02 -1.791379999999999917e-01 -4.699346041314325095e-01 9.821533616799790756e-02 8.772201636882505094e-01 2.093183499999999864e+00
8.806236515425251987e-01 -2.018300837113778598e-02 4.733863438218298691e-01 9.191793999999999798e-01 6.382381440739938461e-02 9.950397121624804386e-01 -7.630525495729537089e-02 -1.856733000000000133e-01 -4.694981416985577471e-01 9.740953440345864744e-02 8.775436613348092108e-01 2.160633100000000084e+00
8.801778231645720485e-01 -1.938467350470511261e-02 4.742480722600685983e-01 9.521036000000000499e-01 6.301486133677659807e-02 9.950933546971235666e-01 -7.627806164508434128e-02 -1.921042000000000027e-01 -4.704424798633538574e-01 9.702293476668520655e-02 8.770806252958033289e-01 2.224439100000000114e+00
8.802046960525558017e-01 -1.817996940729955588e-02 4.742459085320371304e-01 9.885625000000000107e-01 6.125312081540476572e-02 9.952601344512839177e-01 -7.553356844731694275e-02 -1.986041000000000056e-01 -4.706248487249701795e-01 9.553404358845980771e-02 8.771462240004439526e-01 2.293005500000000030e+00
8.812235787914587393e-01 -1.679205159054786983e-02 4.724013454525230471e-01 1.094978500000000077e+00 5.832977954117691405e-02 9.955938934305716970e-01 -7.341958990918641403e-02 -2.195014000000000132e-01 -4.690870292394059837e-01 9.225414010837555689e-02 8.783202904591312921e-01 2.493086599999999819e+00
8.849517753150965005e-01 -2.065565044386796778e-02 4.652243539104541914e-01 1.201162899999999922e+00 5.924019749149236902e-02 9.958927955218039862e-01 -6.846998487611299922e-02 -2.406067000000000067e-01 -4.618992902872094963e-01 8.815261727542125780e-02 8.825407422321449591e-01 2.694299500000000069e+00
8.861817272092766817e-01 -2.120684899646447727e-02 4.628522614355731202e-01 1.236426500000000095e+00 5.968229935378509265e-02 9.958546585802773299e-01 -6.864052831822026191e-02 -2.473505000000000009e-01 -4.594779314659499514e-01 8.845206916517198148e-02 8.837738749002322924e-01 2.761511599999999955e+00
8.862580933476540412e-01 -1.868315600888042355e-02 4.628147919603788352e-01 1.306067499999999937e+00 5.841666662017497985e-02 9.957164040740866806e-01 -7.166823367962669999e-02 -2.602573000000000247e-01 -4.594932916123675715e-01 9.055264954333518135e-02 8.835531294856657780e-01 2.895040499999999906e+00
8.846650326794573971e-01 -1.657917439851910174e-02 4.659323029480978429e-01 1.340307600000000043e+00 5.759946326460425176e-02 9.955980588309367718e-01 -7.393785960994568585e-02 -2.677764000000000255e-01 -4.626554676926276644e-01 9.224768955553315497e-02 8.817257407979999240e-01 2.961691399999999863e+00
8.733110191266049149e-01 -1.607379255681934405e-02 4.868978302117302759e-01 1.483068499999999901e+00 5.616543605534070338e-02 9.961129991268008466e-01 -6.785526334281952177e-02 -2.942632000000000025e-01 -4.839145664936777003e-01 8.660557813126296134e-02 8.708192500007022607e-01 3.223928200000000022e+00
8.703906067963985693e-01 -1.665348866669897482e-02 4.920801285520734480e-01 1.519026900000000069e+00 5.873376452073370696e-02 9.958032456301663116e-01 -7.018718471095358735e-02 -3.006999000000000200e-01 -4.888461276371329212e-01 8.999198468560765107e-02 8.677159132956622223e-01 3.287594299999999858e+00
8.675594732349878324e-01 -1.622277800688317825e-02 4.970687898812092831e-01 1.555059900000000050e+00 5.959882189378547246e-02 9.956565927975170593e-01 -7.152572717359939602e-02 -3.069909000000000110e-01 -4.937494717253915200e-01 9.167753646656701116e-02 8.647581676274113116e-01 3.350243299999999813e+00
8.647512663298193569e-01 -1.391788334133459148e-02 5.020075098086391741e-01 1.590980899999999920e+00 5.846798623884025270e-02 9.956083150066340481e-01 -7.311345754938523844e-02 -3.138268000000000169e-01 -4.987852663884015936e-01 9.257632317686835532e-02 8.617673017821593229e-01 3.413226600000000222e+00
8.627518028349500101e-01 -1.225071029032337444e-02 5.054792248969546264e-01 1.627901400000000054e+00 5.745398071664757633e-02 9.956068200578451766e-01 -7.393307753716651942e-02 -3.203016000000000196e-01 -5.023528309911815537e-01 9.282768957422216083e-02 8.596654309924631754e-01 3.475524200000000175e+00
8.608065099066936066e-01 -1.381663101467368523e-02 5.087447819974783014e-01 1.665380099999999919e+00 5.877999328422860159e-02 9.956408401440766109e-01 -7.241705480550347795e-02 -3.266341999999999857e-01 -5.055265224414674519e-01 9.224108707404532481e-02 8.578662582032440254e-01 3.537726199999999821e+00
8.592789760464240034e-01 -1.848812018795365983e-02 5.111729949210198631e-01 1.702330399999999910e+00 5.939488042795706968e-02 9.961928829667823226e-01 -6.381213133315209729e-02 -3.327121000000000106e-01 -5.080471331515984401e-01 8.519348178262554916e-02 8.571057001083328686e-01 3.599972199999999845e+00
8.580260584215254616e-01 -2.315964376028898514e-02 5.130837299803195917e-01 1.739558699999999902e+00 5.882105125832306353e-02 9.968408487278326291e-01 -5.337046220935340313e-02 -3.389789000000000274e-01 -5.102267799699332640e-01 7.597337170661044858e-02 8.566776989002587994e-01 3.661853999999999942e+00
8.569375838703541248e-01 -2.553931018692839894e-02 5.147870637318071596e-01 1.775865100000000085e+00 6.034721827516779935e-02 9.968737006771554165e-01 -5.100037396610266477e-02 -3.443330000000000002e-01 -5.118751709126835303e-01 7.477010454325261346e-02 8.557997668086280152e-01 3.722801200000000144e+00
8.562095953643913404e-01 -2.249257714236466490e-02 5.161387534175670977e-01 1.811936100000000049e+00 6.002635750446506935e-02 9.966165575219981809e-01 -5.614511267909098879e-02 -3.495503999999999833e-01 -5.131295793566100771e-01 7.905391354320447095e-02 8.546628069261068550e-01 3.782896800000000059e+00
8.553010936288222288e-01 -2.053286256936254564e-02 5.177242903245398153e-01 1.848131799999999991e+00 6.187948564310062627e-02 9.961108918510336308e-01 -6.272176968392736973e-02 -3.547215000000000229e-01 -5.144229470910934854e-01 8.568251099522000702e-02 8.532452981503431122e-01 3.843137500000000095e+00
8.549568015095824203e-01 -2.432975682675507512e-02 5.181282953914557732e-01 1.885561700000000007e+00 6.698834648810049475e-02 9.957130908013210879e-01 -6.378089244962356630e-02 -3.601610000000000089e-01 -5.143553528323535629e-01 8.923846558312856225e-02 8.529214895129997309e-01 3.903208699999999975e+00
8.550110144714465621e-01 -2.819776558822134974e-02 5.178426895769983052e-01 1.922875799999999913e+00 7.096036785774775812e-02 9.954904176273845495e-01 -6.295597354936664780e-02 -3.660380999999999774e-01 -5.137322175277707625e-01 9.057435855631081056e-02 8.531561956911009048e-01 3.963030100000000111e+00
8.551903167114111026e-01 -2.917505449849017510e-02 5.174923558836851400e-01 1.958717299999999994e+00 6.989180189815853705e-02 9.957868523166508723e-01 -5.936059956507578478e-02 -3.719051999999999913e-01 -5.135802354359687572e-01 8.693308316347028719e-02 8.536263707391121835e-01 4.023030799999999907e+00
8.557168646769292009e-01 -3.029230688493185844e-02 5.165568929470160109e-01 1.994900600000000024e+00 6.825558248314572696e-02 9.961697997506350211e-01 -5.465258936835704073e-02 -3.767637999999999820e-01 -5.129228235976367456e-01 8.202503403454869391e-02 8.545069167796470744e-01 4.083041699999999885e+00
8.563163076745450297e-01 -3.131563908581975336e-02 5.155014179992919443e-01 2.030769300000000221e+00 6.559227091624342254e-02 9.966714383403708633e-01 -4.841175469435544249e-02 -3.823070000000000079e-01 -5.122694947063354265e-01 7.526868369503347811e-02 8.555200699271366949e-01 4.143126999999999782e+00
8.567641912743594323e-01 -2.447931311097734444e-02 5.151270559576612840e-01 2.065551500000000207e+00 5.699689463605059347e-02 9.972481493582490142e-01 -4.740762178589517928e-02 -3.869326000000000154e-01 -5.125489972205972133e-01 6.997779527223095541e-02 8.558017490149211204e-01 4.203388699999999645e+00
8.578847962411453310e-01 -1.849931253247920696e-02 5.135089598187302373e-01 2.100417600000000107e+00 4.930271822378737290e-02 9.977043861054536444e-01 -4.642413081238862260e-02 -3.909834999999999838e-01 -5.114713270106491239e-01 6.514394355399129311e-02 8.568274903760967343e-01 4.263740499999999933e+00
8.592036261818981613e-01 -2.221081822633489550e-02 5.111514533967342899e-01 2.136012599999999928e+00 5.262592432948932225e-02 9.975948241016618923e-01 -4.511185004010823119e-02 -3.957648999999999750e-01 -5.089200731395293609e-01 6.566008284560002906e-02 8.583059551677157950e-01 4.322870299999999943e+00
8.609044621933273911e-01 -2.504177057060947426e-02 5.081499942952932836e-01 2.171677799999999880e+00 5.661135462540082403e-02 9.973005281684941270e-01 -4.676335148724697355e-02 -4.003101000000000020e-01 -5.056072205804568176e-01 6.902583749243215716e-02 8.599981234022394672e-01 4.382716199999999951e+00
8.640088453287619874e-01 -2.631222473542215237e-02 5.027886057013742915e-01 2.206257299999999866e+00 5.894341524020423051e-02 9.970524978897779000e-01 -4.911201738449670617e-02 -4.050894999999999913e-01 -5.000143887864431091e-01 7.206929499604450284e-02 8.630131098223785546e-01 4.442193500000000128e+00
8.683929166516188847e-01 -3.081995643555250977e-02 4.949180463416191222e-01 2.240710700000000166e+00 6.353580015394044711e-02 9.967556468617556620e-01 -4.941034859218879777e-02 -4.093532999999999755e-01 -4.917895326337202166e-01 7.435261081168378916e-02 8.675337139600934888e-01 4.501773400000000258e+00
8.728540509085450649e-01 -3.810235687624335954e-02 4.864915376581778195e-01 2.275079700000000038e+00 7.071491988998725164e-02 9.962999631672214695e-01 -4.884448277897725232e-02 -4.147426000000000168e-01 -4.828304111357273887e-01 7.703631477081772372e-02 8.723188638846668397e-01 4.561477199999999677e+00
8.785415554989327580e-01 -3.575981537795799858e-02 4.763254883644690296e-01 2.307499899999999826e+00 6.770261228988601332e-02 9.964486723919295796e-01 -5.006395487260614785e-02 -4.189558999999999922e-01 -4.728436227238778655e-01 7.623174465073803696e-02 8.778425995341441190e-01 4.621795200000000214e+00
8.846844434499794296e-01 -3.487741702914852471e-02 4.648838578601919846e-01 2.339312300000000011e+00 6.524059720343640401e-02 9.966469222155671659e-01 -4.938194928084754104e-02 -4.234070999999999807e-01 -4.616027512852791115e-01 7.401674283303807944e-02 8.839934512123088783e-01 4.682430300000000045e+00
8.907910399035083859e-01 -3.662458365671304034e-02 4.529348331709524555e-01 2.369884700000000066e+00 6.455040729146820089e-02 9.968376007272140571e-01 -4.634698150814971218e-02 -4.279570999999999792e-01 -4.498050334824318930e-01 7.052260381171153447e-02 8.903381347586346584e-01 4.742870800000000386e+00
8.965503804960679446e-01 -3.650490244445702553e-02 4.414349412199679579e-01 2.400317699999999999e+00 6.362021341412606168e-02 9.968774412079057790e-01 -4.677430550974981394e-02 -4.325028000000000206e-01 -4.383490432035832551e-01 7.001970657107206564e-02 8.960732989070727683e-01 4.804719900000000266e+00
9.023075548453443062e-01 -3.769407993069910645e-02 4.294417688199345662e-01 2.429056899999999963e+00 6.370950317022353038e-02 9.968911189937974537e-01 -4.635942274336048857e-02 -4.367039999999999811e-01 -4.263592096751509519e-01 6.918997911166327452e-02 9.019038591311761000e-01 4.866330600000000395e+00
9.078908751575055502e-01 -3.894366122939834501e-02 4.173937590043584889e-01 2.457103500000000107e+00 6.452600799121678554e-02 9.967920120622989488e-01 -4.735059642191514345e-02 -4.415386000000000033e-01 -4.142107592741357536e-01 6.992192745372163842e-02 9.074912511769468448e-01 4.927309000000000161e+00
9.136805846782968255e-01 -3.743265039388190413e-02 4.047055545287401856e-01 2.484663700000000031e+00 6.401814957318666122e-02 9.965745317753127441e-01 -5.235340621240561904e-02 -4.465681000000000234e-01 -4.013595217596696574e-01 7.374279152097149015e-02 9.129471698798039547e-01 4.988707100000000061e+00
9.186643408471001360e-01 -3.690890999258863991e-02 3.933110235158963630e-01 2.510708300000000115e+00 6.650289201352967139e-02 9.958656582323787143e-01 -6.187855934997096158e-02 -4.512770999999999866e-01 -3.894010711461895480e-01 8.300194646241772223e-02 9.173208177478859859e-01 5.049521000000000370e+00
9.241904793940762808e-01 -3.520159467894374422e-02 3.803061996988830185e-01 2.536669499999999911e+00 6.591131152087963130e-02 9.955038710359792598e-01 -6.802750742146793095e-02 -4.561335999999999724e-01 -3.762016172359509136e-01 8.793685509750548412e-02 9.223553830843160828e-01 5.111372499999999874e+00
9.289636771255417313e-01 -3.467042138869050327e-02 3.685436859615464633e-01 2.559693100000000054e+00 6.330463005419242895e-02 9.958169519322910279e-01 -6.588719191150214927e-02 -4.614295999999999953e-01 -3.647177133004294025e-01 8.453732977218945954e-02 9.272725756108038953e-01 5.172232600000000069e+00
9.337025118176323080e-01 -3.472778284748006400e-02 3.563616148295750130e-01 2.583315100000000086e+00 6.106045705701982490e-02 9.961496476130579092e-01 -6.290866509765151438e-02 -4.671707999999999972e-01 -3.528048185745653043e-01 8.049758169584293743e-02 9.322279224158055433e-01 5.234479399999999671e+00
9.375560418391961637e-01 -3.112499387956927516e-02 3.464388880694779238e-01 2.605917199999999934e+00 5.719107028492891737e-02 9.962273507204808531e-01 -6.527056883555140687e-02 -4.728010999999999742e-01 -3.431003495924826452e-01 8.100802696306649842e-02 9.357990434260270440e-01 5.296269399999999905e+00
9.401597082131758487e-01 -2.417528456310847132e-02 3.398753869711792497e-01 2.627116899999999866e+00 5.181224847704704595e-02 9.960234904116253007e-01 -7.247549555536457466e-02 -4.784213999999999967e-01 -3.367717535071325097e-01 8.574824875492013943e-02 9.376737299696495942e-01 5.357563500000000367e+00
9.422400927785845592e-01 -1.694960886108147491e-02 3.345090706095436017e-01 2.648391999999999857e+00 4.637974952037178522e-02 9.957000322174249796e-01 -8.018955466048205416e-02 -4.842678999999999734e-01 -3.317115107967039123e-01 9.107226033032897461e-02 9.389746093496313950e-01 5.419843199999999861e+00
9.436108880887903450e-01 -1.380493442061160939e-02 3.307686739489199002e-01 2.669290800000000186e+00 4.382402206142027579e-02 9.955461600550358225e-01 -8.347034377569782782e-02 -4.905476999999999754e-01 -3.281431805944539648e-01 9.325913888362706572e-02 9.400131839735227368e-01 5.480883600000000300e+00
9.449456542558217764e-01 -1.279573985969793999e-02 3.269770321360200294e-01 2.690204899999999899e+00 4.248826952261301748e-02 9.955739683556826813e-01 -8.382851833053041324e-02 -4.972227000000000174e-01 -3.244571735314396577e-01 9.310608236823851580e-02 9.413069637318254301e-01 5.542543900000000079e+00
9.465804127282620994e-01 -1.253254003459961137e-02 3.222242350902150276e-01 2.710388200000000136e+00 4.187518255720461269e-02 9.955607061418388914e-01 -8.429323503202261481e-02 -5.037382000000000248e-01 -3.197373786797436113e-01 9.328352387557074799e-02 9.429030665176363346e-01 5.603393999999999764e+00
9.487683619665171486e-01 -1.078218456560631200e-02 3.157884415670799694e-01 2.731231499999999812e+00 3.822583572941181534e-02 9.959937799263898217e-01 -8.084043437989553438e-02 -5.101636999999999977e-01 -3.136516870896119968e-01 8.877012359986537204e-02 9.453795451256096216e-01 5.664645700000000339e+00
9.503649235603648382e-01 -1.312764405745680749e-02 3.108603818880792957e-01 2.750331599999999987e+00 3.902085854367579043e-02 9.962499417387391532e-01 -7.722322308783262368e-02 -5.165969999999999729e-01 -3.086808783592145389e-01 8.552028149544084468e-02 9.473132516693325567e-01 5.726142900000000147e+00
9.522921410784360718e-01 -1.201563753249823216e-02 3.049513116793165501e-01 2.769985199999999814e+00 3.654029526906840686e-02 9.965257109332630314e-01 -7.484192856015903228e-02 -5.228405999999999887e-01 -3.029925491854500441e-01 8.241439136244513297e-02 9.494226578476313572e-01 5.788272899999999943e+00
9.541291517706564917e-01 -4.084747306313873255e-03 2.993674607916685937e-01 2.788227800000000034e+00 2.813528206810633411e-02 9.967053207336006304e-01 -7.607173932728547583e-02 -5.288403999999999883e-01 -2.980704071932598898e-01 8.100505206944774717e-02 9.511005277544904990e-01 5.850217800000000246e+00
9.559821038112261693e-01 3.637116958714053591e-03 2.934024345040280868e-01 2.805604199999999881e+00 2.041352076200578930e-02 9.966760593184955663e-01 -7.886774341550445433e-02 -5.347737999999999658e-01 -2.927140334229997864e-01 8.138552796156894864e-02 9.527302296430273376e-01 5.912018800000000240e+00
9.581479521029269142e-01 2.812684619285153731e-03 2.862596560575726423e-01 2.823874500000000065e+00 2.179829418219497716e-02 9.963318006941774829e-01 -8.275129785232548940e-02 -5.409043000000000045e-01 -2.854423518886324285e-01 8.552795876630192584e-02 9.545719627233747451e-01 5.973045299999999891e+00
9.602976977834062344e-01 1.448421333932407851e-03 2.789735358551583277e-01 2.841807100000000030e+00 2.343118427762795608e-02 9.960344506037707157e-01 -8.582745955574225261e-02 -5.470186999999999689e-01 -2.779915668419416508e-01 8.895659214518136793e-02 9.564556516005737752e-01 6.034735200000000077e+00
9.620926139760933582e-01 2.120097006401814449e-03 2.727146994962523774e-01 2.858655900000000027e+00 2.172347328124717841e-02 9.961967090977252859e-01 -8.438132193478103948e-02 -5.532067000000000512e-01 -2.718563827487718854e-01 8.710695707890195316e-02 9.583874400195401266e-01 6.096326399999999701e+00
9.640918231818178530e-01 7.890601082583634934e-04 2.655679458408035654e-01 2.875425299999999851e+00 2.102603813117414483e-02 9.966296570751065342e-01 -7.929206996202133040e-02 -5.600150000000000405e-01 -2.647354570027687926e-01 8.202867804921172568e-02 9.608259123186853046e-01 6.158474400000000237e+00
9.659904102275781446e-01 1.978031545286326395e-03 2.585703284206470332e-01 2.891518599999999939e+00 1.864350869413695239e-02 9.968354298337634978e-01 -7.727577506377761307e-02 -5.659705999999999904e-01 -2.579049183942156431e-01 7.946831582046876008e-02 9.628965883461895192e-01 6.220547200000000387e+00
9.676978058146954442e-01 4.185743187368580302e-03 2.520782342357095751e-01 2.907012499999999999e+00 1.683523336696064396e-02 9.965575748117410093e-01 -8.117619726755526122e-02 -5.721446000000000032e-01 -2.515502564874539382e-01 8.279782388028364415e-02 9.642961105499625596e-01 6.282113999999999976e+00
9.694182460321342232e-01 4.212339754684399883e-03 2.453783210753786304e-01 2.922342500000000065e+00 1.683618292303136130e-02 9.963555615064474402e-01 -8.361900501533163499e-02 -5.785538000000000070e-01 -2.448362865356414619e-01 8.519302347588643409e-02 9.658143411372986931e-01 6.343185400000000307e+00
9.711489243993594034e-01 6.563281662512887235e-03 2.383834934968984132e-01 2.937383399999999867e+00 1.408254544417452021e-02 9.962983576975518174e-01 -8.480132288457402356e-02 -5.850123999999999880e-01 -2.380576580406100762e-01 8.571175988730798945e-02 9.674616507465504389e-01 6.404709300000000383e+00
9.728649206739882205e-01 5.764568377765960303e-03 2.313020014470533736e-01 2.951713600000000159e+00 1.408819604113302308e-02 9.963588208961227100e-01 -8.408699515855490303e-02 -5.915293000000000356e-01 -2.309445146659717119e-01 8.506391581573406746e-02 9.692413328845362885e-01 6.466623799999999811e+00
9.747777179470790143e-01 7.993880359647206196e-04 2.231765255860320152e-01 2.966095900000000007e+00 1.823202189935692330e-02 9.963659374919500156e-01 -8.320163449866121996e-02 -5.977727000000000457e-01 -2.224319985329138993e-01 8.517205870797886491e-02 9.712207403284273122e-01 6.529200099999999729e+00
9.764477343244545304e-01 -1.459431912972018047e-03 2.157491418085618062e-01 2.979706000000000188e+00 1.996579110381711472e-02 9.962974521810608053e-01 -8.362268808837440559e-02 -6.041279000000000510e-01 -2.148282786744758477e-01 8.596078661819130107e-02 9.728615286081280233e-01 6.591104500000000144e+00
9.778832858060677591e-01 -3.260956054136655846e-03 2.091259082628007249e-01 2.993081800000000126e+00 2.129705499125906371e-02 9.962337929285762783e-01 -8.405156319689550959e-02 -6.103946999999999568e-01 -2.080642083344168836e-01 8.664638476448639770e-02 9.742698236204470064e-01 6.651346700000000389e+00
9.794542645998062236e-01 2.616431861401170671e-03 2.016494429488149831e-01 3.005875300000000028e+00 1.468398135268077220e-02 9.963363774920060978e-01 -8.425083725246243493e-02 -6.169099999999999584e-01 -2.011311120858403356e-01 8.548085850306741396e-02 9.758274942738043300e-01 6.711853500000000139e+00
9.805150366780061022e-01 6.555177994308280381e-03 1.963346441405368903e-01 3.016719300000000104e+00 1.005008672165355957e-02 9.964603851789654021e-01 -8.346074841429959590e-02 -6.230040000000000022e-01 -1.961867951856484382e-01 8.380769899269818746e-02 9.769785110146147478e-01 6.773705999999999783e+00
9.813921270846723832e-01 3.802183739837245065e-03 1.919766555991394563e-01 3.028910600000000120e+00 1.232906576027497161e-02 9.964930191186808228e-01 -8.276265453219330825e-02 -6.295197000000000154e-01 -1.916180759576217585e-01 8.358951038584255810e-02 9.779035262845482412e-01 6.835409199999999963e+00
9.823430687936073324e-01 2.228201684464509343e-03 1.870751996134480677e-01 3.040637499999999882e+00 1.347227292901494178e-02 9.964906670797039068e-01 -8.261263998428342026e-02 -6.357652999999999777e-01 -1.866027680804446531e-01 8.367428243074476191e-02 9.788656809820313054e-01 6.896834899999999990e+00
9.832528028333091807e-01 7.384705396333473074e-04 1.822453850765601568e-01 3.051988399999999935e+00 1.470976876290877935e-02 9.964075905923815979e-01 -8.339985679140424213e-02 -6.425524999999999709e-01 -1.816522733779661614e-01 8.468393041862828929e-02 9.797096934834673698e-01 6.958569500000000296e+00
9.842508682053207059e-01 -5.802019871207409439e-03 1.766821015340450107e-01 3.063095300000000076e+00 2.045875988995942210e-02 9.964839817374537834e-01 -8.124723554949397908e-02 -6.485897999999999941e-01 -1.755894859632474159e-01 8.358235882101008873e-02 9.809089263092055644e-01 7.019645200000000251e+00
9.851650510994149901e-01 -1.359552711862539731e-02 1.710701135051171384e-01 3.074737499999999901e+00 2.740215450132888614e-02 9.965290071260456406e-01 -7.860699641293274198e-02 -6.547230000000000549e-01 -1.694076268087486015e-01 8.212855531874550807e-02 9.821180969620116885e-01 7.081207799999999608e+00
9.859729579534989297e-01 -1.565560028560911837e-02 1.661692762339809781e-01 3.085426599999999908e+00 2.884399929822176883e-02 9.965941766537409485e-01 -7.725328966676046905e-02 -6.610165999999999542e-01 -1.643938864097811425e-01 8.096264101145327075e-02 9.830664783581720689e-01 7.142017799999999639e+00
9.867415724504514651e-01 -1.388219991489474461e-02 1.617045259834532511e-01 3.095658300000000196e+00 2.698606683028453510e-02 9.964994649551304207e-01 -7.912375459475019801e-02 -6.671723999999999988e-01 -1.600400618440327438e-01 8.243846717195639495e-02 9.836620749705137223e-01 7.203339099999999995e+00
9.873253657426338536e-01 -1.229402033199361935e-02 1.582323583381443077e-01 3.104844100000000218e+00 2.549199606513934471e-02 9.963348664453623993e-01 -8.165165057680563720e-02 -6.727733000000000185e-01 -1.566485885598376537e-01 8.465040442536804488e-02 9.840200855332336127e-01 7.264665100000000209e+00
9.877275531275698794e-01 -9.850368524975759016e-03 1.558757551145967812e-01 3.123052599999999845e+00 2.260016546845562344e-02 9.965197178143974099e-01 -8.023518260658632495e-02 -6.852110999999999619e-01 -1.545429173835605186e-01 8.277331844885763013e-02 9.845126024787809182e-01 7.386784999999999712e+00
9.878621114558508998e-01 -1.183119341615574208e-02 1.548821216678590851e-01 3.132748100000000147e+00 2.381277413381408317e-02 9.968436534144490269e-01 -7.573428837313861406e-02 -6.908916000000000501e-01 -1.534972329979923389e-01 7.850320700253765605e-02 9.850258097899144971e-01 7.448690400000000267e+00
9.880117907629064611e-01 -1.156248127977960172e-02 1.539448288840182255e-01 3.141831199999999935e+00 2.269296367626907895e-02 9.972364704972147553e-01 -7.074214663017665272e-02 -6.966086999999999696e-01 -1.527014430614931362e-01 7.338753938450741365e-02 9.855437779977229695e-01 7.510062200000000132e+00
9.881273380053298139e-01 -1.225040381155083347e-02 1.531479398913176415e-01 3.151045299999999827e+00 2.305770803484454706e-02 9.973507045713716490e-01 -6.899213137139964536e-02 -7.020950000000000246e-01 -1.518970242851405139e-01 7.170425159948706773e-02 9.857919630002452971e-01 7.570742599999999989e+00
9.883427431271744057e-01 -1.149630979422346447e-02 1.518105957071755330e-01 3.160286199999999823e+00 2.293063220012022882e-02 9.970104930758773021e-01 -7.378524787177233313e-02 -7.077965000000000506e-01 -1.505084988123762679e-01 7.640622721814836760e-02 9.856517033047391685e-01 7.630632900000000163e+00
9.883418763718898603e-01 -1.038689333391554573e-02 1.518961745948916864e-01 3.169358700000000084e+00 2.243016287402425576e-02 9.967174821546421759e-01 -7.778912880830686494e-02 -7.129607999999999501e-01 -1.505895853076722468e-01 8.028930946384128797e-02 9.853306062346195437e-01 7.690511200000000436e+00
9.884324647037199263e-01 -7.678383331455831094e-03 1.514671751540402345e-01 3.178253699999999959e+00 1.955776627388476629e-02 9.968318516966091503e-01 -7.709574061830802572e-02 -7.188923000000000396e-01 -1.503953340303667008e-01 7.916629252734118383e-02 9.854511360942103115e-01 7.750154499999999835e+00
9.884676894846802231e-01 -5.753612165589436223e-03 1.513225785924421363e-01 3.186776599999999959e+00 1.749025597030019405e-02 9.969281016686903918e-01 -7.634429284075328059e-02 -7.249611999999999723e-01 -1.504184755637126836e-01 7.811053738330889229e-02 9.855318493883287179e-01 7.809737199999999824e+00
9.885687824162573412e-01 -1.031142472498071914e-02 1.504175420360916726e-01 3.196276699999999860e+00 2.200355423952769091e-02 9.968439798501839144e-01 -7.627531341970537893e-02 -7.306413999999999964e-01 -1.491563140898383433e-01 7.871311426050413285e-02 9.856757274126954904e-01 7.868492599999999726e+00
9.886961611317531817e-01 -7.712018204180983924e-03 1.497345175253614602e-01 3.204864000000000157e+00 1.972859550221572889e-02 9.966846112047766937e-01 -7.893394901494039939e-02 -7.361744999999999539e-01 -1.486293493319685577e-01 8.099574410301839389e-02 9.855703962449126054e-01 7.927120200000000061e+00
9.886531920303029963e-01 1.330734943524181611e-03 1.502101695385598401e-01 3.212524199999999830e+00 1.101452918975703854e-02 9.966267981853993430e-01 -8.132469050323726245e-02 -7.421423000000000325e-01 -1.498117019295248376e-01 8.205640915388281997e-02 9.853036078700563305e-01 7.985822200000000315e+00
9.887528539949547168e-01 7.573800386869711937e-03 1.493667676042152448e-01 3.220573700000000095e+00 4.998157803693968615e-03 9.964856983012971847e-01 -8.361382361515075357e-02 -7.481444000000000427e-01 -1.494751221287380916e-01 8.341996540802461280e-02 9.852402231110557462e-01 8.043783200000000022e+00
9.887539030728661471e-01 4.809244465775995743e-03 1.494743801654371262e-01 3.229149099999999883e+00 8.290063782944206289e-03 9.961834801247293480e-01 -8.688929030126571473e-02 -7.541113000000000399e-01 -1.493217800612085533e-01 8.715127706609532288e-02 9.849404352066680746e-01 8.101615900000000536e+00
9.888430797651949211e-01 3.267383798117895130e-03 1.489251080362207491e-01 3.237706399999999984e+00 9.872030296407733815e-03 9.961240549011564083e-01 -8.740371997291986050e-02 -7.604231000000000185e-01 -1.486334639921677858e-01 8.789875681938612295e-02 9.849781225648086558e-01 8.158810600000000690e+00
9.891058113126059981e-01 4.192650509301910564e-03 1.471465789929831958e-01 3.245664099999999941e+00 8.994679030237697978e-03 9.960052422304201958e-01 -8.884060557349324205e-02 -7.665501999999999594e-01 -1.469312416634882823e-01 8.919629550171265242e-02 9.851168616423112701e-01 8.216086400000000012e+00
9.893180564718677683e-01 -4.942951459269015295e-03 1.456892253037179175e-01 3.254523999999999972e+00 1.779575619706614403e-02 9.960449748576509776e-01 -8.705009547493859634e-02 -7.724904999999999688e-01 -1.446827363582149917e-01 8.871288120500119001e-02 9.854932422438047457e-01 8.273464199999999380e+00
9.898064311357170908e-01 -1.204276094497654798e-02 1.419091286394112417e-01 3.263493500000000047e+00 2.400855607019861115e-02 9.962676054548774696e-01 -8.291228833308518509e-02 -7.787157000000000107e-01 -1.403809749139781071e-01 8.547414948407892898e-02 9.864012123128065301e-01 8.329541199999999534e+00
9.900371425747268583e-01 -1.842090332755237647e-02 1.395962988157883056e-01 3.271912299999999885e+00 2.939483255953632274e-02 9.966005734520754222e-01 -7.696259360099046154e-02 -7.851217000000000334e-01 -1.377040309550403852e-01 8.029923608348564501e-02 9.872130633977358460e-01 8.386033100000000573e+00
9.905224079566306017e-01 -2.008639958475928050e-02 1.358745593829823739e-01 3.279805699999999824e+00 3.071013951092936567e-02 9.965927304853325897e-01 -7.654944072302764801e-02 -7.905626999999999516e-01 -1.338739954846253077e-01 7.999666302734416423e-02 9.877642872859253576e-01 8.442035699999999920e+00
9.912434824462907912e-01 -2.077787957329294347e-02 1.304018336841458459e-01 3.287614800000000059e+00 3.160508070074865422e-02 9.961706860695427324e-01 -8.151737906505356068e-02 -7.963219000000000269e-01 -1.282087258405178176e-01 8.492493118145109932e-02 9.881043865311887053e-01 8.497080800000000878e+00
9.920564929570704349e-01 -2.247570005111236557e-02 1.237689690064937287e-01 3.294506499999999782e+00 3.311236433225639431e-02 9.958676340202714528e-01 -8.456492676751116433e-02 -8.018969999999999709e-01 -1.213568544007543604e-01 8.799146787091939592e-02 9.887011760243208380e-01 8.551320999999999728e+00
9.930267242068059330e-01 -2.137577288483408569e-02 1.159353325982905164e-01 3.300288399999999900e+00 3.146594774457988491e-02 9.958055836699553076e-01 -8.591352433857556148e-02 -8.067358999999999503e-01 -1.136125835620140218e-01 8.896244075628569059e-02 9.895341656512163242e-01 8.605413399999999768e+00
9.940874375551571607e-01 -2.563502429845530839e-02 1.055130893502744388e-01 3.306332600000000177e+00 3.427712207298406338e-02 9.961306437529038327e-01 -8.092477666832928462e-02 -8.128803000000000001e-01 -1.030303130026068575e-01 8.406298891689986674e-02 9.911196539757154422e-01 8.659953099999999182e+00
9.951921957182571221e-01 -2.977685561560683078e-02 9.330505051240074732e-02 3.312155699999999925e+00 3.725299370777231112e-02 9.961435591702283432e-01 -7.943691826524094945e-02 -8.184529999999999861e-01 -9.057984346024798572e-02 8.253089356911870456e-02 9.924635729161045417e-01 8.715173699999999357e+00
9.962052483529071356e-01 -3.451318334103078284e-02 7.989958278859163321e-02 3.316288000000000125e+00 4.109459830410750608e-02 9.957641954481174507e-01 -8.224901855820217211e-02 -8.235976000000000408e-01 -7.672246831500312281e-02 8.522034521891962144e-02 9.934038230329201857e-01 8.767985299999999427e+00
9.972277092105132912e-01 -3.541956981418027672e-02 6.543966730455150205e-02 3.319948399999999911e+00 4.086174040482871972e-02 9.956453734471959471e-01 -8.378907150865214093e-02 -8.290558999999999568e-01 -6.218692912373439269e-02 8.623076253502601207e-02 9.943324602157910252e-01 8.822492600000000351e+00
9.979265883880098498e-01 -3.772430386994538726e-02 5.214787709768779755e-02 3.322075400000000123e+00 4.203240012017851052e-02 9.955662602452104437e-01 -8.414926500869261694e-02 -8.345652999999999544e-01 -4.874219453825141823e-02 8.616668938107106823e-02 9.950876846352291194e-01 8.875526400000000038e+00
9.984522699205539142e-01 -4.006715841110988080e-02 3.857055233403341304e-02 3.323974399999999996e+00 4.327596473873603772e-02 9.953279802164641810e-01 -8.630992222302992511e-02 -8.401020999999999628e-01 -3.493215662430618901e-02 8.784551562301189109e-02 9.955214260971494422e-01 8.929012300000000124e+00
9.990136228897961157e-01 -3.657145884710672618e-02 2.518550532347288082e-02 3.324534700000000065e+00 3.877126098489343947e-02 9.948876282696239581e-01 -9.324910958118483306e-02 -8.460625999999999980e-01 -2.164649168446427727e-02 9.413360459387985768e-02 9.953242154614332371e-01 8.980981800000000348e+00
9.995229661519375863e-01 -2.815267535673878982e-02 1.269909465634175630e-02 3.323922200000000160e+00 2.931523604920085666e-02 9.942230961013699408e-01 -1.032523709848142679e-01 -8.517626999999999837e-01 -9.718902726763432171e-03 1.035753930664236044e-01 9.945741203555035215e-01 9.032785399999999854e+00
9.996868416439236293e-01 -2.501335131346289417e-02 -7.422264250153537673e-04 3.322604899999999972e+00 2.477516040322756338e-02 9.934715930003398254e-01 -1.113570174185774392e-01 -8.580273999999999957e-01 3.522793066737235287e-03 1.113037562593297974e-01 9.937801888604806955e-01 9.083551399999999276e+00
9.996117896948714110e-01 -2.426634752312196650e-02 -1.368993356094602536e-02 3.321001799999999893e+00 2.257218443846755254e-02 9.933778261261606568e-01 -1.126542988551213487e-01 -8.638495999999999952e-01 1.633298480657614793e-02 1.123015535901007167e-01 9.935399310891122049e-01 9.134484300000000445e+00
