9.999942668945497326e-01 -2.054280455434236673e-03 -2.691859922528777767e-03 1.112652999999999975e-01 2.058112661294700385e-03 9.999968715630179750e-01 1.421631615548954496e-03 -2.143079999999999985e-02 2.688931071171995688e-03 -1.427163616173979200e-03 9.999953664161185252e-01 1.508660000000000001e-01
9.999742938915093804e-01 -2.251474650669574046e-03 -6.807526575400077787e-03 1.106773999999999952e-01 2.251296291559074913e-03 9.999974652559350252e-01 -3.386314583619488372e-05 -2.138359999999999914e-02 6.807585562076935021e-03 1.853651601260613546e-05 9.999768279491343392e-01 1.963186000000000098e-01
9.999319089391535131e-01 -8.947356566667707825e-04 -1.163515936311955608e-02 1.097376999999999936e-01 8.884338164576736007e-04 9.999994558595048932e-01 -5.467778781280696349e-04 -2.160590000000000080e-02 1.163564225362201561e-02 5.364035784042309445e-04 9.999321597491236391e-01 2.426814999999999944e-01
9.996856843255310654e-01 2.651341837087763022e-03 -2.492996071111088299e-02 1.050058999999999992e-01 -2.728229147822856370e-03 9.999916251878391282e-01 -3.050626149055830037e-03 -2.198249999999999857e-02 2.492166367463444568e-02 3.117681934906368219e-03 9.996845456137857244e-01 3.879439000000000082e-01
9.995666788876639286e-01 2.803323101860421499e-03 -2.930180603772113840e-02 1.033697999999999978e-01 -2.852862078069326891e-03 9.999945710124688025e-01 -1.648976516459762023e-03 -2.206249999999999878e-02 2.929702434461850524e-02 1.731855991385391341e-03 9.995692497467976168e-01 4.381855000000000055e-01
9.994292794376559153e-01 2.039994884683296508e-03 -3.371874587819460173e-02 1.013701000000000046e-01 -2.005427171181517910e-03 9.999974284231114563e-01 1.058966017002686963e-03 -2.242419999999999830e-02 3.372081945310472645e-02 -9.907411541596638279e-04 9.994308003895900905e-01 4.891999000000000208e-01
9.992064919118307520e-01 3.318118591043201036e-03 -3.969101422574460025e-02 9.667080000000000117e-02 -3.184981797622713894e-03 9.999890896225140935e-01 3.417093338552915256e-03 -2.346049999999999872e-02 3.970191950273058157e-02 -3.287966689512563170e-03 9.992061583391323998e-01 5.927335999999999716e-01
9.991318800497778208e-01 2.864672726019458493e-03 -4.156055724324862755e-02 9.385419999999999874e-02 -2.746903045334280792e-03 9.999920496825043248e-01 2.890518196359860570e-03 -2.355049999999999852e-02 4.156850721226441892e-02 -2.773846058589850803e-03 9.991318056123462688e-01 6.451983000000000024e-01
9.989759648601257425e-01 -6.933839513052899662e-05 -4.524397002881032359e-02 8.892880000000000229e-02 2.061907288565803715e-04 9.999954182174418671e-01 3.020104221195115627e-03 -2.384620000000000142e-02 4.524355332159775422e-02 -3.026340415503134696e-03 9.989714020664081096e-01 7.517968000000000428e-01
9.989035299679183133e-01 -1.616154372953035063e-03 -4.678809530932880739e-02 8.646439999999999682e-02 1.736923359191669923e-03 9.999952640872039611e-01 2.540649603441596464e-03 -2.399870000000000128e-02 4.678376764302278473e-02 -2.619131192964262427e-03 9.989016063841912318e-01 8.062061000000000366e-01
9.988154709217809124e-01 3.132615439914011955e-04 -4.865754735399187292e-02 8.346040000000000403e-02 -3.013563724010475189e-04 9.999999228380374028e-01 2.520084441429989801e-04 -2.435669999999999849e-02 4.865762254403434295e-02 -2.370466708524236678e-04 9.988154882545814406e-01 8.608873999999999693e-01
9.986442767809313725e-01 4.900149438778391570e-03 -5.182274585708710607e-02 7.686239999999999739e-02 -5.107636899319588017e-03 9.999794591788770948e-01 -3.872113844540181222e-03 -2.540819999999999884e-02 5.180270743885214552e-02 4.131556098857980600e-03 9.986487919915623124e-01 9.722264000000000461e-01
9.985128181702197514e-01 4.898920252358223912e-03 -5.429689245368222311e-02 7.042869999999999686e-02 -5.015386490348026222e-03 9.999854049320568983e-01 -2.008935345591141529e-03 -2.667939999999999895e-02 5.428625837279756755e-02 2.278267594328052537e-03 9.985228147862473813e-01 1.085722400000000087e+00
9.984263407386335665e-01 5.627460334025858116e-03 -5.579582250895519235e-02 6.704859999999999987e-02 -5.658896015859579340e-03 9.999839061333271051e-01 -4.054259671850213645e-04 -2.728730000000000044e-02 5.579264301987811592e-02 7.205307225544971793e-04 9.984421174110866826e-01 1.143215799999999893e+00
9.983787735336616675e-01 5.334756903115558425e-03 -5.666890616736899172e-02 6.335380000000000178e-02 -5.362104447576823175e-03 9.999855691854564466e-01 -3.305400610303744829e-04 -2.792069999999999969e-02 5.666632503802136039e-02 6.338687745346099477e-04 9.983929716384535302e-01 1.200931699999999935e+00
9.982857519719634531e-01 4.838625546178698666e-03 -5.832791023682776937e-02 5.982570000000000249e-02 -4.923185493864608991e-03 9.999870280656086852e-01 -1.306118334862310616e-03 -2.833549999999999958e-02 5.832083379346159752e-02 1.591038445647777926e-03 9.982966237257842046e-01 1.258911499999999961e+00
9.982384060128751679e-01 3.402712367058010733e-03 -5.923264563921825515e-02 5.608219999999999872e-02 -3.545421168289176420e-03 9.999910599056247573e-01 -2.304364893986816151e-03 -2.886230000000000046e-02 5.922427500285316199e-02 2.510310214348483813e-03 9.982415457157721717e-01 1.317427799999999927e+00
9.981969292157257811e-01 3.574657799441665826e-03 -5.991754606050105070e-02 5.255920000000000036e-02 -3.600505566384912433e-03 9.999934658548630395e-01 -3.234304332355224742e-04 -2.965119999999999909e-02 5.991599839743810829e-02 5.385807233855687687e-04 9.982032774274198772e-01 1.376144299999999987e+00
9.982443231824763563e-01 5.556425441139298087e-03 -5.896946133615959401e-02 4.499659999999999771e-02 -5.153607713863052157e-03 9.999623533629704575e-01 6.980844098060256034e-03 -3.068500000000000047e-02 5.900602987399993643e-02 -6.664682521086163700e-03 9.982353782777896312e-01 1.495173199999999980e+00
9.983325074018781775e-01 4.496974811044595136e-03 -5.754982087050870138e-02 4.160959999999999659e-02 -3.932207781231338364e-03 9.999430341269194278e-01 9.923015822609560638e-03 -3.102600000000000149e-02 5.759116604692105651e-02 -9.680171413738829223e-03 9.982933195583132413e-01 1.555459900000000006e+00
9.984102033589916658e-01 4.454278917284830441e-03 -5.618919138040640721e-02 3.839139999999999914e-02 -3.868298151606411068e-03 9.999370423482711878e-01 1.053316710216737999e-02 -3.101879999999999915e-02 5.623257150501997231e-02 -1.029906496333208958e-02 9.983645762760284814e-01 1.615509199999999979e+00
9.984838272974724260e-01 4.421553351850057711e-03 -5.486799150094713584e-02 3.489400000000000140e-02 -4.004789957363625794e-03 9.999623091278042608e-01 7.703374662248302883e-03 -3.126070000000000237e-02 5.489998436055025521e-02 -7.471960234524353643e-03 9.984639009636077089e-01 1.676096599999999937e+00
9.985213169919636700e-01 5.475147841232866006e-03 -5.408513907489786998e-02 3.143660000000000204e-02 -5.326846843238459625e-03 9.999816483505237219e-01 2.885769373686260155e-03 -3.141390000000000154e-02 5.409994653734033487e-02 -2.593398983201045550e-03 9.985321577527540571e-01 1.736695399999999889e+00
9.985960442303433160e-01 4.953966896270223588e-03 -5.273896718272860773e-02 2.794160000000000046e-02 -4.968548876953877286e-03 9.999876461160341901e-01 -1.453869683619876901e-04 -3.155739999999999934e-02 5.273759540941913571e-02 4.072189876563765947e-04 9.986083217173430393e-01 1.797610500000000000e+00
9.986361325014621038e-01 2.317146590307699820e-03 -5.215846713814802776e-02 2.489569999999999977e-02 -2.265689243229170296e-03 9.999968866146505819e-01 1.045664027749382188e-03 -3.220909999999999745e-02 5.216072770557709376e-02 -9.260630026293203455e-04 9.986382732964623754e-01 1.859229400000000032e+00
9.986306760485145206e-01 -6.826014998645969453e-05 -5.231412997879845289e-02 2.170359999999999998e-02 3.847826221777246678e-04 9.999816827536233133e-01 6.040372469094905730e-03 -3.273460000000000258e-02 5.231275941125993617e-02 -6.052230810507269396e-03 9.986124101497015904e-01 1.921532199999999913e+00
9.985680213028402807e-01 -3.766597486875642668e-03 -5.336402884623982212e-02 1.874489999999999837e-02 4.285222728908482173e-03 9.999446644393314987e-01 9.607545236763591692e-03 -3.316050000000000247e-02 5.332488816204024318e-02 -9.822464185970580450e-03 9.985289056906772043e-01 1.984100600000000103e+00
9.984526771636466069e-01 -1.094315709552825394e-02 -5.452062708305543265e-02 1.593599999999999878e-02 1.144034568663501381e-02 9.998956970433026115e-01 8.815527486111699590e-03 -3.324429999999999746e-02 5.441847071828920940e-02 -9.425621840000206891e-03 9.984737290973719759e-01 2.046247699999999892e+00
9.983518256616737974e-01 -1.346299666301468967e-02 -5.578870780771370136e-02 1.261149999999999945e-02 1.376847415958932716e-02 9.998922299621543219e-01 5.094858253868428735e-03 -3.364369999999999861e-02 5.571410339689154140e-02 -5.854586421084379336e-03 9.984295981693043220e-01 2.108251999999999793e+00
9.981457469682110117e-01 -1.161031753595785816e-02 -5.975172245204581067e-02 5.247299999999999881e-03 1.164569297172781716e-02 9.999321568905753521e-01 2.438265160404082602e-04 -3.433640000000000303e-02 5.974483780612627193e-02 -9.392246141922307168e-04 9.982132398504057758e-01 2.234435099999999785e+00
9.981003551104844496e-01 -1.189220556579749684e-02 -6.045044726968947651e-02 1.207799999999999976e-03 1.201561870168404815e-02 9.999264011500476057e-01 1.678448786754361014e-03 -3.487959999999999672e-02 6.042603772828757797e-02 -2.401609854833135563e-03 9.981697882798119537e-01 2.298026800000000147e+00
9.980557305426931425e-01 -8.429955901894870679e-03 -6.175511779911950494e-02 -3.140800000000000015e-03 8.693676303380047654e-03 9.999541970767442667e-01 4.002966516947524880e-03 -3.495619999999999977e-02 6.171854440298367439e-02 -4.532062675632650417e-03 9.980833039805250273e-01 2.362236699999999967e+00
9.979144220887492533e-01 -7.459051324328735272e-03 -6.411839627297657995e-02 -1.142029999999999955e-02 7.983161933796169632e-03 9.999367551375190066e-01 7.921795919366919972e-03 -3.574970000000000231e-02 6.405525203147838242e-02 -8.417141937162536322e-03 9.979108559429511471e-01 2.489218199999999825e+00
9.979421534221349921e-01 -7.348804652640698876e-03 -6.369814356297484603e-02 -1.601160000000000083e-02 8.080995479392836731e-03 9.999041226183564834e-01 1.124469131976033216e-02 -3.629310000000000175e-02 6.360940131186632041e-02 -1.173629588038692904e-02 9.979058589986101735e-01 2.552791800000000055e+00
9.979298777859043623e-01 -1.598550731116523023e-03 -6.429155199378798480e-02 -2.073770000000000127e-02 2.465651793382590655e-03 9.999070427973385522e-01 1.340993383709171080e-02 -3.635410000000000030e-02 6.426413917142036192e-02 -1.354069421563882866e-02 9.978410544854900976e-01 2.616482700000000161e+00
9.979077268139433521e-01 -1.756131217521250546e-03 -6.463037032367283108e-02 -2.485769999999999993e-02 2.585107017383847083e-03 9.999154372304165372e-01 1.274502295068595872e-02 -3.627450000000000119e-02 6.460252306788732968e-02 -1.288543330477040505e-02 9.978278807599091360e-01 2.679692000000000185e+00
9.979188660123896604e-01 3.562243439781944895e-04 -6.448108219286473319e-02 -3.386639999999999789e-02 2.135000485177356315e-04 9.999610059345087620e-01 8.828421612877303953e-03 -3.650529999999999747e-02 6.448171271202017552e-02 -8.823815198778443836e-03 9.978798770448586986e-01 2.805011499999999991e+00
9.977602334776521920e-01 -2.107397464058486519e-03 -6.685862223041563746e-02 -4.238469999999999738e-02 2.814575400475334034e-03 9.999410720116986839e-01 1.048478275453373042e-02 -3.733240000000000169e-02 6.683258678171888345e-02 -1.064947792256543645e-02 9.977073689033477688e-01 2.930579700000000010e+00
9.976869552956348919e-01 7.603988804727012784e-04 -6.797176639214540239e-02 -5.128970000000000057e-02 -2.178271747659361792e-04 9.999680607876708649e-01 7.989365172968040940e-03 -3.791730000000000100e-02 6.797567053179941199e-02 -7.956079316326417766e-03 9.976552555956714752e-01 3.053915700000000122e+00
9.975658637561496400e-01 2.407452962932761769e-03 -6.968896353568651558e-02 -5.991490000000000010e-02 -2.231317821501869591e-03 9.999941171110633409e-01 2.605180232597199656e-03 -3.869820000000000204e-02 6.969482541212387861e-02 -2.443340642672100875e-03 9.975653669796668011e-01 3.176395700000000044e+00
9.975548464778346558e-01 -7.452563956188403352e-04 -6.988399574643994194e-02 -6.893309999999999715e-02 1.385817369733110139e-03 9.999574696459220258e-01 9.118026625465736057e-03 -3.956110000000000182e-02 6.987422828769840333e-02 -9.192578105719051429e-03 9.975134529062597011e-01 3.298528199999999799e+00
9.975126571286916377e-01 -6.266063947488103268e-03 -7.020851309252415517e-02 -7.748180000000000345e-02 6.907998675323985364e-03 9.999364954419340812e-01 8.904192136554049328e-03 -4.065699999999999870e-02 7.014826029459939050e-02 -9.367044673158056792e-03 9.974925964896843578e-01 3.419262900000000105e+00
9.974475844176425854e-01 -9.093748449450624743e-03 -7.082104262539365425e-02 -8.158060000000000311e-02 9.640546557117317394e-03 9.999262738992258370e-01 7.382860427403364206e-03 -4.092490000000000017e-02 7.074868339050391364e-02 -8.046769858059786909e-03 9.974617152018224742e-01 3.479430400000000034e+00
9.973785764870504167e-01 -1.041932264791492306e-02 -7.160595561979164747e-02 -8.621339999999999559e-02 1.106716171264963099e-02 9.999012867284089445e-01 8.656484881190060904e-03 -4.124919999999999976e-02 7.150869245267309215e-02 -9.426267258616064654e-03 9.973954343134312506e-01 3.539169999999999927e+00
9.971855979198629427e-01 -1.434866535292412919e-02 -7.358667748849057055e-02 -9.446340000000000292e-02 1.568932690755280718e-02 9.997207123143803109e-01 1.767321110653037944e-02 -4.133239999999999831e-02 7.331253864376319207e-02 -1.877799702358704317e-02 9.971322171634957598e-01 3.659081500000000098e+00
9.970755987666826137e-01 -1.166129594125417737e-02 -7.552658155266830931e-02 -1.038575000000000054e-01 1.290349290569619417e-02 9.997890459616191050e-01 1.598009530597402708e-02 -4.141779999999999767e-02 7.532430029475226108e-02 -1.690791980480904969e-02 9.970157330920009775e-01 3.777385000000000215e+00
9.969955428231284111e-01 -9.940085987084680899e-03 -7.681850220737657109e-02 -1.085879000000000011e-01 1.060307447776864288e-02 9.999099371493190835e-01 8.227539222857261150e-03 -4.155169999999999697e-02 7.672980126674541768e-02 -9.017332233766604463e-03 9.970111460344621701e-01 3.835073899999999814e+00
9.969142137678942417e-01 -3.571033946378264750e-03 -7.841746045425715406e-02 -1.188961000000000046e-01 3.923159352697370289e-03 9.999829003693672114e-01 4.336794848923123356e-03 -4.224320000000000158e-02 7.840063270302424780e-02 -4.631056620482743892e-03 9.969111766382917628e-01 3.949212800000000190e+00
9.968405902191049828e-01 -7.776366743194140611e-04 -7.942438525307553288e-02 -1.237238999999999978e-01 1.300308903819592972e-03 9.999778388340092583e-01 6.529244796976323498e-03 -4.286109999999999920e-02 7.941754773588048655e-02 -6.611892472427870551e-03 9.968195102372104932e-01 4.005402100000000409e+00
9.967715400608323506e-01 2.070757977335678859e-03 -8.026337200838130903e-02 -1.290009000000000017e-01 -1.417594176796709753e-03 9.999654247389737627e-01 8.193885119634532893e-03 -4.356770000000000087e-02 8.027756443432011724e-02 -8.053650601010500787e-03 9.967400119191014429e-01 4.060462000000000238e+00
9.964257774848229721e-01 4.759264364355437343e-03 -8.433871807465539994e-02 -1.433948999999999918e-01 -3.983220478470746520e-03 9.999481915744711236e-01 9.367396733597908171e-03 -4.493319999999999953e-02 8.437893053592182557e-02 -8.997975864321147710e-03 9.963931114334136918e-01 4.220981600000000000e+00
9.962823880203481863e-01 4.718700396204227564e-03 -8.601823752579035309e-02 -1.477575000000000138e-01 -3.891586652750513194e-03 9.999445950662172455e-01 9.780713224664618413e-03 -4.528569999999999818e-02 8.605962394640451207e-02 -9.409604902962576470e-03 9.962455522920911077e-01 4.272891999999999690e+00
9.960252578244694899e-01 7.495034289201706230e-03 -8.875533920110342812e-02 -1.570535000000000125e-01 -6.313718208070285241e-03 9.998878121938929997e-01 1.358307728386059718e-02 -4.572190000000000282e-02 8.884718756431358999e-02 -1.296871185252948533e-02 9.959608374704287392e-01 4.374124499999999749e+00
9.959022491916060815e-01 8.434832464148193584e-03 -9.004201050843917142e-02 -1.618166000000000049e-01 -6.882082419257464986e-03 9.998224541815843303e-01 1.754129573002587150e-02 -4.572500000000000175e-02 9.017398181667850288e-02 -1.684973933375315952e-02 9.957834801239222600e-01 4.423954499999999790e+00
9.954564160083972935e-01 1.455235917351695336e-02 -9.409969537783621774e-02 -1.768313999999999997e-01 -1.387711079917455619e-02 9.998730792951784352e-01 7.826307983028458343e-03 -4.633450000000000069e-02 9.420164342294695681e-02 -6.484916596436611329e-03 9.955320166790987413e-01 4.564353900000000408e+00
9.952912637471342805e-01 1.443355634840724072e-02 -9.584869722520962532e-02 -1.861958999999999975e-01 -1.444319083321192812e-02 9.998955156609512507e-01 5.932956057807944276e-04 -4.661909999999999665e-02 9.584724590298866753e-02 7.938590918852650793e-04 9.953957380060225457e-01 4.652398599999999718e+00
9.951643433365303659e-01 1.718901122001670334e-02 -9.670815707503954695e-02 -1.908755000000000035e-01 -1.688727847533409016e-02 9.998496458007992693e-01 3.937717322616388765e-03 -4.691429999999999906e-02 9.676130206476604712e-02 -2.285538294243875078e-03 9.953049918178028532e-01 4.695268200000000114e+00
9.958670254055473903e-01 9.702684009477356014e-03 -9.030351949353380980e-02 -2.139716000000000118e-01 -1.008878830888837452e-02 9.999418097427823504e-01 -3.820141199972681197e-03 -5.166710000000000053e-02 9.026119908557191096e-02 4.715405745163809767e-03 9.959069639721841449e-01 4.923942099999999655e+00
9.974030340784525439e-01 -2.987896065389806502e-05 -7.202212658860537853e-02 -2.204616000000000076e-01 5.261563929099518158e-04 9.999762514263859092e-01 6.871662294060320968e-03 -5.350069999999999826e-02 7.202021084770293680e-02 -6.891711723593828103e-03 9.973793629000808902e-01 5.025891800000000131e+00
9.989048740323068776e-01 9.094005797170658101e-03 -4.589500727815782471e-02 -2.242427999999999921e-01 -8.815005811827637122e-03 9.999414405559859942e-01 6.277828554277136396e-03 -5.415770000000000306e-02 4.594941030131483722e-02 -5.866388785315789119e-03 9.989265424322155695e-01 5.089513300000000129e+00
9.987090510728492410e-01 8.025566372740077989e-03 5.015796636194091995e-02 -2.200024999999999897e-01 -8.550853189368689752e-03 9.999107333250835117e-01 1.026685399854519558e-02 -5.552649999999999947e-02 -5.007109160885866994e-02 -1.068249342102881201e-02 9.986885250764658828e-01 5.207799900000000370e+00
9.926347672782058762e-01 7.946739773306288335e-03 1.208845238958131812e-01 -2.118716999999999961e-01 -9.473945325258262273e-03 9.998823440304173138e-01 1.206409782006389805e-02 -5.574690000000000201e-02 -1.207744308639709246e-01 -1.312049630209944848e-02 9.925932648503467126e-01 5.263253699999999924e+00
9.509706241399036308e-01 1.089637266965754782e-02 3.090892121792768177e-01 -1.805703999999999920e-01 -1.378238195769109810e-02 9.998794175731168243e-01 7.155156267830148006e-03 -5.704780000000000267e-02 -3.089739762027448600e-01 -1.106432900309360125e-02 9.510061317642367618e-01 5.364877700000000083e+00
8.074467527373768716e-01 1.085621234697820188e-02 5.898405582420919169e-01 -1.102851999999999999e-01 -1.116259620704243734e-02 9.999328182957313293e-01 -3.123354138491970557e-03 -5.840499999999999858e-02 -5.898348395439046987e-01 -4.062209821418780870e-03 8.075136906031890049e-01 5.468474900000000360e+00
7.673567414564363975e-01 9.711479766430573812e-03 6.411468774798065873e-01 -9.275809999999999611e-02 -1.076562866293072351e-02 9.999394920891624405e-01 -2.261282812857332535e-03 -5.896470000000000183e-02 -6.411300434239934898e-01 -5.167138590559490138e-03 7.674148604880766111e-01 5.485777900000000429e+00
7.242725872843172041e-01 9.530592024660883635e-03 6.894478857202629429e-01 -7.429379999999999318e-02 -1.237112436918958759e-02 9.999231331780898957e-01 -8.264485186675932758e-04 -5.908519999999999744e-02 -6.894027665960756890e-01 -7.930671533447512106e-03 7.243348188915851305e-01 5.501994100000000110e+00
6.325452892210839950e-01 7.283949777560604077e-03 7.744891226865958656e-01 -3.468689999999999968e-02 -8.959132036260766818e-03 9.999576876878381038e-01 -2.087291821671669739e-03 -5.999689999999999884e-02 -7.744715559898710522e-01 -5.618443701768866851e-03 6.325837826351525806e-01 5.529188600000000342e+00
5.397314072147716413e-01 6.431240597064647249e-03 8.418127150443530660e-01 7.472999999999999608e-03 -6.081819910656250522e-03 9.999745109513467067e-01 -3.740175689659146728e-03 -6.157780000000000198e-02 -8.418153120088378571e-01 -3.101063043190132283e-03 5.397567636217868170e-01 5.550751199999999663e+00
4.037804254021084005e-01 9.188543648780893996e-03 9.148097828115453467e-01 7.356419999999999626e-02 -4.525009848559984407e-03 9.999573879358941708e-01 -8.046527095224579457e-03 -6.308120000000000394e-02 -9.148447367438710121e-01 -8.904931432618915128e-04 4.038047977352411388e-01 5.577402099999999585e+00
3.637996118687227831e-01 1.611575638938005442e-03 9.314758425359869198e-01 9.694869999999999877e-02 1.049834882079009844e-02 9.999278937184832294e-01 -5.830268926450861769e-03 -6.338589999999999502e-02 -9.314180731960292059e-01 1.190000788561523977e-02 3.637564607482850487e-01 5.583445099999999606e+00
3.285433200420215250e-01 -1.836366291544003215e-03 9.444871172306210649e-01 1.209207999999999950e-01 1.438430234284302639e-02 9.998918596748734844e-01 -3.059542781676816321e-03 -6.357269999999999588e-02 -9.443793616454541073e-01 1.459098059646818379e-02 3.285342061085237964e-01 5.589287800000000139e+00
2.359430514141064861e-01 1.411265957808091262e-02 9.716644015960621550e-01 1.928702999999999945e-01 -4.489029815852931503e-03 9.998997003911876957e-01 -1.343271264210692609e-02 -6.633329999999999782e-02 -9.717565153374135845e-01 -1.192475260220066981e-03 2.359827385679746925e-01 5.607406600000000019e+00
2.107121742630194972e-01 1.583070962030008050e-02 9.774199549069318982e-01 2.188666999999999974e-01 -3.174697165477186403e-03 9.998746728286652674e-01 -1.550999463820266350e-02 -6.734489999999999921e-02 -9.775429918501071791e-01 1.651323326995824195e-04 2.107360240112123861e-01 5.611447300000000027e+00
1.875377771969576335e-01 1.703202135470933271e-02 9.821097150382926966e-01 2.455076999999999954e-01 4.304903202195043375e-03 9.998258023742391254e-01 -1.816129717637474800e-02 -6.813320000000000487e-02 -9.822479574590337048e-01 7.633816560645909771e-03 1.874317873581596849e-01 5.614555799999999763e+00
1.476795530303114667e-01 2.989215234933362969e-02 9.885834354492754050e-01 3.018287000000000053e-01 1.327243860951685811e-02 9.993932618510280586e-01 -3.220171641572840138e-02 -6.842049999999999521e-02 -9.889462027785557163e-01 1.787644804446939309e-02 1.471932084547019626e-01 5.620934499999999723e+00
1.302815797364013373e-01 3.083470966705788296e-02 9.909974423080697425e-01 3.315265000000000017e-01 1.062705008624467706e-02 9.994154411150112383e-01 -3.249372042952199113e-02 -6.925870000000000637e-02 -9.914200803836142883e-01 1.476471268381933030e-02 1.298777404773894251e-01 5.624472100000000196e+00
7.502261176515566399e-02 1.956589279327642511e-02 9.969898613141140453e-01 4.595608999999999944e-01 1.475771663639478294e-02 9.996762043238088813e-01 -2.072911740576893758e-02 -7.440599999999999992e-02 -9.970726239966746229e-01 1.626844638999955933e-02 7.470957186626825397e-02 5.634645500000000418e+00
5.728399930522230787e-02 2.051476478825052865e-02 9.981471273561237645e-01 5.300911999999999846e-01 1.994310822613810583e-02 9.995658472112888271e-01 -2.168846520754874954e-02 -7.635740000000000582e-02 -9.981587127595890063e-01 2.114855821235259517e-02 5.685000112276961115e-02 5.637599500000000319e+00
3.999277322621862946e-02 2.265316995789135729e-02 9.989431475216870027e-01 6.453940999999999706e-01 2.317540304022103204e-02 9.994529962711633519e-01 -2.359256108431990323e-02 -7.972590000000000232e-02 -9.989311681910817420e-01 2.409444200335298519e-02 3.944590068622466639e-02 5.642151400000000372e+00
3.557607785399679451e-02 2.265737491962442618e-02 9.991100970595168107e-01 6.862335000000000518e-01 2.557051700625320029e-02 9.993950164525277069e-01 -2.357434516343144201e-02 -8.090450000000000419e-02 -9.990397846655350023e-01 2.638644446687089459e-02 3.497519412151217644e-02 5.643234299999999593e+00
3.268834629178551943e-02 2.253987662911592985e-02 9.992114020457594226e-01 7.284133999999999887e-01 2.740078477448843960e-02 9.993496845588661914e-01 -2.343938919504578305e-02 -8.206660000000000343e-02 -9.990899203827703356e-01 2.814537144254628670e-02 3.204947824708892501e-02 5.644321399999999933e+00
2.715665137143127156e-02 2.164638608741786818e-02 9.993967931986000863e-01 8.162270000000000358e-01 3.026298488459103209e-02 9.992894539032312062e-01 -2.246639854665034852e-02 -8.449560000000000404e-02 -9.991729920450040936e-01 3.085484219918099846e-02 2.648227106382838869e-02 5.646348999999999840e+00
2.852805821691273627e-02 2.055178370321968789e-02 9.993816958905082926e-01 9.061213000000000184e-01 3.878303025117232905e-02 9.990130620364632286e-01 -2.165129199531482321e-02 -8.747399999999999620e-02 -9.988403408247531479e-01 3.937671986270320501e-02 2.770284234415498759e-02 5.646036600000000405e+00
4.369173359611173979e-02 1.855152274894386610e-02 9.988728014212129303e-01 1.101337699999999975e+00 4.483988547744198472e-02 9.987835976670599303e-01 -2.051120916997862392e-02 -9.217789999999999317e-02 -9.980382843787789504e-01 4.568551230904766697e-02 4.280673871394047314e-02 5.652447200000000116e+00
4.749081293100990836e-02 1.705719872135832635e-02 9.987260258243657596e-01 1.152895299999999956e+00 4.456506276166057046e-02 9.988223868369198177e-01 -1.917797524369292683e-02 -9.340969999999999829e-02 -9.978770354448491808e-01 4.541906565726046285e-02 4.667473199302152320e-02 5.655314399999999964e+00
5.574493078625057663e-02 1.375466681127944686e-02 9.983502951532329250e-01 1.258517399999999897e+00 4.075882586998159224e-02 9.990402573011506471e-01 -1.604002510444025448e-02 -9.641180000000000583e-02 -9.976127609475217151e-01 4.158573592665208013e-02 5.513080592647001676e-02 5.661623500000000142e+00
6.279001454279860284e-02 1.862206621111212740e-02 9.978530115822390467e-01 1.366635199999999939e+00 3.614453327083810841e-02 9.991275773414215466e-01 -2.092025120535313809e-02 -9.954839999999999522e-02 -9.973720403081030028e-01 3.738051425396336086e-02 6.206214921963970621e-02 5.669470800000000033e+00
6.386406031090546831e-02 2.719150970197806855e-02 9.975880931530468620e-01 1.475531699999999891e+00 2.734111372964890402e-02 9.992058240107196676e-01 -2.898594078309822339e-02 -1.030269999999999936e-01 -9.975840041322973084e-01 2.912632938058115975e-02 6.306989484838598781e-02 5.677805900000000072e+00
6.359539626679851232e-02 2.487020220383184127e-02 9.976658251218236684e-01 1.585426199999999897e+00 2.221211623785682154e-02 9.994065138628061007e-01 -2.632948804722041319e-02 -1.073984999999999940e-01 -9.977285439767195063e-01 2.383470350000820026e-02 6.300523345851427592e-02 5.686291200000000323e+00
6.410658652013580261e-02 2.322978664039987429e-02 9.976726530166982743e-01 1.695812700000000062e+00 2.082678802439464488e-02 9.994801582947177021e-01 -2.461012140874107440e-02 -1.115238000000000063e-01 -9.977257090329599842e-01 2.235598773947471141e-02 6.358945940066784708e-02 5.693818600000000174e+00
6.414696834016780924e-02 2.374370110877343371e-02 9.976579589771348289e-01 1.804946500000000009e+00 1.615618980272946759e-02 9.995611826517413201e-01 -2.482780028335959677e-02 -1.160859999999999947e-01 -9.978096732262238255e-01 1.771097946217095598e-02 6.373521179588936825e-02 5.701928099999999944e+00
6.015251147857006431e-02 2.475901538848606850e-02 9.978820904895596700e-01 1.914299200000000090e+00 1.007737821521028157e-02 9.996263254878655635e-01 -2.540975875397723238e-02 -1.204824000000000034e-01 -9.981383279942358522e-01 1.158449604516430254e-02 5.988052805588361949e-02 5.709720599999999813e+00
5.612997584886312424e-02 2.352376341032945406e-02 9.981463111018448187e-01 1.969053299999999895e+00 7.410824101329501964e-03 9.996850475103067346e-01 -2.397676939153893516e-02 -1.225183999999999995e-01 -9.983959662865956597e-01 8.742902225847530226e-03 5.593796710038789755e-02 5.713343100000000341e+00
5.112888988188433320e-02 2.111568440527589532e-02 9.984688099743241896e-01 2.023894499999999930e+00 5.247441460346020242e-03 9.997569736155788034e-01 -2.141163387364872217e-02 -1.245909000000000044e-01 -9.986782770129560838e-01 6.334159700838629982e-03 5.100566089482505561e-02 5.716645200000000315e+00
2.877995379497170353e-02 2.030645324197009882e-02 9.993794885909409453e-01 2.186392999999999809e+00 2.010997250993551075e-03 9.997904322157711299e-01 -2.037271557397120347e-02 -1.304729000000000028e-01 -9.995837484421280505e-01 2.596075217152713985e-03 2.873308622217762842e-02 5.723134499999999569e+00
8.529447577447790002e-03 1.968676503177897372e-02 9.997698134103704115e-01 2.293585300000000160e+00 3.588957867722047251e-03 9.997991405176266388e-01 -1.971796139662382319e-02 -1.341086999999999974e-01 -9.999571830360772795e-01 3.756315055816791815e-03 8.457079386771648721e-03 5.724610300000000151e+00
-1.323013598457908543e-02 1.799505526112481907e-02 9.997505396287508228e-01 2.399585500000000149e+00 4.349414823422855306e-03 9.998296243373381298e-01 -1.793892104199578535e-02 -1.375723000000000085e-01 -9.999030183435407837e-01 4.110995451984055318e-03 -1.330614985149469742e-02 5.723651399999999612e+00
-2.417405004683975678e-02 1.846062484766626544e-02 9.995373032731527108e-01 2.451997500000000052e+00 4.423495464908197387e-03 9.998216759557435607e-01 -1.835889367364459956e-02 -1.393072999999999950e-01 -9.996979783875752368e-01 3.977639913564065370e-03 -2.425139972276235678e-02 5.722316300000000133e+00
-4.612729071695091665e-02 2.004151497090747233e-02 9.987345046251202563e-01 2.555142200000000141e+00 4.213168442930199237e-03 9.997937310029109126e-01 -1.986818207463045965e-02 -1.427863000000000049e-01 -9.989266851289863025e-01 3.291371287178285893e-03 -4.620221436538018978e-02 5.718347999999999764e+00
-5.622386636776132568e-02 2.144444548095906372e-02 9.981878643865964573e-01 2.606506099999999826e+00 5.224464845260854209e-03 9.997619434501782143e-01 -2.118398913810312645e-02 -1.442362000000000088e-01 -9.984045181276679504e-01 4.023951632016966110e-03 -5.632251765965756718e-02 5.715264300000000297e+00
-6.595060975685133886e-02 2.216793277173092352e-02 9.975766135136326929e-01 2.657295200000000079e+00 5.660973034281998814e-03 9.997454105164989002e-01 -2.184187573223470014e-02 -1.459260000000000002e-01 -9.978068302316861482e-01 4.206769285956778182e-03 -6.605931149482324738e-02 5.712102400000000024e+00
-7.526444004850496583e-02 2.256762107004853940e-02 9.969082036694369986e-01 2.707574399999999937e+00 6.411185695989059588e-03 9.997341557378688348e-01 -2.214756305019100965e-02 -1.479538999999999993e-01 -9.971429991541616022e-01 4.724439684168055958e-03 -7.538911663837233323e-02 5.707610599999999756e+00
-1.008599854696567294e-01 2.122048441642467032e-02 9.946742956225381738e-01 2.855852099999999893e+00 1.020098702652932204e-02 9.997420089830217904e-01 -2.029421933152848745e-02 -1.534917000000000087e-01 -9.948483317545165905e-01 8.099784918371710773e-03 -1.010504343856616360e-01 5.693531000000000120e+00
-1.062016274695494755e-01 1.959213253659003451e-02 9.941515793205218943e-01 2.904089499999999990e+00 1.310583493805740456e-02 9.997465984920606008e-01 -1.830234668372058768e-02 -1.553297999999999901e-01 -9.942582418131596933e-01 1.108544749766080667e-02 -1.064314870721121409e-01 5.688236200000000409e+00
-9.855005883067134709e-02 2.028952801724896032e-02 9.949252338529304129e-01 3.254174900000000203e+00 1.877576742310475139e-02 9.996520659774608131e-01 -1.852613140047983803e-02 -1.673785000000000134e-01 -9.949549519762914684e-01 1.685473345477869062e-02 -9.889672137145733011e-02 5.650293800000000033e+00
-8.757223325625364263e-02 2.024382584044752409e-02 9.959524544263415047e-01 3.292204400000000142e+00 1.781756199859352296e-02 9.996653806856672375e-01 -1.875263029567444256e-02 -1.688439999999999941e-01 -9.959988144806893873e-01 1.610323488997163904e-02 -8.790362551760777521e-02 5.647938700000000090e+00
8.886500122258238210e-02 2.609552057449011919e-02 9.957017803356871255e-01 3.534113200000000177e+00 8.101553779600229044e-03 9.996047378817266571e-01 -2.692086237029967660e-02 -1.786825999999999970e-01 -9.960107310586903129e-01 1.045905398928291020e-02 8.861846199061784723e-02 5.654399899999999590e+00
2.762504572073885001e-01 1.251719743182443632e-02 9.610041647470428661e-01 3.660303100000000143e+00 -5.135160825321173975e-03 9.999201345481060210e-01 -1.154792832483487325e-02 -1.842813000000000090e-01 -9.610719614139238143e-01 -1.744790460245725615e-03 2.762926721616824066e-01 5.687168599999999685e+00
3.882166785576852686e-01 1.259505549316461588e-02 9.214820535782360933e-01 3.717300700000000013e+00 -3.242906828720594145e-03 9.999190820700739613e-01 -1.230092953564665761e-02 -1.861536000000000024e-01 -9.215624200481155048e-01 1.787145563408537238e-03 3.882261094591604733e-01 5.714020699999999842e+00
4.474105365346502383e-01 1.585171524311818764e-02 8.941881988270855564e-01 3.743241300000000216e+00 -1.849629256966297403e-03 9.998571677696226345e-01 -1.679949199590153111e-02 -1.870495000000000074e-01 -8.943267806956179955e-01 5.862353073611292244e-03 4.473759516861094410e-01 5.729860799999999976e+00
6.198320798699920031e-01 2.550762904975039519e-02 7.843198031570413065e-01 3.812704300000000046e+00 -7.199488851831961286e-03 9.996143578745727565e-01 -2.681982273017450777e-02 -1.900345999999999980e-01 -7.847014464905184283e-01 1.097708482548839445e-02 6.197766884002833265e-01 5.787489899999999743e+00
6.729720011427557935e-01 2.627117644725637108e-02 7.392012655332725890e-01 3.833527300000000082e+00 -8.390214581256709436e-03 9.995758868317553558e-01 -2.788639029688795568e-02 -1.911319999999999963e-01 -7.396203688225434503e-01 1.256470264618393499e-02 6.729070056629056218e-01 5.809532199999999591e+00
7.668992605996568512e-01 2.091362600340092998e-02 6.414266476683747609e-01 3.869520899999999930e+00 -9.146383438284600570e-03 9.997235494559439939e-01 -2.166029393171672174e-02 -1.925893999999999939e-01 -6.417023202090665901e-01 1.074452933349635646e-02 7.668785349243399940e-01 5.857974500000000084e+00
8.451064580171959717e-01 1.296632956936548745e-02 5.344407814857770056e-01 3.899052100000000021e+00 -1.035445153697326856e-02 9.999152943246797376e-01 -7.886032523236368580e-03 -1.940302999999999889e-01 -5.344977642151536035e-01 1.130695842244097520e-03 8.451691319350904674e-01 5.911421299999999768e+00
9.024038817831291359e-01 9.616323128270055573e-03 4.307838906832902048e-01 3.922717599999999916e+00 -1.306536498355847196e-02 9.999018991170380843e-01 5.048601785332659797e-03 -1.951936999999999978e-01 -4.306930814171347488e-01 -1.018422660947597078e-02 9.024409959370086609e-01 5.968911199999999972e+00
9.383915213862493720e-01 1.684055363820892437e-02 3.451633647181563402e-01 3.941011899999999901e+00 -2.228529662382683352e-02 9.996818681872970958e-01 1.181219589846338805e-02 -1.964191000000000131e-01 -3.448546333526467667e-01 -1.877653244649371209e-02 9.384682859236626040e-01 6.029104700000000427e+00
9.661225972667613071e-01 1.728090684389910897e-02 2.575043636701713767e-01 3.964728099999999866e+00 -2.076662100622198026e-02 9.997257689643314071e-01 1.082286102008483616e-02 -1.958720999999999934e-01 -2.572467191287604038e-01 -1.580370612636835398e-02 9.662165225094010435e-01 6.125007599999999996e+00
9.701478823606612956e-01 1.445193073558118969e-02 2.420831015356881832e-01 3.972272199999999920e+00 -1.774233159410321808e-02 9.997774009789650584e-01 1.141744986196419238e-02 -1.960247999999999990e-01 -2.418642098796952022e-01 -1.537173346631872349e-02 9.701883393390744459e-01 6.158336600000000161e+00
9.731361589134741585e-01 1.860968760688485463e-02 2.294770048224957781e-01 3.979041599999999956e+00 -2.173128461705951808e-02 9.997024122251473299e-01 1.108324231052636166e-02 -1.959110000000000018e-01 -2.292024595941805076e-01 -1.577233395524091711e-02 9.732509779073341694e-01 6.192325600000000208e+00
9.763355508705170438e-01 3.179919202232348030e-02 2.139105034660324367e-01 3.992374900000000171e+00 -3.478015745458604147e-02 9.993430815759487551e-01 1.018557576775785956e-02 -1.952341999999999966e-01 -2.134460886355106501e-01 -1.738438071988563857e-02 9.768001589645589622e-01 6.262319999999999887e+00
9.754653272838618161e-01 3.682570988170191795e-02 2.170512896960000160e-01 4.023474199999999890e+00 -3.652975052637646991e-02 9.993180998920946356e-01 -5.377039569701983629e-03 -1.966653999999999902e-01 -2.171012956973515928e-01 -2.683713800345524994e-03 9.761453913668644011e-01 6.411062699999999559e+00
9.744588961214476486e-01 3.722636613974681513e-02 2.214589294514882623e-01 4.032122099999999598e+00 -3.587400499372495749e-02 9.993050066560600353e-01 -1.012716336602439982e-02 -1.967326000000000075e-01 -2.216820144609840670e-01 1.923885693450025879e-03 9.751171125194956213e-01 6.450603499999999713e+00
9.717807438528760500e-01 4.518043082151206036e-02 2.315187131692240941e-01 4.050014000000000003e+00 -4.506766468467027220e-02 9.989672227087729173e-01 -5.778715548548260875e-03 -1.975474999999999870e-01 -2.315406907578471951e-01 -4.818363239054539171e-03 9.728132872751458216e-01 6.531835100000000338e+00
9.699875079068438488e-01 3.792650588348262658e-02 2.401787139946850169e-01 4.071041100000000412e+00 -4.017117568495826713e-02 9.991828804660592978e-01 4.455112527970481358e-03 -1.984843000000000024e-01 -2.398134924243395527e-01 -1.396966481411848413e-02 9.707184644974166110e-01 6.615972000000000186e+00
9.691131709304686703e-01 3.558487954827472405e-02 2.440356086242885802e-01 4.081781900000000185e+00 -3.895420082547788182e-02 9.992005290193285427e-01 8.992944208788478805e-03 -1.987565000000000026e-01 -2.435204964004888395e-01 -1.822139278509805546e-02 9.697245736175972297e-01 6.659456300000000439e+00
9.685564545579793405e-01 3.100180947022989145e-02 2.468547794628421777e-01 4.093254100000000228e+00 -3.447886593000974026e-02 9.993576290854403466e-01 9.774302681410459645e-03 -1.989518000000000120e-01 -2.463931860629617887e-01 -1.797823679616492032e-02 9.690031892947741365e-01 6.702535199999999804e+00
9.687843727077645184e-01 2.696988781762232890e-02 2.464334886908191025e-01 4.116576700000000422e+00 -2.778050090127472116e-02 9.996140298530673540e-01 -1.873248118789698664e-04 -1.995683000000000040e-01 -2.463434248501418233e-01 -6.664568404310806243e-03 9.691596878539092685e-01 6.791077099999999866e+00
9.688723735663967718e-01 2.924044561758123648e-02 2.458278260895250533e-01 4.127672200000000124e+00 -2.839763153140537413e-02 9.995723815249719646e-01 -6.973422108431830309e-03 -1.997149000000000008e-01 -2.459266115393432262e-01 -2.245719953799995769e-04 9.692884252399777134e-01 6.836620800000000386e+00
9.694316378779356258e-01 3.253862123444421078e-02 2.431944440349419478e-01 4.138842099999999746e+00 -3.088112286039503343e-02 9.994665824157892287e-01 -1.062576514814616430e-02 -1.998958999999999875e-01 -2.434104675895930603e-01 2.790835406065114883e-03 9.699193551556499759e-01 6.883214999999999861e+00
9.714744336924084900e-01 3.036527873227089572e-02 2.351922076292617958e-01 4.185941200000000251e+00 -3.279735640506663275e-02 9.994413055435867888e-01 6.435074682534483621e-03 -2.017264000000000002e-01 -2.348654042102695794e-01 -1.396519319029487435e-02 9.719275771806787922e-01 7.079084400000000166e+00
9.717339484468353605e-01 3.609786492873867658e-02 2.333025451715212417e-01 4.196849799999999853e+00 -3.756405480715394041e-02 9.992925225893583008e-01 1.842846559533845019e-03 -2.018813999999999886e-01 -2.330709660647767023e-01 -1.055454615714902268e-02 9.724024508057599325e-01 7.129398300000000077e+00
