9.999910e-01 1.048972e-03 -4.131348e-03 -9.374345e-02 -1.058514e-03 9.999968e-01 -2.308104e-03 -5.676064e-02 4.128913e-03 2.312456e-03 9.999887e-01 1.716275e+00
9.999796e-01 1.566466e-03 -6.198571e-03 -1.406429e-01 -1.587952e-03 9.999927e-01 -3.462706e-03 -8.515762e-02 6.193102e-03 3.472479e-03 9.999747e-01 2.574964e+00
9.999637e-01 2.078471e-03 -8.263498e-03 -1.874858e-01 -2.116664e-03 9.999871e-01 -4.615826e-03 -1.135202e-01 8.253797e-03 4.633149e-03 9.999551e-01 3.432648e+00
9.999184e-01 3.088363e-03 -1.239599e-02 -2.812195e-01 -3.174350e-03 9.999710e-01 -6.922975e-03 -1.702743e-01 1.237425e-02 6.961759e-03 9.998991e-01 5.148987e+00
9.998551e-01 4.078705e-03 -1.652913e-02 -3.749547e-01 -4.231669e-03 9.999484e-01 -9.229794e-03 -2.270290e-01 1.649063e-02 9.298401e-03 9.998207e-01 6.865477e+00
9.998167e-01 4.566671e-03 -1.859652e-02 -4.218367e-01 -4.760342e-03 9.999347e-01 -1.038342e-02 -2.554151e-01 1.854788e-02 1.047004e-02 9.997731e-01 7.724036e+00
9.997738e-01 5.049868e-03 -2.066463e-02 -4.687329e-01 -5.289072e-03 9.999194e-01 -1.153730e-02 -2.838096e-01 2.060470e-02 1.164399e-02 9.997198e-01 8.582886e+00
9.996745e-01 6.000540e-03 -2.479692e-02 -5.624310e-01 -6.345160e-03 9.998840e-01 -1.384246e-02 -3.405416e-01 2.471098e-02 1.399530e-02 9.995966e-01 1.029896e+01
9.996182e-01 6.468772e-03 -2.686440e-02 -6.093087e-01 -6.873365e-03 9.998639e-01 -1.499561e-02 -3.689250e-01 2.676374e-02 1.517453e-02 9.995266e-01 1.115757e+01
9.995562e-01 7.058450e-03 -2.894213e-02 -6.562052e-01 -7.530449e-03 9.998399e-01 -1.623192e-02 -3.973964e-01 2.882292e-02 1.644266e-02 9.994492e-01 1.201541e+01
9.994226e-01 7.842768e-03 -3.306167e-02 -7.498241e-01 -8.456089e-03 9.997940e-01 -1.845198e-02 -4.540039e-01 3.291014e-02 1.872089e-02 9.992829e-01 1.373146e+01
9.992482e-01 1.235688e-02 -3.674849e-02 -8.546642e-01 -1.320676e-02 9.996488e-01 -2.297477e-02 -5.155070e-01 3.645169e-02 2.344282e-02 9.990604e-01 1.547957e+01
9.991826e-01 1.352279e-02 -3.809783e-02 -9.072868e-01 -1.439161e-02 9.996404e-01 -2.262373e-02 -5.464705e-01 3.777819e-02 2.315352e-02 9.990178e-01 1.636940e+01
9.991241e-01 1.328777e-02 -3.967996e-02 -9.609163e-01 -1.412604e-02 9.996813e-01 -2.092052e-02 -5.783595e-01 3.938933e-02 2.146271e-02 9.989934e-01 1.726896e+01
9.990174e-01 1.304822e-02 -4.235654e-02 -1.066256e+00 -1.386115e-02 9.997242e-01 -1.895579e-02 -6.387363e-01 4.209752e-02 1.952427e-02 9.989227e-01 1.908411e+01
9.989383e-01 1.325999e-02 -4.411963e-02 -1.118651e+00 -1.413494e-02 9.997084e-01 -1.957870e-02 -6.686219e-01 4.384715e-02 2.018154e-02 9.988343e-01 1.999722e+01
9.989120e-01 1.152857e-02 -4.518863e-02 -1.171840e+00 -1.247777e-02 9.997062e-01 -2.077977e-02 -6.990778e-01 4.493579e-02 2.132101e-02 9.987623e-01 2.091368e+01
9.988800e-01 1.128892e-02 -4.595003e-02 -1.224279e+00 -1.218132e-02 9.997417e-01 -1.918760e-02 -7.287421e-01 4.572155e-02 1.972584e-02 9.987594e-01 2.184042e+01
9.988593e-01 1.299421e-02 -4.594914e-02 -1.280807e+00 -1.370812e-02 9.997896e-01 -1.525610e-02 -7.604717e-01 4.574123e-02 1.586857e-02 9.988272e-01 2.277432e+01
9.989649e-01 1.285173e-02 -4.363580e-02 -1.385747e+00 -1.325687e-02 9.998715e-01 -9.007757e-03 -8.209244e-01 4.351442e-02 9.576906e-03 9.990068e-01 2.465175e+01
9.990298e-01 1.265253e-02 -4.218321e-02 -1.436633e+00 -1.299403e-02 9.998849e-01 -7.831284e-03 -8.456208e-01 4.207926e-02 8.371815e-03 9.990791e-01 2.559694e+01
9.990746e-01 1.289592e-02 -4.103309e-02 -1.487044e+00 -1.333334e-02 9.998570e-01 -1.040438e-02 -8.702127e-01 4.089305e-02 1.094186e-02 9.991036e-01 2.654471e+01
9.990967e-01 1.391010e-02 -4.015465e-02 -1.538025e+00 -1.454998e-02 9.997711e-01 -1.568743e-02 -8.971121e-01 3.992724e-02 1.625751e-02 9.990703e-01 2.749627e+01
9.991533e-01 1.320645e-02 -3.896502e-02 -1.586551e+00 -1.396325e-02 9.997178e-01 -1.921474e-02 -9.254151e-01 3.870026e-02 1.974255e-02 9.990558e-01 2.845466e+01
9.992105e-01 1.079096e-02 -3.823584e-02 -1.633363e+00 -1.148611e-02 9.997718e-01 -1.800793e-02 -9.555630e-01 3.803279e-02 1.843289e-02 9.991064e-01 2.942293e+01
9.992215e-01 9.086312e-03 -3.839229e-02 -1.680971e+00 -9.596057e-03 9.998679e-01 -1.311391e-02 -9.838377e-01 3.826806e-02 1.347211e-02 9.991766e-01 3.039839e+01
9.992105e-01 5.838117e-03 -3.929763e-02 -1.728893e+00 -6.198498e-03 9.999398e-01 -9.054940e-03 -1.011772e+00 3.924239e-02 9.291377e-03 9.991865e-01 3.137765e+01
9.991830e-01 -1.840283e-03 -4.037463e-02 -1.768976e+00 1.460769e-03 9.999545e-01 -9.427292e-03 -1.036363e+00 4.039014e-02 9.360611e-03 9.991401e-01 3.235714e+01
9.991063e-01 -4.894794e-03 -4.198475e-02 -1.815834e+00 4.337365e-03 9.999014e-01 -1.335777e-02 -1.059789e+00 4.204599e-02 1.316373e-02 9.990289e-01 3.333631e+01
9.990442e-01 -4.076714e-03 -4.352240e-02 -1.870663e+00 3.306848e-03 9.998370e-01 -1.774634e-02 -1.088016e+00 4.358766e-02 1.758545e-02 9.988948e-01 3.432021e+01
9.989620e-01 -3.501086e-03 -4.541814e-02 -1.929780e+00 2.639355e-03 9.998156e-01 -1.901940e-02 -1.129880e+00 4.547635e-02 1.887978e-02 9.987869e-01 3.533097e+01
9.989126e-01 -3.564847e-03 -4.648700e-02 -1.993748e+00 2.782576e-03 9.998536e-01 -1.688161e-02 -1.194548e+00 4.654037e-02 1.673390e-02 9.987762e-01 3.638751e+01
9.987592e-01 8.809214e-04 -4.979299e-02 -2.190967e+00 -1.403287e-03 9.999443e-01 -1.045676e-02 -1.349142e+00 4.978101e-02 1.051366e-02 9.987048e-01 3.950365e+01
9.987569e-01 4.894213e-04 -4.984526e-02 -2.256115e+00 -8.210333e-04 9.999776e-01 -6.632571e-03 -1.393047e+00 4.984090e-02 6.665250e-03 9.987349e-01 4.053855e+01
9.987132e-01 6.466500e-03 -5.030151e-02 -2.329940e+00 -6.722014e-03 9.999653e-01 -4.912121e-03 -1.426813e+00 5.026800e-02 5.243927e-03 9.987219e-01 4.156111e+01
9.987083e-01 6.676282e-03 -5.037160e-02 -2.465214e+00 -7.006772e-03 9.999550e-01 -6.387280e-03 -1.489501e+00 5.032669e-02 6.731971e-03 9.987101e-01 4.359302e+01
9.986535e-01 8.808468e-03 -5.112439e-02 -2.600016e+00 -9.296065e-03 9.999135e-01 -9.307503e-03 -1.559885e+00 5.103798e-02 9.770225e-03 9.986489e-01 4.559882e+01
9.986012e-01 6.863746e-03 -5.242779e-02 -2.661881e+00 -7.280160e-03 9.999434e-01 -7.755765e-03 -1.593756e+00 5.237159e-02 8.126598e-03 9.985945e-01 4.659803e+01
9.985540e-01 7.061951e-03 -5.329345e-02 -2.728914e+00 -7.431486e-03 9.999497e-01 -6.738977e-03 -1.629817e+00 5.324317e-02 7.125281e-03 9.985561e-01 4.759275e+01
9.985154e-01 9.830435e-03 -5.357609e-02 -2.800794e+00 -1.032218e-02 9.999070e-01 -8.909522e-03 -1.664529e+00 5.348352e-02 9.449317e-03 9.985240e-01 4.857856e+01
9.984686e-01 1.023790e-02 -5.436634e-02 -2.871336e+00 -1.103255e-02 9.998363e-01 -1.433651e-02 -1.697621e+00 5.421067e-02 1.491435e-02 9.984181e-01 4.955600e+01
9.984274e-01 1.026893e-02 -5.511221e-02 -3.002463e+00 -1.093885e-02 9.998697e-01 -1.186763e-02 -1.766742e+00 5.498316e-02 1.245183e-02 9.984096e-01 5.151845e+01
9.984285e-01 6.348755e-03 -5.568046e-02 -3.130185e+00 -6.799312e-03 9.999456e-01 -7.906116e-03 -1.830051e+00 5.562724e-02 8.272279e-03 9.984173e-01 5.346498e+01
9.984326e-01 3.282949e-03 -5.587138e-02 -3.191520e+00 -3.779690e-03 9.999542e-01 -8.787440e-03 -1.858398e+00 5.583997e-02 8.984842e-03 9.983992e-01 5.442804e+01
9.984068e-01 -1.460363e-04 -5.642638e-02 -3.248811e+00 -4.508913e-04 9.999441e-01 -1.056600e-02 -1.886487e+00 5.642476e-02 1.057461e-02 9.983508e-01 5.539178e+01
9.982641e-01 -4.382863e-03 -5.873397e-02 -3.371514e+00 4.075329e-03 9.999773e-01 -5.354817e-03 -1.938229e+00 5.875611e-02 5.106161e-03 9.982593e-01 5.731251e+01
9.982268e-01 -5.964740e-03 -5.922694e-02 -3.438994e+00 5.986946e-03 9.999820e-01 1.974663e-04 -1.956763e+00 5.922470e-02 -5.517038e-04 9.982445e-01 5.827400e+01
9.982022e-01 -4.407760e-03 -5.977459e-02 -3.511313e+00 4.547914e-03 9.999872e-01 2.208854e-03 -1.975962e+00 5.976408e-02 -2.476732e-03 9.982094e-01 5.922540e+01
9.979547e-01 -9.592105e-04 -6.391830e-02 -3.703384e+00 5.024105e-05 9.998989e-01 -1.422089e-02 -2.049159e+00 6.392547e-02 1.418860e-02 9.978538e-01 6.200632e+01
9.978643e-01 4.204986e-03 -6.518610e-02 -3.776035e+00 -5.092497e-03 9.998965e-01 -1.345487e-02 -2.078109e+00 6.512277e-02 1.375809e-02 9.977824e-01 6.291678e+01
9.977905e-01 7.492613e-03 -6.601519e-02 -3.843940e+00 -8.206300e-03 9.999107e-01 -1.054641e-02 -2.112094e+00 6.593028e-02 1.106485e-02 9.977628e-01 6.381519e+01
9.976764e-01 1.025448e-02 -6.735521e-02 -3.912602e+00 -1.087073e-02 9.999023e-01 -8.789172e-03 -2.145353e+00 6.725849e-02 9.500949e-03 9.976903e-01 6.469786e+01
9.973396e-01 1.318380e-02 -7.169363e-02 -4.114442e+00 -1.380046e-02 9.998718e-01 -8.112825e-03 -2.230822e+00 7.157748e-02 9.080646e-03 9.973937e-01 6.726455e+01
9.972258e-01 1.296774e-02 -7.329823e-02 -4.179994e+00 -1.352350e-02 9.998834e-01 -7.090915e-03 -2.258366e+00 7.319772e-02 8.062491e-03 9.972848e-01 6.809328e+01
9.971241e-01 1.256612e-02 -7.473754e-02 -4.244856e+00 -1.307757e-02 9.998942e-01 -6.357728e-03 -2.283310e+00 7.464974e-02 7.316829e-03 9.971829e-01 6.890994e+01
9.969894e-01 1.489953e-02 -7.609372e-02 -4.313021e+00 -1.525772e-02 9.998751e-01 -4.127928e-03 -2.307845e+00 7.602271e-02 5.276517e-03 9.970921e-01 6.971424e+01
9.962035e-01 2.236698e-02 -8.413330e-02 -4.709494e+00 -2.381956e-02 9.995833e-01 -1.630112e-02 -2.459523e+00 8.373364e-02 1.824325e-02 9.963211e-01 7.417539e+01
9.959529e-01 2.606958e-02 -8.601342e-02 -4.837515e+00 -2.697536e-02 9.995920e-01 -9.385091e-03 -2.525955e+00 8.573366e-02 1.166735e-02 9.962497e-01 7.550744e+01
9.959075e-01 2.291063e-02 -8.742661e-02 -4.891889e+00 -2.409575e-02 9.996312e-01 -1.252425e-02 -2.556654e+00 8.710742e-02 1.457961e-02 9.960922e-01 7.613828e+01
9.961635e-01 1.044107e-02 -8.688679e-02 -4.985837e+00 -1.249941e-02 9.996532e-01 -2.317957e-02 -2.616742e+00 8.661463e-02 2.417667e-02 9.959484e-01 7.734409e+01
9.991827e-01 1.624761e-02 -3.701415e-02 -5.235209e+00 -1.664974e-02 9.998054e-01 -1.058172e-02 -2.801727e+00 3.683502e-02 1.118935e-02 9.992587e-01 8.113538e+01
9.995878e-01 2.136933e-02 -1.917552e-02 -5.248892e+00 -2.156744e-02 9.997155e-01 -1.018473e-02 -2.822088e+00 1.895242e-02 1.059410e-02 9.997642e-01 8.162286e+01
9.959138e-01 1.420072e-02 8.918593e-02 -5.105620e+00 -1.367050e-02 9.998851e-01 -6.553178e-03 -2.895751e+00 -8.926873e-02 5.307184e-03 9.959934e-01 8.345454e+01
9.920007e-01 1.389449e-02 1.254661e-01 -5.029560e+00 -1.324753e-02 9.998943e-01 -5.989348e-03 -2.911918e+00 -1.255360e-01 4.279320e-03 9.920798e-01 8.388530e+01
8.470020e-01 1.463490e-02 5.313884e-01 -3.656380e+00 -4.922887e-03 9.997940e-01 -1.968841e-02 -3.030941e+00 -5.315670e-01 1.406015e-02 8.468995e-01 8.681210e+01
7.722941e-01 1.213857e-02 6.351492e-01 -3.115393e+00 -7.665609e-05 9.998192e-01 -1.901471e-02 -3.063358e+00 -6.352652e-01 1.463625e-02 7.721553e-01 8.734503e+01
7.306835e-01 1.139090e-02 6.826214e-01 -2.817803e+00 -2.276654e-04 9.998648e-01 -1.644104e-02 -3.074584e+00 -6.827163e-01 1.185778e-02 7.305872e-01 8.759401e+01
6.415606e-01 8.605910e-03 7.670241e-01 -2.182602e+00 5.801600e-03 9.998540e-01 -1.607086e-02 -3.093149e+00 -7.670504e-01 1.476039e-02 6.414170e-01 8.800813e+01
5.506435e-01 6.831839e-03 8.347126e-01 -1.511055e+00 1.267694e-02 9.997827e-01 -1.654562e-02 -3.116572e+00 -8.346443e-01 1.969233e-02 5.504372e-01 8.834349e+01
4.602983e-01 1.148164e-02 8.876901e-01 -8.110714e-01 8.704640e-03 9.998099e-01 -1.744550e-02 -3.138031e+00 -8.877216e-01 1.575715e-02 4.601108e-01 8.864159e+01
3.806252e-01 1.378826e-03 9.247284e-01 -7.268361e-02 3.173796e-02 9.993902e-01 -1.455374e-02 -3.150458e+00 -9.241845e-01 3.488851e-02 3.803494e-01 8.883995e+01
3.461082e-01 -2.337058e-03 9.381917e-01 3.020916e-01 3.764494e-02 9.992261e-01 -1.139850e-02 -3.156586e+00 -9.374390e-01 3.926327e-02 3.459283e-01 8.893047e+01
2.551133e-01 1.327093e-02 9.668201e-01 1.434583e+00 1.946154e-02 9.996327e-01 -1.885662e-02 -3.205997e+00 -9.667153e-01 2.362638e-02 2.547613e-01 8.921056e+01
2.298762e-01 1.514276e-02 9.731021e-01 1.832910e+00 2.080734e-02 9.995739e-01 -2.047003e-02 -3.222114e+00 -9.729974e-01 2.495324e-02 2.294632e-01 8.927715e+01
2.067350e-01 1.580712e-02 9.782693e-01 2.240743e+00 2.747050e-02 9.993815e-01 -2.195352e-02 -3.234217e+00 -9.780112e-01 3.141210e-02 2.061729e-01 8.932950e+01
1.870149e-01 2.174817e-02 9.821163e-01 2.662750e+00 3.631700e-02 9.989184e-01 -2.903574e-02 -3.232193e+00 -9.816855e-01 4.109762e-02 1.860228e-01 8.937210e+01
7.611140e-02 2.033196e-02 9.968920e-01 6.504623e+00 4.662512e-02 9.986258e-01 -2.392709e-02 -3.362740e+00 -9.960086e-01 4.830132e-02 7.505883e-02 8.963826e+01
5.340714e-02 2.263529e-02 9.983163e-01 8.800912e+00 5.292689e-02 9.982736e-01 -2.546577e-02 -3.426200e+00 -9.971692e-01 5.419782e-02 5.211692e-02 8.970167e+01
4.649404e-02 2.206005e-02 9.986750e-01 1.005978e+01 5.576839e-02 9.981395e-01 -2.464457e-02 -3.460292e+00 -9.973606e-01 5.684031e-02 4.517728e-02 8.971666e+01
4.330615e-02 2.144658e-02 9.988317e-01 1.071458e+01 5.731411e-02 9.980697e-01 -2.391518e-02 -3.477648e+00 -9.974165e-01 5.828281e-02 4.199336e-02 8.971954e+01
4.227179e-02 2.071974e-02 9.988913e-01 1.207462e+01 6.595748e-02 9.975460e-01 -2.348308e-02 -3.511618e+00 -9.969266e-01 6.687701e-02 4.080144e-02 8.972018e+01
4.410340e-02 2.054931e-02 9.988156e-01 1.278190e+01 6.780199e-02 9.974216e-01 -2.351448e-02 -3.529809e+00 -9.967235e-01 6.875874e-02 4.259640e-02 8.972729e+01
4.733313e-02 2.077681e-02 9.986631e-01 1.350501e+01 7.020740e-02 9.972418e-01 -2.407483e-02 -3.549541e+00 -9.964088e-01 7.125306e-02 4.574389e-02 8.973868e+01
5.870203e-02 1.722669e-02 9.981269e-01 1.577368e+01 7.228987e-02 9.971527e-01 -2.146141e-02 -3.621398e+00 -9.956546e-01 7.341427e-02 5.728957e-02 8.980526e+01
7.057071e-02 1.479215e-02 9.973971e-01 1.815651e+01 6.595721e-02 9.976326e-01 -1.946245e-02 -3.696455e+00 -9.953237e-01 6.715900e-02 6.942799e-02 8.992948e+01
7.513596e-02 2.442768e-02 9.968741e-01 1.976819e+01 5.827767e-02 9.978836e-01 -2.884490e-02 -3.758629e+00 -9.954688e-01 6.026278e-02 7.355335e-02 9.003338e+01
7.476584e-02 2.757564e-02 9.968198e-01 2.139947e+01 5.324229e-02 9.980814e-01 -3.160395e-02 -3.828201e+00 -9.957787e-01 5.543585e-02 7.315419e-02 9.013241e+01
7.437195e-02 2.433854e-02 9.969336e-01 2.303432e+01 5.132069e-02 9.982840e-01 -2.820007e-02 -3.908789e+00 -9.959091e-01 5.326060e-02 7.299525e-02 9.022769e+01
7.410208e-02 2.327013e-02 9.969792e-01 2.466660e+01 4.734121e-02 9.985185e-01 -2.682478e-02 -3.991884e+00 -9.961263e-01 4.918596e-02 7.289066e-02 9.031732e+01
7.273598e-02 2.538877e-02 9.970281e-01 2.628880e+01 4.182689e-02 9.987188e-01 -2.848322e-02 -4.070675e+00 -9.964737e-01 4.377433e-02 7.158085e-02 9.041153e+01
6.591466e-02 2.417630e-02 9.975324e-01 2.790992e+01 3.637502e-02 9.989837e-01 -2.661506e-02 -4.149285e+00 -9.971620e-01 3.803957e-02 6.496825e-02 9.049922e+01
6.089788e-02 2.167742e-02 9.979086e-01 2.872180e+01 3.431028e-02 9.991278e-01 -2.379771e-02 -4.189372e+00 -9.975541e-01 3.568775e-02 6.010101e-02 9.053737e+01
5.454557e-02 1.931204e-02 9.983245e-01 2.953344e+01 3.223633e-02 9.992577e-01 -2.109140e-02 -4.227712e+00 -9.979907e-01 3.333275e-02 5.388253e-02 9.056802e+01
4.700058e-02 1.930296e-02 9.987084e-01 3.034032e+01 3.172229e-02 9.992801e-01 -2.080691e-02 -4.264420e+00 -9.983910e-01 3.265924e-02 4.635441e-02 9.058889e+01
3.816210e-02 2.033872e-02 9.990646e-01 3.114204e+01 3.120822e-02 9.992809e-01 -2.153522e-02 -4.298961e+00 -9.987841e-01 3.200084e-02 3.749992e-02 9.060259e+01
2.806847e-02 2.112184e-02 9.993829e-01 3.194324e+01 3.180308e-02 9.992517e-01 -2.201229e-02 -4.332533e+00 -9.990999e-01 3.240129e-02 2.737573e-02 9.060409e+01
6.968081e-03 1.874427e-02 9.998001e-01 3.353267e+01 3.197931e-02 9.993087e-01 -1.895795e-02 -4.400925e+00 -9.994642e-01 3.210501e-02 6.363835e-03 9.058651e+01
-4.213761e-03 1.806636e-02 9.998279e-01 3.432424e+01 3.337770e-02 9.992822e-01 -1.791584e-02 -4.430514e+00 -9.994339e-01 3.329646e-02 -4.813748e-03 9.056241e+01
-2.648072e-02 1.872506e-02 9.994740e-01 3.588915e+01 3.400306e-02 9.992628e-01 -1.782022e-02 -4.490465e+00 -9.990708e-01 3.351327e-02 -2.709790e-02 9.049003e+01
-3.725612e-02 1.985515e-02 9.991085e-01 3.666363e+01 3.374649e-02 9.992573e-01 -1.859973e-02 -4.519810e+00 -9.987357e-01 3.302344e-02 -3.789849e-02 9.044253e+01
-4.758921e-02 2.088992e-02 9.986486e-01 3.743083e+01 3.458039e-02 9.992164e-01 -1.925393e-02 -4.548257e+00 -9.982682e-01 3.361737e-02 -4.827430e-02 9.038673e+01
-5.718399e-02 2.164931e-02 9.981289e-01 3.818958e+01 3.548667e-02 9.991771e-01 -1.963898e-02 -4.577147e+00 -9.977327e-01 3.429723e-02 -5.790519e-02 9.032361e+01
-6.683215e-02 2.208670e-02 9.975198e-01 3.894049e+01 3.617941e-02 9.991511e-01 -1.969887e-02 -4.607065e+00 -9.971080e-01 3.477315e-02 -6.757450e-02 9.025165e+01
-9.242347e-02 2.068885e-02 9.955049e-01 4.114574e+01 3.988263e-02 9.990587e-01 -1.705998e-02 -4.692210e+00 -9.949207e-01 3.812660e-02 -9.316159e-02 9.000290e+01
-1.017231e-01 1.749021e-02 9.946590e-01 4.257483e+01 4.579707e-02 9.988677e-01 -1.288059e-02 -4.746579e+00 -9.937580e-01 4.424220e-02 -1.024090e-01 8.981611e+01
-1.045887e-01 1.626385e-02 9.943826e-01 4.327463e+01 4.754502e-02 9.988048e-01 -1.133542e-02 -4.770015e+00 -9.933784e-01 4.609237e-02 -1.052369e-01 8.972399e+01
-9.900439e-02 1.888729e-02 9.949078e-01 4.654259e+01 5.067771e-02 9.986181e-01 -1.391474e-02 -4.880596e+00 -9.937957e-01 4.904201e-02 -9.982473e-02 8.930650e+01
-3.001449e-02 2.349433e-02 9.992733e-01 4.936647e+01 4.565938e-02 9.987123e-01 -2.210970e-02 -5.001409e+00 -9.985060e-01 4.496258e-02 -3.104857e-02 8.912113e+01
2.161174e-02 2.824599e-02 9.993674e-01 5.041670e+01 4.145875e-02 9.987156e-01 -2.912415e-02 -5.056479e+00 -9.989064e-01 4.206193e-02 2.041294e-02 8.914842e+01
2.747903e-01 1.261810e-02 9.614214e-01 5.343056e+01 2.372844e-02 9.995203e-01 -1.990011e-02 -5.228395e+00 -9.612113e-01 2.828138e-02 2.743591e-01 8.975037e+01
3.285181e-01 1.239074e-02 9.444164e-01 5.388945e+01 2.179716e-02 9.995481e-01 -2.069628e-02 -5.254058e+00 -9.442461e-01 2.738469e-02 3.280996e-01 8.994526e+01
4.443980e-01 1.583459e-02 8.956895e-01 5.473889e+01 2.326734e-02 9.993024e-01 -2.921047e-02 -5.307765e+00 -8.955272e-01 3.382138e-02 4.437196e-01 9.038860e+01
6.156356e-01 2.682680e-02 7.875742e-01 5.583593e+01 1.377101e-02 9.989015e-01 -4.478976e-02 -5.389737e+00 -7.879106e-01 3.841985e-02 6.145899e-01 9.127112e+01
6.681238e-01 2.787792e-02 7.435277e-01 5.615845e+01 1.109601e-02 9.988134e-01 -4.742037e-02 -5.418165e+00 -7.439674e-01 3.993286e-02 6.670216e-01 9.162030e+01
7.170289e-01 2.626286e-02 6.965485e-01 5.644855e+01 9.622649e-03 9.988218e-01 -4.756544e-02 -5.448053e+00 -6.969770e-01 4.080842e-02 7.159313e-01 9.196615e+01
9.196509e-01 1.403544e-02 3.924860e-01 5.768438e+01 -8.629860e-03 9.998421e-01 -1.553372e-02 -5.612666e+00 -3.926420e-01 1.089850e-02 9.196268e-01 9.450798e+01
9.575689e-01 2.703186e-02 2.869340e-01 5.804176e+01 -2.398075e-02 9.996123e-01 -1.414319e-02 -5.648502e+00 -2.872051e-01 6.662179e-03 9.578459e-01 9.592488e+01
9.641795e-01 2.129999e-02 2.643943e-01 5.816224e+01 -1.820981e-02 9.997343e-01 -1.413344e-02 -5.661977e+00 -2.646251e-01 8.812601e-03 9.643110e-01 9.640217e+01
9.684686e-01 1.824212e-02 2.484671e-01 5.827731e+01 -1.542480e-02 9.997928e-01 -1.328105e-02 -5.680139e+00 -2.486579e-01 9.029716e-03 9.685492e-01 9.688437e+01
9.715089e-01 2.227795e-02 2.359539e-01 5.838327e+01 -1.962485e-02 9.997151e-01 -1.358695e-02 -5.692607e+00 -2.361893e-01 8.569285e-03 9.716692e-01 9.738035e+01
9.747832e-01 3.487426e-02 2.204121e-01 5.858946e+01 -3.249051e-02 9.993678e-01 -1.443214e-02 -5.712881e+00 -2.207760e-01 6.906903e-03 9.753000e-01 9.840345e+01
9.748460e-01 4.206880e-02 2.188736e-01 5.894036e+01 -3.790111e-02 9.990119e-01 -2.320746e-02 -5.778487e+00 -2.196337e-01 1.432814e-02 9.754771e-01 1.000024e+02
9.731349e-01 4.014621e-02 2.267087e-01 5.920976e+01 -3.294070e-02 9.988274e-01 -3.547901e-02 -5.818562e+00 -2.278672e-01 2.705792e-02 9.733161e-01 1.011106e+02
9.703452e-01 4.844800e-02 2.368188e-01 5.947979e+01 -4.230693e-02 9.986252e-01 -3.094804e-02 -5.872668e+00 -2.379925e-01 2.001121e-02 9.710608e-01 1.022853e+02
9.692780e-01 4.541030e-02 2.417398e-01 5.963546e+01 -4.019101e-02 9.988410e-01 -2.648059e-02 -5.900971e+00 -2.426622e-01 1.595128e-02 9.699797e-01 1.028883e+02
9.677060e-01 3.817011e-02 2.491753e-01 5.996454e+01 -3.530703e-02 9.992492e-01 -1.595117e-02 -5.953554e+00 -2.495970e-01 6.638405e-03 9.683270e-01 1.041244e+02
9.670771e-01 3.374565e-02 2.522366e-01 6.013424e+01 -3.096203e-02 9.994080e-01 -1.499784e-02 -5.975190e+00 -2.525933e-01 6.694307e-03 9.675493e-01 1.047544e+02
9.670770e-01 3.012062e-02 2.526952e-01 6.030914e+01 -2.652167e-02 9.994926e-01 -1.763722e-02 -5.998250e+00 -2.530982e-01 1.035465e-02 9.673851e-01 1.053923e+02
9.674264e-01 3.108975e-02 2.512362e-01 6.064973e+01 -2.389677e-02 9.992139e-01 -3.163137e-02 -6.049018e+00 -2.520221e-01 2.459729e-02 9.674088e-01 1.066923e+02
9.685648e-01 3.339321e-02 2.465099e-01 6.099510e+01 -2.633527e-02 9.991449e-01 -3.187395e-02 -6.103151e+00 -2.473634e-01 2.438008e-02 9.686159e-01 1.080547e+02
9.690741e-01 2.877873e-02 2.450863e-01 6.117722e+01 -2.348928e-02 9.994243e-01 -2.447838e-02 -6.135437e+00 -2.456496e-01 1.796446e-02 9.691922e-01 1.087607e+02
9.700047e-01 3.237650e-02 2.409204e-01 6.152759e+01 -2.883405e-02 9.994182e-01 -1.821556e-02 -6.198021e+00 -2.413700e-01 1.072247e-02 9.703739e-01 1.102002e+02
9.711702e-01 3.945438e-02 2.350997e-01 6.187414e+01 -3.375909e-02 9.990320e-01 -2.820239e-02 -6.252301e+00 -2.359848e-01 1.945256e-02 9.715620e-01 1.116692e+02
9.731405e-01 3.672904e-02 2.272633e-01 6.223417e+01 -3.078898e-02 9.990867e-01 -2.962862e-02 -6.315240e+00 -2.281439e-01 2.183560e-02 9.733825e-01 1.131891e+02
9.741028e-01 3.235463e-02 2.237790e-01 6.241758e+01 -2.673172e-02 9.992473e-01 -2.811183e-02 -6.351409e+00 -2.245201e-01 2.140181e-02 9.742344e-01 1.139649e+02
9.745476e-01 3.082445e-02 2.220517e-01 6.260024e+01 -2.588369e-02 9.993491e-01 -2.512708e-02 -6.387404e+00 -2.226817e-01 1.874001e-02 9.747110e-01 1.147551e+02
9.751303e-01 2.794458e-02 2.198640e-01 6.333463e+01 -2.375350e-02 9.994826e-01 -2.168323e-02 -6.517585e+00 -2.203562e-01 1.592143e-02 9.752895e-01 1.180121e+02
9.748174e-01 3.407297e-02 2.203864e-01 6.351246e+01 -2.930179e-02 9.992608e-01 -2.488311e-02 -6.551031e+00 -2.210713e-01 1.779877e-02 9.750952e-01 1.188364e+02
9.734172e-01 4.884577e-02 2.237701e-01 6.387033e+01 -4.420333e-02 9.986916e-01 -2.571202e-02 -6.619743e+00 -2.247332e-01 1.513714e-02 9.743027e-01 1.205026e+02
9.719058e-01 5.218735e-02 2.295117e-01 6.425325e+01 -4.802517e-02 9.985652e-01 -2.368740e-02 -6.695256e+00 -2.304186e-01 1.199958e-02 9.730176e-01 1.221809e+02
9.716103e-01 4.466236e-02 2.323333e-01 6.465586e+01 -3.970179e-02 9.988736e-01 -2.598590e-02 -6.752867e+00 -2.332322e-01 1.602412e-02 9.722890e-01 1.238767e+02
9.715160e-01 3.673359e-02 2.341097e-01 6.506629e+01 -3.144821e-02 9.991600e-01 -2.627103e-02 -6.818192e+00 -2.348781e-01 1.816039e-02 9.718551e-01 1.255712e+02
9.707950e-01 4.129353e-02 2.363301e-01 6.545904e+01 -3.782412e-02 9.991000e-01 -1.919733e-02 -6.878751e+00 -2.369101e-01 9.697688e-03 9.714831e-01 1.272746e+02
9.701141e-01 4.431270e-02 2.385687e-01 6.586477e+01 -4.089052e-02 9.989776e-01 -1.927718e-02 -6.955017e+00 -2.391791e-01 8.945864e-03 9.709342e-01 1.289410e+02
9.706399e-01 3.734387e-02 2.376208e-01 6.629836e+01 -2.778327e-02 9.986688e-01 -4.345839e-02 -7.046839e+00 -2.389273e-01 3.558056e-02 9.703853e-01 1.305573e+02
9.711965e-01 2.941011e-02 2.364583e-01 6.672265e+01 -2.649658e-02 9.995289e-01 -1.549055e-02 -7.134533e+00 -2.368024e-01 8.779029e-03 9.715181e-01 1.322254e+02
9.715736e-01 2.883383e-02 2.349753e-01 6.713546e+01 -2.883399e-02 9.995783e-01 -3.435808e-03 -7.203471e+00 -2.349753e-01 -3.437134e-03 9.719952e-01 1.338675e+02
9.719789e-01 3.798216e-02 2.319793e-01 6.753946e+01 -3.220590e-02 9.990709e-01 -2.863797e-02 -7.240417e+00 -2.328515e-01 2.036440e-02 9.722990e-01 1.354599e+02
9.725903e-01 3.392131e-02 2.300382e-01 6.774822e+01 -2.784568e-02 9.991736e-01 -2.960745e-02 -7.275568e+00 -2.308524e-01 2.239035e-02 9.727311e-01 1.362625e+02
9.740244e-01 3.316910e-02 2.240007e-01 6.812659e+01 -2.766976e-02 9.992347e-01 -2.764591e-02 -7.329594e+00 -2.247463e-01 2.072974e-02 9.741967e-01 1.378726e+02
9.751147e-01 3.373626e-02 2.191191e-01 6.831148e+01 -2.785670e-02 9.991656e-01 -2.986795e-02 -7.347445e+00 -2.199439e-01 2.302074e-02 9.752408e-01 1.386688e+02
9.758225e-01 4.488478e-02 2.139062e-01 6.865535e+01 -3.922057e-02 9.987603e-01 -3.065279e-02 -7.400654e+00 -2.150169e-01 2.152215e-02 9.763731e-01 1.402662e+02
9.764697e-01 4.461131e-02 2.109903e-01 6.901055e+01 -4.067802e-02 9.989087e-01 -2.294787e-02 -7.461305e+00 -2.117838e-01 1.382523e-02 9.772187e-01 1.418662e+02
9.774640e-01 4.156360e-02 2.069702e-01 6.935983e+01 -3.690635e-02 9.989722e-01 -2.631422e-02 -7.522327e+00 -2.078512e-01 1.808269e-02 9.779932e-01 1.434510e+02
9.785757e-01 3.715735e-02 2.025067e-01 6.953255e+01 -3.191867e-02 9.990675e-01 -2.907493e-02 -7.548491e+00 -2.033982e-01 2.198827e-02 9.788491e-01 1.442346e+02
9.800402e-01 3.397379e-02 1.958750e-01 6.969416e+01 -2.847149e-02 9.991187e-01 -3.083931e-02 -7.579826e+00 -1.967501e-01 2.464691e-02 9.801438e-01 1.450284e+02
9.825216e-01 3.087594e-02 1.835705e-01 6.999277e+01 -2.824613e-02 9.994577e-01 -1.692414e-02 -7.645990e+00 -1.839935e-01 1.144318e-02 9.828608e-01 1.466342e+02
9.833609e-01 2.646368e-02 1.797248e-01 7.013150e+01 -2.542474e-02 9.996440e-01 -8.082177e-03 -7.668862e+00 -1.798747e-01 3.378240e-03 9.836837e-01 1.474395e+02
9.845163e-01 3.687818e-02 1.713701e-01 7.037981e+01 -3.585879e-02 9.993159e-01 -9.041220e-03 -7.712080e+00 -1.715862e-01 2.756104e-03 9.851652e-01 1.490330e+02
9.869512e-01 3.436872e-02 1.573096e-01 7.063407e+01 -3.068028e-02 9.991958e-01 -2.581629e-02 -7.751909e+00 -1.580703e-01 2.065311e-02 9.872118e-01 1.506153e+02
9.888875e-01 3.991791e-02 1.432067e-01 7.085703e+01 -3.731589e-02 9.990868e-01 -2.081080e-02 -7.812429e+00 -1.439066e-01 1.523565e-02 9.894739e-01 1.522370e+02
9.909259e-01 4.849401e-02 1.253563e-01 7.105219e+01 -4.546236e-02 9.986028e-01 -2.693473e-02 -7.868414e+00 -1.264873e-01 2.099133e-02 9.917460e-01 1.538549e+02
9.920486e-01 4.708364e-02 1.167168e-01 7.114828e+01 -4.394991e-02 9.986045e-01 -2.928025e-02 -7.891249e+00 -1.179326e-01 2.391773e-02 9.927335e-01 1.546649e+02
9.935935e-01 5.028742e-02 1.012092e-01 7.130611e+01 -4.847236e-02 9.986179e-01 -2.031541e-02 -7.939937e+00 -1.020909e-01 1.527941e-02 9.946577e-01 1.563078e+02
9.949035e-01 5.253998e-02 8.606248e-02 7.143075e+01 -5.185407e-02 9.986027e-01 -1.018773e-02 -7.990297e+00 -8.647748e-02 5.673120e-03 9.962376e-01 1.579586e+02
9.958028e-01 5.184121e-02 7.542759e-02 7.154565e+01 -5.127576e-02 9.986401e-01 -9.415322e-03 -8.036337e+00 -7.581312e-02 5.508196e-03 9.971068e-01 1.596018e+02
9.957357e-01 6.336806e-02 6.704397e-02 7.162754e+01 -6.207913e-02 9.978473e-01 -2.113905e-02 -8.085177e+00 -6.823918e-02 1.688687e-02 9.975260e-01 1.612383e+02
9.959250e-01 6.612540e-02 6.132616e-02 7.170556e+01 -6.512064e-02 9.977106e-01 -1.824263e-02 -8.124046e+00 -6.239206e-02 1.417469e-02 9.979510e-01 1.628891e+02
9.960001e-01 6.906583e-02 5.669062e-02 7.177540e+01 -6.916226e-02 9.976054e-01 -2.616200e-04 -8.158203e+00 -5.657294e-02 -3.660277e-03 9.983917e-01 1.645638e+02
9.964269e-01 6.676599e-02 5.172834e-02 7.181125e+01 -6.671062e-02 9.977684e-01 -2.798170e-03 -8.173449e+00 -5.179972e-02 -6.626575e-04 9.986572e-01 1.653868e+02
9.979389e-01 5.110589e-02 3.881003e-02 7.188912e+01 -5.043294e-02 9.985629e-01 -1.812578e-02 -8.197125e+00 -3.968059e-02 1.613112e-02 9.990821e-01 1.670187e+02
9.982641e-01 5.341943e-02 2.480255e-02 7.191447e+01 -5.316930e-02 9.985288e-01 -1.063788e-02 -8.225974e+00 -2.533433e-02 9.300678e-03 9.996357e-01 1.686811e+02
9.986378e-01 4.912776e-02 1.758187e-02 7.193066e+01 -4.903568e-02 9.987811e-01 -5.630728e-03 -8.240659e+00 -1.783706e-02 4.760919e-03 9.998295e-01 1.695173e+02
9.990975e-01 4.078690e-02 1.185966e-02 7.194420e+01 -4.075076e-02 9.991640e-01 -3.273653e-03 -8.251269e+00 -1.198327e-02 2.787409e-03 9.999243e-01 1.703582e+02
9.994607e-01 3.283240e-02 -5.780755e-04 7.194712e+01 -3.283589e-02 9.994309e-01 -7.716679e-03 -8.281895e+00 3.243895e-04 7.731499e-03 9.999700e-01 1.720379e+02
9.996479e-01 2.528590e-02 -8.050398e-03 7.194423e+01 -2.542603e-02 9.995181e-01 -1.780696e-02 -8.295895e+00 7.596253e-03 1.800538e-02 9.998090e-01 1.728670e+02
9.996436e-01 1.605209e-02 -2.133065e-02 7.192242e+01 -1.640104e-02 9.997328e-01 -1.628577e-02 -8.332767e+00 2.106353e-02 1.662980e-02 9.996398e-01 1.745517e+02
9.993113e-01 2.637007e-02 -2.610724e-02 7.188077e+01 -2.645667e-02 9.996455e-01 -2.976997e-03 -8.350218e+00 2.601948e-02 3.665657e-03 9.996547e-01 1.754112e+02
9.990013e-01 3.251977e-02 -3.064244e-02 7.183806e+01 -3.236068e-02 9.994601e-01 5.673991e-03 -8.369208e+00 3.081041e-02 -4.676713e-03 9.995143e-01 1.762661e+02
9.988864e-01 3.211212e-02 -3.456697e-02 7.180048e+01 -3.201024e-02 9.994814e-01 3.496713e-03 -8.380943e+00 3.466132e-02 -2.386321e-03 9.993962e-01 1.771104e+02
9.982576e-01 4.360448e-02 -3.975662e-02 7.170504e+01 -4.429609e-02 9.988791e-01 -1.668374e-02 -8.408732e+00 3.898457e-02 1.841573e-02 9.990700e-01 1.787853e+02
9.983190e-01 3.709972e-02 -4.452873e-02 7.162938e+01 -3.785446e-02 9.991515e-01 -1.622741e-02 -8.451315e+00 4.388891e-02 1.788574e-02 9.988762e-01 1.804893e+02
9.982984e-01 3.770733e-02 -4.448140e-02 7.158675e+01 -3.805675e-02 9.992508e-01 -7.034446e-03 -8.471918e+00 4.418282e-02 8.715292e-03 9.989854e-01 1.813511e+02
9.982447e-01 3.981282e-02 -4.384633e-02 7.153819e+01 -3.987331e-02 9.992046e-01 -5.053899e-04 -8.495182e+00 4.379133e-02 2.252801e-03 9.990381e-01 1.822141e+02
9.981548e-01 3.713477e-02 -4.804330e-02 7.145164e+01 -3.766269e-02 9.992391e-01 -1.012985e-02 -8.543212e+00 4.763058e-02 1.192060e-02 9.987938e-01 1.839180e+02
9.983567e-01 2.690662e-02 -5.059681e-02 7.141963e+01 -2.803423e-02 9.993712e-01 -2.171003e-02 -8.567846e+00 4.998085e-02 2.309279e-02 9.984831e-01 1.847628e+02
9.983890e-01 1.720848e-02 -5.406808e-02 7.134131e+01 -1.842183e-02 9.995877e-01 -2.202345e-02 -8.625507e+00 5.366680e-02 2.298400e-02 9.982943e-01 1.864714e+02
9.982214e-01 2.292478e-02 -5.503216e-02 7.128399e+01 -2.362423e-02 9.996477e-01 -1.209310e-02 -8.659180e+00 5.473554e-02 1.337168e-02 9.984113e-01 1.873332e+02
9.980787e-01 2.529689e-02 -5.656048e-02 7.122920e+01 -2.571834e-02 9.996465e-01 -6.735662e-03 -8.688115e+00 5.637009e-02 8.177361e-03 9.983764e-01 1.881818e+02
9.980717e-01 2.293392e-02 -5.768076e-02 7.118264e+01 -2.358163e-02 9.996660e-01 -1.057360e-02 -8.712856e+00 5.741900e-02 1.191341e-02 9.982790e-01 1.890202e+02
9.980532e-01 2.327322e-02 -5.786424e-02 7.113685e+01 -2.430321e-02 9.995573e-01 -1.716040e-02 -8.736466e+00 5.743924e-02 1.853328e-02 9.981769e-01 1.898562e+02
9.978588e-01 3.003041e-02 -5.810388e-02 7.107577e+01 -3.115242e-02 9.993434e-01 -1.850161e-02 -8.761375e+00 5.751011e-02 2.027207e-02 9.981390e-01 1.906947e+02
9.977393e-01 3.329039e-02 -5.837976e-02 7.101964e+01 -3.417387e-02 9.993150e-01 -1.420047e-02 -8.788561e+00 5.786702e-02 1.616343e-02 9.981934e-01 1.915357e+02
9.975674e-01 3.693481e-02 -5.912010e-02 7.096425e+01 -3.766129e-02 9.992275e-01 -1.122112e-02 -8.816710e+00 5.865998e-02 1.342036e-02 9.981878e-01 1.923732e+02
9.972334e-01 4.411351e-02 -5.982968e-02 7.084733e+01 -4.469685e-02 9.989649e-01 -8.446293e-03 -8.861377e+00 5.939515e-02 1.109712e-02 9.981728e-01 1.940400e+02
9.972752e-01 4.218303e-02 -6.052129e-02 7.079115e+01 -4.291190e-02 9.990205e-01 -1.079394e-02 -8.884907e+00 6.000668e-02 1.336161e-02 9.981085e-01 1.948635e+02
9.971203e-01 4.409215e-02 -6.170116e-02 7.073224e+01 -4.521326e-02 9.988345e-01 -1.689265e-02 -8.906076e+00 6.088441e-02 1.963371e-02 9.979516e-01 1.956763e+02
9.969926e-01 4.514267e-02 -6.299117e-02 7.067083e+01 -4.633030e-02 9.987725e-01 -1.752171e-02 -8.923746e+00 6.212287e-02 2.038741e-02 9.978602e-01 1.964897e+02
9.971780e-01 4.511427e-02 -6.000663e-02 7.062911e+01 -4.628586e-02 9.987610e-01 -1.827907e-02 -8.938874e+00 5.910763e-02 2.100494e-02 9.980305e-01 1.971957e+02
9.973545e-01 4.508963e-02 -5.701710e-02 7.058733e+01 -4.624100e-02 9.987489e-01 -1.903726e-02 -8.954024e+00 5.608737e-02 2.162342e-02 9.981916e-01 1.979026e+02
9.975218e-01 4.506880e-02 -5.402910e-02 7.054557e+01 -4.619582e-02 9.987362e-01 -1.979462e-02 -8.969162e+00 5.306869e-02 2.224148e-02 9.983431e-01 1.986091e+02
9.976800e-01 4.505178e-02 -5.104010e-02 7.050380e+01 -4.615029e-02 9.987230e-01 -2.055182e-02 -8.984301e+00 5.004903e-02 2.285965e-02 9.984851e-01 1.993157e+02
9.978290e-01 4.503855e-02 -4.805043e-02 7.046202e+01 -4.610441e-02 9.987093e-01 -2.130877e-02 -8.999441e+00 4.702870e-02 2.347784e-02 9.986175e-01 2.000222e+02
9.979689e-01 4.502913e-02 -4.506211e-02 7.042027e+01 -4.605821e-02 9.986950e-01 -2.206497e-02 -9.014570e+00 4.400973e-02 2.409563e-02 9.987404e-01 2.007284e+02
9.980995e-01 4.502350e-02 -4.207462e-02 7.037852e+01 -4.601169e-02 9.986802e-01 -2.282056e-02 -9.029691e+00 4.099163e-02 2.471311e-02 9.988538e-01 2.014342e+02
9.982214e-01 4.502167e-02 -3.907941e-02 7.033667e+01 -4.596471e-02 9.986648e-01 -2.357770e-02 -9.044849e+00 3.796572e-02 2.533204e-02 9.989578e-01 2.021417e+02
9.984373e-01 4.502940e-02 -3.309705e-02 7.025308e+01 -4.586987e-02 9.986323e-01 -2.508878e-02 -9.075116e+00 3.192205e-02 2.656773e-02 9.991371e-01 2.035546e+02
9.986166e-01 4.505231e-02 -2.711672e-02 7.016952e+01 -4.577371e-02 9.985977e-01 -2.659784e-02 -9.105362e+00 2.588040e-02 2.780227e-02 9.992783e-01 2.049666e+02
9.986926e-01 4.506947e-02 -2.412324e-02 7.012768e+01 -4.572507e-02 9.985795e-01 -2.735266e-02 -9.120498e+00 2.285620e-02 2.841993e-02 9.993347e-01 2.056732e+02
9.988171e-01 4.511514e-02 -1.813963e-02 7.004406e+01 -4.562684e-02 9.985415e-01 -2.886037e-02 -9.150747e+00 1.681113e-02 2.965389e-02 9.994188e-01 2.070856e+02
9.989610e-01 4.486150e-02 -8.029166e-03 6.998606e+01 -4.507788e-02 9.985573e-01 -2.917563e-02 -9.185709e+00 6.708720e-03 2.950725e-02 9.995420e-01 2.084453e+02
9.994026e-01 3.430069e-02 4.241041e-03 6.999464e+01 -3.422306e-02 9.992663e-01 -1.719175e-02 -9.235771e+00 -4.827618e-03 1.703633e-02 9.998432e-01 2.097400e+02
9.995027e-01 2.847329e-02 1.355659e-02 7.001564e+01 -2.827301e-02 9.994915e-01 -1.474345e-02 -9.283511e+00 -1.396949e-02 1.435283e-02 9.997993e-01 2.110139e+02
9.993906e-01 3.173357e-02 1.454168e-02 7.002608e+01 -3.154475e-02 9.994173e-01 -1.303544e-02 -9.317034e+00 -1.494687e-02 1.256878e-02 9.998092e-01 2.122959e+02
9.993983e-01 3.193726e-02 1.353550e-02 7.003039e+01 -3.180250e-02 9.994435e-01 -1.005720e-02 -9.333416e+00 -1.384917e-02 9.620679e-03 9.998578e-01 2.129445e+02
9.990170e-01 4.213031e-02 1.378874e-02 7.001762e+01 -4.197964e-02 9.990574e-01 -1.103998e-02 -9.361494e+00 -1.424087e-02 1.045028e-02 9.998439e-01 2.142524e+02
9.989009e-01 4.575401e-02 1.018246e-02 7.000644e+01 -4.544509e-02 9.985532e-01 -2.874302e-02 -9.397152e+00 -1.148284e-02 2.824868e-02 9.995349e-01 2.155565e+02
9.991864e-01 4.023503e-02 2.775105e-03 7.000612e+01 -4.014078e-02 9.987944e-01 -2.825507e-02 -9.429329e+00 -3.908602e-03 2.812068e-02 9.995968e-01 2.168933e+02
9.989962e-01 4.456999e-02 -4.497923e-03 6.997211e+01 -4.457970e-02 9.990036e-01 -2.080989e-03 -9.473975e+00 4.400691e-03 2.279416e-03 9.999877e-01 2.182707e+02
9.992283e-01 3.837875e-02 -8.362817e-03 6.996763e+01 -3.830045e-02 9.992227e-01 9.330271e-03 -9.487565e+00 8.714400e-03 -9.002769e-03 9.999214e-01 2.189643e+02
9.990883e-01 4.036912e-02 -1.389429e-02 6.993436e+01 -4.034287e-02 9.991835e-01 2.164684e-03 -9.510323e+00 1.397033e-02 -1.602174e-03 9.999011e-01 2.203174e+02
9.993118e-01 3.052516e-02 -2.107665e-02 6.996054e+01 -3.081390e-02 9.994338e-01 -1.351338e-02 -9.567751e+00 2.065221e-02 1.415353e-02 9.996865e-01 2.216247e+02
9.996015e-01 1.534279e-02 -2.369614e-02 6.998119e+01 -1.543214e-02 9.998744e-01 -3.592590e-03 -9.615886e+00 2.363804e-02 3.956841e-03 9.997127e-01 2.229918e+02
9.996094e-01 1.212864e-02 -2.518004e-02 6.998430e+01 -1.213886e-02 9.999263e-01 -2.531299e-04 -9.650603e+00 2.517511e-02 5.586885e-04 9.996828e-01 2.236723e+02
9.996062e-01 9.568085e-03 -2.638256e-02 6.998163e+01 -9.648184e-03 9.999492e-01 -2.910422e-03 -9.683750e+00 2.635337e-02 3.163819e-03 9.996476e-01 2.243537e+02
9.994670e-01 -8.991090e-03 -3.138530e-02 6.996118e+01 8.999502e-03 9.999595e-01 1.267407e-04 -9.818999e+00 3.138288e-02 -4.091245e-04 9.995073e-01 2.277732e+02
9.989381e-01 -2.157956e-02 -4.070775e-02 6.980096e+01 2.168150e-02 9.997628e-01 2.064218e-03 -1.005898e+01 4.065355e-02 -2.944630e-03 9.991689e-01 2.348182e+02
9.978259e-01 -2.916094e-02 -5.910287e-02 6.975496e+01 2.896311e-02 9.995716e-01 -4.201377e-03 -1.007841e+01 5.920007e-02 2.480440e-03 9.982430e-01 2.358968e+02
9.953043e-01 -3.131877e-02 -9.158957e-02 6.966405e+01 3.043549e-02 9.994759e-01 -1.102519e-02 -1.008899e+01 9.188686e-02 8.185844e-03 9.957358e-01 2.369317e+02
7.676768e-01 4.234926e-02 -6.394364e-01 6.700890e+01 -5.366195e-02 9.985577e-01 1.709552e-03 -1.018416e+01 6.385865e-01 3.300102e-02 7.688420e-01 2.428099e+02
7.298087e-01 5.429701e-02 -6.814919e-01 6.667291e+01 -5.888986e-02 9.981288e-01 1.645961e-02 -1.017111e+01 6.811104e-01 2.812060e-02 7.316405e-01 2.430702e+02
4.625216e-01 7.638311e-02 -8.833116e-01 6.452042e+01 -5.635113e-02 9.968002e-01 5.669019e-02 -1.007158e+01 8.848154e-01 2.355517e-02 4.653459e-01 2.443200e+02
4.108591e-01 6.909842e-02 -9.090766e-01 6.414030e+01 -4.771502e-02 9.973869e-01 5.424594e-02 -1.004135e+01 9.104494e-01 2.108918e-02 4.130824e-01 2.444743e+02
9.339541e-02 6.112447e-02 -9.937511e-01 6.096195e+01 -3.577600e-02 9.976751e-01 5.800353e-02 -9.844318e+00 9.949861e-01 3.013517e-02 9.536506e-02 2.449414e+02
3.857869e-02 5.591526e-02 -9.976899e-01 5.994742e+01 -3.609550e-02 9.978595e-01 5.452904e-02 -9.779054e+00 9.986034e-01 3.390845e-02 4.051440e-02 2.449520e+02
-4.214587e-02 4.899243e-02 -9.979096e-01 5.534817e+01 -4.363390e-02 9.977538e-01 5.082763e-02 -9.534743e+00 9.981582e-01 4.568486e-02 -3.991346e-02 2.447709e+02
-4.177101e-02 4.275942e-02 -9.982118e-01 5.120668e+01 -3.860585e-02 9.982686e-01 4.437736e-02 -9.271451e+00 9.983810e-01 4.039050e-02 -4.004792e-02 2.444614e+02
-4.068132e-02 4.334719e-02 -9.982315e-01 4.966726e+01 -3.774082e-02 9.982789e-01 4.488733e-02 -9.176746e+00 9.984591e-01 3.950015e-02 -3.897534e-02 2.443343e+02
-3.668499e-02 5.022321e-02 -9.980641e-01 4.551505e+01 -2.858509e-02 9.982749e-01 5.128451e-02 -9.002662e+00 9.989179e-01 3.041113e-02 -3.518607e-02 2.441009e+02
-3.616752e-02 5.496909e-02 -9.978328e-01 4.465008e+01 -2.748700e-02 9.980536e-01 5.597756e-02 -8.966351e+00 9.989676e-01 2.945200e-02 -3.458619e-02 2.440565e+02
-3.699745e-02 5.340815e-02 -9.978872e-01 4.292179e+01 -2.705227e-02 9.981513e-01 5.442528e-02 -8.888812e+00 9.989491e-01 2.900871e-02 -3.548424e-02 2.439692e+02
-4.328305e-02 5.235258e-02 -9.976903e-01 4.031659e+01 -2.093080e-02 9.983594e-01 5.329574e-02 -8.777811e+00 9.988435e-01 2.318926e-02 -4.211626e-02 2.438403e+02
-4.653298e-02 5.881119e-02 -9.971840e-01 3.944834e+01 -1.901639e-02 9.980323e-01 5.974862e-02 -8.740525e+00 9.987357e-01 2.174312e-02 -4.532304e-02 2.437937e+02
-4.962930e-02 6.362340e-02 -9.967392e-01 3.857904e+01 -1.729574e-02 9.977646e-01 6.455004e-02 -8.699355e+00 9.986179e-01 2.044292e-02 -4.841794e-02 2.437424e+02
-5.359497e-02 6.149026e-02 -9.966677e-01 3.683197e+01 -1.382364e-02 9.979609e-01 6.231341e-02 -8.584315e+00 9.984670e-01 1.711726e-02 -5.263566e-02 2.437018e+02
-5.780494e-02 5.654442e-02 -9.967253e-01 3.509489e+01 -1.698818e-02 9.981944e-01 5.761300e-02 -8.481095e+00 9.981833e-01 2.026286e-02 -5.673998e-02 2.436298e+02
-6.055939e-02 5.494748e-02 -9.966511e-01 3.334194e+01 -2.093509e-02 9.981941e-01 5.630464e-02 -8.373309e+00 9.979450e-01 2.427476e-02 -5.929969e-02 2.435406e+02
-6.131504e-02 5.187698e-02 -9.967694e-01 3.247295e+01 -2.518677e-02 9.982500e-01 5.350338e-02 -8.324969e+00 9.978006e-01 2.838596e-02 -5.990112e-02 2.434890e+02
-6.115626e-02 4.728597e-02 -9.970075e-01 3.071981e+01 -2.926830e-02 9.983627e-01 4.914556e-02 -8.245801e+00 9.976989e-01 3.218627e-02 -5.967215e-02 2.433929e+02
