9.992504075550295850e-01 -9.661846738404171117e-03 3.748695398016096969e-02 -3.107829999999999968e-02 9.452495686033622266e-03 9.999387467923882555e-01 5.757863195098889518e-03 -6.407930000000000570e-02 -3.754028937571783631e-02 -5.399201873568658556e-03 9.992805288269734909e-01 8.952183999999999697e-01
9.993865748820427442e-01 -9.596241648059087442e-03 3.368064862456003616e-02 -3.001219999999999929e-02 9.456794841949327235e-03 9.999460503969350711e-01 4.297130075690272326e-03 -6.383220000000000560e-02 -3.372006786553523316e-02 -3.975983123980468027e-03 9.994234080615389537e-01 9.373962999999999601e-01
9.995511527057966417e-01 -8.226914480713947916e-03 2.880644029796322961e-02 -2.902249999999999969e-02 8.124824926364680386e-03 9.999602977961752348e-01 3.659241902417002812e-03 -6.389920000000000322e-02 -2.883540088899448281e-02 -3.423552177417539706e-03 9.995783105620387188e-01 9.803946999999999523e-01
9.998671500777934762e-01 -7.166165441992372771e-03 1.463995451390932671e-02 -2.853460000000000024e-02 7.123745512362248018e-03 9.999702813855810835e-01 2.947642365871313598e-03 -6.339380000000000015e-02 -1.466064272760367500e-02 -2.842959461542666003e-03 9.998884853503983150e-01 1.059733000000000036e+00
9.998412993248450009e-01 -4.245442138366650915e-03 1.730180295389787196e-02 -2.772229999999999833e-02 4.228220600438511827e-03 9.999905287039755342e-01 1.031820186627699972e-03 -6.360929999999999362e-02 -1.730601961629986765e-02 -9.585005963930448005e-04 9.998497801978289967e-01 1.168925200000000109e+00
9.999665887553939037e-01 -5.350277157520954251e-03 6.180283750662702094e-03 -2.720430000000000070e-02 5.317195516863044806e-03 9.999715153537178658e-01 5.356856636565853098e-03 -6.402069999999999983e-02 -6.208768375164873052e-03 -5.323815880266482940e-03 9.999665535305350961e-01 1.209421800000000102e+00
9.998949249824825580e-01 -5.947146599804760056e-03 1.322007721596899464e-02 -2.615699999999999970e-02 5.856073726143967706e-03 9.999589295593617200e-01 6.917051034187465808e-03 -6.424680000000000668e-02 -1.326067097811110644e-02 -6.838906478086848387e-03 9.998886857862701039e-01 1.241967299999999996e+00
9.999880027360610324e-01 -4.540611629630655725e-03 -1.837724128484354664e-03 -2.819920000000000065e-02 4.553702761124329111e-03 9.999638321235678751e-01 7.183191206714373278e-03 -6.448099999999999665e-02 1.805041580374091301e-03 -7.191473477511606954e-03 9.999725118892596187e-01 1.354274900000000059e+00
9.999654107545555837e-01 -7.392529779125968717e-03 -3.811534853271492194e-03 -2.817160000000000150e-02 7.416865636217304450e-03 9.999519454416485598e-01 6.410687295192993296e-03 -6.426790000000000280e-02 3.763960494913098139e-03 -6.438735196231146901e-03 9.999721872584584892e-01 1.403763099999999930e+00
9.999561475419878054e-01 -7.505550004965712459e-03 -5.600867085501685418e-03 -2.874430000000000041e-02 7.545787268975403562e-03 9.999456241842344939e-01 7.197900339209021246e-03 -6.431879999999999542e-02 5.546538332858222918e-03 -7.239847645135621783e-03 9.999584093944094976e-01 1.453442899999999982e+00
9.999332400856603131e-01 -7.041135092558256647e-03 -9.161756840337180116e-03 -2.975440000000000029e-02 7.084989028658542423e-03 9.999635576697236683e-01 4.763009864884507234e-03 -6.468069999999999375e-02 9.127885968662654073e-03 -4.827602833450955234e-03 9.999466865531508875e-01 1.554614699999999905e+00
9.999239275066819088e-01 -2.366258576692853183e-03 -1.210537153334008756e-02 -3.189270000000000299e-02 2.374451105733269441e-03 9.999969615726514993e-01 6.624404965373294077e-04 -6.524220000000000019e-02 1.210376724654167735e-02 -6.911337158597342543e-04 9.999265078757679781e-01 1.657857499999999984e+00
9.999083374587348638e-01 -1.757374586383464270e-03 -1.342491396889210035e-02 -3.273809999999999915e-02 1.772943974040333548e-03 9.999977694663888528e-01 1.147925046333973060e-03 -6.563629999999999465e-02 1.342286668986676472e-02 -1.171621444930201266e-03 9.999092228562630469e-01 1.710335500000000009e+00
9.998883882446646387e-01 -2.413658373737497063e-03 -1.474399222536606525e-02 -3.349889999999999812e-02 2.450202306418366224e-03 9.999939699671566151e-01 2.461003450433400016e-03 -6.591969999999999774e-02 1.473796329702276899e-02 -2.496854537274816824e-03 9.998882728361579986e-01 1.763116799999999929e+00
9.998494543225402431e-01 -1.899224661054973919e-03 -1.724707617555327338e-02 -3.579569999999999974e-02 1.973420415495745484e-03 9.999888681347461894e-01 4.285932623478447799e-03 -6.678109999999999602e-02 1.723874423449113513e-02 -4.319323127080546519e-03 9.998420721018603796e-01 1.869768300000000050e+00
9.998201564812893016e-01 -2.369691150442901784e-03 -1.881593095176440494e-02 -3.690279999999999949e-02 2.429286969897935956e-03 9.999921034817577103e-01 3.145081707597302025e-03 -6.690880000000000438e-02 1.880832949913248398e-02 -3.190225380923995997e-03 9.998180180430191744e-01 1.923396099999999942e+00
9.997954237798825083e-01 -3.688189494687518517e-03 -1.988737908967613127e-02 -3.812080000000000329e-02 3.735425929732633880e-03 9.999902887893650227e-01 2.338572232329463527e-03 -6.718699999999999672e-02 1.987856086160896818e-02 -2.412381647587700378e-03 9.997994915146024564e-01 1.977473899999999896e+00
9.997801835962424333e-01 -3.725807963963568507e-03 -2.063256753968307350e-02 -3.908919999999999756e-02 3.814960058984354346e-03 9.999835497166483789e-01 4.283266958748063562e-03 -6.770199999999999829e-02 2.061626949795408725e-02 -4.361037847487044851e-03 9.997779507375028629e-01 2.031996499999999983e+00
9.997878998531684047e-01 -2.493101775074283138e-03 -2.044357480310085920e-02 -4.066489999999999688e-02 2.648988128788801796e-03 9.999675982220593840e-01 7.601668757558758573e-03 -6.784479999999999678e-02 2.042396066105678018e-02 -7.654211229462535952e-03 9.997621091446556862e-01 2.087063800000000136e+00
9.998290531956434135e-01 -3.077472487228968476e-03 -1.823166336332456006e-02 -4.288240000000000107e-02 3.342083450522123113e-03 9.998892671646140151e-01 1.450116847777943585e-02 -6.806299999999999850e-02 1.818501757252349860e-02 -1.455962128977078204e-02 9.997286244595507965e-01 2.198117499999999946e+00
9.998581196062223952e-01 -2.979544336050516610e-03 -1.657899191925251564e-02 -4.395460000000000339e-02 3.229658270452514818e-03 9.998810754262996703e-01 1.507993076252598513e-02 -6.778149999999999453e-02 1.653208894741461932e-02 -1.513133569437903614e-02 9.997488348155945115e-01 2.253814000000000206e+00
9.998793154074129275e-01 -2.631680357642892688e-03 -1.531107046873226088e-02 -4.482370000000000104e-02 2.820451242742495236e-03 9.999201214368536039e-01 1.232054383926483969e-02 -6.785069999999999990e-02 1.527742370920571330e-02 -1.236224106718239978e-02 9.998068690105136325e-01 2.310008799999999862e+00
9.998957856706274239e-01 -1.500382192929121004e-03 -1.435850449712375819e-02 -4.602980000000000266e-02 1.607115465971718999e-03 9.999711443156127366e-01 7.424804105362263311e-03 -6.771399999999999642e-02 1.434695012878404487e-02 -7.447106109027251848e-03 9.998693442808430643e-01 2.365743399999999941e+00
9.999132654886743188e-01 -2.168377439944236401e-03 -1.299075205882547351e-02 -4.700639999999999680e-02 2.223517701239237192e-03 9.999885745325713948e-01 4.231639557944352759e-03 -6.759010000000000018e-02 1.298142784165953051e-02 -4.260157695910395809e-03 9.999066624378486479e-01 2.422200399999999920e+00
9.999116896762709761e-01 -4.780468154809276032e-03 -1.239999890990737576e-02 -4.753480000000000205e-02 4.844887197759318448e-03 9.999748974359595755e-01 5.170257825583590358e-03 -6.768609999999999904e-02 1.237497138525328437e-02 -5.229877834412090601e-03 9.999097501580086478e-01 2.479116400000000109e+00
9.998928969488530827e-01 -7.114409940984538910e-03 -1.278983199349714890e-02 -4.811839999999999867e-02 7.244220687351272253e-03 9.999224287828225588e-01 1.013201281552755101e-02 -6.787219999999999365e-02 1.271675657796494767e-02 -1.022358001155578705e-02 9.998668723954625692e-01 2.536777999999999977e+00
9.998462614398287984e-01 -1.099547806754990441e-02 -1.365843866859316885e-02 -4.873709999999999848e-02 1.118234483368408909e-02 9.998438773569240379e-01 1.368123078866908225e-02 -6.806879999999999875e-02 1.350587460397403849e-02 -1.383186082702819557e-02 9.998131180261856654e-01 2.594665099999999835e+00
9.997245975465157697e-01 -1.831200593893721890e-02 -1.467649477734446484e-02 -4.913789999999999825e-02 1.850306656856053750e-02 9.997444178589953712e-01 1.298982245213006412e-02 -6.800509999999999888e-02 1.443487402149768242e-02 -1.325780518301475711e-02 9.998079140583518987e-01 2.652210499999999804e+00
9.996544542551584200e-01 -2.069942153120541556e-02 -1.620203802288316605e-02 -4.980289999999999717e-02 2.085013232648697673e-02 9.997403837135615534e-01 9.188969160289899366e-03 -6.817639999999999811e-02 1.600762536385284471e-02 -9.523608587832967445e-03 9.998265133560303441e-01 2.709349599999999914e+00
9.996412618236465430e-01 -2.001875943496120649e-02 -1.779317088977949712e-02 -5.082280000000000131e-02 2.011110612403705852e-02 9.997851167866658173e-01 5.026297080425636520e-03 -6.794820000000000026e-02 1.768872720394160797e-02 -5.382334303824677126e-03 9.998290550925925668e-01 2.767663499999999832e+00
9.996241128007047338e-01 -1.878643067630854022e-02 -1.996755192426388076e-02 -5.213580000000000297e-02 1.887673495873370619e-02 9.998123828954391668e-01 4.343718020475706952e-03 -6.812210000000000487e-02 1.988220271251758126e-02 -4.719007457923544459e-03 9.997911926917091296e-01 2.825846199999999975e+00
9.996139473840863765e-01 -1.857178854205822349e-02 -2.066506388942727229e-02 -5.478029999999999705e-02 1.869245470199989295e-02 9.998092523647245100e-01 5.661362301096278631e-03 -6.850309999999999733e-02 2.055598045384160466e-02 -6.045457488037358530e-03 9.997704257034919495e-01 2.884262099999999940e+00
9.995971891492677619e-01 -1.474789784787284078e-02 -2.424786493594263681e-02 -6.224489999999999884e-02 1.504095383529978000e-02 9.998154880149601187e-01 1.194820627255900602e-02 -7.050410000000000010e-02 2.406717998867731467e-02 -1.230810442253172862e-02 9.996345739383550866e-01 3.059944400000000009e+00
9.995951736248710473e-01 -1.462266574261394600e-02 -2.440628018448785450e-02 -6.322129999999999417e-02 1.499227835173527756e-02 9.997746322979630396e-01 1.503050908308825595e-02 -6.987839999999999330e-02 2.418099368694408627e-02 -1.539033008263608962e-02 9.995891242326816473e-01 3.119049299999999914e+00
9.996497240144587293e-01 -9.018693797433459045e-03 -2.488156827863889642e-02 -6.588510000000000200e-02 9.450986317270830897e-03 9.998054770917503831e-01 1.731146541942993333e-02 -7.022559999999999913e-02 2.472060143781282943e-02 -1.754055699017263714e-02 9.995405047945916666e-01 3.177763899999999975e+00
9.996440351779882771e-01 -8.786869844163896007e-03 -2.519114629013041382e-02 -6.903220000000000189e-02 9.165821160424811667e-03 9.998459728084538867e-01 1.496724360634800466e-02 -6.868609999999999993e-02 2.505575094712064396e-02 -1.519281333586309721e-02 9.995706016922554227e-01 3.293467300000000098e+00
9.996377057070858774e-01 -7.198453662046129346e-03 -2.593529628804629172e-02 -7.348709999999999964e-02 7.531507758779973534e-03 9.998901338121439775e-01 1.276701593999994555e-02 -6.937300000000000411e-02 2.584054410326551421e-02 -1.295772240820701818e-02 9.995820945327297258e-01 3.408775299999999842e+00
9.995783407741212212e-01 -9.375569748998920441e-03 -2.748161835002227785e-02 -7.471949999999999426e-02 9.765129808957670812e-03 9.998532500676707846e-01 1.407553085783979502e-02 -6.932299999999999573e-02 2.734561930307724889e-02 -1.433795735094264834e-02 9.995232063758868746e-01 3.466151700000000169e+00
9.995658576542837404e-01 -8.903932773725944244e-03 -2.808587176886546272e-02 -7.701360000000000150e-02 9.328764316822099611e-03 9.998435006534147629e-01 1.503157867444737325e-02 -6.939779999999999560e-02 2.794763618228510854e-02 -1.528705930798606241e-02 9.994924889410309321e-01 3.523150900000000085e+00
9.995830032360701889e-01 -6.427681340766489872e-03 -2.815145740703333885e-02 -8.102719999999999367e-02 6.764307041297232780e-03 9.999065647458471595e-01 1.187880164031701428e-02 -7.105630000000000279e-02 2.807247391680161089e-02 -1.206427332003481324e-02 9.995330857542685798e-01 3.581128800000000112e+00
9.995627243417505303e-01 -5.494336143890666581e-03 -2.905464466889093322e-02 -8.320669999999999455e-02 5.716355779817001125e-03 9.999550541978152740e-01 7.563918352465447657e-03 -7.101040000000000130e-02 2.901178007458571351e-02 -7.726697521072471882e-03 9.995492057734435276e-01 3.637644499999999947e+00
9.995278371772652326e-01 -6.141337300966206135e-03 -3.010625655730307659e-02 -8.693280000000000451e-02 6.449011160799465910e-03 9.999278619298456183e-01 1.013317282273618752e-02 -7.201470000000000093e-02 3.004185351782205637e-02 -1.032254389980088310e-02 9.994953387208218576e-01 3.750766800000000067e+00
9.994761532375258106e-01 -1.051196020496654622e-02 -3.060911305750495942e-02 -9.023420000000000052e-02 1.093591429489741175e-02 9.998461230025572632e-01 1.371627118752544172e-02 -7.212689999999999380e-02 3.046021812220948977e-02 -1.404382460031033605e-02 9.994373147439228333e-01 3.862404100000000007e+00
9.994360608202847995e-01 -1.358894328217606119e-02 -3.070669230812205636e-02 -9.196229999999999682e-02 1.398180221382316381e-02 9.998226619777977886e-01 1.261561740398569297e-02 -7.224709999999999466e-02 3.052981393466736720e-02 -1.303783786154817832e-02 9.994488207232076205e-01 3.918134699999999970e+00
9.993891408381215813e-01 -1.597463010173291384e-02 -3.108305596227836989e-02 -9.360519999999999952e-02 1.633110202467396091e-02 9.998033640793154708e-01 1.124847911246764504e-02 -7.242170000000000551e-02 3.089725362392279837e-02 -1.174922843410321216e-02 9.994535083482884996e-01 3.973568000000000211e+00
9.992328608842626636e-01 -2.096342750699168450e-02 -3.307906341193735805e-02 -1.010706999999999994e-01 2.151652551286695886e-02 9.996330848316011819e-01 1.645402199800856391e-02 -7.388720000000000010e-02 3.272199350446138716e-02 -1.715314598596737877e-02 9.993172873136330070e-01 4.086662300000000414e+00
9.991726355978338692e-01 -2.214781655307160313e-02 -3.411038689915123212e-02 -1.028880999999999962e-01 2.288539332500389573e-02 9.995093127457829185e-01 2.138673670321514231e-02 -7.361249999999999738e-02 3.361997984589175370e-02 -2.214967169924354079e-02 9.991892158138905300e-01 4.142036000000000051e+00
9.992017120824792098e-01 -2.062435165310982574e-02 -3.421366233438127846e-02 -1.049125000000000058e-01 2.143783482778935726e-02 9.994920114737362304e-01 2.358258336317635082e-02 -7.371289999999999787e-02 3.370990669430302955e-02 -2.429722451379182427e-02 9.991362705214879014e-01 4.197061999999999848e+00
9.991792322871775323e-01 -1.538502869245072548e-02 -3.747215843981934608e-02 -1.108048999999999978e-01 1.565639615815305960e-02 9.998532127574165651e-01 6.959180843404179535e-03 -7.280960000000000210e-02 3.735959080805658500e-02 -7.540147929895111949e-03 9.992734396269370434e-01 4.357810999999999879e+00
9.991904396735084015e-01 -1.062076445209306566e-02 -3.880289457648902068e-02 -1.169204999999999967e-01 1.093189933048348966e-02 9.999097057567492008e-01 7.814979877092653390e-03 -7.311399999999999844e-02 3.871638983801484885e-02 -8.232842516673369651e-03 9.992163236566976581e-01 4.407991899999999852e+00
9.991887079135239880e-01 -7.687744972107237416e-03 -3.953257587542503143e-02 -1.195555999999999980e-01 8.087252182782968951e-03 9.999177357917898856e-01 9.955802386158682862e-03 -7.375400000000000011e-02 3.945278608963465744e-02 -1.026743523300783882e-02 9.991686831779214018e-01 4.460910799999999732e+00
9.985961066972414146e-01 -5.111295537280830144e-03 -5.272276877253599670e-02 -1.225979999999999986e-01 5.814224950745812588e-03 9.998961328585334041e-01 1.318780811099467230e-02 -7.231369999999999465e-02 5.264988582450913501e-02 -1.347583587317926178e-02 9.985221035962025260e-01 4.509683100000000167e+00
9.990446962932396646e-01 -2.644835922932652073e-03 -4.361994556724279465e-02 -1.391147000000000078e-01 3.207243935835307931e-03 9.999125686793673973e-01 1.282842871771233337e-02 -7.240839999999999776e-02 4.358220272868854744e-02 -1.295607347810839860e-02 9.989658311300468885e-01 4.657698599999999800e+00
9.989588769734383256e-01 -1.663567990316293507e-03 -4.558941387546509849e-02 -1.575975000000000015e-01 2.260925920584164889e-03 9.999122294003375266e-01 1.305456661970780599e-02 -7.376119999999999899e-02 4.556369530611499574e-02 -1.314404949733352299e-02 9.988749589577581300e-01 4.696132200000000090e+00
9.989188440588470108e-01 -2.187614381167244521e-03 -4.643659470133772171e-02 -1.604741000000000084e-01 2.848495943221258410e-03 9.998955358437978669e-01 1.417051412284366964e-02 -7.365370000000000250e-02 4.640074412117167757e-02 -1.428746803893433427e-02 9.988207242553780452e-01 4.743389099999999914e+00
9.988636335921756704e-01 6.371074506054856881e-04 -4.765538354826383272e-02 -1.628964999999999996e-01 1.636587287262211146e-04 9.998588990020239597e-01 1.679747904540996456e-02 -7.336239999999999428e-02 4.765936112513746714e-02 -1.678619017397509766e-02 9.987225886684384379e-01 4.789973700000000001e+00
9.984842179823869568e-01 7.780841405180046778e-03 -5.448600689285817283e-02 -1.957881999999999956e-01 -7.556110171291668780e-03 9.999620801965708461e-01 4.329361156826613648e-03 -7.395500000000000684e-02 5.451762686673416319e-02 -3.911096518161149595e-03 9.985051485519967907e-01 5.039751100000000150e+00
9.983541671670447260e-01 1.030131251735936365e-02 -5.641666296951740323e-02 -2.071839000000000042e-01 -9.733385877539798420e-03 9.998992483373174700e-01 1.033220082200993900e-02 -7.580330000000000401e-02 5.651741412657987351e-02 -9.766070596054964026e-03 9.983538479745331928e-01 5.114088100000000026e+00
9.983355443573329602e-01 7.137301694523475598e-03 -5.722936132151985877e-02 -2.062096999999999958e-01 -6.756836165332825994e-03 9.999537866843167810e-01 6.838834749482128501e-03 -7.496099999999999985e-02 5.727552738982480407e-02 -6.440762394097940095e-03 9.983376335398762569e-01 5.152135399999999699e+00
9.984104609108820361e-01 -4.472856721192305408e-03 -5.618313889835424568e-02 -2.148199000000000081e-01 4.302443820119554278e-03 9.999857712849112845e-01 -3.153760437276629212e-03 -7.760010000000000518e-02 5.619644580304697379e-02 2.907022613035721570e-03 9.984154990276505881e-01 5.222643899999999562e+00
9.999888111180611494e-01 1.863279032017887927e-03 -4.348083478439375774e-03 -2.523366000000000220e-01 -1.816658019872654161e-03 9.999410857379019690e-01 1.070162636913967770e-02 -1.147051999999999933e-01 4.367767430331809947e-03 -1.069360764918349770e-02 9.999332824559445942e-01 5.457747900000000207e+00
9.998786987290786410e-01 6.924689373699907322e-03 1.395121876117206249e-02 -2.520638000000000045e-01 -7.082261745396495681e-03 9.999113319827755975e-01 1.127695619399190531e-02 -1.145802999999999960e-01 -1.387189231554243098e-02 -1.137439446780735657e-02 9.998390839300476118e-01 5.486024900000000315e+00
9.923172992606548171e-01 3.342276604847652793e-04 1.237184944941983195e-01 -2.207456999999999891e-01 -2.590017783684952449e-03 9.998333178093623541e-01 1.807286380745627349e-02 -8.061300000000000410e-02 -1.236918323735250042e-01 -1.825444850423134716e-02 9.921527632949909137e-01 5.590426899999999755e+00
9.869874318862973395e-01 7.468105744576610059e-04 1.607956826922211091e-01 -2.325377999999999890e-01 -3.285481325089651197e-03 9.998741149687585539e-01 1.552288078625266993e-02 -1.101125000000000020e-01 -1.607638482711646888e-01 -1.584917945534100592e-02 9.868656385747951454e-01 5.635701700000000258e+00
8.212886544917548104e-01 3.121283652217157756e-03 5.705043414308827998e-01 -1.523088999999999971e-01 -8.304728014303168829e-03 9.999444894591681399e-01 6.484558030592467437e-03 -1.141337999999999936e-01 -5.704524322813702142e-01 -1.006357732648162362e-02 8.212689857261521453e-01 5.795386299999999657e+00
7.389537232218043039e-01 1.106097955944053846e-03 6.737552756631630668e-01 -1.213306999999999997e-01 -8.002773068454444721e-03 9.999425178035820094e-01 7.135594708772320660e-03 -1.136104000000000003e-01 -6.737086540633479004e-01 -1.066478485225537398e-02 7.389200983896750952e-01 5.822172600000000031e+00
6.928616490550720819e-01 9.848575184038870986e-04 7.210698754797308929e-01 -1.054516000000000064e-01 -1.036238919343652337e-02 9.999094010498711382e-01 8.591308531987527572e-03 -1.164258999999999988e-01 -7.209960860912421055e-01 -1.342459488239757144e-02 6.928090819939889400e-01 5.837664600000000092e+00
5.991335110652737939e-01 -1.472637822430952498e-03 8.006477797736288871e-01 -8.124330000000000440e-02 -7.638122167579702512e-03 9.999422896804092131e-01 7.554892352226736177e-03 -1.218439000000000050e-01 -8.006126997546008095e-01 -1.064183473582221671e-02 5.990876866912763221e-01 5.870690800000000209e+00
5.035757330225771877e-01 -1.674340413608190956e-03 8.639494647807552941e-01 -4.474369999999999736e-02 -5.663460338107871063e-03 9.999702383593601640e-01 5.239046909816756463e-03 -1.221037999999999984e-01 -8.639325241752233708e-01 -7.531200415865971047e-03 5.035512632220510154e-01 5.891228199999999582e+00
4.077630126631909824e-01 3.360253738580678932e-03 9.130816142046945805e-01 -1.662341999999999986e-01 -1.197673689779258852e-02 9.999268839283700361e-01 1.668703263308832750e-03 -1.348619000000000068e-01 -9.130092459976072439e-01 -1.161617372942909052e-02 4.077734435084858777e-01 5.974693300000000207e+00
3.250668727491422549e-01 -5.777730630185115915e-03 9.456733823418410623e-01 2.430300000000000168e-02 9.365834408098164601e-03 9.999519635693013830e-01 2.889930749804505133e-03 -1.207874000000000031e-01 -9.456446528093589432e-01 7.917599551859251863e-03 3.251053709651738899e-01 5.921315199999999557e+00
2.892921063464461984e-01 -9.087983933143778392e-03 9.571977255267938300e-01 4.698770000000000030e-02 1.295699526001256596e-02 9.999004992079939536e-01 5.577450800895469157e-03 -1.213660000000000017e-01 -9.571531713782639450e-01 1.078889390231075468e-02 2.893810745174884014e-01 5.925828000000000095e+00
1.952365650280188936e-01 6.180217845942634521e-03 9.807367070643560059e-01 1.269634000000000040e-01 -6.875180590860200010e-03 9.999641993895821424e-01 -4.932730582038807529e-03 -1.228193999999999952e-01 -9.807320814411562004e-01 -5.779692598107091100e-03 1.952720655535966632e-01 5.938308700000000329e+00
1.694000026344903986e-01 7.922337927453981452e-03 9.855155380151030542e-01 1.465257000000000087e-01 -5.978504236475327104e-03 9.999575522506600755e-01 -7.010790537656986024e-03 -1.235707000000000055e-01 -9.855292469503527109e-01 -4.704280883586599640e-03 1.694401757165024947e-01 5.941413899999999693e+00
1.454998571601905100e-01 9.377227195693754735e-03 9.893138325003266731e-01 1.665731000000000017e-01 1.176935674778043818e-03 9.999527338313944913e-01 -9.651161875021952580e-03 -1.245213000000000014e-01 -9.893575725635203044e-01 2.568601417266594324e-03 1.454819435461928157e-01 5.943756099999999876e+00
1.249430709360875025e-01 1.587824120321240304e-02 9.920368493565913104e-01 1.863981000000000110e-01 8.627077392022711524e-03 9.998167477229298328e-01 -1.708930977000911247e-02 -1.240335999999999939e-01 -9.921264045275338672e-01 1.069356951798071040e-02 1.247831920181250442e-01 5.944297800000000187e+00
1.472283529268781505e-02 1.402749721490978430e-02 9.997932123408470595e-01 3.821151999999999882e-01 1.596756538064201397e-02 9.997707852864029521e-01 -1.426231901284035972e-02 -1.434083999999999914e-01 -9.997641096662548410e-01 1.617424525889239739e-02 1.449547562330699702e-02 5.962627900000000203e+00
-5.236125052154665463e-03 1.852073323264070981e-02 9.998147655615832186e-01 5.730971000000000259e-01 2.490966565121990883e-02 9.995206383888414203e-01 -1.838483048351132257e-02 -1.314744999999999941e-01 -9.996759932856158493e-01 2.480878625181752103e-02 -5.694960327253917320e-03 5.950689800000000140e+00
-1.106762602622533495e-02 1.820654806615401924e-02 9.997729888638012818e-01 6.514817000000000524e-01 2.776477744581039644e-02 9.994543230717096716e-01 -1.789338499711753960e-02 -1.333480999999999972e-01 -9.995532125842666593e-01 2.756043723864474992e-02 -1.156708743316514632e-02 5.949284600000000367e+00
-1.331485443350383623e-02 1.789086863608797470e-02 9.997512848058064394e-01 6.923236000000000390e-01 2.990156608508628619e-02 9.993998819516245469e-01 -1.748634612313337833e-02 -1.341237000000000124e-01 -9.994641619373222374e-01 2.966130095806736311e-02 -1.384182893988838980e-02 5.948743300000000289e+00
-1.280497610551584002e-02 1.760218911132373915e-02 9.997630696947283901e-01 7.761852999999999669e-01 3.779542727063864294e-02 9.991390554784903566e-01 -1.710711825469388159e-02 -1.359740999999999866e-01 -9.992034518877359606e-01 3.756741614803195406e-02 -1.345923398985082731e-02 5.946711099999999917e+00
-1.033079476060291303e-02 1.760085008858709027e-02 9.997917206877509066e-01 8.198931000000000413e-01 3.942745979211072227e-02 9.990747192477574812e-01 -1.718082577630936775e-02 -1.369264000000000037e-01 -9.991690297912341201e-01 3.924175628298876006e-02 -1.101519268423034603e-02 5.946166500000000354e+00
-6.583235816626638488e-03 1.779586692266785924e-02 9.998199678575406812e-01 8.644216999999999596e-01 4.180816938990038201e-02 9.989722891887166112e-01 -1.750549643170750888e-02 -1.377974999999999894e-01 -9.991039675521503627e-01 4.168539976449577023e-02 -7.320482772747660682e-03 5.945925700000000091e+00
5.581987667052658829e-03 1.436745377322320126e-02 9.998812017863718538e-01 1.002995700000000046e+00 4.346319757520075711e-02 9.989483906088408860e-01 -1.459668991743075413e-02 -1.405643000000000031e-01 -9.990394345921607133e-01 4.353951276806914544e-02 4.951662114402455295e-03 5.946724900000000424e+00
1.795860150313162429e-02 1.204647595106435667e-02 9.997661581836088107e-01 1.148611400000000060e+00 3.690768965359050857e-02 9.992379367722451500e-01 -1.270307677615521019e-02 -1.436351999999999907e-01 -9.991573004669918046e-01 3.712718858608975853e-02 1.750030831748283777e-02 5.949925900000000212e+00
2.234438189088639240e-02 2.120106235831586278e-02 9.995255092056397617e-01 1.247451199999999982e+00 2.920924834537705350e-02 9.993344775715081729e-01 -2.184998279127479612e-02 -1.461189999999999989e-01 -9.993235454090995118e-01 2.968361318572452709e-02 2.171024410797739446e-02 5.953384400000000021e+00
2.211069610463604895e-02 2.355382747755971340e-02 9.994780309386123163e-01 1.346640300000000012e+00 2.392803377950799421e-02 9.994235898516254935e-01 -2.408188629523471888e-02 -1.492070000000000063e-01 -9.994691422536340353e-01 2.444801135567558140e-02 2.153435449549401248e-02 5.956620700000000213e+00
2.185802870307766710e-02 2.045881208331154846e-02 9.995517313222737066e-01 1.446547999999999945e+00 2.222137592157290634e-02 9.995336630571275416e-01 -2.094437556368516570e-02 -1.527219999999999966e-01 -9.995141004675058838e-01 2.266921753701035477e-02 2.139321254258297333e-02 5.959426900000000416e+00
2.243630211802594143e-02 2.011506914748868724e-02 9.995458950645840224e-01 1.545776199999999934e+00 1.815777088075309215e-02 9.996244551851614091e-01 -2.052422842426375807e-02 -1.563469000000000109e-01 -9.995833670604522547e-01 1.861001313704615037e-02 2.206263146427078770e-02 5.962402299999999933e+00
2.118417650568054159e-02 2.183671587730499561e-02 9.995370871085624831e-01 1.644382599999999917e+00 1.229133593464022331e-02 9.996801977733476008e-01 -2.210034481139309601e-02 -1.597309000000000090e-01 -9.997000318729203361e-01 1.275382372210404416e-02 2.090899934830703355e-02 5.965565200000000345e+00
1.469140528850812477e-02 1.998312670059494700e-02 9.996923713112533250e-01 1.743067900000000003e+00 6.974904536229514437e-03 9.997739008038912800e-01 -2.008725909827952655e-02 -1.630890999999999869e-01 -9.998677479133724066e-01 7.267868920040998493e-03 1.454870317251066858e-02 5.967987100000000211e+00
9.802847093572771009e-03 1.749592794546690061e-02 9.997988781220887855e-01 1.792212399999999928e+00 4.826221514504673571e-03 9.998344463911470470e-01 -1.754387059920244421e-02 -1.647707999999999950e-01 -9.999403041055767716e-01 4.997230736683872833e-03 9.716784972992775771e-03 5.968806700000000021e+00
3.297352754289519221e-03 1.546739860100348855e-02 9.998749357021267103e-01 1.841293899999999928e+00 2.690138367974896985e-03 9.998766160964241978e-01 -1.547629604024094996e-02 -1.662862999999999980e-01 -9.999909452691936318e-01 2.740832735083214254e-03 3.255336471605918547e-03 5.969258299999999906e+00
-4.013544107619533043e-03 1.584148720314471070e-02 9.998664604570396408e-01 1.889631199999999955e+00 2.139022816519803999e-03 9.998723622875778094e-01 -1.583299450038470196e-02 -1.676914999999999933e-01 -9.999896579690644716e-01 2.075190750607512971e-03 -4.046917130606009216e-03 5.969136200000000336e+00
-1.265450624941396110e-02 1.664554155011531422e-02 9.997813708096821017e-01 1.937917099999999948e+00 2.030026862038441376e-03 9.998597983086977559e-01 -1.662115269858184530e-02 -1.693128999999999884e-01 -9.999178678584172975e-01 1.819250558212605166e-03 -1.268652296271510771e-02 5.968429600000000335e+00
-2.261563809698477825e-02 1.719587660104321750e-02 9.995963358983407376e-01 1.985949399999999976e+00 2.187652336079035260e-03 9.998505217322555261e-01 -1.715075418146120093e-02 -1.706575999999999926e-01 -9.997418402221261990e-01 1.798894009705779250e-03 -2.264987615019531386e-02 5.967238400000000276e+00
-4.327328595718541587e-02 1.517986144136647571e-02 9.989479438534765166e-01 2.080787899999999802e+00 2.848454597929516927e-03 9.998823737018163182e-01 -1.507066909015444128e-02 -1.737674999999999914e-01 -9.990592119733801013e-01 2.193300490657306041e-03 -4.331143502686662927e-02 5.963324499999999695e+00
-5.431264889782593669e-02 1.459091885954698353e-02 9.984173682666660499e-01 2.127542000000000044e+00 4.544463291083863932e-03 9.998864883497610156e-01 -1.436517556381324001e-02 -1.751273999999999886e-01 -9.985136373746216210e-01 3.757060342515404494e-03 -5.437279167456110507e-02 5.960812599999999684e+00
-7.627194706645476496e-02 1.555941998934076004e-02 9.969656436107950936e-01 2.220497599999999849e+00 5.079644750419877626e-03 9.998713246437574975e-01 -1.521615471619248983e-02 -1.780576000000000103e-01 -9.970741132432939802e-01 3.903665550848128135e-03 -7.634116907256316420e-02 5.954159299999999710e+00
-8.703604253276055192e-02 1.662237959313393396e-02 9.960664755913117840e-01 2.266197899999999876e+00 4.487854849907213506e-03 9.998571804511350303e-01 -1.629349131256271552e-02 -1.795305000000000095e-01 -9.961950544241231498e-01 3.052080760425081828e-03 -8.709821091130509618e-02 5.950436100000000117e+00
-9.729693020693185035e-02 1.779762193561627848e-02 9.950962526438056344e-01 2.310697300000000176e+00 5.475275957205745156e-03 9.998345375241384225e-01 -1.734701493296984115e-02 -1.808962000000000070e-01 -9.952403371676110666e-01 3.760615285974392742e-03 -9.737827810744559276e-02 5.946162700000000356e+00
-1.068784208058517621e-01 1.841207229218099622e-02 9.941016038413552636e-01 2.355761799999999795e+00 5.818594301236724650e-03 9.998229861113633321e-01 -1.789246779273794691e-02 -1.823672000000000071e-01 -9.942550714612448104e-01 3.871955224954200941e-03 -1.069666342198868358e-01 5.941486799999999846e+00
-1.161883600576836956e-01 1.894894726229980064e-02 9.930464250903660028e-01 2.400158199999999908e+00 6.782201663897933011e-03 9.998098218072254406e-01 -1.828447315058143521e-02 -1.839105000000000045e-01 -9.932040408333503434e-01 4.610598166690964457e-03 -1.162947791469979286e-01 5.935928299999999602e+00
-1.415292437783697566e-01 1.767780069421773931e-02 9.897762214349959953e-01 2.531981699999999780e+00 1.039026447769451217e-02 9.998119933433764484e-01 -1.637132770509944907e-02 -1.884997999999999951e-01 -9.898795459850689982e-01 7.967015084692137886e-03 -1.416863123630294208e-01 5.917864800000000258e+00
-1.506259646176050515e-01 1.474629586457181646e-02 9.884808372150117872e-01 2.616739299999999879e+00 1.618659334868166599e-02 9.997914928317779282e-01 -1.244849617300640768e-02 -1.911289999999999933e-01 -9.884583010824383731e-01 1.412507060086613808e-02 -1.508332503188211104e-01 5.904672099999999979e+00
-1.532470415807745956e-01 1.389856117514204174e-02 9.880901650375848444e-01 2.658257199999999987e+00 1.787470548871678000e-02 9.997764827557800160e-01 -1.129067899522278630e-02 -1.922474999999999878e-01 -9.880262340395786769e-01 1.593155754288830273e-02 -1.534612209120781445e-01 5.897999800000000015e+00
-1.471024954656503514e-01 1.626500498241484002e-02 9.889875153108359518e-01 2.850797200000000142e+00 2.054213619861879406e-02 9.996993763034052183e-01 -1.338572594146352629e-02 -1.987311999999999967e-01 -9.889079211272283620e-01 1.834684254864020481e-02 -1.473923909173051605e-01 5.868771100000000018e+00
-7.610299905620732108e-02 2.092752100594807985e-02 9.968803199979406893e-01 3.018405399999999794e+00 1.591677681907963104e-02 9.996778271442621211e-01 -1.977114391779999716e-02 -2.046719999999999928e-01 -9.969729132480694700e-01 1.436247822182343606e-02 -7.641157941689946664e-02 5.853103599999999851e+00
-2.301602117623242211e-02 2.540521685374480532e-02 9.994122461356119702e-01 3.080203800000000047e+00 1.236901435024227724e-02 9.996077856071005074e-01 -2.512533457831817724e-02 -2.071922999999999959e-01 -9.996585768417226570e-01 1.178345918154475452e-02 -2.332123145329478842e-02 5.852745099999999923e+00
2.366039063637953299e-01 7.305508089495581572e-03 9.715787261179337220e-01 3.258226599999999973e+00 -3.511428167787789337e-03 9.999716308910331364e-01 -6.663879151816855251e-03 -2.153014000000000039e-01 -9.715998463182334843e-01 -1.834929067257767398e-03 2.366228468886791836e-01 5.882728600000000085e+00
2.919452065753626591e-01 6.649844669185950817e-03 9.564119279492204750e-01 3.285945900000000197e+00 -3.810775429228109405e-03 9.999759795489123748e-01 -5.789500481128469905e-03 -2.162163000000000002e-01 -9.564274537821972899e-01 -1.954454161318360580e-03 2.919635349844813543e-01 5.893262899999999860e+00
4.101608337640186841e-01 8.552085146730076942e-03 9.119731094092895507e-01 3.336956999999999951e+00 1.425104408539030684e-04 9.999554203546676678e-01 -9.441239012655908147e-03 -2.196104000000000112e-01 -9.120131962514463897e-01 4.002392155065149539e-03 4.101413301780957310e-01 5.918252899999999705e+00
5.877136867977673651e-01 1.719399579076164725e-02 8.088862644768565202e-01 3.404592000000000063e+00 -3.552063731931823579e-03 9.998193586452690518e-01 -1.867171447422520322e-02 -2.231804000000000010e-01 -8.090611875462944136e-01 8.100406589176080419e-03 5.876685955700456931e-01 5.968100999999999878e+00
6.423397020667894752e-01 1.780250991447521192e-02 7.662132717393332904e-01 3.424408199999999791e+00 -3.729332526199404495e-03 9.997909561392396283e-01 -2.010313659840230055e-02 -2.239696999999999938e-01 -7.664109858474481562e-01 1.005557869692254476e-02 6.422718163748217801e-01 5.987636099999999573e+00
6.928801746820780760e-01 1.647238952389503200e-02 7.208645669721227556e-01 3.442876800000000070e+00 -3.055146635037877222e-03 9.997971143892017132e-01 -1.990969959753312313e-02 -2.241702999999999890e-01 -7.210462742512240286e-01 1.159268917890352892e-02 6.927899248300526391e-01 6.008663699999999608e+00
9.058808360611163568e-01 4.990783563763787761e-03 4.235032502078731609e-01 3.523495000000000044e+00 -1.229996242972603709e-02 9.998188156929656012e-01 1.452744680055808105e-02 -2.290420999999999985e-01 -4.233540147222417671e-01 -1.836920971994665183e-02 9.057780911199081464e-01 6.157442999999999778e+00
9.477272368792999391e-01 1.651311259925998184e-02 3.186540468743674359e-01 3.549755600000000122e+00 -2.281390570559533107e-02 9.996108720171864581e-01 1.605086450931221542e-02 -2.284923000000000093e-01 -3.182649999349341230e-01 -2.248158484903266252e-02 9.477351782851010098e-01 6.243780100000000388e+00
9.548623662002551082e-01 1.084548800427643372e-02 2.968505297357559303e-01 3.558444699999999905e+00 -1.631753661827609406e-02 9.997394417218704588e-01 1.596203822680636319e-02 -2.282743000000000133e-01 -2.966000667787535572e-01 -2.008541897974510521e-02 9.547905405539202084e-01 6.272924899999999582e+00
9.594875234854576274e-01 8.013632006365309021e-03 2.816371317454606782e-01 3.566511199999999882e+00 -1.321235218901223481e-02 9.997754958795733726e-01 1.656476949392135870e-02 -2.283224000000000087e-01 -2.814411590819241304e-01 -1.961477863295432375e-02 9.593779935113183610e-01 6.302860299999999860e+00
9.630065464282031584e-01 1.234122812670524622e-02 2.691952555762258670e-01 3.573902100000000193e+00 -1.725752882491673676e-02 9.997245821510685193e-01 1.590401024045730652e-02 -2.279828000000000132e-01 -2.689248393794855807e-01 -1.996131085865911550e-02 9.629542963368105113e-01 6.333185199999999959e+00
9.668932998009555080e-01 2.537910108786101820e-02 2.539158286282908739e-01 3.588462400000000052e+00 -3.016965325790536834e-02 9.994323883109044182e-01 1.498977042716701305e-02 -2.270763000000000087e-01 -2.533912761369602196e-01 -2.215406109799155157e-02 9.671101585416984614e-01 6.396071000000000062e+00
9.670218176418710065e-01 3.167246905732688800e-02 2.527165584373620710e-01 3.613183999999999951e+00 -3.420356427691967349e-02 9.993990432498304211e-01 5.627480970929607355e-03 -2.275910999999999906e-01 -2.523864504987670676e-01 -1.408570392760763110e-02 9.675239906842089121e-01 6.495072399999999746e+00
9.647848903972950918e-01 3.143286248186751702e-02 2.611552994240695091e-01 3.631586599999999887e+00 -3.109367780555622601e-02 9.995017163521594528e-01 -5.431593653024984099e-03 -2.274444999999999939e-01 -2.611959005451725546e-01 -2.879959250289225621e-03 9.652815171612439960e-01 6.564351099999999661e+00
9.617745539860473869e-01 3.892728764769846223e-02 2.710615678795739725e-01 3.650677400000000183e+00 -4.010783156243586528e-02 9.991946543544337755e-01 -1.185140026678872111e-03 -2.277667999999999915e-01 -2.708894039129230991e-01 -9.731854186993642644e-03 9.625612821331347435e-01 6.637155100000000196e+00
9.604982236989261235e-01 3.600277834650928571e-02 2.759473903165961528e-01 3.661406799999999961e+00 -3.841848929382876005e-02 9.992561161952676629e-01 3.351705048145774656e-03 -2.280578000000000050e-01 -2.756214468280501761e-01 -1.382078860564487505e-02 9.611668969802956708e-01 6.674941500000000083e+00
9.585998706916053491e-01 2.874382543800753018e-02 2.833021009615474539e-01 3.685060299999999955e+00 -3.401362044969089005e-02 9.993274792695706621e-01 1.369900728630730168e-02 -2.284281999999999979e-01 -2.827178125515649731e-01 -2.276799674796362027e-02 9.589328739750988539e-01 6.751990300000000111e+00
9.578764162829227491e-01 2.419478627559192366e-02 2.861597166724613173e-01 3.696952599999999922e+00 -2.952088628830049424e-02 9.994616930337715255e-01 1.431228251608667248e-02 -2.282623000000000013e-01 -2.856593922869299362e-01 -2.215708634151785164e-02 9.580750362696631717e-01 6.790959800000000435e+00
9.579033239354126650e-01 2.091881007707157430e-02 2.863278285085949504e-01 3.709299999999999820e+00 -2.521376866443657272e-02 9.996179767768649249e-01 1.132105888437335423e-02 -2.283409999999999884e-01 -2.859816215480013302e-01 -1.806388356601594872e-02 9.580648246581695560e-01 6.830121000000000109e+00
9.581805040839400656e-01 2.322090821563246518e-02 2.852208109782449208e-01 3.733128999999999920e+00 -2.357324766189618573e-02 9.997196956659843980e-01 -2.198202034059917875e-03 -2.285768999999999995e-01 -2.851919065964485522e-01 -4.617306482443170323e-03 9.584593141561773555e-01 6.910875299999999832e+00
9.595919825015677418e-01 2.453919050385583445e-02 2.803231264953471302e-01 3.757294900000000215e+00 -2.502081826909227646e-02 9.996851980656601411e-01 -1.861027019392369562e-03 -2.283945000000000003e-01 -2.802805483294478761e-01 -5.228087397636138611e-03 9.599038917153669415e-01 6.995790999999999649e+00
9.600575681672282036e-01 2.017799060445742837e-02 2.790740305008589384e-01 3.769853400000000132e+00 -2.266366404118792810e-02 9.997269944178088785e-01 5.682865875805815509e-03 -2.286274000000000084e-01 -2.788831729184392816e-01 -1.178071846283835697e-02 9.602527742919794163e-01 7.039557499999999912e+00
