9.999823056972936275e-01 -2.457023593591415624e-03 -5.417686534389071738e-03 4.882890000000000147e-02 2.460154619808420720e-03 9.999968106007989244e-01 5.713383204983219030e-04 -1.143410000000000086e-02 5.416265463490580086e-03 -5.846565576213824666e-04 9.999851610124715906e-01 -2.977010000000000073e-02
9.998931817613319062e-01 -1.258331780622978704e-03 -1.456165060458525923e-02 4.765969999999999929e-02 1.236000876371106446e-03 9.999980465882954972e-01 -1.542440088582934131e-03 -1.155789999999999942e-02 1.456356306106970297e-02 1.524277114940743435e-03 9.998927838574710458e-01 3.573570000000000219e-02
9.998212094022799201e-01 -2.191201898467220154e-03 -1.878158309627849312e-02 4.683070000000000288e-02 2.160602432405653132e-03 9.999963056909855208e-01 -1.649363971405814772e-03 -1.182339999999999954e-02 1.878512780077215907e-02 1.608489546513261134e-03 9.998222500699248672e-01 6.958939999999999571e-02
9.997284879581811445e-01 -5.514512152773799096e-04 -2.329476907818337286e-02 4.566449999999999676e-02 4.772775969604780297e-04 9.999947994055937706e-01 -3.189571736396703584e-03 -1.187739999999999976e-02 2.329640682474786242e-02 3.177587657854642235e-03 9.997235519711098473e-01 1.038415000000000032e-01
9.994794938737585621e-01 2.459186461949495941e-03 -3.216665552712441589e-02 4.280430000000000346e-02 -2.532960554249558040e-03 9.999942541516543271e-01 -2.252947959274225961e-03 -1.238219999999999946e-02 3.216093028327904335e-02 2.333252155671660527e-03 9.994799800384658317e-01 1.744590000000000030e-01
9.993314180870109809e-01 1.577614601137265803e-03 -3.652708524333696249e-02 4.132679999999999687e-02 -1.558660969195631426e-03 9.999986354839811575e-01 5.473629133157539937e-04 -1.268099999999999956e-02 3.652789892926819326e-02 -4.900636142847990262e-04 9.993325134495860684e-01 2.107760999999999940e-01
9.992027921840032079e-01 1.335928358133655876e-03 -3.989981688070413229e-02 3.964379999999999987e-02 -1.211960544346880062e-03 9.999943639682770113e-01 3.131003564360172568e-03 -1.294999999999999971e-02 3.990377480052149234e-02 -3.080150500060671939e-03 9.991987797378288905e-01 2.474117999999999873e-01
9.990871171602784262e-01 2.964083679079920937e-03 -4.261627074613192484e-02 3.782030000000000114e-02 -2.853783330980845523e-03 9.999924197942940962e-01 2.648825145650270108e-03 -1.331640000000000081e-02 4.262379904541620940e-02 -2.524789475545505257e-03 9.990880027270071517e-01 2.844948999999999950e-01
9.990011254510589023e-01 2.464400637975435772e-03 -4.461701555475482833e-02 3.579369999999999774e-02 -2.367989190233913722e-03 9.999947463072097475e-01 2.213591013292790042e-03 -1.341119999999999986e-02 4.462223632576726301e-02 -2.105727303033689667e-03 9.990017126801197245e-01 3.218493000000000048e-01
9.988250012239253683e-01 -6.443444357040359295e-04 -4.845824749486549871e-02 3.220220000000000027e-02 7.720380032593673414e-04 9.999962790534911994e-01 2.616454947757474326e-03 -1.383460000000000072e-02 4.845638128613179857e-02 -2.650792225033589324e-03 9.988217821079157233e-01 3.980532999999999988e-01
9.987546185729724302e-01 -2.090447058565223469e-03 -4.984818863561240460e-02 3.021350000000000077e-02 2.199414164082313938e-03 9.999953102136557304e-01 2.131226883557644537e-03 -1.397879999999999956e-02 4.984349964128818172e-02 -2.238209505319092678e-03 9.987545323860709257e-01 4.365719000000000127e-01
9.986549470044377985e-01 -1.580758838790463226e-04 -5.184854709226172087e-02 2.808420000000000014e-02 1.526195809103430461e-04 9.999999823919007991e-01 -1.091946048111598795e-04 -1.429150000000000038e-02 5.184856344034102782e-02 1.011346287528282152e-04 9.986549535454974924e-01 4.752976999999999896e-01
9.984856967118936888e-01 4.404420024934255218e-03 -5.483534030174622848e-02 2.307330000000000145e-02 -4.647728733271671089e-03 9.999799095786987557e-01 -4.310342979320548260e-03 -1.501659999999999974e-02 5.481525407572491321e-02 4.558675599493253530e-03 9.984861072630867307e-01 5.543034000000000017e-01
9.984067691874400907e-01 5.171034642188239785e-03 -5.618882132085409320e-02 2.077429999999999902e-02 -5.399130375939243526e-03 9.999777866431849294e-01 -3.908402663558499003e-03 -1.553419999999999974e-02 5.616736269294819728e-02 4.205546447988672311e-03 9.984125103118413058e-01 5.944146000000000152e-01
9.983365629310980705e-01 4.387583961987049502e-03 -5.748787891284704715e-02 1.838309999999999944e-02 -4.527899580715182698e-03 9.999870791836688033e-01 -2.310755526207626358e-03 -1.607640000000000111e-02 5.747699748863548813e-02 2.567211072633848387e-03 9.983435301473134738e-01 6.348635999999999724e-01
9.982531220535354466e-01 5.222322772408394785e-03 -5.885092739481568441e-02 1.576539999999999886e-02 -5.268292060904281558e-03 9.999859265225501392e-01 -6.259837041102717017e-04 -1.661949999999999886e-02 5.884683006866296001e-02 9.349340605536772021e-04 9.982665858823344118e-01 6.756060999999999872e-01
9.981943256100858086e-01 4.918428831238015782e-03 -5.986566108929326779e-02 1.313680000000000056e-02 -4.969503533744563419e-03 9.999874039191494202e-01 -7.042994164785658547e-04 -1.699530000000000138e-02 5.986144297003018200e-02 1.000530295392596360e-03 9.982061944231130912e-01 7.166829000000000116e-01
9.980838056291750915e-01 4.234552287852700811e-03 -6.173156006213131181e-02 1.070770000000000055e-02 -4.343331761026180196e-03 9.999892423956262544e-01 -1.628054739576255796e-03 -1.740070000000000158e-02 6.172400189550856370e-02 1.893055715724435055e-03 9.980914607039078623e-01 7.578027999999999986e-01
9.980373081339468655e-01 2.723997446069321374e-03 -6.256285967456180763e-02 7.886199999999999460e-03 -2.886042945796276921e-03 9.999927105994821375e-01 -2.499900801116163637e-03 -1.782680000000000028e-02 6.255559390542243803e-02 2.675553365980484852e-03 9.980378946138896978e-01 7.992350000000000287e-01
9.979945040119703181e-01 3.007321225556883366e-03 -6.322915451710303669e-02 5.265099999999999988e-03 -3.052438118224555345e-03 9.999951509795445004e-01 -6.169594252513808073e-04 -1.831100000000000089e-02 6.322699252246452573e-02 8.087251970303776290e-04 9.979988443781484531e-01 8.409432000000000018e-01
9.980510722719045935e-01 5.192493642887704292e-03 -6.218597226601849798e-02 -6.181000000000000079e-04 -4.789386902431242224e-03 9.999665546226960133e-01 6.629585893078267927e-03 -1.909749999999999989e-02 6.221831651531783275e-02 -6.318832628219635955e-03 9.980425609382679308e-01 9.253738999999999715e-01
9.981375191405409408e-01 3.907277558291692189e-03 -6.087878173919744618e-02 -3.042500000000000066e-03 -3.322870779287790018e-03 9.999474542216658657e-01 9.697800028547292478e-03 -1.937859999999999930e-02 6.091347481264326735e-02 -9.477445736695441769e-03 9.980980546061382075e-01 9.678963999999999901e-01
9.982409932928159035e-01 4.043401763391591547e-03 -5.914871268212044952e-02 -5.721300000000000344e-03 -3.440007578923587588e-03 9.999410407814401935e-01 1.029957808782460890e-02 -1.936979999999999952e-02 5.918687065244439272e-02 -1.007798904097689102e-02 9.981960471166276827e-01 1.010458000000000078e+00
9.983108144506050996e-01 3.890852921011601386e-03 -5.796877620337152759e-02 -8.219699999999999923e-03 -3.457990143266165620e-03 9.999654013009797726e-01 7.565613335317186022e-03 -1.963439999999999977e-02 5.799620724787606096e-02 -7.352378153870397018e-03 9.982897287262569863e-01 1.053440200000000049e+00
9.983642378822142893e-01 4.946361000113624201e-03 -5.695947709312348950e-02 -1.097389999999999997e-02 -4.806841012611064168e-03 9.999851027886159649e-01 2.586209643585231453e-03 -1.963289999999999827e-02 5.697142088227205581e-02 -2.308184069273495811e-03 9.983731414100428525e-01 1.096218700000000101e+00
9.984884926327253218e-01 1.783911452407194393e-03 -5.493221040480699563e-02 -1.598509999999999862e-02 -1.745553840312304280e-03 9.999981980794531156e-01 7.462436850021532571e-04 -2.016830000000000012e-02 5.493344265398434484e-02 -6.492286013455358246e-04 9.984898073492810555e-01 1.183091399999999904e+00
9.984599204359705382e-01 -2.852272399161883548e-04 -5.547707570174321978e-02 -1.824109999999999968e-02 6.040264914618688344e-04 9.999834020114776179e-01 5.729821423851901019e-03 -2.053239999999999926e-02 5.547452059272753311e-02 -5.754506666364176889e-03 9.984435202944800247e-01 1.227156600000000042e+00
9.984070762624720485e-01 -3.992846318863418724e-03 -5.627936786510871064e-02 -2.055310000000000123e-02 4.526863123040539456e-03 9.999459064096419825e-01 9.364388120140195934e-03 -2.087860000000000063e-02 5.623893294940390114e-02 -9.604240358992792090e-03 9.983711439078351013e-01 1.271430899999999919e+00
9.982798441644034071e-01 -1.141202880168922310e-02 -5.750755023232941021e-02 -2.261190000000000075e-02 1.193048870395168465e-02 9.998911524466961298e-01 8.680247583029722033e-03 -2.107269999999999976e-02 5.740223144076679607e-02 -9.351409382934090450e-03 9.983073349265613183e-01 1.315338499999999966e+00
9.981687703226121977e-01 -1.386337476254329015e-02 -5.888049586100251725e-02 -2.511180000000000009e-02 1.417448233235192936e-02 9.998876805799055134e-01 4.869319782746565038e-03 -2.128340000000000093e-02 5.880637723286565727e-02 -5.695003488153609246e-03 9.982531627458116619e-01 1.359212800000000110e+00
9.980753411192663238e-01 -1.322437724134198876e-02 -6.058654385454624591e-02 -2.778989999999999932e-02 1.328765282640942576e-02 9.999115094081023614e-01 6.415883222167027659e-04 -2.123859999999999984e-02 6.057269790941288701e-02 -1.445406444245813521e-03 9.981627417752007014e-01 1.403805299999999923e+00
9.979045953699546834e-01 -1.209496263283142345e-02 -6.356202025138611711e-02 -3.368530000000000135e-02 1.219709382128427583e-02 9.999248696495678379e-01 1.218999019560196469e-03 -2.198599999999999860e-02 6.354250106693941358e-02 -1.991716647847116810e-03 9.979771458420041430e-01 1.493481300000000012e+00
9.977771389013988523e-01 -9.284341939754043455e-03 -6.598925731120384996e-02 -3.995830000000000215e-02 9.652251183512882554e-03 9.999395884906315812e-01 5.258651564490928430e-03 -2.267800000000000024e-02 6.593644768130081657e-02 -5.883907199478327806e-03 9.978064764789007501e-01 1.583756699999999906e+00
9.977611808203618038e-01 -7.821064055109397048e-03 -6.641880008704753591e-02 -4.663010000000000072e-02 8.563501435139926968e-03 9.999039151019286642e-01 1.090078010994384103e-02 -2.321219999999999881e-02 6.632716254392062583e-02 -1.144515272422638383e-02 9.977322867322634403e-01 1.673840900000000076e+00
9.977208311141751995e-01 -2.310331225634785265e-03 -6.743741936393476966e-02 -5.292759999999999826e-02 3.168433387639935355e-03 9.999153417140943523e-01 1.262023908862416194e-02 -2.326879999999999921e-02 6.740255329516409155e-02 -1.280514640345066860e-02 9.976436859093925635e-01 1.763414899999999896e+00
9.977222871306806740e-01 -2.238558117698208685e-03 -6.741829588677797358e-02 -5.611610000000000209e-02 2.978789962279836459e-03 9.999363615248372250e-01 1.088116311938088984e-02 -2.329530000000000142e-02 6.738964737319877440e-02 -1.105720389717226165e-02 9.976654618001428165e-01 1.807810499999999987e+00
9.976642476719289609e-01 -4.583902564468815056e-04 -6.830694544171171667e-02 -6.264139999999999986e-02 1.057509158368541468e-03 9.999612892850584522e-01 8.735079034777604168e-03 -2.362370000000000095e-02 6.830029715589934491e-02 -8.786911273971027836e-03 9.976261121275241672e-01 1.896159600000000056e+00
9.975714296769180311e-01 -2.591073058980757071e-03 -6.960265104687399229e-02 -6.563030000000000252e-02 3.301669365602197086e-03 9.999435809995831370e-01 1.009622687593111218e-02 -2.389950000000000060e-02 6.957256407341999571e-02 -1.030151241969128745e-02 9.975237025605541152e-01 1.940208099999999991e+00
9.974952282526723391e-01 2.673194183872018570e-06 -7.073379394605665282e-02 -7.211120000000000030e-02 5.487267978018277792e-04 9.999696159555193642e-01 7.775992841591053591e-03 -2.457669999999999993e-02 7.073166555405395461e-02 -7.795329282662408384e-03 9.974649188464346228e-01 2.027510899999999783e+00
9.974219732595117627e-01 5.872818741072675149e-04 -7.175696732096657759e-02 -7.538989999999999581e-02 -3.281261263484058950e-04 9.999933819549364777e-01 3.623310582036880743e-03 -2.482960000000000028e-02 7.175862033475231827e-02 -3.590424254741757248e-03 9.974155649784717248e-01 2.070537600000000200e+00
9.973817726482717694e-01 1.505161473994873385e-03 -7.230030482597114838e-02 -7.864899999999999669e-02 -1.334576047258223454e-03 9.999962110530064008e-01 2.407651636995192072e-03 -2.516530000000000156e-02 7.230365478843535365e-02 -2.304857602595568496e-03 9.973800023740533316e-01 2.114120699999999964e+00
9.973605577161036573e-01 7.685803652175880415e-05 -7.260793348570661332e-02 -8.180540000000000034e-02 3.562722290950844084e-04 9.999822210838416048e-01 5.952359727512193666e-03 -2.553369999999999945e-02 7.260710008202607424e-02 -5.962517007871377672e-03 9.973427983439844269e-01 2.157306199999999841e+00
9.973307946032197169e-01 -4.059194461840455979e-03 -7.290273709835111415e-02 -8.816799999999999637e-02 4.775197948453688106e-03 9.999420382788289929e-01 9.649744418059880147e-03 -2.616270000000000054e-02 7.285934134113085381e-02 -9.972112268810350705e-03 9.972923710508542205e-01 2.243214399999999831e+00
9.973174000576852105e-01 -7.158106591816764015e-03 -7.284754664502744725e-02 -9.139479999999999826e-02 7.803302761503359310e-03 9.999327776553171843e-01 8.576050170935413386e-03 -2.648760000000000003e-02 7.278126138087724628e-02 -9.121495521145460417e-03 9.973062149165953238e-01 2.285658800000000213e+00
9.972623534490874242e-01 -9.627654338128979056e-03 -7.331511893963599258e-02 -9.446219999999999617e-02 1.019062116856382302e-02 9.999213652395930740e-01 7.308527730472605573e-03 -2.683479999999999893e-02 7.323898984411433832e-02 -8.035646167781056864e-03 9.972820457409627970e-01 2.328031300000000137e+00
9.970568887896872345e-01 -1.416393103688739011e-02 -7.534549472006660253e-02 -1.006401999999999991e-01 1.513268056541857906e-02 9.998098123391778724e-01 1.230207824731577304e-02 -2.699760000000000007e-02 7.515691914876693192e-02 -1.340605116655815485e-02 9.970815991162335079e-01 2.412753299999999879e+00
9.969839127709191340e-01 -1.501400374234969186e-02 -7.614234937019602467e-02 -1.037490999999999969e-01 1.638701136154846472e-02 9.997136242770416903e-01 1.743947514974348439e-02 -2.710250000000000159e-02 7.585870770468451652e-02 -1.863462171568686793e-02 9.969444354320297075e-01 2.455003500000000116e+00
9.969667195116693748e-01 -1.338256680149752832e-02 -7.666985777959775539e-02 -1.071683999999999970e-01 1.491213835855524118e-02 9.997003477655990178e-01 1.941243948903695338e-02 -2.696830000000000060e-02 7.638709521716083306e-02 -2.049686764224407237e-02 9.968675388942809246e-01 2.497002399999999955e+00
9.967746214495551982e-01 -1.075814460955556301e-02 -7.952745663389335085e-02 -1.139455000000000051e-01 1.141057157271772524e-02 9.999048334738398491e-01 7.753892702144056515e-03 -2.715429999999999927e-02 7.943647078313451071e-02 -8.636337198857355069e-03 9.968025184505242553e-01 2.579373799999999939e+00
9.967105111295300190e-01 -4.128420203231604989e-03 -8.093894705601491213e-02 -1.214926999999999951e-01 4.443305694601456905e-03 9.999832438069862217e-01 3.710679151005982605e-03 -2.756460000000000160e-02 8.092227158462099446e-02 -4.058109397605901177e-03 9.967121538888255028e-01 2.659792400000000168e+00
9.965661110760349883e-01 1.137744046379897313e-03 -8.279306609416507701e-02 -1.288964999999999972e-01 -5.012349665649648177e-04 9.999701647568011165e-01 7.708330543269728032e-03 -2.854500000000000093e-02 8.279936605008610118e-02 -7.640362212679412644e-03 9.965369485608462918e-01 2.738452899999999968e+00
9.964659060753676689e-01 1.586053119766191351e-03 -8.398322728317753061e-02 -1.322639999999999927e-01 -9.676703310341506223e-04 9.999721265179067897e-01 7.403364193784746881e-03 -2.874629999999999894e-02 8.399262850707203687e-02 -7.295931932019223375e-03 9.964396658773255755e-01 2.776588400000000068e+00
9.963285972553762582e-01 3.536201106006499686e-03 -8.553842161784451503e-02 -1.357087999999999905e-01 -2.847080255310746599e-03 9.999625153306831438e-01 8.176922865785671984e-03 -2.907650000000000165e-02 8.556413048207801852e-02 -7.903367337475038917e-03 9.963013180557249715e-01 2.814106900000000078e+00
9.960769786846486173e-01 4.306990624086470994e-03 -8.838609826339223485e-02 -1.424163999999999985e-01 -3.503256912257344917e-03 9.999511130538576431e-01 9.246550349070944974e-03 -2.979849999999999860e-02 8.842160214262530238e-02 -8.900636725269382710e-03 9.960433720177128691e-01 2.887568499999999982e+00
9.959633326019526889e-01 3.487357859060006247e-03 -8.969324638775751091e-02 -1.457440000000000124e-01 -2.580032487441199715e-03 9.999443455301334494e-01 1.022982280769715868e-02 -2.993960000000000024e-02 8.972392961064439010e-02 -9.957116925897045029e-03 9.959169002872418908e-01 2.923590200000000028e+00
9.957112644540273561e-01 8.147091447713125656e-03 -9.215586112833268340e-02 -1.525896999999999948e-01 -6.609748417322285595e-03 9.998340678440261753e-01 1.697492280768635869e-02 -3.029480000000000020e-02 9.227886575604213326e-02 -1.629299479561092251e-02 9.955998941619913500e-01 2.993764899999999951e+00
9.953675143792257707e-01 1.398735149998565387e-02 -9.512026764332476292e-02 -1.597854999999999970e-01 -1.265308697203114570e-02 9.998131203507408804e-01 1.461587371980057823e-02 -3.052840000000000067e-02 9.530692896426840033e-02 -1.334460087566468126e-02 9.953584836222922894e-01 3.060956200000000127e+00
9.951402883195272775e-01 1.292938310569836068e-02 -9.761474077122934967e-02 -1.664691000000000087e-01 -1.285003873980634405e-02 9.999163958073157277e-01 1.441492314605378588e-03 -3.088400000000000173e-02 9.762521737601252692e-02 -1.801338770803281430e-04 9.952232334929046464e-01 3.123380899999999905e+00
9.949917785089543720e-01 1.678382486631870701e-02 -9.853762693735114431e-02 -1.732373000000000107e-01 -1.650158523043986081e-02 9.998570724358119000e-01 3.678639010566160834e-03 -3.141309999999999936e-02 9.858528482725185949e-02 -2.034188522303657931e-03 9.951265264741891992e-01 3.183551099999999856e+00
9.948116047659970596e-01 1.387408504050688905e-02 -1.007838319731412663e-01 -1.790386999999999951e-01 -1.364693107094320200e-02 9.999025452416818727e-01 2.943007229229706485e-03 -3.268680000000000196e-02 1.008148416417271181e-01 -1.552347736544954513e-03 9.949039943237026895e-01 3.240090400000000148e+00
9.956930282952441980e-01 9.073591813304452205e-03 -9.226626325939234208e-02 -1.894878000000000118e-01 -9.474760449877101323e-03 9.999474657767607466e-01 -3.910831248136185240e-03 -3.478500000000000342e-02 9.222593083652451396e-02 4.768188150596427283e-03 9.957266904442689803e-01 3.343738600000000005e+00
9.966277858359910979e-01 3.703121265679830756e-03 -8.197160113442700236e-02 -1.930795999999999901e-01 -3.441638740961570214e-03 9.999885297724585564e-01 3.330982781910382055e-03 -3.571040000000000325e-02 8.198299593468535984e-02 -3.037633356470260514e-03 9.966290990941238936e-01 3.392005399999999948e+00
9.980130620390315066e-01 3.108113005436030554e-03 -6.293065733822857111e-02 -1.959395999999999916e-01 -2.695370664811378141e-03 9.999743056367746963e-01 6.642517838106319281e-03 -3.644130000000000286e-02 6.294968607114238834e-02 -6.459698119550617498e-03 9.979957962455296983e-01 3.438063399999999881e+00
9.994799280379559336e-01 1.360810969339125605e-02 -2.923512955016793063e-02 -1.980984000000000078e-01 -1.341262594365725917e-02 9.998864297423876168e-01 6.872341836433813397e-03 -3.687730000000000175e-02 2.932532889053426212e-02 -6.476647867060338765e-03 9.995489373301680303e-01 3.481540400000000091e+00
9.966204340157264197e-01 6.962103458985284543e-03 8.184888281297207635e-02 -1.924854000000000009e-01 -7.944617503350400595e-03 9.999001732849082114e-01 1.168445623621384294e-02 -3.776489999999999708e-02 -8.175936371468840724e-02 -1.229522591239881266e-02 9.965762559206056137e-01 3.562262299999999993e+00
9.514096241376424068e-01 9.532422964294446840e-03 3.077805387133819570e-01 -1.684275000000000078e-01 -1.272546582316464413e-02 9.998840045039908420e-01 8.368993765481898273e-03 -3.938769999999999771e-02 -3.076650607687738681e-01 -1.187899193925975178e-02 9.514205694290268633e-01 3.650896799999999942e+00
9.315860364907360136e-01 1.004693312688906444e-02 3.633820520474626004e-01 -1.604406999999999917e-01 -1.322823935597412966e-02 9.998928622329902316e-01 6.267195470008226493e-03 -3.962029999999999719e-02 -3.632801540120545458e-01 -1.064533654996654283e-02 9.316191316792049593e-01 3.667006300000000163e+00
9.072253989007090791e-01 1.077483481185377567e-02 4.205068115075266122e-01 -1.516078999999999899e-01 -1.384178322731655433e-02 9.998951985159040268e-01 4.242289703535210774e-03 -3.967269999999999824e-02 -4.204170317988285555e-01 -9.669277099039348330e-03 9.072794632602706466e-01 3.682596699999999945e+00
6.331173697355624297e-01 5.191108025493862063e-03 7.740384024947282171e-01 -6.692170000000000063e-02 -9.542443980348588178e-03 9.999538659873441482e-01 1.098935779019731638e-03 -4.198899999999999855e-02 -7.739969883029294007e-01 -8.081973424365731032e-03 6.331376973483435755e-01 3.765139800000000037e+00
5.863248508151011062e-01 2.475792314358656390e-03 8.100722435493427076e-01 -5.199000000000000149e-02 -4.257113897578319699e-03 9.999909381361468119e-01 2.503701613804478268e-05 -4.232140000000000207e-02 -8.100648407985081567e-01 -3.463249630808350275e-03 5.863300773489983353e-01 3.773120200000000146e+00
5.398210777669152360e-01 4.524376845180155121e-03 8.417676247116714361e-01 -3.691610000000000030e-02 -6.242926358811859769e-03 9.999795726491123027e-01 -1.371187433240663453e-03 -4.265769999999999978e-02 -8.417566333977088977e-01 -4.514897414274515221e-03 5.398382960038070610e-01 3.780657800000000179e+00
4.044965998507351057e-01 7.016066759860240323e-03 9.145125890420618964e-01 1.080659999999999954e-02 -4.699870026419895874e-03 9.999733148634436519e-01 -5.592922558989707991e-03 -4.361290000000000305e-02 -9.145274254667975500e-01 -2.035772147682635147e-03 4.045187804055995207e-01 3.799509000000000025e+00
3.648544358000547216e-01 -3.732189455432051786e-04 9.310644990464638227e-01 2.780519999999999867e-02 9.945519447266557012e-03 9.999444290150345527e-01 -3.496501783288010357e-03 -4.371749999999999942e-02 -9.310114539144767054e-01 1.053563426734153291e-02 3.648378723359693154e-01 3.803720499999999838e+00
3.294478361437338521e-01 -3.630264329585042651e-03 9.441667990567708113e-01 4.495280000000000109e-02 1.386986002302884567e-02 9.999033137668398297e-01 -9.950382073805590782e-04 -4.372979999999999923e-02 -9.440718988737843986e-01 1.342327452561048115e-02 3.294663343315322734e-01 3.807949999999999946e+00
2.367025792491104508e-01 1.218969671045530903e-02 9.715056872046223813e-01 9.740659999999999596e-02 -4.810506635899422512e-03 9.999237403008979230e-01 -1.137420804137016794e-02 -4.537370000000000292e-02 -9.715702486195860743e-01 -1.981130174803574610e-03 2.367431669985554654e-01 3.821054900000000032e+00
2.112423195470966020e-01 1.408743385991758149e-02 9.773321987121906806e-01 1.159918000000000060e-01 -3.864845272521567378e-03 9.999003538890336440e-01 -1.357738058701732711e-02 -4.597380000000000216e-02 -9.774260818104772985e-01 -9.091203593006554409e-04 2.112757158236376887e-01 3.824007700000000121e+00
1.878237677762336910e-01 1.544229466210031432e-02 9.820813447947721597e-01 1.351198000000000121e-01 3.185703160184482664e-03 9.998615630031837398e-01 -1.633113970932565523e-02 -4.637759999999999799e-02 -9.821975786743287751e-01 6.195995835956541985e-03 1.877485714509864456e-01 3.826444400000000190e+00
1.301664492756655078e-01 2.935471521599812908e-02 9.910575140613953060e-01 1.954241999999999924e-01 9.761484436568757667e-03 9.994752425852525546e-01 -3.088612764243901104e-02 -4.682349999999999707e-02 -9.914441027635192416e-01 1.369453006634609865e-02 1.298115978705358664e-01 3.833460099999999926e+00
1.155237638449842785e-01 2.508423041941363479e-02 9.929879361660715054e-01 2.167048000000000030e-01 8.757510178170550830e-03 9.996165093130209289e-01 -2.627052196532223341e-02 -4.756900000000000017e-02 -9.932661103664855995e-01 1.173097153338130069e-02 1.152597861542153934e-01 3.835088499999999900e+00
7.608694182707896603e-02 1.865945770365100287e-02 9.969265779994074261e-01 2.872991999999999768e-01 1.468935248899435470e-02 9.996954031200437907e-01 -1.983239531945964196e-02 -4.987330000000000235e-02 -9.969929790158289507e-01 1.615319221884357892e-02 7.578967063053065889e-02 3.838171200000000116e+00
6.689701565020945984e-02 1.925938108109059854e-02 9.975739900064902743e-01 3.126121000000000039e-01 1.846195345008087157e-02 9.996186231113196596e-01 -2.053690833198868262e-02 -5.048609999999999903e-02 -9.975890664857464118e-01 1.979102244460322416e-02 6.651593687752233031e-02 3.838237299999999852e+00
5.895051787496910500e-02 1.968386807352153975e-02 9.980668223019625307e-01 3.374749000000000221e-01 2.027809396383217430e-02 9.995756672475508697e-01 -2.091134505017521253e-02 -5.120100000000000345e-02 -9.980549260173344761e-01 2.147162742499258634e-02 5.852635191309440987e-02 3.839143799999999995e+00
5.331970256845899175e-02 1.997100792791680832e-02 9.983777682622716476e-01 3.630150999999999795e-01 2.242829984833351678e-02 9.995238272532999124e-01 -2.119174647896282515e-02 -5.190140000000000031e-02 -9.983255885150517095e-01 2.352185356766074709e-02 5.284639742515295779e-02 3.839896400000000209e+00
4.231763608663864640e-02 2.166982333407542829e-02 9.988691788381042214e-01 4.169316000000000133e-01 2.451975292040306856e-02 9.994411122209142517e-01 -2.272102373011292142e-02 -5.346759999999999707e-02 -9.988032836313470719e-01 2.545352547864301873e-02 4.176264656300976430e-02 3.840785499999999963e+00
3.848438952677725455e-02 2.150569104922865279e-02 9.990277558783071665e-01 4.454454999999999942e-01 2.739283378002997996e-02 9.993699542223901666e-01 -2.256827984223477510e-02 -5.430220000000000186e-02 -9.988836691128006873e-01 2.823472773080871676e-02 3.787104077941583213e-02 3.840887500000000010e+00
3.275852576265955024e-02 2.086536295252056777e-02 9.992454731539776036e-01 5.049394000000000382e-01 3.020606364083078949e-02 9.993046941265145700e-01 -2.185685283931078013e-02 -5.603779999999999872e-02 -9.990067430749319799e-01 3.089927063172834623e-02 3.210548808605717674e-02 3.841939200000000110e+00
3.027632661836217667e-02 2.041659003666800379e-02 9.993330310250796433e-01 5.363004999999999578e-01 3.199650356787414607e-02 9.992591898170378739e-01 -2.138446458595814198e-02 -5.674010000000000165e-02 -9.990293127861309408e-01 3.262260592705171908e-02 2.960063811134849843e-02 3.842807800000000107e+00
2.969020952451986370e-02 1.998619791674975665e-02 9.993593164378982152e-01 5.682880000000000154e-01 3.632670011910322377e-02 9.991180218175417238e-01 -2.106061105141593739e-02 -5.767300000000000204e-02 -9.988988248650847446e-01 3.692872015430247179e-02 2.893799078924386148e-02 3.843297699999999928e+00
3.059014571076867570e-02 1.975889571415706883e-02 9.993366945256995093e-01 6.011138000000000314e-01 3.986269134904039946e-02 9.989850521551122409e-01 -2.097215794950097606e-02 -5.838900000000000340e-02 -9.987368065830984909e-01 4.047779157519271892e-02 2.977145554705340480e-02 3.844086400000000125e+00
3.711087362560971936e-02 1.994309372994441942e-02 9.991121338824900944e-01 6.693265000000000464e-01 4.357747458238936389e-02 9.988174753939473849e-01 -2.155584738956964341e-02 -5.997700000000000253e-02 -9.983605494848869499e-01 4.433873994758825987e-02 3.619791944428440988e-02 3.846128499999999839e+00
4.556156784646282765e-02 1.745415184099175995e-02 9.988090388652296481e-01 7.404874000000000178e-01 4.568211309824364574e-02 9.987649582812301308e-01 -1.953721199076057652e-02 -6.202490000000000087e-02 -9.979164734977831186e-01 4.651785348663722147e-02 4.470795487096579368e-02 3.849101099999999942e+00
5.354976013768002197e-02 1.400076594996273356e-02 9.984670258661579867e-01 8.146588999999999636e-01 4.228005098700158421e-02 9.989732267549127354e-01 -1.627542673523975705e-02 -6.375640000000000474e-02 -9.976696950783526807e-01 4.308678196027146412e-02 5.290282357846831651e-02 3.853533999999999793e+00
6.149339672792555195e-02 1.400829858894001197e-02 9.980091831889646992e-01 8.908764000000000127e-01 3.866111062880072530e-02 9.991176915560774363e-01 -1.640600330984018015e-02 -6.559170000000000278e-02 -9.973584514525403177e-01 3.959300431007928278e-02 6.089756420327874231e-02 3.858749200000000101e+00
6.594153651986900400e-02 2.342147732064948223e-02 9.975485693245803587e-01 9.676487000000000283e-01 3.086434054313619280e-02 9.991982382658860518e-01 -2.550045350943440023e-02 -6.787540000000000240e-02 -9.973460313473133665e-01 3.247021783831774422e-02 6.516577866715078660e-02 3.864569200000000038e+00
6.549697708367489823e-02 2.619287607395005130e-02 9.975089369203039569e-01 1.045168499999999945e+00 2.552976916399381235e-02 9.992842135949363547e-01 -2.791579026971382702e-02 -7.046360000000000123e-02 -9.975261284193680522e-01 2.729457277416435027e-02 6.478139715799657861e-02 3.870638399999999812e+00
6.537687933479213731e-02 2.304105030507083360e-02 9.975945938352327458e-01 1.123059999999999947e+00 2.350102580387039911e-02 9.994205282783743538e-01 -2.462335155784041787e-02 -7.367709999999999537e-02 -9.975838638603821140e-01 2.505429417513850912e-02 6.479750696420172318e-02 3.876117499999999882e+00
6.576514170655257951e-02 2.284803963007815686e-02 9.975735126903578776e-01 1.200806899999999899e+00 1.931481010617402266e-02 9.995213571324620405e-01 -2.416598325423109997e-02 -7.679450000000000165e-02 -9.976481765867563078e-01 2.085722227775592755e-02 6.529235814378886449e-02 3.881952500000000139e+00
6.445533594643917952e-02 2.484332471800015235e-02 9.976113065142091507e-01 1.278122299999999933e+00 1.330149449193813310e-02 9.995798704856195815e-01 -2.575175264390655583e-02 -7.966850000000000320e-02 -9.978319397134531865e-01 1.492955916656655418e-02 6.409780301055090224e-02 3.887923499999999866e+00
5.754517969777793451e-02 2.315042584567000156e-02 9.980744511692073440e-01 1.355354699999999912e+00 7.736610183753977847e-03 9.996907421201044475e-01 -2.363397939872826856e-02 -8.263239999999999474e-02 -9.983129254679691256e-01 9.081734554533749809e-03 5.734827757715055263e-02 3.893240000000000034e+00
4.633592993239157853e-02 1.886929427741587326e-02 9.987476815145920339e-01 1.432887299999999975e+00 3.655426717448283756e-03 9.998116787158203289e-01 -1.905898630480130571e-02 -8.535739999999999994e-02 -9.989192256898523636e-01 4.533964812999655147e-03 4.625822856812200623e-02 3.897609899999999961e+00
3.021370636932653453e-02 2.021071672221566584e-02 9.993391110514001641e-01 1.508605200000000091e+00 2.802536169250713707e-03 9.997899131517379301e-01 -2.030456478381729643e-02 -8.793460000000000165e-02 -9.995395328542281410e-01 3.414160162403631626e-03 3.015071760236054388e-02 3.900329099999999993e+00
2.007785667476594607e-02 2.082488318177679043e-02 9.995815143908035605e-01 1.546511900000000050e+00 2.813058293642750965e-03 9.997779170790787040e-01 -2.088547878444191666e-02 -8.904610000000000303e-02 -9.997944620642702507e-01 3.231216718846918051e-03 2.001481611536115590e-02 3.901197400000000037e+00
9.811499681758879821e-03 1.970401974078180365e-02 9.997577136886967031e-01 1.583885900000000069e+00 3.805182366289419638e-03 9.997978635291047134e-01 -1.974215463916954155e-02 -9.043360000000000287e-02 -9.999446259974370532e-01 3.997960566649505151e-03 9.734539031376332474e-03 3.901475899999999886e+00
-1.201989675327546150e-02 1.797324796972265756e-02 9.997662148919913561e-01 1.657664999999999944e+00 4.793241829178591408e-03 9.998279930012148320e-01 -1.791673083823493509e-02 -9.301099999999999646e-02 -9.999162699520433017e-01 4.576763985788036455e-03 -1.210397937088392162e-02 3.901227200000000117e+00
-3.431293420738537603e-02 1.907488142750319096e-02 9.992290885700868541e-01 1.730816700000000097e+00 5.527343594780264636e-03 9.998061743045925098e-01 -1.889609206158734955e-02 -9.540060000000000207e-02 -9.993958530126413331e-01 4.874702138740047951e-03 -3.441171690273070460e-02 3.899348700000000001e+00
-5.537332373275258290e-02 2.120992704959933500e-02 9.982404189439230136e-01 1.802680099999999896e+00 5.891149178830379363e-03 9.997638900442193943e-01 -2.091550919778686901e-02 -9.794640000000000291e-02 -9.984483408670380422e-01 4.722621962492375494e-03 -5.548520038405591048e-02 3.895850400000000047e+00
-6.500857642446250528e-02 2.228128408727787779e-02 9.976359202488086497e-01 1.838141000000000025e+00 6.587068348114932456e-03 9.997384877003681058e-01 -2.189901233294327954e-02 -9.892779999999999629e-02 -9.978629643001301064e-01 5.147872376347053733e-03 -6.513834422331254981e-02 3.893590199999999779e+00
-8.391421635582194116e-02 2.332843901521929053e-02 9.961998736330484050e-01 1.908036599999999972e+00 7.859215977001496323e-03 9.997103243443039577e-01 -2.274862904953309228e-02 -1.012157000000000057e-01 -9.964419887869113701e-01 5.920416583282872916e-03 -8.407325169080381855e-02 3.887688900000000114e+00
-1.000727204741783810e-01 2.158445881595366656e-02 9.947459785063315074e-01 1.975776600000000105e+00 1.097178283624240108e-02 9.997278239830255098e-01 -2.058878178909828369e-02 -1.038213000000000052e-01 -9.949196302205978171e-01 8.853761448512631471e-03 -1.002823030744783850e-01 3.881044900000000020e+00
-1.121695510494070680e-01 1.751141455162684088e-02 9.935347714991036305e-01 2.073908100000000143e+00 1.841872552675387700e-02 9.997095751282177867e-01 -1.554078334346113179e-02 -1.070742999999999973e-01 -9.935183653900641065e-01 1.655644156693597893e-02 -1.124595121601372760e-01 3.870183700000000115e+00
-1.109291477065361409e-01 1.946903257901018425e-02 9.936376004155336172e-01 2.194309899999999924e+00 2.085528906770878210e-02 9.996335378479216383e-01 -1.725824230766494216e-02 -1.113389000000000045e-01 -9.936094711238436794e-01 1.880815727510831009e-02 -1.112945286746432894e-01 3.856744799999999973e+00
-5.605517698962154266e-02 2.230162768626711700e-02 9.981785684611774734e-01 2.325515999999999917e+00 1.751692006913863758e-02 9.996185927338323562e-01 -2.135009536568752836e-02 -1.164609000000000061e-01 -9.982739977801453612e-01 1.628823082399276367e-02 -5.642445296740339344e-02 3.847853900000000049e+00
3.319991110128267531e-01 1.338136703862358862e-02 9.431847800419969063e-01 2.546239599999999825e+00 -3.202604175167614309e-03 9.999096009745876978e-01 -1.305883629340855688e-02 -1.251598999999999906e-01 -9.432742621386368542e-01 1.314874525756628068e-03 3.320119538387007463e-01 3.885253699999999810e+00
3.893357168537881496e-01 1.365260056606432473e-02 9.209947372703768398e-01 2.565224900000000030e+00 -9.974098310276038187e-04 9.998958089252492076e-01 -1.440057177165440794e-02 -1.260079000000000060e-01 -9.210953830931820630e-01 4.688047728543337511e-03 3.893087687850339540e-01 3.895062400000000036e+00
5.641134786710826354e-01 2.354942494595469588e-02 8.253613801034821451e-01 2.614714399999999994e+00 -1.707231109663495325e-03 9.996243325383082912e-01 -2.735469172335451560e-02 -1.282651999999999959e-01 -8.256955059484992754e-01 1.402206768120912821e-02 5.639417639033266205e-01 3.931189499999999892e+00
6.196884558854339753e-01 2.634906005048064798e-02 7.844054721104275485e-01 2.629520700000000044e+00 -5.117313499927384282e-03 9.995506977434062135e-01 -2.953329888808815806e-02 -1.288409000000000082e-01 -7.848312116276149331e-01 1.428739567331475252e-02 6.195448648645263123e-01 3.945446700000000195e+00
6.721758394590880981e-01 2.680072322248334277e-02 7.399063198015152221e-01 2.643206100000000003e+00 -6.002474036253540798e-03 9.995090531271055845e-01 -3.075098408833628130e-02 -1.295856999999999981e-01 -7.403672137209442727e-01 1.622880006990199200e-02 6.720067074779660921e-01 3.960452800000000106e+00
8.447007511432754745e-01 1.309250442587072544e-02 5.350787113554834606e-01 2.688408900000000212e+00 -8.616747336908796989e-03 9.999038665371149381e-01 -1.086321082641999655e-02 -1.321450999999999876e-01 -5.351694990218688330e-01 4.565524283795779903e-03 8.447323619376115866e-01 4.029571500000000306e+00
9.019782016647981404e-01 9.912648608449937601e-03 4.316677693772171809e-01 2.704883300000000101e+00 -1.190261021540751050e-02 9.999273395402170639e-01 1.908798073005791261e-03 -1.331312000000000051e-01 -4.316174829540585511e-01 -6.859667454682433045e-03 9.020306499065395833e-01 4.069713100000000416e+00
9.224837676277662935e-01 1.148350494499465572e-02 3.858650380346210773e-01 2.711899999999999977e+00 -1.467373564744571708e-02 9.998781631536672876e-01 5.323563712133892560e-03 -1.335226999999999942e-01 -3.857568922850636572e-01 -1.057298267408734657e-02 9.225398810305943664e-01 4.090546599999999700e+00
9.658256318307386623e-01 1.760709926626188859e-02 2.585939654249157504e-01 2.734631300000000209e+00 -2.014213523175936715e-02 9.997715109494887953e-01 7.156834641229310907e-03 -1.337344000000000033e-01 -2.584088684373274658e-01 -1.212088896097897675e-02 9.659595958236222302e-01 4.179296500000000414e+00
9.698823762851893626e-01 1.466583581616101237e-02 2.431318354950823546e-01 2.739948300000000003e+00 -1.704389423352846780e-02 9.998252448722177999e-01 7.680194370337276900e-03 -1.339455999999999980e-01 -2.429767104904308750e-01 -1.159279845521667823e-02 9.699628473210848423e-01 4.202788400000000202e+00
9.749811324898250975e-01 2.431980522711520848e-02 2.209532492691004546e-01 2.749497700000000044e+00 -2.669335780048728152e-02 9.996135306981678292e-01 7.762338209464201763e-03 -1.337897999999999865e-01 -2.206790790677567171e-01 -1.346611743815280364e-02 9.752535094748178146e-01 4.250925099999999901e+00
9.760580856300289376e-01 3.225451134574044976e-02 2.151052300017150254e-01 2.754111799999999999e+00 -3.443543451589842208e-02 9.993864444140565517e-01 6.398091209975054552e-03 -1.336496000000000073e-01 -2.147668836807586079e-01 -1.365215071984589475e-02 9.765699178526738855e-01 4.275654799999999867e+00
9.753030185473220426e-01 3.637711866357052487e-02 2.178548306790979439e-01 2.776520500000000169e+00 -3.507566891484990151e-02 9.993362212697007863e-01 -9.839426231819402291e-03 -1.344152999999999876e-01 -2.180681532518165544e-01 1.955018192266441690e-03 9.759315849183333169e-01 4.380203200000000407e+00
9.742419733317621011e-01 3.719170855908576073e-02 2.224170726654994823e-01 2.782504299999999819e+00 -3.488067479735567494e-02 9.992890117361370450e-01 -1.431116868377762391e-02 -1.348590000000000066e-01 -2.227911935519785724e-01 6.184483638142116574e-03 9.748465706139680664e-01 4.407913200000000309e+00
9.715023520767397391e-01 4.504245885687749307e-02 2.327108867446664175e-01 2.794873500000000011e+00 -4.390988816677102169e-02 9.989849688504667258e-01 -1.004757343908462344e-02 -1.356497000000000119e-01 -2.329272453590265080e-01 -4.570677834139337883e-04 9.724940562586987802e-01 4.465405900000000372e+00
9.688731601034207275e-01 3.543735287984849797e-02 2.450081501748059276e-01 2.817384500000000180e+00 -3.777455330135114780e-02 9.992745405762010202e-01 4.845170699345736909e-03 -1.369946999999999970e-01 -2.446587066795182230e-01 -1.394942927475925978e-02 9.695089121141764466e-01 4.554620299999999844e+00
9.683016062224825138e-01 3.081406208945752442e-02 2.478759628614835286e-01 2.825411599999999801e+00 -3.323469318174267911e-02 9.994319642599251985e-01 5.586052690686884627e-03 -1.372078999999999938e-01 -2.475630314810269572e-01 -1.364706536566598002e-02 9.687756722022025091e-01 4.584881300000000159e+00
9.683305841640155176e-01 2.748221603957892376e-02 2.481544026893948984e-01 2.833655600000000163e+00 -2.902870753451112715e-02 9.995752631705788760e-01 2.574373000128963272e-03 -1.375480000000000036e-01 -2.479782529002337033e-01 -9.696445690142694446e-03 9.687170717136793785e-01 4.615699799999999797e+00
9.685105287022116594e-01 2.683275508198177187e-02 2.475224415031348768e-01 2.841822899999999930e+00 -2.654162656466677386e-02 9.996375196489946102e-01 -4.513465332495863666e-03 -1.379016999999999882e-01 -2.475538281914949901e-01 -2.198309513296110330e-03 9.688716476309023884e-01 4.646939800000000176e+00
