9.999949723387474565e-01 -2.442912293007892029e-03 -2.021750913530404644e-03 6.952859999999999596e-02 2.445480775498643043e-03 9.999962047138885035e-01 1.268929310599253802e-03 -3.021110000000000115e-02 2.018643357395420636e-03 -1.273867083844412241e-03 9.999971511667662405e-01 1.355138999999999927e-01
9.999794476405391430e-01 -2.562934240473000672e-03 -5.876705250494301813e-03 6.879699999999999704e-02 2.562639225135668591e-03 9.999967147683124224e-01 -5.773027106420572678e-05 -3.019509999999999902e-02 5.876833903044416732e-03 4.266920918144561032e-05 9.999827303521869881e-01 1.807667000000000024e-01
9.999426759178221547e-01 -1.020599158211440332e-03 -1.065848280307759091e-02 6.792230000000000489e-02 1.012971577737216454e-03 9.999992270171924602e-01 -7.210087379761289696e-04 -3.036640000000000172e-02 1.065921042516467312e-02 7.101706666706637545e-04 9.999429368172646493e-01 2.268828999999999985e-01
9.998120055891749347e-01 -3.773194685856840727e-04 -1.938584818289321512e-02 6.546520000000000117e-02 3.306467255636619186e-04 9.999970395547631563e-01 -2.410716584792086965e-03 -3.079350000000000143e-02 1.938670040245198470e-02 2.403853516324115040e-03 9.998091704599321172e-01 3.222305999999999782e-01
9.997059574289881567e-01 2.404625496373795010e-03 -2.412916196664190854e-02 6.365830000000000100e-02 -2.479009653744074400e-03 9.999922658735239667e-01 -3.053310379270461009e-03 -3.103509999999999949e-02 2.412163328066516121e-02 3.112229001488502674e-03 9.997041866664936327e-01 3.711903999999999759e-01
9.994579200002002839e-01 1.779046396898863657e-03 -3.287401926736256003e-02 6.008299999999999752e-02 -1.737276155644868142e-03 9.999976470567856213e-01 1.299135270610262370e-03 -3.168590000000000295e-02 3.287625313858425630e-02 -1.241319785549631263e-03 9.994586590273545346e-01 4.719605000000000050e-01
9.993358703614786398e-01 1.284038188874413872e-03 -3.641660960050254608e-02 5.807240000000000318e-02 -1.147553714281047445e-03 9.999922406675231246e-01 3.768517642172305223e-03 -3.186320000000000124e-02 3.642116595248897498e-02 -3.724224842304268372e-03 9.993295896849974103e-01 5.233463999999999894e-01
9.991545426281626119e-01 2.482347126291226374e-03 -4.103703081671256081e-02 5.301650000000000112e-02 -2.358624215497856242e-03 9.999925272803408260e-01 3.063049997476766095e-03 -3.267849999999999921e-02 4.104432771184454709e-02 -2.963669384659663002e-03 9.991529311504125932e-01 6.274821000000000426e-01
9.989820194285993216e-01 -5.597545792754755499e-04 -4.510666838914726556e-02 4.815289999999999848e-02 7.039220789489536575e-04 9.999946949974642951e-01 3.180325554864205703e-03 -3.296539999999999887e-02 4.510464889636416758e-02 -3.208839625025574922e-03 9.989771138500603831e-01 7.336038000000000281e-01
9.989200888231317688e-01 -2.029872935314282461e-03 -4.641697708223925523e-02 4.564719999999999889e-02 2.160990936009612919e-03 9.999938153393226337e-01 2.774779500990553517e-03 -3.324470000000000203e-02 4.641105755917580844e-02 -2.872089652345774166e-03 9.989182973783530262e-01 7.875113999999999725e-01
9.988183942604131893e-01 -1.460255533298208854e-04 -4.859829177643425896e-02 4.253030000000000005e-02 1.802779907995386954e-04 9.999997384523037214e-01 7.004249925142636479e-04 -3.370070000000000010e-02 4.859817678571590888e-02 -7.083585687207041804e-04 9.988181593469566133e-01 8.414580000000000393e-01
9.986522693110929660e-01 4.376576027214577891e-03 -5.171547720056561548e-02 3.586679999999999729e-02 -4.570791534947882262e-03 9.999829370327475431e-01 -3.637788903172502804e-03 -3.458069999999999894e-02 5.169867372136600914e-02 3.869266808842067220e-03 9.986552337567823345e-01 9.519819999999999949e-01
9.985009710107460856e-01 4.503764660149438964e-03 -5.454839130976452816e-02 3.009440000000000032e-02 -4.601217387808007389e-03 9.999880347338112596e-01 -1.661080299084377382e-03 -3.590630000000000210e-02 5.454025750899365449e-02 1.909579298134014879e-03 9.985097464811031331e-01 1.064726199999999956e+00
9.984386032721072057e-01 5.171635060804342411e-03 -5.562022731742154169e-02 2.663249999999999992e-02 -5.183520063104727661e-03 9.999865630602762234e-01 -6.941650852014609094e-05 -3.657069999999999765e-02 5.561912095493039276e-02 3.576166860251811606e-04 9.984519945868738366e-01 1.122012100000000068e+00
9.983807859049130817e-01 4.866420192287205897e-03 -5.667560577885510237e-02 2.342949999999999894e-02 -4.874834205365119640e-03 9.999881178730605225e-01 -1.020608842006607230e-05 -3.719070000000000015e-02 5.667488268499808884e-02 2.864737442383924644e-04 9.983926460092921173e-01 1.179100299999999990e+00
9.982877063291684117e-01 4.330708535626943793e-03 -5.833438399115353085e-02 2.010750000000000037e-02 -4.394352678067051966e-03 9.999898813024197253e-01 -9.627862239969677645e-04 -3.765129999999999866e-02 5.832962417664514648e-02 1.217479507754171218e-03 9.982966356184215240e-01 1.236217399999999911e+00
9.982296054421848641e-01 3.150311843728437634e-03 -5.939469971325052333e-02 1.634120000000000017e-02 -3.262445506337802951e-03 9.999930742468564615e-01 -1.791063270553053125e-03 -3.818950000000000122e-02 5.938864595238818600e-02 1.981664353065940801e-03 9.982329696710751099e-01 1.293714800000000054e+00
9.981837812932173870e-01 3.178508279639990879e-03 -6.015842292057341223e-02 1.313910000000000078e-02 -3.177003634814261346e-03 9.999949460317654193e-01 1.206599812049643226e-04 -3.892890000000000239e-02 6.015850240056420939e-02 7.068269199341542150e-05 9.981888346364521380e-01 1.351563999999999988e+00
9.981938572161713763e-01 4.347677743237092843e-03 -5.991761939649060259e-02 9.130799999999999680e-03 -4.155269088129040153e-03 9.999858041707728740e-01 3.335445358287545715e-03 -3.928829999999999822e-02 5.993127025774596522e-02 -3.080447236010301626e-03 9.981977527975702813e-01 1.410231100000000071e+00
9.982444530302162500e-01 5.209182877382982808e-03 -5.899895260218127740e-02 5.306400000000000179e-03 -4.794761500762560573e-03 9.999628458139595555e-01 7.163606200672621195e-03 -3.967529999999999668e-02 5.903407707888095463e-02 -6.868144246992052317e-03 9.982323408596053271e-01 1.469369099999999984e+00
9.983326491213182496e-01 4.047115098305284486e-03 -5.758074815241673999e-02 1.978199999999999837e-03 -3.467655621857588469e-03 9.999423753992066066e-01 1.015978570051469417e-02 -3.992960000000000259e-02 5.761854790689516920e-02 -9.943175567858229466e-03 9.982891546023765494e-01 1.528742000000000045e+00
9.984868527834221963e-01 4.198152889243488006e-03 -5.483046900196194423e-02 -4.738700000000000204e-03 -3.764371202689862153e-03 9.999608162320787752e-01 8.012210052350858536e-03 -4.029889999999999861e-02 5.486195702037006267e-02 -7.793684160470541744e-03 9.984635317121511866e-01 1.647862699999999903e+00
9.985444819330283606e-01 5.245784003218670853e-03 -5.367866756255756933e-02 -8.349199999999999330e-03 -5.076845145648211342e-03 9.999817232825800595e-01 3.283099780483795041e-03 -4.051529999999999715e-02 5.369490892502848389e-02 -3.005802886597795306e-03 9.985528638507527033e-01 1.707838200000000084e+00
9.986156882173382598e-01 4.784868741119635560e-03 -5.238141156309289448e-02 -1.194360000000000040e-02 -4.779419162347071579e-03 9.999885522216779288e-01 2.292990692349665296e-04 -4.056440000000000046e-02 5.238190907825386600e-02 2.137107434376342744e-05 9.986271251796611237e-01 1.768078199999999933e+00
9.986679877051533039e-01 2.189198874476444220e-03 -5.155053579961805382e-02 -1.510610000000000078e-02 -2.128161810192894486e-03 9.999969680415444762e-01 1.238884590227368708e-03 -4.108789999999999665e-02 5.155309166528567605e-02 -1.127526499137560933e-03 9.986696187547432491e-01 1.828799000000000063e+00
9.986417724214635694e-01 -3.350608800574679069e-04 -5.210084557014732498e-02 -1.793770000000000087e-02 6.693927445771093773e-04 9.999792976829778857e-01 6.399696774992332318e-03 -4.171579999999999733e-02 5.209762267389167478e-02 -6.425880458349256252e-03 9.986213225102215096e-01 1.890349899999999916e+00
9.985937737854018170e-01 -4.027930975718661127e-03 -5.286067280204156948e-02 -2.101099999999999843e-02 4.557741310807387342e-03 9.999405467929322056e-01 9.906052371929726860e-03 -4.207930000000000004e-02 5.281762917031974924e-02 -1.013304749354807487e-02 9.985527624503974797e-01 1.952342000000000022e+00
9.984688578606947251e-01 -1.143985682934794100e-02 -5.412087913258364913e-02 -2.362859999999999960e-02 1.195012441632045154e-02 9.998870576125384879e-01 9.114084999301066969e-03 -4.225050000000000333e-02 5.401050276376039017e-02 -9.746881278852443514e-03 9.984927961164976606e-01 2.013637999999999817e+00
9.983559852512275956e-01 -1.373275080618730805e-02 -5.564834470445467751e-02 -2.672750000000000126e-02 1.405810199941500034e-02 9.998862764201327247e-01 5.459303513832870769e-03 -4.268820000000000253e-02 5.556704492075038859e-02 -6.232638444291933519e-03 9.984355050461687364e-01 2.075030799999999953e+00
9.982695588342060944e-01 -1.328781490780951181e-02 -5.728282360302481419e-02 -3.031419999999999948e-02 1.338262931269614854e-02 9.999096396863602632e-01 1.271886383341568191e-03 -4.271099999999999897e-02 5.726074691827227198e-02 -2.036280253049463883e-03 9.983571807850597501e-01 2.137590900000000183e+00
9.981584768163374033e-01 -1.184384109773492511e-02 -5.949267675723592802e-02 -3.409999999999999837e-02 1.189282211012566981e-02 9.999291677682442536e-01 4.692851620580007032e-04 -4.315619999999999873e-02 5.948290461927915190e-02 -1.175956784081337103e-03 9.982286317190545155e-01 2.199898500000000201e+00
9.980729228033069500e-01 -9.053365621847372924e-03 -6.138792501609158930e-02 -4.247059999999999724e-02 9.353305749788126677e-03 9.999456746397651363e-01 4.600373982201828166e-03 -4.399170000000000164e-02 6.134294122729291171e-02 -5.165688738425038007e-03 9.981033810289606789e-01 2.325808299999999829e+00
9.979484896574536412e-01 -7.797913670967615736e-03 -6.354529512707837724e-02 -5.087429999999999730e-02 8.343653314932458070e-03 9.999305168710473923e-01 8.327357285501166620e-03 -4.462599999999999900e-02 6.347594378792309477e-02 -8.840473538239289678e-03 9.979442121621089345e-01 2.451379499999999823e+00
9.979519797610271192e-01 -7.805024808440554768e-03 -6.348958716818292602e-02 -5.505209999999999965e-02 8.552709544997868368e-03 9.998971428402823047e-01 1.151324885855836005e-02 -4.492779999999999690e-02 6.339319561660836100e-02 -1.203267749006099382e-02 9.979160873650322339e-01 2.514445100000000100e+00
9.979527373015772973e-01 -1.885275909117902328e-03 -6.392792697276865332e-02 -5.989959999999999729e-02 2.763832655813677590e-03 9.999029152771895523e-01 1.365727825111252500e-02 -4.492249999999999716e-02 6.389597281002772078e-02 -1.380600430697285358e-02 9.978610619238211799e-01 2.577242599999999939e+00
9.979396195669820724e-01 -2.090832562458766995e-03 -6.412600188459323391e-02 -6.799180000000000501e-02 2.816159277681922098e-03 9.999330583335601652e-01 1.122266005079040722e-02 -4.476050000000000167e-02 6.409824448009336650e-02 -1.138012613676329075e-02 9.978787039433607564e-01 2.701421700000000037e+00
9.979538818734335903e-01 1.265346482320890513e-04 -6.393773254290280317e-02 -7.264410000000000311e-02 4.387717459741732927e-04 9.999609415183938754e-01 8.827395822231402789e-03 -4.474120000000000180e-02 6.393635220357751781e-02 -8.837387998170638526e-03 9.979148477902660686e-01 2.763511199999999945e+00
9.978794230703250667e-01 -3.481049559057118039e-04 -6.508867670935473970e-02 -7.678690000000000515e-02 9.304039315804329144e-04 9.999598175610665551e-01 8.916143323357160130e-03 -4.494440000000000240e-02 6.508295753389918559e-02 -8.957794716235723334e-03 9.978396497195640702e-01 2.825393699999999786e+00
9.977191264857466768e-01 -1.969485393297582855e-03 -6.747344493802233389e-02 -8.492479999999999474e-02 2.739750378101231745e-03 9.999321146026695084e-01 1.132519112861276635e-02 -4.570210000000000244e-02 6.744655967789935092e-02 -1.148422019640439433e-02 9.976567918247718492e-01 2.948129900000000081e+00
9.976483006306158252e-01 9.827749137674593287e-04 -6.853395072745517569e-02 -9.390370000000000661e-02 -7.266161453850971058e-04 9.999926577105310299e-01 3.762519635279811588e-03 -4.642559999999999742e-02 6.853714524126060248e-02 -3.703873445120632515e-03 9.976416897081240576e-01 3.069076299999999868e+00
9.976072027222167016e-01 1.828133154295577415e-03 -6.911242294930995678e-02 -9.833069999999999311e-02 -1.642185957258863538e-03 9.999948779818815803e-01 2.747223195068337811e-03 -4.707089999999999885e-02 6.911709124403254967e-02 -2.627154196446223038e-03 9.976050950946432350e-01 3.129883799999999994e+00
9.975906028529470948e-01 -1.527948359696160770e-03 -6.935888171895272791e-02 -1.070466999999999946e-01 2.190966830574082088e-03 9.999526238978904136e-01 9.484177564310471500e-03 -4.821149999999999741e-02 6.934110443193776396e-02 -9.613289423196816688e-03 9.975466885828576658e-01 3.250701400000000074e+00
9.975697701303017917e-01 -3.836478030085219409e-03 -6.956892379864407228e-02 -1.111945000000000017e-01 4.557504064660217701e-03 9.999375065280721175e-01 1.020843744763674094e-02 -4.864879999999999899e-02 6.952541174906826105e-02 -1.050068925101490386e-02 9.975249132960921639e-01 3.310923299999999792e+00
9.975408294118298658e-01 -6.936286150236578227e-03 -6.974368495283644886e-02 -1.152630000000000043e-01 7.591812735896289951e-03 9.999294244086157635e-01 9.138412402452819605e-03 -4.912459999999999744e-02 6.967537610764332201e-02 -9.645420483123421512e-03 9.975230863633994804e-01 3.370714400000000222e+00
9.974896719125431188e-01 -9.780959724493172580e-03 -7.013335336824408350e-02 -1.194390000000000035e-01 1.035701965544995676e-02 9.999155131904975402e-01 7.854847219437204389e-03 -4.952170000000000183e-02 7.005060008068292321e-02 -8.561501495177091178e-03 9.975066987847672761e-01 3.430098099999999928e+00
9.974118216581799867e-01 -1.106328167961675123e-02 -7.104408360298873626e-02 -1.237747000000000014e-01 1.173409826715691474e-02 9.998903622894349530e-01 9.031851336203537695e-03 -4.972410000000000024e-02 7.093637257689246189e-02 -9.842113552486219524e-03 9.974322853439486769e-01 3.489458599999999855e+00
9.972866164600435734e-01 -1.426109208390608993e-02 -7.222205952652173411e-02 -1.277445000000000108e-01 1.524378882488151149e-02 9.997983321265816459e-01 1.307371328919056629e-02 -4.986870000000000192e-02 7.202104922826739475e-02 -1.413917711466588546e-02 9.973028888650526946e-01 3.548899200000000143e+00
9.971894821024708255e-01 -1.346056671519363888e-02 -7.370176339757351924e-02 -1.362934000000000090e-01 1.499187774650712242e-02 9.996822673584236929e-01 2.026346295071219938e-02 -4.982290000000000330e-02 7.340558824667146876e-02 -2.131143995198171714e-02 9.970744416247632191e-01 3.667282099999999989e+00
9.970139099029621255e-01 -1.077284671229081572e-02 -7.646704671766441086e-02 -1.455242999999999953e-01 1.145112404731465569e-02 9.998988370060262199e-01 8.437269229389471673e-03 -4.979770000000000030e-02 7.636841767419957905e-02 -9.287708420793331157e-03 9.970364101948481217e-01 3.782673799999999975e+00
9.969824845101165067e-01 -9.064151497336886409e-03 -7.709582827668910732e-02 -1.504376000000000047e-01 9.375085103247474821e-03 9.999493104453432979e-01 3.672100106107852729e-03 -5.006159999999999777e-02 7.705863585181273179e-02 -4.383799438356582659e-03 9.970169251036523628e-01 3.839393900000000137e+00
9.968610202461687386e-01 -1.525731061652148019e-03 -7.915667033481728343e-02 -1.603141999999999900e-01 2.065426370937653404e-03 9.999751755513677232e-01 6.736638250458570204e-03 -5.102170000000000316e-02 7.914442701589081974e-02 -6.878984353726646378e-03 9.968394250061478612e-01 3.951515699999999853e+00
9.966927368468621040e-01 1.492884734040934467e-03 -8.124875144814597272e-02 -1.701629000000000058e-01 -8.339699204515133458e-04 9.999664960210103981e-01 8.143176876036661849e-03 -5.196390000000000037e-02 8.125818611612933839e-02 -8.048486232423067432e-03 9.966605886953106008e-01 4.060316600000000165e+00
9.964494771250231864e-01 3.792555378250977386e-03 -8.410740788403039958e-02 -1.795757000000000048e-01 -3.005328347437042063e-03 9.999505056841216932e-01 9.484417936459935833e-03 -5.279699999999999671e-02 8.413921522567138767e-02 -9.197972916477368394e-03 9.964115564140331172e-01 4.165419599999999889e+00
9.962144378190104232e-01 3.157783207723421741e-03 -8.687244837211681447e-02 -1.888108000000000009e-01 -2.205453025747652722e-03 9.999364462903870265e-01 1.105619089484838162e-02 -5.369469999999999799e-02 8.690184035970872911e-02 -1.082274389261464985e-02 9.961580890384470477e-01 4.267614799999999597e+00
9.959740811021017270e-01 7.465283310016152148e-03 -8.933028219996498598e-02 -1.984061000000000019e-01 -5.892734092366476613e-03 9.998232294898221628e-01 1.785456405122287649e-02 -5.397160000000000152e-02 8.944778061942536274e-02 -1.725628342499486989e-02 9.958420131851314361e-01 4.366546200000000155e+00
9.957777756160627325e-01 1.057591980705813520e-02 -9.118536894349310584e-02 -2.030360999999999971e-01 -8.815875734902726274e-03 9.997674017667529389e-01 1.968305615453747742e-02 -5.412560000000000288e-02 9.137232581122708974e-02 -1.879607099344429016e-02 9.956393954595490481e-01 4.414248899999999587e+00
9.955295488506750168e-01 1.322045685556702717e-02 -9.352078317519300910e-02 -2.127815999999999874e-01 -1.251654844727186598e-02 9.998887810527592457e-01 8.109348913092737435e-03 -5.447040000000000215e-02 9.361759118957542480e-02 -6.902539051484813878e-03 9.955843015910326166e-01 4.505843200000000159e+00
9.951024660734626437e-01 1.617288261439798688e-02 -9.751676718623239482e-02 -2.304711999999999872e-01 -1.556443309038313058e-02 9.998543848182948057e-01 6.996969501446596504e-03 -5.650179999999999786e-02 9.761572843086269158e-02 -5.444908407869731085e-03 9.952092857963805717e-01 4.675635299999999717e+00
9.950942950901351391e-01 4.949306698437305925e-03 -9.880712647512730762e-02 -2.376205000000000123e-01 -5.104737033637824113e-03 9.999860991138308508e-01 -1.320317734904516687e-03 -5.789919999999999789e-02 9.879921831110004271e-02 1.818225043414732883e-03 9.951057273068059095e-01 4.753029299999999679e+00
9.954795508586147257e-01 3.456522449788046718e-03 -9.491320390169562249e-02 -2.446252999999999900e-01 -4.078507041299151044e-03 9.999714577774521107e-01 -6.359985121947287628e-03 -5.900070000000000314e-02 9.488851143655278875e-02 6.718339303088885842e-03 9.954652351108821406e-01 4.825858600000000109e+00
9.962432718512714835e-01 6.814681720644944277e-03 -8.633019983829506860e-02 -2.517035000000000244e-01 -6.854862281623595732e-03 9.999764908764521287e-01 -1.689896943532395420e-04 -6.038960000000000161e-02 8.632701867998007761e-02 7.601364766481740701e-04 9.962665647497979116e-01 4.895277499999999726e+00
9.999134854983608989e-01 1.121734726363376664e-02 -6.869689868266362458e-03 -2.591804999999999803e-01 -1.115836504094424794e-02 9.999010623451717317e-01 8.564835702449619115e-03 -6.308210000000000206e-02 6.965084933591744569e-03 -8.487440212689007640e-03 9.999397236586332616e-01 5.084150799999999748e+00
9.997797341344588640e-01 7.783201686637557584e-03 1.949115146767765178e-02 -2.573381000000000141e-01 -7.970148715668838243e-03 9.999228045776379359e-01 9.532135911803976680e-03 -6.342649999999999677e-02 -1.941545630370176967e-02 -9.685383683473925559e-03 9.997645889905397709e-01 5.112955600000000267e+00
9.965771272943468873e-01 6.403792057888837118e-03 8.241978403894517635e-02 -2.509706999999999910e-01 -7.465236330963023574e-03 9.998930415274343009e-01 1.257679416780586173e-02 -6.390389999999999959e-02 -8.233042937012968743e-02 -1.314902856852192062e-02 9.965183407481441602e-01 5.169584799999999980e+00
9.784494137375998601e-01 6.153734718597105545e-03 2.063949522288763827e-01 -2.331816999999999918e-01 -9.097436570453244081e-03 9.998699460100615166e-01 1.331644523449017521e-02 -6.452650000000000052e-02 -2.062861638704681089e-01 -1.490713301911970011e-02 9.783781456986642144e-01 5.248574299999999582e+00
9.314834490042815940e-01 9.974363856035312059e-03 3.636469390724406114e-01 -2.035764999999999936e-01 -1.319877033517725257e-02 9.998925193578152015e-01 6.382961218769501142e-03 -6.556289999999999341e-02 -3.635441880882256394e-01 -1.074531516282732635e-02 9.315149819027734868e-01 5.320051699999999606e+00
6.791692015514084746e-01 6.627458677642023357e-03 7.339518188924247788e-01 -9.135730000000000239e-02 -1.079624644278365762e-02 9.999412569394128258e-01 9.611103858652879015e-04 -6.715440000000000298e-02 -7.339023345968924694e-01 -8.576681287262827302e-03 6.792008567510259276e-01 5.447483100000000356e+00
6.330204444606494230e-01 5.228121007662640991e-03 7.741174223886005956e-01 -7.128790000000000127e-02 -8.016966107471960520e-03 9.999678440659266476e-01 -1.977083056703236863e-04 -6.777769999999999628e-02 -7.740935635627476108e-01 -6.080919738963976549e-03 6.330420027658945070e-01 5.459814999999999863e+00
5.860811802069199050e-01 2.883200245210972013e-03 8.102472075629819637e-01 -5.054770000000000096e-02 -2.738170104133514152e-03 9.999950064970366537e-01 -1.577784989286442089e-03 -6.810159999999999825e-02 -8.102477106612179236e-01 -1.293884592072858759e-03 5.860861483015253892e-01 5.471211900000000128e+00
5.395797107707877016e-01 4.888401624054640980e-03 8.419203283292753248e-01 -2.978099999999999845e-02 -4.955764699943895034e-03 9.999842614863796442e-01 -2.630052428867451011e-03 -6.873039999999999705e-02 -8.419199345072854168e-01 -2.753236114419090573e-03 5.395954443563681924e-01 5.481828199999999818e+00
4.463384663557815046e-01 9.935663940739207847e-03 8.948090612154222523e-01 1.434249999999999935e-02 -1.043126243668178292e-02 9.999281887597634144e-01 -5.899668431022860905e-03 -6.989389999999999492e-02 -8.948034209898538816e-01 -6.700739188748563481e-03 4.464100557549957049e-01 5.500906900000000377e+00
3.641967335146280571e-01 -9.508611994174173687e-06 9.313220383985666428e-01 6.122690000000000077e-02 1.145927767861129078e-02 9.999243447778889404e-01 -4.470981502305345495e-03 -7.037530000000000174e-02 -9.312515365100663134e-01 1.230059470496339472e-02 3.641692890916871095e-01 5.514087199999999633e+00
2.956734818429764822e-01 4.550397112424884802e-04 9.552889537065276659e-01 1.079805999999999960e-01 1.283094432574643368e-02 9.999077884950318129e-01 -4.447625735634728669e-03 -7.100280000000000480e-02 -9.552028889207573314e-01 1.357230436719856874e-02 2.956403787570356378e-01 5.525246100000000382e+00
2.361133927893001028e-01 1.247569785496058931e-02 9.716454202581090716e-01 1.570833000000000090e-01 -3.502166724610017955e-03 9.999220116182583329e-01 -1.198772328378615998e-02 -7.291609999999999758e-02 -9.717191984178139563e-01 -5.724022425936253766e-04 2.361386706617828457e-01 5.538090200000000074e+00
1.868985610892588967e-01 1.584657138733296458e-02 9.822514006292029087e-01 2.080683000000000116e-01 5.410391074749422435e-03 9.998381220121047575e-01 -1.715976222812775828e-02 -7.425260000000000193e-02 -9.823643191459994206e-01 8.521499080195255038e-03 1.867825701778498271e-01 5.545804999999999652e+00
1.669674305425371819e-01 2.200810664230477484e-02 9.857167546410295911e-01 2.348419999999999952e-01 1.299749418166027889e-02 9.996148428650108997e-01 -2.452001364104766656e-02 -7.419099999999999306e-02 -9.858767378749843102e-01 1.690589145772552343e-02 1.666170716073201996e-01 5.548529099999999659e+00
1.468838763030000383e-01 2.879224803006968925e-02 9.887346121864956094e-01 2.618403000000000258e-01 1.408821022442451054e-02 9.994139897915516046e-01 -3.119614305655254299e-02 -7.417300000000000282e-02 -9.890534106987737273e-01 1.851171149049754550e-02 1.463921696089486302e-01 5.552667600000000370e+00
1.293259862620387002e-01 2.992624159222392888e-02 9.911504473799700454e-01 2.915864000000000233e-01 1.167295787934081140e-02 9.994292852422630435e-01 -3.169930369087534117e-02 -7.502499999999999447e-02 -9.915334242130712239e-01 1.566920113799852993e-02 1.289028502555270572e-01 5.555683600000000055e+00
7.376919417234979737e-02 1.865791030635949657e-02 9.971007914820656515e-01 4.185725000000000140e-01 1.559645432830134362e-02 9.996811131342268064e-01 -1.986007691572556910e-02 -7.988919999999999355e-02 -9.971533766695809264e-01 1.701629882533711724e-02 7.345467289927487542e-02 5.565897900000000398e+00
5.568424916984743289e-02 1.970061766918105445e-02 9.982540508597215201e-01 4.876955000000000040e-01 2.045954001672368322e-02 9.995728775285569467e-01 -2.086791152905851862e-02 -8.172599999999999310e-02 -9.982387848689784349e-01 2.158583268565941390e-02 5.525739960016473606e-02 5.568910100000000085e+00
3.865205567307603701e-02 2.167610875523661579e-02 9.990175998957558923e-01 6.004142000000000090e-01 2.391902996840652995e-02 9.994581623629195111e-01 -2.261109664537389388e-02 -8.479219999999999813e-02 -9.989664151499869638e-01 2.476949727723844544e-02 3.811264103964684402e-02 5.572559400000000274e+00
3.428427720392334538e-02 2.172718209132228767e-02 9.991759193930639382e-01 6.404370999999999814e-01 2.614825063953743478e-02 9.994019128138306174e-01 -2.262930959062744302e-02 -8.582420000000000326e-02 -9.990699962090224817e-01 2.690253189621856500e-02 3.369564441402583821e-02 5.573528800000000061e+00
3.139379871287596713e-02 2.174495922449876106e-02 9.992705270099284665e-01 6.831000000000000405e-01 2.771071301276260140e-02 9.993600780707903031e-01 -2.261748754101862782e-02 -8.710130000000000650e-02 -9.991228882308220705e-01 2.840054764733788636e-02 3.077114080809406627e-02 5.575720300000000407e+00
2.826673114495059647e-02 2.127917632276401030e-02 9.993738982810204119e-01 7.255629999999999580e-01 2.841286353502008380e-02 9.993523295647187554e-01 -2.208235900690854250e-02 -8.829520000000000424e-02 -9.991965277642426146e-01 2.901927029741424233e-02 2.764382128588960263e-02 5.576793200000000006e+00
2.520660338422036489e-02 2.067263423819121204e-02 9.994684934201197857e-01 8.141306999999999849e-01 3.428854363135781097e-02 9.991800105714566671e-01 -2.153142471050173423e-02 -9.042830000000000312e-02 -9.990940510890206072e-01 3.481305312777805555e-02 2.447709971486444758e-02 5.578459699999999799e+00
4.109655939791326956e-02 1.811592155964676654e-02 9.989909339887416140e-01 1.055448799999999965e+00 4.397578058765194697e-02 9.988339394152715434e-01 -1.992215334436093707e-02 -9.659280000000000643e-02 -9.981869582034020860e-01 4.475013808039325636e-02 4.025197652818124361e-02 5.585968000000000266e+00
4.487269291312585839e-02 1.673938177172600017e-02 9.988524588389542380e-01 1.106859599999999944e+00 4.363828927421294079e-02 9.988723665962210285e-01 -1.870013261142613320e-02 -9.773650000000000393e-02 -9.980391480998851428e-01 4.442733784918041079e-02 4.409161498165348192e-02 5.588524800000000070e+00
5.311625211501670024e-02 1.342802648876136734e-02 9.984980480030349881e-01 1.212023999999999990e+00 3.975112140642003689e-02 9.990885986562972887e-01 -1.555057497098590730e-02 -1.006017000000000022e-01 -9.977968290730263590e-01 4.051740539093442312e-02 5.253406278026329090e-02 5.594507700000000305e+00
6.119899440746144614e-02 2.680734230982547220e-02 9.977655283090307581e-01 1.427219999999999933e+00 2.632296725739534035e-02 9.992482332119096977e-01 -2.846172548604781333e-02 -1.068941999999999948e-01 -9.977784245403793495e-01 2.800597831108372210e-02 6.044733824212211726e-02 5.610104599999999664e+00
6.095607877292331250e-02 2.460430912446440188e-02 9.978371532635657015e-01 1.535891200000000012e+00 2.115055801279474429e-02 9.994398351960342985e-01 -2.593587706385029265e-02 -1.109465000000000034e-01 -9.979163343469112935e-01 2.268576196277191995e-02 6.040153845550522149e-02 5.618103500000000139e+00
6.084441605167947853e-02 2.303553848185576486e-02 9.978814163026492601e-01 1.644381499999999940e+00 1.950874143448288328e-02 9.995152459433056524e-01 -2.426277260610869291e-02 -1.148633000000000015e-01 -9.979565952700411025e-01 2.094366476393732385e-02 6.036552711012466155e-02 5.625837299999999708e+00
6.087679500547262673e-02 2.381183896733246250e-02 9.978612188850991549e-01 1.752348500000000087e+00 1.480080993069552917e-02 9.995839540374330534e-01 -2.475590548306417712e-02 -1.191463999999999995e-01 -9.980355463886331213e-01 1.627621442119787584e-02 6.049903295804082148e-02 5.633637399999999573e+00
5.697528533467530881e-02 2.480868190050147110e-02 9.980673054275405187e-01 1.860227499999999923e+00 8.874860693342043541e-03 9.996391310381060880e-01 -2.535437920861128430e-02 -1.233215000000000006e-01 -9.983361426437017405e-01 1.030228128814286714e-02 5.673455112675063194e-02 5.641037899999999716e+00
4.794309120019792092e-02 2.108080389686523004e-02 9.986275880994033294e-01 1.967952799999999947e+00 3.920614480851666861e-03 9.997655898946636865e-01 -2.129305155837821900e-02 -1.273552000000000017e-01 -9.988423743455532300e-01 4.936088495674336579e-03 4.784920315011353953e-02 5.647617799999999910e+00
3.394113563806815115e-02 1.906337819657365901e-02 9.992420061843539925e-01 2.073733100000000107e+00 1.092289395321787218e-03 9.998167629994282324e-01 -1.911144497995765842e-02 -1.312682000000000015e-01 -9.994232367798313588e-01 1.740125593019455075e-03 3.391409364033470819e-02 5.652392400000000094e+00
1.511188429489363633e-02 2.079548883092079484e-02 9.996695346950112970e-01 2.178383800000000203e+00 1.107111329659356269e-03 9.997827401843460970e-01 -2.081457984164190866e-02 -1.345368000000000119e-01 -9.998851960388057680e-01 1.421292989989858535e-03 1.508557816840705446e-02 5.654701700000000386e+00
4.972296610090467042e-03 1.981331895113967040e-02 9.997913325582302724e-01 2.230012900000000187e+00 2.537999293056692612e-03 9.998002218578961875e-01 -1.982611743357707082e-02 -1.363115000000000021e-01 -9.999844172915944851e-01 2.636051031743226469e-03 4.921017064420607490e-03 5.654929600000000001e+00
-1.686704244774017009e-02 1.803559964581601810e-02 9.996950635191121926e-01 2.332994900000000094e+00 2.927617175761108338e-03 9.998339039060126776e-01 -1.798870917365896077e-02 -1.399974999999999969e-01 -9.998534552306843626e-01 2.623308117269984932e-03 -1.691704222917067568e-02 5.653696100000000335e+00
-2.806408085804484170e-02 1.836242775924841475e-02 9.994374560783579886e-01 2.383627199999999835e+00 3.079220816708796646e-03 9.998281078042702275e-01 -1.828314096906272918e-02 -1.417657999999999974e-01 -9.996013834347946547e-01 2.564389073260156873e-03 -2.811579883136661184e-02 5.652529200000000031e+00
-6.924011778534955308e-02 2.226790049868798693e-02 9.973514659820037487e-01 2.580861800000000095e+00 4.440934595414822161e-03 9.997478190422878219e-01 -2.201309655882792773e-02 -1.480071000000000025e-01 -9.975901383779766096e-01 2.904983230513653175e-03 -6.932154703582615873e-02 5.640859100000000126e+00
-1.043222196867924501e-01 2.160598536827904037e-02 9.943088332484461001e-01 2.770102300000000017e+00 8.578280292304311591e-03 9.997463525372072279e-01 -2.082411332510702290e-02 -1.545671999999999879e-01 -9.945065548234698349e-01 6.357042143634760584e-03 -1.044811008189364676e-01 5.623061700000000052e+00
-1.136751892552191334e-01 1.846147149581443131e-02 9.933464276968025919e-01 2.860870799999999825e+00 1.443850547604784949e-02 9.997524515733290373e-01 -1.692823477910764332e-02 -1.577144000000000046e-01 -9.934130464753360146e-01 1.241811754364100830e-02 -1.139136051982556630e-01 5.613078599999999696e+00
-1.163171988768307852e-01 1.749580900102118419e-02 9.930580073252757156e-01 2.905257499999999826e+00 1.601610585783550672e-02 9.997478727877555649e-01 -1.573770026110314982e-02 -1.590367000000000031e-01 -9.930829741761753038e-01 1.407435695715811459e-02 -1.165680868747707155e-01 5.607648400000000422e+00
-1.177108423903013429e-01 1.642596342229430198e-02 9.929120531595009291e-01 2.948606700000000025e+00 1.659942512832232944e-02 9.997560383276168361e-01 -1.457130443295526212e-02 -1.606096999999999941e-01 -9.929091683881136055e-01 1.476656876590123901e-02 -1.179547870063231141e-01 5.602254399999999634e+00
-9.115484860532195588e-02 2.057321839652286391e-02 9.956241942924800581e-01 3.185581399999999785e+00 1.678997719256098212e-02 9.996762138099702932e-01 -1.911973348234520878e-02 -1.693874999999999964e-01 -9.956951793805243200e-01 1.497365110357536284e-02 -9.147075779184443700e-02 5.578360599999999891e+00
-6.053795847386566481e-02 2.229201221107298889e-02 9.979169413209686423e-01 3.254715899999999884e+00 1.544228495023231180e-02 9.996518562993130796e-01 -2.139397188119336948e-02 -1.720714999999999884e-01 -9.980464375064578286e-01 1.411497038320791778e-02 -6.086112216964800758e-02 5.575064700000000428e+00
-1.465159689235876958e-02 2.770439865627185444e-02 9.995087778521998256e-01 3.320112899999999811e+00 1.219280472222011164e-02 9.995467049146448124e-01 -2.752671806230948259e-02 -1.747138000000000024e-01 -9.998183166063270289e-01 1.178350496967818344e-02 -1.498274971825730439e-02 5.575383699999999720e+00
4.680398036076309498e-02 2.862659358839645535e-02 9.984938184895856272e-01 3.384368700000000008e+00 7.577502795987565640e-03 9.995503393490930977e-01 -2.901207608030816759e-02 -1.776968999999999910e-01 -9.988753520203438319e-01 8.923970340468838705e-03 4.656601635953339091e-02 5.579898799999999603e+00
3.829159505606609115e-01 1.380089457752979067e-02 9.236800907863531584e-01 3.588293300000000130e+00 -3.471907537170698319e-03 9.999028370168954183e-01 -1.350045864469435336e-02 -1.849581999999999893e-01 -9.237766616798017694e-01 1.962609085802377064e-03 3.829266607345295226e-01 5.640082399999999829e+00
4.417498177548602745e-01 1.688103018977094374e-02 8.969794475534428324e-01 3.612789900000000110e+00 -1.948065699107253551e-03 9.998386455794354699e-01 -1.785743111178326320e-02 -1.860813000000000050e-01 -8.971361677881343200e-01 6.141142044617191494e-03 4.417114248248602548e-01 5.655060299999999707e+00
5.013024259451384079e-01 1.933503368010010964e-02 8.650560873227287617e-01 3.636390899999999871e+00 -3.286645482673336560e-04 9.997544884928450948e-01 -2.215524132173606747e-02 -1.876143000000000116e-01 -8.652720784361030981e-01 1.082216295382043558e-02 5.011857051711143818e-01 5.671561699999999817e+00
6.151288276039688085e-01 2.607779380274933070e-02 7.879952246815637995e-01 3.679187999999999903e+00 -7.013677873291272041e-03 9.995942936818674740e-01 -2.760536834273531748e-02 -1.893172999999999939e-01 -7.883954171437430603e-01 1.145411319263422469e-02 6.150621671975230464e-01 5.709521299999999577e+00
7.630800282871609275e-01 2.100205627700499691e-02 6.459626800840765348e-01 3.733200300000000027e+00 -8.532223540263714212e-03 9.997121352191684629e-01 -2.242426937471934945e-02 -1.921345000000000136e-01 -6.462476859461274703e-01 1.160001412363456143e-02 7.630395586610217995e-01 5.774257200000000090e+00
8.048228595282980180e-01 1.507757933821467222e-02 5.933235469640433246e-01 3.748154400000000219e+00 -7.555555429397939338e-03 9.998565401493592075e-01 -1.515957462154669463e-02 -1.929366999999999888e-01 -5.934669985457040609e-01 7.717883249492006083e-03 8.048213192475088817e-01 5.798746099999999792e+00
8.996351752342039987e-01 9.010250950987013993e-03 4.365493865064103418e-01 3.785547699999999960e+00 -1.201144162432859520e-02 9.999193928680166765e-01 4.114977103495447153e-03 -1.947083000000000008e-01 -4.364771205360348794e-01 -8.945565619746071243e-03 8.996708843262154476e-01 5.881259400000000248e+00
9.359697817666560171e-01 1.624388704812762887e-02 3.517054218422656642e-01 3.803495600000000199e+00 -2.134063001953482100e-02 9.997158621757835650e-01 1.061943616671638148e-02 -1.958571000000000062e-01 -3.514329881073313122e-01 -1.744508663484667724e-02 9.360504921329056982e-01 5.939385399999999926e+00
9.579180858724948289e-01 2.240770529060658392e-02 2.861657483032951643e-01 3.818855999999999806e+00 -2.621426294723348469e-02 9.996114197847261185e-01 9.477439216229101293e-03 -1.954154999999999920e-01 -2.858421822903485787e-01 -1.658023460549751249e-02 9.581332593350039284e-01 6.000351399999999558e+00
9.684567766553645596e-01 1.413774307257365491e-02 2.487802161971789938e-01 3.834513900000000142e+00 -1.719600624285994028e-02 9.998008807698434142e-01 1.012403976388752055e-02 -1.956894999999999885e-01 -2.485875481990132974e-01 -1.408272106729198045e-02 9.685070510056930093e-01 6.063770800000000349e+00
9.737128365106335615e-01 2.368064859544153147e-02 2.265447834237537816e-01 3.848022700000000018e+00 -2.667839249457799530e-02 9.995922379774891953e-01 1.017944738480282274e-02 -1.952510000000000079e-01 -2.262113511482602979e-01 -1.595570923694517723e-02 9.739475550328285935e-01 6.129797899999999800e+00
9.748154746676106486e-01 3.152023446927730566e-02 2.207742402717369490e-01 3.854540800000000100e+00 -3.428975989295143800e-02 9.993738696915155373e-01 8.722439125008869809e-03 -1.949510999999999883e-01 -2.203610735022058786e-01 -1.607306432537148819e-02 9.752859344254626306e-01 6.163606200000000257e+00
9.753178452726123382e-01 3.705744521664296881e-02 2.176737155625459719e-01 3.861657099999999954e+00 -3.911726544222012686e-02 9.992213042169156845e-01 5.159916992455295531e-03 -1.949694999999999900e-01 -2.173130006168787764e-01 -1.354735963432146875e-02 9.760079553004815667e-01 6.198258899999999905e+00
9.717778601359706725e-01 4.086219838272681787e-02 2.323318129161061063e-01 3.903258099999999953e+00 -3.916339116541402848e-02 9.991616976634363212e-01 -1.192185869505350132e-02 -1.963872999999999869e-01 -2.326242019695685670e-01 2.486496662119257357e-03 9.725635187443392171e-01 6.382215500000000041e+00
9.702343933143113830e-01 4.409441177951261420e-02 2.381195180572747705e-01 3.912078600000000073e+00 -4.353169665651655112e-02 9.990229570707511719e-01 -7.623820027845968489e-03 -1.971234000000000042e-01 -2.382230329254815260e-01 -2.968854228610569648e-03 9.712059372184429495e-01 6.421840200000000110e+00
9.692093464532867131e-01 4.110867999599073647e-02 2.427824523654458500e-01 3.922070499999999793e+00 -4.162019999770872475e-02 9.991289276751937898e-01 -3.024042785421062179e-03 -1.975540000000000074e-01 -2.426952856974018136e-01 -7.173723691679321363e-03 9.700760464977227215e-01 6.462095299999999654e+00
9.669526110272823605e-01 2.996439731766925921e-02 2.531892235481401077e-01 3.954752000000000045e+00 -3.301359893149227731e-02 9.994244483052538985e-01 7.802205798965703917e-03 -1.983396000000000048e-01 -2.528097116669211220e-01 -1.590305074907633065e-02 9.673853124085358690e-01 6.585923700000000380e+00
9.669876113159224795e-01 2.655205983895442615e-02 2.534362793284243298e-01 3.966282800000000108e+00 -2.869575159206814649e-02 9.995768349900702177e-01 4.764954543367141276e-03 -1.986938000000000037e-01 -2.532025146046003594e-01 -1.188019652794600547e-02 9.673403473071743308e-01 6.628121900000000011e+00
9.671577781758396997e-01 2.610989618225419487e-02 2.528321685136704078e-01 3.977756499999999917e+00 -2.641941742026343923e-02 9.996485881633067061e-01 -2.171305202285475806e-03 -1.991806000000000132e-01 -2.528000128503695709e-01 -4.579683882048980921e-03 9.675077157306775089e-01 6.670761099999999999e+00
9.672960015589000538e-01 2.832189082162219623e-02 2.520641106315069102e-01 3.988775299999999913e+00 -2.694204404782744866e-02 9.995971585005758442e-01 -8.924515678705474686e-03 -1.994393999999999889e-01 -2.522153279059172748e-01 1.841525960351008458e-03 9.676693842172789939e-01 6.714367400000000430e+00
9.695469016390197980e-01 2.614459221265620983e-02 2.435061925705603869e-01 4.035021300000000366e+00 -2.825156712462975964e-02 9.995875071070977613e-01 5.163776759338675401e-03 -2.014370000000000049e-01 -2.432707431590972469e-01 -1.188595530244260061e-02 9.698855961346002363e-01 6.900080199999999664e+00
9.698921647419597170e-01 2.948671910382997738e-02 2.417430912531880471e-01 4.046280399999999666e+00 -3.147466085823164700e-02 9.994950189362287185e-01 4.364956532116018480e-03 -2.018141999999999991e-01 -2.414923073226447059e-01 -1.184231895195320128e-02 9.703304720484797752e-01 6.947925999999999824e+00
9.701716291992170671e-01 3.516412963946686371e-02 2.398551518805374927e-01 4.057240499999999805e+00 -3.617252212482125612e-02 9.993455405030390315e-01 -1.982922543730470180e-04 -2.021220999999999990e-01 -2.397051491730335104e-01 -8.483788268668423366e-03 9.708086664201892590e-01 6.996641200000000005e+00
