9.998057952091422562e-01 -4.896217209927127348e-03 1.908923579528588182e-02 -1.226406000000000024e-01 4.834897356567165877e-03 9.999830073782567386e-01 3.257103358650173704e-03 -6.409130000000000382e-02 -1.910485890464178049e-02 -3.164176317888089431e-03 9.998124785950929239e-01 2.548736999999999808e-01
9.998744851569224545e-01 -4.900139202120648747e-03 1.506660439445786821e-02 -1.223107999999999973e-01 4.874750260324556793e-03 9.999866367454474103e-01 1.721377479858504341e-03 -6.387890000000000235e-02 -1.507483804485880256e-02 -1.647715487740151986e-03 9.998850105345078454e-01 2.968543000000000154e-01
9.999424676077052210e-01 -3.659924534650502419e-03 1.008297709082358121e-02 -1.220727000000000062e-01 3.649569256961024150e-03 9.999927940595760845e-01 1.045214409057343592e-03 -6.392570000000000197e-02 -1.008672983935104961e-02 -1.008355752162617622e-03 9.999486192299208431e-01 3.396209000000000033e-01
9.999957834364420206e-01 -2.639247484751736962e-03 1.211396735527128787e-03 -1.225093000000000015e-01 2.640346104186155375e-03 9.999961036780053991e-01 -9.062015548535138623e-04 -6.393799999999999484e-02 -1.209000325361058847e-03 9.093962404483343443e-04 9.999988556576907550e-01 4.279794000000000098e-01
9.999934939252386190e-01 1.316507122251003365e-05 -3.607205826484686292e-03 -1.232145000000000046e-01 -1.883486891572957306e-05 9.999987645942202130e-01 -1.571768202061424964e-03 -6.407909999999999995e-02 3.607180677681433734e-03 1.571825917268888885e-03 9.999922587754589420e-01 4.733962999999999921e-01
9.999254871976004377e-01 -5.018464733626467342e-04 -1.219705713517128289e-02 -1.247343999999999953e-01 5.345333661878904621e-04 9.999962745338299985e-01 2.676787728087779653e-03 -6.450619999999999965e-02 1.219566835896627142e-02 -2.683108007140779742e-03 9.999220302627100931e-01 5.665440999999999949e-01
9.998726283554254524e-01 -1.231590259827730800e-03 -1.591258153302376258e-02 -1.253279999999999950e-01 1.315119893607256778e-03 9.999854069258821143e-01 5.239885012420415072e-03 -6.473310000000000175e-02 1.590589592819812922e-02 -5.260144552181728744e-03 9.998596568289028763e-01 6.140267000000000364e-01
9.998287238946853561e-01 5.595508986921230192e-04 -1.849891288472639908e-02 -1.266809999999999881e-01 -4.704019840923667978e-04 9.999882579350468648e-01 4.823143581058409943e-03 -6.508239999999999859e-02 1.850139446361505000e-02 -4.813615566485945213e-03 9.998172470547204149e-01 6.621245000000000047e-01
9.997901814001285414e-01 9.056665173010037487e-05 -2.048377342140933130e-02 -1.280115000000000003e-01 1.771535014281169264e-06 9.999898397853581589e-01 4.507806885339550422e-03 -6.523360000000000269e-02 2.048397355885094376e-02 -4.506897351332218686e-03 9.997800231568466645e-01 7.101887000000000061e-01
9.996981019903469212e-01 -2.967118845294548259e-03 -2.439059414314844604e-02 -1.302365000000000050e-01 3.081608313650823633e-03 9.999844043828282070e-01 4.657754965816662818e-03 -6.540959999999999830e-02 2.437639364424375871e-02 -4.731511056549441221e-03 9.996916545795622167e-01 8.087197999999999887e-01
9.996588041215809239e-01 -4.529554033447204947e-03 -2.572466680967205530e-02 -1.316327999999999943e-01 4.640841769540072007e-03 9.999801229426737992e-01 4.268056609876458470e-03 -6.556969999999999466e-02 2.570482308596293633e-02 -4.385984474790137651e-03 9.996599547897806470e-01 8.585469000000000017e-01
9.996135019930968424e-01 -2.497369757724804927e-03 -2.768771889105631906e-02 -1.332509000000000055e-01 2.554539531493333487e-03 9.999946774568569952e-01 2.029626994930325713e-03 -6.586509999999999587e-02 2.768250279290138810e-02 -2.099571920586106640e-03 9.996145611368769668e-01 9.088087999999999722e-01
9.995206053984816430e-01 1.985598125679694393e-03 -3.089687336828740236e-02 -1.371582000000000079e-01 -2.052715637448106114e-03 9.999956017849223056e-01 -2.140740367886871057e-03 -6.658640000000000392e-02 3.089248682713105834e-02 2.203136603622591217e-03 9.995202851602068561e-01 1.011076700000000050e+00
9.994821944845639905e-01 2.852292125924759530e-03 -3.205007547492855907e-02 -1.391001000000000043e-01 -2.910959377075032078e-03 9.999941718556706327e-01 -1.783975951773315903e-03 -6.703009999999999524e-02 3.204480026190283798e-02 1.876348666925788155e-03 9.994846722645900350e-01 1.062989600000000090e+00
9.994360161149852262e-01 2.142841758777586265e-03 -3.351205635892422208e-02 -1.407579999999999942e-01 -2.148552987308570590e-03 9.999976828239641735e-01 -1.344126592343405783e-04 -6.765419999999999767e-02 3.351169068053119759e-02 2.063392814614102403e-04 9.994383042548615759e-01 1.115416399999999975e+00
9.993832239752648006e-01 2.941290431392156422e-03 -3.499314857802546253e-02 -1.427255000000000051e-01 -2.897007925845238203e-03 9.999949376024609426e-01 1.316098221196546026e-03 -6.803589999999999638e-02 3.499684245590099774e-02 -1.213911054586695433e-03 9.993866856417832345e-01 1.168110999999999899e+00
9.992874622507447180e-01 2.383486819886251103e-03 -3.766811355836391373e-02 -1.469808999999999977e-01 -2.365266995700742326e-03 9.999970632278798455e-01 5.282496140546379245e-04 -6.897559999999999802e-02 3.766926201169090715e-02 -4.387780704736886448e-04 9.992901651538953489e-01 1.274065100000000061e+00
9.992445990902687480e-01 1.035639086676516316e-03 -3.884789107030407751e-02 -1.490769000000000122e-01 -1.052766370938418988e-03 9.999993574619900905e-01 -4.204266583089709777e-04 -6.928919999999999524e-02 3.884743069877703847e-02 4.610068209295041411e-04 9.992450473236356157e-01 1.327642599999999895e+00
9.992170545968672712e-01 1.046422388119159618e-03 -3.954975098463656830e-02 -1.511916000000000093e-01 -9.923779740758317293e-04 9.999985469566676777e-01 1.386099026022243400e-03 -6.980809999999999793e-02 3.955114396218758349e-02 -1.345765484404195210e-03 9.992166411377181312e-01 1.381504800000000088e+00
9.992330784436864732e-01 2.359738660910673091e-03 -3.908563134203658918e-02 -1.539777999999999980e-01 -2.181778397320631360e-03 9.999870622950068899e-01 4.595115409539952608e-03 -7.010299999999999865e-02 3.909596893515204785e-02 -4.506315130370934854e-03 9.992252990877319441e-01 1.436066300000000018e+00
9.993183126588033316e-01 1.799795379231324162e-03 -3.687371314846353554e-02 -1.581604000000000065e-01 -1.372810688001914470e-03 9.999317556656981409e-01 1.160169824333437578e-02 -7.074360000000000370e-02 3.689207740934606627e-02 -1.154316888498898262e-02 9.992525856241331050e-01 1.545852999999999922e+00
9.993773854872071150e-01 1.825964454969184955e-03 -3.523502845980421710e-02 -1.603208000000000133e-01 -1.395874033740861740e-03 9.999242722533630001e-01 1.222707218691829710e-02 -7.070070000000000521e-02 3.525468638969792706e-02 -1.217027577302059495e-02 9.993042537061335162e-01 1.600776399999999988e+00
9.994244121251945057e-01 2.041672043374431669e-03 -3.386260508993171187e-02 -1.624412000000000078e-01 -1.726944877397253598e-03 9.999550683751491365e-01 9.320884734901550839e-03 -7.080250000000000432e-02 3.388011377784610340e-02 -9.257040894270297804e-03 9.993830322175186742e-01 1.656260800000000089e+00
9.994512552136063377e-01 3.194274322096693052e-03 -3.296945652421325035e-02 -1.645378999999999869e-01 -3.047653978633640699e-03 9.999852467503475006e-01 4.496452698853359471e-03 -7.083490000000000619e-02 3.298333302098671593e-02 -4.393505798528191293e-03 9.994462451025692973e-01 1.711674200000000035e+00
9.995236131955117509e-01 -2.094282459970287923e-04 -3.086264415760467741e-02 -1.683356000000000019e-01 2.957110484704685125e-04 9.999960609666758149e-01 2.791165725689161506e-03 -7.147900000000000087e-02 3.086193803967865121e-02 -2.798962476030719508e-03 9.995197379689372275e-01 1.824081800000000086e+00
9.995033285466582429e-01 -2.425564435553002364e-03 -3.141994368740769900e-02 -1.697317999999999882e-01 2.674162263611397361e-03 9.999654357078255895e-01 7.872499339246961936e-03 -7.188970000000000082e-02 3.139976242487779040e-02 -7.952611321292366031e-03 9.994752677744626057e-01 1.881033699999999920e+00
9.994587595729753637e-01 -6.424579898115559060e-03 -3.226317848542167854e-02 -1.713392999999999999e-01 6.795811480209171598e-03 9.999118115525880146e-01 1.140991077735601864e-02 -7.216210000000000679e-02 3.218702936238297674e-02 -1.162298975111383456e-02 9.994142790905433671e-01 1.938436400000000059e+00
9.993403009309548279e-01 -1.384485630819473276e-02 -3.357503371605137510e-02 -1.725038000000000127e-01 1.421289102957881689e-02 9.998412269991858725e-01 1.074776820291934928e-02 -7.231920000000000015e-02 3.342090160079264072e-02 -1.121787620576224220e-02 9.993784081065700819e-01 1.995469200000000054e+00
9.992578908114330138e-01 -1.617050671385161786e-02 -3.495972488026040381e-02 -1.743871999999999922e-01 1.642163341954835931e-02 9.998412912264219576e-01 6.908133938716217066e-03 -7.249060000000000226e-02 3.484246843896383894e-02 -7.477103135476345121e-03 9.993648459505573012e-01 2.052522199999999852e+00
9.992100197346844848e-01 -1.555743061804153345e-02 -3.656915113010301976e-02 -1.765512999999999944e-01 1.566796629455692244e-02 9.998735010965192904e-01 2.737998754824680792e-03 -7.245490000000000264e-02 3.652192894692336822e-02 -3.308800017168922730e-03 9.993273740613944911e-01 2.110526099999999960e+00
9.991470262120565327e-01 -1.418098177358103132e-02 -3.878298296342774093e-02 -1.788378999999999941e-01 1.426533465601176678e-02 9.998964414254702948e-01 1.899118699050921302e-03 -7.272409999999999985e-02 3.875203528533893022e-02 -2.450751031512136795e-03 9.992458524210272586e-01 2.168280799999999786e+00
9.991183357559446643e-01 -1.409444984288618641e-02 -3.954614570217795944e-02 -1.813010999999999928e-01 1.423685846985024706e-02 9.998931331820024582e-01 3.321758026659412701e-03 -7.315560000000000118e-02 3.949510117952574617e-02 -3.881842230769887506e-03 9.992122238462229911e-01 2.226506200000000213e+00
9.990611644604742159e-01 -1.108994684823851225e-02 -4.187842816754987207e-02 -1.869055000000000022e-01 1.139902044753932607e-02 9.999094752174396694e-01 7.148685419093646180e-03 -7.361529999999999463e-02 4.179535859061350722e-02 -7.619347038154019279e-03 9.990971391966820825e-01 2.343626299999999940e+00
9.990311807983135450e-01 -9.883694861992664907e-03 -4.288370749599705600e-02 -1.897608000000000072e-01 1.030636738089622632e-02 9.999003581520847783e-01 9.646375419947297858e-03 -7.383170000000000011e-02 4.278409265296170827e-02 -1.007900507032241655e-02 9.990335004756623061e-01 2.402019000000000126e+00
9.990412923998022166e-01 -9.844249364701638041e-03 -4.265661536712022500e-02 -1.925107000000000068e-01 1.039407590451782264e-02 9.998654921728404865e-01 1.268703070283211387e-02 -7.388469999999999760e-02 4.252598342453690200e-02 -1.311824364802903486e-02 9.990092354014386000e-01 2.460184100000000207e+00
9.990529663702678587e-01 -4.277024223654819421e-03 -4.329985508704034536e-02 -1.983638000000000068e-01 4.907356712802863480e-03 9.998833836409740661e-01 1.446156868288856097e-02 -7.382589999999999986e-02 4.323295313602498746e-02 -1.466036092553196259e-02 9.989574493343905681e-01 2.576551700000000000e+00
9.990639989068529347e-01 -2.150929294688824767e-03 -4.320300442581600370e-02 -2.040464999999999918e-01 2.612687492320650215e-03 9.999400390015642515e-01 1.063448473681833685e-02 -7.398150000000000559e-02 4.317753990578086093e-02 -1.073740679677362246e-02 9.990097137380423709e-01 2.691649899999999818e+00
9.990275451557133479e-01 -2.435794842603348880e-03 -4.402307262826951617e-02 -2.070371000000000017e-01 2.910427306647025633e-03 9.999382974757542453e-01 1.072057154178855838e-02 -7.416670000000000207e-02 4.399424318069204698e-02 -1.083827222275904507e-02 9.989729918382095342e-01 2.749166699999999963e+00
9.989620278260378239e-01 -4.519248337199039539e-03 -4.532596779062907089e-02 -2.095822999999999992e-01 5.066488661544479855e-03 9.999155711909798461e-01 1.196583396421090767e-02 -7.426470000000000293e-02 4.526806439790485859e-02 -1.218305726340255732e-02 9.989005833722311989e-01 2.806570300000000184e+00
9.989237159845588687e-01 -4.047504346284509259e-03 -4.620635618794542709e-02 -2.123748000000000025e-01 4.649969565331343695e-03 9.999054814298241611e-01 1.293854665845605052e-02 -7.453049999999999953e-02 4.614962000539080123e-02 -1.313947925750332153e-02 9.988481199152350332e-01 2.863323199999999957e+00
9.989207909569104427e-01 -1.893327832602599266e-03 -4.640763626536805603e-02 -2.154370999999999925e-01 2.344678286856335340e-03 9.999504638868689232e-01 9.673275358782700006e-03 -7.495440000000000436e-02 4.638702272997865389e-02 -9.771646849634940679e-03 9.988757475482595849e-01 2.919703499999999785e+00
9.988439481983938384e-01 -1.283601063344217612e-04 -4.807026805757976667e-02 -2.210624999999999951e-01 3.259076040045869689e-04 9.999915347142108724e-01 4.101741599739057789e-03 -7.539110000000000256e-02 4.806933462903479476e-02 -4.112666239859459616e-03 9.988355345324482215e-01 3.032523400000000091e+00
9.988305982658786109e-01 -3.564762877496192427e-03 -4.821543770883193053e-02 -2.270096000000000058e-01 4.094880869526423481e-03 9.999322035139437403e-01 1.090047367838853191e-02 -7.620689999999999409e-02 4.817331126766576793e-02 -1.108516311905601882e-02 9.987774783404621548e-01 3.144800399999999829e+00
9.988096682244252955e-01 -5.929499598915400314e-03 -4.841577941043535144e-02 -2.296773000000000009e-01 6.496587525762378794e-03 9.999120311248722581e-01 1.156392503662502687e-02 -7.658869999999999567e-02 4.834295203991562789e-02 -1.186469747777146692e-02 9.987603255745731712e-01 3.200658100000000061e+00
9.987828509401457389e-01 -9.077543309633675020e-03 -4.848107749768371111e-02 -2.323463000000000056e-01 9.593307937117457121e-03 9.998997284857534806e-01 1.041640134307346248e-02 -7.689580000000000026e-02 4.838166089230844236e-02 -1.086881693553021049e-02 9.987697851395603843e-01 3.256119500000000055e+00
9.986568744901180850e-01 -1.321744297194962954e-02 -5.009736754473084058e-02 -2.375394000000000116e-01 1.375231040296905939e-02 9.998518965429290528e-01 1.034692892061332171e-02 -7.733990000000000309e-02 4.995318800846428736e-02 -1.102198624527787711e-02 9.986907403330622657e-01 3.367006799999999966e+00
9.985560151171404275e-01 -1.624138321964765236e-02 -5.120646584650976468e-02 -2.401356000000000046e-01 1.699211406825904686e-02 9.997539336458787229e-01 1.425974119972427644e-02 -7.728219999999999534e-02 5.096226773671375804e-02 -1.510925645769469090e-02 9.985862795154092364e-01 3.422244800000000087e+00
9.984943002177827376e-01 -1.723923075967521978e-02 -5.207630320419234793e-02 -2.427932999999999897e-01 1.826008395964007214e-02 9.996490712805693457e-01 1.919123814874700365e-02 -7.715320000000000511e-02 5.172718595078608372e-02 -2.011325957446218407e-02 9.984586896927198918e-01 3.477570500000000120e+00
9.984359954172139506e-01 -1.438213814406015707e-02 -5.402515300896645889e-02 -2.489817000000000002e-01 1.533786366154489718e-02 9.997323895750732659e-01 1.731759720093241361e-02 -7.687670000000000614e-02 5.376163123954599832e-02 -1.811914283069294279e-02 9.983893948102332550e-01 3.586562900000000109e+00
9.983879333358198771e-01 -1.257286334814800705e-02 -5.534851106090687284e-02 -2.520723000000000269e-01 1.311926213876535990e-02 9.998686214634171510e-01 9.519704500674406808e-03 -7.672130000000000616e-02 5.522154951071992640e-02 -1.023048972799441535e-02 9.984217132802954975e-01 3.639708000000000165e+00
9.983745440994989950e-01 -1.073945279749580206e-02 -5.597261694550113853e-02 -2.555465000000000098e-01 1.102682401148201777e-02 9.999275480308363884e-01 4.827819513941916489e-03 -7.690160000000000051e-02 5.591671347939938808e-02 -5.437172302746563594e-03 9.984206319537938246e-01 3.692414299999999816e+00
9.983253938641609704e-01 -3.209316538518409371e-03 -5.775905343167912070e-02 -2.627253999999999978e-01 3.676142733619101096e-03 9.999614190792517343e-01 7.977864852907202639e-03 -7.778190000000000104e-02 5.773122154060168071e-02 -8.176835596047213675e-03 9.982986754569321830e-01 3.796768000000000143e+00
9.982568849475780270e-01 -6.667208165875588427e-04 -5.901480439780193432e-02 -2.657296000000000102e-01 1.240025277149464254e-03 9.999523933691276678e-01 9.678498471631068190e-03 -7.784910000000000441e-02 5.900554204538861758e-02 -9.734807584439630207e-03 9.982101880512058711e-01 3.847269499999999898e+00
9.982054032459177773e-01 -8.266654337353655227e-05 -5.988293660883053232e-02 -2.695673000000000097e-01 6.370026065626119977e-04 9.999571262003889016e-01 9.237964534395182170e-03 -7.846920000000000284e-02 5.987960552921037932e-02 -9.259531699935878019e-03 9.981626590462918669e-01 3.897495999999999849e+00
9.978968141752199150e-01 1.969461353107575339e-03 -6.479251099413617376e-02 -2.778087000000000195e-01 -1.277983363294562733e-03 9.999418092319205531e-01 1.071190499008397787e-02 -7.772479999999999667e-02 6.480983735105176613e-02 -1.060657211223585764e-02 9.978412627319829253e-01 4.040795799999999716e+00
9.978329304267737898e-01 1.540154597945742358e-03 -6.578047491263429303e-02 -2.828841999999999746e-01 -7.509619223801404422e-04 9.999274702554893368e-01 1.202041116803913116e-02 -7.991560000000000330e-02 6.579421716312473800e-02 -1.194496346884373582e-02 9.977617144567232366e-01 4.091023899999999713e+00
9.976430134793690119e-01 5.721536748670622181e-03 -6.837895636112877040e-02 -2.896477000000000079e-01 -4.442424953638162734e-03 9.998125730067575212e-01 1.884366519916711932e-02 -8.020549999999999902e-02 6.847395502185361915e-02 -1.849548255225098511e-02 9.974814457466487649e-01 4.183004399999999734e+00
9.973830183394548632e-01 1.166216329960117516e-02 -7.135200540455935436e-02 -2.968037000000000036e-01 -1.051139655905846022e-02 9.998089036476053293e-01 1.648231565502367504e-02 -8.040289999999999937e-02 7.153058975331494374e-02 -1.568917251313975761e-02 9.973150077058883234e-01 4.270816299999999899e+00
9.972039160055803375e-01 1.116473246015379540e-02 -7.388977366475560360e-02 -3.036704000000000070e-01 -1.096376279095529101e-02 9.999350132752106157e-01 3.124921081891351461e-03 -8.048990000000000311e-02 7.391986071820810800e-02 -2.306073588932694776e-03 9.972615184674494815e-01 4.353761200000000109e+00
9.970757475553484461e-01 1.477491111644618424e-02 -7.497770094130663809e-02 -3.106568000000000107e-01 -1.442763801688547523e-02 9.998825438665925880e-01 5.171240868994824574e-03 -8.081750000000000045e-02 7.504529897466342969e-02 -4.074367726722320088e-03 9.971718019626460983e-01 4.432994400000000113e+00
9.969378873564330723e-01 1.182743722439018492e-02 -7.729786854755402170e-02 -3.164831000000000172e-01 -1.153181622849829176e-02 9.999243905940881083e-01 4.269696653581470970e-03 -8.219650000000000567e-02 7.734252367077232293e-02 -3.365237546529332730e-03 9.969989013075648554e-01 4.507188300000000147e+00
9.970974934992682392e-01 -1.421434507346429257e-04 -7.613519720021738602e-02 -3.207374000000000058e-01 -2.888363035763263464e-04 9.999839987442041833e-01 -5.649675135894289581e-03 -8.316350000000000131e-02 7.613478200577125654e-02 5.655267526016700096e-03 9.970814976310325983e-01 4.576351200000000397e+00
9.982858336566003965e-01 1.880957394347120438e-03 -5.849663511542272515e-02 -3.294871999999999801e-01 -1.604738095234128827e-03 9.999873426179205493e-01 4.768586750314691459e-03 -8.577869999999999939e-02 5.850486420967029172e-02 -4.666540820588991993e-03 9.982762164153655693e-01 4.705884000000000178e+00
9.996872088552340996e-01 6.672422488722400125e-03 -2.410317882279345431e-02 -3.328515000000000224e-01 -6.482046618606457714e-03 9.999472465332992499e-01 7.967886928632572294e-03 -8.712540000000000562e-02 2.415507240448224596e-02 -7.809156715372844552e-03 9.996777228429815088e-01 4.794935200000000286e+00
9.990546274226109746e-01 6.744332304563164203e-03 4.294607557430100975e-02 -3.288654999999999773e-01 -7.204969081721089401e-03 9.999180705657436663e-01 1.058019738057698611e-02 -8.710700000000000387e-02 -4.287120065964319937e-02 -1.087962029880412337e-02 9.990213681479263030e-01 4.875135900000000078e+00
9.831329086776428028e-01 6.057625124249841828e-03 1.827922018382942826e-01 -3.114217000000000235e-01 -8.950613237708026498e-03 9.998473446904742046e-01 1.500579348374784898e-02 -8.680309999999999415e-02 -1.826733981665273066e-01 -1.638879169621667437e-02 9.830370476787898548e-01 4.971145599999999831e+00
9.440468825398991015e-01 9.927156876646886507e-03 3.296618496627177763e-01 -2.841863000000000028e-01 -1.358057834811179226e-02 9.998692201936252300e-01 8.781252821922970464e-03 -8.554069999999999729e-02 -3.295315636755130062e-01 -1.276691292905906064e-02 9.440582368031291693e-01 5.046123500000000206e+00
7.096985391088295181e-01 7.079883659095389734e-03 7.044699133633507415e-01 -1.871780000000000110e-01 -1.196673237585259113e-02 9.999263832373227467e-01 2.006345476587635332e-03 -9.071730000000000071e-02 -7.044038478763712252e-01 -9.854103373741129532e-03 7.097310164729042636e-01 5.169177099999999747e+00
6.636295590699415881e-01 5.900175633028208536e-03 7.480380981314616040e-01 -1.690704000000000096e-01 -1.180345422223749198e-02 9.999269965014041528e-01 2.584595926692042842e-03 -9.110799999999999454e-02 -7.479682391633071248e-01 -1.054464770298891262e-02 6.636507542433456308e-01 5.181549500000000030e+00
6.164652393082535875e-01 4.477533547870456154e-03 7.873693926093046080e-01 -1.504372999999999960e-01 -8.742651190126123767e-03 9.999611111876388625e-01 1.158517393187319475e-03 -9.160319999999999574e-02 -7.873335854482428342e-01 -7.597881659398616344e-03 6.164804112212360909e-01 5.192839600000000111e+00
5.221998778780829742e-01 4.480491675358306246e-03 8.528113582372494061e-01 -1.096609999999999946e-01 -6.275625343173766267e-03 9.999793126692485545e-01 -1.410942978782888605e-03 -9.214769999999999905e-02 -8.528000375648838727e-01 -4.615130321486761097e-03 5.222171928435986876e-01 5.212876800000000088e+00
3.845233615712921882e-01 6.822295532162692307e-03 9.230900501519799795e-01 -4.843959999999999932e-02 -4.520826741179471454e-03 9.999746154146677002e-01 -5.507327107017207825e-03 -9.373479999999999313e-02 -9.231041905069489184e-01 -2.055434250780815465e-03 3.845444430212862086e-01 5.237084399999999640e+00
3.444869858903688020e-01 -4.733097322813161964e-04 9.387909738222168787e-01 -2.656820000000000015e-02 1.034305024358806932e-02 9.999410928677466837e-01 -3.291216509873583045e-03 -9.395019999999999760e-02 -9.387341145733585357e-01 1.084374346586913090e-02 3.444715886162731389e-01 5.242092600000000324e+00
3.087337781418970639e-01 -3.809015621206453261e-03 9.511408652950555931e-01 -4.409500000000000225e-03 1.428549154745398925e-02 9.998977569836450252e-01 -6.327008165219845034e-04 -9.402009999999999534e-02 -9.510412078167157501e-01 1.378285090512888778e-02 3.087566259296300464e-01 5.247046899999999958e+00
2.155554016153017893e-01 1.182115359202661441e-02 9.764200577426804806e-01 6.299240000000000395e-02 -4.705654262090993092e-03 9.999276873569227231e-01 -1.106692708035920611e-02 -9.625730000000000397e-02 -9.764802740723601548e-01 -2.209159294853890905e-03 2.155954404962645565e-01 5.262688599999999717e+00
1.899555862883433588e-01 1.353991143837076500e-02 9.816993154913028485e-01 8.690979999999999539e-02 -3.817674476996033017e-03 9.999075266483651303e-01 -1.305233747405715704e-02 -9.721390000000000586e-02 -9.817852619587642549e-01 -1.268444003517783802e-03 1.899897114329365255e-01 5.266231099999999721e+00
1.663719193196629142e-01 1.490375411940650201e-02 9.859504361655506699e-01 1.111415000000000042e-01 3.338067798406946576e-03 9.998715289971739084e-01 -1.567746166401981153e-02 -9.795370000000000466e-02 -9.860574231581367144e-01 5.899458788892920393e-03 1.663007956106444807e-01 5.268780699999999761e+00
1.089303882164689569e-01 2.894253806398761758e-02 9.936279484864664058e-01 1.879450000000000010e-01 1.043570560707953072e-02 9.994876653997741833e-01 -3.025727618592697829e-02 -9.916369999999999352e-02 -9.939946008764292129e-01 1.366514559467709930e-02 1.085725436028122104e-01 5.277768100000000295e+00
9.376317881578614954e-02 2.448480461289037624e-02 9.952934042991683494e-01 2.154205999999999899e-01 9.022860227981772951e-03 9.996355891360244605e-01 -2.544163764342790082e-02 -1.004228999999999955e-01 -9.955536420965298561e-01 1.136588209255072132e-02 9.350808752505324062e-02 5.280128500000000003e+00
7.912534675778748472e-02 2.118912648949088443e-02 9.966394535733933413e-01 2.437698000000000087e-01 9.514703366060413975e-03 9.997124770503874602e-01 -2.200985346689824859e-02 -1.016531999999999991e-01 -9.968192664271269265e-01 1.122426605131978880e-02 7.890098815156509904e-02 5.282172199999999762e+00
3.056859123139361173e-02 1.947557966330755105e-02 9.993429156335210672e-01 4.000947999999999727e-01 2.151839003922339025e-02 9.995656127768173249e-01 -2.013813904574139613e-02 -1.060204000000000008e-01 -9.993010157706477825e-01 2.211984518218705620e-02 3.013622950649696985e-02 5.286324500000000093e+00
1.940560833596822327e-02 2.128411823675494322e-02 9.995851182745744135e-01 4.724458000000000268e-01 2.337371216096717150e-02 9.994904809085615183e-01 -2.173587249200538071e-02 -1.084601000000000037e-01 -9.995384394533944894e-01 2.378581266335662650e-02 1.889823195477413620e-02 5.288381600000000127e+00
1.522963822898961567e-02 2.125041096057523130e-02 9.996581806564786010e-01 5.088411000000000461e-01 2.603488273666978645e-02 9.994267372637545277e-01 -2.164212843538947106e-02 -1.095628000000000019e-01 -9.995450179958389469e-01 2.635558529672039213e-02 1.466765568744177184e-02 5.288600899999999605e+00
9.914248678719882885e-03 2.136231771750399591e-02 9.997226410634467708e-01 5.868457000000000257e-01 2.846074678732444727e-02 9.993607124141822284e-01 -2.163682914213576822e-02 -1.118239000000000039e-01 -9.995457436082875180e-01 2.866736584959611242e-02 9.299923107268570632e-03 5.289898400000000223e+00
6.931472162807211443e-03 2.062012456898260765e-02 9.997633545776801745e-01 6.257975999999999539e-01 3.036196141055667874e-02 9.993220778850618879e-01 -2.082152613969669858e-02 -1.137856000000000006e-01 -9.995149353526241454e-01 3.049910022020068529e-02 6.300705738094602992e-03 5.291719900000000365e+00
6.375773176231876692e-03 2.008363134158715896e-02 9.997779739864948167e-01 6.661434999999999995e-01 3.484262614265176694e-02 9.991867427509977251e-01 -2.029395264936711615e-02 -1.159092000000000039e-01 -9.993724735652310676e-01 3.496427981221081338e-02 5.670821574056517100e-03 5.292648800000000264e+00
9.051368320468173440e-03 1.930313829860363928e-02 9.997727049601585758e-01 7.517036999999999747e-01 4.008642945323824536e-02 9.990029572895674503e-01 -1.965119590226380858e-02 -1.203329000000000065e-01 -9.991552186248229273e-01 4.025518821870763264e-02 8.268549828031712678e-03 5.296193599999999613e+00
1.269882132863901260e-02 1.925790810010512624e-02 9.997339010519102898e-01 7.959975999999999718e-01 4.258237760643707182e-02 9.988970851653417027e-01 -1.978267842246842281e-02 -1.219724999999999976e-01 -9.990122527047632373e-01 4.282226317923769343e-02 1.186476809558423273e-02 5.297809100000000271e+00
2.522203363808360119e-02 1.590613026859166723e-02 9.995553231507688929e-01 9.361966000000000454e-01 4.426710930685162637e-02 9.988748692915901950e-01 -1.701230529128773539e-02 -1.259009000000000100e-01 -9.987012927060697765e-01 4.467650968447869214e-02 2.448953714626012079e-02 5.302216999999999736e+00
3.267203326885481651e-02 1.195385792450120305e-02 9.993946385301450963e-01 1.033378799999999931e+00 4.056241821163805022e-02 9.990888004430888980e-01 -1.327625918750877272e-02 -1.294610999999999956e-01 -9.986426930944334313e-01 4.097162566838881415e-02 3.215738514224075750e-02 5.307278199999999835e+00
3.650680867384360068e-02 1.278446819720294170e-02 9.992516251141984052e-01 1.082998300000000080e+00 3.764845516819877169e-02 9.991907287809727034e-01 -1.415914339205067742e-02 -1.309528000000000081e-01 -9.986239766518226757e-01 3.813718514866077519e-02 3.599594928651361769e-02 5.309793499999999611e+00
4.132210704769617715e-02 2.434249498012466817e-02 9.988493011497187046e-01 1.284836499999999937e+00 2.453581746638597988e-02 9.993769742956433166e-01 -2.537039433949024939e-02 -1.373076000000000019e-01 -9.988445710571766112e-01 2.555594228017537758e-02 4.069909929933857029e-02 5.318544400000000394e+00
4.137421188535620603e-02 2.289692931487461239e-02 9.988813268946491464e-01 1.335533899999999941e+00 2.173055928758366520e-02 9.994802804215932035e-01 -2.381075054302675062e-02 -1.386943999999999955e-01 -9.989073817846748637e-01 2.269140093346096523e-02 4.085514581741778173e-02 5.320760700000000121e+00
4.305192027455468501e-02 2.151338882295836946e-02 9.988411817010879323e-01 1.542416900000000091e+00 1.564029366282230354e-02 9.996311020264344593e-01 -2.220452826693393791e-02 -1.453506999999999993e-01 -9.989504058634813832e-01 1.657811698500760364e-02 4.269956278953379591e-02 5.326109899999999620e+00
3.896326241581170302e-02 2.191465192385425031e-02 9.990003064128522015e-01 1.643600699999999915e+00 1.005463042406562479e-02 9.997002678720421365e-01 -2.232215992243227060e-02 -1.483444999999999903e-01 -9.991900562900691840e-01 1.091432304925498559e-02 3.873124014828921435e-02 5.330169200000000274e+00
3.016973842831209909e-02 1.784122469649802173e-02 9.993855500178580042e-01 1.745060000000000056e+00 5.311125612110276402e-03 9.998237115382437867e-01 -1.800938062852329435e-02 -1.498121000000000036e-01 -9.995306792829822262e-01 5.851200493891223903e-03 3.006966286609602523e-02 5.332925300000000313e+00
2.438235678723701255e-02 1.618779232448303365e-02 9.995716362808417799e-01 1.795502399999999943e+00 2.572524979348348589e-03 9.998645647032747830e-01 -1.625528732325056541e-02 -1.497439999999999882e-01 -9.996993962150475532e-01 2.967765218175113205e-03 2.433741105539544147e-02 5.333658699999999975e+00
1.631948127242683483e-02 1.837659654272388518e-02 9.996979419957332524e-01 1.842826999999999993e+00 2.278092431583684380e-03 9.998278126209237948e-01 -1.841617236377336708e-02 -1.479494000000000087e-01 -9.998642331966234309e-01 2.577946695530648064e-03 1.627480767821642971e-02 5.335225099999999721e+00
7.462898825304664814e-03 1.919322237799269554e-02 9.997879401932553423e-01 1.891807400000000028e+00 2.365972000594461153e-03 9.998126454106827099e-01 -1.921135740609917347e-02 -1.486599000000000115e-01 -9.999693531891943321e-01 2.508842689647737198e-03 7.416089990212593186e-03 5.335905999999999594e+00
-2.511320805567348984e-03 1.987071467945618342e-02 9.997994038635645841e-01 1.940687300000000004e+00 2.179890571509976796e-03 9.998002898828974860e-01 -1.986525678591509816e-02 -1.496753000000000111e-01 -9.999944706571669562e-01 2.129565261209071664e-03 -2.554135252974099046e-03 5.335864499999999566e+00
-2.311647660841858326e-02 1.728392253969098999e-02 9.995833604711787945e-01 2.037055000000000060e+00 3.176667328734796535e-03 9.998467643133081006e-01 -1.721501312491147823e-02 -1.541742999999999864e-01 -9.997277315819017574e-01 2.777393355340096286e-03 -2.316783961129575964e-02 5.334240399999999660e+00
-4.500076782363273548e-02 1.626033209211569588e-02 9.988546102889738210e-01 2.133027300000000182e+00 4.763609943654712776e-03 9.998596489351114780e-01 -1.606208117462946255e-02 -1.587011999999999867e-01 -9.989755947547408477e-01 4.035347768134066662e-03 -4.507190979758901594e-02 5.330605499999999886e+00
-5.626361349830770464e-02 1.670517629114051661e-02 9.982761856726799499e-01 2.179881099999999794e+00 4.975908050331879530e-03 9.998522898350032939e-01 -1.645110484968739448e-02 -1.603614999999999902e-01 -9.984035487392798336e-01 4.041731903860343138e-03 -5.633842621186380129e-02 5.328429700000000047e+00
-6.724284875997751931e-02 1.794519993918739648e-02 9.975752448260659655e-01 2.226288600000000173e+00 4.401849663472360598e-03 9.998338456236629535e-01 -1.768911713278828110e-02 -1.621690000000000076e-01 -9.977269280771081661e-01 3.201709627668365699e-03 -6.731066813869190923e-02 5.326083200000000240e+00
-7.732129341564621117e-02 1.917402286211994725e-02 9.968218368554204734e-01 2.272725599999999790e+00 5.229600977256048701e-03 9.998091013909117253e-01 -1.882583463000280302e-02 -1.636863000000000068e-01 -9.969925119368501232e-01 3.757342568948399131e-03 -7.740680537697797181e-02 5.322719099999999592e+00
-8.709165304910564120e-02 1.997878744015899044e-02 9.959999457939721079e-01 2.318446199999999902e+00 5.491835974447094662e-03 9.997933147590599701e-01 -1.957466476650493448e-02 -1.652096999999999871e-01 -9.961851653717817001e-01 3.765078420461693068e-03 -8.718337271340104166e-02 5.319332600000000078e+00
-9.663209843750340811e-02 2.003623207277739626e-02 9.951184788535939463e-01 2.364911799999999786e+00 6.857249734320441416e-03 9.997870359202560842e-01 -1.946435028121388383e-02 -1.681834000000000107e-01 -9.952965466018889318e-01 4.942894912339861405e-03 -9.674891271864372033e-02 5.314888500000000349e+00
-1.148296214897420453e-01 1.985375604583456896e-02 9.931867832383772798e-01 2.454608700000000088e+00 8.374204121279937157e-03 9.997840816736944802e-01 -1.901743245610684058e-02 -1.720041999999999960e-01 -9.933499034750333800e-01 6.133384282754100053e-03 -1.149710870757615355e-01 5.305251600000000067e+00
-1.272528022775492318e-01 1.732709032660257123e-02 9.917189603175511348e-01 2.542670699999999950e+00 1.305571504968003338e-02 9.997900449397671974e-01 -1.579285736907297746e-02 -1.751522000000000079e-01 -9.917843881696526420e-01 1.093791479908670823e-02 -1.274523024617264522e-01 5.293800400000000295e+00
-1.338041570224282328e-01 1.467143673356091117e-02 9.908991858447006029e-01 2.627744199999999974e+00 1.742167813181763614e-02 9.997707114490288483e-01 -1.245028753780931877e-02 -1.782268999999999937e-01 -9.908546476121452562e-01 1.559722644818310050e-02 -1.340290783096540483e-01 5.281954800000000283e+00
-1.368639733405718206e-01 1.392640420921077878e-02 9.904919525504654043e-01 2.709531099999999970e+00 1.814812549758599777e-02 9.997686043673874590e-01 -1.154916716522538453e-02 -1.805834000000000050e-01 -9.904235954087299287e-01 1.639490735222762924e-02 -1.370850417461976223e-01 5.271106699999999812e+00
-1.357788490953921179e-01 1.477500937776823377e-02 9.906289937389365363e-01 2.748867800000000194e+00 1.949881723346522100e-02 9.997349755455186004e-01 -1.223825140684464165e-02 -1.819720999999999977e-01 -9.905472731095810168e-01 1.765439800412565291e-02 -1.360309595874603650e-01 5.265270700000000303e+00
-7.725601915895648208e-02 1.983458321189406071e-02 9.968139730223093409e-01 2.964875900000000009e+00 1.706211352736922149e-02 9.996819823682980832e-01 -1.856928674367431045e-02 -1.865903999999999896e-01 -9.968652826664643474e-01 1.557316400093714318e-02 -7.756987029323825222e-02 5.241187100000000321e+00
2.979409964856985157e-02 2.598731893587307579e-02 9.992181798189302411e-01 3.090719500000000064e+00 9.529015361392374414e-03 9.996091608329776834e-01 -2.628161800636565418e-02 -1.909270999999999885e-01 -9.995106350071384371e-01 1.030460253068441953e-02 2.953482138613972019e-02 5.242644799999999883e+00
3.712260919028446682e-01 1.096026027778420307e-02 9.284778195440017701e-01 3.290190700000000135e+00 -6.841371741338701101e-04 9.999332906915597841e-01 -1.153022649714921175e-02 -1.965883999999999965e-01 -9.285422557142284372e-01 3.645114729582516443e-03 3.712088259884730457e-01 5.294473199999999657e+00
4.312150877133914539e-01 1.356377556329412502e-02 9.021472009161258798e-01 3.314591200000000182e+00 7.739670141133324355e-04 9.998810649006374396e-01 -1.540314994500531845e-02 -1.981384999999999952e-01 -9.022488288179671967e-01 7.340302829981745596e-03 4.311533031892147427e-01 5.309071099999999710e+00
4.910395132747347180e-01 1.679427045709500077e-02 8.709754008482245569e-01 3.336912599999999784e+00 2.721856242685860051e-03 9.997796929807871713e-01 -2.081242421816895810e-02 -1.986953999999999942e-01 -8.711330483350437914e-01 1.259039249018154699e-02 4.908856222333644048e-01 5.324761900000000381e+00
6.046989098501351911e-01 2.258149846058084276e-02 7.961339738720694115e-01 3.376935700000000207e+00 -3.839557244789827684e-03 9.996690220581020414e-01 -2.543824163659936383e-02 -2.016283000000000103e-01 -7.964449047022787997e-01 1.232567501895213274e-02 6.045854708054976268e-01 5.363675100000000029e+00
7.545637448717982254e-01 1.792058807389403097e-02 6.559820176255851676e-01 3.429381799999999814e+00 -5.179071434404055631e-03 9.997585471255814316e-01 -2.135473409864927299e-02 -2.043264999999999942e-01 -6.562063182750720314e-01 1.271613040325087277e-02 7.544743652924479349e-01 5.429957899999999782e+00
8.351104656172586571e-01 9.820257694058429424e-03 5.499946115693750137e-01 3.458072399999999824e+00 -6.391011045378120793e-03 9.999463636938767941e-01 -8.150135778692732882e-03 -2.060443999999999887e-01 -5.500451483236110661e-01 3.291242047549639786e-03 8.351284347520692153e-01 5.479332399999999659e+00
8.944714621503525587e-01 5.524453131810162961e-03 4.470909122496283250e-01 3.482356499999999855e+00 -8.916290290314552239e-03 9.999452189799298285e-01 5.482591234003356823e-03 -2.089311000000000085e-01 -4.470361318350780100e-01 -8.890413757230925321e-03 8.944717197190507063e-01 5.530815099999999873e+00
9.320540125159776368e-01 1.339055030288632472e-02 3.620718311543325574e-01 3.501887799999999995e+00 -1.886031699974647161e-02 9.997551053257818232e-01 1.157660648480013550e-02 -2.104829000000000006e-01 -3.618281445597270607e-01 -1.761881203772584781e-02 9.320783074757423847e-01 5.585702900000000248e+00
9.615320226924661817e-01 1.401244706744067536e-02 2.743352340916437315e-01 3.524925500000000156e+00 -1.738339428585076313e-02 9.998002755910593287e-01 9.860351471655237274e-03 -2.107868999999999993e-01 -2.741422749961002214e-01 -1.424992123571550660e-02 9.615835651698392272e-01 5.674594899999999775e+00
9.658332963509967950e-01 1.121796294004348202e-02 2.589212254088940623e-01 3.531284600000000218e+00 -1.440385130527436358e-02 9.998420616574501540e-01 1.041061036419847416e-02 -2.113764999999999949e-01 -2.587635459784531911e-01 -1.378437695564880064e-02 9.658423361111281302e-01 5.707924399999999565e+00
9.713612903316014568e-01 2.061114919326523243e-02 2.367116899822633846e-01 3.542956799999999795e+00 -2.371865063004382351e-02 9.996657428826873915e-01 1.028727947975400028e-02 -2.117659000000000069e-01 -2.364205347629856901e-01 -1.560714694419219895e-02 9.715254745536249237e-01 5.773213900000000010e+00
9.726835621536841225e-01 2.871437322228766881e-02 2.303522795339160989e-01 3.549413700000000116e+00 -3.161932464392981645e-02 9.994601033242493937e-01 8.928615354161964501e-03 -2.116154000000000091e-01 -2.299715335103064973e-01 -1.596830089683850054e-02 9.730663426207825095e-01 5.807042100000000318e+00
9.732331660433749532e-01 3.443173172048098751e-02 2.272260116358101600e-01 3.556535699999999967e+00 -3.660327945822750006e-02 9.993155615257407476e-01 5.348684454722507295e-03 -2.116309000000000107e-01 -2.268863249428916540e-01 -1.352273431012058179e-02 9.738273621185052908e-01 5.840654899999999650e+00
9.695901353791271937e-01 3.841617759890120221e-02 2.417005723497063219e-01 3.596880000000000077e+00 -3.672748270627768097e-02 9.992592627141347883e-01 -1.148990400585753885e-02 -2.126648999999999901e-01 -2.419629339166352588e-01 2.263443989461330109e-03 9.702828533122496157e-01 6.020743799999999979e+00
9.680290551637865670e-01 4.137475926211719307e-02 2.474022587906354320e-01 3.605537700000000179e+00 -4.082142889099089206e-02 9.991392925834403638e-01 -7.367832731563182802e-03 -2.131473000000000118e-01 -2.474941601371726807e-01 -2.967037556952522789e-03 9.688848421696621971e-01 6.058937499999999865e+00
9.668816690090253907e-01 3.838185774228222713e-02 2.523225537493084536e-01 3.615270399999999995e+00 -3.890652737220584578e-02 9.992386129189356758e-01 -2.911456624666848396e-03 -2.134079000000000115e-01 -2.522421857306132997e-01 -7.001960303567083578e-03 9.676388025961701889e-01 6.098640900000000364e+00
9.645050243236512610e-01 2.709011371929881395e-02 2.626712466051588368e-01 3.647090200000000060e+00 -3.022617571008607423e-02 9.995118256886730279e-01 7.904973778491287961e-03 -2.140214000000000005e-01 -2.623288706116345681e-01 -1.556393418037644791e-02 9.648530082849164913e-01 6.218195900000000442e+00
