9.999680496188786405e-01 -3.565108496846216071e-03 -7.154700749973291751e-03 9.469180000000000652e-02 3.544827646984468998e-03 9.999896691759255773e-01 -2.845301104657245277e-03 -2.723340000000000136e-02 7.164770643162838085e-03 2.819848015178140661e-03 9.999703568200420944e-01 -2.117442999999999964e-01
9.999322124693371672e-01 -3.507985226650734562e-03 -1.110245494591619725e-02 9.385069999999999524e-02 3.458679494401449561e-03 9.999840859280810790e-01 -4.457064811650464017e-03 -2.723070000000000004e-02 1.111791357816320491e-02 4.418362844973921025e-03 9.999284324727638618e-01 -1.656497000000000108e-01
9.998725143841329377e-01 -2.335695459922828166e-03 -1.579555335752553039e-02 9.262080000000000313e-02 2.257343821890858086e-03 9.999850699502906837e-01 -4.976371708595767399e-03 -2.773700000000000124e-02 1.580694081793537417e-02 4.940081297998756560e-03 9.998628587055063965e-01 -1.188987999999999989e-01
9.996958536280223795e-01 -1.403578288683958409e-03 -2.462174256479780429e-02 8.958030000000000159e-02 1.237805875553540285e-03 9.999764745633317187e-01 -6.746714497049455424e-03 -2.850580000000000128e-02 2.463063286954044265e-02 6.714185570699335130e-03 9.996740727039828966e-01 -2.245940000000000089e-02
9.994358708926400769e-01 1.521804653325321876e-03 -3.355032166264878407e-02 8.538020000000000331e-02 -1.720523661358716551e-03 9.999811445675794719e-01 -5.894939155266036221e-03 -2.935700000000000115e-02 3.354071811098843087e-02 5.949337770769218270e-03 9.994196443980318811e-01 7.764029999999999543e-02
9.992802105235943921e-01 8.122408018110115636e-04 -3.792625898768216264e-02 8.320339999999999681e-02 -9.282438249489321190e-04 9.999949449086321662e-01 -3.041138040799380021e-03 -3.013060000000000044e-02 3.792359713057706638e-02 3.074153877350045520e-03 9.992759130283368485e-01 1.291345999999999883e-01
9.991442423502407966e-01 3.121197398051846401e-04 -4.136043471279583078e-02 8.092420000000000169e-02 -3.345418462486600083e-04 9.999998008242195757e-01 -5.351946133977157714e-04 -3.067900000000000141e-02 4.136025942999548705e-02 5.485734127036565218e-04 9.991441477620205402e-01 1.807377000000000011e-01
9.989459226969622518e-01 1.597596692889640801e-03 -4.587473391662867661e-02 7.527269999999999794e-02 -1.655945081278774322e-03 9.999978676266132460e-01 -1.233931973086230044e-03 -3.195180000000000242e-02 4.587266476892749856e-02 1.308597353384121113e-03 9.989464381036473606e-01 2.859616999999999853e-01
9.988510165714816758e-01 -1.329423867153856033e-03 -4.790489877141088093e-02 7.306400000000000394e-02 1.246235088353292398e-03 9.999976634222114136e-01 -1.766365823391305000e-03 -3.234220000000000150e-02 4.790713508677219012e-02 1.704635532578582281e-03 9.988503394530527935e-01 3.394711000000000256e-01
9.986772955405803787e-01 -2.995531579227040091e-03 -5.132919405474981045e-02 6.733450000000000546e-02 2.925708291560781982e-03 9.999946899342964102e-01 -1.435386429842966860e-03 -3.330469999999999958e-02 5.133322123873586273e-02 1.283313589166109247e-03 9.986807565501033546e-01 4.484811000000000214e-01
9.985847969016807824e-01 -9.931537379305184314e-04 -5.317346182525377329e-02 6.402259999999999895e-02 8.002084644272701398e-04 9.999930194056992905e-01 -3.649767977038385902e-03 -3.393619999999999970e-02 5.317671542359818371e-02 3.602052959853666719e-03 9.985786209163663996e-01 5.032048999999999550e-01
9.984054894249002610e-01 3.550043259894300647e-03 -5.633716250467512426e-02 5.696219999999999756e-02 -3.994088446638398814e-03 9.999618264728236117e-01 -7.771283974669055024e-03 -3.538940000000000141e-02 5.630742352217622121e-02 7.983908190065655552e-03 9.983815559525860417e-01 6.151516000000000206e-01
9.983370268646628576e-01 4.231121101233380200e-03 -5.749155072923520932e-02 5.337549999999999933e-02 -4.667113001418157769e-03 9.999613463896462884e-01 -7.451428241478942269e-03 -3.620240000000000263e-02 5.745780057796783663e-02 7.707356280373575327e-03 9.983181846545268190e-01 6.718790999999999514e-01
9.982516352568532314e-01 3.527111697724025132e-03 -5.900196767981826657e-02 5.013279999999999820e-02 -3.891208748716532950e-03 9.999740842307274225e-01 -6.057174373579896423e-03 -3.708129999999999760e-02 5.897907426784904789e-02 6.276173196289236075e-03 9.982394895256937462e-01 7.290896000000000043e-01
9.981749976926912460e-01 4.393206852695923613e-03 -6.022768229597855183e-02 4.620579999999999826e-02 -4.662635405987836275e-03 9.999797392658471562e-01 -4.333692291715389791e-03 -3.809379999999999711e-02 6.020742323224546888e-02 4.606603017177659382e-03 9.981752578562421707e-01 7.867469000000000268e-01
9.981233237298642313e-01 4.088202212611057214e-03 -6.109924082275801360e-02 4.220809999999999840e-02 -4.362209124107650944e-03 9.999810158486844847e-01 -4.351904616438103876e-03 -3.891349999999999670e-02 6.108028943944297795e-02 4.610265166107626461e-03 9.981222087986481029e-01 8.447860999999999843e-01
9.980192949932452651e-01 3.440961911362197707e-03 -6.281438212949626287e-02 3.850520000000000331e-02 -3.779434357964244970e-03 9.999789689951752436e-01 -5.270431033621961886e-03 -3.964940000000000131e-02 6.279492572747948087e-02 5.497394698480423739e-03 9.980113105343092483e-01 9.029393999999999476e-01
9.979571490997216632e-01 2.046447566653715553e-03 -6.385405713901749769e-02 3.461530000000000162e-02 -2.433242155644457349e-03 9.999791574481859957e-01 -5.980301148610877443e-03 -4.060129999999999989e-02 6.384048788478961789e-02 6.123456668665089656e-03 9.979413286286218376e-01 9.615120999999999807e-01
9.979010012994250500e-01 2.164955056579185438e-03 -6.472174731269117465e-02 3.097590000000000066e-02 -2.450609673577654017e-03 9.999876031527529241e-01 -4.334518778360224242e-03 -4.134190000000000087e-02 6.471156092872912269e-02 4.484028369132158146e-03 9.978939359329488390e-01 1.020703300000000091e+00
9.979163503005898939e-01 3.524132259740678751e-03 -6.442467147425838536e-02 2.665860000000000105e-02 -3.598953014201807486e-03 9.999929773621345497e-01 -1.045353344587184475e-03 -4.209120000000000222e-02 6.442053507967653025e-02 1.275036559996201545e-03 9.979220254818603753e-01 1.080571699999999913e+00
9.979751026997402130e-01 4.312016998446155727e-03 -6.345944296042974053e-02 2.243070000000000133e-02 -4.133296633198401543e-03 9.999871145444373388e-01 2.947304536768432636e-03 -4.286729999999999707e-02 6.347133408385957631e-02 -2.679039845835896796e-03 9.979800661812436857e-01 1.140584700000000007e+00
9.980611735229226733e-01 3.077886854178808144e-03 -6.216446347037316023e-02 1.893950000000000147e-02 -2.712479230333914113e-03 9.999785505682491360e-01 5.961615540167833176e-03 -4.345809999999999951e-02 6.218147925605736759e-02 -5.781437186084161482e-03 9.980481143820632006e-01 1.200849899999999915e+00
9.981433589218113855e-01 3.156026158300115347e-03 -6.082659401258785903e-02 1.543970000000000065e-02 -2.768391725319436711e-03 9.999753277328048418e-01 6.455999761823006181e-03 -4.362669999999999743e-02 6.084546858673410552e-02 -6.275621447920615853e-03 9.981274695788625584e-01 1.261274699999999971e+00
9.982139342745727228e-01 3.182721849563054355e-03 -5.965577676727765177e-02 1.177560000000000065e-02 -2.970519070605380941e-03 9.999889432344092333e-01 3.645466414683694919e-03 -4.415460000000000218e-02 5.966671967294766288e-02 -3.461746749508256161e-03 9.982123515930425572e-01 1.322236200000000084e+00
9.982737403230912410e-01 4.107950125442737764e-03 -5.858894202076127267e-02 7.788800000000000237e-03 -4.171673091090752870e-03 9.999908325729081060e-01 -9.653568060479788019e-04 -4.474299999999999805e-02 5.858443927329440304e-02 1.208104262383354836e-03 9.982817257463569849e-01 1.382824999999999971e+00
9.983930378797767347e-01 8.035496753709309202e-04 -5.666300575428256242e-02 6.507999999999999896e-04 -9.625386398543987190e-04 9.999956763507433788e-01 -2.778632610837582836e-03 -4.599029999999999785e-02 5.666052799398744316e-02 2.828707785974738601e-03 9.983894946260722936e-01 1.506065100000000045e+00
9.983772693420885913e-01 -1.452350096709328084e-03 -5.692731102231418649e-02 -2.746199999999999856e-03 1.576418762687392195e-03 9.999964792382277645e-01 2.134576078136090054e-03 -4.667530000000000290e-02 5.692401044304022661e-02 -2.220853517297371234e-03 9.983760438055069297e-01 1.568451999999999957e+00
9.983186420358708402e-01 -5.285598976823156075e-03 -5.772305784615840152e-02 -6.173200000000000215e-03 5.632159346655360097e-03 9.999670696450384533e-01 5.842808109868650318e-03 -4.750100000000000156e-02 5.769027426480675957e-02 -6.158089717686013320e-03 9.983155363843038144e-01 1.631251299999999960e+00
9.981891499296884351e-01 -1.234258797620346390e-02 -5.887343615498987631e-02 -9.275000000000000258e-03 1.265799628732746859e-02 9.999074459009613669e-01 4.987460456597643359e-03 -4.786950000000000233e-02 5.880642900768585229e-02 -5.723648649751209884e-03 9.982529958650252500e-01 1.693797199999999892e+00
9.980823629681859765e-01 -1.468172971701236541e-02 -6.013354757835847469e-02 -1.308720000000000022e-02 1.477652737120166947e-02 9.998901803244382158e-01 1.132046646776941950e-03 -4.837090000000000140e-02 6.011032332877801893e-02 -2.018440803924413836e-03 9.981896988679209715e-01 1.756067999999999962e+00
9.978504490427874130e-01 -1.302184542485672857e-02 -6.422548471470365672e-02 -2.078510000000000080e-02 1.281222445774365080e-02 9.999111680625549781e-01 -3.674627630299756587e-03 -4.958409999999999901e-02 6.426762987345877032e-02 2.843857504887479029e-03 9.979286468605558236e-01 1.882598999999999911e+00
9.977946592611919296e-01 -1.331603453713087540e-02 -6.502692653084408969e-02 -2.517640000000000156e-02 1.320851961093761837e-02 9.999105939806280929e-01 -2.083039844802875729e-03 -5.048609999999999903e-02 6.504885056270658106e-02 1.219536597850917658e-03 9.978813355158804299e-01 1.946434400000000009e+00
9.977660624579289816e-01 -1.005006790351689432e-02 -6.604453605208371325e-02 -3.005980000000000110e-02 1.010586348789180126e-02 9.999488040028726710e-01 5.107801765035634590e-04 -5.101780000000000204e-02 6.603602146074807888e-02 -1.177076190955033026e-03 9.978165454437385451e-01 2.010534499999999891e+00
9.976162765917609976e-01 -8.813917910157427829e-03 -6.844033555049240658e-02 -3.894840000000000108e-02 9.120938992942697124e-03 9.999496886139145335e-01 4.174770990402011661e-03 -5.211740000000000123e-02 6.840009613354360030e-02 -4.789059616280720924e-03 9.976464763416516002e-01 2.138551000000000091e+00
9.976500161757398955e-01 -8.437005093756212021e-03 -6.799457455998798860e-02 -4.400439999999999907e-02 8.947050289824096808e-03 9.999340513566324917e-01 7.200224206418833275e-03 -5.267360000000000098e-02 6.792934208173366517e-02 -7.791654674026109520e-03 9.976597088194869567e-01 2.202796699999999941e+00
9.976377019332886009e-01 -2.752855950449566071e-03 -6.863991160675220193e-02 -4.902549999999999963e-02 3.405834169619954745e-03 9.999500387550348535e-01 9.397887390970853516e-03 -5.296800000000000119e-02 6.861061124108813747e-02 -9.609462936105962749e-03 9.975972344825360105e-01 2.267087899999999934e+00
9.976030938332789422e-01 -2.916549385644075319e-03 -6.913436854380745900e-02 -5.784609999999999752e-02 3.426403148102874757e-03 9.999677945231232323e-01 7.257387823963575013e-03 -5.371279999999999805e-02 6.911097550850058002e-02 -7.476874764354636549e-03 9.975809588239049619e-01 2.393993099999999874e+00
9.975576587302569243e-01 -1.271346989771787988e-03 -6.983624549930907144e-02 -6.745629999999999682e-02 1.632868319883731476e-03 9.999855602928554577e-01 5.119858087273380931e-03 -5.456010000000000026e-02 6.982872796820867312e-02 -5.221387039427049376e-03 9.975453302320282933e-01 2.520216200000000129e+00
9.974473080017580706e-01 -3.502967695869947228e-03 -7.132038262213465096e-02 -7.175560000000000271e-02 3.980610050696373192e-03 9.999705856640945800e-01 6.556107856959917345e-03 -5.521029999999999688e-02 7.129531894640973866e-02 -6.823270764779025034e-03 9.974319127000099705e-01 2.583105100000000043e+00
9.973659591429175908e-01 -8.688272004826921554e-04 -7.252853701973996370e-02 -8.116829999999999878e-02 1.168225596720871232e-03 9.999909711541109525e-01 4.085689563990140168e-03 -5.634059999999999763e-02 7.252433241253072871e-02 -4.159657384188411751e-03 9.973579690655521857e-01 2.707643000000000022e+00
9.973072195482225455e-01 -2.917407545240596821e-04 -7.333638063284587949e-02 -8.611470000000000236e-02 2.926654155635667978e-04 9.999999571717419489e-01 1.862511118436723675e-06 -5.696609999999999868e-02 7.333637694860604961e-02 -2.332051809874553295e-05 9.973072622177207025e-01 2.768802200000000102e+00
9.972622946409889222e-01 8.094382412822236908e-04 -7.394092572535743146e-02 -9.081749999999999545e-02 -9.129812455056480298e-04 9.999986494902153300e-01 -1.366558813511573349e-03 -5.757770000000000249e-02 7.393971972245114155e-02 1.430324256586996403e-03 9.972616868304359228e-01 2.830791200000000174e+00
9.972320727040184796e-01 -2.578316736661985086e-03 -7.430710230693189644e-02 -1.000951999999999953e-01 2.976215685837395059e-03 9.999818182125400634e-01 5.244557610886784252e-03 -5.897199999999999664e-02 7.429222914032644620e-02 -5.451195020175277073e-03 9.972216148691389614e-01 2.953371499999999816e+00
9.972084804195665564e-01 -4.695937896403383667e-03 -7.451976077908452345e-02 -1.046871000000000052e-01 5.148738649654839399e-03 9.999694263703414743e-01 5.885304995311358561e-03 -5.962130000000000207e-02 7.448984541275684157e-02 -6.252558823666430274e-03 9.972021702937374776e-01 3.014524499999999829e+00
9.971138155773048295e-01 -1.052374729492814784e-02 -7.518836032087029830e-02 -1.134465999999999947e-01 1.082239210419223482e-02 9.999350790088461505e-01 3.565613091143476042e-03 -6.104939999999999672e-02 7.514595540687234176e-02 -4.369039991246207420e-03 9.971629740797355312e-01 3.135498300000000071e+00
9.969092199830009715e-01 -1.473521225076149591e-02 -7.716787306133085500e-02 -1.225913000000000003e-01 1.543753442080237834e-02 9.998445971429226198e-01 8.512584514317999770e-03 -6.170980000000000215e-02 7.703044621376151091e-02 -9.677555684772532960e-03 9.969817727882877012e-01 3.255708900000000128e+00
9.968247297230191650e-01 -1.569701193078484880e-02 -7.806447353998230421e-02 -1.269390999999999992e-01 1.680593265515335083e-02 9.997667007186360477e-01 1.356852098659400499e-02 -6.200209999999999749e-02 7.783327591859570682e-02 -1.483738355027562628e-02 9.968559741553248976e-01 3.315618300000000129e+00
9.968006665316213599e-01 -1.393475971017210137e-02 -7.870358107440271478e-02 -1.318486000000000102e-01 1.521931863595430388e-02 9.997602007222881060e-01 1.574526570076110674e-02 -6.216800000000000104e-02 7.846530151839480050e-02 -1.689270622339814412e-02 9.967737119999089401e-01 3.375407899999999906e+00
9.966306856445356077e-01 -1.116862286382944505e-02 -8.125600467059915233e-02 -1.420473999999999903e-01 1.152817845274051178e-02 9.999257182271751310e-01 3.957161789675997174e-03 -6.270480000000000498e-02 8.120577278287952061e-02 -4.880562589850529279e-03 9.966854080277998129e-01 3.492362299999999919e+00
9.965896528830096024e-01 -9.428954749557997075e-03 -8.197657335393603029e-02 -1.472777000000000114e-01 9.396972287690605677e-03 9.999555464136687943e-01 -7.759564197511067659e-04 -6.325350000000000417e-02 8.198024565922477913e-02 2.978550965325173043e-06 9.966339545253218857e-01 3.549626799999999971e+00
9.965404331303741037e-01 -4.717741770812272639e-03 -8.297534603067605041e-02 -1.526946999999999888e-01 4.738868826945191390e-03 9.999887698348590703e-01 5.767500574357071834e-05 -6.390700000000000547e-02 8.297414210805376111e-02 -4.506847559142559100e-04 9.965515985761516093e-01 3.606730499999999839e+00
9.964773074347258452e-01 -1.846414006803050742e-03 -8.384251023767354261e-02 -1.579310999999999909e-01 2.044552232184506692e-03 9.999953165729736915e-01 2.277419216550218440e-03 -6.478639999999999399e-02 8.383791250865434141e-02 -2.440816960266452024e-03 9.964764155958523162e-01 3.663091200000000214e+00
9.961499220032969948e-01 2.932995115505309617e-03 -8.761695288286185102e-02 -1.733716999999999897e-01 -2.563694338137415245e-03 9.999873514233567073e-01 4.327177445017900762e-03 -6.670990000000000253e-02 8.762853624342821501e-02 -4.085894388318363213e-03 9.961448414276318220e-01 3.826628200000000035e+00
9.960343726411531318e-01 3.734258233595123561e-03 -8.889085348217434790e-02 -1.783137999999999945e-01 -3.309127964304344523e-03 9.999823747090249570e-01 4.929497278140976095e-03 -6.746209999999999707e-02 8.890769477081508776e-02 -4.615797519840676190e-03 9.960291743838608491e-01 3.878999199999999981e+00
9.959018638240259014e-01 3.681757652987808268e-03 -9.036549281897429675e-02 -1.831896000000000080e-01 -3.206350429115665483e-03 9.999802495152069204e-01 5.405543120741420834e-03 -6.807779999999999387e-02 9.038360995643590634e-02 -5.093647032250155429e-03 9.958939992846396194e-01 3.930932499999999941e+00
9.957903792095139650e-01 3.230261437385985833e-03 -9.160287159701134552e-02 -1.880808999999999953e-01 -2.650310756215818603e-03 9.999756729732294236e-01 6.452078318837357537e-03 -6.867470000000000518e-02 9.162148507128607677e-02 -6.182141439910719335e-03 9.957747157869338839e-01 3.982206600000000041e+00
9.956464718047106643e-01 6.385062962196930147e-03 -9.299104340634256616e-02 -1.930607000000000018e-01 -5.555401024267010018e-03 9.999424484457760665e-01 9.178088892910534619e-03 -6.907249999999999501e-02 9.304429430271948798e-02 -8.621529286349124271e-03 9.956246423881208729e-01 4.032433000000000156e+00
9.951858605767966992e-01 1.376131085999931017e-02 -9.703468056027750310e-02 -2.084631999999999874e-01 -1.276035826619666483e-02 9.998588609531575688e-01 1.092846880275262153e-02 -7.022929999999999451e-02 9.717137523437105462e-02 -9.637660342058953361e-03 9.952210002497898778e-01 4.177139799999999958e+00
9.950566373962349553e-01 1.346185865525623138e-02 -9.839241198000785171e-02 -2.133185999999999971e-01 -1.316873912460750015e-02 9.999067068392506474e-01 3.627937120853130804e-03 -7.069079999999999808e-02 9.843207141763156420e-02 -2.314298906955464946e-03 9.951410811221711450e-01 4.222476499999999966e+00
9.949137278307321752e-01 1.264523791008011731e-02 -9.993383877422715167e-02 -2.178971000000000102e-01 -1.294892477940417543e-02 9.999133009618945689e-01 -2.390796215682536655e-03 -7.102650000000000630e-02 9.989494241958943310e-02 3.672671736632891586e-03 9.949912120020466544e-01 4.267172799999999988e+00
9.946524267641866368e-01 1.634622535495498449e-02 -1.019772074963786884e-01 -2.323738999999999943e-01 -1.620655921117899675e-02 9.998662491794604312e-01 2.197996890749565491e-03 -7.318170000000000230e-02 1.019994969137053981e-01 -5.335432899234439060e-04 9.947843072550495158e-01 4.393843699999999686e+00
9.946347697320290226e-01 5.107720579420252718e-03 -1.033227275607651319e-01 -2.393377999999999894e-01 -5.803152466916691732e-03 9.999624808930772657e-01 -6.431191771965627003e-03 -7.462589999999999502e-02 1.032860022537383515e-01 6.996284488544367471e-03 9.946270928050352511e-01 4.471751700000000440e+00
9.958657151778633754e-01 7.012081398328165460e-03 -9.056659454647617014e-02 -2.535284999999999900e-01 -7.497646309844840928e-03 9.999592800483586563e-01 -5.022304747896466116e-03 -7.824929999999999386e-02 9.052768986942644203e-02 5.680577403001694538e-03 9.958777376803206183e-01 4.615657299999999630e+00
9.986718626340476135e-01 8.121784496487689450e-03 -5.087776920850990009e-02 -2.614672000000000107e-01 -8.012046940315301416e-03 9.999651170390488897e-01 2.360467942451667262e-03 -8.112940000000000429e-02 5.089516565321278857e-02 -1.949697841659054753e-03 9.987020981210854575e-01 4.746631100000000103e+00
9.998769818305299761e-01 1.153976783013931431e-02 -1.062332169787227713e-02 -2.619181999999999899e-01 -1.150108535418896752e-02 9.999270326065282655e-01 3.695199369286226304e-03 -8.199810000000000432e-02 1.066518828458561281e-02 -3.572565063031753196e-03 9.999367432681552925e-01 4.807207100000000288e+00
9.989542740046505331e-01 7.081462869308293058e-03 4.516869858067858873e-02 -2.577384999999999815e-01 -7.383072805709670929e-03 9.999515273230897838e-01 6.514080147318370394e-03 -8.303499999999999770e-02 -4.512037991625490047e-02 -6.840751994532834508e-03 9.989581349728136050e-01 4.864757100000000278e+00
9.793040632197251849e-01 6.505370298098966421e-03 2.022899698912953848e-01 -2.370144999999999891e-01 -8.397554333957503794e-03 9.999286386940337001e-01 8.496975974132361942e-03 -8.417349999999999832e-02 -2.022202582397342741e-01 -1.001986410992498563e-02 9.792888080033764764e-01 4.972351999999999883e+00
9.678324352877358816e-01 8.978575177793560180e-03 2.514354040161952408e-01 -2.288268999999999997e-01 -1.093517057644106255e-02 9.999198200780554657e-01 6.385566500585976822e-03 -8.450480000000000491e-02 -2.513579106562487953e-01 -8.929647408827380561e-03 9.678530168097216890e-01 4.997651099999999680e+00
7.705962253402603990e-01 8.227016513074900464e-03 6.372705655297726812e-01 -1.322805999999999982e-01 -7.090499624062461537e-03 9.999654639827646463e-01 -4.335395808395711183e-03 -8.760199999999999931e-02 -6.372842241154442755e-01 -1.177727060009204144e-03 7.706279456732335609e-01 5.141789900000000024e+00
7.277376472734703450e-01 8.042570486804203472e-03 6.858084527044261414e-01 -1.139252000000000042e-01 -8.728341321744201298e-03 9.999588698638204320e-01 -2.464678162004814606e-03 -8.790309999999999790e-02 -6.858000676572184595e-01 -4.192331169637810405e-03 7.277779136252477965e-01 5.158100100000000410e+00
6.826094051608704305e-01 6.833021658688817786e-03 7.307514692430899794e-01 -9.449180000000000079e-02 -8.058331223876242372e-03 9.999658695620730064e-01 -1.822912190279399975e-03 -8.836320000000000285e-02 -7.307389843739070523e-01 -4.644300375627909497e-03 6.826411701547248079e-01 5.172840100000000163e+00
5.436604249994436699e-01 4.845299015000778357e-03 8.392912875556850505e-01 -3.202760000000000329e-02 -1.488249539189910901e-03 9.999873293307504074e-01 -4.808980272621432399e-03 -9.009570000000000078e-02 -8.393039541207545362e-01 1.365377386876454350e-03 5.436607474720407396e-01 5.207868099999999778e+00
4.959081700814625959e-01 7.903036741800047171e-03 8.683390057211025637e-01 -1.056379999999999993e-02 -5.855573967059431867e-03 9.999662845930482602e-01 -5.756902873167296653e-03 -9.061600000000000210e-02 -8.683552263330781562e-01 -2.229728107313649552e-03 4.959377271519036512e-01 5.218574000000000268e+00
4.508225350111889629e-01 9.973523530738178863e-03 8.925578808987498780e-01 1.163400000000000024e-02 -6.577232162744988189e-03 9.999475463306431999e-01 -7.851407797565240765e-03 -9.116670000000000329e-02 -8.925893691632017513e-01 -2.330968834653790629e-03 4.508644858947411516e-01 5.227172900000000233e+00
3.334682016739045629e-01 -3.521702808807964866e-03 9.427547698535916343e-01 8.206579999999999431e-02 1.936765925042767400e-02 9.998075741431590169e-01 -3.115840357086525209e-03 -9.196219999999999395e-02 -9.425623863954744053e-01 1.929798681982034664e-02 3.334722409094504902e-01 5.246501000000000303e+00
2.693526060283220613e-01 8.208999592587105931e-03 9.630066385811889562e-01 1.297223999999999877e-01 5.240058016888824236e-03 9.999363743794356107e-01 -9.989443672637144528e-03 -9.336840000000000417e-02 -9.630273700252404145e-01 7.736893342812464942e-03 2.692924526674871366e-01 5.259576799999999608e+00
2.409265908452531690e-01 1.254673172838009429e-02 9.704622390111942165e-01 1.546266000000000029e-01 4.776268214410064536e-04 9.999147821025299310e-01 -1.304608774574079859e-02 -9.436260000000000481e-02 -9.705432240226622431e-01 3.606668238996803624e-03 2.409000669321418320e-01 5.265159099999999981e+00
2.153160626880765705e-01 1.437731239849663473e-02 9.764385725874926703e-01 1.801358000000000126e-01 1.429215268456057904e-03 9.998859057259066319e-01 -1.503771506578521940e-02 -9.534149999999999570e-02 -9.765433684646169787e-01 4.633402516441524968e-03 2.152709480838042033e-01 5.269484499999999905e+00
1.721575059051101975e-01 2.158906837776031901e-02 9.848328311379105360e-01 2.331902999999999893e-01 1.631412662008326769e-02 9.995602057930969009e-01 -2.476376925037124255e-02 -9.612840000000000273e-02 -9.849343340716455453e-01 2.032995625775253085e-02 1.717295852362138442e-01 5.275696800000000408e+00
1.524228564889565096e-01 2.829578693770475745e-02 9.879102293535191315e-01 2.609146999999999994e-01 1.810801892549569053e-02 9.993423171403267302e-01 -3.141707852739366452e-02 -9.615390000000000048e-02 -9.881494686889937817e-01 2.267777798150751381e-02 1.518102299434415103e-01 5.279096599999999917e+00
1.347121206121051906e-01 2.948141101739959469e-02 9.904461070470277351e-01 2.898290000000000033e-01 1.512516372577617230e-02 9.993796584781813319e-01 -3.180452235613925177e-02 -9.686609999999999665e-02 -9.907693343974962596e-01 1.926511418229455083e-02 1.341826419216921584e-01 5.283017199999999747e+00
1.048386115426403753e-01 2.168297869410542450e-02 9.942528420702465564e-01 3.451960000000000028e-01 1.376328160879648765e-02 9.996349005606934846e-01 -2.325161629585259168e-02 -9.777070000000000205e-02 -9.943940052158242171e-01 1.612184902433848668e-02 1.045019060824640134e-01 5.300467000000000262e+00
4.609989794481883507e-02 2.131628052926358430e-02 9.987093749404151177e-01 6.057152000000000092e-01 2.891349429998932297e-02 9.993249474752902151e-01 -2.266405084870953129e-02 -1.031781999999999977e-01 -9.985183069212307805e-01 2.992098825082728508e-02 4.545244993674246725e-02 5.299601100000000287e+00
4.171352869235717131e-02 2.127128238792872286e-02 9.989031555008748287e-01 6.464925000000000255e-01 3.135835958768341120e-02 9.992529334089510495e-01 -2.258823493714978009e-02 -1.041504999999999931e-01 -9.986373890496998973e-01 3.226619932962857679e-02 4.101533338666452089e-02 5.301096399999999598e+00
3.562775532911596765e-02 2.067209610547630569e-02 9.991513036036209217e-01 7.318687000000000387e-01 3.372268987206217261e-02 9.991917965372422161e-01 -2.187541817820002135e-02 -1.055138000000000048e-01 -9.987959968071568051e-01 3.447344159326654056e-02 3.490184216791825111e-02 5.305100000000000371e+00
3.323686882466704573e-02 2.028132736694003221e-02 9.992417016472876501e-01 7.759905999999999748e-01 3.574242750535654156e-02 9.991304252045282164e-01 -2.146793671135809392e-02 -1.062304000000000026e-01 -9.988081845012866111e-01 3.642885107786895255e-02 3.248306300813141867e-02 5.307243800000000178e+00
3.356817415432203355e-02 1.955406388291697911e-02 9.992451232153239937e-01 8.678805000000000547e-01 4.360487063415047909e-02 9.988278950973598080e-01 -2.101074088071681889e-02 -1.086701000000000056e-01 -9.984847484768729631e-01 4.427724653860519444e-02 3.267617630683661289e-02 5.309145499999999629e+00
4.006998367977046560e-02 1.942444412048102351e-02 9.990080517085501155e-01 9.651125999999999872e-01 4.773806444017560102e-02 9.986320780903179539e-01 -2.133189659919184494e-02 -1.109539999999999971e-01 -9.980558469401442645e-01 4.854547949730522033e-02 3.908788570603616286e-02 5.312399899999999953e+00
4.440553404543970406e-02 1.898186624676481693e-02 9.988332379831628138e-01 1.014817400000000092e+00 4.807237850813510238e-02 9.986206503089251063e-01 -2.111499943523615502e-02 -1.119006000000000028e-01 -9.978562997599955686e-01 4.895391230912359698e-02 4.343177982676682536e-02 5.315070600000000312e+00
5.641068571126859471e-02 1.378132953340563058e-02 9.983125309710761952e-01 1.170438400000000101e+00 4.635437050500500200e-02 9.987903059411648021e-01 -1.640722685401442560e-02 -1.158084000000000058e-01 -9.973309916335043601e-01 4.720169185787784216e-02 5.570362118466576362e-02 5.324115800000000398e+00
6.459393169014908398e-02 1.356753951972982514e-02 9.978193954119096709e-01 1.277794000000000096e+00 4.296800675775433453e-02 9.989424200265917264e-01 -1.636434742609602783e-02 -1.185834999999999945e-01 -9.969861455326618493e-01 4.393134806487239419e-02 6.394264831182006059e-02 5.331623600000000351e+00
6.762985930486663244e-02 1.760234279784951908e-02 9.975551912843877433e-01 1.331917400000000029e+00 4.089813638271427854e-02 9.989550501979843622e-01 -2.039975794865136680e-02 -1.201933000000000029e-01 -9.968718797171606250e-01 4.217778102235414384e-02 6.683928648037396059e-02 5.335976600000000403e+00
6.902742583808015031e-02 2.601343264502398514e-02 9.972755465788734064e-01 1.440681799999999901e+00 3.235845679843134953e-02 9.990755897887346748e-01 -2.830010886756778588e-02 -1.232958999999999999e-01 -9.970898378560439923e-01 3.422378135617011596e-02 6.812186164435518609e-02 5.344387099999999613e+00
6.837189632771022152e-02 2.260784331295703428e-02 9.974037142568145109e-01 1.605256000000000016e+00 2.790531920562653798e-02 9.993087143281387252e-01 -2.456392940623587651e-02 -1.296564000000000050e-01 -9.972695608272542644e-01 2.951235145797828641e-02 6.769375273122202330e-02 5.355432500000000040e+00
6.878554043284475228e-02 2.223575465909202048e-02 9.973836376450647689e-01 1.714448900000000053e+00 2.380703278762420771e-02 9.994302891673602085e-01 -2.392325823744985425e-02 -1.337281999999999915e-01 -9.973473690832147520e-01 2.539031921003345044e-02 6.821698522510455387e-02 5.364156699999999667e+00
6.769286204369506788e-02 2.428099690397028665e-02 9.974107025782723568e-01 1.823581700000000083e+00 1.778464276999287136e-02 9.995156090863394072e-01 -2.553925751285177764e-02 -1.372565000000000035e-01 -9.975476845293549388e-01 1.946741847583806362e-02 6.722824338036503811e-02 5.373108900000000077e+00
4.960162056261979702e-02 1.826378957808956829e-02 9.986020795230746705e-01 2.043672100000000214e+00 8.140890942972805328e-03 9.997921847523397743e-01 -1.868992249309543371e-02 -1.427412000000000125e-01 -9.987359035962491971e-01 9.056561068670497539e-03 4.944262907039764787e-02 5.386041600000000429e+00
4.221711394886897700e-02 1.836179358946171680e-02 9.989397178138460509e-01 2.096379300000000168e+00 7.549540521520990873e-03 9.997967000505905144e-01 -1.869660412650947859e-02 -1.446652999999999967e-01 -9.990799366055461705e-01 8.330852545058119868e-03 4.206990810698751915e-02 5.388364799999999732e+00
3.358785147631161011e-02 1.945286022074746088e-02 9.992464373028493441e-01 2.149586000000000219e+00 7.445137184447113941e-03 9.997779500169972078e-01 -1.971346220518757977e-02 -1.460048999999999930e-01 -9.994080378731751146e-01 8.101659647421467769e-03 3.343556408148884440e-02 5.390120500000000092e+00
2.355418910206112659e-02 2.010271106677102154e-02 9.995204255959506678e-01 2.202987699999999993e+00 7.666496707821710173e-03 9.997647773873736821e-01 -2.028829031249518300e-02 -1.468596000000000068e-01 -9.996931654282594781e-01 8.140694278809937345e-03 2.339453125595059024e-02 5.391994500000000023e+00
1.331159591026802487e-02 1.883144289792022114e-02 9.997340537226409030e-01 2.255154800000000126e+00 8.712919524773279911e-03 9.997824985166342548e-01 -1.894836914330416330e-02 -1.486271000000000120e-01 -9.998734352145159932e-01 8.962835389454994889e-03 1.314462377190661613e-02 5.392907100000000398e+00
2.810440509387409844e-03 1.791949756832330806e-02 9.998354829825965018e-01 2.307455099999999870e+00 8.110598854988118611e-03 9.998061367513143560e-01 -1.794176971832834797e-02 -1.492417000000000049e-01 -9.999631591265533137e-01 8.159688799881627957e-03 2.664557811800416509e-03 5.395485400000000098e+00
-8.429967608044970293e-03 1.710876375984883915e-02 9.998180963799048193e-01 2.359833200000000186e+00 9.545496657912093397e-03 9.998094449369878678e-01 -1.702813284967243102e-02 -1.503983000000000125e-01 -9.999189062817448459e-01 9.400213689166186937e-03 -8.591672882326872873e-03 5.395493499999999720e+00
-3.046843087027967939e-02 1.805145364927965637e-02 9.993727131263143715e-01 2.462919199999999975e+00 1.002140552310909483e-02 9.997921707013629478e-01 -1.775350206573223649e-02 -1.534017000000000019e-01 -9.994854907159202995e-01 9.474197876573433805e-03 -3.064299957496241511e-02 5.393393999999999799e+00
-5.157107488962439645e-02 2.016728487605710940e-02 9.984656753516648608e-01 2.563302300000000145e+00 9.950520103039805012e-03 9.997568242950989337e-01 -1.967941627837761082e-02 -1.563676999999999984e-01 -9.986197531515222936e-01 8.920364124105651174e-03 -5.175920903071851153e-02 5.389641300000000079e+00
-8.877049622691712827e-02 2.123461267964299112e-02 9.958257328589035229e-01 2.760180699999999820e+00 1.288564160524052413e-02 9.997135477293442873e-01 -2.016885536735849027e-02 -1.624014000000000013e-01 -9.959687541484663065e-01 1.104145419560648676e-02 -8.901868932532164269e-02 5.374778300000000009e+00
-9.592538726671526184e-02 2.041634894926433810e-02 9.951791259734664719e-01 2.808036099999999813e+00 1.467467434548728675e-02 9.997099790712721257e-01 -1.909480762328981743e-02 -1.636897999999999964e-01 -9.952803494546572649e-01 1.277225277303978626e-02 -9.619717016896589534e-02 5.369627000000000372e+00
-1.094299617900393595e-01 1.647908063335432396e-02 9.938578989795825436e-01 3.081100699999999915e+00 2.440222144286040631e-02 9.996057560796162145e-01 -1.388754842124605496e-02 -1.709240999999999955e-01 -9.936949305754176898e-01 2.273262664054148327e-02 -1.097889458676856167e-01 5.341037299999999988e+00
-5.471487751157278444e-03 2.607788206665168085e-02 9.996449404106970693e-01 3.380015900000000073e+00 1.847380970676747863e-02 9.994919375792712390e-01 -2.597277553424785779e-02 -1.813947999999999949e-01 -9.998143733597284477e-01 1.832514068028093940e-02 -5.950465724700260139e-03 5.325266400000000289e+00
2.814055475868160738e-01 1.151888394403505385e-02 9.595197929694039285e-01 3.605425599999999786e+00 7.327063937635665269e-04 9.999250788690975389e-01 -1.221882932075636120e-02 -1.890129999999999866e-01 -9.595886519382690327e-01 4.141492643128663262e-03 2.813760244050338422e-01 5.367358699999999594e+00
3.361515325366716267e-01 1.125604945499828619e-02 9.417406482274797153e-01 3.630059699999999889e+00 4.622151160999675087e-04 9.999264857452295763e-01 -1.211649546616289444e-02 -1.906828999999999885e-01 -9.418078007377266303e-01 4.508265282980813277e-03 3.361216178910615415e-01 5.378007400000000438e+00
4.517797727414335496e-01 1.531685644364010578e-02 8.919979993533527773e-01 3.684591499999999797e+00 3.363385958620566593e-03 9.998162557044995014e-01 -1.887173717303657419e-02 -1.935937000000000074e-01 -8.921231554984953016e-01 1.152600267741323362e-02 4.516452442854770322e-01 5.410485699999999731e+00
6.758515367030706322e-01 2.556939085067636702e-02 7.365941260881890829e-01 3.774856300000000164e+00 -3.472440960502792134e-03 9.994974216419804103e-01 -3.150946341671176376e-02 -2.028233999999999870e-01 -7.370296076073697966e-01 1.873793965617944618e-02 6.756006565476144754e-01 5.494503500000000429e+00
7.246286894537968815e-01 2.388092259438114734e-02 6.887256086109431186e-01 3.794298200000000065e+00 -3.167139213766224579e-03 9.995042451096246561e-01 -3.132464264823965616e-02 -2.041068000000000049e-01 -6.891322308887267711e-01 2.051744486724568772e-02 7.243450854437034625e-01 5.518920399999999837e+00
7.696651452769233126e-01 1.999239840820130065e-02 6.381346786938790761e-01 3.811318400000000217e+00 -4.538475078289521715e-03 9.996556672175562763e-01 -2.584471403954820973e-02 -2.062800999999999940e-01 -6.384316458242151882e-01 1.699561725004495455e-02 7.694908593378311235e-01 5.545019100000000201e+00
9.040053565109135159e-01 8.394178919931686786e-03 4.274387127528768149e-01 3.864876699999999943e+00 -9.414007641086222580e-03 9.999556500995828712e-01 2.725693564201510551e-04 -2.135819999999999941e-01 -4.274174678925859450e-01 -4.270315466176189886e-03 9.040442868278686372e-01 5.658850199999999830e+00
9.243188383906860706e-01 1.020720581554737660e-02 3.814845972585678702e-01 3.874661399999999922e+00 -1.255891868770416323e-02 9.999143787865506505e-01 3.675412534970389465e-03 -2.145993999999999957e-01 -3.814144183922368869e-01 -8.188287082512322318e-03 9.243678885579951210e-01 5.689040199999999992e+00
9.609749137700503985e-01 2.162937842081760764e-02 2.757886601979372410e-01 3.897817600000000215e+00 -2.397782741616105023e-02 9.996992458457355513e-01 5.146032245185614903e-03 -2.165243000000000029e-01 -2.755944101338868579e-01 -1.155802079063556788e-02 9.612045220754832364e-01 5.784736599999999562e+00
9.671552793678014348e-01 1.598295729325009684e-02 2.536832881116771188e-01 3.905881200000000053e+00 -1.785271035411913065e-02 9.998277738012465443e-01 5.069858839789620659e-03 -2.170524000000000064e-01 -2.535585658659592068e-01 -9.432275006890374069e-03 9.672740489975901745e-01 5.817530200000000207e+00
9.711536033545794533e-01 1.313573097361921994e-02 2.380926946867643057e-01 3.913683900000000104e+00 -1.493501614580619759e-02 9.998719062929535273e-01 5.754676256728662002e-03 -2.182159999999999933e-01 -2.379866046317325456e-01 -9.144592822206414062e-03 9.712253870435921810e-01 5.850900700000000398e+00
9.772069903697402360e-01 3.078396789184745241e-02 2.100448649535331669e-01 3.933329800000000098e+00 -3.239127368934482942e-02 9.994663752140781066e-01 4.215472122261861715e-03 -2.179607000000000072e-01 -2.098030108489776502e-01 -1.092300953333442091e-02 9.776826604279317268e-01 5.955358499999999999e+00
9.776202429716511766e-01 3.645041716252183511e-02 2.071956264517373636e-01 3.939977900000000144e+00 -3.742136845380825833e-02 9.992992806001971262e-01 7.674470488671248508e-04 -2.183286999999999867e-01 -2.070224666916469503e-01 -8.503815649849441258e-03 9.782992299926945856e-01 5.991595300000000179e+00
9.772830305300057585e-01 3.659068364813379548e-02 2.087558385009866679e-01 3.955524200000000157e+00 -3.636580428131655496e-02 9.993264511653157101e-01 -4.916531328973341650e-03 -2.200372999999999912e-01 -2.087951304917353701e-01 -2.786731328634223324e-03 9.779554323237031888e-01 6.065720100000000059e+00
9.728204507318297667e-01 4.374216917254476061e-02 2.273917176899809545e-01 3.989032499999999981e+00 -4.215680996053745161e-02 9.990410105801171836e-01 -1.182634994448578114e-02 -2.223523000000000027e-01 -2.276909616385126567e-01 1.918805654250299760e-03 9.737315565252009364e-01 6.225383800000000356e+00
9.717836924148227640e-01 4.080184752701003503e-02 2.323180242576880217e-01 3.998934699999999953e+00 -4.021804678677945444e-02 9.991646174739619024e-01 -7.250924131994122834e-03 -2.231309999999999960e-01 -2.324198009406029664e-01 -2.297047342598865487e-03 9.726128519119189297e-01 6.267458900000000277e+00
9.702131382266725446e-01 3.401384841877205800e-02 2.398531311617518313e-01 4.020320400000000127e+00 -3.575506271411270365e-02 9.993563452906709665e-01 2.910432542258934059e-03 -2.243528999999999940e-01 -2.395997535530067779e-01 -1.139970363728681074e-02 9.708048232545615219e-01 6.353211899999999801e+00
9.696542562192803638e-01 2.952815610893475690e-02 2.426905671686491461e-01 4.031358700000000184e+00 -3.134825330843522828e-02 9.995018927669947484e-01 3.640517779789902587e-03 -2.248980999999999897e-01 -2.424621834644413443e-01 -1.113796893518586954e-02 9.700969205381770877e-01 6.396645099999999751e+00
9.697434791389960562e-01 2.604085839144425554e-02 2.427333070710161744e-01 4.043067899999999604e+00 -2.703494707539398981e-02 9.996341964884574161e-01 7.647532325499987495e-04 -2.255001000000000089e-01 -2.426245995442880277e-01 -7.303896570516110742e-03 9.700927567974420018e-01 6.440220400000000289e+00
9.699834667962118351e-01 2.769722380747548229e-02 2.415883646522756223e-01 4.065267999999999660e+00 -2.527327780786341183e-02 9.995943895293509796e-01 -1.312698938411507345e-02 -2.265739999999999976e-01 -2.418539550448758901e-01 6.627232816396636320e-03 9.702900309775157606e-01 6.530730199999999819e+00
9.705636096984748828e-01 3.055676652245545646e-02 2.388986470216160063e-01 4.076189499999999910e+00 -2.733988859870069635e-02 9.994855434793342708e-01 -1.676838892769421177e-02 -2.272379999999999955e-01 -2.392881318002987867e-01 9.743325690539530667e-03 9.708997155134050372e-01 6.577763100000000307e+00
9.715949713810397848e-01 2.517525867283558830e-02 2.353070715848382122e-01 4.099258400000000080e+00 -2.468760918347443281e-02 9.996826174487245531e-01 -5.018597779366258671e-03 -2.284519999999999884e-01 -2.353587337233959409e-01 -9.331246555780176727e-04 9.719081210374244106e-01 6.674592999999999776e+00
