9.999972500995216729e-01 -2.230671918283330061e-03 -7.238067336024590686e-04 2.670149999999999954e-02 2.231324606697164970e-03 9.999971036149386538e-01 9.021930133236952557e-04 -2.330600000000000033e-02 7.217921405597559634e-04 -9.038055801578766387e-04 9.999993310755658227e-01 2.435249999999999915e-02
9.999868848310307090e-01 -2.122054825967039076e-03 -4.661228298049059290e-03 2.609869999999999898e-02 2.118730820248543225e-03 9.999974977676319154e-01 -7.179402386989477882e-04 -2.311639999999999875e-02 4.662740143121024000e-03 7.080549347361162621e-04 9.999888786944418628e-01 7.036299999999999499e-02
9.999549211334238796e-01 -8.266952183977565975e-04 -9.458978595177526885e-03 2.517720000000000027e-02 8.148858552834293677e-04 9.999988838925442103e-01 -1.252267826297265253e-03 -2.341589999999999991e-02 9.460003281765145752e-03 1.244503387620367113e-03 9.999544787385209466e-01 1.168277999999999955e-01
9.998307457893901296e-01 5.450479849885535988e-05 -1.839773908552277959e-02 2.293999999999999859e-02 -1.166877055467285742e-04 9.999942848127845174e-01 -3.378864564745738975e-03 -2.337639999999999857e-02 1.839744977466730574e-02 3.380439467652212367e-03 9.998250379295340329e-01 2.130240999999999940e-01
9.997295566907065112e-01 2.556250932376615513e-03 -2.311447728533302243e-02 2.112390000000000101e-02 -2.646587205005744743e-03 9.999889764805088843e-01 -3.878465370529313172e-03 -2.374129999999999990e-02 2.310430815172253433e-02 3.938590945353285730e-03 9.997253014934629478e-01 2.623830999999999802e-01
9.994917213589930016e-01 2.027816147307658686e-03 -3.181488482628588160e-02 1.761679999999999843e-02 -2.019269509961212333e-03 9.999979160437447723e-01 3.007637173888340538e-04 -2.433309999999999987e-02 3.181542841898028079e-02 -2.363680187226487408e-04 9.994937331692863580e-01 3.639117000000000046e-01
9.993697362248650240e-01 1.487911630633103428e-03 -3.546711768417434157e-02 1.584280000000000063e-02 -1.386432418037295911e-03 9.999948754244543103e-01 2.885642039518759687e-03 -2.471119999999999914e-02 3.547122951060282386e-02 -2.834650562141560921e-03 9.993666777680736413e-01 4.155854999999999966e-01
9.992714264379889411e-01 3.355092383164249518e-03 -3.801788604969375679e-02 1.337209999999999961e-02 -3.264097066119051298e-03 9.999916585416562809e-01 2.455303942624357302e-03 -2.527460000000000123e-02 3.802580669663720853e-02 -2.329421002770205428e-03 9.992740424042155789e-01 4.678252999999999995e-01
9.991895798056417144e-01 2.707103078288923288e-03 -4.016036853352441399e-02 1.091579999999999981e-02 -2.620614054974901210e-03 9.999941327818800962e-01 2.206078826881325335e-03 -2.560660000000000019e-02 4.016610498666565304e-02 -2.099046149817749164e-03 9.991908116148091601e-01 5.204389000000000376e-01
9.990339531793142047e-01 -2.420994865869659110e-04 -4.394430318881301784e-02 6.254599999999999917e-03 3.477575406805142200e-04 9.999970673606515259e-01 2.396734192483389661e-03 -2.611000000000000126e-02 4.394359406790285943e-02 -2.409700797840572985e-03 9.990311075649547234e-01 6.276732999999999896e-01
9.989668765117338811e-01 -1.799332802738592670e-03 -4.540861189086684707e-02 3.832700000000000082e-03 1.896110332958859815e-03 9.999960219239161230e-01 2.088277267969188000e-03 -2.644950000000000079e-02 4.540467374616440760e-02 -2.172219557885228004e-03 9.989663142790135009e-01 6.822171000000000207e-01
9.988761600289346454e-01 2.552165325063164439e-04 -4.739569379565757024e-02 9.909000000000000707e-04 -2.610383576904925715e-04 9.999999591264601140e-01 -1.166449909829566137e-04 -2.690019999999999911e-02 4.739566208869765152e-02 1.288859947496853167e-04 9.988761858226344881e-01 7.368810999999999556e-01
9.987281741118138045e-01 4.832879697819169630e-03 -5.018642753881606688e-02 -5.781800000000000134e-03 -5.058349536328532979e-03 9.999776726725476683e-01 -4.366606962323091312e-03 -2.794009999999999896e-02 5.016420372387818405e-02 4.614913891015830563e-03 9.987303215756131447e-01 8.480811999999999795e-01
9.986655561024628813e-01 5.553249087233001757e-03 -5.134460516094851296e-02 -8.970300000000000495e-03 -5.760951180009977676e-03 9.999758076565790077e-01 -3.898146107315900426e-03 -2.864360000000000170e-02 5.132171563831528643e-02 4.188738013720397224e-03 9.986733880392488771e-01 9.046281999999999934e-01
9.985808646033150771e-01 4.688554008465266841e-03 -5.304973430098865878e-02 -1.165290000000000076e-02 -4.822462801053458391e-03 9.999855002439510532e-01 -2.396487927650092255e-03 -2.933509999999999937e-02 5.303772902970340514e-02 2.648917357076523496e-03 9.985889958016797019e-01 9.617006999999999639e-01
9.984480369672058542e-01 5.214519382840658406e-03 -5.544660732577867679e-02 -1.841800000000000034e-02 -5.259812913960056936e-03 9.999859419752906708e-01 -6.709842775637795895e-04 -3.069929999999999881e-02 5.544232899548190430e-02 9.615817160168174324e-04 9.984614281564212490e-01 1.076832999999999929e+00
9.983570004082318317e-01 4.750671879250184526e-03 -5.710280949807410023e-02 -2.183389999999999984e-02 -4.848179474909418418e-03 9.999870163544853918e-01 -1.569164820231797259e-03 -3.124530000000000016e-02 5.709461350825230375e-02 1.843431352040965148e-03 9.983670702047385825e-01 1.134499099999999983e+00
9.983175109011369619e-01 3.380189112722149346e-03 -5.788541914610693256e-02 -2.556100000000000039e-02 -3.535293978955202174e-03 9.999904295188534187e-01 -2.577317826995363659e-03 -3.168340000000000045e-02 5.787615333313549798e-02 2.777623491623668756e-03 9.983199064844385795e-01 1.192760899999999902e+00
9.982595832839072925e-01 3.308607160377987667e-03 -5.888002632895122934e-02 -2.864440000000000042e-02 -3.353292040824820859e-03 9.999941598177992663e-01 -6.601233086503660976e-04 -3.245719999999999855e-02 5.887749837016374721e-02 8.564163426617365854e-04 9.982648479921144569e-01 1.251275300000000090e+00
9.983082076452312048e-01 5.316174641031754487e-03 -5.790043899101401936e-02 -3.626680000000000181e-02 -4.933431640221241747e-03 9.999650399594098849e-01 6.751304409309343002e-03 -3.366510000000000336e-02 5.793430590261136603e-02 -6.454234746423988256e-03 9.982995337339494180e-01 1.370173800000000108e+00
9.983978486403261021e-01 4.122871525916213531e-03 -5.643348084913228646e-02 -3.966129999999999656e-02 -3.593951125119873406e-03 9.999486929669700874e-01 9.470741732223172255e-03 -3.373709999999999903e-02 5.646963206608344998e-02 -9.252748998487599769e-03 9.983614412076881051e-01 1.429893000000000081e+00
9.985523588405993411e-01 4.469624114686466219e-03 -5.360232377563640960e-02 -4.638020000000000337e-02 -4.085623229014466277e-03 9.999652171503099485e-01 7.271325351262626115e-03 -3.405520000000000075e-02 5.363295942520121540e-02 -7.041800182253850869e-03 9.985358875441021631e-01 1.550700500000000037e+00
9.986600858668736036e-01 4.582278340880490027e-03 -5.154644140554567183e-02 -5.303669999999999912e-02 -4.607440886436687914e-03 9.999893174828972109e-01 -3.693353050675343718e-04 -3.454839999999999994e-02 5.154419836263483129e-02 6.063376091546359998e-04 9.986705302400071815e-01 1.671892500000000004e+00
9.987099378018052809e-01 2.178782236443402819e-03 -5.073177548519825636e-02 -5.627309999999999951e-02 -2.148221309873334095e-03 9.999974767968252687e-01 6.569209897800770909e-04 -3.501619999999999733e-02 5.073307876640457265e-02 -5.470904396589485385e-04 9.987120983601494029e-01 1.733407900000000001e+00
9.986343181493809729e-01 -3.820106495230263244e-03 -5.210475410829674275e-02 -6.198499999999999843e-02 4.305029854486882440e-03 9.999484336898692982e-01 9.197645303500782618e-03 -3.605169999999999902e-02 5.206693127382238523e-02 -9.409396768238277239e-03 9.985992679349333656e-01 1.857377199999999950e+00
9.985200374397289469e-01 -1.094227819016717340e-02 -5.327289535374801072e-02 -6.476210000000000300e-02 1.140244105061097302e-02 9.999001962671396626e-01 8.341573174346125774e-03 -3.615100000000000258e-02 5.317630270571409995e-02 -8.936669007220812005e-03 9.985451500946793679e-01 1.919300999999999924e+00
9.983261160680912960e-01 -1.300839179983827656e-02 -5.635377289216542129e-02 -7.145239999999999925e-02 1.305309496005376338e-02 9.999147143095665768e-01 4.252283874960163280e-04 -3.653390000000000110e-02 5.634343518426682129e-02 -1.160107753449534165e-03 9.984107729094456873e-01 2.044047099999999784e+00
9.982095518189695316e-01 -1.139809288137983052e-02 -5.871774975285932313e-02 -7.506179999999999797e-02 1.139449772419145156e-02 9.999350021679563882e-01 -3.960567917465006001e-04 -3.703109999999999735e-02 5.871844751852154515e-02 -2.737115933444655156e-04 9.982745459055731851e-01 2.106845600000000207e+00
9.981375489637743792e-01 -8.486482484790417932e-03 -6.041037132499903900e-02 -8.356679999999999664e-02 8.719868508043656166e-03 9.999554982135457903e-01 3.600761822431483659e-03 -3.792659999999999781e-02 6.037712515341674829e-02 -4.120826074320176925e-03 9.981671310710815703e-01 2.233370499999999925e+00
9.980613221520976408e-01 -8.646980295483644788e-03 -6.163462465024138748e-02 -8.775339999999999530e-02 8.964818768322830103e-03 9.999478969899994185e-01 4.882143968442436734e-03 -3.836370000000000058e-02 6.158919749808201838e-02 -5.425222303923564644e-03 9.980868387642907180e-01 2.296864499999999865e+00
9.980009441717013763e-01 -7.449985930246587340e-03 -6.275837109128794278e-02 -9.173539999999999472e-02 7.936203305922630291e-03 9.999403685409917752e-01 7.501735745317046622e-03 -3.885170000000000290e-02 6.269874089229975078e-02 -7.984802548882011936e-03 9.980005565222774822e-01 2.360118400000000172e+00
9.980107088793137571e-01 -1.517941373348726149e-03 -6.302635017353296065e-02 -1.007429999999999992e-01 2.318471796073456621e-03 9.999175463539063946e-01 1.263032787042643428e-02 -3.918189999999999867e-02 6.300198132392768879e-02 -1.275132728662922536e-02 9.979319385617883009e-01 2.486737999999999893e+00
9.979932083912742558e-01 -1.550513712218618174e-03 -6.330206878229828471e-02 -1.048248999999999986e-01 2.323069511247917787e-03 9.999237000162377598e-01 1.213249742974390963e-02 -3.923770000000000036e-02 6.327842723184980145e-02 -1.225520514169609054e-02 9.979206634768108541e-01 2.549566500000000069e+00
9.979997701235513441e-01 -1.402192425255093747e-03 -6.320199909608284483e-02 -1.090814999999999979e-01 2.065224502006479841e-03 9.999435090983870289e-01 1.042657468972494998e-02 -3.939229999999999815e-02 6.318380869411888145e-02 -1.053624546063055938e-02 9.979462880588806373e-01 2.611785199999999918e+00
9.979417216012033132e-01 2.782076053603709225e-04 -6.412677200791150334e-02 -1.176524999999999932e-01 2.518214197941120698e-04 9.999658778549065374e-01 8.257100692050489688e-03 -3.990590000000000109e-02 6.412688105310343500e-02 -8.256253774833199194e-03 9.979075996303498064e-01 2.736447599999999980e+00
9.978586542413472316e-01 -1.627264537882891450e-03 -6.538698774046125539e-02 -1.216925999999999980e-01 2.245017451516546567e-03 9.999535309520228843e-01 9.375277767846999094e-03 -4.006219999999999920e-02 6.536869321234645147e-02 -9.501996985142063812e-03 9.978159379369546667e-01 2.798732999999999915e+00
9.977942568840411086e-01 -1.308534032114246244e-03 -6.636948596991598670e-02 -1.259859999999999869e-01 1.999595250188740229e-03 9.999444693410531881e-01 1.034697313589293642e-02 -4.043240000000000028e-02 6.635226106214842101e-02 -1.045686248003034093e-02 9.977414652498983738e-01 2.860535099999999886e+00
9.977890257360133575e-01 1.008905327715719407e-03 -6.645330865214342519e-02 -1.305890000000000106e-01 -5.434263542074932625e-04 9.999751956474066672e-01 7.022305727334427448e-03 -4.097209999999999741e-02 6.645874516250578623e-02 -6.970667110851585559e-03 9.977648244909491648e-01 2.921804199999999963e+00
9.977160918709864212e-01 1.652139735631788509e-03 -6.752681286703392238e-02 -1.348888000000000031e-01 -1.467274773293765142e-03 9.999950394155855404e-01 2.787157864420758673e-03 -4.131060000000000287e-02 6.753108266883574295e-02 -2.681711862876635846e-03 9.977135667590469881e-01 2.982718199999999875e+00
9.976675731143157533e-01 1.421641342026526422e-03 -6.824509134059388027e-02 -1.435739000000000043e-01 -1.065298800682287945e-03 9.999856111770567546e-01 5.257620879602378089e-03 -4.256650000000000017e-02 6.825158382526098910e-02 -5.172656449350471197e-03 9.976547323250666288e-01 3.105084199999999850e+00
9.976635614637945348e-01 -5.896420383094838711e-04 -6.831596043125039153e-02 -1.479130999999999918e-01 1.166115909844612965e-03 9.999640497138228001e-01 8.398776911921156801e-03 -4.309520000000000017e-02 6.830855218098476345e-02 -8.458818014242346778e-03 9.976283827642132840e-01 3.165780300000000214e+00
9.976238445689792345e-01 -5.830209023824225838e-03 -6.864891412213146304e-02 -1.562082999999999944e-01 6.393620794903379263e-03 9.999476370581047435e-01 7.990291299057421248e-03 -4.408970000000000250e-02 6.859873439459536482e-02 -8.410220249870523079e-03 9.976088821952260322e-01 3.286486099999999855e+00
9.975884922233296814e-01 -8.470135402055262511e-03 -6.888727741647636404e-02 -1.604634000000000060e-01 8.942054927270503065e-03 9.999385986181116293e-01 6.545123935023492573e-03 -4.445269999999999777e-02 6.882760955649556978e-02 -7.145334136203164779e-03 9.976029793273577528e-01 3.346513299999999802e+00
9.973804087453304046e-01 -1.307964958562200276e-02 -7.114241363430851006e-02 -1.685348999999999875e-01 1.396010574575038722e-02 9.998318236377166102e-01 1.189285032468701507e-02 -4.516719999999999763e-02 7.097489484715827079e-02 -1.285485153532623000e-02 9.973952662277074666e-01 3.466326500000000088e+00
9.972791899292532403e-01 -1.228829238483834449e-02 -7.268572902789993684e-02 -1.769444000000000017e-01 1.369958314063115037e-02 9.997265767391305680e-01 1.894975417340078599e-02 -4.512109999999999732e-02 7.243299493894689300e-02 -1.989395967936272158e-02 9.971748550843280157e-01 3.585751300000000086e+00
9.971929379120413328e-01 -1.113968664241059975e-02 -7.404155562831256365e-02 -1.816200000000000037e-01 1.227277762665620470e-02 9.998141714453709916e-01 1.486611941068876827e-02 -4.502110000000000140e-02 7.386219268122394543e-02 -1.573308483785393341e-02 9.971443458866958709e-01 3.644631899999999813e+00
9.971117805588349814e-01 -9.485998214349049620e-03 -7.535325413455604138e-02 -1.862630000000000119e-01 1.005693506175504327e-02 9.999234991775276526e-01 7.200961722748357337e-03 -4.519340000000000163e-02 7.527918123859519972e-02 -7.937986548628785805e-03 9.971309007555630988e-01 3.702165799999999951e+00
9.970631612233415986e-01 -7.771871941640729441e-03 -7.618825721749784841e-02 -1.910053999999999919e-01 7.975339965844303533e-03 9.999653957452785402e-01 2.366699055163149976e-03 -4.551630000000000259e-02 7.616722709765717803e-02 -2.967375694320002061e-03 9.970906419166427614e-01 3.759383000000000141e+00
9.970207674551961885e-01 -2.942584344347836528e-03 -7.707743158946121775e-02 -1.961556000000000133e-01 3.204023502414670918e-03 9.999895256487213446e-01 3.268459306973837009e-03 -4.605979999999999797e-02 7.706700653618024643e-02 -3.505679708953525920e-03 9.970197524188428861e-01 3.816122500000000084e+00
9.969564870127566314e-01 -3.758751667977739048e-05 -7.795999993818467089e-02 -2.009537000000000129e-01 4.612306388888807920e-04 9.999852264015866021e-01 5.416109753812289179e-03 -4.672459999999999808e-02 7.795864461033755188e-02 -5.435583294015491548e-03 9.969417757144962700e-01 3.872333799999999826e+00
9.966378543693743541e-01 4.566112625752755810e-03 -8.180548791797938313e-02 -2.153764999999999985e-01 -3.956255494676989143e-03 9.999631753486543095e-01 7.615509772645245000e-03 -4.835269999999999846e-02 8.183724873473306738e-02 -7.266261908667920842e-03 9.966192182360341656e-01 4.036018799999999906e+00
9.964017348659347517e-01 5.505369520789400728e-03 -8.457702798393214316e-02 -2.247271999999999881e-01 -4.775274348904774355e-03 9.999495933183013552e-01 8.832189844891855102e-03 -4.963229999999999725e-02 8.462138920537744247e-02 -8.396530771877262767e-03 9.963777992106953585e-01 4.140191100000000013e+00
9.961641877360246644e-01 8.047660743258020985e-03 -8.713292276050285667e-02 -2.339944999999999942e-01 -6.982025178326275831e-03 9.998971466604884561e-01 1.252786592452363561e-02 -5.005729999999999902e-02 8.722478086321311386e-02 -1.187144712219392016e-02 9.961179178925502198e-01 4.241339700000000157e+00
9.958637422226980229e-01 1.248587998414112804e-02 -8.999727622114520043e-02 -2.436974000000000085e-01 -1.086899077855472961e-02 9.997710048012323769e-01 1.843374617894352405e-02 -5.050879999999999953e-02 9.020682881943681286e-02 -1.737931988760338733e-02 9.957714031215121331e-01 4.339043099999999598e+00
9.957167667232950103e-01 1.532472367026757251e-02 -9.117715344612004058e-02 -2.485792000000000002e-01 -1.408025483981031889e-02 9.997989428233118314e-01 1.427656657022275018e-02 -5.076259999999999800e-02 9.137760606271855268e-02 -1.293161914912221815e-02 9.957323467360236213e-01 4.385817499999999924e+00
9.956019195286196499e-01 1.526110405950688829e-02 -9.243330857333220685e-02 -2.532485999999999904e-01 -1.468057406102681907e-02 9.998680299481182976e-01 6.957257570866115341e-03 -5.102249999999999841e-02 9.252728557656197950e-02 -5.569684959992777205e-03 9.956945716600446028e-01 4.430995900000000098e+00
9.953224506251476811e-01 1.802702188452290355e-02 -9.491177884501671158e-02 -2.669745000000000035e-01 -1.780498007167397034e-02 9.998364030855082518e-01 3.185867178703098539e-03 -5.182839999999999669e-02 9.495368326820040339e-02 -1.481062796770343500e-03 9.954805897087066757e-01 4.561293100000000322e+00
9.959657531661098018e-01 1.039593474791792975e-02 -8.912992236606434582e-02 -2.887485000000000190e-01 -1.085253150789389047e-02 9.999303452901400213e-01 -4.639733592728772366e-03 -5.662890000000000285e-02 8.907547967950435464e-02 5.588301052946061109e-03 9.960092016699483297e-01 4.789277099999999621e+00
9.968635820508709999e-01 5.070979579127127962e-03 -7.897647717399372547e-02 -2.934453000000000200e-01 -4.897588665619187834e-03 9.999851529903188707e-01 2.389021596996024517e-03 -5.771600000000000341e-02 7.898741928920499644e-02 -1.994734327320465614e-03 9.968736171797278889e-01 4.858057999999999765e+00
9.974846145198756897e-01 7.699785119407947078e-04 -7.087912901006954147e-02 -2.950051000000000201e-01 -3.281249618493417694e-04 9.999804438757445846e-01 6.245334264728535055e-03 -5.876970000000000111e-02 7.088255166219922798e-02 -6.206367630098169781e-03 9.974653602359812021e-01 4.891171899999999795e+00
9.998987126467965281e-01 1.336228679483823789e-02 -4.900381504677663036e-03 -2.983380999999999950e-01 -1.332888717467937620e-02 9.998881379190758256e-01 6.786192998119132402e-03 -6.014219999999999983e-02 4.990512394891219450e-03 -6.720189010403290752e-03 9.999649663091706442e-01 5.015360399999999608e+00
9.986499910616165598e-01 8.728987917641749597e-03 5.120546965478273843e-02 -2.942366000000000148e-01 -9.229931845814194971e-03 9.999117539834950774e-01 9.554716310390875753e-03 -6.100479999999999792e-02 -5.111754797283254298e-02 -1.001444035301468118e-02 9.986424321415854344e-01 5.072706199999999832e+00
9.925223291901302813e-01 8.521151753375788215e-03 1.217654139392403828e-01 -2.859462999999999866e-01 -1.000976102299297628e-02 9.998823977726754020e-01 1.161874815235548059e-02 -6.158919999999999673e-02 -1.216520889391595611e-01 -1.275070967284699930e-02 9.924909010462400483e-01 5.127911600000000014e+00
9.064093114163381815e-01 1.214993029263954430e-02 4.222256971948103454e-01 -2.310776999999999970e-01 -1.465428691285698692e-02 9.998890118308532138e-01 2.686241797679472625e-03 -6.382179999999999798e-02 -4.221461974871209555e-01 -8.622251086806264481e-03 9.064867592708459876e-01 5.273209999999999731e+00
8.435405812478768972e-01 1.128180579876010732e-02 5.369469328024074617e-01 -2.018881999999999899e-01 -1.202606867603376976e-02 9.999254441148679451e-01 -2.116573618742878613e-03 -6.414179999999999882e-02 -5.369307790210888776e-01 -4.671944948659152025e-03 8.436133661045226440e-01 5.313398399999999633e+00
6.316779132587543311e-01 7.194330500876777203e-03 7.751975590194474242e-01 -1.102574999999999944e-01 -8.536096042642167536e-03 9.999608649996621912e-01 -2.324550166846531263e-03 -6.639069999999999694e-02 -7.751839452448795464e-01 -5.148793817152867540e-03 6.317146040395236195e-01 5.391145700000000041e+00
5.849313540056643168e-01 4.378072615810487886e-03 8.110709855378078759e-01 -8.920899999999999663e-02 -3.194724570318201867e-03 9.999901108540344419e-01 -3.093853431529243470e-03 -6.710359999999999936e-02 -8.110765098534292727e-01 -7.814565289703627720e-04 5.849395562702810469e-01 5.402538299999999793e+00
5.380964267195468276e-01 6.379287890531798455e-03 8.428591461434497001e-01 -6.781790000000000040e-02 -5.356458076361342302e-03 9.999770476615673642e-01 -4.148795841148690024e-03 -6.774990000000000179e-02 -8.428662669181460343e-01 -2.282287463284079967e-03 5.381182465363940626e-01 5.413545100000000332e+00
4.022819670144625048e-01 9.076222456719636178e-03 9.154708303386245305e-01 -1.031199999999999912e-03 -3.604087082542311270e-03 9.999588089120993173e-01 -8.330128174117016823e-03 -6.929879999999999374e-02 -9.155087271955828498e-01 5.162375329866367157e-05 4.022981080787129127e-01 5.440145499999999856e+00
3.626675659451388256e-01 1.454611619146546284e-03 9.319174430798395914e-01 2.270339999999999858e-02 1.131793146489096583e-02 9.999181566410457744e-01 -5.965270063386189474e-03 -6.960080000000000433e-02 -9.318498489771753768e-01 1.271078772580772412e-02 3.626214208187445998e-01 5.446019200000000282e+00
3.273347172379437731e-01 -1.807349431152871846e-03 9.449067236393171587e-01 4.671039999999999914e-02 1.525147941374615200e-02 9.998780071788424539e-01 -3.370925059771086828e-03 -6.966799999999999382e-02 -9.447853593628805502e-01 1.551464624476583953e-02 3.273223495049677467e-01 5.451946300000000356e+00
2.344629145788459657e-01 1.398715944881454010e-02 9.720244343933674980e-01 1.196448999999999985e-01 -3.802332636048544844e-03 9.999020304460027875e-01 -1.347114607172141681e-02 -7.237509999999999777e-02 -9.721176286611190598e-01 -5.374760592373574800e-04 2.344931281845336057e-01 5.470399399999999801e+00
2.089093038482205678e-01 1.574402593406249579e-02 9.778082779425827376e-01 1.456093999999999999e-01 -2.466004141637182824e-03 9.998757006533711689e-01 -1.557247785368355911e-02 -7.336990000000000178e-02 -9.779319105076922369e-01 8.419562444713325419e-04 2.089221613914069575e-01 5.474697100000000205e+00
1.857197585881968926e-01 1.701457714895210360e-02 9.824554317801822423e-01 1.721643999999999952e-01 4.990186306076479020e-03 9.998208439109642631e-01 -1.825864512492382172e-02 -7.408810000000000395e-02 -9.825900820334859675e-01 8.293626806748333191e-03 1.856015798526992056e-01 5.477895700000000367e+00
1.458780267124942520e-01 2.992388590513979721e-02 9.888499190346351497e-01 2.270884999999999987e-01 1.387793116093005361e-02 9.993821912320611789e-01 -3.228991909089364010e-02 -7.438970000000000304e-02 -9.892052387392420432e-01 1.843358078453958063e-02 1.453726203598826316e-01 5.483964399999999628e+00
9.801932006442737322e-02 2.312390371139877096e-02 9.949158245657035993e-01 3.165157000000000109e-01 9.525414809755803486e-03 9.996624172615500292e-01 -2.417267025996116397e-02 -7.794769999999999477e-02 -9.951389246566580971e-01 1.184637463280156094e-02 9.776596565906714442e-02 5.493555500000000258e+00
5.552705336499701855e-02 2.089242429302204038e-02 9.982385751671597474e-01 4.523071000000000175e-01 2.033403060881091781e-02 9.995500400938466257e-01 -2.205095343946484807e-02 -8.203760000000000219e-02 -9.982501057068818850e-01 2.152263821072705405e-02 5.507724122220936103e-02 5.500102499999999672e+00
4.997923217739157903e-02 2.097254543101878185e-02 9.985300339444489470e-01 4.887870000000000270e-01 2.232802666623496732e-02 9.995061677418815016e-01 -2.211062801301088426e-02 -8.326229999999999742e-02 -9.985006437534982293e-01 2.340027743599837340e-02 4.948627526666382614e-02 5.501544499999999616e+00
3.851233333530158093e-02 2.297981077468358446e-02 9.989938580781320132e-01 5.661294000000000048e-01 2.423473570706725921e-02 9.994199943472555914e-01 -2.392388940244072684e-02 -8.530580000000000107e-02 -9.989642024448522895e-01 2.513171692685067446e-02 3.793308632354386312e-02 5.504242900000000382e+00
3.428655063650722784e-02 2.295868648102724133e-02 9.991483028862712112e-01 6.065722999999999532e-01 2.643100804644781324e-02 9.993655949886935952e-01 -2.387068006033925965e-02 -8.651960000000000206e-02 -9.990624776554760667e-01 2.722694011379839935e-02 3.365797784984714269e-02 5.505170299999999628e+00
2.813126028492523439e-02 2.239453699263280195e-02 9.993533493753187225e-01 6.913844000000000101e-01 2.907690393010770730e-02 9.993076283969161144e-01 -2.321201166573628669e-02 -8.895619999999999916e-02 -9.991812477486862187e-01 2.971108447392304883e-02 2.746061919845099730e-02 5.507505400000000328e+00
2.560521196366851923e-02 2.191433838416914290e-02 9.994319060813896538e-01 7.357688999999999480e-01 3.109784254900678155e-02 9.992583774248248174e-01 -2.270725291847485242e-02 -9.013060000000000516e-02 -9.991883192417196913e-01 3.166160007786296415e-02 2.490473391579761664e-02 5.508492900000000247e+00
2.589539472456577063e-02 2.111152572246621784e-02 9.994417101630935774e-01 8.275145999999999891e-01 3.914335550767491373e-02 9.989888253970619081e-01 -2.211615815186925016e-02 -9.279160000000000186e-02 -9.988980059303648185e-01 3.969420881524612921e-02 2.504283400242335311e-02 5.509967800000000082e+00
2.844669805191180414e-02 2.106495922925813793e-02 9.993733300737083214e-01 8.755819000000000241e-01 4.068560117124377096e-02 9.989250409950907184e-01 -2.221360687260701128e-02 -9.413979999999999571e-02 -9.987669734363856522e-01 4.129200849590557165e-02 2.755907848779082236e-02 5.511242400000000430e+00
3.235217037322961342e-02 2.107858442510670421e-02 9.992542370942316676e-01 9.243012000000000450e-01 4.293853927372860008e-02 9.988252312237486663e-01 -2.245972653135857450e-02 -9.540279999999999594e-02 -9.985537636588126542e-01 4.363313820318902997e-02 3.140908042845913517e-02 5.512530299999999883e+00
4.079532303858440095e-02 1.885357170688971643e-02 9.989896318040897283e-01 1.024999999999999911e+00 4.490973761622737981e-02 9.987769058113281639e-01 -2.068351723452470023e-02 -9.818789999999999463e-02 -9.981577315662185645e-01 4.570815301280982401e-02 3.989871755756579930e-02 5.516387899999999789e+00
4.868078090352349202e-02 1.525511918527570031e-02 9.986978837012056021e-01 1.130098000000000047e+00 4.167828883442636911e-02 9.989814515802928341e-01 -1.729102768388968842e-02 -1.010196000000000011e-01 -9.979444382381504886e-01 4.246575958550538599e-02 4.799538990745655376e-02 5.522221100000000327e+00
5.683738043185375399e-02 1.501955544162009853e-02 9.982704669276664111e-01 1.238042400000000098e+00 3.781169349819673425e-02 9.991370960209118302e-01 -1.718543539447225238e-02 -1.040631000000000056e-01 -9.976671729692440094e-01 3.872307205317332413e-02 5.622042040328045776e-02 5.528750399999999843e+00
6.110070233420074326e-02 2.679693635383565212e-02 9.977718318214421345e-01 1.456377899999999892e+00 2.477094345312142940e-02 9.992909560862827112e-01 -2.835463709175660429e-02 -1.113127000000000005e-01 -9.978241851822944319e-01 2.644823786590403542e-02 6.039359385794906832e-02 5.544161299999999848e+00
6.080737875326060193e-02 2.514019839275876897e-02 9.978328683271215915e-01 1.511419499999999916e+00 2.191099200690415152e-02 9.994082529792911451e-01 -2.651513353076845325e-02 -1.134816000000000019e-01 -9.979089994174976663e-01 2.347582376944051807e-02 6.022054948201049918e-02 5.548377000000000336e+00
6.048223031385960291e-02 2.391056921744030145e-02 9.978828510882223890e-01 1.566316499999999889e+00 2.297555719844922295e-02 9.994148369628605977e-01 -2.533983879032271000e-02 -1.155788999999999983e-01 -9.979048168977250333e-01 2.445952448836141366e-02 5.989747969757341917e-02 5.552051999999999765e+00
5.974939342012378085e-02 2.543786677247740144e-02 9.978892347951215935e-01 1.785627499999999923e+00 1.251545933355668536e-02 9.995775786681181385e-01 -2.623027833729802902e-02 -1.242648999999999976e-01 -9.981349474212379835e-01 1.405628535736691206e-02 5.940578741465274426e-02 5.567411899999999747e+00
5.307088254393296095e-02 2.377378163096717165e-02 9.983077124479059483e-01 1.895175599999999960e+00 6.826850915583680679e-03 9.996845651492511919e-01 -2.416949128403296856e-02 -1.284497000000000000e-01 -9.985674116115467180e-01 8.097994153840760295e-03 5.289184207512431790e-02 5.574222599999999694e+00
4.179497500733803106e-02 1.931784202898076050e-02 9.989394381259955047e-01 2.004897800000000174e+00 2.436080779631127208e-03 9.998081243171907939e-01 -1.943656501997338693e-02 -1.323911999999999867e-01 -9.991232384318620152e-01 3.245847914472545920e-03 4.173989574429970428e-02 5.579966100000000040e+00
3.420199297775394776e-02 1.959285370256961742e-02 9.992228699144851678e-01 2.058279000000000192e+00 1.720274702931609556e-03 9.998051815317459123e-01 -1.966315430491851271e-02 -1.343265999999999905e-01 -9.994134601511512894e-01 2.391456891161932580e-03 3.416162470728800749e-02 5.582156200000000013e+00
1.550636744986684870e-02 2.116568540675829724e-02 9.996557239018699637e-01 2.168902600000000014e+00 1.772569085826835103e-03 9.997737749751846037e-01 -2.119568047279740686e-02 -1.368572999999999873e-01 -9.998781978657929059e-01 2.100626842419463583e-03 1.546534188187331793e-02 5.585001899999999964e+00
-5.279355962747238167e-03 1.928359624370201003e-02 9.998001156813940415e-01 2.274967000000000183e+00 2.639292181844934623e-03 9.998108353002623794e-01 -1.926986644921588679e-02 -1.405781000000000114e-01 -9.999825811169902323e-01 2.537032144385557159e-03 -5.329252339765555568e-03 5.584914699999999677e+00
-2.735772916153993151e-02 1.892617655515603861e-02 9.994465240802665740e-01 2.382449600000000167e+00 3.726776662387051679e-03 9.998157323815011210e-01 -1.883115551821988587e-02 -1.431400999999999923e-01 -9.996187602235326874e-01 3.209536328779899819e-03 -2.742322165103372456e-02 5.583533300000000033e+00
-3.859473503179232379e-02 1.943947514748655195e-02 9.990658402897257817e-01 2.433973799999999965e+00 3.990156637074661165e-03 9.998057806827783667e-01 -1.929972961758094629e-02 -1.450107999999999953e-01 -9.992469790186194745e-01 3.241561242730853221e-03 -3.866480573948705146e-02 5.581662699999999866e+00
-4.954427560058623226e-02 2.059030741492882260e-02 9.985596647150193350e-01 2.484922399999999865e+00 3.324813307442118018e-03 9.997853358858558304e-01 -2.045061769426793560e-02 -1.467439000000000104e-01 -9.987663942943233453e-01 2.306813422272398911e-03 -4.960209915065094677e-02 5.579468699999999615e+00
-7.880067743671541336e-02 2.285450889626171322e-02 9.966283784132505819e-01 2.635744100000000145e+00 5.702352393789463653e-03 9.997311473175956031e-01 -2.247479166134953160e-02 -1.523067999999999922e-01 -9.968740825263198158e-01 3.912097411199922867e-03 -7.890981612672476331e-02 5.568619299999999939e+00
-8.824865759313767211e-02 2.323761128512616403e-02 9.958273885843721418e-01 2.684788199999999847e+00 6.148901645939544927e-03 9.997215110914756675e-01 -2.278357455547523613e-02 -1.540260999999999991e-01 -9.960794975510526283e-01 4.112624799044260065e-03 -8.836696710708469293e-02 5.564172300000000071e+00
-1.043074863587813289e-01 2.161683142179127506e-02 9.943101432092475989e-01 2.781269599999999897e+00 9.098417345487358476e-03 9.997426622507267213e-01 -2.078047346998408706e-02 -1.575098000000000054e-01 -9.945034776667802667e-01 6.879089700769654668e-03 -1.044773230589719493e-01 5.554114300000000171e+00
-1.135997098237796349e-01 1.847784267271018396e-02 9.933547580084952644e-01 2.874807399999999902e+00 1.485889611934219749e-02 9.997468120361018284e-01 -1.689748590074619666e-02 -1.606609999999999983e-01 -9.934154816259247456e-01 1.284060566382636687e-02 -1.138455080893332472e-01 5.543435599999999575e+00
-1.161679214397538518e-01 1.769677728403450112e-02 9.930719199041559975e-01 2.920341699999999818e+00 1.658624882050759031e-02 9.997364007341840164e-01 -1.587530778042313406e-02 -1.619856000000000074e-01 -9.930910886612724919e-01 1.462713645312140737e-02 -1.164308228123051014e-01 5.537773099999999893e+00
-1.423074347605557573e-02 2.776041298547896746e-02 9.995133042691299874e-01 3.344847699999999868e+00 1.281022860893461963e-02 9.995375497849736668e-01 -2.757869853416076295e-02 -1.782681000000000127e-01 -9.998166751875594560e-01 1.241152854111606842e-02 -1.457977970229751286e-02 5.504889999999999617e+00
3.843041079823021899e-01 1.361987690059331124e-02 9.231060889958098148e-01 3.620619800000000055e+00 -2.734777760922527980e-03 9.999035792867085881e-01 -1.361444527798309594e-02 -1.890150999999999915e-01 -9.232025095170210971e-01 2.707597245071248840e-03 3.843043004425439335e-01 5.570743099999999615e+00
4.430740852550081876e-01 1.679724247514600283e-02 8.963276229262762129e-01 3.645208400000000015e+00 -1.397969030843535833e-03 9.998361811977429792e-01 -1.804595385405977429e-02 -1.896278999999999881e-01 -8.964839098712404919e-01 6.742656238101086240e-03 4.430249834138344500e-01 5.586062400000000316e+00
5.605258712443681457e-01 2.347850673052321452e-02 8.278040271631003089e-01 3.693440400000000068e+00 -3.152086911533071370e-03 9.996512755867769107e-01 -2.621815336426120899e-02 -1.924476999999999993e-01 -8.281309147796888093e-01 1.208664301758579848e-02 5.604044084825896554e-01 5.621941099999999913e+00
7.184086898162160839e-01 2.456032884747425676e-02 6.951875607657633793e-01 3.754338699999999918e+00 -6.850505847504967036e-03 9.995778435664934847e-01 -2.823482283620941391e-02 -1.957975000000000132e-01 -6.955875393982997590e-01 1.552175563081560801e-02 7.182736596423093811e-01 5.686644099999999646e+00
7.638953055476099818e-01 2.029783154569744438e-02 6.450208990388343055e-01 3.771500599999999981e+00 -7.806854709699172917e-03 9.997227540747767316e-01 -2.221413974668193236e-02 -1.970667999999999864e-01 -6.452929684894027629e-01 1.193369262575318633e-02 7.638419809086489654e-01 5.711067199999999566e+00
8.428303278061942683e-01 1.206993386802581066e-02 5.380440086336103489e-01 3.802626399999999851e+00 -8.633164806847634307e-03 9.999230580864587603e-01 -8.907658078432519749e-03 -1.993833999999999884e-01 -5.381101253419423580e-01 2.862621778359866666e-03 8.428696805562727601e-01 5.763958900000000440e+00
9.004569832209232683e-01 8.897008799972051796e-03 4.348540727681955431e-01 3.827464599999999884e+00 -1.160793398222050715e-02 9.999262226489941119e-01 3.578425293159204039e-03 -2.017028999999999905e-01 -4.347901531053093294e-01 -8.269975412752511579e-03 9.004938257807958424e-01 5.821952300000000413e+00
9.212442256936442808e-01 1.011486690743046077e-02 3.888531420646653691e-01 3.837809299999999979e+00 -1.413359744670638143e-02 9.998721700406099089e-01 7.475627164069124052e-03 -2.026303999999999883e-01 -3.887278200094923530e-01 -1.238277213416614023e-02 9.212694225387821900e-01 5.851451899999999817e+00
9.651109479050595796e-01 1.607648851036202683e-02 2.613472876288819302e-01 3.872173800000000110e+00 -1.911231248713064421e-02 9.997761261129496368e-01 9.078390054280668919e-03 -2.046099999999999863e-01 -2.611428301623301973e-01 -1.375660465956588668e-02 9.652021436378229735e-01 5.979347200000000306e+00
9.691829088580481422e-01 1.315227817222986220e-02 2.459908672213923508e-01 3.879834699999999970e+00 -1.601150754981075716e-02 9.998254632567684652e-01 9.626767337525947779e-03 -2.049030000000000018e-01 -2.458213188546403138e-01 -1.326878299878286351e-02 9.692243386307921593e-01 6.012761099999999637e+00
9.743626393423828747e-01 2.283928621589611727e-02 2.238209419578379156e-01 3.893648400000000009e+00 -2.564915142497546999e-02 9.996243857990487758e-01 9.654447009184476125e-03 -2.045156999999999947e-01 -2.235163709550693212e-01 -1.514774970161739120e-02 9.745824632087595196e-01 6.081459500000000240e+00
9.758912070587496546e-01 3.671741864228236091e-02 2.151468873901364876e-01 3.907294999999999963e+00 -3.864346171513340783e-02 9.992417663533122996e-01 4.751341051047526520e-03 -2.044706000000000023e-01 -2.148092988026535921e-01 -1.295081245944541479e-02 9.765701416716325856e-01 6.153314599999999857e+00
9.755394372794095048e-01 3.693565537001740340e-02 2.166992470567449813e-01 3.923844100000000168e+00 -3.761653147752211379e-02 9.992917640145221325e-01 -9.833271810871847297e-04 -2.057122000000000117e-01 -2.165820926858300632e-01 -7.192199603166051641e-03 9.762379163875446464e-01 6.227607299999999846e+00
9.746720508212626255e-01 3.551180474231818707e-02 2.208015060451754275e-01 3.932527499999999954e+00 -3.466424651182239969e-02 9.993692477075345471e-01 -7.713413657002858061e-03 -2.055644000000000082e-01 -2.209361522287418278e-01 -1.358691278278935030e-04 9.752882641444724499e-01 6.265922500000000284e+00
9.708688990283882436e-01 4.418564069323589749e-02 2.355020383264938288e-01 3.959205900000000167e+00 -4.356454587253499877e-02 9.990198342701133161e-01 -7.842262290634947550e-03 -2.070777000000000034e-01 -2.356177226830038218e-01 -2.645730795749437047e-03 9.718422139762357137e-01 6.386505099999999935e+00
9.698327442547924893e-01 4.127519106261685888e-02 2.402515489522653314e-01 3.969682199999999828e+00 -4.169030377547437716e-02 9.991249427220804114e-01 -3.356695057379116033e-03 -2.075430000000000053e-01 -2.401798633156554674e-01 -6.760727279223708620e-03 9.707048603073588078e-01 6.428352799999999867e+00
9.682260582146011707e-01 3.420790682278267159e-02 2.477258955075536395e-01 3.991803200000000107e+00 -3.703338263809152764e-02 9.992912079730654762e-01 6.753535230687400352e-03 -2.082899000000000000e-01 -2.473192850640569818e-01 -1.571307667311701295e-02 9.688066218068848157e-01 6.513894600000000423e+00
9.676747053588840020e-01 2.966764523194895947e-02 2.504505848166225235e-01 4.003482299999999938e+00 -3.257887665290854634e-02 9.994411376154130888e-01 7.485268067590195376e-03 -2.085102000000000066e-01 -2.500885471280753780e-01 -1.540270328222716374e-02 9.681004469201365259e-01 6.557005400000000428e+00
9.678626270248390506e-01 2.568025707403275709e-02 2.501648648495404803e-01 4.027047200000000160e+00 -2.587923421149262299e-02 9.996619642553568053e-01 -2.494485467649849245e-03 -2.093694999999999862e-01 -2.501443592112442271e-01 -4.059755871132789129e-03 9.682000402484306489e-01 6.645173500000000288e+00
9.679491428369867423e-01 2.801655976605915005e-02 2.495787035386184127e-01 4.038245700000000049e+00 -2.656373926349903797e-02 9.996048956914094230e-01 -9.188050179849437116e-03 -2.097111999999999865e-01 -2.497375114745151448e-01 2.263821689406502000e-03 9.683109265488410999e-01 6.690717199999999920e+00
9.685017153055965888e-01 3.100875531191555484e-02 2.470685826731577328e-01 4.049315499999999624e+00 -2.870752618188815442e-02 9.995044588623480664e-01 -1.291180292604113787e-02 -2.100221999999999922e-01 -2.473465289641911258e-01 5.412375475746985728e-03 9.689119675187607417e-01 6.737125400000000042e+00
9.702036698415813509e-01 2.581100809269766538e-02 2.409120812395395828e-01 4.085274199999999745e+00 -2.779469952985930831e-02 9.996019399082657353e-01 4.839050493303805912e-03 -2.118026000000000075e-01 -2.406912829829378209e-01 -1.139094345831812710e-02 9.705348796942625533e-01 6.882815800000000372e+00
9.705293718269207837e-01 2.918838816201900846e-02 2.392086462019002990e-01 4.096628700000000123e+00 -3.108251241551694341e-02 9.995082110128146180e-01 4.148920329699202353e-03 -2.123263999999999985e-01 -2.389699057270220917e-01 -1.146185475681247255e-02 9.709593246075511885e-01 6.932340599999999853e+00
9.708019842683583978e-01 3.503164261146708702e-02 2.373105378118732789e-01 4.107779999999999987e+00 -3.592930704765510963e-02 9.993541866765822679e-01 -5.426481936456947069e-04 -2.125807000000000113e-01 -2.371762893623505231e-01 -7.999599235536079822e-03 9.714336900562885457e-01 6.982860099999999903e+00
9.727386827553214932e-01 3.445533775937582172e-02 2.293300782089634504e-01 4.131543200000000304e+00 -3.336228747045780901e-02 9.994059523868819017e-01 -8.642922446034918132e-03 -2.136232000000000131e-01 -2.294916400354934383e-01 7.563290004823962701e-04 9.733103385458630186e-01 7.084944199999999803e+00
