9.999605420243716791e-01 -1.458074872305338597e-03 -8.762899747890871838e-03 7.259398000000000239e-01 1.472295273881332094e-03 9.999976095299504264e-01 1.616564570726829100e-03 1.112370000000000025e-02 8.760521728261441016e-03 -1.629402360245711581e-03 9.999602983653885779e-01 9.510652000000000550e-01
9.999185774710199759e-01 -1.471399813663461448e-03 -1.267570159478596629e-02 7.250107999999999553e-01 1.474140321833485512e-03 9.999988920587751240e-01 2.068611462531887016e-04 1.121970000000000085e-02 1.267538317540156494e-02 -2.255300659239160832e-04 9.999196386698013805e-01 9.952235000000000387e-01
9.998489759169436608e-01 -2.014163534112570165e-04 -1.737770955251309590e-02 7.237413999999999792e-01 1.953686698710271549e-04 9.999999197667154283e-01 -3.497108025539883650e-04 1.099520000000000011e-02 1.737777859571697919e-02 3.462629278000181957e-04 9.998489350462214098e-01 1.039970400000000073e+00
9.997613188760360314e-01 -1.112571002198083645e-03 -2.181897030141456001e-02 7.226198000000000343e-01 1.099696848599175355e-03 9.999992141108045018e-01 -6.020337321037654964e-04 1.073759999999999992e-02 2.181962295939422758e-02 5.778957851357781512e-04 9.997617566652424737e-01 1.086150299999999902e+00
9.996564849414661946e-01 6.302570076896614687e-04 -2.620142917049527939e-02 7.207926999999999529e-01 -6.856291827817146680e-04 9.999975507110794304e-01 -2.104396461197359514e-03 1.072749999999999919e-02 2.620003868500847891e-02 2.121638033793692146e-03 9.996544686165103055e-01 1.132761799999999930e+00
9.992125404607846706e-01 2.538130811201068544e-03 -3.959617251566170670e-02 7.144625000000000004e-01 -2.461682530285036127e-03 9.999950111634017258e-01 1.979335097505786900e-03 9.555400000000000352e-03 3.960099878822377628e-02 -1.880303245053995161e-03 9.992138036249708088e-01 1.278237199999999962e+00
9.990684450450576515e-01 2.225996446459452358e-03 -4.309625337626204339e-02 7.122739999999999627e-01 -2.039800018138869780e-03 9.999883974205160397e-01 4.363970695825324445e-03 9.398000000000000104e-03 4.310546753181814655e-02 -4.271997678881788926e-03 9.990613938616059730e-01 1.328161699999999890e+00
9.989444873561904581e-01 3.971519872365307340e-03 -4.576175488965977811e-02 7.096605000000000274e-01 -3.795215689415130239e-03 9.999850406168400152e-01 3.938893297327849576e-03 8.923499999999999141e-03 4.577671371503977404e-02 -3.761060015517497107e-03 9.989446165373788711e-01 1.378581899999999916e+00
9.988581298947704079e-01 3.442038418819790609e-03 -4.765069479708947120e-02 7.066803000000000390e-01 -3.276832577008680341e-03 9.999883486644733921e-01 3.544700771843578221e-03 8.829999999999999308e-03 4.766234059909621457e-02 -3.384509834972024636e-03 9.988577708471776395e-01 1.429171600000000097e+00
9.986816207256759004e-01 6.113934090351170894e-04 -5.132880889750587872e-02 7.011551999999999785e-01 -4.166657842754657335e-04 9.999926766495313979e-01 3.804344481004312203e-03 8.444200000000000664e-03 5.133075894979056975e-02 -3.777941953672961720e-03 9.986745617768749694e-01 1.532616399999999990e+00
9.986074233086200680e-01 -8.818630059428580591e-04 -5.274880501544299688e-02 6.983508000000000493e-01 1.061856999113874661e-03 9.999937092716131293e-01 3.384357681142768654e-03 8.230599999999999375e-03 5.274548864720002977e-02 -3.435656391321257556e-03 9.986020777529599490e-01 1.585217799999999899e+00
9.984947127667682665e-01 1.015775912355963142e-03 -5.483864309138861831e-02 6.952551000000000148e-01 -9.602797409642668033e-04 9.999989998654812418e-01 1.038330802945945262e-03 8.035699999999999787e-03 5.483964295678738637e-02 -9.841073788617691210e-04 9.984946895667692335e-01 1.638172500000000031e+00
9.982998959486054646e-01 5.444192188507148734e-03 -5.803170271858350965e-02 6.882903000000000215e-01 -5.625487100613306944e-03 9.999797925163801393e-01 -2.961157506494857625e-03 7.034000000000000322e-03 5.801440893333558585e-02 3.282579825691266540e-03 9.983103490527400758e-01 1.745716499999999893e+00
9.982228126811403257e-01 6.219527262561344062e-03 -5.926663246366623700e-02 6.848859000000000474e-01 -6.374462143478383698e-03 9.999767413325123533e-01 -2.425495081667708788e-03 6.319599999999999870e-03 5.925016856798300674e-02 2.798977427577700045e-03 9.982392414897470756e-01 1.800191499999999944e+00
9.981423065134434891e-01 5.504603782584892128e-03 -6.067648049466803362e-02 6.816398999999999653e-01 -5.576644203036770948e-03 9.999839322199982616e-01 -1.018008478706293723e-03 5.792499999999999906e-03 6.066990182500557605e-02 1.354488474197405781e-03 9.981569657992261924e-01 1.855427900000000019e+00
9.974920266098852295e-01 6.131177423152955192e-03 -7.051287480389563378e-02 6.740602999999999456e-01 -6.069564603992829224e-03 9.999809881315044890e-01 1.088007839008031229e-03 4.785199999999999870e-03 7.051820499149137611e-02 -6.572966952640600050e-04 9.975102760001184343e-01 1.954707100000000031e+00
9.983489091471189347e-01 5.581079075621898575e-03 -5.716911020043346364e-02 6.689568999999999654e-01 -5.632687505929890801e-03 9.999838612767300017e-01 -7.416316754260282324e-04 4.228299999999999940e-03 5.716404845895881742e-02 1.062422906901636186e-03 9.983642335447262539e-01 2.033541200000000160e+00
9.978343725481256810e-01 4.170238026405382811e-03 -6.564429964811442642e-02 6.663710000000000466e-01 -4.259992216926061087e-03 9.999901729705858999e-01 -1.227366517954702916e-03 3.896399999999999950e-03 6.563853614912541767e-02 1.504352704916438405e-03 9.978423319819313964e-01 2.078567000000000053e+00
9.977823767614982797e-01 4.192508077625093157e-03 -6.642854431789564640e-02 6.627560000000000118e-01 -4.160856777181197105e-03 9.999911545960665782e-01 6.148174571184594371e-04 3.220499999999999838e-03 6.643053435774366744e-02 -3.370543648147194919e-04 9.977909953989863023e-01 2.135261299999999807e+00
9.978006576855242837e-01 5.748441401381202548e-03 -6.603637591350783320e-02 6.583402000000000420e-01 -5.490952475646144332e-03 9.999766010929261872e-01 4.080037689655213046e-03 2.694999999999999913e-03 6.605828459205875802e-02 -3.708461688314723063e-03 9.978088746592009839e-01 2.192829600000000045e+00
9.979536368899381005e-01 5.369841054315670215e-03 -6.371580200544456341e-02 6.507125000000000270e-01 -4.684066155763787903e-03 9.999295402054692028e-01 1.090752715914005029e-02 2.075099999999999861e-03 6.376988429026710092e-02 -1.058675736617853934e-02 9.979084739724759512e-01 2.308336999999999861e+00
9.980959605075234720e-01 5.453004139244762433e-03 -6.143873667663999477e-02 6.466749999999999998e-01 -4.754768209187239941e-03 9.999225079592188870e-01 1.150522732598783897e-02 2.174000000000000151e-03 6.149671371578347562e-02 -1.119119396682652541e-02 9.980445437853742163e-01 2.367707300000000181e+00
9.981230480973900532e-01 5.500855041827609759e-03 -6.099279835016653550e-02 6.434484999999999788e-01 -4.979328289985396686e-03 9.999497627284431589e-01 8.699328083867812964e-03 1.940899999999999960e-03 6.103758798114346240e-02 -8.379296697159010696e-03 9.981002956819045036e-01 2.424664700000000117e+00
9.981783051413023466e-01 6.473281844171232050e-03 -5.998472945177774074e-02 6.395621999999999696e-01 -6.246498417463063751e-03 9.999726199911519453e-01 3.967433118745230039e-03 1.760899999999999922e-03 6.000876938213015044e-02 -3.585511148638105723e-03 9.981914103552711470e-01 2.483100700000000050e+00
9.982576624228500783e-01 5.547093672436625815e-03 -5.874409898752597919e-02 6.358485000000000387e-01 -5.494092900461954899e-03 9.999843416132847551e-01 1.063706466293706104e-03 1.560900000000000048e-03 5.874907962911530418e-02 -7.391075933550245343e-04 9.982725075662943759e-01 2.541978799999999872e+00
9.983086175030904119e-01 3.223303156627943099e-03 -5.804751963545637383e-02 6.324634999999999563e-01 -3.117211736521144794e-03 9.999933018769618931e-01 1.918122050609877803e-03 1.324199999999999986e-03 5.805331351488832170e-02 -1.733931363062953587e-03 9.983119784275705788e-01 2.601343400000000194e+00
9.982851569946326054e-01 1.006835758353405007e-03 -5.852974975136496227e-02 6.292704000000000075e-01 -6.008648667138301530e-04 9.999756447739055476e-01 6.953331606059092763e-03 8.272000000000000490e-04 5.853532510897718755e-02 -6.906239263707294497e-03 9.982614485061609422e-01 2.661413399999999818e+00
9.982415987576311878e-01 -2.851404439010825180e-03 -5.920793867830315138e-02 6.257654999999999745e-01 3.494910300402559976e-03 9.999359172817479102e-01 1.076786570782028996e-02 2.513999999999999850e-04 5.917344093257258242e-02 -1.095585791413440299e-02 9.981875941252549289e-01 2.721590500000000024e+00
9.981263983671933016e-01 -9.943573241156310888e-03 -6.037233003398736336e-02 6.225916000000000228e-01 1.056014682510834218e-02 9.998952075392290029e-01 9.902385526450152228e-03 1.880999999999999914e-04 6.026753837321619650e-02 -1.052137307009191718e-02 9.981268078391406506e-01 2.781452900000000117e+00
9.980094757404055494e-01 -1.248299158956010270e-02 -6.181635101925626874e-02 6.190194999999999448e-01 1.288863538195605778e-02 9.998979162410577270e-01 6.167671747247644408e-03 -1.556999999999999899e-04 6.173304957923206326e-02 -6.952123255939734840e-03 9.980684839087358151e-01 2.841430900000000204e+00
9.977768871418074559e-01 -1.076927097142872311e-02 -6.576706081579658525e-02 6.112311000000000272e-01 1.088667377775109565e-02 9.999397201840566352e-01 1.427001151822296062e-03 -7.249999999999999500e-04 6.574772862739494683e-02 -2.139813303636118810e-03 9.978339828745881324e-01 2.963321399999999883e+00
9.977233274829123699e-01 -1.065965016168700895e-02 -6.659229426033895505e-02 6.070398999999999656e-01 1.085886656875393631e-02 9.999375812433350941e-01 2.630329650573701075e-03 -1.065500000000000041e-03 6.656009925824273032e-02 -3.347458089227579089e-03 9.977768025520906692e-01 3.024723499999999898e+00
9.976129471024587358e-01 -7.408234037875809780e-03 -6.865512247448714300e-02 5.974694000000000393e-01 7.855766807170282140e-03 9.999496055311143383e-01 6.250866023204671579e-03 -1.366800000000000046e-03 6.860535475761446456e-02 -6.775283507629126234e-03 9.976208702868906153e-01 3.147209199999999818e+00
9.975585386230010343e-01 -6.222569813724610106e-03 -6.955747008953054589e-02 5.885774000000000283e-01 7.085044287284104035e-03 9.999009679136465767e-01 1.215962634293969724e-02 -2.097700000000000085e-03 6.947491754431837918e-02 -1.262275684096043210e-02 9.975038355023724268e-01 3.269929900000000167e+00
9.975218206376527119e-01 -4.772131628859485847e-04 -7.035616262517226105e-02 5.792823000000000278e-01 1.450745168417083043e-03 9.999039058474975539e-01 1.378674759959329019e-02 -1.916100000000000008e-03 7.034282259192355113e-02 -1.385465042921492362e-02 9.974266569383862802e-01 3.391995200000000210e+00
9.975253815148665826e-01 -5.222534507457114554e-04 -7.030533752819248527e-02 5.747404999999999875e-01 1.376136025796961815e-03 9.999258761314225863e-01 1.209745809852409357e-02 -1.989700000000000062e-03 7.029380828535605752e-02 -1.216427121286871998e-02 9.974521597663726924e-01 3.452755199999999913e+00
9.974404705743495914e-01 1.277658879102476453e-03 -7.149038570471244469e-02 5.658630999999999522e-01 -5.739327622755626378e-04 9.999511915407504059e-01 9.863322838562987166e-03 -2.257599999999999798e-03 7.149949833113719566e-02 -9.797046698979346852e-03 9.973925203320774813e-01 3.573788400000000198e+00
9.972803802391063677e-01 -4.441314816235958840e-04 -7.369970106703559176e-02 5.570789999999999909e-01 1.339022094979692122e-03 9.999259752974825055e-01 1.209342570190932373e-02 -2.692400000000000175e-03 7.368887439751357904e-02 -1.215922171051567191e-02 9.972071515574996159e-01 3.694140200000000096e+00
9.971963668028136496e-01 2.137010902313258350e-03 -7.479865787346597072e-02 5.475505999999999984e-01 -1.782627668008367975e-03 9.999868705239751687e-01 4.804270835816850001e-03 -3.506299999999999955e-03 7.480794258543453645e-02 -4.657463265558146361e-03 9.971870836317848763e-01 3.812597499999999862e+00
9.971467556266038201e-01 3.372382440774921060e-03 -7.541203338997930217e-02 5.428709000000000451e-01 -3.120972089840243387e-03 9.999891735517786318e-01 3.451421800545816793e-03 -3.871199999999999988e-03 7.542285645978040465e-02 -3.206215199264966613e-03 9.971464851803587548e-01 3.872318700000000113e+00
9.971342187416016856e-01 2.713045703628382205e-04 -7.565233775902494018e-02 5.336043999999999787e-01 4.979390895002228567e-04 9.999483726436272368e-01 1.014909375385710313e-02 -4.722800000000000088e-03 7.565118552434349497e-02 -1.015767892736986477e-02 9.970826042447885618e-01 3.990631800000000062e+00
9.970968627718850286e-01 -5.136120258334924728e-03 -7.597016861345300132e-02 5.246906000000000070e-01 5.887735194324975226e-03 9.999358827977798958e-01 9.672893450564544124e-03 -5.454099999999999920e-03 7.591561647478116404e-02 -1.009210394894884989e-02 9.970631718267090049e-01 4.107676999999999801e+00
9.970494174738636639e-01 -7.889780532464203688e-03 -7.635581495982275702e-02 5.202725999999999740e-01 8.545130855250795271e-03 9.999293745733468519e-01 8.259939710547319763e-03 -5.695600000000000315e-03 7.628525318628616436e-02 -8.888038507161442198e-03 9.970464196404295043e-01 4.165926500000000310e+00
9.969651752979724613e-01 -9.211888617184346706e-03 -7.730187805731328354e-02 5.155678000000000205e-01 9.983292873132810358e-03 9.999040957266008833e-01 9.598604720364507792e-03 -6.076200000000000351e-03 7.720604319930143844e-02 -1.034120192594350368e-02 9.969615270592112610e-01 4.223872700000000258e+00
9.968445975212048005e-01 -1.236133635776340105e-02 -7.840947491367088185e-02 5.113214999999999844e-01 1.346123236438930178e-02 9.998180594157820567e-01 1.351455842015283730e-02 -6.026499999999999739e-03 7.822815104563869693e-02 -1.452740271039674146e-02 9.968296298538034117e-01 4.281928100000000015e+00
9.967495318702666030e-01 -1.158426915628044812e-02 -7.972562589606416172e-02 5.021480000000000388e-01 1.328088710795915020e-02 9.996957870114959732e-01 2.078344218582248507e-02 -5.961499999999999785e-03 7.946061133687540301e-02 -2.177471330650832329e-02 9.966001570872791149e-01 4.397141900000000270e+00
9.966523227891189718e-01 -1.043278050881202984e-02 -8.108825173789810381e-02 4.971555999999999753e-01 1.182015497903190007e-02 9.997915377643995516e-01 1.664827171116506008e-02 -5.807800000000000115e-03 8.089766013504623432e-02 -1.755101437387774840e-02 9.965678755002703726e-01 4.453996700000000253e+00
9.965557273252119153e-01 -8.946588533534326204e-03 -8.244174239382402736e-02 4.922558000000000211e-01 9.703934399637629410e-03 9.999142782393407591e-01 8.790325947647288640e-03 -5.739300000000000131e-03 8.235603191318495442e-02 -9.560058928164819059e-03 9.965571179219004927e-01 4.509804199999999597e+00
9.964551036550827190e-01 -2.495055069976613409e-03 -8.408924485293076123e-02 4.819087000000000232e-01 2.925317181573919290e-03 9.999832515608166883e-01 4.993908013149240405e-03 -6.453799999999999988e-03 8.407537641382015203e-02 -5.222192839640428866e-03 9.964457134148453354e-01 4.619928400000000046e+00
9.963865301910023176e-01 2.645678691856074975e-04 -8.493416543286645692e-02 4.767282999999999937e-01 3.504895790940690281e-04 9.999738264643073249e-01 7.226585873453137722e-03 -7.045799999999999633e-03 8.493385432788198852e-02 -7.230241363470556702e-03 9.963603585043094846e-01 4.674340199999999612e+00
9.963007443294642496e-01 3.201192793925873668e-03 -8.587537023647479062e-02 4.714562999999999948e-01 -2.443125161776187482e-03 9.999571316879607430e-01 8.931177180542327829e-03 -7.757000000000000006e-03 8.590027932433863533e-02 -8.688334194911070604e-03 9.962658555129340066e-01 4.727452800000000011e+00
9.960325380736702039e-01 5.182921425819862933e-03 -8.883873267903125148e-02 4.620903000000000094e-01 -4.361895165534421422e-03 9.999459908860146573e-01 9.433407737986390304e-03 -8.378399999999999390e-03 8.888282718887538514e-02 -9.008475813365513993e-03 9.960013505986989868e-01 4.831637899999999597e+00
9.959099168961828008e-01 5.945645885473752751e-03 -9.015590231838950530e-02 4.572662000000000115e-01 -5.058951112133138611e-03 9.999365951279636233e-01 1.006045414184534269e-02 -8.879899999999999599e-03 9.021000189271412284e-02 -9.563211746044070552e-03 9.958768500872068330e-01 4.882331399999999988e+00
9.957714108620957516e-01 5.770151545244068050e-03 -9.168425525059503700e-02 4.525801999999999881e-01 -4.827687211106383020e-03 9.999332413899038041e-01 1.049791406290904658e-02 -9.232300000000000575e-03 9.173870909219872249e-02 -1.001089979099886729e-02 9.957327910335541654e-01 4.932246700000000317e+00
9.955210414167193766e-01 8.471758193460699957e-03 -9.415989278712022514e-02 4.428495000000000070e-01 -7.161528551529297397e-03 9.998729000555323099e-01 1.424416523862283290e-02 -9.564500000000000085e-03 9.426859819354521663e-02 -1.350603745186173751e-02 9.954551814858230152e-01 5.030135200000000140e+00
9.951736484488201695e-01 1.288948544433829967e-02 -9.727934312095389002e-02 4.331157999999999952e-01 -1.098891406527430399e-02 9.997386301713485635e-01 2.004782059930091537e-02 -9.745900000000000049e-03 9.751232332751642862e-02 -1.888206842737120972e-02 9.950551815307400183e-01 5.124297600000000230e+00
9.948994996766485910e-01 1.539495151401823470e-02 -9.968942276407954939e-02 4.231203000000000047e-01 -1.461088033590493898e-02 9.998563523786195839e-01 8.590505452634081274e-03 -1.012180000000000024e-02 9.980735303054691365e-02 -7.090139350033764637e-03 9.949815185243557902e-01 5.213233899999999643e+00
9.947064926635073023e-01 1.523158283141563644e-02 -1.016218103436146714e-01 4.139073999999999809e-01 -1.516171318130758207e-02 9.998839887920420999e-01 1.459935177714948755e-03 -1.046700000000000061e-02 1.016322581982297135e-01 8.855374125421068554e-05 9.948220324519171376e-01 5.298053699999999644e+00
9.944611775740382908e-01 1.822347044866011456e-02 -1.035126631039122724e-01 4.047529000000000265e-01 -1.756708778978755686e-02 9.998194063537784171e-01 7.249283065522575675e-03 -1.162170000000000043e-02 1.036260764703707538e-01 -5.390714533805983366e-03 9.946017175091604878e-01 5.378577199999999614e+00
9.944820426091461885e-01 7.110042434608304651e-03 -1.046657261213931045e-01 3.976089999999999902e-01 -7.285652689500061313e-03 9.999726199915489611e-01 -1.295581770972558007e-03 -1.264400000000000072e-02 1.046536487315582464e-01 2.050990934978769251e-03 9.945066149822012758e-01 5.453731099999999721e+00
9.954795350045920754e-01 8.888838118007709108e-03 -9.455942017563767621e-02 3.835348000000000090e-01 -8.898626583252607428e-03 9.999603558235780065e-01 3.181605175822986922e-04 -1.532309999999999922e-02 9.455849952263820080e-02 5.247266859722351682e-04 9.955191684894530990e-01 5.588110000000000355e+00
9.980505965227487453e-01 4.679044011209287229e-03 -6.223434202854963293e-02 3.760425000000000018e-01 -4.240549871252972253e-03 9.999652602586149852e-01 7.176072234153945718e-03 -1.705999999999999878e-02 6.226575718141351412e-02 -6.898175342911000256e-03 9.980357662226158055e-01 5.695921900000000093e+00
9.998440859320685270e-01 1.000738465611176499e-02 1.454840468954892926e-02 3.765901999999999861e-01 -1.014878863702206764e-02 9.999016601722959807e-01 9.678433441800549444e-03 -1.849349999999999952e-02 -1.445011819561771785e-02 -9.824573122071527873e-03 9.998473242686113371e-01 5.804687000000000374e+00
9.969967944943919358e-01 8.681230840313181735e-03 7.695471394920738728e-02 3.822236999999999996e-01 -9.668596687187620831e-03 9.998755358749804589e-01 1.246719683092898864e-02 -1.877650000000000152e-02 -7.683690523444866582e-02 -1.317379936911962021e-02 9.969566394804613152e-01 5.859146599999999871e+00
9.877506436988464644e-01 8.425788468174762874e-03 1.558129390044487306e-01 3.923633000000000259e-01 -1.062911174021895569e-02 9.998548817450764181e-01 1.331305502704822723e-02 -1.947199999999999973e-02 -1.556781547171227909e-01 -1.480613181181525580e-02 9.876968616962609193e-01 5.911049399999999565e+00
9.334120327311001830e-01 1.189114231336610601e-02 3.586092272757055999e-01 4.270594999999999808e-01 -1.498097630940989876e-02 9.998707315014558894e-01 5.838718657397231823e-03 -2.061529999999999960e-02 -3.584934413648487861e-01 -1.082224658869928614e-02 9.334695128803944808e-01 6.005581399999999626e+00
7.286584775522733093e-01 8.885186108402349375e-03 6.848195941698967948e-01 5.173391000000000517e-01 -1.272600100422086739e-02 9.999188602881462495e-01 5.672199706455265111e-04 -2.270089999999999955e-02 -6.847589882503505310e-01 -9.128324483364048600e-03 7.287124273007031805e-01 6.115234899999999918e+00
6.379471990002429926e-01 6.450153517711556053e-03 7.700530934989757714e-01 5.557957000000000036e-01 -9.015790472178535075e-03 9.999589457678312865e-01 -9.068081655762747460e-04 -2.338459999999999844e-02 -7.700273286123722194e-01 -6.364141614179738560e-03 6.379791618004528875e-01 6.141499999999999737e+00
5.914382729080907009e-01 3.723155814288475318e-03 8.063416815781491165e-01 5.761203999999999770e-01 -3.479815222641616333e-03 9.999918134663845493e-01 -2.064917971214208763e-03 -2.383419999999999983e-02 -8.063427684462179945e-01 -1.584648539614273103e-03 5.914463869730668399e-01 6.152680900000000008e+00
5.449471136272416860e-01 5.727408023676386177e-03 8.384508573235931461e-01 5.965781000000000001e-01 -5.349252786911901612e-03 9.999800676113569375e-01 -3.354083273813462680e-03 -2.431300000000000128e-02 -8.384533551987014555e-01 -2.657287586296847807e-03 5.449668888829154456e-01 6.163117899999999594e+00
4.101107480043390541e-01 8.236716868399399094e-03 9.119985366581195851e-01 6.610384999999999733e-01 -3.335988830645504871e-03 9.999660766072909768e-01 -7.531056575503050979e-03 -2.574730000000000074e-02 -9.120296297543426522e-01 4.615031358602130970e-05 4.101243132518544998e-01 6.189057799999999609e+00
3.364550003300534331e-01 -2.767361110390969235e-03 9.416954786263915800e-01 7.081593000000000471e-01 1.582987404771863532e-02 9.998710068826180963e-01 -2.717477354598972841e-03 -2.610029999999999989e-02 -9.415664861498296290e-01 1.582122966220040478e-02 3.364554069285241589e-01 6.200511500000000176e+00
3.040110871258374647e-01 1.208821077001765755e-03 9.526677267841975327e-01 7.316570999999999492e-01 1.307310864380075224e-02 9.998997419061546044e-01 -5.440585114934757410e-03 -2.664489999999999914e-02 -9.525787908278001703e-01 1.410832688908447013e-02 3.039648045044638369e-01 6.206699799999999989e+00
2.702604930380386183e-01 8.746123490135784134e-03 9.627475116699764079e-01 7.513739999999999863e-01 2.087228682171381015e-03 9.999510658647340344e-01 -9.670023392450970839e-03 -2.747499999999999942e-02 -9.627849756717563601e-01 4.622899509779865648e-03 2.702290129147087994e-01 6.212662199999999579e+00
2.154382748705999384e-01 1.487213676367514850e-02 9.764042038361276932e-01 7.989494999999999791e-01 -1.782706238365094377e-03 9.998883440000201350e-01 -1.483649188201346600e-02 -2.943120000000000111e-02 -9.765158327847262010e-01 1.455706350848073871e-03 2.154407325455717226e-01 6.222230899999999565e+00
1.921402762073181059e-01 1.593563348311359540e-02 9.812380801031254096e-01 8.241222000000000270e-01 5.641663339469900861e-03 9.998336934399268960e-01 -1.734234981305703832e-02 -3.016639999999999947e-02 -9.813512551037674170e-01 8.867978786974341915e-03 1.920184185397176835e-01 6.225465299999999758e+00
1.717747075104702204e-01 2.203296108668004877e-02 9.848898407870013694e-01 8.488765000000000338e-01 1.303442751788319760e-02 9.996115191339094430e-01 -2.463563504517122388e-02 -3.019029999999999977e-02 -9.850500259169444606e-01 1.706925424705666577e-02 1.714207892890354801e-01 6.227822800000000214e+00
1.513385859583484538e-01 2.880016381665038636e-02 9.880623375902258809e-01 8.745910999999999547e-01 1.454252719843726269e-02 9.994024123733687981e-01 -3.135814160586967991e-02 -3.023850000000000149e-02 -9.883750033781762978e-01 1.911462022707132932e-02 1.508293207263248226e-01 6.231029499999999999e+00
1.072223195421463104e-01 2.384258026507857578e-02 9.939491463642922131e-01 1.011482100000000051e+00 9.880248796664190675e-03 9.996375020487440199e-01 -2.504486337481898889e-02 -3.492279999999999690e-02 -9.941859760003246560e-01 1.250583320097543687e-02 1.069478810460099405e-01 6.239559200000000416e+00
1.223235788134003355e-01 1.773466253858634392e-02 9.923318113468518886e-01 1.060846900000000037e+00 1.458643197891970264e-02 9.997002287344343152e-01 -1.966440109548379597e-02 -3.632019999999999693e-02 -9.923830803013552471e-01 1.688000038395076272e-02 1.220282242705826858e-01 6.247318700000000113e+00
4.448903759726272056e-02 2.105323701869387873e-02 9.987880089111522697e-01 1.198942699999999917e+00 2.325422179204835252e-02 9.994852002745934216e-01 -2.210374630921617747e-02 -3.991519999999999790e-02 -9.987391885284744308e-01 2.420941228304937173e-02 4.397655800985078578e-02 6.256677599999999728e+00
3.078598905278428013e-02 2.065942162752102892e-02 9.993124692387554964e-01 1.227353600000000045e+00 2.567309799791321970e-02 9.994401742007735789e-01 -2.145297724598856787e-02 -4.046240000000000253e-02 -9.991962344390775685e-01 2.631589807594784253e-02 3.023836290583425956e-02 6.258185899999999968e+00
4.412894805764611822e-02 2.133189184950820202e-02 9.987980708498823690e-01 1.332817700000000105e+00 2.727577130893278981e-02 9.993735848706639668e-01 -2.254928296555099368e-02 -4.299979999999999775e-02 -9.986534274926553989e-01 2.823806390102860317e-02 4.351946121326699668e-02 6.263190299999999766e+00
3.320356003659527544e-02 2.052803480882923332e-02 9.992377711975182208e-01 1.365753100000000053e+00 2.927940586022332453e-02 9.993399496536635729e-01 -2.150305603130826804e-02 -4.365000000000000130e-02 -9.990196394432737659e-01 2.997106626566292675e-02 3.258059535261303985e-02 6.265180599999999878e+00
8.424442544641986760e-03 2.061578987832414500e-02 9.997519782303533331e-01 1.434569599999999889e+00 3.750824625800513318e-02 9.990773599273041761e-01 -2.091794309526683049e-02 -4.516339999999999938e-02 -9.992608069120197944e-01 3.767516540615004766e-02 7.643407692800696651e-03 6.268094099999999891e+00
4.752767563892595221e-02 1.936580715080130077e-02 9.986821744487878183e-01 1.509401200000000109e+00 3.828134446371617150e-02 9.990422048413827305e-01 -2.119461279945822341e-02 -4.689610000000000306e-02 -9.981360922812135827e-01 3.923822701227241277e-02 4.674080472694097654e-02 6.270617999999999803e+00
3.842204073804603853e-02 1.990228183864614642e-02 9.990633843571384842e-01 1.546583999999999959e+00 4.075268205401722660e-02 9.989386287427358679e-01 -2.146706572838027668e-02 -4.765180000000000110e-02 -9.984302507891719136e-01 4.153932092845900870e-02 3.757018932444144976e-02 6.272755599999999987e+00
4.633435508913698320e-02 1.757811368393166068e-02 9.987713138941207713e-01 1.643099800000000110e+00 4.285754874346277971e-02 9.988895372776694925e-01 -1.956841416428411334e-02 -5.007269999999999777e-02 -9.980061913907023463e-01 4.371158011920888570e-02 4.552954765102001922e-02 6.278119600000000133e+00
5.419736768810862193e-02 1.418693552615028948e-02 9.984294547919032592e-01 1.744759799999999972e+00 3.962309046734377449e-02 9.990809702128440328e-01 -1.634703827544119192e-02 -5.229190000000000227e-02 -9.977437827606328025e-01 4.044682705650596427e-02 5.358542846301073137e-02 6.284697999999999674e+00
6.242997874753803550e-02 1.402089348740837536e-02 9.979508566554754490e-01 1.849485400000000057e+00 3.619116974098706557e-02 9.992119006379763801e-01 -1.630266408357921443e-02 -5.470269999999999994e-02 -9.973929501386912255e-01 3.713478381864786237e-02 6.187334518499287839e-02 6.292070400000000063e+00
6.652729996829240267e-02 2.364411353130469601e-02 9.975044231752796531e-01 1.955221400000000109e+00 2.862153567641689822e-02 9.992625885208422654e-01 -2.559466503296310355e-02 -5.725589999999999846e-02 -9.973740151289545164e-01 3.025285239353082620e-02 6.580151113464494106e-02 6.301353899999999619e+00
6.904808810031365374e-02 2.532675140664254754e-02 9.972917913995268391e-01 2.071300499999999989e+00 2.345303420850098491e-02 9.993601901766654416e-01 -2.700306420526750462e-02 -6.107329999999999703e-02 -9.973376142090030205e-01 2.525402845577406907e-02 6.840992128813438988e-02 6.310219299999999976e+00
6.593312767304308764e-02 2.339176669711400675e-02 9.975498222775833757e-01 2.168369999999999909e+00 2.179425250472783598e-02 9.994529259129911747e-01 -2.487688569176248893e-02 -6.442779999999999341e-02 -9.975860029255676498e-01 2.338106359318670169e-02 6.538725129748912401e-02 6.318438099999999835e+00
6.649871823319390696e-02 2.312052730520676447e-02 9.975186021776593082e-01 2.274361400000000089e+00 1.770766678547165685e-02 9.995467039514958074e-01 -2.434800108253890732e-02 -6.841220000000000634e-02 -9.976293695608388079e-01 1.928283788320071107e-02 6.605916403356315580e-02 6.326704999999999579e+00
6.519942268070683111e-02 2.496018435357266751e-02 9.975600355262524976e-01 2.379508700000000143e+00 1.136082264944952847e-02 9.996037569135939327e-01 -2.575385161400950071e-02 -7.230699999999999628e-02 -9.978075801430005276e-01 1.301223890283033716e-02 6.489001963249341198e-02 6.334623299999999624e+00
5.853945465855370928e-02 2.313113249868822829e-02 9.980170754839854386e-01 2.485370399999999869e+00 5.796406798056274318e-03 9.997067910306820515e-01 -2.351028786228716305e-02 -7.615460000000000285e-02 -9.982682675095460034e-01 7.161192391235519927e-03 5.838821291172668904e-02 6.342281299999999788e+00
4.754425481752894145e-02 1.864756809443889746e-02 9.986950545777270039e-01 2.591688200000000109e+00 1.301707507567913952e-03 9.998237193278642909e-01 -1.873061202846212567e-02 -7.967280000000000195e-02 -9.988682843054986771e-01 2.190541841484251046e-03 4.751160000494714097e-02 6.348872199999999744e+00
3.043628780779360221e-02 2.080139830065608902e-02 9.993202360671070705e-01 2.696854399999999874e+00 6.020200919975206982e-04 9.997828640121551036e-01 -2.082936387558135399e-02 -8.166460000000000385e-02 -9.995365275748006040e-01 1.235579374222559729e-03 3.041715613465545420e-02 6.354594200000000193e+00
9.919850834014046215e-03 2.043633391619434359e-02 9.997419431110694532e-01 2.800121799999999883e+00 1.952658547451321600e-03 9.997888336437631418e-01 -2.045666751552384366e-02 -8.463579999999999715e-02 -9.999488905359252833e-01 2.155081740776439853e-03 9.877850913158958690e-03 6.356796300000000066e+00
-6.389202257276828173e-04 1.952654935775042372e-02 9.998091346107640387e-01 2.850664099999999923e+00 1.381343444821063818e-03 9.998084020411168726e-01 -1.952565231371282406e-02 -8.631949999999999346e-02 -9.999988418349459174e-01 1.368604459983045404e-03 -6.657706808718133473e-04 6.356941199999999625e+00
-2.289006648316286793e-02 1.903866125604494752e-02 9.995566888546010276e-01 2.950408899999999779e+00 2.533934354269164191e-03 9.998165465771203797e-01 -1.898558314324658852e-02 -8.965149999999999508e-02 -9.997347768448812122e-01 2.098229772557675885e-03 -2.293410993993261204e-02 6.355411499999999769e+00
-6.551779804536110585e-02 2.356554662432208680e-02 9.975730966458468130e-01 3.147631599999999974e+00 4.034279962042407533e-03 9.997191816506517670e-01 -2.335128315401627241e-02 -9.398360000000000047e-02 -9.978432455673961199e-01 2.494564500686051109e-03 -6.559446945800218032e-02 6.348478799999999644e+00
-8.458183736146353271e-02 2.460686356302979605e-02 9.961126517890180887e-01 3.242930400000000102e+00 5.395789181947791696e-03 9.996916764713359438e-01 -2.423710900734150214e-02 -9.694010000000000127e-02 -9.964019260557775981e-01 3.324794658353488752e-03 -8.468853223912242711e-02 6.340992899999999821e+00
-1.007901990750072196e-01 2.294199997636184665e-02 9.946431522950860415e-01 3.335447100000000109e+00 8.063228419293605453e-03 9.997200990240601159e-01 -2.224203126474376402e-02 -1.003261000000000014e-01 -9.948750273867965621e-01 5.778256173635460888e-03 -1.009469743861257651e-01 6.332108500000000362e+00
-1.099525297045609584e-01 1.961835245032301361e-02 9.937432070000290496e-01 3.425482999999999834e+00 1.380312119610088012e-02 9.997389103465618154e-01 -1.820947512464381191e-02 -1.034819000000000017e-01 -9.938409908314375096e-01 1.171458006947650142e-02 -1.101946167332253923e-01 6.322328599999999632e+00
-1.142880168606311836e-01 1.763941075621582380e-02 9.932910451575798216e-01 3.512490999999999808e+00 1.570528248691488785e-02 9.997494864017035798e-01 -1.594705432160320457e-02 -1.063454000000000066e-01 -9.933235088852321315e-01 1.377735924273793509e-02 -1.145364180871143445e-01 6.312370800000000060e+00
-9.821810565891231359e-02 2.241042881940186540e-02 9.949125471120087161e-01 3.711772900000000153e+00 1.789763803539455231e-02 9.996244916535144132e-01 -2.074970455710049150e-02 -1.129175000000000040e-01 -9.950039589235454285e-01 1.576858797050265104e-02 -9.858231768368896919e-02 6.291900599999999955e+00
-7.365453802455693144e-02 2.262078453055922644e-02 9.970272359046220556e-01 3.782725099999999951e+00 1.573416605453001327e-02 9.996446465646099400e-01 -2.151782083029206774e-02 -1.157549999999999968e-01 -9.971596888397350478e-01 1.410250693806204200e-02 -7.398428381152544198e-02 6.287487500000000118e+00
2.774123725890264569e-01 1.489708706011312958e-02 9.606354419506135667e-01 4.093599300000000163e+00 -5.545335910465020411e-03 9.998879519803297589e-01 -1.390441419916989448e-02 -1.300265999999999922e-01 -9.607349399205626916e-01 -1.469789680661904435e-03 2.774638984338816394e-01 6.327616700000000094e+00
3.267329396984730572e-01 1.444045789551741399e-02 9.450063805561111918e-01 4.107674099999999662e+00 -5.707763975006159389e-03 9.998951835734711802e-01 -1.330576179630139563e-02 -1.305138999999999883e-01 -9.450994696572417864e-01 -1.046442708455942207e-03 3.267811154446632615e-01 6.331751800000000152e+00
3.917435090328570402e-01 1.418109834916471412e-02 9.199651730257156768e-01 4.154036500000000132e+00 -2.952164043542474491e-03 9.998954392293992743e-01 -1.415610595138406223e-02 -1.323914999999999953e-01 -9.200697298890359033e-01 2.829674514518253428e-03 3.917444129583190771e-01 6.354373500000000341e+00
6.169070033222194827e-01 2.427055477964935523e-02 7.866617376119720006e-01 4.228555700000000250e+00 -5.052903100055381597e-03 9.996259366535742430e-01 -2.687852190366194632e-02 -1.350629000000000135e-01 -7.870198329281545835e-01 1.260662286864424643e-02 6.167988777856094895e-01 6.421437700000000248e+00
6.694584979602254959e-01 2.379788411843748036e-02 7.424681678161859644e-01 4.247129900000000013e+00 -5.196431576788396178e-03 9.996122884415250542e-01 -2.735452239694646792e-02 -1.372575000000000045e-01 -7.428312840798416694e-01 1.445453244427887668e-02 6.693226052391408887e-01 6.445978600000000114e+00
7.187994173718839086e-01 2.191675380681576066e-02 6.948719691341791460e-01 4.265847700000000131e+00 -4.669023986629251832e-03 9.996326057381540453e-01 -2.669932134269456525e-02 -1.378817999999999988e-01 -6.952018396126786737e-01 1.594708273382977604e-02 7.186376644397562963e-01 6.468470100000000222e+00
8.111453118934719431e-01 1.369597686379581299e-02 5.846842765210885640e-01 4.284676100000000432e+00 -5.300068974382206657e-03 9.998568490412588217e-01 -1.606831335741562561e-02 -1.401235999999999871e-01 -5.848206496543270072e-01 9.934870056104412941e-03 8.111017852864456090e-01 6.510615300000000438e+00
9.356033856093229906e-01 1.634816401311415049e-02 3.526741305649915836e-01 4.352129900000000440e+00 -2.014166552671778007e-02 9.997720023586544880e-01 7.089189627613397965e-03 -1.432402000000000120e-01 -3.524778264603069533e-01 -1.373611419458764873e-02 9.357193494956973501e-01 6.668649699999999569e+00
9.664543619472779623e-01 1.632852468213737487e-02 2.563188357393673122e-01 4.356149199999999944e+00 -1.890497372493947850e-02 9.997924695263243899e-01 7.590773802004826577e-03 -1.458408999999999955e-01 -2.561416956325918148e-01 -1.218183730636250572e-02 9.665624835458399566e-01 6.742588999999999722e+00
9.729366120911813187e-01 1.375194508176126595e-02 2.306625952750085418e-01 4.358992100000000036e+00 -1.570841987022844957e-02 9.998545169046741954e-01 6.647598852313680792e-03 -1.462948000000000026e-01 -2.305376203523294421e-01 -1.009103720084770540e-02 9.730110875886750499e-01 6.758234999999999992e+00
9.708929975101922016e-01 1.607156479732170865e-02 2.389738316022056164e-01 4.369652300000000267e+00 -2.019703699875796329e-02 9.996861092883938538e-01 1.482439180217263834e-02 -1.462846999999999897e-01 -2.386605687627192662e-01 -1.921946151168161393e-02 9.709128412051497570e-01 6.822534600000000005e+00
9.730744284939177868e-01 2.976270102502834650e-02 2.285614539657333522e-01 4.388959899999999692e+00 -3.313148544960285713e-02 9.993913953865294353e-01 1.091528741117350765e-02 -1.452463999999999977e-01 -2.280974819745672511e-01 -1.819396754588028728e-02 9.734682934034376567e-01 6.901054399999999589e+00
9.739471237737630238e-01 3.614198416020914656e-02 2.238766559375442167e-01 4.412302500000000016e+00 -3.731856963032408742e-02 9.993028936574224197e-01 1.025226145290264804e-03 -1.466785999999999923e-01 -2.236835363936313936e-01 -9.353272628632468277e-03 9.746169462089059321e-01 6.996655900000000372e+00
9.734384986307853538e-01 3.583103934839544646e-02 2.261274552164246054e-01 4.425652999999999615e+00 -3.419084308033365494e-02 9.993529325357157767e-01 -1.116702653892260623e-02 -1.470210999999999879e-01 -2.263812616646933840e-01 3.138925210759009946e-03 9.740337116936059747e-01 7.062548600000000398e+00
9.696462366577873748e-01 4.132072981569170217e-02 2.409953796712477336e-01 4.454388599999999698e+00 -4.199208440540986437e-02 9.991151761811539744e-01 -2.351504154934009553e-03 -1.490026000000000128e-01 -2.408793070869292841e-01 -7.839771170151920918e-03 9.705234141458517483e-01 7.185059500000000376e+00
9.688037045492152721e-01 3.673504761550393932e-02 2.450916529145851230e-01 4.463595899999999617e+00 -3.872682088623358859e-02 9.992443511562910663e-01 3.310593041820607436e-03 -1.493645000000000111e-01 -2.447848348974306365e-01 -1.269893534630472942e-02 9.694942607593445283e-01 7.220712699999999984e+00
9.673505365285828272e-01 3.005541033920159158e-02 2.516537537713376405e-01 4.484523300000000212e+00 -3.334014496259428417e-02 9.994053374581680638e-01 8.798078994778746331e-03 -1.502226000000000117e-01 -2.512396748360736232e-01 -1.690099906713747949e-02 9.677773411373076229e-01 7.302373399999999570e+00
9.674324015849736780e-01 2.665682376936897788e-02 2.517219936955434334e-01 4.495723199999999586e+00 -2.904580321137537405e-02 9.995613756211720879e-01 5.779072773050097575e-03 -1.505914999999999893e-01 -2.514575305679598860e-01 -1.290232974462201566e-02 9.677823310062156903e-01 7.343753300000000372e+00
9.675965253604976724e-01 2.601042371317882282e-02 2.511581612620870652e-01 4.506884099999999727e+00 -2.655209708709068209e-02 9.996466712972564839e-01 -1.232357331537838312e-03 -1.510360000000000036e-01 -2.511014740111441879e-01 -5.476351210047566975e-03 9.679452770311216536e-01 7.385382700000000078e+00
9.677547724953813324e-01 2.805267462782348384e-02 2.503272812911890854e-01 4.517622900000000108e+00 -2.692535928432021955e-02 9.996060120271903493e-01 -7.927530921221679142e-03 -1.512944999999999984e-01 -2.504510437986292581e-01 9.317538956846306390e-04 9.681288170976293239e-01 7.428554100000000382e+00
9.703588171727619560e-01 2.841150281569214398e-02 2.399928174817576032e-01 4.572055299999999711e+00 -3.079567882936945500e-02 9.995065379194074673e-01 6.189250503766275530e-03 -1.556991000000000069e-01 -2.396985442186010395e-01 -1.339653552654425372e-02 9.707549334076903680e-01 7.659333199999999842e+00
9.706938252516580379e-01 3.395995568779667378e-02 2.379080053886088453e-01 4.582715000000000316e+00 -3.538839561704911624e-02 9.993721292811132972e-01 1.734552329808063120e-03 -1.560711999999999933e-01 -2.376997245979781681e-01 -1.010290185127570885e-02 9.712861433687957069e-01 7.707138500000000114e+00
9.715483526560861893e-01 3.510460807463496730e-02 2.342252440348209230e-01 4.594054200000000421e+00 -3.520071454729788857e-02 9.993731458519790056e-01 -3.771610435692432546e-03 -1.562562000000000118e-01 -2.342108198751816639e-01 -4.580594049383436041e-03 9.721750408293508006e-01 7.756677599999999728e+00
