9.995332535681399344e-01 -1.569051810650902781e-02 -2.621226150178209216e-02 6.002127000000000434e-01 1.584726039755856783e-02 9.998577020755869960e-01 5.782727558758598077e-03 -1.265573000000000115e-01 2.611779755991050847e-02 -6.195421024931769757e-03 9.996396737869818194e-01 -1.228255999999999931e-01
9.994232787472252522e-01 -1.575666780330657255e-02 -3.008051392317694778e-02 5.984886999999999846e-01 1.589308423514053728e-02 9.998644449963101088e-01 4.301337665841834489e-03 -1.262541000000000080e-01 3.000866161029057400e-02 -4.776929134611951865e-03 9.995382239696499749e-01 -7.924390000000000600e-02
9.992843605604230239e-01 -1.441626258855355745e-02 -3.497053205663931685e-02 5.966544999999999765e-01 1.455449670384745785e-02 9.998872263293295815e-01 3.701519841598159555e-03 -1.263167000000000040e-01 3.491322621936077120e-02 -4.207849381563284058e-03 9.993814890413659224e-01 -3.484260000000000135e-02
9.989484140791512479e-01 -1.353746472931341080e-02 -4.380414429538832116e-02 5.920421999999999629e-01 1.362697809617018779e-02 9.999056248598683361e-01 1.745520427528053078e-03 -1.262125000000000052e-01 4.377638035191013660e-02 -2.340602977656645531e-03 9.990386129179321673e-01 5.681320000000000120e-02
9.987579816196329174e-01 -1.092027352679639067e-02 -4.861318521941316445e-02 5.892330000000000068e-01 1.097971829023280770e-02 9.999392641436661844e-01 9.559341454998379530e-04 -1.262264999999999915e-01 4.859979359363728740e-02 -1.488505936620772687e-03 9.988172227253254709e-01 1.038044000000000050e-01
9.982693000118288973e-01 -1.137228739597891981e-02 -5.769814323941718087e-02 5.837379999999999791e-01 1.168764230986839812e-02 9.999185322171249002e-01 5.131076493986017062e-03 -1.264037000000000077e-01 5.763509062307108771e-02 -5.796551400084429609e-03 9.983208884525739402e-01 2.007962000000000080e-01
9.980646197756357640e-01 -1.174101972531168409e-02 -6.106687488258624730e-02 5.805854999999999766e-01 1.222478736616008227e-02 9.998967378675831519e-01 7.554348126597984492e-03 -1.264260000000000106e-01 6.097187323649957968e-02 -8.286257151181322667e-03 9.981050889643117152e-01 2.497089000000000114e-01
9.977745804424611453e-01 -1.058378558757301462e-02 -6.583213581152320970e-02 5.734926000000000190e-01 1.106042115168230471e-02 9.999151633405848338e-01 6.879913191235947738e-03 -1.269243999999999928e-01 6.575373530696164426e-02 -7.592733645256195645e-03 9.978069937061847527e-01 3.495257999999999976e-01
9.974759770129721925e-01 -1.354387388759797743e-02 -6.970106715204155146e-02 5.664322000000000523e-01 1.407008689752043025e-02 9.998760575739179535e-01 7.064145039239775464e-03 -1.269459000000000004e-01 6.959675234314305348e-02 -8.027015046456167230e-03 9.975429109029502195e-01 4.513481999999999772e-01
9.973623541902664202e-01 -1.504048378558107968e-02 -7.100787485585871583e-02 5.625997999999999832e-01 1.554673227566489083e-02 9.998574769733918899e-01 6.582161951211562209e-03 -1.269799000000000067e-01 7.089875569851997184e-02 -7.668740959169912177e-03 9.974540374636330364e-01 5.029605000000000325e-01
9.972540089121689766e-01 -1.309292670706732262e-02 -7.289044504495058308e-02 5.584499000000000546e-01 1.344355968935037615e-02 9.999002911276111405e-01 4.321863694910009317e-03 -1.271042000000000005e-01 7.282659137627182921e-02 -5.289902944466073030e-03 9.973305893811498235e-01 5.551002999999999910e-01
9.970883184803639443e-01 -8.698921499475950267e-03 -7.575759971610904198e-02 5.494347000000000536e-01 8.740768838297411844e-03 9.999617743665872860e-01 2.208296669191976789e-04 -1.277240000000000042e-01 7.575278285393677313e-02 -8.823663481218161925e-04 9.971262394097910597e-01 6.609336000000000100e-01
9.969865254070171545e-01 -8.032572056185648124e-03 -7.715792858161436840e-02 5.452424000000000159e-01 8.107653203834341155e-03 9.999669147139749192e-01 6.598764584557694369e-04 -1.281389000000000000e-01 7.715007528427740568e-02 -1.283457664379652422e-03 9.970186651312271664e-01 7.146921000000000523e-01
9.968752243889904552e-01 -8.721243390533992348e-03 -7.850940652637088124e-02 5.409171000000000396e-01 8.921743195985024424e-03 9.999577728154939171e-01 2.203425565319948581e-03 -1.286537000000000097e-01 7.848687468452796023e-02 -2.896981118350233555e-03 9.969109378488406614e-01 7.688979999999999704e-01
9.967799997729883676e-01 -7.834203988229366047e-03 -7.980136151991591709e-02 5.361660000000000315e-01 8.158073977250481987e-03 9.999597536272007980e-01 3.733223112770283920e-03 -1.290193000000000034e-01 7.976890297317128231e-02 -4.372227544264461856e-03 9.968037950092074606e-01 8.236196000000000073e-01
9.965707184163802301e-01 -8.438273541355355983e-03 -8.231402513971122770e-02 5.266144000000000380e-01 8.698994894074954520e-03 9.999582168615953615e-01 2.809273716017806396e-03 -1.295685000000000031e-01 8.228688038133788463e-02 -3.515689209801225231e-03 9.966024830625737074e-01 9.335040999999999478e-01
9.964630944272994117e-01 -1.002131400781794066e-02 -8.343185668512696773e-02 5.219348000000000320e-01 1.022194915267213983e-02 9.999457982608216389e-01 1.977952488857237512e-03 -1.299280999999999908e-01 8.340751285040838570e-02 -2.823792854425259159e-03 9.965115217567853678e-01 9.891704000000000052e-01
9.964019476669840891e-01 -9.842377511628265171e-03 -8.418008250387529201e-02 5.173282000000000158e-01 1.020312060044608650e-02 9.999405111645076616e-01 3.856223810413146082e-03 -1.303447000000000078e-01 8.413712031828407545e-02 -4.701248449277999238e-03 9.964430958401813143e-01 1.045080900000000090e+00
9.964396249964635466e-01 -8.461187241294675435e-03 -8.388374125761711986e-02 5.120763999999999871e-01 9.100633232646230739e-03 9.999323523866303631e-01 7.243557503363739006e-03 -1.306694999999999940e-01 8.381677762639148932e-02 -7.981162885659852727e-03 9.964492203957613370e-01 1.101541600000000010e+00
9.965166157694953508e-01 -7.552003243607680744e-03 -8.305180155975369627e-02 5.069816000000000322e-01 8.502134802215233211e-03 9.999023301905241023e-01 1.109251023732503970e-02 -1.308513000000000037e-01 8.295991923282669545e-02 -1.175998837451548533e-02 9.964834943310973969e-01 1.158439599999999903e+00
9.966081016604274589e-01 -8.776320796228713819e-03 -8.182461669987048380e-02 5.025222999999999773e-01 9.959281288412087998e-03 9.998515486646050165e-01 1.406034669590758637e-02 -1.308822000000000041e-01 8.168907161314373222e-02 -1.482756980332643540e-02 9.965475597043575995e-01 1.215693799999999936e+00
9.968454165525556521e-01 -8.662776298749959303e-03 -7.889342054290479633e-02 4.932169000000000136e-01 9.637624861108244623e-03 9.998817412157290363e-01 1.198414662954156579e-02 -1.308343999999999896e-01 7.878027472152127064e-02 -1.270668683015443653e-02 9.968110194137110858e-01 1.330433800000000000e+00
9.969287096078393029e-01 -7.836162712795302632e-03 -7.792138675349086219e-02 4.883803999999999923e-01 8.422823440293585734e-03 9.999385840415675464e-01 7.203068112870010184e-03 -1.307365000000000055e-01 7.786015672307722291e-02 -7.837263481828357289e-03 9.969334848906291624e-01 1.388114099999999906e+00
9.970130030001055355e-01 -8.885019427262195318e-03 -7.672110712501932495e-02 4.838188999999999962e-01 9.248173071257546896e-03 9.999476445824763138e-01 4.379427908037187948e-03 -1.308278999999999970e-01 7.667817905737971118e-02 -5.075876646925295450e-03 9.970429741654618372e-01 1.446232600000000090e+00
9.970411165209362991e-01 -1.118670128017628176e-02 -7.605175659478749517e-02 4.793841999999999826e-01 1.162351214385547518e-02 9.999183807369645960e-01 5.303379093415616814e-03 -1.309402000000000066e-01 7.598622198876811562e-02 -6.171675528973950310e-03 9.970897675179696273e-01 1.504854700000000101e+00
9.969901232803918267e-01 -1.342537637417830221e-02 -7.635740534198889873e-02 4.749837000000000087e-01 1.426095033384439104e-02 9.998441352344020761e-01 1.040819547022192766e-02 -1.312012999999999929e-01 7.620576997133984842e-02 -1.146579725018630376e-02 9.970261862742085812e-01 1.564038000000000039e+00
9.968629150101654401e-01 -1.693985442483692677e-02 -7.731345296583921889e-02 4.706238999999999839e-01 1.807330843096156131e-02 9.997388623257865703e-01 1.398437263166795938e-02 -1.313824000000000103e-01 7.705637027394318661e-02 -1.533781234750715081e-02 9.969087557608257155e-01 1.623389200000000088e+00
9.966135863248557492e-01 -2.428199875576575809e-02 -7.856044863119218680e-02 4.666409999999999725e-01 2.538825719552128060e-02 9.995916534972432155e-01 1.311345321497250568e-02 -1.312595000000000012e-01 7.820994789208887688e-02 -1.506355851292120324e-02 9.968231002819128994e-01 1.682371700000000025e+00
9.964421101284737237e-01 -2.683684655525815990e-02 -7.989308374123697820e-02 4.621349000000000151e-01 2.767145561926142097e-02 9.995732716978686927e-01 9.357619950077153415e-03 -1.313302000000000080e-01 7.960786209053739848e-02 -1.153508448986675580e-02 9.967595146870611433e-01 1.741223699999999930e+00
9.963226189640144170e-01 -2.653175526212866661e-02 -8.146965633533623241e-02 4.573018999999999834e-01 2.705782991511773358e-02 9.996195003440951909e-01 5.359885456429500962e-03 -1.312680999999999987e-01 8.129644998997093142e-02 -7.544567219661593889e-03 9.966614102715606327e-01 1.801185500000000106e+00
9.961940226108085827e-01 -2.514563098915489556e-02 -8.345757339302993516e-02 4.520448000000000244e-01 2.561060669615640786e-02 9.996618421513657760e-01 4.505349175437594646e-03 -1.313896999999999982e-01 8.331606171171627995e-02 -6.625601006329963523e-03 9.965011466486902725e-01 1.860623799999999939e+00
9.960866839642269488e-01 -2.192356860398278137e-02 -8.561936211404974628e-02 4.412057999999999813e-01 2.273018318616319353e-02 9.997058627613122361e-01 8.457347869384228278e-03 -1.317261999999999877e-01 8.540876302507713347e-02 -1.037039537948164850e-02 9.962920245079750492e-01 1.981709100000000001e+00
9.959152261375729953e-01 -2.077142845584179637e-02 -8.787155459675667635e-02 4.302549999999999986e-01 2.193834385094915046e-02 9.996832301655245168e-01 1.233484474569476394e-02 -1.320071999999999912e-01 8.758750719380285765e-02 -1.421221607374155427e-02 9.960554409759774241e-01 2.102029299999999878e+00
9.959370772320070841e-01 -2.048254942595037834e-02 -8.769152389815423887e-02 4.245995000000000186e-01 2.192487073261099526e-02 9.996392099572387613e-01 1.551611934169707524e-02 -1.321758000000000099e-01 8.734207598818197194e-02 -1.737570387296549779e-02 9.960268302997633549e-01 2.162397900000000206e+00
9.959838295178709000e-01 -1.470169641431109779e-02 -8.831801323319066199e-02 4.186752000000000251e-01 1.632060234814292077e-02 9.997112574167300592e-01 1.763631858564503052e-02 -1.319507000000000041e-01 8.803322826018822322e-02 -1.900689129768486779e-02 9.959361871150619328e-01 2.222694900000000029e+00
9.959479760863420017e-01 -1.495435105382986532e-02 -8.867917632724135746e-02 4.082373999999999725e-01 1.639999286527722352e-02 9.997438735039126945e-01 1.559575664760950997e-02 -1.317910999999999944e-01 8.842323882067430751e-02 -1.698690012778722447e-02 9.959381386715293605e-01 2.341511500000000190e+00
9.960089977797559335e-01 -1.277784180475970144e-02 -8.833347666982555024e-02 4.022075999999999985e-01 1.399277224891418148e-02 9.998156443980493746e-01 1.314836650322838071e-02 -1.314393000000000089e-01 8.814918415139244567e-02 -1.433192156431705583e-02 9.960041753716287749e-01 2.401056300000000032e+00
9.959250021159917754e-01 -1.323774485787217528e-02 -8.920847645453672259e-02 3.965183999999999931e-01 1.448728435913144291e-02 9.998056080147378344e-01 1.337403357922076208e-02 -1.316068999999999989e-01 8.901409299745416392e-02 -1.461192298632653722e-02 9.959231812516878835e-01 2.460474300000000003e+00
9.957683493812620190e-01 -1.516106568636432610e-02 -9.063959652254899302e-02 3.911978999999999873e-01 1.654241601946191548e-02 9.997579007248627025e-01 1.450821872093445257e-02 -1.315126000000000073e-01 9.039769268491193444e-02 -1.594622292171940514e-02 9.957780752415544834e-01 2.520265300000000153e+00
9.957042895923258197e-01 -1.473214127892870026e-02 -9.141078547293793322e-02 3.855098000000000136e-01 1.621634451701417859e-02 9.997481232286488106e-01 1.551516262563575228e-02 -1.316546000000000105e-01 9.115918965165992205e-02 -1.693086276986808733e-02 9.956923962890952273e-01 2.579090400000000116e+00
9.957097401600922826e-01 -1.281084180608688117e-02 -9.164057879859086042e-02 3.798110000000000097e-01 1.399739445833334331e-02 9.998261684499318847e-01 1.231689210418555371e-02 -1.319635000000000113e-01 9.146685901843981670e-02 -1.354677876647234804e-02 9.957159727986455433e-01 2.637502399999999803e+00
9.955865153549421365e-01 -1.109002218580534653e-02 -9.319067470150599330e-02 3.687694000000000250e-01 1.177535120001664722e-02 9.999074960463926187e-01 6.807382341952185160e-03 -1.321643999999999874e-01 9.310656017445725907e-02 -7.874690987689680205e-03 9.956250085721675136e-01 2.754241899999999799e+00
9.955411770950765016e-01 -1.226643337582279322e-02 -9.352699781553003300e-02 3.632960000000000078e-01 1.328385827363049582e-02 9.998590889602509968e-01 1.026359259436299826e-02 -1.323242000000000029e-01 9.338792115426788887e-02 -1.146022843635609995e-02 9.955638399151863771e-01 2.812602500000000116e+00
9.954550042552774425e-01 -1.650205330191567218e-02 -9.379241301910525019e-02 3.521658999999999762e-01 1.790940828235973101e-02 9.997390128648878660e-01 1.418306211349946999e-02 -1.328786000000000134e-01 9.353388475895478560e-02 -1.579836677509334486e-02 9.954907453156650599e-01 2.928501799999999822e+00
9.953985852526084921e-01 -1.947557300369803443e-02 -9.382088537891306035e-02 3.466861999999999999e-01 2.080020855332350219e-02 9.996970168919010469e-01 1.316152504735994960e-02 -1.331392999999999882e-01 9.353613099355650995e-02 -1.505245739444771580e-02 9.955020922756238066e-01 2.986013900000000110e+00
9.953034970337731879e-01 -2.208825257024445501e-02 -9.424997554766223473e-02 3.413710999999999829e-01 2.330580331439115541e-02 9.996583034136961032e-01 1.183705824609845164e-02 -1.333258999999999972e-01 9.395631072052987309e-02 -1.397803685943424176e-02 9.954781896964611798e-01 3.043174299999999999e+00
9.949804843031434531e-01 -2.647248599093564650e-02 -9.650411048935590708e-02 3.308703000000000061e-01 2.823723256719943078e-02 9.994572438823202676e-01 1.696691922837117658e-02 -1.331836000000000131e-01 9.600257576142416649e-02 -1.960676252255572419e-02 9.951879623018740073e-01 3.157564900000000119e+00
9.948778264906443791e-01 -2.730315062035945303e-02 -9.732753116900280665e-02 3.254749000000000114e-01 2.954769910158290894e-02 9.993278977318261758e-01 2.169530577547055389e-02 -1.326861000000000013e-01 9.666976691320591786e-02 -2.445998326023169495e-02 9.950159121259597450e-01 3.214745800000000209e+00
9.948578312185992756e-01 -2.555250078519686815e-02 -9.800492521627429676e-02 3.197767000000000248e-01 2.803414984829579945e-02 9.993181251134453102e-01 2.402855097652745534e-02 -1.324981000000000075e-01 9.732410855131579108e-02 -2.665247687121772083e-02 9.948958052838100530e-01 3.271447699999999958e+00
9.947362989912982290e-01 -2.455362215744948465e-02 -9.948273773898558270e-02 3.140418999999999849e-01 2.666394700556344241e-02 9.994455813178134695e-01 1.993900484934995818e-02 -1.321942000000000117e-01 9.893800785936152087e-02 -2.248665433645260017e-02 9.948394950832891714e-01 3.327510600000000096e+00
9.946294767336110176e-01 -2.140759774224592835e-02 -1.012616352402502390e-01 3.022090000000000054e-01 2.228640828994573816e-02 9.997230793476606925e-01 7.555172080433802603e-03 -1.322660999999999976e-01 1.010718557173911764e-01 -9.771355000066034649e-03 9.948311417538685530e-01 3.437074700000000149e+00
9.946385017825675190e-01 -1.673171090159829635e-02 -1.020504807535697889e-01 2.957947000000000215e-01 1.767211622887598574e-02 9.998092360309877025e-01 8.317923726866674125e-03 -1.323783000000000043e-01 1.018918401037221255e-01 -1.007677515072209588e-02 9.947444453339959747e-01 3.491355200000000103e+00
9.945971763657189824e-01 -1.367309714876788727e-02 -1.029053117176138704e-01 2.897032999999999969e-01 1.482907584700366745e-02 9.998351544673544922e-01 1.047675525939745916e-02 -1.327589999999999881e-01 1.027450985442261294e-01 -1.194614187099145991e-02 9.946359808590957696e-01 3.545052300000000045e+00
9.945130082126660831e-01 -1.096129116239088000e-02 -1.040371404443949793e-01 2.837375999999999787e-01 1.228787690363646740e-02 9.998510615130612456e-01 1.211869928687673952e-02 -1.332274999999999987e-01 1.038888087187188475e-01 -1.333059965860354350e-02 9.944995779464903540e-01 3.597701100000000096e+00
9.942414183498420321e-01 -8.863272518548261786e-03 -1.067962753936503445e-01 2.722931000000000101e-01 1.027310106031896486e-02 9.998671079369869652e-01 1.265819340704221058e-02 -1.334843000000000002e-01 1.066698899985320664e-01 -1.368242909674889304e-02 9.942003448509326713e-01 3.700424200000000052e+00
9.940989819296144336e-01 -8.120199689501563303e-03 -1.081724386500867024e-01 2.665937999999999919e-01 9.604376471174748062e-03 9.998666627045214028e-01 1.320654249691538377e-02 -1.337909999999999933e-01 1.080507754673889348e-01 -1.416753927559425731e-02 9.940444209147649701e-01 3.750420099999999923e+00
9.939351024427544035e-01 -8.087933772235789479e-03 -1.096704037532790221e-01 2.610927000000000109e-01 9.639082872473935318e-03 9.998607692019803039e-01 1.362095048819920301e-02 -1.339926999999999924e-01 1.095449689099818602e-01 -1.459546292929149447e-02 9.938746763291591568e-01 3.799864799999999931e+00
9.937924071663265524e-01 -8.417870164038920508e-03 -1.109314694775993121e-01 2.554485000000000228e-01 1.010158781404922428e-02 9.998420253670693425e-01 1.462471310869918779e-02 -1.340127999999999875e-01 1.107908361832927874e-01 -1.565451282468058661e-02 9.937204470302645198e-01 3.848786099999999877e+00
9.935226140768016467e-01 -4.207911853806936553e-03 -1.135566325488260864e-01 2.441135000000000110e-01 6.676973712858599516e-03 9.997493086178609323e-01 2.137142812604532829e-02 -1.339839999999999920e-01 1.134382357939170138e-01 -2.199121178879229546e-02 9.933016426363262541e-01 3.943487600000000093e+00
9.933197029157996294e-01 -9.946579562924034740e-04 -1.153905475106937334e-01 2.384959000000000107e-01 3.671615054617147211e-03 9.997289786445975324e-01 2.298887776992927442e-02 -1.338544000000000123e-01 1.153364081379266576e-01 -2.325897490819455252e-02 9.930541440646938334e-01 3.989567000000000085e+00
9.931964655351385174e-01 1.880128549064933718e-03 -1.164355871937249320e-01 2.325280000000000125e-01 3.412229338024139408e-04 9.998183774072919583e-01 1.905507191168172645e-02 -1.340691999999999995e-01 1.164502658452009620e-01 -1.896516056586143237e-02 9.930154370750200465e-01 4.034100500000000089e+00
9.927631354361420302e-01 4.193225004511739150e-03 -1.200157230660290897e-01 2.108781999999999879e-01 -3.303123809252826466e-03 9.999655537062711597e-01 7.614510753238341173e-03 -1.340391999999999972e-01 1.200435183260678829e-01 -7.162978777853020243e-03 9.927427891669255988e-01 4.201520900000000225e+00
9.924703878384419919e-01 1.049541444616827702e-03 -1.224803156697783640e-01 2.014975999999999989e-01 -2.132673418899534170e-04 9.999765791588308694e-01 6.840734671304376027e-03 -1.354673999999999878e-01 1.224846267123078786e-01 -6.763105540972595003e-03 9.924473671800375651e-01 4.278109999999999857e+00
9.934553232901474074e-01 -3.511929551716854499e-03 -1.141673638886887276e-01 1.848025000000000084e-01 3.513347548728686185e-03 9.999938103539629530e-01 -1.887929135697005386e-04 -1.375414000000000081e-01 1.141673202605295867e-01 -2.135523030778646624e-04 9.934615127824245606e-01 4.418621100000000190e+00
9.945181711229700294e-01 -8.710206458198305537e-03 -1.042004779724086810e-01 1.787761999999999962e-01 9.540185176439295103e-03 9.999265933844194709e-01 7.469451748885139880e-03 -1.387644000000000100e-01 1.041277685011165327e-01 -8.422597347922781280e-03 9.945282638924308749e-01 4.484046000000000198e+00
9.963042943945199514e-01 -9.251886394947525169e-03 -8.539411905496095689e-02 1.737826000000000093e-01 1.024135153757884005e-02 9.998853199587205420e-01 1.115623815320024824e-02 -1.396094999999999975e-01 8.528110980587431944e-02 -1.198955917380511126e-02 9.962847899978681809e-01 4.546353800000000334e+00
9.999856781153823038e-01 -3.743431586889280419e-03 -3.824955434153005322e-03 1.711574999999999902e-01 3.796755572545799581e-03 9.998943628843800502e-01 1.403024301864336069e-02 -1.401654999999999984e-01 3.772030122005844231e-03 -1.404456449998105032e-02 9.998942554074228273e-01 4.661832300000000373e+00
9.982620547078989715e-01 -5.061405715779648817e-03 5.871330600931831678e-02 1.756773000000000085e-01 4.035492605508601491e-03 9.998373389165010616e-01 1.757869471265234920e-02 -1.400557000000000052e-01 -5.879272854524160430e-02 -1.731120679068964482e-02 9.981201015858038872e-01 4.715743999999999936e+00
9.726537785721101059e-01 -2.709305221165690322e-03 2.322440240234723563e-01 1.980918999999999874e-01 -1.515997756697450190e-03 9.998366040720940706e-01 1.801296500813691012e-02 -1.401264999999999872e-01 -2.322548789158116189e-01 -1.787245989787753994e-02 9.724907436047915965e-01 4.816006200000000348e+00
8.893733255384915770e-01 -1.216990506504196483e-03 4.571800594456316702e-01 2.414971999999999952e-01 -4.867553637210038364e-03 9.999145716829087593e-01 1.213079790343592722e-02 -1.407820999999999934e-01 -4.571557663884303624e-01 -1.301415653402865878e-02 8.892914241054586943e-01 4.902261700000000388e+00
7.826436728456106495e-01 -4.173934419497313426e-03 6.224559901119069982e-01 2.870059999999999834e-01 -3.655445842819674950e-03 9.999294568666323713e-01 1.130128338251320565e-02 -1.414078000000000002e-01 -6.224592509316758671e-01 -1.112023209575197479e-02 7.825732051173958093e-01 4.955470599999999948e+00
7.408553177653922628e-01 -4.269418175533180523e-03 6.716510777235319418e-01 3.043189000000000033e-01 -6.168882018267138334e-03 9.998943684242034280e-01 1.316042887629001283e-02 -1.412073000000000078e-01 -6.716363175360487991e-01 -1.389330997299112296e-02 7.407507225137279772e-01 4.971324000000000076e+00
6.510190517460807680e-01 -6.871904098142137506e-03 7.590302834523136033e-01 3.415869999999999740e-01 -4.338864614100879959e-03 9.999089936067583340e-01 1.277414412711135906e-02 -1.414305999999999897e-01 -7.590489895372328766e-01 -1.160954083440200908e-02 6.509299885887268600e-01 4.998459300000000383e+00
5.595681257458989810e-01 -7.481231171040369013e-03 8.287505920537174831e-01 3.813497000000000137e-01 -2.975980432296209278e-03 9.999346741242258751e-01 1.103589708835573356e-02 -1.419480999999999937e-01 -8.287790152927909659e-01 -8.641681794861603635e-03 5.595093074704547975e-01 5.020197399999999810e+00
4.677829058428853437e-01 -2.428244512800225002e-03 8.838400628110112400e-01 4.226064999999999960e-01 -9.720087055983999205e-03 9.999216179163785689e-01 7.891636783069441372e-03 -1.423191000000000039e-01 -8.837899484090154800e-01 -1.228257514033021837e-02 4.677226372959852885e-01 5.039579899999999668e+00
3.861908726192117003e-01 -1.264889011644467279e-02 9.223321611460991720e-01 4.666875999999999802e-01 1.073068874751850754e-02 9.998999206736730594e-01 9.219596291933626619e-03 -1.421797999999999951e-01 -9.223564724251765989e-01 6.336735405906177183e-03 3.862879541996875332e-01 5.053351400000000382e+00
3.508521914163657551e-01 -1.621791787680743752e-02 9.362904030898079322e-01 4.897619999999999751e-01 1.438619049686146005e-02 9.998253701785611014e-01 1.192755927636713481e-02 -1.420618999999999910e-01 -9.363203390407163207e-01 9.284841788871171786e-03 3.510242362168655150e-01 5.059732900000000200e+00
2.593798170707191098e-01 3.960240186860145700e-05 9.657753925877433643e-01 5.583126000000000477e-01 -6.151170161552200512e-03 9.999797836485497804e-01 1.611024470040420178e-03 -1.433891999999999944e-01 -9.657558043325463748e-01 -6.358516009982625658e-03 2.593748169582907881e-01 5.078747299999999854e+00
2.336847685447848155e-01 1.930569278055770934e-03 9.723104966277144046e-01 5.828729999999999745e-01 -5.362266064145358377e-03 9.999853802114473389e-01 -6.967539194685555895e-04 -1.439394999999999980e-01 -9.722976267855575339e-01 -5.050966801475433379e-03 2.336917043490048806e-01 5.083521799999999757e+00
2.103982318732981471e-01 2.952155299085253669e-03 9.776113076287935577e-01 6.080543000000000475e-01 1.572083839807484999e-03 9.999931258961392011e-01 -3.358081724604739231e-03 -1.443152000000000046e-01 -9.776145010058874263e-01 2.243421395679163263e-03 2.103921445383618583e-01 5.087288400000000266e+00
1.901978767140073689e-01 9.007110578641824156e-03 9.817044563678555269e-01 6.334457000000000004e-01 8.705957877156215996e-03 9.999031200016850196e-01 -1.086079685553106161e-02 -1.439488999999999908e-01 -9.817071732400267647e-01 1.061237814629927001e-02 1.901010348187393006e-01 5.090578100000000106e+00
1.529653870343941069e-01 1.660392188522065438e-02 9.880920504423902351e-01 6.875166999999999806e-01 6.520667415586934614e-03 9.998201180697766643e-01 -1.781045758517265862e-02 -1.442461999999999911e-01 -9.882100339836026315e-01 9.167403174695769319e-03 1.528296026729091261e-01 5.098327199999999948e+00
1.375138695753964357e-01 1.215815935804220350e-02 9.904252192040676750e-01 7.159898000000000096e-01 4.500390441993283933e-03 9.999066716317190906e-01 -1.289939968553475980e-02 -1.452605999999999897e-01 -9.904896173914548019e-01 6.231146555972626351e-03 1.374463191661657868e-01 5.101920100000000069e+00
1.236219520193598126e-01 8.879201815712896295e-03 9.922896617188143864e-01 7.448580000000000201e-01 4.657288376346243111e-03 9.999437627266472006e-01 -9.527908954969381214e-03 -1.461832000000000131e-01 -9.923184582803561415e-01 5.799237811167632685e-03 1.235736468544441635e-01 5.104141199999999934e+00
6.358839316503447914e-02 8.183811433079220959e-03 9.979426544071139382e-01 9.844471999999999667e-01 1.857049570956502069e-02 9.997835319799996956e-01 -9.382210331147965154e-03 -1.493932000000000038e-01 -9.978034139768161559e-01 1.912888946135332321e-02 6.342265087636511645e-02 5.120151500000000411e+00
5.942617106922084419e-02 8.193544256150705335e-03 9.981990763492890606e-01 1.023472500000000007e+00 2.119758770561051137e-02 9.997304725587282670e-01 -9.468078631114380805e-03 -1.497555999999999887e-01 -9.980076114276456023e-01 2.172206412900289790e-02 5.923647071239845907e-02 5.121768000000000320e+00
5.661192472566509842e-02 8.075191894740724879e-03 9.983636017277064401e-01 1.063116299999999903e+00 2.303129760328888331e-02 9.996906278357933218e-01 -9.391908644479002310e-03 -1.502659000000000078e-01 -9.981305772841366775e-01 2.352530325289375196e-02 5.640842842426141424e-02 5.123503699999999661e+00
5.068828607649855655e-02 7.157855842328617740e-03 9.986888718486691685e-01 1.147423000000000082e+00 2.568806565723533511e-02 9.996341376090069897e-01 -8.468424262309311862e-03 -1.511298000000000086e-01 -9.983841049102378795e-01 2.608363522282399274e-02 5.048586966811652310e-02 5.128004599999999691e+00
5.116886389756584996e-02 6.236370949371695602e-03 9.986705437955074594e-01 1.236269400000000074e+00 3.373543065336664232e-02 9.993990239321111080e-01 -7.969421696429074969e-03 -1.522316999999999976e-01 -9.981200669689316296e-01 3.409836712990017837e-02 5.092772597525119238e-02 5.131002399999999852e+00
5.389257603348496239e-02 6.238230067569617426e-03 9.985272528750023247e-01 1.282178199999999935e+00 3.539607971103961304e-02 9.993400995614299953e-01 -8.153707723534528787e-03 -1.526817000000000035e-01 -9.979191890075892468e-01 3.578337454985439092e-02 5.363620341019725846e-02 5.132983699999999594e+00
5.769304354436972232e-02 6.206764529039308920e-03 9.983150749140613511e-01 1.328503400000000001e+00 3.780777206348674008e-02 9.992497457211058087e-01 -8.397502479955349167e-03 -1.531974999999999865e-01 -9.976182060779476002e-01 3.822854627613354872e-02 5.741509515302245514e-02 5.135551000000000421e+00
7.004415732417476614e-02 2.592302947778984956e-03 9.975405234827169343e-01 1.473392999999999953e+00 3.965076087954113454e-02 9.991991115547692592e-01 -5.380764800042105167e-03 -1.548258000000000134e-01 -9.967555533762625375e-01 3.993013190044403249e-02 6.988527298360824869e-02 5.145173999999999914e+00
7.420880656599709857e-02 5.331450539001955646e-04 9.972425827171652601e-01 1.523513099999999953e+00 3.671556707077983789e-02 9.993204179408279320e-01 -3.266408002682418682e-03 -1.555170999999999915e-01 -9.965666160185789879e-01 3.685672317122647146e-02 7.413880086943736014e-02 5.149236199999999819e+00
8.253619596792988178e-02 5.299066664443130570e-04 9.965879266547776894e-01 1.625582800000000105e+00 3.332279845638359828e-02 9.994392223951528154e-01 -3.291176265057456710e-03 -1.566771999999999887e-01 -9.960308064804919148e-01 3.348073979316013721e-02 8.247225354459519764e-02 5.157967600000000097e+00
8.770586956223921926e-02 1.059290965537794046e-02 9.960900916630809343e-01 1.883470500000000047e+00 1.771992530239650809e-02 9.997686496248356924e-01 -1.219227110140506595e-02 -1.623660000000000103e-01 -9.959887974729483284e-01 1.871997575761437382e-02 8.749787320858359863e-02 5.181878099999999598e+00
8.727334797791651277e-02 9.356732619392460482e-03 9.961404591157887456e-01 1.989176199999999950e+00 1.610204465405207230e-02 9.998120034162102376e-01 -1.080194347434177728e-02 -1.646102000000000121e-01 -9.960542590093595106e-01 1.698261992606438231e-02 8.710627836018725034e-02 5.193257299999999965e+00
8.747914072406265396e-02 1.018064645738041979e-02 9.961143279643605020e-01 2.093563599999999969e+00 1.167243792202206712e-02 9.998686536346810261e-01 -1.124409497144170621e-02 -1.673971999999999960e-01 -9.960979641235776505e-01 1.261070642272220203e-02 8.734881769310753885e-02 5.203446399999999805e+00
8.344404913589727191e-02 1.146794856623259938e-02 9.964464746384967819e-01 2.197316400000000058e+00 5.722219471393749299e-03 9.999117799081207458e-01 -1.198701819867156911e-02 -1.701507999999999909e-01 -9.964960345471162162e-01 6.702130754940910720e-03 8.337106557563311870e-02 5.213505699999999798e+00
7.446608114341797535e-02 7.779628605915866330e-03 9.971932010086591580e-01 2.300667300000000193e+00 9.593377614982158234e-04 9.999685479082404127e-01 -7.872919747119892786e-03 -1.726938000000000084e-01 -9.972230855882756595e-01 1.542910573961535619e-03 7.445627573790880582e-02 5.222627199999999803e+00
6.823562132924429480e-02 5.761500394078022079e-03 9.976525973980225892e-01 2.352067499999999978e+00 -1.568452778753429491e-03 9.999827085259128667e-01 -5.667680747894218371e-03 -1.739388000000000045e-01 -9.976680008588492132e-01 -1.178033271291147304e-03 6.824347807606911953e-02 5.226530099999999734e+00
6.078907228592154988e-02 5.844280473864532990e-03 9.981335246731070088e-01 2.402646999999999977e+00 -2.148744968221701773e-03 9.999813078387366216e-01 -5.724235162129656315e-03 -1.752402000000000126e-01 -9.981483214360872269e-01 -1.796763443702416221e-03 6.080049387504038449e-02 5.229661499999999741e+00
5.211388103973763064e-02 6.896042725250612834e-03 9.986173381219191070e-01 2.453664100000000126e+00 -2.348288662320209119e-03 9.999742388092306422e-01 -6.782865047909205150e-03 -1.762094999999999911e-01 -9.986383874773362423e-01 -1.991560350892755682e-03 5.212873242305304800e-02 5.232368899999999989e+00
4.234051074934044867e-02 7.443505413004825218e-03 9.990755103477674259e-01 2.504065499999999833e+00 -2.257350483179887575e-03 9.999704073604206434e-01 -7.354506933190833873e-03 -1.771541000000000088e-01 -9.991006883784444570e-01 -1.943870006155857828e-03 4.235606038240680160e-02 5.234307300000000218e+00
3.191698153414318506e-02 6.246833173994570734e-03 9.994710017629552246e-01 2.553664400000000168e+00 -1.097067514649854598e-03 9.999800850262356988e-01 -6.214981399072387613e-03 -1.783202999999999872e-01 -9.994899212761564344e-01 -8.981237213194497200e-04 3.192319910603791389e-02 5.235960999999999643e+00
2.140392981180596135e-02 5.387384260891448472e-03 9.997563942678420190e-01 2.603665799999999919e+00 -1.958186378275913846e-03 9.999837890932524731e-01 -5.346686526194362188e-03 -1.794275999999999927e-01 -9.997689919650034618e-01 -1.843269249717139572e-03 2.141413233716993325e-02 5.236902200000000285e+00
1.035971383905906137e-02 4.654007428364593732e-03 9.999355061922892141e-01 2.653054700000000210e+00 -6.064591236560625508e-04 9.999890142153164962e-01 -4.647973322962643296e-03 -1.803955999999999893e-01 -9.999461528184927506e-01 -5.582683372404827205e-04 1.036242249473995347e-02 5.237257999999999747e+00
-7.422885439456994826e-04 4.985949325170036667e-03 9.999872945778082167e-01 2.702123400000000064e+00 -7.236430848647891836e-04 9.999873055657679810e-01 -4.986486538752773340e-03 -1.814581999999999862e-01 -9.999994626740572601e-01 -7.273353025061351194e-04 -7.386710732619761188e-04 5.237307999999999630e+00
-1.179692928352238379e-02 5.600795182978233686e-03 9.999147281407539944e-01 2.751039500000000082e+00 -5.556711891137500366e-04 9.999841221167183880e-01 -5.607739650315050547e-03 -1.824987999999999888e-01 -9.999302594126299182e-01 -6.217779140934957816e-04 -1.179362977273679114e-02 5.236677199999999921e+00
-2.243983150888924014e-02 6.585979754813383290e-03 9.997265020156873572e-01 2.799255399999999838e+00 -1.273311056327604100e-03 9.999773019468135571e-01 -6.616212672286675769e-03 -1.835219999999999907e-01 -9.997473844130859710e-01 -1.421429505913384198e-03 -2.243093616756164366e-02 5.235576199999999680e+00
-3.251043008859651889e-02 7.920433882956766022e-03 9.994400125383012812e-01 2.847237100000000076e+00 -1.080043016756528605e-04 9.999685660045779523e-01 -7.928135835035505369e-03 -1.843496000000000024e-01 -9.994713904212190192e-01 -3.656909264187261331e-04 -3.250855271495545207e-02 5.233620199999999834e+00
-5.158392729142260297e-02 8.818558224681399133e-03 9.986297269138501020e-01 2.941672800000000088e+00 9.501172657212170539e-04 9.999609928236565803e-01 -8.781236149230759250e-03 -1.867950999999999917e-01 -9.986682110302572690e-01 4.958446985525808565e-04 -5.159029381250224144e-02 5.228861300000000156e+00
-6.984701878654961393e-02 8.738821001986071813e-03 9.975194368903932407e-01 3.034291300000000025e+00 2.360908541061381566e-03 9.999602761855412858e-01 -8.594891610521293579e-03 -1.887218999999999980e-01 -9.975549208326790485e-01 1.754724602640833110e-03 -6.986487575367728020e-02 5.222595199999999771e+00
-8.257091707247411760e-02 5.865340239576398787e-03 9.965679311706174826e-01 3.124523200000000056e+00 6.974167764865830260e-03 9.999615951507720979e-01 -5.307467146462916188e-03 -1.908231999999999984e-01 -9.965607882300999698e-01 6.511989511453680768e-03 -8.260865181568222138e-02 5.214989199999999769e+00
-8.878395915945641592e-02 3.260475258092727403e-03 9.960455701909742832e-01 3.211947700000000072e+00 1.126372317954605837e-02 9.999339874672192874e-01 -2.269195461281225783e-03 -1.926441000000000126e-01 -9.959872173557782205e-01 1.101771341968503515e-02 -8.881482339618296251e-02 5.205941700000000338e+00
-9.037429096497018310e-02 2.375083803413406171e-03 9.959050389015541294e-01 3.254545699999999986e+00 1.170366531452236500e-02 9.999306350353077688e-01 -1.322624698004141140e-03 -1.934542999999999957e-01 -9.958390993281921455e-01 1.153620799105527922e-02 -9.039581934139739872e-02 5.201816100000000276e+00
-4.906447009321403957e-02 6.140672988649330602e-03 9.987767367683924036e-01 3.519168099999999910e+00 1.190803987705958515e-02 9.999136238274959343e-01 -5.562685543097047741e-03 -2.005388999999999922e-01 -9.987246248895431666e-01 1.162054299125022186e-02 -4.913335547090225131e-02 5.180863900000000299e+00
7.606154054981631440e-02 1.434027569714881045e-02 9.969999992688656221e-01 3.686681300000000050e+00 6.001921622661109644e-03 9.998718752930706444e-01 -1.483947218581377174e-02 -2.047652000000000083e-01 -9.970850610584955920e-01 7.112628968804058857e-03 7.596572597644313252e-02 5.190100700000000344e+00
4.109847658405303417e-01 -1.443289464983729849e-03 9.116410692605533272e-01 3.891862399999999944e+00 -2.633478727963600718e-04 9.999985170959864167e-01 1.701897096209438812e-03 -2.114727999999999886e-01 -9.116421737145022908e-01 -9.395325159138809279e-04 4.109837763023611590e-01 5.260939600000000382e+00
4.694941703187846538e-01 1.732998985017838263e-03 8.829338711088129399e-01 3.928300899999999984e+00 1.881461192307600687e-03 9.999938397097377640e-01 -2.963215543452720271e-03 -2.092151999999999901e-01 -8.829335672294137405e-01 3.052418236914214260e-03 4.694880175280824464e-01 5.301106899999999733e+00
5.276391290218132024e-01 4.152819801595752751e-03 8.494584766854692548e-01 3.954112999999999989e+00 4.547848006485172810e-03 9.999599088950545944e-01 -7.713473997096645905e-03 -2.094187000000000132e-01 -8.494564536240879482e-01 7.933138741346421052e-03 5.275990889928623417e-01 5.324019400000000068e+00
7.829755456665462576e-01 6.322602451255225978e-03 6.220203530322923058e-01 4.046459200000000145e+00 1.579049383930645860e-04 9.999462918445403137e-01 -1.036284190672933855e-02 -2.128608999999999918e-01 -6.220524655961139349e-01 8.212071882102350839e-03 7.829324951240678176e-01 5.425947200000000414e+00
8.227385556250073062e-01 1.406085811010803280e-03 5.684182368738435187e-01 4.060442000000000107e+00 9.883289924012112447e-04 9.999918902341173865e-01 -3.904186445318246716e-03 -2.132745000000000057e-01 -5.684191167561833957e-01 3.773908940223864774e-03 8.227304937325656820e-01 5.451735499999999845e+00
8.584084615442818533e-01 -1.469759647830037614e-03 5.129646702802804770e-01 4.085210299999999961e+00 4.111032505267807552e-04 9.999975452462038783e-01 2.177267940307018104e-03 -2.116745999999999905e-01 -5.129666111388700989e-01 -1.658103779651012768e-03 8.584069585858209450e-01 5.494009499999999768e+00
9.468231993210382003e-01 3.539630553178299815e-03 3.217348290798195398e-01 4.128693099999999561e+00 -1.029512414529741918e-02 9.997607677987704333e-01 1.929812398255421543e-02 -2.173354000000000119e-01 -3.215895515191788956e-01 -2.158421149729882263e-02 9.466331296588628152e-01 5.609208599999999656e+00
9.723403855666150619e-01 4.151343805616767788e-03 2.335314559984883187e-01 4.148905300000000018e+00 -8.420283677004045467e-03 9.998151308478712140e-01 1.728591769195020680e-02 -2.163535000000000041e-01 -2.334165234488876084e-01 -1.877419698047469790e-02 9.721955853164389039e-01 5.701407399999999903e+00
9.759562905803501609e-01 1.162827517580275905e-03 2.179632232942234904e-01 4.155313999999999730e+00 -5.156176558386129163e-03 9.998291018639701155e-01 1.775333515669033982e-02 -2.163472999999999924e-01 -2.179053297189903760e-01 -1.845033598749317924e-02 9.757954972134308402e-01 5.733396100000000217e+00
9.786796310919888553e-01 5.633174493947857783e-03 2.053154817123378773e-01 4.160992099999999638e+00 -9.356465157588901571e-03 9.998088375520063353e-01 1.716813655178305725e-02 -2.160504000000000036e-01 -2.051795219933106318e-01 -1.872313269799100177e-02 9.785452508987870779e-01 5.765945399999999665e+00
9.816579260423131670e-01 1.869657238507436980e-02 1.897317960157290651e-01 4.172054799999999730e+00 -2.213242067263099938e-02 9.996269104923555249e-01 1.600611678946325597e-02 -2.149919000000000135e-01 -1.893617495522108840e-01 -1.991175533592947841e-02 9.817054801751734505e-01 5.833235700000000357e+00
9.817391733458668002e-01 2.440149400695988333e-02 1.886604426168941584e-01 4.191178299999999801e+00 -2.613447147286731068e-02 9.996359621782724414e-01 6.703172439477548400e-03 -2.154176999999999897e-01 -1.884281956582082029e-01 -1.151130792515722701e-02 9.820195033047175448e-01 5.939051199999999753e+00
9.809249227388571191e-01 2.303717719465062791e-02 1.930170573205110818e-01 4.198260799999999904e+00 -2.354026721818276713e-02 9.997228404706377525e-01 3.131463178722660931e-04 -2.153191000000000133e-01 -1.929563467965325352e-01 -4.850846134656940783e-03 9.811953513560457418e-01 5.975780000000000314e+00
9.776997204867864388e-01 3.158758006102194843e-02 2.076185958577605184e-01 4.220564399999999772e+00 -3.232618854225161736e-02 9.994773585956411299e-01 1.648909058582794483e-04 -2.155818999999999930e-01 -2.075048772785602902e-01 -6.872731667143961581e-03 9.782098402004760773e-01 6.091288999999999731e+00
