9.999910e-01 1.048972e-03 -4.131348e-03 -9.374345e-02 -1.058514e-03 9.999968e-01 -2.308104e-03 -5.676064e-02 4.128913e-03 2.312456e-03 9.999887e-01 1.716275e+00
9.999796e-01 1.566466e-03 -6.198571e-03 -1.406429e-01 -1.587952e-03 9.999927e-01 -3.462706e-03 -8.515762e-02 6.193102e-03 3.472479e-03 9.999747e-01 2.574964e+00
9.999637e-01 2.078471e-03 -8.263498e-03 -1.874858e-01 -2.116664e-03 9.999871e-01 -4.615826e-03 -1.135202e-01 8.253797e-03 4.633149e-03 9.999551e-01 3.432648e+00
9.998890e-01 3.586305e-03 -1.446384e-02 -3.281178e-01 -3.703403e-03 9.999605e-01 -8.077186e-03 -1.986703e-01 1.443430e-02 8.129853e-03 9.998627e-01 6.007777e+00
9.998551e-01 4.078705e-03 -1.652913e-02 -3.749547e-01 -4.231669e-03 9.999484e-01 -9.229794e-03 -2.270290e-01 1.649063e-02 9.298401e-03 9.998207e-01 6.865477e+00
9.998167e-01 4.566671e-03 -1.859652e-02 -4.218367e-01 -4.760342e-03 9.999347e-01 -1.038342e-02 -2.554151e-01 1.854788e-02 1.047004e-02 9.997731e-01 7.724036e+00
9.997738e-01 5.049868e-03 -2.066463e-02 -4.687329e-01 -5.289072e-03 9.999194e-01 -1.153730e-02 -2.838096e-01 2.060470e-02 1.164399e-02 9.997198e-01 8.582886e+00
9.997264e-01 5.527315e-03 -2.272922e-02 -5.155474e-01 -5.816781e-03 9.999025e-01 -1.268908e-02 -3.121547e-01 2.265686e-02 1.281782e-02 9.996611e-01 9.440275e+00
9.996745e-01 6.000540e-03 -2.479692e-02 -5.624310e-01 -6.345160e-03 9.998840e-01 -1.384246e-02 -3.405416e-01 2.471098e-02 1.399530e-02 9.995966e-01 1.029896e+01
9.995562e-01 7.058450e-03 -2.894213e-02 -6.562052e-01 -7.530449e-03 9.998399e-01 -1.623192e-02 -3.973964e-01 2.882292e-02 1.644266e-02 9.994492e-01 1.201541e+01
9.995095e-01 5.595311e-03 -3.081450e-02 -7.018788e-01 -6.093682e-03 9.998517e-01 -1.610315e-02 -4.239119e-01 3.071983e-02 1.628303e-02 9.993953e-01 1.286965e+01
9.994226e-01 7.842768e-03 -3.306167e-02 -7.498241e-01 -8.456089e-03 9.997940e-01 -1.845198e-02 -4.540039e-01 3.291014e-02 1.872089e-02 9.992829e-01 1.373146e+01
9.992482e-01 1.235688e-02 -3.674849e-02 -8.546642e-01 -1.320676e-02 9.996488e-01 -2.297477e-02 -5.155070e-01 3.645169e-02 2.344282e-02 9.990604e-01 1.547957e+01
9.991241e-01 1.328777e-02 -3.967996e-02 -9.609163e-01 -1.412604e-02 9.996813e-01 -2.092052e-02 -5.783595e-01 3.938933e-02 2.146271e-02 9.989934e-01 1.726896e+01
9.990604e-01 1.351433e-02 -4.118029e-02 -1.011589e+00 -1.432436e-02 9.997084e-01 -1.943894e-02 -6.092403e-01 4.090558e-02 2.001055e-02 9.989626e-01 1.817318e+01
9.990174e-01 1.304822e-02 -4.235654e-02 -1.066256e+00 -1.386115e-02 9.997242e-01 -1.895579e-02 -6.387363e-01 4.209752e-02 1.952427e-02 9.989227e-01 1.908411e+01
9.989383e-01 1.325999e-02 -4.411963e-02 -1.118651e+00 -1.413494e-02 9.997084e-01 -1.957870e-02 -6.686219e-01 4.384715e-02 2.018154e-02 9.988343e-01 1.999722e+01
9.989120e-01 1.152857e-02 -4.518863e-02 -1.171840e+00 -1.247777e-02 9.997062e-01 -2.077977e-02 -6.990778e-01 4.493579e-02 2.132101e-02 9.987623e-01 2.091368e+01
9.988800e-01 1.128892e-02 -4.595003e-02 -1.224279e+00 -1.218132e-02 9.997417e-01 -1.918760e-02 -7.287421e-01 4.572155e-02 1.972584e-02 9.987594e-01 2.184042e+01
9.988876e-01 1.379030e-02 -4.509495e-02 -1.334841e+00 -1.432558e-02 9.998304e-01 -1.156850e-02 -7.929673e-01 4.492776e-02 1.220164e-02 9.989157e-01 2.370953e+01
9.989649e-01 1.285173e-02 -4.363580e-02 -1.385747e+00 -1.325687e-02 9.998715e-01 -9.007757e-03 -8.209244e-01 4.351442e-02 9.576906e-03 9.990068e-01 2.465175e+01
9.990298e-01 1.265253e-02 -4.218321e-02 -1.436633e+00 -1.299403e-02 9.998849e-01 -7.831284e-03 -8.456208e-01 4.207926e-02 8.371815e-03 9.990791e-01 2.559694e+01
9.990746e-01 1.289592e-02 -4.103309e-02 -1.487044e+00 -1.333334e-02 9.998570e-01 -1.040438e-02 -8.702127e-01 4.089305e-02 1.094186e-02 9.991036e-01 2.654471e+01
9.990967e-01 1.391010e-02 -4.015465e-02 -1.538025e+00 -1.454998e-02 9.997711e-01 -1.568743e-02 -8.971121e-01 3.992724e-02 1.625751e-02 9.990703e-01 2.749627e+01
9.991533e-01 1.320645e-02 -3.896502e-02 -1.586551e+00 -1.396325e-02 9.997178e-01 -1.921474e-02 -9.254151e-01 3.870026e-02 1.974255e-02 9.990558e-01 2.845466e+01
9.992105e-01 1.079096e-02 -3.823584e-02 -1.633363e+00 -1.148611e-02 9.997718e-01 -1.800793e-02 -9.555630e-01 3.803279e-02 1.843289e-02 9.991064e-01 2.942293e+01
9.992215e-01 9.086312e-03 -3.839229e-02 -1.680971e+00 -9.596057e-03 9.998679e-01 -1.311391e-02 -9.838377e-01 3.826806e-02 1.347211e-02 9.991766e-01 3.039839e+01
9.992105e-01 5.838117e-03 -3.929763e-02 -1.728893e+00 -6.198498e-03 9.999398e-01 -9.054940e-03 -1.011772e+00 3.924239e-02 9.291377e-03 9.991865e-01 3.137765e+01
9.991830e-01 -1.840283e-03 -4.037463e-02 -1.768976e+00 1.460769e-03 9.999545e-01 -9.427292e-03 -1.036363e+00 4.039014e-02 9.360611e-03 9.991401e-01 3.235714e+01
9.991063e-01 -4.894794e-03 -4.198475e-02 -1.815834e+00 4.337365e-03 9.999014e-01 -1.335777e-02 -1.059789e+00 4.204599e-02 1.316373e-02 9.990289e-01 3.333631e+01
9.990442e-01 -4.076714e-03 -4.352240e-02 -1.870663e+00 3.306848e-03 9.998370e-01 -1.774634e-02 -1.088016e+00 4.358766e-02 1.758545e-02 9.988948e-01 3.432021e+01
9.989620e-01 -3.501086e-03 -4.541814e-02 -1.929780e+00 2.639355e-03 9.998156e-01 -1.901940e-02 -1.129880e+00 4.547635e-02 1.887978e-02 9.987869e-01 3.533097e+01
9.989126e-01 -3.564847e-03 -4.648700e-02 -1.993748e+00 2.782576e-03 9.998536e-01 -1.688161e-02 -1.194548e+00 4.654037e-02 1.673390e-02 9.987762e-01 3.638751e+01
9.988085e-01 2.160348e-06 -4.880145e-02 -2.126953e+00 -6.257569e-04 9.999183e-01 -1.276297e-02 -1.305052e+00 4.879743e-02 1.277830e-02 9.987269e-01 3.847151e+01
9.987592e-01 8.809214e-04 -4.979299e-02 -2.190967e+00 -1.403287e-03 9.999443e-01 -1.045676e-02 -1.349142e+00 4.978101e-02 1.051366e-02 9.987048e-01 3.950365e+01
9.987569e-01 4.894213e-04 -4.984526e-02 -2.256115e+00 -8.210333e-04 9.999776e-01 -6.632571e-03 -1.393047e+00 4.984090e-02 6.665250e-03 9.987349e-01 4.053855e+01
9.987083e-01 6.676282e-03 -5.037160e-02 -2.465214e+00 -7.006772e-03 9.999550e-01 -6.387280e-03 -1.489501e+00 5.032669e-02 6.731971e-03 9.987101e-01 4.359302e+01
9.987013e-01 8.983148e-03 -5.015069e-02 -2.535885e+00 -9.456170e-03 9.999129e-01 -9.202712e-03 -1.522850e+00 5.006365e-02 9.664992e-03 9.986992e-01 4.459790e+01
9.986535e-01 8.808468e-03 -5.112439e-02 -2.600016e+00 -9.296065e-03 9.999135e-01 -9.307503e-03 -1.559885e+00 5.103798e-02 9.770225e-03 9.986489e-01 4.559882e+01
9.986012e-01 6.863746e-03 -5.242779e-02 -2.661881e+00 -7.280160e-03 9.999434e-01 -7.755765e-03 -1.593756e+00 5.237159e-02 8.126598e-03 9.985945e-01 4.659803e+01
9.985540e-01 7.061951e-03 -5.329345e-02 -2.728914e+00 -7.431486e-03 9.999497e-01 -6.738977e-03 -1.629817e+00 5.324317e-02 7.125281e-03 9.985561e-01 4.759275e+01
9.984686e-01 1.023790e-02 -5.436634e-02 -2.871336e+00 -1.103255e-02 9.998363e-01 -1.433651e-02 -1.697621e+00 5.421067e-02 1.491435e-02 9.984181e-01 4.955600e+01
9.984274e-01 1.026893e-02 -5.511221e-02 -3.002463e+00 -1.093885e-02 9.998697e-01 -1.186763e-02 -1.766742e+00 5.498316e-02 1.245183e-02 9.984096e-01 5.151845e+01
9.984285e-01 6.348755e-03 -5.568046e-02 -3.130185e+00 -6.799312e-03 9.999456e-01 -7.906116e-03 -1.830051e+00 5.562724e-02 8.272279e-03 9.984173e-01 5.346498e+01
9.984326e-01 3.282949e-03 -5.587138e-02 -3.191520e+00 -3.779690e-03 9.999542e-01 -8.787440e-03 -1.858398e+00 5.583997e-02 8.984842e-03 9.983992e-01 5.442804e+01
9.984068e-01 -1.460363e-04 -5.642638e-02 -3.248811e+00 -4.508913e-04 9.999441e-01 -1.056600e-02 -1.886487e+00 5.642476e-02 1.057461e-02 9.983508e-01 5.539178e+01
9.982641e-01 -4.382863e-03 -5.873397e-02 -3.371514e+00 4.075329e-03 9.999773e-01 -5.354817e-03 -1.938229e+00 5.875611e-02 5.106161e-03 9.982593e-01 5.731251e+01
9.982268e-01 -5.964740e-03 -5.922694e-02 -3.438994e+00 5.986946e-03 9.999820e-01 1.974663e-04 -1.956763e+00 5.922470e-02 -5.517038e-04 9.982445e-01 5.827400e+01
9.982022e-01 -4.407760e-03 -5.977459e-02 -3.511313e+00 4.547914e-03 9.999872e-01 2.208854e-03 -1.975962e+00 5.976408e-02 -2.476732e-03 9.982094e-01 5.922540e+01
9.980242e-01 -1.762043e-03 -6.280674e-02 -3.641784e+00 1.227247e-03 9.999627e-01 -8.552514e-03 -2.021539e+00 6.281946e-02 8.458535e-03 9.979890e-01 6.109125e+01
9.978643e-01 4.204986e-03 -6.518610e-02 -3.776035e+00 -5.092497e-03 9.998965e-01 -1.345487e-02 -2.078109e+00 6.512277e-02 1.375809e-02 9.977824e-01 6.291678e+01
9.977905e-01 7.492613e-03 -6.601519e-02 -3.843940e+00 -8.206300e-03 9.999107e-01 -1.054641e-02 -2.112094e+00 6.593028e-02 1.106485e-02 9.977628e-01 6.381519e+01
9.976764e-01 1.025448e-02 -6.735521e-02 -3.912602e+00 -1.087073e-02 9.999023e-01 -8.789172e-03 -2.145353e+00 6.725849e-02 9.500949e-03 9.976903e-01 6.469786e+01
9.975909e-01 1.034502e-02 -6.859620e-02 -3.978228e+00 -1.103350e-02 9.998924e-01 -9.665437e-03 -2.173835e+00 6.848883e-02 1.039901e-02 9.975976e-01 6.556672e+01
9.973396e-01 1.318380e-02 -7.169363e-02 -4.114442e+00 -1.380046e-02 9.998718e-01 -8.112825e-03 -2.230822e+00 7.157748e-02 9.080646e-03 9.973937e-01 6.726455e+01
9.972258e-01 1.296774e-02 -7.329823e-02 -4.179994e+00 -1.352350e-02 9.998834e-01 -7.090915e-03 -2.258366e+00 7.319772e-02 8.062491e-03 9.972848e-01 6.809328e+01
9.971241e-01 1.256612e-02 -7.473754e-02 -4.244856e+00 -1.307757e-02 9.998942e-01 -6.357728e-03 -2.283310e+00 7.464974e-02 7.316829e-03 9.971829e-01 6.890994e+01
9.968772e-01 1.677181e-02 -7.716622e-02 -4.381935e+00 -1.677976e-02 9.998590e-01 5.454462e-04 -2.329476e+00 7.716449e-02 7.510882e-04 9.970180e-01 7.050799e+01
9.964961e-01 2.232345e-02 -8.060564e-02 -4.514875e+00 -2.246983e-02 9.997471e-01 -9.091952e-04 -2.382091e+00 8.056495e-02 2.717205e-03 9.967456e-01 7.203735e+01
9.963707e-01 2.284027e-02 -8.199948e-02 -4.580210e+00 -2.361073e-02 9.996856e-01 -8.438421e-03 -2.409731e+00 8.178096e-02 1.034386e-02 9.965966e-01 7.276791e+01
9.959529e-01 2.606958e-02 -8.601342e-02 -4.837515e+00 -2.697536e-02 9.995920e-01 -9.385091e-03 -2.525955e+00 8.573366e-02 1.166735e-02 9.962497e-01 7.550744e+01
9.960426e-01 1.503549e-02 -8.759638e-02 -4.937677e+00 -1.662384e-02 9.997098e-01 -1.743140e-02 -2.585469e+00 8.730887e-02 1.881860e-02 9.960035e-01 7.675010e+01
9.963973e-01 1.211154e-02 -8.393973e-02 -5.039038e+00 -1.414999e-02 9.996182e-01 -2.373245e-02 -2.646048e+00 8.362024e-02 2.483469e-02 9.961881e-01 7.792534e+01
9.980240e-01 7.887781e-03 -6.233726e-02 -5.183357e+00 -8.483336e-03 9.999208e-01 -9.294846e-03 -2.756800e+00 6.225900e-02 9.805306e-03 9.980118e-01 8.012304e+01
9.982814e-01 1.472502e-02 5.672377e-02 -5.163543e+00 -1.430176e-02 9.998668e-01 -7.860647e-03 -2.878004e+00 -5.683196e-02 7.035887e-03 9.983589e-01 8.300846e+01
9.959138e-01 1.420072e-02 8.918593e-02 -5.105620e+00 -1.367050e-02 9.998851e-01 -6.553178e-03 -2.895751e+00 -8.926873e-02 5.307184e-03 9.959934e-01 8.345454e+01
9.859899e-01 1.389745e-02 1.662252e-01 -4.934649e+00 -1.302694e-02 9.998951e-01 -6.326123e-03 -2.926167e+00 -1.662957e-01 4.072087e-03 9.860675e-01 8.431338e+01
8.470020e-01 1.463490e-02 5.313884e-01 -3.656380e+00 -4.922887e-03 9.997940e-01 -1.968841e-02 -3.030941e+00 -5.315670e-01 1.406015e-02 8.468995e-01 8.681210e+01
7.722941e-01 1.213857e-02 6.351492e-01 -3.115393e+00 -7.665609e-05 9.998192e-01 -1.901471e-02 -3.063358e+00 -6.352652e-01 1.463625e-02 7.721553e-01 8.734503e+01
7.306835e-01 1.139090e-02 6.826214e-01 -2.817803e+00 -2.276654e-04 9.998648e-01 -1.644104e-02 -3.074584e+00 -6.827163e-01 1.185778e-02 7.305872e-01 8.759401e+01
5.045001e-01 9.750747e-03 8.633566e-01 -1.165582e+00 8.934955e-03 9.998237e-01 -1.651313e-02 -3.127427e+00 -8.633654e-01 1.604492e-02 5.043240e-01 8.850204e+01
4.602983e-01 1.148164e-02 8.876901e-01 -8.110714e-01 8.704640e-03 9.998099e-01 -1.744550e-02 -3.138031e+00 -8.877216e-01 1.575715e-02 4.601108e-01 8.864159e+01
4.188673e-01 9.627242e-03 9.079964e-01 -4.500223e-01 1.561927e-02 9.997194e-01 -1.780508e-02 -3.146259e+00 -9.079131e-01 2.164020e-02 4.185994e-01 8.874795e+01
3.461082e-01 -2.337058e-03 9.381917e-01 3.020916e-01 3.764494e-02 9.992261e-01 -1.139850e-02 -3.156586e+00 -9.374390e-01 3.926327e-02 3.459283e-01 8.893047e+01
2.833112e-01 8.752363e-03 9.589881e-01 1.050891e+00 2.492263e-02 9.995534e-01 -1.648542e-02 -3.185174e+00 -9.587041e-01 2.857100e-02 2.829665e-01 8.912503e+01
2.298762e-01 1.514276e-02 9.731021e-01 1.832910e+00 2.080734e-02 9.995739e-01 -2.047003e-02 -3.222114e+00 -9.729974e-01 2.495324e-02 2.294632e-01 8.927715e+01
2.067350e-01 1.580712e-02 9.782693e-01 2.240743e+00 2.747050e-02 9.993815e-01 -2.195352e-02 -3.234217e+00 -9.780112e-01 3.141210e-02 2.061729e-01 8.932950e+01
1.870149e-01 2.174817e-02 9.821163e-01 2.662750e+00 3.631700e-02 9.989184e-01 -2.903574e-02 -3.232193e+00 -9.816855e-01 4.109762e-02 1.860228e-01 8.937210e+01
1.501195e-01 3.105637e-02 9.881800e-01 3.536770e+00 3.662397e-02 9.986458e-01 -3.694904e-02 -3.247013e+00 -9.879892e-01 4.173784e-02 1.487788e-01 8.947222e+01
9.481660e-02 1.910255e-02 9.953115e-01 5.460049e+00 4.091002e-02 9.988965e-01 -2.306858e-02 -3.327578e+00 -9.946538e-01 4.290548e-02 9.393048e-02 8.960332e+01
7.611140e-02 2.033196e-02 9.968920e-01 6.504623e+00 4.662512e-02 9.986258e-01 -2.392709e-02 -3.362740e+00 -9.960086e-01 4.830132e-02 7.505883e-02 8.963826e+01
7.011217e-02 2.055161e-02 9.973274e-01 7.050381e+00 4.845902e-02 9.985372e-01 -2.398322e-02 -3.379767e+00 -9.963613e-01 5.001101e-02 6.901370e-02 8.965473e+01
5.805224e-02 2.266708e-02 9.980562e-01 8.197957e+00 5.045707e-02 9.983978e-01 -2.560970e-02 -3.409306e+00 -9.970376e-01 5.184568e-02 5.681551e-02 8.968785e+01
5.340714e-02 2.263529e-02 9.983163e-01 8.800912e+00 5.292689e-02 9.982736e-01 -2.546577e-02 -3.426200e+00 -9.971692e-01 5.419782e-02 5.211692e-02 8.970167e+01
4.649404e-02 2.206005e-02 9.986750e-01 1.005978e+01 5.576839e-02 9.981395e-01 -2.464457e-02 -3.460292e+00 -9.973606e-01 5.684031e-02 4.517728e-02 8.971666e+01
4.330615e-02 2.144658e-02 9.988317e-01 1.071458e+01 5.731411e-02 9.980697e-01 -2.391518e-02 -3.477648e+00 -9.974165e-01 5.828281e-02 4.199336e-02 8.971954e+01
4.227179e-02 2.071974e-02 9.988913e-01 1.207462e+01 6.595748e-02 9.975460e-01 -2.348308e-02 -3.511618e+00 -9.969266e-01 6.687701e-02 4.080144e-02 8.972018e+01
4.733313e-02 2.077681e-02 9.986631e-01 1.350501e+01 7.020740e-02 9.972418e-01 -2.407483e-02 -3.549541e+00 -9.964088e-01 7.125306e-02 4.574389e-02 8.973868e+01
5.485120e-02 1.873660e-02 9.983188e-01 1.500260e+01 7.237751e-02 9.971191e-01 -2.269077e-02 -3.595307e+00 -9.958678e-01 7.350043e-02 5.333707e-02 8.977631e+01
5.870203e-02 1.722669e-02 9.981269e-01 1.577368e+01 7.228987e-02 9.971527e-01 -2.146141e-02 -3.621398e+00 -9.956546e-01 7.341427e-02 5.728957e-02 8.980526e+01
7.057071e-02 1.479215e-02 9.973971e-01 1.815651e+01 6.595721e-02 9.976326e-01 -1.946245e-02 -3.696455e+00 -9.953237e-01 6.715900e-02 6.942799e-02 8.992948e+01
7.513596e-02 2.442768e-02 9.968741e-01 1.976819e+01 5.827767e-02 9.978836e-01 -2.884490e-02 -3.758629e+00 -9.954688e-01 6.026278e-02 7.355335e-02 9.003338e+01
7.474794e-02 2.749119e-02 9.968235e-01 2.058193e+01 5.566893e-02 9.979460e-01 -3.169656e-02 -3.789412e+00 -9.956473e-01 5.786133e-02 7.306400e-02 9.008278e+01
7.451993e-02 2.494887e-02 9.969074e-01 2.221735e+01 5.043155e-02 9.983135e-01 -2.875388e-02 -3.869642e+00 -9.959434e-01 5.241831e-02 7.313604e-02 9.018269e+01
7.447614e-02 2.322760e-02 9.969523e-01 2.385148e+01 4.903232e-02 9.984342e-01 -2.692503e-02 -3.948711e+00 -9.960166e-01 5.088814e-02 7.322062e-02 9.027374e+01
7.412396e-02 2.412341e-02 9.969572e-01 2.547837e+01 4.481095e-02 9.986170e-01 -2.749528e-02 -4.031552e+00 -9.962417e-01 4.671265e-02 7.294045e-02 9.036500e+01
7.273598e-02 2.538877e-02 9.970281e-01 2.628880e+01 4.182689e-02 9.987188e-01 -2.848322e-02 -4.070675e+00 -9.964737e-01 4.377433e-02 7.158085e-02 9.041153e+01
6.591466e-02 2.417630e-02 9.975324e-01 2.790992e+01 3.637502e-02 9.989837e-01 -2.661506e-02 -4.149285e+00 -9.971620e-01 3.803957e-02 6.496825e-02 9.049922e+01
6.089788e-02 2.167742e-02 9.979086e-01 2.872180e+01 3.431028e-02 9.991278e-01 -2.379771e-02 -4.189372e+00 -9.975541e-01 3.568775e-02 6.010101e-02 9.053737e+01
5.454557e-02 1.931204e-02 9.983245e-01 2.953344e+01 3.223633e-02 9.992577e-01 -2.109140e-02 -4.227712e+00 -9.979907e-01 3.333275e-02 5.388253e-02 9.056802e+01
4.700058e-02 1.930296e-02 9.987084e-01 3.034032e+01 3.172229e-02 9.992801e-01 -2.080691e-02 -4.264420e+00 -9.983910e-01 3.265924e-02 4.635441e-02 9.058889e+01
2.806847e-02 2.112184e-02 9.993829e-01 3.194324e+01 3.180308e-02 9.992517e-01 -2.201229e-02 -4.332533e+00 -9.990999e-01 3.240129e-02 2.737573e-02 9.060409e+01
1.781185e-02 2.023573e-02 9.996366e-01 3.274069e+01 3.296529e-02 9.992397e-01 -2.081509e-02 -4.366800e+00 -9.992977e-01 3.332406e-02 1.713123e-02 9.059833e+01
-4.213761e-03 1.806636e-02 9.998279e-01 3.432424e+01 3.337770e-02 9.992822e-01 -1.791584e-02 -4.430514e+00 -9.994339e-01 3.329646e-02 -4.813748e-03 9.056241e+01
-1.536171e-02 1.808549e-02 9.997185e-01 3.511039e+01 3.379189e-02 9.992746e-01 -1.755822e-02 -4.460151e+00 -9.993108e-01 3.351264e-02 -1.596171e-02 9.052962e+01
-2.648072e-02 1.872506e-02 9.994740e-01 3.588915e+01 3.400306e-02 9.992628e-01 -1.782022e-02 -4.490465e+00 -9.990708e-01 3.351327e-02 -2.709790e-02 9.049003e+01
-5.718399e-02 2.164931e-02 9.981289e-01 3.818958e+01 3.548667e-02 9.991771e-01 -1.963898e-02 -4.577147e+00 -9.977327e-01 3.429723e-02 -5.790519e-02 9.032361e+01
-8.502155e-02 2.197809e-02 9.961367e-01 4.041876e+01 3.826025e-02 9.990913e-01 -1.877773e-02 -4.664020e+00 -9.956442e-01 3.651592e-02 -8.578518e-02 9.009176e+01
-9.778459e-02 1.924550e-02 9.950215e-01 4.186324e+01 4.272773e-02 9.989723e-01 -1.512291e-02 -4.721760e+00 -9.942899e-01 4.103621e-02 -9.850640e-02 8.991031e+01
-1.045887e-01 1.626385e-02 9.943826e-01 4.327463e+01 4.754502e-02 9.988048e-01 -1.133542e-02 -4.770015e+00 -9.933784e-01 4.609237e-02 -1.052369e-01 8.972399e+01
-9.158105e-02 1.937642e-02 9.956091e-01 4.714397e+01 4.996096e-02 9.986409e-01 -1.483978e-02 -4.902936e+00 -9.945435e-01 4.838254e-02 -9.242464e-02 8.924451e+01
-3.001449e-02 2.349433e-02 9.992733e-01 4.936647e+01 4.565938e-02 9.987123e-01 -2.210970e-02 -5.001409e+00 -9.985060e-01 4.496258e-02 -3.104857e-02 8.912113e+01
1.770684e-01 1.742295e-02 9.840444e-01 5.246407e+01 3.263936e-02 9.991893e-01 -2.356422e-02 -5.168307e+00 -9.836571e-01 3.629105e-02 1.763561e-01 8.945093e+01
3.285181e-01 1.239074e-02 9.444164e-01 5.388945e+01 2.179716e-02 9.995481e-01 -2.069628e-02 -5.254058e+00 -9.442461e-01 2.738469e-02 3.280996e-01 8.994526e+01
4.443980e-01 1.583459e-02 8.956895e-01 5.473889e+01 2.326734e-02 9.993024e-01 -2.921047e-02 -5.307765e+00 -8.955272e-01 3.382138e-02 4.437196e-01 9.038860e+01
6.156356e-01 2.682680e-02 7.875742e-01 5.583593e+01 1.377101e-02 9.989015e-01 -4.478976e-02 -5.389737e+00 -7.879106e-01 3.841985e-02 6.145899e-01 9.127112e+01
6.681238e-01 2.787792e-02 7.435277e-01 5.615845e+01 1.109601e-02 9.988134e-01 -4.742037e-02 -5.418165e+00 -7.439674e-01 3.993286e-02 6.670216e-01 9.162030e+01
8.038727e-01 1.798655e-02 5.945294e-01 5.696793e+01 4.662333e-03 9.993214e-01 -3.653692e-02 -5.510534e+00 -5.947831e-01 3.214292e-02 8.032433e-01 9.276492e+01
8.408561e-01 1.529420e-02 5.410427e-01 5.717528e+01 1.699980e-03 9.995211e-01 -3.089649e-02 -5.539453e+00 -5.412561e-01 2.689926e-02 8.404274e-01 9.317127e+01
8.986353e-01 1.248378e-02 4.385189e-01 5.753992e+01 -4.757360e-03 9.998135e-01 -1.871374e-02 -5.590987e+00 -4.386707e-01 1.473063e-02 8.985271e-01 9.406120e+01
9.354383e-01 2.009299e-02 3.529185e-01 5.781242e+01 -1.677232e-02 9.997816e-01 -1.246502e-02 -5.628018e+00 -3.530919e-01 5.740989e-03 9.355710e-01 9.498160e+01
9.641795e-01 2.129999e-02 2.643943e-01 5.816224e+01 -1.820981e-02 9.997343e-01 -1.413344e-02 -5.661977e+00 -2.646251e-01 8.812601e-03 9.643110e-01 9.640217e+01
9.684686e-01 1.824212e-02 2.484671e-01 5.827731e+01 -1.542480e-02 9.997928e-01 -1.328105e-02 -5.680139e+00 -2.486579e-01 9.029716e-03 9.685492e-01 9.688437e+01
9.736636e-01 2.774803e-02 2.262947e-01 5.848694e+01 -2.542298e-02 9.995898e-01 -1.318291e-02 -5.698710e+00 -2.265677e-01 7.082631e-03 9.739696e-01 9.788806e+01
9.747832e-01 3.487426e-02 2.204121e-01 5.858946e+01 -3.249051e-02 9.993678e-01 -1.443214e-02 -5.712881e+00 -2.207760e-01 6.906903e-03 9.753000e-01 9.840345e+01
9.748460e-01 4.206880e-02 2.188736e-01 5.894036e+01 -3.790111e-02 9.990119e-01 -2.320746e-02 -5.778487e+00 -2.196337e-01 1.432814e-02 9.754771e-01 1.000024e+02
9.703452e-01 4.844800e-02 2.368188e-01 5.947979e+01 -4.230693e-02 9.986252e-01 -3.094804e-02 -5.872668e+00 -2.379925e-01 2.001121e-02 9.710608e-01 1.022853e+02
9.692780e-01 4.541030e-02 2.417398e-01 5.963546e+01 -4.019101e-02 9.988410e-01 -2.648059e-02 -5.900971e+00 -2.426622e-01 1.595128e-02 9.699797e-01 1.028883e+02
9.685083e-01 4.085678e-02 2.456065e-01 5.979880e+01 -3.690930e-02 9.991051e-01 -2.065604e-02 -5.928075e+00 -2.462306e-01 1.094038e-02 9.691495e-01 1.034998e+02
9.670771e-01 3.374565e-02 2.522366e-01 6.013424e+01 -3.096203e-02 9.994080e-01 -1.499784e-02 -5.975190e+00 -2.525933e-01 6.694307e-03 9.675493e-01 1.047544e+02
9.670770e-01 3.012062e-02 2.526952e-01 6.030914e+01 -2.652167e-02 9.994926e-01 -1.763722e-02 -5.998250e+00 -2.530982e-01 1.035465e-02 9.673851e-01 1.053923e+02
9.672372e-01 2.935759e-02 2.521715e-01 6.048079e+01 -2.413441e-02 9.994258e-01 -2.378160e-02 -6.023068e+00 -2.527249e-01 1.691644e-02 9.673902e-01 1.060354e+02
9.674264e-01 3.108975e-02 2.512362e-01 6.064973e+01 -2.389677e-02 9.992139e-01 -3.163137e-02 -6.049018e+00 -2.520221e-01 2.459729e-02 9.674088e-01 1.066923e+02
9.696494e-01 2.911215e-02 2.427603e-01 6.135508e+01 -2.561797e-02 9.995179e-01 -1.753858e-02 -6.168814e+00 -2.431539e-01 1.078724e-02 9.699277e-01 1.094778e+02
9.700047e-01 3.237650e-02 2.409204e-01 6.152759e+01 -2.883405e-02 9.994182e-01 -1.821556e-02 -6.198021e+00 -2.413700e-01 1.072247e-02 9.703739e-01 1.102002e+02
9.702632e-01 3.845449e-02 2.389783e-01 6.169627e+01 -3.397645e-02 9.991618e-01 -2.283122e-02 -6.225332e+00 -2.396559e-01 1.403265e-02 9.707564e-01 1.109295e+02
9.721966e-01 3.867136e-02 2.309511e-01 6.205312e+01 -3.231967e-02 9.989897e-01 -3.122404e-02 -6.282018e+00 -2.319252e-01 2.289163e-02 9.724642e-01 1.124214e+02
9.741028e-01 3.235463e-02 2.237790e-01 6.241758e+01 -2.673172e-02 9.992473e-01 -2.811183e-02 -6.351409e+00 -2.245201e-01 2.140181e-02 9.742344e-01 1.139649e+02
9.749759e-01 2.776787e-02 2.205697e-01 6.278483e+01 -2.339025e-02 9.994746e-01 -2.243445e-02 -6.419328e+00 -2.210768e-01 1.671386e-02 9.751131e-01 1.155643e+02
9.752499e-01 2.247719e-02 2.199602e-01 6.297372e+01 -1.826607e-02 9.996092e-01 -2.116033e-02 -6.450506e+00 -2.203499e-01 1.661880e-02 9.752793e-01 1.163732e+02
9.751303e-01 2.794458e-02 2.198640e-01 6.333463e+01 -2.375350e-02 9.994826e-01 -2.168323e-02 -6.517585e+00 -2.203562e-01 1.592143e-02 9.752895e-01 1.180121e+02
9.734172e-01 4.884577e-02 2.237701e-01 6.387033e+01 -4.420333e-02 9.986916e-01 -2.571202e-02 -6.619743e+00 -2.247332e-01 1.513714e-02 9.743027e-01 1.205026e+02
9.724994e-01 5.172831e-02 2.270885e-01 6.405736e+01 -4.772120e-02 9.985934e-01 -2.310429e-02 -6.658079e+00 -2.279642e-01 1.163197e-02 9.736000e-01 1.213427e+02
9.714761e-01 5.201240e-02 2.313632e-01 6.444981e+01 -4.701719e-02 9.985276e-01 -2.705593e-02 -6.728166e+00 -2.324297e-01 1.540614e-02 9.724911e-01 1.230215e+02
9.718221e-01 3.802642e-02 2.326284e-01 6.486450e+01 -3.279916e-02 9.991159e-01 -2.629888e-02 -6.784235e+00 -2.334227e-01 1.792781e-02 9.722100e-01 1.247241e+02
9.711204e-01 4.003934e-02 2.352064e-01 6.526209e+01 -3.523136e-02 9.990761e-01 -2.461010e-02 -6.849345e+00 -2.359744e-01 1.561273e-02 9.716338e-01 1.264226e+02
9.707950e-01 4.129353e-02 2.363301e-01 6.545904e+01 -3.782412e-02 9.991000e-01 -1.919733e-02 -6.878751e+00 -2.369101e-01 9.697688e-03 9.714831e-01 1.272746e+02
9.701141e-01 4.431270e-02 2.385687e-01 6.586477e+01 -4.089052e-02 9.989776e-01 -1.927718e-02 -6.955017e+00 -2.391791e-01 8.945864e-03 9.709342e-01 1.289410e+02
9.706399e-01 3.734387e-02 2.376208e-01 6.629836e+01 -2.778327e-02 9.986688e-01 -4.345839e-02 -7.046839e+00 -2.389273e-01 3.558056e-02 9.703853e-01 1.305573e+02
9.711965e-01 2.941011e-02 2.364583e-01 6.672265e+01 -2.649658e-02 9.995289e-01 -1.549055e-02 -7.134533e+00 -2.368024e-01 8.779029e-03 9.715181e-01 1.322254e+02
9.715736e-01 2.883383e-02 2.349753e-01 6.713546e+01 -2.883399e-02 9.995783e-01 -3.435808e-03 -7.203471e+00 -2.349753e-01 -3.437134e-03 9.719952e-01 1.338675e+02
9.719789e-01 3.798216e-02 2.319793e-01 6.753946e+01 -3.220590e-02 9.990709e-01 -2.863797e-02 -7.240417e+00 -2.328515e-01 2.036440e-02 9.722990e-01 1.354599e+02
9.732069e-01 3.360055e-02 2.274630e-01 6.793990e+01 -2.840108e-02 9.992559e-01 -2.609403e-02 -7.307651e+00 -2.281706e-01 1.893469e-02 9.734370e-01 1.370723e+02
9.740244e-01 3.316910e-02 2.240007e-01 6.812659e+01 -2.766976e-02 9.992347e-01 -2.764591e-02 -7.329594e+00 -2.247463e-01 2.072974e-02 9.741967e-01 1.378726e+02
9.751147e-01 3.373626e-02 2.191191e-01 6.831148e+01 -2.785670e-02 9.991656e-01 -2.986795e-02 -7.347445e+00 -2.199439e-01 2.302074e-02 9.752408e-01 1.386688e+02
9.756333e-01 3.839790e-02 2.160215e-01 6.848738e+01 -3.300030e-02 9.990478e-01 -2.853953e-02 -7.375994e+00 -2.169116e-01 2.071534e-02 9.759714e-01 1.394818e+02
9.758225e-01 4.488478e-02 2.139062e-01 6.865535e+01 -3.922057e-02 9.987603e-01 -3.065279e-02 -7.400654e+00 -2.150169e-01 2.152215e-02 9.763731e-01 1.402662e+02
9.764697e-01 4.461131e-02 2.109903e-01 6.901055e+01 -4.067802e-02 9.989087e-01 -2.294787e-02 -7.461305e+00 -2.117838e-01 1.382523e-02 9.772187e-01 1.418662e+02
9.774640e-01 4.156360e-02 2.069702e-01 6.935983e+01 -3.690635e-02 9.989722e-01 -2.631422e-02 -7.522327e+00 -2.078512e-01 1.808269e-02 9.779932e-01 1.434510e+02
9.800402e-01 3.397379e-02 1.958750e-01 6.969416e+01 -2.847149e-02 9.991187e-01 -3.083931e-02 -7.579826e+00 -1.967501e-01 2.464691e-02 9.801438e-01 1.450284e+02
9.825216e-01 3.087594e-02 1.835705e-01 6.999277e+01 -2.824613e-02 9.994577e-01 -1.692414e-02 -7.645990e+00 -1.839935e-01 1.144318e-02 9.828608e-01 1.466342e+02
9.838322e-01 3.363794e-02 1.759058e-01 7.025738e+01 -3.351540e-02 9.994314e-01 -3.668401e-03 -7.690397e+00 -1.759292e-01 -2.286463e-03 9.844001e-01 1.482407e+02
9.857542e-01 3.716732e-02 1.640347e-01 7.050797e+01 -3.448744e-02 9.992215e-01 -1.915602e-02 -7.732710e+00 -1.646189e-01 1.322599e-02 9.862685e-01 1.498199e+02
9.880243e-01 3.297858e-02 1.507330e-01 7.075332e+01 -2.956337e-02 9.992541e-01 -2.484300e-02 -7.779012e+00 -1.514399e-01 2.008931e-02 9.882622e-01 1.514220e+02
9.897183e-01 4.586975e-02 1.354761e-01 7.095263e+01 -4.336929e-02 9.988309e-01 -2.135247e-02 -7.841404e+00 -1.362971e-01 1.525743e-02 9.905505e-01 1.530488e+02
9.909259e-01 4.849401e-02 1.253563e-01 7.105219e+01 -4.546236e-02 9.986028e-01 -2.693473e-02 -7.868414e+00 -1.264873e-01 2.099133e-02 9.917460e-01 1.538549e+02
9.920486e-01 4.708364e-02 1.167168e-01 7.114828e+01 -4.394991e-02 9.986045e-01 -2.928025e-02 -7.891249e+00 -1.179326e-01 2.391773e-02 9.927335e-01 1.546649e+02
9.935935e-01 5.028742e-02 1.012092e-01 7.130611e+01 -4.847236e-02 9.986179e-01 -2.031541e-02 -7.939937e+00 -1.020909e-01 1.527941e-02 9.946577e-01 1.563078e+02
9.949035e-01 5.253998e-02 8.606248e-02 7.143075e+01 -5.185407e-02 9.986027e-01 -1.018773e-02 -7.990297e+00 -8.647748e-02 5.673120e-03 9.962376e-01 1.579586e+02
9.958028e-01 5.184121e-02 7.542759e-02 7.154565e+01 -5.127576e-02 9.986401e-01 -9.415322e-03 -8.036337e+00 -7.581312e-02 5.508196e-03 9.971068e-01 1.596018e+02
9.957357e-01 6.336806e-02 6.704397e-02 7.162754e+01 -6.207913e-02 9.978473e-01 -2.113905e-02 -8.085177e+00 -6.823918e-02 1.688687e-02 9.975260e-01 1.612383e+02
9.959250e-01 6.612540e-02 6.132616e-02 7.170556e+01 -6.512064e-02 9.977106e-01 -1.824263e-02 -8.124046e+00 -6.239206e-02 1.417469e-02 9.979510e-01 1.628891e+02
9.960001e-01 6.906583e-02 5.669062e-02 7.177540e+01 -6.916226e-02 9.976054e-01 -2.616200e-04 -8.158203e+00 -5.657294e-02 -3.660277e-03 9.983917e-01 1.645638e+02
9.964269e-01 6.676599e-02 5.172834e-02 7.181125e+01 -6.671062e-02 9.977684e-01 -2.798170e-03 -8.173449e+00 -5.179972e-02 -6.626575e-04 9.986572e-01 1.653868e+02
9.973506e-01 5.623046e-02 4.615245e-02 7.185566e+01 -5.577477e-02 9.983816e-01 -1.110362e-02 -8.188372e+00 -4.670211e-02 8.500062e-03 9.988726e-01 1.662010e+02
9.979389e-01 5.110589e-02 3.881003e-02 7.188912e+01 -5.043294e-02 9.985629e-01 -1.812578e-02 -8.197125e+00 -3.968059e-02 1.613112e-02 9.990821e-01 1.670187e+02
9.986378e-01 4.912776e-02 1.758187e-02 7.193066e+01 -4.903568e-02 9.987811e-01 -5.630728e-03 -8.240659e+00 -1.783706e-02 4.760919e-03 9.998295e-01 1.695173e+02
9.990975e-01 4.078690e-02 1.185966e-02 7.194420e+01 -4.075076e-02 9.991640e-01 -3.273653e-03 -8.251269e+00 -1.198327e-02 2.787409e-03 9.999243e-01 1.703582e+02
9.993260e-01 3.624932e-02 5.790517e-03 7.195036e+01 -3.623788e-02 9.993410e-01 -2.069112e-03 -8.265898e+00 -5.861705e-03 1.857882e-03 9.999810e-01 1.712012e+02
9.994607e-01 3.283240e-02 -5.780755e-04 7.194712e+01 -3.283589e-02 9.994309e-01 -7.716679e-03 -8.281895e+00 3.243895e-04 7.731499e-03 9.999700e-01 1.720379e+02
9.996479e-01 2.528590e-02 -8.050398e-03 7.194423e+01 -2.542603e-02 9.995181e-01 -1.780696e-02 -8.295895e+00 7.596253e-03 1.800538e-02 9.998090e-01 1.728670e+02
9.997990e-01 1.295244e-02 -1.530398e-02 7.194610e+01 -1.333594e-02 9.995928e-01 -2.522779e-02 -8.314995e+00 1.497098e-02 2.542681e-02 9.995645e-01 1.736993e+02
9.993113e-01 2.637007e-02 -2.610724e-02 7.188077e+01 -2.645667e-02 9.996455e-01 -2.976997e-03 -8.350218e+00 2.601948e-02 3.665657e-03 9.996547e-01 1.754112e+02
9.990013e-01 3.251977e-02 -3.064244e-02 7.183806e+01 -3.236068e-02 9.994601e-01 5.673991e-03 -8.369208e+00 3.081041e-02 -4.676713e-03 9.995143e-01 1.762661e+02
9.988864e-01 3.211212e-02 -3.456697e-02 7.180048e+01 -3.201024e-02 9.994814e-01 3.496713e-03 -8.380943e+00 3.466132e-02 -2.386321e-03 9.993962e-01 1.771104e+02
9.987805e-01 3.298445e-02 -3.673766e-02 7.175930e+01 -3.325968e-02 9.994229e-01 -6.905757e-03 -8.392488e+00 3.648868e-02 8.119217e-03 9.993010e-01 1.779477e+02
9.982576e-01 4.360448e-02 -3.975662e-02 7.170504e+01 -4.429609e-02 9.988791e-01 -1.668374e-02 -8.408732e+00 3.898457e-02 1.841573e-02 9.990700e-01 1.787853e+02
9.981639e-01 4.382976e-02 -4.180851e-02 7.166001e+01 -4.470847e-02 9.987934e-01 -2.031881e-02 -8.427651e+00 4.086750e-02 2.215070e-02 9.989190e-01 1.796316e+02
9.982984e-01 3.770733e-02 -4.448140e-02 7.158675e+01 -3.805675e-02 9.992508e-01 -7.034446e-03 -8.471918e+00 4.418282e-02 8.715292e-03 9.989854e-01 1.813511e+02
9.982447e-01 3.981282e-02 -4.384633e-02 7.153819e+01 -3.987331e-02 9.992046e-01 -5.053899e-04 -8.495182e+00 4.379133e-02 2.252801e-03 9.990381e-01 1.822141e+02
9.981548e-01 3.713477e-02 -4.804330e-02 7.145164e+01 -3.766269e-02 9.992391e-01 -1.012985e-02 -8.543212e+00 4.763058e-02 1.192060e-02 9.987938e-01 1.839180e+02
9.983567e-01 2.690662e-02 -5.059681e-02 7.141963e+01 -2.803423e-02 9.993712e-01 -2.171003e-02 -8.567846e+00 4.998085e-02 2.309279e-02 9.984831e-01 1.847628e+02
9.984731e-01 1.547705e-02 -5.302878e-02 7.138986e+01 -1.690010e-02 9.995061e-01 -2.649288e-02 -8.596086e+00 5.259256e-02 2.734862e-02 9.982414e-01 1.856110e+02
9.983890e-01 1.720848e-02 -5.406808e-02 7.134131e+01 -1.842183e-02 9.995877e-01 -2.202345e-02 -8.625507e+00 5.366680e-02 2.298400e-02 9.982943e-01 1.864714e+02
9.982214e-01 2.292478e-02 -5.503216e-02 7.128399e+01 -2.362423e-02 9.996477e-01 -1.209310e-02 -8.659180e+00 5.473554e-02 1.337168e-02 9.984113e-01 1.873332e+02
9.980717e-01 2.293392e-02 -5.768076e-02 7.118264e+01 -2.358163e-02 9.996660e-01 -1.057360e-02 -8.712856e+00 5.741900e-02 1.191341e-02 9.982790e-01 1.890202e+02
9.980532e-01 2.327322e-02 -5.786424e-02 7.113685e+01 -2.430321e-02 9.995573e-01 -1.716040e-02 -8.736466e+00 5.743924e-02 1.853328e-02 9.981769e-01 1.898562e+02
9.978588e-01 3.003041e-02 -5.810388e-02 7.107577e+01 -3.115242e-02 9.993434e-01 -1.850161e-02 -8.761375e+00 5.751011e-02 2.027207e-02 9.981390e-01 1.906947e+02
9.975674e-01 3.693481e-02 -5.912010e-02 7.096425e+01 -3.766129e-02 9.992275e-01 -1.122112e-02 -8.816710e+00 5.865998e-02 1.342036e-02 9.981878e-01 1.923732e+02
9.974328e-01 4.009581e-02 -5.933112e-02 7.090819e+01 -4.066337e-02 9.991377e-01 -8.389275e-03 -8.838886e+00 5.894358e-02 1.078034e-02 9.982030e-01 1.932083e+02
9.972752e-01 4.218303e-02 -6.052129e-02 7.079115e+01 -4.291190e-02 9.990205e-01 -1.079394e-02 -8.884907e+00 6.000668e-02 1.336161e-02 9.981085e-01 1.948635e+02
9.971203e-01 4.409215e-02 -6.170116e-02 7.073224e+01 -4.521326e-02 9.988345e-01 -1.689265e-02 -8.906076e+00 6.088441e-02 1.963371e-02 9.979516e-01 1.956763e+02
9.969926e-01 4.514267e-02 -6.299117e-02 7.067083e+01 -4.633030e-02 9.987725e-01 -1.752171e-02 -8.923746e+00 6.212287e-02 2.038741e-02 9.978602e-01 1.964897e+02
9.971780e-01 4.511427e-02 -6.000663e-02 7.062911e+01 -4.628586e-02 9.987610e-01 -1.827907e-02 -8.938874e+00 5.910763e-02 2.100494e-02 9.980305e-01 1.971957e+02
9.973545e-01 4.508963e-02 -5.701710e-02 7.058733e+01 -4.624100e-02 9.987489e-01 -1.903726e-02 -8.954024e+00 5.608737e-02 2.162342e-02 9.981916e-01 1.979026e+02
9.976800e-01 4.505178e-02 -5.104010e-02 7.050380e+01 -4.615029e-02 9.987230e-01 -2.055182e-02 -8.984301e+00 5.004903e-02 2.285965e-02 9.984851e-01 1.993157e+02
9.978290e-01 4.503855e-02 -4.805043e-02 7.046202e+01 -4.610441e-02 9.987093e-01 -2.130877e-02 -8.999441e+00 4.702870e-02 2.347784e-02 9.986175e-01 2.000222e+02
9.979689e-01 4.502913e-02 -4.506211e-02 7.042027e+01 -4.605821e-02 9.986950e-01 -2.206497e-02 -9.014570e+00 4.400973e-02 2.409563e-02 9.987404e-01 2.007284e+02
9.980995e-01 4.502350e-02 -4.207462e-02 7.037852e+01 -4.601169e-02 9.986802e-01 -2.282056e-02 -9.029691e+00 4.099163e-02 2.471311e-02 9.988538e-01 2.014342e+02
9.982214e-01 4.502167e-02 -3.907941e-02 7.033667e+01 -4.596471e-02 9.986648e-01 -2.357770e-02 -9.044849e+00 3.796572e-02 2.533204e-02 9.989578e-01 2.021417e+02
9.984373e-01 4.502940e-02 -3.309705e-02 7.025308e+01 -4.586987e-02 9.986323e-01 -2.508878e-02 -9.075116e+00 3.192205e-02 2.656773e-02 9.991371e-01 2.035546e+02
9.985315e-01 4.503897e-02 -3.010522e-02 7.021128e+01 -4.582193e-02 9.986152e-01 -2.584392e-02 -9.090248e+00 2.889955e-02 2.718544e-02 9.992125e-01 2.042610e+02
9.986166e-01 4.505231e-02 -2.711672e-02 7.016952e+01 -4.577371e-02 9.985977e-01 -2.659784e-02 -9.105362e+00 2.588040e-02 2.780227e-02 9.992783e-01 2.049666e+02
9.987594e-01 4.509040e-02 -2.113323e-02 7.008590e+01 -4.567615e-02 9.985608e-01 -2.810624e-02 -9.135614e+00 1.983549e-02 2.903665e-02 9.993815e-01 2.063790e+02
9.988567e-01 4.517153e-02 -1.565232e-02 6.999905e+01 -4.562219e-02 9.985159e-01 -2.974193e-02 -9.165290e+00 1.428560e-02 3.042201e-02 9.994350e-01 2.077971e+02
9.991350e-01 4.154088e-02 -1.912342e-03 6.998306e+01 -4.157468e-02 9.988516e-01 -2.381015e-02 -9.208113e+00 9.210518e-04 2.386905e-02 9.997146e-01 2.090931e+02
9.995600e-01 2.799323e-02 9.815266e-03 7.000778e+01 -2.783387e-02 9.994843e-01 -1.601343e-02 -9.261371e+00 -1.025847e-02 1.573319e-02 9.998235e-01 2.103757e+02
9.995027e-01 2.847329e-02 1.355659e-02 7.001564e+01 -2.827301e-02 9.994915e-01 -1.474345e-02 -9.283511e+00 -1.396949e-02 1.435283e-02 9.997993e-01 2.110139e+02
9.993983e-01 3.193726e-02 1.353550e-02 7.003039e+01 -3.180250e-02 9.994435e-01 -1.005720e-02 -9.333416e+00 -1.384917e-02 9.620679e-03 9.998578e-01 2.129445e+02
9.993448e-01 3.345592e-02 1.380943e-02 7.003031e+01 -3.335812e-02 9.994171e-01 -7.253049e-03 -9.346935e+00 -1.404404e-02 6.787639e-03 9.998783e-01 2.136019e+02
9.988099e-01 4.710767e-02 1.263911e-02 7.000789e+01 -4.684375e-02 9.986934e-01 -2.042305e-02 -9.378064e+00 -1.358467e-02 1.980668e-02 9.997115e-01 2.149028e+02
9.991864e-01 4.023503e-02 2.775105e-03 7.000612e+01 -4.014078e-02 9.987944e-01 -2.825507e-02 -9.429329e+00 -3.908602e-03 2.812068e-02 9.995968e-01 2.168933e+02
9.988357e-01 4.823388e-02 -8.642295e-04 6.998281e+01 -4.824156e-02 9.987046e-01 -1.617815e-02 -9.452115e+00 8.277524e-05 1.620100e-02 9.998687e-01 2.175788e+02
9.992283e-01 3.837875e-02 -8.362817e-03 6.996763e+01 -3.830045e-02 9.992227e-01 9.330271e-03 -9.487565e+00 8.714400e-03 -9.002769e-03 9.999214e-01 2.189643e+02
9.993067e-01 3.538900e-02 -1.156541e-02 6.995651e+01 -3.531205e-02 9.993532e-01 6.791368e-03 -9.495411e+00 1.179826e-02 -6.378259e-03 9.999100e-01 2.196463e+02
9.990883e-01 4.036912e-02 -1.389429e-02 6.993436e+01 -4.034287e-02 9.991835e-01 2.164684e-03 -9.510323e+00 1.397033e-02 -1.602174e-03 9.999011e-01 2.203174e+02
9.990959e-01 3.833680e-02 -1.837810e-02 6.994019e+01 -3.847501e-02 9.992334e-01 -7.226487e-03 -9.540496e+00 1.808697e-02 7.927050e-03 9.998049e-01 2.209704e+02
9.995047e-01 2.253595e-02 -2.196621e-02 6.997285e+01 -2.273633e-02 9.997017e-01 -8.915106e-03 -9.591872e+00 2.175874e-02 9.410120e-03 9.997189e-01 2.223055e+02
9.996062e-01 9.568085e-03 -2.638256e-02 6.998163e+01 -9.648184e-03 9.999492e-01 -2.910422e-03 -9.683750e+00 2.635337e-02 3.163819e-03 9.996476e-01 2.243537e+02
9.996142e-01 3.849148e-03 -2.751025e-02 6.998542e+01 -4.102379e-03 9.999497e-01 -9.154463e-03 -9.716608e+00 2.747363e-02 9.263787e-03 9.995795e-01 2.250278e+02
9.995754e-01 -4.678655e-03 -2.876161e-02 6.998607e+01 4.383364e-03 9.999371e-01 -1.032134e-02 -9.742245e+00 2.880809e-02 1.019089e-02 9.995330e-01 2.257134e+02
9.994430e-01 -1.049593e-02 -3.167951e-02 6.988635e+01 9.741052e-03 9.996671e-01 -2.388948e-02 -9.937611e+00 3.191970e-02 2.356758e-02 9.992125e-01 2.311122e+02
9.978259e-01 -2.916094e-02 -5.910287e-02 6.975496e+01 2.896311e-02 9.995716e-01 -4.201377e-03 -1.007841e+01 5.920007e-02 2.480440e-03 9.982430e-01 2.358968e+02
9.953043e-01 -3.131877e-02 -9.158957e-02 6.966405e+01 3.043549e-02 9.994759e-01 -1.102519e-02 -1.008899e+01 9.188686e-02 8.185844e-03 9.957358e-01 2.369317e+02
7.676768e-01 4.234926e-02 -6.394364e-01 6.700890e+01 -5.366195e-02 9.985577e-01 1.709552e-03 -1.018416e+01 6.385865e-01 3.300102e-02 7.688420e-01 2.428099e+02
7.298087e-01 5.429701e-02 -6.814919e-01 6.667291e+01 -5.888986e-02 9.981288e-01 1.645961e-02 -1.017111e+01 6.811104e-01 2.812060e-02 7.316405e-01 2.430702e+02
6.901781e-01 6.672397e-02 -7.205569e-01 6.633224e+01 -6.457326e-02 9.974463e-01 3.051326e-02 -1.016386e+01 7.207527e-01 2.546912e-02 6.927241e-01 2.433442e+02
5.598590e-01 8.423029e-02 -8.242956e-01 6.526011e+01 -7.033104e-02 9.960603e-01 5.401338e-02 -1.011788e+01 8.255976e-01 2.773368e-02 5.635773e-01 2.439919e+02
4.625216e-01 7.638311e-02 -8.833116e-01 6.452042e+01 -5.635113e-02 9.968002e-01 5.669019e-02 -1.007158e+01 8.848154e-01 2.355517e-02 4.653459e-01 2.443200e+02
4.108591e-01 6.909842e-02 -9.090766e-01 6.414030e+01 -4.771502e-02 9.973869e-01 5.424594e-02 -1.004135e+01 9.104494e-01 2.108918e-02 4.130824e-01 2.444743e+02
2.119977e-01 6.361948e-02 -9.751972e-01 6.240525e+01 -4.089409e-02 9.975822e-01 5.618988e-02 -9.929802e+00 9.764141e-01 2.796767e-02 2.140868e-01 2.448251e+02
1.692436e-01 6.258446e-02 -9.835852e-01 6.193966e+01 -3.816279e-02 9.976495e-01 5.691277e-02 -9.901649e+00 9.848351e-01 2.790424e-02 1.712342e-01 2.448844e+02
9.339541e-02 6.112447e-02 -9.937511e-01 6.096195e+01 -3.577600e-02 9.976751e-01 5.800353e-02 -9.844318e+00 9.949861e-01 3.013517e-02 9.536506e-02 2.449414e+02
-3.531846e-02 4.863119e-02 -9.981922e-01 5.719241e+01 -4.399184e-02 9.977715e-01 5.016724e-02 -9.629490e+00 9.984074e-01 4.568413e-02 -3.310038e-02 2.448503e+02
-4.089244e-02 4.857652e-02 -9.979821e-01 5.598115e+01 -4.394532e-02 9.977635e-01 5.036655e-02 -9.567377e+00 9.981966e-01 4.591625e-02 -3.866627e-02 2.447978e+02
-4.214587e-02 4.899243e-02 -9.979096e-01 5.534817e+01 -4.363390e-02 9.977538e-01 5.082763e-02 -9.534743e+00 9.981582e-01 4.568486e-02 -3.991346e-02 2.447709e+02
-4.177101e-02 4.275942e-02 -9.982118e-01 5.120668e+01 -3.860585e-02 9.982686e-01 4.437736e-02 -9.271451e+00 9.983810e-01 4.039050e-02 -4.004792e-02 2.444614e+02
-4.068132e-02 4.334719e-02 -9.982315e-01 4.966726e+01 -3.774082e-02 9.982789e-01 4.488733e-02 -9.176746e+00 9.984591e-01 3.950015e-02 -3.897534e-02 2.443343e+02
-3.668499e-02 5.022321e-02 -9.980641e-01 4.551505e+01 -2.858509e-02 9.982749e-01 5.128451e-02 -9.002662e+00 9.989179e-01 3.041113e-02 -3.518607e-02 2.441009e+02
