9.997766145647519753e-01 -2.689703491592676174e-03 -2.096393246914010980e-02 3.184662999999999800e-01 2.783977077917565608e-03 9.999861384128641006e-01 4.469055130322105961e-03 -9.387249999999999761e-02 2.095162144257533068e-02 -4.526419915953768837e-03 9.997702441469598078e-01 9.399259999999999560e-02
9.996861154105094460e-01 -2.862926817864371726e-03 -2.488924075742821040e-02 3.170330000000000092e-01 2.942210557184676660e-03 9.999907122142009941e-01 3.149425721032322791e-03 -9.373839999999999950e-02 2.487999301613373626e-02 -3.221666551749562037e-03 9.996852538735111482e-01 1.378836999999999979e-01
9.995612628804158017e-01 -1.475015565966694610e-03 -2.958219190642270499e-02 3.152456000000000147e-01 1.547850382165080751e-03 9.999958268111210913e-01 2.439368675823391525e-03 -9.375890000000000613e-02 2.957847034758045654e-02 -2.484087241284593708e-03 9.995593746258772949e-01 1.825083000000000122e-01
9.990765859857601017e-01 1.998281615936589248e-03 -4.291832016309134190e-02 3.081982999999999806e-01 -1.999595218908426821e-03 9.999980007315610875e-01 1.232238756626853566e-05 -9.380080000000000362e-02 4.291825898144892293e-02 7.350825890079762566e-05 9.990785843178389136e-01 3.223947999999999814e-01
9.988740935332421911e-01 2.142569469975825602e-03 -4.739150413533938649e-02 3.058519000000000099e-01 -2.082240330048165406e-03 9.999969578596253905e-01 1.322326246589533485e-03 -9.358589999999999964e-02 4.739419313957653895e-02 -1.222156929705086638e-03 9.988755161625935131e-01 3.707446999999999826e-01
9.986615854208937826e-01 1.441680870875246354e-03 -5.170067079732509896e-02 3.029894000000000198e-01 -1.231818560499386463e-03 9.999908738895350035e-01 4.090814182784370014e-03 -9.382509999999999462e-02 5.170609661984591765e-02 -4.021653131563302820e-03 9.986542474142031667e-01 4.199296000000000140e-01
9.984726353247026509e-01 1.125616992102099331e-03 -5.523703009875252645e-02 3.002068999999999988e-01 -7.552537717690837541e-04 9.999770990470939758e-01 6.725397616400162829e-03 -9.413470000000000171e-02 5.524333533996322876e-02 -6.673407506330138531e-03 9.984506194763820286e-01 4.692584000000000199e-01
9.983146138130606362e-01 2.932071338571193286e-03 -5.795976884827052505e-02 2.969861999999999780e-01 -2.565183187740440775e-03 9.999762076334226535e-01 6.403436756240537403e-03 -9.458750000000000491e-02 5.797716518158468196e-02 -6.243967067767725032e-03 9.982983828459123243e-01 5.195094000000000101e-01
9.982009795669762875e-01 2.135725547076736987e-03 -5.991863706657932914e-02 2.934977999999999754e-01 -1.772897280122093765e-03 9.999797752459652633e-01 6.107858402331522996e-03 -9.466579999999999440e-02 5.993046993611034906e-02 -5.990640651579752160e-03 9.981845776197009190e-01 5.699786000000000019e-01
9.979709260520575054e-01 -8.132650782375958455e-04 -6.366607695398888989e-02 2.868245999999999851e-01 1.204101275203681631e-03 9.999806655099091612e-01 6.100716882307398968e-03 -9.450740000000000529e-02 6.365988450286232114e-02 -6.164998481065250661e-03 9.979526100465946348e-01 6.729087999999999736e-01
9.978717062442851171e-01 -2.423998488761011389e-03 -6.516273558135572685e-02 2.834745000000000181e-01 2.798398815198905026e-03 9.999800949891057833e-01 5.654961507405849991e-03 -9.453190000000000204e-02 6.514773089824611729e-02 -5.825277410186815302e-03 9.978586269116002105e-01 7.250849999999999795e-01
9.977367443465434693e-01 -5.121470739810466723e-04 -6.723932395655569938e-02 2.798345999999999889e-01 7.479373957937102569e-04 9.999936594865319606e-01 3.481605432259819114e-03 -9.476869999999999739e-02 6.723711453068169364e-02 -3.524016473937148248e-03 9.977308012372272383e-01 7.775558999999999665e-01
9.975096066888501367e-01 3.855796167691801727e-03 -7.042526108839652910e-02 2.715782999999999947e-01 -3.919357763251610401e-03 9.999920271479046940e-01 -7.643790603373108120e-04 -9.537479999999999569e-02 7.042175230835459598e-02 1.038497249614092188e-03 9.975167659369357231e-01 8.844214999999999716e-01
9.973174556951716063e-01 4.038484031287565591e-03 -7.308613556919262011e-02 2.635349000000000164e-01 -3.965741769960566716e-03 9.999914861736416416e-01 1.140382587279196308e-03 -9.628459999999999797e-02 7.309011874339348125e-02 -8.474827198326172206e-04 9.973249802923398466e-01 9.935827000000000409e-01
9.972170278071371685e-01 4.792024250553560301e-03 -7.439916636012441908e-02 2.590927000000000091e-01 -4.603424664954557620e-03 9.999857422546523100e-01 2.706246250091842460e-03 -9.670239999999999392e-02 7.441107399341478912e-02 -2.356223884556543201e-03 9.972248694633284449e-01 1.048714900000000005e+00
9.971341903269900220e-01 4.413016399711523936e-03 -7.552437862832092619e-02 2.547135999999999845e-01 -4.217585909996245282e-03 9.999873330481940936e-01 2.746945986379101864e-03 -9.714699999999999724e-02 7.553554428234368623e-02 -2.420543206836072835e-03 9.971401719520450735e-01 1.104167799999999922e+00
9.969982998118842588e-01 3.817639042596352502e-03 -7.732926874316482790e-02 2.504614000000000007e-01 -3.701909734404389921e-03 9.999918033098195158e-01 1.639871181956152613e-03 -9.733100000000000085e-02 7.733489533535613247e-02 -1.348682807606094332e-03 9.970042602808445453e-01 1.159723999999999977e+00
9.969302411340852377e-01 2.443455831813200543e-03 -7.825678140540065497e-02 2.458538000000000112e-01 -2.386033221045595100e-03 9.999968112311106161e-01 8.272684440082370052e-04 -9.773039999999999505e-02 7.825855325651470684e-02 -6.380056491623619687e-04 9.969328923207363413e-01 1.215907599999999977e+00
9.968757730185976440e-01 2.540066500849012983e-03 -7.894454528809823068e-02 2.415059999999999985e-01 -2.342511414534924861e-03 9.999938893873396850e-01 2.594962091041232415e-03 -9.816320000000000601e-02 7.895065426483875715e-02 -2.401926342008045990e-03 9.968756316316501609e-01 1.272282799999999936e+00
9.969657770222557502e-01 4.870146384359794536e-03 -7.768861641582167077e-02 2.316302000000000083e-01 -4.114124719559110466e-03 9.999426439216306806e-01 9.888520860617755481e-03 -9.881710000000000493e-02 7.773231904556612837e-02 -9.538896226181887289e-03 9.969286313646451569e-01 1.386824099999999893e+00
9.970738607710023516e-01 3.607102371664106660e-03 -7.635905303032596014e-02 2.273911000000000127e-01 -2.634999592599448527e-03 9.999142509738737639e-01 1.282760603168348057e-02 -9.895550000000000179e-02 7.639877580403235668e-02 -1.258886459683385486e-02 9.969978673717451167e-01 1.444461500000000065e+00
9.971973724804061856e-01 3.702122537489862912e-03 -7.472412332634895127e-02 2.229589999999999905e-01 -2.704041503235559037e-03 9.999058395387706577e-01 1.345363206777494026e-02 -9.882190000000000418e-02 7.476689426292079665e-02 -1.321386941753596549e-02 9.971134866088681159e-01 1.502179900000000012e+00
9.972800846738851810e-01 3.688750545105457922e-03 -7.361267439961820258e-02 2.186546000000000045e-01 -2.913064302840088441e-03 9.999391292507711082e-01 1.064198522725165810e-02 -9.893140000000000267e-02 7.364744916978278877e-02 -1.039860147450165015e-02 9.972301250554751473e-01 1.560624800000000034e+00
9.973428194181107598e-01 4.563729260533187782e-03 -7.270813524200891997e-02 2.141221000000000096e-01 -4.136047798655917776e-03 9.999732558281136940e-01 6.031644645459912149e-03 -9.905750000000000666e-02 7.273371751630008930e-02 -5.714893153719051780e-03 9.973350221126804360e-01 1.618698200000000087e+00
9.974281694605430237e-01 3.732889585611542851e-03 -7.157591984691416553e-02 2.097951999999999873e-01 -3.530428167949036574e-03 9.999894021895734397e-01 2.954925631949722759e-03 -9.898189999999999766e-02 7.158619171000230041e-02 -2.694632420393242109e-03 9.974307776044298857e-01 1.677343699999999993e+00
9.975006760324465205e-01 1.317127693475603732e-03 -7.064464940426343209e-02 2.054603999999999875e-01 -1.049787721443492996e-03 9.999921478297987276e-01 3.821285711102138331e-03 -9.914019999999999777e-02 7.064912781168727895e-02 -3.737573194607234518e-03 9.974942261918425812e-01 1.736579400000000106e+00
9.974574857119566929e-01 -1.037782163115660416e-03 -7.125648886497019940e-02 2.016225000000000100e-01 1.681660038982098117e-03 9.999582948976546426e-01 8.976663349398766173e-03 -9.959189999999999710e-02 7.124420128470100588e-02 -9.073669244416358165e-03 9.974176318422227627e-01 1.796400400000000008e+00
9.973861258511333983e-01 -4.802829888218805576e-03 -7.209610797214978384e-02 1.974634999999999863e-01 5.726067048191972597e-03 9.999041656807000633e-01 1.260442821164920943e-02 -9.991809999999999581e-02 7.202866176617929439e-02 -1.298430897074775298e-02 9.973180433566443126e-01 1.856520399999999960e+00
9.972394597569574914e-01 -1.233271231669784244e-02 -7.322133644345232839e-02 1.936540999999999957e-01 1.324192574553308306e-02 9.998409730236080817e-01 1.194487612972219490e-02 -9.999710000000000543e-02 7.306237955474390033e-02 -1.288149331864082980e-02 9.972441806416723065e-01 1.916176899999999961e+00
9.970933907922755468e-01 -1.463366395751948545e-02 -7.477048827940710463e-02 1.894600999999999924e-01 1.528428877864744170e-02 9.998500801833131169e-01 8.136809814253284645e-03 -1.001633999999999997e-01 7.464020736100263065e-02 -9.255973022908606240e-03 9.971675718797246013e-01 1.975933799999999962e+00
9.969718096926535322e-01 -1.422554740413572300e-02 -7.645158258144822694e-02 1.848539999999999905e-01 1.455776957710232244e-02 9.998868473874733542e-01 3.789955999685821336e-03 -9.990200000000000469e-02 7.638901768641422063e-02 -4.891443814687836816e-03 9.970660919689889878e-01 2.036733200000000021e+00
9.968245316253125932e-01 -1.288413526928003719e-02 -7.858022784606351341e-02 1.799914999999999987e-01 1.316152162558758068e-02 9.999088437585070821e-01 3.013058583039221819e-03 -1.001361000000000057e-01 7.853424411347927070e-02 -4.037726078937264006e-03 9.969032396725552303e-01 2.097175599999999918e+00
9.967618516264816764e-01 -1.278224495088727333e-02 -7.938781616950478515e-02 1.748458999999999985e-01 1.318302805972527622e-02 9.999028552908504341e-01 4.526339843750748840e-03 -1.007196000000000063e-01 7.932224727857918600e-02 -5.558254691910610723e-03 9.968335301801679593e-01 2.158289200000000019e+00
9.966307818988489053e-01 -9.742045196617865610e-03 -8.143817978734606278e-02 1.639344000000000079e-01 1.047390166418338264e-02 9.999084710663702635e-01 8.564278933030205002e-03 -1.011060000000000014e-01 8.134729224515137302e-02 -9.388399496228482313e-03 9.966415985695565860e-01 2.280391199999999952e+00
9.965454160387732241e-01 -8.402857999506239614e-03 -8.262339710728715259e-02 1.588595999999999897e-01 9.328729050903957279e-03 9.998978782518488373e-01 1.082625889887693649e-02 -1.009855999999999948e-01 8.252398794534322735e-02 -1.155962996340391055e-02 9.965220350643060332e-01 2.341606899999999936e+00
9.965545409723328696e-01 -8.295853738341834455e-03 -8.252409150166410690e-02 1.537548999999999999e-01 9.471170895802450557e-03 9.998590770088751079e-01 1.386084574702369648e-02 -1.009822999999999971e-01 8.239747441084281643e-02 -1.459468854454661069e-02 9.964926749740823375e-01 2.402817499999999828e+00
9.965378534538634758e-01 -2.574302053382272228e-03 -8.310041878657380143e-02 1.375319999999999876e-01 3.735674954399903318e-03 9.998974784019294404e-01 1.382307556580915191e-02 -1.006114000000000036e-01 8.305631442702633704e-02 -1.408565420564314961e-02 9.964453035562955696e-01 2.584115300000000115e+00
9.965619535525988004e-01 -2.948165282274476675e-04 -8.285038210317710594e-02 1.318118000000000067e-01 1.252625717558086566e-03 9.999329850516044393e-01 1.150896757312993776e-02 -1.004863000000000006e-01 8.284143685523251421e-02 -1.157317972738383660e-02 9.964955382994737931e-01 2.644303100000000128e+00
9.964745377847901153e-01 -9.126195662907219276e-04 -8.389077823048364524e-02 1.265870000000000051e-01 1.898051423856704717e-03 9.999301298048843822e-01 1.166760083219901128e-02 -1.007342999999999988e-01 8.387426868462914686e-02 -1.178569615739175763e-02 9.964066461132745633e-01 2.704359100000000016e+00
9.963560691231110322e-01 -2.764679610822189191e-03 -8.524634929539134931e-02 1.215770000000000045e-01 3.878718481943278003e-03 9.999091962649234722e-01 1.290560993415358453e-02 -1.008066999999999991e-01 8.520292873182350180e-02 -1.318922937415966355e-02 9.962763196844716118e-01 2.764464400000000044e+00
9.962690700535139499e-01 -2.296509743076528658e-03 -8.627088789218852194e-02 1.162581000000000031e-01 3.495939626907052303e-03 9.998992901785574983e-01 1.375455948192459178e-02 -1.008478000000000013e-01 8.623061208661124410e-02 -1.400483999968351288e-02 9.961767644327745863e-01 2.824318200000000001e+00
9.961746012370185088e-01 1.949323694583153239e-04 -8.738492920199983360e-02 1.053642999999999941e-01 3.579754014386041607e-04 9.999800178862768840e-01 6.311551455324422577e-03 -1.013185999999999948e-01 8.738441339208699588e-02 -6.318688909305500076e-03 9.961546257818553185e-01 2.942013000000000211e+00
9.960959136073120890e-01 -3.006892796363358229e-04 -8.827706656188524792e-02 9.479490000000000138e-02 1.070757135168383953e-03 9.999617888151425271e-01 8.676081418354460867e-03 -1.020024999999999959e-01 8.827108458590440798e-02 -8.736732545840081993e-03 9.960581735674129966e-01 3.060304900000000217e+00
9.960439813781485352e-01 -4.576236172498952641e-03 -8.874370525766928086e-02 8.434750000000000580e-02 5.693388278928468611e-03 9.999076569674216763e-01 1.233948409887890806e-02 -1.025041000000000008e-01 8.867904200132029069e-02 -1.279592124134240096e-02 9.959780579457127025e-01 3.177641599999999844e+00
9.960347820148043319e-01 -7.608959259402847501e-03 -8.863868656354256803e-02 7.904890000000000527e-02 8.637038065950564114e-03 9.998997429713596397e-01 1.122076553789172135e-02 -1.028218000000000049e-01 8.854442156436798106e-02 -1.194184846653838922e-02 9.960006413979027862e-01 3.235476999999999936e+00
9.959664630572497845e-01 -1.022898360230076360e-02 -8.914130557545006661e-02 7.407890000000000308e-02 1.116351653848513155e-02 9.998877669338369634e-01 9.991468088325761512e-03 -1.031776999999999972e-01 8.902909841016516668e-02 -1.094629757173288219e-02 9.959688741149214097e-01 3.293172400000000000e+00
9.957236128785242890e-01 -1.457854037561092699e-02 -9.122473851239756848e-02 6.376690000000000136e-02 1.602133297786586391e-02 9.997575711031967405e-01 1.510350659445881295e-02 -1.031571000000000016e-01 9.098243591897822724e-02 -1.650046006489501102e-02 9.957157883512222085e-01 3.408722200000000147e+00
9.956300566092147752e-01 -1.538288029123861464e-02 -9.210948577794456082e-02 5.866310000000000274e-02 1.729239877934033928e-02 9.996510483069104280e-01 1.996883980984905799e-02 -1.029846999999999985e-01 9.177016574458290998e-02 -2.147437106973255211e-02 9.955486367156409777e-01 3.466128599999999782e+00
9.956021090235372961e-01 -1.350444332948835292e-02 -9.270420981943182370e-02 5.322000000000000342e-02 1.562396636241240346e-02 9.996319974193579316e-01 2.217569413775113615e-02 -1.027700000000000002e-01 9.237062402620656310e-02 -2.352657530847874698e-02 9.954467178464468935e-01 3.523166699999999985e+00
9.953748698238662485e-01 -1.114410343328149817e-02 -9.541843365822848255e-02 4.200670000000000098e-02 1.220848311589237990e-02 9.998695173920596480e-01 1.057833305293243674e-02 -1.027290000000000009e-01 9.528809717446558303e-02 -1.169432122177750492e-02 9.953810433135802382e-01 3.635256299999999996e+00
9.952776652823495107e-01 -4.781334867685466811e-03 -9.695105892664812597e-02 2.997630000000000086e-02 5.443712322570442436e-03 9.999636082903172740e-01 6.568720663726107176e-03 -1.030197999999999947e-01 9.691612345871267187e-02 -7.065474640250493654e-03 9.952674736380384690e-01 3.744679899999999950e+00
9.952055458169144497e-01 -1.980590619460175818e-03 -9.778547354313614492e-02 2.421999999999999847e-02 2.858749558520841394e-03 9.999568296727713301e-01 8.841173097609390102e-03 -1.034882000000000024e-01 9.776374136774292067e-02 -9.078328677589366652e-03 9.951682444804007543e-01 3.798762299999999925e+00
9.951167252349850667e-01 9.301233866675222587e-04 -9.870074988613238010e-02 1.830999999999999989e-02 1.111364291606712620e-04 9.999444080829377191e-01 1.054364227188354236e-02 -1.041532000000000013e-01 9.870506981048844664e-02 -1.050312401854373509e-02 9.950613014179366944e-01 3.851828100000000088e+00
9.949969895698355105e-01 1.370406814508834089e-03 -9.989550906886314474e-02 1.280410000000000055e-02 -3.482170403771762696e-04 9.999474138322558270e-01 1.024930802913472799e-02 -1.043388999999999983e-01 9.990430166843349002e-02 -1.016324531564806802e-02 9.949451436902421175e-01 3.903994599999999870e+00
9.946823994303554128e-01 3.675314051957039203e-03 -1.029243233161651200e-01 1.985199999999999899e-03 -2.497162440796052256e-03 9.999299091267587203e-01 1.157328879343953905e-02 -1.049003000000000019e-01 1.029596447313960023e-01 -1.125472791192940435e-02 9.946218591285902466e-01 4.005750700000000109e+00
9.945205288489432638e-01 3.693262785688980997e-03 -1.044762054633209813e-01 -3.320399999999999827e-03 -2.433815595681529040e-03 9.999228616443923690e-01 1.217979074268359801e-02 -1.053362999999999938e-01 1.045131295085188483e-01 -1.185877611244889537e-02 9.944528018912965894e-01 4.055481399999999681e+00
9.943943371609994530e-01 3.360993747651523644e-03 -1.056816253809746142e-01 -8.871399999999999772e-03 -1.993374563998330691e-03 9.999129377506679184e-01 1.304390189615035368e-02 -1.053531000000000051e-01 1.057162649736738125e-01 -1.276011911609910114e-02 9.943144626727294932e-01 4.104893200000000242e+00
9.941037460014485738e-01 7.940897685360558816e-03 -1.081419637783508081e-01 -1.992920000000000108e-02 -5.834497457909065821e-03 9.997873206146951075e-01 1.978060103997270405e-02 -1.054807999999999996e-01 1.082760399409821161e-01 -1.903301557923893148e-02 9.939386517751783723e-01 4.200918699999999895e+00
9.936836370627049053e-01 1.370856982927708655e-02 -1.113773071458912245e-01 -3.096480000000000066e-02 -1.181450992588882302e-02 9.997744563338326618e-01 1.764805421569900362e-02 -1.056606999999999963e-01 1.115941162832764788e-01 -1.622071439934168885e-02 9.936214780465091323e-01 4.292727900000000041e+00
9.935493078241594000e-01 1.352648145176387623e-02 -1.125913283591095521e-01 -3.621320000000000094e-02 -1.245322485293385434e-02 9.998701216729134478e-01 1.023019924320229916e-02 -1.057382999999999934e-01 1.127150837860488447e-01 -8.762082248440385482e-03 9.935887156171689938e-01 4.336269899999999566e+00
9.930993348036718515e-01 1.637714974402009263e-02 -1.161270863268618336e-01 -5.713180000000000341e-02 -1.543636505286315359e-02 9.998403816004410860e-01 8.996107771645009757e-03 -1.071572999999999970e-01 1.162558809112864688e-01 -7.141448546776009779e-03 9.931936215392216383e-01 4.500892200000000010e+00
9.930748823903672307e-01 5.038265808675417533e-03 -1.173750137081977507e-01 -6.491850000000000398e-02 -4.998712030826277068e-03 9.999873070474687431e-01 6.313651751707907928e-04 -1.083891000000000021e-01 1.173767048582952388e-01 -4.026900393653935761e-05 9.930874621779373079e-01 4.575876700000000241e+00
9.935412344720846445e-01 3.337691936125982990e-03 -1.134225516210321943e-01 -7.325230000000000630e-02 -3.856244993253758312e-03 9.999830912167632091e-01 -4.352775564926210546e-03 -1.093068999999999985e-01 1.134061055597898465e-01 4.762047154967383698e-03 9.935373058565318827e-01 4.646833400000000225e+00
9.956995121245125757e-01 -1.299705139459344638e-03 -9.263256620410632858e-02 -8.780699999999999616e-02 2.273197982957290020e-03 9.999432884112695596e-01 1.040444771176242053e-02 -1.110412999999999956e-01 9.261379014994451653e-02 -1.057027567317817690e-02 9.956459989103833008e-01 4.774897600000000075e+00
9.996397408541198848e-01 6.352119552027399307e-03 2.607755897902983011e-02 -9.766809999999999381e-02 -6.751514391853145544e-03 9.998608217546777199e-01 1.525628308197081451e-02 -1.115605999999999959e-01 -2.597701981607258848e-02 -1.542684988120971920e-02 9.995434991756075860e-01 4.935749999999999638e+00
9.981346041800649438e-01 6.013473733807016969e-03 6.075483579072504803e-02 -9.415179999999999383e-02 -6.986841561153204344e-03 9.998504205241346421e-01 1.582152403248598613e-02 -1.113674000000000053e-01 -6.065060579503303573e-02 -1.621649503943446355e-02 9.980273189173388682e-01 4.967463500000000032e+00
9.899159824726690982e-01 6.305283989120126151e-03 1.415153385290329746e-01 -8.044389999999999874e-02 -8.596914530350108219e-03 9.998415414194331552e-01 1.558797974626183885e-02 -1.120697999999999972e-01 -1.413946275702444022e-01 -1.664738555535251463e-02 9.898133277787500850e-01 5.028824799999999762e+00
8.541233425434761051e-01 8.857866037596943617e-03 5.199950518337842498e-01 -8.211599999999999455e-03 -1.168560544100843111e-02 9.999293858651909783e-01 2.160997163155889411e-03 -1.137264000000000053e-01 -5.199391910097151959e-01 -7.922215127228007456e-03 8.541665388901867884e-01 5.185524899999999882e+00
7.788638396157422372e-01 7.660051981476796723e-03 6.271462691770274267e-01 2.347139999999999990e-02 -1.092342237513808934e-02 9.999394228393927442e-01 1.352588347021582531e-03 -1.142335000000000017e-01 -6.270979175397074501e-01 -7.904065742593453792e-03 7.789003322390478656e-01 5.220302099999999612e+00
7.366480779509149146e-01 7.702706475204143532e-03 6.762324138668448503e-01 4.316629999999999773e-02 -1.292991998141946805e-02 9.999127719933038616e-01 2.695472860398188432e-03 -1.148375999999999980e-01 -6.761526650250643256e-01 -1.072924590192161562e-02 7.366834169858035297e-01 5.237390999999999686e+00
5.116416608594690496e-01 8.499415001500554637e-03 8.591568953442650924e-01 1.152257000000000003e-01 -1.331357930342145536e-02 9.999094427447632327e-01 -1.963393997256072769e-03 -1.160082000000000058e-01 -8.590957801543991357e-01 -1.043389929456963253e-02 5.117084856306519658e-01 5.284413299999999758e+00
4.676491517634628892e-01 1.035962125948297445e-02 8.838534658540824207e-01 1.322521000000000113e-01 -1.381184790462139204e-02 9.998948786714477732e-01 -4.411854946659778121e-03 -1.168061999999999989e-01 -8.838062591498054843e-01 -1.014444941684018199e-02 4.677430773765186567e-01 5.290768599999999822e+00
4.208379456649891659e-01 8.076046376169619678e-03 9.070998847775262330e-01 1.784960999999999909e-01 -5.072944225738770796e-03 9.999656852738557644e-01 -6.549313832041737775e-03 -1.171714999999999979e-01 -9.071216504556343097e-01 -1.845467344058714619e-03 4.208644740589633226e-01 5.308304800000000157e+00
3.456852283597164344e-01 -3.590722260860122750e-03 9.383436628482852981e-01 2.186982000000000093e-01 1.310483555589053370e-02 9.999136264274529617e-01 -1.001483775732672603e-03 -1.181524999999999936e-01 -9.382590187037609386e-01 1.264303754425146614e-02 3.457024261163217371e-01 5.320395500000000055e+00
2.823185849277782822e-01 7.300269693725496174e-03 9.592929284982640858e-01 2.782010999999999790e-01 -1.453527363373089028e-03 9.999731521519537036e-01 -7.182077240575878915e-03 -1.200293000000000054e-01 -9.593196046483052353e-01 6.332753623388542169e-04 2.823216164230692993e-01 5.338045600000000057e+00
2.284727214422999364e-01 1.314668201681588530e-02 9.734615453672001983e-01 3.263248999999999733e-01 -5.297837230867233869e-03 9.999108028946774862e-01 -1.226047206254949305e-02 -1.216567000000000065e-01 -9.735358999427932147e-01 -2.356057399565937571e-03 2.285219913183531570e-01 5.348372499999999974e+00
2.052037935373219046e-01 1.441617679632229559e-02 9.786130884902722871e-01 3.515872999999999915e-01 2.047147826321270118e-03 9.998830035649919346e-01 -1.515877196963419903e-02 -1.220833999999999947e-01 -9.787171257843961802e-01 5.114003170448565630e-03 2.051502733800354417e-01 5.352112799999999559e+00
1.858240383548875885e-01 2.022125052156530794e-02 9.823749425737737795e-01 3.759795000000000220e-01 9.468856692578488804e-03 9.997049389411651887e-01 -2.236908155415806565e-02 -1.211452999999999974e-01 -9.825374127850892148e-01 1.345868061829456203e-02 1.855777367940402156e-01 5.354568500000000064e+00
1.469819899237832239e-01 3.131850316305119508e-02 9.886432349425504640e-01 3.848420000000000174e-01 8.503196230329274075e-03 9.994216817853657231e-01 -3.292411929239025259e-02 -1.146226000000000050e-01 -9.891026186862077463e-01 1.324587999858757928e-02 1.466306801837514717e-01 5.354926599999999759e+00
9.285344800852880776e-02 1.718119577456396485e-02 9.955315382772580435e-01 5.482424000000000186e-01 1.230710500673017072e-02 9.997549212891992942e-01 -1.840197066567403339e-02 -1.251288999999999874e-01 -9.956037225519402956e-01 1.396079760554946869e-02 9.261924082465877728e-02 5.372518999999999600e+00
7.561218753702447781e-02 1.886088348862529837e-02 9.969589079645632124e-01 6.150801000000000185e-01 1.693013026203454494e-02 9.996526883569020194e-01 -2.019587458192957999e-02 -1.273392999999999886e-01 -9.969935645655775280e-01 1.840569843409884873e-02 7.526660932961326544e-02 5.377422799999999725e+00
6.978242527628769620e-02 1.887897744125255350e-02 9.973835758289445463e-01 6.466079999999999606e-01 1.899977676908125995e-02 9.996143878706228447e-01 -2.025053196251899723e-02 -1.274370999999999976e-01 -9.973812819605570867e-01 2.036319652737753755e-02 6.939681996967150823e-02 5.378777499999999989e+00
5.816375202895437968e-02 2.099396556253441473e-02 9.980862845264797389e-01 7.225346999999999742e-01 2.030775651726330830e-02 9.995470943732129854e-01 -2.220813263880591984e-02 -1.303063000000000138e-01 -9.981004824040260459e-01 2.156060156921337304e-02 5.771106899740963136e-02 5.384120900000000098e+00
5.367012542939970238e-02 2.094270328113380722e-02 9.983390810820091943e-01 7.542421999999999738e-01 2.272985985324604483e-02 9.994953756937939859e-01 -2.218890348290109352e-02 -1.305321999999999871e-01 -9.982999905376359617e-01 2.388298863208065601e-02 5.316701746906260517e-02 5.385530000000000150e+00
4.767709156888074590e-02 2.051768274370929096e-02 9.986520513343779548e-01 8.485272999999999843e-01 2.567126242463536184e-02 9.994335986670632721e-01 -2.175932308067402357e-02 -1.353332999999999897e-01 -9.985328643690492001e-01 2.667408011969939555e-02 4.712337238260644323e-02 5.389506800000000375e+00
4.559329508532201231e-02 2.003899184326564387e-02 9.987590751773764985e-01 8.911873000000000156e-01 2.731137751157151211e-02 9.994000488559033890e-01 -2.129861510142130182e-02 -1.363995000000000068e-01 -9.985866713018372032e-01 2.824856018850516182e-02 4.501864886458972759e-02 5.391369799999999657e+00
4.571245091571240343e-02 1.910635506456994509e-02 9.987719054055457235e-01 9.785608999999999558e-01 3.509690820515135035e-02 9.991690930713681418e-01 -2.072029163353777959e-02 -1.385905000000000054e-01 -9.983379081582133274e-01 3.600098119615989523e-02 4.500389413368555136e-02 5.393836499999999923e+00
5.246182858070187749e-02 1.873569947866488006e-02 9.984471593965372760e-01 1.069586300000000101e+00 3.892291042496587306e-02 9.990258816338806191e-01 -2.079170194326979138e-02 -1.397274000000000016e-01 -9.978641007602283564e-01 3.995324005250190658e-02 5.168147659740407462e-02 5.397263099999999980e+00
5.992542648553719070e-02 1.664215134784087502e-02 9.980641172084294688e-01 1.159910800000000020e+00 4.148008903914932044e-02 9.989558415659052226e-01 -1.914755375128640580e-02 -1.408310000000000117e-01 -9.973406366301487136e-01 4.254721377328620630e-02 5.917253692634416584e-02 5.400689100000000131e+00
6.422918984599626513e-02 1.532524385328504733e-02 9.978174923664970830e-01 1.209094300000000066e+00 4.112123786671720294e-02 9.989921895716374900e-01 -1.799024655679506979e-02 -1.410511999999999877e-01 -9.970875864075512407e-01 4.218698941264667490e-02 6.353426600080780418e-02 5.404049399999999892e+00
7.541168986849684786e-02 1.334844190385858775e-02 9.970631354783490163e-01 1.365647300000000008e+00 3.436040729096053598e-02 9.992817917727915278e-01 -1.597695346925188248e-02 -1.477411999999999892e-01 -9.965603039665871243e-01 3.546434448990486848e-02 7.489887067188927272e-02 5.418704499999999591e+00
8.106354547523936249e-02 2.271310694029006830e-02 9.964501073150138222e-01 1.474173900000000037e+00 2.626867836921721253e-02 9.993443573915548050e-01 -2.491609693340962953e-02 -1.513941000000000037e-01 -9.963627141416513400e-01 2.819521453685699605e-02 8.041375345985402046e-02 5.430131399999999608e+00
8.079542266898458169e-02 2.595183310043970223e-02 9.963927950534706701e-01 1.526421100000000086e+00 2.317922440908877155e-02 9.993417114286011760e-01 -2.790819511805296693e-02 -1.530680000000000096e-01 -9.964611498857011140e-01 2.535046661663517553e-02 8.014069260235789915e-02 5.435001899999999608e+00
8.069922674132516682e-02 2.372311784117352509e-02 9.964561447867364974e-01 1.630489800000000100e+00 1.829057823632539506e-02 9.995131408875167489e-01 -2.527718221938397153e-02 -1.568547000000000136e-01 -9.965706646049404815e-01 2.026560813459284821e-02 8.022602804453227154e-02 5.444732700000000314e+00
8.083903585651223966e-02 2.218475708583756908e-02 9.964802490941960800e-01 1.735403500000000099e+00 1.682960889099260546e-02 9.995793639531150854e-01 -2.361904789914312866e-02 -1.608388000000000040e-01 -9.965850764216596103e-01 1.867971391986971916e-02 8.043167125893924130e-02 5.453394399999999642e+00
8.092162501263097663e-02 2.300164096079098525e-02 9.964550241322615021e-01 1.839192600000000066e+00 1.213060122088647358e-02 9.996369114839833703e-01 -2.406021015666099869e-02 -1.649895999999999863e-01 -9.966466470717366688e-01 1.403458983631969068e-02 8.061321956597011784e-02 5.462635999999999825e+00
7.961193653261829095e-02 2.427977033120513189e-02 9.965301963885441205e-01 1.890861200000000020e+00 8.921951341439582350e-03 9.996459231180307992e-01 -2.506844984758788836e-02 -1.670996999999999899e-01 -9.967860042886774741e-01 1.088674176069111266e-02 7.936712485688690588e-02 5.467388599999999599e+00
7.284818068468576491e-02 2.285860412162969701e-02 9.970810532692625516e-01 1.993971200000000055e+00 2.925247760922922505e-03 9.997281163745507238e-01 -2.313301224938102418e-02 -1.710520000000000096e-01 -9.973387516267823161e-01 4.601906974658538999e-03 7.276150737668918289e-02 5.475949800000000423e+00
6.778683516719062607e-02 2.046363136244412281e-02 9.974899421896333829e-01 2.045736999999999917e+00 7.010154714031831269e-04 9.997884075070714305e-01 -2.055842386426876695e-02 -1.730633000000000032e-01 -9.976995808134455634e-01 2.092846371828422855e-03 6.775814665956370053e-02 5.479945700000000031e+00
6.149476941790107259e-02 1.855392358288829313e-02 9.979349403913659877e-01 2.097612900000000113e+00 -1.524635974900788449e-03 9.998277873526940640e-01 -1.849516484273917849e-02 -1.748962000000000017e-01 -9.981062412485872670e-01 -3.841316133808368033e-04 6.151246722023417934e-02 5.483335000000000292e+00
5.386263297046056664e-02 1.873419641752713943e-02 9.983725991102115893e-01 2.148549599999999948e+00 -2.143719200203774225e-03 9.998238542714964483e-01 -1.864577425799720384e-02 -1.767481999999999942e-01 -9.985460536387295027e-01 -1.135920014361338840e-03 5.389330615429754889e-02 5.486387299999999634e+00
3.521508659694690818e-02 2.028842708431675967e-02 9.991737973958351171e-01 2.250210299999999997e+00 -2.006090601955601987e-03 9.997933338483004917e-01 -2.023030382860425275e-02 -1.800041000000000002e-01 -9.993777430363685044e-01 -1.292021263469235112e-03 3.524850925342049024e-02 5.490298700000000309e+00
2.463629666708782445e-02 1.894932583871711262e-02 9.995168712617059636e-01 2.299995399999999801e+00 -7.860505866730364832e-04 9.998203944628528683e-01 -1.893570544290199692e-02 -1.818961000000000050e-01 -9.996961713495788882e-01 -3.191651661529366218e-04 2.464676698048418046e-02 5.491513300000000264e+00
3.211672971628359418e-03 1.754288065945585132e-02 9.998409535995670394e-01 2.399685100000000126e+00 1.630350548950318390e-04 9.998460877667069147e-01 -1.754349444043615952e-02 -1.852589000000000041e-01 -9.999948292747790068e-01 2.193530916786683854e-04 3.208318551357391968e-03 5.492330100000000215e+00
-7.822571362342736062e-03 1.791053907108030793e-02 9.998089917416544958e-01 2.449073299999999787e+00 -4.958458787360231490e-05 9.998395754361304455e-01 -1.791147489926317796e-02 -1.868374999999999897e-01 -9.999694019912054310e-01 -1.896889074121353713e-04 -7.820428343045193742e-03 5.491963400000000384e+00
-1.981502547078880030e-02 1.829068875057172222e-02 9.996363416115990885e-01 2.497522800000000043e+00 4.731110921027039534e-04 9.998327052399990089e-01 -1.828490356440871240e-02 -1.885342000000000129e-01 -9.998035511696717892e-01 1.106232114257404281e-04 -1.982036404858833478e-02 5.490940600000000060e+00
-5.135066391480939962e-02 2.158016131715174979e-02 9.984474978450463833e-01 2.639613399999999999e+00 1.692877982598754716e-03 9.997669499912428259e-01 -2.152161400415412290e-02 -1.915727000000000124e-01 -9.986792495489451582e-01 5.851006182511237635e-04 -5.137522922208914711e-02 5.483562000000000047e+00
-7.815911586630173991e-02 2.175895815522161519e-02 9.967034164419211750e-01 2.777488899999999816e+00 3.897196555456106798e-03 9.997608200771879172e-01 -2.152009520417631772e-02 -1.971556999999999893e-01 -9.969332798467541723e-01 2.202357506851734467e-03 -7.822522071177462344e-02 5.474073399999999978e+00
-9.135071883752371447e-02 1.917752900687843404e-02 9.956341037494937929e-01 2.870072599999999863e+00 9.186361543206702368e-03 9.997882326701972300e-01 -1.841468370081877567e-02 -2.010761000000000076e-01 -9.957764091047069943e-01 7.464060248553994886e-03 -9.150754545468242629e-02 5.466805500000000428e+00
-9.739130954593241962e-02 1.689992944451543938e-02 9.951026706876524575e-01 2.957797499999999857e+00 1.341050956796225463e-02 9.997873291411888408e-01 -1.566699466571733201e-02 -2.037465999999999999e-01 -9.951558124525303750e-01 1.181900475921820494e-02 -9.759723391800412262e-02 5.458189499999999583e+00
-8.257549064959338048e-02 1.995103744640832483e-02 9.963850884315716971e-01 3.197631400000000124e+00 1.477142130995761672e-02 9.997142636071552069e-01 -1.879351624596223985e-02 -2.124195999999999862e-01 -9.964753350968917900e-01 1.316614010314068502e-02 -8.284660100644936076e-02 5.437582500000000429e+00
-1.996236367790502064e-02 2.380410203244121697e-02 9.995173178904005473e-01 3.332197199999999970e+00 1.047164541502693808e-02 9.996666717120971102e-01 -2.359851924083543329e-02 -2.172865999999999964e-01 -9.997458920539222804e-01 9.995508715781441234e-03 -2.020497777330465539e-02 5.433660500000000226e+00
1.919981314435166564e-01 1.773612153640916067e-02 9.812350113581578270e-01 3.516503099999999993e+00 -3.701962359070089248e-04 9.998379194490988331e-01 -1.799993851223405383e-02 -2.255723000000000034e-01 -9.813952213440542138e-01 3.092705052702173635e-03 1.919735781260326624e-01 5.458332099999999798e+00
3.460998163478420930e-01 1.265500048570165903e-02 9.381123429987993090e-01 3.599044600000000038e+00 -8.313285339281446806e-03 9.999111356241502380e-01 -1.042161895723198867e-02 -2.284057999999999922e-01 -9.381608638239274933e-01 -4.191875180505705289e-03 3.461742650336869787e-01 5.489328399999999775e+00
4.589500021043280698e-01 1.657974205973750462e-02 8.883073835793948714e-01 3.645845700000000189e+00 -4.519629448798520750e-03 9.998564965177813013e-01 -1.632664450625331484e-02 -2.303438999999999903e-01 -8.884505999311853586e-01 3.478293320090982722e-03 4.589590754713285259e-01 5.519211799999999890e+00
6.293908430666039777e-01 2.497969637728011949e-02 7.766873125221039897e-01 3.708052900000000207e+00 -8.800080017193422088e-03 9.996482332356192435e-01 -2.501936011563508228e-02 -2.336071999999999871e-01 -7.770390757584849650e-01 8.912045657633106341e-03 6.293892676131328523e-01 5.573039500000000146e+00
6.815959458761446932e-01 2.567081369110114225e-02 7.312783162993692354e-01 3.726133799999999940e+00 -9.719898384443608277e-03 9.996138824527047717e-01 -2.603093512008900282e-02 -2.344382000000000132e-01 -7.316641921951625438e-01 1.063462892004073471e-02 6.815822874218000482e-01 5.593453399999999576e+00
8.156348487790311408e-01 1.551137344224481907e-02 5.783590500296008630e-01 3.773647099999999810e+00 -9.778532838608331584e-03 9.998673452938232620e-01 -1.302582475725722229e-02 -2.355642000000000014e-01 -5.784843764119574905e-01 4.968813642886883361e-03 8.156783294523957117e-01 5.662627200000000194e+00
8.515957268974331251e-01 1.242661682858549159e-02 5.240518076719400398e-01 3.784979299999999824e+00 -1.085666859016048459e-02 9.999226505609755122e-01 -6.068413485968517096e-03 -2.353082999999999980e-01 -5.240866824077443642e-01 -5.216218062712297925e-04 8.516647681062868847e-01 5.687189599999999956e+00
9.076707836607391666e-01 9.101470551924173424e-03 4.195842129090320283e-01 3.807139199999999946e+00 -1.323725381576706939e-02 9.998882548230757505e-01 6.946436372757979275e-03 -2.363596000000000030e-01 -4.194741036108384780e-01 -1.185922006947640571e-02 9.076898343042226758e-01 5.740267799999999809e+00
9.422833873625751089e-01 1.659263345176172771e-02 3.344049975937062325e-01 3.822511399999999782e+00 -2.239760005672866011e-02 9.996578503793643877e-01 1.351035479205008397e-02 -2.366835999999999940e-01 -3.340664086857731974e-01 -2.022045227099829659e-02 9.423326206269982963e-01 5.795095400000000119e+00
9.690576552095805374e-01 1.744568818400514879e-02 2.462171985128092933e-01 3.846739299999999862e+00 -2.115192095905294931e-02 9.996991764583190720e-01 1.241582974676164706e-02 -2.370957999999999954e-01 -2.459265278888222162e-01 -1.723962158358059368e-02 9.691351496711917424e-01 5.886648199999999775e+00
9.728712562674097786e-01 1.446865616666881578e-02 2.308942977152156906e-01 3.854512000000000160e+00 -1.793519481892350692e-02 9.997556511711740423e-01 1.292156097803204284e-02 -2.375997999999999999e-01 -2.306509213410585790e-01 -1.671214947373489065e-02 9.728930344824595622e-01 5.919691099999999651e+00
9.776775959323911191e-01 2.379927423800400066e-02 2.087585039168572965e-01 3.866997200000000134e+00 -2.711298641741953508e-02 9.995475043951157490e-01 1.302583682627577420e-02 -2.369980999999999893e-01 -2.083540361485446968e-01 -1.839513531453947776e-02 9.778804705163973710e-01 5.985504599999999620e+00
9.786570682346901195e-01 3.180216634775109158e-02 2.030245428756609349e-01 3.872545199999999799e+00 -3.489751360901995753e-02 9.993225980847119105e-01 1.168368525464230645e-02 -2.366591000000000111e-01 -2.025154471594435568e-01 -1.851937290545355164e-02 9.791039405951746932e-01 6.018575700000000417e+00
9.787825436482101571e-01 3.731444220455606975e-02 2.014754691085306193e-01 3.892334700000000147e+00 -3.865851315662251209e-02 9.992487260369538049e-01 2.739137463515720593e-03 -2.366080999999999879e-01 -2.012218964478241501e-01 -1.046976200721084702e-02 9.794897306625799382e-01 6.121320700000000059e+00
9.743876484715857655e-01 4.445237672307519872e-02 2.204375120293352586e-01 3.923805000000000209e+00 -4.451840106454013624e-02 9.989976450153968957e-01 -4.670890744585007824e-03 -2.363991000000000009e-01 -2.204241875853697463e-01 -5.262267321307459965e-03 9.753899148904343619e-01 6.271682300000000154e+00
9.733519083232872182e-01 4.160461835544562031e-02 2.255107941871357935e-01 3.933312700000000106e+00 -4.267757937566533238e-02 9.990888901918760778e-01 -1.171059317647757392e-04 -2.369546999999999903e-01 -2.253102012383122743e-01 -9.510269536831596551e-03 9.742406622551165185e-01 6.311856299999999642e+00
9.725894724538143299e-01 3.733771407918079488e-02 2.295116841891770842e-01 3.943372699999999842e+00 -3.961809898556738208e-02 9.992006564165002436e-01 5.334271234652244488e-03 -2.374680000000000124e-01 -2.291290560029019818e-01 -1.428087266858708154e-02 9.732912885519127144e-01 6.352103699999999797e+00
9.711411306507807817e-01 3.021155586616254204e-02 2.365843744850212038e-01 3.964917400000000036e+00 -3.364261483157880012e-02 9.993790001075926188e-01 1.047800607188838565e-02 -2.383759000000000017e-01 -2.361208987481138999e-01 -1.813493964958900334e-02 9.715544478506024095e-01 6.436335599999999602e+00
9.713179802141279628e-01 2.685089279718550631e-02 2.362634353190117276e-01 3.975387099999999840e+00 -2.944260335095862102e-02 9.995387259342103370e-01 7.447715470775538062e-03 -2.386627000000000054e-01 -2.359544753139149464e-01 -1.419031056071573885e-02 9.716604966064666948e-01 6.475911599999999879e+00
