1.000000000000000000e+00 0.000000000000000000e+00 0.000000000000000000e+00 0.000000000000000000e+00 0.000000000000000000e+00 1.000000000000000000e+00 0.000000000000000000e+00 0.000000000000000000e+00 0.000000000000000000e+00 0.000000000000000000e+00 1.000000000000000000e+00 0.000000000000000000e+00
9.999985016920831526e-01 -1.708242414090870975e-03 -2.802167791583946659e-04 2.325000000000000135e-04 1.709349558787601458e-03 9.999905408007752072e-01 3.999554107498393650e-03 4.413999999999999955e-04 2.733819205681744277e-04 -4.000027103362629836e-03 9.999919624904480830e-01 6.311239999999999906e-02
9.999914841311265956e-01 -4.047802130047693618e-03 -8.043401908992244475e-04 1.050000000000000044e-04 4.055678036557171413e-03 9.999413324147037319e-01 1.004406314052365065e-02 7.230999999999999581e-04 7.636366220279223798e-04 -1.004723975144514170e-02 9.999492336276309956e-01 1.248887999999999943e-01
9.999668681561567629e-01 -7.830769305809207395e-03 -2.222980442248967750e-03 1.983999999999999978e-04 7.852507096067882705e-03 9.999197199858730345e-01 9.944431390462572101e-03 1.299100000000000081e-03 2.144929433251500060e-03 -9.961557882811812592e-03 9.999480819733961301e-01 1.865428000000000086e-01
9.999330061986350104e-01 -1.087319772431300305e-02 -3.969469209925254038e-03 -3.290999999999999763e-04 1.088839746512690679e-02 9.999333929794343989e-01 3.827846036288391329e-03 2.177099999999999955e-03 3.927583888597162981e-03 -3.870810752814630214e-03 9.999847953388660837e-01 3.080012999999999779e-01
9.999295216628355520e-01 -1.090407737397746345e-02 -4.696041285507462047e-03 -7.443000000000000397e-04 1.091910971547127400e-02 9.999353046271977075e-01 3.187413235636344256e-03 2.445800000000000144e-03 4.660981672821582107e-03 -3.238465182076479595e-03 9.999838936668480338e-01 3.683757999999999755e-01
9.999310874319524700e-01 -1.034337907527027416e-02 -5.552917832839754722e-03 -1.423299999999999956e-03 1.037179693312248983e-02 9.999331368702845113e-01 5.113474076487560006e-03 2.781300000000000005e-03 5.499655946609720292e-03 -5.170715430005833231e-03 9.999715083373180713e-01 4.283730000000000038e-01
9.999309418652507775e-01 -9.953877917359962163e-03 -6.247544708014282459e-03 -2.028600000000000195e-03 1.000401633666200482e-02 9.999175871905741086e-01 8.046022875707084868e-03 3.200800000000000173e-03 6.166940700877807276e-03 -8.107967771698141798e-03 9.999481135043982727e-01 4.889611999999999847e-01
9.999095860468117936e-01 -1.125041906716913766e-02 -7.365310754244827098e-03 -3.601500000000000101e-03 1.132676133893237118e-02 9.998816947201164540e-01 1.040677861774327514e-02 4.166300000000000385e-03 7.247358778505749201e-03 -1.048926281684889328e-02 9.999187222751131365e-01 6.083518999999999455e-01
9.998979649153801885e-01 -1.169007933636585783e-02 -8.209860120045559678e-03 -4.167099999999999971e-03 1.177698979726907180e-02 9.998742641605686821e-01 1.061877491410585968e-02 4.541400000000000124e-03 8.084693525190842639e-03 -1.071437886537972110e-02 9.999099158504894946e-01 6.678460999999999981e-01
9.998932607514210424e-01 -1.160954039626930709e-02 -8.870494669294256770e-03 -5.170600000000000022e-03 1.168920048998261380e-02 9.998913381125080768e-01 8.981901774281663559e-03 5.166500000000000085e-03 8.765255033116660030e-03 -9.084632043470170643e-03 9.999203167077059806e-01 7.267297999999999814e-01
9.998685558026986220e-01 -1.260528681476999480e-02 -1.019695353245242582e-02 -5.904600000000000300e-03 1.267652635230524447e-02 9.998954811685626387e-01 6.952152064486708145e-03 5.855899999999999821e-03 1.010825388803224430e-02 -7.080500194606439458e-03 9.999238419601410577e-01 7.855183999999999500e-01
9.998167303631688707e-01 -1.335209845481901032e-02 -1.371959010886954905e-02 -7.441099999999999971e-03 1.342378152550812408e-02 9.998966543829834741e-01 5.146128959907418990e-03 6.533500000000000245e-03 1.364946062883065289e-02 -5.329354610962837302e-03 9.998926393388305467e-01 9.028125999999999651e-01
9.998120201595426249e-01 -1.205873551066364083e-02 -1.518259669417583793e-02 -8.711999999999999258e-03 1.212127603438845416e-02 9.999183975869080365e-01 4.033960154505781930e-03 7.118900000000000054e-03 1.513271329908484966e-02 -4.217234296768425199e-03 9.998766003478097852e-01 9.614247999999999683e-01
9.997952188540832896e-01 -1.094539794057433797e-02 -1.702112277254856990e-02 -1.002369999999999997e-02 1.102102366685825223e-02 9.999297803744080504e-01 4.355612209856683271e-03 7.123700000000000171e-03 1.697225364676862094e-02 -4.542310459509936969e-03 9.998456430978930332e-01 1.019531200000000082e+00
9.997616847323610445e-01 -1.140048599759337089e-02 -1.861726779443761276e-02 -1.120799999999999921e-02 1.149607435605625935e-02 9.999212390868859046e-01 5.035463965397351041e-03 7.664599999999999712e-03 1.855839474499753478e-02 -5.248289432326217960e-03 9.998140034238985896e-01 1.077455899999999911e+00
9.997094129453113487e-01 -1.063020659451432287e-02 -2.163535015429312799e-02 -1.381819999999999923e-02 1.077970882312810630e-02 9.999187400403888315e-01 6.805232819667616367e-03 8.464599999999999208e-03 2.156125103581657890e-02 -7.036478082055777628e-03 9.997427671306110541e-01 1.193129799999999907e+00
9.996662317076817628e-01 -1.167444357878741346e-02 -2.304631316478234979e-02 -1.525190000000000053e-02 1.184263604894463320e-02 9.999041305486883191e-01 7.175073733683937083e-03 8.563400000000000525e-03 2.296033873390695632e-02 -7.445608020657107362e-03 9.997086504409307128e-01 1.250191700000000017e+00
9.996118725277479689e-01 -1.174030450623549972e-02 -2.526399714356825782e-02 -1.644179999999999947e-02 1.191685569500577392e-02 9.999055349080050448e-01 6.849073709678571778e-03 8.897499999999999160e-03 2.518120036681665425e-02 -7.147482804251308053e-03 9.996573516148666849e-01 1.306541900000000034e+00
9.995932951210438899e-01 -1.142269810822033049e-02 -2.612979749217440167e-02 -1.836329999999999907e-02 1.160402079745107701e-02 9.999095613064363786e-01 6.798228394383632432e-03 9.540200000000000416e-03 2.604978023680635385e-02 -7.098674235259756250e-03 9.996354424357490887e-01 1.362581800000000065e+00
9.995557873583775788e-01 -1.178159557993740600e-02 -2.737557239519549171e-02 -1.998460000000000167e-02 1.203350647297904766e-02 9.998865891879697987e-01 9.055577508528733430e-03 9.944899999999999574e-03 2.726577855735209596e-02 -9.380979034141345360e-03 9.995842008315369842e-01 1.418408899999999973e+00
9.995100071747152759e-01 -1.340718870067363240e-02 -2.828414482966224233e-02 -2.152849999999999903e-02 1.375576440753801567e-02 9.998313731821726336e-01 1.216569546780593529e-02 1.015819999999999917e-02 2.811626758951284513e-02 -1.254880439705762830e-02 9.995258891119526146e-01 1.473569200000000023e+00
9.994971098471429061e-01 -1.296431113014422272e-02 -2.893879824956804847e-02 -2.344349999999999906e-02 1.336016003502802675e-02 9.998192381933990180e-01 1.352764067418240485e-02 1.079719999999999985e-02 2.875819067755869957e-02 -1.390746473273158854e-02 9.994896442153170524e-01 1.528332000000000024e+00
9.994806444247946731e-01 -1.233963176566198021e-02 -2.976869006330524689e-02 -2.519599999999999965e-02 1.270623829418106483e-02 9.998453602422378017e-01 1.215759476545966861e-02 1.142680000000000085e-02 2.961406639772304686e-02 -1.252952872048711599e-02 9.994828752817297435e-01 1.581988699999999914e+00
9.994811497067435102e-01 -1.054272512168210815e-02 -3.043488669101114541e-02 -2.735129999999999853e-02 1.084503543840684495e-02 9.998933129079583537e-01 9.785091123093512047e-03 1.178099999999999981e-02 3.032847815545208076e-02 -1.011008155042266744e-02 9.994888541968929285e-01 1.634701299999999913e+00
9.994453520128234736e-01 -1.045237451556233627e-02 -3.161860539223197014e-02 -2.869760000000000019e-02 1.070332506432052772e-02 9.999124670945592763e-01 7.777980550201393437e-03 1.261020000000000023e-02 3.153453935815054426e-02 -8.112090720538462849e-03 9.994697428194666555e-01 1.686436899999999905e+00
9.993863241249721918e-01 -1.021014708496966947e-02 -3.350713429225743445e-02 -3.273809999999999915e-02 1.045694043347144761e-02 9.999194142093247306e-01 7.198436222659605928e-03 1.280120000000000043e-02 3.343093700073210273e-02 -7.544400823402298319e-03 9.994125546877370425e-01 1.788560699999999892e+00
9.993232232682431881e-01 -9.198185561438927682e-03 -3.561585067278808664e-02 -3.485230000000000272e-02 9.421772438431764984e-03 9.999369165397775649e-01 6.114993461997559991e-03 1.335259999999999919e-02 3.555735705711843969e-02 -6.446419416947810586e-03 9.993468457126450932e-01 1.838874600000000026e+00
9.992454810285491540e-01 -9.352916608398188780e-03 -3.769604216545225511e-02 -3.670779999999999876e-02 9.589416411816629321e-03 9.999354270013275370e-01 6.097943961156540409e-03 1.363070000000000080e-02 3.763657445762016301e-02 -6.454825992152924026e-03 9.992706457634522588e-01 1.889017699999999911e+00
9.991618823225094648e-01 -9.579881862008154253e-03 -3.979646689405464538e-02 -3.875170000000000003e-02 9.871510887132201040e-03 9.999257985052827369e-01 7.137979852724405869e-03 1.412369999999999945e-02 3.972513293300414944e-02 -7.524848641842322994e-03 9.991823109254749369e-01 1.938113100000000033e+00
9.990836327145543594e-01 -9.711299438321033609e-03 -4.168435563984017322e-02 -4.121049999999999713e-02 1.012950281805404147e-02 9.999003461349945665e-01 9.833156755437845106e-03 1.413619999999999981e-02 4.158470890301439737e-02 -1.024638777019703205e-02 9.990824408041181215e-01 1.986547000000000063e+00
9.989935100162330439e-01 -8.892947802823869888e-03 -4.396455873567649275e-02 -4.330660000000000065e-02 9.391753211201779236e-03 9.998937069651060439e-01 1.115211832784918089e-02 1.465340000000000045e-02 4.386071040312022884e-02 -1.155379811813927668e-02 9.989708443352983691e-01 2.034748800000000024e+00
9.989413218496421276e-01 -7.344310270471571082e-03 -4.541251598337998213e-02 -4.623610000000000220e-02 7.870205773249741923e-03 9.999039030076815049e-01 1.141247611571518002e-02 1.493659999999999953e-02 4.532433521163219819e-02 -1.175779982208018624e-02 9.989031278262008318e-01 2.081508200000000031e+00
9.988594935759415039e-01 -5.145258369773475504e-03 -4.746828846210870284e-02 -4.881800000000000028e-02 5.653106809111230896e-03 9.999281492759627410e-01 1.057065130220226530e-02 1.538849999999999940e-02 4.741048909912728287e-02 -1.082693871120762354e-02 9.988168114932414188e-01 2.127742299999999975e+00
9.987735792460769035e-01 -3.572077000346303606e-03 -4.938195688593466359e-02 -5.126909999999999801e-02 4.071480219975410868e-03 9.999415478652299294e-01 1.001618199248106161e-02 1.579490000000000061e-02 4.934329183180892475e-02 -1.020495559969517366e-02 9.987297424390690903e-01 2.173948999999999909e+00
9.986906543797106073e-01 -3.411209603456881803e-03 -5.104253621898734855e-02 -5.404049999999999826e-02 3.981054323007111873e-03 9.999308382338921719e-01 1.106661444810573547e-02 1.644050000000000025e-02 5.100125548555268368e-02 -1.125532753441852232e-02 9.986351633809968931e-01 2.219310500000000186e+00
9.986388422959371347e-01 -1.835233355434636501e-03 -5.212575732170524057e-02 -5.658860000000000279e-02 2.496804504686678337e-03 9.999171268223484565e-01 1.262954688834263574e-02 1.728760000000000019e-02 5.209825932884498689e-02 -1.274250390898778486e-02 9.985606641406589157e-01 2.263811800000000041e+00
9.986414485933653440e-01 4.991665292335928199e-04 -5.210573849511236644e-02 -5.942800000000000166e-02 1.868794030704479876e-04 9.999133765681654795e-01 1.316071563930782708e-02 1.779620000000000160e-02 5.210779430597355100e-02 -1.315257361987023747e-02 9.985548495599729790e-01 2.307784600000000186e+00
9.987589229561434356e-01 5.475662314443714186e-03 -4.950384770603641349e-02 -6.438069999999999904e-02 -5.089377574209801199e-03 9.999556388935507689e-01 7.925811056139969030e-03 1.882249999999999895e-02 4.954505072549018896e-02 -7.664030741632051405e-03 9.987424846182322291e-01 2.393450500000000147e+00
9.989951755740430483e-01 7.587027584251285033e-03 -4.417098812821215748e-02 -6.869340000000000168e-02 -7.301153617534005165e-03 9.999513687876142587e-01 6.629722138205400468e-03 1.983439999999999856e-02 4.421913992424569839e-02 -6.300561261701275763e-03 9.990019872813805657e-01 2.476808099999999957e+00
9.990833426998306788e-01 1.207406517802185608e-02 -4.106934732631340595e-02 -7.082339999999999469e-02 -1.168382000162991596e-02 9.998844117372381879e-01 9.728901019469021749e-03 1.978250000000000147e-02 4.118206757682279368e-02 -9.240136089581834494e-03 9.991089315961217965e-01 2.517634399999999939e+00
9.991670456074240869e-01 1.653936278618197905e-02 -3.730501910947978811e-02 -7.288390000000000146e-02 -1.605636839109006800e-02 9.997838232645170908e-01 1.320983620921865886e-02 2.003279999999999991e-02 3.751543690564188710e-02 -1.259984988846452048e-02 9.992166110391514922e-01 2.558189399999999836e+00
9.993287296171610157e-01 2.950845374477253924e-02 -2.171039657269246276e-02 -7.726139999999999397e-02 -2.915014366170006616e-02 9.994365388023533914e-01 1.663953218315360194e-02 2.116650000000000129e-02 2.218917047239947482e-02 -1.599550137896828955e-02 9.996258223202231230e-01 2.672068599999999794e+00
9.993042798941697002e-01 3.404203275869038814e-02 -1.523470350388410333e-02 -7.816760000000000375e-02 -3.376956048722637438e-02 9.992711494682796625e-01 1.779850063467856153e-02 2.159459999999999852e-02 1.582949682379599515e-02 -1.727164861845401078e-02 9.997255209227711159e-01 2.707711699999999944e+00
9.989557703554142742e-01 4.522265390880439440e-02 6.502341660145519002e-03 -7.903749999999999665e-02 -4.532718951510182614e-02 9.988284668819082945e-01 1.694519510063684231e-02 2.274949999999999889e-02 -5.728417258092244162e-03 -1.722223329830082500e-02 9.998352763910344221e-01 2.806022899999999876e+00
9.986723122230514171e-01 4.947901935803362961e-02 1.433315884344120439e-02 -7.928469999999999962e-02 -4.968378370816256551e-02 9.986626133281362172e-01 1.430057261293569623e-02 2.308400000000000035e-02 -1.360641155869186936e-02 -1.499371148130640777e-02 9.997950060790015137e-01 2.835913399999999918e+00
9.979726756528021214e-01 5.107063205248581900e-02 3.797800932311565930e-02 -7.641290000000000582e-02 -5.156865682808390444e-02 9.985943054897189475e-01 1.225098675426851587e-02 2.396349999999999869e-02 -3.729895820709162174e-02 -1.418462496034191174e-02 9.992034748395344224e-01 2.917925599999999786e+00
9.975469713770908076e-01 5.263144049800180801e-02 4.615161283746169879e-02 -7.554389999999999716e-02 -5.328603638879707283e-02 9.984937643786699901e-01 1.306907888433714825e-02 2.392129999999999951e-02 -4.539425318655939540e-02 -1.549625658081746869e-02 9.988489514484240051e-01 2.942039299999999802e+00
9.952709621594397760e-01 6.437496941106675419e-02 7.274321408590209148e-02 -7.164909999999999335e-02 -6.544412319254773458e-02 9.977790811029831897e-01 1.240854757194456183e-02 2.470050000000000023e-02 -7.178285743672926933e-02 -1.711048294499009290e-02 9.972735095005820227e-01 3.006294000000000022e+00
9.540452282927313066e-01 6.937781727607365834e-02 2.915208754821478898e-01 -2.597620000000000137e-02 -6.927564963868747261e-02 9.975403264542243020e-01 -1.068557273792195526e-02 2.402889999999999887e-02 -2.915451710095847693e-01 -1.000077835007537504e-02 9.565047818455403306e-01 3.216035600000000105e+00
9.357458079883373969e-01 7.435873836317417884e-02 3.447470969584667810e-01 -1.347220000000000015e-02 -7.456183007711968125e-02 9.971356468768545200e-01 -1.268996544627625823e-02 2.312240000000000129e-02 -3.447032293550558735e-01 -1.383039249312764847e-02 9.386098251753397514e-01 3.246923400000000015e+00
9.121718604994987212e-01 7.342718168181124050e-02 4.031760730786850822e-01 2.805600000000000108e-03 -7.297200369196089886e-02 9.971972462005361804e-01 -1.651480690918106717e-02 2.229420000000000013e-02 -4.032587055353713534e-01 -1.435622374907043891e-02 9.149733959244952253e-01 3.277280300000000146e+00
8.803635960252379489e-01 6.995614421885003320e-02 4.691120086712161075e-01 2.217589999999999839e-02 -6.644769043747532355e-02 9.974999756299134379e-01 -2.405209042573446671e-02 2.157720000000000124e-02 -4.696218087238252514e-01 -9.996824713563411124e-03 8.828110897958912906e-01 3.305930099999999872e+00
5.144177646890667477e-01 8.049720011472545622e-02 8.537532220413541761e-01 2.118032999999999999e-01 -5.911359707061512869e-02 9.965449061490280203e-01 -5.834237456427414370e-02 1.109429999999999965e-02 -8.554998223341001573e-01 -2.045607005548585530e-02 5.173988820863533178e-01 3.466711000000000098e+00
4.659963307239778363e-01 7.872599467569771359e-02 8.812772761816288769e-01 2.385742999999999892e-01 -5.763780550994625912e-02 9.966190398005868589e-01 -5.855230894639334299e-02 9.542699999999999447e-03 -8.829073015485752185e-01 -2.350972712045589635e-02 4.689584092464224030e-01 3.478769499999999848e+00
3.664809088653186442e-01 7.635339288765503885e-02 9.272873895571930314e-01 2.969710999999999879e-01 -6.051560204529969622e-02 9.964729704898532825e-01 -5.813330364105234738e-02 6.549199999999999813e-03 -9.284554945426005679e-01 -3.481060869435147198e-02 3.698088914236430380e-01 3.500602999999999909e+00
2.265528361009642722e-01 6.771225702771915822e-02 9.716423532878863956e-01 3.948143000000000069e-01 -3.398873804135519455e-02 9.975225987500624392e-01 -6.159083267238936454e-02 1.496699999999999897e-03 -9.734056595998226147e-01 -1.907131959603811100e-02 2.282930279879349378e-01 3.520967199999999853e+00
1.133290535826633333e-01 6.901448543031253602e-02 9.911576698057915635e-01 5.037989999999999968e-01 -1.274487016119384142e-02 9.976035004244365734e-01 -6.800606021146603231e-02 -4.516100000000000322e-03 -9.934757641224227775e-01 -4.925113369295200383e-03 1.139370412099044438e-01 3.531845800000000146e+00
8.454266327070431020e-02 6.741639778054026033e-02 9.941365939333447477e-01 5.424552999999999736e-01 -5.380836607312443343e-03 9.977248713844700800e-01 -6.720213998265361921e-02 -6.887800000000000346e-03 -9.964053315215156692e-01 3.321613143187560069e-04 8.471307445937470426e-02 3.533360200000000173e+00
3.978872660696384372e-02 6.480595767816046959e-02 9.971043300900929163e-01 6.226264999999999716e-01 6.281292718099216327e-03 9.978586082560064741e-01 -6.510563179307432558e-02 -1.138690000000000015e-02 -9.991883719283297660e-01 8.853574351768395134e-03 3.929645816625038091e-02 3.534963600000000206e+00
-1.011912470292294572e-02 7.033884717929862751e-02 9.974718291223734212e-01 7.968486999999999654e-01 1.547212285993050662e-02 9.974144994561064959e-01 -7.017784329068324500e-02 -2.105550000000000130e-02 -9.998290937602551942e-01 1.472286834186034565e-02 -1.118125298588379390e-02 3.533585500000000046e+00
-1.643318598910149114e-02 7.226665957030214971e-02 9.972499587930789833e-01 8.418854000000000060e-01 1.971346363000617968e-02 9.972141836936323500e-01 -7.193921873325334615e-02 -2.361979999999999982e-02 -9.996706106262982505e-01 1.847706023133832351e-02 -1.781203231670869247e-02 3.532167900000000138e+00
-2.116791981020059096e-02 7.146221961284317248e-02 9.972186672635618976e-01 8.880373999999999768e-01 2.037448334573296882e-02 9.972658508899356899e-01 -7.103311254032824984e-02 -2.652519999999999878e-02 -9.995683066200644618e-01 1.881419189809283021e-02 -2.256604936444062126e-02 3.531239300000000192e+00
-2.818143787926101484e-02 5.614911951734091744e-02 9.980245903465930768e-01 1.132164699999999913e+00 2.302044074312782629e-02 9.981927971195857507e-01 -5.550854967092735959e-02 -3.976119999999999655e-02 -9.993377136219016021e-01 2.141065519793905469e-02 -2.942308578217911474e-02 3.522973799999999933e+00
-2.535191106470570735e-02 7.147004785324660714e-02 9.971205107033060955e-01 1.233581899999999898e+00 2.478574378218135685e-02 9.971794131102476033e-01 -7.084408919780244007e-02 -4.487349999999999672e-02 -9.993712761083997087e-01 2.291834044944720400e-02 -2.705184209091726633e-02 3.520660599999999807e+00
-2.290499798348943905e-02 7.225871217366471033e-02 9.971228808839863733e-01 1.285953399999999913e+00 2.590560432024075280e-02 9.970925426371961553e-01 -7.166143371503497228e-02 -4.754119999999999874e-02 -9.994019515351068028e-01 2.418966581610228206e-02 -2.471030828471842966e-02 3.519226999999999883e+00
-2.086830684228879046e-02 6.788766548131755507e-02 9.974747007543766086e-01 1.339233799999999919e+00 2.521207429636756689e-02 9.974104190966153194e-01 -6.735582519120830725e-02 -5.071169999999999844e-02 -9.994642890464925378e-01 2.374280423646065244e-02 -2.252585553932595630e-02 3.518581900000000040e+00
-8.694516617401313457e-03 7.072755534902361307e-02 9.974577777004601797e-01 1.551656700000000111e+00 3.219131452420884859e-02 9.969982626086706379e-01 -7.041437086629277753e-02 -6.349660000000000026e-02 -9.994439077056768150e-01 3.149725812897306854e-02 -1.094523094154009613e-02 3.515032999999999852e+00
1.654740395129486886e-03 6.404591865834581565e-02 9.979455807494881370e-01 1.712155499999999941e+00 2.604810307124607802e-02 9.976055727440322762e-01 -6.406728928588230343e-02 -7.375869999999999649e-02 -9.996593210492334958e-01 2.610060407844498609e-02 -1.749645087945062016e-05 3.516144300000000111e+00
5.145592659021931692e-03 6.514853123224523257e-02 9.978623110201468860e-01 1.765815600000000041e+00 3.076196693301477478e-02 9.973929406380214191e-01 -6.527651458106781268e-02 -7.711519999999999486e-02 -9.995134937891531068e-01 3.103209376953834642e-02 3.128080830006485513e-03 3.515934500000000185e+00
1.195801130707652149e-02 7.067458190968808895e-02 9.974277464746358346e-01 1.872489000000000070e+00 2.682686298400843716e-02 9.971173355631650637e-01 -7.097421039963540401e-02 -8.335420000000000329e-02 -9.995685696279253962e-01 2.760656790159301058e-02 1.002756304780305641e-02 3.517309700000000205e+00
2.286178989720987625e-02 6.736480458942363525e-02 9.974664513984040637e-01 2.033488999999999880e+00 3.456810644104860164e-02 9.970773475920069462e-01 -6.813082221702955465e-02 -9.410050000000000359e-02 -9.991408231974990839e-01 3.603811900636494370e-02 2.046629909648811640e-02 3.520124700000000217e+00
2.658893069163598480e-02 6.816619300884063648e-02 9.973196071948834396e-01 2.086776299999999917e+00 3.754579342972422934e-02 9.969002852367715439e-01 -6.913851813986196526e-02 -9.767430000000000556e-02 -9.989411104566713329e-01 3.928347522209600651e-02 2.394715878903197481e-02 3.521081899999999987e+00
3.900455054590841464e-02 6.572404190385143508e-02 9.970752205087298758e-01 2.303026000000000018e+00 3.948484908712567715e-02 9.969538364675180064e-01 -6.726064707735435189e-02 -1.114061999999999969e-01 -9.984586079198669584e-01 4.199283591897892687e-02 3.629063243046515286e-02 3.529122800000000115e+00
4.483773888290520926e-02 6.763789104091083582e-02 9.967019077273837624e-01 2.411867400000000217e+00 3.867129543685458859e-02 9.968399994018822818e-01 -6.938693322010125453e-02 -1.181429999999999980e-01 -9.982455149316242782e-01 4.165490712981070875e-02 4.208040673404811471e-02 3.534261499999999945e+00
5.011512371760262069e-02 6.769087552490021809e-02 9.964468976044041915e-01 2.520776999999999823e+00 3.486715351535380619e-02 9.969738077736576276e-01 -6.948027215714325244e-02 -1.249636999999999970e-01 -9.981346382029362418e-01 3.822527938375873402e-02 4.760327757127080783e-02 3.540032899999999927e+00
5.612926834463830700e-02 6.952705949399831664e-02 9.959997455989703097e-01 2.631245900000000137e+00 3.034182258363270213e-02 9.969928719714753473e-01 -7.130629032822170810e-02 -1.324026000000000092e-01 -9.979623635375228785e-01 3.422281747880071001e-02 5.385090274464998661e-02 3.546816600000000097e+00
6.309058201449040115e-02 7.527618896046220365e-02 9.951648475688142925e-01 2.741850599999999805e+00 2.941639017925970837e-02 9.965778567897882745e-01 -7.724798602613383580e-02 -1.397268999999999872e-01 -9.975741849355838076e-01 3.414777784660375654e-02 6.066032326195258673e-02 3.553682799999999808e+00
6.856553537159634781e-02 7.694442934774450849e-02 9.946749831736775294e-01 2.853591699999999953e+00 1.976315831853665828e-02 9.967209527131140057e-01 -7.846502402942934218e-02 -1.472673999999999928e-01 -9.974508433664700524e-01 2.503791554847215745e-02 6.682004079993331125e-02 3.562615899999999947e+00
7.230609739465795882e-02 7.749383177197949335e-02 9.943674040900827293e-01 2.910739400000000199e+00 2.185302499165411166e-02 9.966145754235472554e-01 -7.925801758848660672e-02 -1.515174999999999994e-01 -9.971430557238354364e-01 2.746077367152741783e-02 7.036783591309858643e-02 3.566759300000000188e+00
7.943302606273923427e-02 7.983665916158161346e-02 9.936380136772313687e-01 3.024734700000000220e+00 1.721392657569514179e-02 9.965291676250577213e-01 -8.144506617565212825e-02 -1.595254999999999868e-01 -9.966915646790450722e-01 2.357383987447152565e-02 7.778302495538480521e-02 3.577086400000000221e+00
8.900211997587249846e-02 7.781484490883075478e-02 9.929871462167148000e-01 3.140146000000000104e+00 1.656578758933307735e-02 9.966900394709007349e-01 -7.958982284839859200e-02 -1.681668000000000052e-01 -9.958936676781040553e-01 2.353327710517574486e-02 8.741846227968963490e-02 3.587099100000000096e+00
9.958599479838727009e-02 9.004655043609134657e-02 9.909461379886274068e-01 3.255248799999999942e+00 1.110619819860428348e-02 9.957341525551454131e-01 -9.159776087252213816e-02 -1.769421999999999939e-01 -9.949669753321407351e-01 2.012749835043806806e-02 9.816110130068944617e-02 3.600034200000000073e+00
1.071123391502188382e-01 9.474309629593591353e-02 9.897225330899702689e-01 3.312705499999999859e+00 9.312356030899769654e-03 9.953101642072872401e-01 -9.628580918711007741e-02 -1.818086999999999898e-01 -9.942033126211772265e-01 1.953004684894078108e-02 1.057277184240533741e-01 3.606332999999999789e+00
1.140458386888081321e-01 9.760081802468981160e-02 9.886696247982326158e-01 3.371018199999999965e+00 4.986102527563332498e-03 9.950938091558660936e-01 -9.881017033308586717e-02 -1.869967999999999908e-01 -9.934629763908423561e-01 1.619849686175234282e-02 1.129996603537763988e-01 3.614179099999999867e+00
1.288040980156457405e-01 9.420003899380849366e-02 9.871858269788627016e-01 3.489227099999999915e+00 1.399686182752740704e-03 9.954598406524343135e-01 -9.517219408430163674e-02 -1.977932000000000023e-01 -9.916690704125876721e-01 1.364031897703009422e-02 1.280874563930408661e-01 3.630029700000000137e+00
1.436746237553312988e-01 8.502167466719989797e-02 9.859659818297732414e-01 3.607447399999999860e+00 -1.131602120171590342e-03 9.963161039784056427e-01 -8.574928821822630498e-02 -2.081897000000000053e-01 -9.896243337577170784e-01 1.120427552658549014e-02 1.432415520877888815e-01 3.647566799999999887e+00
1.585771295400182079e-01 7.508237870172504436e-02 9.844876486758677991e-01 3.725768599999999875e+00 -3.651218736602603043e-03 9.971421932584687564e-01 -7.545936009156237190e-02 -2.175136000000000014e-01 -9.873398414875120821e-01 8.371548971447394238e-03 1.583980889380705026e-01 3.666948300000000049e+00
1.713491559925889307e-01 8.344689082106551692e-02 9.816700480064187717e-01 3.840052399999999810e+00 -3.495826932346707272e-03 9.964517598618179983e-01 -8.409321888443128945e-02 -2.264351000000000003e-01 -9.852041645946724158e-01 1.097755348804842213e-02 1.710328839280053081e-01 3.687399099999999930e+00
1.813186413543862452e-01 9.032213713005285416e-02 9.792678192617479960e-01 3.953037999999999830e+00 -6.166552154185996060e-03 9.958582068934391796e-01 -9.071055835741345663e-02 -2.354395999999999989e-01 -9.834050660495549101e-01 1.040880911747043419e-02 1.811246332248236390e-01 3.709028700000000178e+00
1.914297475697658846e-01 8.669381022684702343e-02 9.776701054106785582e-01 4.064039199999999852e+00 -5.298536896624433945e-03 9.961682690962868625e-01 -8.729665029348462890e-02 -2.454578000000000038e-01 -9.814920158881227374e-01 1.153095460312272141e-02 1.911555906423086926e-01 3.731679199999999863e+00
1.990771989266129360e-01 7.392468339156386958e-02 9.771915933188285441e-01 4.173047500000000021e+00 -6.212201261954611309e-03 9.972259127570243242e-01 -7.417470917638052663e-02 -2.542395000000000072e-01 -9.799641204773849035e-01 8.695982484843302329e-03 1.989841764201579766e-01 3.754718299999999953e+00
2.023644322668979867e-01 7.061750274769747204e-02 9.767608739394587625e-01 4.226633500000000154e+00 -1.005719906042051512e-02 9.974939886295713931e-01 -7.003281655714965748e-02 -2.583507999999999916e-01 -9.792586426988302284e-01 4.348672618999967210e-03 2.025675189809501564e-01 3.766637600000000141e+00
2.077347734343896746e-01 7.278378119412934333e-02 9.754736209151161352e-01 4.331704600000000127e+00 -1.343487892572249598e-02 9.973461921523387730e-01 -7.155471352385686656e-02 -2.660746999999999973e-01 -9.780929239772740980e-01 1.759032209810343361e-03 2.081613265505167787e-01 3.789801600000000104e+00
2.088718494409347592e-01 7.711860615507709626e-02 9.748975695404216157e-01 4.382367099999999738e+00 -1.775390844336665469e-02 9.970205945438584960e-01 -7.506485722623740253e-02 -2.698529000000000067e-01 -9.777818515630711804e-01 -1.629306634417411470e-03 2.096186921860333507e-01 3.801767799999999919e+00
2.129960137552258381e-01 8.663596967337425236e-02 9.732044527657782718e-01 4.481855399999999712e+00 -1.958694905995864155e-02 9.962394445610970317e-01 -8.439976615559610651e-02 -2.777638000000000051e-01 -9.768567190488616214e-01 -1.085292288233022373e-03 2.138919647619864639e-01 3.824842199999999970e+00
2.157749028158179594e-01 8.865340700083944314e-02 9.724102862176888795e-01 4.579752899999999904e+00 -2.152521543431762385e-02 9.960597211595489942e-01 -8.603311562455259742e-02 -2.857214000000000143e-01 -9.762058473576822326e-01 -2.367553738552359566e-03 2.168329732166317525e-01 3.847644799999999865e+00
2.163133536150756431e-01 8.566797699793113341e-02 9.725582402945754934e-01 4.627830000000000332e+00 -2.115080688837912837e-02 9.963203382266287989e-01 -8.305676976590439797e-02 -2.899469000000000074e-01 -9.760948603572142668e-01 -2.604103119674398836e-03 2.173293404747098645e-01 3.859082499999999971e+00
2.165491741286194871e-01 8.206839262337717322e-02 9.728161358224008959e-01 4.722170400000000434e+00 -2.033391414101206468e-02 9.966234259282543695e-01 -7.955047973918979998e-02 -2.975325999999999804e-01 -9.760599300862210503e-01 -2.554569091746804188e-03 2.174867514512934807e-01 3.880971900000000030e+00
2.149367312042816669e-01 8.115670000952356078e-02 9.732501177101303691e-01 4.767814600000000347e+00 -2.088819277125564255e-02 9.966953586384735830e-01 -7.849869725846042590e-02 -3.014107999999999787e-01 -9.764045703405782595e-01 -3.457182680848457090e-03 2.159216591867105794e-01 3.891777499999999890e+00
2.110102709578487723e-01 8.489353564772340877e-02 9.737904051465715582e-01 4.857372299999999754e+00 -2.287793858355385845e-02 9.963775051988441600e-01 -8.190523218875842004e-02 -3.088501000000000163e-01 -9.772160792150641484e-01 -4.995471845181863324e-03 2.121880764430028599e-01 3.912106500000000153e+00
2.087209123157685586e-01 8.878790729632446421e-02 9.739364908863474835e-01 4.901317099999999982e+00 -2.118115016203284823e-02 9.960470985572057456e-01 -8.626433987219553345e-02 -3.125736000000000070e-01 -9.777458461378838450e-01 -2.623923343304891687e-03 2.097764891173503621e-01 3.921539099999999944e+00
2.048521932500985132e-01 8.835366595843446857e-02 9.747970089369016877e-01 4.987379999999999924e+00 -1.996652813232818041e-02 9.960874899995357801e-01 -8.608745565275854883e-02 -3.195702999999999738e-01 -9.785892481909687080e-01 -1.828107800459811971e-03 2.058148229523438788e-01 3.939819299999999913e+00
2.023416490006326174e-01 8.546404622497341674e-02 9.755786764185451210e-01 5.029738899999999902e+00 -2.016092694926172046e-02 9.963371682392584416e-01 -8.310104818545938077e-02 -3.229708000000000023e-01 -9.791074476809230598e-01 -2.853767305004854815e-03 2.033235399748822836e-01 3.948896200000000078e+00
1.982061194570943208e-01 8.053135281973117232e-02 9.768464748479077642e-01 5.111351499999999604e+00 -1.647756210265082649e-02 9.967519645084492730e-01 -7.882899971267200157e-02 -3.302370000000000028e-01 -9.800218488160932218e-01 -4.716583203288188253e-04 1.988892993137527654e-01 3.965869699999999831e+00
1.941579027258522605e-01 8.422441372274966365e-02 9.773479201093935309e-01 5.191368100000000041e+00 -9.075796134838380602e-03 9.964189485130923174e-01 -8.406490925815865434e-02 -3.360237999999999836e-01 -9.809283045837842163e-01 7.451655998682006621e-03 1.942270168881249370e-01 3.980979699999999788e+00
1.926628938749281594e-01 8.610734400819053391e-02 9.774796850224526379e-01 5.230726200000000325e+00 -9.563796024276809138e-03 9.962598711772544524e-01 -8.587667254549699591e-02 -3.391041000000000194e-01 -9.812183972640057261e-01 7.196831923535963738e-03 1.927658229067595874e-01 3.988450999999999969e+00
1.913643990784225646e-01 8.886382613217042037e-02 9.774880496305343724e-01 5.270362399999999781e+00 -1.021285399815360234e-02 9.960194516390112884e-01 -8.854913647199305626e-02 -3.422106999999999788e-01 -9.814659262442925192e-01 6.962209554059635430e-03 1.915102171153245658e-01 3.996565599999999829e+00
1.947018386252633015e-01 8.320629908285481768e-02 9.773269186044537538e-01 5.429474400000000145e+00 4.797448303384486967e-03 9.963027608798435963e-01 -8.577757954720763300e-02 -3.547186999999999979e-01 -9.808507422262158215e-01 2.138972781817703034e-02 1.935828014523656160e-01 4.027430100000000124e+00
2.027706366784004510e-01 8.363988101623608118e-02 9.756477024031910972e-01 5.509949699999999950e+00 5.157491386428153524e-04 9.963362647582746368e-01 -8.552064973066572651e-02 -3.614700000000000135e-01 -9.792261245002922276e-01 1.784426605717084197e-02 2.019846015542243745e-01 4.045878400000000319e+00
2.172772027044357346e-01 8.323010474741608655e-02 9.725550713705984895e-01 5.592773399999999562e+00 -3.088988649593421565e-04 9.963639386636869988e-01 -8.519862858095704483e-02 -3.672112000000000154e-01 -9.761098922592820193e-01 1.821129853466772752e-02 2.165128791533068586e-01 4.064317199999999630e+00
2.342961366878193452e-01 8.091110395404310651e-02 9.687923996347723721e-01 5.676660499999999665e+00 -3.514274204394422785e-03 9.965945334914563247e-01 -8.238316388536454093e-02 -3.737503999999999826e-01 -9.721589223012762071e-01 1.589745488701053283e-02 2.337825928467225367e-01 4.085956600000000272e+00
2.536671643002099130e-01 8.443594031208226380e-02 9.635992640820690847e-01 5.762041599999999875e+00 -9.827185006432086201e-03 9.963563954075930207e-01 -8.471929983915904572e-02 -3.801763000000000225e-01 -9.672416431227203182e-01 1.202103631150241991e-02 2.535726690620616619e-01 4.109464599999999912e+00
2.735702815311915059e-01 8.924921063358781659e-02 9.577023960835778782e-01 5.849107300000000009e+00 -1.750771596551505688e-02 9.959828920507243222e-01 -8.781548054839734274e-02 -3.870928000000000146e-01 -9.616926644955837711e-01 7.256524206297451651e-03 2.740338700084862245e-01 4.136072600000000321e+00
2.933752716360812363e-01 9.177881204775018009e-02 9.515816305769880801e-01 5.938134699999999988e+00 -2.199061154015114622e-02 9.957655205267215148e-01 -8.926052394108791033e-02 -3.943515000000000215e-01 -9.557444025452338510e-01 5.260968470833446431e-03 2.941512522737294022e-01 4.165238900000000299e+00
3.137647257293297853e-01 9.389084092773980483e-02 9.448471870508373671e-01 6.030067400000000077e+00 -2.736657447124953707e-02 9.955797648982818160e-01 -8.984432272988375490e-02 -4.008985999999999938e-01 -9.491062993625675182e-01 2.332748371301970880e-03 3.149472825653972796e-01 4.197153100000000414e+00
3.354249559487013643e-01 8.165489159457429980e-02 9.385214848928553621e-01 6.126095300000000243e+00 -2.312712174019309827e-02 9.966500127377944107e-01 -7.844672300210189797e-02 -4.083841999999999750e-01 -9.417830085358442904e-01 4.607687970396144583e-03 3.361897292374372848e-01 4.231296099999999782e+00
3.565159801196720601e-01 7.393670880578004367e-02 9.313590709335894946e-01 6.223351499999999703e+00 -2.225557465392637504e-02 9.972529653538391159e-01 -7.064851371258955293e-02 -4.154725000000000223e-01 -9.340241138836475887e-01 4.459392777467943714e-03 3.571821223128659462e-01 4.268791199999999897e+00
3.747606516244137431e-01 6.630617605482411192e-02 9.247475033818859380e-01 6.324562499999999865e+00 -9.519699597816913550e-03 9.976619100265650131e-01 -6.767635186469091180e-02 -4.214771999999999963e-01 -9.270727206177580282e-01 1.655911528834792812e-02 3.745156423799346213e-01 4.308394899999999694e+00
3.889218769790627750e-01 5.211464961633340692e-02 9.197955408146148981e-01 6.427266099999999760e+00 5.669971619998402657e-03 9.982444240514404266e-01 -5.895694422234311338e-02 -4.278216000000000241e-01 -9.212532903761655456e-01 2.814486002052354885e-02 3.879436065016589330e-01 4.350413800000000109e+00
4.035519476488390600e-01 5.824977753205020509e-02 9.131006455842067826e-01 6.530248199999999947e+00 9.889576895453743022e-03 9.976353972409162107e-01 -6.801331076185077040e-02 -4.343223999999999974e-01 -9.149032854994332276e-01 3.647708307178408604e-02 4.020216419459486934e-01 4.395331900000000402e+00
4.108702229206692702e-01 6.226447782353558558e-02 9.095651679338221385e-01 6.581618299999999699e+00 1.375770714286872476e-02 9.971281048317494067e-01 -7.447327070039777563e-02 -4.376292999999999989e-01 -9.115900314347951117e-01 4.311238054209151627e-02 4.088336302613855278e-01 4.418146100000000409e+00
4.205830671146467692e-01 6.581134940055015370e-02 9.048639400188931425e-01 6.682472200000000306e+00 5.089427725536391917e-03 9.971787348493240666e-01 -7.489104412229852237e-02 -4.454124999999999890e-01 -9.072397595905190570e-01 3.610314466054489330e-02 4.190615486581377169e-01 4.465916599999999903e+00
4.243496306976916599e-01 6.936835473997583768e-02 9.028374284927500604e-01 6.731853000000000087e+00 -1.438966722460868763e-03 9.971116967105591034e-01 -7.593545718412275658e-02 -4.497134999999999883e-01 -9.054972779094945246e-01 3.092403019754965537e-02 4.232237990175371500e-01 4.490592000000000361e+00
4.326323515762967031e-01 7.700038958677365986e-02 8.982762316643185807e-01 6.829843499999999956e+00 -5.855313115716666295e-03 9.965651106224686639e-01 -8.260566323408791156e-02 -4.576611999999999902e-01 -9.015514204291846800e-01 3.047819373768245743e-02 4.315971686985535793e-01 4.538034900000000427e+00
4.400865812822478129e-01 7.770165742686888088e-02 8.945871972079754153e-01 6.924564799999999742e+00 -9.570848515594886086e-03 9.965983931952814290e-01 -8.185378145983653042e-02 -4.668374000000000135e-01 -8.979043377966245965e-01 2.746079229921556328e-02 4.393332505653360087e-01 4.585556999999999661e+00
4.475307499885147755e-01 7.213452170532927421e-02 8.913544965910370488e-01 7.018495999999999846e+00 -8.801326434685029232e-03 9.970484295868792257e-01 -7.626903507537033389e-02 -4.745479000000000225e-01 -8.942252313973856337e-01 2.628763657465878895e-02 4.468447109406253892e-01 4.632905000000000051e+00
4.543694485236643432e-01 7.294999985059086312e-02 8.878213231107370262e-01 7.108548599999999773e+00 -1.223901092892793960e-02 9.970584042101432454e-01 -7.566204600329207164e-02 -4.825407999999999920e-01 -8.907292578891650159e-01 2.351246724020035830e-02 4.539257131122842459e-01 4.680196300000000420e+00
4.593126686557059690e-01 7.175640501390885551e-02 8.853716116704067884e-01 7.195709199999999583e+00 -9.359080800471666906e-03 9.970674232706083773e-01 -7.595367706095490501e-02 -4.897368999999999750e-01 -8.882253542986396910e-01 2.660022165301371283e-02 4.586372730045680246e-01 4.725405699999999598e+00
4.628247910838094725e-01 7.039847778607227768e-02 8.836499686434851064e-01 7.280975299999999706e+00 -8.689300393047012100e-03 9.971539461939076254e-01 -7.488994357453439277e-02 -4.970317000000000207e-01 -8.864071913161060134e-01 2.698262246931235411e-02 4.621192803462879084e-01 4.770621799999999801e+00
4.674345971160386304e-01 7.173403005471705451e-02 8.811124368382705629e-01 7.363723799999999819e+00 -8.098786952262501670e-03 9.970080004021056874e-01 -7.687299125243327036e-02 -5.038656000000000246e-01 -8.839905582464488987e-01 2.879715378824388577e-02 4.666169916160658460e-01 4.814674400000000354e+00
