1.000000000000000000e+00 0.000000000000000000e+00 0.000000000000000000e+00 0.000000000000000000e+00 0.000000000000000000e+00 1.000000000000000000e+00 0.000000000000000000e+00 0.000000000000000000e+00 0.000000000000000000e+00 0.000000000000000000e+00 1.000000000000000000e+00 0.000000000000000000e+00
9.999980213200901913e-01 -1.905013109137441594e-03 -5.729580772826747652e-04 6.185999999999999659e-04 1.907376962964118508e-03 9.999895536800982310e-01 4.153846867544880653e-03 3.936000000000000262e-04 5.650389592432867106e-04 -4.154931495448889109e-03 9.999912085989769439e-01 6.436970000000000192e-02
9.999894050725687267e-01 -4.513245981166810923e-03 -9.057335831550695181e-04 2.824999999999999820e-04 4.522213994170561600e-03 9.999381961582339828e-01 1.015644841508476538e-02 6.746999999999999742e-04 8.598390553477045471e-04 -1.016043672933558163e-02 9.999480117497450138e-01 1.265652999999999917e-01
9.999637576439992515e-01 -8.114348585103495562e-03 -2.576964402668706269e-03 6.489999999999999459e-04 8.139701934742423275e-03 9.999170162930153261e-01 9.985278167745645708e-03 1.378899999999999961e-03 2.495726528837493522e-03 -1.000589199987368845e-02 9.999468253234169435e-01 1.893079000000000012e-01
9.999365182914844441e-01 -1.063306780270311530e-02 -3.727902386964402313e-03 7.581999999999999981e-04 1.065926084395992651e-02 9.999181362763417402e-01 7.078199199483776148e-03 1.969199999999999944e-03 3.652334234984420946e-03 -7.117486547248853997e-03 9.999680004079558593e-01 2.512113000000000262e-01
9.999293890294141951e-01 -1.118642116913679506e-02 -4.010104323958114253e-03 -2.457000000000000091e-04 1.120194242825304186e-02 9.999297704214553661e-01 3.869200270020938925e-03 2.328699999999999954e-03 3.966540192213331359e-03 -3.913848019802749871e-03 9.999844740557631839e-01 3.122617999999999783e-01
9.999254826665791018e-01 -1.119582495824746060e-02 -4.866478964625369635e-03 -6.564000000000000173e-04 1.121172802469863269e-02 9.999318553325040604e-01 3.252974945525079296e-03 2.608699999999999821e-03 4.829727601950786764e-03 -3.307294181095750494e-03 9.999828676214861378e-01 3.736040999999999945e-01
9.999283943469969849e-01 -1.052249307623556208e-02 -5.699413838012508740e-03 -1.430099999999999904e-03 1.055106344043272269e-02 9.999318041564676518e-01 5.006205815540321589e-03 3.125699999999999919e-03 5.646347395645952977e-03 -5.065982219881983405e-03 9.999712268786714597e-01 4.341921999999999726e-01
9.999282298548014536e-01 -1.010781792595124434e-02 -6.431730421831987829e-03 -2.027099999999999996e-03 1.015965243011465388e-02 9.999157584779537755e-01 8.078205862549904526e-03 3.396199999999999827e-03 6.349535569044854541e-03 -8.142970234152214354e-03 9.999466862957360203e-01 4.956978000000000217e-01
9.999183441364675184e-01 -1.054687198581181519e-02 -7.215854121297693956e-03 -2.710100000000000009e-03 1.061605006539723291e-02 9.998974032350794738e-01 9.616781413441431725e-03 3.894799999999999911e-03 7.113686835525608911e-03 -9.692600015467012220e-03 9.999277218702091741e-01 5.562238000000000460e-01
9.999027021929014492e-01 -1.160856247083012945e-02 -7.734818982667023349e-03 -3.419999999999999863e-03 1.168855427602101711e-02 9.998778288517379265e-01 1.037810530256673761e-02 4.436500000000000339e-03 7.613399127216612106e-03 -1.046750438717305998e-02 9.999162302441310102e-01 6.171811999999999854e-01
9.998911006815345281e-01 -1.208042196272389283e-02 -8.476448729978850946e-03 -4.230499999999999886e-03 1.216977510556327934e-02 9.998700757263111472e-01 1.057015803764522512e-02 4.840800000000000138e-03 8.347655464226716795e-03 -1.067216342937653446e-02 9.999082065749772541e-01 6.773805999999999994e-01
9.998861260152079877e-01 -1.200308555822374168e-02 -9.146635413180467453e-03 -5.248700000000000240e-03 1.208279804439821303e-02 9.998890638866676506e-01 8.710103975363489917e-03 5.717100000000000133e-03 9.041072597760350590e-03 -8.819629069599063328e-03 9.999202333933225884e-01 7.377302000000000026e-01
9.998144391983356805e-01 -1.344184405258833613e-02 -1.379869555369507735e-02 -7.752300000000000163e-03 1.350962331197319392e-02 9.998970724074972560e-01 4.830597156133646652e-03 7.039400000000000344e-03 1.373234315352843231e-02 -5.016115965779856939e-03 9.998931249549282141e-01 9.171915000000000484e-01
9.998120852244229972e-01 -1.216111970348774003e-02 -1.509640376872882495e-02 -9.096099999999999325e-03 1.222328265951265307e-02 9.999171624774328970e-01 4.032312500882667509e-03 7.308699999999999572e-03 1.504611578503584762e-02 -4.216082380191312796e-03 9.998779120718422897e-01 9.765161999999999454e-01
9.997995027585704353e-01 -1.086681248296196729e-02 -1.681864055670231894e-02 -1.050880000000000043e-02 1.093804601907455258e-02 9.999315692514335607e-01 4.149212413250727254e-03 7.457300000000000040e-03 1.677240093129237636e-02 -4.332343571995247826e-03 9.998499474251995034e-01 1.035613300000000070e+00
9.997678346859201204e-01 -1.144484601940061810e-02 -1.825629280600933949e-02 -1.187009999999999975e-02 1.153814421124901846e-02 9.999208656631427550e-01 5.013346151182860623e-03 7.804499999999999806e-03 1.819747113164242244e-02 -5.222825965257604265e-03 9.998207710051585373e-01 1.094542300000000079e+00
9.997124440597042749e-01 -1.081788371555673922e-02 -2.140099493223168031e-02 -1.438410000000000036e-02 1.096561839721994780e-02 9.999167684145574553e-01 6.797900893277685277e-03 8.634100000000000455e-03 2.132567479212006678e-02 -7.030621260241972856e-03 9.997478611926887693e-01 1.212516699999999892e+00
9.996728359597678581e-01 -1.188249041829073788e-02 -2.265010961594394329e-02 -1.601889999999999911e-02 1.203860893109364241e-02 9.999046233224506697e-01 6.768763062207064710e-03 9.004899999999999710e-03 2.256751956151228922e-02 -7.039224378249012148e-03 9.997205391413109821e-01 1.270454900000000054e+00
9.996230257969253019e-01 -1.204004257044262276e-02 -2.467475778000007350e-02 -1.736779999999999921e-02 1.220593422810277266e-02 9.999038312058187161e-01 6.583578779415197833e-03 9.319199999999999706e-03 2.459311826952763694e-02 -6.882275410608496187e-03 9.996738532236169039e-01 1.328103299999999987e+00
9.995941977185588412e-01 -1.187059946556571696e-02 -2.589457000451697577e-02 -1.907210000000000155e-02 1.204763305936255163e-02 9.999050350838700751e-01 6.691438678758299639e-03 9.778500000000000733e-03 2.581267954044434015e-02 -7.000691555320732833e-03 9.996422839659643289e-01 1.385580100000000092e+00
9.995686664475877947e-01 -1.184521542739857408e-02 -2.687325673730949285e-02 -2.094379999999999853e-02 1.208915616285731812e-02 9.998870186089339196e-01 8.933214461071483162e-03 1.015139999999999966e-02 2.676440470963029408e-02 -9.254236263245422742e-03 9.995989324482710270e-01 1.442403700000000066e+00
9.995259893234479387e-01 -1.335038721447831707e-02 -2.774101346753891570e-02 -2.264060000000000031e-02 1.368431521678543754e-02 9.998357586895835203e-01 1.188255707634669478e-02 1.035370000000000040e-02 2.757782050906735713e-02 -1.225654139015066105e-02 9.995445167720751201e-01 1.498583800000000021e+00
9.995045878393647998e-01 -1.351239330892586507e-02 -2.842523729234872065e-02 -2.454280000000000003e-02 1.389279457472277282e-02 9.998159900774549191e-01 1.322785864541469424e-02 1.126440000000000080e-02 2.824126673798451476e-02 -1.361621138582294090e-02 9.995083939820268437e-01 1.554786199999999896e+00
9.994875804138059205e-01 -1.275087567779769997e-02 -2.935969632004648694e-02 -2.601749999999999896e-02 1.310414097864983675e-02 9.998436621496561427e-01 1.187150994507782040e-02 1.180849999999999955e-02 2.920373414081963576e-02 -1.225016035053249838e-02 9.994984119465216699e-01 1.609321999999999919e+00
9.994866169371243725e-01 -1.077637803400221042e-02 -3.017237544593389179e-02 -2.811090000000000116e-02 1.106536547520371380e-02 9.998943358585188346e-01 9.427343472672383359e-03 1.210899999999999997e-02 3.006759469066805010e-02 -9.756371995769922909e-03 9.995002516032689410e-01 1.663301300000000094e+00
9.994641245835962362e-01 -1.052382638221856237e-02 -3.099536656699725806e-02 -2.982049999999999979e-02 1.076316110339345031e-02 9.999134593617514666e-01 7.564928967105103742e-03 1.283330000000000061e-02 3.091307220914817078e-02 -7.894483231464117720e-03 9.994908999591242127e-01 1.716183800000000037e+00
9.993927079773994304e-01 -1.026530519154209009e-02 -3.329923048547778208e-02 -3.364820000000000311e-02 1.049142263189851987e-02 9.999230309157053354e-01 6.622861580033274735e-03 1.330590000000000071e-02 3.322868177883921137e-02 -6.968195869369079275e-03 9.994234832910254829e-01 1.821093899999999932e+00
9.993293649686660896e-01 -9.555295340577352886e-03 -3.534850268790552807e-02 -3.581499999999999961e-02 9.761382481482297480e-03 9.999363255923069405e-01 5.662170344155443083e-03 1.373109999999999956e-02 3.529214818302697787e-02 -6.003423349253623337e-03 9.993590061558043081e-01 1.872557900000000108e+00
9.992517561621838684e-01 -9.465045637654129207e-03 -3.750120955207564971e-02 -3.764309999999999878e-02 9.684088570038912325e-03 9.999370689508181309e-01 5.663617802646588213e-03 1.399760000000000067e-02 3.744524316063666675e-02 -6.022545070311901942e-03 9.992805325410462070e-01 1.923843900000000051e+00
9.990880764873876219e-01 -9.729474058528629968e-03 -4.157346215166862063e-02 -4.213639999999999747e-02 1.011937998147499802e-02 9.999066714408448853e-01 9.178592314763568683e-03 1.457860000000000059e-02 4.148027928452661245e-02 -9.590919801277256185e-03 9.990932892817582234e-01 2.023941000000000212e+00
9.989915958954631581e-01 -9.023804101936859848e-03 -4.398138571902555916e-02 -4.420459999999999667e-02 9.497256977575122341e-03 9.998990567119774298e-01 1.056780471052089741e-02 1.507080000000000052e-02 4.388158429384401982e-02 -1.097485061527830007e-02 9.989764557855378424e-01 2.073360000000000092e+00
9.989312065089910320e-01 -7.623582606793985993e-03 -4.558865704020008403e-02 -4.713330000000000297e-02 8.124768298832667907e-03 9.999084701731029146e-01 1.081847568631746047e-02 1.531399999999999949e-02 4.550200877523848109e-02 -1.117731024542785619e-02 9.989017143508642782e-01 2.121548199999999884e+00
9.988591594001110519e-01 -5.329454526198111955e-03 -4.745499549000976175e-02 -4.996099999999999847e-02 5.812022355087381395e-03 9.999327393855464985e-01 1.003678738744221040e-02 1.569960000000000105e-02 4.739831303588371708e-02 -1.030114650754667023e-02 9.988229504281439519e-01 2.168716900000000170e+00
9.987774283826839072e-01 -3.885763014754913414e-03 -4.928031451873910590e-02 -5.255010000000000236e-02 4.357622093014196403e-03 9.999456524578080874e-01 9.471180518973465814e-03 1.608860000000000151e-02 4.924083349179986940e-02 -9.674346309786039169e-03 9.987400799710158816e-01 2.216085000000000083e+00
9.986943748179177849e-01 -3.698045572802443996e-03 -5.094968268782411325e-02 -5.543619999999999798e-02 4.248044154884739014e-03 9.999338274146446492e-01 1.069087988698241148e-02 1.668999999999999997e-02 5.090677585456220011e-02 -1.089335810671859459e-02 9.986439980900362334e-01 2.262375399999999814e+00
9.986327593721801010e-01 -2.276938174382897497e-03 -5.222477823079246795e-02 -5.783259999999999790e-02 2.912790744812080671e-03 9.999225204690205260e-01 1.210242574685928794e-02 1.771059999999999995e-02 5.219317540428397573e-02 -1.223799866936352461e-02 9.985620180188040651e-01 2.308561599999999991e+00
9.987067592012073280e-01 3.307368702985991667e-03 -5.073332670034701175e-02 -6.422559999999999381e-02 -2.781380089740292851e-03 9.999416876072519944e-01 1.043481240642373832e-02 1.878109999999999849e-02 5.076488009064958340e-02 -1.028020901652136783e-02 9.986577212698846129e-01 2.397839499999999902e+00
9.988763277966005161e-01 5.888154816852394363e-03 -4.702564619897473680e-02 -6.875399999999999567e-02 -5.640565036859654380e-03 9.999695333535573161e-01 5.395960594171556567e-03 1.981020000000000003e-02 4.705598573660236400e-02 -5.124646087455578432e-03 9.988791079048731092e-01 2.484048399999999823e+00
9.990113458383614864e-01 6.744536790455880199e-03 -4.394134851945317305e-02 -7.078819999999999557e-02 -6.484134595488666095e-03 9.999605792283398076e-01 6.065969656277047511e-03 2.032439999999999941e-02 4.398052847310329055e-02 -5.775050892024584728e-03 9.990156965245446941e-01 2.526742200000000160e+00
9.991891833441726156e-01 1.599323839039030679e-02 -3.694850759900263071e-02 -7.514020000000000421e-02 -1.553135527281271529e-02 9.997980341759589162e-01 1.275413114554270998e-02 2.038490000000000094e-02 3.714502512309127147e-02 -1.216992948525896616e-02 9.992357779447895716e-01 2.610273400000000077e+00
9.993605303755872526e-01 2.857060652599736211e-02 -2.150001791072912380e-02 -7.951049999999999784e-02 -2.823218563638300177e-02 9.994752022944299874e-01 1.588281123419947594e-02 2.188990000000000033e-02 2.194251630095886071e-02 -1.526566216202365767e-02 9.996426789293948456e-01 2.727364300000000075e+00
9.993452636389494881e-01 3.297333694515162950e-02 -1.489305519697538271e-02 -8.067530000000000534e-02 -3.272205144817044720e-02 9.993230746672432385e-01 1.681248900760275167e-02 2.243269999999999986e-02 1.543733757556474753e-02 -1.631414994135384211e-02 9.997477367417588745e-01 2.763661100000000204e+00
9.993016371117277030e-01 3.652788333696243422e-02 -7.870946877101559977e-03 -8.122169999999999390e-02 -3.639372361354022839e-02 9.992002689596641840e-01 1.656259014996856391e-02 2.275690000000000004e-02 8.469648597323084852e-03 -1.626457038645206729e-02 9.998318502642241645e-01 2.798571100000000200e+00
9.989850587061555043e-01 4.447753826997223603e-02 7.113442999150184666e-03 -8.172290000000000110e-02 -4.458844305486527049e-02 9.988728338868141376e-01 1.627674626170366040e-02 2.337430000000000063e-02 -6.381475362487911383e-03 -1.657740366788486991e-02 9.998422207827742936e-01 2.864653300000000069e+00
9.982187929863023390e-01 5.118249982403484666e-02 3.065278194116010171e-02 -8.014140000000000152e-02 -5.151183107760859414e-02 9.986217958032744813e-01 1.005187572918280099e-02 2.447620000000000004e-02 -3.009605602070736588e-02 -1.161295218304497258e-02 9.994795479416238582e-01 2.952787900000000132e+00
9.969511568194689977e-01 5.495483870681829031e-02 5.539274879467738499e-02 -7.651919999999999555e-02 -5.570931234074182059e-02 9.983728771139209757e-01 1.216843300484132633e-02 2.505459999999999979e-02 -5.463390371229495668e-02 -1.521722530487169996e-02 9.983904910500582819e-01 3.027226000000000194e+00
9.952744591624257398e-01 6.366065803869372375e-02 7.332169908711480555e-02 -7.401879999999999571e-02 -6.468388163614710584e-02 9.978376368950049313e-01 1.166386952401948611e-02 2.525200000000000014e-02 -7.242062134103671722e-02 -1.635148353737172350e-02 9.972401328620430494e-01 3.069078900000000054e+00
9.538604067483350546e-01 6.868729374704501955e-02 2.922881799108678624e-01 -2.694730000000000042e-02 -6.839911164805415056e-02 9.975949667064797355e-01 -1.121801799136643539e-02 2.433849999999999902e-02 -2.923557524039124278e-01 -9.291828646975053632e-03 9.562644905865413936e-01 3.285619699999999810e+00
9.453376244089491953e-01 7.159008799993861472e-02 3.181377613189067532e-01 -2.068069999999999978e-02 -7.143833987469790092e-02 9.973708942601079430e-01 -1.215988810556413099e-02 2.399799999999999850e-02 -3.181718709640935505e-01 -1.123203378528294868e-02 9.479665088726787481e-01 3.301431899999999864e+00
9.118397452382037693e-01 7.260138166270591054e-02 4.040758819635167365e-01 2.437599999999999836e-03 -7.192075987904206213e-02 9.972674185469603270e-01 -1.688491051510378552e-02 2.255329999999999835e-02 -4.041975795354902923e-01 -1.366511197714812519e-02 9.145696153996714095e-01 3.348211099999999885e+00
7.575022214709443702e-01 8.423978953260796709e-02 6.473747309913219228e-01 8.684369999999999590e-02 -7.280261953905439731e-02 9.963547424553198528e-01 -4.446353309224256728e-02 1.859830000000000164e-02 -6.487604820385072246e-01 -1.344935114773830771e-02 7.608738081304078360e-01 3.453647899999999993e+00
7.246474849942994290e-01 8.539523566632939433e-02 6.838082159618503741e-01 1.038247000000000059e-01 -7.278706123416733842e-02 9.962263703641771606e-01 -4.727644982346776437e-02 1.752460000000000129e-02 -6.852649605870200222e-01 -1.551363002360682530e-02 7.281286020169517315e-01 3.469110699999999881e+00
6.882362823067798008e-01 8.282038630802152079e-02 7.207437848003496184e-01 1.231432999999999972e-01 -6.911712835028019364e-02 9.964289342376850822e-01 -4.849950084858632715e-02 1.647250000000000103e-02 -7.221867087430738907e-01 -1.643662452394691054e-02 6.915028525531223824e-01 3.484698299999999804e+00
3.172594701211970403e-01 7.595582198893591208e-02 9.452920933364473699e-01 3.384089000000000125e-01 -5.732152077945626423e-02 9.965007184058866097e-01 -6.083224039999026583e-02 4.960400000000000226e-03 -9.466048129361840369e-01 -3.488597601525467856e-02 3.205031931253031763e-01 3.586494699999999813e+00
2.700913786682326290e-01 7.272344218654645809e-02 9.600843442769149139e-01 3.714368000000000114e-01 -4.639422446345470297e-02 9.969682141961997424e-01 -6.246563710453151286e-02 2.978300000000000131e-03 -9.617162903401024199e-01 -2.767093852727947265e-02 2.726464671612152113e-01 3.593543799999999955e+00
2.261901860858460955e-01 6.669729708560279136e-02 9.717970314216467509e-01 4.068753999999999982e-01 -3.312867218457289653e-02 9.976026311714983885e-01 -6.075756215476715849e-02 9.418999999999999638e-04 -9.735196406841196692e-01 -1.845158099399967985e-02 2.278575176751569398e-01 3.598659800000000075e+00
8.419094082153114056e-02 6.645419047842120175e-02 9.942312236353491040e-01 5.558499000000000079e-01 -4.804504382759821474e-03 9.977891532977565259e-01 -6.628515896474899971e-02 -7.383899999999999665e-03 -9.964380573930432528e-01 8.038216243142909390e-04 8.432408700706339744e-02 3.610676799999999798e+00
3.940702990829735713e-02 6.399298820461674087e-02 9.971719929151895423e-01 6.370457000000000480e-01 7.050169274111048323e-03 9.979045101400998430e-01 -6.431861126651960969e-02 -1.164399999999999984e-02 -9.991983692475751022e-01 9.564836783294651534e-03 3.887329147751694691e-02 3.612151900000000193e+00
1.017522913651522885e-02 6.531692626023430370e-02 9.978126897649353122e-01 7.221731999999999596e-01 1.063375918139867343e-02 9.978008549961250306e-01 -6.542458967906383815e-02 -1.664219999999999935e-02 -9.998916880731092416e-01 1.127621004225096493e-02 9.458287867875836419e-03 3.612318300000000093e+00
-1.064388693040719223e-02 6.945992062121708610e-02 9.975279580534607282e-01 8.109028000000000347e-01 1.610192942136361161e-02 9.974670289083145125e-01 -6.928386615749011768e-02 -2.133670000000000011e-02 -9.998137004161936625e-01 1.532467513893200073e-02 -1.173536501196570381e-02 3.610724900000000126e+00
-2.151540689647324367e-02 7.058413180550207611e-02 9.972737676302043663e-01 9.025851999999999764e-01 2.110172762501957150e-02 9.973145205692106607e-01 -7.013176279721602957e-02 -2.679170000000000162e-02 -9.995457990293985517e-01 1.953528599916059746e-02 -2.294707483781588397e-02 3.607968599999999970e+00
-2.772774935057004120e-02 6.115737201360846309e-02 9.977429266922122064e-01 9.984264000000000472e-01 1.662054484414490427e-02 9.980169223421337943e-01 -6.071227394702705810e-02 -3.188730000000000037e-02 -9.994773281095654660e-01 1.489961634150999831e-02 -2.868923191443228937e-02 3.606032599999999810e+00
-2.885781739050367195e-02 5.561337123911740121e-02 9.980352595549298877e-01 1.047859400000000107e+00 1.788859306254237183e-02 9.983199219876217612e-01 -5.511199144352989937e-02 -3.430489999999999928e-02 -9.994234460996495040e-01 1.626303483514261045e-02 -2.980417897295328800e-02 3.604239699999999935e+00
-2.881994036328875200e-02 5.531767641808685299e-02 9.980527870374198418e-01 1.147686699999999949e+00 2.378655954697673006e-02 9.982227430149193115e-01 -5.464023163099297059e-02 -3.947549999999999670e-02 -9.993015614029507887e-01 2.216551383285018245e-02 -3.008453712708769601e-02 3.600612599999999830e+00
-2.354351374874653902e-02 7.130744918279866007e-02 9.971764892191378182e-01 1.301433599999999968e+00 2.658494336616751275e-02 9.971448890537215615e-01 -7.067751424787807601e-02 -4.737809999999999938e-02 -9.993692729649937823e-01 2.484588346354237726e-02 -2.537199890303920569e-02 3.596412200000000059e+00
-2.143638605355330240e-02 6.711317262972248121e-02 9.975150642534356127e-01 1.355248800000000031e+00 2.592674276853275395e-02 9.974460982136839071e-01 -6.655137239540891148e-02 -5.030269999999999880e-02 -9.994339824932796379e-01 2.443569556757347119e-02 -2.312166559206996208e-02 3.595470900000000025e+00
-1.611150021006675648e-02 5.890711603316174660e-02 9.981334436044293490e-01 1.462696999999999914e+00 2.364564218571247808e-02 9.980062801607270107e-01 -5.851793199843705745e-02 -5.688470000000000332e-02 -9.995905677659260302e-01 2.265869458737786862e-02 -1.747227498036985072e-02 3.594098999999999933e+00
-1.276010570747201575e-02 6.415890860210005098e-02 9.978581132352043470e-01 1.515592499999999898e+00 3.153250174903179937e-02 9.974688488868385106e-01 -6.373065850760309403e-02 -6.009810000000000152e-02 -9.994212730554526969e-01 3.065175276151085176e-02 -1.475089884941815921e-02 3.592810599999999965e+00
1.293641650364212459e-03 6.345051533666416776e-02 9.979841474666779622e-01 1.729230499999999893e+00 2.706867992845157431e-02 9.976170745626117276e-01 -6.346226522956222027e-02 -7.278709999999999347e-02 -9.996327390888171127e-01 2.709621089097153865e-02 -4.269626921747926573e-04 3.592419899999999888e+00
8.001383778703801894e-03 6.899571564552832437e-02 9.975848681090685455e-01 1.836224400000000090e+00 3.124684792925516361e-02 9.971123826760853737e-01 -6.921366056282457491e-02 -7.947469999999999535e-02 -9.994796708048204747e-01 3.172518773122223745e-02 5.822380209743127644e-03 3.592395499999999853e+00
1.149280380306087583e-02 6.975650441976453953e-02 9.974978423795611837e-01 1.890144700000000011e+00 2.770511495706678637e-02 9.971585360857573299e-01 -7.005198438677512351e-02 -8.278810000000000335e-02 -9.995500698143940932e-01 2.844088610512412324e-02 9.527535441828272056e-03 3.593821999999999850e+00
2.590490719942573766e-02 6.734301216913775312e-02 9.973935304056150697e-01 2.105011499999999813e+00 3.834515187632919764e-02 9.969271498656983033e-01 -6.830744606729824420e-02 -9.690329999999999777e-02 -9.989287187335093021e-01 4.001470445527462866e-02 2.324302727242388844e-02 3.597842899999999844e+00
2.847504370982657448e-02 6.717631248421952750e-02 9.973347055661635485e-01 2.158627500000000143e+00 3.857472995012051209e-02 9.969222355384640410e-01 -6.824988277108276491e-02 -1.002028999999999975e-01 -9.988499197051571299e-01 4.041533533219483776e-02 2.579609611913213918e-02 3.599814400000000081e+00
3.574705581482486710e-02 6.463236310816880548e-02 9.972686727455272182e-01 2.268468599999999835e+00 4.214572815761547658e-02 9.969211654022089864e-01 -6.612055331866117935e-02 -1.073033999999999932e-01 -9.984717750635899725e-01 4.439422949162827314e-02 3.291301853687189638e-02 3.602859500000000104e+00
4.720830012837112788e-02 6.655542599624537925e-02 9.966653157752847214e-01 2.484722600000000003e+00 3.688522426622652117e-02 9.969811241086786735e-01 -6.832362989351217775e-02 -1.203540000000000026e-01 -9.982038151749470511e-01 3.998766611661352943e-02 4.461087231523752639e-02 3.613042599999999993e+00
5.243454857148222709e-02 6.714499479797808590e-02 9.963644753751934591e-01 2.594127199999999966e+00 3.241100242708753326e-02 9.970969436921786055e-01 -6.890001307247922702e-02 -1.269780000000000075e-01 -9.980982642193985122e-01 3.590591251167386810e-02 5.010609153514000713e-02 3.619324900000000067e+00
5.918135685556864117e-02 7.254584424017594679e-02 9.956076875377239954e-01 2.704879500000000103e+00 3.019753207724925823e-02 9.967692582820680824e-01 -7.442549832053217684e-02 -1.342848000000000097e-01 -9.977903968555608127e-01 3.446949705603732927e-02 5.679945171853773012e-02 3.625961799999999791e+00
6.560304220825460830e-02 7.717417609407234425e-02 9.948569683111353479e-01 2.816950100000000123e+00 2.416871765191124302e-02 9.965893338144237168e-01 -7.890229917046429065e-02 -1.416938000000000086e-01 -9.975530632202401771e-01 2.922064803395655122e-02 6.351409125848750392e-02 3.633754699999999893e+00
7.157560367813511903e-02 7.679283794744438951e-02 9.944746316513498607e-01 2.930326200000000103e+00 2.220392882734630383e-02 9.966620975394647752e-01 -7.855984262245281624e-02 -1.499157000000000128e-01 -9.971880055951037880e-01 2.770421210234935358e-02 6.963158858626861125e-02 3.642836299999999916e+00
7.609087762806743260e-02 7.805263360832791208e-02 9.940412288877128466e-01 2.987190000000000012e+00 2.156219402693304241e-02 9.965695127699207845e-01 -7.990167711799045502e-02 -1.539298000000000055e-01 -9.968677194746228265e-01 2.751349858391018838e-02 7.414686281386295708e-02 3.646518200000000043e+00
8.383961161686581676e-02 7.698105028417380480e-02 9.935013021738215988e-01 3.102184299999999784e+00 1.665948557898097246e-02 9.967638924341035711e-01 -7.863971185004831055e-02 -1.620549000000000017e-01 -9.963399927053903093e-01 2.314434351543390167e-02 8.228583291832669566e-02 3.657333899999999804e+00
9.329008908800610900e-02 8.026053148100531498e-02 9.923987134032058455e-01 3.218027100000000029e+00 1.318731216408985246e-02 9.965585088939160618e-01 -8.183662474113481688e-02 -1.710682000000000036e-01 -9.955516330536747782e-01 2.072161763765140857e-02 9.191061139302814098e-02 3.669230699999999956e+00
1.067001212013111572e-01 9.394506424970411329e-02 9.898431234487332642e-01 3.333791699999999913e+00 9.671747805347637172e-03 9.953811722551730856e-01 -9.551324104178998686e-02 -1.799406000000000061e-01 -9.942442061334906267e-01 1.976478745234275941e-02 1.052986787521498213e-01 3.682069999999999954e+00
1.208428058634238716e-01 9.529992813678957175e-02 9.880865042941218146e-01 3.451420800000000177e+00 1.539741101796721079e-03 9.953618065136667914e-01 -9.618993362711721062e-02 -1.901779000000000108e-01 -9.926704616681178983e-01 1.314525887810964744e-02 1.201355763320474113e-01 3.697698100000000210e+00
1.357010655495115292e-01 8.976255495707891052e-02 9.866751768116518440e-01 3.569989200000000196e+00 1.225080634185485295e-03 9.958713422754446043e-01 -9.076766391146220969e-02 -2.011406000000000027e-01 -9.907490701414595202e-01 1.352602536156884139e-02 1.350308359292472504e-01 3.714674700000000218e+00
1.499670627383363763e-01 7.717621240340796773e-02 9.856742425024102028e-01 3.688812299999999933e+00 -3.262449798370772869e-03 9.969819429307784642e-01 -7.756521057331802749e-02 -2.104496999999999896e-01 -9.886856105531977024e-01 8.416514066649810610e-03 1.497662371030831219e-01 3.734047400000000128e+00
1.645003199937214999e-01 7.622720787784414975e-02 9.834271998989612129e-01 3.805433999999999983e+00 -3.478572514972147478e-03 9.970480622103179424e-01 -7.670111587133557340e-02 -2.197308000000000039e-01 -9.863708958881651778e-01 9.196435276665672343e-03 1.642798871529341787e-01 3.754043300000000194e+00
1.753074348527994819e-01 8.663726763558127208e-02 9.806942883192356630e-01 3.919417900000000010e+00 -4.301829395056869232e-03 9.961783686324555687e-01 -8.723618591292958691e-02 -2.283405000000000018e-01 -9.845043410514690008e-01 1.107437246168154615e-02 1.750101732054244463e-01 3.775026800000000016e+00
1.854983227133457924e-01 8.906329103170004813e-02 9.786000727882346872e-01 4.031979100000000038e+00 -8.351565596402724112e-03 9.959909828504891482e-01 -8.906297453266116826e-02 -2.382004000000000066e-01 -9.826090899348653984e-01 8.348189691134655366e-03 1.854984746736652035e-01 3.797302000000000177e+00
1.952672836469328266e-01 7.954546074512404419e-02 9.775189039665647117e-01 4.142425099999999638e+00 -4.003069538867337629e-03 9.967617600412501666e-01 -8.031169998036460922e-02 -2.472618000000000038e-01 -9.807418943694691249e-01 1.176917135209767235e-02 1.949533873372547577e-01 3.819360699999999831e+00
2.015512952782404499e-01 7.013772019875930130e-02 9.769635487452865696e-01 4.250353299999999557e+00 -9.308863896909123914e-03 9.975250243384051752e-01 -6.969340622765504700e-02 -2.557745000000000157e-01 -9.794337243655704128e-01 4.952375590025238916e-03 2.017053632192336021e-01 3.842922900000000030e+00
2.067031969089116739e-01 7.213256192149114510e-02 9.757410936812480617e-01 4.355075799999999830e+00 -1.260184122552827218e-02 9.973921833545947857e-01 -7.106353622555636185e-02 -2.635853000000000224e-01 -9.783225347426902641e-01 2.392925781680363406e-03 2.070731559638793184e-01 3.866076899999999927e+00
2.081469386026533475e-01 7.639154079262816532e-02 9.751098319910794787e-01 4.405795099999999742e+00 -1.692570160119433870e-02 9.970773978787726977e-01 -7.449955211008246758e-02 -2.673330999999999902e-01 -9.779511095017227040e-01 -9.975643456892543948e-04 2.088315883426777875e-01 3.877798100000000137e+00
2.120519620935563676e-01 8.588810414453995623e-02 9.734768610186530502e-01 4.504950499999999636e+00 -1.881179956907789302e-02 9.963046420848461482e-01 -8.380439342396961422e-02 -2.751775000000000193e-01 -9.770773160652366229e-01 -5.419655370048903631e-04 2.128840639975452254e-01 3.900799800000000150e+00
2.146735764673645408e-01 8.800037387627020202e-02 9.727133132451450948e-01 4.602426999999999602e+00 -2.085724212828680979e-02 9.961185711975493184e-01 -8.551472134173598860e-02 -2.830372999999999917e-01 -9.764631232245859493e-01 -1.930366024721526241e-03 2.156757813698561010e-01 3.923816899999999830e+00
2.158460697729109312e-01 8.240385011368207835e-02 9.729440269871795222e-01 4.698207899999999881e+00 -2.031803419636746613e-02 9.965958275201386440e-01 -7.989952475356251749e-02 -2.910639999999999894e-01 -9.762159861680114181e-01 -2.522311616697102410e-03 2.167855767668258604e-01 3.946011799999999958e+00
2.141043467158252611e-01 8.021948413285220902e-02 9.735112547283921725e-01 4.790175900000000375e+00 -1.988986560722819791e-02 9.967735296838856618e-01 -7.776196864569701050e-02 -2.986081999999999903e-01 -9.766082745725206404e-01 -2.713832527448389875e-03 2.150091001550792358e-01 3.966744700000000012e+00
2.127255156046277962e-01 8.125074803729109840e-02 9.737279758506099947e-01 4.835121599999999908e+00 -2.121129430184378814e-02 9.966858722477097698e-01 -7.853249681413809746e-02 -3.021597999999999784e-01 -9.768817410540470147e-01 -3.948164789199605507e-03 2.137439495986062088e-01 3.976706699999999817e+00
2.107630958119475484e-01 8.402474779438216801e-02 9.739192775594157636e-01 4.879074600000000039e+00 -2.220624538466637113e-02 9.964534126284828597e-01 -8.116328681717183136e-02 -3.059835000000000194e-01 -9.772849124537222876e-01 -4.520864866481219546e-03 2.118814802458658386e-01 3.986336699999999844e+00
2.066633984878662178e-01 8.856568575982790015e-02 9.743953812653961544e-01 4.965887099999999776e+00 -1.807086648139532431e-02 9.960702902376294965e-01 -8.670306044503936493e-02 -3.130593999999999877e-01 -9.782452062290195594e-01 3.101802959354568734e-04 2.074517299955028760e-01 4.004735000000000156e+00
2.042916041576500197e-01 8.745700666852537775e-02 9.749954935563934777e-01 5.008618799999999815e+00 -1.896853335858583040e-02 9.961677400816144612e-01 -8.538166291958274035e-02 -3.166053999999999813e-01 -9.787262820691585707e-01 -1.051477660505999168e-03 2.051676367798079825e-01 4.014171100000000436e+00
2.017958541054284127e-01 8.455398859387253108e-02 9.757710060658328910e-01 5.050571399999999933e+00 -1.942036184886470479e-02 9.964161596114265995e-01 -8.232670533232352983e-02 -3.200466000000000144e-01 -9.792350498279356330e-01 -2.336638201207094645e-03 2.027147190274964927e-01 4.023222399999999865e+00
1.981566236115229196e-01 7.954033514577293906e-02 9.769377091727904361e-01 5.131718199999999896e+00 -1.558754134711859418e-02 9.968316222790738479e-01 -7.799836779844750156e-02 -3.272459999999999813e-01 -9.800464178158263540e-01 2.278362748599077614e-04 1.987686268428666692e-01 4.039042499999999869e+00
1.923424991313154031e-01 8.498722149567389250e-02 9.776408007087087348e-01 5.250014300000000134e+00 -8.370542969657016052e-03 9.963486326077386490e-01 -8.496667765119783611e-02 -3.362141000000000157e-01 -9.812921568209505008e-01 8.159318791094126444e-03 1.923515751912425742e-01 4.061695099999999670e+00
1.897040329671695336e-01 8.582990588169794877e-02 9.780826177436801050e-01 5.327760699999999794e+00 -7.465690203976645123e-03 9.962690792151317476e-01 -8.597781847437002689e-02 -3.427681000000000200e-01 -9.818129370433907877e-01 9.008277092338375092e-03 1.896370417351481708e-01 4.077329599999999665e+00
1.905392461186840580e-01 8.428721878392693434e-02 9.780544261124703986e-01 5.367311499999999569e+00 -1.347118142803097052e-03 9.963287051333088451e-01 -8.559962967264145295e-02 -3.456923000000000079e-01 -9.816786546325801943e-01 1.499253404379865401e-02 1.899532652041355796e-01 4.084634799999999899e+00
1.981561717365345476e-01 8.173721549474073644e-02 9.767564482540607163e-01 5.486775399999999969e+00 3.514977776526526099e-03 9.964512542831668318e-01 -8.409841121408938303e-02 -3.550211999999999812e-01 -9.801641579521012115e-01 2.009789642400081067e-02 1.971656613748412612e-01 4.108049399999999629e+00
2.096996919396542092e-01 8.172437903878508603e-02 9.743444796739696434e-01 5.566869299999999576e+00 2.911073365593222495e-03 9.964442380416890233e-01 -8.420454931521162423e-02 -3.609217000000000120e-01 -9.777615071438811034e-01 2.049405631500896691e-02 2.087161440892462139e-01 4.126123399999999997e+00
2.258942224659533093e-01 7.957737352886161408e-02 9.708961025149656088e-01 5.649268199999999851e+00 1.746832833240521965e-03 9.966231863882788478e-01 -8.209246572205561310e-02 -3.672353999999999896e-01 -9.741502701490951655e-01 2.024020690413507947e-02 2.249924114118578844e-01 4.145786300000000146e+00
2.346440967267553190e-01 7.946457974061937879e-02 9.688279147701782668e-01 5.690617600000000387e+00 -1.932348647971919575e-03 9.966892867370955589e-01 -8.128180443495659768e-02 -3.703740999999999839e-01 -9.720794277732595079e-01 1.720018227073755179e-02 2.340208106768832952e-01 4.156910899999999742e+00
2.441376434845450305e-01 7.937101686152081559e-02 9.664869645867870673e-01 5.732749000000000095e+00 -3.296505661451461233e-03 9.967070182108895837e-01 -8.102007713882718176e-02 -3.734895999999999772e-01 -9.697349865216977616e-01 1.659402095712994574e-02 2.435953496769532878e-01 4.168483700000000347e+00
2.839134248329606702e-01 9.005517760054249088e-02 9.546115608911058814e-01 5.904951099999999897e+00 -1.806822402847899078e-02 9.959054442908613636e-01 -8.857700216353397993e-02 -3.868474000000000079e-01 -9.586796683356102466e-01 7.900064503328994847e-03 2.843780626222208729e-01 4.220900999999999570e+00
3.041323302233057135e-01 9.112795427670963844e-02 9.482611568878500652e-01 5.993947000000000358e+00 -2.196141648564745724e-02 9.958202776978097859e-01 -8.865478391943079628e-02 -3.939990999999999910e-01 -9.523766176775265713e-01 6.137627815284159294e-03 3.048624404972101187e-01 4.250402000000000236e+00
3.246603084377142068e-01 8.751597199411523254e-02 9.417731355114423719e-01 6.086427200000000148e+00 -2.565624879003869374e-02 9.961585389877437580e-01 -8.372527754404546219e-02 -4.006183999999999856e-01 -9.454826497737290891e-01 3.019908563026633963e-03 3.256584700712067404e-01 4.283557400000000293e+00
3.464008528278743060e-01 7.589553853498616498e-02 9.350113990698754041e-01 6.181998700000000291e+00 -2.059477809254986469e-02 9.970968905626561574e-01 -7.330515633706261025e-02 -4.082317999999999780e-01 -9.378604929708043159e-01 6.136616393990476648e-03 3.469582650172683413e-01 4.318862900000000060e+00
3.661050075665094883e-01 7.045903864735823807e-02 9.279022832753546224e-01 6.280345399999999856e+00 -1.531161032014687409e-02 9.974505605007413234e-01 -6.969888052301101422e-02 -4.144527000000000072e-01 -9.304475686593686179e-01 1.130943100456743844e-02 3.662504863426435664e-01 4.357693199999999933e+00
3.815457298115053075e-01 5.545621742080093786e-02 9.226849213095347224e-01 6.382000900000000421e+00 1.237052991578557748e-03 9.981671594142584869e-01 -6.050447559285460769e-02 -4.202026999999999846e-01 -9.243491362913158760e-01 2.422663443912850129e-02 3.807778150329284017e-01 4.398927699999999774e+00
3.962366972308428714e-01 5.055095823094896829e-02 9.167557364912020113e-01 6.484766999999999726e+00 9.171788652351367532e-03 9.982154376271209495e-01 -5.900693498066070242e-02 -4.270592999999999750e-01 -9.181025858042826115e-01 3.178900289138011925e-02 3.950659454251427283e-01 4.441648999999999958e+00
4.108912045945934954e-01 6.100102625086455121e-02 9.096412989652268299e-01 6.586174999999999891e+00 1.470731074314417242e-02 9.971856456742111963e-01 -7.351518939655328488e-02 -4.332810000000000272e-01 -9.115657480387843181e-01 4.358512197582836700e-02 4.088376501067919611e-01 4.486628500000000130e+00
4.202183521019466350e-01 6.519086349477687392e-02 9.050782772078498351e-01 6.686084300000000091e+00 5.331063685424134585e-03 9.972214693915401051e-01 -7.430289862824793201e-02 -4.405621000000000120e-01 -9.074073596333160907e-01 3.604847155404934667e-02 4.187032259033963699e-01 4.534787200000000240e+00
4.281833966869090236e-01 7.169808812120116726e-02 9.008431400423857482e-01 6.784067600000000198e+00 -1.970886069530539131e-03 9.969194050401335438e-01 -7.840800636750705488e-02 -4.487654999999999839e-01 -9.036897113554862582e-01 3.179754729834627369e-02 4.270056458362668783e-01 4.582664000000000293e+00
4.358178228066820759e-01 7.877086053067322569e-02 8.965812717513682584e-01 6.879402200000000356e+00 -8.218264011896632415e-03 9.964695353621488838e-01 -8.355193134676022759e-02 -4.569054000000000171e-01 -8.999973808076745518e-01 2.904507921146363275e-02 4.349265431230031620e-01 4.629849400000000337e+00
4.438797635559261212e-01 7.410514810304130728e-02 8.930168993530644972e-01 6.973792099999999827e+00 -8.122391258731806452e-03 9.968663921613527545e-01 -7.868559550164325178e-02 -4.650271999999999739e-01 -8.960495423054324338e-01 2.767351086932153675e-02 4.430907294566095445e-01 4.677051500000000139e+00
4.509379136460398008e-01 7.014166207746193316e-02 8.897950018277063222e-01 7.064916099999999588e+00 -8.993027348304469260e-03 9.972138453565868588e-01 -7.405182028986107001e-02 -4.730583999999999900e-01 -8.925100131066705522e-01 2.539082255738023958e-02 4.503123167693620088e-01 4.723963699999999655e+00
4.569492412185264252e-01 7.245428791612551489e-02 8.865369519159256306e-01 7.152605099999999716e+00 -1.010821048291813892e-02 9.970355839477863524e-01 -7.627495278746307394e-02 -4.804113999999999884e-01 -8.894353349348371740e-01 2.589247968935931565e-02 4.563270367454574927e-01 4.770007599999999570e+00
4.610234477961766553e-01 6.960832412170994687e-02 8.846536394516744117e-01 7.238605500000000248e+00 -6.445849983436786890e-03 9.971550788428955592e-01 -7.510126334363412259e-02 -4.874192999999999998e-01 -8.873645426768623778e-01 2.892109871332395818e-02 4.601605572505070851e-01 4.814396399999999687e+00
4.643932198657428900e-01 6.905877506265034604e-02 8.829325132361895978e-01 7.321086400000000438e+00 -6.819510960897889884e-03 9.972044345573862767e-01 -7.440974377954533148e-02 -4.944490000000000274e-01 -8.856028633721675369e-01 2.853421255142067972e-02 4.635659253019880355e-01 4.858905299999999983e+00
4.698358854791002126e-01 7.054599643443038026e-02 8.799303967378004909e-01 7.401439200000000440e+00 -4.356067928377643783e-03 9.969747615544762853e-01 -7.760379820342813706e-02 -5.012541000000000357e-01 -8.827430347435616387e-01 3.262801266501490910e-02 4.687218230478056302e-01 4.901601799999999898e+00
4.763928975821878908e-01 6.811773121264955155e-02 8.765898595282107797e-01 7.478955299999999973e+00 4.250718096922082023e-04 9.969764064024028150e-01 -7.770369612127578374e-02 -5.077696000000000431e-01 -8.792324075278411533e-01 3.739010258600788256e-02 4.749235241398389595e-01 4.943011799999999845e+00
4.826864294476303496e-01 6.688106272276710118e-02 8.732357838958335616e-01 7.553856399999999915e+00 2.809517115660256636e-03 9.969564534647018528e-01 -7.790979725721569604e-02 -5.140987999999999669e-01 -8.757887401883370782e-01 4.005937273793657577e-02 4.810294473472164212e-01 4.985064999999999635e+00
