1.000000000000000000e+00 0.000000000000000000e+00 0.000000000000000000e+00 0.000000000000000000e+00 0.000000000000000000e+00 1.000000000000000000e+00 0.000000000000000000e+00 0.000000000000000000e+00 0.000000000000000000e+00 0.000000000000000000e+00 1.000000000000000000e+00 0.000000000000000000e+00
9.999980428927809362e-01 -1.896871080907557841e-03 -5.622194502972652740e-04 5.209000000000000305e-04 1.899119310917566977e-03 9.999900936550883968e-01 4.025659887575168752e-03 4.265000000000000128e-04 5.545777229351636639e-04 -4.026719730742174888e-03 9.999917389517571920e-01 6.448049999999999615e-02
9.999908163490465185e-01 -4.174170030999398845e-03 -9.713506678485323920e-04 3.066999999999999739e-04 4.183705774747253567e-03 9.999409334193175569e-01 1.003126504954976635e-02 7.349999999999999763e-04 9.294210875430965147e-04 -1.003523677131131116e-02 9.999492138100743999e-01 1.272928999999999866e-01
9.999660075099318091e-01 -7.888642123281452284e-03 -2.398572512520106507e-03 4.033999999999999934e-04 7.911833295104246655e-03 9.999205009744369654e-01 9.818076437957916694e-03 1.406499999999999981e-03 2.320930536984547234e-03 -9.836719802957390527e-03 9.999489248081426807e-01 1.901355999999999880e-01
9.999376611044140661e-01 -1.052731936402953594e-02 -3.721485192989195875e-03 5.456000000000000346e-04 1.055302453047310754e-02 9.999201176908123490e-01 6.956429432629298790e-03 1.988399999999999977e-03 3.647955357887748551e-03 -6.995268701032654468e-03 9.999688788344901491e-01 2.523996000000000017e-01
9.999306581811555628e-01 -1.104718195412463140e-02 -4.079044039177161934e-03 -2.846999999999999813e-04 1.106239608427818204e-02 9.999318667357340873e-01 3.726295649122142017e-03 2.319199999999999994e-03 4.037601054540972470e-03 -3.771161261810871464e-03 9.999847379437657446e-01 3.137337000000000042e-01
9.999264467543033108e-01 -1.112054711644542768e-02 -4.840920691805603547e-03 -7.255999999999999646e-04 1.113581703795843772e-02 9.999330682040408202e-01 3.138899640032640284e-03 2.610700000000000087e-03 4.805690398948827581e-03 -3.192576370895414128e-03 9.999833562594456771e-01 3.753017000000000158e-01
9.999284011088322988e-01 -1.055176307318007357e-02 -5.643841952230456080e-03 -1.469699999999999999e-03 1.057979264946976201e-02 9.999317317695526341e-01 4.959817318988548294e-03 3.117500000000000045e-03 5.591121839891230461e-03 -5.019172879169091391e-03 9.999717732317150443e-01 4.366225000000000245e-01
9.999186132803310478e-01 -1.055231224283222774e-02 -7.170461761250667906e-03 -2.707799999999999790e-03 1.061942294121528962e-02 9.998995546321675087e-01 9.386612956161376545e-03 3.965299999999999728e-03 7.070691050765499919e-03 -9.461995176650606423e-03 9.999302355541318521e-01 5.591218999999999495e-01
9.999042584681661072e-01 -1.148760718618456814e-02 -7.714193306032775775e-03 -3.359200000000000120e-03 1.156712929037366500e-02 9.998795913373570432e-01 1.034429055177635802e-02 4.432300000000000129e-03 7.594433303854859936e-03 -1.043253124489501062e-02 9.999167399711925697e-01 6.205665000000000209e-01
9.998931373855921567e-01 -1.187635209532000163e-02 -8.524439577200067231e-03 -4.062800000000000092e-03 1.196548065177899592e-02 9.998734701690412674e-01 1.048193326115096254e-02 4.776100000000000137e-03 8.398873851252271205e-03 -1.058281215118687425e-02 9.999087273371523032e-01 6.810057000000000471e-01
9.998909465753744730e-01 -1.170918926144369487e-02 -8.999435729052479918e-03 -5.304299999999999640e-03 1.178834150887035637e-02 9.998918522798931896e-01 8.793108025865192801e-03 5.501200000000000361e-03 8.895502294524961287e-03 -8.898237529083068836e-03 9.999208425709527059e-01 7.416460999999999748e-01
9.998683078953636283e-01 -1.248183069753124909e-02 -1.037163289460852483e-02 -6.113000000000000378e-03 1.255120491687100777e-02 9.998991113629145389e-01 6.650890977041605187e-03 6.179099999999999870e-03 1.028757121953826487e-02 -6.780191596993922695e-03 9.999240945593375063e-01 8.019663000000000208e-01
9.998168111318540552e-01 -1.326462500714231663e-02 -1.379832966523550017e-02 -7.665400000000000165e-03 1.333088007219804944e-02 9.998999957180484399e-01 4.720826150952916848e-03 6.943200000000000066e-03 1.373432978456889594e-02 -4.903905226117516274e-03 9.998936542947465256e-01 9.222546000000000355e-01
9.998123174991907502e-01 -1.195950175521831582e-02 -1.524139411813254033e-02 -8.919800000000000298e-03 1.201773042005533157e-02 9.999208103960137706e-01 3.734580636418178071e-03 7.407799999999999975e-03 1.519552343449187895e-02 -3.917046686722395511e-03 9.998768688257598791e-01 9.823210999999999471e-01
9.998021871459180643e-01 -1.069218725723681054e-02 -1.677091857635781141e-02 -1.050629999999999967e-02 1.076270474326977700e-02 9.999335921120313664e-01 4.120139868843269125e-03 7.359199999999999769e-03 1.672575154807218190e-02 -4.299825297127353278e-03 9.998508692487927396e-01 1.041729600000000033e+00
9.997670069987204533e-01 -1.139293108749168254e-02 -1.833392587680092445e-02 -1.165700000000000069e-02 1.147887343914951244e-02 9.999235843340954499e-01 4.589221831972987130e-03 8.031299999999999897e-03 1.828024018956952296e-02 -4.798605390187365115e-03 9.998213871511855144e-01 1.101143999999999901e+00
9.997486196957450222e-01 -1.086128344953374812e-02 -1.961453385327696641e-02 -1.322549999999999941e-02 1.098483424510286223e-02 9.999204297744810344e-01 6.202220265743019212e-03 8.084900000000000767e-03 1.954560904807213506e-02 -6.416123552898767707e-03 9.997883788709958086e-01 1.160415299999999927e+00
9.996697895069845963e-01 -1.180030981157592813e-02 -2.282684024152133867e-02 -1.585019999999999832e-02 1.195399290829880258e-02 9.999067147708792236e-01 6.607859687966086658e-03 9.045900000000000815e-03 2.274673604298988600e-02 -6.878549589726762510e-03 9.997175959014287239e-01 1.278463799999999928e+00
9.996143425880414934e-01 -1.203788270766409201e-02 -2.502509684685052388e-02 -1.702619999999999828e-02 1.219885426901477603e-02 9.999058092555459520e-01 6.289719511640220681e-03 9.399700000000000416e-03 2.494702480860325200e-02 -6.592571344194126520e-03 9.996670365458044660e-01 1.336633299999999913e+00
9.995876795876574850e-01 -1.144549058307887252e-02 -2.633384821622848648e-02 -1.869689999999999894e-02 1.161561087636643966e-02 9.999125874042530393e-01 6.316259534008151350e-03 9.929699999999999638e-03 2.625925361718312728e-02 -6.619538945029633872e-03 9.996332493988101531e-01 1.394482999999999917e+00
9.995637265457679721e-01 -1.172093595686827389e-02 -2.711044511313071698e-02 -2.060800000000000132e-02 1.196344222292005169e-02 9.998897094353818016e-01 8.800284961668219247e-03 1.013469999999999996e-02 2.700430751039423205e-02 -9.120779874698350942e-03 9.995937068381139934e-01 1.451536799999999960e+00
9.995154016914743478e-01 -1.329309948979022146e-02 -2.814702981639946588e-02 -2.205040000000000125e-02 1.362476868906489780e-02 9.998396039590641271e-01 1.162463045224013981e-02 1.051400000000000078e-02 2.798798777511914138e-02 -1.200249394651840308e-02 9.995361987838977669e-01 1.508296000000000081e+00
9.994923951437905130e-01 -1.309873123414210215e-02 -2.904092439618019550e-02 -2.373990000000000128e-02 1.348490220898679141e-02 9.998227103412038463e-01 1.314173878842716213e-02 1.108199999999999984e-02 2.886363563626396372e-02 -1.352668200354018892e-02 9.994918305878403020e-01 1.564634800000000103e+00
9.994882640310592814e-01 -1.265848150991268940e-02 -2.937640056308464531e-02 -2.600260000000000071e-02 1.300857640773733954e-02 9.998462608446055944e-01 1.175719417654002424e-02 1.172830000000000053e-02 2.922305603498136228e-02 -1.213332274869525357e-02 9.994992723734481554e-01 1.620219700000000040e+00
9.994826392121789471e-01 -1.082364589209733850e-02 -3.028700386403164815e-02 -2.802730000000000152e-02 1.110847266184880090e-02 9.998954971029297978e-01 9.251848918241748279e-03 1.214310000000000042e-02 3.018370004784604391e-02 -9.583504728829508532e-03 9.994984245553036883e-01 1.674705000000000110e+00
9.994593770214260653e-01 -1.062830749543914287e-02 -3.111258208064988234e-02 -2.973970000000000086e-02 1.085504489988594300e-02 9.999156774813301451e-01 7.127827668652720640e-03 1.297410000000000056e-02 3.103420184512958174e-02 -7.461702676664573076e-03 9.994904708445202512e-01 1.727951500000000085e+00
9.993898054530735431e-01 -1.072517888832047461e-02 -3.324134916457814615e-02 -3.365909999999999735e-02 1.094459599414678713e-02 9.999194591498947737e-01 6.425809824986906255e-03 1.324849999999999986e-02 3.316975391818247076e-02 -6.785701967778789284e-03 9.994266964984533930e-01 1.833641300000000030e+00
9.993113664103711047e-01 -9.874370968435618526e-03 -3.576716037113878560e-02 -3.546980000000000272e-02 1.007971054692976924e-02 9.999337115605663184e-01 5.565242133124537194e-03 1.361990000000000076e-02 3.570983615654316906e-02 -5.921932344083944907e-03 9.993446544205781823e-01 1.886012000000000022e+00
9.992411181049735136e-01 -9.927813623765614423e-03 -3.766465723956696765e-02 -3.750780000000000086e-02 1.014349408401959800e-02 9.999332091407584500e-01 5.539565437076367053e-03 1.389619999999999918e-02 3.760714581153094815e-02 -5.917412789046029402e-03 9.992750806508657879e-01 1.937651400000000024e+00
9.990786289834512335e-01 -1.009826274029815112e-02 -4.171232669338063859e-02 -4.207090000000000135e-02 1.049156339088763885e-02 9.999024476308042697e-01 9.220754824950877851e-03 1.432639999999999955e-02 4.161514395220079765e-02 -9.649886608389482770e-03 9.990871130598586447e-01 2.038100200000000140e+00
9.989951279541179341e-01 -9.314014740860843827e-03 -4.384043171939115691e-02 -4.437139999999999834e-02 9.789702435867325692e-03 9.998953825755964031e-01 1.064826888366932067e-02 1.475860000000000019e-02 4.373666711299278864e-02 -1.106675351712388400e-02 9.989817970896359700e-01 2.087796200000000102e+00
9.989272465450632632e-01 -7.940684501437747164e-03 -4.562128493967521764e-02 -4.719480000000000203e-02 8.441472733850907337e-03 9.999061011849025293e-01 1.079492247730674294e-02 1.512920000000000063e-02 4.553128208146638850e-02 -1.116845301982495077e-02 9.989004795319511576e-01 2.136163499999999882e+00
9.988509982570630275e-01 -5.631149484188397066e-03 -4.759173705965599743e-02 -4.990069999999999922e-02 6.114124057981769854e-03 9.999312182179249664e-01 1.000881212832779171e-02 1.554149999999999976e-02 4.753210249791521569e-02 -1.028829377026519928e-02 9.988167250519108809e-01 2.183956400000000020e+00
9.987774214581106591e-01 -3.972772107614169594e-03 -4.927351689567754239e-02 -5.262519999999999698e-02 4.444158251148363527e-03 9.999453693002468002e-01 9.460860026020860569e-03 1.590079999999999966e-02 4.923323920814481197e-02 -9.668272688240251572e-03 9.987405131766206035e-01 2.231627700000000214e+00
9.986880020921582446e-01 -4.055634820086624279e-03 -5.104729477043266905e-02 -5.545089999999999741e-02 4.606596082832556047e-03 9.999323547560602377e-01 1.068013036109997579e-02 1.651000000000000037e-02 5.100052695514992185e-02 -1.090127232053940756e-02 9.986391282701126970e-01 2.278249000000000191e+00
9.986880523114510799e-01 3.320337455628642048e-03 -5.109940830910977144e-02 -6.373739999999999961e-02 -2.787175681304547743e-03 9.999409729263714075e-01 1.050153868645930209e-02 1.844200000000000006e-02 5.113126071281551971e-02 -1.034533818888519301e-02 9.986383570420653832e-01 2.414060099999999931e+00
9.987532502226071918e-01 5.049075918401344648e-03 -4.966338693794900699e-02 -6.596259999999999624e-02 -4.681823523632810610e-03 9.999608515806861497e-01 7.508384281746984142e-03 1.874419999999999906e-02 4.969935309711568522e-02 -7.266507992085768745e-03 9.987377894939838407e-01 2.457543799999999834e+00
9.988605737972240384e-01 5.638025084228968919e-03 -4.738952190758913274e-02 -6.835839999999999972e-02 -5.379994206887965882e-03 9.999700111385143586e-01 5.570680925471288743e-03 1.932170000000000068e-02 4.741950838857481032e-02 -5.309378192327482947e-03 9.988609516481243844e-01 2.500546700000000122e+00
9.989933124635439476e-01 6.956746568476134852e-03 -4.431664845515861928e-02 -7.039389999999999536e-02 -6.686555909307597377e-03 9.999581619326871618e-01 6.242143403803437213e-03 1.974379999999999885e-02 4.435821934194181249e-02 -5.939533768229508098e-03 9.989980331889689591e-01 2.543208400000000147e+00
9.991718216299984023e-01 1.590721881934849952e-02 -3.745171891948327614e-02 -7.454860000000000653e-02 -1.543487178249459101e-02 9.997980730301345709e-01 1.286770757702219471e-02 1.990250000000000005e-02 3.764884584749669805e-02 -1.227898834037914784e-02 9.992155877745744208e-01 2.626789800000000064e+00
9.993090970662560357e-01 2.469967700350052253e-02 -2.777146875026097889e-02 -7.797540000000000027e-02 -2.431790625727749122e-02 9.996062193774120086e-01 1.400162909305533061e-02 2.081300000000000164e-02 2.810636860012760002e-02 -1.331661135274198569e-02 9.995162329378116661e-01 2.706437799999999783e+00
9.993319240901538114e-01 3.315494245217811414e-02 -1.537710262903326658e-02 -8.027560000000000251e-02 -3.289046795758169411e-02 9.993119034461335204e-01 1.714458364605729937e-02 2.176799999999999916e-02 1.593494938185736204e-02 -1.662736966143836190e-02 9.997347688093775053e-01 2.781587099999999868e+00
9.991874033521530585e-01 4.028948257340117522e-02 -1.136035364444994231e-03 -8.122509999999999453e-02 -4.026445321372394692e-02 9.990450267674708673e-01 1.696491375113058989e-02 2.234840000000000090e-02 1.818458078016172742e-03 -1.690538627630458132e-02 9.998554401137533798e-01 2.850546099999999861e+00
9.989891938169348506e-01 4.447934176523054423e-02 6.494520238048528959e-03 -8.123969999999999803e-02 -4.458144919401309941e-02 9.988689971728020867e-01 1.652939426482893590e-02 2.272139999999999924e-02 -5.751958340620434360e-03 -1.680222137493577253e-02 9.998422877294775857e-01 2.883486500000000063e+00
9.987035484077145808e-01 4.890552315733994598e-02 1.412346283836690003e-02 -8.132390000000000452e-02 -4.909946661344705837e-02 9.986995457593522696e-01 1.372806171090638731e-02 2.316910000000000150e-02 -1.343371788131799208e-02 -1.440371843554094471e-02 9.998060152445147342e-01 2.914598499999999870e+00
9.953545574263857887e-01 6.372600889925778000e-02 7.216855825285256598e-02 -7.302669999999999995e-02 -6.474328875566351393e-02 9.978316732825429636e-01 1.184307203648158821e-02 2.482989999999999850e-02 -7.125736152584116745e-02 -1.646048553148529367e-02 9.973221349415861692e-01 3.089663999999999966e+00
9.937859016050055727e-01 6.216946228466347507e-02 9.232843402962048751e-02 -6.942239999999999522e-02 -6.343636719864337303e-02 9.979269243174222481e-01 1.084808918698299679e-02 2.463349999999999915e-02 -9.146261032665239932e-02 -1.663765853735613837e-02 9.956695130567317920e-01 3.126170600000000022e+00
9.927299400524680628e-01 6.084143220023337933e-02 1.038536771195301273e-01 -6.626740000000000408e-02 -6.183756398012322381e-02 9.980657324616813986e-01 6.396043052671213439e-03 2.465310000000000071e-02 -1.032636519034039330e-01 -1.277160183970130029e-02 9.945720207114318034e-01 3.143890600000000202e+00
9.612768373381266329e-01 6.779914811269056873e-02 2.671144277503598174e-01 -3.190950000000000036e-02 -6.773262850469265184e-02 9.976585277324530043e-01 -9.473810139515294326e-03 2.373489999999999975e-02 -2.671313029823611518e-01 -8.985408054603547662e-03 9.636182487941156172e-01 3.291773599999999966e+00
9.248782181044681305e-01 7.448457215986035995e-02 3.728972112875965084e-01 -5.042300000000000428e-03 -7.453223660032963493e-02 9.971159123583827055e-01 -1.431094088669301184e-02 2.233680000000000040e-02 -3.728876873580788120e-01 -1.455698567260723525e-02 9.277622900209251400e-01 3.355064399999999836e+00
9.123200961058879344e-01 7.256463787057876313e-02 4.029967935009596824e-01 3.501399999999999998e-03 -7.196119552637844641e-02 9.972682494940517950e-01 -1.666207938655895476e-02 2.202540000000000053e-02 -4.031049845632744266e-01 -1.379898118635671835e-02 9.150497033158695448e-01 3.370470500000000147e+00
8.148606453590738763e-01 7.629740439338603131e-02 5.746136395247033457e-01 5.870039999999999980e-02 -6.657781606345344882e-02 9.970582959655484023e-01 -3.797563501111832218e-02 1.973360000000000045e-02 -5.758207386446015930e-01 -7.311670746746729704e-03 8.175432810669270856e-01 3.446040899999999851e+00
6.081085803820606150e-01 8.144128451073739949e-02 7.896652908941586002e-01 1.678120999999999918e-01 -6.520402536883374012e-02 9.964868206620338675e-01 -5.255902703220423355e-02 1.347759999999999930e-02 -7.911715297844175154e-01 -1.952776034553413767e-02 6.112824854635308114e-01 3.537536600000000142e+00
4.663993113303880333e-01 7.832307518022513237e-02 8.810999820025263718e-01 2.461737999999999982e-01 -5.698212609533578193e-02 9.966637436350923585e-01 -5.843303371328681384e-02 9.288700000000000429e-03 -8.827370614719848296e-01 -2.295382359424376351e-02 4.693062990054674977e-01 3.577184200000000036e+00
3.669760336822079361e-01 7.599601526241275828e-02 9.271209178780890348e-01 3.067848000000000241e-01 -5.979141293816112035e-02 9.965234002678039493e-01 -5.801809767264373002e-02 6.332599999999999861e-03 -9.283068337795070679e-01 -3.414261827876204775e-02 3.702441140319957524e-01 3.599839400000000023e+00
1.464779690239612076e-01 6.786209887303544519e-02 9.868834480966643952e-01 4.781869999999999732e-01 -2.073242028578596574e-02 9.976355742260134551e-01 -6.552425343203875652e-02 -2.664300000000000088e-03 -9.889966488010506485e-01 -1.086262285448933926e-02 1.475385782939910850e-01 3.628972099999999923e+00
1.137961768371799631e-01 6.853338549571291738e-02 9.911375309258235733e-01 5.165830999999999618e-01 -1.200662075175079613e-02 9.976399528586625820e-01 -6.760447853721632261e-02 -4.929300000000000175e-03 -9.934315634181175581e-01 -4.207081252046614150e-03 1.143504668638207766e-01 3.631776100000000174e+00
8.492161092456412819e-02 6.700703407032870818e-02 9.941319718141421458e-01 5.559372999999999676e-01 -4.843994733872890313e-03 9.977521321302638135e-01 -6.683725416660005192e-02 -7.278500000000000247e-03 -9.963758606635322312e-01 8.603572573598131101e-04 8.505530008408968001e-02 3.633577600000000185e+00
-1.023122165561195836e-03 6.687874590426290400e-02 9.977605857956642899e-01 7.700894999999999824e-01 1.086524737767817841e-02 9.977029550245888334e-01 -6.686374155418678411e-02 -1.915740000000000151e-02 -9.999404480370098769e-01 1.077250581231054341e-02 -1.747426126490259080e-03 3.635226999999999986e+00
-9.985969731187090831e-03 6.981441852080923216e-02 9.975100136716067434e-01 8.153337000000000501e-01 1.586552039873563927e-02 9.974452443504981947e-01 -6.965105731467688410e-02 -2.177420000000000050e-02 -9.998242673945282322e-01 1.513048211976040364e-02 -1.106810009976832987e-02 3.634163599999999938e+00
-2.094104905224430935e-02 7.111757983768464408e-02 9.972480946598104579e-01 9.086788999999999561e-01 2.068282735242502404e-02 9.972841786487985916e-01 -7.068583782838518126e-02 -2.713430000000000009e-02 -9.995667527070423164e-01 1.914567457212048088e-02 -2.235508952961684503e-02 3.631491899999999884e+00
-2.700186218145315953e-02 6.171861574268811684e-02 9.977282755888702281e-01 1.006009099999999989e+00 1.633741894139304623e-02 9.979861360741321130e-01 -6.129242160460972311e-02 -3.232779999999999682e-02 -9.995018700237970899e-01 1.464529530703384194e-02 -2.795580698714583701e-02 3.629424999999999901e+00
-2.479724821116433692e-02 7.102752781479791666e-02 9.971660778294015870e-01 1.259771799999999997e+00 2.553188181650339547e-02 9.971924285150186584e-01 -7.039448503418066494e-02 -4.563740000000000158e-02 -9.993664090272706968e-01 2.371393693247685411e-02 -2.654109461006648463e-02 3.620434799999999953e+00
-2.254431080266839499e-02 7.185797812164657072e-02 9.971600598854236663e-01 1.312727900000000059e+00 2.651263194082837185e-02 9.971057390624530337e-01 -7.125465231330192772e-02 -4.825299999999999728e-02 -9.993942337226099371e-01 2.483095062594945987e-02 -2.438420581049960401e-02 3.619341899999999779e+00
-1.787260895910331923e-02 6.085749267425473452e-02 9.979864405062818244e-01 1.421138400000000024e+00 2.534242558240307197e-02 9.978527676932503754e-01 -6.039549215397174708e-02 -5.514870000000000189e-02 -9.995190500008469536e-01 2.421197208661724984e-02 -1.937650879496932710e-02 3.617736799999999864e+00
-1.190905411872270059e-02 6.454495173401375574e-02 9.978437370829414954e-01 1.529451499999999964e+00 3.136068900789851233e-02 9.974477026798471702e-01 -6.414505127946483476e-02 -6.173089999999999827e-02 -9.994371824256623738e-01 3.052916023000198931e-02 -1.390283283017013094e-02 3.616410500000000194e+00
2.135398057550315799e-03 6.386913760393804484e-02 9.979559976957225187e-01 1.746302100000000079e+00 2.676497506694162920e-02 9.975971063152042628e-01 -6.390343950991403399e-02 -7.459230000000000027e-02 -9.996394731025789460e-01 2.684672667683112371e-02 4.208110475268922457e-04 3.616576900000000094e+00
5.526116231048626599e-03 6.495068023304530203e-02 9.978731738936894580e-01 1.800570800000000027e+00 3.151644732486584555e-02 9.973813655720156213e-01 -6.509320362157872131e-02 -7.807450000000000501e-02 -9.994879566995391595e-01 3.180912993098132524e-02 3.464630660554024466e-03 3.616770700000000005e+00
8.718205347776246741e-03 6.961119792950110075e-02 9.975361016115327217e-01 1.854652200000000084e+00 3.121168201570206913e-02 9.970690121202874234e-01 -6.985138491987616383e-02 -8.119809999999999528e-02 -9.994747739694409550e-01 3.174375832024026872e-02 6.519969819061333105e-03 3.616819399999999796e+00
2.646832890342167011e-02 6.792690391037817244e-02 9.973391415612898880e-01 2.127687499999999954e+00 3.825672287539683830e-02 9.968889723786327206e-01 -6.891153680414187355e-02 -9.890440000000000342e-02 -9.989173392828335496e-01 3.997890037286871978e-02 2.378732446242859400e-02 3.622697800000000079e+00
3.274473155149622977e-02 6.644714088428384235e-02 9.972525056493589668e-01 2.237705000000000055e+00 4.005808537805229802e-02 9.968985886488973547e-01 -6.773886436663442701e-02 -1.057022999999999990e-01 -9.986606692723335454e-01 4.216611694406727229e-02 2.998143142670350869e-02 3.626014000000000070e+00
4.273426681031624458e-02 6.747286092517475187e-02 9.968054953092687631e-01 2.402079599999999981e+00 3.774546943278505456e-02 9.968956127313208793e-01 -6.909715518270589940e-02 -1.159952000000000066e-01 -9.983732077622492485e-01 4.057770761903975454e-02 4.005480828690022310e-02 3.632165399999999877e+00
5.029505882996456595e-02 6.754870707854350453e-02 9.964474794133945101e-01 2.568622599999999867e+00 3.555895184778631868e-02 9.969564935795300897e-01 -6.937802860484862388e-02 -1.264311999999999936e-01 -9.981011812440544473e-01 3.892199996949677332e-02 4.774002427311152541e-02 3.641220999999999819e+00
5.332450401856111966e-02 6.742719372941416434e-02 9.962981836864657215e-01 2.624374899999999844e+00 3.241610531233790615e-02 9.970749786258124026e-01 -6.921476081527133672e-02 -1.303335999999999939e-01 -9.980509472905447765e-01 3.598694963610913483e-02 5.098280169169078224e-02 3.644327399999999884e+00
5.660374343243627926e-02 6.959846469522591728e-02 9.959679060800615824e-01 2.680596400000000212e+00 3.108178616753577705e-02 9.969609119202791359e-01 -7.143432418467275669e-02 -1.336934999999999929e-01 -9.979127911787034622e-01 3.499991164492753659e-02 5.426847507325738285e-02 3.647748500000000060e+00
6.871540378898467749e-02 7.676217006107284579e-02 9.946787232718068417e-01 2.906878199999999968e+00 2.023265936293829059e-02 9.967231216613722244e-01 -7.831767514879843517e-02 -1.490961000000000092e-01 -9.974311168081835266e-01 2.550662645518505037e-02 6.693712893197290015e-02 3.664387200000000178e+00
7.244258569406888948e-02 7.725122962432096063e-02 9.943763469127208099e-01 2.964509000000000061e+00 2.225450050026234194e-02 9.966224492914853572e-01 -7.904701623543124167e-02 -1.533155999999999963e-01 -9.971242695799963363e-01 2.785571915731387127e-02 7.047871965911089998e-02 3.668511399999999867e+00
7.659001276349651499e-02 7.864439422170813043e-02 9.939562511511198517e-01 3.021941700000000175e+00 2.159041422508803376e-02 9.965198689075674965e-01 -8.051089917541402741e-02 -1.572449999999999959e-01 -9.968288839908666654e-01 2.762625797941385339e-02 7.462550443098070474e-02 3.672911200000000154e+00
8.440846440725931210e-02 7.752030712950958025e-02 9.934112004195215784e-01 3.137753200000000131e+00 1.661375023295440234e-02 9.967210694459470721e-01 -7.919023314604312080e-02 -1.656784000000000034e-01 -9.962927252768661868e-01 2.318861153829967006e-02 8.284379189366208873e-02 3.683561800000000108e+00
9.382913743931040051e-02 8.102775673690115754e-02 9.922855413667883706e-01 3.254541399999999918e+00 1.299514703394908516e-02 9.964980064979442886e-01 -8.260053994490068607e-02 -1.745787000000000033e-01 -9.955035003057299825e-01 2.064523392477450245e-02 9.244758079706738574e-02 3.695681599999999900e+00
1.070605624945823869e-01 9.465173892746886475e-02 9.897368762839694467e-01 3.371208399999999994e+00 9.340242637792407765e-03 9.953185987043671190e-01 -9.619587798155468383e-02 -1.835826999999999876e-01 -9.942086279176068908e-01 1.954316737842844154e-02 1.056752988309375141e-01 3.708858999999999906e+00
1.289164101011935903e-01 9.409940526815947781e-02 9.871807641636863861e-01 3.549404399999999793e+00 9.115825416689260496e-04 9.954759808406807853e-01 -9.500916054020373813e-02 -1.996015999999999901e-01 -9.916550449747588702e-01 1.314813665365408002e-02 1.282474104169212259e-01 3.732602799999999998e+00
1.361110393702916477e-01 9.086711648574277711e-02 9.865175883394604606e-01 3.609658500000000103e+00 3.771690136574468166e-04 9.957799468106246499e-01 -9.177230123171598031e-02 -2.045291999999999943e-01 -9.906935160306006294e-01 1.286330717180207694e-02 1.355023712837890582e-01 3.741425500000000071e+00
1.434518254407289861e-01 8.533767518767873539e-02 9.859711227877239192e-01 3.669430999999999887e+00 -1.603434172983898842e-03 9.962940319304746106e-01 -8.599785426725156667e-02 -2.097131000000000134e-01 -9.896560022434945925e-01 1.075560938676988626e-02 1.430570309007694885e-01 3.750915500000000069e+00
1.653724566890548975e-01 7.692702762448476450e-02 9.832264149164671174e-01 3.847509599999999974e+00 -4.317335460541860126e-03 9.970001952002707224e-01 -7.727853120461848635e-02 -2.239773999999999932e-01 -9.862217353025373168e-01 8.534822287769250337e-03 1.652084913839733105e-01 3.780734999999999957e+00
1.711831254534775526e-01 8.339614760511751546e-02 9.817033259211278562e-01 3.905333000000000165e+00 -3.828591460569977234e-03 9.964599065154281510e-01 -8.398212068465704672e-02 -2.285725999999999869e-01 -9.852317897060602903e-01 1.061778093057595684e-02 1.708964109649564467e-01 3.791300800000000137e+00
1.761374802501717018e-01 8.721523407264550332e-02 9.804943095177931500e-01 3.962820499999999857e+00 -5.230150816849382656e-03 9.961361043893464107e-01 -8.766702375722658369e-02 -2.327141000000000071e-01 -9.843516818564153059e-01 1.031331555178917336e-02 1.759130522410882191e-01 3.802226500000000176e+00
1.863790902758273027e-01 8.970039145480489251e-02 9.783745062504488610e-01 4.076412699999999667e+00 -8.988338402731582688e-03 9.959374207494867681e-01 -8.959834665672028464e-02 -2.426891999999999938e-01 -9.824367890509356771e-01 7.905297193313266801e-03 1.864281679241964751e-01 3.824547499999999989e+00
1.916480398162250520e-01 8.677779405637089938e-02 9.776198869158242433e-01 4.132462499999999928e+00 -5.279843608361839413e-03 9.961603161822165653e-01 -8.738848731507745105e-02 -2.474120999999999959e-01 -9.814495158112158668e-01 1.158615218509971567e-02 1.913703451203290218e-01 3.835632599999999837e+00
1.992407765715418499e-01 7.392839264953673939e-02 9.771579737746730610e-01 4.242791200000000096e+00 -6.009358602311783148e-03 9.972236967365110116e-01 -7.422119829506901301e-02 -2.564607999999999888e-01 -9.799321407936151251e-01 8.915796510859545776e-03 1.991318859756497917e-01 3.859159000000000006e+00
2.056522037339217623e-01 7.068749457899094202e-02 9.760688752385899836e-01 4.351063700000000090e+00 -1.143354605845096905e-02 9.974933749657519666e-01 -6.983008609448432269e-02 -2.646402999999999950e-01 -9.785583503930208593e-01 3.200782650999323131e-03 2.059449194967194474e-01 3.883031599999999806e+00
2.075495794926152104e-01 7.268278144093964777e-02 9.755205714563107700e-01 4.403731299999999571e+00 -1.344554292801652257e-02 9.973536382276864121e-01 -7.144884666226714032e-02 -2.685153000000000123e-01 -9.781320920140640363e-01 1.712774359306855343e-03 2.079775876775780130e-01 3.895219099999999823e+00
2.109160778464628239e-01 8.110198454082698238e-02 9.741339108199675856e-01 4.506368199999999824e+00 -1.917385672466366889e-02 9.967036969662268486e-01 -7.882958627417686881e-02 -2.764443999999999790e-01 -9.773161061417985351e-01 -2.051476881489600057e-03 2.117758723708577095e-01 3.919070500000000123e+00
2.128017817425956748e-01 8.663588020834597780e-02 9.732469501353199215e-01 4.557175199999999649e+00 -2.016299633142628472e-02 9.962386101465489086e-01 -8.427387040009182151e-02 -2.803404999999999925e-01 -9.768873298728547594e-01 -1.689944909666146744e-03 2.137481902147635449e-01 3.930736500000000078e+00
2.151436236418468040e-01 8.873800919391722219e-02 9.725424345140709637e-01 4.656236599999999726e+00 -2.236887283874077620e-02 9.960496454632924435e-01 -8.593449424051849417e-02 -2.883948000000000067e-01 -9.763262030357373611e-01 -3.266419561190045395e-03 2.162786992957712595e-01 3.954506199999999971e+00
2.164709741086376371e-01 8.302877415636555902e-02 9.727520444751318607e-01 4.753409399999999785e+00 -2.176223757493126951e-02 9.965398870582156121e-01 -8.021632326235886290e-02 -2.968036000000000008e-01 -9.760464755247004742e-01 -3.804755457351725878e-03 2.175288519983498148e-01 3.976780199999999876e+00
2.150893243971074564e-01 8.112858903100454711e-02 9.732187495996130755e-01 4.847078299999999729e+00 -2.106513349260802012e-02 9.966970273658561918e-01 -7.843019693335226417e-02 -3.042426999999999770e-01 -9.763671659172764583e-01 -3.631484807098080136e-03 2.160878748027323937e-01 3.997700000000000031e+00
2.118359419859819903e-01 8.467539702567976334e-02 9.736301201285089135e-01 4.937747500000000400e+00 -2.296309020231984341e-02 9.963957454124554580e-01 -8.165913918427908369e-02 -3.121176999999999979e-01 -9.770354293326681816e-01 -5.059215601340309731e-03 2.130168401000901435e-01 4.017398400000000258e+00
2.077597973614057902e-01 8.905663196318946984e-02 9.741174379425311392e-01 5.026325700000000118e+00 -1.936420416718961229e-02 9.960262407408542185e-01 -8.692959997960014729e-02 -3.196340999999999766e-01 -9.779881871461021392e-01 -8.025328746690194026e-04 2.086587207467400784e-01 4.036189099999999641e+00
2.030072012209895027e-01 8.511904068814618585e-02 9.754705660166023140e-01 5.112584599999999924e+00 -2.044014517264245573e-02 9.963658019530217125e-01 -8.268850684244530291e-02 -3.265506000000000242e-01 -9.789638791690642439e-01 -3.152397633791582943e-03 2.040092783954113864e-01 4.054912999999999990e+00
2.009585713495991022e-01 8.114137624769914015e-02 9.762334401472619883e-01 5.154621599999999582e+00 -2.008361934239680235e-02 9.966953990210661862e-01 -7.870787638062372304e-02 -3.302952000000000110e-01 -9.793938435763408501e-01 -3.789278409825111438e-03 2.019240959714690975e-01 4.063562899999999978e+00
1.975530214577359833e-01 8.163770995171784617e-02 9.768869371768457155e-01 5.236573199999999595e+00 -1.297311098669454849e-02 9.966567310987548556e-01 -8.066634209427844815e-02 -3.368781000000000136e-01 -9.802063568985085462e-01 3.262616953220741356e-03 1.979516436566525206e-01 4.079227900000000240e+00
1.936368215187355968e-01 8.534055306166846155e-02 9.773544757943506411e-01 5.315936100000000053e+00 -8.919195877248674298e-03 9.963214152001071966e-01 -8.522960494193851377e-02 -3.432472999999999774e-01 -9.810327360985588996e-01 7.786373789138975599e-03 1.936856811594269701e-01 4.094695100000000032e+00
1.908310059950718007e-01 8.662913038001424093e-02 9.777928824247552608e-01 5.395418199999999942e+00 -8.162999779949046963e-03 9.962038800148571571e-01 -8.666714993546616175e-02 -3.495222000000000051e-01 -9.815889631538758930e-01 8.557056324841702533e-03 1.908137421716582516e-01 4.110910900000000368e+00
1.939708408643593118e-01 8.306398954760393916e-02 9.774843663889509759e-01 5.475429499999999727e+00 2.901341433783462265e-03 9.963559343001667790e-01 -8.524338333692826897e-02 -3.559148999999999785e-01 -9.810030046397706371e-01 1.937074663706673389e-02 1.930230013818678980e-01 4.125492099999999773e+00
1.991600343666231898e-01 8.220147636232491561e-02 9.765132861333427616e-01 5.556264399999999881e+00 3.212196264461265882e-03 9.964155914874225362e-01 -8.453195156820027256e-02 -3.623898999999999870e-01 -9.799617148165760128e-01 1.997213870931481561e-02 1.981821161687700172e-01 4.142503300000000444e+00
2.107195224865636707e-01 8.195034781572840821e-02 9.741054477498397590e-01 5.638371499999999870e+00 2.722111758316339558e-03 9.964267906008918985e-01 -8.441706628627576592e-02 -3.686034999999999728e-01 -9.775427729519613473e-01 2.043994779072046825e-02 2.097434995028517601e-01 4.161122299999999719e+00
2.268814886609884229e-01 7.993947724467226346e-02 9.706361162046375224e-01 5.722290499999999724e+00 1.278006762951179598e-03 9.966004551260125854e-01 -8.237657155610697557e-02 -3.750211999999999990e-01 -9.739215352386905167e-01 1.993019870631219242e-02 2.260080316666628342e-01 4.181022200000000133e+00
2.451502213791636464e-01 7.981286391113970313e-02 9.661942225619282176e-01 5.808026800000000378e+00 -3.809883334510828778e-03 9.966771514947128097e-01 -8.136424569405559248e-02 -3.813671000000000144e-01 -9.694776190024834150e-01 1.626537557780704385e-02 2.446397020325776772e-01 4.204212700000000247e+00
2.639299696164543185e-01 8.591640078480450304e-02 9.607077303813280622e-01 5.894705799999999662e+00 -1.261996502950962773e-02 9.962472752776739826e-01 -8.562769986671665834e-02 -3.878083999999999976e-01 -9.644592825106261813e-01 1.047561826315748790e-02 2.640237750678774420e-01 4.229958500000000399e+00
2.846772169481405768e-01 9.034046944625102882e-02 9.543571038824474329e-01 5.983651599999999959e+00 -1.840236833921335413e-02 9.958810814935230571e-01 -8.878189208841449909e-02 -3.949945000000000261e-01 -9.584467825550719855e-01 7.711751002330284599e-03 2.851671332855678642e-01 4.258318400000000281e+00
2.944811906236325938e-01 9.119978586655788644e-02 9.512956572100924602e-01 6.028903500000000193e+00 -2.172487132570086188e-02 9.958176128286276851e-01 -8.874295434666940041e-02 -3.985728000000000049e-01 -9.554103088907767161e-01 5.466355109878577589e-03 2.952308598826403063e-01 4.273201499999999875e+00
3.148507727634582976e-01 9.321671239366541295e-02 9.445526112508343397e-01 6.121839500000000100e+00 -2.707904401931759270e-02 9.956426606572928995e-01 -8.923238007733833022e-02 -4.055058000000000273e-01 -9.487548241064457377e-01 2.517302084249863070e-03 3.160030805624585160e-01 4.305823799999999757e+00
3.360790063122212068e-01 8.130008498127529182e-02 9.383182816604541676e-01 6.217488300000000301e+00 -2.312846033666997661e-02 9.966793435784576660e-01 -7.807278915518339746e-02 -4.127263999999999933e-01 -9.415497734260495077e-01 4.536768238741460679e-03 3.368433491926222656e-01 4.340135599999999982e+00
3.573558316124695322e-01 7.342165388831328743e-02 9.310779077783262192e-01 6.316139200000000287e+00 -2.183932759612837449e-02 9.972895617110513200e-01 -7.026075627495162457e-02 -4.197986000000000217e-01 -9.337129394962402351e-01 4.773975542867722743e-03 3.579907202356044094e-01 4.377882999999999747e+00
3.758944763999916283e-01 6.570460821132947937e-02 9.243301612907436349e-01 6.418131800000000275e+00 -8.934498406691963879e-03 9.976937128571705671e-01 -6.728618033069244664e-02 -4.257927000000000239e-01 -9.266194026406943118e-01 1.703407717105159119e-02 3.756145935193861973e-01 4.417540999999999940e+00
3.898503589557017479e-01 5.138875973493815114e-02 9.194432516447196280e-01 6.521251699999999651e+00 6.358337318660124693e-03 9.982677259584064045e-01 -5.849033130675602987e-02 -4.320158000000000054e-01 -9.208562695495169370e-01 2.864860699469959013e-02 3.888482842299945119e-01 4.459813099999999864e+00
4.046840587101697695e-01 5.725507678832183339e-02 9.126624068119751909e-01 6.625563600000000442e+00 1.099064565562491574e-02 9.976613898318356100e-01 -6.746078080546329125e-02 -4.387401000000000217e-01 -9.143905174125203095e-01 3.733105169659221845e-02 4.031083901946100889e-01 4.505408799999999658e+00
4.171250889007148133e-01 6.296250550552963399e-02 9.066655299006557422e-01 6.728840400000000166e+00 1.314165417114367476e-02 9.970753098891644850e-01 -7.528694000338169434e-02 -4.462030000000000163e-01 -9.087540685659772910e-01 4.331915638482451703e-02 4.150776958051231036e-01 4.552784899999999801e+00
4.250304327801081028e-01 6.883126640963377341e-02 9.025582463061315730e-01 6.829177900000000356e+00 -8.487263398519531710e-04 9.971345118061188950e-01 -7.564420023222616363e-02 -4.539323000000000108e-01 -9.051786624055792041e-01 3.138506220511762257e-02 4.238709320017437499e-01 4.602581500000000325e+00
4.290708148829777135e-01 7.181230626032730768e-02 9.004116994382239669e-01 6.878836200000000289e+00 -1.763100483406998542e-03 9.968993501489373799e-01 -7.866751012528411247e-02 -4.581933000000000256e-01 -9.032691333663201982e-01 3.216641637172570900e-02 4.278670288365976626e-01 4.626830599999999905e+00
4.334450873319563025e-01 7.630978642334229622e-02 8.979433015306793608e-01 6.928433400000000297e+00 -5.121727320163339814e-03 9.966009039834384797e-01 -8.222168867550139204e-02 -4.619693000000000271e-01 -9.011654255335425079e-01 3.103956628912628996e-02 4.323626037801283628e-01 4.650734899999999783e+00
4.406223375530273212e-01 7.755280497875235990e-02 8.943363562380954868e-01 7.024546100000000237e+00 -9.143407070966849681e-03 9.965973245051966689e-01 -8.191563279507990680e-02 -4.707205999999999890e-01 -8.976460069294802668e-01 2.791657624085341211e-02 4.398321395879887241e-01 4.699688400000000321e+00
4.481894248309665763e-01 7.139727053500878606e-02 8.910828632791889525e-01 7.118951299999999982e+00 -8.162452829512223396e-03 9.970907281990044613e-01 -7.578557978523906002e-02 -4.790015000000000245e-01 -8.939013445752796994e-01 2.669287357572453639e-02 4.474682968286993745e-01 4.746945400000000426e+00
4.517962281050412199e-01 7.025054366618610491e-02 8.893509034035231853e-01 7.164628500000000066e+00 -8.722321098793721361e-03 9.971949399149914184e-01 -7.433823324902465168e-02 -4.830491000000000090e-01 -8.920785219837472635e-01 2.582852923691429659e-02 4.511416603382476520e-01 4.770622300000000315e+00
4.578824909388600761e-01 7.252074087552583259e-02 8.860498669005542061e-01 7.254057900000000281e+00 -1.017633601867650936e-02 9.970295059442129126e-01 -7.634531067376550129e-02 -4.906156999999999879e-01 -8.889544795302287694e-01 2.594043984792127056e-02 4.572603491487499117e-01 4.817595500000000364e+00
4.600663192201993601e-01 7.107298440059900413e-02 8.850353737606029281e-01 7.298173399999999589e+00 -8.565505968296451000e-03 9.970999364022079536e-01 -7.561976549963611571e-02 -4.940917000000000225e-01 -8.878432373041340586e-01 2.720933139761229705e-02 4.593408737073266801e-01 4.840483200000000430e+00
4.635688911461563477e-01 6.958929451257936383e-02 8.833239571362052622e-01 7.384041800000000322e+00 -7.708245148167404415e-03 9.971901374051432843e-01 -7.451451414756321556e-02 -5.015608000000000288e-01 -8.860273506603839611e-01 2.773373309082528132e-02 4.628027376005765525e-01 4.885896699999999981e+00
4.708048312372015154e-01 7.062655333452912132e-02 8.794058794707908522e-01 7.508114299999999908e+00 -4.110057298222322131e-03 9.969553028681272799e-01 -7.786675485806443531e-02 -5.121645999999999699e-01 -8.822278154267839678e-01 3.304563582692103541e-02 4.696616522988426023e-01 4.952434499999999851e+00
4.772440581280384952e-01 6.825038519238338375e-02 8.761164271388663938e-01 7.587190599999999563e+00 7.058367722972622160e-04 9.969493615058706570e-01 -7.804788522111028026e-02 -5.186328000000000049e-01 -8.787705108706891366e-01 3.786628466232232204e-02 4.757399854016263196e-01 4.995130999999999766e+00
