1.000000000000000000e+00 0.000000000000000000e+00 0.000000000000000000e+00 0.000000000000000000e+00 0.000000000000000000e+00 1.000000000000000000e+00 0.000000000000000000e+00 0.000000000000000000e+00 0.000000000000000000e+00 0.000000000000000000e+00 1.000000000000000000e+00 0.000000000000000000e+00
9.999979361953875712e-01 -2.013859021866757325e-03 -2.682849337803886597e-04 2.506000000000000198e-04 2.014930722805160189e-03 9.999897439052811698e-01 4.056123572161495286e-03 4.095999999999999815e-04 2.601137211750922679e-04 -4.056655776670498037e-03 9.999917379082498003e-01 6.360490000000000588e-02
9.999892619731234333e-01 -4.529913702005471977e-03 -9.776606263180108967e-04 3.369000000000000033e-04 4.539546488098841932e-03 9.999388258526912265e-01 1.008647956542320367e-02 6.897000000000000136e-04 9.319099367744296996e-04 -1.009080939239729441e-02 9.999486522365416130e-01 1.262841000000000102e-01
9.999632367478494821e-01 -8.224224694485356840e-03 -2.426371970409210103e-03 5.331000000000000018e-04 8.248214930638899517e-03 9.999154911353043129e-01 1.004875803773633454e-02 1.314099999999999904e-03 2.343523676465802345e-03 -1.006840185022440763e-02 9.999465661628925695e-01 1.885095999999999994e-01
9.999338433019059336e-01 -1.086757772654240069e-02 -3.768922105466150640e-03 7.219999999999999855e-04 1.089432107705544904e-02 9.999150967383302335e-01 7.149341441407538154e-03 1.884899999999999900e-03 3.690906087878330355e-03 -7.189928312115587659e-03 9.999673405382383251e-01 2.501113999999999837e-01
9.999247221249356610e-01 -1.153346290446455834e-02 -4.186802694358999870e-03 -3.700000000000000150e-06 1.154926074889464464e-02 9.999262023128823174e-01 3.768886346235540176e-03 2.262000000000000122e-03 4.143025407138287326e-03 -3.816957108501363438e-03 9.999841329635723586e-01 3.109484000000000137e-01
9.999223563091492739e-01 -1.140671585422144661e-02 -5.016790466002845825e-03 -4.658999999999999947e-04 1.142360974330470201e-02 9.999291307607686141e-01 3.351804953508809998e-03 2.425399999999999865e-03 4.978201843175690533e-03 -3.408854563448755759e-03 9.999817984428386319e-01 3.721364999999999812e-01
9.999294023456705149e-01 -1.051488786751374714e-02 -5.534207961742196487e-03 -1.518899999999999894e-03 1.054346919656214999e-02 9.999310978201140232e-01 5.160898135271302541e-03 2.880800000000000201e-03 5.479560377561652589e-03 -5.218883539140716128e-03 9.999713684264532887e-01 4.326572000000000195e-01
9.999237315990560093e-01 -1.049129119676499820e-02 -6.516424943450477292e-03 -1.854500000000000029e-03 1.054373577907581801e-02 9.999118764560327444e-01 8.066533208037227065e-03 3.274700000000000180e-03 6.431222344156571624e-03 -8.134625449276209480e-03 9.999462321784906571e-01 4.938379999999999992e-01
9.998999576878604412e-01 -1.191981452730608154e-02 -7.615289715397224012e-03 -3.387300000000000207e-03 1.199885969320545545e-02 9.998737192938802476e-01 1.041982876469088777e-02 4.240599999999999752e-03 7.490125624953253465e-03 -1.051016113374733142e-02 9.999167137972366781e-01 6.143596000000000057e-01
9.998921932121302980e-01 -1.213616653444428602e-02 -8.265313985817663439e-03 -4.152000000000000308e-03 1.222402725980621142e-02 9.998684194514763091e-01 1.066381456881454123e-02 4.512699999999999698e-03 8.134808601770123632e-03 -1.076370036069293143e-02 9.999089796794294882e-01 6.742118000000000277e-01
9.998843812485327387e-01 -1.230685585382278180e-02 -8.931149659028228896e-03 -5.117599999999999927e-03 1.238578658277536895e-02 9.998842444303097654e-01 8.836856384174531301e-03 5.374300000000000258e-03 8.821361910990489427e-03 -8.946453991488049692e-03 9.999210691524673678e-01 7.338599999999999568e-01
9.998638426935250179e-01 -1.292389977534083752e-02 -1.026006280365040352e-02 -5.935900000000000030e-03 1.299307024814405458e-02 9.998931129949867325e-01 6.703932481874814477e-03 6.070899999999999734e-03 1.017232518476967121e-02 -6.836329409243491022e-03 9.999248913796194849e-01 7.933649000000000395e-01
9.998166004334057000e-01 -1.368089805847912815e-02 -1.340143746398264092e-02 -7.735599999999999594e-03 1.374735840187034722e-02 9.998935937358597315e-01 4.879686768433475971e-03 6.721900000000000271e-03 1.333325296985174262e-02 -5.063026199912650654e-03 9.998982898929975605e-01 9.122293999999999681e-01
9.998079927638602316e-01 -1.255908603040058365e-02 -1.504150802219657822e-02 -8.699000000000000135e-03 1.262125008952710327e-02 9.999121669136197266e-01 4.045059243965445223e-03 7.014300000000000222e-03 1.498938463308014356e-02 -4.234125197791760442e-03 9.998786879077535827e-01 9.713039999999999452e-01
9.997938610014940330e-01 -1.128034162584214996e-02 -1.688162896552250145e-02 -9.956100000000000713e-03 1.135403718062769941e-02 9.999263982619897018e-01 4.275967551980316798e-03 7.138199999999999927e-03 1.683215207352284012e-02 -4.466760751255610846e-03 9.998483518539023063e-01 1.029991099999999937e+00
9.997678909395861790e-01 -1.177716836296860067e-02 -1.804058068804723081e-02 -1.151469999999999924e-02 1.186578674275623815e-02 9.999180155865267094e-01 4.813025085930253653e-03 7.723400000000000057e-03 1.798241783484861439e-02 -5.025973622359665959e-03 9.998256709236666984e-01 1.088825699999999896e+00
9.997428970906867551e-01 -1.126370665157555226e-02 -1.967914198301857695e-02 -1.273529999999999975e-02 1.139032009650992050e-02 9.999150688780801266e-01 6.333690759993288247e-03 7.850400000000000433e-03 1.960612977666918375e-02 -6.556214076083451484e-03 9.997862850290401004e-01 1.147341100000000003e+00
9.997091558972850400e-01 -1.119645502558719134e-02 -2.135984573908981596e-02 -1.387069999999999970e-02 1.134297250877929104e-02 9.999128787216512437e-01 6.750699315285057373e-03 8.421200000000000213e-03 2.128240094074884334e-02 -6.991020057210268340e-03 9.997490610391973620e-01 1.206124799999999997e+00
9.996668667945869391e-01 -1.223193659009938310e-02 -2.272740989091249358e-02 -1.538139999999999993e-02 1.238906537209395232e-02 9.999002275114216021e-01 6.785726329091430059e-03 8.751899999999999957e-03 2.264213974649351840e-02 -7.065037145205252042e-03 9.997186698055794407e-01 1.263642799999999955e+00
9.996227824000601947e-01 -1.222796080144434791e-02 -2.459206948185407859e-02 -1.681339999999999918e-02 1.239517382610830221e-02 9.999010067054067141e-01 6.658562557703825643e-03 8.898700000000000707e-03 2.450821438992563384e-02 -6.960873806688073345e-03 9.996753941471525629e-01 1.320864800000000061e+00
9.995975940374948188e-01 -1.179095190860568639e-02 -2.579967921391074573e-02 -1.858589999999999895e-02 1.196452350888971110e-02 9.999067483966149750e-01 6.583668287039880565e-03 9.545299999999999618e-03 2.571964563630252734e-02 -6.889699848142668073e-03 9.996454530804136374e-01 1.377927200000000019e+00
9.995668435027325049e-01 -1.200413029937979006e-02 -2.687054569113645972e-02 -2.028790000000000107e-02 1.225058774245053189e-02 9.998842180444417194e-01 9.026273074744276328e-03 9.833400000000000821e-03 2.675908200870240686e-02 -9.351543263592632452e-03 9.995981693503849241e-01 1.434538599999999997e+00
9.995187097617944660e-01 -1.360297018154204597e-02 -2.788024458927685148e-02 -2.163659999999999889e-02 1.393602224824035986e-02 9.998334188532677080e-01 1.178651042857123583e-02 1.025470000000000027e-02 2.771526871625770369e-02 -1.216937740504200026e-02 9.995417800840340483e-01 1.490180000000000060e+00
9.995023039015266120e-01 -1.323395954055338157e-02 -2.863576104138424935e-02 -2.346399999999999875e-02 1.362327408622626169e-02 9.998168256003222565e-01 1.344327525814981508e-02 1.071489999999999942e-02 2.845260794218730169e-02 -1.382669741383758810e-02 9.994995105250998879e-01 1.545631200000000094e+00
9.994940184080634005e-01 -1.266641413878775123e-02 -2.917651657354989464e-02 -2.551519999999999830e-02 1.301866519688720837e-02 9.998442621334552305e-01 1.191494168252236682e-02 1.138860000000000046e-02 2.902105309931518606e-02 -1.228875224224448837e-02 9.995032591469302785e-01 1.600171400000000022e+00
9.994948493954550761e-01 -1.087508628908459216e-02 -2.986266113663537183e-02 -2.768299999999999927e-02 1.116387079213235559e-02 9.998923556125040024e-01 9.520776051060442224e-03 1.174110000000000084e-02 2.975590732767398675e-02 -9.849349515721143172e-03 9.995086674427711149e-01 1.653526199999999946e+00
9.994650400004656543e-01 -1.066721633287121343e-02 -3.091673191938798526e-02 -2.916579999999999867e-02 1.090933081107251651e-02 9.999110510418462994e-01 7.673102739107291216e-03 1.243490000000000047e-02 3.083213126143183325e-02 -8.006278792175400283e-03 9.994925108182550755e-01 1.705876799999999971e+00
9.994001591406772578e-01 -1.065745161422952322e-02 -3.295057866987043810e-02 -3.309430000000000011e-02 1.089157991531288991e-02 9.999166422167437007e-01 6.934126112274592059e-03 1.271210000000000048e-02 3.287393186914697868e-02 -7.288850600947451887e-03 9.994329278447753317e-01 1.809407399999999999e+00
9.993309092468009025e-01 -9.744819642564806969e-03 -3.525297596084746993e-02 -3.498849999999999877e-02 9.960990607676864853e-03 9.999326169534045183e-01 5.961561777740647695e-03 1.320119999999999974e-02 3.519250616361357248e-02 -6.308727514319195824e-03 9.993606393425118473e-01 1.860538400000000037e+00
9.992641207686630000e-01 -9.523879953147964053e-03 -3.715525070658044077e-02 -3.697369999999999823e-02 9.749284692675325506e-03 9.999351269578574675e-01 5.890103883175604529e-03 1.350379999999999983e-02 3.709674369014060585e-02 -6.248006595023737272e-03 9.992921464822869249e-01 1.911060999999999899e+00
9.991018194103677974e-01 -9.948590624257380374e-03 -4.118956172968776114e-02 -4.147569999999999729e-02 1.034980943920851305e-02 9.999009393000606316e-01 9.539026754778459280e-03 1.395869999999999923e-02 4.109058159073549626e-02 -9.956763100890117860e-03 9.991058137019761531e-01 2.009695499999999857e+00
9.990137270193010233e-01 -9.228555829615634268e-03 -4.343278697372866815e-02 -4.354220000000000312e-02 9.710081096943339388e-03 9.998935685776184634e-01 1.088879434126412138e-02 1.441959999999999943e-02 4.332767651393749919e-02 -1.129979090139411266e-02 9.989970105928688282e-01 2.058396300000000068e+00
9.989530559383288377e-01 -7.663972296654335443e-03 -4.510050509817126185e-02 -4.637179999999999774e-02 8.174027158598390005e-03 9.999045855210445533e-01 1.113575924661207653e-02 1.479280000000000005e-02 4.501085770660845364e-02 -1.149275348313559195e-02 9.989203868706911793e-01 2.105939400000000017e+00
9.988777728190242344e-01 -5.363739531586291659e-03 -4.705768020571248628e-02 -4.912790000000000212e-02 5.855358794146404630e-03 9.999296496903399278e-01 1.031554378332937179e-02 1.523829999999999976e-02 4.699903979335768450e-02 -1.057950700133382209e-02 9.988389080778297124e-01 2.152612200000000087e+00
9.988014041714350366e-01 -3.647959663243356167e-03 -4.881032078838285632e-02 -5.169870000000000021e-02 4.123218858852069867e-03 9.999450359605124294e-01 9.639715979805629081e-03 1.567939999999999959e-02 4.877247268092419624e-02 -9.829417491624962977e-03 9.987615473476958439e-01 2.199230200000000135e+00
9.987135038037396884e-01 -3.799781779322477550e-03 -5.056578861727750729e-02 -5.434139999999999804e-02 4.355470933885277444e-03 9.999312842325596140e-01 1.088378086733649691e-02 1.619330000000000075e-02 5.052095795807659551e-02 -1.109001674722127559e-02 9.986614262779677231e-01 2.245060200000000172e+00
9.986637150637215354e-01 -1.989630707714338999e-03 -5.164131664445424652e-02 -5.690300000000000219e-02 2.640729549657381322e-03 9.999178473263394817e-01 1.254293210157424697e-02 1.690579999999999861e-02 5.161211836934649633e-02 -1.266254192119637377e-02 9.985869262460441709e-01 2.290517100000000195e+00
9.986646921897924800e-01 3.293390442302705952e-04 -5.165969521068659864e-02 -5.964210000000000345e-02 3.409349269681174847e-04 9.999158869422222207e-01 1.296544653780734406e-02 1.745089999999999836e-02 5.165961998352933127e-02 -1.296574627019643315e-02 9.985805791656546804e-01 2.334807599999999983e+00
9.989048537937343930e-01 6.050493929758886738e-03 -4.639487677022238743e-02 -6.756850000000000356e-02 -5.786616484163309773e-03 9.999663216855301240e-01 5.819842298220296965e-03 1.896739999999999884e-02 4.642852718947027002e-02 -5.544999361307042553e-03 9.989062242498540911e-01 2.463292599999999943e+00
9.990384963189803402e-01 7.089672848734252138e-03 -4.326452832990031888e-02 -6.956450000000000133e-02 -6.820115604907819006e-03 9.999564225611342616e-01 6.374872694723858479e-03 1.971940000000000151e-02 4.330783873441989423e-02 -6.073674146360119597e-03 9.990433131684117729e-01 2.505584999999999951e+00
9.992022652390467607e-01 1.615355058898051976e-02 -3.652254022554991125e-02 -7.333639999999999604e-02 -1.568143657880966685e-02 9.997902157706846094e-01 1.317638023254976906e-02 1.960980000000000015e-02 3.672772369726218927e-02 -1.259314307777074232e-02 9.992459592409871361e-01 2.587516499999999997e+00
9.993355438801284629e-01 2.486569444672807189e-02 -2.664897704396360437e-02 -7.677499999999999603e-02 -2.448808242823740516e-02 9.995963508656058316e-01 1.440378961080771188e-02 2.052179999999999976e-02 2.699638043878462360e-02 -1.374163657817068125e-02 9.995410761281188217e-01 2.665733100000000189e+00
9.993406545873145808e-01 3.329464960513511818e-02 -1.448179535378639297e-02 -7.874659999999999993e-02 -3.304157981535343902e-02 9.993029087251651399e-01 1.737672629496126581e-02 2.156610000000000124e-02 1.505025223387639575e-02 -1.688676763313944756e-02 9.997441307587662251e-01 2.739140700000000095e+00
9.992947925989327240e-01 3.680298336640676349e-02 -7.447006109039084991e-03 -7.926800000000000512e-02 -3.667183117046125818e-02 9.991820428757700601e-01 1.704177200903512004e-02 2.198589999999999919e-02 8.068102829120628663e-03 -1.675665867453096994e-02 9.998270450967027267e-01 2.773788000000000142e+00
9.989788120105216329e-01 4.459084865367093226e-02 7.279379808205622970e-03 -7.945889999999999898e-02 -4.470717364990448722e-02 9.988607590490522492e-01 1.668690073646066779e-02 2.266479999999999884e-02 -6.527003775392265991e-03 -1.699530077099603576e-02 9.998342652527064667e-01 2.839276299999999864e+00
9.984322060191612724e-01 5.101722037037862562e-02 2.302983303003276749e-02 -7.895979999999999666e-02 -5.128291232122624693e-02 9.986225087774566189e-01 1.109720085751425729e-02 2.316630000000000078e-02 -2.243196129553509666e-02 -1.226083964085734022e-02 9.996731860581921092e-01 2.898823000000000150e+00
9.952552144786999122e-01 6.406804476773723944e-02 7.322802532225158867e-02 -7.158029999999999948e-02 -6.512145305020543284e-02 9.978041397739739748e-01 1.208697656777226424e-02 2.467940000000000064e-02 -7.229283785816539853e-02 -1.679834186933946635e-02 9.972419773078416982e-01 3.041168499999999941e+00
9.945697280267858931e-01 6.343256141820681482e-02 8.250676484174228331e-02 -6.967009999999999870e-02 -6.471558150749932847e-02 9.978194905188216834e-01 1.296756919801840893e-02 2.448989999999999848e-02 -8.150429192914536436e-02 -1.823662503547754735e-02 9.965061344038199653e-01 3.059421099999999782e+00
9.926167033647803617e-01 6.115680095299701885e-02 1.047469612849519505e-01 -6.482519999999999949e-02 -6.216946913034012562e-02 9.980449135540964134e-01 6.427101745570305315e-03 2.469930000000000042e-02 -1.041491109385356550e-01 -1.289171152297977421e-02 9.944781377510120146e-01 3.094024399999999897e+00
9.453980761915369291e-01 7.193404679918798117e-02 3.178804341956784629e-01 -1.918339999999999976e-02 -7.197201447382610418e-02 9.973387183848927418e-01 -1.164087380564770256e-02 2.320540000000000103e-02 -3.178718400014700629e-01 -1.187323550982970037e-02 9.480593439298027336e-01 3.269439499999999832e+00
9.247259422194170631e-01 7.465391643359793605e-02 3.732408398709024522e-01 -4.415800000000000107e-03 -7.476744503956640753e-02 9.970999654994726624e-01 -1.419464558225185837e-02 2.232249999999999859e-02 -3.732181144433729947e-01 -1.478010697105077396e-02 9.276258876773855189e-01 3.300025699999999951e+00
9.120527569845708893e-01 7.300449140616936672e-02 4.035221341034092024e-01 3.668400000000000046e-03 -7.256137484583406738e-02 9.972289159575333795e-01 -1.641146119775025933e-02 2.184389999999999943e-02 -4.036020507347869435e-01 -1.431200239971496847e-02 9.148226884101557932e-01 3.315125899999999959e+00
6.886192812123386187e-01 8.334033027179504893e-02 7.203178984953726438e-01 1.238028000000000045e-01 -7.029246240804709611e-02 9.963670472111730847e-01 -4.807990183331553591e-02 1.571410000000000168e-02 -7.217080124754160497e-01 -1.752417136061194813e-02 6.919757569069225900e-01 3.451085799999999981e+00
6.499940414279419265e-01 8.186426635900016791e-02 7.555170335615692956e-01 1.446137000000000117e-01 -6.724876992475407878e-02 9.964767187271087456e-01 -5.011738199928235382e-02 1.466370000000000000e-02 -7.569579572550764190e-01 -1.823159149271315685e-02 6.532092008077232670e-01 3.465870100000000065e+00
3.667930141235628549e-01 7.591131486615335100e-02 9.272002788316251465e-01 3.040198000000000067e-01 -5.991112318103383738e-02 9.965238586934045406e-01 -5.788658198576353969e-02 6.121800000000000158e-03 -9.283714461945384855e-01 -3.431721623470148502e-02 3.700659219119776244e-01 3.542048499999999933e+00
2.705174355511816842e-01 7.301161175803747017e-02 9.599425095344541470e-01 3.678404000000000118e-01 -4.705400375689001990e-02 9.969310737884051754e-01 -6.256480516667572989e-02 2.631000000000000092e-03 -9.615644740698662263e-01 -2.824426780058421696e-02 2.731227261564845854e-01 3.557674599999999909e+00
1.845378961430980402e-01 6.616561241101701074e-02 9.805956743843784462e-01 4.375127999999999795e-01 -2.460567481316228849e-02 9.977296103019279716e-01 -6.269119151644664267e-02 -1.041899999999999901e-03 -9.825173411467442719e-01 -1.255931769794649613e-02 1.857469727475901111e-01 3.566662299999999952e+00
8.453074829671120005e-02 6.691042656183698867e-02 9.941717896871300475e-01 5.501243999999999579e-01 -5.448385914843742461e-03 9.977589619495106366e-01 -6.668859677904488692e-02 -7.252100000000000039e-03 -9.964059753350142934e-01 2.206054127239648333e-04 8.470586549897762829e-02 3.575196500000000110e+00
5.964102542801138357e-02 6.504609041003882319e-02 9.960983657291404558e-01 5.896031000000000466e-01 1.547361722239459780e-03 9.978674696284537404e-01 -6.525426215204355174e-02 -9.705800000000000538e-03 -9.982186903467575867e-01 5.433155591010707663e-03 5.941318929941419302e-02 3.576061199999999829e+00
1.052973242281092688e-02 6.575526859979073657e-02 9.977802209837960401e-01 7.145464000000000260e-01 9.905253825973524967e-03 9.977797236699026406e-01 -6.585976753569473818e-02 -1.631729999999999986e-02 -9.998954998807358940e-01 1.057675208095984129e-02 9.855030881274262633e-03 3.577079100000000178e+00
-2.485095052987663575e-02 6.850109015777872123e-02 9.973414815924168675e-01 9.399014999999999453e-01 1.774597365950410927e-02 9.975226170588312735e-01 -6.807135135265363068e-02 -2.873929999999999887e-02 -9.995336465955697580e-01 1.600715787690317957e-02 -2.600500375054937141e-02 3.572071300000000171e+00
-2.736259587326909590e-02 6.175800844054162020e-02 9.977160100652560093e-01 9.882026999999999894e-01 1.575257032637210688e-02 9.979924251009320013e-01 -6.134310042110197037e-02 -3.127510000000000012e-02 -9.995014481606261381e-01 1.403808514786434106e-02 -2.828051078379689720e-02 3.571247099999999897e+00
-2.866828583917269482e-02 5.608179109533510676e-02 9.980145099619457394e-01 1.037222000000000088e+00 1.697130168974820760e-02 9.983082763598616349e-01 -5.561079275066804772e-02 -3.384460000000000246e-02 -9.994448980839309993e-01 1.534333923699126787e-02 -2.957156801827665049e-02 3.569610599999999856e+00
-2.780621411580901092e-02 6.308190832525638336e-02 9.976209136233007424e-01 1.185961499999999891e+00 2.399628520454365199e-02 9.977613333925503536e-01 -6.242195033081188171e-02 -4.166079999999999783e-02 -9.993252687453306748e-01 2.220347785289717227e-02 -2.925769673620803868e-02 3.564514200000000077e+00
-2.116061127990639945e-02 6.758371508689874074e-02 9.974891828913802216e-01 1.341467699999999930e+00 2.486549396347123228e-02 9.974395327520167998e-01 -6.705285760794169048e-02 -4.988589999999999691e-02 -9.994668257327069538e-01 2.338418180076488884e-02 -2.278693268729914401e-02 3.561147699999999805e+00
-1.582235567472455376e-02 5.946641073331536409e-02 9.981049038329585787e-01 1.448006499999999974e+00 2.252952697279487007e-02 9.979976306994987612e-01 -5.910287245615793161e-02 -5.633370000000000044e-02 -9.996209649038403366e-01 2.155168468318427108e-02 -1.713042358005145704e-02 3.559870200000000207e+00
-1.246623193467302944e-02 6.477145138687076531e-02 9.978222547861863578e-01 1.500280899999999917e+00 3.032182867848604024e-02 9.974653674238485035e-01 -6.436946089256609382e-02 -5.948930000000000190e-02 -9.994624454009981562e-01 2.945335083221079647e-02 -1.439862346931908288e-02 3.558603300000000136e+00
-8.935068369204920979e-03 7.040056145472539662e-02 9.974787844862148534e-01 1.552246699999999979e+00 3.166117990558535433e-02 9.970383847547358291e-01 -7.008586885138502753e-02 -6.249350000000000044e-02 -9.994587206284325509e-01 3.095513321772037918e-02 -1.113757097617751324e-02 3.557573600000000003e+00
8.230974118143469243e-03 6.939931121576381479e-02 9.975550043320138283e-01 1.818265100000000078e+00 2.983746506854821276e-02 9.971275598406079688e-01 -6.961576749988450385e-02 -7.905120000000000202e-02 -9.995208735906166986e-01 3.033751817621817282e-02 6.136631613353982218e-03 3.558366499999999988e+00
1.183557859811769190e-02 7.017585998219993959e-02 9.974644192927415443e-01 1.871366300000000038e+00 2.628449835149613070e-02 9.971677617677141559e-01 -7.046687191565620401e-02 -8.215909999999999880e-02 -9.995844357660126356e-01 2.705186808569735174e-02 9.957520143893949793e-03 3.559466599999999925e+00
1.894065025086694859e-02 6.649239984919039226e-02 9.976071433837918612e-01 1.978214600000000045e+00 2.936076599789706754e-02 9.973188257621424802e-01 -6.703062882323337912e-02 -8.912409999999999777e-02 -9.993894121853057477e-01 3.056011359135859737e-02 1.693759927475535498e-02 3.561848400000000137e+00
3.621207934762953745e-02 6.503425857979421021e-02 9.972257670759904213e-01 2.246237499999999887e+00 4.075738355138084495e-02 9.969538833044144788e-01 -6.649654314544053979e-02 -1.067904999999999965e-01 -9.985126543992152159e-01 4.305229117276187373e-02 3.345114690723050010e-02 3.568368200000000101e+00
3.900538624402163229e-02 6.551691482872507022e-02 9.970888193713136616e-01 2.299793699999999941e+00 3.891815271898779738e-02 9.969914536993633725e-01 -6.703296681015702418e-02 -1.098086999999999952e-01 -9.984808246696057488e-01 4.141950170820088428e-02 3.633823943655101196e-02 3.570730199999999854e+00
4.219822415157326728e-02 6.712856851106653588e-02 9.968515762981511319e-01 2.352958899999999964e+00 3.608828592190192058e-02 9.969868132381035641e-01 -6.866534678096326838e-02 -1.132255000000000067e-01 -9.984572827605959766e-01 3.887222040205490226e-02 3.964851804722890893e-02 3.573305799999999977e+00
4.992222399791752113e-02 6.732207022533820417e-02 9.964815655152265972e-01 2.515364400000000167e+00 3.398509951460149808e-02 9.970333295027423715e-01 -6.906194952112666707e-02 -1.233616000000000018e-01 -9.981747264693114907e-01 3.731325128222742760e-02 4.748617395268828201e-02 3.581660999999999984e+00
5.616273478014792431e-02 6.942255829041288351e-02 9.960051483915276505e-01 2.624951799999999835e+00 2.951056813770691969e-02 9.970284230200222586e-01 -7.115792337046750182e-02 -1.302719999999999989e-01 -9.979854075036390659e-01 3.338910137487671737e-02 5.394714375361953085e-02 3.588206500000000077e+00
6.276858835107317069e-02 7.518011573805785663e-02 9.951924710899022752e-01 2.735192099999999904e+00 2.872354716603530908e-02 9.966096177270205025e-01 -7.709881770949929269e-02 -1.377259000000000122e-01 -9.976146862163839391e-01 3.342484183379602902e-02 6.039633924147769228e-02 3.595478500000000022e+00
6.569511271884914683e-02 7.765117205659292920e-02 9.948137753585315490e-01 2.790543599999999902e+00 2.254311553766199724e-02 9.965975278858333342e-01 -7.927909783606956751e-02 -1.411607000000000001e-01 -9.975850640956454018e-01 2.763445114495435839e-02 6.372108758647954119e-02 3.599626100000000051e+00
7.184194027966386842e-02 7.725882270358580550e-02 9.944193330438167999e-01 2.902553999999999856e+00 2.065647503827072046e-02 9.966664628004832105e-01 -7.892573704290813119e-02 -1.491394000000000053e-01 -9.972021087301444764e-01 2.621137621775848636e-02 7.000655755659335178e-02 3.608210099999999976e+00
7.911156229712004717e-02 7.947597130496633633e-02 9.936925735337067689e-01 3.015183899999999806e+00 1.600703010241922436e-02 9.965870332524471298e-01 -8.098185068511312701e-02 -1.572674000000000016e-01 -9.967372450642191239e-01 2.231266766251587333e-02 7.756938290055537255e-02 3.618066799999999805e+00
8.855592787157827439e-02 7.750237977928749189e-02 9.930514733725294141e-01 3.129248399999999819e+00 1.564652426164645990e-02 9.967371131053219813e-01 -7.918531200291137329e-02 -1.657423000000000091e-01 -9.959483088581123633e-01 2.255013274940529874e-02 8.705433702952813935e-02 3.628182900000000100e+00
9.919274557178202334e-02 8.969662227327969417e-02 9.910173132588029343e-01 3.243201700000000187e+00 9.968626964559079706e-03 9.957894453493044695e-01 -9.112632444780206786e-02 -1.744165000000000021e-01 -9.950183042046880644e-01 1.891815222713909284e-02 9.788093692817623204e-02 3.641008600000000150e+00
1.133200365759345490e-01 9.753270113553716425e-02 9.887597997085212365e-01 3.357594000000000189e+00 3.894735075465109719e-03 9.951188977377396494e-01 -9.860634058679070002e-02 -1.839891999999999916e-01 -9.935509047598521937e-01 1.502503159504882391e-02 1.123870458569269370e-01 3.655556699999999992e+00
1.283762516411484367e-01 9.406641666800809320e-02 9.872542971645192900e-01 3.474396899999999899e+00 4.114096325378152619e-04 9.954863187013730519e-01 -9.490426766222069543e-02 -1.946644999999999903e-01 -9.917254502919055081e-01 1.258962007484197565e-02 1.277581023250123904e-01 3.670541300000000007e+00
1.432250763691461370e-01 8.481786631470082660e-02 9.860489374533467632e-01 3.591377299999999995e+00 -2.284856850020750008e-03 9.963465466176328889e-01 -8.537176624793464674e-02 -2.050143000000000104e-01 -9.896875046842954493e-01 9.974397071433382944e-03 1.428956069122987449e-01 3.688015699999999786e+00
1.580187072952037031e-01 7.489405794585950182e-02 9.845917774535569711e-01 3.707493799999999951e+00 -4.696854541065317856e-03 9.971651973071963271e-01 -7.509666328619582498e-02 -2.140205000000000024e-01 -9.874249478832163307e-01 7.242193293639523355e-03 1.579225219344116971e-01 3.707123999999999864e+00
1.708324401321145158e-01 8.320427664284679725e-02 9.817806912680898668e-01 3.820295300000000172e+00 -4.562563173833390773e-03 9.964842080317738438e-01 -8.365647709874698967e-02 -2.228708000000000078e-01 -9.852895312626600566e-01 9.811803688874833063e-03 1.706114535797016440e-01 3.727247699999999941e+00
1.808379408290406998e-01 8.994655870808854203e-02 9.793912679482522643e-01 3.930892200000000170e+00 -7.387514589697712075e-03 9.959054010342723862e-01 -9.009914993468032263e-02 -2.317278000000000115e-01 -9.834851619546173263e-01 9.058077463644356730e-03 1.807619634983068657e-01 3.748390000000000111e+00
1.910153254224072616e-01 8.655746543609776911e-02 9.777632385353065558e-01 4.040837299999999743e+00 -6.364665727468875323e-03 9.961927329359252514e-01 -8.694555696428557523e-02 -2.413345000000000073e-01 -9.815664198025264575e-01 1.038479768368082840e-02 1.908389883989106695e-01 3.770695400000000141e+00
1.955593141824413517e-01 7.996126311236909090e-02 9.774265962403354546e-01 4.094481000000000037e+00 -5.739114111434927279e-03 9.967466784302562166e-01 -8.039354207563764732e-02 -2.455994999999999984e-01 -9.806750823823908725e-01 1.011214318163422554e-02 1.953820036609437150e-01 3.781762599999999974e+00
2.018274782780560550e-01 7.050225245753455328e-02 9.768802902148937539e-01 4.201402700000000046e+00 -1.123805317096639861e-02 9.975068561855138238e-01 -6.966906073587625370e-02 -2.539503000000000177e-01 -9.793566128703311557e-01 3.082898199218579716e-03 2.021166014107844688e-01 3.805041099999999954e+00
2.072100872621736589e-01 7.257787140370977608e-02 9.756005495689867857e-01 4.304650299999999596e+00 -1.465151815124501183e-02 9.973626536678694698e-01 -7.108494977454156427e-02 -2.615218999999999738e-01 -9.781867473814322977e-01 4.354894854353696942e-04 2.077269784988025059e-01 3.827807700000000146e+00
2.106987540556854721e-01 8.103162124732932181e-02 9.741867949204666699e-01 4.404192400000000340e+00 -1.997447528492256319e-02 9.967073088951052817e-01 -7.858473599986939839e-02 -2.690679999999999739e-01 -9.773469472896888499e-01 -2.901164095069311277e-03 2.116235522582958772e-01 3.850727299999999964e+00
2.125817258228885620e-01 8.642756960087136231e-02 9.733135594755928377e-01 4.452974799999999789e+00 -2.070885993090344074e-02 9.962554547285160655e-01 -8.394171813847969843e-02 -2.729081999999999897e-01 -9.769238214756175154e-01 -2.311738861612643026e-03 2.135755203596874097e-01 3.862107799999999980e+00
2.141279968681019386e-01 8.849249721987481609e-02 9.727889179534502384e-01 4.501354199999999750e+00 -1.994302209746155047e-02 9.960764017343719523e-01 -8.622109821572787602e-02 -2.767837000000000214e-01 -9.766020053362957087e-01 -9.379998382096840781e-04 2.150526524584833732e-01 3.873151500000000080e+00
2.152946288851483037e-01 8.860866873743467043e-02 9.725208103674625182e-01 4.549078899999999592e+00 -2.271762554065290263e-02 9.960598742542536854e-01 -8.572418789580342480e-02 -2.806179999999999786e-01 -9.762848622523043751e-01 -3.637406380912588943e-03 2.164593195309898466e-01 3.884620200000000079e+00
2.164492538036363045e-01 8.314420728476706879e-02 9.727470181516038039e-01 4.643475999999999715e+00 -2.257715131745296339e-02 9.965268500889780112e-01 -8.015303668688089633e-02 -2.885950999999999933e-01 -9.760327826288612840e-01 -4.612791641439066559e-03 2.175746524460853148e-01 3.906448099999999979e+00
2.147330845898160201e-01 8.100631046839262828e-02 9.733075978573481057e-01 4.734745000000000203e+00 -2.192682339063397809e-02 9.967031232465882740e-01 -7.811593004305937560e-02 -2.961034000000000166e-01 -9.764266059456484514e-01 -4.567469189231856963e-03 2.158013471382107529e-01 3.927292800000000028e+00
2.131381761120310636e-01 8.196050326137868658e-02 9.735782422531732427e-01 4.778939699999999569e+00 -2.284431315350379105e-02 9.966208170323125337e-01 -7.889920414294723794e-02 -2.996519000000000266e-01 -9.767549617177183618e-01 -5.424293777750673062e-03 2.142902746202710595e-01 3.937500200000000117e+00
2.085346634596995929e-01 8.867065275251900802e-02 9.739870684337610385e-01 4.865773700000000090e+00 -2.243057512254089531e-02 9.960532122338724426e-01 -8.587704989260096233e-02 -3.070688999999999780e-01 -9.777577222581377292e-01 -3.938748408621489672e-03 2.097005551388734235e-01 3.957006199999999918e+00
2.049041691535464227e-01 8.833309390832491670e-02 9.747879492402835577e-01 4.949815300000000029e+00 -2.117430279816255589e-02 9.960863005603253217e-01 -8.581218291744474591e-02 -3.137358000000000091e-01 -9.785529778016652802e-01 -3.057181157262514604e-03 2.059726274990565376e-01 3.974303200000000036e+00
2.001046320923432764e-01 8.130868435676948114e-02 9.763949170614107942e-01 5.032453099999999679e+00 -2.113853821301381677e-02 9.966769311768548523e-01 -7.866547566819888371e-02 -3.209192000000000156e-01 -9.795464758843273056e-01 -4.898235198340955554e-03 2.011584173593957692e-01 3.992152700000000110e+00
1.982209973588583141e-01 8.043513078983619002e-02 9.768513837533738808e-01 5.072475400000000079e+00 -1.760433436469131113e-02 9.967585028685044257e-01 -7.850206602958775814e-02 -3.243351999999999902e-01 -9.799992467434022192e-01 -1.636060561089940080e-03 1.989944715016093157e-01 4.000241299999999889e+00
1.927034646589083078e-01 8.578326105847344785e-02 9.775001825220428486e-01 5.189204199999999823e+00 -1.060046450463449086e-02 9.962952464310593781e-01 -8.534290885106170232e-02 -3.331965000000000066e-01 -9.811997782616643793e-01 6.083918231570381585e-03 1.928988882244081493e-01 4.022328899999999763e+00
1.914342123171214882e-01 8.846428495170668982e-02 9.775106202198043936e-01 5.228369700000000009e+00 -1.130530705432287314e-02 9.960625700050685927e-01 -8.792921395819000563e-02 -3.362632999999999872e-01 -9.814403356225639419e-01 5.781602103303272455e-03 1.916805694122081238e-01 4.030147999999999620e+00
1.907231843816746542e-01 8.558282603650801956e-02 9.779060521476071743e-01 5.305808500000000372e+00 -3.997875685410400004e-03 9.962517554305081457e-01 -8.640866155447092523e-02 -3.421730000000000049e-01 -9.816357185480354408e-01 1.257058826133049256e-02 1.903504567408399462e-01 4.045441199999999959e+00
2.031949754228313809e-01 8.316809351799170358e-02 9.755997489664998135e-01 5.463349799999999590e+00 -2.795487501030605171e-04 9.963909474334371463e-01 -8.488228157391759787e-02 -3.550687000000000149e-01 -9.791382557205141612e-01 1.697492542782158553e-02 2.024848836118603446e-01 4.078151700000000268e+00
2.176734604300191722e-01 8.305506940977788743e-02 9.724814240229774365e-01 5.545031999999999961e+00 -1.558477679304157149e-03 9.964011047288240386e-01 -8.474909818105427761e-02 -3.604479999999999906e-01 -9.760204074565982379e-01 1.693203887651580780e-02 2.170195159144452379e-01 4.096353999999999829e+00
2.345913784888549181e-01 8.069123060364327693e-02 9.687392892013662049e-01 5.627205400000000246e+00 -4.649090682104776995e-03 9.966306442463271908e-01 -8.188861279189191267e-02 -3.667649000000000048e-01 -9.720829548420897304e-01 1.470660575457511526e-02 2.341760975263084132e-01 4.117802600000000091e+00
2.539496407244946630e-01 8.438088308068378285e-02 9.635296811963933727e-01 5.711512599999999829e+00 -1.096833066417900876e-02 9.963744289968179402e-01 -8.436642083024614713e-02 -3.729858999999999813e-01 -9.671552490155552739e-01 1.085651011093947266e-02 2.539544456981798204e-01 4.141132400000000047e+00
2.737753251609147398e-01 8.935018263852044507e-02 9.576343854496340846e-01 5.797285099999999858e+00 -1.866927770492350647e-02 9.959815822815278885e-01 -8.759078619330115667e-02 -3.795952000000000215e-01 -9.616124632111482384e-01 6.101853689428206329e-03 2.743432849160718501e-01 4.167514299999999672e+00
2.937390079680971544e-01 9.184354224743004891e-02 9.514631674139375495e-01 5.885517600000000016e+00 -2.326617254644714611e-02 9.957654665134380023e-01 -8.893717397305872518e-02 -3.868130000000000179e-01 -9.556024698654546068e-01 3.987411029690531017e-03 2.946320080037523326e-01 4.196175600000000117e+00
3.141571371149461389e-01 9.364624015338046670e-02 9.447410623577638944e-01 5.975894000000000261e+00 -2.820946581521639740e-02 9.956045425058471787e-01 -8.930745198550261998e-02 -3.934574000000000127e-01 -9.489518002713104305e-01 1.405932735983467241e-03 3.154179831826029456e-01 4.227837599999999973e+00
3.356691360322291429e-01 8.148703243272290009e-02 9.384487703975562534e-01 6.070744499999999988e+00 -2.425790166488460756e-02 9.966686967603290981e-01 -7.786567346966208336e-02 -4.008947999999999956e-01 -9.416675556278838455e-01 3.372305350293348936e-03 3.365276247716236790e-01 4.261417400000000022e+00
3.567334545747707364e-01 7.382338279954414606e-02 9.312847848747353163e-01 6.166760000000000019e+00 -2.311601283286535483e-02 9.972651376788327360e-01 -7.019896809162970430e-02 -4.076193000000000177e-01 -9.339201744998663068e-01 3.514729356694536178e-03 3.574643399553141254e-01 4.298551999999999929e+00
3.749648081481565809e-01 6.618997218993141751e-02 9.246730666737904558e-01 6.266122799999999771e+00 -1.030798492885102308e-02 9.976838349036388776e-01 -6.723623293043137772e-02 -4.134398000000000239e-01 -9.269817355790365143e-01 1.567970514597607015e-02 3.747786129829349111e-01 4.337570699999999668e+00
3.892173464832507923e-01 5.191984637879006048e-02 9.196815681248267094e-01 6.367076899999999817e+00 4.945699262814597791e-03 9.982780857041063660e-01 -5.845000993795124167e-02 -4.198040000000000105e-01 -9.211326708218199322e-01 2.729822622346815553e-02 3.882903676241704627e-01 4.378952499999999581e+00
4.041871495389873226e-01 5.795007480284278950e-02 9.128387245170381803e-01 6.469534900000000199e+00 9.272255715182385616e-03 9.976801325476357674e-01 -6.744166659924893947e-02 -4.261303000000000174e-01 -9.146293092950281700e-01 3.572312906335205901e-02 4.027121610138220120e-01 4.423258299999999643e+00
4.166179745050629935e-01 6.390635603672409348e-02 9.068326422099097783e-01 6.570187100000000058e+00 1.122383009794770264e-02 9.970884348381584550e-01 -7.542333027600825468e-02 -4.332949999999999857e-01 -9.090123700793246719e-01 4.160085059345397518e-02 4.146876900423619450e-01 4.469252599999999909e+00
4.245437014355525895e-01 6.969849285488904922e-02 9.027207573026984067e-01 6.668116600000000282e+00 -2.782321810187712852e-03 9.971283404538117123e-01 -7.567913417298041678e-02 -4.410576999999999970e-01 -9.054031722148673245e-01 2.961744009168245859e-02 4.235184800993584409e-01 4.517567200000000227e+00
4.329144519225717747e-01 7.708771246785429965e-02 8.981328197449709450e-01 6.765147699999999986e+00 -6.967846083848996952e-03 9.965931405248633634e-01 -8.218005463457458970e-02 -4.490602000000000205e-01 -9.014080798603543165e-01 2.931888206025759849e-02 4.319767085355478153e-01 4.564442599999999572e+00
4.403081378301550997e-01 7.834073526781251684e-02 8.944224242259579682e-01 6.859048800000000057e+00 -1.100229294061088464e-02 9.965820829402588510e-01 -8.187247102966864476e-02 -4.574063999999999908e-01 -8.977793121422379397e-01 2.620841773464137672e-02 4.396651288529218604e-01 4.612014799999999859e+00
4.476336325031537444e-01 7.225521202258149145e-02 8.912930580833685612e-01 6.951070800000000105e+00 -1.011247762177562917e-02 9.970754113706414845e-01 -7.575197579215380006e-02 -4.656116000000000144e-01 -8.941598676122634037e-01 2.489595098882073018e-02 4.470551674860515634e-01 4.658497299999999619e+00
4.544743751599065185e-01 7.313340850003996474e-02 8.877525256985635549e-01 7.039788699999999899e+00 -1.340826936702921648e-02 9.970726586415992188e-01 -7.527504036501192486e-02 -4.732196000000000180e-01 -8.906588912909328970e-01 2.230735193919866979e-02 4.541245659660650968e-01 4.705079099999999848e+00
4.595176886110522996e-01 7.204521657031737192e-02 8.852417639395986360e-01 7.125995200000000196e+00 -1.060774322774328884e-02 9.970787132290073185e-01 -7.564069942300401250e-02 -4.801893999999999885e-01 -8.881052694569322448e-01 2.536782203743635777e-02 4.589395428244408270e-01 4.749871699999999919e+00
4.629884244150159200e-01 7.062268315530235985e-02 8.835463516316769406e-01 7.210019100000000236e+00 -9.817668830143972541e-03 9.971681994307411978e-01 -7.456001222367787673e-02 -4.873501000000000083e-01 -8.863099526894880897e-01 2.584605710740319959e-02 4.623706836463121750e-01 4.794410700000000247e+00
4.674258984696574859e-01 7.198847345051340163e-02 8.810962995780302620e-01 7.291283100000000239e+00 -9.027881141183989600e-03 9.970156410022220639e-01 -7.667013081395568364e-02 -4.938953999999999844e-01 -8.839861575850234132e-01 2.788317211497191167e-02 4.666808351656116516e-01 4.838008900000000168e+00
4.733658355916774418e-01 7.102220375724555002e-02 8.779980821551135461e-01 7.370396600000000298e+00 -4.214850269910155878e-03 9.969154980610825945e-01 -7.836915696130666853e-02 -5.008194000000000257e-01 -8.808558456023297678e-01 3.339665101605218678e-02 4.722050857086534936e-01 4.880313899999999983e+00
4.798992130221665375e-01 6.832391093905211543e-02 8.746591270516175243e-01 7.446408299999999869e+00 1.294854247357729582e-04 9.969573962760793773e-01 -7.794827287339467503e-02 -5.072894999999999488e-01 -8.773236167881439673e-01 3.752057041694448897e-02 4.784302229388911476e-01 4.921653700000000242e+00
4.830857970816112013e-01 6.776632253085579372e-02 8.729466410890579509e-01 7.483582000000000178e+00 1.141864931581040854e-03 9.969507806021540297e-01 -7.802459356660459977e-02 -5.105667999999999873e-01 -8.755722750307380897e-01 3.868936013169300275e-02 4.815353825110858521e-01 4.942677500000000279e+00
