1.000000000000000000e+00 0.000000000000000000e+00 0.000000000000000000e+00 0.000000000000000000e+00 0.000000000000000000e+00 1.000000000000000000e+00 0.000000000000000000e+00 0.000000000000000000e+00 0.000000000000000000e+00 0.000000000000000000e+00 1.000000000000000000e+00 0.000000000000000000e+00
9.999994419634384846e-01 -5.071285771236202968e-04 -9.267650284450816523e-04 6.920000000000000153e-05 5.040699088751546091e-04 9.999944357609246159e-01 -3.297629560307112611e-03 -3.109999999999999700e-05 9.284321938896959421e-04 3.297160565745814714e-03 9.999941333557238465e-01 4.819779999999999898e-02
9.999980392323770673e-01 -4.257542628796219097e-04 -1.933976398247934207e-03 -2.250000000000000142e-05 4.182437558451875459e-04 9.999923767719797185e-01 -3.882199130364053126e-03 -1.043000000000000009e-04 1.935614517933964378e-03 3.881382644721173211e-03 9.999905940883661026e-01 9.633500000000000396e-02
9.999965567371458253e-01 -5.977017725490631488e-05 -2.623536044748086410e-03 -4.410999999999999882e-04 5.422965897745802199e-05 9.999977685259615612e-01 -2.111871738873643666e-03 -9.370000000000000074e-05 2.623656417343685904e-03 2.111722193679110415e-03 9.999943285121073444e-01 1.444515000000000104e-01
9.999934440771450772e-01 1.997753279780161556e-04 -3.615507232477025920e-03 -6.428000000000000120e-04 -1.966239712319497004e-04 9.999996005151271516e-01 8.719567650461862440e-04 -1.400999999999999902e-04 3.615679983585298393e-03 -8.712401531748342667e-04 9.999930838755095586e-01 1.928072000000000119e-01
9.999884251643779143e-01 -9.476939456176471143e-04 -4.717140389363582050e-03 -1.509300000000000095e-03 9.630979237288162008e-04 9.999942082679591504e-01 3.264333458280013669e-03 -3.800000000000000209e-05 4.714019479895558036e-03 -3.268838742271751915e-03 9.999835462214466952e-01 2.878658000000000050e-01
9.999842720543866692e-01 -1.157307874608108373e-03 -5.487830385668504909e-03 -1.954099999999999848e-03 1.176679331929458231e-03 9.999930843686510862e-01 3.527979679909979977e-03 -2.146999999999999874e-04 5.483709475191634111e-03 -3.534381608629399551e-03 9.999787183120630862e-01 3.348395000000000121e-01
9.999785691003554300e-01 -1.460229480066036790e-03 -6.381933082638916767e-03 -2.350899999999999952e-03 1.472153545482129868e-03 9.999971789220277740e-01 1.864111564375664368e-03 9.050000000000000427e-05 6.379193048047643137e-03 -1.873466800202438663e-03 9.999778977648476896e-01 3.820861999999999870e-01
9.999693719299932448e-01 -2.071830289123491840e-03 -7.547365181828560345e-03 -3.001000000000000195e-03 2.070538139901955711e-03 9.999978404103903040e-01 -1.790149903869173783e-04 2.550000000000000183e-04 7.547719771296423040e-03 1.633824000385154720e-04 9.999715022101607342e-01 4.290310999999999986e-01
9.999317046983338120e-01 -3.043824107600319809e-03 -1.128366402753020609e-02 -3.826400000000000200e-03 3.020469047629080819e-03 9.999932620873837052e-01 -2.086275764479356403e-03 2.455000000000000042e-04 1.128993825565502082e-02 2.052051323707661853e-03 9.999341610223886345e-01 5.228935000000000111e-01
9.999148991579458468e-01 -1.753899317069998465e-03 -1.292742353063988485e-02 -4.530099999999999578e-03 1.716823261827814771e-03 9.999943832020760093e-01 -2.878555573056138222e-03 1.377999999999999885e-04 1.293239961656796576e-02 2.856116504120068730e-03 9.999122939731625026e-01 5.694040999999999686e-01
9.998901098851078473e-01 -6.346962344239901171e-04 -1.481098628171096700e-02 -5.385599999999999936e-03 5.964689090841505774e-04 9.999964802540386444e-01 -2.585286130104861788e-03 -1.185999999999999961e-04 1.481257502217350579e-02 2.576167739885082755e-03 9.998869691025022988e-01 6.159495999999999860e-01
9.998736293805372544e-01 -9.682278906042890996e-04 -1.586782291758503938e-02 -6.722500000000000177e-03 9.393110348396238813e-04 9.999978849263947422e-01 -1.829709681003268860e-03 -9.079999999999999801e-05 1.586956093191647238e-02 1.814573638292074674e-03 9.998724240413571218e-01 6.621599999999999708e-01
9.998493075153295218e-01 -4.221451437702502260e-04 -1.735465512747142933e-02 -7.645299999999999839e-03 4.146233133697986746e-04 9.999998185529389572e-01 -4.370144128502155491e-04 -1.807000000000000012e-04 1.735483646203240735e-02 4.297529134511639801e-04 9.998493011268294595e-01 7.083274000000000514e-01
9.998289352732535606e-01 1.084277136264599647e-04 -1.849563283002380806e-02 -8.848500000000000462e-03 -1.163626693835421885e-04 9.999999016626180959e-01 -4.279421495916413778e-04 1.796000000000000016e-04 1.849558461042285010e-02 4.300211449927976025e-04 9.998288495696319167e-01 7.543092000000000130e-01
9.997559275238798726e-01 -1.245734025890750342e-03 -2.205750501764568161e-02 -1.067670000000000077e-02 1.233314695287313729e-03 9.999990732113450687e-01 -5.766379394502352306e-04 2.619999999999999987e-05 2.205820291250206594e-02 5.492933529208926654e-04 9.997565373435091107e-01 8.451256999999999797e-01
9.997259481706382012e-01 -9.416340568523295972e-04 -2.339106409767172101e-02 -1.181759999999999929e-02 9.350372875854324637e-04 9.999995199407442081e-01 -2.929565699672019401e-04 7.700000000000000139e-05 2.339132872645836164e-02 2.710047675556549220e-04 9.997263487058979381e-01 8.900508999999999782e-01
9.996969989318389427e-01 -1.082688098410547993e-03 -2.459142356912990060e-02 -1.300089999999999926e-02 1.131542958387070363e-03 9.999974137645405436e-01 1.972834195687405649e-03 6.660000000000000609e-05 2.458922400581445636e-02 -2.000062676995170794e-03 9.996956385881053953e-01 9.347550000000000026e-01
9.996743208490784793e-01 -2.667384051774923399e-03 -2.537986007160053861e-02 -1.420079999999999953e-02 2.790155299932141949e-03 9.999845721914033536e-01 4.803166932161656230e-03 8.430000000000000264e-05 2.536665662510428562e-02 -4.872416391923768686e-03 9.996663404807465403e-01 9.788118000000000096e-01
9.996505870564716956e-01 -2.536033727563078832e-03 -2.631106859449250379e-02 -1.547250000000000014e-02 2.702682439153770728e-03 9.999765014671943009e-01 6.300160399819213289e-03 2.740999999999999947e-04 2.629447290372098622e-02 -6.369069505274917165e-03 9.996339508281781860e-01 1.022657399999999939e+00
9.996326389528775724e-01 -1.918666786337331048e-03 -2.703527062688272642e-02 -1.675739999999999869e-02 2.055755532826192711e-03 9.999851665846958282e-01 5.043855644980099577e-03 4.325999999999999984e-04 2.702519212318455627e-02 -5.097580636061493399e-03 9.996217552966540909e-01 1.065429100000000018e+00
9.996175726790931249e-01 1.633342065348612537e-05 -2.765335647579128531e-02 -1.846570000000000156e-02 5.512967675511150481e-05 9.999966612841278968e-01 2.583482400912371670e-03 4.064000000000000121e-04 2.765330634619590777e-02 -2.584018927262884957e-03 9.996142343395810759e-01 1.107655400000000068e+00
9.995821782072114026e-01 2.370389129092123257e-04 -2.890350883682503424e-02 -1.942170000000000007e-02 -2.193133860696923885e-04 9.999997859552633983e-01 6.164341539058480410e-04 7.684999999999999774e-04 2.890364876906281744e-02 -6.098376678902275080e-04 9.995820162377140328e-01 1.149118800000000107e+00
9.995249679622962846e-01 3.398894804603815609e-04 -3.081757445211692412e-02 -2.244060000000000152e-02 -3.460290638685219926e-04 9.999999213351753458e-01 -1.938905108660220406e-04 4.804000000000000219e-04 3.081750612651282598e-02 2.044621830999184280e-04 9.995250069464786113e-01 1.230782599999999949e+00
9.994475788554900708e-01 8.983003334355658216e-04 -3.322243483566048733e-02 -2.378459999999999949e-02 -9.294469467380188235e-04 9.999991429426622336e-01 -9.220858496013982454e-04 4.647000000000000197e-04 3.322157805210278897e-02 9.524549605022324767e-04 9.994475571941111580e-01 1.271230800000000105e+00
9.993814192766220517e-01 1.220869573229191839e-03 -3.514666815118843574e-02 -2.525900000000000020e-02 -1.261146045635335236e-03 9.999985732825207307e-01 -1.123807623499400651e-03 4.862000000000000002e-04 3.514524598428895447e-02 1.167437539322847568e-03 9.993815331365171195e-01 1.311183500000000057e+00
9.992383345038408082e-01 8.639868952939677238e-04 -3.901287460102346311e-02 -2.869970000000000160e-02 -7.621020172107266207e-04 9.999962606922815356e-01 2.626366686108019561e-03 2.950000000000000148e-04 3.901499786627938421e-02 -2.594634482792319754e-03 9.992352564903796974e-01 1.389172599999999980e+00
9.991473217400785867e-01 1.792544545422686264e-03 -4.124822715803038581e-02 -3.028930000000000164e-02 -1.633518695692103787e-03 9.999911047005022313e-01 3.888719138750950950e-03 4.929000000000000005e-04 4.125483094497691544e-02 -3.818023562255600401e-03 9.991413621804371425e-01 1.427742000000000067e+00
9.989730746015041962e-01 5.487036500982229482e-03 -4.497431101922926694e-02 -3.435030000000000028e-02 -5.346168030606825335e-03 9.999804216832831605e-01 3.251882149115650593e-03 6.489999999999999459e-04 4.499127369397310644e-02 -3.008102484974236462e-03 9.989828510093824443e-01 1.502100599999999897e+00
9.988812965176617764e-01 7.212032708476923994e-03 -4.673480556723105112e-02 -3.635039999999999799e-02 -7.085553408036238988e-03 9.999707745189266861e-01 2.871417928423361000e-03 6.365000000000000215e-04 4.675414848007498209e-02 -2.537063702326780058e-03 9.989032049741723984e-01 1.539083800000000002e+00
9.987998390295779183e-01 7.201198176978443853e-03 -4.844609684283374823e-02 -3.850979999999999681e-02 -7.012108452710145816e-03 9.999671243601623294e-01 4.071920175445917049e-03 8.469999999999999881e-04 4.847382685054662382e-02 -3.727323930604223724e-03 9.988174984284063918e-01 1.575191100000000066e+00
9.987278748013314056e-01 8.751943828945485046e-03 -4.965919425475202875e-02 -4.030569999999999986e-02 -8.498110432507819181e-03 9.999497367491123612e-01 5.320347212162361908e-03 1.480500000000000045e-03 4.970326160216365086e-02 -4.891569747641863475e-03 9.987520504767491980e-01 1.610573899999999892e+00
9.987701962090989039e-01 1.595009251796058666e-02 -4.694347359438521411e-02 -4.634350000000000275e-02 -1.592130431840505303e-02 9.998727607373730786e-01 9.871191542400454925e-04 1.580699999999999987e-03 4.695324518325629665e-02 -2.385038625028710886e-04 9.988970597026846088e-01 1.714103699999999897e+00
9.988589692759344274e-01 1.677576509196962787e-02 -4.471390390691537542e-02 -4.807960000000000012e-02 -1.684423086368922948e-02 9.998574589613457020e-01 -1.154835906719351834e-03 1.890799999999999989e-03 4.468815708471930714e-02 1.906689523693428940e-03 9.989991657411089188e-01 1.747360299999999977e+00
9.989774702505586079e-01 1.792262224963461076e-02 -4.150654820014734042e-02 -4.961879999999999763e-02 -1.795299970476520179e-02 9.998387673858467606e-01 -3.592129609682875586e-04 1.909600000000000013e-03 4.149341795266994065e-02 1.104012702612380305e-03 9.991381673335062441e-01 1.780490600000000034e+00
9.990287020862765877e-01 3.176596879473868318e-02 -3.053810135455996624e-02 -5.387610000000000315e-02 -3.155868841867418007e-02 9.994756355114448043e-01 7.245909486506060294e-03 1.566899999999999977e-03 3.075226159329958950e-02 -6.275129124192338655e-03 9.995073392233655429e-01 1.876625500000000057e+00
9.990508463950962259e-01 3.567919853968475052e-02 -2.498801930541341351e-02 -5.514630000000000226e-02 -3.550185779272876929e-02 9.993414281551031841e-01 7.505202607770586343e-03 1.654400000000000098e-03 2.523934251336233323e-02 -6.610957909757140052e-03 9.996595774687544456e-01 1.906865400000000044e+00
9.989312113506487734e-01 4.435418587357511239e-02 -1.300542905935265191e-02 -5.642919999999999880e-02 -4.421898361014777595e-02 9.989666241031093241e-01 1.050549458723872183e-02 1.977099999999999864e-03 1.345795222205021895e-02 -9.919179579449604808e-03 9.998602369323722483e-01 1.964892400000000094e+00
9.984236386443079425e-01 5.543488842751891077e-02 8.786975662239751572e-03 -5.703239999999999699e-02 -5.551803972684800359e-02 9.984123016359340852e-01 9.519622204932354226e-03 2.285899999999999998e-03 -8.245305400553171876e-03 -9.992451504262783724e-03 9.999160794045600653e-01 2.043979900000000072e+00
9.980681709227763321e-01 5.987820640752569701e-02 1.656884390298003773e-02 -5.718820000000000153e-02 -5.999706763540001153e-02 9.981755834435841468e-01 6.771742184516200795e-03 2.384799999999999854e-03 -1.613313565357975959e-02 -7.752742384348168710e-03 9.998397956270319575e-01 2.068041599999999924e+00
9.961634608456474416e-01 6.624450076039184454e-02 5.718413586851435471e-02 -5.280769999999999909e-02 -6.664185376054379550e-02 9.977640909122788004e-01 5.067762164125867372e-03 2.692899999999999808e-03 -5.672056596491753533e-02 -8.859176316130852255e-03 9.983507862428011581e-01 2.171252500000000030e+00
9.943496837134074839e-01 7.503784966057627792e-02 7.508680055351428517e-02 -5.076479999999999881e-02 -7.556641609224426515e-02 9.971318440414754791e-01 4.219283993804093594e-03 2.680599999999999997e-03 -7.455483390109783615e-02 -9.869484118398360109e-03 9.971680751133262799e-01 2.203857900000000036e+00
9.927867274189851043e-01 7.329777839738986500e-02 9.487860424094007872e-02 -4.770499999999999741e-02 -7.390528963535085427e-02 9.972610474353736931e-01 2.900246888819080823e-03 2.279400000000000003e-03 -9.440615459077181248e-02 -9.891357344082290365e-03 9.954846252078808355e-01 2.232037500000000119e+00
9.901013712832875679e-01 7.317636559447208977e-02 1.197685021252984927e-01 -4.348810000000000175e-02 -7.304561819638226428e-02 9.973135047342920334e-01 -5.487343338232024414e-03 1.938300000000000006e-03 -1.198482884536188064e-01 -3.315538114311410416e-03 9.927866814989767530e-01 2.259370300000000054e+00
9.526542296987916547e-01 7.981892270942045342e-02 2.933919873045435223e-01 -1.376729999999999968e-02 -7.711382281308204467e-02 9.968054077533935464e-01 -2.079512935144226665e-02 4.949000000000000491e-04 -2.941145643591192016e-01 -2.814009789995621999e-03 9.557660301458444918e-01 2.371824499999999780e+00
9.342304305855685387e-01 8.482847992152058036e-02 3.464356095468643648e-01 -3.420999999999999996e-03 -8.180458517646145566e-02 9.963743276407481808e-01 -2.337111598863254175e-02 -3.313999999999999780e-04 -3.471620837764549661e-01 -6.506013576010362398e-03 9.377825757473522428e-01 2.396607599999999838e+00
8.958602464614024985e-01 8.083668609949297423e-02 4.369208726881416149e-01 1.692870000000000139e-02 -7.497826976672915256e-02 9.967133626142665737e-01 -3.067135225172269719e-02 -1.930400000000000085e-03 -4.379642426875769434e-01 -5.282325871593419875e-03 8.989768735404062294e-01 2.432041599999999804e+00
8.129896909945520944e-01 8.691139369965100725e-02 5.757553056479522979e-01 5.236079999999999901e-02 -7.105377157898246088e-02 9.962160214920043888e-01 -5.004997569473917940e-02 -4.054799999999999897e-03 -5.779265730877793938e-01 -2.194716985459872760e-04 8.160887377921527408e-01 2.478635999999999839e+00
7.560108733944709281e-01 9.509255132199812000e-02 6.476148284222669194e-01 7.515149999999999608e-02 -7.667805482311082499e-02 9.954450267647403372e-01 -5.665399013211230850e-02 -5.797499999999999702e-03 -6.500523326762801535e-01 -6.826812756962164636e-03 7.598587759641314276e-01 2.502376299999999887e+00
6.866494343319575755e-01 9.387153852271443166e-02 7.209026900955366468e-01 1.033871999999999985e-01 -7.191142713649903428e-02 9.955354834051558521e-01 -6.113794180747816887e-02 -7.856099999999999542e-03 -7.234233207319176184e-01 -9.860808112986303026e-03 6.903343128402092965e-01 2.526667100000000055e+00
1.828877444533787144e-01 7.643194661765427556e-02 9.801582680694947980e-01 3.517896999999999830e-01 -1.829703408215513707e-02 9.970653601622232465e-01 -7.433630410756617013e-02 -2.486350000000000018e-02 -9.829635249959950416e-01 -4.338790247540490197e-03 1.837495127248933713e-01 2.618013400000000157e+00
1.443951538397648671e-01 7.817402901509920565e-02 9.864273215676546691e-01 3.806696999999999997e-01 -1.443017814011038347e-02 9.969348108844932055e-01 -7.689442636202174775e-02 -2.646509999999999835e-02 -9.894148823958710537e-01 -3.131139448528608149e-03 1.450806205505013047e-01 2.621296599999999977e+00
1.118360975003825225e-01 7.888152206067830519e-02 9.905909310978349147e-01 4.104786999999999741e-01 -5.422588843155662364e-03 9.968780704239117441e-01 -7.876997040837648012e-02 -2.856289999999999871e-02 -9.937118711307231234e-01 3.437758759591139079e-03 1.119146951413791946e-01 2.623267400000000027e+00
3.834440619217531487e-02 7.452742285784215437e-02 9.964814949390370380e-01 5.052297000000000038e-01 1.418447637231654360e-02 9.970737967824977455e-01 -7.511753723184413922e-02 -3.508630000000000082e-02 -9.991639040436823826e-01 1.701490558018713475e-02 3.717507019878585339e-02 2.625443900000000053e+00
-2.702084353540700618e-03 7.698641740296205405e-02 9.970284801727596902e-01 6.065867000000000342e-01 1.884108678672153508e-02 9.968590559004780749e-01 -7.692227322370741305e-02 -4.182049999999999657e-02 -9.998188396848907145e-01 1.857724965285147134e-02 -4.144105029322053824e-03 2.625415600000000182e+00
-1.174650948452518606e-02 8.024316972476001897e-02 9.967061017308227466e-01 6.417114000000000429e-01 2.396300154775829819e-02 9.965111945911231395e-01 -7.994506621046029715e-02 -4.382169999999999815e-02 -9.996438336086268528e-01 2.294499437995368291e-02 -1.362839539901161690e-02 2.624715099999999968e+00
-2.882201552899382388e-02 7.191189624085064791e-02 9.969944686907199483e-01 7.894524000000000541e-01 2.467637771996585710e-02 9.971560490222903805e-01 -7.121018382841921845e-02 -5.389410000000000034e-02 -9.992799246474770580e-01 2.254979107000366564e-02 -3.051457224394882317e-02 2.620691499999999952e+00
-3.044782631851130836e-02 6.375646824459527129e-02 9.975008985607248801e-01 8.667953000000000463e-01 2.868505713128464973e-02 9.976082892826879656e-01 -6.288774643635863804e-02 -5.861020000000000119e-02 -9.991246655797526577e-01 2.669857508266534202e-02 -3.220386186007162532e-02 2.618013100000000204e+00
-2.993601785774169244e-02 6.595999733974824975e-02 9.973731065081720137e-01 9.063056999999999919e-01 3.186965359869012998e-02 9.973759842713053603e-01 -6.500362434775802667e-02 -6.120849999999999902e-02 -9.990436226783695473e-01 2.983998575377249871e-02 -3.195958754261674084e-02 2.616275299999999859e+00
-2.464679112603755315e-02 8.210079220712841741e-02 9.963192237461602208e-01 1.026981499999999992e+00 3.420343660821618947e-02 9.961077425628550586e-01 -8.123724595603165621e-02 -6.835960000000000647e-02 -9.991109350874791684e-01 3.207530397821610479e-02 -2.735898871171627000e-02 2.612889800000000040e+00
-2.241444161605514115e-02 7.792460317452741536e-02 9.967072534235581482e-01 1.068868900000000011e+00 3.377689675785949808e-02 9.964475975981342826e-01 -7.714471133082037579e-02 -7.108939999999999704e-02 -9.991780192000070393e-01 3.193652236858512961e-02 -2.496686777614498531e-02 2.612000200000000216e+00
-1.716190504188429972e-02 6.969891582673151675e-02 9.974204380039098927e-01 1.152886700000000042e+00 3.141210204197058403e-02 9.971125147898978192e-01 -6.913691267818303232e-02 -7.718540000000000123e-02 -9.993591690981967757e-01 3.014455144705378495e-02 -1.930173975106264095e-02 2.610895199999999861e+00
-1.368621306884033016e-02 7.509032068726198550e-02 9.970828106586323569e-01 1.194235900000000017e+00 3.925840162282059898e-02 9.964476848934741282e-01 -7.450361851921628864e-02 -8.011010000000000353e-02 -9.991353589348418440e-01 3.812420503459376664e-02 -1.658552129493173766e-02 2.609795999999999783e+00
-7.785305754283606237e-03 8.129530815496580076e-02 9.966596519807058296e-01 1.276828499999999922e+00 3.485022041914719038e-02 9.961064365810078369e-01 -8.097795464583841529e-02 -8.557309999999999917e-02 -9.993622221952604967e-01 3.410337041812375181e-02 -1.058815258083611877e-02 2.609273899999999813e+00
3.736973727849469702e-03 7.511735725507451278e-02 9.971676978654947510e-01 1.403338900000000056e+00 3.910033020161959860e-02 9.964011241901065130e-01 -7.520614264018748996e-02 -9.525350000000000483e-02 -9.992283018437185804e-01 3.927062963214897340e-02 7.864113509516990064e-04 2.609452500000000175e+00
1.396248901282221531e-02 8.000912007864216524e-02 9.966963377101417665e-01 1.530075099999999910e+00 3.438074176522663145e-02 9.961656785741138664e-01 -8.044815365592986045e-02 -1.042444000000000009e-01 -9.993112695733198381e-01 3.539041586668226907e-02 1.115817944575481224e-02 2.611230100000000220e+00
2.136527835261140679e-02 7.717925452244382700e-02 9.967882862234461738e-01 1.614502799999999905e+00 4.297342194642715663e-02 9.960235267075301380e-01 -7.804113819844207822e-02 -1.109649999999999942e-01 -9.988477410932706801e-01 4.450277425570047657e-02 1.796366322375242408e-02 2.612182400000000015e+00
2.749798025531866724e-02 7.784075076161882378e-02 9.965865133558379219e-01 1.699361300000000075e+00 4.601209264547242994e-02 9.958082437270489029e-01 -7.904953545489619426e-02 -1.173407000000000061e-01 -9.985623407741063273e-01 4.802873354688801111e-02 2.380109958845322282e-02 2.614428499999999822e+00
3.491215646868019856e-02 7.542732286633545280e-02 9.965399441547357906e-01 1.784315600000000002e+00 4.940746708826847244e-02 9.957982572165560153e-01 -7.710209543450440017e-02 -1.235491999999999979e-01 -9.981683442819793139e-01 5.192831491284254086e-02 3.103879159510880559e-02 2.616752599999999873e+00
4.075682708443671004e-02 7.761316122204189871e-02 9.961501283697810072e-01 1.869276299999999891e+00 4.430551072687720360e-02 9.958575051503134601e-01 -7.940309285553086294e-02 -1.294540999999999886e-01 -9.981863066408195317e-01 4.737115832354978073e-02 3.714930139107985863e-02 2.620605900000000155e+00
4.620364610249123871e-02 7.731058554289546580e-02 9.959358897287766688e-01 1.955101800000000001e+00 4.399933096803557153e-02 9.958755406395974896e-01 -7.934712616191502699e-02 -1.358544999999999892e-01 -9.979625654107475707e-01 4.748663937155625514e-02 4.261146700120466146e-02 2.624466899999999825e+00
5.128360868963009050e-02 7.777502330110812323e-02 9.956510619842079413e-01 2.041398000000000046e+00 3.941331214767179736e-02 9.960286276483362178e-01 -7.983460233834843711e-02 -1.421292000000000111e-01 -9.979060989418390148e-01 4.333611260235660512e-02 4.801457111332751992e-02 2.629318000000000044e+00
5.798831259463579912e-02 8.343652498962045305e-02 9.948244578316737252e-01 2.128344100000000072e+00 3.718365632443162289e-02 9.956293364766120035e-01 -8.567146578346739039e-02 -1.486022999999999927e-01 -9.976245442573942190e-01 4.195915448144434123e-02 5.463239012187670607e-02 2.634396300000000135e+00
6.439039772247256987e-02 8.798301981523348747e-02 9.940386636873509429e-01 2.215986299999999964e+00 3.098678637764132673e-02 9.954491904489707332e-01 -9.011508366791451397e-02 -1.553478000000000081e-01 -9.974435802345557045e-01 3.660460980096691408e-02 6.137105824564814682e-02 2.640293600000000129e+00
7.056656498223691509e-02 8.802335132719371624e-02 9.936157454105368769e-01 2.305064400000000013e+00 2.881985681935664637e-02 9.955032081307102487e-01 -9.023734512038562861e-02 -1.623742999999999992e-01 -9.970906557377413604e-01 3.500360299445222367e-02 6.771242144457145784e-02 2.646927100000000088e+00
7.777561327039687888e-02 9.009919925413933939e-02 9.928912771669297088e-01 2.394415400000000194e+00 2.404665412635589861e-02 9.954487276596560852e-01 -9.221490674559718048e-02 -1.697614000000000067e-01 -9.966808478172645147e-01 3.104778405192021307e-02 7.525505099144014221e-02 2.654732000000000092e+00
8.729269360043222237e-02 8.802181271895670456e-02 9.922863226557392391e-01 2.485150799999999993e+00 2.343042951499344634e-02 9.956317147494389008e-01 -9.037977405279815080e-02 -1.775722000000000134e-01 -9.959071244934056821e-01 3.113918866574453062e-02 8.484898533580220725e-02 2.662465300000000035e+00
9.783212836569270265e-02 1.004416540388110707e-01 9.901213808384237147e-01 2.575778199999999796e+00 1.760785434057331178e-02 9.945635318766987698e-01 -1.026320833193397619e-01 -1.853239000000000136e-01 -9.950471537193401605e-01 2.747462820302640218e-02 9.553170510435626817e-02 2.672453200000000084e+00
1.121524131439299715e-01 1.077482695630906928e-01 9.878320437362583251e-01 2.666523499999999824e+00 1.130117403453190922e-02 9.939012303289910255e-01 -1.096933353306350223e-01 -1.943909000000000054e-01 -9.936267506923485149e-01 2.346603410628782943e-02 1.102507394618651437e-01 2.683442799999999906e+00
1.267068807018456866e-01 1.043821989494157360e-01 9.864328273761436838e-01 2.759322599999999959e+00 7.595758230189986193e-03 9.943166189883354544e-01 -1.061921167531462290e-01 -2.038829000000000058e-01 -9.919111204335381293e-01 2.094797713598929578e-02 1.251938952752622569e-01 2.695941400000000154e+00
1.416398782105110776e-01 9.536261027163578374e-02 9.853142227039516365e-01 2.852185200000000087e+00 4.584711122291827701e-03 9.952752123977353094e-01 -9.698573096372431479e-02 -2.130759999999999876e-01 -9.899076347439882406e-01 1.825442819764246105e-02 1.405334498499926088e-01 2.709362699999999791e+00
1.560912196559146592e-01 8.529078675305545865e-02 9.840533587369000301e-01 2.944683799999999962e+00 2.021752077538324643e-03 9.962352574988112552e-01 -8.666731930095816772e-02 -2.214959999999999984e-01 -9.877405750827825681e-01 1.551751949643005030e-02 1.553311395819008123e-01 2.724723299999999959e+00
1.691003411944808910e-01 9.363350070276163506e-02 9.811410918690828264e-01 3.034690900000000191e+00 2.017973140991273506e-03 9.954421378926249231e-01 -9.534609531681198513e-02 -2.294473999999999958e-01 -9.855967747473164398e-01 1.810297362054906489e-02 1.681406552674912236e-01 2.740378100000000039e+00
1.791580215310990543e-01 1.005225630848062962e-01 9.786713532294296636e-01 3.123168499999999792e+00 -9.269527520974901735e-04 9.947831700848440706e-01 -1.020077706576490717e-01 -2.376012000000000124e-01 -9.838198737978701702e-01 1.736832826754749343e-02 1.783165642713347987e-01 2.757015500000000063e+00
1.892719291827272832e-01 9.688868375131262645e-02 9.771329079426128716e-01 3.210215300000000216e+00 -8.892482394482620345e-05 9.951216772238843378e-01 -9.865515501735819259e-02 -2.463869999999999949e-01 -9.819247063374177964e-01 1.858576014214690514e-02 1.883572154288606360e-01 2.774558799999999881e+00
1.968716961326996973e-01 8.421560412670797691e-02 9.768056445800299414e-01 3.295147200000000165e+00 -1.124144508105891227e-03 9.963227859719037127e-01 -8.567171325652929437e-02 -2.542350999999999916e-01 -9.804286162495252643e-01 1.576826479856574537e-02 1.962424272788212409e-01 2.792426799999999876e+00
2.031566447308631451e-01 8.097316873631502099e-02 9.757923568293095373e-01 3.378461099999999995e+00 -6.360452148872181022e-03 9.966627854228827799e-01 -8.138081347321690640e-02 -2.614400000000000057e-01 -9.791255906931245478e-01 1.032657241783895702e-02 2.029936933797189536e-01 2.810764100000000099e+00
2.064145045219445695e-01 8.718155053374224139e-02 9.745729472797264314e-01 3.458597399999999933e+00 -1.268386109466689698e-02 9.961773748900920600e-01 -8.642775841600933151e-02 -2.684622999999999871e-01 -9.783824262478812983e-01 5.478595040466702204e-03 2.067312579308974163e-01 2.829247500000000137e+00
2.104256362401082381e-01 9.676367400338463376e-02 9.728092531459147096e-01 3.537232400000000165e+00 -1.489079897732950575e-02 9.952912439229186781e-01 -9.577893231909545557e-02 -2.755661999999999834e-01 -9.774964530466401236e-01 5.668435739762049674e-03 2.108756816645811494e-01 2.847147500000000164e+00
2.130303930549113933e-01 9.893163553797856835e-02 9.720239622173164618e-01 3.614374199999999870e+00 -1.681610455796087727e-02 9.950843061691333480e-01 -9.759324896420969175e-02 -2.826972999999999847e-01 -9.769008497602845731e-01 4.444671604861644143e-03 2.136468455932809540e-01 2.865132099999999848e+00
2.142062001500521506e-01 9.338533870844564766e-02 9.723141891032883732e-01 3.689703199999999850e+00 -1.652782958634810284e-02 9.956234124300417099e-01 -9.198288683403955945e-02 -2.899924999999999864e-01 -9.766486239515422829e-01 3.633061445664526046e-03 2.148121649211039985e-01 2.882449199999999934e+00
2.126098211112568137e-01 9.139513282997913102e-02 9.728535314537486434e-01 3.762407300000000010e+00 -1.602150902469434701e-02 9.958083466766171066e-01 -9.005025229145054155e-02 -2.968254000000000170e-01 -9.770058214850160239e-01 3.558986396816843367e-03 2.131829223934605944e-01 2.898750300000000113e+00
2.090414427761272120e-01 9.504865441282631111e-02 9.732766454078645157e-01 3.832801100000000183e+00 -1.804003572005196537e-02 9.954707098026777112e-01 -9.334143258045857205e-02 -3.037251999999999730e-01 -9.777403706062741673e-01 1.954282288759427721e-03 2.098093145392774250e-01 2.914033700000000060e+00
2.051996951886933263e-01 9.937864678191427048e-02 9.736616299609748282e-01 3.901597499999999830e+00 -1.422647582161876839e-02 9.950292807992464628e-01 -9.856133997583058082e-02 -3.103034000000000070e-01 -9.786167239937011431e-01 6.372983283351861539e-03 2.055935130394582755e-01 2.928312299999999979e+00
2.003667276160558119e-01 9.560040915568590592e-02 9.750455046989852104e-01 3.968817000000000039e+00 -1.503008766427788023e-02 9.954105845471292735e-01 -9.450854266333005849e-02 -3.164324000000000026e-01 -9.796056711397895800e-01 4.281348012928024027e-03 2.008840439904443498e-01 2.942704899999999846e+00
1.965305702370876983e-01 9.058585958704748475e-02 9.763042235928107715e-01 4.033881199999999723e+00 -1.138122438295890299e-02 9.958667937388973046e-01 -9.010991543528093506e-02 -3.230808000000000013e-01 -9.804316410101370227e-01 6.597815629771269785e-03 1.967492468475691147e-01 2.955789999999999917e+00
1.920901816137552121e-01 9.425386958196849130e-02 9.768406063408808793e-01 4.097130800000000406e+00 -3.903195287148858439e-03 9.954427427703914644e-01 -9.528122024990386130e-02 -3.284384000000000192e-01 -9.813695161325038940e-01 1.448978725121888300e-02 1.915826685044069722e-01 2.968033999999999839e+00
1.894306720784157128e-01 9.880962350747535261e-02 9.769097597926997834e-01 4.159448600000000162e+00 -5.215562643295638956e-03 9.950109717234937312e-01 -9.962913256765104641e-02 -3.340696000000000221e-01 -9.818802464568850974e-01 1.377767949183397733e-02 1.890009448801426295e-01 2.979916100000000068e+00
1.934667036889492209e-01 9.312081585919117221e-02 9.766776071035165874e-01 4.285139599999999938e+00 1.009786976801124725e-02 9.952437486608836092e-01 -9.689124716701821849e-02 -3.454499999999999793e-01 -9.810548749126528634e-01 2.860759348757843656e-02 1.916062055492171456e-01 3.003472599999999826e+00
2.015291699370186929e-01 9.368254084253921365e-02 9.749920898170313377e-01 4.348164999999999836e+00 5.734863717917988712e-03 9.952855960267597002e-01 -9.681783761164305946e-02 -3.513388000000000067e-01 -9.794657242612591075e-01 2.510306521012022063e-02 2.000418234130635353e-01 3.017867799999999878e+00
2.158269235430830268e-01 9.322818663375680159e-02 9.719708042379203716e-01 4.413272400000000317e+00 4.755578591725873050e-03 9.953193275828030595e-01 -9.652367902424102697e-02 -3.566385000000000249e-01 -9.764200548668519053e-01 2.545469224127840102e-02 2.143733544466654983e-01 3.032497199999999893e+00
2.327169142273015079e-01 9.093449567751861473e-02 9.682839228905941731e-01 4.479262399999999644e+00 1.114333922969820700e-03 9.955935414462924182e-01 -9.376704373252753300e-02 -3.625783000000000200e-01 -9.725438787491447190e-01 2.290016869599353216e-02 2.315901253967105333e-01 3.049626799999999971e+00
2.520733772836997177e-01 9.443497870852567144e-02 9.630893246532794549e-01 4.546728100000000161e+00 -5.267650777939517082e-03 9.953462317885053423e-01 -9.621918062270455596e-02 -3.684505000000000141e-01 -9.676937864428349911e-01 1.918107558880036145e-02 2.513977367025913567e-01 3.067992700000000017e+00
2.720019162388167544e-01 9.958658208412304869e-02 9.571298084540119655e-01 4.615472800000000042e+00 -1.337050836501423728e-02 9.949257570948757401e-01 -9.971944331598150968e-02 -3.744627999999999846e-01 -9.622038178413513387e-01 1.432656755787618807e-02 2.719532356739606804e-01 3.088713400000000053e+00
2.917850633741214117e-01 1.018288529526217290e-01 9.510480332234084733e-01 4.685583600000000182e+00 -1.820257776972956931e-02 9.947279069264399753e-01 -1.009210451010124077e-01 -3.813887999999999723e-01 -9.563106937362443327e-01 1.213572775308403157e-02 2.921002929776108648e-01 3.111407300000000209e+00
3.121246245914421347e-01 1.038674220481438232e-01 9.443462168933193235e-01 4.757803000000000004e+00 -2.366642361512148740e-02 9.945471810020952708e-01 -1.015667522078713414e-01 -3.874542999999999737e-01 -9.497463446188781910e-01 9.352186795519197571e-03 3.128808359187580379e-01 3.136259599999999814e+00
3.336851188356401710e-01 9.166759704033225487e-02 9.382170820873472206e-01 4.833436999999999983e+00 -1.979658128923476174e-02 9.957227924724924017e-01 -9.024530968444083312e-02 -3.943238000000000021e-01 -9.424767036043402157e-01 1.154002615392097503e-02 3.340725833699368374e-01 3.163061599999999807e+00
3.547932994815555796e-01 8.377333545932286185e-02 9.311840542604939985e-01 4.910595899999999681e+00 -1.879706768009781204e-02 9.964154433070224748e-01 -8.247990413367145557e-02 -4.009422000000000263e-01 -9.347557889040435386e-01 1.175978763794530840e-02 3.550962158416918202e-01 3.192681599999999786e+00
3.732741263653369113e-01 7.609964647521844094e-02 9.245946519381027517e-01 4.990168599999999621e+00 -6.533636641800767697e-03 9.968209015776473558e-01 -7.940655999449344749e-02 -4.068552999999999753e-01 -9.276980856822047983e-01 2.359944881290543944e-02 3.725846586177423703e-01 3.223670999999999953e+00
3.873688597795009736e-01 6.164947460601225004e-02 9.198612442939053668e-01 5.071312400000000054e+00 8.754762527878021811e-03 9.974706970969943187e-01 -7.053766770964804700e-02 -4.131211000000000189e-01 -9.218832467325837055e-01 3.537726266458321445e-02 3.858493600877825891e-01 3.256955899999999904e+00
4.023657573772445040e-01 6.825228693753616904e-02 9.129312255685161359e-01 5.152809099999999809e+00 1.257757389130407036e-02 9.967107523825464721e-01 -8.005923257205818655e-02 -4.189058999999999977e-01 -9.153925944234230228e-01 4.369555369616396484e-02 4.001838285862391320e-01 3.291845599999999816e+00
4.148907985998371295e-01 7.379914663566128352e-02 9.068733710904944845e-01 5.233453800000000378e+00 1.479796794226567389e-02 9.960260702747020245e-01 -8.782418503985160718e-02 -4.259117000000000042e-01 -9.097508699539501587e-01 4.985732934065544020e-02 4.121499743164475094e-01 3.328463800000000195e+00
4.227680472645367060e-01 7.949009789211874955e-02 9.027449820127674274e-01 5.311888200000000282e+00 7.356035341756564372e-04 9.961152370907516707e-01 -8.805619412100482157e-02 -4.334269000000000038e-01 -9.062376272808202460e-01 3.789140763731210781e-02 4.210672204383666406e-01 3.367182300000000073e+00
4.310893292855740855e-01 8.695286748457606296e-02 8.981097867256118139e-01 5.389842999999999940e+00 -3.495345481417930222e-03 9.954993261942500782e-01 -9.470413986072427626e-02 -4.407231999999999816e-01 -9.023024840573585781e-01 3.768674014827826102e-02 4.294530671457787996e-01 3.404819300000000215e+00
4.381717949214609664e-01 8.810378957017858670e-02 8.945631338249294684e-01 5.465312499999999574e+00 -7.851599343654945551e-03 9.955222168453494724e-01 -9.420121100637574019e-02 -4.489281999999999995e-01 -8.988569577652786302e-01 3.425256239604121400e-02 4.369015122956814157e-01 3.443123100000000214e+00
4.492362604284572125e-01 8.125151040216924136e-02 8.897106127127075714e-01 5.575320200000000170e+00 -8.192754964662922468e-03 9.961886925059804110e-01 -8.683874532323838935e-02 -4.598727000000000231e-01 -8.933754312059093428e-01 3.172193216989545317e-02 4.481897566177346359e-01 3.498696999999999946e+00
4.525492063772769136e-01 8.317689208342643470e-02 8.878518009390073962e-01 5.610437899999999978e+00 -1.051656495203125846e-02 9.960689678096407151e-01 -8.795460890849753077e-02 -4.632099000000000077e-01 -8.916774179426697478e-01 3.046663732641132979e-02 4.516449560673897468e-01 3.517103200000000207e+00
4.573576330023685910e-01 8.197919689785999886e-02 8.854961359658507503e-01 5.679519700000000171e+00 -7.880299573945523384e-03 9.960763463355111202e-01 -8.814654360508772379e-02 -4.700162999999999980e-01 -8.892479386611450431e-01 3.333651971758089250e-02 4.562091406800434790e-01 3.553058399999999839e+00
4.608157882270697558e-01 8.048492363942955086e-02 8.838387785039869549e-01 5.746541999999999817e+00 -7.530491880449054209e-03 9.961981280768127389e-01 -8.679044479833517012e-02 -4.770532000000000106e-01 -8.874638589895946783e-01 3.333866648517253006e-02 4.596699166840131356e-01 3.588529799999999881e+00
4.653910525054774650e-01 8.193719762533951956e-02 8.813044104582421490e-01 5.811714199999999941e+00 -6.805863228318380365e-03 9.960077043880221082e-01 -8.900748859180188099e-02 -4.831747000000000125e-01 -8.850790069104346180e-01 3.542525151651537696e-02 4.640907272090558644e-01 3.623272699999999791e+00
4.713011462475434898e-01 8.088536721327713175e-02 8.782555362287931544e-01 5.874878899999999682e+00 -1.947369878753900385e-03 9.958787986964980909e-01 -9.067318268030080675e-02 -4.896700999999999970e-01 -8.819702020455719715e-01 4.102408655403786547e-02 4.695163330770292243e-01 3.656797200000000192e+00
4.779614921521738724e-01 7.822113904459954137e-02 8.748910020260995957e-01 5.936147700000000249e+00 2.132443252922090748e-03 9.959207559296295864e-01 -9.020698750278874356e-02 -4.958396999999999943e-01 -8.783782014061143339e-01 4.498112176369820081e-02 4.758449684292551662e-01 3.690006299999999850e+00
4.845849025492430795e-01 7.701781133885571284e-02 8.713470772074195514e-01 5.995249300000000225e+00 3.707066649527870905e-03 9.959266438085506712e-01 -9.009094188148068783e-02 -5.018842999999999499e-01 -8.747363773607431670e-01 4.688685198228605133e-02 4.823255054763273542e-01 3.723283499999999968e+00
4.919690435750459501e-01 7.778178707618836618e-02 8.671311629523464903e-01 6.053322800000000115e+00 4.711114403837007858e-03 9.957486333628070563e-01 -9.199165482355457779e-02 -5.076935999999999671e-01 -8.705999457643726069e-01 4.934220055223063894e-02 4.895110638992085095e-01 3.756346000000000185e+00
5.008340699624868053e-01 8.153726764065896693e-02 8.616942081449233681e-01 6.110292000000000279e+00 3.794605818459508007e-03 9.953365463846269856e-01 -9.638859059974783094e-02 -5.138555999999999679e-01 -8.655349994838413830e-01 5.154447998397918007e-02 4.981890517180075917e-01 3.789772999999999836e+00
5.120830230833276486e-01 9.420756807868045646e-02 8.537540111686393596e-01 6.165629899999999886e+00 -4.932519561739429070e-03 9.942731608452732850e-01 -1.067546339674411149e-01 -5.201282999999999879e-01 -8.589217937161760519e-01 5.045607732919854538e-02 5.096150866486752751e-01 3.823705200000000026e+00
5.243491238147554023e-01 1.049389548256549898e-01 8.450123147710909555e-01 6.220957799999999871e+00 -1.412776886959677541e-02 9.933124984029890747e-01 -1.145892083190170052e-01 -5.266522000000000148e-01 -8.513861653218622871e-01 4.814661230565411149e-02 5.223250915110467796e-01 3.859372899999999884e+00
5.349822493265538048e-01 1.046948173236658675e-01 8.383513512430605941e-01 6.277734299999999656e+00 -2.489438089955569450e-02 9.938148574064165075e-01 -1.082233754689431032e-01 -5.331114999999999604e-01 -8.444964551169703570e-01 3.702734697258543151e-02 5.342796204900976953e-01 3.897298099999999987e+00
5.464069297189739771e-01 1.005932411892907774e-01 8.314568341063277579e-01 6.334995300000000107e+00 -3.742437149930075840e-02 9.947017168404216347e-01 -9.574920852205556776e-02 -5.398597000000000534e-01 -8.366832635908085791e-01 2.120128160633050901e-02 5.472765499135537892e-01 3.936977100000000007e+00
5.582608959087649314e-01 1.022452317028841595e-01 8.233411715037498579e-01 6.393829799999999786e+00 -4.564918049810063466e-02 9.946593997730508452e-01 -9.256797914487577272e-02 -5.463706999999999869e-01 -8.284086699322957825e-01 1.409223322038994503e-02 5.599468586784528412e-01 3.979034700000000147e+00
5.701727548800024081e-01 1.095745484072147002e-01 8.141845294120391152e-01 6.453746800000000228e+00 -5.207437477886956573e-02 9.938925770369231305e-01 -9.729236764666361614e-02 -5.521757999999999944e-01 -8.198727273692780759e-01 1.307530696613613819e-02 5.723964948039101941e-01 4.023028400000000282e+00
