1.000000000000000000e+00 0.000000000000000000e+00 0.000000000000000000e+00 0.000000000000000000e+00 0.000000000000000000e+00 1.000000000000000000e+00 0.000000000000000000e+00 0.000000000000000000e+00 0.000000000000000000e+00 0.000000000000000000e+00 1.000000000000000000e+00 0.000000000000000000e+00
9.999975343451426024e-01 -2.093482042060159851e-03 -7.407000574094069331e-04 7.531999999999999850e-04 2.096506436709856362e-03 9.999893717635282009e-01 4.106217328033194038e-03 4.356000000000000171e-04 7.320958928370083088e-04 -4.107760085956524247e-03 9.999912951334526401e-01 6.137290000000000106e-02
9.999897321795817584e-01 -4.421243803064941851e-03 -9.940516295265258793e-04 2.597000000000000241e-04 4.431021276823304995e-03 9.999395905065414647e-01 1.005889596598247976e-02 7.433999999999999636e-04 9.495187479158396105e-04 -1.006319734696578885e-02 9.999489139317585540e-01 1.201887999999999984e-01
9.999630219390188701e-01 -8.192468950669103828e-03 -2.614996573188528399e-03 5.442999999999999488e-04 8.217977649626964642e-03 9.999172455313019015e-01 9.897824631934715872e-03 1.392400000000000018e-03 2.533692549560173993e-03 -9.918948612964207517e-03 9.999475960571523325e-01 1.797059000000000017e-01
9.999348758709679652e-01 -1.077374188486643347e-02 -3.764372817655557615e-03 6.007999999999999669e-04 1.080017182304600365e-02 9.999166628285993674e-01 7.072742488578351305e-03 1.893399999999999944e-03 3.687859203482765722e-03 -7.112937755620598809e-03 9.999679023903617070e-01 2.383762000000000103e-01
9.999268053737940809e-01 -1.135245713588100766e-02 -4.183970833612152794e-03 -1.741000000000000035e-04 1.136788771118051392e-02 9.999286012164558812e-01 3.682879075945153825e-03 2.338699999999999980e-03 4.141862376337947411e-03 -3.730172419611185557e-03 9.999844652742239104e-01 2.963630999999999904e-01
9.999231246500775994e-01 -1.129889603646470897e-02 -5.106832519521415856e-03 -5.115999999999999671e-04 1.131504139860027222e-02 9.999310409155582891e-01 3.143763934526269243e-03 2.512700000000000090e-03 5.070959295167072958e-03 -3.201306277947831968e-03 9.999820183433008047e-01 3.544527000000000094e-01
9.999267361444682534e-01 -1.063199036927373400e-02 -5.786460425748260646e-03 -1.286199999999999930e-03 1.066075466110241385e-02 9.999308559257965578e-01 4.963031085905492482e-03 2.982299999999999795e-03 5.733293427591454848e-03 -5.024355510068094846e-03 9.999709421769122919e-01 4.121658999999999740e-01
9.999257406299985051e-01 -1.022599348383731489e-02 -6.628897556718976389e-03 -1.754200000000000030e-03 1.027826585636490257e-02 9.999159699579835969e-01 7.900017339898790167e-03 3.319400000000000128e-03 6.547555004338756826e-03 -7.967564261010693857e-03 9.999468223076725115e-01 4.704900000000000193e-01
9.999000612675603694e-01 -1.165985124197119367e-02 -7.994707383272467785e-03 -3.068500000000000047e-03 1.174205003890995379e-02 9.998778758912693077e-01 1.031298036686090908e-02 4.197000000000000210e-03 7.873483219819754977e-03 -1.040582395481619987e-02 9.999148599204877863e-01 5.855091000000000045e-01
9.998908160458177541e-01 -1.192399696445840124e-02 -8.727788014171599870e-03 -3.680999999999999810e-03 1.201541617850104826e-02 9.998727016886255203e-01 1.049810420724781902e-02 4.501200000000000340e-03 8.601497618795571690e-03 -1.060182598802705996e-02 9.999068034194154020e-01 6.428184000000000120e-01
9.998813040997517332e-01 -1.220129913282696349e-02 -9.407763350085272813e-03 -4.660100000000000353e-03 1.228492787094573671e-02 9.998850764045228434e-01 8.883385093942085600e-03 5.132600000000000183e-03 9.298293337252398760e-03 -8.997904366733833550e-03 9.999162862250127182e-01 6.995147000000000448e-01
9.998188500428391023e-01 -1.426032547065091312e-02 -1.260595956228717854e-02 -5.953499999999999591e-03 1.433306039068782921e-02 9.998810382262149909e-01 5.698488878927104526e-03 6.088699999999999841e-03 1.252319762887300209e-02 -5.878138577599636289e-03 9.999043039251359621e-01 8.130334000000000172e-01
9.998096174056514407e-01 -1.358437184914745161e-02 -1.400691916978848497e-02 -7.223700000000000433e-03 1.365624131392933344e-02 9.998940058698726485e-01 5.048177757852509093e-03 6.337399999999999978e-03 1.393685819475205465e-02 -5.238498540921570842e-03 9.998891549150317193e-01 8.688700999999999786e-01
9.997832828328286903e-01 -1.110449857335854724e-02 -1.760901699261903028e-02 -9.371400000000000216e-03 1.118343763839180736e-02 9.999278233848896136e-01 4.390756580049914350e-03 6.841299999999999812e-03 1.755898888319795334e-02 -4.586734371132483550e-03 9.998353083269305719e-01 9.813321999999999878e-01
9.997506340783597345e-01 -1.158443958115147956e-02 -1.909110838868148877e-02 -1.066480000000000032e-02 1.168522970971202016e-02 9.999183270393915413e-01 5.176355607543955788e-03 7.338800000000000358e-03 1.902958398255194181e-02 -5.398148787791895269e-03 9.998043483217683436e-01 1.036988999999999939e+00
9.997225866013960127e-01 -1.118089789737722675e-02 -2.073010760278022613e-02 -1.182470000000000049e-02 1.131502348681930406e-02 9.999157305698844755e-01 6.364118351108492312e-03 7.625999999999999966e-03 2.065720413093573987e-02 -6.596914513817342569e-03 9.997648526710619654e-01 1.092630500000000060e+00
9.996936637152914473e-01 -1.095999243622765296e-02 -2.219137880564330673e-02 -1.311380000000000011e-02 1.111498158531318281e-02 9.999146062547784597e-01 6.872945708313676905e-03 8.109899999999999748e-03 2.211415636771774107e-02 -7.117497042437822760e-03 9.997301162433764876e-01 1.148373799999999889e+00
9.996474489069345770e-01 -1.202924936960723425e-02 -2.367012998404098220e-02 -1.453660000000000022e-02 1.219606490311957343e-02 9.999017089431894156e-01 6.915811837247729486e-03 8.401099999999999887e-03 2.358461139676647569e-02 -7.202056101775713808e-03 9.996959020087911041e-01 1.203281299999999998e+00
9.995875785782553091e-01 -1.212618715495947935e-02 -2.603129534124368205e-02 -1.554759999999999996e-02 1.230714588321386166e-02 9.999011241177147014e-01 6.802657446890306159e-03 8.690299999999999761e-03 2.594623117659771577e-02 -7.120222834528129596e-03 9.996379822288252726e-01 1.258235200000000109e+00
9.995550785798197335e-01 -1.192750862487439167e-02 -2.733824104242849398e-02 -1.710820000000000049e-02 1.211207839474491912e-02 9.999048925286893041e-01 6.595714832359005422e-03 9.376600000000000559e-03 2.725697052590269134e-02 -6.923903176229016104e-03 9.996044803433787873e-01 1.312515499999999946e+00
9.995255354909563517e-01 -1.212325580997077913e-02 -2.831484716686381506e-02 -1.892239999999999894e-02 1.238477353561864315e-02 9.998820874350651255e-01 9.079020374915815553e-03 9.583500000000000005e-03 2.820144120409958863e-02 -9.425385671828297521e-03 9.995578226490696716e-01 1.365910200000000074e+00
9.994764310209638403e-01 -1.353113937589185342e-02 -2.939000001338274923e-02 -2.035100000000000103e-02 1.388676630041001808e-02 9.998324018229193255e-01 1.193004554602629039e-02 9.915000000000000202e-03 2.922364719391208274e-02 -1.233193140601479554e-02 9.994968243633809424e-01 1.419203599999999899e+00
9.994534784513671166e-01 -1.346088257249621230e-02 -3.019187062492581508e-02 -2.208759999999999890e-02 1.386915299264150463e-02 9.998146399127264550e-01 1.335411589930048624e-02 1.055919999999999949e-02 3.000651607117183622e-02 -1.376555326002971112e-02 9.994549107071893923e-01 1.471932199999999913e+00
9.994382388472304868e-01 -1.284042648226934105e-02 -3.095690840022292945e-02 -2.375489999999999893e-02 1.321024765097740528e-02 9.998434478947471060e-01 1.177153596367523647e-02 1.129149999999999945e-02 3.080091048891579059e-02 -1.217387159853798237e-02 9.994513999006435778e-01 1.523371800000000054e+00
9.994365415998061053e-01 -1.097020102996044098e-02 -3.172150696895013194e-02 -2.581169999999999992e-02 1.127959846049304653e-02 9.998903846605866619e-01 9.591106394672907487e-03 1.134459999999999982e-02 3.161281343994772758e-02 -9.943508066379166260e-03 9.994507274867254765e-01 1.574026699999999890e+00
9.994123618685737398e-01 -1.050305732767901727e-02 -3.262846504281996518e-02 -2.747689999999999855e-02 1.076484619463131780e-02 9.999111806726084239e-01 7.858043797043946788e-03 1.197469999999999958e-02 3.254303352001727823e-02 -8.204666518623247862e-03 9.994366585315115348e-01 1.623874800000000063e+00
9.993789296893176299e-01 -9.841902836911952529e-03 -3.383625040666869005e-02 -2.926370000000000013e-02 1.008966791105874242e-02 9.999234668815875082e-01 7.159537761018087629e-03 1.246180000000000031e-02 3.376319733790853622e-02 -7.496487714635223856e-03 9.994017456345900552e-01 1.673104300000000100e+00
9.992793333412200996e-01 -9.556808165840542657e-03 -3.673528786885993380e-02 -3.355190000000000256e-02 9.776022709212409817e-03 9.999354365261717836e-01 5.792422567733216537e-03 1.296330000000000052e-02 3.667755903976772924e-02 -6.147373170350517793e-03 9.993082439697917874e-01 1.770138299999999942e+00
9.991861665042773843e-01 -9.845463504390137774e-03 -3.911612857722583658e-02 -3.508479999999999932e-02 1.008758458013678076e-02 9.999311344017738357e-01 5.997256983018976403e-03 1.303299999999999945e-02 3.905438904687831558e-02 -6.386963469874010202e-03 9.992166738970129636e-01 1.818289199999999939e+00
9.991058591798951394e-01 -9.866240874431976560e-03 -4.111130554253091679e-02 -3.720289999999999708e-02 1.015795397457474811e-02 9.999246494858307077e-01 6.892845688760826026e-03 1.368989999999999964e-02 4.104020130864450416e-02 -7.304289263599529625e-03 9.991307968604008494e-01 1.865780100000000052e+00
9.990264359319703802e-01 -1.001571659128329059e-02 -4.296353954491852895e-02 -3.965570000000000206e-02 1.042786907287811607e-02 9.999016354703585963e-01 9.379708433695383915e-03 1.382169999999999926e-02 4.286536895517869400e-02 -9.818594851877577093e-03 9.990326097477855161e-01 1.912262600000000035e+00
9.989425168462614524e-01 -8.923220914503586509e-03 -4.510237427639016833e-02 -4.187889999999999668e-02 9.422045531387566314e-03 9.998966442634965590e-01 1.085936686013374945e-02 1.426060000000000001e-02 4.500081215779417471e-02 -1.127283988662472307e-02 9.989233454004513568e-01 1.958525400000000083e+00
9.988701802745307834e-01 -7.473096820319632787e-03 -4.693096826446978287e-02 -4.448239999999999833e-02 8.001084597830700196e-03 9.999066863240129166e-01 1.107254667140570616e-02 1.450880000000000052e-02 4.684384274998046327e-02 -1.143553533710730229e-02 9.988367649060425624e-01 2.003575300000000059e+00
9.987889572793224868e-01 -5.390066674747342849e-03 -4.890363992716156155e-02 -4.708400000000000085e-02 5.897562375191696578e-03 9.999301872454166018e-01 1.023911096613443032e-02 1.494340000000000078e-02 4.884503633855149379e-02 -1.051512323217703403e-02 9.987510173253880685e-01 2.048068999999999917e+00
9.987200675188923071e-01 -3.785797733541933826e-03 -5.043703471240013059e-02 -4.978710000000000080e-02 4.280323320194075187e-03 9.999437888688463838e-01 9.700409006352970348e-03 1.532009999999999969e-02 5.039747580319622888e-02 -9.903879953666632624e-03 9.986801327725157718e-01 2.092318099999999959e+00
9.986299437557673020e-01 -3.744560992228575420e-03 -5.219400058750477828e-02 -5.249299999999999800e-02 4.320951741781234486e-03 9.999308776505434482e-01 1.093477466887069101e-02 1.585560000000000094e-02 5.214944688487278129e-02 -1.114532117030543786e-02 9.985770961751588848e-01 2.135837800000000009e+00
9.985669344116696600e-01 -2.170180432337126888e-03 -5.347305692188698140e-02 -5.487199999999999717e-02 2.830331805631745509e-03 9.999206798913200522e-01 1.227286223951679252e-02 1.676920000000000147e-02 5.344218110771952607e-02 -1.240662091672139512e-02 9.984938703046095654e-01 2.179106700000000174e+00
9.986293868158083731e-01 3.330108786980729308e-03 -5.223273076672599324e-02 -6.044599999999999973e-02 -2.774911909418063555e-03 9.999389221996475285e-01 1.069821172449619655e-02 1.784000000000000169e-02 5.226516671529309044e-02 -1.053860738779331500e-02 9.985776334880270833e-01 2.263029799999999980e+00
9.986925272331677039e-01 4.997196598127575003e-03 -5.087498476450270229e-02 -6.243599999999999844e-02 -4.607192356408472585e-03 9.999591193533003963e-01 7.780321379166852194e-03 1.807359999999999869e-02 5.091178475775300777e-02 -7.535757979906973839e-03 9.986747230827706101e-01 2.303432200000000041e+00
9.987978552754376294e-01 5.876306183867082561e-03 -4.866531950803699991e-02 -6.460269999999999901e-02 -5.614197249404064699e-03 9.999689998043680417e-01 5.520889375510565529e-03 1.883829999999999880e-02 4.869625330998951507e-02 -5.241035764549511165e-03 9.987998830885413959e-01 2.343364499999999850e+00
9.989480580298971679e-01 7.134951917838982388e-03 -4.529756968566202996e-02 -6.673149999999999915e-02 -6.856500509762051762e-03 9.999566510330158975e-01 6.299559952471040988e-03 1.922470000000000082e-02 4.534055314017369082e-02 -5.982350371323132826e-03 9.989536754649726014e-01 2.383279799999999948e+00
9.991219741158094969e-01 1.627410929178440060e-02 -3.860614207204361020e-02 -7.069010000000000571e-02 -1.578059931865375895e-02 9.997902649752908877e-01 1.305368705698674303e-02 1.920600000000000085e-02 3.881048214170835370e-02 -1.243299752258864369e-02 9.991692384418825457e-01 2.460879799999999840e+00
9.992749756108302295e-01 2.512896615510999687e-02 -2.860171634622350398e-02 -7.422049999999999481e-02 -2.472315477496511010e-02 9.995898295725474947e-01 1.445469588398527044e-02 1.979370000000000088e-02 2.895321633165497469e-02 -1.373709121687401516e-02 9.994863698865290580e-01 2.534736899999999959e+00
9.991731756248426466e-01 4.060277785282910556e-02 -2.092735626202512668e-03 -7.719059999999999810e-02 -4.056016486910848928e-02 9.990245139802089724e-01 1.746119962653774199e-02 2.126019999999999993e-02 2.799667401336248564e-03 -1.736188057904079762e-02 9.998453515245250278e-01 2.668659700000000079e+00
9.989690720545657543e-01 4.504258324763189825e-02 5.653209072726489946e-03 -7.747869999999999757e-02 -4.513211105940435897e-02 9.988387670439246024e-01 1.685852904301473124e-02 2.177099999999999869e-02 -4.887292682191043784e-03 -1.709629037401769538e-02 9.998419031155305614e-01 2.699450300000000080e+00
9.984727566436126800e-01 5.103903042873444290e-02 2.114643264003817844e-02 -7.693600000000000438e-02 -5.128411500022121011e-02 9.986211418619839186e-01 1.121403472936604098e-02 2.220460000000000142e-02 -2.054492124952145629e-02 -1.228138425268347073e-02 9.997134958635343072e-01 2.755926099999999934e+00
9.961718404106848501e-01 6.080514102106621133e-02 6.280445205713777734e-02 -7.180739999999999346e-02 -6.171854185554331851e-02 9.980127198138212252e-01 1.270561612220192163e-02 2.332290000000000058e-02 -6.190707523389078759e-02 -1.653317619900847996e-02 9.979449724913482811e-01 2.873242100000000132e+00
9.912169033071114299e-01 6.255198417680787881e-02 1.165173801362055089e-01 -6.162600000000000022e-02 -6.330768294423236298e-02 9.979901497045490233e-01 2.792556700305159640e-03 2.379890000000000130e-02 -1.161085176827832549e-01 -1.014447476394150088e-02 9.931847269029415726e-01 2.958621299999999898e+00
9.867100168928498727e-01 6.618157964963009010e-02 1.484026316424058578e-01 -5.656019999999999798e-02 -6.677140628731662031e-02 9.977677885827879178e-01 -1.009638067406790421e-03 2.396229999999999888e-02 -1.481381850358847174e-01 -8.912832416955451809e-03 9.889265086711860331e-01 2.989909599999999834e+00
9.808856785494298736e-01 6.595879074306321144e-02 1.830648069409778200e-01 -4.945530000000000065e-02 -6.646093498333327521e-02 9.977832429179024354e-01 -3.397686473954902690e-03 2.378929999999999934e-02 -1.828831040248546924e-01 -8.833916229337310244e-03 9.830949761779312901e-01 3.020439899999999955e+00
9.126316909257687904e-01 7.318799138141005023e-02 4.021777152398261501e-01 9.313999999999999797e-04 -7.260877819229122343e-02 9.972205450297050300e-01 -1.670777962748956624e-02 2.156599999999999837e-02 -4.022826892216401218e-01 -1.395358334668009292e-02 9.154091628689284832e-01 3.151922700000000077e+00
8.155488767486043233e-01 7.659376995911625075e-02 5.735969177371333938e-01 5.247709999999999875e-02 -6.691717142516194483e-02 9.970349313133569646e-01 -3.799260335150703854e-02 1.931760000000000074e-02 -5.748061601988494473e-01 -7.398658285083436689e-03 8.182561567461836827e-01 3.222173000000000176e+00
7.882951824969575139e-01 8.062546427378147751e-02 6.099919997530505178e-01 6.502810000000000534e-02 -7.013823403197103068e-02 9.966903454387281425e-01 -4.109724365581043926e-02 1.849260000000000140e-02 -6.112866212988510295e-01 -1.038700244853044651e-02 7.913411254327487043e-01 3.236304000000000070e+00
6.893941800930994956e-01 8.376674273755865818e-02 7.195267870377745068e-01 1.132433000000000051e-01 -7.063899962776307162e-02 9.963313426977716825e-01 -4.831135777065546921e-02 1.566880000000000009e-02 -7.209339749140361020e-01 -1.752108356224148233e-02 6.927822280092446050e-01 3.280215000000000103e+00
2.721728048974212943e-01 7.359306680308849713e-02 9.594300520584010394e-01 3.436350000000000238e-01 -4.752643303431299676e-02 9.968823010147053187e-01 -6.298345883374004139e-02 3.165499999999999911e-03 -9.610739838520784284e-01 -2.845590346734075751e-02 2.748218679809745213e-01 3.380639299999999903e+00
2.282767375082696282e-01 6.765254586229818567e-02 9.712429480572459806e-01 3.760558999999999985e-01 -3.416428568143704825e-02 9.975250768480129482e-01 -6.145341848296831389e-02 1.366900000000000103e-03 -9.729966766112090326e-01 -1.915343566348647053e-02 2.300230710294663972e-01 3.385450399999999860e+00
1.862253107392022600e-01 6.680738115657090803e-02 9.802330883331208389e-01 4.092078000000000104e-01 -2.510479532098690292e-02 9.976833472723913854e-01 -6.322727123044530328e-02 -2.299000000000000045e-04 -9.821862770839239198e-01 -1.283403281738038082e-02 1.874710769949954337e-01 3.389207600000000209e+00
1.150038035638881601e-01 6.923275357297654919e-02 9.909495199042898106e-01 4.780556000000000250e-01 -1.295674792467268674e-02 9.975880188660092296e-01 -6.819286838231193582e-02 -3.863199999999999794e-03 -9.932805484096903781e-01 -4.997043895577812922e-03 1.156234478955309175e-01 3.395644700000000071e+00
8.629401219727370065e-02 6.756821813944519084e-02 9.939757941501177196e-01 5.140407000000000171e-01 -5.562700407149321485e-03 9.977146167546212530e-01 -6.733943776391002056e-02 -6.156499999999999646e-03 -9.962541843440744227e-01 2.818007089409810262e-04 8.647265906217616038e-02 3.396963400000000188e+00
2.553000907763711136e-02 6.674072023406141252e-02 9.974436800637590528e-01 6.273362999999999579e-01 8.735858416416397015e-03 9.977159039545696606e-01 -6.698253334895755418e-02 -1.226569999999999917e-02 -9.996358854173973407e-01 1.042359145182834845e-02 2.488865860228861582e-02 3.398707200000000039e+00
-8.658095705561481836e-03 7.051973694809290927e-02 9.974728086918089875e-01 7.483467000000000313e-01 1.511123117140247135e-02 9.974055190642897584e-01 -7.038381371152804822e-02 -1.904159999999999880e-02 -9.998483325341092076e-01 1.446365240409323155e-02 -9.701272488482959311e-03 3.397787800000000136e+00
-1.494267762812147467e-02 7.237703679785899291e-02 9.972654014502174702e-01 7.898823999999999845e-01 1.922355966129572422e-02 9.972132055489788538e-01 -7.208520952788138869e-02 -2.157670000000000074e-02 -9.997035416258416296e-01 1.809384489519357334e-02 -1.629237974201547257e-02 3.396591700000000102e+00
-1.977374296256047270e-02 7.168783557200326950e-02 9.972310932377969062e-01 8.322053000000000367e-01 1.989457906181757094e-02 9.972568373589888457e-01 -7.129520365845300189e-02 -2.417050000000000101e-02 -9.996065249953119958e-01 1.842971979571645866e-02 -2.114569968215040952e-02 3.395904999999999951e+00
-2.681973975150703238e-02 5.626802416109416560e-02 9.980554148025388983e-01 1.057217599999999980e+00 2.262609553343395905e-02 9.981929468949753970e-01 -5.566776958022220945e-02 -3.626329999999999831e-02 -9.993841910699674536e-01 2.108910207029488296e-02 -2.804440074765957025e-02 3.389022399999999990e+00
-2.603685404640999554e-02 6.370377710384907133e-02 9.976291450303909070e-01 1.103017700000000101e+00 2.367960013646464024e-02 9.977267540588097283e-01 -6.309200244602050645e-02 -3.864549999999999930e-02 -9.993804874864942178e-01 2.198074197961997003e-02 -2.748614584262920602e-02 3.387979500000000144e+00
-2.385165816572805408e-02 7.174389256040170082e-02 9.971378602194518326e-01 1.149925400000000097e+00 2.449861853760142150e-02 9.971640313619724028e-01 -7.115976565228684936e-02 -4.095859999999999779e-02 -9.994152871016606099e-01 2.273122166142482400e-02 -2.554164186744500853e-02 3.386918300000000048e+00
-1.690378598836930410e-02 6.136881653466749742e-02 9.979720088140716650e-01 1.295692099999999902e+00 2.401580477850540421e-02 9.978515793719530125e-01 -6.095462792716910272e-02 -4.986899999999999666e-02 -9.995686585423234627e-01 2.293673695261007339e-02 -1.834129106324433600e-02 3.384523199999999843e+00
-1.088320688747162861e-02 6.514886520431299732e-02 9.978162061073344580e-01 1.393327500000000052e+00 3.006201078841892749e-02 9.974455639415799046e-01 -6.479677831976526914e-02 -5.568189999999999945e-02 -9.994887849872059471e-01 2.929116480876229472e-02 -1.281391231999229330e-02 3.383308899999999841e+00
-1.735880347841992598e-03 6.805498794420850039e-02 9.976800616106006325e-01 1.540054699999999999e+00 2.143705842031477099e-02 9.974548291851870196e-01 -6.800232541195472269e-02 -6.413080000000000169e-02 -9.997686928713572785e-01 2.126928186523952685e-02 -3.190360988196472292e-03 3.383927799999999930e+00
2.959292638840090289e-03 6.439559088455727720e-02 9.979200621601442833e-01 1.589433000000000096e+00 2.573525429904041997e-02 9.975890055368445974e-01 -6.445054474690721513e-02 -6.757480000000000431e-02 -9.996644133274132926e-01 2.587245459244429113e-02 1.294920893521900318e-03 3.383937599999999879e+00
1.316912618626655054e-02 7.081182825281730209e-02 9.974027567111412029e-01 1.736823299999999959e+00 2.645990826076384528e-02 9.971152705721522125e-01 -7.114077906978291677e-02 -7.661170000000000480e-02 -9.995631282567012388e-01 2.732804733816904946e-02 1.125746234107150023e-02 3.385242900000000166e+00
1.676745745821216563e-02 7.005302805242577535e-02 9.974023388939254886e-01 1.785997400000000068e+00 2.556366999575273094e-02 9.971864486885143597e-01 -7.046761900573374204e-02 -8.004020000000000579e-02 -9.995325663262479843e-01 2.667882704833637528e-02 1.492946886495494230e-02 3.386372600000000066e+00
2.432930182126801649e-02 6.732819660626666869e-02 9.974342078626730057e-01 1.883997900000000003e+00 3.434165936431379795e-02 9.970843922989996999e-01 -6.814224142072169976e-02 -8.666820000000000079e-02 -9.991139752325535195e-01 3.591139896303654350e-02 2.194620512805200985e-02 3.387654500000000013e+00
3.392987019851836233e-02 6.659021946675208747e-02 9.972033426436562875e-01 2.032794500000000060e+00 3.890757050867908740e-02 9.969334632873902979e-01 -6.789602885973283763e-02 -9.618129999999999735e-02 -9.986665934461930183e-01 4.110246281160411658e-02 3.123495934680942110e-02 3.392322300000000013e+00
4.023478440101853348e-02 6.593925463886141092e-02 9.970121247115679708e-01 2.132149699999999815e+00 3.894711808123956648e-02 9.969583091461369229e-01 -6.750742046354435422e-02 -1.023579000000000017e-01 -9.984309110386004882e-01 4.154689545738859957e-02 3.754425868869015748e-02 3.396620500000000042e+00
4.883517355634079543e-02 6.757407354635774910e-02 9.965183743454376630e-01 2.281848000000000098e+00 3.595374377482964123e-02 9.969432527345236661e-01 -6.936482635804427921e-02 -1.117702000000000001e-01 -9.981595334075091808e-01 3.921600963202617057e-02 4.625635584700615865e-02 3.404047499999999893e+00
5.396089989559294670e-02 6.805869805671793671e-02 9.962209769430087070e-01 2.382375500000000201e+00 3.139115435326095271e-02 9.970658047527044543e-01 -6.981673453558003006e-02 -1.181079000000000018e-01 -9.980495061422695047e-01 3.503990028048603600e-02 5.166612698379913216e-02 3.410019199999999806e+00
6.079340093009753809e-02 7.361305450226698910e-02 9.954322079429612780e-01 2.483483999999999803e+00 2.927185815021585494e-02 9.967163860632621830e-01 -7.549572221936655392e-02 -1.247009000000000034e-01 -9.977210635863044130e-01 3.372779209845176707e-02 5.843898798214730572e-02 3.416205600000000064e+00
6.719881357324190840e-02 7.801545065424647651e-02 9.946848289350569416e-01 2.586144700000000185e+00 2.314653954262404362e-02 9.965480975024340049e-01 -7.972532264896181609e-02 -1.317686999999999886e-01 -9.974710808647788696e-01 2.838095881914767804e-02 6.516106210733085824e-02 3.423607800000000090e+00
7.328000021843854295e-02 7.790851505778295660e-02 9.942636998550619110e-01 2.690312899999999896e+00 2.117152972213751441e-02 9.965978899206477948e-01 -7.965181815211094807e-02 -1.391409999999999869e-01 -9.970866601741344981e-01 2.688696872470956734e-02 7.138125114892701628e-02 3.431738900000000037e+00
8.094390550714163080e-02 7.992707255541230127e-02 9.935088058160190805e-01 2.795337700000000147e+00 1.674566284508004210e-02 9.965298389129898515e-01 -8.153442789355531961e-02 -1.468476999999999977e-01 -9.965779783524866264e-01 2.323667852280793256e-02 7.932458530681296693e-02 3.440700500000000162e+00
9.023636708123085326e-02 7.792214682558878946e-02 9.928673310619463566e-01 2.901197400000000037e+00 1.620615994887646821e-02 9.966875589939707680e-01 -7.969485633559737769e-02 -1.547580000000000067e-01 -9.957885108976166633e-01 2.328194108598890741e-02 8.867464566366056733e-02 3.450305699999999920e+00
1.009327474259501395e-01 9.022740913058052703e-02 9.907934169839002214e-01 3.006800699999999882e+00 1.034098644393851435e-02 9.957301811301115801e-01 -9.173042235791492582e-02 -1.628175000000000039e-01 -9.948395069037095917e-01 1.950438484490120417e-02 9.956874246171010245e-02 3.462119099999999783e+00
1.153164764376154033e-01 9.762146776708358065e-02 9.885201865885253625e-01 3.113249499999999781e+00 4.504220880957372775e-03 9.950974692060009508e-01 -9.879645122203359331e-02 -1.722300999999999971e-01 -9.933185905117594139e-01 1.584537190514557353e-02 1.143114252072783277e-01 3.475414300000000178e+00
1.300563304125335051e-01 9.429288986695663621e-02 9.870127668070781679e-01 3.221870399999999801e+00 7.472958079136823861e-04 9.954580605117824277e-01 -9.519816863309882304e-02 -1.821231000000000100e-01 -9.915063249765990738e-01 1.311871497740659670e-02 1.293951577484264703e-01 3.490345000000000031e+00
1.445415020002724094e-01 8.530082994608065294e-02 9.858151564111881093e-01 3.330803599999999864e+00 -2.277063701453994893e-03 9.963033609415592462e-01 -8.587448956152540780e-02 -1.914643000000000039e-01 -9.894961188303899036e-01 1.016766379572249523e-02 1.442014196619866295e-01 3.507045699999999933e+00
1.591241945377955824e-01 7.533085442450024316e-02 9.843803904407951721e-01 3.438768899999999906e+00 -4.643624581471737789e-03 9.971307510702764887e-01 -7.555595291419842097e-02 -2.000464000000000131e-01 -9.872476525489660704e-01 7.451687171437799961e-03 1.590174358202737226e-01 3.525222299999999809e+00
1.664436537916331171e-01 7.701460973192474080e-02 9.830387886550203680e-01 3.491792199999999902e+00 -4.907975822222257478e-03 9.969975663940275901e-01 -7.727719183378238543e-02 -2.042152000000000134e-01 -9.860387527302457711e-01 8.037567556546179603e-03 1.663219036145104912e-01 3.534409800000000157e+00
1.722197275745923628e-01 8.360293018938297349e-02 9.815044144057032405e-01 3.544230699999999956e+00 -4.353079830164287289e-03 9.964468081383051068e-01 -8.411188528963089994e-02 -2.082855000000000123e-01 -9.850489409821856501e-01 1.021315890079892152e-02 1.719717280693010553e-01 3.544102899999999945e+00
1.821548743313923246e-01 9.044017875796168948e-02 9.791017188339232735e-01 3.647736999999999785e+00 -7.214020053891309625e-03 9.958570698343993666e-01 -9.064576314150712966e-02 -2.165901000000000076e-01 -9.832433878099444691e-01 9.448308159247027771e-03 1.820526566709510519e-01 3.564114800000000027e+00
1.925251107784202720e-01 8.681018249120517338e-02 9.774446654085336972e-01 3.750064099999999900e+00 -6.362242302828717555e-03 9.961687596147310586e-01 -8.721997615528316594e-02 -2.255881999999999887e-01 -9.812714219789736569e-01 1.057329577245061381e-02 1.923398082141893894e-01 3.584784299999999924e+00
1.970303798411250640e-01 8.039660915854673906e-02 9.770953969062949884e-01 3.800203300000000173e+00 -5.601012266353434799e-03 9.967080340308376307e-01 -8.088092210141206717e-02 -2.295605000000000007e-01 -9.803813839936244001e-01 1.046327550007204732e-02 1.968320649298671565e-01 3.595238399999999945e+00
1.999322349293256307e-01 7.416001286369697243e-02 9.769991780591326114e-01 3.850181300000000029e+00 -6.937536322252191301e-03 9.972136863345482105e-01 -7.427472232757748039e-02 -2.336947000000000052e-01 -9.797851662614319723e-01 8.071943949111863581e-03 1.998896487938782718e-01 3.606401899999999827e+00
2.030737236924536337e-01 7.079571767062894927e-02 9.766007521526804958e-01 3.899611699999999903e+00 -1.097164915044133299e-02 9.974846738485420028e-01 -7.002819683661432038e-02 -2.374956000000000012e-01 -9.791019791934854055e-01 3.505965882403032363e-03 2.033396728202119252e-01 3.617497000000000185e+00
2.099033831633916047e-01 7.700311524331558688e-02 9.746851235036816385e-01 4.042648800000000264e+00 -1.818337075082248830e-02 9.970288235582589476e-01 -7.485245501767062715e-02 -2.482631999999999894e-01 -9.775530342465826861e-01 -2.011277419683994705e-03 2.106798993697323041e-01 3.649796999999999958e+00
2.119711528121789035e-01 8.128694790695888128e-02 9.738894508492464963e-01 4.088906299999999661e+00 -1.951020397906036777e-02 9.966881621351654230e-01 -7.894339364583852214e-02 -2.517669000000000157e-01 -9.770811544166487783e-01 -2.267059681109871716e-03 2.128550636565429421e-01 3.660437799999999964e+00
2.139940988837528424e-01 8.664216589497153453e-02 9.729849231781336760e-01 4.134643099999999905e+00 -2.031939552201189603e-02 9.962379724759222732e-01 -8.424383872238765114e-02 -2.554463000000000150e-01 -9.766235957668391032e-01 -1.742781137105312017e-03 2.149495636314656677e-01 3.671063900000000046e+00
2.153780973547778366e-01 8.871106755418392553e-02 9.724929931229493452e-01 4.179627899999999840e+00 -1.959681775601572473e-02 9.960573113230820619e-01 -8.652050215798737232e-02 -2.589983000000000146e-01 -9.763340821223405186e-01 -4.231468182654268828e-04 2.162673831928819679e-01 3.681555700000000098e+00
2.169080637725107341e-01 8.594176700023128945e-02 9.724016169028815160e-01 4.269154999999999589e+00 -2.222178476214771436e-02 9.962937148176624902e-01 -8.309648666945571027e-02 -2.664788000000000157e-01 -9.759390780947574395e-01 -3.584201403410376685e-03 2.180139200781789910e-01 3.702781900000000181e+00
2.177019993952952759e-01 8.325838967520134137e-02 9.724576494675659655e-01 4.312881899999999824e+00 -2.201113970172370940e-02 9.965203471302261917e-01 -8.039096643581729318e-02 -2.701976999999999851e-01 -9.757670568267419187e-01 -3.903627050042948743e-03 2.187770840548253215e-01 3.712937600000000060e+00
2.159994988177679764e-01 8.118185970266386664e-02 9.730127040104307179e-01 4.397966900000000123e+00 -2.135039127059684683e-02 9.966919238066956899e-01 -7.841791766618413928e-02 -2.771839999999999860e-01 -9.761600162386622204e-01 -3.835971027655364629e-03 2.170182204866898390e-01 3.732549199999999789e+00
2.143954473371736669e-01 8.205974207504156126e-02 9.732937844719194986e-01 4.439926100000000098e+00 -2.268458709231734038e-02 9.966141817748173093e-01 -7.902899590506204386e-02 -2.806479000000000057e-01 -9.764834876584164158e-01 -5.135310690590935701e-03 2.155310346900576324e-01 3.742152700000000110e+00
2.097544479131029649e-01 8.883792807926553514e-02 9.737098613628460964e-01 4.521469599999999645e+00 -2.190196319301068728e-02 9.960407783444480412e-01 -8.615725090367024053e-02 -2.875682999999999989e-01 -9.775087598528013899e-01 -3.254290947230543962e-03 2.108697085915124392e-01 3.760406000000000137e+00
2.083565053274549772e-01 8.954211750305815509e-02 9.739454686381565640e-01 4.561115700000000217e+00 -1.936032308824842119e-02 9.959828309497259502e-01 -8.742641673595141771e-02 -2.906122999999999901e-01 -9.778613115251306720e-01 -6.400362787656807551e-04 2.092530663476953601e-01 3.768278399999999806e+00
2.061496887678377354e-01 8.843911782197001747e-02 9.745156890783210901e-01 4.600566899999999571e+00 -2.028376609539243869e-02 9.960795435363589689e-01 -8.610523666645404639e-02 -2.939452000000000176e-01 -9.783102139167876299e-01 -2.016280553484350868e-03 2.071353662676139740e-01 3.776748899999999853e+00
2.037665249277617052e-01 8.565447089527133961e-02 9.752653561644208935e-01 4.639657500000000212e+00 -2.059360139756064717e-02 9.963199840212809688e-01 -8.320091959415361338e-02 -2.969705999999999735e-01 -9.788028948160820697e-01 -3.130663745205305992e-03 2.047805948916356922e-01 3.784982400000000080e+00
1.998639809046258986e-01 8.047797016809021819e-02 9.765130236994176149e-01 4.714917200000000364e+00 -1.676048704840042008e-02 9.967561857861056973e-01 -7.871589528827470372e-02 -3.039306999999999981e-01 -9.796802923458528545e-01 -6.343616935221563224e-04 2.005645092592057699e-01 3.800394299999999781e+00
1.955747178062977321e-01 8.407704685552334911e-02 9.770780828301499632e-01 4.788015800000000155e+00 -9.262989761957191037e-03 9.964321064515003767e-01 -8.388834396562927509e-02 -3.093195999999999724e-01 -9.806450564682702709e-01 7.355774920427153585e-03 1.956557328566252973e-01 3.814863400000000127e+00
1.926483309201801053e-01 8.883123821829991273e-02 9.772387792705898857e-01 4.861049699999999696e+00 -1.072116945381693803e-02 9.960251028728311917e-01 -8.842539778088964741e-02 -3.147705000000000086e-01 -9.812092932291314185e-01 6.557862744040209024e-03 1.928349483807824116e-01 3.829269599999999940e+00
1.962393975524319156e-01 8.308365727008168444e-02 9.770297870294878395e-01 5.006876899999999964e+00 4.482704504477443008e-03 9.963174215315694360e-01 -8.562418415967881780e-02 -3.262653999999999832e-01 -9.805457685435107207e-01 2.118257414273957973e-02 1.951442910876545200e-01 3.857559699999999925e+00
2.047704771998178630e-01 8.350700656622678242e-02 9.752413196341238599e-01 5.081163899999999956e+00 2.849710866182283975e-04 9.963489152817405214e-01 -8.537422215387327484e-02 -3.324446999999999819e-01 -9.788099766853823880e-01 1.776003578958303825e-02 2.039990457573614968e-01 3.874039199999999905e+00
2.189883544325907372e-01 8.323181945962611350e-02 9.721710574031433572e-01 5.157262799999999814e+00 -6.897459904775665729e-04 9.963680704776582964e-01 -8.514806153458076565e-02 -3.375372999999999846e-01 -9.757272287239781017e-01 1.797588278968065972e-02 2.182504129768304546e-01 3.891597299999999926e+00
2.359237270038447021e-01 8.098801582686437905e-02 9.683909005814966831e-01 5.234260599999999819e+00 -4.128240285786462238e-03 9.965956571089015226e-01 -8.234108247903687561e-02 -3.434969999999999968e-01 -9.717628067943110404e-01 1.542846473581576533e-02 2.354548997305800917e-01 3.911775399999999792e+00
2.553821843896874055e-01 8.455691228805924109e-02 9.631355400361163444e-01 5.313438900000000409e+00 -1.041686235382456582e-02 9.963511177458120871e-01 -8.471091514894836527e-02 -3.493996999999999797e-01 -9.667840652777917043e-01 1.160080820375519739e-02 2.553311425854012384e-01 3.933567000000000036e+00
2.752863870646365951e-01 8.958801668787813588e-02 9.571788716654955342e-01 5.393644300000000058e+00 -1.826812224653374256e-02 9.959561757394825854e-01 -8.796346807607433038e-02 -3.555832999999999910e-01 -9.611886811685229626e-01 6.729284680953483144e-03 2.758097821347130774e-01 3.958219800000000177e+00
2.951575050400085387e-01 9.191657836478120402e-02 9.510170292062434250e-01 5.475860599999999856e+00 -2.259509587245631806e-02 9.957549095101007053e-01 -8.922792068094939633e-02 -3.624825999999999881e-01 -9.551814010234245256e-01 4.847969496843164416e-03 2.959813986227611826e-01 3.985253999999999852e+00
3.154986248145898453e-01 9.390790662839883229e-02 9.442679295691316366e-01 5.560651299999999964e+00 -2.789320350704711793e-02 9.955789613464111065e-01 -8.969114182858597961e-02 -3.687170000000000170e-01 -9.485159919253955962e-01 1.958774380319376618e-03 3.167231855496370763e-01 4.014848699999999937e+00
3.369396415481507034e-01 8.158597338264764187e-02 9.379847583519733689e-01 5.649140799999999629e+00 -2.365980211584669049e-02 9.966576555684080185e-01 -7.819035337382493345e-02 -3.757925999999999767e-01 -9.412289263071140777e-01 4.152895868011846625e-03 3.377437811991018668e-01 4.046608899999999842e+00
3.578608790085682223e-01 7.385471293015190286e-02 9.308496509389792006e-01 5.738506300000000060e+00 -2.276361104387012238e-02 9.972610133817731981e-01 -7.037250315998549999e-02 -3.822746000000000199e-01 -9.334974072205330931e-01 3.994066444568435126e-03 3.585619028086755034e-01 4.081577300000000186e+00
3.763505427600839504e-01 6.580181884045402385e-02 9.241376464582961026e-01 5.831765200000000426e+00 -9.628145769078673422e-03 9.976985481073865625e-01 -6.711859588416779765e-02 -3.880783999999999900e-01 -9.264273138100150851e-01 1.636238801950752955e-02 3.761179395948290871e-01 4.118013900000000227e+00
3.904021331314213028e-01 5.170048772311514051e-02 9.191916198571589147e-01 5.927187400000000217e+00 5.236094409149242429e-03 9.982811215621477663e-01 -5.837281600161763062e-02 -3.938205000000000178e-01 -9.206295442585873401e-01 2.760184598559038693e-02 3.894603706879729010e-01 4.157336700000000107e+00
4.051405053398437484e-01 5.821127592623247943e-02 9.123993743356119124e-01 6.022015599999999580e+00 9.313555636988012087e-03 9.976563934021783764e-01 -6.778626988671557219e-02 -3.993686000000000180e-01 -9.142069944024563410e-01 3.596064597303474941e-02 4.036488614214455151e-01 4.198685199999999895e+00
4.177532308943918138e-01 6.392137378806628245e-02 9.063091614070462043e-01 6.116561899999999774e+00 1.146036826894461860e-02 9.970719593013508408e-01 -7.560534329070692228e-02 -4.062439999999999940e-01 -9.084882487057481804e-01 4.197101318781557705e-02 4.157974699484727754e-01 4.241793600000000275e+00
4.257450565062411152e-01 6.962421654889738853e-02 9.021605263645986472e-01 6.208321999999999896e+00 -2.642978743275785358e-03 9.971266831454752566e-01 -7.570596028494525065e-02 -4.137732000000000077e-01 -9.048393014916296107e-01 2.984704724516913307e-02 4.247057713840071136e-01 4.287504700000000391e+00
4.339249944198386721e-01 7.718591438667912752e-02 8.976365822748285650e-01 6.299233899999999942e+00 -6.668686103118014186e-03 9.965712847559944354e-01 -8.246940660296185610e-02 -4.209636999999999962e-01 -9.009243185991823166e-01 2.979948019813111540e-02 4.329519178113432343e-01 4.332064199999999587e+00
4.411641184773903990e-01 7.829986070872838044e-02 8.940041120604874658e-01 6.387177499999999952e+00 -1.068776121934231216e-02 9.965742629409324316e-01 -8.200920804309469458e-02 -4.290991000000000111e-01 -8.973627986094504516e-01 2.662461749454814869e-02 4.404896564223541588e-01 4.376910200000000195e+00
4.485900682356954716e-01 7.241326612233935089e-02 8.907992307864828208e-01 6.473797799999999825e+00 -9.850936315393674092e-03 9.970523022877443298e-01 -7.608985186224542785e-02 -4.365114999999999967e-01 -8.936833386239245725e-01 2.535794534664933403e-02 4.479810987907772990e-01 4.420764000000000138e+00
4.553813496590330967e-01 7.330182350909587863e-02 8.872737283685113718e-01 6.556795100000000431e+00 -1.313715183340850509e-02 9.970495239548008426e-01 -7.562844718233305286e-02 -4.437736999999999932e-01 -8.901995515750519283e-01 2.278353466313614434e-02 4.550007350805383988e-01 4.464385000000000048e+00
4.581964911441530619e-01 7.365562312527419719e-02 8.857938951501153069e-01 6.597207100000000324e+00 -1.196988416098980490e-02 9.969816373522296660e-01 -7.670943003073174560e-02 -4.471471000000000195e-01 -8.887703288118694589e-01 2.454514136229037774e-02 4.576951372465591916e-01 4.485444499999999834e+00
4.622985488477281968e-01 7.068395236072992638e-02 8.839026137601081468e-01 6.677452599999999627e+00 -8.117564041981675804e-03 9.971133993206767743e-01 -7.549154952171166499e-02 -4.539187000000000083e-01 -8.866871809648030345e-01 2.772449772008105454e-02 4.615378590526028058e-01 4.526966599999999730e+00
