1.000000000000000000e+00 0.000000000000000000e+00 0.000000000000000000e+00 0.000000000000000000e+00 0.000000000000000000e+00 1.000000000000000000e+00 0.000000000000000000e+00 0.000000000000000000e+00 0.000000000000000000e+00 0.000000000000000000e+00 1.000000000000000000e+00 0.000000000000000000e+00
9.999982750027921474e-01 -1.847812140006332808e-03 -1.886312151800785661e-04 2.366000000000000048e-04 1.848578394756474497e-03 9.999896957614946569e-01 4.146218608777438308e-03 3.768999999999999998e-04 1.809678383986286835e-04 -4.146560156150874005e-03 9.999913866076611813e-01 6.452839999999999965e-02
9.999902875838513339e-01 -4.335417306767338358e-03 -7.930288407893713778e-04 2.028999999999999988e-04 4.343249432738803539e-03 9.999389882618782144e-01 1.015657118206249668e-02 6.622999999999999981e-04 7.489474822412859906e-04 -1.015991685927943727e-02 9.999481062370593198e-01 1.279592999999999980e-01
9.999644942552338156e-01 -8.131641083256421071e-03 -2.210575076217683420e-03 2.658000000000000098e-04 8.153605824788551226e-03 9.999155916149762291e-01 1.011574798648481356e-02 1.240299999999999953e-03 2.128130853230757527e-03 -1.013341297713626736e-02 9.999463910632940822e-01 1.911912000000000056e-01
9.999392017184255410e-01 -1.051266645414282268e-02 -3.328169277790937568e-03 3.068999999999999788e-04 1.053607983670212279e-02 9.999193062123138409e-01 7.097329466739910921e-03 1.893399999999999944e-03 3.253288857806855942e-03 -7.131963818525430439e-03 9.999692751298405735e-01 2.538838999999999957e-01
9.999308833705181643e-01 -1.109359209887469423e-02 -3.893673869100229990e-03 -3.471999999999999826e-04 1.110917912937919687e-02 9.999302720962850444e-01 4.004632882130916213e-03 2.147200000000000150e-03 3.848976607683486911e-03 -4.047611615887009365e-03 9.999844009879755857e-01 3.155335000000000223e-01
9.999279220662395939e-01 -1.103516811477266504e-02 -4.730299881715437083e-03 -7.004000000000000026e-04 1.105120263293831936e-02 9.999332307687457400e-01 3.377117816110835388e-03 2.495700000000000002e-03 4.692716980384556077e-03 -3.429149902943985900e-03 9.999831095264984926e-01 3.776418999999999748e-01
9.999328213613701832e-01 -1.021409658198370665e-02 -5.479506848616626062e-03 -1.612300000000000105e-03 1.024268888224624460e-02 9.999339402047390246e-01 5.215606492711381478e-03 2.877999999999999916e-03 5.425872165065901039e-03 -5.271380999246089508e-03 9.999713858174188452e-01 4.392827000000000259e-01
9.999299022738105114e-01 -1.003250577173282060e-02 -6.288033605817328758e-03 -2.083199999999999896e-03 1.008417015354046153e-02 9.999152092125516145e-01 8.239168509835140958e-03 3.208100000000000188e-03 6.204840932867189407e-03 -8.302000563669153371e-03 9.999462869252720987e-01 5.014484000000000163e-01
9.999067299678412457e-01 -1.134969728474185049e-02 -7.597087373683787670e-03 -3.418299999999999984e-03 1.143064209541752585e-02 9.998774447330148751e-01 1.069747332145865905e-02 4.118799999999999718e-03 7.474743226702239285e-03 -1.078331515451414445e-02 9.999139204591430685e-01 6.244227999999999446e-01
9.998965142325048072e-01 -1.171699531955749940e-02 -8.347026199051926429e-03 -4.128399999999999952e-03 1.180764280713983774e-02 9.998709348999909041e-01 1.089463691717971160e-02 4.421699999999999763e-03 8.218296479513895539e-03 -1.099206818117699942e-02 9.999058125844029199e-01 6.853688000000000002e-01
9.998911732429449639e-01 -1.171426223435214839e-02 -8.967593386840805314e-03 -5.184799999999999826e-03 1.179604996217316695e-02 9.998888107935688385e-01 9.122458830413078534e-03 5.215499999999999650e-03 8.859733412286983911e-03 -9.227248242433823411e-03 9.999181781594610463e-01 7.458207000000000031e-01
9.998681662919854940e-01 -1.256172507127671298e-02 -1.028849353093395404e-02 -5.989399999999999759e-03 1.263408741569551491e-02 9.998956929354056999e-01 6.998791638380813356e-03 6.019199999999999724e-03 1.019950347198215514e-02 -7.127854688373141782e-03 9.999225789112207163e-01 8.062861999999999529e-01
9.998132277562772341e-01 -1.334714362596989279e-02 -1.397724438515196566e-02 -7.325500000000000414e-03 1.341911666451489626e-02 9.998971148642703533e-01 5.068233819794187509e-03 6.745899999999999987e-03 1.390815988974348355e-02 -5.254849487444743228e-03 9.998894687140902349e-01 9.270253999999999994e-01
9.998087260006736088e-01 -1.221397477466382858e-02 -1.527515083767400604e-02 -8.765800000000000675e-03 1.228199267888727825e-02 9.999150374240098893e-01 4.366988570710236481e-03 7.009500000000000106e-03 1.522051473326629760e-02 -4.553762570098514664e-03 9.998737916245777901e-01 9.871353999999999962e-01
9.997905698237415928e-01 -1.094996473585289551e-02 -1.728915162180286527e-02 -9.882699999999999471e-03 1.102882780803376983e-02 9.999291775469273391e-01 4.472677889830517853e-03 7.256699999999999609e-03 1.723895149650498879e-02 -4.662420252295554693e-03 9.998405274786035246e-01 1.046917300000000051e+00
9.997624286206064914e-01 -1.148045230498881235e-02 -1.852796625373696882e-02 -1.145009999999999951e-02 1.157969514943148377e-02 9.999191287120043903e-01 5.258012559154572746e-03 7.714399999999999730e-03 1.846610351083768226e-02 -5.471311606815253831e-03 9.998145166831836628e-01 1.106092999999999993e+00
9.997039767848728831e-01 -1.082058103582296711e-02 -2.179159990816463208e-02 -1.384119999999999968e-02 1.097367097114728372e-02 9.999158571133217599e-01 6.917892652255279440e-03 8.709700000000000775e-03 2.171491068200217048e-02 -7.154978642757535770e-03 9.997386003024463230e-01 1.225007900000000038e+00
9.996694691934536747e-01 -1.187695467023664950e-02 -2.280110326803860832e-02 -1.565300000000000025e-02 1.203731955845863469e-02 9.999036804947352142e-01 6.908883479264773045e-03 9.069999999999999937e-03 2.271685058114716188e-02 -7.181064046758833808e-03 9.997161482234996344e-01 1.283497000000000110e+00
9.996157822135054438e-01 -1.192402437623584985e-02 -2.502210207709904335e-02 -1.678409999999999971e-02 1.209313108324608019e-02 9.999049753764094328e-01 6.617884715338491659e-03 9.381499999999999215e-03 2.494081254260291022e-02 -6.917937566718611146e-03 9.996649928898869719e-01 1.341723100000000057e+00
9.995887689899017881e-01 -1.140471474071861127e-02 -2.631017656602824273e-02 -1.846789999999999890e-02 1.158678275609198449e-02 9.999098984344426677e-01 6.778014324690349000e-03 9.954799999999999760e-03 2.623050465804795811e-02 -7.080077295158137239e-03 9.996308484289981866e-01 1.399653899999999895e+00
9.995072627937671150e-01 -1.383976782209369628e-02 -2.817254779287381092e-02 -2.183919999999999959e-02 1.417388588487411387e-02 9.998311526498012691e-01 1.169474881698515101e-02 1.097790000000000050e-02 2.800593832446585454e-02 -1.208830085662783091e-02 9.995346619307236002e-01 1.514229199999999942e+00
9.994997668479012054e-01 -1.305690466398387074e-02 -2.880509176494326640e-02 -2.384280000000000080e-02 1.344238413852039300e-02 9.998221251865703207e-01 1.322952365289973946e-02 1.141969999999999964e-02 2.862723143553391747e-02 -1.361011491523178053e-02 9.994974969415033605e-01 1.570963899999999969e+00
9.994764580874762050e-01 -1.122753492618523870e-02 -3.034389870129833994e-02 -2.792330000000000159e-02 1.152161938411803456e-02 9.998881683994816916e-01 9.534305506805361430e-03 1.233869999999999932e-02 3.023345854646602993e-02 -9.878924749732335975e-03 9.994940444195293816e-01 1.680429900000000032e+00
9.994477757022767195e-01 -1.076625764574310612e-02 -3.143614702976388342e-02 -2.947779999999999845e-02 1.100338114724018143e-02 9.999122283050793092e-01 7.379789244920068915e-03 1.329220000000000054e-02 3.135393511347521478e-02 -7.721617853556122547e-03 9.994785177134242193e-01 1.733946200000000104e+00
9.994256361197834115e-01 -1.006574391829603669e-02 -3.235859493144771504e-02 -3.146670000000000023e-02 1.029839990867753401e-02 9.999222487374169743e-01 7.031318455897908777e-03 1.358739999999999948e-02 3.228530355885132763e-02 -7.360521671633494557e-03 9.994515905709662196e-01 1.786885899999999916e+00
9.993805742613033338e-01 -1.025750546756842504e-02 -3.366379911314902607e-02 -3.332689999999999958e-02 1.048835979049295500e-02 9.999226279557500430e-01 6.688229285225639510e-03 1.360409999999999918e-02 3.359258992773286878e-02 -7.037164460873651141e-03 9.994108345511858449e-01 1.839519399999999916e+00
9.992465034787433309e-01 -9.669388851559565165e-03 -3.758893726541313873e-02 -3.756810000000000010e-02 9.899632096724298932e-03 9.999333308654665409e-01 5.943997698756870417e-03 1.414100000000000079e-02 3.752895641841556829e-02 -6.311635567002939727e-03 9.992756079714014694e-01 1.943135099999999893e+00
9.991558889787323094e-01 -9.988773674517137727e-03 -3.984637900234547919e-02 -3.951029999999999820e-02 1.027042283706352567e-02 9.999236582360443437e-01 6.869942837779445186e-03 1.473670000000000015e-02 3.977471475532174533e-02 -7.273383004194573093e-03 9.991822005849619881e-01 1.994023199999999996e+00
9.990704469200673010e-01 -1.008450918074300755e-02 -4.191115323539323229e-02 -4.184489999999999738e-02 1.049286223992927126e-02 9.998994889993605417e-01 9.534764854551288499e-03 1.473889999999999922e-02 4.181078727973163572e-02 -9.965669741729851067e-03 9.990758447153288424e-01 2.044142499999999973e+00
9.989940346006594973e-01 -9.170494096533511608e-03 -4.389556777536696153e-02 -4.417240000000000055e-02 9.653684121779575189e-03 9.998949866951899468e-01 1.080842100877102419e-02 1.525759999999999963e-02 4.379183959567457818e-02 -1.122130205686425533e-02 9.989776559888490226e-01 2.093776000000000082e+00
9.989223910343747459e-01 -7.867736547029508670e-03 -4.574008539338497020e-02 -4.682429999999999926e-02 8.382027102957819581e-03 9.999036728023523724e-01 1.106285397225417223e-02 1.563700000000000159e-02 4.564863975862690909e-02 -1.143432717708722617e-02 9.988921152207551613e-01 2.142328700000000197e+00
9.988591013640212291e-01 -5.438578693926227579e-03 -4.744383504787529765e-02 -4.980579999999999730e-02 5.932422144780596061e-03 9.999296188442363675e-01 1.027442093337600088e-02 1.594189999999999843e-02 4.738461764915007784e-02 -1.054415571821897338e-02 9.988210644507021785e-01 2.189934500000000117e+00
9.987827335395559336e-01 -3.716259044554305092e-03 -4.918577641926755173e-02 -5.244059999999999694e-02 4.201634285696280967e-03 9.999434598208468694e-01 9.768491738414221068e-03 1.635769999999999932e-02 4.914669320088249638e-02 -9.963261525623710521e-03 9.987418765462827697e-01 2.237669200000000025e+00
9.986995829739490071e-01 -3.508110236518108098e-03 -5.086094897098212414e-02 -5.534660000000000274e-02 4.073306642185802427e-03 9.999310565383191518e-01 1.101318950893173144e-02 1.686870000000000036e-02 5.081880695824269462e-02 -1.120604001105456569e-02 9.986450187762474506e-01 2.284181400000000028e+00
9.986383711982164124e-01 -2.132769257855143125e-03 -5.212345792314791032e-02 -5.779019999999999990e-02 2.786658207901683733e-03 9.999182942538116237e-01 1.247555019147745733e-02 1.773239999999999886e-02 5.209259166720116990e-02 -1.260381338486440267e-02 9.985627200038832418e-01 2.329744600000000165e+00
9.987616755347757946e-01 5.195433656350677970e-03 -4.947851000272414368e-02 -6.569969999999999977e-02 -4.811792331501942716e-03 9.999574566793897334e-01 7.869656018203127421e-03 1.914369999999999961e-02 4.951729129835065468e-02 -7.621830515617636706e-03 9.987441842444266804e-01 2.463855699999999871e+00
9.988603458603374508e-01 5.940031613932402442e-03 -4.735742277819242341e-02 -6.794269999999999476e-02 -5.671012200030875992e-03 9.999670240485133421e-01 5.812954170382037856e-03 1.992910000000000167e-02 4.739039025365876512e-02 -5.537764890760943880e-03 9.988610934817816478e-01 2.507061699999999949e+00
9.990004979211861702e-01 7.135519618583023235e-03 -4.412583724978853122e-02 -7.013239999999999752e-02 -6.856512960005844287e-03 9.999555555717788424e-01 6.471098142074967023e-03 2.039190000000000100e-02 4.417005074992873953e-02 -6.162080891055471930e-03 9.990050226980046189e-01 2.549732399999999899e+00
9.990947574904924799e-01 1.158324130507196875e-02 -4.093279951191428068e-02 -7.241980000000000639e-02 -1.120855892044347879e-02 9.998932680042202925e-01 9.371275621152017066e-03 2.053140000000000173e-02 4.103698041938566576e-02 -8.903994648983445254e-03 9.991179535557099811e-01 2.591656700000000146e+00
9.993403541931780154e-01 2.912612239252239735e-02 -2.169159919022482091e-02 -7.882329999999999892e-02 -2.876880512810149962e-02 9.994481382261037883e-01 1.660647006067692694e-02 2.151379999999999959e-02 2.216331050531209629e-02 -1.597147428231482369e-02 9.996267801918345963e-01 2.750644900000000170e+00
9.993155924273553481e-01 3.373292342415246808e-02 -1.518013862994116100e-02 -7.981979999999999631e-02 -3.346302426178762029e-02 9.992832855658003721e-01 1.769579600001388101e-02 2.198369999999999838e-02 1.576618973686982200e-02 -1.717571151595647175e-02 9.997281741529052690e-01 2.787318200000000079e+00
9.991693523298198487e-01 4.074290589879848989e-02 -7.880252089733716251e-04 -8.080650000000000333e-02 -4.072310758615226012e-02 9.990196210640426289e-01 1.736160239100932937e-02 2.272729999999999889e-02 1.494614778126738402e-03 -1.731509018106701728e-02 9.998489654836306695e-01 2.856268899999999888e+00
9.986825488384506455e-01 4.919697510754614950e-02 1.458849840810323012e-02 -8.120789999999999953e-02 -4.940509001207348677e-02 9.986769365415296695e-01 1.426581581699663467e-02 2.342910000000000131e-02 -1.386736191330789278e-02 -1.496776737837141394e-02 9.997918094349804718e-01 2.919882299999999820e+00
9.982101372103731052e-01 5.152696437480065034e-02 3.035611820978030562e-02 -7.936139999999999861e-02 -5.187540215774551905e-02 9.985951178022026697e-01 1.080432101416746622e-02 2.413469999999999852e-02 -2.975675757572223551e-02 -1.235971860209743832e-02 9.994807515578559842e-01 2.977859700000000220e+00
9.969046203028540942e-01 5.578927758071258042e-02 5.539615984745288602e-02 -7.588459999999999650e-02 -5.658709613134870614e-02 9.983138293277188380e-01 1.293826589801064242e-02 2.490180000000000171e-02 -5.458093595976393209e-02 -1.603292487502903929e-02 9.983806221825961558e-01 3.053467799999999954e+00
9.952421710139842670e-01 6.437424761000669349e-02 7.313670268761772453e-02 -7.318239999999999468e-02 -6.545028562791850579e-02 9.977786575483740261e-01 1.241010282747588567e-02 2.515759999999999871e-02 -7.217534999288420516e-02 -1.713787576131261745e-02 9.972447102230197480e-01 3.095724300000000095e+00
9.910729350658668002e-01 6.237903889498776916e-02 1.178273859782430349e-01 -6.347769999999999802e-02 -6.316234387633286318e-02 9.979989885841010766e-01 2.921831815688886395e-03 2.506399999999999947e-02 -1.174093509733195734e-01 -1.033800230455080363e-02 9.930297931141718326e-01 3.167149300000000167e+00
9.889542824834919310e-01 6.419962604134882289e-02 1.335957902544563092e-01 -6.128270000000000245e-02 -6.481189786219604398e-02 9.978974710838007800e-01 2.347340096121551534e-04 2.558459999999999901e-02 -1.332998314067275480e-01 -8.890737916841650462e-03 9.910358771135543421e-01 3.184338299999999844e+00
9.121234234132546970e-01 7.288831945989952821e-02 4.033833825868340384e-01 3.676899999999999873e-03 -7.242993105807267462e-02 9.972383946507724639e-01 -1.641612991155410456e-02 2.261619999999999950e-02 -4.034659410009813207e-01 -1.424349397661308497e-02 9.148837944414202061e-01 3.374388000000000165e+00
8.801924009011571348e-01 6.942195101874699958e-02 4.695124387197929794e-01 2.335920000000000010e-02 -6.600420828534138418e-02 9.975364741147807468e-01 -2.375767874344277344e-02 2.170249999999999957e-02 -4.700050870836207650e-01 -1.007846850479052550e-02 8.826061650521800361e-01 3.404375799999999952e+00
8.609032266278037193e-01 7.143729917054514322e-02 5.037284453642204562e-01 3.462080000000000019e-02 -6.579716895794507359e-02 9.974115584089400244e-01 -2.899854667684604453e-02 2.129910000000000136e-02 -5.044961515601046331e-01 -8.178963226938873107e-03 8.633752009535462513e-01 3.419105300000000014e+00
6.884850922358030090e-01 8.321894742280394608e-02 7.204601894337386847e-01 1.240105999999999986e-01 -6.988155094192907701e-02 9.963848043263378029e-01 -4.831035650371685169e-02 1.674590000000000106e-02 -7.218759218917115694e-01 -1.708591517613967242e-02 6.918115530226314203e-01 3.511738100000000085e+00
3.170757090179029403e-01 7.638375514400576327e-02 9.453192670737725622e-01 3.386335999999999791e-01 -5.795588593500976271e-02 9.964491271361899383e-01 -6.107579156272433668e-02 5.773999999999999619e-03 -9.466277568486368699e-01 -3.542116570111413648e-02 3.203767016873916296e-01 3.613420699999999819e+00
2.700656655508156812e-01 7.288586597864793459e-02 9.600792607025407932e-01 3.716962999999999795e-01 -4.672349836117651450e-02 9.969480666887829967e-01 -6.254172228513621423e-02 3.425599999999999999e-03 -9.617075704139423920e-01 -2.796788991040514288e-02 2.726469257895114406e-01 3.620255699999999965e+00
2.261783135646722454e-01 6.711409621104189038e-02 9.717710988513786896e-01 4.068900999999999768e-01 -3.358574754279051999e-02 9.975677386684992376e-01 -6.107867328133984031e-02 1.650999999999999907e-03 -9.735067375396192491e-01 -1.882298747786147197e-02 2.278822658904714471e-01 3.625347600000000003e+00
8.410641627770577833e-02 6.699252975202826810e-02 9.942022488902068078e-01 5.572937999999999503e-01 -5.129147238762277877e-03 9.977533422065277824e-01 -6.679790389156262109e-02 -6.509299999999999982e-03 -9.964435772232788091e-01 5.187225915154955458e-04 8.426107249108971686e-02 3.637788099999999858e+00
3.929969374996850756e-02 6.437770839513919097e-02 9.971514652914814647e-01 6.391438000000000397e-01 6.514681816409517712e-03 9.978846744081897313e-01 -6.468180193912533016e-02 -1.094030000000000002e-02 -9.992062314617484731e-01 9.038099526544246531e-03 3.879716181576498002e-02 3.639261499999999927e+00
1.011636427754158095e-02 6.583033258835613299e-02 9.977795480390996286e-01 7.253123000000000209e-01 1.005902155866000847e-02 9.977734204740261736e-01 -6.593191549503674143e-02 -1.578150000000000039e-02 -9.998982324512259989e-01 1.070367725917920759e-02 9.431650653243917048e-03 3.639543100000000031e+00
-1.610902352659597915e-03 6.664053938884481609e-02 9.977757481035371967e-01 7.694322000000000106e-01 1.079851161672962939e-02 9.977200257952476559e-01 -6.661938362063821173e-02 -1.857380000000000142e-02 -9.999403967939652915e-01 1.066717568497990709e-02 -2.326848175584705913e-03 3.638976599999999895e+00
-2.157435385592926594e-02 7.100273020661120038e-02 9.972427786446520503e-01 9.074535000000000240e-01 2.054375604393985158e-02 9.972958183848259495e-01 -7.056206289322408676e-02 -2.624690000000000009e-02 -9.995561521712055253e-01 1.896478144739369154e-02 -2.297467565269106782e-02 3.635071500000000011e+00
-2.777116842155122334e-02 6.171944826677268348e-02 9.977071072765530957e-01 1.003949800000000003e+00 1.626054195193088817e-02 9.979878961426954520e-01 -6.128420618810256904e-02 -3.137480000000000130e-02 -9.994820443509386809e-01 1.452132426197914536e-02 -2.871888162424030000e-02 3.633081400000000016e+00
-2.948588444391529728e-02 5.349554788336341460e-02 9.981326610101581842e-01 1.103407599999999933e+00 2.016285511771195513e-02 9.983954965718984109e-01 -5.291400285798145142e-02 -3.661360000000000309e-02 -9.993618173074567679e-01 1.856498805846867536e-02 -3.051719722265933132e-02 3.629857499999999959e+00
-2.889989141431119346e-02 5.581883866660317106e-02 9.980225716516399892e-01 1.153862200000000060e+00 2.327692160166659752e-02 9.982064421098187923e-01 -5.515508907804357597e-02 -3.931529999999999747e-02 -9.993112534125645485e-01 2.163691707172677933e-02 -3.014734851757827627e-02 3.627622399999999914e+00
-2.364785979940321053e-02 7.195186112385490440e-02 9.971277292341846898e-01 1.309284200000000009e+00 2.602399200082245595e-02 9.971129663799134235e-01 -7.133361141419132523e-02 -4.700569999999999748e-02 -9.993815740583018581e-01 2.426235680768078218e-02 -2.545206229145069443e-02 3.623432600000000114e+00
-2.155458056622575058e-02 6.764647243982514768e-02 9.974764933686720569e-01 1.363082399999999916e+00 2.518036755829894738e-02 9.974285240986620060e-01 -6.709909391335955320e-02 -5.012660000000000032e-02 -9.994505236109706425e-01 2.367053190811005403e-02 -2.320251652179339263e-02 3.622590499999999825e+00
-1.624043124270183741e-02 5.943839518776261599e-02 9.980998575145445528e-01 1.472158199999999972e+00 2.285434948211907333e-02 9.979927743885096403e-01 -5.906014712201861083e-02 -5.687230000000000063e-02 -9.996068862822025114e-01 2.185176070317165764e-02 -1.756625888944729486e-02 3.621135699999999957e+00
-7.041304677699929994e-03 7.105404709348314696e-02 9.974476138725647534e-01 1.633215300000000036e+00 2.637948382405327918e-02 9.971384034362676951e-01 -7.084579892800646483e-02 -6.611029999999999685e-02 -9.996272019416101440e-01 2.581330634010470249e-02 -8.895524390366116307e-03 3.619556900000000077e+00
4.464175848565439184e-03 6.487182104635336177e-02 9.978836194507466617e-01 1.795446600000000004e+00 3.082320605618144027e-02 9.974104799085520279e-01 -6.497895456999912278e-02 -7.700010000000000188e-02 -9.995148828818963826e-01 3.104804990207492635e-02 2.453058268162333633e-03 3.619746399999999920e+00
1.824729506677386440e-02 6.656196418569607087e-02 9.976154274801928290e-01 2.012389399999999995e+00 3.012847017092958393e-02 9.972918391631594437e-01 -6.709145119702300541e-02 -9.047629999999999562e-02 -9.993794632210054596e-01 3.128086415534628295e-02 1.619246830440856932e-02 3.623518499999999865e+00
2.179113938232173087e-02 6.690509758075471880e-02 9.975213552411447138e-01 2.066400999999999932e+00 3.463206771406508733e-02 9.971089529278407415e-01 -6.763398463046134401e-02 -9.421839999999999382e-02 -9.991625323891347721e-01 3.602004870700149797e-02 1.941107830277866153e-02 3.624318099999999987e+00
3.173527501471169743e-02 6.626495648937426319e-02 9.972972615329902535e-01 2.230327799999999971e+00 3.933560679344239031e-02 9.969440198361695371e-01 -6.749319485022917120e-02 -1.045374000000000025e-01 -9.987219745043822705e-01 4.137120803603211439e-02 2.903172037112244919e-02 3.628250400000000209e+00
3.843477003301130901e-02 6.559193425161474744e-02 9.971060458214268118e-01 2.339132300000000164e+00 3.947295229478218342e-02 9.969648512497851778e-01 -6.710418324983635774e-02 -1.111811000000000049e-01 -9.984811738283517757e-01 4.193785323100859136e-02 3.572900749714436053e-02 3.632284400000000080e+00
4.708629184941579005e-02 6.702276992562289371e-02 9.966397691399681014e-01 2.504093399999999914e+00 3.635967507248517860e-02 9.969702354030125502e-01 -6.876280789122171666e-02 -1.217014000000000012e-01 -9.982288591042113302e-01 3.947528381099726924e-02 4.450670533241340987e-02 3.639771000000000090e+00
5.230019888817822454e-02 6.754083616117900757e-02 9.963447820141908551e-01 2.615016699999999972e+00 3.175865454222169537e-02 9.970930892338721874e-01 -6.925864035426351761e-02 -1.286230999999999902e-01 -9.981262831214918751e-01 3.526481040218665264e-02 5.000316079382383094e-02 3.646121299999999898e+00
5.561456301995541807e-02 6.953499257102398190e-02 9.960280644581493981e-01 2.670499099999999792e+00 3.041917383066484667e-02 9.969909142461919060e-01 -7.130070668655527633e-02 -1.321434999999999971e-01 -9.979888247087538300e-01 3.426370847835989719e-02 5.333201700433587433e-02 3.649569699999999806e+00
6.220046474532328618e-02 7.489135461085089096e-02 9.952499119266563499e-01 2.782653799999999844e+00 2.954269406201610187e-02 9.966056830709799641e-01 -7.683971432913828947e-02 -1.400534999999999974e-01 -9.976263485960180644e-01 3.418182960546795046e-02 5.977684427768703568e-02 3.657059400000000071e+00
6.775733533870365033e-02 7.665830084691815927e-02 9.947524558497263802e-01 2.896027800000000152e+00 1.969052990805549366e-02 9.967468877901380919e-01 -7.815321306647472765e-02 -1.474814999999999876e-01 -9.975075070092146445e-01 2.488265644856296407e-02 6.602747055827862255e-02 3.666051099999999785e+00
7.553373706672980581e-02 7.839851931246699657e-02 9.940565007756584359e-01 3.010961500000000068e+00 2.116237616391624873e-02 9.965538375420351924e-01 -8.020350812364718252e-02 -1.560203000000000007e-01 -9.969186568621487554e-01 2.709466829204166399e-02 7.361433658135618785e-02 3.674584900000000154e+00
8.304928041539001715e-02 7.740747447436704953e-02 9.935345489302255251e-01 3.126787699999999948e+00 1.617251005522922849e-02 9.967426867483278885e-01 -7.900928003872920158e-02 -1.641335999999999906e-01 -9.964142045058369535e-01 2.262961133614621589e-02 8.152688973446453602e-02 3.685579300000000114e+00
9.252028044864823997e-02 8.072816570102278599e-02 9.924328496015493162e-01 3.243331400000000198e+00 1.286579869998694808e-02 9.965277971671754331e-01 -8.226068743299097541e-02 -1.731398000000000104e-01 -9.956276758555451245e-01 2.037922313742686689e-02 9.116039893945215855e-02 3.697409599999999852e+00
1.065411598811264876e-01 9.427492936337900087e-02 9.898288836686440773e-01 3.359721899999999817e+00 9.244438814566761919e-03 9.953580040409505392e-01 -9.579657688361750689e-02 -1.822111999999999898e-01 -9.942653175094603446e-01 1.935669096578782750e-02 1.051750774312385506e-01 3.709510600000000213e+00
1.200888931825939004e-01 9.568274716893487852e-02 9.881414218766384483e-01 3.477753400000000106e+00 1.076966697530497286e-03 9.953314469483858229e-01 -9.650984850451807540e-02 -1.926065999999999889e-01 -9.927625586598798346e-01 1.265395629193893229e-02 1.194252046816322022e-01 3.726142199999999960e+00
1.347821774542647399e-01 9.017216610767442297e-02 9.867637737068265524e-01 3.596490900000000046e+00 3.207616891251832691e-04 9.958466375028665052e-01 -9.104598665604640706e-02 -2.036660000000000137e-01 -9.908751998877688427e-01 1.258789234479561897e-02 1.341934544368313942e-01 3.742985200000000123e+00
1.493088654420639538e-01 7.741618528517360542e-02 9.857553433567048939e-01 3.715164399999999922e+00 -4.478757300843148881e-03 9.969730512466057348e-01 -7.761878523316902145e-02 -2.130833000000000033e-01 -9.887804627082007469e-01 7.174213819251706870e-03 1.492036434629927522e-01 3.762069900000000189e+00
1.635653084393569878e-01 7.636684428674164749e-02 9.835723130348996701e-01 3.832251999999999992e+00 -4.265883737000993048e-03 9.970448229012979224e-01 -7.670347685510682523e-02 -2.226203999999999961e-01 -9.865232851337470965e-01 8.350222715836602694e-03 1.634077160648037541e-01 3.782516199999999884e+00
1.696837127544713331e-01 8.293268272356171811e-02 9.820028552718832460e-01 3.889638900000000010e+00 -3.692458678770792202e-03 9.964993509014689055e-01 -8.351891643128983578e-02 -2.269577999999999873e-01 -9.854916556596325927e-01 1.054579485976531866e-02 1.693959351224583187e-01 3.792498800000000170e+00
1.797185167963849528e-01 8.979259712623283152e-02 9.796114251180585430e-01 4.003334500000000240e+00 -6.632551793565463760e-03 9.959133469841711106e-01 -9.007005359991537841e-02 -2.360040999999999944e-01 -9.836957171692948254e-01 9.689932926083687226e-03 1.795796236288371706e-01 3.813854699999999820e+00
1.848828473151497565e-01 8.933396219122562154e-02 9.786918697771325171e-01 4.059606600000000398e+00 -9.191302190846475928e-03 9.959735542219263493e-01 -8.917510445511182826e-02 -2.410312000000000010e-01 -9.827175854398249033e-01 7.491494494440781304e-03 1.849595219975446181e-01 3.825279699999999838e+00
1.946407981911120466e-01 7.961596013752425538e-02 9.776381020453872583e-01 4.170412100000000066e+00 -4.700700606896909828e-03 9.967646741421131162e-01 -8.023769560606304474e-02 -2.503950999999999816e-01 -9.808633253890834958e-01 1.102194509816931123e-02 1.943853225758617187e-01 3.847561799999999810e+00
2.007941271167293928e-01 7.040674681318291606e-02 9.771001015856130012e-01 4.280145599999999995e+00 -1.055572193470686801e-02 9.975115665088429839e-01 -6.970833103375261020e-02 -2.586570000000000258e-01 -9.795765897824774138e-01 3.683026507974807018e-03 2.010376583276717311e-01 3.871455899999999950e+00
2.056929632349858705e-01 7.246290318992602841e-02 9.759300858857145045e-01 4.386167499999999997e+00 -1.373306203305542719e-02 9.973703440666905617e-01 -7.116038071488592354e-02 -2.664450999999999903e-01 -9.785202133235710864e-01 1.234681164780988827e-03 2.061471990583775282e-01 3.895236300000000096e+00
2.092932438845518939e-01 8.093349306296951373e-02 9.744978746846542084e-01 4.488527799999999957e+00 -1.919058732200088283e-02 9.967169897610802520e-01 -7.865725446420820943e-02 -2.742064000000000168e-01 -9.776645945427901996e-01 -2.238754617373328593e-03 2.101592932878416642e-01 3.918460599999999960e+00
2.114303849694211535e-01 8.633983631254282809e-02 9.735720954183133546e-01 4.538802099999999839e+00 -2.012941712218876272e-02 9.962640423417324920e-01 -8.398073888238621887e-02 -2.781518000000000046e-01 -9.771857545410713719e-01 -1.841358855279251472e-03 2.123784605829008854e-01 3.929861999999999966e+00
2.128345529135298453e-01 8.852108136627251378e-02 9.730701265786775300e-01 4.588615400000000122e+00 -1.932092546878939193e-02 9.960742173689659529e-01 -8.638781934874480151e-02 -2.820655000000000245e-01 -9.768972079626020433e-01 -4.143024832672093094e-04 2.137093199379124231e-01 3.941227000000000036e+00
2.138783748769171045e-01 8.830597903843803720e-02 9.728607787479522928e-01 4.637479800000000374e+00 -2.180225871919839326e-02 9.960891805208667016e-01 -8.562129387021263915e-02 -2.862369000000000163e-01 -9.766169680456869839e-01 -2.898019208203636565e-03 2.149672049637312288e-01 3.952997900000000175e+00
2.151754934177178835e-01 8.286773521614773652e-02 9.730531565606208577e-01 4.734278200000000325e+00 -2.155390192416248296e-02 9.965535478654254931e-01 -8.010278115444358082e-02 -2.944584000000000090e-01 -9.763375114909214059e-01 -3.736936844465472973e-03 2.162200244166465612e-01 3.975170600000000221e+00
2.136525627118155135e-01 8.085211733977312742e-02 9.735581736950026377e-01 4.826962499999999601e+00 -2.100061537247315674e-02 9.967190736899531611e-01 -7.816688746917829778e-02 -3.019513999999999809e-01 -9.766839594263084789e-01 -3.744764921500130794e-03 2.146495286159080251e-01 3.996170300000000175e+00
2.100294013205892818e-01 8.442498283780512647e-02 9.740431575930045272e-01 4.917012200000000277e+00 -2.277795825319537185e-02 9.964168923953987678e-01 -8.145269281559650021e-02 -3.095594999999999875e-01 -9.774296983408731210e-01 -5.079254072454485180e-03 2.111998721101339127e-01 4.016067500000000123e+00
2.075778427053476261e-01 8.833168469869820405e-02 9.742222296252965874e-01 4.960929400000000378e+00 -2.123662029117420746e-02 9.960869499817726069e-01 -8.578924195152978771e-02 -3.132820000000000049e-01 -9.779879575825066729e-01 -2.881241798147866906e-03 2.086414466717918526e-01 4.025769699999999673e+00
2.041127655561493504e-01 8.792771823963660416e-02 9.749906129302944313e-01 5.047378499999999768e+00 -1.955374591113232668e-02 9.961256296828568946e-01 -8.574019424852444282e-02 -3.202488000000000001e-01 -9.787520778817601075e-01 -1.564050543590385367e-03 2.050412733769321205e-01 4.043253400000000219e+00
1.992463229366743804e-01 8.087565766632787145e-02 9.766063847800982023e-01 5.131745300000000398e+00 -1.948565757275643254e-02 9.967184815339659165e-01 -7.856575410178689989e-02 -3.276855000000000184e-01 -9.797556899274285636e-01 -3.375879983664634154e-03 2.001684078199258421e-01 4.061352699999999594e+00
1.958327149008595724e-01 8.143507248528625286e-02 9.772501607796616474e-01 5.212707499999999605e+00 -1.258944852488803196e-02 9.966726169212892783e-01 -8.053074236034397926e-02 -3.341466000000000158e-01 -9.805565019724246101e-01 3.467513314333703356e-03 1.962063270922145275e-01 4.076758899999999741e+00
1.917399175619186880e-01 8.526613704502582214e-02 9.777348770943825595e-01 5.291109099999999899e+00 -9.039432789461551709e-03 9.963301203128764882e-01 -8.511509861460483939e-02 -3.401877999999999846e-01 -9.814041433926155023e-01 7.481793284231784413e-03 1.918070126482830373e-01 4.092040500000000414e+00
1.890328727551158494e-01 8.653924981636873515e-02 9.781500555943183350e-01 5.370188200000000300e+00 -8.588506420393229868e-03 9.962167506838692788e-01 -8.647787702262553500e-02 -3.462419999999999942e-01 -9.819332006686680714e-01 7.946313490770712251e-03 1.890609571712027481e-01 4.107975500000000224e+00
1.921276445156311352e-01 8.322225294878693447e-02 9.778348658270491489e-01 5.450395600000000229e+00 2.338914940829592282e-03 9.963561514024312782e-01 -8.525813180826224968e-02 -3.523070999999999842e-01 -9.813671574338397319e-01 1.866751661747161756e-02 1.912329106967772807e-01 4.122501399999999983e+00
1.972564786095548084e-01 8.246308281086420222e-02 9.768775366543580585e-01 5.530229600000000190e+00 2.560275243603631068e-03 9.964092557445717313e-01 -8.462883703103506183e-02 -3.586309999999999776e-01 -9.803485740476369781e-01 1.919466175469250468e-02 1.963370528527096370e-01 4.139297499999999630e+00
2.088301315322424190e-01 8.225322026916023765e-02 9.744867284471243618e-01 5.611371499999999735e+00 1.865723655571846495e-03 9.964213534680007589e-01 -8.450446987135376564e-02 -3.647761999999999949e-01 -9.779501496699447571e-01 1.946520249960183996e-02 2.079293405274544870e-01 4.157580399999999621e+00
2.252745852731333209e-01 8.011276331058123090e-02 9.709960382950904023e-01 5.694785099999999822e+00 8.291335264627719415e-04 9.965975542253331376e-01 -8.241739773664003010e-02 -3.712043999999999899e-01 -9.742949624049244139e-01 1.937163046382544412e-02 2.244416765343725251e-01 4.176967600000000225e+00
2.435806681279956143e-01 8.000530278520125160e-02 9.665751960611068672e-01 5.780038799999999810e+00 -3.933410105575685378e-03 9.966651975787472750e-01 -8.150467606375660923e-02 -3.774830000000000130e-01 -9.698726650438500574e-01 1.605102680718011043e-02 2.430830683926269442e-01 4.199850099999999919e+00
2.622371225381811555e-01 8.629623725201068796e-02 9.611371655487263022e-01 5.866192800000000318e+00 -1.297465567329098707e-02 9.962187558652263464e-01 -8.590604619291988819e-02 -3.837790999999999841e-01 -9.649162398224285786e-01 1.005733058446577760e-02 2.623652039209092290e-01 4.225510599999999783e+00
2.831983835221835721e-01 9.071104748480211810e-02 9.547618454015811551e-01 5.955031400000000197e+00 -1.887652653970722794e-02 9.958513239185470267e-01 -8.901582665724627752e-02 -3.910484000000000182e-01 -9.588755666488839591e-01 7.186550903400264201e-03 2.837357946574504686e-01 4.253262499999999946e+00
3.032654103256859357e-01 9.188489092644085143e-02 9.484657388221406915e-01 6.045810200000000023e+00 -2.261489108331921072e-02 9.957538185050257562e-01 -8.923508073594110801e-02 -3.981257999999999742e-01 -9.526377368135710011e-01 5.612463995108271653e-03 3.040556571527993635e-01 4.283433399999999835e+00
3.238124238662301591e-01 8.820966183398629146e-02 9.420003023932691510e-01 6.139354700000000165e+00 -2.646212827778889748e-02 9.960992030544441045e-01 -8.417917462954353780e-02 -4.050799999999999956e-01 -9.457511670185169139e-01 2.330929736204537250e-03 3.248835127390710120e-01 4.316967499999999625e+00
3.457796253859426461e-01 7.654226374759265372e-02 9.351886079975264554e-01 6.236500699999999675e+00 -2.120157605395235623e-02 9.970501623031750027e-01 -7.376630005660306244e-02 -4.128357000000000276e-01 -9.380761929826306744e-01 5.679411202429852923e-03 3.463824482383713876e-01 4.352356399999999681e+00
3.655084061534417672e-01 7.062578745534700553e-02 9.281247778060246478e-01 6.335714300000000243e+00 -1.556797211700286857e-02 9.974416492976273529e-01 -6.976958141334270447e-02 -4.196612000000000120e-01 -9.306778407565825528e-01 1.105234783840000276e-02 3.656728077556822276e-01 4.391553899999999899e+00
3.810252368296316861e-01 5.575378013502123309e-02 9.228820536230937233e-01 6.438656299999999888e+00 8.955991241576533035e-04 9.981574085351470060e-01 -6.067112730622571670e-02 -4.254585000000000172e-01 -9.245642037203971597e-01 2.394376300950104910e-02 3.802732299436983876e-01 4.432979600000000353e+00
3.957874881533567368e-01 5.100000635988066744e-02 9.169248952736251956e-01 6.543497099999999733e+00 8.648188280339544343e-03 9.982054848695764981e-01 -5.925385064079398412e-02 -4.321943999999999786e-01 -9.183014064351225914e-01 3.138167184179094238e-02 3.946361838601344374e-01 4.476508100000000212e+00
4.104285458298151390e-01 6.173691608522308139e-02 9.098005066828164233e-01 6.646241700000000030e+00 1.413196754868348629e-02 9.971551512348527657e-01 -7.403979915559504021e-02 -4.381461999999999857e-01 -9.117832507022852750e-01 4.324531833717980278e-02 4.083884745933578087e-01 4.521751899999999935e+00
4.200366319817210869e-01 6.534165335507591266e-02 9.051517530946275869e-01 6.747785999999999618e+00 5.116803478321562543e-03 9.972181671153280691e-01 -7.436225855438825805e-02 -4.460645999999999778e-01 -9.074927251034119458e-01 3.586635626838262370e-02 4.185338198669409371e-01 4.570279099999999595e+00
4.276559301014746795e-01 7.223985288814410710e-02 9.010503921000988514e-01 6.847179399999999916e+00 -2.375070746067152461e-03 9.968879184744665611e-01 -7.879617400988833675e-02 -4.540519000000000083e-01 -9.039384738398924535e-01 3.155759265762717036e-02 4.264966047434158858e-01 4.619247900000000406e+00
4.352695980942870024e-01 7.901985614234031952e-02 8.968256459926208235e-01 6.944487099999999913e+00 -8.418509786097747027e-03 9.964544018324515973e-01 -8.371232741784487286e-02 -4.626990000000000269e-01 -9.002607986954774821e-01 2.888749563349038429e-02 4.343915364371246923e-01 4.667560599999999837e+00
4.432260020676673795e-01 7.449832339276735160e-02 8.933088552694296025e-01 7.039976099999999626e+00 -8.547708713646746947e-03 9.968465306016155436e-01 -7.889189504169068223e-02 -4.710331999999999852e-01 -8.963691470409157480e-01 2.733119534870627476e-02 4.424650924015951503e-01 4.715401599999999860e+00
4.503346608614633428e-01 7.078200014981125832e-02 8.900497748337353743e-01 7.132566899999999599e+00 -9.672157277860988361e-03 9.971809816172338969e-01 -7.440792480967385603e-02 -4.790560999999999847e-01 -8.928074499019277299e-01 2.489976617725310135e-02 4.497497738119886623e-01 4.763082999999999956e+00
4.563677372473489702e-01 7.280339426054895091e-02 8.868078451298666565e-01 7.221694900000000139e+00 -1.057417714495110031e-02 9.970204301760416943e-01 -7.640974145544621177e-02 -4.866963000000000261e-01 -8.897284277673955799e-01 2.549367756374137928e-02 4.557777936964834131e-01 4.809860699999999767e+00
4.603678879297442017e-01 7.006644292352065539e-02 8.849588133575211346e-01 7.309034300000000428e+00 -6.781433061885513980e-03 9.971288197526820829e-01 -7.541968565467863095e-02 -4.937255999999999867e-01 -8.877023261931523690e-01 2.871951243785997657e-02 4.595212396359911189e-01 4.855020500000000183e+00
4.637999601358943624e-01 6.941961140106235606e-02 8.832160067225166555e-01 7.393082599999999616e+00 -7.213208195261892192e-03 9.971882103139775300e-01 -7.458983066302175835e-02 -5.010622999999999605e-01 -8.859105861233823598e-01 2.822393955017527337e-02 4.629965903014766626e-01 4.899935199999999824e+00
4.692052813438118419e-01 7.096406236616696617e-02 8.802332110364646800e-01 7.474704700000000201e+00 -4.849840787293765998e-03 9.969580343478312567e-01 -7.778918172629514793e-02 -5.080114000000000019e-01 -8.830758081860313746e-01 3.223010396817602846e-02 4.681221393982433199e-01 4.943446599999999691e+00
4.757216294184737904e-01 6.857111052787012717e-02 8.769190008800168412e-01 7.553352799999999867e+00 1.758544583125021266e-04 9.969492475649833763e-01 -7.805233407671290091e-02 -5.143900000000000139e-01 -8.795958733297023491e-01 3.728539366277261458e-02 4.742582619636375174e-01 4.985441200000000350e+00
4.821483533235405572e-01 6.729704462027263911e-02 8.735010436014232216e-01 7.629462700000000375e+00 2.514384624594648288e-03 9.969349423891599171e-01 -7.819461946631531268e-02 -5.209652000000000172e-01 -8.760859793749458113e-01 3.989772460804359711e-02 4.805013301893583666e-01 5.027672800000000386e+00
4.890100428393639453e-01 6.603997141190283415e-02 8.697746260831931142e-01 7.703601400000000154e+00 4.549764173633386727e-03 9.969232236194851549e-01 -7.825206613309530768e-02 -5.275328999999999713e-01 -8.722662882676410767e-01 4.222331564490235112e-02 4.872050019937635978e-01 5.069239600000000401e+00
