1.000000000000000000e+00 0.000000000000000000e+00 0.000000000000000000e+00 0.000000000000000000e+00 0.000000000000000000e+00 1.000000000000000000e+00 0.000000000000000000e+00 0.000000000000000000e+00 0.000000000000000000e+00 0.000000000000000000e+00 1.000000000000000000e+00 0.000000000000000000e+00
9.999981056241000754e-01 -1.897325687684234046e-03 -4.346302406950547934e-04 3.572000000000000088e-04 1.899064741087483051e-03 9.999900505414702767e-01 4.036380950420049088e-03 3.943999999999999915e-04 4.269675870969879888e-04 -4.037198694962768411e-03 9.999917593287341866e-01 6.126870000000000233e-02
9.999898684838998131e-01 -4.380631210608177881e-03 -1.035857012054699957e-03 2.343000000000000031e-04 4.390835513188808339e-03 9.999397262402418551e-01 1.006302390369096834e-02 6.899999999999999667e-04 9.917121804724066125e-04 -1.006747022775738611e-02 9.999488299658959578e-01 1.210798000000000013e-01
9.999357581478447443e-01 -1.071262413327762029e-02 -3.703952142513349585e-03 4.025999999999999739e-04 1.073889402324979848e-02 9.999167963810141613e-01 7.146780414065591856e-03 1.770499999999999938e-03 3.627083187951587583e-03 -7.186097641180485239e-03 9.999676016092916564e-01 2.400094000000000116e-01
9.999284253729922023e-01 -1.128490035116277816e-02 -3.974311909337243862e-03 -5.354000000000000035e-04 1.129945750669791686e-02 9.999294622874961291e-01 3.659605100732013679e-03 2.242500000000000136e-03 3.932733291580014362e-03 -3.704250734399852640e-03 9.999854059611840151e-01 2.985482999999999887e-01
9.999244519533483366e-01 -1.126835908634885551e-02 -4.910648561759420327e-03 -8.806999999999999941e-04 1.128358770345168176e-02 9.999315807620776653e-01 3.084549106585646790e-03 2.512400000000000137e-03 4.875554771974637686e-03 -3.139725808653283986e-03 9.999831854023906175e-01 3.572866000000000097e-01
9.999303047499144004e-01 -1.044930094346004784e-02 -5.495248177865601907e-03 -1.740199999999999907e-03 1.047706603850469265e-02 9.999323706719441818e-01 5.048283828221904017e-03 2.859200000000000109e-03 5.442125500954740278e-03 -5.105506064875462748e-03 9.999721581513424384e-01 4.156211000000000211e-01
9.999288482906543152e-01 -1.013570739741648935e-02 -6.290134472305412838e-03 -2.187600000000000048e-03 1.018576794246809150e-02 9.999162953889320082e-01 7.978242105641911858e-03 3.194499999999999857e-03 6.208742831517309602e-03 -8.041744290140342283e-03 9.999483895987952842e-01 4.743586000000000191e-01
9.999167198433260850e-01 -1.070977187572686416e-02 -7.200983553183364777e-03 -2.730600000000000128e-03 1.077714196648157409e-02 9.998979021108420628e-01 9.382886835681053875e-03 3.834699999999999914e-03 7.099759770416819507e-03 -9.459711449446279660e-03 9.999300511888296050e-01 5.325185999999999531e-01
9.998931743212540191e-01 -1.192881923290614599e-02 -8.446491429879566387e-03 -4.063100000000000045e-03 1.201820045236517628e-02 9.998714704120966745e-01 1.061157452211579713e-02 4.361600000000000199e-03 8.318822251566024978e-03 -1.071195256058838502e-02 9.999080214043122306e-01 6.482763000000000275e-01
9.998874787688127874e-01 -1.198498053216679599e-02 -9.021643031647898908e-03 -5.136800000000000394e-03 1.206490512591195871e-02 9.998879847785147046e-01 8.857536895964704393e-03 5.100000000000000366e-03 8.914475063044463576e-03 -8.965385502264562601e-03 9.999200738044746739e-01 7.059075000000000211e-01
9.998671333488322599e-01 -1.262217288159956513e-02 -1.031486308854916156e-02 -5.901100000000000269e-03 1.269562391993433667e-02 9.998942942462165639e-01 7.086710601135414421e-03 5.465499999999999872e-03 1.022432306180181757e-02 -7.216722636187879354e-03 9.999216879997754326e-01 7.629211999999999660e-01
9.998112805073144926e-01 -1.353365371705004400e-02 -1.393712981179835893e-02 -7.289300000000000293e-03 1.360298184338760638e-02 9.998955100219626413e-01 4.891617614626538046e-03 6.487099999999999984e-03 1.386947206249784272e-02 -5.080280994810724635e-03 9.998909082943605586e-01 8.771613000000000326e-01
9.997954591936735191e-01 -1.109068898241820020e-02 -1.691261049060208480e-02 -1.008150000000000018e-02 1.116691646721718403e-02 9.999278819329189272e-01 4.419378888560052641e-03 6.759700000000000431e-03 1.686237682907572658e-02 -4.607336653829859248e-03 9.998472046751105680e-01 9.903355999999999826e-01
9.997651947480357126e-01 -1.160519935053134534e-02 -1.829958246672980585e-02 -1.147600000000000009e-02 1.169775759345112291e-02 9.999192819545391631e-01 4.959036479349991991e-03 7.314199999999999868e-03 1.824055475327092737e-02 -5.171936151297131315e-03 9.998202504644221333e-01 1.046707999999999972e+00
9.997416164884472822e-01 -1.103933987064366525e-02 -1.987041107493302261e-02 -1.266860000000000035e-02 1.117150312371838379e-02 9.999161270349564701e-01 6.552588295448836218e-03 7.441200000000000245e-03 1.979640823541366917e-02 -6.772877574068481184e-03 9.997810912146436468e-01 1.102955700000000094e+00
9.997106066105875266e-01 -1.077641899839710225e-02 -2.150748297365543890e-02 -1.379389999999999956e-02 1.092507975523886697e-02 9.999171532774391302e-01 6.806556683367854556e-03 8.112799999999999873e-03 2.143235084242422692e-02 -7.039557877680654822e-03 9.997455171003538643e-01 1.159216000000000024e+00
9.996694679474902312e-01 -1.179809352070822562e-02 -2.284206301668666519e-02 -1.533690000000000053e-02 1.195660035140999958e-02 9.999052922116132835e-01 6.815153354466658292e-03 8.489800000000000471e-03 2.275949387878220195e-02 -7.086014146532483918e-03 9.997158565521989670e-01 1.214538499999999965e+00
9.996185100359004094e-01 -1.200552575279438539e-02 -2.487371594686897669e-02 -1.656869999999999871e-02 1.217243091133406868e-02 9.999043316483137156e-01 6.569587250946244683e-03 8.773299999999999502e-03 2.479246497053756021e-02 -6.869854608213142935e-03 9.996690146135103205e-01 1.269608599999999976e+00
9.995939177135985121e-01 -1.144735354264962181e-02 -2.609516749992490600e-02 -1.826440000000000008e-02 1.162337165369935719e-02 9.999106411248944726e-01 6.603559388875717383e-03 9.252500000000000308e-03 2.601724238614707904e-02 -6.904191630597858280e-03 9.996376519702268038e-01 1.324398500000000034e+00
9.995669882105835402e-01 -1.167067869312705432e-02 -2.701168892285321990e-02 -1.997260000000000008e-02 1.191612266391098816e-02 9.998890035843124302e-01 8.943518984683538828e-03 9.543799999999999853e-03 2.690431378574499252e-02 -9.261520934088425180e-03 9.995951090965309316e-01 1.378519199999999945e+00
9.995224834671354586e-01 -1.300419552742966729e-02 -2.803026832504728130e-02 -2.143940000000000082e-02 1.333739276885732676e-02 9.998422123907819703e-01 1.173304204524569690e-02 9.863000000000000239e-03 2.787326672313460499e-02 -1.210129002175591544e-02 9.995382132675019182e-01 1.432123100000000093e+00
9.995094748010697749e-01 -1.271487164928886138e-02 -2.862065376317856485e-02 -2.328540000000000124e-02 1.309778005938024015e-02 9.998266758906565466e-01 1.323126354344249939e-02 1.054830000000000004e-02 2.844745929614345137e-02 -1.359964030340653912e-02 9.995027723039152656e-01 1.485637700000000061e+00
9.994981222431028600e-01 -1.225414586908785304e-02 -2.921197599496817496e-02 -2.530690000000000023e-02 1.261026821843128608e-02 9.998480214163754098e-01 1.203807315223663459e-02 1.102979999999999933e-02 2.906002009584132337e-02 -1.240040236357255014e-02 9.995007480003458289e-01 1.538304099999999952e+00
9.994964566193837996e-01 -1.049864345244171625e-02 -2.994347493118933862e-02 -2.731969999999999885e-02 1.078842535748917621e-02 9.998963648712084762e-01 9.532544028162838814e-03 1.141829999999999928e-02 2.984029295436199658e-02 -9.850786922956008759e-03 9.995061375066169873e-01 1.589657499999999946e+00
9.994661513266726027e-01 -1.024029148996096275e-02 -3.102497030537290298e-02 -2.884350000000000108e-02 1.048158421512985009e-02 9.999159963291454067e-01 7.624741138787867467e-03 1.210110000000000005e-02 3.094428452218241435e-02 -7.945861519874130099e-03 9.994895269787058556e-01 1.640242100000000036e+00
9.994487521689687792e-01 -9.328217686302467740e-03 -3.186182892880278644e-02 -3.083019999999999858e-02 9.560253883666562993e-03 9.999288226390590228e-01 7.138011021652770384e-03 1.249330000000000059e-02 3.179297616724768155e-02 -7.438683382316514138e-03 9.994667941737567229e-01 1.690039899999999928e+00
9.994031095937074838e-01 -9.482324428600922422e-03 -3.321912187067260769e-02 -3.258060000000000123e-02 9.708299466808255340e-03 9.999307749252156485e-01 6.647877775686901816e-03 1.254219999999999988e-02 3.315378494064609438e-02 -6.966410904365278114e-03 9.994259830839004044e-01 1.739953300000000036e+00
9.992673554354899457e-01 -8.804658866607948525e-03 -3.724554125267903748e-02 -3.645210000000000117e-02 9.032789794403788680e-03 9.999414345855296427e-01 5.961216953195166111e-03 1.305480000000000008e-02 3.719087347041567793e-02 -6.293280644910787154e-03 9.992883635614056015e-01 1.838042600000000082e+00
9.991863310203704662e-01 -9.012649950205824795e-03 -3.931218695170604627e-02 -3.838670000000000276e-02 9.292709108761239289e-03 9.999326896049298696e-01 6.947072539647114638e-03 1.348700000000000072e-02 3.924692929989272161e-02 -7.306736639993809991e-03 9.992028273279670580e-01 1.886299100000000006e+00
9.991013183035222234e-01 -9.358268779340195992e-03 -4.133979402002001258e-02 -4.062029999999999808e-02 9.758810728670106599e-03 9.999072738202321453e-01 9.497861577918514930e-03 1.359029999999999960e-02 4.124707719737301381e-02 -9.892753248966344726e-03 9.991000010288404454e-01 1.933665500000000037e+00
9.990145161865575663e-01 -8.598899784070921162e-03 -4.354371792855784434e-02 -4.270140000000000047e-02 9.084067812463554256e-03 9.998987122691490592e-01 1.095650101428955261e-02 1.402209999999999915e-02 4.344509362997010099e-02 -1.134125764635780798e-02 9.989914412618768891e-01 1.980852000000000057e+00
9.989579647937585349e-01 -6.849457796737958362e-03 -4.512282685074733152e-02 -4.557579999999999965e-02 7.355815997928550481e-03 9.999117216017038290e-01 1.106530498998068920e-02 1.441629999999999995e-02 4.504305214032944954e-02 -1.138568976423381604e-02 9.989201617358997032e-01 2.026743399999999973e+00
9.987980509624513337e-01 -3.079350948907232533e-03 -4.891800273255012682e-02 -5.052859999999999990e-02 3.559373495853747609e-03 9.999463399845195388e-01 9.728720978663635971e-03 1.517600000000000025e-02 4.888541964558892200e-02 -9.891144994243091654e-03 9.987554160037268591e-01 2.117040199999999928e+00
9.987184085529666744e-01 -3.010503745751818682e-03 -5.052204751023389034e-02 -5.333369999999999778e-02 3.557294697538667793e-03 9.999360357225102192e-01 1.073639222390994873e-02 1.584719999999999879e-02 5.048649395496165176e-02 -1.090235436718074193e-02 9.986652355005595227e-01 2.160958299999999888e+00
9.986668405203769083e-01 8.125507598592545018e-04 -5.161280273643966549e-02 -5.843340000000000339e-02 -1.427105958383171561e-04 9.999157390818660396e-01 1.298053812641643615e-02 1.707530000000000159e-02 5.161900114041163140e-02 -1.295586730513119400e-02 9.985828078950877984e-01 2.248197999999999919e+00
9.987211377569630288e-01 3.911694081055302509e-03 -5.040622627070500544e-02 -6.129459999999999770e-02 -3.376671757371072901e-03 9.999371055518903040e-01 1.069500015665263669e-02 1.769350000000000089e-02 5.044489156773208222e-02 -1.051111744411907349e-02 9.986715322491153124e-01 2.289918199999999793e+00
9.987881525309779684e-01 5.515538938342392887e-03 -4.890608544931424051e-02 -6.346980000000000677e-02 -5.145953090415840599e-03 9.999572694271136042e-01 7.679745221185622743e-03 1.803640000000000104e-02 4.894635359806935593e-02 -7.418770119818555130e-03 9.987738564456731805e-01 2.331070200000000092e+00
9.988963954106013787e-01 6.162081640040925450e-03 -4.656200152022072630e-02 -6.571000000000000452e-02 -5.900141411417672739e-03 9.999659992194799285e-01 5.760966612681234916e-03 1.856410000000000005e-02 4.659591792241935676e-02 -5.479886390120159920e-03 9.988987893065636170e-01 2.371464500000000086e+00
9.991142172611264805e-01 1.182588529894700383e-02 -4.038476573638338091e-02 -6.958570000000000033e-02 -1.145591295411369989e-02 9.998903794918247989e-01 9.380354901717680161e-03 1.905659999999999993e-02 4.049126973897195642e-02 -8.909401584312949540e-03 9.991401701654953893e-01 2.452152299999999840e+00
9.992610568560439388e-01 2.112512995433716775e-02 -3.211026526446760648e-02 -7.347190000000000665e-02 -2.068938624590356198e-02 9.996901195013740971e-01 1.384248056152760295e-02 1.973849999999999910e-02 3.239273912020910334e-02 -1.316791007490632562e-02 9.993884713146080623e-01 2.529959199999999964e+00
9.993497632323544710e-01 2.944882471429320289e-02 -2.080426519692203657e-02 -7.615479999999999472e-02 -2.910611126624420078e-02 9.994386725657846693e-01 1.658837143601807340e-02 2.014070000000000096e-02 2.128109523483319443e-02 -1.597205380936094626e-02 9.996459415626699485e-01 2.603162100000000034e+00
9.992715841984920466e-01 3.745995296111447742e-02 -7.283744750263062596e-03 -7.760140000000000093e-02 -3.733134571000901875e-02 9.991573685192617349e-01 1.705648149953235479e-02 2.121899999999999828e-02 7.916542232293431389e-03 -1.677214529555443381e-02 9.998279969581113091e-01 2.671408899999999864e+00
9.989514877929120962e-01 4.516267712799438422e-02 7.500508713410049266e-03 -7.778430000000000066e-02 -4.528354241186780677e-02 9.988326852029477676e-01 1.681272604016052427e-02 2.173900000000000138e-02 -6.732445540810273396e-03 -1.713474729610727984e-02 9.998305229448332110e-01 2.734427000000000163e+00
9.986633298498119871e-01 4.934992788226569976e-02 1.536678988275976682e-02 -7.805199999999999638e-02 -4.956720737425347051e-02 9.986713293471777275e-01 1.409495984593952395e-02 2.208840000000000109e-02 -1.465078722811391163e-02 -1.483780839464069259e-02 9.997825733006354687e-01 2.763718599999999803e+00
9.981573822318037248e-01 5.199959428627355662e-02 3.127111271150968819e-02 -7.645549999999999569e-02 -5.235538406861912908e-02 9.985715341113302612e-01 1.066794364307387631e-02 2.282589999999999966e-02 -3.067171425239187746e-02 -1.228549781683119756e-02 9.994540071900318567e-01 2.818558900000000200e+00
9.805039770341723582e-01 6.550466913939387292e-02 1.852595188947377680e-01 -4.943159999999999915e-02 -6.600511274117654148e-02 9.978132455198679418e-01 -3.471621686206822523e-03 2.369980000000000003e-02 -1.850818092417397531e-01 -8.824136560939426638e-03 9.826834986412248396e-01 3.059279399999999871e+00
9.243119689554825102e-01 7.506355601246535170e-02 3.741829052808298695e-01 -5.883600000000000114e-03 -7.512527695212957435e-02 9.970694997980243945e-01 -1.444317608364530624e-02 2.181910000000000099e-02 -3.741705183582811900e-01 -1.476059386612988029e-02 9.272424429782182287e-01 3.179127900000000118e+00
9.116537931405600537e-01 7.324672001130458354e-02 4.043788810756744345e-01 2.134599999999999952e-03 -7.273882285361626954e-02 9.972121585490554274e-01 -1.664255063996130518e-02 2.129759999999999986e-02 -4.044705491161243449e-01 -1.424179937785247790e-02 9.144401270986426411e-01 3.193764400000000059e+00
8.796010068391953984e-01 6.989601040958982880e-02 4.705492710612738660e-01 2.097190000000000165e-02 -6.630292103111141977e-02 9.975052971524386303e-01 -2.423024588334318427e-02 2.068230000000000068e-02 -4.710689879733284124e-01 -9.885842485472747659e-03 8.820409733612926129e-01 3.222257599999999833e+00
4.646146376702423031e-01 7.878679261190291161e-02 8.820010656300130147e-01 2.303197999999999912e-01 -5.748688768571877383e-02 9.966165627067483657e-01 -5.874252874021805571e-02 9.076700000000000046e-03 -8.836450057612270648e-01 -2.341085749208661818e-02 4.675718506761566973e-01 3.388322099999999892e+00
4.151987216959415194e-01 7.667001426947017695e-02 9.064941976725362505e-01 2.581101000000000090e-01 -5.727364464985470333e-02 9.966686034001032146e-01 -5.806397011064531877e-02 7.742699999999999930e-03 -9.079260714015091605e-01 -2.781014038812069933e-02 4.182067012387711280e-01 3.399475600000000153e+00
3.650402580159822774e-01 7.642706988440281513e-02 9.278494021211144416e-01 2.869399999999999729e-01 -6.021751925973120589e-02 9.964760955231607431e-01 -5.838870974016005522e-02 6.285299999999999741e-03 -9.290422274589184015e-01 -3.455855957358998365e-02 3.683561395692620533e-01 3.409481500000000054e+00
2.250038292958002895e-01 6.760694145226103791e-02 9.720095566761145500e-01 3.810726999999999864e-01 -3.370132588908594795e-02 9.975329634347688268e-01 -6.158090202624416643e-02 1.167899999999999928e-03 -9.737748699959060117e-01 -1.890207206945325805e-02 2.267271801878575355e-01 3.428939600000000087e+00
1.444195679086010542e-01 6.839642237654956769e-02 9.871498963233402701e-01 4.497083000000000053e-01 -2.105088903060420291e-02 9.975948714425831865e-01 -6.604038569297615568e-02 -2.314699999999999831e-03 -9.892926000310089396e-01 -1.124285895777810476e-02 1.455120257791133742e-01 3.436845100000000208e+00
5.791211579295604123e-02 6.565525105585486021e-02 9.961604162248046679e-01 5.613882999999999512e-01 1.869451817751305311e-03 9.978262162606488239e-01 -6.587372232429367092e-02 -9.225799999999999279e-03 -9.983199346874150892e-01 5.677160535840896499e-03 5.766348804890264468e-02 3.441752399999999934e+00
2.229775671318630706e-02 6.663212979460472751e-02 9.975284303339905234e-01 6.406956000000000317e-01 9.309656148275724519e-03 9.977194037853034381e-01 -6.685298506947558173e-02 -1.337819999999999981e-02 -9.997080275500246360e-01 1.077731828116812798e-02 2.162658231681491294e-02 3.442310800000000004e+00
-2.803528656671269888e-03 6.727867365795425769e-02 9.977302843443700553e-01 7.234774999999999956e-01 1.073316270075486134e-02 9.976787578273946799e-01 -6.724503995408140367e-02 -1.823599999999999874e-02 -9.999384678296510121e-01 1.052027807680825516e-02 -3.519133938383101068e-03 3.441712599999999789e+00
-1.180830469922307738e-02 7.035520829102848150e-02 9.974521084274955429e-01 7.658032999999999646e-01 1.584984163592963874e-02 9.974095028126728213e-01 -7.016456526689722473e-02 -2.053570000000000048e-02 -9.998046541501225404e-01 1.498093339223987783e-02 -1.289283422878828578e-02 3.440690299999999979e+00
-2.276591635903310248e-02 7.159010735686648086e-02 9.971742924789858131e-01 8.533692999999999973e-01 2.060820601397544624e-02 9.972544728644547884e-01 -7.112536957179164954e-02 -2.574689999999999965e-02 -9.995283962435580483e-01 1.893073903657042575e-02 -2.417875559887672221e-02 3.438029499999999850e+00
-2.903706543637539148e-02 6.199518485592558220e-02 9.976539710167666719e-01 9.447387000000000423e-01 1.638578190121305761e-02 9.979702350617638551e-01 -6.153792393519384729e-02 -3.096350000000000144e-02 -9.994440229359169425e-01 1.456045965783496834e-02 -2.999396659701791812e-02 3.436136499999999927e+00
-3.015896006349007633e-02 5.644585271980100127e-02 9.979500502723687161e-01 9.919770999999999450e-01 1.764198294114222368e-02 9.982787444007232835e-01 -5.593128744825902332e-02 -3.326169999999999821e-02 -9.993894123742722568e-01 1.591898829856551109e-02 -3.110286555539343301e-02 3.434340999999999866e+00
-2.903362855496578396e-02 6.342202549986684923e-02 9.975643814282998401e-01 1.134300599999999992e+00 2.453391172041275228e-02 9.977296621338523908e-01 -6.271848590299017312e-02 -4.089489999999999792e-02 -9.992773066514756275e-01 2.265321124615278514e-02 -3.052370278340932330e-02 3.428834000000000160e+00
-2.454504292451999831e-02 7.223136037779701035e-02 9.970858395573605204e-01 1.232866999999999935e+00 2.624816356631643616e-02 9.970890419983360342e-01 -7.158544709811111295e-02 -4.576670000000000044e-02 -9.993540787815045068e-01 2.441460433456544774e-02 -2.636953389723162289e-02 3.426336099999999885e+00
-2.236321825845287437e-02 6.804236329090453117e-02 9.974317637146478122e-01 1.284165299999999954e+00 2.570283417258981129e-02 9.973906307342016442e-01 -6.746327919044423083e-02 -4.862759999999999999e-02 -9.994194568771516130e-01 2.412812718426452646e-02 -2.405374594442211134e-02 3.425342099999999945e+00
-1.362437318245452410e-02 6.514200718797326373e-02 9.977829901110295552e-01 1.436983300000000074e+00 3.135319860299082273e-02 9.974127616721908396e-01 -6.468971935953014840e-02 -5.808920000000000056e-02 -9.994155058796847513e-01 3.040233137401463989e-02 -1.563153397072647444e-02 3.422687100000000093e+00
-7.942902550815348142e-03 7.158492778483746544e-02 9.974028816948085074e-01 1.538301300000000094e+00 2.724929979400718405e-02 9.970794390438918464e-01 -7.134471176376178114e-02 -6.370240000000000624e-02 -9.995971118204597383e-01 2.661184604565295514e-02 -9.870343977688711412e-03 3.422401199999999921e+00
3.709901063452065040e-03 6.520812485825333571e-02 9.978647889802354509e-01 1.691756400000000049e+00 3.120883432383406847e-02 9.973780217744800947e-01 -6.529234519736679121e-02 -7.405829999999999358e-02 -9.995060006294342880e-01 3.138442501775479815e-02 1.665104218375734746e-03 3.422498899999999900e+00
1.021182562457810181e-02 7.061985343605332865e-02 9.974510288320342921e-01 1.794068100000000054e+00 2.708789668575986229e-02 9.971174376722834465e-01 -7.087355884250193250e-02 -8.013280000000000403e-02 -9.995808944105298854e-01 2.774259884239993479e-02 8.269446106896172211e-03 3.424088999999999938e+00
1.746826323607670803e-02 6.703549609643220941e-02 9.975976654155823686e-01 1.897173800000000021e+00 3.038491349144925580e-02 9.972534826424540588e-01 -6.754441790121414046e-02 -8.670369999999999466e-02 -9.993856196742237907e-01 3.149180243495018627e-02 1.538341859814618129e-02 3.425963199999999986e+00
2.476419691998373723e-02 6.823262260388567035e-02 9.973620424717917210e-01 1.999970100000000084e+00 3.772456146933936272e-02 9.968936231670622039e-01 -6.913726600606556749e-02 -9.381459999999999799e-02 -9.989812771082622334e-01 3.933717454829648019e-02 2.211322422675066068e-02 3.427371700000000132e+00
3.065236537571254527e-02 6.667890994589237286e-02 9.973035422905612846e-01 2.103960999999999970e+00 3.937720757145650452e-02 9.969172489025476258e-01 -6.786335067214355199e-02 -1.001429999999999959e-01 -9.987541579491662214e-01 4.135120081694692445e-02 2.793224248513315189e-02 3.430866500000000041e+00
4.069072338009775691e-02 6.775037818624221608e-02 9.968721840268318646e-01 2.258456900000000100e+00 3.702569891283832154e-02 9.969110030403389722e-01 -6.926434607444885427e-02 -1.099365999999999954e-01 -9.984855345225690515e-01 3.972830568657979844e-02 3.805652475533549683e-02 3.436515299999999939e+00
4.607135688556620451e-02 6.758568088838733112e-02 9.966491889394059056e-01 2.362991599999999970e+00 3.644916136116716637e-02 9.969304895446324810e-01 -6.928966483081716587e-02 -1.165093999999999991e-01 -9.982729530097417259e-01 3.951929598503062246e-02 4.346649898550780655e-02 3.441483299999999801e+00
5.441007588811995477e-02 6.982637579293257679e-02 9.960742045076124151e-01 2.521122699999999828e+00 3.027935423849905522e-02 9.969777620423320164e-01 -7.154371181286842130e-02 -1.267407000000000117e-01 -9.980594693447620847e-01 3.405318247517310354e-02 5.213133812366654851e-02 3.450730800000000098e+00
6.132713507379743134e-02 7.551018761217290209e-02 9.952573506738919829e-01 2.627037500000000136e+00 2.950782530369799525e-02 9.965612329905164657e-01 -7.742736690775352260e-02 -1.338951999999999920e-01 -9.976814475319697451e-01 3.411627862466677652e-02 5.888810392021004425e-02 3.457304199999999827e+00
6.677142561641707941e-02 7.715207325165014673e-02 9.947809479046748615e-01 2.734735500000000208e+00 1.970067394292028193e-02 9.967096617401804970e-01 -7.862400167868283107e-02 -1.411429999999999907e-01 -9.975737868284962895e-01 2.484769177905238671e-02 6.503177720089758918e-02 3.465914999999999857e+00
7.425361136328552381e-02 7.893918580775247107e-02 9.941101579520850162e-01 2.843758100000000066e+00 2.103648078230037702e-02 9.965162959400887255e-01 -8.070153903205048995e-02 -1.491389999999999938e-01 -9.970174861434508706e-01 2.690495994895352599e-02 7.233433109070097622e-02 3.474007799999999868e+00
7.775893278403996078e-02 8.008852958323064986e-02 9.937501576359540900e-01 2.898358599999999896e+00 1.704963488588921022e-02 9.965155904811253684e-01 -8.164550127417959102e-02 -1.527260000000000006e-01 -9.968263932714388487e-01 2.329174440118605624e-02 7.612250863052794081e-02 3.479129599999999822e+00
8.719018599264559410e-02 7.788716497463143984e-02 9.931422158979963388e-01 3.008516999999999886e+00 1.644006349101939657e-02 9.966906089659683943e-01 -7.960875775603071247e-02 -1.610960999999999921e-01 -9.960560204019546227e-01 2.326842348036654157e-02 8.562116963554755600e-02 3.488673200000000030e+00
9.781004954136195140e-02 9.013237491719239269e-02 9.911152048074449716e-01 3.118583899999999964e+00 1.099407347981012223e-02 9.957317701173192814e-01 -9.163717764832460255e-02 -1.695582999999999951e-01 -9.951443737252587685e-01 1.985943027422334278e-02 9.640165181233362190e-02 3.500803200000000004e+00
1.055925825502169318e-01 9.492548053353574988e-02 9.898683547097832935e-01 3.173684399999999961e+00 9.294759950116575353e-03 9.952956478223062842e-01 -9.643744533865222790e-02 -1.740481999999999863e-01 -9.943660361998722941e-01 1.938366764709797269e-02 1.042135282998398749e-01 3.506477400000000078e+00
1.193940888837804193e-01 9.602183437867556348e-02 9.881927235424101674e-01 3.285426600000000086e+00 1.088428176924498281e-03 9.952989923818953422e-01 -9.684384899252823642e-02 -1.843290999999999957e-01 -9.928463460494356685e-01 1.263815991899665953e-02 1.187283034922433922e-01 3.521843699999999799e+00
1.341902348981907078e-01 9.066222083024549905e-02 9.867995452836895165e-01 3.398806299999999947e+00 5.899907265701428982e-04 9.957985375568565445e-01 -9.156923342787337550e-02 -1.944832999999999978e-01 -9.909554141175631603e-01 1.286989952383461172e-02 1.335729497964892598e-01 3.537666100000000036e+00
1.487347328398407609e-01 7.810792776336827892e-02 9.857875688339620135e-01 3.512599199999999922e+00 -4.134242178531206957e-03 9.969160904749851948e-01 -7.836591474410478653e-02 -2.035278000000000087e-01 -9.888684883687365312e-01 7.580248847069058493e-03 1.485989654699724216e-01 3.555734399999999962e+00
1.631518538175769084e-01 7.730454123302055169e-02 9.835677305100245515e-01 3.624118800000000196e+00 -4.094395642022997939e-03 9.969700342232536983e-01 -7.767874088327472726e-02 -2.123919999999999975e-01 -9.865924733750073283e-01 8.646315147886766972e-03 1.629740246608299969e-01 3.574942399999999854e+00
1.739976473958801950e-01 8.752546886836000406e-02 9.808486687558243267e-01 3.733125400000000038e+00 -5.001662475600826552e-03 9.961079307438764907e-01 -8.799985046369501740e-02 -2.208800999999999959e-01 -9.847333659794305083e-01 1.040589297111315509e-02 1.737582093551111040e-01 3.594847000000000126e+00
1.840752806050348356e-01 9.009524904539403800e-02 9.787743034886161597e-01 3.840454799999999835e+00 -9.329395009997930310e-03 9.959055106712425554e-01 -8.991760786074715073e-02 -2.302145999999999915e-01 -9.828678718215001497e-01 7.420236795419608844e-03 1.841621204997780925e-01 3.615913899999999792e+00
1.935218057514251078e-01 8.039064837925197216e-02 9.777968369512510804e-01 3.946337699999999948e+00 -4.982783722212752453e-03 9.967049751989588424e-01 -8.095902840338786710e-02 -2.392282000000000020e-01 -9.810833209086196049e-01 1.079518720571273627e-02 1.932847158160941881e-01 3.637459799999999799e+00
1.998757157007546303e-01 7.097659266895095520e-02 9.772471650336045368e-01 4.049787000000000248e+00 -1.044209799699485214e-02 9.974705564052585016e-01 -7.030968421209840558e-02 -2.474538000000000015e-01 -9.797656152685356723e-01 3.848687788020915823e-03 2.001112858880729206e-01 3.659757899999999786e+00
2.052787654469742096e-01 7.294700932219456979e-02 9.759812304996002830e-01 4.150293800000000033e+00 -1.360330407954761858e-02 9.973347810270279945e-01 -7.168182944016854297e-02 -2.550505000000000133e-01 -9.786090018872122265e-01 1.438187998041254301e-03 2.057239729360600400e-01 3.681746200000000080e+00
2.067205037069254625e-01 7.735464110631075363e-02 9.753373225948389624e-01 4.199223500000000442e+00 -1.791408579531904646e-02 9.970018088692650382e-01 -7.527601637660913392e-02 -2.585600000000000120e-01 -9.782360241154857139e-01 -1.911180453917298017e-03 2.074864538036148565e-01 3.692916600000000216e+00
2.106774535484189637e-01 8.682043945833665954e-02 9.736925705060172076e-01 4.294118899999999961e+00 -1.978776553705216545e-02 9.962229141468214033e-01 -8.454791342112205621e-02 -2.661513999999999824e-01 -9.773553370711210997e-01 -1.454861187948491841e-03 2.115996892188629630e-01 3.714865200000000200e+00
2.131649813624594825e-01 8.878491209708228027e-02 9.729737561232859600e-01 4.387648099999999829e+00 -2.135956085298943569e-02 9.960479178344653350e-01 -8.621087250337759744e-02 -2.737371000000000110e-01 -9.767827086312029783e-01 -2.405153121853173537e-03 2.142189425740653741e-01 3.736865799999999904e+00
2.137704599504860192e-01 8.576885377142459688e-02 9.731114500278441604e-01 4.433849799999999952e+00 -2.116171880098325492e-02 9.963110870791238582e-01 -8.316489295732132359e-02 -2.778258000000000116e-01 -9.766546841693566350e-01 -2.814513448286794228e-03 2.147968957040665705e-01 3.747531400000000179e+00
2.144615512189579631e-01 8.338563013724004103e-02 9.731665220995704413e-01 4.479669600000000251e+00 -2.134775712732991243e-02 9.965113059387861183e-01 -8.068141298841706444e-02 -2.815090000000000092e-01 -9.764991122957515923e-01 -3.471861574196655198e-03 2.154934566589408185e-01 3.757878299999999783e+00
2.142567710939647097e-01 8.219321195157117121e-02 9.733130595802528262e-01 4.524588600000000405e+00 -2.026307384761012048e-02 9.966129010990785186e-01 -7.970027102290529186e-02 -2.850955000000000017e-01 -9.765671732546794548e-01 -2.645991678436418471e-03 2.151965493436243104e-01 3.768083799999999872e+00
2.125415622852640796e-01 8.137340569732068318e-02 9.737579027389499098e-01 4.568293999999999855e+00 -2.068009903586804504e-02 9.966779050634988479e-01 -7.877491391364305207e-02 -2.886519000000000168e-01 -9.769331695695492312e-01 -3.394466593507776409e-03 2.135182891261065974e-01 3.778379900000000013e+00
2.109972225045559924e-01 8.213800819924060859e-02 9.740295271214443051e-01 4.611749200000000215e+00 -2.160042366456263810e-02 9.966117141664498913e-01 -7.936317082703847614e-02 -2.923521000000000036e-01 -9.772479694493483304e-01 -4.294041833957075449e-03 2.120565193806922544e-01 3.788157700000000183e+00
2.027847551842698048e-01 8.866083244402558905e-02 9.752013124761410579e-01 4.779186700000000343e+00 -2.026890398022134637e-02 9.960593161107598181e-01 -8.634240163677400770e-02 -3.062431999999999932e-01 -9.790135415796331619e-01 -2.257338986029630568e-03 2.037827024661460484e-01 3.823536400000000057e+00
2.002255591305119875e-01 8.560833062131353866e-02 9.760025303241308681e-01 4.819673500000000388e+00 -2.043957996628723017e-02 9.963234336197234198e-01 -8.319759125723787119e-02 -3.096946999999999894e-01 -9.795365991333226940e-01 -3.290797538066478345e-03 2.012392148908553891e-01 3.832297300000000018e+00
1.980410396045631238e-01 8.170869999007268625e-02 9.767821839992149036e-01 4.859461800000000054e+00 -2.026902761421989912e-02 9.966478144426679231e-01 -7.926096445430878823e-02 -3.132273999999999892e-01 -9.799841392348743740e-01 -4.101501259966472412e-03 1.990333251882624443e-01 3.840686300000000220e+00
1.964968740331442809e-01 8.072919383163625062e-02 9.771754068530873472e-01 4.898493799999999787e+00 -1.680878096608129368e-02 9.967356577767972903e-01 -7.896514040188562511e-02 -3.166326999999999892e-01 -9.803603640384677131e-01 -9.087241326760434057e-04 1.972124003271947812e-01 3.848015100000000022e+00
1.921849301349057570e-01 8.433594206067335231e-02 9.777281838557074778e-01 4.975015199999999638e+00 -9.197064304111816913e-03 9.964115228955322534e-01 -8.413971148745535977e-02 -3.224221999999999921e-01 -9.813156304865562340e-01 7.178155594924323646e-03 1.922709219955727189e-01 3.862622299999999953e+00
1.959675637038966467e-01 8.334568802906053286e-02 9.770620298951964156e-01 5.241678699999999580e+00 1.953594228964829205e-03 9.963463303164555862e-01 -8.538251304875621450e-02 -3.434486999999999957e-01 -9.806084322733248371e-01 1.864098580802483335e-02 1.950887393022909810e-01 3.914741300000000201e+00
2.012583715033892107e-01 8.382753822196492566e-02 9.759446765751880193e-01 5.280129399999999862e+00 9.627525389724680971e-04 9.963140101369454271e-01 -8.577567436276595236e-02 -3.467412999999999745e-01 -9.795377180115893978e-01 1.820266575212470261e-02 2.004358300109138069e-01 3.923298599999999858e+00
2.240466987923827591e-01 8.101687427380541151e-02 9.712050982378221953e-01 5.399600500000000025e+00 4.387862969288183757e-04 9.965302100559609855e-01 -8.323069092833451643e-02 -3.555635999999999797e-01 -9.745783109770200792e-01 1.907371302931663154e-02 2.232337547156664215e-01 3.950761099999999804e+00
2.423570903008333277e-01 8.057893826628896583e-02 9.668350818463257168e-01 5.480167899999999648e+00 -4.318995367402614360e-03 9.966246945554446679e-01 -8.197904903865897708e-02 -3.618228000000000000e-01 -9.701775028621980601e-01 1.569244755110212053e-02 2.418870811554966194e-01 3.972482199999999963e+00
2.518310871636085801e-01 8.483461958348290088e-02 9.640457410611390499e-01 5.520988899999999866e+00 -9.861937517757192462e-03 9.963237049617331698e-01 -8.509886673582188477e-02 -3.646725000000000105e-01 -9.677209544731325552e-01 1.192318126386818222e-02 2.517419155050626411e-01 3.984288900000000133e+00
2.718963419572319462e-01 8.946703653841703296e-02 9.581586656725020745e-01 5.604096900000000048e+00 -1.749215413393425539e-02 9.959639345915637376e-01 -8.803332060445087648e-02 -3.712381000000000153e-01 -9.621675549373043257e-01 7.175678777990218693e-03 2.723639217298142734e-01 4.009392700000000254e+00
2.917017052780705999e-01 9.211595943017730770e-02 9.520634249650198333e-01 5.689216100000000331e+00 -2.235802223130469585e-02 9.957366278680056526e-01 -8.949126641163071549e-02 -3.781328999999999940e-01 -9.562479981572616916e-01 4.818499798786825272e-03 2.925176030257307103e-01 4.037045499999999620e+00
3.121265214566845692e-01 9.390218670579811300e-02 9.453884989438042785e-01 5.777409999999999712e+00 -2.748035110111114038e-02 9.955793091114961690e-01 -8.981464007852946185e-02 -3.848011000000000070e-01 -9.496430197219950520e-01 2.053923305667358645e-03 3.133271716470580337e-01 4.067449100000000151e+00
3.335374677465781645e-01 8.200109913969635955e-02 9.391637649255226705e-01 5.868671899999999830e+00 -2.368635255627156086e-02 9.966243210273955100e-01 -7.860610306625587240e-02 -3.917908999999999975e-01 -9.424392364029527958e-01 3.972716522044263121e-03 3.343538592743549032e-01 4.099919800000000336e+00
3.547820865719496508e-01 7.397132489193616878e-02 9.320181941042703366e-01 5.962590699999999799e+00 -2.237979493700412853e-02 9.972515255892524522e-01 -7.062959357440865005e-02 -3.987066000000000221e-01 -9.346811305607015674e-01 4.199738520446999468e-03 3.554624401679150614e-01 4.135682100000000361e+00
3.731597837400832396e-01 6.625007595116946812e-02 9.253986725922609402e-01 6.058926600000000384e+00 -9.462115439078256501e-03 9.976670712656769968e-01 -6.760830780003539153e-02 -4.044104000000000032e-01 -9.277188389649484446e-01 1.647247245045644140e-02 3.729160944245999421e-01 4.173077600000000054e+00
3.870208220036295832e-01 5.227567533195702498e-02 9.205879301317297925e-01 6.156609500000000068e+00 5.446185089393380807e-03 9.982446019367243739e-01 -5.897502668217152050e-02 -4.104918000000000178e-01 -9.220548912096323546e-01 2.783825556277894769e-02 3.860567433987062147e-01 4.213134300000000110e+00
4.020799716800482759e-01 5.831959989624030394e-02 9.137453259205838840e-01 6.255904700000000318e+00 9.955403801927897173e-03 9.976319423540607190e-01 -6.805437186547658168e-02 -4.164869999999999961e-01 -9.155504280534809691e-01 3.646000360403792162e-02 4.005472279622983578e-01 4.255641500000000299e+00
4.144417704835686722e-01 6.434272156700342193e-02 9.077984539862334890e-01 6.353564699999999732e+00 1.202202638181378014e-02 9.970234931918883214e-01 -7.615526840028552513e-02 -4.234916000000000236e-01 -9.099964229380902436e-01 4.247550123065797073e-02 4.124346518360022529e-01 4.300334499999999949e+00
4.224389285403424843e-01 6.985571360184092415e-02 9.036954857311531031e-01 6.449055699999999725e+00 -1.841534934474177432e-03 9.970897630757418195e-01 -7.621425797477923703e-02 -4.313006999999999813e-01 -9.063895191377558946e-01 3.053168267126245977e-02 4.213381729092307015e-01 4.347310499999999855e+00
4.306606512513388996e-01 7.732501386341855687e-02 8.991953323359694883e-01 6.543297299999999872e+00 -6.086489542638760797e-03 9.965491140130416925e-01 -8.278174922571385208e-02 -4.389340999999999937e-01 -9.024934116705892739e-01 3.017789904621848845e-02 4.296451283330654514e-01 4.392943400000000054e+00
4.381102138687896219e-01 7.835471135710314616e-02 8.954998490854080284e-01 6.635052199999999623e+00 -9.956027953019329357e-03 9.965557149608963439e-01 -8.232608630425392038e-02 -4.474103999999999859e-01 -8.988661290822133054e-01 2.715227774831821539e-02 4.373813391102049364e-01 4.438994400000000340e+00
4.455237820726359321e-01 7.261287754347930945e-02 8.923205307637777084e-01 6.724811599999999778e+00 -9.419268422262226659e-03 9.970303987316407879e-01 -7.643076204915652538e-02 -4.551019000000000037e-01 -8.952205521490689266e-01 2.564671557687438902e-02 4.448847142688037160e-01 4.483864800000000095e+00
4.523305752684075864e-01 7.333108336941698835e-02 8.888304691498930543e-01 6.811255000000000059e+00 -1.263227474362842509e-02 9.970407313356759449e-01 -7.583011072405136666e-02 -4.627402999999999933e-01 -8.917608851660588920e-01 2.307232691966759619e-02 4.519183459634704692e-01 4.528961200000000353e+00
4.571861579563903377e-01 7.224498313457389242e-02 8.864318808486976176e-01 6.895573100000000011e+00 -9.785928466743358534e-03 9.970435565313194859e-01 -7.621274160808916287e-02 -4.696320999999999968e-01 -8.893171833362482070e-01 2.616885154649928324e-02 4.565414971627650420e-01 4.572708099999999831e+00
4.608770277282538408e-01 7.069091556435824764e-02 8.846440864941352844e-01 6.977244899999999639e+00 -9.109115100766344147e-03 9.971467947414679456e-01 -7.493526378747042416e-02 -4.767832000000000181e-01 -8.874172577398139472e-01 2.647761683931464452e-02 4.602059826556572641e-01 4.615492299999999659e+00
4.653799054991364925e-01 7.203074357104857772e-02 8.821752181614583854e-01 7.056761299999999792e+00 -8.169179658970279756e-03 9.969902068060237932e-01 -7.709599235097368275e-02 -4.831528999999999963e-01 -8.850733348493300401e-01 2.867227778680603301e-02 4.645676403121530296e-01 4.657703899999999564e+00
4.713358984663235662e-01 7.106672344095005256e-02 8.790858841070714469e-01 7.134129500000000235e+00 -3.318634254629096447e-03 9.968841006837320107e-01 -7.881038301309585548e-02 -4.900050000000000239e-01 -8.819475366957083562e-01 3.422879815819400429e-02 4.701031077253351453e-01 4.698862600000000000e+00
4.778686297036101038e-01 6.849140009576622223e-02 8.757571015173760687e-01 7.208554300000000303e+00 8.283767717611884018e-04 9.969201161858931570e-01 -7.841935817022085975e-02 -4.963924000000000114e-01 -8.784309230310133332e-01 3.819960807164194533e-02 4.763401131608118177e-01 4.739290699999999745e+00
4.843454289467699070e-01 6.719377297270498484e-02 8.722926701125384152e-01 7.280152300000000132e+00 2.376672166368470895e-03 9.969414995767991172e-01 -7.811528564229033855e-02 -5.028877999999999959e-01 -8.748736233809901730e-01 3.990793524169825718e-02 4.827043606773833151e-01 4.779766999999999655e+00
4.916774162910138579e-01 6.800537502697659442e-02 8.681178418145968356e-01 7.350680800000000126e+00 3.669566127294715541e-03 9.967750715077715595e-01 -8.016227981484920495e-02 -5.088974000000000553e-01 -8.707696897537434699e-01 4.259959845018539137e-02 4.898422415615587555e-01 4.820061199999999602e+00
5.005318918812154960e-01 7.173933408092383890e-02 8.627405711773596941e-01 7.419628099999999726e+00 2.967955808219700786e-03 9.964125732262412161e-01 -8.457644562749777606e-02 -5.153286000000000255e-01 -8.657130104417580796e-01 4.489378422773284555e-02 4.985233511978974241e-01 4.860689200000000376e+00
