1.000000000000000000e+00 0.000000000000000000e+00 0.000000000000000000e+00 0.000000000000000000e+00 0.000000000000000000e+00 1.000000000000000000e+00 0.000000000000000000e+00 0.000000000000000000e+00 0.000000000000000000e+00 0.000000000000000000e+00 1.000000000000000000e+00 0.000000000000000000e+00
9.999958935330234278e-01 -2.470464584632938755e-03 -1.452488150061285272e-03 3.074999999999999934e-04 2.466325176938840430e-03 9.999929121767436868e-01 -2.844791098970250558e-03 8.239999999999999712e-05 1.459505810742680936e-03 2.841197108835845885e-03 9.999948987078769447e-01 5.536930000000000324e-02
9.999932741468615660e-01 -3.217806115471709590e-03 -1.759938874790097085e-03 -3.207999999999999914e-04 3.206952993566964706e-03 9.999760370773904672e-01 -6.135203622893888042e-03 -3.820000000000000018e-05 1.779638597248455172e-03 6.129518317172342676e-03 9.999796307383779226e-01 1.103853000000000056e-01
9.999916029331132883e-01 -3.052942583175689492e-03 -2.733789466402155970e-03 -5.393999999999999923e-04 3.034209028377622686e-03 9.999720670171147185e-01 -6.830721857260028257e-03 -2.647999999999999855e-04 2.754566905139636812e-03 6.822369610551066305e-03 9.999729334507320155e-01 1.652201000000000086e-01
9.999920156402554161e-01 -2.336040386681012462e-03 -3.242155309520387222e-03 -1.306000000000000086e-03 2.320336624701953895e-03 9.999856001633926628e-01 -4.838956892488644780e-03 -5.500999999999999814e-04 3.253412621743936948e-03 4.831395364808374095e-03 9.999830363186875681e-01 2.198903000000000107e-01
9.999900333652935736e-01 -1.850452976630422844e-03 -4.063126119198401387e-03 -1.611500000000000085e-03 1.843136336581589632e-03 9.999966746648578653e-01 -1.803748228358702591e-03 -8.216999999999999695e-04 4.066450359220588270e-03 1.796241355668599677e-03 9.999901187004140990e-01 2.747674999999999979e-01
9.999845798222612991e-01 -2.484700294072580799e-03 -4.966526164648163780e-03 -2.073000000000000190e-03 2.484480770332953524e-03 9.999969124043239788e-01 -5.036983930347665176e-05 -1.095000000000000053e-03 4.966635983977982921e-03 3.802982384017808843e-05 9.999876654642971818e-01 3.290001000000000175e-01
9.999795861162205091e-01 -3.325650831047927830e-03 -5.455950639641062548e-03 -2.553500000000000214e-03 3.329515011629046589e-03 9.999942126234488970e-01 6.993206673359785974e-04 -1.120099999999999959e-03 5.453593367641771696e-03 -7.174720610425430137e-04 9.999848716621776434e-01 3.835440999999999989e-01
9.999725415106556214e-01 -3.787696120225406138e-03 -6.369425627238119690e-03 -2.938399999999999866e-03 3.794650594314024315e-03 9.999922169510740977e-01 1.080122281435834039e-03 -1.427399999999999893e-03 6.365284878712069820e-03 -1.104262367651516821e-03 9.999791316587742784e-01 4.376063000000000036e-01
9.999708123324354547e-01 -3.922737999304509726e-03 -6.556417451474269575e-03 -3.972899999999999696e-03 3.917604396632847971e-03 9.999920096276371240e-01 -7.956485851843468713e-04 -1.128199999999999993e-03 6.559486184196661185e-03 7.699399122238883078e-04 9.999781899289258424e-01 4.914581000000000088e-01
9.999580383461307287e-01 -4.544584652251023107e-03 -7.954137118301309733e-03 -4.535400000000000195e-03 4.522911667949970627e-03 9.999860160538768250e-01 -2.740614299677933668e-03 -1.137500000000000056e-03 7.966480841760447545e-03 2.704523439388462156e-03 9.999646097417467239e-01 5.450597000000000358e-01
9.999224541898945606e-01 -5.288570952432274791e-03 -1.127460084169061919e-02 -5.798300000000000155e-03 5.235595612211358871e-03 9.999751406257986197e-01 -4.722993648063260157e-03 -1.434699999999999908e-03 1.129929844918499404e-02 4.663598148998508545e-03 9.999252855623068648e-01 6.520032000000000050e-01
9.999071616227067638e-01 -3.892577306034244317e-03 -1.305817665444743321e-02 -6.576799999999999834e-03 3.821615249166763172e-03 9.999778196398513286e-01 -5.454858863089330837e-03 -1.752400000000000095e-03 1.307912047920443445e-02 5.404449115815168625e-03 9.998998592545380593e-01 7.055498000000000047e-01
9.998895449375749811e-01 -2.814086351350227923e-03 -1.459379465856251896e-02 -7.765700000000000380e-03 2.740943092901934434e-03 9.999835954233322610e-01 -5.029524349950839635e-03 -2.337500000000000168e-03 1.460770876936614941e-02 4.988968052856181112e-03 9.998808554234234203e-01 7.585157999999999623e-01
9.998680577763039423e-01 -3.359120152339703080e-03 -1.589287105729766253e-02 -8.971700000000000855e-03 3.288644618366739613e-03 9.999846533117915381e-01 -4.458470306073989038e-03 -2.208799999999999913e-03 1.590760369181454942e-02 4.405616040714544802e-03 9.998637600653830226e-01 8.113194000000000239e-01
9.998196090274588110e-01 -2.350066133632731664e-03 -1.884745588526536009e-02 -1.103020000000000042e-02 2.296919702093333255e-03 9.999933264970971569e-01 -2.840971867561394113e-03 -2.359800000000000005e-03 1.885400657848635558e-02 2.797168289126041301e-03 9.998183346415991934e-01 9.168589000000000322e-01
9.997868526681378265e-01 -3.559083628912216354e-03 -2.033671939280841043e-02 -1.224070000000000019e-02 3.501733205063668666e-03 9.999897934871283534e-01 -2.854958166249867927e-03 -2.551599999999999788e-03 2.034667286069088629e-02 2.783135873954293866e-03 9.997891112920800349e-01 9.689400000000000235e-01
9.997425648442423984e-01 -3.598634830205533087e-03 -2.240209512556351479e-02 -1.324950000000000086e-02 3.535299158034004279e-03 9.999896432727609641e-01 -2.866183364621472350e-03 -2.877600000000000123e-03 2.241217746046039738e-02 2.786247400224968994e-03 9.997449330338742390e-01 1.020524599999999893e+00
9.997207712667612878e-01 -3.180099377765430516e-03 -2.341509055586785473e-02 -1.471669999999999923e-02 3.113854856966837871e-03 9.999910476429730855e-01 -2.865055294179516283e-03 -2.863699999999999839e-03 2.342399209617566577e-02 2.791344094965356615e-03 9.997217237773828868e-01 1.071966100000000033e+00
9.996917311774861092e-01 -3.535130655776324779e-03 -2.457530196370627876e-02 -1.617110000000000075e-02 3.526725047920726934e-03 9.999937068310885691e-01 -3.853682071982842197e-04 -3.137099999999999871e-03 2.457650963414300185e-02 2.985790771991986281e-04 9.996979073823939466e-01 1.122995399999999977e+00
9.996635169494199058e-01 -4.871901985711732386e-03 -2.547778348598000661e-02 -1.740830000000000155e-02 4.933666251152260193e-03 9.999850399710791260e-01 2.361942285816079259e-03 -3.267599999999999845e-03 2.546589518628981572e-02 -2.486846412809397364e-03 9.996725982927009424e-01 1.173494299999999990e+00
9.996449939469795876e-01 -4.892713292551099588e-03 -2.619059818675099210e-02 -1.898249999999999937e-02 4.991991019857840509e-03 9.999805962508430124e-01 3.726546318780423351e-03 -3.002799999999999914e-03 2.617185706824430580e-02 -3.855966603233361868e-03 9.996500214670902551e-01 1.223950899999999953e+00
9.996282597810121073e-01 -4.098199449254771691e-03 -2.695453595333313981e-02 -2.051899999999999905e-02 4.164226460223820030e-03 9.999884641804608343e-01 2.393893061776558064e-03 -2.982199999999999955e-03 2.694441435944327015e-02 -2.505247947285463989e-03 9.996337940803868838e-01 1.273364099999999999e+00
9.996095899130412743e-01 -2.318443915751081628e-03 -2.784407606100245888e-02 -2.220830000000000026e-02 2.313503858061943287e-03 9.999973018734604757e-01 -2.096322917555767983e-04 -3.028900000000000169e-03 2.784448695487324113e-02 1.451330718030237939e-04 9.996122565688214667e-01 1.321780200000000072e+00
9.995844156411329839e-01 -1.928927597896077034e-03 -2.876239290630997272e-02 -2.357860000000000164e-02 1.874275666164317835e-03 9.999963869580181797e-01 -1.926956573709557577e-03 -2.952399999999999990e-03 2.876600594629187893e-02 1.872247107572353646e-03 9.995844194427333518e-01 1.369435900000000039e+00
9.995160938720302202e-01 -1.582634548427668594e-03 -3.106562986139196902e-02 -2.676250000000000157e-02 1.494590060489821119e-03 9.999948014026713849e-01 -2.857160860514045952e-03 -3.395000000000000014e-03 3.106999020517982324e-02 2.809347881251355542e-03 9.995132631802001733e-01 1.463722100000000026e+00
9.994583479306154983e-01 -7.220833671527491669e-04 -3.290120586567620020e-02 -2.878059999999999993e-02 5.945358352458818838e-04 9.999922715667256545e-01 -3.886300806762301580e-03 -3.436999999999999951e-03 3.290375782407434224e-02 3.864634837978121393e-03 9.994510529879008232e-01 1.509758699999999898e+00
9.993883737462735395e-01 -7.965886685588390243e-04 -3.496060450380999302e-02 -3.038719999999999963e-02 6.639852985571582369e-04 9.999925428677405304e-01 -3.804383318395261268e-03 -3.625100000000000024e-03 3.496337432660063388e-02 3.778843130259290813e-03 9.993814500981569315e-01 1.555981599999999965e+00
9.992413277951629480e-01 -1.121088061851998685e-03 -3.892957728665014105e-02 -3.422700000000000048e-02 1.118487070182276047e-03 9.999993705688631218e-01 -8.859205041480733333e-05 -4.067999999999999568e-03 3.892965210265214582e-02 4.498260924580830725e-05 9.992419527640596932e-01 1.645973099999999967e+00
9.991523659506911237e-01 -3.603331364404971458e-04 -4.116333046738235302e-02 -3.600720000000000309e-02 4.163020856133884621e-04 9.999990005884640265e-01 1.351116074426743710e-03 -4.072899999999999958e-03 4.116280247638223755e-02 -1.367107202761855701e-03 9.991515173937266514e-01 1.690386900000000026e+00
9.990761545570236990e-01 9.400510160544650650e-04 -4.296456330090434039e-02 -3.830299999999999677e-02 -8.739293712204833494e-04 9.999984048490490052e-01 1.557737722342588532e-03 -4.139699999999999630e-03 4.296595911886896824e-02 -1.518750619656127759e-03 9.990753824179389175e-01 1.733837800000000096e+00
9.989906449247006881e-01 3.413976531781352883e-03 -4.478879454920594444e-02 -4.075890000000000069e-02 -3.385106639802778605e-03 9.999940110145099093e-01 7.204083212047136158e-04 -4.152900000000000168e-03 4.479098576686716543e-02 -5.680663275921383039e-04 9.989962186588494664e-01 1.776364899999999913e+00
9.988979289800343775e-01 4.912202306596208552e-03 -4.667759363867556022e-02 -4.289489999999999970e-02 -4.901892933008689980e-03 9.999879294274779395e-01 3.353282253352503220e-04 -4.269099999999999631e-03 4.667867741347835053e-02 -1.061501034286567441e-04 9.989099507999127381e-01 1.818975999999999926e+00
9.988207405949783846e-01 4.707264762539582759e-03 -4.832152538728780311e-02 -4.534060000000000173e-02 -4.636776544511344439e-03 9.999880164931800319e-01 1.570723817794029975e-03 -4.155299999999999792e-03 4.832834013883795243e-02 -1.344815411448419245e-03 9.988305977546613201e-01 1.860317299999999952e+00
9.987702011760224430e-01 1.187814400263507812e-02 -4.813517360372009807e-02 -5.284439999999999971e-02 -1.183255991249804011e-02 9.999292340349975605e-01 1.231847433800546806e-03 -3.311800000000000160e-03 4.814639933291742918e-02 -6.607701837106267663e-04 9.988400710894810297e-01 1.981699799999999900e+00
9.988149306580315079e-01 1.370539195104020919e-02 -4.670006987210956889e-02 -5.475719999999999893e-02 -1.380403976968258561e-02 9.999031165884263439e-01 -1.790509086478314551e-03 -3.451000000000000074e-03 4.667100578119754567e-02 2.433036830814968871e-03 9.989073518355700010e-01 2.020553599999999950e+00
9.989096575077943685e-01 1.450663795649052325e-02 -4.437401934533697495e-02 -5.691990000000000244e-02 -1.469013874217734751e-02 9.998848275640296324e-01 -3.812011409527524871e-03 -3.169299999999999895e-03 4.431360921203115338e-02 4.459715512238005865e-03 9.990077151734881866e-01 2.059143499999999793e+00
9.991120176876504555e-01 2.473816125356701617e-02 -3.410571051751769972e-02 -6.242770000000000263e-02 -2.463562125174282441e-02 9.996906348552039301e-01 3.423557848217598839e-03 -3.809299999999999839e-03 3.417985192555519219e-02 -2.580302422571928000e-03 9.994123672247383627e-01 2.171899999999999942e+00
9.991172991999297537e-01 2.940123408400519001e-02 -3.000316439603891577e-02 -6.381130000000000135e-02 -2.928209864543659252e-02 9.995614920309489060e-01 4.402538788286157814e-03 -3.844300000000000148e-03 3.011944784283281107e-02 -3.520097044255334016e-03 9.995401081389591047e-01 2.207864799999999850e+00
9.991359481142487731e-01 3.714577282431339583e-02 -1.864265933620006671e-02 -6.605500000000000260e-02 -3.702904191516643434e-02 9.992926040429402912e-01 6.568223498337928852e-03 -3.619300000000000208e-03 1.887345333228537814e-02 -5.872228398467832684e-03 9.998046357628825875e-01 2.276502100000000084e+00
9.989574829846497028e-01 4.536477135877286376e-02 -5.097519841998168245e-03 -6.735090000000000521e-02 -4.532741273256075260e-02 9.989460947410953029e-01 7.219796152703983685e-03 -3.443199999999999993e-03 5.419671940753679855e-03 -6.981212006576760498e-03 9.999609441548074074e-01 2.340528500000000012e+00
9.988099329859724262e-01 4.871168750422116139e-02 2.426781623558576118e-03 -6.760140000000000593e-02 -4.872824402278134320e-02 9.987853381276112774e-01 7.307980279772455581e-03 -3.616100000000000130e-03 -2.067849852772538858e-03 -7.417536100645098773e-03 9.999703516380783475e-01 2.370572300000000077e+00
9.979072815541926156e-01 5.942470835408105584e-02 2.549041894818063203e-02 -6.689960000000000351e-02 -5.946780096243591690e-02 9.982297862315996362e-01 9.351623960832442352e-04 -3.442900000000000040e-03 -2.538972370494532033e-02 -2.449064524946646844e-03 9.996746290734496165e-01 2.453831899999999955e+00
9.962395036955172811e-01 6.425560406635119626e-02 5.812115469067821727e-02 -6.246030000000000332e-02 -6.449211257283973819e-02 9.979157901610054004e-01 2.200718798111389422e-03 -3.178999999999999968e-03 -5.785860949246535156e-02 -5.940799054378537343e-03 9.983071111708029521e-01 2.545714600000000161e+00
9.944664507382927621e-01 7.270372193298181573e-02 7.583302165332979350e-02 -5.991780000000000023e-02 -7.303749108643588228e-02 9.973278578123836446e-01 1.633685147295840193e-03 -3.420199999999999976e-03 -7.551161004628047235e-02 -7.163298713117733502e-03 9.971191924237368109e-01 2.583223100000000105e+00
9.917993051262447013e-01 6.934689808265533106e-02 1.073552331160994994e-01 -5.370690000000000186e-02 -6.931354617409930807e-02 9.975867169398477952e-01 -4.046541973980670275e-03 -4.179600000000000329e-03 -1.073767696844585423e-01 -3.427814389665745365e-03 9.942124920863953941e-01 2.630971699999999913e+00
9.796199454884870761e-01 7.368848907873541687e-02 1.868549410061897953e-01 -3.932660000000000322e-02 -7.219573756258483577e-02 9.972808070649656909e-01 -1.479078556551063385e-02 -4.924399999999999784e-03 -1.874367570113395776e-01 9.992182662622774852e-04 9.822761646726079210e-01 2.705654899999999863e+00
9.525426649181153449e-01 7.762482002958302763e-02 2.943413984237859271e-01 -1.730550000000000144e-02 -7.419464180635941541e-02 9.969826363157421323e-01 -2.282056117054615668e-02 -6.339000000000000017e-03 -2.952247053312460068e-01 -1.009964725168198407e-04 9.554278429906631898e-01 2.776163100000000217e+00
9.229985594962012430e-01 8.333599447936465565e-02 3.756710944324475054e-01 1.556799999999999894e-03 -7.904300227272079149e-02 9.965094229480542243e-01 -2.685467868827940557e-02 -8.029899999999999538e-03 -3.765977468860537414e-01 -4.907341426004234453e-03 9.263638891064766012e-01 2.818197699999999806e+00
8.783508300111452227e-01 7.812588287275100407e-02 4.715889797737915501e-01 2.686399999999999899e-02 -6.886640384101867796e-02 9.969434995350759943e-01 -3.689277919541680828e-02 -9.692700000000000274e-03 -4.730298487841312349e-01 -7.183390036365547293e-05 8.810463988912007327e-01 2.858385999999999871e+00
8.125923724243990787e-01 8.488381831932179100e-02 5.766180483346138308e-01 5.898079999999999989e-02 -6.779926319834436721e-02 9.963878294133990954e-01 -5.113270290740491719e-02 -1.169959999999999924e-02 -5.788755446444843189e-01 2.455765540045996148e-03 8.154122104973435814e-01 2.899101299999999881e+00
6.474854409071304495e-01 9.023202064736622618e-02 7.567171111209208823e-01 1.368331999999999882e-01 -6.492319055271110473e-02 9.958869486825296935e-01 -6.319940484100225464e-02 -1.771090000000000164e-02 -7.593073048125872360e-01 -8.207794691256049824e-03 6.506804507318095787e-01 2.967559099999999894e+00
4.137861344468735658e-01 8.453763841867635576e-02 9.064405234929135968e-01 2.541352000000000055e-01 -5.110320337439146210e-02 9.962661072839926746e-01 -6.958668034958792603e-02 -2.560950000000000032e-02 -9.089386654468989413e-01 -1.752801094800199994e-02 4.165612455423779448e-01 3.027185900000000096e+00
3.635986747369943095e-01 8.417157146876513840e-02 9.277451968541684524e-01 2.808534999999999782e-01 -5.369576301908827315e-02 9.961474118854461990e-01 -6.933324475116632579e-02 -2.764350000000000140e-02 -9.300068649011677957e-01 -2.460651032563910753e-02 3.667175355587660723e-01 3.036511700000000147e+00
1.432745742072240036e-01 7.611033212025233863e-02 9.867520528128043145e-01 4.353743999999999947e-01 -1.231645789861577495e-02 9.970984323828852025e-01 -7.512004395914961830e-02 -3.722550000000000164e-02 -9.896063365048598515e-01 -1.390497802166490438e-03 1.437962630435571931e-01 3.062329099999999915e+00
1.106952234334572654e-01 7.677462006661417426e-02 9.908845670524112359e-01 4.695253999999999817e-01 -3.318280093526769503e-03 9.970347966107162563e-01 -7.688044852007927532e-02 -3.964170000000000194e-02 -9.938488600014784291e-01 5.222265892761694672e-03 1.106217492752099574e-01 3.064707499999999918e+00
8.187572093203958346e-02 7.522194377907570617e-02 9.937997914549769884e-01 5.048637000000000263e-01 4.245957726892381212e-03 9.971122921938246897e-01 -7.582248082830192470e-02 -4.206420000000000298e-02 -9.966335024294736833e-01 1.042765218418525291e-02 8.131989858014732064e-02 3.066209300000000137e+00
8.006446201777371249e-03 7.412516765588847423e-02 9.972168050826282215e-01 6.565682000000000462e-01 2.014924625828744958e-02 9.970343389745784934e-01 -7.427337868138396415e-02 -5.175779999999999964e-02 -9.997649247170261599e-01 2.068783278914924917e-02 6.489135539289314636e-03 3.067278899999999808e+00
-2.359644936478360808e-02 7.935941487631020808e-02 9.965667518274250458e-01 8.210353000000000234e-01 3.067454535633224941e-02 9.964324303229229463e-01 -7.862241453895774113e-02 -6.255600000000000049e-02 -9.992508593163966779e-01 2.871402220593750540e-02 -2.594658135861849235e-02 3.062935099999999800e+00
-2.962207442552879100e-02 6.989619584082482073e-02 9.971143638087404115e-01 9.081308000000000158e-01 2.632794023905051309e-02 9.972605831260704656e-01 -6.912430040021327882e-02 -6.814929999999999599e-02 -9.992143775334184630e-01 2.420436221078765132e-02 -3.138115008204089840e-02 3.060563300000000098e+00
-3.127598211865425387e-02 6.184727345036984680e-02 9.975954729795382114e-01 9.978240999999999916e-01 3.041334509436458000e-02 9.976804773803946702e-01 -6.089904345881798353e-02 -7.339600000000000291e-02 -9.990479675084096289e-01 2.843553799004140681e-02 -3.308441924127125677e-02 3.057369500000000073e+00
-3.062176712926839572e-02 6.397245572038333383e-02 9.974817453402264888e-01 1.043300700000000081e+00 3.359496245177992502e-02 9.974517711235729722e-01 -6.293919907586098539e-02 -7.629130000000000633e-02 -9.989663086789986046e-01 3.158305228363714190e-02 -3.269288810589676686e-02 3.055083000000000215e+00
-2.531104214640322869e-02 8.023958448242192454e-02 9.964541937427686680e-01 1.183628300000000078e+00 3.639467155382661301e-02 9.961867074203727412e-01 -7.929358007711502510e-02 -8.420700000000000407e-02 -9.990169062773421871e-01 3.425861995243011104e-02 -2.813481706005693805e-02 3.051044500000000159e+00
-2.321913583400728870e-02 7.590915628330581477e-02 9.968443568197989935e-01 1.232164400000000049e+00 3.552208790195524046e-02 9.965461958869942238e-01 -7.505904831695045520e-02 -8.749279999999999557e-02 -9.990991207093556925e-01 3.366718662907833975e-02 -2.583539320922223492e-02 3.050154200000000149e+00
-1.429833221310079089e-02 7.306612025031263002e-02 9.972245984568826049e-01 1.378326900000000022e+00 4.128774150372828411e-02 9.965190979715645714e-01 -7.242243975081522067e-02 -9.768029999999999768e-02 -9.990449840209625343e-01 4.013763133900656588e-02 -1.726529620507222251e-02 3.047034000000000020e+00
-8.748733039416398821e-03 7.961651309239965724e-02 9.967871741315759149e-01 1.475211599999999956e+00 3.697315820498738026e-02 9.961694564220331394e-01 -7.924266315678685224e-02 -1.036296000000000023e-01 -9.992779619518055156e-01 3.616109698057794197e-02 -1.165889457055169220e-02 3.046877400000000069e+00
-5.347922437861060523e-03 7.594382532687754539e-02 9.970977560501879111e-01 1.524132299999999995e+00 3.223054506716320489e-02 9.966070521555372430e-01 -7.573358276566458103e-02 -1.071783000000000041e-01 -9.994661533490130090e-01 3.173198683617079602e-02 -7.777488100723872755e-03 3.047064100000000053e+00
9.519351628233604576e-03 7.867298483046471225e-02 9.968550262713444798e-01 1.720045999999999964e+00 3.665571222866768897e-02 9.962027173760555909e-01 -7.897154331511957448e-02 -1.209795000000000037e-01 -9.992826130307614907e-01 3.729218886614425743e-02 6.599389667588662078e-03 3.047540399999999927e+00
1.298287840798445676e-02 7.815803255761946677e-02 9.968564424303861804e-01 1.769391099999999994e+00 3.595330713528106098e-02 9.962593173675206026e-01 -7.857946464845655399e-02 -1.246965000000000018e-01 -9.992691352054660081e-01 3.686047347937872892e-02 1.012427383057068475e-02 3.048677000000000081e+00
2.060025188779314106e-02 7.528191253532907912e-02 9.969494787937763780e-01 1.867171300000000089e+00 4.427657695106946428e-02 9.961140698346266920e-01 -7.613372847163392410e-02 -1.321201999999999932e-01 -9.988068954285683754e-01 4.570988429781373819e-02 1.718697535417390565e-02 3.049386000000000152e+00
3.046062550741949343e-02 7.469006772067965372e-02 9.967414630071217418e-01 2.015556600000000032e+00 4.893987988118795457e-02 9.958967172303562210e-01 -7.612238019803810318e-02 -1.428390999999999966e-01 -9.983371366682259884e-01 5.109914278811392152e-02 2.668031400505443962e-02 3.052903399999999934e+00
3.699886219858985331e-02 7.419297426692270103e-02 9.965573173508072147e-01 2.114083500000000004e+00 4.925371828023286658e-02 9.958927190544869523e-01 -7.597212232017774847e-02 -1.495837000000000139e-01 -9.981007741864450500e-01 5.189503544355993786e-02 3.319261762396030768e-02 3.056562700000000188e+00
4.272191684002086404e-02 7.617416173931335077e-02 9.961788669234190596e-01 2.213746299999999945e+00 4.797943063564737154e-02 9.957823572946878921e-01 -7.820147784098362143e-02 -1.564716999999999913e-01 -9.979342724134656617e-01 5.113701187933920866e-02 3.888693814970367590e-02 3.060780299999999787e+00
4.780764296596120427e-02 7.607128337526829209e-02 9.959556160390274915e-01 2.313329899999999828e+00 4.435084294692022422e-02 9.959506964600973733e-01 -7.819982704932679218e-02 -1.637542999999999915e-01 -9.978714506407810880e-01 4.791002052062421496e-02 4.424022976631758475e-02 3.065931299999999915e+00
5.378303815644654151e-02 7.784324121513706840e-02 9.955138445063353991e-01 2.414651200000000220e+00 3.955765950878076254e-02 9.960081073488525893e-01 -8.001900817645773989e-02 -1.714324999999999877e-01 -9.977687990616110891e-01 4.368386306725436513e-02 5.048904561062517171e-02 3.071748299999999876e+00
6.054985095542290974e-02 8.364446741571225641e-02 9.946543714376454570e-01 2.515997899999999898e+00 3.871853048139477227e-02 9.955359689911478238e-01 -8.607560538397354688e-02 -1.790701000000000098e-01 -9.974139516502849023e-01 4.372342067585840986e-02 5.704096368194122579e-02 3.077955699999999961e+00
6.608183870916675695e-02 8.505351657704904311e-02 9.941826240237221501e-01 2.618241999999999958e+00 2.893085090588773389e-02 9.957782526573608628e-01 -8.711301510402691406e-02 -1.870024000000000131e-01 -9.973947044468791656e-01 3.451913748242807500e-02 6.334218727508755808e-02 3.085739100000000068e+00
7.384982303369334866e-02 8.698235624130476462e-02 9.934688084386962270e-01 2.722087900000000005e+00 3.027045320825166169e-02 9.955345032089035762e-01 -8.941338033632656446e-02 -1.954326000000000119e-01 -9.968098631637125617e-01 3.667591339438312087e-02 7.088705154136742959e-02 3.093266499999999919e+00
8.149724726034147937e-02 8.605050877626789496e-02 9.929519165741774733e-01 2.827019200000000065e+00 2.498481073858061299e-02 9.957764584650430351e-01 -8.834593368782607536e-02 -2.038008000000000042e-01 -9.963603554544632201e-01 3.200866611031920328e-02 7.900308457581917132e-02 3.102697800000000061e+00
9.062846079512872077e-02 8.930076414214647984e-02 9.918729029555827248e-01 2.932624600000000026e+00 2.161187073005983728e-02 9.955606444094210472e-01 -9.160747975272257038e-02 -2.131124000000000074e-01 -9.956502443817575321e-01 2.973847384663542287e-02 8.829617226029662369e-02 3.113497300000000134e+00
1.043635713666068027e-01 1.028492478067548344e-01 9.892068930194490850e-01 3.037799099999999974e+00 1.806080773702614661e-02 9.942783860128310280e-01 -1.052819943371421096e-01 -2.223269999999999968e-01 -9.943752069493150270e-01 2.885348043658827327e-02 1.019089028063892011e-01 3.124438500000000118e+00
1.184738914496974993e-01 1.039506229257524950e-01 9.875009898922195717e-01 3.144752299999999945e+00 9.774379310320019387e-03 9.943348490005623486e-01 -1.058426642338852752e-01 -2.329856999999999900e-01 -9.929090585516195944e-01 2.219180155771516283e-02 1.167866661471236300e-01 3.138386199999999793e+00
1.333965740519957310e-01 9.894574287961249714e-02 9.861110961738501768e-01 3.252861300000000178e+00 8.958510698854706134e-03 9.948426662950203836e-01 -1.010337290466569171e-01 -2.433851999999999960e-01 -9.910222495571172630e-01 2.231164012385443429e-02 1.318221969083154255e-01 3.153186799999999845e+00
1.477609634914186509e-01 8.583274680837177373e-02 9.852915493616181131e-01 3.361059399999999808e+00 4.258393809075160241e-03 9.961625832140077463e-01 -8.741838414522348777e-02 -2.535312000000000121e-01 -9.890139350637354720e-01 1.711278410209678830e-02 1.468284334521775536e-01 3.170318799999999992e+00
1.552080555164420395e-01 8.313709453706955022e-02 9.843773072428780857e-01 3.414653500000000008e+00 4.240789293173855001e-03 9.963872602535858158e-01 -8.482006431572647331e-02 -2.583941000000000154e-01 -9.878727019251904995e-01 1.733929399622238104e-02 1.542947623049357730e-01 3.179258799999999940e+00
1.679971691399035905e-01 9.144341719542203872e-02 9.815370867229635810e-01 3.519290400000000041e+00 4.393526225064552093e-03 9.956089856484909850e-01 -9.350638814162642865e-02 -2.676682000000000228e-01 -9.857776869498964256e-01 2.002121743568108236e-02 1.668577321076397668e-01 3.197556300000000018e+00
1.780957350805761619e-01 9.816156754143839924e-02 9.791048032789529953e-01 3.622908600000000146e+00 1.389114709430767924e-03 9.949858224534228190e-01 -1.000064171791480300e-01 -2.771098000000000172e-01 -9.840121846331139066e-01 1.917080526460425427e-02 1.770663737672213411e-01 3.216804300000000172e+00
1.883496909424092758e-01 9.484535517032673113e-02 9.775115101749513036e-01 3.724878499999999981e+00 2.138568862247919311e-03 9.952838551292749747e-01 -9.698182428800708466e-02 -2.869608000000000159e-01 -9.820996998498271457e-01 2.035697230982627670e-02 1.872585731902725037e-01 3.236944199999999938e+00
1.958226448911622175e-01 8.206601030638749350e-02 9.771993971038979154e-01 3.824895399999999945e+00 1.557772103032470379e-03 9.964648652745798918e-01 -8.399610478699789939e-02 -2.960693999999999826e-01 -9.806380907826826032e-01 1.797059335985375095e-02 1.950025453177214319e-01 3.257893999999999846e+00
2.023265932581378712e-01 7.879318655500747171e-02 9.761432186995228077e-01 3.922733800000000048e+00 -3.882230610418611894e-03 9.968147648787717419e-01 -7.965709513387059237e-02 -3.043815999999999744e-01 -9.793104093932852861e-01 1.232713560348761006e-02 2.019880288080698749e-01 3.279006499999999935e+00
2.042992111924715748e-01 8.078380425462447501e-02 9.755694794714954154e-01 3.970095199999999824e+00 -5.829202641828949705e-03 9.966717734646775018e-01 -8.131049363603111424e-02 -3.084064000000000250e-01 -9.788911342446077191e-01 1.092487752448870197e-02 2.040901623018134270e-01 3.289644200000000129e+00
2.056017733950772641e-01 8.509677890881400808e-02 9.749289456140605159e-01 4.016844299999999812e+00 -1.005943865054909764e-02 9.963434223601194129e-01 -8.484451905550781381e-02 -3.123820999999999959e-01 -9.785840375107469624e-01 7.636945663615668511e-03 2.057060003745535548e-01 3.300445100000000132e+00
2.076330653826335138e-01 8.922144307992989354e-02 9.741293775749428896e-01 4.062832399999999566e+00 -1.127973186614988910e-02 9.959839229116770332e-01 -8.881887721928419244e-02 -3.164150000000000018e-01 -9.781417472988456208e-01 7.453817558898880036e-03 2.078055889406246193e-01 3.310853199999999941e+00
2.110743039880554617e-01 9.676786501368030147e-02 9.726682982891198259e-01 4.152985100000000429e+00 -1.137123640669265856e-02 9.952633560145488500e-01 -9.654815978174097202e-02 -3.244883000000000073e-01 -9.774038741372682582e-01 9.318394462117511601e-03 2.111748904252286341e-01 3.331447600000000175e+00
2.136558568023872451e-01 9.117032843564801259e-02 9.726454369743241513e-01 4.285513400000000139e+00 -1.389013647588984574e-02 9.958185328225862554e-01 -9.029127197992528608e-02 -3.371089999999999920e-01 -9.768102369256369544e-01 5.781081214423444692e-03 2.140288301544287508e-01 3.361492900000000006e+00
2.134074670432035137e-01 9.010970612970467530e-02 9.727987941354688806e-01 4.328601400000000154e+00 -1.291694650638521707e-02 9.959105252325619606e-01 -8.941687885379159817e-02 -3.409214999999999884e-01 -9.768778866896082880e-01 6.516639641772757618e-03 2.136986848453309440e-01 3.371146200000000093e+00
2.117581947751680516e-01 8.923827966098722697e-02 9.732394342548545962e-01 4.370557299999999756e+00 -1.311393438366607878e-02 9.959924048785194772e-01 -8.847120519855149190e-02 -3.448256000000000099e-01 -9.772341027975554040e-01 5.971504622014262020e-03 2.120798186108390215e-01 3.380906599999999873e+00
2.101210730550804595e-01 9.009815666502693499e-02 9.735150008211204131e-01 4.412235299999999860e+00 -1.423996389033309329e-02 9.959210390648142175e-01 -8.909830175970090416e-02 -3.487659000000000176e-01 -9.775716639134870434e-01 4.858612314743389338e-03 2.105469919039250071e-01 3.390231599999999901e+00
2.053174265060818682e-01 9.695206756620636246e-02 9.738814357854641557e-01 4.493732900000000363e+00 -1.388437250366687109e-02 9.952696133907390497e-01 -9.615415155482520682e-02 -3.564348999999999990e-01 -9.785969438809314358e-01 6.220390316261155406e-03 2.056923143221794925e-01 3.408304900000000082e+00
2.018473487418176171e-01 9.637228931121009923e-02 9.746640598990072846e-01 4.572439700000000329e+00 -1.224320399852003860e-02 9.953177014701232173e-01 -9.587897108376393362e-02 -3.637574000000000085e-01 -9.793404677443640072e-01 7.419905197981857548e-03 2.020821447953857763e-01 3.424106099999999930e+00
1.971759519430846819e-01 8.945914025897075406e-02 9.762779861286765559e-01 4.649303899999999601e+00 -1.233876167671845575e-02 9.959755399785114038e-01 -8.877206049652039410e-02 -3.711907999999999874e-01 -9.802904666146783352e-01 5.457654133282127673e-03 1.974862402187503863e-01 3.440183600000000119e+00
1.955001380635195962e-01 8.847319003427767115e-02 9.767047612571073678e-01 4.686685599999999674e+00 -8.683078834072495422e-03 9.960395231484989731e-01 -8.848656659669984492e-02 -3.748653000000000124e-01 -9.806652334813883432e-01 8.818331546812212263e-03 1.954940839760233029e-01 3.447441599999999884e+00
1.914163690794540018e-01 9.220486963661597701e-02 9.771683763117454680e-01 4.760123700000000291e+00 -1.134689006865634286e-03 9.955977989810089746e-01 -9.372158313338607716e-02 -3.807726000000000166e-01 -9.815082710447712300e-01 1.683106293331327469e-02 1.906783395963970174e-01 3.461089600000000210e+00
1.924743368436260538e-01 9.113023204353670748e-02 9.770613647383145084e-01 4.979300000000000281e+00 1.298209289799342331e-02 9.953549508781660560e-01 -9.539385214106502198e-02 -4.002877000000000240e-01 -9.812161305852010740e-01 3.104516983388343893e-02 1.903972229560900731e-01 3.502495500000000206e+00
1.959346876902767487e-01 9.103196117660261599e-02 9.763824968751001476e-01 5.016055099999999989e+00 1.035059973148088480e-02 9.954343961401678209e-01 -9.488534168278166259e-02 -4.035894999999999899e-01 -9.805623199189902328e-01 2.869747419897905605e-02 1.940978921309722827e-01 3.510158800000000134e+00
2.009735114663515065e-01 9.154113275645230086e-02 9.753101397517356386e-01 5.053078199999999853e+00 9.145288523089309396e-03 9.954054632746128783e-01 -9.531173789666530505e-02 -4.071620000000000239e-01 -9.795539859480506539e-01 2.807462727657752954e-02 1.992129612163011654e-01 3.518477199999999971e+00
2.235165567093040651e-01 8.885255258158769598e-02 9.706418354761724432e-01 5.167223500000000413e+00 8.243803585345620133e-03 9.956284127377410531e-01 -9.303818276263037257e-02 -4.166640999999999817e-01 -9.746652700180010731e-01 2.879735489697900219e-02 2.218069515855505269e-01 3.544809799999999900e+00
2.323699746439840119e-01 8.867463916590506701e-02 9.685767926461743560e-01 5.205493899999999563e+00 4.542249124907381252e-03 9.957255290727275998e-01 -9.224987114204560856e-02 -4.201471999999999984e-01 -9.726168633417997533e-01 2.583561730699059783e-02 2.309739336408445087e-01 3.554940900000000070e+00
2.420826351473087668e-01 8.866195671158814962e-02 9.661961784193763281e-01 5.244689900000000016e+00 3.153392672545468622e-03 9.957389398838274452e-01 -9.216300621010696525e-02 -4.233519000000000032e-01 -9.702505108861255723e-01 2.535785935570956939e-02 2.407715205212367371e-01 3.565312399999999826e+00
2.608995991740263865e-01 9.480853029447210145e-02 9.606990901079455192e-01 5.323571199999999948e+00 -6.019415825026963596e-03 9.953061411701608074e-01 -9.658908831793273919e-02 -4.300381999999999816e-01 -9.653471737069299063e-01 1.941720712064849697e-02 2.602456652543440052e-01 3.588226300000000091e+00
2.814570924751994552e-01 9.925844315296378229e-02 9.544263547064575359e-01 5.403951600000000077e+00 -1.195097461227905694e-02 9.949211363829076893e-01 -9.994551808040362528e-02 -4.375222999999999751e-01 -9.594993899431221163e-01 1.672404979045094553e-02 2.812138454226300599e-01 3.613613599999999870e+00
3.015578052944305476e-01 1.006524652951961973e-01 9.481202304011898674e-01 5.486887900000000151e+00 -1.640099264466218093e-02 9.948126863873529846e-01 -1.003928605183046219e-01 -4.448691000000000173e-01 -9.533068223328079460e-01 1.472413776006448877e-02 3.016443307290004316e-01 3.640936899999999810e+00
3.222312338194082693e-01 9.697621099470903061e-02 9.416807561229717516e-01 5.572109199999999873e+00 -2.067949251108597286e-02 9.952228696311093969e-01 -9.541382684235996670e-02 -4.523263000000000145e-01 -9.464350957887740501e-01 1.127183500276627420e-02 3.226973120355430824e-01 3.671085099999999990e+00
3.439843460154270449e-01 8.527339059675546895e-02 9.350952991821059879e-01 5.660431400000000224e+00 -1.574193743640851795e-02 9.962515085313389251e-01 -8.505952712530012727e-02 -4.604466999999999866e-01 -9.388434167112678086e-01 1.453893411377343153e-02 3.440372920087998443e-01 3.703377699999999884e+00
3.636563227963908740e-01 7.955120724612249616e-02 9.281302087077500929e-01 5.751160099999999886e+00 -1.050116942867802827e-02 9.966336850295320904e-01 -8.130819949479575759e-02 -4.676970999999999767e-01 -9.314739955204534017e-01 1.982178826795842272e-02 3.632675217784034905e-01 3.739060900000000132e+00
3.795545109192091648e-01 6.439003984758137622e-02 9.229259428628642237e-01 5.845301599999999986e+00 6.145637050776125293e-03 9.973776261177692559e-01 -7.211173319871960752e-02 -4.741734000000000226e-01 -9.251489633492111508e-01 3.304230149535702238e-02 3.781634592683035256e-01 3.776455900000000199e+00
3.943726107030955386e-01 5.975849914182484318e-02 9.170055428990281365e-01 5.940219400000000149e+00 1.347747256456923587e-02 9.973999205858005146e-01 -7.079375783718619419e-02 -4.815907999999999856e-01 -9.188517843811895291e-01 4.027803614571342367e-02 3.925418170637985371e-01 3.815513800000000177e+00
4.090168990013040573e-01 7.053731110183432407e-02 9.097964959670268303e-01 6.034064299999999825e+00 1.854627772933721552e-02 9.961594491798273499e-01 -8.557094946375944089e-02 -4.883604999999999752e-01 -9.123383209718549658e-01 5.187330288564649672e-02 4.061378442524048449e-01 3.856743600000000161e+00
4.182824761291209503e-01 7.454408260440364975e-02 9.052529756438025821e-01 6.126828200000000280e+00 9.348628899886524124e-03 9.962206049906647820e-01 -8.635455592918056533e-02 -4.964442000000000021e-01 -9.082688882159200006e-01 4.458347160890024224e-02 4.160047364613951304e-01 3.901119899999999863e+00
4.261189579040117748e-01 8.094213729261354184e-02 9.010388471788011167e-01 6.217214600000000146e+00 2.104176352932314586e-03 9.958979909449353629e-01 -9.045863183642142979e-02 -5.052391000000000520e-01 -9.046646926661141563e-01 4.044208256686558645e-02 4.242006975489078791e-01 3.945195200000000124e+00
4.335739642549261696e-01 8.778694013045003353e-02 8.968316846893853445e-01 6.306043599999999749e+00 -3.955422965149293923e-03 9.954191737620275982e-01 -9.552498697246171455e-02 -5.142465000000000508e-01 -9.011093008894288658e-01 3.786979864555649333e-02 4.319350717423976471e-01 3.989227300000000032e+00
4.416547162935154924e-01 8.320928741155080022e-02 8.933181550064658305e-01 6.393967199999999629e+00 -4.353103144809758462e-03 9.958769309069858133e-01 -9.061009314802211112e-02 -5.230856999999999868e-01 -8.971745438144714813e-01 3.612966891274442538e-02 4.401959619936903767e-01 4.032826899999999881e+00
4.487193646384647905e-01 7.927460029022795340e-02 8.901496894046962982e-01 6.478268100000000196e+00 -5.439115392266082039e-03 9.962816166379702132e-01 -8.598462870177626949e-02 -5.317229999999999457e-01 -8.936561686813349059e-01 3.374134108267340393e-02 4.474820377174268948e-01 4.075999300000000325e+00
4.548852412715120308e-01 8.154457523463110036e-02 8.868088291865174888e-01 6.559668499999999902e+00 -6.580498037973302183e-03 9.960795541550844234e-01 -8.821688523055165598e-02 -5.396556000000000131e-01 -8.905257516315463473e-01 3.429291536180148481e-02 4.536384922347945770e-01 4.118325200000000130e+00
4.588759409149495982e-01 7.879266185246955323e-02 8.849997668291342823e-01 6.639471999999999596e+00 -2.983106779863263502e-03 9.961911348033467561e-01 -8.714541877322173891e-02 -5.471194999999999808e-01 -8.884953415316028114e-01 3.734888723138404809e-02 4.573631912377926767e-01 4.159142000000000117e+00
4.624836043821857201e-01 7.827104308939697441e-02 8.831662128338920725e-01 6.716315299999999766e+00 -3.563542477538643449e-03 9.962517951911539216e-01 -8.642720488025626424e-02 -5.547590000000000021e-01 -8.866206724652164750e-01 3.682396491553802803e-02 4.610290432990382659e-01 4.200061800000000289e+00
4.678833430014466277e-01 7.969366026560614769e-02 8.801898078569535544e-01 6.790461500000000150e+00 -9.981847084559319905e-04 9.959731692827642480e-01 -8.964624752957596476e-02 -5.621017000000000374e-01 -8.837896700963857599e-01 4.106539397493159937e-02 4.660788049768034291e-01 4.239276399999999612e+00
4.743585692555605249e-01 7.730000092493874431e-02 8.769313870713157932e-01 6.861969499999999833e+00 3.669078740473001587e-03 9.959551822847441116e-01 -8.977645983975088284e-02 -5.690604999999999691e-01 -8.803240798904763409e-01 4.580376335157038126e-02 4.721562555212199808e-01 4.277380899999999819e+00
4.810552079963946737e-01 7.593586647249303545e-02 8.733954608552857435e-01 6.931469899999999740e+00 5.999012711464003778e-03 9.959332813515036076e-01 -8.989388712762598488e-02 -5.760336999999999819e-01 -8.766697774567303592e-01 4.848343304159037637e-02 4.786433515828548702e-01 4.315612800000000249e+00
4.877864276227005247e-01 7.472119017871953206e-02 8.697592452888095460e-01 6.998627199999999604e+00 7.752882147470253893e-03 9.959199236320303017e-01 -8.990772231114702029e-02 -5.830119000000000273e-01 -8.729285731636301504e-01 5.059890760724497505e-02 4.852169171653664126e-01 4.353286699999999954e+00
4.957672593047338094e-01 7.631679174617389538e-02 8.650957010059893149e-01 7.064872300000000216e+00 8.986549538816897276e-03 9.956272358828186508e-01 -9.298198264031878879e-02 -5.897339999999999804e-01 -8.684089281720100972e-01 5.387164807121903182e-02 4.929135613931021620e-01 4.392155200000000370e+00
