9.999968e-01 -1.383964e-03 2.129266e-03 -1.699529e-02 1.395070e-03 9.999853e-01 -5.223267e-03 -3.304158e-02 -2.122006e-03 5.226219e-03 9.999840e-01 1.924885e+00
9.999935e-01 -2.875213e-03 2.196984e-03 -3.106702e-02 2.877221e-03 9.999954e-01 -9.111935e-04 -6.341853e-02 -2.194353e-03 9.175076e-04 9.999971e-01 2.888054e+00
9.999894e-01 -4.378258e-03 1.426928e-03 -4.462738e-02 4.370282e-03 9.999750e-01 5.546374e-03 -9.503621e-02 -1.451175e-03 -5.540079e-03 9.999835e-01 3.848312e+00
9.999613e-01 -8.800744e-03 4.930361e-05 -5.337242e-02 8.800421e-03 9.999503e-01 4.659577e-03 -1.222173e-01 -9.030788e-05 -4.658963e-03 9.999891e-01 4.806551e+00
9.999329e-01 -1.154122e-02 -9.928825e-04 -6.458549e-02 1.154281e-02 9.999320e-01 1.608232e-03 -1.448705e-01 9.742552e-04 -1.619585e-03 9.999981e-01 5.738958e+00
9.999251e-01 -1.210851e-02 -1.791951e-03 -7.542792e-02 1.210590e-02 9.999256e-01 -1.463266e-03 -1.535673e-01 1.809537e-03 1.441462e-03 9.999973e-01 6.676395e+00
9.999307e-01 -1.148261e-02 -2.596193e-03 -8.936429e-02 1.147713e-02 9.999318e-01 -2.115606e-03 -1.678814e-01 2.620310e-03 2.085662e-03 9.999943e-01 7.606157e+00
9.999351e-01 -1.082459e-02 -3.547008e-03 -1.013034e-01 1.082533e-02 9.999413e-01 1.915052e-04 -1.791661e-01 3.544728e-03 -2.298913e-04 9.999936e-01 8.535486e+00
9.999267e-01 -1.090491e-02 -5.254531e-03 -1.275574e-01 1.092822e-02 9.999304e-01 4.428359e-03 -1.916301e-01 5.205877e-03 -4.485457e-03 9.999763e-01 1.038892e+01
9.999051e-01 -1.246298e-02 -5.868031e-03 -1.421945e-01 1.249287e-02 9.999090e-01 5.084305e-03 -1.997185e-01 5.804133e-03 -5.157132e-03 9.999698e-01 1.133952e+01
9.998969e-01 -1.263069e-02 -6.826217e-03 -1.548813e-01 1.266478e-02 9.999074e-01 4.973288e-03 -2.155601e-01 6.762771e-03 -5.059228e-03 9.999643e-01 1.222345e+01
9.998890e-01 -1.287236e-02 -7.500847e-03 -1.693123e-01 1.289812e-02 9.999110e-01 3.394724e-03 -2.354858e-01 7.456483e-03 -3.491094e-03 9.999660e-01 1.313325e+01
9.998699e-01 -1.336574e-02 -9.034486e-03 -1.849063e-01 1.337692e-02 9.999098e-01 1.177817e-03 -2.602522e-01 9.017931e-03 -1.298518e-03 9.999584e-01 1.404136e+01
9.998231e-01 -1.432671e-02 -1.218625e-02 -2.169483e-01 1.431971e-02 9.998972e-01 -6.616172e-04 -2.851106e-01 1.219448e-02 4.869955e-04 9.999255e-01 1.584627e+01
9.998220e-01 -1.304143e-02 -1.363681e-02 -2.367130e-01 1.302122e-02 9.999139e-01 -1.569338e-03 -2.933610e-01 1.365611e-02 1.391489e-03 9.999057e-01 1.674309e+01
9.998148e-01 -1.159649e-02 -1.536125e-02 -2.548521e-01 1.157275e-02 9.999316e-01 -1.633665e-03 -2.982439e-01 1.537915e-02 1.455589e-03 9.998806e-01 1.763484e+01
9.997832e-01 -1.213664e-02 -1.691845e-02 -2.730779e-01 1.212689e-02 9.999262e-01 -6.787551e-04 -3.044055e-01 1.692545e-02 4.734386e-04 9.998566e-01 1.852684e+01
9.997674e-01 -1.148423e-02 -1.825599e-02 -2.937433e-01 1.149904e-02 9.999336e-01 7.061475e-04 -3.138402e-01 1.824668e-02 -9.159104e-04 9.998330e-01 1.941419e+01
9.997407e-01 -1.132286e-02 -1.975877e-02 -3.146034e-01 1.134559e-02 9.999350e-01 1.038627e-03 -3.236882e-01 1.974573e-02 -1.262534e-03 9.998042e-01 2.029478e+01
9.996913e-01 -1.246784e-02 -2.149326e-02 -3.335669e-01 1.249154e-02 9.999214e-01 9.685078e-04 -3.220398e-01 2.147950e-02 -1.236693e-03 9.997685e-01 2.116890e+01
9.996529e-01 -1.268780e-02 -2.308809e-02 -3.517749e-01 1.269885e-02 9.999192e-01 3.318073e-04 -3.205089e-01 2.308202e-02 -6.248852e-04 9.997333e-01 2.203793e+01
9.996297e-01 -1.261378e-02 -2.411198e-02 -3.725490e-01 1.263650e-02 9.999198e-01 7.899130e-04 -3.172185e-01 2.410009e-02 -1.094312e-03 9.997089e-01 2.290089e+01
9.996068e-01 -1.236724e-02 -2.516463e-02 -3.933684e-01 1.244026e-02 9.999188e-01 2.747129e-03 -3.159266e-01 2.512862e-02 -3.059103e-03 9.996795e-01 2.375773e+01
9.995692e-01 -1.363816e-02 -2.598840e-02 -4.121035e-01 1.378817e-02 9.998892e-01 5.601313e-03 -3.140241e-01 2.590913e-02 -5.957232e-03 9.996465e-01 2.461543e+01
9.995560e-01 -1.327670e-02 -2.667519e-02 -4.280328e-01 1.346665e-02 9.998851e-01 6.953738e-03 -3.057383e-01 2.657980e-02 -7.309876e-03 9.996199e-01 2.544218e+01
9.995413e-01 -1.282492e-02 -2.743674e-02 -4.474023e-01 1.298763e-02 9.998990e-01 5.760451e-03 -2.988492e-01 2.736009e-02 -6.114147e-03 9.996069e-01 2.626621e+01
9.995206e-01 -1.092301e-02 -2.896974e-02 -4.916230e-01 1.096822e-02 9.999388e-01 1.401950e-03 -2.934051e-01 2.895266e-02 -1.719025e-03 9.995792e-01 2.787697e+01
9.995005e-01 -1.020425e-02 -2.990979e-02 -5.147234e-01 1.023690e-02 9.999471e-01 9.386493e-04 -2.982767e-01 2.989864e-02 -1.244365e-03 9.995521e-01 2.866957e+01
9.994551e-01 -1.042435e-02 -3.131936e-02 -5.377287e-01 1.044602e-02 9.999452e-01 5.283531e-04 -3.030386e-01 3.131214e-02 -8.552288e-04 9.995092e-01 2.945471e+01
9.993980e-01 -1.012000e-02 -3.318482e-02 -5.610502e-01 1.012245e-02 9.999487e-01 -9.415537e-05 -3.024561e-01 3.318408e-02 -2.418140e-04 9.994492e-01 3.022665e+01
9.993348e-01 -1.013992e-02 -3.503166e-02 -5.837097e-01 1.012933e-02 9.999485e-01 -4.799930e-04 -2.893166e-01 3.503473e-02 1.248256e-04 9.993860e-01 3.099325e+01
9.991826e-01 -1.044167e-02 -3.905299e-02 -6.373473e-01 1.057814e-02 9.999386e-01 3.289435e-03 -2.859582e-01 3.901625e-02 -3.699855e-03 9.992317e-01 3.249745e+01
9.991166e-01 -9.676451e-03 -4.089457e-02 -6.694970e-01 9.870613e-03 9.999409e-01 4.548579e-03 -2.913155e-01 4.084814e-02 -4.948216e-03 9.991530e-01 3.323490e+01
9.990483e-01 -8.212274e-03 -4.283877e-02 -7.070281e-01 8.425612e-03 9.999529e-01 4.801790e-03 -2.980989e-01 4.279733e-02 -5.158163e-03 9.990704e-01 3.396228e+01
9.989871e-01 -5.570437e-03 -4.465125e-02 -7.475972e-01 5.752148e-03 9.999756e-01 3.942093e-03 -3.011809e-01 4.462821e-02 -4.194941e-03 9.989948e-01 3.470353e+01
9.989142e-01 -4.076822e-03 -4.640854e-02 -7.861231e-01 4.225973e-03 9.999861e-01 3.116198e-03 -3.012987e-01 4.639521e-02 -3.308936e-03 9.989176e-01 3.539317e+01
9.988447e-01 -3.602322e-03 -4.792024e-02 -8.225011e-01 3.824192e-03 9.999823e-01 4.539097e-03 -2.935002e-01 4.790305e-02 -4.717109e-03 9.988408e-01 3.608573e+01
9.988488e-01 3.748494e-03 -4.782370e-02 -9.356939e-01 -3.523552e-03 9.999823e-01 4.787030e-03 -2.753503e-01 4.784081e-02 -4.613010e-03 9.988443e-01 3.811124e+01
9.989248e-01 5.352123e-03 -4.605101e-02 -9.662440e-01 -5.291339e-03 9.999849e-01 1.441747e-03 -2.643952e-01 4.605804e-02 -1.196526e-03 9.989380e-01 3.876355e+01
9.991414e-01 6.928143e-03 -4.084787e-02 -1.022967e+00 -6.919997e-03 9.999759e-01 3.408663e-04 -2.546909e-01 4.084925e-02 -5.790746e-05 9.991653e-01 4.003748e+01
9.992324e-01 1.197639e-02 -3.729938e-02 -1.054571e+00 -1.185276e-02 9.999234e-01 3.533972e-03 -2.561416e-01 3.733886e-02 -3.089159e-03 9.992978e-01 4.068683e+01
9.993048e-01 1.641604e-02 -3.347332e-02 -1.082779e+00 -1.618094e-02 9.998425e-01 7.282552e-03 -2.559993e-01 3.358760e-02 -6.735859e-03 9.994130e-01 4.129211e+01
9.993683e-01 3.372431e-02 -1.120755e-02 -1.156523e+00 -3.359318e-02 9.993671e-01 1.169024e-02 -2.461265e-01 1.159470e-02 -1.130636e-02 9.998688e-01 4.359239e+01
9.993066e-01 3.700958e-02 -4.072654e-03 -1.163695e+00 -3.696271e-02 9.992556e-01 1.103952e-02 -2.463307e-01 4.478192e-03 -1.088133e-02 9.999307e-01 4.411947e+01
9.986110e-01 4.932216e-02 1.853237e-02 -1.162119e+00 -4.947620e-02 9.987436e-01 7.946644e-03 -2.348502e-01 -1.811714e-02 -8.852517e-03 9.997966e-01 4.557447e+01
9.978050e-01 5.099690e-02 4.224351e-02 -1.119110e+00 -5.130814e-02 9.986628e-01 6.315813e-03 -2.395256e-01 -4.186495e-02 -8.469386e-03 9.990873e-01 4.683267e+01
9.966453e-01 5.618538e-02 5.950962e-02 -1.077742e+00 -5.670529e-02 9.983658e-01 7.082538e-03 -2.387525e-01 -5.901444e-02 -1.043329e-02 9.982025e-01 4.756732e+01
9.949463e-01 6.439773e-02 7.703781e-02 -1.036133e+00 -6.510727e-02 9.978555e-01 6.731622e-03 -2.443984e-01 -7.643911e-02 -1.171332e-02 9.970054e-01 4.817664e+01
9.905372e-01 6.248717e-02 1.221940e-01 -8.977462e-01 -6.247046e-02 9.980388e-01 -3.971708e-03 -2.734425e-01 -1.222026e-01 -3.699392e-03 9.924982e-01 4.923239e+01
9.522731e-01 7.018360e-02 2.970693e-01 -3.172192e-01 -6.815286e-02 9.975265e-01 -1.720102e-02 -3.255041e-01 -2.975418e-01 -3.866058e-03 9.547009e-01 5.142020e+01
9.095902e-01 7.427774e-02 4.088135e-01 1.309526e-01 -7.108895e-02 9.972044e-01 -2.301366e-02 -3.642721e-01 -4.093801e-01 -8.129124e-03 9.123277e-01 5.235595e+01
8.771443e-01 7.145361e-02 4.748814e-01 4.279778e-01 -6.473981e-02 9.974359e-01 -3.050080e-02 -3.824345e-01 -4.758432e-01 -3.990132e-03 8.795210e-01 5.280031e+01
8.575413e-01 7.341493e-02 5.091494e-01 5.907911e-01 -6.409369e-02 9.972996e-01 -3.585139e-02 -3.919068e-01 -5.104066e-01 -1.889215e-03 8.599311e-01 5.301901e+01
7.198925e-01 8.857767e-02 6.884102e-01 1.658262e+00 -7.134170e-02 9.960132e-01 -5.355265e-02 -4.647131e-01 -6.904094e-01 -1.056021e-02 7.233418e-01 5.415343e+01
4.095444e-01 7.979453e-02 9.087938e-01 4.198361e+00 -5.480553e-02 9.965202e-01 -6.279926e-02 -5.166196e-01 -9.106425e-01 -2.408784e-02 4.124924e-01 5.548396e+01
2.200748e-01 7.093645e-02 9.729003e-01 6.088519e+00 -3.059900e-02 9.973636e-01 -6.579850e-02 -6.266796e-01 -9.750030e-01 -1.528919e-02 2.216651e-01 5.585617e+01
1.770423e-01 6.939967e-02 9.817533e-01 6.612372e+00 -2.180620e-02 9.975425e-01 -6.658344e-02 -6.532414e-01 -9.839617e-01 -9.620226e-03 1.781206e-01 5.590280e+01
1.394343e-01 7.225282e-02 9.875917e-01 7.126377e+00 -1.775361e-02 9.973565e-01 -7.046066e-02 -6.821309e-01 -9.900722e-01 -7.708693e-03 1.403484e-01 5.593790e+01
3.425250e-02 6.829690e-02 9.970768e-01 9.351661e+00 1.011661e-02 9.975874e-01 -6.867942e-02 -8.573790e-01 -9.993620e-01 1.243947e-02 3.347893e-02 5.598323e+01
1.874635e-02 7.007914e-02 9.973652e-01 9.933246e+00 1.331628e-02 9.974345e-01 -7.033431e-02 -9.020616e-01 -9.997356e-01 1.459970e-02 1.776507e-02 5.598182e+01
-1.479860e-02 7.371512e-02 9.971695e-01 1.175501e+01 1.910705e-02 9.971174e-01 -7.342773e-02 -1.055254e+00 -9.997080e-01 1.796633e-02 -1.616442e-02 5.596304e+01
-2.590903e-02 7.474963e-02 9.968656e-01 1.302027e+01 2.392123e-02 9.969612e-01 -7.413508e-02 -1.167977e+00 -9.993781e-01 2.192548e-02 -2.761840e-02 5.590304e+01
-3.224636e-02 6.482052e-02 9.973757e-01 1.433357e+01 1.930001e-02 9.977490e-01 -6.422080e-02 -1.269538e+00 -9.992936e-01 1.717847e-02 -3.342481e-02 5.585852e+01
-3.403686e-02 5.685168e-02 9.978022e-01 1.569798e+01 2.332191e-02 9.981540e-01 -5.607618e-02 -1.366117e+00 -9.991485e-01 2.136199e-02 -3.529992e-02 5.577901e+01
-3.372396e-02 5.922088e-02 9.976750e-01 1.638718e+01 2.647752e-02 9.979454e-01 -5.834194e-02 -1.417061e+00 -9.990804e-01 2.444843e-02 -3.522269e-02 5.574074e+01
-2.869260e-02 7.658907e-02 9.966497e-01 1.850468e+01 2.970433e-02 9.966852e-01 -7.573665e-02 -1.545746e+00 -9.991469e-01 2.743173e-02 -3.087252e-02 5.564300e+01
-2.666061e-02 7.158414e-02 9.970781e-01 1.924155e+01 2.859289e-02 9.970792e-01 -7.081969e-02 -1.593908e+00 -9.992356e-01 2.662124e-02 -2.862953e-02 5.561503e+01
-2.419601e-02 6.403547e-02 9.976542e-01 1.997824e+01 2.815724e-02 9.975941e-01 -6.334873e-02 -1.647724e+00 -9.993107e-01 2.655840e-02 -2.594085e-02 5.559027e+01
-1.252203e-02 7.473476e-02 9.971247e-01 2.290332e+01 2.917558e-02 9.968057e-01 -7.434447e-02 -1.839076e+00 -9.994959e-01 2.816074e-02 -1.466246e-02 5.550537e+01
-9.302733e-03 7.218496e-02 9.973478e-01 2.363216e+01 2.558215e-02 9.970817e-01 -7.192709e-02 -1.895775e+00 -9.996295e-01 2.484517e-02 -1.112223e-02 5.550164e+01
-4.586658e-03 6.657880e-02 9.977705e-01 2.437331e+01 2.924907e-02 9.973631e-01 -6.641717e-02 -1.955801e+00 -9.995617e-01 2.887922e-02 -6.521932e-03 5.548454e+01
9.153452e-03 7.318056e-02 9.972766e-01 2.730492e+01 2.911682e-02 9.968760e-01 -7.341842e-02 -2.167614e+00 -9.995341e-01 2.970955e-02 6.994071e-03 5.548963e+01
1.709323e-02 7.022556e-02 9.973846e-01 2.877765e+01 3.809348e-02 9.967604e-01 -7.083447e-02 -2.288673e+00 -9.991280e-01 3.920463e-02 1.436272e-02 5.551027e+01
2.346026e-02 7.155827e-02 9.971604e-01 3.024630e+01 4.104867e-02 9.965248e-01 -7.247843e-02 -2.395401e+00 -9.988817e-01 4.263246e-02 2.044136e-02 5.553620e+01
3.662308e-02 7.125285e-02 9.967856e-01 3.320740e+01 4.027483e-02 9.965392e-01 -7.271499e-02 -2.578228e+00 -9.985173e-01 4.280842e-02 3.362664e-02 5.561348e+01
4.226827e-02 7.092015e-02 9.965860e-01 3.469841e+01 3.944885e-02 9.965811e-01 -7.259297e-02 -2.667716e+00 -9.983272e-01 4.238254e-02 3.932604e-02 5.567316e+01
4.429263e-02 7.181466e-02 9.964340e-01 3.544252e+01 3.837120e-02 9.965546e-01 -7.352900e-02 -2.711893e+00 -9.982815e-01 4.149115e-02 4.138441e-02 5.570930e+01
5.077075e-02 7.342347e-02 9.960076e-01 3.695093e+01 3.333449e-02 9.966135e-01 -7.516735e-02 -2.812393e+00 -9.981539e-01 3.701770e-02 4.815128e-02 5.578704e+01
5.735005e-02 7.908020e-02 9.952171e-01 3.846575e+01 3.198206e-02 9.962007e-01 -8.100135e-02 -2.922992e+00 -9.978418e-01 3.647452e-02 5.460300e-02 5.586855e+01
6.297842e-02 8.056066e-02 9.947580e-01 4.000220e+01 2.229850e-02 9.963743e-01 -8.210329e-02 -3.024315e+00 -9.977658e-01 2.735234e-02 6.095370e-02 5.597631e+01
7.069430e-02 8.200656e-02 9.941213e-01 4.155550e+01 2.387540e-02 9.961901e-01 -8.387508e-02 -3.135919e+00 -9.972123e-01 2.966452e-02 6.846702e-02 5.607788e+01
7.831116e-02 8.192870e-02 9.935567e-01 4.313031e+01 1.900906e-02 9.963134e-01 -8.365431e-02 -3.244326e+00 -9.967478e-01 2.543764e-02 7.646507e-02 5.620333e+01
8.332298e-02 8.026167e-02 9.932850e-01 4.393795e+01 1.886995e-02 9.964454e-01 -8.209998e-02 -3.297181e+00 -9.963440e-01 2.558405e-02 8.151226e-02 5.626972e+01
9.421985e-02 9.422725e-02 9.910821e-01 4.550440e+01 1.386091e-02 9.952900e-01 -9.594507e-02 -3.402580e+00 -9.954550e-01 2.277722e-02 9.247000e-02 5.642297e+01
1.088845e-01 1.009468e-01 9.889154e-01 4.712224e+01 8.008224e-03 9.947089e-01 -1.024200e-01 -3.525277e+00 -9.940222e-01 1.907140e-02 1.075000e-01 5.660533e+01
1.234522e-01 9.684397e-02 9.876136e-01 4.872687e+01 3.804221e-03 9.951731e-01 -9.806079e-02 -3.662244e+00 -9.923433e-01 1.586291e-02 1.224879e-01 5.681192e+01
1.381181e-01 8.777174e-02 9.865188e-01 5.035682e+01 1.418947e-03 9.960468e-01 -8.881813e-02 -3.792894e+00 -9.904148e-01 1.366721e-02 1.374476e-01 5.704097e+01
1.529056e-01 7.734363e-02 9.852095e-01 5.198907e+01 -1.273776e-03 9.969472e-01 -7.806743e-02 -3.912550e+00 -9.882400e-01 1.068200e-02 1.525373e-01 5.729726e+01
1.656985e-01 8.616732e-02 9.824047e-01 5.356153e+01 -9.232977e-04 9.961885e-01 -8.722059e-02 -4.023164e+00 -9.861761e-01 1.354526e-02 1.651465e-01 5.756033e+01
1.755626e-01 9.300269e-02 9.800654e-01 5.510439e+01 -3.992120e-03 9.955867e-01 -9.376047e-02 -4.143701e+00 -9.844602e-01 1.254829e-02 1.751591e-01 5.783752e+01
1.863508e-01 8.909315e-02 9.784353e-01 5.664546e+01 -2.180078e-03 9.959149e-01 -9.026959e-02 -4.262120e+00 -9.824809e-01 1.468874e-02 1.857838e-01 5.812033e+01
1.938017e-01 7.570595e-02 9.781152e-01 5.813668e+01 -3.606712e-03 9.970662e-01 -7.645814e-02 -4.369152e+00 -9.810341e-01 1.128994e-02 1.935062e-01 5.841357e+01
2.000843e-01 7.342233e-02 9.770237e-01 5.959961e+01 -8.462431e-03 9.972804e-01 -7.321160e-02 -4.467621e+00 -9.797422e-01 6.380489e-03 2.001614e-01 5.871611e+01
2.021928e-01 7.573447e-02 9.764129e-01 6.031245e+01 -1.049868e-02 9.971157e-01 -7.516624e-02 -4.516372e+00 -9.792895e-01 4.947024e-03 2.024047e-01 5.886609e+01
2.054345e-01 8.430510e-02 9.750329e-01 6.170436e+01 -1.627995e-02 9.964393e-01 -8.272590e-02 -4.614787e+00 -9.785355e-01 1.121269e-03 2.060755e-01 5.917238e+01
2.090407e-01 9.129393e-02 9.736361e-01 6.305593e+01 -1.639693e-02 9.958199e-01 -8.985360e-02 -4.706379e+00 -9.777695e-01 2.818410e-03 2.096638e-01 5.946843e+01
2.108260e-01 8.823281e-02 9.735334e-01 6.438160e+01 -1.866586e-02 9.960998e-01 -8.623582e-02 -4.814707e+00 -9.773454e-01 8.912483e-06 2.116507e-01 5.976019e+01
2.112869e-01 8.541374e-02 9.736849e-01 6.503281e+01 -1.865394e-02 9.963453e-01 -8.335373e-02 -4.867829e+00 -9.772461e-01 -5.515137e-04 2.121080e-01 5.990218e+01
2.110651e-01 8.443186e-02 9.738186e-01 6.567175e+01 -1.792305e-02 9.964292e-01 -8.250762e-02 -4.913385e+00 -9.773077e-01 -3.931829e-05 2.118247e-01 6.003522e+01
2.095206e-01 8.372355e-02 9.742132e-01 6.630099e+01 -1.785350e-02 9.964889e-01 -8.179825e-02 -4.965400e+00 -9.776413e-01 -2.547066e-04 2.102797e-01 6.016765e+01
2.053680e-01 8.784886e-02 9.747340e-01 6.754573e+01 -2.015721e-02 9.961316e-01 -8.553041e-02 -5.076711e+00 -9.784773e-01 -2.082714e-03 2.063443e-01 6.043224e+01
2.013967e-01 9.173994e-02 9.752041e-01 6.872472e+01 -1.608471e-02 9.957798e-01 -9.035379e-02 -5.182058e+00 -9.793777e-01 2.511083e-03 2.020224e-01 6.067792e+01
1.965663e-01 8.799307e-02 9.765341e-01 6.988288e+01 -1.711964e-02 9.961210e-01 -8.631201e-02 -5.285896e+00 -9.803411e-01 2.481145e-04 1.973102e-01 6.091928e+01
1.926949e-01 8.257239e-02 9.777782e-01 7.100066e+01 -1.386283e-02 9.965827e-01 -8.142841e-02 -5.393054e+00 -9.811608e-01 2.136068e-03 1.931811e-01 6.114039e+01
1.886273e-01 8.635003e-02 9.782450e-01 7.208654e+01 -5.731549e-03 9.962065e-01 -8.683035e-02 -5.485365e+00 -9.820321e-01 1.077171e-02 1.884067e-01 6.134673e+01
1.856976e-01 9.117689e-02 9.783675e-01 7.315814e+01 -6.598439e-03 9.957788e-01 -9.154711e-02 -5.583135e+00 -9.825848e-01 1.054438e-02 1.855154e-01 6.155451e+01
1.900022e-01 8.543021e-02 9.780597e-01 7.533524e+01 8.831326e-03 9.960179e-01 -8.871443e-02 -5.768173e+00 -9.817440e-01 2.549349e-02 1.884911e-01 6.194475e+01
1.989535e-01 8.554309e-02 9.762683e-01 7.643447e+01 5.154324e-03 9.960779e-01 -8.832928e-02 -5.862448e+00 -9.799954e-01 2.260541e-02 1.977323e-01 6.217121e+01
2.058044e-01 8.467054e-02 9.749232e-01 7.699260e+01 6.227646e-03 9.961163e-01 -8.782578e-02 -5.912287e+00 -9.785734e-01 2.414640e-02 2.044778e-01 6.229135e+01
2.221289e-01 8.323105e-02 9.714583e-01 7.812868e+01 5.261109e-03 9.962330e-01 -8.655665e-02 -6.008758e+00 -9.750032e-01 2.433767e-02 2.208542e-01 6.255305e+01
2.409914e-01 8.249252e-02 9.670150e-01 7.928502e+01 -1.509138e-04 9.963842e-01 -8.496031e-02 -6.107865e+00 -9.705273e-01 2.032877e-02 2.401325e-01 6.284580e+01
2.600305e-01 8.867053e-02 9.615204e-01 8.045340e+01 -8.288988e-03 9.959430e-01 -8.960332e-02 -6.192815e+00 -9.655649e-01 1.532956e-02 2.597105e-01 6.317985e+01
2.707708e-01 9.062972e-02 9.583680e-01 8.104837e+01 -1.252273e-02 9.958056e-01 -9.063200e-02 -6.239009e+00 -9.625624e-01 1.253911e-02 2.707700e-01 6.335684e+01
2.908657e-01 9.326445e-02 9.522073e-01 8.226579e+01 -1.695222e-02 9.955836e-01 -9.233468e-02 -6.324963e+00 -9.566137e-01 1.071496e-02 2.911622e-01 6.374049e+01
3.114761e-01 9.499952e-02 9.454933e-01 8.353476e+01 -2.182553e-02 9.954428e-01 -9.282824e-02 -6.414738e+00 -9.500033e-01 8.277883e-03 3.121301e-01 6.416680e+01
3.329780e-01 8.181771e-02 9.393782e-01 8.486139e+01 -1.796666e-02 9.965980e-01 -8.043286e-02 -6.498607e+00 -9.427634e-01 9.904888e-03 3.333152e-01 6.463735e+01
3.540944e-01 7.458960e-02 9.322303e-01 8.622445e+01 -1.650619e-02 9.971574e-01 -7.351492e-02 -6.585584e+00 -9.350641e-01 1.064365e-02 3.543190e-01 6.515377e+01
3.632093e-01 7.047665e-02 9.290382e-01 8.692746e+01 -1.006274e-02 9.973735e-01 -7.172652e-02 -6.605047e+00 -9.316533e-01 1.670306e-02 3.629645e-01 6.542840e+01
3.724555e-01 6.671889e-02 9.256486e-01 8.763165e+01 -3.810859e-03 9.975139e-01 -7.036543e-02 -6.624344e+00 -9.280423e-01 2.268047e-02 3.717838e-01 6.570333e+01
3.795424e-01 5.699201e-02 9.234172e-01 8.835787e+01 5.138607e-03 9.979555e-01 -6.370449e-02 -6.646336e+00 -9.251601e-01 2.892363e-02 3.784736e-01 6.599341e+01
3.941549e-01 5.312216e-02 9.175074e-01 8.979244e+01 1.280626e-02 9.979136e-01 -6.327904e-02 -6.725361e+00 -9.189548e-01 3.669158e-02 3.926523e-01 6.659944e+01
4.017997e-01 5.915111e-02 9.138151e-01 9.050245e+01 1.551673e-02 9.973284e-01 -7.137956e-02 -6.763694e+00 -9.155961e-01 4.285970e-02 3.998084e-01 6.690709e+01
4.144271e-01 6.513043e-02 9.077489e-01 9.192183e+01 1.705387e-02 9.967049e-01 -7.929882e-02 -6.870738e+00 -9.099228e-01 4.834421e-02 4.119508e-01 6.755932e+01
4.227454e-01 7.070038e-02 9.034864e-01 9.328887e+01 3.057782e-03 9.968352e-01 -7.943595e-02 -6.975179e+00 -9.062434e-01 3.634384e-02 4.211913e-01 6.824748e+01
4.311862e-01 7.836336e-02 8.988534e-01 9.463312e+01 -1.013917e-03 9.962626e-01 -8.636927e-02 -7.110019e+00 -9.022624e-01 3.632986e-02 4.296541e-01 6.892013e+01
4.385578e-01 7.953606e-02 8.951765e-01 9.592749e+01 -5.482144e-03 9.962942e-01 -8.583457e-02 -7.259679e+00 -8.986863e-01 3.273593e-02 4.373687e-01 6.958240e+01
4.462005e-01 7.354328e-02 8.919061e-01 9.720647e+01 -4.875929e-03 9.968026e-01 -7.975336e-02 -7.398532e+00 -8.949198e-01 3.123711e-02 4.451324e-01 7.023613e+01
4.531344e-01 7.464556e-02 8.883114e-01 9.843505e+01 -7.837986e-03 9.967830e-01 -7.976232e-02 -7.533159e+00 -8.914078e-01 2.918048e-02 4.522618e-01 7.088389e+01
4.580361e-01 7.309423e-02 8.859233e-01 9.962790e+01 -4.849071e-03 9.968042e-01 -7.973557e-02 -7.650212e+00 -8.889204e-01 3.222586e-02 4.569267e-01 7.150888e+01
4.615821e-01 7.190767e-02 8.841782e-01 1.007869e+02 -4.291855e-03 9.968785e-01 -7.883272e-02 -7.766662e+00 -8.870872e-01 3.259300e-02 4.604499e-01 7.212549e+01
4.662232e-01 7.370896e-02 8.815911e-01 1.019055e+02 -3.435783e-03 9.966663e-01 -8.151331e-02 -7.883340e+00 -8.846605e-01 3.497443e-02 4.649221e-01 7.273582e+01
4.724365e-01 7.237662e-02 8.783879e-01 1.029830e+02 1.234127e-03 9.965672e-01 -8.277804e-02 -8.002376e+00 -8.813639e-01 4.019140e-02 4.707254e-01 7.332849e+01
4.791236e-01 6.975479e-02 8.749712e-01 1.040361e+02 5.530276e-03 9.965775e-01 -8.247786e-02 -8.096619e+00 -8.777300e-01 4.435591e-02 4.770981e-01 7.390981e+01
4.857257e-01 6.865676e-02 8.714107e-01 1.050601e+02 7.159909e-03 9.965646e-01 -8.250835e-02 -8.181955e+00 -8.740820e-01 4.631564e-02 4.835655e-01 7.448234e+01
4.930605e-01 6.945168e-02 8.672184e-01 1.060641e+02 8.412663e-03 9.963812e-01 -8.457882e-02 -8.265059e+00 -8.699544e-01 4.899808e-02 4.906919e-01 7.505403e+01
5.021425e-01 7.305369e-02 8.616936e-01 1.070595e+02 8.009040e-03 9.959898e-01 -8.910641e-02 -8.363102e+00 -8.647478e-01 5.164545e-02 4.995438e-01 7.563421e+01
5.133730e-01 8.591861e-02 8.538536e-01 1.080289e+02 -7.217714e-04 9.950183e-01 -9.968929e-02 -8.475876e+00 -8.581653e-01 5.056150e-02 5.108775e-01 7.622883e+01
5.258177e-01 9.648418e-02 8.451073e-01 1.089938e+02 -8.786758e-03 9.941089e-01 -1.080284e-01 -8.586122e+00 -8.505519e-01 4.937747e-02 5.235679e-01 7.684080e+01
5.364891e-01 9.552072e-02 8.384838e-01 1.099856e+02 -1.985535e-02 9.947271e-01 -1.006160e-01 -8.706456e+00 -8.436737e-01 3.733100e-02 5.355569e-01 7.748994e+01
5.479617e-01 9.099474e-02 8.315395e-01 1.110125e+02 -3.224469e-02 9.956247e-01 -8.770211e-02 -8.817849e+00 -8.358818e-01 2.124465e-02 5.484982e-01 7.817109e+01
5.605101e-01 9.286252e-02 8.229246e-01 1.120557e+02 -3.948982e-02 9.955598e-01 -8.544618e-02 -8.915374e+00 -8.272056e-01 1.539630e-02 5.616884e-01 7.887613e+01
5.725560e-01 1.001365e-01 8.137274e-01 1.131161e+02 -4.600950e-02 9.948734e-01 -9.005489e-02 -9.011645e+00 -8.185737e-01 1.412227e-02 5.742279e-01 7.962766e+01
5.851199e-01 1.029632e-01 8.043838e-01 1.142286e+02 -5.131706e-02 9.946201e-01 -8.998518e-02 -9.105368e+00 -8.093215e-01 1.137351e-02 5.872557e-01 8.042589e+01
5.984116e-01 1.026552e-01 7.945850e-01 1.153671e+02 -5.766808e-02 9.947039e-01 -8.507872e-02 -9.217043e+00 -7.991107e-01 5.089903e-03 6.011623e-01 8.128451e+01
6.134904e-01 1.008717e-01 7.832333e-01 1.165301e+02 -5.858763e-02 9.948889e-01 -8.224017e-02 -9.317811e+00 -7.875259e-01 4.565763e-03 6.162646e-01 8.218891e+01
6.287839e-01 1.038119e-01 7.706191e-01 1.177001e+02 -6.392980e-02 9.945945e-01 -8.182087e-02 -9.410224e+00 -7.749477e-01 2.182111e-03 6.320216e-01 8.315109e+01
6.407217e-01 1.032479e-01 7.607993e-01 1.189071e+02 -6.562197e-02 9.946549e-01 -7.971966e-02 -9.501459e+00 -7.649638e-01 1.152959e-03 6.440723e-01 8.416417e+01
6.482741e-01 9.914096e-02 7.549249e-01 1.201636e+02 -6.092667e-02 9.950617e-01 -7.835775e-02 -9.590647e+00 -7.589655e-01 4.802234e-03 6.511131e-01 8.522386e+01
6.557828e-01 8.869963e-02 7.497207e-01 1.214334e+02 -4.780545e-02 9.959598e-01 -7.601670e-02 -9.682937e+00 -7.534345e-01 1.400970e-02 6.573737e-01 8.629266e+01
6.630555e-01 7.736600e-02 7.445615e-01 1.227300e+02 -3.652420e-02 9.968037e-01 -7.105009e-02 -9.773963e+00 -7.476787e-01 1.991564e-02 6.637620e-01 8.740500e+01
6.693976e-01 7.789532e-02 7.388092e-01 1.240203e+02 -3.713224e-02 9.967529e-01 -7.144763e-02 -9.868055e+00 -7.419758e-01 2.039322e-02 6.701164e-01 8.855484e+01
6.726330e-01 8.244028e-02 7.353695e-01 1.246768e+02 -4.296094e-02 9.964489e-01 -7.241340e-02 -9.916275e+00 -7.387281e-01 1.711548e-02 6.737862e-01 8.916047e+01
6.752168e-01 8.584468e-02 7.326069e-01 1.253111e+02 -4.843845e-02 9.962211e-01 -7.209029e-02 -9.964397e+00 -7.360272e-01 1.319023e-02 6.768235e-01 8.975362e+01
6.781317e-01 8.261678e-02 7.302820e-01 1.259636e+02 -4.941746e-02 9.965384e-01 -6.684989e-02 -1.001373e+01 -7.332771e-01 9.244349e-03 6.798670e-01 9.035993e+01
6.816128e-01 7.975910e-02 7.273530e-01 1.266190e+02 -5.207611e-02 9.968084e-01 -6.050544e-02 -1.005780e+01 -7.298576e-01 3.363564e-03 6.835909e-01 9.097676e+01
6.897845e-01 7.018655e-02 7.206047e-01 1.279271e+02 -4.896896e-02 9.975336e-01 -5.028476e-02 -1.014276e+01 -7.223569e-01 -6.016191e-04 6.915202e-01 9.221818e+01
6.945548e-01 6.746366e-02 7.162696e-01 1.285815e+02 -4.338405e-02 9.977092e-01 -5.190300e-02 -1.018420e+01 -7.181305e-01 4.974799e-03 6.958906e-01 9.284078e+01
7.000786e-01 6.446784e-02 7.111496e-01 1.292245e+02 -3.261729e-02 9.977637e-01 -5.834077e-02 -1.023342e+01 -7.133204e-01 1.764735e-02 7.006158e-01 9.346390e+01
7.055871e-01 6.626764e-02 7.055178e-01 1.298788e+02 -2.683090e-02 9.974021e-01 -6.685014e-02 -1.028691e+01 -7.081151e-01 2.823891e-02 7.055321e-01 9.410638e+01
7.170970e-01 6.227613e-02 6.941855e-01 1.311491e+02 -2.167839e-02 9.975111e-01 -6.709393e-02 -1.039963e+01 -6.966362e-01 3.306402e-02 7.166622e-01 9.540323e+01
7.284913e-01 5.352637e-02 6.829607e-01 1.324272e+02 -1.289581e-02 9.978376e-01 -6.444902e-02 -1.050523e+01 -6.849337e-01 3.814321e-02 7.276063e-01 9.674200e+01
7.331185e-01 5.473772e-02 6.778946e-01 1.330590e+02 -1.046941e-02 9.975460e-01 -6.922623e-02 -1.055248e+01 -6.800204e-01 4.365387e-02 7.318924e-01 9.741926e+01
7.367498e-01 5.740409e-02 6.737244e-01 1.336847e+02 -1.154373e-02 9.973123e-01 -7.235151e-02 -1.060432e+01 -6.760670e-01 4.552765e-02 7.354323e-01 9.810439e+01
7.399405e-01 5.339135e-02 6.705501e-01 1.343191e+02 -9.169455e-03 9.975529e-01 -6.931005e-02 -1.066004e+01 -6.726099e-01 4.513673e-02 7.386194e-01 9.879631e+01
7.423894e-01 4.822207e-02 6.682309e-01 1.349539e+02 -5.940312e-03 9.978408e-01 -6.540843e-02 -1.071551e+01 -6.699423e-01 4.458902e-02 7.410729e-01 9.948856e+01
7.438086e-01 4.422238e-02 6.669281e-01 1.356011e+02 -2.810458e-03 9.980069e-01 -6.304099e-02 -1.077139e+01 -6.683868e-01 4.501605e-02 7.424504e-01 1.001963e+02
7.446767e-01 3.886854e-02 6.662926e-01 1.368528e+02 5.034860e-04 9.982697e-01 -5.879734e-02 -1.086978e+01 -6.674252e-01 4.412047e-02 7.433687e-01 1.015789e+02
7.439725e-01 4.142014e-02 6.669253e-01 1.381207e+02 -2.359997e-03 9.982335e-01 -5.936379e-02 -1.096869e+01 -6.682062e-01 4.259108e-02 7.427560e-01 1.029852e+02
7.425831e-01 4.566012e-02 6.681957e-01 1.387684e+02 -6.204824e-03 9.980995e-01 -6.130802e-02 -1.101807e+01 -6.697253e-01 4.138025e-02 7.414551e-01 1.037008e+02
7.406677e-01 4.907649e-02 6.700767e-01 1.393904e+02 -9.656987e-03 9.980032e-01 -6.241955e-02 -1.106529e+01 -6.718021e-01 3.976121e-02 7.396627e-01 1.043827e+02
7.386300e-01 5.214625e-02 6.720911e-01 1.400213e+02 -1.406987e-02 9.979789e-01 -6.196844e-02 -1.111507e+01 -6.739643e-01 3.631551e-02 7.378708e-01 1.050727e+02
7.361989e-01 5.306085e-02 6.746819e-01 1.406686e+02 -1.596371e-02 9.980058e-01 -6.106964e-02 -1.116410e+01 -6.765770e-01 3.418896e-02 7.355777e-01 1.057715e+02
7.313859e-01 5.166595e-02 6.800038e-01 1.419472e+02 -1.795340e-02 9.982391e-01 -5.653516e-02 -1.126171e+01 -6.817275e-01 2.914063e-02 7.310256e-01 1.071334e+02
7.287605e-01 4.794310e-02 6.830882e-01 1.425933e+02 -1.422739e-02 9.983907e-01 -5.489421e-02 -1.130940e+01 -6.846209e-01 3.028616e-02 7.282698e-01 1.078056e+02
7.223039e-01 6.290068e-02 6.887093e-01 1.438589e+02 -2.003347e-02 9.973403e-01 -7.007765e-02 -1.141070e+01 -6.912856e-01 3.682011e-02 7.216429e-01 1.091244e+02
7.189310e-01 6.814252e-02 6.917331e-01 1.444994e+02 -2.214004e-02 9.969229e-01 -7.519618e-02 -1.146260e+01 -6.947288e-01 3.874586e-02 7.182274e-01 1.097839e+02
7.151980e-01 6.636784e-02 6.957637e-01 1.451538e+02 -2.496307e-02 9.972717e-01 -6.946792e-02 -1.152141e+01 -6.984760e-01 3.231491e-02 7.149034e-01 1.104492e+02
7.079977e-01 6.419717e-02 7.032908e-01 1.464484e+02 -2.918610e-02 9.976687e-01 -6.168690e-02 -1.163357e+01 -7.056114e-01 2.314786e-02 7.082208e-01 1.117540e+02
7.017347e-01 6.235181e-02 7.097046e-01 1.477333e+02 -2.673815e-02 9.977659e-01 -6.122186e-02 -1.173221e+01 -7.119365e-01 2.398531e-02 7.018341e-01 1.130076e+02
6.988853e-01 6.118800e-02 7.126116e-01 1.483963e+02 -2.290297e-02 9.977374e-01 -6.320838e-02 -1.178416e+01 -7.148670e-01 2.785448e-02 6.987054e-01 1.136394e+02
6.916046e-01 6.120012e-02 7.196788e-01 1.497073e+02 -1.661558e-02 9.974881e-01 -6.885709e-02 -1.188352e+01 -7.220853e-01 3.566398e-02 6.908842e-01 1.148427e+02
6.834020e-01 6.347575e-02 7.272775e-01 1.510476e+02 -1.859951e-02 9.974033e-01 -6.957454e-02 -1.197578e+01 -7.298054e-01 3.402036e-02 6.828080e-01 1.160372e+02
6.782384e-01 6.333601e-02 7.321074e-01 1.517272e+02 -1.839537e-02 9.974298e-01 -6.924776e-02 -1.202409e+01 -7.346117e-01 3.349909e-02 6.776602e-01 1.166342e+02
6.725802e-01 6.631303e-02 7.370471e-01 1.524041e+02 -2.058202e-02 9.972679e-01 -7.094364e-02 -1.207204e+01 -7.397380e-01 3.254536e-02 6.721075e-01 1.172224e+02
6.661776e-01 7.294586e-02 7.422171e-01 1.530860e+02 -2.514374e-02 9.968361e-01 -7.540231e-02 -1.212501e+01 -7.453692e-01 3.156921e-02 6.659040e-01 1.178158e+02
6.599246e-01 7.911778e-02 7.471545e-01 1.537739e+02 -2.713381e-02 9.963010e-01 -8.153451e-02 -1.217933e+01 -7.508417e-01 3.353347e-02 6.596303e-01 1.183992e+02
6.534586e-01 8.079660e-02 7.526378e-01 1.544786e+02 -2.689334e-02 9.961374e-01 -8.358715e-02 -1.223831e+01 -7.564844e-01 3.437979e-02 6.531075e-01 1.189893e+02
6.469446e-01 7.608418e-02 7.587317e-01 1.551890e+02 -2.810513e-02 9.967128e-01 -7.598421e-02 -1.229900e+01 -7.620189e-01 2.783331e-02 6.469563e-01 1.195662e+02
6.397512e-01 7.181624e-02 7.652194e-01 1.559127e+02 -3.418701e-02 9.972984e-01 -6.501541e-02 -1.236503e+01 -7.678214e-01 1.543313e-02 6.404781e-01 1.201520e+02
6.324319e-01 6.652044e-02 7.717544e-01 1.566454e+02 -3.339659e-02 9.977209e-01 -5.862978e-02 -1.242646e+01 -7.738957e-01 1.130537e-02 6.332121e-01 1.207245e+02
6.251650e-01 6.886405e-02 7.774487e-01 1.573838e+02 -3.787701e-02 9.976031e-01 -5.790688e-02 -1.247643e+01 -7.795731e-01 6.753918e-03 6.262749e-01 1.212983e+02
6.172113e-01 6.988319e-02 7.836877e-01 1.581338e+02 -3.599040e-02 9.975127e-01 -6.060540e-02 -1.252578e+01 -7.859739e-01 9.201094e-03 6.181912e-01 1.218681e+02
6.108586e-01 7.059566e-02 7.885860e-01 1.589058e+02 -3.062857e-02 9.973783e-01 -6.556148e-02 -1.258374e+01 -7.911471e-01 1.589552e-02 6.114194e-01 1.224322e+02
6.038259e-01 7.815156e-02 7.932758e-01 1.596460e+02 -2.993338e-02 9.967033e-01 -7.540806e-02 -1.263933e+01 -7.965541e-01 2.178790e-02 6.041746e-01 1.229716e+02
5.891790e-01 7.493142e-02 8.045206e-01 1.611947e+02 -2.269531e-02 9.968324e-01 -7.622240e-02 -1.277762e+01 -8.076838e-01 2.664978e-02 5.890133e-01 1.240636e+02
5.691041e-01 6.805338e-02 8.194444e-01 1.634987e+02 -1.568329e-02 9.972862e-01 -7.193080e-02 -1.298726e+01 -8.221159e-01 2.808453e-02 5.686270e-01 1.256019e+02
5.624434e-01 6.760840e-02 8.240670e-01 1.642698e+02 -1.422680e-02 9.972951e-01 -7.211036e-02 -1.305527e+01 -8.267134e-01 2.883416e-02 5.618839e-01 1.261138e+02
5.573815e-01 6.199015e-02 8.279390e-01 1.650417e+02 -9.673814e-03 9.976259e-01 -6.818255e-02 -1.312226e+01 -8.302002e-01 2.999436e-02 5.566579e-01 1.266042e+02
5.479447e-01 5.798755e-02 8.345022e-01 1.665531e+02 -1.051015e-02 9.979929e-01 -6.244704e-02 -1.323954e+01 -8.364486e-01 2.544678e-02 5.474544e-01 1.275770e+02
5.433404e-01 6.094574e-02 8.372973e-01 1.672915e+02 -1.101350e-02 9.977929e-01 -6.548111e-02 -1.329978e+01 -8.394403e-01 2.635695e-02 5.428124e-01 1.280524e+02
5.395125e-01 6.452462e-02 8.395015e-01 1.680469e+02 -1.026839e-02 9.974892e-01 -7.006861e-02 -1.336429e+01 -8.419150e-01 2.918255e-02 5.388205e-01 1.285271e+02
5.330025e-01 7.208680e-02 8.430372e-01 1.694764e+02 -1.306140e-02 9.969463e-01 -7.698940e-02 -1.348459e+01 -8.460129e-01 3.002430e-02 5.323164e-01 1.294289e+02
5.280669e-01 5.862653e-02 8.471766e-01 1.709121e+02 -9.759284e-03 9.979671e-01 -6.297838e-02 -1.361181e+01 -8.491468e-01 2.498895e-02 5.275655e-01 1.303215e+02
5.255471e-01 5.374601e-02 8.490651e-01 1.716213e+02 -5.432773e-03 9.981941e-01 -5.982320e-02 -1.367121e+01 -8.507472e-01 2.682712e-02 5.248900e-01 1.307525e+02
5.230206e-01 5.247386e-02 8.507032e-01 1.723205e+02 4.771035e-04 9.980848e-01 -6.185813e-02 -1.372813e+01 -8.523200e-01 3.275894e-02 5.219938e-01 1.311750e+02
5.186716e-01 6.233329e-02 8.526982e-01 1.736861e+02 -2.165016e-04 9.973482e-01 -7.277570e-02 -1.384508e+01 -8.549736e-01 3.756207e-02 5.173097e-01 1.320073e+02
5.163968e-01 7.099758e-02 8.534012e-01 1.743545e+02 -2.460570e-03 9.966761e-01 -8.142826e-02 -1.390627e+01 -8.563459e-01 3.994943e-02 5.148550e-01 1.324182e+02
5.142678e-01 7.224068e-02 8.545816e-01 1.750350e+02 1.884135e-03 9.963484e-01 -8.535855e-02 -1.396378e+01 -8.576276e-01 4.550729e-02 5.122538e-01 1.328270e+02
5.080308e-01 5.800036e-02 8.593838e-01 1.763532e+02 -7.050528e-03 9.979768e-01 -6.318613e-02 -1.407865e+01 -8.613101e-01 2.604138e-02 5.074118e-01 1.336308e+02
5.023265e-01 5.713914e-02 8.627880e-01 1.776520e+02 -1.616384e-02 9.982603e-01 -5.670016e-02 -1.418089e+01 -8.645270e-01 1.453602e-02 5.023762e-01 1.344121e+02
5.000701e-01 6.042140e-02 8.638744e-01 1.782937e+02 -1.266980e-02 9.979666e-01 -6.246598e-02 -1.422293e+01 -8.658923e-01 2.029225e-02 4.998188e-01 1.347778e+02
4.975661e-01 6.193002e-02 8.652124e-01 1.789314e+02 -1.167629e-02 9.978358e-01 -6.470813e-02 -1.426465e+01 -8.673475e-01 2.209409e-02 4.972124e-01 1.351404e+02
4.949234e-01 6.121024e-02 8.667780e-01 1.795573e+02 -1.208720e-02 9.979042e-01 -6.356844e-02 -1.431261e+01 -8.688526e-01 2.098458e-02 4.946260e-01 1.355048e+02
4.921297e-01 6.017400e-02 8.684396e-01 1.801748e+02 -1.296951e-02 9.980041e-01 -6.180192e-02 -1.436322e+01 -8.704253e-01 1.915132e-02 4.919279e-01 1.358638e+02
4.828026e-01 6.205743e-02 8.735276e-01 1.819903e+02 -1.022615e-02 9.978174e-01 -6.523525e-02 -1.450312e+01 -8.756695e-01 2.256292e-02 4.823834e-01 1.368908e+02
4.736855e-01 6.600436e-02 8.782171e-01 1.831665e+02 -1.039294e-02 9.975370e-01 -6.936647e-02 -1.459096e+01 -8.806328e-01 2.373063e-02 4.732048e-01 1.375326e+02
4.685024e-01 6.864257e-02 8.807914e-01 1.837467e+02 -1.075481e-02 9.973462e-01 -7.200543e-02 -1.463103e+01 -8.833968e-01 2.426197e-02 4.679973e-01 1.378441e+02
4.626633e-01 7.179588e-02 8.836221e-01 1.843283e+02 -9.424215e-03 9.970572e-01 -7.607820e-02 -1.467151e+01 -8.864840e-01 2.687114e-02 4.619784e-01 1.381496e+02
4.359586e-01 8.053965e-02 8.963556e-01 1.867023e+02 -1.739722e-02 9.965556e-01 -8.108142e-02 -1.484501e+01 -8.997986e-01 1.975405e-02 4.358582e-01 1.393564e+02
4.295368e-01 8.152935e-02 8.993614e-01 1.873167e+02 -1.777900e-02 9.964866e-01 -8.184272e-02 -1.489366e+01 -9.028744e-01 1.916471e-02 4.294772e-01 1.396500e+02
4.225271e-01 8.476602e-02 9.023777e-01 1.879390e+02 -1.879476e-02 9.962223e-01 -8.478104e-02 -1.494259e+01 -9.061555e-01 1.886231e-02 4.225240e-01 1.399420e+02
4.148052e-01 9.003995e-02 9.054443e-01 1.885640e+02 -2.199096e-02 9.957932e-01 -8.894995e-02 -1.499292e+01 -9.096445e-01 1.698531e-02 4.150403e-01 1.402354e+02
3.922288e-01 9.906575e-02 9.145176e-01 1.904965e+02 -2.595899e-02 9.949799e-01 -9.664833e-02 -1.514579e+01 -9.195014e-01 1.416831e-02 3.928315e-01 1.410981e+02
3.847916e-01 1.008805e-01 9.174739e-01 1.911667e+02 -2.733209e-02 9.948186e-01 -9.792178e-02 -1.520551e+01 -9.225988e-01 1.260299e-02 3.855551e-01 1.413810e+02
3.707676e-01 1.006210e-01 9.232587e-01 1.925394e+02 -2.164634e-02 9.947797e-01 -9.972289e-02 -1.532526e+01 -9.284734e-01 1.698885e-02 3.710102e-01 1.419287e+02
3.633030e-01 9.808784e-02 9.264932e-01 1.932450e+02 -2.057046e-02 9.950445e-01 -9.727916e-02 -1.538822e+01 -9.314440e-01 1.628341e-02 3.635203e-01 1.422045e+02
3.558825e-01 9.574795e-02 9.296127e-01 1.939627e+02 -2.182126e-02 9.953177e-01 -9.416162e-02 -1.545199e+01 -9.342759e-01 1.322515e-02 3.563055e-01 1.424808e+02
3.436377e-01 8.776456e-02 9.349922e-01 1.954600e+02 -1.751161e-02 9.960491e-01 -8.705974e-02 -1.557305e+01 -9.389391e-01 1.354378e-02 3.438169e-01 1.430263e+02
3.326918e-01 7.692879e-02 9.398925e-01 1.969859e+02 -1.629127e-02 9.969872e-01 -7.583532e-02 -1.568196e+01 -9.428949e-01 9.917743e-03 3.329428e-01 1.435675e+02
3.280429e-01 7.676251e-02 9.415387e-01 1.977721e+02 -1.147022e-02 9.969431e-01 -7.728322e-02 -1.574033e+01 -9.445932e-01 1.455255e-02 3.279206e-01 1.438336e+02
3.186931e-01 9.624264e-02 9.429591e-01 1.993386e+02 -3.649873e-03 9.949489e-01 -1.003154e-01 -1.585428e+01 -9.478510e-01 2.852814e-02 3.174346e-01 1.443500e+02
3.107911e-01 9.763496e-02 9.454502e-01 2.009751e+02 8.425803e-03 9.943879e-01 -1.054584e-01 -1.600532e+01 -9.504409e-01 4.074171e-02 3.082243e-01 1.448679e+02
3.014416e-01 8.371634e-02 9.498023e-01 2.026924e+02 1.738545e-02 9.954898e-01 -9.326097e-02 -1.617598e+01 -9.533262e-01 4.462547e-02 2.986266e-01 1.453976e+02
2.966921e-01 9.037361e-02 9.506873e-01 2.035316e+02 1.415046e-02 9.949866e-01 -9.900089e-02 -1.626124e+01 -9.548684e-01 4.282544e-02 2.939259e-01 1.456544e+02
2.868469e-01 1.037087e-01 9.523462e-01 2.052495e+02 6.313512e-03 9.938965e-01 -1.101351e-01 -1.642655e+01 -9.579557e-01 3.760455e-02 2.844414e-01 1.461719e+02
2.756989e-01 9.513302e-02 9.565248e-01 2.069819e+02 5.180705e-04 9.950756e-01 -9.911651e-02 -1.660980e+01 -9.612439e-01 2.782186e-02 2.742920e-01 1.466776e+02
2.651747e-01 1.011309e-01 9.588820e-01 2.087471e+02 -1.566681e-03 9.945281e-01 -1.044571e-01 -1.678439e+01 -9.641991e-01 2.619712e-02 2.638821e-01 1.471708e+02
2.566684e-01 1.005347e-01 9.612565e-01 2.105492e+02 5.486179e-03 9.944076e-01 -1.054667e-01 -1.696319e+01 -9.664840e-01 3.234359e-02 2.546814e-01 1.476436e+02
2.493833e-01 9.838460e-02 9.633942e-01 2.123811e+02 9.511728e-03 9.945290e-01 -1.040264e-01 -1.714388e+01 -9.683582e-01 3.510598e-02 2.470831e-01 1.481148e+02
2.437899e-01 9.602031e-02 9.650629e-01 2.142272e+02 8.511665e-03 9.948364e-01 -1.011329e-01 -1.732239e+01 -9.697908e-01 3.286945e-02 2.417138e-01 1.485829e+02
2.384371e-01 9.451012e-02 9.665482e-01 2.160841e+02 4.124666e-03 9.951458e-01 -9.832395e-02 -1.750032e+01 -9.711492e-01 2.743076e-02 2.368899e-01 1.490489e+02
2.348880e-01 9.796276e-02 9.670733e-01 2.179343e+02 2.215985e-03 9.948519e-01 -1.013149e-01 -1.767768e+01 -9.720199e-01 2.594068e-02 2.334617e-01 1.495044e+02
2.315539e-01 9.596294e-02 9.680773e-01 2.197937e+02 2.582563e-03 9.950586e-01 -9.925526e-02 -1.785886e+01 -9.728187e-01 2.548306e-02 2.301619e-01 1.499499e+02
2.288692e-01 8.945903e-02 9.693378e-01 2.216448e+02 5.952827e-03 9.956211e-01 -9.329021e-02 -1.803413e+01 -9.734390e-01 2.712155e-02 2.273345e-01 1.503821e+02
2.252583e-01 9.769402e-02 9.693887e-01 2.235075e+02 4.753492e-03 9.948380e-01 -1.013634e-01 -1.820847e+01 -9.742875e-01 2.744092e-02 2.236312e-01 1.508144e+02
2.206324e-01 1.024896e-01 9.699572e-01 2.253277e+02 3.208701e-03 9.943821e-01 -1.058003e-01 -1.838635e+01 -9.753518e-01 2.645528e-02 2.190641e-01 1.512317e+02
2.177265e-01 9.880990e-02 9.709952e-01 2.262731e+02 1.781073e-03 9.948202e-01 -1.016338e-01 -1.848080e+01 -9.760082e-01 2.385777e-02 2.164227e-01 1.514464e+02
2.146834e-01 9.265815e-02 9.722784e-01 2.271676e+02 2.290800e-03 9.954391e-01 -9.537119e-02 -1.856752e+01 -9.766811e-01 2.270190e-02 2.134919e-01 1.516432e+02
2.109988e-01 8.885442e-02 9.734394e-01 2.281038e+02 3.055129e-03 9.957950e-01 -9.155725e-02 -1.865508e+01 -9.774816e-01 2.229244e-02 2.098401e-01 1.518450e+02
