1.000000000000000000e+00 0.000000000000000000e+00 0.000000000000000000e+00 0.000000000000000000e+00 0.000000000000000000e+00 1.000000000000000000e+00 0.000000000000000000e+00 0.000000000000000000e+00 0.000000000000000000e+00 0.000000000000000000e+00 1.000000000000000000e+00 0.000000000000000000e+00
9.999986015164517017e-01 -1.663044494760443793e-03 -1.767714604983104286e-04 1.904999999999999955e-04 1.663747493034551262e-03 9.999903982814805081e-01 4.054046019159188510e-03 4.249999999999999763e-04 1.700277042748362614e-04 -4.054334452716770038e-03 9.999917666974690311e-01 6.385970000000000535e-02
9.999914143917523202e-01 -4.058876937626952966e-03 -8.346620800377545397e-04 1.168000000000000066e-04 4.067004486811003766e-03 9.999419478110225246e-01 9.977999919954022232e-03 7.743000000000000100e-04 7.941141523182069367e-04 -9.981308827180098223e-03 9.999498701719049532e-01 1.265301000000000065e-01
9.999669869238072550e-01 -7.803241898292735158e-03 -2.265938745684466325e-03 2.148999999999999923e-04 7.825237916862393811e-03 9.999207077956865364e-01 9.866294791757726501e-03 1.388300000000000081e-03 2.188769989506530230e-03 -9.883700584806042605e-03 9.999487595615502711e-01 1.891381000000000034e-01
9.999405282417426211e-01 -1.034583411352373028e-02 -3.450173346407601777e-03 3.190000000000000019e-04 1.036933543998062174e-02 9.999226728965651123e-01 6.864773115123064956e-03 2.036200000000000163e-03 3.378884750620334953e-03 -6.900140859750851161e-03 9.999704851614159562e-01 2.511239000000000110e-01
9.999325822091215121e-01 -1.092341284477506107e-02 -3.938284959345872069e-03 -4.345999999999999928e-04 1.093857710856897987e-02 9.999327613423115713e-01 3.849717545447434077e-03 2.238299999999999925e-03 3.895968100266914216e-03 -3.892537239698336000e-03 9.999848346782060915e-01 3.123890999999999751e-01
9.999320754828789903e-01 -1.072591465181128509e-02 -4.560611295010699902e-03 -9.886000000000000690e-04 1.074089292460650089e-02 9.999369598034644202e-01 3.272558355031500357e-03 2.485400000000000022e-03 4.525222611569199548e-03 -3.321321105675945334e-03 9.999842454691117988e-01 3.737379000000000118e-01
9.999340214328769072e-01 -1.013003956002948326e-02 -5.416186812427025744e-03 -1.722400000000000016e-03 1.015755862720781923e-02 9.999355181052791419e-01 5.077758783351515523e-03 2.909800000000000147e-03 5.364399669087559393e-03 -5.132438995185931510e-03 9.999724402633058951e-01 4.347805000000000142e-01
9.999228957943693263e-01 -1.021322263010561449e-02 -7.063465842676351115e-03 -2.751700000000000153e-03 1.028014802370376748e-02 9.999019879819842638e-01 9.504366695713011709e-03 3.766100000000000090e-03 6.965703325113447621e-03 -9.576247343492005210e-03 9.999298847739289675e-01 5.569655999999999496e-01
9.999057374417787969e-01 -1.139136214296680022e-02 -7.665057047427617683e-03 -3.335100000000000130e-03 1.147138253554683129e-02 9.998793028379364678e-01 1.047793581987009441e-02 4.145499999999999879e-03 7.544773935360034496e-03 -1.056487694438266838e-02 9.999157263296813980e-01 6.179919999999999858e-01
9.998930201731159872e-01 -1.175273763210544879e-02 -8.707546568106927856e-03 -3.805300000000000175e-03 1.184549072552363615e-02 9.998728225710840078e-01 1.067815682621197845e-02 4.450700000000000142e-03 8.580941589149284829e-03 -1.078015964095784332e-02 9.999050732942398323e-01 6.782348000000000265e-01
9.998893287058474577e-01 -1.167085976321047269e-02 -9.226124460319081941e-03 -4.948000000000000141e-03 1.175305696787021237e-02 9.998912708358147494e-01 8.905737378204903534e-03 5.216600000000000056e-03 9.121183699488831162e-03 -9.013186935098666322e-03 9.999177798545204610e-01 7.384192000000000533e-01
9.998657430222032128e-01 -1.239190216394605616e-02 -1.072085311049239369e-02 -5.635799999999999838e-03 1.246591490819451940e-02 9.998987342350682539e-01 6.864564123818014951e-03 5.891500000000000035e-03 1.063470244808095190e-02 -6.997287750803509246e-03 9.999189672508334015e-01 7.983453000000000355e-01
9.998130289893530920e-01 -1.315753356295078398e-02 -1.416991085627411495e-02 -7.331100000000000116e-03 1.322914695588881841e-02 9.999001290406147602e-01 4.972083605633595763e-03 6.649300000000000349e-03 1.410307533676357500e-02 -5.158609803206324132e-03 9.998872396480233959e-01 9.183242000000000349e-01
9.998058983319457749e-01 -1.186618952945179585e-02 -1.572765738125469701e-02 -8.501599999999999782e-03 1.193020612984179059e-02 9.999209007614054956e-01 3.982763136194457897e-03 7.111300000000000086e-03 1.567915311330596653e-02 -4.169624269724153849e-03 9.998683805337075237e-01 9.779944999999999888e-01
9.997887193822142526e-01 -1.073149534678688108e-02 -1.753144613812136765e-02 -9.810100000000000417e-03 1.080891487957487754e-02 9.999322187714128063e-01 4.327264956703560927e-03 7.085199999999999831e-03 1.748381981141603619e-02 -4.515846598512991347e-03 9.998369482942209840e-01 1.037203700000000062e+00
9.997558937065462725e-01 -1.126027447493194687e-02 -1.900945074888026401e-02 -1.126440000000000080e-02 1.135986778790237621e-02 9.999222673925201033e-01 5.139316729192221905e-03 7.510000000000000182e-03 1.895010297772247929e-02 -5.354007036862496599e-03 9.998060953033758302e-01 1.096200099999999900e+00
9.997259879500277613e-01 -1.089497795822824341e-02 -2.071831249476583162e-02 -1.237150000000000055e-02 1.103699021653228515e-02 9.999162909242679254e-01 6.752480375012914759e-03 7.602900000000000109e-03 2.064301005912702949e-02 -6.979297926330748844e-03 9.997625495767253900e-01 1.155135000000000023e+00
9.996967056676936414e-01 -1.066443329323720456e-02 -2.219834542696357688e-02 -1.376830000000000068e-02 1.081940750890633164e-02 9.999178478866762587e-01 6.872983255764715874e-03 8.326800000000000521e-03 2.212322531451782481e-02 -7.111071664094992598e-03 9.997299613202912383e-01 1.214226199999999922e+00
9.996589197643127589e-01 -1.178448600285275129e-02 -2.330600835183759684e-02 -1.560450000000000031e-02 1.194814184117722229e-02 9.999048438418276508e-01 6.895300442585378976e-03 8.657400000000000859e-03 2.322253307006939133e-02 -7.171412085424703174e-03 9.997045987723126581e-01 1.272193099999999966e+00
9.996068087760238141e-01 -1.192174682064956609e-02 -2.537912136694671708e-02 -1.691240000000000104e-02 1.210134094084373835e-02 9.999027292778018827e-01 6.934661508424344242e-03 8.810099999999999529e-03 2.529397944269226248e-02 -7.239056260818459501e-03 9.996538454227070769e-01 1.329868700000000015e+00
9.995751863028957684e-01 -1.170113693007503002e-02 -2.669326360854012981e-02 -1.856750000000000067e-02 1.188940901431740325e-02 9.999054743131748912e-01 6.905388608554929690e-03 9.414799999999999211e-03 2.660993951179984468e-02 -7.219822233859115972e-03 9.996198203747712618e-01 1.387272099999999897e+00
9.995392243859518855e-01 -1.196257420712716450e-02 -2.789687674756309230e-02 -2.022399999999999892e-02 1.222037992882132017e-02 9.998840169908406184e-01 9.089272834262192985e-03 9.879600000000000534e-03 2.778491008308307461e-02 -9.425995151673458028e-03 9.995694820206726394e-01 1.444268300000000060e+00
9.994958589511864222e-01 -1.341525879881928958e-02 -2.877601033484052107e-02 -2.188920000000000102e-02 1.376640679636149424e-02 9.998327531388631062e-01 1.203959279537336613e-02 1.020040000000000009e-02 2.860968338425363966e-02 -1.242966540667993572e-02 9.995133763159604889e-01 1.500667699999999938e+00
9.994748230956559398e-01 -1.338044364312533825e-02 -2.951341603102500960e-02 -2.379300000000000165e-02 1.377976349899491006e-02 9.998156840529394129e-01 1.336847185225845287e-02 1.106129999999999960e-02 2.932910015358440592e-02 -1.376813893255024283e-02 9.994749832959877178e-01 1.556899699999999998e+00
9.994628050635284700e-01 -1.252075676359003936e-02 -3.028748825192084312e-02 -2.568849999999999953e-02 1.288935674480631843e-02 9.998448533995389909e-01 1.200556592416016088e-02 1.162030000000000007e-02 3.013247048033640060e-02 -1.238950283591936513e-02 9.994691263076765919e-01 1.611893500000000090e+00
9.994313336346993815e-01 -1.075526952938943119e-02 -3.195830919364270328e-02 -2.944269999999999873e-02 1.099987682470687268e-02 9.999114622548738174e-01 7.488014500615065329e-03 1.281569999999999931e-02 3.187494406281456139e-02 -7.835293783281649729e-03 9.994611528780507070e-01 1.718661299999999947e+00
9.994075467901134546e-01 -9.858111433453265599e-03 -3.297534014885562109e-02 -3.153609999999999747e-02 1.009999800791963956e-02 9.999232383874351315e-01 7.176863731773350588e-03 1.311299999999999966e-02 3.290205858616038898e-02 -7.505662645632456970e-03 9.994303975610521196e-01 1.770821699999999943e+00
9.993680526983742540e-01 -9.949848669705862667e-03 -3.412470889706511329e-02 -3.359619999999999967e-02 1.018484916509013009e-02 9.999255550363398415e-01 6.719615521153526547e-03 1.325570000000000047e-02 3.405530932679726869e-02 -7.062924091176188066e-03 9.993949924879244051e-01 1.822810599999999948e+00
9.993017082590929245e-01 -9.241805366086089032e-03 -3.620338249437744793e-02 -3.573400000000000187e-02 9.462041538880716987e-03 9.999377293015662138e-01 5.916695796148556397e-03 1.356180000000000059e-02 3.614644713350551042e-02 -6.255122125350431536e-03 9.993269273900416971e-01 1.874264500000000000e+00
9.992266493870270994e-01 -9.409201995903506213e-03 -3.817813605423374390e-02 -3.785589999999999788e-02 9.642224343158341607e-03 9.999359646970782389e-01 5.924020175511201386e-03 1.383419999999999962e-02 3.811995100326732999e-02 -6.287560983715748814e-03 9.992533892423806074e-01 1.925015200000000037e+00
9.990626511841314006e-01 -9.621172405932642419e-03 -4.220488183220052342e-02 -4.244839999999999725e-02 1.003358446854230035e-02 9.999038594086253617e-01 9.570743045791281836e-03 1.432210000000000080e-02 4.210874246100584223e-02 -9.985238167978556859e-03 9.990631355560475324e-01 2.024534899999999915e+00
9.989783619155259142e-01 -8.824467101858459936e-03 -4.432111466265960947e-02 -4.463790000000000119e-02 9.321410818116661681e-03 9.998958496686068953e-01 1.101821745358393112e-02 1.477080000000000060e-02 4.421926870643951707e-02 -1.142009614069783643e-02 9.989565744711853545e-01 2.073715200000000092e+00
9.989054329640157937e-01 -7.420853041827695645e-03 -4.618297235024716729e-02 -4.737190000000000151e-02 7.946291177565437472e-03 9.999056574009205223e-01 1.120414004528727699e-02 1.511599999999999923e-02 4.609547105186628801e-02 -1.155885970866767261e-02 9.988701618882915856e-01 2.121685300000000218e+00
9.988249435329662473e-01 -5.179052216812730057e-03 -4.818619713675643956e-02 -5.000059999999999921e-02 5.686403957132760666e-03 9.999297721330643318e-01 1.039786574034872943e-02 1.560459999999999972e-02 4.812896203330310763e-02 -1.065965384304481609e-02 9.987842483707596308e-01 2.169193499999999997e+00
9.987468810491284543e-01 -3.543859024894313939e-03 -4.992102420673763530e-02 -5.277779999999999971e-02 4.046066083056042151e-03 9.999421865948453503e-01 9.962570811338942664e-03 1.587879999999999847e-02 4.988283215585852248e-02 -1.015207028793015630e-02 9.987034787788512391e-01 2.216196500000000125e+00
9.986614673232648842e-01 -3.580894284067609977e-03 -5.159894262356407718e-02 -5.554400000000000309e-02 4.157194275995237422e-03 9.999301300183744967e-01 1.106584010314090594e-02 1.651669999999999874e-02 5.155571180281733751e-02 -1.126553494348941226e-02 9.986065773381135324e-01 2.262424000000000213e+00
9.986570859156442825e-01 3.543500181210358126e-03 -5.168624920556069008e-02 -6.370259999999999811e-02 -2.991411379106445265e-03 9.999376888582017786e-01 1.075499227703600319e-02 1.875519999999999965e-02 5.172113889344000931e-02 -1.058593441241318864e-02 9.986054585191198596e-01 2.396728500000000039e+00
9.987237404786508677e-01 5.230660884875386329e-03 -5.023475282152579935e-02 -6.604640000000000510e-02 -4.850849380545243714e-03 9.999587450627110963e-01 7.679676613967482621e-03 1.914729999999999904e-02 5.027285017402159661e-02 -7.426194133961882063e-03 9.987079113414817355e-01 2.440058200000000177e+00
9.989726263891710589e-01 7.070591233790242576e-03 -4.476269054387103236e-02 -7.061710000000000209e-02 -6.799381942085598075e-03 9.999576125197703336e-01 6.208185642089504575e-03 2.039339999999999903e-02 4.480468870918927898e-02 -5.897448886226532710e-03 9.989783581070748042e-01 2.525009900000000140e+00
9.990601087950815584e-01 1.144941502365947293e-02 -4.180681654916790918e-02 -7.260880000000000112e-02 -1.107386269706723582e-02 9.998963262088550463e-01 9.203607933918393075e-03 2.036460000000000006e-02 4.190785820495104147e-02 -8.731994597500822991e-03 9.990833216959549290e-01 2.566697099999999843e+00
9.991510404202803564e-01 1.613231895393160351e-02 -3.790707997511725408e-02 -7.483439999999999537e-02 -1.565069427997911253e-02 9.997934220738244893e-01 1.296799701057211804e-02 2.036450000000000066e-02 3.810845307311679780e-02 -1.236371558554293787e-02 9.991971198623892381e-01 2.607886999999999844e+00
9.993087918753961185e-01 3.355327652004824052e-02 -1.600362819192372582e-02 -8.017090000000000327e-02 -3.327188083897050092e-02 9.992924697993890160e-01 1.753686824021193774e-02 2.188690000000000080e-02 1.658072453101807481e-02 -1.699227580421132366e-02 9.997181313435402616e-01 2.760611100000000206e+00
9.992771986018409436e-01 3.692419257578175712e-02 -9.037939869433223375e-03 -8.076400000000000245e-02 -3.676708377347501916e-02 9.991797222685310231e-01 1.697245292158327742e-02 2.245590000000000086e-02 9.657220368779901795e-03 -1.662788651656228398e-02 9.998151086499649232e-01 2.795391099999999796e+00
9.987011569056386540e-01 4.911780064923072092e-02 1.354403391613073077e-02 -8.133360000000000589e-02 -4.930884217957070409e-02 9.986833185025875137e-01 1.415158745757862969e-02 2.333479999999999929e-02 -1.283110588566153260e-02 -1.480104739678034763e-02 9.998081274513170857e-01 2.891881199999999819e+00
9.980295589582006688e-01 5.058287794794839864e-02 3.712643134213747254e-02 -7.844289999999999596e-02 -5.106324386428585937e-02 9.986220465193309526e-01 1.210592134451601680e-02 2.418139999999999873e-02 -3.646292050502764059e-02 -1.397786335768421741e-02 9.992372464856371650e-01 2.975460800000000017e+00
9.969998208939787609e-01 5.556160679511402273e-02 5.389123293931415148e-02 -7.582289999999999863e-02 -5.632115916986250165e-02 9.983322042740629954e-01 1.267820724919447965e-02 2.495330000000000117e-02 -5.309693180530578038e-02 -1.567538706493888656e-02 9.984663229539727514e-01 3.023922699999999963e+00
9.953605089219367263e-01 6.407869387047161747e-02 7.177310269535266962e-02 -7.319749999999999868e-02 -6.510188995449346649e-02 9.978063919597272013e-01 1.200616877543977251e-02 2.532360000000000166e-02 -7.084632102668619869e-02 -1.662303089588980376e-02 9.973487221833785554e-01 3.066027599999999964e+00
9.912701870032848417e-01 6.196317182361021914e-02 1.163786135680882489e-01 -6.388580000000000647e-02 -6.269604958462252076e-02 9.980291659704992879e-01 2.643716836612226492e-03 2.510920000000000166e-02 -1.159854375555621625e-01 -9.917117009866817032e-03 9.932014040793828435e-01 3.136288400000000198e+00
9.543639036961882871e-01 6.909462920435886779e-02 2.905434073196029865e-01 -2.684579999999999952e-02 -6.893866739818065026e-02 9.975625966131111966e-01 -1.078545204755734961e-02 2.451959999999999903e-02 -2.905804526445913694e-01 -9.736429202705355543e-03 9.568010255467147562e-01 3.280089600000000161e+00
9.127177815126563676e-01 7.282552705156697392e-02 4.020481238860296735e-01 2.614599999999999910e-03 -7.227628642368497114e-02 9.972471929394413070e-01 -1.655821835845347478e-02 2.270869999999999833e-02 -4.021472239509011337e-01 -1.394556503216206993e-02 9.154688042115457502e-01 3.342307599999999823e+00
8.808633092938592535e-01 6.966554903120131259e-02 4.682163406140928963e-01 2.207790000000000100e-02 -6.610394145867459770e-02 9.975226681343514201e-01 -2.405816871153797915e-02 2.205359999999999959e-02 -4.687324388854468005e-01 -9.758987463153512287e-03 8.832862859233098218e-01 3.372012100000000068e+00
8.614773640391234499e-01 7.169286308597461188e-02 5.027095430074300930e-01 3.286809999999999732e-02 -6.586593259558592983e-02 9.973961745374199106e-01 -2.936920055831112458e-02 2.159490000000000021e-02 -5.035061371736367919e-01 -7.810531393974974937e-03 8.639563446308073935e-01 3.386870599999999953e+00
7.256779238205169902e-01 8.598792203571971327e-02 6.826401893703027968e-01 1.029254000000000002e-01 -7.359832551723145821e-02 9.961683660368481075e-01 -4.724270301894219204e-02 1.783749999999999919e-02 -6.840868639000484697e-01 -1.595818822596485262e-02 7.292259587178319125e-01 3.463344600000000106e+00
4.177216378586356971e-01 7.639919640136398626e-02 9.053572753636679460e-01 2.721257000000000259e-01 -5.708968791769029882e-02 9.966964498766307523e-01 -5.776637721704197537e-02 8.482399999999999315e-03 -9.067796870233472140e-01 -2.755629860025966479e-02 4.207032797700699378e-01 3.559612800000000021e+00
2.276645100962426949e-01 6.742928071453721528e-02 9.714021633417118107e-01 4.008650999999999742e-01 -3.373624832003018631e-02 9.975467832622290087e-01 -6.133743353343537597e-02 1.678599999999999927e-03 -9.731550423195303168e-01 -1.880710784516010856e-02 2.293808106677047709e-01 3.590843700000000194e+00
1.856620818138203788e-01 6.649338466104756651e-02 9.803612707430238160e-01 4.362164000000000041e-01 -2.463688726080155017e-02 9.977091204579070505e-01 -6.300424383490443869e-02 -1.291999999999999963e-04 -9.823047465846110882e-01 -1.245555102865809546e-02 1.868749423703340851e-01 3.594798799999999961e+00
1.470441475881348325e-01 6.816635193157968842e-02 9.867782765770731768e-01 4.726489999999999858e-01 -2.127947431152409433e-02 9.976096225547277374e-01 -6.574363056022058949e-02 -1.785099999999999968e-03 -9.889010074992865551e-01 -1.133090687251496129e-02 1.481432007091192382e-01 3.599180000000000046e+00
4.092230115035685317e-02 6.445917409755562433e-02 9.970809295855680432e-01 6.305338000000000331e-01 6.291880277788833298e-03 9.978804421602341934e-01 -6.476909291217150533e-02 -1.123960000000000063e-02 -9.991425211205504642e-01 8.924014161606118323e-03 4.042999455990536894e-02 3.604752299999999909e+00
2.493219167192726668e-02 6.623429221541572709e-02 9.974925585452539822e-01 6.726328000000000307e-01 9.167632239045656745e-03 9.977456250171897745e-01 -6.648023975729164259e-02 -1.350630000000000060e-02 -9.996471079023655504e-01 1.080214301795207749e-02 2.426877353011103189e-02 3.605322600000000044e+00
-9.313952251892401377e-03 6.992163211397381395e-02 9.975090053006879787e-01 8.038271000000000166e-01 1.577302763761580934e-02 9.974384397431048654e-01 -6.976940964336464379e-02 -2.101839999999999958e-02 -9.998322168707071134e-01 1.508390815931738918e-02 -1.039296983777027172e-02 3.604244200000000120e+00
-1.993515888308103334e-02 7.115166963878263862e-02 9.972662780561267759e-01 8.957121999999999584e-01 2.045470926200692457e-02 9.972847521618926070e-01 -7.074410204673764468e-02 -2.636230000000000170e-02 -9.995920139283391848e-01 1.898849686009921808e-02 -2.133641670198904716e-02 3.601193900000000170e+00
-2.618459851935805993e-02 6.183795386499006674e-02 9.977426693602772234e-01 9.915049999999999697e-01 1.621401651069916475e-02 9.979798657988786514e-01 -6.142713674462521589e-02 -3.154629999999999934e-02 -9.995256237180570880e-01 1.456897120058487857e-02 -2.713434372130130168e-02 3.599645100000000042e+00
-2.790512910613363734e-02 5.352862409850965564e-02 9.981763322037296993e-01 1.090125900000000092e+00 2.006480863386585559e-02 9.983940056603427537e-01 -5.297936311415812199e-02 -3.678479999999999944e-02 -9.994091790773468320e-01 1.854982112086064200e-02 -2.893435522571252694e-02 3.596317800000000009e+00
-2.731159640921793086e-02 5.581136121589472254e-02 9.980677174725214318e-01 1.139774899999999924e+00 2.346566589163115446e-02 9.982008297908500083e-01 -5.517667921432732603e-02 -3.943329999999999752e-02 -9.993515093428548823e-01 2.191336040153051001e-02 -2.857210895384343363e-02 3.594157000000000046e+00
-2.195752435020187701e-02 7.189713621181878511e-02 9.971703309510111524e-01 1.293345299999999920e+00 2.603731816161635251e-02 9.971136129436797280e-01 -7.131970937512450981e-02 -4.723340000000000177e-02 -9.994197942743383578e-01 2.439763691304213181e-02 -2.376615504658485811e-02 3.590146499999999907e+00
-1.982392174046909705e-02 6.760313467474715621e-02 9.975153273554124844e-01 1.346626199999999995e+00 2.544348051712136405e-02 9.974223787313949430e-01 -6.709118947358644336e-02 -5.029789999999999955e-02 -9.994796853493335131e-01 2.405025130749802176e-02 -2.149288221815692790e-02 3.589338999999999835e+00
-1.719892013419346138e-02 6.103869379372671433e-02 9.979872118450081597e-01 1.400698100000000057e+00 2.484923553091293591e-02 9.978526375683177685e-01 -6.060222101112055365e-02 -5.365770000000000262e-02 -9.995432520105105301e-01 2.375692652485070916e-02 -1.867875269781138492e-02 3.588463299999999911e+00
-5.644361212459775116e-03 7.117778460565432619e-02 9.974476749008612808e-01 1.614034399999999980e+00 2.644130326108858411e-02 9.971254305716985566e-01 -7.100516311550705839e-02 -6.606149999999999523e-02 -9.996344325143858844e-01 2.597303767054782650e-02 -7.510169492486729048e-03 3.587405700000000142e+00
-2.178803835740635540e-03 6.775382977563239317e-02 9.976996899691709109e-01 1.667803300000000100e+00 2.188701930934222953e-02 9.974662889752500261e-01 -6.769018203325645466e-02 -6.924399999999999999e-02 -9.997580763362693412e-01 2.168918875102395297e-02 -3.656212757022436755e-03 3.587887299999999779e+00
2.486757316060776973e-03 6.401686979642752517e-02 9.979457181728466075e-01 1.721681800000000040e+00 2.613374700998442532e-02 9.976037972181749369e-01 -6.406005809470111112e-02 -7.294440000000000646e-02 -9.996553622650505844e-01 2.623936274656066964e-02 8.077978616313208349e-04 3.587897299999999845e+00
1.649663098737260900e-02 6.993329668079467654e-02 9.974152571428925862e-01 1.936912399999999979e+00 2.609631473422397568e-02 9.971810627311739061e-01 -7.034849314391214414e-02 -8.642859999999999432e-02 -9.995233081441167178e-01 2.718937560303069309e-02 1.462512669888837991e-02 3.590157500000000113e+00
2.370132367311819990e-02 6.705109802033272504e-02 9.974679932260530624e-01 2.043916700000000031e+00 3.467433593180523077e-02 9.970928222115019723e-01 -6.784979235038580969e-02 -9.386400000000000299e-02 -9.991175795089535239e-01 3.619467016799414461e-02 2.130746741402433919e-02 3.591800699999999846e+00
2.976885212833390443e-02 6.781331199461781978e-02 9.972538143117235521e-01 2.151967299999999916e+00 3.784254744677341409e-02 9.969042527608504844e-01 -6.891917316733531251e-02 -1.007808000000000037e-01 -9.988402059617442763e-01 3.979026945939258958e-02 2.711046680986584079e-02 3.594986700000000202e+00
4.310779432028393615e-02 6.768749079932931401e-02 9.967748600652661661e-01 2.368513800000000113e+00 3.676102216996207650e-02 9.969192163787379268e-01 -6.928710748633291894e-02 -1.139883000000000007e-01 -9.983938828527845200e-01 3.962927710788833463e-02 4.048672718369006329e-02 3.603226199999999935e+00
4.870222248906715817e-02 6.740279801487614186e-02 9.965364801874495582e-01 2.477711199999999891e+00 3.633654892209774168e-02 9.969404159907578888e-01 -6.920594032745082391e-02 -1.209485000000000005e-01 -9.981521671253622552e-01 3.958117966837896434e-02 4.610402888037123947e-02 3.608193599999999890e+00
5.113836483757067813e-02 6.779295646855229562e-02 9.963879679597662520e-01 2.532200599999999913e+00 3.483863097737044390e-02 9.969650384919661601e-01 -6.962026871777494963e-02 -1.242970000000000047e-01 -9.980837326764533390e-01 3.827305942782159576e-02 4.862134807543205817e-02 3.611232499999999845e+00
5.711035498967412943e-02 6.982503440707726883e-02 9.959231255086927748e-01 2.642469199999999852e+00 3.013724089481022508e-02 9.969760840040834404e-01 -7.162705239733642426e-02 -1.314501999999999893e-01 -9.979128990368854035e-01 3.410502153544366089e-02 5.483332419127384671e-02 3.618273499999999920e+00
6.386562587770901189e-02 7.537749505728126576e-02 9.951077404332350218e-01 2.753240100000000190e+00 2.934982414930281669e-02 9.965702040675703532e-01 -7.737193410485661282e-02 -1.391191999999999984e-01 -9.975268265333289142e-01 3.414764418830106008e-02 6.143426358910542007e-02 3.625741200000000219e+00
6.944954912742934416e-02 7.716003469979744456e-02 9.945969481006479151e-01 2.865497400000000194e+00 1.959437973368940988e-02 9.967063988658986240e-01 -7.869189756654981771e-02 -1.465151000000000092e-01 -9.973930120112376452e-01 2.495362708903142018e-02 6.770890699348797170e-02 3.634770200000000173e+00
7.718837928054672615e-02 7.899303976930500959e-02 9.938823138440724403e-01 2.979090199999999911e+00 2.089597712429739837e-02 9.965092717719548077e-01 -8.082468318867166990e-02 -1.547808999999999990e-01 -9.967975282092462752e-01 2.700686839552671886e-02 7.526829887411690123e-02 3.643437399999999826e+00
8.468250903104740379e-02 7.791569691655661489e-02 9.933569433180673425e-01 3.093581400000000148e+00 1.553892628801620268e-02 9.967134553340626368e-01 -7.950364599091841455e-02 -1.629863000000000006e-01 -9.962868133394231496e-01 2.216826853953569876e-02 8.319346991162746008e-02 3.654588200000000064e+00
8.989770144590769618e-02 7.798312440955773583e-02 9.928932649494938145e-01 3.151772300000000193e+00 1.620927244537878620e-02 9.966832256709285964e-01 -7.974839906220246299e-02 -1.673484000000000083e-01 -9.958190913823322665e-01 2.326327521043098506e-02 8.833548134781299410e-02 3.659398799999999952e+00
1.003300605260366157e-01 8.991631147340888031e-02 9.908829072528494430e-01 3.266577999999999982e+00 1.069572156062043033e-02 9.957530340126828916e-01 -9.144122043605111549e-02 -1.765160000000000062e-01 -9.948967185065692442e-01 1.977251085607822922e-02 9.894224234019943776e-02 3.672859199999999991e+00
1.148173895114476400e-01 9.780106526623941199e-02 9.885605285962844047e-01 3.382615599999999834e+00 4.513320796286822423e-03 9.950801549112985311e-01 -9.897027451258147424e-02 -1.862155000000000060e-01 -9.933763622118085834e-01 1.582519935086786761e-02 1.138110981597970639e-01 3.686994299999999836e+00
1.295587740409877009e-01 9.436451897888242790e-02 9.870713558942334487e-01 3.501008000000000120e+00 1.076420287385963792e-03 9.954473875057561205e-01 -9.530655815488245364e-02 -1.969673999999999869e-01 -9.915711600224974553e-01 1.341030446519479030e-02 1.288673672649115476e-01 3.703071399999999791e+00
1.443484836677229322e-01 8.524469449727758996e-02 9.858482932596146497e-01 3.619548599999999894e+00 -1.676073861632744466e-03 9.963020778033627733e-01 -8.590320448686625254e-02 -2.074678000000000078e-01 -9.895254953962731026e-01 1.074764275400979380e-02 1.439575706102068642e-01 3.720860200000000173e+00
1.590209970318242627e-01 7.524705227249429973e-02 9.844034760337372347e-01 3.737202200000000030e+00 -4.255713526227181132e-03 9.971342428444375239e-01 -7.553271244588602440e-02 -2.167943999999999982e-01 -9.872660286900318827e-01 7.821948053441031556e-03 1.588855113698603994e-01 3.740297800000000006e+00
1.720113830211366657e-01 8.362072892006430780e-02 9.815394326291903004e-01 3.851692200000000010e+00 -4.018118503304572708e-03 9.964419423891811567e-01 -8.418616377629409286e-02 -2.256348999999999994e-01 -9.850867671605628706e-01 1.053703670643383467e-02 1.717353546087643235e-01 3.760514000000000134e+00
1.821712456826324322e-01 9.046459564135203579e-02 9.790964172040893532e-01 3.964564100000000035e+00 -6.774204726352768546e-03 9.958504657345919053e-01 -9.075219031253131674e-02 -2.346846999999999961e-01 -9.832434832719528783e-01 9.899839980682140217e-03 1.820281455478615085e-01 3.782010300000000047e+00
1.922564025485074268e-01 8.682612486717047884e-02 9.774961379563895658e-01 4.075291599999999903e+00 -5.751688297221266288e-03 9.961608370448435945e-01 -8.735276080266830834e-02 -2.445405999999999969e-01 -9.813278727116834244e-01 1.117187444733853952e-02 1.920176956962431625e-01 3.804716599999999893e+00
1.998854604405395641e-01 7.399307373406997790e-02 9.770214059803694617e-01 4.183590899999999557e+00 -6.648166118308485029e-03 9.972239757761232060e-01 -7.416295587775245668e-02 -2.534077000000000135e-01 -9.797967159527207759e-01 8.328695975155162023e-03 1.998224918061441979e-01 3.827862500000000168e+00
2.063812723775464986e-01 7.088352635411525327e-02 9.759007614011940834e-01 4.290065300000000192e+00 -1.199282728737946155e-02 9.974808762569492560e-01 -6.991475949557385272e-02 -2.612483999999999917e-01 -9.783981513195330049e-01 2.725287741560049326e-03 2.067114663032645350e-01 3.851293800000000100e+00
2.082959097771647783e-01 7.273051084891679618e-02 9.753579275126434966e-01 4.341560399999999653e+00 -1.390478400171454854e-02 9.973507686177419673e-01 -7.140098962525051607e-02 -2.651815000000000144e-01 -9.779670091327054005e-01 1.310392786558201017e-03 2.087553877598756769e-01 3.863187100000000207e+00
2.116904750872296015e-01 8.144703226385686945e-02 9.739371251229483883e-01 4.442227400000000159e+00 -1.936160297264412009e-02 9.966754512633654306e-01 -7.914021215094549366e-02 -2.727128999999999803e-01 -9.771449590964859100e-01 -2.103754828211130967e-03 2.125636448877137319e-01 3.886596899999999799e+00
2.150852979452045621e-01 8.900078236686162492e-02 9.725313235808443757e-01 4.540449599999999641e+00 -1.985921045932657891e-02 9.960313420070264767e-01 -8.675930785578002402e-02 -2.803861000000000270e-01 -9.763933256468699806e-01 -6.530526535992592363e-04 2.159991832264114286e-01 3.909554700000000160e+00
2.168192241901217843e-01 8.597295937702537083e-02 9.724186723204928384e-01 4.637063000000000379e+00 -2.234085305838845459e-02 9.962905761071149113e-01 -8.310219157625475805e-02 -2.886924000000000157e-01 -9.759561006040267106e-01 -3.706509963482894354e-03 2.179356590319110332e-01 3.932358699999999985e+00
2.175403079846029153e-01 8.322051158887867894e-02 9.724970749842124507e-01 4.684453999999999674e+00 -2.213995798847844323e-02 9.965228970735218184e-01 -8.032395575706827162e-02 -2.927194000000000185e-01 -9.758002032497391509e-01 -4.057346310134407608e-03 2.186263965734401848e-01 3.943262600000000173e+00
2.174020895665741970e-01 8.212616318445957464e-02 9.726210077788197683e-01 4.731227900000000375e+00 -2.149228046777622303e-02 9.966152447818027449e-01 -7.934819310357246747e-02 -2.964844999999999842e-01 -9.758454864026282483e-01 -3.653380503984851591e-03 2.184313152423694726e-01 3.953847899999999971e+00
2.157062698713909654e-01 8.129934358858315058e-02 9.730679430904279892e-01 4.776656599999999919e+00 -2.171158639228977505e-02 9.966808687150838786e-01 -7.845924390201491905e-02 -3.000775999999999999e-01 -9.762168878658580295e-01 -4.202697872942202928e-03 2.167554501646682397e-01 3.964661599999999897e+00
2.121376676784103299e-01 8.500429361232318681e-02 9.735357620649763843e-01 4.866668699999999959e+00 -2.352571025628964405e-02 9.963652103253197723e-01 -8.187129295619094416e-02 -3.076529000000000069e-01 -9.769565757539592221e-01 -5.535135124934566220e-03 2.133663782563861577e-01 3.984881899999999977e+00
2.081765894696504804e-01 8.947904307161300141e-02 9.739897373421205762e-01 4.953317199999999865e+00 -2.000888848029989259e-02 9.959878163805159224e-01 -8.722335698283201211e-02 -3.150006000000000195e-01 -9.778865741887284857e-01 -1.330591056655276716e-03 2.091317229615641260e-01 4.003169999999999895e+00
2.033514343983481854e-01 8.560212608208735141e-02 9.753565861459904118e-01 5.038150800000000373e+00 -2.105059779497983619e-02 9.963227418509355005e-01 -8.305339489213015014e-02 -3.218662999999999941e-01 -9.788794953724427872e-01 -3.642812218676738656e-03 2.044056346056321027e-01 4.021630299999999991e+00
1.996364981107343339e-01 8.046968852877248168e-02 9.765602376966642240e-01 5.119131999999999572e+00 -1.705977216616820502e-02 9.967565947382549529e-01 -7.864639228494038625e-02 -3.293340000000000156e-01 -9.797215077743886003e-01 -9.592048168355765680e-04 2.003617905949089950e-01 4.038126000000000104e+00
1.951854583037252733e-01 8.418723566985714113e-02 9.771464302841375016e-01 5.198880700000000132e+00 -9.608332053176474319e-03 9.964254150503093488e-01 -8.392897114211902987e-02 -3.349793999999999827e-01 -9.807192854338699917e-01 6.992967330588593933e-03 1.952966502170293550e-01 4.053740999999999595e+00
1.923303903344876498e-01 8.849969529314584415e-02 9.773314815797168320e-01 5.276967499999999589e+00 -1.092944217070639101e-02 9.960565833162257077e-01 -8.804447811330340379e-02 -3.415422000000000180e-01 -9.812693657949488335e-01 6.251940932791605343e-03 1.925392037662774225e-01 4.069206699999999621e+00
1.958151483186250374e-01 8.259761610178445457e-02 9.771561090753397849e-01 5.435217899999999602e+00 4.526737929284575801e-03 9.963597405635470361e-01 -8.512799790821377888e-02 -3.541863000000000095e-01 -9.806303770191266977e-01 2.109268115824797230e-02 1.947284326154813394e-01 4.099825400000000286e+00
2.042988805748242875e-01 8.313413925778431746e-02 9.753720737676165875e-01 5.515432800000000135e+00 7.823315372577285820e-04 9.963731336124035387e-01 -8.508799311750817052e-02 -3.608070999999999917e-01 -9.789082466468650434e-01 1.814644607813415550e-02 2.034928773728796880e-01 4.117813100000000226e+00
2.107915489988933244e-01 8.239859435330046389e-02 9.740520491838448036e-01 5.555882500000000057e+00 1.928620249345334992e-03 9.964040539727465617e-01 -8.470679813692549853e-02 -3.634975999999999763e-01 -9.775291316858955026e-01 1.973405369599137010e-02 2.098746383681048266e-01 4.126918299999999817e+00
2.269685789592938152e-01 8.035225650787559959e-02 9.705816704632800329e-01 5.639071500000000015e+00 3.034528527913055163e-04 9.965847279477880738e-01 -8.257595253825004977e-02 -3.698141999999999818e-01 -9.739020341294931660e-01 1.903667238058572020e-02 2.261690363933783754e-01 4.146632699999999616e+00
2.453851901602843721e-01 8.009523140037722033e-02 9.661112059990406564e-01 5.723686700000000016e+00 -4.651924605703620930e-03 9.966668273696339675e-01 -8.144688341742191418e-02 -3.760958999999999830e-01 -9.694144975434726419e-01 1.549158248431363460e-02 2.449398759382959145e-01 4.169539900000000188e+00
2.641478763576914912e-01 8.658656426902272552e-02 9.605876671620389162e-01 5.809204099999999649e+00 -1.382853542714648082e-02 9.961996847139933386e-01 -8.599395201803702871e-02 -3.821862999999999788e-01 -9.643830520201305267e-01 9.431599218939455687e-03 2.643413965169122415e-01 4.194827599999999990e+00
2.748302563269443000e-01 8.906664117318900675e-02 9.573585867570166830e-01 5.852496600000000271e+00 -1.791050642206323817e-02 9.960017243504695195e-01 -8.752016253753587549e-02 -3.859057000000000182e-01 -9.613259301438670246e-01 6.906411587637870109e-03 2.753266378540421000e-01 4.208217099999999711e+00
2.946603275402943645e-01 9.158728116002536057e-02 9.512029548437919146e-01 5.941542600000000007e+00 -2.255991614062217987e-02 9.957858011651141705e-01 -8.889144155474021369e-02 -3.930351999999999735e-01 -9.553357219101432651e-01 4.733722390060708662e-03 2.954847717138047170e-01 4.237330400000000274e+00
3.151014000820730465e-01 9.321145261941340965e-02 9.444695510003994210e-01 6.032798800000000128e+00 -2.734368119719626095e-02 9.956437643659737935e-01 -8.913931555570431264e-02 -3.998433000000000126e-01 -9.486640241755260883e-01 2.262648830946130396e-03 3.162774883790567815e-01 4.269097799999999943e+00
3.365471947937467845e-01 8.108388275146628799e-02 9.381691689852136307e-01 6.128702599999999556e+00 -2.341183761311359593e-02 9.966984307539242804e-01 -7.774396434606249684e-02 -4.072257000000000238e-01 -9.413755209989460582e-01 4.200248874900863738e-03 3.373343836215807467e-01 4.303551200000000243e+00
3.574660242080915373e-01 7.357825366916671828e-02 9.310232446742969792e-01 6.226386500000000268e+00 -2.273386153043968280e-02 9.972818694495712011e-01 -7.008597867678911797e-02 -4.142756000000000216e-01 -9.336494058675208763e-01 3.887602624278764518e-03 3.581671027175176159e-01 4.341461699999999979e+00
3.671619815394168707e-01 7.096409701223729827e-02 9.274460503162900160e-01 6.276446299999999923e+00 -1.636338092082549947e-02 9.974239554325075030e-01 -6.984048177247342837e-02 -4.173411000000000204e-01 -9.300130746806136717e-01 1.046661667440830848e-02 3.673773684625961655e-01 4.360928499999999985e+00
3.759333894298487189e-01 6.566528437062149615e-02 9.243171301779009585e-01 6.327871299999999977e+00 -9.701789843667422975e-03 9.977102751855471130e-01 -6.693341514527212377e-02 -4.201020999999999783e-01 -9.265959000479198071e-01 1.619497507578952430e-02 3.757096762084782826e-01 4.381226100000000123e+00
3.830162191974338382e-01 5.596324522867583695e-02 9.220448421932515570e-01 6.379407399999999839e+00 2.705910044706709427e-04 9.981563094199134012e-01 -6.069521188468226386e-02 -4.231512000000000051e-01 -9.237415778301912850e-01 2.349674761947421336e-02 3.822949126513393026e-01 4.402047200000000160e+00
3.974107848285636790e-01 5.127603201644465036e-02 9.162070926611479704e-01 6.483015499999999598e+00 7.748241595375186114e-03 9.982145008952331144e-01 -5.922647173908275609e-02 -4.299277000000000237e-01 -9.176081041785347781e-01 3.063623252179049905e-02 3.963039091439120032e-01 4.445889499999999828e+00
4.050114396860437505e-01 5.757136369080713412e-02 9.124972722185085150e-01 6.534442399999999651e+00 9.821904176277099913e-03 9.976840732632262787e-01 -6.730542441177687907e-02 -4.327676999999999774e-01 -9.142588604557191356e-01 3.622192760853838733e-02 4.035080024467069260e-01 4.468326099999999634e+00
4.174291897592809497e-01 6.349985999259447067e-02 9.064880800748740253e-01 6.636386899999999756e+00 1.201969619654575175e-02 9.970823608596771637e-01 -7.538098278634594585e-02 -4.398587999999999942e-01 -9.086299568252484971e-01 4.236193389605271559e-02 4.154480329912918490e-01 4.515174400000000254e+00
4.251178949372480531e-01 6.922380223201801686e-02 9.024870307149378545e-01 6.735448400000000113e+00 -2.050422647221807060e-03 9.971423058426495123e-01 -7.551832668810815052e-02 -4.479348000000000218e-01 -9.051356645117297761e-01 3.025371222423006365e-02 4.240449760645240707e-01 4.564772099999999888e+00
4.335797572155592472e-01 7.672719163818024490e-02 8.978427101648788211e-01 6.834276700000000204e+00 -6.262990346600438851e-03 9.966009301322374947e-01 -8.214232168302500192e-02 -4.558017999999999792e-01 -9.010934297201457222e-01 2.999206766592013920e-02 4.325865309880877474e-01 4.612648499999999707e+00
4.408063972748827442e-01 7.780710716662558868e-02 8.942235594055323311e-01 6.930275899999999822e+00 -1.003028656929829537e-02 9.966007029840223685e-01 -8.177060696295587738e-02 -4.645404000000000200e-01 -8.975461623074749706e-01 2.707568810046560512e-02 4.400883929860117671e-01 4.661730300000000327e+00
4.483564454851155512e-01 7.180533401684925654e-02 8.909660441333783210e-01 7.024081699999999984e+00 -9.220403073013749840e-03 9.970866451332237590e-01 -7.571793885298186422e-02 -4.728421999999999903e-01 -8.938072957629757953e-01 2.573355987230396130e-02 4.477122981750387698e-01 4.708890399999999588e+00
4.552453124760240111e-01 7.252378722137542422e-02 8.874074632071088375e-01 7.114137200000000050e+00 -1.222977968491579387e-02 9.970924244835852601e-01 -7.521389184389021265e-02 -4.805844000000000227e-01 -8.902820552821818501e-01 2.338797392923672863e-02 4.548086022911392856e-01 4.756005799999999617e+00
4.600968527228229132e-01 7.157954449483902581e-02 8.849786748416395010e-01 7.201955299999999838e+00 -9.753976967669227005e-03 9.970922948712368505e-01 -7.557655351843327318e-02 -4.876031000000000115e-01 -8.878151530852957940e-01 2.614047280218535427e-02 4.594572119727918791e-01 4.801852700000000418e+00
4.636150260146511548e-01 7.017098484158784677e-02 8.832537237622020143e-01 7.287020199999999726e+00 -9.025836780596159514e-03 9.971813268165732325e-01 -7.448446629162744359e-02 -4.949183999999999806e-01 -8.859907685319552417e-01 2.656001383094886564e-02 4.629415986293038410e-01 4.846902400000000277e+00
4.680962303400987845e-01 7.147999752370400028e-02 8.807817715503657441e-01 7.369790599999999969e+00 -8.382262676230572973e-03 9.970374187237102115e-01 -7.645994596641814134e-02 -5.017133000000000287e-01 -8.836377407138155116e-01 2.840766830931710368e-02 4.673086213279313839e-01 4.891252999999999851e+00
