1.000000000000000000e+00 0.000000000000000000e+00 0.000000000000000000e+00 0.000000000000000000e+00 0.000000000000000000e+00 1.000000000000000000e+00 0.000000000000000000e+00 0.000000000000000000e+00 0.000000000000000000e+00 0.000000000000000000e+00 1.000000000000000000e+00 0.000000000000000000e+00
9.999997933765808478e-01 -3.688964045134782420e-05 6.417834137564918957e-04 -3.418000000000000140e-04 3.631035171746437371e-05 9.999995919868021055e-01 9.026116483778396943e-04 -1.450600000000000023e-03 -6.418164489195646305e-04 -9.025881584956547098e-04 9.999993867029429717e-01 6.044290000000000079e-02
9.999983472158550102e-01 1.074419732801980189e-03 1.466692809058214864e-03 -5.372000000000000473e-04 -1.079576122152071070e-03 9.999932241309674730e-01 3.519404431049913060e-03 -1.883499999999999975e-03 -1.462901553371399009e-03 -3.520982020769261069e-03 9.999927312759101516e-01 8.973910000000000220e-02
9.999947346702826589e-01 6.282946785038462595e-04 3.183689291989885792e-03 -7.282999999999999760e-04 -6.532938237997369712e-04 9.999689174584014406e-01 7.857310242844623913e-03 -2.580999999999999961e-03 -3.178653628622097552e-03 -7.859348756066858802e-03 9.999640627533770143e-01 1.182041999999999954e-01
9.999917780583451599e-01 -1.405158120404544563e-04 4.052662213375634280e-03 -3.086000000000000201e-04 9.467995929495523185e-05 9.999360576453838467e-01 1.130803503323460531e-02 -2.990200000000000150e-03 -4.053992034336523394e-03 -1.130755835333693317e-02 9.999278495334907868e-01 1.456659999999999899e-01
9.999851712827475536e-01 -1.034735400656283709e-03 5.346637940295265699e-03 -3.770000000000000022e-04 9.616105824359740201e-04 9.999062176632403931e-01 1.366130240790317842e-02 -3.509400000000000193e-03 -5.360272353315946071e-03 -1.365595844468863070e-02 9.998923853491710201e-01 1.718586000000000003e-01
9.999783958684235197e-01 -4.363420879806418056e-04 6.558765279878838242e-03 -2.548000000000000135e-04 3.476358081516769819e-04 9.999085414777784120e-01 1.351990492298774625e-02 -3.795000000000000196e-03 -6.564064728442139604e-03 -1.351733277551434194e-02 9.998870910102183318e-01 1.971719000000000110e-01
9.999704520248805517e-01 4.891249253984557418e-04 7.671755598517309219e-03 -2.084999999999999994e-04 -5.736511142882806625e-04 9.999391187660220393e-01 1.101951386542329020e-02 -4.235599999999999955e-03 -7.665898613672341225e-03 -1.102358917224940255e-02 9.999098531768783049e-01 2.209614000000000023e-01
9.999161844501752716e-01 -5.185510884110909428e-03 1.186315942208961138e-02 1.113300000000000010e-03 5.135049435036021133e-03 9.999776555863559846e-01 4.280139637335170395e-03 -5.080600000000000220e-03 -1.188508905742327593e-02 -4.218862984989996991e-03 9.999204697640763362e-01 2.851736999999999744e-01
9.998802042398164946e-01 -7.053976105287031693e-03 1.377746676457566530e-02 1.424899999999999995e-03 7.012787393910808846e-03 9.999708025515469112e-01 3.035598356650982647e-03 -5.346300000000000011e-03 -1.379847753597305757e-02 -2.938616259591594546e-03 9.999004783238020222e-01 3.041614000000000262e-01
9.998704156165757473e-01 -2.588992292952522079e-03 1.588864669010907338e-02 1.399999999999999986e-03 2.568839580298549943e-03 9.999958702138607158e-01 1.288649849288999805e-03 -5.913800000000000306e-03 -1.589191737792432224e-02 -1.247667475897898176e-03 9.998729370714675158e-01 3.214623999999999815e-01
9.997418941759850242e-01 2.042490522329160497e-03 2.262682615568947439e-02 1.616199999999999928e-03 -2.084041647435324555e-03 9.999961850073593173e-01 1.812937158023262803e-03 -6.821200000000000353e-03 -2.262303692755136472e-02 -1.859624476441939763e-03 9.997423368033291347e-01 3.527391000000000276e-01
9.995847757361275843e-01 -6.797009065626084118e-03 2.800137111495377973e-02 3.179299999999999921e-03 6.743177918064205759e-03 9.999752314796849229e-01 2.016427215658357381e-03 -7.171000000000000291e-03 -2.801438323648947071e-02 -1.826771718774205990e-03 9.996058509417432569e-01 3.790765999999999858e-01
9.990724295071724548e-01 -2.575399865624056293e-03 4.298427519649410111e-02 5.261700000000000231e-03 2.596999848057124100e-03 9.999965280303546589e-01 -4.466755255618884988e-04 -8.991600000000000634e-03 -4.298297558830688203e-02 5.578913586786498529e-04 9.990756490710834825e-01 4.376694999999999891e-01
9.987876387695940883e-01 -4.765156629974197366e-03 4.899536634571362986e-02 6.948400000000000409e-03 5.073011829664001229e-03 9.999681532883134549e-01 -6.160922019963051277e-03 -9.449100000000000207e-03 -4.896444824599745921e-02 6.402006830033019763e-03 9.987800043635801650e-01 4.621275000000000244e-01
9.986794098400979536e-01 -3.702127085376571199e-03 5.124188342047343581e-02 7.421800000000000098e-03 4.236342820245321029e-03 9.999377664291129175e-01 -1.032069126880418887e-02 -9.812299999999999495e-03 -5.120048594440315681e-02 1.052414005039538879e-02 9.986329419337500735e-01 4.726538000000000128e-01
9.993047304601899716e-01 -5.275192083761392516e-03 3.690837341805589672e-02 8.277299999999999588e-03 5.980734828673441202e-03 9.998009900947952833e-01 -1.903184216980094434e-02 -1.064230000000000037e-02 -3.680063166300718419e-02 1.923934910402486098e-02 9.991374084455336702e-01 5.047392000000000545e-01
9.999352244962412817e-01 -8.007072580571593032e-03 -8.089103803325604219e-03 7.093900000000000206e-03 7.805068131406288703e-03 9.996643726549780951e-01 -2.470269126619701466e-02 -1.134800000000000045e-02 8.284185120796379309e-03 2.463795513061907416e-02 9.996621146386742707e-01 5.329030000000000156e-01
9.990133829061220716e-01 -8.430899469981345887e-03 -4.360253098838468011e-02 5.242700000000000311e-03 7.234568149249370923e-03 9.995950020270935044e-01 -2.752258974277004694e-02 -1.196999999999999974e-02 4.381691223899562837e-02 2.717999000334681003e-02 9.986697784279136014e-01 5.464852000000000043e-01
9.959894562658431205e-01 -7.153286198329607097e-03 -8.918426713179311571e-02 2.250300000000000217e-03 4.831264462624658244e-03 9.996443919119930577e-01 -2.622496144122996725e-02 -1.237289999999999918e-02 8.934014713980734101e-02 2.568891230602427661e-02 9.956698337770262253e-01 5.630319000000000296e-01
9.764229878990279277e-01 -4.489170709175986825e-03 -2.158193597633876748e-01 -9.108899999999999636e-03 1.003981932823992890e-03 9.998673656213115102e-01 -1.625555861165452892e-02 -1.366520000000000061e-02 2.158637086742772881e-01 1.565562237160340875e-02 9.762979876889762432e-01 6.023699999999999610e-01
9.549318237829002021e-01 1.007071928006169530e-03 -2.968235127694499043e-01 -1.848939999999999959e-02 -3.151241775601314014e-03 9.999722846130346676e-01 -6.745345140137144757e-03 -1.416270000000000029e-02 2.968084931431977380e-01 7.376707390136107156e-03 9.549085310050091646e-01 6.244233000000000144e-01
9.241994384500771265e-01 7.200192810249173535e-03 -3.818423171834906538e-01 -3.061629999999999907e-02 -6.700648942284135288e-03 9.999740710003254263e-01 2.637921679744063656e-03 -1.477840000000000056e-02 3.818514099388851668e-01 1.206255836601317997e-04 9.242237208474765042e-01 6.473754000000000453e-01
8.834289137843497342e-01 1.476429574008005299e-02 -4.683325419625496422e-01 -4.598370000000000235e-02 -8.198376467982586985e-03 9.998374939782137538e-01 1.605528756063059198e-02 -1.519410000000000031e-02 4.684934801180194452e-01 -1.034413875896703430e-02 8.834063945208016078e-01 6.709019999999999984e-01
8.307057458357415269e-01 2.301713160451255430e-02 -5.562357193566276337e-01 -6.472210000000000463e-02 -1.223825865520016855e-02 9.996585051909134823e-01 2.308891562107076925e-02 -1.532449999999999958e-02 5.565772083552944505e-01 -1.237273826479235936e-02 8.307037537457371279e-01 6.945107999999999837e-01
7.664665455052704912e-01 2.848405607220275831e-02 -6.416523148644386332e-01 -8.777980000000000504e-02 -1.511075351837346849e-02 9.995393241524138661e-01 2.632118160422722633e-02 -1.460660000000000083e-02 6.421064551531343589e-01 -1.047845516339862212e-02 7.665438684302841033e-01 7.179822000000000148e-01
6.907840316130067215e-01 3.352027504844144745e-02 -7.222837481413779681e-01 -1.151694000000000051e-01 -1.447242151094735828e-02 9.993657113974584449e-01 3.253803771989203369e-02 -1.388829999999999926e-02 7.229162957660382194e-01 -1.202356202331414554e-02 6.908309947246008553e-01 7.411309000000000369e-01
6.078592020317442612e-01 3.204592301007400112e-02 -7.933979136119297948e-01 -1.473954000000000097e-01 -6.590254082249290962e-03 9.993544816032685629e-01 3.531555819456460438e-02 -1.324129999999999925e-02 7.940174803217256994e-01 -1.623819318442457776e-02 6.076780085091468830e-01 7.634330000000000283e-01
5.166846791853580978e-01 3.370618310872666029e-02 -8.555120311926446286e-01 -1.844965000000000077e-01 -1.571483469971664271e-03 9.992604201319549295e-01 3.842060901928085609e-02 -1.204399999999999915e-02 8.561743238002569312e-01 -1.850691702985207687e-02 5.163555183080963396e-01 7.838526000000000105e-01
4.150727971307001662e-01 3.185395101471347190e-02 -9.092303882332843923e-01 -2.263917000000000013e-01 4.185486394267388249e-03 9.993094409597630401e-01 3.692049447568736958e-02 -1.056960000000000018e-02 9.097785745914992450e-01 -1.913026433267698417e-02 4.146528405797094141e-01 8.012091999999999548e-01
3.075081364376544557e-01 2.972170196835978787e-02 -9.510811566090167091e-01 -2.734217999999999926e-01 1.138481875931931023e-02 9.993255990549250178e-01 3.491035627622174342e-02 -9.086699999999999638e-03 9.514773417830075797e-01 -2.156310519427296832e-02 3.069623764696943757e-01 8.154128000000000487e-01
2.035638306346406190e-01 4.076445854121917012e-02 -9.782126689923784646e-01 -3.259967999999999755e-01 1.417987466194224437e-02 9.989052865497430878e-01 4.457756899548542817e-02 -7.319299999999999938e-03 9.789589868896055869e-01 -2.294531374413692759e-02 2.027629516584826819e-01 8.245865999999999474e-01
1.106777855401635119e-01 4.356895243045701138e-02 -9.929008883932163299e-01 -3.828431999999999946e-01 2.165577054640819774e-02 9.986957247266101678e-01 4.623718216795029423e-02 -5.859900000000000352e-03 9.936203779059521457e-01 -2.661946274633422357e-02 1.095899120043886121e-01 8.302207000000000336e-01
7.028940912198407276e-02 4.173580192156867152e-02 -9.966531602334115503e-01 -4.127932000000000268e-01 2.143269922243752623e-02 9.988305216976474110e-01 4.333853169231787622e-02 -4.844900000000000075e-03 9.972963643618296681e-01 -2.440720719724195215e-02 6.931269629373848495e-02 8.311271999999999549e-01
3.464787459806941555e-02 3.736646059019720773e-02 -9.987007922339889987e-01 -4.437659999999999938e-01 1.859587107815605794e-02 9.991036808887008291e-01 3.802668028494823188e-02 -3.524799999999999808e-03 9.992265600776835122e-01 -1.988925482792933824e-02 3.392195716211898748e-02 8.311714999999999520e-01
5.947914722187612122e-03 3.728180909984997460e-02 -9.992870903902939528e-01 -4.760266000000000219e-01 1.602394810385116691e-02 9.991729066970265194e-01 3.737292616025769676e-02 -2.175999999999999983e-03 9.998539170286939726e-01 -1.623481545498232925e-02 5.345593467520504127e-03 8.304884999999999629e-01
-1.532558602271204620e-02 4.159490599958236973e-02 -9.990170119712409313e-01 -5.097547000000000050e-01 1.514427773968676956e-02 9.990294014345475482e-01 4.136309854293772348e-02 -1.114699999999999936e-03 9.997678616883041158e-01 -1.449547737107874726e-02 -1.594063583991756072e-02 8.296236000000000166e-01
-2.805157831218180187e-02 4.775959367348541623e-02 -9.984648867968963781e-01 -5.439709000000000350e-01 1.644251442204188590e-02 9.987448670054305255e-01 4.731103835032363092e-02 -4.250000000000000305e-05 9.994712365414406552e-01 -1.509012400374564258e-02 -2.880165765845954517e-02 8.280963000000000074e-01
-3.613268427114559728e-02 5.024977926014431717e-02 -9.980828566865921347e-01 -5.796493999999999813e-01 1.619129731222256410e-02 9.986333726281894085e-01 4.969133691696182159e-02 1.226000000000000093e-03 9.992158280465280873e-01 -1.436477488701332766e-02 -3.689691347167822766e-02 8.267067999999999639e-01
-4.011803509983301319e-02 4.740180095784897463e-02 -9.980699437041877786e-01 -6.161716999999999889e-01 1.707033427571739981e-02 9.987608247767773006e-01 4.674846071184317331e-02 2.596699999999999963e-03 9.990491213886549815e-01 -1.516193118187603855e-02 -4.087748641235444680e-02 8.253517000000000214e-01
-3.942897581682502928e-02 4.354247601930662931e-02 -9.982732134281400160e-01 -6.532189999999999941e-01 2.473613447529498383e-02 9.987864627801051887e-01 4.258785529262633374e-02 3.942300000000000144e-03 9.989161523958138833e-01 -2.301422493401992023e-02 -4.045819982932985504e-02 8.241125999999999729e-01
-3.534069972177514285e-02 4.181701996867465826e-02 -9.985000609835307239e-01 -6.915862000000000398e-01 3.652428093592529484e-02 9.985107524460722361e-01 4.052473506011220611e-02 5.529700000000000240e-03 9.987076708653482848e-01 -3.503732424883710533e-02 -3.681540525639948047e-02 8.235371999999999693e-01
-2.958468434978026376e-02 4.199662457490166423e-02 -9.986796433172344667e-01 -7.310543000000000458e-01 3.703870715657303636e-02 9.984768754843340588e-01 4.089087056069416054e-02 6.837700000000000375e-03 9.988758084086797329e-01 -3.578005935373199803e-02 -3.109512387095314523e-02 8.223129999999999606e-01
-2.124068522566787548e-02 3.423366809523028381e-02 -9.991881150513599597e-01 -8.118585999999999858e-01 3.861585850404573167e-02 9.986959139870994484e-01 3.339591078960985754e-02 9.166799999999999254e-03 9.990283523319745118e-01 -3.787515484084089806e-02 -2.253494802840050326e-02 8.202992999999999535e-01
-1.902167022083350867e-02 2.359535707097660737e-02 -9.995406120747184486e-01 -8.533363000000000476e-01 3.659215066896057134e-02 9.990681464640341902e-01 2.288784022879850749e-02 1.017559999999999992e-02 9.991492333837973527e-01 -3.613997572788383433e-02 -1.986734967120740158e-02 8.191766000000000325e-01
-1.971714856541506231e-02 1.225613660562044870e-02 -9.997304742619150808e-01 -9.404860999999999915e-01 2.325186953065910833e-02 9.996600365594440207e-01 1.179668891257854360e-02 1.161180000000000025e-02 9.995351842810629162e-01 -2.301300548549270811e-02 -1.999542354505468023e-02 8.161713000000000440e-01
-2.775495360773260270e-02 2.688050957544208669e-02 -9.992532715759285811e-01 -1.032169499999999962e+00 9.239417965706079108e-03 9.996025719423282663e-01 2.663327471298594304e-02 1.243490000000000047e-02 9.995720562850318736e-01 -8.493313325608282255e-03 -2.799228327352820678e-02 8.122025999999999968e-01
-3.383979535451716453e-02 4.632217607188007791e-02 -9.983532061621932518e-01 -1.127054999999999918e+00 6.536185288695140622e-03 9.989142153835695037e-01 4.612665808943330892e-02 1.517920000000000033e-02 9.994058967868043597e-01 -4.964504868904755230e-03 -3.410582295107944528e-02 8.082787000000000166e-01
-3.640082255852713361e-02 5.464864275415864947e-02 -9.978419243358093160e-01 -1.225065599999999977e+00 9.404315509042165955e-03 9.984781806546842997e-01 5.434042331743425824e-02 1.892980000000000010e-02 9.992930195727723897e-01 -7.405984177670559693e-03 -3.685936016117319358e-02 8.046330000000000426e-01
-4.119394656571490065e-02 4.717564066653974486e-02 -9.980368318323942223e-01 -1.321887500000000104e+00 7.891103616204181437e-03 9.988689238840107176e-01 4.688926724226727405e-02 2.250160000000000007e-02 9.991200074315695900e-01 -5.944058083494095646e-03 -4.151962094529160208e-02 8.003438000000000496e-01
-5.110012629752273827e-02 3.762075253215156623e-02 -9.979846973131859533e-01 -1.420469200000000098e+00 8.322684793251499541e-03 9.992715763661751405e-01 3.724311459171724542e-02 2.522579999999999961e-02 9.986588556710488396e-01 -6.402784204876282512e-03 -5.137600942284614725e-02 7.948368000000000100e-01
-6.463684297611942131e-02 3.801139321991035130e-02 -9.971846431406581335e-01 -1.519950700000000099e+00 6.856842592816421098e-03 9.992676003091015557e-01 3.764633690210807127e-02 2.785970000000000113e-02 9.978852951315284603e-01 -4.404197767021660048e-03 -6.485014111234566059e-02 7.884250000000000425e-01
-7.718590639705545653e-02 4.571889679692998920e-02 -9.959679303719254362e-01 -1.622533900000000084e+00 2.953155998250342473e-03 9.989541758612405786e-01 4.562711254330806265e-02 3.106719999999999968e-02 9.970123443184216727e-01 5.805213702928559150e-04 -7.724019854728259027e-02 7.803719999999999546e-01
-8.442927592215460075e-02 4.892329275769648211e-02 -9.952277170542453977e-01 -1.724522200000000005e+00 -4.823602395593640929e-03 9.987621661707888343e-01 4.950624491680576111e-02 3.497410000000000102e-02 9.964177990317062417e-01 8.980359212094807253e-03 -8.408877999609598586e-02 7.707701999999999609e-01
-8.757583359305920467e-02 4.989738699733999028e-02 -9.949073947565768572e-01 -1.827165200000000045e+00 -1.049275339172436178e-02 9.986431041615655424e-01 5.100835849949414413e-02 3.856470000000000037e-02 9.961025928571524135e-01 1.490641745659050318e-02 -8.693344133225489045e-02 7.609976999999999991e-01
-9.005873333173940176e-02 4.843726171862126201e-02 -9.947578882461221017e-01 -1.930624200000000013e+00 -1.204449692878251793e-02 9.986906091624820903e-01 4.971918406815350328e-02 4.233529999999999932e-02 9.958636225128494335e-01 1.645900506932810453e-02 -8.935740880146780807e-02 7.513581000000000287e-01
-9.134102561983135915e-02 4.470193926390384626e-02 -9.948158390701083986e-01 -2.034594999999999931e+00 -1.868823791270764895e-02 9.987390735469483527e-01 4.659412768044074449e-02 4.639929999999999749e-02 9.956442973283358144e-01 2.284731049006488712e-02 -9.039045082825525323e-02 7.405022999999999467e-01
-9.118433471049111616e-02 3.898826930395988405e-02 -9.950705160741558641e-01 -2.139987500000000153e+00 -2.526790029346483515e-02 9.988209926007852735e-01 4.145066892996430302e-02 4.985740000000000310e-02 9.955134104160346942e-01 2.892299425481199143e-02 -9.009167600378775731e-02 7.303557000000000521e-01
-8.770633188950772985e-02 4.645268223220593712e-02 -9.950626852916961695e-01 -2.247219600000000206e+00 -2.634485779819364243e-02 9.984545558400371723e-01 4.893310116748295080e-02 5.296390000000000126e-02 9.957979452750846949e-01 3.050652775567655808e-02 -8.634699734334516652e-02 7.204154999999999864e-01
-8.361992846529570089e-02 4.510545638774959148e-02 -9.954763710744279903e-01 -2.354612599999999833e+00 -2.354795207375189742e-02 9.986066609933931248e-01 4.722531707420124514e-02 5.698690000000000005e-02 9.962194544961425757e-01 2.739040751210868041e-02 -8.244127643195187094e-02 7.108752999999999878e-01
-7.389668019029908830e-02 4.626079696715990064e-02 -9.961923606015133936e-01 -2.462093799999999888e+00 -3.349242921309664167e-02 9.982448886907315799e-01 4.884055065449934702e-02 6.089039999999999730e-02 9.967033349208068715e-01 3.697405667210746510e-02 -7.221759682341566400e-02 7.012116000000000460e-01
-6.200699184839028599e-02 4.482789890481688605e-02 -9.970684993728835543e-01 -2.570569299999999835e+00 -3.865451280596052946e-02 9.981334884312165201e-01 4.727967757783878289e-02 6.487560000000000549e-02 9.973269080906461692e-01 4.147286765959251609e-02 -6.015845448847922938e-02 6.930292999999999592e-01
-5.613928635768509340e-02 4.387052262502886407e-02 -9.974586496551406389e-01 -2.625003099999999812e+00 -3.813572361097564839e-02 9.982109327325425774e-01 4.604997674152110781e-02 6.687129999999999463e-02 9.976943655809212830e-01 4.062402020768243055e-02 -5.436581527254702451e-02 6.894069999999999920e-01
-5.077122478693554125e-02 4.347408689981959590e-02 -9.977636426037288508e-01 -2.679834399999999839e+00 -3.645780153227146797e-02 9.983055380636778331e-01 4.535285414198637205e-02 6.885739999999999916e-02 9.980446440120140927e-01 3.867888881053487687e-02 -4.910022524708324010e-02 6.864160000000000261e-01
-4.530646950020984082e-02 4.378884251700957547e-02 -9.980129563750399502e-01 -2.734780100000000047e+00 -3.573840998034228528e-02 9.983282666402166772e-01 4.542508204964801344e-02 7.091699999999999393e-02 9.983336565865661427e-01 3.772544629505153457e-02 -4.366578555729483391e-02 6.836081000000000518e-01
-3.965448744412102683e-02 4.555547089446611297e-02 -9.981744440212481084e-01 -2.789904599999999846e+00 -3.462454723415364644e-02 9.982975980698440832e-01 4.693662127603420720e-02 7.248390000000000388e-02 9.986133698055390528e-01 3.642258584399871157e-02 -3.800964201439727130e-02 6.813751999999999587e-01
-3.410356504780455433e-02 4.640424561588896157e-02 -9.983404193159016726e-01 -2.845468499999999956e+00 -3.567366437210457708e-02 9.982284047617610012e-01 4.761766055841408496e-02 7.464940000000000464e-02 9.987814257991066702e-01 3.723839303205978002e-02 -3.238773785081694445e-02 6.791916000000000064e-01
-2.894350811569344761e-02 4.604189695118085512e-02 -9.985201134995195238e-01 -2.901216499999999865e+00 -3.494714750004350445e-02 9.982813082723256404e-01 4.704387777069537341e-02 7.605929999999999636e-02 9.989699546130338392e-01 3.625704454627771273e-02 -2.728473018379040660e-02 6.775948000000000526e-01
-2.413674497077404266e-02 4.120276794359904737e-02 -9.988592240431090064e-01 -2.956863900000000100e+00 -3.533608836687632260e-02 9.984908001330118354e-01 4.204144275195949992e-02 7.802439999999999376e-02 9.990839696447663121e-01 3.631052138876426222e-02 -2.264437314945966229e-02 6.760294000000000025e-01
-1.994271550303880480e-02 3.580676783402469976e-02 -9.991597287099017732e-01 -3.012394200000000133e+00 -3.507253999933006294e-02 9.987183413415280375e-01 3.649097978983886770e-02 7.954940000000000622e-02 9.991857710337751497e-01 3.577079877927372142e-02 -1.866132145193533098e-02 6.748752000000000084e-01
-1.252319833395813126e-02 3.784154694933499624e-02 -9.992052776221560517e-01 -3.124669100000000199e+00 -3.403338879363839581e-02 9.986885295013645525e-01 3.824852271164608242e-02 8.196879999999999444e-02 9.993422326464092009e-01 3.448533553386906592e-02 -1.121889844891510446e-02 6.721582000000000390e-01
-1.072791688166860324e-02 3.767734315290909713e-02 -9.992323701783875078e-01 -3.181009500000000045e+00 -3.397342856719518661e-02 9.986992214220310471e-01 3.802198419886311520e-02 8.297670000000000046e-02 9.993651574628613643e-01 3.435524623644610476e-02 -9.433933710995656696e-03 6.715423999999999838e-01
-9.140151812156865202e-03 3.861984666433591201e-02 -9.992121721979139171e-01 -3.295388200000000101e+00 -3.699974664854794454e-02 9.985565800428360950e-01 3.893295777484953590e-02 8.555759999999999754e-02 9.992734742665760894e-01 3.732645036402650052e-02 -7.698034192433533818e-03 6.698279000000000316e-01
-7.952805364540892555e-03 3.820717072169812351e-02 -9.992381923206684613e-01 -3.352453500000000197e+00 -3.765043195376299029e-02 9.985497963534973875e-01 3.848050384394700180e-02 8.690040000000000264e-02 9.992593246302629018e-01 3.792777752297082222e-02 -6.502755695798168034e-03 6.689184999999999715e-01
-6.873235204420494529e-03 3.498642178146605525e-02 -9.993641523132363869e-01 -3.467153800000000174e+00 -3.616463496900642477e-02 9.987252771286203590e-01 3.521278179750794018e-02 8.930749999999999800e-02 9.993222092075122465e-01 3.638366550101495428e-02 -5.599202561706650982e-03 6.683084000000000247e-01
-6.875601222449983195e-03 3.516426754297817536e-02 -9.993578940479713735e-01 -3.524113199999999946e+00 -3.259070664972624209e-02 9.988427219160728177e-01 3.537036493114242147e-02 9.025729999999999864e-02 9.994451320347216283e-01 3.281297248736467914e-02 -5.721615911795763232e-03 6.681078000000000294e-01
-6.912048872130852409e-03 3.546372447835127034e-02 -9.993470607484231660e-01 -3.581614000000000075e+00 -3.047690753006326164e-02 9.988992043399703702e-01 3.565862695587304620e-02 9.174820000000000197e-02 9.995115715627274078e-01 3.070348213310228683e-02 -5.823615467132170487e-03 6.678039000000000058e-01
-6.754129560121452901e-03 3.861854846252319590e-02 -9.992311991969290430e-01 -3.639188100000000148e+00 -3.001749624586264736e-02 9.987958506645077117e-01 3.880462104559210396e-02 9.270530000000000437e-02 9.995265537508318809e-01 3.025651020871599622e-02 -5.586764446005365592e-03 6.672175000000000189e-01
-6.339327463884149479e-03 4.226040662568002204e-02 -9.990865182551198487e-01 -3.696728900000000095e+00 -3.208154284516916144e-02 9.985836929944024165e-01 4.244269895205496357e-02 9.401210000000000122e-02 9.994651507361220766e-01 3.232129510854063470e-02 -4.974569984170229553e-03 6.663953999999999711e-01
-5.863012358247810668e-03 4.237649912982254657e-02 -9.990845096424961769e-01 -3.753621100000000155e+00 -3.423687520315376459e-02 9.985074280712354922e-01 4.255293718288032795e-02 9.529179999999999595e-02 9.993965486544421628e-01 3.445502007061718858e-02 -4.403422478329588330e-03 6.656526000000000387e-01
-5.642923952320787542e-03 4.007788565580514689e-02 -9.991806245572559808e-01 -3.810970999999999886e+00 -3.507915082184640682e-02 9.985736116644823301e-01 4.025164922049438015e-02 9.702950000000000463e-02 9.993686059642289399e-01 3.527754482261743346e-02 -4.228976755876301397e-03 6.649969000000000019e-01
-5.545435449518417749e-03 3.814262572271698293e-02 -9.992569180389252459e-01 -3.867784700000000075e+00 -3.504835619504589883e-02 9.986509151690100561e-01 3.831399692180095795e-02 9.795199999999999740e-02 9.993702321330668603e-01 3.523478019053494226e-02 -4.201117854128133544e-03 6.644189000000000345e-01
-5.735788015539768601e-03 3.893802298319533339e-02 -9.992251653666458511e-01 -3.981647999999999854e+00 -3.113499248279268106e-02 9.987501890708633256e-01 3.909823620077010342e-02 1.003524999999999973e-01 9.994987308540902449e-01 3.133512720693691633e-02 -4.516284312114149380e-03 6.636140000000000372e-01
-5.306254689336890353e-03 4.149064024412825458e-02 -9.991248022310845744e-01 -4.038768300000000089e+00 -3.059445867577902101e-02 9.986644024348956261e-01 4.163400542451820008e-02 1.018878000000000006e-01 9.995177951189802013e-01 3.078860311032454236e-02 -4.029783990113444681e-03 6.630061999999999900e-01
-5.001032883237676446e-03 4.410021994529559480e-02 -9.990145946235609031e-01 -4.095641600000000437e+00 -3.119569908521797191e-02 9.985339645164661437e-01 4.423516774709058269e-02 1.029801999999999940e-01 9.995007844062382407e-01 3.138618020411634152e-02 -3.617964000571127769e-03 6.626530999999999949e-01
-4.521182969960759607e-03 4.459718281439138676e-02 -9.989948199012708141e-01 -4.152186900000000236e+00 -3.299367741059001935e-02 9.984544686120914170e-01 4.472238096828169696e-02 1.041931999999999997e-01 9.994453342506925964e-01 3.316271088988287374e-02 -3.042770276571071797e-03 6.618357999999999741e-01
-4.046029967979117466e-03 4.246418773053313445e-02 -9.990897969661607370e-01 -4.208331099999999658e+00 -3.233666583073331602e-02 9.985699153453716503e-01 4.257304558155221991e-02 1.056339000000000028e-01 9.994688437787591084e-01 3.247948471764103978e-02 -2.667093554193922245e-03 6.612654000000000032e-01
-3.797802614383066419e-03 4.112467354370539369e-02 -9.991468049897501702e-01 -4.264640799999999565e+00 -3.093672308443958310e-02 9.986709217594962329e-01 4.122267818609868378e-02 1.070273999999999948e-01 9.995141298951700781e-01 3.106688362165749978e-02 -2.520492400207019479e-03 6.609108999999999678e-01
-3.535139728588832572e-03 4.210765181492127224e-02 -9.991068253423818213e-01 -4.320567099999999883e+00 -2.894168823059962287e-02 9.986902281218226207e-01 4.219249857906685192e-02 1.085523999999999933e-01 9.995748503586221467e-01 2.906499462609866274e-02 -2.311842971036814909e-03 6.603056999999999954e-01
-3.359366766221491118e-03 4.465514471427394633e-02 -9.989968131608213397e-01 -4.376799600000000012e+00 -2.643717361114743952e-02 9.986493058236600717e-01 4.472851248785073008e-02 1.101695000000000035e-01 9.996448321811020055e-01 2.656091166486987745e-02 -2.174273475652022114e-03 6.600966999999999807e-01
-3.488328374965122495e-03 4.754896021544725154e-02 -9.988628173816354039e-01 -4.433288600000000024e+00 -2.514257879905975462e-02 9.985489535016447427e-01 4.762182474562628998e-02 1.114074000000000036e-01 9.996777892383532649e-01 2.528010765799638959e-02 -2.287763169261269880e-03 6.600639000000000367e-01
-2.735110121077146371e-03 5.101554901969854172e-02 -9.986941137960332338e-01 -4.546265100000000281e+00 -2.810807335994856826e-02 9.982993288991572900e-01 5.107236171828980625e-02 1.149836999999999942e-01 9.996011481509097241e-01 2.821105594817074208e-02 -1.296509803992873522e-03 6.590998999999999608e-01
-2.521175309846148804e-03 4.604793626247483118e-02 -9.989360496253123500e-01 -4.657617600000000024e+00 -3.219991957151133177e-02 9.984174810661278210e-01 4.610529992480653927e-02 1.183543999999999985e-01 9.994782683253526923e-01 3.228189999884176209e-02 -1.034445658096960763e-03 6.581407999999999703e-01
-1.583476601625795734e-03 4.301935486506053286e-02 -9.990729841752534757e-01 -4.769444499999999643e+00 -3.405535627765739204e-02 9.984924005145088266e-01 4.304833125192496918e-02 1.212720000000000048e-01 9.994186936968179058e-01 3.409195244874706904e-02 -1.160498963512779369e-04 6.568127000000000271e-01
-1.809939037846592822e-03 4.554368914286700820e-02 -9.989607081862316162e-01 -4.881454500000000252e+00 -3.279734112693993842e-02 9.984222198632208833e-01 4.557856182901719871e-02 1.245587999999999973e-01 9.994603836749521575e-01 3.284574953713658568e-02 -3.133714429859324468e-04 6.565052999999999583e-01
-2.102387205573363286e-03 4.647097931764797990e-02 -9.989174280436278197e-01 -4.993310000000000137e+00 -3.487779247033778035e-02 9.983084674339569586e-01 4.651605574487498868e-02 1.279202999999999868e-01 9.993893733477626773e-01 3.493782951076098570e-02 -4.780257766143769516e-04 6.556127000000000482e-01
-2.934233105559745907e-03 4.739591944373663240e-02 -9.988718722119295235e-01 -5.105951799999999707e+00 -4.218015881974693931e-02 9.979813197669273883e-01 4.747756942180871714e-02 1.306891000000000025e-01 9.991057123638235060e-01 4.227188446644613434e-02 -9.291424176456342110e-04 6.548161000000000120e-01
-3.962371742363328050e-03 3.925724127348366455e-02 -9.992212811073283296e-01 -5.220686399999999949e+00 -4.273110080225608898e-02 9.983097774225393461e-01 3.939087872575602889e-02 1.342957999999999930e-01 9.990787519682332585e-01 4.285390659152653325e-02 -2.278169318108425045e-03 6.537935000000000274e-01
-4.700469703537170016e-03 3.851713332503543114e-02 -9.992468844209558831e-01 -5.278632199999999663e+00 -3.983357750748673515e-02 9.984576110474193689e-01 3.867408750617348095e-02 1.357469000000000037e-01 9.991952720502237373e-01 3.998536459633151435e-02 -3.158944535325503011e-03 6.535338000000000536e-01
-5.647783920609003062e-03 3.940816894516290664e-02 -9.992072351405266728e-01 -5.396507299999999674e+00 -3.440476106944676676e-02 9.986239359247316427e-01 3.957962877480944441e-02 1.389392000000000127e-01 9.993920226580460531e-01 3.460102337485036761e-02 -4.284183571308219918e-03 6.528032999999999753e-01
-6.399965949325917003e-03 4.375499046073257070e-02 -9.990217921775422782e-01 -5.515801399999999965e+00 -3.216039730196804114e-02 9.985164411784027694e-01 4.393888416649677220e-02 1.421962999999999977e-01 9.994622300423497974e-01 3.241014511227087447e-02 -4.983293346222938958e-03 6.512609999999999788e-01
-8.045212156945116128e-03 3.584444308869424306e-02 -9.993249974162614624e-01 -5.635464699999999993e+00 -3.218494697134067356e-02 9.988302877061223661e-01 3.608580814332369713e-02 1.450726999999999989e-01 9.994495503775073786e-01 3.245354003134538756e-02 -6.882150073351467334e-03 6.500076999999999661e-01
-9.082569588049746456e-03 3.537626875496788226e-02 -9.993327906851924292e-01 -5.756985700000000428e+00 -3.328151946149997265e-02 9.988096356507802920e-01 3.566023266173878187e-02 1.481410999999999978e-01 9.994047465326608704e-01 3.358320026638059869e-02 -7.894382043969083718e-03 6.480004999999999793e-01
-9.580324515804020460e-03 4.341203104942342045e-02 -9.990113177248470810e-01 -5.879513300000000164e+00 -4.326438885500693415e-02 9.981036263164008160e-01 4.378748441110940498e-02 1.511363000000000012e-01 9.990177225851272214e-01 4.364111243098981602e-02 -7.683961648204062911e-03 6.452700999999999576e-01
-9.220846639045841842e-03 4.125314630609477895e-02 -9.991061774942177065e-01 -6.002825299999999586e+00 -5.425945782295513165e-02 9.976560122166948652e-01 4.169403464095258055e-02 1.547138000000000124e-01 9.984842949310811511e-01 5.459541379758870577e-02 -6.960859735112401303e-03 6.424727999999999550e-01
-9.634736164681446946e-03 4.014745071019052564e-02 -9.991473134931153632e-01 -6.064861800000000081e+00 -5.646146993624003713e-02 9.975777663096321302e-01 4.062883923180704571e-02 1.561871999999999983e-01 9.983582895292030246e-01 5.680477414934226310e-02 -7.344614500855439765e-03 6.414130999999999583e-01
-1.082891009434904309e-02 3.841094343000923950e-02 -9.992033497396735076e-01 -6.188065500000000441e+00 -5.459738148106166311e-02 9.977486049899566556e-01 3.894672227552481436e-02 1.590142999999999973e-01 9.984497286501605728e-01 5.497563701688290561e-02 -8.707393008702712933e-03 6.398494999999999600e-01
-1.111814827651566931e-02 3.903838147812948439e-02 -9.991758561687074103e-01 -6.249573700000000009e+00 -5.422700244709346279e-02 9.977436517563752494e-01 3.958582556238899458e-02 1.607074000000000003e-01 9.984667340400001923e-01 5.462243267578813927e-02 -8.976127454234483771e-03 6.387148000000000270e-01
-1.226644085345640275e-02 4.842217723591064199e-02 -9.987516343819032860e-01 -6.372971500000000233e+00 -5.323744988532646411e-02 9.973784875279160245e-01 4.900945364145613964e-02 1.637029000000000123e-01 9.985065389663186908e-01 5.377216164764759415e-02 -9.656410991835784330e-03 6.364838000000000440e-01
-1.151965613152923680e-02 4.589135129724786905e-02 -9.988800135144979553e-01 -6.495454299999999570e+00 -5.342781582778789035e-02 9.974910782749536464e-01 4.644369987137391548e-02 1.673293999999999893e-01 9.985052658942179526e-01 5.390299284810506214e-02 -9.038879550798073481e-03 6.342048999999999603e-01
-1.034409920397490190e-02 4.535035722399654440e-02 -9.989175865462146531e-01 -6.556456999999999979e+00 -5.279207810098127812e-02 9.975530769102827211e-01 4.583508739609171850e-02 1.690705000000000124e-01 9.985519496257758698e-01 5.320905793643952025e-02 -7.924648388313748626e-03 6.332267999999999786e-01
-8.488611094177063790e-03 4.685850519847802736e-02 -9.988654684051578858e-01 -6.678334699999999735e+00 -5.292174511816303412e-02 9.974805069311650785e-01 4.724327662211941226e-02 1.724806000000000117e-01 9.985625831040032541e-01 5.326273352833212071e-02 -5.987390228629263511e-03 6.313332999999999862e-01
-7.343750304077184890e-03 5.038509602299040546e-02 -9.987028644347754058e-01 -6.739226799999999962e+00 -5.433269385894906600e-02 9.972343757233254058e-01 5.071053395241584272e-02 1.746484000000000092e-01 9.984958826702797774e-01 5.463462248852313241e-02 -4.585882252683526339e-03 6.306536000000000364e-01
-5.243167954035926615e-03 4.851915582314070968e-02 -9.988084905065715002e-01 -6.860216099999999706e+00 -5.780073662863102063e-02 9.971375782491435080e-01 4.874140835697066132e-02 1.785857999999999890e-01 9.983143713455164825e-01 5.798742589254267388e-02 -2.423716848863999296e-03 6.289584999999999759e-01
-4.806596398141827452e-03 4.559809111787632013e-02 -9.989483023247357485e-01 -6.920888399999999940e+00 -5.687479284945346630e-02 9.973303416314428516e-01 4.579789951123644509e-02 1.803695999999999910e-01 9.983697484245991349e-01 5.703510978086570593e-02 -2.200382441183479365e-03 6.281309000000000475e-01
-4.709765573916326227e-03 4.378108794017517014e-02 -9.990300468189202698e-01 -6.980770099999999978e+00 -5.406548434467030317e-02 9.975687408222146946e-01 4.397193123979507845e-02 1.821096000000000104e-01 9.985262848372172817e-01 5.422014084411534707e-02 -2.331269188517337554e-03 6.277922000000000224e-01
-4.916041782919501266e-03 4.358425793580632951e-02 -9.990376594470167237e-01 -7.040971800000000336e+00 -5.238190869327929294e-02 9.976669049017310442e-01 4.378221677175882232e-02 1.833166999999999991e-01 9.986150250095564562e-01 5.254673466529991011e-02 -2.621545570275163328e-03 6.274577999999999545e-01
-5.107905448623640231e-03 4.421842593084845258e-02 -9.990088288449335829e-01 -7.101050400000000096e+00 -4.991089938934303166e-02 9.977654491418683769e-01 4.441858418356761651e-02 1.844011999999999873e-01 9.987406126838312970e-01 5.008831507371630520e-02 -2.889510166330433449e-03 6.271004999999999496e-01
-5.524891444584182493e-03 4.250832072742578849e-02 -9.990808366911360094e-01 -7.161087000000000202e+00 -4.783527311359260514e-02 9.979410885008258569e-01 4.272435520794615194e-02 1.862088000000000076e-01 9.988399582619199579e-01 4.802735211024083961e-02 -3.480119050460639407e-03 6.267475000000000129e-01
-5.023744929312629580e-03 4.256308152964621838e-02 -9.990811508969557053e-01 -7.221141799999999833e+00 -4.719902184068894280e-02 9.979701529135122096e-01 4.275308446256280426e-02 1.881724999999999925e-01 9.988728719532666833e-01 4.737043365308733767e-02 -3.004611680579860611e-03 6.257135000000000336e-01
-5.143085289833981832e-03 4.494449662227439218e-02 -9.989762464128324471e-01 -7.281511799999999646e+00 -4.467027741973639970e-02 9.979819001266632128e-01 4.512973891812940841e-02 1.900519999999999987e-01 9.989885459748502061e-01 4.485665215935204231e-02 -3.125022897454643456e-03 6.252132999999999718e-01
-5.078539396872933792e-03 4.642228603136492465e-02 -9.989089947523830393e-01 -7.340655800000000397e+00 -4.265779662025940416e-02 9.980025193787774862e-01 4.659703532540761944e-02 1.917697999999999903e-01 9.990768342950899772e-01 4.284790161997249075e-02 -3.088122676670135291e-03 6.244026000000000298e-01
-5.666508452904187032e-03 4.514539462043464652e-02 -9.989643557337362090e-01 -7.458761199999999647e+00 -4.143967349577586806e-02 9.981116489123544877e-01 4.534192062566773374e-02 1.952490000000000059e-01 9.991249392055614464e-01 4.165368711202037388e-02 -3.784997682595214741e-03 6.230253000000000041e-01
-5.471692965199708575e-03 5.003606526664168552e-02 -9.987324229986365154e-01 -7.518512699999999604e+00 -4.209051257668265655e-02 9.978507353670804658e-01 5.022249175826506984e-02 1.968253000000000086e-01 9.990988185996054760e-01 4.231196166581333018e-02 -3.353889214634087068e-03 6.223174000000000206e-01
-3.727433651545524612e-03 5.651412723687976314e-02 -9.983948415637107221e-01 -7.638284200000000190e+00 -5.173927934214818392e-02 9.970536267487366544e-01 5.663137258045332356e-02 2.013840000000000074e-01 9.986536703039390339e-01 5.186731928531419789e-02 -7.924510248521476896e-04 6.206023000000000511e-01
-4.982433154196506779e-04 4.725801222366529664e-02 -9.988825917164971813e-01 -7.756077300000000285e+00 -5.718799196701530863e-02 9.972466248661544519e-01 4.720913860518799465e-02 2.055925000000000114e-01 9.983633032761065618e-01 5.714761126881123809e-02 2.205719358759683502e-03 6.190105999999999664e-01
4.296690844666638427e-04 4.552225672449753541e-02 -9.989632323199820751e-01 -7.815868899999999897e+00 -5.987806448905622775e-02 9.971720544327095093e-01 4.541487918616392283e-02 2.074342000000000130e-01 9.982056064646812610e-01 5.979647147749088398e-02 3.154238627520733473e-03 6.185696000000000527e-01
1.599188068951976592e-03 4.265460434110895926e-02 -9.990885983365155321e-01 -7.874966099999999969e+00 -5.432027414915818753e-02 9.976184851600573555e-01 4.250489246325443726e-02 2.087415999999999994e-01 9.985222833837411605e-01 5.420279324403839971e-02 3.912389380366865232e-03 6.185047999999999657e-01
1.546346937147382358e-03 3.490091021752608769e-02 -9.993895813330945233e-01 -7.993537400000000126e+00 -4.535776201492014437e-02 9.983646557564586077e-01 3.479493585690069529e-02 2.114860000000000073e-01 9.989696102665724942e-01 4.527626974780663699e-02 3.126845307335868185e-03 6.186722999999999528e-01
5.913986850144912349e-04 3.778638806017056706e-02 -9.992856644248240272e-01 -8.053211199999999792e+00 -4.302954501099881535e-02 9.983612620867863274e-01 3.772596745777970911e-02 2.128085999999999867e-01 9.990736251667051704e-01 4.297649638866837124e-02 2.216360623405688735e-03 6.185880000000000267e-01
2.873304914701115768e-03 4.726143128099110496e-02 -9.988784216470686372e-01 -8.172290800000000743e+00 -4.503087052926105921e-02 9.978753810916257683e-01 4.708444021775780308e-02 2.159111999999999976e-01 9.989814637010258069e-01 4.484507692617815955e-02 4.995423629791662101e-03 6.179873000000000172e-01
