1.000000000000000000e+00 0.000000000000000000e+00 0.000000000000000000e+00 0.000000000000000000e+00 0.000000000000000000e+00 1.000000000000000000e+00 0.000000000000000000e+00 0.000000000000000000e+00 0.000000000000000000e+00 0.000000000000000000e+00 1.000000000000000000e+00 0.000000000000000000e+00
9.999997088294991787e-01 9.282029702895142498e-05 7.574465720379461439e-04 -4.947999999999999924e-04 -9.357966627131534751e-05 9.999994930534984450e-01 1.002564507761003225e-03 -1.517399999999999912e-03 -7.573531297176552346e-04 -1.002635097441222827e-03 9.999992105692375732e-01 6.001540000000000347e-02
9.999982594399713376e-01 1.134733733559690821e-03 1.481045705452728196e-03 -6.076000000000000238e-04 -1.140061683614666766e-03 9.999928645171306529e-01 3.601551635211656856e-03 -1.913800000000000006e-03 -1.476948335342836462e-03 -3.603233849955307915e-03 9.999924176359724637e-01 8.920920000000000238e-02
9.999957600685357439e-01 6.437952388075139773e-04 2.839959971885033796e-03 -5.299000000000000325e-04 -6.661931047311121660e-04 9.999686294513562279e-01 7.892800512068380916e-03 -2.608300000000000028e-03 -2.834789533392062175e-03 -7.894659008886131465e-03 9.999648185448499760e-01 1.174830999999999931e-01
9.999915533724101913e-01 1.066814368186820870e-05 4.110118006179253568e-03 -3.894999999999999808e-04 -5.733061541555921299e-05 9.999355495793502691e-01 1.135312294672004806e-02 -2.965499999999999820e-03 -4.109731990598002212e-03 -1.135326268671326029e-02 9.999271041077604227e-01 1.447884000000000115e-01
9.999858244457999756e-01 -9.653252292583740625e-04 5.236320717391656533e-03 -3.863000000000000114e-04 8.938249704096805489e-04 9.999065731261820300e-01 1.363987155282517238e-02 -3.427499999999999991e-03 -5.248998416450508138e-03 -1.363499784587641692e-02 9.998932617281541813e-01 1.708491000000000037e-01
9.999788228360736442e-01 -5.030755117250949870e-04 6.488512495940176178e-03 -3.513999999999999763e-04 4.152985939113579533e-04 9.999084831516618088e-01 1.352230928579203038e-02 -3.841400000000000023e-03 -6.494721430389800362e-03 -1.351932825151548091e-02 9.998875168523554402e-01 1.958669000000000104e-01
9.999698916869671494e-01 5.535966265005551595e-04 7.740106609760970952e-03 -3.445999999999999736e-04 -6.387763580149672521e-04 9.999392188259496050e-01 1.100684416689281207e-02 -4.159099999999999776e-03 -7.733542805194745448e-03 -1.101145696649396231e-02 9.999094659673721797e-01 2.196738000000000024e-01
9.999467197526688000e-01 -1.377019896635059545e-03 1.023041895925258515e-02 2.856000000000000032e-04 1.310130072172466633e-03 9.999777416411221864e-01 6.542154195288489918e-03 -4.624500000000000138e-03 -1.023919992340968643e-02 -6.528402448165446584e-03 9.999262666548984768e-01 2.632548000000000110e-01
9.998675846022875291e-01 -2.404472682928907815e-03 1.609446403905489056e-02 9.615999999999999548e-04 2.382967626512447114e-03 9.999962424129867911e-01 1.355221457154858443e-03 -5.856300000000000047e-03 -1.609766215567888167e-02 -1.316689418195484112e-03 9.998695572933989917e-01 3.195395999999999792e-01
9.998150142927610950e-01 1.569245036977632906e-03 1.916962870740388653e-02 1.003800000000000005e-03 -1.581809054947669888e-03 9.999985439677434584e-01 6.402675274530771196e-04 -6.346199999999999758e-03 -1.916859605916634846e-02 -6.704717793810454447e-04 9.998160407758587276e-01 3.357448000000000099e-01
9.997377379302677669e-01 2.488971789193738550e-03 2.276533280019806330e-02 1.224299999999999998e-03 -2.529497333045380679e-03 9.999952668994576133e-01 1.751519889886017515e-03 -6.660899999999999981e-03 -2.276086556599489844e-02 -1.808645381258510440e-03 9.997393019185408791e-01 3.507712000000000052e-01
9.994753637253016576e-01 -1.028062315974673929e-02 3.071328855110210670e-02 3.246000000000000187e-03 1.017946461832111918e-02 9.999422425725832397e-01 3.448190684603612364e-03 -7.440900000000000292e-03 -3.074696417957924893e-02 -3.133736804570161610e-03 9.995222878392354682e-01 3.876245999999999858e-01
9.993285642910897382e-01 -9.634189041492486130e-03 3.534972409258724940e-02 4.015099999999999746e-03 9.519770279436434376e-03 9.999488932435810495e-01 3.403656087796223979e-03 -7.766699999999999646e-03 -3.538070894903063562e-02 -3.064849498755137583e-03 9.993692071160757973e-01 4.062435999999999825e-01
9.991108220710872567e-01 -3.741118791264585845e-03 4.199487171817312819e-02 4.309099999999999736e-03 3.718822429071667185e-03 9.999928996907125889e-01 6.090385056904012344e-04 -8.524300000000000280e-03 -4.199685202699369319e-02 -4.523254912417537131e-04 9.991176406317089365e-01 4.284687999999999830e-01
9.990447926979650894e-01 -5.630314859665326750e-03 4.333360979264385543e-02 7.570999999999999605e-03 6.411118545303844986e-03 9.998192167022225130e-01 -1.790059976515891854e-02 -1.052419999999999918e-02 -4.322498978690623300e-02 1.816131789092901433e-02 9.989002787017263740e-01 4.965091999999999839e-01
9.998580700375260255e-01 -5.502948501828858544e-03 1.592348387194415099e-02 6.853500000000000217e-03 5.847181145563474375e-03 9.997484530956901594e-01 -2.165273667289258769e-02 -1.106460000000000082e-02 -1.580032447403574569e-02 2.174277099545685737e-02 9.996387355719836831e-01 5.179833000000000354e-01
9.999417648277689752e-01 -7.998400184389025877e-03 -7.245174091553827078e-03 6.212699999999999820e-03 7.815341021710360894e-03 9.996581071322937495e-01 -2.495173920579090918e-02 -1.125899999999999991e-02 7.442271013671059379e-03 2.489366263067364568e-02 9.996624020953219780e-01 5.296729000000000021e-01
9.990386522732107588e-01 -8.512318362651028619e-03 -4.300362426842072039e-02 4.560899999999999677e-03 7.313147224395945278e-03 9.995821197131352642e-01 -2.796611927797009942e-02 -1.167969999999999946e-02 4.322371041223715959e-02 2.762474227731754120e-02 9.986834255520169457e-01 5.433736000000000121e-01
9.960458203462905225e-01 -7.209524765766046200e-03 -8.854798994521008437e-02 1.510599999999999964e-03 4.875062758144301997e-03 9.996355505721488122e-01 -2.655183224226055280e-02 -1.214520000000000009e-02 8.870714477306422541e-02 2.601516451934906757e-02 9.957179589026412536e-01 5.597950000000000426e-01
9.764911700582875609e-01 -4.997767060823604147e-03 -2.154994596805344942e-01 -9.688799999999999149e-03 1.463701068080294418e-03 9.998618704872244134e-01 -1.655589094468389727e-02 -1.339380000000000084e-02 2.155524353315913244e-01 1.585125453062666279e-02 9.763636030457226722e-01 5.992444999999999578e-01
9.551598209559994945e-01 5.840765895562581925e-04 -2.960901472285772384e-01 -1.921060000000000129e-02 -2.764519329253013313e-03 9.999720582611758557e-01 -6.945511484819462053e-03 -1.399859999999999993e-02 2.960778172443541689e-01 7.452620441502768450e-03 9.551347468207685987e-01 6.210122000000000142e-01
9.242966802347151178e-01 6.618073749873006929e-03 -3.816174105133650074e-01 -3.115889999999999979e-02 -6.201784720866999022e-03 9.999780757463230252e-01 2.320752670393422777e-03 -1.448920000000000069e-02 3.816244027487772361e-01 2.216450368481260279e-04 9.243174595884883216e-01 6.441666000000000336e-01
8.835345763176131184e-01 1.414830535010407585e-02 -4.681521952388734142e-01 -4.644120000000000192e-02 -7.682349378488677674e-03 9.998469478410234590e-01 1.571821876093702081e-02 -1.493270000000000014e-02 4.683029296932519348e-01 -1.029108102728057590e-02 8.835080416679901294e-01 6.675041000000000446e-01
8.309682372732227762e-01 2.250131446049275299e-02 -5.558646233486916888e-01 -6.522459999999999369e-02 -1.172061626505241719e-02 9.996680190351830975e-01 2.294512742697292496e-02 -1.518459999999999949e-02 5.561963824022952974e-01 -1.255159614641326166e-02 8.309561009083313854e-01 6.909170000000000034e-01
7.666955267947753727e-01 2.789142277116726104e-02 -6.414047378439621250e-01 -8.817890000000000450e-02 -1.473940216543120213e-02 9.995572412091012771e-01 2.584708049773159697e-02 -1.438560000000000012e-02 6.418416621073202988e-01 -1.036291861642016018e-02 7.667671685075345689e-01 7.143749999999999822e-01
6.912938755563855509e-01 3.277698300929376973e-02 -7.218299294176162562e-01 -1.156009000000000064e-01 -1.393498141632923924e-02 9.993896018223501487e-01 3.203498185251509034e-02 -1.365270000000000025e-02 7.224393358000096299e-01 -1.208690010601891178e-02 6.913286576836433772e-01 7.372391000000000361e-01
6.082032498713371149e-01 3.137125937748434790e-02 -7.931611758848352567e-01 -1.473011999999999933e-01 -6.467339674725887042e-03 9.993814046518598726e-01 3.456850522668433040e-02 -1.296910000000000077e-02 7.937549876148658479e-01 -1.589503448081147630e-02 6.080299067606609320e-01 7.593528999999999973e-01
5.171183427744547867e-01 3.299594583146828186e-02 -8.552776666819311702e-01 -1.839465999999999879e-01 -1.022768461073682994e-03 9.992797595471455407e-01 3.793304765074988205e-02 -1.194830000000000024e-02 8.559132978934705926e-01 -1.874112371459723397e-02 5.167796404378152131e-01 7.795756999999999826e-01
4.677129180541486075e-01 3.214349557667723484e-02 -8.832957726477499438e-01 -2.042769999999999864e-01 -8.950085229239568285e-05 9.993402431123747931e-01 3.631900997682861038e-02 -1.100699999999999942e-02 8.838804321144748677e-01 -1.690781441262199924e-02 4.674072181052808528e-01 7.884581999999999979e-01
4.154329710929923758e-01 3.104789695991127044e-02 -9.090937655837354470e-01 -2.253138000000000085e-01 4.588990421413138149e-03 9.993330556788733166e-01 3.622685460315414052e-02 -1.040680000000000077e-02 9.096122183083081847e-01 -1.922165242357233225e-02 4.150134219303590610e-01 7.966811999999999783e-01
3.618045514073052749e-01 3.021058519858106986e-02 -9.317643409805497212e-01 -2.478821999999999970e-01 9.651768652799739417e-03 9.992998349275006298e-01 3.614807430199955957e-02 -9.860300000000000661e-03 9.322040066116598078e-01 -2.207171166514557137e-02 3.612596429181361701e-01 8.042013999999999552e-01
3.080323224120987136e-01 2.896214259911016053e-02 -9.509349518476423180e-01 -2.715929999999999733e-01 1.178837789974083484e-02 9.993435970962967207e-01 3.425505932161623107e-02 -9.021500000000000005e-03 9.513028552968302298e-01 -2.176164604765351909e-02 3.074887124194884969e-01 8.104715999999999587e-01
2.548270934820900391e-01 3.486945282752607067e-02 -9.663577358757879932e-01 -2.969414000000000220e-01 1.237561852882456542e-02 9.991501812209007127e-01 3.931614722058097977e-02 -8.160000000000000586e-03 9.669074394653809357e-01 -2.197809422471196095e-02 2.541790055861233855e-01 8.156101000000000045e-01
2.040187493992380863e-01 3.988568850469332433e-02 -9.781541196284342377e-01 -3.233584999999999932e-01 1.476214681466105939e-02 9.989307263655685665e-01 4.381190413780416959e-02 -7.325199999999999594e-03 9.788556731791429044e-01 -2.337810461231458817e-02 2.032117991400657075e-01 8.195816000000000212e-01
1.557405573296682666e-01 4.124483694608110235e-02 -9.869365441749210488e-01 -3.505192999999999781e-01 1.957210821663322303e-02 9.988029185293471057e-01 4.482925961037907692e-02 -6.519699999999999801e-03 9.876040762282226604e-01 -2.629816272193839788e-02 1.547468747821736379e-01 8.228267000000000220e-01
1.111595176516216726e-01 4.278970129670603417e-02 -9.928809611924268586e-01 -3.792071000000000192e-01 2.208714327757821741e-02 9.987194915622459312e-01 4.551412171496592440e-02 -5.982000000000000338e-03 9.935571044168999277e-01 -2.698923186360951965e-02 1.100720746879869649e-01 8.250973999999999808e-01
7.084104182710591890e-02 4.095893465233321068e-02 -9.966463326902859077e-01 -4.085724000000000022e-01 2.149261302082812464e-02 9.988619571423649202e-01 4.257767207423716199e-02 -4.973899999999999849e-03 9.972560425379166649e-01 -2.443678059545167230e-02 6.988010715319914468e-02 8.259357999999999977e-01
3.509059071970779820e-02 3.662259917635681677e-02 -9.987128895095477299e-01 -4.395317000000000252e-01 1.875509416351228698e-02 9.991282173995859051e-01 3.729680467336977251e-02 -3.686200000000000154e-03 9.992081349177758254e-01 -2.003972119301111743e-02 3.437313905721495200e-02 8.261954000000000242e-01
6.491364204945189627e-03 3.643678765401092701e-02 -9.993148766511060765e-01 -4.714279000000000108e-01 1.601059577271640721e-02 9.992040466466728388e-01 3.653674845845365782e-02 -2.300700000000000141e-03 9.998507503691546061e-01 -1.623679988083111259e-02 5.902822703453880493e-03 8.254801000000000499e-01
-1.462531116971073526e-02 4.069373688827886137e-02 -9.990646225601507169e-01 -5.047937999999999592e-01 1.504162538606118940e-02 9.990673814958523913e-01 4.047365484813776615e-02 -1.252000000000000075e-03 9.997799006676091338e-01 -1.443561599268691764e-02 -1.522377127971741295e-02 8.244736999999999760e-01
-2.739650281481690458e-02 4.693240269536838594e-02 -9.985222988049679005e-01 -5.389135000000000453e-01 1.646251319604953578e-02 9.987829540421011565e-01 4.649297123441266388e-02 -2.168999999999999867e-04 9.994890781258131129e-01 -1.516444170333371491e-02 -2.813578531050042741e-02 8.230937999999999866e-01
-3.951652380357357358e-02 4.658382027080348875e-02 -9.981324521502439318e-01 -6.110446000000000488e-01 1.698104753885867901e-02 9.987997369754948451e-01 4.594267560956000196e-02 2.331100000000000012e-03 9.990746160177248480e-01 -1.513383978571583750e-02 -4.026013564775532405e-02 8.205995999999999846e-01
-3.475866421730516159e-02 4.095835011633956052e-02 -9.985560819591335902e-01 -6.864917000000000380e-01 3.632838355668033953e-02 9.985512838921734025e-01 3.969360131621933740e-02 5.288700000000000345e-03 9.987352420987191115e-01 -3.489623178854128760e-02 -3.619625943344217944e-02 8.188503000000000309e-01
-2.385201601429952703e-02 3.979403021379526034e-02 -9.989231784733985098e-01 -7.655589999999999895e-01 3.486798508732811414e-02 9.986326300937830025e-01 3.894988739294795443e-02 7.572500000000000238e-03 9.991072539762702043e-01 -3.390140515254509712e-02 -2.520693913745830628e-02 8.165708000000000411e-01
-1.835247648375595494e-02 2.278498523220282013e-02 -9.995719239028679759e-01 -8.482184000000000390e-01 3.635028314598488797e-02 9.990945654470737569e-01 2.210670055276419549e-02 9.814599999999999713e-03 9.991705777904589247e-01 -3.592900975661807855e-02 -1.916410018208347665e-02 8.145388999999999546e-01
-1.872035367414937382e-02 1.134601368200660945e-02 -9.997603794569188684e-01 -9.350538000000000460e-01 2.292902710002234570e-02 9.996775012665735094e-01 1.091573074357704565e-02 1.131249999999999964e-02 9.995618080311797771e-01 -2.271918649396476725e-02 -1.897446943899216976e-02 8.110656000000000532e-01
-2.685445241545011269e-02 2.589641476249035512e-02 -9.993038647418088782e-01 -1.026852099999999934e+00 9.016102784667986633e-03 9.996300026113326131e-01 2.566257527691496315e-02 1.221129999999999959e-02 9.995986936146139534e-01 -8.320671950996290367e-03 -2.707800107543534285e-02 8.072262000000000048e-01
-3.282554150702447771e-02 4.516491420207279645e-02 -9.984400905161456841e-01 -1.122298100000000076e+00 6.076296249630581958e-03 9.989689996068872313e-01 4.498907032048702487e-02 1.495389999999999914e-02 9.994426258913797767e-01 -4.590027182316470944e-03 -3.306613375960754109e-02 8.032922000000000118e-01
-3.540389844333873687e-02 5.367208581163476072e-02 -9.979307947847099181e-01 -1.220448399999999989e+00 8.783321380794954780e-03 9.985349487876883368e-01 5.339297065242209345e-02 1.846189999999999984e-02 9.993344871666022255e-01 -6.874827575819746073e-03 -3.582344909786494558e-02 7.996750000000000247e-01
-4.012043607079850138e-02 4.627594620596760244e-02 -9.981226815438229982e-01 -1.317675099999999988e+00 7.380859365105973263e-03 9.989134383441463649e-01 4.601592779144757228e-02 2.194130000000000039e-02 9.991675903093143463e-01 -5.520824052402169974e-03 -4.041839899428134597e-02 7.953645000000000298e-01
-5.034795714370131348e-02 3.668280057029712354e-02 -9.980578416874323899e-01 -1.416736800000000018e+00 8.001256762816840937e-03 9.993079934086775973e-01 3.632511802785706734e-02 2.461690000000000059e-02 9.986996861427721583e-01 -6.156821569777511452e-03 -5.060662453164044283e-02 7.903179999999999650e-01
-6.368264082341183741e-02 3.698837616690909408e-02 -9.972845036830216836e-01 -1.517629499999999965e+00 6.167859840729683282e-03 9.993084103389218154e-01 3.666958591097200376e-02 2.735020000000000159e-02 9.979511404686808307e-01 -3.815894971336858399e-03 -6.386673768736195189e-02 7.836328999999999656e-01
-7.601608350402304370e-02 4.442560319033932170e-02 -9.961164193154752322e-01 -1.621139499999999956e+00 1.936003177404534148e-03 9.990116473332111280e-01 4.440698575990996433e-02 3.066930000000000003e-02 9.971047121242613276e-01 1.447160584827699575e-03 -7.602696091410765522e-02 7.753742000000000134e-01
-8.327503365912111710e-02 4.776363848307921267e-02 -9.953812855423446182e-01 -1.724458899999999906e+00 -6.033128233418127290e-03 9.988082214324619512e-01 4.843282113031477376e-02 3.443390000000000339e-02 9.965083392188908151e-01 1.003850774665469500e-02 -8.288762410293215588e-02 7.657526999999999529e-01
-8.641756055102169098e-02 4.877436795857628682e-02 -9.950643528227969270e-01 -1.827846599999999988e+00 -1.167300912345785660e-02 9.986827280394495743e-01 4.996548382319949272e-02 3.789259999999999851e-02 9.961906173451011703e-01 1.593329049268064207e-02 -8.573438147943734933e-02 7.559979000000000005e-01
-8.882009878756530474e-02 4.704767852873758399e-02 -9.949359305987615087e-01 -1.932027699999999903e+00 -1.323284811137624695e-02 9.987399419405998957e-01 4.840888454972099714e-02 4.168539999999999746e-02 9.959597791990539850e-01 1.746551795806625812e-02 -8.808560552228772433e-02 7.464359999999999884e-01
-9.015554067794331883e-02 4.359590453303117952e-02 -9.949730526969133848e-01 -2.036767000000000216e+00 -2.001354614673400700e-02 9.987604067023406751e-01 4.557530004736889961e-02 4.542820000000000191e-02 9.957265871993679074e-01 2.402180492223651709e-02 -8.917127582679162945e-02 7.357799000000000422e-01
-8.987798390351219024e-02 3.779752563051660963e-02 -9.952352963323045643e-01 -2.143064299999999811e+00 -2.658599762581203077e-02 9.988324516130092645e-01 4.033507574042316524e-02 4.896879999999999983e-02 9.955978770265030420e-01 3.008455851355968866e-02 -8.876816208170523748e-02 7.255462999999999774e-01
-8.636943410517397557e-02 4.554899388256261616e-02 -9.952213874352974221e-01 -2.250467500000000065e+00 -2.765084116077947199e-02 9.984598752137701094e-01 4.809686654246747572e-02 5.159699999999999703e-02 9.958793861886355847e-01 3.167280764928896708e-02 -8.497694640405595301e-02 7.154359000000000135e-01
-8.199602948136938685e-02 4.428000157040446610e-02 -9.956484985225538820e-01 -2.358791099999999918e+00 -2.508676581373431996e-02 9.986042758848528988e-01 4.647746083313239462e-02 5.545080000000000148e-02 9.963168699416354857e-01 2.878856796392420536e-02 -8.077074361604741348e-02 7.057746999999999771e-01
-7.234828751180351347e-02 4.537415260050133015e-02 -9.963467827869449955e-01 -2.467410800000000126e+00 -3.452844382849182270e-02 9.982518938495921201e-01 4.796814560190093557e-02 5.929140000000000105e-02 9.967815768065197979e-01 3.787271711257196583e-02 -7.065511614610087143e-02 6.963163999999999465e-01
-6.052674741205188447e-02 4.403857730720014962e-02 -9.971946232087670614e-01 -2.577359700000000142e+00 -3.991920295960370291e-02 9.981202237941364519e-01 4.650243099250665063e-02 6.315160000000000218e-02 9.973680213856804810e-01 4.262185544882615001e-02 -5.865498576687011578e-02 6.882523000000000390e-01
-4.915250257820661522e-02 4.261900901268014102e-02 -9.978815819329849290e-01 -2.687207200000000018e+00 -3.757458300592832895e-02 9.983030526822416206e-01 4.448781537958662602e-02 6.707480000000000386e-02 9.980842560637002148e-01 3.968167179057192906e-02 -4.746770187901805382e-02 6.815698999999999508e-01
-3.794575183627369591e-02 4.514563314602573763e-02 -9.982594811597956808e-01 -2.798028200000000076e+00 -3.568274523830050615e-02 9.982806301329679721e-01 4.650295897664000200e-02 7.014070000000000027e-02 9.986425094145744419e-01 3.738522848892303352e-02 -3.626958892781306787e-02 6.765079999999999982e-01
-3.251435352065448064e-02 4.594971022806977612e-02 -9.984144635095640874e-01 -2.853908099999999948e+00 -3.655902899306179288e-02 9.982194530412067390e-01 4.713131622603667498e-02 7.229159999999999753e-02 9.988024099962008462e-01 3.803350759620548888e-02 -3.077658339892530570e-02 6.745672999999999808e-01
-2.279636105132774176e-02 4.034162280597344830e-02 -9.989258628107482441e-01 -2.966257800000000167e+00 -3.645938015298451351e-02 9.984873067074152564e-01 4.115594663025233524e-02 7.604420000000000623e-02 9.990750920334654506e-01 3.735842359565753890e-02 -2.129104658699876307e-02 6.718465000000000131e-01
-1.849976940508357703e-02 3.504071454069276198e-02 -9.992146450370091859e-01 -3.022154299999999960e+00 -3.602973399837312157e-02 9.987132061835414243e-01 3.569019560884541947e-02 7.746889999999999332e-02 9.991794717666917514e-01 3.666169825674823329e-02 -1.721345639219307166e-02 6.705902000000000251e-01
-1.471012341137828937e-02 3.443964788878259298e-02 -9.992985154209518273e-01 -3.078457799999999800e+00 -3.635962826492168676e-02 9.987272461166616377e-01 3.495518983878978525e-02 7.890780000000000016e-02 9.992304987847689945e-01 3.684831770279069219e-02 -1.343918824987111460e-02 6.694776000000000060e-01
-1.132299071727937631e-02 3.622060415058753202e-02 -9.992796694200188901e-01 -3.135152800000000184e+00 -3.574902466392811118e-02 9.986902078735543364e-01 3.660431577088648497e-02 8.064029999999999809e-02 9.992966512086357556e-01 3.613774387594431009e-02 -1.001330868206828928e-02 6.684402999999999873e-01
-9.130686811729647745e-03 3.599312147400626077e-02 -9.993103250566881535e-01 -3.191490899999999797e+00 -3.603486164101964845e-02 9.986910402820621258e-01 3.630006620992764360e-02 8.165239999999999998e-02 9.993088207880780338e-01 3.634145383566802362e-02 -7.821727958151725169e-03 6.675100999999999951e-01
-8.004627275002069997e-03 3.620679887692242888e-02 -9.993122603357142975e-01 -3.248129599999999950e+00 -3.749373931132376353e-02 9.986306882424013098e-01 3.648243430697108852e-02 8.267040000000000499e-02 9.992648024696171305e-01 3.775998166834903386e-02 -6.636138166370320057e-03 6.665172999999999792e-01
-7.384294810842942716e-03 3.700617849535698528e-02 -9.992877538243509772e-01 -3.305317399999999850e+00 -3.854061700166849097e-02 9.985619699186287779e-01 3.726409898760910111e-02 8.398949999999999472e-02 9.992297498730098315e-01 3.878833568738682125e-02 -5.947435020690283736e-03 6.660363999999999729e-01
-6.248295813711098566e-03 3.675597419883305100e-02 -9.993047368846599277e-01 -3.362267500000000187e+00 -3.941651753619145743e-02 9.985385535706978732e-01 3.697425020548232577e-02 8.512160000000000559e-02 9.992033311317289890e-01 3.962013873818739929e-02 -4.790371762536826949e-03 6.653071000000000401e-01
-5.325189320245076255e-03 3.464216364139009047e-02 -9.993855926802959200e-01 -3.419342799999999905e+00 -3.984336847617383354e-02 9.985988045723658280e-01 3.482719476377194728e-02 8.627650000000000596e-02 9.991917475375660107e-01 4.000434982455055438e-02 -3.937467198542488056e-03 6.648777999999999633e-01
-4.554903578836957435e-03 3.382453897260041809e-02 -9.994174070010378719e-01 -3.476790900000000129e+00 -3.774830692945942145e-02 9.987096305129095075e-01 3.397262493136468664e-02 8.706719999999999737e-02 9.992768976501690270e-01 3.788105706100201864e-02 -3.272206991356996220e-03 6.643757000000000135e-01
-4.438358743905249787e-03 3.362046862926021396e-02 -9.994248171127276814e-01 -3.534198299999999904e+00 -3.435536416840505314e-02 9.988395368515337047e-01 3.375334909412575080e-02 8.820759999999999712e-02 9.993998248571572818e-01 3.448541302293738064e-02 -3.278164748872547385e-03 6.641960000000000086e-01
-4.409536836058856185e-03 3.423115299539379597e-02 -9.994042145946236966e-01 -3.591954199999999986e+00 -3.207998172252636560e-02 9.988946851648414782e-01 3.435524300765108868e-02 8.935250000000000137e-02 9.994755778695011417e-01 3.221235964716536587e-02 -3.306528147144494056e-03 6.639793000000000500e-01
-4.191689765702128617e-03 3.708748795523921643e-02 -9.993032312436892495e-01 -3.649553300000000000e+00 -3.195130943538510709e-02 9.987968120281522921e-01 3.720271640302603294e-02 9.036690000000000000e-02 9.994806369121277401e-01 3.208498900685018834e-02 -3.001652571155366545e-03 6.633828000000000502e-01
-3.703033869052704471e-03 4.095300195930350745e-02 -9.991542119065937033e-01 -3.707424200000000170e+00 -3.409981073608878838e-02 9.985748033607103613e-01 4.105563299818343337e-02 9.148140000000000438e-02 9.994115721002674313e-01 3.422299992168845173e-02 -2.301266701740467546e-03 6.625683999999999463e-01
-3.166822180956714583e-03 3.934738279868791461e-02 -9.992205735993267002e-01 -3.822604399999999902e+00 -3.716877736521893155e-02 9.985304830531263054e-01 3.943800708536160382e-02 9.368360000000000576e-02 9.993039843943627432e-01 3.726470019447039594e-02 -1.699674370945536417e-03 6.614913000000000043e-01
-2.989849131106676015e-03 3.718938959435569291e-02 -9.993037626786825944e-01 -3.880193499999999851e+00 -3.698133287105746791e-02 9.986205408203090439e-01 3.727460892931846320e-02 9.475559999999999539e-02 9.993114838834052938e-01 3.706703054404023728e-02 -1.610411560416524779e-03 6.609958000000000222e-01
-3.235331318498400541e-03 3.606449019185258703e-02 -9.993442275704905731e-01 -3.937483799999999867e+00 -3.508489303386361918e-02 9.987300937879486362e-01 3.615591297585542263e-02 9.635939999999999783e-02 9.993790986968164036e-01 3.517886168591945195e-02 -1.965903970457039129e-03 6.609564999999999468e-01
-3.668282923800926520e-03 3.760758738334537415e-02 -9.992858515317800672e-01 -3.994777899999999882e+00 -3.291294965140769552e-02 9.987466324595599687e-01 3.770811445740222118e-02 9.761190000000000144e-02 9.994514902913670396e-01 3.302776895118237493e-02 -2.425908586996095018e-03 6.611067999999999945e-01
-2.987232334514960258e-03 4.020312493861584457e-02 -9.991870621601089963e-01 -4.051757300000000228e+00 -3.236496898622723273e-02 9.986641694417662807e-01 4.027884625591616335e-02 9.895329999999999404e-02 9.994716530374935237e-01 3.245898055018407030e-02 -1.682069006490261032e-03 6.604672999999999794e-01
-2.787653792957952518e-03 4.285625621161242432e-02 -9.990773595121925643e-01 -4.109069299999999814e+00 -3.287139838498804451e-02 9.985373962049157726e-01 4.292481273718484064e-02 9.995790000000000231e-02 9.994557019470876602e-01 3.296072941898604142e-02 -1.374831488719974182e-03 6.602529000000000314e-01
-2.342498081011267289e-03 4.325838383748129706e-02 -9.990611717660280444e-01 -4.165951699999999924e+00 -3.443540646831411839e-02 9.984679008380117349e-01 4.331343645447960355e-02 1.011177000000000048e-01 9.994041802414586062e-01 3.450453917825001271e-02 -8.492891110584155356e-04 6.596267999999999576e-01
-1.892398514186406557e-03 4.107056708203127987e-02 -9.991544562015541864e-01 -4.222579500000000152e+00 -3.378502124026818570e-02 9.985832222900877797e-01 4.111107515669902568e-02 1.025708000000000036e-01 9.994273316092860959e-01 3.383425306262126397e-02 -5.021474249369273224e-04 6.592710999999999988e-01
-1.619788259781173830e-03 3.983319254729256187e-02 -9.992050305405210109e-01 -4.279321200000000047e+00 -3.241702897468719258e-02 9.986790955109277057e-01 3.986477670738426682e-02 1.038496000000000002e-01 9.994731174566165999e-01 3.245583092397470726e-02 -3.263749172376373409e-04 6.591460000000000097e-01
-1.397421827618769994e-03 4.064683425040392650e-02 -9.991725987424074917e-01 -4.335422000000000331e+00 -3.036480795197252572e-02 9.987111126655124904e-01 4.067052835228073676e-02 1.053327000000000013e-01 9.995379060597330279e-01 3.039651795574676435e-02 -1.613873924550812688e-04 6.586999000000000049e-01
-1.195951301134710269e-03 4.321843876515572835e-02 -9.990649309485284402e-01 -4.392078399999999938e+00 -2.775819371728033280e-02 9.986792372732943290e-01 4.323498260419572636e-02 1.068658999999999998e-01 9.996139516743647313e-01 2.778394482311057068e-02 5.294062168426094672e-06 6.585782999999999499e-01
-1.161343147861109868e-03 4.601095892918161123e-02 -9.989402599457637422e-01 -4.448931700000000156e+00 -2.641201054580524787e-02 9.985910332681660062e-01 4.602557957641578018e-02 1.081175999999999943e-01 9.996504674039927707e-01 2.643747217178436110e-02 5.553507845867944326e-05 6.585834999999999884e-01
-5.401389549713631749e-04 4.948777532557172704e-02 -9.987745833486326719e-01 -4.562229199999999985e+00 -2.940371680833590157e-02 9.983420899767970758e-01 4.948224750974809794e-02 1.115236000000000005e-01 9.995674713033454450e-01 2.939441229360643948e-02 9.158810779636983312e-04 6.578545999999999561e-01
-4.550327409327474103e-04 4.485611296746826182e-02 -9.989933543696146723e-01 -4.674144700000000263e+00 -3.333900887839988392e-02 9.984374374627243975e-01 4.484633719574430272e-02 1.144622000000000001e-01 9.994439971465188810e-01 3.332585486252603174e-02 1.041136624654437348e-03 6.571698000000000262e-01
3.288442814927991335e-04 4.168966628869009289e-02 -9.991305538247623463e-01 -4.786516200000000332e+00 -3.518874786254540948e-02 9.985123128612596322e-01 4.165228791224173666e-02 1.173096000000000000e-01 9.993806301331364939e-01 3.514445602361387921e-02 1.795362219590979080e-03 6.563145999999999702e-01
-6.032295128168040435e-05 4.415805181656606154e-02 -9.990245556646277780e-01 -4.898759799999999665e+00 -3.352097707943763744e-02 9.984630305076078738e-01 4.413525580761554212e-02 1.204360000000000014e-01 9.994380123133106419e-01 3.349094160111525109e-02 1.419990806069915124e-03 6.563592999999999789e-01
-7.568923104777135289e-04 4.548301269362929611e-02 -9.989648255420916501e-01 -5.010701700000000258e+00 -3.579688049295234875e-02 9.983236285492766982e-01 4.548094136206064231e-02 1.233153000000000027e-01 9.993587996615648228e-01 3.579424865138347567e-02 8.725264920361741616e-04 6.558804999999999774e-01
-1.170714042929838286e-03 4.693284923657314867e-02 -9.988973606388029669e-01 -5.067300799999999938e+00 -3.988438681929920571e-02 9.981010307311499741e-01 4.694217870385553742e-02 1.248502999999999974e-01 9.992036154441588103e-01 3.989536459230936388e-02 7.033970205436723688e-04 6.554113999999999773e-01
-1.783975223302916666e-03 4.225438346197457617e-02 -9.991052920041267882e-01 -5.181156200000000212e+00 -4.338148191478707894e-02 9.981630299099751857e-01 4.229199389737003240e-02 1.280501000000000000e-01 9.990569875934405264e-01 4.341811602530206565e-02 5.235965779981643919e-05 6.547218000000000204e-01
-2.654313919937834401e-03 3.795401599914964563e-02 -9.992759615277205798e-01 -5.239016499999999965e+00 -4.316093659601734356e-02 9.983439309941617434e-01 3.803326174914338498e-02 1.301318999999999948e-01 9.990646066044822637e-01 4.323063863350361247e-02 -1.011787314819767580e-03 6.543444999999999956e-01
-3.194633172793678345e-03 3.728780085207516332e-02 -9.992994617363242238e-01 -5.297692299999999577e+00 -4.064115478519021024e-02 9.984740928916987501e-01 3.738692768636504155e-02 1.314184999999999937e-01 9.991686998983793089e-01 4.073212162059890867e-02 -1.674339173298400318e-03 6.538062000000000040e-01
-3.719081973768959513e-03 3.617100055166178746e-02 -9.993386949119722473e-01 -5.356066700000000402e+00 -3.603110790828398940e-02 9.986918438746662519e-01 3.628167913866389011e-02 1.331005000000000105e-01 9.993437485130798326e-01 3.614221489215965061e-02 -2.410935609876818653e-03 6.537190000000000500e-01
-5.422728352700572664e-03 4.231928149204160217e-02 -9.990894216391291716e-01 -5.474838300000000046e+00 -3.403573043384905406e-02 9.985174193337641446e-01 4.247978743913748134e-02 1.356171999999999933e-01 9.994059050611251438e-01 3.423509458198248367e-02 -3.974321063469288262e-03 6.531173999999999591e-01
-6.394753107553636552e-03 3.802151974449353294e-02 -9.992564591580140876e-01 -5.594535399999999825e+00 -3.256253539352031018e-02 9.987390353180840563e-01 3.821021618165265643e-02 1.389327999999999952e-01 9.994492425438316063e-01 3.278266871720456055e-02 -5.148612467339885868e-03 6.516138000000000208e-01
-7.403228018295009150e-03 3.448241354534005432e-02 -9.993778841714464622e-01 -5.654833299999999952e+00 -3.257263951249302070e-02 9.988666138033819308e-01 3.470606552397968031e-02 1.402681000000000067e-01 9.994419519762507420e-01 3.280931247456644190e-02 -6.271654075915567006e-03 6.510844999999999549e-01
-8.415328984986094121e-03 3.433265145720959532e-02 -9.993750303474630003e-01 -5.776663300000000056e+00 -3.391792485340353047e-02 9.988255388500565379e-01 3.459938315249478508e-02 1.427691000000000099e-01 9.993891917625054022e-01 3.418789237159893662e-02 -7.240953215885470584e-03 6.491057999999999550e-01
-8.762934774953698436e-03 3.870232420348919400e-02 -9.992123603495794981e-01 -5.838317899999999838e+00 -3.885192137331039408e-02 9.984830361789015507e-01 3.901480063468916459e-02 1.444302000000000086e-01 9.992065548122330831e-01 3.916320421276135721e-02 -7.245982063015077301e-03 6.478523000000000476e-01
-8.758490253880927418e-03 4.234320916809745927e-02 -9.990647333810854791e-01 -5.962797199999999798e+00 -5.142287769552834897e-02 9.977620368341165724e-01 4.273880557696518173e-02 1.474033999999999900e-01 9.986385614915856967e-01 5.174911100667956704e-02 -6.561479409016746089e-03 6.450344999999999551e-01
-9.104703990920934298e-03 3.896382315197703672e-02 -9.991991417383321306e-01 -6.086523099999999964e+00 -5.707052173404310313e-02 9.975915634755679884e-01 3.942116222761672673e-02 1.507008999999999987e-01 9.983286332236704919e-01 5.738373434827520603e-02 -6.859090173248705291e-03 6.426450999999999691e-01
-1.038193843830739413e-02 3.718486724138521382e-02 -9.992544725956966634e-01 -6.210199799999999826e+00 -5.498090833355379070e-02 9.977753904149014863e-01 3.770106100905414731e-02 1.533201999999999898e-01 9.984334304664885806e-01 5.533132865413250417e-02 -8.314384901351612456e-03 6.411687000000000358e-01
-1.077007158937181436e-02 3.788211273140537627e-02 -9.992241745939521858e-01 -6.271869699999999881e+00 -5.461763849487560885e-02 9.977680867942910758e-01 3.841560282102944590e-02 1.549340999999999913e-01 9.984492571599233868e-01 5.498900353584430800e-02 -8.677002185779048027e-03 6.401065000000000227e-01
-1.197757622598273099e-02 4.700499774493033939e-02 -9.988228410758086540e-01 -6.396059499999999787e+00 -5.394297940289779353e-02 9.974095392466392207e-01 4.758535481579734272e-02 1.581432000000000115e-01 9.984721792022497322e-01 5.444943715784283933e-02 -9.410959159660947648e-03 6.378968000000000416e-01
-1.136813544264188638e-02 4.419987717226223078e-02 -9.989580253216420180e-01 -6.519308099999999939e+00 -5.392700427901372939e-02 9.975415959366640273e-01 4.475089480250082213e-02 1.618257999999999919e-01 9.984801669067085994e-01 5.437954793936956160e-02 -8.956621006876663849e-03 6.358774000000000370e-01
-1.028507743051498662e-02 4.366928216727510720e-02 -9.989930985633702631e-01 -6.580681799999999804e+00 -5.332814579245088310e-02 9.976002355774242769e-01 4.415743246846217523e-02 1.634108999999999978e-01 9.985240738452868525e-01 5.372861221791051106e-02 -7.931593821545623868e-03 6.349183000000000465e-01
-8.401389305325170087e-03 4.512458029638286711e-02 -9.989460390385538346e-01 -6.703450199999999803e+00 -5.354853070670759912e-02 9.975276017234482318e-01 4.551086308803969915e-02 1.667287000000000075e-01 9.985299051690406102e-01 5.387444712422388704e-02 -5.964262751257942696e-03 6.329063000000000327e-01
-7.360933313996755739e-03 4.839550979802562103e-02 -9.988011269978304130e-01 -6.765218700000000140e+00 -5.499175546573635553e-02 9.972970959345270892e-01 4.872791059911421585e-02 1.690047000000000077e-01 9.984596754459057477e-01 5.528451023521704921e-02 -4.679683376964005603e-03 6.323199999999999932e-01
-5.329424880254224686e-03 4.655226189230945999e-02 -9.989016388729952123e-01 -6.887494600000000133e+00 -5.811417822747289019e-02 9.972131339350888135e-01 4.678362743849667077e-02 1.726227999999999929e-01 9.982957174702251635e-01 5.829967770123926224e-02 -2.609226042408319124e-03 6.307941999999999716e-01
-5.099871904932169742e-03 4.226781935409469615e-02 -9.990933003246510458e-01 -7.008923499999999862e+00 -5.435162583463440389e-02 9.976177172860276610e-01 4.248283095730847475e-02 1.757767000000000079e-01 9.985088342501960978e-01 5.451900222917659827e-02 -2.790397865869875815e-03 6.300715999999999539e-01
-5.376920066041883210e-03 4.159588521388080107e-02 -9.991200483745069638e-01 -7.070069300000000112e+00 -5.329857568875188967e-02 9.977023805002133150e-01 4.182369870967851677e-02 1.774942999999999937e-01 9.985641444394816046e-01 5.347655820526626969e-02 -3.147564513236722483e-03 6.299795000000000256e-01
-6.065112694462145015e-03 4.072398276527253169e-02 -9.991520262881605774e-01 -7.190774900000000081e+00 -4.815919255902559315e-02 9.979991012860091049e-01 4.096933004554399738e-02 1.799875999999999976e-01 9.988212585743587724e-01 4.836683843349497136e-02 -4.091742890508398567e-03 6.291908999999999974e-01
-5.686436069605864049e-03 4.086196716178810973e-02 -9.991486196179701906e-01 -7.251390500000000294e+00 -4.761547820049481794e-02 9.980203603215247465e-01 4.108681807383299939e-02 1.816807000000000005e-01 9.988495535767958344e-01 4.780857688075432904e-02 -3.729516868511861816e-03 6.282187999999999661e-01
-5.962384109812565551e-03 4.481812042101999266e-02 -9.989773701429147668e-01 -7.372192400000000312e+00 -4.260494439421658869e-02 9.980766193181207502e-01 4.503199622131964786e-02 1.850653999999999910e-01 9.990742057969932421e-01 4.282987336472272866e-02 -4.041442647006898703e-03 6.268462999999999674e-01
-6.071136891262504318e-03 4.311259119121029632e-02 -9.990517733218968743e-01 -7.432587100000000113e+00 -4.066782655910396865e-02 9.982330013028207771e-01 4.332439258571624263e-02 1.869987999999999928e-01 9.991542769661778678e-01 4.089229255913885697e-02 -4.307113819207564198e-03 6.263661000000000367e-01
-6.747747563940054497e-03 4.825228108271511357e-02 -9.988123874247496481e-01 -7.552967999999999904e+00 -4.263978924633143180e-02 9.979127719689439013e-01 4.849688561430674782e-02 1.902028000000000052e-01 9.990677235682483559e-01 4.291639443817907296e-02 -4.676196380056341084e-03 6.250027999999999695e-01
-6.282601099952539805e-03 5.521842454876648570e-02 -9.984545330227970750e-01 -7.613328899999999955e+00 -4.728414777297746535e-02 9.973409760282236913e-01 5.545436776714220140e-02 1.918294000000000110e-01 9.988617213072100709e-01 4.755946935598012737e-02 -3.654939366867782091e-03 6.240738000000000119e-01
-3.334940874237889760e-03 5.111883189081063011e-02 -9.986870096258809726e-01 -7.733630699999999969e+00 -5.586914508830386622e-02 9.971231629750885173e-01 5.122535002962040618e-02 1.965890000000000137e-01 9.984325299170032642e-01 5.596662295220358740e-02 -4.693813572026472869e-04 6.221946000000000421e-01
-1.592990359724753315e-03 4.553422205120506716e-02 -9.989615092704551280e-01 -7.793676900000000352e+00 -5.744122744577088990e-02 9.973092082142781534e-01 4.555050604036131601e-02 1.984885999999999873e-01 9.983476187036444127e-01 5.745413678057764706e-02 1.026837651059486767e-03 6.215319999999999734e-01
-5.880873892352197346e-04 4.409964479580078672e-02 -9.990269643418572265e-01 -7.853447400000000300e+00 -6.028213827802143127e-02 9.972087205631472440e-01 4.405486848738020961e-02 2.000309000000000115e-01 9.981812049712475154e-01 6.024938972051967906e-02 2.071975012593485488e-03 6.207093999999999667e-01
3.940863915246868923e-04 4.113287057242541456e-02 -9.991536076371784203e-01 -7.913241400000000425e+00 -5.465547722338851000e-02 9.976611082610286063e-01 4.104987055838278664e-02 2.012450000000000072e-01 9.985051945310049470e-01 5.459304004951932854e-02 2.641301336822943213e-03 6.210219999999999629e-01
4.913667536058912572e-04 3.666754393870908652e-02 -9.993273986938496778e-01 -7.972656200000000304e+00 -5.145747385614569264e-02 9.980045236722125956e-01 3.659370320347536676e-02 2.026252000000000053e-01 9.986750657461404002e-01 5.140488256287334412e-02 2.377205426476014516e-03 6.209048000000000345e-01
3.790523465036757435e-04 3.335751227000588459e-02 -9.994434114518314649e-01 -8.030960999999999572e+00 -4.549583869241066725e-02 9.984091628512847816e-01 3.330573818834946243e-02 2.037663000000000113e-01 9.989644563151346413e-01 4.545789161139281165e-02 1.896077333365830953e-03 6.205041999999999502e-01
