1.000000000000000000e+00 0.000000000000000000e+00 0.000000000000000000e+00 0.000000000000000000e+00 0.000000000000000000e+00 1.000000000000000000e+00 0.000000000000000000e+00 0.000000000000000000e+00 0.000000000000000000e+00 0.000000000000000000e+00 1.000000000000000000e+00 0.000000000000000000e+00
9.999997242591929236e-01 1.603969328181441127e-04 7.250892097167528031e-04 -4.472999999999999763e-04 -1.612029877803439486e-04 9.999993690220895237e-01 1.111741435504596002e-03 -1.582000000000000073e-03 -7.249104322851365571e-04 -1.111858015499128964e-03 9.999991191379212774e-01 6.009849999999999914e-02
9.999982314250382975e-01 1.140411288347532729e-03 1.495529634910942613e-03 -5.758999999999999580e-04 -1.145983761301851795e-03 9.999923848736343990e-01 3.730538293568421131e-03 -2.013500000000000099e-03 -1.491263898282191303e-03 -3.732245548507955122e-03 9.999919232049583329e-01 8.928020000000000400e-02
9.999952890008608763e-01 6.484442286889997853e-04 3.000249350801687583e-03 -6.388999999999999714e-04 -6.727433742170431559e-04 9.999669265640446225e-01 8.105133830545461007e-03 -2.732200000000000167e-03 -2.994894394991764238e-03 -8.107114045138712546e-03 9.999626519572728522e-01 1.175432000000000005e-01
9.999921312453503575e-01 -6.767768580259859816e-05 3.966467838360955740e-03 -2.840000000000000185e-04 2.192064774675348918e-05 9.999334708838987229e-01 1.153487431939797039e-02 -3.112199999999999862e-03 -3.966984606361586597e-03 -1.153469660675775221e-02 9.999256041362891700e-01 1.447400000000000075e-01
9.999861034488058964e-01 -1.066437775721891610e-03 5.162908070503484902e-03 -2.775000000000000231e-04 9.947053920745098192e-04 9.999032222260055836e-01 1.387648165905869778e-02 -3.609100000000000068e-03 -5.177206819988416746e-03 -1.387115325132441505e-02 9.998903878110946275e-01 1.708749999999999991e-01
9.999786693467604959e-01 -5.921942552893845642e-04 6.504625849820107504e-03 -3.262000000000000142e-04 5.021737988163180698e-04 9.999042019950732385e-01 1.383237702173715188e-02 -4.037200000000000337e-03 -6.512194173850170166e-03 -1.382881551542654124e-02 9.998831707697066751e-01 1.958447000000000104e-01
9.999712306389603178e-01 3.581899993603898202e-04 7.576911925556598787e-03 -1.865000000000000067e-04 -4.445912057077379387e-04 9.999348664527901720e-01 1.140461269401936255e-02 -4.473600000000000319e-03 -7.572333396192414481e-03 -1.140765321900777569e-02 9.999062582137246968e-01 2.197987999999999886e-01
9.999467798107198879e-01 -1.435982203450229897e-03 1.021643290405326553e-02 3.665000000000000180e-04 1.366364248599509154e-03 9.999758234589707362e-01 6.818030968946350336e-03 -4.816800000000000422e-03 -1.022597647717796675e-02 -6.803708743379350589e-03 9.999245666311151748e-01 2.635263999999999940e-01
9.998816016632519066e-01 -7.109206589747343701e-03 1.364704499128657246e-02 1.377500000000000035e-03 7.064754742276847972e-03 9.999695902398567648e-01 3.302701313221253088e-03 -5.456199999999999592e-03 -1.367010957386164370e-02 -3.205897253058735078e-03 9.999014203045425431e-01 3.026401000000000230e-01
9.998695997869608831e-01 -2.703071164833204844e-03 1.592095562899948497e-02 1.225799999999999980e-03 2.680351660215283573e-03 9.999953592277711634e-01 1.448184345532761404e-03 -5.943999999999999631e-03 -1.592479628881651732e-02 -1.405321742133181255e-03 9.998722048011740027e-01 3.199438000000000004e-01
9.998181841889558497e-01 1.461015763072829286e-03 1.901220655366261253e-02 1.275199999999999988e-03 -1.478450131777061995e-03 9.999984993996603455e-01 9.029859551930064258e-04 -6.489599999999999883e-03 -1.901085874722462793e-02 -9.309303773538368234e-04 9.998188439003965478e-01 3.361077000000000092e-01
9.994839307514514770e-01 -1.042115481706316037e-02 3.038538632149911239e-02 3.683099999999999916e-03 1.031533707345185825e-02 9.999401805026622014e-01 3.637201859180895763e-03 -7.566200000000000356e-03 -3.042147252663837675e-02 -3.321889309137291465e-03 9.995316398497492427e-01 3.879460000000000131e-01
9.991956612876011778e-01 -6.895325358211092624e-03 3.950297396700352959e-02 5.088299999999999594e-03 6.843907921436691473e-03 9.999755481195911067e-01 1.436693177482602571e-03 -8.347500000000000753e-03 -3.951191451190695647e-02 -1.165182873089031044e-03 9.992184200466263100e-01 4.218548999999999771e-01
9.990760723187029901e-01 -2.767045864885737776e-03 4.288758768472937521e-02 5.264399999999999809e-03 2.782471625321351894e-03 9.999960839215340513e-01 -2.999887506347834448e-04 -9.051899999999999877e-03 -4.288658965093883335e-02 4.190450785352352239e-04 9.990798590850152872e-01 4.354441000000000006e-01
9.987822083920187000e-01 -4.907312220802992689e-03 4.909193911763588131e-02 6.776100000000000179e-03 5.212356348601888262e-03 9.999678854612235046e-01 -6.087642195844774305e-03 -9.468900000000000580e-03 -4.906048859170992343e-02 6.336113396791268233e-03 9.987757116220666864e-01 4.596820999999999824e-01
9.986847601721640100e-01 -3.761440733250602172e-03 5.113317282818769655e-02 7.422699999999999958e-03 4.306590512260816128e-03 9.999350165162856907e-01 -1.055537885322477103e-02 -9.680700000000000416e-03 -5.109014658451054708e-02 1.076170563552277838e-02 9.986360611422899769e-01 4.701724999999999932e-01
9.999320593399707580e-01 -8.487696750792351336e-03 -7.989725151208744783e-03 6.802500000000000387e-03 8.287535290985196396e-03 9.996590556726480115e-01 -2.476063752148510710e-02 -1.133660000000000050e-02 8.197161882379995143e-03 2.469274013827323783e-02 9.996614802629627539e-01 5.301124999999999865e-01
9.960048190182234640e-01 -7.250285946032112433e-03 -8.900468440580466822e-02 2.095899999999999933e-03 4.943693593116615589e-03 9.996468894416716822e-01 -2.610854885373260423e-02 -1.240849999999999939e-02 8.916255035682579821e-02 2.556422858783604160e-02 9.956889623926618027e-01 5.600093000000000432e-01
9.764024889220882519e-01 -5.123739054876903787e-03 -2.158979548880647914e-01 -9.169800000000000520e-03 1.603594318715292075e-03 9.998629642147940366e-01 -1.647668889268412776e-02 -1.349120000000000007e-02 2.159527913966668433e-01 1.574166731013095996e-02 9.762769032391808155e-01 5.992566000000000281e-01
9.549878352757408262e-01 6.597781608938728479e-04 -2.966442299592779719e-01 -1.865510000000000085e-02 -2.816012526642782884e-03 9.999726314603063493e-01 -6.841520576609473950e-03 -1.410800000000000075e-02 2.966315973540316620e-01 7.368922792972349214e-03 9.549635565968299655e-01 6.211520000000000374e-01
9.241856744932435141e-01 6.767522016444260657e-03 -3.818835420743155740e-01 -3.072739999999999846e-02 -6.238722082947373293e-03 9.999770991974481493e-01 2.622866262090094158e-03 -1.472560000000000015e-02 3.818925469398955497e-01 -4.155013848211098516e-05 9.242067305886414452e-01 6.442603000000000080e-01
8.832844569627066322e-01 1.427031757902081331e-02 -4.686202365714591256e-01 -4.579319999999999918e-02 -7.701708239442538531e-03 9.998434415685188981e-01 1.593034973295339232e-02 -1.510730000000000059e-02 4.687742012720953477e-01 -1.046185397592581598e-02 8.832560771560508117e-01 6.676273000000000346e-01
8.305380707934194584e-01 2.253018988024549016e-02 -5.565059779613377167e-01 -6.443970000000000253e-02 -1.175813565336651309e-02 9.996680718328511128e-01 2.292362109149698179e-02 -1.521989999999999975e-02 5.568377314879999762e-01 -1.249546725615244269e-02 8.305273048427417315e-01 6.910984999999999490e-01
7.663565666579447155e-01 2.802423575986136631e-02 -6.418039069297747368e-01 -8.736700000000000021e-02 -1.483403829467747417e-02 9.995536293952592688e-01 2.593247521230414299e-02 -1.447440000000000011e-02 6.422441623308998704e-01 -1.035297893557376309e-02 7.664302002002794101e-01 7.142760999999999694e-01
6.910600972228400085e-01 3.297712528753918293e-02 -7.220446324391095461e-01 -1.145404000000000005e-01 -1.428518682955533595e-02 9.993866845959397116e-01 3.197167636487698028e-02 -1.369120000000000059e-02 7.226561253207527402e-01 -1.177980730341877079e-02 6.911073438159159865e-01 7.368266999999999456e-01
6.078801081788954841e-01 3.122785383386969538e-02 -7.934145166464656729e-01 -1.465202999999999922e-01 -6.252973517802446965e-03 9.993836233544501901e-01 3.454379384369992562e-02 -1.295879999999999949e-02 7.940042030131830852e-01 -1.603728517738738785e-02 6.077006920199605755e-01 7.592214000000000462e-01
5.170606210432048266e-01 3.298886431109378237e-02 -8.553128369186793201e-01 -1.835571000000000008e-01 -9.703220399798588580e-04 9.992789798594488015e-01 3.795495865098794108e-02 -1.197720000000000035e-02 8.559482301176595254e-01 -1.879508559500908324e-02 5.167198197436616569e-01 7.794467999999999952e-01
4.677009064299754715e-01 3.223698647856283739e-02 -8.832987257023300343e-01 -2.038410999999999973e-01 -6.298637630271566867e-05 9.993358937769850625e-01 3.643854335275958922e-02 -1.106990000000000057e-02 8.838867903511712365e-01 -1.698670396914881559e-02 4.673923338384667892e-01 7.882535000000000514e-01
4.155469124356176436e-01 3.111384437200193434e-02 -9.090394338276091002e-01 -2.249847000000000097e-01 4.762617246743591076e-03 9.993266346173197423e-01 3.638124271355697159e-02 -1.048639999999999989e-02 9.095592784652279938e-01 -1.944751996570680957e-02 4.151189141980852204e-01 7.964185000000000292e-01
3.618112938543769919e-01 3.028457894928969496e-02 -9.317593208105223734e-01 -2.475510999999999961e-01 9.874937562213156536e-03 9.992916354049902194e-01 3.631408841981789010e-02 -9.943199999999999261e-03 9.321990523743113322e-01 -2.233991243233060531e-02 3.612559412175136986e-01 8.040395999999999654e-01
3.080421305033171908e-01 2.909072171903306914e-02 -9.509278499154617537e-01 -2.713042999999999982e-01 1.188912513117261309e-02 9.993366333678110891e-01 3.442298523812860334e-02 -9.104700000000000293e-03 9.512984255945095002e-01 -2.190942990939922716e-02 3.074919224019592168e-01 8.102800000000000002e-01
2.549379016983020496e-01 3.484919310713600893e-02 -9.663292399681633338e-01 -2.967120999999999786e-01 1.241582124907749524e-02 9.991499881708769681e-01 3.930837723498048497e-02 -8.140899999999999526e-03 9.668777139123527764e-01 -2.201896632265284981e-02 2.542885201138739282e-01 8.154033000000000531e-01
2.039767267765739411e-01 3.998714593690398666e-02 -9.781587412548821137e-01 -3.231178000000000106e-01 1.484859889916836061e-02 9.989241514480106110e-01 4.393243408466620398e-02 -7.373199999999999893e-03 9.788631232425942796e-01 -2.348548091252695286e-02 2.031635256192921846e-01 8.194141000000000341e-01
1.558129366510496161e-01 4.117529718755848223e-02 -9.869280235527271294e-01 -3.504774999999999974e-01 1.956629989073544601e-02 9.988061419508291738e-01 4.475992303261885907e-02 -6.460999999999999729e-03 9.875927747208166352e-01 -2.628470473139077335e-02 1.548212699096018774e-01 8.226510999999999685e-01
1.112459656922468731e-01 4.275909617178556832e-02 -9.928725974724911252e-01 -3.793248000000000175e-01 2.202739276756155926e-02 9.987224077893915863e-01 4.547907372873660065e-02 -5.920500000000000415e-03 9.935487552632044084e-01 -2.692975814841781085e-02 1.101619673072550265e-01 8.249258999999999897e-01
7.089092514178213511e-02 4.095040485881315528e-02 -9.966431362701705376e-01 -4.089467999999999992e-01 2.138412392357268849e-02 9.988649219771456034e-01 4.256274060269083642e-02 -4.952200000000000352e-03 9.972548300091425011e-01 -2.432965239147392295e-02 6.993476987841251713e-02 8.258020000000000360e-01
3.514168419119695352e-02 3.666075232225712160e-02 -9.987096931898540308e-01 -4.399187999999999987e-01 1.882188593679978705e-02 9.991254115332397490e-01 3.733829988518820586e-02 -3.681900000000000103e-03 9.992050833747736505e-01 -2.010973067199723491e-02 3.442092518093398112e-02 8.260072000000000525e-01
6.452168716375560747e-03 3.660920129688833430e-02 -9.993088290910172589e-01 -4.720612000000000141e-01 1.612675373108941879e-02 9.991958583737413635e-01 3.670918717240784224e-02 -2.349799999999999979e-03 9.998491372866973315e-01 -1.635246125713155085e-02 5.856592685324235603e-03 8.253970000000000473e-01
-2.738364882095799951e-02 4.716083044539982894e-02 -9.985118886868354915e-01 -5.396132999999999624e-01 1.673391979399038720e-02 9.987681296464943070e-01 4.671401428663400635e-02 -3.392000000000000050e-04 9.994849232007351203e-01 -1.542981769638895884e-02 -2.813910126989593863e-02 8.228929999999999856e-01
-3.539577798012519955e-02 4.965369386938572188e-02 -9.981390933062920245e-01 -5.753321000000000129e-01 1.634489933983116622e-02 9.986601197905048410e-01 4.909999394689843616e-02 8.633999999999999531e-04 9.992397025572753444e-01 -1.457655052267178147e-02 -3.615993650585580532e-02 8.216132999999999909e-01
-3.946745288463832796e-02 4.682816603353335411e-02 -9.981229598745510190e-01 -6.116747000000000156e-01 1.726173181634949733e-02 9.987841366504934815e-01 4.617662817951041776e-02 2.154200000000000212e-03 9.990717455605974129e-01 -1.540685695604918082e-02 -4.022780109869983356e-02 8.202207000000000248e-01
-3.875290629194735187e-02 4.298920691175308478e-02 -9.983236651222014979e-01 -6.488815999999999473e-01 2.486759676993218621e-02 9.988062113516320562e-01 4.204467619433868014e-02 3.470500000000000061e-03 9.989393449478377596e-01 -2.319655695350524710e-02 -3.977568177526547011e-02 8.189939999999999998e-01
-2.912651647952104947e-02 4.134485403019669963e-02 -9.987203057327862510e-01 -7.271010999999999447e-01 3.709220767626494192e-02 9.985007673735486478e-01 4.025401450955442412e-02 6.459999999999999597e-03 9.988872880197590121e-01 -3.587228177376389909e-02 -3.061642096775296640e-02 8.176826000000000372e-01
-2.053633494257795303e-02 3.357440251925680047e-02 -9.992252090708084733e-01 -8.082972000000000490e-01 3.873561054497656059e-02 9.987123034869992422e-01 3.276106438136311416e-02 8.749599999999999739e-03 9.990384434158847693e-01 -3.803280635407858823e-02 -2.181041535594874237e-02 8.154371999999999732e-01
-1.775037693999052466e-02 1.486782079607631459e-02 -9.997319000728464022e-01 -8.938460000000000294e-01 2.905005350719509077e-02 9.994749737733230610e-01 1.434821215497876327e-02 1.021689999999999925e-02 9.994203412527269403e-01 -2.878757901580017431e-02 -1.817296851622507425e-02 8.133721000000000423e-01
-2.242251768201582521e-02 1.791710941292838991e-02 -9.995880190814037114e-01 -9.840478000000000280e-01 1.417274867526822045e-02 9.997446188438163794e-01 1.760199669980659284e-02 1.162460000000000056e-02 9.996481200381397425e-01 -1.377222869100975036e-02 -2.267072608222231445e-02 8.100657999999999470e-01
-3.152290463067575904e-02 3.565500848301464409e-02 -9.988668714366902845e-01 -1.078600000000000003e+00 7.590081360208847383e-03 9.993432493460018273e-01 3.543248017737607447e-02 1.335079999999999947e-02 9.994742103469157479e-01 -6.464546128762016508e-03 -3.177282635772871178e-02 8.060281000000000251e-01
-3.410294898013974119e-02 5.343728432283934016e-02 -9.979887000938725272e-01 -1.176687100000000097e+00 8.303818150291387978e-03 9.985502249494624394e-01 5.318359575569078790e-02 1.631749999999999867e-02 9.993838279034659156e-01 -6.473399228988499510e-03 -3.449724086702088410e-02 8.021717999999999904e-01
-3.765825264884979651e-02 5.121838660229937473e-02 -9.979772206224412079e-01 -1.275996099999999966e+00 7.902731640632522370e-03 9.986696459415960181e-01 5.095571712284391319e-02 2.049120000000000108e-02 9.992594271959865937e-01 -5.967842888728088629e-03 -3.801291900399017543e-02 7.984455000000000302e-01
-4.503959188489541077e-02 4.129821414778020450e-02 -9.981312001290442160e-01 -1.376066299999999964e+00 7.611313842915426453e-03 9.991303156359557791e-01 4.099610077531876812e-02 2.373619999999999897e-02 9.989562067800702438e-01 -5.750642172795583651e-03 -4.531475532510087501e-02 7.935759000000000007e-01
-5.743278416429260097e-02 3.456152057790261301e-02 -9.977509592069960798e-01 -1.477186799999999911e+00 6.832841705566600893e-03 9.993907949222735621e-01 3.422500984444914324e-02 2.657709999999999934e-02 9.983259926383586391e-01 -4.851836762421601543e-03 -5.763394921976427998e-02 7.875412000000000523e-01
-7.018770680630731507e-02 4.166844552487991571e-02 -9.966631459328733067e-01 -1.580767999999999951e+00 5.099677888269444487e-03 9.991291235817297833e-01 4.141240993036350571e-02 2.953829999999999997e-02 9.975207662493587035e-01 -2.176018921031974696e-03 -7.033907763787905498e-02 7.799274000000000484e-01
-8.119094233249568582e-02 4.667361397237149157e-02 -9.956051449454844660e-01 -1.685190900000000047e+00 -4.065376363808631544e-04 9.989013235437683713e-01 4.686129052488861857e-02 3.301729999999999943e-02 9.966984827972354966e-01 4.209463299027330768e-03 -8.108276517499002356e-02 7.711365999999999499e-01
-8.545784893582931974e-02 4.921299025981788061e-02 -9.951256391255067779e-01 -1.788892099999999985e+00 -9.120921395936266995e-03 9.986988942751614529e-01 5.017297446294302632e-02 3.670759999999999995e-02 9.963000375630577388e-01 1.336413720585998346e-02 -8.489779142352771313e-02 7.612854999999999484e-01
-8.815834049493460889e-02 4.802398939722878068e-02 -9.949481410825161687e-01 -1.893570500000000045e+00 -1.090888846482556199e-02 9.987306927936467904e-01 4.917315755963086454e-02 4.020669999999999800e-02 9.960467374343643376e-01 1.518880226670768496e-02 -8.752255213407389434e-02 7.512446999999999875e-01
-9.013332353939643160e-02 4.649876831777298436e-02 -9.948436301915355440e-01 -1.998600600000000060e+00 -1.401736413049964672e-02 9.987513091176057900e-01 4.795139245842230946e-02 4.370790000000000092e-02 9.958310587095462463e-01 1.826710378792242850e-02 -8.936898471296295110e-02 7.409793999999999548e-01
-9.121554602632801767e-02 3.902097237196667373e-02 -9.950663736044271790e-01 -2.105097499999999844e+00 -2.362591428012191658e-02 9.988659447498452471e-01 4.133570603518949699e-02 4.713810000000000222e-02 9.955508728023634291e-01 2.727981184219354510e-02 -9.019019640907399715e-02 7.303159000000000178e-01
-8.864888762555894752e-02 4.229531417520292214e-02 -9.951645497713291766e-01 -2.213021499999999975e+00 -2.632381732165075747e-02 9.986496184831860079e-01 4.478834831742894984e-02 5.059589999999999921e-02 9.957150352206035615e-01 3.016696707008942324e-02 -8.741580368231338660e-02 7.198491000000000195e-01
-8.510687525134394416e-02 4.502108088939202335e-02 -9.953541691581456741e-01 -2.321342500000000086e+00 -2.480960500178963635e-02 9.985731462081163246e-01 4.728800240736653893e-02 5.426919999999999661e-02 9.960629012690950246e-01 2.871887789546710701e-02 -8.386848495005672088e-02 7.098366000000000398e-01
-7.842474033307393622e-02 4.444390451089766381e-02 -9.959288626480888862e-01 -2.430973100000000109e+00 -2.877987998635546385e-02 9.984884542422544085e-01 4.682440872968408885e-02 5.836419999999999803e-02 9.965045301510979670e-01 3.233490523783469350e-02 -7.702710751157249014e-02 7.004685000000000494e-01
-7.270427287386899140e-02 4.541723358905236374e-02 -9.963189065750983620e-01 -2.485783099999999912e+00 -3.389138078628249617e-02 9.982731813660862263e-01 4.797947137716480209e-02 6.007090000000000346e-02 9.967775393809199524e-01 3.725493602665864296e-02 -7.103947302287916266e-02 6.955559999999999521e-01
-6.091105872117252851e-02 4.388171505391248728e-02 -9.971781375508557144e-01 -2.596094100000000182e+00 -3.898053654162694781e-02 9.981664425480499814e-01 4.630627108607858478e-02 6.407459999999999545e-02 9.973817527388362247e-01 4.169110282659528599e-02 -5.908884199837982631e-02 6.874976000000000420e-01
-5.519164949003117077e-02 4.287024448508657687e-02 -9.975550230259774276e-01 -2.651221000000000050e+00 -3.846578166172207741e-02 9.982448873933915667e-01 4.502808494825907837e-02 6.602130000000000498e-02 9.977345666397060553e-01 4.085690799294304509e-02 -5.344574446608374441e-02 6.840144000000000224e-01
-4.962597999001725629e-02 4.254039167535168114e-02 -9.978615020062343577e-01 -2.706892700000000040e+00 -3.682994458892992901e-02 9.983350570143120217e-01 4.439221911333974396e-02 6.797849999999999726e-02 9.980885818862005321e-01 3.895419120374706695e-02 -4.797659529453035532e-02 6.807237999999999900e-01
-4.413197198339106203e-02 4.267872332100615396e-02 -9.981136686893665733e-01 -2.762640199999999879e+00 -3.614770273203024575e-02 9.983646326815903693e-01 4.428773868408638487e-02 7.018220000000000014e-02 9.983715303613451830e-01 3.803402143137316754e-02 -4.251706219512219054e-02 6.779003999999999586e-01
-3.305745962191827120e-02 4.594322616777021112e-02 -9.983969272451924670e-01 -2.874714399999999781e+00 -3.598209300082119005e-02 9.982405999402929053e-01 4.712741892067037752e-02 7.312369999999999981e-02 9.988055332979615120e-01 3.748232383592592365e-02 -3.134616488875918705e-02 6.735921999999999743e-01
-2.323188651651451539e-02 4.007195903836045792e-02 -9.989266827689168293e-01 -2.987931300000000068e+00 -3.577740422303364587e-02 9.985229903864376588e-01 4.088783458178982255e-02 7.715139999999999498e-02 9.990897140877518234e-01 3.668890525150776682e-02 -2.176390212026413362e-02 6.706971999999999934e-01
-1.898159363666693591e-02 3.515989897222395605e-02 -9.992014214397790806e-01 -3.044050899999999782e+00 -3.522552661509770894e-02 9.987375078133124973e-01 3.581274579730855945e-02 7.814999999999999725e-02 9.991991099764356843e-01 3.587717925250817619e-02 -1.771910356597949932e-02 6.693147999999999875e-01
-1.510310989006763416e-02 3.436181763359694163e-02 -9.992953325021407540e-01 -3.100936400000000148e+00 -3.548021451063955445e-02 9.987615134883413015e-01 3.487970115635894569e-02 7.975569999999999882e-02 9.992562486419225287e-01 3.598200471615404378e-02 -1.386524023156920915e-02 6.681569000000000536e-01
-1.190595922193538221e-02 3.639320912526795848e-02 -9.992666223108679358e-01 -3.158233899999999927e+00 -3.494648516832726814e-02 9.987118126411500540e-01 3.678937979102462480e-02 8.125129999999999852e-02 9.993182632722099612e-01 3.535886905138344721e-02 -1.061880737284670584e-02 6.673086999999999769e-01
-8.546547831734698300e-03 3.681298963145820252e-02 -9.992856249914504607e-01 -3.271928500000000017e+00 -3.628557959181370057e-02 9.986525653333215846e-01 3.710000629194033783e-02 8.298590000000000133e-02 9.993049150453757745e-01 3.657673505891430310e-02 -7.199251251620908398e-03 6.651753999999999722e-01
-8.099011971665442261e-03 3.729767430071330436e-02 -9.992713793043613846e-01 -3.329716200000000015e+00 -3.753066337653433726e-02 9.985887367414243432e-01 3.757637768177955750e-02 8.462989999999999402e-02 9.992626558175784490e-01 3.780764929117369499e-02 -6.687775674731333275e-03 6.648547000000000207e-01
-5.794528902949415937e-03 3.535625085033787529e-02 -9.993579733812111288e-01 -3.444458700000000206e+00 -3.843839659640334305e-02 9.986282850808673173e-01 3.555331072549459959e-02 8.670260000000000467e-02 9.992441709121405724e-01 3.861973280919928087e-02 -4.427542868856715330e-03 6.632628000000000412e-01
-5.083861247808667098e-03 3.395268648497862252e-02 -9.994105109689740418e-01 -3.502355600000000013e+00 -3.657739254761858960e-02 9.987483044263387733e-01 3.411625360338908786e-02 8.791060000000000541e-02 9.993178917187616195e-01 3.672927287554292319e-02 -3.835597059580364565e-03 6.627684000000000353e-01
-5.028047403717086569e-03 3.372375834707964232e-02 -9.994185443858113471e-01 -3.560196200000000033e+00 -3.316773887931714210e-02 9.988756519360212360e-01 3.387230531011941465e-02 8.915760000000000352e-02 9.994371515192636002e-01 3.331876486810827348e-02 -3.903853317468009010e-03 6.625478999999999674e-01
-4.999515290285976195e-03 3.437089752771705503e-02 -9.993966411040220432e-01 -3.618250100000000025e+00 -3.094547039521140103e-02 9.989251589002440257e-01 3.450948823354607620e-02 9.030779999999999363e-02 9.995085706030146788e-01 3.109932988444178217e-02 -3.930518013872341676e-03 6.623031999999999808e-01
-4.887214235007924547e-03 3.771982190639941446e-02 -9.992764032900860460e-01 -3.676436199999999932e+00 -3.022328521674512436e-02 9.988262520243718079e-01 3.785064461344612302e-02 9.105779999999999430e-02 9.995312242084928300e-01 3.038639995615855655e-02 -3.741460941391161477e-03 6.618093999999999921e-01
-4.477520146512748572e-03 4.145590832582173729e-02 -9.991303015514133579e-01 -3.734729800000000211e+00 -3.238918711833984471e-02 9.986100780628150986e-01 4.157947269015696556e-02 9.229360000000000341e-02 9.994653032352599498e-01 3.254719121920360281e-02 -3.128573571111181728e-03 6.610186999999999591e-01
-3.952233425172139124e-03 4.165472997609522693e-02 -9.991242481901698724e-01 -3.792458499999999955e+00 -3.438848273960658924e-02 9.985354354169441171e-01 4.176621208059925344e-02 9.352860000000000340e-02 9.994007264885398367e-01 3.452343678303782665e-02 -2.514002161267736568e-03 6.603134000000000503e-01
-3.145481677352421433e-03 3.720660383668550342e-02 -9.993026441353777267e-01 -3.907506199999999819e+00 -3.478804983192342049e-02 9.986986421003241077e-01 3.729361682460527461e-02 9.636809999999999821e-02 9.993897625720952194e-01 3.488109656975836581e-02 -1.847043091576017204e-03 6.592183999999999822e-01
-3.284340123971322533e-03 3.638599989210588442e-02 -9.993324132248500025e-01 -3.965265000000000040e+00 -3.261403354273650218e-02 9.988022730092702695e-01 3.647388445982310823e-02 9.770249999999999768e-02 9.994626245768392092e-01 3.271205348746754338e-02 -2.093712160190941418e-03 6.589536999999999756e-01
-3.677287488704453211e-03 3.773042344829904970e-02 -9.992811880062275609e-01 -4.023144199999999948e+00 -3.070857047437247286e-02 9.988123937812515285e-01 3.782572839201860798e-02 9.900670000000000304e-02 9.995216162025442053e-01 3.082559286337099164e-02 -2.514272951724683125e-03 6.590576000000000212e-01
-3.209963035145278754e-03 4.034427245724546418e-02 -9.991806822678310773e-01 -4.080623100000000392e+00 -3.004320527307738006e-02 9.987309031688335059e-01 4.042262822338240497e-02 1.003980000000000011e-01 9.995434467566843839e-01 3.014834548464643410e-02 -1.993818022203219797e-03 6.585273000000000376e-01
-2.991792835160665513e-03 4.286449051613845651e-02 -9.990764158103339065e-01 -4.138295699999999577e+00 -3.053290854245029051e-02 9.986111579066834221e-01 4.293596161973509129e-02 1.015196000000000015e-01 9.995292845492670386e-01 3.063316433320062426e-02 -1.678860138688675896e-03 6.583099000000000034e-01
-2.474761907786879322e-03 4.324036056526685268e-02 -9.990616331196416899e-01 -4.195571400000000395e+00 -3.222862384184255191e-02 9.985422493561059154e-01 4.329771421344792703e-02 1.027121000000000006e-01 9.994774591549130394e-01 3.230553310245952436e-02 -1.077577006578733787e-03 6.576448999999999767e-01
-2.032494944998132838e-03 4.111279055494659884e-02 -9.991524445334072357e-01 -4.252757100000000179e+00 -3.160195067211260533e-02 9.986528214445772322e-01 4.115651752156185283e-02 1.041205000000000047e-01 9.994984670713686903e-01 3.165881667988176829e-02 -7.305124322839473550e-04 6.572097999999999551e-01
-1.866285970959975912e-03 3.982266481909445960e-02 -9.992050201752293859e-01 -4.309886900000000409e+00 -3.017294896392169051e-02 9.987495703369255740e-01 3.986086931599987920e-02 1.054339999999999999e-01 9.995429506166781941e-01 3.022335385943625968e-02 -6.623850784281959392e-04 6.570947000000000315e-01
-1.459291661515981463e-03 4.060569040387752848e-02 -9.991741832006424406e-01 -4.366620099999999560e+00 -2.820614966975752355e-02 9.987760304237025544e-01 4.063070479180198175e-02 1.069425999999999988e-01 9.996010622186501937e-01 2.824214860621923964e-02 -3.121753519437220348e-04 6.564729999999999732e-01
-1.347197262451510676e-03 4.328045608021267865e-02 -9.990620537188992234e-01 -4.423724700000000176e+00 -2.566900404526623394e-02 9.987322686353280465e-01 4.330078310902799044e-02 1.083563000000000026e-01 9.996695890597353529e-01 2.570326259484891421e-02 -2.345231760235710894e-04 6.563970000000000082e-01
-1.217961156889338153e-03 4.618569717155533022e-02 -9.989321287992483089e-01 -4.481230700000000233e+00 -2.428178407779257170e-02 9.986369720284293816e-01 4.620165646261419068e-02 1.095407999999999937e-01 9.997044120802007772e-01 2.431212608282842802e-02 -9.482991556220010665e-05 6.563525999999999527e-01
-3.904042410391209660e-04 4.978148023623071849e-02 -9.987600571759055468e-01 -4.595260099999999959e+00 -2.755328897317400882e-02 9.983804045295320284e-01 4.977332737730941897e-02 1.130073000000000050e-01 9.996202598243441040e-01 2.753855618833025293e-02 9.818715663625354750e-04 6.553407999999999456e-01
-1.733732818613225798e-04 4.496491105588030363e-02 -9.989885518440347889e-01 -4.707891499999999674e+00 -3.161234472506415510e-02 9.984890308443902240e-01 4.494791368255115355e-02 1.160936999999999941e-01 9.995001898962744269e-01 3.158816324459422925e-02 1.248334948650287046e-03 6.544701000000000546e-01
4.974769105856721371e-04 4.192541592457494498e-02 -9.991206193529760249e-01 -4.821640999999999622e+00 -3.306249773530788721e-02 9.985751993085669742e-01 4.188606653003385666e-02 1.188986999999999961e-01 9.994531623644129503e-01 3.301258586368325393e-02 1.882927074197571216e-03 6.536058000000000145e-01
4.791864504966074009e-04 4.409092039210117664e-02 -9.990274075916653063e-01 -4.934784900000000363e+00 -3.166481641108906397e-02 9.985272228085136925e-01 4.405365719175848016e-02 1.223594999999999960e-01 9.994984291043172986e-01 3.161290953541520676e-02 1.874611615233723327e-03 6.534248999999999752e-01
5.052185311055046139e-04 4.635619000261616274e-02 -9.989248462235170711e-01 -4.991477999999999859e+00 -3.080037229957741096e-02 9.984517609576378794e-01 4.631865830094213793e-02 1.236431000000000058e-01 9.995254283010729379e-01 3.074385611847286343e-02 1.932224242521263236e-03 6.534786000000000206e-01
-2.120389188853947539e-04 4.683667782669072993e-02 -9.989025381135318016e-01 -5.105272799999999833e+00 -3.837572548491258867e-02 9.981663683569313994e-01 4.681030628655816900e-02 1.270121999999999918e-01 9.992633580458175624e-01 3.834353519556502748e-02 1.585741373288263034e-03 6.524383000000000266e-01
-3.409847529686265907e-04 4.267169262730736989e-02 -9.990890903106284249e-01 -5.220073199999999858e+00 -4.211772491101642424e-02 9.982019986333892092e-01 4.264817900716394439e-02 1.294923000000000046e-01 9.991125967465921409e-01 4.209390184608401142e-02 1.456862949647530492e-03 6.512421000000000459e-01
-1.240487120436520319e-03 3.825419645466007768e-02 -9.992672703763053610e-01 -5.278289299999999962e+00 -4.186911238107540734e-02 9.983897971098913970e-01 3.827258098548616538e-02 1.315581999999999863e-01 9.991223341614002829e-01 4.188591028589436216e-02 3.631795659178038704e-04 6.510310000000000263e-01
-2.692342487794890764e-03 3.677281547260485839e-02 -9.993200244837218138e-01 -5.394571299999999958e+00 -3.443742259233449621e-02 9.987274898206233154e-01 3.684379190302803503e-02 1.342683000000000071e-01 9.994032295410725242e-01 3.451320209447997917e-02 -1.422555468232777898e-03 6.509941999999999673e-01
-3.649523349601276317e-03 4.246997170806837696e-02 -9.990910781717731171e-01 -5.513990899999999584e+00 -3.259990978840178466e-02 9.985616329825567350e-01 4.256654809821813767e-02 1.372889999999999944e-01 9.994618186109504032e-01 3.272562662999327354e-02 -2.259756749186769831e-03 6.497513000000000316e-01
-4.578390831480502396e-03 3.818019090127260790e-02 -9.992603821627957794e-01 -5.633970299999999654e+00 -3.111420885099470610e-02 9.987815950877269033e-01 3.830445563629213818e-02 1.405830999999999886e-01 9.995053498330915831e-01 3.126656899562806763e-02 -3.384866063928071434e-03 6.484345000000000248e-01
-5.854412314677648332e-03 3.345327682110400824e-02 -9.994231356769666119e-01 -5.755265699999999818e+00 -3.011305549493833653e-02 9.989811028962299888e-01 3.361487684033385298e-02 1.431932999999999956e-01 9.995293541188315922e-01 3.029247969649619815e-02 -4.841066889524459071e-03 6.469306999999999697e-01
-6.827423747449264807e-03 3.899785918844340948e-02 -9.992159692797606407e-01 -5.877607300000000201e+00 -3.729228839534612372e-02 9.985342264029088977e-01 3.922606184901265836e-02 1.466027000000000025e-01 9.992810773307034822e-01 3.753086304180298927e-02 -5.363096878327588968e-03 6.449553000000000091e-01
-6.792694346079408349e-03 4.220522932050038006e-02 -9.990858711449805973e-01 -6.002108100000000057e+00 -5.023305395818845193e-02 9.978331093107546401e-01 4.249383782697456480e-02 1.498687999999999965e-01 9.987144234432356882e-01 5.047578212604002246e-02 -4.657877758171613536e-03 6.422938999999999732e-01
-7.026457577580180573e-03 3.891471817360792063e-02 -9.992178309074445375e-01 -6.125586000000000197e+00 -5.546142154035064997e-02 9.976892531231752459e-01 3.924518981027237674e-02 1.530430999999999875e-01 9.984361069265440536e-01 5.569379599191859320e-02 -4.851955623927262096e-03 6.401295999999999653e-01
-8.361854852981699324e-03 3.720100850233529904e-02 -9.992728177779212073e-01 -6.249465500000000340e+00 -5.349678899031910101e-02 9.978600247653911515e-01 3.759607084441354830e-02 1.557718999999999909e-01 9.985330104463961964e-01 5.377225996387045848e-02 -6.353826188604472236e-03 6.389435999999999449e-01
-8.329280019951959893e-03 3.809277893217201394e-02 -9.992394924579262039e-01 -6.312189599999999956e+00 -5.342646037120366009e-02 9.978299280587499265e-01 3.848438647652115824e-02 1.571473999999999926e-01 9.985370480991446751e-01 5.370637637650404334e-02 -6.276042539041126744e-03 6.375054999999999472e-01
-9.827094295369941807e-03 4.728946721815823623e-02 -9.988328861766280209e-01 -6.436462399999999917e+00 -5.231351067895379653e-02 9.974889165303751914e-01 4.774052785109336727e-02 1.602012999999999909e-01 9.985823575540242469e-01 5.272160552639469644e-02 -7.328539593011274000e-03 6.360012999999999916e-01
-9.013370813822422362e-03 4.429614463173004585e-02 -9.989777828947636884e-01 -6.559867399999999904e+00 -5.272639688775158234e-02 9.976075597129874239e-01 4.471111578492939498e-02 1.641048999999999980e-01 9.985683182525910695e-01 5.307549692902474581e-02 -6.656230759915837680e-03 6.340130999999999961e-01
-6.817702051606132699e-03 4.338345655128473394e-02 -9.990352319294842909e-01 -6.682675399999999932e+00 -5.216343580531088847e-02 9.976828012840248672e-01 4.368070497423499204e-02 1.671364999999999934e-01 9.986152887392226729e-01 5.241091221991597132e-02 -4.538873930340803220e-03 6.322927000000000408e-01
-4.854538419245179627e-03 4.902251640827497842e-02 -9.987858761224733817e-01 -6.806323500000000415e+00 -5.358216223129621397e-02 9.973500309313251266e-01 4.921247496218627421e-02 1.709855000000000125e-01 9.985516438058451572e-01 5.375601069913176627e-02 -2.214941615416909926e-03 6.307085000000000052e-01
-2.737112482030170432e-03 4.444450516748910118e-02 -9.990081051601522599e-01 -6.991213300000000075e+00 -5.575069098686218083e-02 9.974513112417312533e-01 4.452799295542511637e-02 1.760095999999999883e-01 9.984409690461164555e-01 5.581727028947240654e-02 -2.523245605604573782e-04 6.294349000000000194e-01
-2.795988982862971251e-03 4.221350925313541169e-02 -9.991047002602597704e-01 -7.113466299999999798e+00 -5.099311354507561622e-02 9.978027412956519404e-01 4.230120369281867299e-02 1.792921000000000098e-01 9.986950910145633298e-01 5.106573312327711278e-02 -6.372472012519114770e-04 6.290282999999999847e-01
-2.789103695489822225e-03 4.155317086621866662e-02 -9.991324010818278811e-01 -7.295427799999999685e+00 -4.608287178165274001e-02 9.980694758808866807e-01 4.163760611764372871e-02 1.836568000000000089e-01 9.989337264448185927e-01 4.615902193304278339e-02 -8.688298183858744750e-04 6.276002999999999998e-01
-3.132381891501911410e-03 4.525380286035360355e-02 -9.989706109342568752e-01 -7.415764799999999823e+00 -4.091903377949908382e-02 9.981330268453102450e-01 4.534416605442603138e-02 1.873450000000000115e-01 9.991575555728127167e-01 4.101894741817983109e-02 -1.274791930706675736e-03 6.271415000000000184e-01
-3.720166617910214760e-03 4.349747256434882692e-02 -9.990466106447931649e-01 -7.536161899999999747e+00 -3.985000975293977177e-02 9.982534891149863476e-01 4.361133100980204430e-02 1.911306999999999867e-01 9.991987475387597017e-01 3.997425859562172418e-02 -1.980294600500420721e-03 6.259700999999999738e-01
-3.516926772535372558e-03 5.616502156607810353e-02 -9.984153051604118811e-01 -7.656303399999999648e+00 -4.435535287104856034e-02 9.974300766803079199e-01 5.626584048247953995e-02 1.930389999999999884e-01 9.990096265290746569e-01 4.448294601301774898e-02 -1.016669189835561760e-03 6.249107999999999885e-01
-1.178418293259976719e-04 5.186447484066309538e-02 -9.986541254923073652e-01 -7.776901200000000181e+00 -5.407530700221310077e-02 9.971926312979745299e-01 5.179495397853375177e-02 1.983823000000000114e-01 9.985368532437444156e-01 5.400863203714987432e-02 2.687076395654908190e-03 6.227905000000000246e-01
1.327581999133261789e-03 4.638507528815009884e-02 -9.989227509254896553e-01 -7.836848700000000001e+00 -5.545104461051640621e-02 9.973901064694256080e-01 4.624021159673002979e-02 2.002394000000000118e-01 9.984605245965598730e-01 5.532992235147718429e-02 3.896218030527753839e-03 6.224665000000000337e-01
2.379291714045243030e-03 4.460667158811643107e-02 -9.990017937024783246e-01 -7.897098999999999869e+00 -5.832250110487430250e-02 9.973102902233177414e-01 4.439223895630666633e-02 2.020503999999999911e-01 9.982949588352186820e-01 5.815866113066756743e-02 4.974464762843133769e-03 6.218097000000000207e-01
3.570963969691045257e-03 4.171088431908590022e-02 -9.991233409072410865e-01 -7.957102299999999850e+00 -5.258823812413726539e-02 9.977550121463033550e-01 4.146580456145915194e-02 2.032383000000000106e-01 9.986098965198202393e-01 5.239406327295034749e-02 5.756449115893569335e-03 6.221373000000000042e-01
3.801906740473913818e-03 3.729203686348848967e-02 -9.992971777663084421e-01 -8.017017400000000293e+00 -4.971013832329630733e-02 9.980759770090030791e-01 3.705733753796389141e-02 2.046218999999999955e-01 9.987564506189763325e-01 4.953431239147319809e-02 5.648384095337077859e-03 6.220653999999999906e-01
3.532730024909166294e-03 3.409465193501647756e-02 -9.994123646063225452e-01 -8.076587699999999259e+00 -4.338916578921273720e-02 9.984826097359511543e-01 3.390956129177395001e-02 2.056260000000000032e-01 9.990520007040110118e-01 4.324387545438591191e-02 5.006708000097837008e-03 6.223317999999999905e-01
2.358023002152132529e-03 3.697835128057067738e-02 -9.993132848431928172e-01 -8.137294799999999384e+00 -4.117040672345536473e-02 9.984723675298253776e-01 3.685008669746389631e-02 2.069950000000000123e-01 9.991493568720076768e-01 4.105524102908252038e-02 3.876834571832521448e-03 6.226144000000000123e-01
3.124500462614404790e-03 4.336870436810067592e-02 -9.990542492669213237e-01 -8.197128299999999257e+00 -4.148820003139829654e-02 9.982045435337146833e-01 4.320206623302780963e-02 2.083672000000000024e-01 9.991341084934565187e-01 4.131397765987348397e-02 4.918180039981234764e-03 6.223952999999999847e-01
4.757171473472059445e-03 4.655807822816569047e-02 -9.989042570092852014e-01 -8.257292700000000707e+00 -4.319885660952194756e-02 9.979926131425741476e-01 4.630985748721665185e-02 2.100664999999999893e-01 9.990551676995631514e-01 4.293121783220642251e-02 6.758877735371093820e-03 6.221780000000000088e-01
6.824203250585208005e-03 4.303501394765455595e-02 -9.990502579072385592e-01 -8.317710899999999796e+00 -4.421776578375779393e-02 9.981092848572350462e-01 4.269244278407433729e-02 2.119006999999999974e-01 9.989986083269023487e-01 4.388442840352258650e-02 8.714212793400122337e-03 6.222383000000000219e-01
7.252235095220018607e-03 4.329444019454407183e-02 -9.990360336516218576e-01 -8.377064700000000030e+00 -4.634849909282624109e-02 9.980031421963687643e-01 4.291322404593667789e-02 2.134361999999999926e-01 9.988990047637277270e-01 4.599260390992793851e-02 9.244385735057591980e-03 6.223347000000000184e-01
8.254252590538092502e-03 4.425631796033285825e-02 -9.989861088297300462e-01 -8.437122300000000408e+00 -4.452645742630056969e-02 9.980455188595118710e-01 4.384674302056706247e-02 2.149235999999999924e-01 9.989741047210558555e-01 4.411939035210848264e-02 1.020869686702663426e-02 6.225895999999999653e-01
8.952707304370064595e-03 4.236266606182267219e-02 -9.990621870314465580e-01 -8.495346100000000789e+00 -4.469076184117593692e-02 9.981208638489317275e-01 4.192227278568656096e-02 2.162351000000000134e-01 9.989607524012030781e-01 4.427353242736253164e-02 1.082910376835066746e-02 6.226783999999999653e-01
