1.000000000000000000e+00 0.000000000000000000e+00 0.000000000000000000e+00 0.000000000000000000e+00 0.000000000000000000e+00 1.000000000000000000e+00 0.000000000000000000e+00 0.000000000000000000e+00 0.000000000000000000e+00 0.000000000000000000e+00 1.000000000000000000e+00 0.000000000000000000e+00
9.999998054302979833e-01 1.374708294193974451e-04 6.084744342254995398e-04 -2.805999999999999901e-04 -1.381291182260027640e-04 9.999994051435739939e-01 1.081957875696484437e-03 -1.601599999999999899e-03 -6.083253346240033660e-04 -1.082041713217325859e-03 9.999992295627122552e-01 6.182959999999999845e-02
9.999982601899106704e-01 1.183231463550235389e-03 1.442075051924815920e-03 -5.513999999999999587e-04 -1.188763175370667006e-03 9.999919162196778677e-01 3.841137515064336344e-03 -2.146900000000000197e-03 -1.437518439743240778e-03 -3.842845117932381857e-03 9.999915830056446131e-01 9.169839999999999935e-02
9.999922047062183017e-01 2.515363326158096157e-05 3.948403992933354964e-03 -1.689000000000000126e-04 -7.084457352901961998e-05 9.999330363112314268e-01 1.157228907554078666e-02 -3.162199999999999993e-03 -3.947848508121836603e-03 -1.157247858914471801e-02 9.999252433214498303e-01 1.486049999999999871e-01
9.999802484644472189e-01 -3.074760803539522197e-04 6.277590257621094155e-03 -1.510999999999999865e-04 2.205086463549747614e-04 9.999040649842403372e-01 1.384962829569543787e-02 -4.099399999999999572e-03 -6.281246446323517085e-03 -1.384797048133968277e-02 9.998843831446856401e-01 2.009482999999999964e-01
9.999642777811686978e-01 3.840678743768715601e-04 8.443675352207906382e-03 8.169999999999999366e-05 -4.575166522280880955e-04 9.999620629830570095e-01 8.698463840334503400e-03 -4.883099999999999594e-03 -8.440014223835508311e-03 -8.702016233985344906e-03 9.999265178368682561e-01 2.480006999999999906e-01
9.999183143817432784e-01 -5.031867346394743382e-03 1.174924997527352320e-02 9.265999999999999714e-04 4.975098811659334208e-03 9.999758339613681324e-01 4.855912383949121183e-03 -5.430199999999999610e-03 -1.177340034940647408e-02 -4.797062046153965573e-03 9.999191843543846492e-01 2.905032000000000170e-01
9.998680643058124318e-01 -2.327306189574872199e-03 1.607599537346514340e-02 1.052600000000000107e-03 2.301339574120524461e-03 9.999960176639036691e-01 1.633552110653156697e-03 -6.095200000000000271e-03 -1.607973312938659749e-02 -1.596340262475112303e-03 9.998694384169636296e-01 3.279634000000000160e-01
9.997344300943050710e-01 2.540460052036734757e-03 2.290448311442239843e-02 1.059499999999999895e-03 -2.587196728653855943e-03 9.999946309279833523e-01 2.011101263832846577e-03 -6.911200000000000156e-03 -2.289925101618169034e-02 -2.069825579645009038e-03 9.997356351180883838e-01 3.595887999999999862e-01
9.995777467219801871e-01 -6.340275570614665145e-03 2.835717129576766776e-02 2.712099999999999841e-03 6.280784719883554003e-03 9.999778852541886254e-01 2.186491679240705824e-03 -7.263499999999999991e-03 -2.837040714391177165e-02 -2.007463137788205454e-03 9.995954632201163870e-01 3.863650000000000140e-01
9.993339255900078877e-01 -9.346221838223270351e-03 3.527539230420093791e-02 4.133699999999999701e-03 9.211852676662551920e-03 9.999496901344728794e-01 3.969756949144237664e-03 -8.176400000000000334e-03 -3.531071983304822498e-02 -3.642161078608749381e-03 9.993697452532518399e-01 4.165576999999999752e-01
9.991081997275180759e-01 -3.531225962189201394e-03 4.207535716356902711e-02 4.431400000000000269e-03 3.486807765810224884e-03 9.999932837175906641e-01 1.129022282547283238e-03 -8.909099999999999658e-03 -4.207906140638385806e-02 -9.813067380608979200e-04 9.991138021407989234e-01 4.393779999999999908e-01
9.988936983941163472e-01 -4.348133041118928260e-03 4.682385126813911475e-02 5.574599999999999868e-03 4.514600772426087191e-03 9.999838577268955753e-01 -3.450023985610610466e-03 -9.419000000000000289e-03 -4.680809426145966096e-02 3.657598213638097416e-03 9.988972040640207162e-01 4.589350999999999847e-01
9.995141438807677581e-01 -4.765344479916157512e-03 3.080207256474424421e-02 7.817400000000000390e-03 5.373328177843272359e-03 9.997917754469347607e-01 -1.968586022908855315e-02 -1.086130000000000081e-02 -3.070184891157588108e-02 1.984180537788201443e-02 9.993316262546467765e-01 5.193809999999999816e-01
9.997168308297892381e-01 -4.262982540581552841e-03 2.341121815500544698e-02 7.742599999999999656e-03 4.743504000796689053e-03 9.997784311637744059e-01 -2.050823613811195503e-02 -1.094769999999999945e-02 -2.331860470604931942e-02 2.061348004488403399e-02 9.995155462097636834e-01 5.250304000000000082e-01
9.978765576948730454e-01 -7.273197495328185061e-03 -6.472616318943061331e-02 3.301000000000000115e-03 5.488411959117504499e-03 9.996009474874355538e-01 -2.770962136854454930e-02 -1.189750000000000009e-02 6.490187160011540168e-02 2.729553773815486875e-02 9.975182708514100938e-01 5.642970000000000486e-01
9.960730698230820801e-01 -6.691323024011605093e-03 -8.828174086077943128e-02 1.569999999999999998e-03 4.392041187932593273e-03 9.996467212400899083e-01 -2.621340664891887856e-02 -1.235160000000000077e-02 8.842595516829311608e-02 2.572273138930648156e-02 9.957505669305183327e-01 5.730083999999999733e-01
9.765872111034080705e-01 -4.278134549451410862e-03 -2.150793264682690775e-01 -1.009350000000000004e-02 8.180065436526238153e-04 9.998688557594830328e-01 -1.617411968289876253e-02 -1.365629999999999969e-02 2.151203151135708536e-01 1.561950213671939661e-02 9.764626368573653403e-01 6.133334999999999759e-01
9.551465122189969348e-01 1.048945470644797352e-03 -2.961317948300806191e-01 -1.963360000000000105e-02 -3.124626483882816767e-03 9.999737574632859838e-01 -6.536137551604762758e-03 -1.421900000000000074e-02 2.961171675287023741e-01 7.168270234644726416e-03 9.551247243143805576e-01 6.357949000000000517e-01
9.244200381000553524e-01 7.153019194830331599e-03 -3.813088347724067351e-01 -3.186259999999999787e-02 -6.677992401269401170e-03 9.999744021103946778e-01 2.568957268472351306e-03 -1.466179999999999914e-02 3.813174498716007665e-01 1.715819251483974208e-04 9.244441427058003313e-01 6.591755000000000253e-01
8.837550807886817017e-01 1.479606847833566871e-02 -4.677157614810251718e-01 -4.766360000000000041e-02 -8.169356663644062461e-03 9.998355036306764143e-01 1.619343358568358857e-02 -1.521899999999999989e-02 4.678784230886192108e-01 -1.049009233401557856e-02 8.837305806471398295e-01 6.830956999999999724e-01
8.312406177521912687e-01 2.291521765814924158e-02 -5.554403012013399143e-01 -6.688979999999999926e-02 -1.212639201105144074e-02 9.996597454843632047e-01 2.309423899877015296e-02 -1.523200000000000075e-02 5.557805196439956630e-01 -1.246138266075051682e-02 8.312356632907615950e-01 7.070693999999999591e-01
7.670772725570750294e-01 2.860766226659099479e-02 -6.409165777119822938e-01 -9.017630000000000090e-02 -1.523040652942982479e-02 9.995357884621212108e-01 2.638640370254918821e-02 -1.460000000000000013e-02 6.413739101673430199e-01 -1.047899055473694961e-02 7.671568927628863444e-01 7.309088000000000251e-01
6.913727722812411658e-01 3.341676991919151352e-02 -7.217250232854051095e-01 -1.180678000000000005e-01 -1.467010858124687990e-02 9.993731632424175393e-01 3.221907051822908707e-02 -1.360689999999999990e-02 7.223492767784607249e-01 -1.168760364711301895e-02 6.914296220575326668e-01 7.545182000000000277e-01
6.085057368576693992e-01 3.194959184989489692e-02 -7.929060422218575654e-01 -1.507576999999999945e-01 -7.028125127076784509e-03 9.993669645374719801e-01 3.487514370375241479e-02 -1.291020000000000015e-02 7.935183511857196725e-01 -1.564908213871853832e-02 6.083450768763669636e-01 7.771877000000000368e-01
5.640550874307831419e-01 3.192347620602208058e-02 -8.251198397871517543e-01 -1.691269999999999996e-01 -2.743299360695283795e-03 9.993193329885423637e-01 3.678783798964526536e-02 -1.234969999999999991e-02 8.257326036024428273e-01 -1.848681644465376139e-02 5.637587293919914533e-01 7.880390000000000450e-01
5.173140730881560234e-01 3.344627068513405382e-02 -8.551417992135567081e-01 -1.885458999999999885e-01 -1.339195880998428345e-03 9.992664181011262636e-01 3.827312646933184875e-02 -1.176390000000000075e-02 8.557945760165429627e-01 -1.865402456849179352e-02 5.169793719560421552e-01 7.981137999999999844e-01
4.678040242265990578e-01 3.277983518011283459e-02 -8.832241376473835004e-01 -2.091812000000000116e-01 -3.684809185244344865e-04 9.993191389096566235e-01 3.689339819906915785e-02 -1.094990000000000026e-02 8.838321442102070602e-01 -1.693342890341565168e-02 4.674975934123734023e-01 8.071732000000000351e-01
4.156078609686527647e-01 3.170916695891917714e-02 -9.089909981027493036e-01 -2.306697000000000053e-01 4.314729329698870422e-03 9.993121311639761029e-01 3.683269769272475708e-02 -1.035480000000000081e-02 9.095336656836141564e-01 -1.923000882172454934e-02 4.151851608003879202e-01 8.155438000000000409e-01
3.618029741165400548e-01 3.093686366114955372e-02 -9.317411219792962607e-01 -2.537191999999999781e-01 9.465767115374857169e-03 9.992757965175834700e-01 3.685487412903012266e-02 -9.811300000000000229e-03 9.322065260302266898e-01 -2.215384754304792342e-02 3.612481139960396215e-01 8.233747000000000149e-01
3.080895226094658157e-01 2.974250790213092688e-02 -9.508923331702506809e-01 -2.779953000000000007e-01 1.151380791564544231e-02 9.993214136144504822e-01 3.498777670698501735e-02 -8.969500000000000042e-03 9.512876948040235314e-01 -2.172775909540379524e-02 3.075380077309778359e-01 8.297278999999999627e-01
2.550149508462284942e-01 3.557597301784243965e-02 -9.662824250646029345e-01 -3.039528000000000230e-01 1.211666627914641421e-02 9.991268930453119923e-01 3.998297127405007340e-02 -7.973299999999999138e-03 9.668611902663049040e-01 -2.190437713005014692e-02 2.543612333264820835e-01 8.349509999999999987e-01
2.040274908871565207e-01 4.057893684400616652e-02 -9.781237819657085941e-01 -3.309747000000000106e-01 1.452041786821567197e-02 9.989051930466797957e-01 4.446990858218495546e-02 -7.083299999999999839e-03 9.788574668598198913e-01 -2.327584990898598494e-02 2.032148970518419251e-01 8.390954999999999941e-01
1.557892406013378916e-01 4.184982209843482459e-02 -9.869033918794624105e-01 -3.588449000000000222e-01 1.945314196795860234e-02 9.987783629242649175e-01 4.542418983206825134e-02 -6.220200000000000382e-03 9.875987483692113544e-01 -2.627497182975999102e-02 1.547848121584040060e-01 8.424386999999999848e-01
1.112054758364271062e-01 4.334265439428308664e-02 -9.928518300602822144e-01 -3.881970000000000143e-01 2.192342264958924147e-02 9.986983749427467139e-01 4.605344097941591747e-02 -5.586200000000000367e-03 9.935555876161741296e-01 -2.688810511685047616e-02 1.101105086715337134e-01 8.447835000000000205e-01
7.085439540049956464e-02 4.156798504911046743e-02 -9.966201670001396673e-01 -4.182087999999999917e-01 2.147860367504974069e-02 9.988360806842992989e-01 4.318742302335289163e-02 -4.567700000000000059e-03 9.972553956918958074e-01 -2.446602832878316813e-02 6.987910432465038735e-02 8.457016000000000533e-01
3.519855189277940055e-02 3.716938011051217766e-02 -9.986888900587865825e-01 -4.497446999999999973e-01 1.874013020129938062e-02 9.991078661958200380e-01 3.784546506087420326e-02 -3.202800000000000005e-03 9.992046184164128375e-01 -2.004766539614437001e-02 3.447059105200511731e-02 8.458723999999999688e-01
6.547134950958275260e-03 3.702589108667966866e-02 -9.992928591825176454e-01 -4.824074999999999891e-01 1.606147447032454587e-02 9.991814726451849760e-01 3.712699503647814980e-02 -1.793899999999999965e-03 9.998495707164016810e-01 -1.629319219296500310e-02 5.947085537475582662e-03 8.452193999999999541e-01
-2.738010074748850609e-02 4.762268463049420392e-02 -9.984900650440354797e-01 -5.515198999999999518e-01 1.653592701907447698e-02 9.987494471842406352e-01 4.718161577133217488e-02 2.933999999999999759e-04 9.994883156899222465e-01 -1.521912145159074262e-02 -2.813334572290515645e-02 8.429233000000000420e-01
-3.560602435002913069e-02 5.002055880884720418e-02 -9.981132975401318941e-01 -5.876666999999999863e-01 1.629388133305706421e-02 9.986428990494866653e-01 4.946584285283108645e-02 1.615899999999999975e-03 9.992330661367694322e-01 -1.450185762195257272e-02 -3.637273242998428913e-02 8.416846999999999523e-01
-3.941932317114785894e-02 4.723513807581858348e-02 -9.981056851314329403e-01 -6.247479000000000227e-01 1.705019474028872731e-02 9.987684276526074267e-01 4.659311948836040995e-02 2.988699999999999950e-03 9.990772782022654397e-01 -1.518122706821664267e-02 -4.017614372555444735e-02 8.402443000000000550e-01
-3.482626156717103655e-02 4.171670726862138773e-02 -9.985223321688498910e-01 -7.011403000000000496e-01 3.668772907967578906e-02 9.985083360441577849e-01 4.043653527818180660e-02 5.869700000000000265e-03 9.987197515020072025e-01 -3.522526344814870536e-02 -3.630480374244182684e-02 8.385742999999999947e-01
-2.382859284885471482e-02 4.028287593334000521e-02 -9.989041435840489980e-01 -7.818066999999999656e-01 3.500329351646084414e-02 9.986088190816505561e-01 3.943597209847597013e-02 8.513200000000000281e-03 9.991030815715883362e-01 -3.402523120994804112e-02 -2.520547629515412780e-02 8.361815000000000220e-01
-1.838774029749645766e-02 2.344446600777249853e-02 -9.995560254534822109e-01 -8.661109999999999642e-01 3.640350967064542864e-02 9.990778769017695238e-01 2.276357549050535278e-02 1.076719999999999934e-02 9.991679916262387051e-01 -3.596877672458588526e-02 -1.922424538248090897e-02 8.342619000000000007e-01
-1.885372301391538205e-02 1.198722176475689252e-02 -9.997503906690295983e-01 -9.545873999999999748e-01 2.307635674745573198e-02 9.996669721899547056e-01 1.155103769504830027e-02 1.241850000000000072e-02 9.995559108362966905e-01 -2.285281660826102637e-02 -1.912406560568324920e-02 8.309050000000000047e-01
-2.701440290595484919e-02 2.649995427172801080e-02 -9.992837307087668597e-01 -1.048240300000000014e+00 9.061827877876595799e-03 9.996139751982249244e-01 2.626373667082619254e-02 1.344039999999999992e-02 9.995939702254844628e-01 -8.345838004603634702e-03 -2.724411270080995262e-02 8.271462000000000536e-01
-3.314672003400519901e-02 4.593124291698130746e-02 -9.983945191531695684e-01 -1.145512700000000050e+00 6.219020953920854217e-03 9.989335816459139483e-01 4.574957090990999786e-02 1.619179999999999925e-02 9.994311475681363355e-01 -4.692588216266647960e-03 -3.339701912552350827e-02 8.232123000000000079e-01
-3.567576810550582289e-02 5.429867686433688390e-02 -9.978872146995693138e-01 -1.245318099999999983e+00 8.861514589979174045e-03 9.985007891850656847e-01 5.401525299369371036e-02 1.986999999999999877e-02 9.993241281632568862e-01 -6.915756472250664255e-03 -3.610345112538082546e-02 8.195329000000000086e-01
-4.044014190528787134e-02 4.685026632422404497e-02 -9.980829862631810379e-01 -1.344175899999999979e+00 7.740305706468053604e-03 9.988848400188931054e-01 4.657428526559184712e-02 2.352040000000000033e-02 9.991519817276299786e-01 -5.841996728823680568e-03 -4.075768006118374309e-02 8.152407000000000403e-01
-5.055401316808079415e-02 3.726350111640395341e-02 -9.980259131090477576e-01 -1.444698100000000096e+00 8.315342603027743931e-03 9.992847616181415038e-01 3.688929756946079941e-02 2.627080000000000040e-02 9.986867110510658785e-01 -6.434025359113540454e-03 -5.082771377587724793e-02 8.100471000000000199e-01
-6.389088854906846415e-02 3.752780130875182918e-02 -9.972510308289187497e-01 -1.547397300000000087e+00 6.605163247196340487e-03 9.992867094590228705e-01 3.718123339853494219e-02 2.916629999999999917e-02 9.979350310410434188e-01 -4.211463817877132698e-03 -6.409319303656446642e-02 8.032131000000000132e-01
-7.636014785765594948e-02 4.516039301509779808e-02 -9.960570599729110519e-01 -1.652509500000000076e+00 2.271615068397014880e-03 9.989790489925132189e-01 4.511872603470556964e-02 3.248369999999999730e-02 9.970777139140851730e-01 1.182614364741482044e-03 -7.638477491703665745e-02 7.948526999999999676e-01
-8.367147757207192560e-02 4.855549076023293192e-02 -9.953097247379526502e-01 -1.757579800000000025e+00 -5.699452359502692189e-03 9.987725101299050889e-01 4.920354917696814767e-02 3.625489999999999963e-02 9.964770946106628058e-01 9.789654020520729277e-03 -8.329203197455614660e-02 7.850915000000000532e-01
-8.690467823845683670e-02 4.961545533008608622e-02 -9.949803432694833694e-01 -1.862715200000000015e+00 -1.098677981680493479e-02 9.986505428573088095e-01 5.075809216331500506e-02 3.968479999999999924e-02 9.961560457927903789e-01 1.534274562100161957e-02 -8.624229001645244974e-02 7.753309999999999924e-01
-8.932864003773102746e-02 4.797905153649385801e-02 -9.948459200713786199e-01 -1.968989000000000100e+00 -1.261091660262298950e-02 9.987045217537201536e-01 4.929749497809063352e-02 4.357169999999999793e-02 9.959223658756997111e-01 1.694959711413960776e-02 -8.860785691019268384e-02 7.654425999999999730e-01
-9.057839227593524056e-02 4.452487959849400073e-02 -9.948935068385190705e-01 -2.075606099999999898e+00 -1.924254179984161844e-02 9.987353208618982014e-01 4.644871847492317712e-02 4.747149999999999981e-02 9.957034093733877489e-01 2.335153013446728681e-02 -8.960706781605409788e-02 7.544087000000000431e-01
-9.033292959738745131e-02 3.872844553066686485e-02 -9.951583137054785810e-01 -2.184251800000000188e+00 -2.595132877296423696e-02 9.988127543543348086e-01 4.122632986362818885e-02 5.118629999999999708e-02 9.955734480013370691e-01 2.954977573324935394e-02 -8.922062759723059511e-02 7.439645000000000286e-01
-8.685766077664321128e-02 4.627631798675508473e-02 -9.951453407206398705e-01 -2.293672799999999956e+00 -2.696238812244017985e-02 9.984454113784799745e-01 4.878309260381914758e-02 5.424759999999999999e-02 9.958558010029086027e-01 3.106868022376596192e-02 -8.547491279907160067e-02 7.338434999999999819e-01
-8.250533087322639569e-02 4.484281724160418814e-02 -9.955812333101380363e-01 -2.403739900000000151e+00 -2.427828968120089581e-02 9.986002360710372061e-01 4.699077748903911916e-02 5.844690000000000302e-02 9.962948534583800919e-01 2.804799922819411345e-02 -8.130113598001009745e-02 7.237976999999999883e-01
-7.274974051710482448e-02 4.608972677991262507e-02 -9.962847044595467549e-01 -2.514195700000000144e+00 -3.406357726848337902e-02 9.982340257664675809e-01 4.866726318322597139e-02 6.242849999999999788e-02 9.967683522054496814e-01 3.747755178002325910e-02 -7.105128538040461628e-02 7.140056000000000180e-01
-6.086713211372821869e-02 4.459380478639599077e-02 -9.971492289536820763e-01 -2.625828700000000016e+00 -3.933220627097178124e-02 9.981184304100612081e-01 4.703803169365795844e-02 6.651880000000000293e-02 9.973706280907352895e-01 4.208314924561430692e-02 -5.899863364065027760e-02 7.057736000000000010e-01
-5.503813171156473477e-02 4.351086840110239551e-02 -9.975357679746035267e-01 -2.681583600000000178e+00 -3.884905434081893649e-02 9.982002733736775602e-01 4.568331438872921119e-02 6.858390000000000319e-02 9.977281969727647137e-01 4.126764553130363861e-02 -5.324872202952979361e-02 7.022367000000000470e-01
-4.956466152823008064e-02 4.335500560074013326e-02 -9.978294883480607336e-01 -2.737766000000000144e+00 -3.711500740898548284e-02 9.982874154248666532e-01 4.521849654036164123e-02 7.043099999999999361e-02 9.980810691284669467e-01 3.927568832878090832e-02 -4.787065649933708311e-02 6.990861000000000436e-01
-4.401716602454636834e-02 4.362565207634286346e-02 -9.980777983584653290e-01 -2.794213500000000128e+00 -3.632845508063201057e-02 9.983154556737688923e-01 4.523819530363170499e-02 7.256079999999999475e-02 9.983700378349812388e-01 3.824988161797241576e-02 -4.235816461544428257e-02 6.961922999999999861e-01
-3.820630356395823823e-02 4.537339832180237176e-02 -9.982392163668533103e-01 -2.850789999999999935e+00 -3.528441591641728881e-02 9.982843777018162168e-01 4.672591604168670198e-02 7.425869999999999693e-02 9.986467285088435064e-01 3.700751222695924936e-02 -3.653978211970498879e-02 6.937965000000000382e-01
-3.275590540629620684e-02 4.604564750117951660e-02 -9.984021479379993069e-01 -2.907860299999999842e+00 -3.651200529937429634e-02 9.982162745591732778e-01 4.723497299907793850e-02 7.665850000000000442e-02 9.987962375429896289e-01 3.800088882384567573e-02 -3.101625893890946895e-02 6.916959000000000302e-01
-2.283511385224974016e-02 4.051070144696178321e-02 -9.989181351059902569e-01 -3.022438499999999806e+00 -3.620990457850756239e-02 9.984895651291435525e-01 4.132107378359201055e-02 8.049739999999999673e-02 9.990832800051102636e-01 3.711430177827418353e-02 -2.133373426620444047e-02 6.886780999999999597e-01
-1.849934797621226312e-02 3.525407506362778637e-02 -9.992071478506661109e-01 -3.079443899999999790e+00 -3.578809438957684247e-02 9.987144009137850498e-01 3.589927168317247341e-02 8.194859999999999645e-02 9.991881636730979288e-01 3.642383284097910900e-02 -1.721388906536414076e-02 6.873987000000000291e-01
-1.474105218670028472e-02 3.437375985122977790e-02 -9.993003282367712847e-01 -3.137019399999999791e+00 -3.627953732379188972e-02 9.987324591610892144e-01 3.488939938741818236e-02 8.363239999999999563e-02 9.992329540962910928e-01 3.676846001307600142e-02 -1.347530319756340411e-02 6.863380999999999510e-01
-1.133880011533290426e-02 3.642775251550737364e-02 -9.992719602083375285e-01 -3.194812999999999903e+00 -3.552836157025308222e-02 9.986905334217980323e-01 3.680969950730014068e-02 8.525789999999999758e-02 9.993043415977325150e-01 3.591987333431611445e-02 -1.002973397298234648e-02 6.851937999999999640e-01
-9.146927787891001582e-03 3.623275182686717943e-02 -9.993015167641325913e-01 -3.252396599999999971e+00 -3.576395175658103609e-02 9.986921013248789558e-01 3.653801453350742634e-02 8.630759999999999821e-02 9.993184044471492555e-01 3.607318181628159370e-02 -7.839138144811519382e-03 6.841753000000000418e-01
-7.493289977652174694e-03 3.746447167465008499e-02 -9.992698654354837950e-01 -3.368863600000000069e+00 -3.821541789104657139e-02 9.985571878849873739e-01 3.772432051924410473e-02 8.849479999999999846e-02 9.992414285050051914e-01 3.847019476640748531e-02 -6.050758126977084927e-03 6.829011000000000386e-01
-6.135847388791181370e-03 3.715566944347370448e-02 -9.992906522153747195e-01 -3.427371299999999898e+00 -3.892558350324908101e-02 9.985431961583755012e-01 3.736688848094819881e-02 8.973960000000000270e-02 9.992232735108571573e-01 3.912724925193887537e-02 -4.680602549202550478e-03 6.818855999999999806e-01
-4.818945036848757378e-03 3.400687197936225897e-02 -9.994099811523352583e-01 -3.544909200000000205e+00 -3.760786011474594875e-02 9.987083893673248669e-01 3.416433615502557225e-02 9.188989999999999658e-02 9.992809548001609921e-01 3.775030682660941023e-02 -3.533795151860918970e-03 6.811589000000000116e-01
-4.961017529599028551e-03 3.396384341899125192e-02 -9.994107492143963212e-01 -3.603698500000000138e+00 -3.405537496910469863e-02 9.988375776059403854e-01 3.411341375486615785e-02 9.301439999999999708e-02 9.994076344219030572e-01 3.420454505628250236e-02 -3.798599308699635024e-03 6.812915999999999972e-01
-4.988844784197703393e-03 3.435113945555707399e-02 -9.993973737437095162e-01 -3.662838900000000120e+00 -3.183008357023468099e-02 9.988979367855106428e-01 3.449286398027642114e-02 9.435830000000000606e-02 9.994808438422574381e-01 3.198298147069538605e-02 -3.889947122275083657e-03 6.811308999999999836e-01
-4.242823839771685951e-03 4.162600716041912202e-02 -9.991242535209248210e-01 -3.780783399999999794e+00 -3.315843163298989177e-02 9.985779650035524480e-01 4.174405611586230053e-02 9.617620000000000335e-02 9.994411022454023907e-01 3.330650592969278817e-02 -2.856537283204674260e-03 6.796512999999999582e-01
-3.758831919764166543e-03 4.170482435373110836e-02 -9.991229047560783449e-01 -3.839180900000000118e+00 -3.525350067351989275e-02 9.985033707649636492e-01 4.181159242683468030e-02 9.750639999999999308e-02 9.993713333255369591e-01 3.537974274397771152e-02 -2.282965288580185437e-03 6.790857999999999617e-01
-4.338450974750975020e-03 3.938435583812109619e-02 -9.992147168443608063e-01 -3.898756500000000180e+00 -3.580627605954793402e-02 9.985772376003889672e-01 3.951469525535870886e-02 9.935650000000000037e-02 9.993493325348685730e-01 3.594959056223979987e-02 -2.922071272264292752e-03 6.790969000000000033e-01
-3.876564144936179256e-03 3.715286864818018869e-02 -9.993020747509936408e-01 -3.956876499999999908e+00 -3.572581277032190611e-02 9.986664985058810728e-01 3.726782880586042290e-02 1.004735999999999962e-01 9.993541106896640658e-01 3.584534995245666766e-02 -2.544078311651598590e-03 6.785162999999999611e-01
-3.837377755700842070e-03 3.637891224214139657e-02 -9.993307006572144102e-01 -4.015366099999999605e+00 -3.366291830971788329e-02 9.987669693204148658e-01 3.648765442429655753e-02 1.018392999999999937e-01 9.994258764224758229e-01 3.378040465406242226e-02 -2.608025800195257204e-03 6.781207000000000207e-01
-4.105318497005520234e-03 3.783554579493917519e-02 -9.992755465007825411e-01 -4.073847800000000241e+00 -3.179975327281348713e-02 9.987736414459617018e-01 3.794718493593022407e-02 1.031269999999999964e-01 9.994858288399224300e-01 3.193250111050748713e-02 -2.897122883328329124e-03 6.780070999999999737e-01
-3.539901165482536340e-03 4.055355317652819397e-02 -9.991710956710552205e-01 -4.132149700000000259e+00 -3.102460693754916649e-02 9.986919131697986618e-01 4.064401965379371706e-02 1.044685999999999948e-01 9.995123525320280811e-01 3.114276631909718152e-02 -2.277112620164944978e-03 6.773055999999999521e-01
-3.492122145652048863e-03 4.323239049774646459e-02 -9.990589399503764234e-01 -4.190730099999999680e+00 -3.160250868800382196e-02 9.985612374443365580e-01 4.332131713440628279e-02 1.055233000000000004e-01 9.994944154559064486e-01 3.172405216055355220e-02 -2.120845814760907722e-03 6.773072999999999455e-01
-3.055884712326637810e-03 4.352276042138654433e-02 -9.990477620684244942e-01 -4.248836999999999975e+00 -3.336638336910695279e-02 9.984916987168938052e-01 4.360059694909618894e-02 1.067871999999999988e-01 9.994385153822572532e-01 3.346784903088847324e-02 -1.599078407992227113e-03 6.765636000000000427e-01
-2.562991659084063508e-03 4.143415363795664025e-02 -9.991379494274360562e-01 -4.306652999999999842e+00 -3.263054055659771885e-02 9.986057017772348443e-01 4.149578533996672869e-02 1.082295999999999953e-01 9.994641959053559566e-01 3.270876473214130720e-02 -1.207399253657204241e-03 6.761139999999999928e-01
-2.304839292053670677e-03 4.016824422821638207e-02 -9.991902721060990089e-01 -4.364714600000000111e+00 -3.138318947065184272e-02 9.986978419175996935e-01 4.022083996857939159e-02 1.095620999999999956e-01 9.995047689403422364e-01 3.145048019905685721e-02 -1.041230407623383591e-03 6.758579999999999588e-01
-1.959141705227155934e-03 4.099685191058079908e-02 -9.991573549232374285e-01 -4.422273599999999583e+00 -2.936585744562764805e-02 9.987260049324188094e-01 4.103673340085849802e-02 1.111584000000000044e-01 9.995668102634568397e-01 2.942150922627810236e-02 -7.527380594324339924e-04 6.753662000000000276e-01
-1.872443151862084867e-03 4.370489421769810368e-02 -9.990427299060148369e-01 -4.479910900000000140e+00 -2.676323366664632927e-02 9.986844325990053006e-01 4.373938051810159766e-02 1.126322000000000018e-01 9.996400468570411091e-01 2.681951352695673488e-02 -7.002955303669899934e-04 6.752148000000000039e-01
-1.883297993191806498e-03 4.640337965006321314e-02 -9.989210076606265254e-01 -4.538080700000000078e+00 -2.564148228639431121e-02 9.985920944658429610e-01 4.643644319365643203e-02 1.140372999999999942e-01 9.996694291488692485e-01 2.570126898371466462e-02 -6.907950501987558667e-04 6.752405999999999686e-01
-9.488215884894744649e-04 5.001499302376141709e-02 -9.987480163737127992e-01 -4.653771899999999739e+00 -2.863934184060930310e-02 9.983374297712127587e-01 5.002163948478061117e-02 1.174163000000000012e-01 9.995893596054981067e-01 2.865094746499203052e-02 4.851523763991227867e-04 6.741922000000000192e-01
-9.005252511090678941e-04 4.920302079261992811e-02 -9.987883919024856949e-01 -4.711656999999999762e+00 -3.043125801455380877e-02 9.983248711163100753e-01 4.920762386312253073e-02 1.191347999999999990e-01 9.995364563586083273e-01 3.043869996376163262e-02 5.982930655852314317e-04 6.741726000000000107e-01
-3.473950770938750293e-04 4.384556021695350247e-02 -9.990382606116352537e-01 -4.826585299999999634e+00 -3.430864548800480196e-02 9.984496495287077389e-01 4.383165751804378452e-02 1.223207999999999934e-01 9.994112247525732684e-01 3.429087641432018718e-02 1.157425288734081903e-03 6.731719000000000452e-01
-1.539825068410467703e-04 4.205384071408363456e-02 -9.991153340683858186e-01 -4.883912999999999727e+00 -3.443254498958478460e-02 9.985226716203911002e-01 4.203420161745314437e-02 1.238271999999999984e-01 9.994070122502283215e-01 3.440855622183184442e-02 1.294265738258748577e-03 6.728629000000000415e-01
-9.212931330432089401e-05 4.237607454937428186e-02 -9.991017264613126780e-01 -4.941134500000000429e+00 -3.316212223479578225e-02 9.985520808567888151e-01 4.235581973544706724e-02 1.254503999999999897e-01 9.994499813202630811e-01 3.313623579049221335e-02 1.313284646529244704e-03 6.725297000000000081e-01
1.248759725841078541e-04 4.453841209585393535e-02 -9.990076647623734596e-01 -4.999583699999999631e+00 -3.327241057731038232e-02 9.984547270950100417e-01 4.450960161587602659e-02 1.270263000000000086e-01 9.994463122651290332e-01 3.323383501206264579e-02 1.606583338841893749e-03 6.721671000000000173e-01
2.511379888268374869e-06 4.672914803494275515e-02 -9.989075966863106837e-01 -5.057076900000000208e+00 -3.224393521153495756e-02 9.983881976275136294e-01 4.670476935130982860e-02 1.284901999999999989e-01 9.994800291330322439e-01 3.220859453644506903e-02 1.509238953769087566e-03 6.722673000000000121e-01
-6.832376448353198566e-04 4.551456035423567803e-02 -9.989634417645529840e-01 -5.115410299999999744e+00 -3.552002011757134092e-02 9.983321889995540044e-01 4.551009314653305105e-02 1.305269000000000013e-01 9.993687314285795154e-01 3.551429575705289388e-02 9.345799658495579365e-04 6.718838999999999784e-01
-9.169787239001251072e-04 4.706369501978593939e-02 -9.988914694605739442e-01 -5.173431400000000124e+00 -3.983153210423681645e-02 9.980974587838635781e-01 4.706284967384292972e-02 1.321669000000000038e-01 9.992059888732900408e-01 3.983053326630414670e-02 9.593849450409974722e-04 6.712633000000000072e-01
-1.266961626870029018e-03 4.250021984194525537e-02 -9.990956541400941582e-01 -5.289981799999999623e+00 -4.370759982099925445e-02 9.981393306862815784e-01 4.251496507148129489e-02 1.352398999999999962e-01 9.990435628770768517e-01 4.372193786336799060e-02 5.929783709069935682e-04 6.703660000000000174e-01
-2.053489828160396085e-03 3.814431293783505234e-02 -9.992701309305835888e-01 -5.349105800000000244e+00 -4.384323218536530925e-02 9.983079225256403788e-01 3.819768074216148973e-02 1.374490999999999907e-01 9.990363127389640940e-01 4.388967091515334068e-02 -3.776451955935788973e-04 6.699827000000000421e-01
-3.310385543360150166e-03 3.666658984909851315e-02 -9.993220714746537947e-01 -5.468850599999999673e+00 -3.622152163070492537e-02 9.986673699560658646e-01 3.676255643709513965e-02 1.401122999999999952e-01 9.993383024373234669e-01 3.631866426332631959e-02 -1.977854346784768680e-03 6.695216999999999974e-01
-4.456220258651214482e-03 4.243031742180057575e-02 -9.990894906185791013e-01 -5.590821700000000227e+00 -3.455336371715650445e-02 9.984962574040727734e-01 4.255924113385416846e-02 1.432461999999999902e-01 9.993929193049330140e-01 3.471155590786587780e-02 -2.983409059921560136e-03 6.684658999999999462e-01
-5.636470323623275942e-03 3.804120295602236856e-02 -9.992602749433948661e-01 -5.713187200000000132e+00 -3.289980127831484968e-02 9.987281236055872702e-01 3.820652032193368186e-02 1.466072999999999960e-01 9.994427613816300182e-01 3.309081438891546545e-02 -4.377753412429630231e-03 6.672455999999999943e-01
-7.030739619820777428e-03 3.317278655411237676e-02 -9.994249020975178865e-01 -5.837432899999999592e+00 -3.199748147773816276e-02 9.989303473493753582e-01 3.338146676732584722e-02 1.494289000000000034e-01 9.994632208738247758e-01 3.221377619422439303e-02 -5.961773547220383662e-03 6.657134999999999581e-01
-7.578978193528211789e-03 3.442521864678299570e-02 -9.993785385981949210e-01 -5.900293399999999799e+00 -3.406996870467700333e-02 9.988181136873012234e-01 3.466429002018815014e-02 1.507545000000000135e-01 9.993907125454012386e-01 3.431151543232346252e-02 -6.397154580989439232e-03 6.649414000000000158e-01
-7.833536151364641625e-03 4.238485984271868345e-02 -9.990706478360166232e-01 -6.026572700000000005e+00 -4.410000582520544332e-02 9.981145958881120217e-01 4.269008036216176416e-02 1.538445999999999980e-01 9.989964090013444542e-01 4.439343567718177785e-02 -5.949594204129771136e-03 6.622765999999999931e-01
-7.520443215832974676e-03 4.027814125134630829e-02 -9.991602045073524341e-01 -6.153399900000000144e+00 -5.499179029279038788e-02 9.976597510717222228e-01 4.063156521601136995e-02 1.573731999999999909e-01 9.984584848326101270e-01 5.525117581414729084e-02 -5.287876409579506110e-03 6.596311000000000258e-01
-8.144226259944497420e-03 3.918016653694898765e-02 -9.991989722416469988e-01 -6.217118300000000097e+00 -5.733250025405897676e-02 9.975701093510022099e-01 3.958359943269316311e-02 1.588392000000000137e-01 9.983219200204136445e-01 5.760895311986256179e-02 -5.878139772778401273e-03 6.587728999999999946e-01
-9.302875483228788961e-03 3.734480500987000240e-02 -9.992591365839585960e-01 -6.343563600000000413e+00 -5.507645225564224145e-02 9.977663108525128832e-01 3.780176364534335032e-02 1.617275999999999991e-01 9.984388017874082921e-01 5.538731322731975382e-02 -7.225276381099154932e-03 6.573168999999999818e-01
-9.614573571645286185e-03 3.776929260163296165e-02 -9.992402316317170463e-01 -6.406355399999999811e+00 -5.496386856830486056e-02 9.977557415005596786e-01 3.824203779448103607e-02 1.634571999999999969e-01 9.984420529640372077e-01 5.528978964547288238e-02 -7.517049548714571650e-03 6.562042000000000153e-01
-1.081901906324636564e-02 4.721126358139719759e-02 -9.988263339627950765e-01 -6.533619899999999703e+00 -5.403360719085420483e-02 9.973977692872295631e-01 4.772901753444014350e-02 1.664576999999999862e-01 9.984805046271326701e-01 5.448657093180175881e-02 -8.239870608216848247e-03 6.540620000000000323e-01
-9.983717579625166899e-03 4.451035050714940988e-02 -9.989590352366911619e-01 -6.659691300000000425e+00 -5.419150107234349534e-02 9.975166114446426535e-01 4.498767724081804975e-02 1.702172999999999881e-01 9.984806490838048498e-01 5.458423389339203680e-02 -7.546841422409467093e-03 6.519091999999999665e-01
-8.844866601221988700e-03 4.401676483939983425e-02 -9.989916379769550048e-01 -6.722235200000000077e+00 -5.354035341284234945e-02 9.975768352867246946e-01 4.442846222581812998e-02 1.718454000000000093e-01 9.985265138649221939e-01 5.387932917544521749e-02 -6.466760886988831558e-03 6.509565999999999963e-01
-6.926421584635704745e-03 4.551119768631039370e-02 -9.989398157893144559e-01 -6.847419300000000320e+00 -5.359949945126168264e-02 9.975108161653755134e-01 4.581773992309589455e-02 1.751834999999999920e-01 9.985384911672688935e-01 5.386002709100536773e-02 -4.469803032581820545e-03 6.490253000000000272e-01
-5.734477962228933662e-03 4.903100474797933428e-02 -9.987807949374600813e-01 -6.910300699999999630e+00 -5.506008272732179631e-02 9.972665535874238874e-01 4.927279559678138243e-02 1.773587000000000080e-01 9.984665758314403838e-01 5.527550695620390975e-02 -3.019151896387683998e-03 6.484889000000000348e-01
-3.727042582894501185e-03 4.721288673530815716e-02 -9.988778966819239491e-01 -7.035183899999999824e+00 -5.845570637019271987e-02 9.971664344494383103e-01 4.735010454218534226e-02 1.810640000000000027e-01 9.982830458073236324e-01 5.856658888404747687e-02 -9.566191195378159762e-04 6.471213999999999578e-01
-3.422888299272199703e-03 4.422494579953752114e-02 -9.990157346131833815e-01 -7.097514199999999995e+00 -5.749320798910106944e-02 9.973603802350884395e-01 4.434865243095618970e-02 1.830356999999999956e-01 9.983400296846822730e-01 5.758841989799477756e-02 -8.712191685048553680e-04 6.465212999999999655e-01
-3.447424807546004173e-03 4.248591021636907022e-02 -9.990911183146822250e-01 -7.159470999999999918e+00 -5.479192468872590843e-02 9.975881627736211676e-01 4.261106056948132936e-02 1.847431999999999963e-01 9.984918428565656701e-01 5.488902373915612032e-02 -1.111225387152803279e-03 6.464033000000000140e-01
-3.712858707176213725e-03 4.227748075152207297e-02 -9.990990087581534951e-01 -7.221922900000000034e+00 -5.299387056751962699e-02 9.976936512955276726e-01 4.241494838934820738e-02 1.859060999999999908e-01 9.985879352177720047e-01 5.310360426470858014e-02 -1.463848217440055777e-03 6.461111999999999966e-01
-3.979874543222327796e-03 4.306616262473089707e-02 -9.990642953461006393e-01 -7.283853500000000203e+00 -5.023784440131986995e-02 9.978020307432274860e-01 4.321187839703358874e-02 1.867520000000000013e-01 9.987293525217575407e-01 5.036281447130885186e-02 -1.807575724427357144e-03 6.459023000000000403e-01
-4.057679794967999215e-03 4.131599644410616917e-02 -9.991378902196195178e-01 -7.346124599999999560e+00 -4.847494327749530402e-02 9.979633721843588212e-01 4.146429370755833066e-02 1.887816999999999967e-01 9.988161568121158851e-01 4.860140138158214329e-02 -2.046625227349330167e-03 6.454151999999999667e-01
-3.783933523764031887e-03 4.379759913832756424e-02 -9.990332587841138645e-01 -7.470283499999999854e+00 -4.526800079937264021e-02 9.980087564083764962e-01 4.392414183377654074e-02 1.925814000000000137e-01 9.989677121662720038e-01 4.539044439002650616e-02 -1.793769037579329151e-03 6.437175000000000535e-01
-3.743544709250267583e-03 4.522145976483731011e-02 -9.989699722462865861e-01 -7.531808899999999696e+00 -4.293545772108083025e-02 9.980484821064347090e-01 4.534064220236370263e-02 1.942128999999999939e-01 9.990708344973797672e-01 4.306096772924041666e-02 -1.794635040946124249e-03 6.431350999999999596e-01
-3.939080397008611067e-03 4.360793471779981362e-02 -9.990409559548968366e-01 -7.593478199999999845e+00 -4.054002310382957136e-02 9.982204275510812019e-01 4.373196252716669841e-02 1.960671999999999970e-01 9.991701507613041100e-01 4.067340715239697868e-02 -2.164203837090150628e-03 6.427545999999999538e-01
-4.242660670451435349e-03 4.879904160998195517e-02 -9.987996062115679363e-01 -7.715910000000000046e+00 -4.241322415474348129e-02 9.979010245581592109e-01 4.893530016844287178e-02 1.991858999999999991e-01 9.990911461159263096e-01 4.256992745734211603e-02 -2.164030739555289351e-03 6.414081999999999839e-01
-2.517472235143479974e-03 5.567670991835955291e-02 -9.984456751902989202e-01 -7.838519100000000073e+00 -5.171510570533211643e-02 9.971055362465389704e-01 5.573237325278990184e-02 2.033018000000000047e-01 9.986587055523180601e-01 5.177502833576055896e-02 3.691414357445133021e-04 6.397243000000000235e-01
-9.611947552701626679e-04 5.185366405126638767e-02 -9.986542312678101663e-01 -7.899627699999999919e+00 -5.582431204827148497e-02 9.970946138877978537e-01 5.182641353866428158e-02 2.057675999999999950e-01 9.984401445700086253e-01 5.579900071149873630e-02 1.936293009467071613e-03 6.389951999999999854e-01
6.993223088298545359e-04 4.631587143689377961e-02 -9.989265994062574983e-01 -7.960629899999999814e+00 -5.734923357564371271e-02 9.972846449552844605e-01 4.619959247329496338e-02 2.077528999999999904e-01 9.983539334106892316e-01 5.725536646859750306e-02 3.353603129764626267e-03 6.384984999999999689e-01
2.856589072383136033e-03 4.183541702959617942e-02 -9.991204320705441289e-01 -8.082856200000000158e+00 -5.501292125451073128e-02 9.976180390772815265e-01 4.161522080494779730e-02 2.106070999999999915e-01 9.984815563614163336e-01 5.484565606827337958e-02 5.151273291539193444e-03 6.378137999999999863e-01
3.013032886221277476e-03 3.743531977797128624e-02 -9.992945103751683655e-01 -8.143549900000000008e+00 -5.145979381494941024e-02 9.979808345635137190e-01 3.723094767039330372e-02 2.117651999999999868e-01 9.986705218706263265e-01 5.131131139460091278e-02 4.933362911529570738e-03 6.378433999999999493e-01
