1.000000000000000000e+00 0.000000000000000000e+00 0.000000000000000000e+00 0.000000000000000000e+00 0.000000000000000000e+00 1.000000000000000000e+00 0.000000000000000000e+00 0.000000000000000000e+00 0.000000000000000000e+00 0.000000000000000000e+00 1.000000000000000000e+00 0.000000000000000000e+00
9.999997606759324364e-01 7.518782605379470143e-06 6.918031119635563225e-04 -3.291999999999999788e-04 -8.081216070113137213e-06 9.999996694850419310e-01 8.129972329524773854e-04 -1.367299999999999896e-03 -6.917967705628264930e-04 -8.130026289930984435e-04 9.999994302218143671e-01 6.019209999999999838e-02
9.999982702537941748e-01 1.032868856245469213e-03 1.546826216971161801e-03 -5.429000000000000232e-04 -1.038327032327090570e-03 9.999932234282986609e-01 3.531992986217246614e-03 -1.869400000000000011e-03 -1.543167649236451729e-03 -3.533592988241172819e-03 9.999925661494688534e-01 8.916970000000000451e-02
9.999950591137390932e-01 6.407420144360742153e-04 3.077531117665702372e-03 -6.463000000000000429e-04 -6.648463236594626992e-04 9.999690635343566614e-01 7.837726302158020547e-03 -2.535700000000000107e-03 -3.072413949190571161e-03 -7.839733662093346933e-03 9.999645487959221146e-01 1.171858999999999956e-01
9.999921136572095248e-01 -1.062363523686619493e-04 3.970055065602096783e-03 -2.912999999999999791e-04 6.136063463724571849e-05 9.999361288917167911e-01 1.130196318877611621e-02 -2.960500000000000024e-03 -3.971002173128892684e-03 -1.130163045252183425e-02 9.999282495713658347e-01 1.442126999999999992e-01
9.999861684900701597e-01 -8.465252938059394201e-04 5.190975195063252459e-03 -2.933999999999999759e-04 7.762319291454131175e-04 9.999081836614113206e-01 1.352855169370663357e-02 -3.391400000000000144e-03 -5.201950839924422004e-03 -1.352433517271973626e-02 9.998950105214020612e-01 1.700929999999999942e-01
9.999783127396103533e-01 -4.303107209226673664e-04 6.571824946350377818e-03 -2.985999999999999939e-04 3.420677441057244010e-04 9.999098530563956810e-01 1.342269534764109658e-02 -3.724199999999999993e-03 -6.577008446129331033e-03 -1.342015623681790636e-02 9.998883149464637965e-01 1.950110999999999928e-01
9.999162078684008526e-01 -5.232028406410870781e-03 1.184073987686031296e-02 9.937999999999999785e-04 5.182931139086840132e-03 9.999778598834495602e-01 4.173364077523895009e-03 -4.955799999999999789e-03 -1.186231288090329461e-02 -4.111644643034292716e-03 9.999211868499662259e-01 2.819066000000000072e-01
9.998790003621386147e-01 -6.982704698098996313e-03 1.390059243016850132e-02 1.222599999999999902e-03 6.942058955362798503e-03 9.999714926439986495e-01 2.970137504177419729e-03 -5.221199999999999626e-03 -1.392093575413588455e-02 -2.873279386450315609e-03 9.998989708031990054e-01 3.006435000000000080e-01
9.998654061192369102e-01 -2.637540091123412485e-03 1.619299318473855012e-02 1.101699999999999945e-03 2.617082312376286038e-03 9.999957505470622454e-01 1.284432944055026709e-03 -5.819099999999999794e-03 -1.619631211676039392e-02 -1.241881671192297289e-03 9.998680598977702783e-01 3.179726999999999970e-01
9.997358630582441341e-01 2.300885904630427768e-03 2.286722631281678728e-02 1.301000000000000073e-03 -2.339206089030235365e-03 9.999959041830573936e-01 1.649160993506634592e-03 -6.555499999999999695e-03 -2.286333812155940184e-02 -1.702216544195520346e-03 9.997371505694763183e-01 3.489163000000000125e-01
9.996669444861691067e-01 -2.091703916773288673e-03 2.572206983139395386e-02 2.037900000000000041e-03 2.037549847077148486e-03 9.999956527881649349e-01 2.131383445685214578e-03 -6.853699999999999896e-03 -2.572641623520904863e-02 -2.078263577225076663e-03 9.996668606731926587e-01 3.622810000000000197e-01
9.991705460805871963e-01 -6.689754869816278045e-03 4.016798507272831970e-02 4.675999999999999601e-03 6.645476513077268159e-03 9.999771550191824954e-01 1.235751453989994680e-03 -8.123000000000000012e-03 -4.017533431018707052e-02 -9.677910537246081678e-04 9.991921766574941577e-01 4.193000000000000060e-01
9.990490473169492125e-01 -2.619717217818692042e-03 4.352169731059188362e-02 4.844499999999999848e-03 2.647829665733683873e-03 9.999963214396367928e-01 -5.883071102511833357e-04 -8.767399999999999846e-03 -4.351999601513512062e-02 7.029856992682992356e-04 9.990523088196879842e-01 4.328184999999999949e-01
9.986567649572795080e-01 -3.577118988211808615e-03 5.169013469517318854e-02 7.002699999999999723e-03 4.135777112699799349e-03 9.999341479307251035e-01 -1.070491241107982515e-02 -9.424999999999999351e-03 -5.164843804738959016e-02 1.090431207362467687e-02 9.986057955096525607e-01 4.675381000000000120e-01
9.992841070505688039e-01 -5.197887266015672157e-03 3.747339541751076863e-02 7.854399999999999230e-03 5.920004459337266552e-03 9.997984244575217616e-01 -1.918499412193638495e-02 -1.046530000000000030e-02 -3.736612026085597837e-02 1.939310238788778326e-02 9.991134473303940888e-01 4.989886000000000044e-01
9.999432252536401000e-01 -7.623015581311848830e-03 -7.445529047351992329e-03 6.591999999999999769e-03 7.434392481624712938e-03 9.996587789667400470e-01 -2.504107511980179640e-02 -1.099720000000000038e-02 7.633876982048337125e-03 2.498430043394193889e-02 9.996586960828428570e-01 5.268787000000000331e-01
9.990404864436657206e-01 -8.553435185108678243e-03 -4.295282520321269670e-02 4.893100000000000054e-03 7.361621413375580777e-03 9.995855917102770549e-01 -2.782896648065212239e-02 -1.160489999999999959e-02 4.317305845744229265e-02 2.748606177227421940e-02 9.986894429359313152e-01 5.403978000000000392e-01
9.960507045166723250e-01 -7.194317720628659596e-03 -8.849427000871454285e-02 1.941999999999999933e-03 4.888311060588080778e-03 9.996435247929454926e-01 -2.624743329376522105e-02 -1.216959999999999917e-02 8.865155636995639132e-02 2.571118690512694260e-02 9.957308051984301578e-01 5.566204000000000152e-01
9.765103487005010185e-01 -4.512344523368151498e-03 -2.154232522912239434e-01 -9.083799999999999514e-03 9.916616822598881432e-04 9.998642244495621334e-01 -1.644838207799422664e-02 -1.332050000000000074e-02 2.154682238473548672e-01 1.584838833377619910e-02 9.763822371895588548e-01 5.956173999999999635e-01
9.551573462713585094e-01 7.301033258665398738e-04 -2.960978061603794509e-01 -1.854650000000000049e-02 -2.910360263942799765e-03 9.999718032484763430e-01 -6.922608693583151215e-03 -1.386680000000000031e-02 2.960844029444816283e-01 7.473931838327724578e-03 9.551325388007079198e-01 6.172362999999999600e-01
9.244009117174359913e-01 7.167162351155490461e-03 -3.813549346734682599e-01 -3.034749999999999948e-02 -6.705372089713743620e-03 9.999742936313831265e-01 2.539697138392642880e-03 -1.453750000000000007e-02 3.813633338446573706e-01 2.094283850177596461e-04 9.244252072172415291e-01 6.398951000000000500e-01
8.835669075835677067e-01 1.508945540652363582e-02 -4.680617781433832891e-01 -4.550030000000000047e-02 -8.592965751773311289e-03 9.998348782394147483e-01 1.601178302262264153e-02 -1.497049999999999943e-02 4.682261000444123966e-01 -1.012544278089754814e-02 8.835506746337137285e-01 6.633234999999999548e-01
8.309440897525456338e-01 2.339197361244088960e-02 -5.558639539274230490e-01 -6.421499999999999431e-02 -1.261849059959306227e-02 9.996511012850627376e-01 2.320451237473453859e-02 -1.512750000000000032e-02 5.562128130493770861e-01 -1.226748833608965784e-02 8.309493458265808652e-01 6.867191999999999741e-01
7.669237297891786653e-01 2.886208726581027117e-02 -6.410888960237226541e-01 -8.697610000000000063e-02 -1.556660583100188955e-02 9.995308512926623923e-01 2.637722686462310590e-02 -1.444520000000000005e-02 6.415494318204615354e-01 -1.024974306147862814e-02 7.670132132486484622e-01 7.096048999999999829e-01
6.912890363912026492e-01 3.392201072600871392e-02 -7.217816604442282014e-01 -1.139373999999999942e-01 -1.482299698209129518e-02 9.993529798927429653e-01 3.277041867239084694e-02 -1.381469999999999920e-02 7.224262916905721532e-01 -1.195486377167970585e-02 6.913445843473492447e-01 7.324171000000000431e-01
6.083680276082918947e-01 3.224331930853994305e-02 -7.929998179974345751e-01 -1.454750999999999961e-01 -7.303710708519038294e-03 9.993595484532247220e-01 3.503068262613674710e-02 -1.291089999999999946e-02 7.936214455229161358e-01 -1.551970603247336197e-02 6.082138932405134479e-01 7.543765999999999528e-01
5.173646179382921373e-01 3.400052906849422574e-02 -8.550893614872233650e-01 -1.820128000000000024e-01 -2.125703223963725658e-03 9.992583829657614158e-01 3.844691741161245652e-02 -1.184849999999999966e-02 8.557624281839958380e-01 -1.807340852507346995e-02 5.170532065589741322e-01 7.743725999999999665e-01
4.157497269617258517e-01 3.227189729418820929e-02 -9.089063148511422607e-01 -2.231976999999999989e-01 3.894970273399847235e-03 9.992979027083762622e-01 3.726299570901244612e-02 -1.048840000000000015e-02 9.094707217595405790e-01 -1.903224336944848299e-02 4.153321321238055974e-01 7.914493999999999696e-01
3.620097107455702568e-01 3.150328515094442949e-02 -9.316418369473360439e-01 -2.454625000000000001e-01 8.894317676106242715e-03 9.992665412672255831e-01 3.724608190014908060e-02 -9.987899999999999209e-03 9.321318900450648037e-01 -2.176976179323956984e-02 3.614639913359013468e-01 7.989055000000000462e-01
2.554206726931594340e-01 3.612563339361068299e-02 -9.661548626244573779e-01 -2.941245000000000109e-01 1.189055714323568498e-02 9.991087324136938008e-01 4.050130202259701051e-02 -8.265500000000000277e-03 9.667568953008802701e-01 -2.183298941081168038e-02 2.547634706185132325e-01 8.100690999999999864e-01
2.044620503361807562e-01 4.115754938117364287e-02 -9.780088578848666891e-01 -3.203733999999999749e-01 1.434420265177442470e-02 9.988824324613573280e-01 4.503476402032715459e-02 -7.436599999999999808e-03 9.787693874568257346e-01 -2.323665744073313139e-02 2.036431779568667055e-01 8.140610000000000346e-01
1.560574012005449540e-01 4.251657850320614274e-02 -9.868325228137310168e-01 -3.475125000000000020e-01 1.959203545251830825e-02 9.987433892598828189e-01 4.612802354870011723e-02 -6.666499999999999683e-03 9.875536642012724409e-01 -2.653267725019238174e-02 1.550283114807670115e-01 8.174219000000000346e-01
1.115219835975248125e-01 4.391562034008369975e-02 -9.927911489656918720e-01 -3.758547999999999889e-01 2.199019032957415590e-02 9.986694133696629727e-01 4.664583935532019138e-02 -5.937500000000000069e-03 9.935186353077339882e-01 -2.703370285474896578e-02 1.104078810874414840e-01 8.196331999999999507e-01
7.105281332963393759e-02 4.212661633620973234e-02 -9.965825835895416596e-01 -4.050442000000000209e-01 2.139743181226499633e-02 9.988134937787961354e-01 4.374648051254234615e-02 -4.915000000000000098e-03 9.972430233547806555e-01 -2.443261839133423555e-02 7.006710732404874964e-02 8.205552999999999875e-01
3.527974511486511866e-02 3.784943109297763536e-02 -9.986604829222833768e-01 -4.355937999999999755e-01 1.889208423791919472e-02 9.990787363106680141e-01 3.853268489251595458e-02 -3.608800000000000115e-03 9.991988934830631219e-01 -2.022620127004821911e-02 3.453218852615602685e-02 8.207921000000000245e-01
6.624629404641888507e-03 3.769507632807678199e-02 -9.992673293497948972e-01 -4.671582000000000234e-01 1.607304995375109791e-02 9.991561493163605423e-01 3.779743838525119470e-02 -2.235000000000000007e-03 9.998488742557223308e-01 -1.631166772353778022e-02 6.013164361758249754e-03 8.201264999999999805e-01
-1.438933466793487943e-02 4.195663666103364997e-02 -9.990158095285118778e-01 -5.000763999999999765e-01 1.511912762726142639e-02 9.990141563868100150e-01 4.173879871942556830e-02 -1.152999999999999945e-03 9.997821557857514696e-01 -1.450365398250207279e-02 -1.500949677874330312e-02 8.191235999999999517e-01
-2.732721735165853996e-02 4.833434503380765884e-02 -9.984573172058823776e-01 -5.336471000000000409e-01 1.688789993278352192e-02 9.987101110574918561e-01 4.788437017851048666e-02 -2.271999999999999931e-04 9.994838778227868037e-01 -1.555330066851300791e-02 -2.810823385841465516e-02 8.177398000000000167e-01
-3.520962560226637006e-02 5.071934783313267192e-02 -9.980920949593427016e-01 -5.686911000000000049e-01 1.640699950317446240e-02 9.986060858761900416e-01 5.016667836660295560e-02 1.096900000000000045e-03 9.992452615010244399e-01 -1.460934654312288222e-02 -3.599269872254484692e-02 8.162933999999999468e-01
-3.917755760797897446e-02 4.779406493857100979e-02 -9.980885964364694107e-01 -6.045694999999999819e-01 1.716395346487382956e-02 9.987402719716026445e-01 4.715154126372353427e-02 2.486700000000000108e-03 9.990848400818268527e-01 -1.528386399889227615e-02 -3.994853964707889560e-02 8.149587999999999832e-01
-3.425417544421627963e-02 4.240552430358628805e-02 -9.985131060597925989e-01 -6.786602000000000467e-01 3.663327820690531061e-02 9.984812914179779231e-01 4.114746184277408986e-02 5.285999999999999900e-03 9.987415353295626685e-01 -3.516933603048295193e-02 -3.575560670332200708e-02 8.130441999999999947e-01
-2.850832098611930099e-02 4.246448106568764119e-02 -9.986911652169425668e-01 -7.174186999999999648e-01 3.693363388543807052e-02 9.984597728513914250e-01 4.140034644256347651e-02 6.697800000000000281e-03 9.989109981988231191e-01 -3.570503949542296052e-02 -3.003277929299041915e-02 8.117750000000000243e-01
-2.028274483696158523e-02 3.489419492432332265e-02 -9.991851707378680558e-01 -7.976750000000000229e-01 3.901881861745334218e-02 9.986570149193212398e-01 3.408369619229927733e-02 8.765200000000000768e-03 9.990326030994070017e-01 -3.829571402930109086e-02 -2.161703567580453011e-02 8.100891999999999538e-01
-1.738548140637941400e-02 1.601595604453276769e-02 -9.997205780558124921e-01 -8.812845999999999735e-01 2.899142589344329626e-02 9.994593596306217131e-01 1.550760044019069972e-02 1.051640000000000040e-02 9.994284578002234909e-01 -2.871371795374488833e-02 -1.784040751606774666e-02 8.077659999999999840e-01
-2.203782610781725507e-02 1.920375310036496683e-02 -9.995726837440594981e-01 -9.696915999999999869e-01 1.436463519975770750e-02 9.997183757274822336e-01 1.888985146533741361e-02 1.180589999999999938e-02 9.996539358578144796e-01 -1.394220569583059371e-02 -2.230747462882476384e-02 8.042673000000000183e-01
-3.107478682128305553e-02 3.683942110365329148e-02 -9.988379321375210340e-01 -1.062679099999999988e+00 7.758309317955651083e-03 9.992993271674658340e-01 3.661507011022813174e-02 1.359430000000000013e-02 9.994869515208982813e-01 -6.611488137908409085e-03 -3.133882518639719006e-02 8.002924000000000149e-01
-3.381115957521602100e-02 5.458457120952664443e-02 -9.979365360953824649e-01 -1.158621499999999971e+00 8.342208099231571139e-03 9.984880724980222944e-01 5.433209588459859268e-02 1.664910000000000001e-02 9.993934225580072273e-01 -6.487963089923880211e-03 -3.421539540521767453e-02 7.966843999999999593e-01
-3.731699154213490022e-02 5.256468511268297394e-02 -9.979200348831809286e-01 -1.255718499999999960e+00 8.131716530534550957e-03 9.985985019492820136e-01 5.229633917318551872e-02 2.067470000000000072e-02 9.992703925007042631e-01 -6.163260797200798696e-03 -3.769213297008311425e-02 7.929057000000000466e-01
-4.464054945408894859e-02 4.253566996469548139e-02 -9.980971586599628464e-01 -1.353961799999999993e+00 7.890553708050397630e-03 9.990769886897441499e-01 4.222451696364590279e-02 2.403900000000000134e-02 9.989719518117697872e-01 -5.990613598568277076e-03 -4.493497571041116245e-02 7.881441000000000141e-01
-5.703865098602726308e-02 3.580956915790797085e-02 -9.977295560673841157e-01 -1.453481299999999976e+00 7.032058881348265955e-03 9.993461576791716761e-01 3.546557880206334390e-02 2.702119999999999869e-02 9.983472053557237436e-01 -4.993184214618978309e-03 -5.725317170092381058e-02 7.822111000000000480e-01
-6.977163980039492730e-02 4.283100719777691023e-02 -9.966430770852662269e-01 -1.555092799999999942e+00 4.999742786146486179e-03 9.990803060592116092e-01 4.258573254864288227e-02 3.011499999999999941e-02 9.975504603034556217e-01 -2.011682643000028969e-03 -6.992161526529205862e-02 7.747650999999999843e-01
-8.091399779022946659e-02 4.781357923388669662e-02 -9.955735967784837825e-01 -1.657764100000000074e+00 -6.000949646578108976e-04 9.988462170604013313e-01 4.801952259403563517e-02 3.370730000000000254e-02 9.967209061957291727e-01 4.482890247434725278e-03 -8.079194791186383728e-02 7.663299000000000083e-01
-8.523363689525736975e-02 5.033728369891685150e-02 -9.950886317366020029e-01 -1.760099499999999928e+00 -9.075458004171851889e-03 9.986423385343887738e-01 5.129440270226288956e-02 3.742469999999999825e-02 9.963196591474156039e-01 1.340289358243813497e-02 -8.466108456661713966e-02 7.568000999999999756e-01
-8.787176752631585541e-02 4.928870450041451801e-02 -9.949116423484408722e-01 -1.862818099999999921e+00 -1.094074921962553612e-02 9.986671117808590958e-01 5.044105325813859342e-02 4.086669999999999886e-02 9.960717105099986535e-01 1.531742328030173336e-02 -8.721538892728564196e-02 7.467175999999999814e-01
-8.985015510514147985e-02 4.756562219556747378e-02 -9.948188082322984016e-01 -1.966752199999999950e+00 -1.437817707232755954e-02 9.986928547808302525e-01 4.904946313459868784e-02 4.457030000000000020e-02 9.958515038155331123e-01 1.871078285011346792e-02 -8.904880096597078687e-02 7.366175999999999835e-01
-9.086794816216470227e-02 4.025759301410539864e-02 -9.950489144768256411e-01 -2.071589700000000089e+00 -2.376961075389841943e-02 9.988102493258276260e-01 4.258041153260628403e-02 4.796650000000000219e-02 9.955792392378451927e-01 2.752112000607180239e-02 -8.980293064374400558e-02 7.260341999999999629e-01
-8.856572874937859718e-02 4.370548380903628571e-02 -9.951110201259503185e-01 -2.178056999999999910e+00 -2.642174377698668086e-02 9.985822818176556259e-01 4.620950005818460354e-02 5.143640000000000018e-02 9.957198416958832343e-01 3.038514645122126351e-02 -8.728539241054644737e-02 7.159739000000000519e-01
-8.499152060612970294e-02 4.661566326858777864e-02 -9.952906215588932515e-01 -2.284391600000000189e+00 -2.457116303978540417e-02 9.985031464519054101e-01 4.886434766286213566e-02 5.502409999999999940e-02 9.960786612371186344e-01 2.860850334558612956e-02 -8.371889968457224551e-02 7.062106999999999690e-01
-7.844355233062255683e-02 4.608424050148056395e-02 -9.958528264131979446e-01 -2.392235299999999842e+00 -2.869023094989037528e-02 9.984128618362118068e-01 4.846264507914564007e-02 5.907010000000000038e-02 9.965056345780466396e-01 3.237282961724207569e-02 -7.699688407187776917e-02 6.970958000000000432e-01
-7.273705102785053833e-02 4.672972057740815838e-02 -9.962558178613204474e-01 -2.446228000000000069e+00 -3.385723255230537604e-02 9.982103263395565307e-01 4.929332807769429975e-02 6.114830000000000265e-02 9.967763085124315969e-01 3.731591622663777558e-02 -7.102473642679407728e-02 6.923812000000000300e-01
-6.102566460169883689e-02 4.539743210915449245e-02 -9.971032752016293355e-01 -2.554742099999999905e+00 -3.895630303074387735e-02 9.980956859118249591e-01 4.782685666422577253e-02 6.508529999999999871e-02 9.973756938657059035e-01 4.176212305544642345e-02 -5.914093644679574435e-02 6.845014999999999850e-01
-5.540807453079290429e-02 4.450306908075356976e-02 -9.974715144399783906e-01 -2.608916300000000188e+00 -3.849950354555514015e-02 9.981680439336495514e-01 4.667273611454283294e-02 6.690440000000000276e-02 9.977212704475815208e-01 4.098820454796280738e-02 -5.359322330666882461e-02 6.812175999999999787e-01
-4.985534176240186133e-02 4.407076793088607336e-02 -9.977836500523225016e-01 -2.663747100000000145e+00 -3.692912283046570487e-02 9.982615012037148183e-01 4.593707763319423293e-02 6.900370000000000115e-02 9.980734866655491810e-01 3.913748367598154226e-02 -4.814117350860691591e-02 6.780342000000000313e-01
-4.438088125823246022e-02 4.435998129659282641e-02 -9.980293229350070128e-01 -2.718642200000000120e+00 -3.603136811340271195e-02 9.982926108477652161e-01 4.597394521496865616e-02 7.109600000000000641e-02 9.983647018452821431e-01 3.800072612619931345e-02 -4.270675500740428454e-02 6.753234999999999655e-01
-3.884396835068412712e-02 4.625176083156296025e-02 -9.981742937697558604e-01 -2.773948700000000045e+00 -3.496440695081590166e-02 9.982535748296560429e-01 4.761607487382883697e-02 7.255599999999999550e-02 9.986333843655280651e-01 3.675016952059181885e-02 -3.715896487873382448e-02 6.731928000000000356e-01
-3.320549345931699675e-02 4.704899214678934932e-02 -9.983405168288497222e-01 -2.829284200000000027e+00 -3.625900057111106772e-02 9.981770804638527839e-01 4.824728919061978955e-02 7.476810000000000400e-02 9.987906087272284683e-01 3.780090441550947727e-02 -3.143901308346197521e-02 6.709281000000000272e-01
-2.802969209105476978e-02 4.659724289209932896e-02 -9.985204220826607857e-01 -2.884677400000000169e+00 -3.546496968711775749e-02 9.982376562270529607e-01 4.757959242586975307e-02 7.625300000000000133e-02 9.989777636596183230e-01 3.674613782664461897e-02 -2.632772433106889132e-02 6.693559999999999510e-01
-1.920293286476023459e-02 3.615299099448555237e-02 -9.991617529767360395e-01 -2.995600000000000041e+00 -3.547183129380684224e-02 9.986922465910214042e-01 3.681773735093053779e-02 8.007569999999999966e-02 9.991861671150452651e-01 3.614910567539737773e-02 -1.789540736652106556e-02 6.668984000000000023e-01
-1.549395354016813893e-02 3.544720019414837608e-02 -9.992514365274093313e-01 -3.051793599999999884e+00 -3.597643965130106758e-02 9.987045258383621116e-01 3.598563407790109081e-02 8.158289999999999986e-02 9.992325220856813628e-01 3.650706874522072209e-02 -1.419861746510286959e-02 6.658678999999999570e-01
-1.001895787918214396e-02 3.811485129315354825e-02 -9.992231375393164639e-01 -3.163760900000000209e+00 -3.492933037702747323e-02 9.986501192158679929e-01 3.844322137315089871e-02 8.352229999999999377e-02 9.993395630927593976e-01 3.528735610715842685e-02 -8.674107247374163165e-03 6.638462000000000529e-01
-8.075935538896360927e-03 3.866444387963378221e-02 -9.992196155223586063e-01 -3.276769600000000171e+00 -3.760085152443245343e-02 9.985337809960551647e-01 3.894180497048974066e-02 8.642130000000000645e-02 9.992602039658183832e-01 3.788599991026664338e-02 -6.610278435141725417e-03 6.620920000000000138e-01
-5.986439244229447079e-03 3.679837269670406530e-02 -9.993047794902459868e-01 -3.390371099999999860e+00 -3.839157235190206185e-02 9.985774733670852443e-01 3.700157910355625357e-02 8.859809999999999908e-02 9.992448397252414738e-01 3.858638944864531406e-02 -4.565175987150449366e-03 6.607619999999999605e-01
-5.242675513215947630e-03 3.524694321790197704e-02 -9.993648819861828958e-01 -3.447613000000000039e+00 -3.681527333874658192e-02 9.986943038034905573e-01 3.541642556010741322e-02 8.999590000000000367e-02 9.993083358015466544e-01 3.697756812251514619e-02 -3.938204322816440950e-03 6.601413999999999893e-01
-5.210545805174233297e-03 3.509978519054692686e-02 -9.993702293404530534e-01 -3.504701900000000148e+00 -3.331400195676926385e-02 9.988229645865598361e-01 3.525425773066579588e-02 9.125410000000000466e-02 9.994313520627801095e-01 3.347671570051784923e-02 -4.035098495718147937e-03 6.599329000000000445e-01
-5.044295519392808999e-03 3.546994219511736407e-02 -9.993580130680836948e-01 -3.562233200000000100e+00 -3.131845922182961012e-02 9.988748768807617084e-01 3.561087542329841732e-02 9.260690000000000588e-02 9.994967279559667794e-01 3.147798495962083470e-02 -3.927756127645287698e-03 6.596195999999999726e-01
-5.057907208787260425e-03 3.858373740863201701e-02 -9.992425695406740305e-01 -3.619830599999999787e+00 -3.092495286149642836e-02 9.987713692523815245e-01 3.872207706512079822e-02 9.357160000000000477e-02 9.995089118488044155e-01 3.109738203297281872e-02 -3.858492647889621985e-03 6.592282000000000419e-01
-4.728612046339751573e-03 4.215316106670078528e-02 -9.990999705936335351e-01 -3.677476599999999873e+00 -3.302320340200180088e-02 9.985596159650725889e-01 4.228665747912217082e-02 9.500450000000000561e-02 9.994433992303840553e-01 3.319343874580282100e-02 -3.329768617097883521e-03 6.584516999999999731e-01
-4.123662977071151578e-03 4.252567706835472250e-02 -9.990868641882595380e-01 -3.734397400000000200e+00 -3.499562830618684062e-02 9.984772309532621293e-01 4.264417037956457629e-02 9.602420000000000400e-02 9.993789578548804009e-01 3.513952273130822174e-02 -2.629170802577407429e-03 6.576452999999999882e-01
-3.748944508276738120e-03 4.032044201013323254e-02 -9.991797672947455577e-01 -3.791468899999999920e+00 -3.590559326613616126e-02 9.985370629689183097e-01 4.042922519184898728e-02 9.771509999999999918e-02 9.993481544423250540e-01 3.602770924599455610e-02 -2.295730647401406088e-03 6.570618000000000292e-01
-3.631179921656482040e-03 3.829365815856029809e-02 -9.992599312877563644e-01 -3.847873700000000063e+00 -3.577720288006849825e-02 9.986217963665778852e-01 3.839921321677678551e-02 9.869419999999999582e-02 9.993531939642033013e-01 3.589015974364554579e-02 -2.256135439336004467e-03 6.567403000000000546e-01
-3.847516448908724906e-03 3.718290607431606887e-02 -9.993010698048131468e-01 -3.904926500000000189e+00 -3.371388878577699644e-02 9.987355531396637787e-01 3.729166928082146976e-02 1.002807000000000004e-01 9.994241193407910062e-01 3.383380544187266498e-02 -2.589071108693330459e-03 6.566632000000000025e-01
-4.037219114735672229e-03 3.861506648974744049e-02 -9.992460044962965249e-01 -3.961776500000000034e+00 -3.190716857880582236e-02 9.987403818302890146e-01 3.872444053530285646e-02 1.015463999999999950e-01 9.994826829190708306e-01 3.203944976869804728e-02 -2.800036324013488453e-03 6.565377000000000018e-01
-3.693365125757581968e-03 4.129271715304275864e-02 -9.991402657105590279e-01 -4.018759300000000145e+00 -3.127388081822411042e-02 9.986535738652146943e-01 4.138820828209135994e-02 1.029555999999999943e-01 9.995040287225536169e-01 3.139985535560746444e-02 -2.397008767522024186e-03 6.560019000000000267e-01
-3.197899234189026819e-03 4.392030455552897034e-02 -9.990299196161430695e-01 -4.075256800000000013e+00 -3.204722051410862499e-02 9.985173731264068708e-01 4.400035479470758293e-02 1.040076999999999946e-01 9.994812399929314806e-01 3.215684083503279889e-02 -1.785634257707502393e-03 6.555081999999999853e-01
-2.803986672998373675e-03 4.422352044996557402e-02 -9.990177265182781374e-01 -4.131639999999999979e+00 -3.361916416399323565e-02 9.984527496981976391e-01 4.429287099548397805e-02 1.052754999999999941e-01 9.994307827256733168e-01 3.371033757053746444e-02 -1.312890409855271834e-03 6.548308999999999935e-01
-2.345736830871674589e-03 4.224106370777505615e-02 -9.991046942415773291e-01 -4.187627299999999941e+00 -3.305178199974978526e-02 9.985582932810495027e-01 4.229556272563868291e-02 1.066287000000000068e-01 9.994508878506043192e-01 3.312140480826726574e-02 -9.462125372148300073e-04 6.544170000000000265e-01
-2.182547809426244739e-03 4.095570508084439565e-02 -9.991585793588477760e-01 -4.243927000000000227e+00 -3.169343326267264060e-02 9.986561821726940291e-01 4.100434240764617988e-02 1.079920000000000047e-01 9.994952540022812304e-01 3.175625969143519578e-02 -8.815879570654994168e-04 6.542345999999999995e-01
-1.738192175387701707e-03 4.185327797618238616e-02 -9.991222556877659144e-01 -4.299662599999999557e+00 -2.959573573031084454e-02 9.986839447347444221e-01 4.188640537968683908e-02 1.094883999999999996e-01 9.995604389503132126e-01 2.964256486369327981e-02 -4.972260639929393378e-04 6.536317000000000377e-01
-1.761365837054649965e-03 4.451307971112812567e-02 -9.990072488851212684e-01 -4.355419600000000280e+00 -2.704364374169708485e-02 9.986412933979131878e-01 4.454445480320905204e-02 1.110314000000000023e-01 9.996327020078724646e-01 2.709525521514273561e-02 -5.551767881096791868e-04 6.536372999999999767e-01
-1.526274849677217247e-03 4.697049909851028909e-02 -9.988951109598646072e-01 -4.411849499999999757e+00 -2.576675725438883763e-02 9.985627748884587929e-01 4.699424249474130205e-02 1.126476000000000005e-01 9.996668168473318294e-01 2.581001397709798556e-02 -3.138038007473031854e-04 6.535381999999999580e-01
-1.143227140043996714e-03 4.865150701433688940e-02 -9.988151600255874563e-01 -4.468018100000000103e+00 -2.703868062721859200e-02 9.984491293647809185e-01 4.866462596846048150e-02 1.145088999999999968e-01 9.996337343155468069e-01 2.706227883872333595e-02 1.740184175503811659e-04 6.533331999999999473e-01
-8.982029714890151732e-04 5.050147689886586716e-02 -9.987235824102961290e-01 -4.524188999999999794e+00 -2.903032319415439072e-02 9.983017372569261694e-01 5.050625431613377236e-02 1.161052000000000056e-01 9.995781277952541233e-01 2.903863324670010251e-02 5.693966093093250080e-04 6.529249999999999776e-01
-5.018689402719730616e-04 5.004086496892534708e-02 -9.987470450322885052e-01 -4.579720000000000013e+00 -3.070223719926562511e-02 9.982755654468572493e-01 5.003266995391757177e-02 1.175168999999999936e-01 9.995284491991843767e-01 3.068887852169571717e-02 1.035363005802203418e-03 6.525471000000000465e-01
-8.258166664939603323e-05 4.417420569727752849e-02 -9.990238399213918763e-01 -4.690776299999999566e+00 -3.435542273789570639e-02 9.984339724669171190e-01 4.415096321069003626e-02 1.209643999999999997e-01 9.994096748124708940e-01 3.432553240586139198e-02 1.435171169354987342e-03 6.516804999999999959e-01
1.908220239001503019e-04 4.232883058440797819e-02 -9.991037151809174510e-01 -4.746547699999999814e+00 -3.428071518417813435e-02 9.985167805853414347e-01 4.229741665807024847e-02 1.224885000000000002e-01 9.994122253371811038e-01 3.424191862091881949e-02 1.641601578312945620e-03 6.513582999999999457e-01
2.336253238137671415e-04 4.280067343031965232e-02 -9.990836039957411430e-01 -4.802016300000000015e+00 -3.309994139532534962e-02 9.985365111488406775e-01 4.276949593258235621e-02 1.240385999999999989e-01 9.994520195081071368e-01 3.305961670395287516e-02 1.649983197981041982e-03 6.511012000000000466e-01
2.022627994196139842e-04 4.504519439667811764e-02 -9.989849295917959671e-01 -4.858032699999999870e+00 -3.345027278593319664e-02 9.984262058465069867e-01 4.501322838338835119e-02 1.255570000000000019e-01 9.994403625731286267e-01 3.340721390229810239e-02 1.708718519672691727e-03 6.510067000000000492e-01
-3.150199452325304177e-04 4.601183926186012269e-02 -9.989408448002187191e-01 -4.969748000000000054e+00 -3.565436430418785635e-02 9.983052319255302232e-01 4.599380628060172060e-02 1.290010000000000046e-01 9.993641313697917417e-01 3.563108976517573301e-02 1.326036819861542426e-03 6.506134999999999557e-01
-8.022862448958981933e-04 4.753801157450555231e-02 -9.988691074371673917e-01 -5.024826499999999641e+00 -3.960862983711995605e-02 9.980840752756356959e-01 4.753246389158844593e-02 1.304003999999999996e-01 9.992149482364678370e-01 3.960197137417940244e-02 1.082166378803983697e-03 6.500991999999999882e-01
-1.324699918351645526e-03 4.294521946245576094e-02 -9.990765502680203358e-01 -5.138018100000000032e+00 -4.301195281871837695e-02 9.981503898404241459e-01 4.296243913152108379e-02 1.333544000000000118e-01 9.990736795075960686e-01 4.302914578202570589e-02 5.249080133843397888e-04 6.495627000000000484e-01
-2.694664023914677790e-03 3.836949935526392380e-02 -9.992599863424055373e-01 -5.252508200000000294e+00 -4.031968154373156282e-02 9.984468694046522153e-01 3.844700581659657446e-02 1.361881000000000064e-01 9.991831974498021074e-01 4.039344619212056897e-02 -1.143432863778270914e-03 6.484978000000000131e-01
-4.163445831154280810e-03 3.887508303397663179e-02 -9.992354045158290399e-01 -5.367934199999999656e+00 -3.474404468947513147e-02 9.986351309293987066e-01 3.899649512761941411e-02 1.397480999999999862e-01 9.993875710040759364e-01 3.487983934487243892e-02 -2.807085650472718186e-03 6.485691999999999569e-01
-5.656557249324710608e-03 3.843845541308453517e-02 -9.992449592094729827e-01 -5.544957600000000042e+00 -3.303626826338068589e-02 9.987083020182527804e-01 3.860482429759765077e-02 1.446977999999999875e-01 9.994381463298842583e-01 3.322969493201452518e-02 -4.379387561085468228e-03 6.466186999999999907e-01
-6.912193806406426513e-03 3.341423427466078122e-02 -9.994176857173483475e-01 -5.664004799999999840e+00 -3.180810838526736128e-02 9.989284674441745171e-01 3.361786981032452437e-02 1.473388999999999949e-01 9.994700925078915388e-01 3.202195930093799936e-02 -5.841943580291553140e-03 6.451067000000000329e-01
-7.838153209247999617e-03 3.879369535074075198e-02 -9.992164993410096452e-01 -5.784402799999999623e+00 -3.934214976653085255e-02 9.984615646761845209e-01 3.907299727603759376e-02 1.509514999999999885e-01 9.991950553350511521e-01 3.961758530525680277e-02 -6.299867344991438856e-03 6.429648999999999504e-01
-7.835415577556407302e-03 4.208947398261644185e-02 -9.990831208876435054e-01 -5.906592800000000310e+00 -5.223614834739030016e-02 9.977324496291208877e-01 4.244224031437560801e-02 1.540015000000000134e-01 9.986040211558114832e-01 5.252080670496627607e-02 -5.619056371237940439e-03 6.403354999999999464e-01
-8.050211392109988401e-03 3.886600779875421657e-02 -9.992120032977633848e-01 -6.028179200000000293e+00 -5.753860474318595736e-02 9.975708050591349796e-01 3.926573388944335635e-02 1.570579000000000003e-01 9.983108248740717450e-01 5.780936197067338550e-02 -5.794359998645304266e-03 6.380491999999999830e-01
-9.252420352446305563e-03 3.718589151068058679e-02 -9.992655313730065547e-01 -6.150217099999999881e+00 -5.565349217134025334e-02 9.977402392719563196e-01 3.764443845608506090e-02 1.596758000000000066e-01 9.984072723727306364e-01 5.596091859588529782e-02 -7.161987374220468716e-03 6.367420000000000302e-01
-8.903130616679789250e-03 3.787448899902752519e-02 -9.992428420300466518e-01 -6.211839200000000005e+00 -5.559765008060812974e-02 9.977179398380029429e-01 3.831205855765720814e-02 1.612574999999999981e-01 9.984135593884612137e-01 5.589665113827162191e-02 -6.777080550632641476e-03 6.351426000000000016e-01
-1.057326943654389451e-02 4.726404895708748860e-02 -9.988264692375768972e-01 -6.334025399999999806e+00 -5.461703484108863110e-02 9.973638854754274252e-01 4.777299922054006193e-02 1.641498999999999875e-01 9.984513936484787910e-01 5.505805686310086960e-02 -7.963974878789858991e-03 6.336971999999999605e-01
-9.613826370056345605e-03 4.425609350304707257e-02 -9.989739598860303271e-01 -6.456081900000000040e+00 -5.467371348090779848e-02 9.975024656260480516e-01 4.471706748169333723e-02 1.679673000000000138e-01 9.984579908021840033e-01 5.504751818024378185e-02 -7.170170532262098995e-03 6.315526000000000195e-01
-8.696074083327185247e-03 4.394311001648913695e-02 -9.989961868684062996e-01 -6.516231499999999954e+00 -5.404867390442420760e-02 9.975529102706326423e-01 4.435010777624317363e-02 1.693624999999999992e-01 9.985004352250981263e-01 5.438009095863947234e-02 -6.299727186124592926e-03 6.308593999999999591e-01
-6.758053090820301777e-03 4.547115151245501030e-02 -9.989427927056447887e-01 -6.637761099999999637e+00 -5.398189273542955413e-02 9.974923720666071247e-01 4.577032800443915639e-02 1.726879000000000053e-01 9.985190453742592842e-01 5.423414099130481614e-02 -4.286487584612586055e-03 6.291157000000000554e-01
-5.571692184321056299e-03 4.912867158606176038e-02 -9.987769169711483430e-01 -6.698871099999999856e+00 -5.545911860837882817e-02 9.972400084522770047e-01 4.936245238320539908e-02 1.745936999999999906e-01 9.984454128340641832e-01 5.566631989175627182e-02 -2.831681536422325784e-03 6.284726999999999952e-01
-4.449504264997638375e-03 4.991987520601535999e-02 -9.987433143562021165e-01 -6.759446600000000416e+00 -5.711680301197347154e-02 9.971100201180148614e-01 5.009270000652082944e-02 1.766606000000000010e-01 9.983575876035035712e-01 5.726791282793294857e-02 -1.585381608662728148e-03 6.279173000000000116e-01
-3.684551823205051754e-03 4.708620771834667873e-02 -9.988840338700817334e-01 -6.819904300000000141e+00 -5.894045242701648202e-02 9.971439935802840493e-01 4.722159606007723248e-02 1.785358999999999974e-01 9.982547005376736227e-01 5.904866729628369809e-02 -8.987463335523582231e-04 6.273705000000000531e-01
-3.308298845944490554e-03 4.405548273673639409e-02 -9.990236081292467318e-01 -6.880156999999999634e+00 -5.792047364362073320e-02 9.973434451235687614e-01 4.417319551435574393e-02 1.802659000000000067e-01 9.983157185438102932e-01 5.801005869574676205e-02 -7.477957418025038550e-04 6.266228999999999827e-01
-3.158081195277738940e-03 4.244794112628832300e-02 -9.990936887085732909e-01 -6.939541799999999760e+00 -5.519460702916970801e-02 9.975682464047532783e-01 4.255759767469179111e-02 1.817953999999999959e-01 9.984706214396394941e-01 5.527898388252594497e-02 -8.075040903142705062e-04 6.264937999999999896e-01
-3.722883056781630361e-03 4.307077791206932738e-02 -9.990650870848178933e-01 -7.059274199999999944e+00 -5.068926102675223866e-02 9.977795308611735470e-01 4.320424297471533309e-02 1.837035999999999947e-01 9.987075342452900184e-01 5.080271532610893676e-02 -1.531390605636451241e-03 6.259892000000000234e-01
-4.010451862361679408e-03 4.112012651960574028e-02 -9.991461612151001370e-01 -7.119079100000000437e+00 -4.881681465453310831e-02 9.979548835942479990e-01 4.126704396217280996e-02 1.857311000000000101e-01 9.987996970778697525e-01 4.894063245813807389e-02 -1.994896426584902294e-03 6.258894000000000402e-01
-3.429408064198125657e-03 4.374437746849545866e-02 -9.990368704908858533e-01 -7.238526300000000191e+00 -4.579615756030807477e-02 9.979876725852377950e-01 4.385564183331130267e-02 1.891112000000000071e-01 9.989449189585182243e-01 4.590244882132143295e-02 -1.419182569409316308e-03 6.241058000000000439e-01
-3.617738178682050176e-03 4.513318232701982180e-02 -9.989744280128028953e-01 -7.297262700000000102e+00 -4.344350260804608066e-02 9.980307069306795231e-01 4.524787403395709451e-02 1.907838000000000034e-01 9.990493351439734271e-01 4.356264313014236722e-02 -1.649870267826814008e-03 6.234904999999999475e-01
-4.021691923016631857e-03 4.397085515545810092e-02 -9.990247193593227992e-01 -7.414848799999999684e+00 -4.231501138878277640e-02 9.981304861904831682e-01 4.410184064545306926e-02 1.939647999999999928e-01 9.990962244975422069e-01 4.245110639367925820e-02 -2.153546077751200549e-03 6.220480000000000453e-01
-4.142912484464788062e-03 4.859936492042892658e-02 -9.988097606679048335e-01 -7.473884100000000252e+00 -4.304633082498218050e-02 9.978838217278469536e-01 4.873286094959682763e-02 1.957415999999999878e-01 9.990644872472710381e-01 4.319699136696365099e-02 -2.042121002832963939e-03 6.216971999999999499e-01
-3.444869427113811909e-03 5.568392830430682339e-02 -9.984425036041036927e-01 -7.533006199999999986e+00 -4.821328083064024828e-02 9.972780335678711472e-01 5.578533243197442149e-02 1.974935999999999914e-01 9.988311230764567172e-01 4.833036200568849305e-02 -7.507877350813041417e-04 6.206492000000000120e-01
-4.443868061918643080e-04 5.132490159784135891e-02 -9.986819098173045361e-01 -7.651127299999999742e+00 -5.658238774692438827e-02 9.970807624732561658e-01 5.126779205901953879e-02 2.024737000000000064e-01 9.983978344914534730e-01 5.653058978749529034e-02 2.460995947730970634e-03 6.188913999999999804e-01
1.196421593537814413e-03 4.589312081618229094e-02 -9.989456391801917468e-01 -7.709562299999999979e+00 -5.845241633946984122e-02 9.972415584984917203e-01 4.574482514532841188e-02 2.042588999999999932e-01 9.982894788584361079e-01 5.833605630526190328e-02 3.875685139625995035e-03 6.183564999999999756e-01
3.444787224098656234e-03 4.127356083537271625e-02 -9.991419451794372186e-01 -7.827352499999999935e+00 -5.568860686466139964e-02 9.976052806421495944e-01 4.101808260232476383e-02 2.070918999999999954e-01 9.984422429497130658e-01 5.549952442018523530e-02 5.735005028715156605e-03 6.178116999999999637e-01
3.599654760689523832e-03 3.682255967804673458e-02 -9.993153364100644254e-01 -7.885989699999999658e+00 -5.232473185415822958e-02 9.979597806710071017e-01 3.658413043200420961e-02 2.083863999999999994e-01 9.986236352710635700e-01 5.215721677612931290e-02 5.519041236806576656e-03 6.178464000000000178e-01
3.393384636801000109e-03 3.347464139900736824e-02 -9.994338063743465339e-01 -7.944627800000000128e+00 -4.661286478689051493e-02 9.983584819492447027e-01 3.328035991930899246e-02 2.097038999999999986e-01 9.989072658545766759e-01 4.647353981791733230e-02 4.948163267988081593e-03 6.180875999999999593e-01
