1.000000000000000000e+00 0.000000000000000000e+00 0.000000000000000000e+00 0.000000000000000000e+00 0.000000000000000000e+00 1.000000000000000000e+00 0.000000000000000000e+00 0.000000000000000000e+00 0.000000000000000000e+00 0.000000000000000000e+00 1.000000000000000000e+00 0.000000000000000000e+00
9.999996863368662003e-01 1.176504394148204211e-04 7.832525412111356012e-04 -4.502999999999999950e-04 -1.183495237655694370e-04 9.999995946706021765e-01 8.925536519387133319e-04 -1.396600000000000012e-03 -7.831472144065027398e-04 -8.926460695427783061e-04 9.999992949314689961e-01 6.073850000000000082e-02
9.999981699955321490e-01 1.181653620110204896e-03 1.504559838882712792e-03 -6.047999999999999557e-04 -1.187141286073745052e-03 9.999926278553114001e-01 3.651702424293148085e-03 -1.938599999999999959e-03 -1.500233699660656790e-03 -3.653481866763503075e-03 9.999922006541328567e-01 8.999890000000000667e-02
9.999916982726678727e-01 1.314367741396863486e-04 4.072604832292578241e-03 -2.626999999999999886e-04 -1.777575660973413252e-04 9.999352813681856578e-01 1.137547701747513955e-02 -2.970500000000000050e-03 -4.070846102876435162e-03 -1.137610651768933105e-02 9.999270035420110281e-01 1.459170999999999940e-01
9.999790775879423554e-01 -3.353950409904773392e-04 6.460022951551927690e-03 -1.777000000000000096e-04 2.469882722436375329e-04 9.999063781979429244e-01 1.368114892345304555e-02 -3.898099999999999829e-03 -6.464006742065851914e-03 -1.367926713091038686e-02 9.998855405833207977e-01 1.974008999999999903e-01
9.999657069735310433e-01 3.696367359726129408e-04 8.273345490777015906e-03 3.262000000000000142e-04 -4.387492793910635581e-04 9.999650136276304613e-01 8.353383731324708072e-03 -4.597699999999999704e-03 -8.269968318934161136e-03 -8.356727192887537098e-03 9.999308839788015879e-01 2.435676999999999981e-01
9.999201925577495542e-01 -4.936186451757605675e-03 1.162938427374706103e-02 1.135900000000000017e-03 4.885194510501683282e-03 9.999783471913701316e-01 4.409084146428159275e-03 -5.075099999999999924e-03 -1.165089652634315569e-02 -4.351920464485142630e-03 9.999226557081318800e-01 2.853015999999999885e-01
9.998689603346434529e-01 -2.249686506408049482e-03 1.603125291242570374e-02 1.274600000000000082e-03 2.229366027153055398e-03 9.999966889442833962e-01 1.285312252781609490e-03 -5.810799999999999646e-03 -1.603409138168570766e-02 -1.249404295278465924e-03 9.998706650874755741e-01 3.221383999999999914e-01
9.997374333969303306e-01 2.363255988145448582e-03 2.279208823369871170e-02 1.394300000000000010e-03 -2.405228624696143045e-03 9.999954615736551533e-01 1.814306301394464195e-03 -6.739400000000000425e-03 -2.278769712325392008e-02 -1.868650108188271404e-03 9.997385803331748644e-01 3.532343000000000011e-01
9.996733840265927817e-01 -1.961058243944220191e-03 2.548096386293547885e-02 2.212700000000000170e-03 1.904623813714393212e-03 9.999956799715635780e-01 2.238849333573305050e-03 -6.996399999999999841e-03 -2.548524429838955677e-02 -2.189586439049164956e-03 9.996728004873781659e-01 3.666730000000000267e-01
9.991766825599905921e-01 -6.616644138962718587e-03 4.002720385875280923e-02 4.728399999999999791e-03 6.563839647342134022e-03 9.999774057865534749e-01 1.450491461021594531e-03 -8.349900000000000377e-03 -4.003589686138934317e-02 -1.186565098444823142e-03 9.991975375398857162e-01 4.242877999999999927e-01
9.990647249663243690e-01 -2.594968580539039164e-03 4.316180563911396068e-02 5.136400000000000167e-03 2.618211955440037479e-03 9.999964563166747755e-01 -4.819961089449845961e-04 -8.938700000000000812e-03 -4.316040192258437797e-02 5.945520655606669575e-04 9.990679787750792462e-01 4.379358999999999891e-01
9.987670210732120246e-01 -4.599814693903820501e-03 4.942953895520096896e-02 6.551699999999999711e-03 4.912004700413901553e-03 9.999687389065472498e-01 -6.196242367155885798e-03 -9.330400000000000846e-03 -4.939949216707693880e-02 6.431400658579150727e-03 9.987583928354262230e-01 4.622906999999999988e-01
9.986655990435574504e-01 -3.629782439139746936e-03 5.151549248931833885e-02 7.225299999999999605e-03 4.178700754671585242e-03 9.999355979704617203e-01 -1.055169993214546444e-02 -9.606599999999999862e-03 -5.147387441193259500e-02 1.075288756100630828e-02 9.986164507267667467e-01 4.728471000000000202e-01
9.996696137392191428e-01 -9.026352168849022944e-03 -2.406633193912769211e-02 6.252800000000000198e-03 8.376639911103597042e-03 9.996013561219594390e-01 -2.696220953370314505e-02 -1.139309999999999976e-02 2.430010844173477111e-02 2.675170659347775315e-02 9.993467120694681238e-01 5.394814999999999472e-01
9.978395209912138686e-01 -7.683274683219278381e-03 -6.524766385217918574e-02 3.738299999999999956e-03 5.872094806167457021e-03 9.995933295703152144e-01 -2.790508880327559338e-02 -1.181019999999999986e-02 6.543553201901967931e-02 2.746165997665686587e-02 9.974788460818175828e-01 5.544310000000000072e-01
9.960273546138748157e-01 -7.032258390704415434e-03 -8.876968065061857649e-02 1.839499999999999989e-03 4.715456656674803758e-03 9.996434520940135071e-01 -2.628180271751834329e-02 -1.223390000000000068e-02 8.892285043455061544e-02 2.575880485367868650e-02 9.957053834559219663e-01 5.631587000000000121e-01
9.550843359722885895e-01 6.376295727399099861e-04 -2.963334348481462266e-01 -1.872220000000000134e-02 -2.903103212274599134e-03 9.999698291472116640e-01 -7.205052882191577586e-03 -1.383990000000000047e-02 2.963199000609163525e-01 7.741719694245185850e-03 9.550573713678484067e-01 6.241932999999999510e-01
9.409951353280502362e-01 4.484554163173061839e-03 -3.383903722964086147e-01 -2.445539999999999867e-02 -5.797906453238107008e-03 9.999790721050360043e-01 -2.870476042500283952e-03 -1.424820000000000079e-02 3.383704176929536733e-01 4.663059715319473574e-03 9.410014433062190431e-01 6.356943000000000454e-01
9.052838212526349571e-01 1.036314432360183752e-02 -4.246808309989462127e-01 -3.826539999999999803e-02 -6.997627273260517700e-03 9.999305430140961182e-01 9.483794603396378253e-03 -1.472900000000000077e-02 4.247496158806642330e-01 -5.613767653108622281e-03 9.052934603883787679e-01 6.591436999999999991e-01
8.589470798992835388e-01 1.956714991146907279e-02 -5.116903756929924718e-01 -5.541329999999999867e-02 -1.096688421741306291e-02 9.997433970749370902e-01 1.982088433008033501e-02 -1.497710000000000014e-02 5.119469126609277332e-01 -1.141344161095433386e-02 8.589412622336510816e-01 6.828024000000000315e-01
8.006589947687662301e-01 2.598382307646165956e-02 -5.985566097155722298e-01 -7.621890000000000609e-02 -1.468009542274183177e-02 9.996099726687998066e-01 2.375704820596315908e-02 -1.478890000000000066e-02 5.989404552159153239e-01 -1.023442618872213994e-02 8.007281608800451700e-01 7.059096000000000259e-01
7.302072578861784624e-01 3.240959632103231763e-02 -6.824565763450857192e-01 -1.014589000000000046e-01 -1.687631977465369609e-02 9.994250975987615249e-01 2.940517166366453383e-02 -1.400679999999999981e-02 6.830172401639739155e-01 -9.954514353481810907e-03 7.303344146914991786e-01 7.294254999999999489e-01
6.506640716225267074e-01 3.311326398924423903e-02 -7.586433797559787306e-01 -1.312162000000000051e-01 -1.239360102035407842e-02 9.993787938062740350e-01 3.299128891184884005e-02 -1.321839999999999994e-02 7.592645550487285844e-01 -1.206392300603012849e-02 6.506702676535642826e-01 7.524243999999999932e-01
5.639009231514278131e-01 3.190831925674003644e-02 -8.252257921509588146e-01 -1.656887999999999972e-01 -2.733056175892744147e-03 9.993199331035981237e-01 3.677229535614414541e-02 -1.253469999999999931e-02 8.258379255476869796e-01 -1.848054284998248975e-02 5.636046400297491932e-01 7.739182999999999479e-01
4.680026757358267675e-01 3.302744965689666246e-02 -8.831096665042613703e-01 -2.053240000000000065e-01 -9.582346756919664366e-04 9.993197666581402627e-01 3.686578023894800105e-02 -1.109249999999999993e-02 8.837265285654906100e-01 -1.640705749003347480e-02 4.677159727592226091e-01 7.926767000000000118e-01
4.158049245833931873e-01 3.186691520586170528e-02 -9.088953539365579593e-01 -2.265082999999999958e-01 3.791442493672726732e-03 9.993164996384730214e-01 3.677170806648713541e-02 -1.044600000000000042e-02 9.094459245364815425e-01 -1.873588176660501148e-02 4.153999001906619748e-01 8.008562999999999654e-01
3.620764210289373342e-01 3.093498402886951659e-02 -9.316349564598835897e-01 -2.491736999999999980e-01 8.891635684013627153e-03 9.992890765728176250e-01 3.663714313518726812e-02 -9.829199999999999743e-03 9.321060047815046268e-01 -2.154920428644668470e-02 3.615439498109219718e-01 8.084841000000000388e-01
3.082297444948939313e-01 2.974661026704544797e-02 -9.508467614638190790e-01 -2.729564999999999908e-01 1.101259614815310213e-02 9.993324579771054594e-01 3.483333402811879947e-02 -9.021100000000000646e-03 9.512482049048450738e-01 -2.120796103017265344e-02 3.076964007820900404e-01 8.147952000000000528e-01
2.551422982716781140e-01 3.557296265138504276e-02 -9.662489182197563364e-01 -2.983945000000000070e-01 1.164729069767911178e-02 9.991374168393766242e-01 3.985928864068682964e-02 -8.067500000000000018e-03 9.668333611600553601e-01 -2.142397254808250592e-02 2.545078881846478680e-01 8.198720000000000452e-01
2.042949783277512033e-01 4.072831208280441873e-02 -9.780617395772871481e-01 -3.248964999999999770e-01 1.430665134015510209e-02 9.989031684579823267e-01 4.458452390723818826e-02 -7.322000000000000383e-03 9.788048230150353524e-01 -2.310118264266014868e-02 2.034882153910038127e-01 8.238965999999999790e-01
1.561404844608187126e-01 4.210622432055019515e-02 -9.868369748777193751e-01 -3.522506000000000248e-01 1.917782242792948066e-02 9.987733965104599321e-01 4.564990197013019113e-02 -6.514800000000000278e-03 9.875486622132926273e-01 -2.605318207872502068e-02 1.551414563045905304e-01 8.271351000000000120e-01
1.115468922793434181e-01 4.356747565971312575e-02 -9.928036895013340191e-01 -3.809880999999999962e-01 2.161709585832459826e-02 9.986957450886780885e-01 4.625483659491287647e-02 -5.819900000000000247e-03 9.935240268808162023e-01 -2.662111579950004678e-02 1.104596043996041166e-01 8.294405999999999723e-01
7.129169081309254252e-02 4.174082937114276942e-02 -9.965817567989186943e-01 -4.104627000000000137e-01 2.083521199967535570e-02 9.988437055425105626e-01 4.332604111888036652e-02 -4.832300000000000310e-03 9.972378797267674733e-01 -2.385277890551692342e-02 7.033957759715026015e-02 8.301984999999999504e-01
3.553023071809795902e-02 3.741629093400447581e-02 -9.986679247266632142e-01 -4.414332000000000256e-01 1.828288105319864770e-02 9.991073040732478816e-01 3.808321425354152523e-02 -3.532599999999999889e-03 9.992013505622943104e-01 -1.961163226833740822e-02 3.481443542926110357e-02 8.304899000000000031e-01
6.894923625017643394e-03 3.730029148075869605e-02 -9.992803151686993068e-01 -4.734198000000000017e-01 1.556984423102834164e-02 9.991789256384393525e-01 3.740393710073378064e-02 -2.166400000000000183e-03 9.998550094782874265e-01 -1.581653613989407806e-02 6.308502651876879419e-03 8.298404999999999809e-01
-1.425529993363127378e-02 4.159501942772256267e-02 -9.990328527043589313e-01 -5.066268000000000438e-01 1.463241420022688873e-02 9.990360661701084277e-01 4.138636183609001318e-02 -1.115200000000000002e-03 9.997913176650791156e-01 -1.402828749926918195e-02 -1.485019432070289191e-02 8.288672999999999735e-01
-2.706064268253009428e-02 4.787311522082642046e-02 -9.984867983386970236e-01 -5.405442000000000302e-01 1.609575385677175507e-02 9.987439601314140880e-01 4.744922347944822982e-02 -8.820000000000000257e-05 9.995042012544973486e-01 -1.478739125315490024e-02 -2.779720731540258338e-02 8.275103000000000320e-01
-3.905268902903889089e-02 4.747520822136627738e-02 -9.981087075484006421e-01 -6.126215000000000410e-01 1.661626693720747242e-02 9.987634330404795424e-01 4.685621083983303181e-02 2.535100000000000200e-03 9.990989876647219381e-01 -1.475497968596828705e-02 -3.979325849681092375e-02 8.248505999999999894e-01
-3.845579831535122367e-02 4.370572088166560509e-02 -9.983040426333764650e-01 -6.498397999999999675e-01 2.436118490327697159e-02 9.987871050937991990e-01 4.278844900737344137e-02 3.821000000000000178e-03 9.989633047545023459e-01 -2.267440540702634136e-02 -3.947387862118989510e-02 8.237649999999999695e-01
-3.434452882024603693e-02 4.191948163285365292e-02 -9.985305255222535203e-01 -6.881737999999999467e-01 3.613322925898891647e-02 9.985188219022105294e-01 4.067618529728090487e-02 5.468500000000000270e-03 9.987566485803397454e-01 -3.468312798255413637e-02 -3.580834469663651820e-02 8.232331000000000509e-01
-2.340898905692819290e-02 4.060498172625940511e-02 -9.989010234704653879e-01 -7.674967999999999790e-01 3.456982390825975165e-02 9.986101533408181519e-01 3.978302300705133937e-02 7.981200000000000794e-03 9.991280931423582867e-01 -3.360055213293084569e-02 -2.478016121976744923e-02 8.211368000000000000e-01
-1.802380088765006758e-02 2.358405372602752001e-02 -9.995593704284956305e-01 -8.498647000000000284e-01 3.605498422899922062e-02 9.990868754394910400e-01 2.292277114140881672e-02 1.027849999999999944e-02 9.991872600838190843e-01 -3.562594187390186878e-02 -1.885766559753365712e-02 8.191734999999999989e-01
-1.839009648398087088e-02 1.232258195731661399e-02 -9.997549491376448438e-01 -9.360895000000000188e-01 2.270910996152318562e-02 9.996712435954027143e-01 1.190382514893729808e-02 1.169079999999999946e-02 9.995729591560914562e-01 -2.248463258152640087e-02 -1.866388549065922664e-02 8.156949999999999479e-01
-2.658823863650159464e-02 2.698423925931914269e-02 -9.992822005808988939e-01 -1.027937399999999890e+00 8.704717272054999025e-03 9.996039514414900573e-01 2.676131834893055728e-02 1.262519999999999962e-02 9.996085701230364995e-01 -7.986932712564918935e-03 -2.681259857647011469e-02 8.119785999999999948e-01
-3.263304440264652717e-02 4.613421347619947599e-02 -9.984020827101410811e-01 -1.123320700000000061e+00 5.935584083797434962e-03 9.989254444743668193e-01 4.596439081803165017e-02 1.557180000000000022e-02 9.994497752536638524e-01 -4.426141504859100462e-03 -3.287181188769328077e-02 8.081296999999999509e-01
-3.507314816211529879e-02 5.469742729611548615e-02 -9.978868000555896067e-01 -1.221100999999999992e+00 8.915656180973372674e-03 9.984785204007939896e-01 5.441649908900751675e-02 1.907729999999999843e-02 9.993449781496182016e-01 -6.988257681814980665e-03 -3.550744853846266036e-02 8.045010000000000217e-01
-3.985418147194893373e-02 4.722208904398088325e-02 -9.980890333660235036e-01 -1.318091300000000077e+00 7.367124822219621449e-03 9.988693756649953404e-01 4.696483610613576276e-02 2.270020000000000024e-02 9.991783472889386175e-01 -5.481301391521743033e-03 -4.015701238887803282e-02 8.003090000000000481e-01
-5.001425903478854545e-02 3.766232118030603260e-02 -9.980381372755812164e-01 -1.416693600000000108e+00 8.105727583261512076e-03 9.992711390737407662e-01 3.730265130811417917e-02 2.540370000000000128e-02 9.987156107088476231e-01 -6.224160793253188245e-03 -5.028308611126308669e-02 7.952141999999999822e-01
-6.345173428184457121e-02 3.798858506497670290e-02 -9.972616230565514162e-01 -1.517662499999999914e+00 6.572560263067912800e-03 9.992694899268713682e-01 3.764688503553320631e-02 2.820260000000000128e-02 9.979632652899677048e-01 -4.165801969770299013e-03 -6.365506441544244165e-02 7.886727000000000043e-01
-7.598904847993187550e-02 4.562987777548813823e-02 -9.960640435058926156e-01 -1.620607499999999979e+00 2.822979095942125538e-03 9.989582037188765584e-01 4.554709663391814933e-02 3.144079999999999792e-02 9.971046561420414678e-01 6.492125611982195454e-04 -7.603869556292996990e-02 7.806982000000000088e-01
-8.325527127829002172e-02 4.905084494739275075e-02 -9.953203375870128822e-01 -1.723269099999999998e+00 -5.314990277722274337e-03 9.987518134580254392e-01 4.966453455588987209e-02 3.517370000000000219e-02 9.965140795205685853e-01 9.424952214854839111e-03 -8.289064840512261334e-02 7.712010999999999727e-01
-8.656943826223306715e-02 5.009129560264267977e-02 -9.949857257588221593e-01 -1.826311900000000099e+00 -1.078328067456435849e-02 9.986295384422169130e-01 5.121294571276308050e-02 3.865699999999999692e-02 9.961874588735069036e-01 1.516268629015063082e-02 -8.591064967517991757e-02 7.615496999999999961e-01
-8.888005347097081843e-02 4.849158235788181281e-02 -9.948612478810429094e-01 -1.930164599999999897e+00 -1.223132252864078673e-02 9.986857708254667232e-01 4.977073336754861410e-02 4.238650000000000057e-02 9.959672338205697306e-01 1.659209423707624573e-02 -8.817012852792183164e-02 7.518048999999999982e-01
-9.020049137515925852e-02 4.486440099858822472e-02 -9.949125875566748878e-01 -2.034940699999999936e+00 -1.913108608981821390e-02 9.987224374216866485e-01 4.677065891677176929e-02 4.641929999999999668e-02 9.957398620627297969e-01 2.325249478062332148e-02 -8.922694988496082669e-02 7.410567999999999600e-01
-8.979199021224539001e-02 3.922115106064678197e-02 -9.951879720953232811e-01 -2.140972099999999934e+00 -2.593026804569126958e-02 9.987935194909720593e-01 4.170283709672369804e-02 4.988150000000000223e-02 9.956229304775993105e-01 2.955007161269152666e-02 -8.866664296612436491e-02 7.307652999999999510e-01
-8.630192068895735369e-02 4.689976329219711082e-02 -9.951645043351038389e-01 -2.248156499999999891e+00 -2.690221485956863223e-02 9.984173917199831161e-01 4.938605822208704671e-02 5.273789999999999728e-02 9.959057431911146896e-01 3.103424099606186953e-02 -8.490363104574405462e-02 7.207230000000000025e-01
-8.192164887932207318e-02 4.556694077971515378e-02 -9.955965535059225768e-01 -2.355944899999999897e+00 -2.408257065435226787e-02 9.985720783991861582e-01 4.768473584080932387e-02 5.670479999999999965e-02 9.963477672156302312e-01 2.788293652948998363e-02 -8.070730211648280417e-02 7.109550000000000036e-01
-7.217356736337429690e-02 4.697343920882076501e-02 -9.962853367298647456e-01 -2.464146899999999807e+00 -3.372862180041110575e-02 9.982040911588738741e-01 4.950729708973621024e-02 6.054930000000000034e-02 9.968216270955849723e-01 3.717644956934149092e-02 -7.045960084991187422e-02 7.013734999999999831e-01
-6.051319596192419187e-02 4.548208943935302950e-02 -9.971306497419003545e-01 -2.573359299999999905e+00 -3.895085653386734514e-02 9.980928802151876056e-01 4.788980307987492774e-02 6.460359999999999714e-02 9.974071304586467068e-01 4.173705792196912706e-02 -5.862622370805026240e-02 6.936387000000000524e-01
-5.464772988342937732e-02 4.442357240345182201e-02 -9.975170032803967191e-01 -2.627999099999999810e+00 -3.838441666463965340e-02 9.981779347792469892e-01 4.655584901118925423e-02 6.670370000000000466e-02 9.977676393709625779e-01 4.083327974523466575e-02 -5.284298524254982254e-02 6.901243999999999712e-01
-4.384938953348642421e-02 4.475912230257898111e-02 -9.980349953825483622e-01 -2.738432599999999884e+00 -3.591640547506218945e-02 9.982794526362971377e-01 4.634809879516087194e-02 7.041719999999999924e-02 9.983923291248243403e-01 3.787816541066695020e-02 -4.216635779659727579e-02 6.844875999999999738e-01
-3.791569219419657633e-02 4.654328743170368238e-02 -9.981964349167377071e-01 -2.793930099999999861e+00 -3.467477866309390949e-02 9.982518701295265418e-01 4.786296592949787487e-02 7.203420000000000656e-02 9.986791576928500946e-01 3.642699792671146020e-02 -3.623553245016519764e-02 6.820154999999999967e-01
-2.736054034852754974e-02 4.655180851998706737e-02 -9.985411007842166509e-01 -2.905676800000000171e+00 -3.538130890447829802e-02 9.982440620347552418e-01 4.750742670949106849e-02 7.621940000000000659e-02 9.989992811869499167e-01 3.662952000600391833e-02 -2.566543301967216806e-02 6.784229000000000509e-01
-2.262176465889078475e-02 4.152814331541508641e-02 -9.988812086912499666e-01 -2.961767200000000155e+00 -3.556726213085749377e-02 9.984709693592822566e-01 4.231658317078650783e-02 7.841610000000000247e-02 9.991112178472589811e-01 3.648474557276735336e-02 -2.111013292847307987e-02 6.770604999999999540e-01
-1.838394842369640153e-02 3.665174014856866641e-02 -9.991589865403986970e-01 -3.017407200000000067e+00 -3.511197742187114473e-02 9.986877958986997150e-01 3.728049576552300987e-02 7.953639999999999322e-02 9.992142810638171557e-01 3.576781048762934373e-02 -1.707290985860787647e-02 6.758347999999999578e-01
-1.442507315446427477e-02 3.587801953633139307e-02 -9.992520627842802483e-01 -3.073983000000000132e+00 -3.537069383172061765e-02 9.987122668904231393e-01 3.636924498054371069e-02 8.113960000000000616e-02 9.992701493001536761e-01 3.586886779287501437e-02 -1.313746706584717483e-02 6.745891999999999999e-01
-1.132213011724944249e-02 3.851641285480495586e-02 -9.991938226942789214e-01 -3.130680799999999930e+00 -3.441155541888502728e-02 9.986509747856568975e-01 3.888541388888812345e-02 8.232090000000000241e-02 9.993436116888230192e-01 3.482407931956485458e-02 -9.981446602751464781e-03 6.737532999999999994e-01
-9.074499190838310192e-03 3.819149048302461491e-02 -9.992292347200016911e-01 -3.187088999999999839e+00 -3.456989911065476428e-02 9.986610662732088306e-01 3.848372104587476777e-02 8.353910000000000502e-02 9.993610836629142069e-01 3.489247432817848410e-02 -7.742073064934240634e-03 6.728414999999999813e-01
-7.556077324794831240e-03 3.966548391415875702e-02 -9.991844449756593916e-01 -3.300806300000000082e+00 -3.700181888173067341e-02 9.985175775164674139e-01 3.991882751395740836e-02 8.563669999999999616e-02 9.992866310998583801e-01 3.727327160984257592e-02 -6.077180974233375998e-03 6.715659000000000489e-01
-6.222940656426867445e-03 3.933297436077727582e-02 -9.992067814709428841e-01 -3.358060800000000068e+00 -3.764920155300092997e-02 9.985084522383420591e-01 3.953995992678839555e-02 8.693829999999999614e-02 9.992716410626329981e-01 3.786539233290679707e-02 -4.732803763831894273e-03 6.705946999999999880e-01
-4.964957155026241721e-03 3.630705889833021199e-02 -9.993283477789480784e-01 -3.473017500000000091e+00 -3.615092872081866054e-02 9.986809047060454247e-01 3.646314479219959354e-02 8.929449999999999887e-02 9.993340080038661810e-01 3.630768582088101520e-02 -3.645874005112292870e-03 6.699564000000000075e-01
-4.998881391322171006e-03 3.640994602087163634e-02 -9.993244353139740799e-01 -3.530473199999999867e+00 -3.258516611639322713e-02 9.988002919016885084e-01 3.655384858354507327e-02 9.037530000000000563e-02 9.994564613498693184e-01 3.274588108234217920e-02 -3.806460053455529291e-03 6.698975000000000346e-01
-4.873339682095999444e-03 3.678196888353735955e-02 -9.993114315994757746e-01 -3.588154100000000124e+00 -3.041122191050134663e-02 9.988556208200692899e-01 3.691349804697562076e-02 9.182650000000000534e-02 9.995255915394329893e-01 3.057017371890973292e-02 -3.749178115604712147e-03 6.696022999999999836e-01
-4.879738745457270349e-03 3.985666544787079546e-02 -9.991934919569646079e-01 -3.646168900000000157e+00 -3.003176573812743611e-02 9.987488399486444957e-01 3.998559425452084121e-02 9.289060000000000372e-02 9.995370334291903136e-01 3.020266413105699571e-02 -3.676667371444564125e-03 6.691799000000000497e-01
-4.658961709583738647e-03 4.357403717282994082e-02 -9.990393372436591202e-01 -3.704263200000000200e+00 -3.212399521296227523e-02 9.985280286267518290e-01 4.370154434719965286e-02 9.421859999999999957e-02 9.994730326563826539e-01 3.229673870893957910e-02 -3.252331689768794831e-03 6.686096999999999735e-01
-3.988234982805965306e-03 4.394932725281655572e-02 -9.990258007758091585e-01 -3.761441200000000151e+00 -3.416738201476518522e-02 9.984444366083390365e-01 4.406015220256959131e-02 9.542499999999999594e-02 9.994081668607571745e-01 3.430981841807581589e-02 -2.480397576930415404e-03 6.677969000000000266e-01
-4.263744762361680596e-03 4.193494117082124245e-02 -9.991112456526556329e-01 -3.819419400000000131e+00 -3.482401226779745923e-02 9.985080834905049052e-01 4.205823788143379927e-02 9.712909999999999600e-02 9.993843648217504150e-01 3.497238786698360358e-02 -2.797040705376341307e-03 6.675343000000000249e-01
-3.719178411405688663e-03 3.954470477347355600e-02 -9.992108806634979468e-01 -3.876258599999999888e+00 -3.473784870997458779e-02 9.986096048762010957e-01 3.965020701081381493e-02 9.843649999999999622e-02 9.993895384578262986e-01 3.485790259577144223e-02 -2.340309312176436229e-03 6.668960999999999917e-01
-3.625167529390442393e-03 3.872439394568825272e-02 -9.992433534799833872e-01 -3.933450199999999786e+00 -3.260612232189032816e-02 9.987140129852826176e-01 3.882217219531301777e-02 9.993499999999999606e-02 9.994617045927842724e-01 3.272218789096709157e-02 -2.357853285187339054e-03 6.665372000000000519e-01
-3.969343388256409838e-03 3.999490471673018688e-02 -9.991919995224972650e-01 -3.990964700000000143e+00 -3.091951613740873128e-02 9.987172149255642006e-01 4.009872981969575534e-02 1.014247999999999955e-01 9.995139958174147354e-01 3.105369878169282269e-02 -2.727628471999588022e-03 6.665107000000000115e-01
-3.548663414698151764e-03 4.257233072463340734e-02 -9.990870851155279064e-01 -4.048121499999999706e+00 -3.029383694744405484e-02 9.986302459668567888e-01 4.266046510736427877e-02 1.029647999999999952e-01 9.995347369806469873e-01 3.041756888456745300e-02 -2.254123373228944516e-03 6.660327000000000330e-01
-3.211793470494112967e-03 4.536947482228018830e-02 -9.989651120720148825e-01 -4.105398199999999775e+00 -3.089902094982347608e-02 9.984887600316039169e-01 4.544718467509609866e-02 1.040234000000000020e-01 9.995173509684787128e-01 3.101301089704776998e-02 -1.805067326815179563e-03 6.656516000000000099e-01
-2.688948079495903816e-03 4.583794998436414164e-02 -9.989452697217484634e-01 -4.162295799999999879e+00 -3.258086687423037558e-02 9.984145221685398752e-01 4.590129667765106142e-02 1.053039999999999948e-01 9.994654854830904434e-01 3.266992905099418837e-02 -1.191244665697754890e-03 6.649127999999999705e-01
-2.291090123653126767e-03 4.373245967044065569e-02 -9.990406512636105241e-01 -4.218733799999999867e+00 -3.193485035388509558e-02 9.985305114665301573e-01 4.378336445802833571e-02 1.068381999999999943e-01 9.994873267025052854e-01 3.200452532944138978e-02 -8.911338378044808550e-04 6.645461999999999758e-01
-1.931988203278653393e-03 4.231393119422692528e-02 -9.991024965680311842e-01 -4.275394900000000220e+00 -3.058771117634521974e-02 9.986343644593455027e-01 4.235325307306939818e-02 1.083260999999999946e-01 9.995302193263467805e-01 3.064208458589601919e-02 -6.350635054194198048e-04 6.642628999999999895e-01
-1.642493308022177504e-03 4.323226709412990310e-02 -9.990636983183978082e-01 -4.331522500000000164e+00 -2.863475329324977059e-02 9.986533362863324603e-01 4.326158605520794009e-02 1.099422000000000038e-01 9.995885919314844159e-01 2.867899939117914132e-02 -4.023361193360441845e-04 6.637996000000000452e-01
-1.409901676043348769e-03 4.589426485884364609e-02 -9.989453081276924440e-01 -4.387765400000000149e+00 -2.622036248980168932e-02 9.986011531478150571e-01 4.591546060704886079e-02 1.115836000000000050e-01 9.996551929381287671e-01 2.625744437146091889e-02 -2.045651787200286620e-04 6.636189000000000116e-01
-1.521005860492379578e-03 4.869838706710481746e-02 -9.988123715884952292e-01 -4.444544299999999559e+00 -2.482078602722173621e-02 9.985039701063163076e-01 4.872114800489941999e-02 1.129748000000000002e-01 9.996907597463141615e-01 2.486541330818531348e-02 -3.099981449932176503e-04 6.637707999999999942e-01
-8.283781015788543260e-04 5.218156151663590897e-02 -9.986372706981279102e-01 -4.557471800000000073e+00 -2.802690413587383828e-02 9.982441059248211568e-01 5.218426612412049859e-02 1.166385000000000061e-01 9.996068259242125720e-01 2.803193935567131756e-02 6.355640649087224148e-04 6.628785000000000371e-01
-5.538356521614931291e-04 4.743947460898595425e-02 -9.988739607752789018e-01 -4.668955799999999989e+00 -3.188229793578668814e-02 9.983654788340992070e-01 4.743300275856047327e-02 1.199425999999999964e-01 9.994914768743171640e-01 3.187266730575353396e-02 9.595490673353079814e-04 6.621593000000000062e-01
-3.992421533370116640e-05 4.433825895430641706e-02 -9.990165750371502451e-01 -4.780363099999999754e+00 -3.336439740330884862e-02 9.984603177993721657e-01 4.431490455694164776e-02 1.230442999999999953e-01 9.994432527122143473e-01 3.333335525982401848e-02 1.439456547192352609e-03 6.612010999999999861e-01
-2.916772193426939164e-04 4.685952526934200613e-02 -9.989014464980674468e-01 -4.891773699999999891e+00 -3.228319089915183959e-02 9.983803822366602576e-01 4.684450821973818596e-02 1.265091000000000132e-01 9.994787193881460308e-01 3.226138956263503027e-02 1.221570185976683653e-03 6.612265000000000503e-01
-5.048000431879268862e-04 4.895462387754178496e-02 -9.988008760398264796e-01 -4.947522600000000104e+00 -3.103589908233751055e-02 9.983190842519796826e-01 4.894669535769949342e-02 1.279800000000000104e-01 9.995181429794396388e-01 3.102339148605282385e-02 1.015399249431392370e-03 6.613645000000000218e-01
-1.440127688998230678e-03 4.923814131880813183e-02 -9.987860288729055736e-01 -5.059256600000000326e+00 -3.873965393618938879e-02 9.980345644043124853e-01 4.925695349083688418e-02 1.318431999999999937e-01 9.992483000961991380e-01 3.876356141743508149e-02 4.701713443758803734e-04 6.604263000000000217e-01
-2.044003895530433629e-03 4.516977194111729266e-02 -9.989772338501328175e-01 -5.172691300000000325e+00 -4.211146912510890794e-02 9.980892529951731484e-01 4.521578511606669931e-02 1.342569000000000123e-01 9.991108277944946714e-01 4.216082018088324751e-02 -1.379328647226341076e-04 6.595109999999999584e-01
-3.323032559184407181e-03 4.022925452204086788e-02 -9.991849501144480783e-01 -5.287476999999999983e+00 -3.892930401245086464e-02 9.984278353075322077e-01 4.032824038092376606e-02 1.376892000000000116e-01 9.992364418613430832e-01 3.903158674351130120e-02 -1.751711325240101758e-03 6.585320000000000062e-01
-4.865683872767026172e-03 4.064778601298095484e-02 -9.991616899244550876e-01 -5.402999900000000189e+00 -3.328926211300628490e-02 9.986131374469107147e-01 4.078758078642348572e-02 1.415443000000000118e-01 9.994339148480111401e-01 3.345981486321118747e-02 -3.505801035109223918e-03 6.583925000000000471e-01
-6.274822965044241779e-03 4.068060147070601262e-02 -9.991524985009740956e-01 -5.580601699999999887e+00 -3.113957225300616541e-02 9.986796482933484320e-01 4.085691036500126855e-02 1.462835000000000107e-01 9.994953494822560458e-01 3.136955129828177674e-02 -4.999761463040597320e-03 6.561808999999999559e-01
-7.823606516561094557e-03 3.572167617395048678e-02 -9.993311528379357211e-01 -5.700063199999999775e+00 -3.050899879442130203e-02 9.988879720186550903e-01 3.594468457255395322e-02 1.494855999999999963e-01 9.995038730158259943e-01 3.076981000561779256e-02 -6.725073871873932241e-03 6.546889000000000181e-01
-8.876674686713296666e-03 4.150679601248001560e-02 -9.990987891751669236e-01 -5.821265699999999654e+00 -3.723561277265508007e-02 9.984314905837966547e-01 4.180990016805793963e-02 1.526762999999999870e-01 9.992670883142059646e-01 3.757318851783088276e-02 -7.317220555128289838e-03 6.525132999999999628e-01
-8.934871664465880367e-03 4.489119390231702950e-02 -9.989519251587457571e-01 -5.944052700000000300e+00 -5.023338887989687446e-02 9.977103300665274288e-01 4.528469852148844094e-02 1.561396999999999924e-01 9.986975391528611912e-01 5.058535349847443491e-02 -6.659376956878348963e-03 6.496741999999999795e-01
-9.120125310332877211e-03 4.165648614247038223e-02 -9.990903665217604201e-01 -6.066328000000000387e+00 -5.527356815142530494e-02 9.975833664834292680e-01 4.209821349413449959e-02 1.594742000000000104e-01 9.984295949029821093e-01 5.560723044578069069e-02 -6.795582684087864145e-03 6.472158999999999551e-01
-1.034785149147796242e-02 3.977506289181031301e-02 -9.991550762226364402e-01 -6.188813699999999862e+00 -5.337495796234650175e-02 9.977621200058455209e-01 4.027239431618585136e-02 1.627765999999999935e-01 9.985209240832300104e-01 5.374659294683848537e-02 -8.201701931842664273e-03 6.455294000000000310e-01
-1.160048237358035639e-02 4.530629978877254160e-02 -9.989057853512264273e-01 -6.311308900000000222e+00 -5.382022147223824993e-02 9.974966487763473610e-01 4.586741153188755860e-02 1.663952999999999960e-01 9.984832560285523684e-01 5.429341469650049434e-02 -9.133047203116140267e-03 6.435828000000000104e-01
-1.128130452296620748e-02 4.694572244861412724e-02 -9.988337355696580433e-01 -6.495375600000000027e+00 -5.248446720302081536e-02 9.974925865538794012e-01 4.747547232483768226e-02 1.716231000000000007e-01 9.985580167775304217e-01 5.295884169644465150e-02 -8.789096398139184529e-03 6.405456999999999956e-01
-1.022359293286417489e-02 4.664044659545257127e-02 -9.988594229864978802e-01 -6.556385500000000199e+00 -5.188424438299885783e-02 9.975413164101554209e-01 4.710994841325376326e-02 1.732451000000000130e-01 9.986007727477222984e-01 5.230669934215803618e-02 -7.778552023400275850e-03 6.396465999999999541e-01
-8.278564536046436814e-03 4.804079215402486114e-02 -9.988110670484363629e-01 -6.678282300000000227e+00 -5.172975698149329116e-02 9.974872947030425374e-01 4.840587927763729398e-02 1.769195000000000073e-01 9.986268059750137427e-01 5.206898496436562079e-02 -5.772624439759344028e-03 6.376239999999999686e-01
-7.117670939841298089e-03 5.130820757171149910e-02 -9.986575021478437675e-01 -6.739560599999999901e+00 -5.341855308085043802e-02 9.972373087419553750e-01 5.161596884541105185e-02 1.792953999999999937e-01 9.985468426404146003e-01 5.371422426955681922e-02 -4.357196802905360933e-03 6.368258999999999448e-01
-5.068706245602995486e-03 4.951118722634818142e-02 -9.987607073550867076e-01 -6.860941900000000260e+00 -5.700349991695955604e-02 9.971351627620043123e-01 4.971989723248114446e-02 1.833478000000000052e-01 9.983611116295610932e-01 5.718487145241117620e-02 -2.231874270256395398e-03 6.352824999999999722e-01
-5.095697117040680693e-03 4.483036653861076359e-02 -9.989816175019964328e-01 -6.981215999999999866e+00 -5.307978572712744592e-02 9.975741169027759758e-01 4.503795768914169856e-02 1.870169999999999888e-01 9.985772730330154667e-01 5.325522999349912440e-02 -2.703749301597779819e-03 6.348224000000000089e-01
-5.466707825801981821e-03 4.448206405286253551e-02 -9.989952257559311377e-01 -7.041369399999999779e+00 -5.181661683182794964e-02 9.976554592561320822e-01 4.470595974296650427e-02 1.885120999999999880e-01 9.986416541110481049e-01 5.200894724980743150e-02 -3.148980837653581055e-03 6.347382999999999775e-01
-5.881957124506854637e-03 4.353194201803345376e-02 -9.990347204199284681e-01 -7.161307800000000334e+00 -4.696059041898145714e-02 9.979377286773738476e-01 4.376062876313356609e-02 1.914547000000000054e-01 9.988794249196880637e-01 4.717265846210809410e-02 -3.825541233756335480e-03 6.336787000000000392e-01
-5.527580644017331471e-03 4.375662615286532442e-02 -9.990269283257295907e-01 -7.221106100000000083e+00 -4.632336260150952956e-02 9.979584786473836289e-01 4.396613438873855223e-02 1.931939000000000017e-01 9.989112032255484941e-01 4.652131300294449351e-02 -3.489341910606347241e-03 6.327306999999999793e-01
-5.657896971012383279e-03 4.764755170335859685e-02 -9.988481861717233290e-01 -7.341351999999999656e+00 -4.123848179237601247e-02 9.980033273789458148e-01 4.784084196596726651e-02 1.970452000000000037e-01 9.991333123369101621e-01 4.146166129364032421e-02 -3.681687309667336372e-03 6.311978000000000311e-01
-5.809118318435415457e-03 4.597594529141969116e-02 -9.989256561921527888e-01 -7.400805499999999704e+00 -3.910220967805014963e-02 9.981680667705801202e-01 4.616847060252800977e-02 1.990263999999999922e-01 9.992183301674647522e-01 3.932839856952067420e-02 -4.000715348622563283e-03 6.308236999999999872e-01
-6.413217932837221233e-03 5.103081656552269085e-02 -9.986764873553408695e-01 -7.519751499999999922e+00 -4.114759787917490752e-02 9.978377061224316114e-01 5.125219438324039867e-02 2.025373000000000034e-01 9.991324966312125078e-01 4.142183000520031910e-02 -4.299555151481504467e-03 6.295437000000000394e-01
-6.058754996506540008e-03 5.823298162938018302e-02 -9.982846344297023888e-01 -7.579446299999999859e+00 -4.593719139566544013e-02 9.972328323923597138e-01 5.845042724728218703e-02 2.041942999999999953e-01 9.989259561822237954e-01 4.621252913728157025e-02 -3.366929783288452604e-03 6.285528999999999700e-01
-3.091612777158411936e-03 5.417351476658790327e-02 -9.985267508826543015e-01 -7.698510599999999648e+00 -5.432597761432739897e-02 9.970478322691845863e-01 5.426148102998649969e-02 2.091874999999999984e-01 9.985184675741773930e-01 5.441369740381798992e-02 -1.394566671824026827e-04 6.268074000000000146e-01
-1.481391073856661977e-03 4.855812892422855381e-02 -9.988192597241325466e-01 -7.757992699999999964e+00 -5.604167794216372706e-02 9.972466050996107167e-01 4.856479126618069159e-02 2.112665999999999988e-01 9.984273312634790454e-01 5.604745072417566948e-02 1.243966803417206890e-03 6.261986999999999970e-01
-4.582613530283233261e-04 4.706472351919045727e-02 -9.988917367746088516e-01 -7.817374199999999718e+00 -5.860139983183269841e-02 9.971739430814365868e-01 4.701067088618918893e-02 2.130180999999999880e-01 9.982813560987111590e-01 5.855799722908971300e-02 2.301092400561643991e-03 6.253115000000000201e-01
9.026412515713792134e-04 4.398361101503683868e-02 -9.990318449383126520e-01 -7.876919299999999957e+00 -5.340774828547500963e-02 9.976085400535289471e-01 4.387269350452347588e-02 2.145557999999999910e-01 9.985723797811785207e-01 5.331644000066438488e-02 3.249548246949562902e-03 6.253279000000000476e-01
1.118715405041977549e-03 3.955723443964073716e-02 -9.992166800445886343e-01 -7.936159599999999870e+00 -5.020115796371252270e-02 9.979596391561343927e-01 3.945126556221464909e-02 2.161235999999999990e-01 9.987385004168732872e-01 5.011769965636193869e-02 3.102251796646138260e-03 6.251145999999999647e-01
7.936692998961683305e-04 3.610434861279857022e-02 -9.993477103092236469e-01 -7.995139100000000276e+00 -4.447287282977803458e-02 9.983605361997465177e-01 3.603336427841576789e-02 2.176578000000000124e-01 9.990102770599054161e-01 4.441526505831220467e-02 2.398032212268530472e-03 6.253174999999999706e-01
2.615727711716957921e-04 4.569706724016570770e-02 -9.989553091231524462e-01 -8.114827200000000573e+00 -4.185374911039475149e-02 9.980805068365486976e-01 4.564609028495415777e-02 2.202261000000000080e-01 9.991237136936994556e-01 4.179808510620826312e-02 2.173664271376440915e-03 6.253497000000000083e-01
1.820694890393595097e-03 4.888592422755393130e-02 -9.988027089883838583e-01 -8.174001699999999815e+00 -4.346607761765319822e-02 9.978642635476857592e-01 4.876075913037854898e-02 2.219558000000000086e-01 9.990532444102530052e-01 4.332525760861096614e-02 3.941685742833156425e-03 6.249799000000000326e-01
4.396351457356631465e-03 4.547435944474111785e-02 -9.989558322203008212e-01 -8.292831400000000741e+00 -4.701870804444361479e-02 9.978700181790490786e-01 4.521800430332604398e-02 2.256209000000000131e-01 9.988843342388019630e-01 4.677081838534283970e-02 6.525132938914324221e-03 6.247479000000000227e-01
5.547271534109980522e-03 4.666311367407734861e-02 -9.988952805979051108e-01 -8.351996400000000875e+00 -4.511033426460744206e-02 9.979054157271687320e-01 4.636635639040298518e-02 2.270661999999999958e-01 9.989666088118575038e-01 4.480329323416544496e-02 7.640640962062517083e-03 6.245465999999999518e-01
6.182942039509864429e-03 4.477853487204943445e-02 -9.989778045794852623e-01 -8.410321200000000275e+00 -4.523908362611730322e-02 9.979866019109572273e-01 4.445410800915711863e-02 2.286838999999999955e-01 9.989570544024426457e-01 4.491798326876769026e-02 8.196233199554536775e-03 6.246116999999999919e-01
7.852669253131066077e-03 4.321099785293385648e-02 -9.990351071159386809e-01 -8.467767699999999564e+00 -4.581610561792889141e-02 9.980322653863038518e-01 4.280749600115817122e-02 2.302431000000000061e-01 9.989190257731646039e-01 4.543574487599090495e-02 9.816976925517861829e-03 6.244935999999999821e-01
9.701593433440573039e-03 4.490866506122232621e-02 -9.989439878628189051e-01 -8.524336800000000380e+00 -4.675202571228120191e-02 9.979188996804424505e-01 4.440853242760015029e-02 2.316883000000000137e-01 9.988594131191089742e-01 4.627182147910285925e-02 1.178097450789250544e-02 6.244931000000000232e-01
