9.999566e-01 8.891450e-03 2.795368e-03 2.958663e-02 -8.899773e-03 9.999559e-01 2.978514e-03 -7.343270e-01 -2.768761e-03 -3.003261e-03 9.999917e-01 3.173915e+00
9.999467e-01 9.344229e-03 4.393637e-03 3.816708e-02 -9.363343e-03 9.999467e-01 4.349580e-03 -1.102394e+00 -4.352760e-03 -4.390486e-03 9.999809e-01 4.630767e+00
9.999351e-01 1.002404e-02 5.411108e-03 5.059318e-02 -1.006298e-02 9.999233e-01 7.217335e-03 -1.285097e+00 -5.338346e-03 -7.271317e-03 9.999593e-01 5.321596e+00
9.999263e-01 9.856341e-03 7.085165e-03 5.170819e-02 -9.936435e-03 9.998861e-01 1.135916e-02 -1.470593e+00 -6.972398e-03 -1.142872e-02 9.999104e-01 5.969282e+00
9.999227e-01 9.036040e-03 8.544750e-03 6.247458e-02 -9.164425e-03 9.998439e-01 1.510696e-02 -1.655746e+00 -8.406909e-03 -1.518410e-02 9.998494e-01 6.584575e+00
9.999187e-01 8.184367e-03 9.779584e-03 7.747077e-02 -8.356401e-03 9.998087e-01 1.768149e-02 -1.839855e+00 -9.633002e-03 -1.776177e-02 9.997959e-01 7.179430e+00
9.998992e-01 8.569443e-03 1.131733e-02 9.159598e-02 -8.771741e-03 9.998004e-01 1.794785e-02 -2.023392e+00 -1.116127e-02 -1.804531e-02 9.997749e-01 7.763325e+00
9.998544e-01 9.705443e-03 1.403662e-02 5.269462e-02 -9.883636e-03 9.998707e-01 1.268159e-02 -2.394913e+00 -1.391173e-02 -1.281847e-02 9.998211e-01 8.771047e+00
9.998292e-01 4.730911e-03 1.786430e-02 3.629999e-02 -4.897407e-03 9.999448e-01 9.287785e-03 -2.767953e+00 -1.781938e-02 -9.373685e-03 9.997973e-01 9.647129e+00
9.998011e-01 2.371753e-03 1.980421e-02 4.725479e-02 -2.529940e-03 9.999650e-01 7.966288e-03 -2.953575e+00 -1.978462e-02 -8.014805e-03 9.997721e-01 1.004720e+01
9.996154e-01 1.130346e-02 2.532319e-02 3.769119e-02 -1.144998e-02 9.999185e-01 5.648136e-03 -3.333269e+00 -2.525729e-02 -5.935912e-03 9.996634e-01 1.075569e+01
9.994553e-01 8.077445e-03 3.199665e-02 5.072266e-02 -8.312721e-03 9.999393e-01 7.226896e-03 -3.706655e+00 -3.193634e-02 -7.488937e-03 9.994619e-01 1.132402e+01
9.993994e-01 2.921373e-03 3.452893e-02 7.039616e-02 -3.148932e-03 9.999736e-01 6.537843e-03 -3.888842e+00 -3.450892e-02 -6.642644e-03 9.993823e-01 1.157202e+01
9.989076e-01 2.813382e-03 4.664482e-02 1.123430e-01 -3.078608e-03 9.999795e-01 5.615203e-03 -4.833710e+00 -4.662806e-02 -5.752669e-03 9.988958e-01 1.219147e+01
9.987373e-01 7.422855e-03 4.968710e-02 1.056002e-01 -7.627692e-03 9.999631e-01 3.934157e-03 -5.220757e+00 -4.965607e-02 -4.308186e-03 9.987571e-01 1.229323e+01
9.983586e-01 6.302588e-03 5.692470e-02 1.252757e-01 -6.070502e-03 9.999725e-01 -4.249087e-03 -6.160582e+00 -5.694992e-02 3.896550e-03 9.983694e-01 1.248072e+01
9.999934e-01 3.206484e-03 -1.725845e-03 1.181032e-01 -3.242068e-03 9.997736e-01 -2.102607e-02 -8.368884e+00 1.658035e-03 2.103152e-02 9.997774e-01 1.298660e+01
9.993119e-01 2.905017e-03 -3.697792e-02 7.784537e-02 -3.796787e-03 9.997031e-01 -2.406895e-02 -8.732867e+00 3.689702e-02 2.419278e-02 9.990262e-01 1.314705e+01
9.965951e-01 4.491985e-03 -8.232913e-02 2.378998e-03 -6.363678e-03 9.997269e-01 -2.248598e-02 -9.098829e+00 8.220565e-02 2.293333e-02 9.963515e-01 1.336218e+01
9.569505e-01 1.368059e-02 -2.899287e-01 -4.912886e-01 -1.459916e-02 9.998929e-01 -1.005599e-03 -1.018528e+01 2.898839e-01 5.195026e-03 9.570477e-01 1.446594e+01
9.268127e-01 2.016847e-02 -3.749819e-01 -8.037392e-01 -1.812196e-02 9.997954e-01 8.983588e-03 -1.053985e+01 3.750864e-01 -1.530696e-03 9.269886e-01 1.491810e+01
8.864286e-01 2.825927e-02 -4.620019e-01 -1.171897e+00 -1.944747e-02 9.995269e-01 2.382483e-02 -1.089272e+01 4.624566e-01 -1.213424e-02 8.865589e-01 1.540908e+01
8.346104e-01 3.694401e-02 -5.496004e-01 -1.628279e+00 -2.304378e-02 9.992166e-01 3.217337e-02 -1.123333e+01 5.503585e-01 -1.418736e-02 8.348079e-01 1.583724e+01
7.711116e-01 4.337310e-02 -6.352210e-01 -2.183640e+00 -2.609686e-02 9.989917e-01 3.653184e-02 -1.156138e+01 6.361650e-01 -1.159285e-02 7.714660e-01 1.625791e+01
6.963124e-01 4.886637e-02 -7.160734e-01 -2.812854e+00 -2.539172e-02 9.987322e-01 4.346463e-02 -1.187697e+01 7.172896e-01 -1.208262e-02 6.966704e-01 1.665771e+01
6.138729e-01 4.823250e-02 -7.879300e-01 -3.558518e+00 -1.781634e-02 9.987239e-01 4.725546e-02 -1.219440e+01 7.892038e-01 -1.497081e-02 6.139489e-01 1.711347e+01
5.233982e-01 5.016380e-02 -8.506103e-01 -4.410526e+00 -1.113655e-02 9.985830e-01 5.203778e-02 -1.249954e+01 8.520155e-01 -1.776361e-02 5.232152e-01 1.749197e+01
4.744464e-01 4.980177e-02 -8.788745e-01 -4.868512e+00 -1.007275e-02 9.986401e-01 5.115074e-02 -1.264852e+01 8.802268e-01 -1.541559e-02 4.743029e-01 1.762521e+01
4.224059e-01 4.885757e-02 -9.050890e-01 -5.372255e+00 -4.957667e-03 9.986558e-01 5.159466e-02 -1.279641e+01 9.063932e-01 -1.730675e-02 4.220804e-01 1.779999e+01
3.691101e-01 4.874751e-02 -9.281064e-01 -5.887262e+00 2.489877e-04 9.986182e-01 5.255008e-02 -1.294388e+01 9.293857e-01 -1.962784e-02 3.685879e-01 1.795787e+01
3.153256e-01 4.693099e-02 -9.478223e-01 -6.444529e+00 3.824875e-03 9.987054e-01 5.072293e-02 -1.308799e+01 9.489759e-01 -1.961954e-02 3.147379e-01 1.804900e+01
2.621717e-01 5.207782e-02 -9.636150e-01 -7.011137e+00 4.584747e-03 9.984643e-01 5.520862e-02 -1.323067e+01 9.650104e-01 -1.889206e-02 2.615303e-01 1.815574e+01
2.108090e-01 5.802377e-02 -9.758037e-01 -7.603442e+00 7.000052e-03 9.981216e-01 6.086313e-02 -1.337344e+01 9.775022e-01 -1.966117e-02 2.100069e-01 1.824184e+01
1.619793e-01 5.928470e-02 -9.850117e-01 -8.252992e+00 1.313697e-02 9.979756e-01 6.222527e-02 -1.351325e+01 9.867067e-01 -2.301927e-02 1.608726e-01 1.828627e+01
1.173383e-01 6.123356e-02 -9.912024e-01 -8.902786e+00 1.586576e-02 9.978542e-01 6.352270e-02 -1.365686e+01 9.929653e-01 -2.317982e-02 1.161150e-01 1.833142e+01
7.646129e-02 6.035371e-02 -9.952442e-01 -9.593783e+00 1.560785e-02 9.979715e-01 6.171821e-02 -1.379526e+01 9.969504e-01 -2.025267e-02 7.536421e-02 1.833353e+01
4.064302e-02 5.583345e-02 -9.976125e-01 -1.027763e+01 1.415900e-02 9.983051e-01 5.644906e-02 -1.392496e+01 9.990734e-01 -1.641945e-02 3.978358e-02 1.832822e+01
1.125897e-02 5.491995e-02 -9.984273e-01 -1.099243e+01 1.173809e-02 9.984145e-01 5.505163e-02 -1.405557e+01 9.998678e-01 -1.233945e-02 1.059647e-02 1.829695e+01
-1.025772e-02 5.945623e-02 -9.981782e-01 -1.173793e+01 1.018075e-02 9.981852e-01 5.935203e-02 -1.418805e+01 9.998956e-01 -9.553378e-03 -1.084441e-02 1.826240e+01
-2.370650e-02 6.555616e-02 -9.975672e-01 -1.254144e+01 1.115112e-02 9.978029e-01 6.530667e-02 -1.431625e+01 9.996568e-01 -9.575791e-03 -2.438544e-02 1.822514e+01
-3.198896e-02 6.879714e-02 -9.971177e-01 -1.331623e+01 1.133150e-02 9.975891e-01 6.846615e-02 -1.444618e+01 9.994240e-01 -9.108672e-03 -3.269141e-02 1.817976e+01
-3.608163e-02 6.637987e-02 -9.971418e-01 -1.412357e+01 1.247605e-02 9.977437e-01 6.596851e-02 -1.457497e+01 9.992710e-01 -1.006013e-02 -3.682838e-02 1.813721e+01
-3.571904e-02 6.263283e-02 -9.973972e-01 -1.493036e+01 1.827605e-02 9.979081e-01 6.201042e-02 -1.469894e+01 9.991948e-01 -1.601352e-02 -3.678900e-02 1.809812e+01
-2.617862e-02 6.034060e-02 -9.978345e-01 -1.666008e+01 3.252688e-02 9.976994e-01 5.947909e-02 -1.493472e+01 9.991280e-01 -3.089935e-02 -2.808108e-02 1.804356e+01
-1.761589e-02 5.309273e-02 -9.984342e-01 -1.844036e+01 3.424683e-02 9.980352e-01 5.246729e-02 -1.518985e+01 9.992582e-01 -3.326894e-02 -1.939953e-02 1.798098e+01
-1.478129e-02 3.465260e-02 -9.992901e-01 -2.030903e+01 2.453191e-02 9.991110e-01 3.428353e-02 -1.543651e+01 9.995898e-01 -2.400773e-02 -1.561825e-02 1.789376e+01
-1.963659e-02 3.743840e-02 -9.991060e-01 -2.223204e+01 1.032284e-02 9.992530e-01 3.724103e-02 -1.570538e+01 9.997539e-01 -9.582323e-03 -2.000839e-02 1.779120e+01
-2.894458e-02 5.470490e-02 -9.980829e-01 -2.425401e+01 2.761574e-03 9.985018e-01 5.464779e-02 -1.595485e+01 9.995772e-01 -1.174519e-03 -2.905228e-02 1.767332e+01
-3.200157e-02 7.328434e-02 -9.967975e-01 -2.634037e+01 2.673252e-03 9.973110e-01 7.323629e-02 -1.617237e+01 9.994843e-01 -3.210109e-04 -3.211142e-02 1.755519e+01
-3.529431e-02 7.145897e-02 -9.968189e-01 -2.842035e+01 3.126781e-03 9.974433e-01 7.139304e-02 -1.639261e+01 9.993721e-01 -5.970620e-04 -3.542751e-02 1.743663e+01
-4.252075e-02 6.206396e-02 -9.971660e-01 -3.065335e+01 3.274803e-03 9.980719e-01 6.198072e-02 -1.593634e+01 9.990903e-01 -6.300514e-04 -4.264201e-02 1.732554e+01
-5.493241e-02 5.431888e-02 -9.970115e-01 -3.284010e+01 2.588800e-03 9.985235e-01 5.425864e-02 -1.554092e+01 9.984868e-01 3.994990e-04 -5.499192e-02 1.718702e+01
-6.811247e-02 6.286410e-02 -9.956951e-01 -3.506183e+01 1.980838e-03 9.980194e-01 6.287536e-02 -1.516174e+01 9.976757e-01 2.310289e-03 -6.810209e-02 1.701234e+01
-7.920505e-02 6.785172e-02 -9.945465e-01 -3.729835e+01 -3.582909e-03 9.976550e-01 6.834916e-02 -1.481235e+01 9.968519e-01 8.976971e-03 -7.877621e-02 1.681080e+01
-8.371459e-02 7.083704e-02 -9.939688e-01 -3.952742e+01 -1.239617e-02 9.973189e-01 7.211985e-02 -1.448917e+01 9.964127e-01 1.835889e-02 -8.261203e-02 1.658923e+01
-8.686037e-02 6.974801e-02 -9.937759e-01 -4.172631e+01 -1.412098e-02 9.973597e-01 7.123379e-02 -1.420935e+01 9.961204e-01 2.022048e-02 -8.564612e-02 1.637621e+01
-8.893179e-02 6.841399e-02 -9.936854e-01 -4.392347e+01 -1.754482e-02 9.973759e-01 7.023830e-02 -1.394380e+01 9.958832e-01 2.368045e-02 -8.749812e-02 1.615263e+01
-9.049383e-02 6.127481e-02 -9.940102e-01 -4.612460e+01 -2.690920e-02 9.975905e-01 6.394532e-02 -1.369977e+01 9.955334e-01 3.253467e-02 -8.862693e-02 1.587466e+01
-8.828340e-02 6.355482e-02 -9.940658e-01 -4.834697e+01 -3.033166e-02 9.973281e-01 6.645718e-02 -1.348082e+01 9.956335e-01 3.601873e-02 -8.611980e-02 1.561279e+01
-8.549475e-02 6.706539e-02 -9.940789e-01 -5.055227e+01 -2.842936e-02 9.971615e-01 6.971842e-02 -1.326722e+01 9.959330e-01 3.422158e-02 -8.334544e-02 1.533206e+01
-8.017773e-02 6.721528e-02 -9.945117e-01 -5.279743e+01 -3.203724e-02 9.970346e-01 6.996865e-02 -1.306503e+01 9.962656e-01 3.747134e-02 -7.778658e-02 1.505126e+01
-7.535716e-02 6.775177e-02 -9.948522e-01 -5.392582e+01 -3.748531e-02 9.967914e-01 7.072325e-02 -1.296288e+01 9.964518e-01 4.262185e-02 -7.257567e-02 1.489226e+01
-6.502658e-02 6.692597e-02 -9.956367e-01 -5.614945e+01 -4.318935e-02 9.966247e-01 6.981317e-02 -1.275200e+01 9.969485e-01 4.754061e-02 -6.191660e-02 1.457561e+01
-5.494773e-02 6.589686e-02 -9.963124e-01 -5.840183e+01 -4.137153e-02 9.968127e-01 6.821166e-02 -1.256374e+01 9.976318e-01 4.496704e-02 -5.204634e-02 1.432993e+01
-5.022289e-02 6.618981e-02 -9.965423e-01 -5.953937e+01 -4.056991e-02 9.968427e-01 6.825438e-02 -1.247048e+01 9.979137e-01 4.385756e-02 -4.737900e-02 1.421939e+01
-4.500112e-02 6.782186e-02 -9.966820e-01 -6.067988e+01 -3.928251e-02 9.968010e-01 6.960361e-02 -1.238487e+01 9.982143e-01 4.228441e-02 -4.219295e-02 1.413022e+01
-4.023555e-02 6.841947e-02 -9.968449e-01 -6.182984e+01 -4.063030e-02 9.967156e-01 7.005057e-02 -1.228364e+01 9.983638e-01 4.332063e-02 -3.732350e-02 1.403477e+01
-3.516736e-02 6.905608e-02 -9.969927e-01 -6.296889e+01 -4.056068e-02 9.966892e-01 7.046579e-02 -1.219174e+01 9.985580e-01 4.291679e-02 -3.224997e-02 1.395899e+01
-3.052410e-02 6.426185e-02 -9.974661e-01 -6.410374e+01 -4.019110e-02 9.970451e-01 6.546466e-02 -1.209714e+01 9.987257e-01 4.208750e-02 -2.785115e-02 1.388201e+01
-2.640420e-02 5.890871e-02 -9.979141e-01 -6.524509e+01 -3.991461e-02 9.974039e-01 5.993472e-02 -1.201647e+01 9.988542e-01 4.141387e-02 -2.398434e-02 1.382443e+01
-2.034543e-02 6.036822e-02 -9.979688e-01 -6.759390e+01 -3.973630e-02 9.973379e-01 6.114017e-02 -1.184384e+01 9.990031e-01 4.089951e-02 -1.789246e-02 1.370405e+01
-1.809779e-02 5.985205e-02 -9.980432e-01 -7.000114e+01 -4.127001e-02 9.973112e-01 6.055653e-02 -1.167314e+01 9.989841e-01 4.228518e-02 -1.557903e-02 1.356370e+01
-1.686692e-02 6.096638e-02 -9.979973e-01 -7.239633e+01 -4.337039e-02 9.971552e-01 6.164794e-02 -1.151584e+01 9.989167e-01 4.432334e-02 -1.417480e-02 1.344487e+01
-1.554827e-02 5.759721e-02 -9.982188e-01 -7.484838e+01 -4.229507e-02 9.974080e-01 5.820923e-02 -1.137302e+01 9.989842e-01 4.312478e-02 -1.307189e-02 1.338556e+01
-1.560555e-02 5.777323e-02 -9.982077e-01 -7.723489e+01 -3.659646e-02 9.976274e-01 5.831178e-02 -1.125606e+01 9.992083e-01 3.744086e-02 -1.345423e-02 1.334215e+01
-1.562562e-02 6.441173e-02 -9.978011e-01 -7.962987e+01 -3.851885e-02 9.971433e-01 6.497250e-02 -1.112002e+01 9.991357e-01 3.944938e-02 -1.309991e-02 1.328629e+01
-1.512821e-02 6.231167e-02 -9.979421e-01 -8.199092e+01 -4.185086e-02 9.971422e-01 6.289617e-02 -1.098760e+01 9.990094e-01 4.271623e-02 -1.247717e-02 1.320252e+01
-1.544064e-02 5.927158e-02 -9.981225e-01 -8.440032e+01 -3.978761e-02 9.974144e-01 5.984505e-02 -1.086319e+01 9.990889e-01 4.063695e-02 -1.304244e-02 1.315402e+01
-1.548268e-02 6.094840e-02 -9.980208e-01 -8.560631e+01 -3.817466e-02 9.973767e-01 6.150130e-02 -1.080328e+01 9.991512e-01 3.905131e-02 -1.311538e-02 1.313614e+01
-1.492959e-02 6.600542e-02 -9.977076e-01 -8.800584e+01 -3.793016e-02 9.970632e-01 6.653039e-02 -1.067854e+01 9.991689e-01 3.883648e-02 -1.238215e-02 1.309053e+01
-1.483176e-02 6.457297e-02 -9.978027e-01 -9.040737e+01 -3.904764e-02 9.971139e-01 6.510882e-02 -1.053637e+01 9.991273e-01 3.992751e-02 -1.226753e-02 1.303023e+01
-1.479234e-02 6.375926e-02 -9.978557e-01 -9.276422e+01 -3.576915e-02 9.972923e-01 6.425353e-02 -1.041435e+01 9.992506e-01 3.664291e-02 -1.247167e-02 1.296581e+01
-1.458909e-02 6.949556e-02 -9.974756e-01 -9.510568e+01 -3.229558e-02 9.970285e-01 6.993678e-02 -1.029043e+01 9.993719e-01 3.323436e-02 -1.230134e-02 1.290998e+01
-1.410676e-02 7.217106e-02 -9.972925e-01 -9.858643e+01 -3.785543e-02 9.966381e-01 7.265920e-02 -1.007536e+01 9.991837e-01 3.877792e-02 -1.132727e-02 1.279300e+01
-1.389790e-02 6.558643e-02 -9.977501e-01 -1.020871e+02 -4.189948e-02 9.969318e-01 6.611628e-02 -9.825948e+00 9.990252e-01 4.272408e-02 -1.110722e-02 1.269500e+01
-1.394370e-02 6.610929e-02 -9.977149e-01 -1.044187e+02 -3.997502e-02 9.969774e-01 6.661911e-02 -9.664877e+00 9.991034e-01 4.081259e-02 -1.125883e-02 1.264679e+01
-1.445445e-02 6.806213e-02 -9.975764e-01 -1.067623e+02 -4.247975e-02 9.967380e-01 6.862046e-02 -9.502039e+00 9.989928e-01 4.336866e-02 -1.151603e-02 1.259867e+01
-1.532489e-02 6.826655e-02 -9.975494e-01 -1.091316e+02 -5.037358e-02 9.963469e-01 6.895814e-02 -9.337677e+00 9.986129e-01 5.130691e-02 -1.183007e-02 1.254532e+01
-1.618993e-02 6.037193e-02 -9.980446e-01 -1.115065e+02 -5.140837e-02 9.968050e-01 6.113088e-02 -9.187743e+00 9.985465e-01 5.229755e-02 -1.303458e-02 1.249198e+01
-1.752368e-02 5.937481e-02 -9.980819e-01 -1.139114e+02 -4.372259e-02 9.972348e-01 6.009208e-02 -9.050788e+00 9.988900e-01 4.469176e-02 -1.487920e-02 1.245171e+01
-1.956861e-02 6.523925e-02 -9.976777e-01 -1.175658e+02 -4.047871e-02 9.969989e-01 6.598883e-02 -8.839873e+00 9.989888e-01 4.167601e-02 -1.686908e-02 1.237794e+01
-2.077225e-02 5.688173e-02 -9.981648e-01 -1.200196e+02 -4.036182e-02 9.975186e-01 5.768486e-02 -8.692054e+00 9.989692e-01 4.148599e-02 -1.842485e-02 1.233172e+01
-2.236095e-02 5.644258e-02 -9.981554e-01 -1.225069e+02 -4.084259e-02 9.975200e-01 5.732163e-02 -8.560565e+00 9.989154e-01 4.204901e-02 -2.000023e-02 1.227758e+01
-2.297861e-02 6.104698e-02 -9.978703e-01 -1.237655e+02 -4.568371e-02 9.970271e-01 6.204740e-02 -8.492707e+00 9.986917e-01 4.701218e-02 -2.012144e-02 1.224313e+01
-2.352697e-02 6.443399e-02 -9.976446e-01 -1.262830e+02 -5.866983e-02 9.961119e-01 6.571859e-02 -8.349988e+00 9.980002e-01 6.007779e-02 -1.965516e-02 1.216234e+01
-2.389148e-02 6.098701e-02 -9.978526e-01 -1.288006e+02 -6.415111e-02 9.959868e-01 6.240895e-02 -8.210838e+00 9.976542e-01 6.550439e-02 -1.988321e-02 1.208869e+01
-2.507999e-02 5.985552e-02 -9.978919e-01 -1.313178e+02 -6.254336e-02 9.961565e-01 6.132334e-02 -8.083157e+00 9.977271e-01 6.394949e-02 -2.124002e-02 1.203575e+01
-2.559010e-02 6.019129e-02 -9.978588e-01 -1.325698e+02 -6.262396e-02 9.961286e-01 6.169293e-02 -8.016231e+00 9.977091e-01 6.406859e-02 -2.172161e-02 1.198862e+01
-2.711301e-02 7.025143e-02 -9.971608e-01 -1.351127e+02 -6.179923e-02 9.955016e-01 7.181489e-02 -7.849143e+00 9.977203e-01 6.357088e-02 -2.264956e-02 1.188153e+01
-2.682924e-02 6.672025e-02 -9.974109e-01 -1.376470e+02 -6.177165e-02 9.957526e-01 6.827092e-02 -7.667958e+00 9.977297e-01 6.344337e-02 -2.259386e-02 1.176337e+01
-2.579681e-02 6.686053e-02 -9.974288e-01 -1.389060e+02 -6.113358e-02 9.957878e-01 6.833167e-02 -7.586989e+00 9.977962e-01 6.273913e-02 -2.160072e-02 1.171546e+01
-2.436471e-02 6.744136e-02 -9.974257e-01 -1.414242e+02 -6.115818e-02 9.957525e-01 6.882219e-02 -7.428721e+00 9.978307e-01 6.267756e-02 -2.013663e-02 1.162467e+01
-2.363088e-02 7.168037e-02 -9.971477e-01 -1.426864e+02 -6.250069e-02 9.953691e-01 7.303371e-02 -7.340825e+00 9.977652e-01 6.404826e-02 -1.904137e-02 1.159260e+01
-2.147886e-02 7.044829e-02 -9.972841e-01 -1.451859e+02 -6.634030e-02 9.952153e-01 7.173096e-02 -7.169433e+00 9.975659e-01 6.770082e-02 -1.670253e-02 1.152369e+01
-2.134088e-02 6.702912e-02 -9.975227e-01 -1.464259e+02 -6.526441e-02 9.955284e-01 6.829138e-02 -7.089788e+00 9.976398e-01 6.656012e-02 -1.687083e-02 1.149266e+01
-2.139799e-02 6.537338e-02 -9.976314e-01 -1.476694e+02 -6.242783e-02 9.958253e-01 6.659404e-02 -7.013380e+00 9.978201e-01 6.370494e-02 -1.722754e-02 1.146581e+01
-2.162731e-02 6.489254e-02 -9.976578e-01 -1.489193e+02 -6.118526e-02 9.959348e-01 6.610686e-02 -6.932530e+00 9.978921e-01 6.247166e-02 -1.756892e-02 1.144946e+01
-2.180570e-02 6.500904e-02 -9.976464e-01 -1.501606e+02 -5.841013e-02 9.960963e-01 6.618472e-02 -6.855330e+00 9.980545e-01 5.971585e-02 -1.792339e-02 1.142916e+01
-2.199914e-02 6.433136e-02 -9.976861e-01 -1.514021e+02 -5.621122e-02 9.962694e-01 6.547950e-02 -6.780422e+00 9.981765e-01 5.752163e-02 -1.830092e-02 1.140858e+01
-2.179096e-02 6.441207e-02 -9.976854e-01 -1.526382e+02 -5.578181e-02 9.962895e-01 6.554032e-02 -6.706249e+00 9.982052e-01 5.708088e-02 -1.811708e-02 1.138177e+01
-2.229257e-02 6.811946e-02 -9.974281e-01 -1.551151e+02 -5.065852e-02 9.963174e-01 6.917584e-02 -6.552505e+00 9.984672e-01 5.207033e-02 -1.875964e-02 1.133296e+01
-2.236642e-02 6.666813e-02 -9.975245e-01 -1.563504e+02 -4.818255e-02 9.965427e-01 6.768288e-02 -6.473273e+00 9.985881e-01 4.957709e-02 -1.907685e-02 1.131053e+01
-2.296675e-02 7.159319e-02 -9.971694e-01 -1.588158e+02 -4.988767e-02 9.961078e-01 7.266600e-02 -6.318685e+00 9.984908e-01 5.141536e-02 -1.930574e-02 1.125125e+01
-2.282772e-02 7.800936e-02 -9.966912e-01 -1.600474e+02 -5.548653e-02 9.953155e-01 7.917254e-02 -6.238274e+00 9.981985e-01 5.711026e-02 -1.839231e-02 1.121406e+01
-2.021618e-02 7.450810e-02 -9.970155e-01 -1.624963e+02 -6.392141e-02 9.950827e-01 7.565979e-02 -6.066573e+00 9.977502e-01 6.526018e-02 -1.535411e-02 1.114320e+01
-1.861198e-02 6.935149e-02 -9.974186e-01 -1.637094e+02 -6.573296e-02 9.953483e-01 7.043414e-02 -5.982960e+00 9.976637e-01 6.687418e-02 -1.396673e-02 1.110756e+01
-1.692045e-02 6.521076e-02 -9.977280e-01 -1.661457e+02 -6.400365e-02 9.957537e-01 6.616717e-02 -5.813017e+00 9.978062e-01 6.497781e-02 -1.267487e-02 1.102021e+01
-1.674962e-02 5.980427e-02 -9.980696e-01 -1.673604e+02 -5.978266e-02 9.963638e-01 6.070535e-02 -5.732439e+00 9.980709e-01 6.068404e-02 -1.311346e-02 1.098338e+01
-1.687655e-02 5.816005e-02 -9.981646e-01 -1.685647e+02 -5.441935e-02 9.967736e-01 5.899911e-02 -5.666988e+00 9.983756e-01 5.531516e-02 -1.365707e-02 1.096569e+01
-1.735444e-02 6.663810e-02 -9.976263e-01 -1.709676e+02 -5.148246e-02 9.963934e-01 6.745134e-02 -5.541431e+00 9.985231e-01 5.253082e-02 -1.386115e-02 1.093372e+01
-1.395892e-02 6.627148e-02 -9.977040e-01 -1.733686e+02 -5.425728e-02 9.962809e-01 6.693609e-02 -5.400947e+00 9.984294e-01 5.506705e-02 -1.031129e-02 1.089482e+01
-1.225548e-02 6.744229e-02 -9.976479e-01 -1.757740e+02 -5.519165e-02 9.961562e-01 6.801946e-02 -5.262290e+00 9.984006e-01 5.589544e-02 -8.486124e-03 1.086154e+01
-1.158080e-02 6.590723e-02 -9.977585e-01 -1.769647e+02 -5.443479e-02 9.963042e-01 6.644300e-02 -5.194579e+00 9.984502e-01 5.508223e-02 -7.950348e-03 1.084637e+01
-9.964691e-03 6.427281e-02 -9.978826e-01 -1.781372e+02 -5.455101e-02 9.964111e-01 6.472279e-02 -5.127657e+00 9.984613e-01 5.508044e-02 -6.422781e-03 1.083308e+01
-8.388822e-03 6.580292e-02 -9.977974e-01 -1.792850e+02 -5.633023e-02 9.962169e-01 6.617230e-02 -5.066445e+00 9.983770e-01 5.676126e-02 -4.650391e-03 1.081724e+01
-6.942482e-03 6.780724e-02 -9.976743e-01 -1.804028e+02 -5.647856e-02 9.960791e-01 6.809186e-02 -5.009609e+00 9.983797e-01 5.681993e-02 -3.085604e-03 1.080603e+01
-6.540296e-03 6.937317e-02 -9.975693e-01 -1.814905e+02 -5.718671e-02 9.959321e-01 6.963426e-02 -4.952631e+00 9.983421e-01 5.750313e-02 -2.546465e-03 1.079613e+01
-6.359991e-03 7.207244e-02 -9.973791e-01 -1.835944e+02 -5.676449e-02 9.957650e-01 7.231779e-02 -4.834936e+00 9.983674e-01 5.707566e-02 -2.241899e-03 1.078029e+01
-6.112660e-03 7.129729e-02 -9.974364e-01 -1.846024e+02 -5.706538e-02 9.958046e-01 7.153039e-02 -4.775207e+00 9.983518e-01 5.735632e-02 -2.018406e-03 1.077372e+01
-4.743684e-03 7.124931e-02 -9.974472e-01 -1.855760e+02 -5.784703e-02 9.957686e-01 7.140453e-02 -4.716960e+00 9.983142e-01 5.803807e-02 -6.020487e-04 1.076462e+01
-3.778346e-03 6.997751e-02 -9.975414e-01 -1.874583e+02 -5.770893e-02 9.958708e-01 7.007892e-02 -4.609149e+00 9.983263e-01 5.783182e-02 2.755850e-04 1.075884e+01
-6.711295e-03 6.726787e-02 -9.977124e-01 -1.883924e+02 -5.505698e-02 9.961965e-01 6.753603e-02 -4.557958e+00 9.984607e-01 5.538428e-02 -2.982201e-03 1.076230e+01
-1.658927e-02 6.073842e-02 -9.980158e-01 -1.902327e+02 -5.608032e-02 9.965254e-01 6.157991e-02 -4.452246e+00 9.982885e-01 5.699060e-02 -1.312540e-02 1.073390e+01
-2.360947e-02 6.026417e-02 -9.979032e-01 -1.920679e+02 -5.980735e-02 9.963085e-01 6.158287e-02 -4.345411e+00 9.979307e-01 6.113588e-02 -1.991808e-02 1.068535e+01
-2.717903e-02 6.362537e-02 -9.976037e-01 -1.938968e+02 -5.590118e-02 9.963139e-01 6.506611e-02 -4.234421e+00 9.980663e-01 5.753565e-02 -2.352211e-02 1.064111e+01
-2.850303e-02 6.420524e-02 -9.975296e-01 -1.948035e+02 -5.441767e-02 9.963555e-01 6.568459e-02 -4.179889e+00 9.981114e-01 5.615544e-02 -2.490524e-02 1.061677e+01
-2.952181e-02 6.349612e-02 -9.975453e-01 -1.957061e+02 -5.446102e-02 9.963957e-01 6.503470e-02 -4.125617e+00 9.980794e-01 5.624727e-02 -2.595734e-02 1.058591e+01
-3.030872e-02 6.154257e-02 -9.976442e-01 -1.975097e+02 -5.995682e-02 9.961935e-01 6.327460e-02 -4.011638e+00 9.977408e-01 6.173334e-02 -2.650345e-02 1.052513e+01
-2.862473e-02 5.720988e-02 -9.979517e-01 -1.993224e+02 -6.314372e-02 9.962634e-01 5.892429e-02 -3.902813e+00 9.975939e-01 6.470107e-02 -2.490532e-02 1.046518e+01
-2.727411e-02 5.393665e-02 -9.981718e-01 -2.011527e+02 -6.284268e-02 9.964756e-01 5.556213e-02 -3.794847e+00 9.976507e-01 6.424319e-02 -2.378846e-02 1.041203e+01
-2.673599e-02 5.624753e-02 -9.980588e-01 -2.020796e+02 -6.105064e-02 9.964601e-01 5.779287e-02 -3.740004e+00 9.977766e-01 6.247727e-02 -2.320740e-02 1.038822e+01
-2.581602e-02 5.576046e-02 -9.981104e-01 -2.039467e+02 -5.600544e-02 9.967943e-01 5.713553e-02 -3.633391e+00 9.980967e-01 5.737461e-02 -2.261037e-02 1.034146e+01
-2.598609e-02 5.076943e-02 -9.983723e-01 -2.048858e+02 -5.313935e-02 9.972273e-01 5.209436e-02 -3.579058e+00 9.982490e-01 5.440657e-02 -2.321619e-02 1.033104e+01
-2.543751e-02 5.176775e-02 -9.983351e-01 -2.058363e+02 -5.703048e-02 9.969567e-01 5.314942e-02 -3.519027e+00 9.980484e-01 5.828751e-02 -2.240775e-02 1.031186e+01
-2.400580e-02 5.515810e-02 -9.981890e-01 -2.068023e+02 -5.944467e-02 9.966312e-01 5.650165e-02 -3.467731e+00 9.979429e-01 6.069337e-02 -2.064607e-02 1.029835e+01
-2.205886e-02 5.575481e-02 -9.982008e-01 -2.077650e+02 -5.744562e-02 9.967234e-01 5.694177e-02 -3.412268e+00 9.981049e-01 5.859833e-02 -1.878371e-02 1.028253e+01
-1.981783e-02 5.610649e-02 -9.982281e-01 -2.087622e+02 -5.541393e-02 9.968278e-01 5.712793e-02 -3.338453e+00 9.982668e-01 5.644788e-02 -1.664589e-02 1.031292e+01
-1.806830e-02 6.090254e-02 -9.979802e-01 -2.097571e+02 -5.684079e-02 9.964662e-01 6.183926e-02 -3.273747e+00 9.982198e-01 5.784331e-02 -1.454270e-02 1.031768e+01
-1.624532e-02 6.533164e-02 -9.977313e-01 -2.107676e+02 -5.371660e-02 9.963649e-01 6.611681e-02 -3.197320e+00 9.984241e-01 5.466882e-02 -1.267687e-02 1.033685e+01
-1.496581e-02 6.622398e-02 -9.976925e-01 -2.117729e+02 -5.272617e-02 9.963637e-01 6.692671e-02 -3.123933e+00 9.984969e-01 5.360611e-02 -1.141965e-02 1.034507e+01
-1.284947e-02 6.656123e-02 -9.976996e-01 -2.128048e+02 -5.556820e-02 9.961925e-01 6.717637e-02 -3.064476e+00 9.983722e-01 5.630355e-02 -9.101856e-03 1.036107e+01
-9.866479e-03 6.819971e-02 -9.976229e-01 -2.138494e+02 -5.855223e-02 9.959202e-01 6.866241e-02 -3.016552e+00 9.982356e-01 5.909049e-02 -5.832979e-03 1.037602e+01
-6.263305e-03 6.894493e-02 -9.976008e-01 -2.149023e+02 -5.979030e-02 9.958097e-01 6.919655e-02 -2.966109e+00 9.981913e-01 6.008024e-02 -2.114820e-03 1.039647e+01
-3.122797e-03 6.658013e-02 -9.977762e-01 -2.159302e+02 -6.273852e-02 9.958023e-01 6.664479e-02 -2.904648e+00 9.980251e-01 6.280711e-02 1.067452e-03 1.039643e+01
-2.476161e-04 6.347817e-02 -9.979832e-01 -2.169299e+02 -6.264984e-02 9.960217e-01 6.336897e-02 -2.834208e+00 9.980356e-01 6.253917e-02 3.730268e-03 1.037534e+01
1.435434e-03 6.204185e-02 -9.980725e-01 -2.179558e+02 -6.171973e-02 9.961762e-01 6.183522e-02 -2.773949e+00 9.980925e-01 6.151199e-02 5.259153e-03 1.036291e+01
3.055629e-03 6.426151e-02 -9.979284e-01 -2.190129e+02 -6.213066e-02 9.960172e-01 6.394822e-02 -2.720097e+00 9.980634e-01 6.180654e-02 7.036072e-03 1.036059e+01
4.243336e-03 6.756078e-02 -9.977061e-01 -2.200584e+02 -6.432724e-02 9.956671e-01 6.714913e-02 -2.663629e+00 9.979199e-01 6.389473e-02 8.570951e-03 1.034511e+01
5.642486e-03 6.782326e-02 -9.976814e-01 -2.211045e+02 -6.469412e-02 9.956319e-01 6.731806e-02 -2.618251e+00 9.978892e-01 6.416427e-02 1.000561e-02 1.032094e+01
6.431035e-03 6.461696e-02 -9.978894e-01 -2.221551e+02 -6.343982e-02 9.959262e-01 6.408100e-02 -2.575045e+00 9.979650e-01 6.289381e-02 1.050413e-02 1.029838e+01
6.647617e-03 6.194418e-02 -9.980575e-01 -2.232157e+02 -6.072482e-02 9.962625e-01 6.142833e-02 -2.522336e+00 9.981324e-01 6.019850e-02 1.038432e-02 1.028870e+01
6.438027e-03 6.049971e-02 -9.981474e-01 -2.242839e+02 -5.860416e-02 9.964753e-01 6.002038e-02 -2.503990e+00 9.982606e-01 5.810917e-02 9.960872e-03 1.026292e+01
6.611958e-03 5.975639e-02 -9.981911e-01 -2.253655e+02 -5.926640e-02 9.964816e-01 5.926149e-02 -2.464362e+00 9.982203e-01 5.876735e-02 1.013024e-02 1.024681e+01
6.920264e-03 5.938003e-02 -9.982114e-01 -2.264719e+02 -5.864734e-02 9.965412e-01 5.887410e-02 -2.433694e+00 9.982548e-01 5.813502e-02 1.037881e-02 1.022636e+01
6.693245e-03 6.109942e-02 -9.981092e-01 -2.275849e+02 -6.131984e-02 9.962783e-01 6.057615e-02 -2.392587e+00 9.980958e-01 6.079844e-02 1.041494e-02 1.020920e+01
6.341156e-03 6.284007e-02 -9.980034e-01 -2.287073e+02 -6.220976e-02 9.961151e-01 6.232591e-02 -2.381919e+00 9.980430e-01 6.169033e-02 1.022579e-02 1.021551e+01
5.666549e-03 6.448234e-02 -9.979027e-01 -2.298327e+02 -6.261962e-02 9.959831e-01 6.400273e-02 -2.353650e+00 9.980214e-01 6.212561e-02 9.681649e-03 1.021951e+01
5.054909e-03 6.596283e-02 -9.978093e-01 -2.309676e+02 -6.328017e-02 9.958432e-01 6.551230e-02 -2.317504e+00 9.979830e-01 6.281038e-02 9.208039e-03 1.022162e+01
4.283764e-03 6.783194e-02 -9.976875e-01 -2.321123e+02 -6.555862e-02 9.955694e-01 6.740645e-02 -2.281065e+00 9.978396e-01 6.511826e-02 8.711754e-03 1.022095e+01
3.069931e-03 6.660715e-02 -9.977745e-01 -2.332586e+02 -6.807365e-02 9.954786e-01 6.624445e-02 -2.235976e+00 9.976756e-01 6.771878e-02 7.590245e-03 1.021704e+01
2.076201e-03 6.231871e-02 -9.980541e-01 -2.344084e+02 -6.666603e-02 9.958446e-01 6.204207e-02 -2.193086e+00 9.977732e-01 6.640748e-02 6.222117e-03 1.021654e+01
-1.206254e-03 5.111888e-02 -9.986918e-01 -2.367346e+02 -5.888789e-02 9.969558e-01 5.110115e-02 -2.104069e+00 9.982639e-01 5.887249e-02 1.807703e-03 1.021939e+01
-3.327886e-03 5.079804e-02 -9.987034e-01 -2.379134e+02 -5.275793e-02 9.973091e-01 5.090294e-02 -2.057775e+00 9.986018e-01 5.285892e-02 -6.389298e-04 1.021978e+01
-5.548409e-03 5.509928e-02 -9.984654e-01 -2.391043e+02 -4.796967e-02 9.973166e-01 5.530246e-02 -2.013195e+00 9.988334e-01 4.820289e-02 -2.890425e-03 1.021773e+01
-7.581156e-03 5.765249e-02 -9.983079e-01 -2.402958e+02 -4.573875e-02 9.972717e-01 5.794001e-02 -1.961591e+00 9.989247e-01 4.610060e-02 -4.923517e-03 1.020644e+01
-1.200061e-02 5.714243e-02 -9.982939e-01 -2.427027e+02 -4.379389e-02 9.973778e-01 5.761646e-02 -1.850854e+00 9.989685e-01 4.441060e-02 -9.466654e-03 1.018339e+01
-1.405742e-02 5.883774e-02 -9.981686e-01 -2.439116e+02 -4.296040e-02 9.973098e-01 5.939216e-02 -1.799394e+00 9.989779e-01 4.371661e-02 -1.149191e-02 1.016958e+01
-1.630846e-02 5.897401e-02 -9.981263e-01 -2.451254e+02 -4.195777e-02 9.973393e-01 5.961308e-02 -1.747591e+00 9.989863e-01 4.285135e-02 -1.379065e-02 1.015370e+01
-1.855639e-02 5.746432e-02 -9.981751e-01 -2.463473e+02 -4.191581e-02 9.974246e-01 5.820036e-02 -1.691926e+00 9.989488e-01 4.291930e-02 -1.609993e-02 1.013022e+01
-2.066257e-02 5.691441e-02 -9.981652e-01 -2.475719e+02 -4.158237e-02 9.974655e-01 5.773531e-02 -1.634409e+00 9.989214e-01 4.269903e-02 -1.824356e-02 1.010415e+01
-2.310361e-02 5.796503e-02 -9.980512e-01 -2.488105e+02 -4.213026e-02 9.973744e-01 5.890100e-02 -1.573711e+00 9.988450e-01 4.340898e-02 -2.060087e-02 1.007064e+01
-2.530633e-02 5.859978e-02 -9.979607e-01 -2.500528e+02 -4.252548e-02 9.973137e-01 5.964017e-02 -1.513495e+00 9.987749e-01 4.394803e-02 -2.274637e-02 1.003680e+01
-2.776737e-02 5.930840e-02 -9.978534e-01 -2.512993e+02 -4.376276e-02 9.972091e-01 6.048791e-02 -1.451596e+00 9.986560e-01 4.534841e-02 -2.509438e-02 9.995560e+00
-3.015200e-02 6.112452e-02 -9.976746e-01 -2.525378e+02 -4.543485e-02 9.970129e-01 6.245714e-02 -1.393398e+00 9.985122e-01 4.721239e-02 -2.728475e-02 9.939396e+00
-3.174601e-02 6.173293e-02 -9.975877e-01 -2.537738e+02 -4.703529e-02 9.968927e-01 6.318673e-02 -1.327249e+00 9.983887e-01 4.892775e-02 -2.874374e-02 9.880518e+00
-3.278375e-02 6.249175e-02 -9.975069e-01 -2.550283e+02 -4.969858e-02 9.967068e-01 6.407502e-02 -1.262747e+00 9.982261e-01 5.167529e-02 -2.957003e-02 9.822378e+00
-3.272559e-02 6.297471e-02 -9.974784e-01 -2.562862e+02 -5.074166e-02 9.966213e-01 6.458536e-02 -1.203572e+00 9.981755e-01 5.272730e-02 -2.941958e-02 9.772827e+00
-3.273539e-02 6.171208e-02 -9.975570e-01 -2.575351e+02 -4.959263e-02 9.967622e-01 6.329034e-02 -1.140329e+00 9.982330e-01 5.154330e-02 -2.956894e-02 9.718989e+00
-3.264861e-02 5.994137e-02 -9.976678e-01 -2.587805e+02 -4.654600e-02 9.970257e-01 6.142602e-02 -1.073678e+00 9.983825e-01 4.844292e-02 -2.976147e-02 9.669636e+00
-3.281900e-02 6.105007e-02 -9.975950e-01 -2.613005e+02 -4.576014e-02 9.969942e-01 6.251874e-02 -9.527103e-01 9.984132e-01 4.770189e-02 -2.992669e-02 9.591512e+00
-3.201777e-02 6.143857e-02 -9.975972e-01 -2.638110e+02 -4.462419e-02 9.970257e-01 6.283560e-02 -8.653600e-01 9.984907e-01 4.652881e-02 -2.918089e-02 9.503110e+00
-3.200027e-02 6.500253e-02 -9.973719e-01 -2.663195e+02 -3.761712e-02 9.970976e-01 6.619160e-02 -7.640980e-01 9.987798e-01 3.963640e-02 -2.946219e-02 9.421874e+00
-3.173985e-02 7.090867e-02 -9.969777e-01 -2.688269e+02 -3.244044e-02 9.968816e-01 7.193463e-02 -6.454916e-01 9.989696e-01 3.462559e-02 -2.934057e-02 9.337703e+00
-3.173281e-02 6.985924e-02 -9.970520e-01 -2.700659e+02 -3.265993e-02 9.969492e-01 7.089151e-02 -5.809950e-01 9.989627e-01 3.481323e-02 -2.935440e-02 9.290325e+00
-3.171938e-02 6.768685e-02 -9.972023e-01 -2.713042e+02 -3.457768e-02 9.970327e-01 6.877522e-02 -5.162337e-01 9.988986e-01 3.666244e-02 -2.928481e-02 9.241239e+00
-3.250460e-02 7.689134e-02 -9.965095e-01 -2.737988e+02 -4.606260e-02 9.958617e-01 7.834386e-02 -3.874985e-01 9.984096e-01 4.844835e-02 -2.882827e-02 9.103787e+00
-3.289738e-02 6.421271e-02 -9.973938e-01 -2.774844e+02 -4.727821e-02 9.967169e-01 6.572853e-02 -1.669578e-01 9.983399e-01 4.931728e-02 -2.975351e-02 8.919687e+00
-3.305437e-02 6.328081e-02 -9.974482e-01 -2.787106e+02 -4.193883e-02 9.970267e-01 6.464390e-02 -8.454746e-02 9.985733e-01 4.396857e-02 -3.030216e-02 8.872822e+00
-3.040375e-02 6.672305e-02 -9.973082e-01 -2.811799e+02 -3.739511e-02 9.969950e-01 6.784214e-02 7.274121e-02 9.988380e-01 3.935710e-02 -2.781727e-02 8.789754e+00
-2.848848e-02 7.102636e-02 -9.970675e-01 -2.836504e+02 -3.979895e-02 9.966008e-01 7.213028e-02 2.427808e-01 9.988015e-01 4.173712e-02 -2.556487e-02 8.715404e+00
-2.692902e-02 7.176740e-02 -9.970578e-01 -2.861035e+02 -4.037772e-02 9.965274e-01 7.281978e-02 3.940960e-01 9.988216e-01 4.221988e-02 -2.393771e-02 8.646228e+00
-2.650175e-02 6.860617e-02 -9.972917e-01 -2.885424e+02 -4.051950e-02 9.967485e-01 6.964557e-02 5.369466e-01 9.988273e-01 4.225549e-02 -2.363569e-02 8.572727e+00
-2.614545e-02 6.790538e-02 -9.973491e-01 -2.909884e+02 -4.168390e-02 9.967484e-01 6.895724e-02 6.817957e-01 9.987887e-01 4.337631e-02 -2.322987e-02 8.505150e+00
-2.574115e-02 6.877742e-02 -9.972999e-01 -2.934329e+02 -4.158118e-02 9.966934e-01 6.980886e-02 8.251983e-01 9.988035e-01 4.326586e-02 -2.279619e-02 8.432741e+00
-2.580736e-02 6.433839e-02 -9.975944e-01 -2.959050e+02 -4.084530e-02 9.970255e-01 6.535837e-02 9.937322e-01 9.988322e-01 4.243377e-02 -2.310268e-02 8.360706e+00
-2.637804e-02 6.015869e-02 -9.978402e-01 -2.983204e+02 -4.331550e-02 9.971812e-01 6.126403e-02 1.178547e+00 9.987132e-01 4.483797e-02 -2.369788e-02 8.294475e+00
-2.727546e-02 6.160606e-02 -9.977278e-01 -3.007835e+02 -4.970164e-02 9.967811e-01 6.290634e-02 1.348203e+00 9.983916e-01 5.130451e-02 -2.412573e-02 8.212884e+00
-2.800207e-02 6.302884e-02 -9.976188e-01 -3.032550e+02 -5.503168e-02 9.963994e-01 6.449649e-02 1.498626e+00 9.980919e-01 5.670667e-02 -2.443266e-02 8.135973e+00
-2.884320e-02 5.871284e-02 -9.978581e-01 -3.057462e+02 -5.276146e-02 9.967924e-01 6.017523e-02 1.614957e+00 9.981905e-01 5.438409e-02 -2.565290e-02 8.074212e+00
-3.045324e-02 6.043833e-02 -9.977073e-01 -3.082465e+02 -4.755653e-02 9.969522e-01 6.184418e-02 1.684706e+00 9.984042e-01 4.933085e-02 -2.748619e-02 8.015343e+00
-3.168158e-02 6.116447e-02 -9.976248e-01 -3.107342e+02 -4.689872e-02 9.969354e-01 6.261159e-02 1.749365e+00 9.983971e-01 4.877095e-02 -2.871596e-02 7.941655e+00
-3.107324e-02 5.915506e-02 -9.977651e-01 -3.132202e+02 -4.864529e-02 9.969746e-01 6.062317e-02 1.803426e+00 9.983327e-01 5.042032e-02 -2.810162e-02 7.863686e+00
-2.956676e-02 5.975092e-02 -9.977753e-01 -3.157338e+02 -4.407776e-02 9.971628e-01 6.102039e-02 1.843363e+00 9.985905e-01 4.578387e-02 -2.684918e-02 7.810147e+00
-2.911146e-02 6.085295e-02 -9.977221e-01 -3.169895e+02 -4.070155e-02 9.972452e-01 6.201146e-02 1.871300e+00 9.987472e-01 4.241408e-02 -2.655445e-02 7.782544e+00
-2.869899e-02 6.139112e-02 -9.977011e-01 -3.182417e+02 -3.866313e-02 9.972971e-01 6.247843e-02 1.909514e+00 9.988401e-01 4.036731e-02 -2.624784e-02 7.749923e+00
-2.755655e-02 6.075543e-02 -9.977722e-01 -3.207540e+02 -3.766486e-02 9.973793e-01 6.177175e-02 1.992466e+00 9.989104e-01 3.928316e-02 -2.519599e-02 7.679468e+00
-2.653710e-02 6.154189e-02 -9.977516e-01 -3.220062e+02 -3.894568e-02 9.972817e-01 6.254875e-02 2.035460e+00 9.988889e-01 4.051798e-02 -2.406818e-02 7.640517e+00
-2.337374e-02 6.461530e-02 -9.976365e-01 -3.245295e+02 -4.321692e-02 9.969109e-01 6.558086e-02 2.124559e+00 9.987923e-01 4.464764e-02 -2.050906e-02 7.563218e+00
-2.009285e-02 6.770272e-02 -9.975032e-01 -3.270580e+02 -4.842929e-02 9.964675e-01 6.860796e-02 2.230412e+00 9.986245e-01 4.968690e-02 -1.674308e-02 7.490522e+00
-1.938000e-02 7.506189e-02 -9.969905e-01 -3.295868e+02 -5.296714e-02 9.957004e-01 7.599438e-02 2.354188e+00 9.984082e-01 5.428050e-02 -1.532086e-02 7.421332e+00
-1.946960e-02 7.847659e-02 -9.967258e-01 -3.321097e+02 -6.187649e-02 9.949092e-01 7.954225e-02 2.493332e+00 9.978939e-01 6.322254e-02 -1.451463e-02 7.347334e+00
-1.964321e-02 7.298695e-02 -9.971394e-01 -3.346162e+02 -6.774316e-02 9.949427e-01 7.416069e-02 2.635203e+00 9.975094e-01 6.900612e-02 -1.459950e-02 7.274746e+00
-2.027404e-02 6.872379e-02 -9.974297e-01 -3.383651e+02 -6.839717e-02 9.952021e-01 6.996059e-02 2.823993e+00 9.974522e-01 6.963975e-02 -1.547626e-02 7.178709e+00
-2.005292e-02 7.091378e-02 -9.972808e-01 -3.408481e+02 -6.885916e-02 9.950149e-01 7.213727e-02 2.953515e+00 9.974249e-01 7.011848e-02 -1.506989e-02 7.114792e+00
-2.064655e-02 7.706925e-02 -9.968119e-01 -3.445226e+02 -6.788182e-02 9.946156e-01 7.830547e-02 3.152380e+00 9.974797e-01 6.928214e-02 -1.530378e-02 7.024157e+00
-2.079699e-02 7.536330e-02 -9.969392e-01 -3.457214e+02 -6.918224e-02 9.946562e-01 7.663394e-02 3.218274e+00 9.973873e-01 7.056423e-02 -1.547205e-02 6.991297e+00
-2.106488e-02 7.543295e-02 -9.969283e-01 -3.492403e+02 -7.192196e-02 9.944517e-01 7.676527e-02 3.409140e+00 9.971878e-01 7.331808e-02 -1.552272e-02 6.891245e+00
-2.137684e-02 7.832324e-02 -9.966988e-01 -3.503846e+02 -7.052768e-02 9.943248e-01 7.964936e-02 3.472552e+00 9.972808e-01 7.199750e-02 -1.573156e-02 6.860419e+00
-2.209795e-02 8.358191e-02 -9.962558e-01 -3.526175e+02 -6.779329e-02 9.940802e-01 8.490313e-02 3.606496e+00 9.974547e-01 6.941563e-02 -1.630085e-02 6.801164e+00
-2.279915e-02 8.613727e-02 -9.960224e-01 -3.537084e+02 -6.759733e-02 9.938685e-01 8.749834e-02 3.674715e+00 9.974522e-01 6.932333e-02 -1.683670e-02 6.768393e+00
-2.414574e-02 7.019947e-02 -9.972407e-01 -3.558341e+02 -6.822755e-02 9.950900e-01 7.170006e-02 3.799447e+00 9.973776e-01 6.977053e-02 -1.923764e-02 6.699937e+00
-2.490286e-02 5.838376e-02 -9.979835e-01 -3.568778e+02 -6.979236e-02 9.957558e-01 5.999498e-02 3.853828e+00 9.972507e-01 7.114567e-02 -2.072243e-02 6.663296e+00
-2.572759e-02 5.306213e-02 -9.982597e-01 -3.579186e+02 -7.009316e-02 9.960368e-01 5.475045e-02 3.900970e+00 9.972087e-01 7.137976e-02 -2.190633e-02 6.626785e+00
-2.644441e-02 5.654159e-02 -9.980500e-01 -3.589634e+02 -7.088646e-02 9.957797e-01 5.829120e-02 3.945285e+00 9.971338e-01 7.228969e-02 -2.232477e-02 6.589618e+00
-2.703587e-02 6.338835e-02 -9.976226e-01 -3.600012e+02 -7.067588e-02 9.953688e-01 6.516049e-02 3.992163e+00 9.971329e-01 7.226952e-02 -2.243063e-02 6.552425e+00
-2.771723e-02 6.917337e-02 -9.972195e-01 -3.610331e+02 -7.130589e-02 9.949246e-01 7.099611e-02 4.041676e+00 9.970694e-01 7.307544e-02 -2.264408e-02 6.515324e+00
-2.778594e-02 7.219376e-02 -9.970035e-01 -3.620458e+02 -7.238570e-02 9.946248e-01 7.403888e-02 4.096755e+00 9.969896e-01 7.422603e-02 -2.241079e-02 6.476905e+00
-2.750753e-02 7.457671e-02 -9.968358e-01 -3.630410e+02 -7.629443e-02 9.941478e-01 7.648096e-02 4.153749e+00 9.967059e-01 7.815681e-02 -2.165676e-02 6.435692e+00
-2.628582e-02 7.584892e-02 -9.967728e-01 -3.640152e+02 -8.000680e-02 9.937590e-01 7.772946e-02 4.207344e+00 9.964477e-01 8.179177e-02 -2.005334e-02 6.395532e+00
-2.433159e-02 7.500320e-02 -9.968864e-01 -3.649490e+02 -8.305427e-02 9.935827e-01 7.678181e-02 4.261365e+00 9.962480e-01 8.466389e-02 -1.794611e-02 6.367778e+00
-2.107271e-02 7.233164e-02 -9.971580e-01 -3.658558e+02 -8.519224e-02 9.936220e-01 7.387551e-02 4.315120e+00 9.961417e-01 8.650687e-02 -1.477621e-02 6.345080e+00
-1.705816e-02 6.941638e-02 -9.974419e-01 -3.667422e+02 -8.689500e-02 9.937096e-01 7.064272e-02 4.363637e+00 9.960715e-01 8.787774e-02 -1.091892e-02 6.324926e+00
-1.146986e-02 6.643625e-02 -9.977247e-01 -3.676006e+02 -8.653565e-02 9.939810e-01 6.718179e-02 4.406994e+00 9.961828e-01 8.710931e-02 -5.651714e-03 6.314964e+00
-3.491961e-03 6.380231e-02 -9.979564e-01 -3.684376e+02 -8.749569e-02 9.941157e-01 6.386293e-02 4.446554e+00 9.961588e-01 8.753989e-02 2.111016e-03 6.307072e+00
9.314142e-03 6.068268e-02 -9.981136e-01 -3.692451e+02 -8.725064e-02 9.943993e-01 5.964267e-02 4.481263e+00 9.961429e-01 8.653052e-02 1.455658e-02 6.316497e+00
2.641610e-02 5.964180e-02 -9.978702e-01 -3.700263e+02 -8.726248e-02 9.945456e-01 5.713305e-02 4.512707e+00 9.958351e-01 8.556738e-02 3.147651e-02 6.334382e+00
4.821799e-02 5.959483e-02 -9.970574e-01 -3.707814e+02 -8.534990e-02 9.948133e-01 5.533317e-02 4.539282e+00 9.951836e-01 8.243069e-02 5.305432e-02 6.383962e+00
