1.000000000000000000e+00 0.000000000000000000e+00 0.000000000000000000e+00 0.000000000000000000e+00 0.000000000000000000e+00 1.000000000000000000e+00 0.000000000000000000e+00 0.000000000000000000e+00 0.000000000000000000e+00 0.000000000000000000e+00 1.000000000000000000e+00 0.000000000000000000e+00
9.999997758072971532e-01 1.671141996550752954e-05 6.694072631373021052e-04 -3.142999999999999960e-04 -1.728857670441007167e-05 9.999996281610421534e-01 8.621942256524475117e-04 -1.428800000000000035e-03 -6.693926057358062310e-04 -8.622056054536088006e-04 9.999994042573392417e-01 5.998669999999999697e-02
9.999983736377145993e-01 1.084595736025353559e-03 1.440962877767972081e-03 -4.893000000000000214e-04 -1.089799735194605735e-03 9.999928698241901115e-01 3.615610227527082682e-03 -1.936800000000000023e-03 -1.437031128013412443e-03 -3.617174708197586856e-03 9.999924254656469280e-01 8.894280000000000241e-02
9.999952457634145864e-01 5.761141048484667892e-04 3.029280955313550568e-03 -6.076000000000000238e-04 -5.998754498752807305e-04 9.999690174474233917e-01 7.848840339765031371e-03 -2.571700000000000114e-03 -3.024665272830641492e-03 -7.850620215797000923e-03 9.999646089548442918e-01 1.170714999999999950e-01
9.999921685461068410e-01 -4.008043316142146783e-05 3.957428459681625044e-03 -2.509000000000000271e-04 -4.881069682984771175e-06 9.999354659557028180e-01 1.136062938954603488e-02 -2.989799999999999923e-03 -3.957628409765025224e-03 -1.136055973578484896e-02 9.999276348115696544e-01 1.439948000000000061e-01
9.999862599059632373e-01 -8.716277219230967504e-04 5.169164767898854276e-03 -2.886000000000000219e-04 8.011276667628980429e-04 9.999068544347944343e-01 1.362500087252900387e-02 -3.474300000000000044e-03 -5.180559211596630353e-03 -1.362067250282614390e-02 9.998938139056696706e-01 1.699943999999999900e-01
9.999791984660787447e-01 -3.697229069416540018e-04 6.439405260637624806e-03 -2.316999999999999941e-04 2.822587135856774931e-04 9.999077712409168983e-01 1.357826726945465280e-02 -3.848499999999999924e-03 -6.443831558727295891e-03 -1.357616724242233057e-02 9.998870759830074118e-01 1.948815000000000131e-01
9.999637331582255095e-01 4.998889132417073900e-04 8.501910334726917734e-03 5.140000000000000254e-05 -5.716918255720067387e-04 9.999641754853768605e-01 8.445171064404795314e-03 -4.616499999999999944e-03 -8.497384110530279561e-03 -8.449725257362154102e-03 9.999281957252497133e-01 2.404937000000000047e-01
9.999164998481179234e-01 -4.926888334938454503e-03 1.194651006879580632e-02 9.252000000000000458e-04 4.876084586814022001e-03 9.999789610093399173e-01 4.278006286024174827e-03 -5.024899999999999679e-03 -1.196733598554945363e-02 -4.219396878236866301e-03 9.999194865384876119e-01 2.819718999999999975e-01
9.998810619158368107e-01 -6.916767642086595579e-03 1.378478681169626602e-02 1.221300000000000033e-03 6.875207014988611413e-03 9.999716833316707465e-01 3.060075705889796042e-03 -5.290500000000000064e-03 -1.380556230508496462e-02 -2.964938483360046728e-03 9.999003028248517611e-01 3.007051000000000029e-01
9.998140621634002967e-01 1.476836411380649848e-03 1.922654556945304141e-02 1.021599999999999895e-03 -1.493425295130789430e-03 9.999985248784968306e-01 8.484820081619538724e-04 -6.430199999999999631e-03 -1.922526413883818633e-02 -8.770376527443684298e-04 9.998147928610315871e-01 3.338327999999999851e-01
9.996689650033031560e-01 -2.201793176200771054e-03 2.563420597627334360e-02 2.113199999999999974e-03 2.143844360532340312e-03 9.999950847834877532e-01 2.287868051904756728e-03 -6.977699999999999875e-03 -2.563911739086558242e-02 -2.232154939592793409e-03 9.996687717157833886e-01 3.623833000000000193e-01
9.995796941348045195e-01 -6.763657066814904480e-03 2.819021135878930703e-02 2.898799999999999988e-03 6.713321492832226810e-03 9.999756984782227631e-01 1.879831780865031917e-03 -7.006499999999999707e-03 -2.820224083126313466e-02 -1.689791724739509891e-03 9.996008094314562387e-01 3.747211999999999765e-01
9.991782078476308948e-01 -6.798644904062940350e-03 3.995857091870267525e-02 4.701199999999999997e-03 6.751367445989867738e-03 9.999763406956853062e-01 1.317985764715739984e-03 -8.212900000000000408e-03 -3.996658604391623709e-02 -1.047127659468555629e-03 9.992004681362289809e-01 4.191893999999999898e-01
9.990536117843235031e-01 -2.799462024877986781e-03 4.340557329502282846e-02 4.827999999999999826e-03 2.825606539426581132e-03 9.999958616302149217e-01 -5.409899523039655772e-04 -8.834899999999999698e-03 -4.340387918588248239e-02 6.631250375382819221e-04 9.990573875092471079e-01 4.326694999999999847e-01
9.987022417048887490e-01 -3.883718878988705152e-03 5.078138577568611089e-02 6.731000000000000004e-03 4.312747220557122500e-03 9.999559072204848853e-01 -8.341692050697641775e-03 -9.469099999999999392e-03 -5.074674989633962130e-02 8.549873831003713259e-03 9.986749556449447951e-01 4.621841999999999895e-01
9.999396013974936048e-01 -7.896846048162757536e-03 -7.644172912304176941e-03 6.693400000000000391e-03 7.702893934390930668e-03 9.996558240986175292e-01 -2.507785418949010775e-02 -1.105180000000000051e-02 7.839577925954438475e-03 2.501745726898357836e-02 9.996562748513798669e-01 5.265208000000000110e-01
9.990248325771790006e-01 -8.517829278417722236e-03 -4.332240157843585820e-02 4.942600000000000118e-03 7.305971436000908634e-03 9.995796865630913741e-01 -2.805482118653430945e-02 -1.152350000000000076e-02 4.354315876823672965e-02 2.771095081038912195e-02 9.986671600336463062e-01 5.400380000000000180e-01
9.960154600207898890e-01 -7.135688442476261634e-03 -8.889479934184073284e-02 2.008799999999999822e-03 4.804973882292930265e-03 9.996397725283679980e-01 -2.640525336790524105e-02 -1.209739999999999947e-02 8.905119665431059095e-02 2.587290339109043699e-02 9.956909546865184701e-01 5.564021000000000106e-01
9.550615911715728545e-01 5.684937170008575510e-04 -2.964068721938091233e-01 -1.853190000000000046e-02 -2.796231671977618231e-03 9.999709423988567547e-01 -7.091928255332873715e-03 -1.380389999999999916e-02 2.963942276044861934e-01 7.602050567833001926e-03 9.550354290129262624e-01 6.170554999999999790e-01
9.242356493521544092e-01 6.916524771385710799e-03 -3.817599064224638794e-01 -3.022479999999999958e-02 -6.590136646420201999e-03 9.999759467644828703e-01 2.162404092139738696e-03 -1.436100000000000050e-02 3.817656801829926727e-01 5.172789991880989355e-04 9.242589993377690050e-01 6.396623999999999644e-01
8.834340453397597770e-01 1.471127338628192179e-02 -4.683245306088305027e-01 -4.535859999999999892e-02 -8.391984893437115858e-03 9.998434497859169934e-01 1.557724332945075243e-02 -1.477990000000000033e-02 4.684803753885274924e-01 -9.831294703683129965e-03 8.834192003348544375e-01 6.628695000000000004e-01
8.308515547041654958e-01 2.294086227193455063e-02 -5.560210525545694615e-01 -6.411150000000000182e-02 -1.225626089042177076e-02 9.996619255123340153e-01 2.293073810322540304e-02 -1.506599999999999953e-02 5.563591269267154082e-01 -1.223730032290315170e-02 8.308518341835384735e-01 6.861895000000000078e-01
7.666522804368329780e-01 2.824472955125171408e-02 -6.414409685649803405e-01 -8.669390000000000429e-02 -1.522054339843081916e-02 9.995506833447583839e-01 2.582182185057744703e-02 -1.422499999999999980e-02 6.418820888291399962e-01 -1.003327850720405964e-02 7.667377109303655791e-01 7.092100999999999544e-01
6.911297202016623009e-01 3.306383902394276209e-02 -7.219740247425600055e-01 -1.137231999999999965e-01 -1.483554549691651347e-02 9.993915356648335191e-01 3.156683435656376657e-02 -1.328249999999999917e-02 7.225784500272484090e-01 -1.110589890484395791e-02 6.911997125040885148e-01 7.318571999999999855e-01
6.079248885074768349e-01 3.150268363730457377e-02 -7.933693407592833369e-01 -1.454392999999999936e-01 -7.187078690015103605e-03 9.993899843049305343e-01 3.417609063211060616e-02 -1.258259999999999934e-02 7.939620115805764433e-01 -1.507448820486488941e-02 6.077804570503118065e-01 7.540734999999999522e-01
5.169672805594126563e-01 3.324291588425769273e-02 -8.553594211642949752e-01 -1.821095000000000075e-01 -1.571831553142725296e-03 9.992808193525037908e-01 3.788632233085228312e-02 -1.169830000000000002e-02 8.560037150483483792e-01 -1.824150809831411729e-02 5.166477399599508358e-01 7.741976999999999887e-01
4.676591682269882755e-01 3.247649592556110798e-02 -8.833120510814048698e-01 -2.022778000000000076e-01 -8.962395846763525353e-04 9.993416969453479126e-01 3.626802311953816055e-02 -1.073939999999999964e-02 8.839084223650367500e-01 -1.616941429951958276e-02 4.673804134892284301e-01 7.829526999999999459e-01
4.153645130679317066e-01 3.149065380634853001e-02 -9.091098173524960746e-01 -2.231670000000000043e-01 3.938250678538429347e-03 9.993289898920711956e-01 3.641510871720524817e-02 -1.027669999999999972e-02 9.096465310577692698e-01 -1.870584625569217396e-02 4.149617811924677380e-01 7.910829000000000333e-01
3.616871332127077343e-01 3.053723750483249705e-02 -9.317992781677534309e-01 -2.455475000000000019e-01 8.907107095161350199e-03 9.993046191597573236e-01 3.620692708816558580e-02 -9.622600000000000250e-03 9.322569823345751017e-01 -2.139521562279436337e-02 3.611636244652633998e-01 7.986085000000000544e-01
3.079707973313297042e-01 2.928274189170163022e-02 -9.509450609884930739e-01 -2.690630999999999995e-01 1.100680567403577309e-02 9.993496673576982570e-01 3.433791753895262810e-02 -8.812800000000000841e-03 9.513321387506883386e-01 -2.104194333615313009e-02 3.074482044193445063e-01 8.047952000000000439e-01
2.551160543605303088e-01 3.518278998230512516e-02 -9.662701330873141314e-01 -2.941871999999999820e-01 1.153408283545045987e-02 9.991559436618789869e-01 3.942543821297331968e-02 -7.895599999999999147e-03 9.668416435697521072e-01 -2.120310199477944829e-02 2.544949208238527216e-01 8.096997999999999696e-01
2.040657742112973183e-01 4.029719763234657082e-02 -9.781274434645635951e-01 -3.204733000000000165e-01 1.409808151285926736e-02 9.989278447868557009e-01 4.409540800519223813e-02 -7.134200000000000264e-03 9.788556603979977622e-01 -2.278808400167064985e-02 2.032788708506917397e-01 8.137997000000000147e-01
1.557647874773677721e-01 4.151776356612529167e-02 -9.869212766429739103e-01 -3.476405000000000189e-01 1.893106423145500539e-02 9.988073416150314854e-01 4.500565678865608293e-02 -6.304699999999999888e-03 9.876127509247715208e-01 -2.569376664448207864e-02 1.547930378486833680e-01 8.170351000000000141e-01
1.112567896582247889e-01 4.305930901968205160e-02 -9.928584101782553795e-01 -3.762985999999999831e-01 2.134276429252049065e-02 9.987269397546434391e-01 4.570542878782418023e-02 -5.672599999999999865e-03 9.935624857890414940e-01 -2.627538230116705648e-02 1.101961483792790464e-01 8.193209999999999660e-01
7.087129974291112022e-02 4.123888357138114080e-02 -9.966326371108547022e-01 -4.057987000000000122e-01 2.073123718350153993e-02 9.988683076043646247e-01 4.280560557256468668e-02 -4.693600000000000029e-03 9.972700109186036777e-01 -2.369511648797381631e-02 6.993616215542219905e-02 8.202139000000000513e-01
3.511521947251478037e-02 3.693631046385080496e-02 -9.987004707772572099e-01 -4.365249999999999964e-01 1.816873681558131212e-02 9.991280284688168756e-01 3.759095277511889654e-02 -3.427799999999999944e-03 9.992181035008939061e-01 -1.946514056802838011e-02 3.441351389706714947e-02 8.204320000000000501e-01
6.496242350909928014e-03 3.683649098087880824e-02 -9.993001910174609259e-01 -4.684009000000000089e-01 1.546391148612608415e-02 9.991980795354409306e-01 3.693325458493854074e-02 -2.089999999999999844e-03 9.998593232434588307e-01 -1.569301707455452236e-02 5.921396645238163892e-03 8.197200000000000042e-01
-1.454055386276855225e-02 4.111291333545877280e-02 -9.990486978373149807e-01 -5.015505999999999576e-01 1.443743152849942188e-02 9.990588014331353017e-01 4.090320097311407610e-02 -1.071899999999999980e-03 9.997900443914329305e-01 -1.382894197175352571e-02 -1.512043318552935833e-02 8.186795999999999518e-01
-2.748180343399123093e-02 4.743573883370935662e-02 -9.984961698280645503e-01 -5.355383000000000226e-01 1.618501996852805477e-02 9.987636181276319247e-01 4.700298110992666423e-02 -6.200000000000000270e-05 9.994912684003964820e-01 -1.486895375949138717e-02 -2.821557381065098458e-02 8.174344999999999528e-01
-3.544983911910601360e-02 4.985741525479583242e-02 -9.981270194972882148e-01 -5.708075999999999706e-01 1.582364541290489507e-02 9.986575792325235179e-01 4.932191893349859718e-02 1.188500000000000103e-03 9.992461764511664235e-01 -1.404555394232657323e-02 -3.619117657906467667e-02 8.160231000000000012e-01
-3.950241763741390438e-02 4.700161139596112370e-02 -9.981134241793272466e-01 -6.069919999999999760e-01 1.648511597847421295e-02 9.987877901930219959e-01 4.638093479562588328e-02 2.562099999999999881e-03 9.990834799715060388e-01 -1.462185650055774708e-02 -4.022935943439209794e-02 8.147244000000000153e-01
-3.882381109138617614e-02 4.318063557481703618e-02 -9.983126486245152975e-01 -6.438559999999999839e-01 2.424726549173778292e-02 9.988124060926318881e-01 4.225928953047442677e-02 3.868799999999999930e-03 9.989518415862264078e-01 -2.256568516137121699e-02 -3.982471650475782887e-02 8.135641000000000123e-01
-2.906612561097782904e-02 4.158974320107240025e-02 -9.987118971968019787e-01 -7.208582999999999519e-01 3.643434578006373575e-02 9.985141840617979270e-01 4.052113861900529662e-02 6.809199999999999628e-03 9.989132588916543876e-01 -3.520962209213188837e-02 -3.053823378297515490e-02 8.120876999999999679e-01
-2.056797433649181286e-02 3.380322145739701745e-02 -9.992168436584704105e-01 -8.005803000000000225e-01 3.812852513357387063e-02 9.987277379374908115e-01 3.300183397026648646e-02 9.112999999999999573e-03 9.990611462782607033e-01 -3.741988366316473247e-02 -2.183067346197498093e-02 8.097598999999999769e-01
-1.763627391245872061e-02 1.509973894541292994e-02 -9.997304435327880601e-01 -8.850776999999999672e-01 2.844260068604624603e-02 9.994888813240673242e-01 1.459433368738450969e-02 1.056039999999999930e-02 9.994398332609617519e-01 -2.817754413260645935e-02 -1.805673552877606891e-02 8.074679999999999636e-01
-2.246744140727512107e-02 1.815019720492019178e-02 -9.995828051832590377e-01 -9.744551999999999659e-01 1.354079077316301151e-02 9.997490010719273235e-01 1.784886105388964680e-02 1.189939999999999921e-02 9.996558713186493028e-01 -1.313412338552301384e-02 -2.270757012640878258e-02 8.044341000000000408e-01
-3.161560153826917935e-02 3.593163671041939983e-02 -9.988540289865602828e-01 -1.067911499999999902e+00 6.947143247370392641e-03 9.993373635651611187e-01 3.572913353740272968e-02 1.359319999999999973e-02 9.994759581601121434e-01 -5.809583973356563860e-03 -3.184427411612034131e-02 8.005010000000000181e-01
-3.422885100777005307e-02 5.361776207298248748e-02 -9.979747097742375228e-01 -1.165068599999999899e+00 7.553611456607531305e-03 9.985452026304434403e-01 5.338933655412142487e-02 1.660429999999999892e-02 9.993854755361673003e-01 -5.710857554840555184e-03 -3.458406270723313192e-02 7.967206000000000010e-01
-3.783160490786200564e-02 5.154114065612752649e-02 -9.979540472837218346e-01 -1.263131699999999968e+00 7.364561949600587770e-03 9.986562249836401506e-01 5.129822149661361630e-02 2.065530000000000144e-02 9.992569904170729433e-01 -5.408800355939727411e-03 -3.816034566567316766e-02 7.929024000000000072e-01
-4.514430700681401620e-02 4.153147284783710591e-02 -9.981167909157546703e-01 -1.362241700000000000e+00 6.980876529699076710e-03 9.991241533854022805e-01 4.125764759144948807e-02 2.395759999999999904e-02 9.989560845741678463e-01 -5.105182170355021531e-03 -4.539469360240100393e-02 7.880336000000000007e-01
-5.758154775930465069e-02 3.480195717116004589e-02 -9.977340272511004970e-01 -1.462611200000000000e+00 6.319085434337824714e-03 9.993848979939534694e-01 3.449485209257636964e-02 2.686289999999999858e-02 9.983208074145887290e-01 -4.318499585726812487e-03 -5.776604577441335486e-02 7.820656000000000274e-01
-7.047657329954547245e-02 4.192748915841905399e-02 -9.966318970757581663e-01 -1.565226699999999971e+00 4.490779494034279062e-03 9.991194758952679500e-01 4.171457522618358948e-02 2.989019999999999871e-02 9.975033260673820124e-01 -1.535753767900761152e-03 -7.060280408648533790e-02 7.746825000000000516e-01
-8.155606113316064831e-02 4.703349361602878614e-02 -9.955583656274076265e-01 -1.668758699999999928e+00 -9.172941199234244114e-04 9.988819331929018608e-01 4.726565467978521839e-02 3.329569999999999752e-02 9.966683337319097724e-01 4.768020457394023248e-03 -8.142173246115658181e-02 7.660282999999999953e-01
-8.599500292727507711e-02 4.932019001453127882e-02 -9.950740567055639252e-01 -1.771784900000000107e+00 -9.743066975963454029e-03 9.986845556987675732e-01 5.034114474917098653e-02 3.724729999999999708e-02 9.962479270329446246e-01 1.402416007059332365e-02 -8.540135137616111649e-02 7.566313999999999540e-01
-8.869758687938915365e-02 4.844289408975317734e-02 -9.948799043572958967e-01 -1.875565799999999950e+00 -1.145689905324063021e-02 9.987009459368260123e-01 4.965037813524606630e-02 4.042529999999999735e-02 9.959927095846922152e-01 1.580210736256474485e-02 -8.802735857132659714e-02 7.464374999999999760e-01
-9.074056946448751104e-02 4.684816914061121218e-02 -9.947720332324553327e-01 -1.980503700000000089e+00 -1.485936547806411198e-02 9.987180091269107773e-01 4.838943586330608781e-02 4.403959999999999819e-02 9.957637010409897682e-01 1.917256617545968697e-02 -8.992810681537666273e-02 7.363098999999999617e-01
-9.178385815387034297e-02 3.952369974072655889e-02 -9.949942716122517350e-01 -2.086117499999999847e+00 -2.440851985921223266e-02 9.988224676867096807e-01 4.192734432937740563e-02 4.733450000000000157e-02 9.954797574740898991e-01 2.813459086314611113e-02 -9.071106468502465603e-02 7.255624999999999991e-01
-8.950300553914354584e-02 4.299611633361814789e-02 -9.950580616123293476e-01 -2.193190599999999879e+00 -2.664570119111941970e-02 9.986068059576588274e-01 4.554617111323738810e-02 5.057779999999999915e-02 9.956300611208431794e-01 3.059053898297147897e-02 -8.823264881685055627e-02 7.152827000000000490e-01
-8.590146609860910276e-02 4.603035862152394381e-02 -9.952397420758894997e-01 -2.300321799999999861e+00 -2.489021849654369373e-02 9.985212283523090537e-01 4.833046195713658344e-02 5.394809999999999883e-02 9.959926782588833793e-01 2.892339217605377488e-02 -8.462873176248342233e-02 7.051241000000000314e-01
-7.922843925280015354e-02 4.527586835201548310e-02 -9.958277713332441827e-01 -2.409498000000000140e+00 -2.924816292723412745e-02 9.984323833197108478e-01 4.772128355256104182e-02 5.820999999999999786e-02 9.964273176599218740e-01 3.290701571842892525e-02 -7.778000345564239915e-02 6.957210000000000338e-01
-7.362253042652457113e-02 4.614016739296341457e-02 -9.962182531787623363e-01 -2.463990400000000136e+00 -3.422016154991931042e-02 9.982240466982964522e-01 4.876200505285606390e-02 6.006600000000000134e-02 9.966989031583673997e-01 3.768073176341790731e-02 -7.191285626840626666e-02 6.909292999999999685e-01
-6.194416069311938638e-02 4.446185625330731361e-02 -9.970887945887945136e-01 -2.574016100000000140e+00 -3.951385108160888893e-02 9.981148169898662603e-01 4.696240707189366925e-02 6.427850000000000230e-02 9.972971355261808224e-01 4.230786503471960225e-02 -6.007052544699864605e-02 6.830057000000000489e-01
-5.077023721971757331e-02 4.339944214293767200e-02 -9.977669424441437673e-01 -2.684088500000000099e+00 -3.705533414320945351e-02 9.982855958141870767e-01 4.530752036305634584e-02 6.789100000000000690e-02 9.980226877301880961e-01 3.927286100598573887e-02 -4.907501568227790045e-02 6.762936999999999976e-01
-4.550078320742960425e-02 4.409261100824667795e-02 -9.979907416313971158e-01 -2.739025600000000171e+00 -3.619615350547231852e-02 9.982966446670120675e-01 4.575639537806623636e-02 6.960349999999999870e-02 9.983083277219111373e-01 3.820537790758103680e-02 -4.382729628918646814e-02 6.736642000000000463e-01
-3.997039814373466726e-02 4.568695259665653263e-02 -9.981558343438474701e-01 -2.794588599999999978e+00 -3.513897471478104328e-02 9.982719572951059828e-01 4.709938146294546241e-02 7.137400000000000688e-02 9.985828056441916623e-01 3.695675365381719674e-02 -3.829593491672134142e-02 6.714168000000000358e-01
-3.449231088703445108e-02 4.643109432859952868e-02 -9.983258155377536802e-01 -2.850533500000000053e+00 -3.634134972767474880e-02 9.982013012580472910e-01 4.768090253667736644e-02 7.356930000000000414e-02 9.987440046326401255e-01 3.792513211829307007e-02 -3.274290097360055274e-02 6.692559999999999620e-01
-2.930734076764339446e-02 4.611792992045109230e-02 -9.985059921287310347e-01 -2.906643400000000099e+00 -3.551480699266178209e-02 9.982563243483413284e-01 4.714880043875131072e-02 7.496460000000000623e-02 9.989393266166884944e-01 3.684355355271224514e-02 -2.761836889110602655e-02 6.675486999999999949e-01
-2.452906301322439753e-02 4.130813183689605733e-02 -9.988453150072033049e-01 -2.962877499999999831e+00 -3.593331901608535356e-02 9.984638621415853343e-01 4.217478609071422663e-02 7.697199999999999875e-02 9.990531125281486569e-01 3.692633533746448454e-02 -2.300704471164460863e-02 6.660101999999999967e-01
-2.051030345377955963e-02 3.586779112555418814e-02 -9.991460498906091781e-01 -3.018850800000000056e+00 -3.557996062197231468e-02 9.986970610891503508e-01 3.658205262191888130e-02 7.849680000000000546e-02 9.991563410469720408e-01 3.629988611094474293e-02 -1.920740518549191034e-02 6.648857999999999713e-01
-1.310581350526440064e-02 3.813081263882352190e-02 -9.991868087499294893e-01 -3.132231700000000174e+00 -3.444223645254618216e-02 9.986624360219598096e-01 3.856256250344381603e-02 8.073220000000000396e-02 9.993207543129044579e-01 3.491962207968534598e-02 -1.177497317618270145e-02 6.623982000000000481e-01
-9.810027721648875015e-03 3.781923770211113867e-02 -9.992364427980656716e-01 -3.245455300000000154e+00 -3.633403847416584453e-02 9.986111560672392695e-01 3.815228205769333192e-02 8.331869999999999554e-02 9.992915495511099921e-01 3.668057030204366353e-02 -8.422277486435314486e-03 6.601548000000000416e-01
-7.292469353974767241e-03 3.865477308777323651e-02 -9.992260146774873952e-01 -3.359081999999999901e+00 -3.836799126775278235e-02 9.985059578623716181e-01 3.890693202278292656e-02 8.566150000000000153e-02 9.992370675354267373e-01 3.862202261509057460e-02 -5.798468101183895662e-03 6.576195000000000235e-01
-5.856017022575972161e-03 3.534459753780121866e-02 -9.993580271802104953e-01 -3.473993099999999945e+00 -3.647911127276110693e-02 9.987024212098608578e-01 3.553517004758904863e-02 8.816720000000000113e-02 9.993172576841555799e-01 3.666378723553272156e-02 -4.559078872620414558e-03 6.569698000000000482e-01
-6.537820839205450534e-03 3.590080463451602449e-02 -9.993339727664968253e-01 -3.589289200000000069e+00 -3.094959000265829624e-02 9.988693012407138250e-01 3.608658916489070750e-02 9.042010000000000325e-02 9.994995646709118331e-01 3.116490438750882039e-02 -5.419313349090293386e-03 6.571765999999999996e-01
-5.720288154782776462e-03 4.280750917449556436e-02 -9.990669624513172087e-01 -3.704858100000000043e+00 -3.237739948848360194e-02 9.985515579073007686e-01 4.297080640697514831e-02 9.256430000000000213e-02 9.994593449989795930e-01 3.259299555392343450e-02 -4.326006822987449318e-03 6.554303000000000212e-01
-4.961092028279191768e-03 4.089435417808249401e-02 -9.991511594159535603e-01 -3.820463900000000024e+00 -3.536729476270396993e-02 9.985311693962392043e-01 4.104458801531661594e-02 9.538739999999999719e-02 9.993620675346120974e-01 3.554089954596825751e-02 -3.507482346133294904e-03 6.538273999999999475e-01
-5.177089531324751727e-03 3.769713041719083280e-02 -9.992757998181953649e-01 -3.936277599999999932e+00 -3.283147786261643442e-02 9.987440543705201623e-01 3.784716529532758389e-02 9.844519999999999660e-02 9.994474932708277137e-01 3.300363946362017131e-02 -3.932934885578331929e-03 6.534955999999999543e-01
-5.560216474680601886e-03 3.896280197539597756e-02 -9.992251918636664287e-01 -3.993908199999999908e+00 -3.109270407597677921e-02 9.987507592666925449e-01 3.911731863828263323e-02 9.995039999999999480e-02 9.995010393921551772e-01 3.128611395541600060e-02 -4.341811553982499738e-03 6.533358000000000221e-01
-5.154729718911082829e-03 4.499227711718278844e-02 -9.989740355791715265e-01 -4.110294299999999623e+00 -3.113656681675169846e-02 9.984957040528126271e-01 4.513139921323082449e-02 1.019520000000000010e-01 9.995018474061921898e-01 3.133726197179143025e-02 -3.746070437189108482e-03 6.525269000000000208e-01
-4.262691881882958028e-03 4.286177921976861566e-02 -9.990719180019201895e-01 -4.226281600000000083e+00 -3.234236371098545698e-02 9.985524058853336715e-01 4.297748492173628088e-02 1.051713999999999982e-01 9.994677588434287552e-01 3.249554712152959157e-02 -2.870269981376405433e-03 6.512322000000000388e-01
-4.487292252459952613e-03 4.274168583172434366e-02 -9.990760794356468022e-01 -4.341230900000000226e+00 -2.907644435207087583e-02 9.986581300584695953e-01 4.285440061372659815e-02 1.078661000000000064e-01 9.995671186028887156e-01 2.924188024705352829e-02 -3.238494640267708391e-03 6.512139999999999596e-01
-4.449190269363697582e-03 4.805601622316212074e-02 -9.988347330818577730e-01 -4.457633500000000026e+00 -2.553956734431849299e-02 9.985133410812658816e-01 4.815431634435905772e-02 1.112255999999999939e-01 9.996639111250399390e-01 2.572405464709567879e-02 -3.215245978337444299e-03 6.509888000000000341e-01
-3.534709644401962808e-03 5.038719670463143174e-02 -9.987235033961995301e-01 -4.631850199999999695e+00 -3.072697502723488114e-02 9.982526788239506343e-01 5.047219260624797449e-02 1.172481999999999969e-01 9.995215649666621127e-01 3.086615669394698197e-02 -1.980287236553524011e-03 6.496541000000000121e-01
-3.253086306605125922e-03 4.339511413822469410e-02 -9.990526920530332644e-01 -4.803835900000000159e+00 -3.378274595497433863e-02 9.984829410737028343e-01 4.348036868001688843e-02 1.218058000000000057e-01 9.994239058103543405e-01 3.389218868321990791e-02 -1.782145066366869202e-03 6.482331000000000065e-01
-3.650372394361411834e-03 4.570158112401388750e-02 -9.989484672715344127e-01 -4.919525600000000054e+00 -3.203958427613293192e-02 9.984369081107056232e-01 4.579525697872103424e-02 1.252564999999999928e-01 9.994799346764272618e-01 3.217306334652794003e-02 -2.180406866903461527e-03 6.478916000000000119e-01
-4.149394269519350240e-03 4.702988005504125241e-02 -9.988848646912236173e-01 -5.036883399999999789e+00 -3.456712601104829780e-02 9.982897475353885719e-01 4.714545328095259835e-02 1.285711999999999966e-01 9.993937644024661893e-01 3.472420406198835352e-02 -2.516609967596172837e-03 6.470766000000000018e-01
-4.761270475015150216e-03 4.764645297948772590e-02 -9.988529150089804354e-01 -5.154457100000000125e+00 -4.151190104216950089e-02 9.979937885531725561e-01 4.780334801193836941e-02 1.318757000000000124e-01 9.991266648305054954e-01 4.169188803303144203e-02 -2.773823518591900239e-03 6.456853999999999649e-01
-6.126954265333183804e-03 3.968019758399363162e-02 -9.991936460722344870e-01 -5.272758500000000126e+00 -4.240008106114305508e-02 9.983034793404832463e-01 3.990484009107100882e-02 1.354306000000000121e-01 9.990819253481862949e-01 4.261038671944525347e-02 -4.434116166758594879e-03 6.445670999999999484e-01
-7.361431288546296109e-03 3.826086658298754467e-02 -9.992406694173845416e-01 -5.394578899999999955e+00 -3.501231788298186237e-02 9.986451799461814050e-01 3.849600195760758542e-02 1.386168999999999873e-01 9.993597685147450616e-01 3.526911763253973847e-02 -6.011856250529801216e-03 6.439186000000000076e-01
-8.999285305360019485e-03 4.418977825104515589e-02 -9.989826206506876582e-01 -5.580138200000000381e+00 -3.159701804628624322e-02 9.985116460186871379e-01 4.445358495818836631e-02 1.437985999999999986e-01 9.994601749517461053e-01 3.196492238651091333e-02 -7.589625962387103186e-03 6.414083999999999897e-01
-1.069285689556919577e-02 3.605696451547646397e-02 -9.992925288029229636e-01 -5.704678499999999985e+00 -3.192233401794633552e-02 9.988279783386367905e-01 3.638178498642393593e-02 1.472565999999999875e-01 9.994331530433927524e-01 3.228877510655036448e-02 -9.529302170729447852e-03 6.396222999999999770e-01
-1.178462610808027680e-02 3.570194840053455415e-02 -9.992929968071917468e-01 -5.831290700000000271e+00 -3.279943142576269982e-02 9.988108141505317450e-01 3.607152386715195558e-02 1.502506000000000119e-01 9.993924753997496246e-01 3.320133154494547822e-02 -1.059960838914186798e-02 6.371436999999999795e-01
-1.187736743758464365e-02 4.028688146470558312e-02 -9.991175583106332025e-01 -5.895344699999999882e+00 -3.757890751564543080e-02 9.984641926338545526e-01 4.070726885896080310e-02 1.519690999999999959e-01 9.992230751202072492e-01 3.802924151063118846e-02 -1.034518909652759611e-02 6.355408000000000168e-01
-1.216327068366895164e-02 4.392628618941798319e-02 -9.989607280708691084e-01 -6.024457499999999577e+00 -5.014551608855431081e-02 9.977507865381343155e-01 4.448365069041616132e-02 1.551075000000000093e-01 9.986678537243941500e-01 5.063446794565702042e-02 -9.933206600684973964e-03 6.323706999999999523e-01
-1.251146967082616968e-02 4.055706027247863582e-02 -9.990988879929405542e-01 -6.152996500000000424e+00 -5.575475649664472094e-02 9.975943293814502066e-01 4.119418786642595198e-02 1.587628000000000095e-01 9.983661003132446865e-01 5.621991504822003438e-02 -1.022012217613244012e-02 6.296047000000000171e-01
-1.354852343075398438e-02 3.868383932128891672e-02 -9.991596459466379754e-01 -6.282200800000000029e+00 -5.384886298963299095e-02 9.977730520822156723e-01 3.936034163042582273e-02 1.618655999999999984e-01 9.984571785848254111e-01 5.433688539017302727e-02 -1.143527081118578259e-02 6.272605999999999460e-01
-1.341458108051542426e-02 3.935864150761917563e-02 -9.991350991498143541e-01 -6.347086899999999865e+00 -5.375735456973056853e-02 9.977515094328289758e-01 4.002589479544031020e-02 1.636534000000000044e-01 9.984639181483220272e-01 5.424779039911307305e-02 -1.126860207458535434e-02 6.255030999999999786e-01
-1.503589150353997969e-02 4.871944595302682424e-02 -9.986993228958974678e-01 -6.475785700000000311e+00 -5.267189666871144316e-02 9.973868482494321341e-01 4.944841999887097245e-02 1.669048999999999949e-01 9.984986696375787174e-01 5.334688861680928623e-02 -1.243045481434146282e-02 6.233830999999999678e-01
-1.435061540257321147e-02 4.600503008666378957e-02 -9.988381235436966099e-01 -6.604244200000000120e+00 -5.277966913238610336e-02 9.975135085015763847e-01 4.670232203168583895e-02 1.710153000000000090e-01 9.985030627713885609e-01 5.338855273933353074e-02 -1.188680245297801807e-02 6.207608000000000015e-01
-1.328874270228174413e-02 4.556698772520371282e-02 -9.988728942898811303e-01 -6.667899600000000149e+00 -5.221397549792079068e-02 9.975665755125351364e-01 4.620203656654157248e-02 1.726924999999999988e-01 9.985475001621583191e-01 5.276909180424323859e-02 -1.087717196978454925e-02 6.196449000000000540e-01
-1.135745863376747683e-02 4.700027615390631186e-02 -9.988303069965585035e-01 -6.795779699999999757e+00 -5.253211325190504377e-02 9.974872716079166146e-01 4.753440919463922804e-02 1.764776000000000122e-01 9.985546480842557582e-01 5.301053689268695607e-02 -8.859896595208693881e-03 6.171058000000000376e-01
-1.030708625458345157e-02 5.049462843211700164e-02 -9.986711453088262802e-01 -6.859636300000000020e+00 -5.387967760406243284e-02 9.972452863101404219e-01 5.097861584516028693e-02 1.787582000000000060e-01 9.984942384982612440e-01 5.433352033237470041e-02 -7.558058882315976668e-03 6.163707000000000491e-01
-8.156047487903205287e-03 4.857177700549850791e-02 -9.987863942645111015e-01 -6.986568000000000112e+00 -5.714519041996975884e-02 9.971646749750079364e-01 4.895955671625487615e-02 1.827918000000000043e-01 9.983325628773412896e-01 5.747515515868494018e-02 -5.357278996340197885e-03 6.142436999999999481e-01
-7.888365991486333620e-03 4.563482701421660293e-02 -9.989270425037890533e-01 -7.050029300000000276e+00 -5.638530380884200499e-02 9.973484664564994384e-01 4.600797725670494748e-02 1.848517000000000077e-01 9.983779200264641940e-01 5.668773253757305314e-02 -5.294316138995891485e-03 6.134136000000000033e-01
-7.943425553663062064e-03 4.409195271697717577e-02 -9.989958967363565812e-01 -7.112795799999999780e+00 -5.331294498157375383e-02 9.975878891283380678e-01 4.445372157489786702e-02 1.864813999999999916e-01 9.985462592628671086e-01 5.361252810743677433e-02 -5.573593281196442817e-03 6.130735999999999963e-01
-8.186516874423186221e-03 4.380247409413551979e-02 -9.990066687488615704e-01 -7.176253799999999572e+00 -5.160409716622234993e-02 9.976904513119463358e-01 4.416764105795047829e-02 1.878083999999999865e-01 9.986340661609357516e-01 5.191441634264471611e-02 -5.907222585841420681e-03 6.124836999999999643e-01
-8.419950457162275748e-03 4.470395140191939232e-02 -9.989647947567289465e-01 -7.238858200000000132e+00 -4.907860723758916688e-02 9.977777714504982853e-01 4.506449945240404570e-02 1.887461000000000000e-01 9.987594278633454836e-01 4.940724165881044821e-02 -6.207231730047890750e-03 6.120088000000000195e-01
-8.638470812129307036e-03 4.296448573122215592e-02 -9.990392533769028027e-01 -7.301969500000000224e+00 -4.692342644765234300e-02 9.979585387945461017e-01 4.332374519205591662e-02 1.906928999999999985e-01 9.988611359305354931e-01 4.725259583246232270e-02 -6.604794823021675754e-03 6.112151000000000112e-01
-8.082572300631507209e-03 4.299710206084281228e-02 -9.990425022186868453e-01 -7.365197199999999889e+00 -4.626731721190487090e-02 9.979890710920169550e-01 4.332608150878829167e-02 1.927357000000000098e-01 9.988963947192013304e-01 4.657320254462496423e-02 -6.076958262099640962e-03 6.098580999999999586e-01
-8.445267344804611304e-03 4.694710765134304381e-02 -9.988616753798534864e-01 -7.490253899999999909e+00 -4.141696435569950513e-02 9.980237101750262241e-01 4.725789872639052369e-02 1.964787000000000061e-01 9.991062568731282623e-01 4.176892399437975856e-02 -6.484170364683072840e-03 6.083020999999999567e-01
-8.545556772824387110e-03 4.511953715590830138e-02 -9.989450439470027865e-01 -7.552582300000000082e+00 -3.907721916688593200e-02 9.982033684755124980e-01 4.542032701691403607e-02 1.987935999999999870e-01 9.991996519222902107e-01 3.942413640115480233e-02 -6.767057513982099870e-03 6.075241000000000113e-01
-9.123282318577393551e-03 5.019993039261222423e-02 -9.986975181246382505e-01 -7.677340000000000053e+00 -4.103889844553666733e-02 9.978788284984253520e-01 5.053367638503134668e-02 2.023492000000000068e-01 9.991158964475104209e-01 4.144647902038282178e-02 -7.043780426767010105e-03 6.057403999999999566e-01
-8.618560198135494926e-03 5.723776986753913165e-02 -9.983233735221779259e-01 -7.739769899999999758e+00 -4.620238338343150841e-02 9.972714307589921612e-01 5.757632466216639627e-02 2.042277000000000120e-01 9.988949194934377829e-01 4.662114426420062990e-02 -5.950522472444430555e-03 6.044232000000000493e-01
-5.599590825062588338e-03 5.290276786769865236e-02 -9.985839682943683515e-01 -7.864661700000000089e+00 -5.453923572800951913e-02 9.970971331948698113e-01 5.312982910547263404e-02 2.096673000000000009e-01 9.984959270566887701e-01 5.475951174461390902e-02 -2.698059431333610370e-03 6.020119000000000442e-01
-4.022253916719055640e-03 4.743614649390936328e-02 -9.988661739588732269e-01 -7.926807400000000392e+00 -5.626242896544882827e-02 9.972812916759049573e-01 4.758743910052649212e-02 2.116533999999999915e-01 9.984079129095168037e-01 5.639004592165946378e-02 -1.342445759005883588e-03 6.012461999999999529e-01
-1.593165431170480949e-03 4.303424632032998298e-02 -9.990723274455908243e-01 -8.051167500000000032e+00 -5.397834138027433892e-02 9.976133480617926930e-01 4.305747822126720220e-02 2.148772999999999933e-01 9.985408356625897763e-01 5.399686484029884298e-02 7.335541391152444746e-04 5.997550000000000381e-01
-1.587237503870829198e-03 3.863775390512669272e-02 -9.992520225900335396e-01 -8.112995099999999127e+00 -5.017662901296868205e-02 9.979915011345548148e-01 3.866871557335338494e-02 2.162174000000000040e-01 9.987390983525180621e-01 5.020047446354326814e-02 3.546627044468397827e-04 5.995947000000000360e-01
-2.006560186907887719e-03 3.560338820486765032e-02 -9.993639839740821040e-01 -8.174372699999999270e+00 -4.435687931409788842e-02 9.983791962690335975e-01 3.565736550438010355e-02 2.173165999999999987e-01 9.990137341266788207e-01 4.440021627798554360e-02 -4.240527528942550362e-04 5.995572000000000124e-01
-2.568443852495783282e-03 4.471446069082814917e-02 -9.989965065511015041e-01 -8.300032599999999761e+00 -4.174867365325646978e-02 9.981240173234388058e-01 4.478274545306077520e-02 2.204044000000000003e-01 9.991248427220547068e-01 4.182180110000201928e-02 -6.968560693599856748e-04 5.992372000000000254e-01
1.117126655022164950e-03 4.444406247785976510e-02 -9.990112498558266774e-01 -8.424866700000000819e+00 -4.505800329790906472e-02 9.979994850638183035e-01 4.434866572016674807e-02 2.241008999999999918e-01 9.989837477991533321e-01 4.496390911406141638e-02 3.117452540163045960e-03 5.979727000000000237e-01
2.582987905493659784e-03 4.577382180039974574e-02 -9.989484898688545389e-01 -8.549508100000000610e+00 -4.542984032761284569e-02 9.979258007774874928e-01 4.560949188949339761e-02 2.272867000000000082e-01 9.989641924419949692e-01 4.526426162432578559e-02 4.657127689565054851e-03 5.975266000000000188e-01
3.291324377544890302e-03 4.377434132810827799e-02 -9.990360224862427918e-01 -8.611297600000000330e+00 -4.564208901152671388e-02 9.980068542005247068e-01 4.357887882261941154e-02 2.290357000000000087e-01 9.989524347507773294e-01 4.545465883782371513e-02 5.282716671505593986e-03 5.975483000000000322e-01
5.100882967687910864e-03 4.228331826594754206e-02 -9.990926393430041852e-01 -8.671802500000000080e+00 -4.601044118375088865e-02 9.980574396779219315e-01 4.200459981511339008e-02 2.305850000000000122e-01 9.989279354863525029e-01 4.575443257184828166e-02 7.036448322956467827e-03 5.971648999999999985e-01
6.805501922296661177e-03 4.404640022067406874e-02 -9.990063061718806869e-01 -8.731484399999999368e+00 -4.693069398103408979e-02 9.979426762295438014e-01 4.367979993400230437e-02 2.320157999999999943e-01 9.988749647008096089e-01 4.658679627765941605e-02 8.858628931144640895e-03 5.971781999999999924e-01
8.068270250617135333e-03 4.626572080085879224e-02 -9.988965842838481990e-01 -8.789228400000000718e+00 -4.651982143144091364e-02 9.978649207103021945e-01 4.584218831828780483e-02 2.330248000000000042e-01 9.988847827598281715e-01 4.609862356512929582e-02 1.020331692395426426e-02 5.974211000000000382e-01
8.621231414759972927e-03 4.756786815090478099e-02 -9.988308026329940637e-01 -8.845832800000000162e+00 -4.785845113184130500e-02 9.977428918745717690e-01 4.710297622261010175e-02 2.342773999999999968e-01 9.988169216749155366e-01 4.739640949844992068e-02 1.087829685662844437e-02 5.973462999999999967e-01
9.090559894672263150e-03 4.965032017478376164e-02 -9.987252912725012033e-01 -8.954393400000000725e+00 -4.706361473997570238e-02 9.976809735798662926e-01 4.917002261884035469e-02 2.371225000000000138e-01 9.988505283016112513e-01 4.655663930388007771e-02 1.140620218652521611e-02 5.973988999999999550e-01
9.885173311143108377e-03 4.879233329872516983e-02 -9.987600270134336933e-01 -9.006689099999999115e+00 -4.772354039162320788e-02 9.976936773023991067e-01 4.826789785463497101e-02 2.384944999999999982e-01 9.988116674534283090e-01 4.718722795505667783e-02 1.219091780054915031e-02 5.969539999999999846e-01
1.113134686674275772e-02 4.889431041357783503e-02 -9.987419283909697576e-01 -9.056423199999999341e+00 -4.865692516516609278e-02 9.976471154107041661e-01 4.829841349539863715e-02 2.395889999999999964e-01 9.987535215209024653e-01 4.805808487530242867e-02 1.348420289503771130e-02 5.974563999999999986e-01
1.221178755453635259e-02 4.784600351939351931e-02 -9.987800719837898189e-01 -9.153831500000000787e+00 -4.785246165165165516e-02 9.977380731009979353e-01 4.721100929428333898e-02 2.420299999999999951e-01 9.987797625896308595e-01 4.721755427730118387e-02 1.447371443237843724e-02 5.979655999999999860e-01
