1.000000000000000000e+00 0.000000000000000000e+00 0.000000000000000000e+00 0.000000000000000000e+00 0.000000000000000000e+00 1.000000000000000000e+00 0.000000000000000000e+00 0.000000000000000000e+00 0.000000000000000000e+00 0.000000000000000000e+00 1.000000000000000000e+00 0.000000000000000000e+00
9.999997425656516059e-01 -7.354860768858671510e-05 7.137641297345118487e-04 -3.580999999999999765e-04 7.285136782575334666e-05 9.999995202517443227e-01 9.768259617093212957e-04 -1.526199999999999909e-03 -7.138356314968533024e-04 -9.767737115476101198e-04 9.999992681756360025e-01 6.080519999999999675e-02
9.999983007487712738e-01 9.365379495776209430e-04 1.587890499681733495e-03 -5.316000000000000196e-04 -9.422581034410334793e-04 9.999930564252998977e-01 3.605447386033391356e-03 -1.951400000000000053e-03 -1.584502835743207714e-03 -3.606937462163192429e-03 9.999922396463422070e-01 9.016989999999999728e-02
9.999953530565337534e-01 5.832579629728895827e-04 2.992269287185519381e-03 -4.899000000000000360e-04 -6.063317927059721450e-04 9.999700470623265058e-01 7.716044318541032121e-03 -2.485799999999999815e-03 -2.987679215638616801e-03 -7.717822770520459119e-03 9.999657539058961486e-01 1.186312000000000061e-01
9.999913229468097020e-01 -6.699733203752392271e-05 4.165278195610782469e-03 -3.486000000000000166e-04 1.980108550452345023e-05 9.999358146102150791e-01 1.132988383535355782e-02 -2.999700000000000109e-03 -4.165769917595497571e-03 -1.132970304831917678e-02 9.999271394405847557e-01 1.460443999999999909e-01
9.999852464526327589e-01 -9.912808981337570182e-04 5.340808857122829149e-03 -3.693999999999999801e-04 9.190685367667995095e-04 9.999083620847578624e-01 1.350639648468608851e-02 -3.419999999999999863e-03 -5.353708069371345031e-03 -1.350128864804432498e-02 9.998945209444594084e-01 1.722013000000000016e-01
9.999777648880195935e-01 -4.831329183129581145e-04 6.651038425973618100e-03 -3.787999999999999918e-04 3.928420738010057430e-04 9.999078451926908251e-01 1.357006990457282694e-02 -3.865700000000000126e-03 -6.656981648283774068e-03 -1.356715536482072659e-02 9.998858019247204298e-01 1.974848999999999910e-01
9.999691531712258108e-01 4.242275870283903098e-04 7.843005608553456007e-03 -3.506000000000000110e-04 -5.109508947046656393e-04 9.999387200273678333e-01 1.105871236683128589e-02 -4.251099999999999844e-03 -7.837833578521387692e-03 -1.106237863135730790e-02 9.999080918483517211e-01 2.213179000000000118e-01
9.999139183309405654e-01 -5.286949960762230179e-03 1.200850066317675317e-02 8.599000000000000307e-04 5.234799118292106195e-03 9.999767492132939362e-01 4.370115674013854215e-03 -5.156799999999999579e-03 -1.203132603898042670e-02 -4.306877398479043786e-03 9.999183456666940195e-01 2.854918000000000178e-01
9.998651878452190500e-01 -2.663868783279393394e-03 1.620215844726241236e-02 1.100400000000000076e-03 2.640751298978094228e-03 9.999954647929590879e-01 1.448042157719890612e-03 -6.004899999999999648e-03 -1.620594236142016906e-02 -1.405061073070537885e-03 9.998676878645289534e-01 3.220654000000000017e-01
9.997364822171137533e-01 2.166579787552758325e-03 2.285327232968446462e-02 1.442799999999999942e-03 -2.203930729591374940e-03 9.999962763818557310e-01 1.609320279580085016e-03 -6.669800000000000034e-03 -2.284970051203552913e-02 -1.659263224227168097e-03 9.997375345719810014e-01 3.537387000000000170e-01
9.996652402099220902e-01 -2.253211263136639404e-03 2.577461066713616217e-02 2.118599999999999997e-03 2.197213683026832520e-03 9.999951645708384795e-01 2.200701472863293012e-03 -7.003999999999999809e-03 -2.577944468117757126e-02 -2.143332439267692062e-03 9.996653571860859566e-01 3.670912000000000064e-01
9.995787798705498828e-01 -7.060923897471489685e-03 2.814971023326726801e-02 3.164500000000000212e-03 7.013589287447410253e-03 9.999738203956062277e-01 1.779912560454905823e-03 -7.013799999999999722e-03 -2.816154111212308686e-02 -1.581732319318988975e-03 9.996021337137392937e-01 3.798179999999999890e-01
9.991699382939412954e-01 -6.715929360407957641e-03 4.017873445627075796e-02 4.771199999999999747e-03 6.668889814782143557e-03 9.999769116030799987e-01 1.304672144347458025e-03 -8.248500000000000623e-03 -4.018656887966181451e-02 -1.035641632975213165e-03 9.991916568547238864e-01 4.247653000000000123e-01
9.990521869272362965e-01 -2.978310669899976709e-03 4.342646038373402378e-02 4.974600000000000029e-03 3.000271910915240040e-03 9.999954021344423793e-01 -4.405433410701635401e-04 -8.933800000000000421e-03 -4.342494863977427316e-02 5.704169776121688655e-04 9.990565291614407206e-01 4.383766000000000052e-01
9.990597285601575672e-01 -5.722445383388599129e-03 4.297571858780605686e-02 8.258700000000000763e-03 6.497383895099901989e-03 9.998184192880426036e-01 -1.791402955450160581e-02 -1.051060000000000015e-02 -4.286540297050595721e-02 1.817641524597177552e-02 9.989154995078323163e-01 5.003973000000000448e-01
9.999401512232218847e-01 -8.042028218356976274e-03 -7.417530169476372476e-03 6.713799999999999803e-03 7.853686286768276140e-03 9.996545885002324772e-01 -2.508033696224492085e-02 -1.116559999999999948e-02 7.616664846832238434e-03 2.502058097978284226e-02 9.996579199626465240e-01 5.339386000000000410e-01
9.990415127294941522e-01 -8.359925447980419075e-03 -4.296705120983133203e-02 4.873999999999999860e-03 7.160448965175757706e-03 9.995824257838497040e-01 -2.799467868527244149e-02 -1.171660000000000063e-02 4.318314270385114478e-02 2.766018276473861462e-02 9.986841995724374810e-01 5.475174999999999903e-01
9.960471681290467005e-01 -7.214569251860292708e-03 -8.853241695908198317e-02 1.963900000000000194e-03 4.934800058082228734e-03 9.996512542550892721e-01 -2.594258303665202339e-02 -1.250109999999999937e-02 8.868870621727090175e-02 2.540314659125805438e-02 9.957354033741944166e-01 5.639277000000000317e-01
9.551897054768065942e-01 9.824160559132022984e-04 -2.959926712096508927e-01 -1.864729999999999860e-02 -3.176961280407831784e-03 9.999709175416384710e-01 -6.933324451980217400e-03 -1.406649999999999914e-02 2.959772516058526426e-01 7.562997396979672347e-03 9.551650473097406113e-01 6.247935999999999490e-01
9.244502771832912025e-01 6.787009792278983836e-03 -3.812422084630919805e-01 -3.077399999999999927e-02 -6.399052355737854664e-03 9.999769145325210218e-01 2.285285751871931649e-03 -1.450459999999999944e-02 3.812489175652630236e-01 3.269558054114175480e-04 9.244723662474809700e-01 6.480365000000000153e-01
8.836970455083265064e-01 1.475879115079370765e-02 -4.678265809502726302e-01 -4.611370000000000052e-02 -8.315780327784769860e-03 9.998400454139007021e-01 1.583449981114176675e-02 -1.501730000000000079e-02 4.679854480188403443e-01 -1.010255762152704843e-02 8.836784249782886347e-01 6.715640999999999972e-01
8.310644468087837744e-01 2.289549351174046538e-02 -5.557046712303793656e-01 -6.483020000000000449e-02 -1.227269218045635296e-02 9.996639612375365358e-01 2.283299431789208994e-02 -1.513379999999999934e-02 5.560407055936228415e-01 -1.215569741853494978e-02 8.310661662847399489e-01 6.950815000000000188e-01
7.666823185950496500e-01 2.855607686950713264e-02 -6.413912790392004570e-01 -8.767919999999999880e-02 -1.535346856071991006e-02 9.995401458175101617e-01 2.614895604542386703e-02 -1.448879999999999960e-02 6.418430441758122829e-01 -1.020036141189731467e-02 7.667681913526361859e-01 7.186143000000000391e-01
6.912043135255645510e-01 3.346936273565285364e-02 -7.218839233018853330e-01 -1.151869999999999977e-01 -1.473098245588346129e-02 9.993719196794838000e-01 3.222986677024608504e-02 -1.365350000000000071e-02 7.225092353178176330e-01 -1.164336352660395868e-02 6.912632182940517955e-01 7.415821999999999692e-01
6.079163558051707827e-01 3.199180204269277961e-02 -7.933563064264518294e-01 -1.472886999999999946e-01 -7.054080069982175336e-03 9.993661297184532888e-01 3.489382074129857014e-02 -1.297090000000000048e-02 7.939697376467992340e-01 -1.561612543561160041e-02 6.077566884267517899e-01 7.641915999999999709e-01
5.168889596050165736e-01 3.356291182576767729e-02 -8.553942566958344651e-01 -1.841493999999999909e-01 -1.544419671931536453e-03 9.992660605280493380e-01 3.827473115032707651e-02 -1.191399999999999924e-02 8.560510605135188689e-01 -1.846269824615597716e-02 5.165614296162178709e-01 7.843803000000000303e-01
4.154704421351472221e-01 3.174166532695760906e-02 -9.090526818585910052e-01 -2.256688000000000027e-01 4.584491755380096581e-03 9.993051819247138479e-01 3.698831996400395172e-02 -1.051400000000000078e-02 9.095951264971521288e-01 -1.953509817446788532e-02 4.150362463592111029e-01 8.014316999999999691e-01
3.617668771396278515e-01 3.108782669705444784e-02 -9.317501133007149994e-01 -2.483557000000000126e-01 9.486052922629351417e-03 9.992693626741512292e-01 3.702371700335638227e-02 -1.003530000000000047e-02 9.322203287874547550e-01 -2.223258536584205719e-02 3.612076559866360670e-01 8.090405000000000513e-01
2.549849320383333340e-01 3.565072536870667053e-02 -9.662875918762962035e-01 -2.976176999999999850e-01 1.239421566381482959e-02 9.991174908311024616e-01 4.013256699291421759e-02 -8.236500000000000765e-03 9.668655893408789614e-01 -2.220957667419518750e-02 2.543180427190876447e-01 8.204485000000000250e-01
2.039703820174914028e-01 4.072061214904688919e-02 -9.781298047835192966e-01 -3.242514000000000229e-01 1.488874728931552198e-02 9.988899643022745023e-01 4.468964556086320317e-02 -7.431899999999999964e-03 9.788638355071627162e-01 -2.367849155684489948e-02 2.031376887084198612e-01 8.245312000000000197e-01
1.556090916203723695e-01 4.201012837101125025e-02 -9.869250020742881269e-01 -3.518434999999999757e-01 2.011145193688183841e-02 9.987534459406869347e-01 4.568461144186236611e-02 -6.636000000000000405e-03 9.876139630979672290e-01 -2.695743563202192272e-02 1.545702317979511520e-01 8.279585999999999890e-01
1.111296177743311825e-01 4.354941116615664021e-02 -9.928512762948999981e-01 -3.804721999999999826e-01 2.256834998382349633e-02 9.986711822573185460e-01 4.633075984459168045e-02 -5.998100000000000133e-03 9.935496352132280329e-01 -2.755573471803294400e-02 1.099991084137079689e-01 8.301304000000000460e-01
7.061596239897290073e-02 4.174504676555142874e-02 -9.966296889642655144e-01 -4.101633000000000084e-01 2.217358154190377656e-02 9.988113527687603188e-01 4.340753231691089897e-02 -5.012199999999999642e-03 9.972570973104534220e-01 -2.516411434525451726e-02 6.960638773235949817e-02 8.312378999999999740e-01
3.491174762580107754e-02 3.737519460140123484e-02 -9.986912759738216794e-01 -4.412132000000000276e-01 1.945466216656716041e-02 9.990856760550188564e-01 3.807004099906634298e-02 -3.658600000000000133e-03 9.992010238173784087e-01 -2.075829304623190083e-02 3.415270519460567034e-02 8.313968999999999943e-01
6.293979832725434508e-03 3.722110537797411467e-02 -9.992872335481461921e-01 -4.733371000000000106e-01 1.675251966173591997e-02 9.991628607468622247e-01 3.732198801148642331e-02 -2.264899999999999813e-03 9.998398566284745215e-01 -1.697548286759853128e-02 5.665163595472977320e-03 8.307404999999999928e-01
-1.484718917720301810e-02 4.160261466653200624e-02 -9.990239153425928276e-01 -5.068702999999999959e-01 1.584513398285206445e-02 9.990183739301777832e-01 4.136689834842344204e-02 -1.210600000000000044e-03 9.997642185548558658e-01 -1.521548562522366185e-02 -1.549181379267128289e-02 8.297906000000000448e-01
-2.772100468084021455e-02 4.779464771209785551e-02 -9.984724420581477800e-01 -5.409682000000000102e-01 1.756857950829109755e-02 9.987253167621295002e-01 4.731898849769433646e-02 -1.822000000000000106e-04 9.994613003581208632e-01 -1.623001258349893172e-02 -2.852535324923732851e-02 8.283806000000000225e-01
-3.578610733619301543e-02 5.025171963283835141e-02 -9.980952455530810452e-01 -5.766151999999999944e-01 1.720862791084467117e-02 9.986178675984961339e-01 4.966102736007910190e-02 1.074700000000000048e-03 9.992112977979926702e-01 -1.539867484477271467e-02 -3.660140934276157054e-02 8.270703999999999834e-01
-3.977899097328786021e-02 4.741049493316128183e-02 -9.980831011731137181e-01 -6.132505999999999791e-01 1.796803668436003365e-02 9.987461354179901774e-01 4.672586698327967775e-02 2.479299999999999820e-03 9.990469366025085396e-01 -1.607488593497140988e-02 -4.058098701758106053e-02 8.257383000000000361e-01
-3.913183261563359799e-02 4.358414006466150570e-02 -9.982830873108921033e-01 -6.504265999999999659e-01 2.562862115929664952e-02 9.987634213976078756e-01 4.260049126028583183e-02 3.838499999999999898e-03 9.989053375839052062e-01 -2.391758376108265444e-02 -4.020044444301962283e-02 8.245681999999999734e-01
-2.936232569850458912e-02 4.202656108282129543e-02 -9.986849463134642724e-01 -7.283427000000000096e-01 3.790625805439493123e-02 9.984438629025871315e-01 4.090193433657469263e-02 6.722399999999999903e-03 9.988498232616797035e-01 -3.665543337230837279e-02 -3.090970356376299133e-02 8.229503999999999708e-01
-2.405064829970902582e-02 4.056441422018616100e-02 -9.988874283998858683e-01 -7.684919999999999529e-01 3.584509520164546464e-02 9.985689551638998740e-01 3.968842315918280628e-02 7.791600000000000088e-03 9.990679133404039014e-01 -3.485068265974919366e-02 -2.547026603317636972e-02 8.216569999999999707e-01
-2.092552929860360539e-02 3.420120702386518496e-02 -9.991958765235590123e-01 -8.089821000000000373e-01 3.945663253955335181e-02 9.986643604396279184e-01 3.335669852289979004e-02 9.153200000000000225e-03 9.990021503341278697e-01 -3.872689796278137170e-02 -2.224704479180050765e-02 8.207976999999999634e-01
-1.793086694475359844e-02 1.554554310673932765e-02 -9.997183703924453768e-01 -8.935370999999999730e-01 2.983496715723450016e-02 9.994421898076325528e-01 1.500613098873231945e-02 1.065709999999999921e-02 9.993939957520941997e-01 -2.955749180902809969e-02 -1.838466569244479043e-02 8.182171999999999779e-01
-2.277717484022477243e-02 1.864876283129599660e-02 -9.995666180656292976e-01 -9.835658000000000456e-01 1.496355731930755495e-02 9.997203668178904490e-01 1.831065596461101813e-02 1.192050000000000054e-02 9.996285771518587104e-01 -1.454000737154629609e-02 -2.304985741790499532e-02 8.150652000000000452e-01
-3.192234614917677238e-02 3.631994192731023002e-02 -9.988302286348412773e-01 -1.077461100000000060e+00 8.397032929459367565e-03 9.993140172374405106e-01 3.606916675985151477e-02 1.375089999999999993e-02 9.994550783573586950e-01 -7.235797894165830330e-03 -3.220542771833767581e-02 8.110543000000000058e-01
-3.451700132118799141e-02 5.413489109633162766e-02 -9.979368668336597858e-01 -1.175018399999999907e+00 9.176099504432797677e-03 9.985069582790584430e-01 5.384843048954666977e-02 1.676029999999999881e-02 9.993619843768714039e-01 -7.298481642855989687e-03 -3.496221314549519121e-02 8.071059999999999901e-01
-3.805836047207662720e-02 5.205184115597380479e-02 -9.979189180642137336e-01 -1.273383699999999896e+00 8.902772234552255859e-03 9.986204443314268264e-01 5.174890153272056204e-02 2.078390000000000098e-02 9.992358589665991664e-01 -6.914766487510236315e-03 -3.846926253135152241e-02 8.032711999999999630e-01
-4.536589064930521970e-02 4.197668505328106675e-02 -9.980881192948510838e-01 -1.372904799999999925e+00 8.552869439527224782e-03 9.990964733566458644e-01 4.163034170726323535e-02 2.418630000000000085e-02 9.989338238291592953e-01 -6.647919843887222652e-03 -4.568392246516894684e-02 7.982342000000000048e-01
-5.772897436018478712e-02 3.533563944682842350e-02 -9.977067495532966346e-01 -1.473359499999999933e+00 7.863009793147461568e-03 9.993585078881085382e-01 3.493917269550354809e-02 2.710380000000000081e-02 9.983013265524159907e-01 -5.827975337722095944e-03 -5.796978615752268471e-02 7.921268000000000198e-01
-7.058741548274806432e-02 4.242316644297368378e-02 -9.966030763169547724e-01 -1.576209799999999994e+00 6.241458578295642351e-03 9.990944480523501481e-01 4.208714846345863736e-02 3.004729999999999901e-02 9.974860705645375303e-01 -3.249433784760034222e-03 -7.078827734729209453e-02 7.846387999999999696e-01
-8.160202432274799023e-02 4.763403345681593848e-02 -9.955260461098265345e-01 -1.679994100000000046e+00 7.843017352400713516e-04 9.988600010937735973e-01 4.772926864864632246e-02 3.333030000000000020e-02 9.966646850858205120e-01 3.114012135733184444e-03 -8.154635755937089669e-02 7.758420000000000316e-01
-8.606631018155554147e-02 4.998021747769629958e-02 -9.950349582364503842e-01 -1.783190400000000064e+00 -7.966547251505466665e-03 9.986744205033439847e-01 5.085209884753571358e-02 3.722779999999999839e-02 9.962575592569533622e-01 1.230364552448557497e-02 -8.555405268124949281e-02 7.662107000000000223e-01
-8.869256826655375070e-02 4.892731969151616067e-02 -9.948566458149070701e-01 -1.887561100000000103e+00 -9.705261837688872878e-03 9.987029767397057611e-01 4.998171809684798239e-02 4.069099999999999800e-02 9.960117651046824783e-01 1.408835118298288822e-02 -8.810267949387429187e-02 7.560308999999999502e-01
-9.068122009883355927e-02 4.734334769617067062e-02 -9.947540016256815054e-01 -1.992216800000000010e+00 -1.318148039068646124e-02 9.987248124416059358e-01 4.873394697938003561e-02 4.431709999999999816e-02 9.957927318955972495e-01 1.753158413830785065e-02 -8.994152912589703508e-02 7.458148999999999473e-01
-9.168214718780050287e-02 3.994927612579829423e-02 -9.949866527868899135e-01 -2.097695799999999888e+00 -2.282152233970093438e-02 9.988482023763625151e-01 4.220718810354079364e-02 4.781919999999999921e-02 9.955267761367009305e-01 2.657675575637227783e-02 -9.066484461097978897e-02 7.351739000000000468e-01
-8.931103111360087776e-02 4.332848546541062662e-02 -9.950608936485740852e-01 -2.204813699999999876e+00 -2.520164764527553503e-02 9.986351552194530079e-01 4.574607869296058726e-02 5.128730000000000094e-02 9.956848982872987808e-01 2.916280348479660667e-02 -8.809718619523743133e-02 7.249765000000000237e-01
-8.587362391593067468e-02 4.584634106577609169e-02 -9.952506386465801436e-01 -2.312247300000000116e+00 -2.368177382406222442e-02 9.985645232868981536e-01 4.804233988218922780e-02 5.531849999999999962e-02 9.960245450309400672e-01 2.769487034976624018e-02 -8.466463164874915570e-02 7.151478999999999475e-01
-7.924628515115457461e-02 4.511839432117200482e-02 -9.958334985245378412e-01 -2.421603699999999915e+00 -2.786708984164717323e-02 9.984845232363480649e-01 4.745610773378148434e-02 5.953060000000000296e-02 9.964654793787384168e-01 3.151170181634028317e-02 -7.786887089934324546e-02 7.056788000000000505e-01
-6.762116546126371863e-02 4.535204737319445401e-02 -9.966797729364834657e-01 -2.530942700000000212e+00 -3.671988177120680263e-02 9.981764083078169536e-01 4.791146188976908027e-02 6.350369999999999626e-02 9.970351188721334745e-01 3.983779231792002051e-02 -6.583253024808699561e-02 6.965122999999999731e-01
-5.615723657918455375e-02 4.344646618259292298e-02 -9.974761998945308461e-01 -2.641252300000000108e+00 -3.768160085240706419e-02 9.982487637008132797e-01 4.560156496215464483e-02 6.749439999999999606e-02 9.977106102157023981e-01 4.014735789616229178e-02 -5.442175959088502157e-02 6.893403999999999643e-01
-5.048354457001259094e-02 4.272641124285001674e-02 -9.978105358784071788e-01 -2.696504399999999801e+00 -3.640849196192030152e-02 9.983416475005836288e-01 4.459121638707858049e-02 6.973959999999999881e-02 9.980610369314625308e-01 3.857989953495653823e-02 -4.884422085739847930e-02 6.858944999999999625e-01
-3.934934138153337729e-02 4.521503633080552198e-02 -9.982019985065363477e-01 -2.807349199999999989e+00 -3.425473147790841777e-02 9.983274767129566296e-01 4.657104906825159513e-02 7.303840000000000332e-02 9.986381940944456526e-01 3.602568152783571648e-02 -3.773469976346732757e-02 6.807286000000000170e-01
-3.381748443532133636e-02 4.600679536542122416e-02 -9.983685454413467886e-01 -2.862963399999999936e+00 -3.545888014844375546e-02 9.982557658599697792e-01 4.720268791015709564e-02 7.527689999999999382e-02 9.987988013434360157e-01 3.699730676048793021e-02 -3.212714938156280287e-02 6.785016000000000380e-01
-2.407946219932287357e-02 4.061432452711410956e-02 -9.988847061314922726e-01 -2.975596700000000094e+00 -3.492760648646811572e-02 9.985302359708430053e-01 4.144188891856964013e-02 7.883329999999999504e-02 9.990997156467005258e-01 3.588655033879533524e-02 -2.262550992714407183e-02 6.756147000000000125e-01
-1.971235454428364037e-02 3.507917358422244641e-02 -9.991901093680661816e-01 -3.031596700000000144e+00 -3.463873471909937468e-02 9.987603705631260542e-01 3.574745095341719942e-02 8.052330000000000598e-02 9.992054749326486629e-01 3.531534755959649802e-02 -1.847282034137132101e-02 6.742032999999999499e-01
-1.603621356807851880e-02 3.436361310405691011e-02 -9.992807323014055720e-01 -3.088142599999999849e+00 -3.505029376309035799e-02 9.987756794765734192e-01 3.490872374106943760e-02 8.197060000000000457e-02 9.992568822687787344e-01 3.558488696826116876e-02 -1.481212536863063534e-02 6.731352999999999920e-01
-1.270986847948238005e-02 3.650790759137875763e-02 -9.992525366125087904e-01 -3.145010000000000083e+00 -3.413582200642374664e-02 9.987349119044892642e-01 3.692318240723262146e-02 8.338160000000000016e-02 9.993363822553343878e-01 3.457959552151189386e-02 -1.144756194080720491e-02 6.721297999999999995e-01
-1.034771547933754920e-02 3.609226512021515565e-02 -9.992948879999590250e-01 -3.201259100000000135e+00 -3.482251690771871744e-02 9.987292280221810037e-01 3.643242251662690001e-02 8.465730000000000477e-02 9.993399407111527299e-01 3.517495547560052505e-02 -9.077742380085407348e-03 6.709772000000000514e-01
-9.220820378580340052e-03 3.643823306768692594e-02 -9.992933661555303271e-01 -3.257824199999999948e+00 -3.602819897044354236e-02 9.986748941201740726e-01 3.674812557131818674e-02 8.559239999999999904e-02 9.993082334047347359e-01 3.634158809083837954e-02 -7.895797904185819505e-03 6.698553999999999897e-01
-8.583015492919485873e-03 3.705095954427605615e-02 -9.992765174074175194e-01 -3.314970999999999890e+00 -3.721304247827469242e-02 9.986092713817011912e-01 3.734585090766898152e-02 8.703650000000000275e-02 9.992704945681917250e-01 3.750665950676140836e-02 -7.192299916260247450e-03 6.692474999999999952e-01
-6.049918671298917111e-03 3.495307404798869005e-02 -9.993706425039042829e-01 -3.429212999999999845e+00 -3.842432154814693496e-02 9.986427439333621647e-01 3.516022614844649397e-02 8.908149999999999402e-02 9.992431986246567144e-01 3.861285542201080279e-02 -4.698659226163526270e-03 6.675105999999999540e-01
-5.369464349868319220e-03 3.386297951194507105e-02 -9.994120608993914967e-01 -3.486964899999999812e+00 -3.635712996299911293e-02 9.987590785697042506e-01 3.403618773377922735e-02 9.015140000000000653e-02 9.993244357832189451e-01 3.651851028134991961e-02 -4.131640519437151937e-03 6.670110000000000205e-01
-5.077508684963391236e-03 3.350968416716385012e-02 -9.994254949582638270e-01 -3.544726600000000172e+00 -3.306530869112281334e-02 9.988862384700670782e-01 3.365958936590190964e-02 9.143560000000000576e-02 9.994402954987929855e-01 3.321721936191088242e-02 -3.963845499992846300e-03 6.666609999999999481e-01
-5.185701514177954580e-03 3.393678787424182774e-02 -9.994105277255111996e-01 -3.602740299999999785e+00 -3.101070222582138700e-02 9.989378248541856964e-01 3.408164349102818513e-02 9.268719999999999737e-02 9.995056002080566770e-01 3.116915950690393733e-02 -4.127789767647049857e-03 6.665136000000000394e-01
-5.010411742936705416e-03 3.706742148295925215e-02 -9.993002061636788724e-01 -3.660653799999999958e+00 -3.065605625525668482e-02 9.988373599223914212e-01 3.720395997930328602e-02 9.351550000000000140e-02 9.995174345598185628e-01 3.082101049400738993e-02 -3.868245479220155936e-03 6.659726999999999730e-01
-4.415226482551819209e-03 4.071248184647536378e-02 -9.991611479621335112e-01 -3.718849699999999814e+00 -3.274338442437221136e-02 9.986292269029241053e-01 4.083549867096131908e-02 9.484180000000000388e-02 9.994540392391967343e-01 3.289621554478141391e-02 -3.076109764902579258e-03 6.649106000000000183e-01
-3.967547349977305904e-03 3.893041207125692849e-02 -9.992340474503399461e-01 -3.834804800000000125e+00 -3.584885752251404378e-02 9.985940752849346014e-01 3.904781965944825045e-02 9.720070000000000099e-02 9.993493473167210928e-01 3.597632307210450048e-02 -2.566358481464581232e-03 6.638034000000000434e-01
-3.804374288867438773e-03 3.682564920080468041e-02 -9.993144641689172269e-01 -3.892252000000000045e+00 -3.552776779445716848e-02 9.986858271252548880e-01 3.693773700010086897e-02 9.829759999999999887e-02 9.993614483518032943e-01 3.564393721356778205e-02 -2.491041569685270574e-03 6.633436000000000332e-01
-4.020952552867614049e-03 3.556518625900818159e-02 -9.993592694656558972e-01 -3.949962100000000031e+00 -3.357399934304334393e-02 9.987991289786309901e-01 3.568033799785948201e-02 9.986180000000000057e-02 9.994281457456961615e-01 3.369595640266388747e-02 -2.822058367373370125e-03 6.632303999999999977e-01
-4.120782225696298373e-03 3.715000505116363566e-02 -9.993012039813353731e-01 -4.007276100000000341e+00 -3.169815932901390992e-02 9.988026613671958653e-01 3.726218379213799836e-02 1.009840000000000043e-01 9.994889923600962511e-01 3.182955812613708080e-02 -2.938261474754622071e-03 6.629912999999999501e-01
-3.524106890522534126e-03 3.978250370006540526e-02 -9.992021482512826180e-01 -4.064449800000000224e+00 -3.117493729620128204e-02 9.987183045763363687e-01 3.987319135391696745e-02 1.023604000000000042e-01 9.995077308131247174e-01 3.129058170636082881e-02 -2.279373000513063019e-03 6.623516000000000403e-01
-3.373422364966354066e-03 4.258880528834785295e-02 -9.990869900492441724e-01 -4.121993100000000076e+00 -3.178878062252166181e-02 9.985831695545284159e-01 4.267466354835088710e-02 1.032589000000000007e-01 9.994889161206744754e-01 3.190371681392233788e-02 -2.014796609167701646e-03 6.621553999999999496e-01
-2.938388662044535624e-03 4.297982219305543361e-02 -9.990716194329236632e-01 -4.179111999999999938e+00 -3.327255355822801575e-02 9.985185526135257339e-01 4.305388793482495258e-02 1.044211000000000028e-01 9.994419958415725613e-01 3.336817302225215942e-02 -1.503987157999153723e-03 6.614505000000000523e-01
-2.428711424792054895e-03 4.082933902318664626e-02 -9.991631830865993491e-01 -4.235826499999999939e+00 -3.269805667118164810e-02 9.986286058232229923e-01 4.088697496139988286e-02 1.058303000000000021e-01 9.994623246779960057e-01 3.276999704753778830e-02 -1.090340662859956566e-03 6.609930000000000527e-01
-2.208563610336713653e-03 3.944852683150078254e-02 -9.992191631356973636e-01 -4.292885799999999641e+00 -3.125773270695124395e-02 9.987306124509739425e-01 3.949832780413944228e-02 1.071566999999999936e-01 9.995089176154458022e-01 3.132056008641651706e-02 -9.726885798064799360e-04 6.608315999999999635e-01
-1.858798523523545743e-03 4.038799953854609048e-02 -9.991823428990940226e-01 -4.349356199999999895e+00 -2.934511177025662942e-02 9.987515553947824420e-01 4.042517794263803671e-02 1.086284000000000000e-01 9.995676111615658943e-01 2.939625979231377459e-02 -6.712875558989583880e-04 6.602462999999999527e-01
-1.730563534731943036e-03 4.300181318981879247e-02 -9.990734954007339796e-01 -4.405910999999999689e+00 -2.678795799243462866e-02 9.987144670851135775e-01 4.303276125805983315e-02 1.100755000000000067e-01 9.996396402986668095e-01 2.683760975358171624e-02 -5.764080730193965607e-04 6.601150000000000073e-01
-1.844509541081386763e-03 4.571496317990501879e-02 -9.989528216717807885e-01 -4.463064199999999815e+00 -2.538429297509612811e-02 9.986304832593965175e-01 4.574708269669947730e-02 1.113288999999999945e-01 9.996760652604957942e-01 2.544209202412615195e-02 -6.815414356822202535e-04 6.602601000000000164e-01
-1.144079145379826986e-03 4.934796163809897912e-02 -9.987809918921531915e-01 -4.577087900000000431e+00 -2.845485304053633341e-02 9.983756105448968743e-01 4.936052681592793812e-02 1.146756000000000025e-01 9.995944239647148732e-01 2.847663869330740657e-02 2.619682809819057212e-04 6.594404999999999850e-01
-9.763870934217850663e-04 4.448009157362060872e-02 -9.990097938067705741e-01 -4.689436399999999949e+00 -3.214779598584467657e-02 9.984925109282764000e-01 4.448847978295508709e-02 1.176586000000000021e-01 9.994826491147790204e-01 3.215940101662685680e-02 4.550217087917474146e-04 6.586823000000000539e-01
-4.038320211085936248e-04 4.127623829313330911e-02 -9.991476913209915711e-01 -4.802121600000000434e+00 -3.364386944944201124e-02 9.985815791406525976e-01 4.126644944055066211e-02 1.205413000000000040e-01 9.994338031946727874e-01 3.363185920119636518e-02 9.854331551520933985e-04 6.577558999999999489e-01
-5.995102744602808214e-04 4.389891056079667231e-02 -9.990357982770218248e-01 -4.915205000000000268e+00 -3.234237353784513713e-02 9.985124793630492102e-01 4.389532355723878287e-02 1.236070999999999975e-01 9.994766687929085291e-01 3.233750466302806603e-02 8.211764727067416558e-04 6.576604000000000338e-01
-8.315150138272135814e-04 4.615495439872348282e-02 -9.989339461482092952e-01 -4.971699700000000277e+00 -3.156212202756845941e-02 9.984354029007326270e-01 4.615819198764872094e-02 1.248525999999999941e-01 9.995014462400234612e-01 3.156685633545913000e-02 6.265342750607638678e-04 6.578349000000000002e-01
-1.822409747700017880e-03 4.645761196955714573e-02 -9.989185998432492664e-01 -5.084777800000000347e+00 -3.906470381378620432e-02 9.981544560068470462e-01 4.649334220742271789e-02 1.283002000000000031e-01 9.992350212731000436e-01 3.910718915700051729e-02 -4.193558850507095315e-06 6.568661000000000083e-01
-2.379719747848411428e-03 4.217766789181112003e-02 -9.991072921689287956e-01 -5.199333199999999877e+00 -4.281537684964797225e-02 9.981896358746809028e-01 4.224090834243969528e-02 1.308942999999999912e-01 9.990801671733573475e-01 4.287767675119361077e-02 -5.695588431614551084e-04 6.560196999999999834e-01
-3.903428952106123562e-03 3.720970124075857755e-02 -9.992998555868951582e-01 -5.314866499999999938e+00 -3.948368292202596164e-02 9.985224773137232335e-01 3.733498469502696815e-02 1.340755999999999892e-01 9.992125910062027438e-01 3.960177310220430735e-02 -2.428485501861699092e-03 6.552364999999999995e-01
-5.094722338002304410e-03 3.767302274359845410e-02 -9.992771323119822302e-01 -5.431849500000000219e+00 -3.423563613751010731e-02 9.986977198697862823e-01 3.782572596989932506e-02 1.377040999999999960e-01 9.994008029927525794e-01 3.440359987341757436e-02 -3.798327683482538575e-03 6.547083999999999682e-01
-6.747134588213314979e-03 3.751048505110568532e-02 -9.992734559098823688e-01 -5.611400599999999628e+00 -3.214972465653508082e-02 9.987714692580810238e-01 3.770871783239479469e-02 1.421429999999999916e-01 9.994602900462619122e-01 3.238079225845108544e-02 -5.532893759825685542e-03 6.527503999999999529e-01
-8.058444206779957417e-03 3.248599431349322858e-02 -9.994397038593324512e-01 -5.732720399999999827e+00 -3.125386312643558401e-02 9.989756789751440547e-01 3.272291025908485862e-02 1.448867000000000071e-01 9.994789930341910766e-01 3.150004745415119212e-02 -7.034876953151192325e-03 6.511356000000000366e-01
-9.108686788703891646e-03 3.805559710306027910e-02 -9.992341083820719394e-01 -5.855845500000000037e+00 -3.809988891720934856e-02 9.985367567800692568e-01 3.837634458409376614e-02 1.478348999999999913e-01 9.992324205556388783e-01 3.842026663455556934e-02 -7.645444542213164496e-03 6.489825999999999651e-01
-9.158970885723817859e-03 4.136370031966551952e-02 -9.991021757298798045e-01 -5.980194599999999916e+00 -5.096942834917203569e-02 9.978259902004510407e-01 4.177811214317896094e-02 1.510016999999999887e-01 9.986582151197042068e-01 5.130631127214586862e-02 -7.030775033564640175e-03 6.460725999999999969e-01
-9.340189298600443460e-03 3.809848508840447956e-02 -9.992303369583185324e-01 -6.103732100000000216e+00 -5.662511075274261063e-02 9.976503103733780353e-01 3.856753873586067638e-02 1.539598000000000078e-01 9.983518206003861861e-01 5.694175661033915037e-02 -7.160911815052184437e-03 6.434332999999999858e-01
-1.068341029909814464e-02 3.627404108623453333e-02 -9.992847735694041500e-01 -6.227979699999999674e+00 -5.469871208216409847e-02 9.978243247010795125e-01 3.680581382590505934e-02 1.567811000000000066e-01 9.984457499738950137e-01 5.505280172805773753e-02 -8.676023337769622756e-03 6.419422000000000184e-01
-1.058601596558687852e-02 3.706984031184736017e-02 -9.992566052847638991e-01 -6.290380500000000374e+00 -5.460855186837429431e-02 9.977998664349340130e-01 3.759431612979562132e-02 1.581992999999999872e-01 9.984517225829275811e-01 5.496593019027398719e-02 -8.538395019118794060e-03 6.404261999999999455e-01
-1.196723826450735682e-02 4.638882608540476765e-02 -9.988517717973667276e-01 -6.415412899999999752e+00 -5.360571408100785890e-02 9.974570636544896063e-01 4.696630263953723017e-02 1.610727000000000131e-01 9.984904669681057277e-01 5.410621942236804038e-02 -9.450100191681354289e-03 6.383332000000000450e-01
-1.111997323272713271e-02 4.358645290186084764e-02 -9.989877713559548456e-01 -6.538932800000000434e+00 -5.370744735156002259e-02 9.975814140954106790e-01 4.412292318489556553e-02 1.647421000000000024e-01 9.984947953265871368e-01 5.414372885971793781e-02 -8.752161497739052720e-03 6.361244000000000343e-01
-1.017867088689370161e-02 4.317001211887941392e-02 -9.990158881182178430e-01 -6.600063300000000410e+00 -5.311134808520444339e-02 9.976340696194612168e-01 4.365143570473154627e-02 1.662021999999999944e-01 9.985367190862577402e-01 5.350339417427520811e-02 -7.861771319720545215e-03 6.352101999999999471e-01
-8.193441928928492379e-03 4.456834048993495861e-02 -9.989727376336804410e-01 -6.722905199999999581e+00 -5.329170174931068676e-02 9.975671136993671251e-01 4.494272121463560588e-02 1.695296000000000025e-01 9.985453730472239053e-01 5.360519276606665051e-02 -5.798385507453263088e-03 6.330297999999999758e-01
-6.937924691099309552e-03 4.807283033939174083e-02 -9.988197375823830715e-01 -6.784702300000000186e+00 -5.478626219766952882e-02 9.973252730892830931e-01 4.838145442000447993e-02 1.716536999999999924e-01 9.984740010012222999e-01 5.505726691860776678e-02 -4.285636949665549977e-03 6.322761000000000076e-01
-4.895354278845487697e-03 4.595994411830654075e-02 -9.989312884493739553e-01 -6.907528899999999972e+00 -5.808896546102653574e-02 9.972433426671905021e-01 4.616695352344836467e-02 1.753796999999999995e-01 9.982994077921472087e-01 5.825288870614671322e-02 -2.212093858096952914e-03 6.306310000000000526e-01
-4.561094670259738248e-03 4.318203887230208371e-02 -9.990568091626421676e-01 -6.969001800000000024e+00 -5.717771429896494062e-02 9.974214477845746440e-01 4.337239314205384305e-02 1.770410000000000039e-01 9.983535973806849650e-01 5.732161039393372098e-02 -2.080283368005697575e-03 6.299042999999999726e-01
-4.615817037179057065e-03 4.142283815516793061e-02 -9.991310438136981054e-01 -7.029948199999999758e+00 -5.420939954084989104e-02 9.976621427328581371e-01 4.161237747477056909e-02 1.786318000000000072e-01 9.985189208194803490e-01 5.435436906866874390e-02 -2.359518732105381211e-03 6.297053999999999707e-01
-5.019440171787315288e-03 4.130570309957904557e-02 -9.991339470320339533e-01 -7.091396800000000056e+00 -5.245685783076536185e-02 9.977599891246877739e-01 4.151243390149293028e-02 1.796713000000000060e-01 9.986105763944645997e-01 5.261979659170467477e-02 -2.841429176120069400e-03 6.295503999999999545e-01
-5.157261962831678759e-03 4.196116797661957748e-02 -9.991059318366019015e-01 -7.152190199999999720e+00 -4.989363037545965079e-02 9.978640224790944480e-01 4.216655416082892155e-02 1.805739000000000094e-01 9.987412218873333858e-01 5.006648603486193311e-02 -3.052651162061659207e-03 6.290820999999999774e-01
-5.225605061183147444e-03 4.023541917811003510e-02 -9.991765630234260565e-01 -7.213293099999999569e+00 -4.814639231614670223e-02 9.980212797212633102e-01 4.044069893648659375e-02 1.822712999999999972e-01 9.988266205696983979e-01 4.831807391746523184e-02 -3.278074773725991875e-03 6.284560999999999620e-01
-4.990154170563335274e-03 4.041107151147686760e-02 -9.991706779427872442e-01 -7.273897599999999741e+00 -4.729549803964434862e-02 9.980554090052030647e-01 4.060217260983304405e-02 1.839841999999999866e-01 9.988684769410519637e-01 4.745888594089606866e-02 -3.069188608249673322e-03 6.276542999999999983e-01
-5.266151517037008858e-03 4.268269292412980170e-02 -9.990747996886638616e-01 -7.335038700000000134e+00 -4.502852967511025012e-02 9.980651294377254068e-01 4.287690422306714155e-02 1.859939999999999927e-01 9.989718210057264569e-01 4.521266553965599955e-02 -3.334023290542442730e-03 6.270896000000000248e-01
-5.266926613840826159e-03 4.414691580454657704e-02 -9.990111657579161530e-01 -7.395220300000000080e+00 -4.282325250744341283e-02 9.980985978279434123e-01 4.433235904592586207e-02 1.875176000000000065e-01 9.990687806796527681e-01 4.301440269071998834e-02 -3.366397545214283582e-03 6.263743999999999978e-01
-5.253669058630490961e-03 4.233952986897965981e-02 -9.990894670508223552e-01 -7.455835300000000387e+00 -4.019320557912264141e-02 9.982869435151600079e-01 4.251687467858164537e-02 1.894860999999999907e-01 9.991781148457450357e-01 4.037997793007831737e-02 -3.542907798633088134e-03 6.258669000000000038e-01
-6.104573971350267872e-03 4.268182750592224017e-02 -9.990700654996041985e-01 -7.515530599999999950e+00 -4.167472171187018570e-02 9.982098134378931675e-01 4.289971942244875935e-02 1.909624000000000044e-01 9.991125821181848776e-01 4.189785146092042667e-02 -4.314892361595989989e-03 6.254631999999999969e-01
-5.811710876799235093e-03 5.439272040085114251e-02 -9.985027070489490564e-01 -7.636495599999999939e+00 -4.729557625956958694e-02 9.973871758586572156e-01 5.460723302793583922e-02 1.940840000000000065e-01 9.988640310287281165e-01 4.754212237676060104e-02 -3.223990842633916998e-03 6.242429999999999923e-01
-4.207515204999073485e-03 5.456656014353102740e-02 -9.985012705699989333e-01 -7.697140199999999766e+00 -5.188281889976206068e-02 9.971533594256838384e-01 5.471152428042384136e-02 1.959194999999999964e-01 9.986443160198801294e-01 5.203526016246413227e-02 -1.364470963589714536e-03 6.230947999999999487e-01
-1.440939511625914399e-03 4.531312591383971494e-02 -9.989717935523707570e-01 -7.817058099999999676e+00 -5.725157883706911283e-02 9.973305570579822366e-01 4.532126078429064842e-02 1.999987000000000015e-01 9.983587433452900672e-01 5.725801758995266444e-02 1.157154994793518910e-03 6.222267999999999688e-01
1.039946373618496310e-03 4.081931828758995906e-02 -9.991660031076302628e-01 -7.936987900000000096e+00 -5.472730883983939476e-02 9.976714518613836180e-01 4.070129983118052353e-02 2.029144999999999976e-01 9.985007962834527850e-01 5.463933926517819395e-02 3.271456246982551441e-03 6.213075999999999599e-01
1.055777972199456287e-03 3.284981487148540269e-02 -9.994597415582994193e-01 -8.055927300000000457e+00 -4.576626048869318619e-02 9.984146259403843260e-01 3.276711933025945600e-02 2.056897000000000031e-01 9.989516178142735514e-01 4.570694007731777864e-02 2.557517353603322441e-03 6.210238000000000147e-01
2.148567928289073312e-03 4.544035347525997304e-02 -9.989647430875131517e-01 -8.236130700000000360e+00 -4.447617716012250422e-02 9.979828540015421856e-01 4.530003073020901633e-02 2.093239000000000072e-01 9.990081347622145058e-01 4.433280269709905658e-02 4.165247164474306096e-03 6.203783000000000492e-01
6.076196212503021110e-03 4.315857450564393460e-02 -9.990497571623888629e-01 -8.414583199999999152e+00 -4.653979965243443262e-02 9.979978114001072376e-01 4.283007691922917359e-02 2.140105999999999953e-01 9.988979561936737195e-01 4.623533158999301729e-02 8.072621932492918262e-03 6.196123000000000047e-01
8.924340856838313199e-03 3.976948232880447159e-02 -9.991690269496797949e-01 -8.530301100000000858e+00 -4.719694820100609617e-02 9.981119665207974778e-01 3.930585666918064852e-02 2.169743000000000088e-01 9.988457359476399233e-01 4.680694994640790391e-02 1.078448959997424517e-02 6.192765000000000075e-01
1.310903641749028639e-02 4.481084123659707930e-02 -9.989094762148738038e-01 -8.695670099999999181e+00 -4.897912351266131559e-02 9.978248957060859015e-01 4.411941714336597292e-02 2.204395000000000104e-01 9.987137721209897734e-01 4.834734756744529099e-02 1.527531862372311089e-02 6.191474999999999618e-01
