1.000000000000000000e+00 0.000000000000000000e+00 0.000000000000000000e+00 0.000000000000000000e+00 0.000000000000000000e+00 1.000000000000000000e+00 0.000000000000000000e+00 0.000000000000000000e+00 0.000000000000000000e+00 0.000000000000000000e+00 1.000000000000000000e+00 0.000000000000000000e+00
9.999996830012611859e-01 9.433963964510452154e-05 7.906310197968355845e-04 -4.622000000000000132e-04 -9.486032877025068490e-05 9.999997786484547957e-01 6.585624946772227015e-04 -1.240100000000000056e-03 -7.905687162410061312e-04 -6.586372854322163854e-04 9.999994705988753951e-01 6.080010000000000275e-02
9.999979825570476377e-01 1.183248371227644570e-03 1.623208281990071167e-03 -7.261999999999999792e-04 -1.188747158021092720e-03 9.999935445476363371e-01 3.390832235416514715e-03 -1.764600000000000066e-03 -1.619185606726667587e-03 -3.392754978838010641e-03 9.999929337008459651e-01 9.003189999999999804e-02
9.999910111960796932e-01 1.129506410050957717e-04 4.238486663262787217e-03 -3.922999999999999946e-04 -1.602444875333613984e-04 9.999377178721581272e-01 1.115951156298782693e-02 -2.838300000000000198e-03 -4.236962207310227511e-03 -1.116009044644981213e-02 9.999287477277972735e-01 1.459721999999999964e-01
9.999784244657873300e-01 -4.592028462882856779e-04 6.552841800891690861e-03 -2.735999999999999825e-04 3.715740948308358417e-04 9.999105807285610936e-01 1.336759064916962121e-02 -3.719300000000000037e-03 -6.558394286226115234e-03 -1.336486736999949361e-02 9.998891777514989920e-01 1.973544000000000131e-01
9.999654677865450481e-01 2.137642567729759237e-04 8.307679536350445065e-03 2.964999999999999971e-04 -2.822272377119114817e-04 9.999660056160191157e-01 8.240628624683424622e-03 -4.540999999999999898e-03 -8.305635570048999772e-03 -8.242688710984094266e-03 9.999315349065611702e-01 2.436261999999999872e-01
9.999200361938387349e-01 -4.974063447529287856e-03 1.162668959473428867e-02 1.132799999999999996e-03 4.924916381876709610e-03 9.999788330216732302e-01 4.251906307079807504e-03 -5.011599999999999736e-03 -1.164759274459199051e-02 -4.194305834415950132e-03 9.999233677546612853e-01 2.854805000000000259e-01
9.998682693380879227e-01 -2.415960231295530020e-03 1.605014352015863427e-02 1.221199999999999977e-03 2.398280557959748312e-03 9.999964961529937968e-01 1.120683764822254279e-03 -5.748900000000000364e-03 -1.605279481031898076e-02 -1.082043389251259894e-03 9.998705601030972723e-01 3.223111000000000170e-01
9.998177283801132909e-01 1.513773782424174437e-03 1.903203892822929316e-02 1.197099999999999987e-03 -1.526487424995487136e-03 9.999986213840481586e-01 6.535029796444018733e-04 -6.392799999999999698e-03 -1.903102343467950874e-02 -6.824360326936678919e-04 9.998186607720871422e-01 3.383867999999999876e-01
9.997404888342316109e-01 2.183566396071460851e-03 2.267569234412826484e-02 1.410999999999999928e-03 -2.224145935593992325e-03 9.999959698577608469e-01 1.764495138401871816e-03 -6.767500000000000078e-03 -2.267174806557250427e-02 -1.814471281175485248e-03 9.997413163081841914e-01 3.534219000000000110e-01
9.994862699143446383e-01 -1.029846918251122595e-02 3.035025181455124413e-02 3.738899999999999862e-03 1.019887052217300499e-02 9.999420915161116863e-01 3.434625810203590160e-03 -7.455100000000000095e-03 -3.038386566554287030e-02 -3.123323051019965928e-03 9.995334239335557092e-01 3.907385999999999915e-01
9.992615430576937685e-01 -9.076734424275369542e-03 3.733606109578140042e-02 4.617600000000000350e-03 9.007118880162015909e-03 9.999573697713647347e-01 2.032350711076796445e-03 -8.082699999999999954e-03 -3.735291655862198190e-02 -1.694559566778305274e-03 9.993006995356499278e-01 4.173209999999999975e-01
9.990704711450328901e-01 -2.700719185115797553e-03 4.302208504855579985e-02 5.176799999999999631e-03 2.728818560821813510e-03 9.999961000966277602e-01 -5.944247618114524350e-04 -8.991000000000000728e-03 -4.302031189222289831e-02 7.112716910489953444e-04 9.990739446393732681e-01 4.385334000000000176e-01
9.987738432540997913e-01 -4.836935578271539700e-03 4.926879423779802897e-02 6.706499999999999788e-03 5.147553160118814065e-03 9.999676569873671150e-01 -6.179617759958280429e-03 -9.482100000000000251e-03 -4.923731032356033072e-02 6.425654317428844756e-03 9.987664382820912179e-01 4.630175999999999736e-01
9.993009247485192814e-01 -5.333296790916680630e-03 3.700294234374247593e-02 8.180899999999999631e-03 6.041392663276452454e-03 9.998002632759368513e-01 -1.905085636015866474e-02 -1.063869999999999920e-02 -3.689394762616819701e-02 1.926108768235289259e-02 9.991335481955604392e-01 5.057806000000000246e-01
9.999374603877045908e-01 -8.246029947526456808e-03 -7.555018430971341230e-03 6.691100000000000173e-03 8.057681626369389213e-03 9.996641531107238743e-01 -2.463036240552244141e-02 -1.143669999999999930e-02 7.755583807547243406e-03 2.456794609900878404e-02 9.996680783861613406e-01 5.336049999999999960e-01
9.960129874550149864e-01 -7.386502162315111523e-03 -8.890201576309852971e-02 2.101700000000000183e-03 5.088803609761675430e-03 9.996478385185647575e-01 -2.604425124634221836e-02 -1.244830000000000068e-02 8.906308381567182297e-02 2.548800759116796530e-02 9.956998185046912475e-01 5.637702999999999465e-01
9.893259919812039671e-01 -5.647682234840398219e-03 -1.456097018600786552e-01 -2.619900000000000093e-03 2.289722698243913755e-03 9.997277883647797125e-01 -2.321866364008351447e-02 -1.298219999999999930e-02 1.457011968391881962e-01 2.263742159876998283e-02 9.890696175613663543e-01 5.822192999999999952e-01
9.838614713929989541e-01 -5.849863429781708771e-03 -1.788361937815053093e-01 -5.681600000000000192e-03 2.280725972711460797e-03 9.997942323958540767e-01 -2.015666532495754421e-02 -1.319120000000000015e-02 1.789173088257271227e-01 1.942349005297062947e-02 9.836723665106800185e-01 5.926120000000000276e-01
9.410359513779047447e-01 3.979487422077481774e-03 -3.382831682099174953e-01 -2.481169999999999903e-02 -5.288773909942308220e-03 9.999816667088909927e-01 -2.948748317179348925e-03 -1.429530000000000037e-02 3.382652318592783147e-01 4.563981372232101853e-03 9.410397457011168143e-01 6.370419000000000498e-01
9.051409095249404180e-01 9.603563055840891663e-03 -4.250031829069002010e-01 -3.843649999999999844e-02 -6.139922164664868461e-03 9.999358463680634301e-01 9.518639818611457012e-03 -1.486200000000000021e-02 4.250673302668359632e-01 -6.006223840075094328e-03 9.051418065778463751e-01 6.608070000000000332e-01
8.588370505218160256e-01 1.917960946548433188e-02 -5.118896983059331163e-01 -5.569349999999999995e-02 -1.053138303785964083e-02 9.997487010029497689e-01 1.978951273337935593e-02 -1.509899999999999957e-02 5.121406160638868332e-01 -1.160506026120524878e-02 8.588232134461877276e-01 6.844926999999999540e-01
8.005496568292348458e-01 2.557017144537622119e-02 -5.987206471158719179e-01 -7.646419999999999606e-02 -1.416533047082598265e-02 9.996175385173632355e-01 2.375121262462392621e-02 -1.492019999999999978e-02 5.990989821083378963e-01 -1.053294928981776332e-02 8.006056873492790604e-01 7.075892999999999766e-01
7.299972879500535861e-01 3.191622756876769107e-02 -6.827044118821448127e-01 -1.019285000000000052e-01 -1.626144579382628880e-02 9.994373393488770185e-01 2.933547504186892821e-02 -1.417120000000000012e-02 6.832565586705048322e-01 -1.031305643426324789e-02 7.301055512052505581e-01 7.313811999999999536e-01
6.510464800516688744e-01 3.280356738145567830e-02 -7.583286931004143971e-01 -1.321560999999999986e-01 -1.206643646738408265e-02 9.993867344587605839e-01 3.287181313577516167e-02 -1.342130000000000059e-02 7.589419489811527475e-01 -1.225075323827208053e-02 6.510430378414198138e-01 7.540537999999999963e-01
5.642512426396421032e-01 3.128614904683198195e-02 -8.250101284574868910e-01 -1.666191999999999951e-01 -2.500114955133001665e-03 9.993418988057622965e-01 3.618727285254637327e-02 -1.251320000000000036e-02 8.255993487187540669e-01 -1.835609351449631749e-02 5.639581271921314531e-01 7.757157000000000080e-01
5.176880552423139825e-01 3.283612660987262483e-02 -8.549391009005793407e-01 -1.857685000000000031e-01 -1.330238307222404714e-03 9.992929282892888398e-01 3.757491100540782253e-02 -1.189630000000000028e-02 8.555684121830799960e-01 -1.831480986193236710e-02 5.173656925369563009e-01 7.854915999999999565e-01
4.682419364119784211e-01 3.228876404175677617e-02 -8.830101498294439244e-01 -2.061796999999999935e-01 -4.428616078713150384e-04 9.993405584238530537e-01 3.630774246215129342e-02 -1.110090000000000035e-02 8.836001883537357715e-01 -1.660975634250498253e-02 4.679474576653724904e-01 7.944944000000000450e-01
4.160723754048441525e-01 3.105761244611930649e-02 -9.088009700336575625e-01 -2.273045999999999955e-01 4.124175109112707474e-03 9.993418405838986329e-01 3.603993393522378352e-02 -1.039490000000000032e-02 9.093221484186116976e-01 -1.874327526161250271e-02 4.156704464209930450e-01 8.026957999999999593e-01
3.624359930472174085e-01 3.016540586156431225e-02 -9.315203697359949464e-01 -2.501648000000000205e-01 9.318537133500564770e-03 9.993088382912632683e-01 3.598625541310761927e-02 -9.850599999999999287e-03 9.319620785254995043e-01 -2.172312137269751323e-02 3.619043937122871091e-01 8.103468000000000337e-01
3.086041550710436066e-01 2.902638927253162887e-02 -9.507475712294440884e-01 -2.740734000000000226e-01 1.133866720350430908e-02 9.993510052316068037e-01 3.419068540736010936e-02 -9.049400000000000846e-03 9.511229731737823601e-01 -2.133159788614890501e-02 3.080747520208174661e-01 8.166908999999999974e-01
2.557737511715330592e-01 3.488900149254949012e-02 -9.661069018418697585e-01 -2.995622000000000007e-01 1.194676404696281419e-02 9.991581804199096695e-01 3.924544978441946164e-02 -8.157799999999999774e-03 9.666628486915431751e-01 -2.157980710822208353e-02 2.551416251510580935e-01 8.216927000000000536e-01
2.046755744588495685e-01 3.985249492436102048e-02 -9.780182451612260408e-01 -3.262206000000000272e-01 1.433403520681617201e-02 9.989416505637171984e-01 4.370485332003748447e-02 -7.293199999999999683e-03 9.787249075478920979e-01 -2.296426391896802185e-02 2.038877091146749088e-01 8.258429999999999938e-01
1.563866877436969616e-01 4.131285085692286418e-02 -9.868315217151449881e-01 -3.536945000000000228e-01 1.949999523778118277e-02 9.988009638021783099e-01 4.490417456725286083e-02 -6.568400000000000280e-03 9.875033944662071628e-01 -2.626562510037511178e-02 1.553935740492656814e-01 8.292087999999999681e-01
1.117759644260201551e-01 4.286716050025796837e-02 -9.928084106852025359e-01 -3.826515999999999806e-01 2.205485000565603898e-02 9.987160459357602438e-01 4.560529773686727156e-02 -5.968900000000000074e-03 9.934886599090403392e-01 -2.699381671949003386e-02 1.106870204272094593e-01 8.316563000000000150e-01
7.141004244951507096e-02 4.106042542887271274e-02 -9.966015489155924945e-01 -4.122789000000000037e-01 2.131413470982227235e-02 9.988613817530058725e-01 4.268076503587264758e-02 -4.974499999999999755e-03 9.972192905770173033e-01 -2.428953490859390996e-02 7.045356623332976742e-02 8.324882999999999589e-01
3.574668829707196988e-02 3.665948706397523238e-02 -9.986882678213450104e-01 -4.435033999999999921e-01 1.859378917414914595e-02 9.991295731109320899e-01 3.734122573395075306e-02 -3.654899999999999989e-03 9.991878928809835303e-01 -1.990422425950843024e-02 3.503393464468307350e-02 8.327265999999999835e-01
7.099174367416789463e-03 3.657831776123067480e-02 -9.993055730821577276e-01 -4.756882000000000055e-01 1.582531303125160257e-02 9.992014954077177435e-01 3.668693285685706296e-02 -2.303400000000000152e-03 9.998495692806813606e-01 -1.607477044125596444e-02 6.514642315354923774e-03 8.320148000000000543e-01
-1.400777775791173067e-02 4.085562751902721557e-02 -9.990668645602813758e-01 -5.094024999999999803e-01 1.501051314186403925e-02 9.990608964013653059e-01 4.064492313830116166e-02 -1.260300000000000005e-03 9.997892111127739678e-01 -1.442716124977427676e-02 -1.460788693720382891e-02 8.310300999999999938e-01
-2.687497400415608112e-02 4.696379018549063505e-02 -9.985349959734457492e-01 -5.437499000000000082e-01 1.628682553893272961e-02 9.987837773191398094e-01 4.653714084444027232e-02 -1.335999999999999948e-04 9.995061155821611809e-01 -1.501228082351632395e-02 -2.760717910862287017e-02 8.296824000000000421e-01
-3.503252887971298329e-02 4.950922189088458047e-02 -9.981590849499146767e-01 -5.796219999999999706e-01 1.610313697698742205e-02 9.986704589812311905e-01 4.896941226640809386e-02 1.085999999999999943e-03 9.992564290009808836e-01 -1.435797012032739503e-02 -3.578320547730917678e-02 8.284190000000000165e-01
-3.825854565058055962e-02 4.293606273838417031e-02 -9.983450196205859717e-01 -6.537969000000000142e-01 2.464919976329636719e-02 9.988130174084958179e-01 4.201158419251835308e-02 3.618999999999999821e-03 9.989638134766102295e-01 -2.300110370963719120e-02 -3.927147301040490035e-02 8.258316999999999464e-01
-3.409101351738624136e-02 4.112940036395029697e-02 -9.985720681167981061e-01 -6.925027000000000266e-01 3.644647136854529956e-02 9.985394026948400947e-01 3.988378104710957328e-02 5.271699999999999824e-03 9.987539524438134864e-01 -3.503474977124645950e-02 -3.554024178768278031e-02 8.251880000000000326e-01
-2.316057266107516069e-02 3.986651011575925718e-02 -9.989365591694004953e-01 -7.725840000000000485e-01 3.488844551198215516e-02 9.986281892607691280e-01 3.904530680523455449e-02 7.607799999999999632e-03 9.991228073884453886e-01 -3.394703204917195322e-02 -2.451968130469850404e-02 8.230077999999999561e-01
-1.788836918250497066e-02 2.302122892341548419e-02 -9.995749242887431718e-01 -8.556470999999999938e-01 3.646498319762787876e-02 9.990848078366800777e-01 2.235736456608654332e-02 9.765199999999999922e-03 9.991748151591831606e-01 -3.604954602765315930e-02 -1.871146661309563974e-02 8.213405000000000289e-01
-1.832852887982518164e-02 1.145841027487050356e-02 -9.997663576371602634e-01 -9.435135000000000050e-01 2.287084866676968031e-02 9.996774902557465925e-01 1.103810478449132604e-02 1.156919999999999997e-02 9.995704023781233349e-01 -2.266319284532593986e-02 -1.858468131802193390e-02 8.182361000000000217e-01
-2.640222645237049609e-02 2.613673925804541748e-02 -9.993096583638698682e-01 -1.036063600000000084e+00 9.058614011235498198e-03 9.996233494830362165e-01 2.590561098509526483e-02 1.231649999999999932e-02 9.996103560640781094e-01 -8.368394665202406532e-03 -2.662904467257920516e-02 8.143977000000000022e-01
-3.222406750411430792e-02 4.556398980727763975e-02 -9.984415517727277534e-01 -1.132597400000000087e+00 5.983833687671975821e-03 9.989512336304015028e-01 4.539412475967839755e-02 1.493459999999999926e-02 9.994627572890789624e-01 -4.511724852123068230e-03 -3.246291932297784566e-02 8.102721999999999980e-01
-3.491714972010474816e-02 5.390501040643676245e-02 -9.979353899469172173e-01 -1.231866700000000092e+00 8.918530060234422518e-03 9.985213374331370906e-01 5.362460733939147794e-02 1.853170000000000164e-02 9.993504152583259081e-01 -7.027698330261986787e-03 -3.534627249357913392e-02 8.068096999999999630e-01
-3.970963430060645005e-02 4.640331400092095882e-02 -9.981331962185430173e-01 -1.330385300000000104e+00 7.392197847355008733e-03 9.989073903331627813e-01 4.614521588177833422e-02 2.215560000000000099e-02 9.991839171817659127e-01 -5.545988417072347104e-03 -4.000926964817075326e-02 8.026183000000000067e-01
-4.969839638777862056e-02 3.692756956266626117e-02 -9.980813714335506903e-01 -1.430220100000000105e+00 8.128005851838650611e-03 9.992981171741891488e-01 3.656786202381729495e-02 2.474739999999999926e-02 9.987311975288223342e-01 -6.295047125709768779e-03 -4.996366143838326668e-02 7.973510999999999793e-01
-6.320034962352173713e-02 3.731801673229753757e-02 -9.973029035526931319e-01 -1.531748700000000074e+00 6.730167042870941613e-03 9.992938599029167479e-01 3.696601698729259922e-02 2.749129999999999976e-02 9.979781664240151562e-01 -4.375749935463895540e-03 -6.340687780881992808e-02 7.908528000000000224e-01
-7.565441962137484100e-02 4.503946946802727530e-02 -9.961163862630668664e-01 -1.636131299999999955e+00 2.741541147197483486e-03 9.989849831126015323e-01 4.496095492372582936e-02 3.064769999999999994e-02 9.971303288657360486e-01 6.706008900394175298e-04 -7.570110666664742194e-02 7.826910999999999730e-01
-8.285755679338334401e-02 4.835101505173591135e-02 -9.953877659614360773e-01 -1.740051999999999932e+00 -5.243537188976757357e-03 9.987873374284315098e-01 4.895262924881779720e-02 3.444730000000000014e-02 9.965476057870892301e-01 9.275448026440619165e-03 -8.250354818993987926e-02 7.730595000000000105e-01
-8.612086724013412464e-02 4.931270074828995875e-02 -9.950635425794258637e-01 -1.844573699999999983e+00 -1.088068199781868153e-02 9.986681727827914079e-01 5.043303907106001793e-02 3.797400000000000081e-02 9.962252792341046437e-01 1.517030703678489897e-02 -8.546961330987834504e-02 7.633972999999999454e-01
-8.843077971529121617e-02 4.761212115924569332e-02 -9.949437587711493780e-01 -1.950165399999999938e+00 -1.237651247185045725e-02 9.987273282747348713e-01 4.889320705623666219e-02 4.183800000000000019e-02 9.960054312793580333e-01 1.663759826198508984e-02 -8.772896435096577683e-02 7.536247000000000362e-01
-8.977489303314620250e-02 4.393624615743933759e-02 -9.949924998986076075e-01 -2.055992600000000170e+00 -1.904596846196629500e-02 9.987680654401720481e-01 4.582142012467484149e-02 4.588919999999999805e-02 9.957799554450940116e-01 2.306420886328140740e-02 -8.882748788116201499e-02 7.428255999999999748e-01
-8.954243026287751761e-02 3.839069615678919467e-02 -9.952428385229478147e-01 -2.163339899999999982e+00 -2.562899221009431669e-02 9.988371446795235586e-01 4.083519519668424996e-02 4.926060000000000161e-02 9.956532066643045686e-01 2.916355357382688709e-02 -8.845439051869552483e-02 7.325625999999999527e-01
-8.597515085931496659e-02 4.610288756963674961e-02 -9.952300222523732254e-01 -2.271867299999999812e+00 -2.642098659302820340e-02 9.984719508058367277e-01 4.853550166051546350e-02 5.203549999999999842e-02 9.959468885950540917e-01 3.046780615220446436e-02 -8.462569282494902811e-02 7.223914000000000168e-01
-8.177005475801306378e-02 4.476181077378281470e-02 -9.956455385533163893e-01 -2.381390099999999954e+00 -2.359187297698196739e-02 9.986240878495363793e-01 4.683326484582779614e-02 5.611619999999999803e-02 9.963719594982133332e-01 2.731870170658851071e-02 -8.060153139213266371e-02 7.128229000000000370e-01
-7.210209414893521684e-02 4.598646326419340846e-02 -9.963365561976482709e-01 -2.490813999999999862e+00 -3.336561428656338590e-02 9.982662197882443689e-01 4.849010427879973245e-02 5.994239999999999985e-02 9.968390159913580462e-01 3.673961929769530704e-02 -7.044271836919735463e-02 7.033540000000000347e-01
-6.029559529721356670e-02 4.462209981289786548e-02 -9.971826860691288541e-01 -2.601287399999999916e+00 -3.857645066717382137e-02 9.981498140149556164e-01 4.699793863386703824e-02 6.390500000000000347e-02 9.974348593475557134e-01 4.130153738297653171e-02 -5.846267499973678561e-02 6.953202000000000549e-01
-5.442473384600801656e-02 4.343161874128203398e-02 -9.975728759540843926e-01 -2.656744199999999889e+00 -3.805806527258594890e-02 9.982374342749703588e-01 4.553689141599259055e-02 6.601049999999999973e-02 9.977923291013509610e-01 4.044402682271180244e-02 -5.267588329458738894e-02 6.918657000000000279e-01
-4.900668748192688051e-02 4.328926636665184069e-02 -9.978599019899970779e-01 -2.712442199999999914e+00 -3.645570667468743531e-02 9.983170919466431981e-01 4.509950529713722261e-02 6.783459999999999490e-02 9.981329200226284337e-01 3.858786525106596560e-02 -4.734607293607018264e-02 6.887891000000000430e-01
-3.769695517271594992e-02 4.549513159362768289e-02 -9.982530403519864759e-01 -2.824653099999999917e+00 -3.455374591644243265e-02 9.983063522249857602e-01 4.680241180093764469e-02 7.137469999999999926e-02 9.986916331950759229e-01 3.625769033627363608e-02 -3.606108259094154000e-02 6.835845000000000393e-01
-3.207943416497146399e-02 4.624771610074795980e-02 -9.984147728570126334e-01 -2.881031999999999815e+00 -3.562176489539409241e-02 9.982413661885320977e-01 4.738422412354195007e-02 7.369199999999999362e-02 9.988503390245170310e-01 3.708535540503021116e-02 -3.037559291750646651e-02 6.813162000000000385e-01
-2.224942296902602396e-02 4.105461503147792013e-02 -9.989091458997474415e-01 -2.994778199999999835e+00 -3.492723358147396817e-02 9.985146370283909389e-01 4.181636036775349119e-02 7.707089999999999774e-02 9.991421578193420139e-01 3.581952295435848754e-02 -2.078245037120629579e-02 6.784797999999999663e-01
-1.802992266493903470e-02 3.568030012327192552e-02 -9.992005995153372400e-01 -3.051112700000000011e+00 -3.464900027979422176e-02 9.987404812266486021e-01 3.628908842576552413e-02 7.864970000000000294e-02 9.992368931681350208e-01 3.527559131007516197e-02 -1.677092690990611423e-02 6.773936999999999875e-01
-1.424960138572568293e-02 3.515585522647615702e-02 -9.992802483305888162e-01 -3.108055400000000024e+00 -3.501607962144752395e-02 9.987511748706963122e-01 3.563656636585754711e-02 8.011409999999999365e-02 9.992851560131835731e-01 3.549868360515316679e-02 -1.300078589966224829e-02 6.763266000000000000e-01
-1.088522850303898747e-02 3.692848296573787020e-02 -9.992586246544412631e-01 -3.165497499999999853e+00 -3.450343423851538055e-02 9.987088738293131707e-01 3.728402285609161426e-02 8.195600000000000107e-02 9.993452980958006382e-01 3.488369935133493749e-02 -9.597014816108306867e-03 6.752770999999999635e-01
-8.682328714477750842e-03 3.653989364407868312e-02 -9.992944777894919861e-01 -3.222622400000000109e+00 -3.477610223279117840e-02 9.987165979500548518e-01 3.682091379315673846e-02 8.320890000000000231e-02 9.993574134820778498e-01 3.507125819739066036e-02 -7.400470719065466163e-03 6.743765000000000454e-01
-7.434877397602243122e-03 3.808781751663188608e-02 -9.992467366746325963e-01 -3.338185300000000133e+00 -3.689574112469633238e-02 9.985834838487741560e-01 3.833705872004668919e-02 8.512390000000000234e-02 9.992914624297267734e-01 3.715298024741307131e-02 -6.019067518587828403e-03 6.734731000000000467e-01
-5.940141095950281051e-03 3.761156349474252536e-02 -9.992747795352593387e-01 -3.396161100000000044e+00 -3.775443743257402007e-02 9.985715009326410208e-01 3.780952233607628304e-02 8.654810000000000281e-02 9.992693916947071875e-01 3.795165103935992795e-02 -4.511652189231218912e-03 6.722852999999999746e-01
-4.767725966208542429e-03 3.435244144743076350e-02 -9.993984083215819991e-01 -3.512924200000000052e+00 -3.635111429468271954e-02 9.987432683661355837e-01 3.450333872053858858e-02 8.887699999999999767e-02 9.993277066501485839e-01 3.649374823076063229e-02 -3.512984688808229450e-03 6.718161000000000271e-01
-4.811344334472248893e-03 3.438880851951880979e-02 -9.993969485716385215e-01 -3.571135299999999901e+00 -3.274020503739719090e-02 9.988672995812881705e-01 3.452820298385405468e-02 8.996250000000000080e-02 9.994523149904670500e-01 3.288658808379043424e-02 -3.679997880809193767e-03 6.717625000000000401e-01
-4.562304832378147844e-03 3.469332867245523283e-02 -9.993875916381198543e-01 -3.629536599999999780e+00 -3.070056326770648908e-02 9.989220338792643705e-01 3.481731818447818261e-02 9.137470000000000314e-02 9.995182143361180938e-01 3.084060920505039827e-02 -3.492282090460374633e-03 6.713831000000000104e-01
-4.609230636426901381e-03 3.751912678691123743e-02 -9.992852796464521958e-01 -3.688343800000000172e+00 -3.048234552434633121e-02 9.988262458327298310e-01 3.764249257195317888e-02 9.248950000000000227e-02 9.995246778365578511e-01 3.063406210157031129e-02 -3.460149546269053467e-03 6.709205999999999781e-01
-3.643146904917991986e-03 4.138212326680708320e-02 -9.991367510779293193e-01 -3.804832699999999956e+00 -3.462354959781054065e-02 9.985390925341710577e-01 4.148361717934294368e-02 9.496640000000000637e-02 9.993937848985640082e-01 3.474479176747369280e-02 -2.205028607014436481e-03 6.694214000000000553e-01
-3.424305616445607117e-03 3.945831594088394789e-02 -9.992153498791712662e-01 -3.863188500000000136e+00 -3.572699482652000325e-02 9.985784577148689722e-01 3.955560173299634691e-02 9.627579999999999472e-02 9.993557204377784275e-01 3.583441210488871181e-02 -2.009710771731509915e-03 6.689867000000000452e-01
-3.588781698005969953e-03 3.736740515385945927e-02 -9.992951504325393586e-01 -3.921071099999999809e+00 -3.543567407119943558e-02 9.986692233559354426e-01 3.747125998378641326e-02 9.731499999999999873e-02 9.993655155392564549e-01 3.554517342368871541e-02 -2.259866641223018391e-03 6.688209000000000515e-01
-3.529901890121516644e-03 3.611791739078581281e-02 -9.993413009757969867e-01 -3.979105899999999973e+00 -3.337088132102266486e-02 9.987866659389275092e-01 3.621574550467537845e-02 9.899460000000000204e-02 9.994368034410701096e-01 3.347673798256882438e-02 -2.320332205115627211e-03 6.684234999999999483e-01
-3.796391756570643896e-03 3.757503343345870717e-02 -9.992865976646064796e-01 -4.037459899999999990e+00 -3.160894195756873415e-02 9.987899480620091586e-01 3.767644408131104461e-02 1.002503000000000005e-01 9.994931026265031493e-01 3.172942660628406963e-02 -2.604090874516296061e-03 6.683533000000000390e-01
-3.447519389444997102e-03 4.035579475819461859e-02 -9.991794255485314524e-01 -4.095530499999999741e+00 -3.074990673381145997e-02 9.987085746367635464e-01 4.044287555140016477e-02 1.015666000000000069e-01 9.995211642811375752e-01 3.086410174358904246e-02 -2.202130250481881824e-03 6.679367999999999972e-01
-2.962069713969650662e-03 4.307466224331880228e-02 -9.990674649970506804e-01 -4.153363699999999881e+00 -3.130084155621309233e-02 9.985783132527307204e-01 4.314637434598777438e-02 1.025453000000000059e-01 9.995056195244137465e-01 3.139945499455801953e-02 -1.609585400747293171e-03 6.675335999999999492e-01
-2.774791975573682144e-03 4.334466900890341506e-02 -9.990563248375944339e-01 -4.211085800000000212e+00 -3.300281102954915474e-02 9.985119682357050941e-01 4.341271419994458675e-02 1.038825000000000026e-01 9.994514070196910405e-01 3.309212834749087478e-02 -1.340167076535503377e-03 6.670593999999999690e-01
-2.405423785962086062e-03 4.128233141424129948e-02 -9.991446256921041602e-01 -4.268581900000000040e+00 -3.236218372135490906e-02 9.986209534785873698e-01 4.133860590661445761e-02 1.052315999999999946e-01 9.994733128008947975e-01 3.243393880677853530e-02 -1.066120200983955435e-03 6.666938000000000031e-01
-2.106368035136861258e-03 3.994572382399431965e-02 -9.991996308855791709e-01 -4.326098400000000233e+00 -3.106354914719521021e-02 9.987170283502645463e-01 3.999191415269591487e-02 1.066403999999999963e-01 9.995151920446633254e-01 3.112292453150868055e-02 -8.628096694369702391e-04 6.663634000000000501e-01
-1.690542851737855548e-03 4.091904014363646758e-02 -9.991610351783091204e-01 -4.383268400000000398e+00 -2.897519753096054751e-02 9.987409398494834223e-01 4.095086075544967369e-02 1.080451000000000050e-01 9.995787012501360369e-01 2.902011754445315422e-02 -5.027770856613766881e-04 6.657893999999999757e-01
-1.620964195520642774e-03 4.354428261185996213e-02 -9.990501828871737322e-01 -4.440770099999999942e+00 -2.657239344062563985e-02 9.986968454294945507e-01 4.357199600675869255e-02 1.096179000000000042e-01 9.996455773832609859e-01 2.661778317206130173e-02 -4.617760189684627647e-04 6.657035000000000036e-01
-1.507255618788665586e-03 4.634095766727172605e-02 -9.989245436082646590e-01 -4.498479399999999906e+00 -2.531577947887216073e-02 9.986037579301147993e-01 4.636427457892553644e-02 1.108621000000000051e-01 9.996783680213735535e-01 2.535843627538999362e-02 -3.319936599391892784e-04 6.656653999999999627e-01
-7.661875366273068148e-04 4.964331074321172432e-02 -9.987667168338718593e-01 -4.613431900000000141e+00 -2.816011742760851297e-02 9.983698528899971336e-01 4.964518734851189330e-02 1.144601999999999981e-01 9.996031316193052518e-01 2.816342555262880964e-02 6.330229217953453613e-04 6.648914999999999687e-01
-4.629423804779454147e-04 4.891266109253928490e-02 -9.988029521728488680e-01 -4.670972299999999855e+00 -3.049714306126129898e-02 9.983377792375932591e-01 4.890401631820592843e-02 1.161656999999999967e-01 9.995347467444305467e-01 3.048327626415479885e-02 1.029523554804789853e-03 6.646085000000000464e-01
5.839402083776621538e-05 4.341692454252039923e-02 -9.990570390390164368e-01 -4.784907300000000419e+00 -3.364970841850928318e-02 9.984913482682382657e-01 4.339037401112194603e-02 1.192488000000000020e-01 9.994336865012541926e-01 3.361544431871800465e-02 1.519272775881375104e-03 6.634615999999999847e-01
4.116554736355523565e-04 4.198771627109786769e-02 -9.991180421862617678e-01 -4.842023799999999767e+00 -3.402093293740052898e-02 9.985403457862104259e-01 4.194942144087506625e-02 1.204496000000000039e-01 9.994210357311075210e-01 3.397365920081375085e-02 1.839515878442443686e-03 6.629443000000000419e-01
2.642131982508167092e-04 4.450040955194681930e-02 -9.990093311581704771e-01 -4.956032300000000390e+00 -3.291408003745233818e-02 9.984684746068656080e-01 4.446761238842272118e-02 1.236190000000000067e-01 9.994581499626056242e-01 3.286972415381401308e-02 1.728498590720661809e-03 6.628739000000000159e-01
3.126343401816293957e-04 4.652356333063066562e-02 -9.989171438686946791e-01 -5.013514999999999944e+00 -3.169365226933643087e-02 9.984158276017334188e-01 4.649029576348179260e-02 1.251933000000000074e-01 9.994975811204348526e-01 3.164479814071223529e-02 1.786640712020615140e-03 6.628256000000000148e-01
-1.385412874717294185e-04 4.552632387214960996e-02 -9.989631297705637847e-01 -5.071074000000000304e+00 -3.500814112744365936e-02 9.983505812666668700e-01 4.550326295233636520e-02 1.271130000000000038e-01 9.993870175568188019e-01 3.497814630875427377e-02 1.455479196253106622e-03 6.623356000000000243e-01
-5.756663813132746436e-04 4.692199973449083517e-02 -9.988983905028248067e-01 -5.128408000000000300e+00 -3.925763754923429494e-02 9.981274662557202415e-01 4.690841075957593448e-02 1.288236000000000103e-01 9.992289559967075796e-01 3.924139455794851267e-02 1.267458432073098606e-03 6.618547000000000180e-01
-1.167164148382047149e-03 4.588412024184842369e-02 -9.989460872527013979e-01 -5.185935999999999879e+00 -4.192215674337628623e-02 9.980663272385396079e-01 4.589269230014988293e-02 1.305819000000000007e-01 9.991201982253357095e-01 4.193153875311567830e-02 7.586540459505464185e-04 6.616946000000000216e-01
-1.837722616595350916e-03 3.795349965299176648e-02 -9.992778165453664041e-01 -5.302914099999999742e+00 -4.250860826238222340e-02 9.983732878405651157e-01 3.799732030045829823e-02 1.339449000000000056e-01 9.990944104533765469e-01 4.254773778370178616e-02 -2.213827219337272112e-04 6.606838000000000433e-01
-2.558256017267862559e-03 3.735392891177212460e-02 -9.992988238364959308e-01 -5.361882200000000154e+00 -3.955562841421077225e-02 9.985162248555090603e-01 3.742593968171277485e-02 1.351124999999999965e-01 9.992140949700953900e-01 3.962363808582695934e-02 -1.076902008731339677e-03 6.604214999999999947e-01
-2.978754938759994343e-03 3.615868409855961529e-02 -9.993416215605530617e-01 -5.421593699999999849e+00 -3.516760894726102260e-02 9.987240946482217607e-01 3.624116513058344563e-02 1.369567999999999897e-01 9.993769890786696752e-01 3.525240890138237743e-02 -1.703339866966357974e-03 6.602706999999999882e-01
-4.508302951301689822e-03 4.234299608047534941e-02 -9.990929615843703315e-01 -5.541773799999999639e+00 -3.331298526150491129e-02 9.985422105076653398e-01 4.246997583507965135e-02 1.395695000000000130e-01 9.994348003834298000e-01 3.347423662153241330e-02 -3.091159190274139767e-03 6.594221999999999584e-01
-5.635127093667094238e-03 3.811261122148677793e-02 -9.992575614967934561e-01 -5.662255299999999991e+00 -3.182819194630673310e-02 9.987602982636950566e-01 3.827313430650700760e-02 1.427236000000000060e-01 9.994774692508417990e-01 3.202023544720850740e-02 -4.415085711292343618e-03 6.581789999999999585e-01
-6.956823204357514417e-03 3.308237793593898218e-02 -9.994284160864185251e-01 -5.784706599999999810e+00 -3.093918022082823779e-02 9.989669887494299072e-01 3.328246559615868905e-02 1.456147999999999887e-01 9.994970583939538633e-01 3.115303611207219034e-02 -5.926095074625603587e-03 6.565982000000000207e-01
-7.657819009678346403e-03 3.407880670079767305e-02 -9.993898102051391730e-01 -5.846543800000000068e+00 -3.337791438951254186e-02 9.988534967571253143e-01 3.431627670756190462e-02 1.471683000000000019e-01 9.994134643074511493e-01 3.362033536289088520e-02 -6.511559802794386620e-03 6.558389999999999498e-01
-8.061947878397771050e-03 4.218911167957146990e-02 -9.990771160686719998e-01 -5.970992599999999761e+00 -4.313986397935609673e-02 9.981647223801743962e-01 4.249869564530181498e-02 1.500858999999999943e-01 9.990365144138870779e-01 4.344267316128218315e-02 -6.227119426617799824e-03 6.533493000000000217e-01
-7.597006804707567840e-03 3.999633952633242090e-02 -9.991709454903616727e-01 -6.096292000000000044e+00 -5.412814896808575832e-02 9.977184178280525950e-01 4.034974864824236035e-02 1.536095000000000099e-01 9.985050971211402171e-01 5.438981109713434542e-02 -5.414745785362273800e-03 6.506273999999999669e-01
-8.222703680011414842e-03 3.888355380214869594e-02 -9.992099160776508615e-01 -6.158915999999999613e+00 -5.640792381888952434e-02 9.976345631396541513e-01 3.928644244002940655e-02 1.550490999999999953e-01 9.983739446092496639e-01 5.668639760001331629e-02 -6.009912852955712204e-03 6.497285000000000421e-01
-9.442622709151813135e-03 3.705393397661474464e-02 -9.992686539931234790e-01 -6.283886899999999720e+00 -5.429301468176918333e-02 9.978201358466308735e-01 3.751326506418981022e-02 1.578709000000000084e-01 9.984803981216343605e-01 5.460753131086995560e-02 -7.410269292984716927e-03 6.484261999999999526e-01
-9.713497836963881638e-03 3.767684969386822513e-02 -9.992427647758659326e-01 -6.345887199999999950e+00 -5.406435824700729642e-02 9.978084739862205232e-01 3.814832117707285530e-02 1.594040999999999930e-01 9.984902068258407759e-01 5.439397244580977675e-02 -7.655235754301492612e-03 6.472556999999999894e-01
-1.111855423842782360e-02 4.704738850890383128e-02 -9.988307769518012247e-01 -6.470525300000000257e+00 -5.321162600278921129e-02 9.974493349118380703e-01 4.757464810244324549e-02 1.623554000000000108e-01 9.985213571124986753e-01 5.367837104853577512e-02 -8.586726488557294701e-03 6.453693999999999820e-01
-1.028319700651660409e-02 4.426747823686680294e-02 -9.989667893528160203e-01 -6.594698000000000171e+00 -5.344429464841327082e-02 9.975673624330571032e-01 4.475561169157889901e-02 1.660434000000000077e-01 9.985178832794425752e-01 5.384930620632296522e-02 -7.892337564936902083e-03 6.432980000000000365e-01
-9.204335052009909521e-03 4.366120267248017189e-02 -9.990039937845307527e-01 -6.656052599999999764e+00 -5.271024312578819621e-02 9.976361864806296831e-01 4.408706946494256318e-02 1.676858999999999988e-01 9.985674291132624614e-01 5.306353555483259155e-02 -6.881185112346366317e-03 6.424769000000000174e-01
-7.238411487663574603e-03 4.534313647897209726e-02 -9.989452464341499471e-01 -6.779476599999999742e+00 -5.276661296999959200e-02 9.975623294240646421e-01 4.566271421749111548e-02 1.708465999999999874e-01 9.985806376827108810e-01 5.304148271196143516e-02 -4.828162891531762035e-03 6.406583999999999612e-01
-4.963196726319642031e-03 4.982913596748754503e-02 -9.987454249642345738e-01 -6.902308900000000413e+00 -5.557452652913318081e-02 9.972004054342671342e-01 5.002822606085353951e-02 1.747896999999999923e-01 9.984422059785525994e-01 5.575310404333405634e-02 -2.180071148987106078e-03 6.391928000000000054e-01
-4.205798616132080427e-03 4.421300847549932550e-02 -9.990132737554321407e-01 -7.025439300000000387e+00 -5.668278722294422395e-02 9.974053512562425228e-01 4.438047902005698431e-02 1.782970999999999862e-01 9.983833797147462219e-01 5.681351218642191614e-02 -1.688769494133324223e-03 6.384083999999999870e-01
-4.014555488695545349e-03 4.219295341145818529e-02 -9.991014152860793196e-01 -7.086403400000000019e+00 -5.368814575241358938e-02 9.976593848983322799e-01 4.234778305825216693e-02 1.802855999999999903e-01 9.985496814630185902e-01 5.380990993023231084e-02 -1.739897527013090084e-03 6.380010000000000403e-01
-4.287094616421945580e-03 4.214351867670938084e-02 -9.991023694563514468e-01 -7.146800500000000334e+00 -5.196629922952544084e-02 9.977521764948666938e-01 4.230955027111250877e-02 1.812284000000000117e-01 9.986396369883068225e-01 5.210103773728715082e-02 -2.087415282235438596e-03 6.376264999999999850e-01
-4.497482806315374407e-03 4.094061096246081471e-02 -9.991514595007240374e-01 -7.268204199999999560e+00 -4.755135841124507462e-02 9.980225288644699599e-01 4.110839564144513208e-02 1.842586999999999975e-01 9.988586691627858727e-01 4.769589346043017625e-02 -2.541807498432024914e-03 6.365788999999999476e-01
-4.044851453294273994e-03 4.110390714549282815e-02 -9.991466899280083691e-01 -7.328999999999999737e+00 -4.704019517231981112e-02 9.980409572199309132e-01 4.124885149521177047e-02 1.859747999999999957e-01 9.988848077805925207e-01 4.716690077690793154e-02 -2.103391601789406096e-03 6.355317999999999801e-01
-4.276311403620400645e-03 4.482520063961995677e-02 -9.989856928647159462e-01 -7.449482899999999574e+00 -4.209082385826875411e-02 9.981014219310185842e-01 4.496569899613558213e-02 1.896825000000000039e-01 9.991046370164192725e-01 4.224041816668828303e-02 -2.381462868039530001e-03 6.343315000000000481e-01
-4.807133256231417053e-03 4.339007173245092164e-02 -9.990466421268374697e-01 -7.569803699999999580e+00 -4.090182974882379530e-02 9.982135928295770011e-01 4.355069934531177051e-02 1.932300000000000129e-01 9.991516060103465824e-01 4.107218968256099584e-02 -3.023812432123351712e-03 6.330124999999999780e-01
-4.476650655022769085e-03 4.835851747426374303e-02 -9.988200105056989075e-01 -7.630036399999999830e+00 -4.149175343491032231e-02 9.979608732379007252e-01 4.850288530740498594e-02 1.946539999999999937e-01 9.991288175184468434e-01 4.165992407503887884e-02 -2.461042513347555527e-03 6.321752999999999956e-01
-4.351660410059329624e-03 5.538917670017078770e-02 -9.984553581188061466e-01 -7.689808799999999778e+00 -4.657435668744554919e-02 9.973700571088859324e-01 5.553195910255880746e-02 1.964164999999999939e-01 9.989053470428651549e-01 4.674407221343606506e-02 -1.760500519441654532e-03 6.314727999999999453e-01
-2.873026456535094763e-03 5.508633333119542647e-02 -9.984774617381728667e-01 -7.750122099999999570e+00 -5.107807493484906730e-02 9.971701331672079283e-01 5.516118001133284154e-02 1.988261000000000056e-01 9.986905306349560529e-01 5.115878614096654176e-02 -5.119231247918687444e-05 6.305239000000000260e-01
7.625793766881210078e-04 4.548010049658279125e-02 -9.989649538054453659e-01 -7.869391000000000247e+00 -5.668211389654752991e-02 9.973611493901940461e-01 4.536381433796974477e-02 2.032156999999999991e-01 9.983919853629202867e-01 5.658885178099751917e-02 3.338475280008634805e-03 6.285435999999999801e-01
1.832818719952887618e-03 4.392796156980726535e-02 -9.990330199587307280e-01 -7.928931200000000068e+00 -5.956210753862566792e-02 9.972658029162423388e-01 4.374098397818341338e-02 2.048132000000000008e-01 9.982229190522011741e-01 5.942434287515548780e-02 4.444249403327216186e-03 6.279812000000000172e-01
2.763086167849937175e-03 4.104949341254643391e-02 -9.991532937669784786e-01 -7.988141500000000228e+00 -5.401770868799321557e-02 9.977044320293552149e-01 4.084058590520885101e-02 2.059042000000000094e-01 9.985361548301232570e-01 5.385912549935199800e-02 4.974142892691491014e-03 6.283959999999999546e-01
3.092931265579949678e-03 3.345463795551817388e-02 -9.994354511300123090e-01 -8.106512999999999636e+00 -4.491965579627558991e-02 9.984360377804657460e-01 3.328217217052576588e-02 2.083184999999999898e-01 9.989858148639199076e-01 4.479135698446295305e-02 4.590864859683851940e-03 6.281925999999999899e-01
2.569654454727805532e-03 4.266248559265876927e-02 -9.990862371182174240e-01 -8.226181000000000409e+00 -4.245759160486541062e-02 9.981932751852867769e-01 4.251515365119645784e-02 2.107700000000000129e-01 9.990949653516913997e-01 4.230954617963379738e-02 4.376358186400808314e-03 6.283134999999999692e-01
