1.000000000000000000e+00 0.000000000000000000e+00 0.000000000000000000e+00 0.000000000000000000e+00 0.000000000000000000e+00 1.000000000000000000e+00 0.000000000000000000e+00 0.000000000000000000e+00 0.000000000000000000e+00 0.000000000000000000e+00 1.000000000000000000e+00 0.000000000000000000e+00
9.999995987846893586e-01 1.432325015798604367e-04 8.842595269022732012e-04 -5.483000000000000460e-04 -1.439674486394606774e-04 9.999996442427905308e-01 8.311363703655344709e-04 -1.355000000000000085e-03 -8.841401665790899877e-04 -8.312633414889206368e-04 9.999992636484403841e-01 5.948910000000000309e-02
9.999981079824791230e-01 1.185478325811226098e-03 1.542294589530706196e-03 -6.738000000000000066e-04 -1.190916771668587516e-03 9.999930601103171890e-01 3.530077682774268501e-03 -1.835199999999999939e-03 -1.538099055595037708e-03 -3.531907748298969158e-03 9.999925799119474545e-01 8.820550000000000612e-02
9.999914186232915503e-01 2.585192241690809989e-04 4.134712515711162599e-03 -3.824000000000000250e-04 -3.050706289578495115e-04 9.999365349626934130e-01 1.126201486029459152e-02 -2.800299999999999925e-03 -4.131538658682837144e-03 -1.126317959605030623e-02 9.999280329972247694e-01 1.430032999999999999e-01
9.999864576346589873e-01 -6.781852482144576540e-04 5.159904268048168610e-03 -2.843000000000000258e-04 6.081807808765184436e-04 9.999079214332802223e-01 1.355650290874508071e-02 -3.306200000000000024e-03 -5.168622971748842304e-03 -1.355318116702295544e-02 9.998947927741347330e-01 1.686014999999999875e-01
9.999786680525983851e-01 -3.541196852173073895e-04 6.522119210779993986e-03 -3.392000000000000050e-04 2.658628226894160589e-04 9.999084593812749278e-01 1.352782963836716805e-02 -3.728799999999999996e-03 -6.526312642725252619e-03 -1.352580707439357023e-02 9.998872235338721604e-01 1.931838999999999917e-01
9.999701968742891189e-01 6.803804447525334817e-04 7.690412579694734692e-03 -2.886000000000000219e-04 -7.651866912013989075e-04 9.999388752437613492e-01 1.102997124062195244e-02 -4.101600000000000384e-03 -7.682437928362124448e-03 -1.103552711435831085e-02 9.999095945578205802e-01 2.165398000000000045e-01
9.999186914196971365e-01 -4.800953284471200233e-03 1.181361067078797074e-02 9.778000000000000233e-04 4.750831345818697093e-03 9.999796103504210443e-01 4.267140136421279650e-03 -4.895400000000000272e-03 -1.183385613585938127e-02 -4.210668709432756340e-03 9.999211119473252474e-01 2.793333000000000066e-01
9.998702457404885502e-01 -2.224473376079520205e-03 1.595441634952714238e-02 1.252899999999999934e-03 2.203382204766398539e-03 9.999966755240973226e-01 1.339420625814406827e-03 -5.763700000000000073e-03 -1.595734281497594026e-02 -1.304093153210947927e-03 9.998718230610026403e-01 3.150953000000000226e-01
9.998162341085188309e-01 1.575006081178048764e-03 1.910542773412260767e-02 1.166300000000000106e-03 -1.592048278355347657e-03 9.999983482733283413e-01 8.768311664532049601e-04 -6.354300000000000226e-03 -1.910401516275871472e-02 -9.070867981235755662e-04 9.998170901710980996e-01 3.308969999999999967e-01
9.997413071734764234e-01 2.295068091288556510e-03 2.262855261666145770e-02 1.441800000000000026e-03 -2.334630889856699476e-03 9.999957919358617442e-01 1.722094415768958076e-03 -6.538099999999999815e-03 -2.262450507031687694e-02 -1.774478240228607962e-03 9.997424583347944704e-01 3.456743999999999928e-01
9.995898373035267959e-01 -6.634615877984685779e-03 2.785927191547637322e-02 3.141699999999999875e-03 6.585222638602928301e-03 9.999765792847504775e-01 1.864329576321842319e-03 -6.837300000000000148e-03 -2.787098854201064402e-02 -1.680105389762913664e-03 9.996101166172591812e-01 3.713629999999999987e-01
9.991853387048413859e-01 -6.907120085541842806e-03 3.976116961830229724e-02 4.834299999999999708e-03 6.854873222050480476e-03 9.999754535127286514e-01 1.450201752284046609e-03 -8.160099999999999992e-03 -3.977021033890965063e-02 -1.176462552152382057e-03 9.992081596471589222e-01 4.154259000000000146e-01
9.989115652316757910e-01 -4.472807376281814386e-03 4.642928860728228607e-02 5.928199999999999789e-03 4.664286142879684773e-03 9.999810555996996309e-01 -4.016575218744585472e-03 -8.821700000000000028e-03 -4.641044366498745660e-02 4.228762926101622098e-03 9.989135039045843323e-01 4.412983999999999796e-01
9.986396788244363831e-01 -5.592606822523322856e-03 5.184124445222385719e-02 7.617399999999999866e-03 6.353406304749178828e-03 9.998743591198473446e-01 -1.452240348570143363e-02 -9.804000000000000214e-03 -5.175351297982910131e-02 1.483201684206855719e-02 9.985497409596796325e-01 4.734428999999999998e-01
9.999380363361854984e-01 -7.972050693590696652e-03 -7.769806681774943553e-03 6.692599999999999938e-03 7.775678511935123910e-03 9.996575993909120328e-01 -2.498445123827774950e-02 -1.096279999999999998e-02 7.966323607057703565e-03 2.492248759128326552e-02 9.996576450467679065e-01 5.218650999999999707e-01
9.990191299434006966e-01 -8.566552854894453686e-03 -4.344412709808774531e-02 5.056500000000000231e-03 7.358809148657343389e-03 9.995840770226899208e-01 -2.788406158741502452e-02 -1.151439999999999929e-02 4.366492797479619437e-02 2.753701390640271932e-02 9.986666545600060285e-01 5.352723999999999815e-01
9.960217709591691060e-01 -7.064930309033226608e-03 -8.882971650910954919e-02 2.055899999999999828e-03 4.735502796954740856e-03 9.996400587525553494e-01 -2.640696783895699062e-02 -1.198280000000000005e-02 8.898430641759420834e-02 2.588126150163818501e-02 9.956967176376868567e-01 5.512730000000000130e-01
9.838852894571519236e-01 -5.290145828149715908e-03 -1.787225546676555754e-01 -5.570699999999999610e-03 1.723874854068741533e-03 9.997964152532662352e-01 -2.010363902893571447e-02 -1.292240000000000055e-02 1.787925206637674957e-01 1.947157938728001636e-02 9.836941049690502981e-01 5.793009000000000075e-01
9.669158792832440730e-01 -3.010357459834178944e-03 -2.550776747147326939e-01 -1.334759999999999940e-02 6.860435119359535941e-05 9.999333994055781272e-01 -1.154088586926769848e-02 -1.341479999999999929e-02 2.550954285818425871e-01 1.114156636961276779e-02 9.668516886345482897e-01 6.003739999999999633e-01
9.410860184937925865e-01 4.386243156650058983e-03 -3.381388275050229986e-01 -2.422169999999999879e-02 -5.728585886740317906e-03 9.999791751162038222e-01 -2.971975379228608549e-03 -1.389199999999999983e-02 3.381187499965643273e-01 4.733941791704024578e-03 9.410915474574582662e-01 6.225298999999999694e-01
9.051587693476182972e-01 1.007981303554197905e-02 -4.249541147491971427e-01 -3.737650000000000000e-02 -6.707674265709438234e-03 9.999330319696080327e-01 9.430730725239075407e-03 -1.441500000000000073e-02 4.250207164116243663e-01 -5.685854837695647826e-03 9.051657647501446524e-01 6.455859000000000458e-01
8.588725285168821166e-01 1.940087470775918657e-02 -5.118218301514612101e-01 -5.430390000000000217e-02 -1.074460275911841983e-02 9.997449218688932993e-01 1.986566658607451588e-02 -1.469379999999999992e-02 5.120766869039892200e-01 -1.156275304303272869e-02 8.588619036093635417e-01 6.686925999999999704e-01
8.006357881286915168e-01 2.594280421000629347e-02 -5.985894299745615488e-01 -7.457519999999999427e-02 -1.442779237497108027e-02 9.996072380713352246e-01 2.402516186379847346e-02 -1.460720000000000074e-02 5.989776069059125074e-01 -1.059908039021640984e-02 8.006956262651544476e-01 6.912336000000000036e-01
7.301523198215884580e-01 3.211939559143889983e-02 -6.825290721178063347e-01 -9.935700000000000087e-02 -1.633604587784049517e-02 9.994296063398893093e-01 2.955665029009615918e-02 -1.374629999999999949e-02 6.830891036052544329e-01 -1.043103054039275050e-02 7.302605494873972702e-01 7.143623000000000056e-01
6.510711313390973309e-01 3.280267739903797164e-02 -7.583075670809849012e-01 -1.286551999999999973e-01 -1.203821229391461786e-02 9.993862994690694279e-01 3.289537776475727482e-02 -1.288820000000000070e-02 7.589212497891955067e-01 -1.228856334052470453e-02 6.510664542344593020e-01 7.365395000000000136e-01
5.642985687294752584e-01 3.141925904505868394e-02 -8.249726998458343230e-01 -1.622341999999999951e-01 -2.325667561304051861e-03 9.993320797798411759e-01 3.646896753805053265e-02 -1.213119999999999997e-02 8.255675118367121756e-01 -1.866077393777073462e-02 5.639947330567756101e-01 7.576015000000000388e-01
4.681041847365524644e-01 3.250630795039784193e-02 -8.830752018800898107e-01 -2.006831000000000031e-01 -3.504602977770637784e-04 9.993299373144253206e-01 3.659991208632050463e-02 -1.079349999999999928e-02 8.836732141519891837e-01 -1.682308921038611418e-02 4.678019177597630973e-01 7.760219999999999896e-01
4.159547943669744119e-01 3.136356318116102770e-02 -9.088442858640358724e-01 -2.214436999999999933e-01 4.249657213881744347e-03 9.993271341974374611e-01 3.643102071451383150e-02 -1.017000000000000022e-02 9.093753622441574924e-01 -1.901593440560188364e-02 4.155416282179070775e-01 7.840388000000000357e-01
3.620398711422496141e-01 3.050381252134252985e-02 -9.316633775806401063e-01 -2.435470999999999886e-01 9.372288851375818255e-03 9.992948002829650234e-01 3.636017504241971510e-02 -9.593400000000000191e-03 9.321154927931355472e-01 -2.189565137400144995e-02 3.614986701855464890e-01 7.916147999999999518e-01
3.082495333938957693e-01 2.930130073057935977e-02 -9.508541733294025855e-01 -2.670358999999999927e-01 1.139610148523672109e-02 9.993400722004182057e-01 3.448983858183687912e-02 -8.762000000000000691e-03 9.512372753595096375e-01 -2.146750730660474185e-02 3.077121903608258657e-01 7.978079000000000143e-01
2.553056698848719663e-01 3.505680154028317785e-02 -9.662246299853891607e-01 -2.920588000000000073e-01 1.205238601291672672e-02 9.991494095818781451e-01 3.943599020666444660e-02 -7.851900000000000199e-03 9.667852682555897470e-01 -2.171354411305725929e-02 2.546659912238340429e-01 8.027733999999999703e-01
2.042795662172695037e-01 4.026408277526691282e-02 -9.780841796411752220e-01 -3.180780000000000274e-01 1.455395694462701534e-02 9.989183897046618466e-01 4.416144299158819564e-02 -7.107900000000000329e-03 9.788043937188564136e-01 -2.325627545656881734e-02 2.034726136081955739e-01 8.067725999999999509e-01
1.559392776223054167e-01 4.161738568843993680e-02 -9.868895251764977505e-01 -3.449334000000000011e-01 1.957787742081213561e-02 9.987855280623294529e-01 4.521256074311021111e-02 -6.311999999999999902e-03 9.875726041209977879e-01 -2.637161621352417107e-02 1.549351136700696241e-01 8.100722000000000200e-01
7.127139676486622666e-02 4.123149048651389426e-02 -9.966044110856855376e-01 -4.018418999999999741e-01 2.130248002983265235e-02 9.988544700588998237e-01 4.284801031475245908e-02 -4.724100000000000174e-03 9.972294582230130100e-01 -2.428398310852374758e-02 7.031142024323888684e-02 8.130214000000000052e-01
3.549370611418136562e-02 3.678738202292393400e-02 -9.986925880120367527e-01 -4.320877000000000190e-01 1.856337431120619330e-02 9.991255771931150109e-01 3.746307692524505212e-02 -3.415300000000000020e-03 9.991974769586151606e-01 -1.986880777561229189e-02 3.477977166563339662e-02 8.131428000000000544e-01
6.892490670701858883e-03 3.675646151773049458e-02 -9.993004833927831010e-01 -4.633664000000000116e-01 1.589244949158137576e-02 9.991939807948931884e-01 3.686215935633839480e-02 -2.150599999999999908e-03 9.998499505533376963e-01 -1.613540454869814844e-02 6.302784982690434745e-03 8.124850000000000128e-01
-1.426504377243103042e-02 4.106934672401278685e-02 -9.990544616215043527e-01 -4.960582000000000047e-01 1.492083521255688737e-02 9.990536193543475552e-01 4.085626428760113366e-02 -1.103100000000000087e-03 9.997869158989484140e-01 -1.432391059178357400e-02 -1.486433256585173446e-02 8.115436000000000316e-01
-2.697644686918856949e-02 4.718652909096989617e-02 -9.985217587947998741e-01 -5.292537999999999965e-01 1.628176582607292894e-02 9.987735188335115089e-01 4.675855192914137037e-02 -8.689999999999999808e-05 9.995034644341651564e-01 -1.499631785713873011e-02 -2.771164078196908243e-02 8.100429999999999575e-01
-3.509174175166221432e-02 4.975372145983597560e-02 -9.981448476357184241e-01 -5.639853000000000227e-01 1.607470915854651225e-02 9.986588835184784241e-01 4.921420623249281312e-02 1.077300000000000002e-03 9.992548090383666093e-01 -1.431787590822220305e-02 -3.584445624045595746e-02 8.087767000000000150e-01
-3.901351598164461837e-02 4.696411452075199139e-02 -9.981344185619651643e-01 -5.994308000000000414e-01 1.702483767168596479e-02 9.987811417111222001e-01 4.632910386010154896e-02 2.333000000000000004e-03 9.990936394918161767e-01 -1.518561521667877168e-02 -3.976552046042236555e-02 8.073867999999999601e-01
-3.832396695824325655e-02 4.306467948805755425e-02 -9.983369706352531736e-01 -6.355285999999999991e-01 2.457914102814929419e-02 9.988092704152455870e-01 4.214151348591031049e-02 3.661000000000000192e-03 9.989630320401761132e-01 -2.292323522445483680e-02 -3.933682630744994579e-02 8.061682999999999488e-01
-2.863500768559015461e-02 4.131241229513977348e-02 -9.987358614394513667e-01 -7.113757000000000552e-01 3.681214609518972808e-02 9.985113872275062086e-01 4.024767666421962681e-02 6.614799999999999673e-03 9.989118590920386120e-01 -3.561311791120717191e-02 -3.011317980436234443e-02 8.047923000000000160e-01
-2.037733673274462476e-02 3.363219956071288735e-02 -9.992265205149374330e-01 -7.906836999999999893e-01 3.860191610988644023e-02 9.987152892491366618e-01 3.282777928307737542e-02 8.840699999999999947e-03 9.990468738854677566e-01 -3.790311560705186128e-02 -2.164942509520373370e-02 8.030933000000000099e-01
-1.814912312380070544e-02 2.291881898146378577e-02 -9.995725771880357158e-01 -8.313323000000000240e-01 3.638379698897527270e-02 9.990902281298550403e-01 2.224714300981664103e-02 9.809699999999999323e-03 9.991730724186385082e-01 -3.596447958651834143e-02 -1.896648521916355357e-02 8.020599000000000478e-01
-1.867808169584508557e-02 1.147527368916157961e-02 -9.997596948056677313e-01 -9.161816000000000404e-01 2.289128007774118498e-02 9.996769281591881828e-01 1.104665572070216359e-02 1.142340000000000022e-02 9.995634639984423142e-01 -2.267944884621644550e-02 -1.893473103759613085e-02 7.990363999999999800e-01
-2.693269183658546229e-02 2.621293405109926741e-02 -9.992935065329245914e-01 -1.005841100000000043e+00 9.058853882154587617e-03 9.996214846652790031e-01 2.597738558680093984e-02 1.211910000000000071e-02 9.995962021120213814e-01 -8.352812940338183445e-03 -2.715995653911140728e-02 7.956239999999999979e-01
-3.296680304921865978e-02 4.540953278294185269e-02 -9.984243407635599032e-01 -1.099202299999999966e+00 6.066134312586426297e-03 9.989580229975152381e-01 4.523350863461202132e-02 1.492500000000000077e-02 9.994380380549942045e-01 -4.565371981644934102e-03 -3.320791272352907608e-02 7.917313999999999741e-01
-3.545635369379995794e-02 5.395563943428032666e-02 -9.979136415321605558e-01 -1.195403200000000110e+00 8.878731282649772460e-03 9.985190969023171048e-01 5.367290985396218350e-02 1.825049999999999936e-02 9.993317843006646051e-01 -6.957161390897002168e-03 -3.588290389350279330e-02 7.881848000000000187e-01
-4.027317118169566196e-02 4.649768975959778228e-02 -9.981062250732585239e-01 -1.290715800000000080e+00 7.469582889959022060e-03 9.989027369687694113e-01 4.623340142960913335e-02 2.171309999999999907e-02 9.991607863674495382e-01 -5.593471491082108171e-03 -4.057629926765848882e-02 7.841321999999999459e-01
-5.035429116405863020e-02 3.681435263399037566e-02 -9.980526783699874560e-01 -1.387440400000000018e+00 8.054154772443119017e-03 9.993028710539444415e-01 3.645411491512411811e-02 2.446879999999999888e-02 9.986989415996530006e-01 -6.202849626079065190e-03 -5.061569622409156644e-02 7.791084999999999816e-01
-6.384616759668164387e-02 3.718480733518422093e-02 -9.972667431468179577e-01 -1.486200900000000047e+00 6.782304919527299206e-03 9.992986638380118025e-01 3.682636000941302834e-02 2.708369999999999875e-02 9.979367050185069532e-01 -4.412545184988906494e-03 -6.405358867226285113e-02 7.726617000000000068e-01
-7.641052767751341235e-02 4.498369001073515561e-02 -9.960611923436539783e-01 -1.587324399999999969e+00 2.763102407626720491e-03 9.989874907695204254e-01 4.490388124764234379e-02 3.007090000000000110e-02 9.970726134666063611e-01 6.789101821924603541e-04 -7.645745585510665965e-02 7.647346000000000421e-01
-8.369546902415807288e-02 4.826732576099475314e-02 -9.953217237299241127e-01 -1.687970299999999924e+00 -5.351575141044149359e-03 9.987900509412672712e-01 4.888552734962026136e-02 3.384190000000000115e-02 9.964770088207430820e-01 9.418036134074062038e-03 -8.333589554952491874e-02 7.554899999999999949e-01
-8.694116925266090479e-02 4.922970629506914081e-02 -9.949963161273923662e-01 -1.788844000000000101e+00 -1.063472837334430987e-02 9.986754666458641516e-01 5.034098600634111242e-02 3.721830000000000277e-02 9.961566822751356520e-01 1.495821973921616921e-02 -8.630246821979059568e-02 7.459742000000000317e-01
-8.941524992742015676e-02 4.767399202015218385e-02 -9.948528049743234902e-01 -1.890636800000000006e+00 -1.229673789005329351e-02 9.987248089087540359e-01 4.896474555673820117e-02 4.073190000000000144e-02 9.959185224292599337e-01 1.661163914354184604e-02 -8.871499381324687850e-02 7.366122999999999976e-01
-9.087475615064202761e-02 4.395549462982998451e-02 -9.948917997382468181e-01 -1.993022400000000083e+00 -1.907009897293027861e-02 9.987654427918937206e-01 4.586852526379121830e-02 4.468110000000000137e-02 9.956797226115049471e-01 2.314097613670169917e-02 -8.992433043240644075e-02 7.261775999999999787e-01
-9.053858371060678756e-02 3.817927823674734794e-02 -9.951608450763116398e-01 -2.097276200000000035e+00 -2.593252363051093065e-02 9.988356604233643576e-01 4.067957331111925895e-02 4.818959999999999910e-02 9.955552566672685177e-01 2.949010308464120739e-02 -8.944308101930964483e-02 7.161262000000000461e-01
-8.702288696743508412e-02 4.589213772812929248e-02 -9.951486968481623174e-01 -2.202386600000000083e+00 -2.667463612715854915e-02 9.984728477473313601e-01 4.837805389655731869e-02 5.083580000000000043e-02 9.958491255864699854e-01 3.075522729678531811e-02 -8.566583369457370090e-02 7.062001999999999446e-01
-8.299480002049118565e-02 4.447922447444202509e-02 -9.955568601339207513e-01 -2.308232999999999979e+00 -2.410783632076000590e-02 9.986214687148230462e-01 4.662589891659994767e-02 5.485690000000000011e-02 9.962583376802877089e-01 2.787042898847716735e-02 -8.180809122885179807e-02 6.970610999999999891e-01
-7.310543538400872399e-02 4.584458703571207133e-02 -9.962699780465331667e-01 -2.413979299999999828e+00 -3.357385636356460118e-02 9.982636131130318002e-01 4.839994734908206059e-02 5.841790000000000177e-02 9.967589435195418623e-01 3.698692436578370629e-02 -7.143931648445789317e-02 6.875417999999999807e-01
-6.134883666015195774e-02 4.446270430543895757e-02 -9.971255628887933931e-01 -2.521015900000000087e+00 -3.895617536403085668e-02 9.981394510013631427e-01 4.690471997255883652e-02 6.224070000000000297e-02 9.973558726159148513e-01 4.172174829204049196e-02 -5.950259723745465745e-02 6.796322000000000196e-01
-5.536855395601448376e-02 4.347459371793301747e-02 -9.975190639450861596e-01 -2.574465500000000073e+00 -3.845084629621369626e-02 9.982177048358283900e-01 4.563930511517299421e-02 6.412379999999999469e-02 9.977253407886987890e-01 4.088243453307992964e-02 -5.359823592921297841e-02 6.761063999999999963e-01
-5.010790943863474567e-02 4.307085921552638447e-02 -9.978146613966571987e-01 -2.628434899999999796e+00 -3.672750836692700166e-02 9.983144664376063515e-01 4.493680262941101428e-02 6.609959999999999447e-02 9.980682779954719308e-01 3.889893556170450489e-02 -4.844156553332557014e-02 6.732141000000000375e-01
-4.469324750850760947e-02 4.335889445607941928e-02 -9.980593769404153548e-01 -2.682721599999999817e+00 -3.597836314155906934e-02 9.983397017285987607e-01 4.498218912087936783e-02 6.818000000000000449e-02 9.983526786726208968e-01 3.791894281225439978e-02 -4.305906133676862257e-02 6.705737999999999976e-01
-3.883405893975831746e-02 4.540512416478720975e-02 -9.982135495803710068e-01 -2.736992799999999892e+00 -3.490600757736857934e-02 9.982957648333833367e-01 4.676683173723387293e-02 6.942879999999999885e-02 9.986358127472056978e-01 3.665979562559391197e-02 -3.718296496270334650e-02 6.681087999999999472e-01
-2.836000182543180551e-02 4.523045876403579413e-02 -9.985739411262727350e-01 -2.846420800000000195e+00 -3.542213860077661480e-02 9.983028581904402898e-01 4.622418658824549442e-02 7.357600000000000251e-02 9.989699607062313413e-01 3.668254256172030769e-02 -2.670971130129828897e-02 6.645628999999999564e-01
-2.326304032137508498e-02 4.064746179794565678e-02 -9.989027053744476969e-01 -2.901276100000000024e+00 -3.537419643392577390e-02 9.985139514481070622e-01 4.145545790534068548e-02 7.532010000000000094e-02 9.991033465971677074e-01 3.629976050708860064e-02 -2.179059901581181791e-02 6.627551999999999888e-01
-1.504126237827241655e-02 3.430902790603618940e-02 -9.992980791686788544e-01 -3.011138900000000174e+00 -3.576172622393612027e-02 9.987532565332012391e-01 3.482860177799004808e-02 7.846060000000000534e-02 9.992471462874200627e-01 3.626049046094663442e-02 -1.379555971968482453e-02 6.603801999999999728e-01
-1.208261305795055654e-02 3.704388748977981149e-02 -9.992405920804741104e-01 -3.066864999999999952e+00 -3.457333470355346272e-02 9.987005492648015625e-01 3.744192069939403233e-02 7.927480000000000637e-02 9.993291224562446118e-01 3.499947567933241188e-02 -1.078618157662436516e-02 6.596727000000000007e-01
-8.540188761320958305e-03 3.665220536042033267e-02 -9.992915895864121767e-01 -3.177510999999999974e+00 -3.650658631218021283e-02 9.986504168801254577e-01 3.694068246504048775e-02 8.166610000000000535e-02 9.992969200051365908e-01 3.679620506749559788e-02 -7.190616168206154235e-03 6.575060000000000349e-01
-6.611413464997033945e-03 3.750646675798952751e-02 -9.992745139166347990e-01 -3.289837400000000134e+00 -3.852080044410789023e-02 9.985450900703543020e-01 3.773395062186259141e-02 8.382309999999999761e-02 9.992359266685422181e-01 3.874232888869451330e-02 -5.157015332549752529e-03 6.558519000000000432e-01
-5.105561627071925415e-03 3.420894368996298812e-02 -9.994016617016849846e-01 -3.402229300000000123e+00 -3.718843338459305176e-02 9.987168500072363120e-01 3.437548449146843321e-02 8.611770000000000536e-02 9.992952284799883067e-01 3.734168827517635181e-02 -3.826833402135632056e-03 6.550308000000000241e-01
-5.896476037648528713e-03 3.486817433707019992e-02 -9.993745253851216148e-01 -3.515690799999999783e+00 -3.118155565626697448e-02 9.988995039124755060e-01 3.503557720753784632e-02 8.839629999999999710e-02 9.994963442440361057e-01 3.136863882622099864e-02 -4.802743070115189639e-03 6.554257000000000000e-01
-5.742714559408578813e-03 4.170341334140324763e-02 -9.991135303583702498e-01 -3.629475100000000065e+00 -3.292846209489024012e-02 9.985802842778420674e-01 4.187042196646156150e-02 9.034620000000000151e-02 9.994412126851459632e-01 3.313972189473291668e-02 -4.361332271820783646e-03 6.543991999999999587e-01
-4.835727441571275806e-03 4.048644291698208497e-02 -9.991683860491388236e-01 -3.742137000000000047e+00 -3.602248121128420744e-02 9.985245127561928058e-01 4.063469296537680631e-02 9.241080000000000128e-02 9.993392800182997471e-01 3.618902271321675079e-02 -3.370170258128024621e-03 6.528180999999999568e-01
-5.208639622207847895e-03 3.736566633280152122e-02 -9.992880851149940069e-01 -3.855344500000000174e+00 -3.332691634521767893e-02 9.987400312003774649e-01 3.751888490864208753e-02 9.524249999999999383e-02 9.994309314405896982e-01 3.349861276791638726e-02 -3.956794462738777440e-03 6.525828000000000184e-01
-6.090656987283877763e-03 3.821129071384950920e-02 -9.992511201692220180e-01 -3.911963000000000079e+00 -3.188690549565294935e-02 9.987540693429560745e-01 3.838664128049013025e-02 9.701529999999999876e-02 9.994729256740146894e-01 3.209682590019470594e-02 -4.864628635162460135e-03 6.527830999999999495e-01
-5.354887136047951565e-03 4.443514728717284229e-02 -9.989979193518511158e-01 -4.025170300000000090e+00 -3.197100259514527171e-02 9.984939222645734525e-01 4.458410247800482368e-02 9.870769999999999544e-02 9.994744519880544020e-01 3.217770790897447192e-02 -3.926186050522750826e-03 6.517399999999999860e-01
-4.542238205421328043e-03 4.229791033988481580e-02 -9.990947176584231704e-01 -4.138536000000000215e+00 -3.308753307478124600e-02 9.985516037204229534e-01 4.242534457605005860e-02 1.017364000000000046e-01 9.994421360074382532e-01 3.325028553637379702e-02 -3.136125737138617531e-03 6.503913000000000055e-01
-4.636868974181920615e-03 4.234958120203258930e-02 -9.990920940624685720e-01 -4.251158700000000401e+00 -3.004137749894857795e-02 9.986459866120876994e-01 4.247009608578294210e-02 1.041098000000000023e-01 9.995379007741935773e-01 3.021103102481636354e-02 -3.358350835700241177e-03 6.499530999999999503e-01
-4.751305330920089012e-03 4.755479985204914828e-02 -9.988573302072141225e-01 -4.364948700000000237e+00 -2.583045033245556787e-02 9.985294767279676575e-01 4.766205976448936732e-02 1.073762999999999940e-01 9.996550469703409103e-01 2.602739165576828037e-02 -3.515956530210195830e-03 6.497418999999999834e-01
-3.792292269821094346e-03 5.043554430287694457e-02 -9.987201181463266630e-01 -4.535366100000000067e+00 -3.115976537228025769e-02 9.982363675024397143e-01 5.052943317986628713e-02 1.126077999999999940e-01 9.995072223557389668e-01 3.131150693286201270e-02 -2.214044333032849643e-03 6.480707999999999469e-01
-3.133445013442362568e-03 4.325797618645201709e-02 -9.990590217893036140e-01 -4.704418699999999731e+00 -3.444680624373881034e-02 9.984663396291100224e-01 4.334035264338473997e-02 1.172731000000000051e-01 9.994016205019653487e-01 3.455019716150661141e-02 -1.638540248809938760e-03 6.463119000000000502e-01
-3.616991843298059377e-03 4.557290034949659785e-02 -9.989544674927582912e-01 -4.817770999999999582e+00 -3.246502698858719227e-02 9.984290634045250856e-01 4.566647973944469585e-02 1.206237000000000004e-01 9.994663272930387476e-01 3.259625903225185639e-02 -2.131784338651243615e-03 6.459593999999999614e-01
-4.285966860305728127e-03 4.693345299163775158e-02 -9.988888233824394502e-01 -4.932395500000000155e+00 -3.501285477508227911e-02 9.982784813669935975e-01 4.705500653605403094e-02 1.237164000000000041e-01 9.993776715979657554e-01 3.517562550816714928e-02 -2.635314314805903280e-03 6.453031000000000184e-01
-4.973450893855516433e-03 4.755608561066967943e-02 -9.988561876003957396e-01 -5.047973599999999728e+00 -4.179595157769282199e-02 9.979857900865420905e-01 4.772275366170254662e-02 1.270992999999999984e-01 9.991137889239251058e-01 4.198549162188104644e-02 -2.975781468352867165e-03 6.439517999999999631e-01
-6.088977354621935741e-03 3.948238318355644372e-02 -9.992017142563968113e-01 -5.164450600000000335e+00 -4.250949529682861161e-02 9.983067520274642170e-01 3.970606585880845363e-02 1.306989000000000067e-01 9.990775080865269553e-01 4.271732990862078805e-02 -4.400291023812452629e-03 6.425845999999999503e-01
-7.222565954990698735e-03 3.811970543719875315e-02 -9.992470778533240061e-01 -5.283643200000000206e+00 -3.552923319522323375e-02 9.986324229437494315e-01 3.835306290318722666e-02 1.337782000000000138e-01 9.993425379366103201e-01 3.577948997509031170e-02 -5.858324635691913862e-03 6.417595999999999856e-01
-8.880177605958376741e-03 4.421880700128811431e-02 -9.989824020237142443e-01 -5.465544699999999700e+00 -3.184431645993033438e-02 9.985025849750995830e-01 4.448063969013831692e-02 1.385608999999999869e-01 9.994533915870648100e-01 3.220690772841956068e-02 -7.458762610957792027e-03 6.393529999999999491e-01
-1.061729930221792274e-02 3.626214026991349260e-02 -9.992859101070987737e-01 -5.587853899999999818e+00 -3.204300336736921884e-02 9.988166710225613310e-01 3.658556576858291304e-02 1.414652000000000132e-01 9.994300970506773130e-01 3.240856168443239510e-02 -9.442787661514628894e-03 6.376825999999999883e-01
-1.156299992224738699e-02 3.603921080324645754e-02 -9.992834794578950852e-01 -5.712194399999999561e+00 -3.275946961192346962e-02 9.988001778534710828e-01 3.640084986123248018e-02 1.443637000000000115e-01 9.993963749101473226e-01 3.315689980311322532e-02 -1.036850094771368802e-02 6.351470000000000171e-01
-1.198031518618923597e-02 4.412245459055388203e-02 -9.989542937737161399e-01 -5.837549199999999772e+00 -4.289842050487655684e-02 9.980835146249730228e-01 4.459846804597730058e-02 1.476387999999999867e-01 9.990076063605453083e-01 4.338786506346885979e-02 -1.006457147661377061e-02 6.318428999999999851e-01
-1.197433186155913258e-02 4.067323027179705480e-02 -9.991007475303614882e-01 -6.027098699999999809e+00 -5.621596148096247997e-02 9.975647144970488656e-01 4.128445306882744248e-02 1.530151999999999901e-01 9.983468240302268981e-01 5.665976288053670151e-02 -9.658686198503518838e-03 6.272752000000000328e-01
-1.338012924321819487e-02 3.890956850283108781e-02 -9.991531502329148440e-01 -6.152615499999999571e+00 -5.393982710068538633e-02 9.977595432468215897e-01 3.957763146326612885e-02 1.560262000000000038e-01 9.984545393726157458e-01 5.442370199478754195e-02 -1.125137624469185749e-02 6.254783000000000426e-01
-1.447911496573356036e-02 4.448476420244966423e-02 -9.989051311229018015e-01 -6.278278799999999826e+00 -5.415757353010598740e-02 9.975085121661786403e-01 4.520758106056854686e-02 1.595133999999999996e-01 9.984274197252098748e-01 5.475284385188740333e-02 -1.203385353868835494e-02 6.231436999999999671e-01
-1.462877839239548096e-02 4.622268664471108901e-02 -9.988240395996136334e-01 -6.467015700000000145e+00 -5.318481569093486128e-02 9.974808575899097862e-01 4.693947295847333834e-02 1.649656999999999929e-01 9.984775281510681610e-01 5.380893960154584099e-02 -1.213358134640063479e-02 6.198932999999999804e-01
-1.264176031265306505e-02 4.498516759547539073e-02 -9.989076636970027900e-01 -6.592174499999999604e+00 -5.311677692382530541e-02 9.975467924732145386e-01 4.559610548748740250e-02 1.686533000000000060e-01 9.985082843449132328e-01 5.363517057685646822e-02 -1.022128033905245204e-02 6.178820000000000423e-01
-1.062845231565006342e-02 5.068785286077077956e-02 -9.986579882891534199e-01 -6.717820200000000241e+00 -5.384001726338764893e-02 9.972366658733103906e-01 5.118871730139136489e-02 1.724934999999999941e-01 9.984930087599271920e-01 5.431182017064513368e-02 -7.870047477584352080e-03 6.156897000000000064e-01
-8.695093325335216325e-03 4.892250598826233809e-02 -9.987647289326411215e-01 -6.842096299999999687e+00 -5.751705166301272765e-02 9.971243993303460229e-01 4.934289237662200373e-02 1.762898999999999994e-01 9.983066583570692210e-01 5.787504356737032535e-02 -5.856211404735245374e-03 6.142328000000000232e-01
-8.247063996942869193e-03 4.395076450975263227e-02 -9.989996577749356010e-01 -6.965738299999999938e+00 -5.343129119769471358e-02 9.975870758288198914e-01 4.432971080721723189e-02 1.802599000000000007e-01 9.985374720341633203e-01 5.374343158296303324e-02 -5.878818360001480947e-03 6.126238000000000516e-01
-8.205897806187889207e-03 4.443866523722068973e-02 -9.989784123158663709e-01 -7.089931499999999609e+00 -4.917032349777722411e-02 9.977856380648809642e-01 4.478950500488327463e-02 1.829185999999999868e-01 9.987566983646812835e-01 4.948762980172682208e-02 -6.002663432918775577e-03 6.108789999999999498e-01
-8.556123880977758306e-03 4.298659093370512524e-02 -9.990390111222039460e-01 -7.211484900000000309e+00 -4.656572197001856289e-02 9.979746053194735733e-01 4.333959707763646030e-02 1.863095999999999919e-01 9.988785843542465903e-01 4.689179179066677028e-02 -6.537092711325520611e-03 6.096066999999999458e-01
-8.865000587320683023e-03 4.669656013349163248e-02 -9.988697828227091069e-01 -7.333824599999999805e+00 -4.196821381012265373e-02 9.980114984896450991e-01 4.702890506955213767e-02 1.903025000000000133e-01 9.990796168445108538e-01 4.233769188503687386e-02 -6.887601300383905389e-03 6.079940000000000344e-01
-9.327872240224317074e-03 4.547255427392723343e-02 -9.989220378023877522e-01 -7.455030899999999683e+00 -4.063895331595899357e-02 9.981229386140595405e-01 4.581566201439737224e-02 1.936449000000000087e-01 9.991303549952095242e-01 4.102250870240544550e-02 -7.462406241133701101e-03 6.062033999999999478e-01
-9.123959013633893556e-03 5.745427894909131000e-02 -9.983064455378205526e-01 -7.576125099999999613e+00 -4.513784978378603679e-02 9.973067041050933668e-01 5.780927662522775123e-02 1.964063000000000059e-01 9.989391011912658325e-01 4.558885584740793306e-02 -6.506022879637307632e-03 6.044730999999999854e-01
-5.902106502267610161e-03 5.311219725962257332e-02 -9.985711089557373077e-01 -7.697687099999999560e+00 -5.455514814785644706e-02 9.970842089472736758e-01 5.335556277048230517e-02 2.018609000000000098e-01 9.984933154254972409e-01 5.479210499920935534e-02 -2.987353402979175954e-03 6.017274999999999707e-01
-4.423341462670701135e-03 4.789315494080426810e-02 -9.988426701738973845e-01 -7.758123399999999670e+00 -5.587419239866769222e-02 9.972801841596262706e-01 4.806567284807983231e-02 2.037213999999999969e-01 9.984280187745643298e-01 5.602213841293536556e-02 -1.735319434751469991e-03 6.010708000000000162e-01
-3.523549644098308061e-03 4.625481799025660951e-02 -9.989234587347490812e-01 -7.818607300000000038e+00 -5.865455740790621181e-02 9.972002608865819795e-01 4.638192086379609724e-02 2.055434999999999901e-01 9.982721209636120641e-01 5.875484235721378790e-02 -8.006287471399309297e-04 6.002252999999999616e-01
-2.411436473203581229e-03 4.336510175553193874e-02 -9.990563812537648358e-01 -7.879147500000000193e+00 -5.310885204468562132e-02 9.976437807666281854e-01 4.343197591825145865e-02 2.068182000000000076e-01 9.985858174481706540e-01 5.316347098713780639e-02 -1.026838271680485803e-04 6.001425000000000232e-01
-2.221953753499959078e-03 3.890379344746372481e-02 -9.992404904610875382e-01 -7.939454099999999848e+00 -4.983278183993596067e-02 9.979971589995633163e-01 3.896619666959691419e-02 2.083869999999999889e-01 9.987551035041627445e-01 4.988151445372759896e-02 -2.788192818079515689e-04 5.997594000000000536e-01
-2.627802038523772542e-03 3.570979946830156460e-02 -9.993587468363801518e-01 -7.999399200000000043e+00 -4.353791496314621257e-02 9.984104854093536208e-01 3.579039794862264035e-02 2.094927000000000039e-01 9.990483194606295525e-01 4.360404621812764836e-02 -1.068894896240291104e-03 5.997632000000000518e-01
-3.749391115360843196e-03 3.875764038558003610e-02 -9.992416061083555512e-01 -8.060615500000000822e+00 -4.150357252639329253e-02 9.983815893590929358e-01 3.888001409924967539e-02 2.109113999999999989e-01 9.991313204648377688e-01 4.161787284993668373e-02 -2.134742522188037839e-03 5.996069000000000537e-01
-3.083683868655232203e-03 4.515454488176200848e-02 -9.989752539329086467e-01 -8.120967900000000128e+00 -4.162029464186705469e-02 9.981085840030538003e-01 4.524384613782344439e-02 2.123200000000000087e-01 9.991287414381204712e-01 4.171716212711273214e-02 -1.198505877258226882e-03 5.990206000000000142e-01
-1.461975571107385248e-03 4.825585517298573018e-02 -9.988339376838140105e-01 -8.181929600000000136e+00 -4.338177408689392750e-02 9.978916070276344641e-01 4.827382625065886057e-02 2.142567999999999973e-01 9.990574979972388636e-01 4.340176338962425939e-02 6.345314553968250948e-04 5.984774000000000482e-01
5.601988724589766246e-04 4.486115948386387026e-02 -9.989930743238348843e-01 -8.242713900000000038e+00 -4.440664646669976318e-02 9.980088782196514519e-01 4.479206117532932852e-02 2.161202000000000123e-01 9.990133812551287296e-01 4.433683981201450020e-02 2.551217097568891923e-03 5.980876000000000525e-01
1.216379491299899272e-03 4.507193434496104684e-02 -9.989830034366634637e-01 -8.303002400000000449e+00 -4.658517469297975694e-02 9.979017196147685898e-01 4.496642623905606345e-02 2.178401000000000087e-01 9.989135808065469080e-01 4.648310149174032097e-02 3.313511121282863847e-03 5.977149000000000489e-01
2.075495510444524440e-03 4.600748493287969143e-02 -9.989389388989382557e-01 -8.363720900000000569e+00 -4.482821326139259377e-02 9.979411415779075867e-01 4.586839044455009312e-02 2.195153999999999994e-01 9.989925543337032643e-01 4.468544814963185813e-02 4.133655705224281718e-03 5.975525999999999893e-01
2.666593223857659494e-03 4.423734851515374183e-02 -9.990174904759809849e-01 -8.423063300000000808e+00 -4.470605928448847383e-02 9.980274720475195149e-01 4.407417953506711367e-02 2.208932000000000118e-01 9.989966253916124916e-01 4.454460724696483048e-02 4.639010819492694893e-03 5.974089000000000205e-01
4.136579948961933810e-03 4.277778048779488224e-02 -9.990760482580213209e-01 -8.481801000000000812e+00 -4.511063769913827709e-02 9.980754902302780840e-01 4.254816292117696852e-02 2.225474000000000063e-01 9.989734326160547573e-01 4.489295376924946901e-02 6.058352017595081129e-03 5.973794000000000048e-01
6.130748515360899889e-03 4.438871869803766995e-02 -9.989955233007742352e-01 -8.539472599999999858e+00 -4.632529720458176264e-02 9.979543302755004008e-01 4.405816068884982339e-02 2.240070000000000117e-01 9.989075937050174714e-01 4.600865501972235816e-02 8.174527614951632160e-03 5.970809000000000255e-01
7.348328230865831985e-03 4.667283574583699218e-02 -9.988832006173965494e-01 -8.595184299999999666e+00 -4.582974327192417680e-02 9.978762431811938338e-01 4.628863711772496919e-02 2.249589999999999923e-01 9.989222375659886355e-01 4.543841654403271008e-02 9.471726248683087768e-03 5.973397000000000290e-01
8.505430223964946870e-03 4.933337923663391744e-02 -9.987461516070038625e-01 -8.702892300000000247e+00 -4.771812314519036091e-02 9.976644497713417215e-01 4.887357553879662087e-02 2.273434000000000010e-01 9.988246284409522113e-01 4.724260106662703240e-02 1.083966163004257410e-02 5.969217999999999469e-01
9.106900178952189243e-03 4.943879739397250006e-02 -9.987356355319303436e-01 -8.806352600000000308e+00 -4.713585905417444488e-02 9.976880322846866100e-01 4.895713458869064422e-02 2.299467000000000039e-01 9.988469728443671869e-01 4.663041441106765411e-02 1.141618550552203626e-02 5.966799000000000408e-01
1.217652804489887178e-02 5.009853427412489651e-02 -9.986700501308509725e-01 -8.902563999999999922e+00 -4.895832586752548593e-02 9.975761144747722353e-01 4.944672039342258574e-02 2.324243000000000003e-01 9.987265964682332520e-01 4.829112437084542853e-02 1.459975390130130446e-02 5.969693999999999834e-01
8.454201154583257383e-03 4.549932301466427104e-02 -9.989285950897819344e-01 -8.996048899999999904e+00 -4.512343237197661422e-02 9.979640552654646113e-01 4.507349830088999004e-02 2.346434000000000020e-01 9.989456453350251675e-01 4.469402648359088043e-02 1.049007449328076547e-02 5.974804999999999700e-01
-1.255614517058967856e-03 3.901793864233830955e-02 -9.992377214138223884e-01 -9.088270200000000187e+00 -4.649160567126291166e-02 9.981557337868767199e-01 3.903410957725800962e-02 2.367138000000000020e-01 9.989178915377843193e-01 4.650517791046835520e-02 5.607077878366784063e-04 5.967082000000000219e-01
-5.013748713732871579e-03 3.806265674953335926e-02 -9.992627764932520140e-01 -9.134508099999999686e+00 -4.887612921369687696e-02 9.980716925587421740e-01 3.826252090510529058e-02 2.379242000000000024e-01 9.987922638451509627e-01 4.903193524729382302e-02 -3.143725335272851140e-03 5.960404999999999731e-01
-1.003047178356142322e-02 4.111428275243322883e-02 -9.991041013776054136e-01 -9.226605400000000401e+00 -4.918975765374071496e-02 9.979244306629015959e-01 4.155957685167027682e-02 2.392992999999999926e-01 9.987390837339678029e-01 4.956255078057023034e-02 -7.987251239191306418e-03 5.948082000000000091e-01
-1.294729060280125701e-02 4.304741492024029281e-02 -9.989891329412604604e-01 -9.318356500000000153e+00 -4.486013396622626215e-02 9.980419101260205039e-01 4.358800308039551680e-02 2.414360999999999868e-01 9.989093732899790856e-01 4.537913287722684236e-02 -1.099082584395472129e-02 5.934804999999999664e-01
-1.415233854236006353e-02 4.225557745386512160e-02 -9.990065953174795954e-01 -9.363603599999999361e+00 -4.511773362556322636e-02 9.980620510680440205e-01 4.285478188419435813e-02 2.422581000000000040e-01 9.988814251082431817e-01 4.567940883909901023e-02 -1.221843614523931976e-02 5.927466999999999597e-01
