9.999910e-01 1.048972e-03 -4.131348e-03 -9.374345e-02 -1.058514e-03 9.999968e-01 -2.308104e-03 -5.676064e-02 4.128913e-03 2.312456e-03 9.999887e-01 1.716275e+00
9.999796e-01 1.566466e-03 -6.198571e-03 -1.406429e-01 -1.587952e-03 9.999927e-01 -3.462706e-03 -8.515762e-02 6.193102e-03 3.472479e-03 9.999747e-01 2.574964e+00
9.999637e-01 2.078471e-03 -8.263498e-03 -1.874858e-01 -2.116664e-03 9.999871e-01 -4.615826e-03 -1.135202e-01 8.253797e-03 4.633149e-03 9.999551e-01 3.432648e+00
9.999184e-01 3.088363e-03 -1.239599e-02 -2.812195e-01 -3.174350e-03 9.999710e-01 -6.922975e-03 -1.702743e-01 1.237425e-02 6.961759e-03 9.998991e-01 5.148987e+00
9.998551e-01 4.078705e-03 -1.652913e-02 -3.749547e-01 -4.231669e-03 9.999484e-01 -9.229794e-03 -2.270290e-01 1.649063e-02 9.298401e-03 9.998207e-01 6.865477e+00
9.998167e-01 4.566671e-03 -1.859652e-02 -4.218367e-01 -4.760342e-03 9.999347e-01 -1.038342e-02 -2.554151e-01 1.854788e-02 1.047004e-02 9.997731e-01 7.724036e+00
9.997738e-01 5.049868e-03 -2.066463e-02 -4.687329e-01 -5.289072e-03 9.999194e-01 -1.153730e-02 -2.838096e-01 2.060470e-02 1.164399e-02 9.997198e-01 8.582886e+00
9.997264e-01 5.527315e-03 -2.272922e-02 -5.155474e-01 -5.816781e-03 9.999025e-01 -1.268908e-02 -3.121547e-01 2.265686e-02 1.281782e-02 9.996611e-01 9.440275e+00
9.996182e-01 6.468772e-03 -2.686440e-02 -6.093087e-01 -6.873365e-03 9.998639e-01 -1.499561e-02 -3.689250e-01 2.676374e-02 1.517453e-02 9.995266e-01 1.115757e+01
9.995562e-01 7.058450e-03 -2.894213e-02 -6.562052e-01 -7.530449e-03 9.998399e-01 -1.623192e-02 -3.973964e-01 2.882292e-02 1.644266e-02 9.994492e-01 1.201541e+01
9.994226e-01 7.842768e-03 -3.306167e-02 -7.498241e-01 -8.456089e-03 9.997940e-01 -1.845198e-02 -4.540039e-01 3.291014e-02 1.872089e-02 9.992829e-01 1.373146e+01
9.992482e-01 1.235688e-02 -3.674849e-02 -8.546642e-01 -1.320676e-02 9.996488e-01 -2.297477e-02 -5.155070e-01 3.645169e-02 2.344282e-02 9.990604e-01 1.547957e+01
9.991826e-01 1.352279e-02 -3.809783e-02 -9.072868e-01 -1.439161e-02 9.996404e-01 -2.262373e-02 -5.464705e-01 3.777819e-02 2.315352e-02 9.990178e-01 1.636940e+01
9.990604e-01 1.351433e-02 -4.118029e-02 -1.011589e+00 -1.432436e-02 9.997084e-01 -1.943894e-02 -6.092403e-01 4.090558e-02 2.001055e-02 9.989626e-01 1.817318e+01
9.990174e-01 1.304822e-02 -4.235654e-02 -1.066256e+00 -1.386115e-02 9.997242e-01 -1.895579e-02 -6.387363e-01 4.209752e-02 1.952427e-02 9.989227e-01 1.908411e+01
9.989383e-01 1.325999e-02 -4.411963e-02 -1.118651e+00 -1.413494e-02 9.997084e-01 -1.957870e-02 -6.686219e-01 4.384715e-02 2.018154e-02 9.988343e-01 1.999722e+01
9.989120e-01 1.152857e-02 -4.518863e-02 -1.171840e+00 -1.247777e-02 9.997062e-01 -2.077977e-02 -6.990778e-01 4.493579e-02 2.132101e-02 9.987623e-01 2.091368e+01
9.988800e-01 1.128892e-02 -4.595003e-02 -1.224279e+00 -1.218132e-02 9.997417e-01 -1.918760e-02 -7.287421e-01 4.572155e-02 1.972584e-02 9.987594e-01 2.184042e+01
9.988876e-01 1.379030e-02 -4.509495e-02 -1.334841e+00 -1.432558e-02 9.998304e-01 -1.156850e-02 -7.929673e-01 4.492776e-02 1.220164e-02 9.989157e-01 2.370953e+01
9.989649e-01 1.285173e-02 -4.363580e-02 -1.385747e+00 -1.325687e-02 9.998715e-01 -9.007757e-03 -8.209244e-01 4.351442e-02 9.576906e-03 9.990068e-01 2.465175e+01
9.990298e-01 1.265253e-02 -4.218321e-02 -1.436633e+00 -1.299403e-02 9.998849e-01 -7.831284e-03 -8.456208e-01 4.207926e-02 8.371815e-03 9.990791e-01 2.559694e+01
9.990967e-01 1.391010e-02 -4.015465e-02 -1.538025e+00 -1.454998e-02 9.997711e-01 -1.568743e-02 -8.971121e-01 3.992724e-02 1.625751e-02 9.990703e-01 2.749627e+01
9.991533e-01 1.320645e-02 -3.896502e-02 -1.586551e+00 -1.396325e-02 9.997178e-01 -1.921474e-02 -9.254151e-01 3.870026e-02 1.974255e-02 9.990558e-01 2.845466e+01
9.992105e-01 1.079096e-02 -3.823584e-02 -1.633363e+00 -1.148611e-02 9.997718e-01 -1.800793e-02 -9.555630e-01 3.803279e-02 1.843289e-02 9.991064e-01 2.942293e+01
9.992215e-01 9.086312e-03 -3.839229e-02 -1.680971e+00 -9.596057e-03 9.998679e-01 -1.311391e-02 -9.838377e-01 3.826806e-02 1.347211e-02 9.991766e-01 3.039839e+01
9.991830e-01 -1.840283e-03 -4.037463e-02 -1.768976e+00 1.460769e-03 9.999545e-01 -9.427292e-03 -1.036363e+00 4.039014e-02 9.360611e-03 9.991401e-01 3.235714e+01
9.990442e-01 -4.076714e-03 -4.352240e-02 -1.870663e+00 3.306848e-03 9.998370e-01 -1.774634e-02 -1.088016e+00 4.358766e-02 1.758545e-02 9.988948e-01 3.432021e+01
9.989126e-01 -3.564847e-03 -4.648700e-02 -1.993748e+00 2.782576e-03 9.998536e-01 -1.688161e-02 -1.194548e+00 4.654037e-02 1.673390e-02 9.987762e-01 3.638751e+01
9.988085e-01 2.160348e-06 -4.880145e-02 -2.126953e+00 -6.257569e-04 9.999183e-01 -1.276297e-02 -1.305052e+00 4.879743e-02 1.277830e-02 9.987269e-01 3.847151e+01
9.987569e-01 4.894213e-04 -4.984526e-02 -2.256115e+00 -8.210333e-04 9.999776e-01 -6.632571e-03 -1.393047e+00 4.984090e-02 6.665250e-03 9.987349e-01 4.053855e+01
9.987132e-01 6.466500e-03 -5.030151e-02 -2.329940e+00 -6.722014e-03 9.999653e-01 -4.912121e-03 -1.426813e+00 5.026800e-02 5.243927e-03 9.987219e-01 4.156111e+01
9.987083e-01 6.676282e-03 -5.037160e-02 -2.465214e+00 -7.006772e-03 9.999550e-01 -6.387280e-03 -1.489501e+00 5.032669e-02 6.731971e-03 9.987101e-01 4.359302e+01
9.986535e-01 8.808468e-03 -5.112439e-02 -2.600016e+00 -9.296065e-03 9.999135e-01 -9.307503e-03 -1.559885e+00 5.103798e-02 9.770225e-03 9.986489e-01 4.559882e+01
9.986012e-01 6.863746e-03 -5.242779e-02 -2.661881e+00 -7.280160e-03 9.999434e-01 -7.755765e-03 -1.593756e+00 5.237159e-02 8.126598e-03 9.985945e-01 4.659803e+01
9.985540e-01 7.061951e-03 -5.329345e-02 -2.728914e+00 -7.431486e-03 9.999497e-01 -6.738977e-03 -1.629817e+00 5.324317e-02 7.125281e-03 9.985561e-01 4.759275e+01
9.984686e-01 1.023790e-02 -5.436634e-02 -2.871336e+00 -1.103255e-02 9.998363e-01 -1.433651e-02 -1.697621e+00 5.421067e-02 1.491435e-02 9.984181e-01 4.955600e+01
9.984385e-01 1.064895e-02 -5.483888e-02 -2.937935e+00 -1.149460e-02 9.998195e-01 -1.512829e-02 -1.729013e+00 5.466788e-02 1.573501e-02 9.983805e-01 5.053773e+01
9.984274e-01 1.026893e-02 -5.511221e-02 -3.002463e+00 -1.093885e-02 9.998697e-01 -1.186763e-02 -1.766742e+00 5.498316e-02 1.245183e-02 9.984096e-01 5.151845e+01
9.984285e-01 6.348755e-03 -5.568046e-02 -3.130185e+00 -6.799312e-03 9.999456e-01 -7.906116e-03 -1.830051e+00 5.562724e-02 8.272279e-03 9.984173e-01 5.346498e+01
9.984326e-01 3.282949e-03 -5.587138e-02 -3.191520e+00 -3.779690e-03 9.999542e-01 -8.787440e-03 -1.858398e+00 5.583997e-02 8.984842e-03 9.983992e-01 5.442804e+01
9.983367e-01 -1.591214e-03 -5.763218e-02 -3.310922e+00 1.036802e-03 9.999529e-01 -9.648457e-03 -1.913841e+00 5.764481e-02 9.572654e-03 9.982912e-01 5.635039e+01
9.982641e-01 -4.382863e-03 -5.873397e-02 -3.371514e+00 4.075329e-03 9.999773e-01 -5.354817e-03 -1.938229e+00 5.875611e-02 5.106161e-03 9.982593e-01 5.731251e+01
9.982022e-01 -4.407760e-03 -5.977459e-02 -3.511313e+00 4.547914e-03 9.999872e-01 2.208854e-03 -1.975962e+00 5.976408e-02 -2.476732e-03 9.982094e-01 5.922540e+01
9.980242e-01 -1.762043e-03 -6.280674e-02 -3.641784e+00 1.227247e-03 9.999627e-01 -8.552514e-03 -2.021539e+00 6.281946e-02 8.458535e-03 9.979890e-01 6.109125e+01
9.979547e-01 -9.592105e-04 -6.391830e-02 -3.703384e+00 5.024105e-05 9.998989e-01 -1.422089e-02 -2.049159e+00 6.392547e-02 1.418860e-02 9.978538e-01 6.200632e+01
9.976764e-01 1.025448e-02 -6.735521e-02 -3.912602e+00 -1.087073e-02 9.999023e-01 -8.789172e-03 -2.145353e+00 6.725849e-02 9.500949e-03 9.976903e-01 6.469786e+01
9.975909e-01 1.034502e-02 -6.859620e-02 -3.978228e+00 -1.103350e-02 9.998924e-01 -9.665437e-03 -2.173835e+00 6.848883e-02 1.039901e-02 9.975976e-01 6.556672e+01
9.974616e-01 1.183547e-02 -7.021661e-02 -4.046625e+00 -1.248174e-02 9.998836e-01 -8.772233e-03 -2.201409e+00 7.010461e-02 9.626390e-03 9.974931e-01 6.642163e+01
9.972258e-01 1.296774e-02 -7.329823e-02 -4.179994e+00 -1.352350e-02 9.998834e-01 -7.090915e-03 -2.258366e+00 7.319772e-02 8.062491e-03 9.972848e-01 6.809328e+01
9.969894e-01 1.489953e-02 -7.609372e-02 -4.313021e+00 -1.525772e-02 9.998751e-01 -4.127928e-03 -2.307845e+00 7.602271e-02 5.276517e-03 9.970921e-01 6.971424e+01
9.966886e-01 1.928865e-02 -7.899331e-02 -4.445510e+00 -1.916694e-02 9.998136e-01 2.298764e-03 -2.355391e+00 7.902292e-02 -7.770902e-04 9.968724e-01 7.128437e+01
9.963707e-01 2.284027e-02 -8.199948e-02 -4.580210e+00 -2.361073e-02 9.996856e-01 -8.438421e-03 -2.409731e+00 8.178096e-02 1.034386e-02 9.965966e-01 7.276791e+01
9.962035e-01 2.236698e-02 -8.413330e-02 -4.709494e+00 -2.381956e-02 9.995833e-01 -1.630112e-02 -2.459523e+00 8.373364e-02 1.824325e-02 9.963211e-01 7.417539e+01
9.960426e-01 1.503549e-02 -8.759638e-02 -4.937677e+00 -1.662384e-02 9.997098e-01 -1.743140e-02 -2.585469e+00 8.730887e-02 1.881860e-02 9.960035e-01 7.675010e+01
9.963973e-01 1.211154e-02 -8.393973e-02 -5.039038e+00 -1.414999e-02 9.996182e-01 -2.373245e-02 -2.646048e+00 8.362024e-02 2.483469e-02 9.961881e-01 7.792534e+01
9.970121e-01 1.664848e-02 -7.543122e-02 -5.133801e+00 -1.801913e-02 9.996840e-01 -1.752686e-02 -2.701840e+00 7.511558e-02 1.883369e-02 9.969969e-01 7.904953e+01
9.991827e-01 1.624761e-02 -3.701415e-02 -5.235209e+00 -1.664974e-02 9.998054e-01 -1.058172e-02 -2.801727e+00 3.683502e-02 1.118935e-02 9.992587e-01 8.113538e+01
9.995878e-01 2.136933e-02 -1.917552e-02 -5.248892e+00 -2.156744e-02 9.997155e-01 -1.018473e-02 -2.822088e+00 1.895242e-02 1.059410e-02 9.997642e-01 8.162286e+01
9.920007e-01 1.389449e-02 1.254661e-01 -5.029560e+00 -1.324753e-02 9.998943e-01 -5.989348e-03 -2.911918e+00 -1.255360e-01 4.279320e-03 9.920798e-01 8.388530e+01
9.775146e-01 1.346779e-02 2.104374e-01 -4.817297e+00 -1.236226e-02 9.999020e-01 -6.568159e-03 -2.942364e+00 -2.105053e-01 3.818988e-03 9.775852e-01 8.472869e+01
8.470020e-01 1.463490e-02 5.313884e-01 -3.656380e+00 -4.922887e-03 9.997940e-01 -1.968841e-02 -3.030941e+00 -5.315670e-01 1.406015e-02 8.468995e-01 8.681210e+01
8.111527e-01 1.400217e-02 5.846668e-01 -3.393066e+00 -2.514888e-03 9.997876e-01 -2.045480e-02 -3.048142e+00 -5.848290e-01 1.512159e-02 8.110156e-01 8.709558e+01
7.306835e-01 1.139090e-02 6.826214e-01 -2.817803e+00 -2.276654e-04 9.998648e-01 -1.644104e-02 -3.074584e+00 -6.827163e-01 1.185778e-02 7.305872e-01 8.759401e+01
5.961032e-01 5.416591e-03 8.028896e-01 -1.847638e+00 1.299442e-02 9.997812e-01 -1.639257e-02 -3.103538e+00 -8.028026e-01 2.020475e-02 5.959023e-01 8.818799e+01
5.045001e-01 9.750747e-03 8.633566e-01 -1.165582e+00 8.934955e-03 9.998237e-01 -1.651313e-02 -3.127427e+00 -8.633654e-01 1.604492e-02 5.043240e-01 8.850204e+01
4.602983e-01 1.148164e-02 8.876901e-01 -8.110714e-01 8.704640e-03 9.998099e-01 -1.744550e-02 -3.138031e+00 -8.877216e-01 1.575715e-02 4.601108e-01 8.864159e+01
4.188673e-01 9.627242e-03 9.079964e-01 -4.500223e-01 1.561927e-02 9.997194e-01 -1.780508e-02 -3.146259e+00 -9.079131e-01 2.164020e-02 4.185994e-01 8.874795e+01
3.461082e-01 -2.337058e-03 9.381917e-01 3.020916e-01 3.764494e-02 9.992261e-01 -1.139850e-02 -3.156586e+00 -9.374390e-01 3.926327e-02 3.459283e-01 8.893047e+01
3.138409e-01 1.002432e-03 9.494751e-01 6.763450e-01 3.611653e-02 9.992631e-01 -1.299301e-02 -3.166835e+00 -9.487884e-01 3.836947e-02 3.135734e-01 8.902315e+01
2.833112e-01 8.752363e-03 9.589881e-01 1.050891e+00 2.492263e-02 9.995534e-01 -1.648542e-02 -3.185174e+00 -9.587041e-01 2.857100e-02 2.829665e-01 8.912503e+01
2.298762e-01 1.514276e-02 9.731021e-01 1.832910e+00 2.080734e-02 9.995739e-01 -2.047003e-02 -3.222114e+00 -9.729974e-01 2.495324e-02 2.294632e-01 8.927715e+01
2.067350e-01 1.580712e-02 9.782693e-01 2.240743e+00 2.747050e-02 9.993815e-01 -2.195352e-02 -3.234217e+00 -9.780112e-01 3.141210e-02 2.061729e-01 8.932950e+01
1.870149e-01 2.174817e-02 9.821163e-01 2.662750e+00 3.631700e-02 9.989184e-01 -2.903574e-02 -3.232193e+00 -9.816855e-01 4.109762e-02 1.860228e-01 8.937210e+01
1.501195e-01 3.105637e-02 9.881800e-01 3.536770e+00 3.662397e-02 9.986458e-01 -3.694904e-02 -3.247013e+00 -9.879892e-01 4.173784e-02 1.487788e-01 8.947222e+01
1.346625e-01 2.612444e-02 9.905471e-01 4.002128e+00 3.409387e-02 9.989383e-01 -3.098074e-02 -3.269703e+00 -9.903048e-01 3.794352e-02 1.336289e-01 8.952059e+01
1.066450e-01 2.015680e-02 9.940929e-01 4.962461e+00 3.689254e-02 9.990258e-01 -2.421462e-02 -3.311658e+00 -9.936124e-01 3.925697e-02 1.057975e-01 8.958341e+01
5.340714e-02 2.263529e-02 9.983163e-01 8.800912e+00 5.292689e-02 9.982736e-01 -2.546577e-02 -3.426200e+00 -9.971692e-01 5.419782e-02 5.211692e-02 8.970167e+01
4.207275e-02 2.108560e-02 9.988921e-01 1.138837e+01 6.197780e-02 9.977967e-01 -2.367295e-02 -3.495197e+00 -9.971903e-01 6.290510e-02 4.067321e-02 8.972145e+01
4.410340e-02 2.054931e-02 9.988156e-01 1.278190e+01 6.780199e-02 9.974216e-01 -2.351448e-02 -3.529809e+00 -9.967235e-01 6.875874e-02 4.259640e-02 8.972729e+01
5.107260e-02 2.062413e-02 9.984820e-01 1.424395e+01 7.097170e-02 9.971840e-01 -2.422755e-02 -3.570045e+00 -9.961699e-01 7.210131e-02 4.946505e-02 8.975239e+01
5.870203e-02 1.722669e-02 9.981269e-01 1.577368e+01 7.228987e-02 9.971527e-01 -2.146141e-02 -3.621398e+00 -9.956546e-01 7.341427e-02 5.728957e-02 8.980526e+01
6.659830e-02 1.396403e-02 9.976822e-01 1.735473e+01 6.848000e-02 9.974803e-01 -1.853246e-02 -3.669719e+00 -9.954271e-01 6.955549e-02 6.547424e-02 8.988363e+01
7.451993e-02 2.494887e-02 9.969074e-01 2.221735e+01 5.043155e-02 9.983135e-01 -2.875388e-02 -3.869642e+00 -9.959434e-01 5.241831e-02 7.313604e-02 9.018269e+01
7.447614e-02 2.322760e-02 9.969523e-01 2.385148e+01 4.903232e-02 9.984342e-01 -2.692503e-02 -3.948711e+00 -9.960166e-01 5.088814e-02 7.322062e-02 9.027374e+01
7.412396e-02 2.412341e-02 9.969572e-01 2.547837e+01 4.481095e-02 9.986170e-01 -2.749528e-02 -4.031552e+00 -9.962417e-01 4.671265e-02 7.294045e-02 9.036500e+01
6.992106e-02 2.548140e-02 9.972271e-01 2.710009e+01 3.897825e-02 9.988405e-01 -2.825561e-02 -4.110043e+00 -9.967907e-01 4.084581e-02 6.884676e-02 9.045782e+01
6.089788e-02 2.167742e-02 9.979086e-01 2.872180e+01 3.431028e-02 9.991278e-01 -2.379771e-02 -4.189372e+00 -9.975541e-01 3.568775e-02 6.010101e-02 9.053737e+01
4.700058e-02 1.930296e-02 9.987084e-01 3.034032e+01 3.172229e-02 9.992801e-01 -2.080691e-02 -4.264420e+00 -9.983910e-01 3.265924e-02 4.635441e-02 9.058889e+01
3.816210e-02 2.033872e-02 9.990646e-01 3.114204e+01 3.120822e-02 9.992809e-01 -2.153522e-02 -4.298961e+00 -9.987841e-01 3.200084e-02 3.749992e-02 9.060259e+01
1.781185e-02 2.023573e-02 9.996366e-01 3.274069e+01 3.296529e-02 9.992397e-01 -2.081509e-02 -4.366800e+00 -9.992977e-01 3.332406e-02 1.713123e-02 9.059833e+01
-4.213761e-03 1.806636e-02 9.998279e-01 3.432424e+01 3.337770e-02 9.992822e-01 -1.791584e-02 -4.430514e+00 -9.994339e-01 3.329646e-02 -4.813748e-03 9.056241e+01
-2.648072e-02 1.872506e-02 9.994740e-01 3.588915e+01 3.400306e-02 9.992628e-01 -1.782022e-02 -4.490465e+00 -9.990708e-01 3.351327e-02 -2.709790e-02 9.049003e+01
-3.725612e-02 1.985515e-02 9.991085e-01 3.666363e+01 3.374649e-02 9.992573e-01 -1.859973e-02 -4.519810e+00 -9.987357e-01 3.302344e-02 -3.789849e-02 9.044253e+01
-5.718399e-02 2.164931e-02 9.981289e-01 3.818958e+01 3.548667e-02 9.991771e-01 -1.963898e-02 -4.577147e+00 -9.977327e-01 3.429723e-02 -5.790519e-02 9.032361e+01
-7.637784e-02 2.219893e-02 9.968318e-01 3.968363e+01 3.679438e-02 9.991339e-01 -1.943100e-02 -4.635152e+00 -9.963998e-01 3.519370e-02 -7.712847e-02 9.017629e+01
-9.242347e-02 2.068885e-02 9.955049e-01 4.114574e+01 3.988263e-02 9.990587e-01 -1.705998e-02 -4.692210e+00 -9.949207e-01 3.812660e-02 -9.316159e-02 9.000290e+01
-1.017231e-01 1.749021e-02 9.946590e-01 4.257483e+01 4.579707e-02 9.988677e-01 -1.288059e-02 -4.746579e+00 -9.937580e-01 4.424220e-02 -1.024090e-01 8.981611e+01
-1.045887e-01 1.626385e-02 9.943826e-01 4.327463e+01 4.754502e-02 9.988048e-01 -1.133542e-02 -4.770015e+00 -9.933784e-01 4.609237e-02 -1.052369e-01 8.972399e+01
-5.072110e-02 2.086047e-02 9.984950e-01 4.883147e+01 4.714178e-02 9.987174e-01 -1.847044e-02 -4.973119e+00 -9.975996e-01 4.613398e-02 -5.163944e-02 8.912695e+01
5.426707e-02 2.797547e-02 9.981345e-01 5.093941e+01 3.943816e-02 9.987674e-01 -3.013741e-02 -5.083698e+00 -9.977473e-01 4.100004e-02 5.309688e-02 8.919154e+01
2.747903e-01 1.261810e-02 9.614214e-01 5.343056e+01 2.372844e-02 9.995203e-01 -1.990011e-02 -5.228395e+00 -9.612113e-01 2.828138e-02 2.743591e-01 8.975037e+01
3.285181e-01 1.239074e-02 9.444164e-01 5.388945e+01 2.179716e-02 9.995481e-01 -2.069628e-02 -5.254058e+00 -9.442461e-01 2.738469e-02 3.280996e-01 8.994526e+01
3.855813e-01 1.285007e-02 9.225844e-01 5.433154e+01 2.342307e-02 9.994444e-01 -2.370995e-02 -5.281038e+00 -9.223765e-01 3.075187e-02 3.850661e-01 9.016419e+01
6.681238e-01 2.787792e-02 7.435277e-01 5.615845e+01 1.109601e-02 9.988134e-01 -4.742037e-02 -5.418165e+00 -7.439674e-01 3.993286e-02 6.670216e-01 9.162030e+01
7.170289e-01 2.626286e-02 6.965485e-01 5.644855e+01 9.622649e-03 9.988218e-01 -4.756544e-02 -5.448053e+00 -6.969770e-01 4.080842e-02 7.159313e-01 9.196615e+01
7.622181e-01 2.264837e-02 6.469240e-01 5.672244e+01 6.903411e-03 9.990465e-01 -4.310967e-02 -5.479109e+00 -6.472835e-01 3.732494e-02 7.613349e-01 9.235602e+01
8.986353e-01 1.248378e-02 4.385189e-01 5.753992e+01 -4.757360e-03 9.998135e-01 -1.871374e-02 -5.590987e+00 -4.386707e-01 1.473063e-02 8.985271e-01 9.406120e+01
9.354383e-01 2.009299e-02 3.529185e-01 5.781242e+01 -1.677232e-02 9.997816e-01 -1.246502e-02 -5.628018e+00 -3.530919e-01 5.740989e-03 9.355710e-01 9.498160e+01
9.575689e-01 2.703186e-02 2.869340e-01 5.804176e+01 -2.398075e-02 9.996123e-01 -1.414319e-02 -5.648502e+00 -2.872051e-01 6.662179e-03 9.578459e-01 9.592488e+01
9.684686e-01 1.824212e-02 2.484671e-01 5.827731e+01 -1.542480e-02 9.997928e-01 -1.328105e-02 -5.680139e+00 -2.486579e-01 9.029716e-03 9.685492e-01 9.688437e+01
9.715089e-01 2.227795e-02 2.359539e-01 5.838327e+01 -1.962485e-02 9.997151e-01 -1.358695e-02 -5.692607e+00 -2.361893e-01 8.569285e-03 9.716692e-01 9.738035e+01
9.747832e-01 3.487426e-02 2.204121e-01 5.858946e+01 -3.249051e-02 9.993678e-01 -1.443214e-02 -5.712881e+00 -2.207760e-01 6.906903e-03 9.753000e-01 9.840345e+01
9.751968e-01 4.130161e-02 2.174521e-01 5.869673e+01 -3.824103e-02 9.991016e-01 -1.826602e-02 -5.732310e+00 -2.180111e-01 9.497371e-03 9.759000e-01 9.892830e+01
9.740428e-01 4.025106e-02 2.227568e-01 5.907451e+01 -3.435475e-02 9.989508e-01 -3.028340e-02 -5.797891e+00 -2.237420e-01 2.184457e-02 9.744035e-01 1.005505e+02
9.718871e-01 4.493798e-02 2.311193e-01 5.934323e+01 -3.793231e-02 9.986787e-01 -3.466905e-02 -5.844770e+00 -2.323718e-01 2.492751e-02 9.723075e-01 1.016926e+02
9.703452e-01 4.844800e-02 2.368188e-01 5.947979e+01 -4.230693e-02 9.986252e-01 -3.094804e-02 -5.872668e+00 -2.379925e-01 2.001121e-02 9.710608e-01 1.022853e+02
9.685083e-01 4.085678e-02 2.456065e-01 5.979880e+01 -3.690930e-02 9.991051e-01 -2.065604e-02 -5.928075e+00 -2.462306e-01 1.094038e-02 9.691495e-01 1.034998e+02
9.677060e-01 3.817011e-02 2.491753e-01 5.996454e+01 -3.530703e-02 9.992492e-01 -1.595117e-02 -5.953554e+00 -2.495970e-01 6.638405e-03 9.683270e-01 1.041244e+02
9.670770e-01 3.012062e-02 2.526952e-01 6.030914e+01 -2.652167e-02 9.994926e-01 -1.763722e-02 -5.998250e+00 -2.530982e-01 1.035465e-02 9.673851e-01 1.053923e+02
9.672372e-01 2.935759e-02 2.521715e-01 6.048079e+01 -2.413441e-02 9.994258e-01 -2.378160e-02 -6.023068e+00 -2.527249e-01 1.691644e-02 9.673902e-01 1.060354e+02
9.674264e-01 3.108975e-02 2.512362e-01 6.064973e+01 -2.389677e-02 9.992139e-01 -3.163137e-02 -6.049018e+00 -2.520221e-01 2.459729e-02 9.674088e-01 1.066923e+02
9.690741e-01 2.877873e-02 2.450863e-01 6.117722e+01 -2.348928e-02 9.994243e-01 -2.447838e-02 -6.135437e+00 -2.456496e-01 1.796446e-02 9.691922e-01 1.087607e+02
9.696494e-01 2.911215e-02 2.427603e-01 6.135508e+01 -2.561797e-02 9.995179e-01 -1.753858e-02 -6.168814e+00 -2.431539e-01 1.078724e-02 9.699277e-01 1.094778e+02
9.700047e-01 3.237650e-02 2.409204e-01 6.152759e+01 -2.883405e-02 9.994182e-01 -1.821556e-02 -6.198021e+00 -2.413700e-01 1.072247e-02 9.703739e-01 1.102002e+02
9.711702e-01 3.945438e-02 2.350997e-01 6.187414e+01 -3.375909e-02 9.990320e-01 -2.820239e-02 -6.252301e+00 -2.359848e-01 1.945256e-02 9.715620e-01 1.116692e+02
9.721966e-01 3.867136e-02 2.309511e-01 6.205312e+01 -3.231967e-02 9.989897e-01 -3.122404e-02 -6.282018e+00 -2.319252e-01 2.289163e-02 9.724642e-01 1.124214e+02
9.741028e-01 3.235463e-02 2.237790e-01 6.241758e+01 -2.673172e-02 9.992473e-01 -2.811183e-02 -6.351409e+00 -2.245201e-01 2.140181e-02 9.742344e-01 1.139649e+02
9.745476e-01 3.082445e-02 2.220517e-01 6.260024e+01 -2.588369e-02 9.993491e-01 -2.512708e-02 -6.387404e+00 -2.226817e-01 1.874001e-02 9.747110e-01 1.147551e+02
9.752499e-01 2.247719e-02 2.199602e-01 6.297372e+01 -1.826607e-02 9.996092e-01 -2.116033e-02 -6.450506e+00 -2.203499e-01 1.661880e-02 9.752793e-01 1.163732e+02
9.751303e-01 2.794458e-02 2.198640e-01 6.333463e+01 -2.375350e-02 9.994826e-01 -2.168323e-02 -6.517585e+00 -2.203562e-01 1.592143e-02 9.752895e-01 1.180121e+02
9.743646e-01 4.180173e-02 2.210574e-01 6.369130e+01 -3.686288e-02 9.989709e-01 -2.642226e-02 -6.583319e+00 -2.219344e-01 1.759609e-02 9.749028e-01 1.196659e+02
9.724994e-01 5.172831e-02 2.270885e-01 6.405736e+01 -4.772120e-02 9.985934e-01 -2.310429e-02 -6.658079e+00 -2.279642e-01 1.163197e-02 9.736000e-01 1.213427e+02
9.714761e-01 5.201240e-02 2.313632e-01 6.444981e+01 -4.701719e-02 9.985276e-01 -2.705593e-02 -6.728166e+00 -2.324297e-01 1.540614e-02 9.724911e-01 1.230215e+02
9.718221e-01 3.802642e-02 2.326284e-01 6.486450e+01 -3.279916e-02 9.991159e-01 -2.629888e-02 -6.784235e+00 -2.334227e-01 1.792781e-02 9.722100e-01 1.247241e+02
9.711204e-01 4.003934e-02 2.352064e-01 6.526209e+01 -3.523136e-02 9.990761e-01 -2.461010e-02 -6.849345e+00 -2.359744e-01 1.561273e-02 9.716338e-01 1.264226e+02
9.703421e-01 4.468201e-02 2.375705e-01 6.565809e+01 -4.268596e-02 9.989967e-01 -1.354208e-02 -6.913045e+00 -2.379372e-01 2.999522e-03 9.712758e-01 1.281205e+02
9.702979e-01 4.107535e-02 2.384005e-01 6.608066e+01 -3.412526e-02 9.988656e-01 -3.320919e-02 -7.000709e+00 -2.394942e-01 2.408732e-02 9.705989e-01 1.297485e+02
9.708707e-01 3.562799e-02 2.369405e-01 6.651051e+01 -2.737139e-02 9.989010e-01 -3.804652e-02 -7.092137e+00 -2.380356e-01 3.045286e-02 9.707789e-01 1.313828e+02
9.714734e-01 2.591697e-02 2.357283e-01 6.693208e+01 -2.747143e-02 9.996171e-01 3.311926e-03 -7.177765e+00 -2.355522e-01 -9.693239e-03 9.718133e-01 1.330601e+02
9.716942e-01 3.680518e-02 2.333577e-01 6.733397e+01 -3.320560e-02 9.992614e-01 -1.933645e-02 -7.221705e+00 -2.338970e-01 1.104033e-02 9.721986e-01 1.346626e+02
9.725903e-01 3.392131e-02 2.300382e-01 6.774822e+01 -2.784568e-02 9.991736e-01 -2.960745e-02 -7.275568e+00 -2.308524e-01 2.239035e-02 9.727311e-01 1.362625e+02
9.740244e-01 3.316910e-02 2.240007e-01 6.812659e+01 -2.766976e-02 9.992347e-01 -2.764591e-02 -7.329594e+00 -2.247463e-01 2.072974e-02 9.741967e-01 1.378726e+02
9.756333e-01 3.839790e-02 2.160215e-01 6.848738e+01 -3.300030e-02 9.990478e-01 -2.853953e-02 -7.375994e+00 -2.169116e-01 2.071534e-02 9.759714e-01 1.394818e+02
9.761098e-01 4.665322e-02 2.122104e-01 6.883080e+01 -4.167268e-02 9.987421e-01 -2.788476e-02 -7.431426e+00 -2.132444e-01 1.837520e-02 9.768260e-01 1.410669e+02
9.767943e-01 4.343929e-02 2.097286e-01 6.918789e+01 -3.956073e-02 9.989603e-01 -2.265516e-02 -7.492154e+00 -2.104946e-01 1.383241e-02 9.774971e-01 1.426598e+02
9.785757e-01 3.715735e-02 2.025067e-01 6.953255e+01 -3.191867e-02 9.990675e-01 -2.907493e-02 -7.548491e+00 -2.033982e-01 2.198827e-02 9.788491e-01 1.442346e+02
9.813433e-01 3.290257e-02 1.894277e-01 6.984462e+01 -2.849114e-02 9.992567e-01 -2.596524e-02 -7.612956e+00 -1.901412e-01 2.008380e-02 9.815513e-01 1.458298e+02
9.833609e-01 2.646368e-02 1.797248e-01 7.013150e+01 -2.542474e-02 9.996440e-01 -8.082177e-03 -7.668862e+00 -1.798747e-01 3.378240e-03 9.836837e-01 1.474395e+02
9.845163e-01 3.687818e-02 1.713701e-01 7.037981e+01 -3.585879e-02 9.993159e-01 -9.041220e-03 -7.712080e+00 -1.715862e-01 2.756104e-03 9.851652e-01 1.490330e+02
9.869512e-01 3.436872e-02 1.573096e-01 7.063407e+01 -3.068028e-02 9.991958e-01 -2.581629e-02 -7.751909e+00 -1.580703e-01 2.065311e-02 9.872118e-01 1.506153e+02
9.888875e-01 3.991791e-02 1.432067e-01 7.085703e+01 -3.731589e-02 9.990868e-01 -2.081080e-02 -7.812429e+00 -1.439066e-01 1.523565e-02 9.894739e-01 1.522370e+02
9.909259e-01 4.849401e-02 1.253563e-01 7.105219e+01 -4.546236e-02 9.986028e-01 -2.693473e-02 -7.868414e+00 -1.264873e-01 2.099133e-02 9.917460e-01 1.538549e+02
9.929566e-01 4.708196e-02 1.087220e-01 7.123668e+01 -4.431524e-02 9.986327e-01 -2.772649e-02 -7.916918e+00 -1.098787e-01 2.271316e-02 9.936854e-01 1.554826e+02
9.941880e-01 5.348146e-02 9.343488e-02 7.136837e+01 -5.238072e-02 9.985263e-01 -1.419561e-02 -7.966304e+00 -9.405638e-02 9.218918e-03 9.955241e-01 1.571360e+02
9.954223e-01 5.249755e-02 7.986537e-02 7.149070e+01 -5.197701e-02 9.986114e-01 -8.584225e-03 -8.012612e+00 -8.020511e-02 4.393765e-03 9.967686e-01 1.587800e+02
9.958975e-01 5.644942e-02 7.072225e-02 7.159206e+01 -5.546812e-02 9.983360e-01 -1.576487e-02 -8.062682e+00 -7.149448e-02 1.177736e-02 9.973714e-01 1.604205e+02
9.957357e-01 6.336806e-02 6.704397e-02 7.162754e+01 -6.207913e-02 9.978473e-01 -2.113905e-02 -8.085177e+00 -6.823918e-02 1.688687e-02 9.975260e-01 1.612383e+02
9.958600e-01 6.437660e-02 6.417679e-02 7.166501e+01 -6.289692e-02 9.977114e-01 -2.481823e-02 -8.105358e+00 -6.562762e-02 2.067896e-02 9.976298e-01 1.620549e+02
9.958828e-01 6.825485e-02 5.965502e-02 7.173958e+01 -6.785743e-02 9.976574e-01 -8.664995e-03 -8.140372e+00 -6.010669e-02 4.581283e-03 9.981814e-01 1.637286e+02
9.960001e-01 6.906583e-02 5.669062e-02 7.177540e+01 -6.916226e-02 9.976054e-01 -2.616200e-04 -8.158203e+00 -5.657294e-02 -3.660277e-03 9.983917e-01 1.645638e+02
9.964269e-01 6.676599e-02 5.172834e-02 7.181125e+01 -6.671062e-02 9.977684e-01 -2.798170e-03 -8.173449e+00 -5.179972e-02 -6.626575e-04 9.986572e-01 1.653868e+02
9.979639e-01 5.517487e-02 3.199794e-02 7.190149e+01 -5.468822e-02 9.983770e-01 -1.589030e-02 -8.209715e+00 -3.282275e-02 1.410803e-02 9.993616e-01 1.678465e+02
9.986378e-01 4.912776e-02 1.758187e-02 7.193066e+01 -4.903568e-02 9.987811e-01 -5.630728e-03 -8.240659e+00 -1.783706e-02 4.760919e-03 9.998295e-01 1.695173e+02
9.990975e-01 4.078690e-02 1.185966e-02 7.194420e+01 -4.075076e-02 9.991640e-01 -3.273653e-03 -8.251269e+00 -1.198327e-02 2.787409e-03 9.999243e-01 1.703582e+02
9.993260e-01 3.624932e-02 5.790517e-03 7.195036e+01 -3.623788e-02 9.993410e-01 -2.069112e-03 -8.265898e+00 -5.861705e-03 1.857882e-03 9.999810e-01 1.712012e+02
9.996479e-01 2.528590e-02 -8.050398e-03 7.194423e+01 -2.542603e-02 9.995181e-01 -1.780696e-02 -8.295895e+00 7.596253e-03 1.800538e-02 9.998090e-01 1.728670e+02
9.997990e-01 1.295244e-02 -1.530398e-02 7.194610e+01 -1.333594e-02 9.995928e-01 -2.522779e-02 -8.314995e+00 1.497098e-02 2.542681e-02 9.995645e-01 1.736993e+02
9.996436e-01 1.605209e-02 -2.133065e-02 7.192242e+01 -1.640104e-02 9.997328e-01 -1.628577e-02 -8.332767e+00 2.106353e-02 1.662980e-02 9.996398e-01 1.745517e+02
9.990013e-01 3.251977e-02 -3.064244e-02 7.183806e+01 -3.236068e-02 9.994601e-01 5.673991e-03 -8.369208e+00 3.081041e-02 -4.676713e-03 9.995143e-01 1.762661e+02
9.988864e-01 3.211212e-02 -3.456697e-02 7.180048e+01 -3.201024e-02 9.994814e-01 3.496713e-03 -8.380943e+00 3.466132e-02 -2.386321e-03 9.993962e-01 1.771104e+02
9.982576e-01 4.360448e-02 -3.975662e-02 7.170504e+01 -4.429609e-02 9.988791e-01 -1.668374e-02 -8.408732e+00 3.898457e-02 1.841573e-02 9.990700e-01 1.787853e+02
9.983190e-01 3.709972e-02 -4.452873e-02 7.162938e+01 -3.785446e-02 9.991515e-01 -1.622741e-02 -8.451315e+00 4.388891e-02 1.788574e-02 9.988762e-01 1.804893e+02
9.982447e-01 3.981282e-02 -4.384633e-02 7.153819e+01 -3.987331e-02 9.992046e-01 -5.053899e-04 -8.495182e+00 4.379133e-02 2.252801e-03 9.990381e-01 1.822141e+02
9.981548e-01 3.713477e-02 -4.804330e-02 7.145164e+01 -3.766269e-02 9.992391e-01 -1.012985e-02 -8.543212e+00 4.763058e-02 1.192060e-02 9.987938e-01 1.839180e+02
9.984731e-01 1.547705e-02 -5.302878e-02 7.138986e+01 -1.690010e-02 9.995061e-01 -2.649288e-02 -8.596086e+00 5.259256e-02 2.734862e-02 9.982414e-01 1.856110e+02
9.982214e-01 2.292478e-02 -5.503216e-02 7.128399e+01 -2.362423e-02 9.996477e-01 -1.209310e-02 -8.659180e+00 5.473554e-02 1.337168e-02 9.984113e-01 1.873332e+02
9.980717e-01 2.293392e-02 -5.768076e-02 7.118264e+01 -2.358163e-02 9.996660e-01 -1.057360e-02 -8.712856e+00 5.741900e-02 1.191341e-02 9.982790e-01 1.890202e+02
9.980532e-01 2.327322e-02 -5.786424e-02 7.113685e+01 -2.430321e-02 9.995573e-01 -1.716040e-02 -8.736466e+00 5.743924e-02 1.853328e-02 9.981769e-01 1.898562e+02
9.978588e-01 3.003041e-02 -5.810388e-02 7.107577e+01 -3.115242e-02 9.993434e-01 -1.850161e-02 -8.761375e+00 5.751011e-02 2.027207e-02 9.981390e-01 1.906947e+02
9.977393e-01 3.329039e-02 -5.837976e-02 7.101964e+01 -3.417387e-02 9.993150e-01 -1.420047e-02 -8.788561e+00 5.786702e-02 1.616343e-02 9.981934e-01 1.915357e+02
9.975674e-01 3.693481e-02 -5.912010e-02 7.096425e+01 -3.766129e-02 9.992275e-01 -1.122112e-02 -8.816710e+00 5.865998e-02 1.342036e-02 9.981878e-01 1.923732e+02
9.974328e-01 4.009581e-02 -5.933112e-02 7.090819e+01 -4.066337e-02 9.991377e-01 -8.389275e-03 -8.838886e+00 5.894358e-02 1.078034e-02 9.982030e-01 1.932083e+02
9.972334e-01 4.411351e-02 -5.982968e-02 7.084733e+01 -4.469685e-02 9.989649e-01 -8.446293e-03 -8.861377e+00 5.939515e-02 1.109712e-02 9.981728e-01 1.940400e+02
9.972752e-01 4.218303e-02 -6.052129e-02 7.079115e+01 -4.291190e-02 9.990205e-01 -1.079394e-02 -8.884907e+00 6.000668e-02 1.336161e-02 9.981085e-01 1.948635e+02
9.971203e-01 4.409215e-02 -6.170116e-02 7.073224e+01 -4.521326e-02 9.988345e-01 -1.689265e-02 -8.906076e+00 6.088441e-02 1.963371e-02 9.979516e-01 1.956763e+02
9.969926e-01 4.514267e-02 -6.299117e-02 7.067083e+01 -4.633030e-02 9.987725e-01 -1.752171e-02 -8.923746e+00 6.212287e-02 2.038741e-02 9.978602e-01 1.964897e+02
9.971780e-01 4.511427e-02 -6.000663e-02 7.062911e+01 -4.628586e-02 9.987610e-01 -1.827907e-02 -8.938874e+00 5.910763e-02 2.100494e-02 9.980305e-01 1.971957e+02
9.973545e-01 4.508963e-02 -5.701710e-02 7.058733e+01 -4.624100e-02 9.987489e-01 -1.903726e-02 -8.954024e+00 5.608737e-02 2.162342e-02 9.981916e-01 1.979026e+02
9.975218e-01 4.506880e-02 -5.402910e-02 7.054557e+01 -4.619582e-02 9.987362e-01 -1.979462e-02 -8.969162e+00 5.306869e-02 2.224148e-02 9.983431e-01 1.986091e+02
9.976800e-01 4.505178e-02 -5.104010e-02 7.050380e+01 -4.615029e-02 9.987230e-01 -2.055182e-02 -8.984301e+00 5.004903e-02 2.285965e-02 9.984851e-01 1.993157e+02
9.978290e-01 4.503855e-02 -4.805043e-02 7.046202e+01 -4.610441e-02 9.987093e-01 -2.130877e-02 -8.999441e+00 4.702870e-02 2.347784e-02 9.986175e-01 2.000222e+02
9.979689e-01 4.502913e-02 -4.506211e-02 7.042027e+01 -4.605821e-02 9.986950e-01 -2.206497e-02 -9.014570e+00 4.400973e-02 2.409563e-02 9.987404e-01 2.007284e+02
9.980995e-01 4.502350e-02 -4.207462e-02 7.037852e+01 -4.601169e-02 9.986802e-01 -2.282056e-02 -9.029691e+00 4.099163e-02 2.471311e-02 9.988538e-01 2.014342e+02
9.983338e-01 4.502363e-02 -3.609049e-02 7.029491e+01 -4.591749e-02 9.986488e-01 -2.433286e-02 -9.059972e+00 3.494617e-02 2.594950e-02 9.990522e-01 2.028477e+02
9.985315e-01 4.503897e-02 -3.010522e-02 7.021128e+01 -4.582193e-02 9.986152e-01 -2.584392e-02 -9.090248e+00 2.889955e-02 2.718544e-02 9.992125e-01 2.042610e+02
9.986926e-01 4.506947e-02 -2.412324e-02 7.012768e+01 -4.572507e-02 9.985795e-01 -2.735266e-02 -9.120498e+00 2.285620e-02 2.841993e-02 9.993347e-01 2.056732e+02
9.987594e-01 4.509040e-02 -2.113323e-02 7.008590e+01 -4.567615e-02 9.985608e-01 -2.810624e-02 -9.135614e+00 1.983549e-02 2.903665e-02 9.993815e-01 2.063790e+02
9.988567e-01 4.517153e-02 -1.565232e-02 6.999905e+01 -4.562219e-02 9.985159e-01 -2.974193e-02 -9.165290e+00 1.428560e-02 3.042201e-02 9.994350e-01 2.077971e+02
9.991350e-01 4.154088e-02 -1.912342e-03 6.998306e+01 -4.157468e-02 9.988516e-01 -2.381015e-02 -9.208113e+00 9.210518e-04 2.386905e-02 9.997146e-01 2.090931e+02
9.995600e-01 2.799323e-02 9.815266e-03 7.000778e+01 -2.783387e-02 9.994843e-01 -1.601343e-02 -9.261371e+00 -1.025847e-02 1.573319e-02 9.998235e-01 2.103757e+02
9.993972e-01 3.154472e-02 1.450058e-02 7.001951e+01 -3.133748e-02 9.994065e-01 -1.430386e-02 -9.302230e+00 -1.494319e-02 1.384082e-02 9.997925e-01 2.116498e+02
9.993983e-01 3.193726e-02 1.353550e-02 7.003039e+01 -3.180250e-02 9.994435e-01 -1.005720e-02 -9.333416e+00 -1.384917e-02 9.620679e-03 9.998578e-01 2.129445e+02
9.990170e-01 4.213031e-02 1.378874e-02 7.001762e+01 -4.197964e-02 9.990574e-01 -1.103998e-02 -9.361494e+00 -1.424087e-02 1.045028e-02 9.998439e-01 2.142524e+02
9.989009e-01 4.575401e-02 1.018246e-02 7.000644e+01 -4.544509e-02 9.985532e-01 -2.874302e-02 -9.397152e+00 -1.148284e-02 2.824868e-02 9.995349e-01 2.155565e+02
9.991864e-01 4.023503e-02 2.775105e-03 7.000612e+01 -4.014078e-02 9.987944e-01 -2.825507e-02 -9.429329e+00 -3.908602e-03 2.812068e-02 9.995968e-01 2.168933e+02
9.989962e-01 4.456999e-02 -4.497923e-03 6.997211e+01 -4.457970e-02 9.990036e-01 -2.080989e-03 -9.473975e+00 4.400691e-03 2.279416e-03 9.999877e-01 2.182707e+02
9.992283e-01 3.837875e-02 -8.362817e-03 6.996763e+01 -3.830045e-02 9.992227e-01 9.330271e-03 -9.487565e+00 8.714400e-03 -9.002769e-03 9.999214e-01 2.189643e+02
9.993067e-01 3.538900e-02 -1.156541e-02 6.995651e+01 -3.531205e-02 9.993532e-01 6.791368e-03 -9.495411e+00 1.179826e-02 -6.378259e-03 9.999100e-01 2.196463e+02
9.993118e-01 3.052516e-02 -2.107665e-02 6.996054e+01 -3.081390e-02 9.994338e-01 -1.351338e-02 -9.567751e+00 2.065221e-02 1.415353e-02 9.996865e-01 2.216247e+02
9.996015e-01 1.534279e-02 -2.369614e-02 6.998119e+01 -1.543214e-02 9.998744e-01 -3.592590e-03 -9.615886e+00 2.363804e-02 3.956841e-03 9.997127e-01 2.229918e+02
9.996062e-01 9.568085e-03 -2.638256e-02 6.998163e+01 -9.648184e-03 9.999492e-01 -2.910422e-03 -9.683750e+00 2.635337e-02 3.163819e-03 9.996476e-01 2.243537e+02
9.995051e-01 -8.326333e-03 -3.033594e-02 6.996949e+01 8.243860e-03 9.999620e-01 -2.842732e-03 -9.792795e+00 3.035846e-02 2.591240e-03 9.995357e-01 2.270898e+02
9.994183e-01 -1.238982e-02 -3.177627e-02 6.987145e+01 1.184129e-02 9.997786e-01 -1.739299e-02 -9.964503e+00 3.198473e-02 1.700660e-02 9.993436e-01 2.317690e+02
9.993685e-01 -1.429766e-02 -3.252990e-02 6.985983e+01 1.401429e-02 9.998620e-01 -8.922511e-03 -9.992889e+00 3.265298e-02 8.460992e-03 9.994309e-01 2.324182e+02
9.993512e-01 -1.492646e-02 -3.277765e-02 6.984446e+01 1.479210e-02 9.998812e-01 -4.337658e-03 -1.001409e+01 3.283849e-02 3.849993e-03 9.994532e-01 2.330405e+02
7.676768e-01 4.234926e-02 -6.394364e-01 6.700890e+01 -5.366195e-02 9.985577e-01 1.709552e-03 -1.018416e+01 6.385865e-01 3.300102e-02 7.688420e-01 2.428099e+02
6.901781e-01 6.672397e-02 -7.205569e-01 6.633224e+01 -6.457326e-02 9.974463e-01 3.051326e-02 -1.016386e+01 7.207527e-01 2.546912e-02 6.927241e-01 2.433442e+02
5.598590e-01 8.423029e-02 -8.242956e-01 6.526011e+01 -7.033104e-02 9.960603e-01 5.401338e-02 -1.011788e+01 8.255976e-01 2.773368e-02 5.635773e-01 2.439919e+02
3.070666e-01 6.126535e-02 -9.497140e-01 6.330850e+01 -4.192552e-02 9.978277e-01 5.081356e-02 -9.982249e+00 9.507640e-01 2.421411e-02 3.089682e-01 2.446831e+02
2.119977e-01 6.361948e-02 -9.751972e-01 6.240525e+01 -4.089409e-02 9.975822e-01 5.618988e-02 -9.929802e+00 9.764141e-01 2.796767e-02 2.140868e-01 2.448251e+02
1.290802e-01 6.165050e-02 -9.897159e-01 6.145894e+01 -3.658882e-02 9.976820e-01 5.737475e-02 -9.873647e+00 9.909589e-01 2.880659e-02 1.310367e-01 2.449260e+02
9.339541e-02 6.112447e-02 -9.937511e-01 6.096195e+01 -3.577600e-02 9.976751e-01 5.800353e-02 -9.844318e+00 9.949861e-01 3.013517e-02 9.536506e-02 2.449414e+02
-3.900133e-02 4.809847e-02 -9.980809e-01 5.659598e+01 -4.432450e-02 9.977744e-01 4.981575e-02 -9.598446e+00 9.982556e-01 4.618231e-02 -3.678258e-02 2.448240e+02
-4.089244e-02 4.857652e-02 -9.979821e-01 5.598115e+01 -4.394532e-02 9.977635e-01 5.036655e-02 -9.567377e+00 9.981966e-01 4.591625e-02 -3.866627e-02 2.447978e+02
-4.214587e-02 4.899243e-02 -9.979096e-01 5.534817e+01 -4.363390e-02 9.977538e-01 5.082763e-02 -9.534743e+00 9.981582e-01 4.568486e-02 -3.991346e-02 2.447709e+02
-4.129111e-02 4.970212e-02 -9.979102e-01 5.402129e+01 -4.265036e-02 9.977639e-01 5.145961e-02 -9.467967e+00 9.982364e-01 4.468605e-02 -3.907896e-02 2.447179e+02
-4.177101e-02 4.275942e-02 -9.982118e-01 5.120668e+01 -3.860585e-02 9.982686e-01 4.437736e-02 -9.271451e+00 9.983810e-01 4.039050e-02 -4.004792e-02 2.444614e+02
-4.144332e-02 4.258583e-02 -9.982329e-01 5.045197e+01 -3.928489e-02 9.982492e-01 4.421751e-02 -9.222874e+00 9.983682e-01 4.104799e-02 -3.969778e-02 2.443907e+02
-4.068132e-02 4.334719e-02 -9.982315e-01 4.966726e+01 -3.774082e-02 9.982789e-01 4.488733e-02 -9.176746e+00 9.984591e-01 3.950015e-02 -3.897534e-02 2.443343e+02
-3.668499e-02 5.022321e-02 -9.980641e-01 4.551505e+01 -2.858509e-02 9.982749e-01 5.128451e-02 -9.002662e+00 9.989179e-01 3.041113e-02 -3.518607e-02 2.441009e+02
-3.588490e-02 5.657377e-02 -9.977533e-01 4.378198e+01 -2.660232e-02 9.979885e-01 5.754389e-02 -8.926032e+00 9.990018e-01 2.860751e-02 -3.430772e-02 2.440160e+02
-3.848837e-02 4.919261e-02 -9.980475e-01 4.206014e+01 -2.626256e-02 9.983927e-01 5.022242e-02 -8.851693e+00 9.989138e-01 2.814427e-02 -3.713458e-02 2.439267e+02
-4.063027e-02 4.763625e-02 -9.980381e-01 4.119342e+01 -2.332629e-02 9.985454e-01 4.861009e-02 -8.814679e+00 9.989019e-01 2.525557e-02 -3.945999e-02 2.438841e+02
-4.653298e-02 5.881119e-02 -9.971840e-01 3.944834e+01 -1.901639e-02 9.980323e-01 5.974862e-02 -8.740525e+00 9.987357e-01 2.174312e-02 -4.532304e-02 2.437937e+02
-5.168669e-02 6.301279e-02 -9.966734e-01 3.770694e+01 -1.463460e-02 9.978524e-01 6.384628e-02 -8.641674e+00 9.985561e-01 1.788592e-02 -5.065352e-02 2.437224e+02
-5.595537e-02 5.846574e-02 -9.967200e-01 3.596532e+01 -1.594662e-02 9.981043e-01 5.944219e-02 -8.533757e+00 9.983059e-01 1.922043e-02 -5.491696e-02 2.436638e+02
-5.928177e-02 5.599217e-02 -9.966698e-01 3.422783e+01 -1.645021e-02 9.982353e-01 5.705859e-02 -8.428708e+00 9.981057e-01 1.977796e-02 -5.825607e-02 2.435838e+02
-6.131504e-02 5.187698e-02 -9.967694e-01 3.247295e+01 -2.518677e-02 9.982500e-01 5.350338e-02 -8.324969e+00 9.978006e-01 2.838596e-02 -5.990112e-02 2.434890e+02
-6.115626e-02 4.728597e-02 -9.970075e-01 3.071981e+01 -2.926830e-02 9.983627e-01 4.914556e-02 -8.245801e+00 9.976989e-01 3.218627e-02 -5.967215e-02 2.433929e+02
-5.738838e-02 4.803069e-02 -9.971959e-01 2.898709e+01 -2.947892e-02 9.983250e-01 4.978158e-02 -8.189127e+00 9.979166e-01 3.225314e-02 -5.587635e-02 2.433150e+02
-5.529084e-02 4.884164e-02 -9.972750e-01 2.812453e+01 -2.810314e-02 9.983310e-01 5.045146e-02 -8.151992e+00 9.980747e-01 3.081606e-02 -5.382595e-02 2.432849e+02
-5.123993e-02 5.223599e-02 -9.973194e-01 2.641452e+01 -2.135718e-02 9.983455e-01 5.338702e-02 -8.084825e+00 9.984579e-01 2.403548e-02 -5.003954e-02 2.432298e+02
-4.922633e-02 5.241439e-02 -9.974114e-01 2.556309e+01 -1.550442e-02 9.984616e-01 5.323480e-02 -8.045766e+00 9.986673e-01 1.808484e-02 -4.833795e-02 2.432081e+02
-4.730535e-02 5.068884e-02 -9.975936e-01 2.472405e+01 -1.582281e-02 9.985483e-01 5.148767e-02 -8.010156e+00 9.987551e-01 1.822038e-02 -4.643463e-02 2.431749e+02
-4.473834e-02 4.976063e-02 -9.977587e-01 2.304725e+01 -1.250247e-02 9.986526e-01 5.036582e-02 -7.958451e+00 9.989205e-01 1.472774e-02 -4.405593e-02 2.431145e+02
-4.473087e-02 5.407644e-02 -9.975344e-01 2.221039e+01 -1.015789e-02 9.984576e-01 5.458199e-02 -7.933477e+00 9.989474e-01 1.257435e-02 -4.411257e-02 2.430910e+02
-4.526291e-02 5.848194e-02 -9.972618e-01 2.138123e+01 -1.198970e-02 9.981812e-01 5.908004e-02 -7.910159e+00 9.989031e-01 1.463101e-02 -4.447940e-02 2.430551e+02
-4.690140e-02 6.052890e-02 -9.970640e-01 2.055536e+01 -1.360045e-02 9.980312e-01 6.122739e-02 -7.887252e+00 9.988069e-01 1.643217e-02 -4.598583e-02 2.430172e+02
-5.227617e-02 5.631150e-02 -9.970438e-01 1.892549e+01 -1.560376e-02 9.982409e-01 5.719725e-02 -7.844050e+00 9.985107e-01 1.854769e-02 -5.130554e-02 2.429405e+02
