9.999983046366135442e-01 -1.739766954938927425e-03 -6.032701230298109915e-04 -6.514299999999999778e-03 1.740231318500720875e-03 9.999981892878130330e-01 7.700753556740077719e-04 -1.981660000000000019e-02 6.019292790246326798e-04 -7.711238796780571459e-04 9.999995215244381619e-01 -2.306350000000000067e-02
9.999872499830337880e-01 -1.969842267367025081e-03 -4.649687388545151352e-03 -7.054699999999999686e-03 1.966545133439583700e-03 9.999978117536626465e-01 -7.135741898057735514e-04 -1.982690000000000147e-02 4.651082842483735512e-03 7.044212716167880858e-04 9.999889355483212450e-01 2.391280000000000142e-02
9.999545940306174829e-01 -6.721882840240279251e-04 -9.505684613631678812e-03 -7.954499999999999765e-03 6.605964222933122460e-04 9.999990344872191628e-01 -1.222553473801956357e-03 -2.008000000000000063e-02 9.506497221893376107e-03 1.216218541329142783e-03 9.999540726068522067e-01 7.182439999999999658e-02
9.998369213679237921e-01 5.945059598418276020e-04 -1.804930004670038390e-02 -1.066759999999999931e-02 -6.442423334026631731e-04 9.999960115062971333e-01 -2.749895145918934952e-03 -2.081469999999999848e-02 1.804759322812761468e-02 2.761074819958556862e-03 9.998333165305658410e-01 1.706714000000000009e-01
9.996223696605847087e-01 3.451366113701586323e-03 -2.726180746220852741e-02 -1.408189999999999963e-02 -3.495175501845301964e-03 9.999926758275309302e-01 -1.559499761424274758e-03 -2.180829999999999921e-02 2.725622538739794903e-02 1.654195648577984736e-03 9.996271113842338796e-01 2.728570000000000162e-01
9.994951212223488479e-01 2.415219301482763800e-03 -3.168074128627693109e-02 -1.597229999999999830e-02 -2.387373821791183640e-03 9.999967300141583415e-01 9.167372718069060180e-04 -2.182349999999999915e-02 3.168285181225473368e-02 -8.406406582118921373e-04 9.994976189187878557e-01 3.255916999999999839e-01
9.993741945787382175e-01 1.784021338575129305e-03 -3.532755975101836005e-02 -1.785230000000000150e-02 -1.658634375959825097e-03 9.999922224760270373e-01 3.578256483659281173e-03 -2.222220000000000098e-02 3.533366867599723599e-02 -3.517421686331328318e-03 9.993693809611016166e-01 3.783733000000000235e-01
9.992753163477539058e-01 3.287339425778747562e-03 -3.792143902327515387e-02 -2.035330000000000125e-02 -3.178282055298546280e-03 9.999906397501079347e-01 2.935802334427931905e-03 -2.255969999999999850e-02 3.793073504788988665e-02 -2.813149777311172925e-03 9.992764109729885824e-01 4.318220999999999865e-01
9.991349449423505558e-01 -8.498170932668940437e-05 -4.158550917273045461e-02 -2.540660000000000140e-02 1.673635816569211314e-04 9.999980306485117820e-01 1.977546087862634867e-03 -2.291280000000000053e-02 4.158525922099925304e-02 -1.982795301377768965e-03 9.991329915173029486e-01 5.402057999999999582e-01
9.990499571434897641e-01 -1.981682781343007240e-04 -4.357916774015840183e-02 -2.793549999999999853e-02 3.213077590833432256e-04 9.999959759397758496e-01 2.818663793243504200e-03 -2.334260000000000154e-02 4.357843380521234794e-02 -2.829988266571136554e-03 9.990460005793005971e-01 5.953785000000000327e-01
9.988893958967546283e-01 5.267037057216527761e-04 -4.711366413497405231e-02 -3.345270000000000188e-02 -5.178061657755374985e-04 9.999998457263982177e-01 2.010570927978772753e-04 -2.404540000000000149e-02 4.711376276409522806e-02 -1.764380521842619644e-04 9.988895145249160334e-01 7.074477000000000126e-01
9.987213579874715252e-01 4.741310578195626242e-03 -5.033059778764466946e-02 -4.006350000000000189e-02 -4.953167249013490890e-03 9.999793875716557201e-01 -4.085408917062847110e-03 -2.491389999999999924e-02 5.031019015928952370e-02 4.329481010168165396e-03 9.987242564193175021e-01 8.214639000000000246e-01
9.986506817764584376e-01 5.778412311188380751e-03 -5.160838825788630763e-02 -4.320369999999999766e-02 -5.976798174351540330e-03 9.999753285231059996e-01 -3.690559400579438917e-03 -2.563549999999999857e-02 5.158578942885238411e-02 3.994032582246134777e-03 9.986605799933899741e-01 8.795182999999999751e-01
9.985215879513125170e-01 5.504727584284295483e-03 -5.407713351696946669e-02 -5.012710000000000082e-02 -5.550383599100167792e-03 9.999843555926810623e-01 -6.941266407335526826e-04 -2.687710000000000099e-02 5.407246653419985061e-02 9.932492705035144212e-04 9.985365200225750915e-01 9.965300999999999743e-01
9.984728769962802897e-01 5.213614686050607912e-03 -5.499756471587016055e-02 -5.379049999999999804e-02 -5.255185226927069041e-03 9.999860045925414997e-01 -6.112669436029462798e-04 -2.752249999999999835e-02 5.499360809222846730e-02 8.993558534037631412e-04 9.984863014724074670e-01 1.055664300000000111e+00
9.983618540347897197e-01 4.892916193445275182e-03 -5.700585741256075645e-02 -5.699619999999999687e-02 -4.999825922097542695e-03 9.999859992300773603e-01 -1.732941018151196687e-03 -2.795380000000000087e-02 5.699658015149688950e-02 2.015121571417082414e-03 9.983723399293904510e-01 1.114840899999999912e+00
9.983241597052984195e-01 3.450667840630416549e-03 -5.776646986066652500e-02 -6.078909999999999869e-02 -3.612364057446940720e-03 9.999898439944291395e-01 -2.694945994574917889e-03 -2.839739999999999973e-02 5.775658382060110119e-02 2.899103214935428927e-03 9.983264857880527199e-01 1.174293299999999984e+00
9.982986123641606202e-01 3.259791226566827963e-03 -5.821730252210655793e-02 -6.466020000000000101e-02 -3.326604383741338117e-03 9.999939147715242171e-01 -1.050772666044628469e-03 -2.898459999999999925e-02 5.821352295700157192e-02 1.242650828202177503e-03 9.983033815248016918e-01 1.234605399999999964e+00
9.983120268493492766e-01 5.452414533450248429e-03 -5.782186631110631386e-02 -7.176019999999999621e-02 -5.087482871885628741e-03 9.999662140875154037e-01 6.456640109950777251e-03 -3.036530000000000132e-02 5.785511702496418801e-02 -6.151573720323551264e-03 9.983060370321272803e-01 1.356530699999999978e+00
9.984119953909810219e-01 4.261203810481841228e-03 -5.617232059907371899e-02 -7.525400000000000145e-02 -3.734332437307478353e-03 9.999480795808161071e-01 9.481186839504178801e-03 -3.069389999999999966e-02 5.620980537813007050e-02 -9.256364552212121080e-03 9.983760701732735665e-01 1.417859900000000062e+00
9.984820374892502404e-01 4.506922445057634855e-03 -5.489361038763848621e-02 -7.853119999999999545e-02 -3.970957755759311689e-03 9.999434169326580912e-01 9.868861511960549948e-03 -3.053020000000000039e-02 5.493498253224070316e-02 -9.635900742251190393e-03 9.984434371115210594e-01 1.479401399999999978e+00
9.986033911694487397e-01 5.590015129052772203e-03 -5.253588179267602853e-02 -8.585940000000000238e-02 -5.469714420127934698e-03 9.999820802905212691e-01 2.433376667055563245e-03 -3.108129999999999921e-02 5.254854297732061696e-02 -2.142621921498759612e-03 9.986160722731545203e-01 1.603048599999999935e+00
9.986766840098253439e-01 4.556201970332482941e-03 -5.122618313660343842e-02 -8.938429999999999986e-02 -4.590769550881620455e-03 9.999893071457894855e-01 -5.571615695544125581e-04 -3.134630000000000055e-02 5.122309684185439443e-02 7.915918704917150779e-04 9.986869217789129394e-01 1.665100100000000083e+00
9.987149905837531261e-01 2.006607040494976825e-03 -5.063932376601031071e-02 -9.245259999999999589e-02 -1.996506274155714078e-03 9.999979757174362049e-01 2.500474496858008980e-04 -3.165289999999999770e-02 5.063972300468316812e-02 -1.486244087406039501e-04 9.987169751059576939e-01 1.728302599999999911e+00
9.986971851000233658e-01 -3.546990124293522388e-04 -5.102750887413777525e-02 -9.535920000000000507e-02 6.281772272584906173e-04 9.999855261527424988e-01 5.343489346295773185e-03 -3.230480000000000157e-02 5.102487497937434335e-02 -5.368582087796017199e-03 9.986829529233518521e-01 1.791875700000000071e+00
9.985489736135985117e-01 -1.125417806409818519e-02 -5.266204298477704382e-02 -1.015400000000000053e-01 1.170168321676180040e-02 9.998979341309581770e-01 8.197068411114033504e-03 -3.303129999999999955e-02 5.256441672009201649e-02 -8.801408793113724149e-03 9.985787486713969541e-01 1.918667600000000029e+00
9.983610264691384906e-01 -1.311432598821766875e-02 -5.570704875833025482e-02 -1.083463999999999955e-01 1.315410263668782311e-02 9.999134206991542317e-01 3.474040006224051185e-04 -3.360769999999999730e-02 5.569766971168280123e-02 -1.079610851614918720e-03 9.984470962595350940e-01 2.046086799999999872e+00
9.982113126265206304e-01 -1.132327049258372888e-02 -5.870229032832142285e-02 -1.162070000000000047e-01 1.137457143289936391e-02 9.999351617492789890e-01 5.398353094710379996e-04 -3.434969999999999690e-02 5.869237147327262955e-02 -1.206583107483518184e-03 9.982753877002318310e-01 2.175574800000000142e+00
9.980882867163444194e-01 -8.242296768680464417e-03 -6.125223639679738125e-02 -1.247477000000000030e-01 8.544423777927382876e-03 9.999525805095172970e-01 4.672210896410876509e-03 -3.555660000000000071e-02 6.121082209818243941e-02 -5.186644033896192947e-03 9.981113835548266477e-01 2.305714399999999831e+00
9.980445603860226278e-01 -7.420013267222743542e-03 -6.206447363013074120e-02 -1.332527000000000017e-01 8.084179362064253943e-03 9.999126451285204054e-01 1.045696687034641977e-02 -3.636079999999999868e-02 6.198146116310045833e-02 -1.093825923992417827e-02 9.980173610498402903e-01 2.435538300000000156e+00
9.980412685492793257e-01 -1.282443390316580353e-03 -6.254583608439370779e-02 -1.378655000000000019e-01 2.067449037859715212e-03 9.999198872597647725e-01 1.248778270531425080e-02 -3.625230000000000119e-02 6.252481049168454041e-02 -1.259263282121439800e-02 9.979639641147414197e-01 2.500049600000000094e+00
9.980125081384629837e-01 -1.670796029638919357e-03 -6.299398415564484710e-02 -1.459564999999999890e-01 2.323564077362295574e-03 9.999443512314771798e-01 1.029055344665436543e-02 -3.664930000000000271e-02 6.297328520216079195e-02 -1.041647161410241308e-02 9.979608521730498616e-01 2.628498099999999837e+00
9.979600034235950323e-01 3.122716433145117203e-04 -6.384147596350622789e-02 -1.547584999999999933e-01 1.983307114964109755e-04 9.999680479576209535e-01 7.991478508631789240e-03 -3.713869999999999671e-02 6.384193161008711037e-02 -7.987837645184590885e-03 9.979280546302159438e-01 2.756557499999999994e+00
9.978770879302846231e-01 -1.721258292938761605e-03 -6.510264705573880206e-02 -1.589511999999999869e-01 2.334142533941046746e-03 9.999536641753096200e-01 9.339233426967975468e-03 -3.762360000000000010e-02 6.508355523791208019e-02 -9.471365913168926579e-03 9.978348681346691507e-01 2.820400499999999866e+00
9.978182034405765899e-01 -1.202300469049850939e-03 -6.601050943752977129e-02 -1.632521000000000111e-01 1.888370592808439382e-03 9.999448410496549755e-01 1.033193663765908862e-02 -3.795540000000000025e-02 6.599444627485180626e-02 -1.043404675868899942e-02 9.977654352246890790e-01 2.884416299999999822e+00
9.977348766475274688e-01 1.788726950475826331e-03 -6.724519594022992930e-02 -1.722278999999999893e-01 -1.612142622785931118e-03 9.999951088813663347e-01 2.680151023379554343e-03 -3.896759999999999807e-02 6.724966109436589234e-02 -2.565671304155507908e-03 9.977328802908381755e-01 3.010280400000000078e+00
9.976919721768794380e-01 2.745431035564409490e-03 -6.784682204965719610e-02 -1.767595000000000138e-01 -2.635859480618160666e-03 9.999950735315733530e-01 1.704452223294983595e-03 -3.953170000000000295e-02 6.785116726046300228e-02 -1.521683611011036708e-03 9.976942936493025105e-01 3.072877599999999987e+00
9.976808128216052562e-01 1.215755772004551436e-03 -6.805525450340918492e-02 -1.810539999999999927e-01 -8.726256129404561229e-04 9.999867594448333952e-01 5.071435650843205724e-03 -4.002580000000000027e-02 6.806051904122242813e-02 -5.000287284130859426e-03 9.976686638733901491e-01 3.135763900000000159e+00
9.976539283775756051e-01 -2.642124627900596569e-03 -6.840802855105437841e-02 -1.898170000000000135e-01 3.257552285668995334e-03 9.999552088032302999e-01 8.886435753119745207e-03 -4.116220000000000295e-02 6.838148540282934507e-02 -9.088430268139449653e-03 9.976178491232822187e-01 3.260362100000000041e+00
9.976237642882265222e-01 -5.945894249055234948e-03 -6.864015784486500460e-02 -1.939551999999999943e-01 6.495407891481837920e-03 9.999485980200252255e-01 7.785306295146121602e-03 -4.175480000000000164e-02 6.859033899691856229e-02 -8.212652395238596165e-03 9.976111054598995054e-01 3.322007900000000014e+00
9.975020373588577849e-01 -1.023944842041789489e-02 -6.989162439787412195e-02 -2.026340000000000086e-01 1.081641017171974285e-02 9.999104385905805970e-01 7.881628549337110420e-03 -4.276800000000000046e-02 6.980466127648661534e-02 -8.617917012724686868e-03 9.975234537445406557e-01 3.445120999999999878e+00
9.973854109200757101e-01 -1.326097250002409786e-02 -7.103864224593087195e-02 -2.066671999999999954e-01 1.412100826119512542e-02 9.998327947248129011e-01 1.161807722721754955e-02 -4.261209999999999998e-02 7.087269720759192815e-02 -1.259083798338842507e-02 9.974059011201994451e-01 3.506654300000000113e+00
9.973049801583343532e-01 -1.256507540217473122e-02 -7.228343815509795378e-02 -2.157103999999999966e-01 1.396298857864639205e-02 9.997245048242118237e-01 1.886662142348291549e-02 -4.275690000000000046e-02 7.202646389582649522e-02 -1.982506832578636441e-02 9.972056734518416343e-01 3.629140899999999892e+00
9.971434909536827096e-01 -9.877818128731286063e-03 -7.488182127671878796e-02 -2.253127000000000046e-01 1.045030084852057242e-02 9.999190589990427647e-01 7.257180075217002993e-03 -4.296509999999999913e-02 7.480407516224070463e-02 -8.018987435108253237e-03 9.971660073325991913e-01 3.748757400000000128e+00
9.970981594682327698e-01 -8.059571176700435283e-03 -7.569876945836276350e-02 -2.302745999999999960e-01 8.263758603639181563e-03 9.999630114887095855e-01 2.384522629746544872e-03 -4.332840000000000302e-02 7.567675124371708861e-02 -3.003159482727074496e-03 9.971278806423566898e-01 3.807577100000000048e+00
9.968925935335104516e-01 1.732314085590874655e-03 -7.875376845548359706e-02 -2.455017999999999923e-01 -1.160217005330994172e-03 9.999726117854080831e-01 7.309553718946859395e-03 -4.534149999999999986e-02 7.876427397323992885e-02 -7.195468503057499306e-03 9.968673002854943066e-01 3.980202199999999912e+00
9.968166761090759831e-01 2.416907770436532970e-03 -7.969110858610681247e-02 -2.504641000000000228e-01 -1.872449602798000523e-03 9.999743993443332979e-01 6.906126875815718838e-03 -4.559160000000000296e-02 7.970575991318598619e-02 -6.734924852519594621e-03 9.967956824865829013e-01 4.035736599999999896e+00
9.966800062267445748e-01 4.063641896063201718e-03 -8.131698471043417864e-02 -2.552922000000000247e-01 -3.446862394374900981e-03 9.999642302366552604e-01 7.723819446853671077e-03 -4.598349999999999660e-02 8.134546285743705918e-02 -7.417887957762012673e-03 9.966583620332272186e-01 4.090618100000000368e+00
9.964262745021005285e-01 4.323240205686869342e-03 -8.435632208666085652e-02 -2.642380999999999758e-01 -3.581211820928333067e-03 9.999535736524766127e-01 8.945695139824957204e-03 -4.736869999999999969e-02 8.439108011963217248e-02 -8.611627823180541264e-03 9.963954965085284332e-01 4.197458300000000087e+00
9.961902457022384638e-01 7.482216072345903440e-03 -8.688504365171427490e-02 -2.739094000000000251e-01 -6.406270519739576397e-03 9.998993902457293803e-01 1.265579251751223870e-02 -4.797649999999999831e-02 8.697099554300548319e-02 -1.205096796382480566e-02 9.961379523466582508e-01 4.301240899999999812e+00
9.959000717862735996e-01 1.198854245650509374e-02 -8.966226556285425420e-02 -2.838242000000000265e-01 -1.037079639402507976e-02 9.997753164237225265e-01 1.848683996791528408e-02 -4.841340000000000227e-02 8.986375019021242139e-02 -1.748117615076881168e-02 9.958006401294071663e-01 4.401542700000000252e+00
9.956505613627004703e-01 1.448926383562842632e-02 -9.203271641998347907e-02 -2.938779000000000252e-01 -1.389607228769974140e-02 9.998783576350444013e-01 7.083015461038145826e-03 -4.902469999999999745e-02 9.212414902247167969e-02 -5.773315039717854223e-03 9.957307919314023481e-01 4.496164300000000225e+00
9.954534781643290531e-01 1.429898824780158513e-02 -9.416959034438282528e-02 -3.024059000000000053e-01 -1.438315286481298312e-02 9.998965339819161358e-01 -2.150456187427525348e-04 -4.940499999999999753e-02 9.415677205707015385e-02 1.568523522281547924e-03 9.955561470905359700e-01 4.586037600000000047e+00
9.952492096903395868e-01 6.204354352887902525e-03 -9.716232087500834003e-02 -3.184546999999999795e-01 -6.480539944462929310e-03 9.999758076544352781e-01 -2.527193678359059958e-03 -5.261699999999999711e-02 9.714429068546695523e-02 3.144851812648492926e-03 9.952653398437493193e-01 4.751307999999999865e+00
9.956471596044289551e-01 4.521507765203866547e-03 -9.309290810347541079e-02 -3.255247000000000002e-01 -5.248168733896191318e-03 9.999576323324324001e-01 -7.562424548817654399e-03 -5.389170000000000071e-02 9.305477041277072925e-02 8.018073811409233767e-03 9.956287059922395155e-01 4.826581000000000010e+00
9.963991731398146312e-01 7.831559394969973484e-03 -8.442366044976223893e-02 -3.319238999999999939e-01 -7.972189888632351049e-03 9.999673387431299298e-01 -1.328772125638137680e-03 -5.543909999999999810e-02 8.441049670907807556e-02 1.997028899475999410e-03 9.964290641690964900e-01 4.898366900000000079e+00
9.989699325153367226e-01 8.764164984261964969e-03 -4.452261607803642551e-02 -3.395748000000000100e-01 -8.515315256732713944e-03 9.999470629277537048e-01 5.775876404279336671e-03 -5.756139999999999868e-02 4.457087991482831801e-02 -5.390802749840897801e-03 9.989916795996501842e-01 5.032358600000000237e+00
9.995577040354791665e-01 1.397811873847658488e-02 -2.624897140564976666e-02 -3.405310999999999755e-01 -1.381467303764210598e-02 9.998841047155381245e-01 6.397807911308089901e-03 -5.779700000000000115e-02 2.633535859229210740e-02 -6.032357229143669661e-03 9.996349631510872413e-01 5.063922899999999672e+00
9.924924548084745890e-01 7.506923547278022794e-03 1.220752769691851591e-01 -3.265137000000000178e-01 -8.986529102044237688e-03 9.998926323289710760e-01 1.157437293934778996e-02 -5.927729999999999805e-02 -1.219752820982434038e-01 -1.258451084056576297e-02 9.924533543920125434e-01 5.209734000000000087e+00
9.781057515255973112e-01 6.942487828074462089e-03 2.079926457721603117e-01 -3.123345000000000149e-01 -9.582776328210725406e-03 9.998857596215804389e-01 1.168923024918735315e-02 -5.985390000000000155e-02 -2.078877322748742817e-01 -1.342645033998451920e-02 9.780605406624265363e-01 5.263207900000000272e+00
8.439607526684661520e-01 1.084619451684661062e-02 5.362952619777456853e-01 -2.388038000000000105e-01 -1.165124095714594257e-02 9.999303405673618528e-01 -1.887484304155084619e-03 -6.157030000000000142e-02 -5.362783759759801594e-01 -4.655542647493783777e-03 8.440283344670501675e-01 5.400486899999999757e+00
8.070234051023625899e-01 1.038484638978173953e-02 5.904281315981213529e-01 -2.219241999999999881e-01 -1.053827138414773455e-02 9.999394034752226990e-01 -3.183428002939113228e-03 -6.214589999999999698e-02 -5.904254131160192598e-01 -3.652990976786158524e-03 8.070839406181375963e-01 5.419073100000000309e+00
7.235686125686605630e-01 8.635293933362901339e-03 6.901984458140630885e-01 -1.853502999999999956e-01 -1.133735988222412013e-02 9.999355347401140959e-01 -6.250079224881452400e-04 -6.296599999999999420e-02 -6.901593491190021190e-01 -7.372792055026626892e-03 7.236198689650172877e-01 5.453317199999999865e+00
5.856899042659347021e-01 3.298898990059557102e-03 8.105285024639256042e-01 -1.231243999999999950e-01 -2.475641759437212115e-03 9.999943338029494422e-01 -2.281131270702709858e-03 -6.479110000000000424e-02 -8.105314350713607174e-01 -6.705426523579008716e-04 5.856947525236265717e-01 5.492309599999999570e+00
4.914555597293004396e-01 8.279623635989412020e-03 8.708632961858057131e-01 -7.881910000000000305e-02 -8.725161337359154876e-03 9.999514325191940500e-01 -4.583029832842494371e-03 -6.588099999999999512e-02 -8.708589463115120610e-01 -5.346067270249855834e-03 4.915039320228729025e-01 5.514237399999999845e+00
4.460240366964523528e-01 1.074073666861062940e-02 8.949565326119572894e-01 -5.604540000000000216e-02 -9.861037713434814278e-03 9.999262713700843852e-01 -7.086025623324099937e-03 -6.635459999999999969e-02 -8.949666578282209350e-01 -5.664662367321856087e-03 4.460970667646765309e-01 5.523168599999999984e+00
4.034418602113486463e-01 8.363813842720821401e-03 9.149670551704096599e-01 -3.271629999999999677e-02 -2.944587095535568851e-03 9.999649123571349163e-01 -7.842414259925562653e-03 -6.672500000000000653e-02 -9.150005436260919556e-01 4.697580140774091847e-04 4.034523323657515093e-01 5.530729299999999959e+00
3.285988555547725287e-01 -2.896681142993853646e-03 9.444651403659374278e-01 1.598429999999999990e-02 1.572668157481699192e-02 9.998734356798530953e-01 -2.405017341100382060e-03 -6.737300000000000233e-02 -9.443386382091640829e-01 1.564358846692489799e-02 3.286028218459777772e-01 5.542682199999999781e+00
2.954831917915978212e-01 1.049308505772964840e-03 9.553473621255827997e-01 4.037210000000000104e-02 1.325621405048514959e-02 9.998986200485712184e-01 -5.198308764456267828e-03 -6.784940000000000415e-02 -9.552559636860151748e-01 1.420030199054285111e-02 2.954393258618084328e-01 5.549028899999999709e+00
2.644164607606706574e-01 8.718022985698910265e-03 9.643691883060250269e-01 6.514319999999999833e-02 2.075416461736677605e-03 9.999516811816030470e-01 -9.608743341150603745e-03 -6.877179999999999405e-02 -9.644063603716594990e-01 4.542177595226664505e-03 2.643855909413036498e-01 5.555803799999999626e+00
2.103237934952664201e-01 1.498920608988467754e-02 9.775168671642221474e-01 1.172250999999999987e-01 -1.885089703844389404e-03 9.998868147061907852e-01 -1.492662766723054646e-02 -7.079860000000000320e-02 -9.776299649287397697e-01 1.296717973437829657e-03 2.103282439329734466e-01 5.565904100000000021e+00
1.870226821751060642e-01 1.619617199129668589e-02 9.822220728352921704e-01 1.445858999999999894e-01 5.353950171191008099e-03 9.998324237564177874e-01 -1.750598820208488712e-02 -7.157090000000000674e-02 -9.823410057457613309e-01 8.532784902683780009e-03 1.869046281187570768e-01 5.569375499999999590e+00
1.669609277770101319e-01 2.232522218485750304e-02 9.857107248327152682e-01 1.723425000000000096e-01 1.246075597937364166e-02 9.996159905140323820e-01 -2.475077916091636757e-02 -7.161549999999999860e-02 -9.858847692079752978e-01 1.641511386030246669e-02 1.666186240511270400e-01 5.572336199999999629e+00
1.296351921118817918e-01 2.973076275881368635e-02 9.911159360599015589e-01 2.304675999999999947e-01 1.245308091557724255e-02 9.994227365323952172e-01 -3.160877216547072072e-02 -7.242629999999999901e-02 -9.914835539442021783e-01 1.644005620056353603e-02 1.291901188570423464e-01 5.579317600000000432e+00
1.146574316411689970e-01 2.534405176480968719e-02 9.930817450792223111e-01 2.614697999999999745e-01 1.034033067742733819e-02 9.995899029076651399e-01 -2.670399907366297759e-02 -7.391789999999999472e-02 -9.933512726779648583e-01 1.333060558217011478e-02 1.143483450858844286e-01 5.582347900000000251e+00
8.609866115522107899e-02 1.975342081737957445e-02 9.960907704186852119e-01 3.274707000000000034e-01 1.292575485879997321e-02 9.996971287761172720e-01 -2.094219611495429234e-02 -7.595929999999999349e-02 -9.962027632006491551e-01 1.467832016269277062e-02 8.581725647323412698e-02 5.587820999999999927e+00
3.571429982521951568e-02 2.247597175545208020e-02 9.991092630346506409e-01 5.896635000000000071e-01 2.783920412513474912e-02 9.993367026328520142e-01 -2.347623233352975208e-02 -8.262089999999999712e-02 -9.989742076258393277e-01 2.865284391726077851e-02 3.506489745856511409e-02 5.597303400000000373e+00
2.688932474780535847e-02 2.094081800399776039e-02 9.994190544290871836e-01 7.685412000000000354e-01 3.677199051847300504e-02 9.990831782798307303e-01 -2.192312914666633139e-02 -8.816480000000000150e-02 -9.989618535899739138e-01 3.734012613256043611e-02 2.609463646974385931e-02 5.601129099999999639e+00
3.038828739259184092e-02 2.002868501657483966e-02 9.993374824181527893e-01 8.649742000000000264e-01 4.246296511379367422e-02 9.988707406391025279e-01 -2.131056284651783664e-02 -9.163000000000000311e-02 -9.986357937622153402e-01 4.308242416110630302e-02 2.950349378145811219e-02 5.603280999999999956e+00
3.849086906721158052e-02 1.991581753985730702e-02 9.990604652423045184e-01 9.662427999999999573e-01 4.499658094897149990e-02 9.987526604015800613e-01 -2.164326786020876608e-02 -9.392140000000000211e-02 -9.982453409364622221e-01 4.578737328658636502e-02 3.754671418594934806e-02 5.607123399999999869e+00
4.645016446020739515e-02 1.696222009006280451e-02 9.987765842826094032e-01 1.072737499999999899e+00 4.609783594182197131e-02 9.987542045862026763e-01 -1.910571492675745831e-02 -9.653159999999999519e-02 -9.978563883360677123e-01 4.692890272527076856e-02 4.561037541943191442e-02 5.612443400000000082e+00
5.473133822900416723e-02 1.368157185653879129e-02 9.984073793833840860e-01 1.182663999999999938e+00 4.243468281630499717e-02 9.989708710880568221e-01 -1.601550535725759089e-02 -9.936760000000000037e-02 -9.975990067707274367e-01 4.324365050620868761e-02 5.409443946428260652e-02 5.618849299999999936e+00
6.259066806975352448e-02 2.484568140649631718e-02 9.977299736832753174e-01 1.519327300000000047e+00 2.430675040110685803e-02 9.993556128492183666e-01 -2.641100058122600874e-02 -1.103517999999999999e-01 -9.977432486143519297e-01 2.590465560879186974e-02 6.194641767099740015e-02 5.644032499999999786e+00
6.247882356906614421e-02 2.304122065750985673e-02 9.977802858124817931e-01 1.631642800000000060e+00 2.240465210957657063e-02 9.994491630266801874e-01 -2.448268958095327699e-02 -1.148359000000000046e-01 -9.977947825927306891e-01 2.388456982824712846e-02 6.192817738998324106e-02 5.652180699999999725e+00
6.256232033409986348e-02 2.388434758799018454e-02 9.977552275055786568e-01 1.743982900000000003e+00 1.751696472560361484e-02 9.995333367751073617e-01 -2.502527965920884473e-02 -1.193301999999999974e-01 -9.978873243113247637e-01 1.904328268749169023e-02 6.211474352574308799e-02 5.660459999999999603e+00
5.826492863500705444e-02 2.481259736594836757e-02 9.979927520293485621e-01 1.856503500000000084e+00 1.119411334931250980e-02 9.996119826303579980e-01 -2.550639151522188577e-02 -1.237063000000000051e-01 -9.982383933297096501e-01 1.265777206937981555e-02 5.796456580325048957e-02 5.668582400000000021e+00
4.952417027817054146e-02 2.127215126679586621e-02 9.985463695486260782e-01 1.969034100000000009e+00 6.665815993310367400e-03 9.997438598051541225e-01 -2.162826111909423379e-02 -1.278293000000000068e-01 -9.987506813291302521e-01 7.727248046681994137e-03 4.936968890141957278e-02 5.675490400000000157e+00
3.595167619919694552e-02 1.955688705483862866e-02 9.991621515786076602e-01 2.078962999999999894e+00 4.320083740992307179e-03 9.997961149638773248e-01 -1.972474029254105837e-02 -1.316595999999999878e-01 -9.993441918853279704e-01 5.025601641760325637e-03 3.585985880060638120e-02 5.680457099999999926e+00
2.730111881234497176e-02 2.074172756821536512e-02 9.994120419772216657e-01 2.133394500000000082e+00 4.404112816705078523e-03 9.997725076573947822e-01 -2.086951659100421547e-02 -1.333135000000000014e-01 -9.996175532181754697e-01 4.971284535248485584e-03 2.720355910864680204e-02 5.681916199999999861e+00
7.010204963993418859e-03 2.016074442125442151e-02 9.997721747532001269e-01 2.241835099999999859e+00 5.880645990645885085e-03 9.997786219061794988e-01 -2.020210835812211864e-02 -1.370665000000000078e-01 -9.999581366382771508e-01 6.020927151316963002e-03 6.890094857331940936e-03 5.683313799999999638e+00
-1.462511382635476795e-02 1.838108151945673160e-02 9.997240828787417044e-01 2.349328499999999931e+00 6.460923945843649423e-03 9.998118818097978533e-01 -1.828817797695641081e-02 -1.407822999999999991e-01 -9.998721730838058264e-01 6.191674581718222513e-03 -1.474112134614979919e-02 5.681869500000000350e+00
-3.682607475317666718e-02 1.938846530084993233e-02 9.991335884813157264e-01 2.455299099999999957e+00 7.125800914000926002e-03 9.997914469506301582e-01 -1.913858839358914890e-02 -1.444953999999999961e-01 -9.992962839816865728e-01 6.414827951156592406e-03 -3.695655290675248228e-02 5.678865400000000285e+00
-4.714438962182283810e-02 2.020290167685014765e-02 9.986837583995353818e-01 2.507658000000000165e+00 6.242828841475768151e-03 9.997818790568312464e-01 -1.993041388550734552e-02 -1.464995000000000047e-01 -9.988685767483338473e-01 5.295004572907491269e-03 -4.726022970036314330e-02 5.675990600000000441e+00
-6.709146962201127662e-02 2.223185578224965223e-02 9.974991124268913767e-01 2.610319899999999915e+00 8.297253492579658579e-03 9.997295860678753199e-01 -2.172349707193728385e-02 -1.499610000000000110e-01 -9.977123284235985823e-01 6.819041650543406115e-03 -6.725779049693458855e-02 5.669696799999999648e+00
-8.647992999070724940e-02 2.329799941706264116e-02 9.959811368354145600e-01 2.711354699999999784e+00 9.046677493638487222e-03 9.997036647612455029e-01 -2.259956391750828422e-02 -1.531598000000000126e-01 -9.962125171544113922e-01 7.055911429290788461e-03 -8.666507242697907287e-02 5.661653499999999894e+00
-1.023755840673739592e-01 2.152411256112126206e-02 9.945129221711100920e-01 2.810138900000000106e+00 1.232751183014104898e-02 9.997165537456420559e-01 -2.036773475412334555e-02 -1.569701000000000013e-01 -9.946694286238729754e-01 1.017471107170977822e-02 -1.026119048437629244e-01 5.651567000000000007e+00
-1.118791933071297678e-01 1.822771219086747121e-02 9.935546268893484800e-01 2.905976499999999962e+00 1.835536868839133737e-02 9.996990810177377451e-01 -1.627353227187431153e-02 -1.604300999999999922e-01 -9.935522767047835213e-01 1.641639182577624492e-02 -1.121801031117527492e-01 5.641014600000000101e+00
-1.145640421767656764e-01 1.708894903130942985e-02 9.932688699748551953e-01 2.952934700000000134e+00 1.982102140636924845e-02 9.996923129909492944e-01 -1.491329799924495485e-02 -1.619952000000000059e-01 -9.932181066364672573e-01 1.797907583307162271e-02 -1.148675127338454338e-01 5.635463699999999854e+00
-5.819335248816743383e-02 2.254463272890443876e-02 9.980507368171753768e-01 3.322555499999999995e+00 1.934863084801371341e-02 9.995826538243889336e-01 -2.145107591005603054e-02 -1.745163999999999882e-01 -9.981178107871311322e-01 1.806260525257928629e-02 -5.860527349133615171e-02 5.600419500000000106e+00
4.904915062737920384e-02 2.895324043162507757e-02 9.983766276767706005e-01 3.459251899999999935e+00 1.153129844176203553e-02 9.994967203836851999e-01 -2.955224354434805509e-02 -1.808001999999999942e-01 -9.987297982832891163e-01 1.296209129600450413e-02 4.869059673339770633e-02 5.605460199999999560e+00
2.743398384147391900e-01 1.280915278816660216e-02 9.615474916318090814e-01 3.620141700000000018e+00 -2.505133981948948901e-03 9.999174087718247783e-01 -1.260555190271563097e-02 -1.879564999999999986e-01 -9.616295426838273874e-01 1.049399775574995190e-03 2.743492689944767582e-01 5.642078399999999938e+00
3.290193367382079348e-01 1.250641860831618046e-02 9.442403642854627632e-01 3.650089499999999987e+00 -3.096808366257038092e-03 9.999212102420718118e-01 -1.216482987850501726e-02 -1.887264999999999915e-01 -9.443181062704942841e-01 1.078332798282043321e-03 3.290321433660907680e-01 5.654598199999999686e+00
3.866982172726134426e-01 1.327812586007727155e-02 9.221107201046014890e-01 3.678823700000000141e+00 -7.318212474785330129e-04 9.999004438075466128e-01 -1.409137719078635068e-02 -1.895348000000000033e-01 -9.222060253521684459e-01 4.774290221092773040e-03 3.866694362851043065e-01 5.668737899999999996e+00
6.718942679126719275e-01 2.680017888047166869e-02 7.401620384470344316e-01 3.796424200000000138e+00 -6.341182363109184109e-03 9.995166419461178897e-01 -3.043471503059840683e-02 -1.950079999999999869e-01 -7.406199309715695289e-01 1.575540811057143248e-02 6.717394472285641571e-01 5.763768699999999967e+00
7.203449628599506438e-01 2.545565005570329248e-02 6.931487173489810916e-01 3.815234699999999979e+00 -6.410176426042033318e-03 9.995279732085124991e-01 -3.004563881614156703e-02 -1.954529000000000127e-01 -6.935863638513110052e-01 1.720001900942527348e-02 7.201681159462643977e-01 5.787487500000000118e+00
7.659203883053252726e-01 2.135399012505652394e-02 6.425807076811119734e-01 3.832936300000000074e+00 -7.609550210934167350e-03 9.996793655686411206e-01 -2.415079298628642485e-02 -1.967076000000000102e-01 -6.428903899762438146e-01 1.360783458226098863e-02 7.658373021172152351e-01 5.812663099999999972e+00
9.017644178890407147e-01 1.046712578287555678e-02 4.321011153735721533e-01 3.887382500000000185e+00 -1.287939088548854111e-02 9.999135279237979512e-01 2.656683158173018481e-03 -1.998713000000000017e-01 -4.320359428562147719e-01 -7.960901508597326842e-03 9.018212506519859284e-01 5.923974000000000295e+00
9.378234977725277144e-01 1.808347702023540768e-02 3.466411327072428938e-01 3.906340099999999982e+00 -2.252494102915724924e-02 9.997076576743394449e-01 8.787844953038487922e-03 -2.005172000000000065e-01 -3.463808800400720034e-01 -1.604951856425212986e-02 9.379566615236126781e-01 5.985894700000000235e+00
9.595360064680066303e-01 2.384511771745664518e-02 2.805745224578845565e-01 3.922778099999999935e+00 -2.705755833448309985e-02 9.996051315005857196e-01 7.580871630135686129e-03 -1.997423000000000115e-01 -2.802829656408062919e-01 -1.486578079810095543e-02 9.598023065886314154e-01 6.050297300000000433e+00
9.699153494651006069e-01 1.517323864853181194e-02 2.429691085321474264e-01 3.939293600000000062e+00 -1.769865512390160142e-02 9.998096224363792750e-01 8.214407491113536949e-03 -2.000026000000000026e-01 -2.427982135000110175e-01 -1.226750637006442275e-02 9.699992452619040639e-01 6.117135000000000211e+00
9.729569837077780559e-01 1.892765854267170963e-02 2.302095818951822859e-01 3.946481200000000022e+00 -2.130937750530461847e-02 9.997420019062807084e-01 7.863844782215431359e-03 -1.997893000000000030e-01 -2.300013440930270547e-01 -1.255680558559325345e-02 9.731092992818878296e-01 6.151812999999999754e+00
9.761459628679000078e-01 3.258640428158424834e-02 2.146559699442281977e-01 3.960182200000000208e+00 -3.487071815302581618e-02 9.993682695110785996e-01 6.862573127074127546e-03 -1.992240999999999873e-01 -2.142967386410546404e-01 -1.418408088066871152e-02 9.766656130208425379e-01 6.223186499999999732e+00
9.765780653326628924e-01 3.822631119473396399e-02 2.117404813528971641e-01 3.967256799999999917e+00 -3.978550947596470877e-02 9.992034138283262257e-01 3.106610621959808409e-03 -1.992038999999999893e-01 -2.114530575490719821e-01 -1.145805071824642848e-02 9.773209900165282793e-01 6.259711700000000434e+00
9.753395114994988235e-01 3.710123743125038481e-02 2.175691510508534210e-01 3.992541999999999813e+00 -3.592368105200516998e-02 9.993106406821229415e-01 -9.366566028101742936e-03 -2.003088000000000091e-01 -2.177666789194180053e-01 1.319697145170162234e-03 9.759999651392678999e-01 6.374235200000000212e+00
9.732314457458248746e-01 4.219971240466599549e-02 2.259197585083140281e-01 4.010811799999999927e+00 -4.015471460639692680e-02 9.991003475671214051e-01 -1.364164162173657838e-02 -2.012120000000000020e-01 -2.262921826011015103e-01 4.204731171021645376e-03 9.740503931159871787e-01 6.454255599999999760e+00
9.717055591676945214e-01 4.532186996526129524e-02 2.318064588950230209e-01 4.019873099999999866e+00 -4.423399348453359997e-02 9.989722296377179234e-01 -9.891321097645854737e-03 -2.015503999999999907e-01 -2.320165082553573288e-01 -6.422736943400746482e-04 9.727116362938675875e-01 6.496342199999999956e+00
9.699653597443529396e-01 3.801562144972136376e-02 2.402540601567421663e-01 4.041639799999999560e+00 -3.922514125400793777e-02 9.992303660997090553e-01 2.525031573420866843e-04 -2.027739000000000069e-01 -2.400595534229186256e-01 -9.668918762345031157e-03 9.707100096426100055e-01 6.581915900000000264e+00
9.691311255531314117e-01 3.562240956540962261e-02 2.439588191086252689e-01 4.052773000000000181e+00 -3.800265860479020569e-02 9.992648496284091131e-01 5.055515411975835399e-03 -2.033562999999999898e-01 -2.435993830515350567e-01 -1.417054105767219865e-02 9.697724147154549446e-01 6.625891199999999870e+00
9.685643680290928481e-01 2.757499111411986989e-02 2.472300241666857690e-01 4.075924900000000406e+00 -2.909406139523236165e-02 9.995735704147552525e-01 2.492572933461501862e-03 -2.039430000000000132e-01 -2.470558652935288535e-01 -9.607142829914896293e-03 9.689536120117986373e-01 6.714817000000000036e+00
9.686893111615846319e-01 2.698382504515333888e-02 2.468053719577986416e-01 4.087548299999999912e+00 -2.670848043518482887e-02 9.996332981718244470e-01 -4.463883842992856163e-03 -2.044741999999999948e-01 -2.468353206373393449e-01 -2.267679883259301945e-03 9.690547879835323952e-01 6.760213900000000109e+00
9.688462267650600479e-01 2.930365764757398780e-02 2.459233305963048899e-01 4.098805399999999821e+00 -2.743042756994699613e-02 9.995627501099740853e-01 -1.103993822063012789e-02 -2.050372000000000028e-01 -2.461393112171145758e-01 3.950220381094799761e-03 9.692264107175914134e-01 6.806050800000000400e+00
9.704689801355209644e-01 2.643575206110251874e-02 2.397730376995831358e-01 4.134035599999999810e+00 -2.649469265015601954e-02 9.996445177930258774e-01 -2.978138298062129631e-03 -2.065630999999999995e-01 -2.397665319766200676e-01 -3.462522102821835243e-03 9.708244028064971776e-01 6.951574299999999873e+00
9.710429618947157282e-01 2.683625670952024048e-02 2.373928842247769733e-01 4.145821999999999896e+00 -2.835154897588186909e-02 9.995935997429892250e-01 2.970694114316398213e-03 -2.074965000000000004e-01 -2.372166853857582136e-01 -9.615127595273612743e-03 9.714091792318625407e-01 7.001860100000000031e+00
9.713926869326978686e-01 3.024360697281277405e-02 2.355452653121003215e-01 4.157463599999999815e+00 -3.162723191896273101e-02 9.994975331551768649e-01 2.097478929619301952e-03 -2.078878999999999866e-01 -2.353634762974447792e-01 -9.487120426667017617e-03 9.718611158860056554e-01 7.052240399999999632e+00
9.725561963031255086e-01 3.725944900415700811e-02 2.296653619776023447e-01 4.180598299999999767e+00 -3.636123941333975484e-02 9.993055326471266264e-01 -8.143260352490381757e-03 -2.083591999999999944e-01 -2.298092802754542197e-01 -4.311388978948424260e-04 9.732355875216075480e-01 7.155301099999999970e+00
9.735348979475314524e-01 3.579726561396337492e-02 2.257174301042184916e-01 4.192554000000000336e+00 -3.421085592111403062e-02 9.993547898307116872e-01 -1.093715591727772649e-02 -2.091501000000000055e-01 -2.259633151983617416e-01 2.925716489583666223e-03 9.741314184275078336e-01 7.207741699999999696e+00
9.753585865116098930e-01 2.992353241624130106e-02 2.185868475590619087e-01 4.216737300000000133e+00 -2.907510901913380741e-02 9.995520297966440371e-01 -7.097729561917728164e-03 -2.111529000000000045e-01 -2.187013163051376996e-01 5.673950500252344410e-04 9.757916848945051846e-01 7.315588499999999605e+00
9.757827303286413789e-01 2.863218208169891754e-02 2.168600040155451159e-01 4.228953800000000207e+00 -2.834210140588348803e-02 9.995883841375963197e-01 -4.448323851481145695e-03 -2.119321000000000121e-01 -2.168981062164453966e-01 -1.805670631504590696e-03 9.761925788866098186e-01 7.371198699999999882e+00
9.764111791827306819e-01 2.038865689685605970e-02 2.149546739127379813e-01 4.254019699999999737e+00 -2.067341862819024184e-02 9.997858554268967968e-01 -9.236073471929470355e-04 -2.133230000000000126e-01 -2.149274736491657567e-01 -3.542027420909658365e-03 9.766235892668867491e-01 7.481831099999999957e+00
9.762504427431689669e-01 2.669024703098969720e-02 2.149946598341254123e-01 4.277565499999999687e+00 -2.707721979350551783e-02 9.996326884378070599e-01 -1.145589305258074703e-03 -2.147476000000000107e-01 -2.149462658713119922e-01 -4.703075592298530672e-03 9.766145523531545303e-01 7.595357400000000148e+00
9.755065982970458904e-01 4.109988173570634784e-02 2.160964516141739011e-01 4.301520799999999589e+00 -4.070769743779177607e-02 9.991514410514844569e-01 -6.267472700797097063e-03 -2.156626000000000098e-01 -2.161706734231987337e-01 -2.682827995416027858e-03 9.763519049941510319e-01 7.709864600000000401e+00
