9.999832327199059678e-01 -1.994379673089118413e-03 -5.436610043575242079e-03 6.299760000000000082e-02 2.000003345685597532e-03 9.999974703971237222e-01 1.029167610681014974e-03 -1.997339999999999879e-02 5.434543740147894375e-03 -1.040023592615761314e-03 9.999846919254630206e-01 -2.601770000000000124e-02
9.999530567069118137e-01 -2.139755514102792584e-03 -9.450176127637250831e-03 6.223809999999999759e-02 2.136994049039969701e-03 9.999976709325169022e-01 -3.023011346264443695e-04 -2.011630000000000015e-02 9.450800968059060517e-03 2.820919734685403083e-04 9.999553003935629514e-01 2.068740000000000162e-02
9.998986335011680326e-01 -7.219419532888228042e-04 -1.421975816647369321e-02 6.100660000000000110e-02 7.108216008978009625e-04 9.999994376235407101e-01 -7.870738555334382599e-04 -2.035390000000000116e-02 1.422031839125308984e-02 7.768863613481081891e-04 9.998985843536498663e-01 6.835430000000000672e-02
9.997373280104371318e-01 3.542746150783246612e-04 -2.291613999016298489e-02 5.789210000000000189e-02 -4.096746542830021886e-04 9.999970051266240390e-01 -2.412862296159448087e-03 -2.098389999999999977e-02 2.291521654336424116e-02 2.421616666547545590e-03 9.997344790610609433e-01 1.666990999999999890e-01
9.994804807817945225e-01 3.388583161487922994e-03 -3.205130325510306688e-02 5.411420000000000119e-02 -3.431329308103292768e-03 9.999932953415818782e-01 -1.278769354937596154e-03 -2.176679999999999934e-02 3.204675514575931750e-02 1.388083585904195411e-03 9.994854069512902894e-01 2.681431000000000231e-01
9.991977732496836184e-01 1.919616196836991225e-03 -4.000156255111411707e-02 4.965619999999999756e-02 -1.766037538325581193e-03 9.999909354175980924e-01 3.874299168925968151e-03 -2.228050000000000169e-02 4.000863712109023473e-02 -3.800546841436980988e-03 9.991921060533950349e-01 3.730672999999999906e-01
9.990810624147679064e-01 3.338786111509393570e-03 -4.273035491872353986e-02 4.699300000000000005e-02 -3.203702100979550355e-03 9.999896535761753080e-01 3.229401407234390974e-03 -2.255019999999999941e-02 4.274069509292834079e-02 -3.089538461074765353e-03 9.990814219747411462e-01 4.264317000000000246e-01
9.989909585547002147e-01 3.002836933602238099e-03 -4.481124519929405303e-02 4.420940000000000286e-02 -2.880872724656721381e-03 9.999919691765853935e-01 2.786064371006114274e-03 -2.267479999999999843e-02 4.481925142508952353e-02 -2.654157622533945271e-03 9.989915866257379484e-01 4.798658000000000090e-01
9.988163237037690489e-01 -1.715499390395839457e-04 -4.864074499332813467e-02 3.891900000000000220e-02 3.303008223855057827e-04 9.999946455675157164e-01 3.255723831247373749e-03 -2.333850000000000161e-02 4.863992603051830316e-02 -3.267936186193992013e-03 9.988110322722856260e-01 5.891416000000000430e-01
9.987523502778550277e-01 -1.478505231824136026e-03 -4.991549695976342516e-02 3.591400000000000148e-02 1.628121878725462355e-03 9.999943030468163574e-01 2.956872175103816142e-03 -2.368409999999999960e-02 4.991084084253338826e-02 -3.034451547043774504e-03 9.987490676191892458e-01 6.443961000000000272e-01
9.986381214551119934e-01 5.380898404795490808e-04 -5.216907930880598787e-02 3.300739999999999924e-02 -5.083536859884934568e-04 9.999997006901809593e-01 5.832633011123322143e-04 -2.403670000000000112e-02 5.216937754214495682e-02 -5.559486235752692310e-04 9.986380960928704642e-01 7.004188000000000081e-01
9.984566667721447297e-01 4.725417107654165082e-03 -5.533493481894567051e-02 2.589009999999999923e-02 -4.936035334694694778e-03 9.999810824547441523e-01 -3.670189070451048991e-03 -2.488550000000000137e-02 5.531654484359017215e-02 3.937659939215454145e-03 9.984611032487796800e-01 8.135183000000000275e-01
9.983860242908182414e-01 5.908556027092560538e-03 -5.648393989842056401e-02 2.232670000000000141e-02 -6.104575944087062105e-03 9.999759268964921732e-01 -3.298451158360526936e-03 -2.557500000000000051e-02 5.646309107121706000e-02 3.637938039044168355e-03 9.983980592697020429e-01 8.709388999999999603e-01
9.983067469067160582e-01 4.975017262492075799e-03 -5.795591672787149540e-02 1.887449999999999892e-02 -5.092313088300415812e-03 9.999852736904958350e-01 -1.876366050324312397e-03 -2.622530000000000000e-02 5.794572829761304722e-02 2.168318561003256678e-03 9.983173798781013186e-01 9.290150999999999826e-01
9.982331381028718420e-01 5.675144665272787402e-03 -5.914722923621137246e-02 1.506670000000000058e-02 -5.695428962865734836e-03 9.999837657105620226e-01 -1.743681529116084732e-04 -2.697329999999999867e-02 5.914527945847971452e-02 5.109289109313336309e-04 9.982492548804764443e-01 9.872885999999999607e-01
9.981743977644560450e-01 5.278696330585714441e-03 -6.016649410273994247e-02 1.128370000000000067e-02 -5.300871430821555916e-03 9.999859284509118318e-01 -2.089551190147672332e-04 -2.743119999999999933e-02 6.016454445634471238e-02 5.275084997642732511e-04 9.981883335949900404e-01 1.046087299999999942e+00
9.980594054316055397e-01 4.964580269586261856e-03 -6.207073523212636862e-02 7.646100000000000292e-03 -5.040960570373933559e-03 9.999867175352995519e-01 -1.073996976162653119e-03 -2.804059999999999886e-02 6.206457883557927463e-02 1.384808912343508860e-03 9.980711749961714840e-01 1.104957500000000037e+00
9.980052661363655320e-01 3.339863618597168488e-03 -6.304231971534259016e-02 3.671100000000000058e-03 -3.481127794626943765e-03 9.999916700941479109e-01 -2.131077566471571792e-03 -2.836170000000000010e-02 6.303467707032199552e-02 2.346285005282536165e-03 9.980085793385315984e-01 1.164095799999999903e+00
9.979762242763492441e-01 3.278187710734372512e-03 -6.350361615258599823e-02 -4.797000000000000049e-04 -3.315673241570241993e-03 9.999943855691942884e-01 -4.849134403007900876e-04 -2.898509999999999975e-02 6.350166997864643836e-02 6.944893250723146181e-04 9.979814906071656777e-01 1.224089500000000053e+00
9.979646463879489060e-01 4.574056096108887297e-03 -6.360536589475535019e-02 -4.339299999999999928e-03 -4.381773034230664575e-03 9.999854000795365128e-01 3.162229094448424250e-03 -2.970050000000000121e-02 6.361890147473900359e-02 -2.877088562928892170e-03 9.979701186591453110e-01 1.284446600000000105e+00
9.981269825998231315e-01 4.486101793337306590e-03 -6.101148659778943273e-02 -1.244780000000000018e-02 -3.903471793810009850e-03 9.999456704558434827e-01 9.665352790700500185e-03 -3.010200000000000028e-02 6.105153162802186284e-02 -9.409092799711780281e-03 9.980902661876626114e-01 1.405658400000000086e+00
9.982908726446274583e-01 4.755351425428412659e-03 -5.824706196237570965e-02 -1.987159999999999968e-02 -4.307907210604205658e-03 9.999602612076760044e-01 7.804994615062149643e-03 -3.062439999999999954e-02 5.828186278674510334e-02 -7.540731947032783961e-03 9.982716873836550153e-01 1.528447600000000017e+00
9.983264546985316512e-01 5.632242338492694789e-03 -5.755491026229705293e-02 -2.358910000000000173e-02 -5.471897666497122989e-03 9.999806978803161828e-01 2.943162028014043377e-03 -3.078579999999999858e-02 5.757037593231400380e-02 -2.623301933870885762e-03 9.983380039355287394e-01 1.589869500000000047e+00
9.984010466969249764e-01 4.750757562128682561e-03 -5.632743787063696633e-02 -2.722199999999999967e-02 -4.764236337923471142e-03 9.999886454480773068e-01 -1.050096953216872280e-04 -3.090669999999999876e-02 5.632629942221483582e-02 3.731990160479129468e-04 9.984123440322106857e-01 1.651428099999999954e+00
9.984400575973285674e-01 2.003193959875354448e-03 -5.579819530237986602e-02 -3.035979999999999929e-02 -1.956460781376808452e-03 9.999976881596656098e-01 8.921527532604976024e-04 -3.139770000000000061e-02 5.579985346086799303e-02 -7.815940655703165763e-04 9.984416685337518249e-01 1.714332500000000037e+00
9.983927235247935794e-01 -3.560502328952746230e-03 -5.656228810709979654e-02 -3.767449999999999966e-02 4.093934775581415525e-03 9.999482076973550404e-01 9.317812023253040088e-03 -3.241179999999999756e-02 5.652618252454632425e-02 -9.534398041455782735e-03 9.983555909310012355e-01 1.840249299999999977e+00
9.982674946503768965e-01 -1.085113613069645794e-02 -5.782959423282076072e-02 -4.064050000000000301e-02 1.137140600018898481e-02 9.998977114590390514e-01 8.675122163702074854e-03 -3.261580000000000035e-02 5.772954399645356671e-02 -9.317696262992421555e-03 9.982887759993659405e-01 1.903037799999999891e+00
9.981534492633316047e-01 -1.316935881617458184e-02 -5.929805824885605453e-02 -4.425090000000000273e-02 1.348103764217161923e-02 9.998973199139273849e-01 4.859141182926593992e-03 -3.293250000000000344e-02 5.922797774535470267e-02 -5.649567887556198979e-03 9.982284954031716007e-01 1.966296800000000067e+00
9.979426291920362457e-01 -1.133957871082396339e-02 -6.310247852459653639e-02 -5.221869999999999984e-02 1.135913737669089381e-02 9.999354817267878115e-01 -4.880444968493420285e-05 -3.364009999999999917e-02 6.309896068354535481e-02 -6.680856815357252192e-04 9.980070514892059874e-01 2.093844900000000120e+00
9.979053636540400340e-01 -1.118364334145501536e-02 -6.371664862584373867e-02 -5.684379999999999988e-02 1.128857346002272964e-02 9.999354537224094397e-01 1.287050192069289379e-03 -3.412459999999999799e-02 6.369814204304373451e-02 -2.003624358597199534e-03 9.979671999568391350e-01 2.157810700000000192e+00
9.977709346468672802e-01 -8.554327703247726136e-03 -6.618145851718824912e-02 -6.606929999999999747e-02 8.939042622850659411e-03 9.999448150708096783e-01 5.519087786133805400e-03 -3.523830000000000018e-02 6.613059421254068038e-02 -6.098384257296405632e-03 9.977923402284398779e-01 2.286960800000000127e+00
9.977073521714988624e-01 -7.028415716760735496e-03 -6.731003487927521289e-02 -7.044989999999999586e-02 7.581079359292752784e-03 9.999395905001737805e-01 7.958805569482831771e-03 -3.545870000000000272e-02 6.725003091958368928e-02 -8.450841547273043458e-03 9.977003641467000472e-01 2.351540799999999987e+00
9.977121748991203409e-01 -7.108594063174758157e-03 -6.723008216945851323e-02 -7.494069999999999898e-02 7.859004207362151051e-03 9.999096660765586231e-01 1.090393229682487530e-02 -3.552310000000000190e-02 6.714649738397239498e-02 -1.140734750544898299e-02 9.976779141145473151e-01 2.416008199999999828e+00
9.977102870913087118e-01 -1.765880498328209047e-03 -6.760964944624468786e-02 -8.486249999999999349e-02 2.611925758929996722e-03 9.999193664671793824e-01 1.242732504220682779e-02 -3.544619999999999715e-02 6.758225267041866047e-02 -1.257546142057805807e-02 9.976344505348897496e-01 2.543680399999999953e+00
9.976961863362996397e-01 -1.492020605757962172e-03 -6.782399018426742143e-02 -8.897549999999999903e-02 2.212591462551532964e-03 9.999418966288369237e-01 1.055025143511800767e-02 -3.543129999999999891e-02 6.780430818925485548e-02 -1.067601240334419693e-02 9.976415180565312291e-01 2.607515799999999828e+00
9.976381144724665306e-01 1.769951085188263529e-04 -6.868887263999309822e-02 -9.833490000000000286e-02 4.088559625546725929e-04 9.999636639864390997e-01 8.514901268819114605e-03 -3.608739999999999865e-02 6.868788385605947844e-02 -8.522873901883935843e-03 9.976017919149048341e-01 2.734304700000000032e+00
9.975626863138203904e-01 -1.957526386379543175e-03 -6.974851227661432729e-02 -1.030504000000000003e-01 2.641613609532992776e-03 9.999492993671154073e-01 9.717024892060005178e-03 -3.648309999999999748e-02 6.972595465027583983e-02 -9.877590073576221832e-03 9.975172802826255403e-01 2.797473899999999958e+00
9.974470449425097973e-01 6.922953615345954449e-04 -7.140667519628234039e-02 -1.119644000000000056e-01 -1.539579574757756700e-04 9.999715297906285327e-01 7.544263061265672927e-03 -3.749290000000000261e-02 7.140986509161249829e-02 -7.514009270865022565e-03 9.974187540006831387e-01 2.923198499999999811e+00
9.973358481174079415e-01 2.413939940576291261e-03 -7.290664547141076368e-02 -1.212422999999999973e-01 -2.257343298656554111e-03 9.999949652309569892e-01 2.230227335753439365e-03 -3.842369999999999813e-02 7.291166203813145841e-02 -2.059710343815864854e-03 9.973362758529025207e-01 3.047239499999999879e+00
9.973183639496817632e-01 9.277781483271953407e-04 -7.317936974610718404e-02 -1.256948999999999983e-01 -5.172463368793593294e-04 9.999840250195760616e-01 5.628690955702867101e-03 -3.892260000000000164e-02 7.318342288358044290e-02 -5.575745094183640928e-03 9.973029116981899644e-01 3.109263200000000005e+00
9.973053630449248974e-01 -8.951176490443178181e-04 -7.335674206386842700e-02 -1.302856000000000014e-01 1.535619996994694054e-03 9.999611888916070113e-01 8.675400953760179987e-03 -3.945370000000000127e-02 7.334612950289458311e-02 -8.764671977777740638e-03 9.972680310789404645e-01 3.170941599999999916e+00
9.972511503015675238e-01 -6.219904602271591164e-03 -7.383397597948450353e-02 -1.391493000000000035e-01 6.839395902586759522e-03 9.999434762038187374e-01 8.140458286275855174e-03 -4.031529999999999836e-02 7.377916972891558622e-02 -8.623061182756299251e-03 9.972373222708575957e-01 3.293266500000000097e+00
9.971993462838867339e-01 -8.833884790720806721e-03 -7.426591580592845077e-02 -1.434680000000000122e-01 9.379225778026774665e-03 9.999315300136470963e-01 6.997528733174961102e-03 -4.094620000000000204e-02 7.419901545703810886e-02 -7.674487870280514989e-03 9.972139230582047764e-01 3.353729500000000030e+00
9.971117468732878519e-01 -1.072113299900288516e-02 -7.518790829992541558e-02 -1.481974000000000069e-01 1.137588418950827990e-02 9.999009663925059188e-01 8.285328372459403387e-03 -4.133300000000000168e-02 7.509163406270499830e-02 -9.116727184153130062e-03 9.971349616672973148e-01 3.414591300000000107e+00
9.969313500376236759e-01 -1.440653942899982297e-02 -7.694371276356351541e-02 -1.571736999999999995e-01 1.577428133573272745e-02 9.997276674620748649e-01 1.719776029546547444e-02 -4.153609999999999941e-02 7.667499827520210531e-02 -1.835871816113009494e-02 9.968871059989581340e-01 3.536050299999999869e+00
9.967995128559531404e-01 -1.179469650930965209e-02 -7.906716324991031053e-02 -1.669836000000000098e-01 1.305740059176594726e-02 9.997950388983400938e-01 1.547205493956249275e-02 -4.164740000000000109e-02 7.886846936463798308e-02 -1.645494845084507010e-02 9.967492158068443908e-01 3.655489400000000000e+00
9.967169722317666958e-01 -1.024731849528090315e-02 -8.031357126162359805e-02 -1.720561999999999925e-01 1.090312558471672431e-02 9.999106705424797292e-01 7.731286294818044517e-03 -4.161720000000000003e-02 8.022717194083008041e-02 -8.581573220850572531e-03 9.967396638457965974e-01 3.714232700000000165e+00
9.966000440731687116e-01 -3.978407819259239218e-03 -8.229534874208696560e-02 -1.823464999999999947e-01 4.325706462023290629e-03 9.999824739489537873e-01 4.042283826536092854e-03 -4.260339999999999960e-02 8.227782457602089705e-02 -4.384525761530234066e-03 9.965997870343360487e-01 3.829973499999999920e+00
9.964493579054543027e-01 1.638872707777352770e-03 -8.417832990773548019e-02 -1.929182000000000119e-01 -9.963656924197638112e-04 9.999700570224785423e-01 7.674132776286441554e-03 -4.378010000000000235e-02 8.418838628465817597e-02 -7.563012277446566622e-03 9.964211541612695289e-01 3.942915000000000170e+00
9.963625305115498820e-01 2.227963297294218228e-03 -8.518652459260570020e-02 -1.981314000000000131e-01 -1.612114756654353534e-03 9.999720732563626147e-01 7.297519673354510746e-03 -4.397310000000000108e-02 8.520040421636557171e-02 -7.133644714837481492e-03 9.963382970830992891e-01 3.997729500000000158e+00
9.962109053173691109e-01 3.971642641246218505e-03 -8.687956135638633115e-02 -2.030995999999999913e-01 -3.275424861933395621e-03 9.999613856202503870e-01 8.154683341656563528e-03 -4.440820000000000184e-02 8.690859404409723155e-02 -7.839216999107577466e-03 9.961854460682103563e-01 4.052082099999999798e+00
9.956958900066817941e-01 7.315738093606000136e-03 -9.239142059708552179e-02 -2.226461000000000134e-01 -6.126296243261955543e-03 9.998947542257142773e-01 1.315100628233972085e-02 -4.640629999999999755e-02 9.247790610811640333e-02 -1.252838569186415230e-02 9.956359156005845090e-01 4.259438000000000279e+00
9.953754802957389680e-01 1.160493312358343299e-02 -9.535711170764439581e-02 -2.327651000000000026e-01 -9.830516065028122724e-03 9.997700714791440957e-01 1.905689188935102280e-02 -4.686760000000000231e-02 9.555634034391564946e-02 -1.803135329875006632e-02 9.952606975653632837e-01 4.358638799999999591e+00
9.951032504033016091e-01 1.422160794576637910e-02 -9.781240669884899708e-02 -2.430512999999999979e-01 -1.353657932594501054e-02 9.998790079649233498e-01 7.663579531345528564e-03 -4.757349999999999773e-02 9.790956060026276275e-02 -6.302007499025581369e-03 9.951753627600242735e-01 4.451802299999999768e+00
9.949029225092063111e-01 1.408043920797700903e-02 -9.984946677048693597e-02 -2.521418000000000270e-01 -1.410797232343007253e-02 9.999003849813608014e-01 4.303847671220845691e-04 -4.777929999999999677e-02 9.984558027054298013e-02 9.804824510940739549e-04 9.950024616826842472e-01 4.540707099999999663e+00
9.946721156714440903e-01 6.021255811613037724e-03 -1.029132002424588549e-01 -2.688839000000000090e-01 -6.263139865015217474e-03 9.999783311486682980e-01 -2.027390479289970567e-03 -5.077500000000000069e-02 1.028987627949169009e-01 2.661148544402335610e-03 9.946882742365569241e-01 4.704036699999999627e+00
9.950859500987141448e-01 4.320832902196562395e-03 -9.892058592209623802e-02 -2.762840999999999769e-01 -5.046375153168115857e-03 9.999621637636815219e-01 -7.085558472682809174e-03 -5.205869999999999942e-02 9.888622762525131615e-02 7.549930071703664543e-03 9.950701043353475939e-01 4.778572600000000392e+00
9.958828280968223812e-01 7.739148247770175418e-03 -9.031887004537828001e-02 -2.830637999999999765e-01 -7.863963609289280343e-03 9.999685520433315711e-01 -1.026158230849323703e-03 -5.342070000000000152e-02 9.030808811079252263e-02 1.732197668282038638e-03 9.959123699969848476e-01 4.849681399999999698e+00
9.993859741398612995e-01 1.405472017742612732e-02 -3.209578684585495667e-02 -2.925839000000000079e-01 -1.383763760080753032e-02 9.998799222698654399e-01 6.975731304778848632e-03 -5.594589999999999980e-02 3.218997480814519974e-02 -6.527318158478630228e-03 9.994604542649543344e-01 5.013054399999999688e+00
9.998301356551279051e-01 8.909091541776064174e-03 1.613468077616656352e-02 -2.901909999999999767e-01 -9.047181275237172957e-03 9.999228961768689139e-01 8.505892794735186654e-03 -5.658269999999999966e-02 -1.605765695304089621e-02 -8.650421328628121395e-03 9.998336470953633759e-01 5.072670900000000316e+00
9.968724297441459159e-01 7.319459925468356845e-03 7.868789184113587909e-02 -2.841003999999999752e-01 -8.273646657219439413e-03 9.998960648900201420e-01 1.180703978328173989e-02 -5.731630000000000058e-02 -7.859329225191115376e-02 -1.242114825014092178e-02 9.968293783236695793e-01 5.130120800000000258e+00
9.791980612516847371e-01 7.009750556006372375e-03 2.027856509669371254e-01 -2.663793999999999884e-01 -9.714218229159514439e-03 9.998766178255462655e-01 1.234435457781239524e-02 -5.803930000000000200e-02 -2.026740999860074388e-01 -1.405747213723225648e-02 9.791453399122996837e-01 5.211142999999999859e+00
8.100820845476408572e-01 9.871866065324447215e-03 5.862333686812249978e-01 -1.780395999999999923e-01 -1.082502316891388247e-02 9.999396404338607436e-01 -1.879989998353000409e-03 -6.079280000000000100e-02 -5.862165428989029037e-01 -4.823043581570180850e-03 8.101400515233578847e-01 5.365333099999999966e+00
6.822565167095651084e-01 6.982926743434333602e-03 7.310795333897855963e-01 -1.222652000000000044e-01 -1.148102306372517957e-02 9.999334140831566131e-01 1.163404234448688589e-03 -6.209139999999999798e-02 -7.310227298222272685e-01 -9.187281104785692543e-03 6.822912591768712787e-01 5.413992900000000219e+00
6.360960001278029852e-01 5.750492369010345127e-03 7.715884981380450869e-01 -1.016433999999999949e-01 -8.707094259614725842e-03 9.999620548863097369e-01 -2.744031762498709212e-04 -6.259470000000000312e-02 -7.715607980781321595e-01 -6.543747020087613796e-03 6.361219334718563045e-01 5.426998600000000117e+00
5.892093330705840959e-01 3.032403498947077586e-03 8.079747312580617402e-01 -8.036699999999999400e-02 -3.482704978348619661e-03 9.999931992741192266e-01 -1.213330765061530281e-03 -6.302059999999999607e-02 -8.079729157518532601e-01 -2.099031808056413782e-03 5.892158869861855441e-01 5.438874199999999881e+00
4.498395868528820007e-01 1.004949849393089664e-02 8.930528280454906875e-01 -1.425470000000000036e-02 -1.090161644735768848e-02 9.999239807128585955e-01 -5.760864013801910224e-03 -6.467920000000000613e-02 -8.930428326003535533e-01 -7.144254710695734090e-03 4.499149461462306210e-01 5.469602100000000355e+00
4.075666594358980932e-01 7.564597702866548978e-03 9.131441260709375340e-01 9.002200000000000132e-03 -3.877213705952221173e-03 9.999710099720509060e-01 -6.553352527888696433e-03 -6.501679999999999959e-02 -9.131672274726797545e-01 -8.695269232146091674e-04 4.075841736289435024e-01 5.477006900000000122e+00
3.329871599904471458e-01 -3.527970592981307350e-03 9.429247608929310909e-01 5.699989999999999918e-02 1.496815962165275182e-02 9.998867774796095231e-01 -1.544803865431982129e-03 -6.546620000000000217e-02 -9.428125505523549110e-01 1.462824818414660936e-02 3.330022655719115932e-01 5.488840100000000000e+00
2.999991444165470145e-01 5.127470055993500059e-04 9.539393326830841735e-01 8.126049999999999940e-02 1.229272554982734425e-02 9.999147461541274540e-01 -4.403330794240641576e-03 -6.586179999999999812e-02 -9.538602634809233427e-01 1.304750987871382273e-02 2.999672652775107196e-01 5.495230699999999580e+00
2.689779879575356913e-01 8.135744475707513620e-03 9.631119621602367564e-01 1.055790000000000062e-01 1.226886141236367602e-03 9.999606175131871000e-01 -8.789662851443537372e-03 -6.682929999999999426e-02 -9.631455428670746555e-01 3.545854547439736965e-03 2.689574133033261205e-01 5.501956899999999706e+00
2.151738222850388682e-01 1.434874163765799751e-02 9.764703476381976222e-01 1.571510000000000129e-01 -2.183678961003282688e-03 9.998966229969578068e-01 -1.421178614653583958e-02 -6.882130000000000192e-02 -9.765733243077255876e-01 9.257065924665889081e-04 2.151829113053889131e-01 5.512160299999999680e+00
1.719496597955416650e-01 2.150918320668135375e-02 9.848708897789489880e-01 2.114836999999999967e-01 1.208767827621792801e-02 9.996402662528617311e-01 -2.394214108634543092e-02 -6.972780000000000644e-02 -9.850315743823078174e-01 1.602164547383438248e-02 1.716278076135177022e-01 5.518500300000000358e+00
1.348424321594768049e-01 2.917762463708347548e-02 9.904373704126145928e-01 2.691819999999999768e-01 1.188225912578783940e-02 9.994468681770147800e-01 -3.106074064191646084e-02 -7.041859999999999786e-02 -9.907958066157651622e-01 1.595693929593732657e-02 1.344211504225478748e-01 5.525622399999999601e+00
7.968630184107153291e-02 1.809272786706014879e-02 9.966557813494196783e-01 3.979289999999999772e-01 1.688617633628306663e-02 9.996672967454359737e-01 -1.949750923611673001e-02 -7.521010000000000195e-02 -9.966769538559792085e-01 1.838338967658055892e-02 7.935427295593733277e-02 5.536513300000000193e+00
6.176120252267899152e-02 1.921504821480352759e-02 9.979059754230635848e-01 4.680031000000000052e-01 2.179700817540570351e-02 9.995502517510660434e-01 -2.059574371033519660e-02 -7.694860000000000588e-02 -9.978529171664302089e-01 2.302338260298191983e-02 6.131459496696345379e-02 5.540054800000000057e+00
4.470825227794476137e-02 2.119416194552422444e-02 9.987752398200901993e-01 5.831043999999999672e-01 2.507452766587243281e-02 9.994361472292614401e-01 -2.233059949628045729e-02 -8.006850000000000078e-02 -9.986853559758375187e-01 2.604217945865467884e-02 4.415160980596488649e-02 5.545217000000000063e+00
4.020599853420951664e-02 2.117412808916347561e-02 9.989670334808504748e-01 6.241563999999999446e-01 2.718846307177990446e-02 9.993820661131053162e-01 -2.227719478065211256e-02 -8.119949999999999390e-02 -9.988214380747248988e-01 2.805605516041682207e-02 3.960546188562941161e-02 5.546670400000000001e+00
3.206755571761400053e-02 1.990523713863879759e-02 9.992874728549100416e-01 7.545250999999999486e-01 3.236328412588830583e-02 9.992567243792395137e-01 -2.094317605950689679e-02 -8.495419999999999361e-02 -9.989616057241065272e-01 3.301182087263639098e-02 3.139952184012073655e-02 5.550173299999999976e+00
3.127254159494875785e-02 1.966805262722718176e-02 9.993173649287021565e-01 8.010798000000000085e-01 3.644264054210079318e-02 9.991191636764976680e-01 -2.080458422307761984e-02 -8.605269999999999586e-02 -9.988463155523534809e-01 3.706837574305785893e-02 3.052823983232655358e-02 5.551502700000000345e+00
3.476573007378058050e-02 1.920256237857227016e-02 9.992109915380906759e-01 8.972164000000000250e-01 4.184599062129441827e-02 9.989105952028883850e-01 -2.065274461987683802e-02 -8.861439999999999595e-02 -9.985190319074344067e-01 4.253098152533459769e-02 3.392430587546457765e-02 5.554111500000000312e+00
4.266340996084743570e-02 1.895094527056460226e-02 9.989097532429368487e-01 9.969622999999999680e-01 4.439933966755305744e-02 9.987963660878961258e-01 -2.084508879085319663e-02 -9.090840000000000032e-02 -9.981024657256379884e-01 4.524025600021919225e-02 4.177064937772356767e-02 5.558662400000000225e+00
5.075113742720883253e-02 1.612065533521558208e-02 9.985812167878023171e-01 1.102095100000000105e+00 4.544484944871939047e-02 9.987967566322133450e-01 -1.843378961457222548e-02 -9.312520000000000520e-02 -9.976768453304045714e-01 4.631590884927410529e-02 4.995747070296829850e-02 5.564140300000000039e+00
5.882252967892898782e-02 1.277838447909244828e-02 9.981866673585038097e-01 1.210378100000000012e+00 4.185748751147160690e-02 9.990071169598976342e-01 -1.525552367834124949e-02 -9.590740000000000376e-02 -9.973905256926189900e-01 4.267895445741286264e-02 5.822925471808448883e-02 5.571378199999999836e+00
6.589933458552758860e-02 1.773198646633773051e-02 9.976687097213894351e-01 1.320075899999999969e+00 3.705366420466576355e-02 9.991089929457881436e-01 -2.020510291636132272e-02 -9.905419999999999503e-02 -9.971380564747251984e-01 3.829878419493883829e-02 6.518358274133861929e-02 5.579631299999999960e+00
6.679388211993679547e-02 2.638161917936171497e-02 9.974179602758432850e-01 1.431182699999999919e+00 2.829672845280503668e-02 9.991982116338717912e-01 -2.832364783251720142e-02 -1.023540000000000005e-01 -9.973654658500146208e-01 3.011551157040797538e-02 6.599381404826076825e-02 5.588747500000000201e+00
6.662095907458263910e-02 2.362374501749672090e-02 9.974986548779556372e-01 1.542385200000000012e+00 2.338194303733426294e-02 9.994081756076954592e-01 -2.523060182192576537e-02 -1.070905999999999941e-01 -9.975043521467870100e-01 2.500434361957951448e-02 6.602916210563591903e-02 5.597610999999999670e+00
6.677034885492202920e-02 2.229550731182217832e-02 9.975192383445543598e-01 1.653909999999999991e+00 2.183989148089453269e-02 9.994781254500424428e-01 -2.380117406709092442e-02 -1.108925000000000050e-01 -9.975293176914121762e-01 2.337492461116601888e-02 6.624857164896114092e-02 5.605990900000000110e+00
6.675161796306391948e-02 2.311447091254901359e-02 9.975018509926417698e-01 1.764577400000000074e+00 1.705866805021967469e-02 9.995590691124109917e-01 -2.430368695245581009e-02 -1.152947000000000000e-01 -9.976237884812421131e-01 1.863836338210739588e-02 6.632788302645387102e-02 5.614761399999999902e+00
6.241535893473972724e-02 2.413245601754429592e-02 9.977584615204269092e-01 1.875099400000000083e+00 1.058187215095415974e-02 9.996354374832731038e-01 -2.483980896476684075e-02 -1.194893000000000066e-01 -9.979941617819358957e-01 1.210853806974816066e-02 6.213723807013793454e-02 5.623315299999999795e+00
5.376151156178694823e-02 2.063901249660721887e-02 9.983404885297183506e-01 1.985282800000000014e+00 5.726680102479472442e-03 9.997635611506262565e-01 -2.097681888232565822e-02 -1.235079000000000038e-01 -9.985373828803786322e-01 6.844922102034438870e-03 5.363060722965351523e-02 5.630444999999999922e+00
4.007303428624903879e-02 1.908130508151881233e-02 9.990145422962967148e-01 2.094008399999999881e+00 2.957693927140835413e-03 9.998109970108177702e-01 -1.921515815360180096e-02 -1.272573999999999927e-01 -9.991923758564847935e-01 3.724788936380120721e-03 4.000902370282177767e-02 5.635920500000000111e+00
2.136615330222418896e-02 2.057181615087022228e-02 9.995600471574086487e-01 2.200288099999999858e+00 3.187746166773936657e-03 9.997817972318279178e-01 -2.064451981210291970e-02 -1.307022999999999935e-01 -9.997666356542622701e-01 3.627437683942602922e-03 2.129591342034997670e-02 5.638891700000000284e+00
3.852487961927061476e-04 1.846306231329280373e-02 9.998294689162647852e-01 2.306295400000000217e+00 3.737756512270273140e-03 9.998225322791548519e-01 -1.846437443168337869e-02 -1.344673999999999869e-01 -9.999929403548906137e-01 3.744232486623754429e-03 3.161699955689378783e-04 5.639713300000000373e+00
-2.179682653344746507e-02 1.811607375763071848e-02 9.995982724198152480e-01 2.410803099999999866e+00 5.288210094709758051e-03 9.998239145908870418e-01 -1.800485062833928618e-02 -1.379222999999999977e-01 -9.997484349510458168e-01 4.893637068958361751e-03 -2.188879003445154403e-02 5.638308499999999945e+00
-4.346525818630488786e-02 1.992575300280390732e-02 9.988562137255140305e-01 2.513779899999999845e+00 5.270363312125591129e-03 9.997917478487775567e-01 -1.971507555259669961e-02 -1.411816999999999933e-01 -9.990410374961363749e-01 4.407414293851507486e-03 -4.356122241037663212e-02 5.634326899999999583e+00
-5.351567497000931511e-02 2.110855103939136834e-02 9.983438794350980583e-01 2.564500999999999920e+00 6.058397638176470090e-03 9.997650122945552775e-01 -2.081384178198339083e-02 -1.427798000000000123e-01 -9.985486309392057613e-01 4.934497409575709648e-03 -5.363098344010519547e-02 5.631205099999999852e+00
-6.315615143127333020e-02 2.189111127217062067e-02 9.977635390129565574e-01 2.614336999999999911e+00 6.706628055018958208e-03 9.997461362406252494e-01 -2.151009558493345228e-02 -1.443908000000000136e-01 -9.979811229059004640e-01 5.333134088956078406e-03 -6.328693391425677106e-02 5.628106100000000112e+00
-9.847402015135878206e-02 2.108077330184874795e-02 9.949163122354692801e-01 2.809598700000000004e+00 1.087348719682866907e-02 9.997387092983502921e-01 -2.010672540840884731e-02 -1.516251000000000126e-01 -9.950802151743397550e-01 8.838219699962878914e-03 -9.867751132413604687e-02 5.611211299999999902e+00
-1.078380558779210019e-01 1.801934154041574809e-02 9.940051594609158325e-01 2.903626899999999900e+00 1.720784543098028557e-02 9.997197756295578275e-01 -1.625608411672181675e-02 -1.548286000000000107e-01 -9.940195389226986755e-01 1.535166263426511989e-02 -1.081179110705984270e-01 5.601111399999999740e+00
-7.133158754606423735e-02 2.063006586540015383e-02 9.972392917452398420e-01 3.271832199999999968e+00 1.939094729972174955e-02 9.996258268373909850e-01 -1.929242033757950711e-02 -1.673542000000000085e-01 -9.972641554678368658e-01 1.796125558115826623e-02 -7.170493370034392022e-02 5.565291400000000444e+00
-5.391454880536712679e-02 2.200692004176903194e-02 9.983030185757173491e-01 3.306601500000000193e+00 1.850215894010336093e-02 9.996074920157372867e-01 -2.103644505525445810e-02 -1.686483000000000010e-01 -9.983741240345069823e-01 1.733659067644994015e-02 -5.430056244688807876e-02 5.564130300000000418e+00
3.330638136991780907e-01 1.238320167066043337e-02 9.428229697671471898e-01 3.621891000000000194e+00 -3.648059145078466105e-03 9.999231974529404487e-01 -1.184444426563916776e-02 -1.821486999999999967e-01 -9.428972307036610490e-01 5.054818212120622267e-04 3.330834082020526221e-01 5.619292699999999918e+00
4.473458231424742859e-01 1.615694531542255855e-02 8.942151126183545129e-01 3.673027799999999843e+00 -4.369875210447869696e-04 9.998406375341460928e-01 -1.784680860038518474e-02 -1.842301000000000077e-01 -8.943609582036150529e-01 7.592934438461620278e-03 4.472815933924899623e-01 5.650111199999999556e+00
5.065698232071920160e-01 1.915570692884435017e-02 8.619861211805504020e-01 3.696946399999999855e+00 1.444114234226466162e-03 9.997329131012542280e-01 -2.306549362486318838e-02 -1.850996000000000030e-01 -8.621977318167293181e-01 1.292908945503605002e-02 5.064068620150707911e-01 5.666837199999999797e+00
6.201145351288740448e-01 2.545826160283323758e-02 7.840981062584337913e-01 3.741166799999999792e+00 -5.418589355441795485e-03 9.995884748606305159e-01 -2.816948375806308663e-02 -1.872131999999999963e-01 -7.844925762627059651e-01 1.321960067325764383e-02 6.199972902737094227e-01 5.706152900000000194e+00
7.667582222660161984e-01 2.015742647111657196e-02 6.416194407478003070e-01 3.796278699999999784e+00 -7.211311395690996225e-03 9.997142717484540642e-01 -2.278973124923779417e-02 -1.903048999999999991e-01 -6.418954942787905571e-01 1.284729623382435335e-02 7.666844992590287067e-01 5.775020099999999879e+00
8.083144456795466892e-01 1.457159463010024650e-02 5.885706631626342888e-01 3.811699200000000065e+00 -6.639212691891601542e-03 9.998557069818994059e-01 -1.563605035032913232e-02 -1.910998999999999892e-01 -5.887135787126019926e-01 8.731199554599354540e-03 8.082945554646144837e-01 5.800483700000000020e+00
8.766449658023985902e-01 8.045263116590928298e-03 4.810705537389461384e-01 3.837873000000000090e+00 -8.380287564901965636e-03 9.999638308231650896e-01 -1.451835317856180890e-03 -1.928408000000000067e-01 -4.810648342101520036e-01 -2.758765456766247050e-03 8.766806798940612877e-01 5.854352999999999696e+00
9.383274637183595113e-01 1.645279715497212358e-02 3.453561586212819390e-01 3.866973600000000122e+00 -2.115983477614968161e-02 9.997274457883207344e-01 9.863849644349510434e-03 -1.942481000000000069e-01 -3.450997424283546722e-01 -1.656320027463378461e-02 9.384198570855933896e-01 5.943264000000000102e+00
9.598088148846707357e-01 2.226629782971762533e-02 2.797699963374240539e-01 3.882314899999999902e+00 -2.574892011313679313e-02 9.996298963280552119e-01 8.778580760524283544e-03 -1.938996000000000053e-01 -2.794709859407434882e-01 -1.562953448187309052e-02 9.600269192419496056e-01 6.006134999999999557e+00
9.700525157768893347e-01 1.381525245773199476e-02 2.425020730518751555e-01 3.898020700000000005e+00 -1.658485761856365662e-02 9.998184328019931177e-01 9.383172551885542861e-03 -1.942987999999999937e-01 -2.423284117323015185e-01 -1.312403249369709785e-02 9.701055100546561727e-01 6.071248500000000270e+00
9.731111145341614366e-01 1.761265057445266652e-02 2.296618237971310983e-01 3.905102299999999804e+00 -2.021466035239376929e-02 9.997553177258584611e-01 8.981769631042791496e-03 -1.940988999999999909e-01 -2.294474368497491368e-01 -1.338279562012344159e-02 9.732290452429327443e-01 6.104830699999999943e+00
9.766880987476691534e-01 3.711509247844776288e-02 2.114304322347648757e-01 3.925050000000000150e+00 -3.895652373738884428e-02 9.992305510042950312e-01 4.549197506279711346e-03 -1.937973000000000057e-01 -2.110989034148720855e-01 -1.267974171539597295e-02 9.773824620521228690e-01 6.211672300000000035e+00
9.762720905343593714e-01 3.715820852145895054e-02 2.133355872402621645e-01 3.941187900000000077e+00 -3.772950187175700548e-02 9.992870161229699955e-01 -1.394308631633036158e-03 -1.949104999999999865e-01 -2.132352924170406172e-01 -6.687820835439365827e-03 9.769779849721754728e-01 6.285995500000000291e+00
9.745056463947299186e-01 3.615172939708911903e-02 2.214312480351166013e-01 3.958829399999999943e+00 -3.421079901558932157e-02 9.993352638685554234e-01 -1.259569845144569919e-02 -1.952638999999999903e-01 -2.217394109659007739e-01 4.699239338918709957e-03 9.750946368297442879e-01 6.362888299999999830e+00
9.732776353729467589e-01 4.110786994685550894e-02 2.259220828322845431e-01 3.967380299999999860e+00 -3.938396073621628496e-02 9.991504696479177605e-01 -1.213435779403538445e-02 -1.959236000000000033e-01 -2.262289727677986861e-01 2.912392620837147943e-03 9.740697972166310059e-01 6.402471099999999637e+00
9.700634445129125982e-01 3.684290920761958132e-02 2.400406500175804592e-01 3.997542399999999940e+00 -3.847376486084486125e-02 9.992573832877000850e-01 2.109825218110665014e-03 -1.975181000000000020e-01 -2.397846597202912822e-01 -1.128193184422138229e-02 9.707605446126694737e-01 6.526973700000000100e+00
9.692081093583435614e-01 3.446035476469291176e-02 2.438198611752470102e-01 4.008329899999999668e+00 -3.726148489539438807e-02 9.992818362646778141e-01 6.884290441575801472e-03 -1.979585000000000095e-01 -2.434075235020797812e-01 -1.575740019753201979e-02 9.697961032307766960e-01 6.570087400000000244e+00
9.686157063468933126e-01 2.994659905296416166e-02 2.467525372174925458e-01 4.019567499999999960e+00 -3.277596421826843576e-02 9.994355786870176006e-01 7.366153956379251251e-03 -1.980341999999999936e-01 -2.463926735673604151e-01 -1.522252474812573961e-02 9.690505276571603765e-01 6.613371400000000122e+00
9.687549055625273020e-01 2.605316318551382376e-02 2.466478575551949159e-01 4.042435199999999895e+00 -2.619863782957679993e-02 9.996531311014151822e-01 -2.692369776161039965e-03 -1.988437000000000121e-01 -2.466324478336405224e-01 -3.853591463285306780e-03 9.691014320020483463e-01 6.701130400000000265e+00
9.689091961354753257e-01 2.799759757582729464e-02 2.458273869488280527e-01 4.053448200000000057e+00 -2.651543715258077027e-02 9.996047906444628373e-01 -9.337778817633705236e-03 -1.992109999999999992e-01 -2.459916690392468519e-01 2.529239138859538851e-03 9.692686426954417733e-01 6.746049900000000044e+00
9.711117002302145362e-01 2.587157185522527200e-02 2.372187333363909856e-01 4.099244099999999946e+00 -2.781717716017946887e-02 9.996012243173784118e-01 4.857674138638468087e-03 -2.014498000000000122e-01 -2.369984606085471235e-01 -1.131609972286930221e-02 9.714441185967626069e-01 6.937034599999999607e+00
9.714443558406293810e-01 2.920997461813684692e-02 2.354626103826090167e-01 4.110419300000000220e+00 -3.100902357037976093e-02 9.995113370673506248e-01 3.940498832445026717e-03 -2.017342000000000024e-01 -2.352324466620116517e-01 -1.112944098527278089e-02 9.718754197842226494e-01 6.986317599999999572e+00
9.717421900869543938e-01 3.506928044732458838e-02 2.334250662930531794e-01 4.121474700000000269e+00 -3.590424167695825675e-02 9.993550085328235522e-01 -6.725696712461277232e-04 -2.019700000000000106e-01 -2.332980956514903725e-01 -7.727385668323011325e-03 9.723745605866708219e-01 7.036465200000000308e+00
9.736118277249847797e-01 3.495819760767089612e-02 2.255170355738954080e-01 4.144727699999999793e+00 -3.383720044913018921e-02 9.993883034048847147e-01 -8.835320213295871222e-03 -2.028736999999999902e-01 -2.256879544410377858e-01 9.713071239949759919e-04 9.741991602247925819e-01 7.138455900000000298e+00
9.745157311427663505e-01 3.263420424487534222e-02 2.219326439904306392e-01 4.156204200000000348e+00 -3.181590465558813141e-02 9.994673623747499791e-01 -7.262214442346369078e-03 -2.036161999999999972e-01 -2.220514309033517486e-01 1.615437583660488813e-05 9.750349541287276489e-01 7.191081999999999752e+00
9.763552115154258138e-01 1.954520506638457444e-02 2.152869849888306708e-01 4.204172100000000079e+00 -2.031659082486684392e-02 9.997926573997887312e-01 1.370527899566657999e-03 -2.066208999999999962e-01 -2.152155595767251961e-01 -5.712019641206519775e-03 9.765498634210623141e-01 7.406872299999999854e+00
9.762626283118521764e-01 2.602046282082621717e-02 2.150214316672278414e-01 4.227610600000000218e+00 -2.678845181425453317e-02 9.996409085881604595e-01 6.578194526825984628e-04 -2.071459999999999968e-01 -2.149271025511433619e-01 -6.402295809080135042e-03 9.766091087007857663e-01 7.517389299999999608e+00
9.755281606346857259e-01 4.032033467137397659e-02 2.161459655434155025e-01 4.250704299999999769e+00 -4.034160407883321392e-02 9.991766270028992203e-01 -4.315441049984571759e-03 -2.080114000000000130e-01 -2.161419968193447338e-01 -4.509840695370729083e-03 9.763515240669462525e-01 7.628601599999999650e+00
9.738090441715062662e-01 4.871095480645394604e-02 2.220882445597267829e-01 4.274512800000000112e+00 -4.959120534130362357e-02 9.987682940926062569e-01 -1.614641799916711855e-03 -2.097983999999999960e-01 -2.218933479006841847e-01 -9.441270951994814448e-03 9.750252327813044850e-01 7.741526099999999744e+00
