9.999626138349079207e-01 -2.873028575697596492e-03 -8.155773369957522792e-03 -1.497539999999999982e-01 2.886915446322084206e-03 9.999944023549829364e-01 1.691442551838235296e-03 -3.344330000000000219e-02 8.150868154047774886e-03 -1.714924343406181145e-03 9.999653105897382543e-01 4.786670000000000091e-01
9.999196850872332787e-01 -3.168508160905619125e-03 -1.227126444513989764e-02 -1.505429000000000073e-01 3.169364704660671862e-03 9.999949762832744948e-01 5.035456578067197981e-05 -3.333080000000000070e-02 1.227104324893084700e-02 -8.924263397209772982e-05 9.999247039319186792e-01 5.238437999999999706e-01
9.998524770077259483e-01 -1.780110170813405633e-03 -1.708377678660647978e-02 -1.517851000000000061e-01 1.772558689301755031e-03 9.999983245195396275e-01 -4.571584042114250628e-04 -3.353500000000000231e-02 1.708456195539729064e-02 4.268089658465016646e-04 9.998539571241886748e-01 5.698767999999999612e-01
9.996713545507680543e-01 -6.027397282345355305e-04 -2.562849186847801497e-02 -1.552154000000000034e-01 5.503649327629597712e-04 9.999977460243800742e-01 -2.050620540264106416e-03 -3.413209999999999855e-02 2.562967009294932208e-02 2.035841589951435833e-03 9.996694330427169373e-01 6.652852999999999684e-01
9.993956870829904249e-01 2.521067198432483218e-03 -3.466849953629944081e-02 -1.593460999999999905e-01 -2.557764464413012952e-03 9.999962146029247601e-01 -1.014209428925564628e-03 -3.485619999999999691e-02 3.466581141213909145e-02 1.102270385215577565e-03 9.993983522695721877e-01 7.638663999999999454e-01
9.990885070503195964e-01 8.947000591073687482e-04 -4.267733112283223634e-02 -1.637844999999999995e-01 -7.201284769245475982e-04 9.999913122947676758e-01 4.105697256881062594e-03 -3.530520000000000186e-02 4.268063372233774772e-02 -4.071221781317202644e-03 9.990804715628601729e-01 8.658069000000000459e-01
9.987704663667298366e-01 -9.293332460041932135e-04 -4.956502651369043555e-02 -1.714836999999999889e-01 1.060053237432914946e-03 9.999960291577191240e-01 2.611121584293715509e-03 -3.588310000000000111e-02 4.956240309668985544e-02 -2.660452689304554624e-03 9.987674855494491633e-01 1.021952399999999983e+00
9.986574032835777714e-01 -9.008121841217478715e-04 -5.179362320122550545e-02 -1.741021000000000096e-01 1.077720574296181901e-03 9.999936805988779431e-01 3.387813553455719991e-03 -3.620580000000000326e-02 5.179024411281844820e-02 -3.439084139444303998e-03 9.986520631906873335e-01 1.075292799999999938e+00
9.984732411294786614e-01 -3.978727472620067367e-04 -5.523611541076046266e-02 -1.802083999999999908e-01 4.542017339032486628e-04 9.999993895885908035e-01 1.007235439482497257e-03 -3.707239999999999841e-02 5.523568094247397614e-02 -1.030785973234211311e-03 9.984728123645122411e-01 1.183075499999999947e+00
9.982880138802594505e-01 3.811817096698873197e-03 -5.836532697953702303e-02 -1.874142000000000030e-01 -4.002826219130199356e-03 9.999870081743134076e-01 -3.156083782967477377e-03 -3.793119999999999825e-02 5.835253829326023794e-02 3.384306872460096909e-03 9.982903023378153495e-01 1.292882899999999946e+00
9.980662632644288212e-01 4.736490177362414136e-03 -6.197822032117104862e-02 -1.987903000000000031e-01 -4.736527382286054300e-03 9.999887718860013264e-01 1.463225335587982985e-04 -3.970470000000000249e-02 6.197821747789077074e-02 1.475219533561708486e-04 9.980774913780675606e-01 1.461597599999999941e+00
9.980111936114838267e-01 4.470156125697471831e-03 -6.287825641979211122e-02 -2.028011000000000119e-01 -4.468595967696580538e-03 9.999900020897068975e-01 1.654409422511962451e-04 -4.019430000000000225e-02 6.287836731546647684e-02 1.158656108449496170e-04 9.980211909067369103e-01 1.518653000000000031e+00
9.978504469441826785e-01 2.581602012837171545e-03 -6.548145435420767158e-02 -2.107587999999999961e-01 -2.695557757659794180e-03 9.999950024439312468e-01 -1.651985331956332560e-03 -4.117910000000000320e-02 6.547686233830991853e-02 1.824943344105190834e-03 9.978524189879587336e-01 1.633670600000000084e+00
9.977943448301960228e-01 3.917096687478033822e-03 -6.626538899320522091e-02 -2.186344000000000065e-01 -3.682297242703103015e-03 9.999865038188011646e-01 3.665087620677659908e-03 -4.243199999999999750e-02 6.627885116608642213e-02 -3.412994842042999920e-03 9.977953023312506886e-01 1.750567999999999902e+00
9.979665308857765815e-01 3.581884922304772075e-03 -6.363940078451128801e-02 -2.270080999999999904e-01 -2.933516073711002307e-03 9.999428699149753852e-01 1.027868618295952642e-02 -4.291910000000000169e-02 6.367258213119340871e-02 -1.007109758694898181e-02 9.979200244900091610e-01 1.868966200000000022e+00
9.981951578164276473e-01 4.692518546018095010e-03 -5.986991883686121341e-02 -2.386019000000000057e-01 -4.484923764912654084e-03 9.999834577795697621e-01 3.601336701621701396e-03 -4.360050000000000037e-02 5.988582779472947926e-02 -3.326324835430537110e-03 9.981996910400389167e-01 2.048268100000000036e+00
9.983236112375770688e-01 1.424670903499345061e-03 -5.786136498890848134e-02 -2.458954999999999891e-01 -1.328173614185015547e-03 9.999976624911521839e-01 1.706155644163904941e-03 -4.417100000000000193e-02 5.786366044775895223e-02 -1.626445525756087338e-03 9.983231698576058299e-01 2.169835799999999981e+00
9.983008352760908144e-01 -5.939876240812902572e-04 -5.826739625006427392e-02 -2.492540000000000033e-01 9.909295195323728368e-04 9.999764990451476265e-01 6.783761205796341037e-03 -4.472380000000000105e-02 5.826199744041467288e-02 -6.829973361030505438e-03 9.982779628531027738e-01 2.231260499999999869e+00
9.982429084786208495e-01 -4.590453272248308514e-03 -5.907642009210581358e-02 -2.527725000000000111e-01 5.197515200888579850e-03 9.999352196317022878e-01 1.012632094276340496e-02 -4.491490000000000066e-02 5.902610869674698724e-02 -1.041557866153491017e-02 9.982021008860205713e-01 2.292770400000000208e+00
9.979859662764652972e-01 -1.447942250501872523e-02 -6.176048444718496705e-02 -2.593604999999999938e-01 1.485366112504124016e-02 9.998739702210542868e-01 5.604678899698522371e-03 -4.528829999999999661e-02 6.167154827318880456e-02 -6.510760194281811977e-03 9.980752627609204009e-01 2.416143400000000163e+00
9.978984224756426435e-01 -1.414036530512867602e-02 -6.323597464783398125e-02 -2.633332999999999924e-01 1.428147097435867284e-02 9.998964303277695365e-01 1.779945109444923835e-03 -4.558820000000000233e-02 6.320425624459588554e-02 -2.679307153276645845e-03 9.979970156797794978e-01 2.478222399999999936e+00
9.977530242517458348e-01 -1.215060473898201855e-02 -6.588827969352524516e-02 -2.722907999999999995e-01 1.230322869158008252e-02 9.999224860783352264e-01 1.911124978713786603e-03 -4.620849999999999957e-02 6.585995111035129745e-02 -2.717469300398967121e-03 9.978251761708277767e-01 2.603423799999999844e+00
9.975808964432073545e-01 -8.175075282572259391e-03 -6.903276899915744558e-02 -2.910877000000000048e-01 9.019394717633072781e-03 9.998881818259948151e-01 1.192788177481003166e-02 -4.787720000000000170e-02 6.892753854951075287e-02 -1.252166078563817127e-02 9.975430829997644633e-01 2.856018499999999793e+00
9.975756299300765351e-01 -2.753487993325043522e-03 -6.953618391514969355e-02 -3.008994999999999864e-01 3.700047095993109006e-03 9.999021958791957099e-01 1.348733952452682745e-02 -4.767910000000000204e-02 6.949224576237510165e-02 -1.371192837762236043e-02 9.974882509579090506e-01 2.981639400000000162e+00
9.974996575932949527e-01 -7.964105972239533425e-04 -7.066681563095925100e-02 -3.147316000000000003e-01 1.472943665603812947e-03 9.999535802014942742e-01 9.521968240418643772e-03 -4.806640000000000218e-02 7.065595189520351704e-02 -9.602248297883841585e-03 9.974545269281244186e-01 3.169108200000000153e+00
9.973999361858518764e-01 -2.744247670622657672e-03 -7.201275165677932522e-02 -3.191892000000000063e-01 3.518387165931741428e-03 9.999373590878539719e-01 1.062538715335967221e-02 -4.824010000000000103e-02 7.197908201838433551e-02 -1.085112920992354832e-02 9.973471134698592699e-01 3.231260300000000196e+00
9.972702242762023772e-01 5.735267612324211573e-04 -7.383610796315827340e-02 -3.337342999999999837e-01 -2.607014523235419131e-04 9.999909503577463221e-01 4.246320450002870513e-03 -4.943979999999999903e-02 7.383787515121063849e-02 -4.215479766943073560e-03 9.972613488567020346e-01 3.415709000000000106e+00
9.971981188371219496e-01 1.619006464129701776e-03 -7.478830527411541029e-02 -3.380682999999999883e-01 -1.383684452275376481e-03 9.999939283997216766e-01 3.198215288068694678e-03 -4.999920000000000059e-02 7.479302912064535180e-02 -3.085770853678408178e-03 9.971943044428186465e-01 3.476926999999999879e+00
9.971670487955860418e-01 -1.751123978762563014e-03 -7.519847313019276114e-02 -3.472726999999999897e-01 2.495013490021227073e-03 9.999488706092387602e-01 9.799544631889416102e-03 -5.096099999999999935e-02 7.517746806048958286e-02 -9.959404205010628092e-03 9.971204333298436806e-01 3.598836200000000041e+00
9.971396648663308770e-01 -3.762903885992003889e-03 -7.548727909128868929e-02 -3.518647999999999776e-01 4.573807337261561606e-03 9.999336516923817975e-01 1.057225139599472265e-02 -5.135549999999999837e-02 7.544248827221261555e-02 -1.088727548486242459e-02 9.970907171345111397e-01 3.659331100000000170e+00
9.970420292552952812e-01 -9.687707903235974125e-03 -7.624526355167587921e-02 -3.605033999999999739e-01 1.033568742654462046e-02 9.999137083108192714e-01 8.108606386215107611e-03 -5.228789999999999827e-02 7.616013040892000152e-02 -8.872668577568994588e-03 9.970561219351742333e-01 3.779501400000000011e+00
9.969533092230959959e-01 -1.143647154071971046e-02 -7.715767199583133118e-02 -3.653438999999999992e-01 1.220640432150471404e-02 9.998802322274219501e-01 9.514457124649409320e-03 -5.259939999999999755e-02 7.703961917518763192e-02 -1.042728725676764917e-02 9.969735045415234476e-01 3.839571499999999915e+00
9.967668075093762958e-01 -1.513608543837944437e-02 -7.891026780570421784e-02 -3.745818000000000203e-01 1.662917914796505081e-02 9.996942671015772719e-01 1.829870829061662832e-02 -5.249079999999999718e-02 7.860917152871392533e-02 -1.955175802433824564e-02 9.967137637806186001e-01 3.959420399999999951e+00
9.966208715522528738e-01 -1.260392511760265698e-02 -8.116636900870784210e-02 -3.843614000000000197e-01 1.399978278959259324e-02 9.997633405234551685e-01 1.665139715537958254e-02 -5.251490000000000324e-02 8.093728725545533409e-02 -1.773144148149893157e-02 9.965614639924202933e-01 4.077521299999999904e+00
9.965372592010033337e-01 -1.096304737902012265e-02 -8.242149365497858371e-02 -3.895534999999999970e-01 1.174101905590352150e-02 9.998909258812271883e-01 8.960179234316075630e-03 -5.250040000000000262e-02 8.231427273371991205e-02 -9.896864783734221627e-03 9.965572801258195668e-01 4.135579599999999800e+00
9.964374821119192926e-01 -4.454948732990782027e-03 -8.421696785235634197e-02 -4.002513999999999794e-01 4.892683234529511364e-03 9.999755703788480998e-01 4.992023263552355233e-03 -5.306940000000000268e-02 8.419267125602412916e-02 -5.386286038052369093e-03 9.964349361747063538e-01 4.249737699999999840e+00
9.961899252582976372e-01 1.459042546059593180e-03 -8.719807342319076116e-02 -4.160380000000000189e-01 -7.280521094665814985e-04 9.999643339591205438e-01 8.414318143406434788e-03 -5.444430000000000103e-02 8.720724026130675932e-02 -8.318774221082418999e-03 9.961554573667030787e-01 4.415307000000000315e+00
9.960361808632889336e-01 3.149947063898855121e-03 -8.889321821583666405e-02 -4.211005999999999916e-01 -2.332154229500548251e-03 9.999540150835622976e-01 9.302084439138151584e-03 -5.480759999999999799e-02 8.891843154219232492e-02 -9.057899963991013215e-03 9.959977243851106943e-01 4.468831500000000290e+00
9.959099234900993247e-01 3.883417044770866387e-03 -9.026817471291324890e-02 -4.259297000000000222e-01 -2.997453645572708322e-03 9.999460219844782394e-01 9.948285734744634345e-03 -5.541129999999999667e-02 9.030193555836603381e-02 -9.637021815574759592e-03 9.958678066113689775e-01 4.521604100000000237e+00
9.956581606189567335e-01 3.134089668695549946e-03 -9.303227759667168084e-02 -4.358615000000000128e-01 -2.072964382443262879e-03 9.999317190626587637e-01 1.150043612499352698e-02 -5.609429999999999972e-02 9.306196866359922604e-02 -1.125765048065138253e-02 9.955966730027329126e-01 4.624296700000000371e+00
9.952220886596168103e-01 1.069512665951791522e-02 -9.704951576245339495e-02 -4.513824000000000169e-01 -8.797416569897166527e-03 9.997620550743058221e-01 1.996092921926057029e-02 -5.646450000000000080e-02 9.723990798887831299e-02 -1.901177265111017589e-02 9.950793700981730439e-01 4.771914999999999907e+00
9.944549492589058737e-01 5.380039478762763464e-03 -1.050257543161390444e-01 -4.868604999999999738e-01 -5.474881077249969460e-03 9.999848237636514980e-01 -6.147516319544449066e-04 -6.080750000000000044e-02 1.050208530324193007e-01 1.186346317891421318e-03 9.944693122518950545e-01 5.112816800000000050e+00
9.957339374725356906e-01 7.035899100136305470e-03 -9.200229284802192986e-02 -5.014283999999999963e-01 -7.024681198040363256e-03 9.999752272673064768e-01 4.457642478798492657e-04 -6.326589999999999991e-02 9.200315005208455077e-02 2.024241870202172773e-04 9.957586953699888443e-01 5.256298100000000417e+00
9.998632772678814895e-01 8.133016126219607539e-03 1.439725042576201278e-02 -5.084176999999999724e-01 -8.276218581906722577e-03 9.999165946627978085e-01 9.915035246454574624e-03 -6.594419999999999449e-02 -1.431541047668401928e-02 -1.003283442724868524e-02 9.998471939532757036e-01 5.475836300000000101e+00
9.969978199453811696e-01 6.660492498782585175e-03 7.714262676258126783e-02 -5.026211999999999902e-01 -7.676423213336612192e-03 9.998875766542104637e-01 1.288047278713389324e-02 -6.626799999999999358e-02 -7.704816383799814594e-02 -1.343398273945634047e-02 9.969368628739478932e-01 5.532504999999999562e+00
9.681369524049470154e-01 8.543088952290592633e-03 2.502755621694108257e-01 -4.771959000000000062e-01 -1.180641395474644854e-02 9.998637036235208386e-01 1.154048377604652460e-02 -6.732319999999999971e-02 -2.501428591377146127e-01 -1.412762568194936112e-02 9.681058620910215629e-01 5.636963800000000191e+00
8.111667674805222994e-01 9.079171042371528624e-03 5.847444262140372162e-01 -3.987326999999999955e-01 -1.054895744334375350e-02 9.999439601837070146e-01 -8.921821471052598755e-04 -6.907779999999999476e-02 -5.847197575181283247e-01 -5.444735559093135530e-03 8.112170856328364543e-01 5.763155000000000250e+00
7.284298756835128064e-01 7.901333066091526316e-03 6.850748025927393403e-01 -3.633254000000000206e-01 -1.189564502547563359e-02 9.999286218151122174e-01 1.115752821313063803e-03 -6.939819999999999323e-02 -6.850170872621572649e-01 -8.962154356463624197e-03 7.284718731345507514e-01 5.796797299999999709e+00
6.834606422719361474e-01 6.986712756172424113e-03 7.299539275256319293e-01 -3.441411999999999805e-01 -1.121962585866688629e-02 9.999366216504372851e-01 9.341723084876222064e-04 -6.949600000000000222e-02 -7.299011374568642463e-01 -8.828279966853640193e-03 6.834957139675441606e-01 5.811249300000000062e+00
5.443306213311694952e-01 4.896887671334264162e-03 8.388564806761389381e-01 -2.823023000000000060e-01 -5.348042448769160621e-03 9.999828973708420055e-01 -2.367151829161388485e-03 -7.121299999999999852e-02 -8.388537257014414550e-01 -3.197726841128465183e-03 5.443475006095466195e-01 5.846367400000000103e+00
4.515520401245128879e-01 1.001654892366054747e-02 8.921885584376489930e-01 -2.385377999999999943e-01 -1.072679879605858283e-02 9.999256620105806403e-01 -5.797088949721914547e-03 -7.222259999999999791e-02 -8.921803017591114493e-01 -6.952639812476015327e-03 4.516259181586668170e-01 5.865862400000000143e+00
4.091127553871617972e-01 7.523594686224847547e-03 9.124528200967554348e-01 -2.157461999999999991e-01 -3.644479387217883139e-03 9.999715047193694639e-01 -6.611166256888574566e-03 -7.253709999999999325e-02 -9.124765592329047159e-01 -6.207030509731378300e-04 4.091285171901392070e-01 5.873306799999999939e+00
3.345128517005052649e-01 -3.664561337941181322e-03 9.423840634462132826e-01 -1.682391000000000025e-01 1.509602727915585960e-02 9.998849673355086898e-01 -1.470393435713960965e-03 -7.306050000000000044e-02 -9.422702701494847233e-01 1.471812103052816054e-02 3.345296921137912438e-01 5.885112799999999922e+00
2.703368060998569966e-01 8.206476362383073944e-03 9.627308372610913212e-01 -1.205838000000000049e-01 9.473953467052120304e-04 9.999609196178478321e-01 -8.789862290448171439e-03 -7.435329999999999717e-02 -9.627653471691767217e-01 3.288310013008102425e-03 2.703184664566462558e-01 5.898297300000000298e+00
2.166454915758785627e-01 1.432354322143075329e-02 9.761452592157736641e-01 -7.003299999999999803e-02 -2.969226036290331140e-03 9.998974033420298113e-01 -1.401308269480646372e-02 -7.639849999999999419e-02 -9.762458269701291824e-01 1.374752700449340809e-04 2.166657943099435935e-01 5.908246000000000109e+00
1.932914319356699995e-01 1.538067216990648967e-02 9.810208240724864748e-01 -4.359459999999999724e-02 4.203262495633910793e-03 9.998549626071066010e-01 -1.650413082638118797e-02 -7.718039999999999623e-02 -9.811323839954786408e-01 7.313595117544609454e-03 1.931987484478240313e-01 5.911770299999999700e+00
1.732087985502260008e-01 2.155210157212863326e-02 9.846492873214359731e-01 -1.654500000000000068e-02 1.157320937056714044e-02 9.996469756530570461e-01 -2.391620564724433046e-02 -7.711990000000000511e-02 -9.848171266431408055e-01 1.553804960479002011e-02 1.728982246433630188e-01 5.914760099999999632e+00
7.140920283033491689e-02 1.854016070339138331e-02 9.972747806859596498e-01 2.000651999999999986e-01 1.926375170029988662e-02 9.996151184302849435e-01 -1.996303774570854644e-02 -8.381940000000000224e-02 -9.972610659308653869e-01 2.063679836359828823e-02 7.102456569198367653e-02 5.933645199999999953e+00
4.257602225173359733e-02 2.124342811940660436e-02 9.988673581066485063e-01 3.883338000000000068e-01 2.686129162256870040e-02 9.993881806985694949e-01 -2.239944848362791785e-02 -8.845970000000000222e-02 -9.987320728511663859e-01 2.778454681543295057e-02 4.197934750176335328e-02 5.939345799999999898e+00
3.947889162785088446e-02 2.129802027758007782e-02 9.989933991013615344e-01 4.304971000000000214e-01 2.866477085755867599e-02 9.993372106620623807e-01 -2.243814381477138298e-02 -8.957790000000000197e-02 -9.988091649697252716e-01 2.952174992144768195e-02 3.884222256842984056e-02 5.940925100000000292e+00
3.658265481427350196e-02 2.066820695473029282e-02 9.991168773411928106e-01 4.731771000000000171e-01 2.935583739689522423e-02 9.993324170540509588e-01 -2.174752941451757113e-02 -9.094820000000000682e-02 -9.988993663915634036e-01 3.012549495335632363e-02 3.595150033515348564e-02 5.942296999999999940e+00
3.347485602745475103e-02 1.983949727463089202e-02 9.992426273742683884e-01 5.632006000000000512e-01 3.576378951746685131e-02 9.991388580917567319e-01 -2.103553209335782756e-02 -9.348639999999999728e-02 -9.987994720529699277e-01 3.644086441057994841e-02 3.273649382139487418e-02 5.945190900000000056e+00
3.461757069121450953e-02 1.931920505689106032e-02 9.992138870709353915e-01 6.098497999999999974e-01 3.943115736940959459e-02 9.990082417517593960e-01 -2.068131380176797124e-02 -9.497150000000000036e-02 -9.986224549988583776e-01 4.011609686931341678e-02 3.382145981509732113e-02 5.946264700000000403e+00
4.543239662257694128e-02 1.925101079344994012e-02 9.987819060838852847e-01 7.564332000000000278e-01 4.360404011050397766e-02 9.988231832931786514e-01 -2.123525846611687418e-02 -9.834189999999999598e-02 -9.980153230402678544e-01 4.451569497954291355e-02 4.453950917239524188e-02 5.951899100000000331e+00
5.337328797449119450e-02 1.597745483493778762e-02 9.984468003192707997e-01 8.590872000000000508e-01 4.479684417813715319e-02 9.988270540990429325e-01 -1.837821404563761210e-02 -1.011462000000000055e-01 -9.975693133223735298e-01 4.570817144477665184e-02 5.259494444053702811e-02 5.957531000000000354e+00
6.167262952344558513e-02 1.268397023785231004e-02 9.980158333747360944e-01 9.659284999999999677e-01 4.120088684323815892e-02 9.990346039066390071e-01 -1.524293673920574729e-02 -1.038463000000000025e-01 -9.972456937440213887e-01 4.205920940899889049e-02 6.109050018534356585e-02 5.964725500000000125e+00
6.990863578920251953e-02 2.615619361233291473e-02 9.972104272307859008e-01 1.183518999999999988e+00 2.758659651361203280e-02 9.992231760635894577e-01 -2.814292291479244049e-02 -1.104668000000000039e-01 -9.971718820418512541e-01 2.947707504327619008e-02 6.913276872804430262e-02 5.981930300000000145e+00
6.965057108742575553e-02 2.359888549510785402e-02 9.972922793998677538e-01 1.293034599999999923e+00 2.257911711573347066e-02 9.994267440280318882e-01 -2.522631149813553755e-02 -1.150399000000000005e-01 -9.973158884814123937e-01 2.427500617746083597e-02 6.907780148220410421e-02 5.991148500000000432e+00
7.010071314612928428e-02 2.181055765057415483e-02 9.973014537196737139e-01 1.401846900000000007e+00 2.104210485592194688e-02 9.995061657829943380e-01 -2.333783162613565706e-02 -1.192894000000000038e-01 -9.973179632592786836e-01 2.262132040240915840e-02 6.960715497429170728e-02 5.999088799999999999e+00
7.019111369354733010e-02 2.266976362319228153e-02 9.972759344212254184e-01 1.510685599999999962e+00 1.641632747874499296e-02 9.995800947889313948e-01 -2.387756884319488029e-02 -1.235181999999999947e-01 -9.973984719010604572e-01 1.804760147552844987e-02 6.978948581563260145e-02 6.008037100000000130e+00
6.580591556905449058e-02 2.363627719659236459e-02 9.975524587090167650e-01 1.619007899999999944e+00 1.042341338270327128e-02 9.996485795464736812e-01 -2.437354845258928732e-02 -1.276451999999999865e-01 -9.977779983190508961e-01 1.200182531964546530e-02 6.553641933631226824e-02 6.016853300000000182e+00
4.386456671636536353e-02 1.814838410841475638e-02 9.988726324917699406e-01 1.831333199999999994e+00 2.612527551106373115e-03 9.998294845496221717e-01 -1.828049575453672554e-02 -1.355107999999999868e-01 -9.990340707336161641e-01 3.411448298064005853e-03 4.380967397652479889e-02 6.028933499999999945e+00
3.507924145119594578e-02 1.923476680790348059e-02 9.991994148142072651e-01 1.883494299999999955e+00 2.309366544358927922e-03 9.998105372735081042e-01 -1.932760675879742138e-02 -1.371236999999999873e-01 -9.993818657777279180e-01 2.985515483880572113e-03 3.502817511551259422e-02 6.030941499999999955e+00
1.479457205926401966e-02 1.865614998250103573e-02 9.997164941649274716e-01 1.987172200000000055e+00 3.933756259860005967e-03 9.998170971944919661e-01 -1.871624212463229853e-02 -1.406786999999999899e-01 -9.998828162336179659e-01 4.209539809798088818e-03 1.471847734374953642e-02 6.032941300000000062e+00
-6.584041841373743792e-03 1.689341024825956675e-02 9.998356180308918262e-01 2.089929800000000171e+00 4.525597960890831439e-03 9.998475538128410722e-01 -1.686381029228988665e-02 -1.441018000000000021e-01 -9.999680841687537125e-01 4.413822001617205906e-03 -6.659490912270915608e-03 6.032217499999999788e+00
-2.851209181985509336e-02 1.777365101946912218e-02 9.994354195992327661e-01 2.190675999999999846e+00 5.458760115786125480e-03 9.998297673057264801e-01 -1.762493538640910393e-02 -1.472663999999999918e-01 -9.995785424658008012e-01 4.953154430755953887e-03 -2.860426022694217973e-02 6.030085099999999976e+00
-4.917717915784547422e-02 1.998070875825581558e-02 9.985901943878655596e-01 2.289960900000000077e+00 5.982817930285784687e-03 9.997878376232716136e-01 -1.971003881771110980e-02 -1.501985999999999877e-01 -9.987721516640771791e-01 5.005099209844623281e-03 -4.928628655325328900e-02 6.025779700000000183e+00
-6.871636839804821928e-02 2.114962345712750880e-02 9.974120282720703168e-01 2.387684300000000093e+00 7.352771648720538358e-03 9.997588429017220113e-01 -2.069281974240920821e-02 -1.534833999999999921e-01 -9.976091406273627227e-01 5.911807458957929647e-03 -6.885530530977779229e-02 6.019931800000000166e+00
-7.810909076294733633e-02 2.147470774130129725e-02 9.967135029022187176e-01 2.435195000000000221e+00 7.625474756759411353e-03 9.997515993403659484e-01 -2.094258224561688919e-02 -1.549660999999999955e-01 -9.969156544437043355e-01 5.964607598668736355e-03 -7.825344325506844445e-02 6.016350300000000040e+00
-9.355238696946255317e-02 1.973365722648604687e-02 9.954187730120339639e-01 2.529456600000000055e+00 1.058378621478053491e-02 9.997667712381063110e-01 -1.882515863125049094e-02 -1.582077000000000067e-01 -9.955581019517020236e-01 8.774160962706258060e-03 -9.373942467139839696e-02 6.007224599999999803e+00
-1.028978990723206505e-01 1.661061831942870631e-02 9.945532211629244390e-01 2.621301199999999998e+00 1.671026158117020627e-02 9.997483236546774732e-01 -1.496851721284250987e-02 -1.612060999999999911e-01 -9.945515519692236239e-01 1.507901550859852731e-02 -1.031495698822834095e-01 5.997683999999999571e+00
-1.057083160847710757e-01 1.529725906796601878e-02 9.942795108899357137e-01 2.666219700000000081e+00 1.816981028500746012e-02 9.997444506351925719e-01 -1.344958803621603728e-02 -1.628037999999999985e-01 -9.942311652250340748e-01 1.664413677979785858e-02 -1.059592506868862749e-01 5.992795899999999953e+00
-2.770818360797640614e-02 2.300578273270853166e-02 9.993512848453250941e-01 3.054216900000000123e+00 1.695019396970446138e-02 9.996022045861977512e-01 -2.254159512551161260e-02 -1.761932999999999971e-01 -9.994723345273425208e-01 1.631461146544729152e-02 -2.808711389935669711e-02 5.962542499999999634e+00
2.540673459383747945e-02 2.776674330095196125e-02 9.992915019171020319e-01 3.120271900000000098e+00 1.331394654430138186e-02 9.995161244532384526e-01 -2.811148849480901712e-02 -1.789385000000000003e-01 -9.995885336800807153e-01 1.401873476592426643e-02 2.502475596022624149e-02 5.965655299999999883e+00
2.838185315326911540e-01 1.132614741716972580e-02 9.588111177616327474e-01 3.306656799999999841e+00 -2.632723619065139437e-03 9.999356729118288323e-01 -1.103262456143265166e-02 -1.866259000000000112e-01 -9.588743973665021514e-01 6.069786260240201542e-04 2.838300929288067875e-01 6.006009099999999989e+00
3.382741487574844608e-01 1.135583123339140542e-02 9.409790887046310948e-01 3.335295900000000202e+00 -2.834498869006985694e-03 9.999349478082931730e-01 -1.104833778391962201e-02 -1.870835000000000137e-01 -9.410433390118443375e-01 1.070162896348062116e-03 3.382843313734976709e-01 6.018270000000000231e+00
3.951419735382304954e-01 1.154838751764518563e-02 9.185474704630430809e-01 3.362276599999999949e+00 -5.802741344787219757e-04 9.999239145644445159e-01 -1.232186528275373838e-02 -1.883286999999999878e-01 -9.186198800538999398e-01 4.335876827098961162e-03 3.951186102196390104e-01 6.032751600000000103e+00
7.254220350263120842e-01 2.301802004644143418e-02 6.879193570844083228e-01 3.493770399999999832e+00 -5.184232682993056632e-03 9.995950413593133188e-01 -2.797993962397491569e-02 -1.949822999999999973e-01 -6.882848210078241769e-01 1.673093072767666001e-02 7.252475998769061238e-01 6.151225099999999557e+00
8.118895645562328456e-01 1.429458860515125593e-02 5.836360164531488870e-01 3.526265099999999819e+00 -6.431585095764635017e-03 9.998585315708722332e-01 -1.554192903391134195e-02 -1.968401999999999930e-01 -5.837756158643889748e-01 8.864625290934634999e-03 8.118666446779327917e-01 6.201051699999999833e+00
8.795304010127102945e-01 7.642314446263872955e-03 4.757813244804017239e-01 3.552353600000000000e+00 -7.911365544566990524e-03 9.999676718895204042e-01 -1.437174684091989700e-03 -1.982807000000000042e-01 -4.757769267100298571e-01 -2.500041151017954807e-03 8.795624285999271708e-01 6.256060599999999638e+00
9.402854340338607786e-01 1.648928135280575830e-02 3.399873617419066352e-01 3.579592700000000072e+00 -2.104151502948813091e-02 9.997314806562798140e-01 9.706762079406409255e-03 -1.994431999999999872e-01 -3.397360110277065082e-01 -1.628097617682642412e-02 9.403799086676148944e-01 6.344559199999999954e+00
9.675145944397781639e-01 1.697445950152070768e-02 2.522446773881718562e-01 3.600736400000000170e+00 -1.988903867377999138e-02 9.997616018248171033e-01 9.009198483151212994e-03 -1.989615999999999885e-01 -2.520316164425894789e-01 -1.373343516048201873e-02 9.676215464074930939e-01 6.438859899999999747e+00
9.713977351961962103e-01 1.390398112413003193e-02 2.370508792740509407e-01 3.607968599999999970e+00 -1.665580649801558580e-02 9.998151012030391804e-01 9.609761508868518154e-03 -1.992502999999999913e-01 -2.368734349090279578e-01 -1.328317414086350665e-02 9.714497069427434628e-01 6.471233400000000024e+00
9.764543266130605303e-01 2.337144436425063823e-02 2.144544791487539293e-01 3.621018600000000198e+00 -2.603219426517209070e-02 9.996150961815282177e-01 9.590847081168573166e-03 -1.988685000000000036e-01 -2.141477828518776327e-01 -1.494774479052795625e-02 9.766868955941316877e-01 6.539389599999999803e+00
9.778984932736982660e-01 3.720231375475017283e-02 2.057438327248812537e-01 3.633821999999999885e+00 -3.898090489946080123e-02 9.992293832125027642e-01 4.596605049423902606e-03 -1.986038999999999999e-01 -2.054142787302040973e-01 -1.251509392910507210e-02 9.785950881328271400e-01 6.611292399999999958e+00
9.775017581248705012e-01 3.726173340094993819e-02 2.076099132670297387e-01 3.648906499999999831e+00 -3.784614858889261829e-02 9.992829073481620528e-01 -1.157634999474374191e-03 -1.996478999999999893e-01 -2.075041732105032677e-01 -6.725645378778030356e-03 9.782110118959326250e-01 6.684331900000000104e+00
9.745112190477744907e-01 4.130781111436705039e-02 2.205029448577959239e-01 3.673921299999999945e+00 -3.968494619702286202e-02 9.991427234339833596e-01 -1.178657092890651216e-02 -2.009035000000000126e-01 -2.208007902960490432e-01 2.735498101355017531e-03 9.753150916779549373e-01 6.799886700000000062e+00
9.721051487023475435e-01 4.139364566722519151e-02 2.308639122183520909e-01 3.692745200000000061e+00 -4.180160244713104073e-02 9.991210404038374238e-01 -3.126124630507401587e-03 -2.019809999999999939e-01 -2.307903938625669726e-01 -6.611559629139444026e-03 9.729810282734353555e-01 6.882320899999999853e+00
9.713458025251313632e-01 3.728794287032984045e-02 2.347273764035787691e-01 3.703115500000000004e+00 -3.897212921238493721e-02 9.992370728623434228e-01 2.538771779589485411e-03 -2.025861999999999941e-01 -2.344536309410914510e-01 -1.161385095455789475e-02 9.720579269799427546e-01 6.924213400000000185e+00
9.699840043970502368e-01 3.005127844270199036e-02 2.413046868127980138e-01 3.724614100000000150e+00 -3.290262100614968488e-02 9.994281658079307018e-01 7.794800877571481795e-03 -2.030077999999999883e-01 -2.409324568105945807e-01 -1.550038882591356360e-02 9.704181002029261816e-01 7.010255299999999856e+00
9.700528856861520000e-01 2.672899047732543373e-02 2.414186406225341530e-01 3.735927100000000056e+00 -2.873852830800486743e-02 9.995754096837633496e-01 4.805969852847420502e-03 -2.034382999999999886e-01 -2.411876778831357759e-01 -1.160006136188604375e-02 9.704091624741293387e-01 7.053320900000000115e+00
9.702921230302592459e-01 2.817854720094887383e-02 2.402897531379066531e-01 3.757576900000000109e+00 -2.685430342200327558e-02 9.996007615026901716e-01 -8.784303669671093134e-03 -2.043143000000000042e-01 -2.404413491335281872e-01 2.070526717024053897e-03 9.706614603176345613e-01 7.142377399999999987e+00
9.708417049162729739e-01 3.087780991131702443e-02 2.377245146179603752e-01 3.768223299999999831e+00 -2.872985652733463582e-02 9.995091072333002202e-01 -1.249559528833771999e-02 -2.048045000000000004e-01 -2.379936539893092451e-01 5.301453835669274472e-03 9.712522407943495750e-01 7.188468000000000302e+00
9.714845026212020063e-01 2.957536502966494688e-02 2.352512676909473133e-01 3.779584400000000066e+00 -2.838637297089765046e-02 9.995613956850888382e-01 -8.439791800415560527e-03 -2.049664999999999959e-01 -2.353976953931214144e-01 1.521196712901496783e-03 9.718979426689655643e-01 7.235770699999999778e+00
9.727929316360948153e-01 2.935992705874289690e-02 2.298084133402377438e-01 3.813130899999999990e+00 -3.121768852041759482e-02 9.995026958309478626e-01 4.451623311768681222e-03 -2.066664000000000001e-01 -2.295634293224738387e-01 -1.150459515902195473e-02 9.732257067134697515e-01 7.382113000000000369e+00
9.730429361850502223e-01 3.491747687539117212e-02 2.279653792772769194e-01 3.823803900000000144e+00 -3.584223447099409848e-02 9.993574572073015139e-01 -8.338035037078715683e-05 -2.068356000000000083e-01 -2.278218131972934712e-01 -8.089655914380331284e-03 9.736692348527216101e-01 7.431028399999999756e+00
9.739734659980480158e-01 3.595844905311845058e-02 2.237915938399908378e-01 3.835003899999999799e+00 -3.559496388496057734e-02 9.993502735587764807e-01 -5.659442024343490536e-03 -2.071511000000000047e-01 -2.238496952818508634e-01 -2.453707336427398376e-03 9.746205893795439890e-01 7.482527700000000337e+00
9.749345793745193278e-01 3.435993484209235588e-02 2.198225666702040004e-01 3.846246700000000018e+00 -3.332888379113811000e-02 9.994091518623698933e-01 -8.398373591079456857e-03 -2.078071999999999975e-01 -2.199812524854468654e-01 8.614240452281822676e-04 9.755037193694078290e-01 7.533720500000000264e+00
9.767101268049569462e-01 2.848653000450651618e-02 2.126636917881078170e-01 3.869271499999999975e+00 -2.813884092750851273e-02 9.995931526832183556e-01 -4.662053204391209890e-03 -2.093832999999999944e-01 -2.127099758542164432e-01 -1.430635217849869851e-03 9.771143328469663603e-01 7.638835399999999609e+00
9.770909494251117655e-01 2.730294747380202294e-02 2.110635582254229425e-01 3.880535599999999974e+00 -2.753703617793950079e-02 9.996191078511674766e-01 -1.830534722626355653e-03 -2.102398000000000045e-01 -2.110331447665710902e-01 -4.023465928611494498e-03 9.774706254061309441e-01 7.692707099999999798e+00
9.777163779185128467e-01 1.883355091981195328e-02 2.090836715519764910e-01 3.904468099999999886e+00 -1.959569489205289367e-02 9.998067467873634762e-01 1.574109324845559925e-03 -2.110400000000000054e-01 -2.090136193926163677e-01 -5.636172302178486283e-03 9.778964876049912602e-01 7.801120799999999633e+00
9.776394039401015146e-01 2.497386034132695332e-02 2.088001488584118881e-01 3.927332199999999940e+00 -2.577952353325022733e-02 9.996670055584863102e-01 1.137613347284965968e-03 -2.119932999999999956e-01 -2.087022089725972529e-01 -6.494943985995557320e-03 9.779576696731701047e-01 7.911933399999999672e+00
9.768894058813821779e-01 3.934274038131742313e-02 2.100934017431493328e-01 3.949301699999999915e+00 -3.944526712699578108e-02 9.992148673981013918e-01 -3.704007542436191930e-03 -2.130159000000000080e-01 -2.100741763711095333e-01 -4.668784625867115554e-03 9.776743030642245369e-01 8.023096999999999923e+00
9.759671403235129494e-01 4.524104476583103163e-02 2.131698592138215609e-01 3.960354600000000058e+00 -4.561208159549551278e-02 9.989541665612695631e-01 -3.179799113970503688e-03 -2.135884000000000116e-01 -2.130907764809877591e-01 -6.619741564096087716e-03 9.770099794783849712e-01 8.079314200000000668e+00
9.745326335126672790e-01 4.852626729968397001e-02 2.189322899912780340e-01 3.984065300000000143e+00 -4.928561700463639228e-02 9.987827332256162816e-01 -1.994935297153297826e-03 -2.151630999999999960e-01 -2.187625977523071363e-01 -8.846083445635937251e-03 9.757380143421364727e-01 8.192423800000000256e+00
9.742250207030720421e-01 4.079278481578890031e-02 2.218593197120001526e-01 4.009999800000000114e+00 -4.100735979744680321e-02 9.991522101545622370e-01 -3.641069306701352933e-03 -2.164442000000000033e-01 -2.218197589903602440e-01 -5.550644127144325861e-03 9.750718870274295291e-01 8.305412300000000414e+00
9.741187593596963845e-01 3.370375072232876384e-02 2.235099547017381505e-01 4.036246799999999801e+00 -3.347570329483601920e-02 9.994279553149006956e-01 -4.810345516985729125e-03 -2.189548000000000050e-01 -2.235442237062769955e-01 -2.796305119940006509e-03 9.746897766598530133e-01 8.418276799999999227e+00
9.733123690753452406e-01 3.798368921775191476e-02 2.263189597854060320e-01 4.061345600000000111e+00 -3.985584358928961901e-02 9.991985642269242129e-01 3.706882603931880085e-03 -2.203379000000000032e-01 -2.259967785981142618e-01 -1.262808775161499385e-02 9.740461937007980353e-01 8.531719199999999503e+00
9.726216444101832836e-01 4.104118734378114919e-02 2.287416834908835295e-01 4.086332800000000098e+00 -4.250381600303718144e-02 9.990952241652576449e-01 1.469243122676953082e-03 -2.220661999999999914e-01 -2.284744240610113719e-01 -1.115141208933789416e-02 9.734860469253798776e-01 8.644026800000000677e+00
9.731587763087060639e-01 3.467627341240859390e-02 2.275072573690115341e-01 4.112864000000000075e+00 -3.054730741308726502e-02 9.992989143938963981e-01 -2.164582410051391417e-02 -2.243615999999999944e-01 -2.280983518203323623e-01 1.411508956429006166e-02 9.735357754820518350e-01 8.753796599999999373e+00
9.737465618973134562e-01 2.525926430449875609e-02 2.262290935312189222e-01 4.138897400000000282e+00 -2.785775932849451214e-02 9.995774344790565591e-01 8.300465376288711922e-03 -2.265405000000000058e-01 -2.259238332676683225e-01 -1.438478526300499341e-02 9.740387566799280084e-01 8.867392499999999345e+00
9.740088109281749285e-01 2.637972663786324751e-02 2.249687672918053993e-01 4.163415399999999877e+00 -3.114594066972063008e-02 9.993587699058068541e-01 1.766293837816818035e-02 -2.278088000000000057e-01 -2.243585670619268335e-01 -2.421072148582797262e-02 9.742058685673448126e-01 8.979144099999999185e+00
9.744370062029330537e-01 3.518626776100422515e-02 2.218883672104420002e-01 4.187019300000000221e+00 -3.465462059105406389e-02 9.993795537121167305e-01 -6.290063104653456291e-03 -2.280066000000000037e-01 -2.219720212413157368e-01 -1.560186918720310196e-03 9.750517871389311475e-01 9.087153400000000047e+00
9.756344549361205543e-01 3.087814409258862400e-02 2.172186699132839516e-01 4.211289400000000072e+00 -3.049453376647199773e-02 9.995218272134962501e-01 -5.118626198413992953e-03 -2.304740999999999873e-01 -2.172728555339216439e-01 -1.630073983267389497e-03 9.761095476978721708e-01 9.199106199999999234e+00
9.774381783975388815e-01 3.151499708193097188e-02 2.088573972111762156e-01 4.233753700000000286e+00 -3.055454857900687105e-02 9.995024772142533376e-01 -7.824167924079359834e-03 -2.322407999999999972e-01 -2.090000645263877799e-01 1.266096954014764298e-03 9.779148071414344168e-01 9.307071699999999836e+00
9.780443706181878305e-01 4.263884106093156906e-02 2.039880838065143975e-01 4.254388800000000082e+00 -4.183786020950572976e-02 9.990904377924915147e-01 -8.239573089509819731e-03 -2.342648999999999981e-01 -2.041538698020754494e-01 -4.757568582096989747e-04 9.789386962932096203e-01 9.415407200000000643e+00
9.787069121509638370e-01 4.168188579142637767e-02 2.009860704247837249e-01 4.275544199999999684e+00 -4.225719428117549054e-02 9.991057439389110506e-01 -1.428971573602812618e-03 -2.363835999999999993e-01 -2.008658996430420229e-01 -7.094563069397794713e-03 9.795930571086371996e-01 9.523876200000000125e+00
9.796560373005995803e-01 3.877573442072643206e-02 1.969022371650954728e-01 4.296709100000000170e+00 -3.863592004629887167e-02 9.992429820395132278e-01 -4.552859206811667864e-03 -2.381031999999999871e-01 -1.969297190945597520e-01 -3.147263083115339234e-03 9.804125562600793931e-01 9.630109799999999609e+00
9.844710137332162159e-01 2.724777459791231232e-02 1.734196698721196250e-01 4.336291799999999697e+00 -2.844441715339365157e-02 9.995856110034617714e-01 4.418303706137620759e-03 -2.415757000000000043e-01 -1.732274177256513947e-01 -9.282513361008912917e-03 9.848381068448790465e-01 9.847042999999999324e+00
9.851404720904369805e-01 2.438343967212929647e-02 1.700108764732025934e-01 4.345027400000000206e+00 -2.705998176267464944e-02 9.995434077935356765e-01 1.344370943933086149e-02 -2.415273000000000003e-01 -1.696054469539071963e-01 -1.784443348053026124e-02 9.853504800614470982e-01 9.901153600000000665e+00
9.856100129464160364e-01 3.094433725172232238e-02 1.661786700266233707e-01 4.352783699999999811e+00 -3.402466159862833905e-02 9.992973433647377446e-01 1.572074894133138057e-02 -2.412864000000000120e-01 -1.655754353243998611e-01 -2.114870058015896198e-02 9.859703381344219197e-01 9.954829200000000711e+00
