9.999447508019204678e-01 -1.039318438452379624e-02 1.573868493382908932e-03 2.502060999999999868e-01 1.038769776825603820e-02 9.999400775003968178e-01 3.455017159980486655e-03 -7.540760000000000518e-02 -1.609682813644109636e-03 -3.438477402816804765e-03 9.999927928712234459e-01 7.249389000000000527e-01
9.999408130765937708e-01 -1.060980565800396548e-02 -2.408810415943670510e-03 2.495738999999999874e-01 1.061506751201341144e-02 9.999412773480145233e-01 2.182245938557000973e-03 -7.544370000000000243e-02 2.385515758901857967e-03 -2.207686463322664893e-03 9.999947177035705126e-01 7.701700999999999686e-01
9.999324243627348840e-01 -9.135234537778282732e-03 -7.189867731986127920e-03 2.488442999999999905e-01 9.146850238011004774e-03 9.999569115651676388e-01 1.584343326137035123e-03 -7.561170000000000391e-02 7.175084583966278955e-03 -1.650000906502709693e-03 9.999728974618370403e-01 8.163591999999999516e-01
9.998441953301777652e-01 -7.988194612310857076e-03 -1.574083261410123141e-02 2.464381999999999961e-01 7.987583838172359132e-03 9.999680935746041444e-01 -1.016720210976571347e-04 -7.597420000000000562e-02 1.574114255629091574e-02 -2.407504006579154791e-05 9.998761002501334039e-01 9.116140000000000354e-01
9.996846593346302434e-01 -4.855505099755926153e-03 -2.463749096865740229e-02 2.431317000000000061e-01 4.878126979344762394e-03 9.999877336350779800e-01 8.581704689711566183e-04 -7.646980000000000444e-02 2.463302190511386380e-02 -9.780846623220411200e-04 9.996960826082172957e-01 1.009846699999999986e+00
9.995588651592829388e-01 -5.865625349354972214e-03 -2.911476465210475345e-02 2.413638999999999923e-01 5.962252917045642898e-03 9.999769988844414703e-01 3.233147416820139185e-03 -7.631179999999999908e-02 2.909513054859223097e-02 -3.405310753325514316e-03 9.995708465321673231e-01 1.060639899999999969e+00
9.994449029810783536e-01 -6.594628125077486511e-03 -3.265573127392448066e-02 2.395909999999999984e-01 6.785857525562629181e-03 9.999604523223135644e-01 5.748558862600798916e-03 -7.643439999999999956e-02 3.261653020763547600e-02 -5.966964994530985292e-03 9.994501274630807064e-01 1.111567100000000030e+00
9.993592067818354296e-01 -5.007298198536857398e-03 -3.544154038881019986e-02 2.376769999999999994e-01 5.192632180522873536e-03 9.999733123792724498e-01 5.139173110912893805e-03 -7.665410000000000279e-02 3.541486116616206214e-02 -5.319914846786684415e-03 9.993585373201173683e-01 1.162700700000000031e+00
9.973980962874322564e-01 -9.621893987494309700e-03 -7.144548046097395910e-02 2.776029999999999887e-01 9.892964770029067170e-03 9.999451421959479891e-01 3.441198451742362614e-03 -7.678240000000000065e-02 7.140845027211384366e-02 -4.139052405893307515e-03 9.974385702763435280e-01 1.335647900000000110e+00
9.985789853457023302e-01 -1.043088196236818636e-02 -5.226094839777376683e-02 2.572829999999999839e-01 1.041610735255964724e-02 9.999455968216143242e-01 -5.550717840853649663e-04 -7.359960000000000113e-02 5.226389512433591428e-02 9.927370088200822978e-06 9.986333086613322640e-01 1.336363299999999921e+00
9.969292641348106443e-01 -8.749408961005450749e-03 -7.781702997710657210e-02 2.590615000000000001e-01 9.178344564437957917e-03 9.999445845249653742e-01 5.156148780894243520e-03 -7.704120000000000412e-02 7.776760445507677200e-02 -5.854547124017581670e-03 9.969543239162420578e-01 1.499847900000000012e+00
9.983288336288728138e-01 -3.774994849272983802e-03 -5.766532198039225204e-02 2.320351999999999970e-01 3.775848652428975480e-03 9.999928670256792440e-01 -9.415262078895573865e-05 -7.976450000000000207e-02 5.766526608078990229e-02 -1.237402521962072544e-04 9.983359663841534504e-01 1.552696099999999912e+00
9.988143181179418573e-01 -2.450919571648542926e-03 -4.862047835885736913e-02 2.163905000000000134e-01 2.390843884982668879e-03 9.999963050668687625e-01 -1.293722585264131834e-03 -7.897869999999999890e-02 4.862346951944553075e-02 1.175944668465168366e-03 9.988164873318963188e-01 1.593576199999999998e+00
9.987445509922358022e-01 -3.244868525159018847e-03 -4.998792545777063639e-02 2.134168999999999927e-01 3.257889357918000283e-03 9.999946770432529553e-01 1.790030494373271775e-04 -7.954210000000000447e-02 4.998707853284452968e-02 -3.416334506097936058e-04 9.987498061408255356e-01 1.649538399999999960e+00
9.986253790621254511e-01 -2.937553691550481676e-03 -5.233281065770752777e-02 2.070381000000000027e-01 3.029592296634777727e-03 9.999940004478100608e-01 1.679475781678796712e-03 -8.036939999999999362e-02 5.232756313399641174e-02 -1.835714219134485089e-03 9.986282873470805344e-01 1.763116700000000092e+00
9.985277767658142789e-01 -3.314468280485749312e-03 -5.414141970005707794e-02 2.039664999999999950e-01 3.358673671878188022e-03 9.999940964544411504e-01 7.255118411885216976e-04 -8.087930000000000119e-02 5.413869538773452561e-02 -9.062870867039358926e-04 9.985330141289423533e-01 1.820061799999999952e+00
9.984642514076577102e-01 -4.843764781712328084e-03 -5.518764901393262423e-02 2.007432000000000105e-01 4.844913124727206165e-03 9.999882569567168922e-01 -1.129844280082250137e-04 -8.130419999999999314e-02 5.518754821297483515e-02 -1.545684526984859039e-04 9.984759940183008942e-01 1.877287399999999939e+00
9.984324562049161633e-01 -4.944400861990249849e-03 -5.575108336825516236e-02 1.972995999999999917e-01 5.032883961364333775e-03 9.999862883054241314e-01 1.446817256101597809e-03 -8.165400000000000436e-02 5.574316528193953152e-02 -1.725138040001952897e-03 9.984436505998188771e-01 1.935196899999999998e+00
9.984699837747750273e-01 -2.736354952847693412e-03 -5.522865073829401339e-02 1.905905999999999989e-01 3.237297530061610581e-03 9.999544125440406050e-01 8.982913692366430169e-03 -8.268810000000000049e-02 5.520155256423767143e-02 -9.147961263291027462e-03 9.984333244634931992e-01 2.052184299999999961e+00
9.985648338088095599e-01 -4.050443359431716087e-03 -5.340287060614518078e-02 1.871658999999999962e-01 4.695057819881751776e-03 9.999175633025839671e-01 1.195085901059107086e-02 -8.286670000000000147e-02 5.335006197234092029e-02 -1.218443710702690058e-02 9.985015324875231579e-01 2.111007199999999973e+00
9.986300576286131214e-01 -3.809361922230140602e-03 -5.218713215360912261e-02 1.843606000000000134e-01 4.476029288964662387e-03 9.999097946148082228e-01 1.266364067621648763e-02 -8.274879999999999736e-02 5.213418420266237308e-02 -1.287988335030474350e-02 9.985570266351367907e-01 2.170166500000000109e+00
9.987066816212690767e-01 -3.519711095700767643e-03 -5.072056504846837038e-02 1.810794000000000015e-01 4.014162466606623937e-03 9.999453807799101313e-01 9.649971845145113858e-03 -8.258050000000000113e-02 5.068382961778635648e-02 -9.841091947706194498e-03 9.986662617333941228e-01 2.229497400000000074e+00
9.988097848531098943e-01 -3.306459472572976285e-03 -4.866293258159156560e-02 1.747942000000000107e-01 3.406338515664690276e-03 9.999922585810004927e-01 1.969679158205435952e-03 -8.279649999999999510e-02 4.865604319713012077e-02 -2.133097237774695364e-03 9.988133155683164288e-01 2.348814700000000144e+00
9.988210506758242735e-01 -6.088374715231238514e-03 -4.816056914291479835e-02 1.721847999999999990e-01 6.238775368760903113e-03 9.999761186060385221e-01 2.973196848551057977e-03 -8.315500000000000669e-02 4.814131706487356083e-02 -3.270154572650140357e-03 9.988351814390251660e-01 2.409580500000000125e+00
9.987765679062686752e-01 -8.329798898468573215e-03 -4.874404426887023190e-02 1.696595999999999937e-01 8.733633159906651483e-03 9.999292348778872075e-01 8.077678401072947018e-03 -8.357970000000000677e-02 4.867330945397783937e-02 -8.493508511448796816e-03 9.987786387683524891e-01 2.470656599999999870e+00
9.986990316595670825e-01 -1.217707304614695958e-02 -4.951730055517666873e-02 1.668600000000000083e-01 1.276277317644120522e-02 9.998520830622541489e-01 1.152925049246408991e-02 -8.388470000000000648e-02 4.936958358229905086e-02 -1.214622937787985905e-02 9.987067203783152047e-01 2.531909199999999860e+00
9.984023898149161358e-01 -2.159779412731068979e-02 -5.221305680285799611e-02 1.613567999999999947e-01 2.198368902233506852e-02 9.997350146547725469e-01 6.827729504816974077e-03 -8.410140000000000671e-02 5.205175721177371373e-02 -7.964657058278628438e-03 9.986126270026383089e-01 2.654494500000000201e+00
9.983438811785982914e-01 -2.124895072790075265e-02 -5.346005056316344844e-02 1.578335999999999906e-01 2.143250430004771043e-02 9.997661997337730089e-01 2.862451627169771209e-03 -8.422780000000000544e-02 5.338672749552254154e-02 -4.003493830730432690e-03 9.985658863412398834e-01 2.715923099999999923e+00
9.982480893134119126e-01 -1.977199379710990051e-02 -5.576576407985011502e-02 1.543556000000000095e-01 1.991378189119317327e-02 9.997997245741598871e-01 1.987971887131196897e-03 -8.442539999999999767e-02 5.571528939988053958e-02 -3.094996400819365143e-03 9.984418999242602455e-01 2.778127899999999872e+00
9.982088606927932428e-01 -1.953539371633473271e-02 -5.654590017625851089e-02 1.506759000000000015e-01 1.975013246648174570e-02 9.997996933831985178e-01 3.241200150951213839e-03 -8.472109999999999363e-02 5.647125553723793961e-02 -4.352183728875879710e-03 9.983947394667291864e-01 2.840581199999999917e+00
9.981199905169563236e-01 -1.660348924289295827e-02 -5.899837858273816737e-02 1.426653999999999978e-01 1.706801309729634800e-02 9.998271070233574198e-01 7.378278268972248387e-03 -8.568159999999999665e-02 5.886567301357795157e-02 -8.371392134227467752e-03 9.982308111526079220e-01 2.965600699999999978e+00
9.980788603587560370e-01 -1.522803680353533931e-02 -6.005576908238697414e-02 1.388140999999999958e-01 1.583942799479519728e-02 9.998273266144538374e-01 9.717482996744627316e-03 -8.570279999999999565e-02 5.989742086070578425e-02 -1.065006338499898189e-02 9.981477220953475227e-01 3.028279299999999896e+00
9.980820001342713965e-01 -1.539066741014862016e-02 -5.996205770854051015e-02 1.349075999999999886e-01 1.618907831774200196e-02 9.997863436214975419e-01 1.285227027333161326e-02 -8.587060000000000526e-02 5.975144141520075808e-02 -1.379835006900958366e-02 9.981179142687395256e-01 3.090834399999999871e+00
9.981321651237744508e-01 -9.516287802075765190e-03 -6.034584668222319620e-02 1.304585000000000050e-01 1.044139812089076719e-02 9.998324733881535087e-01 1.503337499726105711e-02 -8.584400000000000364e-02 6.019267522387904829e-02 -1.563539014528512322e-02 9.980643147735507315e-01 3.152573600000000198e+00
9.981177768542954798e-01 -9.956443035547475270e-03 -6.051258356340993849e-02 1.264518000000000031e-01 1.084519945629857686e-02 9.998378360958535271e-01 1.437647939915037872e-02 -8.556690000000000129e-02 6.035963200841994170e-02 -1.500569069523267039e-02 9.980638977893985242e-01 3.214803900000000159e+00
9.981018972078816720e-01 -9.732346067618469210e-03 -6.081023129414396544e-02 1.228930000000000022e-01 1.050922844889025029e-02 9.998670340921415045e-01 1.246877111801785419e-02 -8.551849999999999730e-02 6.068079521097437257e-02 -1.308417272144447342e-02 9.980714631311523588e-01 3.276472800000000074e+00
9.980768718725657740e-01 -7.799630167871317646e-03 -6.149572019513512011e-02 1.145734000000000058e-01 8.452321410448876762e-03 9.999106039436490567e-01 1.036061696142908696e-02 -8.569269999999999665e-02 6.140941373965709549e-02 -1.086047375998930482e-02 9.980535727173467375e-01 3.399545900000000120e+00
9.979810554971404457e-01 -1.007061000806198925e-02 -6.270881662795946276e-02 1.106330999999999981e-01 1.081646983700569262e-02 9.998746089525770708e-01 1.156591337492497186e-02 -8.586280000000000301e-02 6.258447770077393835e-02 -1.222085046126676101e-02 9.979648460566757917e-01 3.460995200000000160e+00
9.979323068101961791e-01 -9.637568756105109949e-03 -6.354705573786849360e-02 1.065138000000000057e-01 1.045162547110691474e-02 9.998673686956044415e-01 1.249033797540915168e-02 -8.602300000000000224e-02 6.341825091795048885e-02 -1.312868181500280625e-02 9.979006780057363413e-01 3.522086900000000131e+00
9.979239975954570241e-01 -7.507362930056755632e-03 -6.396354059101749812e-02 1.023016999999999954e-01 8.123935330926182821e-03 9.999229605728675585e-01 9.384806547306391925e-03 -8.673790000000000666e-02 6.388815772771400114e-02 -9.884959333646510179e-03 9.979081074333101542e-01 3.582975400000000032e+00
9.978409911200105675e-01 -5.705227010580603449e-03 -6.542787498759715381e-02 9.428989999999999594e-02 5.990827260525618224e-03 9.999733612257007964e-01 4.169751516420710201e-03 -8.747630000000000683e-02 6.540234269022358882e-02 -4.552716082943368374e-03 9.978485888885640920e-01 3.703198700000000176e+00
9.977781877269965571e-01 -9.273101886182050224e-03 -6.597497766304268041e-02 8.634970000000000145e-02 1.001227351111883684e-02 9.998906621798281380e-01 1.088200646588094803e-02 -8.843049999999999522e-02 6.586685414811489780e-02 -1.151838821161248888e-02 9.977619376673163565e-01 3.823437900000000056e+00
9.977368925976207725e-01 -1.124579246721044840e-02 -6.629197011273815776e-02 8.243109999999999327e-02 1.203141647177631557e-02 9.998619052241559668e-01 1.146365993928128400e-02 -8.866390000000000382e-02 6.615389759739334630e-02 -1.223530274677524059e-02 9.977344131578144149e-01 3.883166999999999813e+00
9.976782245097431945e-01 -1.447113203059378732e-02 -6.654882926723454384e-02 7.877330000000000443e-02 1.518481133971447995e-02 9.998323617994352430e-01 1.023082612208974992e-02 -8.900719999999999466e-02 6.638962150565169695e-02 -1.121760385805622984e-02 9.977307169372005013e-01 3.942290999999999990e+00
9.975191460228706175e-01 -1.867011525459272986e-02 -6.787473840968444305e-02 7.079520000000000257e-02 1.941486695410941238e-02 9.997581545506962764e-01 1.032934414860901817e-02 -8.968310000000000171e-02 6.766547316731849615e-02 -1.162149756986580532e-02 9.976403783604974596e-01 4.060552600000000290e+00
9.973948357394910591e-01 -2.147756096088891328e-02 -6.886404007437353647e-02 6.672450000000000603e-02 2.249815742234988550e-02 9.996477424556838853e-01 1.407920153467361914e-02 -8.948230000000000073e-02 6.853739528748366283e-02 -1.559183691635125137e-02 9.975267014314860292e-01 4.119195900000000243e+00
9.973049619010874167e-01 -2.094081668283627462e-02 -7.031568220622182175e-02 5.851409999999999945e-02 2.250278555395756469e-02 9.995156684360074761e-01 2.149542261119172237e-02 -8.946400000000000186e-02 6.983149439746462461e-02 -2.301979034606917163e-02 9.972931623362509823e-01 4.236736800000000081e+00
9.972249527413195036e-01 -1.978938886922080101e-02 -7.176889102010609867e-02 5.408620000000000094e-02 2.109611149030087354e-02 9.996243648921244729e-01 1.749523346530482484e-02 -8.937069999999999736e-02 7.139571212658292476e-02 -1.896072789213236812e-02 9.972678391925303698e-01 4.294189000000000256e+00
9.971793946126448205e-01 -1.810488310208922813e-02 -7.283864474177750847e-02 4.956610000000000182e-02 1.885094217959285001e-02 9.997765208776185908e-01 9.568191092686237353e-03 -8.926259999999999750e-02 7.264913584414364744e-02 -1.091428008181011614e-02 9.972978399412057993e-01 4.351045599999999958e+00
9.971292831626374920e-01 -1.149500236058133285e-02 -7.484021365746490462e-02 4.031789999999999680e-02 1.195324054810597419e-02 9.999124372838888997e-01 5.677834568931139705e-03 -8.969670000000000420e-02 7.476839372330987277e-02 -6.556118190153673725e-03 9.971793743426068390e-01 4.462970300000000279e+00
9.970786882561694098e-01 -8.799976305298407367e-03 -7.587258953260231364e-02 3.566319999999999907e-02 9.443720824774523917e-03 9.999223570789795845e-01 8.129941611198648888e-03 -9.035859999999999725e-02 7.579515526958360838e-02 -8.822711071091803026e-03 9.970843766738177738e-01 4.517979099999999804e+00
9.970071996973919326e-01 -6.221508949633776722e-03 -7.705800787688890652e-02 3.101539999999999853e-02 6.978445047283720129e-03 9.999299747073410183e-01 9.557561744423995545e-03 -9.086650000000000282e-02 7.699314941140600332e-02 -1.006670294416511270e-02 9.969808004347661123e-01 4.572097300000000253e+00
9.956422025165587719e-01 -5.023805744490463313e-03 -9.312016937171695152e-02 7.267799999999999608e-03 6.917344592373232681e-03 9.997755947432515056e-01 2.002274955064978906e-02 -8.832729999999999748e-02 9.299868231198758772e-02 -2.057963876309071988e-02 9.954535265679732570e-01 4.533651800000000343e+00
9.956580499133295126e-01 -5.820985407740293660e-03 -9.290405680953178758e-02 -4.028709999999999930e-02 6.031719773766659742e-03 9.999798335648814041e-01 1.987667005059077542e-03 -6.709619999999999473e-02 9.289061308526597172e-02 -2.539407890655383249e-03 9.956730815926522205e-01 4.743036299999999983e+00
9.932590739639943767e-01 -2.239405641439079671e-03 -1.158939042856075297e-01 2.181970000000000090e-02 4.957539491416175503e-03 9.997192310542463156e-01 2.317071130754397301e-02 -9.768559999999999743e-02 1.158094762546637013e-01 -2.358906786372848285e-02 9.929912996028419370e-01 4.727697799999999617e+00
9.998052565888793097e-01 3.107909317556913770e-03 -1.948819634853534224e-02 -9.387579999999999536e-02 -3.044182780675606069e-03 9.999899253167414681e-01 3.298820427933132991e-03 -6.377739999999999798e-02 1.949825244587477177e-02 -3.238852372639686433e-03 9.998046449116273493e-01 5.026992800000000372e+00
9.955308485278242525e-01 6.467468594344476934e-03 -9.421518709556041260e-02 -1.606909999999999936e-02 -5.544544001499141297e-03 9.999340813106968318e-01 1.005440526078376848e-02 -9.299340000000000384e-02 9.427400310417356766e-02 -9.487090350249877818e-03 9.955010836033281185e-01 5.062835200000000313e+00
9.951887796117940832e-01 5.610347209264339267e-03 -9.781521834039606789e-02 -2.143039999999999876e-02 -5.201800699327875470e-03 9.999766524262190259e-01 4.431238194579020968e-03 -9.267309999999999437e-02 9.783779537720750652e-02 -3.901103259864284988e-03 9.951947282763727864e-01 5.103236700000000070e+00
9.947750947572382429e-01 8.729598232491109569e-03 -1.017167880215798098e-01 -3.463070000000000037e-02 -8.063132781406393348e-03 9.999432602431984618e-01 6.961478575163581803e-03 -9.136450000000000127e-02 1.017717875468300975e-01 -6.104949541342670483e-03 9.947890393699664324e-01 5.181654899999999841e+00
9.948853401571104982e-01 -2.551030125893325308e-04 -1.010103700761635220e-01 -6.672920000000000240e-02 5.978030638032569982e-04 9.999941682084593220e-01 3.362466441228036465e-03 -8.948369999999999935e-02 1.010089232294229117e-01 -3.405652877855455327e-03 9.948796906945623908e-01 5.390347000000000222e+00
9.994980507925547153e-01 5.245699381203204788e-03 -3.124306482862797968e-02 -6.751649999999999319e-02 -4.757140341425414830e-03 9.998655686335029547e-01 1.569121655493345771e-02 -1.004581999999999975e-01 3.132117618570205014e-02 -1.553471271713382021e-02 9.993886414319207434e-01 5.551978599999999986e+00
9.999847313907136437e-01 1.627221751022956591e-03 -5.281016456622253386e-03 -6.648969999999999880e-02 -1.535046390622869317e-03 9.998472306706168711e-01 1.741146038897445000e-02 -1.021151000000000003e-01 5.308541986341728733e-03 -1.740308793493810721e-02 9.998344622547814531e-01 5.567537299999999689e+00
9.884382985632671481e-01 9.443650490059533366e-05 1.516236162842060919e-01 -5.124689999999999801e-02 -2.773924440848163191e-03 9.998437050916640922e-01 1.746054786568939157e-02 -9.823270000000000612e-02 -1.515982693718832819e-01 -1.767926667936505283e-02 9.882840726497265083e-01 5.729678599999999733e+00
9.226377896413900936e-01 1.491559394809934859e-02 3.853790785484147996e-01 -4.963130000000000319e-02 -1.163172862515204041e-02 9.998734689205747150e-01 -1.085122287704235952e-02 -7.145289999999999975e-02 -3.854921685518925001e-01 5.529123430694134374e-03 9.226945414270355528e-01 5.835573700000000308e+00
9.012931239268833217e-01 2.038830786153577809e-02 4.327297328179137703e-01 4.629799999999999888e-03 -1.174411382729349460e-02 9.996747114066079076e-01 -2.263950451150982188e-02 -6.325089999999999879e-02 -4.330505519596197783e-01 1.532280250666757590e-02 9.012393861626389890e-01 5.893451200000000334e+00
6.791427943505251585e-01 6.209914969211296695e-04 7.340059122727288221e-01 8.693380000000000551e-02 -6.649455644795065727e-03 9.999638125440237779e-01 5.306443446262187023e-03 -9.968739999999999546e-02 -7.339760552098332225e-01 -8.484572586832382288e-03 6.791223471559676428e-01 5.958478900000000245e+00
6.344498824984443619e-01 -3.778779060885798045e-04 7.729639084756793066e-01 9.880700000000000593e-02 -4.200355574748232748e-03 9.999834302801924313e-01 3.936518525953914063e-03 -9.928370000000000251e-02 -7.729525882036724083e-01 -5.744246978289412747e-03 6.344377826200899850e-01 5.962397099999999561e+00
6.263571164551838821e-01 6.289340412287016194e-03 7.795108766804511591e-01 1.745974999999999888e-01 4.563044991614187071e-03 9.999207404278452893e-01 -1.173420140590184652e-02 -8.572150000000000603e-02 -7.795228933689836159e-01 1.090674375825056303e-02 6.262787731148486969e-01 5.975499600000000022e+00
5.458817305968524103e-01 1.660968471208237179e-02 8.376975913623903036e-01 2.411282999999999899e-01 -2.728238543769608351e-03 9.998334239727617589e-01 -1.804663462676166924e-02 -8.123690000000000078e-02 -8.378577999368588269e-01 7.565889284727905437e-03 5.458361149688590874e-01 6.009083699999999695e+00
4.774478283806107282e-01 2.924410128882209275e-04 8.786600512444462385e-01 3.328886999999999818e-01 1.722493739148842073e-02 9.998046596262700758e-01 -9.692477570646160223e-03 -8.873939999999999606e-02 -8.784912479396127516e-01 1.976251673882038068e-02 4.773495262652406312e-01 5.994243100000000268e+00
4.171171177622228776e-01 -6.960360106457236760e-03 9.088260908759853152e-01 3.416125999999999885e-01 2.090744703638193827e-02 9.997795355618263047e-01 -1.938796069671290881e-03 -9.408189999999999609e-02 -9.086122323236447418e-01 1.980993838878171431e-02 4.171706816314827426e-01 6.011802199999999985e+00
3.857485037221165536e-01 2.272504411764495608e-03 9.226011747227760296e-01 3.624534999999999840e-01 1.633020230980756701e-02 9.998234896893797297e-01 -9.290530548444361075e-03 -9.133120000000000127e-02 -9.224594388745059881e-01 1.865007209233607993e-02 3.856433046771092776e-01 6.021626000000000367e+00
2.284543678378107290e-01 8.018158327397918728e-03 9.735216027150415119e-01 3.894396999999999998e-01 -1.233519943996531747e-03 9.999676652062863269e-01 -7.946506807148690649e-03 -1.053293000000000007e-01 -9.735538404445713834e-01 6.145558762855412270e-04 2.284568713711646604e-01 6.072725799999999730e+00
1.842728550331569626e-01 6.913406246572087813e-03 9.828508125407431351e-01 3.985004999999999797e-01 4.591082797564762299e-03 9.999582984311462530e-01 -7.894514388636890076e-03 -1.086586999999999970e-01 -9.828644041049992008e-01 5.967094163522810787e-03 1.842334305455136656e-01 6.085041000000000366e+00
1.563839655864685818e-01 1.450725789582218463e-02 9.875897907409705301e-01 4.260470000000000090e-01 1.166547601265885588e-02 9.997952546234886162e-01 -1.653376852843378708e-02 -1.083589999999999970e-01 -9.876274459414582374e-01 1.410632130280079638e-02 1.561827126235610930e-01 6.094819499999999834e+00
1.142466091863318378e-01 2.302657742638608562e-02 9.931855259826596338e-01 4.706237999999999810e-01 1.185518492200603874e-02 9.996285607562394038e-01 -2.453966403344673766e-02 -1.089274999999999965e-01 -9.933816823758583325e-01 1.457797147877733582e-02 1.139311891787027076e-01 6.096569999999999823e+00
1.019349825718302710e-01 1.824805285609723202e-02 9.946236815474692738e-01 5.043923999999999630e-01 8.788523233262207635e-03 9.997762038784741012e-01 -1.924328500350901486e-02 -1.101004000000000010e-01 -9.947522411070300885e-01 1.070283725509017791e-02 1.017517964815952691e-01 6.100896399999999886e+00
8.718270737598052267e-02 1.402443122857348345e-02 9.960936155117694479e-01 5.371702999999999895e-01 8.173688754164527837e-03 9.998571714606839800e-01 -1.479281889264245572e-02 -1.104559999999999986e-01 -9.961588057868804302e-01 9.431437183986757233e-03 8.705562386141585396e-02 6.101254499999999581e+00
3.197128868697279858e-02 1.225988667135244001e-02 9.994135940032531362e-01 1.185778299999999952e+00 4.078242753256086650e-02 9.990760280207844346e-01 -1.356037753030070458e-02 -1.234568000000000054e-01 -9.986564125384891355e-01 4.119205521721946983e-02 3.144176017235478238e-02 6.125987499999999919e+00
4.310561636769535965e-02 9.584533243369344757e-03 9.990245455243168538e-01 1.296736799999999912e+00 4.204866379836672691e-02 9.990505346142132259e-01 -1.139908592066244536e-02 -1.254918999999999896e-01 -9.981852612167406713e-01 4.249901186570658601e-02 4.266167226100647802e-02 6.133547799999999661e+00
5.133013160941689995e-02 6.316475150133296634e-03 9.986617644280961770e-01 1.403223499999999957e+00 3.835612882502349719e-02 9.992297322919804214e-01 -8.291530935556365098e-03 -1.275525999999999882e-01 -9.979449007688343531e-01 3.873040466319497416e-02 5.104831813201116120e-02 6.140273999999999788e+00
5.961850097784528874e-02 1.994103513182349935e-02 9.980220385637916802e-01 1.620119599999999993e+00 2.481806067169781832e-02 9.994617854329860274e-01 -2.145235007181615222e-02 -1.321521999999999974e-01 -9.979126706308778516e-01 2.604792845850136679e-02 5.909151561239744943e-02 6.155489900000000070e+00
6.024015290703484127e-02 1.929112868298436465e-02 9.979974831290278070e-01 1.675637199999999938e+00 2.274094457872622918e-02 9.995272052804885510e-01 -2.069336472987126641e-02 -1.340369999999999895e-01 -9.979248335508065226e-01 2.394197690903396986e-02 5.977297319259700092e-02 6.159803400000000373e+00
6.005345577188690026e-02 1.648056901133435406e-02 9.980591031070839003e-01 1.784974099999999897e+00 2.078946026194994010e-02 9.996261675177556816e-01 -1.775735216131076044e-02 -1.374726000000000004e-01 -9.979786474628958848e-01 2.181550042576721471e-02 5.968838370489293332e-02 6.167396100000000381e+00
6.063641679013794666e-02 1.610724064216364007e-02 9.980299503310247067e-01 1.893745699999999976e+00 1.669061938369481232e-02 9.997136355847143774e-01 -1.714847079426221402e-02 -1.409866999999999926e-01 -9.980203646135888951e-01 1.769755985689736369e-02 6.035021285521890988e-02 6.174968200000000351e+00
5.915998999124910673e-02 1.800244477971926424e-02 9.980861724150817960e-01 2.001971199999999840e+00 1.059848300482424399e-02 9.997696927468223693e-01 -1.866101880715520175e-02 -1.444728000000000123e-01 -9.981922498908872843e-01 1.168218502154913518e-02 5.895556641141308507e-02 6.183053499999999758e+00
5.604164788688052040e-02 1.739322664966019838e-02 9.982769201823894489e-01 2.055163100000000131e+00 7.335703085133279608e-03 9.998140894821239133e-01 -1.783182361056051546e-02 -1.460712000000000121e-01 -9.984014829528099488e-01 8.322387863163300051e-03 5.590363760870487031e-02 6.185116299999999789e+00
1.854481514096695954e-02 1.106416620260507883e-02 9.997668098399890013e-01 2.301309299999999780e+00 -5.299301807579134826e-04 9.999387374985712063e-01 -1.105623913304006403e-02 -1.547263000000000110e-01 -9.998278896917165426e-01 -3.247706953777122763e-04 1.854954227479854723e-02 6.196031999999999762e+00
1.548244933900800799e-02 1.349492086681743086e-02 9.997890681905177157e-01 2.372500200000000170e+00 2.145469210324572537e-04 9.999088497197656800e-01 -1.349986006274520034e-02 -1.555783000000000027e-01 -9.998801166800368456e-01 4.235125657673375135e-04 1.547814281569048767e-02 6.199521500000000351e+00
5.236953403512679787e-03 1.237204383062187607e-02 9.999097493526617475e-01 2.424261599999999905e+00 1.560445002470377783e-03 9.999221426955007264e-01 -1.238036989080169153e-02 -1.571440000000000059e-01 -9.999850695537627621e-01 1.625139591535149260e-03 5.217239774471083003e-03 6.199827700000000164e+00
-1.618463489540476058e-02 1.067492640147553289e-02 9.998120341042238124e-01 2.527813200000000204e+00 1.914816666584207711e-03 9.999415036906252885e-01 -1.064531230470107045e-02 -1.599621999999999988e-01 -9.998671867155337623e-01 1.742166253355080692e-03 -1.620412868098286552e-02 6.198292699999999655e+00
-2.727403830301052684e-02 1.104386859598559950e-02 9.995669861500432463e-01 2.579001700000000064e+00 1.958090637604996583e-03 9.999376410890261635e-01 -1.099453565953063122e-02 -1.613655999999999979e-01 -9.996260764484393713e-01 1.657377370537590870e-03 -2.729396241938486511e-02 6.196909899999999638e+00
-3.838872120984633540e-02 1.167215231623448118e-02 9.991947092254737095e-01 2.629579300000000064e+00 2.433500498145165641e-03 9.999299044427859551e-01 -1.158724628055856666e-02 -1.627551999999999888e-01 -9.992599182190776697e-01 1.986721255590011281e-03 -3.841443451951842558e-02 6.195009200000000327e+00
-4.869138327190107585e-02 1.250100566702666040e-02 9.987356377202036839e-01 2.679824400000000217e+00 1.843840698848213042e-03 9.999210948833129331e-01 -1.242595102332033283e-02 -1.643475000000000075e-01 -9.988121692523306283e-01 1.236472672424276595e-03 -4.871059113564779608e-02 6.192326999999999693e+00
-6.859137056200249882e-02 1.469421737414718099e-02 9.975366178041722431e-01 2.778451200000000121e+00 3.447221014716217273e-03 9.998890455184819004e-01 -1.449183630237972642e-02 -1.665658999999999890e-01 -9.976388828387261487e-01 2.444714277903071824e-03 -6.863441425697214271e-02 6.185849199999999826e+00
-7.859620768313217709e-02 1.494327264207016490e-02 9.967945298508489316e-01 2.827242099999999869e+00 4.034892967314063911e-03 9.998842274800917584e-01 -1.467144421257082429e-02 -1.682926999999999895e-01 -9.968983678272187454e-01 2.868839362009619094e-03 -7.864740290780558585e-02 6.182541399999999854e+00
-9.666293727883631948e-02 1.475533869668709669e-02 9.952077956570547501e-01 2.922876099999999866e+00 5.584040639092579389e-03 9.998824106068967543e-01 -1.428227744731581927e-02 -1.711783000000000055e-01 -9.953015096174470111e-01 4.176713886201909899e-03 -9.673396515363197334e-02 6.173716100000000040e+00
-1.038206728642544485e-01 1.380971274092870037e-02 9.945001557164415695e-01 2.970013600000000142e+00 7.216808124785692100e-03 9.998877392812138831e-01 -1.313112773501278960e-02 -1.723266999999999993e-01 -9.945698495161129360e-01 5.813834286959549368e-03 -1.039086799280035667e-01 6.168363099999999655e+00
-1.129239701604596857e-01 1.058607097853062583e-02 9.935472369567726059e-01 3.062231800000000170e+00 1.352285520683960303e-02 9.998670026580630532e-01 -9.116434754638276863e-03 -1.749157000000000073e-01 -9.935116050405523591e-01 1.240613142031944151e-02 -1.130521054776394418e-01 6.157692899999999803e+00
-1.174305114526366656e-01 8.671253085775791278e-03 9.930432439475608275e-01 3.151016999999999957e+00 1.525072729704301557e-02 9.998597038833653139e-01 -6.927327564083721190e-03 -1.770998000000000017e-01 -9.929639924473009360e-01 1.433115208876491187e-02 -1.175462793240402704e-01 6.147344099999999756e+00
-1.174897545029215812e-01 1.031150923301726689e-02 9.930205588829371655e-01 3.235435499999999909e+00 1.670332468265375847e-02 9.998251545647059979e-01 -8.405905317548742484e-03 -1.791831000000000118e-01 -9.929336113413572695e-01 1.559913705943839074e-02 -1.176414484423402573e-01 6.137160299999999680e+00
-7.666222239671870164e-02 1.344567420005344550e-02 9.969664575613874646e-01 3.426210600000000106e+00 1.587190725729517582e-02 9.997988256145025066e-01 -1.226339512032878325e-02 -1.847980999999999929e-01 -9.969307830623004296e-01 1.488362002899496807e-02 -7.686020841515228685e-02 6.120953599999999994e+00
1.285353735056900260e-01 1.536015299356073213e-02 9.915859637256708714e-01 3.654718900000000215e+00 6.723949956446284050e-03 9.998435626708381818e-01 -1.635966633733455106e-02 -1.925333999999999934e-01 -9.916821296437362543e-01 8.770170220703732075e-03 1.284119848751039683e-01 6.133217300000000094e+00
4.420749708657948918e-01 1.054603983143474234e-02 8.969161059864408925e-01 3.824813100000000077e+00 1.908463803785655222e-03 9.999175585192102700e-01 -1.269779236289431817e-02 -1.970812000000000119e-01 -8.969760743185496432e-01 7.325108112193918532e-03 4.420183988152850407e-01 6.200422299999999609e+00
5.019102212390725848e-01 1.279007334468632018e-02 8.648251521779317663e-01 3.849405799999999989e+00 4.253667749372574448e-03 9.998420640995799857e-01 -1.725552571698444129e-02 -1.987479000000000051e-01 -8.649092646783378413e-01 1.233940358887366563e-02 5.017765468738528689e-01 6.216527000000000136e+00
5.600497006737006345e-01 1.697279564141097874e-02 8.282851302440562558e-01 3.871983499999999800e+00 7.166641204256994635e-04 9.997798159249686734e-01 -2.097155362805044540e-02 -1.994178000000000062e-01 -8.284587009428031612e-01 1.233871456638015521e-02 5.599142228547266953e-01 6.235123599999999655e+00
6.164300796778233726e-01 1.968957288347979173e-02 7.871634376595869620e-01 3.894376499999999908e+00 -2.300614978141468300e-03 9.997280828701676780e-01 -2.320490231527903152e-02 -2.002546000000000048e-01 -7.874062890523002567e-01 1.249323978819858599e-02 6.163077599061039802e-01 6.254666300000000234e+00
8.740879616952241804e-01 1.635491226849570797e-03 4.857649229698819404e-01 3.985212300000000152e+00 -2.126970793364880465e-03 9.999976319860558460e-01 4.604536079026643413e-04 -2.015094000000000052e-01 -4.857630196039346426e-01 -1.435684759184931289e-03 8.740893704848147205e-01 6.357994599999999608e+00
9.326490299121154015e-01 7.412944842906119339e-03 3.607087956409519847e-01 4.006103999999999665e+00 -1.367907362051943264e-02 9.997965785529222549e-01 1.482175626417635284e-02 -2.147504000000000079e-01 -3.605255468741077052e-01 -1.875765877251937830e-02 9.325607113150859995e-01 6.392548099999999955e+00
9.516443622815019543e-01 1.260082235516224794e-02 3.069433612473267958e-01 4.015201099999999634e+00 -1.824446832634271307e-02 9.997130286741654492e-01 1.552416421635375264e-02 -2.220283000000000118e-01 -3.066596600684908802e-01 -2.037350178788330246e-02 9.516011629414797834e-01 6.417668299999999881e+00
9.644299481559149845e-01 5.785467557776599080e-03 2.642752418693757877e-01 4.032308099999999840e+00 -9.615715643480677102e-03 9.998666123819638374e-01 1.320210045710131820e-02 -2.248850000000000016e-01 -2.641636105004678825e-01 -1.527369663681940083e-02 9.643569365532678184e-01 6.461988400000000077e+00
9.866681755548935007e-01 9.045256404514402659e-03 1.624933681223771353e-01 4.122799900000000406e+00 -7.341626206971224415e-03 9.999116439458027861e-01 -1.108173390039436483e-02 -1.944829999999999892e-01 -1.625792479740723051e-01 9.741028599620655745e-03 9.866474043395676574e-01 6.652051400000000392e+00
9.778963154273113689e-01 3.072761535561325391e-02 2.068202357803648472e-01 4.086127799999999866e+00 -3.204985250318424100e-02 9.994816334386641410e-01 3.044892987251563050e-03 -2.184635000000000049e-01 -2.066194647854174282e-01 -9.606147684538244441e-03 9.783742222168623215e-01 6.687304000000000137e+00
9.817363516048114302e-01 3.073247140611323064e-02 1.877478392390881101e-01 4.115100400000000214e+00 -3.024394080188690798e-02 9.995275975671760182e-01 -5.466785743141871871e-03 -2.162723000000000007e-01 -1.878271545396085762e-01 -3.112922451518635586e-04 9.822020480098236916e-01 6.825804699999999947e+00
9.742437086993412931e-01 3.003514663441489430e-02 2.234884471877730261e-01 4.092809199999999592e+00 -2.993373988830405619e-02 9.995445002643017496e-01 -3.842291983518189048e-03 -2.261907999999999974e-01 -2.235020520622846008e-01 -2.946516254231267701e-03 9.746990052143849059e-01 6.801205200000000062e+00
9.709614364281923260e-01 3.903982738777338896e-02 2.360291949035848158e-01 4.126390500000000294e+00 -3.876033511082486310e-02 9.992315535304245877e-01 -5.825706074884099729e-03 -2.319321000000000021e-01 -2.360752536616197994e-01 -3.492034751723234638e-03 9.717285013324939991e-01 6.968975999999999615e+00
9.700692880706718313e-01 3.602505601738495433e-02 2.401411494954668324e-01 4.135628699999999824e+00 -3.680489066837151768e-02 9.993217034838789425e-01 -1.238131240039023768e-03 -2.323291000000000106e-01 -2.400228663376660077e-01 -7.637295661595001547e-03 9.707371917002193262e-01 7.001502000000000336e+00
9.691421887156205228e-01 3.170827975757413431e-02 2.444545009737228991e-01 4.148754099999999667e+00 -3.378198343697623451e-02 9.994200019300336635e-01 4.293872056240176371e-03 -2.333843999999999919e-01 -2.441765665385610684e-01 -1.241953046563804355e-02 9.696512566982279369e-01 7.050574300000000072e+00
9.673829176249311157e-01 2.429596606721433349e-02 2.521507420578740222e-01 4.174924899999999717e+00 -2.756678682651376999e-02 9.995753259604860386e-01 9.446692280881774026e-03 -2.341490999999999989e-01 -2.518141436685741308e-01 -1.608955449504100021e-02 9.676418569308655737e-01 7.145755799999999880e+00
9.675578012154075758e-01 2.097220716865210582e-02 2.517778144191437639e-01 4.186622599999999750e+00 -2.333947534815591918e-02 9.997069880132958275e-01 6.419268482997892225e-03 -2.343359999999999888e-01 -2.515694142730361960e-01 -1.208737539166899154e-02 9.677637754940315862e-01 7.189173699999999556e+00
9.677010772833271046e-01 2.274732055816709037e-02 2.510720701952173228e-01 4.208957700000000024e+00 -2.167229814858041143e-02 9.997402974798009767e-01 -7.046210893661329633e-03 -2.346126000000000045e-01 -2.511671485637546053e-01 1.377317110509525006e-03 9.679427495879753263e-01 7.275054500000000424e+00
9.682909273199047373e-01 2.538806548680969458e-02 2.485319420130873425e-01 4.220380300000000418e+00 -2.343585172939869135e-02 9.996668857822558207e-01 -1.081102789396093562e-02 -2.355513999999999941e-01 -2.487236235737908252e-01 4.643662481686560220e-03 9.685633667835467087e-01 7.320659599999999934e+00
9.689246925930866672e-01 2.404174271557802181e-02 2.461847572263368145e-01 4.231720000000000148e+00 -2.311628578445249979e-02 9.997106731758964582e-01 -6.648854768099043619e-03 -2.357734999999999970e-01 -2.462733794280737021e-01 7.513623584563841433e-04 9.692001124843528936e-01 7.367556099999999830e+00
9.698588880103068410e-01 2.043245957187535961e-02 2.428090853803757387e-01 4.255038299999999829e+00 -2.282968556829529511e-02 9.997144193022255987e-01 7.062952361900598844e-03 -2.370231999999999895e-01 -2.425954303037542725e-01 -1.239332219614202972e-02 9.700483816597390563e-01 7.462280800000000269e+00
9.702377000525975737e-01 2.384269870286996953e-02 2.409778643676840360e-01 4.266305899999999873e+00 -2.611006323490119505e-02 9.996397238024470333e-01 6.219903056861529958e-03 -2.372907999999999962e-01 -2.407427465044694181e-01 -1.232673171329112631e-02 9.705106808741227331e-01 7.510635399999999962e+00
9.707397336842239488e-01 2.948011444440070197e-02 2.383176290143620701e-01 4.277407600000000087e+00 -3.071406369296425173e-02 9.995271379126313693e-01 1.465219317445925259e-03 -2.373861999999999917e-01 -2.381617428096851341e-01 -8.742049446709780278e-03 9.711861617801834656e-01 7.561127199999999604e+00
9.735282168370925637e-01 2.734458637983841478e-02 2.269252842186310071e-01 4.312299300000000279e+00 -2.689642117431436524e-02 9.996253819020383125e-01 -5.067384455324432969e-03 -2.387214000000000003e-01 -2.269788394322360681e-01 -1.170236266625296340e-03 9.738989870602985377e-01 7.712396599999999935e+00
9.744130350419841768e-01 2.366855106512829460e-02 2.235151825508646384e-01 4.324094800000000127e+00 -2.355642862315502489e-02 9.997174882223690551e-01 -3.168345448271379147e-03 -2.393233999999999917e-01 -2.235270270253490732e-01 -2.177942339639340075e-03 9.746952984170867973e-01 7.764281699999999731e+00
9.754490271833995418e-01 1.382794918072144212e-02 2.197907713904631855e-01 4.360825499999999799e+00 -1.481295302241643526e-02 9.998862657451446090e-01 2.834077801645790064e-03 -2.402904999999999902e-01 -2.197265841670396347e-01 -6.020248805945054363e-03 9.755429179767538539e-01 7.924419900000000183e+00
9.755951795438392304e-01 1.490265873382474321e-02 2.190706653422294092e-01 4.372873799999999811e+00 -1.630183574176637812e-02 9.998566239489715679e-01 4.580578218217739098e-03 -2.410264000000000018e-01 -2.189709930613468192e-01 -8.040044031465231125e-03 9.756982432543883643e-01 7.978123700000000262e+00
9.753711783540267577e-01 2.070351823754766965e-02 2.195960581815275259e-01 4.384324600000000238e+00 -2.182603399174209632e-02 9.997581738953006392e-01 2.686627946910234276e-03 -2.413983000000000101e-01 -2.194873314714737844e-01 -7.413370496699290060e-03 9.755871838341307889e-01 8.032387699999999242e+00
