9.999910e-01 1.048972e-03 -4.131348e-03 -9.374345e-02 -1.058514e-03 9.999968e-01 -2.308104e-03 -5.676064e-02 4.128913e-03 2.312456e-03 9.999887e-01 1.716275e+00
9.999796e-01 1.566466e-03 -6.198571e-03 -1.406429e-01 -1.587952e-03 9.999927e-01 -3.462706e-03 -8.515762e-02 6.193102e-03 3.472479e-03 9.999747e-01 2.574964e+00
9.999637e-01 2.078471e-03 -8.263498e-03 -1.874858e-01 -2.116664e-03 9.999871e-01 -4.615826e-03 -1.135202e-01 8.253797e-03 4.633149e-03 9.999551e-01 3.432648e+00
9.999184e-01 3.088363e-03 -1.239599e-02 -2.812195e-01 -3.174350e-03 9.999710e-01 -6.922975e-03 -1.702743e-01 1.237425e-02 6.961759e-03 9.998991e-01 5.148987e+00
9.998551e-01 4.078705e-03 -1.652913e-02 -3.749547e-01 -4.231669e-03 9.999484e-01 -9.229794e-03 -2.270290e-01 1.649063e-02 9.298401e-03 9.998207e-01 6.865477e+00
9.998167e-01 4.566671e-03 -1.859652e-02 -4.218367e-01 -4.760342e-03 9.999347e-01 -1.038342e-02 -2.554151e-01 1.854788e-02 1.047004e-02 9.997731e-01 7.724036e+00
9.997738e-01 5.049868e-03 -2.066463e-02 -4.687329e-01 -5.289072e-03 9.999194e-01 -1.153730e-02 -2.838096e-01 2.060470e-02 1.164399e-02 9.997198e-01 8.582886e+00
9.997264e-01 5.527315e-03 -2.272922e-02 -5.155474e-01 -5.816781e-03 9.999025e-01 -1.268908e-02 -3.121547e-01 2.265686e-02 1.281782e-02 9.996611e-01 9.440275e+00
9.995562e-01 7.058450e-03 -2.894213e-02 -6.562052e-01 -7.530449e-03 9.998399e-01 -1.623192e-02 -3.973964e-01 2.882292e-02 1.644266e-02 9.994492e-01 1.201541e+01
9.995095e-01 5.595311e-03 -3.081450e-02 -7.018788e-01 -6.093682e-03 9.998517e-01 -1.610315e-02 -4.239119e-01 3.071983e-02 1.628303e-02 9.993953e-01 1.286965e+01
9.994226e-01 7.842768e-03 -3.306167e-02 -7.498241e-01 -8.456089e-03 9.997940e-01 -1.845198e-02 -4.540039e-01 3.291014e-02 1.872089e-02 9.992829e-01 1.373146e+01
9.992482e-01 1.235688e-02 -3.674849e-02 -8.546642e-01 -1.320676e-02 9.996488e-01 -2.297477e-02 -5.155070e-01 3.645169e-02 2.344282e-02 9.990604e-01 1.547957e+01
9.991241e-01 1.328777e-02 -3.967996e-02 -9.609163e-01 -1.412604e-02 9.996813e-01 -2.092052e-02 -5.783595e-01 3.938933e-02 2.146271e-02 9.989934e-01 1.726896e+01
9.990604e-01 1.351433e-02 -4.118029e-02 -1.011589e+00 -1.432436e-02 9.997084e-01 -1.943894e-02 -6.092403e-01 4.090558e-02 2.001055e-02 9.989626e-01 1.817318e+01
9.990174e-01 1.304822e-02 -4.235654e-02 -1.066256e+00 -1.386115e-02 9.997242e-01 -1.895579e-02 -6.387363e-01 4.209752e-02 1.952427e-02 9.989227e-01 1.908411e+01
9.989383e-01 1.325999e-02 -4.411963e-02 -1.118651e+00 -1.413494e-02 9.997084e-01 -1.957870e-02 -6.686219e-01 4.384715e-02 2.018154e-02 9.988343e-01 1.999722e+01
9.989120e-01 1.152857e-02 -4.518863e-02 -1.171840e+00 -1.247777e-02 9.997062e-01 -2.077977e-02 -6.990778e-01 4.493579e-02 2.132101e-02 9.987623e-01 2.091368e+01
9.988593e-01 1.299421e-02 -4.594914e-02 -1.280807e+00 -1.370812e-02 9.997896e-01 -1.525610e-02 -7.604717e-01 4.574123e-02 1.586857e-02 9.988272e-01 2.277432e+01
9.988876e-01 1.379030e-02 -4.509495e-02 -1.334841e+00 -1.432558e-02 9.998304e-01 -1.156850e-02 -7.929673e-01 4.492776e-02 1.220164e-02 9.989157e-01 2.370953e+01
9.989649e-01 1.285173e-02 -4.363580e-02 -1.385747e+00 -1.325687e-02 9.998715e-01 -9.007757e-03 -8.209244e-01 4.351442e-02 9.576906e-03 9.990068e-01 2.465175e+01
9.990298e-01 1.265253e-02 -4.218321e-02 -1.436633e+00 -1.299403e-02 9.998849e-01 -7.831284e-03 -8.456208e-01 4.207926e-02 8.371815e-03 9.990791e-01 2.559694e+01
9.990746e-01 1.289592e-02 -4.103309e-02 -1.487044e+00 -1.333334e-02 9.998570e-01 -1.040438e-02 -8.702127e-01 4.089305e-02 1.094186e-02 9.991036e-01 2.654471e+01
9.991533e-01 1.320645e-02 -3.896502e-02 -1.586551e+00 -1.396325e-02 9.997178e-01 -1.921474e-02 -9.254151e-01 3.870026e-02 1.974255e-02 9.990558e-01 2.845466e+01
9.992105e-01 1.079096e-02 -3.823584e-02 -1.633363e+00 -1.148611e-02 9.997718e-01 -1.800793e-02 -9.555630e-01 3.803279e-02 1.843289e-02 9.991064e-01 2.942293e+01
9.992105e-01 5.838117e-03 -3.929763e-02 -1.728893e+00 -6.198498e-03 9.999398e-01 -9.054940e-03 -1.011772e+00 3.924239e-02 9.291377e-03 9.991865e-01 3.137765e+01
9.991063e-01 -4.894794e-03 -4.198475e-02 -1.815834e+00 4.337365e-03 9.999014e-01 -1.335777e-02 -1.059789e+00 4.204599e-02 1.316373e-02 9.990289e-01 3.333631e+01
9.990442e-01 -4.076714e-03 -4.352240e-02 -1.870663e+00 3.306848e-03 9.998370e-01 -1.774634e-02 -1.088016e+00 4.358766e-02 1.758545e-02 9.988948e-01 3.432021e+01
9.989620e-01 -3.501086e-03 -4.541814e-02 -1.929780e+00 2.639355e-03 9.998156e-01 -1.901940e-02 -1.129880e+00 4.547635e-02 1.887978e-02 9.987869e-01 3.533097e+01
9.989126e-01 -3.564847e-03 -4.648700e-02 -1.993748e+00 2.782576e-03 9.998536e-01 -1.688161e-02 -1.194548e+00 4.654037e-02 1.673390e-02 9.987762e-01 3.638751e+01
9.988085e-01 2.160348e-06 -4.880145e-02 -2.126953e+00 -6.257569e-04 9.999183e-01 -1.276297e-02 -1.305052e+00 4.879743e-02 1.277830e-02 9.987269e-01 3.847151e+01
9.987569e-01 4.894213e-04 -4.984526e-02 -2.256115e+00 -8.210333e-04 9.999776e-01 -6.632571e-03 -1.393047e+00 4.984090e-02 6.665250e-03 9.987349e-01 4.053855e+01
9.987143e-01 6.952179e-03 -5.021498e-02 -2.399728e+00 -7.192513e-03 9.999635e-01 -4.606971e-03 -1.460731e+00 5.018112e-02 4.962219e-03 9.987278e-01 4.258303e+01
9.987083e-01 6.676282e-03 -5.037160e-02 -2.465214e+00 -7.006772e-03 9.999550e-01 -6.387280e-03 -1.489501e+00 5.032669e-02 6.731971e-03 9.987101e-01 4.359302e+01
9.987013e-01 8.983148e-03 -5.015069e-02 -2.535885e+00 -9.456170e-03 9.999129e-01 -9.202712e-03 -1.522850e+00 5.006365e-02 9.664992e-03 9.986992e-01 4.459790e+01
9.986535e-01 8.808468e-03 -5.112439e-02 -2.600016e+00 -9.296065e-03 9.999135e-01 -9.307503e-03 -1.559885e+00 5.103798e-02 9.770225e-03 9.986489e-01 4.559882e+01
9.985540e-01 7.061951e-03 -5.329345e-02 -2.728914e+00 -7.431486e-03 9.999497e-01 -6.738977e-03 -1.629817e+00 5.324317e-02 7.125281e-03 9.985561e-01 4.759275e+01
9.985154e-01 9.830435e-03 -5.357609e-02 -2.800794e+00 -1.032218e-02 9.999070e-01 -8.909522e-03 -1.664529e+00 5.348352e-02 9.449317e-03 9.985240e-01 4.857856e+01
9.984686e-01 1.023790e-02 -5.436634e-02 -2.871336e+00 -1.103255e-02 9.998363e-01 -1.433651e-02 -1.697621e+00 5.421067e-02 1.491435e-02 9.984181e-01 4.955600e+01
9.984385e-01 1.064895e-02 -5.483888e-02 -2.937935e+00 -1.149460e-02 9.998195e-01 -1.512829e-02 -1.729013e+00 5.466788e-02 1.573501e-02 9.983805e-01 5.053773e+01
9.984274e-01 1.026893e-02 -5.511221e-02 -3.002463e+00 -1.093885e-02 9.998697e-01 -1.186763e-02 -1.766742e+00 5.498316e-02 1.245183e-02 9.984096e-01 5.151845e+01
9.984356e-01 7.566176e-03 -5.540070e-02 -3.065844e+00 -8.064009e-03 9.999290e-01 -8.767995e-03 -1.798994e+00 5.533043e-02 9.201029e-03 9.984256e-01 5.249501e+01
9.984285e-01 6.348755e-03 -5.568046e-02 -3.130185e+00 -6.799312e-03 9.999456e-01 -7.906116e-03 -1.830051e+00 5.562724e-02 8.272279e-03 9.984173e-01 5.346498e+01
9.984068e-01 -1.460363e-04 -5.642638e-02 -3.248811e+00 -4.508913e-04 9.999441e-01 -1.056600e-02 -1.886487e+00 5.642476e-02 1.057461e-02 9.983508e-01 5.539178e+01
9.982641e-01 -4.382863e-03 -5.873397e-02 -3.371514e+00 4.075329e-03 9.999773e-01 -5.354817e-03 -1.938229e+00 5.875611e-02 5.106161e-03 9.982593e-01 5.731251e+01
9.982022e-01 -4.407760e-03 -5.977459e-02 -3.511313e+00 4.547914e-03 9.999872e-01 2.208854e-03 -1.975962e+00 5.976408e-02 -2.476732e-03 9.982094e-01 5.922540e+01
9.980242e-01 -1.762043e-03 -6.280674e-02 -3.641784e+00 1.227247e-03 9.999627e-01 -8.552514e-03 -2.021539e+00 6.281946e-02 8.458535e-03 9.979890e-01 6.109125e+01
9.979547e-01 -9.592105e-04 -6.391830e-02 -3.703384e+00 5.024105e-05 9.998989e-01 -1.422089e-02 -2.049159e+00 6.392547e-02 1.418860e-02 9.978538e-01 6.200632e+01
9.977905e-01 7.492613e-03 -6.601519e-02 -3.843940e+00 -8.206300e-03 9.999107e-01 -1.054641e-02 -2.112094e+00 6.593028e-02 1.106485e-02 9.977628e-01 6.381519e+01
9.976764e-01 1.025448e-02 -6.735521e-02 -3.912602e+00 -1.087073e-02 9.999023e-01 -8.789172e-03 -2.145353e+00 6.725849e-02 9.500949e-03 9.976903e-01 6.469786e+01
9.974616e-01 1.183547e-02 -7.021661e-02 -4.046625e+00 -1.248174e-02 9.998836e-01 -8.772233e-03 -2.201409e+00 7.010461e-02 9.626390e-03 9.974931e-01 6.642163e+01
9.972258e-01 1.296774e-02 -7.329823e-02 -4.179994e+00 -1.352350e-02 9.998834e-01 -7.090915e-03 -2.258366e+00 7.319772e-02 8.062491e-03 9.972848e-01 6.809328e+01
9.971241e-01 1.256612e-02 -7.473754e-02 -4.244856e+00 -1.307757e-02 9.998942e-01 -6.357728e-03 -2.283310e+00 7.464974e-02 7.316829e-03 9.971829e-01 6.890994e+01
9.968772e-01 1.677181e-02 -7.716622e-02 -4.381935e+00 -1.677976e-02 9.998590e-01 5.454462e-04 -2.329476e+00 7.716449e-02 7.510882e-04 9.970180e-01 7.050799e+01
9.964961e-01 2.232345e-02 -8.060564e-02 -4.514875e+00 -2.246983e-02 9.997471e-01 -9.091952e-04 -2.382091e+00 8.056495e-02 2.717205e-03 9.967456e-01 7.203735e+01
9.960873e-01 2.480834e-02 -8.482128e-02 -4.775730e+00 -2.599143e-02 9.995793e-01 -1.287207e-02 -2.490277e+00 8.446625e-02 1.502633e-02 9.963130e-01 7.485147e+01
9.959075e-01 2.291063e-02 -8.742661e-02 -4.891889e+00 -2.409575e-02 9.996312e-01 -1.252425e-02 -2.556654e+00 8.710742e-02 1.457961e-02 9.960922e-01 7.613828e+01
9.966394e-01 1.770654e-02 -7.997749e-02 -5.092732e+00 -1.941041e-02 9.995998e-01 -2.057726e-02 -2.675699e+00 7.958113e-02 2.206050e-02 9.965842e-01 7.849464e+01
9.974633e-01 1.217037e-02 -7.013516e-02 -5.159772e+00 -1.315774e-02 9.998205e-01 -1.363335e-02 -2.729207e+00 6.995665e-02 1.452158e-02 9.974443e-01 7.959230e+01
9.982814e-01 1.472502e-02 5.672377e-02 -5.163543e+00 -1.430176e-02 9.998668e-01 -7.860647e-03 -2.878004e+00 -5.683196e-02 7.035887e-03 9.983589e-01 8.300846e+01
9.959138e-01 1.420072e-02 8.918593e-02 -5.105620e+00 -1.367050e-02 9.998851e-01 -6.553178e-03 -2.895751e+00 -8.926873e-02 5.307184e-03 9.959934e-01 8.345454e+01
9.859899e-01 1.389745e-02 1.662252e-01 -4.934649e+00 -1.302694e-02 9.998951e-01 -6.326123e-03 -2.926167e+00 -1.662957e-01 4.072087e-03 9.860675e-01 8.431338e+01
7.722941e-01 1.213857e-02 6.351492e-01 -3.115393e+00 -7.665609e-05 9.998192e-01 -1.901471e-02 -3.063358e+00 -6.352652e-01 1.463625e-02 7.721553e-01 8.734503e+01
7.306835e-01 1.139090e-02 6.826214e-01 -2.817803e+00 -2.276654e-04 9.998648e-01 -1.644104e-02 -3.074584e+00 -6.827163e-01 1.185778e-02 7.305872e-01 8.759401e+01
6.415606e-01 8.605910e-03 7.670241e-01 -2.182602e+00 5.801600e-03 9.998540e-01 -1.607086e-02 -3.093149e+00 -7.670504e-01 1.476039e-02 6.414170e-01 8.800813e+01
5.506435e-01 6.831839e-03 8.347126e-01 -1.511055e+00 1.267694e-02 9.997827e-01 -1.654562e-02 -3.116572e+00 -8.346443e-01 1.969233e-02 5.504372e-01 8.834349e+01
4.602983e-01 1.148164e-02 8.876901e-01 -8.110714e-01 8.704640e-03 9.998099e-01 -1.744550e-02 -3.138031e+00 -8.877216e-01 1.575715e-02 4.601108e-01 8.864159e+01
4.188673e-01 9.627242e-03 9.079964e-01 -4.500223e-01 1.561927e-02 9.997194e-01 -1.780508e-02 -3.146259e+00 -9.079131e-01 2.164020e-02 4.185994e-01 8.874795e+01
3.138409e-01 1.002432e-03 9.494751e-01 6.763450e-01 3.611653e-02 9.992631e-01 -1.299301e-02 -3.166835e+00 -9.487884e-01 3.836947e-02 3.135734e-01 8.902315e+01
2.833112e-01 8.752363e-03 9.589881e-01 1.050891e+00 2.492263e-02 9.995534e-01 -1.648542e-02 -3.185174e+00 -9.587041e-01 2.857100e-02 2.829665e-01 8.912503e+01
2.298762e-01 1.514276e-02 9.731021e-01 1.832910e+00 2.080734e-02 9.995739e-01 -2.047003e-02 -3.222114e+00 -9.729974e-01 2.495324e-02 2.294632e-01 8.927715e+01
2.067350e-01 1.580712e-02 9.782693e-01 2.240743e+00 2.747050e-02 9.993815e-01 -2.195352e-02 -3.234217e+00 -9.780112e-01 3.141210e-02 2.061729e-01 8.932950e+01
1.870149e-01 2.174817e-02 9.821163e-01 2.662750e+00 3.631700e-02 9.989184e-01 -2.903574e-02 -3.232193e+00 -9.816855e-01 4.109762e-02 1.860228e-01 8.937210e+01
1.501195e-01 3.105637e-02 9.881800e-01 3.536770e+00 3.662397e-02 9.986458e-01 -3.694904e-02 -3.247013e+00 -9.879892e-01 4.173784e-02 1.487788e-01 8.947222e+01
1.346625e-01 2.612444e-02 9.905471e-01 4.002128e+00 3.409387e-02 9.989383e-01 -3.098074e-02 -3.269703e+00 -9.903048e-01 3.794352e-02 1.336289e-01 8.952059e+01
9.481660e-02 1.910255e-02 9.953115e-01 5.460049e+00 4.091002e-02 9.988965e-01 -2.306858e-02 -3.327578e+00 -9.946538e-01 4.290548e-02 9.393048e-02 8.960332e+01
5.805224e-02 2.266708e-02 9.980562e-01 8.197957e+00 5.045707e-02 9.983978e-01 -2.560970e-02 -3.409306e+00 -9.970376e-01 5.184568e-02 5.681551e-02 8.968785e+01
5.340714e-02 2.263529e-02 9.983163e-01 8.800912e+00 5.292689e-02 9.982736e-01 -2.546577e-02 -3.426200e+00 -9.971692e-01 5.419782e-02 5.211692e-02 8.970167e+01
4.996154e-02 2.243890e-02 9.984991e-01 9.420230e+00 5.465687e-02 9.981880e-01 -2.516676e-02 -3.442284e+00 -9.972544e-01 5.583219e-02 4.864457e-02 8.970786e+01
4.733313e-02 2.077681e-02 9.986631e-01 1.350501e+01 7.020740e-02 9.972418e-01 -2.407483e-02 -3.549541e+00 -9.964088e-01 7.125306e-02 4.574389e-02 8.973868e+01
5.485120e-02 1.873660e-02 9.983188e-01 1.500260e+01 7.237751e-02 9.971191e-01 -2.269077e-02 -3.595307e+00 -9.958678e-01 7.350043e-02 5.333707e-02 8.977631e+01
6.263966e-02 1.506436e-02 9.979225e-01 1.656055e+01 6.951846e-02 9.973916e-01 -1.942003e-02 -3.645849e+00 -9.956121e-01 7.059048e-02 6.142902e-02 8.984339e+01
7.513596e-02 2.442768e-02 9.968741e-01 1.976819e+01 5.827767e-02 9.978836e-01 -2.884490e-02 -3.758629e+00 -9.954688e-01 6.026278e-02 7.355335e-02 9.003338e+01
7.437195e-02 2.433854e-02 9.969336e-01 2.303432e+01 5.132069e-02 9.982840e-01 -2.820007e-02 -3.908789e+00 -9.959091e-01 5.326060e-02 7.299525e-02 9.022769e+01
7.410208e-02 2.327013e-02 9.969792e-01 2.466660e+01 4.734121e-02 9.985185e-01 -2.682478e-02 -3.991884e+00 -9.961263e-01 4.918596e-02 7.289066e-02 9.031732e+01
7.273598e-02 2.538877e-02 9.970281e-01 2.628880e+01 4.182689e-02 9.987188e-01 -2.848322e-02 -4.070675e+00 -9.964737e-01 4.377433e-02 7.158085e-02 9.041153e+01
6.992106e-02 2.548140e-02 9.972271e-01 2.710009e+01 3.897825e-02 9.988405e-01 -2.825561e-02 -4.110043e+00 -9.967907e-01 4.084581e-02 6.884676e-02 9.045782e+01
6.089788e-02 2.167742e-02 9.979086e-01 2.872180e+01 3.431028e-02 9.991278e-01 -2.379771e-02 -4.189372e+00 -9.975541e-01 3.568775e-02 6.010101e-02 9.053737e+01
4.700058e-02 1.930296e-02 9.987084e-01 3.034032e+01 3.172229e-02 9.992801e-01 -2.080691e-02 -4.264420e+00 -9.983910e-01 3.265924e-02 4.635441e-02 9.058889e+01
3.816210e-02 2.033872e-02 9.990646e-01 3.114204e+01 3.120822e-02 9.992809e-01 -2.153522e-02 -4.298961e+00 -9.987841e-01 3.200084e-02 3.749992e-02 9.060259e+01
1.781185e-02 2.023573e-02 9.996366e-01 3.274069e+01 3.296529e-02 9.992397e-01 -2.081509e-02 -4.366800e+00 -9.992977e-01 3.332406e-02 1.713123e-02 9.059833e+01
-4.213761e-03 1.806636e-02 9.998279e-01 3.432424e+01 3.337770e-02 9.992822e-01 -1.791584e-02 -4.430514e+00 -9.994339e-01 3.329646e-02 -4.813748e-03 9.056241e+01
-2.648072e-02 1.872506e-02 9.994740e-01 3.588915e+01 3.400306e-02 9.992628e-01 -1.782022e-02 -4.490465e+00 -9.990708e-01 3.351327e-02 -2.709790e-02 9.049003e+01
-3.725612e-02 1.985515e-02 9.991085e-01 3.666363e+01 3.374649e-02 9.992573e-01 -1.859973e-02 -4.519810e+00 -9.987357e-01 3.302344e-02 -3.789849e-02 9.044253e+01
-6.683215e-02 2.208670e-02 9.975198e-01 3.894049e+01 3.617941e-02 9.991511e-01 -1.969887e-02 -4.607065e+00 -9.971080e-01 3.477315e-02 -6.757450e-02 9.025165e+01
-7.637784e-02 2.219893e-02 9.968318e-01 3.968363e+01 3.679438e-02 9.991339e-01 -1.943100e-02 -4.635152e+00 -9.963998e-01 3.519370e-02 -7.712847e-02 9.017629e+01
-8.502155e-02 2.197809e-02 9.961367e-01 4.041876e+01 3.826025e-02 9.990913e-01 -1.877773e-02 -4.664020e+00 -9.956442e-01 3.651592e-02 -8.578518e-02 9.009176e+01
-9.778459e-02 1.924550e-02 9.950215e-01 4.186324e+01 4.272773e-02 9.989723e-01 -1.512291e-02 -4.721760e+00 -9.942899e-01 4.103621e-02 -9.850640e-02 8.991031e+01
-1.045887e-01 1.626385e-02 9.943826e-01 4.327463e+01 4.754502e-02 9.988048e-01 -1.133542e-02 -4.770015e+00 -9.933784e-01 4.609237e-02 -1.052369e-01 8.972399e+01
-1.066568e-01 1.685791e-02 9.941530e-01 4.528497e+01 4.949480e-02 9.987067e-01 -1.162513e-02 -4.837060e+00 -9.930632e-01 4.796549e-02 -1.073532e-01 8.946022e+01
-6.012730e-03 2.652506e-02 9.996301e-01 4.989376e+01 4.359308e-02 9.987047e-01 -2.623831e-02 -5.029978e+00 -9.990312e-01 4.341918e-02 -7.161249e-03 8.913018e+01
3.285181e-01 1.239074e-02 9.444164e-01 5.388945e+01 2.179716e-02 9.995481e-01 -2.069628e-02 -5.254058e+00 -9.442461e-01 2.738469e-02 3.280996e-01 8.994526e+01
4.443980e-01 1.583459e-02 8.956895e-01 5.473889e+01 2.326734e-02 9.993024e-01 -2.921047e-02 -5.307765e+00 -8.955272e-01 3.382138e-02 4.437196e-01 9.038860e+01
5.031692e-01 1.924202e-02 8.639737e-01 5.513319e+01 2.368969e-02 9.990692e-01 -3.604743e-02 -5.336870e+00 -8.638631e-01 3.860521e-02 5.022450e-01 9.066097e+01
7.170289e-01 2.626286e-02 6.965485e-01 5.644855e+01 9.622649e-03 9.988218e-01 -4.756544e-02 -5.448053e+00 -6.969770e-01 4.080842e-02 7.159313e-01 9.196615e+01
7.622181e-01 2.264837e-02 6.469240e-01 5.672244e+01 6.903411e-03 9.990465e-01 -4.310967e-02 -5.479109e+00 -6.472835e-01 3.732494e-02 7.613349e-01 9.235602e+01
8.038727e-01 1.798655e-02 5.945294e-01 5.696793e+01 4.662333e-03 9.993214e-01 -3.653692e-02 -5.510534e+00 -5.947831e-01 3.214292e-02 8.032433e-01 9.276492e+01
8.725465e-01 1.221869e-02 4.883783e-01 5.737005e+01 -4.511298e-04 9.997069e-01 -2.420557e-02 -5.564449e+00 -4.885309e-01 2.090016e-02 8.722962e-01 9.361062e+01
9.354383e-01 2.009299e-02 3.529185e-01 5.781242e+01 -1.677232e-02 9.997816e-01 -1.246502e-02 -5.628018e+00 -3.530919e-01 5.740989e-03 9.355710e-01 9.498160e+01
9.641795e-01 2.129999e-02 2.643943e-01 5.816224e+01 -1.820981e-02 9.997343e-01 -1.413344e-02 -5.661977e+00 -2.646251e-01 8.812601e-03 9.643110e-01 9.640217e+01
9.684686e-01 1.824212e-02 2.484671e-01 5.827731e+01 -1.542480e-02 9.997928e-01 -1.328105e-02 -5.680139e+00 -2.486579e-01 9.029716e-03 9.685492e-01 9.688437e+01
9.715089e-01 2.227795e-02 2.359539e-01 5.838327e+01 -1.962485e-02 9.997151e-01 -1.358695e-02 -5.692607e+00 -2.361893e-01 8.569285e-03 9.716692e-01 9.738035e+01
9.753059e-01 4.290914e-02 2.166502e-01 5.881399e+01 -3.946071e-02 9.990165e-01 -2.022010e-02 -5.756138e+00 -2.173047e-01 1.117161e-02 9.760398e-01 9.946087e+01
9.740428e-01 4.025106e-02 2.227568e-01 5.907451e+01 -3.435475e-02 9.989508e-01 -3.028340e-02 -5.797891e+00 -2.237420e-01 2.184457e-02 9.744035e-01 1.005505e+02
9.718871e-01 4.493798e-02 2.311193e-01 5.934323e+01 -3.793231e-02 9.986787e-01 -3.466905e-02 -5.844770e+00 -2.323718e-01 2.492751e-02 9.723075e-01 1.016926e+02
9.692780e-01 4.541030e-02 2.417398e-01 5.963546e+01 -4.019101e-02 9.988410e-01 -2.648059e-02 -5.900971e+00 -2.426622e-01 1.595128e-02 9.699797e-01 1.028883e+02
9.685083e-01 4.085678e-02 2.456065e-01 5.979880e+01 -3.690930e-02 9.991051e-01 -2.065604e-02 -5.928075e+00 -2.462306e-01 1.094038e-02 9.691495e-01 1.034998e+02
9.677060e-01 3.817011e-02 2.491753e-01 5.996454e+01 -3.530703e-02 9.992492e-01 -1.595117e-02 -5.953554e+00 -2.495970e-01 6.638405e-03 9.683270e-01 1.041244e+02
9.670770e-01 3.012062e-02 2.526952e-01 6.030914e+01 -2.652167e-02 9.994926e-01 -1.763722e-02 -5.998250e+00 -2.530982e-01 1.035465e-02 9.673851e-01 1.053923e+02
9.672372e-01 2.935759e-02 2.521715e-01 6.048079e+01 -2.413441e-02 9.994258e-01 -2.378160e-02 -6.023068e+00 -2.527249e-01 1.691644e-02 9.673902e-01 1.060354e+02
9.674264e-01 3.108975e-02 2.512362e-01 6.064973e+01 -2.389677e-02 9.992139e-01 -3.163137e-02 -6.049018e+00 -2.520221e-01 2.459729e-02 9.674088e-01 1.066923e+02
9.690741e-01 2.877873e-02 2.450863e-01 6.117722e+01 -2.348928e-02 9.994243e-01 -2.447838e-02 -6.135437e+00 -2.456496e-01 1.796446e-02 9.691922e-01 1.087607e+02
9.696494e-01 2.911215e-02 2.427603e-01 6.135508e+01 -2.561797e-02 9.995179e-01 -1.753858e-02 -6.168814e+00 -2.431539e-01 1.078724e-02 9.699277e-01 1.094778e+02
9.700047e-01 3.237650e-02 2.409204e-01 6.152759e+01 -2.883405e-02 9.994182e-01 -1.821556e-02 -6.198021e+00 -2.413700e-01 1.072247e-02 9.703739e-01 1.102002e+02
9.711702e-01 3.945438e-02 2.350997e-01 6.187414e+01 -3.375909e-02 9.990320e-01 -2.820239e-02 -6.252301e+00 -2.359848e-01 1.945256e-02 9.715620e-01 1.116692e+02
9.721966e-01 3.867136e-02 2.309511e-01 6.205312e+01 -3.231967e-02 9.989897e-01 -3.122404e-02 -6.282018e+00 -2.319252e-01 2.289163e-02 9.724642e-01 1.124214e+02
9.741028e-01 3.235463e-02 2.237790e-01 6.241758e+01 -2.673172e-02 9.992473e-01 -2.811183e-02 -6.351409e+00 -2.245201e-01 2.140181e-02 9.742344e-01 1.139649e+02
9.745476e-01 3.082445e-02 2.220517e-01 6.260024e+01 -2.588369e-02 9.993491e-01 -2.512708e-02 -6.387404e+00 -2.226817e-01 1.874001e-02 9.747110e-01 1.147551e+02
9.749759e-01 2.776787e-02 2.205697e-01 6.278483e+01 -2.339025e-02 9.994746e-01 -2.243445e-02 -6.419328e+00 -2.210768e-01 1.671386e-02 9.751131e-01 1.155643e+02
9.748174e-01 3.407297e-02 2.203864e-01 6.351246e+01 -2.930179e-02 9.992608e-01 -2.488311e-02 -6.551031e+00 -2.210713e-01 1.779877e-02 9.750952e-01 1.188364e+02
9.743646e-01 4.180173e-02 2.210574e-01 6.369130e+01 -3.686288e-02 9.989709e-01 -2.642226e-02 -6.583319e+00 -2.219344e-01 1.759609e-02 9.749028e-01 1.196659e+02
9.734172e-01 4.884577e-02 2.237701e-01 6.387033e+01 -4.420333e-02 9.986916e-01 -2.571202e-02 -6.619743e+00 -2.247332e-01 1.513714e-02 9.743027e-01 1.205026e+02
9.724994e-01 5.172831e-02 2.270885e-01 6.405736e+01 -4.772120e-02 9.985934e-01 -2.310429e-02 -6.658079e+00 -2.279642e-01 1.163197e-02 9.736000e-01 1.213427e+02
9.714761e-01 5.201240e-02 2.313632e-01 6.444981e+01 -4.701719e-02 9.985276e-01 -2.705593e-02 -6.728166e+00 -2.324297e-01 1.540614e-02 9.724911e-01 1.230215e+02
9.716103e-01 4.466236e-02 2.323333e-01 6.465586e+01 -3.970179e-02 9.988736e-01 -2.598590e-02 -6.752867e+00 -2.332322e-01 1.602412e-02 9.722890e-01 1.238767e+02
9.715160e-01 3.673359e-02 2.341097e-01 6.506629e+01 -3.144821e-02 9.991600e-01 -2.627103e-02 -6.818192e+00 -2.348781e-01 1.816039e-02 9.718551e-01 1.255712e+02
9.707950e-01 4.129353e-02 2.363301e-01 6.545904e+01 -3.782412e-02 9.991000e-01 -1.919733e-02 -6.878751e+00 -2.369101e-01 9.697688e-03 9.714831e-01 1.272746e+02
9.701141e-01 4.431270e-02 2.385687e-01 6.586477e+01 -4.089052e-02 9.989776e-01 -1.927718e-02 -6.955017e+00 -2.391791e-01 8.945864e-03 9.709342e-01 1.289410e+02
9.706399e-01 3.734387e-02 2.376208e-01 6.629836e+01 -2.778327e-02 9.986688e-01 -4.345839e-02 -7.046839e+00 -2.389273e-01 3.558056e-02 9.703853e-01 1.305573e+02
9.714734e-01 2.591697e-02 2.357283e-01 6.693208e+01 -2.747143e-02 9.996171e-01 3.311926e-03 -7.177765e+00 -2.355522e-01 -9.693239e-03 9.718133e-01 1.330601e+02
9.716942e-01 3.680518e-02 2.333577e-01 6.733397e+01 -3.320560e-02 9.992614e-01 -1.933645e-02 -7.221705e+00 -2.338970e-01 1.104033e-02 9.721986e-01 1.346626e+02
9.725903e-01 3.392131e-02 2.300382e-01 6.774822e+01 -2.784568e-02 9.991736e-01 -2.960745e-02 -7.275568e+00 -2.308524e-01 2.239035e-02 9.727311e-01 1.362625e+02
9.740244e-01 3.316910e-02 2.240007e-01 6.812659e+01 -2.766976e-02 9.992347e-01 -2.764591e-02 -7.329594e+00 -2.247463e-01 2.072974e-02 9.741967e-01 1.378726e+02
9.756333e-01 3.839790e-02 2.160215e-01 6.848738e+01 -3.300030e-02 9.990478e-01 -2.853953e-02 -7.375994e+00 -2.169116e-01 2.071534e-02 9.759714e-01 1.394818e+02
9.761098e-01 4.665322e-02 2.122104e-01 6.883080e+01 -4.167268e-02 9.987421e-01 -2.788476e-02 -7.431426e+00 -2.132444e-01 1.837520e-02 9.768260e-01 1.410669e+02
9.767943e-01 4.343929e-02 2.097286e-01 6.918789e+01 -3.956073e-02 9.989603e-01 -2.265516e-02 -7.492154e+00 -2.104946e-01 1.383241e-02 9.774971e-01 1.426598e+02
9.785757e-01 3.715735e-02 2.025067e-01 6.953255e+01 -3.191867e-02 9.990675e-01 -2.907493e-02 -7.548491e+00 -2.033982e-01 2.198827e-02 9.788491e-01 1.442346e+02
9.813433e-01 3.290257e-02 1.894277e-01 6.984462e+01 -2.849114e-02 9.992567e-01 -2.596524e-02 -7.612956e+00 -1.901412e-01 2.008380e-02 9.815513e-01 1.458298e+02
9.833609e-01 2.646368e-02 1.797248e-01 7.013150e+01 -2.542474e-02 9.996440e-01 -8.082177e-03 -7.668862e+00 -1.798747e-01 3.378240e-03 9.836837e-01 1.474395e+02
9.845163e-01 3.687818e-02 1.713701e-01 7.037981e+01 -3.585879e-02 9.993159e-01 -9.041220e-03 -7.712080e+00 -1.715862e-01 2.756104e-03 9.851652e-01 1.490330e+02
9.869512e-01 3.436872e-02 1.573096e-01 7.063407e+01 -3.068028e-02 9.991958e-01 -2.581629e-02 -7.751909e+00 -1.580703e-01 2.065311e-02 9.872118e-01 1.506153e+02
9.888875e-01 3.991791e-02 1.432067e-01 7.085703e+01 -3.731589e-02 9.990868e-01 -2.081080e-02 -7.812429e+00 -1.439066e-01 1.523565e-02 9.894739e-01 1.522370e+02
9.909259e-01 4.849401e-02 1.253563e-01 7.105219e+01 -4.546236e-02 9.986028e-01 -2.693473e-02 -7.868414e+00 -1.264873e-01 2.099133e-02 9.917460e-01 1.538549e+02
9.929566e-01 4.708196e-02 1.087220e-01 7.123668e+01 -4.431524e-02 9.986327e-01 -2.772649e-02 -7.916918e+00 -1.098787e-01 2.271316e-02 9.936854e-01 1.554826e+02
9.941880e-01 5.348146e-02 9.343488e-02 7.136837e+01 -5.238072e-02 9.985263e-01 -1.419561e-02 -7.966304e+00 -9.405638e-02 9.218918e-03 9.955241e-01 1.571360e+02
9.954223e-01 5.249755e-02 7.986537e-02 7.149070e+01 -5.197701e-02 9.986114e-01 -8.584225e-03 -8.012612e+00 -8.020511e-02 4.393765e-03 9.967686e-01 1.587800e+02
9.958975e-01 5.644942e-02 7.072225e-02 7.159206e+01 -5.546812e-02 9.983360e-01 -1.576487e-02 -8.062682e+00 -7.149448e-02 1.177736e-02 9.973714e-01 1.604205e+02
9.958600e-01 6.437660e-02 6.417679e-02 7.166501e+01 -6.289692e-02 9.977114e-01 -2.481823e-02 -8.105358e+00 -6.562762e-02 2.067896e-02 9.976298e-01 1.620549e+02
9.958828e-01 6.825485e-02 5.965502e-02 7.173958e+01 -6.785743e-02 9.976574e-01 -8.664995e-03 -8.140372e+00 -6.010669e-02 4.581283e-03 9.981814e-01 1.637286e+02
9.960001e-01 6.906583e-02 5.669062e-02 7.177540e+01 -6.916226e-02 9.976054e-01 -2.616200e-04 -8.158203e+00 -5.657294e-02 -3.660277e-03 9.983917e-01 1.645638e+02
9.973506e-01 5.623046e-02 4.615245e-02 7.185566e+01 -5.577477e-02 9.983816e-01 -1.110362e-02 -8.188372e+00 -4.670211e-02 8.500062e-03 9.988726e-01 1.662010e+02
9.979639e-01 5.517487e-02 3.199794e-02 7.190149e+01 -5.468822e-02 9.983770e-01 -1.589030e-02 -8.209715e+00 -3.282275e-02 1.410803e-02 9.993616e-01 1.678465e+02
9.990975e-01 4.078690e-02 1.185966e-02 7.194420e+01 -4.075076e-02 9.991640e-01 -3.273653e-03 -8.251269e+00 -1.198327e-02 2.787409e-03 9.999243e-01 1.703582e+02
9.993260e-01 3.624932e-02 5.790517e-03 7.195036e+01 -3.623788e-02 9.993410e-01 -2.069112e-03 -8.265898e+00 -5.861705e-03 1.857882e-03 9.999810e-01 1.712012e+02
9.996479e-01 2.528590e-02 -8.050398e-03 7.194423e+01 -2.542603e-02 9.995181e-01 -1.780696e-02 -8.295895e+00 7.596253e-03 1.800538e-02 9.998090e-01 1.728670e+02
9.997990e-01 1.295244e-02 -1.530398e-02 7.194610e+01 -1.333594e-02 9.995928e-01 -2.522779e-02 -8.314995e+00 1.497098e-02 2.542681e-02 9.995645e-01 1.736993e+02
9.993113e-01 2.637007e-02 -2.610724e-02 7.188077e+01 -2.645667e-02 9.996455e-01 -2.976997e-03 -8.350218e+00 2.601948e-02 3.665657e-03 9.996547e-01 1.754112e+02
9.988864e-01 3.211212e-02 -3.456697e-02 7.180048e+01 -3.201024e-02 9.994814e-01 3.496713e-03 -8.380943e+00 3.466132e-02 -2.386321e-03 9.993962e-01 1.771104e+02
9.987805e-01 3.298445e-02 -3.673766e-02 7.175930e+01 -3.325968e-02 9.994229e-01 -6.905757e-03 -8.392488e+00 3.648868e-02 8.119217e-03 9.993010e-01 1.779477e+02
9.981639e-01 4.382976e-02 -4.180851e-02 7.166001e+01 -4.470847e-02 9.987934e-01 -2.031881e-02 -8.427651e+00 4.086750e-02 2.215070e-02 9.989190e-01 1.796316e+02
9.982984e-01 3.770733e-02 -4.448140e-02 7.158675e+01 -3.805675e-02 9.992508e-01 -7.034446e-03 -8.471918e+00 4.418282e-02 8.715292e-03 9.989854e-01 1.813511e+02
9.982172e-01 3.836984e-02 -4.571952e-02 7.149582e+01 -3.851832e-02 9.992551e-01 -2.370550e-03 -8.518990e+00 4.559450e-02 4.127362e-03 9.989514e-01 1.830694e+02
9.981548e-01 3.713477e-02 -4.804330e-02 7.145164e+01 -3.766269e-02 9.992391e-01 -1.012985e-02 -8.543212e+00 4.763058e-02 1.192060e-02 9.987938e-01 1.839180e+02
9.984731e-01 1.547705e-02 -5.302878e-02 7.138986e+01 -1.690010e-02 9.995061e-01 -2.649288e-02 -8.596086e+00 5.259256e-02 2.734862e-02 9.982414e-01 1.856110e+02
9.982214e-01 2.292478e-02 -5.503216e-02 7.128399e+01 -2.362423e-02 9.996477e-01 -1.209310e-02 -8.659180e+00 5.473554e-02 1.337168e-02 9.984113e-01 1.873332e+02
9.980787e-01 2.529689e-02 -5.656048e-02 7.122920e+01 -2.571834e-02 9.996465e-01 -6.735662e-03 -8.688115e+00 5.637009e-02 8.177361e-03 9.983764e-01 1.881818e+02
9.980717e-01 2.293392e-02 -5.768076e-02 7.118264e+01 -2.358163e-02 9.996660e-01 -1.057360e-02 -8.712856e+00 5.741900e-02 1.191341e-02 9.982790e-01 1.890202e+02
9.978588e-01 3.003041e-02 -5.810388e-02 7.107577e+01 -3.115242e-02 9.993434e-01 -1.850161e-02 -8.761375e+00 5.751011e-02 2.027207e-02 9.981390e-01 1.906947e+02
9.975674e-01 3.693481e-02 -5.912010e-02 7.096425e+01 -3.766129e-02 9.992275e-01 -1.122112e-02 -8.816710e+00 5.865998e-02 1.342036e-02 9.981878e-01 1.923732e+02
9.974328e-01 4.009581e-02 -5.933112e-02 7.090819e+01 -4.066337e-02 9.991377e-01 -8.389275e-03 -8.838886e+00 5.894358e-02 1.078034e-02 9.982030e-01 1.932083e+02
9.972334e-01 4.411351e-02 -5.982968e-02 7.084733e+01 -4.469685e-02 9.989649e-01 -8.446293e-03 -8.861377e+00 5.939515e-02 1.109712e-02 9.981728e-01 1.940400e+02
9.972752e-01 4.218303e-02 -6.052129e-02 7.079115e+01 -4.291190e-02 9.990205e-01 -1.079394e-02 -8.884907e+00 6.000668e-02 1.336161e-02 9.981085e-01 1.948635e+02
9.969926e-01 4.514267e-02 -6.299117e-02 7.067083e+01 -4.633030e-02 9.987725e-01 -1.752171e-02 -8.923746e+00 6.212287e-02 2.038741e-02 9.978602e-01 1.964897e+02
9.971780e-01 4.511427e-02 -6.000663e-02 7.062911e+01 -4.628586e-02 9.987610e-01 -1.827907e-02 -8.938874e+00 5.910763e-02 2.100494e-02 9.980305e-01 1.971957e+02
9.973545e-01 4.508963e-02 -5.701710e-02 7.058733e+01 -4.624100e-02 9.987489e-01 -1.903726e-02 -8.954024e+00 5.608737e-02 2.162342e-02 9.981916e-01 1.979026e+02
9.976800e-01 4.505178e-02 -5.104010e-02 7.050380e+01 -4.615029e-02 9.987230e-01 -2.055182e-02 -8.984301e+00 5.004903e-02 2.285965e-02 9.984851e-01 1.993157e+02
9.979689e-01 4.502913e-02 -4.506211e-02 7.042027e+01 -4.605821e-02 9.986950e-01 -2.206497e-02 -9.014570e+00 4.400973e-02 2.409563e-02 9.987404e-01 2.007284e+02
9.982214e-01 4.502167e-02 -3.907941e-02 7.033667e+01 -4.596471e-02 9.986648e-01 -2.357770e-02 -9.044849e+00 3.796572e-02 2.533204e-02 9.989578e-01 2.021417e+02
9.984373e-01 4.502940e-02 -3.309705e-02 7.025308e+01 -4.586987e-02 9.986323e-01 -2.508878e-02 -9.075116e+00 3.192205e-02 2.656773e-02 9.991371e-01 2.035546e+02
9.986166e-01 4.505231e-02 -2.711672e-02 7.016952e+01 -4.577371e-02 9.985977e-01 -2.659784e-02 -9.105362e+00 2.588040e-02 2.780227e-02 9.992783e-01 2.049666e+02
9.987594e-01 4.509040e-02 -2.113323e-02 7.008590e+01 -4.567615e-02 9.985608e-01 -2.810624e-02 -9.135614e+00 1.983549e-02 2.903665e-02 9.993815e-01 2.063790e+02
9.988567e-01 4.517153e-02 -1.565232e-02 6.999905e+01 -4.562219e-02 9.985159e-01 -2.974193e-02 -9.165290e+00 1.428560e-02 3.042201e-02 9.994350e-01 2.077971e+02
9.991350e-01 4.154088e-02 -1.912342e-03 6.998306e+01 -4.157468e-02 9.988516e-01 -2.381015e-02 -9.208113e+00 9.210518e-04 2.386905e-02 9.997146e-01 2.090931e+02
9.995600e-01 2.799323e-02 9.815266e-03 7.000778e+01 -2.783387e-02 9.994843e-01 -1.601343e-02 -9.261371e+00 -1.025847e-02 1.573319e-02 9.998235e-01 2.103757e+02
9.993972e-01 3.154472e-02 1.450058e-02 7.001951e+01 -3.133748e-02 9.994065e-01 -1.430386e-02 -9.302230e+00 -1.494319e-02 1.384082e-02 9.997925e-01 2.116498e+02
9.993983e-01 3.193726e-02 1.353550e-02 7.003039e+01 -3.180250e-02 9.994435e-01 -1.005720e-02 -9.333416e+00 -1.384917e-02 9.620679e-03 9.998578e-01 2.129445e+02
9.990170e-01 4.213031e-02 1.378874e-02 7.001762e+01 -4.197964e-02 9.990574e-01 -1.103998e-02 -9.361494e+00 -1.424087e-02 1.045028e-02 9.998439e-01 2.142524e+02
9.989009e-01 4.575401e-02 1.018246e-02 7.000644e+01 -4.544509e-02 9.985532e-01 -2.874302e-02 -9.397152e+00 -1.148284e-02 2.824868e-02 9.995349e-01 2.155565e+02
9.991864e-01 4.023503e-02 2.775105e-03 7.000612e+01 -4.014078e-02 9.987944e-01 -2.825507e-02 -9.429329e+00 -3.908602e-03 2.812068e-02 9.995968e-01 2.168933e+02
9.989962e-01 4.456999e-02 -4.497923e-03 6.997211e+01 -4.457970e-02 9.990036e-01 -2.080989e-03 -9.473975e+00 4.400691e-03 2.279416e-03 9.999877e-01 2.182707e+02
9.993067e-01 3.538900e-02 -1.156541e-02 6.995651e+01 -3.531205e-02 9.993532e-01 6.791368e-03 -9.495411e+00 1.179826e-02 -6.378259e-03 9.999100e-01 2.196463e+02
9.990883e-01 4.036912e-02 -1.389429e-02 6.993436e+01 -4.034287e-02 9.991835e-01 2.164684e-03 -9.510323e+00 1.397033e-02 -1.602174e-03 9.999011e-01 2.203174e+02
9.995047e-01 2.253595e-02 -2.196621e-02 6.997285e+01 -2.273633e-02 9.997017e-01 -8.915106e-03 -9.591872e+00 2.175874e-02 9.410120e-03 9.997189e-01 2.223055e+02
9.996094e-01 1.212864e-02 -2.518004e-02 6.998430e+01 -1.213886e-02 9.999263e-01 -2.531299e-04 -9.650603e+00 2.517511e-02 5.586885e-04 9.996828e-01 2.236723e+02
9.996142e-01 3.849148e-03 -2.751025e-02 6.998542e+01 -4.102379e-03 9.999497e-01 -9.154463e-03 -9.716608e+00 2.747363e-02 9.263787e-03 9.995795e-01 2.250278e+02
9.994670e-01 -8.991090e-03 -3.138530e-02 6.996118e+01 8.999502e-03 9.999595e-01 1.267407e-04 -9.818999e+00 3.138288e-02 -4.091245e-04 9.995073e-01 2.277732e+02
9.993829e-01 -1.412937e-02 -3.216079e-02 6.990717e+01 1.335457e-02 9.996184e-01 -2.417986e-02 -9.909781e+00 3.249016e-02 2.373544e-02 9.991901e-01 2.304543e+02
9.994183e-01 -1.238982e-02 -3.177627e-02 6.987145e+01 1.184129e-02 9.997786e-01 -1.739299e-02 -9.964503e+00 3.198473e-02 1.700660e-02 9.993436e-01 2.317690e+02
9.978259e-01 -2.916094e-02 -5.910287e-02 6.975496e+01 2.896311e-02 9.995716e-01 -4.201377e-03 -1.007841e+01 5.920007e-02 2.480440e-03 9.982430e-01 2.358968e+02
9.968748e-01 -2.993489e-02 -7.310717e-02 6.971456e+01 2.942164e-02 9.995343e-01 -8.087593e-03 -1.008536e+01 7.331523e-02 5.911384e-03 9.972912e-01 2.364174e+02
9.856528e-01 -3.228651e-02 -1.656692e-01 6.942542e+01 3.177041e-02 9.994785e-01 -5.765007e-03 -1.010590e+01 1.657689e-01 4.189171e-04 9.861645e-01 2.384416e+02
6.901781e-01 6.672397e-02 -7.205569e-01 6.633224e+01 -6.457326e-02 9.974463e-01 3.051326e-02 -1.016386e+01 7.207527e-01 2.546912e-02 6.927241e-01 2.433442e+02
6.054692e-01 8.074954e-02 -7.917618e-01 6.562105e+01 -7.027296e-02 9.963781e-01 4.787927e-02 -1.013305e+01 7.927602e-01 2.665002e-02 6.089506e-01 2.437845e+02
5.598590e-01 8.423029e-02 -8.242956e-01 6.526011e+01 -7.033104e-02 9.960603e-01 5.401338e-02 -1.011788e+01 8.255976e-01 2.773368e-02 5.635773e-01 2.439919e+02
2.119977e-01 6.361948e-02 -9.751972e-01 6.240525e+01 -4.089409e-02 9.975822e-01 5.618988e-02 -9.929802e+00 9.764141e-01 2.796767e-02 2.140868e-01 2.448251e+02
1.290802e-01 6.165050e-02 -9.897159e-01 6.145894e+01 -3.658882e-02 9.976820e-01 5.737475e-02 -9.873647e+00 9.909589e-01 2.880659e-02 1.310367e-01 2.449260e+02
9.339541e-02 6.112447e-02 -9.937511e-01 6.096195e+01 -3.577600e-02 9.976751e-01 5.800353e-02 -9.844318e+00 9.949861e-01 3.013517e-02 9.536506e-02 2.449414e+02
3.857869e-02 5.591526e-02 -9.976899e-01 5.994742e+01 -3.609550e-02 9.978595e-01 5.452904e-02 -9.779054e+00 9.986034e-01 3.390845e-02 4.051440e-02 2.449520e+02
-3.900133e-02 4.809847e-02 -9.980809e-01 5.659598e+01 -4.432450e-02 9.977744e-01 4.981575e-02 -9.598446e+00 9.982556e-01 4.618231e-02 -3.678258e-02 2.448240e+02
-4.089244e-02 4.857652e-02 -9.979821e-01 5.598115e+01 -4.394532e-02 9.977635e-01 5.036655e-02 -9.567377e+00 9.981966e-01 4.591625e-02 -3.866627e-02 2.447978e+02
-4.211898e-02 4.942055e-02 -9.978896e-01 5.469404e+01 -4.335224e-02 9.977448e-01 5.124320e-02 -9.501856e+00 9.981716e-01 4.541906e-02 -3.988150e-02 2.447438e+02
-4.120315e-02 4.791619e-02 -9.980012e-01 5.333773e+01 -4.132406e-02 9.979130e-01 4.961806e-02 -9.428068e+00 9.982958e-01 4.328588e-02 -3.913707e-02 2.446758e+02
-4.177101e-02 4.275942e-02 -9.982118e-01 5.120668e+01 -3.860585e-02 9.982686e-01 4.437736e-02 -9.271451e+00 9.983810e-01 4.039050e-02 -4.004792e-02 2.444614e+02
-4.144332e-02 4.258583e-02 -9.982329e-01 5.045197e+01 -3.928489e-02 9.982492e-01 4.421751e-02 -9.222874e+00 9.983682e-01 4.104799e-02 -3.969778e-02 2.443907e+02
-3.772664e-02 4.382670e-02 -9.983266e-01 4.722454e+01 -3.113691e-02 9.985011e-01 4.501103e-02 -9.074933e+00 9.988028e-01 3.278292e-02 -3.630546e-02 2.441891e+02
-3.616752e-02 5.496909e-02 -9.978328e-01 4.465008e+01 -2.748700e-02 9.980536e-01 5.597756e-02 -8.966351e+00 9.989676e-01 2.945200e-02 -3.458619e-02 2.440565e+02
-3.588490e-02 5.657377e-02 -9.977533e-01 4.378198e+01 -2.660232e-02 9.979885e-01 5.754389e-02 -8.926032e+00 9.990018e-01 2.860751e-02 -3.430772e-02 2.440160e+02
-3.699745e-02 5.340815e-02 -9.978872e-01 4.292179e+01 -2.705227e-02 9.981513e-01 5.442528e-02 -8.888812e+00 9.989491e-01 2.900871e-02 -3.548424e-02 2.439692e+02
-4.063027e-02 4.763625e-02 -9.980381e-01 4.119342e+01 -2.332629e-02 9.985454e-01 4.861009e-02 -8.814679e+00 9.989019e-01 2.525557e-02 -3.945999e-02 2.438841e+02
-4.653298e-02 5.881119e-02 -9.971840e-01 3.944834e+01 -1.901639e-02 9.980323e-01 5.974862e-02 -8.740525e+00 9.987357e-01 2.174312e-02 -4.532304e-02 2.437937e+02
-5.359497e-02 6.149026e-02 -9.966677e-01 3.683197e+01 -1.382364e-02 9.979609e-01 6.231341e-02 -8.584315e+00 9.984670e-01 1.711726e-02 -5.263566e-02 2.437018e+02
-5.780494e-02 5.654442e-02 -9.967253e-01 3.509489e+01 -1.698818e-02 9.981944e-01 5.761300e-02 -8.481095e+00 9.981833e-01 2.026286e-02 -5.673998e-02 2.436298e+02
-6.055939e-02 5.494748e-02 -9.966511e-01 3.334194e+01 -2.093509e-02 9.981941e-01 5.630464e-02 -8.373309e+00 9.979450e-01 2.427476e-02 -5.929969e-02 2.435406e+02
-6.131504e-02 5.187698e-02 -9.967694e-01 3.247295e+01 -2.518677e-02 9.982500e-01 5.350338e-02 -8.324969e+00 9.978006e-01 2.838596e-02 -5.990112e-02 2.434890e+02
-6.184715e-02 4.853574e-02 -9.969048e-01 3.159247e+01 -2.759989e-02 9.983518e-01 5.031847e-02 -8.284474e+00 9.977039e-01 3.062651e-02 -6.040563e-02 2.434415e+02
-5.931853e-02 4.758689e-02 -9.971042e-01 2.985195e+01 -3.021690e-02 9.983198e-01 4.944254e-02 -8.214500e+00 9.977816e-01 3.306226e-02 -5.778093e-02 2.433482e+02
-5.529084e-02 4.884164e-02 -9.972750e-01 2.812453e+01 -2.810314e-02 9.983310e-01 5.045146e-02 -8.151992e+00 9.980747e-01 3.081606e-02 -5.382595e-02 2.432849e+02
-5.309253e-02 4.992647e-02 -9.973408e-01 2.726420e+01 -2.598840e-02 9.983420e-01 5.136007e-02 -8.118056e+00 9.982513e-01 2.864613e-02 -5.170699e-02 2.432585e+02
-5.123993e-02 5.223599e-02 -9.973194e-01 2.641452e+01 -2.135718e-02 9.983455e-01 5.338702e-02 -8.084825e+00 9.984579e-01 2.403548e-02 -5.003954e-02 2.432298e+02
-4.922633e-02 5.241439e-02 -9.974114e-01 2.556309e+01 -1.550442e-02 9.984616e-01 5.323480e-02 -8.045766e+00 9.986673e-01 1.808484e-02 -4.833795e-02 2.432081e+02
-4.553925e-02 5.028750e-02 -9.976960e-01 2.388069e+01 -1.697085e-02 9.985491e-01 5.110513e-02 -7.985757e+00 9.988183e-01 1.925904e-02 -4.461975e-02 2.431391e+02
-4.473087e-02 5.407644e-02 -9.975344e-01 2.221039e+01 -1.015789e-02 9.984576e-01 5.458199e-02 -7.933477e+00 9.989474e-01 1.257435e-02 -4.411257e-02 2.430910e+02
-4.526291e-02 5.848194e-02 -9.972618e-01 2.138123e+01 -1.198970e-02 9.981812e-01 5.908004e-02 -7.910159e+00 9.989031e-01 1.463101e-02 -4.447940e-02 2.430551e+02
-4.940591e-02 5.985638e-02 -9.969836e-01 1.973633e+01 -1.492180e-02 9.980469e-01 6.065968e-02 -7.865476e+00 9.986673e-01 1.787374e-02 -4.841625e-02 2.429795e+02
-5.227617e-02 5.631150e-02 -9.970438e-01 1.892549e+01 -1.560376e-02 9.982409e-01 5.719725e-02 -7.844050e+00 9.985107e-01 1.854769e-02 -5.130554e-02 2.429405e+02
-6.045013e-02 5.112020e-02 -9.968614e-01 1.731107e+01 -1.704110e-02 9.984893e-01 5.223708e-02 -7.802514e+00 9.980257e-01 2.014535e-02 -5.948766e-02 2.428504e+02
-7.047798e-02 5.090720e-02 -9.962135e-01 1.570147e+01 -2.042675e-02 9.984138e-01 5.246475e-02 -7.748232e+00 9.973041e-01 2.404701e-02 -6.932632e-02 2.427426e+02
-7.951903e-02 5.522067e-02 -9.953027e-01 1.410837e+01 -2.472708e-02 9.980479e-01 5.734854e-02 -7.697842e+00 9.965266e-01 2.917123e-02 -7.799836e-02 2.426121e+02
-8.689516e-02 5.609011e-02 -9.946372e-01 1.254200e+01 -3.297897e-02 9.977045e-01 5.914426e-02 -7.650837e+00 9.956714e-01 3.794146e-02 -8.484590e-02 2.424553e+02
-9.067270e-02 5.368439e-02 -9.944328e-01 1.100912e+01 -4.247981e-02 9.974286e-01 5.771946e-02 -7.604613e+00 9.949743e-01 4.747689e-02 -8.815904e-02 2.422959e+02
