9.998610723357093111e-01 -3.330577719629211619e-03 -1.633227723678052842e-02 3.935856999999999828e-01 3.297588400139155919e-03 9.999924690516369674e-01 -2.046399461073644503e-03 -2.632999999999999924e-03 1.633896993169451847e-02 1.992258031612447258e-03 9.998645253080572504e-01 1.141376999999999947e-01
9.997851112239333204e-01 -3.516705632390579317e-03 -2.042949231974249685e-02 3.922235000000000027e-01 3.446509998492797502e-03 9.999880396088229872e-01 -3.470188486746259536e-03 -2.845799999999999892e-03 2.044145160641960141e-02 3.399032332645497700e-03 9.997852737640338106e-01 1.590812000000000059e-01
9.996796336971537356e-01 -2.159741411519107597e-03 -2.521835617481544417e-02 3.905117000000000171e-01 2.059912525127887035e-03 9.999899426501698274e-01 -3.983887410413220961e-03 -3.219300000000000026e-03 2.522670671160435335e-02 3.930663499384952700e-03 9.996740284477441119e-01 2.050035000000000052e-01
9.994158423491589227e-01 -1.190949966476354850e-03 -3.415487812448697591e-02 3.863854999999999928e-01 1.003921205568213126e-03 9.999844120144476545e-01 -5.492528591863122742e-03 -4.160099999999999909e-03 3.416088704548257693e-02 5.455031282840951123e-03 9.994014590893737227e-01 2.998541000000000123e-01
9.990852788808293194e-01 1.956139872992435254e-03 -4.271743251194715790e-02 3.810862999999999889e-01 -2.160506758941705893e-03 9.999864392559167925e-01 -4.738513988272879951e-03 -4.855299999999999894e-03 4.270758403562577993e-02 4.826470871121018441e-03 9.990759567944622610e-01 3.976824999999999943e-01
9.988887741297489686e-01 1.064364037766820422e-03 -4.711776784571305304e-02 3.783001999999999754e-01 -1.173412503091932676e-03 9.999966968605555895e-01 -2.286781816380978761e-03 -5.079700000000000361e-03 4.711517824082796929e-02 2.339529263174939654e-03 9.988867235989082882e-01 4.483871999999999858e-01
9.987015415463890156e-01 4.747246702662567667e-04 -5.094119697605880431e-02 3.750354000000000187e-01 -4.617711968686783494e-04 9.999998579918929487e-01 2.660517911152420053e-04 -5.523300000000000085e-03 5.094131604334466851e-02 -2.421831564204123032e-04 9.987016189368528307e-01 4.992467999999999906e-01
9.985439237940696433e-01 2.072030880610642445e-03 -5.390490647402115115e-02 3.710740000000000149e-01 -2.089653309216999572e-03 9.999977800715941223e-01 -2.705567054717209472e-04 -6.082200000000000280e-03 5.390422620713936769e-02 3.828053204869998993e-04 9.985460369242352696e-01 5.504723000000000255e-01
9.982001352950012896e-01 -1.109532702789033445e-03 -5.996047726813505396e-02 3.582917999999999936e-01 1.074283872259132206e-03 9.999992306942563358e-01 -6.201008444041921329e-04 -7.204600000000000240e-03 5.996111916236139538e-02 5.545701730786912424e-04 9.982005593269922539e-01 7.061015999999999959e-01
9.981208313983527258e-01 -2.564093969291428299e-03 -6.122280090601694980e-02 3.560132999999999770e-01 2.525112946081273582e-03 9.999965569490665285e-01 -7.140690595815647355e-04 -7.893000000000000710e-03 6.122442105296446724e-02 5.581327162622514706e-04 9.981238694443692605e-01 7.593136000000000330e-01
9.980201754516987434e-01 -7.209183782172179323e-04 -6.289045768677695158e-02 3.534333000000000058e-01 5.368572066772003782e-04 9.999955236565972738e-01 -2.943543970700437419e-03 -8.495700000000000127e-03 6.289229822243716517e-02 2.903953074647866797e-03 9.980160950008973852e-01 8.137269999999999781e-01
9.978048998623816335e-01 3.340280196685131014e-03 -6.613791906939769927e-02 3.458166999999999769e-01 -3.800954372880522084e-03 9.999693779720328912e-01 -6.840750257159860723e-03 -1.006220000000000031e-02 6.611304376957580220e-02 7.077121338029001077e-03 9.977870413054525933e-01 9.221439999999999637e-01
9.976658847173873745e-01 3.640622354550018293e-03 -6.818745001790471605e-02 3.394812999999999859e-01 -4.001287751766839824e-03 9.999787153861783295e-01 -5.153491140582422934e-03 -1.156500000000000063e-02 6.816723675931321558e-02 5.414299906733237126e-03 9.976592169619442618e-01 1.033837099999999953e+00
9.975755049846308786e-01 4.083841281696577036e-03 -6.947254202233058007e-02 3.357981999999999911e-01 -4.347828101886865027e-03 9.999838901490989418e-01 -3.649086607803229357e-03 -1.228330000000000047e-02 6.945652053950746030e-02 3.942294086026165191e-03 9.975771900318712859e-01 1.090533399999999986e+00
9.975173979831625237e-01 3.845925548808527307e-03 -7.031535804910624132e-02 3.314435000000000020e-01 -4.120310053908911481e-03 9.999844517177268743e-01 -3.757574730716272716e-03 -1.292379999999999918e-02 7.029981341341273726e-02 4.037967244825316215e-03 9.975177347067916145e-01 1.147256899999999913e+00
9.973741657937691407e-01 3.503871978028870546e-03 -7.233599579977263716e-02 3.275522000000000156e-01 -3.847276884794201181e-03 9.999819795941249367e-01 -4.608573270192304651e-03 -1.373729999999999916e-02 7.231854442502884395e-02 4.874768525436547380e-03 9.973696730721606230e-01 1.203972199999999937e+00
9.973080235664256721e-01 1.764537303713524432e-03 -7.330479205436277179e-02 3.232712999999999837e-01 -2.185984796338226888e-03 9.999815394192578255e-01 -5.669417180038798486e-03 -1.432800000000000046e-02 7.329343490722578514e-02 5.814398403527604696e-03 9.972934699328503960e-01 1.260967699999999914e+00
9.972477646031105980e-01 3.099042684246263151e-03 -7.407625752250224238e-02 3.145239000000000229e-01 -3.131465657810770641e-03 9.999950452494349440e-01 -3.215577935101864709e-04 -1.601759999999999989e-02 7.407489397179589652e-02 5.526400472596046170e-04 9.972525280349232579e-01 1.376604099999999997e+00
9.973166251803653459e-01 3.924101859860942149e-03 -7.310369733084592925e-02 3.097886999999999724e-01 -3.673984518597528566e-03 9.999869298228076797e-01 3.555562024795723593e-03 -1.670220000000000038e-02 7.311669424012276486e-02 -3.277439266942970379e-03 9.973180071648399814e-01 1.434940600000000011e+00
9.974375406727735704e-01 2.859854751970397624e-03 -7.148547885722641992e-02 3.055063000000000084e-01 -2.397147002497784611e-03 9.999756248032467543e-01 6.557704293789484197e-03 -1.726859999999999853e-02 7.150249046640089201e-02 -6.369539241891950497e-03 9.974200834287167972e-01 1.493635499999999894e+00
9.975176173925990319e-01 3.030741939912440404e-03 -7.035209730126075478e-02 3.016649000000000136e-01 -2.537364884407187528e-03 9.999715664320344422e-01 7.101275019800261032e-03 -1.739620000000000055e-02 7.037161907214996293e-02 -6.905137996964121061e-03 9.974969445058000650e-01 1.552666099999999938e+00
9.976261032910751503e-01 3.352911967153653690e-03 -6.878165462974454580e-02 2.971809000000000256e-01 -3.064062480020389532e-03 9.999860409388305893e-01 4.304584602697854485e-03 -1.778599999999999973e-02 6.879512739564826174e-02 -4.083614676211500157e-03 9.976224508990325646e-01 1.611704000000000025e+00
9.977612834354483429e-01 3.195832790240842828e-03 -6.679975995483622420e-02 2.887670999999999988e-01 -3.432843663003309464e-03 9.999882129325087243e-01 -3.433595845889987619e-03 -1.867759999999999906e-02 6.678799938336449360e-02 3.655222130644919867e-03 9.977604935502023542e-01 1.730369899999999905e+00
9.978002712904958660e-01 6.119277701849782508e-04 -6.628909530998992883e-02 2.852671999999999985e-01 -7.705103674682919814e-04 9.999969024042105747e-01 -2.366747928573160412e-03 -1.941539999999999933e-02 6.628744169438489930e-02 2.412618160392959819e-03 9.977976520052678211e-01 1.790606700000000107e+00
9.977146546994254406e-01 -5.182423776487309584e-03 -6.736920870699769637e-02 2.774584999999999968e-01 5.613347496270322014e-03 9.999649704247740578e-01 6.208723964454166029e-03 -2.077079999999999899e-02 6.733467255353833836e-02 -6.572701665340575407e-03 9.977087959244050897e-01 1.912033600000000000e+00
9.974535177576436817e-01 -1.463929541830403039e-02 -6.980093797763414765e-02 2.695150000000000046e-01 1.477634573750129590e-02 9.998897761138281215e-01 1.447490823604656758e-03 -2.153419999999999987e-02 6.977205400120978229e-02 -2.475207606285780362e-03 9.975598898450949159e-01 2.033704999999999874e+00
9.973522323263068756e-01 -1.449955856148250552e-02 -7.126210406137700737e-02 2.650643999999999778e-01 1.436290331584348309e-02 9.998938961239977052e-01 -2.429712392806547376e-03 -2.201830000000000107e-02 7.128977263305108503e-02 1.399748368159367930e-03 9.974546651464585301e-01 2.095057199999999842e+00
9.971981109283473144e-01 -1.290193295384158521e-02 -7.368492170715849887e-02 2.605292000000000163e-01 1.268169814962130833e-02 9.999136116673990049e-01 -3.455970818731932126e-03 -2.247040000000000148e-02 7.372314489342808586e-02 2.511837636594313992e-03 9.972755830655385401e-01 2.156981699999999780e+00
9.971405425004182810e-01 -1.271345375448152890e-02 -7.449232574973180254e-02 2.557399000000000200e-01 1.257523923251707004e-02 9.999182274388090930e-01 -2.324175956104454228e-03 -2.296329999999999899e-02 7.451578262500138661e-02 1.380771256446954639e-03 9.972188784868248890e-01 2.219239500000000032e+00
9.970133857306081593e-01 -9.352263360941517542e-03 -7.666057555234705168e-02 2.450942999999999872e-01 9.529609944519431067e-03 9.999526949761126104e-01 1.947907676163960350e-03 -2.478429999999999869e-02 7.663873177639903000e-02 -2.672635410439100703e-03 9.970553454105083313e-01 2.343428400000000078e+00
9.969584475886917874e-01 -8.073705723849503371e-03 -7.751560525100986698e-02 2.349546999999999886e-01 8.680211322729136994e-03 9.999342705929455954e-01 7.490555730166582014e-03 -2.566639999999999894e-02 7.745003365356578628e-02 -8.140624646711473386e-03 9.969629995729143435e-01 2.468145799999999834e+00
9.969407339820353098e-01 -2.634468578665592926e-03 -7.811678758544060575e-02 2.242379999999999929e-01 3.365671616396763259e-03 9.999517366514145689e-01 9.230201644098774694e-03 -2.615110000000000004e-02 7.808870073148485580e-02 -9.464879456610432451e-03 9.969014850399915417e-01 2.592118999999999840e+00
9.969338104814422508e-01 -2.647249228067976787e-03 -7.820466476161302971e-02 2.194730000000000014e-01 3.233795677221481396e-03 9.999675794580061838e-01 7.374455804594154569e-03 -2.643039999999999973e-02 7.818260730155887628e-02 -7.604742232345700244e-03 9.969100500100848139e-01 2.653590400000000127e+00
9.969219182887749664e-01 -5.955988790706200336e-04 -7.839855928143324437e-02 2.143115999999999910e-01 9.923726181137902322e-04 9.999868966699225759e-01 5.022119576865546886e-03 -2.657649999999999943e-02 7.839454083044283816e-02 -5.084461665974876129e-03 9.969094463478371804e-01 2.715137700000000098e+00
9.968449164194614909e-01 -6.997269542255369268e-04 -7.937079431923635409e-02 2.093966999999999912e-01 1.110037777403663928e-03 9.999862482331984825e-01 5.125540032502430045e-03 -2.717009999999999911e-02 7.936611635206630710e-02 -5.197473105421376686e-03 9.968319847639866005e-01 2.776278000000000024e+00
9.966443469347467943e-01 -2.651772061618044591e-03 -8.181084175062194874e-02 1.996806000000000136e-01 3.267214038705908759e-03 9.999673576289277444e-01 7.389789512917225960e-03 -2.823420000000000096e-02 8.178857521339621961e-02 -7.632285473772607888e-03 9.966204780070543334e-01 2.898430799999999863e+00
9.966371862595172493e-01 -2.192003992736341631e-04 -8.194065484176604741e-02 1.941410000000000080e-01 5.581436002531697457e-04 9.999913834948989111e-01 4.113564352197400693e-03 -2.909079999999999999e-02 8.193904710474717024e-02 -4.145465853571956259e-03 9.966287210754178894e-01 2.958891200000000055e+00
9.965805075924722978e-01 3.894865769135922337e-04 -8.262651019459039958e-02 1.886911000000000005e-01 -4.026354332406538385e-04 9.999999087930094843e-01 -1.424734388063608249e-04 -2.964539999999999884e-02 8.262644716698307190e-02 1.752546126934502956e-04 9.965805735184599667e-01 3.018727099999999997e+00
9.965042563280105403e-01 1.226366246263980997e-03 -8.353300632677307380e-02 1.838957999999999982e-01 -1.320204951780148354e-03 9.999985580613700575e-01 -1.068145152181843678e-03 -3.046360000000000040e-02 8.353157594014362641e-02 1.174691879115026061e-03 9.965044384848193992e-01 3.078790699999999880e+00
9.964847356927289956e-01 -1.749959965524635979e-04 -8.377434516481287174e-02 1.787799999999999945e-01 3.721221766870131775e-04 9.999971989162468322e-01 2.337452618962264535e-03 -3.111879999999999855e-02 8.377370146100525383e-02 -2.360410146874148546e-03 9.964820095754166607e-01 3.138971800000000201e+00
9.964635240431142238e-01 -1.947607592731481589e-03 -8.400388131653566126e-02 1.737674999999999914e-01 2.407720065114223387e-03 9.999826489039947974e-01 5.376316121466817415e-03 -3.183629999999999793e-02 8.399195280302704236e-02 -5.559560739359929900e-03 9.964509236027228045e-01 3.198596699999999959e+00
9.964371101689918353e-01 -3.801006054887347708e-03 -8.425341435834630965e-02 1.687509000000000092e-01 4.321710424084852613e-03 9.999726688693287846e-01 5.998694304761693907e-03 -3.244280000000000080e-02 8.422831054389516570e-02 -6.341440476921138270e-03 9.964263032636175854e-01 3.258155599999999819e+00
9.963207383731526035e-01 -9.857604235152172753e-03 -8.513409379513581232e-02 1.590647000000000033e-01 1.020827157456688679e-02 9.999411055534869197e-01 3.684645970792840928e-03 -3.387500000000000233e-02 8.509275808807564845e-02 -4.540161143979381392e-03 9.963626897158237572e-01 3.376043600000000033e+00
9.961047874064845598e-01 -1.453414086439304767e-02 -8.697132432713745864e-02 1.486475999999999908e-01 1.534639256377698380e-02 9.998445785966660893e-01 8.677954029249842008e-03 -3.441899999999999821e-02 8.683168051558488865e-02 -9.978847638344978330e-03 9.961730180338403962e-01 3.493307399999999951e+00
9.960017267138416841e-01 -1.387823733475076170e-02 -8.824939043147125850e-02 1.382506000000000013e-01 1.535786501159182478e-02 9.997522780123224706e-01 1.610958073500558946e-02 -3.490780000000000272e-02 8.800395653225850934e-02 -1.740049245430340397e-02 9.959681352819558242e-01 3.610418099999999964e+00
9.957720768336524308e-01 -1.107568260253505646e-02 -9.118826817788805439e-02 1.274988999999999983e-01 1.152831730581762443e-02 9.999236959048181106e-01 4.438498411070229861e-03 -3.548199999999999965e-02 9.113215073996067117e-02 -5.470980070936955382e-03 9.958237793297428642e-01 3.724515900000000101e+00
9.957091323893949575e-01 -9.424971745163945175e-03 -9.205701268214810939e-02 1.219607000000000052e-01 9.435164132517975116e-03 9.999554351953013898e-01 -3.245014141504309522e-04 -3.603989999999999971e-02 9.205596859601641868e-02 -5.454640026624985386e-04 9.957536849617333319e-01 3.780741200000000024e+00
9.955698079891769359e-01 -2.038599444059169524e-03 -9.400319958756760130e-02 1.104440000000000005e-01 2.330548333744570603e-03 9.999927960721362030e-01 2.996055455935728914e-03 -3.756509999999999710e-02 9.399641463831197308e-02 -3.201861355156323478e-03 9.955673870306344098e-01 3.891628299999999818e+00
9.954623527984205467e-01 5.371425576813420796e-04 -9.515469320483113669e-02 1.048139000000000015e-01 -1.017298074607567333e-04 9.999895036711746732e-01 4.580632982900370749e-03 -3.844070000000000126e-02 9.515615488279821621e-02 -4.550167617845335584e-03 9.954519587416413851e-01 3.945607400000000098e+00
9.952099225870679744e-01 3.130514178490530555e-03 -9.771084824736966934e-02 9.357260000000000577e-02 -2.655327630782996010e-03 9.999840102086866578e-01 4.992851101979845982e-03 -3.943050000000000027e-02 9.772491606246297424e-02 -4.709480643511634868e-03 9.952023219288894662e-01 4.051435900000000423e+00
9.949205968942670397e-01 3.647757291610881879e-03 -1.005967183475529741e-01 8.316900000000000681e-02 -3.044897462823445769e-03 9.999764790231570055e-01 6.145730216228211841e-03 -4.099209999999999660e-02 1.006167703466787494e-01 -5.808206882616076365e-03 9.949083024368690076e-01 4.153410000000000046e+00
9.947854440737301518e-01 3.285576783102883876e-03 -1.019368689151958357e-01 7.802340000000000664e-02 -2.551960110787445876e-03 9.999699055981055018e-01 7.326349548639640025e-03 -4.140119999999999911e-02 1.019578724700767464e-01 -7.028007065892709002e-03 9.947638912616688645e-01 4.203104999999999869e+00
9.945342354946352659e-01 7.875598056561829152e-03 -1.041135408309253746e-01 6.674370000000000303e-02 -6.433266017141003879e-03 9.998787344277015876e-01 1.418201422966855300e-02 -4.243240000000000206e-02 1.042126072865178082e-01 -1.343470857552563937e-02 9.944642985487396336e-01 4.300799399999999828e+00
9.941741204856346936e-01 1.359817774834610159e-02 -1.069247759807759046e-01 5.539970000000000311e-02 -1.240026604504505976e-02 9.998527733675639517e-01 1.186022728293015943e-02 -4.318869999999999654e-02 1.070703112848133409e-01 -1.046523535879835543e-02 9.941963725996278978e-01 4.393415899999999930e+00
9.937518773510535253e-01 1.596750918222369919e-02 -1.104637719425345804e-01 3.385239999999999777e-02 -1.592495711267693376e-02 9.998723864193022060e-01 1.267524015178937875e-03 -4.532920000000000005e-02 1.104699144664106764e-01 4.995264610177737891e-04 9.938793430145828056e-01 4.564840300000000184e+00
9.935005353901653624e-01 1.298325309675218281e-02 -1.130845759530477862e-01 2.387550000000000089e-02 -1.300361861154043092e-02 9.999152939281179542e-01 5.575586526791073650e-04 -4.731110000000000176e-02 1.130822359279323591e-01 9.165738765930972172e-04 9.935852091340069414e-01 4.642922399999999783e+00
9.944401860044493890e-01 8.130229248863224401e-03 -1.049886462042300683e-01 4.354399999999999590e-03 -8.838838258567408707e-03 9.999411796611066272e-01 -6.285869565416889009e-03 -5.049750000000000072e-02 1.049313651758850829e-01 7.178898962618025618e-03 9.944535544770352065e-01 4.785419000000000089e+00
9.954253728476767371e-01 2.774389136923727933e-03 -9.550198875406029630e-02 -2.853200000000000180e-03 -2.662980865178679254e-03 9.999956170566969282e-01 1.293986208443960017e-03 -5.225769999999999721e-02 9.550516019553828562e-02 -1.033746735361508549e-03 9.954283980998893666e-01 4.850705099999999881e+00
9.993609995925496481e-01 6.745400186932585217e-03 3.510116906455074126e-02 -7.748299999999999632e-03 -7.025089831994522742e-03 9.999445043841586056e-01 7.850876688112826823e-03 -5.517520000000000063e-02 -3.504626379847716744e-02 -8.092448840596774828e-03 9.993529264806952916e-01 5.060916399999999982e+00
9.976183866989272175e-01 6.450259600777539550e-03 6.867276513518451309e-02 -4.977600000000000427e-03 -7.103509747493790862e-03 9.999317775561453736e-01 9.272560739869369767e-03 -5.540210000000000273e-02 -6.860826968738460707e-02 -9.738294742401426562e-03 9.975961462165003901e-01 5.089512299999999989e+00
9.888231884260165749e-01 6.610949297673106295e-03 1.489462902538701561e-01 6.480500000000000149e-03 -8.173361757237341055e-03 9.999177865376636110e-01 9.880097327703982885e-03 -5.592230000000000117e-02 -1.488687280411566671e-01 -1.098706125418297264e-02 9.887959275282260929e-01 5.144586999999999577e+00
7.761285780631167475e-01 8.214017075101097756e-03 6.305211814342278620e-01 1.173769000000000062e-01 -8.315181734971402797e-03 9.999615321170781668e-01 -2.791422357851078631e-03 -5.952099999999999752e-02 -6.305198554101519859e-01 -3.076395546001929431e-03 7.761670230845971741e-01 5.339091299999999762e+00
7.348756569507211012e-01 7.666376511633067430e-03 6.781585327137217289e-01 1.325280000000000069e-01 -9.888309824064224485e-03 9.999509360985685547e-01 -5.888331001339280370e-04 -5.992990000000000123e-02 -6.781297738265658070e-01 -6.273122570010824031e-03 7.349154085900990729e-01 5.354349599999999931e+00
6.451442854633097079e-01 5.146374223079884860e-03 7.640434318586813989e-01 1.721657000000000048e-01 -6.169915312131461077e-03 9.999798018213349460e-01 -1.525809426099864743e-03 -6.077239999999999726e-02 -7.640358519592366227e-01 -3.729716037403968919e-03 6.451630074168881457e-01 5.381684299999999865e+00
5.548123365168465826e-01 4.557741624859945606e-03 8.319630389867078701e-01 2.022168000000000021e-01 -2.731144121702171797e-03 9.999895838422396821e-01 -3.656919306035332287e-03 -6.187510000000000232e-02 -8.319710404217828259e-01 -2.433070187669941504e-04 5.548190053532691124e-01 5.400045900000000287e+00
4.660786420348823622e-01 1.050969748934313212e-02 8.846808722345039788e-01 2.350401000000000018e-01 -8.326528132458458839e-03 9.999372658375563772e-01 -7.492217199961303392e-03 -6.316869999999999430e-02 -8.847041134572505294e-01 -3.874357752520129691e-03 4.661369122734501103e-01 5.417761800000000072e+00
4.209130259331164137e-01 7.319807573404332052e-03 9.070714663227569252e-01 2.665065999999999824e-01 -9.947048338271691041e-04 9.999705647860932523e-01 -7.607898768729057931e-03 -6.279700000000000559e-02 -9.071004548351421226e-01 2.299995319560634455e-03 4.209079173161378584e-01 5.429797599999999669e+00
3.116855563107724936e-01 1.497050472306577298e-04 9.501852932852850042e-01 3.473188999999999860e-01 1.513484609064560601e-02 9.998723418191551859e-01 -5.122157640190067203e-03 -6.373180000000000511e-02 -9.500647611721302344e-01 1.597741072506185869e-02 3.116435013368094031e-01 5.449940200000000345e+00
2.813067855045377486e-01 7.993938781280872374e-03 9.595845920875684110e-01 3.684392000000000222e-01 4.025592571171592374e-03 9.999466729609606253e-01 -9.510301717422564582e-03 -6.457599999999999452e-02 -9.596094450522852926e-01 6.538209010624865258e-03 2.812596039060327735e-01 5.456145300000000198e+00
2.250210430263225037e-01 1.434088070543751425e-02 9.742483612179894115e-01 4.290181000000000133e-01 1.791053638660229652e-04 9.998910535439965441e-01 -1.475970744782188759e-02 -6.666260000000000241e-02 -9.743538875155238754e-01 3.495737871904083284e-03 2.249939592525016518e-01 5.467719599999999680e+00
2.017609708635544619e-01 1.541045234608695233e-02 9.793135496840043031e-01 4.555636000000000130e-01 7.244482552814904101e-03 9.998253801737335689e-01 -1.722575493240022237e-02 -6.762559999999999405e-02 -9.794079987976093138e-01 1.057010496343972934e-02 2.016140986447226835e-01 5.471294399999999669e+00
1.814697525345754514e-01 2.160522655102522366e-02 9.831591646832767983e-01 4.825319000000000136e-01 1.462266998785608646e-02 9.995888157284420483e-01 -2.466529937051145649e-02 -6.747789999999999344e-02 -9.832878044791698580e-01 1.885241778365774612e-02 1.810792089287012185e-01 5.474721899999999586e+00
1.444487799564117547e-01 2.917584895630309649e-02 9.890820591875999490e-01 5.384915000000000118e-01 1.433657747926314098e-02 9.993985940331382434e-01 -3.157392580544156335e-02 -6.812360000000000637e-02 -9.894084154257456465e-01 1.874086663592245544e-02 1.439436257791547602e-01 5.482098099999999974e+00
1.293216894212307899e-01 2.463147183084065869e-02 9.912967220972160876e-01 5.681030999999999720e-01 1.258201256624437089e-02 9.995701996474503082e-01 -2.647846174798072771e-02 -6.965570000000000095e-02 -9.915228659012466084e-01 1.589674722082833058e-02 1.289561934254245257e-01 5.485401600000000322e+00
8.970850698878739260e-02 1.823004951820017885e-02 9.958012096138501024e-01 6.633784999999999821e-01 1.860879942284383512e-02 9.996272565643905539e-01 -1.997649913249502363e-02 -7.267339999999999911e-02 -9.957942038181802902e-01 2.032272688676834554e-02 8.933582939673634371e-02 5.493485899999999589e+00
5.483555354183414221e-02 2.132862446770748821e-02 9.982675752753245035e-01 8.431203000000000447e-01 2.694310698628685913e-02 9.993761826204017318e-01 -2.283231475341187741e-02 -7.761859999999999593e-02 -9.981318204794824567e-01 2.814845269972897010e-02 5.422668675961106466e-02 5.502453299999999992e+00
5.060771465471689684e-02 2.137225086884522729e-02 9.984899028584244274e-01 8.812693999999999805e-01 2.974562753120675584e-02 9.992952113356646793e-01 -2.289712305910819937e-02 -7.914380000000000026e-02 -9.982755415516306741e-01 3.085947981428679640e-02 4.993631589725211484e-02 5.502763299999999802e+00
4.754635645480417838e-02 2.126646987595616836e-02 9.986426193823729758e-01 9.233888999999999569e-01 3.145089812335578189e-02 9.992457465250996762e-01 -2.277672186093726570e-02 -7.971119999999999595e-02 -9.983737701858488300e-01 3.249115742030823234e-02 4.684164487271713639e-02 5.505796899999999994e+00
4.896387081653302137e-02 1.887741657579729976e-02 9.986221420027128204e-01 1.193473299999999959e+00 4.660385098823583566e-02 9.986892295700633415e-01 -2.116373818160312281e-02 -8.740929999999999533e-02 -9.977126943302510043e-01 4.757589604176624964e-02 4.801993011339011908e-02 5.515812399999999727e+00
5.748997941489992353e-02 1.698324824080514259e-02 9.982016186853565065e-01 1.292011599999999927e+00 4.822958992202706907e-02 9.986406339559028567e-01 -1.976843109874232285e-02 -8.981719999999999982e-02 -9.971804294724339046e-01 4.927934142562993836e-02 5.659273439080947377e-02 5.521351799999999699e+00
6.548725766876996313e-02 1.348290551529110481e-02 9.977623115461365932e-01 1.394631100000000012e+00 4.494968544445834824e-02 9.988538395238933942e-01 -1.644788882563335067e-02 -9.241679999999999340e-02 -9.968404811510557240e-01 4.592622918596603321e-02 6.480614640055171183e-02 5.528669400000000067e+00
7.795580263287264777e-02 2.313205845967683874e-02 9.966884170628668160e-01 1.606365400000000054e+00 3.366813544586352153e-02 9.990994514397161241e-01 -2.582136302477551146e-02 -9.785080000000000167e-02 -9.963881520228269340e-01 3.556956570266706086e-02 7.710678636968382182e-02 5.546564100000000330e+00
7.701087037758147513e-02 2.276602221012448413e-02 9.967703015622081386e-01 1.821157899999999996e+00 2.657988546000428220e-02 9.993370722115385574e-01 -2.487821924099770446e-02 -1.061058000000000001e-01 -9.966758929223783481e-01 2.840993376265094419e-02 7.635469946886952464e-02 5.564940899999999857e+00
7.786986773565092446e-02 2.255915076397708996e-02 9.967082664529477443e-01 1.929545000000000066e+00 2.272590023737762477e-02 9.994440156581763102e-01 -2.439657810964246040e-02 -1.100480000000000069e-01 -9.967044783471342706e-01 2.455085093977962471e-02 7.731389629878793190e-02 5.574214500000000072e+00
7.649229399496351722e-02 2.459187454331532990e-02 9.967668577284429787e-01 2.036405100000000079e+00 1.670034524917436702e-02 9.995239555263902842e-01 -2.594148795726223394e-02 -1.142629000000000006e-01 -9.969303021916560148e-01 1.863067458049336850e-02 7.604518746593569301e-02 5.583684899999999729e+00
7.363410141573066559e-02 2.418386843305073836e-02 9.969920559444346297e-01 2.090008300000000041e+00 1.375388561410651432e-02 9.995862300969950986e-01 -2.526260538802940422e-02 -1.162780000000000064e-01 -9.971904781631301118e-01 1.557270394280037620e-02 7.327101168059524383e-02 5.588160000000000238e+00
6.485427160315419826e-02 2.066154675692117096e-02 9.976808226784936728e-01 2.197048399999999901e+00 8.735556281808394552e-03 9.997355620375286689e-01 -2.127195463407175607e-02 -1.202143999999999990e-01 -9.978565094798308444e-01 1.009487410115694761e-02 6.465663156714962501e-02 5.596220999999999890e+00
5.098604439548002493e-02 1.883295657499088616e-02 9.985217789430267388e-01 2.301270500000000219e+00 5.984501682232201865e-03 9.997984696785396919e-01 -1.916261381089530771e-02 -1.239007000000000025e-01 -9.986814352016950558e-01 6.952681144325780112e-03 5.086306330125855979e-02 5.602203799999999845e+00
4.232995555893426937e-02 2.000150829002825606e-02 9.989034560599449053e-01 2.352998700000000110e+00 6.136679512571715893e-03 9.997755260481182571e-01 -2.027902068070305472e-02 -1.254800000000000082e-01 -9.990848392538734801e-01 6.988360418033012604e-03 4.219771074038303205e-02 5.604306199999999905e+00
2.211305018950332144e-02 1.939017942874896039e-02 9.995674234152680526e-01 2.455579499999999804e+00 7.609995463676719890e-03 9.997796710791457819e-01 -1.956264976729507957e-02 -1.284279000000000115e-01 -9.997265130926356047e-01 8.039293413973091357e-03 2.196061886752564973e-02 5.606595500000000065e+00
4.954322389738659467e-04 1.768448134415602849e-02 9.998434945862701984e-01 2.558294099999999904e+00 7.949686571732079293e-03 9.998119533190130692e-01 -1.768786261340796889e-02 -1.317329999999999890e-01 -9.999682780120118242e-01 7.957205540123373291e-03 3.547529907159674423e-04 5.606831099999999957e+00
-2.177802172173619322e-02 1.857714792609015120e-02 9.995902197124677535e-01 2.659639400000000098e+00 8.415745736596508264e-03 9.997953307057769745e-01 -1.839760643733502968e-02 -1.352510000000000101e-01 -9.997274093439592058e-01 8.011633657268528441e-03 -2.192990498285796175e-02 5.605332899999999619e+00
-3.211610391593445329e-02 1.956486216941710418e-02 9.992926358367464346e-01 2.709639099999999967e+00 7.539965173283701659e-03 9.997846848811680065e-01 -1.933217013812008403e-02 -1.369897999999999949e-01 -9.994557042683014370e-01 6.913757687051553212e-03 -3.225670721258089291e-02 5.603249500000000438e+00
-6.176146871177325831e-02 2.207313960688221666e-02 9.978468306761614226e-01 2.856523999999999841e+00 1.037592947719055865e-02 9.997156005675127410e-01 -2.147226279230152191e-02 -1.417809999999999904e-01 -9.980370038580981262e-01 9.027429857516259398e-03 -6.197293312502327733e-02 5.595140500000000294e+00
-7.114270016393549334e-02 2.284181801693381531e-02 9.972045765854996580e-01 2.904512400000000216e+00 1.055463918508737879e-02 9.996990326179774344e-01 -2.214596519352010628e-02 -1.430531999999999915e-01 -9.974103046415035978e-01 8.949610737974234009e-03 -7.136237567921732694e-02 5.591514100000000376e+00
-7.973824584388103376e-02 2.191248098099195588e-02 9.965749622216075743e-01 2.951802499999999885e+00 1.194003412291493385e-02 9.997076284637188559e-01 -2.102601190408692061e-02 -1.452115999999999962e-01 -9.967443241548379351e-01 1.022256174864420546e-02 -7.997656842107403463e-02 5.587620300000000206e+00
-9.249914528255083479e-02 1.937961903303659847e-02 9.955241526392678564e-01 3.045040100000000027e+00 1.671794961598428372e-02 9.996998697232338804e-01 -1.790755806877659603e-02 -1.482352000000000114e-01 -9.955724073529937934e-01 1.498668880985924365e-02 -9.279537098304779796e-02 5.578918500000000336e+00
-9.906498100396922413e-02 1.661799854146770242e-02 9.949421951365610139e-01 3.135059399999999830e+00 2.131801056809956921e-02 9.996665104616311304e-01 -1.457430227777605468e-02 -1.511695999999999873e-01 -9.948525880571962299e-01 1.976638525227540286e-02 -9.938620653771335078e-02 5.569706000000000046e+00
-9.954139282393750787e-02 1.722964659977481439e-02 9.948842396946074862e-01 3.262400599999999873e+00 2.313020349680144916e-02 9.996199634881191010e-01 -1.499740918319046427e-02 -1.547939999999999872e-01 -9.947645474185672354e-01 2.151901192105157290e-02 -9.990208869225170041e-02 5.555349800000000116e+00
4.206639851229269228e-03 2.727855281722984387e-02 9.996190197957219858e-01 3.548689400000000216e+00 1.824095585190876889e-02 9.994594501419651333e-01 -2.735096070578514615e-02 -1.656085999999999947e-01 -9.998247705026972465e-01 1.834906205009644714e-02 3.706779075011823466e-03 5.543107499999999632e+00
3.447849252251186103e-01 1.240439928522993687e-02 9.385997476112389881e-01 3.794861099999999876e+00 -5.348697799003225908e-04 9.999151158665798844e-01 -1.301825548384751181e-02 -1.751518999999999993e-01 -9.386815590240534801e-01 3.986469603140531739e-03 3.447622931938401081e-01 5.599657999999999802e+00
4.575235704624818767e-01 1.632293723845840844e-02 8.890476613720840193e-01 3.845464000000000215e+00 2.271524638710747945e-03 9.998067797403306090e-01 -1.952545418385388115e-02 -1.761618000000000073e-01 -8.891945921152907273e-01 1.095284918089329401e-02 4.573980896852789524e-01 5.632319899999999713e+00
5.156410635936263809e-01 1.960479871626130341e-02 8.565803788339590996e-01 3.869477299999999786e+00 4.117832288887266629e-03 9.996699387856539110e-01 -2.535856749754313369e-02 -1.754545000000000132e-01 -8.567948044854581946e-01 1.660317305763367099e-02 5.153901412048390585e-01 5.652240299999999884e+00
7.283716104354363008e-01 2.549558860856123224e-02 6.847078005055821093e-01 3.950031800000000093e+00 -4.596295412448929418e-03 9.994667946923913027e-01 -3.232646556304517860e-02 -1.783762000000000125e-01 -6.851668929393556207e-01 2.039856045950909011e-02 7.281004240837999353e-01 5.735558000000000156e+00
7.737636769677543880e-01 2.213432936781729518e-02 6.330875481864870480e-01 3.968909700000000207e+00 -6.335767882875147083e-03 9.996097900658664770e-01 -2.720525040886048393e-02 -1.783640999999999976e-01 -6.334426811090920761e-01 1.703933883434027505e-02 7.736019846674475620e-01 5.759922500000000056e+00
8.137196483852380258e-01 1.618260042662345716e-02 5.810322342824336683e-01 3.981550899999999782e+00 -6.235053072939002010e-03 9.997978726126229843e-01 -1.911381784079237492e-02 -1.818152000000000101e-01 -5.812241030316811496e-01 1.193052231486976117e-02 8.136560727311706875e-01 5.788279499999999800e+00
8.809459030269231050e-01 9.390982212123002298e-03 4.731237949978531754e-01 4.005569500000000005e+00 -8.241930457683271233e-03 9.999559015548539209e-01 -4.501724997132783811e-03 -1.840809999999999946e-01 -4.731452065935041196e-01 6.632277653051063537e-05 8.809844545046634501e-01 5.842732899999999674e+00
9.418052318596000783e-01 1.798048153960848938e-02 3.356778329373099612e-01 4.034853899999999882e+00 -2.147215351883005607e-02 9.997470439610047777e-01 6.692885364066449710e-03 -1.845729999999999871e-01 -3.354725799005763842e-01 -1.351112041381243717e-02 9.419530761986049106e-01 5.928561199999999864e+00
9.686903393720218691e-01 1.847854301045186512e-02 2.475834603836210290e-01 4.057162800000000402e+00 -2.046231112218320145e-02 9.997758164417056559e-01 5.441569797386112267e-03 -1.835996000000000017e-01 -2.474274039609520581e-01 -1.033732588882287085e-02 9.688512886210205455e-01 6.019642400000000393e+00
9.725584710546766321e-01 1.539328797206415689e-02 2.321488037126161474e-01 4.063834700000000133e+00 -1.720330858008791569e-02 9.998353389227915278e-01 5.774185227793004332e-03 -1.835810999999999971e-01 -2.320216941445087389e-01 -9.609460263495260557e-03 9.726631440122300853e-01 6.051840799999999909e+00
9.754616357402415838e-01 1.943983496361045837e-02 2.193095757498059184e-01 4.070120300000000135e+00 -2.116483932614289520e-02 9.997607681297951965e-01 5.518703182864429131e-03 -1.834967999999999877e-01 -2.191498272307574324e-01 -1.002493516735102064e-02 9.756397152123419403e-01 6.084913700000000425e+00
9.790393472179336198e-01 3.959216169611005920e-02 1.997859287620410706e-01 4.095236800000000343e+00 -4.004596019763813353e-02 9.991962697792824422e-01 -1.770743069006264648e-03 -1.825218000000000118e-01 -1.996954623193312461e-01 -6.266992212882288929e-03 9.798379698387239545e-01 6.222901300000000191e+00
9.778313712049342410e-01 3.676252707241651346e-02 2.061415195702406833e-01 4.111011500000000041e+00 -3.506862555060861336e-02 9.993144570655903003e-01 -1.186622946413991471e-02 -1.829015999999999975e-01 -2.064364332899337739e-01 4.374071667710097491e-03 9.784502371135572751e-01 6.296179799999999993e+00
9.757611238755661276e-01 4.201070606724279649e-02 2.147680835432110025e-01 4.126816299999999771e+00 -3.949545199534056777e-02 9.990917810940606048e-01 -1.599131708088587234e-02 -1.838446999999999998e-01 -2.152448336308578625e-01 7.121342993383556960e-03 9.765341509999508895e-01 6.372860900000000051e+00
9.734002040029556824e-01 4.226554178664903433e-02 2.251791882578964843e-01 4.144854500000000108e+00 -4.169323590360090453e-02 9.991038017647962954e-01 -7.298450453152827491e-03 -1.850692999999999921e-01 -2.252858560293806989e-01 -2.284135856613410485e-03 9.742900316622856716e-01 6.453524100000000097e+00
9.725951765471735344e-01 3.812267088118303365e-02 2.293584193398126303e-01 4.155339699999999858e+00 -3.880471634710786627e-02 9.992456305465002853e-01 -1.537472909523470658e-03 -1.858080000000000009e-01 -2.292440109280781957e-01 -7.404849668427972501e-03 9.733408198853036319e-01 6.495391399999999926e+00
9.718873127428815373e-01 3.564831292324899953e-02 2.327321402710560982e-01 4.165107299999999846e+00 -3.742291842415140096e-02 9.992943528534078412e-01 3.212714103088046974e-03 -1.864220000000000044e-01 -2.324533856626737061e-01 -1.183191197630328872e-02 9.725355671403207447e-01 6.536942999999999948e+00
9.711850765626477422e-01 2.757995338604725399e-02 2.367253540143673396e-01 4.187361199999999783e+00 -2.853447818620447052e-02 9.995926249623615645e-01 6.063625125550925997e-04 -1.869383000000000017e-01 -2.366121945645344726e-01 -7.343724673425032143e-03 9.715764195837998107e-01 6.622595300000000407e+00
9.712597780622727051e-01 2.692899325323604154e-02 2.364937057107271701e-01 4.198158699999999577e+00 -2.617839722878700925e-02 9.996373471876336403e-01 -6.313923202113999947e-03 -1.875001000000000029e-01 -2.365779681985553939e-01 -5.856652221579135634e-05 9.716125058545745929e-01 6.666117700000000035e+00
9.713943846810869642e-01 2.921019828850765498e-02 2.356686524041719522e-01 4.208417899999999712e+00 -2.693963856328667611e-02 9.995544767838557831e-01 -1.284927295342569269e-02 -1.880651000000000128e-01 -2.359389863590412029e-01 6.132883277727050123e-03 9.717485181149337903e-01 6.710301900000000153e+00
9.729489218604031597e-01 2.640948173472890126e-02 2.295058489999379503e-01 4.241747900000000016e+00 -2.601194899170500285e-02 9.996503096596254245e-01 -4.757825876172250452e-03 -1.890478999999999909e-01 -2.295512447370569864e-01 -1.340772880863017784e-03 9.732956531125317445e-01 6.849119199999999630e+00
9.735174202845660041e-01 2.683430856020838084e-02 2.270324916979492014e-01 4.252625899999999959e+00 -2.783477746056297469e-02 9.996118102954728579e-01 1.205770097741123894e-03 -1.900191999999999992e-01 -2.269120040152234341e-01 -7.493237077738733667e-03 9.738864378519150877e-01 6.897192000000000434e+00
9.738482410442194093e-01 3.000209204669121096e-02 2.252098529991569953e-01 4.263315200000000083e+00 -3.086748813501473052e-02 9.995234337779150824e-01 3.217219928108644086e-04 -1.905793000000000070e-01 -2.250928732574951352e-01 -7.264970862143991549e-03 9.743102270873776893e-01 6.945682999999999829e+00
9.749703185287644791e-01 3.715608850402395136e-02 2.192083553950458230e-01 4.284484400000000193e+00 -3.590251813300325556e-02 9.993082126198240545e-01 -9.700792868725180082e-03 -1.913471999999999951e-01 -2.194171533395439522e-01 1.587853158726100153e-03 9.756298435076272701e-01 7.044064500000000173e+00
9.758972580763755067e-01 3.557244499429900592e-02 2.153117340883670960e-01 4.295433000000000057e+00 -3.365591061923887267e-02 9.993545280210467396e-01 -1.256212578429870622e-02 -1.920631999999999895e-01 -2.156196219257466573e-01 5.012831630756234280e-03 9.764645667711858712e-01 7.094499599999999795e+00
9.776671630862885376e-01 2.967595746053098768e-02 2.080534925724854545e-01 4.317288399999999804e+00 -2.847120853288679851e-02 9.995560225568780321e-01 -8.783396549775461873e-03 -1.941171999999999898e-01 -2.082217772171906511e-01 2.663704014054224609e-03 9.780780112922691227e-01 7.197594200000000164e+00
9.780644767416519780e-01 2.852504003996366583e-02 2.063400141194066117e-01 4.328396800000000155e+00 -2.788179432034063043e-02 9.995930684622035267e-01 -6.025199398758986080e-03 -1.950436999999999865e-01 -2.064279169142503867e-01 1.399036634778462636e-04 9.784618007594411138e-01 7.250641299999999845e+00
9.784705480974255076e-01 2.514036729454416363e-02 2.048495751477630578e-01 4.339388800000000046e+00 -2.490526674003135793e-02 9.996828710197368517e-01 -3.726268689202460321e-03 -1.958563000000000109e-01 -2.048782911743738111e-01 -1.455789143954930526e-03 9.787863742837028536e-01 7.304146300000000203e+00
9.782974470154983671e-01 3.184720873930278057e-02 2.047434015016685038e-01 4.383625499999999953e+00 -3.122490207905136497e-02 9.994927154816893866e-01 -6.270342031523726267e-03 -1.984371000000000052e-01 -2.048392312354052336e-01 -2.588330618678628091e-04 9.787955978407004709e-01 7.521249300000000027e+00
9.778572897397254104e-01 4.051912264959958709e-02 2.053127409650589430e-01 4.394509799999999800e+00 -3.973713602556842861e-02 9.991786823004810136e-01 -7.932266810925832010e-03 -1.991119000000000083e-01 -2.054655224687688408e-01 -4.019153902865310428e-04 9.786642721284224411e-01 7.576575799999999639e+00
9.769324148969228405e-01 4.634646944141477404e-02 2.084587764858621128e-01 4.405568099999999987e+00 -4.580657830732907249e-02 9.989227756741024811e-01 -7.419273773171757187e-03 -1.998038000000000036e-01 -2.085780767660904977e-01 -2.300654224943562108e-03 9.780030127165744158e-01 7.631649000000000349e+00
