9.999970597011935691e-01 -2.286934322410398741e-03 -8.065484315829453020e-04 1.093470000000000032e-02 2.287462121422324107e-03 9.999971698455160096e-01 6.540779778980676225e-04 -2.204959999999999906e-02 8.050503155490972397e-04 -6.559210036997084646e-04 9.999994608306678190e-01 -5.166900000000000312e-03
9.999852652658935970e-01 -2.371329713321843578e-03 -4.883241391859909075e-03 1.041710000000000032e-02 2.367452635070715558e-03 9.999968779123655782e-01 -7.995833553402743269e-04 -2.211300000000000071e-02 4.885122221721140134e-03 7.880107309912922492e-04 9.999877572350406307e-01 4.138050000000000062e-02
9.999520269729899047e-01 -1.001146655057389909e-03 -9.743790739947575871e-03 9.563999999999999585e-03 9.876289468531461793e-04 9.999985434224986092e-01 -1.392027996977160658e-03 -2.227319999999999994e-02 9.745170171534126360e-03 1.382337967393610940e-03 9.999515592267815833e-01 8.896060000000000079e-02
9.998295899108550211e-01 1.766484361549701659e-04 -1.845968401737773865e-02 7.005199999999999622e-03 -2.293338446748394805e-04 9.999959067376771316e-01 -2.852001731870442564e-03 -2.309409999999999935e-02 1.845910465540281584e-02 2.855749152308260930e-03 9.998255378575303665e-01 1.871683000000000097e-01
9.996190141349829972e-01 3.220946516625580562e-03 -2.741262634885084301e-02 3.307800000000000063e-03 -3.272432111489516869e-03 9.999929646777673264e-01 -1.833516578902205998e-03 -2.384410000000000002e-02 2.740652783335324402e-02 1.922523993726612916e-03 9.996225218219191300e-01 2.888321999999999834e-01
9.994945443281276765e-01 2.171319555033043511e-03 -3.171657657595604307e-02 1.281400000000000030e-03 -2.153333635068145971e-03 9.999975008361804418e-01 6.012284502155261934e-04 -2.391400000000000123e-02 3.171780277012638261e-02 -5.326281847550531044e-04 9.994967220029549182e-01 3.415110000000000090e-01
9.993807532766848523e-01 1.691035484164462015e-03 -3.514612893502172541e-02 -8.386999999999999490e-04 -1.580053690235664731e-03 9.999936787555612216e-01 3.185259684145021197e-03 -2.421359999999999832e-02 3.515129315490181372e-02 -3.127754451801426951e-03 9.993771078735130819e-01 3.940627999999999909e-01
9.992787411837567024e-01 3.243020299886753121e-03 -3.783490765868433719e-02 -3.194900000000000084e-03 -3.147421814573631276e-03 9.999917030936561479e-01 2.586016196795523029e-03 -2.459969999999999865e-02 3.784298024902101737e-02 -2.465068596097314251e-03 9.992806574144666998e-01 4.472942999999999780e-01
9.991936125947472602e-01 2.857248542845805799e-03 -4.004947790699217580e-02 -5.582000000000000156e-03 -2.765613482001642257e-03 9.999934302295575561e-01 2.343262638148864950e-03 -2.492190000000000030e-02 4.005591007487434296e-02 -2.230611684623557897e-03 9.991949501671764100e-01 5.008612000000000064e-01
9.990389814575502125e-01 -3.676723313402346948e-04 -4.382896696612282456e-02 -1.036409999999999935e-02 4.785236305270802672e-04 9.999967135417877628e-01 2.518714108183026795e-03 -2.546160000000000090e-02 4.382789686256626654e-02 -2.537266773616813666e-03 9.990358740975839869e-01 6.098516000000000492e-01
9.988875177223184298e-01 2.208502267419960570e-04 -4.715589214215196862e-02 -1.597940000000000124e-02 -2.254256201041736753e-04 9.999999703863776679e-01 -9.170896145947048008e-05 -2.629679999999999865e-02 4.715587049175026108e-02 1.022370830928523861e-04 9.988875379269400723e-01 7.208712999999999926e-01
9.988187835744950505e-01 6.988919970577674992e-04 -4.858548269537404235e-02 -1.894790000000000016e-02 -8.358531514396425185e-04 9.999957342689947959e-01 -2.798712797563545664e-03 -2.661279999999999896e-02 4.858331944479783032e-02 2.836017240861936871e-03 9.988151070533196618e-01 7.774174999999999836e-01
9.987095867526596393e-01 4.477477081641579454e-03 -5.058768157679557897e-02 -2.224809999999999982e-02 -4.700738289194712760e-03 9.999797267935046641e-01 -4.295237074268274183e-03 -2.733659999999999909e-02 5.056742417672059620e-02 4.527493895196804327e-03 9.987103871549352085e-01 8.344673999999999703e-01
9.985822195889196840e-01 4.725302508517428488e-03 -5.302096035597051588e-02 -2.890790000000000026e-02 -4.862489840181349193e-03 9.999851553415569638e-01 -2.458716957331285539e-03 -2.875859999999999875e-02 5.300855509651749425e-02 2.713044917640355155e-03 9.985903727123821572e-01 9.498062000000000449e-01
9.985100494069072408e-01 5.449223522410283002e-03 -5.429536993536786260e-02 -3.240599999999999731e-02 -5.497095171699819746e-03 9.999846226611672773e-01 -7.323836946316128341e-04 -2.950440000000000007e-02 5.429054409461110675e-02 1.029759295028791211e-03 9.985246498798641124e-01 1.008214600000000072e+00
9.984665313017815347e-01 5.093255591286162919e-03 -5.512390241692281118e-02 -3.604040000000000021e-02 -5.146016035698993026e-03 9.999864268723824834e-01 -8.152238745689647853e-04 -3.005000000000000032e-02 5.511900206960323317e-02 1.097642240063064281e-03 9.984791889630769690e-01 1.066998700000000078e+00
9.983393138844517400e-01 4.799993193060464979e-03 -5.740709379570278770e-02 -3.898970000000000213e-02 -4.912766755592000260e-03 9.999862697205992301e-01 -1.823483777314897653e-03 -3.062629999999999866e-02 5.739755287054662536e-02 2.102483205058663669e-03 9.983491876537212706e-01 1.125865099999999952e+00
9.983056608498428464e-01 3.303346889182530097e-03 -5.809385005737171398e-02 -4.281759999999999733e-02 -3.472573680546737519e-03 9.999900161125182541e-01 -2.812277958988097879e-03 -3.104470000000000146e-02 5.808398012526202331e-02 3.009248181051917773e-03 9.983071649939175840e-01 1.185180899999999982e+00
9.982479571346262182e-01 4.327958238419729944e-03 -5.901088758891784303e-02 -4.997940000000000021e-02 -4.200298921125146523e-03 9.999885630673815973e-01 2.287186788737224051e-03 -3.232669999999999988e-02 5.902011153427785817e-02 -2.035316171967871055e-03 9.982547189583235170e-01 1.305294900000000036e+00
9.982944411714930188e-01 5.181370639948335889e-03 -5.814948086086351581e-02 -5.383690000000000003e-02 -4.817914621155667231e-03 9.999679847377732633e-01 6.388833866960257069e-03 -3.300589999999999774e-02 5.818072210620717916e-02 -6.097778100902432122e-03 9.982874439145432710e-01 1.365854899999999983e+00
9.983980358974325897e-01 3.930602973199712712e-03 -5.644388608535126639e-02 -5.741990000000000288e-02 -3.417176531559714715e-03 9.999519334857370767e-01 9.189865216003238052e-03 -3.325349999999999834e-02 5.647729473603702033e-02 -8.982264658938875906e-03 9.983634779482348787e-01 1.426682400000000017e+00
9.984693060462227487e-01 4.293078727869241093e-03 -5.514176600917577997e-02 -6.064950000000000202e-02 -3.770543609408476271e-03 9.999470329635877786e-01 9.576756664285403231e-03 -3.304080000000000211e-02 5.517995908356516932e-02 -9.354183147325188796e-03 9.984326073266950319e-01 1.488157900000000033e+00
9.985358261881894792e-01 4.509902733444349186e-03 -5.390607197713988274e-02 -6.397049999999999959e-02 -4.149277457860104691e-03 9.999682717295802492e-01 6.799928730068332400e-03 -3.336599999999999983e-02 5.393502864787788620e-02 -6.566301203203058628e-03 9.985228572112214707e-01 1.549649700000000019e+00
9.986453621118440704e-01 4.645850057258208571e-03 -5.182525262600472249e-02 -7.089360000000000106e-02 -4.694984584901430377e-03 9.999886370439696748e-01 -8.263792660923954293e-04 -3.406019999999999881e-02 5.182082450377717420e-02 1.068578583616274814e-03 9.986558267429070934e-01 1.673103100000000065e+00
9.986766566355927965e-01 2.206612420464338416e-03 -5.138157600521797014e-02 -7.372869999999999424e-02 -2.215123995606264797e-03 9.999975407010105455e-01 -1.087088535417961104e-04 -3.424850000000000116e-02 5.138120976425358116e-02 2.223815563430346946e-04 9.986790885112220018e-01 1.736015000000000086e+00
9.986612505729732803e-01 -6.307138098205530407e-05 -5.172719426013729777e-02 -7.676220000000000265e-02 3.207988688951913798e-04 9.999875773848101446e-01 4.974149590034701411e-03 -3.492699999999999971e-02 5.172623794662429414e-02 -4.984084475530870494e-03 9.986488648217801689e-01 1.799433499999999908e+00
9.985159831453948032e-01 -1.106426546900880423e-02 -5.332366672329392349e-02 -8.314499999999999669e-02 1.149956990810546698e-02 9.999029576362141736e-01 7.863536245226334861e-03 -3.576429999999999887e-02 5.323148781608700447e-02 -8.465065858142656677e-03 9.985463190883551166e-01 1.925295200000000095e+00
9.984088483184522245e-01 -1.318172798150096976e-02 -5.482712510102544928e-02 -8.625629999999999409e-02 1.340643154480167416e-02 9.999031629122610010e-01 3.732611859123446691e-03 -3.582079999999999986e-02 5.477261352771407160e-02 -4.461708806952412870e-03 9.984888852470344967e-01 1.988709899999999919e+00
9.983396141434217608e-01 -1.272402118681549739e-02 -5.617930327799588314e-02 -9.008979999999999766e-02 1.273140610355991999e-02 9.999189267200562226e-01 -2.264633238620867965e-04 -3.621420000000000194e-02 5.617763016174503327e-02 -4.891542172851080913e-04 9.984206701574050991e-01 2.052232000000000056e+00
9.982256229156544203e-01 -1.114342002981018667e-02 -5.849299056034777677e-02 -9.395910000000000373e-02 1.109670664934845133e-02 9.999377986224422532e-01 -1.123382233426650865e-03 -3.654430000000000178e-02 5.850187053583855157e-02 4.723093724434102264e-04 9.982871871699369182e-01 2.116277000000000186e+00
9.981412230608555092e-01 -8.313078955268327769e-03 -6.037376536926310211e-02 -1.025854999999999961e-01 8.524265057684009966e-03 9.999584147033433457e-01 3.241260434245065401e-03 -3.804570000000000174e-02 6.034430985441548156e-02 -3.749877632634152080e-03 9.981705779504495002e-01 2.245980499999999935e+00
9.980701171609103195e-01 -8.268868806938554569e-03 -6.154402521009220972e-02 -1.068758000000000069e-01 8.565754132555296677e-03 9.999529083815674735e-01 4.561674625096644523e-03 -3.855700000000000099e-02 6.150340711332534516e-02 -5.080042115797593627e-03 9.980939455209385525e-01 2.310382399999999947e+00
9.980075236494903024e-01 -6.982281816559506547e-03 -6.270749938919907562e-02 -1.109421000000000018e-01 7.423247606599291636e-03 9.999493136092160173e-01 6.801882638583446952e-03 -3.874020000000000241e-02 6.265682831091419491e-02 -7.253823343043825506e-03 9.980087694569245160e-01 2.375640399999999985e+00
9.980141131285146239e-01 -6.709373010541702306e-03 -6.263237429724198557e-02 -1.152834999999999971e-01 7.348658633168301743e-03 9.999231737237314066e-01 9.982177445506648997e-03 -3.913869999999999849e-02 6.256058833321155588e-02 -1.042261790846403698e-02 9.979867443124366133e-01 2.440331000000000028e+00
9.979977893951702539e-01 -1.772873278429402477e-03 -6.322396130180393814e-02 -1.243897000000000058e-01 2.510907781298731163e-03 9.999296139947028150e-01 1.159579227644680355e-02 -3.914539999999999687e-02 6.319895334945971332e-02 -1.173132459457672944e-02 9.979319958387893319e-01 2.569405800000000184e+00
9.979986051204071673e-01 3.995020504412341816e-04 -6.323467858567326239e-02 -1.330087000000000075e-01 7.606630352545722291e-05 9.999717357715394161e-01 7.518102950345217916e-03 -3.948399999999999826e-02 6.323589480381518191e-02 -7.507866285850777269e-03 9.979703670711844721e-01 2.696933299999999978e+00
9.978525249167837785e-01 -2.120309547078940652e-03 -6.546634864282659116e-02 -1.414428000000000074e-01 2.704650050089239029e-03 9.999572821712938708e-01 8.838478415770796570e-03 -4.026869999999999755e-02 6.544481175239262594e-02 -8.996561566735363641e-03 9.978156335188730353e-01 2.824469300000000072e+00
9.977932130440529956e-01 -1.583728592141722116e-03 -6.637918202999809614e-02 -1.458518000000000037e-01 2.239313701670901657e-03 9.999494408180800153e-01 9.803126121529868314e-03 -4.064319999999999738e-02 6.636030046172711194e-02 -9.930136522502852614e-03 9.977463119006122483e-01 2.887973500000000193e+00
9.977213197327935434e-01 1.504241612798934771e-03 -6.745298664865047311e-02 -1.551273999999999986e-01 -1.342932879919313868e-03 9.999961294926827948e-01 2.436704933633879883e-03 -4.186890000000000056e-02 6.745639096433135584e-02 -2.340567628565372489e-03 9.977194781406462099e-01 3.013693099999999792e+00
9.976691184051728056e-01 2.286739740696920771e-03 -6.819898094549275980e-02 -1.593340000000000034e-01 -2.199842668815464412e-03 9.999966701115939882e-01 1.349243475574910152e-03 -4.251459999999999961e-02 6.820183921917227776e-02 -1.196071520537124195e-03 9.976708267459963864e-01 3.076248399999999883e+00
9.976531271834879755e-01 9.106894693991471638e-04 -6.846465121285344457e-02 -1.636643999999999877e-01 -5.896254604062543337e-04 9.999887361886328208e-01 4.709547502418478040e-03 -4.299879999999999675e-02 6.846816897525295764e-02 -4.658126291914047035e-03 9.976424267725511053e-01 3.139024000000000036e+00
9.976444404989139869e-01 -9.009447333941855360e-04 -6.859124317430216611e-02 -1.680048000000000097e-01 1.439657699824745032e-03 9.999685046976120040e-01 7.804934242463315401e-03 -4.359119999999999662e-02 6.858205105795699141e-02 -7.885297166829565232e-03 9.976143164376073402e-01 3.201149500000000092e+00
9.975803045203426311e-01 -6.261029213983780768e-03 -6.924114056167872400e-02 -1.762247999999999870e-01 6.786177141286543237e-03 9.999499488240319867e-01 7.351710455597165912e-03 -4.474050000000000249e-02 6.919164568723300268e-02 -7.803804200356280300e-03 9.975728629063116415e-01 3.324818800000000074e+00
9.975300122701520333e-01 -8.894160821667189062e-03 -6.967616897898923356e-02 -1.804000000000000048e-01 9.352063318744661610e-03 9.999367461115366007e-01 6.248414803335194251e-03 -4.539649999999999935e-02 6.961618728422672153e-02 -6.884597239539016339e-03 9.975500933731883402e-01 3.385860899999999951e+00
9.974350261243336568e-01 -1.052372314950163375e-02 -7.079985813137261441e-02 -1.846644000000000063e-01 1.107944492588262657e-02 9.999107852441990740e-01 7.461062421904016140e-03 -4.571750000000000119e-02 7.071502358398941424e-02 -8.226348120633962535e-03 9.974626372131008001e-01 3.447598499999999788e+00
9.973360860954968432e-01 -1.342139225291778988e-02 -7.169796093131994286e-02 -1.890840000000000021e-01 1.423412626496187335e-02 9.998399658756563779e-01 1.083661788749229644e-02 -4.529289999999999705e-02 7.154104431156205202e-02 -1.182830789926072983e-02 9.973675200802618601e-01 3.508307199999999959e+00
9.972722136633305201e-01 -1.274610685373515906e-02 -7.270260390875714351e-02 -1.983434000000000030e-01 1.412274148593605297e-02 9.997299883237013018e-01 1.845260467287758097e-02 -4.585240000000000149e-02 7.244777448591423197e-02 -1.942902999033272252e-02 9.971829484932405174e-01 3.629739299999999780e+00
9.970924884889039719e-01 -1.002385555430773331e-02 -7.553867697300087336e-02 -2.077952000000000132e-01 1.057102278581446148e-02 9.999206816542762777e-01 6.847180245136211263e-03 -4.623180000000000345e-02 7.546405022437366328e-02 -7.625793065246798050e-03 9.971193631676497082e-01 3.748544700000000063e+00
9.969898766536722245e-01 -3.530321613138801343e-03 -7.745142141628684473e-02 -2.177478999999999942e-01 3.770569124508059769e-03 9.999885226852321951e-01 2.955893483226345458e-03 -4.709830000000000266e-02 7.744009722729407186e-02 -3.239031817484741213e-03 9.969917452087116994e-01 3.864929899999999918e+00
9.969218726338082703e-01 -8.386525311134165449e-04 -7.839691656074783410e-02 -2.227326000000000028e-01 1.256126237699956060e-03 9.999852930527853845e-01 5.275966736993881710e-03 -4.787519999999999970e-02 7.839133887857614724e-02 -5.358203063244353949e-03 9.969082644098991031e-01 3.922127199999999814e+00
9.968266953537480157e-01 1.794524777179800365e-03 -7.958215321885955817e-02 -2.276433999999999958e-01 -1.254236110902861917e-03 9.999758303710623020e-01 6.838535331665389350e-03 -4.863300000000000262e-02 7.959250166883849453e-02 -6.717019765373359597e-03 9.968048531801836365e-01 3.978288200000000163e+00
9.967589938839552799e-01 2.679208226807339600e-03 -8.040105692540751303e-02 -2.326925999999999994e-01 -2.168034866289048849e-03 9.999768842815989212e-01 6.444418304569410859e-03 -4.893589999999999746e-02 8.041646433575506958e-02 -6.249219610729176734e-03 9.967417617005887021e-01 4.033309899999999892e+00
9.964765770241702514e-01 4.939884406598101831e-03 -8.372591584594593628e-02 -2.418800999999999868e-01 -4.287106749700391774e-03 9.999590124157761162e-01 7.974597430738016371e-03 -5.009249999999999814e-02 8.376187771241547231e-02 -7.587557611979559025e-03 9.964569116683246186e-01 4.141542000000000279e+00
9.963754102940920454e-01 5.000487606685833156e-03 -8.491782430665081871e-02 -2.467502000000000029e-01 -4.306989486197291411e-03 9.999558799291918820e-01 8.347936068362774020e-03 -5.060619999999999702e-02 8.495582147708077847e-02 -7.951938048744312815e-03 9.963529871879861499e-01 4.193932499999999841e+00
9.962620266159666338e-01 4.532292334304222590e-03 -8.626373890136801448e-02 -2.514205999999999941e-01 -3.722691466963869242e-03 9.999475279568456054e-01 9.543736230389876160e-03 -5.101139999999999841e-02 8.630246746929534640e-02 -9.186928713659921544e-03 9.962266230379117626e-01 4.246255900000000416e+00
9.956913844939299096e-01 1.481997469092254799e-02 -9.153707005755276627e-02 -2.713802000000000159e-01 -1.358393500822062741e-02 9.998081528744907631e-01 1.411149019031372742e-02 -5.223139999999999727e-02 9.172864086125634420e-02 -1.280725559436125122e-02 9.957016775369454953e-01 4.444700700000000282e+00
9.955615346043782399e-01 1.470759239611401335e-02 -9.295653576852531963e-02 -2.759091000000000182e-01 -1.412901802180911194e-02 9.998765158988636159e-01 6.879229876146321886e-03 -5.261529999999999679e-02 9.304623402327873161e-02 -5.535312083274081772e-03 9.956464024211737485e-01 4.491004900000000077e+00
9.953711089201408013e-01 1.444173015626163022e-02 -9.501469337519835578e-02 -2.848769999999999913e-01 -1.456024444604745068e-02 9.998938404809054603e-01 -5.541209407403953737e-04 -5.282819999999999877e-02 9.499660419594260774e-02 1.934993136769772460e-03 9.954757159231962804e-01 4.580556399999999861e+00
9.951597688549621568e-01 6.412455673297927025e-03 -9.806077128381260333e-02 -3.009164999999999757e-01 -6.727598451425160705e-03 9.999732122649355182e-01 -2.883430530203284249e-03 -5.620859999999999745e-02 9.803965458738927996e-02 3.529187552980975716e-03 9.951762512055848386e-01 4.744826299999999719e+00
9.955596868097116303e-01 4.815384633724434718e-03 -9.400915950149815736e-02 -3.080738000000000087e-01 -5.590955599941443629e-03 9.999524629318492508e-01 -7.988309709074782258e-03 -5.749920000000000031e-02 9.396622379785363188e-02 8.478440148866157530e-03 9.955392834227154708e-01 4.819804200000000094e+00
9.963243987809375923e-01 8.233074806137261059e-03 -8.526376060812684843e-02 -3.147435000000000094e-01 -8.406404807137880103e-03 9.999632643207738703e-01 -1.674027228223025788e-03 -5.909509999999999763e-02 8.524684599457005296e-02 2.384635858753036530e-03 9.963570086870465747e-01 4.891212000000000337e+00
9.989371137328190153e-01 9.309997488095985915e-03 -4.514384513880759925e-02 -3.228136999999999812e-01 -9.070252202772013592e-03 9.999436691096108554e-01 5.512633906503702254e-03 -6.131820000000000326e-02 4.519262475363768766e-02 -5.097308542816615488e-03 9.989652867409838377e-01 5.024303399999999975e+00
9.986820414132216994e-01 8.220297808710204379e-03 5.066169028621446413e-02 -3.181592999999999782e-01 -8.710321682344538546e-03 9.999173226387151336e-01 9.459290840947072801e-03 -6.271279999999999910e-02 -5.057974352357158532e-02 -9.888103506722650468e-03 9.986710744555136188e-01 5.144593699999999714e+00
9.925825974125256357e-01 7.968824825793757380e-03 1.213106967447628443e-01 -3.097659999999999858e-01 -9.423719160283052995e-03 9.998903354152977041e-01 1.142412623667580195e-02 -6.323479999999999379e-02 -1.212063563968165530e-01 -1.248258683042915811e-02 9.925488422213933903e-01 5.200882000000000005e+00
9.664819535124282712e-01 9.713517569942486940e-03 2.565507378886659473e-01 -2.875937000000000077e-01 -1.254921130838543286e-02 9.998768991544169094e-01 9.418271225948069911e-03 -6.436200000000000254e-02 -2.564276717328651256e-01 -1.232209859425125766e-02 9.664848757512429778e-01 5.280022100000000052e+00
8.071351471682665091e-01 1.039087695786184568e-02 5.902752611127347615e-01 -2.063786999999999983e-01 -1.036939120836131989e-02 9.999403761995870887e-01 -3.423415224064444914e-03 -6.627020000000000133e-02 -5.902756389447464391e-01 -3.357636352402235645e-03 8.071947697715194936e-01 5.409394299999999767e+00
7.237917931207749067e-01 9.027977461614185642e-03 6.899593725966521873e-01 -1.698894999999999988e-01 -1.124751995083909072e-02 9.999359190963068578e-01 -1.284910883874134692e-03 -6.677239999999999565e-02 -6.899267595230444972e-01 -6.830323855909607202e-03 7.238469542452012906e-01 5.443415199999999565e+00
6.315848180267898959e-01 6.908533404405912091e-03 7.752760087893000307e-01 -1.295472000000000012e-01 -7.331872647117006377e-03 9.999688059530843498e-01 -2.937816238145430237e-03 -6.737690000000000345e-02 -7.752721207947266269e-01 -3.828744828643083648e-03 6.316157688274446347e-01 5.471561000000000341e+00
5.845937695605548656e-01 4.230103546996522544e-03 8.113151242365461702e-01 -1.081695000000000018e-01 -1.850769136577653205e-03 9.999907590622290066e-01 -3.880263360919121961e-03 -6.792650000000000077e-02 -8.113240408397768277e-01 7.668207930717526721e-04 5.845961963109983506e-01 5.483367399999999670e+00
4.446705014311798654e-01 1.135252240409184883e-02 8.956222783026380752e-01 -4.165390000000000065e-02 -9.166501270441761509e-03 9.999249890921225736e-01 -8.123511776160007719e-03 -6.978080000000000394e-02 -8.956473192118662441e-01 -4.597436697009907140e-03 4.447412092042010157e-01 5.513900300000000421e+00
4.023343226894852687e-01 9.089168424325009057e-03 9.154476936468556314e-01 -1.819499999999999937e-02 -1.937068487304745724e-03 9.999569278922189053e-01 -9.076900684230190461e-03 -7.001770000000000216e-02 -9.154907648642167661e-01 1.878663809770345864e-03 4.023345996439049443e-01 5.521157299999999601e+00
3.272336434267527072e-01 -2.248062593530713617e-03 9.449407858824954154e-01 2.998309999999999864e-02 1.688336210977865043e-02 9.998514514202423431e-01 -3.468022016205275261e-03 -7.080500000000000682e-02 -9.447926199402292280e-01 1.708863094020003290e-02 3.272229881885847513e-01 5.533029100000000255e+00
2.942756871737771118e-01 1.888555179683763623e-03 9.557187103419783059e-01 5.436740000000000322e-02 1.438183625642826605e-02 9.998760672794015925e-01 -6.404128962687608700e-03 -7.119870000000000365e-02 -9.556123600730027645e-01 1.562956945058751462e-02 2.942120558959042675e-01 5.539290000000000269e+00
2.089249879085164352e-01 1.580257998506269523e-02 9.778039823467904457e-01 1.307837000000000027e-01 -1.039157797117512376e-03 9.998724547569515231e-01 -1.593720080128803104e-02 -7.432800000000000518e-02 -9.779311169906085288e-01 2.313586852396481812e-03 2.089147618943607565e-01 5.556133700000000175e+00
1.853742397990994772e-01 1.706861986412727683e-02 9.825197470966374746e-01 1.577892999999999935e-01 6.303326305324092986e-03 9.998079118649669805e-01 -1.855821784824819229e-02 -7.507600000000000384e-02 -9.826477798765919092e-01 9.633358093019701168e-03 1.852310425265081273e-01 5.559624699999999642e+00
1.460121333991629688e-01 3.022363456052280101e-02 9.888210094927075700e-01 2.132787999999999906e-01 1.520352513884577934e-02 9.993466094627978524e-01 -3.279034886308299090e-02 -7.523739999999999595e-02 -9.891659667232682862e-01 1.982135386804280766e-02 1.454572246650550627e-01 5.565530299999999819e+00
1.281220598386103304e-01 3.081984123543097392e-02 9.912794132679918491e-01 2.426609999999999878e-01 1.184214793753471905e-02 9.993982277516743062e-01 -3.260285108756806605e-02 -7.625079999999999358e-02 -9.916877035210918123e-01 1.591602189730287331e-02 1.276799864192798006e-01 5.569295900000000188e+00
7.221394242790431239e-02 2.000462210443779143e-02 9.971885286210816490e-01 3.779504000000000197e-01 1.618144534747820856e-02 9.996437518524821098e-01 -2.122569689691763614e-02 -8.101709999999999468e-02 -9.972578941003603648e-01 1.766874293072040122e-02 7.186451264540949513e-02 5.580487699999999940e+00
5.517640785317848989e-02 2.111390730279079364e-02 9.982533580884307423e-01 4.499669000000000030e-01 2.181046386530984676e-02 9.995123596274411160e-01 -2.234606493243647407e-02 -8.297269999999999646e-02 -9.982383821925500111e-01 2.300534438763765510e-02 5.468899749681344069e-02 5.582608200000000132e+00
3.374394274663645305e-02 2.338982709917461142e-02 9.991567756444343917e-01 6.185117999999999450e-01 2.697877631778982169e-02 9.993404823506052415e-01 -2.430526617123231897e-02 -8.624750000000000472e-02 -9.990663100897290150e-01 2.777618266663912927e-02 3.309065910741448846e-02 5.591834999999999667e+00
3.043346403015490323e-02 2.335160374628972996e-02 9.992639825739748627e-01 6.620228999999999697e-01 2.826450232140378938e-02 9.993071737724765757e-01 -2.421343336638979299e-02 -8.748190000000000133e-02 -9.991370887799373435e-01 2.898059780855988948e-02 2.975235746978488471e-02 5.593283699999999747e+00
2.732743649683520848e-02 2.274302236754490239e-02 9.993677832250250637e-01 7.063857000000000053e-01 2.922699582217790429e-02 9.992955637188202234e-01 -2.354058298122276710e-02 -8.902970000000000328e-02 -9.991991763055659836e-01 2.985182181165484810e-02 2.664347583937531905e-02 5.594714599999999649e+00
2.530161601612472208e-02 2.162697773145381974e-02 9.994458975158063696e-01 8.466150000000000064e-01 3.912500340197922616e-02 9.989785494755474282e-01 -2.260733943935851198e-02 -9.258410000000000251e-02 -9.989139414062492284e-01 3.967532636204094965e-02 2.442961608985794175e-02 5.596954799999999786e+00
2.773479741315020355e-02 2.157683302313210399e-02 9.993824199420076049e-01 8.951035999999999992e-01 4.093824320789748311e-02 9.989037248834309324e-01 -2.270261344114134217e-02 -9.381630000000000524e-02 -9.987766723624968979e-01 4.154261294982215802e-02 2.682107480692585977e-02 5.598250900000000030e+00
3.156530213429836751e-02 2.175049245883203461e-02 9.992650037797623508e-01 9.445114999999999483e-01 4.311055476149153187e-02 9.988031671177846071e-01 -2.310223849845200600e-02 -9.511089999999999822e-02 -9.985715356294342371e-01 4.380809780487174981e-02 3.058984794653107908e-02 5.599883099999999558e+00
4.805704562827276677e-02 1.571163765922121286e-02 9.987210145018212692e-01 1.152136000000000049e+00 4.181036922569341535e-02 9.989682842291852660e-01 -1.772738360302585428e-02 -1.011683000000000027e-01 -9.979691445083325174e-01 4.260882005246076354e-02 4.735055504472696075e-02 5.609524300000000352e+00
5.603537979768243721e-02 1.551576396631845420e-02 9.983082175758499766e-01 1.261238300000000034e+00 3.824172993352679961e-02 9.991121920080868746e-01 -1.767478069133839730e-02 -1.038817999999999964e-01 -9.976961492872569170e-01 3.916744629583606557e-02 5.539228148435582089e-02 5.616163300000000191e+00
5.991786719975084746e-02 2.557607556896126025e-02 9.978756002371858003e-01 1.536701300000000048e+00 2.269061312664707661e-02 9.993784939365035758e-01 -2.697706309335501373e-02 -1.135919999999999985e-01 -9.979453819053274444e-01 2.425881727736966392e-02 5.930029104594125577e-02 5.635977699999999757e+00
6.017450361086536248e-02 2.369401130988896265e-02 9.979066203524420420e-01 1.647250300000000056e+00 2.122414651832137816e-02 9.994618536939802178e-01 -2.501076998338499363e-02 -1.180096000000000062e-01 -9.979622060578019482e-01 2.268472699063885795e-02 5.963923575638274688e-02 5.643209500000000212e+00
6.017044180364334444e-02 2.451603632536989569e-02 9.978870085816566871e-01 1.756760499999999947e+00 1.667581448739331035e-02 9.995341416916158073e-01 -2.556201877761375002e-02 -1.223647000000000068e-01 -9.980488140087819815e-01 1.817865659772961023e-02 5.973358602968192876e-02 5.651081099999999857e+00
4.730579010340933699e-02 2.177776327383092181e-02 9.986430249340755294e-01 1.976030799999999976e+00 6.216429233111660929e-03 9.997365248676294280e-01 -2.209608230400503595e-02 -1.306558999999999915e-01 -9.988611105805859092e-01 7.253266325224158768e-03 4.715794627985270271e-02 5.664572200000000279e+00
3.380871965371304300e-02 2.009640268110986228e-02 9.992262531952686988e-01 2.083047399999999882e+00 3.829790286005175723e-03 9.997878701337151730e-01 -2.023727846956065862e-02 -1.345341999999999927e-01 -9.994209839610841417e-01 4.511023472340088339e-03 3.372458280676182696e-02 5.668847099999999806e+00
2.502613627944360111e-02 2.140034463079376961e-02 9.994577118380780778e-01 2.135814199999999996e+00 3.657721652538057505e-03 9.997621905311925294e-01 -2.149845242300215536e-02 -1.360529000000000044e-01 -9.996801056214112968e-01 4.193761313521473383e-03 2.494190832334086672e-02 5.670285200000000359e+00
4.944037688126476891e-03 2.063729916517857005e-02 9.997748038305953600e-01 2.241222899999999907e+00 5.532943148739843595e-03 9.997711545467137251e-01 -2.066458507795203292e-02 -1.399521999999999988e-01 -9.999724711368065400e-01 5.633863638572106022e-03 4.828721264556246062e-03 5.671283200000000413e+00
-1.670617435548140545e-02 1.888980457453911729e-02 9.996819889452545072e-01 2.345813999999999844e+00 5.915411693739974081e-03 9.998058912297421719e-01 -1.879329047278805939e-02 -1.433520000000000072e-01 -9.998429434880750089e-01 5.599566540076390125e-03 -1.681467251139423524e-02 5.670422600000000202e+00
-3.889303422719316700e-02 1.974675527682860296e-02 9.990482458543427091e-01 2.449101199999999867e+00 6.415896675055127174e-03 9.997890441059408273e-01 -1.951162616452395415e-02 -1.468028999999999862e-01 -9.992227820453539744e-01 5.650923974551505871e-03 -3.901152265390883667e-02 5.667639699999999614e+00
-4.942895382237906532e-02 2.060366287484447292e-02 9.985651043373012792e-01 2.499460500000000085e+00 5.404298019582081704e-03 9.997780833742447859e-01 -2.036117794817406818e-02 -1.487980999999999887e-01 -9.987630209849286400e-01 4.390111691224315993e-03 -4.952933305020279509e-02 5.664959900000000381e+00
-6.922398635272922207e-02 2.274007955260575614e-02 9.973419315838368826e-01 2.600926900000000153e+00 7.141700512530753039e-03 9.997258435774445395e-01 -2.229873981094399049e-02 -1.513458000000000025e-01 -9.975755790050330196e-01 5.579109723604857088e-03 -6.936741099007159850e-02 5.658622699999999561e+00
-8.837666760211401740e-02 2.357954733806210540e-02 9.958079983465071283e-01 2.698632200000000037e+00 8.334991474264233716e-03 9.997022804194717338e-01 -2.293203962214606165e-02 -1.549866000000000021e-01 -9.960522539207814496e-01 6.273393933097354963e-03 -8.854689146373684316e-02 5.650388200000000083e+00
-9.695759363354304605e-02 2.282412745114069039e-02 9.950267756411820264e-01 2.746859300000000115e+00 9.314521323978443984e-03 9.997140502846688648e-01 -2.202401770630813688e-02 -1.570614999999999928e-01 -9.952449270050555130e-01 7.132802360693126995e-03 -9.714246445908913952e-02 5.645573599999999637e+00
-1.042301525838448956e-01 2.193177923561163978e-02 9.943113558397635998e-01 2.794687999999999839e+00 1.111537653646219037e-02 9.997200747179941782e-01 -2.088589500837256807e-02 -1.585405000000000009e-01 -9.944910877915402736e-01 8.875205091066377255e-03 -1.044447559133077075e-01 5.640449000000000268e+00
-1.099094185638582744e-01 2.028353610035947899e-02 9.937346214529412247e-01 2.841797600000000035e+00 1.417632925181497652e-02 9.997220456323959725e-01 -1.883781212141215355e-02 -1.602919999999999900e-01 -9.938405060168855609e-01 1.201705620536500096e-02 -1.101664148470774540e-01 5.635487600000000263e+00
-1.178037523000658032e-01 1.659110963090747182e-02 9.928982883585008024e-01 2.977745300000000039e+00 1.943108859338377181e-02 9.997075013610831062e-01 -1.439946243636234906e-02 -1.651265000000000094e-01 -9.928467700204807178e-01 1.759678389920579789e-02 -1.180916781839593810e-01 5.618957499999999605e+00
-1.178292779250715294e-01 1.818007062587052164e-02 9.928674364162090038e-01 3.063205200000000072e+00 2.059522952612120872e-02 9.996620861158047600e-01 -1.586033112402852885e-02 -1.678892999999999913e-01 -9.928202746642630361e-01 1.857952137800655823e-02 -1.181638845034368446e-01 5.608977300000000277e+00
-5.990973433036264617e-02 2.234454850284819244e-02 9.979536787269582820e-01 3.293734600000000068e+00 1.787041902659904785e-02 9.996132146773668570e-01 -2.130889875602015593e-02 -1.768453000000000108e-01 -9.980438226131551627e-01 1.655723994464098486e-02 -6.028586856914686098e-02 5.590150799999999975e+00
-1.439201237752907141e-02 2.786409034133318502e-02 9.995081102468227341e-01 3.362303700000000006e+00 1.438926143757957021e-02 9.995138999636511423e-01 -2.765705940141485047e-02 -1.797738000000000114e-01 -9.997928881198373530e-01 1.398414276609141575e-02 -1.478596010043098374e-02 5.590998599999999819e+00
3.277319043935039145e-01 1.330266623459024078e-02 9.446771077535744965e-01 3.616366399999999981e+00 -3.888971610264965913e-03 9.999113912969659346e-01 -1.273127858387905660e-02 -1.896100000000000008e-01 -9.447627610900115602e-01 4.986237227380483500e-04 3.277545981858398516e-01 5.642893299999999890e+00
4.445258784928449725e-01 1.749457083898186410e-02 8.955951559389567773e-01 3.669401600000000041e+00 -6.168536525885132821e-04 9.998150071295308638e-01 -1.922422976733900377e-02 -1.911042000000000018e-01 -8.957657968697709805e-01 7.993216482493150504e-03 4.444544359645072884e-01 5.672272200000000097e+00
5.041069476339649080e-01 2.048665597247229658e-02 8.633982176691309407e-01 3.695325099999999807e+00 9.884239445070511221e-04 9.997042708457285487e-01 -2.429802195480201127e-02 -1.929618999999999918e-01 -8.636406708610199212e-01 1.310220515316717904e-02 5.039376190113726839e-01 5.689341100000000040e+00
6.180496335328033997e-01 2.738049575564992233e-02 7.856621149973712637e-01 3.741163499999999864e+00 -6.293624385994664450e-03 9.995335890768553000e-01 -2.988301522986101799e-02 -1.952421000000000018e-01 -7.861138853767026813e-01 1.352452436557118921e-02 6.179336909884665108e-01 5.729627100000000084e+00
7.657059782378784485e-01 2.226826813204105249e-02 6.428051642023211443e-01 3.798994500000000052e+00 -8.312492705472237370e-03 9.996596379520389375e-01 -2.472874268174530057e-02 -1.989464999999999983e-01 -6.431370439927985849e-01 1.359163286724688127e-02 7.656304657994004170e-01 5.800536600000000043e+00
8.074136311503063990e-01 1.687212839619002536e-02 5.897444866347284487e-01 3.815269199999999916e+00 -8.016693970424110943e-03 9.998124707333763128e-01 -1.762827228647533342e-02 -2.004833000000000032e-01 -5.899313187570748296e-01 9.505506267633873768e-03 8.073974761541767853e-01 5.827019700000000135e+00
9.376685359105286777e-01 1.883356650982033823e-02 3.470201918274003483e-01 3.871093999999999813e+00 -2.329451992271750968e-02 9.996908971816326206e-01 8.687659854791425496e-03 -2.063216999999999968e-01 -3.467493072883862104e-01 -1.622981406863957879e-02 9.378174188136632061e-01 5.969591600000000220e+00
9.655383590123729487e-01 1.946946306441463270e-02 2.595315342760439736e-01 3.895006899999999828e+00 -2.226009758015280032e-02 9.997216472298871004e-01 7.817679686661751018e-03 -2.066462000000000021e-01 -2.593070869286377422e-01 -1.332546689405525973e-02 9.657029908831387122e-01 6.064888999999999974e+00
9.695941670924476119e-01 1.623182300717794166e-02 2.441796041076455814e-01 3.902616500000000155e+00 -1.887491361812641474e-02 9.997858206131731151e-01 8.488258758566402662e-03 -2.072305000000000119e-01 -2.439895259559539953e-01 -1.283903511591747912e-02 9.696928742653939670e-01 6.097940000000000360e+00
9.726450119424028262e-01 2.029305723893199895e-02 2.314084539757796932e-01 3.909603800000000184e+00 -2.278823513496048073e-02 9.997073834973918549e-01 8.114414349317335823e-03 -2.071202000000000043e-01 -2.311760737684522282e-01 -1.316583490311511173e-02 9.728228429206969841e-01 6.131727200000000266e+00
9.762394558562917934e-01 3.940004415588241327e-02 2.130825223943199620e-01 3.929649799999999971e+00 -4.110558367127323254e-02 9.991484019746508238e-01 3.577963463411605941e-03 -2.070462999999999887e-01 -2.127600898205659896e-01 -1.225183055776031017e-02 9.770276540751180461e-01 6.237306099999999631e+00
9.758566037180606001e-01 3.923529052535087297e-02 2.148592119441086190e-01 3.945717300000000094e+00 -3.963189164510223100e-02 9.992113111827858329e-01 -2.463487164327051414e-03 -2.079107000000000038e-01 -2.147864105209706942e-01 -6.111266789237733942e-03 9.766419253102683884e-01 6.310952699999999638e+00
9.728586352152959194e-01 4.335357492386957695e-02 2.273027571947869308e-01 3.971972200000000175e+00 -4.147339049079747791e-02 9.990544647296883962e-01 -1.304355721702041282e-02 -2.092639000000000027e-01 -2.276533192559020424e-01 3.262521263728776662e-03 9.737367828046623597e-01 6.426482700000000214e+00
9.713452479867854539e-01 4.636912960605511780e-02 2.331057979396206625e-01 3.980914799999999865e+00 -4.550697986263561867e-02 9.989227699445488717e-01 -9.078241574862321722e-03 -2.097332000000000085e-01 -2.332756395281600503e-01 -1.789834038883339820e-03 9.724090047386650948e-01 6.467162599999999983e+00
9.695800810204192599e-01 3.919410257957669369e-02 2.416159945273054499e-01 4.002170099999999842e+00 -4.072865497914954919e-02 9.991693210493670652e-01 1.358137451138606219e-03 -2.111861999999999906e-01 -2.413620582279382976e-01 -1.115751749845854401e-02 9.703709943373436397e-01 6.550661599999999751e+00
9.687378589220598801e-01 3.668706097225083590e-02 2.453589620297607077e-01 4.013008100000000411e+00 -3.933064631277456008e-02 9.992089419902187020e-01 5.881369517978319097e-03 -2.114618000000000053e-01 -2.449490986954690475e-01 -1.534763186963778413e-02 9.694144568987360655e-01 6.593484899999999982e+00
9.681866486615664513e-01 2.883741954555796641e-02 2.485618968937877704e-01 4.035938699999999990e+00 -3.065291651673262771e-02 9.995241832769043988e-01 3.435950182323439881e-03 -2.120521999999999962e-01 -2.483445430495760387e-01 -1.094578816671780939e-02 9.686099202769433703e-01 6.680499099999999579e+00
9.684524544558337222e-01 3.073009215211944603e-02 2.472963907840018127e-01 4.058352499999999807e+00 -2.911751741794473339e-02 9.995241942945799485e-01 -1.017620750508389620e-02 -2.129072999999999938e-01 -2.474914415447273253e-01 2.654516169302335599e-03 9.688864432460698728e-01 6.769324300000000072e+00
9.690596107765102607e-01 3.329131082681523884e-02 2.445713789164848662e-01 4.069597199999999582e+00 -3.085110756391558004e-02 9.994286850570253122e-01 -1.380263189630667915e-02 -2.134784000000000126e-01 -2.448911593417740507e-01 5.830275175118767791e-03 9.695330463515022812e-01 6.815552699999999575e+00
9.696815668330373006e-01 3.197892707369080073e-02 2.422705247599084288e-01 4.081328400000000300e+00 -3.052081313130321910e-02 9.994863796490609520e-01 -9.770202752108842620e-03 -2.137806999999999902e-01 -2.424585302892639238e-01 2.079692099521419923e-03 9.701595415037370662e-01 6.863347100000000367e+00
9.710978389977739100e-01 3.140579188995616666e-02 2.366065580866648366e-01 4.116115100000000027e+00 -3.309820351302067420e-02 9.994470351647308792e-01 3.183209801436699769e-03 -2.157263000000000097e-01 -2.363757517556828447e-01 -1.092246017131949520e-02 9.716003313326636581e-01 7.009489099999999695e+00
9.713778877079666252e-01 3.721272567073250631e-02 2.346065052809993279e-01 4.127032299999999765e+00 -3.793601459632408440e-02 9.992791458665785109e-01 -1.430885288448937708e-03 -2.160162999999999944e-01 -2.344906353536453103e-01 -7.510105479686640662e-03 9.720893684467121210e-01 7.059504999999999697e+00
9.722789618896346964e-01 3.819045283920408096e-02 2.306840037340056326e-01 4.138580300000000101e+00 -3.762097082992808816e-02 9.992684760415994072e-01 -6.868430920742497024e-03 -2.163395999999999930e-01 -2.307775613456124197e-01 -2.000525289977865030e-03 9.730044784470091024e-01 7.109632999999999647e+00
9.750759949273702931e-01 3.093910332591898182e-02 2.197033818624261059e-01 4.174096600000000379e+00 -3.037041309984125220e-02 9.995209057749099291e-01 -5.966316036609430919e-03 -2.185324999999999906e-01 -2.197827157092748229e-01 -8.548709211459865065e-04 9.755484749981234716e-01 7.266654499999999572e+00
9.754950841023207753e-01 2.974469554665607612e-02 2.180013623329976891e-01 4.185942200000000391e+00 -2.976057635599019258e-02 9.995518973790997741e-01 -3.211314497357088942e-03 -2.192678999999999878e-01 -2.179991949232048809e-01 -3.355224683742703915e-03 9.759431814814610862e-01 7.320763600000000260e+00
