9.999762912462295539e-01 3.842041031966163256e-03 -5.714513640253915047e-03 -2.155357999999999996e-01 -3.838313187059859237e-03 9.999924137492622878e-01 6.631710204070552202e-04 2.265910000000000146e-02 5.717018218792210837e-03 -6.412212043856046649e-04 9.999834521321105951e-01 -8.370438999999999519e-01
9.999470597234015878e-01 3.895445744954921519e-03 -9.523825542925107301e-03 -2.163744999999999974e-01 -3.902050620377105379e-03 9.999921591387261888e-01 -6.750274250352618962e-04 2.255520000000000094e-02 9.521121335219647625e-03 7.121541382648032513e-04 9.999544195037107785e-01 -7.920580000000000398e-01
9.998830078859050063e-01 5.262922762903800636e-03 -1.436217897906660358e-02 -2.174996999999999903e-01 -5.280366560874952264e-03 9.999853661938237215e-01 -1.176914264908402981e-03 2.232670000000000141e-02 1.435577479684838238e-02 1.252614144842807220e-03 9.998961659531384605e-01 -7.463387000000000215e-01
9.997404940768800374e-01 6.614571961632599584e-03 -2.179889769415698647e-02 -2.213439000000000101e-01 -6.684948014158765758e-03 9.999726716150101336e-01 -3.157133698017232024e-03 2.205669999999999853e-02 2.177741887745041766e-02 3.302038900973919798e-03 9.997573908534672649e-01 -6.514661000000000479e-01
9.994619917930807063e-01 9.641728523880762139e-03 -3.134906748341594745e-02 -2.249358999999999942e-01 -9.708457773849965208e-03 9.999509173188360078e-01 -1.977068757472145565e-03 2.127650000000000027e-02 3.132846642689927213e-02 2.280356176167298073e-03 9.995065418330429940e-01 -5.537362000000000117e-01
9.992988659862316325e-01 8.576512489967562727e-03 -3.644475095457615915e-02 -2.264602000000000004e-01 -8.550484189220509609e-03 9.999630654867371904e-01 8.699899409797542341e-04 2.097119999999999887e-02 3.645086636503361982e-02 -5.577596946233144993e-04 9.993352907034563914e-01 -5.035939000000000387e-01
9.991745315562157170e-01 7.939716917088683948e-03 -3.983988434588487532e-02 -2.287222999999999895e-01 -7.811811575837664980e-03 9.999638250841433873e-01 3.365133428609196932e-03 2.074329999999999924e-02 3.986516134823230723e-02 -3.051133947441539429e-03 9.992004100741322947e-01 -4.531577999999999995e-01
9.990906522580428328e-01 9.621654204391016582e-03 -4.153663853719608695e-02 -2.318601999999999885e-01 -9.527178522286858589e-03 9.999515601933094411e-01 2.471869003529877148e-03 2.060520000000000060e-02 4.155840997924529351e-02 -2.073894244473536205e-03 9.991339237172660592e-01 -4.017043000000000141e-01
9.989578628544655281e-01 8.938227860001224725e-03 -4.475819839941622830e-02 -2.337374999999999869e-01 -8.826329085770750690e-03 9.999574099363494062e-01 2.697077725486866744e-03 2.001380000000000173e-02 4.478039924016404688e-02 -2.299216412245277605e-03 9.989942089160382954e-01 -3.504380999999999746e-01
9.988033444427764085e-01 5.777969310292235469e-03 -4.856433053768682839e-02 -2.388850999999999891e-01 -5.643801710600424362e-03 9.999798704341138489e-01 2.899349724371936849e-03 1.962279999999999927e-02 4.858010531252278386e-02 -2.621792749649171691e-03 9.988158486781244516e-01 -2.455942000000000125e-01
9.987368471029790529e-01 4.435072831419253729e-03 -5.005037829807665317e-02 -2.415385999999999922e-01 -4.312157065672328309e-03 9.999874166657684027e-01 2.563554478428193770e-03 1.934719999999999843e-02 5.006111804825724709e-02 -2.344491224744471927e-03 9.987434043940692785e-01 -1.923807999999999907e-01
9.986218139556019002e-01 6.434515361693455594e-03 -5.208713568707188518e-02 -2.446006000000000014e-01 -6.423052085967288251e-03 9.999792969199945425e-01 3.874703786441774291e-04 1.893080000000000110e-02 5.208855050703808248e-02 -5.237798684880408027e-05 9.986424686356084601e-01 -1.385897000000000101e-01
9.984116014975069620e-01 1.053823105143492089e-02 -5.534636105011679630e-02 -2.513913999999999871e-01 -1.076326005031472827e-02 9.999349701286215364e-01 -3.769316511249386561e-03 1.794300000000000062e-02 5.530303995507490633e-02 4.359036611368513267e-03 9.984601006407557433e-01 -2.983030000000000057e-02
9.983297620590507737e-01 1.164173122320744796e-02 -5.658759829896999743e-02 -2.546978999999999771e-01 -1.184521827918811124e-02 9.999245226544026810e-01 -3.261870365793271588e-03 1.718199999999999936e-02 5.654535339917315245e-02 3.926714719896179547e-03 9.983923096260662877e-01 2.557649999999999854e-02
9.982619520352133957e-01 1.081392378645504304e-02 -5.793215144620511570e-02 -2.582032000000000216e-01 -1.094140366347178678e-02 9.999383666865623299e-01 -1.883750005436915682e-03 1.663910000000000042e-02 5.790821016676538091e-02 2.514335011640110237e-03 9.983187453487644136e-01 8.125880000000000603e-02
9.981739809739369473e-01 1.147036948170590369e-02 -5.930543255550620174e-02 -2.616685999999999734e-01 -1.150473295084227833e-02 9.999337900445106619e-01 -2.380061981334022337e-04 1.600680000000000158e-02 5.929877592642489315e-02 9.198647583725761637e-04 9.982398554568205906e-01 1.373621999999999899e-01
9.981184115204025931e-01 1.124857110707461715e-02 -6.027525389442345283e-02 -2.654487999999999848e-01 -1.128522157200745855e-02 9.999362840372963968e-01 -2.676560367316383610e-04 1.551149999999999925e-02 6.026840265063294899e-02 9.473720137240034152e-04 9.981817580622323050e-01 1.939271999999999940e-01
9.979733531840802030e-01 9.332402050551710446e-03 -6.294515554425070269e-02 -2.728730999999999796e-01 -9.486441082490542145e-03 9.999526939863548902e-01 -2.148772910224214759e-03 1.456969999999999967e-02 6.292212464715007947e-02 2.741543615946311248e-03 9.980146743252277242e-01 3.071985999999999883e-01
9.979487401609777875e-01 9.224221480595689443e-03 -6.335002564477980325e-02 -2.769384999999999764e-01 -9.275482251129920502e-03 9.999568491131460846e-01 -5.151123351603370624e-04 1.403249999999999983e-02 6.334254052472411411e-02 1.101657744391418108e-03 9.979912368904287900e-01 3.648340999999999945e-01
9.979272846760799398e-01 1.055481458450249592e-02 -6.348015743610556372e-02 -2.806357999999999908e-01 -1.038430758451486073e-02 9.999415352611500385e-01 3.015330092095776411e-03 1.342439999999999953e-02 6.350827233531204652e-02 -2.349882690877263570e-03 9.979785455591331234e-01 4.226770999999999723e-01
9.979618092147715114e-01 1.147723602287504911e-02 -6.277340521315573352e-02 -2.844974000000000114e-01 -1.106234656068144813e-02 9.999146372252181170e-01 6.952895176242180307e-03 1.281629999999999922e-02 6.284784672008426887e-02 -6.244302686101287948e-03 9.980035855880544648e-01 4.808851000000000098e-01
9.980788207491382291e-01 1.030471081074811612e-02 -6.109403004481369498e-02 -2.882859999999999867e-01 -9.715033380398578611e-03 9.999033909524112085e-01 9.941171374007989892e-03 1.253639999999999963e-02 6.119056870488693428e-02 -9.328542060606546255e-03 9.980825079143488265e-01 5.393137000000000070e-01
9.982460867306209851e-01 1.057879876382262531e-02 -5.824808446392143457e-02 -2.955230999999999830e-01 -1.014076319759540067e-02 9.999180760417819558e-01 7.810641886000421578e-03 1.222999999999999955e-02 5.832593975901181893e-02 -7.206262666292034304e-03 9.982715835530993065e-01 6.571493999999999946e-01
9.982796885785635288e-01 1.138809713071434540e-02 -5.751499469901465156e-02 -2.991883000000000181e-01 -1.122334883466175048e-02 9.999319384962572776e-01 3.186662211885505063e-03 1.198250000000000010e-02 5.754737016077940415e-02 -2.535669311755375365e-03 9.983395567484639743e-01 7.161241999999999885e-01
9.983616003147477436e-01 1.056969772901616283e-02 -5.623518922252351143e-02 -3.028443000000000107e-01 -1.058922995113851032e-02 9.999439313147384656e-01 -4.935450910700551076e-05 1.197029999999999969e-02 5.623151452715554471e-02 6.447609967179063163e-04 9.984175484521691235e-01 7.752997999999999834e-01
9.984116883323638225e-01 7.960821384539332538e-03 -5.577388209728873641e-02 -3.057929999999999815e-01 -7.913670886451873096e-03 9.999681180079800225e-01 1.066199174421110247e-03 1.146229999999999992e-02 5.578059173601269266e-02 -6.231295708546400781e-04 9.984428562993067358e-01 8.359273999999999871e-01
9.983975279821948323e-01 2.153964868340494960e-03 -5.654853273417879966e-02 -3.127168000000000170e-01 -1.616481198210257576e-03 9.999531022001961755e-01 9.548842272226274602e-03 1.049399999999999986e-02 5.656644860319913481e-02 -9.442130879731419624e-03 9.983541871785142074e-01 9.568834000000000506e-01
9.983067455683507507e-01 -5.233245739751926466e-03 -5.793319335023266320e-02 -3.154689999999999994e-01 5.749992008040982587e-03 9.999451283556742842e-01 8.756590070420428029e-03 1.040589999999999918e-02 5.788418907297172150e-02 -9.074878334241684441e-03 9.982820579568597585e-01 1.017494099999999957e+00
9.982135342551191615e-01 -7.481989157345092338e-03 -5.927697586882656883e-02 -3.189548999999999856e-01 7.787135744189669674e-03 9.999575836465758316e-01 4.918477874587121566e-03 1.013589999999999977e-02 5.923766155753989321e-02 -5.371289039942825534e-03 9.982294569422622832e-01 1.078395599999999899e+00
9.981303312459232080e-01 -7.235432689355516221e-03 -6.069176518030744427e-02 -3.228863000000000150e-01 7.314957713747220584e-03 9.999726532052449768e-01 1.088225761986371960e-03 9.815000000000000807e-03 6.068223167081006342e-02 -1.530148836148429413e-03 9.981559624647791118e-01 1.139364599999999950e+00
9.980034961302338692e-01 -5.287751611631684792e-03 -6.293696365987123953e-02 -3.269649000000000028e-01 5.297360527402915700e-03 9.999859687866022862e-01 -1.419025320073343563e-05 9.642299999999999482e-03 6.293615561243774692e-02 -3.192378647010885029e-04 9.980175040568741718e-01 1.200907699999999911e+00
9.979588258132668921e-01 -5.172577560241864436e-03 -6.365081635602887200e-02 -3.311465000000000103e-01 5.263690335597003001e-03 9.999853480287690388e-01 1.263840113578444408e-03 9.190900000000000111e-03 6.364334643508756661e-02 -1.596298582668539186e-03 9.979714305957753107e-01 1.262805299999999908e+00
9.978090302032884829e-01 -2.265984727118082291e-03 -6.612113548623653470e-02 -3.399684000000000039e-01 2.645702390945432053e-03 9.999805061365883985e-01 5.655758629134666551e-03 7.842800000000000465e-03 6.610703066717886489e-02 -5.818303879048705718e-03 9.977955741715532900e-01 1.386566500000000035e+00
9.977359536112616611e-01 -8.387859639182419780e-04 -6.724777549877089533e-02 -3.442219999999999724e-01 1.373543329116331049e-03 9.999678021431219754e-01 7.906203626083697575e-03 7.751899999999999936e-03 6.723897865189057410e-02 -7.980671347749683162e-03 9.977049807606904741e-01 1.449086199999999991e+00
9.977549008593605828e-01 -9.219460611535350205e-04 -6.696497462545503154e-02 -3.487786999999999971e-01 1.669357902110071975e-03 9.999369315053042717e-01 1.110613595950875852e-02 7.410700000000000100e-03 6.695051198700555095e-02 -1.119299009276584524e-02 9.976935130176305400e-01 1.510969900000000088e+00
9.976890439107480857e-01 4.405403188646911036e-03 -6.780238995199897034e-02 -3.578191000000000010e-01 -3.558236578831263080e-03 9.999141554228337947e-01 1.261034248108113508e-02 7.528700000000000149e-03 6.785212312747876395e-02 -1.233994358927754421e-02 9.976190731834004843e-01 1.634230599999999978e+00
9.976866590920434597e-01 4.771164336014641072e-03 -6.781272934070269043e-02 -3.620224000000000220e-01 -4.050004767013956966e-03 9.999338207730933403e-01 1.076807947177174825e-02 7.479600000000000311e-03 6.785961782344358817e-02 -1.046852735593549986e-02 9.976399561985548337e-01 1.695259800000000094e+00
9.976734759219357818e-01 6.704072200291791989e-03 -6.784313419776377696e-02 -3.665578999999999921e-01 -6.146738140481689330e-03 9.999456552718506419e-01 8.420458014940885791e-03 7.453099999999999829e-03 6.789589863957068427e-02 -7.983853636077583790e-03 9.976604658043951579e-01 1.756327500000000041e+00
9.976046624064611734e-01 6.498014139832607172e-03 -6.886736060812276294e-02 -3.709712000000000010e-01 -5.918033123598271869e-03 9.999453141279663893e-01 8.622391632870821804e-03 7.051299999999999929e-03 6.891962295920281423e-02 -8.194178772832735186e-03 9.975885629884697625e-01 1.817602600000000068e+00
9.974654773207810576e-01 4.785071204506630496e-03 -7.099101807126184660e-02 -3.797595999999999750e-01 -4.013618734820255038e-03 9.999313817746698918e-01 1.100557162762629514e-02 6.303699999999999755e-03 7.103880923747191156e-02 -1.069274687660352711e-02 9.974162384613332044e-01 1.939065800000000062e+00
9.974371686844316631e-01 7.074208571662517903e-03 -7.119726188463575134e-02 -3.845445000000000113e-01 -6.547761717442346016e-03 9.999494927581625836e-01 7.624876994750354187e-03 5.799099999999999741e-03 7.124760587750571250e-02 -7.139153015455914839e-03 9.974331111162019203e-01 1.999166400000000010e+00
9.973731565332472071e-01 7.706016259775647602e-03 -7.202363459525519540e-02 -3.892593999999999776e-01 -7.475984352142943899e-03 9.999660585133105517e-01 3.462871542639399305e-03 5.439799999999999844e-03 7.204787495043334100e-02 -2.915327555932824190e-03 9.973969142625057627e-01 2.058991699999999980e+00
9.973000430827163587e-01 8.651551843780243972e-03 -7.292307397461064711e-02 -3.934122999999999926e-01 -8.488057549359030729e-03 9.999607202899704061e-01 2.551618349673000479e-03 4.780600000000000301e-03 7.294228503584818113e-02 -1.925753841486872254e-03 9.973343042961527738e-01 2.119104099999999935e+00
9.973128055846187667e-01 5.632703085247794256e-03 -7.304409950769308324e-02 -4.025671000000000110e-01 -4.987251888613130832e-03 9.999469195636470076e-01 9.015840159010680283e-03 3.869399999999999836e-03 7.309100584569797054e-02 -8.627323520463629769e-03 9.972879594948178550e-01 2.238674200000000170e+00
9.973053544811989468e-01 3.334594029084406511e-03 -7.328649538483469894e-02 -4.069729999999999737e-01 -2.625317242906388855e-03 9.999488032542844795e-01 9.772337473619666787e-03 3.300200000000000095e-03 7.331533013295582490e-02 -9.553604188232180106e-03 9.972630500597674530e-01 2.297916199999999964e+00
9.972447960067368777e-01 -2.573531625715398761e-03 -7.413631884881535794e-02 -4.152600000000000180e-01 3.142884597976523201e-03 9.999664522108266951e-01 7.564174065702014907e-03 2.166599999999999863e-03 7.411436509804003592e-02 -7.776335117771072947e-03 9.972194289614751961e-01 2.415034799999999926e+00
9.971090513864296900e-01 -6.875195694234764038e-03 -7.567213045382230330e-02 -4.245963999999999849e-01 7.841056910139162714e-03 9.998914518171634347e-01 1.247406948422556845e-02 2.215400000000000182e-03 7.557815471276262131e-02 -1.303135707174446316e-02 9.970547258115185496e-01 2.532213200000000164e+00
9.970277859374202523e-01 -6.294912556750991393e-03 -7.678520785039569252e-02 -4.336617999999999862e-01 7.839855926234932243e-03 9.997725187644500577e-01 1.983550812162874349e-02 2.114800000000000013e-03 7.664287786729753749e-02 -2.037853771226433297e-02 9.968503320323107708e-01 2.648725499999999844e+00
9.968339236892149735e-01 -3.428022844938521680e-03 -7.943788291324847817e-02 -4.433956000000000008e-01 4.100343867164130650e-03 9.999571318353216443e-01 8.301907723418926188e-03 1.855799999999999898e-03 7.940601842766960294e-02 -8.601345886065325103e-03 9.968052473208660613e-01 2.762087600000000087e+00
9.967209089064777983e-01 3.211660642412773447e-03 -8.085242720266844207e-02 -4.537476999999999761e-01 -2.869734602935497623e-03 9.999864433077979564e-01 4.344861784782056389e-03 1.300900000000000016e-03 8.086528533278997122e-02 -4.098589579126171202e-03 9.967166132815827861e-01 2.873310099999999867e+00
9.965038799410002035e-01 8.822166567731755046e-03 -8.307939961015510522e-02 -4.636372000000000271e-01 -8.176029133728770701e-03 9.999336526215946153e-01 8.114363957853582346e-03 1.340000000000000045e-05 8.314547378021887314e-02 -7.406735575629182569e-03 9.965098948118756850e-01 2.981959300000000201e+00
9.962453451715470587e-01 1.119990994590859545e-02 -8.584738925109228203e-02 -4.731156999999999724e-01 -1.050710838705874034e-02 9.999085200249124838e-01 8.517761145500020448e-03 -3.825999999999999757e-04 8.593493409183261544e-02 -7.583772068880213074e-03 9.962718873399166730e-01 3.087650800000000029e+00
9.959823445219946336e-01 1.197375809754824480e-02 -8.874569576882122834e-02 -4.821004999999999874e-01 -1.115313112931567985e-02 9.998903924568158796e-01 9.737080597738822368e-03 -1.633399999999999913e-03 8.885255801879350657e-02 -8.708167980463518698e-03 9.960067222383295338e-01 3.188967499999999955e+00
9.958516385844889962e-01 1.140976887365782386e-02 -9.027364567157936115e-02 -4.864258000000000193e-01 -1.046680869884341822e-02 9.998856793561737843e-01 1.091210951670699113e-02 -1.959199999999999917e-03 9.038783017779530859e-02 -9.921965162834457327e-03 9.958572160521093064e-01 3.238536400000000093e+00
9.956822428570240024e-01 1.633197533875247603e-02 -9.137908864034857692e-02 -4.969165999999999861e-01 -1.477806556805548975e-02 9.997349022545911623e-01 1.765599026022739854e-02 -2.456900000000000143e-03 9.164322144748379695e-02 -1.622934981868875970e-02 9.956596447417109808e-01 3.334941099999999992e+00
9.955400606185255130e-01 1.994980064304326811e-02 -9.220625335607884887e-02 -5.021980000000000333e-01 -1.826032256692292771e-02 9.996502335111009385e-01 1.913037534794860203e-02 -2.429900000000000029e-03 9.255564987300610169e-02 -1.736133910458247456e-02 9.955561438618523162e-01 3.381918199999999874e+00
9.954165735842329665e-01 2.307694634617565507e-02 -9.280786378944984316e-02 -5.076281000000000265e-01 -2.178407224138967715e-02 9.996513661695289876e-01 1.491979597635459051e-02 -2.642199999999999931e-03 9.311981115964131084e-02 -1.282967898000028292e-02 9.955722475575857766e-01 3.427102099999999929e+00
9.945764818235598437e-01 2.280960527284883743e-02 -1.014758282093172898e-01 -5.310966000000000298e-01 -2.260027330870902768e-02 9.997394207392578114e-01 3.212205831618504190e-03 -5.671599999999999732e-03 1.015226548600936668e-01 -9.014029231460777419e-04 9.948328191324049552e-01 3.678692299999999804e+00
9.949009644973432209e-01 1.015581513862426170e-02 -1.003440594212051673e-01 -5.396018999999999677e-01 -1.088876524690707455e-02 9.999178695230392933e-01 -6.759363868297566663e-03 -6.602300000000000182e-03 1.002671712658435854e-01 7.817520538916938530e-03 9.949298370935357738e-01 3.752301199999999781e+00
9.954256161269662284e-01 1.753997432806577578e-02 -9.391587756508626428e-02 -5.465356999999999577e-01 -1.800160411574849156e-02 9.998296727190658650e-01 -4.070356218488475376e-03 -7.853900000000000464e-03 9.382848718544570255e-02 5.742373294754907383e-03 9.955718156624534521e-01 3.822851700000000186e+00
9.977624253935514220e-01 1.161608265492609753e-02 -6.584230476321223380e-02 -5.544843999999999884e-01 -1.119702955228945272e-02 9.999146634489922691e-01 6.729959055869658494e-03 -1.040100000000000052e-02 6.591486176867059066e-02 -5.977662038159269053e-03 9.978073454102123208e-01 3.953565799999999797e+00
9.997372090066088957e-01 2.040799623509677307e-02 -1.044158117069803396e-02 -5.567077000000000275e-01 -2.033548242974524828e-02 9.997686765605622305e-01 7.004393099431111165e-03 -1.115670000000000030e-02 1.058211141623078763e-02 -6.790217817574921259e-03 9.999209528057527718e-01 4.043258699999999983e+00
9.928923623880960836e-01 1.612155263988342829e-02 1.179188375615414230e-01 -5.459007999999999639e-01 -1.745568544987838311e-02 9.997946873346947871e-01 1.028990878457338061e-02 -1.216079999999999939e-02 -1.177287380245818638e-01 -1.227512597896265704e-02 9.929699217626584140e-01 4.154762700000000031e+00
9.792516766609089540e-01 1.536238278695165570e-02 2.020647197110514159e-01 -5.310074999999999656e-01 -1.778970446950069867e-02 9.997897016239628565e-01 1.020190872117089469e-02 -1.316589999999999948e-02 -2.018655002017095967e-01 -1.358490786772024485e-02 9.793190338733027689e-01 4.206618800000000213e+00
9.105952211856804812e-01 1.989644590075644384e-02 4.128201479994889067e-01 -4.870272999999999963e-01 -2.070406052051375692e-02 9.997824794470613341e-01 -2.517075415914400704e-03 -1.339970000000000050e-02 -4.127804319874726624e-01 -6.255016483173251804e-03 9.108090852297372475e-01 4.298332199999999936e+00
6.836272661796749528e-01 1.740306328218605564e-02 7.296238032877628843e-01 -3.911119000000000123e-01 -9.366362558678920439e-03 9.998425337761542853e-01 -1.507245515830989147e-02 -1.231340000000000039e-02 -7.297712190735692328e-01 3.470020241455713805e-03 6.836826213758842030e-01 4.402274099999999635e+00
6.406255601147654577e-01 1.459112447878786745e-02 7.677147848088425874e-01 -3.711596999999999813e-01 -6.079060935809530407e-03 9.998844794121642954e-01 -1.393100315138406237e-02 -1.459659999999999951e-02 -7.678293669467075588e-01 4.257571738641122150e-03 6.406402550083069025e-01 4.411755600000000221e+00
5.934479010954996081e-01 1.134941084959261576e-02 8.047923828905895194e-01 -3.512164999999999870e-01 -9.456354394004875749e-04 9.999097191382781968e-01 -1.340370644357085674e-02 -1.618800000000000100e-02 -8.048718497120904702e-01 7.193361257216439666e-03 5.934050565127173549e-01 4.423521499999999662e+00
4.558583871737136306e-01 1.778422314508014759e-02 8.898746272652720002e-01 -2.900764000000000120e-01 -8.405545100179611512e-03 9.998417924618580033e-01 -1.567599624354320056e-02 -1.967030000000000167e-02 -8.900126278064539598e-01 -3.338469480609652928e-04 4.559357530302551309e-01 4.451555700000000115e+00
4.126808322274714280e-01 1.485771208387931010e-02 9.107545108884578244e-01 -2.684639999999999804e-01 -1.042295343143583367e-03 9.998740073193747024e-01 -1.583928999396121140e-02 -2.043910000000000171e-02 -9.108750980965827360e-01 5.587296191154121454e-03 4.126443235872911952e-01 4.459287200000000340e+00
3.735624506424140567e-01 7.136118566585516673e-03 9.275775823519225582e-01 -2.455017999999999923e-01 1.402401262176438367e-02 9.998126719089002190e-01 -1.333972115040667206e-02 -2.098329999999999987e-02 -9.274990148458479577e-01 1.799157864640141269e-02 3.733923948847804875e-01 4.465204199999999624e+00
3.377892523428729921e-01 3.290882261287915965e-03 9.412160172328056795e-01 -2.229598999999999887e-01 1.846770908863775568e-02 9.997782052224332139e-01 -1.012344226178697390e-02 -2.155929999999999999e-02 -9.410405754921837840e-01 2.080169358856698292e-02 3.376535573945387281e-01 4.471346900000000346e+00
2.461879670904267015e-01 1.976546726135369747e-02 9.690205421784532369e-01 -1.533951000000000064e-01 1.895403473058032348e-03 9.997803086980803222e-01 -2.087442898010431064e-02 -2.439469999999999833e-02 -9.692202496365609488e-01 6.975718135894990249e-03 2.460964182001258438e-01 4.489690799999999982e+00
1.961598738812072029e-01 2.240746359896826287e-02 9.803158722850351392e-01 -1.028077000000000019e-01 1.021177579223804185e-02 9.996379765327578770e-01 -2.489247895775924257e-02 -2.667790000000000092e-02 -9.805187522500919961e-01 1.489367142629169534e-02 1.958600394091855046e-01 4.498074500000000420e+00
1.770655588858468243e-01 2.847288562285982608e-02 9.837871124591694993e-01 -7.663749999999999729e-02 1.838699191201272412e-02 9.993112858423817135e-01 -3.223154536278725196e-02 -2.687720000000000040e-02 -9.840272894512991364e-01 2.379598227334555477e-02 1.764200806109563757e-01 4.500895500000000382e+00
8.636741358849196748e-02 2.305989654026714686e-02 9.959964412795793143e-01 8.228810000000000291e-02 2.757866628002856452e-02 9.992936271790585634e-01 -2.552770740853137557e-02 -3.692279999999999868e-02 -9.958815627554559180e-01 2.967301553386422416e-02 8.567044480378205318e-02 4.526078700000000232e+00
6.557632345369406035e-02 2.429937233029294541e-02 9.975516459345100673e-01 1.505058999999999980e-01 3.190215746532196195e-02 9.991413461343494617e-01 -2.643525664520484514e-02 -3.892339999999999689e-02 -9.973374545014109804e-01 3.355757662874121056e-02 6.474481368767592837e-02 4.532947100000000340e+00
3.919752241019070632e-02 2.601348027769494892e-02 9.988928136095208687e-01 3.090829999999999966e-01 3.640021275213625035e-02 9.989603957303961890e-01 -2.744361991008852086e-02 -4.437189999999999884e-02 -9.985682644408954145e-01 3.743563283840899147e-02 3.820987628200356312e-02 4.539420100000000069e+00
3.128957268703856653e-02 2.530433869061332608e-02 9.991899984910244115e-01 3.955243999999999982e-01 3.560578326722580594e-02 9.990167560750113918e-01 -2.641494424163396554e-02 -4.694199999999999762e-02 -9.988759636906827666e-01 3.640345484692377592e-02 3.035782660564012581e-02 4.542205300000000001e+00
2.816471184964738569e-02 2.520342498028562209e-02 9.992855129419665472e-01 4.925949000000000022e-01 3.836424350820544227e-02 9.989183076403448380e-01 -2.627545396358654806e-02 -4.817040000000000211e-02 -9.988668248702973207e-01 3.907687334233067578e-02 2.716733596284326424e-02 4.540824899999999609e+00
3.296550596951490497e-02 2.560098099674552180e-02 9.991285528840513352e-01 5.896740999999999788e-01 4.314936011806169008e-02 9.987033539075338417e-01 -2.701376714279301455e-02 -4.993229999999999891e-02 -9.985246156893560210e-01 4.400228023463659960e-02 3.181809542660918311e-02 4.540110099999999704e+00
4.314737522315355983e-02 2.592678393818568724e-02 9.987322493471287865e-01 6.890230000000000521e-01 4.534507976714499677e-02 9.985822068068713753e-01 -2.788189358042512944e-02 -5.193210000000000187e-02 -9.980391413928934030e-01 4.649062403691234246e-02 4.191054908247826560e-02 4.540379999999999860e+00
5.166869894375517719e-02 2.310411947573569325e-02 9.983969877822701511e-01 7.911540000000000239e-01 4.635847560487578456e-02 9.985991375324163588e-01 -2.550792541752854720e-02 -5.468549999999999800e-02 -9.975877090707622186e-01 4.760212372116388174e-02 5.052524644356792827e-02 4.544824600000000103e+00
5.983956829741225031e-02 1.985287862860564412e-02 9.980105657136788544e-01 8.961120999999999670e-01 4.262149978629708319e-02 9.988395923955467604e-01 -2.242490622198053951e-02 -5.807430000000000231e-02 -9.972976656053829103e-01 4.387860382072106269e-02 5.892397054508624610e-02 4.551421200000000056e+00
6.732690500453150650e-02 2.479194259943543269e-02 9.974229030078752833e-01 1.002579499999999957e+00 3.783031523980524835e-02 9.989089389041632128e-01 -2.738245836691117693e-02 -6.185170000000000251e-02 -9.970135180183706813e-01 3.957639902144918093e-02 6.631556023383411436e-02 4.558559899999999665e+00
6.833497919458993153e-02 3.340773814844380518e-02 9.971029303187709525e-01 1.109906199999999954e+00 2.900685400906675288e-02 9.989501304550305605e-01 -3.545757019839734098e-02 -6.587260000000000337e-02 -9.972406595395976181e-01 3.134581145356744175e-02 6.729418299783240798e-02 4.566814400000000163e+00
6.871209681657519663e-02 3.089802841397823116e-02 9.971579411463354914e-01 1.217900299999999936e+00 2.398746335541003180e-02 9.991801407714210326e-01 -3.261361509823908211e-02 -7.094119999999999593e-02 -9.973481084119238949e-01 2.616023945097255624e-02 6.791459724555037880e-02 4.574441400000000435e+00
6.894728369811896351e-02 2.939623902287790205e-02 9.971871104271058384e-01 1.325663400000000047e+00 2.229109341905148936e-02 9.992708214919195919e-01 -3.099891077195013681e-02 -7.564150000000000040e-02 -9.973712344081487879e-01 2.436568173013095237e-02 6.824173451042803151e-02 4.582428900000000027e+00
6.894638315900843140e-02 3.020540643581518317e-02 9.971629905242865854e-01 1.432765000000000066e+00 1.796782598948437268e-02 9.993418038858623564e-01 -3.151374676807482123e-02 -8.065659999999999497e-02 -9.974585472482065951e-01 2.008960995634188201e-02 6.835827743074895935e-02 4.590920900000000415e+00
6.479602646557822143e-02 3.132737198244479188e-02 9.974066726861946508e-01 1.539833199999999902e+00 1.170681213677318179e-02 9.994144616851468044e-01 -3.215096148146230626e-02 -8.540639999999999343e-02 -9.978298579937697754e-01 1.375970709214791900e-02 6.439134225089504504e-02 4.599165900000000029e+00
5.616703521906574181e-02 2.786067641959278848e-02 9.980325880772346059e-01 1.647200800000000021e+00 7.574005929156694267e-03 9.995699348094911896e-01 -2.832984043609706667e-02 -9.008889999999999953e-02 -9.983926575195180009e-01 9.150307885113350553e-03 5.593186280397166588e-02 4.606025200000000375e+00
4.252903357636902970e-02 2.612056357991225652e-02 9.987537221263946829e-01 1.752191400000000066e+00 5.329062685948763797e-03 9.996380304002462358e-01 -2.637061372827211730e-02 -9.464999999999999802e-02 -9.990810189338745761e-01 6.443937909715348467e-03 4.237444123839784194e-02 4.611351499999999604e+00
2.437986775399158396e-02 2.789732819206076908e-02 9.993134448850581331e-01 1.855677699999999986e+00 5.947302770976790887e-03 9.995888259291183520e-01 -2.805010993556161791e-02 -9.856919999999999571e-02 -9.996850762305337090e-01 6.627077590553186529e-03 2.420392952726013736e-02 4.613922099999999915e+00
3.291856167894278897e-03 2.580245820367707554e-02 9.996616411734611241e-01 1.958369599999999933e+00 6.805507707088084834e-03 9.996433292139756954e-01 -2.582439588543732067e-02 -1.030910000000000021e-01 -9.999714239656145587e-01 6.888215200363936863e-03 3.115083230800452796e-03 4.615138499999999588e+00
-1.869368460281664243e-02 2.555268928497004405e-02 9.994986774509887484e-01 2.059915999999999858e+00 8.751814324478753016e-03 9.996392458031621020e-01 -2.539259726997516661e-02 -1.071707999999999966e-01 -9.997869532565423212e-01 8.272745638001868101e-03 -1.891057316975497393e-02 4.614045100000000232e+00
-3.956089359413986206e-02 2.713335989123517866e-02 9.988486954884836511e-01 2.159544499999999978e+00 9.109453444112439527e-03 9.995994973308613973e-01 -2.679296164739426028e-02 -1.112980999999999970e-01 -9.991756369908058044e-01 8.039012184460347932e-03 -3.979221942937349876e-02 4.610092200000000418e+00
-5.061037658307607906e-02 2.846334809783952410e-02 9.983127904605751946e-01 2.208787399999999845e+00 1.021042698591811612e-02 9.995563020646994756e-01 -2.798117552048794143e-02 -1.130676999999999932e-01 -9.986662790756902774e-01 8.777062025776828993e-03 -5.087854380100920171e-02 4.608455700000000377e+00
-6.931338572727120673e-02 2.952400789020989680e-02 9.971579551490932225e-01 2.303820099999999815e+00 1.214416111167195000e-02 9.995128718365163811e-01 -2.874958058847742332e-02 -1.173016000000000059e-01 -9.975210142698327509e-01 1.011691609228953376e-02 -6.963816553345802962e-02 4.602511400000000030e+00
-8.832216547629344328e-02 2.909826741717583959e-02 9.956668548861595802e-01 2.396784100000000084e+00 1.412488844319547548e-02 9.995093098784574304e-01 -2.795759275683515344e-02 -1.216718999999999995e-01 -9.959918085064984883e-01 1.159440811806628641e-02 -8.868983644333883198e-02 4.596164700000000103e+00
-1.003293020787994483e-01 2.651904200912637635e-02 9.946008101521428557e-01 2.488185899999999950e+00 1.931873346044849990e-02 9.995081993990104774e-01 -2.470113097880683242e-02 -1.253985999999999990e-01 -9.947667152060652995e-01 1.673618071921468761e-02 -1.007922743719409375e-01 4.586978399999999567e+00
-1.095234358831639609e-01 2.304140777081381194e-02 9.937171179567576562e-01 2.661260599999999865e+00 2.503780471207221400e-02 9.994780232104073514e-01 -2.041542197988268498e-02 -1.328022000000000091e-01 -9.936688207484150048e-01 2.264452797820310642e-02 -1.100431734597733247e-01 4.569373099999999965e+00
-3.133261695808071956e-02 3.013961407518387856e-02 9.990544883928793585e-01 2.953415199999999796e+00 2.123785345282920220e-02 9.993396601853767880e-01 -2.948214987567364387e-02 -1.472122999999999904e-01 -9.992833535565750491e-01 2.029401990672401873e-02 -3.195202749046055501e-02 4.553870700000000049e+00
3.321819278571570555e-01 1.935015921350479590e-02 9.430168281337901748e-01 3.238272199999999934e+00 -2.940173342899020728e-03 9.998059285410036967e-01 -1.947974935606324592e-02 -1.596178000000000041e-01 -9.432107517335751590e-01 3.698187755287145675e-03 3.321743536480660230e-01 4.608762300000000423e+00
3.907327841528885903e-01 2.006862954424793594e-02 9.202853587319250739e-01 3.266790900000000164e+00 -1.482898231572769496e-03 9.997747389038733612e-01 -2.117244583242035294e-02 -1.605865999999999960e-01 -9.205029562152242661e-01 6.908079176421942288e-03 3.906745269928989517e-01 4.622137999999999636e+00
5.089874298793156671e-01 2.704253848343565747e-02 8.603490555217809810e-01 3.317391900000000060e+00 -1.025547127446648638e-04 9.995082767736725993e-01 -3.135592676758580666e-02 -1.625623999999999958e-01 -8.607739457647283210e-01 1.587153972666835791e-02 5.087399222779014352e-01 4.654930099999999626e+00
6.737836453633104794e-01 3.592018553649675705e-02 7.380551060130621233e-01 3.380742800000000159e+00 -1.083600158111041808e-02 9.991906878922522939e-01 -3.873693714198132854e-02 -1.654704999999999926e-01 -7.388492270488363767e-01 1.810274842202943754e-02 6.736275752883826851e-01 4.714876699999999587e+00
7.667539098160790489e-01 3.095032551653411484e-02 6.411946031683178893e-01 3.414636400000000016e+00 -1.313939592063412438e-02 9.993844627791421686e-01 -3.252770865717716231e-02 -1.670699999999999963e-01 -6.418066671955012792e-01 1.651583803704650272e-02 7.666886128261833910e-01 4.760923899999999875e+00
8.078936819330673202e-01 2.473175205106293434e-02 5.888090854709330246e-01 3.429062599999999961e+00 -1.254331734529479624e-02 9.996143241765366172e-01 -2.477636153798785934e-02 -1.682121000000000033e-01 -5.891947588723164264e-01 1.263104673297512671e-02 8.078923150864986136e-01 4.785533899999999896e+00
8.764362261040535840e-01 1.789087753321232793e-02 4.811854715944527960e-01 3.455278900000000153e+00 -1.489896114243962309e-02 9.998386196289129613e-01 -1.003771166282632632e-02 -1.701438999999999868e-01 -4.812874011745584824e-01 1.628250484895908505e-03 8.765613419898221625e-01 4.837862999999999580e+00
9.378465256850783138e-01 2.557863717743177542e-02 3.461063818836241368e-01 3.482767799999999969e+00 -2.837844446875398621e-02 9.995926786111695161e-01 3.023368399798605048e-03 -1.726261000000000045e-01 -3.458880717081200262e-01 -1.265741628818296133e-02 9.381904026704526167e-01 4.922020899999999699e+00
9.656950914602457914e-01 2.584816232278814088e-02 2.583889758370551126e-01 3.505833599999999883e+00 -2.762652190767428753e-02 9.996130205331825724e-01 3.253377907948626878e-03 -1.734664999999999957e-01 -2.582048907686921302e-01 -1.028015977803511602e-02 9.660354821113279478e-01 5.012357699999999916e+00
9.697891027984539836e-01 2.279587060923381203e-02 2.428774266508451352e-01 3.513306099999999876e+00 -2.447433014736426216e-02 9.996928699140721353e-01 3.895254395258342887e-03 -1.738966000000000123e-01 -2.427140359707435635e-01 -9.721837590344355531e-03 9.700491650512665931e-01 5.044137000000000093e+00
9.726781408729230360e-01 2.685367453965910658e-02 2.305994675442943620e-01 3.519804999999999851e+00 -2.845429883145661129e-02 9.995885477706476507e-01 3.617740147904262554e-03 -1.740098999999999951e-01 -2.304074372627849254e-01 -1.008044292110498071e-02 9.730420327634927702e-01 5.076783200000000384e+00
9.761530264004771862e-01 4.652157457201282903e-02 2.120401191957073939e-01 3.539507400000000192e+00 -4.747355735923721592e-02 9.988723136128686564e-01 -6.020376517812415368e-04 -1.746708999999999901e-01 -2.118290121792772152e-01 -9.478617885303620288e-03 9.772607765597348672e-01 5.179226899999999745e+00
9.740224870155513859e-01 4.623678063963011786e-02 2.216807499629206701e-01 3.573155900000000162e+00 -4.358930396820050179e-02 9.989078842376516443e-01 -1.682294229396838481e-02 -1.781589000000000089e-01 -2.222164876142363188e-01 6.723014498057789702e-03 9.749741707904117094e-01 5.324507699999999843e+00
9.729440224632883716e-01 5.090989784749960084e-02 2.253621784020410079e-01 3.582018399999999936e+00 -4.846079325096883800e-02 9.986906088809958115e-01 -1.638960799997231377e-02 -1.789329000000000058e-01 -2.259014844361210972e-01 5.024941199960291163e-03 9.741371922350022805e-01 5.362172100000000441e+00
9.714683348574176813e-01 5.377997561584543090e-02 2.309913171357641792e-01 3.590961500000000139e+00 -5.234512916010552325e-02 9.985528046169069860e-01 -1.234033406845237019e-02 -1.797188000000000119e-01 -2.313206904333634795e-01 -1.030265412707859901e-04 9.728775501382297408e-01 5.401883599999999674e+00
9.698522070185944255e-01 4.616702666768077168e-02 2.392808019667002073e-01 3.611945899999999821e+00 -4.704424008505168897e-02 9.988907089750230783e-01 -2.047192759812854323e-03 -1.814676000000000067e-01 -2.391098827233654189e-01 -9.271309079168170431e-03 9.709482513563619799e-01 5.483128999999999920e+00
9.684737518630512909e-01 3.932856119813218920e-02 2.459915775517317049e-01 3.633505299999999938e+00 -4.140677376998533332e-02 9.991369892699396571e-01 3.279597316994536937e-03 -1.825412999999999897e-01 -2.456503023370134320e-01 -1.336192151919605650e-02 9.692664174596418158e-01 5.567184899999999992e+00
9.685691526568164234e-01 3.583206778858571279e-02 2.461500750348268041e-01 3.644896300000000089e+00 -3.699107277218655759e-02 9.993155924671435208e-01 8.477738366332709247e-05 -1.829919999999999880e-01 -2.459785703203014318e-01 -9.187468097151707536e-03 9.692317232597912335e-01 5.609613900000000264e+00
9.687353632278711268e-01 3.519138872936717483e-02 2.455877891733692919e-01 3.656018700000000177e+00 -3.455056248111638278e-02 9.993790013058058141e-01 -6.918842478965079104e-03 -1.835791999999999979e-01 -2.456787631522171222e-01 -1.782668872457071271e-03 9.693496621073780517e-01 5.652813400000000321e+00
9.700986327335163750e-01 3.877049057816442379e-02 2.395944319655417543e-01 3.689343899999999898e+00 -3.673836217674956994e-02 9.992410890460842188e-01 -1.294367438425483505e-02 -1.854973000000000039e-01 -2.399144337323874665e-01 3.754333805630794170e-03 9.707867785793869997e-01 5.788796900000000356e+00
9.705213925097614380e-01 3.472555649001174416e-02 2.385002356547527569e-01 3.700746999999999787e+00 -3.449578699625521772e-02 9.993916332383110390e-01 -5.138491293192586767e-03 -1.863671000000000078e-01 -2.385335770084006102e-01 -3.240237602434470343e-03 9.711288449530562916e-01 5.836202100000000392e+00
9.710918233107389552e-01 3.522286339828858276e-02 2.360932455472838087e-01 3.712079800000000152e+00 -3.642343339787153939e-02 9.993361840754267922e-01 7.243597694808314238e-04 -1.873085999999999918e-01 -2.359110090659936876e-01 -9.302746454156910622e-03 9.717301347132722977e-01 5.884331200000000095e+00
9.725459850383350036e-01 4.546055685297690357e-02 2.282271779530909428e-01 3.745092200000000204e+00 -4.433761883381041186e-02 9.989660741437289548e-01 -1.004779906315573894e-02 -1.888034000000000101e-01 -2.284479865132593712e-01 -3.471029862563094343e-04 9.735560574397114086e-01 6.030839000000000283e+00
9.735285958265513795e-01 4.393923090516083790e-02 2.243020666321336454e-01 3.756482099999999935e+00 -4.210490437531392433e-02 9.990291774554019844e-01 -1.295683681801115296e-02 -1.895077000000000012e-01 -2.246536225737943426e-01 3.169634087060878638e-03 9.744335294334988129e-01 6.081182000000000087e+00
9.754240857374628648e-01 3.795361637834869517e-02 2.170423368079135995e-01 3.779686700000000066e+00 -3.688685902627046598e-02 9.992792284494985688e-01 -8.965668996275901609e-03 -1.916746000000000005e-01 -2.172261784279480301e-01 7.393194031513174516e-04 9.761210175036747483e-01 6.184167900000000273e+00
9.758231345490290254e-01 3.690230954974837302e-02 2.154238371880005665e-01 3.791209199999999946e+00 -3.641364455697478769e-02 9.993173331271439919e-01 -6.238124856966403495e-03 -1.926593000000000055e-01 -2.155069756852105445e-01 -1.757060484830289589e-03 9.765007200045818792e-01 6.237278500000000392e+00
9.766409751848839083e-01 2.904023828795769535e-02 2.129062473251965293e-01 3.826834900000000150e+00 -2.948096111832430866e-02 9.995647311098059262e-01 -1.105103127010868911e-03 -1.949838999999999878e-01 -2.128456683173490793e-01 -5.197391803598698859e-03 9.770720078873311731e-01 6.397822399999999909e+00
9.763514968269288996e-01 3.485566457644208999e-02 2.133608147967893942e-01 3.838032000000000110e+00 -3.499328034265494075e-02 9.993826375614426327e-01 -3.132741865289273477e-03 -1.955452000000000023e-01 -2.133382876435349906e-01 -4.407537596973768595e-03 9.769684481280117572e-01 6.452421199999999857e+00
9.755178184667369079e-01 4.912461862295409293e-02 2.143636109488915586e-01 3.860711799999999805e+00 -4.849783634447337594e-02 9.987897468107287402e-01 -8.185446577006847552e-03 -1.967672000000000032e-01 -2.145062836464309841e-01 -2.411122334031965200e-03 9.767196326302073350e-01 6.561452899999999921e+00
