9.999790539899053865e-01 -4.801750787618152584e-03 -4.339904472171161008e-03 2.394822599999999913e+00 4.780570680002443722e-03 9.999766773832545752e-01 -4.877584803960831848e-03 -8.621209999999999984e-02 4.363224200916538363e-03 4.856735417946618331e-03 9.999786869707036896e-01 5.744031399999999898e+00
9.999532665794506059e-01 -4.908485320563418450e-03 -8.328951251145331330e-03 2.394404600000000105e+00 4.856152581535322366e-03 9.999684146018471553e-01 -6.291866239288726979e-03 -8.643699999999999994e-02 8.359571710978366127e-03 6.251125540737994916e-03 9.999455190110523306e-01 5.772640199999999666e+00
9.999075040384094448e-01 -3.585134408688364204e-03 -1.311983913582159302e-02 2.393693199999999965e+00 3.496260940759483068e-03 9.999708311656853033e-01 -6.790653668287214423e-03 -8.677450000000000441e-02 1.314380185153126747e-02 6.744155179126716873e-03 9.998908724674946402e-01 5.801778800000000125e+00
9.997591479279644977e-01 -2.509211997684919395e-03 -2.180252254903537398e-02 2.391868600000000011e+00 2.325654217915287727e-03 9.999616748559406743e-01 -8.440388128561304021e-03 -8.751420000000000032e-02 2.182286568737512936e-02 8.387650115064398948e-03 9.997266675740614783e-01 5.862008099999999722e+00
9.995239698450644195e-01 4.228060628904123505e-04 -3.084890500805701971e-02 2.389495600000000053e+00 -6.510588110055659126e-04 9.999724861722014690e-01 -7.389385699173065848e-03 -8.835270000000000623e-02 3.084493195952220726e-02 7.405952580169177825e-03 9.994967443862901035e-01 5.924073700000000109e+00
9.993721362253594753e-01 -4.834944183434825254e-04 -3.542738445763078670e-02 2.388357200000000180e+00 3.139781418458066609e-04 9.999884771498865899e-01 -4.790301157236651931e-03 -8.869219999999999882e-02 3.542929231706148929e-02 4.776170076327941084e-03 9.993607724167054007e-01 5.956213499999999605e+00
9.992461784573046790e-01 -1.137131197027916978e-03 -3.880440401698270064e-02 2.386950300000000080e+00 1.048055367667331903e-03 9.999967693817845005e-01 -2.315773292087768172e-03 -8.899189999999999878e-02 3.880691199282392673e-02 2.273358448373063133e-03 9.992441420508535455e-01 5.988345100000000087e+00
9.991427334821345596e-01 3.775194621710847029e-04 -4.139632361579644731e-02 2.385279399999999939e+00 -4.990916444374320299e-04 9.999955932676540815e-01 -2.926491551805864271e-03 -8.941480000000000261e-02 4.139503638576148142e-02 2.944643327810757532e-03 9.991385189443420245e-01 6.020934600000000358e+00
9.988806731614235934e-01 -3.077948463487949898e-03 -4.720092179012245343e-02 2.380434300000000114e+00 2.939560203031271399e-03 9.999911763603920312e-01 -3.001031018152944350e-03 -9.043859999999999399e-02 4.720974232501062157e-02 2.858921932350289800e-03 9.988809072131625832e-01 6.120472000000000357e+00
9.988108767275750699e-01 -4.416388330857606327e-03 -4.855232275395226366e-02 2.378713100000000136e+00 4.251420655002701061e-03 9.999848359352992988e-01 -3.500474520231040918e-03 -9.073680000000000634e-02 4.856704595821226961e-02 3.289895676709993309e-03 9.988145066193869770e-01 6.154326000000000185e+00
9.987156866956979906e-01 -2.324026956925370844e-03 -5.061201484473624307e-02 2.376883700000000044e+00 2.039754169150354273e-03 9.999818585067498100e-01 -5.667632690628652929e-03 -9.123970000000000691e-02 5.062426839836554199e-02 5.557117606271530681e-03 9.987023089454836189e-01 6.188515200000000327e+00
9.985612863257469218e-01 1.891383110526188632e-03 -5.358899253950296510e-02 2.372544500000000056e+00 -2.424610142258828635e-03 9.999481824723200907e-01 -9.887043843422791550e-03 -9.227090000000000292e-02 5.356751550266022205e-02 1.000275163307202952e-02 9.985141292153253412e-01 6.257717600000000324e+00
9.984903490781621427e-01 2.896264481012094261e-03 -5.485102049940337315e-02 2.370495800000000042e+00 -3.422476696657690987e-03 9.999489982339353489e-01 -9.501977910414806036e-03 -9.289740000000000497e-02 5.482070275936615916e-02 9.675359580150167185e-03 9.984493367046541890e-01 6.292972599999999694e+00
9.984191678009315396e-01 1.983757153948150723e-03 -5.617143469103915571e-02 2.368380300000000105e+00 -2.436059259923157184e-03 9.999651533209716892e-01 -7.984845586976711124e-03 -9.357820000000000027e-02 5.615363730852757779e-02 8.109059829590502255e-03 9.983892087586396791e-01 6.328399199999999780e+00
9.983312355882949518e-01 2.687819256917862998e-03 -5.768465720094520521e-02 2.366314599999999935e+00 -3.058551981665233108e-03 9.999752273168188710e-01 -6.339559326321606708e-03 -9.421780000000000432e-02 5.766618860757029286e-02 6.505411617925577900e-03 9.983147250798004579e-01 6.364234399999999958e+00
9.982800358673898922e-01 2.324598358387215506e-03 -5.857957178978815543e-02 2.363990100000000094e+00 -2.701212959587014593e-03 9.999761854544323425e-01 -6.350745826263493043e-03 -9.475419999999999676e-02 5.856341381058415702e-02 6.498058669712630103e-03 9.982625415171979544e-01 6.400210900000000258e+00
9.981071493281121754e-01 3.881725331994674306e-04 -6.149770550348920145e-02 2.359526600000000141e+00 -9.147985126270769419e-04 9.999631542013717178e-01 -8.535419340898025772e-03 -9.570779999999999565e-02 6.149212635606864791e-02 8.575521076188334299e-03 9.980707283727346946e-01 6.472518400000000227e+00
9.980785301870525039e-01 2.653089578867507824e-04 -6.196109417053444895e-02 2.357057300000000133e+00 -6.914254749147844339e-04 9.999762595326507908e-01 -6.855822481758959246e-03 -9.627990000000000159e-02 6.195780427408328211e-02 6.885490704780433853e-03 9.980550187776667803e-01 6.509139499999999856e+00
9.980636015497624802e-01 1.543684434121271511e-03 -6.218250798966414722e-02 2.354780700000000060e+00 -1.748716162258241117e-03 9.999932125463443233e-01 -3.242969784855604613e-03 -9.697559999999999514e-02 6.217707980679577223e-02 3.345429659921321606e-03 9.980595267052410069e-01 6.546013799999999883e+00
9.981040695021061726e-01 2.487740346828516431e-03 -6.149859828729072747e-02 2.352417200000000097e+00 -2.446319289304032304e-03 9.999967273949436075e-01 7.488132862133963820e-04 -9.758139999999999870e-02 6.150025987969136992e-02 -5.969483810114770660e-04 9.981068889088787754e-01 6.583087899999999770e+00
9.982965570150817980e-01 1.436386623126794304e-03 -5.832598944983505285e-02 2.347812400000000022e+00 -1.185290205111553261e-03 9.999898822098504114e-01 4.339419898902712423e-03 -9.826210000000000500e-02 5.833163240440844555e-02 -4.262894720518983598e-03 9.982881589950061141e-01 6.657752499999999962e+00
9.983763266960435923e-01 1.643977494593437411e-03 -5.693863039195851822e-02 2.345555800000000080e+00 -1.556721570174724335e-03 9.999975451938514226e-01 1.576776529568865975e-03 -9.862139999999999795e-02 5.694108280378714498e-02 -1.485578765504132290e-03 9.983764350909248853e-01 6.695345900000000405e+00
9.984230995565515077e-01 2.740993452314806431e-03 -5.606961054602269123e-02 2.343228600000000217e+00 -2.923164669875248384e-03 9.999907117372898169e-01 -3.167261823902782145e-03 -9.900280000000000191e-02 5.606040831282879666e-02 3.326168071929950718e-03 9.984218383157271726e-01 6.732771900000000365e+00
9.984855757504284002e-01 1.614857178641222182e-03 -5.499042875472004432e-02 2.341095399999999938e+00 -1.967367339008330336e-03 9.999778596499974137e-01 -6.356860511552809428e-03 -9.926699999999999413e-02 5.497894582554992138e-02 6.455419901333071114e-03 9.984666459475792788e-01 6.770727199999999613e+00
9.985145943902651311e-01 -9.105757216025869849e-04 -5.447729473367323577e-02 2.339229599999999909e+00 6.164512376943761824e-04 9.999851455815150780e-01 -5.415588997293192298e-03 -9.974040000000000683e-02 5.448141680899844935e-02 5.373962055251780938e-03 9.985003233621473351e-01 6.809284199999999565e+00
9.984921142963414376e-01 -3.221823906489125477e-03 -5.480070746566600981e-02 2.337241399999999913e+00 3.214148881643899384e-03 9.999948085751083626e-01 -2.281880784896206100e-04 -1.003847999999999963e-01 5.480115815371564003e-02 5.170636433425590279e-05 9.984972861212310091e-01 6.847856000000000165e+00
9.984372158522791807e-01 -7.085832489221808271e-03 -5.543389738313555387e-02 2.335097600000000106e+00 7.271734888106152171e-03 9.999685910048541349e-01 3.152598211617133050e-03 -1.008282000000000067e-01 5.540981747728839640e-02 -3.550771986692527471e-03 9.984573822379361197e-01 6.886488400000000176e+00
9.982902944018338109e-01 -1.428734711037024999e-02 -5.667768357694037001e-02 2.333274400000000082e+00 1.445432874612972637e-02 9.998923114781710364e-01 2.537287397789223051e-03 -1.011954000000000048e-01 5.663532893520429462e-02 -3.352187254311280330e-03 9.983893040077168601e-01 6.925151299999999566e+00
9.981744649006824011e-01 -1.646366353254797438e-02 -5.810925402484026780e-02 2.331153399999999820e+00 1.640852014235758688e-02 9.998643542783620664e-01 -1.426012009757045805e-03 -1.015621000000000024e-01 5.812484913506624218e-02 4.699219096572207943e-04 9.983092111597612339e-01 6.963939200000000440e+00
9.981011425412085192e-01 -1.622930906030704140e-02 -5.941985177833342124e-02 2.328758000000000106e+00 1.594891491116900289e-02 9.998593375039962483e-01 -5.190117457821664428e-03 -1.020799000000000012e-01 5.949572565395239154e-02 4.232580004527961882e-03 9.982195870125044612e-01 7.002802800000000438e+00
9.979790632073530787e-01 -1.470240773783657029e-02 -6.181932227454749879e-02 2.326299399999999906e+00 1.433998470859134539e-02 9.998773158530841476e-01 -6.302228255878045311e-03 -1.024397999999999975e-01 6.190439595320616079e-02 5.403003714807590695e-03 9.980674592994837058e-01 7.042056600000000444e+00
9.979362769721912274e-01 -1.434189136310195546e-02 -6.258991336478392231e-02 2.323779599999999945e+00 1.405617292395500324e-02 9.998886913796356524e-01 -5.002884553090303568e-03 -1.029724999999999946e-01 6.265469739464113452e-02 4.112785339481856567e-03 9.980267901670462072e-01 7.081550100000000292e+00
9.978345996630896275e-01 -1.109987646710567516e-02 -6.482981148836261531e-02 2.318052499999999849e+00 1.107810716949525834e-02 9.999383941751488480e-01 -6.952668306024686884e-04 -1.043798999999999977e-01 6.483353497028229717e-02 -2.443029987301637354e-05 9.978960928605831171e-01 7.160198199999999957e+00
9.977889881808592598e-01 -9.860461019178735909e-03 -6.572599465589189227e-02 2.312601100000000187e+00 1.020317116341721425e-02 9.999360355314972360e-01 4.880588464749465415e-03 -1.052545000000000008e-01 6.567366567526959631e-02 -5.540410999329452475e-03 9.978257731100812489e-01 7.239412299999999689e+00
9.977820506015008251e-01 -4.625846158398424883e-03 -6.640467637736650885e-02 2.306866600000000211e+00 5.055530697706671871e-03 9.999673493435691229e-01 6.304114224920435994e-03 -1.056272999999999934e-01 6.637334635852325249e-02 -6.625842898464257696e-03 9.977728584698304370e-01 7.317897799999999897e+00
9.977727278204231443e-01 -4.410465332331511834e-03 -6.655923236744960836e-02 2.304300099999999851e+00 4.722419793882470448e-03 9.999785875077858988e-01 4.530262379134840020e-03 -1.059178999999999954e-01 6.653782660323522002e-02 -4.834492888169275235e-03 9.977721910884428391e-01 7.356913600000000386e+00
9.977779259283001689e-01 -2.270163522717144264e-03 -6.658871441768261790e-02 2.301433600000000190e+00 2.416428103106066198e-03 9.999948415345892849e-01 2.116076424468022084e-03 -1.061411000000000021e-01 6.658356708259242918e-02 -2.272281186780068969e-03 9.977782646123166677e-01 7.395968400000000109e+00
9.977088078586798803e-01 -2.520598622739006391e-03 -6.760755360013299964e-02 2.298790900000000192e+00 2.674419711589131731e-03 9.999940370616066110e-01 2.184792996242236780e-03 -1.066610000000000058e-01 6.760164347423865128e-02 -2.360598189699350188e-03 9.977095997211657963e-01 7.434930300000000436e+00
9.976132160816487682e-01 -4.692944412887489064e-03 -6.889011084304640098e-02 2.296152800000000216e+00 4.954876351952844024e-03 9.999811294800662331e-01 3.631788004263891700e-03 -1.072367999999999932e-01 6.887176707161309086e-02 -3.964461692160073901e-03 9.976176435608609117e-01 7.473790600000000062e+00
9.975276425335961594e-01 -2.096455765377369662e-03 -7.024391258030632246e-02 2.290586499999999859e+00 2.200085158768561727e-03 9.999966026819163689e-01 1.397944891480890984e-03 -1.083463999999999955e-01 7.024074320976442243e-02 -1.549031261552585555e-03 9.975288659961126791e-01 7.550975300000000168e+00
9.974763548287904902e-01 -1.365343063539763277e-03 -7.098631837042827797e-02 2.287667799999999918e+00 1.165456201897014992e-03 9.999952390707885774e-01 -2.857192257793425647e-03 -1.087846999999999981e-01 7.098988145722191778e-02 2.767250273354176279e-03 9.974731971620161008e-01 7.588903900000000036e+00
9.974284985229165956e-01 -5.051272305349838610e-04 -7.166683459454027683e-02 2.284872099999999850e+00 2.256011710919098425e-04 9.999923367456312606e-01 -3.908395338708754024e-03 -1.093681999999999988e-01 7.166825963027025070e-02 3.882176772509260323e-03 9.974209689319124550e-01 7.627041799999999760e+00
9.974055927666659604e-01 -1.948691831843760115e-03 -7.196030932340534425e-02 2.282116900000000115e+00 1.920796161234955080e-03 9.999980509123510553e-01 -4.568518423724928662e-04 -1.099128999999999939e-01 7.196105932990883025e-02 3.174454967384028191e-04 9.974073917755341689e-01 7.665225000000000399e+00
9.973501879593156261e-01 -5.934395083927151981e-03 -7.250783083574836863e-02 2.276638699999999904e+00 6.188347508438100941e-03 9.999754783615034670e-01 3.278266431670732745e-03 -1.109736000000000056e-01 7.248659829673655131e-02 -3.718283296102175509e-03 9.973624553975838358e-01 7.741174700000000186e+00
9.973209086663828993e-01 -9.140788971294796714e-03 -7.257720795017243154e-02 2.273958899999999783e+00 9.331211416618781854e-03 9.999538523747730778e-01 2.285085195109164569e-03 -1.115817999999999949e-01 7.255297120283001056e-02 -2.956196514577335514e-03 9.973601793092646828e-01 7.778587299999999871e+00
9.971472390210316394e-01 -1.346492464190061390e-02 -7.427031383481219606e-02 2.268593099999999918e+00 1.367287292555797139e-02 9.999038947347460571e-01 2.292125705001068266e-03 -1.125513000000000069e-01 7.423231276671299339e-02 -3.301075381435647927e-03 9.972355121247091780e-01 7.853470800000000196e+00
9.969665739856725661e-01 -1.726715313415905922e-02 -7.589134191666355167e-02 2.263011000000000106e+00 1.815534481828479096e-02 9.997743454530222396e-01 1.102912637112247497e-02 -1.129963999999999968e-01 7.568377507629764356e-02 -1.237350381349238380e-02 9.970550950642486088e-01 7.928108199999999606e+00
9.968377365997249662e-01 -1.476949277285577802e-02 -7.807937611155711666e-02 2.257141100000000122e+00 1.555252603451298676e-02 9.998345825271267584e-01 9.430085723463703384e-03 -1.135506000000000015e-01 7.792718283553710934e-02 -1.061459683825246095e-02 9.969025451413383587e-01 8.001733800000000230e+00
9.967150091683091295e-01 -1.146784927464895333e-02 -8.017280668425698364e-02 2.250914100000000140e+00 1.125064930843736218e-02 9.999317151667500569e-01 -3.160362925334329887e-03 -1.141947999999999991e-01 8.020357466320231221e-02 2.247985030022072589e-03 9.967759694006215199e-01 8.073747600000000801e+00
9.966322938716051238e-01 -3.766353080498250055e-03 -8.191389013284343379e-02 2.244301999999999797e+00 3.807262097482661759e-03 9.999926934496813358e-01 3.432237937792839786e-04 -1.154355999999999993e-01 8.191199892289037499e-02 -6.539355660656962898e-04 9.966393514209299642e-01 8.144091599999999431e+00
9.965265895919758199e-01 -1.303091455327439960e-03 -8.326498777304319754e-02 2.241297199999999989e+00 1.450513186795135412e-03 9.999974858776080611e-01 1.710043846847341016e-03 -1.159498000000000056e-01 8.326255009114791328e-02 -1.824881125514658548e-03 9.965259743535022086e-01 8.178497300000000081e+00
9.964541209183963577e-01 -5.192502044727497846e-04 -8.413628993467038575e-02 2.238119600000000098e+00 6.337260954339343387e-04 9.999989095513073245e-01 1.333899333554745608e-03 -1.163079999999999947e-01 8.413550556086134280e-02 -1.382488850315525099e-03 9.964533633987076033e-01 8.212055199999999999e+00
9.963157565019182815e-01 1.239193522366857213e-03 -8.575183814603919152e-02 2.235018000000000171e+00 -1.057486771761203398e-03 9.999970985955881631e-01 2.164375691296386087e-03 -1.167881999999999948e-01 8.575427142561430072e-02 -2.065720169734676891e-03 9.963141762177443184e-01 8.245448100000000835e+00
9.960626746421229472e-01 1.658227831266600441e-03 -8.863632700670640019e-02 2.229128400000000010e+00 -1.380372887457577196e-03 9.999939401249258175e-01 3.195979367547580312e-03 -1.178551000000000043e-01 8.864108954357313719e-02 -3.061044574296602639e-03 9.960589275994881087e-01 8.310359000000000052e+00
9.958246806706202436e-01 4.208368696761763394e-03 -9.118933600026608854e-02 2.222996199999999867e+00 -3.581841143895048325e-03 9.999688518508000890e-01 7.033188623411643602e-03 -1.186118000000000033e-01 9.121609387206409958e-02 -6.677197099434915330e-03 9.958087362830364553e-01 8.373461700000000008e+00
9.955339511301648514e-01 8.758304732964013878e-03 -9.399704381185114421e-02 2.216692399999999896e+00 -7.571906522286318136e-03 9.998872045533392372e-01 1.297090598710918044e-02 -1.192560000000000009e-01 9.410004452060732882e-02 -1.220124045797012571e-02 9.954879764982128565e-01 8.434355699999999345e+00
9.953918576607401203e-01 1.148007018528898401e-02 -9.520114332948831359e-02 2.213518099999999933e+00 -1.070134521871496727e-02 9.999050099977623285e-01 8.686322114943335893e-03 -1.195110000000000061e-01 9.529181976020201228e-02 -7.627514006247798455e-03 9.954201575801414625e-01 8.463561999999999585e+00
9.950829495244668532e-01 1.108289015925683144e-02 -9.842303140731357980e-02 2.204868600000000178e+00 -1.171651332050532152e-02 9.999141759858657386e-01 -5.862079675114674308e-03 -1.204254000000000019e-01 9.834961556253084269e-02 6.986430291988842030e-03 9.951274003415228053e-01 8.546757700000000568e+00
9.948353184507979785e-01 3.000928699371553220e-03 -1.014577921593044219e-01 2.194647600000000143e+00 -3.907664876907469310e-03 9.999541744702266088e-01 -8.739514561887026800e-03 -1.224606000000000028e-01 1.014269161421617327e-01 9.090840803189757097e-03 9.948014562189693155e-01 8.647251100000000079e+00
9.952754298150793266e-01 1.271224500934006133e-03 -9.708348363484609056e-02 2.190011000000000152e+00 -2.597307591126479451e-03 9.999050372433631040e-01 -1.353404923242446448e-02 -1.237135000000000040e-01 9.705705950463511256e-02 1.372226233595749342e-02 9.951842174776973637e-01 8.692926399999999276e+00
9.979656501045044426e-01 3.192701297506095868e-04 -6.375311190897352265e-02 2.182116499999999792e+00 -3.040126149641374904e-04 9.999999227820637326e-01 2.490224820278706371e-04 -1.263167000000000040e-01 6.375318649152993122e-02 -2.291341329040328366e-04 9.979656701058035040e-01 8.798401800000000605e+00
9.994946431980048507e-01 1.082674387085179150e-02 -2.988711822253961939e-02 2.180115699999999990e+00 -1.081732172257043705e-02 9.999413773259629989e-01 4.769299806781840184e-04 -1.269296000000000035e-01 2.989052975849528990e-02 -1.533903876946643159e-04 9.995531665209937966e-01 8.836986500000000078e+00
9.999275206349046430e-01 9.054941551709258518e-03 -7.934828947588668663e-03 2.180637400000000170e+00 -9.047527927179332963e-03 9.999586000902016547e-01 9.697133860254719814e-04 -1.271370000000000000e-01 7.943281144418345291e-03 -8.978525153142288785e-04 9.999680485623135828e-01 8.855678599999999179e+00
9.323171253007971337e-01 7.321909583027948545e-03 3.615676527441518129e-01 2.214728399999999819e+00 -8.190738761155690051e-03 9.999660765346212177e-01 8.703898565601776629e-04 -1.300095000000000001e-01 -3.615490142005701735e-01 -3.772985557070762316e-03 9.323454697217024023e-01 9.002421399999999352e+00
8.458184458386519555e-01 7.313777516077872749e-03 5.334207207613261836e-01 2.240505900000000050e+00 -5.605452861596406551e-03 9.999726611774614193e-01 -4.822426348049504465e-03 -1.304542999999999953e-01 -5.334414078203002507e-01 1.088832453252204730e-03 8.458363191933678804e-01 9.040952700000000064e+00
8.091366371059860452e-01 7.157536553189433430e-03 5.875769499931950968e-01 2.250788700000000198e+00 -4.793430724744790657e-03 9.999729417759536387e-01 -5.580209479250711202e-03 -1.308470999999999940e-01 -5.876009917577598163e-01 1.698642527138653031e-03 8.091490524612027224e-01 9.052304299999999415e+00
7.260970447417118834e-01 5.871112068630788931e-03 6.875671688354745292e-01 2.273020700000000005e+00 -5.778598004280799914e-03 9.999803357397637482e-01 -2.436378233029619800e-03 -1.313122999999999929e-01 -6.875679525853843899e-01 -2.204127234765832378e-03 7.261166933769499510e-01 9.073194499999999607e+00
5.886353547032335820e-01 3.798627267893857438e-04 8.083985866499936446e-01 2.310884499999999786e+00 2.998691566049612942e-03 9.999919836569108877e-01 -2.653388552045246769e-03 -1.325298000000000032e-01 -8.083931141729809866e-01 3.986016335292415572e-03 5.886294969091209195e-01 9.097100299999999251e+00
4.946258121734934954e-01 5.521040189438292806e-03 8.690885018494597380e-01 2.337617400000000067e+00 -3.208741884095705696e-03 9.999846077913752129e-01 -4.526384412621453981e-03 -1.330792000000000086e-01 -8.691001150081808513e-01 -5.498141105680213504e-04 4.946359143827009364e-01 9.110362099999999685e+00
4.493536568471954706e-01 7.854802182474550365e-03 8.933194239244589552e-01 2.351532199999999850e+00 -4.362397668145868990e-03 9.999687161553311165e-01 -6.598196514485036787e-03 -1.333971999999999936e-01 -8.933433049867435249e-01 -9.320908394571995013e-04 4.493738651079178803e-01 9.115901900000000779e+00
4.068094962507696200e-01 5.378953435820276255e-03 9.134971815063966938e-01 2.365695000000000103e+00 2.690132179967756002e-03 9.999712744815462129e-01 -7.086141446983144736e-03 -1.335993000000000042e-01 -9.135090568511347042e-01 5.340137796689116596e-03 4.067833403413456672e-01 9.120539700000000138e+00
3.672936928983267513e-01 -2.063036954492703488e-03 9.301027292915735600e-01 2.380482699999999952e+00 1.733505031856160880e-02 9.998390266912163815e-01 -4.627821908181353749e-03 -1.337214999999999931e-01 -9.299434602101155356e-01 1.782314741243262377e-02 3.672703312667007225e-01 9.124189400000000560e+00
2.397627525040058327e-01 1.056002580563875082e-02 9.707740768926037545e-01 2.440864599999999829e+00 2.437213401308055936e-03 9.999311422957020135e-01 -1.147914012672438845e-02 -1.352537000000000045e-01 -9.708284516342416959e-01 5.118253823007732836e-03 2.397205059548805917e-01 9.139464399999999600e+00
1.908146348599288888e-01 1.336057229427591031e-02 9.815351599567087026e-01 2.473646599999999918e+00 1.068816751678759377e-02 9.998198198182294272e-01 -1.568728701134666781e-02 -1.363177999999999890e-01 -9.815678979053895636e-01 1.348417615624722919e-02 1.906374538095340077e-01 9.144311899999999937e+00
1.708022709214249979e-01 1.957138141169563472e-02 9.851109304427202451e-01 2.490504000000000051e+00 1.771493236406784799e-02 9.995801025189965383e-01 -2.293032532365834458e-02 -1.362862999999999991e-01 -9.851460629873219910e-01 2.136772514214464042e-02 1.703838457801358786e-01 9.146122000000000085e+00
1.513653532383991140e-01 2.647466024640743668e-02 9.881232828973578464e-01 2.507973699999999972e+00 1.985421766395945378e-02 9.993581711936950773e-01 -2.981703723285501068e-02 -1.361789999999999945e-01 -9.882784728405080710e-01 2.413168111074392302e-02 1.507425689273026448e-01 9.148196199999999223e+00
6.074446542371361030e-02 1.724402385767899448e-02 9.980043855422596755e-01 2.652535400000000099e+00 2.683878093998103009e-02 9.994610375107816358e-01 -1.890275999762227460e-02 -1.400071999999999983e-01 -9.977924582587519575e-01 2.793345913179740014e-02 6.024891785658259558e-02 9.161584899999999365e+00
6.070069739190268876e-02 1.748674417533204600e-02 9.980028252035577641e-01 2.757793700000000126e+00 3.222839086395630492e-02 9.992908830028965905e-01 -1.946951385143735891e-02 -1.421697000000000100e-01 -9.976355828449867680e-01 3.334583820265647758e-02 6.009408386942549640e-02 9.165374800000000377e+00
5.322253843561364217e-02 1.770085307077504458e-02 9.984257815196061481e-01 2.782351999999999936e+00 3.372406374668114604e-02 9.992406766884145419e-01 -1.951301042097909957e-02 -1.428947999999999885e-01 -9.980130504792407153e-01 3.470950664942223929e-02 5.258518062414829775e-02 9.166111900000000645e+00
4.618795485591870725e-02 1.758698398331032253e-02 9.987779386933804959e-01 2.807753599999999850e+00 3.449001038074670650e-02 9.992207926772914695e-01 -1.918975417511320850e-02 -1.436225999999999892e-01 -9.983371735091123300e-01 3.533419697313179564e-02 4.554538960312359830e-02 9.166964500000000626e+00
4.026122425572967872e-02 1.742602389628181495e-02 9.990372202839072902e-01 2.834308099999999886e+00 3.659026634812956313e-02 9.991515620058084579e-01 -1.890260696110287325e-02 -1.442261999999999988e-01 -9.985189964292131570e-01 3.731608007976202485e-02 3.958944224762461772e-02 9.167765599999999182e+00
1.421451953495206366e-02 2.160835846439778524e-02 9.996654571799830080e-01 2.877780899999999864e+00 4.495476762702028256e-02 9.987417093433582638e-01 -2.222761538059184194e-02 -1.456319000000000086e-01 -9.988878897563984172e-01 4.525568320532795397e-02 1.322523480426418541e-02 9.165973700000000335e+00
4.703561351186641426e-02 2.475611512039625067e-02 9.985863937715693250e-01 2.917968800000000140e+00 4.621709356305041955e-02 9.985682829469771926e-01 -2.693259279961449787e-02 -1.468366999999999867e-01 -9.978234469705280496e-01 4.741855181752487741e-02 4.582411613312509235e-02 9.166579199999999261e+00
5.705419491747090038e-02 3.338291044947390429e-02 9.978128081620529777e-01 3.033024999999999860e+00 5.024726315707464530e-02 9.980781884620243405e-01 -3.626489020509472000e-02 -1.503536000000000039e-01 -9.971058275767639145e-01 5.220642686764046664e-02 5.526714762108486667e-02 9.167999299999999963e+00
4.471702604946591053e-02 -8.839855561860558708e-03 9.989605820726543683e-01 3.152529499999999985e+00 4.633103816963645566e-02 9.989032306395435601e-01 6.765406122808848011e-03 -1.514947000000000099e-01 -9.979247579268764046e-01 4.598035201614155548e-02 4.507754147085474283e-02 9.178777699999999484e+00
1.156871539157838802e-01 8.924007234422149520e-03 9.932456113740174564e-01 3.193322699999999958e+00 4.060914365852243135e-02 9.990810946386291524e-01 -1.370634112373115589e-02 -1.528393999999999864e-01 -9.924552281439135148e-01 4.192050131568774568e-02 1.152184520780166199e-01 9.185984599999999389e+00
8.019605040445214328e-02 1.902359199806241338e-02 9.965975599242744565e-01 3.356323000000000167e+00 2.856945684445696618e-02 9.993632372310504719e-01 -2.137536448081501714e-02 -1.586275000000000046e-01 -9.963695999151818139e-01 3.018647078686465327e-02 7.960149085472256747e-02 9.197983699999999985e+00
7.760823992014666273e-02 1.900173937399249682e-02 9.968028365716358197e-01 3.390268100000000118e+00 2.595126316985857731e-02 9.994410841603308393e-01 -2.107252315958151392e-02 -1.597685000000000077e-01 -9.966461222702797107e-01 2.750369417342369768e-02 7.707174430638685791e-02 9.200273499999999771e+00
6.125597898243983347e-02 2.212391611672721511e-02 9.978768648358186111e-01 3.525320999999999927e+00 1.539371665719909202e-02 9.996144663674829678e-01 -2.310740392883049027e-02 -1.646408000000000038e-01 -9.980033760095105011e-01 1.677650036545993983e-02 6.089179344630080148e-02 9.210626599999999442e+00
5.234164805263638587e-02 1.847174271509072901e-02 9.984583850117146886e-01 3.594312700000000138e+00 1.064837482033473975e-02 9.997617488960697241e-01 -1.905406932803979311e-02 -1.670899999999999885e-01 -9.985724630655602452e-01 1.162928051684962785e-02 5.213248355719124483e-02 9.214905699999999200e+00
3.854286650766953343e-02 1.669442218188588178e-02 9.991174824360669060e-01 3.661723100000000120e+00 7.988737232473657607e-03 9.998233295780172281e-01 -1.701439710827811272e-02 -1.692777000000000032e-01 -9.992250134573303910e-01 8.637470668005194085e-03 3.840268977112015758e-02 9.218163499999999289e+00
2.975442088033015617e-02 1.792311469998548318e-02 9.993965361144331316e-01 3.695279100000000039e+00 7.754556509558498817e-03 9.998049977926453113e-01 -1.816131168689959219e-02 -1.701434000000000002e-01 -9.995271588563346965e-01 8.290256226427263411e-03 2.960963289681162180e-02 9.219152499999999861e+00
1.961431500829413990e-02 1.848699014796957932e-02 9.996366889235430708e-01 3.728661799999999804e+00 7.782080935751182517e-03 9.997959249455881103e-01 -1.864263067556181513e-02 -1.710894000000000026e-01 -9.997773341414901704e-01 8.144916050203098931e-03 1.946644496230165444e-02 9.219904899999999515e+00
9.467568843831403180e-03 1.735218148378956521e-02 9.998046143812006070e-01 3.762009599999999843e+00 9.083878535316640065e-03 9.998066768452831266e-01 -1.743823633132238204e-02 -1.722348999999999963e-01 -9.999139204406263248e-01 9.247201379069716620e-03 9.308113434633447092e-03 9.220050799999999214e+00
-1.146397834987680948e-03 1.620800071594176092e-02 9.998679845283556800e-01 3.795203700000000069e+00 8.080686124610721166e-03 9.998361466709435597e-01 -1.619821971560419377e-02 -1.734143999999999963e-01 -9.999666935872212337e-01 8.061049745008147874e-03 -1.277181760378942599e-03 9.220027899999999832e+00
-3.436961170936388837e-02 1.656203689314559094e-02 9.992719493335623371e-01 3.894188199999999878e+00 1.014553974232069999e-02 9.998169387113124973e-01 -1.622211728710506312e-02 -1.763948999999999934e-01 -9.993576926277619732e-01 9.580605403088372427e-03 -3.453135076746582932e-02 9.217584600000000350e+00
-6.484930480171288703e-02 1.966889055111703186e-02 9.977012089855473720e-01 3.990917200000000165e+00 1.103084888343799225e-02 9.997587742712565895e-01 -1.899246272986229722e-02 -1.789555999999999925e-01 -9.978340984550716497e-01 9.773843262638953061e-03 -6.505062604027789241e-02 9.213379899999999623e+00
-8.399352743134147481e-02 2.078960057896811139e-02 9.962494064527253057e-01 4.054238299999999739e+00 1.247446950236802063e-02 9.997259297007085044e-01 -1.981042893751850179e-02 -1.805722999999999911e-01 -9.963882149846389202e-01 1.076373503115666055e-02 -8.422984653852860770e-02 9.208456999999999226e+00
-1.001105409213327302e-01 1.892022073975848165e-02 9.947964137669564888e-01 4.114894900000000355e+00 1.545790706422107627e-02 9.997280913181624262e-01 -1.745842314006851650e-02 -1.828207000000000026e-01 -9.948562372049707392e-01 1.362969832764425807e-02 -1.003757870099425409e-01 9.202706299999999118e+00
-1.093146843010556202e-01 1.559662747065771252e-02 9.938848248201108682e-01 4.174154299999999651e+00 2.155119634579527946e-02 9.996790476020334104e-01 -1.331719646007852899e-02 -1.848210000000000131e-01 -9.937735384544237327e-01 1.996364187799593709e-02 -1.096157254719486440e-01 9.196163200000000870e+00
-1.119446064971339888e-01 1.471199355911475756e-02 9.936055365796421235e-01 4.203087299999999971e+00 2.304844253183612260e-02 9.996598471986567480e-01 -1.220488408854800838e-02 -1.855455000000000021e-01 -9.934471170490448699e-01 2.153478916253443592e-02 -1.122456167637146951e-01 9.192775700000000327e+00
-1.136952701067416721e-01 1.375699094631309752e-02 9.934204199408517288e-01 4.231154899999999941e+00 2.314090031262555289e-02 9.996695297100223199e-01 -1.119509276709942935e-02 -1.863751999999999909e-01 -9.932461347964441911e-01 2.171581381035246616e-02 -1.139760463539507551e-01 9.189671499999999327e+00
-1.055771120495224841e-01 1.756960486991973949e-02 9.942558938200958263e-01 4.336203099999999644e+00 2.538934741590033808e-02 9.995655844376220012e-01 -1.496741279145925169e-02 -1.895937000000000039e-01 -9.940869451155052161e-01 2.366329209112957854e-02 -1.059773285110197083e-01 9.178237899999999172e+00
-8.675598107189272379e-02 1.817108356472809175e-02 9.960638591327052316e-01 4.383702800000000011e+00 2.410380961041563505e-02 9.995792326231879299e-01 -1.613580090059237027e-02 -1.912911999999999946e-01 -9.959379529421091837e-01 2.260905638283896429e-02 -8.715746932397350211e-02 9.174604399999999771e+00
-3.920119090733435209e-03 2.075074884519191934e-02 9.997769946786527751e-01 4.459610900000000377e+00 2.042223551145208246e-02 9.995778241039959822e-01 -2.066653953219107012e-02 -1.940572000000000130e-01 -9.997837591014517855e-01 2.033666594809968239e-02 -4.342240790899398739e-03 9.172448199999999829e+00
9.014960377718336804e-02 2.407092194038704114e-02 9.956373032664841416e-01 4.532206500000000027e+00 1.524178607536783026e-02 9.995574531583281130e-01 -2.554575880394636261e-02 -1.968946000000000029e-01 -9.958115970885504931e-01 1.747823081940713674e-02 8.974282451190151999e-02 9.178681400000000323e+00
3.317516170337274084e-01 1.068329053430510690e-02 9.433062768257541864e-01 4.627266399999999891e+00 1.966518444472606722e-03 9.999258699215342050e-01 -1.201613360738160684e-02 -2.005630999999999942e-01 -9.433647213038626189e-01 5.841400946906790889e-03 3.317060153724421534e-01 9.206339800000000295e+00
4.481151312703692269e-01 1.437725683059336290e-02 8.938602371806045888e-01 4.660353200000000307e+00 5.660683478835111006e-03 9.998049918779026157e-01 -1.891916696314485669e-02 -2.013038000000000050e-01 -8.939579328967846017e-01 1.353782486421157422e-02 4.479463600799248324e-01 9.224507300000000853e+00
5.075859959171150626e-01 1.650343631719008997e-02 8.614430296534733023e-01 4.676635300000000051e+00 7.752720990753276566e-03 9.996885788452734012e-01 -2.372004729247607219e-02 -2.036920000000000119e-01 -8.615662203603794422e-01 1.871849128648511718e-02 5.072999763629876258e-01 9.234831800000000257e+00
7.678362999040301284e-01 1.992688568298188467e-02 6.403361115669375936e-01 4.739727499999999871e+00 -3.291080603196673213e-03 9.996256439426053353e-01 -2.716138363181922269e-02 -2.086828000000000016e-01 -6.406376396514269489e-01 1.874809855182562809e-02 7.676144367210269159e-01 9.302562699999999296e+00
8.092165465743622610e-01 1.403409371718037681e-02 5.873428512919863786e-01 4.749457800000000063e+00 -2.802048424937515422e-03 9.997954773769062164e-01 -2.002877782862534303e-02 -2.105341000000000018e-01 -5.875038121364722921e-01 1.456185531522433477e-02 8.090903676938016043e-01 9.318459499999999451e+00
8.773486504148455545e-01 7.212678351558712841e-03 4.797992526945473180e-01 4.766044100000000228e+00 -4.712299651132775824e-03 9.999683177219670371e-01 -6.415433289900805518e-03 -2.121140999999999999e-01 -4.798303240180293305e-01 3.367613887634663024e-03 8.773548423126510398e-01 9.352120400000000444e+00
9.388641970833471184e-01 1.589261737876901739e-02 3.439206945618336064e-01 4.783713299999999613e+00 -1.847313547370877870e-02 9.998204186785244474e-01 4.227725070308722272e-03 -2.129365000000000008e-01 -3.437917432120963790e-01 -1.032255328647730709e-02 9.389891810840185205e-01 9.406758299999999906e+00
9.664688755293874278e-01 1.624480217410039992e-02 2.562694266495433304e-01 4.798187699999999722e+00 -1.761918121187347128e-02 9.998400637041744421e-01 3.067811183144918651e-03 -2.126643000000000006e-01 -2.561786038809340527e-01 -7.480201491711769950e-03 9.666005221906611711e-01 9.466001500000000846e+00
9.704819467831077295e-01 1.319452813695338317e-02 2.408125731670012759e-01 4.802877900000000366e+00 -1.450863974913397733e-02 9.998879548852924737e-01 3.684704592912616591e-03 -2.129919999999999869e-01 -2.407369733561902092e-01 -7.069802157792483971e-03 9.705646436774577612e-01 9.486563699999999599e+00
9.755635027595056519e-01 2.267935962716197476e-02 2.185440429993598388e-01 4.811104300000000222e+00 -2.405863201666752840e-02 9.997038794410300078e-01 3.651801752713067749e-03 -2.130238000000000131e-01 -2.183965070899504257e-01 -8.820435219216424261e-03 9.758202527174012486e-01 9.528971699999999601e+00
9.770692378143817081e-01 3.646955581076798125e-02 2.097752988695006926e-01 4.819216299999999897e+00 -3.702221810865967411e-02 9.993136061075309495e-01 -1.293064065380000911e-03 -2.130435999999999996e-01 -2.096784678576650851e-01 -6.502933747749919946e-03 9.777487673065787810e-01 9.573095300000000307e+00
9.766450925148267848e-01 3.652757272177128978e-02 2.117311967985849863e-01 4.828892699999999927e+00 -3.585557073351609836e-02 9.993323701804972536e-01 -7.013697798128914682e-03 -2.139716999999999869e-01 -2.118460320942529007e-01 -7.418493683790318600e-04 9.773027720954420294e-01 9.618686699999999590e+00
9.757727770755059149e-01 3.530865058861308581e-02 2.159184723731767119e-01 4.834050200000000075e+00 -3.317232466912700684e-02 9.993583147609512718e-01 -1.351131356298761535e-02 -2.141923000000000021e-01 -2.162569869262056244e-01 6.021454289669427203e-03 9.763179081087453026e-01 9.642247199999999907e+00
9.736667558144899148e-01 4.042607044538503586e-02 2.243630572309780746e-01 4.845278300000000371e+00 -3.738436988754379603e-02 9.991425891275025339e-01 -1.779031983135247880e-02 -2.148413999999999879e-01 -2.248898786290696450e-01 8.934171474472112073e-03 9.743432265224954980e-01 9.690841700000000003e+00
9.711664973179834348e-01 4.061703617340486905e-02 2.349167743257336571e-01 4.857170100000000268e+00 -3.956088611791633292e-02 9.991747263251342659e-01 -9.208830688981917839e-03 -2.158024000000000053e-01 -2.350969391053073787e-01 -3.502079116756802099e-04 9.719718651163387069e-01 9.742855099999999879e+00
9.704151708882546856e-01 3.626268595306775255e-02 2.387036106081947273e-01 4.863843899999999998e+00 -3.646535695383743003e-02 9.993285465323054062e-01 -3.568448943051068332e-03 -2.162711999999999968e-01 -2.386727337844620211e-01 -5.241535376120718195e-03 9.710859140440417647e-01 9.769085900000000322e+00
9.689914354868314206e-01 2.904192115865008098e-02 2.453816716231768391e-01 4.877492400000000394e+00 -3.038573860099872889e-02 9.995368156717628905e-01 1.691450981877998770e-03 -2.168320999999999998e-01 -2.452188916923849493e-01 -9.095104846403533755e-03 9.694250740645155018e-01 9.823112500000000580e+00
9.690425064082475171e-01 2.573941346884715473e-02 2.455485763923330733e-01 4.884727999999999959e+00 -2.620144613788777041e-02 9.996557228758193858e-01 -1.385619683157612771e-03 -2.171572999999999976e-01 -2.454997046725414522e-01 -5.091003427883079857e-03 9.693832970965572393e-01 9.849989900000000631e+00
9.692851875021460950e-01 2.748829242416271634e-02 2.443984841780595940e-01 4.898537600000000047e+00 -2.458783892515119252e-02 9.995864602847716052e-01 -1.491129076745286407e-02 -2.180149999999999866e-01 -2.447073016195477901e-01 8.444062704908330066e-03 9.695602272881840289e-01 9.905662500000000037e+00
9.698419896100027859e-01 3.020764551243685508e-02 2.418553562398529921e-01 4.905249600000000321e+00 -2.647043386826367084e-02 9.994749109186974456e-01 -1.868739079934763486e-02 -2.184610999999999914e-01 -2.422928627098560050e-01 1.172180006042659005e-02 9.701323456535227985e-01 9.934506400000000070e+00
9.704633676778624540e-01 2.870376847185459462e-02 2.395348527268132133e-01 4.912328699999999770e+00 -2.595677783871790795e-02 9.995562175498231561e-01 -1.461552741853948227e-02 -2.187776999999999916e-01 -2.398480720780831466e-01 7.966281002124058278e-03 9.707777504081054332e-01 9.963929200000000819e+00
9.714742544577477101e-01 2.487841759341507739e-02 2.358364629649346011e-01 4.926790699999999745e+00 -2.539395458598952757e-02 9.996771589032583671e-01 -8.514913941267887240e-04 -2.201468000000000036e-01 -2.357815090210595987e-01 -5.161618462965439184e-03 9.717923840505208188e-01 1.002456280000000000e+01
9.718221185399046336e-01 2.820926720824554895e-02 2.340213818440215476e-01 4.933776899999999799e+00 -2.862247762209632618e-02 9.995889621467078934e-01 -1.631112883937600082e-03 -2.205452999999999997e-01 -2.339712026967937231e-01 -5.113120186476594227e-03 9.722300819819218454e-01 1.005530929999999934e+01
9.721587895832005666e-01 3.383275718444991170e-02 2.318677044726674685e-01 4.940550799999999576e+00 -3.325053894697747175e-02 9.994264293191318371e-01 -6.419816052341860077e-03 -2.207888000000000073e-01 -2.319519120332094730e-01 -1.468645535323229515e-03 9.727261452147926146e-01 1.008650970000000058e+01
9.749035363672481358e-01 3.155936842005437060e-02 2.203794478701700255e-01 4.962777599999999900e+00 -2.942763423862054459e-02 9.994830202702039701e-01 -1.295015577779408920e-02 -2.221414999999999917e-01 -2.206742149000459896e-01 6.139906878645700131e-03 9.753282485511070021e-01 1.018212130000000037e+01
