9.999347092975423568e-01 -1.813716301643714069e-03 -1.128217954194294173e-02 1.820327000000000028e+00 1.745409308768014695e-03 9.999801067909528385e-01 -6.061317406248932158e-03 -3.161769999999999858e-02 1.129294861337595823e-02 6.041229637381960102e-03 9.999179830646531819e-01 3.932036399999999876e+00
9.998818086273610906e-01 -1.807645620585534652e-03 -1.526765186227244629e-02 1.819551200000000035e+00 1.692626361891900371e-03 9.999701179461626399e-01 -7.543091590104971864e-03 -3.186429999999999818e-02 1.528083086995605556e-02 7.516357631729727110e-03 9.998549897739550385e-01 3.964606299999999806e+00
9.997978573764545462e-01 -4.532652411999467932e-04 -2.010071978989219632e-02 1.818542600000000009e+00 2.910911042977676832e-04 9.999673924872498620e-01 -8.070268162791547836e-03 -3.225499999999999895e-02 2.010372232746071575e-02 8.062785676891585582e-03 9.997653883965522681e-01 3.997882800000000181e+00
9.995871146696908571e-01 6.580592804006652613e-04 -2.872572269422864893e-02 1.815945600000000049e+00 -9.337579814490634157e-04 9.999536243135349611e-01 -9.585265685307969158e-03 -3.326529999999999765e-02 2.871808284608017708e-02 9.608130942558017196e-03 9.995413725991717513e-01 4.066692399999999985e+00
9.992785659389086250e-01 3.654771861428539846e-03 -3.780198801279077703e-02 1.812739000000000100e+00 -3.978580537623043097e-03 9.999560084212670841e-01 -8.494240349351769859e-03 -3.434229999999999922e-02 3.776928053304583199e-02 8.638510568831799658e-03 9.992491469013963235e-01 4.137755399999999639e+00
9.990998083115930628e-01 2.586533973302740288e-03 -4.234244765885497586e-02 1.811143299999999901e+00 -2.841419445154853059e-03 9.999781988853895243e-01 -5.960544393685329907e-03 -3.467010000000000230e-02 4.232610739572703618e-02 6.075491415297075946e-03 9.990853762500920832e-01 4.174618200000000279e+00
9.989525460310849647e-01 2.063802673826688021e-03 -4.571161227233890706e-02 1.809198700000000049e+00 -2.228265933223345929e-03 9.999912261305754502e-01 -3.547180965095863506e-03 -3.502679999999999683e-02 4.570389052306133432e-02 3.645323084694681182e-03 9.989483800530757351e-01 4.211439099999999769e+00
9.988220987813120066e-01 3.557370499396596362e-03 -4.839173587736783633e-02 1.807116200000000061e+00 -3.755659556665652109e-03 9.999849182771471945e-01 -4.007273330050810031e-03 -3.561990000000000295e-02 4.837675069069162503e-02 4.184296043223203337e-03 9.988203950957516009e-01 4.248755000000000059e+00
9.985306874945800715e-01 1.204678662731586855e-04 -5.418903596756778629e-02 1.800798099999999957e+00 -3.393621779429978553e-04 9.999918208285653032e-01 -4.030274095224029539e-03 -3.698370000000000130e-02 5.418810722763198195e-02 4.042742072362231869e-03 9.985225612231417580e-01 4.362707600000000241e+00
9.984500440815324840e-01 -1.170238214692875985e-03 -5.564296915250547398e-02 1.798552399999999940e+00 9.237447465510729115e-04 9.999896478849500392e-01 -4.455425745861293571e-03 -3.742290000000000200e-02 5.564760703955761584e-02 4.397120131920072977e-03 9.984407890132075414e-01 4.401506399999999708e+00
9.983362300901781339e-01 7.637317278031189021e-04 -5.765577510691342195e-02 1.796096799999999938e+00 -1.161055617202258949e-03 9.999758087284311703e-01 -6.858127133110537670e-03 -3.792140000000000094e-02 5.764914257111542623e-02 6.913658349100767868e-03 9.983129658023315312e-01 4.440741499999999675e+00
9.981321148916053598e-01 5.015974579933197251e-03 -6.088613324086648154e-02 1.790703099999999992e+00 -5.700448266335935397e-03 9.999224396274587479e-01 -1.107337432917191583e-02 -3.914340000000000180e-02 6.082586712554050729e-02 1.139976879083957201e-02 9.980832926965271801e-01 4.520069099999999729e+00
9.980539570787658743e-01 6.082303206686638999e-03 -6.205887806848277982e-02 1.787980200000000020e+00 -6.758454518045360626e-03 9.999200072698100072e-01 -1.069122790284054644e-02 -3.992980000000000140e-02 6.198888651963669477e-02 1.108984441932768863e-02 9.980152269874495996e-01 4.560514900000000260e+00
9.978895875539433025e-01 5.854861621548380739e-03 -6.466909344357124612e-02 1.782341399999999965e+00 -6.356998353472091863e-03 9.999512036459637931e-01 -7.561673024011004648e-03 -4.146110000000000073e-02 6.462166527840940145e-02 7.956816095689435778e-03 9.978781135260280655e-01 4.642185699999999748e+00
9.978154271139607623e-01 5.479685713611440537e-03 -6.583575364392803275e-02 1.779559099999999949e+00 -5.994354546997121558e-03 9.999529816902162915e-01 -7.622474821926633268e-03 -4.211650000000000116e-02 6.579088939168427352e-02 8.000465819316598948e-03 9.978013586980752914e-01 4.683447400000000371e+00
9.976838024841854224e-01 5.266728524985906344e-03 -6.781807894168845330e-02 1.776870399999999961e+00 -5.861914043231866191e-03 9.999460076272779219e-01 -8.580197784295535979e-03 -4.278640000000000221e-02 6.776922771027235615e-02 8.957868100835642694e-03 9.976608082783653408e-01 4.724828699999999770e+00
9.976443658794483804e-01 3.748504615029907370e-03 -6.849575127075040182e-02 1.773633100000000073e+00 -4.423778747386521333e-03 9.999430752528571942e-01 -9.709605319109408661e-03 -4.330330000000000290e-02 6.845545566708015339e-02 9.989743090280445159e-03 9.976041577812326810e-01 4.766208200000000339e+00
9.976012127827389442e-01 3.556833259200583870e-03 -6.913153543481258267e-02 1.770642899999999909e+00 -4.111302193657324390e-03 9.999605016674381064e-01 -7.879866704319116177e-03 -4.408519999999999800e-02 6.910077748246347407e-02 8.145185214079118247e-03 9.975764324146533246e-01 4.808256599999999992e+00
9.976348924530168416e-01 5.785847744022032564e-03 -6.849193621252526454e-02 1.764587600000000034e+00 -5.825280366878279013e-03 9.999829622166883647e-01 -3.760119474134052033e-04 -4.564710000000000295e-02 6.848859371387981676e-02 7.741073700271248331e-04 9.976515991511640813e-01 4.893175600000000181e+00
9.977694409817766674e-01 4.608201300631967375e-03 -6.659509834579258047e-02 1.761433400000000038e+00 -4.452735772385197667e-03 9.999870045103775862e-01 2.482731258822356082e-03 -4.611719999999999708e-02 6.660567383529913954e-02 -2.180663003553343603e-03 9.977769935821384495e-01 4.935882999999999576e+00
9.978450120867315976e-01 4.799482723810386507e-03 -6.543926053382857766e-02 1.758821100000000026e+00 -4.610634340673350380e-03 9.999847605210592238e-01 3.036573169940819106e-03 -4.636400000000000243e-02 6.545283725406449149e-02 -2.728312889616300863e-03 9.978519341085475558e-01 4.978780300000000381e+00
9.979363823238366349e-01 5.149665980571530542e-03 -6.400357626493939633e-02 1.755898799999999982e+00 -5.165009007867929318e-03 9.999866584944449022e-01 -7.426347065092207475e-05 -4.669170000000000265e-02 6.400233992880270673e-02 4.046892671843676354e-04 9.979496664212252899e-01 5.021850099999999983e+00
9.980835298410654088e-01 4.994884477512252612e-03 -6.167915846584973855e-02 1.749908199999999914e+00 -5.470420337381283644e-03 9.999565850803530109e-01 -7.543371644758350980e-03 -4.782770000000000077e-02 6.163880240020454954e-02 7.866325920967566498e-03 9.980675222424451043e-01 5.108406999999999698e+00
9.981142055853866601e-01 2.404409846472929657e-03 -6.133719444140603438e-02 1.747683000000000098e+00 -2.821494236143883005e-03 9.999734792983404619e-01 -6.714154469995918008e-03 -4.838239999999999902e-02 6.131942415685322223e-02 6.874555495575211152e-03 9.980945189248412452e-01 5.152401000000000231e+00
9.980670703986960213e-01 -3.456022106996550075e-03 -6.204980980599646145e-02 1.742186199999999907e+00 3.584569505686355760e-03 9.999916536514378285e-01 1.960481808563418506e-03 -4.984170000000000267e-02 6.204251644818484235e-02 -2.179114191307041613e-03 9.980711285344937567e-01 5.240678800000000415e+00
9.979385263323737876e-01 -1.070994263526876822e-02 -6.327712691264761324e-02 1.739849100000000037e+00 1.080375590737979105e-02 9.999409872082822837e-01 1.140595993085683890e-03 -5.024990000000000012e-02 6.326117703508066237e-02 -1.821875318165075159e-03 9.979953427999858073e-01 5.284838200000000263e+00
9.977243884325346368e-01 -1.244894053009528399e-02 -6.626513869753007657e-02 1.734104300000000043e+00 1.201579904247767651e-02 9.999037859283319563e-01 -6.931050393648011121e-03 -5.113859999999999933e-02 6.634504729288796809e-02 6.119049425086108343e-03 9.977779772744224118e-01 5.373968099999999914e+00
9.976029649890711948e-01 -1.073555588351933834e-02 -6.835987189050170276e-02 1.730797099999999977e+00 1.022612657765818028e-02 9.999173072110242311e-01 -7.797760901170514881e-03 -5.173679999999999946e-02 6.843793231996188331e-02 7.080012692498790193e-03 9.976302535709521413e-01 5.418645399999999945e+00
9.975469415927036287e-01 -1.069512401024719922e-02 -6.917885255949650369e-02 1.727558399999999939e+00 1.027070898012955730e-02 9.999262075932031646e-01 -6.487827473034972134e-03 -5.240879999999999844e-02 6.924313580484788011e-02 5.761396591089276709e-03 9.975831767092062652e-01 5.464006900000000222e+00
9.974101677673516964e-01 -7.790527203214192217e-03 -7.150010433698202050e-02 1.720528099999999894e+00 7.658653916474749898e-03 9.999684283169556487e-01 -2.118345936134216796e-03 -5.410820000000000213e-02 7.151434998999152415e-02 1.565265221440136339e-03 9.974383428013460229e-01 5.554369399999999679e+00
9.973474445653636167e-01 -6.566633090499554570e-03 -7.249106254424465823e-02 1.717018399999999945e+00 6.588234967757646693e-03 9.999782956106557652e-01 5.888648063858339531e-05 -5.441789999999999822e-02 7.248910248408686752e-02 -5.363184340882381574e-04 9.973690602698626062e-01 5.600099600000000066e+00
9.973487974970509651e-01 -6.491539805441861807e-03 -7.247921110318931992e-02 1.713704200000000011e+00 6.732468292255608736e-03 9.999725924547021583e-01 3.080293835976111259e-03 -5.493839999999999835e-02 7.245722877587916499e-02 -3.560091343848276278e-03 9.973651667006139254e-01 5.645239400000000352e+00
9.973341476747029644e-01 -7.743408691131910184e-04 -7.296573358907648688e-02 1.709935500000000053e+00 1.175950700488998229e-03 9.999843956060606720e-01 5.461289621654616053e-03 -5.548829999999999735e-02 7.296036610327338856e-02 -5.532534735543376617e-03 9.973194954664610368e-01 5.690179800000000121e+00
9.973164737282147474e-01 -1.213223197413951107e-03 -7.320095163173979957e-02 1.703138599999999947e+00 1.455381098071299945e-03 9.999936438021477247e-01 3.254876520329108222e-03 -5.632779999999999732e-02 7.319653746030908847e-02 -3.352677255041053468e-03 9.973119002894956786e-01 5.779824299999999582e+00
9.972578024748441905e-01 6.005168690982057777e-04 -7.400347817862834576e-02 1.696019200000000060e+00 -5.155170076092178933e-04 9.999991853723804169e-01 1.167688653028170227e-03 -5.731150000000000133e-02 7.400411911008508703e-02 -1.126336568470363148e-03 9.972572996577537818e-01 5.868759200000000398e+00
9.971609606469732379e-01 -1.563089136419081255e-03 -7.528330036573245565e-02 1.692668700000000026e+00 1.748955164903152502e-03 9.999955833059240851e-01 2.403024027266296124e-03 -5.788809999999999789e-02 7.527921172167413577e-02 -2.527868864492221687e-03 9.971592902648840351e-01 5.913032499999999914e+00
9.970688646173063718e-01 1.158764507043389107e-03 -7.650056519773384966e-02 1.685557500000000042e+00 -1.143146918522250279e-03 9.999993158703220919e-01 2.479395296939536017e-04 -5.932579999999999798e-02 7.650080016495372504e-02 -1.597613999946993269e-04 9.970695071309807478e-01 6.001222600000000185e+00
9.969966309356981249e-01 1.736335161594259333e-03 -7.742546766454722063e-02 1.682059600000000099e+00 -2.048812027220021491e-03 9.999900738366859221e-01 -3.956589108873976614e-03 -5.992159999999999848e-02 7.741782916192080366e-02 4.103336240908491035e-03 9.969902920086782805e-01 6.044704000000000299e+00
9.969413823419569498e-01 2.828171695082254324e-03 -7.810173889851144968e-02 1.678604699999999950e+00 -3.229570601460098490e-03 9.999822166669467549e-01 -5.013603852486944040e-03 -6.064610000000000140e-02 7.808617065677063429e-02 5.250504235082839935e-03 9.969327871814824826e-01 6.088344600000000106e+00
9.969331588608678629e-01 -5.038433397353605245e-04 -7.825613653625208832e-02 1.671583999999999959e+00 6.224917787406152600e-04 9.999986935649979314e-01 1.491768173272090122e-03 -6.206210000000000199e-02 7.825528268223765072e-02 -1.535906958898071483e-03 9.969321700708312362e-01 6.175331100000000184e+00
9.968564411428871841e-01 -5.964109589829513780e-03 -7.900420968997828863e-02 1.665252100000000013e+00 6.068819828576009490e-03 9.999809955582921184e-01 1.085333190872599367e-03 -6.342760000000000065e-02 7.899623521298870799e-02 -1.561383696415030199e-03 9.968736915492989459e-01 6.261158899999999861e+00
9.967943387538077404e-01 -8.590578040645766023e-03 -7.954400164240367499e-02 1.662043600000000065e+00 8.609619985534056053e-03 9.999629311704343326e-01 -1.035796213466559494e-04 -6.412650000000000294e-02 7.954194284818442984e-02 -5.815960461011829633e-04 9.968313503667384223e-01 6.303777199999999858e+00
9.967006606508512778e-01 -1.035906389387534696e-02 -8.050144628141223113e-02 1.658527700000000049e+00 1.049730312578866717e-02 9.999440642797705614e-01 1.294194243244637353e-03 -6.476369999999999350e-02 8.048353673417812937e-02 -2.134972340932835520e-03 9.967536517153381403e-01 6.346606699999999712e+00
9.965869837381988727e-01 -1.331659957398392650e-02 -8.146810430705393735e-02 1.655064899999999950e+00 1.376136688084973227e-02 9.998933000919851821e-01 4.900327818624612870e-03 -6.486190000000000011e-02 8.139415596447634182e-02 -6.004715392548193482e-03 9.966639026110482025e-01 6.389024700000000223e+00
9.964781656628214357e-01 -1.249026057456876886e-02 -8.291718005358014731e-02 1.648120000000000029e+00 1.355783374687775066e-02 9.998321305423322203e-01 1.232460462946155001e-02 -6.566809999999999314e-02 8.274932326823269957e-02 -1.340537675561173127e-02 9.964802282898991281e-01 6.473936100000000415e+00
9.962976857644699757e-01 -9.781703830574013311e-03 -8.541217483785443210e-02 1.640553099999999986e+00 9.857291435199212401e-03 9.999513084066991020e-01 4.632723735312914339e-04 -6.624839999999999895e-02 8.540348438982350854e-02 -1.303489893118759194e-03 9.963455955481389514e-01 6.556470899999999880e+00
9.962323746204999608e-01 -8.104113632563169842e-03 -8.634453717653711724e-02 1.636792500000000095e+00 7.763688529577679812e-03 9.999607123726815816e-01 -4.277715691228299068e-03 -6.681840000000000002e-02 8.637581199858904157e-02 3.591246768154567493e-03 9.962561528282948276e-01 6.597150300000000023e+00
9.961749321674446822e-01 -3.435131043717886638e-03 -8.731382706020449080e-02 1.632710499999999954e+00 3.157347458334102460e-03 9.999895065019572815e-01 -3.319343760320289573e-03 -6.749760000000000482e-02 8.732431321352698839e-02 3.030966955331535189e-03 9.961753247100137987e-01 6.637461700000000242e+00
9.959994020456623964e-01 2.065879904764366358e-03 -8.933601325838273766e-02 1.624988600000000005e+00 -2.022025392628671973e-03 9.999977866958323913e-01 5.813920777306089702e-04 -6.907470000000000276e-02 8.933701661682245942e-02 -3.984264744891103391e-04 9.960013748576604931e-01 6.716454500000000216e+00
9.959009060995811513e-01 2.795452921526955792e-03 -9.040780205821197235e-02 1.621217700000000095e+00 -2.782022602856695434e-03 9.999960924734544454e-01 2.745688611031259696e-04 -6.951000000000000234e-02 9.040821633165044280e-02 -2.192682875879335583e-05 9.959047916035667081e-01 6.755003499999999939e+00
9.956013191778180227e-01 5.376717314729533709e-03 -9.353664609288731002e-02 1.613945200000000080e+00 -5.239585638932620082e-03 9.999848084696542072e-01 1.711599322685070784e-03 -7.082990000000000119e-02 9.354442791380390698e-02 -1.213977275986901066e-03 9.956143662409921991e-01 6.829808700000000066e+00
9.954895616446678419e-01 5.209043492653678276e-03 -9.472802395489243743e-02 1.610188100000000011e+00 -5.026590304017119690e-03 9.999850238585760165e-01 2.164589679036784883e-03 -7.139479999999999438e-02 9.473788073639072271e-02 -1.678667463994537676e-03 9.955008367797200108e-01 6.866439299999999690e+00
9.952334477288332648e-01 8.016457342360734650e-03 -9.719115666282482358e-02 1.602719699999999969e+00 -7.463800389911996389e-03 9.999538524207195467e-01 6.048529796671390721e-03 -7.245100000000000151e-02 9.723515930731638224e-02 -5.294283770235856321e-03 9.952473533518393367e-01 6.938118900000000089e+00
9.949207262456469802e-01 1.253506316444852157e-02 -9.987802900687210717e-02 1.594878699999999982e+00 -1.140249880166801198e-02 9.998641499553058143e-01 1.190229621676791062e-02 -7.319710000000000105e-02 1.000136566070467109e-01 -1.070298208991372381e-02 9.949284972632308488e-01 7.007755799999999979e+00
9.944516676436638836e-01 1.489920587637895422e-02 -1.041340212658146830e-01 1.580317500000000042e+00 -1.565372509190426573e-02 9.998567842033122544e-01 -6.432104893275578626e-03 -7.512699999999999934e-02 1.040232743739734206e-01 8.026502779186445863e-03 9.945424745286913781e-01 7.135052700000000137e+00
9.941777618622815726e-01 1.793216039990971206e-02 -1.062497785498705688e-01 1.573624700000000098e+00 -1.806172676797811877e-02 9.998368406144391152e-01 -2.572475377596851421e-04 -7.678909999999999902e-02 1.062278298971767870e-01 2.174804250660450963e-03 9.943394382110204432e-01 7.193947299999999601e+00
9.942365004914802684e-01 6.670735806212684839e-03 -1.070013194977458143e-01 1.567774400000000012e+00 -7.654026881184332505e-03 9.999321484579315467e-01 -8.781477825932065134e-03 -7.802199999999999414e-02 1.069354803746496302e-01 9.549856758556168196e-03 9.942200980029191060e-01 7.249080199999999863e+00
9.946876837070246502e-01 5.050197442143140002e-03 -1.028149181167275494e-01 1.562169399999999930e+00 -6.482575050560951228e-03 9.998864711636510361e-01 -1.360224263182763932e-02 -7.938900000000000123e-02 1.027345516477677634e-01 1.419648863968254321e-02 9.946074962557016619e-01 7.300896599999999736e+00
9.992483906423573758e-01 1.470485497610902852e-02 -3.586671212685236393e-02 1.549652599999999936e+00 -1.470121733238388857e-02 9.998918645868035693e-01 3.651603365744963080e-04 -8.326479999999999992e-02 3.586820329490888332e-02 1.623984513264185793e-04 9.993565157735943005e-01 7.464879500000000334e+00
9.990669664364869584e-01 8.639621031408365598e-03 4.231493263410557315e-02 1.552563499999999985e+00 -8.799479099383538533e-03 9.999548286907794514e-01 3.593013439057965268e-03 -8.438199999999999867e-02 -4.228197893872469304e-02 -3.962010402230805271e-03 9.990978614383065892e-01 7.527079099999999912e+00
9.971480633735398946e-01 8.153278658748963278e-03 7.502841966556082764e-02 1.555182800000000087e+00 -8.559531235438575317e-03 9.999503880965270319e-01 5.094680621444572753e-03 -8.474619999999999376e-02 -7.498315901206269174e-02 -5.722359016853120241e-03 9.971683812034224381e-01 7.546892200000000273e+00
9.799469778159358713e-01 7.902839157947538773e-03 1.991016469109617715e-01 1.567141799999999918e+00 -9.228928045656375340e-03 9.999409769717375607e-01 5.733189333605082441e-03 -8.571650000000000102e-02 -1.990445868556635078e-01 -7.455716333825808395e-03 9.799620731117136829e-01 7.603240000000000443e+00
8.483971518635642362e-01 1.064005053899190825e-02 5.292533061156253771e-01 1.616446499999999897e+00 -8.773470652341863046e-03 9.999432778920573917e-01 -6.038808756714837168e-03 -8.821959999999999524e-02 -5.292875389828336496e-01 4.799198009852742933e-04 8.484423791598814102e-01 7.697868800000000178e+00
7.714193275386663773e-01 8.860755452958724021e-03 6.362654384080552727e-01 1.639973300000000078e+00 -6.814919924880758796e-03 9.999607422063511164e-01 -5.663118623233058882e-03 -8.928060000000000163e-02 -6.362906395399898773e-01 3.254114638609950302e-05 7.714494286567750159e-01 7.723599899999999963e+00
7.282823545046672731e-01 9.275253516933404732e-03 6.852144057076839934e-01 1.652922500000000072e+00 -8.533122703900752545e-03 9.999536183874054851e-01 -4.466194224978876394e-03 -8.921519999999999451e-02 -6.852240494422668915e-01 -2.594368156541335992e-03 7.283277224710111852e-01 7.735187100000000093e+00
5.443429841120069890e-01 5.894448469518685264e-03 8.388420418203151874e-01 1.711262499999999909e+00 -1.280202422383194642e-03 9.999799851621636870e-01 -6.195995225683109502e-03 -9.108750000000000180e-02 -8.388617745074530285e-01 2.298858916756859640e-03 5.443396352626619361e-01 7.770956499999999600e+00
4.972676997160767609e-01 8.885583267083357883e-03 8.675516591126349875e-01 1.726712699999999989e+00 -5.147132342642299525e-03 9.999601699554258039e-01 -7.291469767017676878e-03 -9.142069999999999363e-02 -8.675818934531364102e-01 -8.395908049374299457e-04 4.972936287944490497e-01 7.778331800000000129e+00
4.521794683006547522e-01 1.114292451922330174e-02 8.918573673410429281e-01 1.742593300000000012e+00 -6.179361550147404597e-03 9.999370982569341093e-01 -9.360289543330943540e-03 -9.183940000000000159e-02 -8.919055689579303836e-01 -1.278578375119365958e-03 4.522198815832503271e-01 7.784629299999999752e+00
3.704372847687178449e-01 1.033487194720653264e-03 9.288569049952731804e-01 1.775998100000000024e+00 1.604645127997526843e-02 9.998430286666145639e-01 -7.511952348807398455e-03 -9.231090000000000129e-02 -9.287188645949316923e-01 1.768756430347947356e-02 3.703625529322734922e-01 7.794166099999999986e+00
3.352414088222702149e-01 -2.498565811287139365e-03 9.421289481699128832e-01 1.793043299999999896e+00 1.998881092105201512e-02 9.997902505227568293e-01 -4.461210329653388096e-03 -9.246870000000000089e-02 -9.419201904879319631e-01 2.032761984418346782e-02 3.352210354715950968e-01 7.798421399999999615e+00
3.021739278861868550e-01 1.567195826352360197e-03 9.532515204305083145e-01 1.810074799999999984e+00 1.741262782158625039e-02 9.998227270464273841e-01 -7.163440080855568853e-03 -9.278569999999999873e-02 -9.530937612313810092e-01 1.876321877202713137e-02 3.020930716238500180e-01 7.802966600000000419e+00
2.170902478771464805e-01 1.560349985482419218e-02 9.760268208757992836e-01 1.863659100000000013e+00 2.896979258322973302e-03 9.998575346349056758e-01 -1.662882873161353886e-02 -9.482450000000000601e-02 -9.761472387851209964e-01 6.437486006896702036e-03 2.170141170202876113e-01 7.815164600000000128e+00
1.936860029834627517e-01 1.672584074783846353e-02 9.809209848400470833e-01 1.882630100000000084e+00 1.017796125659778568e-02 9.997665955198383747e-01 -1.905685145377189818e-02 -9.538789999999999769e-02 -9.810107753500718619e-01 1.367482116701641305e-02 1.934705608435063340e-01 7.817672700000000141e+00
1.736339503497849879e-01 2.280857216935864087e-02 9.845460986269377601e-01 1.901927900000000005e+00 1.756383406182112153e-02 9.995010325610499402e-01 -2.625257401558517625e-02 -9.541429999999999356e-02 -9.846536259106434263e-01 2.185074243567307686e-02 1.731467066854944781e-01 7.819895299999999772e+00
8.160473296803558152e-02 1.941500649334040873e-02 9.964756520257179728e-01 2.033401500000000084e+00 2.195332922636442780e-02 9.995326589638092729e-01 -2.127239997311838882e-02 -9.945800000000000474e-02 -9.964229618455683335e-01 2.361188657437231220e-02 8.114037169809196204e-02 7.831999800000000178e+00
6.367302713521773294e-02 2.051447270726109925e-02 9.977599420827542032e-01 2.082565499999999847e+00 2.718831462505795146e-02 9.993819436110300547e-01 -2.228287082242491959e-02 -1.007839999999999986e-01 -9.976003915212175999e-01 2.854622906415233211e-02 6.307591967565961966e-02 7.834486499999999687e+00
4.682358366838843683e-02 2.245011440792697016e-02 9.986508621012252229e-01 2.162685399999999980e+00 3.041564498855623550e-02 9.992518050741971969e-01 -2.388971736728415229e-02 -1.031019999999999992e-01 -9.984400034816210967e-01 3.149321226914767596e-02 4.610571579089584038e-02 7.837916899999999742e+00
4.252557013701850630e-02 2.245567053010828415e-02 9.988429900367549186e-01 2.191312299999999880e+00 3.268981139343532516e-02 9.991808213916379966e-01 -2.385502869822838864e-02 -1.039148000000000016e-01 -9.985604398911381852e-01 3.366643765198361338e-02 4.175666246531151149e-02 7.838827600000000118e+00
3.937064887338761338e-02 2.243993534754208305e-02 9.989726729540133743e-01 2.220477300000000209e+00 3.428028468047770311e-02 9.991289632612773142e-01 -2.379447109457506759e-02 -1.047200999999999965e-01 -9.986364774478817541e-01 3.518187138347381865e-02 3.856710821986630844e-02 7.839970600000000012e+00
3.333589494297279493e-02 2.087661142181722329e-02 9.992261431747536671e-01 2.313161399999999812e+00 4.210878916386127935e-02 9.988647176051030918e-01 -2.227388153940119270e-02 -1.074967000000000006e-01 -9.985567424956401927e-01 4.281872276493366852e-02 3.241896045950876104e-02 7.842024799999999907e+00
3.729143738424042093e-02 2.042416860825771105e-02 9.990956921308783434e-01 2.379221699999999995e+00 4.761270020106707357e-02 9.986193290722416016e-01 -2.219158360436105162e-02 -1.092410000000000048e-01 -9.981695143999244069e-01 4.839719971204428650e-02 3.626750036398862509e-02 7.843291299999999744e+00
4.124496560321069122e-02 2.035979798170184374e-02 9.989416056199353910e-01 2.413284299999999938e+00 4.999561984615195909e-02 9.984978745483721330e-01 -2.241500654878962606e-02 -1.101995000000000058e-01 -9.978974350145355388e-01 5.086721093717951059e-02 4.016510977058895815e-02 7.844479999999999897e+00
5.015072917477857162e-02 1.829287730217850697e-02 9.985741209360702308e-01 2.483937300000000015e+00 5.162354392732670938e-02 9.984482463100623484e-01 -2.088322658844668500e-02 -1.120222000000000023e-01 -9.974065941608875052e-01 5.259724403776759594e-02 4.912856444076230122e-02 7.847291000000000238e+00
5.838974402851526690e-02 1.472706217374759180e-02 9.981852290191507437e-01 2.557382299999999997e+00 4.848570154315976627e-02 9.986693232070870119e-01 -1.757041920292409104e-02 -1.139122999999999941e-01 -9.971157277558867493e-01 4.942364337874558672e-02 5.759799421002853581e-02 7.851733699999999594e+00
6.628227689079609075e-02 1.481051694872543255e-02 9.976909884116842431e-01 2.632572699999999877e+00 4.481040972236206843e-02 9.988368363507952319e-01 -1.780453676029648824e-02 -1.157031000000000032e-01 -9.967942049142770600e-01 4.588706720249428883e-02 6.554151442305777842e-02 7.857408000000000392e+00
7.071295050011838779e-02 2.659695186725750254e-02 9.971420564708612932e-01 2.785290999999999961e+00 3.196400275733728841e-02 9.990706767393821019e-01 -2.891514148749928237e-02 -1.211649000000000059e-01 -9.969844437900203804e-01 3.391732641120104308e-02 6.979709026756997226e-02 7.869741000000000319e+00
7.031777473336257855e-02 2.379169895656141342e-02 9.972408764272092663e-01 2.862430600000000158e+00 3.005846760329098505e-02 9.992110190947033344e-01 -2.595819417960644818e-02 -1.242713000000000012e-01 -9.970716619591041274e-01 3.180085502757123289e-02 6.954715333948191525e-02 7.875880699999999734e+00
7.095311878484575341e-02 2.353926413388672534e-02 9.972018642074123029e-01 2.939230900000000091e+00 2.607359860070782021e-02 9.993361434672215493e-01 -2.544483869216020155e-02 -1.273381000000000096e-01 -9.971388180141782520e-01 2.780603179340769560e-02 7.029226276903643988e-02 7.881740599999999652e+00
7.118087265034603317e-02 2.401840656891488651e-02 9.971742072048522809e-01 2.977568100000000051e+00 2.305849923849273564e-02 9.994032651467777972e-01 -2.571807198893101901e-02 -1.288969000000000087e-01 -9.971968657098776445e-01 2.482397550453421461e-02 7.058456813317370848e-02 7.884769399999999706e+00
4.454851077810696031e-02 1.966947830720132406e-02 9.988135670937671184e-01 3.205009200000000114e+00 9.969505053163782438e-03 9.997476133235818629e-01 -2.013252648816891630e-02 -1.376985000000000015e-01 -9.989574761502352240e-01 1.085455097755856982e-02 4.434117236415557883e-02 7.900156499999999582e+00
2.608940178803688392e-02 2.136579076264467567e-02 9.994312613178703009e-01 3.278858899999999910e+00 1.019564079471926496e-02 9.997138823867650625e-01 -2.163798216022447957e-02 -1.400445999999999913e-01 -9.996076190301509401e-01 1.075436414987068247e-02 2.586409922275545448e-02 7.902343799999999696e+00
5.199741977310254337e-03 1.912256536786901412e-02 9.998036258071488769e-01 3.353054999999999897e+00 1.040720579843867552e-02 9.997619592494928487e-01 -1.917589385359157531e-02 -1.428616000000000053e-01 -9.999323240854046668e-01 1.050487179202314048e-02 4.999491753649998316e-03 7.903029400000000315e+00
-5.950470992787860840e-03 1.849098791097630520e-02 9.998113198304167115e-01 3.389797000000000171e+00 1.197867328950852003e-02 9.997586019200884744e-01 -1.841872072140684699e-02 -1.440873000000000015e-01 -9.999105476397310843e-01 1.186681308802388021e-02 -6.170532063501488196e-03 7.902774299999999918e+00
-2.813137784102668834e-02 1.955508352377667222e-02 9.994129398247471041e-01 3.462540600000000079e+00 1.283490389831516351e-02 9.997332755951332528e-01 -1.920007577449394515e-02 -1.465386999999999940e-01 -9.995218310885893853e-01 1.228724445119463125e-02 -2.837486213376516631e-02 7.901227500000000070e+00
-3.865831750831701108e-02 2.037558219917068661e-02 9.990447287971999657e-01 3.498276699999999906e+00 1.187067863180042357e-02 9.997309001046177368e-01 -1.993023745044657929e-02 -1.479205000000000103e-01 -9.991819761566191893e-01 1.108886946697025533e-02 -3.888978654734209783e-02 7.899753099999999861e+00
-5.867754374239642773e-02 2.255964796201809924e-02 9.980220479248889109e-01 3.568877500000000147e+00 1.390893450128318463e-02 9.996660515001379865e-01 -2.177905000596785934e-02 -1.500188000000000077e-01 -9.981800876602369144e-01 1.260348213603076917e-02 -5.897172913056381027e-02 7.896120100000000086e+00
-7.774461705822900692e-02 2.374239197907999227e-02 9.966905604758086179e-01 3.638465399999999850e+00 1.512996884636575584e-02 9.996293646781873043e-01 -2.263221853446268153e-02 -1.521619999999999917e-01 -9.968584947529802731e-01 1.332036396632585787e-02 -7.807502380804809405e-02 7.890856300000000267e+00
-9.366572962188332574e-02 2.201411443557534098e-02 9.953602914824446479e-01 3.706342499999999873e+00 1.838132283381487680e-02 9.996233473778236567e-01 -2.037867385365893513e-02 -1.547694000000000014e-01 -9.954340048769074745e-01 1.638725549846953289e-02 -9.403509872355408916e-02 7.884540600000000232e+00
-1.030780246865903998e-01 1.860916016898374672e-02 9.944991804845871863e-01 3.772318799999999861e+00 2.443207104810672312e-02 9.995706825474355295e-01 -1.617171901666902140e-02 -1.572387000000000090e-01 -9.943731667392331497e-01 2.263072578285853231e-02 -1.034884318150107729e-01 7.877741300000000280e+00
-1.058329640275177813e-01 1.751272714864470989e-02 9.942296958515005612e-01 3.804734199999999955e+00 2.595112653995357635e-02 9.995529964165937864e-01 -1.484406904848868669e-02 -1.582897000000000054e-01 -9.940452317457478815e-01 2.423038882119115528e-02 -1.062401313116491108e-01 7.874241800000000069e+00
-2.809092411202088885e-02 2.505739789162039766e-02 9.992912622421119551e-01 4.082389799999999624e+00 2.391448969686232190e-02 9.994164842139164895e-01 -2.438828128493682190e-02 -1.685572999999999932e-01 -9.993192668837478365e-01 2.321245123625575307e-02 -2.867376749806516134e-02 7.852994899999999667e+00
-3.093642034639985071e-03 2.807244772533986146e-02 9.996011039698133871e-01 4.106158299999999706e+00 2.190128688167930146e-02 9.993680197526559894e-01 -2.799812009012962385e-02 -1.695509000000000044e-01 -9.997553515795192247e-01 2.180593438408450283e-02 -3.706509645085342974e-03 7.853779799999999867e+00
3.375457393072033296e-01 1.309880394131292952e-02 9.412179849593081959e-01 4.281376800000000316e+00 2.447675807552117909e-03 9.998875801849775868e-01 -1.479310227677313808e-02 -1.773260000000000114e-01 -9.413059453539506238e-01 7.297145136078313221e-03 3.374757308521137977e-01 7.892609099999999600e+00
3.943479021241886873e-01 1.360162312736207593e-02 9.188605595728618347e-01 4.300651600000000130e+00 4.628815587981598839e-03 9.998483736292650415e-01 -1.678701334859974276e-02 -1.780745999999999996e-01 -9.189495667100040510e-01 1.087315957828341798e-02 3.942251491778289152e-01 7.902984100000000289e+00
4.533059185813075320e-01 1.652044078073077946e-02 8.912018958774534649e-01 4.318575899999999912e+00 5.777475438234726084e-03 9.997527700928918737e-01 -2.147136393315342978e-02 -1.789579000000000031e-01 -8.913362805118603127e-01 1.488199341485188509e-02 4.530984013603256422e-01 7.914129700000000156e+00
7.251748119540107895e-01 2.576543693483183961e-02 6.880825781597890156e-01 4.392544299999999957e+00 -2.466556575025683276e-03 9.993904542736936625e-01 -3.482292356024350305e-02 -1.826704000000000105e-01 -6.885603882058037861e-01 2.355551243716781998e-02 7.247963366544392105e-01 7.986002899999999904e+00
7.703555275813080971e-01 2.175984743522468845e-02 6.372431797708942858e-01 4.404485199999999878e+00 -4.172473873170998507e-03 9.995681446302604467e-01 -2.908805084903921812e-02 -1.836640999999999968e-01 -6.376009344305434423e-01 1.974926023967306377e-02 7.701136378050212894e-01 8.003299699999999461e+00
8.117639579827106155e-01 1.623954548472723164e-02 5.837598424717939105e-01 4.415308999999999706e+00 -4.029559838466430233e-03 9.997452429355168091e-01 -2.220837399074043761e-02 -1.843538999999999872e-01 -5.839717794275270935e-01 1.567566235454991019e-02 8.116225936000018848e-01 8.021359399999999695e+00
8.797384797606037088e-01 9.490558582303602539e-03 4.753631627779941193e-01 4.433668599999999849e+00 -6.350859488217475493e-03 9.999461259866280205e-01 -8.210463330135565896e-03 -1.859821000000000113e-01 -4.754154749398285529e-01 4.204095875505955635e-03 8.797513579220020974e-01 8.059306100000000583e+00
9.523053624215378488e-01 2.177398175983277437e-02 3.043688394391021457e-01 4.458823200000000320e+00 -2.344957658224349276e-02 9.997233084320997776e-01 1.850387983680128016e-03 -1.874638999999999889e-01 -3.042443328334925590e-01 -8.899454809094764496e-03 9.525524582104671900e-01 8.143763500000000377e+00
9.676104734101296234e-01 1.824383556218048610e-02 2.517878754249396334e-01 4.469619800000000254e+00 -1.935506902053166570e-02 9.998107962247260172e-01 1.937280488198692835e-03 -1.877498999999999973e-01 -2.517048927816765147e-01 -6.747904597696880585e-03 9.677805085520709838e-01 8.189142199999999150e+00
9.715790110810530456e-01 1.516177303331234585e-02 2.362294347985645082e-01 4.474886899999999557e+00 -1.619574692870643165e-02 9.998658702327123393e-01 2.437073081001909277e-03 -1.880680000000000129e-01 -2.361607990505287247e-01 -6.193721197080998345e-03 9.716942496534332063e-01 8.212637900000000712e+00
9.744885760385192386e-01 1.905565902110152240e-02 2.236266912282400821e-01 4.479550800000000166e+00 -2.003968891157901014e-02 9.997969131797171949e-01 2.131493522436936523e-03 -1.881952000000000069e-01 -2.235406585808189517e-01 -6.558525412054564026e-03 9.746725397309976557e-01 8.236575099999999594e+00
9.779717482002502349e-01 3.839065775235086381e-02 2.051765510956068961e-01 4.493288500000000241e+00 -3.871196819266384953e-02 9.992474088465411741e-01 -2.449373822766212280e-03 -1.884778000000000009e-01 -2.051161701104925461e-01 -5.547369720447002314e-03 9.787219132360265306e-01 8.311420399999999375e+00
9.776481499802116559e-01 3.798183301764374020e-02 2.067884793717711112e-01 4.504394500000000079e+00 -3.701135496108334810e-02 9.992781731861590799e-01 -8.561086244006631610e-03 -1.893883000000000094e-01 -2.069643796507366906e-01 7.162083163828394938e-04 9.783482164349426302e-01 8.363916400000000806e+00
9.768170530175461774e-01 3.685031873745387571e-02 2.108802952934781261e-01 4.510249599999999859e+00 -3.445165014140103704e-02 9.992932145444750613e-01 -1.503845630057771589e-02 -1.897119999999999918e-01 -2.112854200759034518e-01 7.424646410297225038e-03 9.773962072205064633e-01 8.390941599999999667e+00
9.732703055412941229e-01 4.508865547214661873e-02 2.251930849277350710e-01 4.528436700000000315e+00 -4.275997670371629866e-02 9.989695897297080629e-01 -1.520997000511373036e-02 -1.913131000000000137e-01 -2.256468407575290824e-01 5.174161088803001449e-03 9.741954276802849977e-01 8.475630799999999354e+00
9.715224496692507206e-01 3.813713929547089820e-02 2.338582656119215786e-01 4.542996900000000338e+00 -3.805177663277836686e-02 9.992638596431503428e-01 -4.878637736457053231e-03 -1.926656999999999953e-01 -2.338721703917491790e-01 -4.159016402022189599e-03 9.722584586923480598e-01 8.535140000000000171e+00
9.707722757242996936e-01 3.548455255590601820e-02 2.373647724810304949e-01 4.550645799999999852e+00 -3.648160004602649109e-02 9.993343063981483532e-01 -1.921296790734937018e-04 -1.931412999999999880e-01 -2.372135779063795358e-01 -8.472932528880674358e-03 9.714205720856518012e-01 8.565550800000000464e+00
9.701866677262599437e-01 3.088377574564716774e-02 2.403830737841336773e-01 4.558389700000000211e+00 -3.189209858155589439e-02 9.994912712260464183e-01 3.046161620590109170e-04 -1.933526000000000133e-01 -2.402513763004907321e-01 -7.961855225664610583e-03 9.706780542729321892e-01 8.596242900000000020e+00
9.705314092809810278e-01 2.909830176555104272e-02 2.392113551515352987e-01 4.582112799999999986e+00 -2.594167110702009713e-02 9.995299950241287590e-01 -1.633458745240853188e-02 -1.949712999999999863e-01 -2.395742333792351131e-01 9.647687879803773514e-03 9.708301132635542841e-01 8.690703400000000300e+00
9.710780700388472741e-01 3.183429668140019819e-02 2.366304279766830720e-01 4.589726399999999984e+00 -2.790693421499227875e-02 9.994118499282710344e-01 -1.992880442151966081e-02 -1.956124999999999947e-01 -2.371256732459555983e-01 1.274879514902019749e-02 9.713953280255679390e-01 8.723588899999999313e+00
9.717036994344099288e-01 3.048956303133124046e-02 2.342270416746116968e-01 4.597771200000000391e+00 -2.755109730219026248e-02 9.994953938576236485e-01 -1.580805790851146433e-02 -1.960882999999999932e-01 -2.345908300486765630e-01 8.907536334592569549e-03 9.720533926968830674e-01 8.757471100000000064e+00
9.729989547033746078e-01 3.020789596346424785e-02 2.288242058166066462e-01 4.621629200000000104e+00 -3.035906775965857909e-02 9.995349647010010052e-01 -2.860305041943816528e-03 -1.981644999999999934e-01 -2.288041982807673402e-01 -4.163815753492297600e-03 9.734635594039799944e-01 8.861873599999999129e+00
9.732929059207584555e-01 3.568545513766414184e-02 2.267762500261950587e-01 4.629342099999999682e+00 -3.487414929917260348e-02 9.993629324601384090e-01 -7.584387604283891748e-03 -1.985579000000000094e-01 -2.269024305620911397e-01 -5.267981499171743576e-04 9.739173524938985471e-01 8.897701299999999591e+00
9.741568503927744427e-01 3.685279996471869934e-02 2.228459153038037932e-01 4.637275700000000001e+00 -3.482641089867548334e-02 9.993085917626244319e-01 -1.301766235992984216e-02 -1.990311999999999915e-01 -2.231715751092559763e-01 4.920321550564123007e-03 9.747667610762550394e-01 8.933458299999999852e+00
9.760317650611475271e-01 3.326211873967765270e-02 2.150712092507232609e-01 4.653358500000000397e+00 -3.093715998138279327e-02 9.994209071987792958e-01 -1.416835862954426810e-02 -2.006223000000000034e-01 -2.154179326887785684e-01 7.175075673234351456e-03 9.764955875810070740e-01 9.007393799999999118e+00
9.768559357262789344e-01 2.978708756498189489e-02 2.118140936074182912e-01 4.661459899999999656e+00 -2.788332244557173087e-02 9.995395155376877172e-01 -1.196984578350719294e-02 -2.015880999999999923e-01 -2.120731033529059395e-01 5.786734232775016251e-03 9.772366717132482394e-01 9.045018199999999453e+00
9.780196582569233854e-01 2.052490692710041975e-02 2.075000632738331352e-01 4.694621999999999851e+00 -2.017317751181395974e-02 9.997892367569068961e-01 -3.811164404553043540e-03 -2.046275999999999928e-01 -2.075345536822428283e-01 -4.585419016337464234e-04 9.782275802527941044e-01 9.199729899999999461e+00
9.775483003171100416e-01 3.189702520307723804e-02 2.082832214325569253e-01 4.710478799999999744e+00 -3.066177413288071613e-02 9.994878680389817083e-01 -9.157360422919438858e-03 -2.057194999999999996e-01 -2.084686454941210021e-01 2.565429025582230925e-03 9.780256859713660766e-01 9.278245899999999935e+00
9.770755149670385942e-01 4.074109876567160587e-02 2.089583712686860772e-01 4.718393299999999790e+00 -3.931325380984047185e-02 9.991665664248792211e-01 -1.098365210667755568e-02 -2.060433000000000126e-01 -2.092317044015541139e-01 2.517024052974040603e-03 9.778628525837033125e-01 9.318072300000000752e+00
