1.000000000000000000e+00 0.000000000000000000e+00 0.000000000000000000e+00 0.000000000000000000e+00 -0.000000000000000000e+00 1.000000000000000000e+00 0.000000000000000000e+00 -0.000000000000000000e+00 0.000000000000000000e+00 -0.000000000000000000e+00 1.000000000000000000e+00 0.000000000000000000e+00
9.991405332290606012e-01 7.099785885538402105e-04 -4.144503334722141052e-02 -4.194800000000000265e-03 -8.796764287204333118e-04 9.999913043880214181e-01 -4.076434437627860473e-03 -7.715999999999999985e-04 4.144177877612462146e-02 4.109389096607888973e-03 9.991324696421007845e-01 3.326950000000000046e-02
9.983240831897651768e-01 7.699949335059644512e-04 -5.786563774052137787e-02 -5.838699999999999619e-03 -1.006456674825102239e-03 9.999912623986885185e-01 -4.057360131768777620e-03 -8.287000000000000312e-04 5.786200798690430136e-02 4.108799591065729132e-03 9.983161351984870535e-01 4.345319999999999738e-02
7.852860890160644480e-01 2.380401564708492859e-02 -6.186753003287968067e-01 -1.464147000000000087e-01 -2.753304457669273828e-02 9.996147202350984529e-01 3.513195930145553668e-03 -4.714699999999999620e-03 6.185205654254282148e-01 1.427515073052037717e-02 7.856389312002234337e-01 2.926871999999999807e-01
7.503042522986657081e-01 2.337332635979050971e-02 -6.606793598996558714e-01 -1.621549999999999936e-01 -2.725959638858344025e-02 9.996186749508128022e-01 4.406710146218842904e-03 -4.947899999999999868e-03 6.605304257846658089e-01 1.470347933177660119e-02 7.506552899355791730e-01 3.051891999999999938e-01
7.115192049316898526e-01 1.935191582784093894e-02 -7.024001170039538833e-01 -1.787622000000000100e-01 -2.136456491163077342e-02 9.997543282007096410e-01 5.902424085446798807e-03 -5.172699999999999694e-03 7.023417803174695218e-01 1.080678480122125584e-02 7.117578499902530442e-01 3.181218000000000101e-01
2.581673220603902807e-01 2.683514951833457229e-02 -9.657274504592356923e-01 -3.950308000000000153e-01 4.491937607199311330e-03 9.995700036081973661e-01 2.897637629589407127e-02 -6.288900000000000046e-03 9.660897765304734541e-01 -1.181874092434769159e-02 2.579357692261067259e-01 4.005235999999999796e-01
1.600153176295330271e-01 2.853635055853004365e-02 -9.867019685906782689e-01 -4.627021000000000051e-01 5.462610512143131411e-03 9.995411467541253092e-01 2.979355352825184544e-02 -5.679799999999999606e-03 9.870994164775460655e-01 -1.015739347711146906e-02 1.597860111131098604e-01 4.069399000000000211e-01
1.180672443203440031e-01 2.885857313958704873e-02 -9.925861718636558306e-01 -4.986983999999999861e-01 3.586288130293791357e-03 9.995587043878607636e-01 2.948787920328894627e-02 -4.732000000000000095e-03 9.929991260600617986e-01 -7.041252644831883650e-03 1.179116466051803869e-01 4.081178999999999779e-01
1.539790010677419101e-02 2.214583584987500284e-02 -9.996361671262260495e-01 -6.166753999999999847e-01 4.097581239260354030e-03 9.997449000790794571e-01 2.221136181910357901e-02 -2.556999999999999811e-03 9.998730491918909058e-01 -4.438098735028525588e-03 1.530322774216841264e-02 4.074578999999999840e-01
-3.183798430605816465e-02 1.798540302723283454e-02 -9.993312103768575705e-01 -7.022344999999999837e-01 3.226117269012751011e-03 9.998347262618721976e-01 1.789168321353622193e-02 -1.290700000000000094e-03 9.994878363055218484e-01 -2.654324545898663519e-03 -3.189074534267377636e-02 4.026113000000000053e-01
-4.788911362171208858e-02 1.709141125429711194e-02 -9.987064215563363767e-01 -7.473125000000000462e-01 3.543928117990166257e-03 9.998502094784978977e-01 1.694105012383572556e-02 -2.013999999999999894e-04 9.988463712553701246e-01 -2.728051894719347656e-03 -4.794251101932867076e-02 3.993556999999999801e-01
-6.101502416125109685e-02 1.762820989173141673e-02 -9.979811686813611082e-01 -7.934879999999999711e-01 4.275107667789233845e-03 9.998394747363184010e-01 1.739966130221883012e-02 1.964000000000000034e-04 9.981276923725896921e-01 -3.204836191786483365e-03 -6.108059220368655673e-02 3.958304999999999740e-01
-7.739006458723303450e-02 2.039982581050497207e-02 -9.967921674100800322e-01 -8.898479000000000250e-01 1.166981381145883179e-03 9.997918164975290178e-01 2.037061165078896813e-02 2.937999999999999856e-04 9.970002086547625764e-01 4.132450510963853879e-04 -7.739775946943028284e-02 3.871980999999999895e-01
-8.035778879020515075e-02 2.655504691126943720e-02 -9.964122918071057766e-01 -1.099735399999999919e+00 4.794492200464229442e-03 9.996437934237318856e-01 2.625450654555924052e-02 3.298699999999999896e-03 9.967545528490392437e-01 -2.667536869736744296e-03 -8.045648278268280329e-02 3.695649999999999769e-01
-7.849387414079556091e-02 2.666294647497348055e-02 -9.965579757383117299e-01 -1.155375599999999947e+00 2.436869918466939150e-03 9.996444211916507561e-01 2.655358441736053662e-02 3.721200000000000029e-03 9.969116176408866492e-01 -3.441884398417104085e-04 -7.853093751476847295e-02 3.644360999999999851e-01
-7.689366542134555560e-02 2.405088033221936678e-02 -9.967491757575300815e-01 -1.212256400000000012e+00 5.076315476076464356e-04 9.997098298073866518e-01 2.408315794695096990e-02 4.596399999999999618e-03 9.970391700070174723e-01 1.345860962795823040e-03 -7.688356215724390097e-02 3.596578000000000275e-01
-7.360883171597218388e-02 2.675949638573400097e-02 -9.969281163888354946e-01 -1.330744099999999985e+00 7.630895346376655175e-04 9.996411680007915024e-01 2.677597677724366521e-02 6.986799999999999608e-03 9.972868983335596571e-01 1.210202956224553164e-03 -7.360283840337222827e-02 3.503376999999999741e-01
-7.176050083076022934e-02 3.017270348252124729e-02 -9.969654148891397005e-01 -1.391394400000000031e+00 -1.365359122266415759e-04 9.995420365365006443e-01 3.026051146972707356e-02 8.116800000000000403e-03 9.974218825945534439e-01 2.307631040842880385e-03 -7.172351748566296870e-02 3.459341000000000221e-01
-6.816725993027429598e-02 3.168982657701752831e-02 -9.971704867098291070e-01 -1.516827699999999890e+00 -2.574256731194936657e-03 9.994864919089502253e-01 3.193940659783764402e-02 1.010589999999999926e-02 9.976705858528057691e-01 4.744194669135219644e-03 -6.805067774137907310e-02 3.365693000000000157e-01
-6.650953335510259579e-02 2.874098700430140901e-02 -9.973717650098709031e-01 -1.580866600000000011e+00 -4.927649863142253076e-03 9.995634054910342847e-01 2.913274223262219548e-02 1.144200000000000078e-02 9.977736217397775720e-01 6.852303932599031547e-03 -6.633887013736761151e-02 3.320521000000000167e-01
-6.492482866486296023e-02 2.810521339532155369e-02 -9.974942925164242968e-01 -1.646659400000000106e+00 -5.732026077815925019e-03 9.995763030962400153e-01 2.853696139214998914e-02 1.285539999999999947e-02 9.978736946627471127e-01 7.570420626177836593e-03 -6.473622039987592114e-02 3.273747000000000185e-01
-6.251520073824157198e-02 3.228028307131927677e-02 -9.975218458768171370e-01 -1.781039199999999934e+00 -7.564184960503518573e-04 9.994749911264481090e-01 3.239089291522020270e-02 1.562739999999999962e-02 9.980437252484060107e-01 2.779467147121400875e-03 -6.245796229994926563e-02 3.193383000000000194e-01
-6.022357318955372241e-02 2.931913222505763000e-02 -9.977542331244964036e-01 -1.917432100000000084e+00 4.483887899328752730e-04 9.995692303894075925e-01 2.934540179006671357e-02 1.783569999999999947e-02 9.981848126373069618e-01 1.319903139239846090e-03 -6.021077707460265049e-02 3.102551000000000059e-01
-5.992817432882006912e-02 2.252108307560125866e-02 -9.979486032550552999e-01 -1.985759000000000052e+00 1.870685317126591016e-03 9.997462322276454705e-01 2.244931364365385096e-02 1.851059999999999858e-02 9.982009389186419224e-01 -5.215014177569667758e-04 -5.995509634895468398e-02 3.061049000000000131e-01
-5.987814962946820529e-02 1.787722687833739194e-02 -9.980455961308036805e-01 -2.055276899999999962e+00 4.916753814114622340e-03 9.998327677669803792e-01 1.761425648021145568e-02 1.947050000000000169e-02 9.981935847964973352e-01 -3.852435406302498130e-03 -5.995603399623650187e-02 3.021233999999999864e-01
-6.035788768469235732e-02 1.861044603397358013e-02 -9.980032949307625634e-01 -2.125965100000000163e+00 6.153487467932729042e-03 9.998141159484713603e-01 1.827205905634859961e-02 2.034760000000000041e-02 9.981578332038595347e-01 -5.038337880020861241e-03 -6.046118726243054908e-02 2.976455000000000073e-01
-6.057568525890113381e-02 3.319902818766466701e-02 -9.976113526232595063e-01 -2.268857199999999796e+00 4.353683018708955077e-03 9.994460103657927252e-01 3.299572408771037774e-02 2.186139999999999958e-02 9.981541122489989704e-01 -2.344545007960475991e-03 -6.068666500244102036e-02 2.881359000000000004e-01
-6.077934736568865043e-02 3.847564205346234306e-02 -9.974093923271301065e-01 -2.340793600000000030e+00 2.392460305060101211e-03 9.992595369759289525e-01 3.840122258914151210e-02 2.300160000000000052e-02 9.981483592470057342e-01 -5.226113202421237003e-05 -6.082639395266176141e-02 2.828222000000000236e-01
-6.110918127408749428e-02 3.546437353150705407e-02 -9.975008502121832654e-01 -2.482527999999999846e+00 2.390370191036016168e-04 9.993690739073671780e-01 3.551615095748499734e-02 2.531629999999999991e-02 9.981310589423185720e-01 1.931923277230775116e-03 -6.107910319525555742e-02 2.726966000000000112e-01
-6.158403471314725930e-02 3.389025714217661772e-02 -9.975263691448396086e-01 -2.623028300000000090e+00 -1.445224581071068159e-03 9.994192971849443774e-01 3.404379150832180512e-02 2.833990000000000120e-02 9.981008556224967299e-01 3.538203666970338515e-03 -6.149929365814621463e-02 2.633597999999999772e-01
-6.117378553436945976e-02 3.463836793240614165e-02 -9.975259151673072644e-01 -2.764565499999999787e+00 -3.351663727984312974e-03 9.993848936338863842e-01 3.490846210648845815e-02 3.026459999999999914e-02 9.981215027809235973e-01 5.478854201827617135e-03 -6.102006098805234924e-02 2.538462000000000218e-01
-6.075599083872122719e-02 2.536237907426848806e-02 -9.978303760183382387e-01 -2.903762799999999977e+00 -5.612021299901334692e-03 9.996526506792112743e-01 2.575040207368346767e-02 3.229259999999999770e-02 9.981368717736733842e-01 7.164336516385575240e-03 -6.059255307498856435e-02 2.450022000000000033e-01
-5.948707240867129320e-02 2.851082134480102670e-02 -9.978218384473706015e-01 -3.044179900000000050e+00 -4.297279352091129892e-03 9.995754634239847336e-01 2.881711836558754902e-02 3.372730000000000172e-02 9.982198262939961930e-01 6.002165190248450952e-03 -5.933929900675760649e-02 2.361057000000000017e-01
-5.797013427525195273e-02 3.907295641792080110e-02 -9.975533908562853602e-01 -3.185013800000000117e+00 -3.291077198882181448e-03 9.992208752426700036e-01 3.932952186517621462e-02 3.596400000000000291e-02 9.983128930064865125e-01 5.562962882820439436e-03 -5.779637619249244906e-02 2.270874999999999977e-01
-5.773377974204033092e-02 4.197891935456016937e-02 -9.974490367966277748e-01 -3.324079300000000181e+00 -2.908789218457961956e-03 9.991042330383715919e-01 4.221694529557975389e-02 3.900229999999999669e-02 9.983277766455163071e-01 5.338712825272082241e-03 -5.755995590155638109e-02 2.185194000000000025e-01
-5.723890585947821741e-02 3.306225781280425213e-02 -9.978129056914073480e-01 -3.462584999999999802e+00 -3.871344324390554870e-03 9.994366319736014415e-01 3.333813675636430884e-02 4.222999999999999671e-02 9.983530038764503178e-01 5.771115800580029626e-03 -5.707866390591576078e-02 2.097679000000000071e-01
-5.748459236337066791e-02 2.881106727473990020e-02 -9.979305807736865708e-01 -3.600852699999999906e+00 -1.148611058855752293e-02 9.994982534550496123e-01 2.951797086272738013e-02 4.399449999999999888e-02 9.982803167970230040e-01 1.315916953290773884e-02 -5.712482256287243487e-02 2.001354999999999940e-01
-5.930533214997002478e-02 2.324452916469458078e-02 -9.979692226930112486e-01 -3.738237400000000044e+00 -5.622926007163894790e-03 9.997052166838331644e-01 2.361911171589810982e-02 4.507839999999999764e-02 9.982240531472377221e-01 7.012246362028257823e-03 -5.915714765992807767e-02 1.921044000000000085e-01
-6.200699325778913362e-02 2.487950547871435603e-02 -9.977655751699708864e-01 -3.875482299999999825e+00 -8.113766860497750866e-04 9.996876753862086185e-01 2.497785716973678627e-02 4.650429999999999842e-02 9.980753851563525236e-01 2.358365546953853156e-03 -6.196744029686163113e-02 1.837768999999999930e-01
-6.564228771018244812e-02 3.479275283720265760e-02 -9.972364586266301290e-01 -4.011699199999999799e+00 3.544854311982719233e-03 9.993937526425173967e-01 3.463468185235017704e-02 4.780650000000000177e-02 9.978369225840865164e-01 -1.261558209526381785e-03 -6.572582748663979846e-02 1.751137999999999861e-01
-6.797178312599681804e-02 3.027796304829792617e-02 -9.972276979969610933e-01 -4.145244100000000209e+00 5.784959197115639024e-04 9.995404168565846792e-01 3.030875141994117741e-02 4.918840000000000018e-02 9.976870762123478675e-01 1.483247724021394959e-03 -6.795806011832483673e-02 1.650746999999999909e-01
-7.041684704591591459e-02 2.524465265421919208e-02 -9.971981624353704055e-01 -4.276799200000000134e+00 -8.523728885327581592e-03 9.996279898932045604e-01 2.590806569315421901e-02 5.076159999999999700e-02 9.974812347598328577e-01 1.032421108071634661e-02 -7.017547269209734040e-02 1.541012999999999966e-01
-7.183212455920252870e-02 2.795569843934278889e-02 -9.970248867536258830e-01 -4.405088899999999974e+00 -9.849765382956041787e-03 9.995385109257738376e-01 2.873581907980784361e-02 5.174850000000000283e-02 9.973681005542601730e-01 1.188461615094298096e-02 -7.152361774779580905e-02 1.446275999999999951e-01
-7.400744241369550114e-02 3.187678830667893537e-02 -9.967480969806938873e-01 -4.657262799999999814e+00 -9.560941433703397732e-03 9.994203918699333666e-01 3.267213971337259992e-02 5.422230000000000105e-02 9.972118565612249075e-01 1.194783167775735969e-02 -7.365977499229237058e-02 1.251356999999999886e-01
-7.431928051016192804e-02 3.814859409808307733e-02 -9.965045555905860386e-01 -4.781282899999999891e+00 -9.583188946945179684e-03 9.991945710742423659e-01 3.896628831911003871e-02 5.599330000000000279e-02 9.971884511134587736e-01 1.244563795474401373e-02 -7.389383642659530516e-02 1.147680999999999979e-01
-7.528216239849766511e-02 3.614017220063298064e-02 -9.965071419603148684e-01 -4.902438599999999980e+00 -8.448218015516425344e-03 9.992840231068373935e-01 3.687911028991701368e-02 5.796450000000000213e-02 9.971264832692836588e-01 1.119504875925755004e-02 -7.492294205588378997e-02 1.052127000000000062e-01
-7.535046994861205327e-02 3.257149683288190767e-02 -9.966250068469028056e-01 -4.961178799999999889e+00 -8.299124654964597919e-03 9.994112763264180188e-01 3.329001774648696760e-02 5.877340000000000342e-02 9.971225758192846511e-01 1.077953364787281182e-02 -7.503579443072294630e-02 1.003331999999999974e-01
-7.535519873970350502e-02 2.957899386976247519e-02 -9.967179526548883839e-01 -5.018907500000000077e+00 -8.376810709512773345e-03 9.995058975821056180e-01 3.029504482462946902e-02 5.967179999999999707e-02 9.971215688496748442e-01 1.063220674375129661e-02 -7.507018792118047568e-02 9.594469999999999388e-02
-7.184451545712246257e-02 2.654188912269992914e-02 -9.970626327972229586e-01 -5.130640500000000159e+00 -1.144091177965203196e-02 9.995581784028650940e-01 2.743270904588826498e-02 6.079500000000000182e-02 9.973502249141881215e-01 1.337819530969867193e-02 -7.150910958663969641e-02 8.714619999999999311e-02
-6.783462504053260067e-02 2.728311731015225367e-02 -9.973234656596878800e-01 -5.184957500000000330e+00 -1.172313308553710187e-02 9.995352183690932035e-01 2.814099128509527092e-02 6.127210000000000295e-02 9.976277019992323414e-01 1.360068930935094678e-02 -6.748325313765912714e-02 8.309060000000000057e-02
-5.486993219326207621e-02 3.041362686653768799e-02 -9.980302108863888799e-01 -5.289288499999999615e+00 -1.016597033022527928e-02 9.994671784109604440e-01 3.101632354871086683e-02 6.200409999999999949e-02 9.984417577346972328e-01 1.184780908254154212e-02 -5.453151228044061938e-02 7.712170000000000136e-02
-4.634423036667011803e-02 3.192798584395777073e-02 -9.984151521444721844e-01 -5.339276299999999864e+00 -1.137876303161765648e-02 9.994073546901338645e-01 3.248789225448905915e-02 6.212530000000000135e-02 9.988607190512557299e-01 1.286635578619802628e-02 -4.595346369090869132e-02 7.508130000000000359e-02
-3.436144193008295461e-02 3.365098150491534212e-02 -9.988427817991387681e-01 -5.388647599999999649e+00 -1.333247809276441771e-02 9.993286050944750754e-01 3.412600281071085512e-02 6.256359999999999699e-02 9.993205373334383967e-01 1.448966817033896758e-02 -3.388972085931030165e-02 7.312620000000000231e-02
7.563608980561427331e-02 3.678652370150203160e-02 -9.964566892709768586e-01 -5.609779800000000094e+00 -1.695002635920164757e-02 9.992222936221766272e-01 3.560202992610148054e-02 6.549270000000000092e-02 9.969914134662042349e-01 1.419716881619307799e-02 7.620079968258264280e-02 8.169790000000000385e-02
1.100778465727178385e-01 3.695695926685868549e-02 -9.932356471933839748e-01 -5.648722600000000149e+00 -1.587136118349536523e-02 9.992464201273660862e-01 3.542162837626633420e-02 6.579559999999999576e-02 9.937962404779440151e-01 1.186486512317051420e-02 1.105814513718857972e-01 8.712490000000000512e-02
1.476411210721378375e-01 3.706838720703893586e-02 -9.883461104483748372e-01 -5.686039899999999925e+00 -1.518474416341468805e-02 9.992645847177249463e-01 3.520956224670157564e-02 6.647569999999999868e-02 9.889244273013251263e-01 9.809403589502330156e-03 1.480954175116984128e-01 9.449499999999999567e-02
4.325921429231844861e-01 2.093750576203035063e-02 -9.013465808076225327e-01 -5.882620799999999761e+00 6.520204796872463779e-03 9.996315173180848612e-01 2.634988640867852103e-02 6.814349999999999574e-02 9.015661511007021511e-01 -1.727571812713919394e-02 4.322962233846806557e-01 1.746643999999999974e-01
5.301607009628540590e-01 1.860902433461984057e-02 -8.476929487543759523e-01 -5.939432599999999951e+00 7.861809875850025303e-03 9.996082664855286959e-01 2.686085477553190604e-02 6.955649999999999333e-02 8.478607333165343318e-01 -2.090497039246300148e-02 5.298067186369375126e-01 2.145934999999999926e-01
5.742316738199529924e-01 1.471034820873787057e-02 -8.185606821962028157e-01 -5.966015299999999577e+00 1.503145999575928975e-02 9.994805842566807375e-01 2.850643619115096616e-02 6.966400000000000370e-02 8.185548484935698532e-01 -2.867346071721995487e-02 5.737122908376348640e-01 2.375552999999999970e-01
7.763515988460227835e-01 -1.096212970460183275e-02 -6.302047498087930411e-01 -6.079481600000000263e+00 1.535226256102230347e-02 9.998809916940456510e-01 1.520027364643327002e-03 7.123430000000000040e-02 6.301130874719882424e-01 -1.085514446109851761e-02 7.764275000508722435e-01 3.680516999999999816e-01
8.123659946799737241e-01 -1.190890773798313450e-02 -5.830263018115950935e-01 -6.100047599999999903e+00 1.379829252746052858e-02 9.999040812848573045e-01 -1.198062273911190776e-03 7.139009999999999800e-02 5.829846462909151761e-01 -7.071502412765464513e-03 8.124523961701896058e-01 4.002113999999999949e-01
8.454195875935057725e-01 -1.346910302193580350e-02 -5.339328648594419136e-01 -6.119045700000000032e+00 1.403338977078943603e-02 9.998970164807462480e-01 -3.003398815257113559e-03 7.148300000000000487e-02 5.339183316620321751e-01 -4.953755816233297755e-03 8.455215404816990299e-01 4.347695999999999783e-01
9.204674013331876070e-01 -3.809793241772153633e-03 -3.908007786051397314e-01 -6.169383500000000353e+00 3.225212176629756265e-03 9.999924830999393777e-01 -2.152150095423316194e-03 7.006529999999999703e-02 3.908060402416321244e-01 7.205685758195853625e-04 9.204727696632765133e-01 5.506872999999999907e-01
9.372004793678052614e-01 6.208178379030024775e-04 -3.487905905525094941e-01 -6.184385800000000266e+00 -2.022670655819654509e-03 9.999912747895417509e-01 -3.655016854328641332e-03 6.974550000000000194e-02 3.487852781815400371e-01 4.130972040510778875e-03 9.371935578064044536e-01 5.932296999999999709e-01
9.500280090140029721e-01 5.601228513233981118e-03 -3.121144154441318208e-01 -6.198449100000000378e+00 -6.581642268814866595e-03 9.999761611399862193e-01 -2.087854588278986821e-03 6.931479999999999586e-02 3.120952804416224358e-01 4.037745767006978466e-03 9.500422267116268582e-01 6.378996000000000111e-01
9.594057426539350786e-01 5.992009877197334265e-03 -2.819658078212375352e-01 -6.211159199999999991e+00 -6.274770441110269666e-03 9.999803084474283565e-01 -9.986639881663498565e-05 6.871689999999999743e-02 2.819596570762613053e-01 1.865083112843327800e-03 9.594244489517762542e-01 6.845320000000000293e-01
9.661932315685564099e-01 5.646839073334178859e-03 -2.577571579599484686e-01 -6.223239399999999755e+00 -5.504898059911666162e-03 9.999840385019206357e-01 1.272335938048264588e-03 6.840830000000000521e-02 2.577602284458561099e-01 1.896045071584019810e-04 9.662088949506059121e-01 7.323216000000000170e-01
9.791090544635716597e-01 1.284328880760565034e-02 -2.029298139753129004e-01 -6.257287500000000335e+00 -1.152152421811014626e-02 9.999040281560322985e-01 7.693435970493411533e-03 6.740210000000000645e-02 2.030091474469615243e-01 -5.194652052352680474e-03 9.791630618252062934e-01 8.867199000000000053e-01
9.817452699327502419e-01 1.687018877071354284e-02 -1.894508424249197465e-01 -6.268067799999999856e+00 -1.545385048714198462e-02 9.998405173193568585e-01 8.950889993840466588e-03 6.702199999999999824e-02 1.895716315005817332e-01 -5.859748919643456566e-03 9.818494079403451424e-01 9.411969999999999503e-01
9.842137408189505221e-01 1.550881522051130237e-02 -1.763031169140911181e-01 -6.277874899999999592e+00 -1.414324210927834016e-02 9.998594778159630714e-01 8.999629116125614642e-03 6.644849999999999368e-02 1.764179160000649560e-01 -6.364060971228741904e-03 9.842947818830233286e-01 9.969666000000000361e-01
9.889312036855953947e-01 1.594784293464786631e-02 -1.475152218677491800e-01 -6.295506999999999742e+00 -1.476935685842246417e-02 9.998496905654512545e-01 9.080879591756373104e-03 6.651840000000000530e-02 1.476378693796006614e-01 -6.801660231385436156e-03 9.890180973789856056e-01 1.112777899999999986e+00
9.937812009950002246e-01 1.881335399770529479e-02 -1.097496344426352188e-01 -6.318107600000000268e+00 -1.872774206892394502e-02 9.998229804903361329e-01 1.810900444771336784e-03 6.509560000000000346e-02 1.097642757272824787e-01 2.557240271131249300e-04 9.939576139752072104e-01 1.295399200000000084e+00
9.947755152031827475e-01 1.681765475973432192e-02 -1.006918111895137163e-01 -6.324197800000000314e+00 -1.737466718432658166e-02 9.998382017967886171e-01 -4.657377802825545497e-03 6.488900000000000223e-02 1.005971932634115856e-01 6.382532110906501653e-03 9.949067634664954252e-01 1.358451599999999981e+00
9.955568497039599674e-01 1.676342962346848500e-02 -9.265822378389249048e-02 -6.330564999999999998e+00 -1.727297163674446426e-02 9.998397649944059662e-01 -4.699870930937090525e-03 6.432359999999999467e-02 9.256459073729597642e-02 6.279471569349243977e-03 9.956868808909991042e-01 1.422589499999999951e+00
9.967720842819641769e-01 2.332963908014806451e-02 -7.681887747539015154e-02 -6.348193600000000103e+00 -2.235933510982377262e-02 9.996592903043014511e-01 1.346712447952383256e-02 6.156500000000000167e-02 7.710688769257631470e-02 -1.170603471250688914e-02 9.969541095866318869e-01 1.618866899999999998e+00
9.972992318514873888e-01 2.200839966618323498e-02 -7.007048232006589383e-02 -6.357697499999999557e+00 -2.125133021470703917e-02 9.997076579272287100e-01 1.153168009270879972e-02 6.086989999999999762e-02 7.030379159432727232e-02 -1.001144474032806229e-02 9.974753870956780677e-01 1.748332999999999915e+00
9.975450402201480049e-01 2.035091307544251507e-02 -6.700547044218960191e-02 -6.362100599999999773e+00 -1.946175879502113140e-02 9.997140287780493795e-01 1.389606451359345039e-02 6.035970000000000224e-02 6.726910640693675725e-02 -1.255790593042153784e-02 9.976558356075780898e-01 1.813238600000000034e+00
9.979478803897869899e-01 1.643769224383138591e-02 -6.188562271827335176e-02 -6.370223499999999817e+00 -1.535637434004625060e-02 9.997217014082458997e-01 1.790814062180762570e-02 5.967209999999999875e-02 6.216276854082155440e-02 -1.692105218652648416e-02 9.979225762554132517e-01 1.943014900000000100e+00
9.981900107127630317e-01 1.836079201022360399e-02 -5.726765081624529685e-02 -6.379276299999999900e+00 -1.798295659147420775e-02 9.998130405822909239e-01 7.106134942669293381e-03 5.873119999999999730e-02 5.738741835527405577e-02 -6.063431235825159082e-03 9.983335710153020681e-01 2.070837299999999992e+00
9.983261634782001348e-01 1.986550742954330470e-02 -5.431604670320637485e-02 -6.387521699999999747e+00 -2.014081376992637659e-02 9.997869093820994646e-01 -4.525864433995251297e-03 5.719210000000000266e-02 5.421456386971383601e-02 5.612258258180818048e-03 9.985135370247417708e-01 2.198105599999999882e+00
9.984484116433628431e-01 2.456082700738417002e-02 -4.997534455668361381e-02 -6.395219799999999566e+00 -2.453291611489598345e-02 9.996983358227287120e-01 1.171913036991767843e-03 5.471100000000000269e-02 4.998905193885332804e-02 5.594622545356258032e-05 9.987497642334012271e-01 2.324924199999999885e+00
9.986579093094142268e-01 2.492790015321659156e-02 -4.539801722213119423e-02 -6.402958400000000161e+00 -2.459794593458197384e-02 9.996668989560834051e-01 7.812309986621429440e-03 5.333870000000000278e-02 4.557763957851523190e-02 -6.685127184949210370e-03 9.989384304575392726e-01 2.451716900000000088e+00
9.988531000747662425e-01 2.048119617714279708e-02 -4.327822863961028332e-02 -6.408736700000000397e+00 -2.015245803106345893e-02 9.997647621608185542e-01 8.018651808643037851e-03 5.115630000000000177e-02 4.343227954339051733e-02 -7.137292531164715452e-03 9.990308784762307326e-01 2.577138900000000010e+00
9.989689952059518374e-01 1.808542560986517445e-02 -4.163969257476691360e-02 -6.414870299999999581e+00 -1.789520351085864547e-02 9.998276813237296778e-01 4.936532195734249541e-03 5.014070000000000332e-02 4.172179656385877761e-02 -4.186291834619429962e-03 9.991204965629317813e-01 2.703620400000000146e+00
9.990183671077798033e-01 1.693348957707596983e-02 -4.093359393027336951e-02 -6.417910599999999910e+00 -1.674254980005234275e-02 9.998473170250539166e-01 5.002965519983143192e-03 4.946129999999999971e-02 4.101206173186396770e-02 -4.312721709597362035e-03 9.991493438039967812e-01 2.767348099999999977e+00
9.989900280695754864e-01 1.950229781167575616e-02 -4.047942931432755437e-02 -6.424104700000000001e+00 -1.931259306177159074e-02 9.998006281485073421e-01 5.072248326003897176e-03 4.808130000000000043e-02 4.057027935298628679e-02 -4.285362751850133392e-03 9.991674975194628772e-01 2.895603400000000160e+00
9.988744868480478045e-01 1.669872745994142177e-02 -4.439495495287539006e-02 -6.431467500000000115e+00 -1.647262908599732983e-02 9.998494425499804272e-01 5.453872338865623295e-03 4.681489999999999957e-02 4.447934368945198613e-02 -4.716432307590884623e-03 9.989991707960740319e-01 3.025722299999999976e+00
9.984869547006590684e-01 2.178762874990377088e-02 -5.048861778718324866e-02 -6.439895599999999831e+00 -2.155945579100492990e-02 9.997547652774377847e-01 5.059562337886906042e-03 4.541180000000000216e-02 5.058647209086253316e-02 -3.963399867743121543e-03 9.987118204481655326e-01 3.157233000000000178e+00
9.981883149393278032e-01 2.331467513686679913e-02 -5.546633070474132898e-02 -6.448596499999999843e+00 -2.353120206156588193e-02 9.997178079195431222e-01 -3.253775972801143009e-03 4.393579999999999708e-02 5.537481781571045036e-02 4.553070590907349301e-03 9.984552564336927061e-01 3.289748700000000081e+00
9.979485032409134426e-01 2.272899005524279745e-02 -5.985129815040973744e-02 -6.458248099999999603e+00 -2.297145665519591609e-02 9.997304543476041028e-01 -3.366129687278144374e-03 4.185579999999999856e-02 5.975865676501623813e-02 4.734095584353372778e-03 9.982016285704201630e-01 3.424940100000000154e+00
9.977471024362426499e-01 2.054108881355022620e-02 -6.386535250380928619e-02 -6.468259299999999712e+00 -2.064008563267521329e-02 9.997865740404179302e-01 -8.906366260937904076e-04 3.970970000000000055e-02 6.383342733362992738e-02 2.206816457648282884e-03 9.979581271355849603e-01 3.561564199999999847e+00
9.976013339023931392e-01 1.886904364760106506e-02 -6.659983324296492313e-02 -6.478755500000000112e+00 -1.841155958949798610e-02 9.998025400951701114e-01 7.476315451348133218e-03 3.781910000000000133e-02 6.672775336880579222e-02 -6.232175468536493845e-03 9.977517561594573259e-01 3.700550100000000064e+00
9.977039514955194921e-01 2.179327763596677209e-02 -6.412392860787470561e-02 -6.489781400000000033e+00 -2.120957276324685753e-02 9.997273180058382502e-01 9.769526910452091054e-03 3.660719999999999946e-02 6.431935317947996833e-02 -8.387054473125899259e-03 9.978941217002122999e-01 3.840405699999999811e+00
9.979417744437624194e-01 1.978628025680753688e-02 -6.099768793678953666e-02 -6.500272299999999781e+00 -1.945616656177362458e-02 9.997927003146254155e-01 6.001164912760906592e-03 3.582110000000000155e-02 6.110378386610287177e-02 -4.802031985388997837e-03 9.981198665922124125e-01 3.980761100000000052e+00
9.981950742795853149e-01 1.522326632526003684e-02 -5.809342343470056541e-02 -6.509444700000000417e+00 -1.499383125437886086e-02 9.998779784568890827e-01 4.383288865697385246e-03 3.425179999999999891e-02 5.815306275931152874e-02 -3.504334366914601574e-03 9.983015280627173249e-01 4.122063599999999717e+00
9.983208703370392012e-01 1.002401959819202229e-02 -5.705224693727380808e-02 -6.518100300000000402e+00 -9.497973492625357006e-03 9.999099157478776867e-01 9.484138790927697932e-03 3.255679999999999685e-02 5.714217662138879744e-02 -8.926332963051269304e-03 9.983261452204899022e-01 4.264197300000000190e+00
9.984101161104672606e-01 1.090548469496538039e-02 -5.530199319962468552e-02 -6.528414699999999904e+00 -1.056387418780484894e-02 9.999232963208500857e-01 6.465758810049260577e-03 3.099210000000000159e-02 5.536826356702627405e-02 -5.871275705787883450e-03 9.984487385495356415e-01 4.402225999999999750e+00
9.984304592764051689e-01 1.523448257885991197e-02 -5.389367801199941577e-02 -6.537497499999999739e+00 -1.550215327049218536e-02 9.998694724194410188e-01 -4.552072895605518456e-03 2.858339999999999839e-02 5.381729492537527804e-02 5.380396288671662926e-03 9.985363038481335218e-01 4.538616199999999878e+00
9.984458217709937244e-01 1.982798120933464484e-02 -5.208447128662400255e-02 -6.546920799999999652e+00 -2.042769978226196062e-02 9.997307380037937508e-01 -1.100729630724784323e-02 2.522430000000000158e-02 5.185219445356833295e-02 1.205415494972789624e-02 9.985820183033525810e-01 4.673716999999999899e+00
9.985107247502669203e-01 1.703147401268503142e-02 -5.182915638568797584e-02 -6.550815100000000335e+00 -1.732718759077517268e-02 9.998360289284773383e-01 -5.261542238462667276e-03 2.401850000000000165e-02 5.173104608347827565e-02 6.151759869197937283e-03 9.986421054219678517e-01 4.741016400000000353e+00
9.984895111175664528e-01 1.631228998077871237e-02 -5.246527788724852231e-02 -6.555016499999999802e+00 -1.613100390587059521e-02 9.998623704067050033e-01 3.876977904735370590e-03 2.237199999999999953e-02 5.252129950022190602e-02 -3.024804170191035171e-03 9.986152230256356566e-01 4.809421099999999782e+00
9.983237124430563991e-01 1.312997008094652328e-02 -5.636815643239526802e-02 -6.563047899999999935e+00 -1.261976953237195324e-02 9.998762049196660007e-01 9.397672711676421931e-03 2.034520000000000078e-02 5.648456949347627903e-02 -8.670566366704091782e-03 9.983658220752636980e-01 4.942754700000000057e+00
9.982390840175756619e-01 7.936243948375495266e-03 -5.878560343947625277e-02 -6.566930300000000109e+00 -7.608447782180423682e-03 9.999542471046320991e-01 5.797863378370824577e-03 1.967500000000000152e-02 5.882892708606304866e-02 -5.340386633970716987e-03 9.982537941868803166e-01 5.008846799999999710e+00
9.980999585471417301e-01 6.745375417861964283e-03 -6.124518477942694772e-02 -6.571272399999999791e+00 -6.494303008114417873e-03 9.999696768710548689e-01 4.297600125295430659e-03 1.871810000000000140e-02 6.127231656003258309e-02 -3.891689719164004649e-03 9.981134995452656256e-01 5.074211100000000307e+00
9.979207344426025417e-01 9.103262963238691052e-03 -6.380704015199940848e-02 -6.576210500000000181e+00 -8.985717708384261676e-03 9.999573613556170804e-01 2.128931181859538852e-03 1.742959999999999995e-02 6.382369972668434921e-02 -1.551152517965622302e-03 9.979599838064971973e-01 5.138850699999999883e+00
9.976590892177523706e-01 1.064840373691928674e-02 -6.754963507718259041e-02 -6.581232499999999597e+00 -1.074705907143575292e-02 9.999416466799599945e-01 -1.097249417930620677e-03 1.613279999999999922e-02 6.753400937690612338e-02 1.820640773365781893e-03 9.977153115216055301e-01 5.203587999999999880e+00
9.973728525071867690e-01 1.151503184137272172e-02 -7.151780983342280462e-02 -6.586368099999999615e+00 -1.186272829194493818e-02 9.999197830393841135e-01 -4.438824612739484220e-03 1.485769999999999973e-02 7.146095968533409948e-02 5.275559511875970407e-03 9.974294459823650483e-01 5.267483699999999658e+00
9.971160543599127957e-01 1.346751236028944851e-02 -7.468734999010752384e-02 -6.591783000000000392e+00 -1.413109426921411310e-02 9.998651732983239171e-01 -8.363456215428157967e-03 1.328179999999999986e-02 7.456464519109541611e-02 9.394750445767612382e-03 9.971719271778503035e-01 5.330586900000000128e+00
9.967872140307069140e-01 1.805842110323935268e-02 -7.803296336907813990e-02 -6.598340000000000316e+00 -1.876838259878274573e-02 9.997887865682150155e-01 -8.374369652818880114e-03 1.167059999999999972e-02 7.786525386542780813e-02 9.812017107324285878e-03 9.969156065388675714e-01 5.394569399999999959e+00
9.960218042367261493e-01 2.418867367069659630e-02 -8.576405745456208707e-02 -6.611024900000000315e+00 -2.434336935227217336e-02 9.997033687396937873e-01 -7.582210012053746707e-04 9.079099999999999671e-03 8.572027679374194520e-02 2.842990777396650192e-03 9.963151868509502185e-01 5.520728599999999986e+00
9.951746810593701253e-01 2.481817687850395443e-02 -9.492845871922782341e-02 -6.624450699999999692e+00 -2.412795028717486245e-02 9.996734859463951572e-01 8.412105011359902185e-03 7.067699999999999677e-03 9.510623635346142357e-02 -6.081084788902359727e-03 9.954485542781553731e-01 5.646621200000000229e+00
9.945316205409653332e-01 2.363589093880420072e-02 -1.017261048290466485e-01 -6.630265200000000192e+00 -2.277851473377524860e-02 9.996946175029783888e-01 9.581805784761612127e-03 6.276600000000000235e-03 1.019215139736671105e-01 -7.212239257169759075e-03 9.947662984813130382e-01 5.708810299999999671e+00
9.931782268405864311e-01 2.249011327232832563e-02 -1.144168018028233341e-01 -6.645835400000000170e+00 -2.114852223102751255e-02 9.996927820160670386e-01 1.292600450332859197e-02 5.074300000000000338e-03 1.146723582090839050e-01 -1.041807995621924637e-02 9.933487372885685396e-01 5.832097499999999712e+00
9.914893830661523078e-01 2.889787427136644368e-02 -1.269398130205687536e-01 -6.663170799999999616e+00 -2.809539044588164544e-02 9.995723627942171285e-01 8.108056097446254828e-03 4.113799999999999922e-03 1.271198344193152086e-01 -4.472627927982652379e-03 9.918772823775245939e-01 5.953479299999999697e+00
9.906850181820843204e-01 2.755844491077877323e-02 -1.333556405393594158e-01 -6.671542600000000434e+00 -2.705263786372798934e-02 9.996183039067754184e-01 5.603684426829499098e-03 3.409199999999999817e-03 1.334591680409302483e-01 -1.943864357683471175e-03 9.910524062112868737e-01 6.013351899999999972e+00
9.899247478065369421e-01 2.890917448692580452e-02 -1.386118801208923446e-01 -6.680872400000000155e+00 -2.857663807114658658e-02 9.995819688182657758e-01 4.389005576455716137e-03 2.559399999999999870e-03 1.386808185608768562e-01 -3.837237078185098439e-04 9.903370554106319945e-01 6.073305099999999790e+00
9.892048459591357146e-01 3.067448039366017093e-02 -1.432928783420223118e-01 -6.690026800000000051e+00 -2.965685408857419297e-02 9.995174979845509178e-01 9.232671784071461857e-03 2.470099999999999813e-03 1.435069466490443979e-01 -4.883387685032500661e-03 9.896372612165459381e-01 6.133137200000000178e+00
9.873259043349050801e-01 3.127417656960668202e-02 -1.555939732417519483e-01 -6.710025299999999859e+00 -2.914565197645216377e-02 9.994480212685946663e-01 1.594314125755186967e-02 9.849999999999999815e-04 1.560066972925505113e-01 -1.120618856631402059e-02 9.876924277008944930e-01 6.251550700000000127e+00
9.847862077812871151e-01 2.678545793562488869e-02 -1.716935182437897556e-01 -6.730600800000000383e+00 -2.633529076035209804e-02 9.996411592194823781e-01 4.899515781915449175e-03 4.559000000000000227e-04 1.717631433815747788e-01 -3.033768422190607182e-04 9.851382291527277513e-01 6.367994300000000329e+00
9.811901271057839047e-01 2.392003072190375737e-02 -1.915561708752779035e-01 -6.753402200000000022e+00 -2.316727733391483676e-02 9.997125709229521817e-01 6.168695125780788643e-03 -1.239000000000000084e-03 1.916486674388031275e-01 -1.614827818851337967e-03 9.814622665187116013e-01 6.482843400000000145e+00
9.763446791844946349e-01 2.483941198122710525e-02 -2.147884332094099069e-01 -6.779458499999999610e+00 -2.105097673762584137e-02 9.995801789266690607e-01 1.990784456741102534e-02 -1.675899999999999916e-03 2.151927596517090036e-01 -1.491541180642131162e-02 9.764576829971316485e-01 6.597627600000000037e+00
9.709347080926119533e-01 2.895925956921855879e-02 -2.375860978809935797e-01 -6.808007700000000106e+00 -2.516180485653260121e-02 9.995027977542019215e-01 1.900107517706947288e-02 -2.253100000000000068e-03 2.380182266077037478e-01 -1.247070834898710880e-02 9.711806244132953347e-01 6.708486999999999867e+00
9.646464723619208037e-01 2.632416511429681860e-02 -2.622293303403284148e-01 -6.838951100000000061e+00 -2.601104455328027976e-02 9.996507669563333698e-01 4.665799487927201235e-03 -2.104599999999999874e-03 2.622605744692653729e-01 2.320011777882101042e-03 9.649943049699315489e-01 6.817549699999999824e+00
9.579946277159139267e-01 2.630640283011929925e-02 -2.855770761766197041e-01 -6.873304799999999659e+00 -2.239322922381316305e-02 9.996053705387678567e-01 1.696014371939287210e-02 -2.434099999999999805e-03 2.859105394216469587e-01 -9.852733640578772989e-03 9.582056601207439295e-01 6.927967999999999904e+00
9.502654766507435680e-01 2.374919045204938739e-02 -3.105342168563834382e-01 -6.909876800000000152e+00 -1.833516600303981836e-02 9.996249341218096385e-01 2.034238849320925066e-02 -2.503599999999999923e-03 3.109008613262048137e-01 -1.363697308202833566e-02 9.503445098446057226e-01 7.038470300000000179e+00
9.433571993296436808e-01 1.813700386483094520e-02 -3.312827245175002377e-01 -6.948311300000000301e+00 -1.603637662746993861e-02 9.998302387083303211e-01 9.073499275642573497e-03 -2.905800000000000050e-03 3.313910516257081995e-01 -3.246976324252725740e-03 9.434879056178498979e-01 7.146663199999999883e+00
9.378391382956026145e-01 1.375676172544928327e-02 -3.467974944946846105e-01 -6.988651299999999900e+00 -1.422793603211943217e-02 9.998980725692470095e-01 1.187564133308913281e-03 -3.619600000000000161e-03 3.467784833538947731e-01 3.820468444316469075e-03 9.379392770876153751e-01 7.254775000000000418e+00
9.317241764615286082e-01 1.876546801699803882e-02 -3.626815630924588585e-01 -7.032198400000000404e+00 -1.885270742201721958e-02 9.998168290445210715e-01 3.299057777406745520e-03 -5.163499999999999687e-03 3.626770387272207352e-01 3.763717505588703039e-03 9.319072915320451012e-01 7.363338500000000231e+00
9.257317974928201965e-01 2.130060287306813349e-02 -3.775803536043100816e-01 -7.076836600000000033e+00 -1.571454996505312202e-02 9.997168296696701262e-01 1.786934231076995477e-02 -5.444100000000000328e-03 3.778540618150185715e-01 -1.060871304482622138e-02 9.258043871020619209e-01 7.472059200000000345e+00
9.202497476622544248e-01 3.765728925408469430e-02 -3.895155073852533123e-01 -7.124638599999999933e+00 -3.159866696425518706e-02 9.992595374339474645e-01 2.195224574788597754e-02 -6.046499999999999792e-03 3.900537478010424053e-01 -7.893377814832368278e-03 9.207582573146075866e-01 7.579684300000000263e+00
