9.999999908796000092e-01 -1.207966891663856480e-04 6.040661938313024486e-05 -7.083000000000000320e-04 1.208033090063355901e-04 9.999999866976000407e-01 -1.095963510110964899e-04 3.800000000000000040e-06 -6.039337970323037423e-05 1.096036473310413100e-04 9.999999921698400351e-01 4.578000000000000146e-04
9.991846218393583001e-01 2.085725174168463693e-04 -4.037385264306053018e-02 -6.622000000000000282e-03 -3.661092253800745625e-04 9.999923490194122522e-01 -3.894594545406907058e-03 -7.684000000000000292e-04 4.037273143810905102e-02 3.906200217986788206e-03 9.991770534575357132e-01 3.541319999999999885e-02
9.983988399160115268e-01 2.943197217960503639e-04 -5.656562410390124362e-02 -8.696499999999999370e-03 -5.137551387691394796e-04 9.999923996440086560e-01 -3.864803989169305048e-03 -8.492999999999999898e-04 5.656405669698628957e-02 3.887676699350469962e-03 9.983914029376762533e-01 4.622930000000000095e-02
7.498328745091845660e-01 1.972348836546683817e-02 -6.613332324267325868e-01 -1.649149000000000032e-01 -2.362734029806077066e-02 9.997162551561330490e-01 3.026213316537346501e-03 -5.504099999999999618e-03 6.612052700150937712e-01 1.335639110294576000e-02 7.500861268687564198e-01 3.092019999999999769e-01
6.690250497057639301e-01 1.160514011022337026e-02 -7.431492471833784919e-01 -2.007944999999999869e-01 -1.232899021497871513e-02 9.999137991350924848e-01 4.515561925722340331e-03 -5.668699999999999607e-03 7.431375908043402756e-01 6.141255754986829976e-03 6.691104588266967301e-01 3.358756999999999993e-01
6.250754685797454968e-01 1.104933577339622594e-02 -7.804861118295303157e-01 -2.212949999999999917e-01 -9.427053490713752093e-03 9.999337427349518359e-01 6.606118569498903997e-03 -5.887700000000000052e-03 7.805073921765857126e-01 3.228361664653293245e-03 6.251382154681214276e-01 3.480718999999999896e-01
2.578760813087060955e-01 2.295280333039304704e-02 -9.659053242984748655e-01 -4.063847999999999905e-01 5.573444439813267717e-03 9.996658068789465723e-01 2.524304407437717723e-02 -6.608100000000000432e-03 9.661619240096049888e-01 -1.189299694530070346e-02 2.576619747221485790e-01 4.072343999999999964e-01
1.600762125054958629e-01 2.441011677083188003e-02 -9.868027930590435037e-01 -4.762418999999999958e-01 6.230727261969741179e-03 9.996492891098501810e-01 2.573862505958844984e-02 -6.090299999999999880e-03 9.870849934163126171e-01 -1.026864067953882700e-02 1.598679792544843714e-01 4.138390000000000124e-01
1.178997436457979719e-01 2.486955854689785334e-02 -9.927140351107851535e-01 -5.138660000000000450e-01 4.036228558211847617e-03 9.996660847500860037e-01 2.552308483431671784e-02 -5.309699999999999663e-03 9.930173006082424481e-01 -7.015985897667758459e-03 1.177599959009966168e-01 4.147606999999999822e-01
1.444787466991868941e-02 1.766267721422274534e-02 -9.997396104742218848e-01 -6.364241000000000481e-01 4.711766588448461877e-03 9.998316665197888309e-01 1.773239633771453438e-02 -3.303799999999999966e-03 9.998845224190334724e-01 -4.966735133665543811e-03 1.436222019653332627e-02 4.141693000000000180e-01
-1.222142139431063416e-02 1.591843574853517990e-02 -9.997985998502012528e-01 -6.805619000000000529e-01 4.349425978817446012e-03 9.998646620225039028e-01 1.586632069128957045e-02 -3.073999999999999910e-03 9.999158561362839759e-01 -4.154641012628254929e-03 -1.228900342984384775e-02 4.119989000000000012e-01
-3.285082124088391925e-02 1.334424343454352312e-02 -9.993711796479621823e-01 -7.263024000000000147e-01 3.383471785481236352e-03 9.999066206060248652e-01 1.324017322076585790e-02 -2.471699999999999852e-03 9.994545390674237639e-01 -2.946393625888263368e-03 -3.289290352226426073e-02 4.090447999999999862e-01
-4.937600536465493184e-02 1.247779812233442212e-02 -9.987023153313743240e-01 -7.733590999999999660e-01 3.887804136989052826e-03 9.999167847028519462e-01 1.230075804585980745e-02 -1.754499999999999983e-03 9.987726943970895999e-01 -3.275396697904168347e-03 -4.942040776085709908e-02 4.061544000000000265e-01
-7.190831004518809244e-02 1.423834616743498149e-02 -9.973096131316802060e-01 -8.728696000000000232e-01 3.496103386832760673e-03 9.998955582756116067e-01 1.402318800457790990e-02 -1.654800000000000108e-03 9.974051194011156474e-01 -2.478313765335388164e-03 -7.195057854754793869e-02 3.974835999999999925e-01
-7.855705750855215830e-02 1.565100913272438055e-02 -9.967867548421407431e-01 -9.245255000000000001e-01 1.606807563250030844e-03 9.998774438975721601e-01 1.557290449184683956e-02 -1.728099999999999992e-03 9.969083242129403999e-01 -3.782829428866070834e-04 -7.857257802161266014e-02 3.923247000000000262e-01
-8.299693473611850780e-02 1.659387729893269103e-02 -9.964116378588705469e-01 -9.773422999999999972e-01 1.656259801807844281e-03 9.998622730019265381e-01 1.651338338711750425e-02 -1.470500000000000019e-03 9.965484261328587667e-01 -2.797563385860696999e-04 -8.301298758937436517e-02 3.873682999999999987e-01
-8.177011762740075962e-02 2.173530367957089704e-02 -9.964141831774363522e-01 -1.144449499999999897e+00 5.104115166416192673e-03 9.997581919328044631e-01 2.138938221683394508e-02 1.432000000000000113e-04 9.966381469076771582e-01 -3.336800444540205871e-03 -8.186128444646045832e-02 3.732241000000000031e-01
-7.991445877997238600e-02 2.180349116292982711e-02 -9.965632378584972084e-01 -1.202866299999999944e+00 2.869695649342359628e-03 9.997616367829937900e-01 2.164334687310271593e-02 3.824999999999999733e-04 9.967975943614550971e-01 -1.130216836425850316e-03 -7.995797949622296397e-02 3.680096999999999952e-01
-7.832650539545167601e-02 1.908371335134839697e-02 -9.967450879925418006e-01 -1.262555099999999930e+00 9.218714773020254827e-04 9.998177241191572584e-01 1.907009937488545609e-02 1.069599999999999978e-03 9.969273337137044555e-01 5.748233748175419350e-04 -7.832982109370700829e-02 3.629547000000000190e-01
-7.522995339622047528e-02 2.171399309898409263e-02 -9.969297651367919899e-01 -1.387188700000000052e+00 1.144317127964053146e-03 9.997641029431666437e-01 2.168937538417841510e-02 2.954899999999999888e-03 9.971655552867401129e-01 4.908868937216655237e-04 -7.523705456584828255e-02 3.533045000000000213e-01
-7.325177320469947184e-02 2.513061295684897861e-02 -9.969968054185430750e-01 -1.451506500000000033e+00 1.977289421695119925e-04 9.996828185148070034e-01 2.518378981719927162e-02 3.696000000000000067e-03 9.973134605657504315e-01 1.647622136442509697e-03 -7.323350814799745034e-02 3.482004000000000210e-01
-6.969328152973380819e-02 2.654421534383014092e-02 -9.972152481492639886e-01 -1.583409999999999984e+00 -2.077530774609296152e-03 9.996398901848964069e-01 2.675394955906123390e-02 5.164300000000000140e-03 9.975663037490281049e-01 3.936315905591689437e-03 -6.961303787074346605e-02 3.383777000000000035e-01
-6.806008596112032849e-02 2.369263600107889001e-02 -9.973998614890043912e-01 -1.651060900000000053e+00 -4.476960829141852713e-03 9.997006653316549141e-01 2.405278689010498239e-02 6.119000000000000307e-03 9.976711790568569826e-01 6.102354854222837369e-03 -6.793364221454567531e-02 3.333358000000000154e-01
-6.630841302239627588e-02 2.303913577478798602e-02 -9.975331536270873878e-01 -1.720222399999999929e+00 -5.411020623509803576e-03 9.997103882301200395e-01 2.344910489964587702e-02 7.208599999999999904e-03 9.977845033965316857e-01 6.952545399602156131e-03 -6.616454408671768039e-02 3.282787999999999817e-01
-6.385024055388537068e-02 2.705769812204374125e-02 -9.975926161282206994e-01 -1.861506099999999941e+00 -4.515709885811892282e-04 9.996314887480503009e-01 2.714190094667041919e-02 9.646300000000000013e-03 9.979593893865890131e-01 2.183500788400944900e-03 -6.381449255031190759e-02 3.194255999999999762e-01
-6.167109899153624952e-02 2.421632023398850517e-02 -9.978027086471057405e-01 -2.004585000000000061e+00 6.395040838202241396e-04 9.997063756470594420e-01 2.422299579216574683e-02 1.084049999999999944e-02 9.980963212955464847e-01 8.557598643435197078e-04 -6.166847729068447581e-02 3.098112000000000088e-01
-6.144494900878724047e-02 1.745748565799113555e-02 -9.979577919109648976e-01 -2.076850700000000050e+00 2.181322368957047501e-03 9.998469898803622469e-01 1.735622827406618079e-02 1.109850000000000073e-02 9.981080903760025658e-01 -1.110415093485502339e-03 -6.147362771375974866e-02 3.053437999999999986e-01
-6.164239291513267521e-02 1.340999972194752837e-02 -9.980082100379502608e-01 -2.224208599999999869e+00 6.436839466219126428e-03 9.998942862585964431e-01 1.303776840944183973e-02 1.237949999999999988e-02 9.980775433268610497e-01 -5.620339390951667978e-03 -6.172219448260074515e-02 2.958019000000000065e-01
-6.157733596999344361e-02 2.095004441215026630e-02 -9.978824215978390200e-01 -2.298615700000000039e+00 5.929574813332354546e-03 9.997697237135539927e-01 2.062376513289904817e-02 1.231559999999999946e-02 9.980847017349636641e-01 -4.647061959218882349e-03 -6.168738102542148383e-02 2.908010999999999791e-01
-6.179802115956890829e-02 3.333701233938117514e-02 -9.975317780346876217e-01 -2.449082100000000040e+00 2.514211322308598784e-03 9.994440644315647493e-01 3.324516226372038058e-02 1.379400000000000071e-02 9.980855090232439997e-01 -4.535204496707440081e-04 -6.184748173542298222e-02 2.800554000000000099e-01
-6.254156479063396890e-02 3.010004389166605690e-02 -9.975883620167482757e-01 -2.596729799999999866e+00 8.065253679986408852e-04 9.995463092275614914e-01 3.010855736149834275e-02 1.557290000000000063e-02 9.980420342803051348e-01 1.078455970189948210e-03 -6.253746670877113889e-02 2.700338999999999934e-01
-6.267711776490914044e-02 2.850247338997816127e-02 -9.976267778680247833e-01 -2.744692800000000155e+00 -1.056906202231368622e-03 9.995896632624525768e-01 2.862495498924627624e-02 1.763680000000000109e-02 9.980332969685747901e-01 2.848527603917024031e-03 -6.262127459998179102e-02 2.593174999999999786e-01
-6.234530763612222692e-02 2.922817553246595187e-02 -9.976265716042250764e-01 -2.893595900000000221e+00 -3.130082348694562117e-03 9.995604563994586744e-01 2.948044414516510017e-02 1.888789999999999913e-02 9.980497308251964350e-01 4.960620681846900776e-03 -6.222641755880831127e-02 2.492674000000000001e-01
-6.179080269668310588e-02 1.988993842866801018e-02 -9.978909194152451034e-01 -3.039150699999999983e+00 -5.477721298419933361e-03 9.997796019779254806e-01 2.026677177642655092e-02 2.019879999999999939e-02 9.980740910731408233e-01 6.718468438916618338e-03 -6.166823258663134411e-02 2.400902000000000036e-01
-6.028619841681468611e-02 2.287011700238534423e-02 -9.979191009439323246e-01 -3.186485100000000070e+00 -4.103503695271759968e-03 9.997233642192507874e-01 2.315936725314604594e-02 2.095879999999999965e-02 9.981726982530987335e-01 5.491154927736734484e-03 -6.017567348761665436e-02 2.303410999999999931e-01
-5.888451891350059836e-02 3.315464880158811023e-02 -9.977140786293281494e-01 -3.333571000000000062e+00 -3.190370848505496432e-03 9.994369657410592245e-01 3.340019527119460208e-02 2.267049999999999968e-02 9.982597031665532139e-01 5.149832341763794369e-03 -5.874558928700202021e-02 2.211857999999999880e-01
-5.858311173622314516e-02 3.608108654641446755e-02 -9.976302793184114170e-01 -3.478104800000000107e+00 -2.493488126511598374e-03 9.993382163427994014e-01 3.628928042487517686e-02 2.484700000000000103e-02 9.982794205713471092e-01 4.613518226086500695e-03 -5.845437462939306883e-02 2.127532000000000034e-01
-5.787171400023030654e-02 2.745186422142309457e-02 -9.979465215478450224e-01 -3.623702000000000201e+00 -3.851338301635774675e-03 9.996082822085616826e-01 2.772091869572541542e-02 2.702370000000000119e-02 9.983165990365788778e-01 5.447686740004075573e-03 -5.774331820410805172e-02 2.032729000000000064e-01
-5.801085398522803915e-02 2.292366670129786232e-02 -9.980527272268095995e-01 -3.768011800000000022e+00 -1.125438700274779269e-02 9.996577842114895418e-01 2.361468269038228748e-02 2.830759999999999874e-02 9.982525129410377840e-01 1.260237955081764880e-02 -5.773300993851093743e-02 1.932315000000000005e-01
-6.032115536353153257e-02 1.695382583860353259e-02 -9.980350324537925477e-01 -3.914028599999999969e+00 -5.410333613751356838e-03 9.998355081407717115e-01 1.731141100756285883e-02 2.837570000000000023e-02 9.981643584629720234e-01 6.443946796735329496e-03 -6.021950717071866688e-02 1.845459000000000127e-01
-6.247897520029715296e-02 1.870875501419672071e-02 -9.978709135673508035e-01 -4.056906200000000240e+00 -6.868959335761294638e-04 9.998232471027196366e-01 1.878836679838461615e-02 2.912079999999999877e-02 9.980460439438137987e-01 1.859311376013672232e-03 -6.245508089266982310e-02 1.759680999999999884e-01
-6.597936500978307528e-02 2.835848044482794372e-02 -9.974179264379430254e-01 -4.198672799999999761e+00 3.745717510063221664e-03 9.995960547044860922e-01 2.817262890752008503e-02 2.969369999999999996e-02 9.978139571048505463e-01 -1.877233625935116959e-03 -6.605893581244737245e-02 1.670940999999999954e-01
-6.876631288299704658e-02 2.426560819090399848e-02 -9.973376431638397710e-01 -4.338765600000000333e+00 6.471054699979383873e-04 9.997050221651492263e-01 2.427858958607714140e-02 3.022429999999999908e-02 9.976325854075677180e-01 1.024166443507888366e-03 -6.876173075270530788e-02 1.565883000000000136e-01
-7.049052832143759550e-02 1.942288873735028426e-02 -9.973233361403216479e-01 -4.476034600000000196e+00 -8.601769044106578194e-03 9.997614064370802245e-01 2.007834077465613098e-02 3.066110000000000016e-02 9.974753605910656740e-01 9.994077848800290986e-03 -7.030663853204521807e-02 1.453966999999999898e-01
-7.279370238772821244e-02 2.158017005861712426e-02 -9.971135206950751950e-01 -4.612137299999999662e+00 -9.354809114632604145e-03 9.997071265364508852e-01 2.231924502893020343e-02 3.085459999999999939e-02 9.973031457080216988e-01 1.095250713187642319e-02 -7.257050467242565084e-02 1.343971999999999944e-01
-7.376461792227928527e-02 2.128951858597376984e-02 -9.970484128371891464e-01 -4.745734200000000236e+00 -1.199227100844954368e-02 9.996808897101687741e-01 2.223295266817290616e-02 3.123559999999999878e-02 9.972035732882430503e-01 1.359688003413994650e-02 -7.348576919715243960e-02 1.234293999999999947e-01
-7.451060840930735785e-02 3.151219250319709647e-02 -9.967222035041239936e-01 -5.007985099999999967e+00 -9.310279142989557125e-03 9.994350499287317779e-01 3.229395727118268555e-02 3.186939999999999912e-02 9.971767586224392632e-01 1.168600434685903439e-02 -7.417512632716394272e-02 1.025234000000000006e-01
-7.506536899175425548e-02 3.156175046550221269e-02 -9.966790086510725066e-01 -5.071660500000000127e+00 -8.927418408884363332e-03 9.994376534119222555e-01 3.232148113906822134e-02 3.253240000000000298e-02 9.971386521335355857e-01 1.132399443764438990e-02 -7.474139128549661670e-02 9.764870000000000494e-02
-7.549794727765669899e-02 2.561980075154039055e-02 -9.968167764269979525e-01 -5.197421600000000197e+00 -7.964111198047510096e-03 9.996224988999812266e-01 2.629510649877953021e-02 3.405690000000000106e-02 9.971141523866189349e-01 9.923986215649100232e-03 -7.526540777745316380e-02 8.755290000000000294e-02
-7.175355751211651145e-02 2.004444907227052181e-02 -9.972209619967603578e-01 -5.376417599999999908e+00 -1.146898497426199204e-02 9.997153712235186118e-01 2.091982129661642750e-02 3.461729999999999668e-02 9.973564505070467989e-01 1.293818382970990735e-02 -7.150324489960646623e-02 7.304130000000000345e-02
-6.760001793666563230e-02 2.075924988850963437e-02 -9.974965118330134661e-01 -5.433709099999999736e+00 -1.170782193542159455e-02 9.996981701994680503e-01 2.159850470203653061e-02 3.482199999999999879e-02 9.976438064161432528e-01 1.313857084700790177e-02 -6.733656863552828220e-02 6.873500000000000443e-02
-6.155551146507206445e-02 2.237152970931124280e-02 -9.978529118395850217e-01 -5.489329800000000148e+00 -1.104569906775054039e-02 9.996722829371207375e-01 2.309370605575987098e-02 3.478210000000000329e-02 9.980425399452560464e-01 1.244352786594499563e-02 -6.128822948879641963e-02 6.521019999999999595e-02
-5.446429417511981785e-02 2.383813176472946230e-02 -9.982311276122245447e-01 -5.543977700000000119e+00 -1.001590258196931663e-02 9.996516478687446083e-01 2.441853002889596974e-02 3.483200000000000185e-02 9.984654838077650085e-01 1.132812373127121269e-02 -5.420656101667487015e-02 6.244290000000000257e-02
-3.385468629283086561e-02 2.680418649961833349e-02 -9.990672629018068074e-01 -5.649376900000000035e+00 -1.304340891025768806e-02 9.995433052488666981e-01 2.725895112014905045e-02 3.502849999999999714e-02 9.993416481364189030e-01 1.395408607772443896e-02 -3.348960707027837103e-02 5.804299999999999737e-02
-1.892573547093246919e-02 2.843536799628047437e-02 -9.994164529283078302e-01 -5.699654599999999682e+00 -1.611938516133332513e-02 9.994568906168160849e-01 2.874176787510365066e-02 3.535490000000000160e-02 9.996909432214062807e-01 1.665393783709610137e-02 -1.845709607747825221e-02 5.712330000000000185e-02
-7.307051578005662384e-04 2.978037427218098443e-02 -9.995561992095197690e-01 -5.748530399999999929e+00 -1.774922979651697569e-02 9.993986196195516758e-01 2.978865462159900265e-02 3.562730000000000063e-02 9.998422030058556897e-01 1.776311939787881058e-02 -2.016870196716036290e-04 5.758599999999999830e-02
1.482790229650649827e-01 3.063557463417007631e-02 -9.884709368086448400e-01 -5.963455200000000289e+00 -1.402225633581604541e-02 9.994847168804629201e-01 2.887346618668300280e-02 3.710469999999999741e-02 9.888461496490636993e-01 9.579263500658847033e-03 1.486321971680649723e-01 8.056389999999999385e-02
1.886769237169153568e-01 3.029487740811193097e-02 -9.815718205304942989e-01 -6.000980400000000436e+00 -1.370535181514824681e-02 9.995079451424789818e-01 2.821402007304740431e-02 3.692899999999999655e-02 9.819435736274993998e-01 8.129452619136095376e-03 1.889992862731733059e-01 9.031490000000000351e-02
3.820495377537770909e-01 1.944966437575521012e-02 -9.239371522229181677e-01 -6.138960800000000440e+00 4.011729496564390637e-03 9.997341793058237558e-01 2.270411315505127536e-02 3.697349999999999942e-02 9.241331379885538988e-01 -1.238068186254117492e-02 3.818699542881671682e-01 1.466321999999999903e-01
5.747050820797022785e-01 7.798786169470638303e-03 -8.183234370137797420e-01 -6.258149600000000312e+00 1.897089145323491155e-02 9.995589130016210300e-01 2.284917321233924381e-02 3.841870000000000007e-02 8.181406810012763486e-01 -2.865586106367729036e-02 5.743036372142065193e-01 2.322274000000000005e-01
6.175085595925847715e-01 9.942472658789700685e-04 -7.865635322733093293e-01 -6.283971300000000149e+00 2.949622326510463466e-02 9.992665552302202325e-01 2.441975453243342559e-02 3.854719999999999674e-02 7.860109106386412581e-01 -3.828006100705032971e-02 6.170263246299222404e-01 2.580631999999999926e-01
6.994367782894570507e-01 -8.268256620282410374e-03 -7.146466463284677495e-01 -6.333265800000000390e+00 2.811506497097516349e-02 9.994773855137594198e-01 1.595302379668746967e-02 3.878000000000000197e-02 7.141412579439327946e-01 -3.125046846114450799e-02 6.993037050689895340e-01 3.112615000000000243e-01
8.132644489597425919e-01 -1.872079315846951128e-02 -5.815930432542363304e-01 -6.399114599999999875e+00 1.921908214994728567e-02 9.998012082620111318e-01 -5.307620854609692782e-03 3.955220000000000263e-02 5.815767902345482243e-01 -6.861185126529624131e-03 8.134625751681141548e-01 4.057179000000000202e-01
8.460635734448911371e-01 -2.046009636819636282e-02 -5.326892284871784788e-01 -6.418883799999999695e+00 1.984009207823353091e-02 9.997794330743025037e-01 -6.888827763378258320e-03 3.961089999999999750e-02 5.327126809416016240e-01 -4.740217107938610869e-03 8.462828899994262466e-01 4.423635000000000206e-01
8.756830466863984030e-01 -1.887082488876002870e-02 -4.825174543102504487e-01 -6.437803699999999907e+00 1.675656913097708575e-02 9.998218177993466460e-01 -8.691952793755838153e-03 3.947939999999999783e-02 4.825955026075001153e-01 -4.739413759623231984e-04 8.758432258358721523e-01 4.812184999999999935e-01
9.377354486767145447e-01 -6.359497291070231699e-03 -3.472920746134092185e-01 -6.487917900000000238e+00 4.439531148492333913e-03 9.999701496838068193e-01 -6.323788779413622510e-03 3.724170000000000258e-02 3.473219239527825519e-01 4.388226925529451969e-03 9.377356901633784325e-01 6.102393999999999874e-01
9.505446598366933397e-01 -1.237140940055501178e-03 -3.105854457926826573e-01 -6.502474300000000262e+00 -1.504339676875694537e-04 9.999901157677995034e-01 -4.443617481779518590e-03 3.662170000000000009e-02 3.105878732751270466e-01 4.270579468579101777e-03 9.505350783245383184e-01 6.573852000000000029e-01
9.598730948368612292e-01 -8.041240221595858263e-04 -2.804335842813107105e-01 -6.515372300000000116e+00 1.727259105802334861e-04 9.999973945034079659e-01 -2.276214435250021716e-03 3.586870000000000336e-02 2.804346839712695827e-01 2.136438848273508346e-03 9.598707327838378323e-01 7.070534000000000541e-01
9.667286747486987242e-01 -1.080426980852592289e-03 -2.558016850925026175e-01 -6.527850199999999603e+00 9.389635680453155536e-04 9.999993312630368614e-01 -6.751450933363638534e-04 3.539649999999999741e-02 2.558022434734353312e-01 4.124936583976891204e-04 9.667290427430734745e-01 7.576475999999999766e-01
9.763027327065951777e-01 1.455378645725654597e-03 -2.164043806918706514e-01 -6.551244299999999576e+00 -5.168278332152577252e-04 9.999902147454281520e-01 4.393552364921881996e-03 3.444520000000000221e-02 2.164086574022059117e-01 -4.177593372991487801e-03 9.762939315160085174e-01 8.651655999999999791e-01
9.795299492872404645e-01 6.069174091750801497e-03 -2.012069670145149314e-01 -6.562965900000000019e+00 -4.921301378769980112e-03 9.999686409753456573e-01 6.204664266456451013e-03 3.399780000000000163e-02 2.012383145478896795e-01 -5.087454350079782806e-03 9.795291004182369310e-01 9.208366000000000051e-01
9.821563207645492843e-01 9.958713962012123722e-03 -1.878025175509277778e-01 -6.574441400000000435e+00 -8.732045466636598197e-03 9.999348042624709443e-01 7.357894164945076934e-03 3.382120000000000265e-02 1.878635487906376855e-01 -5.586702139613883636e-03 9.821792483019536890e-01 9.782459000000000016e-01
9.911855142472811853e-01 1.042706978212893515e-02 -1.320702561597856539e-01 -6.611760600000000210e+00 -9.359421726928322804e-03 9.999183335820794882e-01 8.702148664248197940e-03 3.236019999999999869e-02 1.321502083664277960e-01 -7.389342473846254034e-03 9.912021590203049515e-01 1.223126799999999959e+00
9.928350633238050005e-01 1.102889165342427029e-02 -1.189827743150800032e-01 -6.619606499999999727e+00 -1.041891580152234063e-02 9.999292040783733793e-01 5.747436359942488873e-03 3.213599999999999790e-02 1.190377386728134201e-01 -4.466584834952685990e-03 9.928796837439948231e-01 1.287597499999999950e+00
9.940588842880822007e-01 1.194473970704730374e-02 -1.081862179820711339e-01 -6.626655600000000312e+00 -1.192053462931490747e-02 9.999285690146869632e-01 8.704725106676916829e-04 3.118980000000000016e-02 1.081888877014854505e-01 4.243366251121187364e-04 9.941302653658342647e-01 1.352995600000000076e+00
9.958476826521203140e-01 9.831752990895467267e-03 -9.050264962711274119e-02 -6.639100599999999908e+00 -1.036396332449773978e-02 9.999316440779888460e-01 -5.412525815057492480e-03 3.033169999999999963e-02 9.044324861818253680e-02 6.328017431725048957e-03 9.958815064930031102e-01 1.488140199999999913e+00
9.964059258390827178e-01 1.155505094186543708e-02 -8.391490779647819975e-02 -6.645255999999999830e+00 -1.154057082236884663e-02 9.999331891356418867e-01 6.576398091768975891e-04 2.930779999999999844e-02 8.391690043045221814e-02 3.131497335462640210e-04 9.964727069816764482e-01 1.557256299999999927e+00
9.967601013207006977e-01 1.604130362561303688e-02 -7.881609602826912531e-02 -6.651680899999999674e+00 -1.538413963017045728e-02 9.998417065904907641e-01 8.938121170274416355e-03 2.834860000000000158e-02 7.894699907523948512e-02 -7.696644736895612120e-03 9.968491024206261875e-01 1.626581499999999902e+00
9.973534591476704847e-01 1.523407715999430811e-02 -7.109149329743691403e-02 -6.662500900000000392e+00 -1.445061325649362946e-02 9.998291987037828399e-01 1.152185730960216502e-02 2.724019999999999914e-02 7.125487564151261610e-02 -1.046404856806972157e-02 9.974032516414199634e-01 1.764318199999999948e+00
9.975581057346266656e-01 1.508967247266381449e-02 -6.819184311786156971e-02 -6.667487099999999778e+00 -1.438432453495676853e-02 9.998379657836419243e-01 1.082281780784869439e-02 2.649079999999999838e-02 6.834410648195170246e-02 -9.815496029064349828e-03 9.976135219346653482e-01 1.832688700000000059e+00
9.979322069526288530e-01 1.134070553219966755e-02 -6.326688489792631209e-02 -6.675940500000000277e+00 -1.038503600676284923e-02 9.998272675871722193e-01 1.541382549230775438e-02 2.567739999999999953e-02 6.343076031227876110e-02 -1.472492401342068331e-02 9.978776053499773813e-01 1.970211300000000110e+00
9.983107405463510498e-01 8.205240063815708723e-03 -5.751816535053268925e-02 -6.684146400000000376e+00 -7.424596038713042641e-03 9.998775862684970983e-01 1.377272128324518070e-02 2.470920000000000061e-02 5.762413282174397994e-02 -1.332240644099937955e-02 9.982494541962758650e-01 2.107245900000000116e+00
9.983780729849597302e-01 1.081323814673789373e-02 -5.589541361883282322e-02 -6.688571500000000114e+00 -1.046602612475611670e-02 9.999240978932285584e-01 6.500826837335493824e-03 2.423029999999999975e-02 5.596146602792310965e-02 -5.905280111479166774e-03 9.984154656188026777e-01 2.175482300000000091e+00
9.985217637929499901e-01 1.261622792692178134e-02 -5.286887576554123030e-02 -6.696579500000000351e+00 -1.289784781937743617e-02 9.999043733684355173e-01 -4.988951824234619942e-03 2.228660000000000016e-02 5.280087833970619621e-02 5.663471689018330021e-03 9.985890007079906150e-01 2.311183699999999952e+00
9.986930578768105082e-01 1.719716956062842042e-02 -4.812934144332978170e-02 -6.704266999999999754e+00 -1.719198905092865146e-02 9.998520707682511111e-01 5.216252609656210279e-04 1.974789999999999879e-02 4.813119218488542961e-02 3.064955841825869605e-04 9.988409755307990912e-01 2.446872700000000123e+00
9.989002019225404760e-01 1.738836568709867594e-02 -4.354344196132853978e-02 -6.711286099999999699e+00 -1.708834682732480667e-02 9.998276770834385596e-01 7.252898775263637819e-03 1.792629999999999918e-02 4.366205448460843547e-02 -6.500836612843923466e-03 9.990252069500129561e-01 2.582304999999999851e+00
9.989886207798781559e-01 1.507312991626338569e-02 -4.236196769325449585e-02 -6.713941600000000065e+00 -1.478074096067932136e-02 9.998647857779419112e-01 7.206931239001563086e-03 1.689999999999999836e-02 4.246487076361105117e-02 -6.573501027446929101e-03 9.990763353394334079e-01 2.649140800000000073e+00
9.991188450795245313e-01 1.221568071581918304e-02 -4.015358703286971837e-02 -6.720002700000000218e+00 -1.200449932315017336e-02 9.999128377738605300e-01 5.496257911149660114e-03 1.551199999999999975e-02 4.021722768861085012e-02 -5.009391148088912851e-03 9.991784027876943197e-01 2.783386199999999810e+00
9.991641627151853777e-01 1.019764380299203500e-02 -3.958514881277969827e-02 -6.722501799999999861e+00 -1.003408387235505024e-02 9.999402895447706552e-01 4.328337551869934109e-03 1.480790000000000058e-02 3.962692401013685056e-02 -3.927519062675730900e-03 9.992068261814003316e-01 2.850696600000000025e+00
9.991972873885339723e-01 1.218979197283591963e-02 -3.816005564794756888e-02 -6.728652000000000299e+00 -1.199807522533887470e-02 9.999142433812071573e-01 5.249006979923916821e-03 1.337980000000000072e-02 3.822076747375148520e-02 -4.786946317556266262e-03 9.992578536487317642e-01 2.987585499999999783e+00
9.991571125308958967e-01 1.129655437998751746e-02 -3.946457066867085223e-02 -6.734582399999999858e+00 -1.114147330422526894e-02 9.999293309932471008e-01 4.147359643010297553e-03 1.182339999999999954e-02 3.950863262040040652e-02 -3.704170424969628617e-03 9.992123633492177026e-01 3.124609899999999829e+00
9.989338295566547732e-01 1.076133181558049969e-02 -4.489318327799041858e-02 -6.741229099999999974e+00 -1.056813156616314038e-02 9.999338552938067393e-01 4.538681798118173252e-03 1.039799999999999926e-02 4.493905609240730209e-02 -4.059405722427592011e-03 9.989814825424464528e-01 3.264207799999999882e+00
9.986379470043400541e-01 1.477691863214468902e-02 -5.003891963957538686e-02 -6.750331400000000315e+00 -1.481459657009068058e-02 9.998901848150109073e-01 -3.821505839674359771e-04 8.874099999999999350e-03 5.002777759827400222e-02 1.122936481883246790e-03 9.987471954815368980e-01 3.403817399999999882e+00
9.984040590568161733e-01 1.497368315370341610e-02 -5.445294915508239186e-02 -6.759548699999999855e+00 -1.528651129872046419e-02 9.998689325696293873e-01 -5.332940500689377535e-03 7.097400000000000236e-03 5.436595838562566230e-02 6.156825065104581766e-03 9.985020961790366245e-01 3.546289199999999919e+00
9.981944980042117832e-01 1.346920300340966568e-02 -5.853481634525432853e-02 -6.768989099999999759e+00 -1.368248694310496109e-02 9.999011267349672272e-01 -3.244426789867373671e-03 4.584799999999999986e-03 5.848532897378175277e-02 4.039470831184068488e-03 9.982800954492845324e-01 3.690801099999999835e+00
9.980497851999599046e-01 1.177802325531485290e-02 -6.130174900042490577e-02 -6.778749000000000358e+00 -1.165972942303382907e-02 9.999294075194624654e-01 2.287069644422289917e-03 2.385099999999999807e-03 6.132435871736020144e-02 -1.567847560849326650e-03 9.981166589542178613e-01 3.837563799999999858e+00
9.980380500628658336e-01 1.105255741866387545e-02 -6.162703628456974586e-02 -6.788668600000000275e+00 -1.050464701290003758e-02 9.999024308131322369e-01 9.207673165557411082e-03 1.127200000000000077e-03 6.172279172110500117e-02 -8.542237909148507613e-03 9.980567755161310339e-01 3.986200999999999883e+00
9.982156571487266206e-01 1.445124214709056845e-02 -5.793671912994371315e-02 -6.798643099999999606e+00 -1.399664160782006922e-02 9.998680511015437533e-01 8.244659489800834976e-03 3.034000000000000022e-04 5.804822001438177809e-02 -7.419028696984270900e-03 9.982862125494648131e-01 4.136422600000000394e+00
9.984969807593734314e-01 8.606328374763515254e-03 -5.412680044415305730e-02 -6.807354000000000127e+00 -8.362449556051410743e-03 9.999538445165775391e-01 4.730568035536817512e-03 -9.768999999999999472e-04 5.416501501742543995e-02 -4.270825262415621146e-03 9.985228646354273874e-01 4.286868600000000029e+00
9.986854325378731190e-01 4.109458072556280289e-03 -5.109324016923501993e-02 -6.815764399999999945e+00 -3.754708648336525789e-03 9.999681893227763130e-01 7.037222853813321355e-03 -2.856399999999999825e-03 5.112053403092866460e-02 -6.836131718891001047e-03 9.986690934956956589e-01 4.437838600000000078e+00
9.987654398107836951e-01 8.110941480765882601e-04 -4.966828329884873799e-02 -6.823066700000000040e+00 -3.241416707931258105e-04 9.999518148812542861e-01 9.811363201058050446e-03 -4.336600000000000350e-03 4.967384796599711577e-02 -9.783150922314168621e-03 9.987175770888796489e-01 4.586605099999999879e+00
9.988543531544895604e-01 4.801342919525981509e-03 -4.761227037744844570e-02 -6.831673600000000235e+00 -4.759916089048988122e-03 9.999881879630985182e-01 9.834292571719439706e-04 -6.221299999999999920e-03 4.761642976065456889e-02 -7.556721827399149813e-04 9.988654086394226361e-01 4.734125099999999975e+00
9.989092275571054280e-01 1.121432912559597317e-02 -4.532762869961091262e-02 -6.840330100000000080e+00 -1.168551418445682583e-02 9.998802717606756207e-01 -1.014351527047236204e-02 -9.103099999999999387e-03 4.520844898370037640e-02 1.066212765165834575e-02 9.989206751161114894e-01 4.879182300000000083e+00
9.989951157673967463e-01 7.840014979886683263e-03 -4.412814111199995365e-02 -6.847400699999999674e+00 -8.061538485193140910e-03 9.999557712659979947e-01 -4.844286229658298186e-03 -1.249899999999999969e-02 4.408821010357732301e-02 5.195158990662318739e-03 9.990141340606371045e-01 5.024784099999999754e+00
9.989870287999109699e-01 6.764417988006351211e-03 -4.448773919642890623e-02 -6.850961700000000043e+00 -6.581773059717073264e-03 9.999693053961282718e-01 4.250709232014839717e-03 -1.426179999999999982e-02 4.451512723688794831e-02 -3.953595182652081680e-03 9.990008871528670564e-01 5.097495099999999724e+00
9.989302479362441867e-01 5.588024053246340092e-03 -4.590352650084916775e-02 -6.854692899999999867e+00 -5.045745745852883712e-03 9.999162137069596001e-01 1.192082278226065835e-02 -1.560169999999999960e-02 4.596629425896793519e-02 -1.167645293392636195e-02 9.988747470223580116e-01 5.169567599999999707e+00
9.988292205524453848e-01 3.332460155353218767e-03 -4.826057272668348580e-02 -6.858122299999999782e+00 -2.861252130861066667e-03 9.999475944916784709e-01 9.829623927163730346e-03 -1.643820000000000003e-02 4.829080043691724028e-02 -9.680029938941816375e-03 9.987864114081363986e-01 5.240547699999999587e+00
9.987243016575457766e-01 -1.764580664843635408e-03 -5.046439867594618156e-02 -6.861557000000000350e+00 2.076575528004184421e-03 9.999790508765858954e-01 6.130713012282100992e-03 -1.719740000000000157e-02 5.045252335338712424e-02 -6.227685207180187234e-03 9.987070435439194815e-01 5.311111499999999985e+00
9.985926635025369480e-01 -2.998015533990707263e-03 -5.295001701384956933e-02 -6.865650699999999773e+00 3.248967829950247591e-03 9.999838922202555214e-01 4.653977660909990044e-03 -1.811750000000000166e-02 5.293521140931579244e-02 -4.819460850162729515e-03 9.985863188478824037e-01 5.381304300000000040e+00
9.984665208802845360e-01 -8.334744413876712683e-04 -5.535261512860863153e-02 -6.870294600000000251e+00 9.670336427927788119e-04 9.999966855876262217e-01 2.386139077204321290e-03 -1.942419999999999911e-02 5.535044288128168621e-02 -2.436007823798616145e-03 9.984640175483182611e-01 5.450770399999999682e+00
9.980210880017577058e-01 1.410933106692963774e-03 -6.286427579759559792e-02 -6.879610099999999839e+00 -1.682728045759043127e-03 9.999894643535474081e-01 -4.270785434693532938e-03 -2.214210000000000136e-02 6.285758768924989970e-02 4.368117406115844432e-03 9.980129474211316687e-01 5.588618799999999887e+00
9.975731001195046188e-01 7.981928222219570115e-03 -6.916790252578162990e-02 -6.890200600000000009e+00 -8.571868155804142006e-03 9.999293391412250598e-01 -8.236492027095096771e-03 -2.560890000000000041e-02 6.909727197422634026e-02 8.809401026643350410e-03 9.975710307839094071e-01 5.724683299999999697e+00
9.972640684837973390e-01 1.117751279896429806e-02 -7.307147814826844834e-02 -6.896080000000000432e+00 -1.166471856929031728e-02 9.999124685483137265e-01 -6.244163860492671532e-03 -2.708150000000000140e-02 7.299528787423978371e-02 7.079438483836014186e-03 9.973071590532729402e-01 5.792557699999999699e+00
9.969378580628643904e-01 1.413574369960420539e-02 -7.690960870455017251e-02 -6.902198799999999856e+00 -1.421772256161657304e-02 9.998987886716586004e-01 -5.184381454336413385e-04 -2.857729999999999992e-02 7.689449607214303428e-02 1.610330093130483455e-03 9.970379347400991632e-01 5.860491800000000140e+00
9.961919700291158586e-01 1.243340044363117416e-02 -8.629582494488037547e-02 -6.914463500000000096e+00 -1.169097714739106286e-02 9.998902193432221974e-01 9.103313413382215641e-03 -3.140199999999999936e-02 8.639953647357319355e-02 -8.059765205723847664e-03 9.962279660208200882e-01 5.993527900000000130e+00
9.950821456278319266e-01 1.015851448562994988e-02 -9.853084814491105958e-02 -6.927989499999999801e+00 -8.856849179006608119e-03 9.998677559419324457e-01 1.363916603991846381e-02 -3.277700000000000058e-02 9.865637169149596430e-02 -1.269941774607724443e-02 9.950405243574654834e-01 6.125330400000000175e+00
9.944139306539242495e-01 1.110495146552073834e-02 -1.049648254148058263e-01 -6.935259799999999863e+00 -9.803387229173187584e-03 9.998686321721828030e-01 1.290782696517488344e-02 -3.300140000000000018e-02 1.050943772056674858e-01 -1.180671211965637034e-02 9.943921627952808651e-01 6.191278500000000129e+00
9.930192880526852450e-01 1.721971451318486668e-02 -1.166883669755582331e-01 -6.952928100000000278e+00 -1.635251062637325253e-02 9.998311281647161985e-01 8.385138584738055165e-03 -3.397170000000000051e-02 1.168130512894534900e-01 -6.418456586697726327e-03 9.931331806275995877e-01 6.320260499999999837e+00
9.916027627519471421e-01 1.742139020163351384e-02 -1.281423273791604533e-01 -6.970099900000000126e+00 -1.700765864369595606e-02 9.998460168902830736e-01 4.322274412301695470e-03 -3.546649999999999803e-02 1.281978956541995063e-01 -2.106578286736915471e-03 9.917463697325827887e-01 6.448393799999999842e+00
9.909587052664665663e-01 1.920699893917654499e-02 -1.327852990671734013e-01 -6.979501199999999628e+00 -1.814399006371730100e-02 9.997929556766915749e-01 9.210939356703456288e-03 -3.592900000000000260e-02 1.329347211272357554e-01 -6.718405392324271370e-03 9.911020244898143261e-01 6.512150300000000058e+00
9.900995667600985817e-01 1.996636692613360312e-02 -1.389395267489999530e-01 -6.989087600000000400e+00 -1.828150949919133891e-02 9.997431829189500352e-01 1.339233428189203629e-02 -3.649430000000000035e-02 1.391712409655674887e-01 -1.071972009233273029e-02 9.902103076060387865e-01 6.575632099999999980e+00
9.892119874827792758e-01 1.902753126499356559e-02 -1.452501183281083019e-01 -6.998607200000000361e+00 -1.687665528634072973e-02 9.997291352093331529e-01 1.602606376952762923e-02 -3.778739999999999877e-02 1.455157116146424956e-01 -1.340183821565650232e-02 9.892651658709740170e-01 6.638689000000000284e+00
9.868582940894895517e-01 1.502325772897600970e-02 -1.608881882364004146e-01 -7.019013400000000402e+00 -1.443662535983458381e-02 9.998841949658725525e-01 4.814613761132059862e-03 -3.840339999999999726e-02 1.609418877576699602e-01 -2.428659024619105912e-03 9.869608960745809290e-01 6.762929899999999606e+00
9.853641751908492896e-01 1.254415763571780154e-02 -1.700002539988325900e-01 -7.030210000000000292e+00 -1.224861507486053186e-02 9.999210984141005953e-01 2.787180490446059412e-03 -3.923879999999999729e-02 1.700218035406201589e-01 -6.641201312161874697e-04 9.854400769530565762e-01 6.824600700000000408e+00
9.834617018083854356e-01 1.186815411249640163e-02 -1.807269431881046717e-01 -7.041890600000000333e+00 -1.103569590761563184e-02 9.999233620670937572e-01 5.611007777068681424e-03 -4.010969999999999813e-02 1.807796849537829376e-01 -3.523763669959201900e-03 9.835173046762365479e-01 6.886148000000000380e+00
9.789722751857556915e-01 1.326960199057852091e-02 -2.035612980913531767e-01 -7.068105700000000269e+00 -9.649246444993635902e-03 9.997773148669445442e-01 1.876733120308417962e-02 -4.063259999999999789e-02 2.037650030320930228e-01 -1.640848379510166655e-02 9.788823142742323347e-01 7.008946899999999758e+00
9.739048239439208610e-01 1.772752125028436918e-02 -2.262634059875372194e-01 -7.096876100000000243e+00 -1.413276105907167526e-02 9.997470170849646065e-01 1.749762539782278442e-02 -4.089879999999999904e-02 2.265163547375941000e-01 -1.384329512926968896e-02 9.739089814845924842e-01 7.128094199999999603e+00
9.679849536465775506e-01 1.492129506587971943e-02 -2.505643319935820790e-01 -7.127597800000000206e+00 -1.459240463418050998e-02 9.998884987514854439e-01 3.170456038656942546e-03 -4.121360000000000301e-02 2.505837010677778309e-01 5.873823777256400539e-04 9.680947596909699193e-01 7.245027099999999720e+00
9.617108747643988709e-01 1.457068971662149257e-02 -2.736784397081301612e-01 -7.162370700000000312e+00 -1.086647781598618426e-02 9.998277537022757233e-01 1.504601563657694679e-02 -4.188440000000000218e-02 2.738505304354354464e-01 -1.149599616576913244e-02 9.617035557033087878e-01 7.362187900000000340e+00
9.582315151834043254e-01 1.382843068492126126e-02 -2.856591287078172892e-01 -7.180562499999999737e+00 -8.516346365797733409e-03 9.997670972659115085e-01 1.982985297653655152e-02 -4.221749999999999808e-02 2.858668136631021817e-01 -1.656881798094299654e-02 9.581261081490366482e-01 7.421513100000000307e+00
9.507555178973657872e-01 9.887389894105378177e-03 -3.097840936988111027e-01 -7.218693700000000213e+00 -6.017200835495716341e-03 9.998914901248786569e-01 1.344623627470156561e-02 -4.270689999999999903e-02 3.098834272461454820e-01 -1.092005022569646384e-02 9.507118459455794479e-01 7.538019199999999920e+00
