9.999728321719177915e-01 2.201288292091280879e-03 -7.034859481797742405e-03 1.355499999999999934e-03 -2.207081494760431903e-03 9.999972315925713673e-01 -8.158421836638156009e-04 2.581299999999999914e-03 7.033044102593400369e-03 8.313465271841434046e-04 9.999749222623549594e-01 -1.332700000000000030e-03
9.987653792879513936e-01 4.172875508372862405e-03 -4.950054793420142346e-02 -2.307200000000000136e-03 -4.531179164898976180e-03 9.999643267408063751e-01 -7.128370163048637284e-03 3.884900000000000159e-03 4.946903628705674044e-02 7.343865181052724664e-03 9.987486581182637435e-01 3.159889999999999921e-02
9.977975684382931476e-01 4.177946193473992126e-03 -6.620088507138173484e-02 -3.757400000000000150e-03 -4.657127130460418998e-03 9.999640519525861970e-01 -7.085617083661219229e-03 3.852400000000000182e-03 6.616890195190326673e-02 7.378317434888417500e-03 9.977811567905606749e-01 4.176459999999999895e-02
7.778588359432273558e-01 3.013472773041281014e-02 -6.277161217697545537e-01 -1.376986000000000043e-01 -3.462939439112749235e-02 9.993873869210820882e-01 5.065166054059708385e-03 -1.879100000000000084e-03 6.274842120636591192e-01 1.779744497576379869e-02 7.784258568182224058e-01 2.770033000000000079e-01
7.421637910980348751e-01 2.950169440801538728e-02 -6.695689338746598773e-01 -1.535379000000000049e-01 -3.408076246375370960e-02 9.993994863460756717e-01 6.258459961469559421e-03 -2.066399999999999921e-03 6.693514837608726120e-01 1.817461741705159173e-02 7.427235518474299969e-01 2.898306999999999967e-01
7.025836634687320226e-01 2.533838319455721660e-02 -7.111498872698646112e-01 -1.700431000000000026e-01 -2.778910722464042471e-02 9.995804951081431744e-01 8.160840582738864910e-03 -2.255200000000000173e-03 7.110583389191865722e-01 1.402854719652824912e-02 7.029930572324607496e-01 3.031921000000000199e-01
2.980645376477772390e-01 3.061391895442952538e-02 -9.540546731519468082e-01 -3.718400000000000039e-01 -4.820374039184489520e-03 9.995211002260349087e-01 3.056688072177038418e-02 -1.756600000000000088e-03 9.545335485937300746e-01 -4.512002791244952571e-03 2.980693651482363427e-01 3.865681000000000256e-01
2.440053547968349668e-01 3.266841622200648138e-02 -9.692234837291223704e-01 -4.019863000000000186e-01 -2.445528762944695900e-04 9.994344853743485357e-01 3.362513402801282220e-02 -1.302699999999999952e-03 9.697738535474965671e-01 -7.967686367878290196e-03 2.438753553551111786e-01 3.906244999999999856e-01
1.931734390922024702e-01 3.332695970086852616e-02 -9.805984581807111189e-01 -4.361145000000000160e-01 2.773283365717435153e-03 9.994004254825928912e-01 3.451229410783482332e-02 -8.997000000000000223e-04 9.811607061682935393e-01 -9.386335936292738644e-03 1.929651921177145679e-01 3.941788999999999987e-01
1.034029324439877939e-01 3.459483124587818537e-02 -9.940377413423763242e-01 -5.105353000000000252e-01 -5.899072693929911793e-04 9.993969056845465326e-01 3.471997865159243135e-02 1.277600000000000046e-03 9.946393746335390196e-01 -3.003757517298446394e-03 1.033609784656649433e-01 3.963149999999999729e-01
-1.430775267151404746e-03 2.890885609130878359e-02 -9.995810276919160353e-01 -6.325275000000000203e-01 -5.300329390806046703e-07 9.995820508015128558e-01 2.890888643930987489e-02 4.607100000000000257e-03 9.999989764404032533e-01 4.189193058820941951e-05 -1.430161953129283070e-03 3.932993000000000183e-01
-4.911440475257779908e-02 2.490835725352296207e-02 -9.984825231243312782e-01 -7.203469000000000122e-01 -8.396162152255713662e-04 9.996876055360585100e-01 2.497971941781973459e-02 6.626299999999999898e-03 9.987928064871167688e-01 2.065206167127159320e-03 -4.907814822378864239e-02 3.866640000000000077e-01
-6.543187208377065911e-02 2.401733381387607946e-02 -9.975679614903871784e-01 -7.665195000000000203e-01 -1.852020041420189556e-04 9.997099922467882482e-01 2.408105276237337833e-02 8.080399999999999736e-03 9.978570217299829181e-01 1.760419949726029637e-03 -6.540844827520275739e-02 3.827749999999999764e-01
-8.822204785456855269e-02 2.608423803729722004e-02 -9.957592494164237973e-01 -8.634057000000000537e-01 -1.500798879555974297e-03 9.996524635430630301e-01 2.631918948235666134e-02 9.055900000000000408e-03 9.960997027783258240e-01 3.816367159837600817e-03 -8.815224028141299684e-02 3.723883000000000054e-01
-9.509551860911795440e-02 2.743630199910050693e-02 -9.950899917460110933e-01 -9.145282999999999607e-01 -2.663339280090286712e-03 9.996095278786192306e-01 2.781543453126508747e-02 9.818300000000000291e-03 9.954645895080053153e-01 5.295385434330500060e-03 -9.498531427941825367e-02 3.667028999999999983e-01
-9.957468305090232119e-02 2.840926187872589576e-02 -9.946244498979593951e-01 -9.666816000000000297e-01 -2.638084245526072305e-03 9.995812819500515811e-01 2.881494901270695297e-02 1.082870000000000013e-02 9.950265941203911835e-01 5.493142506559045915e-03 -9.945804330760177336e-02 3.611242000000000063e-01
-9.870170703755308528e-02 3.405267304856605254e-02 -9.945342570701729557e-01 -1.131854899999999997e+00 5.956548759955826444e-04 9.994161749890698720e-01 3.416071377306827139e-02 1.452290000000000005e-02 9.951168867138886487e-01 2.779321583454581052e-03 -9.866436615310514302e-02 3.446195000000000230e-01
-9.686186821841258343e-02 3.407011059205691111e-02 -9.947145349543680126e-01 -1.189536600000000055e+00 -1.562316192659625458e-03 9.994075092914906921e-01 3.438298328960388145e-02 1.554709999999999946e-02 9.952966078779499348e-01 4.884458621386580587e-03 -9.675125017602059785e-02 3.383777000000000035e-01
-9.540373552901110221e-02 3.143728583404466204e-02 -9.949421210836836282e-01 -1.248762499999999998e+00 -3.583630514239549356e-03 9.994838612547892742e-01 3.192442142865525856e-02 1.693969999999999851e-02 9.954322100672893248e-01 6.611214003913828269e-03 -9.524183434786703817e-02 3.323907999999999863e-01
-9.410745105692526480e-02 3.136386885854269141e-02 -9.950678848127866294e-01 -1.308836099999999947e+00 -3.836451404086791209e-03 9.994847898333465430e-01 3.186591490001638299e-02 1.859190000000000148e-02 9.955546540980023673e-01 6.816349610689116656e-03 -9.393863998266294146e-02 3.268366999999999800e-01
-9.047039551976768235e-02 3.751698106478769390e-02 -9.951922345287272931e-01 -1.433834400000000064e+00 -4.377519327840476843e-03 9.992655441075108946e-01 3.806848675814079874e-02 2.216250000000000164e-02 9.958895244247883971e-01 7.800544295414293255e-03 -9.023971769494898432e-02 3.149500000000000077e-01
-8.702486160163834528e-02 3.902174902535393564e-02 -9.954415987722324832e-01 -1.565399299999999938e+00 -6.684315066881250239e-03 9.991871813952314385e-01 3.975294287897952056e-02 2.541969999999999993e-02 9.961837146808327770e-01 1.011333962917461936e-02 -8.669329251010493564e-02 3.024079000000000073e-01
-8.539256252956285709e-02 3.613073143023344536e-02 -9.956920610866349941e-01 -1.631129999999999969e+00 -9.122493760293174520e-03 9.992720331035881420e-01 3.704300156055101434e-02 2.725860000000000088e-02 9.963056209678976538e-01 1.224639144147832322e-02 -8.500079719881437068e-02 2.964447000000000054e-01
-8.367220423986235223e-02 3.544183597256846119e-02 -9.958628612919231404e-01 -1.698526100000000039e+00 -1.008644207869639244e-02 9.992859920030212617e-01 3.641112292598027572e-02 2.914220000000000005e-02 9.964422842913862599e-01 1.309131198281120005e-02 -8.325497959121030966e-02 2.904807999999999835e-01
-8.124727033086427685e-02 3.978864070789187024e-02 -9.958994653750957715e-01 -1.836048200000000019e+00 -4.974691364651586539e-03 9.991742195702681961e-01 4.032531949001526284e-02 3.311780000000000279e-02 9.966815607352278450e-01 8.230614604246368898e-03 -8.098224171771517543e-02 2.798784999999999745e-01
-7.929086626354887868e-02 3.706895880299089507e-02 -9.961620605204950518e-01 -1.977827999999999919e+00 -3.724553579116482438e-03 9.992903682878717664e-01 3.748182956748299238e-02 3.657409999999999828e-02 9.968445647280284039e-01 6.682225703440083930e-03 -7.909653362718238601e-02 2.676020000000000065e-01
-7.917080959856724609e-02 3.020490552985054256e-02 -9.964033553684171762e-01 -2.047534499999999813e+00 -2.293094546937303468e-03 9.995326864405682521e-01 3.048196933105679074e-02 3.794270000000000281e-02 9.968584275737985001e-01 4.698129290843816586e-03 -7.906454930156936456e-02 2.624503000000000252e-01
-7.944793249053812290e-02 2.657093950947943956e-02 -9.964848273790036792e-01 -2.193605699999999992e+00 1.831144197745876792e-03 9.996468906511069008e-01 2.650926107044448976e-02 4.127240000000000075e-02 9.968373352427697398e-01 2.813985741018567438e-04 -7.946853390453689769e-02 2.499949999999999950e-01
-7.965153048635319200e-02 3.433963716987065151e-02 -9.962311092363174136e-01 -2.267162799999999923e+00 1.387963583591250716e-03 9.994093057622490672e-01 3.433821650741170767e-02 4.225349999999999939e-02 9.968218031565483361e-01 1.352358998526370648e-03 -7.965214295213240980e-02 2.438691000000000053e-01
-8.003067322724079224e-02 4.151035399645592455e-02 -9.959276991096709386e-01 -2.341592299999999849e+00 -2.018999878342642162e-04 9.991318196886002090e-01 4.166012628571243159e-02 4.404210000000000069e-02 9.967923808793831553e-01 3.535165743711491532e-03 -7.995281123246988919e-02 2.370434999999999903e-01
-8.088047766348173406e-02 4.733010171496922214e-02 -9.955994223605083571e-01 -2.488746599999999809e+00 -3.984366242890301224e-03 9.988485853188862063e-01 4.780824648637847785e-02 4.788010000000000183e-02 9.967158437381086200e-01 7.833586541966048450e-03 -8.059877023453876355e-02 2.236682999999999866e-01
-8.155421903305419551e-02 4.125258180897632687e-02 -9.958148090142073805e-01 -2.634014800000000101e+00 -4.152518147870352255e-03 9.991203118591277521e-01 4.172959409760684107e-02 5.218249999999999972e-02 9.966602560305795055e-01 7.538363523546226519e-03 -8.131117465912440778e-02 2.109754000000000074e-01
-8.155085736328056278e-02 4.519705731454885800e-02 -9.956438538319909437e-01 -2.778605000000000214e+00 -6.913324207105511765e-03 9.989215608860234630e-01 4.591210238529493115e-02 5.630829999999999863e-02 9.966452044793678855e-01 1.062738006922405234e-02 -8.115044781849911626e-02 1.975491000000000053e-01
-8.131485485132732005e-02 3.862343413295273725e-02 -9.959398198266221636e-01 -2.922339899999999879e+00 -8.539211821960308521e-03 9.991851962611778548e-01 3.944648823369833329e-02 6.014810000000000295e-02 9.966518831778560239e-01 1.171212654854229644e-02 -8.091878551821984900e-02 1.854785999999999935e-01
-8.027464181047833103e-02 3.514783753583468340e-02 -9.961529056318382258e-01 -3.067019499999999788e+00 -9.363447132938677864e-03 9.993074301458433339e-01 3.601369063424229161e-02 6.373819999999999486e-02 9.967288035067453089e-01 1.221841118414414458e-02 -7.988994109490332729e-02 1.730542999999999942e-01
-7.938875418265106676e-02 4.263247110622507552e-02 -9.959316734177621200e-01 -3.210613299999999892e+00 -8.457423783144051715e-03 9.990202891700360466e-01 4.343885138410053665e-02 6.690190000000000026e-02 9.968078539479308109e-01 1.187157251565888749e-02 -7.895041528533297548e-02 1.614473999999999909e-01
-7.851093444466304694e-02 4.847768225098493533e-02 -9.957338738318578519e-01 -3.282420600000000022e+00 -7.678373036405915231e-03 9.987579372888021334e-01 4.923032896630803734e-02 6.897949999999999915e-02 9.968836821616348098e-01 1.151073525842955664e-02 -7.804118921230462913e-02 1.554257000000000000e-01
-7.833197166613516116e-02 5.165059033440330682e-02 -9.955884283844422811e-01 -3.426311999999999802e+00 -7.500797745311250236e-03 9.985981694182953783e-01 5.239688986584424557e-02 7.356600000000000639e-02 9.968991123719992409e-01 1.157205913124889629e-02 -7.783474288120406648e-02 1.435858000000000134e-01
-7.770823679635306680e-02 4.313841284029758250e-02 -9.960424224256829717e-01 -3.568990700000000071e+00 -8.860347648959120137e-03 9.989941099760504262e-01 4.395750758059970009e-02 7.774509999999999754e-02 9.969367703989768792e-01 1.224114254385364961e-02 -7.724784952139152061e-02 1.319664999999999866e-01
-7.787666027088413490e-02 3.892026203560118580e-02 -9.962030109310719972e-01 -3.711304699999999901e+00 -1.612118439822952595e-02 9.990578853850136110e-01 4.029204715106084883e-02 8.193129999999999857e-02 9.968326505480504807e-01 1.919778250489288796e-02 -7.717585080997324543e-02 1.190612999999999949e-01
-7.980842799053063097e-02 3.365026572636662522e-02 -9.962420762235576488e-01 -3.853270800000000218e+00 -1.034014221327356209e-02 9.993483181382069036e-01 3.458352922051920186e-02 8.484609999999999375e-02 9.967565882805536903e-01 1.306134184845273750e-02 -7.940846975246584893e-02 1.079383000000000009e-01
-8.224991458227713659e-02 3.565256866280423764e-02 -9.959738178782370221e-01 -3.994708800000000171e+00 -5.719905838262448125e-03 9.993265663979034041e-01 3.624494955960247400e-02 8.797349999999999615e-02 9.965953211953230140e-01 8.678020460954522647e-03 -8.199059539038444644e-02 9.658519999999999606e-02
-8.576994939707588417e-02 4.580721990657649068e-02 -9.952613799323540844e-01 -4.134849499999999622e+00 -1.575635602170805116e-03 9.989350293486405352e-01 4.611208640562475258e-02 9.109580000000000455e-02 9.963137222546282201e-01 5.523200581291080186e-03 -8.560643143167812052e-02 8.493620000000000336e-02
-8.717356856115722474e-02 4.525469824469183222e-02 -9.951647005551869096e-01 -4.204016700000000384e+00 -1.528458864300596270e-03 9.989603803120482572e-01 4.556119379810132097e-02 9.249599999999999489e-02 9.961919658167361913e-01 5.492800159289580597e-03 -8.701377125832865378e-02 7.878820000000000268e-02
-8.958836757645979865e-02 3.817705335609779260e-02 -9.952469226237432576e-01 -4.340440300000000029e+00 -9.710205791422961419e-03 9.991841185331271635e-01 3.920215778073787849e-02 9.583780000000000077e-02 9.959315419738816733e-01 1.317610975300806050e-02 -8.914456704310891322e-02 6.488059999999999661e-02
-9.149867292641618299e-02 3.861989435048894526e-02 -9.950560268713822820e-01 -4.477364999999999817e+00 -1.507863316256841460e-02 9.990793773170404402e-01 4.016257762822560140e-02 9.925180000000000113e-02 9.956910302270743918e-01 1.867890735968322224e-02 -9.083210195297131140e-02 5.040039999999999798e-02
-9.357335963083425467e-02 3.977802644923100761e-02 -9.948174380152384755e-01 -4.611497899999999817e+00 -1.625508228136502559e-02 9.990073252629150247e-01 4.147452677321757791e-02 1.024144000000000027e-01 9.954796826994635195e-01 2.005175011914340361e-02 -9.283387662774200688e-02 3.769290000000000140e-02
-9.460867513549979513e-02 4.170204520792503838e-02 -9.946407080019307179e-01 -4.744227900000000275e+00 -1.570858550661428238e-02 9.989353025574989609e-01 4.337627975909753852e-02 1.058851999999999988e-01 9.953905961633789934e-01 1.972817097032270039e-02 -9.385286537809522933e-02 2.503249999999999920e-02
-9.532060384449281276e-02 4.458868040030784102e-02 -9.944475009083590944e-01 -4.809849299999999772e+00 -1.493963321275281440e-02 9.988197142519272820e-01 4.621672620563624378e-02 1.078959000000000029e-01 9.953345115297620449e-01 1.926208716254638673e-02 -9.454195976365620258e-02 1.931300000000000031e-02
-9.535359572920192039e-02 4.908136602315023300e-02 -9.942327249144504719e-01 -4.874687699999999957e+00 -1.495452096651534238e-02 9.986003733997540488e-01 5.073121867779278871e-02 1.097814000000000012e-01 9.953311278585503796e-01 1.970567824698081505e-02 -9.448614798293175632e-02 1.268180000000000002e-02
-9.587226708007293152e-02 5.112680435575810145e-02 -9.940797544871814440e-01 -4.938702100000000428e+00 -1.496060807950630109e-02 9.984932121097263025e-01 5.279664361200100270e-02 1.115402000000000060e-01 9.952812108197454100e-01 1.993377152395576363e-02 -9.496291982669946563e-02 5.986400000000000228e-03
-9.641899384587666877e-02 5.116949574166335113e-02 -9.940246779287184031e-01 -5.003020300000000198e+00 -1.419314851243997158e-02 9.985054615022533886e-01 5.277686884872664907e-02 1.136077999999999949e-01 9.952396355456570864e-01 1.919703247160263818e-02 -9.554863569529192802e-02 -5.462000000000000492e-04
-9.672831917162630355e-02 4.925449978861196065e-02 -9.940913572307152890e-01 -5.065828299999999729e+00 -1.352313053251973443e-02 9.986175609372311968e-01 5.079460530780682131e-02 1.155510000000000009e-01 9.952189493829146638e-01 1.835650397949099150e-02 -9.592852313477207016e-02 -6.816799999999999596e-03
-9.701479227781568959e-02 4.289370837557708593e-02 -9.943582150618978099e-01 -5.188877100000000020e+00 -1.363116262051704275e-02 9.989199257960470479e-01 4.442041482508776729e-02 1.190317000000000042e-01 9.951895907237501282e-01 1.786369584970608215e-02 -9.632531798901000641e-02 -1.870399999999999840e-02
-9.347237405343077066e-02 4.001297236116391209e-02 -9.948175095622514563e-01 -5.306351699999999560e+00 -1.680239448568379007e-02 9.989864026417349940e-01 4.175939267365887109e-02 1.217256000000000032e-01 9.954800825874735581e-01 2.061866580916678696e-02 -9.270531695586237131e-02 -3.059989999999999932e-02
-8.940994006381279557e-02 4.075553669711678983e-02 -9.951607150839080207e-01 -5.363552999999999571e+00 -1.706583809140464064e-02 9.989530787478012597e-01 4.244412362774351022e-02 1.230441000000000035e-01 9.958486932200208974e-01 2.077817818816605697e-02 -8.862080750680090269e-02 -3.618040000000000145e-02
-8.339851809550903605e-02 4.236645873264863194e-02 -9.956152722582796155e-01 -5.419229999999999769e+00 -1.653200080172697803e-02 9.988995296873895979e-01 4.389103028870027651e-02 1.241482000000000002e-01 9.963791347318375902e-01 2.011995936294819903e-02 -8.260633817249474209e-02 -4.113109999999999683e-02
-7.627917744722996496e-02 4.388655683401857660e-02 -9.961202021931032657e-01 -5.473445400000000127e+00 -1.576224984685745123e-02 9.988529663555983928e-01 4.521396999144292744e-02 1.253983999999999932e-01 9.969619042710406998e-01 1.914997994454085278e-02 -7.549993179059455439e-02 -4.504980000000000095e-02
-6.785313889502254947e-02 4.527560061369265837e-02 -9.966674829305722794e-01 -5.526051500000000338e+00 -1.691824457675233234e-02 9.987739361738041666e-01 4.652308481095219356e-02 1.263622000000000078e-01 9.975518655902230192e-01 2.001860157341799756e-02 -6.700396293138766168e-02 -4.821149999999999741e-02
-5.592904668529949386e-02 4.712208070704167889e-02 -9.973221401566860767e-01 -5.577891799999999733e+00 -1.913969934317121674e-02 9.986514983246177479e-01 4.825823041771253735e-02 1.273855000000000126e-01 9.982512778083114657e-01 2.178748273286922749e-02 -5.495172381498436565e-02 -5.117209999999999814e-02
2.506970304831145774e-02 5.122913785099222211e-02 -9.983722178747331810e-01 -5.768953299999999729e+00 -2.566705295614384735e-02 9.983898570723599430e-01 5.058552844024875178e-02 1.325523000000000118e-01 9.993561489187006153e-01 2.435710840959460360e-02 2.634423823736919967e-02 -5.124059999999999726e-02
8.880920353119904631e-02 5.070919515831262547e-02 -9.947570069592626130e-01 -5.853344400000000114e+00 -2.412331094640700335e-02 9.985197856126906135e-01 4.874734463506059934e-02 1.350934000000000024e-01 9.957564919382335678e-01 1.966761974369482524e-02 8.990102055305271289e-02 -4.207049999999999679e-02
1.268674070675693544e-01 5.079757889827197365e-02 -9.906181236995542649e-01 -5.893216100000000068e+00 -2.403533896054257241e-02 9.985520354951020749e-01 4.812623909719390691e-02 1.364261999999999975e-01 9.916284402461456038e-01 1.770419121740060900e-02 1.279046445925019482e-01 -3.575480000000000325e-02
5.114079039567105411e-01 3.323867830775845134e-02 -8.586950250437912491e-01 -6.162555199999999900e+00 -5.410400160135759792e-03 9.993564079663932453e-01 3.546121016850771468e-02 1.430019999999999902e-01 8.593210595235700744e-01 -1.348925946304020511e-02 5.112586004542394313e-01 8.689879999999999827e-02
5.563174904594450076e-01 2.904630962575974196e-02 -8.304620170158476533e-01 -6.190873100000000129e+00 1.573941755109832877e-03 9.993502721149429835e-01 3.600772599236082283e-02 1.432461999999999902e-01 8.309683342440052911e-01 -2.133882660583547378e-02 5.559103182733966531e-01 1.105624000000000051e-01
6.000731374581473876e-01 2.255498623733635799e-02 -7.996271020275445007e-01 -6.217544099999999574e+00 1.139300414344063435e-02 9.992600668673393693e-01 3.673578937314317394e-02 1.433481000000000061e-01 7.998640066647098035e-01 -3.115431527275093482e-02 5.993721544100651943e-01 1.358155000000000057e-01
7.234390086186381907e-01 6.762150986952952282e-03 -6.903551796886233660e-01 -6.291548699999999883e+00 3.962888757701254518e-03 9.998948835383124623e-01 1.394694900681110739e-02 1.447330000000000005e-01 6.903769233698182628e-01 -1.282556774315100553e-02 7.233361656176815480e-01 2.162548999999999999e-01
7.996340880230379256e-01 3.339146857808927057e-03 -6.004782888413421338e-01 -6.336630800000000008e+00 -3.223176796909263311e-03 9.999940008788548162e-01 1.268596719456285219e-03 1.452027999999999930e-01 6.004789225300920519e-01 9.210345068097479685e-04 7.996400535819456756e-01 2.806983000000000117e-01
8.336544415539184349e-01 1.831450602261531536e-03 -5.522833673632728813e-01 -6.357284100000000215e+00 -3.137644655868991259e-03 9.999940693001324599e-01 -1.420053018525083057e-03 1.455732999999999888e-01 5.522774911794231523e-01 2.916702462268188755e-03 8.336552438408270094e-01 3.169954999999999856e-01
8.642651844366319169e-01 2.898532860339846778e-03 -5.030281199674350168e-01 -6.376863000000000170e+00 -6.102306942851992710e-03 9.999702293419328036e-01 -4.722528964181050247e-03 1.455789000000000111e-01 5.029994560838907391e-01 7.151149355162335179e-03 8.642571424305444117e-01 3.553983000000000003e-01
9.116268816233311645e-01 1.091419471234622574e-02 -4.108738359344652480e-01 -6.413529900000000339e+00 -1.354783382606983971e-02 9.999021035466447715e-01 -3.498502767763845677e-03 1.438781000000000088e-01 4.107954295027417269e-01 8.755779621247166550e-03 9.116855002811452557e-01 4.392789000000000277e-01
9.291518790992355781e-01 1.519993374992524050e-02 -3.693856353194551190e-01 -6.430480499999999822e+00 -1.873377857972428895e-02 9.998066140724722883e-01 -5.981638326109552616e-03 1.434838999999999976e-01 3.692232808294805269e-01 1.247783919340214945e-02 9.292569463945794528e-01 4.840427999999999953e-01
9.427308592267985565e-01 2.040749334128571027e-02 -3.329295139770993561e-01 -6.446556600000000081e+00 -2.335019761521558643e-02 9.997156326055839370e-01 -4.839648266932792924e-03 1.428406999999999871e-01 3.327360745889038629e-01 1.233645571234398552e-02 9.429392963110747594e-01 5.310158999999999851e-01
9.707235971514835970e-01 2.324597848809050599e-02 -2.390717934374848030e-01 -6.502222999999999864e+00 -2.360846559175047710e-02 9.997203730085421070e-01 1.347643893822974333e-03 1.402033000000000029e-01 2.390362698121088481e-01 4.335928481035868434e-03 9.710009585157576284e-01 7.398434000000000399e-01
9.742613279539628079e-01 2.793185405971400359e-02 -2.236843230585634223e-01 -6.515394699999999872e+00 -2.802258225110875606e-02 9.996034541751281921e-01 2.769347419931386667e-03 1.393784000000000134e-01 2.236729749821394220e-01 3.570144246283941079e-03 9.746577113698429162e-01 7.956902000000000141e-01
9.771115468531933468e-01 3.183083192008567125e-02 -2.103326487862381133e-01 -6.528429499999999663e+00 -3.174701462126073431e-02 9.994888043305281133e-01 3.775854945413412416e-03 1.388995000000000091e-01 2.103453162511521313e-01 2.988002209939020614e-03 9.776225855482248983e-01 8.532041000000000208e-01
9.851116135253349393e-01 3.072863782945411612e-02 -1.691474496250457427e-01 -6.561526800000000215e+00 -3.063168808019184688e-02 9.995256709578888010e-01 3.183203031544874252e-03 1.374939000000000022e-01 1.691650335703834829e-01 2.045461641890455005e-03 9.855856165264399449e-01 1.035936100000000026e+00
9.892607180790761179e-01 3.267713037788644304e-02 -1.424620539509985906e-01 -6.580441999999999680e+00 -3.293477114167341069e-02 9.994573520622630491e-01 5.497804427331022797e-04 1.355828000000000033e-01 1.424027124584227311e-01 4.148078947684887517e-03 9.898001116010886058e-01 1.164510600000000062e+00
9.919921127173274567e-01 3.154103909839788000e-02 -1.222980423359519841e-01 -6.597640000000000171e+00 -3.316280565332688224e-02 9.993866729209823774e-01 -1.124750235069797363e-02 1.336552000000000018e-01 1.218682757234738068e-01 1.521317982943150987e-02 9.924296864421502384e-01 1.297177299999999978e+00
9.929774529186073950e-01 3.166729074106366254e-02 -1.139866689240272013e-01 -6.605742499999999851e+00 -3.319467251316127882e-02 9.993824401392727985e-01 -1.152614671157606296e-02 1.329288000000000136e-01 1.135512734936020840e-01 1.522895394942620079e-02 9.934154152466064813e-01 1.365806099999999912e+00
9.936514019317010948e-01 3.342632556146153677e-02 -1.074224008232187028e-01 -6.613418099999999633e+00 -3.421839356646216856e-02 9.993990348517637345e-01 -5.538111509715471295e-03 1.313413999999999970e-01 1.071727249858646508e-01 9.178774254906015354e-03 9.941980472331867213e-01 1.435581299999999949e+00
9.948212052593962129e-01 3.741086713311969625e-02 -9.450500826194549453e-02 -6.636434600000000295e+00 -3.711036846901429043e-02 9.992989833889077689e-01 4.935823131891734286e-03 1.277258000000000004e-01 9.462341210470223696e-02 -1.403145838247706664e-03 9.955121501334980305e-01 1.644402700000000106e+00
9.953975873887308534e-01 3.573532632554461685e-02 -8.891923005233914878e-02 -6.649330100000000243e+00 -3.533377835702991576e-02 9.993570336301558221e-01 6.086332307056588342e-03 1.258717000000000030e-01 8.907955504890141540e-02 -2.916468128143110891e-03 9.960202443153187701e-01 1.782558700000000051e+00
9.956588843468692218e-01 3.371789586078128426e-02 -8.675534288946815109e-02 -6.655021699999999818e+00 -3.311945215018644723e-02 9.994166979566431186e-01 8.328609410424635956e-03 1.251672000000000062e-01 8.698556150545441734e-02 -5.419164526143472292e-03 9.961948327237094558e-01 1.852174599999999893e+00
9.961876097861935841e-01 3.161315591245643375e-02 -8.130716131882342879e-02 -6.667663100000000398e+00 -3.117628444565859192e-02 9.994918633565008648e-01 6.637346782645690141e-03 1.235296000000000033e-01 8.147567364946325941e-02 -4.077187437981202867e-03 9.966669910988131820e-01 1.990084100000000022e+00
9.963378107730219702e-01 3.445150926840211125e-02 -7.825637567093840508e-02 -6.679460500000000245e+00 -3.520700760931638751e-02 9.993456187187641504e-01 -8.294634579530149945e-03 1.213984000000000035e-01 7.791940348346729217e-02 1.101943087185552721e-02 9.968987605088296400e-01 2.125683800000000012e+00
9.964115666786347303e-01 3.539222209134199743e-02 -7.688550191333830275e-02 -6.685320400000000163e+00 -3.644435573276885026e-02 9.992596867569788488e-01 -1.232425890542927609e-02 1.197420000000000012e-01 7.639239964978337960e-02 1.508207670653407932e-02 9.969637567323930138e-01 2.193555400000000155e+00
9.964893124666501789e-01 3.724434860982770573e-02 -7.497938807680742945e-02 -6.690850300000000139e+00 -3.814483005298204693e-02 9.992158584584477365e-01 -1.061320617798907143e-02 1.179947999999999969e-01 7.452531167309522919e-02 1.343602254303754087e-02 9.971286031491881641e-01 2.261792699999999989e+00
9.965338159680229291e-01 4.054350689886448283e-02 -7.264005562052093523e-02 -6.696924199999999772e+00 -4.114451075989717516e-02 9.991300937544502769e-01 -6.795953836819178598e-03 1.164532000000000067e-01 7.230133378119212029e-02 9.761137360225996193e-03 9.973350677334550385e-01 2.329947499999999838e+00
9.968222412107650143e-01 4.125055230069042678e-02 -6.814551608459171184e-02 -6.707365499999999869e+00 -4.134133038815832051e-02 9.991450786983385735e-01 7.819608641554116717e-05 1.135692999999999980e-01 6.809048266303066588e-02 2.739278696810011973e-03 9.976753893541409068e-01 2.466037299999999988e+00
9.971409507288849783e-01 3.703787864048057460e-02 -6.586440560202808103e-02 -6.716254199999999841e+00 -3.710865940254345213e-02 9.993112254151679252e-01 1.488508699159930403e-04 1.104436000000000029e-01 6.582455299385980840e-02 2.295714496291779289e-03 9.978285714079898616e-01 2.600394999999999790e+00
9.973187174512688769e-01 3.448362204946686660e-02 -6.454653849514885300e-02 -6.725222099999999870e+00 -3.473300343748671193e-02 9.993928570452138560e-01 -2.745133733763981728e-03 1.084547000000000011e-01 6.441268736489533242e-02 4.979668398019580430e-03 9.979109221814730368e-01 2.735683199999999982e+00
9.973558915578563111e-01 3.622115592931149375e-02 -6.300201138041552906e-02 -6.734674499999999675e+00 -3.640950684671058479e-02 9.993352533080871458e-01 -1.843720922675005057e-03 1.059714999999999963e-01 6.289334929873618973e-02 4.132718089330180040e-03 9.980116969530874460e-01 2.872870199999999929e+00
9.973530814679674172e-01 3.616063097781898467e-02 -6.308121474445374521e-02 -6.739459499999999714e+00 -3.640955790584022439e-02 9.993330276434795323e-01 -2.800705985599921677e-03 1.049363999999999991e-01 6.293786602238082839e-02 5.090051886032793960e-03 9.980044671204364448e-01 2.941264900000000182e+00
9.972523681627509795e-01 3.580557849146742688e-02 -6.485117379567177653e-02 -6.744306599999999818e+00 -3.605886504859963371e-02 9.993459140397896734e-01 -2.739040595591247206e-03 1.036614000000000008e-01 6.471068262035210850e-02 5.069974444588691911e-03 9.978911879127599915e-01 3.010547900000000165e+00
9.968940846922700327e-01 3.600404265251098967e-02 -7.004207891144578757e-02 -6.754932900000000018e+00 -3.627203750550565819e-02 9.993386800410731796e-01 -2.557707755910823728e-03 1.017329000000000011e-01 6.990367086756044124e-02 5.090332645478588477e-03 9.975407587225687545e-01 3.151592500000000019e+00
9.963380645899011512e-01 3.998617990137144640e-02 -7.557490632574528910e-02 -6.767576700000000223e+00 -4.063834975572468144e-02 9.991486180715375420e-01 -7.110804094347562831e-03 9.875570000000000181e-02 7.522622932449432587e-02 1.015600426506196169e-02 9.971147727312973386e-01 3.292478299999999969e+00
9.961381876018801096e-01 4.079525999167400024e-02 -7.774611220796434630e-02 -6.774446499999999816e+00 -4.173900665008468264e-02 9.990728246920719258e-01 -1.055207494613378920e-02 9.766629999999999756e-02 7.724355329155854766e-02 1.375637030674737270e-02 9.969173464991357703e-01 3.363345600000000157e+00
9.958184863943773113e-01 3.996994147637389361e-02 -8.214588202452190180e-02 -6.787279599999999746e+00 -4.096462912297073322e-02 9.991058585065365483e-01 -1.045861648279245749e-02 9.433300000000000018e-02 8.165440169414557581e-02 1.377995922678751893e-02 9.965654375943805432e-01 3.509032499999999999e+00
9.955732538953074862e-01 3.787284657436665314e-02 -8.602059997851706219e-02 -6.800761200000000173e+00 -3.868423528318742921e-02 9.992211612879228211e-01 -7.784649958077792704e-03 9.091810000000000169e-02 8.565877695172026407e-02 1.107783041796937991e-02 9.962629450121921471e-01 3.655661799999999850e+00
9.953624042501263425e-01 3.702369505892180723e-02 -8.878586717260796013e-02 -6.814197499999999685e+00 -3.712697676343308661e-02 9.993104367546374878e-01 4.884564085861195417e-04 8.848970000000000447e-02 8.874272816301916056e-02 2.810159682217010756e-03 9.960506167864888738e-01 3.805032300000000145e+00
9.953929007719081179e-01 4.118402673186116053e-02 -8.658434636258244277e-02 -6.828464000000000311e+00 -4.114218810826133360e-02 9.991507267180427254e-01 2.268403948054811305e-03 8.693090000000000539e-02 8.660423459941632429e-02 1.304316279303492252e-03 9.962419411510905487e-01 3.955281499999999895e+00
9.957804856670821048e-01 3.907239245970274555e-02 -8.303356256421252912e-02 -6.842325699999999955e+00 -3.932269210730067466e-02 9.992256101060412732e-01 -1.380577286530205398e-03 8.467769999999999464e-02 8.291531975494316475e-02 4.639855136166807018e-03 9.965457949809687355e-01 4.106808700000000201e+00
9.962103108318688394e-01 3.435536801798420165e-02 -7.990447597362870802e-02 -6.854657200000000117e+00 -3.471692552118416791e-02 9.993922542259802144e-01 -3.139629830150457608e-03 8.176269999999999372e-02 7.974805122777539612e-02 5.901769350176912059e-03 9.967975809781590701e-01 4.259637399999999907e+00
9.963831403296760092e-01 3.094319568528601516e-02 -7.914010555688721915e-02 -6.865365500000000232e+00 -3.091439224098873478e-02 9.995207722033778719e-01 1.589429562324303066e-03 8.063330000000000497e-02 7.915136144845172361e-02 8.628874465373516985e-04 9.968622359213489270e-01 4.412233800000000095e+00
9.965318967082303914e-01 3.140363616735807051e-02 -7.705835761658227923e-02 -6.878980600000000223e+00 -3.159282208003856562e-02 9.995000567790991441e-01 -1.236968712935781773e-03 7.705800000000000149e-02 7.698098749766665860e-02 3.667169759631301509e-03 9.970258168321611825e-01 4.562202000000000091e+00
9.964883602749586844e-01 3.385628986815995140e-02 -7.658132587574748018e-02 -6.885412200000000205e+00 -3.449502647984645926e-02 9.993801235713042352e-01 -7.032905428011836796e-03 7.592599999999999349e-02 7.629574683217271724e-02 9.649883261874030865e-03 9.970385342444659793e-01 4.636144200000000382e+00
9.963784770000282398e-01 4.064502332347284808e-02 -7.468542461644463171e-02 -6.898776100000000078e+00 -4.211548397061007365e-02 9.989466076037573083e-01 -1.821980150457841799e-02 7.158249999999999336e-02 7.386620730094088649e-02 2.129923087764674580e-02 9.970406843168413413e-01 4.783517400000000031e+00
9.964501831170279322e-01 4.045495235084436286e-02 -7.382702348281681981e-02 -6.904998800000000436e+00 -4.197934399371757580e-02 9.989337107587287212e-01 -1.921395814645332489e-02 6.912329999999999863e-02 7.297100276067612634e-02 2.224496212825376185e-02 9.970859513682930331e-01 4.857203000000000159e+00
9.966040289846286315e-01 3.689762457706335930e-02 -7.361368563097296647e-02 -6.916605900000000418e+00 -3.728625093626540543e-02 9.992969705172579653e-01 -3.911547794453681254e-03 6.455180000000000640e-02 7.341760621760611005e-02 6.643042646298289236e-03 9.972791610585653999e-01 5.004329700000000436e+00
9.964144133656713809e-01 3.378832266119835559e-02 -7.756717146375623206e-02 -6.927627099999999594e+00 -3.376903663704938774e-02 9.994284449156595196e-01 1.560659499065863119e-03 6.133890000000000176e-02 7.757556961924692851e-02 1.064305035766601251e-03 9.969859067474525771e-01 5.149262900000000087e+00
9.963979471418251688e-01 2.846028972973366211e-02 -7.988205580764869140e-02 -6.933048199999999994e+00 -2.870689198453023339e-02 9.995859894265558543e-01 -1.940127501462340226e-03 5.990369999999999723e-02 7.979376720111162891e-02 4.226304607222860707e-03 9.968024343194702430e-01 5.220879100000000328e+00
9.962338505127260602e-01 2.731155575033868133e-02 -8.229334125604326200e-02 -6.939379699999999929e+00 -2.768405249768698256e-02 9.996109796451656537e-01 -3.388600026215033909e-03 5.835259999999999753e-02 8.216877953269574597e-02 5.654051231506099229e-03 9.966023898098874678e-01 5.292095200000000332e+00
9.959625427630960370e-01 2.952582842414899073e-02 -8.477522555992358932e-02 -6.946262800000000404e+00 -3.011152448016662236e-02 9.995306432136565888e-01 -5.638206308237984389e-03 5.648029999999999717e-02 8.456896302041624902e-02 8.168153571134918051e-03 9.963841486900972821e-01 5.362555500000000031e+00
9.955951069547729348e-01 3.117182088475183716e-02 -8.842341652776779248e-02 -6.953036799999999573e+00 -3.207239206713619756e-02 9.994469661130536142e-01 -8.782004014143390824e-03 5.458120000000000333e-02 8.810076432589032669e-02 1.157927070853259285e-02 9.960442639838112955e-01 5.432304399999999589e+00
9.952065214208775101e-01 3.195032531738778436e-02 -9.242919686695098835e-02 -6.960041000000000366e+00 -3.320833023551363061e-02 9.993751518159507130e-01 -1.210424453712706343e-02 5.269259999999999916e-02 9.198470810045310253e-02 1.511564239318289281e-02 9.956456853874855462e-01 5.502126699999999815e+00
9.948344443083426691e-01 3.361864067054993327e-02 -9.578212472677498368e-02 -6.967403400000000246e+00 -3.529752756465551894e-02 9.992505530484888654e-01 -1.588762978267536236e-02 4.998890000000000278e-02 9.517622058861875678e-02 1.918643353396913553e-02 9.952755235625525554e-01 5.571164600000000355e+00
9.943610273634706509e-01 3.822055471863649440e-02 -9.892085956795317048e-02 -6.975508699999999784e+00 -3.998343609844221686e-02 9.990738328930544032e-01 -1.589972534803302251e-02 4.802120000000000000e-02 9.822154599895475957e-02 1.976526309920536434e-02 9.949682719947376963e-01 5.640403700000000242e+00
9.938420891882211450e-01 4.173049638247602888e-02 -1.026472962608564882e-01 -6.983418499999999973e+00 -4.337622664553329732e-02 9.989627695962475240e-01 -1.385236162500248433e-02 4.604389999999999872e-02 1.019627614376308194e-01 1.821951240474532427e-02 9.946213574259030743e-01 5.708904300000000376e+00
9.933323109796865502e-01 4.487211801891369256e-02 -1.061951646180364917e-01 -6.991883800000000093e+00 -4.598001000299806185e-02 9.989102767232693747e-01 -8.006106217481167436e-03 4.402120000000000338e-02 1.057201903322131931e-01 1.283557872236675002e-02 9.943130740742487372e-01 5.777695699999999768e+00
9.923461340085604210e-01 4.453043513936773973e-02 -1.151789506140888930e-01 -7.008433300000000088e+00 -4.465201880436316800e-02 9.990014364031309935e-01 1.525542911796599985e-03 4.057229999999999864e-02 1.151318701965661773e-01 3.629106057901594542e-03 9.933435871108553528e-01 5.913861299999999765e+00
9.916133780122520225e-01 4.332602346760944939e-02 -1.217610949261489633e-01 -7.016880500000000076e+00 -4.328780554854120416e-02 9.990582576949873506e-01 2.960341576216952205e-03 3.899199999999999888e-02 1.217746871805556602e-01 2.335256290077996743e-03 9.925550222230188346e-01 5.981174900000000072e+00
9.901117223329094497e-01 4.263711103444556977e-02 -1.336445062903666159e-01 -7.035893399999999964e+00 -4.216474070028684157e-02 9.990904028766889322e-01 6.364080559906374127e-03 3.692820000000000130e-02 1.337942896413634730e-01 -6.660648104831233887e-04 9.910089022894956745e-01 6.114802799999999650e+00
9.890796101266670082e-01 4.721622048065432509e-02 -1.396143021155163977e-01 -7.046492599999999662e+00 -4.689253276304540530e-02 9.988841925682939715e-01 5.608940029454204459e-03 3.581399999999999861e-02 1.397233523887369544e-01 9.991800185851526343e-04 9.901900759129750318e-01 6.180591100000000004e+00
9.881073890867667631e-01 4.935022146443172886e-02 -1.456308458862493327e-01 -7.057210399999999773e+00 -4.962733554278453418e-02 9.987663032400763141e-01 1.731784939248392271e-03 3.476060000000000261e-02 1.455366455538152082e-01 5.516081359395925282e-03 9.893374842021198656e-01 6.245985499999999746e+00
9.872190875181920955e-01 4.803397015932531905e-02 -1.519579249347697281e-01 -7.067311300000000074e+00 -4.870599755565844374e-02 9.988129125276867804e-01 -7.011205799397806152e-04 3.387400000000000133e-02 1.517438599807460209e-01 8.093421939604196480e-03 9.883867145401394882e-01 6.310784299999999902e+00
9.854978277821813126e-01 5.220343045991843178e-02 -1.614584568389605124e-01 -7.090027300000000032e+00 -5.236256766329604184e-02 9.986227784598025181e-01 3.272284970913955440e-03 3.214129999999999765e-02 1.614069172752789771e-01 5.229549640321452114e-03 9.868740846056556215e-01 6.439146000000000036e+00
9.834693969806683755e-01 5.130037902076453604e-02 -1.736554528795639374e-01 -7.113914000000000293e+00 -5.036088862916586473e-02 9.986828565793099965e-01 9.814931027268970765e-03 3.008349999999999913e-02 1.739302334240982184e-01 -9.072413764799900152e-04 9.847575594094840623e-01 6.567797200000000224e+00
9.807224285183335777e-01 4.734461005907385223e-02 -1.895837706647285348e-01 -7.138220300000000407e+00 -4.837993680459282131e-02 9.988286569560718142e-01 -8.341211623529585020e-04 2.851920000000000149e-02 1.893222118925451114e-01 9.990092175957313719e-03 9.818641953663602706e-01 6.692868200000000378e+00
9.768410225105803590e-01 4.449498574648026034e-02 -2.092888267058334306e-01 -7.165221700000000027e+00 -4.531748634792969604e-02 9.989722594772698638e-01 8.661558655693544356e-04 2.573179999999999912e-02 2.091122716905659540e-01 8.638346965639526545e-03 9.778534843165984647e-01 6.817485800000000040e+00
9.716758643743730328e-01 4.573584350835546708e-02 -2.318496219770358191e-01 -7.195494199999999729e+00 -4.342967394053182106e-02 9.989432124232794363e-01 1.504399464497310768e-02 2.429440000000000072e-02 2.322926559616861619e-01 -4.548733014599458911e-03 9.726353021632658802e-01 6.941166899999999806e+00
