9.999981264625030786e-01 3.299454946948050848e-04 1.907408570358172777e-03 -6.294999999999999598e-04 -3.300542165015913753e-04 9.999999439254965150e-01 5.668525403822609381e-05 2.024999999999999890e-04 -1.907389760356998504e-03 -5.731469607751512007e-05 9.999981792880063836e-01 1.520199999999999980e-03
9.992155743947035429e-01 1.304630899470824628e-03 -3.957946216510297571e-02 -5.190099999999999575e-03 -1.482015639123352270e-03 9.999889883613962693e-01 -4.452727882621728382e-03 8.590000000000000088e-05 3.957321716398688044e-02 4.507892430773956759e-03 9.992065048773074443e-01 3.667990000000000139e-02
9.984166703508570162e-01 1.380602481699292955e-03 -5.623385370304665593e-02 -6.641199999999999881e-03 -1.624200494460535356e-03 9.999894943124901792e-01 -4.286401451576120694e-03 -2.250000000000000142e-05 5.622734511127056717e-02 4.370949718059621153e-03 9.984084236725471184e-01 4.763590000000000185e-02
7.500333914854503403e-01 2.407236772568453059e-02 -6.609617483401841742e-01 -1.631279999999999952e-01 -2.740306317474535541e-02 9.996103615516336305e-01 5.310104260110173370e-03 -5.679000000000000020e-03 6.608320390125423938e-01 1.412962103850443074e-02 7.504008062521214661e-01 3.102054000000000200e-01
7.108395292971754209e-01 1.965831367770791427e-02 -7.030794509100085632e-01 -1.800112000000000101e-01 -2.100090200928287493e-02 9.997568668628719069e-01 6.720809127648471118e-03 -5.769800000000000276e-03 7.030406287714577873e-01 9.987885856507698265e-03 7.110795429716358917e-01 3.242451000000000083e-01
6.690695936771288155e-01 1.578420749986955696e-02 -7.430321242115462965e-01 -1.988704000000000027e-01 -1.574386458060779426e-02 9.998511105309857427e-01 7.063108240858394227e-03 -5.459699999999999623e-03 7.430329801191797312e-01 6.972486181819226303e-03 6.692184806859828861e-01 3.373631999999999742e-01
3.117086785204773447e-01 2.498103803761206332e-02 -9.498492761873228440e-01 -3.751168999999999754e-01 -1.805457030398057230e-03 9.996681013654395986e-01 2.569878279858016368e-02 -4.993199999999999722e-03 9.501760047801296460e-01 -6.295621572219287088e-03 3.116503250264474056e-01 4.034479000000000259e-01
1.599251877766008911e-01 2.822079192783042562e-02 -9.867256565112640931e-01 -4.771131000000000122e-01 3.890268654032311493e-03 9.995654770124454691e-01 2.921853820234501103e-02 -4.014099999999999613e-03 9.871214718181438030e-01 -8.511408100223038023e-03 1.597459101439941964e-01 4.159808999999999868e-01
1.177993623774209464e-01 2.858750040760326544e-02 -9.926258434293950828e-01 -5.148412999999999462e-01 1.790519390399333485e-03 9.995778019520081825e-01 2.900020491486952900e-02 -3.063399999999999977e-03 9.930358021057374973e-01 -5.193521467858003629e-03 1.176984412427676263e-01 4.170283000000000184e-01
1.458416411426633787e-02 2.193047084269258290e-02 -9.996531181393403243e-01 -6.365792999999999591e-01 2.940370031093431091e-03 9.997541837147556620e-01 2.197558574697950490e-02 -1.000100000000000077e-03 9.998893220657815162e-01 -3.259845619107097983e-03 1.451609538998677174e-02 4.161927999999999739e-01
-1.202141757769174465e-02 1.997294584107187423e-02 -9.997282465519581329e-01 -6.813088999999999951e-01 2.555896666257131272e-03 9.997978396244705523e-01 1.994360234443318808e-02 -3.015000000000000102e-04 9.999244736037089520e-01 -2.315451720739374053e-03 -1.207003610909040958e-02 4.140831999999999846e-01
-4.930226908746753595e-02 1.667449699032022559e-02 -9.986447052946043623e-01 -7.727832999999999508e-01 2.601711532492318943e-03 9.998593839465174105e-01 1.656633427142261555e-02 1.524500000000000030e-03 9.987805151082640442e-01 -1.781427576584755992e-03 -4.933871862807892583e-02 4.081583999999999768e-01
-6.248884587631890752e-02 1.725674436488954661e-02 -9.978964620214716419e-01 -8.206900000000000306e-01 2.908976720437614696e-03 9.998494096806467279e-01 1.710835514309706762e-02 1.789800000000000028e-03 9.980414229857823560e-01 -1.833776209693197337e-03 -6.252963512869036400e-02 4.043996999999999731e-01
-7.200989761491261021e-02 1.872983425112685618e-02 -9.972280421019131813e-01 -8.705612999999999824e-01 9.602886179406206618e-04 9.998245053514436265e-01 1.870925825658043690e-02 1.468700000000000084e-03 9.974034552232412532e-01 3.896250331856358773e-04 -7.201524630988531683e-02 3.998728999999999756e-01
-7.873860855038704309e-02 2.007777929704754327e-02 -9.966930893219079213e-01 -9.216096999999999761e-01 2.192134571993471781e-05 9.997971980353704824e-01 2.013857790602018027e-02 1.770400000000000099e-03 9.968952959278141179e-01 1.563834748715894896e-03 -7.872308033782204895e-02 3.948402999999999774e-01
-8.456031089642937482e-02 2.164086682199148348e-02 -9.961833298666926684e-01 -1.027938699999999983e+00 2.206060424762948044e-03 9.997657379618066775e-01 2.153143040038375464e-02 3.324199999999999811e-03 9.964159207472054192e-01 -3.769361711262013415e-04 -8.458824268550202419e-02 3.853136999999999812e-01
-8.190104548016106933e-02 2.628833219968493284e-02 -9.962937028504273984e-01 -1.139795899999999973e+00 3.426881768358220476e-03 9.996535864929628756e-01 2.609527721833968666e-02 4.675399999999999695e-03 9.966345745711425730e-01 -1.276950239951583563e-03 -8.196276085810194623e-02 3.759283999999999959e-01
-8.002603843505226577e-02 2.641246559055742890e-02 -9.964427805116653492e-01 -1.198000900000000035e+00 1.085674359515832049e-03 9.996505975877946204e-01 2.641030203443492375e-02 5.132799999999999863e-03 9.967921821942506977e-01 1.031699468162851005e-03 -8.002675248084711868e-02 3.706090000000000217e-01
-7.854568216777914336e-02 2.376674506762060241e-02 -9.966271708325479262e-01 -1.257313099999999961e+00 -8.617059881296500884e-04 9.997137852174339256e-01 2.390826445019524418e-02 6.093999999999999591e-03 9.969101430297456767e-01 2.736690541727367781e-03 -7.850272128589286247e-02 3.657119999999999815e-01
-7.356947043311785894e-02 2.985189636712113487e-02 -9.968432160091563743e-01 -1.444672900000000038e+00 -1.565214764813476975e-03 9.995472197263722824e-01 3.004838830984432607e-02 9.737499999999999628e-03 9.972888664388722679e-01 3.770917735225616865e-03 -7.348943499921301026e-02 3.512823999999999947e-01
-7.183259058035562639e-02 3.205964632616494642e-02 -9.969013281202689924e-01 -1.509547799999999995e+00 -2.015771774844578659e-03 9.994765831472015583e-01 3.228771290362420637e-02 1.040729999999999954e-02 9.974146658209246397e-01 4.328835621312013618e-03 -7.173036726168990906e-02 3.464996000000000187e-01
-6.991595606950377906e-02 3.116288073860545849e-02 -9.970660128351377383e-01 -1.575836699999999979e+00 -3.812710648065915572e-03 9.994962846999303485e-01 3.150619159069989461e-02 1.198019999999999988e-02 9.975455991203617812e-01 6.004309711133894167e-03 -6.976192328549613020e-02 3.413038999999999934e-01
-6.833448872301756127e-02 2.837642316921999350e-02 -9.972588311261449956e-01 -1.642716199999999960e+00 -6.254937862847007729e-03 9.995635866877724540e-01 2.887060650917971580e-02 1.319670000000000044e-02 9.976428586439616275e-01 8.210650156797696247e-03 -6.812717387876121578e-02 3.365106999999999959e-01
-6.501917658341374584e-02 2.991169357743644203e-02 -9.974356105853370291e-01 -1.781572699999999898e+00 -4.442256185768553647e-03 9.995320646824923383e-01 3.026413771337241321e-02 1.616930000000000103e-02 9.978741268498720896e-01 6.398613825159070456e-03 -6.485587640855394742e-02 3.268636999999999793e-01
-6.193340264584309973e-02 2.879473299008535742e-02 -9.976648319895499162e-01 -1.995253799999999966e+00 -1.037078565438330144e-03 9.995813525279000356e-01 2.891442799958301307e-02 1.985599999999999865e-02 9.980797453634434602e-01 2.825425724320422549e-03 -6.187761198300534282e-02 3.131260000000000154e-01
-6.168418591444103927e-02 2.199633414764341419e-02 -9.978533071008675037e-01 -2.066659500000000094e+00 5.469526737662960825e-04 9.997577219849170804e-01 2.200450350046540687e-02 2.050679999999999864e-02 9.980955675940283989e-01 8.115513505323104088e-04 -6.168127214609075981e-02 3.088093000000000088e-01
-6.165270256951859568e-02 1.733456674630057259e-02 -9.979471213754728121e-01 -2.139599599999999935e+00 3.810329991601933697e-03 9.998459735514124702e-01 1.713214984709618763e-02 2.164030000000000120e-02 9.980903895195213371e-01 -2.746264507710337310e-03 -6.170925684226080676e-02 3.044705999999999801e-01
-6.217845060286645437e-02 1.804082942813030332e-02 -9.979019835405537053e-01 -2.213444500000000037e+00 4.834114657981910743e-03 9.998303351707186204e-01 1.777448193006275767e-02 2.257649999999999935e-02 9.980533410675503925e-01 -3.718782859182661986e-03 -6.225511254464055622e-02 2.998028999999999833e-01
-6.228902501479677972e-02 3.277006059345476119e-02 -9.975200251079713309e-01 -2.363281499999999813e+00 2.924156197449847075e-03 9.994625272036186114e-01 3.265127909115858595e-02 2.382659999999999986e-02 9.980538696249011688e-01 -8.830880234255190919e-04 -6.235137113411337584e-02 2.895455000000000112e-01
-6.267742717532558128e-02 3.830105408826000452e-02 -9.972986360054895139e-01 -2.512985000000000024e+00 -7.184935804225300870e-04 9.992613598991161306e-01 3.842158741572393454e-02 2.627080000000000040e-02 9.980335785381454494e-01 3.124718914943536152e-03 -6.260361205270781326e-02 2.785406000000000271e-01
-6.324070581943434799e-02 3.206214742246896177e-02 -9.974831486446874562e-01 -2.660327199999999781e+00 -8.392188532359672049e-04 9.994817503884124710e-01 3.217959527762412342e-02 2.916650000000000145e-02 9.979979503181236611e-01 2.872166982468483953e-03 -6.318102418961468736e-02 2.685189000000000048e-01
-6.315924545676637747e-02 3.569748168263985055e-02 -9.973648276908755328e-01 -2.807894000000000112e+00 -3.506856761040805931e-03 9.993459802735064068e-01 3.599046633265785833e-02 3.155340000000000228e-02 9.979973004317144181e-01 5.770746286419860260e-03 -6.299275210933630298e-02 2.581972000000000156e-01
-6.290577865120784706e-02 2.885393656250744704e-02 -9.976022821531296270e-01 -2.954396000000000022e+00 -4.976809096040262989e-03 9.995604864160978487e-01 2.922439677453432874e-02 3.390579999999999983e-02 9.980070612894014204e-01 6.803259546764143378e-03 -6.273453017304386758e-02 2.484097999999999862e-01
-6.202269406661416185e-02 2.547044367139551097e-02 -9.977496890101753557e-01 -3.100406200000000112e+00 -5.989033039836347272e-03 9.996468271028740027e-01 2.589116734340988352e-02 3.577149999999999774e-02 9.980567703813081337e-01 7.581395804136199790e-03 -6.184824600337579525e-02 2.386176000000000130e-01
-6.082828970440085081e-02 3.298024545933312540e-02 -9.976032390590361398e-01 -3.246400599999999859e+00 -5.307492408075561649e-03 9.994291663816163851e-01 3.336423099796595459e-02 3.713810000000000028e-02 9.981341341202476514e-01 7.324260726486231388e-03 -6.061852446929694160e-02 2.292180000000000051e-01
-6.011616618129420053e-02 4.156978570806547230e-02 -9.973254230590176128e-01 -3.393642400000000059e+00 -4.614210552487063577e-03 9.991102186044460431e-01 4.192231078021953911e-02 4.005849999999999689e-02 9.981807229277874782e-01 7.122078092910079372e-03 -5.987086419117526592e-02 2.197512000000000076e-01
-5.958420679762114341e-02 3.716771378567285122e-02 -9.975310939275250366e-01 -3.539364799999999978e+00 -4.513642098882376247e-03 9.992863318207705348e-01 3.750272085052175353e-02 4.311639999999999917e-02 9.982130781227531724e-01 6.737068215126412046e-03 -5.937392168758282018e-02 2.103189000000000031e-01
-5.856442299687259628e-02 2.988606810540828801e-02 -9.978361745758879131e-01 -3.684126899999999871e+00 -9.329508216372177365e-03 9.994917377511828294e-01 3.048321576804874367e-02 4.587379999999999930e-02 9.982400355803626724e-01 1.109455273184407897e-02 -5.825583459359506833e-02 2.001875999999999933e-01
-6.022061965133398975e-02 2.635389230591688933e-02 -9.978371356735213915e-01 -3.828097099999999919e+00 -1.045576215896553904e-02 9.995799144744088593e-01 2.703093814518152047e-02 4.715600000000000347e-02 9.981303291687335655e-01 1.206096760884547633e-02 -5.991977181076268977e-02 1.910909000000000080e-01
-6.202421989980334144e-02 2.094485831732777886e-02 -9.978548537016234121e-01 -3.971471999999999891e+00 -2.921755489387774934e-03 9.997716909796243723e-01 2.116670169399841039e-02 4.858529999999999793e-02 9.980703680055236227e-01 4.228336056837046428e-03 -6.194886345615535639e-02 1.825946999999999987e-01
-6.551480325487922529e-02 3.074641397202457563e-02 -9.973777963150849413e-01 -4.115373599999999854e+00 7.693179024833782242e-05 9.995253314120063903e-01 3.080756314963065123e-02 4.941210000000000047e-02 9.978515944948795902e-01 1.941621379085864407e-03 -6.548607081239610217e-02 1.730251999999999901e-01
-6.877993860792327996e-02 3.355876243374052159e-02 -9.970672642851161616e-01 -4.256466900000000386e+00 1.756118892301969381e-03 9.994365923638162119e-01 3.351736700039464889e-02 5.092789999999999817e-02 9.976303103311998655e-01 5.543537848794501122e-04 -6.880012064200746735e-02 1.634940000000000004e-01
-7.119477885188456312e-02 2.630445094843031698e-02 -9.971155295774573046e-01 -4.395742399999999606e+00 -6.203332650003268861e-03 9.996212063807048409e-01 2.681347456070961449e-02 5.210859999999999798e-02 9.974431423034922917e-01 8.094418712053489881e-03 -7.100463546451951657e-02 1.520016999999999896e-01
-7.311117815799550446e-02 2.586089914329205500e-02 -9.969884500453604081e-01 -4.534507800000000088e+00 -1.155066904052220664e-02 9.995747497790474778e-01 2.677501911989900452e-02 5.364649999999999974e-02 9.972569065557109758e-01 1.347343681675583493e-02 -7.278137692623520838e-02 1.397934999999999872e-01
-7.492536915671242637e-02 2.690219873570683790e-02 -9.968261938572415826e-01 -4.671522099999999789e+00 -1.273117906369371048e-02 9.995287475056587878e-01 2.793206024297588755e-02 5.508269999999999833e-02 9.971078708627159060e-01 1.478359269438929771e-02 -7.454756368029646918e-02 1.292698999999999931e-01
-7.586039087351477417e-02 2.867305940356555671e-02 -9.967061035034134875e-01 -4.806960600000000028e+00 -1.250010907565736462e-02 9.994805668548312205e-01 2.970427162281092520e-02 5.619790000000000202e-02 9.970400936620424925e-01 1.471231266608559636e-02 -7.546257010201229409e-02 1.189015999999999962e-01
-7.659741803699127161e-02 3.125070680849542648e-02 -9.965722396665662730e-01 -4.874511199999999711e+00 -1.176495619596941086e-02 9.994107820861646285e-01 3.224398324691910012e-02 5.730840000000000239e-02 9.969926887173111707e-01 1.419443460973828473e-02 -7.618462226943534255e-02 1.143654999999999949e-01
-7.707318297475554414e-02 3.756169103668668269e-02 -9.963176420362154229e-01 -5.007215999999999667e+00 -1.138931672989445219e-02 9.991917213974833567e-01 3.855110057002467810e-02 5.907479999999999676e-02 9.969603843335832494e-01 1.431863321684377632e-02 -7.658308437400196400e-02 1.030338999999999977e-01
-7.780635826367042485e-02 3.769845225554058210e-02 -9.962554879704713651e-01 -5.072638000000000424e+00 -1.085537632310567581e-02 9.991935571249195291e-01 3.865742108488295914e-02 5.993500000000000216e-02 9.969093897735284981e-01 1.382252139035872011e-02 -7.733438099438016966e-02 9.791569999999999441e-02
-7.813323176556274952e-02 3.206835537612476306e-02 -9.964270262680253731e-01 -5.200485200000000141e+00 -1.001373658371024038e-02 9.994068529301652903e-01 3.294946730760596465e-02 6.208910000000000123e-02 9.968926337241647007e-01 1.255240613163472949e-02 -7.776576320467498693e-02 8.720920000000000061e-02
-7.060866163586020094e-02 2.719351605362532384e-02 -9.971333559693175141e-01 -5.440865500000000132e+00 -1.386459860751499198e-02 9.995050159842623350e-01 2.823997039219355160e-02 6.403720000000000245e-02 9.974077349847679796e-01 1.581884025270805655e-02 -7.019668429216729955e-02 6.824040000000000661e-02
-6.453451000870663590e-02 2.882781185375451680e-02 -9.974989996394285630e-01 -5.497681599999999946e+00 -1.332302108259985143e-02 9.994686747367952373e-01 2.974668601889401617e-02 6.432999999999999829e-02 9.978265350887240981e-01 1.520938800868053623e-02 -6.411614764809769884e-02 6.428380000000000205e-02
-5.748727670176272814e-02 3.031752242009683879e-02 -9.978857954955174803e-01 -5.553300400000000359e+00 -1.232385279435516644e-02 9.994410853815171025e-01 3.107474060580537462e-02 6.484299999999999786e-02 9.982701716818537241e-01 1.408419986090620087e-02 -5.708151753904255887e-02 6.127620000000000289e-02
-3.693780293705094253e-02 3.340576883724415136e-02 -9.987590566911402901e-01 -5.660111900000000418e+00 -1.551477395732642380e-02 9.993014799524894132e-01 3.399770512574983028e-02 6.561920000000000253e-02 9.991971229458364023e-01 1.675132153464252080e-02 -3.639371818880787757e-02 5.669180000000000053e-02
-2.203888599941941639e-02 3.485928389656464677e-02 -9.991491969821739705e-01 -5.711431499999999772e+00 -1.873449170462589478e-02 9.992020505715195622e-01 3.527436681557605952e-02 6.640559999999999519e-02 9.995815656185711440e-01 1.949596009149635184e-02 -2.136822911794244995e-02 5.558310000000000334e-02
1.076408884525245774e-01 3.674788341189889895e-02 -9.935104590279342229e-01 -5.939599499999999921e+00 -1.793223479833506995e-02 9.992258425045992265e-01 3.501643365780132688e-02 6.911390000000000589e-02 9.940281052808761508e-01 1.404666279652595252e-02 1.082165291256014239e-01 7.095830000000000193e-02
1.452713715825982299e-01 3.677946947603979305e-02 -9.887079949224502062e-01 -5.979938999999999893e+00 -1.731602048971135621e-02 9.992502687615868462e-01 3.462738532283635151e-02 7.001440000000000441e-02 9.892403065145043417e-01 1.209012013825100720e-02 1.457993311443234186e-01 7.864909999999999957e-02
1.855656059878801889e-01 3.661100516580201997e-02 -9.819496118310251376e-01 -6.018541299999999872e+00 -1.724933058763640503e-02 9.992730622635574989e-01 3.399717089245364587e-02 7.018019999999999814e-02 9.824804662020663049e-01 1.062926785634290064e-02 1.860622266775523448e-01 8.851559999999999984e-02
3.791113910494996464e-01 2.558864559121165963e-02 -9.249971753434279576e-01 -6.160221599999999853e+00 -6.883174053135994452e-04 9.996251068412317364e-01 2.737100640834429915e-02 7.126820000000000377e-02 9.253507872129697054e-01 -9.739968658237377688e-03 3.789868778927228954e-01 1.454580000000000040e-01
6.153245828128494077e-01 7.749481463227680944e-03 -7.882357536443294066e-01 -6.308248500000000369e+00 2.347940156310111826e-02 9.993278185096889921e-01 2.815366503503287723e-02 7.331740000000000479e-02 7.879240924660391165e-01 -3.583094597854316610e-02 6.147290198305682685e-01 2.585048999999999819e-01
6.568404844685743482e-01 2.930671474027722601e-03 -7.540238650916826213e-01 -6.333259100000000252e+00 2.490257886444977725e-02 9.993626308690088944e-01 2.557720837919922816e-02 7.340950000000000253e-02 7.536182319510247307e-01 -3.557728470926976860e-02 6.563488533422809912e-01 2.849539999999999851e-01
7.368736232152559573e-01 -8.415984835906661216e-03 -6.759781317534337974e-01 -6.381714299999999618e+00 1.828110740897502529e-02 9.998049040394947351e-01 7.480305507015386733e-03 7.429860000000000630e-02 6.757832970128238026e-01 -1.786966865441425370e-02 7.368837156707013225e-01 3.423090999999999773e-01
8.443466350695120193e-01 -1.414018800880966972e-02 -5.356106934424180732e-01 -6.446013899999999630e+00 1.321909191246195200e-02 9.998971735771843283e-01 -5.558586274224583054e-03 7.497470000000000523e-02 5.356342179657702651e-01 -2.386913369527704932e-03 8.444467343703592199e-01 4.459001000000000214e-01
8.992977708254725755e-01 -1.082244948931050145e-02 -4.372029208221133167e-01 -6.483433200000000340e+00 9.088090898534300840e-03 9.999403472855672437e-01 -6.058751871395347613e-03 7.377150000000000374e-02 4.372424110172248302e-01 1.475282166394436059e-03 8.993424806770631275e-01 5.271236000000000255e-01
9.197171965479152833e-01 -4.299700639871291419e-03 -3.925580096602931945e-01 -6.500611300000000092e+00 2.667687762421663313e-03 9.999853834781099460e-01 -4.702794077952213853e-03 7.289790000000000159e-02 3.925724924342580691e-01 3.278018386904979140e-03 9.197152237401582386e-01 5.711574999999999847e-01
9.364929591070606518e-01 1.365615794733101521e-04 -3.506863540171419880e-01 -6.516761800000000271e+00 -2.524145816804757719e-03 9.999766450696784270e-01 -6.351220598110833733e-03 7.263139999999999874e-02 3.506772964290627570e-01 6.833056865369411224e-03 9.364714320805935799e-01 6.170307000000000430e-01
9.494102293485854327e-01 5.182543350304409137e-03 -3.139957924123962241e-01 -6.531850300000000331e+00 -7.028373164983461006e-03 9.999640346282344661e-01 -4.746727364902822432e-03 7.201009999999999356e-02 3.139598993166486385e-01 6.713471117476598263e-03 9.494125083053386316e-01 6.652074000000000042e-01
9.588740753629825253e-01 5.483813931231395523e-03 -2.837788494260153338e-01 -6.545482599999999707e+00 -6.528721305120040695e-03 9.999749435208294956e-01 -2.736444524172284339e-03 7.103059999999999929e-02 2.837567327745819656e-01 4.476618733087874176e-03 9.588858516475321503e-01 7.152311000000000085e-01
9.712104873966325158e-01 5.122963059165273718e-03 -2.381678912454198438e-01 -6.570535200000000131e+00 -5.049025382969610405e-03 9.999868299413322559e-01 9.204817039902440413e-04 6.965749999999999720e-02 2.381694701540855441e-01 3.085342439344230191e-04 9.712235624680564117e-01 8.209655000000000147e-01
9.788559987895318892e-01 1.248892126548054211e-02 -2.041689508210605686e-01 -6.595449000000000339e+00 -1.172322685612707353e-02 9.999189817968303640e-01 4.959414730582574135e-03 6.917729999999999713e-02 2.042143471596151172e-01 -2.461033932063177998e-03 9.789231040925315819e-01 9.337434000000000012e-01
9.814797082731075983e-01 1.644848368845598652e-02 -1.908586640225852227e-01 -6.607038000000000189e+00 -1.555222558627593864e-02 9.998598777839367013e-01 6.192986129857545874e-03 6.880429999999999879e-02 1.909337857149673301e-01 -3.110013222097493188e-03 9.815979916902383140e-01 9.921824000000000199e-01
9.839234392864526502e-01 1.482348909333826119e-02 -1.779745200690763252e-01 -6.617364399999999591e+00 -1.396322770854999638e-02 9.998839921716117241e-01 6.085266708979760082e-03 6.818570000000000186e-02 1.780440785161853112e-01 -3.502337799230303798e-03 9.840162802186062097e-01 1.052298200000000072e+00
9.863065784284578141e-01 1.483649585904944432e-02 -1.642534984083222349e-01 -6.627173899999999840e+00 -1.411022736821782031e-02 9.998848336682050197e-01 5.587565115773898347e-03 6.800370000000000026e-02 1.643174818221284361e-01 -3.193398022518533982e-03 9.864023354477138295e-01 1.113950100000000054e+00
9.906539472981038541e-01 1.696171744841102474e-02 -1.353405218103062302e-01 -6.645834400000000031e+00 -1.616326936811102871e-02 9.998448883803322529e-01 6.996277800012365780e-03 6.722010000000000485e-02 1.354381978099959694e-01 -4.743344908535658197e-03 9.907744421678725821e-01 1.241649900000000084e+00
9.946313145713967518e-01 1.624356500514584356e-02 -1.021992889892045370e-01 -6.668057899999999982e+00 -1.710528895419222845e-02 9.998251046583962465e-01 -7.561030658618655975e-03 6.549670000000000492e-02 1.020585967166359326e-01 9.268586232569847594e-03 9.947352090609241637e-01 1.442372100000000046e+00
9.954367951245082224e-01 1.613047189830973255e-02 -9.404995900363571915e-02 -6.674627799999999667e+00 -1.693104615008129976e-02 9.998268522257733881e-01 -7.720443288132518289e-03 6.480139999999999512e-02 9.390914006906642131e-02 9.277577519982965065e-03 9.955375432231821087e-01 1.511691200000000013e+00
9.960047124264065355e-01 1.818756707005951545e-02 -8.742897247745415323e-02 -6.681000700000000236e+00 -1.840420172393222864e-02 9.998292297471812473e-01 -1.672334315579329742e-03 6.370449999999999724e-02 8.738362651719233654e-02 3.274713305060586877e-03 9.961693521030816623e-01 1.582176699999999991e+00
9.969788748570023174e-01 2.136942363836658726e-02 -7.467577131995194184e-02 -6.699361800000000144e+00 -2.074276608690242552e-02 9.997429075010575428e-01 9.157322556074713044e-03 6.131579999999999669e-02 7.485225944438676782e-02 -7.580675081809234994e-03 9.971658200226150015e-01 1.793919800000000064e+00
9.972036698417845457e-01 2.148002658895907871e-02 -7.157827402092679925e-02 -6.704505400000000392e+00 -2.093358356072507268e-02 9.997457838735803737e-01 8.375721240977044776e-03 6.047809999999999991e-02 7.173998838432728287e-02 -6.853910178724545964e-03 9.973998185190724453e-01 1.863774199999999936e+00
9.976087293768711728e-01 1.831984411178396582e-02 -6.664237677922750513e-02 -6.713483300000000042e+00 -1.747882403996501438e-02 9.997603446753690060e-01 1.318119587773414030e-02 5.903619999999999701e-02 6.686788303247327703e-02 -1.198484569392484038e-02 9.976898564646471401e-01 2.004315399999999858e+00
9.978427761100413518e-01 1.594590384875291603e-02 -6.368298293462971993e-02 -6.718126299999999773e+00 -1.502537428137540841e-02 9.997759733787283665e-01 1.490775577747396365e-02 5.847059999999999758e-02 6.390643389135867991e-02 -1.391873575661787231e-02 9.978588259379314040e-01 2.074884400000000184e+00
9.980333794835251071e-01 1.510215640637393823e-02 -6.083829639767488612e-02 -6.722780199999999873e+00 -1.444367556538696078e-02 9.998324088318462088e-01 1.124875484974204726e-02 5.788410000000000083e-02 6.099798089163088050e-02 -1.034790420255088036e-02 9.980842485510724726e-01 2.144428700000000187e+00
9.980846284261734036e-01 1.780531752443016008e-02 -5.924563416186375692e-02 -6.727492800000000273e+00 -1.760126227234414670e-02 9.998372265304992235e-01 3.964342343863293781e-03 5.718539999999999734e-02 5.930657691864648501e-02 -2.913951209854625125e-03 9.982355627919390351e-01 2.213637799999999878e+00
9.981717444849459442e-01 1.848127765016788215e-02 -5.754659753883926282e-02 -6.731976000000000404e+00 -1.871763061859131605e-02 9.998184333283000047e-01 -3.570809567833569537e-03 5.621539999999999870e-02 5.747015587159746280e-02 4.641417171636699757e-03 9.983364354919302963e-01 2.282488799999999873e+00
9.983619854768664981e-01 2.415826892206170140e-02 -5.186254908292074056e-02 -6.744636100000000134e+00 -2.429703364342420541e-02 9.997026883398674180e-01 -2.046724742645109670e-03 5.212060000000000304e-02 5.179768441561193731e-02 3.303478277693264967e-03 9.986521350903173611e-01 2.489397499999999930e+00
9.983926436102678048e-01 2.703137164355222735e-02 -4.981399534236374133e-02 -6.748548999999999687e+00 -2.690449646771316330e-02 9.996328357199933956e-01 3.215870057016618003e-03 5.041190000000000254e-02 4.988263480129819655e-02 -1.870480546000618085e-03 9.987533349370141256e-01 2.558669300000000035e+00
9.985778707787693609e-01 2.458306594091627661e-02 -4.730654140691372550e-02 -6.752321700000000426e+00 -2.438380669395524142e-02 9.996912208562892532e-01 4.784654007727803804e-03 4.975249999999999811e-02 4.740955559854263118e-02 -3.624336050424161512e-03 9.988689594867498078e-01 2.627979299999999796e+00
9.986914531372166337e-01 2.219974736742139076e-02 -4.607116937410205004e-02 -6.755372999999999628e+00 -2.199928415293495032e-02 9.997462042905372881e-01 4.853710273760434256e-03 4.849219999999999919e-02 4.616722785085711211e-02 -3.833826220089980343e-03 9.989263680817926927e-01 2.696535799999999927e+00
9.988346657716283827e-01 1.986776966131782382e-02 -4.398388547598198334e-02 -6.761768299999999954e+00 -1.974224557942724431e-02 9.997997014279432770e-01 3.286451593618793139e-03 4.628310000000000063e-02 4.404037002979272614e-02 -2.414281110482622943e-03 9.990268350021227484e-01 2.833537600000000101e+00
9.989584018590603742e-01 1.650050817187553170e-02 -4.254226821952250548e-02 -6.768051599999999723e+00 -1.643210363970066396e-02 9.998630684313595252e-01 1.957129786327713172e-03 4.478030000000000205e-02 4.256873647603440225e-02 -1.256032283129559536e-03 9.990927509784752747e-01 2.972670599999999830e+00
9.989465723701542732e-01 1.911895981334646444e-02 -4.171583542943566730e-02 -6.775171799999999855e+00 -1.905617269710307288e-02 9.998166049944432476e-01 1.902277457073910582e-03 4.315490000000000298e-02 4.174455451982090476e-02 -1.105329381293739368e-03 9.991277047579556481e-01 3.112791999999999781e+00
9.988341989161190204e-01 1.651634504936694975e-02 -4.535916028549093204e-02 -6.782300000000000217e+00 -1.642163509809868582e-02 9.998621299896650605e-01 2.459860409668211158e-03 4.126300000000000107e-02 4.539353452089293917e-02 -1.712121123171922573e-03 9.989677150263466254e-01 3.254790499999999920e+00
9.984453159818758028e-01 2.168526025048890526e-02 -5.134881188227061882e-02 -6.790742400000000067e+00 -2.161029012100215696e-02 9.997644401662915126e-01 2.014829984841236439e-03 3.943529999999999952e-02 5.138040827726427645e-02 -9.020348387199356426e-04 9.986787471346385558e-01 3.399225700000000128e+00
9.981457392666654993e-01 2.317597128252867414e-02 -5.628461191936253577e-02 -6.800715000000000288e+00 -2.356087245275534023e-02 9.997032748344181208e-01 -6.184462353750440344e-03 3.734780000000000044e-02 5.612457993666265105e-02 7.499109310536029513e-03 9.983956104102631457e-01 3.544383299999999792e+00
9.979269147375873228e-01 2.275472440609948785e-02 -6.020045979494316468e-02 -6.810933600000000254e+00 -2.317677072061753371e-02 9.997113953975198530e-01 -6.321646249794143912e-03 3.510669999999999763e-02 6.003923834696800466e-02 7.703793192062661360e-03 9.981662894674263597e-01 3.692887499999999878e+00
9.977306952542327467e-01 2.066598909316940194e-02 -6.408101623965113680e-02 -6.821177500000000116e+00 -2.093150057339235662e-02 9.997748739402835261e-01 -3.474726095130773081e-03 3.215330000000000271e-02 6.399478128137876809e-02 4.808152710876673931e-03 9.979386502367053602e-01 3.843478399999999962e+00
9.976323339931953971e-01 1.926173792136271282e-02 -6.602053940659817488e-02 -6.831711799999999890e+00 -1.898552006378998250e-02 9.998081946935217790e-01 4.808726607771896325e-03 2.973780000000000173e-02 6.610050074845781609e-02 -3.543906873720451337e-03 9.978066769293907345e-01 3.996778700000000129e+00
9.977626487321162863e-01 2.214821516013217029e-02 -6.308053075467827397e-02 -6.842685200000000023e+00 -2.174539047982575884e-02 9.997385751684352284e-01 7.065360080476524446e-03 2.797459999999999877e-02 6.322052505279691925e-02 -5.677841615207278661e-03 9.979834303868182488e-01 4.150147399999999820e+00
9.980366123124746469e-01 2.013764154669780287e-02 -5.930763759226843207e-02 -6.852869000000000099e+00 -1.997221560778372762e-02 9.997948193465338029e-01 3.380800430083563592e-03 2.676119999999999888e-02 5.936355015963366150e-02 -2.189657682964073118e-03 9.982340278269801193e-01 4.305131000000000263e+00
9.983304815433914348e-01 1.504887525999147949e-02 -5.576541019977697411e-02 -6.861412999999999762e+00 -1.497097957842129581e-02 9.998862824631592483e-01 1.814362826357977625e-03 2.476050000000000126e-02 5.578637281453836805e-02 -9.764708968492408214e-04 9.984422502642729125e-01 4.460868800000000078e+00
9.984758335580884436e-01 1.063504569103085329e-02 -5.415630714542856577e-02 -6.868974200000000252e+00 -1.028326919990480218e-02 9.999242071592933101e-01 6.770104240031614255e-03 2.287799999999999903e-02 5.422420285299361237e-02 -6.202881589091545876e-03 9.985095192760803373e-01 4.617171800000000381e+00
9.986032352246222432e-01 1.147256181229764846e-02 -5.157478962032508579e-02 -6.878942000000000334e+00 -1.128665033603176715e-02 9.999287196198907157e-01 3.894509406613075667e-03 2.064950000000000119e-02 5.161579334961283877e-02 -3.306963076457530848e-03 9.986615412000708902e-01 4.769490700000000416e+00
9.986235536131067292e-01 1.562925870376545567e-02 -5.006719925761033557e-02 -6.887784500000000421e+00 -1.601601120717518340e-02 9.998448467524025940e-01 -7.332789897185977568e-03 1.769700000000000092e-02 4.994482509872393700e-02 8.124573529447908643e-03 9.987189323081957504e-01 4.920555600000000140e+00
9.986287295843199185e-01 2.049104293508401467e-02 -4.817444974506514960e-02 -6.896890199999999638e+00 -2.117680488232594541e-02 9.996809431415736302e-01 -1.376789216073734563e-02 1.340809999999999919e-02 4.787696088708180003e-02 1.476919358009571269e-02 9.987440450571960504e-01 5.070471300000000348e+00
9.987108097042195487e-01 1.746537875700223882e-02 -4.766213512649820211e-02 -6.900926100000000396e+00 -1.785493536430663927e-02 9.998104754860117627e-01 -7.759793268595421151e-03 1.167630000000000057e-02 4.751757425499065352e-02 8.600793760424760293e-03 9.988333727322150635e-01 5.145576000000000150e+00
9.987059574274111950e-01 1.685321058490169693e-02 -4.798312090703043403e-02 -6.904844299999999713e+00 -1.681589133783427392e-02 9.998579050071531027e-01 1.181352284836382875e-03 9.723499999999999505e-03 4.799621232463967963e-02 -3.729446174637919553e-04 9.988474480694238267e-01 5.221177100000000237e+00
9.986697201501111287e-01 1.570865190409526449e-02 -4.911240485513325427e-02 -6.909078100000000333e+00 -1.528354750739958391e-02 9.998425198464818697e-01 9.019350454794027722e-03 8.045899999999999927e-03 4.924635246277242473e-02 -8.256740421818859615e-03 9.987525334169214952e-01 5.295998599999999890e+00
9.985838534760717033e-01 1.333159252138870626e-02 -5.150297290179439019e-02 -6.913012000000000157e+00 -1.300974906608001747e-02 9.998937243776486739e-01 6.579238514634285113e-03 7.239599999999999681e-03 5.158521111827443079e-02 -5.899880595272226184e-03 9.986511690289280319e-01 5.369484400000000157e+00
9.983860327842222215e-01 6.940855265441636668e-03 -5.636624938352797348e-02 -6.920935199999999732e+00 -6.859568959216626183e-03 9.999751354801641456e-01 1.635461745536433099e-03 4.951399999999999899e-03 5.637619936707003593e-02 -1.246173989277766852e-03 9.984088196702355367e-01 5.515000800000000147e+00
9.982131226426860238e-01 9.485078907677713458e-03 -5.899656822267819456e-02 -6.925877599999999745e+00 -9.534017461973616145e-03 9.999544000189297677e-01 -5.480819437744107944e-04 3.321800000000000187e-03 5.898867937979945797e-02 1.109576900190659132e-03 9.982580350511234268e-01 5.586982299999999846e+00
9.977144983553866142e-01 1.164497915122616502e-02 -6.655955402514869557e-02 -6.936151500000000247e+00 -1.214444912449455342e-02 9.999010149438410933e-01 -7.104411991072235276e-03 -1.099000000000000015e-04 6.647023489443786015e-02 7.896503963390094291e-03 9.977571613865943156e-01 5.730627100000000418e+00
9.974696384624793799e-01 1.401853686881983710e-02 -6.969792658026650878e-02 -6.941840199999999683e+00 -1.482152160347423309e-02 9.998294580415839627e-01 -1.101713799633428220e-02 -1.946800000000000050e-03 6.953159600417947728e-02 1.202228997862158158e-02 9.975073040839257388e-01 5.801209000000000060e+00
9.971734785807333523e-01 1.842474102659115431e-02 -7.283942979803433027e-02 -6.948124899999999826e+00 -1.927913640561305930e-02 9.997531401692048014e-01 -1.104416684355283805e-02 -3.780400000000000166e-03 7.261796275477223894e-02 1.241723157219496061e-02 9.972825296000271678e-01 5.872358799999999768e+00
9.964809617700391975e-01 2.485065337647222178e-02 -8.005084544600481189e-02 -6.961008999999999780e+00 -2.519913697548400305e-02 9.996768522135511814e-01 -3.345839819319639669e-03 -7.191699999999999655e-03 7.994183088689248151e-02 5.351277900481303876e-03 9.967851661713688083e-01 6.012508399999999753e+00
9.961285731245309583e-01 2.524669181351184288e-02 -8.420493071880941205e-02 -6.967276100000000305e+00 -2.512087443561556582e-02 9.996811597001956651e-01 2.553548131911027343e-03 -8.972400000000000167e-03 8.424255143617134789e-02 -4.283607655984240925e-04 9.964451861665941657e-01 6.082089899999999716e+00
9.951311547555921067e-01 2.395595748055105029e-02 -9.560385419004770180e-02 -6.980947500000000083e+00 -2.338969859312360622e-02 9.997016400291924842e-01 7.039383685079508499e-03 -1.091029999999999951e-02 9.574396500315150715e-02 -4.768964681454693558e-03 9.953945700782893535e-01 6.220674500000000329e+00
9.939069134384678206e-01 2.234264163674276257e-02 -1.079344883895326929e-01 -6.996158600000000227e+00 -2.134539254972552327e-02 9.997182124333188202e-01 1.038604573588055094e-02 -1.254150000000000056e-02 1.081361254905880281e-01 -8.018858635851430772e-03 9.941037552841563985e-01 6.357345099999999860e+00
9.931513807070384559e-01 2.709038899879204904e-02 -1.136505425574267925e-01 -7.005260500000000334e+00 -2.616215395056669529e-02 9.996111214982049686e-01 9.651294098094601384e-03 -1.354909999999999969e-02 1.138678036161679952e-01 -6.611853068179513251e-03 9.934739084136204879e-01 6.424445600000000312e+00
9.923676962243339617e-01 2.929223935836895026e-02 -1.197844739679566894e-01 -7.014243600000000356e+00 -2.880087416956692709e-02 9.995681579246271653e-01 5.831578708764193625e-03 -1.422099999999999927e-02 1.199035659914952090e-01 -2.337172766348313575e-03 9.927827921987686377e-01 6.491432200000000208e+00
9.916400772811508890e-01 2.808896301036882537e-02 -1.259403322483908239e-01 -7.022999300000000389e+00 -2.792199522210358359e-02 9.996053254301233704e-01 3.091206003140244997e-03 -1.508899999999999998e-02 1.259774555730102386e-01 4.511415954637566002e-04 9.920330020511469726e-01 6.557930500000000329e+00
9.909161523687035622e-01 2.936201759123370850e-02 -1.312366217859030904e-01 -7.032489799999999569e+00 -2.936975183829776750e-02 9.995668533672095180e-01 1.877052618394249800e-03 -1.606250000000000039e-02 1.312348911370786742e-01 1.994385255535685488e-03 9.913492955440537102e-01 6.624620900000000034e+00
9.893489622048126098e-01 3.219609788811498424e-02 -1.419578890553079287e-01 -7.052300899999999650e+00 -3.095526574560466745e-02 9.994608862173566255e-01 1.094113541800323039e-02 -1.739649999999999877e-02 1.422336194676884213e-01 -6.430256790751692937e-03 9.898122293095421576e-01 6.756819700000000317e+00
9.874527838868500940e-01 2.970614217523411330e-02 -1.550952762374616101e-01 -7.073497299999999655e+00 -2.858177286441967654e-02 9.995465509354194422e-01 9.474955041246240980e-03 -1.926169999999999966e-02 1.553064127910900871e-01 -4.923172774917791358e-03 9.878540785540098623e-01 6.886733500000000063e+00
9.846392651444731969e-01 2.525050007472095029e-02 -1.727655341256713328e-01 -7.096113700000000080e+00 -2.551460869525861222e-02 9.996742097321009712e-01 6.921991240556391381e-04 -2.053860000000000061e-02 1.727267271700584639e-01 3.726478562400060632e-03 9.849627358832638846e-01 7.014977899999999877e+00
9.806010717109487906e-01 2.464084454921885645e-02 -1.944591652230359402e-01 -7.122478499999999713e+00 -2.322141052128831248e-02 9.996844839273211214e-01 9.575943210330024186e-03 -2.193060000000000148e-02 1.946337695589862304e-01 -4.874564069421655557e-03 9.808638714788064927e-01 7.142973900000000320e+00
9.781720598910802478e-01 2.651554094409696791e-02 -2.060979071627921932e-01 -7.136829399999999879e+00 -2.345732578952066869e-02 9.995756873998666858e-01 1.726844016951748981e-02 -2.235020000000000062e-02 2.064683392562774444e-01 -1.205699993886679214e-02 9.783789928433811456e-01 7.206657400000000102e+00
9.729545848560557930e-01 3.017103939977747520e-02 -2.290176503877314473e-01 -7.167049399999999792e+00 -2.708932845192417102e-02 9.994953626951633696e-01 1.658879847630708240e-02 -2.368649999999999922e-02 2.294025808303033764e-01 -9.936213182134931432e-03 9.732809088726621649e-01 7.331070900000000279e+00
9.670175746196667532e-01 2.735510920036056393e-02 -2.532364673133267186e-01 -7.200208199999999614e+00 -2.764726324929395879e-02 9.996148468073901006e-01 2.405592871268506794e-03 -2.418259999999999854e-02 2.532047377351408501e-01 4.675044692236336556e-03 9.674014186187677167e-01 7.453014900000000331e+00
9.606300174659391233e-01 2.725870156767450092e-02 -2.764903845203913191e-01 -7.236811199999999999e+00 -2.413899531327147463e-02 9.996008077649309875e-01 1.468107696878354768e-02 -2.500329999999999914e-02 2.767801988016036496e-01 -7.428883128838981859e-03 9.609045390915805784e-01 7.576642500000000169e+00
9.571291674698624297e-01 2.669570861599813300e-02 -2.884286669523989932e-01 -7.256151700000000204e+00 -2.189765806420742450e-02 9.995631499175391399e-01 1.984948105695112652e-02 -2.523600000000000149e-02 2.888325628279319046e-01 -1.268260495390963714e-02 9.572956190131822751e-01 7.638865499999999642e+00
9.496311451803318704e-01 2.296011853179295847e-02 -3.125276324751101176e-01 -7.296518299999999790e+00 -1.969184653956011777e-02 9.997134564134569912e-01 1.361015230338819687e-02 -2.566169999999999909e-02 3.127505703965284822e-01 -6.770378339873349589e-03 9.498111615967571586e-01 7.760622500000000201e+00
