9.999997783363795412e-01 -6.650097486095828949e-04 -3.300342273903719177e-05 7.720000000000000625e-05 6.649901207695477516e-04 9.999996041287793069e-01 -5.912109809375699953e-04 -5.766000000000000292e-04 3.339657073974045882e-05 5.911889029375304956e-04 9.999998246901596888e-01 7.223999999999999953e-04
9.991385235578496005e-01 5.392833847500001093e-05 -4.149949197730770645e-02 -4.569000000000000145e-03 -2.452064076081092491e-04 9.999893710573061201e-01 -4.604090163204578243e-03 -1.514300000000000108e-03 4.149880259065297228e-02 4.610299789336759144e-03 9.991279169953136696e-01 3.476939999999999892e-02
9.983280041062523313e-01 -4.483383634490284713e-05 -5.780306399451138472e-02 -6.471700000000000369e-03 -2.099643650485064083e-04 9.999902892896761486e-01 -4.401958804346047319e-03 -1.784199999999999892e-03 5.780270004240174037e-02 4.406735330930200076e-03 9.983183002186883925e-01 4.530739999999999768e-02
7.496777508440747306e-01 2.244146176686405772e-02 -6.614224449496222125e-01 -1.617764999999999898e-01 -2.670865531981534216e-02 9.996366173782300635e-01 3.644300703471984280e-03 -6.466600000000000299e-03 6.612638789623828117e-01 1.493365294817063441e-02 7.500047122446943382e-01 3.045803999999999734e-01
6.687262016052111235e-01 1.432492671760794180e-02 -7.433707444883757010e-01 -1.965273999999999910e-01 -1.536936780534951634e-02 9.998670769460578089e-01 5.441596512976028775e-03 -6.461999999999999862e-03 7.433498838500822714e-01 7.786200220987718641e-03 6.688574775437501341e-01 3.307364999999999888e-01
6.246638196986286085e-01 1.400864347772462666e-02 -7.807681283629815949e-01 -2.165044999999999886e-01 -1.276448326949518840e-02 9.998886688042823989e-01 7.727739880653451167e-03 -6.721900000000000271e-03 7.807894596665493347e-01 5.138862200357940425e-03 6.247730882239597161e-01 3.428828999999999905e-01
3.659395900928667511e-01 2.082906867749354657e-02 -9.304054848831735391e-01 -3.373009000000000146e-01 -4.570473417166603589e-03 9.997776700969686070e-01 2.058448804853162464e-02 -6.451000000000000137e-03 9.306273836371934394e-01 -3.280285582906633524e-03 3.659534294839809077e-01 3.886824999999999863e-01
2.068229147128012035e-01 2.633329174148563850e-02 -9.780239463815593171e-01 -4.312664999999999971e-01 4.797028324680272307e-03 9.995984099208551354e-01 2.792861262129552047e-02 -6.529400000000000308e-03 9.783666339716178273e-01 -1.046788563922898714e-02 2.066135351357467620e-01 4.045613000000000126e-01
1.593737952721165085e-01 2.729654759594693503e-02 -9.868408645115500644e-01 -4.664591000000000154e-01 2.877641011672864291e-03 9.996005750218179831e-01 2.811422412691874650e-02 -6.082200000000000280e-03 9.872141168777770481e-01 -7.320444343951085231e-03 1.592315877325779505e-01 4.068105000000000193e-01
1.406249083579621389e-02 2.070178307760089931e-02 -9.996867922148920949e-01 -6.225591999999999793e-01 1.078253032478951323e-03 9.997847574659575187e-01 2.071897944240082973e-02 -3.187800000000000182e-03 9.999005369144927657e-01 -1.369275773770673929e-03 1.403714222925267485e-02 4.073545000000000083e-01
-1.296174023279782379e-02 1.869996172688412339e-02 -9.997411188510506586e-01 -6.655347000000000346e-01 9.337990487108486365e-04 9.998249014312827754e-01 1.868942206871000017e-02 -2.556399999999999905e-03 9.999155570894345813e-01 -6.913098717844928798e-04 -1.297693265710642141e-02 4.050277999999999934e-01
-3.370732086966358315e-02 1.636777890414398140e-02 -9.992977095608366334e-01 -7.095957000000000514e-01 3.346206999762738749e-04 9.998660153296292652e-01 1.636580025042420547e-02 -1.819499999999999937e-03 9.994316907867071276e-01 2.172615812719366768e-04 -3.370828160302175025e-02 4.020375999999999950e-01
-4.974948734088009694e-02 1.562535687339336107e-02 -9.986394928761322953e-01 -7.552501999999999827e-01 6.475098780231074505e-04 9.998779081971906901e-01 1.561247674675852667e-02 -1.008199999999999895e-03 9.987615177009362410e-01 1.300837780513659780e-04 -4.975353090920497934e-02 3.989176999999999862e-01
-7.922007782697343403e-02 1.880370251457222364e-02 -9.966797881169413564e-01 -9.015552000000000010e-01 -1.602174085854547042e-03 9.998183849725439387e-01 1.899026353404566908e-02 -5.869000000000000085e-04 9.968558633560251625e-01 3.101264683537802158e-03 -7.917556346547682811e-02 3.854421000000000097e-01
-8.374607553122266623e-02 1.974296560510005807e-02 -9.962915286913937019e-01 -9.525997000000000492e-01 -1.362779646983381526e-03 9.998005077888367786e-01 1.992705339024805969e-02 -8.999999999999999593e-07 9.964861954210665340e-01 3.026538336097017029e-03 -8.370246352974097803e-02 3.807660999999999962e-01
-8.497441292762619724e-02 2.039525744728021978e-02 -9.961743736019637030e-01 -1.004847199999999940e+00 8.495803070418580377e-04 9.997916017440062753e-01 2.039684523293167767e-02 7.669000000000000469e-04 9.963827715094775161e-01 8.868798190520294639e-04 -8.497403181725227128e-02 3.762329999999999841e-01
-8.071244862628694505e-02 2.506936365715176085e-02 -9.964221131842544432e-01 -1.172222099999999934e+00 -2.256420780527446796e-04 9.996831677723133636e-01 2.516968729176800174e-02 2.432099999999999974e-03 9.967374025902721035e-01 2.256341848713124335e-03 -8.068121961807561693e-02 3.618894999999999751e-01
-7.916692286968875225e-02 2.238157787453753239e-02 -9.966100858887544378e-01 -1.230231300000000028e+00 -2.184380050105525287e-03 9.997416259589425591e-01 2.262542394667136497e-02 3.336899999999999849e-03 9.968589804015114408e-01 3.968160381829491726e-03 -7.909757831970976039e-02 3.570502999999999871e-01
-7.787206495867683709e-02 2.227835244191896449e-02 -9.967144107072722914e-01 -1.289584499999999911e+00 -2.365474641643845050e-03 9.997433493629520607e-01 2.253086625645263699e-02 4.462200000000000367e-03 9.969605538980923498e-01 4.112227744186784661e-03 -7.779938016583798355e-02 3.524032999999999749e-01
-7.396787910186042314e-02 2.847308069038408454e-02 -9.968540698302694736e-01 -1.413745299999999983e+00 -3.128406335511372399e-03 9.995807853717643132e-01 2.878309554871929729e-02 6.657800000000000176e-03 9.972557174240581634e-01 5.247589119362270488e-03 -7.384779531889806847e-02 3.423172999999999910e-01
-7.039868801246916552e-02 2.990561009642547091e-02 -9.970705487631673636e-01 -1.541904399999999953e+00 -5.359313611625607029e-03 9.995247334918104798e-01 3.035761676642918794e-02 8.521799999999999514e-03 9.975045375755117183e-01 7.480750155279403471e-03 -7.020495633058265739e-02 3.326127999999999862e-01
-6.884811938284236821e-02 2.710055407840399055e-02 -9.972589916496564788e-01 -1.607692799999999922e+00 -7.816251513375433932e-03 9.995856282394440795e-01 2.770339382522547800e-02 9.645400000000000154e-03 9.975965330080721616e-01 9.702153668097908412e-03 -6.860776591957407078e-02 3.276923999999999948e-01
-6.719262036086916245e-02 2.646402832993922233e-02 -9.973889948127522276e-01 -1.674869299999999894e+00 -8.843012458550384217e-03 9.995931180020852791e-01 2.711825166796742737e-02 1.090340000000000059e-02 9.977008333662441553e-01 1.064206969632645189e-02 -6.693125916102649064e-02 3.227817000000000047e-01
-6.462543661616196311e-02 3.061674968494369417e-02 -9.974398064950588116e-01 -1.812092999999999954e+00 -3.674351525660663614e-03 9.995151546163250078e-01 3.091851925901222334e-02 1.371840000000000039e-02 9.979028269741682111e-01 5.663067281388666635e-03 -6.448160657063495282e-02 3.138987999999999778e-01
-6.258408420502915848e-02 2.787334591440346343e-02 -9.976503941721033275e-01 -1.952013299999999951e+00 -2.526095438140401467e-03 9.996023089219162605e-01 2.808634614561553514e-02 1.552989999999999926e-02 9.980364979528828506e-01 4.277918361765931793e-03 -6.248878434115068270e-02 3.044024000000000174e-01
-6.231418070544964688e-02 2.102628319793801992e-02 -9.978350757003329186e-01 -2.021252899999999908e+00 -1.065821499221061841e-03 9.997760893778411262e-01 2.113374393908436580e-02 1.589919999999999875e-02 9.980560139128167307e-01 2.380446015161092471e-03 -6.227781763379747204e-02 2.999178000000000122e-01
-6.285571317637150823e-02 1.700225731015705261e-02 -9.978777893947978761e-01 -2.164634899999999806e+00 3.146568565677078724e-03 9.998532844472713954e-01 1.683771618317549124e-02 1.785499999999999934e-02 9.980176643864331343e-01 -2.081544225542172888e-03 -6.289999003406843148e-02 2.910718999999999945e-01
-6.298566067534618063e-02 2.454947170644046495e-02 -9.977124485482903316e-01 -2.237483500000000181e+00 2.813109322710293653e-03 9.996978114911846403e-01 2.442073126821482296e-02 1.825579999999999911e-02 9.980104673625566081e-01 -1.268518297291711810e-03 -6.303568748019494627e-02 2.862796000000000229e-01
-6.314502768272463318e-02 3.177124724329360994e-02 -9.974985179575724947e-01 -2.310556699999999797e+00 1.135130897211332826e-03 9.994947849047532973e-01 3.176297256314437878e-02 1.893359999999999835e-02 9.980037159032998373e-01 8.733823941292177817e-04 -6.314919038593835854e-02 2.811098000000000208e-01
-6.361972162398907282e-02 3.727632534463867775e-02 -9.972777981030598315e-01 -2.455650799999999911e+00 -2.468110792922240809e-03 9.992932378766469226e-01 3.750910773560057337e-02 2.130960000000000146e-02 9.979711616322390899e-01 4.847711089543002561e-03 -6.348275551354343182e-02 2.707166999999999768e-01
-6.457889729950883062e-02 3.123726098199555018e-02 -9.974235808070320841e-01 -2.600901400000000141e+00 -2.812811459839645659e-03 9.995002849449033944e-01 3.148441656992086862e-02 2.408350000000000074e-02 9.979086401646549698e-01 4.838793382612187680e-03 -6.445876172662257098e-02 2.601697000000000037e-01
-6.420785742423731901e-02 3.468329159431407516e-02 -9.973336554680046762e-01 -2.744889699999999877e+00 -5.469300791354478330e-03 9.993686224494360282e-01 3.510617057399258167e-02 2.627590000000000134e-02 9.979215589382978147e-01 7.708809746021479462e-03 -6.397762467032630518e-02 2.499618999999999869e-01
-6.391198029994223095e-02 2.770553424727850364e-02 -9.975708807629727337e-01 -2.887576300000000096e+00 -7.136827296779026802e-03 9.995763020560757273e-01 2.821847026393605254e-02 2.872620000000000035e-02 9.979300198261781274e-01 8.922989407904254738e-03 -6.368717131220924532e-02 2.405585000000000084e-01
-6.277324388270844047e-02 2.421784637641234694e-02 -9.977339403715452804e-01 -3.031222300000000036e+00 -8.014244981886355437e-03 9.996610806315863185e-01 2.476884631667946451e-02 3.059950000000000170e-02 9.979956371296481166e-01 9.550905055410605082e-03 -6.255788106074422483e-02 2.306904999999999928e-01
-6.173260640982156794e-02 3.177394373387412707e-02 -9.975868392302729148e-01 -3.173420699999999872e+00 -7.031672589954966052e-03 9.994544989022569048e-01 3.226856372115341487e-02 3.223050000000000220e-02 9.980679540424275409e-01 9.006726577123537816e-03 -6.147550723603023570e-02 2.215528999999999971e-01
-6.075771072738904433e-02 4.062435654635969395e-02 -9.973255046585148831e-01 -3.316944799999999915e+00 -6.315670876368324055e-03 9.991357824384367037e-01 4.108284985872298622e-02 3.440789999999999821e-02 9.981325627833953495e-01 8.794879551604167095e-03 -6.044863278126699768e-02 2.114708999999999894e-01
-6.053797050500946825e-02 3.627318181157043048e-02 -9.975065966741268886e-01 -3.458612700000000206e+00 -6.253282949684793243e-03 9.993060970907039486e-01 3.671812590119131331e-02 3.722459999999999658e-02 9.981463072012467519e-01 8.460531815985973536e-03 -6.026913656180010737e-02 2.027100000000000013e-01
-5.975574547253283131e-02 2.885586091516996465e-02 -9.977958659835520772e-01 -3.600415700000000108e+00 -1.110003520290673944e-02 9.995010797355845522e-01 2.956993111075852804e-02 3.957059999999999744e-02 9.981513112256660269e-01 1.284254251482705271e-02 -5.940563104823270990e-02 1.926715999999999984e-01
-6.075556001933349326e-02 2.534378191414322218e-02 -9.978308747703819037e-01 -3.740589099999999778e+00 -1.218626177172065644e-02 9.995842645782786473e-01 2.613030867657227529e-02 4.070390000000000119e-02 9.980782819753009072e-01 1.374738978098008491e-02 -6.042145582027580453e-02 1.836488000000000009e-01
-6.261856530427101220e-02 1.973650079619770903e-02 -9.978423652138432853e-01 -3.881209600000000037e+00 -4.409526720228122351e-03 9.997892200199136603e-01 2.005172326949309497e-02 4.225600000000000189e-02 9.980277908722476887e-01 5.655622714999984472e-03 -6.251833793669847594e-02 1.751128999999999880e-01
-6.663025625662256923e-02 2.948715853978068832e-02 -9.973419255362863112e-01 -4.020688999999999957e+00 -1.542267657227251731e-03 9.995589819093716466e-01 2.965574303189631722e-02 4.268999999999999878e-02 9.977765433009793128e-01 3.514137952647149177e-03 -6.655539401731080940e-02 1.662163000000000113e-01
-7.000868808113980268e-02 3.270664131446040374e-02 -9.970100597321395197e-01 -4.158993699999999905e+00 -8.210012485526663184e-05 9.994621665913374642e-01 3.279284696574943231e-02 4.416489999999999999e-02 9.975463782966317305e-01 2.377638844903676163e-03 -6.996834985045763400e-02 1.564191000000000054e-01
-7.326599134474212627e-02 2.418051215701791379e-02 -9.970192562554125448e-01 -4.360982400000000148e+00 -1.213583085823345849e-02 9.996103968634308945e-01 2.513515649274324082e-02 4.614889999999999964e-02 9.972385953830968930e-01 1.394120921436347964e-02 -7.294399607910728722e-02 1.388716000000000117e-01
-7.454898052774311390e-02 2.525864839076090787e-02 -9.968974120659285232e-01 -4.428229299999999924e+00 -1.359840361237961079e-02 9.995604676301936831e-01 2.634302507502801066e-02 4.649659999999999904e-02 9.971246325918684539e-01 1.552005903276932469e-02 -7.417273654214429079e-02 1.332630999999999954e-01
-7.694378669432354323e-02 2.602139891076050981e-02 -9.966958114128229296e-01 -4.560940300000000391e+00 -1.563766310934806836e-02 9.995049110128020331e-01 2.730194780174590927e-02 4.729930000000000245e-02 9.969127931677960186e-01 1.768670856936913408e-02 -7.649877880309741141e-02 1.223891000000000007e-01
-7.819150640111405259e-02 2.763183390812823381e-02 -9.965553522417097687e-01 -4.691710900000000350e+00 -1.502825989482410064e-02 9.994695675074329877e-01 2.889178137530535109e-02 4.848279999999999951e-02 9.968250798065115825e-01 1.723558474141316868e-02 -7.773477270413420293e-02 1.120726999999999973e-01
-7.880397419966005124e-02 3.509973884078560619e-02 -9.962720220821460471e-01 -4.820342100000000407e+00 -1.410761818968906366e-02 9.992406199564017877e-01 3.632022216561828915e-02 4.968159999999999937e-02 9.967903033032340376e-01 1.691720315106969019e-02 -7.824895832017297881e-02 1.019551000000000068e-01
-7.976694741666162658e-02 3.664870849825237892e-02 -9.961396017954701199e-01 -4.947758199999999995e+00 -1.356522747424136754e-02 9.991914586935592979e-01 3.784723870257052092e-02 5.201130000000000336e-02 9.967212341991112945e-01 1.653181899390955556e-02 -7.920530447737061941e-02 9.101069999999999993e-02
-8.026648339096477403e-02 3.113532067631862715e-02 -9.962870487216178850e-01 -5.071428300000000000e+00 -1.267491539618675368e-02 9.993993407845819243e-01 3.225374643421484444e-02 5.386099999999999915e-02 9.966928504628435048e-01 1.521674885532138012e-02 -7.982363303262129950e-02 8.031939999999999913e-02
-7.878960009736402093e-02 2.596746149468145276e-02 -9.965530040394338096e-01 -5.190370999999999846e+00 -1.366663748197292395e-02 9.995386013267071323e-01 2.712577146896006514e-02 5.506339999999999846e-02 9.967975832316376961e-01 1.575675732414989066e-02 -7.839835879783496608e-02 7.025449999999999751e-02
-7.649578407518277390e-02 2.557489027014929819e-02 -9.967418522397825109e-01 -5.247596699999999892e+00 -1.600249599290097177e-02 9.995107328071793917e-01 2.687406045339121863e-02 5.509540000000000270e-02 9.969414802989792213e-01 1.800610982208983996e-02 -7.604909511857871340e-02 6.542900000000000105e-02
-6.659968293832417563e-02 2.790581866184536908e-02 -9.973894663156047669e-01 -5.359134199999999737e+00 -1.556712024136126631e-02 9.994580934620163060e-01 2.900317535482034234e-02 5.593599999999999961e-02 9.976583317949615504e-01 1.745808403243781851e-02 -6.612917890016967171e-02 5.735939999999999789e-02
-5.939153368907983815e-02 2.941896097757129569e-02 -9.978011677990054062e-01 -5.412584800000000307e+00 -1.459694663605163624e-02 9.994331697814287097e-01 3.033592407608843092e-02 5.645170000000000049e-02 9.981280353115841164e-01 1.636654745650646323e-02 -5.892844176957989788e-02 5.431579999999999742e-02
-5.506733583417758315e-03 3.544487057682429304e-02 -9.993564614465817453e-01 -5.613401399999999875e+00 -2.241825193800524307e-02 9.991160679595659788e-01 3.555987521153429476e-02 5.826220000000000010e-02 9.997335134250953104e-01 2.259964368763240153e-02 -4.707253966664048939e-03 4.843240000000000045e-02
7.150056705974970617e-02 3.576508352457923035e-02 -9.967991411064789364e-01 -5.745836699999999908e+00 -2.117877972863167410e-02 9.991860700886158186e-01 3.433156900105026332e-02 5.981600000000000111e-02 9.972156879027427312e-01 1.865626279155734035e-02 7.219983143548203142e-02 5.744429999999999675e-02
1.056299440755966296e-01 3.547897188154535558e-02 -9.937723871535246722e-01 -5.786580999999999975e+00 -2.003704827731533564e-02 9.992363578471143981e-01 3.354426706258727825e-02 6.030930000000000318e-02 9.942036167762209331e-01 1.636898624418010872e-02 1.062601744701135997e-01 6.333370000000000666e-02
1.431730267199702311e-01 3.576025099435344023e-02 -9.890514086075927747e-01 -5.825829999999999842e+00 -1.940380550187238706e-02 9.992563462180064082e-01 3.332036727116468450e-02 6.113899999999999890e-02 9.895074414838365140e-01 1.442078333034096764e-02 1.437604405121630791e-01 7.077219999999999345e-02
5.256616297325419351e-01 1.758281706855004470e-02 -8.505120196510228547e-01 -6.088715099999999936e+00 4.690763549211249966e-03 9.997112694050458437e-01 2.356638627107161127e-02 6.337450000000000028e-02 8.506808142683442986e-01 -1.637749579410316403e-02 5.254273783000469322e-01 1.951328999999999980e-01
5.698425667795888883e-01 1.322420860369460417e-02 -8.216474726991228605e-01 -6.116240000000000343e+00 1.221185723156299578e-02 9.996238152988937697e-01 2.455806242843804402e-02 6.358830000000000038e-02 8.216631424306469755e-01 -2.402807096063076450e-02 5.694667085764586467e-01 2.188791999999999960e-01
6.128941154561827753e-01 6.496439966259794085e-03 -7.901383420053403883e-01 -6.141817600000000432e+00 2.266063381529192719e-02 9.994103973659370643e-01 2.579444343166138395e-02 6.346010000000000539e-02 7.898400464108367158e-01 -3.371429822233756174e-02 6.123855380241296498e-01 2.442321000000000075e-01
7.347923902055131240e-01 -9.541797941260921068e-03 -6.782249607527851554e-01 -6.212926900000000252e+00 1.779404773324663042e-02 9.998280897233161602e-01 5.211800599734842457e-03 6.407430000000000070e-02 6.780586369638953448e-01 -1.589795874546807986e-02 7.348358590504354693e-01 3.248370999999999897e-01
8.424077255694446542e-01 -1.506099018114037506e-02 -5.386301054301354529e-01 -6.275640000000000107e+00 1.291655424286987548e-02 9.998864875926476437e-01 -7.757226058912497155e-03 6.417789999999999606e-02 5.386857957357018556e-01 -4.224978126145602537e-04 8.425066379371690672e-01 4.248086999999999835e-01
8.723699626745766711e-01 -1.359519655677785509e-02 -4.886571588074202221e-01 -6.294632899999999864e+00 1.001404056440418321e-02 9.999004396660982064e-01 -9.941315160375505458e-03 6.397529999999999883e-02 4.887436620711640423e-01 3.779072125008980237e-03 8.724192520796074657e-01 4.629452000000000012e-01
9.183202892464973344e-01 -5.569069099459896324e-03 -3.957989790633559823e-01 -6.329283199999999887e+00 3.000348584547852734e-03 9.999702315930802943e-01 -7.108715499471000843e-03 6.216379999999999822e-02 3.958267856861137912e-01 5.340542767047042408e-03 9.183096614630342769e-01 5.463799999999999768e-01
9.352576039882235515e-01 -1.265621108442176656e-03 -3.539655525406634751e-01 -6.345092799999999755e+00 -1.918385384474606331e-03 9.999607978630188354e-01 -8.644219726009524929e-03 6.165310000000000235e-02 3.539626166415374420e-01 8.763614571896893857e-03 9.352185119424825110e-01 5.908754000000000506e-01
9.482910798796204688e-01 3.973074640399835641e-03 -3.173771297662216218e-01 -6.359978700000000096e+00 -6.533130853913377348e-03 9.999541409006967863e-01 -7.002449342566181151e-03 6.096130000000000299e-02 3.173347538830074144e-01 8.713826567666595191e-03 9.482735487213379555e-01 6.375279000000000362e-01
9.579023440269751610e-01 4.235776703897468215e-03 -2.870629852547020300e-01 -6.373561399999999821e+00 -5.953220744834767167e-03 9.999692218843284630e-01 -5.110229624392483884e-03 5.999759999999999815e-02 2.870325042053422648e-01 6.604050254614138131e-03 9.578980781115727927e-01 6.861614999999999798e-01
9.649232884071630156e-01 4.099481978818864808e-03 -2.624999842609751499e-01 -6.386255700000000424e+00 -5.219684059353347366e-03 9.999800038504900179e-01 -3.570265745622397575e-03 5.932579999999999798e-02 2.624800990319597349e-01 4.815199547180932550e-03 9.649253916575588619e-01 7.361037000000000274e-01
9.781013269978632296e-01 1.127266802954622615e-02 -2.078237740984288928e-01 -6.422674699999999959e+00 -1.093871796121766160e-02 9.999363722481026118e-01 2.756066883993680931e-03 5.752020000000000050e-02 2.078416189659426649e-01 -4.223870260305591980e-04 9.781624011455440915e-01 8.973803999999999670e-01
9.833276722269486125e-01 1.347101201757009911e-02 -1.813428268996413462e-01 -6.444732700000000314e+00 -1.301228715512173575e-02 9.999084200595739214e-01 3.719123143871681456e-03 5.645830000000000293e-02 1.813763198869231263e-01 -1.297431766649043442e-03 9.834129078139494107e-01 1.012532200000000104e+00
9.857561156602108188e-01 1.354772636305396488e-02 -1.676345416341303018e-01 -6.454401500000000347e+00 -1.316741404395784659e-02 9.999075929167000609e-01 3.380064337518675233e-03 5.598539999999999767e-02 1.676648432018117696e-01 -1.124605674268328980e-03 9.858434133350941764e-01 1.071969399999999961e+00
9.881382392718083274e-01 1.426133555411396130e-02 -1.529033498554676074e-01 -6.464128500000000166e+00 -1.380463132268637712e-02 9.998965169644186135e-01 4.048149758711600509e-03 5.565959999999999658e-02 1.529452589747563040e-01 -1.889357202123415373e-03 9.882328562067280719e-01 1.133168299999999906e+00
9.931819096641628652e-01 1.721475414570870777e-02 -1.152967759980711854e-01 -6.488571600000000217e+00 -1.771906511368193798e-02 9.998373912720547319e-01 -3.350484411130024483e-03 5.351190000000000113e-02 1.152203499705833217e-01 5.370591587053549082e-03 9.933254389668380036e-01 1.324674600000000035e+00
9.942801018823925752e-01 1.512598697756033402e-02 -1.057274019291776224e-01 -6.495523000000000380e+00 -1.623424233280308659e-02 9.998218461051476824e-01 -9.629404279300101538e-03 5.278279999999999778e-02 1.055629119370009583e-01 1.129072933202519488e-02 9.943485259477845561e-01 1.390138499999999944e+00
9.951077725303200117e-01 1.530488635986176904e-02 -9.760267159897122180e-02 -6.502025100000000002e+00 -1.633949517650734595e-02 9.998183789438654934e-01 -9.809690282465102773e-03 5.211430000000000229e-02 9.743480870367531022e-02 1.135647742800179397e-02 9.951771141225592698e-01 1.457542899999999975e+00
9.956906632828691484e-01 1.706005157958059501e-02 -9.115403277651602798e-02 -6.508446199999999848e+00 -1.746101269167127726e-02 9.998410531054003902e-01 -3.602993320171281062e-03 5.078839999999999744e-02 9.107807687419296194e-02 5.179108531972856366e-03 9.958302871211102136e-01 1.526308199999999893e+00
9.964199273577569738e-01 2.218867917046716751e-02 -8.157812746706315232e-02 -6.521594000000000335e+00 -2.157138684576883139e-02 9.997316800368062362e-01 8.440568721067838107e-03 4.828480000000000272e-02 8.174352349827183895e-02 -6.650597526159111351e-03 9.966312085815055566e-01 1.663489900000000077e+00
9.969572888517289622e-01 2.083000962446671794e-02 -7.511507774378485547e-02 -6.532401600000000030e+00 -2.039122186166622552e-02 9.997702673770690884e-01 6.603827660688147902e-03 4.672760000000000108e-02 7.523537915368357087e-02 -5.052045905213888022e-03 9.971530045864440694e-01 1.798977000000000048e+00
9.971974262365943531e-01 1.904468500348343446e-02 -7.235048776774076484e-02 -6.537308200000000014e+00 -1.845510379807359380e-02 9.997908852902226418e-01 8.808793015796493112e-03 4.602379999999999666e-02 7.250311890473569443e-02 -7.448869962008241620e-03 9.973403692247571062e-01 1.867359500000000061e+00
9.976414228915839733e-01 1.521023052630920969e-02 -6.693459657152113496e-02 -6.546654700000000382e+00 -1.436973177894648040e-02 9.998119692729670049e-01 1.302063389827377501e-02 4.459670000000000301e-02 6.712005765385554990e-02 -1.202809152975949092e-02 9.976724025824783570e-01 2.003403399999999834e+00
9.978359175754362154e-01 1.458273345817154114e-02 -6.411571945533559025e-02 -6.551486999999999838e+00 -1.401270047970532527e-02 9.998582743462181011e-01 9.331422542618714525e-03 4.379890000000000172e-02 6.424271026080266567e-02 -8.412794202329621288e-03 9.978988421037754408e-01 2.070865400000000189e+00
9.979904292625164652e-01 1.770603103858936489e-02 -6.084077222782930533e-02 -6.560820099999999933e+00 -1.807581174666738483e-02 9.998213105991350380e-01 -5.532802321329866220e-03 4.193600000000000105e-02 6.073193665705991368e-02 6.621430109000753066e-03 9.981321498344768450e-01 2.203979700000000097e+00
9.980543961311173495e-01 1.873306023403566861e-02 -5.946843547310312617e-02 -6.565530800000000333e+00 -1.933631707050704335e-02 9.997670911257501292e-01 -9.584901882902648398e-03 4.075759999999999800e-02 5.927503020243395093e-02 1.071615398471132373e-02 9.981841687976605870e-01 2.271201800000000048e+00
9.981386654365933531e-01 2.018789046633588311e-02 -5.754696898165485852e-02 -6.569787500000000335e+00 -2.067072407543768184e-02 9.997558537009901825e-01 -7.807314314241985825e-03 3.894000000000000239e-02 5.737530589594658226e-02 8.982319807459067385e-03 9.983122718890232727e-01 2.338442099999999968e+00
9.982115910957376492e-01 2.349268108363491980e-02 -5.497011313085042872e-02 -6.574343700000000013e+00 -2.374485841900828703e-02 9.997102916992187671e-01 -3.938828420245448804e-03 3.733129999999999782e-02 5.486165419286155587e-02 5.237041737995233072e-03 9.984802312980750605e-01 2.405366200000000010e+00
9.984304104510369759e-01 2.415065598409533651e-02 -5.053178506753708971e-02 -6.581987899999999669e+00 -2.402839207557052117e-02 9.997066976745431210e-01 3.025722875992301487e-03 3.490370000000000278e-02 5.059003716974858761e-02 -1.806776189106844722e-03 9.987178699207128751e-01 2.538730099999999990e+00
9.986469826727765176e-01 1.933613976265852186e-02 -4.827336426682975190e-02 -6.588258699999999912e+00 -1.920958344393770834e-02 9.998107217280927106e-01 3.084253793180855106e-03 3.190969999999999918e-02 4.832386473027062979e-02 -2.152769525353859497e-03 9.988293996879052949e-01 2.671015000000000139e+00
9.987679279832857304e-01 1.702856520902080312e-02 -4.661173670757667170e-02 -6.595115700000000025e+00 -1.704333550279073239e-02 9.998547485637685472e-01 8.055695166471368678e-05 3.019219999999999890e-02 4.660633805517911538e-02 7.139617673761597307e-04 9.989130790572726681e-01 2.804354399999999803e+00
9.988067898835109037e-01 1.886092900489217891e-02 -4.504732888494638460e-02 -6.601984999999999992e+00 -1.883022021512489527e-02 9.998220839781117864e-01 1.105982059297375315e-03 2.813500000000000029e-02 4.506017409249558209e-02 -2.564112673088691672e-04 9.989842415994438785e-01 2.939174899999999813e+00
9.987351115234134324e-01 1.880550600129214656e-02 -4.663185557481205196e-02 -6.609242899999999921e+00 -1.882338892783155110e-02 9.998228227707772753e-01 5.564122907602213992e-05 2.640320000000000167e-02 4.662463983331509992e-02 8.221987047846161974e-04 9.989121417570733241e-01 3.075401999999999969e+00
9.984869392870627802e-01 1.841520729496525996e-02 -5.181420860571803177e-02 -6.617104999999999571e+00 -1.841645130127362098e-02 9.998302999445812800e-01 4.534690688342532571e-04 2.445560000000000095e-02 5.181376645855059748e-02 5.014509068995709213e-04 9.986566387664815858e-01 3.213512699999999889e+00
9.981225314269124294e-01 2.245466843521095116e-02 -5.698420942153176183e-02 -6.627141499999999574e+00 -2.274954619934671865e-02 9.997309268832820228e-01 -4.531222883258188491e-03 2.194139999999999979e-02 5.686712939524939114e-02 5.819080559565601232e-03 9.983647970034726926e-01 3.352462300000000006e+00
9.978480438793159157e-01 2.271405184270941513e-02 -6.150896824943086899e-02 -6.636785500000000226e+00 -2.334653683697638510e-02 9.996814959675418555e-01 -9.583623417950647497e-03 1.972140000000000004e-02 6.127169447585475298e-02 1.099902127391780456e-02 9.980605197016227947e-01 3.494266300000000047e+00
9.976187270585181732e-01 2.086765772773868655e-02 -6.573748004829357838e-02 -6.647241600000000084e+00 -2.137924943318330467e-02 9.997463087155196160e-01 -7.088434479248507426e-03 1.617530000000000009e-02 6.557288399800317857e-02 8.476972965086985307e-03 9.978117747418766559e-01 3.637072299999999814e+00
9.974435435454838128e-01 1.987053346927029895e-02 -6.864065369061655986e-02 -6.658225999999999978e+00 -2.002871606894115336e-02 9.997980975387639191e-01 -1.617000463231765828e-03 1.355160000000000045e-02 6.859466431187108415e-02 2.987650835516457784e-03 9.976401385120923226e-01 3.783108900000000219e+00
9.974210694016797385e-01 1.931496332353220546e-02 -6.912410943672370189e-02 -6.668997300000000017e+00 -1.901260903944331643e-02 9.998065943545406675e-01 5.029371997396090560e-03 1.175819999999999990e-02 6.920788257939139432e-02 -3.702171928141548621e-03 9.975953903822388780e-01 3.931148499999999935e+00
9.976282536113879607e-01 2.235864558387509055e-02 -6.509960494462949110e-02 -6.680356999999999879e+00 -2.215928320544022917e-02 9.997472958044163471e-01 3.782948529633132877e-03 1.040929999999999980e-02 6.516773560676525356e-02 -2.331415752589349223e-03 9.978716003256506983e-01 4.080519200000000346e+00
9.979452552955285771e-01 1.655864398993848324e-02 -6.189570859402879210e-02 -6.690181700000000120e+00 -1.659990881290845238e-02 9.998622003938536507e-01 -1.524826692585056105e-04 8.102299999999999780e-03 6.188465448352749310e-02 1.179632474872554593e-03 9.980826108126915619e-01 4.230978499999999976e+00
9.981641292051403047e-01 1.227270264486311248e-02 -5.931063933169886115e-02 -6.699829099999999649e+00 -1.217086079888397669e-02 9.999237730229229015e-01 2.078049810855017460e-03 5.666400000000000256e-03 5.933162154836393865e-02 -1.352373244698085175e-03 9.982374115264608383e-01 4.381247499999999739e+00
9.982997173503447286e-01 1.009236100889882200e-02 -5.740922040480781613e-02 -6.707996800000000093e+00 -9.836314062086065971e-03 9.999403837499245551e-01 4.740872464600300214e-03 3.652799999999999884e-03 5.745364447877742559e-02 -4.168116519443302963e-03 9.983394740972564296e-01 4.531544199999999911e+00
9.983485255014139526e-01 1.420429463275609677e-02 -5.566380909656119119e-02 -6.717960399999999943e+00 -1.446777816597547006e-02 9.998859462592976088e-01 -4.333343753847967474e-03 9.478000000000000530e-04 5.559590833948731964e-02 5.131518989027135207e-03 9.984401647013066983e-01 4.678746699999999592e+00
9.983383718790651562e-01 2.105961908208267910e-02 -5.363755846396310589e-02 -6.728140800000000254e+00 -2.189720482124025633e-02 9.996465496146315077e-01 -1.507608253422472455e-02 -3.053499999999999791e-03 5.330110369283297400e-02 1.622554429532897108e-02 9.984466555892939077e-01 4.823727100000000156e+00
9.984598124586658852e-01 1.777081223973688354e-02 -5.255664693781288838e-02 -6.736731999999999942e+00 -1.833116453420604794e-02 9.997799493963168693e-01 -1.019907799352150202e-02 -6.692199999999999711e-03 5.236383591588535807e-02 1.114679404304600926e-02 9.985658604572540398e-01 4.969820999999999600e+00
9.984053676585367132e-01 1.576799972228796337e-02 -5.420416972318831128e-02 -6.744974599999999931e+00 -1.543740835494106754e-02 9.998596281943995523e-01 6.512321417134900141e-03 -1.114910000000000033e-02 5.429924726831002191e-02 -5.665164756227741329e-03 9.985086367450107803e-01 5.114523400000000386e+00
9.982195380010142616e-01 8.690816596105727793e-03 -5.901036908827517191e-02 -6.752995499999999929e+00 -8.656255052399551564e-03 9.999621800223884582e-01 8.412926602297013086e-04 -1.338549999999999983e-02 5.901544883765111327e-02 -3.289859650537925841e-04 9.982570152855052559e-01 5.255780200000000235e+00
9.980760617620123565e-01 7.187356198585940006e-03 -6.158341374515009792e-02 -6.757453899999999791e+00 -7.253290358683850761e-03 9.999733356950821772e-01 -8.471586765024586348e-04 -1.476779999999999933e-02 6.157568283506337226e-02 1.292211176703628650e-03 9.981015807389899130e-01 5.326191399999999909e+00
9.979104955170227109e-01 9.696199401161538847e-03 -6.387978282792571016e-02 -6.762964199999999870e+00 -9.921113293149050674e-03 9.999456494715491806e-01 -3.204623838471760532e-03 -1.644249999999999878e-02 6.384523825622816229e-02 3.831686325172626185e-03 9.979524556470167340e-01 5.395766700000000249e+00
9.976541323305156972e-01 1.139089969240056344e-02 -6.750170107518432827e-02 -6.768180799999999664e+00 -1.185172237543993465e-02 9.999090898774523062e-01 -6.430292153595227461e-03 -1.808219999999999966e-02 6.742231767435297174e-02 7.215218960139789528e-03 9.976984372518460376e-01 5.465043999999999791e+00
9.973703059109474411e-01 1.195923775611371434e-02 -7.148041353682700605e-02 -6.773681599999999747e+00 -1.268183044263647419e-02 9.998728841917247090e-01 -9.663676047246610654e-03 -1.993750000000000036e-02 7.135575704683734533e-02 1.054476601991022507e-02 9.973951894038080024e-01 5.533590300000000184e+00
9.971155121898492846e-01 1.390797485261981159e-02 -7.461382972260252600e-02 -6.779681199999999741e+00 -1.496605061027858272e-02 9.997949581917040529e-01 -1.364034103603357917e-02 -2.214690000000000061e-02 7.440882124792200236e-02 1.471766999044401766e-02 9.971192092776807181e-01 5.601806599999999747e+00
9.967982901722426403e-01 1.844507577067485901e-02 -7.780069337420744691e-02 -6.785881500000000344e+00 -1.957903890371592501e-02 9.997125490210641008e-01 -1.383765028511595510e-02 -2.421519999999999923e-02 7.752309298073808974e-02 1.531660894651471275e-02 9.968728963840270962e-01 5.670819299999999785e+00
9.964300918969550835e-01 2.206209245470974051e-02 -8.148825706042200911e-02 -6.792373699999999737e+00 -2.310820848883771844e-02 9.996619430255999639e-01 -1.191681025771556580e-02 -2.595580000000000109e-02 8.119779961712009220e-02 1.375731597375833178e-02 9.966030571870307941e-01 5.738736600000000188e+00
9.960465827586609810e-01 2.499664329438223975e-02 -8.524302199480789100e-02 -6.798996899999999677e+00 -2.560414871814394033e-02 9.996539085018065762e-01 -6.040760339638211705e-03 -2.783779999999999935e-02 8.506252137817839343e-02 8.199453705899766368e-03 9.963418772769273568e-01 5.806564299999999790e+00
9.952267258311541243e-01 2.435585334081289202e-02 -9.450162220534429058e-02 -6.812748400000000260e+00 -2.412575434846783370e-02 9.997025330200595139e-01 3.576793311641563236e-03 -3.085020000000000123e-02 9.456062694651613809e-02 -1.279797373661953645e-03 9.955182820773128549e-01 5.940782999999999703e+00
9.939888221996177053e-01 2.225312907223913478e-02 -1.071961733865112731e-01 -6.826763200000000253e+00 -2.148631108764932629e-02 9.997346624381706626e-01 8.303201519998425900e-03 -3.270350000000000340e-02 1.073525024303647879e-01 -5.950039170561133642e-03 9.942032172829694536e-01 6.073501099999999653e+00
9.924364996604201350e-01 2.762335029053963192e-02 -1.196108049487967229e-01 -6.843776199999999754e+00 -2.701126794989243407e-02 9.996124349979916834e-01 6.735814807807346746e-03 -3.451080000000000120e-02 1.197505137588647794e-01 -3.454028968046880116e-03 9.927980077228075739e-01 6.204469699999999754e+00
9.916289887148297399e-01 2.949000252979802617e-02 -1.257071536993684402e-01 -6.852626800000000351e+00 -2.934567068035863480e-02 9.995648204023727112e-01 3.000237705982795877e-03 -3.542569999999999747e-02 1.257409255283421234e-01 7.138380523390730221e-04 9.920628559131275948e-01 6.268804600000000171e+00
9.900778707889162922e-01 2.945555312365026601e-02 -1.373978899556534405e-01 -6.870524399999999865e+00 -2.982998591873489008e-02 9.995547647670489644e-01 -6.664619851177899963e-04 -3.796560000000000212e-02 1.373170845677045282e-01 4.758426385828204083e-03 9.905157119723828618e-01 6.395543100000000258e+00
9.884522741197790952e-01 3.209343199032183014e-02 -1.480949472822070956e-01 -6.891450400000000087e+00 -3.116723566218429844e-02 9.994774333261943200e-01 8.571096362819621839e-03 -3.909640000000000337e-02 1.482926336964010272e-01 -3.856409569205513331e-03 9.889360054607272410e-01 6.523774600000000312e+00
9.864305675524916994e-01 2.905740720650476158e-02 -1.615871358880540953e-01 -6.911960599999999566e+00 -2.825459748099564891e-02 9.995743622059013456e-01 7.264443671225448255e-03 -4.138929999999999693e-02 1.617294441938635086e-01 -2.600289810936111216e-03 9.868317107661483956e-01 6.647537699999999994e+00
9.834906525940981803e-01 2.520912986970147082e-02 -1.791944084820934757e-01 -6.934466800000000042e+00 -2.590648760078386251e-02 9.996631655219508916e-01 -1.552223831492442318e-03 -4.306920000000000193e-02 1.790949194148881707e-01 6.168895350477767228e-03 9.838124590438614980e-01 6.770011399999999568e+00
9.792964280611078376e-01 2.421869106435538266e-02 -2.009775136424091502e-01 -6.960160700000000311e+00 -2.331005675030489027e-02 9.997045633651050478e-01 6.886743880975222318e-03 -4.486350000000000060e-02 2.010849254445817580e-01 -2.059366435070994830e-03 9.795716470829650691e-01 6.891513800000000245e+00
9.741887300777984926e-01 2.595151146167245029e-02 -2.242383491784155081e-01 -6.988200199999999640e+00 -2.240508088995005545e-02 9.995806324944372934e-01 1.834588488832120806e-02 -4.635380000000000056e-02 2.246204143432228295e-01 -1.284827594953584680e-02 9.743616326936336280e-01 7.012462099999999587e+00
9.683992231363253156e-01 2.945565442142310947e-02 -2.476596637556615632e-01 -7.020404799999999668e+00 -2.922677216384128585e-02 9.995622157269226093e-01 4.601378050978137228e-03 -4.719650000000000234e-02 2.476867788515256241e-01 2.782321636836494923e-03 9.688361668870876242e-01 7.128991100000000358e+00
9.619143595205499331e-01 2.544785721110192495e-02 -2.721638688575938603e-01 -7.053985100000000230e+00 -2.513908363820867298e-02 9.996732791701107290e-01 4.621838066066578932e-03 -4.748299999999999743e-02 2.721925631276528867e-01 2.396137859381375964e-03 9.622398178735681595e-01 7.246355999999999575e+00
9.549359950850497825e-01 2.654940300767311828e-02 -2.956220128658588187e-01 -7.091399199999999681e+00 -2.244908063040915863e-02 9.995990501885575474e-01 1.725623484376234348e-02 -4.855090000000000100e-02 2.959616260088041018e-01 -9.842157388999980480e-03 9.551491233666892233e-01 7.364582500000000032e+00
9.472125094494726616e-01 2.257028451549148579e-02 -3.198109507182678168e-01 -7.130702999999999570e+00 -2.009376269924360164e-02 9.997371251454849617e-01 1.104179815190631589e-02 -4.919180000000000080e-02 3.199760969869765992e-01 -4.032723983949368374e-03 9.474170330399650508e-01 7.480571699999999602e+00
9.414486663021541801e-01 1.449172293270312162e-02 -3.368447694181058161e-01 -7.172223599999999699e+00 -1.595765954918593188e-02 9.998714142462138410e-01 -1.583690307022762259e-03 -5.059759999999999952e-02 3.367785055783806270e-01 6.866217278680397315e-03 9.415588633965880083e-01 7.595580599999999905e+00
9.355891292986566743e-01 1.953684540658234478e-02 -3.525497026090658181e-01 -7.216212699999999813e+00 -2.229451019049255231e-02 9.997443645870844886e-01 -3.763016307786480868e-03 -5.240949999999999775e-02 3.523860609523984389e-01 1.138056008841153814e-02 9.357855239842762796e-01 7.710916499999999729e+00
9.294611712779520252e-01 2.008499059511134957e-02 -3.683728060530687687e-01 -7.262750600000000389e+00 -1.948143977587541223e-02 9.997958631842203125e-01 5.357748032399342608e-03 -5.433749999999999691e-02 3.684052179202630395e-01 2.196613874587058195e-03 9.296627185687341699e-01 7.827149900000000216e+00
9.241413304603404155e-01 3.198373052492368973e-02 -3.807096561905162213e-01 -7.312369799999999920e+00 -2.613199726609071599e-02 9.994476428415479674e-01 2.053114554423510901e-02 -5.578729999999999800e-02 3.811560311130823830e-01 -9.024976464379420860e-03 9.244666731396758985e-01 7.943831399999999654e+00
