1.000000000000000000e+00 0.000000000000000000e+00 0.000000000000000000e+00 -0.000000000000000000e+00 0.000000000000000000e+00 1.000000000000000000e+00 0.000000000000000000e+00 0.000000000000000000e+00 0.000000000000000000e+00 0.000000000000000000e+00 1.000000000000000000e+00 0.000000000000000000e+00
9.991756325164364849e-01 7.106702852152336439e-04 -4.059002750830440626e-02 -5.851099999999999704e-03 -8.622026307400583369e-04 9.999927244796406045e-01 -3.715857156713441630e-03 -1.170299999999999986e-03 4.058709144546749498e-02 3.747790753399351128e-03 9.991689757355689538e-01 3.509609999999999813e-02
9.983668200652864311e-01 7.437731468946245927e-04 -5.712389512484096488e-02 -7.476299999999999960e-03 -9.495323145501887406e-04 9.999931591353141691e-01 -3.574922510750303071e-03 -1.376499999999999902e-03 5.712084541663836612e-02 3.623325003391602694e-03 9.983606966096012503e-01 4.607599999999999890e-02
7.855409248892512020e-01 2.449046675298766074e-02 -6.183248922389915636e-01 -1.515521999999999980e-01 -2.768519755105674357e-02 9.996069195456823708e-01 4.419981102968210257e-03 -5.935900000000000030e-03 6.181900882096854621e-01 1.364637074875369588e-02 7.859101675157846856e-01 3.006864000000000203e-01
7.504814343967891599e-01 2.389990727979048740e-02 -6.604592425409424594e-01 -1.679319999999999979e-01 -2.716412208189585009e-02 9.996169035478918996e-01 5.306280509410752320e-03 -6.153099999999999889e-03 6.603330425605383747e-01 1.395853048648431141e-02 7.508431476209929123e-01 3.137473000000000067e-01
7.114872923944620675e-01 1.965505033506589547e-02 -7.024240256123955861e-01 -1.850122999999999907e-01 -2.101222994471155583e-02 9.997568248167433280e-01 6.691593613940218996e-03 -6.295300000000000201e-03 7.023847371305472764e-01 9.998511322671212523e-03 7.117272727789645259e-01 3.274850000000000261e-01
3.120302793791874252e-01 2.497308242701130540e-02 -9.497438864792128177e-01 -3.750712999999999964e-01 -3.116753897160068343e-04 9.996571145035820782e-01 2.618312969878938343e-02 -6.436100000000000154e-03 9.500721065313925129e-01 -7.873917478985945767e-03 3.119310722171428907e-01 4.054638999999999882e-01
2.588436123997800986e-01 2.688359061316525356e-02 -9.655450568852685933e-01 -4.070864000000000149e-01 4.316681640138875231e-03 9.995704337597403066e-01 2.898817367448870003e-02 -6.313199999999999715e-03 9.659095975190692407e-01 -1.167135421056034877e-02 2.586163740203654138e-01 4.111811000000000216e-01
2.081480698993759260e-01 2.737385331960510287e-02 -9.777141980924698439e-01 -4.405916999999999750e-01 7.139386100173691560e-03 9.995391410095775253e-01 2.950482597726328954e-02 -6.123299999999999924e-03 9.780712704927373435e-01 -1.312165173568816991e-02 2.078567104821255063e-01 4.153993000000000269e-01
1.651597728491706676e-02 2.210977804989724613e-02 -9.996191175687406671e-01 -6.352609999999999646e-01 3.801193347684105051e-03 9.997468690663401381e-01 2.217540802744604606e-02 -2.339799999999999953e-03 9.998563763978590702e-01 -4.165994075185213211e-03 1.642775303892463068e-02 4.186212999999999740e-01
-1.024496016881407991e-02 2.016129597692218473e-02 -9.997442487634873309e-01 -6.785518999999999856e-01 3.493192334319975348e-03 9.997913400621142310e-01 2.012644887001393407e-02 -1.696500000000000091e-03 9.999414174832714775e-01 -3.286104279048124646e-03 -1.031324974061820221e-02 4.166039000000000270e-01
-3.091200805476353522e-02 1.789291608233232328e-02 -9.993619420971026068e-01 -7.230819000000000552e-01 2.810526141235031305e-03 9.998373591536455773e-01 1.781449363505092226e-02 -9.940000000000000918e-04 9.995181582646867069e-01 -2.258051092081087181e-03 -3.095726900800332970e-02 4.137228000000000017e-01
-4.714670060241338279e-02 1.703110283565973174e-02 -9.987427747716164372e-01 -7.694174999999999764e-01 3.503731229321443291e-03 9.998513058716073099e-01 1.688460879956207167e-02 1.122000000000000032e-04 9.988818310940383860e-01 -2.703272654164639612e-03 -4.719936257173584782e-02 4.108641000000000099e-01
-7.650689562555484935e-02 2.031218088572232794e-02 -9.968621320069320779e-01 -9.178539000000000003e-01 1.259301598016718607e-03 9.997936425992669518e-01 2.027526516656810718e-02 6.105999999999999883e-04 9.970682569820511487e-01 2.958475200403928168e-04 -7.651668702328395799e-02 3.980611000000000010e-01
-8.083084012393715323e-02 2.133481369871883040e-02 -9.964994736623292715e-01 -9.699436000000000169e-01 1.243983375170194111e-03 9.997722705819820366e-01 2.130397804895400524e-02 1.070599999999999894e-03 9.967270578198529352e-01 4.823896650770868877e-04 -8.083897271731144141e-02 3.932459999999999845e-01
-8.203767909564078920e-02 2.186002562676903072e-02 -9.963894612490626912e-01 -1.023275500000000005e+00 3.645665655178429929e-03 9.997593151194181793e-01 2.163379194414605938e-02 2.182499999999999978e-03 9.966225606168721551e-01 -1.857716756921730730e-03 -8.209762821129329424e-02 3.889059000000000266e-01
-7.927554237090091160e-02 2.648436915503470795e-02 -9.965008613003097926e-01 -1.134680499999999981e+00 4.798650393689521745e-03 9.996455652427853611e-01 2.618619569221949245e-02 3.514000000000000196e-03 9.968411916329494860e-01 -2.705934384259433417e-03 -7.937453359176005474e-02 3.795606999999999731e-01
-7.752491691630186699e-02 2.664565989083922393e-02 -9.966342840109918555e-01 -1.192304500000000100e+00 2.571750337074640153e-03 9.996448129729779142e-01 2.652610028676958415e-02 3.974899999999999961e-03 9.969870978890973401e-01 -5.066608350001115119e-04 -7.756590705634802685e-02 3.745223999999999775e-01
-7.585155626178875787e-02 2.404918012238284677e-02 -9.968290617493582584e-01 -1.251044000000000045e+00 5.247306100794706107e-04 9.997099270433830176e-01 2.407875471656638691e-02 4.799999999999999580e-03 9.971189829054762921e-01 1.303344296380758160e-03 -7.584217311755747648e-02 3.696601999999999943e-01
-7.270880862444559223e-02 2.670276527132104533e-02 -9.969956827766498497e-01 -1.373347499999999943e+00 8.405277633247078967e-04 9.996428077174338567e-01 2.671236589830053298e-02 7.246100000000000110e-03 9.973528576494342657e-01 1.104221748717057819e-03 -7.270528201469839136e-02 3.605399000000000242e-01
-6.907234590342423153e-02 3.229051547799530186e-02 -9.970889296555063286e-01 -1.500449300000000097e+00 -8.113661427737069165e-04 9.994738759115427973e-01 3.242395804555915639e-02 9.256199999999999151e-03 9.976113234704087063e-01 3.048603044537925855e-03 -6.900980584740668000e-02 3.513604000000000172e-01
-6.718066094158821333e-02 3.151763640180870601e-02 -9.972428978895235829e-01 -1.566030500000000103e+00 -2.563586487908123268e-03 9.994921910375975660e-01 3.176142438842177729e-02 1.061980000000000042e-02 9.977375340337610865e-01 4.690271901052370934e-03 -6.706574781305152388e-02 3.463766999999999818e-01
-6.538957411538047493e-02 2.875775639563679653e-02 -9.974453343637929015e-01 -1.632330400000000070e+00 -5.027880334669740034e-03 9.995624496161191752e-01 2.914840882043717718e-02 1.191659999999999942e-02 9.978471446150204427e-01 6.921037820465178111e-03 -6.521637232427368591e-02 3.416450999999999794e-01
-6.370557749288528748e-02 2.804226941685271715e-02 -9.975746741584063937e-01 -1.700255499999999920e+00 -6.018233224806785603e-03 9.995761639781104435e-01 2.848285933078894411e-02 1.342579999999999989e-02 9.979505900920895289e-01 7.818154050562449095e-03 -6.350981185684501096e-02 3.368159000000000014e-01
-6.119273875490419817e-02 3.215792574718214641e-02 -9.976077969499398401e-01 -1.838672199999999979e+00 -9.520239337865079449e-04 9.994785205862499744e-01 3.227662524413937861e-02 1.630529999999999827e-02 9.981255143388044759e-01 2.924841595682948353e-03 -6.113021288640030360e-02 3.285451999999999817e-01
-5.894186392346484338e-02 2.943824347971032984e-02 -9.978272628556793533e-01 -1.979615600000000031e+00 4.518219977959706674e-04 9.995657740518060219e-01 2.946284441625099393e-02 1.836190000000000044e-02 9.982613147538624832e-01 1.285754659022149415e-03 -5.892957068269499832e-02 3.193613000000000146e-01
-5.877442447450322016e-02 2.250025997270939382e-02 -9.980176878837624388e-01 -2.049930600000000158e+00 1.803432482993199901e-03 9.997467212175423779e-01 2.243303470449065778e-02 1.913010000000000058e-02 9.982696602917319195e-01 -4.813688129583475889e-04 -5.880011585954325604e-02 3.155225999999999864e-01
-5.917055619113073539e-02 1.859734880499331819e-02 -9.980746384401608662e-01 -2.194852099999999862e+00 5.983000723063494099e-03 9.998150955051314792e-01 1.827507872521158885e-02 2.117350000000000135e-02 9.982299579667903711e-01 -4.890134710851346510e-03 -5.927088324067442127e-02 3.068655000000000133e-01
-5.913971522928999913e-02 2.603081305181157920e-02 -9.979102619246181805e-01 -2.268220400000000136e+00 5.710784011675771460e-03 9.996524154715776822e-01 2.573781629844206290e-02 2.174469999999999875e-02 9.982333800412458436e-01 -4.176722842372648098e-03 -5.926781553024818017e-02 3.022578000000000209e-01
-5.924904699318676166e-02 3.307945926532056963e-02 -9.976949933747856214e-01 -2.342562899999999892e+00 4.170606340927279776e-03 9.994502764692544394e-01 3.288998188323845329e-02 2.281050000000000091e-02 9.982345197763642375e-01 -2.212292983475229458e-03 -5.935443780044680206e-02 2.972780999999999896e-01
-5.991150892957849278e-02 3.869730530663489931e-02 -9.974533220455914506e-01 -2.490591300000000174e+00 4.148467057530393076e-04 9.992491584933329563e-01 3.874205921962138588e-02 2.525660000000000058e-02 9.982036059842660514e-01 1.907305002093555996e-03 -5.988257833157506482e-02 2.870892999999999917e-01
-6.043418791428509240e-02 3.259973311794217565e-02 -9.976396976523035365e-01 -2.636320599999999903e+00 2.627700153116502291e-04 9.994670235319377261e-01 3.264352652714071906e-02 2.797610000000000027e-02 9.981721494226633018e-01 1.710635217698571256e-03 -6.041054414663082905e-02 2.774929999999999897e-01
-6.033966086203325363e-02 3.389943407581039875e-02 -9.976021018905254500e-01 -2.709775899999999904e+00 -1.576838372019877255e-03 9.994186639545646900e-01 3.405653711141890666e-02 2.936290000000000081e-02 9.981766571643533315e-01 3.628017173706933260e-03 -6.025112931376430669e-02 2.721823999999999910e-01
-6.024270297565053472e-02 3.612955419897106307e-02 -9.975296847971849568e-01 -2.782649300000000103e+00 -2.314973605978758175e-03 9.993369911330036715e-01 3.633481870656031509e-02 3.048079999999999887e-02 9.981810745728408873e-01 4.498162582499215523e-03 -6.011912256503948448e-02 2.675605999999999818e-01
-5.980003875451045392e-02 2.928971913427227264e-02 -9.977805709262906886e-01 -2.927576300000000131e+00 -3.534816907080684523e-03 9.995569432998804293e-01 2.955371669406571533e-02 3.294099999999999806e-02 9.982041176204355937e-01 5.294285035311820445e-03 -5.967001015227335614e-02 2.581567000000000167e-01
-5.908849476738208678e-02 2.556577593256038894e-02 -9.979253182914497033e-01 -3.072185800000000189e+00 -4.533039880200520969e-03 9.996548180454242205e-01 2.587849122368195837e-02 3.546389999999999959e-02 9.982424561876587221e-01 6.052756358535213085e-03 -5.895220780339482936e-02 2.491152000000000089e-01
-5.777697353524118007e-02 3.327321925301278405e-02 -9.977748815287190709e-01 -3.216211799999999954e+00 -3.890543634109221507e-03 9.994293444096838952e-01 3.355367644626383594e-02 3.652480000000000310e-02 9.983219345478389073e-01 5.820516589651467815e-03 -5.761455187095065877e-02 2.403166999999999942e-01
-5.688018875248402467e-02 4.197022187061581755e-02 -9.974984434091177521e-01 -3.361691700000000171e+00 -3.218901215550230149e-03 9.991030984833528805e-01 4.222128936837714341e-02 3.932390000000000191e-02 9.983758224248252544e-01 5.612403860645615722e-03 -5.669407482672850218e-02 2.307877999999999874e-01
-5.649115256921155570e-02 3.748730767248373286e-02 -9.976990786027970515e-01 -3.505287599999999948e+00 -2.959818272268079087e-03 9.992841734834677636e-01 3.771445480525945776e-02 4.248070000000000318e-02 9.983987125177979927e-01 5.083540983542141067e-03 -5.633975908602584237e-02 2.223429000000000100e-01
-5.555358294661143920e-02 3.027324021339038163e-02 -9.979966584857771217e-01 -3.648424100000000170e+00 -7.712196170267283934e-03 9.994974129897992166e-01 3.074806427940084477e-02 4.521780000000000244e-02 9.984259218650253231e-01 9.404911146906978076e-03 -5.529218927021706254e-02 2.127877999999999992e-01
-5.690313957776595849e-02 2.675607561939447043e-02 -9.980211145680446538e-01 -3.790689200000000092e+00 -8.748672070841160067e-03 9.995890848709255705e-01 2.729692553938202482e-02 4.655209999999999904e-02 9.983413711968416315e-01 1.028464021514256116e-02 -5.664567708532486368e-02 2.042662000000000089e-01
-5.846043722936509340e-02 2.136729726065107748e-02 -9.980610281374212578e-01 -3.932037799999999805e+00 -1.224606572573325169e-03 9.997686230272317953e-01 2.147558495071311135e-02 4.795390000000000069e-02 9.982889750055811140e-01 2.477704180861441119e-03 -5.842074429770871546e-02 1.961047999999999958e-01
-6.229907187605623203e-02 3.129233584906600252e-02 -9.975668475648593603e-01 -4.073813900000000210e+00 1.641416341655382513e-03 9.995102270331238659e-01 3.125078892742823300e-02 4.870950000000000280e-02 9.980561764729354302e-01 3.094726200867075477e-04 -6.231992322622104119e-02 1.875754000000000032e-01
-6.538611073339933855e-02 3.410265172364994324e-02 -9.972771258123668270e-01 -4.213509099999999563e+00 3.304841478837406560e-03 9.994177568430745451e-01 3.395917150869367379e-02 5.032210000000000155e-02 9.978545658290890463e-01 -1.075384662598523333e-03 -6.546074397582146709e-02 1.783288000000000095e-01
-6.769975286470097942e-02 2.697712117837821472e-02 -9.973409539345032826e-01 -4.350184900000000354e+00 -4.607997620418524676e-03 9.996152587776563347e-01 2.735143098284482932e-02 5.165840000000000015e-02 9.976950986248194209e-01 6.447429860510660304e-03 -6.754939546883576007e-02 1.678530000000000022e-01
-6.935099951015724629e-02 2.667556441173356274e-02 -9.972356056270041957e-01 -4.486185100000000148e+00 -1.031056570219536679e-02 9.995698641390066141e-01 2.745503487575115878e-02 5.313840000000000230e-02 9.975390373824188917e-01 1.218609734260537800e-02 -6.904612899876183540e-02 1.564423000000000064e-01
-7.126718518322072704e-02 2.769734673930308866e-02 -9.970726379254739591e-01 -4.620608299999999780e+00 -1.143452108617296764e-02 9.995260253890968505e-01 2.858279722847952703e-02 5.465659999999999963e-02 9.973917184554874638e-01 1.343806360594143601e-02 -7.091670045153175561e-02 1.465865000000000085e-01
-7.222577494951415433e-02 2.936457961740202710e-02 -9.969559463170053482e-01 -4.753678299999999801e+00 -1.115683358550806532e-02 9.994801808601738724e-01 3.024720040035902904e-02 5.620859999999999745e-02 9.973259058589060144e-01 1.330749907411072144e-02 -7.186061488120687457e-02 1.368299000000000043e-01
-7.290394775730447974e-02 3.208073388162886036e-02 -9.968228733907628092e-01 -4.819504700000000419e+00 -1.008788325029814914e-02 9.994076805828376875e-01 3.290171125581577150e-02 5.721330000000000165e-02 9.972879468904299882e-01 1.245449740651264486e-02 -7.253713863547828211e-02 1.325725000000000098e-01
-7.286087993991986755e-02 3.611580524879433318e-02 -9.966879856733562582e-01 -4.885183800000000076e+00 -1.023020105658052972e-02 9.992644901438266780e-01 3.695702536649894676e-02 5.845779999999999726e-02 9.972896445670752508e-01 1.288903987228172225e-02 -7.243781809557914286e-02 1.272609000000000101e-01
-7.344026756395634348e-02 3.837561709522201159e-02 -9.965610062172286510e-01 -4.949537799999999876e+00 -1.018721053263220433e-02 9.991783885679135224e-01 3.922714060942177061e-02 5.917800000000000143e-02 9.972475860295165750e-01 1.303302848107157699e-02 -7.298898770988160312e-02 1.220393000000000033e-01
-7.395293547841851056e-02 3.815354260909319117e-02 -9.965316204318360738e-01 -5.013942199999999794e+00 -9.426513900961479980e-03 9.991964970925769629e-01 3.895511562810248518e-02 6.038829999999999892e-02 9.972171800414389997e-01 1.227466432534776719e-02 -7.353385917997357080e-02 1.168442999999999982e-01
-7.432578951902975295e-02 3.632443677615924960e-02 -9.965722313536874433e-01 -5.076987700000000103e+00 -8.902039647150822993e-03 9.992723974034617429e-01 3.708678305890922983e-02 6.142029999999999712e-02 9.971942793169711328e-01 1.162802994633449320e-02 -7.394834830524410485e-02 1.120126000000000038e-01
-7.442479896378638438e-02 2.976252352944123991e-02 -9.967823942528072356e-01 -5.199981199999999859e+00 -8.983859134677205441e-03 9.994939568463200308e-01 3.051426719970338694e-02 6.306609999999999994e-02 9.971861609420017425e-01 1.122597081975869673e-02 -7.411975448492569285e-02 1.026582000000000050e-01
-7.088461981016452862e-02 2.684429969087364157e-02 -9.971232392480253726e-01 -5.317943600000000437e+00 -1.199895447215420033e-02 9.995425317456940739e-01 2.776242646065571126e-02 6.423919999999999630e-02 9.974123499164944118e-01 1.393236539553520739e-02 -7.053008881705513655e-02 9.331739999999999480e-02
-6.099404906736309584e-02 2.926523735211757418e-02 -9.977090116166600353e-01 -5.430588700000000379e+00 -1.182810066837031507e-02 9.994787039193242517e-01 3.004024710828390177e-02 6.501830000000000109e-02 9.980680447809895384e-01 1.363327893326047625e-02 -6.061610093515512609e-02 8.592349999999999988e-02
-4.524566101295762061e-02 3.203442546395252749e-02 -9.984621303508184331e-01 -5.537582399999999794e+00 -1.182019813660946210e-02 9.993985771274425112e-01 3.260010662029572820e-02 6.595629999999999549e-02 9.989059580738878230e-01 1.327703358577603417e-02 -4.483979598136411671e-02 8.095800000000000218e-02
-1.854158955332442862e-02 3.551146098443246774e-02 -9.991972505944894944e-01 -5.639500100000000238e+00 -1.721087805476417820e-02 9.992096403797087190e-01 3.583127473084544296e-02 6.690949999999999676e-02 9.996799463495404936e-01 1.786143082186913977e-02 -1.791575160509584208e-02 7.831950000000000023e-02
-1.055935892096088007e-04 3.669737848855107731e-02 -9.993264187751976779e-01 -5.688401700000000005e+00 -1.869813547810082743e-02 9.991516442300765188e-01 3.669293613186720010e-02 6.754749999999999643e-02 9.998251690068801212e-01 1.868941530392877887e-02 5.806685463911609446e-04 7.855330000000000645e-02
7.686699104124161686e-02 3.749461966134400026e-02 -9.963360975015996823e-01 -5.822451100000000324e+00 -1.756520681168973613e-02 9.991884867707220286e-01 3.624681247361147968e-02 6.896919999999999440e-02 9.968866180253040943e-01 1.471466619688480311e-02 7.746321320979399072e-02 8.820840000000000625e-02
1.109608031949414764e-01 3.749632996873472623e-02 -9.931171760639373458e-01 -5.863097699999999968e+00 -1.646017345332950396e-02 9.992202650232250294e-01 3.588766719643700365e-02 6.945410000000000472e-02 9.936884636767301382e-01 1.236475660058376606e-02 1.114914792707879521e-01 9.440310000000000368e-02
1.890532201223183162e-01 3.717167684549239903e-02 -9.812630362965255593e-01 -5.940635699999999630e+00 -1.586148058437899383e-02 9.992684947774530535e-01 3.479782721484901697e-02 7.079390000000000682e-02 9.818387308489380239e-01 8.985643310158879238e-03 1.895045245350330809e-01 1.116328000000000042e-01
5.310682560379114125e-01 1.939683304493877367e-02 -8.471070005003372705e-01 -6.169133200000000095e+00 6.682542834895419809e-03 9.996109803779802405e-01 2.707824826374655158e-02 7.338279999999999803e-02 8.473026915159135308e-01 -2.004122689857276707e-02 5.307320398979966658e-01 2.288975000000000037e-01
5.752342571333239896e-01 1.509321158965544127e-02 -8.178494631557710060e-01 -6.197053399999999712e+00 1.407951803348393011e-02 9.994989440232978639e-01 2.834833448823984373e-02 7.377880000000000549e-02 8.178675422048594656e-01 -2.782185939548646389e-02 5.747335274260237936e-01 2.530654999999999988e-01
6.180736262888809618e-01 8.456174635032353420e-03 -7.860747328318437033e-01 -6.222911400000000093e+00 2.428188258533231850e-02 9.992596537447679950e-01 2.984182594947112563e-02 7.391759999999999997e-02 7.857451130387161919e-01 -3.753181994559055129e-02 6.174107059545913545e-01 2.787587999999999733e-01
7.392547244870301126e-01 -7.607820222563332728e-03 -6.733829322124715855e-01 -6.294591399999999837e+00 1.877650756683940658e-02 9.997802861898061888e-01 9.317838259045387733e-03 7.497289999999999510e-02 6.731640922443780095e-01 -1.953203567707329294e-02 7.392351483087854502e-01 3.608169999999999988e-01
8.461632555624133412e-01 -1.300199539481392171e-02 -5.327651387354199741e-01 -6.358195799999999842e+00 1.317056824450005444e-02 9.999071934277004026e-01 -3.484345513337080112e-03 7.559960000000000291e-02 5.327609980733716277e-01 -4.068494474935794442e-03 8.462559697187207464e-01 4.624946999999999808e-01
8.757042595623582004e-01 -1.148211631568173303e-02 -4.827113120585169170e-01 -6.376921199999999956e+00 1.002470184378836081e-02 9.999340762812778394e-01 -5.598968159461063451e-03 7.544480000000000630e-02 4.827437779374115223e-01 6.400328638355703634e-05 8.757616346736675217e-01 5.012615000000000265e-01
9.007168124417327393e-01 -9.827557223512018575e-03 -4.342955709005367759e-01 -6.394581800000000094e+00 8.949469274193443818e-03 9.999516833535475602e-01 -4.066688839458364527e-03 7.463509999999999589e-02 4.343145528122616672e-01 -2.237798590233475854e-04 9.007612442473643677e-01 5.422962999999999534e-01
9.377050210030453137e-01 1.145433624741755245e-03 -3.474305420763834085e-01 -6.427347700000000330e+00 -2.846100222675658140e-03 9.999863368932196961e-01 -4.384716684424652677e-03 7.363709999999999700e-02 3.474207726938630114e-01 5.100392993828741992e-03 9.376954690581094098e-01 6.306106999999999685e-01
9.504506718060156123e-01 6.400648408839372180e-03 -3.108095110569171760e-01 -6.442067100000000046e+00 -7.631011761555466302e-03 9.999671220431407548e-01 -2.742716218155812069e-03 7.309630000000000294e-02 3.107817371130235373e-01 4.978607506598085007e-03 9.504682663531206499e-01 6.778087999999999891e-01
9.598398935797872733e-01 6.652785608028031171e-03 -2.804694620389112103e-01 -6.455481500000000317e+00 -7.168715377098812229e-03 9.999739734006173331e-01 -8.136591568903726521e-04 7.245719999999999938e-02 2.804567492726548483e-01 2.791588263884849097e-03 9.598626041378943707e-01 7.271530999999999967e-01
9.795401582701118715e-01 1.373688655672537957e-02 -2.007794219632380861e-01 -6.504244800000000382e+00 -1.262512725899446638e-02 9.998970640733677584e-01 6.816701486337935732e-03 7.119970000000000465e-02 2.008523948023984984e-01 -4.142367099534339202e-03 9.796127583371677661e-01 9.421228000000000380e-01
9.821456989077349542e-01 1.762528131014771265e-02 -1.872943554295617707e-01 -6.515765700000000216e+00 -1.641915863491155009e-02 9.998332778584275715e-01 7.989225030876257252e-03 7.102039999999999742e-02 1.874039416521393886e-01 -4.771367268459648925e-03 9.822713457632931133e-01 9.997175000000000367e-01
9.845572694760268417e-01 1.604112388251236615e-02 -1.743263189151198767e-01 -6.525916099999999886e+00 -1.490932589316003656e-02 9.998584249775278598e-01 7.800128387971208901e-03 7.056679999999999897e-02 1.744267614883729112e-01 -5.080585206762905717e-03 9.846570431021326453e-01 1.058627100000000043e+00
9.891710306720448154e-01 1.656524152448207721e-02 -1.458295746837392493e-01 -6.544649099999999997e+00 -1.554447739580558374e-02 9.998460713031911418e-01 8.136517809558457826e-03 7.024249999999999938e-02 1.459419107100355939e-01 -5.781563180451062059e-03 9.892762668868056997e-01 1.180845499999999992e+00
9.939643022839852460e-01 1.967198300177377263e-02 -1.079258026140565430e-01 -6.568261599999999589e+00 -1.970726220845449989e-02 9.998055193547362718e-01 7.397864916275993970e-04 6.841170000000000584e-02 1.079193662016117994e-01 1.391600727183372327e-03 9.941586763922841685e-01 1.374188200000000082e+00
9.949710934530533457e-01 1.771247939167150051e-02 -9.858393006283949767e-02 -6.574593100000000412e+00 -1.835230358373643803e-02 9.998159720693136077e-01 -5.587033941534117094e-03 6.806800000000000350e-02 9.846682764264111376e-02 7.368179482958594866e-03 9.951130557806491250e-01 1.441028399999999987e+00
9.957532738467148592e-01 1.754828189058224575e-02 -9.037408603265627283e-02 -6.580847699999999634e+00 -1.814357129934959095e-02 9.998187450319599989e-01 -5.769566987390885478e-03 6.750970000000000582e-02 9.025645929269944523e-02 7.384773889919455693e-03 9.958911771225508192e-01 1.509104000000000001e+00
9.972148297325676980e-01 2.269843305047863566e-02 -7.104480627392020797e-02 -6.603975799999999730e+00 -2.197545014696376461e-02 9.996986344794560608e-01 1.094165484509462480e-02 6.423180000000000556e-02 7.127175423885834249e-02 -9.349938874870331040e-03 9.974131118502262972e-01 1.785761600000000060e+00
9.976620851522122191e-01 2.072504502851863634e-02 -6.512170420302328122e-02 -6.613453400000000038e+00 -1.995525138616572464e-02 9.997233642426505140e-01 1.244921401020035109e-02 6.316180000000000405e-02 6.536169973199225380e-02 -1.112058882985576119e-02 9.977996696292409373e-01 1.922536100000000081e+00
9.978439936777843133e-01 1.871360612023524606e-02 -6.290600310897768999e-02 -6.617408799999999758e+00 -1.781495917968481391e-02 9.997315167650935308e-01 1.481626187645840656e-02 6.274960000000000260e-02 6.316637959069824892e-02 -1.366365004463759511e-02 9.979094714235663410e-01 1.991815399999999903e+00
9.982319219123693133e-01 1.593781805287599121e-02 -5.726269318544825737e-02 -6.625898799999999866e+00 -1.521899090792164753e-02 9.998000941738042213e-01 1.296742093851730414e-02 6.158389999999999698e-02 5.745791843498997131e-02 -1.207301311875038329e-02 9.982749270433233235e-01 2.129116999999999926e+00
9.982666780360713865e-01 1.885137436615747994e-02 -5.575181797334981260e-02 -6.630228500000000302e+00 -1.855907364988052324e-02 9.998111965021938552e-01 5.756051955096386404e-03 6.093529999999999780e-02 5.584980132538397424e-02 -4.711372767934971818e-03 9.984280658407778120e-01 2.196766900000000078e+00
9.983533968212685572e-01 1.950743608479441754e-02 -5.394399867299554813e-02 -6.634584900000000118e+00 -1.963001843498111271e-02 9.998057925427332737e-01 -1.743437477874618374e-03 6.006469999999999865e-02 5.389951235101098775e-02 2.799488416589130096e-03 9.985424404765821382e-01 2.264458900000000163e+00
9.983989439052443071e-01 2.035718904732761875e-02 -5.277436558580608089e-02 -6.638415300000000130e+00 -2.069176471867473915e-02 9.997690725396775058e-01 -5.801074553919011167e-03 5.905110000000000220e-02 5.264408496421944111e-02 6.883781464027150312e-03 9.985896123388404710e-01 2.332330699999999979e+00
9.985142008316348905e-01 2.513043787139532248e-02 -4.835133741638836247e-02 -6.646612199999999859e+00 -2.517006323577623828e-02 9.996831615574918173e-01 -2.107489615947815255e-04 5.640789999999999693e-02 4.833072164026235018e-02 1.427442051267758822e-03 9.988303678577867828e-01 2.468290300000000048e+00
9.985330464607707901e-01 2.812680097257898998e-02 -4.626703138111520897e-02 -6.650251899999999772e+00 -2.792890281816573506e-02 9.995978123549521532e-01 4.918325179085195759e-03 5.499210000000000209e-02 4.638676010615123968e-02 -3.618922801428465369e-03 9.989169994972613154e-01 2.535756800000000144e+00
9.988342012666282521e-01 2.291089910738719135e-02 -4.248916429100432768e-02 -6.656728700000000387e+00 -2.266121723784773542e-02 9.997230426720619123e-01 6.348793886531513275e-03 5.344000000000000139e-02 4.262285318178389570e-02 -5.378536288407105223e-03 9.990767556769791780e-01 2.670263999999999971e+00
9.989647932728982216e-01 2.064233714592013033e-02 -4.053684396188115407e-02 -6.662229100000000237e+00 -2.045771473222042849e-02 9.997783956229028268e-01 4.964025949721089480e-03 5.133399999999999769e-02 4.063032991708073055e-02 -4.129595966747732876e-03 9.991657133468804242e-01 2.803604599999999891e+00
9.990336636220843447e-01 1.835679574262486999e-02 -3.993453392616138492e-02 -6.665197799999999617e+00 -1.822591223103359540e-02 9.998272716769003310e-01 3.639084290389281093e-03 5.076230000000000325e-02 3.999443802809141829e-02 -2.907724400531725394e-03 9.991956715606947759e-01 2.871061800000000108e+00
9.990614376806931096e-01 2.013780043330195765e-02 -3.834987266074248169e-02 -6.671350499999999961e+00 -1.998149789977092874e-02 9.997904258648514508e-01 4.454670656790420645e-03 4.934399999999999897e-02 3.843154278802908552e-02 -3.684201770739926104e-03 9.992544436609949177e-01 3.007023300000000177e+00
9.990533828855430176e-01 2.006763207646975952e-02 -3.859570297061647171e-02 -6.674073700000000109e+00 -1.994444251649134595e-02 9.997947010163008574e-01 3.574217737070422684e-03 4.850499999999999950e-02 3.865950539853017787e-02 -2.801064542108681107e-03 9.992485159757666935e-01 3.075274700000000028e+00
9.989748227972307104e-01 1.700924033881936678e-02 -4.195222473645078554e-02 -6.681840900000000083e+00 -1.685481927208194383e-02 9.998498182829514969e-01 4.031866423170044414e-03 4.682549999999999907e-02 4.201450326431158122e-02 -3.320635879633756192e-03 9.991114827149210065e-01 3.212782600000000155e+00
9.985866103815771444e-01 2.250504863619028767e-02 -4.814877311536733262e-02 -6.690116899999999589e+00 -2.236183917708944174e-02 9.997437777753477306e-01 3.510975376466198873e-03 4.531870000000000342e-02 4.821545100121327199e-02 -2.429317879338551041e-03 9.988340045770321973e-01 3.352235100000000134e+00
9.982887591333973187e-01 2.423635620271112623e-02 -5.321797089251979057e-02 -6.699450999999999823e+00 -2.451420706392094806e-02 9.996890160765183886e-01 -4.574362030904065117e-03 4.345070000000000182e-02 5.309055509155075764e-02 5.871130553639094217e-03 9.985724424327426796e-01 3.493571499999999830e+00
9.980821904460790428e-01 2.392564237733690521e-02 -5.709207257744911695e-02 -6.709021599999999808e+00 -2.423467180703784210e-02 9.996951239140572376e-01 -4.726510855055483622e-03 4.107299999999999840e-02 5.696158176141268709e-02 6.101053949079011073e-03 9.983577291451939395e-01 3.637287600000000065e+00
9.978866977390771220e-01 2.149162166065830826e-02 -6.132086654471487902e-02 -6.718914500000000345e+00 -2.167190714798217926e-02 9.997625450788442114e-01 -2.276378272878538250e-03 3.845640000000000169e-02 6.125738254258705079e-02 3.600507723518616733e-03 9.981155090610325242e-01 3.782828799999999880e+00
9.977795501290448454e-01 1.995687287332505166e-02 -6.354284042595814697e-02 -6.729593300000000333e+00 -1.959819237049476720e-02 9.997883200422895689e-01 6.263063373885131326e-03 3.615469999999999795e-02 6.365438083973418149e-02 -5.003831745189225681e-03 9.979594588297542312e-01 3.931613899999999884e+00
9.978826979883215209e-01 2.299271818691564842e-02 -6.083959209203619600e-02 -6.740569100000000091e+00 -2.252002968055837398e-02 9.997107331604786484e-01 8.443830109904518905e-03 3.485409999999999897e-02 6.101613982164919014e-02 -7.055842551760827669e-03 9.981118403100674996e-01 4.081305000000000405e+00
9.979897076313336557e-01 2.327368465946137374e-02 -5.894810484058819744e-02 -6.745439099999999577e+00 -2.288244792549610010e-02 9.997114852488685477e-01 7.303412793899236727e-03 3.421740000000000198e-02 5.910107476909354229e-02 -5.939853859572997996e-03 9.982343317564592589e-01 4.156771700000000180e+00
9.981410261288066188e-01 2.104854409350929989e-02 -5.719659736449880100e-02 -6.750585100000000338e+00 -2.079989442215370021e-02 9.997714582125017957e-01 4.939203951561407444e-03 3.337360000000000326e-02 5.728748860405957072e-02 -3.740338913982949823e-03 9.983507166894048934e-01 4.232269299999999568e+00
9.983060148660283240e-01 1.727587855535549916e-02 -5.555758006293808754e-02 -6.754776999999999809e+00 -1.711551085973637976e-02 9.998478696754503625e-01 3.361070286949088045e-03 3.243630000000000124e-02 5.560719351234526958e-02 -2.404480318940872049e-03 9.984498277350125628e-01 4.308804000000000300e+00
9.985144139682401443e-01 1.364127226789964807e-02 -5.275301686704926551e-02 -6.764312699999999623e+00 -1.336459954531615292e-02 9.998950423592463110e-01 5.593902429839710255e-03 3.078049999999999883e-02 5.282378798094176930e-02 -4.880569261291489713e-03 9.985919223922404830e-01 4.460671399999999842e+00
9.985666766418201945e-01 1.150418121614250888e-02 -5.227089166119810310e-02 -6.768225199999999830e+00 -1.108794003130693373e-02 9.999045244551552081e-01 8.246184570578244527e-03 2.981009999999999910e-02 5.236076667097892129e-02 -7.654788609495065572e-03 9.985988956157378915e-01 4.536478999999999928e+00
9.986718302426100813e-01 1.186692250653716835e-02 -5.013732771198817217e-02 -6.778103800000000234e+00 -1.162040354475964155e-02 9.999189311126809310e-01 5.205518603426310779e-03 2.786500000000000088e-02 5.019503662049060178e-02 -4.615988810376545938e-03 9.987287674568957607e-01 4.686367999999999867e+00
9.986918229474137654e-01 1.655704928977616910e-02 -4.837878560678597617e-02 -6.787800299999999787e+00 -1.686384566841577295e-02 9.998401492863993045e-01 -5.940251191869713385e-03 2.528620000000000173e-02 4.827269919160616374e-02 6.748332665672124309e-03 9.988113968707956758e-01 4.833727800000000130e+00
9.986767017703346294e-01 2.107038547253996599e-02 -4.691358222481845086e-02 -6.796433399999999736e+00 -2.168334378328630810e-02 9.996855461225415684e-01 -1.259529579055428637e-02 2.141629999999999923e-02 4.663344232953475776e-02 1.359587178941874287e-02 9.988195404209829764e-01 4.980633300000000041e+00
9.987447313672608296e-01 1.727068574374792873e-02 -4.701792190302286900e-02 -6.804135300000000441e+00 -1.717408186121817740e-02 9.998494936365128760e-01 2.457841946276683419e-03 1.778329999999999841e-02 4.705329402244047554e-02 -1.647267054670413814e-03 9.988910221004533296e-01 5.127010300000000242e+00
9.986953882463653898e-01 1.626806896504844405e-02 -4.840321712024892031e-02 -6.808004900000000248e+00 -1.578307097504326115e-02 9.998215035231784453e-01 1.038536293287895852e-02 1.615470000000000100e-02 4.856352711694525426e-02 -9.607862655101646540e-03 9.987738847252477514e-01 5.199921100000000074e+00
9.986081877077025437e-01 1.393285475880803523e-02 -5.086809413972253474e-02 -6.811913500000000177e+00 -1.353697261572820582e-02 9.998754100811533263e-01 8.118786082073595547e-03 1.525520000000000001e-02 5.097487435530114602e-02 -7.418886258422324742e-03 9.986723798679654207e-01 5.271740900000000174e+00
9.985481666153372959e-01 8.768115695633264470e-03 -5.314771016983357854e-02 -6.815334799999999582e+00 -8.533958153992592457e-03 9.999528609723253858e-01 4.631132851387215546e-03 1.430449999999999951e-02 5.318581114709584889e-02 -4.170848883534876775e-03 9.985759227581125774e-01 5.342942700000000045e+00
9.984202052443545972e-01 7.597337406298938084e-03 -5.567202371169583525e-02 -6.819778000000000340e+00 -7.432706264458500967e-03 9.999673726446566269e-01 3.163625092957786638e-03 1.315909999999999996e-02 5.569424240805374154e-02 -2.744833415230100212e-03 9.984440982108691021e-01 5.414187899999999942e+00
9.982464890531541624e-01 1.003905312517420871e-02 -5.833664804735300136e-02 -6.824664600000000192e+00 -1.000695237592540317e-02 9.999495743758000099e-01 8.423834057872256953e-04 1.177379999999999920e-02 5.834216311722394133e-02 -2.571342184827532735e-04 9.982966121773613200e-01 5.484648199999999640e+00
9.980212349004959904e-01 1.180473586135924978e-02 -6.175971906455184762e-02 -6.829648500000000233e+00 -1.198066652987563908e-02 9.999251560962498786e-01 -2.479079544919075492e-03 1.039879999999999971e-02 6.172583184687548824e-02 3.214096627927894197e-03 9.980879676990788152e-01 5.554400000000000226e+00
9.977512431210882049e-01 1.265105350291511645e-02 -6.582102776157128243e-02 -6.834919900000000048e+00 -1.305795722945422323e-02 9.998981772575605831e-01 -5.755420923075043292e-03 8.848399999999999321e-03 6.574151354598478658e-02 6.601966545992561837e-03 9.978148462687899123e-01 5.624340499999999743e+00
9.975118469858997861e-01 1.456078984874802432e-02 -6.897897159105476073e-02 -6.840352499999999836e+00 -1.526465194462724162e-02 9.998365541642248999e-01 -9.687897502476474493e-03 7.095899999999999604e-03 6.882663382578238509e-02 1.071673252394117482e-02 9.975710732174535300e-01 5.693216800000000077e+00
9.972132081122221381e-01 1.910639185309076851e-02 -7.211631824272539404e-02 -6.846670200000000150e+00 -1.985550550364861486e-02 9.997559504807175257e-01 -9.684956354659310374e-03 5.181999999999999974e-03 7.191367371873362557e-02 1.108987235062797172e-02 9.973492057767541219e-01 5.762558000000000291e+00
9.968634817647327173e-01 2.276477355540002315e-02 -7.579553950507790516e-02 -6.853042099999999692e+00 -2.342213352017104636e-02 9.996952736886646207e-01 -7.795089858955051021e-03 3.729399999999999903e-03 7.559498915442573741e-02 9.545933663988225015e-03 9.970929107988005802e-01 5.831541999999999781e+00
9.964966109788906401e-01 2.575101133695172073e-02 -7.957003030481837880e-02 -6.859464199999999678e+00 -2.598755484018579892e-02 9.996603869891359517e-01 -1.938473151556535570e-03 2.103999999999999967e-03 7.949308964314991122e-02 3.999512452181370678e-03 9.968273935838295463e-01 5.900304799999999794e+00
9.961685771648940424e-01 2.599684009165381671e-02 -8.350048008556316959e-02 -6.866040700000000108e+00 -2.575346041308650830e-02 9.996603592547183004e-01 3.990665543381973976e-03 3.776000000000000168e-04 8.357586461426609603e-02 -1.824949307934519652e-03 9.964997463190853333e-01 5.968946899999999722e+00
9.957409062827693447e-01 2.490486363914566278e-02 -8.876821121485267696e-02 -6.872396900000000031e+00 -2.434636875170669360e-02 9.996764239996445145e-01 7.368963827351995149e-03 -6.124999999999999802e-04 8.892301099139107712e-02 -5.176395116146231823e-03 9.960250514167936498e-01 6.036724600000000329e+00
9.951550456319609994e-01 2.399713293233306927e-02 -9.534449519651062854e-02 -6.879281500000000271e+00 -2.328636302887986120e-02 9.996921834741241408e-01 8.560583953517822073e-03 -1.516100000000000043e-03 9.552057605634882431e-02 -6.298881786948022470e-03 9.954075264122214106e-01 6.104362499999999692e+00
9.939262341368498843e-01 2.300344812921323312e-02 -1.076172963268752086e-01 -6.894669500000000006e+00 -2.184484623065065939e-02 9.996901597819848329e-01 1.193260777152525473e-02 -2.827699999999999832e-03 1.078584432842375901e-01 -9.509248615765249213e-03 9.941207826029312411e-01 6.237732900000000136e+00
9.931179849412211658e-01 2.766413812938092048e-02 -1.138040572556485580e-01 -6.903390400000000149e+00 -2.657767765671161658e-02 9.995856404275125229e-01 1.105325750606493684e-02 -3.413900000000000094e-03 1.140626802975641813e-01 -7.952541271693057412e-03 9.934417255434048188e-01 6.303421000000000163e+00
9.916132095590555195e-01 2.811491189934454613e-02 -1.261459248524535448e-01 -6.921110599999999557e+00 -2.775591694967563181e-02 9.996041324305435793e-01 4.602988383986101294e-03 -4.759900000000000068e-03 1.262254003846748629e-01 -1.063088271262782646e-03 9.920010172076720867e-01 6.433487900000000259e+00
9.909003852379113519e-01 2.950103350815620404e-02 -1.313244667124501275e-01 -6.930799000000000376e+00 -2.928236482630079338e-02 9.995647100409037478e-01 3.596324654892704871e-03 -5.913200000000000400e-03 1.313733977848567380e-01 2.818914589195805481e-04 9.913329162756915336e-01 6.498349199999999826e+00
9.893293569962572365e-01 3.178876296554872943e-02 -1.421861383345520147e-01 -6.950144299999999831e+00 -3.029529871604094010e-02 9.994608570891018173e-01 1.265661970764693500e-02 -6.563699999999999569e-03 1.425118179698724452e-01 -8.213993902986927581e-03 9.897590171567438588e-01 6.627589699999999695e+00
9.873599769327308096e-01 2.853978890668069923e-02 -1.559030352512720818e-01 -6.970334099999999644e+00 -2.712090663542413016e-02 9.995691794358975146e-01 1.122104919867600477e-02 -8.339299999999999144e-03 1.561561153931215196e-01 -6.850983214736790575e-03 9.877086269008291675e-01 6.753849999999999909e+00
9.860299690091712810e-01 2.689092616794834523e-02 -1.643830231672440412e-01 -6.981315600000000288e+00 -2.663154243065483234e-02 9.996381632376618587e-01 3.782002987558712778e-03 -8.141499999999999432e-03 1.644252449094632806e-01 6.486051677426656926e-04 9.863893339588579723e-01 6.816593600000000031e+00
9.825505139097461260e-01 2.359946135941012879e-02 -1.844926910184777891e-01 -7.005021600000000070e+00 -2.302654023845453896e-02 9.997210817784366599e-01 5.247579670589717915e-03 -1.030110000000000053e-02 1.845650726988739831e-01 -9.077837286825245905e-04 9.828198766144086163e-01 6.941458199999999579e+00
