9.999999197572831955e-01 -3.799672831296469275e-05 -3.988002955727744706e-04 1.515999999999999986e-04 3.800326863270184614e-05 9.999999991435200020e-01 1.639242214121150806e-05 9.999999999999999547e-07 3.987996723727995556e-04 -1.640757654060247110e-05 9.999999203448032281e-01 -2.775000000000000231e-04
9.991390656625367406e-01 4.650842567252057584e-04 -4.148386630519362156e-02 -5.165799999999999906e-03 -6.286781256404065264e-04 9.999920775595860789e-01 -3.930595613541505197e-03 -9.734999999999999730e-04 4.148170959359526871e-02 3.953291628124191819e-03 9.991314424311226183e-01 3.379410000000000053e-02
9.983129552713864152e-01 5.455745953267790351e-04 -5.805984572552433387e-02 -6.699799999999999679e-03 -7.670690840860601607e-04 9.999925134279709082e-01 -3.792715785519043797e-03 -1.074400000000000095e-03 5.805734184692742939e-02 3.830853217028810671e-03 9.983058998229443759e-01 4.467519999999999825e-02
7.119696874337487769e-01 1.915651880747595848e-02 -7.019488528109928405e-01 -1.829839000000000049e-01 -2.081999852723735028e-02 9.997642211824784297e-01 6.166822903094035940e-03 -6.102100000000000059e-03 7.019014829994419946e-01 1.022398310694567700e-02 7.122006587560929525e-01 3.208614000000000188e-01
6.703555638088344315e-01 1.540555607014030583e-02 -7.418801027879837751e-01 -2.015288000000000079e-01 -1.572523794522816612e-02 9.998548745437364493e-01 6.553376434702077799e-03 -5.891999999999999668e-03 7.418733955076874942e-01 7.273148788435129797e-03 6.705005341866594470e-01 3.334847000000000228e-01
6.266079900782548506e-01 1.509745146528604885e-02 -7.791883557454787335e-01 -2.218418000000000057e-01 -1.266348016365461022e-02 9.998775846626224428e-01 9.189774718947303980e-03 -6.337999999999999884e-03 7.792317133178258137e-01 4.108850020821997601e-03 6.267224699268982846e-01 3.452671999999999963e-01
2.602563567496484764e-01 2.575737306561342449e-02 -9.651959316657723331e-01 -3.983365999999999851e-01 3.747699947870724788e-03 9.996096362384601086e-01 2.768627610052270399e-02 -5.370899999999999633e-03 9.655322798935830342e-01 -1.082279409267575265e-02 2.600582311935677460e-01 4.015771000000000202e-01
2.099539342040274426e-01 2.640987590488737963e-02 -9.773545231731112226e-01 -4.314753000000000061e-01 6.146880860631928969e-03 9.995796995272071550e-01 2.833090448226929792e-02 -5.219599999999999587e-03 9.776919562765852278e-01 -1.195586666815580228e-02 2.097033521054854077e-01 4.056078000000000183e-01
1.624529547375687666e-01 2.742398475258692181e-02 -9.863351167617033788e-01 -4.666222999999999899e-01 4.328627155390058281e-03 9.995842689087275357e-01 2.850530366711235414e-02 -4.747099999999999757e-03 9.867067956003865437e-01 -8.900247777143587349e-03 1.622667097883062626e-01 4.082661000000000207e-01
1.748852695373467186e-02 2.102304065779955072e-02 -9.996260216633463536e-01 -6.234011000000000413e-01 2.546816605139938516e-03 9.997747437631805401e-01 2.107072515236424817e-02 -1.704299999999999956e-03 9.998438203790471768e-01 -2.914360095664043915e-03 1.743104572492770732e-02 4.089551000000000158e-01
-8.750759791687484981e-03 1.914664657657895452e-02 -9.997783905085865230e-01 -6.664020000000000499e-01 2.334823767584134901e-03 9.998143379312797174e-01 1.912689899097814658e-02 -1.177199999999999991e-03 9.999589855594289700e-01 -2.166931449846542374e-03 -8.793839153018234711e-03 4.070523999999999809e-01
-2.946948445848967743e-02 1.687499634544400995e-02 -9.994232256577252338e-01 -7.105004000000000319e-01 1.777889238251476219e-03 9.998567866474700194e-01 1.682989319194421948e-02 -4.669000000000000190e-04 9.995640992930906465e-01 -1.280895521497405799e-03 -2.949526590922113556e-02 4.042843999999999882e-01
-4.575275567221848833e-02 1.595688587468303485e-02 -9.988253416596821754e-01 -7.562244000000000188e-01 2.299565091640459920e-03 9.998714468532790001e-01 1.586826291438052372e-02 5.155000000000000077e-04 9.989501475793414187e-01 -1.570847132262286408e-03 -4.578356790923432396e-02 4.013506000000000018e-01
-6.831387773319283485e-02 1.792277463383882760e-02 -9.975028763158928502e-01 -8.516791000000000222e-01 1.369813387847772235e-03 9.998393635789286638e-01 1.787094427738367478e-02 6.028000000000000155e-04 9.976629379306105605e-01 -1.455592920522816303e-04 -6.832745489300506847e-02 3.939370999999999845e-01
-7.480393116616744498e-02 1.941972261183955509e-02 -9.970091505376298402e-01 -9.017382000000000453e-01 -3.691618239934531254e-04 9.998097503408994724e-01 1.950197022907880495e-02 7.242000000000000390e-04 9.971981927388530176e-01 1.826881755171294239e-03 -7.478253072354290598e-02 3.890525000000000233e-01
-8.054294624217457621e-02 2.090759609620393422e-02 -9.965318390478590249e-01 -1.006386000000000003e+00 2.096692532947289425e-03 9.997813267632601475e-01 2.080631000243416545e-02 2.312699999999999999e-03 9.967489341308835016e-01 -4.136193577518008924e-04 -8.056917045604006233e-02 3.802666000000000102e-01
-7.778712881474035556e-02 2.542125861599665165e-02 -9.966458358921376215e-01 -1.116283700000000101e+00 3.179014694691508283e-03 9.996761023097970877e-01 2.525043239754480931e-02 3.664900000000000015e-03 9.969649223800854942e-01 -1.204193120168495917e-03 -7.784274829808757179e-02 3.714004000000000194e-01
-7.599223114147633795e-02 2.562421386552920372e-02 -9.967791031466871621e-01 -1.173399000000000081e+00 9.812595058616407212e-04 9.996711761850824995e-01 2.562375137476552434e-02 4.043899999999999578e-03 9.971079269246246879e-01 9.691070669759771494e-04 -7.599238708956412847e-02 3.664804999999999868e-01
-7.443315403258030094e-02 2.301571436129726603e-02 -9.969603715660922960e-01 -1.231481999999999966e+00 -9.921452698419021277e-04 9.997314234512753028e-01 2.315376020974593135e-02 4.832600000000000263e-03 9.972255117216591858e-01 2.712536916994578995e-03 -7.439032810082391034e-02 3.619600000000000040e-01
-7.308455982007446006e-02 2.286408709343797432e-02 -9.970636291818540942e-01 -1.290759699999999954e+00 -1.275951127189416112e-03 9.997342168245468841e-01 2.301885442264280796e-02 5.985400000000000095e-03 9.973249315366717882e-01 2.954527304575379001e-03 -7.303596171598991660e-02 3.575856000000000035e-01
-6.921855503108924335e-02 2.903559565796714689e-02 -9.971788835631225645e-01 -1.414777900000000033e+00 -1.859810414382736393e-03 9.995708550923185776e-01 2.923434205234956215e-02 8.295500000000000790e-03 9.975997858583527389e-01 3.878122586801483612e-03 -6.913484953748805228e-02 3.482239999999999780e-01
-6.546155785748165867e-02 3.060237524951391758e-02 -9.973857223120649040e-01 -1.543228999999999962e+00 -4.161811339752741201e-03 9.995125547820663536e-01 3.094078472500405921e-02 1.008970000000000006e-02 9.978464129159575480e-01 6.176363178657568592e-03 -6.530228762180878554e-02 3.389040999999999859e-01
-6.377245342350076895e-02 2.768931456839762023e-02 -9.975802604517991501e-01 -1.608686099999999897e+00 -6.555407000686247140e-03 9.995818221448454777e-01 2.816393929559073139e-02 1.140019999999999922e-02 9.979429346527799449e-01 8.335628130062500141e-03 -6.356427046914436829e-02 3.343724000000000141e-01
-6.214601747200633464e-02 2.702370177771126758e-02 -9.977011536800982627e-01 -1.675872299999999981e+00 -7.600546292462323147e-03 9.995915769868571887e-01 2.754833775355728168e-02 1.276659999999999948e-02 9.980381276326198980e-01 9.295093283945943946e-03 -6.191524071194043355e-02 3.297727999999999771e-01
-5.948835540903629759e-02 3.123393007096220489e-02 -9.977402353233283394e-01 -1.812689900000000076e+00 -2.362757409998795383e-03 9.995031630402588796e-01 3.142999284026479906e-02 1.534390000000000059e-02 9.982262032967025300e-01 4.227136718849271169e-03 -5.938500119567635682e-02 3.216550000000000242e-01
-5.754206828769577176e-02 2.841625221413456026e-02 -9.979385887855410919e-01 -1.951812700000000067e+00 -1.232825607765435094e-03 9.995920502874823255e-01 2.853442032157081643e-02 1.732670000000000043e-02 9.983423213097776250e-01 2.872213809925751662e-03 -5.748356173407387359e-02 3.132071000000000160e-01
-5.707740822793845592e-02 2.166563168842126560e-02 -9.981346451624263372e-01 -2.021537499999999987e+00 2.858030270324989075e-04 9.997648189804684282e-01 2.168467305681300028e-02 1.794319999999999943e-02 9.983697149786799896e-01 9.524350333796685608e-04 -5.707017680799830739e-02 3.091260000000000119e-01
-5.700075683481403699e-02 1.696654671326349242e-02 -9.982299584829567030e-01 -2.092588199999999787e+00 3.373890265356747041e-03 9.998531527810239350e-01 1.680148024203627008e-02 1.890369999999999898e-02 9.983684342890334351e-01 -2.410221249771878245e-03 -5.704962969898597080e-02 3.050761000000000167e-01
-5.744079016266899484e-02 2.519593946013658561e-02 -9.980309214950250363e-01 -2.236753000000000213e+00 4.172151039501661302e-03 9.996788095681303776e-01 2.499741698954705341e-02 2.014749999999999874e-02 9.983401969174593438e-01 -2.728064362664955889e-03 -5.752746199547953410e-02 2.963167999999999913e-01
-5.773681736052067859e-02 3.238746477354532971e-02 -9.978063499730898123e-01 -2.310180700000000087e+00 2.688647575907587850e-03 9.994750531796489090e-01 3.228605342482042395e-02 2.115420000000000147e-02 9.983282181203185779e-01 -8.186556541994738367e-04 -5.779358708048332183e-02 2.916486999999999830e-01
-5.784875882236058947e-02 3.755006993561363360e-02 -9.976189219088336113e-01 -2.383365899999999815e+00 6.350650283142751651e-04 9.992935605058125281e-01 3.757627741043173542e-02 2.235780000000000059e-02 9.983251563469301981e-01 1.540188120469281746e-03 -5.783173891066561989e-02 2.866811000000000220e-01
-5.842966884449608128e-02 3.454439590466960863e-02 -9.976936696753687661e-01 -2.527512100000000039e+00 -1.401802482979788711e-03 9.993972946268989688e-01 3.468547883818209193e-02 2.462690000000000018e-02 9.982905432530756462e-01 3.425230505631905731e-03 -5.834602854918280457e-02 2.771418999999999966e-01
-5.859908775138244347e-02 3.293295867377345892e-02 -9.977382257624978212e-01 -2.672039999999999971e+00 -2.999668443120532060e-03 9.994453725302455682e-01 3.316548382143778839e-02 2.762409999999999866e-02 9.982770902429529691e-01 4.936350967084328356e-03 -5.846779913074062751e-02 2.672514999999999752e-01
-5.823898052498627936e-02 3.367262183158298283e-02 -9.977346218741720563e-01 -2.815889400000000098e+00 -5.088627977358633342e-03 9.994079890750816597e-01 3.402612581839599415e-02 2.947450000000000070e-02 9.982897009449300807e-01 7.058747189726549340e-03 -5.803315496673622231e-02 2.582344999999999779e-01
-5.768524755523925934e-02 2.444182950827910455e-02 -9.980355751098148875e-01 -2.957571699999999915e+00 -7.198801760527888394e-03 9.996640821439167768e-01 2.489779356836546373e-02 3.147599999999999704e-02 9.983088647646596314e-01 8.620895640740405125e-03 -5.748991816525816922e-02 2.494494999999999907e-01
-5.622423732111039851e-02 2.753952657851444982e-02 -9.980382806353126357e-01 -3.100107700000000133e+00 -5.900169462955930783e-03 9.995928928627527688e-01 2.791480858937925996e-02 3.285430000000000295e-02 9.984007327411014154e-01 7.458083809168139511e-03 -5.603886015906789364e-02 2.406446999999999892e-01
-5.469389112353791743e-02 3.822409501583685920e-02 -9.977712647866675555e-01 -3.243449200000000143e+00 -5.252004167708490545e-03 9.992421626989735906e-01 3.856833852916456695e-02 3.474739999999999773e-02 9.984893563408617778e-01 7.349751349409242712e-03 -5.445168894637619772e-02 2.318466000000000138e-01
-5.468336080920381537e-02 4.093630225859577754e-02 -9.976642467323380004e-01 -3.385290400000000144e+00 -4.575896327368638578e-03 9.991384770448032970e-01 4.124760431094665059e-02 3.815410000000000329e-02 9.984932604797147615e-01 6.820765791620272273e-03 -5.444892956343816426e-02 2.239820999999999895e-01
-5.390706437763925774e-02 3.225592221718684427e-02 -9.980248413201466828e-01 -3.526165499999999842e+00 -5.726471815714277713e-03 9.994517034927694610e-01 3.261134627618321458e-02 4.095710000000000323e-02 9.985295368344038192e-01 7.473143068354231797e-03 -5.369279469305932029e-02 2.153104999999999880e-01
-5.411487254706723316e-02 2.804871526638382656e-02 -9.981406965659302966e-01 -3.667447300000000077e+00 -1.328471802296865394e-02 9.994967081158558919e-01 2.880706046471376292e-02 4.266369999999999885e-02 9.984463414907509549e-01 1.481890810663153389e-02 -5.371501769768238788e-02 2.060422000000000087e-01
-5.593125533832361829e-02 2.255255793111578949e-02 -9.981798819887343077e-01 -3.807601200000000130e+00 -7.559888678020564891e-03 9.997066358196240454e-01 2.301065799549129043e-02 4.356000000000000150e-02 9.984060009632632626e-01 8.833143776323189658e-03 -5.574435228408003429e-02 1.983506999999999909e-01
-5.822202610730368988e-02 2.419400284381275495e-02 -9.980104437842092224e-01 -3.947601999999999833e+00 -2.657341280903904868e-03 9.996989888618257325e-01 2.438996117176472911e-02 4.493389999999999884e-02 9.983001223145659964e-01 4.072087307139610896e-03 -5.814020890645110740e-02 1.899466999999999961e-01
-6.175326541539961217e-02 3.400136142036237763e-02 -9.975121260576721438e-01 -4.086632299999999773e+00 1.670630209700211394e-03 9.994216936741218138e-01 3.396302707728204862e-02 4.621249999999999664e-02 9.980900476436170843e-01 4.308539330795634059e-04 -6.177435681292609004e-02 1.816273999999999944e-01
-6.421350546869965259e-02 2.951467769650214373e-02 -9.974996288299525782e-01 -4.223811099999999819e+00 -1.591559922309786906e-03 9.995582427120082158e-01 2.967804514276031758e-02 4.750909999999999855e-02 9.979349140361987169e-01 3.493311745839592156e-03 -6.413816430652974354e-02 1.718532000000000115e-01
-6.645057872680903976e-02 2.463008440059802351e-02 -9.974856788592464385e-01 -4.358678300000000227e+00 -1.053517725834919594e-02 9.996222428313105146e-01 2.538467405809249205e-02 4.905330000000000107e-02 9.977340981579246870e-01 1.219551472139860336e-02 -6.616599423928304358e-02 1.611634999999999873e-01
-6.805551771428247632e-02 2.741762790277054579e-02 -9.973047278484271638e-01 -4.492410699999999757e+00 -1.157576308624406330e-02 9.995333288827389362e-01 2.826881959972168956e-02 4.992610000000000103e-02 9.976143785138681386e-01 1.346841240739523465e-02 -6.770637820480573943e-02 1.514508999999999994e-01
-6.914206350353754860e-02 2.678487862607762532e-02 -9.972471836668476142e-01 -4.623804599999999709e+00 -1.459202537684498209e-02 9.995054011883757195e-01 2.785723946598923223e-02 5.110019999999999840e-02 9.975000991728645294e-01 1.647796323124450790e-02 -6.871702029246806731e-02 1.414346999999999965e-01
-7.005074670079380894e-02 3.123157717709550141e-02 -9.970544024644252268e-01 -4.753772699999999851e+00 -1.172792280616796745e-02 9.994149045516177443e-01 3.212949403170377305e-02 5.292419999999999763e-02 9.974744852442660736e-01 1.394407211369226227e-02 -6.964347880149557302e-02 1.323914999999999953e-01
-6.986070741237224158e-02 3.571503894326737150e-02 -9.969172069701293104e-01 -4.818794300000000419e+00 -1.181007584978486374e-02 9.992592344286462813e-01 3.662655481338526753e-02 5.339880000000000321e-02 9.974868438572335183e-01 1.433242485961402912e-02 -6.938715968663278222e-02 1.271226000000000023e-01
-7.093110050964752944e-02 3.778863365864940094e-02 -9.967651670010858611e-01 -4.945286799999999872e+00 -1.149123688974368167e-02 9.991848720853732102e-01 3.869809905512397452e-02 5.526720000000000244e-02 9.974150241776157388e-01 1.419896341106569732e-02 -7.043904444849558022e-02 1.174845000000000056e-01
-7.151601219645932483e-02 3.177207496604614323e-02 -9.969332952870355591e-01 -5.068312599999999613e+00 -1.052146820962833636e-02 9.994129057066803989e-01 3.260586777934029040e-02 5.804560000000000275e-02 9.973839575139704650e-01 1.282104361126600901e-02 -7.113973667710860038e-02 1.082377000000000061e-01
-6.996994447629652225e-02 2.682062785873008670e-02 -9.971884780678361704e-01 -5.187153799999999926e+00 -1.162791415034353237e-02 9.995486487806081177e-01 2.770000601755530020e-02 5.913220000000000282e-02 9.974813273853782025e-01 1.353338989772594550e-02 -6.962649549833677121e-02 9.916700000000000514e-02
-6.343675566897988283e-02 2.724590026527533987e-02 -9.976138726726532235e-01 -5.300865700000000125e+00 -1.437878297283608740e-02 9.994985496262551727e-01 2.821169784384544577e-02 5.957729999999999970e-02 9.978822719291159382e-01 1.613413194897772573e-02 -6.301318239732656146e-02 9.072840000000000071e-02
-5.042938045769376765e-02 3.020892451344635299e-02 -9.982706539142546243e-01 -5.409176800000000007e+00 -1.270380405038884671e-02 9.994421745531275603e-01 3.088613098406826213e-02 6.049039999999999973e-02 9.986468299400453885e-01 1.423940322684198560e-02 -5.001748140841266732e-02 8.521170000000000133e-02
-2.983548521008302576e-02 3.335258325364660187e-02 -9.989982227274418758e-01 -5.512516999999999889e+00 -1.582832746609944691e-02 9.993020697384256135e-01 3.383544688820681878e-02 6.121189999999999964e-02 9.994294911958045979e-01 1.682196798259094628e-02 -2.928674651250706695e-02 8.132979999999999376e-02
-1.513266655213580877e-02 3.495093596809679959e-02 -9.992744540305111833e-01 -5.561795700000000231e+00 -1.894544592029189650e-02 9.991994543783093707e-01 3.523521603410446901e-02 6.178899999999999670e-02 9.997059930208997969e-01 1.946490290350082544e-02 -1.445839109493585184e-02 8.082649999999999557e-02
2.545317949979335193e-02 3.708625057076919002e-02 -9.989878606229173341e-01 -5.656132699999999680e+00 -2.154094860313692655e-02 9.990999455319127254e-01 3.654157045620606836e-02 6.293479999999999908e-02 9.994439069735870929e-01 2.058904700880981667e-02 2.622914326928549311e-02 8.299360000000000070e-02
1.522840966119448358e-01 3.695008581634504075e-02 -9.876458095275088001e-01 -5.820858499999999935e+00 -1.791413369747156537e-02 9.992399224729541229e-01 3.462168612465130191e-02 6.522849999999999482e-02 9.881743964164183547e-01 1.242048688294851086e-02 1.528302776698307053e-01 1.043193000000000037e-01
1.927384475642309747e-01 3.653402335025824482e-02 -9.805698118789774043e-01 -5.857743700000000331e+00 -1.769917144357568278e-02 9.992735077560132018e-01 3.375197812282789561e-02 6.563839999999999952e-02 9.810905310728166295e-01 1.084996934722503442e-02 1.932450465197572687e-01 1.137721000000000010e-01
3.854468452870998263e-01 2.558512442730404707e-02 -9.223752657493922147e-01 -5.993469700000000344e+00 -1.068098435924645304e-03 9.996272167027780986e-01 2.728162005431957263e-02 6.612239999999999784e-02 9.227294233002183432e-01 -9.530426805576249633e-03 3.853304845725936678e-01 1.696579000000000004e-01
5.779636249138765391e-01 1.429086252769072411e-02 -8.159373870124021488e-01 -6.110678199999999727e+00 1.290219313131827326e-02 9.995616617654570213e-01 2.664615809230641563e-02 6.818470000000000086e-02 8.159605270408697431e-01 -2.592789187135483703e-02 5.775258978905563056e-01 2.543182999999999971e-01
6.207591723427144936e-01 7.951051187257380387e-03 -7.839609880200708592e-01 -6.135908599999999602e+00 2.285890380198429481e-02 9.993398903850019277e-01 2.823568667951894401e-02 6.801060000000000438e-02 7.836679912241917290e-01 -3.544805030336575097e-02 6.201676509302386231e-01 2.796688999999999981e-01
7.023185558886981816e-01 -1.791995896064279420e-03 -7.118605444924743786e-01 -6.184012899999999924e+00 2.131099931402034159e-02 9.996015496914730791e-01 1.850900220550218481e-02 6.858229999999999882e-02 7.115437353829006106e-01 -2.816967527526629059e-02 7.020769060667320094e-01 3.323289999999999855e-01
7.794646516049567042e-01 -1.096039530873640054e-02 -6.263503226095119558e-01 -6.227908099999999614e+00 1.338122897955897235e-02 9.999101103716236949e-01 -8.449186967324114061e-04 6.948239999999999972e-02 6.263032808546991070e-01 -7.722752830675468777e-03 7.795412493764241058e-01 3.915196000000000232e-01
8.479950022863825820e-01 -1.330353458738279052e-02 -5.298372316710107111e-01 -6.268055000000000376e+00 1.229371739379277531e-02 9.999096825918329934e-01 -5.430577477704612646e-03 6.941970000000000085e-02 5.298616240207998374e-01 -1.908566630250415870e-03 8.480819634701933785e-01 4.613647000000000165e-01
9.023191782572231867e-01 -1.032789426419124419e-02 -4.309448168260956447e-01 -6.304112899999999797e+00 8.473007369888723231e-03 9.999447368385729895e-01 -6.223456832572179208e-03 6.848300000000000221e-02 4.309852766572418448e-01 1.964145846102975483e-03 9.023568215710323637e-01 5.403481999999999452e-01
9.224882982028629330e-01 -3.650633083478314021e-03 -3.860077882075382827e-01 -6.320656800000000075e+00 1.881334078716223992e-03 9.999859232955129462e-01 -4.961228971213351747e-03 6.768599999999999617e-02 3.860204661165909656e-01 3.850466064044628413e-03 9.224821806681251513e-01 5.831908000000000092e-01
9.389731319449169389e-01 8.374657254731068465e-04 -3.439894709678080198e-01 -6.336168800000000267e+00 -3.289662723389287328e-03 9.999731692249956838e-01 -6.545147002523611819e-03 6.732879999999999421e-02 3.439747601274258382e-01 7.277326519880679932e-03 9.389506935478577621e-01 6.277220999999999496e-01
9.516350355141803830e-01 6.054751178380144566e-03 -3.071711235941499973e-01 -6.350508200000000159e+00 -7.930552443733576359e-03 9.999567479611251031e-01 -4.858862515881022179e-03 6.662600000000000466e-02 3.071284186132273719e-01 7.059900507722930568e-03 9.516418928803834776e-01 6.745096999999999898e-01
9.608656264239864297e-01 6.258615679466671654e-03 -2.769441779251132774e-01 -6.363178300000000398e+00 -7.358545162144697165e-03 9.999686254775513872e-01 -2.932554114296743487e-03 6.580750000000000488e-02 2.769171352046253531e-01 4.855696686710962023e-03 9.608815340299499130e-01 7.233734000000000552e-01
9.771020528955004503e-01 8.479788794718362555e-03 -2.126021434731919790e-01 -6.398838999999999722e+00 -7.979960066418712028e-03 9.999630106017426412e-01 3.208997606356147475e-03 6.418530000000000069e-02 2.126214910697813154e-01 -1.438961533956245424e-03 9.771335788544812662e-01 8.803528999999999938e-01
9.802733957867401093e-01 1.315575881777415919e-02 -1.972080006558091791e-01 -6.410437100000000221e+00 -1.246689768370765582e-02 9.999110779830060469e-01 4.734193596235041629e-03 6.385269999999999835e-02 1.972527464317722634e-01 -2.182232066308638797e-03 9.803502393983140051e-01 9.355474999999999763e-01
9.828332331036035985e-01 1.703320270999345715e-02 -1.837082086150696458e-01 -6.421642799999999873e+00 -1.621868356693925012e-02 9.998508509183142712e-01 5.935505140963305906e-03 6.339970000000000327e-02 1.837819093667087955e-01 -2.854106403618949378e-03 9.829629005543208953e-01 9.921972999999999487e-01
9.874896938716316575e-01 1.551257172440004620e-02 -1.569186560476684145e-01 -6.440823100000000245e+00 -1.484277097715264518e-02 9.998750445016724164e-01 5.439442296621429737e-03 6.252800000000000025e-02 1.569834279375721953e-01 -3.042285534564970455e-03 9.875965511542125208e-01 1.110529300000000053e+00
9.915858430498919462e-01 1.779706507668529433e-02 -1.282216063605945422e-01 -6.457839500000000399e+00 -1.706123461498068247e-02 9.998310850311469267e-01 6.834886893866787966e-03 6.164329999999999810e-02 1.283215887387917920e-01 -4.589758173977753417e-03 9.917219892608294396e-01 1.234320300000000037e+00
9.943573958899550869e-01 1.911601689733210055e-02 -1.043453263779848400e-01 -6.472162700000000157e+00 -1.936196062189568176e-02 9.998116356554893613e-01 -1.344503168874694541e-03 6.028630000000000100e-02 1.042999698936841885e-01 3.357246770177429573e-03 9.945402179772825368e-01 1.362605099999999902e+00
9.953364521797680720e-01 1.725937692077419289e-02 -9.490764389920836042e-02 -6.477973900000000285e+00 -1.807822235749277640e-02 9.998063471541359659e-01 -7.774706855981008448e-03 5.991110000000000185e-02 9.475507816779712988e-02 9.454210628605488193e-03 9.954557212969367130e-01 1.428330300000000053e+00
9.966225937314653338e-01 1.867181381735193851e-02 -7.996729977144916013e-02 -6.489545800000000142e+00 -1.888600004985883235e-02 9.998197945837410394e-01 -1.922852215489157619e-03 5.814430000000000293e-02 7.991698609234083872e-02 3.426620389833763373e-03 9.967956328187942416e-01 1.563705300000000076e+00
9.972389025532586437e-01 2.355941053204888003e-02 -7.042389800170606451e-02 -6.501212599999999675e+00 -2.289997706382827791e-02 9.996861678057729073e-01 1.015662090875285237e-02 5.587029999999999774e-02 7.064108071687785761e-02 -8.515871839709726610e-03 9.974654468411230379e-01 1.700903499999999902e+00
9.974907409242363965e-01 2.204118582924354322e-02 -6.727858424237771751e-02 -6.505727799999999839e+00 -2.148311213958352048e-02 9.997286352943161036e-01 9.007311772246463441e-03 5.538699999999999873e-02 6.745885904175998038e-02 -7.539356723562303485e-03 9.976935704097621427e-01 1.768261199999999977e+00
9.979214223584922383e-01 2.046440255862893784e-02 -6.110681652583487000e-02 -6.514965100000000398e+00 -1.986573990902494244e-02 9.997486834752985496e-01 1.038856425471592487e-02 5.411130000000000106e-02 6.130405513398472228e-02 -9.153038693557963290e-03 9.980771687133233039e-01 1.903439199999999998e+00
9.982959379434472869e-01 1.654636541195509888e-02 -5.595925372328416914e-02 -6.522418499999999675e+00 -1.575586047850475666e-02 9.997701692952744024e-01 1.453827527185747558e-02 5.285959999999999964e-02 5.618694818367277188e-02 -1.363181495445367312e-02 9.983272011093621279e-01 2.038810499999999859e+00
9.984953324396956820e-01 1.841403123768367567e-02 -5.165263352162376143e-02 -6.530352099999999993e+00 -1.825812531295129687e-02 9.998272202451177204e-01 3.488626803968664959e-03 5.172650000000000164e-02 5.170794867520976668e-02 -2.540297324804969767e-03 9.986590183507599860e-01 2.172463700000000220e+00
9.986115064310635558e-01 2.006835721040245435e-02 -4.870647043625217498e-02 -6.537817000000000434e+00 -2.048079604730747294e-02 9.997583707783704865e-01 -7.983548825359938414e-03 4.938780000000000253e-02 4.853448482007832743e-02 8.970011006347729590e-03 9.987812286410850948e-01 2.304943600000000092e+00
9.987080014674336592e-01 2.467498290111748080e-02 -4.442378893964580439e-02 -6.544860800000000367e+00 -2.479978311224619383e-02 9.996898828157460004e-01 -2.260299410636798772e-03 4.633260000000000156e-02 4.435423950999706905e-02 3.359079437842512738e-03 9.990102191783726271e-01 2.437522899999999826e+00
9.987169514660499958e-01 2.800117236223557612e-02 -4.219461103861226609e-02 -6.548574000000000339e+00 -2.790325020048792584e-02 9.996063986102941001e-01 2.908003715032940126e-03 4.487599999999999922e-02 4.225943069432403637e-02 -1.726905816206978674e-03 9.991051788043606718e-01 2.504378599999999899e+00
9.990092437024142846e-01 2.244012163341204888e-02 -3.843139261343411772e-02 -6.554049499999999639e+00 -2.228390532946950345e-02 9.997416074841289912e-01 4.488410444354086481e-03 4.292200000000000182e-02 3.852218270552028312e-02 -3.627562008762753518e-03 9.992511607366163506e-01 2.637098099999999778e+00
9.990908262493056746e-01 2.058003053973627219e-02 -3.733608505806702144e-02 -6.556587699999999685e+00 -2.042055405646181140e-02 9.997806756662870331e-01 4.647745290954602426e-03 4.169849999999999945e-02 3.742354708611696917e-02 -3.881096139751240206e-03 9.992919569456402140e-01 2.702873700000000046e+00
9.991209093099302496e-01 2.059452558783696208e-02 -3.651402601069964754e-02 -6.559057199999999810e+00 -2.049240264708993009e-02 9.997849866183211587e-01 3.168906176126109770e-03 4.056409999999999877e-02 3.657143712581805567e-02 -2.417860296931400883e-03 9.993281162551851393e-01 2.768767099999999814e+00
9.992448594564842246e-01 1.710072252180444216e-02 -3.488948464829231405e-02 -6.564307200000000009e+00 -1.705282203273913652e-02 9.998531953154815577e-01 1.670053334868801427e-03 3.906330000000000219e-02 3.491292182718171849e-02 -1.073828037364494940e-03 9.993897812079305387e-01 2.902817499999999828e+00
9.992177301394192801e-01 1.989355227421628694e-02 -3.417856569459165605e-02 -6.567254100000000427e+00 -1.981665359224732068e-02 9.998002833148526003e-01 2.587223211351041309e-03 3.825379999999999753e-02 3.422320872494812039e-02 -1.907894507960615667e-03 9.994123933207528232e-01 2.970322400000000140e+00
9.992177726457686093e-01 1.964346938128949324e-02 -3.432166865837565917e-02 -6.569952500000000306e+00 -1.959724558791809887e-02 9.998065395301367619e-01 1.682699658237889065e-03 3.735829999999999707e-02 3.434808283144502594e-02 -1.008773234850920313e-03 9.994094213996408405e-01 3.037401000000000018e+00
9.991650037123996908e-01 1.937372002583169495e-02 -3.597157667883237042e-02 -6.572886900000000310e+00 -1.933019274828316758e-02 9.998119412904148406e-01 1.557466341946235622e-03 3.647159999999999985e-02 3.599498582739893426e-02 -8.608283526711705928e-04 9.993515997734894185e-01 3.105363399999999885e+00
9.991340747783257203e-01 1.687795876685605281e-02 -3.802939816409684620e-02 -6.575856700000000110e+00 -1.680953222313081794e-02 9.998564657975901326e-01 2.118355303554130768e-03 3.548280000000000184e-02 3.805969315823017757e-02 -1.477264572402657659e-03 9.992743754575539317e-01 3.173821400000000015e+00
9.987938941983378616e-01 2.202639861554180067e-02 -4.388159837732406171e-02 -6.583651099999999978e+00 -2.197551849271572877e-02 9.997571613817484160e-01 1.641600708123608365e-03 3.354010000000000324e-02 4.390710078217213014e-02 -6.752998873547185399e-04 9.990353899992563402e-01 3.312498300000000118e+00
9.985307599559858360e-01 2.380658677613226026e-02 -4.867820711357250668e-02 -6.592657599999999896e+00 -2.415986873222124298e-02 9.996857767001940953e-01 -6.681961251869888811e-03 3.161629999999999996e-02 4.850383659632725303e-02 7.848202940809879957e-03 9.987921623371083246e-01 3.451731000000000105e+00
9.983202624157504479e-01 2.334928970873602350e-02 -5.302324320752921372e-02 -6.601601099999999889e+00 -2.374698921096644183e-02 9.996943070432094958e-01 -6.882802395199122056e-03 2.913560000000000108e-02 5.284632582840100012e-02 8.130383477710587808e-03 9.985695582737057485e-01 3.593838700000000053e+00
9.981542834281726950e-01 2.134993964750046824e-02 -5.685249819523564146e-02 -6.610563800000000434e+00 -2.163168096677885871e-02 9.997565669224508511e-01 -4.344798497809943851e-03 2.633049999999999974e-02 5.674589723092481747e-02 5.566594334344992893e-03 9.983731347422035718e-01 3.738280500000000117e+00
9.980488950462649278e-01 1.974387024620308587e-02 -5.923329034108150426e-02 -6.620416600000000429e+00 -1.953209550777549805e-02 9.998006084543102912e-01 4.152177677571416460e-03 2.361790000000000070e-02 5.930345978106925375e-02 -2.987126058954119034e-03 9.982355316937496781e-01 3.884798299999999927e+00
9.981373046857293652e-01 2.260176735292967684e-02 -5.666640192593353637e-02 -6.630914200000000314e+00 -2.227953630518477932e-02 9.997318553810357056e-01 6.311861723590945182e-03 2.198280000000000026e-02 5.679386636542150396e-02 -5.037603489341059733e-03 9.983732164347913773e-01 4.031894199999999984e+00
9.983713205532191992e-01 2.081999861112242278e-02 -5.311528927393785460e-02 -6.640562100000000356e+00 -2.070825881471065333e-02 9.997820403449377835e-01 2.653266020625461019e-03 2.048989999999999839e-02 5.315895327867353748e-02 -1.549019543487896618e-03 9.985848618043284830e-01 4.179827699999999702e+00
9.986330589246128486e-01 1.579372139237499723e-02 -4.982541507554733018e-02 -6.648373099999999702e+00 -1.576628571538737228e-02 9.998752591112164412e-01 9.436376520557650596e-04 1.855860000000000148e-02 4.983410335915872125e-02 -1.567860250200397640e-04 9.987574968732554348e-01 4.328313800000000100e+00
9.987675795209828289e-01 1.069585430858029963e-02 -4.846566618140044774e-02 -6.656688700000000125e+00 -1.042035176523586383e-02 9.999281017566162832e-01 5.933598107283683670e-03 1.638550000000000076e-02 4.852564648601875169e-02 -5.421256129315321637e-03 9.988072244507917308e-01 4.477880500000000374e+00
9.988615817805924779e-01 1.152205478740299036e-02 -4.629020086637054832e-02 -6.666055700000000250e+00 -1.139779996081767902e-02 9.999306993438561442e-01 2.947315008608933709e-03 1.422580000000000025e-02 4.632095205008240901e-02 -2.416353281883839611e-03 9.989236860931826056e-01 4.623433099999999740e+00
9.988774111289518975e-01 1.561639344537720138e-02 -4.472187151810804590e-02 -6.674596300000000149e+00 -1.599165266534939220e-02 9.998397556861189361e-01 -8.045495295689202020e-03 1.103930000000000015e-02 4.458906347249073227e-02 8.751640148070154862e-03 9.989670786434180494e-01 4.767128900000000336e+00
9.988733866243743043e-01 2.051161274257345263e-02 -4.279288768302583201e-02 -6.683450699999999856e+00 -2.115386711206412862e-02 9.996694770968590493e-01 -1.460994411685350922e-02 6.982099999999999765e-03 4.247907013763951856e-02 1.549871941778253187e-02 9.989771360229674491e-01 4.910575399999999924e+00
9.989414073194543553e-01 1.656483819800505519e-02 -4.291469303282839654e-02 -6.690782500000000077e+00 -1.656719052096235212e-02 9.998627094158886175e-01 3.008616965663965547e-04 3.266799999999999825e-03 4.291378497487856325e-02 4.104326890469289064e-04 9.990786949005256989e-01 5.054617900000000219e+00
9.988950833850668287e-01 1.536705329879731359e-02 -4.441245390712165314e-02 -6.694044599999999789e+00 -1.501511308279263913e-02 9.998532547824700023e-01 8.247137686014939170e-03 1.520599999999999990e-03 4.453267079629551900e-02 -7.571167268860272762e-03 9.989792383517965835e-01 5.125761999999999929e+00
9.988148781976933233e-01 1.329694189489845357e-02 -4.681912458782822029e-02 -6.697427300000000194e+00 -1.303355010476196091e-02 9.998974961280673313e-01 5.926534272922911496e-03 4.951000000000000539e-04 4.689313022814264875e-02 -5.309291201767401235e-03 9.988858021637614382e-01 5.195930999999999855e+00
9.986350737534051003e-01 7.069335501090352747e-03 -5.174953106168450612e-02 -6.704676199999999753e+00 -7.028250826505492294e-03 9.999748253872161596e-01 9.758494383559966710e-04 -1.887100000000000062e-03 5.175512689435657343e-02 -6.108087913893039261e-04 9.986596185651893665e-01 5.335530300000000281e+00
9.984835373658779156e-01 9.344810826887683594e-03 -5.425219000126268315e-02 -6.709357699999999980e+00 -9.432459975510671182e-03 9.999545888553121875e-01 -1.359752188383500735e-03 -3.362899999999999830e-03 5.423701972024102397e-02 1.869421785768861886e-03 9.985263396395975821e-01 5.404245399999999755e+00
9.982684964112311654e-01 1.117437366721358259e-02 -5.775069216905816261e-02 -6.714174700000000051e+00 -1.145256023896020110e-02 9.999243441984957403e-01 -4.488289560748219033e-03 -5.000499999999999737e-03 5.769616916947623020e-02 5.141911352174135218e-03 9.983209467955751482e-01 5.472751099999999980e+00
9.977814393214097244e-01 1.407286128866473002e-02 -6.507037667668737202e-02 -6.724068199999999607e+00 -1.488170631992358564e-02 9.998177019021602385e-01 -1.196234843543031098e-02 -8.309900000000000272e-03 6.489017000057499540e-02 1.290416747539713596e-02 9.978089738517404994e-01 5.608022199999999735e+00
9.974974587747057475e-01 1.848785715495851120e-02 -6.824235397333490438e-02 -6.730082000000000342e+00 -1.936046727082328320e-02 9.997387684192432511e-01 -1.214772516276169979e-02 -1.006589999999999915e-02 6.799994150776504653e-02 1.343852884033303226e-02 9.975948144901054526e-01 5.675765499999999797e+00
9.968366223415145999e-01 2.489666955618821675e-02 -7.547783915673995925e-02 -6.742041099999999787e+00 -2.528982034131550122e-02 9.996710957448204926e-01 -4.257384109287840404e-03 -1.353960000000000059e-02 7.534701948892684464e-02 6.152737387537588962e-03 9.971383908348807612e-01 5.809218399999999782e+00
9.964871544405383696e-01 2.583297598470309445e-02 -7.966183770647222717e-02 -6.748273799999999767e+00 -2.579162354930955928e-02 9.996661419352402822e-01 1.548167627455778123e-03 -1.520969999999999961e-02 7.967523573664070380e-02 5.118789756911577577e-04 9.968207435593547938e-01 5.876213599999999815e+00
9.955358173983501757e-01 2.405882356697364513e-02 -9.126669318854492563e-02 -6.761161300000000374e+00 -2.361174354649562754e-02 9.997033464051225948e-01 5.975345437208004137e-03 -1.723540000000000141e-02 9.138337837754346993e-02 -3.793704650163749834e-03 9.958085588913834219e-01 6.008523499999999906e+00
9.950253903066360595e-01 2.153378169232503594e-02 -9.726648390454871451e-02 -6.768258099999999722e+00 -2.068441203436407680e-02 9.997386832941519419e-01 9.732431559891972783e-03 -1.816030000000000075e-02 9.745064260393156153e-02 -7.672116481298605663e-03 9.952107871625880398e-01 6.074386600000000414e+00
9.943697436657180644e-01 2.292882239308086101e-02 -1.034557005961527082e-01 -6.775833600000000345e+00 -2.210089925766887953e-02 9.997139456039402239e-01 9.142057591401147112e-03 -1.878950000000000065e-02 1.036357232530202704e-01 -6.804121447231663809e-03 9.945920474230400821e-01 6.138929799999999659e+00
9.928455541079257429e-01 2.980897470134623653e-02 -1.156249571475830851e-01 -6.792905799999999772e+00 -2.949461181737058138e-02 9.995551263347340898e-01 4.429141191757532750e-03 -2.011920000000000028e-02 1.157055468068343973e-01 -9.871399132846743908e-04 9.932830674047167241e-01 6.267922900000000297e+00
9.914226544719322298e-01 3.007143270117591805e-02 -1.271881642886885377e-01 -6.809750600000000098e+00 -3.021287116367760844e-02 9.995431527426295037e-01 8.174480848190510043e-04 -2.210389999999999924e-02 1.271546405597326068e-01 3.032283071054507964e-03 9.918782700732495794e-01 6.394701000000000413e+00
9.899147840514219698e-01 3.226414019236184538e-02 -1.379410945805281397e-01 -6.829030999999999629e+00 -3.123151698325725076e-02 9.994656461638075085e-01 9.644401758915562700e-03 -2.289410000000000056e-02 1.381785535578915203e-01 -5.239026246401193646e-03 9.903934773314283513e-01 6.521587399999999590e+00
9.890719753548742332e-01 3.152304861972825278e-02 -1.440240430390890003e-01 -6.838721299999999559e+00 -3.009596052941982888e-02 9.994740496630923898e-01 1.207713583056871202e-02 -2.414339999999999889e-02 1.443290016851038748e-01 -7.610614677977840456e-03 9.895004890432367306e-01 6.584299099999999960e+00
9.867567779125786531e-01 2.760776045998874009e-02 -1.598401476662535681e-01 -6.858980700000000041e+00 -2.780345770542444819e-02 9.996128964627039037e-01 1.012405583874045108e-03 -2.507759999999999850e-02 1.598062232305379748e-01 3.445110713383223947e-03 9.871423920736885904e-01 6.706727500000000397e+00
9.853004380540824059e-01 2.564256055290076164e-02 -1.688949551014598816e-01 -6.869945999999999664e+00 -2.607986729531704129e-02 9.996597935529634160e-01 -3.710465001659462962e-04 -2.641080000000000164e-02 1.688279813665139739e-01 4.770350295046545813e-03 9.856339870691201988e-01 6.767489900000000169e+00
9.834264509793348985e-01 2.498618194361528974e-02 -1.795775771806445709e-01 -6.881778699999999915e+00 -2.493886345804620028e-02 9.996857983651070700e-01 2.521435412500247324e-03 -2.742539999999999908e-02 1.795841546562801094e-01 1.998814398346115441e-03 9.837405837604700221e-01 6.828596600000000016e+00
9.812955888042259600e-01 2.458271340207955624e-02 -1.909310283719194701e-01 -6.894148799999999966e+00 -2.338874842034924240e-02 9.996902697339650201e-01 8.504766108597409252e-03 -2.783379999999999882e-02 1.910809614815068558e-01 -3.880051677948931615e-03 9.815666107596974221e-01 6.889367100000000299e+00
9.764606413445160449e-01 2.640156760920079823e-02 -2.140737562916882053e-01 -6.921188800000000363e+00 -2.264652469484080069e-02 9.995439664949498093e-01 1.997483323556047824e-02 -2.910460000000000130e-02 2.145034983964184405e-01 -1.465661186356809198e-02 9.766132463285445153e-01 7.009965900000000083e+00
9.737682812234221830e-01 3.002605279196568153e-02 -2.255521461589673760e-01 -6.935948400000000014e+00 -2.723082052234062841e-02 9.995090819419684136e-01 1.549443542706289978e-02 -2.960259999999999975e-02 2.259066552735048694e-01 -8.946019743854758538e-03 9.741078748444036428e-01 7.068501000000000367e+00
9.709595108764302873e-01 2.951852697365650244e-02 -2.374158478364673530e-01 -6.951430799999999799e+00 -2.888115940382185790e-02 9.995638523410439458e-01 6.163093754170496583e-03 -2.978719999999999979e-02 2.374942249194580968e-01 8.727304493235583417e-04 9.713885584417126795e-01 7.126688999999999830e+00
9.647625530219942069e-01 2.556064559644400172e-02 -2.618775853011799937e-01 -6.983985399999999899e+00 -2.476402421135685469e-02 9.996732061798567770e-01 6.342235484823731395e-03 -3.030959999999999904e-02 2.619541169581862672e-01 3.663915646048613271e-04 9.650802590281691851e-01 7.243408200000000186e+00
