1.000000000000000000e+00 -0.000000000000000000e+00 0.000000000000000000e+00 0.000000000000000000e+00 0.000000000000000000e+00 1.000000000000000000e+00 -0.000000000000000000e+00 0.000000000000000000e+00 0.000000000000000000e+00 0.000000000000000000e+00 1.000000000000000000e+00 -0.000000000000000000e+00
9.991462515963138724e-01 8.827738488640629166e-04 -4.130361523362413578e-02 -5.023900000000000414e-03 -1.063606009884774349e-03 9.999899454299470136e-01 -4.356349534571667993e-03 -5.358999999999999615e-04 4.129935427208569765e-02 4.396561081503079678e-03 9.991371445339050084e-01 3.688539999999999874e-02
9.983326267446619440e-01 8.432312928416829277e-04 -5.771702814672793891e-02 -6.923000000000000334e-03 -1.086359493089699780e-03 9.999906687770470093e-01 -4.181169918334265607e-03 -7.588999999999999609e-04 5.771296388295428514e-02 4.236899788876534977e-03 9.983242271326604467e-01 4.815320000000000017e-02
8.165362272619596240e-01 2.054203407527592853e-02 -5.769286042526021729e-01 -1.407096999999999931e-01 -2.414460837643204669e-02 9.997074634235908475e-01 1.423187098877548747e-03 -5.024999999999999953e-03 5.767890666917622200e-01 1.276763138643526377e-02 8.167933399175252296e-01 3.004825999999999886e-01
7.106357772815855567e-01 1.854992702992332848e-02 -7.033154997969127686e-01 -1.914607000000000114e-01 -2.035447779722335954e-02 9.997759866757275349e-01 5.802732130448147625e-03 -5.821599999999999692e-03 7.032655880113850566e-01 1.019199066718146085e-02 7.108541594766404348e-01 3.423110999999999793e-01
4.773442659324773074e-01 1.734474998215099206e-02 -8.785451675522668591e-01 -3.004992000000000218e-01 -5.814457497144600966e-03 9.998456303473157725e-01 1.658033652832501675e-02 -6.914700000000000187e-03 8.786971286315881091e-01 -2.806265032972301600e-03 4.773714287755043140e-01 3.965683999999999876e-01
4.235974943968913164e-01 1.959839615482045216e-02 -9.056384850528570452e-01 -3.281173000000000006e-01 -4.314066637258841264e-03 9.997982368026806510e-01 1.961821896350715577e-02 -6.823000000000000072e-03 9.058402461635962633e-01 -4.403243623687036305e-03 4.235965767990406139e-01 4.054519999999999791e-01
2.606388731625330357e-01 2.625170873978383002e-02 -9.650793882291790471e-01 -4.241758999999999946e-01 4.010524455612072062e-03 9.995921755018457588e-01 2.827363381453041474e-02 -6.295499999999999881e-03 9.654280364119098845e-01 -1.123968254572955787e-02 2.604272951249835266e-01 4.271132999999999735e-01
1.212274009246928491e-01 2.848058929308130288e-02 -9.922160920376982274e-01 -5.359327999999999870e-01 2.996936601674708711e-03 9.995732364768163958e-01 2.905792990335204912e-02 -4.915199999999999778e-03 9.926202373697853298e-01 -6.496226041433692325e-03 1.210903109714781545e-01 4.354378999999999889e-01
8.338678996147429190e-02 2.714273078180753918e-02 -9.961475369771424226e-01 -5.766227999999999909e-01 1.706058787610317123e-03 9.996236345538674906e-01 2.738025939850095153e-02 -3.951500000000000151e-03 9.965157964745636754e-01 -3.982638198769705706e-03 8.330909896069882414e-02 4.363716999999999735e-01
-7.989478134902099418e-03 1.989479648536042825e-02 -9.997701562418924714e-01 -7.086713000000000040e-01 2.960589861893382635e-03 9.997981549592641626e-01 1.987169463636058453e-02 -1.916399999999999961e-03 9.999637009145890820e-01 -2.801144918992656482e-03 -8.046765831141500236e-03 4.332039999999999780e-01
-2.870677160346080808e-02 1.749609421675621390e-02 -9.994347442185834707e-01 -7.553836999999999913e-01 2.333769877294748427e-03 9.998452534189526952e-01 1.743624769696888038e-02 -1.143700000000000098e-03 9.995851513414285572e-01 -1.831912320120856683e-03 -2.874316118635567019e-02 4.304481000000000002e-01
-4.479387401054635287e-02 1.663167941019875681e-02 -9.988577957302648969e-01 -8.038475999999999955e-01 2.720171324359445947e-03 9.998597299448009901e-01 1.652637596921466279e-02 -3.800000000000000209e-05 9.989925472790541772e-01 -1.976783930042429541e-03 -4.483283178877384145e-02 4.274930000000000119e-01
-6.709868142089685239e-02 1.853514737754087538e-02 -9.975741652946258364e-01 -9.060415000000000552e-01 1.866041335764909506e-03 9.998280150261126265e-01 1.845151101337928062e-02 2.076000000000000046e-04 9.977445990038281698e-01 -6.234425687100409591e-04 -6.712172880709577072e-02 4.193879999999999830e-01
-7.365603040851052830e-02 1.990141598240069420e-02 -9.970851131304470094e-01 -9.591606000000000298e-01 5.117037760344490122e-04 9.998014893306841344e-01 1.991783350144927037e-02 5.194999999999999965e-04 9.972835741872552173e-01 9.568563326378051737e-04 -7.365159253032160791e-02 4.145298000000000038e-01
-7.794250251224922599e-02 2.081473511840003371e-02 -9.967405445270492992e-01 -1.014030699999999952e+00 4.961404849268460232e-04 9.997827116185423746e-01 2.083946720273015946e-02 1.092000000000000089e-03 9.969577323772292887e-01 1.129756887694835163e-03 -7.793589354480690012e-02 4.094136999999999915e-01
-7.652507636988258033e-02 2.610848350419366082e-02 -9.967257695954763186e-01 -1.187021099999999940e+00 3.861577355765531336e-03 9.996573705244510277e-01 2.588879635027165060e-02 3.348199999999999961e-03 9.970601791802282676e-01 -1.867791543948987137e-03 -7.659967655179278356e-02 3.957281000000000271e-01
-7.467223310924472890e-02 2.620037744893163531e-02 -9.968638812917297587e-01 -1.247329200000000027e+00 1.648040828275850606e-03 9.996566631730147146e-01 2.615032954327804054e-02 3.929900000000000060e-03 9.972067697142387166e-01 3.098311269369297127e-04 -7.468977467341719745e-02 3.908087000000000089e-01
-7.301624499007859648e-02 2.355543362237205035e-02 -9.970525409999269062e-01 -1.308985499999999913e+00 -2.470594577295270183e-04 9.997205869826544244e-01 2.363655907024378444e-02 4.885200000000000133e-03 9.973307209392345829e-01 1.972184047902673237e-03 -7.299002370809337670e-02 3.858594000000000190e-01
-7.167549081606253147e-02 2.350356896233007226e-02 -9.971510448584554043e-01 -1.372096200000000099e+00 -5.418100267149828647e-04 9.997212612965482581e-01 2.360309627005983957e-02 6.027300000000000192e-03 9.974278572699738499e-01 2.232029944188947471e-03 -7.164277761335580141e-02 3.812027000000000054e-01
-6.788739639564968231e-02 2.971125366172225335e-02 -9.972504915097653022e-01 -1.503287599999999946e+00 -1.101348405020314419e-03 9.995536379959950590e-01 2.985484551395289551e-02 8.516499999999999765e-03 9.976923816699767578e-01 3.125087969966616058e-03 -6.782437159951637540e-02 3.717302000000000106e-01
-6.417700297181390401e-02 3.119387048003076021e-02 -9.974508783564385306e-01 -1.639570500000000042e+00 -3.278128992978284612e-03 9.994993572929504744e-01 3.146885192192686032e-02 1.067079999999999938e-02 9.979331471395572750e-01 5.289349246724974266e-03 -6.404261569209201976e-02 3.623295000000000265e-01
-6.247772764676257778e-02 2.828875855005525547e-02 -9.976453676972559803e-01 -1.709295199999999904e+00 -5.778094858100123188e-03 9.995712200166743111e-01 2.870522137500439511e-02 1.200790000000000017e-02 9.980296324097331917e-01 7.557926572406486326e-03 -6.228748331742384181e-02 3.574693999999999927e-01
-6.073620034440469634e-02 2.765290394751356018e-02 -9.977707306145005006e-01 -1.780539600000000000e+00 -6.823879936018325057e-03 9.995813056135433028e-01 2.811846600621654979e-02 1.348210000000000033e-02 9.981305268502429495e-01 8.516476454117528558e-03 -6.052207034184575729e-02 3.526577000000000184e-01
-5.799173167071725032e-02 3.187905857840730994e-02 -9.978079397769823444e-01 -1.925964999999999927e+00 -1.739368089790870736e-03 9.994852746280519229e-01 3.203373846955661491e-02 1.632079999999999989e-02 9.983155481392043118e-01 3.593247255924513286e-03 -5.790643243783921701e-02 3.442251000000000061e-01
-5.582231203748453524e-02 2.886909445291842985e-02 -9.980232686988105284e-01 -2.074008699999999816e+00 -5.473711061811468298e-04 9.995808626183912970e-01 2.894476588167346764e-02 1.874949999999999881e-02 9.984405690193390859e-01 2.162052853480905118e-03 -5.578311271161662255e-02 3.350769000000000108e-01
-5.541730956700251925e-02 2.215117666626025689e-02 -9.982175349955815236e-01 -2.147894899999999829e+00 7.636459969412208448e-04 9.997545245307876138e-01 2.214288881356932248e-02 1.926639999999999950e-02 9.984629881198132662e-01 4.648144994133813351e-04 -5.542062163432281974e-02 3.311022000000000132e-01
-5.587561551542132021e-02 1.818181075440677974e-02 -9.982721759863206756e-01 -2.299316199999999810e+00 5.009960485221623232e-03 9.998266979784021791e-01 1.792970455812073136e-02 2.125379999999999978e-02 9.984251678952755782e-01 -3.999470876993023970e-03 -5.595702231172383634e-02 3.227268999999999832e-01
-5.589167010336488356e-02 2.563182498308027440e-02 -9.981077751230542638e-01 -2.376195699999999800e+00 4.624981120837647411e-03 9.996663423422657013e-01 2.541286165837718103e-02 2.181050000000000003e-02 9.984261268429870384e-01 -3.195862336312927862e-03 -5.599156812627070767e-02 3.182014000000000231e-01
-5.584516336669404640e-02 3.802437257197189419e-02 -9.977151220759639116e-01 -2.531416699999999853e+00 1.258203750855071967e-03 9.992764354609330324e-01 3.801345098531624250e-02 2.422710000000000141e-02 9.984386484165510556e-01 8.675384715259859547e-04 -5.585259819499743816e-02 3.080465000000000009e-01
-5.652485346547688611e-02 3.484178749478178405e-02 -9.977930601005776667e-01 -2.684221700000000155e+00 -5.990016912221438061e-04 9.993895305413589281e-01 3.493146778044371042e-02 2.686650000000000149e-02 9.984010126886292413e-01 2.572175828113573703e-03 -5.646947647914746238e-02 2.984052999999999845e-01
-5.678381059374247586e-02 3.346233948241408157e-02 -9.978255712752696072e-01 -2.836747900000000211e+00 -2.877179972719405565e-03 9.994285322073616085e-01 3.367982846220077264e-02 2.967519999999999880e-02 9.983823519523263856e-01 4.783392750167843668e-03 -5.665508330184576558e-02 2.888394000000000239e-01
-5.629712396539880703e-02 3.423520628321899406e-02 -9.978269311278235021e-01 -2.988717799999999869e+00 -4.654720178751946616e-03 9.993920780948963856e-01 3.455152415194196608e-02 3.180949999999999750e-02 9.984032088356299406e-01 6.589756589598151984e-03 -5.610354440503562135e-02 2.796772000000000147e-01
-5.564567183802159034e-02 2.902733143718293565e-02 -9.980285432968994952e-01 -3.064073800000000070e+00 -5.342118735610201091e-03 9.995543459969664646e-01 2.936956189648003146e-02 3.297069999999999862e-02 9.984362878887714787e-01 6.965875983138117636e-03 -5.546580567050019006e-02 2.748201000000000116e-01
-5.462953494518324460e-02 2.572319969356235900e-02 -9.981753006908145043e-01 -3.215062899999999946e+00 -6.550025995467782108e-03 9.996373724358005308e-01 2.611935659826655765e-02 3.471810000000000174e-02 9.984852082385253791e-01 7.964962471589414131e-03 -5.444123714331328134e-02 2.654891999999999808e-01
-5.352390519680490233e-02 3.301278978853086632e-02 -9.980207148565916064e-01 -3.364949499999999816e+00 -5.338536502229537101e-03 9.994296194959066959e-01 3.334569990690708363e-02 3.667109999999999814e-02 9.985522978795342564e-01 7.112762096781530610e-03 -5.331713622145117792e-02 2.575944000000000011e-01
-5.273603364765667295e-02 4.167161148081641869e-02 -9.977386368943045314e-01 -3.516077500000000189e+00 -4.749247246482506124e-03 9.991071722054584159e-01 4.197979392760713135e-02 3.959220000000000100e-02 9.985971937701932921e-01 6.952355299067465577e-03 -5.249104066496035337e-02 2.486195999999999962e-01
-5.218137204560243519e-02 3.727725744825502452e-02 -9.979416368147864258e-01 -3.665276500000000048e+00 -4.838831523422137265e-03 9.992818940663521499e-01 3.758033928334968132e-02 4.243199999999999750e-02 9.986259009864137948e-01 6.789865116499309294e-03 -5.196352192426323402e-02 2.403238000000000041e-01
-5.140559751692046209e-02 2.988930999853598586e-02 -9.982304812475626399e-01 -3.814336799999999972e+00 -9.523330080835189226e-03 9.994919118498625243e-01 3.041750040483477691e-02 4.558199999999999752e-02 9.986324502679153614e-01 1.107010815295318869e-02 -5.109483317696694726e-02 2.309865000000000113e-01
-5.250754472766530623e-02 2.638193083927140720e-02 -9.982719827140620339e-01 -3.961930300000000127e+00 -1.080812292495541595e-02 9.995774099809103808e-01 2.698492050561197841e-02 4.683439999999999825e-02 9.985620372443124726e-01 1.220635822213345795e-02 -5.220021641182792660e-02 2.228134999999999977e-01
-5.416179147870558291e-02 2.105269956308002469e-02 -9.983102144047828475e-01 -4.108883900000000367e+00 -3.209725274394115146e-03 9.997688793635913784e-01 2.125759910553198101e-02 4.805729999999999724e-02 9.985270141600974814e-01 4.355651176952588313e-03 -5.408170018910818388e-02 2.149453000000000058e-01
-5.764958115448096110e-02 3.081890217233300075e-02 -9.978610730265036199e-01 -4.255843200000000159e+00 -4.857420107328112857e-04 9.995224162684274161e-01 3.089827554449509767e-02 4.892160000000000258e-02 9.983367617429561580e-01 2.265975687579776035e-03 -5.760707861687985876e-02 2.066158999999999912e-01
-6.071367774456127436e-02 3.367119478537548838e-02 -9.975871390392194726e-01 -4.400825499999999835e+00 1.427913037399832635e-03 9.994327732754121341e-01 3.364658626630998017e-02 5.054569999999999896e-02 9.981542017138871348e-01 6.183403140008203458e-04 -6.072731886201543361e-02 1.977717999999999976e-01
-6.288315662629007097e-02 2.647514249764260086e-02 -9.976696725081117822e-01 -4.542865299999999884e+00 -6.670642368353518759e-03 9.996146010469483256e-01 2.694720586895525336e-02 5.178230000000000333e-02 9.979986027761296175e-01 8.349622954352386300e-03 -6.268231531630874542e-02 1.874263999999999930e-01
-6.446049152372589075e-02 2.627765327750991933e-02 -9.975742227878320323e-01 -4.684240299999999912e+00 -1.213593071702901913e-02 9.995586745344137158e-01 2.711411714656246710e-02 5.333460000000000284e-02 9.978464632488065478e-01 1.385428097134648942e-02 -6.411313968771026328e-02 1.762170999999999876e-01
-6.627938174367045687e-02 2.729832447402181714e-02 -9.974276139332557412e-01 -4.823429599999999873e+00 -1.344036122380043788e-02 9.995105711496603540e-01 2.824844863445781160e-02 5.480569999999999886e-02 9.977105793995825200e-01 1.527807713656601993e-02 -6.588004336032704522e-02 1.664872000000000019e-01
-6.668126937769727758e-02 2.728012564885950661e-02 -9.974013249734339226e-01 -4.892726900000000434e+00 -1.480116917641949650e-02 9.994891294831490525e-01 2.832676183448998991e-02 5.515819999999999751e-02 9.976645396651071529e-01 1.665157018420024976e-02 -6.624342612826328303e-02 1.615042999999999895e-01
-6.712585963291949065e-02 2.910707296122192270e-02 -9.973198570529776541e-01 -4.961653700000000278e+00 -1.313796303829021031e-02 9.994619350415168135e-01 3.005385716128987361e-02 5.581280000000000269e-02 9.976580139986578333e-01 1.512014241655144746e-02 -6.670733391132566137e-02 1.568672000000000122e-01
-6.766502560730372484e-02 3.178349230489387750e-02 -9.972017117546817522e-01 -5.030291100000000348e+00 -1.196399151803539777e-02 9.993947404588765515e-01 3.266520549592970279e-02 5.689650000000000263e-02 9.976363602117351848e-01 1.414080478755331757e-02 -6.724381327260520180e-02 1.525318999999999980e-01
-6.765957104716589787e-02 3.597406862303199893e-02 -9.970597017392787142e-01 -5.098883200000000393e+00 -1.244573478085425969e-02 9.992415571309972711e-01 3.689734662797069381e-02 5.793319999999999720e-02 9.976308365981269022e-01 1.490559925415179017e-02 -6.716053141091482548e-02 1.473576000000000052e-01
-6.827002667968623539e-02 3.811524525477824610e-02 -9.969385294672500342e-01 -5.165659400000000012e+00 -1.242287394110812987e-02 9.991599972383732320e-01 3.905089143229958926e-02 5.881390000000000229e-02 9.975895326536853291e-01 1.505084707855398538e-02 -6.773917878170443441e-02 1.422757000000000049e-01
-6.878670309066697852e-02 3.795891563900515020e-02 -9.969089778918769351e-01 -5.232494400000000212e+00 -1.169411834794972273e-02 9.991765399481140619e-01 3.885215069180755765e-02 5.998189999999999772e-02 9.975628486837206932e-01 1.433048292367243570e-02 -6.828616393672848339e-02 1.371576999999999935e-01
-6.898332936775497526e-02 3.616467425381444251e-02 -9.969620938658877440e-01 -5.297972200000000242e+00 -1.100234839809843303e-02 9.992543587953827133e-01 3.700911723015561788e-02 6.092630000000000268e-02 9.975571405183095708e-01 1.352193641990789667e-02 -6.853399620910249901e-02 1.322645000000000071e-01
-6.906558825804409718e-02 2.967757588007876104e-02 -9.971705902243869213e-01 -5.425869900000000356e+00 -1.129589534276833132e-02 9.994700698524339177e-01 3.052838380222650666e-02 6.259270000000000111e-02 9.975481678931475971e-01 1.337239541192932098e-02 -6.869375352949835811e-02 1.228888999999999954e-01
-6.571350660794626763e-02 2.681730370474735142e-02 -9.974781036550599556e-01 -5.547979400000000005e+00 -1.437133284760635198e-02 9.995096721230052328e-01 2.781870098954777534e-02 6.363409999999999900e-02 9.977350348872542352e-01 1.616315422712719455e-02 -6.529588504614503019e-02 1.143388000000000043e-01
-6.156742016953551527e-02 2.756640977467843950e-02 -9.977221786779134627e-01 -5.607686000000000170e+00 -1.451924851516964328e-02 9.994880217460498928e-01 2.851115235696964623e-02 6.417330000000000256e-02 9.979973167279673207e-01 1.624153435800031187e-02 -6.113565543506738198e-02 1.102761000000000019e-01
-5.550355582537599280e-02 2.907541649536856190e-02 -9.980350572231216910e-01 -5.665695200000000042e+00 -1.391614858315421907e-02 9.994562945068132809e-01 2.989073734991394560e-02 6.462959999999999539e-02 9.983615057179190400e-01 1.554784635667639560e-02 -5.506876042111574776e-02 1.066595999999999933e-01
-3.989295672977061918e-02 3.206020344520171123e-02 -9.986894889596108493e-01 -5.777111099999999944e+00 -1.409037412721871919e-02 9.993676886496795087e-01 3.264481949639467390e-02 6.541089999999999405e-02 9.991046058147822206e-01 1.537420690798263490e-02 -3.941599169929488333e-02 1.023260000000000003e-01
-1.320545809788126537e-02 3.546584491716477106e-02 -9.992836382733067957e-01 -5.883081400000000016e+00 -1.941742706245810912e-02 9.991732334294608497e-01 3.571852634684205552e-02 6.648389999999999855e-02 9.997242516827824499e-01 1.987519666387099065e-02 -1.250588480968983784e-02 1.002363000000000004e-01
5.215122399811394048e-03 3.671181975605630754e-02 -9.993122859189482732e-01 -5.933881799999999984e+00 -2.083226141194943759e-02 9.991129894685840673e-01 3.659578062582051483e-02 6.711309999999999498e-02 9.997693830993321651e-01 2.062708329715598476e-02 5.975286757386677472e-03 1.008412000000000058e-01
8.206858064225605598e-02 3.739532705340790214e-02 -9.959248654320940197e-01 -6.072837800000000286e+00 -1.977264174052136003e-02 9.991602139301569707e-01 3.588745655022083925e-02 6.876469999999999805e-02 9.964305247783042940e-01 1.674683294272847137e-02 8.273906499605754306e-02 1.117993000000000042e-01
1.540268879442702465e-01 3.729168222428453500e-02 -9.873626730979281341e-01 -6.156322499999999920e+00 -1.818732137301156543e-02 9.992252173166561446e-01 3.490252741215301574e-02 7.029710000000000125e-02 9.878992555577101875e-01 1.258155456866427019e-02 1.545857863878750127e-01 1.261037999999999881e-01
1.947584912917047217e-01 3.706794057678951260e-02 -9.801505485644410598e-01 -6.195148500000000169e+00 -1.816053110686478150e-02 9.992506213122261949e-01 3.418173367526287920e-02 7.059540000000000259e-02 9.806830911052233368e-01 1.114287164628605456e-02 1.952857169169799345e-01 1.359466000000000008e-01
5.351397251593003057e-01 1.858102865334904097e-02 -8.445591867540199749e-01 -6.431920500000000374e+00 5.040835680096696428e-03 9.996700320580815813e-01 2.518763547140403722e-02 7.348630000000000440e-02 8.447485214737427972e-01 -1.773618840612290956e-02 5.348694822933419690e-01 2.603246000000000171e-01
6.215657581932485520e-01 8.194799783943839538e-03 -7.833191262175034364e-01 -6.487079099999999876e+00 2.235162510254048301e-02 9.993526284409011140e-01 2.819093619477305857e-02 7.340950000000000253e-02 7.830430467713300757e-01 -3.503097607494483345e-02 6.209802071067234142e-01 3.123693000000000164e-01
6.627911013275313845e-01 3.144444478246067459e-03 -7.487977487078610883e-01 -6.512550799999999640e+00 2.386648984801313308e-02 9.993944107714940461e-01 2.532197427202055942e-02 7.367890000000000550e-02 7.484239083990921193e-01 -3.465435308329117836e-02 6.623146753236002215e-01 3.397504000000000079e-01
7.421737843560181069e-01 -8.099032808038015771e-03 -6.701585480184825139e-01 -6.561438599999999788e+00 1.719373895011008097e-02 9.998279645405125926e-01 6.958208367875032968e-03 7.465030000000000276e-02 6.699869022268881702e-01 -1.668673096653813109e-02 7.421853568038567772e-01 3.975441000000000114e-01
8.485134143308903365e-01 -1.350032001004286553e-02 -5.290016323794863862e-01 -6.626522999999999719e+00 1.211166173039979893e-02 9.999080991976779798e-01 -6.091043343716103300e-03 7.517949999999999633e-02 5.290352477393762687e-01 -1.238756841795656764e-03 8.485989465765459983e-01 5.027578999999999798e-01
8.778743261234968065e-01 -1.204362630949826554e-02 -4.787396146116733586e-01 -6.645759100000000252e+00 9.193777042869472060e-03 9.999233207832356474e-01 -8.296205006658523631e-03 7.483309999999999962e-02 4.788028216258780612e-01 2.881600101273751324e-03 8.779177378228292250e-01 5.431643999999999917e-01
9.229149960438141065e-01 -3.760406475147005934e-03 -3.849854145556532714e-01 -6.681060800000000022e+00 1.760796027131480241e-03 9.999830684560200300e-01 -5.546386087664891343e-03 7.307070000000000232e-02 3.849997528243328526e-01 4.440962105701547896e-03 9.229059909767507452e-01 6.311506999999999534e-01
9.393035915977172579e-01 5.937626437861967272e-04 -3.430865929434603889e-01 -6.697048200000000229e+00 -3.265085814119422954e-03 9.999686873961172173e-01 -7.208567257983668208e-03 7.272240000000000648e-02 3.430715698309250716e-01 7.891240283332025263e-03 9.392761182424130828e-01 6.779916999999999749e-01
9.519001812124463502e-01 5.847017605746508868e-03 -3.063525051192334536e-01 -6.711968899999999572e+00 -7.900942778706992325e-03 9.999538543621022679e-01 -5.464819263545682773e-03 7.186549999999999883e-02 3.063064153930170064e-01 7.622436060323006801e-03 9.519024521228984792e-01 7.270187999999999651e-01
9.611148123651676034e-01 6.105926767081588588e-03 -2.760815732905468334e-01 -6.725529200000000429e+00 -7.386131170165590593e-03 9.999662510137689031e-01 -3.597485205685135683e-03 7.115330000000000266e-02 2.760502898361196777e-01 5.496771032438199818e-03 9.611274748906156740e-01 7.782430999999999655e-01
9.804366533723432031e-01 1.281038779233416997e-02 -1.964175722501670940e-01 -6.775290000000000035e+00 -1.226523968249596322e-02 9.999168118249230908e-01 3.991656975767497728e-03 6.916300000000000225e-02 1.964523673045721064e-01 -1.504458205229588282e-03 9.805122151130694075e-01 1.000625099999999934e+00
9.829560685606931747e-01 1.684328457960924258e-02 -1.830673948147950592e-01 -6.786632499999999624e+00 -1.617108112307685808e-02 9.998559032457577933e-01 5.164192087899166853e-03 6.865580000000000294e-02 1.831279973543549211e-01 -2.115776259473213083e-03 9.830868019029668226e-01 1.059982900000000061e+00
9.853360290728004900e-01 1.545607803135976878e-02 -1.699235694744368752e-01 -6.796963700000000053e+00 -1.479514956576444447e-02 9.998772562895442695e-01 5.155182268322003845e-03 6.787500000000000477e-02 1.699823913244307705e-01 -2.565542200292056027e-03 9.854437602587204914e-01 1.120926099999999925e+00
9.876402132873015605e-01 1.532951940525137217e-02 -1.559865857457546356e-01 -6.806653999999999982e+00 -1.479771196169967461e-02 9.998800640202875067e-01 4.570043269411483769e-03 6.772190000000000154e-02 1.560379339087524797e-01 -2.205313943579109356e-03 9.877486015033876132e-01 1.183331799999999934e+00
9.932714387132914879e-01 1.782949652119794962e-02 -1.144288341731601738e-01 -6.831772800000000423e+00 -1.760592716845929898e-02 9.998406097178662577e-01 2.964200995938271258e-03 6.610829999999999484e-02 1.144634455403422818e-01 -9.296304674466134010e-04 9.934270257156421202e-01 1.380781299999999989e+00
9.944510062342100110e-01 1.898780762847322376e-02 -1.034729885585182613e-01 -6.839006399999999708e+00 -1.930451636807057128e-02 9.998115280159411977e-01 -2.060119953677034058e-03 6.493790000000000673e-02 1.034143696376961657e-01 4.046184362178396193e-03 9.946301305231735057e-01 1.448713200000000034e+00
9.961702655814267393e-01 1.719805257196100820e-02 -8.572647758517665251e-02 -6.851516700000000348e+00 -1.799941325107369886e-02 9.998011511229454307e-01 -8.583666806807249694e-03 6.352649999999999963e-02 8.556180861837134333e-02 1.009381993921415477e-02 9.962817330981171837e-01 1.588321199999999989e+00
9.966945995505435141e-01 1.885534299607703745e-02 -7.902120770579265652e-02 -6.857541099999999723e+00 -1.910720089458709664e-02 9.998144823203973797e-01 -2.432245129453931062e-03 6.225010000000000265e-02 7.896068705853329095e-02 3.934079675877319437e-03 9.968699679077247522e-01 1.660116900000000006e+00
9.970010727684033291e-01 2.315994787339015898e-02 -7.384089458528135530e-02 -6.863944499999999671e+00 -2.279581714062602071e-02 9.997234885106199842e-01 5.770376161696124176e-03 6.101440000000000335e-02 7.395411834065716838e-02 -4.069807693021941855e-03 9.972533404535669499e-01 1.732007599999999981e+00
9.977461204622135593e-01 2.248812918792708962e-02 -6.322154022348007441e-02 -6.879062700000000419e+00 -2.205048710246952301e-02 9.997278821883373023e-01 7.611674833165709732e-03 5.822009999999999685e-02 6.337550884328922718e-02 -6.200453277714848381e-03 9.979704901739354650e-01 1.946773599999999993e+00
9.979596045177532293e-01 2.068548264620312035e-02 -6.040478920138133562e-02 -6.883399999999999963e+00 -2.012764664268200734e-02 9.997491035128063253e-01 9.828930052017847974e-03 5.758449999999999680e-02 6.059295001398278674e-02 -8.593068894973292238e-03 9.981255700439546352e-01 2.018086400000000058e+00
9.981323798728607422e-01 1.882208679751532290e-02 -5.811610188171555114e-02 -6.887264300000000006e+00 -1.814601867312412228e-02 9.997616548381835777e-01 1.213900825979257261e-02 5.705790000000000167e-02 5.833073165710998820e-02 -1.106176133368828168e-02 9.982360257877607168e-01 2.089706699999999806e+00
9.983317254925684336e-01 1.706800858001540633e-02 -5.515839879967015386e-02 -6.891470899999999844e+00 -1.631929236277513545e-02 9.997688697834289373e-01 1.399598902340676472e-02 5.614859999999999990e-02 5.538453368774718527e-02 -1.307249383543836012e-02 9.983795186867132632e-01 2.161323499999999953e+00
9.985353735102412420e-01 1.881619342664093975e-02 -5.072532615660731159e-02 -6.899805100000000024e+00 -1.867523559513979692e-02 9.998203157936769170e-01 3.251415337679401489e-03 5.456389999999999851e-02 5.077739087654051242e-02 -2.299345812031680127e-03 9.987073493194128515e-01 2.301245900000000066e+00
9.986097224932876104e-01 1.931849172223879321e-02 -4.904506111176754751e-02 -6.903715100000000326e+00 -1.955667522155341356e-02 9.997991507631287522e-01 -4.381162814299645152e-03 5.363799999999999818e-02 4.895057299110911614e-02 5.334230113569757466e-03 9.987869579609746085e-01 2.371237499999999887e+00
9.987060700595319362e-01 2.210754690564579669e-02 -4.579783833391975340e-02 -6.911035499999999665e+00 -2.243814644557544716e-02 9.997256671066103717e-01 -6.717150610919690561e-03 5.085429999999999812e-02 4.563677475821541901e-02 7.736077692056868467e-03 9.989281445087080380e-01 2.510485599999999984e+00
9.987605888441442037e-01 2.800933321681012972e-02 -4.114320629761367143e-02 -6.918887599999999694e+00 -2.793570158889117916e-02 9.996069277517126705e-01 2.363592079598394579e-03 4.762829999999999842e-02 4.119323668315860720e-02 -1.211298283666724200e-03 9.991504641484351135e-01 2.651035100000000089e+00
9.989301122131761801e-01 2.536710259378758756e-02 -3.866705341460088124e-02 -6.922160599999999775e+00 -2.523328212688729158e-02 9.996738059082306282e-01 3.945029031364673949e-03 4.679040000000000282e-02 3.875451440640500372e-02 -2.965111625159306576e-03 9.992443623689724053e-01 2.720404100000000103e+00
9.991163019704849546e-01 2.104256201391387776e-02 -3.638441590452543700e-02 -6.927286600000000405e+00 -2.090408976325059537e-02 9.997727387427194357e-01 4.182092544661685646e-03 4.391989999999999783e-02 3.646414907814053002e-02 -3.417813741669075995e-03 9.993291171487171942e-01 2.858505200000000190e+00
9.992232043148762122e-01 1.832169037205708811e-02 -3.488987848390540103e-02 -6.932426900000000280e+00 -1.829599448823399782e-02 9.998320570030433396e-01 1.055639497947584785e-03 4.219119999999999815e-02 3.490336007317526579e-02 -4.164744573038457894e-04 9.993906053213772456e-01 2.997467299999999835e+00
9.992734656962346529e-01 1.735039113535803354e-02 -3.393382800224764573e-02 -6.935392399999999569e+00 -1.732610602456108664e-02 9.998493820286763478e-01 1.009607299763502254e-03 4.123770000000000213e-02 3.394623403945870588e-02 -4.209326836407293682e-04 9.994235718704127525e-01 3.068124500000000143e+00
9.992381319667897888e-01 2.039322237743986660e-02 -3.327569840866701628e-02 -6.938260599999999556e+00 -2.033780617403662533e-02 9.997911589623464934e-01 2.003022904339629793e-03 4.031529999999999836e-02 3.330959716879800664e-02 -1.324742160677856717e-03 9.994442034424233512e-01 3.138888600000000029e+00
9.991997654880209190e-01 1.947903920735012326e-02 -3.493416208015670543e-02 -6.944307300000000183e+00 -1.945877006013487995e-02 9.998102367999783802e-01 9.201400534794612661e-04 3.824690000000000034e-02 3.494545630594828034e-02 -2.396278984915601934e-04 9.993891922879891698e-01 3.280739300000000025e+00
9.990080343705439736e-01 1.889373906260808852e-02 -4.032336651789143744e-02 -6.951124199999999753e+00 -1.885689068175993091e-02 9.998213556596826646e-01 1.294001796917371855e-03 3.615220000000000239e-02 4.034061150897798320e-02 -5.323448772619580882e-04 9.991858444113453919e-01 3.424932200000000204e+00
9.986934610393916056e-01 2.335923009487122018e-02 -4.545016222782879284e-02 -6.960659999999999847e+00 -2.356091828850280859e-02 9.997147690839280898e-01 -3.906866374833839473e-03 3.416519999999999974e-02 4.534593704582127321e-02 4.972609460150299171e-03 9.989589677001720069e-01 3.569026200000000149e+00
9.984778993757185139e-01 2.349970334745050612e-02 -4.989637663031618042e-02 -6.969393700000000358e+00 -2.397408503197221222e-02 9.996726942380284031e-01 -8.930153512739878036e-03 3.189100000000000268e-02 4.967018930034700075e-02 1.011278089662571641e-02 9.987144756923294064e-01 3.716643799999999942e+00
9.982984743303651154e-01 2.155324533047356730e-02 -5.418130457445417825e-02 -6.979592300000000193e+00 -2.193677189114331613e-02 9.997382701506327685e-01 -6.493784352465531429e-03 2.822879999999999834e-02 5.402716158249751266e-02 7.671297930911098739e-03 9.985099984473835288e-01 3.865463300000000046e+00
9.981548222244476243e-01 2.061939146970585487e-02 -5.711209649015323853e-02 -6.990224800000000016e+00 -2.071591454362098697e-02 9.997847989699670812e-01 -1.098468572113240043e-03 2.576250000000000068e-02 5.707715615465563941e-02 2.279571012613884531e-03 9.983671678302004082e-01 4.016783700000000401e+00
9.981448334061628902e-01 2.014265880082702354e-02 -5.745576421053714272e-02 -7.000863999999999976e+00 -1.985185148482501716e-02 9.997870934852371994e-01 5.627760919414065595e-03 2.386490000000000139e-02 5.755688957203842354e-02 -4.476717187303558797e-03 9.983321909394774485e-01 4.169374000000000358e+00
9.982850637876632405e-01 2.348966137255042649e-02 -5.362058585155558832e-02 -7.011570899999999718e+00 -2.329098727567071106e-02 9.997193634413806818e-01 4.327155195421682372e-03 2.247690000000000105e-02 5.370718136511798413e-02 -3.070858017498062122e-03 9.985520059069786791e-01 4.323844000000000243e+00
9.985904021196845282e-01 1.754449788354395592e-02 -5.009390570180292934e-02 -7.020910299999999715e+00 -1.755232509577176955e-02 9.998459058301270019e-01 2.836872666545074174e-04 2.055090000000000042e-02 5.009116367363751487e-02 5.959771365102213428e-04 9.987444718911206998e-01 4.479454999999999742e+00
9.987881400584108782e-01 1.435915328901845797e-02 -4.707511014838697966e-02 -7.029872899999999980e+00 -1.426575627140170763e-02 9.998955488714781348e-01 2.319384618935829093e-03 1.878169999999999840e-02 4.710349749928618296e-02 -1.645011801800725032e-03 9.988886596911122906e-01 4.634886299999999792e+00
9.988766243299908032e-01 1.087357137799188286e-02 -4.612217267876902310e-02 -7.036938199999999810e+00 -1.063751330889473393e-02 9.999290518180486975e-01 5.360470208962676147e-03 1.572499999999999939e-02 4.617718784990657716e-02 -4.863823161444571011e-03 9.989214236097494481e-01 4.790737199999999696e+00
9.989093429027107174e-01 1.505293368928528087e-02 -4.419879918075457492e-02 -7.046446300000000385e+00 -1.522874677132889619e-02 9.998773966707708016e-01 -3.643747886022760066e-03 1.336889999999999953e-02 4.413853116551830214e-02 4.312866126850666525e-03 9.990161106069923580e-01 4.942546400000000340e+00
9.988721287903967738e-01 2.201789924418075250e-02 -4.206759368699649476e-02 -7.055667900000000436e+00 -2.266097909223991486e-02 9.996325908645113945e-01 -1.487156037830534260e-02 9.835899999999999851e-03 4.172469715075458746e-02 1.580808003451464674e-02 9.990040811995215542e-01 5.092315199999999820e+00
9.989154464760070518e-01 2.170302876594277716e-02 -4.119355937551395092e-02 -7.059415800000000019e+00 -2.237394006488986273e-02 9.996232877432408293e-01 -1.589620732648472715e-02 7.745600000000000054e-03 4.083304541192157161e-02 1.680062926733789583e-02 9.990247250486893327e-01 5.167482900000000434e+00
9.989781186663287960e-01 1.869886886907335191e-02 -4.114694069915223601e-02 -7.062759899999999647e+00 -1.911817142693280139e-02 9.997689994991808549e-01 -9.820547932647904002e-03 5.735399999999999873e-03 4.095380259722852107e-02 1.059716676400933831e-02 9.991048424011381712e-01 5.242510300000000178e+00
9.989793388371895899e-01 1.813655410001843368e-02 -4.136841768533872782e-02 -7.066701899999999981e+00 -1.818656801395842140e-02 9.998342637418512480e-01 -8.329415729089540213e-04 3.683699999999999822e-03 4.134645474868680476e-02 1.584440963658848792e-03 9.991436134142817060e-01 5.317323700000000208e+00
9.988745805744366768e-01 1.453000021273478763e-02 -4.514921235261151744e-02 -7.073543500000000428e+00 -1.432860580957486842e-02 9.998859096178335237e-01 4.781088084466219787e-03 7.037000000000000286e-04 4.521353047260409652e-02 -4.128782088647272794e-03 9.989688132372638307e-01 5.464125199999999793e+00
9.988278987873661086e-01 9.364497849994197695e-03 -4.748825943359733653e-02 -7.076959099999999836e+00 -9.319623113821983926e-03 9.999558912201187422e-01 1.166292928219363765e-03 -2.828999999999999918e-04 4.749708653203380676e-02 -7.223532346113830695e-04 9.988711152980512820e-01 5.536945799999999807e+00
9.987166009279502266e-01 8.190897721706186935e-03 -4.998059849015384221e-02 -7.081027500000000252e+00 -8.220634275108846395e-03 9.999661341875071274e-01 -3.894229160250852655e-04 -1.656899999999999996e-03 4.997571613330143575e-02 7.997953520546358325e-04 9.987501129533645772e-01 5.608994000000000035e+00
9.985613942153312994e-01 1.066146828635007246e-02 -5.254973907368894193e-02 -7.085771600000000170e+00 -1.081118240299427241e-02 9.999382662250847487e-01 -2.565555265546532859e-03 -3.455600000000000078e-03 5.251914239382461658e-02 3.129989257256036907e-03 9.986150123293092706e-01 5.680583500000000008e+00
9.983461648975361369e-01 1.239840996212211895e-02 -5.613567907127063605e-02 -7.090302900000000186e+00 -1.274426876755090261e-02 9.999019245130781330e-01 -5.807320261788872194e-03 -5.181500000000000342e-03 5.605817199982503218e-02 6.513124093221931386e-03 9.984062602801448971e-01 5.751378100000000160e+00
9.981027162712046152e-01 1.337214420398550110e-02 -6.010119409322103173e-02 -7.095206700000000311e+00 -1.394857413276368377e-02 9.998605572567997868e-01 -9.181684038598975431e-03 -6.816100000000000284e-03 5.997003461484749082e-02 1.000258974014651449e-02 9.981500604351953854e-01 5.822217900000000057e+00
9.978874602617084921e-01 1.531636534993992792e-02 -6.313497925005140399e-02 -7.100632199999999727e+00 -1.616787247238772943e-02 9.997847987795821512e-01 -1.299830869717527072e-02 -9.013699999999999490e-03 6.292230568052850637e-02 1.399160754658358534e-02 9.979203467041387610e-01 5.892246199999999767e+00
9.975919643097860279e-01 1.997998969136519434e-02 -6.641590740534694670e-02 -7.106594099999999692e+00 -2.088682985799976063e-02 9.996974845663778586e-01 -1.298767454702995892e-02 -1.110709999999999996e-02 6.613632196475435765e-02 1.434361752102797545e-02 9.977074959893730277e-01 5.962528200000000389e+00
9.972689074809121257e-01 2.350660899547000679e-02 -7.001546618684968692e-02 -7.112442999999999849e+00 -2.434462620753840081e-02 9.996415582132640587e-01 -1.113976066944944408e-02 -1.280240000000000024e-02 6.972851171969064732e-02 1.281383730548608067e-02 9.974837042412599830e-01 6.032335299999999734e+00
9.969332763868740122e-01 2.654931920451193694e-02 -7.361505336756656026e-02 -7.118956599999999746e+00 -2.701090604155930580e-02 9.996211858020288554e-01 -5.281652256605249597e-03 -1.468000000000000034e-02 7.344694266847869024e-02 7.253864178669311609e-03 9.972727450738492205e-01 6.102414600000000355e+00
9.966139176069707117e-01 2.663284729199452000e-02 -7.779068502852637401e-02 -7.125218399999999619e+00 -2.666797348238618415e-02 9.996441737481059908e-01 5.874366426890476967e-04 -1.663610000000000089e-02 7.777865017103885448e-02 1.489072391701179009e-03 9.969695402774265691e-01 6.172105300000000128e+00
9.956621656549012878e-01 2.613250351300365135e-02 -8.929694364050072553e-02 -7.138301799999999808e+00 -2.580459200501724823e-02 9.996553627038116119e-01 4.824815951463988853e-03 -1.837789999999999910e-02 8.939225310308779315e-02 -2.499615501182807231e-03 9.959933619294355500e-01 6.309610799999999742e+00
9.951551103376011786e-01 2.386121884756147934e-02 -9.537792514028373136e-02 -7.145288500000000376e+00 -2.314341115775564103e-02 9.996949474806741121e-01 8.625224727242454537e-03 -1.949160000000000129e-02 9.555463823875773310e-02 -6.376065928230346957e-03 9.954037657625869340e-01 6.377364199999999705e+00
9.937434687831874225e-01 2.972073056669882057e-02 -1.076596322924237292e-01 -7.161772700000000214e+00 -2.908921087377550063e-02 9.995491904983097031e-01 7.431930093515665484e-03 -2.131569999999999993e-02 1.078319806991377416e-01 -4.253698244536970735e-03 9.941600323839946407e-01 6.511487999999999943e+00
9.929991556543878994e-01 3.135236702671667652e-02 -1.138846168342977361e-01 -7.170474099999999851e+00 -3.114353985596415506e-02 9.995083928713505150e-01 3.612825067706725707e-03 -2.197230000000000016e-02 1.139419009623445500e-01 -4.076213839962678810e-05 9.934874138828007073e-01 6.578055400000000219e+00
9.916329745708799548e-01 3.120042007217832883e-02 -1.252620354737548070e-01 -7.188080300000000200e+00 -3.146804302197129394e-02 9.995047460268425832e-01 -1.579182834894870407e-04 -2.418019999999999892e-02 1.251950718362186965e-01 4.098348098503618378e-03 9.921236805614446208e-01 6.709414500000000281e+00
9.909672313639026342e-01 3.273617633231149654e-02 -1.300472572648168901e-01 -7.197596500000000397e+00 -3.238580310986118732e-02 9.994638744487928106e-01 4.808682640510356446e-03 -2.468539999999999970e-02 1.301349534901786453e-01 -5.535620540183818460e-04 9.914961358720272289e-01 6.775045900000000287e+00
9.900984069950080624e-01 3.338975982367664574e-02 -1.363461345431717653e-01 -7.207373099999999866e+00 -3.247941116892154312e-02 9.994328089025595885e-01 8.896535239066995920e-03 -2.530460000000000001e-02 1.365658534043837913e-01 -4.380003202854413323e-03 9.906213117311152283e-01 6.840786900000000337e+00
9.882420528438891072e-01 3.039388766752882179e-02 -1.498461096703865569e-01 -7.226838599999999779e+00 -2.957722279550667119e-02 9.995330233832497857e-01 7.676135619226451962e-03 -2.768690000000000040e-02 1.500094426447909635e-01 -3.153848251491498094e-03 9.886795337006859530e-01 6.968144399999999905e+00
9.870203092187167515e-01 2.879870942204722228e-02 -1.579922261550013030e-01 -7.237860200000000077e+00 -2.912159207545561568e-02 9.995758396314680105e-01 2.714775064053148203e-04 -2.775740000000000152e-02 1.579330303159517945e-01 4.333031348860977641e-03 9.874403185886985179e-01 7.031619100000000344e+00
