9.999096e-01 1.061516e-03 -1.340599e-02 -1.001116e-02 -1.058762e-03 9.999994e-01 2.126022e-04 -4.359704e-03 1.340621e-02 -1.983884e-04 9.999101e-01 1.857373e-01
9.984892e-01 2.145631e-03 -5.490591e-02 -6.000009e-02 -2.394373e-03 9.999871e-01 -4.464951e-03 -8.065471e-03 5.489562e-02 4.589671e-03 9.984816e-01 6.279359e-01
9.974753e-01 2.223074e-03 -7.097932e-02 -8.275693e-02 -2.545053e-03 9.999869e-01 -4.446103e-03 -8.995000e-03 7.096851e-02 4.615524e-03 9.974679e-01 7.669396e-01
6.998654e-01 2.300743e-02 -7.139041e-01 -2.415527e+00 -2.506270e-02 9.996566e-01 7.646713e-03 -5.318918e-02 7.138350e-01 1.254069e-02 7.002017e-01 4.382391e+00
6.574738e-01 1.958832e-02 -7.532227e-01 -2.663146e+00 -2.008945e-02 9.997623e-01 8.464136e-03 -5.287039e-02 7.532096e-01 9.566887e-03 6.577111e-01 4.540774e+00
4.622315e-01 2.267230e-02 -8.864694e-01 -3.836955e+00 -1.311577e-02 9.997385e-01 1.873032e-02 -4.505658e-02 8.866623e-01 2.968993e-03 4.624080e-01 5.057271e+00
2.439423e-01 3.226578e-02 -9.692528e-01 -5.299329e+00 -5.239211e-03 9.994756e-01 3.195328e-02 -2.697748e-02 9.697756e-01 -2.716632e-03 2.439834e-01 5.360943e+00
1.451008e-01 3.362423e-02 -9.888454e-01 -6.122091e+00 -3.991990e-03 9.994341e-01 3.339852e-02 -1.604266e-02 9.894089e-01 -8.986869e-04 1.451529e-01 5.421290e+00
1.020609e-01 3.392393e-02 -9.941995e-01 -6.558994e+00 -6.144850e-03 9.994208e-01 3.347129e-02 -5.757046e-03 9.947592e-01 2.693100e-03 1.022102e-01 5.427674e+00
-2.721994e-03 2.726005e-02 -9.996247e-01 -7.950411e+00 -5.718749e-03 9.996116e-01 2.727527e-02 2.306424e-02 9.999800e-01 5.790849e-03 -2.565041e-03 5.389282e+00
-2.964894e-02 2.550783e-02 -9.992348e-01 -8.444612e+00 -6.326376e-03 9.996495e-01 2.570614e-02 3.066422e-02 9.995404e-01 7.083698e-03 -2.947717e-02 5.353644e+00
-6.733280e-02 2.173972e-02 -9.974937e-01 -9.480377e+00 -6.474859e-03 9.997320e-01 2.222558e-02 5.248992e-02 9.977096e-01 7.955144e-03 -6.717399e-02 5.263869e+00
-9.045247e-02 2.383599e-02 -9.956155e-01 -1.057921e+01 -6.387145e-03 9.996791e-01 2.451356e-02 6.596199e-02 9.958803e-01 8.576455e-03 -9.027120e-02 5.153075e+00
-9.725791e-02 2.540281e-02 -9.949350e-01 -1.115274e+01 -8.559783e-03 9.996159e-01 2.635907e-02 6.936405e-02 9.952224e-01 1.108006e-02 -9.700311e-02 5.088360e+00
-1.018114e-01 2.626013e-02 -9.944570e-01 -1.173941e+01 -8.587813e-03 9.995911e-01 2.727492e-02 7.855473e-02 9.947667e-01 1.131711e-02 -1.015442e-01 5.025880e+00
-1.013578e-01 3.126980e-02 -9.943585e-01 -1.360015e+01 -4.596263e-03 9.994805e-01 3.189940e-02 1.095163e-01 9.948395e-01 7.803588e-03 -1.011614e-01 4.835681e+00
-9.950488e-02 3.165295e-02 -9.945335e-01 -1.425164e+01 -7.042716e-03 9.994464e-01 3.251396e-02 1.178242e-01 9.950122e-01 1.023952e-02 -9.922688e-02 4.767225e+00
-9.786425e-02 2.880843e-02 -9.947827e-01 -1.491341e+01 -8.778970e-03 9.995170e-01 2.980919e-02 1.296149e-01 9.951611e-01 1.165042e-02 -9.756407e-02 4.697363e+00
-9.508533e-02 3.088559e-02 -9.949899e-01 -1.629098e+01 -8.691167e-03 9.994547e-01 3.185476e-02 1.622254e-01 9.954312e-01 1.167655e-02 -9.476505e-02 4.563302e+00
-9.324592e-02 3.432541e-02 -9.950512e-01 -1.700478e+01 -9.606841e-03 9.993280e-01 3.537320e-02 1.770188e-01 9.955968e-01 1.285771e-02 -9.285350e-02 4.494630e+00
-9.143352e-02 3.749733e-02 -9.951049e-01 -1.773322e+01 -1.072094e-02 9.991958e-01 3.863657e-02 1.905594e-01 9.957535e-01 1.420114e-02 -9.095798e-02 4.426532e+00
-8.963018e-02 3.633795e-02 -9.953120e-01 -1.847183e+01 -1.191924e-02 9.992235e-01 3.755412e-02 2.092753e-01 9.959038e-01 1.522934e-02 -8.912746e-02 4.359249e+00
-8.776869e-02 3.343541e-02 -9.955796e-01 -1.922427e+01 -1.418124e-02 9.992933e-01 3.481034e-02 2.305555e-01 9.960400e-01 1.717381e-02 -8.723251e-02 4.290984e+00
-8.451284e-02 3.487323e-02 -9.958119e-01 -2.077310e+01 -1.290088e-02 9.992653e-01 3.608905e-02 2.703516e-01 9.963389e-01 1.589684e-02 -8.400085e-02 4.161929e+00
-8.195788e-02 3.938854e-02 -9.958571e-01 -2.236419e+01 -9.754524e-03 9.991391e-01 4.032114e-02 3.062236e-01 9.965881e-01 1.301875e-02 -8.150311e-02 4.035961e+00
-8.074505e-02 2.784209e-02 -9.963458e-01 -2.396950e+01 -8.508473e-03 9.995541e-01 2.862128e-02 3.342058e-01 9.966985e-01 1.078841e-02 -8.047215e-02 3.908970e+00
-8.117506e-02 2.268473e-02 -9.964417e-01 -2.561886e+01 -3.485151e-03 9.997284e-01 2.304348e-02 3.615096e-01 9.966938e-01 5.343309e-03 -8.107395e-02 3.786079e+00
-8.132601e-02 3.806049e-02 -9.959606e-01 -2.730755e+01 -5.642357e-03 9.992370e-01 3.864644e-02 3.854991e-01 9.966716e-01 8.762529e-03 -8.104921e-02 3.644752e+00
-8.204879e-02 4.465936e-02 -9.956272e-01 -2.899762e+01 -9.387220e-03 9.989165e-01 4.558051e-02 4.194172e-01 9.965841e-01 1.308600e-02 -8.154066e-02 3.492898e+00
-8.290210e-02 3.805547e-02 -9.958308e-01 -3.067424e+01 -9.508351e-03 9.991949e-01 3.897560e-02 4.566603e-01 9.965124e-01 1.269987e-02 -8.247351e-02 3.346046e+00
-8.269813e-02 4.194649e-02 -9.956915e-01 -3.235442e+01 -1.214292e-02 9.989972e-01 4.309431e-02 4.917256e-01 9.965007e-01 1.565442e-02 -8.210584e-02 3.198821e+00
-8.231200e-02 3.566380e-02 -9.959683e-01 -3.402626e+01 -1.376549e-02 9.992235e-01 3.691803e-02 5.241899e-01 9.965116e-01 1.674879e-02 -8.175715e-02 3.051261e+00
-8.151395e-02 3.157687e-02 -9.961718e-01 -3.569639e+01 -1.501861e-02 9.993456e-01 3.290641e-02 5.500320e-01 9.965591e-01 1.764345e-02 -8.098637e-02 2.910621e+00
-8.028235e-02 3.893236e-02 -9.960115e-01 -3.737375e+01 -1.355742e-02 9.991018e-01 4.014595e-02 5.707777e-01 9.966800e-01 1.672636e-02 -7.968242e-02 2.775070e+00
-7.980664e-02 4.835639e-02 -9.956367e-01 -3.904918e+01 -1.285875e-02 9.986896e-01 4.953538e-02 6.055646e-01 9.967275e-01 1.675590e-02 -7.908026e-02 2.638855e+00
-7.935204e-02 4.425698e-02 -9.958637e-01 -4.071171e+01 -1.242385e-02 9.988924e-01 4.538155e-02 6.464858e-01 9.967693e-01 1.597358e-02 -7.871431e-02 2.504806e+00
-7.862370e-02 3.683575e-02 -9.962236e-01 -4.236520e+01 -1.711449e-02 9.991199e-01 3.829356e-02 6.807227e-01 9.967575e-01 2.006064e-02 -7.792408e-02 2.363072e+00
-7.976546e-02 3.312770e-02 -9.962630e-01 -4.401519e+01 -1.910751e-02 9.992131e-01 3.475564e-02 7.092788e-01 9.966305e-01 2.180841e-02 -7.906970e-02 2.223683e+00
-8.168221e-02 2.762876e-02 -9.962754e-01 -4.566121e+01 -1.115209e-02 9.995277e-01 2.863330e-02 7.331961e-01 9.965961e-01 1.344938e-02 -8.133552e-02 2.096619e+00
-8.506616e-02 3.760111e-02 -9.956655e-01 -4.730744e+01 -8.393766e-03 9.992251e-01 3.845268e-02 7.534145e-01 9.963400e-01 1.162841e-02 -8.468463e-02 1.959122e+00
-8.855103e-02 4.048818e-02 -9.952484e-01 -4.893314e+01 -5.319431e-03 9.991400e-01 4.111980e-02 7.767209e-01 9.960575e-01 8.935358e-03 -8.825951e-02 1.820295e+00
-9.088125e-02 3.306855e-02 -9.953125e-01 -5.053252e+01 -1.334325e-02 9.993184e-01 3.442002e-02 7.989932e-01 9.957724e-01 1.640884e-02 -9.037806e-02 1.659366e+00
-9.301301e-02 3.268320e-02 -9.951283e-01 -5.212276e+01 -1.993854e-02 9.991995e-01 3.468054e-02 8.219496e-01 9.954653e-01 2.306714e-02 -9.228690e-02 1.493752e+00
-9.489148e-02 3.383215e-02 -9.949125e-01 -5.370196e+01 -2.126901e-02 9.991253e-01 3.600398e-02 8.419538e-01 9.952604e-01 2.457727e-02 -9.408890e-02 1.337479e+00
-9.600787e-02 3.526470e-02 -9.947557e-01 -5.526303e+01 -2.088946e-02 9.990807e-01 3.743416e-02 8.601357e-01 9.951614e-01 2.437388e-02 -9.518295e-02 1.184702e+00
-9.631889e-02 4.229139e-02 -9.944516e-01 -5.681074e+01 -2.023666e-02 9.988072e-01 4.443667e-02 8.820234e-01 9.951448e-01 2.440447e-02 -9.534816e-02 1.032637e+00
-9.751230e-02 4.461774e-02 -9.942337e-01 -5.833039e+01 -1.973636e-02 9.987114e-01 4.675439e-02 9.106542e-01 9.950386e-01 2.418168e-02 -9.650605e-02 8.830630e-01
-9.799930e-02 3.666304e-02 -9.945109e-01 -6.053658e+01 -1.904440e-02 9.990691e-01 3.870773e-02 9.432177e-01 9.950043e-01 2.273319e-02 -9.720985e-02 6.623665e-01
-9.446826e-02 3.336158e-02 -9.949687e-01 -6.194033e+01 -2.166315e-02 9.991328e-01 3.555804e-02 9.565112e-01 9.952922e-01 2.491326e-02 -9.366362e-02 5.237598e-01
-7.769131e-02 3.737607e-02 -9.962766e-01 -6.393546e+01 -2.099037e-02 9.990142e-01 3.911565e-02 9.696725e-01 9.967565e-01 2.395116e-02 -7.683019e-02 3.622951e-01
-6.908210e-02 3.878501e-02 -9.968567e-01 -6.457047e+01 -2.201573e-02 9.989413e-01 4.039181e-02 9.742130e-01 9.973681e-01 2.473688e-02 -6.815508e-02 3.201877e-01
-4.271090e-02 4.211609e-02 -9.981994e-01 -6.579136e+01 -2.736683e-02 9.986869e-01 4.330764e-02 9.882448e-01 9.987126e-01 2.916726e-02 -4.150223e-02 2.627668e-01
-2.429915e-02 4.346382e-02 -9.987594e-01 -6.637563e+01 -2.907338e-02 9.986011e-01 4.416428e-02 9.966522e-01 9.992819e-01 3.011046e-02 -2.300152e-02 2.555668e-01
5.165759e-02 4.439305e-02 -9.976777e-01 -6.799052e+01 -2.852108e-02 9.986696e-01 4.296044e-02 1.013813e+00 9.982575e-01 2.623562e-02 5.285500e-02 3.455598e-01
8.536048e-02 4.448258e-02 -9.953566e-01 -6.848214e+01 -2.750150e-02 9.987274e-01 4.227474e-02 1.016477e+00 9.959705e-01 2.376521e-02 8.647519e-02 4.164808e-01
1.227573e-01 4.458956e-02 -9.914345e-01 -6.895412e+01 -2.686321e-02 9.987734e-01 4.159349e-02 1.019824e+00 9.920731e-01 2.152721e-02 1.238045e-01 5.048813e-01
4.589753e-01 2.786762e-02 -8.880119e-01 -7.181419e+01 -4.383319e-03 9.995668e-01 2.910289e-02 1.040291e+00 8.884383e-01 -9.465065e-03 4.588986e-01 1.753829e+00
5.956629e-01 1.585576e-02 -8.030780e-01 -7.281071e+01 1.549808e-02 9.993921e-01 3.122705e-02 1.052187e+00 8.030850e-01 -3.104695e-02 5.950551e-01 2.601772e+00
6.381226e-01 1.052786e-02 -7.698628e-01 -7.310855e+01 1.763745e-02 9.994442e-01 2.828668e-02 1.052214e+00 7.697328e-01 -3.162878e-02 6.375822e-01 2.908665e+00
6.793713e-01 6.183858e-03 -7.337686e-01 -7.338524e+01 1.438602e-02 9.996600e-01 2.174420e-02 1.051991e+00 7.336537e-01 -2.532839e-02 6.790514e-01 3.220823e+00
8.310408e-01 -8.059018e-03 -5.561530e-01 -7.440171e+01 6.588534e-03 9.999675e-01 -4.645155e-03 1.057076e+00 5.561724e-01 1.960829e-04 8.310669e-01 4.718510e+00
8.620977e-01 -7.374496e-03 -5.066885e-01 -7.461515e+01 4.114510e-03 9.999630e-01 -7.553191e-03 1.053457e+00 5.067255e-01 4.426815e-03 8.620961e-01 5.155827e+00
8.886387e-01 -5.432656e-03 -4.585759e-01 -7.482560e+01 3.165614e-03 9.999786e-01 -5.712150e-03 1.044844e+00 4.585971e-01 3.624365e-03 8.886369e-01 5.623155e+00
9.282975e-01 4.418182e-03 -3.718121e-01 -7.520557e+01 -7.412496e-03 9.999506e-01 -6.624412e-03 1.035836e+00 3.717645e-01 8.905481e-03 9.282844e-01 6.618096e+00
9.422181e-01 8.825716e-03 -3.348837e-01 -7.537989e+01 -1.143552e-02 9.999176e-01 -5.822212e-03 1.030282e+00 3.348048e-01 9.315364e-03 9.422415e-01 7.151976e+00
9.526123e-01 1.032154e-02 -3.040119e-01 -7.553930e+01 -1.194835e-02 9.999225e-01 -3.491331e-03 1.020134e+00 3.039523e-01 6.958325e-03 9.526619e-01 7.706095e+00
9.601292e-01 9.160134e-03 -2.794067e-01 -7.569196e+01 -1.017334e-02 9.999459e-01 -2.176331e-03 1.010452e+00 2.793717e-01 4.932060e-03 9.601704e-01 8.281091e+00
9.745261e-01 1.556476e-02 -2.237336e-01 -7.612225e+01 -1.516088e-02 9.998788e-01 3.522981e-03 9.889481e-01 2.237613e-01 -4.123826e-05 9.746440e-01 1.011220e+01
9.775062e-01 2.013451e-02 -2.099436e-01 -7.625804e+01 -1.939283e-02 9.997963e-01 5.591008e-03 9.812746e-01 2.100134e-01 -1.393842e-03 9.776975e-01 1.075522e+01
9.802980e-01 1.842505e-02 -1.966633e-01 -7.637903e+01 -1.774418e-02 9.998289e-01 5.223750e-03 9.768095e-01 1.967259e-01 -1.631200e-03 9.804572e-01 1.141499e+01
9.855730e-01 1.863308e-02 -1.682221e-01 -7.660203e+01 -1.798644e-02 9.998238e-01 5.367037e-03 9.705966e-01 1.682925e-01 -2.263888e-03 9.857345e-01 1.278422e+01
9.913422e-01 2.118524e-02 -1.295831e-01 -7.688462e+01 -2.151281e-02 9.997679e-01 -1.128479e-03 9.437305e-01 1.295291e-01 3.906406e-03 9.915679e-01 1.494545e+01
9.926196e-01 1.845295e-02 -1.198577e-01 -7.696463e+01 -1.957470e-02 9.997748e-01 -8.188277e-03 9.352274e-01 1.196796e-01 1.047402e-02 9.927573e-01 1.568785e+01
9.935925e-01 1.788793e-02 -1.115977e-01 -7.704091e+01 -1.906292e-02 9.997734e-01 -9.470564e-03 9.267552e-01 1.114030e-01 1.153726e-02 9.937084e-01 1.644684e+01
9.947552e-01 2.430267e-02 -9.935508e-02 -7.719881e+01 -2.389875e-02 9.997006e-01 5.253839e-03 8.975356e-01 9.945301e-02 -2.851820e-03 9.950382e-01 1.799359e+01
9.955248e-01 2.343596e-02 -9.154850e-02 -7.733723e+01 -2.275392e-02 9.997050e-01 8.486912e-03 8.765600e-01 9.172041e-02 -6.365842e-03 9.957645e-01 1.953401e+01
9.961043e-01 2.209172e-02 -8.537129e-02 -7.746374e+01 -2.137124e-02 9.997279e-01 9.344273e-03 8.595219e-01 8.555450e-02 -7.483377e-03 9.963054e-01 2.107246e+01
9.966536e-01 1.782813e-02 -7.977275e-02 -7.757340e+01 -1.673759e-02 9.997574e-01 1.431852e-02 8.408161e-01 8.000867e-02 -1.293540e-02 9.967102e-01 2.261434e+01
9.969879e-01 1.955555e-02 -7.505097e-02 -7.767675e+01 -1.932613e-02 9.998061e-01 3.782018e-03 8.191268e-01 7.511038e-02 -2.320180e-03 9.971725e-01 2.413827e+01
9.971687e-01 2.063475e-02 -7.231107e-02 -7.778961e+01 -2.132267e-02 9.997343e-01 -8.754247e-03 7.903154e-01 7.211122e-02 1.027133e-02 9.973437e-01 2.565478e+01
9.973626e-01 2.544213e-02 -6.797409e-02 -7.790878e+01 -2.571467e-02 9.996644e-01 -3.137224e-03 7.508496e-01 6.787147e-02 4.876881e-03 9.976822e-01 2.718067e+01
9.974099e-01 2.928043e-02 -6.569765e-02 -7.796897e+01 -2.918789e-02 9.995711e-01 2.368255e-03 7.293732e-01 6.573882e-02 -4.445438e-04 9.978368e-01 2.793923e+01
9.977642e-01 2.414407e-02 -6.231882e-02 -7.806469e+01 -2.395666e-02 9.997059e-01 3.753051e-03 6.969693e-01 6.239112e-02 -2.251708e-03 9.980492e-01 2.944067e+01
9.979345e-01 2.226502e-02 -6.025832e-02 -7.815548e+01 -2.214324e-02 9.997512e-01 2.688050e-03 6.647429e-01 6.030318e-02 -1.348182e-03 9.981792e-01 3.094569e+01
9.980837e-01 1.853880e-02 -5.903657e-02 -7.824233e+01 -1.850660e-02 9.998281e-01 1.092321e-03 6.301632e-01 5.904668e-02 2.339810e-06 9.982552e-01 3.246413e+01
9.980745e-01 2.157565e-02 -5.815252e-02 -7.829498e+01 -2.151672e-02 9.997671e-01 1.639538e-03 6.149092e-01 5.817435e-02 -3.851293e-04 9.983064e-01 3.323079e+01
9.979711e-01 2.159270e-02 -5.989508e-02 -7.839928e+01 -2.159192e-02 9.997666e-01 6.603379e-04 5.789981e-01 5.989536e-02 6.342523e-04 9.982045e-01 3.477685e+01
9.976774e-01 2.011746e-02 -6.507739e-02 -7.850718e+01 -2.011485e-02 9.997974e-01 6.953249e-04 5.473641e-01 6.507820e-02 6.153131e-04 9.978800e-01 3.634754e+01
9.971704e-01 2.553434e-02 -7.070529e-02 -7.863617e+01 -2.581427e-02 9.996621e-01 -3.047894e-03 5.110168e-01 7.060358e-02 4.864475e-03 9.974926e-01 3.793752e+01
9.968668e-01 2.420540e-02 -7.530350e-02 -7.876270e+01 -2.494465e-02 9.996493e-01 -8.891721e-03 4.825696e-01 7.506187e-02 1.074228e-02 9.971210e-01 3.954602e+01
9.965245e-01 2.452513e-02 -7.960794e-02 -7.889593e+01 -2.510311e-02 9.996652e-01 -6.267558e-03 4.461482e-01 7.942758e-02 8.244181e-03 9.968066e-01 4.119468e+01
9.963375e-01 2.221964e-02 -8.257034e-02 -7.902897e+01 -2.241261e-02 9.997478e-01 -1.410729e-03 4.207820e-01 8.251817e-02 3.256179e-03 9.965843e-01 4.287429e+01
9.963146e-01 2.183582e-02 -8.294879e-02 -7.917130e+01 -2.140884e-02 9.997526e-01 6.033575e-03 3.888969e-01 8.306002e-02 -4.235500e-03 9.965356e-01 4.457894e+01
9.965520e-01 2.539001e-02 -7.899005e-02 -7.931863e+01 -2.509685e-02 9.996739e-01 4.702072e-03 3.639286e-01 7.908368e-02 -2.703457e-03 9.968643e-01 4.629920e+01
9.969335e-01 1.893559e-02 -7.592862e-02 -7.944527e+01 -1.895157e-02 9.998202e-01 5.102881e-04 3.344377e-01 7.592464e-02 9.302438e-04 9.971131e-01 4.803166e+01
9.972126e-01 1.581570e-02 -7.291775e-02 -7.957376e+01 -1.565802e-02 9.998736e-01 2.733572e-03 3.027919e-01 7.295177e-02 -1.584204e-03 9.973342e-01 4.977895e+01
9.973788e-01 1.166362e-02 -7.141078e-02 -7.969742e+01 -1.127732e-02 9.999195e-01 5.810410e-03 2.720427e-01 7.147281e-02 -4.989856e-03 9.974301e-01 5.152945e+01
9.974391e-01 1.598027e-02 -6.971308e-02 -7.983358e+01 -1.619357e-02 9.998657e-01 -2.495506e-03 2.408602e-01 6.966385e-02 3.618019e-03 9.975640e-01 5.325480e+01
9.974312e-01 2.221504e-02 -6.809873e-02 -7.996964e+01 -2.324070e-02 9.996275e-01 -1.430614e-02 1.922996e-01 6.775555e-02 1.585205e-02 9.975760e-01 5.496562e+01
9.975764e-01 1.936231e-02 -6.683203e-02 -8.009273e+01 -2.008845e-02 9.997460e-01 -1.021019e-02 1.408072e-01 6.661737e-02 1.152800e-02 9.977120e-01 5.667063e+01
9.974598e-01 2.043472e-02 -6.823714e-02 -8.022244e+01 -1.982576e-02 9.997574e-01 9.589694e-03 9.233457e-02 6.841656e-02 -8.212479e-03 9.976230e-01 5.837775e+01
9.973475e-01 1.637144e-02 -7.092222e-02 -8.028086e+01 -1.600464e-02 9.998554e-01 5.737102e-03 7.510008e-02 7.100590e-02 -4.586798e-03 9.974654e-01 5.921310e+01
9.972626e-01 1.027044e-02 -7.322438e-02 -8.033871e+01 -1.012140e-02 9.999459e-01 2.406207e-03 5.914325e-02 7.324513e-02 -1.658486e-03 9.973126e-01 6.004264e+01
9.970686e-01 9.839836e-03 -7.587720e-02 -8.040305e+01 -9.745675e-03 9.999512e-01 1.611168e-03 4.000654e-02 7.588935e-02 -8.669694e-04 9.971159e-01 6.087223e+01
9.968586e-01 1.117945e-02 -7.840894e-02 -8.047401e+01 -1.129988e-02 9.999355e-01 -1.092300e-03 1.826730e-02 7.839168e-02 1.974881e-03 9.969207e-01 6.169567e+01
9.965538e-01 1.302843e-02 -8.191992e-02 -8.054972e+01 -1.342493e-02 9.999006e-01 -4.291024e-03 -3.742664e-03 8.185588e-02 5.376005e-03 9.966297e-01 6.251365e+01
9.959022e-01 1.469750e-02 -8.923512e-02 -8.069604e+01 -1.586026e-02 9.997981e-01 -1.233511e-02 -5.452812e-02 8.903581e-02 1.369985e-02 9.959342e-01 6.413629e+01
9.951360e-01 2.300598e-02 -9.578676e-02 -8.085967e+01 -2.409303e-02 9.996576e-01 -1.020740e-02 -1.090773e-01 9.551914e-02 1.246554e-02 9.953495e-01 6.575279e+01
9.946717e-01 2.644463e-02 -9.964404e-02 -8.094518e+01 -2.706427e-02 9.996218e-01 -4.871640e-03 -1.360470e-01 9.947753e-02 7.542475e-03 9.950112e-01 6.655929e+01
9.937512e-01 2.685355e-02 -1.083396e-01 -8.112341e+01 -2.642608e-02 9.996363e-01 5.379751e-03 -1.755819e-01 1.084446e-01 -2.483143e-03 9.940994e-01 6.815999e+01
9.930349e-01 2.640960e-02 -1.148227e-01 -8.121916e+01 -2.589901e-02 9.996469e-01 5.936642e-03 -1.913565e-01 1.149389e-01 -2.921497e-03 9.933683e-01 6.894880e+01
9.923841e-01 2.388637e-02 -1.208442e-01 -8.131685e+01 -2.290157e-02 9.996923e-01 9.531912e-03 -2.042169e-01 1.210347e-01 -6.691793e-03 9.926257e-01 6.973955e+01
9.915731e-01 2.407923e-02 -1.272910e-01 -8.142164e+01 -2.304024e-02 9.996881e-01 9.628695e-03 -2.174815e-01 1.274832e-01 -6.614737e-03 9.918187e-01 7.052030e+01
9.898411e-01 3.060365e-02 -1.388453e-01 -8.166368e+01 -3.013394e-02 9.995308e-01 5.484427e-03 -2.426308e-01 1.389480e-01 -1.244755e-03 9.902989e-01 7.205943e+01
9.889858e-01 2.968952e-02 -1.450022e-01 -8.178344e+01 -2.963715e-02 9.995575e-01 2.521779e-03 -2.550723e-01 1.450129e-01 1.803450e-03 9.894281e-01 7.282193e+01
9.881343e-01 3.153952e-02 -1.503194e-01 -8.191089e+01 -3.159826e-02 9.994986e-01 1.998407e-03 -2.691768e-01 1.503071e-01 2.775138e-03 9.886355e-01 7.358474e+01
9.873798e-01 3.326103e-02 -1.548380e-01 -8.204910e+01 -3.277161e-02 9.994465e-01 5.713068e-03 -2.836517e-01 1.549424e-01 -5.666748e-04 9.879234e-01 7.434335e+01
9.864030e-01 3.427245e-02 -1.607315e-01 -8.218657e+01 -3.300776e-02 9.993996e-01 1.053264e-02 -2.975894e-01 1.609960e-01 -5.084039e-03 9.869420e-01 7.510124e+01
9.842290e-01 3.187628e-02 -1.740035e-01 -8.246709e+01 -3.058414e-02 9.994811e-01 1.010295e-02 -3.273793e-01 1.742353e-01 -4.621867e-03 9.846932e-01 7.659470e+01
9.827805e-01 2.892232e-02 -1.824992e-01 -8.261416e+01 -2.899126e-02 9.995770e-01 2.290686e-03 -3.380953e-01 1.824882e-01 3.039639e-03 9.832033e-01 7.733161e+01
9.811245e-01 2.632367e-02 -1.915771e-01 -8.276564e+01 -2.684762e-02 9.996395e-01 -1.392230e-04 -3.542448e-01 1.915044e-01 5.279985e-03 9.814776e-01 7.806923e+01
9.766120e-01 2.610930e-02 -2.134180e-01 -8.310119e+01 -2.486657e-02 9.996546e-01 8.505821e-03 -3.866320e-01 2.135664e-01 -2.999910e-03 9.769240e-01 7.954411e+01
9.712876e-01 2.949127e-02 -2.360734e-01 -8.346726e+01 -2.505677e-02 9.994491e-01 2.176316e-02 -4.083909e-01 2.365852e-01 -1.522305e-02 9.714915e-01 8.101060e+01
9.651691e-01 3.120823e-02 -2.597589e-01 -8.385643e+01 -3.033783e-02 9.995126e-01 7.360235e-03 -4.258951e-01 2.598620e-01 7.766520e-04 9.656455e-01 8.243070e+01
9.583100e-01 2.728584e-02 -2.844247e-01 -8.426582e+01 -2.654382e-02 9.996267e-01 6.463758e-03 -4.288742e-01 2.844949e-01 1.355435e-03 9.586766e-01 8.386239e+01
9.511074e-01 3.068897e-02 -3.073318e-01 -8.472751e+01 -2.552079e-02 9.994574e-01 2.082214e-02 -4.424402e-01 3.078041e-01 -1.196073e-02 9.513746e-01 8.530299e+01
9.430702e-01 2.468379e-02 -3.316766e-01 -8.521230e+01 -2.123288e-02 9.996762e-01 1.402483e-02 -4.477484e-01 3.319154e-01 -6.183949e-03 9.432889e-01 8.671556e+01
9.371067e-01 1.714544e-02 -3.486217e-01 -8.572668e+01 -1.775628e-02 9.998413e-01 1.443362e-03 -4.633066e-01 3.485911e-01 4.837642e-03 9.372624e-01 8.811804e+01
9.312646e-01 2.180425e-02 -3.636906e-01 -8.628029e+01 -2.362202e-02 9.997208e-01 -5.504198e-04 -4.872714e-01 3.635771e-01 9.103693e-03 9.315197e-01 8.952111e+01
9.249334e-01 2.313847e-02 -3.794244e-01 -8.686039e+01 -2.178644e-02 9.997317e-01 7.857321e-03 -4.833979e-01 3.795045e-01 9.988106e-04 9.251894e-01 9.091809e+01
9.193440e-01 3.416534e-02 -3.919686e-01 -8.747632e+01 -2.709705e-02 9.993553e-01 2.355242e-02 -4.825025e-01 3.925206e-01 -1.103158e-02 9.196771e-01 9.231850e+01
9.142241e-01 3.856213e-02 -4.033699e-01 -8.811795e+01 -3.615563e-02 9.992538e-01 1.358310e-02 -4.680556e-01 4.035928e-01 2.166101e-03 9.149362e-01 9.368698e+01
9.103967e-01 3.049936e-02 -4.126108e-01 -8.874901e+01 -3.152904e-02 9.994935e-01 4.313954e-03 -4.631796e-01 4.125334e-01 9.081815e-03 9.108972e-01 9.506817e+01
9.082629e-01 3.717963e-02 -4.167447e-01 -8.908452e+01 -3.633541e-02 9.992900e-01 9.960858e-03 -4.666220e-01 4.168192e-01 6.095514e-03 9.089690e-01 9.576606e+01
9.033931e-01 3.685824e-02 -4.272264e-01 -8.974796e+01 -3.407694e-02 9.993189e-01 1.415707e-02 -4.788901e-01 4.274572e-01 1.769167e-03 9.040339e-01 9.716351e+01
8.990019e-01 3.151276e-02 -4.368096e-01 -9.042665e+01 -3.495250e-02 9.993889e-01 1.628784e-04 -4.875902e-01 4.365478e-01 1.512116e-02 8.995540e-01 9.853474e+01
8.966246e-01 3.188904e-02 -4.416416e-01 -9.077493e+01 -3.638479e-02 9.993364e-01 -1.710908e-03 -4.958138e-01 4.412940e-01 1.760308e-02 8.971899e-01 9.921955e+01
8.945911e-01 3.566952e-02 -4.454599e-01 -9.113104e+01 -3.821885e-02 9.992640e-01 3.261876e-03 -5.064823e-01 4.452484e-01 1.410692e-02 8.952960e-01 9.990950e+01
8.901319e-01 3.804467e-02 -4.541121e-01 -9.184000e+01 -3.946244e-02 9.992008e-01 6.358551e-03 -5.261980e-01 4.539911e-01 1.226042e-02 8.909219e-01 1.012774e+02
8.857904e-01 3.453353e-02 -4.627988e-01 -9.255294e+01 -3.625907e-02 9.993290e-01 5.169495e-03 -5.434586e-01 4.626668e-01 1.220156e-02 8.864483e-01 1.026273e+02
8.836111e-01 3.434905e-02 -4.669600e-01 -9.291478e+01 -3.563710e-02 9.993463e-01 6.076049e-03 -5.511717e-01 4.668634e-01 1.127223e-02 8.842576e-01 1.032961e+02
8.813923e-01 3.522323e-02 -4.710700e-01 -9.328321e+01 -3.658770e-02 9.993108e-01 6.264141e-03 -5.589669e-01 4.709660e-01 1.171420e-02 8.820736e-01 1.039601e+02
8.790575e-01 3.637209e-02 -4.753262e-01 -9.365046e+01 -3.747987e-02 9.992718e-01 7.150149e-03 -5.659964e-01 4.752401e-01 1.152977e-02 8.797806e-01 1.046187e+02
8.766763e-01 3.328006e-02 -4.799282e-01 -9.401507e+01 -3.630651e-02 9.993362e-01 2.977368e-03 -5.767572e-01 4.797088e-01 1.481433e-02 8.773027e-01 1.052674e+02
8.743880e-01 3.013636e-02 -4.842906e-01 -9.438211e+01 -3.517202e-02 9.993804e-01 -1.313869e-03 -5.883920e-01 4.839510e-01 1.818231e-02 8.749062e-01 1.059103e+02
8.722627e-01 2.821580e-02 -4.882229e-01 -9.474824e+01 -3.480935e-02 9.993841e-01 -4.433357e-03 -5.980777e-01 4.877972e-01 2.086177e-02 8.727077e-01 1.065472e+02
8.684481e-01 3.401415e-02 -4.946119e-01 -9.549621e+01 -3.470690e-02 9.993672e-01 7.786899e-03 -6.134439e-01 4.945638e-01 1.040393e-02 8.690791e-01 1.078233e+02
8.669419e-01 3.641112e-02 -4.970774e-01 -9.586451e+01 -3.197040e-02 9.993366e-01 1.744294e-02 -6.210034e-01 4.973828e-01 7.697512e-04 8.675309e-01 1.084529e+02
8.638730e-01 3.277621e-02 -5.026421e-01 -9.657402e+01 -2.481486e-02 9.994383e-01 2.252282e-02 -6.245992e-01 5.030980e-01 -6.983865e-03 8.642012e-01 1.096683e+02
8.604880e-01 2.901689e-02 -5.086437e-01 -9.726338e+01 -2.420205e-02 9.995777e-01 1.608015e-02 -6.273272e-01 5.088956e-01 -1.526556e-03 8.608269e-01 1.108135e+02
8.563908e-01 2.615873e-02 -5.156651e-01 -9.824175e+01 -2.116463e-02 9.996549e-01 1.556149e-02 -6.324615e-01 5.158942e-01 -2.412857e-03 8.566489e-01 1.124233e+02
8.551887e-01 2.632932e-02 -5.176476e-01 -9.855027e+01 -2.027669e-02 9.996439e-01 1.734686e-02 -6.360649e-01 5.179200e-01 -4.338655e-03 8.554181e-01 1.129252e+02
8.538736e-01 2.501776e-02 -5.198789e-01 -9.884348e+01 -1.842777e-02 9.996710e-01 1.783982e-02 -6.367940e-01 5.201542e-01 -5.652739e-03 8.540537e-01 1.134056e+02
8.502349e-01 2.237476e-02 -5.259277e-01 -9.966423e+01 -1.755837e-02 9.997457e-01 1.414706e-02 -6.481915e-01 5.261106e-01 -2.793885e-03 8.504116e-01 1.147173e+02
8.440195e-01 1.231158e-02 -5.361711e-01 -1.003993e+02 -9.473063e-03 9.999227e-01 8.048149e-03 -6.585884e-01 5.362288e-01 -1.713609e-03 8.440709e-01 1.158608e+02
8.334971e-01 2.250171e-02 -5.520654e-01 -1.010904e+02 -1.674193e-02 9.997401e-01 1.547193e-02 -6.694671e-01 5.522701e-01 -3.653171e-03 8.336572e-01 1.168348e+02
8.297184e-01 2.829663e-02 -5.574645e-01 -1.013056e+02 -1.887682e-02 9.995654e-01 2.264161e-02 -6.713923e-01 5.578630e-01 -8.262992e-03 8.298920e-01 1.171266e+02
6.354473e-01 2.548306e-02 -7.717236e-01 -1.039548e+02 -1.698091e-02 9.996747e-01 1.902792e-02 -6.680274e-01 7.719575e-01 1.013332e-03 6.356734e-01 1.197348e+02
5.634743e-01 3.764848e-02 -8.252753e-01 -1.045336e+02 -2.419062e-02 9.992846e-01 2.907001e-02 -6.558701e-01 8.257794e-01 3.583724e-03 5.639819e-01 1.200291e+02
5.122978e-01 4.558652e-02 -8.575971e-01 -1.049312e+02 -3.112374e-02 9.989197e-01 3.450648e-02 -6.515101e-01 8.582437e-01 9.014040e-03 5.131632e-01 1.201854e+02
2.697084e-01 3.786323e-02 -9.621973e-01 -1.066408e+02 -2.804717e-02 9.991116e-01 3.145409e-02 -6.251645e-01 9.625335e-01 1.850348e-02 2.705307e-01 1.205994e+02
2.122537e-02 3.663835e-02 -9.991031e-01 -1.083468e+02 -1.818862e-02 9.991770e-01 3.625467e-02 -5.780578e-01 9.996093e-01 1.740279e-02 2.187430e-02 1.205908e+02
-3.218362e-02 3.879313e-02 -9.987288e-01 -1.087113e+02 -1.358154e-02 9.991372e-01 3.924666e-02 -5.724405e-01 9.993897e-01 1.482738e-02 -3.162899e-02 1.205308e+02
-1.898080e-01 4.394759e-02 -9.808371e-01 -1.098936e+02 -1.637565e-03 9.989821e-01 4.507750e-02 -5.498158e-01 9.818199e-01 1.016226e-02 -1.895429e-01 1.202526e+02
-2.393286e-01 4.521660e-02 -9.698852e-01 -1.103105e+02 2.445837e-03 9.989399e-01 4.596763e-02 -5.385017e-01 9.709356e-01 8.629191e-03 -2.391855e-01 1.201212e+02
-2.877480e-01 4.668609e-02 -9.565676e-01 -1.107358e+02 8.279552e-03 9.988950e-01 4.626133e-02 -5.271191e-01 9.576704e-01 5.391657e-03 -2.878166e-01 1.199688e+02
-3.791908e-01 4.985243e-02 -9.239746e-01 -1.116037e+02 1.948819e-02 9.987564e-01 4.588947e-02 -5.003029e-01 9.251133e-01 -6.057272e-04 -3.796907e-01 1.195688e+02
-4.607358e-01 5.216322e-02 -8.860031e-01 -1.124967e+02 2.716715e-02 9.986324e-01 4.466691e-02 -4.701443e-01 8.871215e-01 -3.490531e-03 -4.615228e-01 1.190622e+02
-5.663021e-01 4.898964e-02 -8.227405e-01 -1.143790e+02 2.667038e-02 9.987984e-01 4.111539e-02 -4.005528e-01 8.237661e-01 1.340940e-03 -5.669282e-01 1.177492e+02
-5.804739e-01 4.834624e-02 -8.128423e-01 -1.148756e+02 2.559142e-02 9.988259e-01 4.113263e-02 -3.846543e-01 8.138766e-01 3.074637e-03 -5.810297e-01 1.173755e+02
-5.918390e-01 4.920885e-02 -8.045527e-01 -1.153845e+02 2.658306e-02 9.987834e-01 4.153377e-02 -3.685473e-01 8.056178e-01 3.193840e-03 -5.924271e-01 1.169889e+02
-6.096544e-01 5.169924e-02 -7.909796e-01 -1.164394e+02 2.914620e-02 9.986580e-01 4.280865e-02 -3.334200e-01 7.921314e-01 3.044435e-03 -6.103431e-01 1.161705e+02
-6.262794e-01 5.197506e-02 -7.778642e-01 -1.180864e+02 2.862566e-02 9.986354e-01 4.367921e-02 -2.732940e-01 7.790730e-01 5.088516e-03 -6.269126e-01 1.148352e+02
-6.296183e-01 5.276167e-02 -7.751110e-01 -1.186599e+02 2.959963e-02 9.985960e-01 4.393067e-02 -2.513318e-01 7.763406e-01 4.716556e-03 -6.302960e-01 1.143662e+02
-6.339116e-01 5.397883e-02 -7.715195e-01 -1.204389e+02 3.158847e-02 9.985361e-01 4.390755e-02 -1.816124e-01 7.727602e-01 3.462383e-03 -6.346887e-01 1.128933e+02
-6.353366e-01 5.305633e-02 -7.704106e-01 -1.216870e+02 3.262167e-02 9.985904e-01 4.186835e-02 -1.322116e-01 7.715461e-01 1.468411e-03 -6.361718e-01 1.118577e+02
-6.361552e-01 5.371925e-02 -7.696888e-01 -1.223282e+02 3.279522e-02 9.985543e-01 4.258703e-02 -1.050706e-01 7.708639e-01 1.849851e-03 -6.369972e-01 1.113222e+02
-6.371377e-01 5.467189e-02 -7.688085e-01 -1.229704e+02 3.153192e-02 9.984949e-01 4.487391e-02 -7.535629e-02 7.701048e-01 4.348851e-03 -6.379026e-01 1.107728e+02
-6.395288e-01 5.599430e-02 -7.667252e-01 -1.242849e+02 3.066053e-02 9.984081e-01 4.734015e-02 -1.867648e-02 7.681555e-01 6.767193e-03 -6.402276e-01 1.096502e+02
-6.413875e-01 5.432909e-02 -7.652911e-01 -1.256369e+02 3.253119e-02 9.985183e-01 4.362198e-02 4.221843e-02 7.665271e-01 3.082760e-03 -6.422045e-01 1.085006e+02
-6.423178e-01 5.530909e-02 -7.644401e-01 -1.263320e+02 3.475676e-02 9.984687e-01 4.303742e-02 7.133427e-02 7.656500e-01 1.074243e-03 -6.432566e-01 1.079136e+02
-6.443445e-01 5.487375e-02 -7.627641e-01 -1.277453e+02 3.718315e-02 9.984906e-01 4.042165e-02 1.250424e-01 7.638309e-01 -2.316499e-03 -6.454123e-01 1.067132e+02
-6.464204e-01 4.749143e-02 -7.615020e-01 -1.291860e+02 3.554941e-02 9.988517e-01 3.211685e-02 1.669410e-01 7.621529e-01 -6.309957e-03 -6.473664e-01 1.054824e+02
-6.463785e-01 4.518995e-02 -7.616775e-01 -1.299193e+02 3.281356e-02 9.989674e-01 3.142186e-02 1.835941e-01 7.623111e-01 -4.682937e-03 -6.471939e-01 1.048515e+02
-6.463611e-01 4.720907e-02 -7.615698e-01 -1.314132e+02 3.054604e-02 9.988850e-01 3.599495e-02 2.144697e-01 7.624200e-01 2.797270e-06 -6.470825e-01 1.035744e+02
-6.464693e-01 5.240601e-02 -7.611380e-01 -1.329234e+02 3.311670e-02 9.986253e-01 4.063002e-02 2.513658e-01 7.622210e-01 1.059678e-03 -6.473161e-01 1.023035e+02
-6.465548e-01 5.418809e-02 -7.609405e-01 -1.344357e+02 3.422569e-02 9.985301e-01 4.202650e-02 2.900097e-01 7.620994e-01 1.128723e-03 -6.474591e-01 1.010301e+02
-6.467717e-01 5.405138e-02 -7.607659e-01 -1.359465e+02 3.255466e-02 9.985329e-01 4.326781e-02 3.298425e-01 7.619886e-01 3.217921e-03 -6.475825e-01 9.975107e+01
-6.470020e-01 5.587287e-02 -7.604384e-01 -1.374685e+02 3.236215e-02 9.984251e-01 4.582425e-02 3.680159e-01 7.618013e-01 5.038959e-03 -6.477912e-01 9.846944e+01
-6.479718e-01 5.568539e-02 -7.596260e-01 -1.389901e+02 3.346596e-02 9.984422e-01 4.464521e-02 4.148069e-01 7.609288e-01 3.507227e-03 -6.488260e-01 9.718269e+01
-6.493896e-01 5.616798e-02 -7.583788e-01 -1.405111e+02 3.459986e-02 9.984181e-01 4.431870e-02 4.529559e-01 7.596684e-01 2.540305e-03 -6.503057e-01 9.590422e+01
-6.502005e-01 5.565784e-02 -7.577212e-01 -1.412656e+02 3.405124e-02 9.984457e-01 4.412073e-02 4.726101e-01 7.589992e-01 2.885982e-03 -6.510851e-01 9.526259e+01
-6.512694e-01 5.347435e-02 -7.569601e-01 -1.427704e+02 3.266842e-02 9.985650e-01 4.243511e-02 5.111815e-01 7.581431e-01 2.908002e-03 -6.520818e-01 9.397889e+01
-6.511605e-01 5.114720e-02 -7.572146e-01 -1.442862e+02 2.855639e-02 9.986712e-01 4.289993e-02 5.445632e-01 7.584026e-01 6.311429e-03 -6.517558e-01 9.269067e+01
-6.494136e-01 4.861105e-02 -7.588801e-01 -1.457940e+02 2.603743e-02 9.987909e-01 4.169728e-02 5.779645e-01 7.599896e-01 7.319490e-03 -6.498941e-01 9.141052e+01
-6.465859e-01 4.634081e-02 -7.614323e-01 -1.473072e+02 2.492243e-02 9.989035e-01 3.962995e-02 6.086489e-01 7.624340e-01 6.647426e-03 -6.470319e-01 9.013928e+01
-6.455338e-01 4.889900e-02 -7.621646e-01 -1.480704e+02 2.617218e-02 9.987784e-01 4.191254e-02 6.250373e-01 7.632831e-01 7.108459e-03 -6.460251e-01 8.950321e+01
-6.442557e-01 5.464892e-02 -7.628552e-01 -1.488333e+02 2.896060e-02 9.984717e-01 4.706973e-02 6.468099e-01 7.642616e-01 8.232197e-03 -6.448538e-01 8.887146e+01
-6.432656e-01 6.160484e-02 -7.631607e-01 -1.496005e+02 3.171803e-02 9.980462e-01 5.383057e-02 6.716835e-01 7.649859e-01 1.042140e-02 -6.439628e-01 8.823696e+01
-6.427117e-01 6.393031e-02 -7.634360e-01 -1.503591e+02 3.209023e-02 9.978840e-01 5.654736e-02 6.967564e-01 7.654358e-01 1.184482e-02 -6.434033e-01 8.760683e+01
-6.425511e-01 6.032541e-02 -7.638645e-01 -1.511134e+02 3.231318e-02 9.981425e-01 5.164595e-02 7.256258e-01 7.655612e-01 8.502276e-03 -6.433069e-01 8.697809e+01
-6.426114e-01 5.645154e-02 -7.641098e-01 -1.518671e+02 3.212413e-02 9.983902e-01 4.674373e-02 7.539528e-01 7.655186e-01 5.491693e-03 -6.433904e-01 8.634989e+01
-6.424432e-01 5.639400e-02 -7.642555e-01 -1.526218e+02 3.249778e-02 9.983963e-01 4.635309e-02 7.806961e-01 7.656440e-01 4.942624e-03 -6.432456e-01 8.571894e+01
-6.425603e-01 5.837811e-02 -7.640080e-01 -1.533790e+02 3.171360e-02 9.982652e-01 4.960544e-02 8.039512e-01 7.655786e-01 7.645046e-03 -6.432970e-01 8.508539e+01
-6.426567e-01 6.049709e-02 -7.637621e-01 -1.541322e+02 3.258913e-02 9.981339e-01 5.163989e-02 8.288243e-01 7.654609e-01 8.296381e-03 -6.434290e-01 8.445676e+01
-6.438258e-01 5.874944e-02 -7.629134e-01 -1.556292e+02 3.429074e-02 9.982617e-01 4.793476e-02 8.796994e-01 7.644034e-01 4.700774e-03 -6.447212e-01 8.320615e+01
-6.448800e-01 6.257715e-02 -7.617177e-01 -1.571190e+02 3.425531e-02 9.980074e-01 5.298802e-02 9.324518e-01 7.635159e-01 8.078038e-03 -6.457386e-01 8.195146e+01
-6.459200e-01 6.677058e-02 -7.604795e-01 -1.586032e+02 3.611815e-02 9.977250e-01 5.692364e-02 9.920658e-01 7.625503e-01 9.301002e-03 -6.468621e-01 8.070349e+01
-6.469687e-01 6.525242e-02 -7.597194e-01 -1.600585e+02 3.777343e-02 9.978511e-01 5.353817e-02 1.049905e+00 7.615804e-01 5.940314e-03 -6.480433e-01 7.946455e+01
-6.462966e-01 6.110321e-02 -7.606360e-01 -1.615000e+02 3.319896e-02 9.980966e-01 5.197039e-02 1.102704e+00 7.623638e-01 8.335959e-03 -6.470950e-01 7.822487e+01
-6.452629e-01 5.885567e-02 -7.616901e-01 -1.629402e+02 3.008946e-02 9.982123e-01 5.164155e-02 1.154301e+00 7.633678e-01 1.040353e-02 -6.458803e-01 7.699411e+01
-6.441184e-01 5.888661e-02 -7.626558e-01 -1.643767e+02 2.918479e-02 9.981983e-01 5.242480e-02 1.205952e+00 7.643689e-01 1.150983e-02 -6.446765e-01 7.577428e+01
-6.437684e-01 5.733999e-02 -7.630690e-01 -1.650930e+02 2.843930e-02 9.982925e-01 5.102261e-02 1.231444e+00 7.646917e-01 1.114560e-02 -6.442999e-01 7.517018e+01
-6.427698e-01 5.656035e-02 -7.639685e-01 -1.665248e+02 2.861006e-02 9.983473e-01 4.984133e-02 1.282062e+00 7.655250e-01 1.017932e-02 -6.433257e-01 7.396713e+01
-6.417897e-01 6.070444e-02 -7.644743e-01 -1.679552e+02 3.245390e-02 9.981190e-01 5.201181e-02 1.330108e+00 7.661937e-01 8.570471e-03 -6.425526e-01 7.277838e+01
-6.411565e-01 5.662618e-02 -7.653181e-01 -1.693812e+02 3.399575e-02 9.983907e-01 4.539089e-02 1.373431e+00 7.666568e-01 3.085099e-03 -6.420497e-01 7.161267e+01
-6.403780e-01 5.577115e-02 -7.660324e-01 -1.700844e+02 3.508055e-02 9.984431e-01 4.336570e-02 1.396727e+00 7.672584e-01 8.976054e-04 -6.413375e-01 7.103558e+01
-6.398494e-01 5.436515e-02 -7.665750e-01 -1.707831e+02 3.167854e-02 9.985126e-01 4.437246e-02 1.405731e+00 7.678472e-01 4.107716e-03 -6.406199e-01 7.046800e+01
-6.396969e-01 5.491240e-02 -7.666633e-01 -1.714722e+02 3.087900e-02 9.984755e-01 4.575085e-02 1.416166e+00 7.680068e-01 5.592882e-03 -6.404173e-01 6.990570e+01
-6.398714e-01 5.487944e-02 -7.665199e-01 -1.721588e+02 3.082442e-02 9.984770e-01 4.575512e-02 1.425569e+00 7.678636e-01 5.649867e-03 -6.405885e-01 6.935261e+01
-6.400269e-01 5.437972e-02 -7.664257e-01 -1.728299e+02 3.095182e-02 9.985074e-01 4.499923e-02 1.436887e+00 7.677289e-01 5.078452e-03 -6.407547e-01 6.880749e+01
-6.399736e-01 5.455099e-02 -7.664581e-01 -1.734939e+02 3.143292e-02 9.985004e-01 4.482041e-02 1.448357e+00 7.677537e-01 4.591870e-03 -6.407286e-01 6.826999e+01
-6.400838e-01 5.417777e-02 -7.663925e-01 -1.741451e+02 3.096746e-02 9.985193e-01 4.472355e-02 1.460081e+00 7.676808e-01 4.893591e-03 -6.408138e-01 6.773915e+01
-6.400459e-01 5.377408e-02 -7.664526e-01 -1.747856e+02 2.996269e-02 9.985359e-01 4.503589e-02 1.470417e+00 7.677523e-01 5.860056e-03 -6.407200e-01 6.721605e+01
-6.404712e-01 5.442425e-02 -7.660513e-01 -1.760447e+02 3.021354e-02 9.984992e-01 4.567798e-02 1.496245e+00 7.673876e-01 6.110312e-03 -6.411544e-01 6.618835e+01
-6.406157e-01 5.614235e-02 -7.658065e-01 -1.766638e+02 3.041021e-02 9.983960e-01 4.775496e-02 1.510435e+00 7.672593e-01 7.304241e-03 -6.412955e-01 6.568420e+01
-6.406910e-01 6.023602e-02 -7.654323e-01 -1.778683e+02 3.198492e-02 9.981463e-01 5.177718e-02 1.538016e+00 7.671323e-01 8.690887e-03 -6.414300e-01 6.468934e+01
-6.421016e-01 6.463336e-02 -7.638900e-01 -1.801003e+02 3.614028e-02 9.978838e-01 5.405341e-02 1.586480e+00 7.657672e-01 7.100584e-03 -6.430787e-01 6.276519e+01
-6.447407e-01 6.575811e-02 -7.615677e-01 -1.811416e+02 3.966692e-02 9.978287e-01 5.257639e-02 1.611948e+00 7.633715e-01 3.689100e-03 -6.459492e-01 6.186056e+01
-6.530127e-01 6.800060e-02 -7.542880e-01 -1.821422e+02 4.562165e-02 9.976842e-01 5.044708e-02 1.635244e+00 7.559716e-01 -1.469276e-03 -6.546028e-01 6.098005e+01
-6.691152e-01 7.162616e-02 -7.396989e-01 -1.830885e+02 5.145583e-02 9.974210e-01 5.003600e-02 1.662241e+00 7.413752e-01 -4.581971e-03 -6.710752e-01 6.011032e+01
-7.205772e-01 8.079459e-02 -6.886514e-01 -1.848122e+02 6.566146e-02 9.966758e-01 4.822743e-02 1.713703e+00 6.902587e-01 -1.046626e-02 -7.234869e-01 5.836066e+01
-7.577802e-01 8.157959e-02 -6.473901e-01 -1.855495e+02 6.626024e-02 9.966456e-01 4.803173e-02 1.749510e+00 6.491370e-01 -6.498730e-03 -7.606438e-01 5.745834e+01
-7.988411e-01 7.793289e-02 -5.964725e-01 -1.861871e+02 6.121497e-02 9.969565e-01 4.827497e-02 1.784988e+00 5.984193e-01 2.050994e-03 -8.011805e-01 5.653757e+01
-8.891895e-01 6.644194e-02 -4.526892e-01 -1.871206e+02 5.173784e-02 9.976552e-01 4.480209e-02 1.856411e+00 4.546045e-01 1.641639e-02 -8.905421e-01 5.464759e+01
-9.602059e-01 3.410654e-02 -2.772028e-01 -1.876307e+02 2.674480e-02 9.991831e-01 3.029615e-02 1.893359e+00 2.780097e-01 2.167680e-02 -9.603337e-01 5.273710e+01
-9.911510e-01 2.523874e-02 -1.303180e-01 -1.877723e+02 2.111370e-02 9.992343e-01 3.293915e-02 1.900778e+00 1.310496e-01 2.989617e-02 -9.909249e-01 5.129098e+01
-9.996705e-01 1.307490e-02 2.209183e-02 -1.876828e+02 1.395603e-02 9.990937e-01 4.021250e-02 1.909578e+00 -2.154603e-02 4.050756e-02 -9.989469e-01 4.986716e+01
-9.843986e-01 2.362611e-02 1.743596e-01 -1.873856e+02 2.975169e-02 9.990255e-01 3.260177e-02 1.916040e+00 -1.734194e-01 3.728062e-02 -9.841422e-01 4.850872e+01
-9.745046e-01 2.207656e-02 2.232787e-01 -1.872454e+02 2.939030e-02 9.991330e-01 2.948581e-02 1.919502e+00 -2.224342e-01 3.529628e-02 -9.743086e-01 4.808322e+01
-9.466844e-01 2.747540e-02 3.209888e-01 -1.869050e+02 3.735473e-02 9.989978e-01 2.465901e-02 1.925132e+00 -3.199896e-01 3.533474e-02 -9.467619e-01 4.724980e+01
-9.132370e-01 2.475193e-02 4.066762e-01 -1.864782e+02 3.739334e-02 9.990320e-01 2.316585e-02 1.917552e+00 -4.057092e-01 3.636289e-02 -9.132786e-01 4.643056e+01
-8.776813e-01 1.983338e-02 4.788341e-01 -1.859999e+02 3.901401e-02 9.987839e-01 3.014110e-02 1.906858e+00 -4.776541e-01 4.513551e-02 -8.773878e-01 4.562057e+01
-8.608718e-01 2.164481e-02 5.083614e-01 -1.857437e+02 4.407236e-02 9.985119e-01 3.211896e-02 1.904895e+00 -5.069097e-01 5.005498e-02 -8.605447e-01 4.521752e+01
-8.187995e-01 1.697153e-02 5.738286e-01 -1.848981e+02 4.276455e-02 9.985889e-01 3.148676e-02 1.906175e+00 -5.724845e-01 5.032086e-02 -8.183699e-01 4.404415e+01
-8.087019e-01 1.617290e-02 5.879963e-01 -1.845971e+02 4.220964e-02 9.986405e-01 3.058539e-02 1.908337e+00 -5.867023e-01 4.955357e-02 -8.082852e-01 4.365148e+01
-8.004594e-01 1.505932e-02 5.991977e-01 -1.842874e+02 4.110786e-02 9.987097e-01 2.981533e-02 1.908808e+00 -5.979757e-01 4.849769e-02 -8.000457e-01 4.325715e+01
-7.938748e-01 1.369429e-02 6.079270e-01 -1.839689e+02 3.910696e-02 9.988265e-01 2.856890e-02 1.909156e+00 -6.068224e-01 4.645430e-02 -7.934788e-01 4.285899e+01
-7.885180e-01 1.277601e-02 6.148789e-01 -1.836434e+02 3.674891e-02 9.989765e-01 2.636980e-02 1.911087e+00 -6.139128e-01 4.338919e-02 -7.881805e-01 4.245635e+01
