1.000000000000000000e+00 0.000000000000000000e+00 0.000000000000000000e+00 0.000000000000000000e+00 0.000000000000000000e+00 1.000000000000000000e+00 0.000000000000000000e+00 0.000000000000000000e+00 0.000000000000000000e+00 0.000000000000000000e+00 1.000000000000000000e+00 -0.000000000000000000e+00
9.991169716776552301e-01 5.802518323463118268e-04 -4.201119152657419031e-02 -4.213599999999999637e-03 -7.510514945344313933e-04 9.999915170547646337e-01 -4.049906191872700706e-03 -8.697000000000000520e-04 4.200848518244852670e-02 4.077882578185643148e-03 9.991089320221065995e-01 3.558440000000000214e-02
9.982929814525662859e-01 6.726472558214143579e-04 -5.840094800784798035e-02 -6.015600000000000287e-03 -9.098736860339944315e-04 9.999914432607679426e-01 -4.035534056573712204e-03 -8.737000000000000408e-04 5.839773379525604879e-02 4.081782810922121064e-03 9.982850513438847884e-01 4.652329999999999660e-02
7.108130622214303695e-01 1.871033661106219839e-02 -7.031320742785766020e-01 -1.863653000000000115e-01 -2.054457811188150143e-02 9.997719110377145668e-01 5.834913041417083036e-03 -5.846999999999999767e-03 7.030808708005059637e-01 1.029801941622004655e-02 7.110353295796949524e-01 3.317878000000000216e-01
6.690612765952554941e-01 1.490537255706409284e-02 -7.430577622430589724e-01 -2.054930000000000090e-01 -1.527790550759795460e-02 9.998634366271278440e-01 6.300293603510287097e-03 -5.774099999999999892e-03 7.430501959921873567e-01 7.137083796947123540e-03 6.691976302041479086e-01 3.450926999999999745e-01
4.750789576257004598e-01 1.711936100464657440e-02 -8.797766259114130349e-01 -2.952439000000000036e-01 -5.977805017839810456e-03 9.998504503987573067e-01 1.622783671875746569e-02 -6.329300000000000377e-03 8.799228658629383304e-01 -2.450370623915940071e-03 4.751102459591445282e-01 3.888552000000000120e-01
2.577487192095141988e-01 2.613741804254624684e-02 -9.658583918587259065e-01 -4.172065999999999830e-01 3.790371560229354939e-03 9.995989987379763075e-01 2.806198149579970658e-02 -5.976699999999999721e-03 9.662045491661123142e-01 -1.089390196873363421e-02 2.575462911218199258e-01 4.186416000000000026e-01
1.600596002302034082e-01 2.780144984526305985e-02 -9.867157664498166225e-01 -4.883728999999999987e-01 4.469239567294809937e-03 9.995726437924176144e-01 2.888867735855303251e-02 -5.276499999999999940e-03 9.870972344565848156e-01 -9.033779294280477185e-03 1.598669464267852280e-01 4.251951999999999954e-01
1.178017299231432918e-01 2.817768282893780979e-02 -9.926372804894577628e-01 -5.267214999999999536e-01 2.490333230763858499e-03 9.995858154132861717e-01 2.867047026045287800e-02 -4.335399999999999671e-03 9.930340128452369575e-01 -5.849428600089341332e-03 1.176827664424060504e-01 4.264264999999999861e-01
1.460720520395240515e-02 2.135846333735767072e-02 -9.996651667433431587e-01 -6.519359000000000126e-01 3.220757630864542337e-03 9.997656416864588724e-01 2.140767207209366696e-02 -2.217400000000000013e-03 9.998881218798494341e-01 -3.532385472994089073e-03 1.453499145019787608e-02 4.260087000000000179e-01
-1.200500369431736249e-02 1.943740408775814638e-02 -9.997389995436951615e-01 -6.970427999999999624e-01 2.638635859449565621e-03 9.998081833353054115e-01 1.940706408907784397e-02 -1.569199999999999979e-03 9.999244558900939328e-01 -2.404965298200991905e-03 -1.205398916598965364e-02 4.240010000000000168e-01
-4.892988468716713557e-02 1.627101458199178147e-02 -9.986696753526529413e-01 -7.915187000000000195e-01 2.664625882642805525e-03 9.998658688924182414e-01 1.615995027576401857e-02 1.186999999999999985e-04 9.987986614695707477e-01 -1.870376561611679887e-03 -4.896667783413222175e-02 4.177132000000000067e-01
-7.133954611788111133e-02 1.815046628912540816e-02 -9.972869345043994249e-01 -8.932894999999999586e-01 2.012864036511406371e-03 9.998350078205591185e-01 1.805285337095063197e-02 4.835999999999999912e-04 9.974500576660795259e-01 -7.195206389303335226e-04 -7.136431007152610473e-02 4.090286000000000199e-01
-7.813999936992420403e-02 1.959317958246376348e-02 -9.967498421431111311e-01 -9.458429000000000419e-01 5.122006151295349641e-04 9.998075128543951751e-01 1.961313056190306867e-02 5.764000000000000243e-04 9.969422642003886725e-01 1.022034127473384069e-03 -7.813499406312240936e-02 4.041798999999999809e-01
-8.248581328316813288e-02 2.057164346460495577e-02 -9.963798964713103112e-01 -1.000273500000000038e+00 5.710831807155709872e-04 9.997877430407432486e-01 2.059472576893107976e-02 1.090999999999999956e-03 9.965920752599904953e-01 1.129756903916218774e-03 -8.248005321484108698e-02 3.989745000000000097e-01
-8.122025886257810967e-02 2.573077171919326694e-02 -9.963639881775286922e-01 -1.171780700000000008e+00 4.034102670837773699e-03 9.996670082578951178e-01 2.548722457135254443e-02 3.522099999999999797e-03 9.966880131545362564e-01 -1.949355648459634785e-03 -8.129701376200038077e-02 3.847708000000000239e-01
-7.930093268109555948e-02 2.592377695574698410e-02 -9.965135823782117486e-01 -1.231594800000000101e+00 1.696659237267294021e-03 9.996638572999236860e-01 2.587071231470982474e-02 3.866699999999999825e-03 9.968492781877013043e-01 3.608276410764759551e-04 -7.931826006710240851e-02 3.792463999999999835e-01
-7.772504983958765379e-02 2.323863923367083806e-02 -9.967039591945048294e-01 -1.292718599999999940e+00 -3.368815414096400229e-04 9.997276355205182430e-01 2.333540844684188487e-02 4.792700000000000432e-03 9.969747755777278453e-01 2.149516950660453757e-03 -7.769605162824011479e-02 3.740760000000000196e-01
-7.452320783147446670e-02 2.586808582179965510e-02 -9.968837111872290713e-01 -1.419849300000000092e+00 -3.370318130251157701e-04 9.996627854768801447e-01 2.596539508966020857e-02 7.252999999999999899e-03 9.972192225905314178e-01 2.271006059249732617e-03 -7.448935915562016064e-02 3.641241000000000061e-01
-7.263393346519425586e-02 2.937326136312617270e-02 -9.969260369888366391e-01 -1.485108700000000059e+00 -1.151434598927360622e-03 9.995630879681243197e-01 2.953485009259409697e-02 8.408499999999999308e-03 9.973580028794766239e-01 3.293127468090451676e-03 -7.256837743632404969e-02 3.593514999999999904e-01
-7.093291238317979419e-02 3.150489909281251749e-02 -9.969834317951286051e-01 -1.551901699999999940e+00 -1.598357556895907763e-03 9.994962134029299339e-01 3.169802275103586475e-02 9.122099999999999306e-03 9.974798079129022499e-01 3.841969072829022960e-03 -7.084682123908569995e-02 3.545706000000000135e-01
-6.893880448658243343e-02 3.078885727615034845e-02 -9.971456701523554456e-01 -1.619951700000000105e+00 -3.460654585504320882e-03 9.995102520278911218e-01 3.110112475428295289e-02 1.046869999999999919e-02 9.976148881736884855e-01 5.594851094576840794e-03 -6.879849224677037078e-02 3.493061000000000083e-01
-6.729523822692927426e-02 2.795602982804092432e-02 -9.973413715013704772e-01 -1.688740499999999978e+00 -6.017555605325148466e-03 9.995778221575681854e-01 2.842475110303830516e-02 1.173380000000000083e-02 9.977149592626733954e-01 7.914407557520869788e-03 -6.709860070445439195e-02 3.443809999999999927e-01
-6.413080268683005181e-02 2.948979156757863818e-02 -9.975056853672783497e-01 -1.831150499999999903e+00 -4.064061270612177521e-03 9.995472785003919336e-01 2.981143150619814178e-02 1.481279999999999923e-02 9.979332259989801557e-01 5.965755254852548456e-03 -6.398192097387833677e-02 3.348430000000000017e-01
-6.195321511627049915e-02 3.317029131282617227e-02 -9.975277093449480548e-01 -1.976685999999999943e+00 -7.591445966896002984e-04 9.994457384913685294e-01 3.328121859133653659e-02 1.751520000000000160e-02 9.980787658477853208e-01 2.819146265318064198e-03 -6.189369578637482494e-02 3.259793999999999747e-01
-6.055784700673149529e-02 2.164690834349760826e-02 -9.979299366814673444e-01 -2.122966299999999862e+00 1.094234745932273767e-03 9.997656546087089202e-01 2.162032643464505133e-02 1.926169999999999966e-02 9.981640896246619654e-01 2.173108097419714640e-04 -6.056734235363037122e-02 3.163552000000000031e-01
-6.110135571953677347e-02 1.778919819184437284e-02 -9.979730300749243277e-01 -2.273046499999999970e+00 5.019402419424628774e-03 9.998340004390819935e-01 1.751505539053933164e-02 2.096649999999999903e-02 9.981189457818073762e-01 -3.939034611813867041e-03 -6.118050406575958888e-02 3.075267999999999891e-01
-6.098085032240876946e-02 3.252137431113527599e-02 -9.976089895880403402e-01 -2.425413400000000053e+00 2.914379509526172918e-03 9.994706062311714545e-01 3.240391445441686419e-02 2.224519999999999970e-02 9.981346814363430964e-01 -9.313929405695559050e-04 -6.104334706714420467e-02 2.972460000000000102e-01
-6.128000929342594660e-02 3.820367455017181779e-02 -9.973892117482836550e-01 -2.578607600000000222e+00 -9.543947149543395569e-04 9.992645207950561215e-01 3.833414419228654835e-02 2.461239999999999956e-02 9.981201578926888196e-01 3.301019704803884180e-03 -6.119847773582931527e-02 2.861332999999999793e-01
-6.168551653329560486e-02 3.200053286668839286e-02 -9.975825093425950696e-01 -2.729516700000000018e+00 -1.524434480702612990e-03 9.994817086063568778e-01 3.215571894440514417e-02 2.732760000000000050e-02 9.980944710544862319e-01 3.504291307172795536e-03 -6.160476274526116569e-02 2.757514999999999827e-01
-6.132253081026790148e-02 3.546673389960390554e-02 -9.974876731075521530e-01 -2.880414000000000030e+00 -3.693128112694062798e-03 9.993535783624488689e-01 3.576012051031011996e-02 3.010209999999999969e-02 9.981111701708218487e-01 5.876750859391660295e-03 -6.115190740745268805e-02 2.653094999999999759e-01
-6.102227695315479150e-02 2.865617648841974757e-02 -9.977249647395401988e-01 -3.029236599999999946e+00 -5.055954922640248581e-03 9.995660940641948322e-01 2.901828590853598039e-02 3.243940000000000018e-02 9.981235990774249833e-01 6.815214326332461048e-03 -6.085091468838776940e-02 2.559281999999999946e-01
-6.018465053894905131e-02 2.515225011603526920e-02 -9.978703183047407110e-01 -3.179260300000000150e+00 -5.796534745940475075e-03 9.996568194752996073e-01 2.554688751036602798e-02 3.459870000000000306e-02 9.981704303496689024e-01 7.321720469165338835e-03 -6.001820044726202674e-02 2.460247999999999879e-01
-5.880194753193624529e-02 3.265492935680777697e-02 -9.977354291369796568e-01 -3.328338599999999925e+00 -5.047163696221308379e-03 9.994423352429941954e-01 3.300825143284734364e-02 3.594839999999999841e-02 9.982569093700651708e-01 6.976683505249204470e-03 -5.860434098420197468e-02 2.366730999999999974e-01
-5.824388088283571907e-02 4.130293638637344555e-02 -9.974476015237938586e-01 -3.478932900000000217e+00 -4.322173584017836162e-03 9.991239663375249824e-01 4.162473670165216244e-02 3.881659999999999971e-02 9.982930277003918551e-01 6.735527880978527809e-03 -5.801433882195761171e-02 2.269928999999999975e-01
-5.797433358311612772e-02 3.695866416101627194e-02 -9.976337172474809556e-01 -3.627336300000000069e+00 -4.193975922747523316e-03 9.992966554764365350e-01 3.726398958200326933e-02 4.179979999999999807e-02 9.983092643121935783e-01 6.344406752521869822e-03 -5.777855390545494352e-02 2.181070999999999982e-01
-5.695083730505932917e-02 2.976114469822267392e-02 -9.979333025791374823e-01 -3.775666199999999861e+00 -9.235621972143958497e-03 9.994971237031511357e-01 3.033484788020973655e-02 4.447809999999999958e-02 9.983342653725957305e-01 1.094412972233361168e-02 -5.664733539700184117e-02 2.077402999999999889e-01
-5.835276638488096773e-02 2.631886458555782182e-02 -9.979490327778057779e-01 -3.922870899999999939e+00 -1.025259018576251020e-02 9.995838949969827469e-01 2.696147728044388098e-02 4.567530000000000201e-02 9.982433766620812943e-01 1.180483924448594985e-02 -5.805864897409795944e-02 1.987412000000000067e-01
-6.009137903389098062e-02 2.077826449864315916e-02 -9.979765978670189774e-01 -4.068999800000000278e+00 -2.738916489200641027e-03 9.997761302630490121e-01 2.098065043577334796e-02 4.722860000000000252e-02 9.981891226126793359e-01 3.994130777447962161e-03 -6.002101646142132818e-02 1.901664000000000132e-01
-6.391190813856079123e-02 3.046660886375668689e-02 -9.974903777693450158e-01 -4.215532800000000080e+00 2.321324075245101426e-04 9.995343075265699095e-01 3.051416379201448564e-02 4.816820000000000129e-02 9.979555171011548209e-01 1.718668590326100087e-03 -6.388921713124273705e-02 1.810981999999999870e-01
-6.681146972192748834e-02 3.326106247081866973e-02 -9.972110755687122463e-01 -4.359746900000000203e+00 1.747372471772545149e-03 9.994465840191520956e-01 3.321855478332386147e-02 4.967819999999999875e-02 9.977640874490525391e-01 4.768812851167723854e-04 -6.683261465182288585e-02 1.711892999999999887e-01
-6.916703410555134768e-02 2.626731512536444740e-02 -9.972592188338724739e-01 -4.501327500000000370e+00 -6.134037986626978203e-03 9.996232002395659677e-01 2.675502047816965406e-02 5.079689999999999900e-02 9.975862343532109211e-01 7.967791344749217131e-03 -6.897984727488470913e-02 1.600045999999999968e-01
-7.091305952674475943e-02 2.584916831844873836e-02 -9.971475108958555156e-01 -4.642221900000000012e+00 -1.180823797657183649e-02 9.995723624091760184e-01 2.675178169071204537e-02 5.231129999999999808e-02 9.974126044443415440e-01 1.367160579388447539e-02 -7.057750130581008641e-02 1.478929999999999967e-01
-7.253537958867668778e-02 2.680149102828222746e-02 -9.970056663763687821e-01 -4.780935300000000332e+00 -1.295609883717622514e-02 9.995292072919508275e-01 2.781192681648883558e-02 5.386239999999999778e-02 9.972816844858064522e-01 1.493465262352349637e-02 -7.215398769414460567e-02 1.373980999999999952e-01
-7.347404283744239650e-02 2.879574229064462906e-02 -9.968813220514527451e-01 -4.918187600000000437e+00 -1.259770534544303947e-02 9.994765155339034868e-01 2.979920663769550226e-02 5.459499999999999770e-02 9.972175604396218418e-01 1.474788534459975375e-02 -7.307282004077486626e-02 1.275428000000000117e-01
-7.409410873379088103e-02 3.597707203373751161e-02 -9.966020837519979914e-01 -5.052229399999999870e+00 -1.169874092688506090e-02 9.992489177557045688e-01 3.694238520695095063e-02 5.614000000000000240e-02 9.971826324759525129e-01 1.439620269141784689e-02 -7.361757151928349785e-02 1.176505999999999941e-01
-7.538002932331104577e-02 3.766770940413965985e-02 -9.964431719107026408e-01 -5.184618500000000019e+00 -1.072637797685998227e-02 9.991978158426932932e-01 3.858328175115202652e-02 5.883639999999999703e-02 9.970971848293997963e-01 1.359663500416687966e-02 -7.491552256941924615e-02 1.072123999999999994e-01
-7.540182944971952905e-02 2.917673526748090079e-02 -9.967262825042625396e-01 -5.375952200000000403e+00 -1.053925834982527392e-02 9.994926816881590792e-01 3.005500432952807471e-02 6.179649999999999727e-02 9.970975319140406024e-01 1.277095810593901169e-02 -7.505607557010496311e-02 9.152530000000000387e-02
-7.204172901263847240e-02 2.643708462785491695e-02 -9.970511871700716844e-01 -5.496523400000000059e+00 -1.344780967267924718e-02 9.995320437081772758e-01 2.747453394621546252e-02 6.255239999999999412e-02 9.973109573728130561e-01 1.538746752828380748e-02 -7.165249574989729364e-02 8.226390000000000091e-02
-5.511572902452950562e-02 3.043022275641867752e-02 -9.980161611702934588e-01 -5.667598199999999586e+00 -1.213081992278654785e-02 9.994413034864504386e-01 3.114360437241882329e-02 6.364999999999999825e-02 9.984062798390719307e-01 1.382325679062493956e-02 -5.471579250641334102e-02 7.180780000000000496e-02
-4.646206639276397737e-02 3.174185464869225953e-02 -9.984156103797531268e-01 -5.721831800000000356e+00 -1.319211643730884738e-02 9.993883482642551552e-01 3.238668580679842507e-02 6.406030000000000058e-02 9.988329412121018658e-01 1.467596733115355580e-02 -4.601490554674692035e-02 6.935959999999999348e-02
-1.970007735835675386e-02 3.502396091094747005e-02 -9.991922883580434123e-01 -5.826736900000000219e+00 -1.842737228141903827e-02 9.992037551321457656e-01 3.538767695993774026e-02 6.519990000000000507e-02 9.996361032410129299e-01 1.910962825193997933e-02 -1.903899170638789773e-02 6.655329999999999580e-02
-1.337256592107229991e-03 3.644413135204213616e-02 -9.993347972700651338e-01 -5.876874899999999791e+00 -2.012595734368790440e-02 9.991322965606423967e-01 3.646367796117712390e-02 6.564159999999999440e-02 9.997965580986000189e-01 2.016133079564638025e-02 -6.026232169440426389e-04 6.686670000000000114e-02
7.587003660157852492e-02 3.715511268381946341e-02 -9.964252280766117131e-01 -6.014535000000000409e+00 -1.914148326645333936e-02 9.991756350103974116e-01 3.580019580853200517e-02 6.716239999999999710e-02 9.969339703131974151e-01 1.635689466316342378e-02 7.651869596734484080e-02 7.624319999999999709e-02
1.100501419152381394e-01 3.707604046999632419e-02 -9.932342792551530630e-01 -6.056507100000000143e+00 -1.794502828947674988e-02 9.992152468290953493e-01 3.531099636033939448e-02 6.770329999999999404e-02 9.937640274351481340e-01 1.393763707868795644e-02 1.106291103125075503e-01 8.244780000000000164e-02
1.478009776281047072e-01 3.717703208192078140e-02 -9.883181366836066850e-01 -6.097094099999999628e+00 -1.738652765145398682e-02 9.992364960086841386e-01 3.498762210428586761e-02 6.848390000000000033e-02 9.888642877909998852e-01 1.201221585998687308e-02 1.483345104880565701e-01 9.007469999999999366e-02
4.826858925120009469e-01 2.027531182364748427e-02 -8.755588163569293370e-01 -6.340029200000000031e+00 4.254469198872151692e-03 9.996659040476205682e-01 2.549470094920110175e-02 7.091509999999999481e-02 8.757832087119100661e-01 -1.603097049798320878e-02 4.824383684193908062e-01 1.979685999999999946e-01
6.169531257876936792e-01 8.476660594086653580e-03 -7.869542469584663857e-01 -6.425311100000000053e+00 2.329887761448683897e-02 9.993069772132981976e-01 2.902977083488325269e-02 7.147589999999999499e-02 7.866549452477239468e-01 -3.624515854556760452e-02 6.163280665354349264e-01 2.717082000000000108e-01
6.585711739132886766e-01 3.594146549737504970e-03 -7.525098610656552056e-01 -6.450943500000000164e+00 2.464432971867857106e-02 9.993491929284974429e-01 2.634098718495567898e-02 7.164760000000000573e-02 7.521147956949058022e-01 -3.589251598509016900e-02 6.580539958035891424e-01 2.984597999999999973e-01
6.990774656167560996e-01 -1.088043105450258244e-03 -7.150451127230041948e-01 -6.476112800000000114e+00 2.132924499183187078e-02 9.995855840178521357e-01 1.933193036837869971e-02 7.223759999999999903e-02 7.147277526267827863e-01 -2.876588927688678021e-02 6.988109638802029178e-01 3.262997999999999732e-01
8.455269731569745595e-01 -1.267380449021201540e-02 -5.337822705408532542e-01 -6.564117000000000424e+00 1.209445287893287473e-02 9.999163546519111989e-01 -4.583438577364296572e-03 7.302659999999999707e-02 5.337957117414526831e-01 -2.580383571696404955e-03 8.456095314901901361e-01 4.596907000000000076e-01
8.751420801685623196e-01 -1.149575972164178228e-02 -4.837294564388899265e-01 -6.583617199999999947e+00 9.242858992262410756e-03 9.999324913159198802e-01 -7.041474872985229935e-03 7.312269999999999881e-02 4.837777476030607482e-01 1.691247811530557487e-03 8.751892541644631374e-01 4.995936000000000266e-01
9.002546640613229290e-01 -9.819518419553021835e-03 -4.352529343885492286e-01 -6.601835699999999640e+00 8.212838741540455859e-03 9.999507477987766846e-01 -5.572365428869107892e-03 7.241640000000000577e-02 4.352862151684108727e-01 1.441885805278045156e-03 9.002909706587557404e-01 5.417459999999999498e-01
9.372641713654926710e-01 1.181195890784073358e-03 -3.486179539995379328e-01 -6.635103199999999646e+00 -3.440147574482530293e-03 9.999769083014342641e-01 -5.860737886180323979e-03 7.105269999999999642e-02 3.486029811393214772e-01 6.692356847353722778e-03 9.372465918319496936e-01 6.318700999999999901e-01
9.500747424980593436e-01 6.378889139617458653e-03 -3.119571980906848951e-01 -6.650141699999999823e+00 -8.120226404543471124e-03 9.999578568068359097e-01 -4.283285353376828190e-03 7.050320000000000198e-02 3.119167286158043284e-01 6.602604306178576181e-03 9.500865013386889935e-01 6.803365999999999580e-01
9.594552195655390303e-01 6.541188732678389177e-03 -2.817851921205349330e-01 -6.663743000000000194e+00 -7.527184196231102679e-03 9.999687498562916943e-01 -2.416776555892946078e-03 6.971460000000000157e-02 2.817605777012094914e-01 4.439837925936749446e-03 9.594744731844990770e-01 7.311366000000000254e-01
9.663161459243896356e-01 6.366462699836455096e-03 -2.572791757576297633e-01 -6.676339600000000374e+00 -6.828989622899512939e-03 9.999762733116818181e-01 -9.042756278758898010e-04 6.900810000000000277e-02 2.572673143377605665e-01 2.630772961019381666e-03 9.663366949500901137e-01 7.831063999999999803e-01
9.792408293665781915e-01 1.389449144377889571e-02 -2.022234932172195521e-01 -6.713613500000000123e+00 -1.310821809937241615e-02 9.999004220184936065e-01 5.226917399176959911e-03 6.791880000000000139e-02 2.022759815690319818e-01 -2.467621275092371762e-03 9.793254505656060482e-01 9.507889000000000479e-01
9.818337493841114982e-01 1.778302948789555610e-02 -1.889080528526256852e-01 -6.725168700000000221e+00 -1.685885821470672896e-02 9.998367639130500972e-01 6.498032592738874416e-03 6.740469999999999795e-02 1.889927709464946370e-01 -3.195213625490226153e-03 9.819732802575910080e-01 1.009886400000000073e+00
9.842786587070618820e-01 1.610835365356159607e-02 -1.758864490414172310e-01 -6.735630999999999702e+00 -1.520015820158669359e-02 9.998632804488913894e-01 6.509654416972578996e-03 6.672240000000000115e-02 1.759672617405692308e-01 -3.733812067239412370e-03 9.843889380945788359e-01 1.070194199999999984e+00
9.889353095809307881e-01 1.660307257649254117e-02 -1.474153704506022122e-01 -6.755035900000000204e+00 -1.580797994093953093e-02 9.998535029450571487e-01 6.563567527302902049e-03 6.642860000000000431e-02 1.475027499209943804e-01 -4.160604465499349175e-03 9.890528945087954105e-01 1.195622900000000044e+00
9.937717288080605282e-01 1.959435563666191843e-02 -1.096987340356429391e-01 -6.779228200000000371e+00 -1.980333654488367762e-02 9.998035618928184931e-01 -8.157745541403247855e-04 6.439720000000000166e-02 1.096612004472356100e-01 2.983094637641178076e-03 9.939645477897358639e-01 1.393688899999999897e+00
9.948127274260599728e-01 1.764527185067982923e-02 -1.001812444145077363e-01 -6.785992099999999638e+00 -1.844993517463405786e-02 9.998044962998823282e-01 -7.111193330965456458e-03 6.384410000000000085e-02 1.000361796710346751e-01 8.922643097993591607e-03 9.949437919787078588e-01 1.461849799999999977e+00
9.955986035182768923e-01 1.758426222125692232e-02 -9.205549627583925476e-02 -6.792371300000000112e+00 -1.834063855714174532e-02 9.998045817464263907e-01 -7.376943552025125653e-03 6.322859999999999592e-02 9.190778884171496577e-02 9.032831283022848060e-03 9.957265519756109962e-01 1.531732099999999930e+00
9.965036139041382190e-01 2.365169914464438847e-02 -8.013204479834219740e-02 -6.805800900000000375e+00 -2.316111135126263168e-02 9.997069132021415561e-01 7.046319381088399225e-03 6.063330000000000108e-02 8.027521658000498495e-02 -5.165735515598591024e-03 9.967593514884203199e-01 1.673700500000000035e+00
9.971054180203032802e-01 2.278429833404735719e-02 -7.253730835908873964e-02 -6.817227400000000159e+00 -2.215592678514273148e-02 9.997098101010857274e-01 9.455712344529727462e-03 5.944109999999999672e-02 7.273170053592721562e-02 -7.821210716776763258e-03 9.973208753455810038e-01 1.815704699999999949e+00
9.975384748674466229e-01 2.141153979028094512e-02 -6.677227810205248193e-02 -6.826958199999999977e+00 -2.071794360774995708e-02 9.997241527131296435e-01 1.106278873889000695e-02 5.774889999999999884e-02 6.699073049157409920e-02 -9.652173114093781300e-03 9.977069096595356790e-01 1.956326999999999927e+00
9.979624247259114567e-01 1.706523106481744670e-02 -6.147988877579251693e-02 -6.836158300000000132e+00 -1.616454280044516897e-02 9.997550488734368024e-01 1.511786387438925419e-02 5.672010000000000246e-02 6.172281904799881841e-02 -1.409326579527885731e-02 9.979938243636538031e-01 2.097841499999999915e+00
9.981944520804763021e-01 1.931862465796669800e-02 -5.687377758758643126e-02 -6.845869500000000052e+00 -1.911115495460038657e-02 9.998085872141763142e-01 4.189592950868659647e-03 5.556679999999999953e-02 5.694382839306557503e-02 -3.095104863702724789e-03 9.983725861289580727e-01 2.237549500000000080e+00
9.983311141550427203e-01 2.098722285625718997e-02 -5.380077124663486254e-02 -6.854383900000000196e+00 -2.142312074035788300e-02 9.997420798508693807e-01 -7.538147862826260343e-03 5.346100000000000158e-02 5.362869015457104316e-02 8.678147972901829182e-03 9.985232362544526064e-01 2.376153500000000030e+00
9.984459233763700592e-01 2.545273720816157784e-02 -4.957717480575186964e-02 -6.862670399999999837e+00 -2.557498431062459401e-02 9.996712262887066380e-01 -1.832896054015006968e-03 5.036380000000000023e-02 4.951422291240281659e-02 3.097983060926115615e-03 9.987686139593769941e-01 2.514492000000000171e+00
9.984590834165890660e-01 2.856405115047751242e-02 -4.757681919567424006e-02 -6.866644899999999829e+00 -2.843912988458495439e-02 9.995900767752720073e-01 3.300652028559083757e-03 4.892620000000000302e-02 4.765159634590093035e-02 -1.942522658511012992e-03 9.988621286100543006e-01 2.584232300000000038e+00
9.987649129371692913e-01 2.322973208956979896e-02 -4.392070391803205159e-02 -6.873080700000000043e+00 -2.304266983171635030e-02 9.997231475032808401e-01 4.760642095326721168e-03 4.707650000000000029e-02 4.401913280194345163e-02 -3.742712008704232249e-03 9.990236774242063911e-01 2.722196299999999791e+00
9.988987490173882877e-01 2.131927756988634057e-02 -4.179446871770094857e-02 -6.879415999999999976e+00 -2.120136699783015458e-02 9.997699026996854643e-01 3.262467361476984427e-03 4.473180000000000212e-02 4.185440537052294990e-02 -2.372774696326109857e-03 9.991209029398395725e-01 2.859176399999999951e+00
9.990308557405919165e-01 1.802964346195988846e-02 -4.015322197352555467e-02 -6.885678300000000363e+00 -1.796522301066324004e-02 9.998366821319720765e-01 1.964643862624972179e-03 4.296590000000000131e-02 4.018208606329123911e-02 -1.241378251952677484e-03 9.991916027167351277e-01 2.999108099999999943e+00
9.989901102949960698e-01 2.074070558754667268e-02 -3.985702779338045482e-02 -6.888849300000000397e+00 -2.064561151752177318e-02 9.997829468739254377e-01 2.796044555627855057e-03 4.229120000000000101e-02 3.990636863783979943e-02 -1.970348146951193206e-03 9.992014809187987900e-01 3.068943299999999930e+00
9.989333065927322730e-01 2.035161909138401629e-02 -4.144949432827207958e-02 -6.895618400000000037e+00 -2.029352948118090874e-02 9.997924053487967644e-01 1.821776073940545304e-03 4.033239999999999742e-02 4.147796572768108758e-02 -9.786762622821247766e-04 9.991389395633957227e-01 3.209811000000000192e+00
9.987176312542198620e-01 1.956009377933837917e-02 -4.669577875251230969e-02 -6.903135800000000266e+00 -1.947576771726795830e-02 9.998077745361347857e-01 2.260187807349905553e-03 3.834069999999999839e-02 4.673101212025174145e-02 -1.347853272785300626e-03 9.989066001372560732e-01 3.352758199999999800e+00
9.983693102504507255e-01 2.365508921571041548e-02 -5.195341282568471247e-02 -6.913308599999999693e+00 -2.383466519956392235e-02 9.997118813282432903e-01 -2.839553832752725153e-03 3.622090000000000032e-02 5.187127417814157287e-02 4.073215602099287784e-03 9.986454725425810697e-01 3.496759400000000184e+00
9.981129551880887352e-01 2.387088443149825226e-02 -5.657481384996593254e-02 -6.922664199999999823e+00 -2.434393346178364073e-02 9.996740883387392751e-01 -7.687002518452132858e-03 3.393779999999999714e-02 5.637287990965596240e-02 9.049750304206904961e-03 9.983687697590118981e-01 3.643624799999999997e+00
9.979035787511809641e-01 2.192928887062793944e-02 -6.088968554044264792e-02 -6.933209899999999593e+00 -2.229930920522025031e-02 9.997367344123089250e-01 -5.403949998134318158e-03 3.064599999999999963e-02 6.075515060104300091e-02 6.750418967805633594e-03 9.981298730722387713e-01 3.792360500000000023e+00
9.977383925414217147e-01 2.083863652845368425e-02 -6.390501761595038244e-02 -6.944280100000000289e+00 -2.087895368628345238e-02 9.997820102046697244e-01 3.693339788784187616e-05 2.814900000000000041e-02 6.389185661589405485e-02 1.297420034084848309e-03 9.979559846804012535e-01 3.942568099999999909e+00
9.977082267868028209e-01 2.035403500269776164e-02 -6.452912103107051600e-02 -6.955494899999999703e+00 -1.995065704916569246e-02 9.997772290059783185e-01 6.889386361222416509e-03 2.630930000000000074e-02 6.465497262577850346e-02 -5.586199086729407536e-03 9.978920427052834219e-01 4.095308799999999749e+00
9.978627134036511803e-01 2.362556347499544449e-02 -6.092485493779770112e-02 -6.966418299999999952e+00 -2.332759058955301626e-02 9.997122039368314672e-01 5.597572424661999453e-03 2.507389999999999966e-02 6.103956680702223025e-02 -4.164378735429825375e-03 9.981266599153431063e-01 4.249268999999999963e+00
9.981815579168655805e-01 1.780263354843369950e-02 -5.759030884965982144e-02 -6.976156699999999766e+00 -1.773599391439848599e-02 9.998413133881506321e-01 1.668101353759983288e-03 2.327239999999999864e-02 5.761086663579574607e-02 -6.436466407734769187e-04 9.983389072677045784e-01 4.404411299999999585e+00
9.983960223647685428e-01 1.397405261915886550e-02 -5.486445460957070641e-02 -6.985744500000000023e+00 -1.377756863821326568e-02 9.998972516044500880e-01 3.957882803510687046e-03 2.123879999999999865e-02 5.491412503744357021e-02 -3.195635658829492319e-03 9.984859672444615919e-01 4.559623199999999876e+00
9.984909918312233623e-01 1.113331987353228213e-02 -5.377535142138518270e-02 -6.994749099999999942e+00 -1.078909218609415237e-02 9.999194345527290251e-01 6.687293439841653087e-03 1.913669999999999954e-02 5.384547076309969399e-02 -6.097015035588990856e-03 9.985306663723232390e-01 4.713969200000000193e+00
9.985229049143873326e-01 1.554847457590838311e-02 -5.206009315873098842e-02 -7.005221800000000165e+00 -1.568155921031122793e-02 9.998747277280320978e-01 -2.148848884177365949e-03 1.644999999999999934e-02 5.202016015033904262e-02 2.962058263413782158e-03 9.986416420061688948e-01 4.864478100000000360e+00
9.984808215352151128e-01 2.238762157082946000e-02 -5.034722859069032386e-02 -7.015330800000000089e+00 -2.308918636399406518e-02 9.996436509697363970e-01 -1.339628862575384036e-02 1.327749999999999937e-02 5.002937636439859503e-02 1.453841381640661248e-02 9.986419258294197965e-01 5.012399699999999569e+00
9.986111513165387699e-01 1.933991046247060183e-02 -4.900751299097327873e-02 -7.024178000000000033e+00 -1.977012339299210816e-02 9.997700250120794552e-01 -8.308989611965786337e-03 9.237499999999999184e-03 4.883554737363615672e-02 9.266334261697518893e-03 9.987638481453299244e-01 5.161236299999999666e+00
9.985610090823028306e-01 1.726859468374446552e-02 -5.077112149816647574e-02 -7.032896000000000036e+00 -1.685524159875407060e-02 9.998213109490959871e-01 8.558446277138132691e-03 5.726900000000000046e-03 5.090984159453513375e-02 -7.690371231584440526e-03 9.986736434987857347e-01 5.309641400000000289e+00
9.984628914946749312e-01 1.508368465002789781e-02 -5.333232383340760080e-02 -7.036722199999999816e+00 -1.477671103617726918e-02 9.998719324473903658e-01 6.145528038706921277e-03 4.863400000000000362e-03 5.341819090016303867e-02 -5.348005357114817178e-03 9.985579080452240408e-01 5.381732900000000264e+00
9.984011418332622290e-01 9.951694086672140463e-03 -5.564282317463302430e-02 -7.040629400000000260e+00 -9.811186092739202988e-03 9.999479551539869338e-01 2.797786770592148708e-03 3.635400000000000003e-03 5.566776997052984288e-02 -2.247391413473490748e-03 9.984468181221987093e-01 5.454002400000000250e+00
9.982691762127958723e-01 8.668698064702674497e-03 -5.816790779535528644e-02 -7.045482200000000361e+00 -8.616216010239605497e-03 9.999622149912585911e-01 1.153001058471728180e-03 2.553300000000000101e-03 5.817570493849494317e-02 -6.498181583845725248e-04 9.983061479782994185e-01 5.525919000000000025e+00
9.980864726719588242e-01 1.119247838501266808e-02 -6.081218214180451193e-02 -7.050692599999999644e+00 -1.127156258380011995e-02 9.999360154216009322e-01 -9.575696795181777490e-04 8.455999999999999541e-04 6.079757352202849047e-02 1.641185660636717723e-03 9.981487672503837061e-01 5.597191300000000425e+00
9.978373533954038033e-01 1.274901819841742397e-02 -6.448316605000549429e-02 -7.055821899999999758e+00 -1.305694555836550523e-02 9.999052656298247355e-01 -4.356138018431558213e-03 -6.311999999999999469e-04 6.442152079501102524e-02 5.188670419882809338e-03 9.979092871387318375e-01 5.667789499999999592e+00
9.973069816251004527e-01 1.557288662484909540e-02 -7.166777242248623114e-02 -7.067069100000000326e+00 -1.644853409248334467e-02 9.997969085256723787e-01 -1.164420150619012440e-02 -4.017399999999999964e-03 7.147188347903038474e-02 1.279167325559652305e-02 9.973605882364121600e-01 5.807785499999999601e+00
9.966235159577310210e-01 2.342306680377108374e-02 -7.869515475273126948e-02 -7.080163999999999902e+00 -2.425796097604777934e-02 9.996589638580688497e-01 -9.669917657181155077e-03 -7.808299999999999789e-03 7.844181773349460929e-02 1.154625132751742507e-02 9.968518271593562741e-01 5.946830300000000236e+00
9.962722269945633036e-01 2.642459029335755480e-02 -8.211815114285950234e-02 -7.087187300000000079e+00 -2.682874906446676769e-02 9.996327379939364821e-01 -3.821956878590706749e-03 -9.646500000000000560e-03 8.198699862130090499e-02 6.010836761560485117e-03 9.966152727600038341e-01 6.016093699999999878e+00
9.954289876340945975e-01 2.674152757689786386e-02 -9.168435679337855193e-02 -7.100722799999999779e+00 -2.636676812815444415e-02 9.996383046823683616e-01 5.296541346629828236e-03 -1.223860000000000052e-02 9.179283259730941502e-02 -2.854910614087859989e-03 9.957740332872453415e-01 6.154365099999999700e+00
9.948240475545758743e-01 2.612716068184346013e-02 -9.819616021941018902e-02 -7.107571100000000364e+00 -2.560678298523952345e-02 9.996505937762469873e-01 6.556144289411289065e-03 -1.330880000000000084e-02 9.833314330518369561e-02 -4.007722233621709672e-03 9.951454823744215750e-01 6.222715400000000230e+00
9.942761683822590735e-01 2.390238282457545285e-02 -1.041324977247786721e-01 -7.115357399999999721e+00 -2.295433737032799223e-02 9.996835230449782062e-01 1.029330599320573553e-02 -1.406950000000000041e-02 1.043455767293600123e-01 -7.844096358921262557e-03 9.945101662473487814e-01 6.290379999999999860e+00
9.935601872088228870e-01 2.500721311082891238e-02 -1.105115092920121722e-01 -7.123606699999999847e+00 -2.406074933691989756e-02 9.996615778694940557e-01 9.889897513093087039e-03 -1.473709999999999951e-02 1.107214285263463105e-01 -7.167218700665039383e-03 9.938256367397563240e-01 6.357785200000000359e+00
9.919786963278809377e-01 3.101866531292311532e-02 -1.225402318989257527e-01 -7.142064999999999664e+00 -3.063964682037632545e-02 9.995181063530284016e-01 4.976657028449895867e-03 -1.577090000000000089e-02 1.226355497984179393e-01 -1.182148324482614659e-03 9.924510690462168272e-01 6.490654000000000146e+00
9.911915174434594578e-01 2.993461316081585596e-02 -1.290088938137389507e-01 -7.150672899999999998e+00 -2.986685901558672543e-02 9.995508581474289445e-01 2.460225453399987605e-03 -1.681360000000000146e-02 1.290245964174092375e-01 1.414535842883183790e-03 9.916403847200223609e-01 6.556012199999999623e+00
9.904798153302650787e-01 3.124619008134440351e-02 -1.340649507840305787e-01 -7.160596800000000428e+00 -3.136226027437381131e-02 9.995073060832707634e-01 1.246481706751849340e-03 -1.782279999999999975e-02 1.340378456026747878e-01 2.969964909443757566e-03 9.909717630965224622e-01 6.621583000000000219e+00
9.897902635837817487e-01 3.314119909196990010e-02 -1.386250159152180028e-01 -7.170561799999999764e+00 -3.260142794229518859e-02 9.994494292395957880e-01 6.163220649118870270e-03 -1.820739999999999859e-02 1.387529495573746885e-01 -1.580922323456869592e-03 9.903257644198377729e-01 6.687086599999999770e+00
9.888830398570206404e-01 3.381429939111307847e-02 -1.447996085624074225e-01 -7.180955899999999836e+00 -3.265127070546375299e-02 9.994126778536925881e-01 1.040162807592248315e-02 -1.889189999999999967e-02 1.450662883114363089e-01 -5.558102373964004389e-03 9.894063267907395876e-01 6.752495800000000159e+00
9.868598644994754920e-01 3.065244431740049916e-02 -1.586443679978760124e-01 -7.201375999999999777e+00 -2.957876540444040817e-02 9.995207990006058640e-01 9.125185057822384968e-03 -2.114430000000000129e-02 1.588480546850540298e-01 -4.312774345950350086e-03 9.872936217256824687e-01 6.880059700000000333e+00
9.855390746623962084e-01 2.851459779829999125e-02 -1.670318832618165883e-01 -7.212689899999999987e+00 -2.861772388957810331e-02 9.995888263454274503e-01 1.790006913633321577e-03 -2.114399999999999960e-02 1.670142454791440911e-01 3.015950558641434642e-03 9.859498698459573385e-01 6.943332700000000024e+00
9.839962920159457394e-01 2.613125651523388188e-02 -1.762624597916546965e-01 -7.224206900000000431e+00 -2.650524533594911247e-02 9.996486471913144101e-01 2.326762905974590935e-04 -2.237760000000000096e-02 1.762066096051756736e-01 4.442927133107748075e-03 9.843431775198825395e-01 7.006034900000000398e+00
9.798646915050220896e-01 2.524272366921212832e-02 -1.980605746824126712e-01 -7.250369499999999690e+00 -2.389973566004761560e-02 9.996723157046440988e-01 9.168633981908959341e-03 -2.376400000000000040e-02 1.982271146365895409e-01 -4.250425328618902439e-03 9.801468996570760206e-01 7.132157300000000255e+00
9.747565318733079076e-01 2.732490432308837952e-02 -2.215920873453179063e-01 -7.278941200000000222e+00 -2.331397957351695471e-02 9.995139395912473468e-01 2.069644701947587900e-02 -2.504970000000000113e-02 2.220499086394015220e-01 -1.500780352078224210e-02 9.749197935762280443e-01 7.257070099999999968e+00
9.690805969454073798e-01 3.043565897286838740e-02 -2.448600973756650812e-01 -7.311468600000000428e+00 -2.963288532968486738e-02 9.995365987051898493e-01 6.962754907225562721e-03 -2.568900000000000003e-02 2.449585449233618595e-01 5.084405054698436927e-04 9.695334201342838965e-01 7.376869700000000307e+00
9.626504006438468819e-01 2.676125521186824979e-02 -2.694216794538373816e-01 -7.345681700000000092e+00 -2.587578489806000720e-02 9.996417778686572664e-01 6.838106133968496064e-03 -2.566150000000000028e-02 2.695081629490104214e-01 3.887918149116501888e-04 9.629980264490546338e-01 7.496915800000000019e+00
9.557409253460477094e-01 2.769750628077969831e-02 -2.929029391530691973e-01 -7.383840099999999573e+00 -2.287097158188556786e-02 9.995405329758030311e-01 1.989074149820004023e-02 -2.684450000000000031e-02 2.933192838488137832e-01 -1.231142088768812960e-02 9.559352627862125473e-01 7.619043399999999799e+00
9.480517247962979566e-01 2.392516148611193577e-02 -3.172152483072465112e-01 -7.423847699999999605e+00 -2.074537919815583331e-02 9.996950097515501232e-01 1.339838496882279906e-02 -2.668859999999999982e-02 3.174390592738854378e-01 -6.121611365606256967e-03 9.482589148126154832e-01 7.738145399999999619e+00
9.423093028176435793e-01 1.599920777327991026e-02 -3.343608876258614693e-01 -7.466143599999999658e+00 -1.661831675421219720e-02 9.998613970509062643e-01 1.009076640604105813e-03 -2.808980000000000157e-02 3.343306886476070661e-01 4.605652835088890409e-03 9.424445758719074417e-01 7.857041399999999953e+00
9.365890336507792790e-01 2.099731720002611518e-02 -3.498000782096837291e-01 -7.511352500000000099e+00 -2.289491331671834190e-02 9.997370445291963170e-01 -1.290248134126713124e-03 -2.941289999999999877e-02 3.496810046160919727e-01 9.217074721903466272e-03 9.368234841976643690e-01 7.975317500000000059e+00
9.304481537990199058e-01 2.178677357952642918e-02 -3.657752993150164000e-01 -7.558526999999999774e+00 -2.033230175148997149e-02 9.997626283563919580e-01 7.828438375901466267e-03 -3.110589999999999883e-02 3.658590310454038486e-01 1.530977249275598633e-04 9.306702670460708093e-01 8.094483399999999662e+00
9.251291777646581949e-01 3.340420409952558206e-02 -3.781800676886140633e-01 -7.609078399999999576e+00 -2.666404056535765302e-02 9.993787483025009521e-01 2.304661324480147822e-02 -3.226620000000000182e-02 3.787149764522343420e-01 -1.123728569556436789e-02 9.254451307457292053e-01 8.213946299999999923e+00
