1.000000000000000000e+00 0.000000000000000000e+00 -0.000000000000000000e+00 -0.000000000000000000e+00 -0.000000000000000000e+00 1.000000000000000000e+00 0.000000000000000000e+00 0.000000000000000000e+00 0.000000000000000000e+00 0.000000000000000000e+00 1.000000000000000000e+00 -0.000000000000000000e+00
9.991800696059484066e-01 9.205927823222190753e-04 -4.047642537553462067e-02 -5.724100000000000195e-03 -1.017008521621244046e-03 9.999966945103043736e-01 -2.361495740403718718e-03 -2.181300000000000166e-03 4.047411760519353113e-02 2.400724347802423494e-03 9.991777030772288626e-01 3.163799999999999946e-02
9.983724926006894984e-01 1.037156820683125856e-03 -5.702008702216668917e-02 -7.250399999999999727e-03 -1.175540713889715880e-03 9.999964447588489680e-01 -2.393443897868796112e-03 -2.140500000000000042e-03 5.701740192534327650e-02 2.456577984019272035e-03 9.983701623657891266e-01 4.187199999999999950e-02
7.506216597854417083e-01 2.381317161368956548e-02 -6.603030037177216593e-01 -1.539158999999999944e-01 -2.614487785718374452e-02 9.996381234768036972e-01 6.329885749966405323e-03 -6.549700000000000313e-03 6.602147902181391137e-01 1.251219203303938210e-02 7.509726198921947704e-01 2.856606999999999896e-01
7.116618112256528628e-01 1.952681313883698755e-02 -7.022507885447080156e-01 -1.697191999999999867e-01 -2.003464505424501496e-02 9.997711812410953192e-01 7.496543025650110985e-03 -6.503899999999999959e-03 7.022364839856825025e-01 8.734341899991700589e-03 7.118901824235255305e-01 2.981589000000000045e-01
6.698625918007196089e-01 1.571618770623872327e-02 -7.423187385146657880e-01 -1.869476999999999944e-01 -1.456679858662554908e-02 9.998617034713296325e-01 8.023858819025746561e-03 -6.385799999999999636e-03 7.423421828812902801e-01 5.438324686265446836e-03 6.699988866704538193e-01 3.100805999999999840e-01
3.127739276280772640e-01 2.480021238272116235e-02 -9.495037754858471901e-01 -3.412098000000000075e-01 -1.911007781769370750e-03 9.996734774743520902e-01 2.548110051771580037e-02 -5.269799999999999832e-03 9.498256778195482974e-01 -6.155314785438951997e-03 3.127191932941242314e-01 3.679310000000000080e-01
2.592669150185094584e-01 2.652997306031341582e-02 -9.654412604121515029e-01 -3.700849999999999973e-01 3.178607216617126974e-03 9.995937956327068941e-01 2.832207952747643059e-02 -5.164799999999999773e-03 9.658004779626830905e-01 -1.041173674356369629e-02 2.590772713015081496e-01 3.732967999999999842e-01
2.090012405116739302e-01 2.706970023314159146e-02 -9.775406450853432183e-01 -4.005168000000000061e-01 5.803824203688162653e-03 9.995648665604864869e-01 2.892046269563234434e-02 -4.992500000000000410e-03 9.778981527179575473e-01 -1.171788663559400478e-02 2.087531893016277840e-01 3.770014999999999894e-01
4.780576093169962293e-02 2.435906791553266171e-02 -9.985595851184987382e-01 -5.400555999999999690e-01 1.670666301319125371e-03 9.996992457940986343e-01 2.446685171451581930e-02 -2.120900000000000216e-03 9.988552538260242475e-01 -2.837916312532174842e-03 4.775068727413511738e-02 3.809044999999999792e-01
1.676223723571122759e-02 2.168540216088655354e-02 -9.996243147983016053e-01 -5.778670000000000195e-01 2.412470335281958339e-03 9.997609906052647988e-01 2.172882074252892315e-02 -1.693899999999999920e-03 9.998565934121427246e-01 -2.775787654015969899e-03 1.670591551411326758e-02 3.800372000000000194e-01
-9.752347254926749601e-03 1.987040098745007644e-02 -9.997549994311691890e-01 -6.173969999999999736e-01 1.880250350573117388e-03 9.998011422143853189e-01 1.985297673975967847e-02 -1.164200000000000000e-03 9.999506769744388457e-01 -1.686176564957562671e-03 -9.787769253169820161e-03 3.782615999999999756e-01
-4.648393311222259044e-02 1.673304039159101073e-02 -9.987788790927009108e-01 -7.001880999999999799e-01 1.869102212640662113e-03 9.998593963396831263e-01 1.666415338873685620e-02 3.728000000000000085e-04 9.989172890781986558e-01 -1.092204421357068425e-03 -4.650867306390116251e-02 3.729289000000000076e-01
-6.898837561643716976e-02 1.871726694971999339e-02 -9.974418619386987706e-01 -7.885727000000000153e-01 8.009089102481662531e-04 9.998246957200687124e-01 1.870658635854113849e-02 5.333999999999999549e-04 9.976171422819090084e-01 4.916769315231293846e-04 -6.899127248480163566e-02 3.659836000000000200e-01
-7.556027409180227083e-02 2.006280547597720509e-02 -9.969393807125912499e-01 -8.350775000000000281e-01 -6.316504158867895097e-04 9.997964021309861948e-01 2.016817551706985567e-02 8.534999999999999835e-04 9.971410361613466389e-01 2.153630044442399541e-03 -7.553221750159233583e-02 3.614858000000000238e-01
-7.993339975813554266e-02 2.099349114807720629e-02 -9.965791112262596396e-01 -8.827205000000000190e-01 -6.133085818127298472e-04 9.997769699931772225e-01 2.111004793564451310e-02 1.387200000000000108e-03 9.968000177847557985e-01 2.298608421923647657e-03 -7.990269672315875038e-02 3.570771999999999835e-01
-7.873181184865309101e-02 2.616400323970018149e-02 -9.965524305010252659e-01 -1.032895799999999920e+00 2.871035751117970852e-03 9.996573335664376003e-01 2.601869713409711224e-02 3.603400000000000093e-03 9.968916987099168958e-01 -8.126384885231256738e-04 -7.877995088817257852e-02 3.450713000000000252e-01
-7.688078452390062489e-02 2.643624162579280221e-02 -9.966897561928146354e-01 -1.085456100000000035e+00 6.270030278564819870e-04 9.996495073333339088e-01 2.646638160810511897e-02 3.927800000000000388e-03 9.970400954014800865e-01 1.409828686573627934e-03 -7.687041397626193096e-02 3.404833999999999916e-01
-7.519269496134443898e-02 2.376141817918302895e-02 -9.968858779371710943e-01 -1.139019299999999957e+00 -1.449872155206503518e-03 9.997123900563170684e-01 2.393815027565480633e-02 4.772700000000000380e-03 9.971679680450952210e-01 3.245331107955821970e-03 -7.513661777599500713e-02 3.360857999999999901e-01
-7.379763393815108596e-02 2.356887565890347300e-02 -9.969946927267497871e-01 -1.193808999999999898e+00 -1.606489813614334766e-03 9.997165875097818732e-01 2.375213355207107802e-02 5.900999999999999995e-03 9.972719430604722879e-01 3.354513075218891818e-03 -7.373885560828008501e-02 3.319000999999999757e-01
-6.993894506376899245e-02 2.977743211076446656e-02 -9.971067387698546725e-01 -1.307763599999999915e+00 -2.124077180529572451e-03 9.995476624163125434e-01 2.999931422910533801e-02 8.221400000000000236e-03 9.975490124597876651e-01 4.216052060193460974e-03 -6.984405948631189354e-02 3.236732999999999971e-01
-6.631022621483526058e-02 3.134884174124427658e-02 -9.973064744705210094e-01 -1.426061299999999976e+00 -4.405924742752375528e-03 9.994873896186867723e-01 3.171034248292931013e-02 9.902400000000000438e-03 9.977893273264145657e-01 6.496777255369750106e-03 -6.613811426700588747e-02 3.152776999999999941e-01
-6.455589610943163192e-02 2.851322336271432806e-02 -9.975066578078446433e-01 -1.486581399999999942e+00 -6.907818396308279194e-03 9.995549957859158896e-01 2.901882913594730495e-02 1.108370000000000015e-02 9.978901834984208463e-01 8.763931360162581161e-03 -6.433020429473590429e-02 3.108354999999999868e-01
-6.291394733226643443e-02 2.780568442328124751e-02 -9.976315347586129922e-01 -1.548401700000000103e+00 -7.901914423862003989e-03 9.995665996083837879e-01 2.835793884913151430e-02 1.242279999999999947e-02 9.979876727592934538e-01 9.667308885414567510e-03 -6.266696226404477876e-02 3.066090000000000204e-01
-6.016652346814738844e-02 3.192212315599488037e-02 -9.976777874178465177e-01 -1.675071200000000093e+00 -2.962830311825098359e-03 9.994783929785623355e-01 3.215841422604389516e-02 1.511200000000000043e-02 9.981839565382223389e-01 4.890809974225876489e-03 -6.004056035294647042e-02 2.991306000000000243e-01
-5.896773621767072149e-02 3.363172263013395474e-02 -9.976931959867689770e-01 -1.739048499999999997e+00 -1.777024087777162586e-03 9.994271991237235753e-01 3.379520435062521172e-02 1.627069999999999905e-02 9.982583073888016134e-01 3.765751537049806877e-03 -5.887419506546598402e-02 2.952642999999999796e-01
-5.807456221678902741e-02 2.898374924979676970e-02 -9.978914206980405988e-01 -1.803407500000000052e+00 -1.353768682476332377e-03 9.995752554274146551e-01 2.911144186695822922e-02 1.717190000000000036e-02 9.983113304644414265e-01 3.041548395775918803e-03 -5.801065806964700311e-02 2.912584999999999757e-01
-5.756115862863392385e-02 1.751278624915862323e-02 -9.981883666598804217e-01 -1.932889899999999939e+00 3.147990567826418513e-03 9.998443428025090007e-01 1.736030878768925895e-02 1.881980000000000111e-02 9.983370188331760486e-01 -2.143008075189108477e-03 -5.760732890592612510e-02 2.837781999999999805e-01
-5.789318514137790223e-02 2.584422703473625987e-02 -9.979882038597267524e-01 -2.066174300000000130e+00 3.552341533433445511e-03 9.996638629481761074e-01 2.568154950855121299e-02 1.975589999999999985e-02 9.983164628432290577e-01 -2.058408246031538311e-03 -5.796553261789871847e-02 2.755221999999999949e-01
-5.775104106515965841e-02 3.304248224347633434e-02 -9.977840505956587780e-01 -2.133778299999999906e+00 2.109158187881470664e-03 9.994539280656903335e-01 3.297570508420107072e-02 2.068820000000000034e-02 9.983287878788376091e-01 -2.001031015810873781e-04 -5.778919666442861036e-02 2.708869999999999889e-01
-5.838226095003265503e-02 3.871015678704388396e-02 -9.975435004890187418e-01 -2.267782700000000151e+00 -1.327932907586600042e-03 9.992440211342036305e-01 3.885386495241140159e-02 2.288209999999999897e-02 9.982934178890270349e-01 3.593047323617509781e-03 -5.828672070356166746e-02 2.620649999999999924e-01
-5.888348924718012772e-02 3.241025812630396463e-02 -9.977385979615419620e-01 -2.400165299999999835e+00 -1.720797306056563378e-03 9.994680408517905290e-01 3.256799306857938170e-02 2.554019999999999901e-02 9.982633788488429749e-01 3.634622961176805361e-03 -5.879639415152426718e-02 2.535904999999999965e-01
-5.876341305974977502e-02 3.373092029617004439e-02 -9.977019025247685358e-01 -2.466206300000000073e+00 -3.516321096010629338e-03 9.994157840585832231e-01 3.399597123950349326e-02 2.657860000000000084e-02 9.982657445648023264e-01 5.505959547692099512e-03 -5.861047379044292960e-02 2.492570000000000063e-01
-5.842331770744611796e-02 3.455423433238959119e-02 -9.976937009111351840e-01 -2.598465899999999884e+00 -5.282623176081090860e-03 9.993760847166371919e-01 3.492184400664363059e-02 2.843760000000000038e-02 9.982779221441465678e-01 7.310689854393282242e-03 -5.820432950750764611e-02 2.411702000000000012e-01
-5.773209533327797877e-02 2.536410795581216585e-02 -9.980098532559861235e-01 -2.729959200000000141e+00 -7.494080857369415233e-03 9.996380269233929861e-01 2.583899922228375529e-02 3.043150000000000022e-02 9.983039837246631132e-01 8.970906103169128468e-03 -5.752111719321528760e-02 2.328583999999999932e-01
-5.630691151386742199e-02 2.855777252268017902e-02 -9.980050026649730510e-01 -2.862184500000000131e+00 -6.421422825113065960e-03 9.995598130166198914e-01 2.896455646270146636e-02 3.153969999999999690e-02 9.983928570681338543e-01 8.039516821473625258e-03 -5.609874441203310802e-02 2.249453999999999898e-01
-5.473697536784067480e-02 3.893608589636728123e-02 -9.977413716703597002e-01 -2.994713299999999911e+00 -5.483039356698509587e-03 9.992126369556053600e-01 3.929430528255231647e-02 3.395200000000000301e-02 9.984857534321623929e-01 7.621506629022421070e-03 -5.448038940490851356e-02 2.169400999999999968e-01
-5.456468776106444124e-02 4.182279543546998934e-02 -9.976339752792607873e-01 -3.125659900000000047e+00 -4.886216652945769151e-03 9.990992835334748801e-01 4.215147126397214561e-02 3.688240000000000268e-02 9.984982822901390387e-01 7.174637611742130244e-03 -5.431118520877775691e-02 2.095916999999999919e-01
-5.392559163120461824e-02 3.311187146831502670e-02 -9.979958088765155111e-01 -3.255393000000000203e+00 -6.151113439057491472e-03 9.994200736321645628e-01 3.349149480896235209e-02 3.956649999999999751e-02 9.985260108633546849e-01 7.944834104290096968e-03 -5.369064388113542474e-02 2.019759000000000138e-01
-5.420336909779731316e-02 2.875660655315464068e-02 -9.981157509818164852e-01 -3.385330000000000172e+00 -1.358595830396447726e-02 9.994714585429081977e-01 2.953346060106421325e-02 4.140089999999999743e-02 9.984374875351041956e-01 1.516117204106387853e-02 -5.378403431252043454e-02 1.935792000000000068e-01
-5.593716127106555108e-02 2.316096259832612150e-02 -9.981656194241784741e-01 -3.513938899999999865e+00 -7.766430093386886280e-03 9.996905676869803914e-01 2.363157720693622940e-02 4.245229999999999837e-02 9.984040848036127569e-01 9.074066850194125594e-03 -5.573997450895429306e-02 1.866524999999999990e-01
-5.806780713749512546e-02 2.490000086289276618e-02 -9.980020639914880531e-01 -3.642475600000000036e+00 -3.027029249508695480e-03 9.996799106647948907e-01 2.511798772095904381e-02 4.368249999999999911e-02 9.983080520902177790e-01 4.479527905434909849e-03 -5.797384722078691155e-02 1.790949000000000013e-01
-6.156594256838684998e-02 3.464406487814954139e-02 -9.975015907177214869e-01 -3.770128300000000099e+00 1.474132117942544146e-03 9.993994956858823775e-01 3.461899705801309290e-02 4.508750000000000258e-02 9.981019294892506943e-01 6.609020520730139736e-04 -6.158004188300481019e-02 1.715773999999999910e-01
-6.404947504202232467e-02 3.022723802335377380e-02 -9.974888364429551624e-01 -3.896175400000000177e+00 -1.805588579971552018e-03 9.995360238062690472e-01 3.040521276744354018e-02 4.622749999999999776e-02 9.979450909728054819e-01 3.748492368026268284e-03 -6.396517965460279953e-02 1.629369999999999985e-01
-6.620534416847603798e-02 2.525592602258973710e-02 -9.974863360489083508e-01 -4.020388600000000423e+00 -1.077729872466073532e-02 9.996032001221526464e-01 2.602483693995068931e-02 4.766569999999999835e-02 9.977478149491150194e-01 1.247319150390430176e-02 -6.590688323668381088e-02 1.530202999999999980e-01
-6.802622145172006196e-02 2.802538784598755661e-02 -9.972898329127212191e-01 -4.143886099999999573e+00 -1.181827274530662143e-02 9.995126141522802099e-01 2.889398864456833513e-02 4.854159999999999725e-02 9.976135332002663558e-01 1.375179212164269818e-02 -6.766185475675379202e-02 1.441788999999999987e-01
-6.922090000162388346e-02 2.740494769792999052e-02 -9.972248672414054660e-01 -4.265061399999999558e+00 -1.455351887337928696e-02 9.994884865384923156e-01 2.847736584370787194e-02 4.983139999999999792e-02 9.974951940191827404e-01 1.648435981977791620e-02 -6.878665415590956567e-02 1.349593000000000043e-01
-6.965657409920779364e-02 2.913809504495420283e-02 -9.971453921579905844e-01 -4.325572499999999820e+00 -1.334780686806067047e-02 9.994566191608835748e-01 3.013805679385205688e-02 5.058610000000000190e-02 9.974817280214082205e-01 1.540901790016856177e-02 -6.922979438636056582e-02 1.304395999999999889e-01
-7.015544397614760508e-02 3.186214048527262477e-02 -9.970270897444095670e-01 -4.385324999999999918e+00 -1.195285754485653218e-02 9.993911561018116174e-01 3.277874771855591313e-02 5.139250000000000068e-02 9.974644569492301382e-01 1.421693037125523057e-02 -6.973188663586338265e-02 1.264134000000000091e-01
-7.048984685048970134e-02 3.816955195243827703e-02 -9.967819554921449887e-01 -4.504035000000000011e+00 -1.233991115458963131e-02 9.991578058981470667e-01 3.913317653216348557e-02 5.311659999999999993e-02 9.974361674231043695e-01 1.505869239179656767e-02 -6.995947183732809105e-02 1.170110000000000039e-01
-7.086094795681335823e-02 3.803016745115136987e-02 -9.967609705532711750e-01 -4.562665499999999597e+00 -1.155056121052386309e-02 9.991746573900077699e-01 3.894340207638091050e-02 5.413430000000000325e-02 9.974193253543786053e-01 1.427271499043241722e-02 -7.036319362008913725e-02 1.123577000000000048e-01
-7.115316150990633193e-02 3.603667625107204175e-02 -9.968142181830674797e-01 -4.620246899999999712e+00 -1.086191878158263707e-02 9.992599149031581307e-01 3.690042260077099762e-02 5.516850000000000226e-02 9.974062594186619002e-01 1.345289680732774003e-02 -7.070907466488229876e-02 1.081167999999999990e-01
-6.745315972664815696e-02 2.673097710410530722e-02 -9.973642895682353071e-01 -4.840002100000000418e+00 -1.411937681231420841e-02 9.995153520817594561e-01 2.774354251548319383e-02 5.763130000000000336e-02 9.976225310413366909e-01 1.595355182823992440e-02 -6.704304395491367252e-02 9.143030000000000601e-02
-5.742671076620432802e-02 2.903268120057810042e-02 -9.979274905086441549e-01 -4.942505800000000171e+00 -1.371708600749847740e-02 9.994597672717131509e-01 2.986662278590992980e-02 5.852480000000000182e-02 9.982554855556955431e-01 1.540379912484396950e-02 -5.699744319251398572e-02 8.493000000000000549e-02
-5.033231509069325399e-02 3.065829563006072789e-02 -9.982618529056745960e-01 -4.992206600000000272e+00 -1.279153969273548984e-02 9.994269567681836053e-01 3.133902674583803616e-02 5.883120000000000016e-02 9.986506068540188519e-01 1.434667188399380358e-02 -4.991130569272539397e-02 8.269360000000000599e-02
-4.172799739295125071e-02 3.204381059022544387e-02 -9.986150251405352396e-01 -5.040495400000000181e+00 -1.381506660346028433e-02 9.993715147190365133e-01 3.264535959244987962e-02 5.912869999999999931e-02 9.990334920153158826e-01 1.515815856349836052e-02 -4.125908458325311390e-02 8.077520000000000533e-02
-2.952969737868294670e-02 3.367892432117327445e-02 -9.989963598678889278e-01 -5.088038899999999920e+00 -1.589139724222916883e-02 9.992900759385342502e-01 3.415856590151497563e-02 5.966950000000000032e-02 9.994375720706188959e-01 1.688414011216306590e-02 -2.897352837090727551e-02 7.890980000000000216e-02
8.067120814976001808e-02 3.692220531711987858e-02 -9.960566785731513884e-01 -5.300100300000000431e+00 -1.959823654418251654e-02 9.991792423437791948e-01 3.545068114535417092e-02 6.244620000000000032e-02 9.965480747560632180e-01 1.666110512036176119e-02 8.132860675157227437e-02 8.813890000000000613e-02
1.523532444183165468e-01 3.685393540303454757e-02 -9.876387377784053845e-01 -5.372996299999999614e+00 -1.795306353136988387e-02 9.992428280912160066e-01 3.451750306883544228e-02 6.368139999999999912e-02 9.881630312985055786e-01 1.247228742362139174e-02 1.528995278651025247e-01 1.010120999999999936e-01
2.376152040722176451e-01 3.750094241842113346e-02 -9.706352013560236580e-01 -5.440657599999999761e+00 -1.672462429559139901e-02 9.992643065355328869e-01 3.451278931399176519e-02 6.413380000000000469e-02 9.712153735067673432e-01 8.032745594809594797e-03 2.380675812922024015e-01 1.200359000000000009e-01
4.870973854477234077e-01 1.986806344083639347e-02 -8.731216393751234373e-01 -5.589384100000000188e+00 3.663604761225815881e-03 9.996859202058294702e-01 2.479191284224629283e-02 6.586029999999999662e-02 8.733399768075119640e-01 -1.527484852084999740e-02 4.868716092693428088e-01 1.981252000000000013e-01
6.207440016952895379e-01 7.779432368879030807e-03 -7.839747220359445379e-01 -5.663891800000000032e+00 2.294644137157769714e-02 9.993421214356777993e-01 2.808531916891438690e-02 6.642040000000000444e-02 7.836774497123795147e-01 -3.542322340579805856e-02 6.201571172338860016e-01 2.634073000000000109e-01
6.621620156516142552e-01 2.774541835553583080e-03 -7.493555677685954652e-01 -5.686263600000000196e+00 2.440994930853792808e-02 9.993826016686897518e-01 2.526993978377557043e-02 6.659229999999999317e-02 7.489630293966089702e-01 -3.502452568592182014e-02 6.616854715025336509e-01 2.872137000000000162e-01
7.415982815225304892e-01 -8.554721779140354171e-03 -6.707896880379952131e-01 -5.729280900000000010e+00 1.788497003538144434e-02 9.998153922714339004e-01 7.022052687950437050e-03 6.755490000000000106e-02 6.706057833702770976e-01 -1.720459567674712323e-02 7.416143776909511764e-01 3.385453999999999963e-01
8.475136478378698657e-01 -1.351893576671354610e-02 -5.306014088789084981e-01 -5.786660200000000032e+00 1.242482684250588096e-02 9.999069571327595662e-01 -5.630342390974530514e-03 6.766600000000000392e-02 5.306281564395928241e-01 -1.820838609359081610e-03 8.476027631740459256e-01 4.297307000000000210e-01
8.769918103361986628e-01 -1.201172054817306427e-02 -4.803551635745259563e-01 -5.804517299999999658e+00 9.353617322436417678e-03 9.999248334897717916e-01 -7.926992710824299487e-03 6.763729999999999742e-02 4.804142737744398484e-01 2.458849309055188490e-03 8.770382429597085583e-01 4.649865000000000248e-01
9.383706242969841460e-01 4.461670724019328911e-04 -3.456303985349549746e-01 -5.850206400000000251e+00 -2.958902503375682950e-03 9.999728918322303706e-01 -6.742439963540377071e-03 6.574579999999999314e-02 3.456180208734258019e-01 7.349594249340131100e-03 9.383465069535380509e-01 5.816799000000000275e-01
9.512538213556525069e-01 5.414601653236902727e-03 -3.083615563672052473e-01 -5.863006099999999776e+00 -7.367853200015189903e-03 9.999594906411926054e-01 -5.170281987446045599e-03 6.516779999999999795e-02 3.083210698208789791e-01 7.190213177886125087e-03 9.512551806634039764e-01 6.254024999999999723e-01
9.606210295521879772e-01 5.988009688614113514e-03 -2.777973745773407721e-01 -5.874099700000000368e+00 -7.168493054884045833e-03 9.999690766843828404e-01 -3.233942223488191995e-03 6.449199999999999378e-02 2.777694192840824972e-01 5.097981458562208731e-03 9.606342489707681009e-01 6.711930000000000396e-01
9.770960258706794521e-01 8.206068551706389297e-03 -2.126405809497544097e-01 -5.905905200000000299e+00 -7.752947933883540428e-03 9.999655506425192408e-01 2.964679837318532664e-03 6.288320000000000021e-02 2.126575839843452553e-01 -1.248185534288676632e-03 9.771259867626145290e-01 8.152859999999999552e-01
9.803061429047323916e-01 1.293303193124185554e-02 -1.970598966515303418e-01 -5.916739500000000263e+00 -1.225519346238951660e-02 9.999140488300926055e-01 4.658882420780083994e-03 6.231620000000000215e-02 1.971032125979831351e-01 -2.152123899018598425e-03 9.803803812532549955e-01 8.660898999999999681e-01
9.852486175666895774e-01 1.544990673153987838e-02 -1.704302260894872412e-01 -5.935688999999999993e+00 -1.468945159481650255e-02 9.998757308651108344e-01 5.722135860328021219e-03 6.134660000000000113e-02 1.704974533380793911e-01 -3.134199889481807492e-03 9.853531322304112106e-01 9.719039999999999901e-01
9.916560188008058940e-01 1.759532838549808520e-02 -1.277056960168266864e-01 -5.959595199999999870e+00 -1.689756490260569538e-02 9.998358024374451869e-01 6.545262762660999066e-03 6.043140000000000317e-02 1.277998931004947769e-01 -4.332733926348807628e-03 9.917905095030026263e-01 1.140525199999999906e+00
9.944122263895430747e-01 1.900278278810829322e-02 -1.038422758480389979e-01 -5.972923800000000227e+00 -1.926641316441491877e-02 9.998132052437040951e-01 -1.536210951998386032e-03 5.913879999999999831e-02 1.037936863723912112e-01 3.528295143402178022e-03 9.945925908645262270e-01 1.258476300000000103e+00
9.953860767314743896e-01 1.699047554158526763e-02 -9.443453812029849181e-02 -5.978276700000000332e+00 -1.780459387019472928e-02 9.998111768986325254e-01 -7.785048855896981902e-03 5.854800000000000282e-02 9.428443501575824170e-02 9.430497836385486402e-03 9.955006333620873837e-01 1.318977400000000078e+00
9.960780827918944702e-01 1.685700727636316523e-02 -8.685789709236846345e-02 -5.983587700000000176e+00 -1.760762838400663569e-02 9.998138973884611591e-01 -7.883020460868693166e-03 5.782070000000000265e-02 8.670884847761822778e-02 9.381465481490077266e-03 9.961895219791789824e-01 1.380469699999999911e+00
9.968966108412056215e-01 2.296010404505150621e-02 -7.529927566423269547e-02 -5.995038000000000089e+00 -2.254077615827670966e-02 9.997253488548387690e-01 6.414067917729320348e-03 5.574839999999999657e-02 7.542586229868480929e-02 -4.696858451261826453e-03 9.971403506112810344e-01 1.506255499999999969e+00
9.974395220732803491e-01 2.192678681073236685e-02 -6.807066788553543801e-02 -6.004434599999999733e+00 -2.136830846493370517e-02 9.997318626014133347e-01 8.921787537047465994e-03 5.433230000000000004e-02 6.824804172702404748e-02 -7.444388468199794606e-03 9.976406095788006301e-01 1.631216400000000011e+00
9.978732185467760196e-01 2.043845677719893089e-02 -6.189757015961671466e-02 -6.012549400000000155e+00 -1.983683750853438427e-02 9.997499816594904720e-01 1.031862633824360588e-02 5.310600000000000043e-02 6.209299143025810014e-02 -9.068828833695257927e-03 9.980291662866506153e-01 1.755816000000000043e+00
9.980732723742409274e-01 1.838076453046254971e-02 -5.926120541678167597e-02 -6.015763299999999703e+00 -1.766200078401203299e-02 9.997642425022842394e-01 1.262985123187353870e-02 5.269490000000000285e-02 5.947938046482884045e-02 -1.155884549206316267e-02 9.981626101945567653e-01 1.818510300000000024e+00
9.984222445706703031e-01 1.558484138877441576e-02 -5.394566030137654816e-02 -6.023104700000000200e+00 -1.502506583510511938e-02 9.998291477919604153e-01 1.076673684330879677e-02 5.142820000000000030e-02 5.410424145217753583e-02 -9.939212468251700655e-03 9.984858251935254669e-01 1.942991700000000099e+00
9.984986087923904963e-01 1.843883940700693017e-02 -5.158039783661320932e-02 -6.026251300000000199e+00 -1.828052730592692396e-02 9.998266325956812750e-01 3.539360648191004419e-03 5.077849999999999725e-02 5.163671717952202089e-02 -2.591129812130468953e-03 9.986625733876376421e-01 2.005182000000000020e+00
9.985675415450774306e-01 1.918150154325841752e-02 -4.994932403112323921e-02 -6.029964399999999891e+00 -1.940257764337279325e-02 9.998039698339442616e-01 -3.944855520602900782e-03 4.984700000000000242e-02 4.986386420458267105e-02 4.908350316706820184e-03 9.987439627570999789e-01 2.066505400000000048e+00
9.986847426884675194e-01 2.150690452533472394e-02 -4.654285959207278556e-02 -6.036111400000000238e+00 -2.182698267719805976e-02 9.997414074048869281e-01 -6.379745081522408649e-03 4.753750000000000336e-02 4.639361538486261316e-02 7.387244265221657412e-03 9.988959210416705758e-01 2.189119300000000212e+00
9.987345150346006450e-01 2.783530725842625966e-02 -4.188751781175585609e-02 -6.042963999999999558e+00 -2.774906687718018891e-02 9.996114370254610693e-01 2.638987559354562858e-03 4.488489999999999841e-02 4.194469890280466684e-02 -1.473308427196833460e-03 9.991188475833250315e-01 2.312086600000000214e+00
9.990117128630919829e-01 2.277692749108380446e-02 -3.816816915201845517e-02 -6.047706599999999710e+00 -2.262976744378540281e-02 9.997347386160139182e-01 4.283226565412425434e-03 4.306179999999999730e-02 3.825560335155325786e-02 -3.415256716028123272e-03 9.992621502057267291e-01 2.434183400000000219e+00
9.990906214918940931e-01 2.109779634550448812e-02 -3.705149168797884640e-02 -6.050098900000000057e+00 -2.094535413220015296e-02 9.997705049458318616e-01 4.497730609203959111e-03 4.184770000000000156e-02 3.713788075829682622e-02 -3.717583855121712154e-03 9.993032359514616436e-01 2.494854000000000127e+00
9.991948159715254851e-01 1.868515356184629120e-02 -3.550471478549990789e-02 -6.054649799999999971e+00 -1.864812584246005114e-02 9.998251647662955710e-01 1.373791328291607949e-03 4.036979999999999735e-02 3.552417681232383773e-02 -7.105887841349563553e-04 9.993685646073657836e-01 2.616744800000000204e+00
9.992134192946658944e-01 2.042384428012212344e-02 -3.399131192354058056e-02 -6.059716200000000441e+00 -2.035451396347504049e-02 9.997899819680730049e-01 2.384474279763768717e-03 3.869500000000000023e-02 3.403287326648763572e-02 -1.690722065118398926e-03 9.994192838824582648e-01 2.740458299999999792e+00
9.991787313153445149e-01 1.958427647631884663e-02 -3.547279241838300484e-02 -6.065407800000000016e+00 -1.955048346636781634e-02 9.998080267900177898e-01 1.299293070246320455e-03 3.695350000000000024e-02 3.549142830726687708e-02 -6.047157598540426693e-04 9.993697978403989213e-01 2.865051999999999932e+00
9.989911343668331778e-01 1.913722501722997515e-02 -4.062610090948619995e-02 -6.071585699999999974e+00 -1.908432466467492594e-02 9.998164500826455248e-01 1.689584632403178487e-03 3.529270000000000324e-02 4.065097795331778369e-02 -9.125583689167403095e-04 9.991729906420919738e-01 2.990918600000000094e+00
9.986839228870023621e-01 2.286078273651568141e-02 -4.591085688267742410e-02 -6.079656599999999855e+00 -2.303602521207152518e-02 9.997292171224666513e-01 -3.291500285390557261e-03 3.309379999999999961e-02 4.582317873583922202e-02 4.344772073854694279e-03 9.989401179481028903e-01 3.118073900000000176e+00
9.984762924407053486e-01 2.298685178555495354e-02 -5.016670288998475308e-02 -6.087370899999999807e+00 -2.343498909028895669e-02 9.996903824552308970e-01 -8.363044472685781175e-03 3.121830000000000091e-02 4.995893033483716356e-02 9.525957773526593300e-03 9.987058432833443300e-01 3.248027099999999834e+00
9.983032658471928666e-01 2.079013024087591338e-02 -5.439080697504319883e-02 -6.096049299999999782e+00 -2.113706104795999574e-02 9.997596998354808528e-01 -5.810958193290241200e-03 2.791429999999999953e-02 5.425692627751597941e-02 6.950760349542447342e-03 9.985028156602661076e-01 3.378957000000000210e+00
9.981677137206688144e-01 2.013249694931957406e-02 -5.706047539443357547e-02 -6.105078200000000344e+00 -2.018701690074110877e-02 9.997961495121605591e-01 -3.791692324444370177e-04 2.579889999999999961e-02 5.704120996527260040e-02 1.530355267014037353e-03 9.983706518014512366e-01 3.511697799999999869e+00
9.981589612877416196e-01 1.980999823079523242e-02 -5.732584034336324352e-02 -6.114130499999999913e+00 -1.947413827952760440e-02 9.997898027684938294e-01 6.411569106398793197e-03 2.414840000000000042e-02 5.744080378308367985e-02 -5.283393817630814560e-03 9.983349336823394982e-01 3.646445799999999959e+00
9.983100294573011846e-01 2.317091430467759644e-02 -5.329346878603129223e-02 -6.123214700000000121e+00 -2.293187992401382602e-02 9.997240598016270408e-01 5.092458826877442613e-03 2.306829999999999992e-02 5.339675990276017414e-02 -3.861733294534664893e-03 9.985659082142995802e-01 3.782329100000000111e+00
9.986040139770847590e-01 1.713307479564097138e-02 -4.996479777704722347e-02 -6.131052999999999642e+00 -1.708897379008798498e-02 9.998531150037807125e-01 1.309729757645407494e-03 2.128520000000000065e-02 4.997989839581445937e-02 -4.540542735709319263e-04 9.987501206963935729e-01 3.919735699999999934e+00
9.988125579317919112e-01 1.335039856621619142e-02 -4.685339876544731413e-02 -6.138490199999999675e+00 -1.319207985500669630e-02 9.999061844996356418e-01 3.686628334897230561e-03 1.927979999999999972e-02 4.689822114803474801e-02 -3.064156899330272750e-03 9.988949733558810662e-01 4.056220500000000229e+00
9.989071762784125230e-01 1.000087243361792548e-02 -4.565562101269490108e-02 -6.144968500000000056e+00 -9.703637051327091215e-03 9.999302884840285399e-01 6.727376919972508085e-03 1.684700000000000086e-02 4.571971792853100208e-02 -6.276999507230169445e-03 9.989345857811319229e-01 4.193969700000000245e+00
9.989519731491703913e-01 1.435922429099924756e-02 -4.345995880278644141e-02 -6.153632199999999663e+00 -1.446639824968844364e-02 9.998930392580900328e-01 -2.152525238154333678e-03 1.455719999999999931e-02 4.342440170066282079e-02 2.778978405863820507e-03 9.990528507621402321e-01 4.327355400000000074e+00
9.989155751524247950e-01 2.124142712316308759e-02 -4.143036919545466795e-02 -6.161791299999999971e+00 -2.181346466435192186e-02 9.996721948835999294e-01 -1.340431034939092506e-02 1.162119999999999993e-02 4.113206142703520335e-02 1.429351427665953925e-02 9.990514746360096288e-01 4.459736300000000320e+00
9.990424227372477484e-01 1.813383514122657303e-02 -3.981710178253956151e-02 -6.168619200000000191e+00 -1.848024787419771942e-02 9.997943635623965930e-01 -8.349312987945898060e-03 8.168699999999999226e-03 3.965750887030739663e-02 9.077147786242531838e-03 9.991721009807410514e-01 4.592540299999999576e+00
9.990116092857489472e-01 1.587648549786269125e-02 -4.151796864653228142e-02 -6.175061200000000028e+00 -1.553228181398321091e-02 9.998423819591912842e-01 8.599968594231139490e-03 4.926500000000000323e-03 4.164796194232423671e-02 -7.946599675767690441e-03 9.991007450801164813e-01 4.724602199999999641e+00
9.989411836846623371e-01 1.354380978104621422e-02 -4.396676876119613026e-02 -6.178091499999999847e+00 -1.328537127315422561e-02 9.998927404487479853e-01 6.164941851064316414e-03 4.148299999999999731e-03 4.404554970505083350e-02 -5.574299463375892785e-03 9.990139722429673963e-01 4.788852200000000003e+00
9.988939973338323286e-01 8.544852416798205674e-03 -4.623599882789268534e-02 -6.180881499999999917e+00 -8.429638758501303147e-03 9.999608618028756890e-01 2.686271179793785820e-03 3.151399999999999948e-03 4.625714302503915187e-02 -2.293547388949259466e-03 9.989269324427766383e-01 4.853153200000000389e+00
9.986399572994946183e-01 9.799137903742352954e-03 -5.120754418254182261e-02 -6.188487099999999685e+00 -9.871765024847259026e-03 9.999505936472494749e-01 -1.165555578938098826e-03 7.104999999999999771e-04 5.119359276469795383e-02 1.669479217250467804e-03 9.986873529283253337e-01 4.980557400000000356e+00
9.984270845939111627e-01 1.153018693186489904e-02 -5.486721733985885224e-02 -6.192438100000000389e+00 -1.179496708685922809e-02 9.999202911566482666e-01 -4.504451645181661162e-03 -6.013000000000000332e-04 5.481090676793227284e-02 5.144523546464160185e-03 9.984834993011937332e-01 5.043454599999999566e+00
9.981947626239141558e-01 1.244826986067209401e-02 -5.875590564074082561e-02 -6.196685300000000396e+00 -1.292486347666890745e-02 9.998865264893913585e-01 -7.738349248330699155e-03 -2.171399999999999979e-03 5.865290934213943791e-02 8.483791749893021886e-03 9.982423861483979977e-01 5.106032400000000138e+00
9.979734313089835274e-01 1.429657370441113351e-02 -6.200514802569005030e-02 -6.201140900000000400e+00 -1.504840670607081668e-02 9.998185997584551066e-01 -1.167531723983276752e-02 -3.884400000000000092e-03 6.182698324341951573e-02 1.258473509281754672e-02 9.980075393430960506e-01 5.168115099999999629e+00
9.977096368177942320e-01 1.896695898758477342e-02 -6.492869217586494379e-02 -6.206470500000000001e+00 -1.976251673900474362e-02 9.997370295136007723e-01 -1.163248689928888385e-02 -5.703200000000000283e-03 6.469098494415975731e-02 1.288899864554448119e-02 9.978221034737952966e-01 5.230504999999999960e+00
9.973879564442320600e-01 2.245098987137022703e-02 -6.865287607809480996e-02 -6.211641300000000143e+00 -2.317335358636490525e-02 9.996839786483997514e-01 -9.743639836689001188e-03 -7.185999999999999679e-03 6.841242594412158540e-02 1.130910639712243843e-02 9.975930252808198340e-01 5.292339300000000080e+00
9.970396700026775694e-01 2.526521900858574518e-02 -7.261931664095969130e-02 -6.216843599999999803e+00 -2.561253862736266249e-02 9.996645107209235492e-01 -3.855369004171305646e-03 -8.770800000000000471e-03 7.249754689652349038e-02 5.703920892216771295e-03 9.973522802803639342e-01 5.354000599999999999e+00
9.967491817808891152e-01 2.557841092771419994e-02 -7.639904131297114986e-02 -6.222462700000000346e+00 -2.548882670824091645e-02 9.996728002357474496e-01 2.147599091231453851e-03 -1.046790000000000047e-02 7.642897573672793876e-02 -1.932957122762720466e-04 9.970750093672001713e-01 5.415826299999999982e+00
9.963624428611934647e-01 2.454107099758127616e-02 -8.160648436225222124e-02 -6.227841899999999598e+00 -2.416324802198244540e-02 9.996922610069101101e-01 5.614332366359467592e-03 -1.152659999999999969e-02 8.171915259413183030e-02 -3.622032189733452763e-03 9.966488152715144988e-01 5.476734200000000108e+00
9.958375679924577062e-01 2.415792251295652976e-02 -8.788590873811984172e-02 -6.233820900000000442e+00 -2.366444787800889293e-02 9.996978222616574872e-01 6.652674043458532693e-03 -1.226219999999999914e-02 8.802006635703100990e-02 -4.545211233539611650e-03 9.961083319465541264e-01 5.537357300000000038e+00
9.953385177135801731e-01 2.209367081637928290e-02 -9.387813837944675166e-02 -6.239893399999999701e+00 -2.121249544930054950e-02 9.997211656803728363e-01 1.037405067897550180e-02 -1.302009999999999973e-02 9.408116279333758603e-02 -8.334302642334213626e-03 9.955296450668454922e-01 5.597650500000000306e+00
9.947037332109865959e-01 2.287592983722328693e-02 -1.002056633639483302e-01 -6.246555800000000325e+00 -2.198451008093880998e-02 9.997083851226176154e-01 9.991297815055389178e-03 -1.369989999999999923e-02 1.004050021295134348e-01 -7.735408819866485507e-03 9.949165789139117200e-01 5.657611400000000401e+00
9.932520755549040237e-01 2.935915074185875898e-02 -1.121978372055007500e-01 -6.261879399999999762e+00 -2.894694056058673762e-02 9.995668901297981579e-01 5.301583577186300827e-03 -1.492519999999999958e-02 1.123048932062049310e-01 -2.018024767154067475e-03 9.936717458688166804e-01 5.776793500000000137e+00
9.918833527328013711e-01 2.988160658633619987e-02 -1.235900649702746795e-01 -6.277026199999999889e+00 -2.993943735009109430e-02 9.995507485033675588e-01 1.389696915806336308e-03 -1.642249999999999960e-02 1.235760683251302533e-01 2.321799771138804546e-03 9.923323861404129698e-01 5.893275700000000228e+00
9.904098046858834659e-01 3.193233372621592792e-02 -1.344200314122403206e-01 -6.294007299999999638e+00 -3.081853757138669492e-02 9.994713137004946901e-01 1.035909415771190528e-02 -1.714399999999999952e-02 1.346797554349989656e-01 -6.117119633037015891e-03 9.908702964179337824e-01 6.010122800000000431e+00
9.895586018316009369e-01 3.111892232956736323e-02 -1.407316105718026955e-01 -6.302520300000000297e+00 -2.961425226099516014e-02 9.994797760967923939e-01 1.277392799916523408e-02 -1.830920000000000117e-02 1.410559094972958227e-01 -8.472888914181991860e-03 9.899653734092614954e-01 6.067642700000000389e+00
9.885706289809177427e-01 2.922155723078823791e-02 -1.478993309967304715e-01 -6.311708499999999944e+00 -2.818774606577049979e-02 9.995613915686915041e-01 9.081599913710290684e-03 -1.910979999999999970e-02 1.480998395947960011e-01 -4.808854153416452712e-03 9.889607234029705873e-01 6.124422100000000313e+00
9.873150882639071257e-01 2.708702303206618131e-02 -1.564455485774320920e-01 -6.320920899999999953e+00 -2.716809668533044439e-02 9.996295656684954789e-01 1.620482616876665113e-03 -1.902970000000000009e-02 1.564314898251943364e-01 2.650400851829523823e-03 9.876852557198546601e-01 6.180723200000000084e+00
9.840437797722516589e-01 2.443812381175177600e-02 -1.762402269520260412e-01 -6.341549399999999892e+00 -2.425804930605830745e-02 9.997006836601877167e-01 3.176497004271817623e-03 -2.124809999999999893e-02 1.762651029994451168e-01 1.149431996594280211e-03 9.843420606022482700e-01 6.293563800000000263e+00
9.796169275254565934e-01 2.540114464094402752e-02 -1.992622823228576145e-01 -6.364960199999999624e+00 -2.246854132415129074e-02 9.996035958048454795e-01 1.696513792422324127e-02 -2.207270000000000065e-02 1.996142278404755277e-01 -1.214220346365734587e-02 9.797993299337869333e-01 6.405511899999999592e+00
9.772725127200133644e-01 2.572953658754112069e-02 -2.104196445888585343e-01 -6.377713700000000152e+00 -2.191744742079470079e-02 9.995510396341573678e-01 2.042901526828549974e-02 -2.253389999999999907e-02 2.108508036040362410e-01 -1.535285358705427289e-02 9.773976818604935835e-01 6.460775899999999794e+00
9.718630315304873646e-01 2.913926432189122701e-02 -2.337373552069712535e-01 -6.405289599999999695e+00 -2.836742132771694763e-02 9.995753496212390621e-01 6.664070587361859907e-03 -2.310910000000000047e-02 2.338322846648569486e-01 1.539621918157365807e-04 9.722769353142430848e-01 6.567338900000000201e+00
9.656914410103859536e-01 2.557837575152767037e-02 -2.584294632064965680e-01 -6.434440099999999774e+00 -2.466815004920866125e-02 9.996728074022257493e-01 6.764651779820746169e-03 -2.345500000000000015e-02 2.585179358041411191e-01 -1.575895496742619160e-04 9.660064451302070587e-01 6.675132800000000088e+00
9.592142996741935823e-01 2.638910396522036253e-02 -2.814454520727934783e-01 -6.467430600000000140e+00 -2.176343177085424477e-02 9.995720006330501839e-01 1.954913266610104963e-02 -2.429850000000000065e-02 2.818408776918310821e-01 -1.262658870614854698e-02 9.593780740248049055e-01 6.783673799999999865e+00
9.518096453982010097e-01 2.264108356370434644e-02 -3.058525466005020954e-01 -6.501984600000000114e+00 -1.953566888328334139e-02 9.997218778856210575e-01 1.321077280593928663e-02 -2.447430000000000092e-02 3.060665884545937798e-01 -6.599106902360870469e-03 9.519872347987957673e-01 6.890334600000000087e+00
