1.000000000000000000e+00 0.000000000000000000e+00 0.000000000000000000e+00 0.000000000000000000e+00 0.000000000000000000e+00 1.000000000000000000e+00 0.000000000000000000e+00 0.000000000000000000e+00 0.000000000000000000e+00 0.000000000000000000e+00 1.000000000000000000e+00 0.000000000000000000e+00
9.992625839777977692e-01 -7.870016189663275831e-04 3.838839525776335110e-02 9.767000000000000508e-04 9.066840225954963780e-04 9.999947828274322603e-01 -3.100361591776101908e-03 -3.258000000000000045e-04 -3.838575498928858271e-02 3.132881480097000470e-03 9.992580842142504416e-01 2.843990000000000060e-02
9.972438965958378976e-01 -1.040196875302878748e-03 7.418577149838238849e-02 3.126600000000000212e-03 1.223440020975091356e-03 9.999963121095284402e-01 -2.424657059766269825e-03 -6.511999999999999993e-04 -7.418297578868530973e-02 2.508736296027957047e-03 9.972414914880608494e-01 5.716469999999999885e-02
9.940086166480739394e-01 -3.066967912150130038e-03 1.092587009679706483e-01 6.359700000000000249e-03 3.230376321638523188e-03 9.999939129130313020e-01 -1.318637821962739083e-03 -1.069099999999999911e-03 -1.092539916808680650e-01 1.663684077808927830e-03 9.940124734916992999e-01 8.589299999999999713e-02
9.843374634836730142e-01 2.235594151561725879e-05 1.762945191511653131e-01 1.556759999999999915e-02 6.825542247868413058e-04 9.999920137394373576e-01 -3.937839137793742832e-03 -1.770000000000000089e-03 -1.762931992513010748e-01 3.996493157356019975e-03 9.843295870490658128e-01 1.434737000000000096e-01
9.782673438200897298e-01 1.930815583734050793e-04 2.073474541312193831e-01 2.160739999999999883e-02 9.704203237563024161e-04 9.999843509739554381e-01 -5.509636248642858954e-03 -2.057799999999999820e-03 -2.073452731546623629e-01 5.591111401942796925e-03 9.782518475186794404e-01 1.719913000000000136e-01
9.713099230563265740e-01 -1.355661965691773267e-03 2.378133628561435453e-01 2.835189999999999932e-02 2.935996942550407260e-03 9.999759000125489905e-01 -6.291209426325910202e-03 -2.441200000000000141e-03 -2.377991028037455823e-01 6.808933450059124169e-03 9.712904947187562810e-01 2.003540000000000043e-01
9.547220753527776438e-01 -1.309504798429179289e-03 2.974962924664241726e-01 4.514279999999999682e-02 3.025754833488836400e-03 9.999813318666522788e-01 -5.308552145726038243e-03 -3.406399999999999966e-03 -2.974837871914584042e-01 5.968342766561295087e-03 9.547082147142381681e-01 2.582556999999999769e-01
9.455633503802305384e-01 -2.394614232390538874e-03 3.254292799371183986e-01 5.498340000000000172e-02 4.276670632913164363e-03 9.999780120879733225e-01 -5.068079407683731032e-03 -3.825600000000000181e-03 -3.254099883316597386e-01 6.183943989319634800e-03 9.455528003928315162e-01 2.871347000000000205e-01
9.363214046974208671e-01 -4.520152215643537252e-03 3.511150741984683243e-01 6.558219999999999328e-02 6.874337094350577160e-03 9.999614726255442454e-01 -5.458640312936332076e-03 -4.240200000000000392e-03 -3.510768727714227433e-01 7.524725144494702131e-03 9.363164037420993457e-01 3.159379999999999966e-01
9.100900910240171671e-01 -1.704278975395015841e-02 4.140598622630535242e-01 1.039235000000000020e-01 2.159647322878141193e-02 9.997468020225475094e-01 -6.318559152838142817e-03 -5.410599999999999785e-03 -4.138473372681945039e-01 1.469269080502405567e-02 9.102277222063351880e-01 4.040304000000000118e-01
9.024675532255418409e-01 -2.155562495905685369e-02 4.302181660596496870e-01 1.178141999999999939e-01 2.625736199403466350e-02 9.996427418253472919e-01 -4.993962055952383579e-03 -6.048200000000000104e-03 -4.299568191298028808e-01 1.580328284017448390e-02 9.027111331623508539e-01 4.334868000000000055e-01
8.956892545419714580e-01 -2.397275188451198843e-02 4.440338573410040346e-01 1.327200000000000046e-01 2.907442176366866263e-02 9.995662809417420469e-01 -4.682734607333417960e-03 -6.419700000000000406e-03 -4.437290133596807906e-01 1.710430271534139207e-02 8.959977709411257596e-01 4.631897999999999849e-01
8.890984094675149496e-01 -2.612979743718943718e-02 4.569696400946419712e-01 1.476493000000000111e-01 3.125410402220812900e-02 9.995047812157713540e-01 -3.656953456384877052e-03 -6.669399999999999808e-03 -4.566477846919923533e-01 1.753356816807747492e-02 8.894747746412998701e-01 4.926723000000000074e-01
8.828578750226637739e-01 -2.696166906835072499e-02 4.688656960276742502e-01 1.632368999999999903e-01 3.176427883887215919e-02 9.994926577344112051e-01 -2.336177401146131115e-03 -7.015900000000000261e-03 -4.685648334012200156e-01 1.695569332265676327e-02 8.832663818824052493e-01 5.222957999999999767e-01
8.715207001074823934e-01 -2.587038941796140218e-02 4.896758031958763913e-01 1.960270000000000068e-01 3.207678758937103358e-02 9.994762178215906845e-01 -4.285989616710452269e-03 -8.182399999999999396e-03 -4.893084395165385181e-01 1.944255539817767858e-02 8.718940520828655227e-01 5.817972000000000143e-01
8.665500659185533250e-01 -2.474553660733343208e-02 4.984763200740492395e-01 2.129330000000000112e-01 3.268113961887710028e-02 9.994399071628562448e-01 -7.198269480423834590e-03 -8.764700000000000268e-03 -4.980190020167526987e-01 2.252843510580485736e-02 8.668734297704141500e-01 6.112005000000000354e-01
8.617015040295742390e-01 -2.424641340619824309e-02 5.068358998631660173e-01 2.307576000000000072e-01 3.384581549810870144e-02 9.993796611185394863e-01 -9.734152036059970370e-03 -9.025399999999999395e-03 -5.062854715735357614e-01 2.554220780451203765e-02 8.619875967170488318e-01 6.417690000000000339e-01
8.549403803052160189e-01 -2.330327641554601897e-02 5.182025698815794224e-01 2.679405000000000259e-01 3.386132394068571555e-02 9.993668370514250388e-01 -1.092409002225191647e-02 -1.014570000000000055e-02 -5.176198961250971786e-01 2.688647076376845732e-02 8.551881435247523644e-01 7.037609999999999699e-01
8.522633375619984575e-01 -2.277804065522426313e-02 5.226168427362363200e-01 2.872994999999999854e-01 3.448786165826809441e-02 9.993245942710761165e-01 -1.268631874064222141e-02 -1.060469999999999989e-02 -5.219748948425806390e-01 2.883602172384323870e-02 8.524732799362211288e-01 7.355306999999999817e-01
8.498197437357496442e-01 -2.078607271181737159e-02 5.266634051632256286e-01 3.068321999999999994e-01 3.335196282760647529e-02 9.993402850843179364e-01 -1.437501941355406182e-02 -1.120849999999999971e-02 -5.260171572605315538e-01 2.978143362588748372e-02 8.499523612995825150e-01 7.676262999999999836e-01
8.475472876011069800e-01 -2.111170905312884441e-02 5.302998123899936855e-01 3.270894999999999775e-01 3.437122309190765446e-02 9.992942882628781387e-01 -1.515072501083751001e-02 -1.192789999999999996e-02 -5.296057158898238582e-01 3.106800904537883323e-02 8.476747987941977147e-01 8.003483000000000125e-01
8.459627308722580397e-01 -2.173097024016804740e-02 5.327990455205156017e-01 3.476789000000000129e-01 3.442330335100940442e-02 9.993107033414202478e-01 -1.389799890920624670e-02 -1.248639999999999993e-02 -5.321297719180499985e-01 3.009789227997276134e-02 8.461276633692738081e-01 8.333078999999999903e-01
8.447070513159508076e-01 -2.366037773613765757e-02 5.347056984758016274e-01 3.690898000000000234e-01 3.542667887219770606e-02 9.993032345858489096e-01 -1.174716009706059348e-02 -1.319180000000000005e-02 -5.340551917931308790e-01 2.886575603796084910e-02 8.449566972615574212e-01 8.672029999999999461e-01
8.434796555234799209e-01 -2.366052816464164071e-02 5.366397768754771480e-01 3.906107999999999802e-01 3.486040101595045543e-02 9.993345661613325381e-01 -1.073206951843323070e-02 -1.359770000000000076e-02 -5.360287521756634810e-01 2.775976012345141020e-02 8.437431911185355737e-01 9.011247000000000007e-01
8.423397079001757604e-01 -2.582608779315787029e-02 5.383278087596317096e-01 4.124657999999999936e-01 3.789365069070339820e-02 9.992172456003037828e-01 -1.135637848405723384e-02 -1.401789999999999980e-02 -5.376131394711047840e-01 2.996513447729388241e-02 8.426590075373194821e-01 9.350228000000000428e-01
8.414950321892132878e-01 -2.660713457210320959e-02 5.396092764127918828e-01 4.572284999999999822e-01 3.944631513690347729e-02 9.991466160693254217e-01 -1.224858438089608537e-02 -1.532840000000000071e-02 -5.388228827945179544e-01 3.159272047604989170e-02 8.418264672662217896e-01 1.004699900000000090e+00
8.414194352076074246e-01 -2.618201651353117138e-02 5.397479375284320868e-01 4.800235999999999947e-01 3.903993735737871368e-02 9.991608003966475637e-01 -1.239266887569268408e-02 -1.592290000000000025e-02 -5.389705162121977144e-01 3.149915811598458237e-02 8.417354606359063185e-01 1.040845999999999938e+00
8.436710671741516343e-01 -2.523612858418764621e-02 5.362669747684547517e-01 5.729701999999999851e-01 3.855909278368101906e-02 9.991631851261134623e-01 -1.364279488738820260e-02 -1.913609999999999964e-02 -5.354739272615685053e-01 3.218799935880163610e-02 8.439381529000512527e-01 1.188055800000000106e+00
8.446681325074666402e-01 -2.719142865355470701e-02 5.345992631253128069e-01 6.222423000000000259e-01 4.117271444227568050e-02 9.990505916473606529e-01 -1.423807973406271757e-02 -2.106130000000000155e-02 -5.337045563903343171e-01 3.403735502117266609e-02 8.449857424544862106e-01 1.265463400000000016e+00
8.456830261693546458e-01 -2.825256538440983761e-02 5.329371555805075822e-01 6.725605999999999529e-01 4.148306023552349869e-02 9.990563935782578175e-01 -1.286383161818237773e-02 -2.252859999999999932e-02 -5.320708364142301416e-01 3.298658817769225399e-02 8.460570371067525075e-01 1.345028499999999960e+00
8.463244388429576048e-01 -3.191473527338756222e-02 5.317108179166402104e-01 7.228700999999999599e-01 4.502019128838995188e-02 9.989175497235286416e-01 -1.170090725962480080e-02 -2.418359999999999954e-02 -5.307618360371341160e-01 3.384048650316887064e-02 8.468451422070738532e-01 1.425869199999999948e+00
8.471929052536678606e-01 -3.269783937556501596e-02 5.302782595845499936e-01 7.746511000000000369e-01 4.667133335498731272e-02 9.988260335869569850e-01 -1.297463956396288469e-02 -2.605520000000000058e-02 -5.292314880378125030e-01 3.574081601078592935e-02 8.477243809990165913e-01 1.508286599999999922e+00
8.472948014278223194e-01 -3.393411712936666991e-02 5.300377299476308757e-01 8.267094999999999860e-01 4.734669091791485207e-02 9.988095176237029582e-01 -1.174045839945208301e-02 -2.795210000000000056e-02 -5.290083272808763226e-01 3.504316194289906067e-02 8.478927800544906468e-01 1.591700399999999904e+00
8.472002241451918048e-01 -3.518109868612455393e-02 5.301076027596415274e-01 8.524564999999999504e-01 4.875933293261397461e-02 9.987426933781821115e-01 -1.164301832263182380e-02 -2.888579999999999967e-02 -5.290314807838029099e-01 3.571166082572749256e-02 8.478504405971403202e-01 1.633925899999999931e+00
8.472687483104228701e-01 -3.629564950929570905e-02 5.299229132271859877e-01 8.788435999999999471e-01 4.968803346272913229e-02 9.987037652712023039e-01 -1.104031538180953731e-02 -2.986400000000000166e-02 -5.288352933259049538e-01 3.568494163959740062e-02 8.479739485816073508e-01 1.676238700000000081e+00
8.473172115673462956e-01 -3.645971974083952322e-02 5.298341550128269350e-01 9.058673999999999893e-01 5.050345666369478875e-02 9.986512486948389000e-01 -1.204509631582060224e-02 -3.069459999999999897e-02 -5.286803796688082091e-01 3.696447371001688326e-02 8.480157332482612942e-01 1.719189899999999938e+00
8.470488888548852735e-01 -3.551328638386928860e-02 5.303272446140414598e-01 9.322549999999999448e-01 4.971607661519665544e-02 9.986847818087610795e-01 -1.253069469658580661e-02 -3.184990000000000043e-02 -5.291847424252669185e-01 3.697990094368063668e-02 8.477004160141126121e-01 1.762117900000000015e+00
8.459387543179481828e-01 -3.323658522547806582e-02 5.322433215603064038e-01 9.868158000000000207e-01 4.823683053833156820e-02 9.987335616785523174e-01 -1.429968378984223555e-02 -3.363700000000000023e-02 -5.310939955625693099e-01 3.777038759958291358e-02 8.464706525910764556e-01 1.849014300000000111e+00
8.453676706736191759e-01 -3.271946369624299106e-02 5.331818996133397270e-01 1.014360300000000104e+00 4.713070193987699968e-02 9.987983939313165305e-01 -1.343373421194383674e-02 -3.471429999999999655e-02 -5.321016804281994972e-01 3.648568178961320019e-02 8.458939630413692123e-01 1.893062900000000104e+00
8.448235322482176013e-01 -3.319662243192918888e-02 5.340142166822496872e-01 1.042272800000000110e+00 4.761978619345084290e-02 9.987776848866236623e-01 -1.324734446620134433e-02 -3.573899999999999993e-02 -5.329217159419710192e-01 3.662131116751696225e-02 8.453717077391678103e-01 1.937436600000000064e+00
8.446148750277157058e-01 -3.151447535634251812e-02 5.344460222744019662e-01 1.070159199999999977e+00 4.507372299036425251e-02 9.989075646770082528e-01 -1.233031738587665911e-02 -3.677919999999999801e-02 -5.334735910780438184e-01 3.450384143922272800e-02 8.451126626363096861e-01 1.982171300000000080e+00
8.422838454069861980e-01 -2.932444999211217609e-02 5.382360080848180850e-01 1.127106799999999964e+00 4.374137630923403963e-02 9.989444281815538229e-01 -1.402574075058350689e-02 -3.876519999999999966e-02 -5.372565641897679711e-01 3.535683862690090079e-02 8.426774461188083487e-01 2.072422299999999940e+00
8.400007916587902690e-01 -2.965419981688910758e-02 5.417742135297929362e-01 1.155778900000000053e+00 4.477025024015370697e-02 9.988885594601500939e-01 -1.474009745762159922e-02 -3.980619999999999992e-02 -5.407349579101019543e-01 3.663706064692116848e-02 8.403948066719082455e-01 2.117705799999999972e+00
8.372233100516405235e-01 -2.834490158786874547e-02 5.461260803698616551e-01 1.184898100000000065e+00 4.290664035501097484e-02 9.989819986526775608e-01 -1.392790656729599348e-02 -4.101389999999999897e-02 -5.451753381432621337e-01 3.509320335728300516e-02 8.375872000923271221e-01 2.163872500000000088e+00
8.343760085705919094e-01 -2.685445376673376364e-02 5.505411107580413521e-01 1.214016100000000042e+00 4.058837598255429779e-02 9.990942192534366662e-01 -1.277985874196766597e-02 -4.223149999999999821e-02 -5.496992450939934827e-01 3.300877712451941864e-02 8.347102255129245085e-01 2.209322199999999903e+00
8.317520905510145113e-01 -2.491596162042241519e-02 5.545878241726431845e-01 1.244357699999999900e+00 3.901544895268792973e-02 9.991457061047471777e-01 -1.362544367962268722e-02 -4.345140000000000113e-02 -5.537745521482881905e-01 3.297048420900131060e-02 8.320136372464016494e-01 2.255593800000000204e+00
8.266238097292593068e-01 -2.371220206680510131e-02 5.622551099472804514e-01 1.305662899999999960e+00 3.994697651867018529e-02 9.990639699338497159e-01 -1.659587439795327107e-02 -4.587059999999999749e-02 -5.613352975323234739e-01 3.617893659519074573e-02 8.267972957691256397e-01 2.346844200000000047e+00
8.237242108209882341e-01 -2.257970314066622131e-02 5.665408912986065193e-01 1.336673900000000081e+00 3.905733333746328612e-02 9.990928888962783416e-01 -1.696832547587246581e-02 -4.716080000000000272e-02 -5.656438360133577703e-01 3.610479695231994662e-02 8.238589044351740664e-01 2.392953400000000119e+00
8.207474422206059161e-01 -2.093119329891997629e-02 5.709076293371952993e-01 1.368250600000000095e+00 3.714610706741168500e-02 9.991691320490228012e-01 -1.676938550271878103e-02 -4.852959999999999913e-02 -5.700822772355491619e-01 3.497042618392939145e-02 8.208430218223486952e-01 2.439319600000000143e+00
8.175989418266805808e-01 -1.909910442981507805e-02 5.754712803727664028e-01 1.400033599999999989e+00 3.478572194399073836e-02 9.992625509911050585e-01 -1.625754395917233808e-02 -4.984340000000000298e-02 -5.747363951175594732e-01 3.331033468351943250e-02 8.176603804334318104e-01 2.485348899999999972e+00
8.141785784819165483e-01 -1.854002487561876023e-02 5.803184555214293550e-01 1.432221900000000048e+00 3.376347770208609766e-02 9.993105223163306627e-01 -1.544369001641555071e-02 -5.131650000000000100e-02 -5.796320124998501910e-01 3.216749081718740105e-02 8.142431962380156651e-01 2.531765899999999903e+00
8.107475526008205424e-01 -1.871514016933149838e-02 5.850967009650815953e-01 1.465080500000000008e+00 3.391802020685829450e-02 9.993115273129127285e-01 -1.503460291397304242e-02 -5.252869999999999762e-02 -5.844125031662370517e-01 3.203458924312856809e-02 8.108241555571695791e-01 2.578097599999999989e+00
8.072859093348686566e-01 -1.866082661087827693e-02 5.898654373156414499e-01 1.498183599999999949e+00 3.499927043275227745e-02 9.992546045317892700e-01 -1.628761465630828437e-02 -5.389560000000000184e-02 -5.891218139388060271e-01 3.379362176825759234e-02 8.073372773935529878e-01 2.624195100000000114e+00
8.037169470933035464e-01 -1.746497603992927874e-02 5.947554485390988965e-01 1.531558999999999893e+00 3.449065850999509519e-02 9.992558717248063438e-01 -1.726549446277746841e-02 -5.523659999999999681e-02 -5.940113327459055625e-01 3.439007757220086808e-02 8.037212571121975513e-01 2.670429500000000012e+00
7.999722668472741827e-01 -1.843484577496065646e-02 5.997537234036042220e-01 1.565699799999999975e+00 3.563336019646509700e-02 9.992234494763791997e-01 -1.681551835759686336e-02 -5.668949999999999684e-02 -5.989779928481032689e-01 3.482318879395043809e-02 8.000079434642373144e-01 2.716778000000000137e+00
7.963196586449150516e-01 -1.818312350705947669e-02 6.046026590043852567e-01 1.600040200000000024e+00 3.533187329152522038e-02 9.992396820170624805e-01 -1.648382880739098638e-02 -5.828470000000000178e-02 -6.038432412351383283e-01 3.448814146872497544e-02 7.963566463040763210e-01 2.763099200000000089e+00
7.928028311510487702e-01 -1.697132675045671252e-02 6.092418608296799043e-01 1.634509100000000048e+00 3.447353851836219146e-02 9.992606001330552878e-01 -1.702434033228112514e-02 -5.976490000000000274e-02 -6.085024618363550353e-01 3.449966797022209486e-02 7.928016945296216811e-01 2.809114000000000111e+00
7.889240616069123080e-01 -1.533780849655086605e-02 6.142992565909354274e-01 1.669545700000000021e+00 3.335942582937925782e-02 9.992832499394449508e-01 -1.789231954764573806e-02 -6.110199999999999659e-02 -6.135845285907940427e-01 3.460835189638555159e-02 7.888702607229081121e-01 2.855838799999999900e+00
7.860972231131096999e-01 -1.703856049503872302e-02 6.178679820723150806e-01 1.705076899999999895e+00 3.443985446207534218e-02 9.992744822278640804e-01 -1.626055327672445983e-02 -6.276769999999999572e-02 -6.171426514497996285e-01 3.406165915646258008e-02 7.861137011508070316e-01 2.901658100000000129e+00
7.830211017737320756e-01 -1.903546325960631808e-02 6.217037922640834546e-01 1.740691400000000000e+00 3.675418968967621158e-02 9.992010434852224288e-01 -1.569726849798975393e-02 -6.407709999999999795e-02 -6.209082731912224373e-01 3.514151158579922191e-02 7.830951349907362413e-01 2.947624699999999986e+00
7.799584616057484432e-01 -1.988088321723894408e-02 6.255154263901864242e-01 1.776569499999999913e+00 3.851621632516834259e-02 9.991255009095836304e-01 -1.627066415873670152e-02 -6.543619999999999992e-02 -6.246449385447599978e-01 3.678292966412639864e-02 7.800421250392421957e-01 2.993626100000000179e+00
7.775128454745678930e-01 -2.006684045682205486e-02 6.285468137188517934e-01 1.812557100000000032e+00 3.952482631270717167e-02 9.990740328148163263e-01 -1.699603071571803570e-02 -6.672509999999999553e-02 -6.276237433582249059e-01 3.805783584519421836e-02 7.775860324773004040e-01 3.039180800000000016e+00
7.749796622013882530e-01 -1.967205252640872107e-02 6.316799296507847883e-01 1.849703199999999992e+00 3.871512912698939213e-02 9.991159782458137739e-01 -1.638294206151627574e-02 -6.846969999999999446e-02 -6.307992247545194386e-01 3.715201694805650434e-02 7.750561693747032299e-01 3.085251299999999919e+00
7.719239526520266237e-01 -1.721707168306656210e-02 6.354816942798053869e-01 1.886494300000000068e+00 3.679892849221870488e-02 9.991671725241191293e-01 -1.762952670895540086e-02 -6.971779999999999644e-02 -6.346489188393031888e-01 3.699369936647786683e-02 7.719146429646780438e-01 3.131457999999999853e+00
7.690161404755845309e-01 -1.559426653476182409e-02 6.390391181604447857e-01 1.923387200000000075e+00 3.576737547473181345e-02 9.991859285651872868e-01 -1.865944824945208261e-02 -7.114529999999999466e-02 -6.382279142592289789e-01 3.720616895848367911e-02 7.689478723891152168e-01 3.176691100000000212e+00
7.663184716201482116e-01 -1.518552514121787600e-02 6.422814024085903295e-01 1.960811099999999918e+00 3.551711135048761514e-02 9.991931206289094147e-01 -1.875213292345041804e-02 -7.256880000000000275e-02 -6.414783978085911720e-01 3.718208592920963645e-02 7.662394910410685878e-01 3.221423399999999937e+00
7.630275940372598376e-01 -1.516993654294126505e-02 6.461878703310621752e-01 1.996475699999999964e+00 3.596288029263126906e-02 9.991723248800312707e-01 -1.900885148795835103e-02 -7.394040000000000334e-02 -6.453646736371370096e-01 3.774305524353477326e-02 7.629416096937661207e-01 3.263767999999999780e+00
7.600571631138678397e-01 -1.394899408113963075e-02 6.497064986310538970e-01 2.032991599999999899e+00 3.464058802893259237e-02 9.992178518394315700e-01 -1.907129325456494856e-02 -7.593750000000000500e-02 -6.489323065315126815e-01 3.700148820677587325e-02 7.599458871591942000e-01 3.306160900000000069e+00
7.571813979086139401e-01 -1.389338005012673988e-02 6.530568923546707927e-01 2.070421899999999926e+00 3.456021757509501746e-02 9.992255377995333809e-01 -1.881265452814912670e-02 -7.781839999999999591e-02 -6.522897531176764518e-01 3.681438034268860043e-02 7.570751477744230851e-01 3.349752200000000180e+00
7.539827468526479892e-01 -1.408100483748338412e-02 6.567432852730986648e-01 2.107687700000000053e+00 3.421910437521215320e-02 9.992547407647471847e-01 -1.786101774637177675e-02 -7.934879999999999711e-02 -6.560023401972695511e-01 3.594006624847317227e-02 7.539026736215764801e-01 3.393169900000000183e+00
7.513351011142428426e-01 -1.484972295613394382e-02 6.597537810136266945e-01 2.145702399999999788e+00 3.511156063850991160e-02 9.992302590232799986e-01 -1.749479241937629964e-02 -8.103580000000000505e-02 -6.589861486732317974e-01 3.630943651993092519e-02 7.512781646477064701e-01 3.436035899999999810e+00
7.487468936064040070e-01 -1.512111623847362321e-02 6.626835150797570906e-01 2.184099400000000024e+00 3.630765457279516717e-02 9.991744829758829605e-01 -1.822379733478979996e-02 -8.238120000000000165e-02 -6.618608943986513671e-01 3.770549580073805085e-02 7.486778025641187551e-01 3.479858199999999790e+00
7.463657690044734894e-01 -1.478757049639437340e-02 6.653716755447101061e-01 2.222761900000000068e+00 3.670107530053041967e-02 9.991463524659653928e-01 -1.896305423030870962e-02 -8.411760000000000070e-02 -6.645232651534072055e-01 3.857323052028439891e-02 7.462713554445751241e-01 3.523060099999999917e+00
7.438867295611552022e-01 -1.366369507664797096e-02 6.681660250414271918e-01 2.262093300000000085e+00 3.698833480985775496e-02 9.991002677392678555e-01 -2.074892988366452279e-02 -8.542470000000000618e-02 -6.672813474620751251e-01 4.014920223585703718e-02 7.437228280004732905e-01 3.566999700000000217e+00
7.413748311941954494e-01 -1.448409090198377568e-02 6.709348483888142312e-01 2.301164400000000221e+00 3.847390497473293647e-02 9.990400512167103564e-01 -2.094599486556209672e-02 -8.748709999999999820e-02 -6.699874016037714597e-01 4.134231700879867355e-02 7.412204088640372834e-01 3.611170299999999944e+00
7.389975856310366797e-01 -1.288348212225135479e-02 6.735848753645707898e-01 2.339870499999999964e+00 3.752928934409473227e-02 9.990518901716172184e-01 -2.206520305471945664e-02 -8.896900000000000641e-02 -6.726619662749082629e-01 4.158529346925921022e-02 7.387804426852742079e-01 3.654439200000000110e+00
7.364043767676138330e-01 -1.367599222946803798e-02 6.764034011697765969e-01 2.379877299999999973e+00 3.846884889109068728e-02 9.990245371487675996e-01 -2.168229322938539788e-02 -9.089369999999999394e-02 -6.754470679057660298e-01 4.198739586149814046e-02 7.362121413331033093e-01 3.698487000000000080e+00
7.337823245169823316e-01 -1.343772171317047549e-02 6.792517411546423745e-01 2.420031499999999891e+00 3.830618781111243959e-02 9.990321927046716954e-01 -2.161744469347679290e-02 -9.256190000000000251e-02 -6.783038671582477530e-01 4.188204358499157676e-02 7.335869125218299480e-01 3.741931199999999791e+00
7.312160114329124827e-01 -1.507950135625205600e-02 6.819792909341085840e-01 2.460388700000000206e+00 4.072861046424191417e-02 9.989371510185057756e-01 -2.158120952780610141e-02 -9.425160000000000482e-02 -6.809290160609949849e-01 4.355659483795556314e-02 7.310530063766426112e-01 3.784677700000000033e+00
7.287634146334014407e-01 -1.660569227503095463e-02 6.845641945617169100e-01 2.500496399999999841e+00 4.237466222201566324e-02 9.988835759780615442e-01 -2.088036500759501285e-02 -9.613610000000000211e-02 -6.834531977344426856e-01 4.422502261556569142e-02 7.286534662521118033e-01 3.828025600000000139e+00
7.263048119003705505e-01 -1.785893094346505117e-02 6.871407270682795554e-01 2.540934800000000049e+00 4.370714043201128635e-02 9.988393767062212492e-01 -2.023821672934125737e-02 -9.773400000000000143e-02 -6.859817826193518320e-01 4.473207044933076582e-02 7.262424084200072016e-01 3.871971100000000110e+00
7.244290692290885625e-01 -1.800656009945026531e-02 6.891141323824823139e-01 2.581742300000000157e+00 4.338798876578368185e-02 9.988677594775688950e-01 -1.951106114802490105e-02 -9.935720000000000662e-02 -6.879825623420527947e-01 4.403365610128941871e-02 7.243901097085856389e-01 3.914929599999999787e+00
7.227087475869912181e-01 -1.632347391557833691e-02 6.909599195037077202e-01 2.623054699999999961e+00 4.235861861004661111e-02 9.988878678557540081e-01 -2.070688001690085961e-02 -1.007984999999999992e-01 -6.898534725510130361e-01 4.423315102853456887e-02 7.225964397638530157e-01 3.958125100000000174e+00
7.206109573083202546e-01 -1.423884338945792180e-02 6.931934099124981152e-01 2.664504800000000007e+00 4.164779302041535236e-02 9.988726928917488479e-01 -2.277728543339965078e-02 -1.025863000000000053e-01 -6.920876458539877429e-01 4.528353712019863447e-02 7.203916238561972607e-01 4.001764800000000122e+00
7.182446579196432035e-01 -1.282992188680913935e-02 6.956723398801142322e-01 2.706651200000000035e+00 4.176199924168289002e-02 9.988223210658521145e-01 -2.469628231053053527e-02 -1.043176999999999993e-01 -6.945362098474293644e-01 4.679064057054703463e-02 7.179345995045547379e-01 4.045602800000000165e+00
7.158709492353331205e-01 -1.083113571715622024e-02 6.981486020468562481e-01 2.748820499999999889e+00 4.037445690091230610e-02 9.988488029215475406e-01 -2.590312977514364068e-02 -1.064589999999999981e-01 -6.970643351017605793e-01 4.673066874407107163e-02 7.154841419122246471e-01 4.089729300000000123e+00
7.103831805284926970e-01 -9.219479066706932555e-03 7.037547428102787217e-01 2.834217799999999787e+00 3.955500443515576336e-02 9.988567976049812502e-01 -2.684212179497889178e-02 -1.109097000000000000e-01 -7.027027383227973933e-01 4.690521382597275662e-02 7.099357453105048510e-01 4.177750600000000425e+00
7.077928250178766589e-01 -9.826907544273360065e-03 7.063517174477100813e-01 2.877439999999999998e+00 3.946553854999212269e-02 9.988916788133579416e-01 -2.564927414938884820e-02 -1.131957999999999992e-01 -7.053167998283980111e-01 4.603092314463967660e-02 7.073961874326717414e-01 4.221537599999999557e+00
7.051374048575286269e-01 -1.038681269099917849e-02 7.089946081550351220e-01 2.920507199999999859e+00 3.956008020721085705e-02 9.989115972690534306e-01 -2.471074453324594022e-02 -1.152075999999999933e-01 -7.079662706123708293e-01 4.547235383736362990e-02 7.047808345235423433e-01 4.264828699999999806e+00
7.020495017510589575e-01 -1.043611862877793367e-02 7.120516726467650548e-01 2.963705500000000104e+00 3.954093041081469667e-02 9.989213385046822324e-01 -2.434490300373568644e-02 -1.174696999999999963e-01 -7.110295436290513527e-01 4.524651266098044661e-02 7.017048818261726328e-01 4.308212799999999731e+00
6.994881963794359336e-01 -9.451274919194943211e-03 7.145816514074829762e-01 3.008281699999999947e+00 3.851818961330174401e-02 9.989577002064131683e-01 -2.449208580802464397e-02 -1.196331000000000061e-01 -7.136053616634039365e-01 4.465631647052525910e-02 6.991231659761583117e-01 4.351888200000000317e+00
6.966381982822797969e-01 -8.270812150293847462e-03 7.173749468446704025e-01 3.052721700000000205e+00 3.782787950997371085e-02 9.989660412335329420e-01 -2.521705759961389431e-02 -1.217265000000000014e-01 -7.164246451831470797e-01 4.470393862488947906e-02 6.962307703955809002e-01 4.395703799999999717e+00
6.939138362119974257e-01 -7.775959945776254878e-03 7.200160570157244644e-01 3.096599799999999902e+00 3.791330434402870320e-02 9.989491943101681537e-01 -2.575050564130918970e-02 -1.240474000000000021e-01 -7.190592251457917916e-01 4.516682005618422036e-02 6.934794799406438504e-01 4.438836600000000132e+00
6.915702589532899403e-01 -8.447259056951095246e-03 7.222598014189245408e-01 3.141337899999999905e+00 3.949302964660509480e-02 9.988780682947413503e-01 -2.613245662195250868e-02 -1.262880999999999865e-01 -7.212287276173987571e-01 4.659665754311800162e-02 6.911279722057250829e-01 4.482688399999999795e+00
6.876351176118706832e-01 -1.095094497189600009e-02 7.259738437651396259e-01 3.231398099999999829e+00 4.170691363610395941e-02 9.988309873600428324e-01 -2.443751305498206156e-02 -1.301630000000000009e-01 -7.248575573047847387e-01 4.708222056768731484e-02 6.872879935838805965e-01 4.568370800000000287e+00
6.858318777882583817e-01 -1.220389651546135990e-02 7.276576807258143820e-01 3.276653500000000108e+00 4.386761033245555746e-02 9.987345379874635887e-01 -2.459584100386800337e-02 -1.321383999999999892e-01 -7.264366924744034559e-01 4.878921541496262365e-02 6.854993393768086252e-01 4.610994299999999768e+00
6.838273952667305311e-01 -1.115380002658501735e-02 7.295585557223529527e-01 3.321974800000000005e+00 4.337366491016481085e-02 9.987363459046256775e-01 -2.538575508699239536e-02 -1.342488000000000015e-01 -7.283534984298347670e-01 4.900310310626231070e-02 6.834470551630005275e-01 4.653505799999999581e+00
6.815994616721789967e-01 -1.055566709873820633e-02 7.316493365952685402e-01 3.366847499999999993e+00 4.292030301249356861e-02 9.987511022287739459e-01 -2.557505398087810480e-02 -1.363242000000000065e-01 -7.304656196136212198e-01 4.883455425116225990e-02 6.812012660540046616e-01 4.695890900000000201e+00
6.751051830038973245e-01 -6.326551535321384145e-03 7.376943585435267181e-01 3.503506900000000091e+00 4.092686666395804751e-02 9.987444172763521033e-01 -2.888910771191250532e-02 -1.430953000000000086e-01 -7.365853538228581687e-01 4.969470499953496795e-02 6.745164585306011595e-01 4.823636999999999730e+00
6.728156152413182767e-01 -6.504721478463610512e-03 7.397816140496693560e-01 3.548899399999999815e+00 4.195341160095139577e-02 9.986876634790092799e-01 -2.937451395135485394e-02 -1.455164999999999931e-01 -7.386196985881756660e-01 5.079999422563744732e-02 6.722055499950797541e-01 4.865267799999999809e+00
6.705970698075058856e-01 -8.502732528931387229e-03 7.417730606493664336e-01 3.596058100000000035e+00 4.379857786670403319e-02 9.986437460241783803e-01 -2.814876735579351780e-02 -1.476609000000000116e-01 -7.405276865468579661e-01 5.136508606376295055e-02 6.700599774581532664e-01 4.907854999999999634e+00
6.682841986392661360e-01 -9.476840484837913137e-03 7.438456959232195853e-01 3.641484000000000165e+00 4.395262942038621889e-02 9.986750395915786616e-01 -2.676437303194107928e-02 -1.500763999999999987e-01 -7.426064881322462785e-01 5.058018180259568619e-02 6.678152805924016944e-01 4.949236400000000202e+00
6.661145643442204500e-01 -8.898932695695957462e-03 7.457963503298918884e-01 3.687769700000000039e+00 4.299750439306834066e-02 9.987240205411941352e-01 -2.648670251278209542e-02 -1.523445999999999967e-01 -7.446090261234263874e-01 4.971056015486068069e-02 6.656472477405825927e-01 4.990793199999999707e+00
6.609828075900020528e-01 -6.521066631347254700e-03 7.503727098985063515e-01 3.780143300000000206e+00 4.067380332067470350e-02 9.988035872947572669e-01 -2.714840198898055279e-02 -1.566507000000000038e-01 -7.492979179164115378e-01 4.846513898787190022e-02 6.604572359426588157e-01 5.073061000000000043e+00
6.551712785390321203e-01 -5.339036783926668500e-03 7.554615082608444609e-01 3.872333300000000200e+00 3.932587175610446906e-02 9.988603448101458504e-01 -2.704602330064329735e-02 -1.610875999999999975e-01 -7.544561429189589052e-01 4.742896005581815483e-02 6.546345714670673832e-01 5.154502400000000151e+00
6.519814354433515202e-01 -5.100817923796002046e-03 7.582177718134383015e-01 3.919363699999999895e+00 3.897528646828886389e-02 9.988808651100573588e-01 -2.679448379234165845e-02 -1.633430999999999911e-01 -7.572325500676405641e-01 4.702126086667096638e-02 6.514505861111545837e-01 5.195381600000000155e+00
6.454734142616129766e-01 -3.812454724614861012e-03 7.637732233264195036e-01 4.013368599999999731e+00 3.755662122807112285e-02 9.989363167202641725e-01 -2.675323044574831957e-02 -1.675993000000000066e-01 -7.628588150394456369e-01 4.595324065095822419e-02 6.449300179013905954e-01 5.276169799999999910e+00
6.424981907493058086e-01 -3.436796539847637721e-03 7.662794942535082754e-01 4.061057100000000197e+00 3.812049961543386573e-02 9.988951567715451674e-01 -2.748259972091304792e-02 -1.697454999999999936e-01 -7.653384234395517183e-01 4.686847776377972563e-02 6.419193433751374522e-01 5.316354300000000421e+00
6.392765507028081995e-01 -3.394789016811373961e-03 7.689694188516547069e-01 4.108385600000000082e+00 3.839857555957705559e-02 9.988836814101396122e-01 -2.751255000036052431e-02 -1.721331999999999862e-01 -7.680176046917905897e-01 4.711545839804832936e-02 6.386932694677676103e-01 5.356333300000000186e+00
6.332211122176247819e-01 -1.587344728988426129e-03 7.739693168198500395e-01 4.204443900000000234e+00 3.692332439084129725e-02 9.989212586822767692e-01 -2.816002607499995536e-02 -1.769882999999999873e-01 -7.730897044701880994e-01 4.640904318478593360e-02 6.325966404849696634e-01 5.436638399999999649e+00
6.300519771694029769e-01 -1.994022950715809706e-03 7.765504039902355604e-01 4.252969300000000175e+00 3.775565126444114378e-02 9.988927363976505269e-01 -2.806798834280619867e-02 -1.794091999999999909e-01 -7.756345897795713373e-01 4.700345779286901893e-02 6.294296291826355638e-01 5.476106200000000257e+00
6.233902347103957853e-01 -2.275823952655773447e-03 7.819075622431683747e-01 4.348825899999999578e+00 4.014857506571813117e-02 9.987698211947427795e-01 -2.910216814627064608e-02 -1.836463999999999874e-01 -7.808794447210849476e-01 4.953448188845757660e-02 6.227147243450503744e-01 5.554988899999999674e+00
6.176224489374434468e-01 -3.448896268295469081e-03 7.864671739386491778e-01 4.446205100000000243e+00 4.380121522810975082e-02 9.985891756834205379e-01 -3.001852348879857635e-02 -1.887960999999999945e-01 -7.852540761518246315e-01 5.298833194616794917e-02 6.169021580157640905e-01 5.633225000000000371e+00
6.128995400968260121e-01 -2.425367009331765716e-03 7.901571181378860276e-01 4.543626800000000188e+00 4.639500221574317795e-02 9.983804912818798893e-01 -3.292261224680272103e-02 -1.939742000000000133e-01 -7.887976023787727220e-01 5.683759515164399367e-02 6.120194688560793850e-01 5.709299099999999960e+00
6.106319051931841102e-01 -3.402890404427129367e-03 7.919072525851986732e-01 4.593716099999999969e+00 4.799092526935216235e-02 9.983118585591193028e-01 -3.271550323666756743e-02 -1.965629000000000126e-01 -7.904590738627355062e-01 5.798149184983435178e-02 6.097643800280021509e-01 5.748109799999999936e+00
6.076498437283039955e-01 -2.393398093125189557e-03 7.942014474064723606e-01 4.644901299999999900e+00 4.820259708336169235e-02 9.982630958296478951e-01 -3.387183400742310724e-02 -1.989943999999999880e-01 -7.927409268174482326e-01 5.886478701375856548e-02 6.067097821845615080e-01 5.787695399999999601e+00
6.013339921507914188e-01 -1.419507206307110692e-03 7.989965049255742802e-01 4.745211600000000196e+00 4.856442147082313393e-02 9.982144448140526372e-01 -3.477670386590561713e-02 -2.042106999999999950e-01 -7.975204867909013728e-01 5.971521718845108906e-02 6.003292146688681274e-01 5.865315899999999694e+00
5.958406618921093800e-01 9.692359122248188352e-04 8.031020895363921719e-01 4.847468400000000344e+00 4.602366148745518082e-02 9.983146484758268491e-01 -3.535088714409333199e-02 -2.097934999999999939e-01 -8.017828435550743427e-01 5.802519470310066318e-02 5.947918531388993735e-01 5.942581200000000230e+00
5.933278580597505236e-01 -9.812888181756629358e-05 8.049608954607366806e-01 4.898720700000000150e+00 4.758452017676956247e-02 9.982555021852707045e-01 -3.495233606470059262e-02 -2.124839000000000033e-01 -8.035532131040078463e-01 5.904187266301529069e-02 5.922974683237041127e-01 5.981205499999999731e+00
5.912094830366884102e-01 -1.800779579792390062e-03 8.065160285824433117e-01 4.951621099999999664e+00 4.953650744304644721e-02 9.981905859360606925e-01 -3.408355290999891263e-02 -2.152130999999999905e-01 -8.049953301714467546e-01 6.010250694878453703e-02 5.902289446144053375e-01 6.020200700000000182e+00
5.893664186111696734e-01 -2.805720463016709437e-03 8.078609735258454050e-01 5.005551800000000107e+00 5.080876984961428533e-02 9.981430159622638465e-01 -3.360042547535611185e-02 -2.175410000000000121e-01 -8.062665151919755635e-01 6.084938470058216115e-02 5.884145297846987699e-01 6.059132100000000243e+00
5.873827654310805890e-01 -2.425440029528238423e-03 8.093056308436259449e-01 5.057931400000000188e+00 4.973010712098374642e-02 9.982139976540677084e-01 -3.310183277736022944e-02 -2.200830000000000009e-01 -8.077799225780941672e-01 5.969030179307188710e-02 5.864543158265445033e-01 6.097358200000000394e+00
5.851647973864002594e-01 -2.883009641217817304e-03 8.109092724560138521e-01 5.111060600000000065e+00 4.982989167083623494e-02 9.982317548398522700e-01 -3.240903462650149280e-02 -2.224365000000000092e-01 -8.093819505003838621e-01 5.937214738206536557e-02 5.842737426236408460e-01 6.135983000000000409e+00
5.830980068231705893e-01 -4.343242074425626015e-03 8.123902083894961601e-01 5.164288499999999615e+00 5.149579618130167846e-02 9.981723529120475336e-01 -3.162494043758271034e-02 -2.250127000000000099e-01 -8.107680910189422052e-01 6.027512032596665792e-02 5.822559681576398027e-01 6.173788499999999679e+00
5.806829717251102974e-01 -4.196280525389187166e-03 8.141189578791583337e-01 5.216792599999999780e+00 5.133864317618678369e-02 9.981852486082963827e-01 -3.147305478694022857e-02 -2.270805999999999936e-01 -8.125094646004578092e-01 6.007162966447481683e-02 5.798446078425938399e-01 6.211872600000000411e+00
5.783997853776486897e-01 -2.409384383189078216e-03 8.157498900655666407e-01 5.270019999999999705e+00 5.015242326158893954e-02 9.982089982508810522e-01 -3.261181154065408844e-02 -2.295090999999999937e-01 -8.142103061961820654e-01 5.977449855805359175e-02 5.774847068157327179e-01 6.250421000000000227e+00
5.760775636299654279e-01 5.468659555890285906e-04 8.173948504974752893e-01 5.322594600000000398e+00 4.902753674868670641e-02 9.981762248707694019e-01 -3.522108378649636135e-02 -2.322713999999999890e-01 -8.159233673100185769e-01 6.036493220708393642e-02 5.750001162061750826e-01 6.287944800000000001e+00
5.722887433776735477e-01 2.969490494770493649e-03 8.200468134987201063e-01 5.375822499999999948e+00 4.546498792671453681e-02 9.983404943558896738e-01 -3.534391322507112604e-02 -2.346864999999999923e-01 -8.187908945976541952e-01 5.751034216068553334e-02 5.712040191284842860e-01 6.326094600000000234e+00
5.685104917184357065e-01 4.726896490455895911e-03 8.226624321406872387e-01 5.432662999999999798e+00 4.229775520978733272e-02 9.984929495451935200e-01 -3.496755085436169252e-02 -2.366047000000000011e-01 -8.215879263415908351e-01 5.467619370537765700e-02 5.674537806126739303e-01 6.364342699999999908e+00
5.641270444958154107e-01 5.520920284663128480e-03 8.256695447378610275e-01 5.487803500000000057e+00 3.885499159072360043e-02 9.986923402492932089e-01 -3.322497789126305917e-02 -2.389516999999999891e-01 -8.247732823612201614e-01 5.082449179874320294e-02 5.631748429542093870e-01 6.401443000000000438e+00
