1.000000000000000000e+00 0.000000000000000000e+00 0.000000000000000000e+00 0.000000000000000000e+00 0.000000000000000000e+00 1.000000000000000000e+00 0.000000000000000000e+00 0.000000000000000000e+00 0.000000000000000000e+00 0.000000000000000000e+00 1.000000000000000000e+00 0.000000000000000000e+00
9.999989499881728472e-01 -7.507871217255225041e-04 1.239492335458268176e-03 4.977000000000000087e-04 7.524121941985211339e-04 9.999988574013887188e-01 -1.311133786896417951e-03 -1.038000000000000023e-04 -1.238506536853985858e-03 1.312065019338248947e-03 9.999983722921469420e-01 5.021420000000000050e-02
9.999932765851885508e-01 5.410813583429193623e-04 3.626846479009820934e-03 9.363999999999999928e-04 -5.337162853265268883e-04 9.999977943385230938e-01 -2.031370231053673380e-03 -5.686000000000000516e-04 -3.627937615978175066e-03 2.029420866278747616e-03 9.999913597224738826e-01 1.005232999999999960e-01
9.999692156642673302e-01 -3.330054452801582731e-04 7.839440743026572164e-03 1.003200000000000099e-03 3.561885043716699843e-04 9.999955675179460490e-01 -2.956023377851627054e-03 -9.208999999999999955e-04 -7.838421622964964267e-03 2.958724697308898373e-03 9.999649019313758824e-01 1.511069999999999913e-01
9.999164343582052084e-01 1.647624485938321360e-03 1.282223201811142146e-02 1.186599999999999894e-03 -1.617905219175233512e-03 9.999959818104020570e-01 -2.327819956881177228e-03 -1.390299999999999913e-03 -1.282601586911191749e-02 2.306880275008919585e-03 9.999150822046449782e-01 2.019065999999999916e-01
9.998327805483194775e-01 3.488351616980509429e-03 1.795110982675749214e-02 1.575100000000000068e-03 -3.462156145904755813e-03 9.999928964565198974e-01 -1.490138020928728812e-03 -1.916399999999999961e-03 -1.795618043564315217e-02 1.427739295653421151e-03 9.998377554106797627e-01 2.520286999999999944e-01
9.997293312490010964e-01 5.303510987226645046e-03 2.265252770958295706e-02 2.439000000000000196e-03 -5.245766734495083475e-03 9.999828405252346730e-01 -2.607793406370060608e-03 -2.436699999999999977e-03 -2.266596946508845148e-02 2.488257681874737025e-03 9.997399974002821876e-01 3.033324000000000020e-01
9.996187258109968665e-01 4.325360733107502104e-03 2.727075837829774640e-02 3.730900000000000102e-03 -4.218208725039517340e-03 9.999831611310675550e-01 -3.985494883878781813e-03 -3.149400000000000116e-03 -2.728753787264445729e-02 3.868941566619374991e-03 9.996201386366738717e-01 3.542475999999999958e-01
9.994860517962623758e-01 4.717886943996819210e-03 3.170763011489181188e-02 5.218999999999999681e-03 -4.542887705252896674e-03 9.999740626882467343e-01 -5.588928525191368644e-03 -3.843500000000000128e-03 -3.173317563712450134e-02 5.442011902403380390e-03 9.994815606455366153e-01 4.055510999999999977e-01
9.993123174089606486e-01 5.882676074829375212e-03 3.660992211042379124e-02 6.747999999999999658e-03 -5.661686333057552867e-03 9.999651401549507490e-01 -6.137082593207046285e-03 -4.487299999999999622e-03 -3.664474836315206180e-02 5.925588332681039697e-03 9.993107874031545990e-01 4.570484000000000213e-01
9.990909536419201320e-01 7.870731141390056515e-03 4.189651467817667035e-02 8.358000000000000845e-03 -7.611275436661016185e-03 9.999508800871668157e-01 -6.348692710136849895e-03 -5.064800000000000378e-03 -4.194442557844845626e-02 6.024035541098418309e-03 9.991017846839698180e-01 5.091560000000000530e-01
9.988164358181602642e-01 9.862022858106757328e-03 4.762843735262634742e-02 1.028450000000000024e-02 -9.590940349652986308e-03 9.999365006752727325e-01 -5.916796472733871354e-03 -5.830400000000000339e-03 -4.768376456107750044e-02 5.452992062761284273e-03 9.988475977219183344e-01 5.614740999999999760e-01
9.984962910044438145e-01 1.050086371882636219e-02 5.380417001987445463e-02 1.235239999999999949e-02 -1.020366945301882239e-02 9.999311470886600439e-01 -5.795361218246086743e-03 -6.450000000000000004e-03 -5.386132174448052951e-02 5.237646715372889714e-03 9.985346889702041429e-01 6.139586999999999684e-01
9.981753782047479984e-01 1.043281208325841890e-02 5.947327784680853102e-02 1.509749999999999981e-02 -1.012293621780678728e-02 9.999335849260789777e-01 -5.509255776431960620e-03 -7.193899999999999600e-03 -5.952680495489813539e-02 4.897159269959520771e-03 9.982146950045095446e-01 6.665453000000000072e-01
9.978235795109079431e-01 9.532069766403921882e-03 6.524755794669354070e-02 1.804630000000000123e-02 -9.090083144066602935e-03 9.999337080616796936e-01 -7.067522228729849858e-03 -7.885899999999999507e-03 -6.531060067456645468e-02 6.459034601861381696e-03 9.978440791584320957e-01 7.192456000000000405e-01
9.974156352953522653e-01 1.007582679196755357e-02 7.113738948560857644e-02 2.134449999999999889e-02 -9.514550046858173682e-03 9.999209124013124228e-01 -8.224492685434845948e-03 -8.705199999999999744e-03 -7.121463196404750895e-02 7.526397344361309208e-03 9.974326190461388908e-01 7.722525999999999557e-01
9.969619992477266601e-01 9.230265871997765312e-03 7.734063775214192193e-02 2.499209999999999973e-02 -8.642015270523202217e-03 9.999311556915181365e-01 -7.937219254175460759e-03 -9.606999999999999221e-03 -7.740857593341871068e-02 7.244727003624304267e-03 9.969731321869226282e-01 8.255333999999999728e-01
9.964972913857874648e-01 9.748276050900270273e-03 8.305491782444072990e-02 2.890869999999999898e-02 -9.099454395039945076e-03 9.999250843166582747e-01 -8.186921523780173529e-03 -1.050049999999999942e-02 -8.312850407953788212e-02 7.402490686207656954e-03 9.965113421036104757e-01 8.792073999999999723e-01
9.959825860209479131e-01 1.067804055715035165e-02 8.890819868203826692e-02 3.287410000000000332e-02 -9.919452795419910970e-03 9.999105701166711713e-01 -8.969739416115434655e-03 -1.135219999999999979e-02 -8.899602687347550611e-02 8.051783579644384431e-03 9.959994357337368376e-01 9.326674999999999827e-01
9.954318896970767439e-01 1.184073466542026783e-02 9.473726815087034347e-02 3.740040000000000031e-02 -1.091496173324684078e-02 9.998875425445494791e-01 -1.028425372030314540e-02 -1.203229999999999925e-02 -9.484838735829172196e-02 9.203220458346457813e-03 9.954491871254537161e-01 9.871045999999999987e-01
9.950799550901680002e-01 1.076394137834128795e-02 9.848868231300918208e-02 4.278640000000000221e-02 -9.933170898150107953e-03 9.999108640644782664e-01 -8.921661377597613768e-03 -1.308460000000000005e-02 -9.857593567223878195e-02 7.899461490000786457e-03 9.950981777767008429e-01 1.040769599999999961e+00
9.946346500858146422e-01 8.145367545173221382e-03 1.031288797390094020e-01 4.783559999999999895e-02 -7.327714608694404705e-03 9.999386652145286769e-01 -8.304842418750856686e-03 -1.413750000000000076e-02 -1.031902003452001698e-01 7.504585034550262206e-03 9.946333313116832997e-01 1.094849500000000031e+00
9.942261740751396903e-01 6.873544988338875679e-03 1.070844020537224384e-01 5.329280000000000128e-02 -5.942993391316277706e-03 9.999417793949960664e-01 -9.006589250085692347e-03 -1.504400000000000008e-02 -1.071400747314503465e-01 8.318184877860653262e-03 9.942091390582148414e-01 1.149008500000000099e+00
9.938335880069701922e-01 6.456619087418582169e-03 1.106937731724411261e-01 5.889099999999999890e-02 -5.407715193821624987e-03 9.999376173252384481e-01 -9.773334861113768673e-03 -1.591920000000000140e-02 -1.107499704992031958e-01 9.114468052768245204e-03 9.938065055666222003e-01 1.202977900000000044e+00
9.933960728864961176e-01 7.317650883246158700e-03 1.145019404169122651e-01 6.499199999999999422e-02 -6.248947233177431712e-03 9.999335283684379627e-01 -9.689659597903875488e-03 -1.693570000000000145e-02 -1.145652348322306752e-01 8.910153208402944724e-03 9.933757678429843141e-01 1.257796499999999984e+00
9.927351112680521394e-01 9.404758147802718890e-03 1.199522795939683695e-01 7.039729999999999599e-02 -8.154224450307936620e-03 9.999072158325406079e-01 -1.091184446512606654e-02 -1.778669999999999904e-02 -1.200437731797123209e-01 9.854453318091295488e-03 9.927196896760833722e-01 1.312828700000000071e+00
9.922335021328418936e-01 1.045103630454480639e-02 1.239493972771016916e-01 7.715099999999999736e-02 -9.023117253693622303e-03 9.998863706643735805e-01 -1.207597261726856171e-02 -1.876890000000000155e-02 -1.240615194176735714e-01 1.086377465653674303e-02 9.922150562252066708e-01 1.367638499999999979e+00
9.916436819937839431e-01 1.137530187526830834e-02 1.285045153644713278e-01 8.392180000000000473e-02 -9.931310233607227797e-03 9.998802040155732040e-01 -1.187209732185791518e-02 -1.986399999999999971e-02 -1.286241697304786324e-01 1.049667209273181211e-02 9.916378587146230661e-01 1.422823399999999960e+00
9.909105701565439350e-01 1.182449587188113410e-02 1.340015792795328786e-01 8.988730000000000331e-02 -1.018211105778570741e-02 9.998644939210801219e-01 -1.293516178288347737e-02 -2.068269999999999831e-02 -1.341363730180594738e-01 1.145316957520132323e-02 9.908966940807915069e-01 1.475748400000000071e+00
9.904319856832580760e-01 1.263572682587499330e-02 1.374220511530095667e-01 9.829599999999999449e-02 -1.089411445051834820e-02 9.998506236036194261e-01 -1.341822453949122543e-02 -2.208519999999999928e-02 -1.375710725619943842e-01 1.179274722170624290e-02 9.904216935765832730e-01 1.530180199999999990e+00
9.897636217456906582e-01 1.255178784668027625e-02 1.421633767561296391e-01 1.053706999999999977e-01 -1.075068153088375167e-02 9.998520139876699853e-01 -1.343030049632599164e-02 -2.327469999999999886e-02 -1.423109128474512042e-01 1.176446967151636817e-02 9.897520908479421342e-01 1.585601000000000038e+00
9.890588419920749441e-01 1.245981818011548427e-02 1.469944216908051215e-01 1.128172999999999954e-01 -1.066104560710418210e-02 9.998584198446158755e-01 -1.301853956444410168e-02 -2.419349999999999973e-02 -1.471358188336851502e-01 1.130898743240151688e-02 9.890516455774160942e-01 1.640322099999999894e+00
9.884181770927610300e-01 1.231110642923326053e-02 1.512545663810237473e-01 1.207744000000000040e-01 -1.053166881894671177e-02 9.998656559644484298e-01 -1.256001491525095271e-02 -2.587580000000000088e-02 -1.513888739125548999e-01 1.082158404631190091e-02 9.884150455017453041e-01 1.694257700000000089e+00
9.878057921529399543e-01 1.099702823676311850e-02 1.553022290859421284e-01 1.291103999999999863e-01 -9.034822525616707789e-03 9.998702667799400645e-01 -1.333497624077758029e-02 -2.695370000000000058e-02 -1.554287263379367234e-01 1.176923869123777666e-02 9.877769971251585401e-01 1.749579199999999890e+00
9.872062314575039688e-01 1.069272189095881939e-02 1.590896673892924218e-01 1.378694000000000031e-01 -8.482387951813417232e-03 9.998579269437832817e-01 -1.456622882955505363e-02 -2.816110000000000141e-02 -1.592228176679084117e-01 1.303041159145175432e-02 9.871566758664246377e-01 1.805165899999999990e+00
9.866693698529072076e-01 1.109136402512713587e-02 1.623592813427343351e-01 1.469837999999999978e-01 -8.594517224213848311e-03 9.998338852528289022e-01 -1.607283963448056727e-02 -2.950360000000000135e-02 -1.625105807870667329e-01 1.446317891388865934e-02 9.866007944391465001e-01 1.860784500000000063e+00
9.861070990238143263e-01 9.802529600515436786e-03 1.658212883446160968e-01 1.561415999999999915e-01 -7.148940681623007498e-03 9.998367856006260546e-01 -1.659201033445039525e-02 -3.103480000000000127e-02 -1.659568675950710281e-01 1.517605262375205932e-02 9.860162298485726229e-01 1.916240299999999896e+00
9.855286182643075987e-01 1.098199237383195963e-02 1.691530030048115085e-01 1.651375999999999955e-01 -8.078769191617757653e-03 9.998081798975416712e-01 -1.784199815921956589e-02 -3.214519999999999877e-02 -1.693164967461624482e-01 1.621725172358508271e-02 9.854282950454287260e-01 1.970851099999999967e+00
9.848522138071327259e-01 1.052782306323854153e-02 1.730759425822627484e-01 1.746561000000000086e-01 -7.548659439263000204e-03 9.998119608211039067e-01 -1.786227140453383946e-02 -3.358749999999999930e-02 -1.732314483569874219e-01 1.628520618869605877e-02 9.847464939564557485e-01 2.027116299999999871e+00
9.841480258723313002e-01 1.055789942968513896e-02 1.770344427822614086e-01 1.847266999999999937e-01 -7.496247272564251704e-03 9.998107113946533842e-01 -1.795404292480552375e-02 -3.510520000000000307e-02 -1.771904891590452003e-01 1.634234194201799120e-02 9.840408824898629891e-01 2.083705900000000000e+00
9.834930925341730523e-01 8.493472069773617614e-03 1.807462250498426959e-01 1.949606999999999868e-01 -5.321030118432145198e-03 9.998232951943887281e-01 -1.802955975926807952e-02 -3.652729999999999866e-02 -1.808674198855259319e-01 1.677019137738911675e-02 9.833644985991301102e-01 2.138677799999999962e+00
9.828699821557743688e-01 6.364257115740386793e-03 1.841903754501644785e-01 2.047981000000000107e-01 -3.211715857987081958e-03 9.998432944247253040e-01 -1.740894813478607861e-02 -3.827819999999999834e-02 -1.842723068134638487e-01 1.651916539286611002e-02 9.827364011353033613e-01 2.194704100000000047e+00
9.822886604090225182e-01 5.125525397076713223e-03 1.873038083468991921e-01 2.153207000000000038e-01 -1.990903058720867175e-03 9.998548680718121195e-01 -1.691978422172951343e-02 -3.942840000000000233e-02 -1.873633473677784322e-01 1.624720845262448907e-02 9.821563033858908831e-01 2.250827800000000156e+00
9.817918602785044024e-01 5.228112854485616849e-03 1.898878877834348500e-01 2.263384999999999980e-01 -2.160978364402594935e-03 9.998638995535559237e-01 -1.635581065141835863e-02 -4.086769999999999986e-02 -1.899475539810454028e-01 1.564765814865689761e-02 9.816695358067706323e-01 2.306089200000000172e+00
9.812688700776388551e-01 6.404509089926804788e-03 1.925367156670927116e-01 2.371330000000000104e-01 -3.098723017469797586e-03 9.998426582981896349e-01 -1.746586851177876765e-02 -4.215610000000000190e-02 -1.926182819262358403e-01 1.654209510693210872e-02 9.811343213634198257e-01 2.362726400000000115e+00
9.806893440345549884e-01 7.496654685306365640e-03 1.954282749900934091e-01 2.482294999999999918e-01 -3.721467507244217987e-03 9.997994524376215830e-01 -1.967754011620339097e-02 -4.368969999999999798e-02 -1.955365980492317357e-01 1.857027393340072649e-02 9.805205677339826620e-01 2.419333500000000026e+00
9.800047747930106246e-01 8.300070540953677356e-03 1.988007802095243526e-01 2.594890000000000252e-01 -4.074899865768527932e-03 9.997572418150747486e-01 -2.165300508932115758e-02 -4.544519999999999810e-02 -1.989322411626239795e-01 2.040995510356162501e-02 9.798006925689970448e-01 2.476364400000000021e+00
9.792806985149069554e-01 1.009878037388907412e-02 2.022556010376867774e-01 2.707101000000000091e-01 -5.535005965142252536e-03 9.997174372772829054e-01 -2.311729466671535657e-02 -4.707709999999999673e-02 -2.024319076260504280e-01 2.151883451076891732e-02 9.790598871040404605e-01 2.533461299999999916e+00
9.785142700549773753e-01 1.165742854341247740e-02 2.058492838426455029e-01 2.821834999999999760e-01 -6.772668425849641058e-03 9.996788821504941636e-01 -2.441850824132843489e-02 -4.886660000000000309e-02 -2.060678389782556463e-01 2.249970982243009593e-02 9.782790035550891217e-01 2.590403300000000186e+00
9.776670406457633744e-01 1.157194487021447234e-02 2.098410058279266133e-01 2.945590000000000153e-01 -6.548724636323577722e-03 9.996754988947489373e-01 -2.461729301065060035e-02 -5.082529999999999687e-02 -2.100577821471816542e-01 2.269332504185614732e-02 9.774255680909681443e-01 2.647964700000000171e+00
9.769196937399003966e-01 1.171449310727919711e-02 2.132854487169218993e-01 3.068536000000000041e-01 -6.824773953682783043e-03 9.996970609320475765e-01 -2.364759658627263450e-02 -5.278139999999999915e-02 -2.134978558290933637e-01 2.164617783964338515e-02 9.767036953658536635e-01 2.705779099999999993e+00
9.761499004135238966e-01 1.120050173914447639e-02 2.168084884949360303e-01 3.193272999999999806e-01 -6.430352025244126524e-03 9.997217624765792898e-01 -2.269467346214388767e-02 -5.464370000000000338e-02 -2.170023559676226566e-01 2.075924833690566754e-02 9.759503220517875555e-01 2.762728699999999815e+00
9.751589124252904028e-01 1.133372181951696964e-02 2.212162793901988056e-01 3.315494999999999970e-01 -6.553895808548274027e-03 9.997291919785032954e-01 -2.232911005256280057e-02 -5.670030000000000209e-02 -2.214094441690674098e-01 2.032460222800368949e-02 9.749691116014999048e-01 2.819652300000000000e+00
9.742836152249304549e-01 1.260520782975623269e-02 2.249723223861285759e-01 3.447424000000000044e-01 -7.664377271121093453e-03 9.997101689856188189e-01 -2.282181736390066079e-02 -5.855080000000000007e-02 -2.251947921806484176e-01 2.051064997297665643e-02 9.740978486848230755e-01 2.877641699999999858e+00
9.734309370295352037e-01 1.355012080777991991e-02 2.285795377103901349e-01 3.580785000000000218e-01 -8.338791463222644182e-03 9.996831689058807147e-01 -2.374923921369658658e-02 -6.040220000000000311e-02 -2.288289216658024872e-01 2.121216708380047056e-02 9.732355154724240398e-01 2.935896200000000178e+00
9.724958061564042966e-01 1.376447911373940985e-02 2.325133246137363607e-01 3.710062000000000082e-01 -8.300286838612343232e-03 9.996662863670447985e-01 -2.446264784356748725e-02 -6.249600000000000294e-02 -2.327724473527785776e-01 2.185989514725699204e-02 9.722855201727262919e-01 2.993486199999999986e+00
9.718234432726899907e-01 1.247597129118994085e-02 2.353795769516846270e-01 3.848416000000000059e-01 -6.759256367025496745e-03 9.996626346101239458e-01 -2.507846521840469481e-02 -6.446040000000000103e-02 -2.356130462410293835e-01 2.278084951636600089e-02 9.715799119662443806e-01 3.051743300000000048e+00
9.712890958542838016e-01 1.063616839744897270e-02 2.376643940441837688e-01 3.991992999999999792e-01 -4.966303217155871447e-03 9.996888983962014530e-01 -2.444263193161673800e-02 -6.653430000000000455e-02 -2.378504322193323306e-01 2.256054842441403488e-02 9.710397486961419578e-01 3.110698699999999928e+00
9.705329427117226349e-01 9.209141054699285581e-03 2.407924393172649613e-01 4.129477999999999760e-01 -3.653779129268897030e-03 9.997169842618693902e-01 -2.350747277841238117e-02 -6.836449999999999472e-02 -2.409407748999712329e-01 2.193497434208510968e-02 9.702919147819450973e-01 3.167738200000000059e+00
9.699699002729513797e-01 8.054119769507272347e-03 2.430915953282200836e-01 4.274580000000000046e-01 -2.345790502653739319e-03 9.997148784974876357e-01 -2.376255410664258189e-02 -7.037970000000000337e-02 -2.432136711441162669e-01 2.247872028145483231e-02 9.697122342752564350e-01 3.225497700000000023e+00
9.685159808975278839e-01 9.363570360310619761e-03 2.487752365011577926e-01 4.562935000000000185e-01 -3.200980451381767872e-03 9.996781937979254407e-01 -2.516470880156172416e-02 -7.419979999999999631e-02 -2.489308106085892924e-01 2.357609796011712541e-02 9.682342790537451505e-01 3.341913499999999981e+00
9.677903287186517822e-01 9.833014344059478121e-03 2.515654814706371201e-01 4.712163999999999797e-01 -3.231364640349484400e-03 9.996398181354720913e-01 -2.664192711951115719e-02 -7.623140000000000471e-02 -2.517368425979897295e-01 2.497089960313335702e-02 9.674735222484412978e-01 3.400354099999999935e+00
9.661249492429153651e-01 1.264188045726846038e-02 2.577649419701567024e-01 5.002075000000000271e-01 -5.263085475741276914e-03 9.995569240885544549e-01 -2.929599696038219861e-02 -7.999149999999999316e-02 -2.580210890250042577e-01 2.694695465413142824e-02 9.657634178478800013e-01 3.518086900000000128e+00
9.646831975529303049e-01 9.362061914378118008e-03 2.632464247729975337e-01 5.315933000000000463e-01 -1.852045497036295882e-03 9.995845677859285239e-01 -2.876215867586181391e-02 -8.447880000000000666e-02 -2.634063368382222325e-01 2.725882684434339370e-02 9.642997760409047769e-01 3.634410599999999825e+00
9.638870080081510805e-01 9.392467769523887150e-03 2.661458572705821535e-01 5.476248999999999700e-01 -2.057640329711115951e-03 9.996106951053923551e-01 -2.782488719092739843e-02 -8.625209999999999821e-02 -2.663035897417985742e-01 2.627241481312184851e-02 9.635310883985628294e-01 3.692116500000000023e+00
9.622070368853946620e-01 1.158498862933454547e-02 2.720724282368331970e-01 5.795038000000000133e-01 -3.899049539416405124e-03 9.995783595378237019e-01 -2.877326113533592439e-02 -9.053650000000000586e-02 -2.722910493955277289e-01 2.662501046255653925e-02 9.618465019102324653e-01 3.807396699999999967e+00
9.600145300980886809e-01 1.379600749358551523e-02 2.796100359031895022e-01 6.113115999999999550e-01 -6.194449769012883196e-03 9.995872787893007594e-01 -2.805175350419300898e-02 -9.547630000000000006e-02 -2.798816371121998769e-01 2.519806063644107127e-02 9.597037704143696057e-01 3.921677600000000208e+00
9.578297121292047578e-01 1.459279129295512796e-02 2.869656652018929832e-01 6.450871999999999717e-01 -6.743831439502188593e-03 9.995761301155837719e-01 -2.832103177267704386e-02 -1.002904000000000018e-01 -2.872573120044122352e-01 2.519147763497912862e-02 9.575221282845457482e-01 4.037006400000000106e+00
9.552353248029074040e-01 1.637506756088091819e-02 2.953935195820324711e-01 6.790654999999999886e-01 -8.215063414397181379e-03 9.995501619453073250e-01 -2.884417598419771259e-02 -1.043378999999999973e-01 -2.957329656662940898e-01 2.512629931936894920e-02 9.549401458210519111e-01 4.150950400000000151e+00
9.540552972710415469e-01 1.644468263623954929e-02 2.991789801474326604e-01 6.969054000000000082e-01 -7.888794835713572318e-03 9.995252491119286375e-01 -2.978327221406380093e-02 -1.064414000000000055e-01 -2.995267211203443414e-01 2.605472703235187093e-02 9.537320873988487380e-01 4.208188999999999957e+00
9.514382142303049461e-01 1.634064146729132666e-02 3.074057708285349300e-01 7.317162999999999862e-01 -7.539578360776753863e-03 9.995275633996767439e-01 -2.979605279977489557e-02 -1.114020000000000010e-01 -3.077474277071865494e-01 2.603139336921298647e-02 9.511119215417643824e-01 4.322467800000000082e+00
9.489918683829776658e-01 1.781723042060110937e-02 3.147967281328133415e-01 7.685062000000000282e-01 -8.449131591254158830e-03 9.994806016903189372e-01 -3.109885882330131607e-02 -1.164374999999999993e-01 -3.151873187778005958e-01 2.685280515881276892e-02 9.486495037350538562e-01 4.437630699999999706e+00
9.477648641937408414e-01 1.726839867463525469e-02 3.185020637406196231e-01 7.874056999999999862e-01 -7.694633685735748768e-03 9.994806510612777029e-01 -3.129250336049591713e-02 -1.188488000000000044e-01 -3.188770214553915405e-01 2.720717848910766956e-02 9.474055175195041922e-01 4.494202099999999866e+00
9.464952940860041908e-01 1.609536190550211326e-02 3.223159902924135345e-01 8.064014000000000459e-01 -5.984484263228708779e-03 9.994591422203510378e-01 -3.233587760156139690e-02 -1.210564999999999974e-01 -3.226621208340877400e-01 2.867686100832696899e-02 9.460796971828311364e-01 4.550949100000000414e+00
9.452619185609543173e-01 1.464042859034764277e-02 3.259839921977071286e-01 8.252346999999999877e-01 -3.847886465734063309e-03 9.994236478116655942e-01 -3.372782181776184246e-02 -1.233917999999999959e-01 -3.262899003772729012e-01 3.062727616871605690e-02 9.447734494926678384e-01 4.607342700000000235e+00
9.440322252457005181e-01 1.343779040114822729e-02 3.295794039177597501e-01 8.436141000000000334e-01 -2.435104398342535607e-03 9.994265237945739733e-01 -3.377415879726625852e-02 -1.260644999999999960e-01 -3.298442480387071551e-01 3.108133402910167459e-02 9.435235676498766599e-01 4.663523699999999828e+00
9.421546805471198160e-01 1.168120256625523531e-02 3.349747862597433623e-01 8.834642999999999802e-01 8.918265904244125630e-04 9.993016269719211531e-01 -3.735589614243153139e-02 -1.311036999999999897e-01 -3.351772106938168405e-01 3.549377181813213183e-02 9.414862875228906525e-01 4.776574100000000378e+00
9.411411996580977268e-01 1.093412347061331960e-02 3.378367760473184878e-01 9.032582999999999585e-01 1.733807048610351391e-03 9.993073520330203463e-01 -3.717270619515546798e-02 -1.338502000000000025e-01 -3.380092250504929674e-01 3.557050908663726002e-02 9.404703624591699285e-01 4.832545299999999600e+00
9.399150452249951382e-01 1.113309741493325941e-02 3.412268481547793830e-01 9.242323000000000066e-01 2.102014463583848532e-03 9.992605221767135726e-01 -3.839258202200742515e-02 -1.363688999999999873e-01 -3.414019468235208188e-01 3.680302923770392004e-02 9.391965969614873844e-01 4.890860599999999891e+00
9.385679200028609337e-01 1.211348674887448296e-02 3.448818971478326278e-01 9.448218000000000449e-01 1.400789413095313539e-03 9.992417731131972847e-01 -3.890908190402184857e-02 -1.390138999999999958e-01 -3.450917230686987858e-01 3.700192298217164916e-02 9.378393041268306973e-01 4.948337600000000336e+00
9.371105994488669877e-01 1.212558806244381018e-02 3.488218664515243539e-01 9.653547000000000100e-01 1.818062234197414563e-03 9.992132279717690357e-01 -3.961842621748324494e-02 -1.420850999999999920e-01 -3.490278198801605170e-01 3.776102700374420890e-02 9.363512619681380045e-01 5.006097300000000416e+00
9.358271353416659499e-01 1.327372153286837317e-02 3.522092859009811616e-01 9.865591999999999695e-01 1.024460854075881673e-03 9.991839392312169554e-01 -4.037828701599698034e-02 -1.448090999999999962e-01 -3.524578318581808589e-01 3.814792129403161980e-02 9.350498451220526919e-01 5.063399300000000380e+00
9.346907433413494948e-01 1.482498841573863524e-02 3.551526911491291738e-01 1.008093399999999917e+00 -2.640248463214606850e-04 9.991585947442914728e-01 -4.101259366942217738e-02 -1.475492999999999943e-01 -3.554618750342658506e-01 3.824032252852763852e-02 9.339082038027282096e-01 5.120526299999999864e+00
9.336294666863285130e-01 1.406967220034582855e-02 3.579637736687562577e-01 1.029577399999999976e+00 6.583801917245746607e-04 9.991593864942411862e-01 -4.098886331644995690e-02 -1.502419000000000116e-01 -3.582395643567651278e-01 3.850408685615448051e-02 9.328353819537769098e-01 5.177664299999999997e+00
9.321401551595379642e-01 1.125934086638108109e-02 3.619225861733517124e-01 1.075851399999999902e+00 3.362457579955692964e-03 9.992041923757514210e-01 -3.974513577465148273e-02 -1.557619000000000087e-01 -3.620820694513545712e-01 3.826498637105628375e-02 9.313604918611522177e-01 5.295506500000000116e+00
9.310188604654298095e-01 1.214366349941900687e-02 3.647689856532013719e-01 1.097930800000000096e+00 2.542035395001578102e-03 9.992062984786188595e-01 -3.975312738273166502e-02 -1.581753999999999938e-01 -3.649622165563212173e-01 3.793816702833717469e-02 9.302490397570033487e-01 5.353128400000000120e+00
9.301137393173033452e-01 1.170261353222445608e-02 3.670851137947424014e-01 1.120748499999999925e+00 2.772612335771544936e-03 9.992400090449164995e-01 -3.888080432232254163e-02 -1.611172999999999911e-01 -3.672611394553187969e-01 3.718135501068519505e-02 9.293744144775830662e-01 5.411327799999999577e+00
9.291449466472585517e-01 1.007489046078973230e-02 3.695783607059080489e-01 1.144239999999999924e+00 4.362360684503333377e-03 9.992603008456096836e-01 -3.820760347365361603e-02 -1.641038999999999970e-01 -3.696899213247792360e-01 3.711263580163414594e-02 9.284137086098706027e-01 5.470445200000000341e+00
9.280059469486385826e-01 1.035995898615356577e-02 3.724213120617103634e-01 1.166820500000000038e+00 4.182634935304770443e-03 9.992606089362737753e-01 -3.821964145966501997e-02 -1.665166999999999897e-01 -3.725419009896183686e-01 3.702575695529523175e-02 9.272764557179961065e-01 5.528880599999999923e+00
9.270412394871014872e-01 1.184310590329300944e-02 3.747723057174607852e-01 1.189865500000000020e+00 3.106721087932838750e-03 9.992241558641297150e-01 -3.926110825867219073e-02 -1.693070999999999882e-01 -3.749465142847714372e-01 3.756097948910239875e-02 9.262852067508791087e-01 5.587461900000000092e+00
9.258249640527618229e-01 1.388301610094594581e-02 3.776974950944778642e-01 1.212648900000000030e+00 2.177407073972769877e-03 9.991126428894077094e-01 -4.206168942133829691e-02 -1.724180999999999908e-01 -3.779462856480222954e-01 3.976416329414947382e-02 9.249731977102795266e-01 5.645548800000000256e+00
9.244608254946642401e-01 1.680334730260676923e-02 3.809065891332831799e-01 1.237406699999999971e+00 -6.584524675277130673e-04 9.990972619345617201e-01 -4.247620080950842425e-02 -1.753920999999999952e-01 -3.812764726101937618e-01 3.901677478072290706e-02 9.236373437229778993e-01 5.705302699999999838e+00
9.224862959164883414e-01 1.948205546596794985e-02 3.855379142978002105e-01 1.262310899999999902e+00 -3.622976100527733681e-03 9.991186419513942152e-01 -4.181881573379107181e-02 -1.782055999999999918e-01 -3.860128338416379257e-01 3.718048977653085757e-02 9.217438382161962096e-01 5.765453800000000406e+00
9.204470259112854658e-01 2.054215559037811042e-02 3.903271606419030371e-01 1.287659899999999968e+00 -5.298246211619138391e-03 9.991819865388120725e-01 -4.009097608482656283e-02 -1.813958999999999988e-01 -3.908314228387353428e-01 3.483357030299606694e-02 9.198029252518149512e-01 5.825095700000000321e+00
9.181952807935606087e-01 2.237328473870569753e-02 3.954957173705363482e-01 1.312719299999999922e+00 -7.200736082353730722e-03 9.991814620642714972e-01 -3.980647267690475694e-02 -1.839329000000000103e-01 -3.960625906700943055e-01 3.370225507448536967e-02 9.176048072425229130e-01 5.885002599999999973e+00
9.159079493793449434e-01 2.172949506996249905e-02 4.007997720904141192e-01 1.337661500000000059e+00 -6.399769714364887153e-03 9.991972144265161004e-01 -3.954705589413771288e-02 -1.869898000000000116e-01 -4.013373533716074193e-01 3.365643662504142625e-02 9.153117354554011209e-01 5.943953500000000112e+00
9.141743654948900621e-01 1.949586146096222994e-02 4.048519987080589355e-01 1.364149899999999915e+00 -4.030124483441713257e-03 9.992303705929891366e-01 -3.901825958760337526e-02 -1.907932999999999990e-01 -4.053011072877338861e-01 3.403788874904856848e-02 9.135493607686693274e-01 6.003038899999999956e+00
9.120890922423418035e-01 2.059111087842162291e-02 4.094746560720622930e-01 1.390676299999999976e+00 -4.773130470658941069e-03 9.992036315209762432e-01 -3.961464351478122259e-02 -1.939924000000000093e-01 -4.099642728800294011e-01 3.417760828504062820e-02 9.114610172979769054e-01 6.063431300000000412e+00
9.104254704864978009e-01 1.835755391191484093e-02 4.132656081793041336e-01 1.418100200000000033e+00 -2.457324030345408791e-03 9.992372292672777601e-01 -3.897333966782298709e-02 -1.968824999999999881e-01 -4.136658364526237808e-01 3.446679359361351502e-02 9.097761350416520010e-01 6.124849300000000163e+00
9.083714350161349316e-01 1.842945808117339712e-02 4.177579336428718371e-01 1.445361399999999907e+00 -3.167654493734555626e-03 9.993029438329092962e-01 -3.719667205395741499e-02 -2.000117999999999896e-01 -4.181522474072525419e-01 3.246508157568075287e-02 9.077966272610558107e-01 6.184193099999999887e+00
9.061830912135939720e-01 2.010707902441167746e-02 4.224072804435088924e-01 1.472732699999999895e+00 -5.236720649735058554e-03 9.993259511481454860e-01 -3.633483340667644640e-02 -2.031806999999999919e-01 -4.228531446677578631e-01 3.071398272709607510e-02 9.056775746973245722e-01 6.244710399999999773e+00
9.043727298517599822e-01 2.031902473869908257e-02 4.262594312553607545e-01 1.500904999999999934e+00 -5.224991773748299817e-03 9.993181618987382331e-01 -3.655011299970640365e-02 -2.062527000000000110e-01 -4.267114539843520071e-01 3.082772344814289217e-02 9.038622608039152961e-01 6.304674600000000240e+00
9.022596573110908125e-01 2.062626388990127999e-02 4.306995101306909657e-01 1.528864000000000001e+00 -5.664314510808440839e-03 9.993360128411609145e-01 -3.599234612877878076e-02 -2.095152000000000125e-01 -4.311559188159147515e-01 3.003482439894274852e-02 9.017774021305530185e-01 6.364662199999999714e+00
9.002654241024438120e-01 1.940453344349400006e-02 4.349087608309211150e-01 1.558219900000000102e+00 -4.563361703790585859e-03 9.993718665192541373e-01 -3.514325169620114570e-02 -2.129224000000000117e-01 -4.353175184800255337e-01 2.965360840880060939e-02 8.997884871528031292e-01 6.425283000000000300e+00
8.979161246727567214e-01 1.877527894794372640e-02 4.397659854434916582e-01 1.587916099999999942e+00 -3.921789061762659401e-03 9.993914568379187457e-01 -3.466028808214965951e-02 -2.157476999999999867e-01 -4.401491254372924544e-01 2.939736212331759205e-02 8.974433366385741184e-01 6.487790099999999782e+00
8.960087369066477292e-01 2.058607365570216605e-02 4.435589667207683884e-01 1.618899499999999936e+00 -6.086183275214171982e-03 9.994002714950969146e-01 -3.408893821560032150e-02 -2.194251000000000118e-01 -4.439947091577716720e-01 2.784440530822157936e-02 8.955966655436683466e-01 6.550289600000000156e+00
8.941851008333675521e-01 1.989339656710729237e-02 4.472552495171456810e-01 1.649671200000000004e+00 -5.657699101683410364e-03 9.994346255590327299e-01 -3.314241503799798816e-02 -2.225764000000000076e-01 -4.476616980360227371e-01 2.710501810919719798e-02 8.937921022837497231e-01 6.612836399999999948e+00
8.926864271343266655e-01 1.944306188316162129e-02 4.502587146905190352e-01 1.681298600000000087e+00 -5.360741634748197176e-03 9.994563747121566477e-01 -3.253025509212571775e-02 -2.255010000000000070e-01 -4.506464304299726553e-01 2.662559655370826464e-02 8.923053694497657951e-01 6.676281499999999980e+00
8.916859349413316371e-01 2.163537958965799923e-02 4.521372620983748480e-01 1.714209799999999895e+00 -7.508616508098452276e-03 9.994266263863857969e-01 -3.301574091341570594e-02 -2.286198999999999870e-01 -4.525923266096514852e-01 2.604474649404156517e-02 8.913371175229513055e-01 6.740408900000000259e+00
8.900757399803022052e-01 2.567015540113880973e-02 4.550892442369944280e-01 1.746531199999999950e+00 -1.119577057136085518e-02 9.993429242218487829e-01 -3.447280854583276849e-02 -2.318057000000000034e-01 -4.556751384701944185e-01 2.558833580765999469e-02 8.897782899412435276e-01 6.805148599999999881e+00
8.884386483668433865e-01 2.921672765620656614e-02 4.580645706809898243e-01 1.778865700000000105e+00 -1.425409876448499071e-02 9.992469392167456776e-01 -3.608843491172272766e-02 -2.348793999999999882e-01 -4.587740061909663103e-01 2.553306270364749664e-02 8.881860581840174129e-01 6.868953199999999981e+00
8.868383025884192250e-01 3.037061938862592458e-02 4.610807418880585318e-01 1.811368099999999925e+00 -1.626253708930888719e-02 9.992709553174934367e-01 -3.454110227370739417e-02 -2.380532999999999955e-01 -4.617936280953973127e-01 2.313402984382705030e-02 8.866856611639069019e-01 6.933093500000000020e+00
8.853540799002098671e-01 2.854390875216047604e-02 4.640402983332386211e-01 1.844143599999999994e+00 -1.462514237069388948e-02 9.993294633676041983e-01 -3.356678203303235103e-02 -2.409813000000000094e-01 -4.646872694777529067e-01 2.293183199320337345e-02 8.851778762863121708e-01 6.996033200000000285e+00
8.837486799884567423e-01 2.945401674380616897e-02 4.670339725505157080e-01 1.875996500000000067e+00 -1.526545195630765045e-02 9.993006108526037989e-01 -3.413583346254291107e-02 -2.441607000000000083e-01 -4.677127714690181293e-01 2.303801309289468455e-02 8.835802246301700524e-01 7.057712999999999681e+00
8.819472180410389273e-01 3.145779970018602878e-02 4.702972585798210758e-01 1.908453200000000072e+00 -1.737736862368650242e-02 9.992621383111645050e-01 -3.425209479018091752e-02 -2.472542000000000073e-01 -4.710277397875719529e-01 2.203601088722726212e-02 8.818431167587517105e-01 7.120484799999999836e+00
8.799375203069779161e-01 3.163098622151918476e-02 4.740352740742622695e-01 1.940985900000000042e+00 -1.896918019963100832e-02 9.993246738616706759e-01 -3.147008760425302337e-02 -2.502916000000000030e-01 -4.747105755705899321e-01 1.869965031543361494e-02 8.799432893769458808e-01 7.182720200000000332e+00
8.775780754159259178e-01 3.292339452645311887e-02 4.783019670063409223e-01 1.971319000000000043e+00 -2.127426545704825742e-02 9.993308201213982889e-01 -2.975428682991001703e-02 -2.532713999999999799e-01 -4.789615090782790019e-01 1.593618675684463706e-02 8.776912388608585358e-01 7.240828999999999738e+00
8.756708523651318687e-01 3.318629689424616724e-02 4.817667776181444039e-01 2.004590299999999825e+00 -2.165056983558491521e-02 9.993306941876867189e-01 -2.948586916050817408e-02 -2.560694000000000026e-01 -4.824228551218506245e-01 1.538939091722260621e-02 8.758032630124638063e-01 7.302183600000000219e+00
8.736568599415641678e-01 3.324572189167969427e-02 4.854054110256159627e-01 2.036918599999999913e+00 -2.142452267016113979e-02 9.993237578050843117e-01 -2.988338860773593827e-02 -2.589801999999999937e-01 -4.860706542318737888e-01 1.570824822271089591e-02 8.737783300313483048e-01 7.362481100000000112e+00
8.715906717547551308e-01 3.242348114396734898e-02 4.891609334161931555e-01 2.069400100000000187e+00 -2.083784977437171462e-02 9.993589223311115655e-01 -2.911234057886763482e-02 -2.618786000000000169e-01 -4.897912666911030666e-01 1.518098243547038456e-02 8.717075500679218880e-01 7.422323200000000121e+00
8.695433023925238647e-01 3.250196869507548936e-02 4.927860258725364484e-01 2.101938699999999827e+00 -2.101572552078235026e-02 9.993633724482196001e-01 -2.883035014973413593e-02 -2.645499000000000045e-01 -4.934093478493683516e-01 1.471298201811823206e-02 8.696727796217353923e-01 7.481067200000000028e+00
8.674280744487914419e-01 3.594440845366551202e-02 4.962625667516922801e-01 2.134157699999999824e+00 -2.466852961833375726e-02 9.992674333891811145e-01 -2.925850669921190722e-02 -2.673707000000000167e-01 -4.969507010806314962e-01 1.313758230095999485e-02 8.676793213087161671e-01 7.539578399999999903e+00
8.648924427454067754e-01 4.633908400362764246e-02 4.998137170742595892e-01 2.168026199999999903e+00 -3.450729487407559748e-02 9.988629414062549783e-01 -3.289484588378551594e-02 -2.703015999999999752e-01 -5.007697166186837467e-01 1.120328429297167035e-02 8.655080457966256580e-01 7.600366099999999570e+00
8.615993173632988666e-01 5.765487667258067939e-02 5.043040070383805196e-01 2.199744499999999992e+00 -4.184416703525063730e-02 9.982142348551412692e-01 -4.263105696192427685e-02 -2.733089000000000213e-01 -5.058613268517603290e-01 1.562870846980965803e-02 8.624732236234017302e-01 7.660028900000000363e+00
8.595858020904898478e-01 5.275480062880181370e-02 5.082609367786045107e-01 2.232697700000000118e+00 -3.256909413496649613e-02 9.982903203468360687e-01 -4.853545517494630562e-02 -2.773330999999999991e-01 -5.099524516576784405e-01 2.516678987131460571e-02 8.598343618022579182e-01 7.719299799999999934e+00
8.581840954378593400e-01 4.464643109606793864e-02 5.113968659738611366e-01 2.265537300000000087e+00 -2.448454589819182986e-02 9.986369060480869697e-01 -4.609595308553333243e-02 -2.804381000000000235e-01 -5.127578037920658138e-01 2.703749376492595863e-02 8.581074574791021092e-01 7.777809099999999809e+00
8.560261400140262156e-01 4.067521923208359397e-02 5.153297722362920608e-01 2.298471699999999895e+00 -2.662632725959684574e-02 9.990456002330858620e-01 -3.462553034363526072e-02 -2.840474000000000054e-01 -5.162463426595403915e-01 1.591901992382362130e-02 8.562921805641539041e-01 7.835815000000000197e+00
8.531625554507997755e-01 4.046867342247812555e-02 5.200730145355417777e-01 2.331856699999999893e+00 -3.162755440807885760e-02 9.991650136719056885e-01 -2.586451731976801421e-02 -2.866546999999999845e-01 -5.206854633834375745e-01 5.618000128638315008e-03 8.537301015518485858e-01 7.894208899999999751e+00
8.501709632583421827e-01 4.401418777316582626e-02 5.246637823473726536e-01 2.365619699999999881e+00 -3.816766840800669275e-02 9.990299883983461138e-01 -2.196158849211279906e-02 -2.893458999999999892e-01 -5.251214738712169927e-01 -1.354088427302250694e-03 8.510262064847662344e-01 7.951476600000000339e+00
8.474845803942998579e-01 4.491592415780914366e-02 5.289162937090778893e-01 2.399446999999999885e+00 -3.985653198832282001e-02 9.989852965063502621e-01 -2.097222501269971340e-02 -2.920185000000000142e-01 -5.293215873660939153e-01 -3.307131864538357183e-03 8.484148277977402453e-01 8.008936900000000136e+00
8.457697379996057530e-01 4.157892397186940120e-02 5.319255054661504722e-01 2.433357700000000179e+00 -3.478040257508203253e-02 9.991349172789495414e-01 -2.279782162185717970e-02 -2.942667999999999950e-01 -5.324132547944251392e-01 7.811244000131781912e-04 8.464842089276551906e-01 8.064655300000000082e+00
