1.000000000000000000e+00 0.000000000000000000e+00 0.000000000000000000e+00 0.000000000000000000e+00 0.000000000000000000e+00 1.000000000000000000e+00 0.000000000000000000e+00 0.000000000000000000e+00 0.000000000000000000e+00 0.000000000000000000e+00 1.000000000000000000e+00 0.000000000000000000e+00
9.989268760839041805e-01 3.197365159292332986e-04 4.631407999531875208e-02 1.804800000000000067e-03 -2.293158664762493480e-04 9.999980575357739765e-01 -1.957636052061491414e-03 -4.939000000000000248e-04 -4.631461595960593980e-02 1.944914712610836070e-03 9.989250090248391611e-01 3.892930000000000001e-02
9.957321012015778461e-01 -2.037792511772893236e-03 9.226825043518369074e-02 5.347499999999999823e-03 2.504937958029527720e-03 9.999846242477642422e-01 -4.947378486046807508e-03 -1.245400000000000023e-03 -9.225675001059399638e-02 5.157389818186934941e-03 9.957218956153098821e-01 7.643329999999999569e-02
9.831881901170144156e-01 -5.905052069247324065e-03 1.824996251352014043e-01 1.762160000000000115e-02 8.003489124851236036e-03 9.999100368237909819e-01 -1.076394076875993380e-02 -2.735899999999999877e-03 -1.824196452585574724e-01 1.204361320802283669e-02 9.831470004046382050e-01 1.513025000000000064e-01
9.742733711998738944e-01 -9.993891039608723825e-03 2.251477743898905592e-01 2.619339999999999863e-02 1.273924696871429202e-02 9.998611285127737558e-01 -1.074408096733462173e-02 -3.598500000000000136e-03 -2.250091326091070709e-01 1.333588508689868835e-02 9.742653870539824679e-01 1.882136000000000087e-01
9.642468876553159651e-01 -1.292592667388920737e-02 2.646901208331314814e-01 3.649890000000000079e-02 1.645720554669652391e-02 9.998026461295143053e-01 -1.112785594870128320e-02 -4.458900000000000016e-03 -2.644940453632752542e-01 1.508606018954268893e-02 9.642693144320870768e-01 2.253477000000000119e-01
9.418588739524961229e-01 -1.352705818652492377e-02 3.357363254903382721e-01 6.102330000000000254e-02 1.876921625348141817e-02 9.997472716272183257e-01 -1.237373812406703313e-02 -6.091000000000000060e-03 -3.354840951195243726e-01 1.795582275339423217e-02 9.418747317722684365e-01 2.995102000000000042e-01
9.293996954554379908e-01 -1.578442049166325564e-02 3.687371125301621144e-01 7.573190000000000477e-02 2.127420376242427150e-02 9.997150515931954029e-01 -1.082699738105604229e-02 -6.877300000000000253e-03 -3.684611435980921779e-01 1.790719653538494494e-02 9.294706654707447502e-01 3.365504000000000273e-01
9.162306022563355690e-01 -1.580311709768624298e-02 4.003395371169196082e-01 9.157389999999999974e-02 2.181161551526379985e-02 9.997074192652484204e-01 -1.045606496876381672e-02 -7.717100000000000175e-03 -4.000571670619175180e-01 1.831221876271477839e-02 9.163072223476029787e-01 3.731786000000000270e-01
9.024212788651617689e-01 -1.208724223042973583e-02 4.306851913249734043e-01 1.090798999999999935e-01 1.911157691323099594e-02 9.997455000088771859e-01 -1.198677771087568698e-02 -8.600200000000000553e-03 -4.304306948618508155e-01 1.904819643071768709e-02 9.024226189172571688e-01 4.098551999999999751e-01
8.882742521190742924e-01 -1.147565091396803190e-02 4.591700800993026022e-01 1.276056000000000135e-01 1.969185169653451389e-02 9.997201515406417549e-01 -1.310914109764625690e-02 -9.286199999999999663e-03 -4.588911461327848107e-01 2.068642162523649103e-02 8.882516467540502170e-01 4.457789999999999808e-01
8.735144897445515921e-01 -1.278085146675219178e-02 4.866303381850544674e-01 1.470421000000000089e-01 2.197778467509258274e-02 9.996713757442855508e-01 -1.319535896832172220e-02 -1.023750000000000007e-02 -4.863017717293356967e-01 2.222139404520835290e-02 8.735083264970040506e-01 4.812049999999999939e-01
8.415285980960890422e-01 -1.261929534802073462e-02 5.400651553019789608e-01 1.904959999999999987e-01 2.211022884371720981e-02 9.996939944720261151e-01 -1.109302470218077007e-02 -1.209679999999999957e-02 -5.397599062239707424e-01 2.127606170051589418e-02 8.415501012011146198e-01 5.526630999999999627e-01
8.096379132225179909e-01 -1.545153455307440860e-02 5.867262560620937206e-01 2.396271000000000095e-01 2.634554073823126841e-02 9.996025752705046674e-01 -1.003015432509164404e-02 -1.372450000000000059e-02 -5.863380952623636899e-01 2.357841369834081172e-02 8.097232221269026198e-01 6.229384000000000032e-01
7.944621260651079098e-01 -1.834670893527018398e-02 6.070365133328909923e-01 2.666474999999999818e-01 3.092100814142239446e-02 9.994691640821987688e-01 -1.026066783152690572e-02 -1.449169999999999972e-02 -6.065260270620105310e-01 2.692189295118971315e-02 7.946076957696155407e-01 6.579542999999999919e-01
7.803377202100819643e-01 -2.129084112550820584e-02 6.249957939870477430e-01 2.946040999999999799e-01 3.550231048206581308e-02 9.993166784814001558e-01 -1.028406822891496375e-02 -1.519500000000000017e-02 -6.243497644491963205e-01 3.021384108434985172e-02 7.805603727061494190e-01 6.928159999999999874e-01
7.358225367159384467e-01 -3.376565614409462318e-02 6.763320744472202106e-01 4.160158999999999940e-01 5.120644168183945827e-02 9.986709424684605541e-01 -5.852264471227313497e-03 -1.803019999999999970e-02 -6.752355846600547329e-01 3.893878701649011731e-02 7.365736053338314271e-01 8.311467999999999634e-01
7.182769521219172226e-01 -3.506325084753540017e-02 6.948732175659468879e-01 4.821896999999999989e-01 5.182777438575835588e-02 9.986509699559401598e-01 -3.181510376970890508e-03 -1.991259999999999905e-02 -6.938242586222160835e-01 3.829893792342878300e-02 7.191252251877063850e-01 9.003444000000000447e-01
7.033876505513785293e-01 -3.090036739302581131e-02 7.101344804660506549e-01 5.501511000000000040e-01 5.259803092480037218e-02 9.985783296993335778e-01 -8.646768050708915354e-03 -2.103870000000000046e-02 -7.088577150561637952e-01 4.343370522837124853e-02 7.040129636984602257e-01 9.683308999999999944e-01
6.965508397838380272e-01 -2.950207222269254220e-02 7.169006593182887244e-01 5.858018000000000391e-01 5.363201826298696212e-02 9.984999678373868148e-01 -1.101911274904222859e-02 -2.142749999999999863e-02 -7.155001986117603963e-01 4.612420149232401151e-02 6.970882467975104690e-01 1.003312100000000040e+00
6.910669450108430922e-01 -2.893784328524480129e-02 7.222112424626047078e-01 6.218291999999999708e-01 5.379498551516620486e-02 9.984861530264420582e-01 -1.146742115210309249e-02 -2.249340000000000020e-02 -7.207860827227475786e-01 4.677609902990260971e-02 6.915774862679823221e-01 1.038272099999999920e+00
6.869929719708344207e-01 -2.834730476218339998e-02 7.261109328301015298e-01 6.593261000000000260e-01 5.377187748724947258e-02 9.984824032752925849e-01 -1.189434912435884117e-02 -2.331400000000000139e-02 -7.246718165170883408e-01 4.721568237689462155e-02 6.874746814854403310e-01 1.073691500000000021e+00
6.832217135072153891e-01 -2.735423719292190414e-02 7.296984554594164729e-01 6.971161000000000163e-01 5.424100807801458812e-02 9.984385230259051891e-01 -1.335772362829225346e-02 -2.404490000000000099e-02 -7.281936577826982893e-01 4.870586664296663176e-02 6.836385999339213981e-01 1.109625599999999990e+00
6.727418942528438084e-01 -2.832666692998730626e-02 7.393347980838809175e-01 8.584618000000000526e-01 5.542243254265788455e-02 9.983887212967264002e-01 -1.217847110856302636e-02 -2.803599999999999842e-02 -7.377985481743305485e-01 4.916870069592170489e-02 6.732278523529198200e-01 1.257879900000000051e+00
6.695459321886140236e-01 -3.029304820136160745e-02 7.421526634866641992e-01 9.425710999999999951e-01 5.777623451052968373e-02 9.982647314012653705e-01 -1.137685220716649903e-02 -2.993940000000000143e-02 -7.405201897419571022e-01 5.049611144463911350e-02 6.701343084139974593e-01 1.333530700000000069e+00
6.687810052145410911e-01 -3.017334814588144148e-02 7.428469129813324301e-01 9.865161000000000069e-01 5.766754048470550814e-02 9.982711004386140008e-01 -1.136946804047276466e-02 -3.056599999999999942e-02 -7.412195503618834724e-01 5.044183869315147645e-02 6.693647728037241951e-01 1.373295300000000108e+00
6.683424859283003672e-01 -3.009571668966964236e-02 7.432446228127820298e-01 1.074777600000000000e+00 5.871859899749199557e-02 9.981977854178011311e-01 -1.238173326998841250e-02 -3.260770000000000335e-02 -7.415324993787872909e-01 5.191752135775114241e-02 6.689051676741002428e-01 1.452766999999999920e+00
6.687972540093376494e-01 -2.860616784147399644e-02 7.428942860131545478e-01 1.118073899999999954e+00 5.808765325707702237e-02 9.982153215443549943e-01 -1.385627558854132454e-02 -3.399220000000000019e-02 -7.411720836409415591e-01 5.242002475700899278e-02 6.692653311175018604e-01 1.492353899999999900e+00
6.696137661802973318e-01 -2.898006912359548520e-02 7.421438942249877213e-01 1.164218100000000033e+00 5.853870796785815706e-02 9.981892076019381888e-01 -1.383927369729359702e-02 -3.468410000000000243e-02 -7.403989625946892916e-01 5.271111287581026206e-02 6.700976904661750666e-01 1.534005899999999922e+00
6.707066213887094008e-01 -2.913153238983148124e-02 7.411504448126322586e-01 1.210253599999999929e+00 5.768887547271863564e-02 9.982503728122753550e-01 -1.296868639633464923e-02 -3.604559999999999709e-02 -7.394759101363854725e-01 5.145431955408129310e-02 6.712137001933071723e-01 1.576095199999999918e+00
6.723591991396014045e-01 -2.938085640212067390e-02 7.396417190839303935e-01 1.306239799999999951e+00 5.922236974800413473e-02 9.981440152429316148e-01 -1.418575892044575404e-02 -3.877329999999999666e-02 -7.378521655818219838e-01 5.334126087557629348e-02 6.728513146560830549e-01 1.662804399999999960e+00
6.736603904287495892e-01 -2.929314686011669569e-02 7.384602832342551659e-01 1.402757299999999985e+00 5.939538347834413812e-02 9.981279102856428498e-01 -1.458982968633149024e-02 -4.101389999999999897e-02 -7.366504373098853309e-01 5.368972206900823885e-02 6.741391154319021917e-01 1.751680399999999915e+00
6.742743437697779063e-01 -3.206935240602240555e-02 7.377842950145344636e-01 1.452059100000000047e+00 6.156856824038900444e-02 9.980196498107268832e-01 -1.288759079512594510e-02 -4.231940000000000007e-02 -7.359099270553862704e-01 5.411409454044664724e-02 6.749135085575066473e-01 1.796384900000000062e+00
6.752290186610331313e-01 -3.476777144250144808e-02 7.367882833127710196e-01 1.552332000000000045e+00 6.445588956279232895e-02 9.978485992933632254e-01 -1.198378858884234857e-02 -4.443790000000000240e-02 -7.347865068567380753e-01 5.558214602905262036e-02 6.760173181095865402e-01 1.889189599999999913e+00
6.763152783177590610e-01 -3.530275738086241510e-02 7.357658320656648154e-01 1.654565300000000017e+00 6.644060542923316270e-02 9.977030466960138400e-01 -1.320138491555931243e-02 -4.750329999999999830e-02 -7.336097670179759778e-01 5.781302564993263254e-02 6.771073502783965248e-01 1.982870600000000039e+00
6.763046527983419542e-01 -3.589814999702629905e-02 7.357467902954827332e-01 1.705904400000000098e+00 6.696166187073311626e-02 9.976724913885191004e-01 -1.287384038020760943e-02 -4.890810000000000296e-02 -7.335721862521941139e-01 5.797346594276089893e-02 6.771343476768547642e-01 2.030261499999999941e+00
6.766064775352021998e-01 -3.670341304446909925e-02 7.354294895014021893e-01 1.757270099999999946e+00 6.705278943655824941e-02 9.976784857000696727e-01 -1.189800823635927401e-02 -4.993510000000000310e-02 -7.332854819142287095e-01 5.736286814746092283e-02 6.774967921486525491e-01 2.077454599999999818e+00
6.768580231562756344e-01 -3.905940252393066969e-02 7.350765807475111435e-01 1.862093900000000080e+00 6.973653069233021196e-02 9.975024622534635066e-01 -1.120955330400857583e-02 -5.274129999999999791e-02 -7.328028607858844135e-01 5.884896662432809178e-02 6.778914119173309327e-01 2.173584200000000077e+00
6.764210179780033583e-01 -3.851139564463847836e-02 7.355076334363253032e-01 1.914552000000000032e+00 7.007932820287282594e-02 9.974665472525872101e-01 -1.222190126928737394e-02 -5.405680000000000207e-02 -7.331735771263416801e-01 5.981103173750051960e-02 6.774061900265305747e-01 2.223095400000000055e+00
6.761645574894517008e-01 -3.766296506417850243e-02 7.357873281442596225e-01 1.967060299999999984e+00 6.951137428087494907e-02 9.974987876466372416e-01 -1.281941843739721129e-02 -5.549439999999999928e-02 -7.334641504809066292e-01 5.981362475275539548e-02 6.770913308064565594e-01 2.271576599999999946e+00
6.746817576657071491e-01 -3.571237469806608916e-02 7.372442961234334513e-01 2.074411200000000122e+00 6.819997682892159352e-02 9.975721734773203009e-01 -1.408977871613389249e-02 -5.871839999999999699e-02 -7.349512154106873085e-01 5.978616058219487356e-02 6.754793305269919390e-01 2.370115300000000147e+00
6.740142586755242249e-01 -3.554249346497291573e-02 7.378627990760719957e-01 2.129167799999999833e+00 6.719543124544209711e-02 9.976508561359556104e-01 -1.332453642472946481e-02 -6.010780000000000289e-02 -7.356558659603160688e-01 5.856193652439471015e-02 6.748191953913953434e-01 2.420196100000000072e+00
6.732670639187742223e-01 -3.620819913551484581e-02 7.385123065714993551e-01 2.184102999999999906e+00 6.805746898709384707e-02 9.975949452857337807e-01 -1.313415606061500707e-02 -6.134989999999999888e-02 -7.362605799289163588e-01 5.910407308905818446e-02 6.741120581824801006e-01 2.470756999999999870e+00
6.729744326723727799e-01 -3.495391825960352666e-02 7.388393848243329787e-01 2.239281200000000194e+00 6.528337530717440162e-02 9.977914619312753253e-01 -1.225885009089040453e-02 -6.281249999999999334e-02 -7.367791350722415755e-01 5.648382153634141922e-02 6.737700527827354957e-01 2.521445500000000006e+00
6.716900936942704625e-01 -3.404498159891374692e-02 7.400495640569703104e-01 2.295343400000000145e+00 6.516598025408276706e-02 9.977865370356751029e-01 -1.324467922903317316e-02 -6.410910000000000220e-02 -7.379605768945293187e-01 5.712237511067892737e-02 6.724219071469996756e-01 2.572482799999999958e+00
6.696079185442800341e-01 -3.248997819153631728e-02 7.420037983325356024e-01 2.351452399999999887e+00 6.384656686661262237e-02 9.978625853121488865e-01 -1.392396256464806942e-02 -6.560950000000000115e-02 -7.399654392754730914e-01 5.669799071632126292e-02 6.702510623091828545e-01 2.623603800000000152e+00
6.667146322046293427e-01 -3.262881702933874417e-02 7.445985223618911686e-01 2.408203400000000105e+00 6.490119777718389438e-02 9.977879507693105943e-01 -1.438887857571811632e-02 -6.718380000000000185e-02 -7.424819416870236388e-01 5.791861185185495642e-02 6.673574759226283959e-01 2.674739600000000106e+00
6.629983448591241224e-01 -3.183844574788988191e-02 7.479435193157438766e-01 2.464970399999999895e+00 6.316947430154717935e-02 9.979112843117062814e-01 -1.351614441425989452e-02 -6.879159999999999442e-02 -7.459509449223374888e-01 5.620838029795584279e-02 6.636247476953766045e-01 2.726553399999999794e+00
6.592999647649082640e-01 -3.129085018270704593e-02 7.512286197662030318e-01 2.522809500000000149e+00 6.124341071931347497e-02 9.980485740996525301e-01 -1.217737168341189585e-02 -7.058390000000000497e-02 -7.493816124675440893e-01 5.403634362624718662e-02 6.599297481270638421e-01 2.777930000000000010e+00
6.556984335123873242e-01 -2.946896415495028204e-02 7.544475756744370987e-01 2.582154300000000013e+00 5.971051219563974083e-02 9.981322791246380888e-01 -1.290767611888085295e-02 -7.230469999999999953e-02 -7.526581023431127004e-01 5.351199417971473637e-02 6.562333788037413296e-01 2.830274100000000015e+00
6.521364442789057136e-01 -2.892309425875257134e-02 7.575496766957036110e-01 2.640779999999999905e+00 6.092280187545445758e-02 9.980394602455406883e-01 -1.434043250512077872e-02 -7.391409999999999647e-02 -7.556497007575070368e-01 5.550396752745803686e-02 6.526199807957162591e-01 2.881231300000000051e+00
6.486356930426149248e-01 -2.744803311505341140e-02 7.606039331933812653e-01 2.700343600000000066e+00 6.042804122120830346e-02 9.980519616765330948e-01 -1.551559305319057461e-02 -7.595709999999999962e-02 -7.586963750706171572e-01 5.602577328104625665e-02 6.490307567311168757e-01 2.932337299999999924e+00
6.449974753543950001e-01 -2.618914189611470239e-02 7.637358087933299178e-01 2.760060499999999806e+00 5.911810812926186071e-02 9.981275209030626705e-01 -1.570036009533152740e-02 -7.771500000000000630e-02 -7.618945504974250493e-01 5.527730875007705325e-02 6.453379835866437375e-01 2.983391999999999822e+00
6.408039155018333544e-01 -2.501525812855125500e-02 7.672969299679760491e-01 2.820780300000000018e+00 5.744627937467593204e-02 9.982293233364041285e-01 -1.543188314339995551e-02 -7.958450000000000246e-02 -7.655522626597911495e-01 5.396716494412893972e-02 6.411062924697957799e-01 3.035404199999999886e+00
6.367621266081019415e-01 -2.389302063621431479e-02 7.706900269773867551e-01 2.881855499999999903e+00 5.532717032626596754e-02 9.983591570975719476e-01 -1.476135708917090603e-02 -8.141450000000000076e-02 -7.690727523070987059e-01 5.203957152305443978e-02 6.370392332144707570e-01 3.086641600000000096e+00
6.321703237804376929e-01 -2.330846505551992590e-02 7.744787906638193054e-01 2.944002600000000136e+00 5.428487454007788204e-02 9.984236323688526760e-01 -1.426193267247441443e-02 -8.296209999999999696e-02 -7.729255036078861441e-01 5.105845458042962415e-02 6.324390880459189734e-01 3.138303300000000018e+00
6.275028923587548935e-01 -2.358985577740659034e-02 7.782567948857228579e-01 3.006204100000000157e+00 5.446055696697120474e-02 9.984226483162785826e-01 -1.364782268187643074e-02 -8.470279999999999476e-02 -7.767072600512010538e-01 5.094834672008320686e-02 6.277978162993609335e-01 3.189560399999999962e+00
6.228359579661681966e-01 -2.313279936885491786e-02 7.820103855178177632e-01 3.069006900000000204e+00 5.544158147748676213e-02 9.983548287590152670e-01 -1.462419012569427315e-02 -8.660210000000000130e-02 -7.803855460653028597e-01 5.246436397134308927e-02 6.230938051412819867e-01 3.240542399999999823e+00
6.182260897660952770e-01 -2.190166571322811270e-02 7.856951183324927257e-01 3.132438200000000172e+00 5.509476150553017926e-02 9.983604792609613865e-01 -1.552162054916434580e-02 -8.834930000000000561e-02 -7.840670055468297317e-01 5.288355593953095873e-02 6.184191623195531839e-01 3.291382099999999866e+00
6.131954074646661645e-01 -2.274904437683664474e-02 7.896036178008448703e-01 3.196501299999999990e+00 5.612166097916201912e-02 9.983139244773402421e-01 -1.482117956140605736e-02 -9.037050000000000638e-02 -7.879351187967077452e-01 5.340214578640219839e-02 6.134382278536494315e-01 3.342101099999999825e+00
6.081464666981050149e-01 -2.241294171345023165e-02 7.935083711507776583e-01 3.260764399999999785e+00 5.561631927751288507e-02 9.983479968405983840e-01 -1.442574900608069310e-02 -9.254310000000000314e-02 -7.918741693429788286e-01 5.290498320682252009e-02 6.083883321360241681e-01 3.393163700000000116e+00
6.034427728931518464e-01 -2.121318414261773311e-02 7.971240936401028376e-01 3.325861900000000038e+00 5.504421762047483069e-02 9.983697168338668826e-01 -1.510107994861125541e-02 -9.428820000000000257e-02 -7.955042136592199720e-01 5.298970963872073198e-02 6.036266534231489178e-01 3.443650499999999948e+00
5.984901925290209146e-01 -1.986550089500302430e-02 8.008837938932001910e-01 3.390731600000000068e+00 5.384719278992886049e-02 9.984292870390003571e-01 -1.547380403900884896e-02 -9.624309999999999810e-02 -7.993184404698915335e-01 5.238626401055955506e-02 5.986198376831461943e-01 3.494011599999999884e+00
5.943178954817676107e-01 -2.150636848019155459e-02 8.039426069222336269e-01 3.456679799999999858e+00 5.479200477272493097e-02 9.984024658212025116e-01 -1.379682771974683961e-02 -9.843599999999999572e-02 -8.023615614690852160e-01 5.224932877020439792e-02 5.945468293750750810e-01 3.544139899999999788e+00
5.899777997624203740e-01 -2.321399791066133464e-02 8.070856869555407265e-01 3.523333300000000001e+00 5.759383864800694808e-02 9.982503175725000455e-01 -1.338854794927520075e-02 -1.000722000000000000e-01 -8.053627415874666795e-01 5.438210889076031118e-02 5.902825092236028137e-01 3.594291000000000125e+00
5.864779906629756789e-01 -2.349044692111793356e-02 8.096244594695521934e-01 3.590303700000000209e+00 5.927639399657719244e-02 9.981437303406194284e-01 -1.397865145410928309e-02 -1.018533999999999967e-01 -8.077932133799349268e-01 5.618978986576711465e-02 5.867817583498653455e-01 3.643642900000000129e+00
5.837299202324620628e-01 -2.335126637725108700e-02 8.116120369881055785e-01 3.657132900000000131e+00 5.996647212243438885e-02 9.980963381440568494e-01 -1.441256412349323224e-02 -1.036104999999999943e-01 -8.097304504874401898e-01 5.708255549643137527e-02 5.840189889133776679e-01 3.692067900000000069e+00
5.793650203876026250e-01 -2.262117820646466007e-02 8.147542300889416556e-01 3.725405900000000159e+00 5.899468085075343371e-02 9.981567634404753253e-01 -1.423738843162016335e-02 -1.054631000000000041e-01 -8.129303788041080114e-01 5.631481061485027473e-02 5.796316427894727674e-01 3.742411099999999990e+00
5.757265125267451156e-01 -2.071057383065024946e-02 8.173799941920506518e-01 3.793581000000000092e+00 5.740269915965461045e-02 9.982363170949708486e-01 -1.513886923964848086e-02 -1.072242999999999946e-01 -8.156248604002810376e-01 5.563566629666776009e-02 5.758999563576542302e-01 3.791287399999999863e+00
5.714789675278467707e-01 -1.934727106025422097e-02 8.203886108277145262e-01 3.862131399999999992e+00 5.672426153586981878e-02 9.982621199254693156e-01 -1.597178997852772772e-02 -1.091778000000000054e-01 -8.186538632575530716e-01 5.566348016814083588e-02 5.715832652807940617e-01 3.840142300000000120e+00
5.683679863210352456e-01 -1.929016870976639833e-02 8.225483095335617278e-01 3.930146199999999812e+00 5.629042838418313321e-02 9.982943607357597227e-01 -1.548408846221783694e-02 -1.115548999999999985e-01 -8.208466481613336807e-01 5.510225688961738200e-02 5.684844074273049941e-01 3.886137199999999847e+00
5.634390192350430260e-01 -1.762755339747520272e-02 8.259695762948365827e-01 3.997374999999999901e+00 5.522616100132871769e-02 9.983397250411509827e-01 -1.636656793021655509e-02 -1.130276000000000058e-01 -8.243097371404198848e-01 5.483669178550283629e-02 5.634770576425571775e-01 3.933856500000000089e+00
5.598168802116539888e-01 -1.700672396931676364e-02 8.284418096462311532e-01 4.064920899999999726e+00 5.423879314878911340e-02 9.983972837692564051e-01 -1.615602302343540145e-02 -1.159860999999999948e-01 -8.268392914876829813e-01 5.397809835481771901e-02 5.598420767950047505e-01 3.978850099999999834e+00
5.560378628462410155e-01 -1.675041676881114036e-02 8.309881579297360155e-01 4.134093299999999971e+00 5.351159211546244188e-02 9.984441089661562074e-01 -1.568026721860439968e-02 -1.186962000000000017e-01 -8.294325798946247108e-01 5.318632163300629490e-02 5.560690699908574786e-01 4.025490800000000036e+00
5.524249390269471149e-01 -1.702410991678646526e-02 8.333887846753249562e-01 4.204687100000000122e+00 5.361772718368501556e-02 9.984466699095024822e-01 -1.514551677167009017e-02 -1.202956000000000025e-01 -8.318364178567381195e-01 5.305117367378583970e-02 5.524796348274785274e-01 4.072353800000000135e+00
5.484785681273905977e-01 -1.768584294464286416e-02 8.359775542825684802e-01 4.274184700000000170e+00 5.479264982571530745e-02 9.983876589396057932e-01 -1.482727224306383540e-02 -1.217517000000000044e-01 -8.343674405380425707e-01 5.393786644307334288e-02 5.485632878105910493e-01 4.119170699999999741e+00
5.446820681639817918e-01 -1.771364528192906351e-02 8.384555273784253249e-01 4.343820100000000295e+00 5.588608133875661022e-02 9.983212313653165859e-01 -1.521397113957273853e-02 -1.235142999999999935e-01 -8.367784596493896832e-01 5.514477106729036293e-02 5.447576192131053929e-01 4.166465800000000108e+00
5.415827754289105345e-01 -1.696424231791218012e-02 8.404762410926897021e-01 4.415455299999999639e+00 5.660199228117662046e-02 9.982633637981066510e-01 -1.632393850424991230e-02 -1.252792000000000072e-01 -8.387397163772082331e-01 5.641339363190329970e-02 5.416024530875133136e-01 4.212258799999999859e+00
5.385455228143800621e-01 -1.538061790105412288e-02 8.424560264189270287e-01 4.486063500000000204e+00 5.636411844106642421e-02 9.982514844984951008e-01 -1.780617446034490209e-02 -1.271802999999999961e-01 -8.407091090317432291e-01 5.707372678853709497e-02 5.384707825885448607e-01 4.258057599999999887e+00
5.355138332958377934e-01 -1.563972434314100241e-02 8.443816278030141786e-01 4.558249499999999621e+00 5.788235907143184783e-02 9.981571065483323402e-01 -1.822150255568422486e-02 -1.295930000000000137e-01 -8.425405431533389278e-01 5.863266725581856020e-02 5.354322024993873885e-01 4.304033800000000021e+00
5.326860065472875938e-01 -1.430350547326787042e-02 8.461920752168974325e-01 4.628684999999999938e+00 5.702979797879702967e-02 9.981911326741890189e-01 -1.902800023957222642e-02 -1.316702999999999901e-01 -8.443892589151054118e-01 5.839411256107723824e-02 5.325381742626564829e-01 4.348799200000000198e+00
5.293791388952476806e-01 -1.452554296506325393e-02 8.482610069454425972e-01 4.702012500000000372e+00 5.775977146936783768e-02 9.981505626620799099e-01 -1.895423586377846178e-02 -1.336557999999999913e-01 -8.464168807994867372e-01 5.902933896752907139e-02 5.292390773919893876e-01 4.394809699999999708e+00
5.259228660067386540e-01 -1.431950141275357621e-02 8.504117184579174094e-01 4.775133600000000200e+00 5.759391901466866248e-02 9.981628631584819056e-01 -1.881061146782647339e-02 -1.359905999999999893e-01 -8.485800371819913757e-01 5.887147433648902417e-02 5.257813899384975453e-01 4.440779199999999705e+00
5.230419956780957280e-01 -1.525190740875275938e-02 8.521704348764217452e-01 4.848546999999999940e+00 5.976630217951724167e-02 9.980349565854450544e-01 -1.882058865379535387e-02 -1.380211000000000077e-01 -8.502088330997635834e-01 6.077503396859249007e-02 5.229257455559583878e-01 4.484814599999999984e+00
5.198588316157974898e-01 -1.683697071299953760e-02 8.540862436594255369e-01 4.921721500000000304e+00 6.173706793180155916e-02 9.979318341222805921e-01 -1.790499618891265576e-02 -1.407011999999999985e-01 -8.520183857372106706e-01 6.203685084327260901e-02 5.198231425236928827e-01 4.529993499999999784e+00
5.167884768342811963e-01 -1.778047314430415346e-02 8.559284578667004650e-01 4.994895500000000155e+00 6.270295173860535032e-02 9.978852306187661059e-01 -1.712910844725748852e-02 -1.428148999999999946e-01 -8.538138029187448685e-01 6.252136664930205145e-02 5.168104765363544795e-01 4.575569599999999681e+00
5.145491445948723319e-01 -1.813375164449614399e-02 8.572691204330066261e-01 5.069113699999999945e+00 6.229821227229803693e-02 9.979247362431326041e-01 -1.628353591054063076e-02 -1.449248999999999954e-01 -8.551947793013944255e-01 6.178501311297024401e-02 5.146110197132094388e-01 4.619916400000000145e+00
5.124479817097256085e-01 -1.679085317775935726e-02 8.585540945631739973e-01 5.142945300000000053e+00 6.147926568635558864e-02 9.979605268834819132e-01 -1.717808700379307163e-02 -1.470422999999999869e-01 -8.565146618314802840e-01 6.158615130048566977e-02 5.124351471510306677e-01 4.664083999999999897e+00
5.099511219074606139e-01 -1.450385466737520029e-02 8.600810958654477867e-01 5.218187799999999932e+00 6.104269039417401649e-02 9.979473037968767946e-01 -1.936411097843203019e-02 -1.492391999999999885e-01 -8.580347564141926897e-01 6.237641416698842811e-02 5.097897014857255549e-01 4.708802699999999675e+00
5.068424197805904141e-01 -1.258011562010440815e-02 8.619469253973475187e-01 5.294459800000000271e+00 6.086984817501472217e-02 9.979199519373659344e-01 -2.122807359314565420e-02 -1.516041999999999945e-01 -8.598869827448873959e-01 6.322586667108767711e-02 5.065539129150848918e-01 4.754163700000000325e+00
5.038984477679232521e-01 -1.067170790474742531e-02 8.636969775259567550e-01 5.370575900000000402e+00 5.935158846290949225e-02 9.979881161742080176e-01 -2.229593958515577873e-02 -1.545094999999999941e-01 -8.617213837917722108e-01 6.249667691526677310e-02 5.035180454467762523e-01 4.799251599999999840e+00
4.972025625786359870e-01 -8.826882827210474902e-03 8.675895907079521630e-01 5.523094699999999690e+00 5.803026171062834748e-02 9.980474845554390129e-01 -2.310210592904313534e-02 -1.598343000000000125e-01 -8.656916890504570139e-01 6.183287727508275655e-02 4.967439932166779482e-01 4.889126799999999662e+00
4.939469161869547986e-01 -9.431534304106217736e-03 8.694409066463736346e-01 5.600797700000000212e+00 5.794709781903686907e-02 9.980751424044554954e-01 -2.209398037197114750e-02 -1.626749000000000112e-01 -8.675589765795456154e-01 6.129483073633976153e-02 4.935426687544401947e-01 4.933620900000000198e+00
4.907706280105623708e-01 -1.041326904128861766e-02 8.712265804657203239e-01 5.677833999999999826e+00 5.834879879663619484e-02 9.980766377721076443e-01 -2.093902606413780565e-02 -1.654049999999999965e-01 -8.693328524570483884e-01 6.111128342130212054e-02 4.904343000621932402e-01 4.977144700000000199e+00
4.870903708814521837e-01 -1.069699220602894629e-02 8.732860613523575344e-01 5.754573299999999669e+00 5.845764939817547912e-02 9.980818370652980720e-01 -2.038013118701038906e-02 -1.681687000000000043e-01 -8.713929502936142990e-01 6.097721605734321426e-02 4.867813732061722076e-01 5.020800600000000280e+00
4.836902926138756942e-01 -9.851918351015384601e-03 8.751837752928857128e-01 5.832828000000000124e+00 5.755554686881592108e-02 9.981302979274094822e-01 -2.057346310110471505e-02 -1.709415999999999991e-01 -8.733447542956531695e-01 6.032286518515105750e-02 4.833529684196832266e-01 5.064605199999999918e+00
4.804107374181164625e-01 -8.612019107329477174e-03 8.770013434996989377e-01 5.911711200000000055e+00 5.667136890537768923e-02 9.981668855851522082e-01 -2.124204480807631232e-02 -1.734768999999999894e-01 -8.752107627993227501e-01 5.990577307849989652e-02 4.800181444821592924e-01 5.108359300000000047e+00
4.770190340262834838e-01 -7.919911806049322739e-03 8.788572786144607241e-01 5.990559600000000096e+00 5.689094439774905476e-02 9.981405275297154933e-01 -2.188396098135462001e-02 -1.763327000000000089e-01 -8.770497486586287250e-01 6.043808649920699716e-02 4.765826015269029048e-01 5.151983699999999722e+00
4.742047660691843802e-01 -8.420609290096404270e-03 8.803743142416490253e-01 6.070045000000000357e+00 5.852779570739749526e-02 9.980437900799379314e-01 -2.197931328558731107e-02 -1.794295999999999947e-01 -8.784670380651190547e-01 6.194906312492864248e-02 4.737699617019217602e-01 5.195560500000000026e+00
4.720930655599055448e-01 -9.480056267199315351e-03 8.814977402032414533e-01 6.148919099999999638e+00 5.984335412423864853e-02 9.979801432638841785e-01 -2.131681538500271311e-02 -1.821206999999999965e-01 -8.795151564455337967e-01 6.281530214977919246e-02 4.717068235656765030e-01 5.237683800000000112e+00
4.693985908240381200e-01 -1.082731097207592641e-02 8.829200033239260614e-01 6.227726500000000165e+00 6.100229693810774179e-02 9.979333307389176566e-01 -2.019374082741932225e-02 -1.846544999999999992e-01 -8.808766557814337039e-01 6.333906170321768059e-02 4.690889900241465016e-01 5.280166600000000265e+00
4.671672129455622380e-01 -1.131263144113853203e-02 8.840966120953934748e-01 6.307071200000000211e+00 6.237645973701032298e-02 9.978484094395915216e-01 -2.019230173987768620e-02 -1.874012999999999929e-01 -8.819659701027884324e-01 6.457999805477003530e-02 4.668677022796640097e-01 5.322018599999999822e+00
4.647422352385886524e-01 -1.045284834584221667e-02 8.853843192348165303e-01 6.385233399999999726e+00 6.233816301884362310e-02 9.978353682646042833e-01 -2.094113826127078082e-02 -1.900144000000000000e-01 -8.832488936969447035e-01 6.492546343077117144e-02 4.643878508116068282e-01 5.363513000000000197e+00
4.567040583854814484e-01 -7.469085106642556204e-03 8.895873289463493983e-01 6.624896500000000188e+00 6.169356210486559577e-02 9.978232562400013439e-01 -2.329492866299006856e-02 -1.982842999999999967e-01 -8.874769334743544125e-01 6.552069958624094637e-02 4.561707251421179832e-01 5.488926900000000053e+00
4.544759134156038383e-01 -5.541397567206531732e-03 8.907417903287432326e-01 6.705542099999999728e+00 5.938464761357847843e-02 9.979444303231612690e-01 -2.409102768236011036e-02 -2.013678000000000134e-01 -8.887773105524597872e-01 6.384517914442162934e-02 4.538707804509484189e-01 5.529484300000000019e+00
4.516182738436737565e-01 -5.339055822037048343e-03 8.921952864779042480e-01 6.786337900000000367e+00 6.070827202955980662e-02 9.978484471726593030e-01 -2.475847697855016946e-02 -2.041453000000000018e-01 -8.901434942960856356e-01 6.534501479104280752e-02 4.509707181229318795e-01 5.571211800000000380e+00
4.489546314354186940e-01 -7.329666124071126942e-03 8.935244903790814375e-01 6.867692500000000422e+00 6.231650748181517818e-02 9.977884703951269696e-01 -2.312620249460675681e-02 -2.074686000000000030e-01 -8.913789271729258834e-01 6.606394130736015224e-02 4.484185141706142907e-01 5.611954700000000074e+00
4.436122834092495748e-01 -8.229900881279766239e-03 8.961810144942349288e-01 7.027025700000000263e+00 6.168073361080107786e-02 9.978671641093063149e-01 -2.136843217656112653e-02 -2.135672999999999877e-01 -8.940937473831617188e-01 6.475640141279631612e-02 4.431737575335432666e-01 5.692464400000000424e+00
4.372544322775020476e-01 -6.091847975316880270e-03 8.993172136915452697e-01 7.189167000000000307e+00 5.908565699936710325e-02 9.980111797739041890e-01 -2.196748012979563014e-02 -2.189772000000000107e-01 -8.973948108779279398e-01 6.274212647452628855e-02 4.367447526586003548e-01 5.772918200000000333e+00
4.337939442970015769e-01 -6.091408672788942158e-03 9.009915141840298958e-01 7.270078200000000379e+00 5.847108675905635100e-02 9.980596180483185531e-01 -2.140399108716168480e-02 -2.218121000000000120e-01 -8.991128660543483697e-01 6.196687471242569994e-02 4.333083896417304626e-01 5.812497099999999861e+00
4.269530863569151458e-01 -5.801546372369296295e-03 9.042551653764515640e-01 7.431806599999999818e+00 5.802823614769031524e-02 9.980941505796424584e-01 -2.099500865181383111e-02 -2.277367999999999892e-01 -9.024099876773817863e-01 6.143621601621553074e-02 4.264760315676795477e-01 5.889647000000000077e+00
4.228909066404782924e-01 -5.298386856540781426e-03 9.061651108807451394e-01 7.512912299999999988e+00 5.695590669385706961e-02 9.981611648760853051e-01 -2.074400216681996853e-02 -2.303784000000000109e-01 -9.043889128983588765e-01 6.038390538823089349e-02 4.224150544151927811e-01 5.928367599999999626e+00
4.189417613487602665e-01 -4.718802460769392498e-03 9.080008444386683530e-01 7.594350799999999957e+00 5.642661819510685905e-02 9.981890772881105711e-01 -2.084712790228070850e-02 -2.329466000000000037e-01 -9.062581516086142264e-01 5.996914945241971912e-02 4.184493562629667540e-01 5.966589899999999780e+00
4.113431551557691912e-01 -4.224339016570682892e-03 9.114707695073770433e-01 7.758263600000000260e+00 5.717094728595539105e-02 9.981398208707072950e-01 -2.117500362736080693e-02 -2.391358000000000095e-01 -9.096858202109799896e-01 6.081984011870889689e-02 4.108194926668053970e-01 6.042192000000000007e+00
4.043231690661021616e-01 -2.358790992216846377e-03 9.146131483099283477e-01 7.922680399999999956e+00 5.523058912882115867e-02 9.982347107500456618e-01 -2.184134332535106818e-02 -2.439118999999999871e-01 -9.129470723874563154e-01 5.934558415608993942e-02 4.037396991383741529e-01 6.115042200000000427e+00
3.972941756733623930e-01 -2.373341718554355939e-03 9.176882396680861032e-01 8.089710200000000739e+00 5.650677631407067386e-02 9.981623932641852104e-01 -2.188197668643413613e-02 -2.495572000000000068e-01 -9.159499561693396075e-01 6.054918597471840164e-02 3.966982151096521969e-01 6.188494200000000056e+00
3.901921714530434127e-01 -1.950428398933622826e-03 9.207313751392527390e-01 8.255344400000000249e+00 6.059945988808419781e-02 9.978839054692405508e-01 -2.356727957843877952e-02 -2.550841999999999832e-01 -9.187370542206465540e-01 6.499159202940374414e-02 3.894846828406122174e-01 6.259805199999999736e+00
3.867649614380238576e-01 -2.241063023759041345e-03 9.221756027136953637e-01 8.337524399999999503e+00 6.202022902514461866e-02 9.977961496779157446e-01 -2.358675220531520136e-02 -2.578413999999999984e-01 -9.200904063164185853e-01 6.631607138884113017e-02 3.860515805951810764e-01 6.295417800000000064e+00
3.833787028926537443e-01 -1.649205593281813376e-03 9.235897629842252377e-01 8.419233300000000142e+00 6.380535607117088226e-02 9.976565509271902998e-01 -2.470390513043801972e-02 -2.609035000000000104e-01 -9.213846355919862452e-01 6.840092479618731236e-02 3.825855025769389073e-01 6.330710400000000071e+00
3.813344932498544670e-01 -5.417568951772075425e-04 9.244369695968154277e-01 8.503982499999999334e+00 6.558322593695684044e-02 9.974959862613737016e-01 -2.646880934517719872e-02 -2.638230999999999771e-01 -9.221078270644810226e-01 7.072102864011380052e-02 3.804151566046040100e-01 6.364561100000000415e+00
3.778002378411630668e-01 -7.972326388430220345e-04 9.258867882777460645e-01 8.587865799999999439e+00 6.636103466656337324e-02 9.974511348672983058e-01 -2.621920345704704600e-02 -2.671471999999999736e-01 -9.235059249215152866e-01 7.134842655629075603e-02 3.768901811705869243e-01 6.400702500000000406e+00
3.709662926210597345e-01 9.180402177469126901e-04 9.286458781156277098e-01 8.760504700000000255e+00 6.563613906076268267e-02 9.974726783077847436e-01 -2.720575818996528311e-02 -2.731234000000000162e-01 -9.263238672236524529e-01 7.104514924787785901e-02 3.699684848472424292e-01 6.471416500000000127e+00
3.673387862584269747e-01 1.592193348280833420e-03 9.300858460542915651e-01 8.846165700000000243e+00 6.639876408902634086e-02 9.974021370958846555e-01 -2.793172110722696999e-02 -2.763433000000000139e-01 -9.277140832377372970e-01 7.201695520433902542e-02 3.662787707818467853e-01 6.506071099999999774e+00
3.637791668453521643e-01 2.386984516032170101e-03 9.314821630467335911e-01 8.932669600000000543e+00 6.600134534668772313e-02 9.974172253019355505e-01 -2.833197987107977447e-02 -2.794097999999999860e-01 -9.291439824815788118e-01 7.178565996010784211e-02 3.626820630281611946e-01 6.540718100000000312e+00
3.609412533229156006e-01 3.375009813473120457e-03 9.325824472712543889e-01 9.018189400000000688e+00 6.443243212788488106e-02 9.975136586801613969e-01 -2.854754694547435509e-02 -2.827579000000000065e-01 -9.303600772495391746e-01 7.039254261125615919e-02 3.598263700800069520e-01 6.573226000000000013e+00
3.580869182564813680e-01 3.018165646948078179e-03 9.336833776231123760e-01 9.104620000000000601e+00 6.543317162736403403e-02 9.974550205656540491e-01 -2.831928669925464631e-02 -2.856979000000000046e-01 -9.313926449271325847e-01 7.123463079498792982e-02 3.569781062630337232e-01 6.606995099999999788e+00
3.556514716754056171e-01 1.734490706636483692e-03 9.346170457663964815e-01 9.192497299999999427e+00 6.695250313231176920e-02 9.973818296005156903e-01 -2.732852551905318172e-02 -2.890626000000000029e-01 -9.322174601558563811e-01 7.229438100375679133e-02 3.546041870252629735e-01 6.640543899999999944e+00
3.530696079746556415e-01 3.881952124908591428e-04 9.355969758550420901e-01 9.279261599999999888e+00 6.850689094156775516e-02 9.973048066233812792e-01 -2.626649157044163088e-02 -2.923068999999999806e-01 -9.330855576088096237e-01 7.336873987180739243e-02 3.520914230586708049e-01 6.674428899999999665e+00
3.506299247834984145e-01 7.337429323521979518e-04 9.365138106123302997e-01 9.368230799999999192e+00 6.721394082457590735e-02 9.974011612222200007e-01 -2.594628588830158455e-02 -2.948384000000000005e-01 -9.340990001092757122e-01 7.204432811732158770e-02 3.496693763842854130e-01 6.707952500000000207e+00
3.476139300196949278e-01 4.240885593808363385e-04 9.376376569897119095e-01 9.455819099999999366e+00 6.692899439237230685e-02 9.974378383447113361e-01 -2.526397331884690928e-02 -2.974810999999999983e-01 -9.352459919004670885e-01 7.153725454001860773e-02 3.466949031165416084e-01 6.742019199999999657e+00
3.449046021827207875e-01 -9.134542958966346271e-04 9.386373000229792929e-01 9.544765500000000458e+00 6.882944833095294701e-02 9.973319392818256190e-01 -2.432097717628809580e-02 -3.006900000000000128e-01 -9.361107426130925724e-01 7.299430450111951685e-02 3.440472483173816487e-01 6.775392499999999707e+00
