1.000000000000000000e+00 0.000000000000000000e+00 0.000000000000000000e+00 0.000000000000000000e+00 0.000000000000000000e+00 1.000000000000000000e+00 0.000000000000000000e+00 0.000000000000000000e+00 0.000000000000000000e+00 0.000000000000000000e+00 1.000000000000000000e+00 0.000000000000000000e+00
9.989195421856087442e-01 4.837927797958213724e-04 4.647057331516566553e-02 1.316499999999999962e-03 -3.887709996249747888e-04 9.999978154005839670e-01 -2.053789465748398491e-03 -3.470999999999999802e-04 -4.647146540409308885e-02 2.033504021630133662e-03 9.989175480311627275e-01 3.127499999999999725e-02
9.957217258454222897e-01 -1.831588481936907578e-03 9.238446819160942014e-02 4.143499999999999614e-03 2.307963252683354824e-03 9.999845859760935207e-01 -5.049862953086689879e-03 -9.848999999999999248e-04 -9.237379490438790697e-02 5.241478212635267836e-03 9.957106050058462943e-01 6.124759999999999927e-02
9.831717373084205569e-01 -5.751026091530572412e-03 1.825931561062369146e-01 1.396750000000000075e-02 7.881423699178619763e-03 9.999090524470680696e-01 -1.094394786539453282e-02 -2.184699999999999923e-03 -1.825136107757886761e-01 1.219887426367623900e-02 9.831276465181330027e-01 1.219099000000000016e-01
9.532330953964068820e-01 -1.270349231504463647e-02 3.019690168278628684e-01 3.859630000000000005e-02 1.776482471559688581e-02 9.997438844025794413e-01 -1.402057782211290834e-02 -4.154099999999999980e-03 -3.017135675500998704e-01 1.872930545010701234e-02 9.532146328469511820e-01 2.121907000000000099e-01
9.418194138371699387e-01 -1.328354794938818410e-02 3.358567240257158137e-01 4.931739999999999735e-02 1.865015178202640220e-02 9.997446678100873063e-01 -1.275817478346454384e-02 -4.867999999999999931e-03 -3.356014951663906509e-01 1.827967557628849479e-02 9.418266772091925532e-01 2.422746000000000066e-01
9.294055999569255100e-01 -1.552167048102286867e-02 3.687333840516558436e-01 6.133960000000000107e-02 2.117040653853136112e-02 9.997122653907524192e-01 -1.127831167698400278e-02 -5.458000000000000178e-03 -3.684522284580467599e-01 1.828836167535048685e-02 9.294667778740297592e-01 2.726920999999999928e-01
9.162473236594654846e-01 -1.566027720459244738e-02 4.003068792873060722e-01 7.436729999999999730e-02 2.190833421844715773e-02 9.996990677235801925e-01 -1.103625318563313321e-02 -6.016800000000000100e-03 -4.000135832426686133e-01 1.888199434593449549e-02 9.163146858535449191e-01 3.027252000000000276e-01
9.024037367654182962e-01 -1.203107352346051602e-02 4.307235182128816842e-01 8.846310000000000284e-02 1.936918924079330390e-02 9.997323019215734741e-01 -1.265539421536168024e-02 -6.725599999999999981e-03 -4.304559563764496222e-01 1.976304036490742627e-02 9.023951971589670995e-01 3.324049000000000031e-01
8.735062441310413872e-01 -1.293813232166488199e-02 4.866409828570836815e-01 1.195850999999999997e-01 2.241031414578601583e-02 9.996556901973160381e-01 -1.364840195827641059e-02 -8.109099999999999295e-03 -4.862968427657827775e-01 2.282774163500609146e-02 8.734954349782697580e-01 3.907242000000000215e-01
8.417326375853174669e-01 -1.302633721615664708e-02 5.397374189014466639e-01 1.552784000000000109e-01 2.292634261437204862e-02 9.996695369627952577e-01 -1.162753984809313836e-02 -9.553400000000000086e-03 -5.394075913796477773e-01 2.216148477249522963e-02 8.417531223314146382e-01 4.487303000000000264e-01
8.254669523711011259e-01 -1.370880246974395464e-02 5.642839527029026581e-01 1.747032000000000029e-01 2.390987169821559913e-02 9.996569523933964696e-01 -1.069091048140971903e-02 -1.025739999999999985e-02 -5.639438168634718362e-01 2.231695020364990803e-02 8.255115536169477242e-01 4.773113999999999968e-01
8.097631536041973721e-01 -1.557344144134184712e-02 5.865501709032723276e-01 1.951327999999999951e-01 2.690523629066898792e-02 9.995817413003349472e-01 -1.060427834100599251e-02 -1.090540000000000086e-02 -5.861396960837306214e-01 2.436822481559451983e-02 8.098434702423724652e-01 5.057616999999999807e-01
7.945781108758435130e-01 -1.843678763468607762e-02 6.068819576974496810e-01 2.168499000000000121e-01 3.143892652264930476e-02 9.994473285055406331e-01 -1.079960380019662214e-02 -1.149730000000000023e-02 -6.063474413371255922e-01 2.766084606173949828e-02 7.947186030156017100e-01 5.340899999999999537e-01
7.676039692048556295e-01 -2.595769012933128728e-02 6.403985827467926217e-01 2.634026999999999896e-01 4.196803060863547874e-02 9.990708085947472838e-01 -9.808354636256462478e-03 -1.282870000000000017e-02 -6.395489276574417570e-01 3.440519927260348582e-02 7.679801113279098868e-01 5.906443999999999583e-01
7.456430171005767882e-01 -3.195768849337093931e-02 6.655788437107279520e-01 3.128515000000000046e-01 4.965445749766875250e-02 9.987369801869905306e-01 -7.673282060701919205e-03 -1.405269999999999957e-02 -6.644929840861837356e-01 3.877048559318736765e-02 7.462880968815643890e-01 6.467621000000000064e-01
7.358723810058410697e-01 -3.422636651931365570e-02 6.762546818379006064e-01 3.382483000000000017e-01 5.208393960042149995e-02 9.986238743213866620e-01 -6.133585496506829132e-03 -1.462809999999999978e-02 -6.751141400596599729e-01 3.973554416676483569e-02 7.366423721326902374e-01 6.745662999999999521e-01
7.266799261284255795e-01 -3.481339784998127573e-02 6.860935157047651778e-01 3.642429999999999835e-01 5.235074447316798163e-02 9.986173374893003718e-01 -4.776276676014924033e-03 -1.486729999999999996e-02 -6.849786015016023910e-01 3.938833070745306753e-02 7.274976803323769392e-01 7.025358999999999909e-01
7.182700863313050688e-01 -3.478648314403066932e-02 6.948942248084161166e-01 3.907025000000000081e-01 5.216099599136589382e-02 9.986309789212267640e-01 -3.924084099629597533e-03 -1.571439999999999990e-02 -6.938063948817482229e-01 3.906492709966735699e-02 7.191012570506947199e-01 7.301193000000000266e-01
7.102189158933738256e-01 -3.271030507701431361e-02 7.032205396950585996e-01 4.176828000000000207e-01 5.231952325845166257e-02 9.986099524888896184e-01 -6.389857286833347527e-03 -1.615139999999999978e-02 -7.020340155528428383e-01 4.133036089736469992e-02 7.109430654242605563e-01 7.581109999999999793e-01
6.963854762357200023e-01 -2.931101216137659699e-02 7.170691271098100783e-01 4.739072999999999758e-01 5.379546995446139040e-02 9.984865618731361137e-01 -1.142948691510502213e-02 -1.717470000000000108e-02 -7.156488775232782151e-01 4.653439937121298803e-02 6.969083395790527380e-01 8.133829000000000198e-01
6.908170619374081056e-01 -2.845730304159449151e-02 7.224693549485446953e-01 5.028894000000000419e-01 5.374130208030161726e-02 9.984820904324306357e-01 -1.205767541432215331e-02 -1.797709999999999933e-02 -7.210295828791500883e-01 4.715609175156733335e-02 6.912977966288021969e-01 8.415804000000000062e-01
6.866553342538118665e-01 -2.812705417019236223e-02 7.264387935431952936e-01 5.330477000000000132e-01 5.392221566353537499e-02 9.984692659012134319e-01 -1.230933420730603162e-02 -1.875989999999999949e-02 -7.249805836011893323e-01 4.762345928635422498e-02 6.871209206005008951e-01 8.702206000000000108e-01
6.793572691163403121e-01 -2.500321285756728490e-02 7.333815788834536775e-01 5.946757999999999766e-01 5.303084055914227685e-02 9.984789574671683043e-01 -1.508315102581456527e-02 -2.045889999999999861e-02 -7.318889470735154834e-01 4.913868986934717686e-02 6.796498792095418962e-01 9.286463999999999830e-01
6.744700728375454535e-01 -2.550953361197541569e-02 7.378613586178746075e-01 6.601382000000000083e-01 5.393221381030494088e-02 9.984352005039339728e-01 -1.478061934388406884e-02 -2.187930000000000083e-02 -7.363297068297840475e-01 4.976358196079481988e-02 6.747904480284198092e-01 9.886154000000000330e-01
6.708774135279955697e-01 -2.755258664473753810e-02 7.410562400973162989e-01 7.270539000000000307e-01 5.364286060917630022e-02 9.984946675408095107e-01 -1.143863620511080884e-02 -2.352819999999999911e-02 -7.396255400698731330e-01 4.742629926267304119e-02 6.713455195460800162e-01 1.049924899999999939e+00
6.685638893178514897e-01 -2.929310369767539751e-02 7.430775464081422754e-01 7.962692000000000103e-01 5.649164209686240862e-02 9.983371722260264702e-01 -1.147104724691487207e-02 -2.516480000000000106e-02 -7.415059138492339219e-01 4.964679876384968382e-02 6.691069982440134289e-01 1.111905200000000038e+00
6.681092099465200107e-01 -2.957871757051560441e-02 7.434750722462188932e-01 8.685648000000000257e-01 5.836104180569507555e-02 9.982143529379597924e-01 -1.273162943240831527e-02 -2.665729999999999836e-02 -7.417709028965686624e-01 5.189609865427194380e-02 6.686424474713487109e-01 1.176620400000000011e+00
6.686021249680890177e-01 -2.836401801302362163e-02 7.430791888959834557e-01 9.050253999999999799e-01 5.789145196873263927e-02 9.982249108354726008e-01 -1.398596355152561740e-02 -2.788449999999999956e-02 -7.413634589572833944e-01 5.236897812321290868e-02 6.690573307671192627e-01 1.209589999999999943e+00
6.691266376011145711e-01 -2.827972254911874719e-02 7.426101266109771393e-01 9.418621999999999828e-01 5.781719898222854870e-02 9.982278644392401645e-01 -1.408197993619651756e-02 -2.872250000000000150e-02 -7.408958863122915295e-01 5.235826534195833770e-02 6.695759088377545298e-01 1.243162000000000100e+00
6.710155076641027838e-01 -2.823307259670576608e-02 7.409055824368147025e-01 1.017305099999999962e+00 5.737920840760622754e-02 9.982553118680884685e-01 -1.392690811565767614e-02 -3.081570000000000142e-02 -7.392197338523931460e-01 5.185774714442020761e-02 6.714647862280660462e-01 1.311986000000000097e+00
6.725545542043641634e-01 -2.886889760475341155e-02 7.394842516038154789e-01 1.095475200000000093e+00 5.907856170947286406e-02 9.981441420533612163e-01 -1.476466155722291201e-02 -3.289849999999999719e-02 -7.376856343763981139e-01 5.361770636315574962e-02 6.730119214390227755e-01 1.382436500000000068e+00
6.736314177131346170e-01 -3.077767561797062346e-02 7.384263319745223431e-01 1.175375099999999895e+00 6.008522315651772250e-02 9.981058136063821751e-01 -1.321176760972255296e-02 -3.487669999999999659e-02 -7.366209873659750329e-01 5.326837268677188375e-02 6.742047177551335757e-01 1.455162599999999973e+00
6.751150104502910976e-01 -3.460115898554022573e-02 7.369005919807372074e-01 1.257810700000000059e+00 6.390009954522515856e-02 9.978878701466765699e-01 -1.168656888226134172e-02 -3.728309999999999957e-02 -7.349397934135923904e-01 5.497779925558035630e-02 6.759000973858484418e-01 1.529394399999999932e+00
6.761654751171551903e-01 -3.463386096146263415e-02 7.359352865126754795e-01 1.340693099999999971e+00 6.541992630952214727e-02 9.977711629577885599e-01 -1.315065061200011362e-02 -3.939000000000000140e-02 -7.338395488805767863e-01 5.703684813139905940e-02 6.769241570914628081e-01 1.605056500000000108e+00
6.763858509429258037e-01 -3.576283508783140858e-02 7.356787344151620722e-01 1.424318799999999996e+00 6.563738320424258865e-02 9.977732537449172101e-01 -1.184348079663685369e-02 -4.149590000000000223e-02 -7.336170080977630903e-01 5.629878984277962573e-02 6.772270901934778209e-01 1.682090199999999980e+00
6.766775070924444524e-01 -3.785059210772966087e-02 7.353059798969738825e-01 1.509671800000000008e+00 6.800840478631017816e-02 9.976215173335890585e-01 -1.123232083982701052e-02 -4.353930000000000300e-02 -7.331319173747492535e-01 5.760764558738450808e-02 6.776421997605389658e-01 1.760131799999999913e+00
6.765766631988394675e-01 -3.729352350743316696e-02 7.354272308795238855e-01 1.553198599999999985e+00 6.845607051390253939e-02 9.975771808686542119e-01 -1.239090876183424061e-02 -4.452790000000000220e-02 -7.331833230676484403e-01 5.872785807901585720e-02 6.774904083903559027e-01 1.800066399999999955e+00
6.761347268232668073e-01 -3.629015050460476788e-02 7.358837246195757409e-01 1.596128800000000014e+00 6.775185657797630490e-02 9.976168087044721133e-01 -1.305331071192826833e-02 -4.576630000000000281e-02 -7.336562663222223613e-01 5.868328524084134856e-02 6.769820934998787010e-01 1.840005799999999914e+00
6.744755509946246397e-01 -3.432049564054417967e-02 7.374990404668231303e-01 1.683845000000000036e+00 6.635842415578151188e-02 9.976939655005239160e-01 -1.425870777457755728e-02 -4.827250000000000291e-02 -7.353089763181588356e-01 5.855642392450886163e-02 6.751976411119298138e-01 1.920420199999999911e+00
6.737332608912216525e-01 -3.419092576576721054e-02 7.381832250628301839e-01 1.727873900000000074e+00 6.546846863813397810e-02 9.977627925432108746e-01 -1.353844269298392494e-02 -4.943120000000000153e-02 -7.360688641581429881e-01 5.744902446215547492e-02 6.744644073672738660e-01 1.961119099999999893e+00
6.728171684942914066e-01 -3.465210142540266214e-02 7.389968130148655279e-01 1.772588100000000111e+00 6.590943586641874463e-02 9.977379994107794525e-01 -1.322235968146552934e-02 -5.062239999999999795e-02 -7.368670192396283847e-01 5.760309365458783637e-02 6.735791561192537857e-01 2.002273100000000028e+00
6.726760406759141331e-01 -3.370365217840300825e-02 7.391691336429120351e-01 1.817697399999999908e+00 6.340588855185849693e-02 9.979132421429157684e-01 -1.220059231200504996e-02 -5.195380000000000137e-02 -7.372154621259141560e-01 5.507472183907683588e-02 6.734093386765757083e-01 2.043328999999999951e+00
6.712120326483607125e-01 -3.320078714230383088e-02 7.405215155288787932e-01 1.863134099999999904e+00 6.376537418649781686e-02 9.978794850456750298e-01 -1.305796231554894396e-02 -5.309690000000000243e-02 -7.385176939538496965e-01 5.598429295891671487e-02 6.719057781110222560e-01 2.085117599999999793e+00
6.691672258834461262e-01 -3.118933833012026841e-02 7.424570351057241391e-01 1.908718499999999985e+00 6.186634258403198722e-02 9.979885431589083922e-01 -1.383558379089480997e-02 -5.427699999999999886e-02 -7.405320921193950801e-01 5.519142051160644269e-02 6.697507951792091019e-01 2.126480599999999832e+00
6.661696754605750392e-01 -3.114521163416658633e-02 7.451496086619218140e-01 1.954715100000000039e+00 6.277225164454017237e-02 9.979238659169470393e-01 -1.440840924077442867e-02 -5.548050000000000204e-02 -7.431538252072895645e-01 5.637316405558663590e-02 6.667416729544772824e-01 2.168028099999999903e+00
6.583696544735108125e-01 -2.928192698162528085e-02 7.521249675557065695e-01 2.048512199999999783e+00 5.872374620303173753e-02 9.981954869062353852e-01 -1.254159287752299942e-02 -5.808540000000000231e-02 -7.504005061967321533e-01 5.242459987702705049e-02 6.589011622598808238e-01 2.252953999999999901e+00
6.550324053957863324e-01 -2.765927089043567280e-02 7.550943733171501249e-01 2.096497499999999903e+00 5.734434335044542863e-02 9.982674751672450109e-01 -1.317855488739345937e-02 -5.957609999999999989e-02 -7.534216443447298017e-01 5.193277151301781136e-02 6.554836482139430043e-01 2.295017500000000155e+00
6.517457204611020183e-01 -2.719565628454018169e-02 7.579498084569270544e-01 2.145210300000000014e+00 5.853767202539379710e-02 9.981795964881814420e-01 -1.452012770394124977e-02 -6.088799999999999768e-02 -7.561751495615857133e-01 5.383204839075403370e-02 6.521512506708617707e-01 2.336721199999999943e+00
6.482480973567317228e-01 -2.554927555218604665e-02 7.610004197056239317e-01 2.193764900000000129e+00 5.798100338911715834e-02 9.981914139654908258e-01 -1.587779366176029008e-02 -6.246809999999999863e-02 -7.592184188488635410e-01 5.441631744553024341e-02 6.485570575333359233e-01 2.378351700000000069e+00
6.444037571109247908e-01 -2.470302529434040620e-02 7.642863065387417443e-01 2.242703399999999903e+00 5.725865525625847829e-02 9.982309534640394499e-01 -1.601280564172464713e-02 -6.398099999999999621e-02 -7.625386837528764783e-01 5.408071826059526743e-02 6.446782388857629220e-01 2.420387999999999984e+00
6.403656597235223291e-01 -2.321692632183310068e-02 7.677192170181912356e-01 2.292393899999999984e+00 5.520200981314948852e-02 9.983493434675980716e-01 -1.585328074578568405e-02 -6.539820000000000355e-02 -7.660839118265354575e-01 5.253154033513890431e-02 6.405902569588228790e-01 2.462766900000000092e+00
6.361542737602207120e-01 -2.231888317482837170e-02 7.712390079802982079e-01 2.342223900000000025e+00 5.303542610469400009e-02 9.984821931447213084e-01 -1.485104544471459870e-02 -6.709940000000000349e-02 -7.697369573786227992e-01 5.035054544625906098e-02 6.363724059218505147e-01 2.504509899999999956e+00
6.316267394103652899e-01 -2.177847270889912701e-02 7.749666832763187907e-01 2.392480899999999799e+00 5.201350220623018883e-02 9.985435424991537801e-01 -1.433141031033163468e-02 -6.845199999999999896e-02 -7.735258610092315967e-01 4.936083325581455683e-02 6.318395765463087344e-01 2.546451300000000195e+00
6.272693359143174385e-01 -2.206712847960085738e-02 7.784897058165097805e-01 2.443317899999999820e+00 5.206596796951425826e-02 9.985503930635301062e-01 -1.364725218009318897e-02 -6.995010000000000117e-02 -7.770600460717361768e-01 4.909332289970125274e-02 6.275089883385391865e-01 2.587946200000000196e+00
6.226983369038352478e-01 -2.151716138177816803e-02 7.821660904074454468e-01 2.494663699999999817e+00 5.301874827223330977e-02 9.984847054298520153e-01 -1.474128061965092329e-02 -7.142519999999999425e-02 -7.806636878636299404e-01 5.064883798007860372e-02 6.228955784579182087e-01 2.629494400000000009e+00
6.182021936131336659e-01 -2.042176039568821891e-02 7.857537779191714478e-01 2.546470199999999906e+00 5.309935688030152645e-02 9.984638097946064716e-01 -1.582652297057973376e-02 -7.289289999999999659e-02 -7.842235052016790497e-01 5.150701149145631152e-02 6.183368998017271245e-01 2.670876699999999992e+00
6.134445733976583437e-01 -2.090470197496088062e-02 7.894610495802201200e-01 2.599069800000000097e+00 5.385009527038645688e-02 9.984301843813794264e-01 -1.540565336280298389e-02 -7.434520000000000017e-02 -7.878996907020177076e-01 5.196306718721102613e-02 6.136072987181313554e-01 2.712190200000000218e+00
6.085576772035765636e-01 -2.056302678046898619e-02 7.932431628739154972e-01 2.651930800000000144e+00 5.336540550778621356e-02 9.984615138579849836e-01 -1.505784976052109217e-02 -7.607800000000000673e-02 -7.917131342927038462e-01 5.149531312698855945e-02 6.087187739131894038e-01 2.753819500000000087e+00
6.036744172759810345e-01 -1.937711607013272580e-02 7.969954361847434443e-01 2.704682099999999867e+00 5.256054874483438027e-02 9.984968937678988521e-01 -1.553518109000326039e-02 -7.772850000000000592e-02 -7.954964403705063747e-01 5.126870886478329670e-02 6.037855023509519636e-01 2.795041799999999910e+00
5.989629117467130115e-01 -1.781206635640487923e-02 8.005786411365308775e-01 2.757926700000000064e+00 5.135534682769411774e-02 9.985489532909546107e-01 -1.620543840030866725e-02 -7.923520000000000563e-02 -7.991283117898567712e-01 5.082045034879148493e-02 5.990085334302337472e-01 2.836255599999999877e+00
5.957147227461481176e-01 -1.943220922085028488e-02 8.029609942881891227e-01 2.811908700000000039e+00 5.260985659076465593e-02 9.985044749596579949e-01 -1.486662285244984283e-02 -8.081499999999999795e-02 -8.014712546891368250e-01 5.109992886819812730e-02 5.958461422017313769e-01 2.876335399999999876e+00
5.918910910068081455e-01 -2.139999915413302867e-02 8.057338123865557256e-01 2.866247700000000176e+00 5.570667964245419601e-02 9.983432379649810340e-01 -1.440642401188577115e-02 -8.231460000000000166e-02 -8.040906057341942192e-01 5.341178938961289868e-02 5.921025912155902793e-01 2.916837000000000124e+00
5.886854094730180620e-01 -2.162828656611719830e-02 8.080728345228536114e-01 2.920789200000000196e+00 5.733185984185729805e-02 9.982417566500956241e-01 -1.504835961840149741e-02 -8.377550000000000274e-02 -8.063265756011386287e-01 5.518706823473250311e-02 5.888903471606545814e-01 2.956942800000000204e+00
5.861369831194581659e-01 -2.146508888241301788e-02 8.099275813175460526e-01 2.975304099999999785e+00 5.840870749741706308e-02 9.981674606714471265e-01 -1.581592062435952309e-02 -8.511449999999999572e-02 -8.081038670295429549e-01 5.657711919128592670e-02 5.863166121439113976e-01 2.996488999999999958e+00
5.826773059154174428e-01 -2.087138859545566855e-02 8.124355619427602315e-01 3.030995599999999790e+00 5.705498982614991971e-02 9.982541821361172740e-01 -1.527468440556178572e-02 -8.682380000000000653e-02 -8.106983935515655881e-01 5.525371467918754886e-02 5.828508743298426165e-01 3.037025700000000050e+00
5.786161612691066436e-01 -1.903113818224480211e-02 8.153779207813340868e-01 3.086358300000000110e+00 5.545222106665873008e-02 9.983323468992406635e-01 -1.604918419823287562e-02 -8.844480000000000397e-02 -8.137127190212634087e-01 5.450083406832139515e-02 5.787065491152487695e-01 3.077630300000000041e+00
5.751891468631383786e-01 -1.764707059648363760e-02 8.178300717326416613e-01 3.141986399999999957e+00 5.464896950274794607e-02 9.983627239277040877e-01 -1.689264940566009149e-02 -9.015529999999999378e-02 -8.161929523483664184e-01 5.441003924844702716e-02 5.752117976587751702e-01 3.117197800000000019e+00
5.714671530933155275e-01 -1.773037666306226737e-02 8.204333773554114417e-01 3.198231499999999894e+00 5.444303032114237995e-02 9.983830773080877297e-01 -1.634586780455565824e-02 -9.190120000000000233e-02 -8.188169816173039850e-01 5.400800577894701582e-02 5.715084303200688165e-01 3.156295300000000026e+00
5.668610254419597094e-01 -1.647225280028111541e-02 8.236487374618950419e-01 3.253260599999999947e+00 5.388939397592623637e-02 9.984001181542795367e-01 -1.712125247836477834e-02 -9.303039999999999921e-02 -8.220489712004981353e-01 5.409130204759483862e-02 5.668417944991339663e-01 3.195960299999999865e+00
5.645529824243369355e-01 -1.544516108650396263e-02 8.252523111356903085e-01 3.311403499999999944e+00 5.255360743504500914e-02 9.984688509851562532e-01 -1.726476058174594014e-02 -9.516299999999999759e-02 -8.237220698641923855e-01 5.311685807155549360e-02 5.645002666139820047e-01 3.232747799999999838e+00
5.611087634615051778e-01 -1.566926563448876181e-02 8.275937588461964589e-01 3.369211200000000073e+00 5.225342485562258638e-02 9.984971596455529674e-01 -1.652276522319645960e-02 -9.778699999999999892e-02 -8.260911179510154190e-01 5.251567665220449599e-02 5.610842793629159386e-01 3.271291699999999913e+00
5.574969198242355484e-01 -1.579979050648586125e-02 8.300286446903148985e-01 3.427629200000000154e+00 5.176579028974472030e-02 9.985348632457159423e-01 -1.576165722687356691e-02 -9.966210000000000346e-02 -8.285635083336508888e-01 5.175416411082729012e-02 5.574979992385815653e-01 3.310053799999999935e+00
5.528810122143862360e-01 -1.639039193284038548e-02 8.330989985500424355e-01 3.486490499999999937e+00 5.311434701758107474e-02 9.984664964905419771e-01 -1.560517628219847130e-02 -1.007254000000000066e-01 -8.315656633565936540e-01 5.287731496767204831e-02 5.529037322067178462e-01 3.352293299999999920e+00
5.498466638382841776e-01 -1.667753891652011891e-02 8.350990994855620464e-01 3.544379199999999841e+00 5.426206118469359407e-02 9.984018996979765470e-01 -1.578845766565210862e-02 -1.029323999999999933e-01 -8.335012147453040310e-01 5.399542920617889097e-02 5.498729113558359360e-01 3.389637500000000081e+00
5.462025403859551709e-01 -1.617445016010954015e-02 8.374969683753770155e-01 3.604025800000000057e+00 5.504623761679205973e-02 9.983454847564451340e-01 -1.661941005734922719e-02 -1.048158000000000006e-01 -8.358425070551058766e-01 5.517862111757403099e-02 5.461891825836524550e-01 3.429680100000000120e+00
5.433588454827077419e-01 -1.447032559093558782e-02 8.393758244749434105e-01 3.663725599999999805e+00 5.483078223130412321e-02 9.983282536793631756e-01 -1.828341394314575083e-02 -1.062716999999999967e-01 -8.377080340760747479e-01 5.595808773363709909e-02 5.432439066032792585e-01 3.468505400000000183e+00
5.403817075907547673e-01 -1.500687597641893120e-02 8.412861604559584983e-01 3.723315700000000117e+00 5.638643427760482718e-02 9.982392343347663566e-01 -1.841198153911582230e-02 -1.085519999999999957e-01 -8.395285463465538278e-01 5.738662481944526578e-02 5.402764062598650607e-01 3.506756999999999902e+00
5.376676460656238943e-01 -1.344810096526149329e-02 8.430496135783938083e-01 3.782574900000000184e+00 5.544314895058712750e-02 9.982726668707178064e-01 -1.943552966265139903e-02 -1.101430999999999938e-01 -8.413320150860146285e-01 5.719118078211819778e-02 5.374845199929509931e-01 3.544746400000000186e+00
5.342701922092747413e-01 -1.362491551962978845e-02 8.452039537258136948e-01 3.843661500000000064e+00 5.608537124369290805e-02 9.982382432554302021e-01 -1.936080666629951333e-02 -1.119662000000000018e-01 -8.434511206045799403e-01 5.774747942027975978e-02 5.340930965398098529e-01 3.584152700000000191e+00
5.309830806547037874e-01 -1.359004941981410003e-02 8.472734379261558368e-01 3.904700000000000060e+00 5.610679352830829497e-02 9.982410983770043655e-01 -1.915038461868986616e-02 -1.138471000000000066e-01 -8.455229126276898599e-01 5.770632606429715317e-02 5.308116277491939927e-01 3.622437699999999872e+00
5.276714520541843090e-01 -1.478620191395805736e-02 8.493198495973049988e-01 3.964934799999999981e+00 5.845014821352285950e-02 9.981106861133072217e-01 -1.893775172084753364e-02 -1.158503000000000033e-01 -8.474352003904760400e-01 5.963578203883064532e-02 5.275387707455927444e-01 3.659705199999999881e+00
5.246785428706091103e-01 -1.637097623840979080e-02 8.511430066611460621e-01 4.024998199999999748e+00 6.039284650901745322e-02 9.980117864783608628e-01 -1.803269643755637738e-02 -1.178440000000000043e-01 -8.491555397815599981e-01 6.086431784939531908e-02 5.246240597523288418e-01 3.697230799999999817e+00
5.218157526817930325e-01 -1.740843877758422448e-02 8.528805698997138363e-01 4.086182100000000261e+00 6.154210301665737765e-02 9.979548328893488307e-01 -1.728354908805376788e-02 -1.196906999999999971e-01 -8.508354070026827864e-01 6.150689207006915238e-02 5.218199041991977705e-01 3.735315799999999964e+00
5.191806995988814677e-01 -1.758138592997376265e-02 8.544836429287558932e-01 4.147270200000000351e+00 6.105003663695299926e-02 9.979973326047437698e-01 -1.655950302524631518e-02 -1.215144999999999975e-01 -8.524812573837872165e-01 6.076363207213477530e-02 5.192142975947018346e-01 3.772805200000000081e+00
5.171773980176067598e-01 -1.621688205143020922e-02 8.557245770201227231e-01 4.208776499999999920e+00 6.015276223397196531e-02 9.980368030881976438e-01 -1.744089668318437106e-02 -1.232208000000000053e-01 -8.537617842087810160e-01 6.049423458496087924e-02 5.171375671971807364e-01 3.809839699999999940e+00
5.145281241553206764e-01 -1.397934007423021555e-02 8.573595438929317858e-01 4.271049999999999791e+00 5.983251038400823341e-02 9.980153070372845825e-01 -1.963460262959208086e-02 -1.251156999999999964e-01 -8.553834696522693015e-01 6.140052907234153784e-02 5.143433628183433637e-01 3.847631699999999988e+00
5.116420671308228307e-01 -1.209248699787796727e-02 8.591135937117424515e-01 4.333688699999999727e+00 5.950317221841663201e-02 9.979989280821827125e-01 -2.138953114866877503e-02 -1.271906999999999899e-01 -8.571357929978447032e-01 6.206376805367663785e-02 5.113377758946969776e-01 3.885298300000000093e+00
5.086700571668084647e-01 -1.008461234300915554e-02 8.609024762049456436e-01 4.396367099999999972e+00 5.801706253682381575e-02 9.980600083126012212e-01 -2.258849843723063217e-02 -1.293817999999999913e-01 -8.590045363072967843e-01 6.143712559146728008e-02 5.082683210692402476e-01 3.922905899999999946e+00
5.020579059589025395e-01 -8.208964888128389426e-03 8.647950462159383900e-01 4.523530499999999677e+00 5.670437106129846971e-02 9.981156907447364945e-01 -2.344530212430910240e-02 -1.340808000000000000e-01 -8.629730432445177346e-01 6.080855848170577116e-02 5.015773577910713765e-01 3.998246400000000200e+00
4.988974273155856176e-01 -8.711780414860245680e-03 8.666172522514729026e-01 4.588152899999999867e+00 5.655770128904867577e-02 9.981451970320895928e-01 -2.252536496196392429e-02 -1.364017999999999897e-01 -8.648136119666413046e-01 6.025172631364338754e-02 4.984647891611172499e-01 4.035674600000000112e+00
4.959087977639743960e-01 -9.698552553377735169e-03 8.683204491307682238e-01 4.652231200000000122e+00 5.674750933031653954e-02 9.981621684665806793e-01 -2.126042395858674522e-02 -1.387551999999999952e-01 -8.665184270891735929e-01 5.981825407400805789e-02 4.955477696392570630e-01 4.072287099999999604e+00
4.919503220234852647e-01 -9.807150039713555950e-03 8.705680332226126694e-01 4.715833700000000128e+00 5.656690346224028942e-02 9.981837699202272818e-01 -2.072068774284208797e-02 -1.411708000000000129e-01 -8.687836704805651511e-01 5.943888690025516536e-02 4.916115871604085363e-01 4.109214299999999653e+00
4.886332876675651971e-01 -8.795109735377341226e-03 8.724449301978487448e-01 4.781092199999999792e+00 5.540863239431809140e-02 9.982435366141516608e-01 -2.096962241582142616e-02 -1.434694999999999998e-01 -8.707280824915306638e-01 5.858743596380940055e-02 4.882623461908656148e-01 4.146068099999999923e+00
4.851285940428383681e-01 -7.759681175222337551e-03 8.744083911937703402e-01 4.846220500000000264e+00 5.461206474856053483e-02 9.982774348019868293e-01 -2.144027866105977301e-02 -1.458832999999999935e-01 -8.727357960035315720e-01 5.815453991928543065e-02 4.847167006209485152e-01 4.183026299999999864e+00
4.818391039673978749e-01 -7.376080581063704233e-03 8.762286638333380839e-01 4.911603900000000245e+00 5.507726741199091280e-02 9.982422507895779562e-01 -2.188386055944792005e-02 -1.483933000000000058e-01 -8.745270564724245688e-01 5.880478019531210077e-02 4.813984060254643538e-01 4.219524400000000064e+00
4.791610163025636360e-01 -7.541936610157933679e-03 8.776946163945993362e-01 4.977902900000000130e+00 5.658229826205828095e-02 9.981485714008532240e-01 -2.231306643694049713e-02 -1.505543000000000020e-01 -8.759013437478435637e-01 6.035353015859307863e-02 4.787006240001343560e-01 4.256307099999999899e+00
4.769525987123718336e-01 -8.918806310972159090e-03 8.788837656229077089e-01 5.043820900000000051e+00 5.789208490864814621e-02 9.980958441122811386e-01 -2.128831770532550738e-02 -1.530591000000000035e-01 -8.770203675436761825e-01 6.103393203604340345e-02 4.765607349056094622e-01 4.291768600000000156e+00
4.721094349051108141e-01 -1.046525228855803638e-02 8.814778272697015860e-01 5.175470800000000260e+00 6.037081587533583982e-02 9.979657818381409973e-01 -2.048567476882894381e-02 -1.571956999999999938e-01 -8.794703213094364758e-01 6.288701594705195519e-02 4.717808571372432702e-01 4.362435800000000086e+00
4.671771662855870311e-01 -9.368846880082239842e-03 8.841140876660131820e-01 5.308753499999999903e+00 6.045654302897848775e-02 9.979420270066768905e-01 -2.137094145774318110e-02 -1.617194000000000131e-01 -8.820943836723791343e-01 6.343449725459000821e-02 4.667821363888117192e-01 4.433560800000000413e+00
4.646125956693354375e-01 -7.832313517615256682e-03 8.854794129794120172e-01 5.374747799999999742e+00 6.032513335159630369e-02 9.979177617834438241e-01 -2.282584069062828722e-02 -1.637501000000000095e-01 -8.834568547651403536e-01 6.402183675968380061e-02 4.641176469241410363e-01 4.469027500000000153e+00
4.596521116198439283e-01 -4.814035550871842428e-03 8.880860101055152445e-01 5.509848100000000137e+00 5.847967586798105688e-02 9.979790627614764098e-01 -2.485795245190172004e-02 -1.680857000000000046e-01 -8.861715769498559325e-01 6.336099234892139664e-02 4.590047067893373578e-01 4.539734400000000392e+00
4.537199223717499064e-01 -6.685190591411909605e-03 8.911192626521602378e-01 5.641716999999999871e+00 6.138047216148313778e-02 9.978314425368638441e-01 -2.376657152461760306e-02 -1.733318000000000081e-01 -8.890279352642449506e-01 6.548068808097444460e-02 4.531463448029074970e-01 4.608596300000000312e+00
4.484572245772587840e-01 -7.888694894156167425e-03 8.937694815875786292e-01 5.775428800000000251e+00 6.078405937652216207e-02 9.979152250140399527e-01 -2.169105370629709206e-02 -1.788662000000000030e-01 -8.917350592245286700e-01 6.405444698102506773e-02 4.480017990720367438e-01 4.676423999999999914e+00
4.423825100476106997e-01 -5.844140321763089535e-03 8.968074268358147139e-01 5.910840499999999942e+00 5.842405736631478552e-02 9.980423985526212238e-01 -2.231591835861252218e-02 -1.833257000000000081e-01 -8.949214179607242192e-01 6.226730052949334959e-02 4.418579397950619381e-01 4.744217899999999766e+00
4.389883047615955047e-01 -5.634174902667026669e-03 8.984751105933356241e-01 5.978597599999999623e+00 5.780428954378313833e-02 9.980858534172357688e-01 -2.198393319509935051e-02 -1.853517000000000081e-01 -8.966314362060249232e-01 6.158640500592858780e-02 4.384736962755767520e-01 4.777510600000000274e+00
4.318660857168598044e-01 -5.147337629171900436e-03 9.019230504443986884e-01 6.113098100000000201e+00 5.695819555195584527e-02 9.981433812589336485e-01 -2.157670986151976472e-02 -1.904768000000000017e-01 -9.001374605953600394e-01 6.069015871057150541e-02 4.313574581117411988e-01 4.842821599999999727e+00
4.280123471448686323e-01 -4.715555505598496844e-03 9.037605845730461995e-01 6.180934399999999940e+00 5.601126452129258360e-02 9.982025235615408221e-01 -2.131807219467248687e-02 -1.926761999999999919e-01 -9.020355696635616871e-01 5.974517128308443753e-02 4.275071292622950603e-01 4.875575999999999688e+00
4.201239326304164745e-01 -3.350883170816838785e-03 9.074605516567254559e-01 6.316396199999999794e+00 5.506629701360578333e-02 9.982445217393148829e-01 -2.180774519880207193e-02 -1.977071999999999996e-01 -9.057944491794825970e-01 5.913244794038260976e-02 4.195709349278323730e-01 4.939747299999999619e+00
4.123374504520677108e-01 -3.770050587166614425e-03 9.110233881044211834e-01 6.454237899999999861e+00 5.601726043390103937e-02 9.982042110020923342e-01 -2.122309287476545347e-02 -2.030022999999999966e-01 -9.093073701934726305e-01 5.978411039950849715e-02 4.118081673007109034e-01 5.004439800000000105e+00
4.053324889572714196e-01 -2.196289853561361055e-03 9.141666968920836300e-01 6.591819300000000048e+00 5.550820696508521057e-02 9.982110977353498837e-01 -2.221358407616773681e-02 -2.074696000000000040e-01 -9.124825545484280820e-01 5.974764153392878030e-02 4.047293008615863164e-01 5.066678999999999711e+00
3.981475311826025987e-01 -1.653254115801659763e-03 9.173199061200117965e-01 6.730358100000000121e+00 5.723373706574833020e-02 9.980948559092047701e-01 -2.304252479813098664e-02 -2.120241999999999960e-01 -9.155341843725374185e-01 6.167597067263944077e-02 3.974836246776719539e-01 5.127779499999999935e+00
3.915025135637319464e-01 -1.984336855247847975e-03 9.201748987450835138e-01 6.869736699999999807e+00 6.112600813251924114e-02 9.978449489605885070e-01 -2.385516639270343631e-02 -2.173073000000000088e-01 -9.181445381872415101e-01 6.558597594825650579e-02 3.907801002556957615e-01 5.188757400000000075e+00
3.884715568013488718e-01 -1.287372053712706327e-03 9.214598158517449678e-01 6.939936600000000233e+00 6.295126968765907272e-02 9.976997807145115971e-01 -2.514528200134474520e-02 -2.197087000000000068e-01 -9.193078848791887969e-01 6.777529221929519399e-02 3.876590287398723467e-01 5.218600300000000303e+00
3.857219494022105510e-01 2.139163017841408387e-04 9.226150508143545759e-01 7.009882900000000028e+00 6.431903922958662201e-02 9.975607690965099250e-01 -2.712145188153714317e-02 -2.220784000000000091e-01 -9.203703813910685261e-01 6.980305293750030393e-02 3.847673256120679453e-01 5.248308200000000312e+00
3.829817177343365908e-01 -1.709800817364798275e-04 9.237559064206671833e-01 7.079775299999999660e+00 6.528155956752676459e-02 9.975047632176743395e-01 -2.688057548645600078e-02 -2.246948000000000001e-01 -9.214463206620818747e-01 7.059899520434588516e-02 3.820372495116783895e-01 5.277142000000000444e+00
3.795430079274126345e-01 8.386814723070276645e-04 9.251737143622270620e-01 7.152719499999999897e+00 6.535235057024360583e-02 9.974773103987575329e-01 -2.771435574940708108e-02 -2.272981000000000029e-01 -9.228630317703464536e-01 7.098106686327504411e-02 3.785307289224948413e-01 5.307547999999999710e+00
3.763107215049788512e-01 1.609969349826177731e-03 9.264921202466294137e-01 7.224040999999999713e+00 6.456553207035573005e-02 9.975217558965630005e-01 -2.795780001197575859e-02 -2.298163000000000011e-01 -9.242410578138551269e-01 7.034027659691413636e-02 3.752741831506605230e-01 5.336885500000000171e+00
3.725898579772202734e-01 2.143889851084462839e-03 9.279936430109967382e-01 7.295071100000000364e+00 6.523647598379496426e-02 9.974628471709453548e-01 -2.849685447285627005e-02 -2.327911000000000008e-01 -9.257002754313787829e-01 7.115667396624031360e-02 3.715046807461941381e-01 5.365888100000000271e+00
3.689691807192633233e-01 3.039771589686809938e-03 9.294366592017111461e-01 7.367938500000000168e+00 6.462943758563605146e-02 9.974902130356667618e-01 -2.891903690347342668e-02 -2.354397000000000018e-01 -9.271918784570536420e-01 7.073920190914381734e-02 3.678466879510231546e-01 5.395783400000000007e+00
3.660099838736322608e-01 4.176704224968488116e-03 9.306015510661053147e-01 7.440091100000000068e+00 6.332083717007451484e-02 9.975606209256332457e-01 -2.938161259267435890e-02 -2.378000999999999865e-01 -9.284541794213135857e-01 6.968043283650168784e-02 3.648526743698248254e-01 5.423924900000000271e+00
3.635138628274007799e-01 3.967475074391595136e-03 9.315803404290131651e-01 7.512322400000000400e+00 6.425290032431532627e-02 9.975028190179229259e-01 -2.932048518033980242e-02 -2.400550999999999935e-01 -9.293703440137389693e-01 7.051514158555599598e-02 3.623511811419327655e-01 5.451937700000000220e+00
3.604743875205400072e-01 2.121115607270580850e-03 9.327667000972279521e-01 7.583734999999999893e+00 6.644223040772054278e-02 9.973988658983653499e-01 -2.794516636382452998e-02 -2.432204000000000033e-01 -9.303997237532579678e-01 7.204861673366844133e-02 3.593958136464947550e-01 5.481689499999999882e+00
3.584268483207914691e-01 1.197581476252318478e-03 9.335570471060844477e-01 7.656969100000000417e+00 6.758898004062480203e-02 9.973416140486142112e-01 -2.722929789717460150e-02 -2.457565999999999917e-01 -9.311079014700135437e-01 7.285788005091002606e-02 3.573930681121205710e-01 5.509624999999999773e+00
3.556458036128671840e-01 1.362472843530526667e-03 9.346198189854035832e-01 7.730078200000000344e+00 6.676141480019325003e-02 9.974074101785105340e-01 -2.685836210332178189e-02 -2.481542999999999943e-01 -9.322333269447271586e-01 7.194860518972731600e-02 3.546327993077040830e-01 5.538570400000000227e+00
3.532459831249883386e-01 9.261932339176756623e-04 9.355300195996671953e-01 7.804684599999999861e+00 6.645074856528312979e-02 9.974488487675003956e-01 -2.607857564173341608e-02 -2.505256000000000149e-01 -9.331674948374346634e-01 7.137882219875538170e-02 3.522832529660535617e-01 5.567230200000000018e+00
3.475971503602687807e-01 -2.328078622722482005e-04 9.376439446089969154e-01 7.953497399999999828e+00 6.821435944402920448e-02 9.973563969138370400e-01 -2.504034146511490908e-02 -2.552725000000000133e-01 -9.351593565949395392e-01 7.266473240539755851e-02 3.466941223000333805e-01 5.624483599999999583e+00
3.446039169671533675e-01 1.164371570127706312e-03 9.387474552028047814e-01 8.026979400000000098e+00 6.746626031154802361e-02 9.973826427176917253e-01 -2.600322528163955330e-02 -2.573856999999999950e-01 -9.363206951309308579e-01 7.229459346534800046e-02 3.436234096001178351e-01 5.653248800000000074e+00
3.403486298681797084e-01 4.562283938750317375e-03 9.402882513953445542e-01 8.182612400000000008e+00 6.619438038727751272e-02 9.973910517847469626e-01 -2.879919833711526087e-02 -2.630674000000000068e-01 -9.379664781600656198e-01 7.204356588189060606e-02 3.391586803592449018e-01 5.708383600000000335e+00
3.308003557024654651e-01 4.023128864909523289e-03 9.436921845078819482e-01 8.336967500000000086e+00 6.203584229990284638e-02 9.977352263302687874e-01 -2.599946941437376174e-02 -2.678730999999999751e-01 -9.416595345119506133e-01 6.714337326813199502e-02 3.298015895791170937e-01 5.762144600000000061e+00
3.250034633342741008e-01 4.494669589101742829e-03 9.457021448458347024e-01 8.413308100000000067e+00 5.929775126109530781e-02 9.979241927609349139e-01 -2.512134944252941704e-02 -2.704331999999999847e-01 -9.438519616529408296e-01 6.424253612460523177e-02 3.240622949930682672e-01 5.789421100000000209e+00
