1.000000000000000000e+00 0.000000000000000000e+00 0.000000000000000000e+00 0.000000000000000000e+00 0.000000000000000000e+00 1.000000000000000000e+00 0.000000000000000000e+00 0.000000000000000000e+00 0.000000000000000000e+00 0.000000000000000000e+00 1.000000000000000000e+00 0.000000000000000000e+00
9.957335526679439441e-01 -1.523675553578237446e-03 9.226250865916454935e-02 2.589699999999999901e-03 2.002545613931463499e-03 9.999850002733601251e-01 -5.097944620340850823e-03 -6.229999999999999644e-04 -9.225335713316404340e-02 5.260954390162151696e-03 9.957216681666446467e-01 3.746780000000000249e-02
9.903918865266176930e-01 -4.890785473550776641e-03 1.382027182066214999e-01 5.137000000000000073e-03 6.254610423876450290e-03 9.999359213842440308e-01 -9.435728582810859466e-03 -1.005599999999999940e-03 -1.381477142434599514e-01 1.020947319378637252e-02 9.903590135432769337e-01 5.588270000000000043e-02
9.831844488656080738e-01 -5.448948677318315482e-03 1.825339652424786963e-01 8.581800000000000539e-03 7.574931450759711700e-03 9.999113344875921738e-01 -1.095187549047430334e-02 -1.335999999999999948e-03 -1.824581045674506796e-01 1.215039594229387274e-02 9.831385497253674055e-01 7.425479999999999581e-02
9.532662014434856168e-01 -1.258238400322491714e-02 3.018695625569152163e-01 2.340820000000000053e-02 1.764269431361412468e-02 9.997457396247682038e-01 -1.404248694076714807e-02 -2.492900000000000151e-03 -3.016161211256194186e-01 1.871202059962092171e-02 9.532458107761161425e-01 1.286327999999999916e-01
9.418440230600683138e-01 -1.330807063858139086e-02 3.357867351190394478e-01 2.985789999999999972e-02 1.864239370437629009e-02 9.997459670932308251e-01 -1.266737691046060203e-02 -2.948399999999999892e-03 -3.355328558919327131e-01 1.819056174776268256e-02 9.418528579774572140e-01 1.468415000000000137e-01
9.293818686974654186e-01 -1.554342903699817112e-02 3.687922775088693372e-01 3.701589999999999742e-02 2.117396401573672093e-02 9.997127888445863642e-01 -1.122510883865609002e-02 -3.325600000000000171e-03 -3.685118795700721428e-01 1.824120704205702340e-02 9.294440558642469430e-01 1.650743000000000071e-01
9.024401794311851521e-01 -1.177247286608987774e-02 4.306543061793617899e-01 5.356949999999999906e-02 1.901370160105404425e-02 9.997409030747751446e-01 -1.251422673036890927e-02 -4.161299999999999721e-03 -4.303954015781725206e-01 1.948167348690000092e-02 9.024301982416774726e-01 2.013202000000000047e-01
8.882808876890673222e-01 -1.086017119641844234e-02 4.591722130616213704e-01 6.258020000000000249e-02 1.913713819310806225e-02 9.997273874927103954e-01 -1.337612196332780071e-02 -4.579200000000000284e-03 -4.589017699988749976e-01 2.066899558721755834e-02 8.882465638060836888e-01 2.189136000000000137e-01
8.735184807537109686e-01 -1.238566355406477831e-02 4.866333929356411736e-01 7.229109999999999703e-02 2.172994205903885229e-02 9.996718819198349149e-01 -1.356237873555215211e-02 -5.041099999999999748e-03 -4.863057406609955780e-01 2.242150390097091828e-02 8.735010032982100103e-01 2.363827000000000012e-01
8.417723054138696037e-01 -1.252185317519845242e-02 5.396874920092902261e-01 9.392670000000000186e-02 2.222756344083422209e-02 9.996870873541772173e-01 -1.147444119795659571e-02 -5.903600000000000167e-03 -5.393749357002999290e-01 2.165480478740101911e-02 8.417872345004507872e-01 2.715852999999999740e-01
8.097062330299312771e-01 -1.499351033189379873e-02 5.866438534923945625e-01 1.181255999999999973e-01 2.616962147779288567e-02 9.996016094472330860e-01 -1.057228935521185159e-02 -6.657800000000000176e-03 -5.862516243936453098e-01 2.391269617648077855e-02 8.097760282061846615e-01 3.062770000000000215e-01
7.946142327817867779e-01 -1.782051626684932194e-02 6.068530713942175137e-01 1.314903000000000044e-01 3.059633697389099738e-02 9.994744112254180246e-01 -1.071286466749379711e-02 -7.032400000000000283e-03 -6.063432074530004101e-01 2.708007580467390596e-02 7.947418349816628425e-01 3.236034999999999884e-01
7.676504652307163390e-01 -2.537593338366624096e-02 6.403661649681160473e-01 1.597782000000000091e-01 4.120991044445071472e-02 9.991023559162760526e-01 -9.809469083857816005e-03 -7.838799999999999935e-03 -6.395424196347143653e-01 3.391967581588219149e-02 7.680071282744194150e-01 3.578721999999999737e-01
7.456836477047177336e-01 -3.120750477057062516e-02 6.655689214437383594e-01 1.899590999999999918e-01 4.874288168893160106e-02 9.987810682451430111e-01 -7.778765952886700086e-03 -8.544700000000000559e-03 -6.645148824747608707e-01 3.824224576415177768e-02 7.462958539402915203e-01 3.921143000000000267e-01
7.359351148776470675e-01 -3.321616430129680636e-02 6.762367877593866705e-01 2.053551999999999877e-01 5.091298576885763122e-02 9.986828852354389108e-01 -6.353158105949469059e-03 -8.845799999999999150e-03 -6.751350787584100566e-01 3.910474609210942004e-02 7.366569379724507982e-01 4.089760000000000062e-01
7.267939714546295393e-01 -3.429927178487330447e-02 6.859986027771737271e-01 2.210875999999999952e-01 5.144131528245745461e-02 9.986655712505981830e-01 -4.568137555645810505e-03 -9.157000000000000209e-03 -6.849265027280065921e-01 3.860876524500474194e-02 7.275885163380728660e-01 4.256664000000000003e-01
7.103664475278124169e-01 -3.270989823519918072e-02 7.030715275021159893e-01 2.535219000000000222e-01 5.203644479098831765e-02 9.986264582647688126e-01 -6.115984555100064529e-03 -1.009320000000000009e-02 -7.019057761838338738e-01 4.092993294652108593e-02 7.110928363784598805e-01 4.591752000000000056e-01
7.032031704752021994e-01 -3.049593904605156849e-02 7.103346385579989430e-01 2.703536999999999746e-01 5.240242072692224973e-02 9.985854453220843752e-01 -9.005259177443776519e-03 -1.049910000000000079e-02 -7.090552075371721052e-01 4.355578139115189040e-02 7.038065121692351767e-01 4.758129999999999860e-01
6.962805386241212036e-01 -2.909382847788362370e-02 7.171798663360560155e-01 2.876696999999999727e-01 5.332783606371530039e-02 9.985134920611347109e-01 -1.126712352998051128e-02 -1.073329999999999944e-02 -7.157859690117327478e-01 4.609072918036578870e-02 6.967970229913134084e-01 4.928795000000000259e-01
6.867814030360006594e-01 -2.796555880017809886e-02 7.263258442082974886e-01 3.239644999999999886e-01 5.351001254153549963e-02 9.984933696831590488e-01 -1.215192398655192893e-02 -1.160109999999999961e-02 -7.248917043267270044e-01 4.721142043789833265e-02 6.872431147552726660e-01 5.274990000000000512e-01
6.831674289297154923e-01 -2.716440146782504728e-02 7.297563698539787369e-01 3.427872000000000141e-01 5.420996539540157144e-02 9.984371649283707573e-01 -1.358334795353343186e-02 -1.199650000000000022e-02 -7.282468974883390400e-01 4.883976845453119608e-02 6.835723321755471371e-01 5.451093000000000188e-01
6.798668419714868350e-01 -2.497661593529991453e-02 7.329101212591746517e-01 3.617399000000000031e-01 5.323981006609543321e-02 9.984636112384306372e-01 -1.536032736753842332e-02 -1.243479999999999933e-02 -7.314004373883322696e-01 4.946297291037396460e-02 6.801520524846074167e-01 5.629488000000000270e-01
6.766890074860112403e-01 -2.476628201178520533e-02 7.358523074795035868e-01 3.812817000000000012e-01 5.402077939907818510e-02 9.984104218224422178e-01 -1.607435813490660365e-02 -1.294750000000000068e-02 -7.342845106229010099e-01 5.062865662493754720e-02 6.769512512638121704e-01 5.811344000000000509e-01
6.745769134591780292e-01 -2.600579264108382471e-02 7.377463565325130812e-01 4.012928000000000051e-01 5.450806616787423620e-02 9.984059019437445670e-01 -1.464669541352556573e-02 -1.340079999999999917e-02 -7.361894175757537351e-01 5.009344980141512693e-02 6.749190971786660498e-01 5.995711999999999708e-01
6.727793788848380752e-01 -2.778134975673619139e-02 7.393213806951789424e-01 4.218115000000000059e-01 5.520282470936157398e-02 9.983941627532774143e-01 -1.271785847891900717e-02 -1.384799999999999920e-02 -7.377808316102006936e-01 4.936894151059151997e-02 6.732326136802084804e-01 6.183644999999999836e-01
6.682433549984900800e-01 -3.072394544128424082e-02 7.433080503242803783e-01 5.066013000000000321e-01 5.981482564120666617e-02 9.981310031967971508e-01 -1.251747142466408391e-02 -1.565710000000000018e-02 -7.415342238453150880e-01 5.282555852876735791e-02 6.688321577438167687e-01 6.951057000000000485e-01
6.681993144935012285e-01 -2.981844499518954833e-02 7.433845145336860361e-01 5.286733999999999600e-01 5.893305442457056481e-02 9.981781442926704884e-01 -1.293396121191221076e-02 -1.615890000000000035e-02 -7.416445046021752363e-01 5.245238406888195343e-02 6.687392438005150819e-01 7.150881999999999517e-01
6.688183242146188423e-01 -2.839024827049221184e-02 7.428835998983212008e-01 5.503531999999999869e-01 5.808067087091175335e-02 9.982117192842168141e-01 -1.414210574252573391e-02 -1.695740000000000094e-02 -7.411536175894535283e-01 5.260567732467447133e-02 6.692712139688052897e-01 7.346432000000000517e-01
6.703278194517748867e-01 -2.872015213029380232e-02 7.415091147994349319e-01 5.956040000000000223e-01 5.745940267778812394e-02 9.982595284994691953e-01 -1.327896095066393931e-02 -1.805970000000000145e-02 -7.398371655391072776e-01 5.150792775515476707e-02 6.708113757722280468e-01 7.761974000000000373e-01
6.715704286602683926e-01 -2.942028812139404342e-02 7.403564047105404278e-01 6.186854000000000520e-01 5.903876830304021633e-02 9.981590698722967447e-01 -1.388866692419785109e-02 -1.863439999999999888e-02 -7.385848517173387862e-01 5.303694823918070345e-02 6.720710519990807930e-01 7.966588000000000003e-01
6.722285807355238285e-01 -2.914598330355842523e-02 7.397697255900462787e-01 6.422061000000000019e-01 5.898352734690121002e-02 9.981569253204117809e-01 -1.427220854035513020e-02 -1.942170000000000007e-02 -7.379902971882631446e-01 5.322841433079443518e-02 6.727087461627123677e-01 8.180034999999999945e-01
6.734769884889056923e-01 -2.879760123127467208e-02 7.386470362353313446e-01 6.902042999999999928e-01 5.926885739730035352e-02 9.981274550338431473e-01 -1.512567520747627042e-02 -2.052139999999999867e-02 -7.368283032828834012e-01 5.396556004516282062e-02 6.739226734650489714e-01 8.617740999999999874e-01
6.744804425372171730e-01 -3.429766955607767981e-02 7.374956287991284443e-01 7.384182000000000246e-01 6.287476657935611724e-02 9.979597873479580938e-01 -1.109173403979936759e-02 -2.165200000000000111e-02 -7.356105602575259139e-01 5.385102319770965207e-02 6.752608169723521847e-01 9.059102999999999462e-01
6.751887707370582969e-01 -3.473659933440457342e-02 7.368266366909255183e-01 7.633003000000000426e-01 6.449346027988647756e-02 9.978452965153354892e-01 -1.205644240018001814e-02 -2.238170000000000090e-02 -7.348201939602005961e-01 5.566087395022825679e-02 6.759742226293765643e-01 9.285858999999999641e-01
6.759426357047352285e-01 -3.476303075356319827e-02 7.361338770423234701e-01 8.128695000000000226e-01 6.602547655909174473e-02 9.977264687441234070e-01 -1.351036685388943420e-02 -2.358630000000000101e-02 -7.339905923659243436e-01 5.773582302356716073e-02 6.767011046674232810e-01 9.745618999999999810e-01
6.762808294697779665e-01 -3.587093157731328225e-02 7.357700156702804417e-01 8.633739000000000274e-01 6.610737899918725513e-02 9.977389071034149515e-01 -1.211972334424337924e-02 -2.496949999999999864e-02 -7.336716255475108639e-01 5.683616383834230734e-02 6.771230289590026707e-01 1.020898300000000036e+00
6.762923853653973749e-01 -3.707915001292770574e-02 7.356994944480387266e-01 8.887353999999999532e-01 6.748884219765323433e-02 9.976507466083119890e-01 -1.175771962150208572e-02 -2.566409999999999872e-02 -7.335351836657878488e-01 5.760316333498012586e-02 6.772060320893504848e-01 1.044547600000000021e+00
6.763819797331384054e-01 -3.798306823249607972e-02 7.355710054236272999e-01 9.146128000000000036e-01 6.869543753280264731e-02 9.975695871898101474e-01 -1.165571002250151422e-02 -2.617389999999999994e-02 -7.333405446001586281e-01 5.841408427423458449e-02 6.773473557960829616e-01 1.068247900000000028e+00
6.763413206539872213e-01 -3.779845184939081837e-02 7.356179001450479094e-01 9.409558999999999562e-01 6.958628140232729631e-02 9.974947810907773826e-01 -1.272443072432848793e-02 -2.677989999999999884e-02 -7.332940524895975587e-01 5.979497248474491961e-02 6.772771912953602369e-01 1.092342300000000099e+00
6.749789796821734633e-01 -3.534385251309786480e-02 7.369899518153179008e-01 9.929217000000000182e-01 6.751834054597696810e-02 9.976198827801242563e-01 -1.399439786802803704e-02 -2.827350000000000002e-02 -7.347412134058696198e-01 5.920626293985773586e-02 6.757588088597638043e-01 1.140744600000000109e+00
6.741221720388623773e-01 -3.442501165830076648e-02 7.378171966943656290e-01 1.019372299999999898e+00 6.692204685268537956e-02 9.976514345280610430e-01 -1.459639781414712179e-02 -2.898929999999999910e-02 -7.355819035366852887e-01 5.921599240431348055e-02 6.748427442248445818e-01 1.164988600000000041e+00
6.733260174409732013e-01 -3.418542982146967335e-02 7.385549611403335879e-01 1.046201099999999995e+00 6.572558256443415681e-02 9.977431572232760004e-01 -1.373826811118324803e-02 -2.975490000000000079e-02 -7.364185101106869302e-01 5.779228843064079107e-02 6.740532837723629545e-01 1.189681800000000012e+00
6.725870970811208549e-01 -3.465672973867171824e-02 7.392059983007521762e-01 1.073154799999999964e+00 6.619883674842745591e-02 9.977157130752646319e-01 -1.345622145594288846e-02 -3.049630000000000049e-02 -7.370510910738454768e-01 5.798505813170315437e-02 6.733449503637174427e-01 1.214334400000000036e+00
6.721397634982333447e-01 -3.349982781877504368e-02 7.396660732118590653e-01 1.100568400000000002e+00 6.367983956336450979e-02 9.978899305150300547e-01 -1.267140915181304631e-02 -3.112480000000000108e-02 -7.376808363769001842e-01 5.561877482308398568e-02 6.728547655545408235e-01 1.239500899999999906e+00
6.709326308868845956e-01 -3.286253313489732875e-02 7.407897533896923292e-01 1.128375499999999976e+00 6.404606949058311294e-02 9.978523469442494020e-01 -1.374025766354818739e-02 -3.173080000000000345e-02 -7.387472543394058011e-01 5.666345924677623075e-02 6.715964164527518099e-01 1.264753500000000086e+00
6.688275367772573698e-01 -3.121169224202295644e-02 7.427621128705041986e-01 1.155841899999999978e+00 6.241723668168404349e-02 9.979481323322741959e-01 -1.426932862991234924e-02 -3.252870000000000067e-02 -7.407926934125963481e-01 5.590487851623545529e-02 6.694033387611657560e-01 1.289722899999999894e+00
6.657344568552846509e-01 -3.100228609314728198e-02 7.455444260489092478e-01 1.183691499999999897e+00 6.324589291117742318e-02 9.978855432216254817e-01 -1.497997527198334511e-02 -3.328180000000000027e-02 -7.435035911046206092e-01 5.712530863181398966e-02 6.662875573866384737e-01 1.314810599999999940e+00
6.582897061604181532e-01 -3.002417158255563101e-02 7.521656811394757947e-01 1.240568600000000021e+00 5.990672023513796129e-02 9.981246075052471189e-01 -1.258780215785877676e-02 -3.514769999999999700e-02 -7.503771369344213182e-01 5.334619961419689860e-02 6.588538042333997868e-01 1.365779199999999971e+00
6.548243915947783433e-01 -2.830472548665297072e-02 7.552508581177869162e-01 1.269513700000000078e+00 5.836868319518349890e-02 9.982078587582940976e-01 -1.319725483734143084e-02 -3.598160000000000247e-02 -7.535237972317719857e-01 5.272488243995093055e-02 6.553029633513836050e-01 1.391181199999999896e+00
6.513300033999589456e-01 -2.766941664580085947e-02 7.582899379877663382e-01 1.298684100000000008e+00 5.947886721140960287e-02 9.981217869098429896e-01 -1.466843042555691576e-02 -3.674179999999999807e-02 -7.564598409871188256e-01 5.465621536827242055e-02 6.517524124200538838e-01 1.416340099999999991e+00
6.478648050730607677e-01 -2.616094112732115368e-02 7.613059828393428097e-01 1.327832899999999983e+00 5.898902917468929613e-02 9.981319958618091182e-01 -1.590010295404085255e-02 -3.772210000000000146e-02 -7.594678984556705315e-01 5.520981793353679085e-02 6.481977994555927491e-01 1.441355600000000070e+00
6.440945970766721596e-01 -2.501382269375347633e-02 7.645367608499181733e-01 1.357380500000000101e+00 5.795567620457234281e-02 9.981882390518701520e-01 -1.616722036088335743e-02 -3.858550000000000174e-02 -7.627471990196424967e-01 5.472246424250334917e-02 6.443773446474648781e-01 1.466652599999999973e+00
6.398764532184976206e-01 -2.348899014398227181e-02 7.681187355861929245e-01 1.387253800000000092e+00 5.609195918002532477e-02 9.982941821557862472e-01 -1.619932064180589285e-02 -3.937229999999999897e-02 -7.664279592576606071e-01 5.345084859874134342e-02 6.401024840228417556e-01 1.492212799999999895e+00
6.356553489038285765e-01 -2.259420076600467814e-02 7.716422613502305072e-01 1.417209699999999906e+00 5.404554563761734126e-02 9.984214531507731305e-01 -1.528662438312059987e-02 -4.038080000000000142e-02 -7.700787988294990338e-01 5.142085160753241679e-02 6.358730530642668910e-01 1.517371299999999978e+00
6.307634226526576127e-01 -2.188717238197411194e-02 7.756664594583334571e-01 1.447495699999999941e+00 5.286576390936151282e-02 9.984917234372749917e-01 -1.481516903514821376e-02 -4.114790000000000114e-02 -7.741722777585001714e-01 5.035106664592235021e-02 6.309691390534353239e-01 1.542824600000000101e+00
6.260825071707982747e-01 -2.236853885732745933e-02 7.794359131346949576e-01 1.478328000000000086e+00 5.328512874705206709e-02 9.984791278600683162e-01 -1.414659966944490505e-02 -4.207570000000000060e-02 -7.779340520051410968e-01 5.038928157044595540e-02 6.263222262012397845e-01 1.568128600000000095e+00
6.214656278604371309e-01 -2.165628712907326225e-02 7.831420551954898501e-01 1.509405099999999944e+00 5.400315597726743078e-02 9.984243844561124792e-01 -1.524492269340279801e-02 -4.294860000000000344e-02 -7.815779759771429580e-01 5.176633801241921351e-02 6.216559448089082895e-01 1.593287099999999956e+00
6.168068944219304850e-01 -2.023995793239171531e-02 7.868542425992685052e-01 1.540776300000000099e+00 5.345966931458146637e-02 9.984382027282493466e-01 -1.622402815452479025e-02 -4.382780000000000009e-02 -7.852969621425699431e-01 5.207206002913875725e-02 6.169255885550321006e-01 1.618350900000000037e+00
6.117179367200180629e-01 -2.122296378866070365e-02 7.907912187821949379e-01 1.572583899999999923e+00 5.468287130683562036e-02 9.983833703535622828e-01 -1.550578560092271893e-02 -4.486249999999999960e-02 -7.891837235274458129e-01 5.272790162226186073e-02 6.118895479658637004e-01 1.643478299999999948e+00
6.069133230613716901e-01 -2.077199260525880442e-02 7.944965340477011528e-01 1.604750899999999980e+00 5.410825326794270473e-02 9.984189281201197863e-01 -1.522960602784126719e-02 -4.585659999999999736e-02 -7.929240286552646788e-01 5.223187048802833965e-02 6.070776857095196988e-01 1.668704399999999977e+00
6.022440046953421167e-01 -1.947813815905689167e-02 7.980744081489979935e-01 1.636911400000000016e+00 5.345187087301759427e-02 9.984427555222084028e-01 -1.596751218549820328e-02 -4.676249999999999851e-02 -7.965205937756355548e-01 5.227490869505629911e-02 6.023473064704718549e-01 1.693570999999999938e+00
5.972846015798761732e-01 -1.793980855830624652e-02 8.018287023950065873e-01 1.669380199999999981e+00 5.235490467799717995e-02 9.984895717832363848e-01 -1.665950168183539387e-02 -4.760090000000000154e-02 -8.003187294270492913e-01 5.193012910652706343e-02 5.973216830312231274e-01 1.718701800000000057e+00
5.938578712745764543e-01 -1.964268816768615158e-02 8.043301520686488848e-01 1.702275200000000099e+00 5.364158538747286487e-02 9.984442284170343962e-01 -1.522179548645254468e-02 -4.866770000000000124e-02 -8.027798010926453509e-01 5.218512759647112031e-02 5.939876290087133803e-01 1.743075300000000105e+00
5.895094269459162373e-01 -2.128417908159885644e-02 8.074810333764625980e-01 1.735303000000000040e+00 5.617319512609467158e-02 9.983128836634692638e-01 -1.469552519831415771e-02 -4.957299999999999901e-02 -8.058059367435952414e-01 5.402194028680404325e-02 5.897104563058264137e-01 1.767929000000000084e+00
5.860575831562709892e-01 -2.140073991207954579e-02 8.099867391237007830e-01 1.768459900000000085e+00 5.783098394986716656e-02 9.982065307513380281e-01 -1.546930059079161188e-02 -5.045920000000000266e-02 -8.082029983366931791e-01 5.590823102722518312e-02 5.862441327493057575e-01 1.792319299999999949e+00
5.831495536491777543e-01 -2.147861695779761798e-02 8.120808254677270854e-01 1.801701699999999962e+00 5.843387022492032429e-02 9.981700025616491168e-01 -1.556048831542436450e-02 -5.146950000000000136e-02 -8.102605018691840799e-01 5.652711738323029644e-02 5.833374701757469971e-01 1.816453000000000095e+00
5.799987749923448677e-01 -2.091682568640254591e-02 8.143487627611305513e-01 1.835918299999999892e+00 5.796710319167905356e-02 9.981958725583820469e-01 -1.564656367946863635e-02 -5.236960000000000226e-02 -8.125522973661107873e-01 5.628042653192213973e-02 5.801648710792823849e-01 1.840827599999999897e+00
5.761649933793663303e-01 -1.904731096077898200e-02 8.171114369223565488e-01 1.869920100000000085e+00 5.644866876458129457e-02 9.982686027391035610e-01 -1.653313581945208693e-02 -5.332800000000000040e-02 -8.153817806395121659e-01 5.565066693653594049e-02 5.762426182352857751e-01 1.865340800000000021e+00
5.727253310470661329e-01 -1.745655248616753349e-02 8.195614461114713034e-01 1.904187599999999980e+00 5.529209547777175215e-02 9.983190319358694609e-01 -1.737511589329632233e-02 -5.439059999999999728e-02 -8.178804798714207624e-01 5.526643873026544640e-02 5.727278074228352445e-01 1.889377000000000084e+00
5.690199716645234496e-01 -1.803723556702732309e-02 8.221258601820067291e-01 1.938742600000000094e+00 5.583929722554374642e-02 9.982993302115784617e-01 -1.674575123639357108e-02 -5.547040000000000304e-02 -8.204256485095173801e-01 5.543559715754271811e-02 5.690594431476595494e-01 1.913217699999999910e+00
5.645086905628786678e-01 -1.655495834203348296e-02 8.252610930083142948e-01 1.973022800000000077e+00 5.479365933128600707e-02 9.983451407582980552e-01 -1.745379103178249305e-02 -5.639990000000000281e-02 -8.236064552782905723e-01 5.507189191037197007e-02 5.644816148869165051e-01 1.937033100000000063e+00
5.612965720384448520e-01 -1.560901441039836204e-02 8.274675322252993404e-01 2.007915699999999859e+00 5.375927578784568672e-02 9.983982227478181981e-01 -1.763318124345161081e-02 -5.768460000000000254e-02 -8.258668769751316141e-01 5.438149945646995193e-02 5.612366292680911473e-01 1.959706900000000029e+00
5.582104212324477954e-01 -1.531655981961996260e-02 8.295580321006995606e-01 2.042832600000000109e+00 5.316920104810056447e-02 9.984349036672461875e-01 -1.734298702310752699e-02 -5.875550000000000217e-02 -8.279940589686619612e-01 5.378797388142648322e-02 5.581511373976865142e-01 1.981900599999999901e+00
5.549187054972100075e-01 -1.548281773398726274e-02 8.317604899514746686e-01 2.079159499999999827e+00 5.222294686806274594e-02 9.985031573186550213e-01 -1.625449615007341225e-02 -6.026789999999999925e-02 -8.302638099482094747e-01 5.245690783579780997e-02 5.548966378620348028e-01 2.005570399999999864e+00
5.516572888859994084e-01 -1.633173373062942607e-02 8.339109725218281088e-01 2.115243200000000101e+00 5.371249063008570052e-02 9.984285900103887501e-01 -1.597870458391348336e-02 -6.108759999999999885e-02 -8.323395965405360197e-01 5.360620414857633631e-02 5.516676272063815167e-01 2.028500300000000145e+00
5.483913422601058851e-01 -1.625820595076154368e-02 8.360637574212996803e-01 2.151166700000000098e+00 5.477564976027893967e-02 9.983621135348758058e-01 -1.651418939927065677e-02 -6.203890000000000099e-02 -8.344258888166753430e-01 5.485217404477557568e-02 5.483836932979161416e-01 2.052110400000000112e+00
5.447634876581909369e-01 -1.530276301155248861e-02 8.384500986693819158e-01 2.188219999999999832e+00 5.555026815836995591e-02 9.982959215009936660e-01 -1.787234797151736679e-02 -6.268279999999999685e-02 -8.367478175782816496e-01 5.631233043210051581e-02 5.446852405006847864e-01 2.076727200000000106e+00
5.420556203161339681e-01 -1.391056894765553206e-02 8.402274695314618791e-01 2.224880000000000191e+00 5.530444611405255229e-02 9.982858558055914822e-01 -1.915119679068935654e-02 -6.389670000000000072e-02 -8.385207944491949172e-01 5.684932866842294652e-02 5.418957751323040251e-01 2.099993899999999858e+00
5.389047932123384177e-01 -1.447029759605374111e-02 8.422423845546175292e-01 2.261770499999999906e+00 5.709936769822471225e-02 9.981802796578375103e-01 -1.938534267595651631e-02 -6.526329999999999631e-02 -8.404292272768895122e-01 5.853836169285035751e-02 5.387503820407808508e-01 2.123691099999999832e+00
5.359298422328199196e-01 -1.301934098885312863e-02 8.441621295488922483e-01 2.298173199999999916e+00 5.612343309051420759e-02 9.982187552751001780e-01 -2.023553496115354511e-02 -6.638109999999999844e-02 -8.423950168789219317e-01 5.822210385451097314e-02 5.357059101412968705e-01 2.147150299999999845e+00
5.326378199146726278e-01 -1.309435248555371190e-02 8.462419811906808365e-01 2.335457799999999917e+00 5.634493997356557204e-02 9.982106521354175976e-01 -2.001853398127539929e-02 -6.762809999999999655e-02 -8.444656301685226074e-01 5.834408193097444240e-02 5.324225460738037929e-01 2.170857700000000001e+00
5.293601245652765908e-01 -1.299026138023199814e-02 8.482977729721491444e-01 2.372314900000000115e+00 5.625419667920361633e-02 9.982197708642831513e-01 -1.981803248649151653e-02 -6.885310000000000041e-02 -8.465301671388988369e-01 5.821118590899355960e-02 5.291484989668365779e-01 2.193911299999999898e+00
5.262746828894148132e-01 -1.405191420498037858e-02 8.501985073245079683e-01 2.409359900000000110e+00 5.869998686140878719e-02 9.980785093925278462e-01 -1.983937073750257837e-02 -6.991260000000000530e-02 -8.482860777427130294e-01 6.034759975314268887e-02 5.260882982085024473e-01 2.216687199999999969e+00
5.230018630833924709e-01 -1.571966898690054654e-02 8.521865659691210126e-01 2.446930899999999909e+00 6.083287321300818312e-02 9.979685319676723232e-01 -1.892539930725522027e-02 -7.141840000000000688e-02 -8.501578751902205688e-01 6.173897641871999020e-02 5.228956741481213255e-01 2.240407499999999885e+00
5.200158945635169339e-01 -1.663949400217371727e-02 8.539944945025447209e-01 2.484716399999999936e+00 6.199764611682711396e-02 9.979083640349335482e-01 -1.830816389197385471e-02 -7.244549999999999601e-02 -8.519036103206031330e-01 6.246618467998768520e-02 5.199598200767514555e-01 2.263979899999999823e+00
5.176829449867940136e-01 -1.700999213910913202e-02 8.554034303398763139e-01 2.522505300000000172e+00 6.175849858399350134e-02 9.979371412648992967e-01 -1.753139859484199176e-02 -7.366630000000000400e-02 -8.533406449492788592e-01 6.190413759570357471e-02 5.176655497771522896e-01 2.286859800000000220e+00
5.156967951427117169e-01 -1.552485611824310982e-02 8.566304887885113351e-01 2.560539499999999968e+00 6.060365246090623770e-02 9.979923587426731135e-01 -1.839698887408704880e-02 -7.477010000000000600e-02 -8.546250714716562280e-01 6.140220463259799671e-02 5.156023239652075540e-01 2.309634700000000151e+00
5.129748619394572939e-01 -1.342513099129998347e-02 8.582986408448173288e-01 2.599048600000000153e+00 6.032161849717274094e-02 9.979696461309520705e-01 -2.044230278476550852e-02 -7.600940000000000474e-02 -8.562815502859301153e-01 6.226035061842263851e-02 5.127431670737259140e-01 2.332876900000000031e+00
5.099984342369615620e-01 -1.135933835197419986e-02 8.601003211882046751e-01 2.637852899999999945e+00 5.976687603940829263e-02 9.979641608652909390e-01 -2.225879953918855764e-02 -7.726829999999999810e-02 -8.580964500592794808e-01 6.275746219089126110e-02 5.096390716330737591e-01 2.356179000000000023e+00
5.071370429476119712e-01 -9.324863435807823064e-03 8.618149839682848201e-01 2.676643599999999790e+00 5.839562910548104502e-02 9.980153632887071025e-01 -2.356448898417061108e-02 -7.865320000000000644e-02 -8.598848586710471364e-01 6.227665342336193011e-02 5.066750914211783918e-01 2.379156800000000072e+00
5.042916476855275887e-01 -7.551741017830612690e-03 8.635003794337414718e-01 2.715820299999999854e+00 5.687694933789883001e-02 9.980808357700529099e-01 -2.448791339756725347e-02 -8.014580000000000315e-02 -8.616582540129409384e-01 6.146231752994901765e-02 5.037533491851124978e-01 2.402028599999999958e+00
5.005647337241410089e-01 -7.312949865558193707e-03 8.656682205764191229e-01 2.755045400000000200e+00 5.693525542005606344e-02 9.980774410553140408e-01 -2.449078085176471797e-02 -8.160209999999999686e-02 -8.638248225432821892e-01 6.154626244330374529e-02 5.000187331863950035e-01 2.425298499999999802e+00
4.974318320148822248e-01 -8.196067904654765618e-03 8.674643491056103217e-01 2.794864200000000132e+00 5.706434533802955122e-02 9.980987600409858551e-01 -2.329218100111041245e-02 -8.321549999999999780e-02 -8.656241869249380327e-01 6.108755745279616234e-02 4.969537979882950873e-01 2.448323199999999922e+00
4.940561545116003428e-01 -8.847381783095322610e-03 8.693849780303279928e-01 2.833981999999999779e+00 5.699968161315588366e-02 9.981265794528241253e-01 -2.223438071555096027e-02 -8.461499999999999577e-02 -8.675595382941787559e-01 6.053969958126120821e-02 4.936348775050261040e-01 2.470835699999999857e+00
4.900159178374769442e-01 -9.237837909425467703e-03 8.716645355964953712e-01 2.873187499999999783e+00 5.715553579443442833e-02 9.981326240594640131e-01 -2.155248283191393832e-02 -8.621990000000000209e-02 -8.698377118715570067e-01 6.038151322158133438e-02 4.896288674773229266e-01 2.493547400000000192e+00
4.867218547566192210e-01 -8.292930310954817891e-03 8.735176377206897991e-01 2.913069999999999826e+00 5.603571496618717229e-02 9.981919115964466016e-01 -2.174640824734184325e-02 -8.764260000000000106e-02 -8.717578991615188011e-01 5.953263752169458273e-02 4.863065188944168948e-01 2.516049600000000108e+00
4.834848134194476010e-01 -7.430452673843696704e-03 8.753212116507994578e-01 2.953016299999999816e+00 5.563899636647162694e-02 9.982028112662916230e-01 -2.225869860086253371e-02 -8.917809999999999626e-02 -8.735827020243095431e-01 5.946373645453210954e-02 4.830293228891723301e-01 2.538489799999999796e+00
4.801751984131916728e-01 -6.858193187591902357e-03 8.771457940474054471e-01 2.993040999999999840e+00 5.582306023299814235e-02 9.981813526285376881e-01 -2.275463053722905776e-02 -9.067669999999999897e-02 -8.753945195025354398e-01 5.989117172726213939e-02 4.796847743821566201e-01 2.560877800000000093e+00
4.774320823797874591e-01 -6.859539440063920634e-03 8.786418800815096741e-01 3.033032899999999810e+00 5.682766506770176723e-02 9.981170432493676747e-01 -2.308645616141488319e-02 -9.212430000000000618e-02 -8.768290729654513171e-01 6.095338131564179140e-02 4.769229100271206168e-01 2.583047399999999882e+00
4.752033956088542732e-01 -8.164579365911521502e-03 8.798380944501051903e-01 3.073163699999999832e+00 5.810199677505913790e-02 9.980655743117790024e-01 -2.211938842847393019e-02 -9.375809999999999700e-02 -8.779555175363757957e-01 6.163155861631620935e-02 4.747585283172465198e-01 2.604697499999999888e+00
4.726021236042060036e-01 -9.520784403015816050e-03 8.812244818598413687e-01 3.113259300000000174e+00 5.946648313096995764e-02 9.980070780996738167e-01 -2.110946344618010520e-02 -9.503839999999999510e-02 -8.792672916405048777e-01 6.237969803792609014e-02 4.722264320470300758e-01 2.626357800000000076e+00
4.677695671436494229e-01 -8.938780482000089483e-03 8.838052558441465978e-01 3.193222800000000028e+00 6.050384093888337700e-02 9.979270376461578662e-01 -2.192972335452582008e-02 -9.781510000000000205e-02 -8.817771358375569024e-01 6.373166982166988959e-02 4.673407289931581499e-01 2.668887600000000138e+00
4.652083305614236886e-01 -8.557184634128092715e-03 8.851598633960932050e-01 3.233423000000000158e+00 6.007071137389326243e-02 9.979533424176340040e-01 -2.192341197229515093e-02 -9.937300000000000300e-02 -8.831606415660105958e-01 6.337113655766327125e-02 4.647702445726301645e-01 2.690264700000000175e+00
4.627981287625953510e-01 -7.299072155393489941e-03 8.864336498348369675e-01 3.275079499999999921e+00 6.051037397279346308e-02 9.978938339831318061e-01 -2.337500246242819879e-02 -1.006066999999999934e-01 -8.843960575757406906e-01 6.445633905300707234e-02 4.622650686569026446e-01 2.711936000000000124e+00
4.580480120841141645e-01 -4.182311934356083144e-03 8.889176153573935535e-01 3.359348100000000059e+00 5.832819881970699449e-02 9.979752869263847082e-01 -2.536036093293694144e-02 -1.035493999999999998e-01 -8.870117473000230790e-01 6.346522631397327752e-02 4.573645430077371010e-01 2.754889499999999991e+00
4.520996839916427978e-01 -5.659152146675783257e-03 8.919494659069187037e-01 3.439459799999999845e+00 6.118178574328317354e-02 9.978214667546825289e-01 -2.468014539659587475e-02 -1.063008000000000008e-01 -8.898666556444958520e-01 6.572894705162174445e-02 4.514610068339960369e-01 2.796909299999999821e+00
4.493435186225762656e-01 -6.491275444532863120e-03 8.933354720456283538e-01 3.480736999999999970e+00 6.128640376902723397e-02 9.978417426436253512e-01 -2.357611823419279370e-02 -1.076553999999999983e-01 -8.912543851140044548e-01 6.534309436379698299e-02 4.487715465958393990e-01 2.818001300000000153e+00
4.438935774205059470e-01 -5.139422362765988517e-03 8.960647734748878879e-01 3.562496900000000188e+00 5.927384769254218089e-02 9.979618204397712189e-01 -2.363928772740618925e-02 -1.110073000000000032e-01 -8.941169402849642456e-01 6.360653490259382536e-02 4.432934759424488336e-01 2.858782999999999852e+00
4.373074535399978369e-01 -4.442628728308136571e-03 8.993010920311089729e-01 3.645415100000000130e+00 5.711646305081841124e-02 9.981061473301185982e-01 -2.284356168359284733e-02 -1.140233999999999970e-01 -8.974964627935461126e-01 6.135455738419133553e-02 4.367330048911609586e-01 2.899681800000000198e+00
4.339116383126190857e-01 -3.686735709879866707e-03 9.009478886798414354e-01 3.686814500000000105e+00 5.622218764580810824e-02 9.981534879942793870e-01 -2.299304288635037677e-02 -1.156379000000000018e-01 -8.991995083145776224e-01 6.063021016506130179e-02 4.333176916099342746e-01 2.919867800000000013e+00
4.303220086009703071e-01 -3.826654709820541400e-03 9.026673394043666088e-01 3.728838899999999956e+00 5.657754181732134457e-02 9.981391964123956795e-01 -2.274041220220958393e-02 -1.170846999999999999e-01 -9.009006330753327463e-01 6.085639899754960447e-02 4.297377665804058555e-01 2.939985800000000093e+00
4.263780916989529102e-01 -3.654397612789038463e-03 9.045376544385793638e-01 3.770212400000000130e+00 5.578316924171041608e-02 9.981946885657698720e-01 -2.226211464430982723e-02 -1.186264999999999958e-01 -9.028233276497178439e-01 5.995005502227118699e-02 4.258122003352142748e-01 2.959960199999999819e+00
4.189408003519099477e-01 -2.340743305563792315e-03 9.080105322744216334e-01 3.853689399999999932e+00 5.512735027370528618e-02 9.982175739469942854e-01 -2.286154664884427687e-02 -1.216865000000000030e-01 -9.063385576330189597e-01 5.963384931525496369e-02 4.183231083308023290e-01 2.998898000000000064e+00
4.113827553238813550e-01 -2.385160827433983194e-03 9.114595655485540071e-01 3.937883100000000081e+00 5.544183050277783076e-02 9.982103689376293776e-01 -2.241121986646783804e-02 -1.247449999999999948e-01 -9.097749348342329956e-01 5.975257612211530567e-02 4.107787696487466000e-01 3.037765700000000013e+00
4.079533647048967926e-01 -7.317648164232685992e-04 9.130024735706948613e-01 3.980328999999999784e+00 5.419997914837711150e-02 9.982554610428299169e-01 -2.341787262930854555e-02 -1.262886000000000009e-01 -9.113925688122924695e-01 5.903811496330550745e-02 4.072813358052521648e-01 3.057063600000000214e+00
4.042003828958891654e-01 -1.084403745654761303e-03 9.146698172211286115e-01 4.022395600000000293e+00 5.521516778866236708e-02 9.982045251968646449e-01 -2.321661307279281744e-02 -1.278616999999999948e-01 -9.130023744289420540e-01 5.988781132265832280e-02 4.035345268277489295e-01 3.075916100000000153e+00
4.004932345376389646e-01 -5.535814835258001665e-04 9.162995485304578080e-01 4.065104500000000343e+00 5.526935260785661996e-02 9.981936249296751162e-01 -2.355389165431835338e-02 -1.291847000000000134e-01 -9.146313288707575984e-01 6.007645709673675727e-02 3.998003896331465690e-01 3.094808599999999910e+00
3.964280760729664288e-01 -3.218843964625829612e-04 9.180657258015472166e-01 4.107087100000000213e+00 5.695538973340096012e-02 9.980823208936301372e-01 -2.424385076469848591e-02 -1.305646000000000029e-01 -9.162973666236320369e-01 6.189973432915428508e-02 3.956861872855524931e-01 3.113494199999999879e+00
3.900307946773680090e-01 -4.009373435898584692e-04 9.208017259174675617e-01 4.192819599999999980e+00 6.048928946757953229e-02 9.978510110608131978e-01 -2.518740924787860047e-02 -1.337982000000000060e-01 -9.188128346203311425e-01 6.552250738608271508e-02 3.892168752286988553e-01 3.150208000000000119e+00
3.870903370446927005e-01 1.646143576470998626e-04 9.220417798932647457e-01 4.235567099999999918e+00 6.232221744892507687e-02 9.977083903665688869e-01 -2.634215261513203968e-02 -1.353752000000000011e-01 -9.199331563645671839e-01 6.766048103777615175e-02 3.861930179675204799e-01 3.168267300000000120e+00
3.842429696486003299e-01 1.519495818721537661e-03 9.232307573992981631e-01 4.277928799999999754e+00 6.357473767374566265e-02 9.975813604665560996e-01 -2.810128074322102917e-02 -1.369984999999999953e-01 -9.210404947695509659e-01 6.949187277769817983e-02 3.832170228636887499e-01 3.186348199999999853e+00
3.780677576386555216e-01 2.189610762988507264e-03 9.257753378864580496e-01 4.365635900000000014e+00 6.506881103728323623e-02 9.974612739335989575e-01 -2.893193448347541538e-02 -1.400875000000000037e-01 -9.234883975796736033e-01 7.117733211822700745e-02 3.769654717984903813e-01 3.222708900000000209e+00
3.709250602147906584e-01 3.112534850202214320e-03 9.286575858902246239e-01 4.453489799999999832e+00 6.542250063474729094e-02 9.974222642419661167e-01 -2.947411076056408522e-02 -1.437234000000000012e-01 -9.263554912210270054e-01 7.168778781100576536e-02 3.697652836103111351e-01 3.258860600000000218e+00
3.654576485766433125e-01 5.202776893498281541e-03 9.308134282494140432e-01 4.542213000000000278e+00 6.287376659631326026e-02 9.975625955972113879e-01 -3.026148276847705210e-02 -1.470979000000000037e-01 -9.287021032445350599e-01 6.958303656747807930e-02 3.642397623149152830e-01 3.293060800000000121e+00
3.620304911303903195e-01 4.812134137137793338e-03 9.321538321848676922e-01 4.586055299999999946e+00 6.350044244876439092e-02 9.975364344805371930e-01 -2.981200584777994253e-02 -1.487902000000000113e-01 -9.300008695160986161e-01 6.998503589270421710e-02 3.608330326486162143e-01 3.310844200000000015e+00
3.595731054035652408e-01 3.313535720624236763e-03 9.331110343102071436e-01 4.630934199999999556e+00 6.515915890544178579e-02 9.974634836811233640e-01 -2.865105117535455409e-02 -1.506206999999999963e-01 -9.308391192258584912e-01 7.110287760523864575e-02 3.584451351533209928e-01 3.328375100000000142e+00
3.571160513189773345e-01 2.600521229149083124e-03 9.340564025687517757e-01 4.675787900000000441e+00 6.588225587326987376e-02 9.974354378391715459e-01 -2.796561645358704162e-02 -1.521605000000000041e-01 -9.317336820419183097e-01 7.152471343470651055e-02 3.560288768017175753e-01 3.346026900000000026e+00
3.523313325179465716e-01 2.290116639138299603e-03 9.358725273732034777e-01 4.765987899999999833e+00 6.569402777805177784e-02 9.974697625991811867e-01 -2.717291693266755959e-02 -1.547425000000000050e-01 -9.335667768512464493e-01 7.105510584125697415e-02 3.512894036168228151e-01 3.380634800000000162e+00
3.500136176746990180e-01 1.141188900171015430e-03 9.367439165162290138e-01 4.811447099999999644e+00 6.744744246690845269e-02 9.973730489121158671e-01 -2.641673349267837506e-02 -1.563047999999999937e-01 -9.343132825487083792e-01 7.242719787237558715e-02 3.490171787482860832e-01 3.397259500000000099e+00
3.473858158458768552e-01 1.183674829474103130e-03 9.377215438833601535e-01 4.856874499999999983e+00 6.741166716935556580e-02 9.973803400016130194e-01 -2.623212739590127102e-02 -1.575970999999999900e-01 -9.352960825741454265e-01 7.232604159059746740e-02 3.463959896264571237e-01 3.414466399999999791e+00
