1.000000000000000000e+00 0.000000000000000000e+00 0.000000000000000000e+00 0.000000000000000000e+00 0.000000000000000000e+00 1.000000000000000000e+00 0.000000000000000000e+00 0.000000000000000000e+00 0.000000000000000000e+00 0.000000000000000000e+00 1.000000000000000000e+00 0.000000000000000000e+00
9.999849094920221226e-01 2.387768325020373644e-03 4.947661130100799824e-03 6.000000000000000152e-05 -2.391413126965190317e-03 9.999968734690531935e-01 7.308867043272400128e-04 -5.077000000000000349e-04 -4.945900472963391144e-03 -7.427075766498960219e-04 9.999874931487728880e-01 6.041219999999999923e-02
9.999425464957405474e-01 3.896794995224267446e-03 9.985924913547690809e-03 -1.116000000000000021e-04 -3.895093312552325247e-03 9.999923960734198314e-01 -1.898510659290410035e-04 -1.045099999999999979e-03 -9.986588791991364220e-03 1.509440489696066868e-04 9.999501213861587967e-01 1.212074000000000068e-01
9.998869405319534831e-01 2.814445047116709460e-03 1.477108840696696353e-02 5.592999999999999881e-04 -2.788194601811626490e-03 9.999944975694587956e-01 -1.797443091781024101e-03 -1.593400000000000025e-03 -1.477606593488612306e-02 1.756055204862035828e-03 9.998892859440016156e-01 1.820187000000000055e-01
9.998099255445909161e-01 3.510632367616839822e-03 1.917780599805317399e-02 1.575999999999999927e-03 -3.443827048442659172e-03 9.999878909846385833e-01 -3.515386089029805781e-03 -2.193200000000000184e-03 -1.918991500189456273e-02 3.448672856907499668e-03 9.998099088415487445e-01 2.432603999999999878e-01
9.996912426293003140e-01 4.596401644179078962e-03 2.441910117532865646e-02 2.398299999999999911e-03 -4.500079027787761386e-03 9.999818822807693408e-01 -3.998049393564706046e-03 -2.884199999999999958e-03 -2.443703539771578323e-02 3.886927081269497299e-03 9.996938146746912057e-01 3.049220000000000264e-01
9.995392407055831985e-01 6.601180391819209785e-03 2.962652033467464904e-02 3.565299999999999980e-03 -6.476083561516176972e-03 9.999697139251991773e-01 -4.316430708287761348e-03 -3.364699999999999983e-03 -2.965411660141789932e-02 4.122578051395899695e-03 9.995517183811949424e-01 3.673785999999999996e-01
9.993530789962289385e-01 8.730857294714016933e-03 3.488833088091917306e-02 5.484100000000000433e-03 -8.607110457130673006e-03 9.999561292796538270e-01 -3.695560259421699911e-03 -4.240700000000000025e-03 -3.491906571396077158e-02 3.392881806312183189e-03 9.993843841098941638e-01 4.295281000000000238e-01
9.991150345207543415e-01 9.554324798055003481e-03 4.096172203710485987e-02 7.181800000000000336e-03 -9.418249298020025390e-03 9.999494739371627139e-01 -3.513709286762037136e-03 -4.801099999999999986e-03 -4.099322352233495531e-02 3.124812065517493589e-03 9.991545381845607920e-01 4.922054000000000151e-01
9.988751028967591816e-01 9.396899454440469854e-03 4.647824322876289993e-02 9.771300000000000124e-03 -9.271031722953728890e-03 9.999527511065305907e-01 -2.922930938805518800e-03 -5.749200000000000317e-03 -4.650351367134415714e-02 2.488741674858462993e-03 9.989150261063726166e-01 5.549859000000000320e-01
9.985827683001717858e-01 8.544401967729486902e-03 5.253044877953373659e-02 1.243059999999999998e-02 -8.319982054942189759e-03 9.999553106616700937e-01 -4.489385050125058001e-03 -6.401399999999999799e-03 -5.256646033899178838e-02 4.045970160135505846e-03 9.986092315680306086e-01 6.182503000000000304e-01
9.982532638552562565e-01 8.922545792249068908e-03 5.840213505440963737e-02 1.557309999999999944e-02 -8.600931175558414188e-03 9.999464450221882128e-01 -5.755959555217441195e-03 -7.084899999999999878e-03 -5.845036514207239964e-02 5.243592668506014479e-03 9.982765446261298026e-01 6.815807999999999867e-01
9.978856907062707560e-01 7.909290970371778834e-03 6.451039761166296738e-02 1.920720000000000066e-02 -7.571667629791918076e-03 9.999563383135935402e-01 -5.476432759928313680e-03 -8.034400000000000569e-03 -6.455089567909044757e-02 4.976402597866279483e-03 9.979020078565886687e-01 7.455452999999999664e-01
9.974645359110184684e-01 8.308531774937994926e-03 7.067862406386654639e-02 2.289920000000000150e-02 -7.945102592539632705e-03 9.999537398731168647e-01 -5.421573439582568106e-03 -9.120700000000000682e-03 -7.072039977694236090e-02 4.846278315533770857e-03 9.974844052123711391e-01 8.098128999999999467e-01
9.970139313136263670e-01 9.037686208377209221e-03 7.669120545764392116e-02 2.678389999999999938e-02 -8.586265758102068144e-03 9.999438301253349426e-01 -6.213906549557411674e-03 -1.004269999999999989e-02 -7.674305705976854075e-02 5.536860326421188042e-03 9.970355291416885812e-01 8.737523000000000373e-01
9.965434327416312632e-01 1.023806051961810050e-02 8.244009204460177320e-02 3.137149999999999661e-02 -9.673792642395031768e-03 9.999269893016025090e-01 -7.241118846195363293e-03 -1.086550000000000016e-02 -8.250820804888274462e-02 6.418581076018210416e-03 9.965697152841505035e-01 9.382911999999999919e-01
9.961978357831754449e-01 8.899511071634733442e-03 8.666412570148858407e-02 3.673200000000000076e-02 -8.382362473372420228e-03 9.999448360547454895e-01 -6.329363855338037553e-03 -1.178640000000000070e-02 -8.671567321010982543e-02 5.578848459504220231e-03 9.962174805079377915e-01 1.002836199999999955e+00
9.957883658203270372e-01 6.705357930187018020e-03 9.143614532508854975e-02 4.200020000000000142e-02 -6.216168626959712659e-03 9.999648091158903629e-01 -5.633806654664846522e-03 -1.268990000000000049e-02 -9.147070429642396860e-02 5.041696624056445433e-03 9.957950047829458029e-01 1.067837399999999937e+00
9.954686050124942343e-01 5.314657285117443085e-03 9.494214476417026094e-02 4.801140000000000269e-02 -4.745481696097860087e-03 9.999693970758546380e-01 -6.219752022704225052e-03 -1.371529999999999971e-02 -9.497229510731491908e-02 5.741021659398370773e-03 9.954633613711534323e-01 1.132418200000000041e+00
9.951353140691848731e-01 4.540778168972773796e-03 9.841284482243614629e-02 5.407680000000000126e-02 -3.892101124547707892e-03 9.999694250539541418e-01 -6.782367293250629592e-03 -1.463290000000000077e-02 -9.844063308035463922e-02 6.366340462498190633e-03 9.951225610284667455e-01 1.197324899999999914e+00
9.947403274810008300e-01 5.579001621820915170e-03 1.022768577142209867e-01 6.043239999999999723e-02 -4.938290218940059352e-03 9.999665729635395239e-01 -6.516613021177696842e-03 -1.573739999999999861e-02 -1.023097950965830283e-01 5.977264964679194527e-03 9.947346269889458803e-01 1.262888199999999905e+00
9.942808696725091711e-01 7.328188205933543024e-03 1.065450602369583943e-01 6.690659999999999663e-02 -6.519470351731791562e-03 9.999472511972657962e-01 -7.936707715728671952e-03 -1.647619999999999987e-02 -1.065976018004700099e-01 7.196699288592889147e-03 9.942761984527930252e-01 1.328748199999999935e+00
9.937669356867203652e-01 8.077751557317040809e-03 1.111846548117328970e-01 7.356949999999999601e-02 -7.117573041443916310e-03 9.999338965158131032e-01 -9.030102585403048873e-03 -1.742530000000000120e-02 -1.112502480438836983e-01 8.182452473522479688e-03 9.937587382165214978e-01 1.395042300000000068e+00
9.932585397707474062e-01 9.007188243770824013e-03 1.155696488375030917e-01 8.041729999999999712e-02 -7.997917031551613973e-03 9.999257512567036876e-01 -9.193764020954172528e-03 -1.829259999999999914e-02 -1.156438778995192707e-01 8.207468163681872625e-03 9.932568303166624535e-01 1.462475699999999934e+00
9.926845020142491816e-01 9.584790045167780256e-03 1.203561849699147229e-01 8.838119999999999310e-02 -8.455926015695202844e-03 9.999153727499141553e-01 -9.886589584750650125e-03 -1.957779999999999937e-02 -1.204407604423824857e-01 8.796541262920535773e-03 9.926815421301387055e-01 1.524019599999999919e+00
9.922247373411858806e-01 9.074815503839359088e-03 1.241278306093599598e-01 9.725509999999999711e-02 -7.707412017246235113e-03 9.999042616920839066e-01 -1.149187756656372926e-02 -1.881439999999999849e-02 -1.242202334896014143e-01 1.044582086672747774e-02 9.921996867658289254e-01 1.586115200000000058e+00
9.916446165141826752e-01 1.159700666883967633e-02 1.284774843105301323e-01 1.065950999999999982e-01 -1.042821439954849487e-02 9.998979313658087342e-01 -9.766227255879552510e-03 -2.305750000000000161e-02 -1.285776297917980426e-01 8.344835930042201338e-03 9.916643367745076043e-01 1.647113700000000014e+00
9.912869067578464755e-01 1.147743633882431120e-02 1.312194228974840615e-01 1.185533000000000003e-01 -1.035904317429728848e-02 9.999039972295504786e-01 -9.202529482707687281e-03 -2.426559999999999828e-02 -1.313124469156430330e-01 7.763039318159776526e-03 9.913106357270515812e-01 1.709515799999999919e+00
9.907117950464561229e-01 1.109011701230059634e-02 1.355254531830910325e-01 1.272722000000000020e-01 -9.975418583495833033e-03 9.999106244047543113e-01 -8.901360939679602013e-03 -2.569679999999999881e-02 -1.356120576494315999e-01 7.466760150687087177e-03 9.907338781493945090e-01 1.775074700000000005e+00
9.901523619219079198e-01 9.792439648096836619e-03 1.396510232909355942e-01 1.358737999999999890e-01 -8.518921371831404687e-03 9.999165280705115677e-01 -9.714158227777054677e-03 -2.671219999999999845e-02 -1.397344916587440200e-01 8.428820626405309629e-03 9.901531330171713385e-01 1.841300099999999995e+00
9.896213982244981278e-01 9.428596750726723000e-03 1.433896430691612711e-01 1.456127999999999867e-01 -7.955092726727610794e-03 9.999095355630541748e-01 -1.084606794125737156e-02 -2.790139999999999981e-02 -1.434789346067862625e-01 9.592823014597472858e-03 9.896068780433532330e-01 1.907107700000000072e+00
9.890951728000978438e-01 1.005940272737448730e-02 1.469338203420610667e-01 1.551336000000000104e-01 -8.286044068007787991e-03 9.998853210997503682e-01 -1.267620301793774377e-02 -2.890989999999999879e-02 -1.470444851643461781e-01 1.132047110404119615e-02 9.890650971077358244e-01 1.972964900000000021e+00
9.885405461105234437e-01 8.601092151581149828e-03 1.507103510357138687e-01 1.648609000000000047e-01 -6.706162596687310559e-03 9.998920029962230505e-01 -1.307706876283034822e-02 -3.061399999999999885e-02 -1.508065518428655383e-01 1.191652457728386086e-02 9.884914670159090644e-01 2.039674000000000209e+00
9.880252004244486352e-01 9.633911896572885589e-03 1.539915292079315767e-01 1.748386000000000107e-01 -7.530070389659714904e-03 9.998702588960813875e-01 -1.423950192282187957e-02 -3.187140000000000112e-02 -1.541087322839135854e-01 1.290941968689334265e-02 9.879695569789550547e-01 2.105948199999999826e+00
9.873939154040594079e-01 9.172257175337185375e-03 1.580162191718011144e-01 1.849947999999999870e-01 -7.002144559657522659e-03 9.998734499997530278e-01 -1.428474561051085688e-02 -3.339659999999999851e-02 -1.581272455796497722e-01 1.299821848950178695e-02 9.873331861745011651e-01 2.173554399999999998e+00
9.861565059683405909e-01 7.433757590724104219e-03 1.656504904441778447e-01 2.070462000000000136e-01 -5.077997963376566781e-03 9.998799313259006949e-01 -1.464024823546221203e-02 -3.621329999999999688e-02 -1.657394330658767956e-01 1.359640319328471285e-02 9.860758480701204975e-01 2.307010700000000192e+00
9.856098324256233889e-01 4.968248249804902220e-03 1.689632348626851355e-01 2.183074000000000126e-01 -2.649617602937260827e-03 9.998992477102321974e-01 -1.394539189374264035e-02 -3.790389999999999732e-02 -1.690154955987550889e-01 1.329702740615993847e-02 9.855236939362072013e-01 2.374411299999999780e+00
9.850666449744586162e-01 3.905628697565974132e-03 1.721291695885408812e-01 2.295792000000000110e-01 -1.623490881449568936e-03 9.999089372664748954e-01 -1.339706878338419761e-02 -3.936909999999999715e-02 -1.721658190121423682e-01 1.291755546168184103e-02 9.849832828656396311e-01 2.440834300000000123e+00
9.845618371784597977e-01 4.423692180325928570e-03 1.749811981878903189e-01 2.414565999999999935e-01 -2.194879521760370426e-03 9.999140091235195760e-01 -1.292891574784552078e-02 -4.077519999999999756e-02 -1.750233449447843870e-01 1.234525439282861334e-02 9.844868833145088427e-01 2.507975800000000088e+00
9.840771721456960108e-01 5.679176368188021927e-03 1.776509673981801485e-01 2.531204000000000232e-01 -3.266392712371875805e-03 9.998984562539385834e-01 -1.387111601995177391e-02 -4.223690000000000083e-02 -1.777117045677600315e-01 1.306997080216377484e-02 9.839957956835241326e-01 2.574870100000000050e+00
9.835830843824052705e-01 6.507669574552460076e-03 1.803384771852716284e-01 2.654751000000000194e-01 -3.642492235511818593e-03 9.998619034816645934e-01 -1.621438300820293374e-02 -4.375459999999999766e-02 -1.804190909164230527e-01 1.529131134765452683e-02 9.834709591188550704e-01 2.642173999999999801e+00
9.829368052680100831e-01 7.149285083413300587e-03 1.838045825661427657e-01 2.777472999999999748e-01 -3.843075470422667450e-03 9.998244667007019082e-01 -1.833757229257859667e-02 -4.535109999999999836e-02 -1.839034192733961792e-01 1.731829984302716424e-02 9.827917423697150046e-01 2.710441400000000112e+00
9.823157971002660638e-01 8.739938964656820616e-03 1.870275066244620199e-01 2.904282999999999726e-01 -5.143227847211047192e-03 9.997925585308822249e-01 -1.970753951116676478e-02 -4.728210000000000052e-02 -1.871609520561935691e-01 1.839710230353138604e-02 9.821569755656438527e-01 2.778657700000000119e+00
9.816216377690203387e-01 1.044483965809190305e-02 1.905514775282074191e-01 3.031774999999999887e-01 -6.579120761086390892e-03 9.997597485177063259e-01 -2.090838142524593588e-02 -4.917950000000000099e-02 -1.907240819447749425e-01 1.927045843588776411e-02 9.814545195769355246e-01 2.846852099999999997e+00
9.808011872728285008e-01 1.055605153768199474e-02 1.947244227623843305e-01 3.161815000000000042e-01 -6.565868644746957958e-03 9.997552707547521234e-01 -2.112552879887534193e-02 -5.120639999999999914e-02 -1.948997701721320586e-01 1.944140874592127297e-02 9.806304661863326499e-01 2.915244099999999783e+00
9.801213720568910936e-01 1.046092930939234930e-02 1.981228532888148763e-01 3.300946000000000158e-01 -6.553847061077779784e-03 9.997711104422615236e-01 -2.036599650759425215e-02 -5.325209999999999666e-02 -1.982905522863289971e-01 1.866268156056988606e-02 9.799655918403213928e-01 2.984421499999999838e+00
9.793674604895644675e-01 1.027217372774124997e-02 2.018263109238443431e-01 3.438123000000000151e-01 -6.465668871326831803e-03 9.997887448890020456e-01 -1.951052842237331608e-02 -5.516240000000000032e-02 -2.019840896216024695e-01 1.780303457787419524e-02 9.792269805819033834e-01 3.052475199999999944e+00
9.784840257920250917e-01 1.026182834009224144e-02 2.060672369615073884e-01 3.574380999999999808e-01 -6.431324521741761321e-03 9.997940191859460146e-01 -1.924986402311588615e-02 -5.737210000000000226e-02 -2.062223298644635106e-01 1.751039917108938512e-02 9.783484740040950811e-01 3.120555400000000201e+00
9.776726031418917495e-01 1.151354891493467161e-02 2.098183005772858989e-01 3.716577999999999826e-01 -7.562620418962116668e-03 9.997788505432994022e-01 -1.962286367270500015e-02 -5.943770000000000303e-02 -2.099978281748541842e-01 1.759796004377425088e-02 9.775434639769947642e-01 3.189139099999999782e+00
9.768433588664188205e-01 1.219165478563085346e-02 2.136080892479517712e-01 3.862415000000000154e-01 -8.011785895631897206e-03 9.997593326872152852e-01 -2.042273222604263153e-02 -6.153789999999999955e-02 -2.138056676642026699e-01 1.823842806828731775e-02 9.767059415280847645e-01 3.258316799999999791e+00
9.759908218151431836e-01 1.224153328852541946e-02 2.174673782325690918e-01 4.005991999999999886e-01 -7.854519191408221648e-03 9.997480711739730186e-01 -2.102619110044130768e-02 -6.387919999999999709e-02 -2.176699847495587592e-01 1.881326783592901508e-02 9.758410929513372523e-01 3.326526599999999778e+00
9.753452980863581701e-01 1.116122885394752080e-02 2.204018522410893521e-01 4.158443000000000001e-01 -6.566712573000467110e-03 9.997458221725036287e-01 -2.156778464767570777e-02 -6.602629999999999610e-02 -2.205865539574358991e-01 1.958872173202548875e-02 9.751706795192770505e-01 3.395299000000000067e+00
9.747883550997198387e-01 9.859758355935811791e-03 2.229135436153335537e-01 4.314258999999999733e-01 -5.316481377580690310e-03 9.997659217571994716e-01 -2.097228453791293717e-02 -6.818829999999999336e-02 -2.230681460624633905e-01 1.925842304395399690e-02 9.746125975761423810e-01 3.464087699999999881e+00
9.741246734205061264e-01 8.087668937116185980e-03 2.258665762005438171e-01 4.468101999999999907e-01 -3.678904939612048959e-03 9.997945409426116647e-01 -1.993342819983111996e-02 -7.016300000000000314e-02 -2.259813848347641263e-01 1.858670257243415225e-02 9.739542844485290507e-01 3.532036800000000198e+00
9.734953383747284583e-01 7.301350697369002676e-03 2.285902807222277289e-01 4.625438000000000049e-01 -2.744115309219740621e-03 9.997912270733049223e-01 -2.024776773930826376e-02 -7.222699999999999954e-02 -2.286903933134108724e-01 1.908382941784210821e-02 9.733121346520385853e-01 3.600168899999999894e+00
9.716186969972712140e-01 8.554223671885768931e-03 2.363978276183949234e-01 5.117939999999999712e-01 -3.143908844007190471e-03 9.997246464847941994e-01 -2.325396843624650059e-02 -7.836719999999999797e-02 -2.365316542928358190e-01 2.185077729108793679e-02 9.713780520730689316e-01 3.807087199999999783e+00
9.702423325769329310e-01 1.120721278158130253e-02 2.418764446103439103e-01 5.451224000000000069e-01 -5.186570995151853006e-03 9.996610157396351726e-01 -2.551378238743086738e-02 -8.292289999999999384e-02 -2.420803906907468828e-01 2.350004238441473145e-02 9.699715627021990860e-01 3.942938600000000182e+00
9.694907603583812206e-01 1.039517352306708331e-02 2.449073415542156462e-01 5.618769999999999598e-01 -4.098987715483819877e-03 9.996482088364181395e-01 -2.620413841074265698e-02 -8.510349999999999859e-02 -2.450935818813626821e-01 2.440079788790463361e-02 9.691923117642842200e-01 4.010512399999999644e+00
9.679998409579368968e-01 8.001874980943186888e-03 2.508232004863154008e-01 5.967261000000000370e-01 -2.077402092977729143e-03 9.997127695501886180e-01 -2.387598791329385503e-02 -8.985559999999999381e-02 -2.509422090959452789e-01 2.259089186112442707e-02 9.677384250400342669e-01 4.147973999999999606e+00
9.672636087088676282e-01 8.712892995368542656e-03 2.536241249628077843e-01 6.144100000000000117e-01 -2.806073540613285549e-03 9.997165480246390512e-01 -2.364211405488781531e-02 -9.247410000000000352e-02 -2.537582259135324203e-01 2.215646861191809813e-02 9.670138849467807551e-01 4.215323899999999568e+00
9.664178233766383963e-01 9.711024534517297135e-03 2.567923025763245160e-01 6.321672000000000402e-01 -3.517526195479604711e-03 9.996919957014631652e-01 -2.456706616366233914e-02 -9.462220000000000353e-02 -2.569517808255563085e-01 2.283877695752667414e-02 9.661543213160409538e-01 4.284023799999999937e+00
9.644548471860361349e-01 1.223931906036418264e-02 2.639641013628525323e-01 6.683995000000000353e-01 -6.057426116253249518e-03 9.996882845536577689e-01 -2.422067949111037996e-02 -9.943269999999999886e-02 -2.641782642993284469e-01 2.176080869599215581e-02 9.642283504837899644e-01 4.419969599999999943e+00
9.634496304794196719e-01 1.321619393710016244e-02 2.675633415602491350e-01 6.868632000000000071e-01 -6.838169980234749118e-03 9.996701536642967900e-01 -2.475526820946789830e-02 -1.017903000000000002e-01 -2.678022571980882005e-01 2.202081039876217783e-02 9.632222147298050707e-01 4.487963699999999889e+00
9.611640716436056220e-01 1.410599741819317660e-02 2.756168503889480093e-01 7.247706999999999899e-01 -7.644197835327119252e-03 9.996704786516599217e-01 -2.450510868809650106e-02 -1.065538000000000041e-01 -2.758716977526693981e-01 2.144656031159705017e-02 9.609551765976709348e-01 4.624298099999999856e+00
9.588057456371612552e-01 1.513539487854027865e-02 2.836590593565413987e-01 7.638306999999999736e-01 -8.186482117489339572e-03 9.996370294268780432e-01 -2.566692247128555052e-02 -1.115265000000000006e-01 -2.839445784721153498e-01 2.228742292140597700e-02 9.585816330056690093e-01 4.759654499999999899e+00
9.563098517520897124e-01 1.493418915785893995e-02 2.919733505580491828e-01 8.033417000000000474e-01 -7.720488114492695883e-03 9.996361908081801140e-01 -2.584337612978985718e-02 -1.166723999999999956e-01 -2.922530778369496485e-01 2.246009841272080323e-02 9.560772366676871803e-01 4.895536400000000121e+00
9.553255021923872103e-01 1.682322441302216282e-02 2.950765391914650371e-01 8.245763999999999871e-01 -9.306222326679738227e-03 9.995958676058041004e-01 -2.686067183460432925e-02 -1.193398999999999988e-01 -2.954091723133686065e-01 2.291463693251529279e-02 9.550959848765889770e-01 4.963016500000000164e+00
9.529312214338511167e-01 1.642285423610833836e-02 3.027414360065832644e-01 8.668470999999999815e-01 -8.428856988954742946e-03 9.995809352868234576e-01 -2.769310710229352240e-02 -1.240097000000000005e-01 -3.030693676148224491e-01 2.383786210755674262e-02 9.526703074745704880e-01 5.099802500000000016e+00
9.504472869817481850e-01 1.366049382888975122e-02 3.105854883560808521e-01 9.086020000000000207e-01 -4.688348203744099017e-03 9.995503526096043423e-01 -2.961607653177930621e-02 -1.294633000000000034e-01 -3.108504046324450099e-01 2.669238667423024652e-02 9.500839659911530788e-01 5.234432700000000160e+00
9.492624776641337414e-01 1.223565428927601839e-02 3.142467776494504705e-01 9.292614000000000152e-01 -3.015473110215122904e-03 9.995510356700225696e-01 -2.980996499338391462e-02 -1.321592000000000044e-01 -3.144704364815100184e-01 2.734987852072704242e-02 9.488731889583718049e-01 5.301414000000000293e+00
9.483340305568042083e-01 1.112322677183094459e-02 3.170786027376631400e-01 9.517816999999999528e-01 -1.222232109255655050e-03 9.995059154429191128e-01 -3.140750138555095661e-02 -1.348570000000000046e-01 -3.172712918569177698e-01 2.939725872925406241e-02 9.478790685222708845e-01 5.369136300000000084e+00
9.474248075247386769e-01 1.002201879127725265e-02 3.198215021321411666e-01 9.741326999999999625e-01 7.015216861784691685e-04 9.994419198598396559e-01 -3.339695636134708961e-02 -1.376109000000000082e-01 -3.199777210276298356e-01 3.186546667201323874e-02 9.468890378918424222e-01 5.436785699999999721e+00
9.463605037742389703e-01 9.278055283119829993e-03 3.229794336894101225e-01 9.965484000000000009e-01 1.568270886101203777e-03 9.994439818882916438e-01 -3.330566909257323682e-02 -1.404912000000000105e-01 -3.231088631136516676e-01 3.202568902365025838e-02 9.458197596899547976e-01 5.503909600000000069e+00
9.440415821058226742e-01 1.066696919501873043e-02 3.296539200788120572e-01 1.043612599999999890e+00 9.178123969887565931e-04 9.993880581135790031e-01 -3.496665440635728095e-02 -1.459817999999999949e-01 -3.298251792624983803e-01 3.331253620128933612e-02 9.434540932426435100e-01 5.641724100000000242e+00
9.426278112409137711e-01 1.026284640383527159e-02 3.336877034876405412e-01 1.066805199999999898e+00 1.895316215714912267e-03 9.993467539576341707e-01 -3.608979261207140299e-02 -1.489400999999999919e-01 -3.338401073142750475e-01 3.465168593346015791e-02 9.419925920145880704e-01 5.710586499999999788e+00
9.413489483215607967e-01 1.119287455593070794e-02 3.372489837687678849e-01 1.090686299999999997e+00 1.252826118662580049e-03 9.993268870226732492e-01 -3.666337818981856705e-02 -1.520118000000000025e-01 -3.374323456940782062e-01 3.493554683625927498e-02 9.407012914026661177e-01 5.779561000000000170e+00
9.405436196718262032e-01 1.303764792725975279e-02 3.394226262804883598e-01 1.116733799999999999e+00 -5.589008064431823936e-04 9.993211511399171521e-01 -3.683645632087120120e-02 -1.556111000000000022e-01 -3.396724703659509403e-01 3.445659038436208604e-02 9.399124194596943926e-01 5.845085599999999992e+00
9.395420645957812678e-01 1.235863858503985849e-02 3.422104219737047148e-01 1.141509899999999966e+00 4.056132457997451216e-04 9.993076553212915103e-01 -3.720276191571911945e-02 -1.579426999999999914e-01 -3.424332698979342671e-01 3.509236481896329390e-02 9.388865648194254510e-01 5.913320500000000202e+00
9.388551693128873721e-01 1.043609469054729288e-02 3.441541209721010186e-01 1.167969599999999941e+00 1.980584837923192280e-03 9.993603194044533566e-01 -3.570755219177973450e-02 -1.620089000000000112e-01 -3.443066196548787983e-01 3.420584639266825711e-02 9.382339323081380078e-01 5.981534500000000421e+00
9.379999223898437544e-01 9.374461505798070693e-03 3.465086796432715888e-01 1.192226299999999961e+00 3.155390422645649052e-03 9.993619057420789487e-01 -3.557843255177109421e-02 -1.642315000000000025e-01 -3.466211030908645796e-01 3.446593714142354159e-02 9.373718099393835157e-01 6.049853800000000170e+00
9.370980586980343086e-01 1.073744617374468996e-02 3.489010398867296026e-01 1.218420499999999906e+00 1.746125272565520782e-03 9.993700852605954532e-01 -3.544550370304409836e-02 -1.670928999999999887e-01 -3.490618561672240716e-01 3.382513763306721488e-02 9.364890178924663022e-01 6.119999899999999826e+00
9.359952622206817452e-01 1.074371767238884584e-02 3.518486061234478712e-01 1.244143999999999917e+00 1.610100273415835705e-03 9.993930083657999175e-01 -3.479974722128923587e-02 -1.702040999999999971e-01 -3.520089156222420690e-01 3.313891006252440291e-02 9.354098224641010928e-01 6.190424000000000149e+00
9.350763305358260613e-01 8.287789158002743101e-03 3.543495006664001412e-01 1.269664399999999915e+00 4.011587141222293894e-03 9.994151060030040945e-01 -3.396105212758324804e-02 -1.733850999999999865e-01 -3.544237058102391869e-01 3.317767990496831715e-02 9.344961628149472954e-01 6.258796199999999921e+00
9.340205337508022954e-01 8.498986045779035117e-03 3.571182013956444301e-01 1.295589799999999903e+00 3.838129312186865788e-03 9.994204552216722215e-01 -3.382340089181413989e-02 -1.759826999999999919e-01 -3.571987000189801309e-01 3.296241679093167565e-02 9.334466068201499045e-01 6.327987199999999923e+00
9.328708443711118958e-01 1.025110709140396661e-02 3.600651365041183660e-01 1.321099800000000046e+00 2.542267025967710151e-03 9.993827059623083819e-01 -3.503917667159017757e-02 -1.787566999999999906e-01 -3.602020607946288533e-01 3.360240805142987452e-02 9.322689277094070581e-01 6.397161999999999793e+00
9.317294774850795047e-01 1.228961541310249865e-02 3.629451007223802872e-01 1.347174199999999988e+00 1.660210251581313579e-03 9.992726221483485549e-01 -3.809816697276132563e-02 -1.818513999999999964e-01 -3.631493143147888070e-01 3.609975038365072914e-02 9.310313547539292856e-01 6.466104999999999769e+00
9.301810969883167468e-01 1.560113669611839886e-02 3.667693162457849598e-01 1.373537500000000078e+00 -1.702332027676471335e-03 9.992691149408809981e-01 -3.818819177358173667e-02 -1.850131999999999888e-01 -3.670970292324348683e-01 3.489757096213627618e-02 9.295277998369190220e-01 6.534757100000000207e+00
9.282924708337458863e-01 1.965718355061213743e-02 3.713309625229717081e-01 1.402901399999999965e+00 -5.673560664188264518e-03 9.992342564832907836e-01 -3.871319387075811830e-02 -1.869779000000000024e-01 -3.718076106036142248e-01 3.383039764978638259e-02 9.276931631159563985e-01 6.606838200000000327e+00
9.260376764548950979e-01 2.178927420043352478e-02 3.768016047150507530e-01 1.430731699999999940e+00 -8.416578139166294020e-03 9.992761044327644893e-01 -3.710024692783253641e-02 -1.904359999999999942e-01 -3.773372271568846692e-01 3.118484631190543074e-02 9.255507130147199168e-01 6.676637600000000283e+00
9.254487101199805332e-01 2.506444745260947779e-02 3.780429319682616085e-01 1.467614299999999927e+00 -1.206754241591731849e-02 9.992531079450388543e-01 -3.670968104220874439e-02 -1.931396999999999975e-01 -3.786806825774247653e-01 2.941087785286324377e-02 9.250599661138837471e-01 6.746324999999999683e+00
9.244914129101625688e-01 2.706680859415441093e-02 3.802407333885977625e-01 1.502520899999999937e+00 -1.376471740138985461e-02 9.991958236436497831e-01 -3.765950833386050300e-02 -1.950899000000000105e-01 -3.809542754849080115e-01 2.958198582948146430e-02 9.241205257455075150e-01 6.813213300000000139e+00
9.244632376868937573e-01 2.417331517753993492e-02 3.805041037870592335e-01 1.539116399999999940e+00 -1.044999740336300526e-02 9.992196290665195102e-01 -3.809108087777172275e-02 -1.977069999999999939e-01 -3.811279571479052608e-01 3.123753705871443534e-02 9.239944245279675394e-01 6.881454899999999597e+00
9.228006645521247275e-01 2.523508945445634977e-02 3.844504178205331857e-01 1.570746699999999940e+00 -1.126172377605975244e-02 9.991930258627960137e-01 -3.855477460369279019e-02 -2.023119999999999918e-01 -3.851131094623352902e-01 3.124879721485948614e-02 9.223401788889368236e-01 6.953138400000000274e+00
9.217939854118769594e-01 2.592900294401151440e-02 3.868120154090587404e-01 1.605713699999999911e+00 -1.265006410112036288e-02 9.992412575880537107e-01 -3.683592013351216776e-02 -2.086531000000000080e-01 -3.874736434091046178e-01 2.906193283617562739e-02 9.214225847693877647e-01 7.026035300000000206e+00
9.206977478678243232e-01 2.708976337122199693e-02 3.893350764978766310e-01 1.639910900000000060e+00 -1.451216043471533976e-02 9.992745354339415131e-01 -3.521079426535839857e-02 -2.123685999999999907e-01 -3.900064797803150518e-01 2.676840588775342838e-02 9.204229452678780454e-01 7.096765500000000060e+00
9.190103636706489221e-01 3.016897706008592195e-02 3.930773260938483782e-01 1.672727099999999911e+00 -1.750902445568857518e-02 9.992072286837795358e-01 -3.575399570245595821e-02 -2.147473000000000021e-01 -3.938443671408183855e-01 2.597589207763900676e-02 9.188100279721695962e-01 7.170930399999999594e+00
9.179548245915064575e-01 3.059820117867335584e-02 3.955030848094691076e-01 1.707884200000000074e+00 -1.780176959722439348e-02 9.991937513017296046e-01 -3.598533532961297604e-02 -2.190002000000000060e-01 -3.962852974920770266e-01 2.599225738959175247e-02 9.177594268365807384e-01 7.245188699999999926e+00
9.165269711562297195e-01 3.089297740897846423e-02 3.987780524176272601e-01 1.742472800000000044e+00 -1.828873556267324174e-02 9.992067884522312093e-01 -3.537394609732796152e-02 -2.237260000000000082e-01 -3.995545435791040823e-01 2.512802932556389840e-02 9.163649648734435438e-01 7.319178599999999868e+00
9.151855393956663809e-01 2.973078669220642276e-02 4.019347071400101168e-01 1.778260399999999963e+00 -1.721594937384962262e-02 9.992490004575375062e-01 -3.471377495705589566e-02 -2.280598000000000070e-01 -4.026649221973777060e-01 2.484985728881748332e-02 9.150100791928497124e-01 7.395122100000000032e+00
9.138606890682335893e-01 2.759386070482331213e-02 4.050891504683087896e-01 1.812147699999999917e+00 -1.523386353674599861e-02 9.993157320316493619e-01 -3.370455630612076425e-02 -2.322117999999999960e-01 -4.057419997701459669e-01 2.463019621220001454e-02 9.136557245795986493e-01 7.468522499999999731e+00
9.132074864902630651e-01 2.792145829584466443e-02 4.065371800767668131e-01 1.849416399999999960e+00 -1.561215335026436800e-02 9.993146102072917314e-01 -3.356442304012407368e-02 -2.365721000000000074e-01 -4.071957112813247570e-01 2.430436160202505830e-02 9.130174974890755690e-01 7.544221399999999633e+00
9.127760178086669063e-01 2.622650984555996434e-02 4.076176044955284739e-01 1.886158299999999954e+00 -1.437568327786766138e-02 9.993809605299982524e-01 -3.210974089637991247e-02 -2.408803999999999945e-01 -4.082073995454354454e-01 2.344921984755490157e-02 9.125879974253958693e-01 7.620074299999999745e+00
9.122795501300817733e-01 2.568490300754427968e-02 4.087619211374129424e-01 1.922594700000000101e+00 -1.385964301498533724e-02 9.993960584581798035e-01 -3.186579096384877657e-02 -2.440216000000000052e-01 -4.093335225826889578e-01 2.340521513995505454e-02 9.120845701985642595e-01 7.696695799999999643e+00
9.118390425591208492e-01 2.773276776912143859e-02 4.096101244558412180e-01 1.958627899999999977e+00 -1.568739956935243096e-02 9.993408242030308308e-01 -3.273870150079771085e-02 -2.476365000000000094e-01 -4.102480541813906534e-01 2.342670854112528095e-02 9.116730353406926612e-01 7.773222399999999865e+00
9.106830713928627530e-01 3.246310886630580234e-02 4.118282288056472340e-01 1.993042100000000039e+00 -1.985340338465901161e-02 9.991949463704633549e-01 -3.486117499128400798e-02 -2.508502000000000232e-01 -4.126283871142509274e-01 2.357128996175841124e-02 9.105944258763232213e-01 7.850589799999999840e+00
9.095629906829389988e-01 3.573875792280396813e-02 4.140264570797898003e-01 2.027785100000000007e+00 -2.261785690973822788e-02 9.990757765967643866e-01 -3.655167802417130796e-02 -2.545400999999999914e-01 -4.149501157111761263e-01 2.388166241506855039e-02 9.095306853930626989e-01 7.926998600000000117e+00
9.085928071596186539e-01 3.784251740794426777e-02 4.159652084658443938e-01 2.062035100000000121e+00 -2.524192350558158646e-02 9.990418573877929420e-01 -3.575209762919133449e-02 -2.580335000000000267e-01 -4.169196038513208746e-01 2.198433677367355593e-02 9.086774636036041297e-01 8.002775200000000311e+00
9.080302161392007632e-01 3.572195781741441950e-02 4.173788067306329896e-01 2.096860899999999805e+00 -2.317098439240281721e-02 9.991151227507404364e-01 -3.510095401922560393e-02 -2.614498000000000100e-01 -4.182633525190597723e-01 2.220164904829436542e-02 9.080544337863524218e-01 8.077111199999999158e+00
9.068686655842843614e-01 3.694897371296673727e-02 4.197904199990011853e-01 2.129953599999999891e+00 -2.406391319367149825e-02 9.990638153036420777e-01 -3.595025775620488279e-02 -2.650086999999999859e-01 -4.207257437609288053e-01 2.250036205238972742e-02 9.069088059139820412e-01 8.149766899999999481e+00
9.055482098613411024e-01 4.114296262942038207e-02 4.222436455922038423e-01 2.162963599999999875e+00 -2.784052680128462284e-02 9.989040303260418030e-01 -3.762503509389721751e-02 -2.680852000000000235e-01 -4.233288847744121064e-01 2.231579764346688227e-02 9.057011982387945803e-01 8.221933399999999281e+00
9.042923597467751318e-01 4.181901716201720520e-02 4.248605628994199801e-01 2.195862500000000050e+00 -2.946510345295901348e-02 9.989312990281684623e-01 -3.560993541699374737e-02 -2.712304999999999855e-01 -4.258956865032980099e-01 1.968323208974972344e-02 9.045581432900737795e-01 8.293337799999999760e+00
9.030850332929496460e-01 4.189626367364934767e-02 4.274132961577823409e-01 2.227428000000000186e+00 -3.017292236964765409e-02 9.989605197162154671e-01 -3.416833042429814893e-02 -2.746893000000000251e-01 -4.284005338441436717e-01 1.796059961406781119e-02 9.034104269176639335e-01 8.359983400000000842e+00
9.020537028226499610e-01 4.342546161833966273e-02 4.294337510107706368e-01 2.259956799999999877e+00 -3.179856951540007554e-02 9.989084196281663441e-01 -3.421724963718711376e-02 -2.779772999999999827e-01 -4.304508894179691625e-01 1.721041775185661385e-02 9.024499062663178250e-01 8.428424800000000161e+00
9.008397135685278778e-01 4.311117193789652108e-02 4.320060616610763016e-01 2.292153599999999791e+00 -3.122729075637434987e-02 9.989143655617478412e-01 -3.456799945596559370e-02 -2.814937000000000134e-01 -4.330273279710986079e-01 1.764984783254246181e-02 9.012079760530855577e-01 8.496739399999999165e+00
8.998191004254851855e-01 4.269892215384179374e-02 4.341686176549047205e-01 2.323502799999999979e+00 -3.088921931211794508e-02 9.989367354587389558e-01 -3.422359831060027557e-02 -2.846252000000000226e-01 -4.351682923189125751e-01 1.738391779598606399e-02 9.001812910532543954e-01 8.562542000000000542e+00
8.985880925995746171e-01 4.204739662678564499e-02 4.367739189502596875e-01 2.354596100000000192e+00 -2.967036583462615701e-02 9.989424082100090141e-01 -3.512455652142879026e-02 -2.863848999999999978e-01 -4.377888865988922018e-01 1.860326628571909099e-02 8.988853148505681068e-01 8.629156099999999441e+00
8.973426131615362955e-01 4.526520192872773157e-02 4.390071708967596131e-01 2.385048600000000185e+00 -3.283848529781236564e-02 9.988170261195590260e-01 -3.586338267684030523e-02 -2.897659000000000207e-01 -4.401112001389769213e-01 1.776541100092061259e-02 8.977675209563986680e-01 8.694138499999999325e+00
8.943939696596927558e-01 5.457696294583942731e-02 4.439378133837948437e-01 2.411787299999999856e+00 -4.066282149935071533e-02 9.983391020634067026e-01 -4.081142289779705890e-02 -2.915842000000000156e-01 -4.454278415008299796e-01 1.844972647058387705e-02 8.951277258632268641e-01 8.759158100000000502e+00
8.909090189482589128e-01 6.637860776395705653e-02 4.493050193220298194e-01 2.438544799999999846e+00 -4.957044705744710622e-02 9.975637493793840793e-01 -4.908499467933352678e-02 -2.978197000000000205e-01 -4.514685932987760886e-01 2.145801378189760023e-02 8.920289585598442095e-01 8.830123900000000248e+00
8.901429531454970734e-01 5.994785608179880460e-02 4.517209066631843184e-01 2.468715399999999782e+00 -4.000710394193276315e-02 9.977619877977150775e-01 -5.357655588157548415e-02 -3.042909999999999782e-01 -4.539217494233920291e-01 2.961874840617224197e-02 8.905491424639402354e-01 8.892453200000000280e+00
8.911296208006691533e-01 4.991555265319087137e-02 4.509949406977668551e-01 2.500536900000000173e+00 -2.921835480725245432e-02 9.981805105886351059e-01 -5.274425109307540049e-02 -3.017836999999999881e-01 -4.528071186211776733e-01 3.382463428240442549e-02 8.909666702192896581e-01 8.933838800000000191e+00
8.920659309010202653e-01 4.718935108445537763e-02 4.494346894376579638e-01 2.535297200000000029e+00 -3.202267096889738207e-02 9.986337814235801691e-01 -4.129308832793684991e-02 -3.044830000000000036e-01 -4.507692574585292489e-01 2.244405809716833525e-02 8.923583029178453474e-01 8.974081999999999226e+00
8.913363079211328310e-01 4.940628445536361657e-02 4.506424361262920675e-01 2.570265500000000092e+00 -3.981100196347037157e-02 9.987338580767715079e-01 -3.075329012889318689e-02 -3.108674000000000159e-01 -4.515912646455731982e-01 9.470997170468186538e-03 8.921746633414383565e-01 9.024531400000000758e+00
8.902730972434099721e-01 5.148456441137963524e-02 4.525076264020270189e-01 2.603347299999999809e+00 -4.361684547947856927e-02 9.986611607609076069e-01 -2.781109091884052809e-02 -3.139914999999999790e-01 -4.533336333375731497e-01 5.022510830971403661e-03 8.913267589778215427e-01 9.078453100000000831e+00
8.902725047621868892e-01 5.321381395162769895e-02 4.523086968754673753e-01 2.635573599999999850e+00 -4.630469588631424410e-02 9.985799942107118632e-01 -2.634141797646296496e-02 -3.198117999999999794e-01 -4.530681432227803285e-01 2.507023505339765410e-03 8.914723621233615614e-01 9.120282200000000117e+00
8.912413446235000203e-01 4.916621165304297519e-02 4.508564619314932576e-01 2.673281699999999983e+00 -4.118926069387544159e-02 9.987729812915662198e-01 -2.749502946804397580e-02 -3.259484999999999744e-01 -4.516550790561176254e-01 5.934262687547669016e-03 8.921728947290246126e-01 9.161078500000000346e+00
8.920191202110145934e-01 4.651575260361596326e-02 4.495977912953829647e-01 2.711180399999999935e+00 -3.589297097772044948e-02 9.988390794556700758e-01 -3.212768255791498273e-02 -3.280575000000000019e-01 -4.505702873163742184e-01 1.252110665511767945e-02 8.926531454466348769e-01 9.210602800000000201e+00
8.919420973516890561e-01 4.745928012549684855e-02 4.496519895450698523e-01 2.746815900000000088e+00 -3.529881435190392741e-02 9.987498110644871252e-01 -3.539503643169405328e-02 -3.296162000000000258e-01 -4.507696625519732048e-01 1.569814092880896655e-02 8.925022575288867888e-01 9.260542900000000799e+00
8.917038944710091730e-01 4.653398396021827393e-02 4.502207824190542773e-01 2.778130800000000011e+00 -3.443355921046783313e-02 9.987927276910518737e-01 -3.503451314871653538e-02 -3.331484000000000112e-01 -4.513075388084432094e-01 1.573770784639665077e-02 8.922296957434262543e-01 9.307732599999999579e+00
8.896224870371312043e-01 4.917835813752872987e-02 4.540410990744850328e-01 2.798221299999999800e+00 -3.731653026707841547e-02 9.986884653122509725e-01 -3.505461198026722791e-02 -3.335531999999999941e-01 -4.551695366857228531e-01 1.424213267589637642e-02 8.902908819763046822e-01 9.348038700000000034e+00
8.864160435393139137e-01 4.937168639528477510e-02 4.602488830389432906e-01 2.807811699999999799e+00 -3.819359694800356086e-02 9.987061811985008530e-01 -3.357398975517518480e-02 -3.353883999999999754e-01 -4.613110088739295067e-01 1.218196283005361716e-02 8.871548640870570157e-01 9.385230999999999213e+00
