1.000000000000000000e+00 0.000000000000000000e+00 0.000000000000000000e+00 0.000000000000000000e+00 0.000000000000000000e+00 1.000000000000000000e+00 0.000000000000000000e+00 0.000000000000000000e+00 0.000000000000000000e+00 0.000000000000000000e+00 1.000000000000000000e+00 0.000000000000000000e+00
9.989276244346787514e-01 1.996377950346608671e-04 4.629860997957047086e-02 1.389599999999999950e-03 -1.094791515454564951e-04 9.999980930343141949e-01 -1.949856930772733005e-03 -3.569000000000000015e-04 -4.629891095484822694e-02 1.942697219306002351e-03 9.989257413701526644e-01 3.113569999999999879e-02
9.957241930143400088e-01 -2.084095458063905601e-03 9.235252022583381737e-02 4.126099999999999733e-03 2.552925142606129322e-03 9.999844469287146875e-01 -4.958676626788191197e-03 -9.669000000000000294e-04 -9.234074950506745982e-02 5.173243353495313862e-03 9.957140269846799230e-01 6.100509999999999960e-02
9.831510299384664808e-01 -5.867677493638838969e-03 1.827009104842204079e-01 1.394809999999999973e-02 7.971826138794789463e-03 9.999100669717677636e-01 -1.078461666113873958e-02 -2.180300000000000033e-03 -1.826211989856197093e-01 1.205936687166981290e-02 9.831093882939523354e-01 1.211699999999999999e-01
9.532004620864846789e-01 -1.285990994368213167e-02 3.020653932418483900e-01 3.820429999999999660e-02 1.790540887881819990e-02 9.997425007256369733e-01 -1.394017846844933413e-02 -4.040799999999999774e-03 -3.018083421825752954e-01 1.869638893183027395e-02 9.531852756048612152e-01 2.105150000000000077e-01
9.417304655717194661e-01 -1.329418694698277989e-02 3.361056304311059728e-01 4.854900000000000188e-02 1.859624031259981061e-02 9.997481694453113077e-01 -1.256095286932060531e-02 -4.744700000000000133e-03 -3.358540011080834997e-01 1.807933306756442579e-02 9.417405309614339526e-01 2.402778999999999887e-01
9.293353741282344149e-01 -1.583337231785998320e-02 3.688970950210621047e-01 6.048100000000000004e-02 2.144144705465666698e-02 9.997084009167733765e-01 -1.110754179061352112e-02 -5.338400000000000090e-03 -3.686136551216420698e-01 1.823231903713556576e-02 9.294038711993786173e-01 2.699636999999999731e-01
9.023413633955995605e-01 -1.212469800701553024e-02 4.308515470595520314e-01 8.759669999999999956e-02 1.934218431162620933e-02 9.997363359177826592e-01 -1.237491623169562419e-02 -6.617200000000000165e-03 -4.305879048596532033e-01 1.950000881858971261e-02 9.023379665317474707e-01 3.294806000000000124e-01
8.882071150394931225e-01 -1.114483419358944585e-02 4.593080812091356324e-01 1.024705000000000060e-01 1.944883875921125937e-02 9.997216893352633971e-01 -1.335239841995768117e-02 -7.231600000000000354e-03 -4.590314406052583007e-01 2.079270409168768735e-02 8.881766716101119341e-01 3.584757000000000082e-01
8.734670171617753276e-01 -1.265106396514137019e-02 4.867189337914243907e-01 1.184767999999999932e-01 2.202229323256234619e-02 9.996658228188031181e-01 -1.353740332502741811e-02 -7.941399999999999501e-03 -4.863850208747079185e-01 2.254314238422244071e-02 8.734537298564559737e-01 3.872864999999999780e-01
8.415653215670855225e-01 -1.256803181597199170e-02 5.400091241006587106e-01 1.537923999999999958e-01 2.227500366434231188e-02 9.996863397256631201e-01 -1.144754898043764957e-02 -9.370500000000000357e-03 -5.396958715308478594e-01 2.166256545699742769e-02 8.415813089122047286e-01 4.449615000000000098e-01
8.253457991429906659e-01 -1.336209017302557311e-02 5.644694556689725529e-01 1.732109000000000010e-01 2.355911335840656096e-02 9.996642885812478951e-01 -1.078324223567523471e-02 -1.001220000000000061e-02 -5.641358701720570190e-01 2.219830357381919611e-02 8.253835201308907799e-01 4.734716999999999953e-01
8.096132332370430396e-01 -1.519459652233355260e-02 5.867670208898800865e-01 1.934781999999999891e-01 2.642249952040774327e-02 9.995949554111318580e-01 -1.057244700678844178e-02 -1.070019999999999999e-02 -5.863687100166203869e-01 2.406344433244721887e-02 8.096867829971684527e-01 5.018388999999999767e-01
7.802390817263987755e-01 -2.072578066146745640e-02 6.251379186729268955e-01 2.375202999999999898e-01 3.511286764929084925e-02 9.993261458018811716e-01 -1.069302773777386015e-02 -1.196320000000000022e-02 -6.244950455145257262e-01 3.029350314391121221e-02 7.804410559389353130e-01 5.583540000000000170e-01
7.455535938021897735e-01 -3.113782402900045973e-02 6.657178641762429017e-01 3.106477999999999740e-01 4.861234418792893808e-02 9.987878433756502972e-01 -7.725536717401301420e-03 -1.382139999999999931e-02 -6.646703534543976222e-01 3.812190760909776183e-02 7.461635486936155637e-01 6.423796999999999979e-01
7.357954397810017033e-01 -3.328714120930267861e-02 6.763852726276602390e-01 3.360886000000000151e-01 5.103420785721712871e-02 9.986765993871918878e-01 -6.368631314537451238e-03 -1.437040000000000019e-02 -6.752781504134934831e-01 3.920479647372362986e-02 7.365204705285421927e-01 6.701867999999999714e-01
7.265636134848675320e-01 -3.399448959816121774e-02 6.862577432982249759e-01 3.617557000000000134e-01 5.132995421951710990e-02 9.986698525822816919e-01 -4.874560811601473531e-03 -1.470980000000000031e-02 -6.851792111262821061e-01 3.876725706371591390e-02 7.273421123653719400e-01 6.978240999999999472e-01
7.102113539538759124e-01 -3.233979034894333970e-02 7.032453132977060095e-01 4.152124999999999844e-01 5.193758818520699538e-02 9.986289922781594885e-01 -6.528607432779075237e-03 -1.609479999999999938e-02 -7.020700247471801658e-01 4.116155659950049284e-02 7.109172994166057524e-01 7.528721999999999914e-01
7.031153688649535161e-01 -3.018140131163019046e-02 7.104349801922529295e-01 4.426651999999999809e-01 5.222604047443631103e-02 9.985923115769251845e-01 -9.264769604033950418e-03 -1.681600000000000109e-02 -7.091552853658096289e-01 4.361740792756509111e-02 7.037018565865926778e-01 7.799488999999999450e-01
6.908511750104783244e-01 -2.807223768947913686e-02 7.224518000930905126e-01 5.004745000000000443e-01 5.320470273883244616e-02 9.985105760132012565e-01 -1.207846001183734627e-02 -1.797249999999999889e-02 -7.210366936523507908e-01 4.678225155858219131e-02 6.913157797605922195e-01 8.361885999999999486e-01
6.866614336606780000e-01 -2.736031263462847599e-02 7.264623106642199568e-01 5.304830999999999852e-01 5.300639841135992847e-02 9.985159869975926972e-01 -1.249581680721297341e-02 -1.864199999999999885e-02 -7.250423416949650646e-01 4.708754615350682626e-02 6.870926907970443809e-01 8.647194000000000269e-01
6.829258227796217717e-01 -2.665361618958009271e-02 7.300013050158167260e-01 5.609568000000000332e-01 5.378411121428770814e-02 9.984563884535747613e-01 -1.386036569262437401e-02 -1.939930000000000127e-02 -7.285050377050703574e-01 4.872807302020777664e-02 6.833051916516305058e-01 8.933579000000000381e-01
6.795982259079149657e-01 -2.436934291324443017e-02 7.331796413354584319e-01 5.921589000000000436e-01 5.253512460162865216e-02 9.984986570136638040e-01 -1.550782463794006180e-02 -2.004349999999999882e-02 -7.317009717267745073e-01 4.905677392457082064e-02 6.798581623443287203e-01 9.226636999999999755e-01
6.762538651735657824e-01 -2.418506530409976485e-02 7.362715480405643831e-01 6.233948000000000267e-01 5.329257005685436588e-02 9.984483143046775089e-01 -1.615133551391650588e-02 -2.102969999999999839e-02 -7.347384649074444329e-01 5.016020612382150745e-02 6.764934160116178319e-01 9.521178999999999615e-01
6.743091434584271848e-01 -2.530018993580895881e-02 7.380156363096748162e-01 6.563807000000000391e-01 5.373339618049925714e-02 9.984446375880727809e-01 -1.486700395276266753e-02 -2.169880000000000073e-02 -7.364916165057628916e-01 4.968104327441145995e-02 6.746198134919357825e-01 9.821792000000000300e-01
6.690887490834028783e-01 -2.911095558164185013e-02 7.426121451438365551e-01 7.584613999999999523e-01 5.670547516100141183e-02 9.983193545533807223e-01 -1.195639623324206216e-02 -2.394929999999999976e-02 -7.410160153038340969e-01 5.011006474995725879e-02 6.696149986925195030e-01 1.075269500000000100e+00
6.683706754448871523e-01 -2.894015610696134416e-02 7.432651663907369199e-01 7.936995999999999496e-01 5.651888004045670794e-02 9.983299847549259587e-01 -1.195231099837457123e-02 -2.446560000000000054e-02 -7.416780004855999531e-01 4.999708895259912661e-02 6.688901514388951863e-01 1.107468700000000084e+00
6.679877803433287298e-01 -2.963510981687880741e-02 7.435819292977301487e-01 8.291811000000000043e-01 5.862261933277555792e-02 9.981971187970618553e-01 -1.288023787858199112e-02 -2.533530000000000157e-02 -7.418596321505555036e-01 5.219456189475971120e-02 6.685207654920350961e-01 1.138825999999999894e+00
6.684631896975387066e-01 -2.769875692350881602e-02 7.432292667032728284e-01 9.001468000000000247e-01 5.763765478784003971e-02 9.982302582491414666e-01 -1.463735858719093091e-02 -2.703950000000000103e-02 -7.415085062020193574e-01 5.262252731240304321e-02 6.688766738714284621e-01 1.203476200000000107e+00
6.689245366143906635e-01 -2.823325573621730117e-02 7.427939469232071046e-01 9.362949999999999884e-01 5.807912204888992375e-02 9.982086725022334406e-01 -1.436181476551757347e-02 -2.811050000000000007e-02 -7.410578789117979737e-01 5.274779058749515942e-02 6.693660364037636867e-01 1.236686200000000069e+00
6.709816124898624334e-01 -2.873626856916968592e-02 7.409169336499369374e-01 1.011953700000000067e+00 5.834849753021081192e-02 9.981963252148109422e-01 -1.412618715770317876e-02 -2.998030000000000139e-02 -7.391746265507707081e-01 5.270980171057396135e-02 6.714480979697245999e-01 1.305090700000000048e+00
6.724355266530540609e-01 -2.887773754408948929e-02 7.395921435285564005e-01 1.089234100000000094e+00 5.971165847346247141e-02 9.980981224906270155e-01 -1.531847652456815381e-02 -3.200809999999999766e-02 -7.377431669200187336e-01 5.446296131335362500e-02 6.728809742501282720e-01 1.374892400000000015e+00
6.737559693291910179e-01 -3.060332627687328833e-02 7.383199375704773137e-01 1.169666600000000001e+00 6.031476278599844087e-02 9.980858008968380712e-01 -1.366980022480682871e-02 -3.406560000000000143e-02 -7.364883048517137931e-01 5.374170139573763300e-02 6.743120986218031909e-01 1.448160600000000020e+00
6.748456796955035752e-01 -3.388558094330358650e-02 7.371804907893646508e-01 1.251055000000000028e+00 6.372798697582847394e-02 9.978893965333920368e-01 -1.246980201251570580e-02 -3.615220000000000239e-02 -7.352020486045467429e-01 5.539422073066400248e-02 6.755808079255360976e-01 1.522402199999999928e+00
6.755187758834129141e-01 -3.435343414296493370e-02 7.365420727912020959e-01 1.291966100000000006e+00 6.618103307778208655e-02 9.977071072431580312e-01 -1.416329824747760216e-02 -3.721510000000000096e-02 -7.343667028737980162e-01 5.831268917718047951e-02 6.762434295364301295e-01 1.559345699999999946e+00
6.759978554829411124e-01 -3.439002889106182459e-02 7.361006896446551373e-01 1.375364400000000042e+00 6.605250428901544846e-02 9.977172722642881908e-01 -1.404675416805191770e-02 -3.924869999999999748e-02 -7.339373039024617018e-01 5.811686965399995297e-02 6.767262839597747437e-01 1.636708400000000063e+00
6.764304030009032909e-01 -3.608995249724907678e-02 7.356217949631331798e-01 1.460146299999999897e+00 6.721335521594143381e-02 9.976557499199111279e-01 -1.285960856151526985e-02 -4.131270000000000081e-02 -7.334332108492573887e-01 5.814223921114512750e-02 6.772704077714180038e-01 1.713629199999999964e+00
6.767596529169714881e-01 -3.710723167454489657e-02 7.352682677371246145e-01 1.502668499999999963e+00 6.820625360905134549e-02 9.975937737340256906e-01 -1.243260132567659826e-02 -4.238379999999999925e-02 -7.330377065010490467e-01 5.856377689798615560e-02 6.776621613186948334e-01 1.752344700000000088e+00
6.760168693964893061e-01 -3.585294774863653777e-02 7.360134227234604865e-01 1.587876999999999983e+00 6.783098868363153511e-02 9.976026758993452592e-01 -1.370613047752574504e-02 -4.502049999999999802e-02 -7.337575548269135162e-01 5.919009356471272715e-02 6.768281787560485041e-01 1.831286699999999934e+00
6.747114694193437900e-01 -3.361279010953550916e-02 7.373158165772942807e-01 1.675546200000000097e+00 6.652152530106468509e-02 9.976662691127546889e-01 -1.539162584837529268e-02 -4.725300000000000333e-02 -7.350777643934073291e-01 5.943227924023170017e-02 6.753728484908919638e-01 1.911067800000000094e+00
6.737900643873228068e-01 -3.333808894422642111e-02 7.381703874841325508e-01 1.719022999999999968e+00 6.530824242513044720e-02 9.977590489210974578e-01 -1.455038719098455599e-02 -4.857630000000000281e-02 -7.360311016555400876e-01 5.801251693914015461e-02 6.744573858103402042e-01 1.951450300000000082e+00
6.729872819216361490e-01 -3.408313607668682355e-02 7.388683632467331064e-01 1.763263699999999989e+00 6.611661670085709763e-02 9.977108834595309617e-01 -1.419809925427638342e-02 -4.983139999999999792e-02 -7.366930917062818329e-01 5.840661659076297474e-02 6.737001972470094691e-01 1.992161400000000082e+00
6.727078745569450291e-01 -3.307814775881680325e-02 7.391684190020048062e-01 1.807996900000000018e+00 6.371762792434355893e-02 9.978788973876301371e-01 -1.333304316884710225e-02 -5.107160000000000172e-02 -7.371595345654645692e-01 5.606730142688615137e-02 6.733886532381834211e-01 2.033108200000000032e+00
6.715328795962097752e-01 -3.225944476690428830e-02 7.402721930780282733e-01 1.853962200000000005e+00 6.377474245415355736e-02 9.978608802302911807e-01 -1.436822643665030055e-02 -5.204620000000000080e-02 -7.382251511877178096e-01 5.685940493321685330e-02 6.721537281191793944e-01 2.074884400000000184e+00
6.693415587109927678e-01 -3.045925214863823977e-02 7.423301905088356412e-01 1.899552799999999930e+00 6.219142073750839189e-02 9.979495723977624966e-01 -1.512871897330194879e-02 -5.330839999999999884e-02 -7.403472867303483307e-01 5.629284954298025001e-02 6.698634264694129925e-01 2.116622000000000003e+00
6.663869325130585830e-01 -3.052677122106601387e-02 7.449809208393547433e-01 1.945316400000000057e+00 6.312243891325661216e-02 9.978842774602925125e-01 -1.557326244536221677e-02 -5.465749999999999775e-02 -7.429293464936477243e-01 5.740283125740957421e-02 6.669039669113948632e-01 2.157949200000000012e+00
6.627971163291408452e-01 -2.980274523750205129e-02 7.482057063148368492e-01 1.991557800000000045e+00 6.135180375116974782e-02 9.980094838746674801e-01 -1.459541957936347917e-02 -5.619849999999999846e-02 -7.462814072199932536e-01 5.557757166814921573e-02 6.633062601583211704e-01 2.199819999999999887e+00
6.588866753249933428e-01 -2.931715535989136770e-02 7.516707081433872117e-01 2.038788799999999846e+00 5.958485417332738676e-02 9.981346381821974978e-01 -1.329997045249334611e-02 -5.761569999999999886e-02 -7.498786530048181520e-01 5.355136284444943218e-02 6.594044717054790006e-01 2.241948400000000063e+00
6.551717148578336536e-01 -2.713403065262060682e-02 7.549925618380544101e-01 2.086354500000000112e+00 5.756198908655817820e-02 9.982427096496648833e-01 -1.407515696871009317e-02 -5.908580000000000082e-02 -7.532839049539321596e-01 5.268051833303766252e-02 6.555822767018019137e-01 2.284133000000000191e+00
6.518088743745186209e-01 -2.667172965159238934e-02 7.579141179078373591e-01 2.134286200000000022e+00 5.872947537651718869e-02 9.981554277545896525e-01 -1.538150727501198800e-02 -6.056430000000000147e-02 -7.561058391578666660e-01 5.453770146829212129e-02 6.521729825053576013e-01 2.325493100000000091e+00
6.481524435133813045e-01 -2.485526560725209028e-02 7.611048717090346249e-01 2.182316500000000214e+00 5.792435725592850332e-02 9.981807726017224436e-01 -1.673063192817432834e-02 -6.223360000000000003e-02 -7.593044045731071057e-01 5.493051046387094349e-02 6.484130321146066578e-01 2.367042099999999927e+00
6.445225352281208631e-01 -2.402894291503246751e-02 7.642076363695288199e-01 2.231409800000000221e+00 5.707098595616308390e-02 9.982296763203079015e-01 -1.674562257560942985e-02 -6.385399999999999410e-02 -7.624523618857163010e-01 5.440701439924299637e-02 6.447528771855566276e-01 2.408763400000000221e+00
6.405909263951493626e-01 -2.271570348302953679e-02 7.675462603879165124e-01 2.281167700000000131e+00 5.518833135981376925e-02 9.983393912022235916e-01 -1.651387464203347283e-02 -6.541339999999999655e-02 -7.658965420354916231e-01 5.293823560758782049e-02 6.407807972378946060e-01 2.451025700000000196e+00
6.363996494129897652e-01 -2.157535156412176622e-02 7.710577088855983252e-01 2.331194599999999895e+00 5.305493528277267778e-02 9.984657858719678813e-01 -1.585081339283247667e-02 -6.700989999999999724e-02 -7.695327543835703832e-01 5.099586893031771151e-02 6.365679549607232701e-01 2.492945199999999861e+00
6.316071849524912407e-01 -2.101517611380311623e-02 7.750036943713850546e-01 2.381451399999999996e+00 5.213147413663862806e-02 9.985213332897121541e-01 -1.540961938778865475e-02 -6.837029999999999497e-02 -7.735338863428870004e-01 5.013491137163177819e-02 6.317688005441770560e-01 2.535142700000000193e+00
6.273922582163994344e-01 -2.152665642784242980e-02 7.784057793934757719e-01 2.432703500000000130e+00 5.245108662374957376e-02 9.985158587150267939e-01 -1.466163042026798549e-02 -6.996009999999999729e-02 -7.769348993590869945e-01 5.002682238190069020e-02 6.275902159851243223e-01 2.576821300000000203e+00
6.227403777832241083e-01 -2.094601238689254227e-02 7.821481230837898924e-01 2.483932999999999947e+00 5.334790676504211349e-02 9.984519828416605902e-01 -1.573654356410074048e-02 -7.148720000000000074e-02 -7.806077265324726788e-01 5.152574623083697181e-02 6.228937909091402103e-01 2.618349999999999955e+00
6.183750466171538118e-01 -1.950484910382726395e-02 7.856410519968197725e-01 2.535890100000000036e+00 5.293412038305344430e-02 9.984553981769636044e-01 -1.687592221341678578e-02 -7.294789999999999608e-02 -7.840983870793927224e-01 5.202286720969748202e-02 6.184523754233440807e-01 2.659761000000000042e+00
6.137947694465715198e-01 -2.018131180357711843e-02 7.892076378583249285e-01 2.588440700000000039e+00 5.378272037659630189e-02 9.984196560313682856e-01 -1.629752861930872099e-02 -7.457379999999999565e-02 -7.876315128211434091e-01 5.244907152744586465e-02 6.139101684342636034e-01 2.700902699999999879e+00
6.093171450332656169e-01 -1.984222568642697582e-02 7.926783098132047511e-01 2.641538100000000000e+00 5.350228600847045657e-02 9.984373876251058100e-01 -1.613345543342062025e-02 -7.630950000000000233e-02 -7.911195372131686332e-01 5.224049264855032404e-02 6.094266229559213155e-01 2.742437400000000025e+00
6.048151441687905638e-01 -1.862591774749562321e-02 7.961480494054788970e-01 2.694370499999999780e+00 5.272814635479666778e-02 9.984693029750012494e-01 -1.669711348114784333e-02 -7.788950000000000040e-02 -7.946183888924749361e-01 5.207807796644106646e-02 6.048714655439194621e-01 2.783476600000000190e+00
6.005204557224430584e-01 -1.710430054069754860e-02 7.994264351157789328e-01 2.747677799999999948e+00 5.136199735892500728e-02 9.985316601003569881e-01 -1.721827530640126364e-02 -7.935499999999999499e-02 -7.979580988286358867e-01 5.140006498282604502e-02 6.005171986159516528e-01 2.824319800000000047e+00
5.973166087794022916e-01 -1.872250579017809002e-02 8.017869646316353460e-01 2.801734399999999958e+00 5.249272125277081036e-02 9.984964607584915219e-01 -1.579025231733582543e-02 -8.110820000000000529e-02 -8.002858133765420323e-01 5.151975960447577330e-02 5.974013150960948426e-01 2.864609699999999926e+00
5.938344128429178248e-01 -2.081597193419358269e-02 8.043179628952358273e-01 2.856118400000000168e+00 5.529472639843822923e-02 9.983575962455559782e-01 -1.498676920878362975e-02 -8.280740000000000323e-02 -8.026849838859756447e-01 5.337420098915160449e-02 5.940101104465653759e-01 2.905111300000000174e+00
5.909876848708588426e-01 -2.137498421152580000e-02 8.063973377814064314e-01 2.910588499999999801e+00 5.711649829886822349e-02 9.982487570173849134e-01 -1.539885500034069224e-02 -8.444359999999999367e-02 -8.046559898199092675e-01 5.515912583791694745e-02 5.911735860842727286e-01 2.945134200000000035e+00
5.883943051358448972e-01 -2.126005761142771289e-02 8.082945945842178181e-01 2.965302700000000069e+00 5.788430065181637829e-02 9.981969646824140341e-01 -1.588166983870867299e-02 -8.597349999999999437e-02 -8.064995656674319724e-01 5.613225141729479006e-02 5.885640329896733025e-01 2.985269499999999798e+00
5.852782886144904939e-01 -2.085833014331352903e-02 8.105641584354230655e-01 3.021174699999999991e+00 5.662434769880812097e-02 9.982798801921268783e-01 -1.519750148140412011e-02 -8.777690000000000492e-02 -8.088528964676937605e-01 5.479243439769158203e-02 5.854526291755781653e-01 3.026011899999999866e+00
5.816322722052564842e-01 -1.872751969466599636e-02 8.132362387003154724e-01 3.076941699999999891e+00 5.492345333327385698e-02 9.983576589790795763e-01 -1.629107214886703348e-02 -8.917200000000000126e-02 -8.115955360912837646e-01 5.414115591578923248e-02 5.817056137195205645e-01 3.067048100000000055e+00
5.782329466865891998e-01 -1.753729733793434400e-02 8.156832121407336933e-01 3.132843300000000220e+00 5.444560661662556367e-02 9.983697721532567293e-01 -1.713108200908015563e-02 -9.074260000000000659e-02 -8.140530297752671673e-01 5.431612332203994420e-02 5.782451240269763648e-01 3.107309299999999830e+00
5.748377961572971317e-01 -1.711696331617304154e-02 8.180883312184904499e-01 3.188962000000000074e+00 5.341162742222746451e-02 9.984339304754702438e-01 -1.663984769801241451e-02 -9.246980000000000477e-02 -8.165223243519622587e-01 5.326064252463236226e-02 5.748518050704307658e-01 3.146926899999999971e+00
5.704396145222578873e-01 -1.646586665425424714e-02 8.211744768433941744e-01 3.241401900000000058e+00 5.342999147674597216e-02 9.984252446358123922e-01 -1.709581483033031923e-02 -9.407160000000000522e-02 -8.195998305237091053e-01 5.362747532042140552e-02 5.704210827943378970e-01 3.183895099999999978e+00
5.669520519211677101e-01 -1.557999670713041546e-02 8.236034449448251804e-01 3.295963799999999999e+00 5.282324434179547917e-02 9.984509666930800886e-01 -1.747489533190207944e-02 -9.584969999999999601e-02 -8.220553969651830384e-01 5.341283377859451509e-02 5.668968102822202759e-01 3.220728400000000047e+00
5.631948125307453257e-01 -1.571672320170112297e-02 8.261746714528712676e-01 3.351959200000000028e+00 5.334451831092417579e-02 9.984250671458458903e-01 -1.737088544055106001e-02 -9.708559999999999413e-02 -8.246004884212925212e-01 5.385508245852366205e-02 5.631462195458223352e-01 3.260791100000000053e+00
5.589442132642243877e-01 -1.559361421797789485e-02 8.290586261863862605e-01 3.407875999999999905e+00 5.203289682865497312e-02 9.985123487796291331e-01 -1.629929391743234826e-02 -9.957059999999999522e-02 -8.275711112080071929e-01 5.224871797670424534e-02 5.589240801430326311e-01 3.300126600000000021e+00
5.559078893294361334e-01 -1.622341203673291835e-02 8.310855668841672372e-01 3.464937400000000167e+00 5.370307929300426053e-02 9.984217436219816610e-01 -1.643171133178389365e-02 -1.000097999999999959e-01 -8.295073223641491467e-01 5.376637206217439735e-02 5.559017713405229877e-01 3.336538099999999840e+00
5.524119162944336470e-01 -1.651744626479230427e-02 8.334076125791036738e-01 3.519561500000000009e+00 5.459127389161258503e-02 9.983741262683974993e-01 -1.639807344491423999e-02 -1.024174999999999947e-01 -8.317817427371212435e-01 5.455527441690273538e-02 5.524154727037376977e-01 3.372972700000000046e+00
5.492442794372505155e-01 -1.573215112018977110e-02 8.355137467011463093e-01 3.576982999999999802e+00 5.548753682843328427e-02 9.983028590323139717e-01 -1.767865675386692814e-02 -1.032903000000000016e-01 -8.338176387929011613e-01 5.607050088093824824e-02 5.491850727840223989e-01 3.410933299999999946e+00
5.412509352371526195e-01 -1.327555686881278646e-02 8.407563170709635436e-01 3.746663299999999808e+00 5.587560091178660898e-02 9.982332013854832153e-01 -2.020873262814662161e-02 -1.090701000000000032e-01 -8.390025877955646916e-01 5.791575987166260042e-02 5.410364335521532508e-01 3.519547000000000203e+00
5.377196459650342986e-01 -1.347098114748783090e-02 8.430160822962764477e-01 3.804557099999999803e+00 5.646000926752786642e-02 9.982032707326594645e-01 -2.006234413351713416e-02 -1.109747999999999984e-01 -8.412311511687788901e-01 5.838461240382630812e-02 5.375140810599348118e-01 3.556942900000000130e+00
5.343297675921757639e-01 -1.308313224409873507e-02 8.451748523918437561e-01 3.862047000000000008e+00 5.635901551215155569e-02 9.982066302309938743e-01 -2.017881892938358512e-02 -1.123867999999999950e-01 -8.433951392054571672e-01 5.841536624525445198e-02 5.341088691933886246e-01 3.593794100000000213e+00
5.313118576038824425e-01 -1.428581314389392939e-02 8.470558573744292330e-01 3.919147999999999854e+00 5.853067560621415255e-02 9.980876424206807096e-01 -1.988009205732075776e-02 -1.144886999999999988e-01 -8.451519804050581230e-01 6.014128024863760191e-02 5.311319576409075927e-01 3.628936299999999893e+00
5.281690037470534449e-01 -1.593368925566717928e-02 8.489897649721985795e-01 3.976689799999999941e+00 6.080984904610370334e-02 9.979665888752456970e-01 -1.910104048727139306e-02 -1.164628000000000052e-01 -8.469590696957175480e-01 6.171551697434071726e-02 5.280639442574686093e-01 3.665084100000000067e+00
5.256137277942352082e-01 -1.723079518295658058e-02 8.505488280231833231e-01 4.034380900000000381e+00 6.218688627025798638e-02 9.978983163660841704e-01 -1.821376868593250001e-02 -1.181906999999999958e-01 -8.484474057537435554e-01 6.246639009177380741e-02 5.255805835251572411e-01 3.700898399999999810e+00
5.232199541810498289e-01 -1.768561427379288994e-02 8.520141422503142437e-01 4.092861199999999755e+00 6.198191428796112623e-02 9.979264848863793613e-01 -1.734857525892529589e-02 -1.202379999999999977e-01 -8.499406578391104361e-01 6.188658828917108917e-02 5.232312379263557300e-01 3.736562000000000161e+00
5.208532828622428612e-01 -1.634070121271815126e-02 8.534898002996295086e-01 4.150542699999999918e+00 6.088524235780269633e-02 9.979815750562102128e-01 -1.804890886888801602e-02 -1.220264999999999961e-01 -8.514721633703924430e-01 6.136576677759732201e-02 5.207968871576915681e-01 3.772275000000000045e+00
5.183203525153132762e-01 -1.402848193822799072e-02 8.550714671083992080e-01 4.209860800000000403e+00 6.053048401628224884e-02 9.979595145481330309e-01 -2.031914928359797312e-02 -1.236785999999999996e-01 -8.530416594007328435e-01 6.228971839206974559e-02 5.181118781783338179e-01 3.808379700000000145e+00
5.150988831544228708e-01 -1.186847632476068989e-02 8.570485866290166177e-01 4.268995799999999896e+00 5.998449140749495534e-02 9.979517049911468263e-01 -2.223185318067899541e-02 -1.256118999999999986e-01 -8.550292400635491896e-01 6.286122632427479373e-02 5.147557331991144958e-01 3.844679399999999969e+00
5.123476559460630186e-01 -9.976532957759517289e-03 8.587201804061188604e-01 4.328832600000000141e+00 5.858410176033949923e-02 9.980091507414791119e-01 -2.335889674633141733e-02 -1.278650000000000064e-01 -8.567775571684337343e-01 6.227522642603817993e-02 5.119121152171306477e-01 3.880683700000000069e+00
5.094139722814644555e-01 -8.435392340338465633e-03 8.604802432365799003e-01 4.389092899999999631e+00 5.757638169141542084e-02 9.980452783546417406e-01 -2.430190579625504319e-02 -1.301246000000000069e-01 -8.585932477697129084e-01 6.192306928819153733e-02 5.089038891325021741e-01 3.916613599999999806e+00
5.058971912662310055e-01 -8.185590425217235955e-03 8.625549420056261019e-01 4.449252099999999821e+00 5.734376223662095845e-02 9.980620880899061520e-01 -2.416115167301206151e-02 -1.325629999999999864e-01 -8.606856132186063713e-01 6.168520427952720736e-02 5.053861996251032274e-01 3.952096200000000170e+00
5.029011025259924050e-01 -9.030339798983232080e-03 8.642967858561411143e-01 4.510459400000000230e+00 5.752850272088280009e-02 9.980778404349877064e-01 -2.304551599171805742e-02 -1.348476999999999870e-01 -8.624273606819502502e-01 6.131131539729067770e-02 5.024539482892131925e-01 3.987823999999999813e+00
4.997424750820858019e-01 -9.359650991905988510e-03 8.661234643699132763e-01 4.570869400000000304e+00 5.683575871232851573e-02 9.981409608256209820e-01 -2.200724548189007465e-02 -1.369059999999999999e-01 -8.643073267827970918e-01 6.022473956287324737e-02 4.993453971092146615e-01 4.022887700000000066e+00
4.923088161550344677e-01 -8.489303395098728167e-03 8.703792054408783230e-01 4.694552400000000070e+00 5.574282071678846734e-02 9.982072840238823686e-01 -2.179348664624859017e-02 -1.415839000000000125e-01 -8.686338512138267465e-01 5.924651761521686905e-02 4.918994639922932288e-01 4.094864799999999860e+00
4.858457075454033491e-01 -6.850989742925861492e-03 8.740177414670988743e-01 4.820707299999999584e+00 5.528610699292935832e-02 9.982077338676009770e-01 -2.290778078459420122e-02 -1.462878999999999985e-01 -8.722943280987631720e-01 5.945068533205467853e-02 4.853537072901331628e-01 4.166396100000000047e+00
4.831268646909355202e-01 -7.059100397701637691e-03 8.755219024761640156e-01 4.883810500000000054e+00 5.661256481484348846e-02 9.981268180726619033e-01 -2.319207945028778015e-02 -1.488514999999999977e-01 -8.737181754541858414e-01 6.077025708122751890e-02 4.826215139581843117e-01 4.201913399999999577e+00
4.783722572700422337e-01 -1.004207055538885313e-02 8.780997325437042145e-01 5.011020199999999925e+00 6.000850084798730472e-02 9.979710428146499890e-01 -2.127856972207111882e-02 -1.534224999999999894e-01 -8.761044248834389814e-01 6.287252597439144108e-02 4.780042700408206890e-01 4.271084799999999682e+00
4.735943084064287989e-01 -9.485284323405167306e-03 8.806920349511178081e-01 5.135537099999999633e+00 6.061728782705935042e-02 9.979219189058203821e-01 -2.184921471853424821e-02 -1.581613000000000047e-01 -8.786546394696428397e-01 6.373282630347829048e-02 4.731851132377716818e-01 4.339008299999999707e+00
4.709361780731103897e-01 -8.939142270727080258e-03 8.821219915166810255e-01 5.199183900000000413e+00 6.001199640160305437e-02 9.979568296824803397e-01 -2.192547326711444255e-02 -1.604993000000000114e-01 -8.801236711222949483e-01 6.326340036353300667e-02 4.705104310264095480e-01 4.373539000000000065e+00
4.660945168884415568e-01 -6.910291265540616235e-03 8.847079457092920096e-01 5.327020599999999995e+00 6.057641826133210172e-02 9.978721086878061808e-01 -2.411954090730812628e-02 -1.654829999999999912e-01 -8.826587103049278182e-01 6.483442432517275145e-02 4.655213191093025005e-01 4.441024800000000106e+00
4.634222597041587344e-01 -4.960389573862765411e-03 8.861236955109407232e-01 5.390172500000000255e+00 5.831432624274320714e-02 9.979874289044675661e-01 -2.491046172806152953e-02 -1.680935000000000068e-01 -8.842167429796531364e-01 6.321776873574250222e-02 4.627788512351531658e-01 4.474680399999999558e+00
4.605549458978622779e-01 -4.781796717693079929e-03 8.876183167494730020e-01 5.454366199999999942e+00 5.952520202996709753e-02 9.979007997179493161e-01 -2.550968924877098157e-02 -1.703965000000000063e-01 -8.856330459802800315e-01 6.458427318185071264e-02 4.598727862412206324e-01 4.508708500000000008e+00
4.525641083492638606e-01 -7.477779261151517448e-03 8.917005162336495427e-01 5.646638900000000127e+00 6.042726502596584837e-02 9.979234708745701177e-01 -2.230004302983749215e-02 -1.777998000000000078e-01 -8.896821193412383089e-01 6.397522250818993284e-02 4.520762075463716778e-01 4.607763300000000228e+00
4.496636172504471785e-01 -6.137443640764277814e-03 8.931768935137092136e-01 5.710996200000000300e+00 5.957660906286962876e-02 9.979555868497469451e-01 -2.313599636815100863e-02 -1.799546999999999952e-01 -8.912088750533251336e-01 6.361586642445057893e-02 4.491099671185811992e-01 4.640441400000000272e+00
4.429631596737173549e-01 -5.591143112889353922e-03 8.965223802508044404e-01 5.839274900000000379e+00 5.722618634091586332e-02 9.981177052218425105e-01 -2.205017277841374995e-02 -1.850244000000000055e-01 -8.947115751842888987e-01 6.107197099631151566e-02 4.424493322289843045e-01 4.704926500000000011e+00
4.396890706473887134e-01 -5.111243706844008361e-03 8.981355111234631261e-01 5.903087600000000101e+00 5.670236069087519759e-02 9.981469704944467836e-01 -2.207866809478916531e-02 -1.877264999999999906e-01 -8.963583900680113237e-01 6.063415275673617738e-02 4.391641334104542382e-01 4.736716699999999669e+00
4.360492393247088483e-01 -4.868596209735905067e-03 8.999096386056153474e-01 5.968754800000000138e+00 5.655343128858893870e-02 9.981570967874638933e-01 -2.200271670290274151e-02 -1.894988999999999979e-01 -8.981440698984932691e-01 6.048724579419938185e-02 4.355209786019526019e-01 4.768749699999999869e+00
4.282458438796860611e-01 -4.168420863596321996e-03 9.036526553202174350e-01 6.098867399999999606e+00 5.527787727301491927e-02 9.982375230293476509e-01 -2.159175538075047002e-02 -1.941935999999999940e-01 -9.019699848021359712e-01 5.919858008209826633e-02 4.277214918989906689e-01 4.832029300000000305e+00
4.208188879968579044e-01 -3.582367232189031386e-03 9.071376026546918991e-01 6.229694799999999866e+00 5.632621096033932351e-02 9.981658489341321827e-01 -2.218774392439804358e-02 -1.987011999999999945e-01 -9.053942906071029695e-01 6.043264570260886703e-02 4.202488237573588359e-01 4.894262799999999913e+00
4.138566688574676911e-01 -1.723754016569899183e-03 9.103404233111317412e-01 6.362071499999999880e+00 5.488434736415264553e-02 9.982263715037181795e-01 -2.306121525270743780e-02 -2.030174999999999896e-01 -9.086860657326111257e-01 5.950747773692845188e-02 4.132172479904215878e-01 4.955231200000000058e+00
4.098874827781521235e-01 -1.970009521754786941e-03 9.121339652289427447e-01 6.427846899999999586e+00 5.581422968040380961e-02 9.981779364776152130e-01 -2.292550750742766361e-02 -2.054728000000000110e-01 -9.104268357352901520e-01 6.030693319821682497e-02 4.092505963114196899e-01 4.985858000000000345e+00
4.062342613343890574e-01 -1.620845157421505617e-03 9.137675293963334333e-01 6.494175399999999598e+00 5.620923404113725708e-02 9.981489995401002790e-01 -2.321845657242789865e-02 -2.075734999999999941e-01 -9.120385117562810340e-01 6.079430547405510754e-02 4.055734279946300314e-01 5.015661200000000264e+00
4.024094922281005182e-01 -1.549681808700263674e-03 9.154584638589637891e-01 6.560516400000000026e+00 5.774566339732099818e-02 9.980501187041602718e-01 -2.369385813697108198e-02 -2.097902000000000100e-01 -9.136367105822342793e-01 6.239838973005146228e-02 4.017143288900347775e-01 5.045494999999999841e+00
3.990317019869661919e-01 -1.517639693342631019e-03 9.169358743004585310e-01 6.627232600000000140e+00 6.023434656130483011e-02 9.978820441318929646e-01 -2.456113787036996732e-02 -2.124073999999999962e-01 -9.149565696270602899e-01 6.503170587425712024e-02 3.982779844874261288e-01 5.074953999999999965e+00
3.957402535757021944e-01 -1.877257536162413309e-03 9.183605651398484282e-01 6.693399900000000180e+00 6.163121469413992970e-02 9.977977932600885502e-01 -2.451850608463885389e-02 -2.148616000000000137e-01 -9.162921177633057690e-01 6.630263697199806350e-02 3.949844493842709081e-01 5.104618499999999948e+00
3.927324897772251910e-01 -8.352346114921943565e-04 9.196523766383282172e-01 6.760804199999999931e+00 6.312204874797955334e-02 9.976657821945205118e-01 -2.604983685271830204e-02 -2.171080999999999983e-01 -9.174839499605644821e-01 6.828095943481837793e-02 3.918684883266595476e-01 5.133715600000000379e+00
3.871334108654270190e-01 -2.102736371385541259e-04 9.220236862340891459e-01 6.894311899999999937e+00 6.552512671329269178e-02 9.974778183058499170e-01 -2.728478984725241432e-02 -2.226341000000000014e-01 -9.196924376990971428e-01 7.097857263145911089e-02 3.861707682700663558e-01 5.191117300000000157e+00
3.808860930467717898e-01 1.558630501928025269e-03 9.246206545359694218e-01 7.033113499999999796e+00 6.545889403607149659e-02 9.974439926386144961e-01 -2.864637395402563208e-02 -2.271101000000000092e-01 -9.223019664487008829e-01 7.143565090413872554e-02 3.798105191602277886e-01 5.248761700000000197e+00
3.767200245223280008e-01 2.147050289485766261e-03 9.263246802816770264e-01 7.101176299999999664e+00 6.594566763244076590e-02 9.973978991920302573e-01 -2.913073304666963237e-02 -2.300349999999999895e-01 -9.239768352314944311e-01 7.206122995327719771e-02 3.755981723773594849e-01 5.277771000000000434e+00
3.730858963317827959e-01 3.021498502138487974e-03 9.277918864190997095e-01 7.170219900000000202e+00 6.526883239585756780e-02 9.974317333989537460e-01 -2.949435075467632741e-02 -2.326942999999999928e-01 -9.254981866411147173e-01 7.155981942095715476e-02 3.719305026055920171e-01 5.306712199999999768e+00
3.704062578834033115e-01 3.887925919150547749e-03 9.288617163780950037e-01 7.238997900000000207e+00 6.413328489820113720e-02 9.974978013270483501e-01 -2.974992631706188315e-02 -2.352703999999999906e-01 -9.266531853336390512e-01 7.059051196691834562e-02 3.692300823758385420e-01 5.333472699999999733e+00
3.655424008787604429e-01 2.203246056648393292e-03 9.307920814374204266e-01 7.379621000000000208e+00 6.720856642635622546e-02 9.973244999606019068e-01 -2.875500612501334652e-02 -2.403214999999999935e-01 -9.283651015407170526e-01 7.306837541063408714e-02 3.644163151618557972e-01 5.389068100000000250e+00
3.636095363575170269e-01 1.446683667311238208e-03 9.315503272374703325e-01 7.451457500000000067e+00 6.857402633304249262e-02 9.972441338608664108e-01 -2.831502061743167500e-02 -2.426927000000000112e-01 -9.290240621116045983e-01 7.417576818919452419e-02 3.625082722245055455e-01 5.416883499999999962e+00
3.609388873187627245e-01 1.502107334511247616e-03 9.325882603242704461e-01 7.519403500000000129e+00 6.738321242029549074e-02 9.973429730738039289e-01 -2.768567760100804423e-02 -2.449455000000000104e-01 -9.301519350649199991e-01 7.283363051407798494e-02 3.598786461588460162e-01 5.443477200000000238e+00
3.583586865472563332e-01 9.179269365521547375e-04 9.335835309099365098e-01 7.590458899999999787e+00 6.726102113683846140e-02 9.973754406226966740e-01 -2.679898278501383763e-02 -2.474891999999999925e-01 -9.311578850075614699e-01 7.239742987717762146e-02 3.573564121929591053e-01 5.471145199999999598e+00
3.560912211282530326e-01 -1.353255217843296609e-04 9.344511886248487720e-01 7.661263499999999560e+00 6.874593647509796845e-02 9.972939683209296469e-01 -2.605258084824504591e-02 -2.499173000000000089e-01 -9.319190085267878843e-01 7.351681738007775913e-02 3.551369300829652076e-01 5.497658699999999676e+00
3.530774550974817294e-01 -6.128003225348149785e-05 9.355940930481786433e-01 7.732422800000000151e+00 6.882713916498067741e-02 9.972921110401743450e-01 -2.590888209469774384e-02 -2.519121999999999750e-01 -9.330590204356049577e-01 7.354210699857743894e-02 3.521255782841679061e-01 5.525964300000000051e+00
3.504595367158475083e-01 1.329577582562954663e-03 9.365769297544997984e-01 7.802385799999999705e+00 6.778501849098585164e-02 9.973404629269294608e-01 -2.678044579305541989e-02 -2.543545999999999863e-01 -9.341216753684126184e-01 7.287134712731760389e-02 3.494373511443213953e-01 5.552798300000000076e+00
3.474369710191316241e-01 4.679049867873558838e-03 9.376916644939237155e-01 7.871968299999999807e+00 6.648954642284488070e-02 9.973475969982826816e-01 -2.961268272607953805e-02 -2.569026999999999838e-01 -9.353430875275314804e-01 7.263523424678305918e-02 3.462043202508880979e-01 5.579886400000000357e+00
3.436763170785620547e-01 6.060477899634219429e-03 9.390686128749824446e-01 7.942618799999999979e+00 6.342175482611356330e-02 9.975463075332462459e-01 -2.964869881735872001e-02 -2.594983000000000151e-01 -9.369441125777416834e-01 6.974693494637705660e-02 3.424486749448650835e-01 5.606644199999999856e+00
3.390762575854591732e-01 6.841975931404155331e-03 9.407340107103566718e-01 8.017466499999999385e+00 6.019121820224058311e-02 9.977669067644703293e-01 -2.895197777339139633e-02 -2.614144999999999941e-01 -9.388313526896988614e-01 6.644085438203495286e-02 3.379072418220947505e-01 5.633340800000000037e+00
3.342693775409446566e-01 5.682427431851464622e-03 9.424604465211635640e-01 8.090455999999999648e+00 5.902021577380389683e-02 9.978929418018317454e-01 -2.694978352602620322e-02 -2.642131999999999814e-01 -9.406277677000626225e-01 6.463270627606262919e-02 3.332296744154535917e-01 5.658820600000000312e+00
