1.000000000000000000e+00 0.000000000000000000e+00 0.000000000000000000e+00 0.000000000000000000e+00 0.000000000000000000e+00 1.000000000000000000e+00 0.000000000000000000e+00 0.000000000000000000e+00 0.000000000000000000e+00 0.000000000000000000e+00 1.000000000000000000e+00 0.000000000000000000e+00
9.988982870930307456e-01 -2.967536622817112339e-03 4.683381010553644419e-02 2.036699999999999795e-03 3.027610397727055740e-03 9.999946825235399572e-01 -1.211816786542421363e-03 -2.615000000000000137e-04 -4.682996495715946450e-02 1.352276242788502105e-03 9.989019600196380466e-01 4.604409999999999753e-02
9.956559219083341850e-01 -2.626733488520888692e-03 9.307193690928246277e-02 6.041999999999999628e-03 2.901247221476503831e-03 9.999918312189582936e-01 -2.814295633799057585e-03 -1.068399999999999949e-03 -9.306378422042081711e-02 3.072094812148292668e-03 9.956554094163503343e-01 9.139440000000000064e-02
9.902255125708269157e-01 -6.860648867235973579e-03 1.393067326117574389e-01 1.234339999999999916e-02 7.306985217724004840e-03 9.999696779925005830e-01 -2.692779716713973072e-03 -1.833500000000000060e-03 -1.392840343358532629e-01 3.684371411146961615e-03 9.902456176052654158e-01 1.363040000000000085e-01
9.728511181900576510e-01 -6.278422428408727413e-03 2.313466733025673072e-01 3.060809999999999920e-02 7.760438918344039413e-03 9.999547806312566456e-01 -5.496569884036100161e-03 -3.678799999999999865e-03 -2.313017021644004356e-01 7.142695885020983702e-03 9.728558497903710967e-01 2.244238000000000066e-01
9.469155799714403798e-01 -8.197065721079907497e-03 3.213778034042099052e-01 5.704660000000000286e-02 1.146601301467887676e-02 9.998999786922757593e-01 -8.280287237388238297e-03 -5.795200000000000351e-03 -3.212777847173656220e-01 1.152565506818318056e-02 9.469148558990672093e-01 3.100172999999999957e-01
9.310317640158092267e-01 -9.616502964308562551e-03 3.648114269925601949e-01 7.378260000000000374e-02 1.455821165314925489e-02 9.998357173241058105e-01 -1.079800150272857209e-02 -6.904399999999999774e-03 -3.646476557816774600e-01 1.536428435457583980e-02 9.310188107117917111e-01 3.526354999999999906e-01
9.132776821771648734e-01 -1.182250021900190309e-02 4.071659412643411913e-01 9.231699999999999628e-02 1.941168902855625739e-02 9.997062351524578228e-01 -1.451308810547062567e-02 -8.037000000000000741e-03 -4.068747492363760654e-01 2.115825810103998811e-02 9.132388879958878158e-01 3.936256000000000199e-01
8.320656656676364005e-01 -1.646227379333567789e-02 5.544327926436406484e-01 1.837465000000000070e-01 3.101975772023919317e-02 9.993762363953989647e-01 -1.687935896724695323e-02 -1.251739999999999971e-02 -5.538090850176174973e-01 3.124310595508667660e-02 8.320573091333484106e-01 5.520853999999999484e-01
8.117008310561634188e-01 -1.714340138807812081e-02 5.838217747323070084e-01 2.110366999999999937e-01 3.191332424598845169e-02 9.993777159573209445e-01 -1.502400024955968458e-02 -1.363490000000000014e-02 -5.832009092913897907e-01 3.082668708725614867e-02 8.117428255087448807e-01 5.901773000000000158e-01
7.906602561145148478e-01 -1.929264349453169852e-02 6.119511036904194956e-01 2.401316000000000006e-01 3.450520037975021714e-02 9.993189618068263336e-01 -1.307683907065826726e-02 -1.468269999999999992e-02 -6.112820548222259731e-01 3.145483238422218386e-02 7.907874828119103583e-01 6.277797000000000516e-01
7.693000338023051610e-01 -1.923893297491829218e-02 6.385979341101556406e-01 2.706680000000000197e-01 3.509368584867494922e-02 9.993099206165324544e-01 -1.217028228653822125e-02 -1.585169999999999982e-02 -6.379231075963046615e-01 3.177335385769208126e-02 7.694443207791628048e-01 6.647716999999999654e-01
7.260455049505781799e-01 -1.441995142736870496e-02 6.874954470699368159e-01 3.356353999999999727e-01 3.293047257050663035e-02 9.993621510344697922e-01 -1.381575390779374649e-02 -1.795860000000000165e-02 -6.868577063099337021e-01 3.267041598434178296e-02 7.260572533912645898e-01 7.363397000000000414e-01
7.042672726190198906e-01 -1.550067366044560746e-02 7.097656922068292795e-01 3.701546000000000003e-01 3.573120253574804672e-02 9.992684677446181940e-01 -1.363123386463557275e-02 -1.893639999999999907e-02 -7.090351824014916593e-01 3.496081359744654393e-02 7.043059361026912102e-01 7.711360000000000436e-01
6.364802780300754526e-01 -1.650811711419988143e-02 7.711162932710614593e-01 4.848401999999999989e-01 3.722044230130158726e-02 9.992635284945045049e-01 -9.329485280983507503e-03 -2.205330000000000137e-02 -7.703943758580104051e-01 3.463932288680697524e-02 6.366259678620487250e-01 8.722809000000000257e-01
6.152306340302310383e-01 -1.777595429268628152e-02 7.881467391290432056e-01 5.258009000000000155e-01 4.011261675433597934e-02 9.991566156494484652e-01 -8.776980178851532741e-03 -2.298009999999999983e-02 -7.873260093048365382e-01 3.701449517316852955e-02 6.154247981834951586e-01 9.043915000000000148e-01
5.949976958339314725e-01 -1.959847548490012414e-02 8.034884203963241767e-01 5.686094999999999899e-01 4.461565587827172330e-02 9.989665843617985264e-01 -8.672172684710450358e-03 -2.371909999999999991e-02 -8.024881215338106610e-01 4.100808563185520672e-02 5.952572147483358167e-01 9.359020000000000117e-01
5.595217001845965710e-01 -2.473702267143516181e-02 8.284464658213536170e-01 6.589087999999999612e-01 5.497835911811948389e-02 9.984607281722469585e-01 -7.318082154873183781e-03 -2.522390000000000049e-02 -8.269902339515368128e-01 4.964125307744847448e-02 5.600204451104291437e-01 9.980575000000000419e-01
5.446081766635969545e-01 -2.770970396136839334e-02 8.382327279565775502e-01 7.057166000000000272e-01 5.943347146907738965e-02 9.982164699672874120e-01 -5.616186889866110060e-03 -2.598489999999999828e-02 -8.365820918357544933e-01 5.287770222334613190e-02 5.452837355242612372e-01 1.028734800000000060e+00
5.076248327316107423e-01 -3.160417255907072009e-02 8.609983771593652246e-01 8.473629000000000300e-01 6.446253233289353513e-02 9.979191799462676649e-01 -1.375580095540313019e-03 -2.791160000000000169e-02 -8.591633203992328216e-01 5.620041434211203724e-02 5.086058417953337463e-01 1.115382099999999932e+00
4.871948241481379172e-01 -2.926998642706717113e-02 8.728026530767564184e-01 9.480627999999999833e-01 6.489856891627165947e-02 9.978880452878160501e-01 -2.761308436478690509e-03 -2.964989999999999987e-02 -8.708785099403276719e-01 5.798893830913559588e-02 4.880654709748419862e-01 1.172690699999999975e+00
4.699897169845473344e-01 -2.452704343526911426e-02 8.823310546892869644e-01 1.052796800000000088e+00 6.624647049318649339e-02 9.977747159944061472e-01 -7.551242909449727009e-03 -3.075599999999999862e-02 -8.801824078428178710e-01 6.200032469758981479e-02 4.705686864437677031e-01 1.229158399999999984e+00
4.635174580263922151e-01 -2.363761157343818170e-02 8.857724478802977419e-01 1.106797299999999984e+00 6.633860703070526554e-02 9.977643858525117038e-01 -8.088234763270332056e-03 -3.156309999999999671e-02 -8.836010159127123398e-01 6.250994835594869681e-02 4.640492980649353338e-01 1.257411199999999951e+00
4.583346936740805289e-01 -2.297721486033792518e-02 8.884826144455211239e-01 1.161516100000000051e+00 6.616745233897752820e-02 9.977737642691610898e-01 -8.329681093397121872e-03 -3.236859999999999737e-02 -8.863132498308121665e-01 6.260641287767912400e-02 4.588346763714939991e-01 1.285751899999999948e+00
4.537310970674877653e-01 -2.169415634142056459e-02 8.908745451153983197e-01 1.217308300000000010e+00 6.687644451749621965e-02 9.977134790976992518e-01 -9.764978006282076101e-03 -3.303670000000000218e-02 -8.886256988871255036e-01 6.400919627208986884e-02 4.541444594729400208e-01 1.314564899999999925e+00
4.496353287493635165e-01 -1.957138568187447372e-02 8.929977782743601100e-01 1.273897599999999963e+00 6.574297279682887740e-02 9.977733425940467082e-01 -1.123469343322274633e-02 -3.414579999999999699e-02 -8.907894996396663601e-01 6.375984371996529232e-02 4.499208259911051666e-01 1.343864600000000076e+00
4.456082471493530983e-01 -1.899076241665657167e-02 8.950266146966329162e-01 1.331369800000000048e+00 6.648565203179937488e-02 9.977160383632783791e-01 -1.193167492817717376e-02 -3.528169999999999917e-02 -8.927558166410271001e-01 6.482328081422063237e-02 4.458531082297095827e-01 1.373415599999999959e+00
4.430147892654159314e-01 -2.008984822205718904e-02 8.962891801704033767e-01 1.390535400000000088e+00 6.644546876098018917e-02 9.977350328218259623e-01 -1.047873852921227256e-02 -3.614969999999999989e-02 -8.940485983285544336e-01 6.419659086310344764e-02 4.433462546907356305e-01 1.403250700000000073e+00
4.388365665478504707e-01 -2.244281968814636555e-02 8.982865843955031293e-01 1.511898500000000034e+00 6.609882617097811996e-02 9.977859198067864366e-01 -7.362296798154619598e-03 -3.744120000000000087e-02 -8.961324751616318585e-01 6.260653384248843212e-02 4.393483912351524578e-01 1.463361600000000040e+00
4.369134766822002081e-01 -2.382660221233111678e-02 8.991879152437982636e-01 1.573183900000000079e+00 6.993993424626741839e-02 9.975226222987927382e-01 -7.551397206339696688e-03 -3.820830000000000060e-02 -8.967803630159953965e-01 6.618845087441964370e-02 4.374975079697531744e-01 1.492399299999999984e+00
4.357851747383873486e-01 -2.345256846672031867e-02 8.997451075224288664e-01 1.636839500000000003e+00 6.896172820981431861e-02 9.975918745225084150e-01 -7.398103066568975650e-03 -3.883700000000000346e-02 -8.974049038870631767e-01 6.527196120066926233e-02 4.363530790088107070e-01 1.524132000000000042e+00
4.352979859082770631e-01 -2.245232997905874037e-02 9.000064201674946585e-01 1.766697600000000090e+00 6.961756521072896831e-02 9.975350630072216118e-01 -8.785936791737072871e-03 -4.080249999999999849e-02 -8.975906962966624381e-01 6.648075623584587257e-02 4.357880803463797248e-01 1.586548199999999964e+00
4.369864581539566473e-01 -2.210393207495859463e-02 8.991964477114474663e-01 1.897937299999999938e+00 7.060388951602430962e-02 9.974563654089178000e-01 -9.792338354068473583e-03 -4.314019999999999661e-02 -8.966927713410369760e-01 6.776588590181009675e-02 4.374355478612518278e-01 1.650275600000000065e+00
4.392516002201592995e-01 -2.259934338976258769e-02 8.980797856440043692e-01 2.034077599999999819e+00 7.096348028123825036e-02 9.974326316962675021e-01 -9.608834155730328064e-03 -4.578959999999999975e-02 -8.955569307254584999e-01 6.795156293868165331e-02 4.397276076433986880e-01 1.717562999999999951e+00
4.412012324209314551e-01 -2.220035441039897028e-02 8.971335557063416788e-01 2.176535599999999793e+00 7.216881584547595041e-02 9.973338271221859896e-01 -1.081199783922267080e-02 -4.787879999999999914e-02 -8.945016123684254028e-01 6.951533314216551407e-02 4.416270869505409813e-01 1.786713800000000019e+00
4.420432264153232316e-01 -2.178677055555420031e-02 8.967291244345144685e-01 2.247585799999999967e+00 7.148786344339744248e-02 9.973807264903765679e-01 -1.100780658563353664e-02 -4.886189999999999978e-02 -8.941405210371743406e-01 6.897117553216121355e-02 4.424428839806131553e-01 1.821625000000000050e+00
4.433120273684036383e-01 -2.691295540295388089e-02 8.959632465798996748e-01 2.394249700000000036e+00 7.515312198759956097e-02 9.971457755834736147e-01 -7.232599225026281609e-03 -5.083000000000000018e-02 -8.932113157848105001e-01 7.054073339221450523e-02 4.440693079761939277e-01 1.894352100000000094e+00
4.448464267294591767e-01 -2.671007661496226440e-02 8.952084832223465849e-01 2.541254799999999925e+00 7.862528162575717350e-02 9.968606046053642977e-01 -9.327383078757835178e-03 -5.421759999999999774e-02 -8.921489347162288031e-01 7.453527214044616822e-02 4.455499652021615020e-01 1.966868300000000014e+00
4.449140383993428483e-01 -2.663699852773454210e-02 8.951770599968597031e-01 2.688376400000000110e+00 7.815027226291640372e-02 9.968993445279226151e-01 -9.177789768251322366e-03 -5.619110000000000077e-02 -8.921569555747576041e-01 7.404165847164451142e-02 4.456162019387852613e-01 2.042979700000000065e+00
4.454733631996967147e-01 -2.905480334544296300e-02 8.948236145085288751e-01 2.844316000000000066e+00 8.064393296974853298e-02 9.967125780150630776e-01 -7.784144252108632367e-03 -5.944870000000000015e-02 -8.916557849050952278e-01 7.562972450779235911e-02 4.463519978852493741e-01 2.119200900000000054e+00
4.458577682701263534e-01 -3.008673806796673122e-02 8.945980318923196783e-01 2.920930600000000155e+00 8.175728164417031540e-02 9.966260537411185672e-01 -7.228824424532126480e-03 -6.093189999999999718e-02 -8.913622144624138155e-01 7.636293077687932029e-02 4.468132780388552883e-01 2.157283099999999898e+00
4.455758866888954728e-01 -2.914325917086465004e-02 8.947696908402206217e-01 2.999804699999999880e+00 8.194847204416111364e-02 9.966016001216624343e-01 -8.348566617649481880e-03 -6.187519999999999826e-02 -8.914856011910857747e-01 7.704492896902301324e-02 4.464498872092210746e-01 2.196939700000000162e+00
4.448535679985790581e-01 -2.832364613293065006e-02 8.951553351841623485e-01 3.077435499999999990e+00 8.127270144794469797e-02 9.966525755967703404e-01 -8.853900591112587315e-03 -6.350269999999999526e-02 -8.919080956232467994e-01 7.669038157461845195e-02 4.456663935452757075e-01 2.236443299999999912e+00
4.437681152541758656e-01 -2.742348876048278025e-02 8.957219502434671243e-01 3.156063599999999969e+00 8.066064656042705450e-02 9.966968535179995259e-01 -9.446813418990736289e-03 -6.496789999999999510e-02 -8.925041848530518296e-01 7.644170623110810303e-02 4.445142804998132302e-01 2.276238900000000065e+00
4.425411367283190178e-01 -2.613580246631138845e-02 8.963672585121843506e-01 3.235993899999999979e+00 7.992761291386760170e-02 9.967464355853649094e-01 -1.039806913618797346e-02 -6.606470000000000398e-02 -8.931791080164707131e-01 7.624606860233484884e-02 4.431902729365682081e-01 2.316194299999999817e+00
4.417152707655881416e-01 -2.620675790047691592e-02 8.967724490710163865e-01 3.316520500000000204e+00 7.872802304310810850e-02 9.968494537690456569e-01 -9.647015501133907045e-03 -6.750299999999999356e-02 -8.936943090118717459e-01 7.486235609905067534e-02 4.423868326239965842e-01 2.356144700000000203e+00
4.409103407976343036e-01 -2.666696264707049679e-02 8.971549166564787292e-01 3.397819999999999840e+00 7.911764789057548763e-02 9.968223391619593921e-01 -9.253212412056739666e-03 -6.897380000000000178e-02 -8.940573075424060878e-01 7.506062383739872668e-02 4.416191046356165995e-01 2.396154399999999907e+00
4.406317080015196841e-01 -2.622211101218321905e-02 8.973049084885961202e-01 3.479696000000000122e+00 7.642998144962601104e-02 9.970396079161194525e-01 -8.395128473153552762e-03 -7.022100000000000564e-02 -8.944283961498947777e-01 7.228015730845963049e-02 4.413314208394764071e-01 2.436525599999999958e+00
4.389789798647702468e-01 -2.535514789261220786e-02 8.981395057073422450e-01 3.562286900000000145e+00 7.684973627620800274e-02 9.969982284175764597e-01 -9.415442979035258675e-03 -7.134459999999999413e-02 -8.952047661128501588e-01 7.315496570676491284e-02 4.396098016665224151e-01 2.477534499999999973e+00
4.365249609743163117e-01 -2.381088638990454601e-02 8.993770066750087500e-01 3.645025500000000029e+00 7.555124779832678161e-02 9.970890101926970228e-01 -1.027203529314058353e-02 -7.276929999999999510e-02 -8.965143431102969851e-01 7.243305490088597365e-02 4.370531834402282545e-01 2.517639899999999820e+00
4.328061354047650910e-01 -2.376862723371330616e-02 9.011736245116237498e-01 3.728469599999999939e+00 7.667700511921388129e-02 9.970003839410256363e-01 -1.052954450085848148e-02 -7.456419999999999715e-02 -8.982201768174329359e-01 7.365654608296735850e-02 4.333303903226584097e-01 2.558340499999999906e+00
4.285792422694050807e-01 -2.323077307062674374e-02 9.032054939371901847e-01 3.812968999999999831e+00 7.470160040718343275e-02 9.971577829103608348e-01 -9.799330482192770281e-03 -7.588810000000000000e-02 -9.004107418241898975e-01 7.167068552647438973e-02 4.290965029498342576e-01 2.599451800000000201e+00
4.237505628114245915e-01 -2.312378323360434959e-02 9.054837111544117301e-01 3.897328900000000207e+00 7.261553427761484325e-02 9.973236695459960499e-01 -8.513656375815813887e-03 -7.759330000000000394e-02 -9.028634695780849428e-01 6.935985014599010956e-02 4.242956121492990063e-01 2.640189900000000200e+00
4.196405449327643145e-01 -2.139238329599817481e-02 9.074382507837377432e-01 3.983325999999999922e+00 7.079601544015710901e-02 9.974481561647323691e-01 -9.224964030977732959e-03 -7.934879999999999711e-02 -9.049252661111466534e-01 6.811418134641929190e-02 4.200841832932745712e-01 2.680890600000000124e+00
4.156403483592551740e-01 -2.057237847076565790e-02 9.092963642618684394e-01 4.069679700000000011e+00 7.211895641203527885e-02 9.973418016371736750e-01 -1.040128997555882576e-02 -8.107720000000000204e-02 -9.066652948811021462e-01 6.990070064865074040e-02 4.160191523319470841e-01 2.720061100000000121e+00
4.114739094359597393e-01 -1.884055992790695938e-02 9.112267857976357188e-01 4.156122700000000059e+00 7.169045791212341756e-02 9.973577033285685456e-01 -1.175116400673059669e-02 -8.299760000000000471e-02 -9.085976557849120283e-01 7.016156292989748910e-02 4.117373616632286071e-01 2.759463499999999847e+00
4.070573258119206117e-01 -1.792670934316901998e-02 9.132266786482826637e-01 4.243156899999999787e+00 7.067303217460002562e-02 9.974282889373663474e-01 -1.192186859202683594e-02 -8.480250000000000288e-02 -9.106644036230339134e-01 6.939338239056476454e-02 4.072774268901985240e-01 2.799060100000000162e+00
4.020890072295259521e-01 -1.690974883897044395e-02 9.154444224852633649e-01 4.331434200000000345e+00 6.876521749936492789e-02 9.975633549046439841e-01 -1.177700359413940551e-02 -8.645329999999999682e-02 -9.130146631502911170e-01 6.768613850408572441e-02 4.022720615789350251e-01 2.839148499999999853e+00
3.970880127171411700e-01 -1.643067980755398907e-02 9.176334469260660764e-01 4.420452100000000328e+00 6.667074361660213500e-02 9.977145493849661761e-01 -1.098589510068327321e-02 -8.832450000000000023e-02 -9.153557352756145349e-01 6.554167152747591985e-02 3.972759333151500982e-01 2.878582999999999892e+00
3.921870939328006567e-01 -1.642858575736000359e-02 9.197387590628969267e-01 4.509998300000000349e+00 6.560862783532857290e-02 9.977937740420462776e-01 -1.015344456306412763e-02 -9.008929999999999716e-02 -9.175428008033792437e-01 6.432484786568046231e-02 3.923996975546071297e-01 2.917085900000000009e+00
3.867548472019745609e-01 -1.678144506980636108e-02 9.220298646286607669e-01 4.600400399999999834e+00 6.597437365079501792e-02 9.977759639322851815e-01 -9.513559816621806192e-03 -9.186590000000000034e-02 -9.198195856727354736e-01 6.450975817942762591e-02 3.870018357998695757e-01 2.955841299999999894e+00
3.815103798792384704e-01 -1.595222424342680051e-02 9.242268967012845504e-01 4.690641399999999628e+00 6.703295118983421119e-02 9.976960349396342131e-01 -1.045013495192285632e-02 -9.376189999999999525e-02 -9.219308073273073667e-01 6.594049141020653926e-02 3.817007179629087199e-01 2.993863600000000069e+00
3.762085681465188736e-01 -1.499450943463472366e-02 9.264136645904790246e-01 4.781622399999999828e+00 6.713524613352107873e-02 9.976819709389183055e-01 -1.111501642044466706e-02 -9.572070000000000578e-02 -9.240995465747927629e-01 6.637657380619958747e-02 3.763431658340729014e-01 3.031576400000000060e+00
3.704712068119766499e-01 -1.534417945073895603e-02 9.287172018867000389e-01 4.873807399999999568e+00 6.788152925644966307e-02 9.976371250266455881e-01 -1.059550632933333250e-02 -9.752629999999999633e-02 -9.263601799025493744e-01 6.696807392745214582e-02 3.706374160353538283e-01 3.069271800000000106e+00
3.649587275402920716e-01 -1.523702855590672312e-02 9.308990064195780123e-01 4.966072600000000392e+00 6.694466018561477660e-02 9.977074238420109431e-01 -9.915083618940098709e-03 -9.966540000000000121e-02 -9.286137731397287043e-01 6.593731395290904074e-02 3.651420695617968448e-01 3.106825600000000076e+00
3.595974082263388438e-01 -1.422201756590620730e-02 9.329991630292360227e-01 5.058684300000000356e+00 6.637913591862701357e-02 9.977405320743127914e-01 -1.037501666329077726e-02 -1.015415000000000068e-01 -9.307435276764466359e-01 6.566250735710732478e-02 3.597289546533355420e-01 3.143826699999999974e+00
3.543142552337934514e-01 -1.315280353285741902e-02 9.350339097045348158e-01 5.151990900000000373e+00 6.543323347009870339e-02 9.977989451100343077e-01 -1.075904712092333460e-02 -1.036948000000000036e-01 -9.328343371123135608e-01 6.499437588383126518e-02 3.543950205740783455e-01 3.180490499999999887e+00
3.506740267991844129e-01 -1.451642706258747875e-02 9.363850705098737404e-01 5.246300200000000302e+00 6.651156060978799522e-02 9.977409900527840492e-01 -9.440819548162678043e-03 -1.054092999999999974e-01 -9.341327203527853840e-01 6.559108257855675306e-02 3.508473609028256446e-01 3.215721600000000180e+00
3.466881740219764918e-01 -1.590149871825242284e-02 9.378456441930203002e-01 5.341158899999999932e+00 6.892614567815025239e-02 9.975849962530466408e-01 -8.565144059688938050e-03 -1.070359000000000033e-01 -9.354445448209436353e-01 6.761151964955550153e-02 3.469469497998441954e-01 3.251149900000000148e+00
3.433782098548301964e-01 -1.544467078920364750e-02 9.390702141699017735e-01 5.436019400000000168e+00 7.071991884285078189e-02 9.974514057806996847e-01 -9.454426739190953388e-03 -1.084275999999999990e-01 -9.365308847420638072e-01 6.965741346274098578e-02 3.435953239989275598e-01 3.286157100000000053e+00
3.401174718461659752e-01 -1.523308153359112169e-02 9.402595697848352696e-01 5.530994899999999603e+00 7.122331063430695219e-02 9.974141547476432779e-01 -9.604370428787475239e-03 -1.102086000000000038e-01 -9.376818998825036111e-01 7.023501360457841403e-02 3.403229311943336555e-01 3.320899999999999963e+00
3.361572906787296255e-01 -1.493040372628182816e-02 9.416875060061624669e-01 5.627845800000000231e+00 7.032520878693176991e-02 9.974808647065588341e-01 -9.289217046131326844e-03 -1.121318000000000037e-01 -9.391765760135899477e-01 6.934700850668261418e-02 3.363604487429572298e-01 3.356325399999999792e+00
3.322887006215446970e-01 -1.348113991726651931e-02 9.430813741696822960e-01 5.724665599999999799e+00 6.859926799507404249e-02 9.975950732102970564e-01 -9.910112869291963500e-03 -1.139879000000000031e-01 -9.406797328898849342e-01 6.798771045617860165e-02 3.324143669535680745e-01 3.391005499999999895e+00
3.285855440988663112e-01 -1.190027612121679484e-02 9.443992395366965775e-01 5.821541800000000322e+00 6.762059619974086777e-02 9.976509516125006138e-01 -1.095598997186198256e-02 -1.157899000000000012e-01 -9.420504207200607327e-01 6.746081955409931330e-02 3.286183845226035016e-01 3.425017599999999884e+00
3.242578180094652929e-01 -1.180639792950822012e-02 9.458950662878364835e-01 5.918493699999999968e+00 6.692265192290378084e-02 9.977030381766617273e-01 -1.048838751498021998e-02 -1.178671000000000024e-01 -9.435985513550486647e-01 6.670274792681807341e-02 3.243031256396783357e-01 3.458015899999999920e+00
3.192172462162602420e-01 -1.079964831311952533e-02 9.476200279196407283e-01 6.015025099999999902e+00 6.628925751545244882e-02 9.977402587650651133e-01 -1.095948801134920964e-02 -1.194107999999999975e-01 -9.453602932512861212e-01 6.631548564048830863e-02 3.192117985101876609e-01 3.491787200000000091e+00
3.155279917025928249e-01 -1.021230443190074624e-02 9.488613150984283040e-01 6.111375800000000247e+00 6.518405444728755938e-02 9.978133229394495762e-01 -1.093670930155317758e-02 -1.221399999999999986e-01 -9.466747728221881486e-01 6.530146554805496550e-02 3.155037132892964946e-01 3.522375600000000162e+00
3.116576419945625287e-01 -1.035416337832970046e-02 9.501380454897720984e-01 6.209989099999999596e+00 6.512871097095930539e-02 9.978217407411840156e-01 -1.048926648983272703e-02 -1.245947000000000027e-01 -9.479597909160759617e-01 6.515032620768938798e-02 3.116531241643204497e-01 3.554070499999999910e+00
3.070009109737475983e-01 -1.043544433530332535e-02 9.516520068611288297e-01 6.307021100000000047e+00 6.472940332940466113e-02 9.978533513173414304e-01 -9.939497440503673731e-03 -1.262424000000000046e-01 -9.495054212619896683e-01 6.465130135020724644e-02 3.070173679579322190e-01 3.586185700000000143e+00
3.018338934523021599e-01 -1.080970837355266917e-02 9.532992452364070779e-01 6.406379699999999566e+00 6.546516106683300529e-02 9.978104554398131709e-01 -9.413166390027708635e-03 -1.281920000000000004e-01 -9.511102004762215234e-01 6.524910129550812177e-02 3.018806739925737892e-01 3.623250699999999824e+00
2.982641498235133470e-01 -1.078566861183555964e-02 9.544224254923248107e-01 6.504643899999999590e+00 6.665115359629458780e-02 9.977305982508239968e-01 -9.553901733637237825e-03 -1.304523999999999961e-01 -9.521534123524106885e-01 6.646294205531767807e-02 2.983061458954735512e-01 3.653183700000000034e+00
2.953306640633594493e-01 -9.538119178772199586e-03 9.553474881667017859e-01 6.605580800000000252e+00 6.762353794018137465e-02 9.976508807342169272e-01 -1.094428100397443551e-02 -1.312650999999999957e-01 -9.529988751201902142e-01 6.783615888869773403e-02 2.952818984747953568e-01 3.681906500000000193e+00
2.917575389146314646e-01 -7.790547788641747490e-03 9.564605824871353912e-01 6.704827299999999823e+00 6.716750151256088708e-02 9.976651215388467886e-01 -1.236252423408064349e-02 -1.329724999999999935e-01 -9.541310524383103120e-01 6.784992726621738579e-02 2.915995921515178724e-01 3.712891100000000222e+00
2.886859019760986134e-01 -7.654556958590966881e-03 9.573932618093853320e-01 6.804287900000000278e+00 6.856903104274576777e-02 9.975655344068182773e-01 -1.270010021605809392e-02 -1.352688999999999975e-01 -9.549653072138827303e-01 6.931386817518293830e-02 2.885079716342132672e-01 3.741914700000000149e+00
2.855341776446288504e-01 -6.178263197253577865e-03 9.583486121765247834e-01 6.902742400000000167e+00 6.771407352318066508e-02 9.976101026966338603e-01 -1.374362559548869892e-02 -1.370289000000000090e-01 -9.559733456763859216e-01 6.881796321802288730e-02 2.852701356518414499e-01 3.771773599999999949e+00
2.817572664377089864e-01 -6.760640563083494814e-03 9.594618994773721488e-01 7.003840900000000147e+00 6.829825251393836782e-02 9.975798899085692728e-01 -1.302735405019822545e-02 -1.399441999999999908e-01 -9.570518227938821232e-01 6.920012275410857006e-02 2.815371227702025969e-01 3.801753300000000113e+00
2.779080186848080225e-01 -6.346363412121219794e-03 9.605867252997648542e-01 7.103320599999999985e+00 6.814985559607399102e-02 9.975887501097049359e-01 -1.312565567089856583e-02 -1.419198000000000126e-01 -9.581872104828570436e-01 6.911157157812300444e-02 2.776704167553384339e-01 3.831410200000000099e+00
2.743964416304456311e-01 -6.835439113944428990e-03 9.615923614467146718e-01 7.203241799999999806e+00 7.049329973940124394e-02 9.974272053920903991e-01 -1.302553782289463113e-02 -1.437702999999999898e-01 -9.590293465334626122e-01 7.135997979150698889e-02 2.741723286032989870e-01 3.859225499999999975e+00
2.706083426135487136e-01 -7.832146405982023940e-03 9.626576662503776305e-01 7.303581199999999995e+00 7.244224711561052243e-02 9.972973778346573281e-01 -1.224993865117817576e-02 -1.462117000000000000e-01 -9.599600229909519555e-01 7.305202014175976588e-02 2.704443687940625285e-01 3.888617800000000013e+00
2.673836928159828430e-01 -8.687222754945676806e-03 9.635509809952425009e-01 7.404971100000000028e+00 7.307493063728007221e-02 9.972625823124181554e-01 -1.128700278745409236e-02 -1.481694000000000067e-01 -9.608152867895289884e-01 7.342938158784428904e-02 2.672865701661456539e-01 3.917901800000000101e+00
2.647563213450908060e-01 -9.235326914623212535e-03 9.642711232037359803e-01 7.505325799999999603e+00 7.304885135358450687e-02 9.972730333273593928e-01 -1.050534692285186311e-02 -1.501337000000000088e-01 -9.615445676741856129e-01 7.322025494921192978e-02 2.647089697033998545e-01 3.945305799999999863e+00
2.624096174188041974e-01 -7.970753670591031181e-03 9.649236548929868151e-01 7.607007499999999922e+00 7.190403685397464550e-02 9.973473649807058639e-01 -1.131561090463241090e-02 -1.521686999999999901e-01 -9.622738706679193621e-01 7.235123117104184931e-02 2.622866698439236810e-01 3.973040300000000080e+00
2.595463965218079427e-01 -5.553759329880031403e-03 9.657146699775508436e-01 7.709190399999999777e+00 7.133935687788094115e-02 9.973615845940754232e-01 -1.343747506956233587e-02 -1.542127000000000081e-01 -9.630920850120171517e-01 7.238111171639007024e-02 2.592578069295207177e-01 4.000828300000000226e+00
2.561885942507459157e-01 -3.455391328835495657e-03 9.666206414341624864e-01 7.812994500000000286e+00 7.109218500809955099e-02 9.973527580578687157e-01 -1.527668894546511946e-02 -1.564823999999999937e-01 -9.640089757915126789e-01 7.263288693922993755e-02 2.557560523785745721e-01 4.028762799999999977e+00
2.529018795284750931e-01 -1.575580717725753865e-03 9.674906495033254172e-01 7.916723300000000130e+00 6.962610159744772598e-02 9.974354341961125803e-01 -1.657590378694833236e-02 -1.586651000000000034e-01 -9.649833393936427806e-01 7.155467947950162888e-02 2.523629975596248798e-01 4.056672100000000114e+00
2.496825120583388846e-01 -1.400107007696743677e-04 9.683277459461964165e-01 8.020669899999999686e+00 6.845743378608679097e-02 9.975004102546429774e-01 -1.750746415796882588e-02 -1.614007000000000080e-01 -9.659048726099591642e-01 7.066054018207537646e-02 2.490679929848801377e-01 4.083685400000000243e+00
2.454729974158468830e-01 3.426216037356877298e-05 9.694034280761463229e-01 8.125379600000000480e+00 6.850989342442723173e-02 9.974989787980945710e-01 -1.738337710952960954e-02 -1.642667999999999906e-01 -9.669795251413824122e-01 7.068087522705743253e-02 2.448567169478589323e-01 4.111609900000000373e+00
2.420830445910681916e-01 -8.669488156344828944e-04 9.702551457844837968e-01 8.230784399999999223e+00 6.855019731657810422e-02 9.975159309610925895e-01 -1.621227703572154788e-02 -1.672088999999999936e-01 -9.678309098026250945e-01 7.043589907551295326e-02 2.415411231075301757e-01 4.138365300000000246e+00
2.384575547315427035e-01 -1.579229906020704344e-03 9.711516362671472891e-01 8.335195499999999313e+00 6.842844932808554714e-02 9.975405352753873300e-01 -1.517984865034662650e-02 -1.696594999999999909e-01 -9.687391506045408551e-01 7.007415012255041598e-02 2.379791410409646257e-01 4.164408700000000074e+00
2.341633086737892888e-01 -2.011924199213102615e-03 9.721951949233036405e-01 8.439086899999999503e+00 6.858442223623091583e-02 9.975405921793526476e-01 -1.445489470694377374e-02 -1.727588999999999930e-01 -9.697750883052556059e-01 7.006225171576387079e-02 2.337253922599143996e-01 4.190831199999999868e+00
2.302531526603082690e-01 -1.424953655015187559e-03 9.731297216697627483e-01 8.545272799999999336e+00 6.761962931876942806e-02 9.976052377687296691e-01 -1.453875191302446065e-02 -1.755217000000000027e-01 -9.707785903185035536e-01 6.915026452210658314e-02 2.297981059446350116e-01 4.216771600000000397e+00
2.265453041330628969e-01 -5.591384794608952880e-04 9.740004684492810094e-01 8.652275100000000663e+00 6.713525087669955371e-02 9.976304839534244628e-01 -1.504245912671526436e-02 -1.782582000000000055e-01 -9.716841478921948161e-01 6.879756428113623090e-02 2.260460393017367231e-01 4.242454500000000017e+00
2.231689602005388351e-01 -3.279854467018450404e-05 9.747797772457458265e-01 8.757735300000000223e+00 6.727031490951718151e-02 9.976164316761410022e-01 -1.536749757565520486e-02 -1.814212000000000047e-01 -9.724558190144088066e-01 6.900329103759361704e-02 2.226392281045648236e-01 4.266862899999999570e+00
2.201136607211744978e-01 8.389664888537595733e-05 9.754742279144417161e-01 8.865553900000000098e+00 6.879531098804954337e-02 9.975086740290476373e-01 -1.560930564979709848e-02 -1.840565999999999869e-01 -9.730453132048790810e-01 7.054387427809408195e-02 2.195595141456074817e-01 4.291907300000000092e+00
2.177091185156839470e-01 -5.246515171739990491e-04 9.760135575164463617e-01 8.973730099999999155e+00 7.008236984421631344e-02 9.974269701661083731e-01 -1.509637778659472795e-02 -1.865062000000000109e-01 -9.734943251771643880e-01 7.168796221153617143e-02 2.171857152802987301e-01 4.315938000000000052e+00
2.148276418199038529e-01 -1.786198075894487869e-03 9.766503436780910041e-01 9.079501199999999272e+00 7.122360657849928500e-02 9.973643177390083547e-01 -1.384252747707260742e-02 -1.890388000000000068e-01 -9.740514781961221447e-01 7.253431737761117937e-02 2.143886438842171893e-01 4.339524299999999890e+00
2.120548900124201996e-01 -1.749840381929573807e-03 9.772561904027303736e-01 9.186428100000000541e+00 7.275039256930439235e-02 9.972519076208699040e-01 -1.400046883314651214e-02 -1.914468000000000003e-01 -9.745461015276968286e-01 7.406463937111673612e-02 2.115994451599387816e-01 4.362885999999999598e+00
2.094238359281644368e-01 -9.656940722867143889e-04 9.778244854676589881e-01 9.290681799999999768e+00 7.266069597607052732e-02 9.972501849998609558e-01 -1.457709772266596593e-02 -1.944587000000000121e-01 -9.751215720131547471e-01 7.410219937830356263e-02 2.089181271261347783e-01 4.385610599999999692e+00
2.064121375770127387e-01 -7.012226942019542109e-04 9.784648883570740141e-01 9.396391899999999353e+00 7.222524440060282269e-02 9.972826269277880185e-01 -1.452157358152457792e-02 -1.974139000000000033e-01 -9.757958513603967043e-01 7.366729474294259061e-02 2.059018847730512691e-01 4.408603699999999570e+00
2.035824062215416119e-01 8.508021785917571633e-04 9.790574446949985576e-01 9.503725100000000481e+00 7.205013028953755061e-02 9.972750888174712891e-01 -1.584853145769669902e-02 -1.998439999999999939e-01 -9.764030840807028655e-01 7.376769862045204351e-02 2.029663618384442980e-01 4.431685400000000108e+00
2.005991942647904203e-01 1.910059667478813950e-03 9.796715342054108655e-01 9.611469299999999549e+00 7.213727937166025672e-02 9.972546374575845807e-01 -1.671529222588350252e-02 -2.031653999999999960e-01 -9.770139078770433416e-01 7.402391330785149104e-02 1.999106902429677035e-01 4.454282799999999654e+00
1.983192236898206340e-01 3.535864992128254225e-03 9.801311050945298309e-01 9.722325299999999615e+00 7.002971773938578004e-02 9.973866555354279351e-01 -1.776789219900968414e-02 -2.053607000000000071e-01 -9.776325097644864570e-01 7.216201922487419651e-02 1.975533316170092757e-01 4.475407599999999597e+00
1.950778680285649991e-01 3.841215270090264644e-03 9.807802355628290059e-01 9.828186999999999784e+00 7.072462410736481131e-02 9.973339414407887960e-01 -1.797322439222298618e-02 -2.088280000000000136e-01 -9.782344570450898225e-01 7.287149178814766870e-02 1.942861105027021695e-01 4.497735500000000108e+00
1.862674506373367678e-01 1.154462446920863361e-03 9.824983990060878192e-01 1.015292930000000027e+01 7.163464409344991179e-02 9.973218304720400385e-01 -1.475277023152115480e-02 -2.174582999999999933e-01 -9.798841332518206659e-01 7.312888403604930754e-02 1.856858953204846285e-01 4.560497299999999754e+00
1.796576548052860878e-01 2.635769222460601635e-03 9.837256628707369277e-01 1.036895750000000049e+01 6.923762604768762818e-02 9.974825942248054522e-01 -1.531748536257393489e-02 -2.220687000000000078e-01 -9.812895995623032164e-01 7.086273307711203617e-02 1.790228891837486458e-01 4.601124800000000015e+00
1.722921107006767649e-01 2.960175699865209842e-03 9.850414539247228651e-01 1.058430189999999982e+01 6.813986377137337680e-02 9.975642688325947471e-01 -1.491604886386983450e-02 -2.275580000000000103e-01 -9.826863118795970964e-01 6.969050802165674408e-02 1.716707474678169643e-01 4.640297399999999683e+00
1.682464459612507679e-01 2.878624293492074160e-03 9.857407605164679731e-01 1.069271759999999993e+01 6.790432675930230255e-02 9.975864179518419972e-01 -1.450314191403382844e-02 -2.302398999999999973e-01 -9.834033434093935044e-01 6.937616478438124457e-02 1.676448983149697591e-01 4.659213499999999897e+00
1.640188656941119760e-01 2.929053905567628735e-03 9.864528535817793653e-01 1.080046459999999975e+01 6.670575618654714378e-02 9.976737129944258653e-01 -1.405362912193617794e-02 -2.329220999999999930e-01 -9.841992449641474572e-01 6.810714384801555554e-02 1.634419259824967385e-01 4.678113899999999603e+00
1.594897447584801842e-01 3.322315633075438590e-03 9.871939948843431178e-01 1.090872760000000063e+01 6.626239892075749816e-02 9.977031261771811543e-01 -1.406294796784025511e-02 -2.352647999999999961e-01 -9.849732563913300432e-01 6.765673828314523741e-02 1.589032723349168563e-01 4.696279999999999788e+00
1.512473502079837440e-01 4.119751656800403616e-03 9.884873629446911947e-01 1.112658689999999950e+01 6.687397096043329325e-02 9.976576525891148739e-01 -1.439028277554288415e-02 -2.412070000000000047e-01 -9.862312665207114692e-01 6.828056734286302998e-02 1.506175722161597896e-01 4.732265499999999570e+00
1.434563337520196880e-01 5.361725018585044439e-03 9.896421233007688389e-01 1.134510419999999975e+01 6.523091976371706013e-02 9.977595225782041055e-01 -1.486143368903890261e-02 -2.462070000000000092e-01 -9.875045353886779953e-01 6.668723273115531591e-02 1.427851728207522042e-01 4.765193000000000012e+00
1.393290518465226946e-01 5.596567620799748621e-03 9.902303235825564709e-01 1.145577139999999972e+01 6.597298892973887940e-02 9.977098346154961162e-01 -1.492148260716470720e-02 -2.487711999999999979e-01 -9.880460414592151519e-01 6.740745019940438953e-02 1.386407429812365200e-01 4.781377799999999567e+00
1.355244972996310360e-01 5.833030104258077331e-03 9.907568250542030386e-01 1.156513119999999972e+01 6.653872930004135766e-02 9.976714549412364352e-01 -1.497549660519754272e-02 -2.513084999999999902e-01 -9.885371556673111515e-01 6.795324683368178520e-02 1.348207999899964094e-01 4.797096299999999758e+00
1.311132304703814810e-01 6.606171034283628979e-03 9.913453884998340015e-01 1.167402170000000083e+01 6.782522126964209142e-02 9.975749667107535190e-01 -1.561810333437068168e-02 -2.538737999999999828e-01 -9.890445187934389093e-01 6.928596031163010427e-02 1.303472115096847572e-01 4.812920599999999993e+00
1.240418933592198208e-01 7.318139537276946438e-03 9.922499954777390663e-01 1.189376350000000038e+01 7.186182733436453918e-02 9.972807645162555801e-01 -1.633874224164088770e-02 -2.597529000000000088e-01 -9.896714032768787472e-01 7.333158637030666449e-02 1.231786993614900627e-01 4.842352400000000223e+00
1.210214525618813070e-01 8.586574382438476316e-03 9.926127536759676850e-01 1.200513650000000077e+01 7.352646402952295324e-02 9.971381264022995961e-01 -1.759022348428365690e-02 -2.625133000000000050e-01 -9.899230612058331769e-01 7.511210032535789449e-02 1.200437640095719516e-01 4.855876900000000163e+00
1.183037907404015654e-01 1.046595558377180768e-02 9.929222914559676649e-01 1.211509509999999956e+01 7.495618436456812084e-02 9.969973258464882582e-01 -1.943971914550315580e-02 -2.651814000000000116e-01 -9.901443245921051073e-01 7.672545880390474471e-02 1.171640749093942890e-01 4.869644599999999990e+00
1.147588553019834451e-01 1.025667321280442079e-02 9.933404279421954586e-01 1.222395129999999952e+01 7.587405802276210587e-02 9.969352371700623827e-01 -1.905938634453037753e-02 -2.681161000000000239e-01 -9.904915610185361929e-01 7.755600262569804781e-02 1.136289312093788917e-01 4.882808200000000376e+00
1.078864996502387347e-01 1.166247973705511476e-02 9.940948092408501413e-01 1.245063020000000087e+01 7.567687247348227342e-02 9.969336240704782526e-01 -1.990879630552155888e-02 -2.740825000000000067e-01 -9.912787267796336899e-01 7.737787645112281787e-02 1.066730990928052014e-01 4.908510200000000268e+00
1.000232210775052338e-01 1.336529659633211783e-02 9.948953332346939238e-01 1.267651560000000011e+01 7.559759935558965638e-02 9.969174020159871086e-01 -2.099277326526013260e-02 -2.800270000000000259e-01 -9.921090455272305597e-01 7.731146360396332073e-02 9.870450536049912849e-02 4.933730599999999633e+00
9.673251479377659168e-02 1.423618107906784308e-02 9.952085970940743875e-01 1.278935049999999940e+01 7.428152151058198260e-02 9.970059089699998545e-01 -2.148192358652148415e-02 -2.825342000000000131e-01 -9.925346725146405591e-01 7.600360930369157164e-02 9.538540364786984860e-02 4.944963900000000301e+00
