1.000000000000000000e+00 0.000000000000000000e+00 0.000000000000000000e+00 0.000000000000000000e+00 0.000000000000000000e+00 1.000000000000000000e+00 0.000000000000000000e+00 0.000000000000000000e+00 0.000000000000000000e+00 0.000000000000000000e+00 1.000000000000000000e+00 0.000000000000000000e+00
9.956553701548083168e-01 -2.565540086691799407e-03 9.307954601283320584e-02 2.187500000000000208e-03 2.834579361209932889e-03 9.999921783559828636e-01 -2.758330419152757451e-03 -4.197000000000000101e-04 -9.307174137049632756e-02 3.010187854569574065e-03 9.956548547199193244e-01 3.330559999999999771e-02
9.902130852677405448e-01 -6.748644125585076883e-03 1.394005077717029861e-01 4.476199999999999624e-03 7.180332762411811842e-03 9.999708564360153540e-01 -2.594050894462010624e-03 -7.234000000000000196e-04 -1.393789388177548716e-01 3.569605172596770643e-03 9.902326844398483541e-01 4.952890000000000070e-02
9.826879861506150338e-01 -5.950168142550065972e-03 1.851726690803050801e-01 7.476599999999999913e-03 6.668039527739125574e-03 9.999724731771375552e-01 -3.254249046330499190e-03 -1.049100000000000076e-03 -1.851482085360409424e-01 4.432650118655507947e-03 9.827006118288623693e-01 6.571309999999999651e-02
9.608582965913240459e-01 -9.639811555219150035e-03 2.768725481242209074e-01 1.563350000000000156e-02 1.198284776224326290e-02 9.999052726835148119e-01 -6.771781096051174113e-03 -1.715699999999999907e-03 -2.767810420370695468e-01 9.824443642557970785e-03 9.608827894576883466e-01 9.732780000000000598e-02
9.468997332340783890e-01 -8.056828556909955905e-03 3.214280366035849879e-01 2.075899999999999967e-02 1.123166261478320861e-02 9.999047265827488706e-01 -8.024182973102512995e-03 -2.137399999999999804e-03 -3.213327635896139345e-01 1.120826797871585928e-02 9.469000104407954144e-01 1.126602000000000020e-01
9.310248577872404230e-01 -9.445459051529212988e-03 3.648335202329340277e-01 2.683639999999999984e-02 1.423873894781697326e-02 9.998440121903228173e-01 -1.045033972335197674e-02 -2.569300000000000056e-03 -3.646779023952846366e-01 1.492429530877197215e-02 9.310141206845962136e-01 1.279971000000000025e-01
8.939698478692992278e-01 -1.130545062515242970e-02 4.479844839798632350e-01 4.085600000000000342e-02 2.031155093489763613e-02 9.996765562758249679e-01 -1.530436967426173495e-02 -3.333299999999999978e-03 -4.476665634142906747e-01 2.278090469383610428e-02 8.939103301686188718e-01 1.576731000000000105e-01
8.319944532041554375e-01 -1.621906814473777006e-02 5.545468164781353071e-01 6.679920000000000302e-02 3.056852586510066042e-02 9.993942761299987598e-01 -1.663268063273039971e-02 -4.599200000000000337e-03 -5.539411476537494661e-01 3.078997673126898649e-02 8.319862873082313204e-01 2.004357999999999973e-01
7.905593309676116620e-01 -1.922349844699785745e-02 6.120836554977600041e-01 8.746189999999999520e-02 3.423158301983175722e-02 9.993316047661174872e-01 -1.282740969692801325e-02 -5.417100000000000214e-03 -6.114279540092999454e-01 3.109342089630454109e-02 7.906889756617114795e-01 2.281536999999999871e-01
7.691053654130286521e-01 -1.899780594889306784e-02 6.388395888343330054e-01 9.851749999999999396e-02 3.466271495253744894e-02 9.993268676739361922e-01 -1.201281553667850333e-02 -5.827599999999999621e-03 -6.381813481174536395e-01 3.138303545113714510e-02 7.692461712617502112e-01 2.416464000000000112e-01
7.474522723193678386e-01 -1.524580221539613596e-02 6.641405469623297142e-01 1.102178000000000047e-01 3.227025507680112565e-02 9.993896616247630593e-01 -1.337665409659397064e-02 -6.162400000000000169e-03 -6.635312586773073340e-01 3.143039535784994398e-02 7.474880594402546485e-01 2.548360000000000070e-01
7.042234747675709672e-01 -1.507255687753316677e-02 7.098183680459824174e-01 1.349309999999999954e-01 3.506409527572604962e-02 9.992929546882078906e-01 -1.356834304571401771e-02 -6.914899999999999866e-03 -7.091119846743412225e-01 3.444428457211583944e-02 7.042540624316852016e-01 2.802889000000000075e-01
6.589485578119783638e-01 -1.542674207902777414e-02 7.520297958102066804e-01 1.619923000000000057e-01 3.540892400102280124e-02 9.993174646529873195e-01 -1.052677256404378411e-02 -7.738700000000000266e-03 -7.513541150872895535e-01 3.356516748583965315e-02 6.590450464672683584e-01 3.049253000000000102e-01
6.363894579096605053e-01 -1.610641594943927613e-02 7.711997414591840183e-01 1.763210000000000055e-01 3.659220556442237954e-02 9.992867666985473241e-01 -9.325684591175619625e-03 -8.041500000000000037e-03 -7.704994927664647886e-01 3.415466683231857536e-02 6.365249330389139981e-01 3.169488999999999779e-01
6.152110525854829204e-01 -1.725559462286822485e-02 7.881735882601456078e-01 1.911211999999999911e-01 3.921342246200285042e-02 9.991926980419378879e-01 -8.732678769381151465e-03 -8.377100000000000171e-03 -7.873866066142342079e-01 3.627942438743965436e-02 6.153910424198887341e-01 3.285402000000000045e-01
5.597388267240124282e-01 -2.437648466940962877e-02 8.283104688779372449e-01 2.395144999999999913e-01 5.418320316245714419e-02 9.985048384876074046e-01 -7.229661948725818466e-03 -9.286600000000000757e-03 -8.268957772009009055e-01 4.892723691359442822e-02 5.602227227945320021e-01 3.624983999999999984e-01
5.446168510918750760e-01 -2.732916838829300282e-02 8.382395851198954917e-01 2.563510999999999984e-01 5.867061106821435529e-02 9.982618410772843287e-01 -5.572795157998140791e-03 -9.549399999999999555e-03 -8.366302916483795427e-01 5.221506683127975085e-02 5.452736394620157911e-01 3.735337000000000240e-01
5.315218343689637193e-01 -2.889644360684063065e-02 8.465515549190896216e-01 2.735909000000000257e-01 6.156271628612758340e-02 9.980926905042394326e-01 -4.584007578786977732e-03 -9.867100000000000176e-03 -8.448044575832478476e-01 5.455251331410215787e-02 5.322870012865137390e-01 3.842561999999999922e-01
5.192221170926630824e-01 -3.053439918334491590e-02 8.540936971950587875e-01 2.908444000000000029e-01 6.383199437303443968e-02 9.979557587961876974e-01 -3.127295938355600241e-03 -1.003959999999999922e-02 -8.522522335647901848e-01 5.614226529128746312e-02 5.201097734438269171e-01 3.948185000000000167e-01
5.075509558398049181e-01 -3.127875526403328665e-02 8.610538117302733996e-01 3.085091999999999834e-01 6.422579997432369125e-02 9.979340980785937898e-01 -1.607018892732611781e-03 -1.007940000000000051e-02 -8.592246934555353155e-01 5.611751385437657030e-02 5.085113084239575310e-01 4.054691999999999741e-01
4.969448944634619614e-01 -3.119903855333720083e-02 8.672210743864828819e-01 3.263671000000000211e-01 6.395004368653284255e-02 9.979528243530246812e-01 -7.431542986798371497e-04 -1.043799999999999936e-02 -8.654225348228395953e-01 5.582813232742506182e-02 4.979227408560913393e-01 4.158448000000000144e-01
4.869990902747107775e-01 -2.887089614868836029e-02 8.729251728683139477e-01 3.443607000000000196e-01 6.413736414868898006e-02 9.979372178229308776e-01 -2.776293191762663898e-03 -1.073299999999999949e-02 -8.710443643073885189e-01 5.733917194553662944e-02 4.878462204106306377e-01 4.260592000000000268e-01
4.632386592899648270e-01 -2.334515756168964798e-02 8.859260398913985091e-01 4.015595000000000137e-01 6.558770575903175026e-02 9.978147277872169152e-01 -8.001366395123100245e-03 -1.150239999999999943e-02 -8.838032571746398114e-01 6.181239867002587263e-02 4.637575120449859423e-01 4.566374000000000266e-01
4.579429241721462707e-01 -2.257851173730611102e-02 8.886948233271039221e-01 4.213622000000000201e-01 6.542927871400680551e-02 9.978221503447762819e-01 -8.364554279311948309e-03 -1.178500000000000034e-02 -8.865705204255491800e-01 6.197714973322886178e-02 4.584228890700334791e-01 4.670091000000000103e-01
4.534209177388295320e-01 -2.130504417418325677e-02 8.910418432652944531e-01 4.417719999999999980e-01 6.598423578702747316e-02 9.977733209584169760e-01 -9.720113744905254510e-03 -1.206680000000000079e-02 -8.888506916150087367e-01 6.320201797686553213e-02 4.538170919425275063e-01 4.773836000000000190e-01
4.492798879608012053e-01 -1.900550071991109757e-02 8.931888788024149317e-01 4.623013999999999735e-01 6.479571256624153119e-02 9.978338812289276882e-01 -1.136050635522730876e-02 -1.235059999999999977e-02 -8.910382134942151922e-01 6.297885688069933263e-02 4.495381693238489351e-01 4.879587000000000230e-01
4.454147911587313380e-01 -1.863036719357117135e-02 8.951304783299786072e-01 4.833352000000000204e-01 6.564336367290167507e-02 9.977722196750243855e-01 -1.189732955255939223e-02 -1.275360000000000035e-02 -8.929146726438818016e-01 6.405862208171306249e-02 4.456454648195821155e-01 4.985923999999999912e-01
4.408132754128361586e-01 -2.186289222066560567e-02 8.973325304275748815e-01 5.272196000000000105e-01 6.660716225292998005e-02 9.977438226045077796e-01 -8.411325172435861475e-03 -1.338310000000000020e-02 -8.951240931605063400e-01 6.347659724884560650e-02 4.412749476746770094e-01 5.201213000000000086e-01
4.387096297702652858e-01 -2.226064029536932096e-02 8.983531180112178660e-01 5.493280000000000385e-01 6.557850046862023774e-02 9.978207120018645071e-01 -7.299792899759113829e-03 -1.364480000000000033e-02 -8.962328497790761350e-01 6.211513981093802483e-02 4.392133745494821717e-01 5.310350000000000348e-01
4.357390423827387504e-01 -2.316049089431612348e-02 8.997750155482803214e-01 5.939575000000000271e-01 6.827471631741489910e-02 9.976392315196820348e-01 -7.384229451659937715e-03 -1.417979999999999935e-02 -8.974798326732197351e-01 6.464948100605713566e-02 4.362916393314191232e-01 5.531135000000000357e-01
4.353685736740536272e-01 -2.269826232332021465e-02 8.999661071087744491e-01 6.415357999999999894e-01 6.980520062451521512e-02 9.975234821354965753e-01 -8.610258651447700445e-03 -1.480610000000000086e-02 -8.975418870575296859e-01 6.657095069003740595e-02 4.358748323790136991e-01 5.758775000000000421e-01
4.368021464949191635e-01 -2.158073287066756066e-02 8.992987027602097339e-01 6.893578999999999679e-01 6.952124325741321220e-02 9.975320445336035569e-01 -9.829387801507764866e-03 -1.583930000000000060e-02 -8.968671482183827592e-01 6.681386156609825377e-02 4.372244576293182750e-01 5.993410999999999600e-01
4.390852982935019577e-01 -2.166519822205969018e-02 8.981841236675838225e-01 7.396222999999999548e-01 6.943466592996760944e-02 9.975375543992888172e-01 -9.882040795284870865e-03 -1.658060000000000089e-02 -8.957582977509617184e-01 6.670417340080558866e-02 4.395083904332374169e-01 6.240502999999999467e-01
4.409249904036465217e-01 -2.166662876675293573e-02 8.972824026110328699e-01 7.913826999999999945e-01 7.142924852197816976e-02 9.973848292678219041e-01 -1.101656942896809058e-02 -1.744139999999999927e-02 -8.946971640131253789e-01 6.894968850025001705e-02 4.413195272844708805e-01 6.493651999999999758e-01
4.424794854430957325e-01 -2.353722743208888982e-02 8.964696893296634217e-01 8.436578000000000133e-01 7.222066534783733172e-02 9.973438052761079975e-01 -9.460949956983336073e-03 -1.825660000000000130e-02 -8.938658067398758122e-01 6.892991369632618659e-02 4.430040479940201559e-01 6.752403000000000155e-01
4.439155091842251766e-01 -2.619587080115634223e-02 8.956856575041710622e-01 8.973525999999999447e-01 7.535906238948350544e-02 9.971228572688281000e-01 -8.186527214035621558e-03 -1.918840000000000129e-02 -8.928941888160589757e-01 7.113215774189152185e-02 4.446123971657724994e-01 7.016485999999999557e-01
4.445942065059079185e-01 -2.588464957339946249e-02 8.953580158002967249e-01 9.240698000000000523e-01 7.747831584338042699e-02 9.969473284565555371e-01 -9.650640259074180771e-03 -1.969790000000000083e-02 -8.923749784230032844e-01 7.366144988933484572e-02 4.452425054784701075e-01 7.148086000000000162e-01
4.451502067176523747e-01 -2.587917802116379562e-02 8.950818742462504085e-01 9.507466999999999446e-01 7.716563951737218097e-02 9.969725326569275348e-01 -9.551607482855613285e-03 -2.014530000000000140e-02 -8.921248553521566871e-01 7.332146529209906949e-02 4.457995123262397108e-01 7.284338000000000202e-01
4.452704101532488634e-01 -2.623949706287428268e-02 8.950115924589162608e-01 9.779098999999999986e-01 7.764350414104340126e-02 9.969368704499355083e-01 -9.400138413248458613e-03 -2.059669999999999904e-02 -8.920234010981199502e-01 7.367743977213014883e-02 4.459438157009992798e-01 7.419139999999999624e-01
4.458416102763534949e-01 -2.794657718059201726e-02 8.946754983624383151e-01 1.033347000000000016e+00 7.879921873209036476e-02 9.968573594929774906e-01 -8.129449667767338350e-03 -2.148270000000000041e-02 -8.916366646080680081e-01 7.412417722024168543e-02 4.466426588202495607e-01 7.692185000000000272e-01
4.460115083498323307e-01 -2.903094022166333860e-02 8.945562804705771143e-01 1.061333300000000035e+00 8.010196556833557024e-02 9.967577783467737040e-01 -7.589889148936393437e-03 -2.204789999999999875e-02 -8.914355891098340035e-01 7.504089428471763523e-02 4.468908755539244826e-01 7.831510999999999889e-01
4.452115289943061049e-01 -2.711279845272487193e-02 8.950148549664491693e-01 1.117274399999999890e+00 7.940065161222656376e-02 9.967993969028678958e-01 -9.300476204621738185e-03 -2.300719999999999849e-02 -8.918981057128139156e-01 7.520544191839333148e-02 4.459393574599053167e-01 8.112890999999999853e-01
4.440034572398641188e-01 -2.632734153254159132e-02 8.956382087912937440e-01 1.145779799999999904e+00 7.919921228453846718e-02 9.968090411867343015e-01 -9.960932782222826909e-03 -2.357770000000000005e-02 -8.925180192761135167e-01 7.535652922084629113e-02 4.446717652057874393e-01 8.256542999999999521e-01
4.419457680426386870e-01 -2.488068041168142036e-02 8.966966543103939147e-01 1.203602700000000025e+00 7.655487038974201353e-02 9.970145510817828294e-01 -1.006661565775478218e-02 -2.448380000000000001e-02 -8.937691480068060690e-01 7.309539433810398334e-02 4.425310987916499794e-01 8.544460999999999862e-01
4.408035762920717859e-01 -2.546264435609211021e-02 8.972423646209061188e-01 1.232698099999999908e+00 7.721815099387634163e-02 9.969675817211426372e-01 -9.643555059394751106e-03 -2.509000000000000119e-02 -8.942760000610586735e-01 7.353430994775046747e-02 4.414330537865300830e-01 8.690371999999999542e-01
4.402799944918377451e-01 -2.513688735002754873e-02 8.975085867804383222e-01 1.262239799999999912e+00 7.468810691968912063e-02 9.971688973424003288e-01 -8.710732328260126223e-03 -2.564690000000000025e-02 -8.947486871379138895e-01 7.086837847230267884e-02 4.409109431593709605e-01 8.837298999999999571e-01
4.390644677521823303e-01 -2.424837825616345602e-02 8.981282810987741838e-01 1.292028699999999919e+00 7.499442310450669946e-02 9.971363769412733280e-01 -9.740753751799165888e-03 -2.607210000000000083e-02 -8.953201827618514352e-01 7.163143117638356983e-02 4.396256457566004583e-01 8.982421999999999906e-01
4.329390354818282716e-01 -2.263030577564143636e-02 9.011390907160587993e-01 1.352214900000000108e+00 7.488174344587383846e-02 9.971324654434018386e-01 -1.093484601031007031e-02 -2.718939999999999899e-02 -8.983075843243062408e-01 7.221298788489391440e-02 4.333921645878771045e-01 9.274940999999999880e-01
4.284475631251953298e-01 -2.217365970914906073e-02 9.032945336196741559e-01 1.382686499999999929e+00 7.307307565616931455e-02 9.972746416723959895e-01 -1.017913018591661695e-02 -2.768599999999999881e-02 -9.006070237713169613e-01 7.036773331788470642e-02 4.289001875045912460e-01 9.423394000000000492e-01
4.240183494778077544e-01 -2.253818466004699553e-02 9.053731106777719306e-01 1.412916300000000014e+00 7.118761553296908129e-02 9.974266410833428909e-01 -8.509938421073382636e-03 -2.847790000000000044e-02 -9.028514621469280188e-01 6.805972296027881785e-02 4.245316377017432918e-01 9.567949999999999511e-01
4.155717950277859063e-01 -1.991388426369210957e-02 9.093423559864108885e-01 1.474469199999999924e+00 7.051434355104554963e-02 9.974567395745144172e-01 -1.038171618493102799e-02 -2.972249999999999892e-02 -9.068229212646476967e-01 6.843602772598374184e-02 4.159191022039494534e-01 9.853566000000000269e-01
4.114102722029408521e-01 -1.799335953293277821e-02 9.112726413860018360e-01 1.505350100000000024e+00 6.981136633246375067e-02 9.974901590315090605e-01 -1.182183429461551583e-02 -3.036260000000000001e-02 -9.087727774623844956e-01 6.848081226163588164e-02 4.116338388608131726e-01 9.994838000000000333e-01
4.069572260131272268e-01 -1.717100480659027387e-02 9.132858111180928162e-01 1.536573200000000083e+00 6.891681125681202447e-02 9.975507904645612989e-01 -1.195380984129394003e-02 -3.103099999999999956e-02 -9.108437238746796005e-01 6.780543516165146722e-02 4.071438733920057507e-01 1.013636399999999993e+00
4.018747449416285589e-01 -1.623032936309216218e-02 9.155507991296096826e-01 1.568254500000000107e+00 6.703625187588946321e-02 9.976814828675203417e-01 -1.173881074461969806e-02 -3.164349999999999802e-02 -9.132375541514561323e-01 6.609262554953647395e-02 4.020310119075833910e-01 1.028028200000000059e+00
3.966007024587450691e-01 -1.553764765422920024e-02 9.178597193006144961e-01 1.599985100000000049e+00 6.493906225213841310e-02 9.978267312971677017e-01 -1.116837063419084258e-02 -3.226620000000000182e-02 -9.156914332912821086e-01 6.403433308923262013e-02 3.967477828328399569e-01 1.042163399999999962e+00
3.910274630799264184e-01 -1.532639042515836561e-02 9.202513922150904468e-01 1.632045500000000038e+00 6.395020495057131271e-02 9.978972838881425833e-01 -1.055377162191619214e-02 -3.290869999999999906e-02 -9.181546135613852799e-01 6.297707968144643231e-02 3.911853691419708845e-01 1.056257599999999908e+00
3.853900525125609211e-01 -1.599022834285740782e-02 9.226152069101771769e-01 1.664296999999999915e+00 6.440820621997286888e-02 9.978773661597771794e-01 -9.609634621115012432e-03 -3.361170000000000130e-02 -9.205031723986023540e-01 6.312744809961165493e-02 3.856019124700237333e-01 1.070160599999999906e+00
3.799847528782739348e-01 -1.497338303676066726e-02 9.248715507466275243e-01 1.696571199999999946e+00 6.518274964803509597e-02 9.978167645354227844e-01 -1.062607925728841982e-02 -3.427609999999999685e-02 -9.226932300219606864e-01 6.432341884955310174e-02 3.801311629676608073e-01 1.083736899999999892e+00
3.743441420809227593e-01 -1.357836545361366595e-02 9.271904288123913318e-01 1.729197899999999954e+00 6.482502651123803195e-02 9.978296903934461559e-01 -1.155962400498720261e-02 -3.488129999999999703e-02 -9.250211777183889872e-01 6.443242165965440416e-02 3.744119172937171447e-01 1.097301400000000093e+00
3.688064841689163154e-01 -1.425215144325714042e-02 9.293969299573789922e-01 1.762078000000000033e+00 6.583535911207379077e-02 9.977717870599780436e-01 -1.082434467864573646e-02 -3.560420000000000251e-02 -9.271717654919970908e-01 6.517926914576679942e-02 3.689230002969136057e-01 1.110559499999999922e+00
3.629874315292119791e-01 -1.416770962508917542e-02 9.316863209019463632e-01 1.795299999999999896e+00 6.518971269087235620e-02 9.978205033086617881e-01 -1.022470225142668027e-02 -3.639869999999999911e-02 -9.295108530356743781e-01 6.444780198601010590e-02 3.631198905431439750e-01 1.124062899999999976e+00
3.572763942801173154e-01 -1.302365235792251122e-02 9.339078983333732875e-01 1.828329300000000046e+00 6.436335015381781932e-02 9.978690863486263662e-01 -1.070727167557680715e-02 -3.706369999999999804e-02 -9.317783734596845058e-01 6.393489648867470287e-02 3.573533150312268036e-01 1.137327999999999895e+00
3.514022911938284310e-01 -1.164797959531533450e-02 9.361520999896730810e-01 1.861800099999999958e+00 6.343986306293311617e-02 9.979205861821429657e-01 -1.139681747000341819e-02 -3.766739999999999672e-02 -9.340727024799964084e-01 6.339422880069918442e-02 3.514105266443799946e-01 1.150612399999999980e+00
3.469638324147291120e-01 -1.301885110190981534e-02 9.377881469244907509e-01 1.895542000000000060e+00 6.449108427744963679e-02 9.978681018328787733e-01 -1.000756679550273559e-02 -3.836690000000000239e-02 -9.356585910709113163e-01 6.395123814621467284e-02 3.470637406799556013e-01 1.163364400000000076e+00
3.424553996864428962e-01 -1.435205421584801258e-02 9.394244609149710046e-01 1.929316500000000101e+00 6.721700941458974565e-02 9.976953997540014552e-01 -9.260829069913458639e-03 -3.899550000000000238e-02 -9.371265511503542589e-01 6.631672375418254384e-02 3.426308790514273062e-01 1.176021599999999889e+00
3.382396199405385273e-01 -1.405270539327692358e-02 9.409550897750698084e-01 1.963379900000000067e+00 6.847286050513416711e-02 9.976056787843449181e-01 -9.714784170057232798e-03 -3.958829999999999988e-02 -9.385656220407416761e-01 6.771581150924887993e-02 3.383919945786533212e-01 1.188653299999999913e+00
3.350568516085499216e-01 -1.311525077698132147e-02 9.421066268672687594e-01 1.997222899999999912e+00 6.965605205528335730e-02 9.975116647677796378e-01 -1.088637057445931977e-02 -4.001570000000000127e-02 -9.396195722749914880e-01 6.927098129281618333e-02 3.351366744307350265e-01 1.200829099999999983e+00
3.315542180113923432e-01 -1.324579557997318524e-02 9.433431769076976448e-01 2.031490300000000193e+00 6.848365003579828802e-02 9.976014954541241320e-01 -1.006210442549567916e-02 -4.081470000000000237e-02 -9.409472834312391232e-01 6.793971715534910527e-02 3.316661041412323208e-01 1.213069100000000011e+00
3.264682966409138132e-01 -1.152207913397193528e-02 9.451379227291700769e-01 2.065999999999999837e+00 6.639177367914959882e-02 9.977355093590587476e-01 -1.076966813584189983e-02 -4.148059999999999942e-02 -9.428735777802434992e-01 6.626533827311287261e-02 3.264939835087823372e-01 1.225718099999999922e+00
3.224820606728808770e-01 -9.999791582637279630e-03 9.465227544610199661e-01 2.100772399999999873e+00 6.550961509487385204e-02 9.977824267732660068e-01 -1.177790951626888488e-02 -4.209449999999999997e-02 -9.443059943017908520e-01 6.580450585450633993e-02 3.224220155866381887e-01 1.237715399999999910e+00
3.183306450111478836e-01 -9.868120239806967009e-03 9.479283837135161761e-01 2.135620600000000202e+00 6.487185316707624883e-02 9.978285122303475196e-01 -1.139749300682643338e-02 -4.271459999999999840e-02 -9.457574969903519424e-01 6.512204222154023558e-02 3.182795571560323999e-01 1.249530199999999924e+00
3.132867586745117783e-01 -9.342560011709945267e-03 9.496126175507809686e-01 2.168988199999999811e+00 6.577050153044741720e-02 9.977640290709711701e-01 -1.188206297305906267e-02 -4.318000000000000310e-02 -9.473783024577097089e-01 6.617899111115191357e-02 3.132007234472143908e-01 1.260851900000000025e+00
3.093544556903322640e-01 -9.061537401831482735e-03 9.509036277585933838e-01 2.202637900000000037e+00 6.497433265491171783e-02 9.978191699732650299e-01 -1.162927899369944548e-02 -4.421169999999999961e-02 -9.487244894280884022e-01 6.538189790591608652e-02 3.092685735499700606e-01 1.271320699999999970e+00
3.051506537206562508e-01 -8.989457944724360550e-03 9.522616595136635942e-01 2.237542400000000153e+00 6.530756847805670173e-02 9.977988168900376875e-01 -1.150836705727894746e-02 -4.486369999999999941e-02 -9.500621032508035357e-01 6.570167926850241369e-02 3.050660408959980918e-01 1.282883999999999913e+00
3.004008995641189173e-01 -9.216282482848250218e-03 9.537685042389817403e-01 2.271760899999999861e+00 6.441001100304995231e-02 9.978667492413283435e-01 -1.064430557297751240e-02 -4.561729999999999952e-02 -9.516357759267225491e-01 6.462979882175312607e-02 3.003536899733455501e-01 1.293928699999999932e+00
2.963439558144317365e-01 -9.909316834651991229e-03 9.550298766489584423e-01 2.307184200000000018e+00 6.537227200452130904e-02 9.978115192093941488e-01 -9.931675891195163725e-03 -4.642070000000000224e-02 -9.528413959863526461e-01 6.537566499020373845e-02 2.963432073152135748e-01 1.304861999999999966e+00
2.927351503538060951e-01 -9.517742384778305614e-03 9.561461940138816784e-01 2.342446300000000203e+00 6.624295194246804241e-02 9.977498514697012988e-01 -1.034916470720714105e-02 -4.712439999999999685e-02 -9.538962223770898197e-01 6.636751066663587606e-02 2.927069361368663802e-01 1.315664500000000015e+00
2.888376589129287297e-01 -8.408347706690477014e-03 9.573411651457081062e-01 2.377807400000000015e+00 6.678908354195638164e-02 9.977021260733974772e-01 -1.138797384296110979e-02 -4.772749999999999909e-02 -9.550455617997103408e-01 6.722921476163311316e-02 2.887355322249237632e-01 1.326514500000000041e+00
2.855689235268903947e-01 -6.816074236865449221e-03 9.583339350391859579e-01 2.413304099999999952e+00 6.665142159284694057e-02 9.976946630171540376e-01 -1.276508467422333981e-02 -4.836939999999999990e-02 -9.560376446120444349e-01 6.751963062017633799e-02 2.853648919639018011e-01 1.337039899999999948e+00
2.821938131836311814e-01 -6.559467450377286929e-03 9.593349911202286862e-01 2.449006799999999817e+00 6.829843379899472322e-02 9.975766869280043858e-01 -1.326942494423545213e-02 -4.907679999999999682e-02 -9.569231817348173852e-01 6.926562700585192633e-02 2.819579705807232495e-01 1.347515900000000100e+00
2.752150736036703127e-01 -5.239821442691916520e-03 9.613684036479331896e-01 2.520563800000000132e+00 6.765378833752838661e-02 9.976116052788793764e-01 -1.393018077694781892e-02 -5.061709999999999821e-02 -9.589992847676725995e-01 6.887401022262493178e-02 2.749122451455128235e-01 1.368521199999999993e+00
2.711931367702534179e-01 -5.201668006158545465e-03 9.625108961558119791e-01 2.557069300000000212e+00 6.778204937706169830e-02 9.976059949712650088e-01 -1.370666187071600817e-02 -5.148790000000000311e-02 -9.601353427256784645e-01 6.895811371656186683e-02 2.708964787547035735e-01 1.378900599999999921e+00
2.674924673781626794e-01 -5.874661526569228964e-03 9.635420428024358275e-01 2.593130100000000215e+00 7.007832675734551597e-02 9.974518449949580923e-01 -1.337329559401508050e-02 -5.237300000000000288e-02 -9.610082247383907594e-01 7.110066995536988566e-02 2.672225415586497732e-01 1.388801799999999975e+00
2.643856341231000107e-01 -6.894815976043425221e-03 9.643923983431137437e-01 2.629020199999999807e+00 7.223087480724327269e-02 9.973074385976486989e-01 -1.267176555881707745e-02 -5.314320000000000155e-02 -9.617083431029944673e-01 7.300913936250563729e-02 2.641717781589085767e-01 1.398763500000000048e+00
2.611285831338071017e-01 -7.877069106219936057e-03 9.652718864925189379e-01 2.665541900000000020e+00 7.347674914487443976e-02 9.972278352648963340e-01 -1.173933166708814382e-02 -5.392670000000000102e-02 -9.625035222821949343e-01 7.399051530557508582e-02 2.609834731150305620e-01 1.408922000000000008e+00
2.583790085009084470e-01 -8.187926128037696649e-03 9.660089263727376085e-01 2.701687600000000078e+00 7.301015794599036157e-02 9.972697013603611937e-01 -1.107517879393044372e-02 -5.462430000000000063e-02 -9.632807507693637028e-01 7.339005800745619645e-02 2.582713584253453210e-01 1.418656600000000045e+00
2.558986543846866746e-01 -6.925075332607812106e-03 9.666788101617537210e-01 2.738066900000000192e+00 7.205137698302077620e-02 9.973295864690917556e-01 -1.192874797457513236e-02 -5.533069999999999655e-02 -9.640147705087079855e-01 7.270308992765034395e-02 2.557142603689021021e-01 1.428344999999999976e+00
2.528947372982475184e-01 -4.355988075997879738e-03 9.674839932602151693e-01 2.774784299999999870e+00 7.137549496664097326e-02 9.973489076421602206e-01 -1.416669133060881325e-02 -5.603589999999999960e-02 -9.648573939008381339e-01 7.263733057368987334e-02 2.525352007978514113e-01 1.438131999999999966e+00
2.494936942932184099e-01 -2.495600651504552292e-03 9.683732072322686069e-01 2.811956400000000134e+00 7.115198053704138714e-02 9.973409502581095376e-01 -1.576149117017900878e-02 -5.695440000000000225e-02 -9.657589203178909010e-01 7.283406425320063105e-02 2.490078450787888142e-01 1.447922300000000106e+00
2.463763294972518281e-01 -7.424129104511498212e-04 9.691739539868643449e-01 2.849394600000000111e+00 6.970014454263667725e-02 9.974238973906321970e-01 -1.695460895500928988e-02 -5.787010000000000071e-02 -9.666646751144875038e-01 7.172877900223956216e-02 2.457933850791163000e-01 1.457573999999999925e+00
2.432199384680469312e-01 6.488789280110485169e-04 9.699709482699654384e-01 2.886848399999999870e+00 6.806234673509410638e-02 9.975234457759364348e-01 -1.773392467036433509e-02 -5.893969999999999765e-02 -9.675802697908379990e-01 7.033174307124141766e-02 2.425734268794700332e-01 1.466860899999999912e+00
2.388826447705132416e-01 8.541351722762685617e-04 9.710480690885248123e-01 2.924481199999999781e+00 6.839914009864120348e-02 9.975009415819163783e-01 -1.770393111590530186e-02 -5.990290000000000198e-02 -9.686364847873589756e-01 7.064801480790346144e-02 2.382272409748537045e-01 1.476550199999999924e+00
2.354752550358790442e-01 -2.257432048811680581e-04 9.718803184064348510e-01 2.962584699999999849e+00 6.857725299916207773e-02 9.975112693163363797e-01 -1.638377117761346397e-02 -6.099469999999999892e-02 -9.694578715121542345e-01 7.050685517676230640e-02 2.349047013923016847e-01 1.485850700000000080e+00
2.319195284314507777e-01 -8.824060605121808454e-04 9.727345751497056270e-01 3.000232000000000010e+00 6.845097745519583554e-02 9.975353806452708083e-01 -1.541518881891953616e-02 -6.187299999999999744e-02 -9.703235522327395834e-01 7.015971579502756905e-02 2.314083366302933653e-01 1.494949599999999990e+00
2.276792377470256701e-01 -1.172646515008528290e-03 9.737354823560064876e-01 3.037888500000000214e+00 6.861127658948323882e-02 9.975330697347722930e-01 -1.484141200436405947e-02 -6.285810000000000008e-02 -9.713159410941916150e-01 7.018831587716499454e-02 2.271980257190464592e-01 1.504059299999999988e+00
2.239503765213933795e-01 -5.767496518205988965e-04 9.746003777014274894e-01 3.075744900000000115e+00 6.763714293815928369e-02 9.975979458227745011e-01 -1.495176863597114450e-02 -6.383529999999999760e-02 -9.722507113656894129e-01 6.926763926986198583e-02 2.234514452826186215e-01 1.513049700000000053e+00
2.199974273184606699e-01 4.591818930002669608e-04 9.755003439903278117e-01 3.114319300000000013e+00 6.683322671915051250e-02 9.976431053659001735e-01 -1.554201152328390720e-02 -6.475319999999999687e-02 -9.732083290742867820e-01 6.861503820499120776e-02 2.194482279549377912e-01 1.522055399999999947e+00
2.164417551023549990e-01 9.748484424610681653e-04 9.762950457309133023e-01 3.152554299999999810e+00 6.715017131970039965e-02 9.976164496047044139e-01 -1.588313476109187022e-02 -6.586830000000000462e-02 -9.739834809379196434e-01 6.899615314362353424e-02 2.158603940315002578e-01 1.530827399999999949e+00
2.134769793746980893e-01 1.343705998801465740e-03 9.769471703890869607e-01 3.190836200000000122e+00 6.832458665861390612e-02 9.975299485751780715e-01 -1.630191870707545579e-02 -6.682589999999999364e-02 -9.745559656248502511e-01 7.022959596773517554e-02 2.128578721006680885e-01 1.539364600000000083e+00
2.109036819317175737e-01 4.045828720082092489e-04 9.775067637926319053e-01 3.229910600000000187e+00 6.974279224861515414e-02 9.974451973111252423e-01 -1.546031339711187447e-02 -6.779140000000000166e-02 -9.750156818620975274e-01 7.143468816807481414e-02 2.103366478988349941e-01 1.547982699999999934e+00
2.079388520950511687e-01 -7.384012807227988140e-04 9.781415483215815110e-01 3.268162699999999976e+00 7.117814841071490317e-02 9.973599794867981094e-01 -1.437854328211875601e-02 -6.869500000000000606e-02 -9.755486174344231154e-01 7.261216207800277878e-02 2.074424472959744969e-01 1.556200900000000109e+00
2.052562669986737198e-01 -6.616479995537744019e-04 9.787080397542945454e-01 3.307017600000000002e+00 7.243281796781453341e-02 9.972676456638221998e-01 -1.451653517126689705e-02 -6.965680000000000482e-02 -9.760242577615633186e-01 7.387019110616860340e-02 2.047433591766226746e-01 1.564346699999999979e+00
2.027479113455331050e-01 -5.820874893836675001e-05 9.792309641023231315e-01 3.344854400000000005e+00 7.230828093011110180e-02 9.972708480812817466e-01 -1.491201113777352108e-02 -7.075270000000000170e-02 -9.765576260282624599e-01 7.382988675991924987e-02 2.021987904688391513e-01 1.572354199999999924e+00
1.998755156662685162e-01 3.543237218493131002e-04 9.798212350688484396e-01 3.383253299999999797e+00 7.162481937662315556e-02 9.973192761510396576e-01 -1.497152854027809440e-02 -7.179339999999999333e-02 -9.771999096839958376e-01 7.317196097048640768e-02 1.993143262320203890e-01 1.580390799999999984e+00
1.971391835225693168e-01 2.087245432056773764e-03 9.803732889703599129e-01 3.422858999999999874e+00 7.155974103816040155e-02 9.972996172270620630e-01 -1.651293254715351447e-02 -7.252599999999999325e-02 -9.777603723728048868e-01 7.341060471935766107e-02 1.964574695249128311e-01 1.588427400000000045e+00
1.914409845757656103e-01 4.390707097771319456e-03 9.814943051876783287e-01 3.500916000000000139e+00 6.971583842430484346e-02 9.974033981908378976e-01 -1.805998754609400639e-02 -7.472489999999999688e-02 -9.790250514146499050e-01 7.188312019208981107e-02 1.906377867422717198e-01 1.603941800000000084e+00
1.852451292938322447e-01 3.413198564040764715e-03 9.826864159784004515e-01 3.578371499999999816e+00 7.277623023346364850e-02 9.972002704427563868e-01 -1.718257669557842968e-02 -7.675360000000000515e-02 -9.799938073201878153e-01 7.469920149811490329e-02 1.844780933054837035e-01 1.619214799999999954e+00
1.793226211438886941e-01 2.288167881985575525e-03 9.837876609481484014e-01 3.655711900000000014e+00 7.165086904881008689e-02 9.973111896999379278e-01 -1.537998256971820007e-02 -7.905629999999999602e-02 -9.811776345344584982e-01 7.324721965398015011e-02 1.786765074158490618e-01 1.633689900000000028e+00
1.762282443337600812e-01 3.505153892216061884e-03 9.843430904899127531e-01 3.694973699999999805e+00 7.064614325554972873e-02 9.973698919885271019e-01 -1.619941350512577732e-02 -7.991529999999999467e-02 -9.818109432788763025e-01 7.239483718460584805e-02 1.755171194124878209e-01 1.640754199999999940e+00
1.689371997463536279e-01 3.425848340481610355e-03 9.856208632658954860e-01 3.772946099999999969e+00 6.849659809902829133e-02 9.975354338780109131e-01 -1.520770221528903662e-02 -8.200179999999999969e-02 -9.832438347585613636e-01 7.008082277596869303e-02 1.682861838901889007e-01 1.654592300000000016e+00
1.653100845775769268e-01 4.144758118228758503e-03 9.862329323831644512e-01 3.811627899999999958e+00 6.760894324963667712e-02 9.975911020128355178e-01 -1.552494693980659493e-02 -8.295560000000000433e-02 -9.839215450073350855e-01 6.924459664809796966e-02 1.646316467311812470e-01 1.661292699999999956e+00
1.570462504513306101e-01 4.088297707429633387e-03 9.875827869303075435e-01 3.889756400000000003e+00 6.682828546283128834e-02 9.976553556642840936e-01 -1.475708563602623133e-02 -8.482950000000000212e-02 -9.853275879022549422e-01 6.831600936988418971e-02 1.564048189235153208e-01 1.674234400000000011e+00
1.487123757051503903e-01 5.158358352526433432e-03 9.888670389143510153e-01 3.967846399999999996e+00 6.591904937288348143e-02 9.977104439990522877e-01 -1.511783268161573726e-02 -8.694129999999999914e-02 -9.866809556497506684e-01 6.743338397500826809e-02 1.480318563140162746e-01 1.686541899999999927e+00
1.446042772817563160e-01 5.343257388354467202e-03 9.894751399566855676e-01 4.007041000000000075e+00 6.658972855146311209e-02 9.976658868250485313e-01 -1.511907130189716134e-02 -8.786170000000000091e-02 -9.872463780856647331e-01 6.807516335691884968e-02 1.439109484739274913e-01 1.692428199999999938e+00
1.371710752338107242e-01 6.699582029911065745e-03 9.905247153503159430e-01 4.085572700000000168e+00 6.486095787088222431e-02 9.977703141584319813e-01 -1.573074468217345451e-02 -8.974469999999999670e-02 -9.884215458311659264e-01 6.640418499468675462e-02 1.364306855216946834e-01 1.703354500000000105e+00
1.284418392635765516e-01 7.145675775136816482e-03 9.916912993690656375e-01 4.164452100000000101e+00 6.588209609010664547e-02 9.977035485990977115e-01 -1.572191233730201726e-02 -9.169360000000000011e-02 -9.895262721834945374e-01 6.735405281409931333e-02 1.276761067238189051e-01 1.714922800000000080e+00
1.243507521942927296e-01 7.722638843041716716e-03 9.922082701116803349e-01 4.203180299999999647e+00 6.790386433484138506e-02 9.975591241235037820e-01 -1.627449189201580007e-02 -9.252390000000000614e-02 -9.899120949039408313e-01 6.939852107392330272e-02 1.235228304227325991e-01 1.720045400000000058e+00
1.200870688276218512e-01 8.740069020355741014e-03 9.927248899337163257e-01 4.242016300000000406e+00 6.979285876099072805e-02 9.974127988344282381e-01 -1.722398290874759680e-02 -9.359910000000000452e-02 -9.903070497408156259e-01 7.135348565271248944e-02 1.191663850204819353e-01 1.725589500000000109e+00
1.136603638294478857e-01 1.002855146337259390e-02 9.934690482595338601e-01 4.321232799999999763e+00 7.304425941454309457e-02 9.971585348422796757e-01 -1.842260996110597210e-02 -9.571319999999999828e-02 -9.908308926657154458e-01 7.466113143225594495e-02 1.126048737511700093e-01 1.735329700000000086e+00
1.046238719159259811e-01 1.271234773264546397e-02 9.944306117776364751e-01 4.440042000000000044e+00 7.563585110708051507e-02 9.969205850812217218e-01 -2.070181317232763774e-02 -9.902460000000000429e-02 -9.916315159637816290e-01 7.738050953850533764e-02 1.033401823635599071e-01 1.748382899999999962e+00
1.007429123739084775e-01 1.311084087475054144e-02 9.948261011141495969e-01 4.480106799999999723e+00 7.465928501739776957e-02 9.969942348020522926e-01 -2.069992589747789852e-02 -1.001698000000000033e-01 -9.921072808759717754e-01 7.635837624666386159e-02 9.946125682826933989e-02 1.752868400000000104e+00
9.634852474017230328e-02 1.385797571958732877e-02 9.952511835156727660e-01 4.520265099999999592e+00 7.587604055110054591e-02 9.968913046182782400e-01 -2.122623958111492792e-02 -1.012929000000000052e-01 -9.924514034705578247e-01 7.756083602838788338e-02 9.499751819862123359e-02 1.757445099999999982e+00
8.979872433919895702e-02 1.530030477197421787e-02 9.958424020802377763e-01 4.599942200000000092e+00 7.337816742048081098e-02 9.970629186707773428e-01 -2.193583273374648604e-02 -1.035506000000000065e-01 -9.932531568804928712e-01 7.504290030106591791e-02 8.841226985741201805e-02 1.764539400000000091e+00
8.710426963565914837e-02 1.487287440408528727e-02 9.960881707048823142e-01 4.640482399999999785e+00 7.510029657278913251e-02 9.969451929745428709e-01 -2.145291727552528158e-02 -1.046959999999999974e-01 -9.933643801072784552e-01 7.667515772342251013e-02 8.572122562219219866e-02 1.768136600000000058e+00
8.306376652641782321e-02 1.385342904794206742e-02 9.964479380248915108e-01 4.723908899999999633e+00 7.755277053438938695e-02 9.967810941095972543e-01 -2.032284940933548958e-02 -1.063525000000000026e-01 -9.935220070400477832e-01 7.896539070559847884e-02 8.172202027499742005e-02 1.774216800000000038e+00
7.987786914267751281e-02 1.347910369425102395e-02 9.967135194150948951e-01 4.763870200000000388e+00 7.727564690362649646e-02 9.968156447845230028e-01 -1.967345186899141854e-02 -1.073592000000000019e-01 -9.938048100189751377e-01 7.859315540436781489e-02 7.858190317581748019e-02 1.778160600000000091e+00
7.327214615714186530e-02 1.202058704313545973e-02 9.972395389697825685e-01 4.845645000000000202e+00 7.852876851847173656e-02 9.967531989780109569e-01 -1.778462375407490609e-02 -1.096606999999999998e-01 -9.942154822333528763e-01 7.961511046428390581e-02 7.209028418074903133e-02 1.785702099999999959e+00
7.119873659999022275e-02 1.181237345502287456e-02 9.973922035688488341e-01 4.887706800000000129e+00 7.889619581626483580e-02 9.967303334709886053e-01 -1.743653132172473183e-02 -1.104306000000000038e-01 -9.943370304842752416e-01 7.993190959917673144e-02 7.003398914485903237e-02 1.788295100000000026e+00
6.901910860484358756e-02 1.283342309737137144e-02 9.975327893853901395e-01 4.929934499999999886e+00 7.760752402131128325e-02 9.968179648545834048e-01 -1.819387694934978747e-02 -1.115159000000000011e-01 -9.945920947115328703e-01 7.867177508338263348e-02 6.780351718425270402e-02 1.791116200000000047e+00
6.630185879086937517e-02 1.605733421501229219e-02 9.976703992495630224e-01 4.971519899999999659e+00 7.658190948123171082e-02 9.968393015963047388e-01 -2.113333701050996299e-02 -1.124900999999999957e-01 -9.948564090666971449e-01 7.780468373368504276e-02 6.486259729626309145e-02 1.793885500000000022e+00
