4.063321e-01 -1.567329e-02 9.135911e-01 1.302386e+01 6.333168e-02 9.979314e-01 -1.104743e-02 -7.968987e-01 -9.115280e-01 6.234817e-02 4.064841e-01 1.898486e+01
3.705969e-01 -1.336462e-02 9.286977e-01 1.392282e+01 6.549873e-02 9.977831e-01 -1.177846e-02 -8.194983e-01 -9.264814e-01 6.519356e-02 3.706506e-01 1.933529e+01
3.367104e-01 -1.369924e-02 9.415086e-01 1.484567e+01 6.695770e-02 9.977112e-01 -9.428981e-03 -8.398217e-01 -9.392245e-01 6.621607e-02 3.368570e-01 1.965558e+01
3.032101e-01 -1.606372e-02 9.527884e-01 1.578819e+01 6.893784e-02 9.976078e-01 -5.119036e-03 -8.590110e-01 -9.504268e-01 6.723530e-02 3.035921e-01 1.994858e+01
2.373841e-01 -1.301040e-02 9.713288e-01 1.771096e+01 6.752450e-02 9.977127e-01 -3.138591e-03 -8.926428e-01 -9.690661e-01 6.633352e-02 2.377196e-01 2.044290e+01
2.058013e-01 -1.089049e-02 9.785332e-01 1.869074e+01 6.752573e-02 9.977127e-01 -3.097801e-03 -9.066816e-01 -9.762612e-01 6.671368e-02 2.060660e-01 2.064544e+01
1.748760e-01 -1.056614e-02 9.845338e-01 1.969166e+01 6.930053e-02 9.975945e-01 -1.603074e-03 -9.204752e-01 -9.821485e-01 6.850903e-02 1.751876e-01 2.081649e+01
1.132280e-01 -1.188899e-02 9.934979e-01 2.174157e+01 6.960632e-02 9.975665e-01 4.004714e-03 -9.423525e-01 -9.911278e-01 6.870027e-02 1.137800e-01 2.107450e+01
8.347506e-02 -1.182121e-02 9.964398e-01 2.279076e+01 7.016375e-02 9.975177e-01 5.956143e-03 -9.484050e-01 -9.940367e-01 6.941674e-02 8.409726e-02 2.116118e+01
5.575869e-02 -1.119487e-02 9.983815e-01 2.385365e+01 7.276066e-02 9.973240e-01 7.119389e-03 -9.510470e-01 -9.957895e-01 7.224591e-02 5.642402e-02 2.121468e+01
3.022405e-02 -1.055359e-02 9.994875e-01 2.493112e+01 7.695768e-02 9.970006e-01 8.200162e-03 -9.519265e-01 -9.965761e-01 7.667038e-02 3.094558e-02 2.124069e+01
-1.358780e-02 -9.968577e-03 9.998580e-01 2.712723e+01 8.719664e-02 9.961291e-01 1.111637e-02 -9.489508e-01 -9.960984e-01 8.733528e-02 -1.266597e-02 2.121564e+01
-4.749041e-02 -1.030237e-02 9.988186e-01 2.937022e+01 9.488928e-02 9.953781e-01 1.477854e-02 -9.414386e-01 -9.943544e-01 9.547900e-02 -4.629333e-02 2.110741e+01
-6.213432e-02 -1.086217e-02 9.980087e-01 3.050291e+01 9.737473e-02 9.951044e-01 1.689294e-02 -9.363594e-01 -9.933063e-01 9.823044e-02 -6.077243e-02 2.102960e+01
-7.560868e-02 -1.193509e-02 9.970662e-01 3.164196e+01 9.751631e-02 9.950466e-01 1.930569e-02 -9.296868e-01 -9.923577e-01 9.868987e-02 -7.407029e-02 2.093984e+01
-9.947788e-02 -9.193596e-03 9.949973e-01 3.394232e+01 9.735338e-02 9.950699e-01 1.892746e-02 -9.117462e-01 -9.902658e-01 9.874920e-02 -9.809240e-02 2.071859e+01
-1.097967e-01 -5.360682e-03 9.939396e-01 3.511473e+01 9.798071e-02 9.950566e-01 1.619026e-02 -9.007201e-01 -9.891129e-01 9.916453e-02 -1.087287e-01 2.058533e+01
-1.329871e-01 -7.149781e-04 9.911175e-01 3.876733e+01 9.839198e-02 9.950504e-01 1.391994e-02 -8.670199e-01 -9.862218e-01 9.936917e-02 -1.322585e-01 2.011085e+01
-1.426852e-01 2.815813e-03 9.897642e-01 4.130550e+01 9.869170e-02 9.950528e-01 1.139661e-02 -8.460362e-01 -9.848354e-01 9.930761e-02 -1.422571e-01 1.974648e+01
-1.468253e-01 3.917606e-03 9.891547e-01 4.260679e+01 9.897322e-02 9.950320e-01 1.075021e-02 -8.375480e-01 -9.841984e-01 9.947820e-02 -1.464836e-01 1.955065e+01
-1.522300e-01 5.817954e-04 9.883450e-01 4.528137e+01 9.933371e-02 9.949454e-01 1.471420e-02 -8.187903e-01 -9.833406e-01 1.004159e-01 -1.515183e-01 1.913753e+01
-1.565155e-01 3.425744e-04 9.876755e-01 4.803559e+01 1.016061e-01 9.946999e-01 1.575634e-02 -7.907530e-01 -9.824353e-01 1.028199e-01 -1.557207e-01 1.869944e+01
-1.580662e-01 1.736308e-03 9.874270e-01 5.087125e+01 1.033930e-01 9.945304e-01 1.480223e-02 -7.612088e-01 -9.820004e-01 1.044328e-01 -1.573812e-01 1.823994e+01
-1.581475e-01 2.246276e-03 9.874130e-01 5.231634e+01 1.029209e-01 9.945878e-01 1.422156e-02 -7.488661e-01 -9.820370e-01 1.038745e-01 -1.575227e-01 1.800571e+01
-1.564353e-01 3.535458e-03 9.876819e-01 5.527561e+01 1.033158e-01 9.945662e-01 1.280369e-02 -7.282464e-01 -9.822697e-01 1.040460e-01 -1.559505e-01 1.752865e+01
-1.549453e-01 2.303011e-03 9.879204e-01 5.678690e+01 1.024081e-01 9.946475e-01 1.374297e-02 -7.193216e-01 -9.826009e-01 1.033004e-01 -1.543518e-01 1.728947e+01
-1.538084e-01 3.054216e-03 9.880960e-01 5.831970e+01 1.033843e-01 9.945563e-01 1.301875e-02 -7.090229e-01 -9.826773e-01 1.041560e-01 -1.532869e-01 1.704698e+01
-1.525997e-01 3.933834e-03 9.882803e-01 5.987004e+01 1.033114e-01 9.945767e-01 1.199334e-02 -6.982294e-01 -9.828733e-01 1.039308e-01 -1.521785e-01 1.680555e+01
-1.516316e-01 4.600354e-03 9.884264e-01 6.144932e+01 1.043179e-01 9.944789e-01 1.137458e-02 -6.898538e-01 -9.829169e-01 1.048353e-01 -1.512744e-01 1.656009e+01
-1.496365e-01 2.801779e-03 9.887371e-01 6.466146e+01 1.056381e-01 9.943174e-01 1.316978e-02 -6.742945e-01 -9.830816e-01 1.064190e-01 -1.490821e-01 1.606555e+01
-1.481741e-01 1.587223e-03 9.889600e-01 6.793358e+01 1.084503e-01 9.939938e-01 1.465361e-02 -6.566595e-01 -9.829969e-01 1.094243e-01 -1.474563e-01 1.556429e+01
-1.464650e-01 3.603548e-03 9.892093e-01 7.126348e+01 1.101154e-01 9.938379e-01 1.268356e-02 -6.455501e-01 -9.830679e-01 1.107848e-01 -1.459592e-01 1.506048e+01
-1.460361e-01 1.690015e-03 9.892778e-01 7.465679e+01 1.098325e-01 9.938441e-01 1.451553e-02 -6.351425e-01 -9.831634e-01 1.107746e-01 -1.453227e-01 1.455382e+01
-1.456204e-01 2.152571e-03 9.893382e-01 7.811207e+01 1.123679e-01 9.935626e-01 1.437762e-02 -6.192733e-01 -9.829385e-01 1.132635e-01 -1.449248e-01 1.403765e+01
-1.459369e-01 3.866772e-03 9.892864e-01 8.162656e+01 1.123299e-01 9.935899e-01 1.268701e-02 -6.069533e-01 -9.828959e-01 1.129779e-01 -1.454358e-01 1.351471e+01
-1.470604e-01 4.142622e-03 9.891189e-01 8.340315e+01 1.112117e-01 9.937197e-01 1.237285e-02 -6.037449e-01 -9.828556e-01 1.118211e-01 -1.465975e-01 1.324930e+01
-1.492423e-01 4.338053e-03 9.887912e-01 8.700538e+01 1.094671e-01 9.939160e-01 1.216177e-02 -5.994816e-01 -9.827226e-01 1.100551e-01 -1.488091e-01 1.270711e+01
-1.506723e-01 2.811838e-03 9.885798e-01 9.066661e+01 1.070118e-01 9.941663e-01 1.348224e-02 -5.892579e-01 -9.827748e-01 1.078211e-01 -1.500942e-01 1.214861e+01
-1.520677e-01 3.896026e-03 9.883624e-01 9.251613e+01 1.068060e-01 9.942011e-01 1.251394e-02 -5.822604e-01 -9.825822e-01 1.074660e-01 -1.516020e-01 1.186127e+01
-1.546860e-01 5.230309e-03 9.879499e-01 9.438417e+01 1.057142e-01 9.943325e-01 1.128785e-02 -5.761580e-01 -9.822915e-01 1.061864e-01 -1.543622e-01 1.156935e+01
-1.584947e-01 5.190445e-03 9.873462e-01 9.626377e+01 1.064537e-01 9.942469e-01 1.186186e-02 -5.690865e-01 -9.816043e-01 1.069867e-01 -1.581354e-01 1.126751e+01
-1.680724e-01 3.613141e-03 9.857681e-01 1.000527e+02 1.019229e-01 9.946975e-01 1.373188e-02 -5.652429e-01 -9.804914e-01 1.027803e-01 -1.675495e-01 1.063988e+01
-1.774521e-01 6.239531e-03 9.841097e-01 1.038698e+02 1.014658e-01 9.947668e-01 1.198894e-02 -5.624452e-01 -9.788848e-01 1.019809e-01 -1.771565e-01 9.966128e+00
-1.820546e-01 7.979443e-03 9.832561e-01 1.057910e+02 1.011783e-01 9.948112e-01 1.066042e-02 -5.643553e-01 -9.780690e-01 1.014249e-01 -1.819173e-01 9.611618e+00
-1.868758e-01 8.786952e-03 9.823443e-01 1.077248e+02 1.001207e-01 9.949235e-01 1.014694e-02 -5.687973e-01 -9.772682e-01 1.002492e-01 -1.868069e-01 9.246382e+00
-1.918873e-01 7.633132e-03 9.813873e-01 1.096683e+02 9.794174e-02 9.951267e-01 1.141021e-02 -5.717942e-01 -9.765176e-01 9.830823e-02 -1.916997e-01 8.871585e+00
-1.972643e-01 7.480826e-03 9.803218e-01 1.116206e+02 9.606302e-02 9.953061e-01 1.173501e-02 -5.733449e-01 -9.756324e-01 9.648755e-02 -1.970570e-01 8.486629e+00
-2.028929e-01 6.576712e-03 9.791789e-01 1.135815e+02 9.508165e-02 9.953844e-01 1.301604e-02 -5.728043e-01 -9.745737e-01 9.574279e-02 -2.025817e-01 8.086921e+00
-2.084031e-01 6.469213e-03 9.780216e-01 1.155478e+02 9.502287e-02 9.953813e-01 1.366404e-02 -5.705380e-01 -9.734160e-01 9.578203e-02 -2.080553e-01 7.674193e+00
-2.138450e-01 7.858298e-03 9.768360e-01 1.175182e+02 9.558616e-02 9.953373e-01 1.291820e-02 -5.680584e-01 -9.721798e-01 9.613447e-02 -2.135991e-01 7.246929e+00
-2.195383e-01 8.856306e-03 9.755637e-01 1.194963e+02 9.521901e-02 9.953792e-01 1.239164e-02 -5.658779e-01 -9.709460e-01 9.561263e-02 -2.193671e-01 6.808278e+00
-2.254576e-01 8.853206e-03 9.742128e-01 1.214861e+02 9.566882e-02 9.953271e-01 1.309511e-02 -5.645652e-01 -9.695444e-01 9.615416e-02 -2.252510e-01 6.351224e+00
-2.310452e-01 9.190854e-03 9.728996e-01 1.234817e+02 9.472620e-02 9.954172e-01 1.309209e-02 -5.636678e-01 -9.683207e-01 9.518392e-02 -2.308570e-01 5.883248e+00
-2.362092e-01 9.550857e-03 9.716553e-01 1.254794e+02 9.420289e-02 9.954666e-01 1.311579e-02 -5.607338e-01 -9.671251e-01 9.463079e-02 -2.360381e-01 5.403529e+00
-2.414041e-01 9.719218e-03 9.703760e-01 1.274889e+02 9.294890e-02 9.955840e-01 1.315154e-02 -5.591517e-01 -9.659630e-01 9.337020e-02 -2.412414e-01 4.911013e+00
-2.458159e-01 9.821942e-03 9.692668e-01 1.295004e+02 9.457506e-02 9.954207e-01 1.389822e-02 -5.556139e-01 -9.646917e-01 9.508485e-02 -2.456191e-01 4.402279e+00
-2.497010e-01 8.595703e-03 9.682849e-01 1.315233e+02 9.625855e-02 9.952279e-01 1.598823e-02 -5.494115e-01 -9.635267e-01 9.719796e-02 -2.493368e-01 3.880107e+00
-2.532929e-01 9.879226e-03 9.673392e-01 1.335486e+02 9.768544e-02 9.950979e-01 1.541572e-02 -5.427542e-01 -9.624449e-01 9.839963e-02 -2.530163e-01 3.348158e+00
-2.563419e-01 1.033140e-02 9.665310e-01 1.355837e+02 9.797856e-02 9.950701e-01 1.534925e-02 -5.360354e-01 -9.616075e-01 9.863395e-02 -2.560904e-01 2.806947e+00
-2.597614e-01 1.013191e-02 9.656197e-01 1.376250e+02 9.708426e-02 9.951527e-01 1.567485e-02 -5.295973e-01 -9.607802e-01 9.781817e-02 -2.594859e-01 2.257989e+00
-2.637027e-01 1.035061e-02 9.645485e-01 1.396797e+02 9.579549e-02 9.952802e-01 1.550960e-02 -5.224538e-01 -9.598354e-01 9.648930e-02 -2.634496e-01 1.699296e+00
-2.681714e-01 1.125920e-02 9.633055e-01 1.417304e+02 9.446872e-02 9.954198e-01 1.466427e-02 -5.179993e-01 -9.587282e-01 9.493475e-02 -2.680067e-01 1.132152e+00
-2.726489e-01 1.108767e-02 9.620497e-01 1.437927e+02 9.357615e-02 9.954984e-01 1.504669e-02 -5.127373e-01 -9.575521e-01 9.412736e-02 -2.724590e-01 5.515872e-01
-2.772301e-01 1.132109e-02 9.607369e-01 1.458618e+02 9.373713e-02 9.954791e-01 1.531828e-02 -5.061993e-01 -9.562200e-01 9.430339e-02 -2.770379e-01 -4.137210e-02
-2.817308e-01 1.185782e-02 9.594203e-01 1.479305e+02 9.322617e-02 9.955309e-01 1.507145e-02 -5.006247e-01 -9.549537e-01 9.368914e-02 -2.815771e-01 -6.449311e-01
-2.862852e-01 1.239653e-02 9.580643e-01 1.500068e+02 9.286516e-02 9.955677e-01 1.486782e-02 -4.959689e-01 -9.536335e-01 9.322721e-02 -2.861674e-01 -1.261108e+00
-2.904967e-01 1.139404e-02 9.568082e-01 1.520968e+02 9.253122e-02 9.955774e-01 1.623769e-02 -4.898301e-01 -9.523915e-01 9.325161e-02 -2.902662e-01 -1.892338e+00
-2.947361e-01 1.147144e-02 9.555099e-01 1.541812e+02 9.310741e-02 9.955148e-01 1.676813e-02 -4.829921e-01 -9.510318e-01 9.390720e-02 -2.944822e-01 -2.533182e+00
-2.986660e-01 1.208825e-02 9.542812e-01 1.562753e+02 9.410159e-02 9.954201e-01 1.684205e-02 -4.753909e-01 -9.497070e-01 9.482950e-02 -2.984357e-01 -3.187653e+00
-3.022573e-01 1.327702e-02 9.531339e-01 1.583734e+02 9.424427e-02 9.954202e-01 1.602063e-02 -4.676840e-01 -9.485560e-01 9.466974e-02 -3.021243e-01 -3.851462e+00
-3.058439e-01 1.542536e-02 9.519567e-01 1.604737e+02 9.475529e-02 9.953977e-01 1.431362e-02 -4.608735e-01 -9.473547e-01 9.458065e-02 -3.058979e-01 -4.525316e+00
-3.092558e-01 1.602772e-02 9.508438e-01 1.625875e+02 9.539849e-02 9.953371e-01 1.425001e-02 -4.555311e-01 -9.461818e-01 9.511594e-02 -3.093428e-01 -5.211974e+00
-3.161339e-01 1.703662e-02 9.485616e-01 1.668257e+02 9.503047e-02 9.953788e-01 1.379400e-02 -4.495307e-01 -9.439430e-01 9.450299e-02 -3.162920e-01 -6.614701e+00
-3.201365e-01 1.695749e-02 9.472197e-01 1.689537e+02 9.501387e-02 9.953733e-01 1.429274e-02 -4.456125e-01 -9.425948e-01 9.457461e-02 -3.202665e-01 -7.331463e+00
-3.239253e-01 1.718208e-02 9.459266e-01 1.710871e+02 9.640571e-02 9.952300e-01 1.493575e-02 -4.416744e-01 -9.411579e-01 9.603078e-02 -3.240366e-01 -8.063072e+00
-3.271325e-01 1.815461e-02 9.448041e-01 1.732245e+02 9.878847e-02 9.949941e-01 1.508585e-02 -4.365523e-01 -9.398006e-01 9.827080e-02 -3.272883e-01 -8.806086e+00
-3.298961e-01 1.768240e-02 9.438517e-01 1.753665e+02 9.945702e-02 9.949112e-01 1.612335e-02 -4.294089e-01 -9.387634e-01 9.919169e-02 -3.299759e-01 -9.557829e+00
-3.325870e-01 1.703682e-02 9.429187e-01 1.775169e+02 9.930238e-02 9.949112e-01 1.704978e-02 -4.209330e-01 -9.378299e-01 9.930458e-02 -3.325864e-01 -1.031827e+01
-3.353595e-01 1.698544e-02 9.419371e-01 1.796714e+02 9.814417e-02 9.950270e-01 1.699965e-02 -4.118277e-01 -9.369641e-01 9.814661e-02 -3.353588e-01 -1.108560e+01
-3.383518e-01 1.880925e-02 9.408317e-01 1.818303e+02 9.724016e-02 9.951467e-01 1.507538e-02 -4.043634e-01 -9.359820e-01 9.658739e-02 -3.385386e-01 -1.186225e+01
-3.416162e-01 2.028947e-02 9.396206e-01 1.839969e+02 9.708227e-02 9.951806e-01 1.380682e-02 -3.985802e-01 -9.348119e-01 9.593711e-02 -3.419395e-01 -1.264986e+01
-3.448185e-01 2.159976e-02 9.384208e-01 1.861699e+02 9.545937e-02 9.953590e-01 1.216580e-02 -3.990509e-01 -9.338028e-01 9.377604e-02 -3.452801e-01 -1.344797e+01
-3.519011e-01 2.312204e-02 9.357516e-01 1.905195e+02 9.504064e-02 9.954110e-01 1.114501e-02 -4.013833e-01 -9.311997e-01 9.285635e-02 -3.524837e-01 -1.507493e+01
-3.555047e-01 2.192990e-02 9.344172e-01 1.927087e+02 9.415617e-02 9.954795e-01 1.245931e-02 -4.038655e-01 -9.299198e-01 9.241047e-02 -3.559625e-01 -1.590879e+01
-3.592385e-01 2.119195e-02 9.330052e-01 1.949010e+02 9.384472e-02 9.954950e-01 1.352206e-02 -4.035663e-01 -9.285154e-01 9.241523e-02 -3.596089e-01 -1.675316e+01
-3.631389e-01 2.128419e-02 9.314919e-01 1.970930e+02 9.410306e-02 9.954648e-01 1.393979e-02 -4.021162e-01 -9.269707e-01 9.271829e-02 -3.634949e-01 -1.760738e+01
-3.666020e-01 2.143330e-02 9.301310e-01 1.992958e+02 9.312059e-02 9.955597e-01 1.376156e-02 -4.006638e-01 -9.257059e-01 9.165934e-02 -3.669700e-01 -1.847484e+01
-3.703490e-01 2.201051e-02 9.286319e-01 2.014804e+02 9.212319e-02 9.956609e-01 1.314053e-02 -4.011965e-01 -9.243132e-01 9.041510e-02 -3.707697e-01 -1.934449e+01
-3.735992e-01 2.206369e-02 9.273278e-01 2.036882e+02 9.207681e-02 9.956616e-01 1.340610e-02 -4.030819e-01 -9.230089e-01 9.039387e-02 -3.740100e-01 -2.023459e+01
-3.789168e-01 2.285844e-02 9.251484e-01 2.080748e+02 9.433619e-02 9.954413e-01 1.404241e-02 -4.083230e-01 -9.206100e-01 9.259586e-02 -3.793458e-01 -2.203665e+01
-3.920958e-01 2.535895e-02 9.195748e-01 2.190854e+02 9.548806e-02 9.953421e-01 1.326659e-02 -4.089666e-01 -9.149551e-01 9.301017e-02 -3.926909e-01 -2.669513e+01
-3.949738e-01 2.652036e-02 9.183096e-01 2.212752e+02 9.548710e-02 9.953543e-01 1.232452e-02 -4.145729e-01 -9.137165e-01 9.255456e-02 -3.956712e-01 -2.764230e+01
-3.974300e-01 2.654920e-02 9.172484e-01 2.234748e+02 9.359537e-02 9.955411e-01 1.173812e-02 -4.227878e-01 -9.128468e-01 9.051527e-02 -3.981427e-01 -2.859890e+01
-4.029066e-01 2.696929e-02 9.148437e-01 2.278686e+02 9.567667e-02 9.953302e-01 1.279497e-02 -4.418329e-01 -9.102265e-01 9.268435e-02 -4.036054e-01 -3.054211e+01
-4.086398e-01 2.546329e-02 9.123405e-01 2.322584e+02 9.487381e-02 9.953805e-01 1.471329e-02 -4.502008e-01 -9.077513e-01 9.256963e-02 -4.091678e-01 -3.251137e+01
-4.116808e-01 2.580665e-02 9.109627e-01 2.344478e+02 9.367349e-02 9.955027e-01 1.413118e-02 -4.516442e-01 -9.065011e-01 9.115057e-02 -4.122467e-01 -3.350409e+01
-4.150772e-01 2.524700e-02 9.094358e-01 2.366402e+02 9.211869e-02 9.956438e-01 1.440382e-02 -4.545615e-01 -9.051105e-01 8.975472e-02 -4.155948e-01 -3.450713e+01
-4.220821e-01 2.436985e-02 9.062300e-01 2.410098e+02 9.041717e-02 9.957859e-01 1.533419e-02 -4.583595e-01 -9.020374e-01 8.841102e-02 -4.225068e-01 -3.653355e+01
-4.257271e-01 2.389500e-02 9.045361e-01 2.431866e+02 8.957398e-02 9.958540e-01 1.585137e-02 -4.598154e-01 -9.004071e-01 8.777123e-02 -4.261024e-01 -3.755871e+01
-4.295873e-01 2.463815e-02 9.026892e-01 2.453571e+02 8.910321e-02 9.959061e-01 1.522154e-02 -4.618584e-01 -8.986186e-01 8.697147e-02 -4.300239e-01 -3.859114e+01
-4.336948e-01 2.386280e-02 9.007439e-01 2.475244e+02 8.796735e-02 9.959953e-01 1.596872e-02 -4.614750e-01 -8.967556e-01 8.616158e-02 -4.340571e-01 -3.963198e+01
-4.375346e-01 2.399626e-02 8.988814e-01 2.496839e+02 8.785629e-02 9.960018e-01 1.617549e-02 -4.614460e-01 -8.948993e-01 8.604970e-02 -4.378935e-01 -4.068364e+01
-4.410215e-01 2.505593e-02 8.971467e-01 2.518424e+02 8.852924e-02 9.959498e-01 1.570406e-02 -4.628392e-01 -8.931196e-01 8.634953e-02 -4.414534e-01 -4.174631e+01
-4.446551e-01 2.500281e-02 8.953529e-01 2.539896e+02 8.810197e-02 9.959839e-01 1.594074e-02 -4.623208e-01 -8.913584e-01 8.597047e-02 -4.450721e-01 -4.281371e+01
-4.483033e-01 2.521558e-02 8.935258e-01 2.561425e+02 8.717879e-02 9.960700e-01 1.563027e-02 -4.599411e-01 -8.896201e-01 8.490359e-02 -4.487397e-01 -4.389031e+01
-4.553868e-01 2.592550e-02 8.899162e-01 2.604446e+02 8.760414e-02 9.960298e-01 1.581181e-02 -4.515860e-01 -8.859731e-01 8.516081e-02 -4.558499e-01 -4.607408e+01
-4.621008e-01 2.899750e-02 8.863532e-01 2.647340e+02 9.121464e-02 9.957186e-01 1.497936e-02 -4.443228e-01 -8.821240e-01 8.777034e-02 -4.627673e-01 -4.830007e+01
-4.678605e-01 3.190777e-02 8.832262e-01 2.690255e+02 9.402770e-02 9.954733e-01 1.384527e-02 -4.394885e-01 -8.787863e-01 8.952536e-02 -4.687428e-01 -5.056793e+01
-4.704908e-01 3.425764e-02 8.817397e-01 2.711744e+02 9.593141e-02 9.953092e-01 1.251830e-02 -4.357941e-01 -8.771747e-01 9.047625e-02 -4.715702e-01 -5.172041e+01
-4.732870e-01 3.502027e-02 8.802119e-01 2.733318e+02 9.677821e-02 9.952282e-01 1.244098e-02 -4.312748e-01 -8.755760e-01 9.107347e-02 -4.744177e-01 -5.288771e+01
-4.797661e-01 3.625912e-02 8.766469e-01 2.776580e+02 9.648349e-02 9.952665e-01 1.163754e-02 -4.182424e-01 -8.720753e-01 9.016523e-02 -4.809935e-01 -5.525311e+01
-4.830450e-01 3.738275e-02 8.747972e-01 2.798273e+02 9.727560e-02 9.951946e-01 1.118587e-02 -4.128268e-01 -8.701752e-01 9.049968e-02 -4.843602e-01 -5.645514e+01
-4.891485e-01 3.754739e-02 8.713920e-01 2.841885e+02 9.474989e-02 9.954479e-01 1.029420e-02 -4.095589e-01 -8.670387e-01 8.759967e-02 -4.904794e-01 -5.889251e+01
-4.918877e-01 3.780488e-02 8.698375e-01 2.863724e+02 9.587566e-02 9.953330e-01 1.095791e-02 -4.079618e-01 -8.653637e-01 8.878629e-02 -4.932166e-01 -6.012956e+01
-4.938980e-01 3.783481e-02 8.686964e-01 2.885702e+02 9.748770e-02 9.951633e-01 1.208380e-02 -4.045488e-01 -8.640375e-01 9.065535e-02 -4.951976e-01 -6.138495e+01
-4.959533e-01 3.775471e-02 8.675281e-01 2.907704e+02 9.815965e-02 9.950882e-01 1.281034e-02 -3.986685e-01 -8.627832e-01 9.150956e-02 -4.972233e-01 -6.264929e+01
-4.981567e-01 3.777312e-02 8.662639e-01 2.929827e+02 9.815975e-02 9.950850e-01 1.305774e-02 -3.908822e-01 -8.615130e-01 9.153703e-02 -4.994160e-01 -6.392341e+01
-5.004590e-01 3.710110e-02 8.649649e-01 2.951953e+02 9.755645e-02 9.951348e-01 1.376055e-02 -3.821466e-01 -8.602462e-01 9.126948e-02 -5.016436e-01 -6.520624e+01
-5.030179e-01 3.703289e-02 8.634823e-01 2.974212e+02 9.842723e-02 9.950362e-01 1.466339e-02 -3.713999e-01 -8.586531e-01 9.236610e-02 -5.041660e-01 -6.650521e+01
-5.051574e-01 3.705698e-02 8.622313e-01 2.996423e+02 9.892841e-02 9.949785e-01 1.519721e-02 -3.587114e-01 -8.573384e-01 9.297614e-02 -5.062867e-01 -6.780874e+01
-5.071269e-01 3.780852e-02 8.610417e-01 3.018763e+02 9.853901e-02 9.950298e-01 1.434445e-02 -3.470056e-01 -8.562198e-01 9.212063e-02 -5.083320e-01 -6.912560e+01
-5.093585e-01 4.004183e-02 8.596224e-01 3.041141e+02 9.794371e-02 9.951234e-01 1.168175e-02 -3.372516e-01 -8.549625e-01 9.014478e-02 -5.107963e-01 -7.045170e+01
-5.126685e-01 3.931280e-02 8.576862e-01 3.063593e+02 9.633206e-02 9.952774e-01 1.196155e-02 -3.307952e-01 -8.531654e-01 8.875497e-02 -5.140344e-01 -7.179168e+01
-5.171586e-01 3.690592e-02 8.550936e-01 3.086134e+02 9.360376e-02 9.955160e-01 1.364476e-02 -3.233356e-01 -8.507557e-01 8.709646e-02 -5.182942e-01 -7.314403e+01
-5.220571e-01 3.451451e-02 8.522120e-01 3.108714e+02 9.114758e-02 9.957166e-01 1.550971e-02 -3.126191e-01 -8.480262e-01 8.577399e-02 -5.229668e-01 -7.451245e+01
-5.268235e-01 3.309434e-02 8.493302e-01 3.131301e+02 8.979367e-02 9.958171e-01 1.689507e-02 -2.971879e-01 -8.452184e-01 8.516518e-02 -5.275914e-01 -7.590012e+01
-5.311682e-01 3.348928e-02 8.466043e-01 3.153852e+02 9.017544e-02 9.957776e-01 1.718683e-02 -2.796424e-01 -8.424540e-01 8.547199e-02 -5.319453e-01 -7.730725e+01
-5.353072e-01 3.467362e-02 8.439455e-01 3.176383e+02 9.238538e-02 9.955660e-01 1.769624e-02 -2.578412e-01 -8.395898e-01 8.744113e-02 -5.361370e-01 -7.872988e+01
-5.390292e-01 3.588530e-02 8.415223e-01 3.198954e+02 9.381170e-02 9.954336e-01 1.764160e-02 -2.381554e-01 -8.370465e-01 8.845395e-02 -5.399342e-01 -8.017271e+01
-5.426799e-01 3.583575e-02 8.391748e-01 3.221579e+02 9.420860e-02 9.953821e-01 1.841670e-02 -2.197853e-01 -8.346396e-01 8.905184e-02 -5.435499e-01 -8.163211e+01
-5.466164e-01 3.426157e-02 8.366820e-01 3.244120e+02 9.455334e-02 9.952979e-01 2.101626e-02 -2.016825e-01 -8.320277e-01 9.059888e-02 -5.472856e-01 -8.310009e+01
-5.505309e-01 3.288636e-02 8.341668e-01 3.266626e+02 9.308915e-02 9.954104e-01 2.219342e-02 -1.825361e-01 -8.296084e-01 8.987002e-02 -5.510655e-01 -8.457972e+01
-5.542889e-01 3.278444e-02 8.316784e-01 3.289055e+02 9.233886e-02 9.954779e-01 2.229974e-02 -1.608324e-01 -8.271864e-01 8.915672e-02 -5.548096e-01 -8.606826e+01
-5.583189e-01 3.221365e-02 8.290008e-01 3.311477e+02 9.187847e-02 9.955000e-01 2.319514e-02 -1.383913e-01 -8.245231e-01 8.911758e-02 -5.587662e-01 -8.757051e+01
-5.624024e-01 3.172657e-02 8.262548e-01 3.333840e+02 9.317394e-02 9.953308e-01 2.520143e-02 -1.125608e-01 -8.215973e-01 9.115875e-02 -5.627325e-01 -8.908675e+01
-5.662656e-01 3.200649e-02 8.236012e-01 3.356133e+02 9.376371e-02 9.952604e-01 2.578962e-02 -8.455148e-02 -8.188722e-01 9.182766e-02 -5.665827e-01 -9.061426e+01
-5.699347e-01 3.105914e-02 8.211028e-01 3.378389e+02 9.197118e-02 9.954173e-01 2.618521e-02 -5.242768e-02 -8.165266e-01 9.044163e-02 -5.701793e-01 -9.215154e+01
-5.734629e-01 2.980165e-02 8.186893e-01 3.400560e+02 9.146806e-02 9.954189e-01 2.783523e-02 -1.599584e-02 -8.141093e-01 9.084638e-02 -5.735616e-01 -9.370014e+01
-5.764348e-01 2.883221e-02 8.166344e-01 3.422752e+02 9.162022e-02 9.953561e-01 2.952944e-02 2.333862e-02 -8.119905e-01 9.184199e-02 -5.763994e-01 -9.526502e+01
-5.792285e-01 2.833649e-02 8.146726e-01 3.444892e+02 8.960529e-02 9.955527e-01 2.908096e-02 6.337510e-02 -8.102254e-01 8.984348e-02 -5.791916e-01 -9.683616e+01
-5.821727e-01 2.738547e-02 8.126039e-01 3.467010e+02 8.552969e-02 9.959502e-01 2.771149e-02 1.024766e-01 -8.085540e-01 8.563461e-02 -5.821572e-01 -9.841195e+01
-5.852817e-01 2.656025e-02 8.103950e-01 3.489103e+02 8.243732e-02 9.962335e-01 2.688668e-02 1.402984e-01 -8.066284e-01 8.254305e-02 -5.852667e-01 -9.999813e+01
-5.884897e-01 2.360915e-02 8.081600e-01 3.511094e+02 7.975283e-02 9.963937e-01 2.896666e-02 1.754218e-01 -8.045616e-01 8.149961e-02 -5.882502e-01 -1.015909e+02
-5.915552e-01 2.271379e-02 8.059445e-01 3.533107e+02 8.013301e-02 9.963101e-01 3.073798e-02 2.141195e-01 -8.022725e-01 8.276596e-02 -5.911925e-01 -1.032033e+02
-5.945947e-01 2.268037e-02 8.037057e-01 3.554996e+02 7.939344e-02 9.963730e-01 3.061917e-02 2.539708e-01 -8.000961e-01 8.201493e-02 -5.942387e-01 -1.048170e+02
-5.974407e-01 2.308157e-02 8.015809e-01 3.576809e+02 7.813459e-02 9.965050e-01 2.954148e-02 2.903191e-01 -7.980974e-01 8.028046e-02 -5.971561e-01 -1.064411e+02
-6.007205e-01 1.876716e-02 7.992389e-01 3.598670e+02 7.511391e-02 9.966269e-01 3.305469e-02 3.297903e-01 -7.959226e-01 7.989057e-02 -6.001039e-01 -1.080781e+02
-6.038752e-01 1.623428e-02 7.969136e-01 3.620386e+02 7.242569e-02 9.967743e-01 3.457609e-02 3.801369e-01 -7.937816e-01 7.859665e-02 -6.031030e-01 -1.097167e+02
-6.068475e-01 1.634159e-02 7.946503e-01 3.642051e+02 7.194258e-02 9.968139e-01 3.444111e-02 4.335940e-01 -7.915556e-01 7.806967e-02 -6.060897e-01 -1.113631e+02
-6.095901e-01 1.605467e-02 7.925543e-01 3.663626e+02 7.126306e-02 9.968566e-01 3.461851e-02 4.855505e-01 -7.895071e-01 7.758292e-02 -6.088179e-01 -1.130176e+02
-6.122075e-01 1.580857e-02 7.905392e-01 3.685148e+02 7.108644e-02 9.968518e-01 3.511634e-02 5.357534e-01 -7.874952e-01 7.769508e-02 -6.114039e-01 -1.146817e+02
-6.150181e-01 1.428418e-02 7.883836e-01 3.706543e+02 7.043109e-02 9.968345e-01 3.688232e-02 5.857535e-01 -7.853612e-01 7.820999e-02 -6.140773e-01 -1.163494e+02
-6.177963e-01 1.359792e-02 7.862206e-01 3.727925e+02 6.786551e-02 9.970417e-01 3.608321e-02 6.347512e-01 -7.834041e-01 7.564932e-02 -6.168915e-01 -1.180262e+02
-6.206707e-01 1.085791e-02 7.839962e-01 3.749322e+02 5.885749e-02 9.977281e-01 3.277805e-02 6.806409e-01 -7.818591e-01 6.648841e-02 -6.198996e-01 -1.197055e+02
-6.239941e-01 1.192773e-02 7.813381e-01 3.770444e+02 4.951205e-02 9.984779e-01 2.429889e-02 7.141844e-01 -7.798589e-01 5.384800e-02 -6.236348e-01 -1.213733e+02
-6.266260e-01 2.205789e-02 7.790079e-01 3.791489e+02 5.900870e-02 9.980727e-01 1.920520e-02 7.322390e-01 -7.770829e-01 5.800271e-02 -6.267199e-01 -1.230734e+02
-6.274763e-01 2.388148e-02 7.782693e-01 3.812460e+02 6.664289e-02 9.975089e-01 2.312160e-02 7.514499e-01 -7.757784e-01 6.637436e-02 -6.275047e-01 -1.247861e+02
-6.293392e-01 1.350458e-02 7.770134e-01 3.833531e+02 6.579098e-02 9.971854e-01 3.595595e-02 7.912642e-01 -7.743408e-01 7.374895e-02 -6.284563e-01 -1.264979e+02
-6.322787e-01 3.794990e-03 7.747318e-01 3.854625e+02 6.029882e-02 9.971956e-01 4.432671e-02 8.581189e-01 -7.723909e-01 7.474223e-02 -6.307344e-01 -1.282062e+02
-6.354821e-01 -2.169544e-03 7.721126e-01 3.875638e+02 5.428748e-02 9.973957e-01 4.748350e-02 9.375737e-01 -7.702048e-01 7.209095e-02 -6.337093e-01 -1.299140e+02
-6.382772e-01 -2.563005e-03 7.698024e-01 3.896489e+02 5.281065e-02 9.974927e-01 4.710871e-02 1.015440e+00 -7.679930e-01 7.072216e-02 -6.365415e-01 -1.316273e+02
-6.407552e-01 2.180977e-03 7.677422e-01 3.917168e+02 5.798493e-02 9.972772e-01 4.556100e-02 1.088896e+00 -7.655524e-01 7.371091e-02 -6.391370e-01 -1.333507e+02
-6.427141e-01 9.281153e-03 7.660500e-01 3.937800e+02 6.314894e-02 9.971656e-01 4.090054e-02 1.154913e+00 -7.634991e-01 7.466258e-02 -6.414785e-01 -1.350831e+02
-6.451251e-01 1.299057e-02 7.639665e-01 3.958385e+02 6.465990e-02 9.971970e-01 3.764505e-02 1.214067e+00 -7.613361e-01 7.368375e-02 -6.441568e-01 -1.368244e+02
-6.480120e-01 1.202720e-02 7.615352e-01 3.978934e+02 6.400803e-02 9.971980e-01 3.871714e-02 1.272858e+00 -7.589357e-01 7.383352e-02 -6.469661e-01 -1.385702e+02
-6.508502e-01 1.161103e-02 7.591174e-01 3.999429e+02 6.462644e-02 9.971011e-01 4.015815e-02 1.334967e+00 -7.564505e-01 7.519598e-02 -6.497138e-01 -1.403176e+02
-6.532311e-01 1.121137e-02 7.570756e-01 4.019775e+02 6.522569e-02 9.970066e-01 4.151452e-02 1.399861e+00 -7.543439e-01 7.649933e-02 -6.520070e-01 -1.420688e+02
-6.550600e-01 1.168809e-02 7.554865e-01 4.040132e+02 6.588239e-02 9.969556e-01 4.170082e-02 1.463950e+00 -7.526991e-01 7.708978e-02 -6.538357e-01 -1.438398e+02
-6.564592e-01 1.172668e-02 7.542705e-01 4.060396e+02 6.614536e-02 9.969228e-01 4.206862e-02 1.530570e+00 -7.514560e-01 7.750781e-02 -6.552147e-01 -1.456094e+02
-6.576740e-01 1.232267e-02 7.532019e-01 4.080639e+02 6.689873e-02 9.968710e-01 4.210482e-02 1.596786e+00 -7.503263e-01 7.807948e-02 -6.564404e-01 -1.473861e+02
-6.587023e-01 1.203487e-02 7.523075e-01 4.100865e+02 6.824368e-02 9.967064e-01 4.380791e-02 1.665192e+00 -7.493024e-01 8.019658e-02 -6.573540e-01 -1.491653e+02
-6.597711e-01 1.115265e-02 7.513839e-01 4.120999e+02 6.999913e-02 9.964545e-01 4.667426e-02 1.739480e+00 -7.481993e-01 8.339053e-02 -6.582125e-01 -1.509391e+02
-6.608928e-01 1.078191e-02 7.504029e-01 4.141199e+02 7.151847e-02 9.962510e-01 4.867325e-02 1.820766e+00 -7.470648e-01 8.583545e-02 -6.591862e-01 -1.527256e+02
-6.619843e-01 1.147200e-02 7.494300e-01 4.161297e+02 7.086687e-02 9.963615e-01 4.734596e-02 1.902123e+00 -7.461600e-01 8.445202e-02 -6.603886e-01 -1.545063e+02
-6.634470e-01 1.166464e-02 7.481324e-01 4.181369e+02 6.703205e-02 9.967844e-01 4.390275e-02 1.980352e+00 -7.452146e-01 7.927598e-02 -6.620955e-01 -1.562858e+02
-6.647307e-01 1.113233e-02 7.470002e-01 4.201401e+02 6.397313e-02 9.970645e-01 4.206859e-02 2.051261e+00 -7.443390e-01 7.575220e-02 -6.634915e-01 -1.580701e+02
-6.658022e-01 1.000833e-02 7.460613e-01 4.221413e+02 6.306201e-02 9.970870e-01 4.290216e-02 2.117805e+00 -7.434586e-01 7.561245e-02 -6.644938e-01 -1.598579e+02
-6.666894e-01 8.669528e-03 7.452853e-01 4.241424e+02 6.129618e-02 9.971829e-01 4.323230e-02 2.186326e+00 -7.428109e-01 7.450564e-02 -6.653426e-01 -1.616509e+02
-6.676013e-01 8.285427e-03 7.444729e-01 4.261357e+02 5.852154e-02 9.974282e-01 4.137817e-02 2.256082e+00 -7.422154e-01 7.119181e-02 -6.663692e-01 -1.634423e+02
-6.684511e-01 6.991256e-03 7.437233e-01 4.281288e+02 5.725191e-02 9.974725e-01 4.208085e-02 2.325413e+00 -7.415493e-01 7.070856e-02 -6.671618e-01 -1.652378e+02
-6.688990e-01 5.516573e-03 7.433329e-01 4.301109e+02 5.777251e-02 9.973336e-01 4.458581e-02 2.396912e+00 -7.411049e-01 7.276759e-02 -6.674341e-01 -1.670320e+02
-6.688562e-01 4.782552e-03 7.433765e-01 4.320961e+02 5.962807e-02 9.971024e-01 4.723569e-02 2.471810e+00 -7.409965e-01 7.591998e-02 -6.672033e-01 -1.688310e+02
-6.679607e-01 3.317931e-03 7.441892e-01 4.340721e+02 6.413589e-02 9.965262e-01 5.312338e-02 2.549279e+00 -7.414277e-01 8.321354e-02 -6.658531e-01 -1.706280e+02
-6.664665e-01 2.245014e-03 7.455316e-01 4.360531e+02 6.807604e-02 9.960011e-01 5.785718e-02 2.650572e+00 -7.424204e-01 8.931269e-02 -6.639541e-01 -1.724221e+02
-6.646993e-01 4.525680e-04 7.471109e-01 4.380420e+02 6.387629e-02 9.963726e-01 5.622671e-02 2.755615e+00 -7.443754e-01 8.509651e-02 -6.623170e-01 -1.742029e+02
-6.640222e-01 7.332386e-04 7.477126e-01 4.400300e+02 5.667972e-02 9.971716e-01 4.935776e-02 2.843910e+00 -7.455615e-01 7.515477e-02 -6.621855e-01 -1.759705e+02
-6.623343e-01 -1.685100e-03 7.492066e-01 4.420339e+02 5.114571e-02 9.975629e-01 4.745893e-02 2.921911e+00 -7.474606e-01 6.975236e-02 -6.606339e-01 -1.777475e+02
-6.599321e-01 -2.489415e-03 7.513212e-01 4.440392e+02 4.941883e-02 9.976851e-01 4.671333e-02 3.006852e+00 -7.496982e-01 6.795703e-02 -6.582813e-01 -1.795200e+02
-6.571388e-01 -2.384720e-03 7.537658e-01 4.460460e+02 5.118087e-02 9.975460e-01 4.777584e-02 3.098726e+00 -7.520300e-01 6.997374e-02 -6.554041e-01 -1.812884e+02
-6.542341e-01 -2.031108e-03 7.562894e-01 4.480532e+02 5.211326e-02 9.974985e-01 4.775987e-02 3.192574e+00 -7.544945e-01 7.065882e-02 -6.524916e-01 -1.830447e+02
-6.518127e-01 -7.487279e-04 7.583797e-01 4.500640e+02 5.035348e-02 9.977501e-01 4.426288e-02 3.278015e+00 -7.567065e-01 6.703814e-02 -6.503084e-01 -1.847916e+02
-6.502861e-01 -5.694727e-03 7.596681e-01 4.520924e+02 4.340385e-02 9.980600e-01 4.463606e-02 3.358861e+00 -7.584485e-01 6.199872e-02 -6.487773e-01 -1.865327e+02
-6.493819e-01 -1.250006e-02 7.603597e-01 4.541251e+02 3.451564e-02 9.983500e-01 4.589046e-02 3.436998e+00 -7.596787e-01 5.604473e-02 -6.478790e-01 -1.882652e+02
-6.487774e-01 -1.541144e-02 7.608223e-01 4.561580e+02 2.766377e-02 9.986564e-01 4.381885e-02 3.516788e+00 -7.604753e-01 4.947588e-02 -6.474793e-01 -1.899924e+02
-6.471136e-01 -1.651054e-02 7.622149e-01 4.602152e+02 2.716600e-02 9.986312e-01 4.469530e-02 3.669483e+00 -7.619095e-01 4.962925e-02 -6.457792e-01 -1.934519e+02
-6.444217e-01 -1.938661e-02 7.644245e-01 4.642791e+02 2.790781e-02 9.984163e-01 4.884760e-02 3.835891e+00 -7.641608e-01 5.281186e-02 -6.428600e-01 -1.969059e+02
-6.425776e-01 -1.892421e-02 7.659869e-01 4.683509e+02 2.470557e-02 9.986634e-01 4.539785e-02 4.004216e+00 -7.658222e-01 4.809577e-02 -6.412512e-01 -2.003376e+02
-6.403523e-01 -1.703864e-02 7.678924e-01 4.724259e+02 2.727744e-02 9.986188e-01 4.490509e-02 4.154116e+00 -7.675968e-01 4.970120e-02 -6.390030e-01 -2.037656e+02
-6.382048e-01 -1.757702e-02 7.696660e-01 4.765113e+02 2.911652e-02 9.984730e-01 4.694565e-02 4.309712e+00 -7.693159e-01 5.237092e-02 -6.367184e-01 -2.071855e+02
-6.364662e-01 -1.871761e-02 7.710775e-01 4.806060e+02 2.856500e-02 9.984476e-01 4.781518e-02 4.471449e+00 -7.707754e-01 5.245856e-02 -6.349435e-01 -2.105886e+02
-6.337949e-01 -2.127668e-02 7.732085e-01 4.949713e+02 2.566601e-02 9.984927e-01 4.851420e-02 5.038016e+00 -7.730752e-01 5.059322e-02 -6.322934e-01 -2.224476e+02
-6.341946e-01 -2.049598e-02 7.729018e-01 4.990722e+02 2.633335e-02 9.984960e-01 4.808582e-02 5.193552e+00 -7.727248e-01 5.084886e-02 -6.327010e-01 -2.258270e+02
-6.346633e-01 -2.373341e-02 7.724243e-01 5.031867e+02 2.489555e-02 9.983816e-01 5.113160e-02 5.349108e+00 -7.723877e-01 5.168127e-02 -6.330452e-01 -2.292205e+02
-6.349925e-01 -2.411289e-02 7.721420e-01 5.072915e+02 2.397188e-02 9.984163e-01 5.089305e-02 5.519275e+00 -7.721463e-01 5.082639e-02 -6.334088e-01 -2.326072e+02
-6.348712e-01 -2.289225e-02 7.722788e-01 5.113939e+02 2.500734e-02 9.984284e-01 5.015379e-02 5.689304e+00 -7.722131e-01 5.115382e-02 -6.333009e-01 -2.359969e+02
-6.346300e-01 -2.317670e-02 7.724686e-01 5.154974e+02 2.483037e-02 9.984226e-01 5.035575e-02 5.857608e+00 -7.724171e-01 5.113794e-02 -6.330534e-01 -2.393843e+02
-6.344472e-01 -2.404252e-02 7.725922e-01 5.196014e+02 2.355973e-02 9.984503e-01 5.041814e-02 6.026971e+00 -7.726070e-01 5.018971e-02 -6.328975e-01 -2.427680e+02
-6.339935e-01 -2.575882e-02 7.729093e-01 5.237106e+02 2.390444e-02 9.983148e-01 5.287899e-02 6.206642e+00 -7.729689e-01 5.200088e-02 -6.323092e-01 -2.461557e+02
-6.335759e-01 -2.408283e-02 7.733057e-01 5.278159e+02 2.550849e-02 9.983218e-01 5.198975e-02 6.392878e+00 -7.732599e-01 5.266529e-02 -6.318982e-01 -2.495367e+02
-6.332811e-01 -2.430248e-02 7.735402e-01 5.298651e+02 2.598185e-02 9.982758e-01 5.263383e-02 6.486799e+00 -7.734856e-01 5.343001e-02 -6.315578e-01 -2.512228e+02
-6.331693e-01 -2.508594e-02 7.736068e-01 5.339814e+02 2.469044e-02 9.983114e-01 5.258073e-02 6.677372e+00 -7.736194e-01 5.239318e-02 -6.314807e-01 -2.546036e+02
-6.334203e-01 -2.622209e-02 7.733636e-01 5.380951e+02 2.429114e-02 9.982593e-01 5.374308e-02 6.865967e+00 -7.734266e-01 5.282782e-02 -6.316806e-01 -2.579830e+02
-6.338700e-01 -2.930732e-02 7.728842e-01 5.422136e+02 2.279970e-02 9.981395e-01 5.654772e-02 7.066817e+00 -7.731035e-01 5.346542e-02 -6.320225e-01 -2.613661e+02
-6.343956e-01 -2.556962e-02 7.725856e-01 5.463253e+02 2.211949e-02 9.984430e-01 5.120768e-02 7.265256e+00 -7.726920e-01 4.957512e-02 -6.328422e-01 -2.647478e+02
-6.343588e-01 -2.722893e-02 7.725591e-01 5.504365e+02 2.286776e-02 9.982811e-01 5.396156e-02 7.450904e+00 -7.727004e-01 5.189768e-02 -6.326457e-01 -2.681343e+02
-6.343860e-01 -2.725994e-02 7.725357e-01 5.545493e+02 2.445367e-02 9.981701e-01 5.530245e-02 7.654529e+00 -7.726295e-01 5.397442e-02 -6.325585e-01 -2.715254e+02
-6.344427e-01 -2.643894e-02 7.725176e-01 5.566051e+02 2.466001e-02 9.982138e-01 5.441568e-02 7.757167e+00 -7.725764e-01 5.357391e-02 -6.326574e-01 -2.732200e+02
-6.343300e-01 -2.548778e-02 7.726421e-01 5.607204e+02 2.640100e-02 9.981591e-01 5.460200e-02 7.957556e+00 -7.726114e-01 5.503420e-02 -6.324894e-01 -2.766146e+02
-6.335856e-01 -2.659240e-02 7.732155e-01 5.689502e+02 2.770724e-02 9.979881e-01 5.702654e-02 8.373989e+00 -7.731763e-01 5.755485e-02 -6.315740e-01 -2.833947e+02
-6.328038e-01 -2.864444e-02 7.737822e-01 5.730773e+02 2.691291e-02 9.978980e-01 5.895046e-02 8.593947e+00 -7.738443e-01 5.812879e-02 -6.307027e-01 -2.867871e+02
-6.325817e-01 -3.043971e-02 7.738953e-01 5.751384e+02 2.506042e-02 9.978996e-01 5.973487e-02 8.705148e+00 -7.740881e-01 5.718131e-02 -6.304902e-01 -2.884766e+02
-6.322726e-01 -2.939367e-02 7.741882e-01 5.772007e+02 2.522994e-02 9.979688e-01 5.849503e-02 8.816896e+00 -7.743350e-01 5.651752e-02 -6.302467e-01 -2.901677e+02
-6.296791e-01 -2.867949e-02 7.763258e-01 5.854383e+02 2.819705e-02 9.978161e-01 5.973258e-02 9.245509e+00 -7.763434e-01 5.950244e-02 -6.274952e-01 -2.969139e+02
-6.284360e-01 -2.762615e-02 7.773706e-01 5.895489e+02 2.792536e-02 9.979236e-01 5.803934e-02 9.456599e+00 -7.773598e-01 5.818235e-02 -6.263596e-01 -3.002630e+02
-6.272855e-01 -2.848438e-02 7.782683e-01 5.936716e+02 2.691617e-02 9.979409e-01 5.821879e-02 9.666809e+00 -7.783241e-01 5.746779e-02 -6.252271e-01 -3.036091e+02
-6.263289e-01 -3.020898e-02 7.789734e-01 5.978027e+02 2.504597e-02 9.979532e-01 5.883918e-02 9.883665e+00 -7.791565e-01 5.636281e-02 -6.242903e-01 -3.069488e+02
-6.260867e-01 -3.038338e-02 7.791613e-01 6.019345e+02 2.246797e-02 9.981227e-01 5.697568e-02 1.009861e+01 -7.794296e-01 5.317788e-02 -6.242287e-01 -3.102813e+02
-6.263989e-01 -3.193005e-02 7.788485e-01 6.060701e+02 2.349138e-02 9.979336e-01 5.980501e-02 1.031717e+01 -7.791486e-01 5.575801e-02 -6.243544e-01 -3.136242e+02
-6.266982e-01 -3.264678e-02 7.785779e-01 6.102041e+02 2.151846e-02 9.980160e-01 5.916888e-02 1.054205e+01 -7.789649e-01 5.383482e-02 -6.247523e-01 -3.169635e+02
-6.266057e-01 -2.915437e-02 7.787910e-01 6.143316e+02 2.264969e-02 9.981966e-01 5.559156e-02 1.075646e+01 -7.790073e-01 5.247334e-02 -6.248153e-01 -3.203039e+02
-6.265290e-01 -3.015212e-02 7.788147e-01 6.184658e+02 2.294946e-02 9.981044e-01 5.710404e-02 1.096062e+01 -7.790601e-01 5.365070e-02 -6.246494e-01 -3.236462e+02
-6.263612e-01 -3.072541e-02 7.789272e-01 6.226067e+02 2.406871e-02 9.979842e-01 5.872073e-02 1.117705e+01 -7.791613e-01 5.552815e-02 -6.243591e-01 -3.269891e+02
-6.259098e-01 -3.013968e-02 7.793129e-01 6.267459e+02 2.363144e-02 9.980612e-01 5.757943e-02 1.139641e+01 -7.795373e-01 5.445581e-02 -6.239840e-01 -3.303270e+02
-6.252310e-01 -3.031342e-02 7.798508e-01 6.308887e+02 2.380432e-02 9.980397e-01 5.787927e-02 1.161229e+01 -7.800766e-01 5.475173e-02 -6.232838e-01 -3.336656e+02
-6.246102e-01 -3.173476e-02 7.802916e-01 6.350324e+02 2.267172e-02 9.980159e-01 5.873801e-02 1.183193e+01 -7.806075e-01 5.437890e-02 -6.226514e-01 -3.369998e+02
-6.237826e-01 -3.043697e-02 7.810051e-01 6.391659e+02 2.287771e-02 9.981023e-01 5.716983e-02 1.204805e+01 -7.812630e-01 5.352914e-02 -6.219025e-01 -3.403234e+02
-6.230705e-01 -3.122445e-02 7.815422e-01 6.433047e+02 2.380466e-02 9.979830e-01 5.884960e-02 1.226642e+01 -7.818034e-01 5.527178e-02 -6.210704e-01 -3.436496e+02
-6.222250e-01 -2.898656e-02 7.823017e-01 6.474454e+02 2.429167e-02 9.981181e-01 5.630423e-02 1.248249e+01 -7.824615e-01 5.403730e-02 -6.203498e-01 -3.469686e+02
-6.210310e-01 -2.943427e-02 7.832332e-01 6.515913e+02 2.579591e-02 9.979856e-01 5.795851e-02 1.269235e+01 -7.833614e-01 5.619823e-02 -6.190207e-01 -3.502820e+02
-6.201170e-01 -3.023961e-02 7.839263e-01 6.557358e+02 2.584500e-02 9.979269e-01 5.893901e-02 1.291009e+01 -7.840835e-01 5.680964e-02 -6.180499e-01 -3.535870e+02
-6.192251e-01 -3.037229e-02 7.846259e-01 6.598779e+02 2.531333e-02 9.979601e-01 5.860753e-02 1.313000e+01 -7.848054e-01 5.615274e-02 -6.171931e-01 -3.568806e+02
-6.183042e-01 -2.895769e-02 7.854053e-01 6.640361e+02 2.521061e-02 9.980760e-01 5.664565e-02 1.334665e+01 -7.855344e-01 5.482478e-02 -6.163845e-01 -3.601819e+02
-6.181211e-01 -2.959064e-02 7.855258e-01 6.681904e+02 2.430014e-02 9.980944e-01 5.671956e-02 1.355813e+01 -7.857072e-01 5.414793e-02 -6.162241e-01 -3.634752e+02
-6.185260e-01 -3.030074e-02 7.851799e-01 6.723505e+02 2.298237e-02 9.981311e-01 5.662307e-02 1.376872e+01 -7.854281e-01 5.306812e-02 -6.166736e-01 -3.667695e+02
-6.192450e-01 -3.059867e-02 7.846014e-01 6.765090e+02 2.157463e-02 9.982001e-01 5.595653e-02 1.397893e+01 -7.849013e-01 5.157828e-02 -6.174702e-01 -3.700675e+02
-6.199262e-01 -3.124605e-02 7.840378e-01 6.806657e+02 2.229805e-02 9.981017e-01 5.740779e-02 1.418850e+01 -7.843432e-01 5.307110e-02 -6.180527e-01 -3.733743e+02
-6.204869e-01 -3.143224e-02 7.835867e-01 6.848198e+02 2.338258e-02 9.980106e-01 5.854909e-02 1.440571e+01 -7.838681e-01 5.465121e-02 -6.185175e-01 -3.766842e+02
-6.205936e-01 -2.976116e-02 7.835674e-01 6.889656e+02 2.350369e-02 9.981244e-01 5.652555e-02 1.461921e+01 -7.837800e-01 5.349611e-02 -6.187301e-01 -3.799902e+02
-6.199039e-01 -2.777842e-02 7.841859e-01 6.931156e+02 2.640585e-02 9.980686e-01 5.622883e-02 1.482707e+01 -7.842333e-01 5.556355e-02 -6.179731e-01 -3.833046e+02
