1.000000000000000000e+00 0.000000000000000000e+00 0.000000000000000000e+00 0.000000000000000000e+00 0.000000000000000000e+00 1.000000000000000000e+00 0.000000000000000000e+00 0.000000000000000000e+00 0.000000000000000000e+00 0.000000000000000000e+00 1.000000000000000000e+00 0.000000000000000000e+00
9.992645682521233974e-01 -9.473062284529252782e-04 3.833308292855047705e-02 1.366900000000000103e-03 1.067520741634886503e-03 9.999945763774841234e-01 -3.115704588411313553e-03 -4.066000000000000170e-04 -3.832992349801618570e-02 3.154334561457028830e-03 9.992601598873591673e-01 3.952370000000000189e-02
9.972457355965141934e-01 -1.223335633549273030e-03 7.415825162782052615e-02 4.376900000000000408e-03 1.406050092732348327e-03 9.999961033836010094e-01 -2.411688361133657640e-03 -8.356999999999999845e-04 -7.415501235725191487e-02 2.509316150306451897e-03 9.972435697836079527e-01 7.928999999999999937e-02
9.940030841036716636e-01 -3.364670041448150628e-03 1.093002643542146796e-01 8.767900000000000346e-03 3.537356988862168546e-03 9.999927829294095183e-01 -1.386071653283083667e-03 -1.344900000000000002e-03 -1.092948118527241747e-01 1.764393552149924041e-03 9.940078123523329312e-01 1.191417000000000032e-01
9.843395950319066001e-01 -2.642806808477932211e-04 1.762824205873741445e-01 2.140680000000000013e-02 9.624855388143550156e-04 9.999920280944385453e-01 -3.875225046248049164e-03 -2.322199999999999959e-03 -1.762799911334514413e-01 3.984206733243843800e-03 9.843320023359480864e-01 1.985994000000000093e-01
9.782261695170038074e-01 9.438891480588690406e-05 2.075416882528013929e-01 2.981790000000000135e-02 1.065455550359418503e-03 9.999844351495399408e-01 -5.476701847441610427e-03 -2.747700000000000056e-03 -2.075389748374035781e-01 5.578579513489416095e-03 9.782108430057658843e-01 2.383804999999999952e-01
9.713001713533659931e-01 -1.682541701111630629e-03 2.378511008642713864e-01 3.939619999999999927e-02 3.284205508431242530e-03 9.999745228759158167e-01 -6.337790881914900747e-03 -3.331399999999999986e-03 -2.378343775048093744e-01 6.937049265250618164e-03 9.712809512311004756e-01 2.778886999999999885e-01
9.547086398570511223e-01 -1.736450642636586800e-03 2.975372207329113894e-01 6.264619999999999911e-02 3.448601939909805292e-03 9.999803791475029291e-01 -5.229575955681118639e-03 -4.679299999999999952e-03 -2.975223018984620160e-01 6.018808784292349438e-03 9.546958959867055672e-01 3.583580000000000099e-01
9.455095763072728365e-01 -2.608585082744426398e-03 3.255838392720183938e-01 7.624400000000000621e-02 4.463037793593419705e-03 9.999777940481525684e-01 -4.949010430729483545e-03 -5.237300000000000288e-03 -3.255636994581773136e-01 6.132429735153571704e-03 9.455002225809621130e-01 3.986576000000000009e-01
9.362973443019990683e-01 -4.898389016236626148e-03 3.511741574177538738e-01 9.132669999999999677e-02 7.250121265801809378e-03 9.999592331483657670e-01 -5.382172699145692900e-03 -5.724899999999999781e-03 -3.511334771773477192e-01 7.585369231479324216e-03 9.362946883214531280e-01 4.391557999999999851e-01
9.271367325139316939e-01 -8.443035166862841029e-03 3.746280747362127905e-01 1.079212999999999978e-01 1.157899026888035976e-02 9.999142281636235197e-01 -6.120727105364247994e-03 -6.256699999999999588e-03 -3.745442646840871359e-01 1.001256576089685699e-02 9.271549721158487412e-01 4.798431000000000224e-01
9.100358582645651229e-01 -1.723496554953499529e-02 4.141710910181716776e-01 1.444075999999999971e-01 2.171257605638498775e-02 9.997456122780510324e-01 -6.105306853937403008e-03 -7.532200000000000180e-03 -4.139605062245334532e-01 1.454876947687946086e-02 9.101785718160126937e-01 5.616356000000000126e-01
8.956652410673222597e-01 -2.421766926738737682e-02 4.440690041413281608e-01 1.846711000000000047e-01 2.931711573692307241e-02 9.995594870321410363e-01 -4.619373216224678322e-03 -8.742700000000000818e-03 -4.437615155336065986e-01 1.715623441488129536e-02 8.959806811265621507e-01 6.443117999999999901e-01
8.891299194334386646e-01 -2.666896676347833145e-02 4.568771745010417606e-01 2.055406999999999929e-01 3.176970448782731604e-02 9.994891410948246735e-01 -3.484639190192333549e-03 -9.204199999999999188e-03 -4.565508430011306351e-01 1.761314978356192523e-02 8.895229646893096920e-01 6.849889000000000117e-01
8.828170286058105720e-01 -2.697304744902860596e-02 4.689419459964312975e-01 2.268847999999999976e-01 3.176895507245524469e-02 9.994925523869491180e-01 -2.317588536856571117e-03 -9.520799999999999402e-03 -4.686414700997039717e-01 1.694380223958896411e-02 8.832259507444593094e-01 7.265127999999999586e-01
8.714744514307011247e-01 -2.570359683303749185e-02 4.897668890537651420e-01 2.723825999999999747e-01 3.186833639068804847e-02 9.994830342863675332e-01 -4.251271504590359122e-03 -1.102129999999999950e-02 -4.894044233956701961e-01 1.931293047573203608e-02 8.718430598893307515e-01 8.096309000000000422e-01
8.666261485641687523e-01 -2.456634880861905540e-02 4.983529001932751612e-01 2.963144999999999807e-01 3.251448437635458960e-02 9.994447919471333153e-01 -7.274349145541419460e-03 -1.172920000000000039e-02 -4.978975064514533644e-01 2.250782877055685499e-02 8.669437529121830632e-01 8.506278000000000450e-01
8.550321543388426093e-01 -2.301825076905215234e-02 5.180638717168093432e-01 3.727952999999999961e-01 3.369814904372223086e-02 9.993691479177526649e-01 -1.121342682555551834e-02 -1.365069999999999999e-02 -5.174789365739487224e-01 2.704563405945654281e-02 8.552684279690307978e-01 9.798945999999999490e-01
8.497948330745408452e-01 -2.105145189140924383e-02 5.266930586718197027e-01 4.260228999999999822e-01 3.358129929058150526e-02 9.993345470844852141e-01 -1.423935888315303912e-02 -1.558829999999999938e-02 -5.260428100618519398e-01 2.978757084272769945e-02 8.499362697317487392e-01 1.068526300000000040e+00
8.474675786532748223e-01 -2.106991781933213390e-02 5.304288469669067307e-01 4.544096000000000246e-01 3.434453338117694765e-02 9.992947928614993591e-01 -1.517794408746884864e-02 -1.646600000000000147e-02 -5.297349867229697029e-01 3.108014676573613716e-02 8.475935749630453264e-01 1.114885799999999927e+00
8.446619986525415458e-01 -2.391605641912845567e-02 5.347654909188243044e-01 5.138257000000000518e-01 3.561245308733453074e-02 9.992988288965720667e-01 -1.155870888300594354e-02 -1.882520000000000027e-02 -5.341140900757032073e-01 2.880751310503472731e-02 8.449214555041829611e-01 1.208638499999999949e+00
8.423703192300006082e-01 -2.664085056591660589e-02 5.382401976455041259e-01 5.740813000000000166e-01 3.853408943234528511e-02 9.991983678742126784e-01 -1.085106396301541674e-02 -2.026319999999999857e-02 -5.375196454381615530e-01 2.988121012666550974e-02 8.427216290385569630e-01 1.303752699999999987e+00
8.416216231810192960e-01 -2.740244911517441054e-02 5.393719951727533601e-01 6.362423000000000384e-01 4.018547213107863392e-02 9.991208402417131040e-01 -1.194463998183052308e-02 -2.180009999999999934e-02 -5.385704886305493488e-01 3.172778557012005674e-02 8.419828836734556399e-01 1.399664500000000089e+00
8.415281432374718262e-01 -2.686186754791251158e-02 5.395450159265041679e-01 6.672196000000000238e-01 3.963857630435844298e-02 9.991410488061457373e-01 -1.208088817589675519e-02 -2.291580000000000006e-02 -5.387570578728938520e-01 3.155320367876095211e-02 8.418700778206515967e-01 1.448807399999999967e+00
8.424581474823703564e-01 -2.623755395615371896e-02 5.381225329820065184e-01 7.322045999999999832e-01 3.970176179267706496e-02 9.991211768436770724e-01 -1.344039036126951081e-02 -2.501600000000000004e-02 -5.372969754717871194e-01 3.268737898491864968e-02 8.427594528713195920e-01 1.550311699999999959e+00
8.432981324224853026e-01 -2.614409513746559013e-02 5.368097858107576670e-01 7.660593999999999459e-01 3.891453523673207848e-02 9.991647236929644960e-01 -1.247052023257401096e-02 -2.620830000000000035e-02 -5.360353708479110857e-01 3.140606974782181315e-02 8.436111307841648310e-01 1.603813300000000108e+00
8.438847892717009636e-01 -2.672325977432060684e-02 5.358584979478175914e-01 7.992350000000000287e-01 4.002971272015463933e-02 9.991111079848378207e-01 -1.321423478116768614e-02 -2.732700000000000060e-02 -5.350290501789589648e-01 3.260155346519718472e-02 8.442043912325125632e-01 1.656939900000000021e+00
8.445209931304761275e-01 -2.660534420661129704e-02 5.348611481698422043e-01 8.336217999999999684e-01 4.017850588094072639e-02 9.990980110487539534e-01 -1.374234272601134073e-02 -2.856039999999999968e-02 -5.340130895653114607e-01 3.309561871413919248e-02 8.448282075042469197e-01 1.710554600000000036e+00
8.449574329717981502e-01 -2.749437768314511032e-02 5.341263854758775409e-01 8.678865999999999525e-01 4.141489535817191592e-02 9.990426828939129589e-01 -1.408986155376636996e-02 -2.978549999999999948e-02 -5.332276651751866048e-01 3.402612161192052759e-02 8.452872175419843259e-01 1.765218699999999918e+00
8.457808233218765404e-01 -2.945090396398376484e-02 5.327170385454860213e-01 9.383671000000000095e-01 4.274065044465590046e-02 9.990063813572656048e-01 -1.262880861479972854e-02 -3.188869999999999899e-02 -5.318157911349910005e-01 3.344987687818461869e-02 8.461991905197604469e-01 1.877008199999999905e+00
8.463678281531255010e-01 -3.271872812967675792e-02 5.315928745731434146e-01 1.008373699999999928e+00 4.567219461328439478e-02 9.988932894764132042e-01 -1.123596360784796452e-02 -3.441929999999999990e-02 -5.306369287060294093e-01 3.378877133852171977e-02 8.469254800895208435e-01 1.989448300000000058e+00
8.471745853544913052e-01 -3.349714328176520844e-02 5.302576386261745878e-01 1.081654300000000068e+00 4.762771203033751982e-02 9.987805731553732747e-01 -1.299875894765647501e-02 -3.624940000000000107e-02 -5.291756069361106540e-01 3.626717633597807688e-02 8.477369102170873028e-01 2.106369299999999889e+00
8.473330893087368532e-01 -3.455920527464855646e-02 5.299361254842858138e-01 1.155080099999999943e+00 4.785461128816460158e-02 9.987894670381992634e-01 -1.138141959547943338e-02 -3.927549999999999791e-02 -5.289012875206211550e-01 3.500374071916310253e-02 8.479611820093504448e-01 2.223478800000000088e+00
8.472855774978695909e-01 -3.708944168333993402e-02 5.298410360473412295e-01 1.227733299999999916e+00 5.043993437458942769e-02 9.986692163489993002e-01 -1.075217825200052921e-02 -4.167570000000000302e-02 -5.287371399706936037e-01 3.583531264679865047e-02 8.480288127081044847e-01 2.341461699999999979e+00
8.469133465862708210e-01 -3.587795485390175843e-02 5.305191379484294201e-01 1.301797400000000104e+00 5.010082218650328822e-02 9.986666580990757325e-01 -1.244241204350531385e-02 -4.421189999999999842e-02 -5.293653662549898664e-01 3.711708982026167003e-02 8.475816365713659817e-01 2.461079100000000075e+00
8.462263597370344170e-01 -3.499206767178156957e-02 5.316733050344550904e-01 1.339009799999999917e+00 4.966447949142527990e-02 9.986771404445342615e-01 -1.331948311211158392e-02 -4.544850000000000279e-02 -5.305038996680919716e-01 3.767657566156307897e-02 8.468447839382170494e-01 2.521385400000000221e+00
8.448804732267015671e-01 -3.305813328694152953e-02 5.339327165325304936e-01 1.415040700000000040e+00 4.751709624368970208e-02 9.987811982162460023e-01 -1.335079227191193936e-02 -4.827279999999999766e-02 -5.328406061148049933e-01 3.665075597177529926e-02 8.454215578999063618e-01 2.644512199999999869e+00
8.437345232711783716e-01 -3.156694572859657100e-02 5.358316733618171401e-01 1.493727699999999992e+00 4.519111785648942392e-02 9.989024900352269087e-01 -1.231171264708007425e-02 -5.091140000000000249e-02 -5.348549495959049604e-01 3.460264930306967274e-02 8.442350617890557185e-01 2.771045700000000167e+00
8.429208222349752200e-01 -3.118429733197706361e-02 5.371331557841351190e-01 1.533473499999999934e+00 4.530722216169674049e-02 9.988870970587555576e-01 -1.310812532450337381e-02 -5.235189999999999982e-02 -5.361266110376389227e-01 3.538512299601456745e-02 8.433956070598500609e-01 2.833384300000000078e+00
8.412900905358015047e-01 -2.915831717794084565e-02 5.397969767473819180e-01 1.573630499999999932e+00 4.362912987932844600e-02 9.989491800843791625e-01 -1.403690260418070067e-02 -5.362949999999999662e-02 -5.388204548754952361e-01 3.535997946969376970e-02 8.416781981610710339e-01 2.897207499999999936e+00
8.392037944879777722e-01 -2.918055557727431554e-02 5.430335960998927680e-01 1.614123299999999928e+00 4.423371344699941060e-02 9.989133335924637036e-01 -1.468095929698984455e-02 -5.495139999999999747e-02 -5.420151011841539690e-01 3.634070923073370873e-02 8.395826242490601610e-01 2.960240799999999783e+00
8.339331645608717425e-01 -2.653071754433636298e-02 5.512273560628795366e-01 1.696777600000000108e+00 4.055828704199301860e-02 9.990890135934170635e-01 -1.327283952860689419e-02 -5.758739999999999692e-02 -5.503730574780247853e-01 3.342549840339693878e-02 8.342495032415513379e-01 3.088134800000000180e+00
8.288122889140607796e-01 -2.498115677982430324e-02 5.589688108928592136e-01 1.782644200000000012e+00 4.035523009939740585e-02 9.990699747101876582e-01 -1.518687052060225563e-02 -6.145840000000000330e-02 -5.580695701690425725e-01 3.514437989958972552e-02 8.290495928548624605e-01 3.216733699999999807e+00
8.263993241804200585e-01 -2.374750244366801918e-02 5.625835165749465405e-01 1.825947200000000104e+00 3.995289351521161270e-02 9.990650535822116485e-01 -1.651620448331860003e-02 -6.356749999999999901e-02 -5.616653125250902212e-01 3.612581955417223933e-02 8.265754665289988257e-01 3.280375199999999936e+00
8.238240938128829072e-01 -2.258180744946704926e-02 5.663955547368797472e-01 1.870146499999999934e+00 3.891380084426736968e-02 9.991018931719513052e-01 -1.676672788815975271e-02 -6.547260000000000579e-02 -5.655082480010660273e-01 3.585343822477966846e-02 8.239629557269105842e-01 3.344821200000000161e+00
8.207893490845413753e-01 -2.084058649945653291e-02 5.708506936001160881e-01 1.914481300000000052e+00 3.697259307930474831e-02 9.991770204116074972e-01 -1.668260298557841873e-02 -6.729720000000000146e-02 -5.700332199007063227e-01 3.479873324908470955e-02 8.208843867280531947e-01 3.410021299999999922e+00
8.176781103334946899e-01 -1.938396638143853948e-02 5.753492589104192145e-01 1.959108099999999908e+00 3.485715611249382007e-02 9.992662531453727626e-01 -1.587242869119516453e-02 -6.939410000000000023e-02 -5.746194275772396054e-01 3.303357643566771917e-02 8.177538115341770331e-01 3.474609099999999895e+00
8.141905315667455900e-01 -1.871149346569375704e-02 5.802961815481327834e-01 2.004246499999999820e+00 3.397576151489641733e-02 9.993032641652731529e-01 -1.544777841999292814e-02 -7.105720000000000092e-02 -5.796028173987278764e-01 3.229343959558374222e-02 8.142589930866857006e-01 3.539721300000000070e+00
8.109490909220938848e-01 -1.898573729061285575e-02 5.848086128915691573e-01 2.050301800000000174e+00 3.418964553760537456e-02 9.993032673235187069e-01 -1.496823485094143404e-02 -7.283449999999999647e-02 -5.841169746468958257e-01 3.213287562718079166e-02 8.110331918197218881e-01 3.604376300000000199e+00
8.074178209964802955e-01 -1.872532599667944830e-02 5.896828168631115252e-01 2.096732100000000099e+00 3.490678627675167928e-02 9.992614539126252193e-01 -1.606433927230056097e-02 -7.478120000000000600e-02 -5.889464989361300473e-01 3.355456587030263699e-02 8.074751466764352736e-01 3.669178699999999793e+00
8.039969724979486587e-01 -1.768710876231777834e-02 5.943702839121102199e-01 2.143565199999999837e+00 3.466459458339042621e-02 9.992517579480356682e-01 -1.715488618818346300e-02 -7.653229999999999755e-02 -5.936221307334336172e-01 3.439608148307435331e-02 8.040085046080718278e-01 3.733680199999999783e+00
8.002693173725240472e-01 -1.854385160391446713e-02 5.993539398717643296e-01 2.191612999999999811e+00 3.565977492050053516e-02 9.992244795471106888e-01 -1.669790185696917034e-02 -7.856620000000000270e-02 -5.985794852187417137e-01 3.473564511417244483e-02 8.003099617234366026e-01 3.798659300000000183e+00
7.966628979464107640e-01 -1.843463636316688276e-02 6.041426911068151773e-01 2.240049599999999863e+00 3.553243333241804663e-02 9.992345221154915746e-01 -1.636508460419633382e-02 -8.090830000000000244e-02 -6.033785488539545883e-01 3.450411562093777529e-02 7.967080976042059115e-01 3.864030099999999912e+00
7.931051368717263461e-01 -1.701323460065638782e-02 6.088471004415666465e-01 2.288499400000000072e+00 3.438339839941930570e-02 9.992663886370858339e-01 -1.686613336551262207e-02 -8.296190000000000508e-02 -6.081134958066519713e-01 3.431084943016532440e-02 7.931082787546688273e-01 3.928945800000000155e+00
7.895525825562077493e-01 -1.527222897852060536e-02 6.134928511407859997e-01 2.337752800000000075e+00 3.314421142676922394e-02 9.992924226953159295e-01 -1.777962858509010008e-02 -8.472259999999999514e-02 -6.127872229638282597e-01 3.437168843326973006e-02 7.895000990541582997e-01 3.994251999999999914e+00
7.870969627911220678e-01 -1.701956588612999963e-02 6.165944417054364246e-01 2.388123000000000218e+00 3.433491173872457725e-02 9.992783189641970543e-01 -1.624669455558386266e-02 -8.710809999999999387e-02 -6.158729455016554999e-01 3.395843967463942764e-02 7.871132951322692417e-01 4.058558500000000180e+00
7.841785850711862071e-01 -1.944567947177143832e-02 6.202304509338714134e-01 2.438457500000000167e+00 3.720255132070639237e-02 9.991842552085794527e-01 -1.570968868266980553e-02 -8.898309999999999553e-02 -6.194190156033172467e-01 3.539335662461705334e-02 7.842623243633854990e-01 4.123315299999999795e+00
7.818406867897674806e-01 -2.029831524632037115e-02 6.231477504398662548e-01 2.489366500000000038e+00 3.890201260436947778e-02 9.991106614045340839e-01 -1.626406108952736101e-02 -9.098799999999999943e-02 -6.222634280555418007e-01 3.695760633422296576e-02 7.819350110070595328e-01 4.187623000000000317e+00
7.794410727476315248e-01 -2.063147191122127050e-02 6.261357332725852043e-01 2.540071000000000190e+00 3.972572764973644754e-02 9.990738449770273366e-01 -1.653235753054359269e-02 -9.306810000000000083e-02 -6.252147476481344501e-01 3.775969610040901675e-02 7.795387897171535130e-01 4.252138099999999810e+00
7.773310544063938288e-01 -2.005934330212121725e-02 6.287718621262656793e-01 2.592338799999999832e+00 3.884092836723943010e-02 9.991149908978187444e-01 -1.614364416179296657e-02 -9.531520000000000270e-02 -6.278915624046996768e-01 3.697103879443017910e-02 7.774222328641275936e-01 4.316721000000000252e+00
7.745837614094981394e-01 -1.773338011425857827e-02 6.322226852861549951e-01 2.644391800000000181e+00 3.695511492288924837e-02 9.991680224583475711e-01 -1.725057615591499977e-02 -9.707449999999999413e-02 -6.313907791865109864e-01 3.672587815693715424e-02 7.745946642159705631e-01 4.381903199999999998e+00
7.718390614385705062e-01 -1.646807541743362802e-02 6.356046457741418854e-01 2.696839799999999787e+00 3.612887799649879689e-02 9.991852994194420079e-01 -1.798448216641546776e-02 -9.928779999999999550e-02 -6.347906484915643022e-01 3.684480853696663061e-02 7.718052167947127007e-01 4.446606199999999731e+00
7.687944457323723224e-01 -1.588663184222066649e-02 6.392986118706688314e-01 2.750309000000000115e+00 3.539735830766049113e-02 9.992159089214776024e-01 -1.773680870575163743e-02 -1.011914000000000008e-01 -6.385155653826252165e-01 3.626544204797548659e-02 7.687539856658769377e-01 4.512469799999999864e+00
7.655001818196380814e-01 -1.460158746115486524e-02 6.432699785297890660e-01 2.800456300000000009e+00 3.445162364781662739e-02 9.992385114593578255e-01 -1.831619077527295997e-02 -1.034400999999999932e-01 -6.425126903510391951e-01 3.618274257296200114e-02 7.654203105991952416e-01 4.571220399999999628e+00
7.628516334640169649e-01 -1.403158128943784132e-02 6.464213022849718548e-01 2.854217799999999805e+00 3.413761405223091072e-02 9.992441172290174034e-01 -1.859616869203612952e-02 -1.058356000000000019e-01 -6.456717499071040756e-01 3.625339859543703913e-02 7.627540117640669859e-01 4.634490000000000443e+00
7.598118854629483110e-01 -1.366374626460205473e-02 6.499993851899061870e-01 2.908184100000000161e+00 3.390939191812909759e-02 9.992512074554545931e-01 -1.863270078541490182e-02 -1.081077000000000010e-01 -6.492580780005607899e-01 3.619843141398054048e-02 7.597062733150129477e-01 4.698217399999999877e+00
7.568447593081983893e-01 -1.383860685469339401e-02 6.534481641783352890e-01 2.963081600000000204e+00 3.359015639598612879e-02 9.992781890027870872e-01 -1.774267106732761376e-02 -1.103857000000000033e-01 -6.527309642578699167e-01 3.537787364485640851e-02 7.567633014062984387e-01 4.763421100000000408e+00
7.538996367752032191e-01 -1.450199577383435440e-02 6.568295287125818227e-01 3.018312499999999954e+00 3.428931470475729548e-02 9.992623030152936181e-01 -1.729429587030348325e-02 -1.128732000000000069e-01 -6.560941857441617842e-01 3.556039779230782405e-02 7.538407507833190246e-01 4.827023500000000134e+00
7.513595794428311603e-01 -1.483837313732262742e-02 6.597261591464519404e-01 3.073968600000000162e+00 3.541163535180037736e-02 9.992132774542629159e-01 -1.785615414419715330e-02 -1.149628000000000039e-01 -6.589421814250496778e-01 3.677837464798831835e-02 7.512939189804807016e-01 4.890903899999999638e+00
7.487239962650585889e-01 -1.451202512306483047e-02 6.627230028780560778e-01 3.129919999999999813e+00 3.606799159812916489e-02 9.991711854313098939e-01 -1.886908015426946167e-02 -1.172392000000000017e-01 -6.618998998330168915e-01 3.803082079864299886e-02 7.486268625092368234e-01 4.954780099999999798e+00
7.464626764543351722e-01 -1.329165802315957455e-02 6.652945246187030870e-01 3.187116899999999919e+00 3.595851845271123143e-02 9.991453726425706394e-01 -2.038404468265902006e-02 -1.195284999999999959e-01 -6.644550079661651898e-01 3.913893399077178481e-02 7.463026773600300867e-01 5.019183599999999856e+00
7.440999685599395397e-01 -1.415531911208888806e-02 6.679183061796792886e-01 3.243605599999999978e+00 3.768247117793463441e-02 9.990731220471456009e-01 -2.080692598375217389e-02 -1.220794999999999936e-01 -6.670046987503318592e-01 4.065124529216967292e-02 7.439436861088174480e-01 5.082984899999999584e+00
7.391571660682930700e-01 -1.332140297202284197e-02 6.734012355741166855e-01 3.357346100000000000e+00 3.757578810674203074e-02 9.990628691176242082e-01 -2.148124062102170495e-02 -1.270168999999999881e-01 -6.724840102173784695e-01 4.118159507981677958e-02 7.389650412764021681e-01 5.210075400000000023e+00
7.366203144678487025e-01 -1.289047837208139730e-02 6.761836643106859945e-01 3.416133900000000168e+00 3.733448717138768830e-02 9.990688015181964365e-01 -2.162558440005894755e-02 -1.294395000000000129e-01 -6.752752389810670053e-01 4.117481512203165217e-02 7.364156341487660962e-01 5.274072600000000222e+00
7.339546266982146516e-01 -1.428680624847022615e-02 6.790482259129341225e-01 3.474008099999999821e+00 3.940035276264147734e-02 9.989907083317371983e-01 -2.156795931545925013e-02 -1.319170000000000065e-01 -6.780547309402568112e-01 4.258464317183563441e-02 7.337767576146464465e-01 5.336583599999999983e+00
7.315189654434915978e-01 -1.630391106433536422e-02 6.816261333608696349e-01 3.532243699999999986e+00 4.151365375905012589e-02 9.989243345089905413e-01 -2.065890794170814268e-02 -1.347562999999999955e-01 -6.805561106536751614e-01 4.340917425817393538e-02 7.314089306551883052e-01 5.400001999999999747e+00
7.291753932315386821e-01 -1.731875620063651894e-02 6.841076717807612617e-01 3.590879199999999827e+00 4.241958119794143195e-02 9.989011613668790091e-01 -1.992608719472019341e-02 -1.371727000000000085e-01 -6.830108527956362252e-01 4.354917339701469547e-02 7.291088015240348996e-01 5.463697400000000037e+00
7.271718951497155858e-01 -1.747600234093131880e-02 6.862329227358237027e-01 3.649978200000000061e+00 4.228115946362279165e-02 9.989180740340034559e-01 -1.936452743056270992e-02 -1.395035000000000025e-01 -6.851520549912866187e-01 4.309606374574223575e-02 7.271240546363737511e-01 5.526729600000000353e+00
7.252710615733408694e-01 -1.576325131914706884e-02 6.882829412037818617e-01 3.708800300000000050e+00 4.105670145937891785e-02 9.989488497888507901e-01 -2.038486622000249687e-02 -1.416147000000000100e-01 -6.872381206754720750e-01 4.304318079999867180e-02 7.251558798472670375e-01 5.589920499999999848e+00
7.232957837259232914e-01 -1.393039318919934641e-02 6.903978225558773385e-01 3.769639999999999880e+00 4.080443288409343894e-02 9.989116757901687071e-01 -2.259341114316835292e-02 -1.441533000000000120e-01 -6.893317107904655128e-01 4.451301063364550975e-02 7.230770252075631177e-01 5.653328400000000364e+00
7.209461642305874385e-01 -1.235399183574144820e-02 6.928809473256752893e-01 3.829943699999999840e+00 4.049997722458800742e-02 9.988832668979439333e-01 -2.433045326537621594e-02 -1.469253000000000087e-01 -6.918066060150124263e-01 4.560260954170537034e-02 7.206413961721711559e-01 5.716945599999999850e+00
7.187128310937906939e-01 -1.015335529365201696e-02 6.952328932073260637e-01 3.890803800000000034e+00 3.894119300648320875e-02 9.989117768493914751e-01 -2.566798704268516071e-02 -1.497052000000000105e-01 -6.942157084857559779e-01 4.552110991476919499e-02 7.183260949205085844e-01 5.780471799999999938e+00
7.132456663472809266e-01 -8.078504617754434652e-03 7.008675746529897665e-01 4.014033799999999985e+00 3.759856326306550145e-02 9.989348673177096405e-01 -2.674843729086125860e-02 -1.559705999999999870e-01 -6.999049703190973748e-01 4.542982082389051407e-02 7.127897052444940318e-01 5.908631299999999698e+00
7.105846639345118065e-01 -8.641267274250378702e-03 7.035586428159147365e-01 4.076364500000000390e+00 3.752230610257167864e-02 9.989671210480469687e-01 -2.562747763088289027e-02 -1.591586999999999863e-01 -7.026104980185122750e-01 4.460963533667878372e-02 7.101749562673318472e-01 5.972453599999999696e+00
7.080128515670441880e-01 -9.487591941941537002e-03 7.061358138595194012e-01 4.138705299999999809e+00 3.790632978866016745e-02 9.989788254871168061e-01 -2.458488133658376026e-02 -1.621548999999999907e-01 -7.051814746417094382e-01 4.417342897629496223e-02 7.076494866772816694e-01 6.035297899999999771e+00
7.048573602968698504e-01 -9.525755696940989628e-03 7.092851060143098296e-01 4.201242399999999932e+00 3.788246315709958151e-02 9.989884138481102127e-01 -2.422948580527255896e-02 -1.652147999999999950e-01 -7.083367988608805232e-01 4.394779830252145553e-02 7.045051954413690254e-01 6.098912699999999631e+00
7.021355007415105431e-01 -8.621933294323274113e-03 7.119911522376780599e-01 4.265009400000000284e+00 3.705280175868128772e-02 9.990143478495866480e-01 -2.444223133220513322e-02 -1.685524999999999940e-01 -7.110786373392889992e-01 4.354302535347544245e-02 7.017629061604542251e-01 6.162421700000000335e+00
6.992581462279880977e-01 -7.643351983259757954e-03 7.148283878696043425e-01 4.329148299999999949e+00 3.652172772999585232e-02 9.990189960578839123e-01 -2.504413941651216502e-02 -1.715924000000000060e-01 -7.139357172304895416e-01 4.361908625771114545e-02 6.988513196500587554e-01 6.226335999999999871e+00
6.965092513106377892e-01 -7.214858507833290385e-03 7.175115390399006143e-01 4.392618200000000250e+00 3.686471522226036912e-02 9.989887002424652218e-01 -2.574042655923852035e-02 -1.748538000000000037e-01 -7.166002062588850974e-01 4.437930378658336977e-02 6.960708453779267391e-01 6.289515500000000259e+00
6.924452231779500977e-01 -9.183078439723109387e-03 7.214120070863867529e-01 4.523085100000000303e+00 3.988559644359497558e-02 9.988770507636399731e-01 -2.556905657374255320e-02 -1.804257999999999973e-01 -7.203670953717817849e-01 4.647911926986628833e-02 6.920339149041179194e-01 6.417054699999999556e+00
6.825086921400548290e-01 -8.550010993089069561e-03 7.308274642248263619e-01 4.847930400000000084e+00 4.197223682511998233e-02 9.987398920317718254e-01 -2.751289516318919035e-02 -1.938002000000000058e-01 -7.296713071576598209e-01 4.945225350156100264e-02 6.820075205849636113e-01 6.722755000000000258e+00
6.802835980188273179e-01 -8.032660324024776255e-03 7.329049751739153962e-01 4.912414100000000339e+00 4.233348776650397438e-02 9.987012838745545906e-01 -2.834821688994730235e-02 -1.975906000000000051e-01 -7.317254280671692257e-01 5.031125078384628135e-02 6.797401532677638247e-01 6.783349000000000295e+00
6.780030102961268623e-01 -5.151951350904158261e-03 7.350410705713444903e-01 4.977511899999999656e+00 3.951612759170945732e-02 9.987848722367995702e-01 -2.944918761317133482e-02 -2.008224999999999871e-01 -7.339961809774938617e-01 4.901261458234953960e-02 6.773827351817109932e-01 6.845155700000000287e+00
6.735582483899593687e-01 -7.731489544755661830e-03 7.390937086021428515e-01 5.109857599999999778e+00 4.275435947501435296e-02 9.986785672576030670e-01 -2.851638206684702775e-02 -2.077487000000000084e-01 -7.378965718660922546e-01 5.080692245866185591e-02 6.729987413498992321e-01 6.966577499999999645e+00
6.691740735472054835e-01 -8.131036783558202169e-03 7.430611990496230890e-01 5.242738199999999793e+00 4.191092029493016791e-02 9.987614645576016192e-01 -2.681439305273390639e-02 -2.148322000000000009e-01 -7.419228626024886308e-01 4.908587531641783741e-02 6.686860569745340932e-01 7.087226900000000107e+00
6.668037026489963548e-01 -6.933081807242010008e-03 7.452011503683034777e-01 5.309188800000000263e+00 4.117506713205925512e-02 9.987720211178198193e-01 -2.755111030241517989e-02 -2.181381000000000014e-01 -7.440950449910678222e-01 4.905488975504403160e-02 6.662703518924290025e-01 7.147038499999999850e+00
6.641188230733455766e-01 -5.753998939438332433e-03 7.476048958747387729e-01 5.377073799999999792e+00 3.932114674028500123e-02 9.988551960521475648e-01 -2.724233357579332326e-02 -2.215159999999999907e-01 -7.465922824800046431e-01 4.748882832657344566e-02 6.635847910594891985e-01 7.207803199999999855e+00
6.584149918273655144e-01 -4.733680719191443037e-03 7.526402133847346354e-01 5.511868999999999907e+00 3.829933549780920043e-02 9.988954506128124855e-01 -2.722204337393859669e-02 -2.281845999999999874e-01 -7.516800246364115923e-01 4.674902150714062982e-02 6.578690367776313108e-01 7.327508400000000144e+00
6.554541007341676551e-01 -4.688790983424121622e-03 7.552204559397722727e-01 5.579440599999999861e+00 3.816548408366397804e-02 9.989087052726419724e-01 -2.692200503665566347e-02 -2.313431999999999988e-01 -7.542700561837406559e-01 4.646949289208869571e-02 6.549177571076607585e-01 7.386694900000000175e+00
6.522205187689483763e-01 -4.231571212782978680e-03 7.580174725570876237e-01 5.647071799999999975e+00 3.742414033496527237e-02 9.989447333259080519e-01 -2.662430244380675770e-02 -2.344550999999999996e-01 -7.571048993481370726e-01 4.573306862109315085e-02 6.516906151062370478e-01 7.445641499999999802e+00
6.490602982795503628e-01 -3.263089319284956380e-03 7.607299661807436220e-01 5.715434100000000406e+00 3.653679001534974186e-02 9.989705071821003424e-01 -2.688845022888673719e-02 -2.375487000000000015e-01 -7.598590607294455346e-01 4.524685655856601485e-02 6.485113181733479504e-01 7.504390199999999567e+00
6.460275011940016521e-01 -2.906650387034581673e-03 7.633086001641549156e-01 5.784348500000000115e+00 3.697267801495040390e-02 9.989381525717314636e-01 -2.748796858589080613e-02 -2.409052000000000138e-01 -7.624181849755664597e-01 4.597954675835407012e-02 6.454489852021298990e-01 7.562841399999999936e+00
6.428043912369576507e-01 -2.914099339996239352e-03 7.660248185480160732e-01 5.852736000000000161e+00 3.734427489367941888e-02 9.989229765999049215e-01 -2.753710139886036620e-02 -2.441171000000000035e-01 -7.651195460443744878e-01 4.630761110036281381e-02 6.422209007927317526e-01 7.621239199999999769e+00
6.396263032401559023e-01 -3.164580083501726537e-03 7.686795025472106246e-01 5.922392399999999668e+00 3.764108538616492416e-02 9.989208249739783829e-01 -2.720908165039485904e-02 -2.475732999999999961e-01 -7.677638575071656923e-01 4.633757510057595619e-02 6.390551527368469875e-01 7.679824400000000217e+00
6.369126016688761993e-01 -1.150023532903655249e-03 7.709351563401795060e-01 5.992458300000000015e+00 3.593734915868111723e-02 9.989560975223401584e-01 -2.819968365751521558e-02 -2.509692000000000034e-01 -7.700979449205344052e-01 4.566609977664676245e-02 6.362890558231839577e-01 7.737730499999999623e+00
6.307779637193955402e-01 -1.460565233962273640e-03 7.759620011541867868e-01 6.132365199999999739e+00 3.713344872768818694e-02 9.989093582066688182e-01 -2.830549545104485767e-02 -2.580728999999999940e-01 -7.750743625431053552e-01 4.666862796717201334e-02 6.301442467340796494e-01 7.853341099999999741e+00
6.243413940239730398e-01 -2.004059527250755951e-03 7.811490302455820212e-01 6.272069899999999976e+00 4.120519975605378693e-02 9.986889919168016050e-01 -3.037151522835646739e-02 -2.646809999999999996e-01 -7.800640712282970179e-01 5.114959598680931391e-02 6.236054550828755705e-01 7.967633199999999860e+00
6.191029270103424187e-01 -2.971377935490616268e-03 7.853042319256856585e-01 6.412157099999999943e+00 4.476758841416186852e-02 9.985002107962797080e-01 -3.151494990262718870e-02 -2.719423000000000257e-01 -7.840327982902289827e-01 5.466717436404940761e-02 6.183074245488595633e-01 8.080435800000000057e+00
6.169664952188064211e-01 -1.833822025163647784e-03 7.869872812658429417e-01 6.483613000000000071e+00 4.584562674680370958e-02 9.983828068041057380e-01 -3.361472275876179611e-02 -2.754072000000000187e-01 -7.856529273703596328e-01 5.681908283962076173e-02 6.160528139207295251e-01 8.136626200000000253e+00
6.146041931006828163e-01 -2.585116981367110989e-03 7.888314160790320662e-01 6.554187299999999716e+00 4.677776098403940708e-02 9.983542986364912775e-01 -3.317431945586236247e-02 -2.790880000000000027e-01 -7.874474756454415969e-01 5.728884327888087574e-02 6.137136641263492010e-01 8.191298500000000260e+00
6.089986666909812385e-01 -1.085598828258791532e-03 7.931705021266178823e-01 6.699956900000000104e+00 4.662334269581369650e-02 9.983189666678735641e-01 -3.443115895606575771e-02 -2.863661000000000123e-01 -7.917997776486652706e-01 5.794879003372922777e-02 6.080255338792532882e-01 8.305246399999999696e+00
6.053219994064609200e-01 -7.217601078186135222e-04 7.959803741907909291e-01 6.771516300000000044e+00 4.740534238705405856e-02 9.982572509950775608e-01 -3.514533182254703236e-02 -2.902341999999999977e-01 -7.945678136872464936e-01 5.900796470051752896e-02 6.043012903793700819e-01 8.361576100000000622e+00
6.007190430206806875e-01 1.652907735039912951e-03 7.994585037688552998e-01 6.917213000000000278e+00 4.566755844798311981e-02 9.982940679919555249e-01 -3.637894882309058997e-02 -2.972384000000000137e-01 -7.981548129640749778e-01 5.836284527070663419e-02 5.996187729167508085e-01 8.469159100000000606e+00
5.985677572839426253e-01 6.042521816888302144e-04 8.010719535843032757e-01 6.990350199999999958e+00 4.717982445100923905e-02 9.982372573999688248e-01 -3.600613980087656596e-02 -3.012538000000000160e-01 -7.996816267145588908e-01 5.934654849179724079e-02 5.974841278873168626e-01 8.523416499999999729e+00
5.957211160627507995e-01 -9.482496552812823276e-04 8.031907947054309771e-01 7.062475700000000245e+00 4.864629889920470129e-02 9.982060799807641605e-01 -3.490214166560016984e-02 -3.051511000000000084e-01 -8.017168387157399545e-01 5.986420225834172826e-02 5.946985688629261579e-01 8.580496800000000590e+00
5.935399122990310250e-01 -1.851062367395336916e-03 8.048024267335247561e-01 7.134649300000000416e+00 4.997551124232477160e-02 9.981522839569360039e-01 -3.456105188822442692e-02 -3.079076000000000035e-01 -8.032514057156243670e-01 6.073377643177051838e-02 5.925357268690293333e-01 8.635376000000000829e+00
5.908474285612939081e-01 -1.312343359369402829e-03 8.067822469027274845e-01 7.208398800000000328e+00 4.884861750627669114e-02 9.982221954355587901e-01 -3.415056525943199750e-02 -3.116259000000000112e-01 -8.053031284741367646e-01 5.958797105725588406e-02 5.898611234647079815e-01 8.691706699999999230e+00
5.894323197648435597e-01 -1.754453215236050773e-03 8.078158591600876903e-01 7.286785100000000348e+00 4.896410863533431912e-02 9.982365926646509235e-01 -3.355921826883038334e-02 -3.149724999999999886e-01 -8.063324726700409339e-01 5.933487135895187253e-02 5.884788157263047825e-01 8.746399900000000116e+00
5.873353642286723852e-01 -3.547614766125237185e-03 8.093358909351815456e-01 7.363030400000000419e+00 5.116613210552170554e-02 9.981528292426486981e-01 -3.275601319232889636e-02 -3.187404999999999822e-01 -8.077247036284906923e-01 6.064935205232529353e-02 5.864319732448940448e-01 8.801629999999999399e+00
5.850836358974720319e-01 -3.721307354214803409e-03 8.109644202285140047e-01 7.438315900000000092e+00 5.122399641623645583e-02 9.981622569851769100e-01 -3.237608564059287625e-02 -3.219324000000000074e-01 -8.093535946643739543e-01 6.048355645820669563e-02 5.841990227670901259e-01 8.856536900000000045e+00
5.826141927717721769e-01 -2.039798107655588222e-03 8.127462959648454888e-01 7.513450100000000020e+00 4.992424485377860294e-02 9.981982903133033158e-01 -3.328277319242120558e-02 -3.256471000000000227e-01 -8.112140729528034555e-01 5.996676112045902507e-02 5.816663265172270503e-01 8.912126499999999396e+00
5.806416453467260208e-01 8.320335855863947305e-04 8.141588219807972537e-01 7.589993500000000282e+00 4.920666417997937581e-02 9.981355305794179511e-01 -3.611324957993231055e-02 -3.295726999999999962e-01 -8.126708951902520406e-01 6.103089639728555282e-02 5.795181151574282374e-01 8.966846500000000830e+00
5.772085245496235695e-01 3.375584706891459480e-03 8.165898141754728279e-01 7.668009800000000098e+00 4.594199477182882296e-02 9.982733654408687540e-01 -3.660083288324075812e-02 -3.329542999999999808e-01 -8.153034111934229777e-01 5.864207771940098401e-02 5.760568152683551713e-01 9.022722200000000470e+00
5.731025041159988342e-01 4.320288839957855259e-03 8.194723026925990750e-01 7.746561100000000089e+00 4.326295515269491798e-02 9.984320954332304154e-01 -3.551995946316004182e-02 -3.368123000000000089e-01 -8.183409048113307049e-01 5.580937119470134877e-02 5.720170256202385950e-01 9.078187899999999644e+00
5.682705297973268399e-01 4.654855248408949070e-03 8.228286196325951263e-01 7.824592100000000272e+00 4.056977707709726044e-02 9.986093126175259460e-01 -3.366799580413117055e-02 -3.408227999999999813e-01 -8.218410419003057132e-01 5.251450348397783408e-02 5.672913967019518333e-01 9.133196800000000337e+00
5.638085044010273661e-01 6.106757023917254446e-03 8.258829686364330680e-01 7.904834700000000325e+00 3.790630225871843145e-02 9.987275516295618383e-01 -3.326243925348212199e-02 -3.439551000000000136e-01 -8.250352008333627918e-01 5.005981556769608515e-02 5.628596026107939299e-01 9.188095999999999819e+00
5.592008133113059998e-01 5.838385658355382118e-03 8.290116788350320176e-01 7.984804600000000363e+00 3.817049984672647722e-02 9.987334020767200116e-01 -3.278116101836191926e-02 -3.482772000000000090e-01 -8.281530434245986116e-01 4.997504206266390608e-02 5.582696766235919483e-01 9.242163700000000759e+00
5.551476095401316480e-01 5.021992388873325330e-03 8.317366838214627078e-01 8.065348600000000090e+00 3.948737565330069643e-02 9.986950903509763666e-01 -3.238616483732365686e-02 -3.530146000000000117e-01 -8.308139856706150406e-01 5.082220087030157180e-02 5.542248867678227775e-01 9.295771600000000134e+00
5.514372043826818448e-01 4.651250121465441006e-03 8.342034377146381185e-01 8.148722599999999261e+00 4.004781057511105913e-02 9.986838971998891479e-01 -3.204132240999752607e-02 -3.580524999999999958e-01 -8.332545724391511310e-01 5.107679850919549097e-02 5.505251839501064115e-01 9.350542100000000190e+00
5.475588654592810078e-01 3.736528796314336764e-03 8.367588226063108481e-01 8.233323099999999783e+00 4.052598006752037435e-02 9.986981231272291648e-01 -3.097908652166432575e-02 -3.625886999999999860e-01 -8.357852198959444534e-01 5.087334483503258564e-02 5.466945847443377415e-01 9.406463600000000369e+00
5.450175265553349746e-01 4.505967259987097434e-03 8.384125428490181164e-01 8.316653300000000471e+00 3.907188776595336976e-02 9.987626308362680394e-01 -3.076678129771203904e-02 -3.635963999999999863e-01 -8.375137511312333860e-01 4.952679581871236025e-02 5.441670820272226372e-01 9.456369399999999814e+00
