1.000000000000000000e+00 0.000000000000000000e+00 0.000000000000000000e+00 0.000000000000000000e+00 0.000000000000000000e+00 1.000000000000000000e+00 0.000000000000000000e+00 0.000000000000000000e+00 0.000000000000000000e+00 0.000000000000000000e+00 1.000000000000000000e+00 0.000000000000000000e+00
9.999508531479339712e-01 -6.937770094313630911e-03 -7.082276105713937800e-03 5.534000000000000074e-04 6.901214004618851441e-03 9.999628055269657034e-01 -5.173084950231087928e-03 1.284000000000000039e-04 7.117902358249359601e-03 5.123954406344983711e-03 9.999615395390265560e-01 4.612050000000000177e-02
9.997712902023995207e-01 -8.684470572695432433e-03 -1.954347097885889006e-02 3.599999999999999837e-06 8.556852000483484988e-03 9.999415809505037833e-01 -6.604163084667058654e-03 -3.977000000000000175e-04 1.959968292782652416e-02 6.435422059122804413e-03 9.997871962433053650e-01 6.156520000000000048e-02
9.881772909547431594e-01 -1.731846688234337786e-03 -1.533057153154876728e-01 -1.708480000000000068e-02 9.936536672624661417e-04 9.999875420897532674e-01 -4.891657968770487218e-03 -2.853899999999999926e-03 1.533122770482991670e-01 4.681492533621271941e-03 9.881667011865574723e-01 1.854420999999999986e-01
9.857273396366507123e-01 -3.443218174711317196e-04 -1.683493193788941633e-01 -2.156479999999999855e-02 -3.164219579290688026e-04 9.999923527232572606e-01 -3.897995914447496477e-03 -3.282399999999999988e-03 1.683493741300971791e-01 3.895630563916760263e-03 9.857196925559080780e-01 2.055379999999999985e-01
9.832580945960549546e-01 2.401600353098494499e-04 -1.822181707033982134e-01 -2.556330000000000061e-02 -9.802969157338223966e-04 9.999916320349965249e-01 -3.971760055816716227e-03 -3.679700000000000158e-03 1.822156920500875577e-01 4.083893135406265092e-03 9.832501021548719633e-01 2.262665000000000093e-01
9.756216524762724163e-01 -4.195539849267498206e-03 -2.194192076023442906e-01 -4.548399999999999666e-02 1.943020885086505552e-03 9.999431890752372709e-01 -1.048061505277356198e-02 -5.040099999999999615e-03 2.194507140323484484e-01 9.798778873794152661e-03 9.755743785295281079e-01 3.151919000000000248e-01
9.718902473445543144e-01 -8.992001466861007652e-03 -2.352626001432462366e-01 -5.704370000000000274e-02 5.590444082378253493e-03 9.998700344128457207e-01 -1.512154814218694132e-02 -6.027700000000000419e-03 2.353679970843589597e-01 1.338126275336691887e-02 9.718142043392978824e-01 3.631173999999999791e-01
9.699286107684355063e-01 -1.538954946235839699e-02 -2.429025561416723600e-01 -6.323180000000000467e-02 1.173463400517771316e-02 9.997952239876788383e-01 -1.648661445511638221e-02 -6.548400000000000228e-03 2.431065370934668846e-01 1.314046645948118569e-02 9.699105833857315506e-01 3.882518999999999831e-01
9.676679931910400212e-01 -1.596740595952859249e-02 -2.517214669044913755e-01 -6.999850000000000516e-02 1.159164892233966078e-02 9.997549999985829716e-01 -1.885666070900245128e-02 -7.273400000000000178e-03 2.519608871013248041e-01 1.532912015599153209e-02 9.676160030954203961e-01 4.137289000000000105e-01
9.653911203845728650e-01 -1.220903026998669191e-02 -2.605204872221871804e-01 -7.773610000000000242e-02 6.420898435128971453e-03 9.997135294065728761e-01 -2.305712871845035788e-02 -7.915399999999999520e-03 2.607273609460752373e-01 2.058637173763212119e-02 9.651929571607820169e-01 4.398238999999999899e-01
9.605859297706762501e-01 -1.163986576557370783e-02 -2.777394193332393124e-01 -9.383120000000000349e-02 4.095293146241258536e-03 9.996070908714056458e-01 -2.772891006966786420e-02 -9.726600000000000176e-03 2.779530537710493965e-01 2.549857652036292832e-02 9.602561754525629212e-01 4.943602000000000274e-01
9.557872858252641768e-01 -1.447977066930259543e-02 -2.937022310029993033e-01 -1.116279000000000021e-01 5.126151049939127284e-03 9.994555900221485656e-01 -3.259211789516106017e-02 -1.185950000000000025e-02 2.940142629706729016e-01 2.964556990248752230e-02 9.553411711817767493e-01 5.511430999999999969e-01
9.532291623072278730e-01 -1.411495933739987177e-02 -3.019187507425866168e-01 -1.212268999999999985e-01 3.507354229098431919e-03 9.993582782314855972e-01 -3.564730279435095878e-02 -1.331049999999999942e-02 3.022281631373426314e-01 3.292111257391013707e-02 9.526669605657182016e-01 5.797088999999999714e-01
9.507847490989181916e-01 -1.495775304088994145e-02 -3.094909150603213366e-01 -1.311285000000000089e-01 2.331081826036866984e-03 9.991511722858624767e-01 -4.112786132668615202e-02 -1.455970000000000007e-02 3.098433909871688430e-01 3.838229466504776421e-02 9.500125643999757230e-01 6.090512999999999622e-01
9.490536152086549437e-01 -1.626753596938956131e-02 -3.146944593297868464e-01 -1.417119000000000018e-01 9.821285564003542565e-04 9.988144339212897682e-01 -4.866992925813778265e-02 -1.612380000000000063e-02 3.151131080784817518e-01 4.588130189933640329e-02 9.479444262472040972e-01 6.390019999999999589e-01
9.463869275224636723e-01 -1.718284496450882617e-02 -3.225779491123298981e-01 -1.631392999999999871e-01 -4.194922144737770614e-03 9.978463954121127300e-01 -6.545971120661302212e-02 -2.004179999999999851e-02 3.230080278302551178e-01 6.330340434746968559e-02 9.442767035965834443e-01 7.000256999999999730e-01
9.450763396584825893e-01 -1.627364935098863166e-02 -3.264442993138730875e-01 -1.746424000000000032e-01 -8.442724363579012792e-03 9.972110333848656083e-01 -7.415440176286859641e-02 -2.247609999999999886e-02 3.267406197935069923e-01 7.283764982678510302e-02 9.423031593625618152e-01 7.315542000000000433e-01
9.434720484887475500e-01 -1.593718710199255179e-02 -3.310687236628105379e-01 -1.859406999999999865e-01 -1.158227857510638406e-02 9.966480905065464579e-01 -8.098416211002885945e-02 -2.527820000000000067e-02 3.312496710088252416e-01 8.024082350606133451e-02 9.401250266318912363e-01 7.638504999999999878e-01
9.420065612588558457e-01 -1.376947100712623030e-02 -3.353118551638897271e-01 -1.988284999999999914e-01 -1.661434302467825266e-02 9.960192265788679888e-01 -8.757661726221198373e-02 -2.807660000000000017e-02 3.351829383353570613e-01 8.806873425579335446e-02 9.380278758626838798e-01 7.957267000000000090e-01
9.384790737284497419e-01 -1.100986252068716573e-02 -3.451605584377601676e-01 -2.243545999999999874e-01 -2.449107740028582877e-02 9.948530457437774199e-01 -9.832397724920693971e-02 -3.516119999999999662e-02 3.444665663044297332e-01 1.007283490463579678e-01 9.333791214703867078e-01 8.627683999999999909e-01
9.367879811005569435e-01 -8.667710265036416770e-03 -3.497901503248825872e-01 -2.378691000000000000e-01 -2.881216948198516564e-02 9.943871743317602707e-01 -1.018037642439550139e-01 -3.854330000000000256e-02 3.487092447229983572e-01 1.054467558688212681e-01 9.312802179373603773e-01 8.969344999999999679e-01
9.348778607451330158e-01 -7.633853734753035664e-03 -3.548874607051653585e-01 -2.515025000000000177e-01 -3.096568565526683706e-02 9.942035204977107687e-01 -1.029586622963665765e-01 -4.263320000000000304e-02 3.536163341822646244e-01 1.072431075039997628e-01 9.292224728730911210e-01 9.311045000000000016e-01
9.325747794105190280e-01 -7.331647096921599382e-03 -3.609023798179610276e-01 -2.652550000000000185e-01 -3.165517524213751210e-02 9.942810476154242405e-01 -1.019958245869110741e-01 -4.668859999999999677e-02 3.595861936835328398e-01 1.065431616933746189e-01 9.270093440783475636e-01 9.654949999999999921e-01
9.275362507967777059e-01 -6.504685594356400535e-03 -3.736765881389620958e-01 -2.943064000000000235e-01 -3.258532293156268106e-02 9.946333922100312197e-01 -9.819680152740187240e-02 -5.499330000000000190e-02 3.723099517704338002e-01 1.032574654254342639e-01 9.223465702471129735e-01 1.035865700000000000e+00
9.240455285006196062e-01 -6.382728816063569857e-03 -3.822291485887376328e-01 -3.093912999999999802e-01 -3.244960979063298001e-02 9.949423552846342611e-01 -9.506172986591618357e-02 -5.903920000000000001e-02 3.809027225978390274e-01 1.002445531364440645e-01 9.191649174571603353e-01 1.072183399999999898e+00
9.205958056714805826e-01 -4.439599794110989442e-03 -3.904915524486358147e-01 -3.252209999999999823e-01 -3.313717880315686370e-02 9.954408730587226417e-01 -8.943934047753118732e-02 -6.276320000000000510e-02 3.891083267690955139e-01 9.527727010025144327e-02 9.162515767196248717e-01 1.108919900000000069e+00
9.168915476814473164e-01 -1.759059010593491679e-03 -3.991325537985059846e-01 -3.412488000000000188e-01 -3.475089098886557926e-02 9.958411203065323791e-01 -8.421899240735589154e-02 -6.657309999999999617e-02 3.976207557029688422e-01 9.108989415971202597e-02 9.130171771747628284e-01 1.144489799999999891e+00
9.133535803202889047e-01 3.053771555368626350e-03 -4.071558814451749497e-01 -3.586061999999999861e-01 -3.900126968851844178e-02 9.960300313733385646e-01 -8.001923247013617568e-02 -7.025739999999999763e-02 4.052951249136771961e-01 8.896544880859008630e-02 9.098466962293664251e-01 1.180992599999999948e+00
9.092277399161290408e-01 3.912905382353580597e-03 -4.162806819184344254e-01 -3.758424000000000209e-01 -4.013568162517629212e-02 9.961216035479460995e-01 -7.829992340705707599e-02 -7.376199999999999424e-02 4.143598002068860642e-01 8.790017131119406968e-02 9.058584414001848995e-01 1.217292000000000041e+00
9.051958111201700019e-01 3.769516240195378010e-03 -4.249780397594826176e-01 -3.934703999999999979e-01 -4.067695212729337262e-02 9.961383855426960698e-01 -7.780554230917446912e-02 -7.712239999999999374e-02 4.230436491617990957e-01 8.771606235864534695e-02 9.018536263209029347e-01 1.253608599999999962e+00
9.011113543037502227e-01 3.242821893651312570e-03 -4.335756119191059299e-01 -4.118450000000000166e-01 -4.034638871278968530e-02 9.962604861499807507e-01 -7.640165347713571975e-02 -8.065490000000000159e-02 4.317064929586970634e-01 8.633960761070148815e-02 8.978724720665693937e-01 1.291027499999999995e+00
8.971402570627710071e-01 4.752244369319997414e-03 -4.417202455523172033e-01 -4.311056999999999806e-01 -4.197226614564819602e-02 9.963352963327832823e-01 -7.452721755213859156e-02 -8.397209999999999397e-02 4.397473001985844898e-01 8.540136682114160549e-02 8.940519663381636395e-01 1.328365599999999924e+00
8.932727413891778934e-01 4.182969259728146899e-03 -4.494956198443264550e-01 -4.505372999999999739e-01 -4.098241988545597847e-02 9.965500405198388645e-01 -7.216964736119833856e-02 -8.740580000000000571e-02 4.476429947529562692e-01 8.288859697256135972e-02 8.903624148292228480e-01 1.366232300000000066e+00
8.894307254407345376e-01 4.147028579998338071e-03 -4.570511861880738880e-01 -4.707574999999999954e-01 -3.960423451591351535e-02 9.968972153078440313e-01 -6.802533880749575546e-02 -9.067970000000000197e-02 4.553509517398390272e-01 7.860498880747163186e-02 8.868352532935303012e-01 1.404148500000000022e+00
8.856183483031010439e-01 6.852275456822737310e-03 -4.643632064127723447e-01 -4.912768000000000135e-01 -4.013054737594937832e-02 9.972802445737329879e-01 -6.181951916880229492e-02 -9.419470000000000620e-02 4.626766476884194845e-01 7.338365011376210556e-02 8.834846685595552085e-01 1.442474999999999952e+00
8.816488499075453289e-01 7.163356976430605705e-03 -4.718516628915605526e-01 -5.124988999999999795e-01 -3.926152793668857138e-02 9.975316822816994167e-01 -5.821576477483805107e-02 -9.696739999999999526e-02 4.702699627668976978e-01 6.985147930481411249e-02 8.797539047700497772e-01 1.481394399999999889e+00
8.778331048960649197e-01 5.910407910662891784e-03 -4.789301692594273852e-01 -5.340091999999999617e-01 -3.742044363707414806e-02 9.977137788918832850e-01 -5.627544586480549837e-02 -9.996919999999999418e-02 4.775026181567371686e-01 6.732222877777942205e-02 8.760473544083410280e-01 1.520383800000000063e+00
8.746813511675970432e-01 5.573029861555878900e-03 -4.846663545757937119e-01 -5.565307999999999922e-01 -3.685762435826180072e-02 9.978034341663495344e-01 -5.504382156522920344e-02 -1.027529999999999971e-01 4.832949921593354126e-01 6.600945465614552199e-02 8.729654646374656046e-01 1.559740300000000079e+00
8.713808682643843229e-01 6.422121595674335631e-03 -4.905651218513378820e-01 -5.791798000000000224e-01 -3.722111989582249647e-02 9.978978608462758526e-01 -5.305136710893847835e-02 -1.056301000000000045e-01 4.891931833708524358e-01 6.448732955113682663e-02 8.697881429812978071e-01 1.599229299999999965e+00
8.683692380040880510e-01 5.440711032014740670e-03 -4.958883595645955378e-01 -6.023895999999999695e-01 -3.577339437201277478e-02 9.980220293576639312e-01 -5.169422764598140263e-02 -1.085837999999999942e-01 4.946262535928556137e-01 6.262928692134547837e-02 8.668462618460206492e-01 1.639344499999999982e+00
8.657177222866931920e-01 5.121772513064830334e-03 -5.005063363885259298e-01 -6.266388999999999987e-01 -3.564691446832202182e-02 9.980394445472547948e-01 -5.144477249143168673e-02 -1.118135999999999991e-01 4.992615775398984157e-01 6.237815782893436911e-02 8.642030100724253927e-01 1.680333000000000077e+00
8.635363174199718328e-01 2.209367324585920916e-03 -5.042818132679173226e-01 -6.506663999999999781e-01 -3.307711564800687454e-02 9.980851103927617096e-01 -5.226869840236175735e-02 -1.138424999999999992e-01 5.032006885102225935e-01 6.181610719136014509e-02 8.619558201987758128e-01 1.720964200000000055e+00
8.623511514352438789e-01 2.740079399469078775e-03 -5.063032525899805458e-01 -6.758241999999999861e-01 -3.406338402629796591e-02 9.980336614601247325e-01 -5.261650369583769499e-02 -1.167113000000000039e-01 5.051635155936996524e-01 6.262030467333865036e-02 8.607488135081176051e-01 1.762031200000000020e+00
8.616462469137361468e-01 3.540107958246243441e-03 -5.074970076908007499e-01 -7.012534999999999741e-01 -3.435793290605164418e-02 9.980884073573613735e-01 -5.137181664365271516e-02 -1.198518999999999973e-01 5.063450183678082084e-01 6.170088114840648064e-02 8.601207610792882541e-01 1.804928400000000099e+00
8.615247126322048699e-01 4.267847789049710946e-03 -5.076977004076799194e-01 -7.273017999999999983e-01 -3.437423375299548944e-02 9.981605289755659527e-01 -4.993966809173494559e-02 -1.224371999999999960e-01 5.065506702965569819e-01 6.047597763135149906e-02 8.600866668840071450e-01 1.848900100000000046e+00
8.612677133651466255e-01 3.224157037472820050e-03 -5.081412507621965169e-01 -7.538498999999999617e-01 -3.302537824921206178e-02 9.982209034968155814e-01 -4.964224222874849546e-02 -1.251816000000000040e-01 5.070771640552038662e-01 5.953681746112218787e-02 8.598419139936903655e-01 1.892769600000000052e+00
8.606043531197693497e-01 4.463143397517646549e-04 -5.092739421910503772e-01 -7.801430000000000309e-01 -3.024203231074724940e-02 9.982796988392438342e-01 -5.023009423785969318e-02 -1.283514000000000044e-01 5.083754192258107540e-01 5.862971677348166599e-02 8.591373519048292051e-01 1.936881300000000028e+00
8.593388331397111557e-01 -2.153877210822238361e-03 -5.114021222785845033e-01 -8.070933999999999608e-01 -2.779582260644609254e-02 9.983162851416145234e-01 -5.091156122805030187e-02 -1.311288999999999927e-01 5.106507241781905737e-01 5.796512429044928943e-02 8.578320827890981715e-01 1.982165100000000013e+00
8.577738864919024486e-01 -2.128898038149147631e-03 -5.140227888388998467e-01 -8.343401999999999763e-01 -2.674395793866274698e-02 9.984522125742976151e-01 -4.876412533066452198e-02 -1.343112999999999946e-01 5.133310046805589222e-01 5.557559715048398380e-02 8.563892996967064075e-01 2.026610400000000034e+00
8.555301356868706408e-01 -1.705518492107536629e-03 -5.177502082455184285e-01 -8.613653000000000004e-01 -2.522289261898078006e-02 9.986699575249262661e-01 -4.496800668356762398e-02 -1.372236000000000011e-01 5.171382722440257540e-01 5.153064276559236878e-02 8.543492261579154201e-01 2.071474999999999955e+00
8.486116030787868025e-01 -1.493060531206333308e-03 -5.290142889282876126e-01 -9.171249999999999680e-01 -2.225232340442555995e-02 9.990102116963229806e-01 -3.851533499235040847e-02 -1.435611999999999999e-01 5.285481824991515865e-01 4.445635721376944849e-02 8.477384331738919698e-01 2.160080900000000081e+00
8.431535578168382061e-01 -4.975067600526131978e-03 -5.376498178584065979e-01 -9.448410000000000419e-01 -2.017059040298467207e-02 9.989606228977164770e-01 -4.087567959803578566e-02 -1.462942000000000131e-01 5.372943562178953414e-01 4.530918893752625132e-02 8.421768532643372218e-01 2.203676699999999933e+00
8.372140388484123896e-01 -8.510241413604457961e-03 -5.468091339271967666e-01 -9.738864999999999883e-01 -1.888114136117361591e-02 9.988329901588244297e-01 -4.445402424169521416e-02 -1.488446999999999965e-01 5.465493167647621497e-01 4.754191373371520479e-02 8.360763187547579633e-01 2.246906500000000140e+00
8.306642154945048651e-01 -8.815540650164994940e-03 -5.567039135302932484e-01 -1.003305799999999914e+00 -1.866073685056263143e-02 9.988720988029693437e-01 -4.366127727340391590e-02 -1.516306000000000043e-01 5.564609042844727016e-01 4.665636586786729018e-02 8.295628038472497856e-01 2.291157500000000180e+00
8.246379982423467370e-01 -5.686411679997007210e-03 -5.656322449940960340e-01 -1.033610099999999976e+00 -1.965947834476061695e-02 9.990572553487496732e-01 -3.870536715024362751e-02 -1.542803000000000091e-01 5.653190928723947906e-01 4.303795135957175222e-02 8.237487832930037168e-01 2.334899699999999800e+00
8.192907567394037693e-01 -1.021535270837235082e-03 -5.733773734523063270e-01 -1.064337799999999890e+00 -2.266101442540785146e-02 9.991594292499016428e-01 -3.416011367402265603e-02 -1.570023000000000113e-01 5.729303049643880152e-01 4.098037831329925246e-02 8.185789358679542715e-01 2.378647599999999862e+00
8.153439934475091855e-01 -9.193793135363476088e-04 -5.789761023485737734e-01 -1.095445500000000072e+00 -2.408484327081120840e-02 9.990792694309880151e-01 -3.550399580137190980e-02 -1.596597999999999906e-01 5.784756629917016113e-01 4.289251840264471372e-02 8.145711382018085978e-01 2.421145000000000103e+00
8.118964797788926768e-01 -3.625935602883937486e-03 -5.837901666811851076e-01 -1.126710799999999901e+00 -2.419334288570786431e-02 9.989127083565847443e-01 -3.985076214738352690e-02 -1.621132999999999880e-01 5.832999128087168472e-01 4.647852917978908399e-02 8.109259880177887014e-01 2.463789499999999855e+00
8.088598048910017324e-01 -5.475593443451491626e-03 -5.879760487538014946e-01 -1.158093100000000097e+00 -2.714507072193131365e-02 9.985427892467052535e-01 -4.664164640009330759e-02 -1.651452999999999949e-01 5.873746344260977192e-01 5.368720443319823649e-02 8.075324903141396504e-01 2.506207499999999921e+00
8.053272335201011600e-01 -6.133119235198544045e-03 -5.927988122451892661e-01 -1.189601899999999990e+00 -2.787543738069636276e-02 9.984486932262424119e-01 -4.819924258371454523e-02 -1.678794999999999871e-01 5.921748111340900955e-01 5.534068885779904606e-02 8.039069605464608248e-01 2.548428499999999985e+00
8.019114639406411671e-01 -5.227996149728136518e-03 -5.974200131037092909e-01 -1.221361399999999930e+00 -2.644928829304330625e-02 9.986706583742542831e-01 -4.424196255959906426e-02 -1.711243000000000070e-01 5.968571346221549501e-01 5.127947112238883526e-02 8.007071728741030903e-01 2.591399700000000195e+00
7.986566464149131850e-01 -2.584928670888799601e-03 -6.017814215153629576e-01 -1.253550399999999954e+00 -2.608127116584859490e-02 9.989024970021301852e-01 -3.890461125988772806e-02 -1.739564000000000110e-01 6.012215302462629030e-01 4.676665079600982045e-02 7.977127001255942540e-01 2.633570699999999931e+00
7.954910309661281653e-01 -9.477751243193409392e-04 -6.059646205635772498e-01 -1.286045399999999894e+00 -2.610695101419442665e-02 9.990166596361149676e-01 -3.583491144458517130e-02 -1.765957999999999972e-01 6.054027145307402380e-01 4.432623931502119308e-02 7.946840490075277597e-01 2.675666099999999936e+00
7.923540161303479490e-01 -2.341597530703554836e-04 -6.100615200873747979e-01 -1.319018599999999930e+00 -2.750850985763794027e-02 9.989690798554548001e-01 -3.611176232418215892e-02 -1.792279999999999984e-01 6.094410512982536554e-01 4.539518324619945533e-02 7.915307210276322225e-01 2.717377700000000118e+00
7.887320096620402676e-01 -1.734305306296894320e-03 -6.147347469596815550e-01 -1.351545900000000078e+00 -2.737890498961647462e-02 9.989046299084178848e-01 -3.794648744081959707e-02 -1.817757000000000123e-01 6.141271956981295688e-01 4.676037352963805654e-02 7.878205728281788556e-01 2.758586199999999877e+00
7.847441463299378306e-01 -4.326234274753995579e-03 -6.198047341686712119e-01 -1.384703299999999970e+00 -2.642698642941252243e-02 9.988327746922239792e-01 -4.043145543871191905e-02 -1.844565999999999983e-01 6.192561983453672703e-01 4.810791928189001032e-02 7.837138437677428904e-01 2.799795899999999893e+00
7.804584903278732888e-01 -5.812410410183448464e-03 -6.251805825202511047e-01 -1.418397300000000083e+00 -2.533418605280431807e-02 9.988414853056983844e-01 -4.091291054603816285e-02 -1.871229000000000087e-01 6.246941042559780444e-01 4.776926959384889676e-02 7.794070650117892463e-01 2.841168399999999927e+00
7.757887958899374325e-01 -6.116593092995680631e-03 -6.309630190911158509e-01 -1.452350100000000088e+00 -2.449773159880386589e-02 9.989071464893924945e-01 -3.980419373548923362e-02 -1.898720999999999881e-01 6.305169349971132542e-01 4.633681021989009136e-02 7.747911297249677753e-01 2.882648500000000169e+00
7.709185386572932064e-01 -5.710159037005434549e-03 -6.369081573023505083e-01 -1.486939400000000022e+00 -2.503318390946161764e-02 9.989155622668446366e-01 -3.925607168921173978e-02 -1.926007000000000136e-01 6.364416284765308518e-01 4.620707245525910306e-02 7.699395820434586923e-01 2.923757099999999998e+00
7.655223048714234757e-01 -7.094585674376660892e-03 -6.433702414616735421e-01 -1.521131400000000022e+00 -2.448236588992111495e-02 9.988938573317732716e-01 -4.014567903626828360e-02 -1.954952000000000079e-01 6.429433991455042463e-01 4.648363840062406938e-02 7.645018357442086021e-01 2.963266400000000189e+00
7.600122520501894074e-01 -8.766514821263424878e-03 -6.498496171819200251e-01 -1.556383700000000037e+00 -2.361781419290965786e-02 9.988760100902670525e-01 -4.109641491539225283e-02 -1.982520000000000115e-01 6.494794650998202412e-01 4.658180636297231531e-02 7.589509600294435110e-01 3.004174499999999970e+00
7.542729706168078696e-01 -1.007655599745480718e-02 -6.564836241797096239e-01 -1.592260999999999926e+00 -2.309352067077798804e-02 9.988563411430201322e-01 -4.186524885160768095e-02 -2.011911000000000116e-01 6.561546883928548457e-01 4.673834376193540530e-02 7.531776364991640271e-01 3.045067099999999805e+00
7.484856719290586824e-01 -1.126977612512920432e-02 -6.630551945826191895e-01 -1.628350100000000023e+00 -2.273782313589251328e-02 9.988315437305453903e-01 -4.264432726514114091e-02 -2.041914999999999980e-01 6.627610356047995976e-01 4.699509969076623439e-02 7.473548489767819492e-01 3.085321700000000167e+00
7.422519941160612422e-01 -1.397426836333171517e-02 -6.699751465945883444e-01 -1.664599399999999951e+00 -2.064244676535040637e-02 9.988312915248344082e-01 -4.370286560822959909e-02 -2.071947000000000094e-01 6.698028565348689289e-01 4.626846544398127703e-02 7.410960548290543848e-01 3.125212199999999996e+00
7.360578105612287647e-01 -1.531258460246847329e-02 -6.767454649013929791e-01 -1.700933900000000110e+00 -1.937263421355119378e-02 9.988580993517912621e-01 -4.367148271990492492e-02 -2.100265000000000049e-01 6.766414120902136675e-01 4.525507830199008985e-02 7.349206605698621608e-01 3.164549800000000079e+00
7.299703587075176969e-01 -1.491904879824791294e-02 -6.833159572199186682e-01 -1.738269000000000064e+00 -1.887239494063383885e-02 9.989405679484552047e-01 -4.197111406696842073e-02 -2.129952999999999985e-01 6.832181994923897106e-01 4.353347780471063244e-02 7.289154465317659870e-01 3.203362499999999891e+00
7.233342836884131266e-01 -1.489728694203546443e-02 -6.903372979078683525e-01 -1.775932899999999925e+00 -1.862222597418713987e-02 9.989827120735904620e-01 -4.107010686448430564e-02 -2.160304000000000113e-01 6.902468592762567301e-01 4.256303348987840879e-02 7.223210238110218118e-01 3.242555600000000204e+00
7.169025218911821984e-01 -1.637204322962683423e-02 -6.969811549149304009e-01 -1.814478500000000105e+00 -1.790035003532170627e-02 9.989623859187938271e-01 -4.187754754094205611e-02 -2.190278999999999976e-01 6.969435784729464123e-01 4.249832608371927056e-02 7.158655884350120235e-01 3.281829399999999897e+00
7.103376736753216347e-01 -1.882408504115418851e-02 -7.036092972523144695e-01 -1.853239800000000104e+00 -1.654880064725573058e-02 9.989193264756160984e-01 -4.343174404325601118e-02 -2.218200999999999923e-01 7.036664881566194740e-01 4.249509402113273854e-02 7.092585145272951586e-01 3.320233299999999943e+00
7.040328773856667777e-01 -1.802899757199400224e-02 -7.099384922700049394e-01 -1.892394099999999968e+00 -1.841248977345565432e-02 9.988782473156894159e-01 -4.362599293860108807e-02 -2.245956000000000063e-01 7.099286497813714902e-01 4.378586856607409594e-02 7.029111678821964304e-01 3.359134399999999854e+00
6.936235858920654085e-01 -1.593317808016078002e-02 -7.201614089428135523e-01 -1.972903400000000085e+00 -2.122601618942551727e-02 9.988691235405660063e-01 -4.254327530912061645e-02 -2.304595999999999867e-01 7.200248449400609152e-01 4.479517690072525732e-02 6.925009854111934260e-01 3.435473399999999788e+00
6.886453539273009739e-01 -1.733149501705979686e-02 -7.248911613441123558e-01 -2.013957500000000067e+00 -2.068091257908635447e-02 9.988381249607680701e-01 -4.352815157749292257e-02 -2.334805000000000075e-01 7.248033363397540230e-01 4.496687008599379448e-02 6.874868029463772068e-01 3.474095800000000178e+00
6.781743765241555755e-01 -2.168260667219658322e-02 -7.345810912308943230e-01 -2.097951199999999794e+00 -2.075488513368735355e-02 9.986008676077670065e-01 -4.863683743935681009e-02 -2.396498999999999990e-01 7.346078884474085413e-01 4.823040307641843910e-02 6.767755007754978624e-01 3.551557299999999806e+00
6.732486723371320370e-01 -2.218019515293374183e-02 -7.390833945768684465e-01 -2.139663200000000209e+00 -2.149997629594426612e-02 9.985401373654758661e-01 -4.955143882280645812e-02 -2.427256999999999887e-01 7.391034949285268940e-01 4.925071586397775786e-02 6.717889480866165997e-01 3.588612599999999819e+00
6.683084100558999152e-01 -2.229755259788397670e-02 -7.435500576267207729e-01 -2.182099299999999964e+00 -2.018243465567365336e-02 9.986392154567821366e-01 -4.808728192809517271e-02 -2.461165999999999909e-01 7.436104748992745650e-01 4.714378538054875972e-02 6.669489674031050530e-01 3.626036899999999896e+00
6.629542254727073258e-01 -2.229731221380351278e-02 -7.483278190712427946e-01 -2.224721699999999913e+00 -1.956500809768951452e-02 9.986990090703118383e-01 -4.709033595244849907e-02 -2.494020999999999877e-01 7.484042392891825379e-01 4.585977703846027403e-02 6.616554809445490681e-01 3.663970200000000066e+00
6.576377293609984021e-01 -2.406077157272266606e-02 -7.529499958112991775e-01 -2.267416199999999993e+00 -1.783935527009515923e-02 9.987121456402865416e-01 -4.749534244662723809e-02 -2.525877000000000261e-01 7.531230804619238883e-01 4.466687163771741048e-02 6.563615590919702480e-01 3.701257200000000136e+00
6.531101837706507762e-01 -2.449470687998620000e-02 -7.568666310453446844e-01 -2.311258800000000058e+00 -1.778778981812204063e-02 9.987047103262634007e-01 -4.767070489850822740e-02 -2.560379999999999878e-01 7.570539494570072137e-01 4.459720739012588281e-02 6.518285101961627248e-01 3.738227800000000212e+00
6.486521823349508109e-01 -2.466699149997760715e-02 -7.606851424094240866e-01 -2.355027900000000063e+00 -1.737878012102435366e-02 9.987340065010000822e-01 -4.720553209069169864e-02 -2.594558000000000142e-01 7.608865384231808804e-01 4.383975124017319702e-02 6.474023106674773320e-01 3.775380100000000017e+00
6.447932296980871669e-01 -2.587365200765762846e-02 -7.639190042584990126e-01 -2.400016100000000208e+00 -1.585040845474827709e-02 9.987593953829633220e-01 -4.720629922028431874e-02 -2.627006000000000063e-01 7.641926821733689978e-01 4.254673038018321612e-02 6.435831882877524057e-01 3.812730600000000081e+00
6.406176979357063317e-01 -2.909467250747291289e-02 -7.673085853313770244e-01 -2.444525000000000059e+00 -1.257736454140348341e-02 9.987502402526453604e-01 -4.837114322068169353e-02 -2.661584000000000172e-01 7.677569765184479866e-01 4.063813021001278641e-02 6.394511454210440871e-01 3.849946300000000043e+00
6.363407916829059152e-01 -3.400863067676002799e-02 -7.706580369267967967e-01 -2.489293800000000001e+00 -9.003462932774541905e-03 9.986322415819763876e-01 -5.150323997745587246e-02 -2.696219999999999728e-01 7.713555175764224003e-01 3.971220357080416929e-02 6.351642357626571256e-01 3.887034900000000182e+00
6.313737711639029193e-01 -3.761631931898039294e-02 -7.745657968224286538e-01 -2.534351099999999857e+00 -5.291458424266731742e-03 9.985906018483077240e-01 -5.280918829123360664e-02 -2.731562000000000157e-01 7.754606125097622815e-01 3.744091907428569871e-02 6.302848689480471389e-01 3.923681999999999892e+00
6.249131297711119082e-01 -4.156444431140436657e-02 -7.795870555677265612e-01 -2.579583599999999866e+00 6.859995139555513655e-04 9.986105758561154566e-01 -5.269200312176666734e-02 -2.769948999999999883e-01 7.806939923198720210e-01 3.239312824352691411e-02 6.240733735693728690e-01 3.960072999999999954e+00
6.164072231918905631e-01 -4.554834921395407854e-02 -7.861090783604692822e-01 -2.626157500000000145e+00 5.736578983672462051e-03 9.985588721717088001e-01 -5.335982073366674072e-02 -2.806135000000000157e-01 7.874066464403427501e-01 2.838180211065978453e-02 6.157801932918307575e-01 3.996808999999999834e+00
6.072786738271551688e-01 -4.634534627767356030e-02 -7.931360042219330886e-01 -2.673201600000000067e+00 8.326224642144938043e-03 9.986135766714301365e-01 -5.197690324271220935e-02 -2.844097999999999904e-01 7.944452695421757582e-01 2.496063632795161163e-02 6.068226102710441161e-01 4.032886000000000415e+00
5.983411055464840089e-01 -4.465645344215366658e-02 -7.999960766024919456e-01 -2.721112999999999893e+00 8.847109050491949733e-03 9.987530013678634910e-01 -4.913421333585466649e-02 -2.882944000000000062e-01 8.011926422995033770e-01 2.232136699786411299e-02 5.979900555197272816e-01 4.068567800000000290e+00
5.891313118179765107e-01 -4.471193253476758028e-02 -8.067993186193433974e-01 -2.769182699999999997e+00 8.443584180618968205e-03 9.987540300598507503e-01 -4.918427925050348343e-02 -2.917813000000000212e-01 8.079931950962304654e-01 2.216372099204235585e-02 5.887748008788861176e-01 4.103273899999999585e+00
5.794876378462573419e-01 -4.620375635764736866e-02 -8.136702590618682951e-01 -2.817988900000000019e+00 7.726630223410194814e-03 9.986582551657579021e-01 -5.120535689431958415e-02 -2.951853999999999867e-01 8.149444010291471141e-01 2.338594209620638298e-02 5.790671126419780768e-01 4.137941800000000114e+00
5.695856047713663273e-01 -4.806702354785548359e-02 -8.205253195876938133e-01 -2.867365400000000175e+00 7.991770532536145860e-03 9.985652339645187947e-01 -5.294908045604857644e-02 -2.988972999999999769e-01 8.218931624250152002e-01 2.360158394336542981e-02 5.691525233137177953e-01 4.171995199999999571e+00
5.597996753710157147e-01 -4.948066220068112614e-02 -8.271493139226360203e-01 -2.917485199999999779e+00 8.272650854474219995e-03 9.984995098161314475e-01 -5.413217291763738892e-02 -3.026655999999999791e-01 8.285866802588279789e-01 2.346045534782123521e-02 5.593690376956230725e-01 4.205371900000000274e+00
5.495934166804909982e-01 -5.036874734702342232e-02 -8.339125047822200099e-01 -2.967906199999999828e+00 1.138616384558296252e-02 9.985397573658478798e-01 -5.280822125990451699e-02 -3.063911000000000273e-01 8.353546741440702750e-01 1.952798633871943856e-02 5.493643837519948114e-01 4.238779100000000355e+00
5.391452639187193085e-01 -4.974575870371118758e-02 -8.407423766440028645e-01 -3.019026499999999835e+00 1.225888613279771042e-02 9.986118743634249117e-01 -5.122542426520630687e-02 -3.105480999999999936e-01 8.421235681922204508e-01 1.731137982251645946e-02 5.390066901475740746e-01 4.271596399999999960e+00
5.291190217535940432e-01 -5.067547278609434158e-02 -8.470330910161807392e-01 -3.070847300000000057e+00 1.283916103817086748e-02 9.985789995665997898e-01 -5.172173207080975332e-02 -3.142788000000000248e-01 8.484504798527463532e-01 1.649175801649196624e-02 5.290177739501480403e-01 4.303450599999999682e+00
5.187795479143951782e-01 -5.203402678173037893e-02 -8.533230576532043754e-01 -3.123214500000000005e+00 1.243131344786790188e-02 9.984996158235983632e-01 -5.332897567071229888e-02 -3.178479000000000165e-01 8.548176665884349434e-01 1.705805548720986525e-02 5.186480305865419638e-01 4.335179799999999695e+00
5.088091377057949449e-01 -5.260375222576445242e-02 -8.592706829857841289e-01 -3.176235699999999884e+00 1.104763251205194766e-02 9.984481562455642667e-01 -5.458231495376329734e-02 -3.215670999999999946e-01 8.608084637147592755e-01 1.827907387160359123e-02 5.086006923465915541e-01 4.366135100000000158e+00
4.984048088002029919e-01 -5.403315684274605929e-02 -8.652589580735008390e-01 -3.229268300000000202e+00 1.006723711824127759e-02 9.983492724704213783e-01 -5.654538791612973708e-02 -3.254884000000000110e-01 8.668859771052004337e-01 1.947172615326362571e-02 4.981260428636251625e-01 4.396800999999999959e+00
4.886014854691172471e-01 -5.343744924686073816e-02 -8.708691218635329356e-01 -3.282873200000000047e+00 8.788367506891481967e-03 9.983734949524051272e-01 -5.633053499731464908e-02 -3.296725999999999823e-01 8.724628089459949276e-01 1.986966518361743539e-02 4.882764006293516257e-01 4.426827399999999635e+00
4.799788417198077584e-01 -5.141827730813379460e-02 -8.757719293628768442e-01 -3.337364700000000184e+00 8.087428238522251234e-03 9.984978184990774830e-01 -5.419132732338292208e-02 -3.337867999999999946e-01 8.772427856675703017e-01 1.892794788790187061e-02 4.796736680108200090e-01 4.456073299999999904e+00
4.717004288679061963e-01 -4.962600892883422404e-02 -8.803612693909408371e-01 -3.391702399999999784e+00 8.617728721573451878e-03 9.986267596029202442e-01 -5.167523349393494947e-02 -3.379814999999999903e-01 8.817167573305584316e-01 1.678851520434713682e-02 4.714803342661479935e-01 4.485222799999999843e+00
4.642225833164073667e-01 -5.010379062320545474e-02 -8.843002902319025971e-01 -3.446856499999999990e+00 9.250176413909291101e-03 9.986185250581093298e-01 -5.172500021341519538e-02 -3.419230999999999798e-01 8.856702701205187989e-01 1.583197953359703758e-02 4.640447403523662029e-01 4.513802499999999718e+00
4.564919363125727325e-01 -5.331138082376221665e-02 -8.881289370109848313e-01 -3.502616399999999963e+00 1.148916672560043248e-02 9.984732337409963909e-01 -5.402962660197478673e-02 -3.460006999999999944e-01 8.896533657158554043e-01 1.446022743463127105e-02 4.564074831693596401e-01 4.542395100000000241e+00
4.498043288107848037e-01 -5.677248421903292874e-02 -8.913209022673478366e-01 -3.558262800000000059e+00 1.346090499319556669e-02 9.982952176497092989e-01 -5.679315499674050111e-02 -3.496932999999999847e-01 8.930256826205187348e-01 1.354782098048560451e-02 4.498017193462439112e-01 4.570132300000000036e+00
4.438384558190895390e-01 -5.941723815768865102e-02 -8.941347867887921019e-01 -3.613421699999999959e+00 1.505453920039765206e-02 9.981529266646425036e-01 -5.885657006887656806e-02 -3.542176000000000213e-01 8.959803491068261128e-01 1.266202197602716087e-02 4.439131527831641222e-01 4.597307699999999997e+00
4.386788396535780676e-01 -6.301920149448356212e-02 -8.964315120984914786e-01 -3.668801100000000037e+00 1.581416013905485168e-02 9.979249646001374652e-01 -6.241536162605090809e-02 -3.580439000000000260e-01 8.985047512279978887e-01 1.320398692865383528e-02 4.387651612763954212e-01 4.624355800000000016e+00
4.340493382046974324e-01 -6.420431360919588715e-02 -8.985983408164274211e-01 -3.723934199999999972e+00 1.972895717713445476e-02 9.978954421643830841e-01 -6.176936745874137685e-02 -3.629792000000000018e-01 9.006730484769526202e-01 9.082544881378100399e-03 4.344025404227175313e-01 4.650685300000000133e+00
4.293968898416350988e-01 -6.178379981364921780e-02 -9.010000405521175759e-01 -3.779602500000000198e+00 2.174127249155342542e-02 9.980752169421491793e-01 -5.807907020889725713e-02 -3.675213999999999981e-01 9.028541565860893625e-01 5.350084716050165085e-03 4.299136524102862289e-01 4.677762000000000420e+00
4.253668706692599888e-01 -5.989803958548360618e-02 -9.030366826385609613e-01 -3.834672700000000045e+00 2.454624343665919028e-02 9.982039169593324157e-01 -5.464816648520277875e-02 -3.717762000000000011e-01 9.046880718071779182e-01 1.079361321344177865e-03 4.260731483078330495e-01 4.703925100000000192e+00
4.218948200360310152e-01 -5.925491860560089252e-02 -9.047063697398225468e-01 -3.890066599999999930e+00 2.661815394722635841e-02 9.982413764919904064e-01 -5.296818044654707375e-02 -3.761798000000000086e-01 9.062539570711989345e-01 -1.734612469638900645e-03 4.227301224331824203e-01 4.729765900000000300e+00
4.188671742633877648e-01 -5.891564319022597751e-02 -9.061342269841077268e-01 -3.944933900000000104e+00 2.832091284587489113e-02 9.982551123482418243e-01 -5.181367161450363412e-02 -3.804345000000000088e-01 9.076057603498233206e-01 -3.959502251702894798e-03 4.198048428993378378e-01 4.755279100000000092e+00
4.168384290704975070e-01 -5.811946563955145556e-02 -9.071206379329118663e-01 -3.999755400000000183e+00 3.015485290509638955e-02 9.982886765411403962e-01 -5.010392335945858255e-02 -3.843209000000000208e-01 9.084802743572982786e-01 -6.468848700618836517e-03 4.178776676255584466e-01 4.780013099999999682e+00
4.138691618512674864e-01 -5.736417385023157706e-02 -9.085271974063350298e-01 -4.054476300000000144e+00 3.140722690583320348e-02 9.983182500594454112e-01 -4.872635525393081979e-02 -3.880024999999999724e-01 9.097944289599791956e-01 -8.367984030050033828e-03 4.149747870373066139e-01 4.805235399999999935e+00
4.110268107751354205e-01 -5.813979930241189309e-02 -9.097674013510798074e-01 -4.108144300000000193e+00 3.436456804980081436e-02 9.982430821680119415e-01 -4.826826458925684293e-02 -3.921970000000000178e-01 9.109753219965796012e-01 -1.142421291744696865e-02 4.123026195313889142e-01 4.830158700000000138e+00
4.086887622968998768e-01 -5.822645517897308970e-02 -9.108145670165355146e-01 -4.161699800000000060e+00 3.694901082452530655e-02 9.982002610312787905e-01 -4.723356302647491872e-02 -3.960907000000000178e-01 9.119255814875011357e-01 -1.434987088366666136e-02 4.101046391279973280e-01 4.854302900000000420e+00
4.059857144277433938e-01 -5.755422820811997853e-02 -9.120652994692662885e-01 -4.215372999999999593e+00 3.998178285687908895e-02 9.981779461391230290e-01 -4.519120358064615539e-02 -3.997588000000000252e-01 9.130044122128765371e-01 -1.811901368313638405e-02 4.075471072440217668e-01 4.878588699999999889e+00
4.043175006518594516e-01 -5.694442308150432508e-02 -9.128442864730810236e-01 -4.269115900000000074e+00 4.208783491629176921e-02 9.981610447089024341e-01 -4.362502696493712057e-02 -4.033257000000000092e-01 9.136498086349564840e-01 -2.078127776502582819e-02 4.059706463228102136e-01 4.901998999999999995e+00
4.028710786517989417e-01 -5.805254555686892304e-02 -9.134138141829822866e-01 -4.321915100000000010e+00 4.453115443380160909e-02 9.980477761085281285e-01 -4.379055708271087366e-02 -4.070496000000000114e-01 9.141727792221386872e-01 -2.303342265467524241e-02 4.046697309783400254e-01 4.925188999999999595e+00
4.011902608401823334e-01 -5.885980130060122079e-02 -9.141016893091493678e-01 -4.373406400000000360e+00 4.534144924047316810e-02 9.979860872795457416e-01 -4.436127339511672374e-02 -4.108321999999999807e-01 9.148718640267392566e-01 -2.364938450185202767e-02 4.030510873635294589e-01 4.948109600000000441e+00
4.010933270279258833e-01 -5.973522568723661080e-02 -9.140874388294395470e-01 -4.425664399999999610e+00 4.524605514278703250e-02 9.979454424840233928e-01 -4.536174951853792769e-02 -4.145608000000000071e-01 9.149190879567905554e-01 -2.316455562840798177e-02 4.029720410336841141e-01 4.970665000000000333e+00
