1.000000000000000000e+00 0.000000000000000000e+00 0.000000000000000000e+00 0.000000000000000000e+00 0.000000000000000000e+00 1.000000000000000000e+00 0.000000000000000000e+00 0.000000000000000000e+00 0.000000000000000000e+00 0.000000000000000000e+00 1.000000000000000000e+00 0.000000000000000000e+00
9.999407815347580719e-01 -3.181696497154890956e-03 -1.040722014071245906e-02 2.295999999999999972e-04 3.156605501679710189e-03 9.999920740345822345e-01 -2.426460327592325304e-03 -1.954000000000000062e-04 1.041485791377031421e-02 2.393465147982389799e-03 9.999428993993713100e-01 3.068289999999999906e-02
9.998305322500207204e-01 -2.250582549617611075e-03 -1.827133434721425753e-02 -8.882000000000000138e-04 2.170419623218781090e-03 9.999879381251581822e-01 -4.406005317073460534e-03 -3.596000000000000130e-04 1.828103003934629378e-02 4.365602178656394911e-03 9.998233571278070109e-01 6.146519999999999762e-02
9.996718486377165203e-01 -1.365127288790761104e-03 -2.557990361075952040e-02 -2.673500000000000095e-03 1.203048964919219144e-03 9.999791118390033429e-01 -6.350477058144842445e-03 -4.054999999999999902e-04 2.558803850314353423e-02 6.317619263885403992e-03 9.996526096461701982e-01 9.340919999999999779e-02
9.986999700233111232e-01 -1.121668713307727265e-02 -4.972480070544455649e-02 -7.106200000000000017e-03 1.064104090198199175e-02 9.998734454375852732e-01 -1.182629939137738034e-02 -2.275099999999999952e-03 4.985115970526530355e-02 1.128180120950575405e-02 9.986929372121889914e-01 1.937020000000000131e-01
9.982040497839368420e-01 -1.120829368502318860e-02 -5.884767750402850051e-02 -9.483699999999999422e-03 1.039828806279895906e-02 9.998471872004751626e-01 -1.405268133351196720e-02 -3.135600000000000106e-03 5.899619140513161220e-02 1.341552831492119797e-02 9.981680584950215485e-01 2.290664000000000033e-01
9.977087438182613566e-01 -6.318953881344166468e-03 -6.735973077761210626e-02 -1.343809999999999970e-02 5.103633358982666290e-03 9.998213571721734638e-01 -1.819908428823127297e-02 -3.864999999999999946e-03 6.746269661912439319e-02 1.781360615480516787e-02 9.975627599307411719e-01 2.646920999999999857e-01
9.963517527536409624e-01 -4.893117148346426068e-03 -8.520118654877974207e-02 -2.043800000000000130e-02 2.953208773543675430e-03 9.997338628349656808e-01 -2.287973030911541472e-02 -5.870900000000000077e-03 8.529046454725917881e-02 2.254464250438555778e-02 9.961010369192786484e-01 3.394580999999999849e-01
9.947571152715940501e-01 -6.763060087432291867e-03 -1.020418670683277407e-01 -2.874289999999999831e-02 3.975035406468130014e-03 9.996138723527264736e-01 -2.750100531806807386e-02 -8.429499999999999493e-03 1.021884568337041443e-01 2.695120068273144931e-02 9.943998954503692200e-01 4.176329999999999765e-01
9.938575384579476646e-01 -5.769504183375634074e-03 -1.105165420730633008e-01 -3.399800000000000044e-02 2.401769774203540032e-03 9.995293880756359606e-01 -3.058159373048647753e-02 -1.009660000000000071e-02 1.106409723034865733e-01 3.012831217680171994e-02 9.934036742699899891e-01 4.579905000000000226e-01
9.929467448275165475e-01 -5.671386328743309099e-03 -1.184254926675367692e-01 -3.931409999999999766e-02 1.398962624620898095e-03 9.993461589970092929e-01 -3.612889981025139280e-02 -1.145499999999999990e-02 1.185529621730877503e-01 3.570840062274440591e-02 9.923054495894658711e-01 4.985963999999999952e-01
9.922616580708968348e-01 -5.093481237610593057e-03 -1.240598983204347916e-01 -4.533709999999999823e-02 -3.490289112189110150e-04 9.990398714254055124e-01 -4.380882880343080210e-02 -1.331850000000000048e-02 1.241639243146480387e-01 4.351312159787301681e-02 9.913071815272977982e-01 5.403407999999999545e-01
9.917262928227267293e-01 -4.451300495459764410e-03 -1.282932034364660800e-01 -5.123029999999999945e-02 -2.198731923739081530e-03 9.986630107587010086e-01 -5.164645699652817973e-02 -1.561320000000000069e-02 1.283515707033571485e-01 5.150123169658977346e-02 9.903905782224078358e-01 5.825960999999999501e-01
9.911716900165369326e-01 -2.833089953970781283e-03 -1.325543455005335214e-01 -5.752730000000000343e-02 -5.227478109925159933e-03 9.981592314104004160e-01 -6.042203424918073801e-02 -1.811650000000000066e-02 1.324815246831510529e-01 6.058153474047704018e-02 9.893323623869362260e-01 6.258396999999999988e-01
9.898898638087589852e-01 9.804372162732690604e-04 -1.418347498730179457e-01 -7.081500000000000294e-02 -1.189690144514113888e-02 9.970262664693484433e-01 -7.613860851234753591e-02 -2.427680000000000116e-02 1.413383219961281967e-01 7.705623085161165953e-02 9.869578592940339012e-01 7.150585999999999887e-01
9.891387030757788912e-01 4.709209467404637355e-03 -1.469096641605250053e-01 -7.868319999999999481e-02 -1.699805767049030955e-02 9.964455752349160589e-01 -8.250625206727066341e-02 -2.810330000000000120e-02 1.459989455886474274e-01 8.410730610921637873e-02 9.857029313875727006e-01 7.601938999999999780e-01
9.883479795765959253e-01 7.007203750422688442e-03 -1.520498943191377905e-01 -8.655000000000000193e-02 -2.064578197077997224e-02 9.958794295624870951e-01 -8.830579517285631896e-02 -3.210210000000000147e-02 1.508045853204600939e-01 9.041604321079031725e-02 9.844200913108329676e-01 8.071437000000000195e-01
9.866478938861974468e-01 1.317050647665901977e-02 -1.623344425840654026e-01 -1.037402000000000046e-01 -2.920325231520956924e-02 9.948775440185900765e-01 -9.677728277727418171e-02 -4.112740000000000146e-02 1.602282857180502840e-01 1.002257959144579047e-01 9.819784551043715393e-01 9.011945999999999568e-01
9.857731057959971954e-01 1.421860993305612206e-02 -1.674789987457688811e-01 -1.129948000000000063e-01 -3.101383421726100834e-02 9.946933277166192244e-01 -9.809855189136333642e-02 -4.601360000000000172e-02 1.651954175407354120e-01 1.018970800740131716e-01 9.809829045890311461e-01 9.489581000000000266e-01
9.846590857396663177e-01 1.454769413168287111e-02 -1.738817111308016139e-01 -1.221245999999999998e-01 -3.187859977720229609e-02 9.947446346719436283e-01 -9.729782457807753526e-02 -5.095940000000000192e-02 1.715524402233016554e-01 1.013482924712221789e-01 9.799481026394194494e-01 9.982328999999999786e-01
9.834731503758709081e-01 1.473311928226469190e-02 -1.804535887312141151e-01 -1.313937000000000022e-01 -3.245841945096746700e-02 9.948836298852316018e-01 -9.567138544586080429e-02 -5.624740000000000295e-02 1.781207834490536601e-01 9.994747711973510362e-02 9.789195515060956643e-01 1.047907099999999980e+00
9.804849203612584496e-01 1.395617062022888252e-02 -1.960983076056390662e-01 -1.518182999999999894e-01 -3.222636483151930520e-02 9.953940459751877690e-01 -9.028928312314637994e-02 -6.658310000000000617e-02 1.939349951760191981e-01 9.484681617621612548e-02 9.764186085421111549e-01 1.147133699999999923e+00
9.787036566215431277e-01 1.487535879540462756e-02 -2.047385557640001574e-01 -1.628562000000000065e-01 -3.284111789938795600e-02 9.958707713069294698e-01 -8.463372750659051147e-02 -7.134119999999999351e-02 2.026341863821085887e-01 8.955518163260736686e-02 9.751508888126040331e-01 1.198179099999999941e+00
9.766959516978804823e-01 1.742370434379257593e-02 -2.139192194822887028e-01 -1.747681000000000096e-01 -3.517436554019981454e-02 9.962177156038443115e-01 -7.945456013283565266e-02 -7.610669999999999935e-02 2.117257233918824477e-01 8.512742004782065941e-02 9.736146775856381330e-01 1.249408800000000097e+00
9.747575851939473957e-01 2.140240949839269241e-02 -2.222376812660885603e-01 -1.877395000000000036e-01 -3.901799613528720428e-02 9.964064057151316156e-01 -7.517892409072704507e-02 -8.083500000000000407e-02 2.198300390857700348e-01 8.195249549291161451e-02 9.720897810377564507e-01 1.300248000000000070e+00
9.724132511101059029e-01 2.222947270477138720e-02 -2.322031860434775330e-01 -2.005414000000000085e-01 -4.027020200322437016e-02 9.965006582369804189e-01 -7.324444664194207366e-02 -8.535539999999999794e-02 2.297624423096462365e-01 8.057473969261469415e-02 9.699056301658290913e-01 1.352170300000000047e+00
9.701692338331106003e-01 2.202346846854029427e-02 -2.414262300585633680e-01 -2.143614000000000075e-01 -4.076208798018757240e-02 9.965060281687306842e-01 -7.289847739751753597e-02 -8.942150000000000098e-02 2.389772162930403898e-01 8.056489719472209599e-02 9.676772124178771861e-01 1.403992200000000024e+00
9.678811739979609197e-01 2.129183722953990540e-02 -2.505048715848052776e-01 -2.282501999999999864e-01 -4.045988242104113508e-02 9.966111829470273298e-01 -7.161806992234816260e-02 -9.370100000000000651e-02 2.481310761166455048e-01 7.945317924612961547e-02 9.654626670011005052e-01 1.456599600000000105e+00
9.655061132209366015e-01 2.245214348605202581e-02 -2.594105753161996542e-01 -2.437655999999999989e-01 -4.197652638308034534e-02 9.966654284685398935e-01 -6.997138649785535069e-02 -9.758600000000000607e-02 2.569745445872227418e-01 7.844695627303475971e-02 9.632290270157384260e-01 1.510666099999999901e+00
9.609355035599387307e-01 2.101878732229289434e-02 -2.759731301730427022e-01 -2.759619999999999851e-01 -3.991453920493891194e-02 9.972130258508087319e-01 -6.303182238783676394e-02 -1.064423000000000036e-01 2.738791477240725136e-01 7.158485631035817198e-02 9.590963563630929833e-01 1.620111899999999938e+00
9.586848076798465401e-01 2.212964118655037435e-02 -2.836083893413772206e-01 -2.928981999999999974e-01 -3.993134776073223313e-02 9.975672164366203853e-01 -5.714136992499064399e-02 -1.104107000000000005e-01 2.816539135000029059e-01 6.610542845975429793e-02 9.572362014353015258e-01 1.675274300000000105e+00
9.561297351572455305e-01 2.169031800836467017e-02 -2.921394524072903898e-01 -3.101187999999999723e-01 -3.888983130180247855e-02 9.978265397604049181e-01 -5.319565368612716449e-02 -1.141341000000000022e-01 2.903506682779511405e-01 6.222320029115380180e-02 9.548951580022144725e-01 1.731257400000000057e+00
9.538897679154976217e-01 2.044015449775435367e-02 -2.994603659087896053e-01 -3.283857000000000026e-01 -3.753059702298995604e-02 9.979711255969122563e-01 -5.143040697807151063e-02 -1.176366999999999968e-01 2.978015529731437572e-01 6.029786529339212220e-02 9.527215765835493899e-01 1.787649599999999950e+00
9.518353703318609416e-01 1.940715078070646277e-02 -3.059947553207144622e-01 -3.470873999999999904e-01 -3.645613994139358660e-02 9.980786168677177050e-01 -5.010014383209907690e-02 -1.209385999999999933e-01 3.044345211137898244e-01 5.884247657940998993e-02 9.507140397113208463e-01 1.844373899999999900e+00
9.498429581262725074e-01 2.002423342618540880e-02 -3.120855411159347281e-01 -3.661229999999999762e-01 -3.686838909830654487e-02 9.981586986604087386e-01 -4.816569498985005110e-02 -1.245139999999999997e-01 3.105464164713996333e-01 5.725593737118477716e-02 9.488322722444252344e-01 1.900756499999999960e+00
9.479031655053548056e-01 1.849342095925077256e-02 -3.180213549530155892e-01 -3.859483000000000219e-01 -3.518824043341447355e-02 9.982828303145930837e-01 -4.683138300633103712e-02 -1.278932999999999875e-01 3.166091858429382344e-01 5.558222809774182593e-02 9.469262058679981386e-01 1.958992400000000078e+00
9.462040889542800981e-01 1.799372971136464772e-02 -3.230697258136005501e-01 -4.069457000000000213e-01 -3.495017599077435838e-02 9.982945079665026533e-01 -4.676067324293194105e-02 -1.316518000000000133e-01 3.216773340545065474e-01 5.553648399919375311e-02 9.452192294386486671e-01 2.018393300000000057e+00
9.448198045615646690e-01 1.651144176774438366e-02 -3.271741267261167874e-01 -4.279158000000000128e-01 -3.387470047663516948e-02 9.982993866443431452e-01 -4.744301100421922240e-02 -1.344584000000000057e-01 3.258343775230984063e-01 5.590802193137044823e-02 9.437723515275580066e-01 2.077710900000000027e+00
9.440197288440886902e-01 1.677994437295800972e-02 -3.294619629334680222e-01 -4.502244000000000246e-01 -3.447332650726975950e-02 9.982553805313528761e-01 -4.793521669636147814e-02 -1.376873999999999876e-01 3.280828269090849125e-01 5.660944008771324337e-02 9.429512341475030368e-01 2.138475199999999798e+00
9.436986399842891560e-01 1.713686980652251099e-02 -3.303622323829362162e-01 -4.726670000000000038e-01 -3.452561795240922937e-02 9.983055939157429171e-01 -4.683933028492210521e-02 -1.414501999999999982e-01 3.289997851014603847e-01 5.560817250881421731e-02 9.426912922868349032e-01 2.200593200000000138e+00
9.436089028754661712e-01 1.718333743273559727e-02 -3.306160482021886504e-01 -4.946291999999999911e-01 -3.403207238577797555e-02 9.983962783457570600e-01 -4.524035183849502845e-02 -1.448007000000000044e-01 3.293084518552300000e-01 5.394074804833911413e-02 9.426804014281283672e-01 2.263470600000000221e+00
9.433694440615765231e-01 1.596648302663133956e-02 -3.313595681894706546e-01 -5.174853999999999843e-01 -3.271508151132737630e-02 9.984498704290728499e-01 -4.502865400914091848e-02 -1.481622999999999968e-01 3.301269686842615014e-01 5.331911158232111730e-02 9.424294439836929937e-01 2.327382099999999898e+00
9.429685213063284666e-01 1.354006572555564898e-02 -3.326064257429551807e-01 -5.402822000000000457e-01 -3.049615470236968773e-02 9.984844737890394839e-01 -4.581200880330517367e-02 -1.516985999999999890e-01 3.314820543765913952e-01 5.334249921378457493e-02 9.419523477352248486e-01 2.391649199999999809e+00
9.422673157543671740e-01 1.099474903642154618e-02 -3.346810737921788181e-01 -5.637501999999999791e-01 -2.815103555128966456e-02 9.985236815588161008e-01 -4.645402634452737434e-02 -1.551093000000000055e-01 3.336762275896347774e-01 5.319372951630789437e-02 9.411857427105959628e-01 2.456696700000000178e+00
9.412967442142903263e-01 1.029904852285318945e-02 -3.374231304032085377e-01 -5.876879999999999882e-01 -2.696929500520255790e-02 9.986339225444952339e-01 -4.475428326224586972e-02 -1.585901999999999867e-01 3.365012577368755031e-01 5.122712506981921821e-02 9.402886180309649733e-01 2.521055500000000116e+00
9.398170845854229016e-01 1.008670448367462655e-02 -3.415290703791042937e-01 -6.112467999999999790e-01 -2.547782404129953979e-02 9.988502060302462127e-01 -4.060968351828619233e-02 -1.623503000000000029e-01 3.407267644366622772e-01 4.686709193019985425e-02 9.389934758508865498e-01 2.586630099999999821e+00
9.379719620599102914e-01 9.572101955789807937e-03 -3.465789567380426206e-01 -6.359512000000000498e-01 -2.377727285164717153e-02 9.990412920765523452e-01 -3.675782939389933557e-02 -1.661150999999999878e-01 3.458948390554856811e-01 4.271851577665886079e-02 9.373003193878783890e-01 2.650879900000000067e+00
9.351168306383915718e-01 8.267691165782835999e-03 -3.542430780404847157e-01 -6.597112000000000531e-01 -2.191438566911255853e-02 9.991633964478596752e-01 -3.452921805547453510e-02 -1.696351000000000109e-01 3.536612401119962890e-01 4.005187238524999388e-02 9.345156899490133506e-01 2.714506899999999945e+00
9.316018229057221323e-01 5.778462021099023405e-03 -3.634345235876830782e-01 -6.845504000000000033e-01 -2.060214138355946634e-02 9.991056604882714298e-01 -3.692466588483361151e-02 -1.728003999999999929e-01 3.628961219538550664e-01 4.188661548711574562e-02 9.308877032778374305e-01 2.776667400000000008e+00
9.275818551161394421e-01 2.608933588113747717e-03 -3.736108878563823010e-01 -7.108227999999999769e-01 -1.908120480765974208e-02 9.990014649151058856e-01 -4.039778113412477445e-02 -1.760024000000000033e-01 3.731324291486731726e-01 4.460119463652645333e-02 9.267054136858191571e-01 2.839517600000000197e+00
9.231190082417937148e-01 2.395614718128614637e-03 -3.845069019573113533e-01 -7.374047000000000240e-01 -1.920321827914543700e-02 9.990199874640426358e-01 -3.987857889979892767e-02 -1.790239000000000136e-01 3.840345466626807203e-01 4.419644417219872889e-02 9.222603435538812011e-01 2.903839300000000012e+00
9.188477016123343111e-01 4.035409200478476920e-03 -3.945917088768024494e-01 -7.648013999999999646e-01 -1.928882941868074324e-02 9.992117083774739728e-01 -3.469730394464402845e-02 -1.823507000000000045e-01 3.941406377188066412e-01 3.949275014423112018e-02 9.182012199864786339e-01 2.967554300000000200e+00
9.150962021170530036e-01 8.260032276864871792e-03 -4.031509800778499408e-01 -7.930116999999999861e-01 -2.226514286507131485e-02 9.992999521899965654e-01 -3.006441361923752054e-02 -1.856701000000000046e-01 4.026204220902657727e-01 3.648804488946730262e-02 9.146395018235329299e-01 3.030786299999999933e+00
9.123095886514706043e-01 8.735781356337193881e-03 -4.094079879272980449e-01 -8.217411999999999495e-01 -2.356412855628162162e-02 9.992357236743727444e-01 -3.118814483638851151e-02 -1.889741000000000060e-01 4.088226342804021085e-01 3.810058604597553467e-02 9.118181831061419329e-01 3.092874500000000193e+00
9.099520648756505015e-01 7.368773642416507480e-03 -4.146479721445008870e-01 -8.509347000000000438e-01 -2.435322815333780186e-02 9.990661712186600374e-01 -3.568901518672910195e-02 -1.918239999999999945e-01 4.139977776595563652e-01 4.257330973149648506e-02 9.092817788735539919e-01 3.154992800000000042e+00
9.076927357868863622e-01 6.294990547564537423e-03 -4.195882153894743838e-01 -8.802976999999999608e-01 -2.658935787045942772e-02 9.987410247225297910e-01 -4.253670866707658094e-02 -1.952681000000000000e-01 4.187921960205974181e-01 4.976684267860664868e-02 9.067173528294516505e-01 3.217108500000000149e+00
9.051722563982764758e-01 5.313484782292949432e-03 -4.250117093990718464e-01 -9.093421999999999894e-01 -2.652519506572051031e-02 9.986790353662601261e-01 -4.400679886837460808e-02 -1.988916000000000017e-01 4.242164545059258218e-01 5.110725192557746821e-02 9.041174970804609634e-01 3.278842899999999894e+00
9.029109747635468697e-01 6.277754489857883397e-03 -4.297817602575830231e-01 -9.399796999999999736e-01 -2.597460568697237612e-02 9.988628628686266886e-01 -3.997875737560227516e-02 -2.026110000000000133e-01 4.290420626359935929e-01 4.726067054598401262e-02 9.020473033652924855e-01 3.341364399999999790e+00
9.005350851079798602e-01 8.267362978950561561e-03 -4.347047402535861305e-01 -9.702153999999999501e-01 -2.593578027010592230e-02 9.990602042153760021e-01 -3.472813923768611200e-02 -2.059680000000000122e-01 4.340090964384782368e-01 4.254831444964191078e-02 8.999031865407245423e-01 3.403384200000000082e+00
8.982997679576278927e-01 9.579529242220278379e-03 -4.392786809153947925e-01 -1.001135899999999967e+00 -2.627198539762875748e-02 9.991445729359799133e-01 -3.193595396798266234e-02 -2.089154000000000011e-01 4.385969786381782587e-01 4.022878312944318940e-02 8.977830112768817594e-01 3.465687799999999985e+00
8.959777695051560631e-01 1.001869184450680968e-02 -4.439858808186247785e-01 -1.032018899999999961e+00 -2.700155166779540789e-02 9.991248525681172277e-01 -3.194440777772213774e-02 -2.122822000000000042e-01 4.432772865375538274e-01 4.060978692954238939e-02 8.954641770866328399e-01 3.526055299999999892e+00
8.932673489656661747e-01 8.844112695876935396e-03 -4.494387888717144564e-01 -1.063027299999999897e+00 -2.693921313648914989e-02 9.990626892197757014e-01 -3.388247046094139403e-02 -2.151650999999999980e-01 4.487178646626827638e-01 4.237363189027326671e-02 8.926683332867755283e-01 3.587489600000000056e+00
8.903933878719335615e-01 6.170456663585063145e-03 -4.551500195523484060e-01 -1.095038699999999920e+00 -2.558798401576785689e-02 9.990055207154375783e-01 -3.651334898480471103e-02 -2.183286999999999867e-01 4.544720782489823363e-01 4.415761593021241826e-02 8.896657996390614498e-01 3.648493799999999787e+00
8.873235534990775442e-01 4.517154041077281121e-03 -4.611252614259371274e-01 -1.127695600000000020e+00 -2.420203662608106515e-02 9.990301104841800006e-01 -3.678450447018492137e-02 -2.216662000000000077e-01 4.605118595963838546e-01 4.379992768642892303e-02 8.865722720149463720e-01 3.709912999999999794e+00
8.838656643582937233e-01 4.342874589961728815e-03 -4.677206717783253254e-01 -1.160433999999999966e+00 -2.388878446407002518e-02 9.990710183950614054e-01 -3.586678379621201923e-02 -2.247943000000000024e-01 4.671304029340215269e-01 4.287469700593667804e-02 8.831483154099020183e-01 3.771205199999999813e+00
8.799256893732875229e-01 4.425660349283034450e-03 -4.750907226113949000e-01 -1.193614600000000081e+00 -2.390851704746677769e-02 9.991021826816010032e-01 -3.497443885828171312e-02 -2.285361999999999949e-01 4.745093929455302395e-01 4.213362186346527455e-02 8.792414878263712374e-01 3.832556700000000038e+00
8.760863130667997378e-01 3.022892637713008382e-03 -4.821448269733090708e-01 -1.227597599999999956e+00 -2.317427929946620779e-02 9.990886253625772540e-01 -3.584510357170128669e-02 -2.320851999999999915e-01 4.815970565067561049e-01 4.257676351270163473e-02 8.753579235791562052e-01 3.892106300000000019e+00
8.719792789927235388e-01 1.872236790856155950e-03 -4.895392034727443220e-01 -1.262206200000000056e+00 -2.291005169806290681e-02 9.990530943525720575e-01 -3.698708147100510796e-02 -2.350983000000000100e-01 4.890064074616222167e-01 4.346733709292126963e-02 8.711964899306747778e-01 3.952925000000000022e+00
8.677456118948939645e-01 4.957660416964656397e-04 -4.970083573273068600e-01 -1.297429200000000060e+00 -2.208376636530384740e-02 9.990503136187981470e-01 -3.756032642701077895e-02 -2.386748999999999954e-01 4.965177341246520548e-01 4.356862488319812599e-02 8.669324740863664225e-01 4.013226500000000030e+00
8.632816186698201166e-01 -8.534026929729546934e-04 -5.047218229586065696e-01 -1.332790499999999989e+00 -2.151667535034079010e-02 9.990272436873327555e-01 -3.849154520616921565e-02 -2.421819000000000055e-01 5.042637004075183338e-01 4.408897905751683194e-02 8.624234936369616911e-01 4.073230699999999871e+00
8.585687510934648659e-01 -3.335134808049873556e-03 -5.126876012949992401e-01 -1.368922799999999995e+00 -1.965491843229802069e-02 9.990296451183766635e-01 -3.941385994888334243e-02 -2.458597999999999895e-01 5.123215629145698724e-01 4.391634149678924626e-02 8.576700829120191827e-01 4.133315099999999909e+00
8.537180250095992573e-01 -5.515557972258871428e-03 -5.207063590873113323e-01 -1.404264200000000073e+00 -1.739091140080548450e-02 9.990841171979788493e-01 -3.909581772241734615e-02 -2.494271999999999878e-01 5.204450883372411241e-01 4.243236244884086156e-02 8.528401987726959010e-01 4.191621300000000439e+00
8.489297201274816906e-01 -5.459584849896786593e-03 -5.284775522361779831e-01 -1.441310199999999986e+00 -1.699179714067025615e-02 9.991477545281758355e-01 -3.761706329891235240e-02 -2.527688000000000157e-01 5.282325331842083749e-01 4.091402637935852987e-02 8.481134554593644514e-01 4.249760600000000110e+00
8.439910831429071614e-01 -5.826989726098877505e-03 -5.363255520353235051e-01 -1.479531600000000058e+00 -1.655553168991567847e-02 9.991815056071814416e-01 -3.690844379041627321e-02 -2.561118000000000006e-01 5.361016377010302536e-01 4.002955212462484813e-02 8.432038122606985153e-01 4.308629999999999960e+00
8.388458579951614258e-01 -7.907773712386623535e-03 -5.443115777193016092e-01 -1.517780300000000082e+00 -1.491860744890890871e-02 9.991849809413367867e-01 -3.750745276669590483e-02 -2.596725999999999757e-01 5.441645538586162845e-01 3.958334215518254789e-02 8.380442096618047065e-01 4.368129299999999660e+00
8.335199596882416628e-01 -9.815506882539473676e-03 -5.524021475573306361e-01 -1.557410100000000019e+00 -1.411050203669100486e-02 9.991378271374294906e-01 -3.904479626491322991e-02 -2.633641999999999928e-01 5.523091258829466721e-01 4.033928863694628136e-02 8.326628196687302363e-01 4.427540300000000428e+00
8.287920551164893457e-01 -8.622475623251557239e-03 -5.594902879317142919e-01 -1.597701299999999991e+00 -1.604874757966872484e-02 9.991036315925785338e-01 -3.917104848794688426e-02 -2.666358999999999813e-01 5.593265299240777200e-01 4.144377218168541349e-02 8.279107721671716824e-01 4.485798800000000419e+00
8.244388906730210076e-01 -8.131968094358218990e-03 -5.658925575060613777e-01 -1.638691899999999979e+00 -1.641304515758773910e-02 9.991326496474441932e-01 -3.826957482299185587e-02 -2.700530999999999904e-01 5.657129373582450160e-01 4.083894591428538501e-02 8.235903429509822127e-01 4.544741199999999814e+00
8.208192454950659078e-01 -6.473139052892999158e-03 -5.711513500778165886e-01 -1.681253300000000062e+00 -1.878710953883095877e-02 9.990887924461934189e-01 -3.832269984725661383e-02 -2.736160000000000259e-01 5.708789808182525016e-01 4.218629255112217591e-02 8.199496972258142335e-01 4.602793700000000321e+00
8.166318314065874606e-01 -7.837285926385075679e-03 -5.771057345780156167e-01 -1.723098800000000042e+00 -1.845233850866907777e-02 9.990421150626085378e-01 -3.967825014779741144e-02 -2.768500999999999879e-01 5.768639034790480347e-01 4.305147245493216868e-02 8.157049758229857339e-01 4.662115100000000290e+00
8.084235309650728007e-01 -1.103667767247902207e-02 -5.884977368927748476e-01 -1.809517400000000054e+00 -1.886462651549739716e-02 9.988247210849231505e-01 -4.464641548944650595e-02 -2.842180000000000262e-01 5.882988360080230184e-01 4.719500286660971433e-02 8.072652050324142792e-01 4.779684099999999880e+00
8.005970194907190418e-01 -1.227883889367353647e-02 -5.990773259755376445e-01 -1.897582899999999961e+00 -1.777962422234883461e-02 9.988630018419470957e-01 -4.423334165317403810e-02 -2.917646999999999879e-01 5.989393102352603693e-01 4.606445122562044525e-02 7.994684290127991311e-01 4.894984199999999674e+00
7.962267666671930533e-01 -1.197087516293855562e-02 -6.048798510369977066e-01 -1.941309100000000010e+00 -1.749426040891020537e-02 9.989305816616893541e-01 -4.279770874455978563e-02 -2.961387999999999798e-01 6.047453074604651757e-01 4.465860688458914846e-02 7.951658455540423498e-01 4.952846100000000362e+00
7.919505471412053854e-01 -1.327568635144357051e-02 -6.104408956112323814e-01 -1.986035100000000053e+00 -1.667394902147701155e-02 9.989205340671711841e-01 -4.335603813757421543e-02 -2.998742999999999825e-01 6.103575266241700881e-01 4.451429849897332869e-02 7.908743053876321483e-01 5.010631100000000338e+00
7.882650140583653542e-01 -1.425558090162642143e-02 -6.151707454233515948e-01 -2.031804600000000072e+00 -1.577071468489577716e-02 9.989351644460360280e-01 -4.335691169235391523e-02 -3.039468000000000170e-01 6.151337677041414098e-01 4.387841891326699911e-02 7.872008207463832008e-01 5.067896799999999757e+00
7.847136064894649765e-01 -1.467585608291924193e-02 -6.196847384263474146e-01 -2.077367300000000139e+00 -1.522510258648818171e-02 9.989617273279599585e-01 -4.293790382831458308e-02 -3.080268999999999924e-01 6.196714871942455849e-01 4.312872108203677501e-02 7.836754183820620057e-01 5.125082500000000429e+00
7.815420512518325147e-01 -1.613422125684534081e-02 -6.236438960091833517e-01 -2.124270899999999962e+00 -1.358251471566176288e-02 9.989884930096784021e-01 -4.286614198001142267e-02 -3.119354999999999767e-01 6.237046876680315544e-01 4.197234492718778659e-02 7.805323727061141970e-01 5.183182699999999699e+00
7.781508432127163255e-01 -1.944380371781270073e-02 -6.277763962624922645e-01 -2.170920800000000206e+00 -1.067841245931825181e-02 9.989666587874070913e-01 -4.417676016270150746e-02 -3.159455999999999931e-01 6.279866532934337275e-01 4.107983846252741961e-02 7.771391189209337913e-01 5.240802300000000358e+00
7.747458330449590314e-01 -2.447344901374255005e-02 -6.317989747323465854e-01 -2.217948400000000042e+00 -7.131286208028745841e-03 9.988488081819197895e-01 -4.743630624930259693e-02 -3.199238999999999833e-01 6.322325829443559142e-01 4.125661991644722498e-02 7.736794248114513550e-01 5.298619699999999710e+00
7.705239594872217435e-01 -2.869838019373494725e-02 -6.367646589049914541e-01 -2.265204400000000007e+00 -2.935517236918041076e-03 9.988155730541468103e-01 -4.856782641902018111e-02 -3.243868999999999780e-01 6.374042756325736248e-01 3.929190754814735481e-02 7.695270855574491975e-01 5.356203599999999732e+00
7.652256411632570865e-01 -3.332853886300671253e-02 -6.428988463230737027e-01 -2.313004299999999791e+00 2.779578674857199200e-03 9.988207015891725771e-01 -4.847143508607140022e-02 -3.290752000000000121e-01 6.437561588432939574e-01 3.530459706851227925e-02 7.644158510765967085e-01 5.413159799999999855e+00
7.582052371679530722e-01 -3.782927500036322582e-02 -6.509176324881934539e-01 -2.362000899999999959e+00 7.872501409995236177e-03 9.987738533271713903e-01 -4.887549111306732641e-02 -3.337212999999999985e-01 6.519684363929266757e-01 3.193330335152932964e-02 7.575733773598577470e-01 5.470675499999999580e+00
7.505981015697444914e-01 -3.924210553957580006e-02 -6.595927130227533519e-01 -2.412469399999999986e+00 1.050668202601955439e-02 9.988175102624546886e-01 -4.746778724477555139e-02 -3.382450000000000179e-01 6.606754873254340188e-01 2.869910008923542283e-02 7.501228313425530869e-01 5.528223999999999805e+00
7.431949347455398813e-01 -3.817339109478176673e-02 -6.679850905378781345e-01 -2.463893899999999970e+00 1.113791879993644186e-02 9.989386129608657239e-01 -4.469445492035442613e-02 -3.427701000000000220e-01 6.689822387278892002e-01 2.577672881004119954e-02 7.428312894045826509e-01 5.585186499999999832e+00
7.352112961215925280e-01 -3.862212330992674525e-02 -6.767367890444856426e-01 -2.515419200000000188e+00 1.120341420130973112e-02 9.989314177794388350e-01 -4.483866727941514946e-02 -3.468262999999999763e-01 6.777454046804313181e-01 2.538413213393391626e-02 7.348583620469765210e-01 5.641505200000000109e+00
7.274401667913938940e-01 -3.964191630457401805e-02 -6.850250522500692663e-01 -2.568853600000000181e+00 1.019477644736500183e-02 9.988439747791914014e-01 -4.697638322066098604e-02 -3.508150999999999908e-01 6.860953798647074775e-01 2.718883077676007010e-02 7.270033680866240244e-01 5.697245599999999577e+00
7.190120572641183205e-01 -4.155749577907900255e-02 -6.937540169637881338e-01 -2.622422499999999879e+00 1.063690623692814530e-02 9.987517628899059696e-01 -4.880340510673109033e-02 -3.552620000000000222e-01 6.949161947562647601e-01 2.771084027734882493e-02 7.185566029176798653e-01 5.752491499999999647e+00
7.107079122717251396e-01 -4.274441215810133310e-02 -7.021874241708008224e-01 -2.677255399999999952e+00 1.085296143594705401e-02 9.986997721015073992e-01 -4.980942112158039808e-02 -3.598716000000000137e-01 7.034034949177006002e-01 2.777913666144887078e-02 7.102477334732640868e-01 5.807192800000000155e+00
7.021490643866200587e-01 -4.450351291665592679e-02 -7.106378323162025890e-01 -2.732451399999999975e+00 1.402430223607858267e-02 9.987155967711822679e-01 -4.868753138918048562e-02 -3.641989999999999950e-01 7.118918529719140409e-01 2.421970487141312037e-02 7.018713525769210149e-01 5.861640500000000031e+00
6.930687382801544727e-01 -4.475509085073386961e-02 -7.194808585790850586e-01 -2.788693700000000053e+00 1.552267363902700217e-02 9.987660167481324791e-01 -4.717510352045363453e-02 -3.692011000000000043e-01 7.207043572935099007e-01 2.152732291790639130e-02 6.929082217336847149e-01 5.916166300000000433e+00
6.843196527866357570e-01 -4.559275951688475381e-02 -7.277553937207292822e-01 -2.845827100000000165e+00 1.589785979827701076e-02 9.987389797302462791e-01 -4.762046221133389018e-02 -3.737395000000000023e-01 7.290088276995090322e-01 2.101786494918708031e-02 6.841815391320971163e-01 5.969400399999999607e+00
6.754121195749621664e-01 -4.701086055115230589e-02 -7.359405191464164497e-01 -2.903586100000000059e+00 1.568548221090620975e-02 9.986560303889113754e-01 -4.939735433880126925e-02 -3.778886000000000189e-01 7.372736495895321207e-01 2.181998987400901591e-02 6.752417742281868751e-01 6.022305499999999867e+00
6.669516750823366591e-01 -4.706036101446954556e-02 -7.436133306538101895e-01 -2.963059700000000074e+00 1.425228113251211792e-02 9.986265973929818740e-01 -5.041618253928974863e-02 -3.825555999999999957e-01 7.449646539181471461e-01 2.302697115347435847e-02 6.667063994083992640e-01 6.074689399999999573e+00
6.579836456476303441e-01 -4.807757719433945059e-02 -7.514958873017043572e-01 -3.022154800000000030e+00 1.321289017877920469e-02 9.985432770177269379e-01 -5.231389352574088852e-02 -3.873039999999999816e-01 7.529162912259086404e-01 2.449225375136730026e-02 6.576603894965861175e-01 6.126614599999999911e+00
6.495597283415929235e-01 -4.745352550009553083e-02 -7.588282560859263004e-01 -3.082443699999999787e+00 1.195316378984008152e-02 9.985644037225656078e-01 -5.221353745543558939e-02 -3.923471000000000042e-01 7.602166014973690267e-01 2.484541277195254777e-02 6.491944425763224169e-01 6.177905100000000260e+00
6.422764516309115157e-01 -4.599130876135676393e-02 -7.650919939450568918e-01 -3.143824099999999788e+00 1.138956215971577077e-02 9.986606138214630946e-01 -5.047035045993440716e-02 -3.970461000000000129e-01 7.663884377743543919e-01 2.370185478303711221e-02 6.419400162987415337e-01 6.228326799999999608e+00
6.349102330254658977e-01 -4.459060226630848223e-02 -7.712980449794208937e-01 -3.204655400000000043e+00 1.191585763924809735e-02 9.987794720314242536e-01 -4.793306359237556324e-02 -4.020635000000000181e-01 7.724940183174688890e-01 2.124251487365449650e-02 6.346666425971769776e-01 6.278540099999999846e+00
6.281981103838707448e-01 -4.526674686370883716e-02 -7.767355120879378960e-01 -3.266937700000000167e+00 1.247065962078197296e-02 9.987636959148669114e-01 -4.812029063812558322e-02 -4.067751000000000006e-01 7.779534798165997911e-01 2.054267146337070832e-02 6.279859726860077540e-01 6.328692000000000206e+00
6.214505958846294753e-01 -4.831068849443023727e-02 -7.819624250894881001e-01 -3.330055999999999905e+00 1.444207033098401927e-02 9.986337879684386021e-01 -5.021936013493787793e-02 -4.119696999999999942e-01 7.833202304799704585e-01 1.991569494147273772e-02 6.212992689644856181e-01 6.378805200000000397e+00
6.156338786004773578e-01 -5.200140714433186540e-02 -7.863146833007393921e-01 -3.392471599999999921e+00 1.678923347979048922e-02 9.984593938367597454e-01 -5.288629783120905176e-02 -4.162924000000000069e-01 7.878534439592771443e-01 1.935697585212361321e-02 6.155584930186298598e-01 6.427250899999999767e+00
6.103001954785157723e-01 -5.496359281117250972e-02 -7.902611434609276841e-01 -3.455085299999999915e+00 1.791033617879740636e-02 9.982924342137176055e-01 -5.560068029811140317e-02 -4.213438999999999934e-01 7.919677337220549784e-01 1.977926330624977386e-02 6.102424841701977742e-01 6.475068600000000174e+00
6.060968624459952547e-01 -5.793418282167564493e-02 -7.932781503318396821e-01 -3.517863999999999880e+00 1.853342247644138366e-02 9.981017049006513098e-01 -5.873243503995857762e-02 -4.262817999999999885e-01 7.951748899358114242e-01 2.089538550010216003e-02 6.060200304283449579e-01 6.522201100000000196e+00
6.018479032921307814e-01 -5.998887327789925727e-02 -7.963544665447127580e-01 -3.580516300000000207e+00 2.258383131247983233e-02 9.980544168548829420e-01 -5.811498567244813285e-02 -4.323967000000000227e-01 7.982913452281160671e-01 1.699164733942946925e-02 6.020317367502954209e-01 6.569277800000000056e+00
5.981485509600202866e-01 -5.803422232292004129e-02 -7.992811395396502983e-01 -3.643480999999999970e+00 2.509748914700891259e-02 9.982417506257214024e-01 -5.369844826632075296e-02 -4.386020999999999948e-01 8.009921516612655834e-01 1.205969929429608414e-02 5.985533699094738314e-01 6.616204699999999939e+00
5.943748051599194726e-01 -5.699878766292987980e-02 -8.021656494740123655e-01 -3.706379399999999880e+00 2.742155359259718789e-02 9.983414649476928249e-01 -5.061993445929169333e-02 -4.434347000000000150e-01 8.037205045223594357e-01 8.090585334257233835e-03 5.949520090219655444e-01 6.663310100000000347e+00
5.913872607047486740e-01 -5.665473226030401377e-02 -8.043950206140305648e-01 -3.769543899999999947e+00 2.875874020704266912e-02 9.983761164601621108e-01 -4.917382376456763682e-02 -4.485205999999999915e-01 8.058747066001247239e-01 5.947385512828071152e-03 5.920562353929940125e-01 6.709620499999999765e+00
5.887574884410736731e-01 -5.703291048326250556e-02 -8.062951487677245677e-01 -3.832032700000000069e+00 3.083136654309494296e-02 9.983662910883430719e-01 -4.810587963639521847e-02 -4.536510999999999738e-01 8.077215155247781109e-01 3.463515600395646737e-03 5.895540326535316789e-01 6.755331499999999600e+00
5.868303935529882720e-01 -5.675919815438916494e-02 -8.077180712521637718e-01 -3.894744199999999879e+00 3.288814278395602031e-02 9.983877261646683099e-01 -4.626357431030988371e-02 -4.585767000000000038e-01 8.090416919211683711e-01 5.845242631643265963e-04 5.877509668768897688e-01 6.800144200000000083e+00
5.843854706001773147e-01 -5.617889732946723669e-02 -8.095292170430012924e-01 -3.956821399999999933e+00 3.399557769265637575e-02 9.984197770895876234e-01 -4.474650169254294763e-02 -4.630813999999999764e-01 8.107637895520198867e-01 -1.371207943152288194e-03 5.853718453598744098e-01 6.845130000000000159e+00
5.818840507239946280e-01 -5.745566388057454787e-02 -8.112396675465752827e-01 -4.017785499999999566e+00 3.652402204829829913e-02 9.983410888138927186e-01 -4.450916983394245796e-02 -4.680122999999999922e-01 8.124511968890507640e-01 -3.730559466588630191e-03 5.830172686976049512e-01 6.889282200000000245e+00
5.798326962546958008e-01 -5.820027183334069987e-02 -8.126541531995851164e-01 -4.079631299999999960e+00 3.907198523513877308e-02 9.982840151074676704e-01 -4.361656968055144246e-02 -4.725327999999999751e-01 8.137981471616869689e-01 -6.461697875833428972e-03 5.811117122694797743e-01 6.933667200000000364e+00
5.773434087254724068e-01 -5.790595897812007148e-02 -8.144455097279843514e-01 -4.139940700000000362e+00 4.210363905558182213e-02 9.982663425925282219e-01 -4.112897792572038635e-02 -4.774679000000000006e-01 8.154151531456410584e-01 -1.054557545899630251e-02 5.787805446442625401e-01 6.976978299999999855e+00
5.758536363894309895e-01 -5.753672995869180129e-02 -8.155256673843745974e-01 -4.201619100000000273e+00 4.381148673558660223e-02 9.982589128712255899e-01 -3.949299308961416038e-02 -4.816179999999999906e-01 8.163780638203640416e-01 -1.298720827658395548e-02 5.773717947164498376e-01 7.019980000000000331e+00
5.742211333965183684e-01 -5.967368265032666624e-02 -8.165225909671856019e-01 -4.261795000000000222e+00 4.662705042233241531e-02 9.981050057153103561e-01 -4.015365157683333658e-02 -4.857643999999999851e-01 8.173714015854305348e-01 -1.501496470154233855e-02 5.759153954404070408e-01 7.062411299999999947e+00
5.726217016260749526e-01 -6.063869219668091559e-02 -8.175740552607664302e-01 -4.320173300000000438e+00 4.766098612647563793e-02 9.980363981597296652e-01 -4.064207610107514745e-02 -4.903894999999999782e-01 8.184331476842261477e-01 -1.569385093053572364e-02 5.743874004664968336e-01 7.104073999999999778e+00
5.727041256573873751e-01 -6.140095131943559825e-02 -8.174594226211325809e-01 -4.379946699999999637e+00 4.744796721247633575e-02 9.980020587819561362e-01 -4.172027174385167098e-02 -4.946807999999999761e-01 8.183878511209773388e-01 -1.489341613080617625e-02 5.744732468040121276e-01 7.145041899999999835e+00
5.728534361344009840e-01 -6.230675151951974022e-02 -8.172862469319390755e-01 -4.438051699999999933e+00 4.684190019447051490e-02 9.979656299039914025e-01 -4.324855970435217967e-02 -4.988138999999999768e-01 8.183182614943778077e-01 -1.350815477459733210e-02 5.746066068706525698e-01 7.186021799999999793e+00
5.756417351118832126e-01 -6.116467044779379941e-02 -8.154112311505117283e-01 -4.495849100000000043e+00 4.440075107436782659e-02 9.980653817571920605e-01 -4.352088052765593074e-02 -5.032826000000000244e-01 8.164956620224093076e-01 -1.115243591702084688e-02 5.772438454169124267e-01 7.225257899999999900e+00
5.795158554480281943e-01 -6.008067518478284880e-02 -8.127433086489735947e-01 -4.552221300000000248e+00 4.154467249152599823e-02 9.981600795373071211e-01 -4.416441786833090466e-02 -5.077631999999999701e-01 8.139013536491458423e-01 -8.171174176170862419e-03 5.809456243407560283e-01 7.264856299999999933e+00
5.839897737625722174e-01 -6.108922927716079615e-02 -8.094591096572218980e-01 -4.607884900000000172e+00 4.082916015040980590e-02 9.981126672192253135e-01 -4.587028687435915075e-02 -5.117313999999999474e-01 8.107335714167460683e-01 -6.261757169221546238e-03 5.853818126445351488e-01 7.304636499999999977e+00
5.891313439425324150e-01 -6.017559548220778598e-02 -8.057934954396364091e-01 -4.663359200000000371e+00 4.001135756112976505e-02 9.981723237540114368e-01 -4.528910859834184288e-02 -5.164009000000000515e-01 8.070460648876129905e-01 -5.559658251967452419e-03 5.904623098467337572e-01 7.345061799999999863e+00
