1.000000000000000000e+00 0.000000000000000000e+00 0.000000000000000000e+00 0.000000000000000000e+00 0.000000000000000000e+00 1.000000000000000000e+00 0.000000000000000000e+00 0.000000000000000000e+00 0.000000000000000000e+00 0.000000000000000000e+00 1.000000000000000000e+00 0.000000000000000000e+00
9.999538984685514276e-01 -6.817623843124166055e-03 -6.761726309139690430e-03 2.025999999999999915e-04 6.786182557700365034e-03 9.999661062385524213e-01 -4.661984599053163938e-03 -2.495999999999999955e-04 6.793280786159976159e-03 4.615883365284529499e-03 9.999662719096672481e-01 4.939849999999999797e-02
9.997761772108413325e-01 -8.674317442382513399e-03 -1.929641672915523992e-02 -3.643000000000000188e-04 8.555838123271576612e-03 9.999440899067343347e-01 -6.214072304153996432e-03 -7.194000000000000308e-04 1.934924070047237127e-02 6.047584435265004540e-03 9.997944956873955347e-01 6.589970000000000550e-02
9.857038394261583569e-01 -2.501687009472908186e-04 -1.684870272636779520e-01 -2.289199999999999915e-02 -4.578220874397048723e-04 9.999912290857857489e-01 -4.163189935120344305e-03 -3.372500000000000064e-03 1.684865909782334581e-01 4.180809385836829241e-03 9.856950793695851143e-01 2.197429999999999939e-01
9.832773015395389615e-01 2.162245492209698052e-04 -1.821145285913973733e-01 -2.735409999999999925e-02 -9.990598990170808900e-04 9.999906520588696113e-01 -4.206860372651546540e-03 -3.751599999999999900e-03 1.821119165690173736e-01 4.318453637718495941e-03 9.832683259424856992e-01 2.418991000000000058e-01
9.809075443489684298e-01 -1.327870195469189971e-03 -1.944701164704246144e-01 -3.210740000000000122e-02 3.389112740227919873e-04 9.999868425195127530e-01 -5.118586426313526637e-03 -4.004399999999999973e-03 1.944743545520202233e-01 4.954951927040810410e-03 9.808950881072735495e-01 2.645897999999999861e-01
9.772902067582084351e-01 -4.310753621154298637e-03 -2.118614386284481954e-01 -4.270469999999999822e-02 2.450464096792609806e-03 9.999561135533885370e-01 -9.042466085805151918e-03 -4.876000000000000126e-03 2.118911206261563374e-01 8.317954701746762061e-03 9.772578803107045964e-01 3.122172999999999754e-01
9.719243958059325950e-01 -8.539660887438797060e-03 -2.351383486996547201e-01 -6.112770000000000009e-02 5.121070569170727178e-03 9.998721868296187587e-01 -1.514544950740831682e-02 -6.403700000000000017e-03 2.352376319246103353e-01 1.351607178448788367e-02 9.718439032735751715e-01 3.883160999999999974e-01
9.700184110518328406e-01 -1.483710881340613401e-02 -2.425781161245522954e-01 -6.776250000000000329e-02 1.113325486427850682e-02 9.997996856371970109e-01 -1.663247533860061009e-02 -6.939100000000000129e-03 2.427763020902259650e-01 1.343312330849697096e-02 9.699892877457844120e-01 4.151973999999999942e-01
9.677984754424752145e-01 -1.489674440864538138e-02 -2.512850929467246863e-01 -7.511579999999999646e-02 1.041517594138077069e-02 9.997622733017786922e-01 -1.915518187252719662e-02 -7.657399999999999970e-03 2.515107056197223856e-01 1.592117735856880129e-02 9.677235561203345604e-01 4.422291999999999890e-01
9.632992165849226796e-01 -8.527131803003139970e-03 -2.682944415191792498e-01 -9.263269999999999837e-02 1.410334256886363376e-03 9.996422928481843995e-01 -2.670762637353777530e-02 -8.870400000000000507e-03 2.684262101288880098e-01 2.534905072066506726e-02 9.629666636719067530e-01 4.990724000000000271e-01
9.608512436674728763e-01 -1.026044899798424920e-02 -2.768747202780177386e-01 -1.010332000000000036e-01 2.560942039970707379e-03 9.996002629065896539e-01 -2.815592251986998376e-02 -1.007070000000000014e-02 2.770529355891012679e-01 2.634459305885697086e-02 9.604934321993173763e-01 5.285085999999999951e-01
9.582721704848670141e-01 -1.400341741897173642e-02 -2.855141880446782632e-01 -1.100339000000000039e-01 5.520293524068349382e-03 9.995196761211013747e-01 -3.049497345755098829e-02 -1.108869999999999995e-02 2.858040826049025873e-01 2.764636228075312632e-02 9.578891924533919910e-01 5.588556000000000079e-01
9.510226133387537084e-01 -1.369752070776481326e-02 -3.088176919232243911e-01 -1.406024999999999914e-01 1.015019250803415179e-03 9.991507653587438087e-01 -4.119123473455248152e-02 -1.552530000000000056e-02 3.091196510321653212e-01 3.886033980161339441e-02 9.502288752380951831e-01 6.514552000000000120e-01
9.492292228232800388e-01 -1.469557655768164058e-02 -3.142418217996277296e-01 -1.516703000000000079e-01 -6.693105143922260802e-04 9.988116954720723806e-01 -4.873139656976034628e-02 -1.729769999999999919e-02 3.145845427889726875e-01 4.646759104839892629e-02 9.480914135358529116e-01 6.834396000000000360e-01
9.480041572668419514e-01 -1.516913094018531444e-02 -3.178962334965677039e-01 -1.633449999999999902e-01 -3.100183703892132360e-03 9.983759320652267899e-01 -5.688485856439971095e-02 -1.921399999999999844e-02 3.182428422852380256e-01 5.491261912720198785e-02 9.464175070204502438e-01 7.161163999999999863e-01
9.466327877134376179e-01 -1.522511138846923198e-02 -3.219542843465423854e-01 -1.754200999999999955e-01 -6.217208913685883138e-03 9.978353282475974639e-01 -6.546757987227601328e-02 -2.151080000000000006e-02 3.222541101975413547e-01 6.397541468578347990e-02 9.444889807597400821e-01 7.495983000000000507e-01
9.437817077213592754e-01 -1.436513047429776625e-02 -3.302570683528379680e-01 -2.000757999999999981e-01 -1.328046721354893094e-02 9.966011275531114766e-01 -8.130081026937305277e-02 -2.683069999999999899e-02 3.303024634500090206e-01 8.111618572346177003e-02 9.403831384348255717e-01 8.182979000000000225e-01
9.403840296891340378e-01 -1.095421093667425967e-02 -3.399380560754867164e-01 -2.265562999999999882e-01 -2.220783709592259736e-02 9.953706889363662658e-01 -9.350937695153657692e-02 -3.350999999999999812e-02 3.393886985112304910e-01 9.548401368343520379e-02 9.357874301644336645e-01 8.883229999999999738e-01
9.385954439882501221e-01 -9.672524336920141144e-03 -3.448840889305439528e-01 -2.403334000000000026e-01 -2.587797277065975732e-02 9.948176581232247573e-01 -9.832678989727884622e-02 -3.758449999999999985e-02 3.440478499420984160e-01 1.012139780819542451e-01 9.334810161921049954e-01 9.238661999999999708e-01
9.370145845114175032e-01 -7.078975898079081092e-03 -3.492184939448798042e-01 -2.548432999999999948e-01 -3.040611152328018610e-02 9.943461111470275338e-01 -1.017412385850351847e-01 -4.130770000000000275e-02 3.479642751704972170e-01 1.059514008733137141e-01 9.315015640663482088e-01 9.598594000000000293e-01
9.350156175988589835e-01 -6.269646519560957004e-03 -3.545511054541279350e-01 -2.694599999999999773e-01 -3.242750772870030274e-02 9.941425798969605321e-01 -1.030969814219634129e-01 -4.544669999999999960e-02 3.531207323122355080e-01 1.078944964691681829e-01 9.293355293127102401e-01 9.966833999999999971e-01
9.326926421092679442e-01 -5.595708265733679437e-03 -3.606287889287788651e-01 -2.845500000000000251e-01 -3.365919410106785192e-02 9.941655745547500755e-01 -1.024786271506909208e-01 -4.945510000000000184e-02 3.590981676473712914e-01 1.077195359218952875e-01 9.270625693948990609e-01 1.034931100000000104e+00
9.276642561946326637e-01 -4.861730518636222381e-03 -3.733837052620576080e-01 -3.159348000000000156e-01 -3.450027030528159122e-02 9.945225088479233699e-01 -9.866463775687160653e-02 -5.855509999999999882e-02 3.718181802006478853e-01 1.044094965565697392e-01 9.224152524221843619e-01 1.111057299999999914e+00
9.241916336916780050e-01 -4.790620960335483652e-03 -3.818990366119317525e-01 -3.321081000000000172e-01 -3.429511778675763123e-02 9.948410380042131962e-01 -9.547331563684229028e-02 -6.290030000000000621e-02 3.803862104628657481e-01 1.013329119956299790e-01 9.192594692665321254e-01 1.150227799999999911e+00
9.207957467297379628e-01 -3.092172197870876604e-03 -3.900328592253773374e-01 -3.491485999999999756e-01 -3.473116421382281549e-02 9.953463914230055165e-01 -8.988496711660749761e-02 -6.700359999999999649e-02 3.884957387627009373e-01 9.631199069845795824e-02 9.164033290047146618e-01 1.189377700000000093e+00
9.170699233480859025e-01 2.023490809551983793e-04 -3.987263657512321036e-01 -3.663317999999999852e-01 -3.699072537208225597e-02 9.957304085731877308e-01 -8.457327993592170245e-02 -7.118589999999999640e-02 3.970068537529082286e-01 9.230878884224416603e-02 9.131618945048545211e-01 1.227636500000000019e+00
9.135328441939469801e-01 4.422150580375702050e-03 -4.067409337196862262e-01 -3.849114000000000146e-01 -4.058377559172539339e-02 9.959424032156226625e-01 -8.032239187057704788e-02 -7.523390000000000633e-02 4.047353453031229398e-01 8.988422587603761560e-02 9.100055638297094296e-01 1.266901499999999903e+00
9.093622942590091629e-01 5.785873484743783712e-03 -4.159648319846400710e-01 -4.037768999999999942e-01 -4.227431209446666505e-02 9.960123389349651024e-01 -7.856400719311500136e-02 -7.901510000000000478e-02 4.138515438136373126e-01 8.902777295495341303e-02 9.059806594656147904e-01 1.306633799999999956e+00
9.053761789001149030e-01 5.204352127036813991e-03 -4.245784843808796394e-01 -4.224754000000000009e-01 -4.228378193724469797e-02 9.960596272154963460e-01 -7.795704468750611071e-02 -8.265200000000000324e-02 4.224997709648025124e-01 8.853323528632675576e-02 9.020287189355032931e-01 1.345161899999999910e+00
9.012250678408595395e-01 4.852337896839600817e-03 -4.333241649298744114e-01 -4.419492999999999894e-01 -4.222553420128687118e-02 9.961623424387339165e-01 -7.666545355237115722e-02 -8.631379999999999608e-02 4.312892084862013919e-01 8.739017292527644087e-02 8.979713672046766293e-01 1.385122100000000023e+00
8.972767891996082934e-01 6.081518419195120623e-03 -4.414265269525142199e-01 -4.627062000000000119e-01 -4.352254234909155861e-02 9.962527005084403919e-01 -7.474185599188304385e-02 -8.987639999999999518e-02 4.393178255786046038e-01 8.627613727651953224e-02 8.941791074865984568e-01 1.425377099999999952e+00
8.895504985250602958e-01 5.551472563121093162e-03 -4.568031214059264933e-01 -5.049774999999999681e-01 -4.118100861886631048e-02 9.968296594475151151e-01 -6.807903182980666601e-02 -9.727589999999999848e-02 4.549769610683046528e-01 7.937134998305046818e-02 8.869589357455724965e-01 1.506206300000000109e+00
8.857926969812571771e-01 8.193191777585963342e-03 -4.640088033466243100e-01 -5.268428000000000555e-01 -4.162463894582382057e-02 9.972169151000916942e-01 -6.185316217370304820e-02 -1.010052000000000033e-01 4.622106526328665366e-01 7.410327824565050847e-02 8.836684993513954645e-01 1.546985999999999972e+00
8.817488853204166199e-01 8.327855530628393982e-03 -4.716455767400600241e-01 -5.493234999999999646e-01 -4.043453050276098193e-02 9.974985471954779248e-01 -5.798014389368394417e-02 -1.041239999999999943e-01 4.699829273273915531e-01 7.019469470816142032e-02 8.798799650268234185e-01 1.588281199999999949e+00
8.779587845413303615e-01 7.521326087879118966e-03 -4.786771378503359986e-01 -5.722968999999999973e-01 -3.912958289372137077e-02 9.976584830748158605e-01 -5.609301998841529496e-02 -1.072773999999999950e-01 4.771344133357739437e-01 6.797779639512566141e-02 8.761973355403391839e-01 1.629934200000000111e+00
8.747046149449425601e-01 6.703738923129216182e-03 -4.846100457878172452e-01 -5.960952999999999946e-01 -3.802628221811243936e-02 9.977711491045615499e-01 -5.483371112036110329e-02 -1.101604000000000055e-01 4.831623313697874234e-01 6.639121853839760612e-02 8.730099470488857927e-01 1.672008299999999892e+00
8.714842517625703833e-01 7.542659119823181060e-03 -4.903654833114122757e-01 -6.203594000000000053e-01 -3.853642007025359639e-02 9.978432740917519972e-01 -5.313891867569024013e-02 -1.130479000000000067e-01 4.889070906194772359e-01 6.520666103439749783e-02 8.698953661784522007e-01 1.714081600000000094e+00
8.686242692081864725e-01 6.908360016784211716e-03 -4.954232064653638079e-01 -6.452546999999999588e-01 -3.739687451015098751e-02 9.979647080269707926e-01 -5.165186646690503314e-02 -1.162948000000000037e-01 4.940580459009002445e-01 6.339334424465604967e-02 8.671147162781073225e-01 1.756693499999999908e+00
8.658474998825270719e-01 6.786168429318570686e-03 -5.002619862284422014e-01 -6.705539000000000360e-01 -3.750939111949298105e-02 9.979743618838176067e-01 -5.138305752319444197e-02 -1.197871999999999965e-01 4.988999423982949932e-01 6.325441439643503250e-02 8.643481512297819247e-01 1.800151599999999963e+00
8.637832331882289161e-01 4.253917355671259226e-03 -5.038456412930659711e-01 -6.968132999999999688e-01 -3.539122350742329726e-02 9.980068196006712800e-01 -5.224796004822371276e-02 -1.220307000000000058e-01 5.026191275325059271e-01 6.296262556218801265e-02 8.622121087184859700e-01 1.843895800000000085e+00
8.625174268387665322e-01 5.133565996424987316e-03 -5.060013190690252349e-01 -7.236993000000000453e-01 -3.671811122789910009e-02 9.979475349197037826e-01 -5.246425312098023513e-02 -1.252601999999999882e-01 5.046934403252024692e-01 6.383074531796573137e-02 8.609356347862855419e-01 1.887932299999999897e+00
8.618185053996069156e-01 4.906779882906504853e-03 -5.071930473320472865e-01 -7.507797000000000498e-01 -3.593219521177677678e-02 9.980315022062117292e-01 -5.140036917450215015e-02 -1.283727000000000062e-01 5.059424286399100135e-01 6.252234892574853875e-02 8.602983289456958005e-01 1.933652799999999949e+00
8.617986021224519622e-01 5.716293157945379760e-03 -5.072183882434864177e-01 -7.781837999999999811e-01 -3.586766285595761883e-02 9.981202965001259031e-01 -4.969290166364008499e-02 -1.314916999999999891e-01 5.059809088701263668e-01 6.101801133299308844e-02 8.603837063496306836e-01 1.979640199999999961e+00
8.613470834870213810e-01 4.303462401738162788e-03 -5.079987027343269013e-01 -8.062428999999999846e-01 -3.417698616038879894e-02 9.981895302445246143e-01 -4.949338670173781402e-02 -1.344882000000000022e-01 5.068659935184001153e-01 5.999284892028374644e-02 8.599347200183471429e-01 2.026596500000000134e+00
8.607315909636185092e-01 2.077849668468896224e-03 -5.090548210733234491e-01 -8.340404999999999625e-01 -3.213231966506036041e-02 9.982193295910479769e-01 -5.025618433328618573e-02 -1.376391999999999893e-01 5.080439374209484438e-01 5.961419773471843264e-02 8.592656778193025202e-01 2.073628199999999921e+00
8.595355639489753452e-01 -8.602175934895924664e-04 -5.110752139681680184e-01 -8.624952999999999648e-01 -2.931577523680877623e-02 9.982691084112526037e-01 -5.098404175884625744e-02 -1.405103000000000046e-01 5.102344555488014244e-01 5.880516318738279735e-02 8.580225831254812974e-01 2.121366699999999827e+00
8.580923906973035864e-01 -3.900778804958524026e-04 -5.134951770626802192e-01 -8.915575000000000028e-01 -2.870569450322483368e-02 9.983995018956303147e-01 -4.872799726691868366e-02 -1.441083999999999976e-01 5.126923367190830971e-01 5.655335935030256916e-02 8.567078179961484796e-01 2.168292000000000108e+00
8.558313331312641381e-01 1.238350134598678598e-05 -5.172549942508163356e-01 -9.203255000000000186e-01 -2.716865961264304172e-02 9.986207015208207194e-01 -4.492836997840111285e-02 -1.470990000000000075e-01 5.165409888533681881e-01 5.250423164576974860e-02 8.546512227181751742e-01 2.216194900000000079e+00
8.529355140779661948e-01 1.196690179977241697e-04 -5.220162780066170960e-01 -9.495896999999999810e-01 -2.518300255901407408e-02 9.988450933118913078e-01 -4.091816160181151879e-02 -1.504554999999999920e-01 5.214085012796283447e-01 4.804649046585404010e-02 8.519534667734185440e-01 2.262938000000000116e+00
8.487919520210071012e-01 -2.825392811117485165e-04 -5.287269071608924342e-01 -9.789288000000000434e-01 -2.377134241937050446e-02 9.989682717306123116e-01 -3.869515932431959182e-02 -1.535568999999999962e-01 5.281923375664865361e-01 4.541268817310939454e-02 8.479095130312800377e-01 2.310104400000000169e+00
8.435099547765301242e-01 -3.511737639119025950e-03 -5.371020609638825771e-01 -1.008420300000000047e+00 -2.187870842007998140e-02 9.989240279720313920e-01 -4.089142279258022733e-02 -1.563526000000000082e-01 5.366677541186588574e-01 4.624342157417012794e-02 8.425255293760233188e-01 2.355686200000000063e+00
8.375450271107325317e-01 -7.333350612848708178e-03 -5.463190913109950975e-01 -1.038587799999999950e+00 -2.015935459488439954e-02 9.988142775075552482e-01 -4.431297179583327389e-02 -1.592289000000000065e-01 5.459962710352518345e-01 4.812754944779167737e-02 8.364040955182789894e-01 2.401020799999999955e+00
8.309339041105235912e-01 -7.597426291421837188e-03 -5.563192663510672098e-01 -1.069359500000000018e+00 -2.006412607111598273e-02 9.988471703625939613e-01 -4.360918600067585638e-02 -1.619852999999999987e-01 5.560092425892266821e-01 4.739841107448214408e-02 8.298235431602123402e-01 2.447667399999999827e+00
8.248330507819378044e-01 -4.978402240443428883e-03 -5.653544497471418850e-01 -1.101390700000000056e+00 -2.026245688006932458e-02 9.990585377612929419e-01 -3.835975713492584954e-02 -1.648467000000000127e-01 5.650131601820833627e-01 4.309586566481187625e-02 8.239556269506604913e-01 2.494087500000000013e+00
8.195360020522817202e-01 -2.010444992742565357e-04 -5.730276615672857954e-01 -1.133442599999999967e+00 -2.332967737124651275e-02 9.991591143000260189e-01 -3.371632341968901214e-02 -1.677686999999999928e-01 5.725525892823435381e-01 4.100029136843826028e-02 8.188421756442367805e-01 2.539510700000000121e+00
8.156289117123026733e-01 -2.718369852065111170e-05 -5.785753863067899516e-01 -1.165780500000000108e+00 -2.483485084364927403e-02 9.990766883585391334e-01 -3.505711000793110960e-02 -1.704536000000000107e-01 5.780421338990595626e-01 4.296242590428320934e-02 8.148751569399086403e-01 2.583638899999999960e+00
8.122262631537864319e-01 -2.638728469590848752e-03 -5.833365534194644431e-01 -1.198465099999999950e+00 -2.510139720805243044e-02 9.989054501940919373e-01 -3.946924664523119436e-02 -1.729991999999999919e-01 5.828022111329361765e-01 4.670052124550953115e-02 8.112710052836586971e-01 2.628360300000000205e+00
8.090582749354927605e-01 -4.727606815875740748e-03 -5.877094158614436514e-01 -1.231217699999999970e+00 -2.770539006941835289e-02 9.985492026017350753e-01 -4.617251719952584349e-02 -1.761231000000000047e-01 5.870750540769945625e-01 5.363897572878904146e-02 8.077535151042427586e-01 2.672732400000000119e+00
8.058156954716403364e-01 -5.907742214990791343e-03 -5.921369465870862658e-01 -1.264341799999999960e+00 -2.784840084992781795e-02 9.984657922305079092e-01 -4.785946422188688126e-02 -1.790846000000000104e-01 5.915112268601994128e-01 5.505597449346933542e-02 8.044148855975479240e-01 2.716634299999999946e+00
8.024205258125999274e-01 -4.252286317508010421e-03 -5.967438460643768039e-01 -1.297694099999999962e+00 -2.708241514878656844e-02 9.986848360519521295e-01 -4.353321754240321168e-02 -1.825157000000000029e-01 5.961441457771261554e-01 5.109321188728852686e-02 8.012500490824954191e-01 2.761075500000000016e+00
7.989889514392497505e-01 -1.833088018210794062e-03 -6.013429098828102504e-01 -1.331151100000000032e+00 -2.661927888850773583e-02 9.989073173467637456e-01 -3.841334849434051291e-02 -1.853704999999999936e-01 6.007562479653989485e-01 4.669915566056091760e-02 7.980671145907007880e-01 2.805490499999999887e+00
7.959892400809980284e-01 -1.873143928005881198e-04 -6.053107421718151304e-01 -1.365490599999999999e+00 -2.676541507879602252e-02 9.990109822123897088e-01 -3.550591464384934837e-02 -1.880068000000000017e-01 6.047187298496179420e-01 4.446371928162112797e-02 7.951969790163379015e-01 2.849880900000000050e+00
7.929252779038222787e-01 1.640574650800512985e-04 -6.093188629496827380e-01 -1.399444499999999980e+00 -2.754455070668292843e-02 9.989873247386327204e-01 -3.557559188427558000e-02 -1.909047000000000105e-01 6.086959843694658145e-01 4.499220039848810665e-02 7.921268209799419147e-01 2.892701399999999978e+00
7.891701987492412140e-01 -1.103606412018528701e-03 -6.141735743737030129e-01 -1.433457500000000051e+00 -2.774581868638428817e-02 9.989133785044292946e-01 -3.744638554372099054e-02 -1.935174000000000061e-01 6.135475262369699534e-01 4.659232015852032144e-02 7.882820489842075062e-01 2.936145799999999806e+00
7.851973422472202646e-01 -3.799471721148183281e-03 -6.192339604241210438e-01 -1.468226800000000054e+00 -2.662966226141930126e-02 9.988489432701201931e-01 -3.989548365425659576e-02 -1.962859000000000131e-01 6.186727687685504851e-01 4.781581895988511882e-02 7.841923569134368055e-01 2.979318600000000039e+00
7.809802798138917312e-01 -5.437308041562149627e-03 -6.245320153707706323e-01 -1.503366800000000003e+00 -2.536846716638272575e-02 9.988606960563376491e-01 -4.041968267412545529e-02 -1.990514999999999923e-01 6.240402578483567053e-01 4.741039501111544291e-02 7.799525697306513017e-01 3.022573200000000071e+00
7.762040066890009138e-01 -5.716886742846975789e-03 -6.304559121825338286e-01 -1.538786599999999893e+00 -2.463688738332221739e-02 9.989201236843578968e-01 -3.939048461860481659e-02 -2.018361999999999934e-01 6.300002887142218677e-01 4.610752329497328633e-02 7.752249560712042298e-01 3.066066300000000133e+00
7.712404630391459515e-01 -5.228269916338214307e-03 -6.365224374402252971e-01 -1.574865600000000088e+00 -2.503717024020723353e-02 9.989432945215966919e-01 -3.854133413235128619e-02 -2.047960000000000058e-01 6.360513251912353061e-01 4.566135701028362776e-02 7.702945879327289802e-01 3.108832399999999829e+00
7.660819674060389550e-01 -6.658456077106741228e-03 -6.427083974696160551e-01 -1.611124999999999918e+00 -2.451582028840684074e-02 9.989159829774353350e-01 -3.957061419551946568e-02 -2.077723999999999960e-01 6.422751698227787687e-01 4.607085754458394022e-02 7.650882840001063112e-01 3.150766400000000189e+00
7.606339597416160725e-01 -8.155187742686970456e-03 -6.491297807069639214e-01 -1.648043600000000053e+00 -2.392426593190196543e-02 9.988897016538650364e-01 -4.058316682409338072e-02 -2.106133000000000033e-01 6.487400163296613842e-01 4.639888837821534717e-02 7.595943222338201739e-01 3.193601399999999924e+00
7.547602110590904134e-01 -9.676640580024157418e-03 -6.559294065897049997e-01 -1.685612200000000005e+00 -2.320787090023402818e-02 9.988713995322934247e-01 -4.144058306389568347e-02 -2.135451999999999906e-01 6.555901299823811978e-01 4.650042820751866535e-02 7.536838141065536067e-01 3.236799500000000052e+00
7.489973354941718009e-01 -1.090452540879005908e-02 -6.624832697874264431e-01 -1.722865300000000044e+00 -2.262488839413831151e-02 9.988605339376299685e-01 -4.202080635810714199e-02 -2.168444999999999956e-01 6.621866095352456627e-01 4.646208203946314980e-02 7.478971647792057587e-01 3.278391399999999845e+00
7.427221743488445771e-01 -1.384128519246848044e-02 -6.694566382931349535e-01 -1.760514700000000099e+00 -2.014463884572544744e-02 9.988719023055566693e-01 -4.300135242354401893e-02 -2.199339999999999906e-01 6.692966197855027000e-01 4.542402017324422697e-02 7.416054834849867827e-01 3.320172299999999854e+00
7.365217338771178346e-01 -1.523386334046878711e-02 -6.762423122922492924e-01 -1.798315200000000003e+00 -1.863314117156221125e-02 9.989100281559497585e-01 -4.279674870314881252e-02 -2.229563999999999990e-01 6.761571870332553358e-01 4.412125403027158943e-02 7.354350911984492978e-01 3.361273499999999803e+00
7.301729116212822834e-01 -1.492295446350024035e-02 -6.830994250946046398e-01 -1.837555800000000072e+00 -1.806131435357660048e-02 9.989905529226675851e-01 -4.112984433576283988e-02 -2.260336000000000012e-01 6.830236511705288782e-01 4.236957164455516095e-02 7.291663125380494215e-01 3.402440499999999979e+00
7.237959082777998265e-01 -1.513308521585985007e-02 -6.898481520538879419e-01 -1.877526500000000098e+00 -1.766760171628130316e-02 9.990252510818918852e-01 -4.045248509495807943e-02 -2.290283999999999931e-01 6.897878942181498996e-01 4.146730558660009780e-02 7.228230236769425110e-01 3.443575599999999959e+00
7.173222940180398188e-01 -1.674497413171398275e-02 -6.965402589556651813e-01 -1.917714600000000047e+00 -1.668605680929006324e-02 9.990115647786893538e-01 -4.120035129209114605e-02 -2.321504000000000068e-01 6.965416728472560992e-01 4.117644083408377592e-02 7.163338598079691533e-01 3.484586000000000183e+00
7.106255786904563942e-01 -1.935431498504410278e-02 -7.033041286686106952e-01 -1.958460799999999891e+00 -1.524560770637618454e-02 9.989632615892868328e-01 -4.289491159283701643e-02 -2.350090999999999986e-01 7.034051878942301217e-01 4.120452021749212296e-02 7.095937775637051192e-01 3.525441600000000175e+00
7.044920573019148868e-01 -1.817358898610481333e-02 -7.094791482925197901e-01 -1.999989000000000017e+00 -1.721268133441510029e-02 9.989405116579226362e-01 -4.267994575778561589e-02 -2.381786999999999932e-01 7.095031111981082717e-01 4.227972128540790492e-02 7.034328399841969226e-01 3.565910300000000088e+00
6.991584253846364616e-01 -1.724042416442492232e-02 -7.147588852111643742e-01 -2.041800700000000024e+00 -1.826875337228266866e-02 9.989520317413672634e-01 -4.196535392460223890e-02 -2.410924999999999874e-01 7.147333410887577454e-01 4.239818456520433321e-02 6.981107684899843235e-01 3.606096299999999921e+00
6.945291401902992101e-01 -1.585372954762833547e-02 -7.192898808449582626e-01 -2.085168400000000144e+00 -2.043768326879824571e-02 9.989189882510766116e-01 -4.175111991371997094e-02 -2.442412999999999945e-01 7.191742309963059521e-01 4.369798817881890424e-02 6.934543325266602221e-01 3.646107000000000209e+00
6.894251855314511568e-01 -1.675956096386368999e-02 -7.241629862615339697e-01 -2.127798100000000137e+00 -2.120418718597268104e-02 9.988369196607632672e-01 -4.330346831813895042e-02 -2.468820999999999932e-01 7.240464736470348939e-01 4.520978919323079964e-02 6.882679557849524787e-01 3.686231400000000047e+00
6.792211155778274945e-01 -2.129851536201766982e-02 -7.336245970498708191e-01 -2.214511900000000200e+00 -2.096914956434070554e-02 9.986076263000646103e-01 -4.840561395023088020e-02 -2.531809999999999894e-01 7.336340851676398378e-01 4.826159900712340134e-02 6.778287742059316834e-01 3.765775899999999954e+00
6.742267561554604605e-01 -2.191110722561656968e-02 -7.381992851962353441e-01 -2.258567999999999909e+00 -2.119446639253928441e-02 9.985740150803217308e-01 -4.899725503230752816e-02 -2.565863999999999923e-01 7.382202082566020618e-01 4.868100026204264658e-02 6.728009247430224438e-01 3.805156900000000064e+00
6.690999081662664105e-01 -2.218866996376896855e-02 -7.428411511333583572e-01 -2.302365299999999948e+00 -1.962410782294080058e-02 9.986781368748376408e-01 -4.750656081381612883e-02 -2.599852000000000274e-01 7.429133242068335363e-01 4.636423032297801172e-02 6.677800168187951746e-01 3.844071899999999875e+00
6.637772576767452248e-01 -2.173324366257384233e-02 -7.476144850864266944e-01 -2.346657500000000063e+00 -1.948819251594582913e-02 9.987357860237788820e-01 -4.633616371610738138e-02 -2.636491000000000251e-01 7.476763755419862933e-01 4.532654669581245854e-02 6.625145595540002930e-01 3.883487899999999993e+00
6.586547634578630017e-01 -2.356055414974034257e-02 -7.520763278168137722e-01 -2.392039500000000096e+00 -1.779051691659057355e-02 9.987426270553515506e-01 -4.686856526943801449e-02 -2.668719999999999981e-01 7.522349367598576420e-01 4.425003040374345109e-02 6.574074343412620314e-01 3.922957699999999992e+00
6.539185891972919551e-01 -2.427871883393599786e-02 -7.561752591258232847e-01 -2.437714300000000112e+00 -1.721882097057610486e-02 9.987484732185570868e-01 -4.695742164966513338e-02 -2.703739000000000003e-01 7.563689515749616454e-01 4.372677732675794154e-02 6.526821416570316448e-01 3.961792200000000097e+00
6.495671359481492990e-01 -2.471611582916664884e-02 -7.599023947287162351e-01 -2.483091599999999843e+00 -1.630510933105563248e-02 9.987887605722856055e-01 -4.642364875986954020e-02 -2.738849999999999896e-01 7.601293832669677730e-01 4.254556819219403041e-02 6.483773556513078296e-01 4.000007199999999763e+00
6.455824337812173797e-01 -2.551332857733614942e-02 -7.632642997402830920e-01 -2.529740100000000158e+00 -1.530254754177299073e-02 9.988089745789264784e-01 -4.632995078051938692e-02 -2.773565000000000058e-01 7.635372638135297096e-01 4.158969061556546526e-02 6.444231097676818010e-01 4.039041499999999729e+00
6.415593804691553936e-01 -2.883210284623908409e-02 -7.665313243289523237e-01 -2.576424400000000059e+00 -1.213960201616982350e-02 9.987865738210205402e-01 -4.772850320045897432e-02 -2.807293000000000149e-01 7.669773082659764318e-01 3.992605415428764071e-02 6.404308852676816599e-01 4.077925699999999765e+00
6.371627143016680428e-01 -3.409585707544279809e-02 -7.699747710373515686e-01 -2.622866199999999814e+00 -8.064948216560981556e-03 9.986713543148383332e-01 -5.089678458636528319e-02 -2.842214000000000129e-01 7.706871168729857446e-01 3.863934007275044574e-02 6.360411694888525869e-01 4.116644400000000203e+00
6.321896663280018869e-01 -3.769519120782074961e-02 -7.738961806004052146e-01 -2.670134099999999844e+00 -4.200731878870895414e-03 9.986344270836002845e-01 -5.207336070479182122e-02 -2.880564999999999931e-01 7.748022842246731212e-01 3.617117088532458002e-02 6.311680178502498961e-01 4.155063199999999846e+00
6.256058049140131860e-01 -4.160974033880446288e-02 -7.790288867345209756e-01 -2.717526200000000003e+00 1.757522870570821238e-03 9.986492442193736219e-01 -5.192877943330902191e-02 -2.921781999999999990e-01 7.801373519908203491e-01 3.111778477030629694e-02 6.248338943269160506e-01 4.193487600000000093e+00
6.171679110015786396e-01 -4.574229683774705402e-02 -7.855007395986045582e-01 -2.766347399999999901e+00 7.036305887181844992e-03 9.985896741804188848e-01 -5.262274241909972727e-02 -2.959159000000000095e-01 7.868000127283992784e-01 2.695004453154657698e-02 6.166193599542086901e-01 4.232099100000000114e+00
6.079395107510658924e-01 -4.613081617973686932e-02 -7.926421002358796652e-01 -2.815637800000000190e+00 9.337141417453276998e-03 9.986570844585400675e-01 -5.095925284890692047e-02 -2.999924999999999953e-01 7.939284407664870535e-01 2.357913186187474835e-02 6.075538292881834668e-01 4.270144499999999788e+00
5.989447548782896869e-01 -4.472847711180578945e-02 -7.995402078313788019e-01 -2.865958700000000192e+00 1.008972966942561431e-02 9.987811268392789987e-01 -4.831622941474271460e-02 -3.037906000000000217e-01 8.007267810926418372e-01 2.087160762660130939e-02 5.986660154343972362e-01 4.307653900000000036e+00
5.896214117868607829e-01 -4.482061180589977378e-02 -8.064351824665229040e-01 -2.916130299999999842e+00 9.706564437481583069e-03 9.987801903556282612e-01 -4.841398516953349107e-02 -3.074168999999999929e-01 8.076214294886497891e-01 2.071820722262496250e-02 5.893372400588564597e-01 4.344215400000000393e+00
5.805619252002597319e-01 -4.604700889362893512e-02 -8.129129867210377336e-01 -2.967498500000000039e+00 8.572928848004073704e-03 9.986899105106207264e-01 -5.044767125701109245e-02 -3.109720000000000262e-01 8.141709623283889252e-01 2.231895195206222426e-02 5.801960948550295427e-01 4.379791299999999943e+00
5.703974526857850114e-01 -4.823413611836364912e-02 -8.199513486070272306e-01 -3.018895099999999942e+00 8.894261770891843943e-03 9.985784369476474742e-01 -5.255470835942357283e-02 -3.146090999999999749e-01 8.213206670217901850e-01 2.268420984095283893e-02 5.700156037748205229e-01 4.415729500000000307e+00
5.604635746574363475e-01 -4.946244696740316471e-02 -8.267007002671553639e-01 -3.071262599999999843e+00 9.064311209212611020e-03 9.985214795536906385e-01 -5.359751050385676285e-02 -3.186125000000000207e-01 8.281294703997139628e-01 2.254597990563556031e-02 5.600832608153754055e-01 4.450788499999999814e+00
5.503914396492732841e-01 -5.065653281113738360e-02 -8.333685732281693737e-01 -3.123887100000000139e+00 1.224530224483096411e-02 9.985400956761407709e-01 -5.260921877405363989e-02 -3.222277000000000058e-01 8.348169354617412941e-01 1.875081359935247896e-02 5.502082253616618068e-01 4.485559000000000296e+00
5.397905631061866716e-01 -5.028637113055827584e-02 -8.402960364419350681e-01 -3.177003399999999811e+00 1.365167305514867341e-02 9.986058222103489923e-01 -5.099062335751766706e-02 -3.265917999999999877e-01 8.416886477815305190e-01 1.605281053624733889e-02 5.397244921898449732e-01 4.519990400000000186e+00
5.294977324797702778e-01 -5.109211200390154084e-02 -8.467713666567631137e-01 -3.230873100000000164e+00 1.411637222865379238e-02 9.985771101465220623e-01 -5.142453817510417302e-02 -3.305214000000000207e-01 8.481938925351228953e-01 1.527583655324428816e-02 5.294655507997804156e-01 4.553584100000000134e+00
5.192424767579945089e-01 -5.249098910098075332e-02 -8.530134503004181967e-01 -3.285552299999999981e+00 1.364174451271467706e-02 9.984939232474538962e-01 -5.313932672284574221e-02 -3.341618000000000088e-01 8.545180823931540770e-01 1.595560406591516392e-02 5.191765263973502353e-01 4.586604600000000254e+00
5.093290387528716101e-01 -5.294320385730010015e-02 -8.589417602191666834e-01 -3.341101899999999958e+00 1.209993709817193050e-02 9.984477002745107965e-01 -5.436709794315779110e-02 -3.381318999999999853e-01 8.604867935101017107e-01 1.729760046552679398e-02 5.091790168622809531e-01 4.619046700000000172e+00
4.990866004650353349e-01 -5.422712273511965525e-02 -8.648537358398379338e-01 -3.396473199999999970e+00 1.128465571357115810e-02 9.983621608088623089e-01 -5.608611602246663802e-02 -3.423602000000000034e-01 8.664786331939641206e-01 1.823225232739202756e-02 4.988811112814254267e-01 4.650957599999999914e+00
4.894769283502054535e-01 -5.372266576832934737e-02 -8.703598174293157852e-01 -3.452833699999999784e+00 9.846204494226008103e-03 9.983773254075890558e-01 -5.608714976754223397e-02 -3.466441000000000106e-01 8.719606578681778908e-01 1.888362504216824916e-02 4.892116309281301367e-01 4.682348700000000363e+00
4.807069472107918240e-01 -5.176374299866597084e-02 -8.753521267547413887e-01 -3.509874100000000219e+00 9.476098562891582811e-03 9.985044787939650890e-01 -5.384244965098125557e-02 -3.509906999999999888e-01 8.768301058125839154e-01 1.758751657170925728e-02 4.804785581079893397e-01 4.713265400000000049e+00
4.725918606243800779e-01 -5.001212517928184387e-02 -8.798611939429074047e-01 -3.566461100000000162e+00 9.925835659370652736e-03 9.986271959382185814e-01 -5.143152067588512011e-02 -3.552602999999999733e-01 8.812255165722618910e-01 1.557276043682288488e-02 4.724394967340554974e-01 4.743453999999999837e+00
4.649375970702437355e-01 -5.037768972790905575e-02 -8.839089993931649181e-01 -3.623973599999999795e+00 1.038368762434030076e-02 9.986213927585398942e-01 -5.145379438208829564e-02 -3.594311000000000034e-01 8.852825593345142741e-01 1.474456858211271176e-02 4.648197369254661870e-01 4.773634399999999722e+00
4.576061142363180845e-01 -5.350814283797822313e-02 -8.875435329399725681e-01 -3.682562100000000171e+00 1.237571707584896388e-02 9.984742210772838966e-01 -5.381516023361688356e-02 -3.636553000000000146e-01 8.890688870050487136e-01 1.364215870534570690e-02 4.575701101093272438e-01 4.803442999999999685e+00
4.507533517991151317e-01 -5.698373246193155772e-02 -8.908278565899082624e-01 -3.740371899999999972e+00 1.494777874369890638e-02 9.983022726234184185e-01 -5.629508313829417049e-02 -3.675693999999999906e-01 8.925233777064288665e-01 1.205929971536644912e-02 4.508398757185109185e-01 4.832601099999999761e+00
4.447733379004634169e-01 -5.978353159139613432e-02 -8.936456832790838911e-01 -3.798170999999999964e+00 1.608711608275221333e-02 9.981420658923902955e-01 -5.876751647135761147e-02 -3.721484999999999932e-01 8.954986781615147384e-01 1.176204261732513925e-02 4.449087229583703618e-01 4.861100699999999719e+00
4.395663690156668690e-01 -6.316530684551591168e-02 -8.959863566157100223e-01 -3.855688100000000063e+00 1.707809010609371431e-02 9.979316526661594633e-01 -6.197382871273862670e-02 -3.762636999999999787e-01 8.980477415308780742e-01 1.193987512914368790e-02 4.397359358901541393e-01 4.889039999999999608e+00
4.349780804922450117e-01 -6.435708077454732612e-02 -8.981382052031082752e-01 -3.913334600000000219e+00 2.081464340902722254e-02 9.978946755798876467e-01 -6.142448265199952628e-02 -3.813231999999999733e-01 9.002004332986278667e-01 8.023877085869556697e-03 4.354018802043392311e-01 4.916654600000000208e+00
4.304832883630168028e-01 -6.180099983517563927e-02 -9.004803023162341047e-01 -3.971180700000000119e+00 2.296102885976592650e-02 9.980801251657221984e-01 -5.752264686953485751e-02 -3.862719000000000014e-01 9.023064499347573930e-01 4.086583970608157618e-03 4.310758288718893327e-01 4.944642100000000262e+00
4.267699249584729349e-01 -5.976254946010604169e-02 -9.023834378095422215e-01 -4.028503899999999582e+00 2.529457714954973929e-02 9.982125814704507771e-01 -5.414634392943157293e-02 -3.906228999999999951e-01 9.040064244892095369e-01 2.826236493898015567e-04 4.275187769047202879e-01 4.971418899999999752e+00
4.235002895695434422e-01 -5.888748221684175777e-02 -9.039799606034826240e-01 -4.086050499999999808e+00 2.692224239844437372e-02 9.982623354354921430e-01 -5.241662441550730411e-02 -3.951761999999999775e-01 9.054958296970518905e-01 -2.138712004477814899e-03 4.243497711937754824e-01 4.998081199999999669e+00
4.205204487732445706e-01 -5.857560805228810563e-02 -9.053902199078880386e-01 -4.143222800000000206e+00 2.880441267325517529e-02 9.982726241692556624e-01 -5.120618756338801009e-02 -3.995442000000000160e-01 9.068257042971918924e-01 -4.545984550433188054e-03 4.214812879006248902e-01 5.024709699999999835e+00
4.185046646314872776e-01 -5.739385179033790196e-02 -9.063993553938324288e-01 -4.200061299999999775e+00 3.036681314916864563e-02 9.983275158385477299e-01 -4.919377784636646406e-02 -4.038153999999999910e-01 9.077068372227069526e-01 -6.936634364221934412e-03 4.195475905816254958e-01 5.050304900000000430e+00
4.154520791923503875e-01 -5.667609812345503206e-02 -9.078476688279008000e-01 -4.256436800000000353e+00 3.142641764170515939e-02 9.983554781936133660e-01 -4.794496256136537848e-02 -4.075419000000000125e-01 9.090720269422892796e-01 -8.611565612715390422e-03 4.165499859185398668e-01 5.076585299999999634e+00
4.128171987924479369e-01 -5.779298749295797011e-02 -9.089785096347412496e-01 -4.311818599999999613e+00 3.453136052379798815e-02 9.982604830263787088e-01 -4.778695604782327161e-02 -4.115810999999999775e-01 9.101590770417730125e-01 -1.166098729010160012e-02 4.140947667550123334e-01 5.102151899999999962e+00
4.104961909999529368e-01 -5.798772573379962908e-02 -9.100166486602054849e-01 -4.367941400000000307e+00 3.701516119074479277e-02 9.982130352558694630e-01 -4.691070333396833714e-02 -4.153957999999999817e-01 9.111107259913875378e-01 -1.442774790069608140e-02 4.119090737941574210e-01 5.127497199999999644e+00
4.074941473684147164e-01 -5.716869659564249168e-02 -9.114166226210953514e-01 -4.422494900000000229e+00 3.998192323671009157e-02 9.981984369082654851e-01 -4.473618633935248778e-02 -4.193698000000000148e-01 9.123321575362683955e-01 -1.821045533342923947e-02 4.090457353912476668e-01 5.152549699999999788e+00
4.060874692219948456e-01 -5.627227799616976028e-02 -9.120999934601452530e-01 -4.478253399999999829e+00 4.184726888127932726e-02 9.982003071346680079e-01 -4.295291519131547164e-02 -4.229954000000000214e-01 9.128755519938371865e-01 -2.072625304719154238e-02 4.077114776488031112e-01 5.176911800000000063e+00
4.044718073796660374e-01 -5.768530587168575058e-02 -9.127294026826989759e-01 -4.532680499999999668e+00 4.437342638587086358e-02 9.980712037241646906e-01 -4.341510482971033119e-02 -4.267040000000000277e-01 9.134733472115122987e-01 -2.294074504211001536e-02 4.062513583375554349e-01 5.200926800000000405e+00
4.029940097925711062e-01 -5.858231630861293615e-02 -9.133257580333659087e-01 -4.586134000000000377e+00 4.536682742103573251e-02 9.980011048104928673e-01 -4.399597443841579691e-02 -4.305706000000000255e-01 9.140775016600369840e-01 -2.370457789021772690e-02 4.048461608388939093e-01 5.224646599999999808e+00
4.023091363394483699e-01 -5.942842940568761334e-02 -9.135729968624183295e-01 -4.639812000000000047e+00 4.561811935096003745e-02 9.979525974066116856e-01 -4.482856808195962578e-02 -4.344819999999999793e-01 9.143666365330095358e-01 -2.364053949829670459e-02 4.041964607558319322e-01 5.248427399999999743e+00
