1.000000000000000000e+00 0.000000000000000000e+00 0.000000000000000000e+00 0.000000000000000000e+00 0.000000000000000000e+00 1.000000000000000000e+00 0.000000000000000000e+00 0.000000000000000000e+00 0.000000000000000000e+00 0.000000000000000000e+00 1.000000000000000000e+00 0.000000000000000000e+00
9.999565541933669310e-01 -6.631037898197974546e-03 -6.551264162028115103e-03 -9.660000000000000346e-05 6.599179440993716526e-03 9.999663534641867191e-01 -4.872655358501723141e-03 -8.799999999999999771e-05 6.583354497030948112e-03 4.829210694288653058e-03 9.999666685283247203e-01 4.858869999999999856e-02
9.997850008489914675e-01 -8.441414526306027788e-03 -1.893923436090398649e-02 -7.307000000000000344e-04 8.320799581460813776e-03 9.999446546791134205e-01 -6.438312899646989572e-03 -5.008000000000000299e-04 1.899253463093691918e-02 6.279339094496239927e-03 9.997999067457593592e-01 6.468319999999999625e-02
9.908822951870382978e-01 -2.129703733238784511e-03 -1.347135533154540099e-01 -1.485919999999999949e-02 1.423756553252260608e-03 9.999847473366723083e-01 -5.336479297128723411e-03 -2.774700000000000170e-03 1.347228636948610558e-01 5.096023549812246818e-03 9.908702137726391745e-01 1.742646999999999946e-01
9.857605429182787482e-01 2.921780585027787189e-04 -1.681548888895069704e-01 -2.309359999999999885e-02 -9.553546538261369504e-04 9.999920823973534878e-01 -3.862957427951901977e-03 -3.421399999999999789e-03 1.681524288345122575e-01 3.968598567112272338e-03 9.857530171916631945e-01 2.160977000000000037e-01
9.809855049646715175e-01 -8.596012033107681624e-04 -1.940791079301937005e-01 -3.224960000000000326e-02 -4.629734592257085538e-05 9.999891266521482303e-01 -4.663092753712374389e-03 -4.083899999999999683e-03 1.940810060406846504e-01 4.583411747293821351e-03 9.809747985707841789e-01 2.604392999999999847e-01
9.758016989155273713e-01 -3.448208164395740426e-03 -2.186301769061749778e-01 -4.883509999999999934e-02 1.209693757770403033e-03 9.999454792198098074e-01 -1.037184790080296522e-02 -5.248899999999999920e-03 2.186540213089683271e-01 9.856391242233341829e-03 9.757526687214835848e-01 3.318150999999999740e-01
9.720397177137070077e-01 -8.162556610408398805e-03 -2.346745828943530288e-01 -6.077989999999999782e-02 4.742335038725052111e-03 9.998742136184680662e-01 -1.513496611263252453e-02 -6.189000000000000057e-03 2.347686040454242395e-01 1.359888269057176607e-02 9.719561579331296164e-01 3.826822999999999753e-01
9.701755294147912378e-01 -1.413196765680636152e-02 -2.419911767293932148e-01 -6.748450000000000282e-02 1.049522903680791264e-02 9.998118845969707902e-01 -1.631090390255938993e-02 -6.844099999999999663e-03 2.421761596280574691e-01 1.328468700423769862e-02 9.701413426913653160e-01 4.090399000000000118e-01
9.678771850846026314e-01 -1.482736271949901957e-02 -2.509858639594872431e-01 -7.458650000000000002e-02 1.047162812358480577e-02 9.997706529550653975e-01 -1.868118021548788657e-02 -7.562700000000000325e-03 2.512052937283511533e-01 1.545285748936419019e-02 9.678104719407960577e-01 4.361257000000000050e-01
9.584381205924578095e-01 -1.387113073818064569e-02 -2.849630866046365951e-01 -1.090403999999999957e-01 5.540282760217221311e-03 9.995339379403394009e-01 -3.002019607555165767e-02 -1.118030000000000065e-02 2.852466901861162030e-01 2.719372423045485557e-02 9.580682789344107109e-01 5.509336999999999707e-01
9.559737313948496462e-01 -1.346941536724947583e-02 -2.931429680764526258e-01 -1.185266999999999987e-01 4.246896351676535120e-03 9.994764550427639449e-01 -3.207459565649704858e-02 -1.263970000000000024e-02 2.934215206054009983e-01 2.941752309107900643e-02 9.555304393795103213e-01 5.818626000000000076e-01
9.535426839591997217e-01 -1.314944750718093774e-02 -3.009708323046298983e-01 -1.290489999999999970e-01 2.555649983410449542e-03 9.993640813839156367e-01 -3.556545364317600239e-02 -1.388909999999999971e-02 3.012471054152189853e-01 3.314400202055418215e-02 9.529699138005425230e-01 6.129259000000000235e-01
9.510784358901328561e-01 -1.394403279276914924e-02 -3.086346913978603168e-01 -1.396546999999999927e-01 1.349794956497580439e-03 9.991589628962594949e-01 -4.098225125156567533e-02 -1.515760000000000024e-02 3.089465760262665728e-01 3.856074186974649959e-02 9.502973652221187173e-01 6.441215000000000135e-01
9.493223376385836465e-01 -1.515263352977604810e-02 -3.139386834359972900e-01 -1.507583000000000117e-01 -5.253663026653400403e-05 9.988295532574150704e-01 -4.836859290381631538e-02 -1.699929999999999844e-02 3.143041464892206704e-01 4.593387896427794659e-02 9.482104103325261768e-01 6.757667000000000534e-01
9.466852547990728395e-01 -1.588958389818809908e-02 -3.217678502733873347e-01 -1.738794999999999924e-01 -5.400853907805868402e-03 9.978597885780381427e-01 -6.516650302156366814e-02 -2.110969999999999860e-02 3.221146676621247651e-01 6.342998866888886755e-02 9.445733308824590946e-01 7.414648000000000350e-01
9.452849635410349727e-01 -1.564344261219720311e-02 -3.258705577471875947e-01 -1.857787999999999939e-01 -8.961189851920691590e-03 9.972278677933079649e-01 -7.386661473799033262e-02 -2.368450000000000069e-02 3.261227296274549770e-01 7.274518815462469035e-02 9.425243247899155463e-01 7.749222000000000055e-01
9.421929789429522861e-01 -1.337563613290026696e-02 -3.348036481113157437e-01 -2.112459999999999893e-01 -1.695227658805489174e-02 9.960204225272720757e-01 -8.749821842229971169e-02 -2.956270000000000078e-02 3.346416153873985055e-01 8.811589111298048782e-02 9.382167015057223391e-01 8.435251000000000277e-01
9.405064473003228454e-01 -1.229357988904120937e-02 -3.395533691189600578e-01 -2.246001999999999998e-01 -2.070236892638221277e-02 9.954151641328342626e-01 -9.338127721999939235e-02 -3.298220000000000318e-02 3.391445628450512340e-01 9.485525240024494931e-02 9.359398733811509219e-01 8.788742999999999972e-01
9.387933902963844224e-01 -1.061690639254879963e-02 -3.443170800794990161e-01 -2.380782999999999927e-01 -2.472936756501523808e-02 9.948690634948826883e-01 -9.810201262282704227e-02 -3.712739999999999790e-02 3.435919508889209162e-01 1.006122646572812224e-01 9.337139516387652494e-01 9.131089000000000011e-01
9.351875285639724700e-01 -7.210114939785234114e-03 -3.540795117780244361e-01 -2.669097000000000275e-01 -3.128364245303345836e-02 9.942026775559190677e-01 -1.028706452566126306e-01 -4.495369999999999922e-02 3.527685078536345609e-01 1.072802413457210891e-01 9.295403862573825560e-01 9.858527999999999736e-01
9.327842125700852582e-01 -6.998831158992017965e-03 -3.603673530474338360e-01 -2.812534999999999896e-01 -3.196088064363481612e-02 9.942668984645856023e-01 -1.020384080927208698e-01 -4.908959999999999713e-02 3.590154800123376289e-01 1.066974741032852975e-01 9.272127771614719904e-01 1.022952700000000048e+00
9.304236040857812862e-01 -6.621772230193376241e-03 -3.664260758905634741e-01 -2.966669000000000112e-01 -3.244859253566886870e-02 9.944215782349395960e-01 -1.003634075905466966e-01 -5.356419999999999931e-02 3.650465803188404634e-01 1.052704938397436701e-01 9.250184416130615705e-01 1.060401099999999985e+00
9.278275416750083604e-01 -6.155861669959954152e-03 -3.729586549155427533e-01 -3.127840000000000065e-01 -3.288003029253577791e-02 9.946219976174129895e-01 -9.821397794361469424e-02 -5.811970000000000330e-02 3.715574740430778733e-01 1.033885255850339469e-01 9.226352780270653531e-01 1.098273999999999972e+00
9.210107576781141336e-01 -4.419417468215697253e-03 -3.895120704040219706e-01 -3.451697000000000237e-01 -3.304768582915727088e-02 9.954441123681192494e-01 -8.943639982123860466e-02 -6.629720000000000057e-02 3.881327539676643901e-01 9.524435889273841216e-02 9.166686846383418352e-01 1.174667799999999929e+00
9.172549404842291754e-01 -6.796133765345317712e-04 -3.983000279725468773e-01 -3.621274999999999911e-01 -3.580000778099493020e-02 9.958103087530255637e-01 -8.414385553375106075e-02 -7.044179999999999886e-02 3.966884591214545064e-01 9.144051130031208285e-02 9.133875953246702872e-01 1.212692000000000103e+00
9.136141691409442878e-01 3.469351439664064563e-03 -4.065674772353171651e-01 -3.803331999999999824e-01 -3.934690656194210490e-02 9.960245112643885124e-01 -7.991867056290159754e-02 -7.434730000000000505e-02 4.046739068545287532e-01 8.901200234307672654e-02 9.101186145497565105e-01 1.251290299999999966e+00
9.096141232297855206e-01 4.944375797811723788e-03 -4.154247223852699511e-01 -3.986041000000000167e-01 -4.110168083696162655e-02 9.960947112274993742e-01 -7.814075823141920785e-02 -7.797469999999999402e-02 4.134160116072974622e-01 8.815259163844578472e-02 9.062650395630079680e-01 1.289563699999999979e+00
9.055289906655308307e-01 4.524074763957091488e-03 -4.242602736667614449e-01 -4.169624000000000108e-01 -4.136369106987625166e-02 9.961211982552228283e-01 -7.766339837822565373e-02 -8.156839999999999924e-02 4.222632971563370363e-01 8.787542963826276698e-02 9.022037556675043257e-01 1.327815900000000049e+00
9.015724210694997520e-01 4.719621576308754424e-03 -4.326024673289057820e-01 -4.369695000000000107e-01 -4.185560765457070620e-02 9.962013005246723729e-01 -7.636148859744615325e-02 -8.520369999999999333e-02 4.305987432340545040e-01 8.695225129418845955e-02 8.983451610155892553e-01 1.367642199999999919e+00
8.975078286929705218e-01 5.606671398740523810e-03 -4.409628812844185175e-01 -4.568830999999999865e-01 -4.282720233130264675e-02 9.963009348462461556e-01 -7.450018768412357273e-02 -8.879270000000000218e-02 4.389140327846710044e-01 8.574970822295850670e-02 8.944280068090300073e-01 1.407152799999999981e+00
8.898469908844700571e-01 5.641917670464655782e-03 -4.562241790817904707e-01 -4.989006000000000274e-01 -4.111542809199568438e-02 9.968468626368985896e-01 -6.786644254551875421e-02 -9.596870000000000400e-02 4.544027446953482485e-01 7.914860211003076074e-02 8.872731509503497538e-01 1.487305300000000052e+00
8.860291274319245236e-01 8.251068699022805208e-03 -4.635561510837133414e-01 -5.205771000000000148e-01 -4.163241537062672276e-02 9.972183292771926721e-01 -6.182512227251922565e-02 -9.948759999999999548e-02 4.617565671786704740e-01 7.407782137001840683e-02 8.839079980679218629e-01 1.527828799999999987e+00
8.819898535146868390e-01 8.405217183631852329e-03 -4.711934322772731720e-01 -5.428104000000000262e-01 -4.047780197178821315e-02 9.974971662937432981e-01 -5.797370769137372148e-02 -1.025809000000000026e-01 4.695268318687164655e-01 7.020509639654465284e-02 8.801226042974228392e-01 1.568845899999999904e+00
8.781846888435687060e-01 7.435377098225132847e-03 -4.782639098323556714e-01 -5.654824000000000517e-01 -3.896196028901412201e-02 9.976685108219023324e-01 -5.603131414526164866e-02 -1.056592999999999977e-01 4.767322287523276803e-01 6.783994164070972221e-02 8.764269076123938351e-01 1.610058999999999907e+00
8.748972521960540760e-01 6.749035963830472482e-03 -4.842615497986114126e-01 -5.886441999999999508e-01 -3.798338329893928556e-02 9.977791708954713013e-01 -5.471735300900191362e-02 -1.086532999999999943e-01 4.828167982713111317e-01 6.626595385795630566e-02 8.732106061348174908e-01 1.651326899999999931e+00
8.717741158583982575e-01 7.471879692692357314e-03 -4.898510609697256935e-01 -6.126770000000000271e-01 -3.826871900852552716e-02 9.978670703011895959e-01 -5.288492369255477776e-02 -1.114927000000000001e-01 4.884110933064015891e-01 6.484968020259433696e-02 8.702006222204548003e-01 1.692817000000000016e+00
8.687300653050588073e-01 6.647033950481783665e-03 -4.952412448239033593e-01 -6.369884999999999575e-01 -3.706785015891472801e-02 9.979782134616979050e-01 -5.162809255041468648e-02 -1.144233000000000056e-01 4.938967990579251066e-01 6.320840446854422701e-02 8.672200698120844375e-01 1.734896400000000005e+00
8.659895883978654396e-01 6.318515856129884242e-03 -5.000221086550790117e-01 -6.621238999999999875e-01 -3.679499661647543662e-02 9.980147749219857589e-01 -5.111396346803584456e-02 -1.180748999999999965e-01 4.987064878367729048e-01 6.266247198119442863e-02 8.645028939192260786e-01 1.777880399999999916e+00
8.639259476760665635e-01 4.090027358730270735e-03 -5.036022523859630118e-01 -6.877841000000000093e-01 -3.506740007352592003e-02 9.980284724828193399e-01 -5.205233487264045861e-02 -1.202286999999999939e-01 5.023964912139550210e-01 6.262938439594521733e-02 8.623661205231171190e-01 1.821005900000000066e+00
8.625136268117302718e-01 3.195926107547302636e-03 -5.060237441270817316e-01 -7.142368999999999524e-01 -3.461484748171894665e-02 9.980104111973888692e-01 -5.269754714819397529e-02 -1.228129000000000026e-01 5.048485474851766019e-01 6.296828723995824550e-02 8.609082058525018288e-01 1.865188599999999974e+00
8.618842705966395235e-01 4.299120018601393020e-03 -5.070867989458652803e-01 -7.410685999999999662e-01 -3.529575579725408030e-02 9.980475335973103546e-01 -5.152989717655627466e-02 -1.261095999999999884e-01 5.058751957951678202e-01 6.231081966554057050e-02 8.603532112056124781e-01 1.910006899999999952e+00
8.618103329503881138e-01 4.547664509886474929e-03 -5.072102806208159675e-01 -7.681407000000000096e-01 -3.465130446075738446e-02 9.981515721008693554e-01 -4.992720913220540652e-02 -1.289994999999999892e-01 5.060456867903423417e-01 6.060328258492767711e-02 8.603749211947209208e-01 1.955855300000000074e+00
8.613382380765032265e-01 3.780037793143942865e-03 -5.080178647858235585e-01 -7.959471000000000185e-01 -3.350321466637322387e-02 9.982181455077864252e-01 -4.937680210397054487e-02 -1.321778999999999871e-01 5.069260046932726471e-01 5.955035930435818164e-02 8.599301020853020727e-01 2.002424200000000098e+00
8.607220942368589700e-01 8.681945805092631391e-04 -5.090743783875653072e-01 -8.237552999999999681e-01 -3.080594635006313198e-02 9.982547520409095210e-01 -5.038297030961245981e-02 -1.352308999999999872e-01 5.081421751458863323e-01 5.904825370756219827e-02 8.592466663142166450e-01 2.049317100000000114e+00
8.595102718612148696e-01 -2.040628400087569905e-03 -5.111143985457593519e-01 -8.520581999999999878e-01 -2.791235912101317287e-02 9.983123838137701878e-01 -5.092430198213078463e-02 -1.381645999999999985e-01 5.103557511906378075e-01 5.803636928513372650e-02 8.580027896614552674e-01 2.096742599999999790e+00
8.580046068574692653e-01 -2.107606208529164138e-03 -5.136376666556197179e-01 -8.808445000000000302e-01 -2.694218697565326642e-02 9.984303067353622607e-01 -4.910235384683115517e-02 -1.414325999999999917e-01 5.129349014956270381e-01 5.596856786090067398e-02 8.566010192845157079e-01 2.143550199999999961e+00
8.558025378065228228e-01 -1.311273362197986833e-03 -5.173009731733398953e-01 -9.095079999999999831e-01 -2.584709146402055374e-02 9.986393643911116724e-01 -4.529180666927457022e-02 -1.444589000000000012e-01 5.166565049883390381e-01 5.213156865744573987e-02 8.546042097968793438e-01 2.191033399999999798e+00
8.529290977838298593e-01 -1.018348540908684680e-03 -5.220257820452083308e-01 -9.387024000000000479e-01 -2.401428015315996284e-02 9.988629056467195344e-01 -4.118507098109974729e-02 -1.479466999999999866e-01 5.214741302331187267e-01 4.766401881127844964e-02 8.519347820158362783e-01 2.237652300000000150e+00
8.487808172550521668e-01 -1.376923969041422141e-03 -5.287430645788456784e-01 -9.681020000000000181e-01 -2.267219446880552880e-02 9.989820955824569859e-01 -3.899672170390090092e-02 -1.510639000000000010e-01 5.282585501984936593e-01 4.508743490226862355e-02 8.478856216236475563e-01 2.284724199999999872e+00
8.434198194977298169e-01 -4.563581315927156545e-03 -5.372356855273014986e-01 -9.972982000000000236e-01 -2.077635663852915246e-02 9.989388854630374404e-01 -4.110287234115381910e-02 -1.540310000000000012e-01 5.368531932318605371e-01 4.582877737227409459e-02 8.424300398735298234e-01 2.329793700000000189e+00
8.373698138976078953e-01 -8.631678523050101762e-03 -5.465686497586192960e-01 -1.027359600000000039e+00 -1.882784365377624530e-02 9.988266343194979191e-01 -4.461913129289814955e-02 -1.568152999999999908e-01 5.463124628602522570e-01 4.765342275071792616e-02 8.362247570023904064e-01 2.375387200000000032e+00
8.307883064003975804e-01 -9.326227667884724390e-03 -5.565103875273540446e-01 -1.057819000000000065e+00 -1.805155613250559316e-02 9.988821253196977779e-01 -4.368799649787857842e-02 -1.597600000000000131e-01 5.562957228575049484e-01 4.634135511927152395e-02 8.296912362657300477e-01 2.421350499999999961e+00
8.248351014265697945e-01 -5.999158946885403514e-03 -5.653415476917915683e-01 -1.089752700000000019e+00 -1.921171483886148501e-02 9.990688197725966502e-01 -3.863163692028923069e-02 -1.625371999999999928e-01 5.650468701511146552e-01 4.272591075823649331e-02 8.239517771582927086e-01 2.467191899999999993e+00
8.194577827195896891e-01 -1.140326665485122404e-03 -5.731384143428093214e-01 -1.121628999999999987e+00 -2.242038352618254057e-02 9.991688200641187789e-01 -3.404402171036152031e-02 -1.654807000000000083e-01 5.727008544980813909e-01 4.074762160878433320e-02 8.187510992911061214e-01 2.512306699999999893e+00
8.155622790917211873e-01 -9.211639142783587669e-04 -5.786685755938026920e-01 -1.153990400000000083e+00 -2.383969373851442530e-02 9.990962739494442246e-01 -3.518954934054956130e-02 -1.683456000000000119e-01 5.781780330704128223e-01 4.249455067864781055e-02 8.148032739486559262e-01 2.556804200000000193e+00
8.121892949319758914e-01 -3.433059024397311018e-03 -5.833838901646452024e-01 -1.186612500000000070e+00 -2.424998057210085711e-02 9.989197489665052609e-01 -3.963929321956498331e-02 -1.707878999999999925e-01 5.828897731476788691e-01 4.634165761416959850e-02 8.112286749920878393e-01 2.601180299999999779e+00
8.090678401615015725e-01 -5.800000897964428109e-03 -5.876866426982890745e-01 -1.219210899999999986e+00 -2.652471920438613864e-02 9.985720338149909336e-01 -4.637167835781993985e-02 -1.739520999999999984e-01 5.871164018212499114e-01 5.310605683136575272e-02 8.077586752491690003e-01 2.645311099999999804e+00
8.056513317452465017e-01 -6.953468309091770383e-03 -5.923492052291327026e-01 -1.251844900000000038e+00 -2.666348426994298582e-02 9.984920654399033202e-01 -4.798597566104405299e-02 -1.769226000000000132e-01 5.917896503519618490e-01 5.445405891235534368e-02 8.042510585658388944e-01 2.689045000000000130e+00
8.022824882133487989e-01 -5.204183172560813975e-03 -5.969218756116284608e-01 -1.285155899999999907e+00 -2.610517344855838029e-02 9.986994906828684515e-01 -4.379323268496756322e-02 -1.802759999999999918e-01 5.963734811554070037e-01 5.071729278348228315e-02 8.011032562580781002e-01 2.733580100000000179e+00
7.990367315621683675e-01 -2.802243166172814492e-03 -6.012756847301283791e-01 -1.318774799999999914e+00 -2.565905480141121575e-02 9.989192924081766733e-01 -3.875384060252119733e-02 -1.829829000000000039e-01 6.007344792178532789e-01 4.639390787576620767e-02 7.981013035892559060e-01 2.777581899999999937e+00
7.958928868071610818e-01 -1.351666485189717895e-03 -6.054359468411799616e-01 -1.352441400000000016e+00 -2.541824028552852610e-02 9.990412255004634812e-01 -3.564467437527342464e-02 -1.857628000000000057e-01 6.049036500059744581e-01 4.375845916214320119e-02 7.950954480194214469e-01 2.821250200000000152e+00
7.927875581619100442e-01 -7.241121909540692431e-04 -6.094976318946704330e-01 -1.386143200000000020e+00 -2.666276016012011918e-02 9.990008025800033442e-01 -3.586772456057270297e-02 -1.884302999999999950e-01 6.089145956900033907e-01 4.468637494856916859e-02 7.919761000495126879e-01 2.863730700000000073e+00
7.891225052717383281e-01 -1.892630842866472110e-03 -6.142329278231085654e-01 -1.420086399999999971e+00 -2.691761748160902828e-02 9.989280154473431095e-01 -3.765981709390610332e-02 -1.910698000000000119e-01 6.136457557441176158e-01 4.625189620896981435e-02 7.882256330228708530e-01 2.907038000000000011e+00
7.849879301917827013e-01 -4.808941727783509409e-03 -6.194923918279219288e-01 -1.454432200000000064e+00 -2.560613952353910094e-02 9.988634714878679155e-01 -4.020063365055710075e-02 -1.937941999999999998e-01 6.189816435662059968e-01 4.741982082066566878e-02 7.839726305945980966e-01 2.950061799999999845e+00
7.807599273340509738e-01 -6.347343210105334255e-03 -6.247988853251105201e-01 -1.489565400000000039e+00 -2.445064809635959582e-02 9.988721396004445197e-01 -4.070152991839597056e-02 -1.966216000000000075e-01 6.243525459842342862e-01 4.705486121755354800e-02 7.797241424752739958e-01 2.993189600000000006e+00
7.760011742840544624e-01 -6.386845873471699853e-03 -6.306991245511262001e-01 -1.524666499999999925e+00 -2.389269743988762032e-02 9.989333633041219684e-01 -3.951296859210783052e-02 -1.994737000000000038e-01 6.302787609612230391e-01 4.573121338542669723e-02 7.750208639794686771e-01 3.035814300000000188e+00
7.711571697082995058e-01 -6.192842617140238703e-03 -6.366146937573813336e-01 -1.560671700000000106e+00 -2.403956248358204636e-02 9.989563210193348475e-01 -3.883771531789033393e-02 -2.024189000000000127e-01 6.361907882412971560e-01 4.525392133102799919e-02 7.702034559524399970e-01 3.078494500000000134e+00
7.658615036560721956e-01 -7.319388827345103474e-03 -6.429639054914778606e-01 -1.596584900000000085e+00 -2.383798834628740593e-02 9.989246287806710090e-01 -3.976601975306307685e-02 -2.053129999999999955e-01 6.425635435731334999e-01 4.578222976868723954e-02 7.648634387314803273e-01 3.120245699999999900e+00
7.603650587256369775e-01 -8.952418481184895929e-03 -6.494342396828922670e-01 -1.633207000000000075e+00 -2.308612100069459827e-02 9.989006201430601362e-01 -4.079929037313133333e-02 -2.081507999999999969e-01 6.490855170825335918e-01 4.601527225984367031e-02 7.593224520798476096e-01 3.162862099999999899e+00
7.546417373251635974e-01 -1.025517559340611076e-02 -6.560569180036190939e-01 -1.670095300000000060e+00 -2.264246487298665275e-02 9.988752961418380094e-01 -4.165887110845762492e-02 -2.112152999999999947e-01 6.557462672950067351e-01 4.629226858886834745e-02 7.535607863985238630e-01 3.205044299999999957e+00
7.487573362687131029e-01 -1.163412203838127754e-02 -6.627421056400275567e-01 -1.707452699999999934e+00 -2.193018934597048761e-02 9.988637767690522473e-01 -4.231101811484686004e-02 -2.144423000000000024e-01 6.624813342117883419e-01 4.621474508272298276e-02 7.476514422897260204e-01 3.246837399999999985e+00
7.425181164141457790e-01 -1.414846422099613407e-02 -6.696765396495357736e-01 -1.744864299999999924e+00 -2.005018808984352849e-02 9.988594143469549103e-01 -4.333428582566162257e-02 -2.176164999999999905e-01 6.695258297887775045e-01 4.560363286675123140e-02 7.413875315346243333e-01 3.288218300000000038e+00
7.366407569028688984e-01 -1.529025314326448205e-02 -6.761113838920206343e-01 -1.782971300000000037e+00 -1.901193123505894034e-02 9.988810430821305486e-01 -4.330367469243627532e-02 -2.204019000000000117e-01 6.760169685298452746e-01 4.475343483990749938e-02 7.355257903906213812e-01 3.328831899999999955e+00
7.303660406392494808e-01 -1.515984005211461379e-02 -6.828877110700855013e-01 -1.821435899999999997e+00 -1.821020072273519391e-02 9.989661762672501499e-01 -4.165293823522163430e-02 -2.234802999999999928e-01 6.828131774289245559e-01 4.285741386952549026e-02 7.293349071625684354e-01 3.369338500000000014e+00
7.237516683059841416e-01 -1.524447869073630897e-02 -6.898921136625294492e-01 -1.860682100000000005e+00 -1.794043587225429073e-02 9.990023394665261680e-01 -4.089580053161018247e-02 -2.265266999999999975e-01 6.898272706881182215e-01 4.197536908539820089e-02 7.227561172381222754e-01 3.410018899999999853e+00
7.172639184266790258e-01 -1.691957128456631626e-02 -6.965961523226731344e-01 -1.900571100000000069e+00 -1.677765399451847106e-02 9.989959662073237823e-01 -4.153997867038249081e-02 -2.297584000000000015e-01 6.965995848761659115e-01 4.148237709006190321e-02 7.162598905015631345e-01 3.451106799999999808e+00
7.104613853654745403e-01 -1.926001874276320538e-02 -7.034725805478129201e-01 -1.941205700000000034e+00 -1.553648586030361746e-02 9.989525113966761793e-01 -4.304065033647018479e-02 -2.326889000000000041e-01 7.035646647691192745e-01 4.150821186587197453e-02 7.094179521523363841e-01 3.491724699999999793e+00
7.040934950788869662e-01 -1.858785381110341500e-02 -7.098639601207361594e-01 -1.981138099999999902e+00 -1.702873580858622893e-02 9.989279000849430323e-01 -4.304732963433801490e-02 -2.356197999999999904e-01 7.099030724995902819e-01 4.239743061298680699e-02 7.030221088508228355e-01 3.531614799999999832e+00
6.940305145832009748e-01 -1.632535127664477489e-02 -7.197604655252132222e-01 -2.064674399999999910e+00 -1.994332571547067709e-02 9.989232660243034800e-01 -4.188761576821060928e-02 -2.415702000000000127e-01 7.196693050191762531e-01 4.342570092736273979e-02 6.929576465500493221e-01 3.610515599999999825e+00
6.840035007173602688e-01 -1.910233160987028639e-02 -7.292285731740512089e-01 -2.148918399999999895e+00 -2.071818504487764334e-02 9.987451080926749158e-01 -4.559567818771194381e-02 -2.477138000000000118e-01 7.291844539037034556e-01 4.629589601700924428e-02 6.827493846186460935e-01 3.688680600000000087e+00
6.786855338219005551e-01 -2.152105301201264614e-02 -7.341136086861054233e-01 -2.191857800000000189e+00 -2.051845572434145976e-02 9.986247789419721022e-01 -4.824462516991569194e-02 -2.508579000000000225e-01 7.341423153282818914e-01 4.780580676394410866e-02 6.773106124106416104e-01 3.728404999999999969e+00
6.735181615204758332e-01 -2.216566191446507628e-02 -7.388382566800205664e-01 -2.235487500000000072e+00 -2.058966628916459457e-02 9.985998416227321872e-01 -4.872804072764477107e-02 -2.542783000000000126e-01 7.388838553820072930e-01 4.803165355208793147e-02 6.721187458424835448e-01 3.767657999999999952e+00
6.685164274412762619e-01 -2.252101322228540828e-02 -7.433563009786050557e-01 -2.279054599999999819e+00 -1.910595474092094750e-02 9.986913888250779081e-01 -4.743914396439924408e-02 -2.573757999999999879e-01 7.434519142046718265e-01 4.591637888682820190e-02 6.672113139143629468e-01 3.806121800000000110e+00
6.631947346740604265e-01 -2.220815656105875474e-02 -7.481173314947076047e-01 -2.323305599999999860e+00 -1.907125229529204463e-02 9.987336960997744706e-01 -4.655417930511256130e-02 -2.609155000000000224e-01 7.482038701025890415e-01 4.514202096763895999e-02 6.619313912381443732e-01 3.845614900000000169e+00
6.580146830607465080e-01 -2.378248525420156856e-02 -7.526294375531685787e-01 -2.368074200000000129e+00 -1.758942833345247814e-02 9.987429422762666986e-01 -4.693769555749541939e-02 -2.641480999999999968e-01 7.527996339580456109e-01 4.412401441935526886e-02 6.567692003011048607e-01 3.884342699999999926e+00
6.533121953903149315e-01 -2.456231936683364592e-02 -7.566900738225714740e-01 -2.413346100000000050e+00 -1.678277907435438143e-02 9.987581314911647690e-01 -4.690984019178276454e-02 -2.677458999999999811e-01 7.569025787251806303e-01 4.334613301782355710e-02 6.520886435689344784e-01 3.922926900000000217e+00
6.488626457476397436e-01 -2.494479755325559184e-02 -7.604965641134745491e-01 -2.458475799999999989e+00 -1.622083193844146842e-02 9.987818980973527383e-01 -4.660047901335658688e-02 -2.711620000000000141e-01 7.607326413166440870e-01 4.257319706196075609e-02 6.476676395554479271e-01 3.961200700000000019e+00
6.450518007941768994e-01 -2.565295600964222211e-02 -7.637081249667027061e-01 -2.504648700000000172e+00 -1.531982168498174229e-02 9.988013038630378926e-01 -4.648933711116786521e-02 -2.746026999999999774e-01 7.639852599073687633e-01 4.168790291514803265e-02 6.438855809806641739e-01 3.999454300000000018e+00
6.408650187693011313e-01 -2.892828340074446794e-02 -7.671083249041880103e-01 -2.550434800000000113e+00 -1.208321558041161939e-02 9.987857660218756317e-01 -4.775970575005872992e-02 -2.780438000000000076e-01 7.675584822142612618e-01 3.987665998527343408e-02 6.397373120034177685e-01 4.037817500000000059e+00
6.368182366304551145e-01 -3.390568046881348163e-02 -7.702680950985990593e-01 -2.596774299999999869e+00 -8.403885324292755671e-03 9.986680238542161581e-01 -5.090729655531652659e-02 -2.815481000000000233e-01 7.709681629006049919e-01 3.889193956415037262e-02 6.356850704795612428e-01 4.075937299999999652e+00
6.316686037089056516e-01 -3.778416996770792707e-02 -7.743172034691550021e-01 -2.643108799999999814e+00 -4.362003487914475897e-03 9.986225225752288770e-01 -5.228795588907617781e-02 -2.851623999999999826e-01 7.752262560143412529e-01 3.640623442953023342e-02 6.306336797861727961e-01 4.114002700000000345e+00
6.251369737141696525e-01 -4.147137484001207908e-02 -7.794125282315961245e-01 -2.689865100000000009e+00 1.425606883121065260e-03 9.986464287035495824e-01 -5.199305802375107921e-02 -2.893127999999999811e-01 7.805137614036693483e-01 3.139164708207521637e-02 6.243499281276247981e-01 4.151761099999999871e+00
6.167355856616703047e-01 -4.568272219666607431e-02 -7.858436907370696112e-01 -2.738245200000000157e+00 6.472555812209256076e-03 9.985751520362351474e-01 -5.296953612282866847e-02 -2.928911000000000153e-01 7.871437755580708018e-01 2.758178073497154908e-02 6.161525151873306072e-01 4.189835500000000046e+00
6.076272776989205537e-01 -4.609799692131567872e-02 -7.928833874385572411e-01 -2.787162100000000198e+00 8.939077390202176260e-03 9.986478692107190192e-01 -5.121060648247242192e-02 -2.969672999999999896e-01 7.941720117780599608e-01 2.402931544453649343e-02 6.072177597103497471e-01 4.227464200000000005e+00
5.987150576849622485e-01 -4.432149122617367459e-02 -7.997348842690185089e-01 -2.836570500000000106e+00 9.353051794816595599e-03 9.987866194186203472e-01 -4.835089753507700733e-02 -3.009281999999999790e-01 8.009074853710730357e-01 2.146844861214353833e-02 5.984031296632497110e-01 4.264168699999999923e+00
5.890825114269985230e-01 -4.453763659460106134e-02 -8.068445907716227383e-01 -2.886077900000000085e+00 9.327914688146574096e-03 9.987882283262561334e-01 -4.832250991483168223e-02 -3.045742000000000171e-01 8.080190497373379577e-01 2.093976798977484344e-02 5.887841212007195457e-01 4.300712100000000149e+00
5.795482684543127316e-01 -4.582730054735847935e-02 -8.136483657306453621e-01 -2.936742999999999881e+00 8.373225425768959784e-03 9.986997642619174220e-01 -5.028588230467812004e-02 -3.081637999999999877e-01 8.148948972889554776e-01 2.233023483380236832e-02 5.791784414018620319e-01 4.336557400000000229e+00
5.696844111073464667e-01 -4.794693504638509324e-02 -8.204637488402114487e-01 -2.987238599999999966e+00 8.838532777191869527e-03 9.985965005951908946e-01 -5.221981747751985869e-02 -3.118276999999999854e-01 8.218160086537754649e-01 2.249712023119208870e-02 5.693086399324016611e-01 4.371298799999999929e+00
5.499937531960535919e-01 -5.007537761974095031e-02 -8.336661969886741685e-01 -3.091349399999999914e+00 1.213231748449959679e-02 9.985745936852302718e-01 -5.197679981330698140e-02 -3.196151999999999882e-01 8.350806418051933688e-01 1.847261223047866677e-02 5.498173190066029115e-01 4.440095399999999692e+00
5.396368896919084834e-01 -4.968004483951587308e-02 -8.404307945502633714e-01 -3.144296399999999991e+00 1.335682880578686199e-02 9.986369817163865958e-01 -5.045566244375723763e-02 -3.237796000000000007e-01 8.417919115837928512e-01 1.600224650257469142e-02 5.395649225987313446e-01 4.473964699999999794e+00
5.293694979668617240e-01 -5.025000283089436914e-02 -8.469019257492615971e-01 -3.197728399999999915e+00 1.347002857285961239e-02 9.986163677699283481e-01 -5.083215864235494930e-02 -3.277156999999999987e-01 8.482844410647640832e-01 1.550120116282293833e-02 5.293139142417764287e-01 4.507037600000000310e+00
5.191523060912018872e-01 -5.166844329814514192e-02 -8.531185468897820590e-01 -3.251839200000000041e+00 1.311345219618493055e-02 9.985350576126229560e-01 -5.249548637791799643e-02 -3.313015999999999739e-01 8.545811374303117214e-01 1.606582353015749073e-02 5.190693295337458490e-01 4.539717200000000119e+00
5.092277758444221369e-01 -5.232249407667939611e-02 -8.590398296482759655e-01 -3.306609900000000213e+00 1.194735839749319628e-02 9.984838351036262605e-01 -5.373352458266963949e-02 -3.351403000000000021e-01 8.605488556356721830e-01 1.709934648898498930e-02 5.090808181554131728e-01 4.571736300000000419e+00
4.987593280695009623e-01 -5.375990938828426047e-02 -8.650716761091089557e-01 -3.360965000000000202e+00 1.123695289700994346e-02 9.983917600347987920e-01 -5.556639617796978181e-02 -3.392212000000000005e-01 8.666676776903877721e-01 1.799348874399238352e-02 4.985613009546263630e-01 4.603513200000000083e+00
4.889260402757493740e-01 -5.291899932470441048e-02 -8.707186150822483484e-01 -3.416529199999999822e+00 9.730313509895491264e-03 9.984269721763278094e-01 -5.521686544715648237e-02 -3.435681999999999903e-01 8.722709717394450113e-01 1.852459827586478217e-02 4.886718644647370935e-01 4.634589199999999742e+00
4.806493411614955469e-01 -5.104341171133397470e-02 -8.754260568214127236e-01 -3.472827199999999781e+00 9.199530827387635001e-03 9.985430443382546928e-01 -5.317101876253983728e-02 -3.476792000000000216e-01 8.768646300732947374e-01 1.750310614027329736e-02 4.804186318221496110e-01 4.664681899999999715e+00
4.722269568208232182e-01 -4.915542925831549448e-02 -8.801053601848901620e-01 -3.529103800000000124e+00 9.668039471241764160e-03 9.986727011865483838e-01 -5.059016621385479390e-02 -3.519762000000000168e-01 8.814239787210959021e-01 1.538114687510930972e-02 4.720754071716503075e-01 4.695006399999999580e+00
4.645289894339148518e-01 -4.987004709728516672e-02 -8.841525865923940408e-01 -3.586127999999999982e+00 1.016034730691335250e-02 9.986474858429034152e-01 -5.098986528959480180e-02 -3.558675000000000033e-01 8.854996246854704989e-01 1.470297324226242652e-02 4.644074043980442879e-01 4.724801499999999876e+00
4.565768664078506123e-01 -5.278008971131778471e-02 -8.881170121055292910e-01 -3.643694200000000105e+00 1.264316946923137522e-02 9.985228654076204746e-01 -5.284162680999841821e-02 -3.603137000000000145e-01 8.895941295483913436e-01 1.289765049224452995e-02 4.565697485432207436e-01 4.754592399999999941e+00
4.503202115546497408e-01 -5.637288743530462221e-02 -8.910857448234608125e-01 -3.700946599999999975e+00 1.489153044144820096e-02 9.983402538866160691e-01 -5.563254255126648395e-02 -3.641032000000000157e-01 8.927429357807805665e-01 1.178282783603026504e-02 4.504122729030588523e-01 4.782805899999999610e+00
4.442798074174796885e-01 -5.903173189131674659e-02 -8.939411095542023622e-01 -3.758042600000000011e+00 1.630839843481407883e-02 9.981943307920370101e-01 -5.781102070651290836e-02 -3.686421999999999755e-01 8.957396322936582722e-01 1.110552135422776185e-02 4.444402980534869485e-01 4.810924499999999604e+00
4.390138644347708063e-01 -6.236199296646497553e-02 -8.963134544718712737e-01 -3.815101600000000204e+00 1.703010717628288678e-02 9.979866809313012732e-01 -6.109468171035223327e-02 -3.727651000000000159e-01 8.983188756135612740e-01 1.155709812087372598e-02 4.391920208740266451e-01 4.838772800000000096e+00
4.344649878767707363e-01 -6.399597886665546465e-02 -8.984123156981630443e-01 -3.872168499999999902e+00 2.094808015338759863e-02 9.979207401937771893e-01 -6.095386968020272134e-02 -3.774911000000000239e-01 9.004450856366114087e-01 7.662309051615846106e-03 4.349022151850606699e-01 4.866009199999999701e+00
4.301425409181171555e-01 -6.101481960898834378e-02 -9.006967226989273101e-01 -3.929746199999999856e+00 2.318149397078443641e-02 9.981309231042994057e-01 -5.654448408325629671e-02 -3.826187999999999811e-01 9.024633027607207314e-01 3.442692411725411378e-03 4.307529861059233856e-01 4.893613799999999792e+00
4.259838603105196575e-01 -5.919866375670118641e-02 -9.027919300505342637e-01 -3.986526700000000201e+00 2.564505358897305534e-02 9.982461316819654096e-01 -5.335720952608766221e-02 -3.867308999999999886e-01 9.043672273923719640e-01 -4.228373365183155097e-04 4.267548936183631625e-01 4.920769700000000135e+00
4.226109029294173869e-01 -5.841766437596930539e-02 -9.044265593258742353e-01 -4.043705499999999731e+00 2.731065557381644193e-02 9.982881802182240749e-01 -5.171882953736506305e-02 -3.910842999999999958e-01 9.058996372762884164e-01 -2.843541004322346077e-03 4.234828939369875700e-01 4.947351499999999902e+00
4.195867582311796906e-01 -5.814127459184201957e-02 -9.058512816714923144e-01 -4.100686600000000404e+00 2.940729720554614152e-02 9.982933841666004060e-01 -5.045324568609252380e-02 -3.954292999999999836e-01 9.072387575429712303e-01 -5.469124064469668006e-03 4.205804625679291364e-01 4.973778199999999927e+00
4.174369134516718871e-01 -5.710479263202735550e-02 -9.069098444423207006e-01 -4.157689099999999804e+00 3.075464592707833483e-02 9.983395655879829800e-01 -4.870588809884811993e-02 -3.994639999999999858e-01 9.081853197678551037e-01 -7.560055558699596556e-03 4.185000245138678077e-01 4.999388200000000282e+00
4.146288167059130059e-01 -5.612874523639502927e-02 -9.082579525196806669e-01 -4.213973499999999817e+00 3.210874138649685156e-02 9.983768175229223996e-01 -4.703997193213876882e-02 -4.033497999999999806e-01 9.094239787269905451e-01 -9.658891809581498372e-03 4.157580218412885165e-01 5.025366799999999579e+00
4.122845414355973404e-01 -5.705134829905239569e-02 -9.092670677806929946e-01 -4.269201299999999755e+00 3.482874306659382302e-02 9.982947935147344909e-01 -4.684510537692133936e-02 -4.074624000000000024e-01 9.103891561028395474e-01 -1.235511629382265997e-02 4.135685379132770789e-01 5.050494699999999781e+00
4.093752157220270083e-01 -5.717358499077045131e-02 -9.105729591481657170e-01 -4.323957400000000284e+00 3.738731449292059805e-02 9.982475319203060193e-01 -4.586996544608509807e-02 -4.112701000000000273e-01 9.115997594709814855e-01 -1.526585059276879507e-02 4.107953655265940140e-01 5.075942500000000024e+00
4.064714747687157570e-01 -5.622208645096789248e-02 -9.119320244373728679e-01 -4.378678299999999801e+00 4.055216713768297621e-02 9.982314875362821027e-01 -4.346744795290816837e-02 -4.152888000000000135e-01 9.127630919027033274e-01 -1.931254219933895705e-02 4.080325523460304193e-01 5.100978399999999802e+00
4.044950996986503289e-01 -5.527667494428555733e-02 -9.128681194602441540e-01 -4.434271800000000319e+00 4.285076971539591301e-02 9.982209529940717641e-01 -4.145769576816014934e-02 -4.190437000000000189e-01 9.135357277384266173e-01 -2.234766678449919344e-02 4.061441319712891795e-01 5.125704800000000283e+00
4.031240345805036096e-01 -5.672905974559121212e-02 -9.133853658363035866e-01 -4.488605999999999874e+00 4.507259565906485133e-02 9.980963197893274463e-01 -4.209747668869128628e-02 -4.224537999999999904e-01 9.140347224608544874e-01 -2.419814462684281159e-02 4.049135413054582022e-01 5.149345399999999628e+00
4.012232538990814779e-01 -5.763054834143785388e-02 -9.141655322907873416e-01 -4.541718000000000366e+00 4.595527022564464825e-02 9.980284240834078613e-01 -4.274784041419384117e-02 -4.261249999999999760e-01 9.148267670270264773e-01 -2.485929643925188434e-02 4.030806392168001517e-01 5.173128600000000077e+00
4.011952856481657559e-01 -5.854977789505906582e-02 -9.141193938879788039e-01 -4.595110899999999887e+00 4.602937652444294425e-02 9.979829134220332687e-01 -4.371957244120198982e-02 -4.298935999999999868e-01 9.148353071840076289e-01 -2.453625941560165155e-02 4.030810497944954385e-01 5.196151699999999707e+00
4.015369719473759758e-01 -6.015021401088807562e-02 -9.138654233057383891e-01 -4.647941600000000228e+00 4.595680577639271736e-02 9.979071640625503115e-01 -4.548916261560605190e-02 -4.330916000000000210e-01 9.146890357723562737e-01 -2.373275515153051851e-02 4.034609326449766220e-01 5.219439000000000384e+00
4.040706492365441216e-01 -5.928829431611188500e-02 -9.128043649011782223e-01 -4.699388500000000413e+00 4.343271194618431724e-02 9.980153070141836169e-01 -4.559656235271081215e-02 -4.369728999999999974e-01 9.136960708893068217e-01 -2.122133649115818740e-02 4.058437444620424106e-01 5.241630100000000070e+00
4.089542726056592525e-01 -5.940588997213289146e-02 -9.106192086455211498e-01 -4.750627500000000225e+00 4.066531576463727760e-02 9.980739165375452915e-01 -4.684857757891346119e-02 -4.402686000000000099e-01 9.116483614921593315e-01 -1.787169169451986728e-02 4.105823518182893928e-01 5.263617499999999616e+00
