1.000000000000000000e+00 0.000000000000000000e+00 0.000000000000000000e+00 0.000000000000000000e+00 0.000000000000000000e+00 1.000000000000000000e+00 0.000000000000000000e+00 0.000000000000000000e+00 0.000000000000000000e+00 0.000000000000000000e+00 1.000000000000000000e+00 0.000000000000000000e+00
9.999544917745438743e-01 -6.856579866864919055e-03 -6.633377152175727078e-03 5.229999999999999732e-05 6.825225676475144866e-03 9.999654838078663177e-01 -4.737877939033509518e-03 -1.711000000000000118e-04 6.665633831743887107e-03 4.692388030555302673e-03 9.999667748581408944e-01 4.939280000000000059e-02
9.997825179123749351e-01 -8.650513784789797683e-03 -1.897591863523005740e-02 -5.881999999999999859e-04 8.531267484139494484e-03 9.999434073648116872e-01 -6.356063464464096861e-03 -5.946000000000000330e-04 1.902982795260571569e-02 6.192792496878352614e-03 9.997997374320444219e-01 6.598089999999999511e-02
9.907934019491927424e-01 -2.508887147625288305e-03 -1.353593001578609623e-01 -1.458779999999999973e-02 1.755247861715246611e-03 9.999822898238561741e-01 -5.686751584275092156e-03 -2.697999999999999877e-03 1.353711703387739940e-01 5.396806826058522452e-03 9.907802585423232111e-01 1.776574999999999960e-01
9.857045770801278195e-01 -1.931922028956250138e-04 -1.684827866580412559e-01 -2.317850000000000119e-02 -4.937117901552758210e-04 9.999917370817249518e-01 -4.035098132953825883e-03 -3.477599999999999962e-03 1.684821740480415275e-01 4.060596636831354661e-03 9.856963369024956956e-01 2.202919000000000127e-01
9.832825053385459979e-01 1.664126149681275334e-04 -1.820864822055546783e-01 -2.773070000000000049e-02 -8.959172969041399263e-04 9.999918992888220393e-01 -3.924116324911054721e-03 -3.938599999999999567e-03 1.820843541530938747e-01 4.021649360138813273e-03 9.832746891429040570e-01 2.424409999999999898e-01
9.773095228176085225e-01 -4.334731987446732542e-03 -2.117718269945637610e-01 -4.311569999999999986e-02 2.466290626897836048e-03 9.999556778056907236e-01 -9.086244257408410824e-03 -4.884900000000000179e-03 2.118018272361268384e-01 8.357782167454325811e-03 9.772768970239086306e-01 3.128904000000000130e-01
9.757365183771831152e-01 -3.748293365678159825e-03 -2.189159587650425232e-01 -4.928249999999999992e-02 1.392163438805397915e-03 9.999394498239906337e-01 -1.091597758584579754e-02 -5.169899999999999843e-03 2.189436196515729682e-01 1.034635117033282613e-02 9.756826555962381242e-01 3.376874999999999738e-01
9.720640266513326244e-01 -8.477759411089596034e-03 -2.345626903106395877e-01 -6.191209999999999769e-02 5.015435640824827609e-03 9.998695511331053831e-01 -1.535337494543765127e-02 -6.246699999999999996e-03 2.346622540924084843e-01 1.374802939515806788e-02 9.719797416572115711e-01 3.894522000000000261e-01
9.679078500657161133e-01 -1.516374592625233629e-02 -2.508474727611328392e-01 -7.594570000000000487e-02 1.069760325719952380e-02 9.997592322166160006e-01 -1.915825885079639607e-02 -7.596300000000000274e-03 2.510775877407515067e-01 1.585996239360705495e-02 9.678370247759477962e-01 4.439381000000000022e-01
9.632753778706741876e-01 -8.692954639327579724e-03 -2.683746987473825674e-01 -9.309109999999999607e-02 1.601898514839231614e-03 9.996440778494689594e-01 -2.662989939209145160e-02 -9.003499999999999351e-03 2.685106707549215765e-01 2.522201736823107346e-02 9.629464520577551978e-01 5.011965999999999921e-01
9.608596872088712715e-01 -1.077322958358708539e-02 -2.768259363231874159e-01 -1.016830999999999985e-01 3.102821271924093016e-03 9.995994144266288073e-01 -2.813153351837492655e-02 -1.020120000000000055e-02 2.770181113158931563e-01 2.617151509332771991e-02 9.605082080860606331e-01 5.309620999999999924e-01
9.583220794199985848e-01 -1.394308178012921770e-02 -2.853495795802100110e-01 -1.107202000000000047e-01 5.492636406127248544e-03 9.995229253545929726e-01 -3.039329919418150283e-02 -1.127620000000000011e-02 2.856372227869471425e-01 2.755924819492681921e-02 9.579414725323726065e-01 5.610842000000000329e-01
9.535651222025434137e-01 -1.303478205987883623e-02 -3.009047227537312019e-01 -1.310816999999999954e-01 2.406745496034186881e-03 9.993609394431560711e-01 -3.566399152380196613e-02 -1.424029999999999914e-02 3.011772987709493976e-01 3.328373734940173745e-02 9.529871077475761121e-01 6.230514000000000330e-01
9.510792366764815320e-01 -1.392006142140385025e-02 -3.086333058062683543e-01 -1.416348000000000051e-01 1.231919341854637202e-03 9.991473724249126942e-01 -4.126754840219928194e-02 -1.548380000000000069e-02 3.089446033476169751e-01 3.886849709491017185e-02 9.502854686861030853e-01 6.548977000000000270e-01
9.493070359126957181e-01 -1.501927060764042532e-02 -3.139913582840558326e-01 -1.528892000000000029e-01 -3.990122320287900828e-04 9.987995658979123004e-01 -4.898232284590765817e-02 -1.712949999999999889e-02 3.143501111116243085e-01 4.662455010567398417e-02 9.481614625007456221e-01 6.869709999999999983e-01
9.465499139836118792e-01 -1.615154331262933646e-02 -3.221527401501300680e-01 -1.758164000000000116e-01 -5.299218578891566264e-03 9.978320751686824419e-01 -6.559777471083984290e-02 -2.143050000000000163e-02 3.225138425247358054e-01 6.379872579590618875e-02 9.444122743626052197e-01 7.533539000000000208e-01
9.451388469931990555e-01 -1.610930163516520811e-02 -3.262714365450850584e-01 -1.881161000000000083e-01 -8.625549262076284002e-03 9.972044192205519186e-01 -7.422227554399818406e-02 -2.392589999999999995e-02 3.265549874129832775e-01 7.296462627759398023e-02 9.423576834238034383e-01 7.876509000000000427e-01
9.436559221835915112e-01 -1.563881379081655254e-02 -3.305585092401220892e-01 -2.006564000000000125e-01 -1.197084059946710091e-02 9.966158503525249790e-01 -8.132370995875565223e-02 -2.680139999999999953e-02 3.307116561344305428e-01 8.069866373943146431e-02 9.402752395801414753e-01 8.225152000000000019e-01
9.420629615942340829e-01 -1.318742166174374786e-02 -3.351767717223494980e-01 -2.143008000000000135e-01 -1.731004888410798276e-02 9.959842657586081005e-01 -8.783908337930206034e-02 -3.006549999999999848e-02 3.349891619141287524e-01 8.855187333535953498e-02 9.380516121881929958e-01 8.573058999999999541e-01
9.403736686952279822e-01 -1.214857092890308729e-02 -3.399261323421059466e-01 -2.279448000000000030e-01 -2.095134367276160411e-02 9.953955951007458225e-01 -9.353422075549601422e-02 -3.358320000000000055e-02 3.394972819080933069e-01 9.507902754244722254e-02 9.357892786832937571e-01 8.935712999999999573e-01
9.369860317774831859e-01 -7.563445193225600688e-03 -3.492849417748986607e-01 -2.565271000000000079e-01 -3.000820423599944928e-02 9.943285302911742951e-01 -1.020307871552691009e-01 -4.135099999999999887e-02 3.480756870745439491e-01 1.060828362450889212e-01 9.314449784725783443e-01 9.651148999999999978e-01
9.350032627172776278e-01 -7.076728416797208737e-03 -3.545684963768782616e-01 -2.709968999999999850e-01 -3.158144000550185126e-02 9.941671088445125370e-01 -1.031230931407804141e-01 -4.556509999999999727e-02 3.532301110540044808e-01 1.076182122442947975e-01 9.293259971818917942e-01 1.001692999999999945e+00
9.326958380298817630e-01 -7.153647983716268990e-03 -3.605929825194350014e-01 -2.854365999999999848e-01 -3.186926684638124313e-02 9.942577169428078454e-01 -1.021564590730778682e-01 -4.993380000000000041e-02 3.592531468928429894e-01 1.067727381881740517e-01 9.271120530051309983e-01 1.038514299999999890e+00
9.302306019735799847e-01 -6.888739451843057388e-03 -3.669108507807250508e-01 -3.005796000000000023e-01 -3.233071289845344809e-02 9.943976684518943676e-01 -1.006379748450558775e-01 -5.427980000000000305e-02 3.655485633337226536e-01 1.054790132974372519e-01 9.247964238676804616e-01 1.076342099999999968e+00
9.242315771302349603e-01 -6.365304508358810356e-03 -3.817793534672539457e-01 -3.324248000000000203e-01 -3.247293094752156523e-02 9.949283397006840612e-01 -9.520035512600660832e-02 -6.325219999999999454e-02 3.804490775268564717e-01 1.003846689437991047e-01 9.193374884393694657e-01 1.152396900000000057e+00
9.169235765948847705e-01 -1.525841672173341296e-03 -3.990599284463877128e-01 -3.665869999999999962e-01 -3.497642757831248561e-02 9.958370855618674522e-01 -8.417332435816569924e-02 -7.147770000000000512e-02 3.975271112745691893e-01 9.113819631108226182e-02 9.130531337084709653e-01 1.230394399999999999e+00
9.134070610340170315e-01 2.965036633965693197e-03 -4.070365455471520177e-01 -3.850974999999999815e-01 -3.893534845109641873e-02 9.960247461512354850e-01 -8.011706244838613655e-02 -7.538999999999999868e-02 4.051809219277126561e-01 8.902760028286811622e-02 9.098914808336666660e-01 1.269325100000000095e+00
9.093609298282008258e-01 4.124716660000572049e-03 -4.159876031980577760e-01 -4.039304000000000228e-01 -4.036496625067513555e-02 9.961074493995544232e-01 -7.836210021621399513e-02 -7.920839999999999825e-02 4.140451289431768545e-01 8.805075787969586509e-02 9.059876904435507639e-01 1.308628099999999961e+00
9.053135827596723306e-01 3.908012558279522208e-03 -4.247258460568301142e-01 -4.228773000000000115e-01 -4.086029590121769556e-02 9.961212189742607581e-01 -7.792915582821140219e-02 -8.276089999999999836e-02 4.227738793843711096e-01 8.790474701105198407e-02 9.019617521620371114e-01 1.347813499999999998e+00
9.011642770076222497e-01 3.482909132694358284e-03 -4.334637414932220878e-01 -4.421549000000000174e-01 -4.062929291316104419e-02 9.962442999273545263e-01 -7.646277146188076856e-02 -8.662630000000000330e-02 4.315694688027711390e-01 8.651684348280766490e-02 8.979212824023413697e-01 1.387740999999999891e+00
8.972781064630356296e-01 4.948139027710709431e-03 -4.414380087648454021e-01 -4.629464999999999830e-01 -4.233929902164425274e-02 9.962923861323456087e-01 -7.489235670662877653e-02 -9.003909999999999692e-02 4.394307492887418176e-01 8.588944786689209354e-02 8.941608464502656117e-01 1.427851999999999899e+00
8.934016471870948051e-01 4.553659903519635677e-03 -4.492357521222781758e-01 -4.837880999999999987e-01 -4.148284040878277151e-02 9.965128866673941266e-01 -7.239641329124552049e-02 -9.377580000000000637e-02 4.473395474972063912e-01 8.331464989604439597e-02 8.904751531388701569e-01 1.468507599999999913e+00
8.894795431701613131e-01 5.046555708447530986e-03 -4.569471244654931263e-01 -5.054300000000000459e-01 -4.057068779795754143e-02 9.968625172125736844e-01 -6.796426316978662618e-02 -9.768910000000000093e-02 4.551704752874486948e-01 7.899148088302238024e-02 8.868935586497994628e-01 1.509252999999999956e+00
8.856748582482865118e-01 7.362214544277913275e-03 -4.642476098634020221e-01 -5.275684000000000484e-01 -4.084087175014122079e-02 9.972339669072023405e-01 -6.210022899485337367e-02 -1.011364000000000013e-01 4.625062904021587928e-01 7.396088860694369216e-02 8.835257315409128509e-01 1.550451599999999930e+00
8.815265444958416685e-01 7.431021935260156974e-03 -4.720759803911004360e-01 -5.500175999999999954e-01 -3.954837709760443409e-02 9.975242978697241858e-01 -5.814809565634554422e-02 -1.043689000000000006e-01 4.704751611064782457e-01 6.992892872418049466e-02 8.796380322094548010e-01 1.592290999999999901e+00
8.777994029347540028e-01 6.318802359728190043e-03 -4.789867231397214042e-01 -5.733924999999999716e-01 -3.791992304042020312e-02 9.976917770472517599e-01 -5.633114102257574113e-02 -1.073695000000000066e-01 4.775251696444890448e-01 6.761058163509170438e-02 8.760128547041798885e-01 1.634496500000000019e+00
8.746152504095952018e-01 5.682789480759901229e-03 -4.847843537643087841e-01 -5.973281000000000285e-01 -3.703577208929836884e-02 9.977925762530054365e-01 -5.512101559423478181e-02 -1.103641999999999956e-01 4.834009881420502919e-01 6.616404369525559492e-02 8.728950704323983345e-01 1.676659899999999981e+00
8.713425808604545741e-01 6.483849081582870530e-03 -4.906323129192872168e-01 -6.218544000000000294e-01 -3.742520725219027067e-02 9.978781339012078311e-01 -5.327836093550191582e-02 -1.133202999999999988e-01 4.892458079959118855e-01 6.478572051718085867e-02 8.697363679733629560e-01 1.719284199999999929e+00
8.684001743287163011e-01 6.043405838397545790e-03 -4.958272022305023063e-01 -6.468129999999999713e-01 -3.656118225455989162e-02 9.979843647858633870e-01 -5.186991030554892468e-02 -1.165797999999999973e-01 4.945143245427819356e-01 6.317186785927149384e-02 8.668707504196728753e-01 1.762405900000000081e+00
8.656985541283646057e-01 5.497078521660748313e-03 -5.005355087381770929e-01 -6.727661000000000335e-01 -3.626197371358609589e-02 9.980011816218927745e-01 -5.175626284519502934e-02 -1.199873999999999941e-01 4.992505209235681973e-01 6.295572737275315078e-02 8.641675148653260585e-01 1.806618599999999963e+00
8.635159529366032150e-01 2.708647221868009866e-03 -5.043142495054226959e-01 -6.988031999999999577e-01 -3.373564350941844064e-02 9.980559946886943257e-01 -5.240360505696674276e-02 -1.222982999999999987e-01 5.031919170465635194e-01 6.226471469611487286e-02 8.619286512947668122e-01 1.850494499999999931e+00
8.624123517257705762e-01 3.979751705914708754e-03 -5.061907715152313969e-01 -7.260391999999999957e-01 -3.548733585621473285e-02 9.979841484799605311e-01 -5.261452628843522189e-02 -1.256040999999999963e-01 5.049609733282900415e-01 6.333877926742426112e-02 8.608150872610553783e-01 1.894311099999999914e+00
8.616124005160453736e-01 4.245757713474032635e-03 -5.075490565634185325e-01 -7.528753000000000251e-01 -3.529759299862974403e-02 9.980452872746092829e-01 -5.157212888223451641e-02 -1.287619999999999876e-01 5.063379811997920088e-01 6.235044579135901044e-02 8.600780608201432642e-01 1.939906700000000095e+00
8.616349649855457038e-01 4.424922919682947389e-03 -5.075092188044590946e-01 -7.807281999999999833e-01 -3.465673768952941963e-02 9.981408903842192704e-01 -5.013654830278224672e-02 -1.315052999999999916e-01 5.063438531739835602e-01 6.078801691248802985e-02 8.601864445297719985e-01 1.986653800000000025e+00
8.611279735086105891e-01 3.432517005050851611e-03 -5.083766625917870430e-01 -8.088600999999999708e-01 -3.337362461128352831e-02 9.982019088246710803e-01 -4.979106746283146201e-02 -1.345448999999999951e-01 5.072916463152717936e-01 5.984285292157401348e-02 8.596941424326142167e-01 2.033918100000000173e+00
8.605797406222481793e-01 6.866458219440523675e-04 -5.093152643972683746e-01 -8.370273000000000296e-01 -3.076172889906577529e-02 9.982435325709774210e-01 -5.063166712005916226e-02 -1.376631000000000105e-01 5.083859027015643628e-01 5.924000504499729591e-02 8.590892827503927576e-01 2.080825799999999948e+00
8.594212361772893827e-01 -1.418657033078071783e-03 -5.112661989802596008e-01 -8.651731999999999756e-01 -2.885588868506549706e-02 9.982675664078917155e-01 -5.127575983113982078e-02 -1.407341000000000009e-01 5.104532069599474475e-01 5.882051742621890317e-02 8.578914093485358050e-01 2.127765699999999871e+00
8.577304654594306577e-01 -1.766613441358980824e-03 -5.140966131960968966e-01 -8.942514000000000296e-01 -2.745705899439284184e-02 9.984094588787953972e-01 -4.924086039794015740e-02 -1.439966000000000024e-01 5.133659109583794677e-01 5.635096714609084262e-02 8.563177038737278535e-01 2.175504200000000221e+00
8.555844754559811527e-01 -1.208644284308262734e-03 -5.176618051756451955e-01 -9.232483000000000217e-01 -2.603261835727443269e-02 9.986315418225714113e-01 -4.535798119998687289e-02 -1.471136999999999861e-01 5.170082283099353138e-01 5.228367676500834255e-02 8.543821797086792458e-01 2.223609900000000028e+00
8.526302602582257473e-01 -9.165290118954925319e-04 -5.225139225576295177e-01 -9.523068000000000088e-01 -2.419153473254952863e-02 9.988568802047959050e-01 -4.122744856070854891e-02 -1.505969000000000058e-01 5.219544127021765734e-01 4.779218390189313159e-02 8.516334294863098231e-01 2.270280399999999865e+00
8.484741537435290804e-01 -9.591134419252682342e-04 -5.292359497715624084e-01 -9.819987999999999495e-01 -2.335548577528131359e-02 9.989562769301472134e-01 -3.925401974396724308e-02 -1.536237000000000019e-01 5.287212230593762996e-01 4.566658387995161522e-02 8.475661811347433572e-01 2.317556399999999961e+00
8.432308735359475005e-01 -4.273587417546657538e-03 -5.375345852746477027e-01 -1.011398900000000101e+00 -2.132655592627401980e-02 9.989151568963648975e-01 -4.139670681387824791e-02 -1.565732999999999986e-01 5.371283570322148426e-01 4.637074264334435647e-02 8.422249594369536352e-01 2.362924099999999861e+00
8.370746708789937873e-01 -8.302669846561430700e-03 -5.470256493495009309e-01 -1.041633599999999937e+00 -1.938554805915662302e-02 9.988067899032910812e-01 -4.482406685620012737e-02 -1.594337999999999866e-01 5.467450922498255927e-01 4.812548302616784929e-02 8.359149131246719211e-01 2.408588899999999811e+00
8.306026425830526083e-01 -8.481032038642422055e-03 -5.568009718289016474e-01 -1.072534899999999958e+00 -1.931454485071038354e-02 9.988436440748909018e-01 -4.402639036308161197e-02 -1.623116000000000003e-01 5.565305009532358627e-01 4.732279352227707764e-02 8.294783630221997939e-01 2.454888299999999912e+00
8.246655687538988477e-01 -5.257842443005039321e-03 -5.655961941214359134e-01 -1.104675300000000027e+00 -2.032910260402244484e-02 9.990352070905581527e-01 -3.892791518744264517e-02 -1.651743999999999990e-01 5.652551877684305337e-01 4.360057438119519652e-02 8.237630500420045632e-01 2.500921700000000136e+00
8.193919439684973494e-01 -3.458434467434236964e-04 -5.732335671886610307e-01 -1.136871900000000046e+00 -2.372126558084693138e-02 9.991227801040113432e-01 -3.451045981255913830e-02 -1.680165000000000131e-01 5.727426505148449642e-01 4.187541844019802839e-02 8.186649532083856151e-01 2.546266300000000093e+00
8.153250262046424224e-01 -5.570420435217771082e-04 -5.790032740395867350e-01 -1.169371500000000008e+00 -2.478254649819710762e-02 9.990495354504318470e-01 -3.585876608781937008e-02 -1.707357999999999931e-01 5.784729267938679698e-01 4.358572496171188998e-02 8.145362837505142339e-01 2.591117099999999951e+00
8.117796573936089111e-01 -3.223710413038092734e-03 -5.839549601922121580e-01 -1.201921599999999923e+00 -2.486973178682544416e-02 9.988866541968667301e-01 -4.008676225689420530e-02 -1.733766999999999947e-01 5.834340445009756904e-01 4.706442136648727320e-02 8.107956931056500283e-01 2.635834700000000197e+00
8.087085706677581420e-01 -5.235809841012295518e-03 -5.881862239323699670e-01 -1.234911899999999951e+00 -2.771261111840613023e-02 9.985108213182326553e-01 -4.699096610401217594e-02 -1.765200000000000102e-01 5.875563453095468125e-01 5.430217312131428026e-02 8.073591611425434689e-01 2.680391800000000213e+00
8.054477558293502426e-01 -6.270566563420185494e-03 -5.926336074037962254e-01 -1.268390499999999976e+00 -2.782285677289532411e-02 9.984414962277395889e-01 -4.837837586678044727e-02 -1.794997999999999871e-01 5.920133455171919801e-01 5.545501425016721025e-02 8.040179973881527165e-01 2.724629600000000096e+00
8.020877933396116655e-01 -4.535490935526978462e-03 -5.971889157524327141e-01 -1.302044399999999991e+00 -2.730519460093708967e-02 9.986469028047283425e-01 -4.425821806544402715e-02 -1.829108000000000123e-01 5.965815938523392203e-01 5.180533602339813803e-02 8.008786481334768670e-01 2.769583200000000023e+00
7.986722303835497305e-01 -2.203425629009551218e-03 -6.017622564847878719e-01 -1.335731299999999955e+00 -2.667702801458508161e-02 9.988805486686646029e-01 -3.906386652261401027e-02 -1.858879999999999977e-01 6.011746872502826688e-01 4.725245397738603303e-02 7.977193748447131139e-01 2.814046600000000176e+00
7.956502212867643253e-01 -5.991935123476378744e-04 -6.057560287223378026e-01 -1.370050999999999908e+00 -2.672218768057801203e-02 9.989913067559056392e-01 -3.608730679466049668e-02 -1.886587999999999876e-01 6.051666299887055178e-01 4.489999992497489129e-02 7.948316425223962423e-01 2.858477399999999946e+00
7.926421278630145784e-01 -1.934554291037008517e-04 -6.096871490459591092e-01 -1.404634099999999997e+00 -2.765771920875560730e-02 9.989590739018928689e-01 -3.627422276551447305e-02 -1.914297000000000082e-01 6.090595272261670745e-01 4.561503309293426373e-02 7.918116954497251836e-01 2.901790099999999928e+00
7.888988410703554610e-01 -1.664432325885993949e-03 -6.145208281440773801e-01 -1.438808400000000098e+00 -2.760135679961753241e-02 9.988911727108059635e-01 -3.813908996359469811e-02 -1.940687000000000106e-01 6.139029106142682712e-01 4.704949251015900363e-02 7.879781479164674751e-01 2.945360899999999837e+00
7.849617630796537071e-01 -4.165719941794094119e-03 -6.195302069150849800e-01 -1.473538599999999921e+00 -2.647337189731797241e-02 9.988385252577198781e-01 -4.025867659734456289e-02 -1.971758999999999873e-01 6.189783445996053235e-01 4.800257533039058860e-02 7.839397691649419020e-01 2.988589499999999788e+00
7.807705938134403834e-01 -5.701510318522940574e-03 -6.247917834097175271e-01 -1.509088399999999996e+00 -2.541253222870970552e-02 9.988411849370169016e-01 -4.087163416528340198e-02 -1.999096999999999957e-01 6.243007953238025598e-01 4.778891140948648975e-02 7.797209352738734278e-01 3.031999599999999795e+00
7.759372131316558674e-01 -5.910103577467429661e-03 -6.307824600868215947e-01 -1.544733200000000028e+00 -2.476526726139920143e-02 9.988997844789100355e-01 -3.982338641374626870e-02 -2.027846000000000093e-01 6.303238237723135517e-01 4.652194367920033796e-02 7.749371496717386565e-01 3.076055499999999832e+00
7.710708964358093942e-01 -5.446276733213116852e-03 -6.367260091589022064e-01 -1.580978299999999948e+00 -2.522171880965843466e-02 9.989174248471764939e-01 -3.908763534638409753e-02 -2.057300999999999991e-01 6.362495874811737728e-01 4.619866238789424595e-02 7.700987897819380201e-01 3.118935099999999849e+00
7.657973867969820603e-01 -6.903248534473783657e-03 -6.430448721003726442e-01 -1.617216900000000068e+00 -2.458923886680910997e-02 9.988968140722517264e-01 -4.000655156666647200e-02 -2.087974999999999970e-01 6.426116492150327764e-01 4.644889660666467329e-02 7.647828242691901979e-01 3.161114500000000049e+00
7.602955396396798848e-01 -8.554111675601513629e-03 -6.495209924070578511e-01 -1.654228199999999926e+00 -2.388489896835820775e-02 9.988689601924084505e-01 -4.111340371956666295e-02 -2.116557000000000022e-01 6.491380469555604327e-01 4.677208074886229916e-02 7.592313010256772632e-01 3.204251800000000205e+00
7.545647557601400379e-01 -9.877290888728296192e-03 -6.561512542770452372e-01 -1.691554800000000025e+00 -2.330394790863362514e-02 9.988527079417475196e-01 -4.183531820495384884e-02 -2.147054999999999936e-01 6.558116767613336728e-01 4.685837131332561828e-02 7.534688697360698573e-01 3.246807599999999905e+00
7.485116708668300145e-01 -1.151944716269255077e-02 -6.630215538828373445e-01 -1.729532400000000081e+00 -2.235051034675064607e-02 9.988427548781996235e-01 -4.258644989393500085e-02 -2.178791999999999951e-01 6.627448477833578488e-01 4.669532486657287235e-02 7.473879938641101450e-01 3.289780899999999786e+00
7.424356548601042105e-01 -1.416816632849372988e-02 -6.697675428500073913e-01 -1.767623699999999909e+00 -2.018580938501258332e-02 9.988492430877208283e-01 -4.350543279360648274e-02 -2.212160999999999988e-01 6.696131954284654242e-01 4.581978443833197023e-02 7.412952959935092956e-01 3.331445500000000060e+00
7.362901350755307606e-01 -1.578220525333308769e-02 -6.764818984923383072e-01 -1.806269799999999925e+00 -1.850611992929475022e-02 9.988843594751488641e-01 -4.344605760116761889e-02 -2.241602000000000039e-01 6.764128624705617598e-01 4.450795876315920968e-02 7.351766325796255108e-01 3.373460099999999962e+00
7.299678632363708619e-01 -1.534702649922828344e-02 -6.833091448383806776e-01 -1.845830000000000082e+00 -1.826165054861264569e-02 9.989530180336256837e-01 -4.194496251936642717e-02 -2.271317999999999948e-01 6.832374629375700392e-01 4.309682748350142367e-02 7.289233380126403095e-01 3.414879800000000021e+00
7.234605761141704727e-01 -1.535346058140006978e-02 -6.901949478638104152e-01 -1.886080299999999932e+00 -1.794487563654792103e-02 9.989966518651666183e-01 -4.103256024885420378e-02 -2.302954999999999863e-01 6.901324338465345543e-01 4.207090218146523203e-02 7.224591773537769601e-01 3.456479999999999997e+00
7.170920315144513335e-01 -1.697575706088634909e-02 -6.967717287682436700e-01 -1.926279800000000098e+00 -1.697798018722629712e-02 9.989812444307393235e-01 -4.181173835627665508e-02 -2.333888000000000074e-01 6.967716746016870966e-01 4.181264100509978626e-02 7.160732759466306163e-01 3.497657300000000191e+00
7.104170685351625103e-01 -1.900072494616965660e-02 -7.035243856366504289e-01 -1.966888200000000086e+00 -1.604901932997116268e-02 9.989381573929161373e-01 -4.318549157983279929e-02 -2.366717000000000126e-01 7.035979091160324828e-01 4.197058679558345051e-02 7.093577744210477487e-01 3.538156299999999810e+00
7.041662912528733331e-01 -1.820443187402211865e-02 -7.098016856300903843e-01 -2.008330599999999855e+00 -1.794346845089801051e-02 9.988957626081857999e-01 -4.341989616941163699e-02 -2.394295999999999924e-01 7.098083306098381673e-01 4.331113140469719514e-02 7.030620738550188431e-01 3.578807100000000130e+00
6.939837779805734241e-01 -1.605446067840244143e-02 -7.198116213233403116e-01 -2.092746700000000182e+00 -2.070976969009041477e-02 9.988925911187801487e-01 -4.224567252859171701e-02 -2.457024999999999904e-01 7.196927270295245815e-01 4.422494432257915303e-02 6.928827699982669230e-01 3.658692100000000114e+00
6.889845622716623819e-01 -1.766850808247429419e-02 -7.245606232562362692e-01 -2.136192299999999822e+00 -2.013820670977343671e-02 9.988501569431849081e-01 -4.350651221471767832e-02 -2.486358999999999930e-01 7.244961874170494642e-01 4.456666687912035768e-02 6.878365260884633514e-01 3.699467199999999956e+00
6.835450870874472118e-01 -1.962968400667578286e-02 -7.296442896538094525e-01 -2.179826300000000217e+00 -2.029626022360756302e-02 9.987406065824538937e-01 -4.588314052293741147e-02 -2.520772000000000013e-01 7.296260519879685935e-01 4.617224565807983433e-02 6.822858257294666107e-01 3.740294899999999867e+00
6.784344994951216901e-01 -2.194167054466893488e-02 -7.343331621195606784e-01 -2.224420299999999795e+00 -2.026628766925072864e-02 9.986145495537535055e-01 -4.856190897875807544e-02 -2.552982999999999780e-01 7.343813093202405939e-01 4.782828152111694153e-02 6.770498859078448728e-01 3.781111500000000181e+00
6.733319123569637688e-01 -2.268847529685638284e-02 -7.389921304658243484e-01 -2.269138100000000158e+00 -2.026007165687615866e-02 9.985874539419488105e-01 -4.911849271093803732e-02 -2.588098999999999816e-01 7.390626937534948704e-01 4.804508214625267254e-02 6.719211298831044843e-01 3.821117600000000003e+00
6.686691054457353234e-01 -2.251454583430063938e-02 -7.432191619221582002e-01 -2.314566600000000030e+00 -1.958656725159858142e-02 9.986612973158611739e-01 -4.787462403716374187e-02 -2.621232000000000006e-01 7.433020878523741715e-01 4.656939412614626711e-02 6.673329736533517575e-01 3.860844900000000024e+00
6.631537497392875347e-01 -2.210722521454499406e-02 -7.481566512435988692e-01 -2.360032799999999931e+00 -1.938713630391720316e-02 9.987210133641972742e-01 -4.669557163933479166e-02 -2.658890999999999893e-01 7.482320784039240280e-01 4.547095840318628873e-02 6.618769891673527139e-01 3.901384100000000021e+00
6.580844731751888110e-01 -2.347472052316164695e-02 -7.525780781168779354e-01 -2.405613199999999896e+00 -1.822268488702121284e-02 9.987245480867090741e-01 -4.708726796605650078e-02 -2.693226000000000231e-01 7.527235614229453864e-01 4.470139310310514147e-02 6.568173456398660459e-01 3.940691000000000166e+00
6.532757024907512866e-01 -2.445832118826556101e-02 -7.567249480887141555e-01 -2.452035200000000081e+00 -1.724676782138563624e-02 9.987379965835602169e-01 -4.716951536714971555e-02 -2.728245999999999727e-01 7.569236457760655234e-01 4.386575777195916154e-02 6.520294393354959528e-01 3.980326199999999925e+00
6.489912432159746780e-01 -2.511237423146866002e-02 -7.603813088769623141e-01 -2.498298399999999919e+00 -1.643097002687842964e-02 9.987593184013910941e-01 -4.700901116131252916e-02 -2.762827999999999951e-01 7.606184256596467685e-01 4.300223909108980697e-02 6.477734310545573138e-01 4.019126899999999836e+00
6.449680014629388669e-01 -2.595150449515346014e-02 -7.637688108998300640e-01 -2.545476400000000083e+00 -1.517770061006612319e-02 9.987911187400279056e-01 -4.675402154076924166e-02 -2.798586000000000129e-01 7.640588422975639338e-01 4.174710218064896228e-02 6.437944275670806071e-01 4.058758700000000275e+00
6.407769384681669678e-01 -2.901074064207696812e-02 -7.671787875422266811e-01 -2.592195300000000202e+00 -1.220819690915550711e-02 9.987743967035475068e-01 -4.796524176622035673e-02 -2.835613000000000161e-01 7.676300378799607582e-01 4.010089047468681778e-02 6.396374313058508232e-01 4.097926600000000086e+00
6.367791573451722087e-01 -3.411164229818435673e-02 -7.702913089412948278e-01 -2.640114099999999908e+00 -8.606357600088550275e-03 9.986442159038518840e-01 -5.133868571204720788e-02 -2.869713999999999876e-01 7.709982071182992502e-01 3.932080748791512426e-02 6.356222452989405136e-01 4.137009599999999843e+00
6.317947849965526164e-01 -3.766241948671544826e-02 -7.742201830290699194e-01 -2.687514499999999806e+00 -4.901600500129447285e-03 9.986048091663238813e-01 -5.257765135898475467e-02 -2.907696000000000169e-01 7.751201996875690670e-01 3.701320397231908782e-02 6.307287045695690875e-01 4.175700199999999640e+00
6.252435893906704845e-01 -4.142249027972871867e-02 -7.793296037139206822e-01 -2.735467900000000174e+00 8.450711423728315963e-04 9.986257971390712918e-01 -5.240041166936415529e-02 -2.948701000000000239e-01 7.804292022859186106e-01 3.210443251920652719e-02 6.244193828125330636e-01 4.214342600000000161e+00
6.166475955357785255e-01 -4.541851010449086956e-02 -7.859280513252030476e-01 -2.784181600000000145e+00 6.048901781503801534e-03 9.985782367042320695e-01 -5.296145738085662052e-02 -2.988850000000000118e-01 7.872160781559155440e-01 2.790455376018102090e-02 6.160456007247065990e-01 4.252992599999999790e+00
6.074896523607911103e-01 -4.626692842795464972e-02 -7.929789994750224835e-01 -2.834155299999999933e+00 9.014375157176346409e-03 9.986394916759404605e-01 -5.136055593298193001e-02 -3.029780000000000251e-01 7.942764401108035610e-01 2.405279607575397036e-02 6.070802250821940582e-01 4.291395699999999813e+00
5.985982751072925767e-01 -4.446357271794294796e-02 -7.998144133108192610e-01 -2.885132800000000053e+00 9.370880443664273557e-03 9.987786841550384542e-01 -4.851109849550390429e-02 -3.070681000000000105e-01 8.009945640503962627e-01 2.154369463871343496e-02 5.982838603731754912e-01 4.329333799999999677e+00
5.890595599500971780e-01 -4.480197635620356000e-02 -8.068467126697463909e-01 -2.935474399999999928e+00 9.113808309691457527e-03 9.987667451179379485e-01 -4.880499302954697388e-02 -3.105209999999999915e-01 8.080382251660450654e-01 2.139560144277573989e-02 5.887414159963691995e-01 4.366289100000000367e+00
5.796935540943548570e-01 -4.618201702900343042e-02 -8.135248027224419864e-01 -2.987443900000000152e+00 8.215005314493317723e-03 9.986730892515992553e-01 -5.083871056931113519e-02 -3.141297000000000117e-01 8.147931621148634118e-01 2.278776223766122710e-02 5.793037380019757654e-01 4.402849200000000351e+00
5.698338372961906373e-01 -4.837171756031725944e-02 -8.203350381475629227e-01 -3.039481599999999784e+00 8.744788592799271343e-03 9.985664558281919234e-01 -5.280683636794412938e-02 -3.179440000000000044e-01 8.217134090087405696e-01 2.291746571915126776e-02 5.694399557637712661e-01 4.438597200000000242e+00
5.497070155308746431e-01 -5.061470789994092223e-02 -8.338227320122318931e-01 -3.145824699999999918e+00 1.206440139099064501e-02 9.985396335594100004e-01 -5.265976101461269931e-02 -3.258882000000000168e-01 8.352704036988355396e-01 1.888786793798385988e-02 5.495148780056291482e-01 4.509288299999999694e+00
5.391913228839138039e-01 -5.009961239346156364e-02 -8.406918259176306973e-01 -3.200159300000000151e+00 1.347624249168413030e-02 9.986144822778392216e-01 -5.086754046804706914e-02 -3.303675999999999835e-01 8.420754765548040810e-01 1.609796952997463032e-02 5.391194182757764741e-01 4.544214700000000384e+00
5.189246323349661072e-01 -5.204553959410283120e-02 -8.532341342002081053e-01 -3.310121099999999927e+00 1.331508747122147479e-02 9.985158373563022272e-01 -5.280938358167207303e-02 -3.382899999999999796e-01 8.547162888360404498e-01 1.604320282864767425e-02 5.188474546929423559e-01 4.611260399999999926e+00
5.089791358351550832e-01 -5.237848155827998231e-02 -8.591837602947041130e-01 -3.366180200000000067e+00 1.166591632172343795e-02 9.984749910102934667e-01 -5.395923204947261631e-02 -3.423001999999999989e-01 8.606997999772472152e-01 1.744095744628747224e-02 5.088139810603512503e-01 4.643979100000000138e+00
4.984855923418497481e-01 -5.383559271515203637e-02 -8.652247356523061761e-01 -3.421868100000000190e+00 1.098820434565240048e-02 9.983820497335369470e-01 -5.579016163374623388e-02 -3.464321000000000206e-01 8.668283414799340392e-01 1.830332556858490362e-02 4.982706239387156844e-01 4.676369199999999893e+00
4.887447238574866293e-01 -5.302931775739122555e-02 -8.708136921062132885e-01 -3.478562600000000060e+00 9.621159814590791309e-03 9.984178819454865295e-01 -5.540005681685306049e-02 -3.508437999999999835e-01 8.723737892585330389e-01 1.869824777015418119e-02 4.884816755468260885e-01 4.708030199999999610e+00
4.802085362451916084e-01 -5.120650853117307555e-02 -8.756584123968075284e-01 -3.535965899999999884e+00 9.000000441454939631e-03 9.985296382976013296e-01 -5.345616366066077707e-02 -3.550345999999999780e-01 8.771081813033693164e-01 1.778918000663432322e-02 4.799633146037176612e-01 4.738938799999999674e+00
4.718415570310279805e-01 -4.970441593263451308e-02 -8.802812142124418759e-01 -3.593585700000000216e+00 9.764886264087929008e-03 9.986430610734791102e-01 -5.115352936055073130e-02 -3.592863000000000029e-01 8.816292826663509885e-01 1.554051500391695137e-02 4.716866548235474355e-01 4.769950900000000438e+00
4.642205201194632425e-01 -4.993136054984029237e-02 -8.843111262070928458e-01 -3.651869800000000055e+00 1.023369968793141557e-02 9.986454589047207842e-01 -5.101488801984111615e-02 -3.635457999999999745e-01 8.856605332127611696e-01 1.463238335410701335e-02 4.641026968965664690e-01 4.800291099999999922e+00
4.564734683791951131e-01 -5.288124665819977921e-02 -8.881641438482769102e-01 -3.710781100000000166e+00 1.244764777369970765e-02 9.985140613483602934e-01 -5.305398528390683349e-02 -3.679837000000000247e-01 8.896499472999309654e-01 1.316218224603082215e-02 4.564534239413178263e-01 4.830650799999999911e+00
4.498998669814402440e-01 -5.626021719932523119e-02 -8.913051652777328471e-01 -3.769308999999999799e+00 1.500089597075215248e-02 9.983490485874062514e-01 -5.544502055816588615e-02 -3.719812000000000118e-01 8.929530126552889246e-01 1.157433131137671281e-02 4.500010578260205119e-01 4.859671099999999910e+00
4.438223661746433790e-01 -5.923888545003086481e-02 -8.941546072876764839e-01 -3.827797400000000128e+00 1.646164746798463308e-02 9.981831751807158648e-01 -5.796001163547213897e-02 -3.764495999999999953e-01 8.959635714948350760e-01 1.100469158052113858e-02 4.439911883330985853e-01 4.888612300000000133e+00
4.386690562382621894e-01 -6.230278137054499898e-02 -8.964863760997856534e-01 -3.886166600000000138e+00 1.714818330219215411e-02 9.979925185496930640e-01 -6.096616051774131351e-02 -3.807123000000000035e-01 8.984850576990508486e-01 1.137085539151087843e-02 4.388568157602187325e-01 4.916919700000000226e+00
4.340548895038248700e-01 -6.364711271202724840e-02 -8.986352975157634315e-01 -3.944336199999999959e+00 2.102388407262616513e-02 9.979451880003898934e-01 -6.052601131222197506e-02 -3.857790999999999859e-01 9.006410767871533274e-01 7.378806833692425765e-03 4.345010978275980484e-01 4.944823699999999711e+00
4.293113529071272416e-01 -6.092780866480154017e-02 -9.010990868913127949e-01 -4.003147600000000139e+00 2.337346523968587136e-02 9.981372637691087180e-01 -5.635320574914802483e-02 -3.908359000000000139e-01 9.028540543120696649e-01 3.131262815853668585e-03 4.299357531136911437e-01 4.973451100000000125e+00
4.255674205426438483e-01 -5.895170884275750811e-02 -9.030044665433275553e-01 -4.061142900000000111e+00 2.593242004548032206e-02 9.982604444961903356e-01 -5.294898058370076099e-02 -3.951704999999999801e-01 9.045550730404786632e-01 -8.837300419783679362e-04 4.263558828701060621e-01 5.000481599999999638e+00
4.220373146389273522e-01 -5.810010173008654799e-02 -9.047148076777105086e-01 -4.119588900000000109e+00 2.783048844328123161e-02 9.983042683955002383e-01 -5.112779690475015293e-02 -3.997651999999999872e-01 9.061511843866736360e-01 -3.600816890454713176e-03 4.229386068359685114e-01 5.027836299999999703e+00
4.194765886860022386e-01 -5.795993413350463558e-02 -9.059139239351573503e-01 -4.178060999999999581e+00 2.935823315763782387e-02 9.983037260097813448e-01 -5.027688117663269701e-02 -4.039731999999999768e-01 9.072912904300448611e-01 -5.506057593893567970e-03 4.204666427192013112e-01 5.054562100000000058e+00
4.171579958486779649e-01 -5.703978215002943053e-02 -9.070422645895788172e-01 -4.236636200000000407e+00 3.113992226849213174e-02 9.983396130431912985e-01 -4.845949101964869277e-02 -4.080705000000000027e-01 9.083003422550421924e-01 -8.029961459952904279e-03 4.182415665358060197e-01 5.081039900000000387e+00
4.143121723620039054e-01 -5.633486272608609347e-02 -9.083896779875419991e-01 -4.294219000000000008e+00 3.247303613808352751e-02 9.983620250907059290e-01 -4.710380855896274810e-02 -4.119007000000000085e-01 9.095553450761817427e-01 -9.982489590163696330e-03 4.154629034521980513e-01 5.107573499999999989e+00
4.120421559924520305e-01 -5.724980838710574949e-02 -9.093644600074997086e-01 -4.351164299999999763e+00 3.524392767232957524e-02 9.982786731312386364e-01 -4.687810078876107622e-02 -4.160414000000000057e-01 9.104829088167001316e-01 -1.273382153845877343e-02 4.133506048643297293e-01 5.133264999999999745e+00
4.093727775843959416e-01 -5.732722213338993511e-02 -9.105643956224654945e-01 -4.407812100000000122e+00 3.799502605859723936e-02 9.982294234662665300e-01 -4.576457277208835495e-02 -4.200926999999999856e-01 9.115757275002683846e-01 -1.586214766903339124e-02 4.108261010496808696e-01 5.159361399999999875e+00
4.068872695577374632e-01 -5.611512100201188763e-02 -9.117531700338523670e-01 -4.464002599999999710e+00 4.095613499077648684e-02 9.982283397007428727e-01 -4.315989834227655642e-02 -4.243778999999999746e-01 9.125597760576928952e-01 -1.978067271929640283e-02 4.084646620067710066e-01 5.184496399999999561e+00
4.050365380460633213e-01 -5.541168735778784910e-02 -9.126198265169471746e-01 -4.520779100000000383e+00 4.298544062916685032e-02 9.982121189027842734e-01 -4.153092305174663906e-02 -4.279985000000000039e-01 9.132894693039970146e-01 -2.240782407500787471e-02 4.066942766730892167e-01 5.209611400000000003e+00
4.038886315887825207e-01 -5.660928220517381232e-02 -9.130549613476485193e-01 -4.576147999999999882e+00 4.544246965190997661e-02 9.980928796046241169e-01 -4.178020625229724588e-02 -4.317537000000000180e-01 9.136788030950898643e-01 -2.461692204082891605e-02 4.056908329306441185e-01 5.233572999999999809e+00
4.018380314758131511e-01 -5.769080601944276410e-02 -9.138916606253011388e-01 -4.630448799999999920e+00 4.646072194910765008e-02 9.980125256384886345e-01 -4.257229127792803991e-02 -4.354821999999999860e-01 9.145313541785273781e-01 -2.535290061338283177e-02 4.037197451882640342e-01 5.258084300000000155e+00
4.017743036422697367e-01 -5.854934814931810755e-02 -9.138650790811844171e-01 -4.685634600000000205e+00 4.631774297427259518e-02 9.979758998488695854e-01 -4.357487815941906567e-02 -4.392870999999999859e-01 9.145666053484233782e-01 -2.482090151724824362e-02 4.036729458724384045e-01 5.281824600000000203e+00
4.023006435047954410e-01 -5.984482169987501154e-02 -9.135495550605549075e-01 -4.739321200000000012e+00 4.568555513177550986e-02 9.979303178048002376e-01 -4.525384909940702305e-02 -4.427116999999999858e-01 9.143670063426004857e-01 -2.353036594956761304e-02 4.042020529269371165e-01 5.305321199999999848e+00
