1.000000000000000000e+00 0.000000000000000000e+00 0.000000000000000000e+00 0.000000000000000000e+00 0.000000000000000000e+00 1.000000000000000000e+00 0.000000000000000000e+00 0.000000000000000000e+00 0.000000000000000000e+00 0.000000000000000000e+00 1.000000000000000000e+00 0.000000000000000000e+00
9.999533674068974420e-01 -6.835832851708298526e-03 -6.821612773366378217e-03 2.454000000000000018e-04 6.803169093992990878e-03 9.999653376195265508e-01 -4.800046848182137893e-03 -1.774000000000000023e-04 6.854188637963527266e-03 4.753414424359640386e-03 9.999652119696091912e-01 5.375219999999999998e-02
9.997769051701196341e-01 -8.634154298081141155e-03 -1.927670272672752858e-02 -3.767999999999999973e-04 8.512003836207926444e-03 9.999432286938751968e-01 -6.409772223799016858e-03 -6.264999999999999953e-04 1.933095132553178455e-02 6.244258869195832423e-03 9.997936404838873026e-01 7.169019999999999559e-02
9.907799712803037062e-01 -2.441277394576698515e-03 -1.354588080358135327e-01 -1.569510000000000002e-02 1.740635767421125921e-03 9.999844899793469688e-01 -5.290556480235989942e-03 -3.232399999999999857e-03 1.354696227828431632e-01 5.005992951265669441e-03 9.907688536372376564e-01 1.932743000000000100e-01
9.833399263116953115e-01 3.075684430978103219e-04 -1.817759464917249324e-01 -3.024160000000000043e-02 -1.049142446531422385e-03 9.999915156239027603e-01 -3.983463359516495154e-03 -4.307400000000000291e-03 1.817731790486058763e-01 4.107807427635181384e-03 9.833319059690379671e-01 2.639044999999999863e-01
9.809563938481791201e-01 -1.098271046018135973e-03 -1.942249911033222531e-01 -3.534600000000000242e-02 1.768111241414266560e-04 9.999886480622882656e-01 -4.761563228964900765e-03 -4.685700000000000108e-03 1.942280157603493151e-01 4.636544755152164146e-03 9.809454522788364494e-01 2.887911000000000228e-01
9.773652110305640628e-01 -4.158609305905164658e-03 -2.115182030838523852e-01 -4.703510000000000330e-02 2.338649174408287661e-03 9.999580704004960019e-01 -8.853708881348901910e-03 -5.477899999999999957e-03 2.115461533264550442e-01 8.158640178208373395e-03 9.773339560269164172e-01 3.407383999999999968e-01
9.758326604399697457e-01 -3.667317406471816942e-03 -2.184883740652824313e-01 -5.397520000000000095e-02 1.386598697468898779e-03 9.999429519424489765e-01 -1.059104360643131106e-02 -5.801399999999999960e-03 2.185147504465150825e-01 1.003213056440858085e-02 9.757820761797358911e-01 3.673917999999999906e-01
9.701833018882206616e-01 -1.430557130703909510e-02 -2.419498116693811207e-01 -7.479769999999999475e-02 1.057531732338859443e-02 9.998044642240536684e-01 -1.670915860127527436e-02 -7.472099999999999749e-03 2.421415358850674826e-01 1.365225062882139545e-02 9.701448822995401011e-01 4.532457999999999765e-01
9.678917054819755617e-01 -1.469374128669294344e-02 -2.509377222065114488e-01 -8.266020000000000312e-02 1.028195723382308024e-02 9.997688251208327603e-01 -1.888326433516085770e-02 -8.382699999999999874e-03 2.511571775096909098e-01 1.569682399434548306e-02 9.678190336534284732e-01 4.831930999999999865e-01
9.656659674279625127e-01 -1.091028756377309013e-02 -2.595577103009907294e-01 -9.194599999999999995e-02 5.104642770639987101e-03 9.997217192865810453e-01 -2.303099235522575172e-02 -9.204900000000000235e-03 2.597367551456694068e-01 2.091529612408326438e-02 9.654529343341602399e-01 5.136849999999999472e-01
9.609474544787131034e-01 -1.032969114618483529e-02 -2.765380393575283535e-01 -1.111280000000000046e-01 2.800184399324530740e-03 9.996148824561751356e-01 -2.760879822551033300e-02 -1.137649999999999946e-02 2.767167300656237505e-01 2.575624687239182545e-02 9.606063017952970462e-01 5.777375999999999623e-01
9.561473095110714082e-01 -1.321779364345412704e-02 -2.925877858796203101e-01 -1.318441999999999947e-01 3.902379535689339332e-03 9.994674015458692162e-01 -3.239883765056528891e-02 -1.398379999999999936e-02 2.928601952275161624e-01 2.983627286286472113e-02 9.556896477795255862e-01 6.445577000000000112e-01
9.535915234166285614e-01 -1.288278633265868556e-02 -3.008275922920981005e-01 -1.431623999999999952e-01 2.336738226270346740e-03 9.993708342448381909e-01 -3.539032798997591295e-02 -1.563389999999999919e-02 3.010942479065576993e-01 3.304496144774946714e-02 9.530216599849665737e-01 6.787172999999999679e-01
9.511246511464055420e-01 -1.388618341710001411e-02 -3.084948490521925990e-01 -1.548877999999999922e-01 1.437125882081498156e-03 9.991766876228728167e-01 -4.054480953442849561e-02 -1.721989999999999979e-02 3.088038740864944565e-01 3.811982189216902434e-02 9.503615346425179355e-01 7.132218999999999642e-01
9.481234698171872033e-01 -1.568675525744901017e-02 -3.175150574245421131e-01 -1.800248000000000126e-01 -2.398767890263961075e-03 9.984003609367085863e-01 -5.648862889165037759e-02 -2.102570000000000133e-02 3.178932712317548148e-01 5.431983975439226564e-02 9.465691855932301113e-01 7.844341000000000230e-01
9.467837088946441382e-01 -1.558646819103466641e-02 -3.214928779631544553e-01 -1.928068000000000004e-01 -5.731340536560262933e-03 9.978520982679526252e-01 -6.525597074519885743e-02 -2.345720000000000097e-02 3.218194529660315939e-01 6.362587517334540588e-02 9.446607791694699996e-01 8.208773000000000319e-01
9.453995293591118676e-01 -1.495923073880964585e-02 -3.255701941260483179e-01 -2.065863000000000005e-01 -9.731886312805974187e-03 9.972048842118087508e-01 -7.407907459537899086e-02 -2.609969999999999998e-02 3.257683537060718781e-01 7.320273437390270588e-02 9.426114466755746157e-01 8.584045000000000147e-01
9.423229317656649506e-01 -1.261463649860265594e-02 -3.344672827266818027e-01 -2.345845000000000014e-01 -1.775627640157221090e-02 9.959982643090714571e-01 -8.759093641278306586e-02 -3.271419999999999884e-02 3.342337608873660049e-01 8.847784151597143376e-02 9.383280154848632204e-01 9.337290000000000312e-01
9.406616391934004007e-01 -1.138896704906726398e-02 -3.391547905891056924e-01 -2.495933999999999930e-01 -2.162572393146611899e-02 9.953932407633575563e-01 -9.340569740149974598e-02 -3.644050000000000067e-02 3.386561805348086152e-01 9.519762429901169887e-02 9.360819428412233689e-01 9.733427999999999525e-01
9.372297339837765140e-01 -7.291175909913781908e-03 -3.486362925608151309e-01 -2.807690999999999937e-01 -3.004621975222804275e-02 9.943747377245236718e-01 -1.015682315189425644e-01 -4.509069999999999745e-02 3.474156738192743510e-01 1.056679692675854820e-01 9.317384986441014094e-01 1.051834799999999959e+00
9.353608380893885244e-01 -6.255387608927374943e-03 -3.536396084922880934e-01 -2.968854000000000215e-01 -3.229231411391408207e-02 9.941573477743352871e-01 -1.029969626516608200e-01 -4.963290000000000063e-02 3.522177011705757699e-01 1.077591666270734799e-01 9.296938490653541276e-01 1.092195400000000038e+00
9.305056319513618224e-01 -5.417568427199946635e-03 -3.662375170011033521e-01 -3.292524000000000006e-01 -3.371901473888567341e-02 9.943776583402380576e-01 -1.003797820221963566e-01 -5.927749999999999686e-02 3.647222188897129569e-01 1.057531207393968553e-01 9.250913363025528025e-01 1.174530499999999922e+00
9.278974326491586933e-01 -5.241143211826615467e-03 -3.727987190172911136e-01 -3.462810000000000055e-01 -3.383834534539375410e-02 9.945905813090293313e-01 -9.820662887836499599e-02 -6.424240000000000506e-02 3.712968096649712502e-01 1.037405706037911185e-01 9.227006953196762451e-01 1.215367700000000051e+00
9.246164625604715859e-01 -5.364180543438987897e-03 -3.808616845119201511e-01 -3.640446999999999989e-01 -3.345561625872835176e-02 9.948927073007215460e-01 -9.523246663081617880e-02 -6.878080000000000305e-02 3.794273565557823025e-01 1.007954687817770728e-01 9.197147136858000449e-01 1.257592899999999903e+00
9.212066000089449425e-01 -3.359684847962127532e-03 -3.890592662020557202e-01 -3.824008999999999880e-01 -3.416095938467707260e-02 9.954024918314016146e-01 -8.948132827442158155e-02 -7.322489999999999555e-02 3.875711921104019742e-01 9.572142797492487476e-02 9.168565750828004957e-01 1.300206799999999996e+00
9.174868468899805007e-01 -3.380352170968131675e-04 -3.977659758150178804e-01 -4.013709999999999778e-01 -3.609827851621755929e-02 9.958023553570447550e-01 -8.411054246363786069e-02 -7.782189999999999941e-02 3.961247279229699880e-01 9.152898337441447985e-02 9.136233606527358608e-01 1.342394599999999993e+00
9.139217095515194123e-01 3.597129798296568731e-03 -4.058745735663204512e-01 -4.212149000000000032e-01 -3.941411730932220525e-02 9.960215292035613510e-01 -7.992271716931370618e-02 -8.225639999999999341e-02 4.039723210408792675e-01 8.904029436279584098e-02 9.104274764156843336e-01 1.384605499999999934e+00
9.098323909524937969e-01 5.154167259732819750e-03 -4.149439178172480980e-01 -4.413987999999999801e-01 -4.131225498833612092e-02 9.960804714197802889e-01 -7.821120152463380271e-02 -8.624450000000000172e-02 4.129144196579324633e-01 8.830135342115023878e-02 9.064792071650324967e-01 1.427238199999999901e+00
9.056935848083437213e-01 4.755439616551799392e-03 -4.239062587778871238e-01 -4.616786999999999974e-01 -4.148596064012023688e-02 9.961318141851506214e-01 -7.746175726103143866e-02 -9.034470000000000001e-02 4.218981458916097882e-01 8.774277498605734249e-02 9.023874777117466550e-01 1.470051299999999950e+00
9.016485462916329352e-01 4.586703837146023643e-03 -4.324452116951874037e-01 -4.835416000000000158e-01 -4.163929843357427191e-02 9.962187800403182747e-01 -7.625163028381570784e-02 -9.436509999999999343e-02 4.304602975840453039e-01 8.675888682371560301e-02 8.984302019416783303e-01 1.514480599999999955e+00
8.976877919921404381e-01 5.989870275326193705e-03 -4.405913634677379176e-01 -5.061839999999999673e-01 -4.320689996316495751e-02 9.962854660705900978e-01 -7.448781035901137770e-02 -9.819869999999999988e-02 4.385085995779884338e-01 8.590338497749520907e-02 8.946121039565470001e-01 1.558708200000000099e+00
8.899986322424296992e-01 5.147992418233996587e-03 -4.559341320636854378e-01 -5.529785999999999868e-01 -4.045286725344959811e-02 9.968846463396255908e-01 -6.770943378358948439e-02 -1.063336000000000003e-01 4.541651683447103793e-01 7.870514637799302937e-02 8.874342227996616650e-01 1.648201900000000109e+00
8.862487555489055868e-01 8.338708367323373338e-03 -4.631345476541141037e-01 -5.772876000000000118e-01 -4.159367673388532360e-02 9.972315247350668210e-01 -6.163807370717275941e-02 -1.103636000000000061e-01 4.613383891936300163e-01 7.389013477683301079e-02 8.841420353307992697e-01 1.693417500000000020e+00
8.821559887171664949e-01 8.362309703492186441e-03 -4.708830888308278562e-01 -6.019326000000000398e-01 -4.036201271289643899e-02 9.975061386624719528e-01 -5.790001088470786428e-02 -1.137246999999999980e-01 4.692245938782433345e-01 7.008263056641197974e-02 8.802935336537974775e-01 1.739152899999999891e+00
8.785166257210689222e-01 7.436016575722615568e-03 -4.776538956076385456e-01 -6.274556999999999496e-01 -3.887328279279472776e-02 9.976756695608081094e-01 -5.596540227055166877e-02 -1.171134999999999954e-01 4.761275104597282870e-01 6.773451132088308124e-02 8.767637251617692584e-01 1.784959100000000021e+00
8.752886713055745282e-01 7.018381167240201474e-03 -4.835498776857599101e-01 -6.534012000000000153e-01 -3.836767014659736574e-02 9.977506425387808742e-01 -5.496887483814692776e-02 -1.203262999999999971e-01 4.820764086445674113e-01 6.666631562671877786e-02 8.735891131356404715e-01 1.831024399999999996e+00
8.720840819525520482e-01 7.984172081849033945e-03 -4.892909226637481290e-01 -6.800737999999999506e-01 -3.871296112015285701e-02 9.978588274006213732e-01 -5.271685897287907430e-02 -1.238270000000000065e-01 4.878223658733617518e-01 6.491543402631079485e-02 8.705258903553021455e-01 1.877531099999999897e+00
8.690591796372029165e-01 6.987024580821822595e-03 -4.946587953082597910e-01 -7.073481000000000352e-01 -3.722006929469785091e-02 9.979897302128852843e-01 -5.129488114139897637e-02 -1.272495999999999905e-01 4.933059990817157403e-01 6.298952196293720884e-02 8.675721937642255632e-01 1.924879999999999924e+00
8.664421138556330781e-01 6.602573419766746138e-03 -4.992338824254807239e-01 -7.358968999999999649e-01 -3.705339061682591528e-02 9.980054825299154997e-01 -5.110873784420311844e-02 -1.310030000000000083e-01 4.979007025313170187e-01 6.278107090889062381e-02 8.649586276547299724e-01 1.973226799999999947e+00
8.641377444707353250e-01 3.929807406870907197e-03 -5.032400174814947169e-01 -7.641358999999999790e-01 -3.482038164382859208e-02 9.980399508399531161e-01 -5.199805332473694114e-02 -1.333794000000000091e-01 5.020492999728297656e-01 6.245648998405981672e-02 8.625808294042146551e-01 2.021737299999999848e+00
8.628026780985786903e-01 4.202457006701423858e-03 -5.055233704004468143e-01 -7.936919999999999531e-01 -3.563266640512936095e-02 9.979839607816558544e-01 -5.251977824990559929e-02 -1.365803999999999907e-01 5.042835033498332953e-01 6.332735094463780301e-02 8.612129788104412320e-01 2.070789099999999827e+00
8.623188184066591377e-01 4.868827107324629269e-03 -5.063423248597161974e-01 -8.235542000000000140e-01 -3.584407346877502981e-02 9.980322704560342650e-01 -5.144695837013360529e-02 -1.401696000000000053e-01 5.050954937622275098e-01 6.251305184497220335e-02 8.607965267879044147e-01 2.120260700000000220e+00
8.622086031372253601e-01 5.356789449196529621e-03 -5.065250531641565246e-01 -8.539174000000000486e-01 -3.552680939879701572e-02 9.981212470276469295e-01 -4.991815347062065339e-02 -1.433533999999999919e-01 5.053060166771183859e-01 6.103508039457198470e-02 8.607790357990440233e-01 2.171844699999999850e+00
8.616792309495385771e-01 4.042268805286164043e-03 -5.074372503207835727e-01 -8.846840000000000259e-01 -3.375780796317559562e-02 9.982097882810061495e-01 -4.937235037458107684e-02 -1.468835000000000002e-01 5.063292538968424683e-01 5.967309815063106399e-02 8.602731008263434509e-01 2.223970399999999792e+00
8.610833393443948491e-01 1.228193822889489875e-03 -5.084623626616224801e-01 -9.157726999999999951e-01 -3.113169369888480614e-02 9.982483068790166669e-01 -5.031039117931289384e-02 -1.502977000000000063e-01 5.075099017269955048e-01 5.915073417219844643e-02 8.596132213361689089e-01 2.276197199999999921e+00
8.599111675339425886e-01 -9.095320696520144133e-04 -5.104429024894223677e-01 -9.474555999999999534e-01 -2.909431665940589995e-02 9.982853683518355670e-01 -5.079216546636101948e-02 -1.538345000000000129e-01 5.096138780376118227e-01 5.852773774932920614e-02 8.584102744174324506e-01 2.329127100000000006e+00
8.583207020969130241e-01 -1.193437986236868531e-03 -5.131122178019494884e-01 -9.793771999999999478e-01 -2.779420940719252997e-02 9.984210112339408916e-01 -4.881563530288356156e-02 -1.574483999999999884e-01 5.123602778078052422e-01 5.616101879745423464e-02 8.569322526853220268e-01 2.381537199999999910e+00
8.560609830613817861e-01 -8.305033746941314216e-04 -5.168741660637772295e-01 -1.011283399999999943e+00 -2.611775816545826995e-02 9.986517430236087067e-01 -4.486155218356525920e-02 -1.609287000000000079e-01 5.162145445339478833e-01 5.190381893514900424e-02 8.548851019824570407e-01 2.434516900000000206e+00
8.531204032352827094e-01 -5.693462124926867290e-04 -5.217137658032026115e-01 -1.043693399999999993e+00 -2.442485383133854993e-02 9.988593226318402962e-01 -4.103023405708347560e-02 -1.644567999999999863e-01 5.211420191262515766e-01 4.774651229515750051e-02 8.521333619009774374e-01 2.486703900000000189e+00
8.491122143002225453e-01 -5.523564926910983636e-04 -5.282122134412248204e-01 -1.076337000000000099e+00 -2.347872571392107394e-02 9.989716233443877158e-01 -3.878717818466963924e-02 -1.679898999999999976e-01 5.276904366814159086e-01 4.533641643297176699e-02 8.482260384944526610e-01 2.538125299999999918e+00
8.437852965267196304e-01 -3.849095229650307745e-03 -5.366670828653727909e-01 -1.109102500000000102e+00 -2.152363280205892015e-02 9.989270664067633199e-01 -4.100547806061885514e-02 -1.712599999999999956e-01 5.362491087137748469e-01 4.615084469314559290e-02 8.427971244242538074e-01 2.589329699999999956e+00
8.376687268309702672e-01 -7.587977213526626158e-03 -5.461259256720818467e-01 -1.142644800000000016e+00 -1.987970968182405790e-02 9.988173502167616569e-01 -4.437001294718322802e-02 -1.744172999999999973e-01 5.458167286116719641e-01 4.802419710701905792e-02 8.365272113086809069e-01 2.639920200000000161e+00
8.312718747827284593e-01 -7.869844124936515098e-03 -5.558103415272667158e-01 -1.177648100000000086e+00 -1.993434916746941732e-02 9.988345401275939839e-01 -4.395660554873659365e-02 -1.773926000000000114e-01 5.555084985114783214e-01 4.761960732247812189e-02 8.301461805489295243e-01 2.692303900000000194e+00
8.252370636443665530e-01 -4.822787240915067664e-03 -5.647659068241038804e-01 -1.213372200000000012e+00 -2.060243134851721947e-02 9.990409564490330130e-01 -3.863556858557828239e-02 -1.806798000000000015e-01 5.644106028505783135e-01 4.351905399511982880e-02 8.243462642174201882e-01 2.743965100000000046e+00
8.198642665800868201e-01 -3.774918626113857312e-05 -5.725579297853582439e-01 -1.249485699999999921e+00 -2.371388299547935036e-02 9.991396887830261697e-01 -3.402255210642195909e-02 -1.839184000000000097e-01 5.720666360996531363e-01 4.147144648497829572e-02 8.191580329753658241e-01 2.795187499999999936e+00
8.160288547165812645e-01 9.033180478754815335e-05 -5.780111591570786800e-01 -1.285498900000000111e+00 -2.513609654220412201e-02 9.990595172346926622e-01 -3.533069024805550462e-02 -1.870518999999999932e-01 5.774643581387215452e-01 4.335980699851066378e-02 8.152636642316927196e-01 2.844418999999999809e+00
8.125226203382485135e-01 -2.227556852717626004e-03 -5.829254064021692772e-01 -1.321576700000000049e+00 -2.565587220456645723e-02 9.988870575425834453e-01 -3.957805572969043395e-02 -1.900405000000000011e-01 5.823648063371354988e-01 4.711352528083032065e-02 8.115611795025210462e-01 2.894139500000000087e+00
8.093946962883410423e-01 -4.617437173108735957e-03 -5.872468858106073553e-01 -1.358264399999999927e+00 -2.795134283576553719e-02 9.985329049177843475e-01 -4.637628952523505099e-02 -1.933980999999999895e-01 5.865994783955928993e-01 5.395106180978574695e-02 8.080781737403968101e-01 2.943820500000000173e+00
8.060968386933164975e-01 -5.615642708967518923e-03 -5.917570035120889305e-01 -1.395105500000000109e+00 -2.824642836549112745e-02 9.984501419610023465e-01 -4.795261518048229282e-02 -1.966890000000000027e-01 5.911091489168767144e-01 5.536947331354582363e-02 8.046888811781520712e-01 2.992890399999999840e+00
8.027324132767931220e-01 -4.192481847512962226e-03 -5.963246563498560970e-01 -1.432387899999999936e+00 -2.731338678566607586e-02 9.986673797468553770e-01 -4.378862331527090535e-02 -2.005143000000000064e-01 5.957135650437317409e-01 5.143819325664888975e-02 8.015481649267117703e-01 3.042862400000000189e+00
7.994295129588870896e-01 -1.667098130411583112e-03 -6.007575838839990245e-01 -1.470002400000000042e+00 -2.693378262454539790e-02 9.988911982120362021e-01 -3.861276327921288332e-02 -2.037120000000000042e-01 6.001558340663283309e-01 4.704885671667669023e-02 7.984982028269089760e-01 3.092393200000000064e+00
7.963563945528092658e-01 3.453885107786679176e-05 -6.048276545115295333e-01 -1.508019100000000057e+00 -2.712795385223477906e-02 9.989956641382357061e-01 -3.566142387505270850e-02 -2.066878000000000049e-01 6.042189727033083768e-01 4.480693964190061995e-02 7.955575222353727938e-01 3.141869999999999941e+00
7.932202907512652112e-01 4.305454880107716098e-04 -6.089346311149178570e-01 -1.545496900000000062e+00 -2.794405908965626878e-02 9.989719833333116084e-01 -3.569462251801604896e-02 -2.099478999999999929e-01 6.082932680065366027e-01 4.532980416561065845e-02 7.924168782605751638e-01 3.189278400000000069e+00
7.896496272224196034e-01 -1.009041692765657791e-03 -6.135572084674385529e-01 -1.583669100000000052e+00 -2.800463026290452712e-02 9.988971905362646897e-01 -3.768479033503017300e-02 -2.127338000000000007e-01 6.129185972960289330e-01 4.694022340828207102e-02 7.887505363009579273e-01 3.237667099999999909e+00
7.855785892504935086e-01 -3.578923634048245678e-03 -6.187515425571286087e-01 -1.621942500000000065e+00 -2.695859560991236553e-02 9.988357589135098413e-01 -4.000451022589922995e-02 -2.159442000000000028e-01 6.181743396760703835e-01 4.810735932572596935e-02 7.845675036252519607e-01 3.285618100000000208e+00
7.812800775879783499e-01 -5.113328576477900456e-03 -6.241596704650113070e-01 -1.661090699999999920e+00 -2.583067509257904945e-02 9.988449504420641167e-01 -4.051593761289591644e-02 -2.190392999999999923e-01 6.236459064151581577e-01 4.777676053542592727e-02 7.802455796506355679e-01 3.334020900000000065e+00
7.765919267155293459e-01 -5.339740359745706252e-03 -6.299813223684908037e-01 -1.700614199999999965e+00 -2.514818959446929458e-02 9.989043433347206680e-01 -3.946747302718067729e-02 -2.221849999999999936e-01 6.295018251922567254e-01 4.649301065666872068e-02 7.756067637918692137e-01 3.382333800000000057e+00
7.717060613137209923e-01 -5.017760115096919424e-03 -6.359595718401374054e-01 -1.740913399999999944e+00 -2.540729967456648725e-02 9.989273450469717819e-01 -3.871212265757367765e-02 -2.254819000000000129e-01 6.354716548005192589e-01 4.603239512382120702e-02 7.707507992498314753e-01 3.429887100000000189e+00
7.664886298965872813e-01 -6.337189502191297244e-03 -6.422266113051262604e-01 -1.781290299999999993e+00 -2.500717110726353304e-02 9.988985748298712108e-01 -3.970237519424030248e-02 -2.287624000000000046e-01 6.417708482258013269e-01 4.649168992481882146e-02 7.654859248447811737e-01 3.477022199999999952e+00
7.610331163986401304e-01 -7.937169687016432454e-03 -6.486644718819841726e-01 -1.822336699999999921e+00 -2.431359410313696512e-02 9.988735967321671350e-01 -4.074784525753163272e-02 -2.318816999999999962e-01 6.482572366633184702e-01 4.678182434133310724e-02 7.599829050873019298e-01 3.524556399999999812e+00
7.552706858344920837e-01 -9.330753030680011273e-03 -6.553465710347284867e-01 -1.863527900000000015e+00 -2.365921296165694743e-02 9.988588301737523212e-01 -4.148829986825298966e-02 -2.351968999999999865e-01 6.549858263818623128e-01 4.683988078340478589e-02 7.541880354441228285e-01 3.572095899999999880e+00
7.494127251586306659e-01 -1.079879266178645179e-02 -6.620150704080401960e-01 -1.905078300000000002e+00 -2.298422191943910731e-02 9.988400531245950065e-01 -4.231162744227712907e-02 -2.386578000000000033e-01 6.617040825875813992e-01 4.692477331968510773e-02 7.482952443626935679e-01 3.618673999999999946e+00
7.432212627429011231e-01 -1.335838501051081657e-02 -6.689123321906680353e-01 -1.946936400000000011e+00 -2.092031023502385553e-02 9.988477481314372852e-01 -4.319162734173344342e-02 -2.422445000000000015e-01 6.687185470932581755e-01 4.609478932230605397e-02 7.420854230954911923e-01 3.664987800000000018e+00
7.370560953048116426e-01 -1.497193364310843607e-02 -6.756657114113536755e-01 -1.989354599999999973e+00 -1.914796833661024447e-02 9.988906185576463814e-01 -4.302194168215457692e-02 -2.455227000000000104e-01 6.755602620659421076e-01 4.464720999691801362e-02 7.359517368393708736e-01 3.710997599999999785e+00
7.307622243940886664e-01 -1.491926174024312164e-02 -6.824690374132218462e-01 -2.032507400000000075e+00 -1.838102611371141698e-02 9.989685867660713647e-01 -4.151988118486384799e-02 -2.487656000000000034e-01 6.823845757911080057e-01 4.288564192972129513e-02 7.297342752253487275e-01 3.756544599999999789e+00
7.243899687339850901e-01 -1.481596075564608692e-02 -6.892312097579905705e-01 -2.076852600000000049e+00 -1.827917673279833358e-02 9.990047412963711793e-01 -4.068658950245842426e-02 -2.522349999999999870e-01 6.891480573110159158e-01 4.207153639050505850e-02 7.233981897476625678e-01 3.802311200000000113e+00
7.178350391250235552e-01 -1.640560566225592043e-02 -6.960199082693184769e-01 -2.121357900000000019e+00 -1.727874569261921012e-02 9.989945940958175896e-01 -4.136720820435653423e-02 -2.557928999999999897e-01 6.959987798492651700e-01 4.172118251185297222e-02 7.168298552502866405e-01 3.848106099999999863e+00
7.113329986620526846e-01 -1.853399142647500775e-02 -7.026107429980381625e-01 -2.166591599999999840e+00 -1.650697235368300819e-02 9.989360013488598478e-01 -4.306257160069982409e-02 -2.590010999999999841e-01 7.026612874480611115e-01 4.222980429689445619e-02 7.102702012268846676e-01 3.892999600000000004e+00
7.051037023029503858e-01 -1.751746624892879661e-02 -7.088877960403112688e-01 -2.212118100000000087e+00 -1.851028733892565864e-02 9.988994688469599037e-01 -4.309548004015886086e-02 -2.622493000000000185e-01 7.088625665538439424e-01 4.350849932460280206e-02 7.040034603787245215e-01 3.937771099999999969e+00
6.997528905627381501e-01 -1.659528725158889578e-02 -7.141921930335907165e-01 -2.258409499999999959e+00 -1.930772964393835667e-02 9.989256085531971197e-01 -4.212885178379868062e-02 -2.655862999999999974e-01 7.141240114469539213e-01 4.326921558870629875e-02 6.986806647226248002e-01 3.982271700000000081e+00
6.950945797109139290e-01 -1.535732345206764979e-02 -7.187542541598599399e-01 -2.305967299999999831e+00 -2.163904946584023839e-02 9.988718957981539415e-01 -4.226922429873647413e-02 -2.689167000000000085e-01 7.185925666152710445e-01 4.493426755818490104e-02 6.939781227130193964e-01 4.026585100000000139e+00
6.900373673719389922e-01 -1.708109461528159456e-02 -7.235721580030201050e-01 -2.353240299999999952e+00 -2.088731391329368137e-02 9.988351265982862159e-01 -4.349839066992011727e-02 -2.721130999999999966e-01 7.234722881685871076e-01 4.512899378591619937e-02 6.888767830112867419e-01 4.071420200000000378e+00
6.794489131552287065e-01 -2.154266791679468329e-02 -7.334064956565390370e-01 -2.449418300000000048e+00 -2.070069444101606954e-02 9.986081487897687792e-01 -4.851027128692259049e-02 -2.792008999999999741e-01 7.334307436028558724e-01 4.814227487040724507e-02 6.780572731771734585e-01 4.160820000000000185e+00
6.743096330150627482e-01 -2.179433440816843856e-02 -7.381270390730827469e-01 -2.498066699999999862e+00 -2.147460112349868985e-02 9.985628829076514945e-01 -4.910204054564765164e-02 -2.830571000000000059e-01 7.381364103806815624e-01 4.896096268318998745e-02 6.728725464777540743e-01 4.204587899999999934e+00
6.693675093539724896e-01 -2.186045767434354262e-02 -7.426097614572055861e-01 -2.546825199999999789e+00 -2.034301531958508311e-02 9.986528914532644130e-01 -4.773430757580745393e-02 -2.867879999999999874e-01 7.426528793110322990e-01 4.705871632655205666e-02 6.680210910358523879e-01 4.247784099999999619e+00
6.640334576043422921e-01 -2.141759727351889506e-02 -7.473960487646771345e-01 -2.595671199999999956e+00 -2.020162593549621258e-02 9.987108391577292910e-01 -4.656773623901497294e-02 -2.907502000000000142e-01 7.474299040656484650e-01 4.602115031041204007e-02 6.627447413842844082e-01 4.291251700000000113e+00
6.589400143870632887e-01 -2.285753620827055480e-02 -7.518481166286608008e-01 -2.645599400000000045e+00 -1.915367587138516389e-02 9.987042050417934691e-01 -4.714920500340745446e-02 -2.943137000000000114e-01 7.519515902903528559e-01 4.546915295370065890e-02 6.576483573989082565e-01 4.334375900000000392e+00
6.543603529209608416e-01 -2.381420479505149887e-02 -7.558077878502806879e-01 -2.696371099999999910e+00 -1.831717192182735418e-02 9.987115233309313833e-01 -4.732625464577399493e-02 -2.981886999999999732e-01 7.559609842696524140e-01 4.481268588234554179e-02 6.530810159896461853e-01 4.377437600000000373e+00
6.499157088713184427e-01 -2.424525604946704826e-02 -7.596194698145825042e-01 -2.746742499999999865e+00 -1.761012204783072438e-02 9.987422639491944087e-01 -4.694436923740682305e-02 -3.020494000000000234e-01 7.598022472747446576e-01 4.388687458378943279e-02 6.486713245361741542e-01 4.420378200000000035e+00
6.457766702309623019e-01 -2.526409837273550785e-02 -7.631082606805037472e-01 -2.798038000000000025e+00 -1.623348928481439801e-02 9.987721901456972917e-01 -4.680369661903638345e-02 -3.059219000000000244e-01 7.633537620337313978e-01 4.261264513005176557e-02 6.445736548013496492e-01 4.463643600000000156e+00
6.418136061504511325e-01 -2.798174418720083406e-02 -7.663499963805021631e-01 -2.849238900000000019e+00 -1.371545414754785260e-02 9.987553671259408183e-01 -4.795417557057585906e-02 -3.099526000000000225e-01 7.667380134554958593e-01 4.128848058925339154e-02 6.406310015078497955e-01 4.506174999999999820e+00
6.376985237932774053e-01 -3.308632744435367756e-02 -7.695751345308134983e-01 -2.900828399999999974e+00 -9.703614243060964747e-03 9.986527447010365988e-01 -5.097583125078176264e-02 -3.138312999999999797e-01 7.702249233973779141e-01 3.997487257429750002e-02 6.365183241197160946e-01 4.548843399999999981e+00
6.325389380420226582e-01 -3.691772036045358474e-02 -7.736482235383582706e-01 -2.953140700000000063e+00 -5.598414233980386623e-03 9.986193678305789190e-01 -5.223041213430781177e-02 -3.180215000000000125e-01 7.745083276626113511e-01 3.736897265168302035e-02 6.314589537445982614e-01 4.591784500000000158e+00
6.262469976441034092e-01 -4.074096863634305704e-02 -7.785594848284356218e-01 -3.005222100000000118e+00 2.295133499088941598e-05 9.986346244849135800e-01 -5.223874283625025428e-02 -3.223708000000000129e-01 7.796247157543061412e-01 3.269648688235750333e-02 6.253928703867428496e-01 4.633515400000000284e+00
6.176501631590444186e-01 -4.484860824455315365e-02 -7.851731517876374689e-01 -3.058400400000000019e+00 5.210396857590452596e-03 9.985841126000604140e-01 -5.293979436431771324e-02 -3.265407000000000171e-01 7.864357111132429523e-01 2.860720890398840352e-02 6.170093191229215623e-01 4.675744500000000414e+00
6.086312137123807142e-01 -4.540074092099222192e-02 -7.921532796238486274e-01 -3.112953200000000198e+00 7.734741959289564289e-03 9.986536886062281626e-01 -5.129311844680375931e-02 -3.309580999999999773e-01 7.934155402195104401e-01 2.509149172527565252e-02 6.081629695905390598e-01 4.717658499999999755e+00
5.996357838365213855e-01 -4.384729651076321733e-02 -7.990709238430953043e-01 -3.168200999999999823e+00 8.298312351005771720e-03 9.987848720298585503e-01 -4.857898122052622947e-02 -3.352743000000000251e-01 8.002300074071739822e-01 2.249875536549314492e-02 5.992710081858774185e-01 4.759002200000000293e+00
5.901161247788350162e-01 -4.421210841386094548e-02 -8.061068469784955504e-01 -3.223193199999999869e+00 8.335779486373547098e-03 9.987797745385159631e-01 -4.867727142256314532e-02 -3.391581000000000179e-01 8.072753396805609771e-01 2.200571385782189651e-02 5.897645924445131804e-01 4.799479999999999968e+00
5.807616401406204831e-01 -4.549463874592046819e-02 -8.128014242030796588e-01 -3.279795899999999875e+00 7.052854175323215041e-03 9.986809188696229578e-01 -5.085940949034995634e-02 -3.429963999999999791e-01 8.140431036432640433e-01 2.380462415379974023e-02 5.803164354726981777e-01 4.839287800000000139e+00
5.710046648792663770e-01 -4.743943392399481429e-02 -8.195749952231874413e-01 -3.336250999999999856e+00 7.765697053450457826e-03 9.985964377571500128e-01 -5.239130126275320931e-02 -3.475219999999999976e-01 8.209100843791545810e-01 2.355110629464069946e-02 5.705716245633913886e-01 4.878090399999999605e+00
5.510807016712615525e-01 -4.956809076799158914e-02 -8.329784298666599307e-01 -3.451658500000000185e+00 1.105220733968657193e-02 9.985801560670481969e-01 -5.211065747071547127e-02 -3.562057000000000140e-01 8.343787562962222681e-01 1.951092736713975692e-02 5.508460898970271025e-01 4.954942700000000144e+00
5.406368723751813210e-01 -4.932180590423553002e-02 -8.398089852405288269e-01 -3.510699699999999979e+00 1.258182864765898870e-02 9.986422580599648713e-01 -5.055035118350328233e-02 -3.608787999999999996e-01 8.411619759691131293e-01 1.676305101225555177e-02 5.405233855297083556e-01 4.992971400000000060e+00
5.305318227897443117e-01 -5.013899815647569758e-02 -8.461808706602013119e-01 -3.570250699999999888e+00 1.262753430065502794e-02 9.986058368100819704e-01 -5.125356637660972992e-02 -3.650072999999999790e-01 8.475709589083838535e-01 1.650647002543808792e-02 5.304253067703521562e-01 5.029783700000000302e+00
5.201498582178124552e-01 -5.144844212523320276e-02 -8.525240071686404075e-01 -3.630198699999999778e+00 1.233235508992978208e-02 9.985323641638065295e-01 -5.273547890533697435e-02 -3.691799000000000053e-01 8.539859706189121269e-01 1.691672309656593390e-02 5.200209481028130742e-01 5.066276099999999616e+00
5.102629436542589492e-01 -5.212447629563640022e-02 -8.584373985936284424e-01 -3.691106599999999904e+00 1.115043591799292494e-02 9.984786826843001784e-01 -5.399988892454675449e-02 -3.734860999999999875e-01 8.599461588449182070e-01 1.798219107701544070e-02 5.100678824352111729e-01 5.101897700000000313e+00
5.002508230301860870e-01 -5.322772862761251250e-02 -8.642429768084707309e-01 -3.751920900000000003e+00 1.010384182154783900e-02 9.983996670671270168e-01 -5.564186535959394359e-02 -3.781475000000000253e-01 8.658215904203745428e-01 1.910271460801524906e-02 4.999880597139677030e-01 5.136720200000000069e+00
4.903301858659276924e-01 -5.280961730637950130e-02 -8.699353154968697543e-01 -3.813541900000000151e+00 8.958349875877014146e-03 9.984151761753305987e-01 -5.555973317326924621e-02 -3.828809000000000240e-01 8.714907095294740502e-01 1.944942936790804155e-02 4.900261859340544479e-01 5.171457300000000146e+00
4.820548312181938133e-01 -5.085402121784915463e-02 -8.746639401651201684e-01 -3.876024699999999878e+00 8.141387301229058987e-03 9.985309703441446194e-01 -5.356882560213858252e-02 -3.874558000000000169e-01 8.761032230918968100e-01 1.870213328889248211e-02 4.817607006579452955e-01 5.204995199999999933e+00
4.735611814864306712e-01 -4.879668687367373636e-02 -8.794081479832493997e-01 -3.938042400000000054e+00 8.594383141613884391e-03 9.986725596458990717e-01 -5.078636813873615985e-02 -3.922840000000000216e-01 8.807189926234082478e-01 1.649248193755958880e-02 4.733519346870235234e-01 5.238540600000000325e+00
4.656672955065118136e-01 -4.945142298644802231e-02 -8.835771198148277827e-01 -4.000836800000000082e+00 9.105101157096111286e-03 9.986523800383687588e-01 -5.109325764345653414e-02 -3.966318999999999817e-01 8.849130279460067916e-01 1.574740004943617905e-02 4.654900131722623513e-01 5.271793800000000196e+00
4.580130141376967945e-01 -5.275370546984118475e-02 -8.873787947881690563e-01 -4.064889400000000208e+00 1.147779667858669223e-02 9.985053159159148484e-01 -5.343588935410514135e-02 -4.013714999999999922e-01 8.888713849955500734e-01 1.428917936273426531e-02 4.579339256805862179e-01 5.304701800000000134e+00
4.515024119872350639e-01 -5.611704978558938045e-02 -8.905034804497232725e-01 -4.128344099999999628e+00 1.392068683345693697e-02 9.983418605598499695e-01 -5.585466795158525177e-02 -4.057417999999999858e-01 8.921613006893954756e-01 1.282209722544282171e-02 4.515349459066788640e-01 5.336350399999999716e+00
4.454345327359432449e-01 -5.885368528651602205e-02 -8.933780391158648859e-01 -4.191933200000000248e+00 1.463814737154290821e-02 9.981824575276083689e-01 -5.845944000478674185e-02 -4.105216999999999894e-01 8.951948400699375474e-01 1.296245394745904056e-02 4.454864454726081835e-01 5.367920400000000036e+00
4.402568361805812014e-01 -6.225913121289275431e-02 -8.957107338738777846e-01 -4.255375400000000141e+00 1.577671151027971660e-02 9.979754274983584361e-01 -6.161283537859699871e-02 -4.151139999999999830e-01 8.977332641548859682e-01 1.299410212690699923e-02 4.403477486484167480e-01 5.398941500000000282e+00
4.353472498678058744e-01 -6.367207003538302712e-02 -8.980081511489454993e-01 -4.318825200000000031e+00 1.942540273631850750e-02 9.979279150527926578e-01 -6.133946598168253661e-02 -4.204458999999999835e-01 9.000530127503989508e-01 9.259797826920272007e-03 4.356820289880390940e-01 5.429612599999999567e+00
4.312564599314084313e-01 -6.114776695181430022e-02 -9.001548846527667180e-01 -4.382754300000000214e+00 2.142513693753399229e-02 9.981134191610342432e-01 -5.753751817620789133e-02 -4.257275999999999838e-01 9.019749604477038663e-01 5.527484733234829667e-03 4.317529590377886528e-01 5.460240399999999994e+00
4.274812652722679851e-01 -5.902323471827794488e-02 -9.020953528339517025e-01 -4.446072599999999930e+00 2.403381373041670391e-02 9.982556670186967240e-01 -5.392586635955479157e-02 -4.307255999999999863e-01 9.037046772252494975e-01 1.371505905199989911e-03 4.281541490313500731e-01 5.489933500000000244e+00
4.239111332457742298e-01 -5.838238317472321803e-02 -9.038201416460707183e-01 -4.509264899999999798e+00 2.600855997191916028e-02 9.982933915168770156e-01 -5.228632002654685917e-02 -4.356767999999999752e-01 9.053302744957061332e-01 -1.342307182125603709e-03 4.247061246237900933e-01 5.519705799999999662e+00
4.209027123347882648e-01 -5.827318064911343742e-02 -9.052320935352737852e-01 -4.573008500000000254e+00 2.800743507489064296e-02 9.982934967564293105e-01 -5.124136916932356400e-02 -4.403823000000000043e-01 9.066733095937833387e-01 -3.785597820280008768e-03 4.218165228145986934e-01 5.549426099999999806e+00
4.185968018552944092e-01 -5.727124416855763206e-02 -9.063645635548119861e-01 -4.636434600000000295e+00 2.978592379541495500e-02 9.983384671145832945e-01 -4.932650223721257721e-02 -4.449738999999999778e-01 9.076835991798976044e-01 -6.348989737702953606e-03 4.196071664177548621e-01 5.578219400000000050e+00
4.157578327975265942e-01 -5.646018521360411657e-02 -9.077211421759160404e-01 -4.699241599999999686e+00 3.104331581151239042e-02 9.983705816772152630e-01 -4.787999775402698027e-02 -4.491613999999999884e-01 9.089453982560947720e-01 -8.272189984788992645e-03 4.168331007272874089e-01 5.607303599999999832e+00
4.130604248364860287e-01 -5.747425588186262646e-02 -9.088882193893415007e-01 -4.760410799999999831e+00 3.393703365377326309e-02 9.982848306590547116e-01 -4.770403151522149138e-02 -4.536911000000000138e-01 9.100710758950008028e-01 -1.114032256484363825e-02 4.143024620159370119e-01 5.635429900000000103e+00
4.103619494975868642e-01 -5.738402152835432590e-02 -9.101154566744666941e-01 -4.821711099999999917e+00 3.681049449281406649e-02 9.982471039797965462e-01 -4.634335865195500503e-02 -4.584074000000000204e-01 9.111794872031164783e-01 -1.448424900305831167e-02 4.117549618779146048e-01 5.663759200000000327e+00
4.079814794352964458e-01 -5.679362770776574809e-02 -9.112220345720236647e-01 -4.882406200000000140e+00 3.964791835158243405e-02 9.982238928763340624e-01 -4.446461808228388546e-02 -4.623723000000000138e-01 9.121289135907122425e-01 -1.798731615913881296e-02 4.095086097375952860e-01 5.690828299999999729e+00
4.057103958629194040e-01 -5.589751302995199511e-02 -9.122908213534868249e-01 -4.943751299999999738e+00 4.159894830750014705e-02 9.982231192791370944e-01 -4.266300078920455541e-02 -4.664424999999999821e-01 9.130545450237150806e-01 -2.064151578000232579e-02 4.073147746373076972e-01 5.718716599999999595e+00
4.043159123052472714e-01 -5.749940351665851906e-02 -9.128102002344212762e-01 -5.004219100000000253e+00 4.450921134556667241e-02 9.980764052449350165e-01 -4.315575742289911448e-02 -4.704574999999999729e-01 9.135357536310068083e-01 -2.317990268695947070e-02 4.060974254403145745e-01 5.745333699999999766e+00
4.027025038893008446e-01 -5.820272806015139300e-02 -9.134785907768410151e-01 -5.062888100000000335e+00 4.554088079445087200e-02 9.980143741284076553e-01 -4.351249486697445629e-02 -4.749161000000000077e-01 9.141973099598099672e-01 -2.407802897745014298e-02 4.045534908795224149e-01 5.771374699999999969e+00
4.027171473794344259e-01 -5.914160927036623411e-02 -9.134118289465502638e-01 -5.122236299999999964e+00 4.548882617104999665e-02 9.979704871210903772e-01 -4.456089685894590313e-02 -4.790241000000000082e-01 9.141934510267237801e-01 -2.360459464182658798e-02 4.045901101258460031e-01 5.796958899999999915e+00
4.031998764993846573e-01 -6.043565147333807008e-02 -9.131141175241318519e-01 -5.179847699999999833e+00 4.509383150952639419e-02 9.979168132140452396e-01 -4.613653936431420105e-02 -4.827617000000000158e-01 9.140002220736443972e-01 -2.257356719080260560e-02 4.050852109292697456e-01 5.822142099999999765e+00
