1.000000000000000000e+00 0.000000000000000000e+00 0.000000000000000000e+00 0.000000000000000000e+00 0.000000000000000000e+00 1.000000000000000000e+00 0.000000000000000000e+00 0.000000000000000000e+00 0.000000000000000000e+00 0.000000000000000000e+00 1.000000000000000000e+00 0.000000000000000000e+00
9.999533740211885569e-01 -6.955253811324678230e-03 -6.698822886221736730e-03 7.169999999999999453e-05 6.923746093457573865e-03 9.999649135445134451e-01 -4.715232756410513842e-03 -2.680000000000000090e-04 6.731383488871034437e-03 4.668631955278680287e-03 9.999664456130474832e-01 5.205370000000000136e-02
9.997854767377614138e-01 -8.622824700158389019e-03 -1.883208428287756059e-02 -7.510000000000000399e-04 8.502970625557293785e-03 9.999431423464792967e-01 -6.435181799256451708e-03 -5.808000000000000228e-04 1.888650297932296940e-02 6.273672643588449997e-03 9.998019509066649047e-01 6.935449999999999948e-02
9.971981839526045110e-01 8.286414927868786555e-05 -7.480491330895455704e-02 -6.180999999999999862e-03 -6.130435316865202964e-04 9.999748577657078252e-01 -7.064560430813264513e-03 -1.926399999999999987e-03 7.480244714750780566e-02 7.090625500272841955e-03 9.971731629615586678e-01 1.252849000000000046e-01
9.881609373629435256e-01 -1.726937358878892752e-03 -1.534111454795490381e-01 -1.942599999999999882e-02 9.327465451115287548e-04 9.999857904637626804e-01 -5.248700262575107731e-03 -2.982100000000000115e-03 1.534180297548871086e-01 5.043466855475695412e-03 9.881485068491508983e-01 2.089321000000000095e-01
9.810133821885472782e-01 -1.049730715961209176e-03 -1.939372115722284851e-01 -3.461449999999999944e-02 7.130640355980258447e-05 9.999872361808407328e-01 -5.051969002325195496e-03 -4.224499999999999957e-03 1.939400393997695038e-01 4.942220232609107963e-03 9.810009355636661876e-01 2.787422999999999984e-01
9.773401045315800451e-01 -4.364713819289134031e-03 -2.116300294085786959e-01 -4.553949999999999665e-02 2.509542806653782855e-03 9.999560444305832796e-01 -9.033902902008877217e-03 -5.141200000000000284e-03 2.116601574909688643e-01 8.298100988603274858e-03 9.773080984269398863e-01 3.285527999999999782e-01
9.758139682562013695e-01 -3.627126655259697678e-03 -2.185725127007324409e-01 -5.231070000000000164e-02 1.251432481189502545e-03 9.999386425252174693e-01 -1.100659354978957699e-02 -5.379799999999999686e-03 2.185990239521443390e-01 1.046685898691437563e-02 9.757586338793614589e-01 3.544384999999999897e-01
9.739484628775358921e-01 -4.374945624372896143e-03 -2.267272623864825254e-01 -5.869289999999999924e-02 1.319867884373335590e-03 9.999063106734771278e-01 -1.362453023497146518e-02 -6.080600000000000241e-03 2.267656270409007802e-01 1.297034024764316673e-02 9.738629886522063295e-01 3.812420999999999727e-01
9.679165604098440845e-01 -1.468110751509024703e-02 -2.508425744695405579e-01 -7.994900000000000617e-02 1.014193773416772332e-02 9.997607716139299550e-01 -1.937887099176433675e-02 -7.858199999999999213e-03 2.510670690938437422e-01 1.621310038362622913e-02 9.678339021715335333e-01 4.658688999999999747e-01
9.656014080946327960e-01 -1.108988629983887787e-02 -2.597901751558725492e-01 -8.858489999999999420e-02 5.190418785781822017e-03 9.997130923070889352e-01 -2.338359729866350961e-02 -8.674899999999999278e-03 2.599749607914010330e-01 2.123081467241674791e-02 9.653819307765476587e-01 4.954773000000000094e-01
9.608099282673465691e-01 -1.042816333838737612e-02 -2.770117960525946277e-01 -1.066580000000000028e-01 2.769329133416586000e-03 9.996033891866102916e-01 -2.802490219060186152e-02 -1.069250000000000062e-02 2.771941784364295724e-01 2.615946742634307418e-02 9.604577396767246533e-01 5.566162000000000054e-01
9.559435766464622342e-01 -1.303505555321981396e-02 -2.932609172649738860e-01 -1.265992999999999979e-01 3.590964454923146337e-03 9.994581359662847442e-01 -3.271909878164497298e-02 -1.323840000000000086e-02 2.935285049916836475e-01 3.022452278405791948e-02 9.554723936251758865e-01 6.207789000000000224e-01
9.510703351279539142e-01 -1.314883548452995370e-02 -3.086945509156294731e-01 -1.488154999999999895e-01 3.919031012693998534e-04 9.991446004395904135e-01 -4.135110427026433139e-02 -1.615640000000000132e-02 3.089742125996287614e-01 3.920683024438246372e-02 9.502619430507713849e-01 6.862127000000000088e-01
9.480684773216152550e-01 -1.512065946948612516e-02 -3.177066696912133059e-01 -1.726321000000000105e-01 -3.130430931333159049e-03 9.983773996045426369e-01 -5.685743892452018583e-02 -2.021569999999999964e-02 3.180508806956177104e-01 5.489930433146881367e-02 9.464828068552870732e-01 7.537053000000000225e-01
9.468367188950955748e-01 -1.481356253840658554e-02 -3.213732815852781699e-01 -1.852694000000000007e-01 -6.672573908821467087e-03 9.978202064751251488e-01 -6.565296876280553307e-02 -2.242179999999999868e-02 3.216453085456106309e-01 6.430702850279525207e-02 9.446739657552437608e-01 7.885581000000000396e-01
9.452734537748620491e-01 -1.463672244320541119e-02 -3.259507078450119555e-01 -1.977994999999999892e-01 -1.022874587686329467e-02 9.971729113212747242e-01 -7.444163945561391160e-02 -2.495659999999999892e-02 3.261187979039698592e-01 7.370177259180155094e-02 9.424513665810538843e-01 8.243089000000000111e-01
9.422550534071973960e-01 -1.173302577811302302e-02 -3.346905293471709730e-01 -2.248763000000000012e-01 -1.873946465252253682e-02 9.959730804155556561e-01 -8.767243325062816506e-02 -3.147429999999999672e-02 3.343714204191743922e-01 8.888171461914497196e-02 9.382407974572543052e-01 8.963250999999999857e-01
9.404267657119763646e-01 -1.088674345853123809e-02 -3.398219786143614751e-01 -2.385436999999999974e-01 -2.230731332619102780e-02 9.953579365440065052e-01 -9.362137539592492452e-02 -3.499939999999999996e-02 3.392637353220626650e-01 9.562456261717323935e-02 9.358183909923953880e-01 9.337872999999999868e-01
9.386884498989310766e-01 -9.172824774999744496e-03 -3.446445318179137129e-01 -2.534224999999999950e-01 -2.646362365937207292e-02 9.947797843035068865e-01 -9.855382977785950849e-02 -3.927080000000000154e-02 3.437494300346647935e-01 1.016318848920718110e-01 9.335455475359130117e-01 9.712621999999999645e-01
9.369686941551176318e-01 -6.628708574935830364e-03 -3.493504349444583879e-01 -2.684130000000000127e-01 -3.096520298983602981e-02 9.943109528206686143e-01 -1.019160699038785117e-01 -4.318079999999999835e-02 3.480385357644349975e-01 1.063098740639013967e-01 9.314329757419292921e-01 1.008932099999999998e+00
9.351581036575593586e-01 -6.120724802348417870e-03 -3.541777207723423304e-01 -2.838589999999999725e-01 -3.262039003513662189e-02 9.941142078945229832e-01 -1.033094952857705612e-01 -4.754359999999999836e-02 3.527254333295983812e-01 1.081641270946102767e-01 9.294542970433284923e-01 1.047421200000000052e+00
9.303149615058924349e-01 -5.422413649742696337e-03 -3.667215153607719658e-01 -3.153939000000000048e-01 -3.379773706569583896e-02 9.943686545232580665e-01 -1.004424804096521739e-01 -5.708509999999999973e-02 3.652010204908084368e-01 1.058374996483588404e-01 9.248927712446755045e-01 1.126843500000000109e+00
9.277876699592633170e-01 -5.004704139854499953e-03 -3.730750492970998922e-01 -3.321443000000000034e-01 -3.416334293330471755e-02 9.945700932184543541e-01 -9.830155479470446822e-02 -6.186959999999999682e-02 3.715412567551312772e-01 1.039484613253480877e-01 9.225788919745075978e-01 1.165846200000000055e+00
9.209961735315249642e-01 -3.735985924668351263e-03 -3.895537071437774057e-01 -3.666638999999999871e-01 -3.382177779385362598e-02 9.954115843258147800e-01 -8.950902265601183572e-02 -7.072009999999999408e-02 3.881006772567556218e-01 9.561286628452224379e-02 9.166439025672432628e-01 1.247432700000000061e+00
9.171976953658638188e-01 -2.872514955793506464e-04 -3.984323093100337054e-01 -3.848581999999999836e-01 -3.624776315753120565e-02 9.957926734423229176e-01 -8.416086492347150949e-02 -7.507510000000000572e-02 3.967801498079555067e-01 9.163443132998415341e-02 9.133283329193323530e-01 1.287966699999999909e+00
9.137706372884059070e-01 4.239399940750884777e-03 -4.062083823823469109e-01 -4.043140000000000067e-01 -4.019197981243136791e-02 9.959828131814001395e-01 -8.001775181808896964e-02 -7.926329999999999487e-02 4.042373401707191061e-01 8.944419117755235404e-02 9.102702398059027145e-01 1.328508100000000081e+00
9.095925566731714040e-01 5.552642757563043541e-03 -4.154642571908809257e-01 -4.236409999999999898e-01 -4.182324985064755224e-02 9.960558543371699214e-01 -7.825312014597864130e-02 -8.312400000000000344e-02 4.133910940219853170e-01 8.855452105374146676e-02 9.062372207012072689e-01 1.369787899999999947e+00
9.055597002922558536e-01 5.005627782116772728e-03 -4.241893125682288934e-01 -4.430157000000000123e-01 -4.188059764290632397e-02 9.961004651890151829e-01 -7.765229417924834898e-02 -8.696360000000000201e-02 4.221464730963325751e-01 8.808409016805723857e-02 9.022380774006342197e-01 1.410021900000000050e+00
9.015216867516939736e-01 4.909062137654140318e-03 -4.327060774074119598e-01 -4.639744000000000090e-01 -4.196346483559122709e-02 9.962147310732750727e-01 -7.612671811916234266e-02 -9.107419999999999405e-02 4.306944577486140346e-01 8.678773358909051827e-02 8.983151859804533457e-01 1.452344800000000102e+00
8.975593164443764760e-01 6.332790295791663332e-03 -4.408482383212766198e-01 -4.855798000000000059e-01 -4.351836338845792296e-02 9.962866081008887598e-01 -7.429095884975689401e-02 -9.489690000000000625e-02 4.387407269810881250e-01 8.586553607761190920e-02 8.945019196190753252e-01 1.494513200000000097e+00
8.935901143060908103e-01 5.457062084427775905e-03 -4.488506745988405378e-01 -5.073796999999999890e-01 -4.225103837338929635e-02 9.965093569321992195e-01 -7.199966182521415348e-02 -9.870840000000000169e-02 4.468909904784363896e-01 8.330259311679029388e-02 8.907014767076680828e-01 1.537414899999999918e+00
8.897844902047407079e-01 5.524129363655413960e-03 -4.563475046342024277e-01 -5.300574999999999593e-01 -4.089465002135595634e-02 9.968693649950041147e-01 -6.766902344565078886e-02 -1.026641999999999971e-01 4.545450347223260468e-01 7.887301901937585069e-02 8.872248070698026678e-01 1.579863400000000029e+00
8.859479937591832055e-01 8.055132155941283761e-03 -4.637146398379379253e-01 -5.528956999999999899e-01 -4.128918876157253171e-02 9.972488902733203098e-01 -6.156178798607447877e-02 -1.063903999999999961e-01 4.619430216438921155e-01 7.368694385426410864e-02 8.838432434883061184e-01 1.623015600000000003e+00
8.818455410476753187e-01 8.206981415042495509e-03 -4.714669523841368282e-01 -5.763677000000000383e-01 -4.015633561543773683e-02 9.975234042205430862e-01 -5.774536121801743943e-02 -1.096205999999999986e-01 4.698254042133876984e-01 6.985487447782104398e-02 8.799911284026759040e-01 1.666433999999999971e+00
8.781347109203130330e-01 7.239560330748975869e-03 -4.783586711277594827e-01 -6.005850999999999829e-01 -3.859530488017604011e-02 9.976984651772822232e-01 -5.575100917563470537e-02 -1.129568999999999990e-01 4.768540991939827500e-01 6.741929508021343720e-02 8.763930663422563327e-01 1.710173200000000060e+00
8.749591230271974718e-01 6.658817940673028221e-03 -4.841510024518285160e-01 -6.258091000000000070e-01 -3.785567566666166173e-02 9.977855376946326293e-01 -5.468974846580781923e-02 -1.159253999999999979e-01 4.827146992285381577e-01 6.617915767872675770e-02 8.732736330828019256e-01 1.754517899999999964e+00
8.715344670735146737e-01 7.252962574748868241e-03 -4.902806005103342302e-01 -6.512027000000000232e-01 -3.790792234089029183e-02 9.978946527387025922e-01 -5.262367774397050391e-02 -1.190821999999999992e-01 4.888667120255599241e-01 6.444886786743052320e-02 8.699745291121601110e-01 1.799169900000000100e+00
8.686229710549763228e-01 7.042920999141302069e-03 -4.954235878714551844e-01 -6.773818000000000339e-01 -3.713878347875196329e-02 9.980115734346636236e-01 -5.092749799651932058e-02 -1.226433999999999996e-01 4.940797961031639374e-01 6.263622397835739986e-02 8.671573435821142706e-01 1.844187999999999938e+00
8.659485708253890079e-01 6.217683282507402778e-03 -5.000944041879139546e-01 -7.045405000000000140e-01 -3.658347430252516935e-02 9.980315316052315033e-01 -5.093830905784318269e-02 -1.260032000000000096e-01 4.987932658862012647e-01 6.240514671334645297e-02 8.644714428888111701e-01 1.890455800000000020e+00
8.637448346010093703e-01 3.059783700416910182e-03 -5.039201309967499265e-01 -7.316751000000000227e-01 -3.377263331967451238e-02 9.980848161768230975e-01 -5.182768522645066905e-02 -1.280997000000000108e-01 5.027964498072056143e-01 6.178460521022938884e-02 8.621939414193806606e-01 1.936531400000000014e+00
8.625591751731863654e-01 3.704130575182691329e-03 -5.059426338442278848e-01 -7.599413000000000418e-01 -3.490524486604898446e-02 9.980263603518677584e-01 -5.220160843925088223e-02 -1.314027999999999863e-01 5.047507238284989484e-01 6.268702784058041710e-02 8.609860877709468729e-01 1.982491999999999921e+00
8.617858073337064662e-01 4.004951416486933133e-03 -5.072565254802972046e-01 -7.880365999999999760e-01 -3.461377465408916471e-02 9.981024380727605561e-01 -5.092553109597409977e-02 -1.348783000000000065e-01 5.060900205323037859e-01 6.144496299423306274e-02 8.602891418821055902e-01 2.030226499999999934e+00
8.617187018357717054e-01 4.630180440218394089e-03 -5.073651942492344302e-01 -8.171119000000000021e-01 -3.452525857099996570e-02 9.981757748935163876e-01 -4.952907162802004659e-02 -1.377921000000000007e-01 5.062103173850548421e-01 6.019704182780882817e-02 8.603065911220852957e-01 2.079525499999999916e+00
8.612397173138068851e-01 4.077256929473773578e-03 -5.081825708317483370e-01 -8.466000999999999665e-01 -3.370538613978961429e-02 9.982243507740766741e-01 -4.911305800742505473e-02 -1.409793000000000018e-01 5.070799702871348069e-01 5.942660597412641882e-02 8.598478831956233304e-01 2.129042899999999960e+00
8.606816280284939058e-01 1.140219391219660441e-03 -5.091422542609885804e-01 -8.759523000000000170e-01 -3.084809718882397522e-02 9.982771263534464534e-01 -4.991166095547160814e-02 -1.442686999999999997e-01 5.082081562451060686e-01 5.866411935114141524e-02 8.592339559320878450e-01 2.178249099999999938e+00
8.592446329757157386e-01 -2.127669566678367860e-03 -5.115604888228197922e-01 -9.058237999999999568e-01 -2.760336431218535919e-02 9.983416998509957452e-01 -5.051637969285795171e-02 -1.472972999999999921e-01 5.108196501516715227e-01 5.752671866914756127e-02 8.577610166346361087e-01 2.228848199999999835e+00
8.556614270273811274e-01 -1.521730641754360375e-03 -5.175337734228747655e-01 -9.665350000000000330e-01 -2.521105992933457898e-02 9.986859082442206548e-01 -4.461904449509712656e-02 -1.540971999999999897e-01 5.169215847250964169e-01 5.122637026249178549e-02 8.544986449579805576e-01 2.328228699999999929e+00
8.526823674212166138e-01 -1.467475633214067321e-03 -5.224276282933506543e-01 -9.971657000000000437e-01 -2.322275797137138276e-02 9.989011372110554454e-01 -4.070898660815834569e-02 -1.575698000000000099e-01 5.219132914586028793e-01 4.684404544577711049e-02 8.517113076654093673e-01 2.377463600000000010e+00
8.485254700799672589e-01 -1.844412319389048330e-03 -5.291513250184362027e-01 -1.028283400000000070e+00 -2.185621362757363129e-02 9.990183939982018035e-01 -3.852991537908612846e-02 -1.608555000000000124e-01 5.287029719525287996e-01 4.425885896009700698e-02 8.476522405161881490e-01 2.427331899999999987e+00
8.432769726220471496e-01 -4.871064010991571838e-03 -5.374571798578897663e-01 -1.059232200000000068e+00 -2.011666877545564142e-02 9.989722550665768308e-01 -4.061715456031811389e-02 -1.639344000000000079e-01 5.371026597241665979e-01 4.506335920233849046e-02 8.423123094046691683e-01 2.474797199999999808e+00
8.372691453079863511e-01 -8.565649937691441687e-03 -5.467238863963955753e-01 -1.091093499999999938e+00 -1.848644875266005488e-02 9.988622331009673339e-01 -4.396010119487923223e-02 -1.669739000000000084e-01 5.464783888936041167e-01 4.691341946281122471e-02 8.361581797402672933e-01 2.522519099999999792e+00
8.306644324891530040e-01 -9.047000109450135941e-03 -5.566998764024411184e-01 -1.123846899999999982e+00 -1.822234953591939446e-02 9.988905758331347862e-01 -4.342307553754388982e-02 -1.697525000000000006e-01 5.564751086750101550e-01 4.621438413273591672e-02 8.295780156949481565e-01 2.571887699999999999e+00
8.248412979964890868e-01 -5.982248526322576573e-03 -5.653326859664459247e-01 -1.157696099999999895e+00 -1.902451173170540549e-02 9.990840356188197546e-01 -3.832959333182536787e-02 -1.727606999999999893e-01 5.650441585158075819e-01 4.237100983198559268e-02 8.239719633901270157e-01 2.620308899999999941e+00
8.193845161109059028e-01 -1.097702372715786065e-03 -5.732432379079559492e-01 -1.191559999999999953e+00 -2.230797124202146819e-02 9.991796214879111737e-01 -3.379997666182221056e-02 -1.757849999999999968e-01 5.728100637879554036e-01 4.048307118754105455e-02 8.186878231477874301e-01 2.668536700000000206e+00
8.154789218877316337e-01 -8.054062789503452918e-04 -5.787862120658617826e-01 -1.225435999999999970e+00 -2.388651391889261982e-02 9.991002323409450270e-01 -3.504511647964907856e-02 -1.787207000000000101e-01 5.782936645075973381e-01 4.240373871482854690e-02 8.147259419788834833e-01 2.714746499999999951e+00
8.120351820647668806e-01 -3.806148396241505402e-03 -5.835960729163851557e-01 -1.259905899999999912e+00 -2.366574444714808489e-02 9.989414797690383541e-01 -3.944429662962846417e-02 -1.813706999999999958e-01 5.831284555128510849e-01 4.584139211705538786e-02 8.110855510610253116e-01 2.761948299999999801e+00
8.089876227420702559e-01 -5.859235292779320717e-03 -5.877964746508077543e-01 -1.294677099999999914e+00 -2.645268936624597944e-02 9.985744444056499081e-01 -4.636091247204522647e-02 -1.845729999999999871e-01 5.872301775925916623e-01 5.305420192342535923e-02 8.076793733795866181e-01 2.808664600000000178e+00
8.055458510644480929e-01 -6.894777077678567942e-03 -5.924933281328180756e-01 -1.329388999999999932e+00 -2.653516610049266866e-02 9.985093587012393579e-01 -4.769638923502571293e-02 -1.878521999999999970e-01 5.919389890798488763e-01 5.414353733446800043e-02 8.041621170958239695e-01 2.854989999999999917e+00
8.021387917530796718e-01 -5.707045228306310489e-03 -5.971103653426822477e-01 -1.364665900000000098e+00 -2.544086293945621580e-02 9.987197563750039864e-01 -4.372197066862768683e-02 -1.912687000000000137e-01 5.965954418681097549e-01 5.026209168960841384e-02 8.009666665231331972e-01 2.902316299999999849e+00
7.990581974727873904e-01 -3.021626134266586911e-03 -6.012460950617847244e-01 -1.400323900000000066e+00 -2.526044729082570217e-02 9.989357373352468761e-01 -3.859148192482518558e-02 -1.942302999999999946e-01 6.007228203208260231e-01 4.602458527777746056e-02 7.981314620385548952e-01 2.948837999999999848e+00
7.957963396524041499e-01 -1.505354861746653616e-03 -6.055624820797401719e-01 -1.436226999999999920e+00 -2.529464726205177608e-02 9.990415180289137220e-01 -3.572430649252546914e-02 -1.969442999999999888e-01 6.050358391167615091e-01 4.374676172271196178e-02 7.949955057879588560e-01 2.995777100000000193e+00
7.927223798217354345e-01 -1.039106274988533390e-03 -6.095819459169647958e-01 -1.471936899999999993e+00 -2.613270559906430771e-02 9.990212856682169074e-01 -3.568686705071687226e-02 -2.000065000000000037e-01 6.090224217775866977e-01 4.421980370797894133e-02 7.919193764091083665e-01 3.040773600000000076e+00
7.890611238172652309e-01 -2.362416345368959988e-03 -6.143101512015290977e-01 -1.507726099999999958e+00 -2.639456580997460305e-02 9.989387763688036825e-01 -3.774450903774377586e-02 -2.026846999999999954e-01 6.137473989972889177e-01 4.599717443287723584e-02 7.881613985525135480e-01 3.086253600000000041e+00
7.851329368247920160e-01 -4.754840763147118177e-03 -6.193090206045720469e-01 -1.544040599999999985e+00 -2.553253106029596334e-02 9.988718870279009732e-01 -4.003802146678967638e-02 -2.057225000000000026e-01 6.188007444812361202e-01 4.724769618338234972e-02 7.841258150544659911e-01 3.131266099999999941e+00
7.810063877080993811e-01 -6.349283845825778178e-03 -6.244907597024882406e-01 -1.581216200000000072e+00 -2.430068473396877413e-02 9.988820871985389926e-01 -4.054691844457059685e-02 -2.086480000000000001e-01 6.240500773821007208e-01 4.684295537789581049e-02 7.799789987242338185e-01 3.176616199999999779e+00
7.760876679036829984e-01 -6.448438159488549884e-03 -6.305920625674935609e-01 -1.618349400000000049e+00 -2.372563362031650247e-02 9.989412157692340033e-01 -3.941499393376936278e-02 -2.116513999999999895e-01 6.301785667865394958e-01 4.555068696285292928e-02 7.751129652380195356e-01 3.222517700000000040e+00
7.712857874437399897e-01 -6.323504469990305979e-03 -6.364575770454052872e-01 -1.656367900000000004e+00 -2.376636391085354405e-02 9.989671843703332721e-01 -3.872627657889948088e-02 -2.148547000000000096e-01 6.360451194952656540e-01 4.499530911580176123e-02 7.703389047191026018e-01 3.267663999999999902e+00
7.659651399662418259e-01 -7.659324920336519141e-03 -6.428364792840091102e-01 -1.694037900000000096e+00 -2.317334847850489876e-02 9.989502552923866796e-01 -3.951434387117221808e-02 -2.181166999999999967e-01 6.424643182907432415e-01 4.516328368310017910e-02 7.649835799088569033e-01 3.311310100000000034e+00
7.605056760525655823e-01 -9.166580610152682412e-03 -6.492665789117345598e-01 -1.732705600000000068e+00 -2.285851943095214625e-02 9.989026468239259327e-01 -4.087774770678818254e-02 -2.207990999999999981e-01 6.489288133387628443e-01 4.592903186517887509e-02 7.594615982725344550e-01 3.356006100000000103e+00
7.546817676354933280e-01 -1.043899546739001510e-02 -6.560079702047827421e-01 -1.770894399999999980e+00 -2.226277523788936646e-02 9.988901658311357679e-01 -4.150669156357028600e-02 -2.239924000000000082e-01 6.557131983095005889e-01 4.592890135282953756e-02 7.536117950133527366e-01 3.400038499999999964e+00
7.488242448744686364e-01 -1.176689552218647405e-02 -6.626641611389224584e-01 -1.809940000000000104e+00 -2.210946327946236578e-02 9.988423931712201442e-01 -4.272054818800562204e-02 -2.269230999999999887e-01 6.623997448079791406e-01 4.664133117482339996e-02 7.476972410705849947e-01 3.443748999999999949e+00
7.426857719787742784e-01 -1.457545773340578055e-02 -6.694814412156275818e-01 -1.849113100000000065e+00 -1.950326415155567011e-02 9.988681515308197589e-01 -4.338246817365060820e-02 -2.303986000000000089e-01 6.693560090024790465e-01 4.527661525848488550e-02 7.415608952223737838e-01 3.487091799999999964e+00
7.365039869942118234e-01 -1.599310834207931520e-02 -6.762441109741277323e-01 -1.888412200000000096e+00 -1.820859406688433296e-02 9.988894472787923640e-01 -4.345479509992093703e-02 -2.334044999999999870e-01 6.761880834825007014e-01 4.431808435195727647e-02 7.353948484696064547e-01 3.529663600000000123e+00
7.303158575948135445e-01 -1.548826893694718945e-02 -6.829340097482984318e-01 -1.929446100000000053e+00 -1.794086810173582333e-02 9.989631862630177217e-01 -4.184110112073258919e-02 -2.365102000000000038e-01 6.828739806123148570e-01 4.280964863878292809e-02 7.292807830912012568e-01 3.572626099999999916e+00
7.237513971640179289e-01 -1.544866831697530411e-02 -6.898878559232392016e-01 -1.970789700000000089e+00 -1.764827866655567165e-02 9.990079709880110848e-01 -4.088535388772847334e-02 -2.398920999999999970e-01 6.898350914263781108e-01 4.176616512979472451e-02 7.227607723770785864e-01 3.615474199999999971e+00
7.173626710450967670e-01 -1.713187945445674917e-02 -6.964892654574097453e-01 -2.013009799999999849e+00 -1.650712841064223488e-02 9.989990287590009288e-01 -4.157469482999801708e-02 -2.432483000000000006e-01 6.965043523932057390e-01 4.132117187267150132e-02 7.163618135079440341e-01 3.658418699999999912e+00
7.107846864815235977e-01 -1.952929476896337821e-02 -7.031384899926822474e-01 -2.055839300000000147e+00 -1.550770984348382245e-02 9.989364864967978930e-01 -4.342127221585238839e-02 -2.461233999999999922e-01 7.032386795383005484e-01 4.176724304116539999e-02 7.097259027328561842e-01 3.701132499999999936e+00
7.045080868575366306e-01 -1.874959872221044696e-02 -7.094482420163502612e-01 -2.097735600000000034e+00 -1.705666353131883237e-02 9.989148709718238539e-01 -4.333763699746244480e-02 -2.491862999999999995e-01 7.094909624382209623e-01 4.263253568696720452e-02 7.034237990851506250e-01 3.742816899999999780e+00
6.941692807788722996e-01 -1.728638543088799676e-02 -7.196041901640636285e-01 -2.185310100000000144e+00 -1.889579156790663697e-02 9.989294572434590513e-01 -4.222426449697568723e-02 -2.557888999999999857e-01 7.195637280213375009e-01 4.290827810601487852e-02 6.930995029474567026e-01 3.826194500000000165e+00
6.892054880329795408e-01 -1.868635158983561126e-02 -7.243249378072549316e-01 -2.229734699999999847e+00 -1.882489377088897645e-02 9.988681451722641880e-01 -4.368125381253926826e-02 -2.586874000000000118e-01 7.243213503961742905e-01 4.374069986159091067e-02 6.880736388904031831e-01 3.868019799999999897e+00
6.839489004237430114e-01 -2.024263888504843414e-02 -7.292490227488291898e-01 -2.274503000000000164e+00 -1.946224097972362385e-02 9.987528976113295709e-01 -4.597684948993591147e-02 -2.622273999999999994e-01 7.292702673119205725e-01 4.563863586855526622e-02 6.827019790002496480e-01 3.909643899999999839e+00
6.788374812715671780e-01 -2.257291917891151786e-02 -7.339415081194256008e-01 -2.320035700000000034e+00 -1.924993485427956355e-02 9.986367694871274292e-01 -4.851847726814866729e-02 -2.656270000000000020e-01 7.340361803269512819e-01 4.706448712199246681e-02 6.774775420801513182e-01 3.951429399999999870e+00
6.736505255702537331e-01 -2.313460274437108277e-02 -7.386878634137568067e-01 -2.365808499999999981e+00 -1.946895027008117840e-02 9.986075539106703536e-01 -4.902971800784336476e-02 -2.692403999999999908e-01 7.387935634358910875e-01 4.741037258245996144e-02 6.722620971000003998e-01 3.992361999999999966e+00
6.688237354972484949e-01 -2.339484746902971077e-02 -7.430528190831439117e-01 -2.411732000000000209e+00 -1.816823728845880573e-02 9.986918320223507894e-01 -4.779685978880881397e-02 -2.726298999999999806e-01 7.431989814237750513e-01 4.546763424395015157e-02 6.675237585636346616e-01 4.032959499999999586e+00
6.634429708176204921e-01 -2.305094595331657822e-02 -7.478716991325098373e-01 -2.458566400000000041e+00 -1.821706174852158119e-02 9.987314204421470221e-01 -4.694346049091203954e-02 -2.764129000000000169e-01 7.480050555537312018e-01 4.476833381161895997e-02 6.621814201212465889e-01 4.074835799999999786e+00
6.582074070521398701e-01 -2.386688222655677580e-02 -7.524582255743385018e-01 -2.505680799999999930e+00 -1.754677004054490744e-02 9.987394692026114740e-01 -4.702747620306774873e-02 -2.803737000000000035e-01 7.526321280432045624e-01 4.415704462109682621e-02 6.569589296504674270e-01 4.115726000000000440e+00
6.536065539788981082e-01 -2.508522894130624237e-02 -7.564186697093033818e-01 -2.553861100000000217e+00 -1.630625334329931231e-02 9.987518029691501154e-01 -4.721167406241908587e-02 -2.839017999999999819e-01 7.566588258242508136e-01 4.319221405339401104e-02 6.523816781205860060e-01 4.156361600000000323e+00
6.491719703860961976e-01 -2.560615923183435366e-02 -7.602105481209976423e-01 -2.601389600000000080e+00 -1.554882055921265153e-02 9.987776490944142438e-01 -4.691952523899407812e-02 -2.875244000000000133e-01 7.604827329034177241e-01 4.227921804893203239e-02 6.479803088651072684e-01 4.196761099999999800e+00
6.452371678643565867e-01 -2.636693283586584793e-02 -7.635271979826344646e-01 -2.650434300000000132e+00 -1.453032821644082914e-02 9.987999595549065246e-01 -4.677082803457352500e-02 -2.911990999999999885e-01 7.638441377455919001e-01 4.127257740856614399e-02 6.440797369780757453e-01 4.237636099999999573e+00
6.411678591436681396e-01 -2.973449589554562345e-02 -7.668243841682157447e-01 -2.699226900000000207e+00 -1.116514741132777939e-02 9.987818311161494877e-01 -4.806447040751379157e-02 -2.948581000000000119e-01 7.673194353620979014e-01 3.937910087989857782e-02 6.400548183784589007e-01 4.278430000000000177e+00
6.368171753422100512e-01 -3.473224024793682835e-02 -7.702321446658328963e-01 -2.748258600000000218e+00 -7.614635294016972034e-03 9.986528124567223275e-01 -5.132813557511787389e-02 -2.984476999999999824e-01 7.709772386513806808e-01 3.855167518588740322e-02 6.356947898338114467e-01 4.319129900000000077e+00
6.318284974465101511e-01 -3.829678604037891482e-02 -7.741615503197396553e-01 -2.797530699999999815e+00 -3.746049554949247573e-03 9.986161266428972283e-01 -5.245758974132201657e-02 -3.024078000000000044e-01 7.750991658666761541e-01 3.604424763695904255e-02 6.308106651643331508e-01 4.359249600000000058e+00
6.253060798048836189e-01 -4.197559206713953606e-02 -7.792498676481514064e-01 -2.847124099999999824e+00 1.538654587746560165e-03 9.986167159574433905e-01 -5.255746523977705698e-02 -3.065050000000000274e-01 7.803780744620572030e-01 3.166550616970870147e-02 6.245056898202834272e-01 4.399175200000000174e+00
6.166712319369455075e-01 -4.607157564001454486e-02 -7.858714917971107994e-01 -2.897853899999999872e+00 6.795529589524229586e-03 9.985603291216121891e-01 -5.320798701450239754e-02 -3.104918999999999873e-01 7.871914712946068704e-01 2.747142192504738178e-02 6.160965090782841713e-01 4.439328200000000280e+00
6.078318448378731143e-01 -4.681322244347063677e-02 -7.926846602561741228e-01 -2.949723200000000212e+00 9.824454458051083000e-03 9.986276536415069627e-01 -5.144209829565774689e-02 -3.148925000000000196e-01 7.940049927397117013e-01 2.348045116509838576e-02 6.074576033909642181e-01 4.478899000000000186e+00
5.988661779770431126e-01 -4.505590328910764192e-02 -7.995806816413033591e-01 -3.002449799999999946e+00 1.014298683022652608e-02 9.987627845377098357e-01 -4.868285160754302204e-02 -3.191020999999999996e-01 8.007848779124957517e-01 2.104437695164155381e-02 5.985822529154924965e-01 4.518153700000000050e+00
5.894902363600844630e-01 -4.524163688621864882e-02 -8.065075669378355405e-01 -3.054909499999999944e+00 9.575938341776654705e-03 9.987515731364230431e-01 -4.902648837510768798e-02 -3.226727999999999819e-01 8.077187398104653804e-01 2.117756948697414529e-02 5.891875320384996062e-01 4.556481400000000015e+00
5.702096453341128912e-01 -4.842841569838185478e-02 -8.200705146027931214e-01 -3.162830399999999820e+00 8.855465509860483558e-03 9.985652141224933276e-01 -5.281187248245232391e-02 -3.305803999999999965e-01 8.214514843242715081e-01 2.285173291993095046e-02 5.698203727526836015e-01 4.631681000000000381e+00
5.603975143218513644e-01 -4.951582501440231210e-02 -8.267422869401523933e-01 -3.218119600000000080e+00 8.836377841382688642e-03 9.985118821812820622e-01 -5.381393471432643905e-02 -3.347668999999999784e-01 8.281766383861202119e-01 2.285178802493491312e-02 5.600011173341788995e-01 4.668423200000000328e+00
5.397489921068154839e-01 -5.043694298414701932e-02 -8.403137154075797088e-01 -3.329500400000000138e+00 1.347997026570432050e-02 9.985934032078225275e-01 -5.127870387846088229e-02 -3.431927000000000172e-01 8.417180738948835117e-01 1.635022483738541796e-02 5.396696713976563142e-01 4.741138900000000156e+00
5.295040750885409153e-01 -5.124592170593324919e-02 -8.467581059388437081e-01 -3.385804400000000047e+00 1.373807945830938376e-02 9.985607903221359605e-01 -5.184219520842529849e-02 -3.470578000000000274e-01 8.481961445546813971e-01 1.581782348304143493e-02 5.294460282435156095e-01 4.776144000000000389e+00
5.191918257631374933e-01 -5.258187813787999765e-02 -8.530386826822294877e-01 -3.442725199999999930e+00 1.340866386076065495e-02 9.984839116190866726e-01 -5.338619644924192525e-02 -3.510726000000000124e-01 8.545525471228841985e-01 1.627956784871936041e-02 5.191097377977510474e-01 4.810690899999999992e+00
5.092717096590868575e-01 -5.280198515861048159e-02 -8.589844446229631947e-01 -3.500676900000000202e+00 1.172976045749714660e-02 9.984492020120014910e-01 -5.442061853017796103e-02 -3.553989000000000176e-01 8.605258499664728555e-01 1.763919966742513723e-02 5.091012867539939091e-01 4.844494799999999657e+00
4.990096592425596334e-01 -5.417624469716211810e-02 -8.649013206679346810e-01 -3.558447800000000161e+00 1.082388207521388715e-02 9.983557457700985571e-01 -5.629074937014311858e-02 -3.596870999999999818e-01 8.665288244250425320e-01 1.872803776009696747e-02 4.987755577834683818e-01 4.877881999999999607e+00
4.893976288730672586e-01 -5.370828552692064051e-02 -8.704052969273441409e-01 -3.617323199999999961e+00 9.409910281599275644e-03 9.983687964221495958e-01 -5.631340798673635517e-02 -3.641723000000000043e-01 8.720099852879619196e-01 1.936921258975532814e-02 4.891047118580448272e-01 4.910812899999999814e+00
4.807821657195964771e-01 -5.164958799213917318e-02 -8.753175590528370353e-01 -3.676991199999999793e+00 8.606063191728127032e-03 9.984935130412719850e-01 -5.419077496068293309e-02 -3.686077999999999855e-01 8.767978357650723087e-01 1.852091992158249809e-02 4.805023732750379750e-01 4.942947400000000435e+00
4.725645003337334837e-01 -5.002162101294468921e-02 -8.798753493851080298e-01 -3.736403199999999813e+00 9.256093116150103384e-03 9.986145429392757622e-01 -5.180076611794991182e-02 -3.730887999999999982e-01 8.812474781606774998e-01 1.633499499291992188e-02 4.723727872920150395e-01 4.974851600000000040e+00
4.646177273764062754e-01 -5.055974565572868284e-02 -8.840667845399526881e-01 -3.796853099999999870e+00 9.855656044920370340e-03 9.986020719637308529e-01 -5.193041414882010320e-02 -3.773831000000000269e-01 8.854565113270710386e-01 1.541473285437586216e-02 4.644665246920606227e-01 5.006694800000000001e+00
4.568416772385531233e-01 -5.357376752772789741e-02 -8.879332933113561754e-01 -3.857692500000000191e+00 1.220081305957058937e-02 9.984682531595904242e-01 -5.396561491469795135e-02 -3.820332000000000172e-01 8.894643456027628847e-01 1.382023390977977703e-02 4.567955549653782699e-01 5.038102099999999695e+00
4.503699473395019193e-01 -5.680442065157437215e-02 -8.910332027078752271e-01 -3.918597000000000108e+00 1.419011127720974999e-02 9.983034125412592052e-01 -5.647067602230950584e-02 -3.862696999999999936e-01 8.927292709860895625e-01 1.278883508828027732e-02 4.504119163851352248e-01 5.068243999999999971e+00
4.445937554582748974e-01 -5.975849538681374251e-02 -8.937367144951647857e-01 -3.979376100000000083e+00 1.521377060646236790e-02 9.981319472647023350e-01 -5.917057574087990907e-02 -3.907740000000000102e-01 8.956031117584627443e-01 1.270976312436330330e-02 4.446723829178971243e-01 5.098061600000000304e+00
4.396558766216386305e-01 -6.296015763104950702e-02 -8.959568788190266364e-01 -4.039531700000000392e+00 1.601831203539643561e-02 9.979310599983310937e-01 -6.226566606199640530e-02 -3.953133999999999815e-01 8.980234539429330365e-01 1.302374914073419973e-02 4.397547704422591908e-01 5.126981699999999975e+00
4.346993310821893330e-01 -6.435766024783635963e-02 -8.982731116559825590e-01 -4.100144399999999578e+00 1.971261180334923577e-02 9.978842623501635867e-01 -6.195491820477581207e-02 -4.004282000000000119e-01 9.003598749903216625e-01 9.224452357406827396e-03 4.350482789140974749e-01 5.156552300000000422e+00
4.304227661866258381e-01 -6.176800874663383040e-02 -9.005114965638855162e-01 -4.160547300000000170e+00 2.206400427076007226e-02 9.980777136801669558e-01 -5.791422252357983358e-02 -4.057236000000000176e-01 9.023577018365792624e-01 5.058710354092901818e-03 4.309582200002226582e-01 5.185448199999999730e+00
4.266105117153582982e-01 -5.970027818703792233e-02 -9.024629344623248395e-01 -4.221089400000000325e+00 2.459526661680197859e-02 9.982158319670773050e-01 -5.440795594693787623e-02 -4.104651000000000272e-01 9.041009590493799264e-01 1.014689443027468052e-03 4.273177111369543812e-01 5.213908700000000174e+00
4.233609036249086910e-01 -5.884016792708372801e-02 -9.040483283100598788e-01 -4.281671000000000227e+00 2.603784414516309084e-02 9.982667012634067749e-01 -5.277900928350520715e-02 -4.151717999999999797e-01 9.055868682540474390e-01 -1.194900409540348291e-03 4.241591638274933018e-01 5.242003399999999758e+00
4.202372074571188443e-01 -5.869608194020459885e-02 -9.055139200661198595e-01 -4.342623200000000239e+00 2.805642686282535520e-02 9.982690999482841665e-01 -5.168791928616908726e-02 -4.197551999999999950e-01 9.069804443207877265e-01 -3.684298211516719851e-03 4.211566211830881645e-01 5.270541200000000259e+00
4.177676471780893963e-01 -5.757733146926018869e-02 -9.067276569467606073e-01 -4.403007500000000185e+00 3.017745141115284885e-02 9.983186494408725631e-01 -4.948934839821217402e-02 -4.244074999999999931e-01 9.080525945106985297e-01 -6.687681169961490202e-03 4.188027704337186075e-01 5.298231600000000263e+00
4.148749389195539039e-01 -5.656693186073448454e-02 -9.081183663357762503e-01 -4.463281600000000182e+00 3.116665069190471815e-02 9.983633891687493378e-01 -4.794979720642400522e-02 -4.285994000000000193e-01 9.093445028926853135e-01 -8.409838723270165323e-03 4.159589519069200048e-01 5.326104199999999622e+00
4.123914374950847228e-01 -5.769738067632934619e-02 -9.091778233898076822e-01 -4.521796700000000335e+00 3.383759080823894871e-02 9.982738648412672333e-01 -4.800321055068783316e-02 -4.328571999999999975e-01 9.103781190961434122e-01 -1.096827415641227210e-02 4.136319344936969511e-01 5.352919100000000263e+00
4.100068213924144001e-01 -5.812378811944411000e-02 -9.102285601245075908e-01 -4.581895399999999619e+00 3.662555041581742193e-02 9.982116731612137306e-01 -4.724430782039949761e-02 -4.368756999999999779e-01 9.113467920986099147e-01 -1.396713354043028349e-02 4.114024109217598868e-01 5.380213300000000309e+00
4.074928595078207150e-01 -5.725180666502526633e-02 -9.114119815339986053e-01 -4.641305400000000247e+00 3.970162363242204367e-02 9.981998883744040985e-01 -4.495290791791496654e-02 -4.411941999999999808e-01 9.123449734234790887e-01 -1.786654647427989018e-02 4.090323165545644013e-01 5.406661999999999857e+00
4.059896243877366695e-01 -5.638398436723163210e-02 -9.121366516023681204e-01 -4.700804200000000321e+00 4.116670588654117169e-02 9.982100743714555913e-01 -4.338144476367981894e-02 -4.450603000000000198e-01 9.129500135363135538e-01 -1.993724479984547784e-02 4.075840760552791320e-01 5.432836100000000279e+00
4.039466908832185510e-01 -5.763778971699096143e-02 -9.129649260081339479e-01 -4.758919699999999864e+00 4.392715859877661944e-02 9.980839441805597900e-01 -4.357573988373730084e-02 -4.491828999999999961e-01 9.137272435808924120e-01 -2.250167917105608956e-02 4.057045708055893041e-01 5.458893299999999726e+00
4.019214333021089436e-01 -5.856162692046607693e-02 -9.137995936225877802e-01 -4.815894100000000400e+00 4.486668422484172553e-02 9.980136099660441573e-01 -4.422459688016497359e-02 -4.532733999999999930e-01 9.145742955599871493e-01 -2.322434444656945943e-02 4.037505265952979761e-01 5.484573799999999721e+00
4.016851422105406355e-01 -5.930232142515554083e-02 -9.138557223111781758e-01 -4.874013399999999940e+00 4.492264230081151333e-02 9.979757391639917374e-01 -4.501533348535263768e-02 -4.575663999999999842e-01 9.146753537381505650e-01 -2.297082309521600307e-02 4.035360436817474472e-01 5.509809500000000249e+00
4.025008380835878863e-01 -6.060872929954980864e-02 -9.134110012884141261e-01 -4.930529100000000220e+00 4.415132667068346478e-02 9.979298763514200532e-01 -4.676133272756307496e-02 -4.611848000000000058e-01 9.143542725307450825e-01 -2.150683188973120247e-02 4.043435673864972379e-01 5.534154400000000251e+00
4.049949266982786900e-01 -5.984862469359278347e-02 -9.123580719602043532e-01 -4.986605199999999627e+00 4.159479101901807085e-02 9.980282810388223513e-01 -4.700450623905606806e-02 -4.652999999999999914e-01 9.133723133031458330e-01 -1.891275677892366447e-02 4.066857815590325664e-01 5.558661899999999711e+00
4.095449020129480200e-01 -5.960406214116247686e-02 -9.103407763093320781e-01 -5.041825300000000176e+00 3.877808471309528854e-02 9.980989044040685654e-01 -4.790445880481299795e-02 -4.692457999999999907e-01 9.114654318081343298e-01 -1.568224485430775444e-02 4.110776493743496518e-01 5.582635899999999651e+00
