1.000000000000000000e+00 0.000000000000000000e+00 0.000000000000000000e+00 0.000000000000000000e+00 0.000000000000000000e+00 1.000000000000000000e+00 0.000000000000000000e+00 0.000000000000000000e+00 0.000000000000000000e+00 0.000000000000000000e+00 1.000000000000000000e+00 0.000000000000000000e+00
9.997704025248476123e-01 -8.584135770861974629e-03 -1.963300405876365964e-02 1.440000000000000036e-04 8.468011618246572975e-03 9.999462033990716980e-01 -5.990249328331187333e-03 -7.835999999999999650e-04 1.968336898341499844e-02 5.822621475739176398e-03 9.997893088369234071e-01 5.886550000000000116e-02
9.993073297587256043e-01 -7.654295780482199031e-03 -3.641802365025648830e-02 -9.068000000000000322e-04 7.435022139212185514e-03 9.999534316114957466e-01 -6.152646112300843434e-03 -1.093599999999999911e-03 3.646342189475876988e-02 5.877615545327749200e-03 9.993177034853462093e-01 7.400560000000000471e-02
9.856952607725307791e-01 5.834152313714775296e-05 -1.685373830544406593e-01 -2.053510000000000058e-02 -6.467223389058159196e-04 9.999938870840496818e-01 -3.436210812694291943e-03 -3.411099999999999809e-03 1.685361523258109284e-01 3.496053603650123211e-03 9.856892730310152784e-01 1.956728000000000078e-01
9.833299653844967958e-01 5.577568405338702252e-04 -1.818292278051887867e-01 -2.479779999999999832e-02 -1.238307816474763789e-03 9.999926473680595951e-01 -3.629297944681367065e-03 -3.666500000000000054e-03 1.818258666160457726e-01 3.793957976368289749e-03 9.833234259958406609e-01 2.154140999999999972e-01
9.809419450442548039e-01 -8.582512306941859556e-04 -1.942991607228894135e-01 -2.898090000000000041e-02 -5.147232099890139412e-06 9.999901293396415980e-01 -4.443106660078053466e-03 -3.928899999999999927e-03 1.943010561636251132e-01 4.359429792053103395e-03 9.809322580818656823e-01 2.357538999999999885e-01
9.757049476441134184e-01 -3.306009682708931433e-03 -2.190637474407293450e-01 -4.386090000000000128e-02 1.036116095777222862e-03 9.999445897917177417e-01 -1.047586796925950581e-02 -4.786699999999999636e-03 2.190862423937977310e-01 9.994380733748375184e-03 9.756543090395874973e-01 3.001322000000000156e-01
9.719496656714338156e-01 -8.072737407432761109e-03 -2.350503739880850373e-01 -5.476869999999999655e-02 4.718679141926663927e-03 9.998789176952905811e-01 -1.482848662709401744e-02 -5.818000000000000255e-03 2.351416200257698819e-01 1.330341532257772047e-02 9.718700724234754507e-01 3.462296000000000262e-01
9.677014877931235937e-01 -1.500047383465871048e-02 -2.516521732624433794e-01 -6.715550000000000685e-02 1.070050869446904918e-02 9.997725824374837922e-01 -1.844674822196135100e-02 -7.066000000000000232e-03 2.518716531026361505e-01 1.515813943136034951e-02 9.676419281802152161e-01 3.946335999999999733e-01
9.655002716746181601e-01 -1.092787785777830749e-02 -2.601726482199157586e-01 -7.468940000000000301e-02 5.254946134944775762e-03 9.997332547133953584e-01 -2.249010807622083691e-02 -7.784400000000000347e-03 2.603490175463648026e-01 2.034701220540115207e-02 9.653001544374453236e-01 4.193135000000000057e-01
9.631737470195611550e-01 -8.380642399997204409e-03 -2.687491355990968556e-01 -8.254229999999999901e-02 1.512979508372166645e-03 9.996672399649837448e-01 -2.575112102023574892e-02 -8.386700000000000405e-03 2.688755175639939710e-01 2.439619178796048268e-02 9.628659210299943538e-01 4.449632000000000032e-01
9.607251242939864877e-01 -1.039890181552049174e-02 -2.773068668304757844e-01 -9.009100000000000441e-02 2.966688517326147509e-03 9.996254044391063021e-01 -2.720752762002412797e-02 -9.502299999999999983e-03 2.774859173175194815e-01 2.531627225687809249e-02 9.603960912297959673e-01 4.712553999999999910e-01
9.533904775520272157e-01 -1.275412373013734037e-02 -3.014696164474849338e-01 -1.164754000000000067e-01 2.340180128879499818e-03 9.993887721311243144e-01 -3.487987521777975719e-02 -1.296169999999999961e-02 3.017302120605123150e-01 3.254864768496283645e-02 9.528375856691413404e-01 5.533411999999999775e-01
9.509183948200577996e-01 -1.341110755812785840e-02 -3.091510125924043506e-01 -1.258382999999999863e-01 1.025886245905118475e-03 9.991915351804170342e-01 -4.018984425463489191e-02 -1.417769999999999968e-02 3.094400651988282180e-01 3.790010841495935340e-02 9.501633690223377782e-01 5.811587999999999754e-01
9.492693317571296863e-01 -1.437696139828208153e-02 -3.141353828627474476e-01 -1.360831000000000124e-01 -7.728529131220936502e-04 9.988446645746438257e-01 -4.804933661500501024e-02 -1.561390000000000000e-02 3.144632545842952487e-01 4.585454210565938910e-02 9.481614959934479003e-01 6.099008000000000207e-01
9.466400992039765150e-01 -1.528991796263286067e-02 -3.219297143597985023e-01 -1.570603999999999889e-01 -5.973090981916803419e-03 9.978701604503662503e-01 -6.495740963802400236e-02 -1.919099999999999973e-02 3.222372491863832455e-01 6.341420417742595073e-02 9.445325796103257732e-01 6.692323999999999495e-01
9.451291460943075373e-01 -1.495554186955073972e-02 -3.263544529655342252e-01 -1.677417999999999965e-01 -9.525073450873423886e-03 9.972655107170286248e-01 -7.328556549593895353e-02 -2.156680000000000055e-02 3.265580655546581612e-01 7.237287407373155235e-02 9.424022479384837059e-01 6.997953000000000090e-01
9.421396530923017432e-01 -1.220756365162135870e-02 -3.349982827729253709e-01 -1.910553999999999863e-01 -1.802749079436345714e-02 9.960454838306519454e-01 -8.699657301423731337e-02 -2.682359999999999953e-02 3.347355428495402685e-01 8.800209957866912680e-02 9.381938748590130661e-01 7.615547000000000288e-01
9.404486572657425603e-01 -1.141048074536082577e-02 -3.397442037419060035e-01 -2.031128000000000100e-01 -2.137534216294690800e-02 9.954736695918272593e-01 -9.260274238270943536e-02 -2.996580000000000077e-02 3.392630510304341374e-01 9.435027333580572884e-02 9.359479729808595216e-01 7.936718000000000384e-01
9.386867445689504041e-01 -9.981657009301082156e-03 -3.446266996242378644e-01 -2.155403999999999931e-01 -2.523095119705482184e-02 9.949117458614064047e-01 -9.753982288634836795e-02 -3.363180000000000336e-02 3.438467604504045205e-01 1.002545982504395722e-01 9.336586211551870518e-01 8.253591000000000122e-01
9.369382253364472168e-01 -6.857655182289923435e-03 -3.494277242417804796e-01 -2.285541000000000100e-01 -3.045354891186950047e-02 9.944027207845004268e-01 -1.011721812310842072e-01 -3.675010000000000082e-02 3.481656836364855900e-01 1.054333982274297532e-01 9.314850805440497705e-01 8.583361999999999936e-01
9.350899915969834719e-01 -6.620807567303389415e-03 -3.543485184423805778e-01 -2.417243000000000031e-01 -3.174417585417980275e-02 9.942421695268341963e-01 -1.023465467610547297e-01 -4.058080000000000020e-02 3.529858565360548539e-01 1.069517332338779381e-01 9.294957298685009306e-01 8.910951000000000288e-01
9.327151029723932396e-01 -6.251884882165105808e-03 -3.605599126672542898e-01 -2.548769000000000173e-01 -3.257663043880372478e-02 9.943008513348218225e-01 -1.015114780904220748e-01 -4.429400000000000004e-02 3.591396661974997073e-01 1.064271157659963662e-01 9.271957555949443819e-01 9.247457999999999512e-01
9.303012864284092576e-01 -6.228959853850699405e-03 -3.667433932994376700e-01 -2.688729999999999731e-01 -3.273292419456625552e-02 9.944566617898125127e-01 -9.992248743668888378e-02 -4.833040000000000253e-02 3.653328237967670700e-01 1.049626022972067196e-01 9.249404196896569008e-01 9.593836999999999504e-01
9.243778798719787249e-01 -5.815152104212628625e-03 -3.814337677885776268e-01 -2.976675999999999767e-01 -3.287539842922097832e-02 9.949495637911029977e-01 -9.483972632823210736e-02 -5.598310000000000092e-02 3.800588683105626808e-01 1.002075322413383124e-01 9.195181929144172761e-01 1.028011900000000090e+00
9.208415932890929856e-01 -3.536025137305933916e-03 -3.899208337535106650e-01 -3.126398000000000232e-01 -3.383324221683854660e-02 9.954632337031188438e-01 -8.892840978240057481e-02 -5.980200000000000099e-02 3.884663071488971275e-01 9.508126456646526226e-02 9.165443149889374030e-01 1.062900900000000037e+00
9.171574487173724810e-01 -2.621571963498173230e-04 -3.985249622493484134e-01 -3.281793000000000071e-01 -3.608303821271624523e-02 9.958378461087433742e-01 -8.369586973583795220e-02 -6.338979999999999615e-02 3.968881815015153913e-01 9.114228179666722385e-02 9.133306388451648550e-01 1.097136899999999970e+00
9.137244447238697109e-01 4.105727386250014599e-03 -4.063136499266123969e-01 -3.448760000000000159e-01 -3.990919847125676267e-02 9.960209567557225530e-01 -7.968381002937184598e-02 -6.692620000000000513e-02 4.043697503417358896e-01 8.902469716907203401e-02 9.102525519340867177e-01 1.132010100000000019e+00
9.094917162480000705e-01 5.214615570860083732e-03 -4.156893381609821914e-01 -3.612813000000000274e-01 -4.121813145367643483e-02 9.961254890952856433e-01 -7.768574910590304861e-02 -7.040309999999999624e-02 4.136736439703824209e-01 8.778848306655041844e-02 9.061828173857299218e-01 1.167074799999999968e+00
9.054845084740589245e-01 4.912389504374788107e-03 -4.243508846966732029e-01 -3.782962000000000269e-01 -4.162034039824150794e-02 9.961404525471232452e-01 -7.727836737630389141e-02 -7.356999999999999651e-02 4.223334608797016387e-01 8.763599276878075717e-02 9.021942033690992790e-01 1.201940199999999903e+00
9.013440244796228074e-01 4.536628577743073015e-03 -4.330800948277636619e-01 -3.956067999999999807e-01 -4.140294764334545574e-02 9.962681654928201569e-01 -7.573333712450058819e-02 -7.699590000000000600e-02 4.311203375640257907e-01 8.619258336259835729e-02 8.981681875417109051e-01 1.237624800000000080e+00
8.973741899709455350e-01 5.884529590938769594e-03 -4.412311587880923258e-01 -4.141441000000000150e-01 -4.287675439106738984e-02 9.963424085889522885e-01 -7.391473993766946304e-02 -8.022469999999999601e-02 4.391823620170525744e-01 8.524773990352231545e-02 8.943442713711895475e-01 1.273536999999999919e+00
8.897402055587666503e-01 5.671869611890090201e-03 -4.564320283540029277e-01 -4.525313999999999726e-01 -4.081675895484495470e-02 9.969057964920945425e-01 -6.717756402910607383e-02 -8.681529999999999803e-02 4.546387123867320912e-01 7.840065570879034551e-02 8.872186756283740872e-01 1.346915599999999991e+00
8.860066942094780851e-01 7.842466278307105854e-03 -4.636061189616310085e-01 -4.724478999999999762e-01 -4.079663942524242026e-02 9.972977603602596330e-01 -6.109673798180128429e-02 -9.001359999999999917e-02 4.618741950224098392e-01 7.304569051685211312e-02 8.839324380682707094e-01 1.383862399999999937e+00
8.817925817976681735e-01 8.002923250042415920e-03 -4.715695027310998211e-01 -4.925649000000000277e-01 -3.967035783452839415e-02 9.975713784165445297e-01 -5.725039452611541124e-02 -9.280249999999999611e-02 4.699660683452405174e-01 6.919030411531174041e-02 8.799685201304348059e-01 1.421586000000000016e+00
8.780950922651008517e-01 7.347740468345411238e-03 -4.784297436927953395e-01 -5.134589000000000514e-01 -3.848389525388951071e-02 9.977273689163241865e-01 -5.530901482938214292e-02 -9.562320000000000542e-02 4.769360530993979053e-01 6.697841462231689247e-02 8.763822757385325568e-01 1.459220399999999973e+00
8.749298529350743037e-01 7.135184561335966569e-03 -4.841971102601550503e-01 -5.351527000000000367e-01 -3.804673564458737473e-02 9.978133779111895141e-01 -5.404543244579026323e-02 -9.826749999999999374e-02 4.827527300283241396e-01 6.570808171554901045e-02 8.732881824732673381e-01 1.497068599999999972e+00
8.717593503917826503e-01 7.542454564681637039e-03 -4.898762561950076866e-01 -5.567921999999999594e-01 -3.805797708960094450e-02 9.979027212444853134e-01 -5.236171609772049401e-02 -1.007548000000000055e-01 4.884539132654630023e-01 6.429051494575685477e-02 8.702180785893067760e-01 1.534856100000000056e+00
8.686725681458209447e-01 6.580303701254220511e-03 -4.953429811293820206e-01 -5.791941000000000450e-01 -3.664513530352253579e-02 9.980258281247776919e-01 -5.100569041232867751e-02 -1.035269000000000050e-01 4.940294560140423563e-01 6.245915464566463571e-02 8.671987953124811188e-01 1.573734200000000083e+00
8.660586809738063385e-01 6.055929745465826047e-03 -4.999056779281755292e-01 -6.024053999999999798e-01 -3.632795764800901550e-02 9.980455877880902715e-01 -5.084568998302543830e-02 -1.065259000000000067e-01 4.986207382400327237e-01 6.219590349567608034e-02 8.645860448707932688e-01 1.613200699999999932e+00
8.639140727906793327e-01 4.476559844019531095e-03 -5.036193356555959122e-01 -6.258706000000000547e-01 -3.515507123823184699e-02 9.980574516907390059e-01 -5.143388076767204525e-02 -1.087684000000000012e-01 5.024107839213404203e-01 6.213922703535321862e-02 8.623932517494516947e-01 1.652546800000000093e+00
8.626170057624044096e-01 4.724138115899011864e-03 -5.058355304726684931e-01 -6.499393999999999449e-01 -3.602899977196755144e-02 9.979906448727426937e-01 -5.212085879874659572e-02 -1.111512999999999945e-01 5.045729011202797487e-01 6.318508736679272209e-02 8.610539078301167049e-01 1.692430899999999960e+00
8.619768856328514639e-01 5.121170285151948470e-03 -5.069217121505060764e-01 -6.744734999999999481e-01 -3.579595000529181559e-02 9.980679017024836064e-01 -5.078497370699431440e-02 -1.142862000000000045e-01 5.056822110752055011e-01 6.192121773763765297e-02 8.604947787151177030e-01 1.733538999999999941e+00
8.618465257300618187e-01 5.218845020214933628e-03 -5.071423170508222444e-01 -6.991568000000000227e-01 -3.513378212762532926e-02 9.981591941092231579e-01 -4.943521587527026362e-02 -1.167144999999999988e-01 5.059507717559390549e-01 6.042339672577995424e-02 8.604433913324505134e-01 1.775567700000000082e+00
8.613142860190385885e-01 4.234553589202156090e-03 -5.080548880341709816e-01 -7.245797999999999961e-01 -3.384470339084921786e-02 9.982223691044327385e-01 -4.905749557324605437e-02 -1.194868000000000041e-01 5.069440173746005973e-01 5.944888876534019928e-02 8.599265043436368217e-01 1.818437300000000034e+00
8.607528015237586594e-01 1.537928497399794134e-03 -5.090208732900233235e-01 -7.498658999999999741e-01 -3.124506468386531455e-02 9.982693993959471657e-01 -4.981919472006837019e-02 -1.222512999999999933e-01 5.080633430999544897e-01 5.878640153634088344e-02 8.593112348808817913e-01 1.860844900000000024e+00
8.595181279111117068e-01 -8.891334560776030516e-04 -5.111044875892551964e-01 -7.754988999999999910e-01 -2.903518228355161587e-02 9.982986332563440479e-01 -5.056478051249305161e-02 -1.248829999999999940e-01 5.102798702495903171e-01 5.830135744742956372e-02 8.580299562007426273e-01 1.903861400000000037e+00
8.579892543161798946e-01 -1.083075297248924443e-03 -5.136664933844391490e-01 -8.017429999999999835e-01 -2.770245646716357202e-02 9.984448959259422107e-01 -4.837730568271979281e-02 -1.279176999999999953e-01 5.129200847926024265e-01 5.573703210016563159e-02 8.566249878850223931e-01 1.946597700000000097e+00
8.556173974422506268e-01 -7.153039803938117391e-04 -5.176083051249905642e-01 -8.276305999999999941e-01 -2.610787031925062077e-02 9.986665302676179801e-01 -4.453695578539221267e-02 -1.306757000000000057e-01 5.169499475786246689e-01 5.162024470546823507e-02 8.544577824767030094e-01 1.990013500000000102e+00
8.528968537495912328e-01 -2.567296670403177578e-04 -5.220793914280915660e-01 -8.542767999999999473e-01 -2.456200619907190213e-02 9.988728483877844511e-01 -4.061699896780794627e-02 -1.335715000000000097e-01 5.215013563889600023e-01 4.746542787705826383e-02 8.519292038901605801e-01 2.032228499999999993e+00
8.486127056607439822e-01 -6.050647112473030165e-04 -5.290142811757038155e-01 -8.804756000000000249e-01 -2.330888369203373139e-02 9.989854257086537848e-01 -3.853329940105068574e-02 -1.363960999999999923e-01 5.285008720259435355e-01 4.503057981411046073e-02 8.477376216432902511e-01 2.074477200000000021e+00
8.433745062415781701e-01 -3.662621845416911409e-03 -5.373137141586762366e-01 -9.072059000000000095e-01 -2.151763442387742004e-02 9.989444201227389852e-01 -4.058370257190869329e-02 -1.390867000000000075e-01 5.368951793698416575e-01 4.578898019024072591e-02 8.424054461258920767e-01 2.115771099999999905e+00
8.373962127208307571e-01 -7.574585230571164590e-03 -5.465438761704261017e-01 -9.347775999999999863e-01 -1.983974898046996296e-02 9.988238869706729250e-01 -4.424056031729738103e-02 -1.414659000000000055e-01 5.462361826913347818e-01 4.789017096838661669e-02 8.362610622547348438e-01 2.156969099999999973e+00
8.308525258455685680e-01 -7.758760908598899206e-03 -5.564385697677703968e-01 -9.630246000000000084e-01 -1.994779170452345290e-02 9.988449725316682626e-01 -4.371277221046203365e-02 -1.438972000000000029e-01 5.561350248834825427e-01 4.741858788886478548e-02 8.297380982095942104e-01 2.199408500000000100e+00
8.248726515529689607e-01 -4.635870556060470507e-03 -5.652995820130788385e-01 -9.918668999999999958e-01 -2.078791394239511148e-02 9.990413402626437955e-01 -3.852613502733012729e-02 -1.465200999999999865e-01 5.649362542392706299e-01 4.353055421664132896e-02 8.239855092753113341e-01 2.241059299999999865e+00
8.194215308989643010e-01 9.608688814658622457e-05 -5.731913689741913176e-01 -1.020759600000000100e+00 -2.370044338951805135e-02 9.991504623525738760e-01 -3.371413003145824067e-02 -1.492779999999999940e-01 5.727011818412267585e-01 4.121097363503743033e-02 8.187276787612071116e-01 2.282255900000000004e+00
8.154397155718998702e-01 2.526693039250592354e-04 -5.788419528906330047e-01 -1.049849699999999997e+00 -2.513435731942989526e-02 9.990721898406863533e-01 -3.497175387473208663e-02 -1.517862000000000100e-01 5.782960611573955134e-01 4.306617750809180190e-02 8.146894930000530000e-01 2.322338799999999814e+00
8.121302976392650308e-01 -2.570605742217384887e-03 -5.834704548153890613e-01 -1.079726299999999917e+00 -2.519406234509169104e-02 9.989031506220641399e-01 -3.946840381704663087e-02 -1.540281000000000011e-01 5.829319333154689975e-01 4.675347755442269687e-02 8.111747490261623783e-01 2.362906499999999799e+00
8.088911010959137782e-01 -4.635446544467401384e-03 -5.879402173717781510e-01 -1.109339599999999981e+00 -2.782016604129080445e-02 9.985471502169379621e-01 -4.614788353832745965e-02 -1.568971999999999867e-01 5.872999446017982406e-01 5.368520679819916569e-02 8.075869449426231750e-01 2.403286700000000220e+00
8.054500316838570928e-01 -5.896598926299395985e-03 -5.926343531905453599e-01 -1.139085200000000020e+00 -2.779367687319856534e-02 9.984745155107861425e-01 -4.770904947040108951e-02 -1.596248000000000111e-01 5.920116198068599012e-01 5.489874312407631157e-02 8.040574419884780610e-01 2.443319300000000194e+00
8.022006761079786274e-01 -4.242045607433882551e-03 -5.970394294357505016e-01 -1.169485000000000108e+00 -2.707914792829851230e-02 9.986872347548301221e-01 -4.348018957212711894e-02 -1.627168999999999977e-01 5.964401017699759722e-01 5.104715650078108652e-02 8.010327039602099797e-01 2.483565599999999929e+00
7.988592653014439104e-01 -1.801651031412096482e-03 -6.015152768596973010e-01 -1.199792100000000028e+00 -2.643346281498900815e-02 9.989243413196907673e-01 -3.809766872960341361e-02 -1.655073999999999990e-01 6.009368904349655649e-01 4.633480735454740401e-02 7.979523415228325645e-01 2.523502099999999970e+00
7.957378382775613934e-01 -5.334627498787027078e-05 -6.056412220841050909e-01 -1.230647300000000000e+00 -2.664108814438131273e-02 9.990289621231980277e-01 -3.509109946309909439e-02 -1.680019000000000096e-01 6.050549934971504173e-01 4.405825681096283558e-02 7.949637254937752529e-01 2.563597000000000126e+00
7.925456961189022431e-01 1.163468866221765291e-04 -6.098125171122733557e-01 -1.261752599999999891e+00 -2.739517507720977407e-02 9.989971854398785878e-01 -3.541366778081428413e-02 -1.704025000000000123e-01 6.091968679711786683e-01 4.477287065403370847e-02 7.917541070986013896e-01 2.603021599999999935e+00
7.890557403549987026e-01 -1.146314994356703587e-03 -6.143205389491374069e-01 -1.293030099999999960e+00 -2.760051568699071339e-02 9.989223171706114179e-01 -3.731508799813442606e-02 -1.727636999999999923e-01 6.137012710974593110e-01 4.639924805888614306e-02 7.881737496472036586e-01 2.642357800000000090e+00
7.849877926729863509e-01 -3.879674003598527349e-03 -6.194990827144284395e-01 -1.324151899999999937e+00 -2.630366623551511768e-02 9.988699035281888294e-01 -3.958576724224759785e-02 -1.754187000000000107e-01 6.189525688588448649e-01 4.736944115368665192e-02 7.839986310879785147e-01 2.681169500000000205e+00
7.807372449574168094e-01 -5.276517496590594700e-03 -6.248371889535790924e-01 -1.356260199999999916e+00 -2.535732173548691654e-02 9.988730924933952871e-01 -4.011921393900932248e-02 -1.778985999999999901e-01 6.243447449692400841e-01 4.716676219319246993e-02 7.797236279435844075e-01 2.720607499999999845e+00
7.759099867694126962e-01 -5.644452385005827022e-03 -6.308183832045188844e-01 -1.388383600000000051e+00 -2.435915992356140966e-02 9.989461439930692466e-01 -3.890029214795846790e-02 -1.805312000000000028e-01 6.303731623088884017e-01 4.554933104505005936e-02 7.749547952506909976e-01 2.760158999999999807e+00
7.708937658790343539e-01 -5.258903726829057546e-03 -6.369420269227273890e-01 -1.420947399999999972e+00 -2.458211973413254245e-02 9.989753394451267310e-01 -3.799987591914610885e-02 -1.833079999999999987e-01 6.364892152410889237e-01 4.495125261976214148e-02 7.699745864440572518e-01 2.798959700000000161e+00
7.657297245927016105e-01 -6.729110941128048709e-03 -6.431272875108995368e-01 -1.453821199999999925e+00 -2.409823945931063166e-02 9.989429425380335070e-01 -3.914425128185153313e-02 -1.858673000000000131e-01 6.427108710222249055e-01 4.547215213069426276e-02 7.647581445466637984e-01 2.836892800000000214e+00
7.602353648977070444e-01 -8.488717619723563923e-03 -6.495922810748469001e-01 -1.486912400000000023e+00 -2.308570727853313798e-02 9.989300858627427893e-01 -4.007160687698056722e-02 -1.884366000000000096e-01 6.492374296652190235e-01 4.546014992744731864e-02 7.592260102830209467e-01 2.875223599999999990e+00
7.544869963812946834e-01 -9.682194145264423624e-03 -6.562435732318189219e-01 -1.520427500000000043e+00 -2.274133326093462359e-02 9.989050800010449427e-01 -4.088365088419998461e-02 -1.910998999999999892e-01 6.559208824645296199e-01 4.577003675593285803e-02 7.534407074762508039e-01 2.913805200000000095e+00
7.484617628498635433e-01 -1.118751587778019085e-02 -6.630835762105400377e-01 -1.554162999999999961e+00 -2.197258344465759239e-02 9.988904180300324231e-01 -4.165499183236832936e-02 -1.939372000000000040e-01 6.628138465123085687e-01 4.574682782741913700e-02 7.473854645464321766e-01 2.951959800000000023e+00
7.424086613551109659e-01 -1.356393576549752220e-02 -6.698099724485009343e-01 -1.588998099999999969e+00 -2.028028536613698044e-02 9.988818207465876009e-01 -4.270618465105437828e-02 -1.967312999999999978e-01 6.696402687789766439e-01 4.528937876071342100e-02 7.413034349044178573e-01 2.989999800000000096e+00
7.362967217484359672e-01 -1.521279769591449629e-02 -6.764877739684356239e-01 -1.622933500000000029e+00 -1.840955874419704721e-02 9.989268030694736789e-01 -4.250094418062842078e-02 -1.994032000000000027e-01 6.764083276315793203e-01 4.374714728601298425e-02 7.352264694738525064e-01 3.027088399999999790e+00
7.300046094904927285e-01 -1.498820314669552928e-02 -6.832778526259041252e-01 -1.658846599999999949e+00 -1.788467248842569302e-02 9.989981857774918872e-01 -4.102149806213295502e-02 -2.020230000000000081e-01 6.832081737015557321e-01 4.216608328637146130e-02 7.290052213857399765e-01 3.064562299999999961e+00
7.235061403601872332e-01 -1.501032355049118812e-02 -6.901547326853700870e-01 -1.695016300000000031e+00 -1.769646012601117785e-02 9.990317181706663829e-01 -4.027978882733584259e-02 -2.047960000000000058e-01 6.900910810611260437e-01 4.135597025673370258e-02 7.225399529188752945e-01 3.101814500000000141e+00
7.170680564965525861e-01 -1.645749601215816538e-02 -6.968088354615393776e-01 -1.731192000000000064e+00 -1.679689506716666031e-02 9.990228448848742504e-01 -4.088055423101726732e-02 -2.078077000000000119e-01 6.968007367019350973e-01 4.101836446205955194e-02 7.160909349436691551e-01 3.138854999999999951e+00
7.101661280958492251e-01 -1.915854450869082515e-02 -7.037734157224599940e-01 -1.767872200000000005e+00 -1.513948092324402667e-02 9.989829490111137300e-01 -4.247191663244279797e-02 -2.103919999999999957e-01 7.038713423792197776e-01 4.081688078928807223e-02 7.091538025138892642e-01 3.175815800000000078e+00
7.040005281538164184e-01 -1.797133450052928322e-02 -7.099720328966611094e-01 -1.805331599999999925e+00 -1.737818905124149937e-02 9.989445503248126634e-01 -4.251804230743927437e-02 -2.130147000000000013e-01 7.099867991057627892e-01 4.227075244927598618e-02 7.029451817765914878e-01 3.212689399999999917e+00
6.940221161725279586e-01 -1.528434313747391651e-02 -7.197914219537921987e-01 -1.881740900000000050e+00 -2.110965591229528940e-02 9.989127661442207540e-01 -4.156522658865088871e-02 -2.183978000000000030e-01 7.196441375365123516e-01 4.404173576231242004e-02 6.929449046066880058e-01 3.284373299999999940e+00
6.885870569307093181e-01 -1.700576990374026709e-02 -7.249542529135786229e-01 -1.920223000000000013e+00 -2.006602529960680587e-02 9.988953153469489754e-01 -4.249121799377848091e-02 -2.211680000000000035e-01 7.248760029523528825e-01 4.380585312375854384e-02 6.874851471675007542e-01 3.321353900000000081e+00
6.783084416365893210e-01 -2.119596012689464737e-02 -7.344715033810643723e-01 -1.999650399999999939e+00 -2.061908002710756416e-02 9.986411193836370881e-01 -4.786197044660830263e-02 -2.268210999999999977e-01 7.344879247090297936e-01 4.760930529313953802e-02 6.769496602452261813e-01 3.394327899999999953e+00
6.682385315833428985e-01 -2.199431848981992996e-02 -7.436218897137886197e-01 -2.079357599999999806e+00 -1.946947338019076532e-02 9.987034964119243519e-01 -4.703473036911558908e-02 -2.329787000000000108e-01 7.436922781054241538e-01 4.590834574198602441e-02 6.669439401311018090e-01 3.465152499999999858e+00
6.629264492947513077e-01 -2.193191222012920438e-02 -7.483632233426639191e-01 -2.119281099999999807e+00 -1.913323324230234435e-02 9.987480915367097367e-01 -4.621870873873099028e-02 -2.359340000000000048e-01 7.484400057527317296e-01 4.495821257733162435e-02 6.616768976703828464e-01 3.500916699999999881e+00
6.576384257545185852e-01 -2.297056951317413831e-02 -7.529834353472585340e-01 -2.160113799999999973e+00 -1.838536341059798102e-02 9.987479066911002512e-01 -4.652523285708028145e-02 -2.389728999999999881e-01 7.531093409216079726e-01 4.444065499501252681e-02 6.563926788137077750e-01 3.536174499999999998e+00
6.531630950469308194e-01 -2.419096201188843803e-02 -7.568307397467768372e-01 -2.201926700000000015e+00 -1.719627623175027514e-02 9.987579086890338020e-01 -4.676460108745507382e-02 -2.420628999999999975e-01 7.570219675494731515e-01 4.355958204628269936e-02 6.519358123768610458e-01 3.571290700000000040e+00
6.486870994564988280e-01 -2.437481844012525517e-02 -7.606647850562856528e-01 -2.243036299999999983e+00 -1.679053714155742671e-02 9.987853459201773143e-01 -4.632397476048288193e-02 -2.453502999999999934e-01 7.608699789459513196e-01 4.282173514843606171e-02 6.474899027302779553e-01 3.606286499999999950e+00
6.448256757174418707e-01 -2.498504021919526960e-02 -7.639211973108152032e-01 -2.285318900000000042e+00 -1.591233624969984675e-02 9.988101325259037822e-01 -4.609898826073161038e-02 -2.485462999999999978e-01 7.641640174011209430e-01 4.188158221499967138e-02 6.436608482582635293e-01 3.641525000000000123e+00
6.407968710032315718e-01 -2.837255767659786071e-02 -7.671860061832175282e-01 -2.327665800000000118e+00 -1.254226231032900402e-02 9.987965719235251116e-01 -4.741412837913773493e-02 -2.516100000000000003e-01 7.676080130956207670e-01 4.000507323706059548e-02 6.396698619965541788e-01 3.676686999999999816e+00
6.364065411019097507e-01 -3.355313970910487470e-02 -7.706237092500882735e-01 -2.369792700000000085e+00 -8.498212349987431177e-03 9.986878431520685995e-01 -5.050121114511578468e-02 -2.547886999999999791e-01 7.713070042658485281e-01 3.868822502946257791e-02 6.352863341946779485e-01 3.711801100000000186e+00
6.314520592127795817e-01 -3.729619992203879464e-02 -7.745174564768152470e-01 -2.412352999999999970e+00 -4.794225794134233248e-03 9.986357292259823160e-01 -5.199707407465754827e-02 -2.579819999999999891e-01 7.754000982170269340e-01 3.654687106533033303e-02 6.304117812195129122e-01 3.746457299999999879e+00
6.249871167408674877e-01 -4.085109574615092970e-02 -7.795654506738201039e-01 -2.454912699999999948e+00 6.157373295413090530e-04 9.986553024672794043e-01 -5.183828432276306464e-02 -2.616663000000000183e-01 7.806348216518901317e-01 3.191825230687643511e-02 6.241718516516074899e-01 3.780622699999999892e+00
6.165162385946665324e-01 -4.505564369708046218e-02 -7.860519808003322284e-01 -2.498865400000000125e+00 6.117397276858567434e-03 9.986052883834011240e-01 -5.244097122729021038e-02 -2.651391000000000164e-01 7.873184266862051084e-01 2.752211808248285901e-02 6.159319995069363340e-01 3.815262300000000106e+00
6.074044603184691749e-01 -4.580499349607770887e-02 -7.930710713145786572e-01 -2.543441099999999899e+00 8.910495237660211870e-03 9.986662966847567047e-01 -5.085499916992698016e-02 -2.687670999999999810e-01 7.943427627037643601e-01 2.382289732123105824e-02 6.070025081524565991e-01 3.849391699999999972e+00
5.985680920829619112e-01 -4.410973440689645864e-02 -7.998565936908413887e-01 -2.588744199999999829e+00 9.313989071050115393e-03 9.987985819972525769e-01 -4.811072861495646613e-02 -2.723489000000000049e-01 8.010177830408929944e-01 2.134769146373177717e-02 5.982597991854560204e-01 3.882956000000000074e+00
5.890420692795362845e-01 -4.428384675813080290e-02 -8.068880848885947588e-01 -2.634189099999999950e+00 9.005286652146157755e-03 9.987950752009063793e-01 -4.824212440107047278e-02 -2.754922000000000204e-01 8.080521922692830428e-01 2.115038228302432849e-02 5.887311066166687201e-01 3.916343200000000024e+00
5.796507863571135344e-01 -4.578336368017063562e-02 -8.135778078866884311e-01 -2.680352000000000068e+00 8.374882213180692009e-03 9.987023503425218607e-01 -5.023421909652997508e-02 -2.787617000000000012e-01 8.148219604450381848e-01 2.230468628903035933e-02 5.792820329908848764e-01 3.948769299999999927e+00
5.696911150860408668e-01 -4.781450059846351075e-02 -8.204668225617309796e-01 -2.726827600000000018e+00 8.846856227314195409e-03 9.986051318444691960e-01 -5.205308625608479067e-02 -2.822328000000000059e-01 8.218112718422135865e-01 2.239562873441387422e-02 5.693194791034938973e-01 3.980892199999999992e+00
5.597688123203246047e-01 -4.901613142117725030e-02 -8.271978575975612591e-01 -2.774104599999999810e+00 9.013801391223572740e-03 9.985501103406357881e-01 -5.307003413588213397e-02 -2.858899999999999775e-01 8.285997997453130592e-01 2.225075277841177118e-02 5.593990309813032802e-01 4.012481700000000373e+00
5.496221777639203054e-01 -5.011562583107378316e-02 -8.339087994244965829e-01 -2.821759899999999988e+00 1.206904536338699457e-02 9.985711942551580567e-01 -5.205677811624309648e-02 -2.891639999999999766e-01 8.353261637552494845e-01 1.854707662644089136e-02 5.494417222004084334e-01 4.044010199999999777e+00
5.392448538513900935e-01 -4.950848727270042160e-02 -8.406925105428033618e-01 -2.869957400000000103e+00 1.319024124044447868e-02 9.986445442742124534e-01 -5.034969441187658878e-02 -2.931310999999999778e-01 8.420457262707361501e-01 1.606187658150004180e-02 5.391669602172122211e-01 4.074930700000000350e+00
5.289031406589087547e-01 -5.043876596155813519e-02 -8.471820339746457540e-01 -2.918766499999999819e+00 1.363832528320206572e-02 9.986086014960665613e-01 -5.093973990451401007e-02 -2.965669000000000222e-01 8.485726037792006293e-01 1.538804426641444262e-02 5.288551259173372987e-01 4.105188400000000293e+00
5.185521652652445024e-01 -5.183530045305194400e-02 -8.534733466990448436e-01 -2.967727399999999793e+00 1.334050932488360999e-02 9.985297180786844029e-01 -5.253982227468714794e-02 -2.998600000000000154e-01 8.549419177404268266e-01 1.585886946301190772e-02 5.184812567004482009e-01 4.134935399999999817e+00
5.086807629372325223e-01 -5.259374282761315744e-02 -8.593472986127190794e-01 -3.017778900000000153e+00 1.209086214193099904e-02 9.984703642058769812e-01 -5.395130077438584082e-02 -3.032672000000000145e-01 8.608703110633213473e-01 1.705373911980348489e-02 5.085385703285187908e-01 4.164119699999999646e+00
4.982184073498471810e-01 -5.366915491972629876e-02 -8.653889532389376082e-01 -3.067476699999999834e+00 1.117134581928642262e-02 9.983969432457139304e-01 -5.548643753387311195e-02 -3.071736999999999940e-01 8.669795958443125006e-01 1.797680527282058405e-02 4.980192916562724559e-01 4.192978899999999953e+00
4.884820634239854242e-01 -5.293264805822304325e-02 -8.709669387999693368e-01 -3.118234199999999845e+00 9.705573249103045808e-03 9.984261791456654489e-01 -5.523555598067100142e-02 -3.110889000000000015e-01 8.725199571132752352e-01 1.852834493773907604e-02 4.882270218585984534e-01 4.221340200000000209e+00
4.800163133067534282e-01 -5.102511879449443677e-02 -8.757743865924606519e-01 -3.169704900000000158e+00 9.281749756512049782e-03 9.985465516419139709e-01 -5.309080264508953678e-02 -3.148644999999999916e-01 8.772104582600749323e-01 1.735573265667825910e-02 4.797922367682699862e-01 4.248962900000000431e+00
4.716793228681546712e-01 -4.920675565876538732e-02 -8.803961106094109201e-01 -3.220853299999999919e+00 9.656161072028310310e-03 9.986700920069736531e-01 -5.064391260688420882e-02 -3.187334000000000001e-01 8.817172874181329334e-01 1.538643975457743354e-02 4.715271811250000278e-01 4.276443999999999690e+00
4.640831599349878878e-01 -4.968189402984237585e-02 -8.843972693707077282e-01 -3.272952800000000106e+00 1.008831544067432390e-02 9.986575472007075405e-01 -5.080678410051075317e-02 -3.223687000000000080e-01 8.857341850444330200e-01 1.465649428321700448e-02 4.639613568164918656e-01 4.303682799999999808e+00
4.562728830827940674e-01 -5.269446672989357150e-02 -8.882783062415557929e-01 -3.325655499999999876e+00 1.201653299897549945e-02 9.985189298498483579e-01 -5.306175332759090202e-02 -3.262104000000000115e-01 8.897587645525046884e-01 1.353661359298222525e-02 4.562303157336596859e-01 4.330787199999999615e+00
4.497044259170458469e-01 -5.619975048702317844e-02 -8.914076044974129642e-01 -3.377921600000000080e+00 1.472543735449588151e-02 9.983493606314903790e-01 -5.551320222625662909e-02 -3.298968999999999929e-01 8.930560401258919034e-01 1.183816590062768820e-02 4.497896919925691295e-01 4.356562600000000174e+00
4.439013013901160210e-01 -5.884657301340739249e-02 -8.941413285766066643e-01 -3.430259500000000017e+00 1.544738599607071300e-02 9.981955639197002128e-01 -5.802580836937973330e-02 -3.338227000000000277e-01 8.959425276713066655e-01 1.194558561181881598e-02 4.440093355936797215e-01 4.382168300000000016e+00
4.383484999971375973e-01 -6.236152131511366742e-02 -8.966390763342428905e-01 -3.482441899999999979e+00 1.651826867118705994e-02 9.979805794349203563e-01 -6.133441016955536867e-02 -3.375390999999999808e-01 8.986532920711780559e-01 1.207492153205975277e-02 4.384933943853985827e-01 4.407894599999999663e+00
4.331834802056043765e-01 -6.372129456203104447e-02 -8.990504263367542492e-01 -3.534570500000000060e+00 2.045951445997459123e-02 9.979358706250628375e-01 -6.087204931542842395e-02 -3.419653000000000276e-01 9.010735157272256046e-01 7.974630971821307368e-03 4.335930402068746137e-01 4.433266200000000268e+00
4.287912021934578988e-01 -6.124539162893302691e-02 -9.013251948801319635e-01 -3.587120300000000039e+00 2.280543569614518207e-02 9.981152193106730408e-01 -5.697298555557863547e-02 -3.463775000000000048e-01 9.031157273706389432e-01 3.874401195772710083e-03 4.293797526562892486e-01 4.458561900000000300e+00
4.250996866164908350e-01 -5.901628773883091372e-02 -9.032205346536852364e-01 -3.639381900000000059e+00 2.521519938853369891e-02 9.982570156408486772e-01 -5.335845241030506142e-02 -3.504357000000000166e-01 9.047952531696648037e-01 -9.222447514905390831e-05 4.258468519741438474e-01 4.482866800000000040e+00
4.217101354385183742e-01 -5.801417801772611876e-02 -9.048728732906927696e-01 -3.691647500000000193e+00 2.717636382238420439e-02 9.983114278100618799e-01 -5.133944247095931224e-02 -3.546965000000000257e-01 9.063233456762658236e-01 -2.940791179787748816e-03 4.225746618402681509e-01 4.507105400000000373e+00
4.187199522803489171e-01 -5.790186827542729425e-02 -9.062676068427896192e-01 -3.744143199999999894e+00 2.890934961563797895e-02 9.983093268989214897e-01 -5.042556228167536375e-02 -3.585007000000000055e-01 9.076551388424697331e-01 -5.085418059252888590e-03 4.196859390735165896e-01 4.531505600000000022e+00
4.169514170554815546e-01 -5.693571814837289358e-02 -9.071437812245394250e-01 -3.796109400000000189e+00 3.066499979460222958e-02 9.983491612918155012e-01 -4.856552208640997625e-02 -3.622079000000000271e-01 9.084113460338455459e-01 -7.568100610957258223e-03 4.180090313020993209e-01 4.554581200000000329e+00
4.135751827376937806e-01 -5.628395288395568463e-02 -9.087286090309032449e-01 -3.848209600000000119e+00 3.178485517393864201e-02 9.983715564761835859e-01 -4.737043593734849983e-02 -3.654770999999999992e-01 9.099149911970103588e-01 -9.292570531308830262e-03 4.146906762007867009e-01 4.578910399999999825e+00
4.114106231143797587e-01 -5.695111292984236101e-02 -9.096690991369830170e-01 -3.899170600000000153e+00 3.426858000187044812e-02 9.983068068851562726e-01 -4.700195476167746272e-02 -3.692773999999999779e-01 9.108056673150938254e-01 -1.183596480290950714e-02 4.126656592495807629e-01 4.601813299999999884e+00
4.091964242549075426e-01 -5.708430462891082163e-02 -9.106589199815876556e-01 -3.949900400000000200e+00 3.656805098066285425e-02 9.982652337469624104e-01 -4.614434677832365134e-02 -3.727625999999999995e-01 9.117132575675718220e-01 -1.441892011061356171e-02 4.105740258691121802e-01 4.624748699999999602e+00
4.063066637161253936e-01 -5.643298444898944138e-02 -9.119924414632238907e-01 -3.999995699999999932e+00 4.000185318453981093e-02 9.982326515116622945e-01 -4.394798286381931818e-02 -3.762926999999999800e-01 9.128607488339468556e-01 -1.862502945437000124e-02 4.078460022068990387e-01 4.647430400000000184e+00
4.041617256655751778e-01 -5.549846781090350678e-02 -9.130023108282183664e-01 -4.050375899999999696e+00 4.196436008747185531e-02 9.982316105395229178e-01 -4.210278140597428775e-02 -3.796771999999999925e-01 9.137244070229675330e-01 -2.129722494393019097e-02 4.057759680170996974e-01 4.670027300000000103e+00
4.028054304888142867e-01 -5.717071773991993372e-02 -9.134983821561060147e-01 -4.100104299999999924e+00 4.405002038648105772e-02 9.981016983511793450e-01 -4.304178728215125871e-02 -3.826892000000000071e-01 9.142250165427936448e-01 -2.290215670179903892e-02 4.045591555579166609e-01 4.691796799999999656e+00
4.006488608438051879e-01 -5.801270533636909005e-02 -9.143932503710408000e-01 -4.148628699999999725e+00 4.518390723824488447e-02 9.980302169411578994e-01 -4.352126605547096405e-02 -3.862085000000000101e-01 9.151168804208820173e-01 -2.387911413643773254e-02 4.024809102017288254e-01 4.713718400000000308e+00
4.006989409949587855e-01 -5.891922937200198135e-02 -9.143133396684793857e-01 -4.197311899999999874e+00 4.502357931597964630e-02 9.979907389077389279e-01 -4.457984252958879096e-02 -3.896136000000000044e-01 9.151028554163168627e-01 -2.330256347689375201e-02 4.025465867999741265e-01 4.734384099999999762e+00
4.013705958701241916e-01 -5.992728196271714103e-02 -9.139531528735063137e-01 -4.245149600000000412e+00 4.447901272032300790e-02 9.979552264459478073e-01 -4.590188924916261543e-02 -3.928889999999999882e-01 9.148351010965238839e-01 -2.222806527293914175e-02 4.032153902270289025e-01 4.755154100000000383e+00
4.037965018531786687e-01 -5.981129710942023614e-02 -9.128915564453559117e-01 -4.292398500000000006e+00 4.234123832398593856e-02 9.980130737460825019e-01 -4.665966319089847464e-02 -3.961017000000000010e-01 9.138684832230112853e-01 -1.981195018127495516e-02 4.055266723677832807e-01 4.775734400000000157e+00
