1.000000000000000000e+00 0.000000000000000000e+00 0.000000000000000000e+00 0.000000000000000000e+00 0.000000000000000000e+00 1.000000000000000000e+00 0.000000000000000000e+00 0.000000000000000000e+00 0.000000000000000000e+00 0.000000000000000000e+00 1.000000000000000000e+00 0.000000000000000000e+00
9.999557448983384944e-01 -6.795933684833884575e-03 -6.505653707380150245e-03 -9.459999999999999551e-05 6.764276231030765321e-03 9.999652347573715350e-01 -4.875842871249876087e-03 -1.134000000000000052e-04 6.538563441561240537e-03 4.831621051587775204e-03 9.999669507669413093e-01 5.068779999999999814e-02
9.997874277278476773e-01 -8.552905530562602068e-03 -1.876025491081911162e-02 -7.940999999999999491e-04 8.434107728252539585e-03 9.999439358110298048e-01 -6.402426225682881361e-03 -5.624000000000000093e-04 1.881396247901732238e-02 6.242839236465473965e-03 9.998035115832039077e-01 6.763429999999999442e-02
9.881434171277937439e-01 -1.502727605702262360e-03 -1.535263136949171214e-01 -1.867299999999999863e-02 7.090796102034176802e-04 9.999861029791844436e-01 -5.224084092953443052e-03 -2.810099999999999838e-03 1.535320305119209638e-01 5.053281928303205751e-03 9.881307504316620971e-01 2.034868999999999983e-01
9.857166704377267052e-01 -1.421151454294621507e-04 -1.684120703050928092e-01 -2.369850000000000081e-02 -5.733659562473476324e-04 9.999910165940163465e-01 -4.199759843843595651e-03 -3.382599999999999930e-03 1.684111542405736794e-01 4.236335037645650413e-03 9.857077338607050931e-01 2.252699999999999980e-01
9.832804336901204145e-01 1.271466978763637588e-04 -1.820977005782495328e-01 -2.818990000000000037e-02 -8.766290307994251563e-04 9.999914737305521939e-01 -4.035342332533665456e-03 -3.947400000000000214e-03 1.820956348837362015e-01 4.127505289590519162e-03 9.832721614366866092e-01 2.481414999999999871e-01
9.757685878042002825e-01 -3.863579942716931226e-03 -2.187709665486324007e-01 -5.048799999999999816e-02 1.500349128517585243e-03 9.999387306190344882e-01 -1.096740445531328191e-02 -5.232800000000000125e-03 2.187999360308159613e-01 1.037341592823234730e-02 9.757145997856599973e-01 3.453821999999999726e-01
9.738067659994390501e-01 -4.567718641110917084e-03 -2.273312966578280858e-01 -5.643460000000000143e-02 1.579493874084882121e-03 9.999099709651215750e-01 -1.332498268784773794e-02 -6.092499999999999825e-03 2.273716950124080594e-01 1.261688990779270651e-02 9.737263097997502781e-01 3.717377000000000042e-01
9.700768274846253147e-01 -1.479703206216283380e-02 -2.423468518869508204e-01 -7.005609999999999615e-02 1.106929804795084814e-02 9.997986636162690122e-01 -1.673627413279375059e-02 -7.066900000000000091e-03 2.425457058331274562e-01 1.355286218013430563e-02 9.700453084823595917e-01 4.262782999999999989e-01
9.678021643530417828e-01 -1.522498917250243375e-02 -2.512512097050780824e-01 -7.746440000000000270e-02 1.079478574024286472e-02 9.997611803193903190e-01 -1.900144539769785951e-02 -7.940799999999999595e-03 2.514805027718653996e-01 1.567743700598498574e-02 9.677353846452723118e-01 4.545874999999999777e-01
9.655430275677026053e-01 -1.135437472408902006e-02 -2.599956539829456625e-01 -8.610650000000000248e-02 5.558961032423823459e-03 9.997196667236659673e-01 -2.301490643392452989e-02 -8.764400000000000315e-03 2.601840884213226790e-01 2.077657672830814789e-02 9.653354722539818633e-01 4.834534999999999805e-01
9.607661933085556161e-01 -1.091129962493684984e-02 -2.771448454073828227e-01 -1.039260999999999935e-01 3.296308346542190307e-03 9.996045123066654714e-01 -2.792764450214148264e-02 -1.055640000000000051e-02 2.773399649287346946e-01 2.591838182927957979e-02 9.604221891109554488e-01 5.436571999999999516e-01
9.581967327210126895e-01 -1.428671108308017523e-02 -2.857532349584250286e-01 -1.129925999999999986e-01 5.804932240326971492e-03 9.995176880685910925e-01 -3.050727781536535788e-02 -1.155620000000000085e-02 2.860512614278452603e-01 2.757319576050742960e-02 9.578175163939586234e-01 5.743405000000000316e-01
9.533645750267032426e-01 -1.316544763379891812e-02 -3.015338423340824248e-01 -1.340000000000000080e-01 2.474077769983958411e-03 9.993555136341524259e-01 -3.581111989602486084e-02 -1.456739999999999945e-02 3.018109773075552393e-01 3.339503492468746254e-02 9.527827168977390793e-01 6.380658000000000163e-01
9.509013231492078333e-01 -1.431005648886751400e-02 -3.091632188931459080e-01 -1.448523999999999923e-01 1.661236391698847799e-03 9.991521071734035253e-01 -4.113765944482578041e-02 -1.585450000000000054e-02 3.094897638480741398e-01 3.860426160714629240e-02 9.501188331251151364e-01 6.704314000000000107e-01
9.491050039741116828e-01 -1.577772329129741025e-02 -3.145643890828152545e-01 -1.562000000000000055e-01 4.888098953123674179e-04 9.988170730425360855e-01 -4.862320087805283020e-02 -1.774059999999999873e-02 3.149594457961021332e-01 4.599476107650178613e-02 9.479899943867170498e-01 7.032650000000000290e-01
9.477998308905570823e-01 -1.653055363756115309e-02 -3.184371544909089802e-01 -1.679443999999999937e-01 -1.617984037098541515e-03 9.983931354316478712e-01 -5.664388096360246233e-02 -1.972710000000000088e-02 3.188618238226191282e-01 5.420228703107263929e-02 9.462500987524989915e-01 7.368715000000000126e-01
9.464270356950401641e-01 -1.688560298707999369e-02 -3.224759564948398993e-01 -1.797298999999999980e-01 -4.410600561843489899e-03 9.978627941282450786e-01 -6.519502049432544799e-02 -2.207339999999999997e-02 3.228876162199210698e-01 6.312464262341897780e-02 9.443298506271432524e-01 7.704940000000000122e-01
9.419427487249715236e-01 -1.335232330811351661e-02 -3.355079337165081665e-01 -2.187504000000000115e-01 -1.705748411631042433e-02 9.960160193371949688e-01 -8.752788960845826749e-02 -3.066340000000000038e-02 3.353399772768928533e-01 8.816918217815251924e-02 9.379623099858377389e-01 8.757019000000000331e-01
9.402022520682250528e-01 -1.265555125199844394e-02 -3.403814951320738857e-01 -2.323929999999999885e-01 -2.036641232326508177e-02 9.954328257101762167e-01 -9.326681482570767234e-02 -3.435679999999999984e-02 3.400072564739122227e-01 9.462201921942972604e-02 9.356504363403681523e-01 9.123590000000000311e-01
9.385107800995488025e-01 -1.119432136122463887e-02 -3.450684030829219151e-01 -2.468809999999999893e-01 -2.428670118488974322e-02 9.948576009765841555e-01 -9.832858142306004356e-02 -3.840360000000000301e-02 3.443946454033396942e-01 1.006630068514601101e-01 9.334127100426320434e-01 9.488478000000000190e-01
9.367715738120391267e-01 -8.361064726292092089e-03 -3.498415514120041814e-01 -2.615887000000000073e-01 -2.909389663103302548e-02 9.943926202069586218e-01 -1.016703597749215177e-01 -4.220209999999999934e-02 3.487299294246737902e-01 1.054201568704105502e-01 9.312754838654778711e-01 9.857137999999999733e-01
9.348909687707205318e-01 -7.838693449677412370e-03 -3.548484625807836190e-01 -2.766716000000000175e-01 -3.075301032604719348e-02 9.942074144022169380e-01 -1.029848022940500346e-01 -4.651210000000000067e-02 3.536002387822013704e-01 1.071922200192743507e-01 9.292344693889210694e-01 1.023794499999999941e+00
9.300885872252919739e-01 -7.224046026680376251e-03 -3.672642550974229425e-01 -3.075151999999999886e-01 -3.194287058115199279e-02 9.944287122869671647e-01 -1.004549112702812219e-01 -5.555029999999999690e-02 3.659438111681851402e-01 1.051634410728780888e-01 9.246760393399490185e-01 1.101105100000000059e+00
9.240451191849715640e-01 -6.953927692022892487e-03 -3.822201729371250134e-01 -3.403995000000000215e-01 -3.180236255650414900e-02 9.949704355615544005e-01 -9.498653638424370271e-02 -6.472400000000000375e-02 3.809583014533956535e-01 9.992734985030227168e-02 9.191764233843462417e-01 1.179462100000000069e+00
9.205808963718934423e-01 -4.895311487655802304e-03 -3.905212531483529537e-01 -3.573145999999999822e-01 -3.268523276081583551e-02 9.954478818175561683e-01 -8.952759431768557430e-02 -6.880609999999999504e-02 3.891818197121911238e-01 9.518167108419363365e-02 9.162302989396977626e-01 1.219317599999999890e+00
9.168903045317915446e-01 -1.340504352761187623e-03 -3.991370347433056964e-01 -3.752829999999999777e-01 -3.519250585127280118e-02 9.958282257477898414e-01 -8.418807716011200704e-02 -7.303419999999999357e-02 3.975847796225438491e-01 9.123786413594453526e-02 9.130180694599664415e-01 1.258705399999999974e+00
9.133745087572179289e-01 3.047458482406593255e-03 -4.071089777311584501e-01 -3.942092999999999847e-01 -3.907641014016910441e-02 9.960113695385235388e-01 -8.021462410653093511e-02 -7.697880000000000000e-02 4.052407197247928639e-01 8.917435027401529601e-02 9.098504791063964925e-01 1.298574399999999907e+00
9.092959921107954813e-01 4.393603152201618761e-03 -4.161267775361075505e-01 -4.131283000000000039e-01 -4.063573006921927799e-02 9.961030807486327410e-01 -7.827764664848051168e-02 -8.089050000000000407e-02 4.141612441706559733e-01 8.808716577585969099e-02 9.059310763256719357e-01 1.338273199999999941e+00
9.051806074637932520e-01 4.240435841027553887e-03 -4.250059841641718461e-01 -4.323625999999999858e-01 -4.123378562269344044e-02 9.961095591781987668e-01 -7.788145502644532037e-02 -8.448509999999999354e-02 4.230222722206242181e-01 8.802138841038918693e-02 9.018339050998290807e-01 1.378104900000000077e+00
9.010412856595861886e-01 3.142003225949277501e-03 -4.337219493553998717e-01 -4.520819999999999839e-01 -4.035580771836755343e-02 9.962432874333174704e-01 -7.662063056027673680e-02 -8.821149999999999824e-02 4.318518383894157653e-01 8.654155105950200877e-02 8.977831306166860204e-01 1.418859499999999940e+00
8.970651991550436799e-01 4.837609805421146103e-03 -4.418717302524483026e-01 -4.731823000000000001e-01 -4.206658003286974090e-02 9.963338370865360005e-01 -7.449354281250217258e-02 -9.210139999999999993e-02 4.398913858093382867e-01 8.541359732378928094e-02 8.939799136909897248e-01 1.459903399999999962e+00
8.932343914215886693e-01 4.430150130601741981e-03 -4.495694559815251456e-01 -4.945345999999999909e-01 -4.130003031972591387e-02 9.965320044184525772e-01 -7.223760561737292696e-02 -9.580890000000000239e-02 4.476903276566223666e-01 8.309234585424650488e-02 8.903196238335671087e-01 1.501178300000000077e+00
8.894468599993082814e-01 4.809697001346591172e-03 -4.570132930803283977e-01 -5.167319000000000218e-01 -4.038593505431553599e-02 9.968601663325671325e-01 -6.810862668704537048e-02 -9.942159999999999886e-02 4.552507654987078545e-01 7.903591331895859495e-02 8.868483889136172804e-01 1.542734000000000050e+00
8.855962514565992594e-01 7.460781123918555635e-03 -4.643959691373738541e-01 -5.391116000000000241e-01 -4.094934319451880994e-02 9.972314808775563089e-01 -6.206871062535089523e-02 -1.031224000000000030e-01 4.626471989518116668e-01 7.398452738091264302e-02 8.834499753864197835e-01 1.584725900000000021e+00
8.814408955508477028e-01 7.555973704108608774e-03 -4.722338985205345452e-01 -5.619608000000000381e-01 -3.975375099010856894e-02 9.975107090492457695e-01 -5.824109042838632178e-02 -1.062540000000000012e-01 4.706183028025324733e-01 7.010914771592827166e-02 8.795471110030491646e-01 1.627085799999999915e+00
8.776616341860797865e-01 6.792476001232138072e-03 -4.792326346854861030e-01 -5.856624999999999748e-01 -3.846678483440572893e-02 9.976722042302523796e-01 -5.630700996193178931e-02 -1.094754000000000005e-01 4.777346149718726953e-01 6.785304102339288768e-02 8.758799018595838648e-01 1.669914600000000027e+00
8.744283083621670061e-01 6.085163265297125618e-03 -4.851165883815081736e-01 -6.101164999999999505e-01 -3.758203845299733226e-02 9.977663246686148124e-01 -5.522636818587427915e-02 -1.123878999999999989e-01 4.836969339582342098e-01 6.652316998850096863e-02 8.727038122605427217e-01 1.713049800000000067e+00
8.711364454391437029e-01 6.467618941370019761e-03 -4.909984351633749911e-01 -6.346781999999999702e-01 -3.749114086769431142e-02 9.978706022177238344e-01 -5.337298554583369548e-02 -1.153175000000000033e-01 4.896077080521633040e-01 6.490324440939992945e-02 8.695239278369751856e-01 1.756074300000000088e+00
8.682396516423087629e-01 5.976979275427764249e-03 -4.961090434922382220e-01 -6.603206000000000353e-01 -3.658279604968046883e-02 9.979767947432599540e-01 -5.200015564550281716e-02 -1.185599999999999987e-01 4.947945092149162449e-01 6.329765297947580194e-02 8.667016792288220195e-01 1.799807699999999899e+00
8.652990989808813094e-01 5.293580538226256085e-03 -5.012279394726119053e-01 -6.861488000000000032e-01 -3.610306844593905856e-02 9.980053648360720508e-01 -5.178667982412594323e-02 -1.220460000000000017e-01 4.999540356389403639e-01 6.290683399682427124e-02 8.637642574712345311e-01 1.844517900000000044e+00
8.632871492014674297e-01 3.174117895719592852e-03 -5.047031038137047565e-01 -7.129132999999999720e-01 -3.428086763452895674e-02 9.980396963220450335e-01 -5.236016309775946148e-02 -1.245663000000000048e-01 5.035475351323120963e-01 6.250351622896219150e-02 8.617036557431961841e-01 1.889065500000000064e+00
8.619646675445055140e-01 3.224343228501378583e-03 -5.069581003550834852e-01 -7.402495999999999521e-01 -3.490851223754133648e-02 9.979838222154266969e-01 -5.300647478986857120e-02 -1.274115000000000109e-01 5.057650716273826008e-01 6.338686147012141670e-02 8.603393505557653809e-01 1.934174499999999908e+00
8.612723320637842850e-01 3.487475857526407819e-03 -5.081316832608978595e-01 -7.678161000000000014e-01 -3.456502586653877745e-02 9.980623965016077737e-01 -5.173694691719607497e-02 -1.308652999999999900e-01 5.069666941804519267e-01 6.212318570075450741e-02 8.597240724733334893e-01 1.980671300000000024e+00
8.613255132529227254e-01 3.896172363102790720e-03 -5.080385615881005679e-01 -7.960255000000000525e-01 -3.415509478250751407e-02 9.981524032005454350e-01 -5.025146251974760975e-02 -1.337519000000000069e-01 5.069041228082359352e-01 6.063497197074197570e-02 8.598672051276988748e-01 2.027666599999999875e+00
8.608225594171211581e-01 2.773716489949893879e-03 -5.088976593534209059e-01 -8.245567999999999786e-01 -3.264998428740809033e-02 9.982259882924645611e-01 -4.978809921622361079e-02 -1.369767000000000068e-01 5.078567708759911259e-01 5.947421957761112044e-02 8.593860119184191237e-01 2.075530300000000050e+00
8.601609944467223379e-01 -1.984873460046492066e-05 -5.100226105168804702e-01 -8.531545999999999852e-01 -2.996599352373503083e-02 9.982705096037359782e-01 -5.057696004736404044e-02 -1.402612000000000025e-01 5.091415351987708116e-01 5.878766249414007355e-02 8.586727594805333430e-01 2.123637200000000114e+00
8.590102931844177947e-01 -2.358529438812987516e-03 -5.119528821504053528e-01 -8.822564000000000517e-01 -2.770980835547874957e-02 9.983093724901880295e-01 -5.109367200690960453e-02 -1.433788000000000007e-01 5.112078664536796602e-01 5.807610642194663275e-02 8.574926723527982464e-01 2.172361599999999893e+00
8.575296191707895144e-01 -1.949990539393891067e-03 -5.144308989375513397e-01 -9.122824999999999962e-01 -2.728762819424022240e-02 9.984125863929441680e-01 -4.927162144363315954e-02 -1.467065999999999926e-01 5.137103635243635003e-01 5.628947387432271798e-02 8.561151543680429743e-01 2.220527899999999999e+00
8.553657202457205511e-01 -1.983550555171850055e-03 -5.180208008909630291e-01 -9.417322000000000193e-01 -2.523166918137221756e-02 9.986462351985095909e-01 -4.548691893462059738e-02 -1.498106999999999911e-01 5.174097481675827837e-01 5.197848065342072083e-02 8.541577079498378078e-01 2.269296600000000108e+00
8.524099575442821708e-01 -1.600695497196585187e-03 -5.228715923181143088e-01 -9.718297000000000185e-01 -2.351619674034550328e-02 9.988660742914067248e-01 -4.139509778395688427e-02 -1.533207000000000042e-01 5.223449557239204788e-01 4.758154477945459454e-02 8.514057457089283520e-01 2.317482699999999785e+00
8.481984933937909421e-01 -1.921219587246584745e-03 -5.296750180250155982e-01 -1.001982600000000057e+00 -2.215944447467849132e-02 9.989892246721079339e-01 -3.910866923834353803e-02 -1.566687999999999970e-01 5.292147719263671224e-01 4.490921847814875745e-02 8.472985821247460692e-01 2.365910799999999981e+00
8.429289024190809165e-01 -5.117807675412077220e-03 -5.380006259393765866e-01 -1.032105199999999945e+00 -2.036987523987754400e-02 9.989342562170085982e-01 -4.141762835899361755e-02 -1.595322000000000129e-01 5.376392225733492847e-01 4.587112164280902210e-02 8.419263070779742231e-01 2.412382800000000049e+00
8.368435881338978088e-01 -9.017005347162477397e-03 -5.473677946442888631e-01 -1.063065900000000008e+00 -1.861271469068319709e-02 9.988176314273702339e-01 -4.490997663839461918e-02 -1.624296000000000073e-01 5.471255576657211295e-01 4.777062658566630371e-02 8.356862996271905430e-01 2.459036100000000058e+00
8.303138236388587501e-01 -9.121872157507711354e-03 -5.572214512404921605e-01 -1.095229999999999926e+00 -1.865353436534399056e-02 9.988508820375083808e-01 -4.414703963543314263e-02 -1.654173999999999922e-01 5.569838417134728159e-01 4.705004677185411349e-02 8.291895399538438127e-01 2.507112499999999855e+00
8.242278822507503877e-01 -6.376301480892901039e-03 -5.662223422824887997e-01 -1.128048399999999951e+00 -1.913210497364548762e-02 9.990521147266960833e-01 -3.910031482474154996e-02 -1.683583999999999914e-01 5.659349438581440239e-01 4.306059497430635152e-02 8.233246167100423119e-01 2.554730199999999840e+00
8.189150825213360463e-01 -1.604277885596583353e-03 -5.739124618890403262e-01 -1.161145600000000000e+00 -2.240465903754566834e-02 9.991444468644755661e-01 -3.476212814677059892e-02 -1.712905999999999873e-01 5.734772173961968367e-01 4.132554406595227714e-02 8.181785138557283732e-01 2.601414000000000115e+00
8.150100335692023190e-01 -1.404741614825079019e-03 -5.794451413917657279e-01 -1.194690199999999924e+00 -2.379464529616059226e-02 9.990724295021587986e-01 -3.589004686377497005e-02 -1.743560000000000110e-01 5.789580814158808986e-01 4.303843990724617180e-02 8.142206289781613870e-01 2.647261100000000145e+00
8.115290442246961833e-01 -3.749916557286007979e-03 -5.843000500646603479e-01 -1.228355099999999922e+00 -2.422879222036370891e-02 9.989034034419713715e-01 -4.006190484224071008e-02 -1.771320999999999868e-01 5.838095374411876870e-01 4.666828385380909078e-02 8.105482683189488835e-01 2.693233699999999953e+00
8.085019163273261533e-01 -5.990869346987639371e-03 -5.884630496297185154e-01 -1.262372700000000014e+00 -2.672168261717789220e-02 9.985430851794794282e-01 -4.687919280825810636e-02 -1.803469000000000044e-01 5.878865562105908271e-01 5.362664006549682644e-02 8.071639117937183805e-01 2.738869000000000220e+00
8.050258744059126670e-01 -7.002378205326941288e-03 -5.931983717412459001e-01 -1.296228399999999947e+00 -2.713645964473600236e-02 9.984489983758394471e-01 -4.861286044075763951e-02 -1.832138000000000100e-01 5.926187257376747120e-01 5.523191415977294488e-02 8.035872582136317499e-01 2.784335099999999841e+00
8.015644913393054072e-01 -5.512386643666506575e-03 -5.978829148064455090e-01 -1.330635500000000082e+00 -2.622877207407436559e-02 9.986707161432601954e-01 -4.437175039813159166e-02 -1.868158000000000041e-01 5.973327529438234862e-01 5.124855423715445751e-02 8.003544014679713214e-01 2.830559699999999790e+00
7.982876429573791954e-01 -3.099490503522494417e-03 -6.022684054972254897e-01 -1.365196700000000041e+00 -2.563595968075720391e-02 9.989055979036731703e-01 -3.912037893415365453e-02 -1.898873000000000089e-01 6.017305349346985244e-01 4.666904365126584020e-02 7.973345368738756767e-01 2.875898400000000077e+00
7.950959304081165469e-01 -1.421764335776501062e-03 -6.064820195476737785e-01 -1.400117599999999962e+00 -2.576622107267505929e-02 9.990151881068334294e-01 -3.612140339884734042e-02 -1.928262000000000032e-01 6.059361049649422126e-01 4.434673063532122705e-02 7.942762769854533333e-01 2.921175199999999972e+00
7.919508492176894343e-01 -9.309290521046283823e-04 -6.105841349023740650e-01 -1.435247799999999962e+00 -2.679487403137271323e-02 9.989824866936087844e-01 -3.627707271951148560e-02 -1.956863000000000075e-01 6.099966288013592974e-01 4.509018352761279269e-02 7.911200845639192458e-01 2.965541800000000006e+00
7.884052708120772301e-01 -2.342475819880252344e-03 -6.151517225553126966e-01 -1.470445199999999897e+00 -2.675351800692694904e-02 9.989160250256177154e-01 -3.809231183943152799e-02 -1.984470999999999874e-01 6.145741438020217995e-01 4.648965211800079600e-02 7.874879897598179301e-01 3.009764699999999849e+00
7.843756710715276137e-01 -4.928757417109587077e-03 -6.202664862632948362e-01 -1.505859000000000059e+00 -2.576006116624440095e-02 9.988469073882848548e-01 -4.051265048809482572e-02 -2.014419000000000071e-01 6.197509385872700394e-01 4.775524003899959957e-02 7.833442481878675201e-01 3.053831300000000137e+00
7.800712514678618259e-01 -6.285277155200590798e-03 -6.256591227852801307e-01 -1.542016700000000018e+00 -2.473812162631712844e-02 9.988578613654632843e-01 -4.087784395995378711e-02 -2.043716999999999895e-01 6.252014619078920532e-01 4.736526237122627020e-02 7.790248160031485458e-01 3.098099500000000006e+00
7.753113653194605437e-01 -6.789958432350137046e-03 -6.315427010669673047e-01 -1.578246500000000108e+00 -2.383568616460051554e-02 9.989152806935073237e-01 -4.000152574682688811e-02 -2.072324999999999862e-01 6.311292632032970973e-01 4.606689116381026960e-02 7.743085267946911987e-01 3.142389099999999935e+00
7.705639721947563636e-01 -6.460762532576517711e-03 -6.373299171566767507e-01 -1.615275100000000075e+00 -2.415575937743719148e-02 9.989341801436640855e-01 -3.933195939188677964e-02 -2.103153000000000106e-01 6.369047527255061736e-01 4.570297898609378823e-02 7.695866251874825537e-01 3.186101700000000037e+00
7.651144165612437931e-01 -7.775363538355176823e-03 -6.438473990721665929e-01 -1.652293800000000035e+00 -2.368819392694411149e-02 9.989102962044968947e-01 -4.021305267103737757e-02 -2.133886999999999867e-01 6.434584672211772771e-01 4.601916838112739272e-02 7.640964841581738831e-01 3.229287900000000100e+00
7.595580439791860261e-01 -9.207827018263912977e-03 -6.503743489315322313e-01 -1.689884200000000058e+00 -2.319267825155595791e-02 9.988805447589113040e-01 -4.122810907209153997e-02 -2.163441000000000114e-01 6.500259052545772631e-01 4.639906490159259600e-02 7.584941985765119021e-01 3.273025500000000143e+00
7.538221625281689153e-01 -1.063354560729686329e-02 -6.569924466758902959e-01 -1.728084900000000035e+00 -2.261420872473464058e-02 9.988568571926875750e-01 -4.211385048770890233e-02 -2.193683999999999912e-01 6.566892300358739831e-01 4.660371816673538475e-02 7.527199669252347958e-01 3.316586299999999987e+00
7.477371735268556474e-01 -1.204368602320575118e-02 -6.638855842334907553e-01 -1.766274600000000028e+00 -2.172405839926693297e-02 9.988564945238386228e-01 -4.258836266181261626e-02 -2.228545000000000109e-01 6.636393483005165184e-01 4.626719112420023955e-02 7.466204942356877705e-01 3.359830600000000000e+00
7.415858538807912348e-01 -1.451600278204034228e-02 -6.707009072508621772e-01 -1.805695199999999945e+00 -1.986835942056344034e-02 9.988520784247069129e-01 -4.358639375514463538e-02 -2.261828999999999923e-01 6.705636954218691104e-01 4.564877971945143637e-02 7.404461623185658592e-01 3.402919300000000202e+00
7.355477823993619158e-01 -1.599857061854282822e-02 -6.772839179735071768e-01 -1.844789599999999918e+00 -1.822164263809312665e-02 9.988922576634696737e-01 -4.338466687144509892e-02 -2.294019999999999948e-01 6.772277545604216131e-01 4.425272102526733864e-02 7.344414647437258470e-01 3.444828499999999849e+00
7.290346447231579319e-01 -1.563757763505663548e-02 -6.842981462484657440e-01 -1.884736399999999978e+00 -1.796024754513459928e-02 9.989577421612177988e-01 -4.196258910362127281e-02 -2.323575999999999975e-01 6.842411243863500969e-01 4.288234534012155819e-02 7.279939478846193524e-01 3.487411999999999956e+00
7.227154931916768277e-01 -1.567525256560609731e-02 -6.909678736075330896e-01 -1.925913500000000056e+00 -1.757246935125786336e-02 9.990028357507723111e-01 -4.104317827379641570e-02 -2.356669000000000125e-01 6.909222273321438124e-01 4.180455260997288647e-02 7.217193742442207238e-01 3.529388200000000086e+00
7.160709616729882265e-01 -1.743627176064084516e-02 -6.978096834207812016e-01 -1.967100000000000071e+00 -1.651839275335234558e-02 9.989847294022148327e-01 -4.191244590845902285e-02 -2.387440000000000118e-01 6.978320145633674088e-01 4.153897986557428257e-02 7.150559366945774542e-01 3.571985699999999930e+00
7.092775126872650215e-01 -2.001131332488928147e-02 -7.046452705689435492e-01 -2.008469100000000118e+00 -1.492645915518824376e-02 9.989465346990595851e-01 -4.339379713541057643e-02 -2.419489999999999974e-01 7.047713180977607239e-01 4.129610334830368518e-02 7.082316153879260057e-01 3.613307199999999941e+00
7.030844898486217076e-01 -1.873720352919262463e-02 -7.108594216427105428e-01 -2.051358200000000132e+00 -1.753759712619635744e-02 9.988918454051438633e-01 -4.367509439194584148e-02 -2.447971999999999926e-01 7.108900286410989589e-01 4.317404760978244688e-02 7.019767580138573937e-01 3.655375199999999936e+00
6.974813774372944364e-01 -1.821862344469427769e-02 -7.163712793572581949e-01 -2.093726600000000104e+00 -1.765277176060439657e-02 9.989365825794066511e-01 -4.259206068910548204e-02 -2.479723000000000066e-01 7.163854463746052170e-01 4.235310784767598591e-02 6.964180543885265529e-01 3.696379400000000093e+00
6.926523240897192180e-01 -1.747559582228266212e-02 -7.210598875847740175e-01 -2.137492899999999807e+00 -1.904270511615565459e-02 9.989148819133019108e-01 -4.250216552122017960e-02 -2.512347999999999804e-01 7.210202031253838406e-01 4.317015453748428849e-02 6.915679319070830999e-01 3.737487799999999805e+00
6.825556435362498675e-01 -2.070872114429252869e-02 -7.305401716164441339e-01 -2.225126299999999890e+00 -1.915590878946403508e-02 9.987480910102205511e-01 -4.620932656823605739e-02 -2.572994000000000114e-01 7.305825378663697300e-01 4.553459752768309471e-02 6.813044516166956166e-01 3.818566300000000080e+00
6.773149701930042399e-01 -2.284156802284402835e-02 -7.353384893521538457e-01 -2.269385100000000044e+00 -1.934764670135574391e-02 9.986191718310473142e-01 -4.884074342792783796e-02 -2.606691999999999898e-01 7.354387124156366307e-01 4.730763597698522949e-02 6.759377840146975069e-01 3.859112000000000098e+00
6.722968573452037244e-01 -2.334322777973031615e-02 -7.399135282724504936e-01 -2.313906199999999913e+00 -1.943520195801244632e-02 9.986016291089280239e-01 -4.916359695797580670e-02 -2.644000000000000239e-01 7.400264917748649030e-01 4.743290058407397675e-02 6.709030566434820431e-01 3.899042099999999955e+00
6.672139279516549060e-01 -2.379115109308455739e-02 -7.444861016009565180e-01 -2.359006599999999843e+00 -1.757478224771863440e-02 9.987087127566758316e-01 -4.766585877595088533e-02 -2.679215999999999820e-01 7.446587818432472972e-01 4.488750598518079921e-02 6.659342388180391481e-01 3.939170100000000119e+00
6.620677477196768024e-01 -2.307824254632585143e-02 -7.490885743023766308e-01 -2.405215699999999845e+00 -1.815740884618628759e-02 9.987384125614275909e-01 -4.681764387783654557e-02 -2.714235999999999871e-01 7.492240025075188603e-01 4.459795954135620244e-02 6.608134502803046928e-01 3.979570400000000063e+00
6.566656602023385192e-01 -2.451225116817936159e-02 -7.537833642723185124e-01 -2.450658999999999921e+00 -1.700035303695868541e-02 9.987366232787991960e-01 -4.728789822227914136e-02 -2.749197999999999920e-01 7.539901847555082748e-01 4.386692221172976830e-02 6.554193271700372581e-01 4.019226999999999883e+00
6.520690876731514152e-01 -2.559062119896764187e-02 -7.577275400879625034e-01 -2.498127900000000068e+00 -1.588612732084412199e-02 9.987495793046410331e-01 -4.740156956840470281e-02 -2.784712999999999772e-01 7.579930975014547156e-01 4.294645439909246243e-02 6.508471911245348185e-01 4.059143100000000004e+00
6.474675089793643368e-01 -2.619301672484899632e-02 -7.616427973078382374e-01 -2.544872499999999871e+00 -1.514072708830252814e-02 9.987698109861773421e-01 -4.721888442004010256e-02 -2.818783000000000261e-01 7.619426377354757696e-01 4.210451920503717471e-02 6.462744202451604636e-01 4.098823499999999953e+00
6.434102286455609665e-01 -2.705143432066650644e-02 -7.650434612330607731e-01 -2.592523799999999934e+00 -1.384547955112933049e-02 9.988007577272426385e-01 -4.696114414582939350e-02 -2.856174000000000213e-01 7.653963550803377647e-01 4.080767409055278266e-02 6.422640838199291657e-01 4.138791600000000237e+00
6.394369661533314542e-01 -2.996689432036489520e-02 -7.682592996908108596e-01 -2.640111899999999956e+00 -1.111848198955405105e-02 9.987752133990845937e-01 -4.821257572315486989e-02 -2.892586999999999797e-01 7.687631271561292667e-01 3.937078033777158953e-02 6.383206059502730678e-01 4.178166899999999906e+00
6.352083807162672846e-01 -3.482927135370156996e-02 -7.715550757559618278e-01 -2.687968699999999878e+00 -7.672612959035485236e-03 9.986488067145601333e-01 -5.139739154826867412e-02 -2.928936999999999791e-01 7.723026894153602884e-01 3.856789733127050784e-02 6.340828598986461007e-01 4.217562700000000220e+00
6.302453044508588009e-01 -3.855451067230127038e-02 -7.754382025180754923e-01 -2.735943300000000189e+00 -3.757849337774610970e-03 9.986030856885778073e-01 -5.270441937452367831e-02 -2.966872999999999871e-01 7.763869748946068405e-01 3.613069277042009475e-02 6.292200237229665927e-01 4.256510300000000413e+00
6.236516681887790403e-01 -4.213199547561499031e-02 -7.805661353931491186e-01 -2.784251199999999926e+00 1.741725856198216016e-03 9.986188761671571656e-01 -5.251006145193394536e-02 -3.009222999999999759e-01 7.817004305719646995e-01 3.138845520070694672e-02 6.228637103923444496e-01 4.295427799999999685e+00
6.150139580786843085e-01 -4.644092088491799664e-02 -7.871474272560071705e-01 -2.833727099999999943e+00 6.991890966985023909e-03 9.985460310364548953e-01 -5.345032611733244871e-02 -3.046770999999999785e-01 7.884852216935306357e-01 2.736904763970030713e-02 6.144444567267244306e-01 4.334558499999999981e+00
6.060042781238679233e-01 -4.710598226847656500e-02 -7.940653885733163220e-01 -2.884154999999999802e+00 9.941963017080345660e-03 9.986156017825895681e-01 -5.165304683911146888e-02 -3.089796000000000209e-01 7.953992533733841297e-01 2.340739863629463791e-02 6.056336528150865206e-01 4.372895699999999941e+00
5.971592622528318905e-01 -4.533062481725748383e-02 -8.008407769084504579e-01 -2.935544499999999779e+00 1.015168469697817419e-02 9.987489906746166435e-01 -4.896322011722106793e-02 -3.130786999999999876e-01 8.020584509893693426e-01 2.110895734306512950e-02 5.968723926572765404e-01 4.410985000000000156e+00
5.876436302564305159e-01 -4.568616566408437163e-02 -8.078290277564662558e-01 -2.986644300000000030e+00 1.015542024467672860e-02 9.987424483122100405e-01 -4.909571650344290994e-02 -3.166901999999999773e-01 8.090561360367386490e-01 2.064694181340820736e-02 5.873686002290692265e-01 4.448278400000000410e+00
5.783416665185031613e-01 -4.697011286820505782e-02 -8.144413577819759054e-01 -3.039206699999999817e+00 9.245797992955176459e-03 9.986544009613077533e-01 -5.102844951676512031e-02 -3.204311000000000242e-01 8.157422583071652911e-01 2.198171826222096101e-02 5.779977267032858634e-01 4.484961499999999823e+00
5.682261578428238202e-01 -4.912724293265244291e-02 -8.214046186533274785e-01 -3.091491200000000106e+00 9.655957975961849266e-03 9.985455915267730242e-01 -5.304209760193785705e-02 -3.241796000000000122e-01 8.228157728305580676e-01 2.220845884529570879e-02 5.678740954973806598e-01 4.521027600000000035e+00
5.583576750646319642e-01 -5.024962441689120873e-02 -8.280770990326806746e-01 -3.144812100000000221e+00 9.757535309741487140e-03 9.984926381759270386e-01 -5.401149889751718364e-02 -3.283756999999999926e-01 8.295429447600033424e-01 2.207774341817394376e-02 5.580063405056104875e-01 4.556485699999999639e+00
5.480507313349369802e-01 -5.125756002392345412e-02 -8.348730792303908910e-01 -3.198681800000000131e+00 1.276445542830329308e-02 9.985168869091484156e-01 -5.292537420634628453e-02 -3.321874000000000215e-01 8.363476935825551184e-01 1.834908983183664022e-02 5.478921849611322337e-01 4.592123499999999581e+00
5.377829094576997981e-01 -5.087919337447768808e-02 -8.415467010075993182e-01 -3.253224799999999917e+00 1.386723782183156561e-02 9.985761279240944477e-01 -5.151132356400180135e-02 -3.365560000000000218e-01 8.429693007520523418e-01 1.603198121521569666e-02 5.377227292647306367e-01 4.626820099999999769e+00
5.275930190047490864e-01 -5.154940558083744018e-02 -8.479317573258574603e-01 -3.308523699999999845e+00 1.433232792051869139e-02 9.985552132636913436e-01 -5.178870958310079903e-02 -3.406432999999999822e-01 8.493763539643855998e-01 1.517052563909245672e-02 5.275695825936141947e-01 4.660747999999999891e+00
5.171367879620654140e-01 -5.292782427093594561e-02 -8.542647060216306265e-01 -3.363986699999999885e+00 1.397612072411506118e-02 9.984752777056309370e-01 -5.340213347955355405e-02 -3.444181000000000048e-01 8.557886483155656698e-01 1.567690111622883908e-02 5.170880236338966096e-01 4.694342599999999699e+00
5.071580323490535447e-01 -5.365282237696468448e-02 -8.601814371833551576e-01 -3.420471899999999899e+00 1.260662323926109787e-02 9.984154467794692511e-01 -5.484221624493344077e-02 -3.482928000000000135e-01 8.617608736037740691e-01 1.696968718446505847e-02 5.070307943730062439e-01 4.727142299999999686e+00
4.968517425278801136e-01 -5.494767515430451499e-02 -8.660941628611442678e-01 -3.476723199999999903e+00 1.174695655112217504e-02 9.983279328928201801e-01 -5.659812203364038979e-02 -3.525825000000000209e-01 8.677559305235518217e-01 1.794690505590943591e-02 4.966664410246770522e-01 4.759390400000000021e+00
4.784308393799439063e-01 -5.256903278702937388e-02 -8.765503001665326810e-01 -3.591521000000000186e+00 9.896230641589464500e-03 9.984658661592102913e-01 -5.447915871254332965e-02 -3.613554999999999962e-01 8.780694713684622510e-01 1.738996569215281104e-02 4.782170977118394006e-01 4.822037199999999579e+00
4.702571041936227103e-01 -5.078513922996730212e-02 -8.810670380787272160e-01 -3.649007300000000065e+00 1.047560681618223827e-02 9.985937935498276907e-01 -5.196823208073422101e-02 -3.658622999999999736e-01 8.824672898285018663e-01 1.520871845873719014e-02 4.701278307711445059e-01 4.852645899999999735e+00
4.626672639290259070e-01 -5.094924983907503369e-02 -8.850667640518790069e-01 -3.707224399999999864e+00 1.111055777620504129e-02 9.986020480326408544e-01 -5.167693074203374287e-02 -3.703011999999999970e-01 8.864623840831209467e-01 1.407563873686928230e-02 4.625865519011750360e-01 4.882793900000000242e+00
4.550154535450692816e-01 -5.407225927015232858e-02 -8.888403275125381642e-01 -3.765890800000000205e+00 1.302881046345001279e-02 9.984521047962204854e-01 -5.407073631738782554e-02 -3.745716000000000045e-01 8.903882227057376975e-01 1.302248844954036894e-02 4.550156345242426514e-01 4.912805600000000439e+00
4.483940784298187099e-01 -5.762275678938154344e-02 -8.919766635563205481e-01 -3.825061300000000220e+00 1.547392355667289929e-02 9.982707271589371656e-01 -5.671078369524711060e-02 -3.784314999999999762e-01 8.937020242333771902e-01 1.162640088585647005e-02 4.485103328615802631e-01 4.942119100000000209e+00
4.424560304282889600e-01 -6.042698864787643398e-02 -8.947520551418646217e-01 -3.883503399999999939e+00 1.674941112616504246e-02 9.981100801714205550e-01 -5.912465718401436338e-02 -3.830770000000000008e-01 8.966337704796578656e-01 1.117349109052023087e-02 4.426319404790873824e-01 4.970564399999999772e+00
4.375600972923875953e-01 -6.383003360869962672e-02 -8.969207813775911253e-01 -3.942170099999999788e+00 1.768125777795992448e-02 9.978952026336891379e-01 -6.239020503298449427e-02 -3.872954000000000119e-01 8.990153137632671543e-01 1.144077664237828570e-02 4.377677172302151254e-01 4.998738300000000301e+00
4.325609906017980899e-01 -6.499380849761322854e-02 -8.992590251237774224e-01 -4.000649000000000122e+00 2.166190828293472481e-02 9.978596233773259216e-01 -6.170035464081967402e-02 -3.927284999999999804e-01 9.013444131624340772e-01 7.209499999082644162e-03 4.330430370882671909e-01 5.027087700000000048e+00
4.283600041657683599e-01 -6.232355266961328577e-02 -9.014563115391343029e-01 -4.059232200000000290e+00 2.424155951260037814e-02 9.980521524051532145e-01 -5.748258755343098325e-02 -3.979284000000000154e-01 9.032829311038153008e-01 2.770534619661677717e-03 4.290364442730025818e-01 5.054840999999999696e+00
4.244521647639166728e-01 -6.053344386269236127e-02 -9.034246299505824807e-01 -4.117877499999999635e+00 2.644932191279766170e-02 9.981658637299105630e-01 -5.445495252660614849e-02 -4.020617000000000218e-01 9.050639718813128232e-01 -7.814463794787833428e-04 4.252747301968198279e-01 5.082360699999999731e+00
4.210594876126453889e-01 -5.964559268665392544e-02 -9.050697824833368044e-01 -4.176502700000000345e+00 2.781741341001923995e-02 9.982153261231963004e-01 -5.284273085237854023e-02 -4.065890999999999811e-01 9.066063640867257911e-01 -2.926767127499722843e-03 4.219672198543730213e-01 5.109529499999999835e+00
4.181202412236769139e-01 -5.938125156805425936e-02 -9.064487469467126246e-01 -4.235225699999999982e+00 2.981510597271552071e-02 9.982205860957937826e-01 -5.164030354679872981e-02 -4.111529999999999907e-01 9.079022652989086062e-01 -5.434009273200056389e-03 4.191466905611074267e-01 5.136576200000000370e+00
4.156997484976707180e-01 -5.837241826760800056e-02 -9.076267844684646757e-01 -4.293534799999999763e+00 3.189289979457343716e-02 9.982601175922219960e-01 -4.959415860216177807e-02 -4.155375000000000041e-01 9.089425515628952734e-01 -8.330570830051401560e-03 4.168381455049176010e-01 5.163050199999999812e+00
4.125756184146612826e-01 -5.733001590996299190e-02 -9.091174997576074723e-01 -4.351094699999999982e+00 3.290130227901617854e-02 9.983042115456109977e-01 -4.802296865709938800e-02 -4.195789999999999798e-01 9.103289863549905991e-01 -1.009804367485778523e-02 4.137622096275057615e-01 5.189583299999999788e+00
4.102177798660646135e-01 -5.845897165720908423e-02 -9.101120380011127331e-01 -4.408168800000000331e+00 3.559665715760024912e-02 9.982093241671734507e-01 -4.807310209378079513e-02 -4.235738000000000003e-01 9.112926264822740485e-01 -1.267650497954502659e-02 4.115641567733302475e-01 5.215557099999999835e+00
4.081367689472694127e-01 -5.846022947491976568e-02 -9.110470785876121358e-01 -4.465785000000000338e+00 3.783236440007663876e-02 9.981733614369592278e-01 -4.710257659132258135e-02 -4.275977000000000250e-01 9.121365522975071194e-01 -1.524277164367812340e-02 4.096029392905227162e-01 5.241195699999999569e+00
4.056049053383043446e-01 -5.741433356148979705e-02 -9.122435283778093096e-01 -4.522355600000000031e+00 4.092583743248845440e-02 9.981651397571162931e-01 -4.462543673854481308e-02 -4.318403000000000103e-01 9.131318287059949634e-01 -1.923403429721194657e-02 4.072104067048126774e-01 5.266531500000000143e+00
4.036114739967469056e-01 -5.659685535393795680e-02 -9.131782816198702468e-01 -4.579113500000000059e+00 4.293408485205619379e-02 9.981569685966291683e-01 -4.288741540247405920e-02 -4.355397999999999770e-01 9.139225582160065420e-01 -2.189662088161902637e-02 4.052975395655356028e-01 5.291687999999999725e+00
4.019249563247550006e-01 -5.819126373069463676e-02 -9.138217037851358304e-01 -4.634947300000000325e+00 4.568740704406583364e-02 9.980100661572244292e-01 -4.345766545089969207e-02 -4.392629000000000117e-01 9.145321155218845144e-01 -2.428342385820459609e-02 4.037837602043811147e-01 5.316357599999999906e+00
4.002839559025579419e-01 -5.910304124370363565e-02 -9.144832339429435075e-01 -4.689444100000000226e+00 4.673606789963813402e-02 9.979360025911436782e-01 -4.403946740923643521e-02 -4.432284000000000224e-01 9.151986093762815022e-01 -2.511105828422712308e-02 4.022200146034091706e-01 5.340476999999999919e+00
4.002534475319355911e-01 -5.973038407101200625e-02 -9.144558266846625205e-01 -4.744455300000000264e+00 4.648307602172260106e-02 9.979123426166958133e-01 -4.483614721201131803e-02 -4.471954000000000207e-01 9.152248365196165025e-01 -2.456089721463343423e-02 4.021943074505821558e-01 5.364044699999999999e+00
