1.000000000000000000e+00 0.000000000000000000e+00 0.000000000000000000e+00 0.000000000000000000e+00 0.000000000000000000e+00 1.000000000000000000e+00 0.000000000000000000e+00 0.000000000000000000e+00 0.000000000000000000e+00 0.000000000000000000e+00 1.000000000000000000e+00 0.000000000000000000e+00
9.999544372112193491e-01 -6.892770962550869192e-03 -6.604029834243154568e-03 3.669999999999999760e-05 6.861433960653894222e-03 9.999651495217029007e-01 -4.756097774657970512e-03 -1.838999999999999977e-04 6.636582373280958472e-03 4.710567958997794943e-03 9.999668826135725830e-01 5.403909999999999964e-02
9.997844995281011116e-01 -8.639396082065677746e-03 -1.887631687278065740e-02 -6.160999999999999593e-04 8.518791035488616770e-03 9.999428455911868463e-01 -6.460321222170605469e-03 -5.707999999999999966e-04 1.893105128190492731e-02 6.298125620939722287e-03 9.998009546459859509e-01 7.221460000000000379e-02
9.955108701862970255e-01 2.069901438320282598e-04 -9.464705223091761377e-02 -9.093600000000000294e-03 -9.193356999026419934e-04 9.999715809019793511e-01 -7.482794282030648045e-03 -2.263300000000000207e-03 9.464281358239819142e-02 7.536215461135810714e-03 9.954827689587252282e-01 1.510776000000000063e-01
9.834065958250505224e-01 4.397755194424753577e-04 -1.814146462810492522e-01 -3.057870000000000033e-02 -1.203361811476796363e-03 9.999908749321593238e-01 -4.099020952019551828e-03 -4.290999999999999676e-03 1.814111882110262530e-01 4.249311698018291145e-03 9.833981513822144249e-01 2.650297999999999821e-01
9.811223338558195950e-01 -9.390583444349735916e-04 -1.933858427567417826e-01 -3.617669999999999914e-02 -4.491123815890331501e-05 9.999870770623708882e-01 -5.083669072290987294e-03 -4.592299999999999681e-03 1.933881175054201484e-01 4.996386462397390572e-03 9.811096126988197996e-01 2.897387000000000157e-01
9.774318388673067792e-01 -4.033391842951871385e-03 -2.112125283185549984e-01 -4.754570000000000324e-02 2.143398566395886273e-03 9.999555980773178199e-01 -9.176476252857598825e-03 -5.376099999999999976e-03 2.112401624006684242e-01 8.516667427749934766e-03 9.773970841806641774e-01 3.420888999999999736e-01
9.759221794379899784e-01 -3.364021870790188246e-03 -2.180930604990826138e-01 -5.453170000000000239e-02 1.033601958948383035e-03 9.999411587694053694e-01 -1.079864185392174873e-02 -5.862199999999999703e-03 2.181165545023901475e-01 1.031321267848470981e-02 9.758682320355829276e-01 3.689235000000000153e-01
9.721326793961189150e-01 -8.516182206982875896e-03 -2.342766063667904297e-01 -6.784590000000000065e-02 5.145279139510720683e-03 9.998743147695811073e-01 -1.499602502789369220e-02 -7.289399999999999699e-03 2.343748701390555023e-01 1.337270745504314136e-02 9.720543148109691556e-01 4.258919999999999928e-01
9.679803430332208913e-01 -1.502426639452749194e-02 -2.505759903115107878e-01 -8.324109999999999843e-02 1.061777436983869435e-02 9.997644669538461315e-01 -1.892811358596347901e-02 -8.553399999999999198e-03 2.508013524060810351e-01 1.566148255428618727e-02 9.679118759450585641e-01 4.853937999999999864e-01
9.635219650025994564e-01 -8.211521766835856370e-03 -2.675032595461263041e-01 -1.024108999999999992e-01 1.206978334212479350e-03 9.996523447799705586e-01 -2.633880747504815240e-02 -1.028549999999999950e-02 2.676265423324640791e-01 2.505514889558015795e-02 9.631969026907167830e-01 5.476902000000000159e-01
9.610630171997703863e-01 -1.030330684340373913e-02 -2.761371377395013260e-01 -1.117254000000000025e-01 2.734262710158316591e-03 9.996102812201302923e-01 -2.778145940089943311e-02 -1.155100000000000050e-02 2.763157628118697584e-01 2.594470171543036829e-02 9.607166448410227044e-01 5.801692000000000515e-01
9.585931288721564192e-01 -1.358286890769270366e-02 -2.844551264282748071e-01 -1.217724000000000029e-01 5.189273502273102773e-03 9.995291802574517437e-01 -3.024052338146971872e-02 -1.260159999999999926e-02 2.847319524036738270e-01 2.751224247681466686e-02 9.582122895237198401e-01 6.131558000000000286e-01
9.537350038708317657e-01 -1.280674706034498622e-02 -3.003756475169667151e-01 -1.439332000000000111e-01 2.251653077843198195e-03 9.993685764368060997e-01 -3.545953312000446611e-02 -1.587469999999999853e-02 3.006401045268606853e-01 3.314265620622462716e-02 9.531616294677803802e-01 6.815535000000000343e-01
9.512861961555033607e-01 -1.355100982634266371e-02 -3.080112711195477360e-01 -1.556531999999999916e-01 9.500287131953433911e-04 9.991577107254984158e-01 -4.102397522455871609e-02 -1.729260000000000172e-02 3.083077528208417739e-01 3.873292179099670912e-02 9.504978118439280088e-01 7.162501000000000007e-01
9.495568211153273541e-01 -1.487426063740813001e-02 -3.132420786609690921e-01 -1.681308999999999998e-01 -3.595794334881859469e-04 9.988221965517689593e-01 -4.851896926080109113e-02 -1.919519999999999907e-02 3.135948248552347106e-01 4.618415362426813581e-02 9.484330813389127979e-01 7.516066000000000136e-01
9.469478136723140649e-01 -1.513446319915482535e-02 -3.210308181544221928e-01 -1.932698999999999945e-01 -6.204306906569552645e-03 9.978436018374378103e-01 -6.534258066450969460e-02 -2.386330000000000048e-02 3.213274727704329981e-01 6.386778762226143213e-02 9.448119182923151449e-01 8.236540999999999446e-01
9.440240793597514113e-01 -1.400061595801381856e-02 -3.295793081213835851e-01 -2.204299000000000119e-01 -1.360817480402480920e-02 9.965956341980746203e-01 -8.131395621810813545e-02 -2.968029999999999974e-02 3.295957450688293822e-01 8.124730549460401630e-02 9.406197532384643623e-01 8.994286999999999699e-01
9.424286302468494192e-01 -1.200540933634692067e-02 -3.341917818225245140e-01 -2.351094999999999990e-01 -1.839037668712115853e-02 9.959823823440427937e-01 -8.764067609044759455e-02 -3.333479999999999777e-02 3.339012892103785379e-01 8.874099507528476760e-02 9.384215283425116905e-01 9.372063000000000477e-01
9.406363777858537389e-01 -1.106635785903320110e-02 -3.392355236552392905e-01 -2.496357999999999910e-01 -2.187651474911319824e-02 9.954134708701100065e-01 -9.313130576101935620e-02 -3.723579999999999945e-02 3.387102344015315292e-01 9.502398504617903807e-02 9.360800282975826336e-01 9.766985000000000250e-01
9.372059278588725784e-01 -6.849904209965486379e-03 -3.487092307331484675e-01 -2.809967999999999910e-01 -3.062938212494213663e-02 9.943278146368244030e-01 -1.018530215074706924e-01 -4.545629999999999810e-02 3.474289707794014359e-01 1.061380038057589958e-01 9.316801137790237108e-01 1.055999499999999980e+00
9.352969420592193162e-01 -5.726178033405793927e-03 -3.538175250885731149e-01 -2.971076000000000272e-01 -3.297053274846668824e-02 9.941094171375186583e-01 -1.032444222647655729e-01 -4.996069999999999678e-02 3.523245295816849199e-01 1.082297447268202595e-01 9.295987027806201786e-01 1.096103700000000014e+00
9.329966110303661297e-01 -5.760800858205667938e-03 -3.598390431558585734e-01 -3.131419999999999759e-01 -3.324491667494818697e-02 9.942169530028724944e-01 -1.021147681628857412e-01 -5.485269999999999729e-02 3.583463399019550799e-01 1.072355516382335200e-01 9.274095304361047454e-01 1.137295600000000073e+00
9.279869047271251947e-01 -4.832822281585892263e-03 -3.725814655666114250e-01 -3.473092999999999875e-01 -3.426988171367162384e-02 9.945708707684123295e-01 -9.825659380567254575e-02 -6.470539999999999625e-02 3.710335292966128184e-01 1.039491551084306825e-01 9.227831236482074706e-01 1.220264199999999910e+00
9.246179656837246741e-01 -4.716350774824866823e-03 -3.808666086312363919e-01 -3.651097999999999844e-01 -3.411977052243648362e-02 9.948779195489191318e-01 -9.515128193309209392e-02 -6.926509999999999612e-02 3.793645460429675986e-01 1.009736660193305685e-01 9.197210772708375170e-01 1.262630900000000000e+00
9.211380610870271157e-01 -2.596406178270737469e-03 -3.892273514178953286e-01 -3.834364000000000106e-01 -3.505952023907300819e-02 9.953595909269742359e-01 -8.961090776402541591e-02 -7.369549999999999712e-02 3.876538435994648646e-01 9.619014203463926993e-02 9.167725749158934789e-01 1.305409199999999936e+00
9.174909927674886889e-01 3.930930011768474230e-04 -3.977563621972883823e-01 -4.024271999999999849e-01 -3.689643422217970398e-02 9.957719947214392908e-01 -8.412364513128381405e-02 -7.817019999999999524e-02 3.960415777822026140e-01 9.185847814098724307e-02 9.136263397370969486e-01 1.347194999999999920e+00
9.138528101792157132e-01 4.693151152783930913e-03 -4.060184917707658214e-01 -4.223294000000000215e-01 -4.069126665005275145e-02 9.959579946563076325e-01 -8.007430111215882440e-02 -8.244619999999999727e-02 4.040015620588175982e-01 8.969753180797951364e-02 9.103499825021099667e-01 1.390004900000000099e+00
9.098392115762584664e-01 6.399506325152237718e-03 -4.149116235984319223e-01 -4.428142999999999940e-01 -4.268188664513274805e-02 9.960210431218154969e-01 -7.823259046550053164e-02 -8.651280000000000081e-02 4.127600581823591686e-01 8.888828931487556539e-02 9.064921435908700476e-01 1.432582400000000034e+00
9.057533210517582090e-01 6.433229834771490158e-03 -4.237564571279163195e-01 -4.635583999999999816e-01 -4.349827081324635081e-02 9.960153941466145522e-01 -7.785393412809323010e-02 -9.027290000000000314e-02 4.215671024166474101e-01 8.894913252447718410e-02 9.024240854405288781e-01 1.475404600000000066e+00
9.017330275436482578e-01 5.926932850337556652e-03 -4.322527252707072942e-01 -4.848491999999999802e-01 -4.331269737628219707e-02 9.961132178169300744e-01 -7.669724595050192439e-02 -9.417870000000000408e-02 4.301180736529872095e-01 8.788247127492931909e-02 8.984848991272221808e-01 1.518986200000000064e+00
8.977868605616777797e-01 7.086344073649383096e-03 -4.403731789408573682e-01 -5.075621999999999634e-01 -4.459385196343663982e-02 9.961947340568011455e-01 -7.488284319229766839e-02 -9.804200000000000415e-02 4.381667962886617307e-01 8.686676904990191239e-02 8.946865501755133510e-01 1.563523199999999891e+00
8.939894405497130769e-01 6.912241655962783615e-03 -4.480347097055100147e-01 -5.303387999999999991e-01 -4.406064372568892912e-02 9.963914672263143313e-01 -7.254449471235140112e-02 -1.020925000000000027e-01 4.459165166935274427e-01 8.459470996393357589e-02 8.910680081711097600e-01 1.607511300000000087e+00
8.901337463140599482e-01 6.697202513532989759e-03 -4.556501521467863358e-01 -5.536533000000000149e-01 -4.230066683698346930e-02 9.967891656101046660e-01 -6.798538745537661965e-02 -1.061985000000000012e-01 4.537318230607628178e-01 7.979039291044932869e-02 8.875589704020532267e-01 1.651780699999999991e+00
8.863232554970849053e-01 9.478552232152707979e-03 -4.629700247452652184e-01 -5.778564999999999952e-01 -4.307763607965590241e-02 9.971427138065473983e-01 -6.205421478274066732e-02 -1.101325999999999972e-01 4.610590027695347648e-01 7.494374790531986574e-02 8.841990899198358678e-01 1.697076100000000087e+00
8.822795937518035370e-01 9.791186959773247322e-03 -4.706238955971862037e-01 -6.025068999999999564e-01 -4.216843927006314746e-02 9.974079617802773523e-01 -5.830249142909414706e-02 -1.134819999999999995e-01 4.688331698788807955e-01 7.128457361330968467e-02 8.804055703970126157e-01 1.742592799999999942e+00
8.785214650774568756e-01 8.484058427869423102e-03 -4.776275286776833218e-01 -6.278998000000000079e-01 -4.031051956238879130e-02 9.975927564948667836e-01 -5.642476585315951698e-02 -1.167514000000000052e-01 4.759990519011240151e-01 6.882378180226732256e-02 8.767486467897540603e-01 1.788742300000000007e+00
8.752415505561290665e-01 7.698806308095579309e-03 -4.836248097043136518e-01 -6.539970999999999979e-01 -3.921012813209172332e-02 9.977118657648632594e-01 -5.507811510809374617e-02 -1.199459999999999971e-01 4.820941754802354762e-01 6.716964562528153493e-02 8.735407515820918789e-01 1.835203600000000046e+00
8.720901599590392683e-01 8.289580455729486652e-03 -4.892750103556130492e-01 -6.806866999999999779e-01 -3.946291640528610395e-02 9.977913006023142461e-01 -5.343405909278804017e-02 -1.230673000000000045e-01 4.877514030030120074e-01 6.590753597434932665e-02 8.704911059685694896e-01 1.881452700000000089e+00
8.690457861612552737e-01 7.511036387643808127e-03 -4.946746464978262203e-01 -7.077868000000000492e-01 -3.812348317115187013e-02 9.979283369941471804e-01 -5.182310541635532647e-02 -1.266544000000000003e-01 4.932606021022404308e-01 6.389537194882949356e-02 8.675317630249950174e-01 1.928590800000000050e+00
8.664262041020672767e-01 7.262469010320753496e-03 -4.992523303792952283e-01 -7.358177999999999663e-01 -3.818437268860917083e-02 9.979297820760429927e-01 -5.175039833700566944e-02 -1.304154999999999898e-01 4.978429335921724097e-01 6.390153824076140465e-02 8.649098258678786788e-01 1.976345199999999913e+00
8.642617190298386154e-01 4.371529754897600026e-03 -5.030234296205201572e-01 -7.640053999999999457e-01 -3.553876756426368327e-02 9.979942724093769923e-01 -5.238729080694581874e-02 -1.328755000000000075e-01 5.017854890484593211e-01 6.315316275278946845e-02 8.626836042343206667e-01 2.024028299999999891e+00
8.629773548882094802e-01 5.405807445609440293e-03 -5.052136797395835321e-01 -7.933170999999999973e-01 -3.714224391508492984e-02 9.979159016342036281e-01 -5.276653278875530900e-02 -1.363399000000000139e-01 5.038755190194318390e-01 6.430109261478723914e-02 8.613796090118703841e-01 2.072558200000000017e+00
8.623964418465744908e-01 5.670922490691870932e-03 -5.062017559515894494e-01 -8.229849000000000192e-01 -3.692175395017335826e-02 9.979787706241193268e-01 -5.172192445002653238e-02 -1.398049000000000097e-01 5.048852950677122919e-01 6.329466029355050594e-02 8.608627212295310027e-01 2.122080799999999989e+00
8.623933678228434818e-01 6.222820788564635899e-03 -5.062005093207703199e-01 -8.527715000000000156e-01 -3.642941614774108244e-02 9.980949353143967473e-01 -4.979355117768661382e-02 -1.432663000000000131e-01 5.049263082612239772e-01 6.138221730422909611e-02 8.609771464008251218e-01 2.172160100000000149e+00
8.618748045700926896e-01 4.819140482711273266e-03 -5.070982125114149586e-01 -8.834056000000000131e-01 -3.472984602122698716e-02 9.981680548080914539e-01 -4.954162044153143096e-02 -1.464865999999999946e-01 5.059304883505304495e-01 6.031011727429150260e-02 8.604632651727526227e-01 2.224008099999999821e+00
8.611586307625678227e-01 2.245467661755835148e-03 -5.083313589954090439e-01 -9.137302999999999953e-01 -3.241048156928985624e-02 9.981981899814444947e-01 -5.049687319245314138e-02 -1.498721000000000081e-01 5.073020533642518259e-01 5.996108231801672989e-02 8.596797632023600588e-01 2.275837899999999969e+00
8.599345243568965458e-01 -3.739376206469656461e-04 -5.104042260696260991e-01 -9.449060999999999710e-01 -2.996440646422257603e-02 9.982379912091826624e-01 -5.121569341425120936e-02 -1.530141999999999891e-01 5.095240408109561470e-01 5.933610264679997637e-02 8.584081073465951173e-01 2.328149600000000152e+00
8.584116144235888202e-01 -2.483817156995887787e-04 -5.129614396123858278e-01 -9.771438999999999542e-01 -2.898525352296949312e-02 9.983786722477276943e-01 -4.898858927417369669e-02 -1.569036000000000042e-01 5.121419288643502821e-01 5.692069138184994992e-02 8.570126484432507574e-01 2.380742099999999972e+00
8.561339732512824874e-01 -4.440863336918447757e-05 -5.167539239065781498e-01 -1.008412800000000109e+00 -2.729262526063115646e-02 9.986003970793951856e-01 -4.530297517003660512e-02 -1.601645999999999903e-01 5.160326854486594339e-01 5.288898732957057758e-02 8.549345136137022072e-01 2.433335099999999862e+00
8.532740834808748565e-01 6.467614880049238346e-05 -5.214626873294663234e-01 -1.040598799999999935e+00 -2.528485272902004574e-02 9.988288732058308028e-01 -4.124994876169024716e-02 -1.638474000000000041e-01 5.208493205163511330e-01 4.838261947606888047e-02 8.522764266658378052e-01 2.484850199999999898e+00
8.490650365949448108e-01 1.717855590353343370e-04 -5.282883058726045578e-01 -1.072710300000000005e+00 -2.451365077560931083e-02 9.989356042035949512e-01 -3.907351507159385895e-02 -1.673431999999999975e-01 5.277192857549138916e-01 4.612623054315527493e-02 8.481655064303211811e-01 2.536684999999999857e+00
8.437777942110115115e-01 -3.086339804952507870e-03 -5.366838068201874590e-01 -1.105330300000000099e+00 -2.260636273615060018e-02 9.988915843679940787e-01 -4.128625730966755530e-02 -1.704931000000000085e-01 5.362163615185958632e-01 4.696889593557487114e-02 8.427727667968107905e-01 2.587197999999999887e+00
8.377294519376305981e-01 -6.940502637189833318e-03 -5.460413855921730786e-01 -1.138720500000000024e+00 -2.094875516259467677e-02 9.987747666087032350e-01 -4.483430876982472807e-02 -1.735044000000000031e-01 5.456835300917690645e-01 4.899790820916215955e-02 8.365576429497920685e-01 2.637428499999999953e+00
8.312833329890776390e-01 -6.996196867401579048e-03 -5.558048879993436886e-01 -1.172694399999999915e+00 -2.106261396777844158e-02 9.988061880230403311e-01 -4.407453981299674223e-02 -1.767475000000000018e-01 5.554497156245691292e-01 4.834513415304223655e-02 8.301435787960476098e-01 2.688485399999999803e+00
8.252244690374668235e-01 -3.989605995546732092e-03 -5.647908097214677792e-01 -1.208029599999999926e+00 -2.173995978004791482e-02 9.990096439445349530e-01 -3.882145611096093907e-02 -1.799769999999999981e-01 5.643863480370452379e-01 4.431494499391447350e-02 8.243204691135562756e-01 2.739529399999999892e+00
8.199035149213822482e-01 6.092817681359712079e-04 -5.725014017408950329e-01 -1.243681999999999954e+00 -2.484726058658537698e-02 9.990950292219743512e-01 -3.452153277716052404e-02 -1.829536999999999969e-01 5.719622713614115339e-01 4.252941757970904457e-02 8.191766651824413659e-01 2.790237900000000160e+00
8.159662245329130092e-01 6.959980822846961734e-04 -5.780991575916482050e-01 -1.279213500000000003e+00 -2.608989465753215956e-02 9.990247131716019080e-01 -3.562218226270424948e-02 -1.861365000000000103e-01 5.775105521271993725e-01 4.414904369369626602e-02 8.151885819383568599e-01 2.838906000000000152e+00
8.124228952016593341e-01 -1.965056348749612269e-03 -5.830653290204279582e-01 -1.315023099999999889e+00 -2.608356985943167256e-02 9.988707302321642167e-01 -3.971034712579503412e-02 -1.892182000000000031e-01 5.824849240414224916e-01 4.747002042351813889e-02 8.114541949028600820e-01 2.888365700000000036e+00
8.094623600910700878e-01 -4.065395983800922097e-03 -5.871576961526517868e-01 -1.351586200000000071e+00 -2.868473917800210687e-02 9.985082776212380606e-01 -4.645864031758129009e-02 -1.927109999999999934e-01 5.864706926471986437e-01 5.444898600858691373e-02 8.081382521503062133e-01 2.937339800000000167e+00
8.059816829781303316e-01 -5.251312372254778385e-03 -5.919171820635971137e-01 -1.387748800000000005e+00 -2.873543140939556484e-02 9.984346177823471002e-01 -4.798529978581267397e-02 -1.959855000000000069e-01 5.912425912309231535e-01 5.568426826481061298e-02 8.045691148573601570e-01 2.986047000000000118e+00
8.026963346010171918e-01 -3.731534358544029428e-03 -5.963762822827740617e-01 -1.424946499999999894e+00 -2.794885036893397789e-02 9.986463810902531657e-01 -4.386647123254514002e-02 -1.997057000000000138e-01 5.957327053143439688e-01 5.187948714734733069e-02 8.015054975682832650e-01 3.035626199999999830e+00
7.993584377701612453e-01 -1.204842303826761732e-03 -6.008532568944517926e-01 -1.461913100000000076e+00 -2.756862789447028783e-02 9.988712969078671344e-01 -3.867949029669005140e-02 -2.028409999999999935e-01 6.002216746516768620e-01 4.748347679581197550e-02 7.984229835805819464e-01 3.084359899999999932e+00
7.962178740002664457e-01 3.285565843943721170e-04 -6.050099083263569266e-01 -1.499387500000000095e+00 -2.760477831596030995e-02 9.989781286152420448e-01 -3.578651649037273980e-02 -2.057321000000000011e-01 6.043799081179177524e-01 4.519502847614861180e-02 7.954133114704691199e-01 3.133202100000000101e+00
7.931285165811533533e-01 8.949749171920460405e-04 -6.090536554406984493e-01 -1.536604199999999976e+00 -2.866924162005705240e-02 9.989452935387699295e-01 -3.586607173460300280e-02 -2.089160999999999935e-01 6.083791833804885751e-01 4.590751067786726092e-02 7.923176570622740833e-01 3.180234899999999865e+00
7.894188943989950413e-01 -6.519366834566320962e-04 -6.138545301164022305e-01 -1.574056300000000075e+00 -2.856596697419821335e-02 9.988770643509740088e-01 -3.779677029071365491e-02 -2.117642000000000135e-01 6.131898520822871568e-01 4.737283284901507019e-02 7.885138045786908023e-01 3.227944400000000158e+00
7.854394703844062020e-01 -3.300862520637477468e-03 -6.189296750591969376e-01 -1.612378499999999937e+00 -2.756772161898763535e-02 9.988068084231032095e-01 -4.031104280953640151e-02 -2.147300000000000042e-01 6.183242345946026175e-01 4.872436509872782318e-02 7.844112933651098407e-01 3.275642200000000059e+00
7.813081082233278574e-01 -4.758510389434556301e-03 -6.241273881214942643e-01 -1.651057199999999892e+00 -2.649783331093766986e-02 9.988164706698187123e-01 -4.078630589441651494e-02 -2.178487000000000062e-01 6.235827971122281932e-01 4.840469499501878076e-02 7.802573169462294622e-01 3.323020200000000202e+00
7.763351801426244814e-01 -4.947628319207092104e-03 -6.303008877091429429e-01 -1.689905500000000060e+00 -2.567074768712208216e-02 9.988913726522130609e-01 -3.945932531305672980e-02 -2.211431000000000091e-01 6.297973489830699378e-01 4.681395748056880329e-02 7.753475044126373339e-01 3.371060599999999852e+00
7.715438002713282950e-01 -4.879258298422272169e-03 -6.361574939441755339e-01 -1.729863200000000045e+00 -2.585673956003724933e-02 9.989037935252293998e-01 -3.902102382344790205e-02 -2.242205999999999921e-01 6.356505276346436917e-01 4.655538765130155104e-02 7.705718672508333755e-01 3.418235999999999830e+00
7.661793252042409241e-01 -5.945320988013310520e-03 -6.425993267876362047e-01 -1.769627199999999956e+00 -2.555757381815535259e-02 9.988841705252065051e-01 -3.971428325803940534e-02 -2.276631000000000071e-01 6.421184096801020313e-01 4.685154247748666428e-02 7.651724517501770073e-01 3.464625799999999867e+00
7.607695374065482907e-01 -7.639704719461470200e-03 -6.489771535778635636e-01 -1.810120299999999904e+00 -2.477163223239356102e-02 9.988603247560906562e-01 -4.079727766285456969e-02 -2.306880000000000042e-01 6.485492095367703103e-01 4.711354943067280754e-02 7.597132592427711106e-01 3.511310100000000212e+00
7.548730733497190926e-01 -8.929603029478969112e-03 -6.558101137686774829e-01 -1.850187699999999991e+00 -2.442386638404478449e-02 9.988310493767894593e-01 -4.171342172150256655e-02 -2.339260999999999979e-01 6.554159884244540324e-01 4.750575744683495361e-02 7.537725685689274924e-01 3.557694699999999877e+00
7.489123269097596181e-01 -1.037186332760099694e-02 -6.625879194897253965e-01 -1.891700399999999949e+00 -2.397072493650113933e-02 9.987991193123770817e-01 -4.272848706470281505e-02 -2.371305999999999969e-01 6.622354044813881790e-01 4.788260343729692364e-02 7.477643514767461363e-01 3.604441399999999796e+00
7.427744514235219420e-01 -1.323871940292987645e-02 -6.694108235015747699e-01 -1.933175700000000052e+00 -2.131400307527569690e-02 9.988302433150015869e-01 -4.340343664045387406e-02 -2.409158999999999884e-01 6.692023816345793463e-01 4.650678819124412500e-02 7.416234159374563983e-01 3.650182500000000108e+00
7.366318258658733908e-01 -1.488355554134232310e-02 -6.761301893096900439e-01 -1.974898700000000007e+00 -1.951029555036424418e-02 9.988740103321999131e-01 -4.324418863160386928e-02 -2.442602000000000106e-01 6.760125009857782530e-01 4.504654545374238428e-02 7.355120034735238566e-01 3.695425699999999924e+00
7.303650488165061017e-01 -1.440073527165057314e-02 -6.829052015403737075e-01 -2.018201100000000192e+00 -1.922229784194569302e-02 9.989484419722728381e-01 -4.162347350767409832e-02 -2.475362999999999869e-01 6.827864957165880044e-01 4.352733744216796125e-02 7.293202123637171352e-01 3.740732700000000133e+00
7.239667066933959116e-01 -1.479532396658737696e-02 -6.896762327268080028e-01 -2.061878399999999889e+00 -1.859669045990189687e-02 9.989880295173850788e-01 -4.095216703558920979e-02 -2.509114000000000066e-01 6.895842013151527450e-01 4.247370091828507610e-02 7.229589296957655842e-01 3.785780899999999782e+00
7.173580270743278309e-01 -1.636877458544227712e-02 -6.965124006150922309e-01 -2.105953700000000151e+00 -1.749635904628088143e-02 9.989854148401504652e-01 -4.149720902393477795e-02 -2.543305000000000149e-01 6.964849879302148494e-01 4.195478703584952507e-02 7.163438123084646669e-01 3.831289099999999781e+00
7.106103999804187499e-01 -1.872368491111722072e-02 -7.033365361354537715e-01 -2.150574399999999997e+00 -1.645893657854464315e-02 9.989299129010875689e-01 -4.322189859468229811e-02 -2.575834000000000179e-01 7.033931779924886829e-01 4.229010208990699460e-02 7.095418130165780379e-01 3.876182800000000039e+00
7.042998187525679743e-01 -1.795439422665098123e-02 -7.096755632210072218e-01 -2.194447300000000212e+00 -1.795956204263513684e-02 9.989095269961243417e-01 -4.309537106947688295e-02 -2.609120999999999801e-01 7.096754324593297358e-01 4.309752434111694536e-02 7.032093457565322669e-01 3.919872300000000198e+00
6.939600595369214142e-01 -1.634978776102764819e-02 -7.198278406728110257e-01 -2.286966300000000007e+00 -2.015572408907187474e-02 9.989092270467561097e-01 -4.212010098868898544e-02 -2.674701999999999913e-01 7.197313266448513991e-01 4.373831913804532290e-02 6.928735648623208787e-01 4.008029500000000134e+00
6.839877539991707778e-01 -1.863471895847174445e-02 -7.292554419601603444e-01 -2.379259600000000141e+00 -2.128119385940277150e-02 9.987384977439096589e-01 -4.548102804639725383e-02 -2.745628999999999986e-01 7.291830107504483349e-01 4.662789265640716885e-02 6.827283328376919647e-01 4.093692800000000354e+00
6.785244345185955650e-01 -2.147246424323271882e-02 -7.342639341820781373e-01 -2.427871500000000182e+00 -2.064060955580699144e-02 9.986207006195786384e-01 -4.827692545333268220e-02 -2.777387000000000050e-01 7.342877889481650433e-01 4.791272871988198206e-02 6.771453414358176159e-01 4.138814400000000226e+00
6.686637731961090347e-01 -2.234233514519434402e-02 -7.432291560988455448e-01 -2.523905800000000088e+00 -1.963604390323243562e-02 9.986692931161622599e-01 -4.768719709413794805e-02 -2.849225000000000230e-01 7.433055792841680720e-01 4.648078148143212907e-02 6.673352626363322493e-01 4.224329899999999860e+00
6.633206966822671191e-01 -2.201572956387975316e-02 -7.480113374840797746e-01 -2.572489700000000212e+00 -1.972323945032823655e-02 9.987055855346188560e-01 -4.688440303063676207e-02 -2.886310000000000264e-01 7.480752951264577622e-01 4.585260160257295659e-02 6.620278632714328149e-01 4.267443700000000284e+00
6.582779206000406447e-01 -2.331536420452999178e-02 -7.524138309750139086e-01 -2.621992099999999937e+00 -1.875919170331741617e-02 9.987017479357112038e-01 -4.735938551959243542e-02 -2.922511999999999888e-01 7.525412094876431368e-01 4.529031311622073314e-02 6.569859325440003950e-01 4.309874100000000041e+00
6.535514765480765487e-01 -2.445363358643472956e-02 -7.564869379614227451e-01 -2.671981300000000115e+00 -1.750110146081058915e-02 9.987224852832297106e-01 -4.740367957603614651e-02 -2.961010000000000031e-01 7.566797069761337369e-01 4.422009943577110552e-02 6.522885893961376524e-01 4.352472299999999628e+00
6.490190478740639479e-01 -2.464973760725814103e-02 -7.603727151420788255e-01 -2.721523299999999868e+00 -1.704879168174842571e-02 9.987526980935096388e-01 -4.692959357513249580e-02 -2.999534999999999840e-01 7.605811029724810490e-01 4.342163616019201894e-02 6.477892769368260861e-01 4.394670500000000146e+00
6.450089446860651776e-01 -2.569881624937050621e-02 -7.637427787667452339e-01 -2.772425199999999812e+00 -1.566542463440854724e-02 9.987796774284968260e-01 -4.683748954471555342e-02 -3.037337999999999982e-01 7.640144342523851329e-01 4.217495464382580578e-02 6.438192428428954894e-01 4.437246799999999602e+00
6.410745997042323063e-01 -2.858667665009149289e-02 -7.669459951862069857e-01 -2.823164900000000088e+00 -1.292761854735056080e-02 9.987620788339028888e-01 -4.803318188580622816e-02 -3.076022999999999952e-01 7.673696855445570897e-01 4.070763812214925337e-02 6.399114422369425181e-01 4.479116000000000319e+00
6.369062201391465505e-01 -3.375947543070925705e-02 -7.702017687377173960e-01 -2.873966900000000102e+00 -9.290805379647970250e-03 9.986321006837514114e-01 -5.145491637691428088e-02 -3.112596000000000251e-01 7.708853012501033497e-01 3.992775103359912092e-02 6.357213438401581040e-01 4.521212600000000137e+00
6.318307512171360552e-01 -3.756372052464705680e-02 -7.741956269036500693e-01 -2.924963700000000166e+00 -5.085030817279973664e-03 9.986026185136794853e-01 -5.260183227997110300e-02 -3.153760999999999926e-01 7.750897007946737638e-01 3.717226382626039050e-02 6.307568299464176853e-01 4.563022600000000040e+00
6.253367075497944239e-01 -4.109883358308247248e-02 -7.792720244361996951e-01 -2.976332399999999989e+00 1.830974849794837767e-04 9.986198390174468864e-01 -5.252031603179379421e-02 -3.196957999999999744e-01 7.803550273215993371e-01 3.270019875900747469e-02 6.244811673181406286e-01 4.604335299999999798e+00
6.168432989477924400e-01 -4.501163102515513825e-02 -7.857978732572772351e-01 -3.029023599999999927e+00 5.297313326664377514e-03 9.985782497094309873e-01 -5.304165984175422677e-02 -3.240666999999999853e-01 7.870681565244039835e-01 2.855577489238401989e-02 6.162047425211623075e-01 4.645930800000000360e+00
6.076773443484690951e-01 -4.589568433583168794e-02 -7.928567533451031935e-01 -3.082556499999999922e+00 8.228301398480335899e-03 9.986390349167685310e-01 -5.150119412791209772e-02 -3.283675999999999817e-01 7.941413855364092278e-01 2.477224454608051296e-02 6.072279602245449492e-01 4.687063700000000388e+00
5.989218768675950155e-01 -4.398210132554897928e-02 -7.995987494815050001e-01 -3.137235899999999855e+00 8.299104775639484788e-03 9.987779120994545456e-01 -4.872173192916274403e-02 -3.327386999999999984e-01 8.007644536749370934e-01 2.254455733083666341e-02 5.985549537556565936e-01 4.727631099999999975e+00
5.894044833343420331e-01 -4.429363370100902753e-02 -8.066228542751181507e-01 -3.191474200000000039e+00 8.246664343848159051e-03 9.987735865895405185e-01 -4.881920993078076032e-02 -3.365774999999999739e-01 8.077959813916986143e-01 2.212231327475897014e-02 5.890469045014974370e-01 4.767406000000000255e+00
5.800281899016305198e-01 -4.561044705226488527e-02 -8.133185022112373597e-01 -3.247273400000000088e+00 7.304218768937064538e-03 9.986823162897766615e-01 -5.079645182748580845e-02 -3.405913999999999886e-01 8.145636545461708566e-01 2.352271773794685841e-02 5.795970448877454384e-01 4.806781299999999924e+00
5.699794230791525029e-01 -4.767531084129117414e-02 -8.202746625384346180e-01 -3.303365900000000188e+00 7.746162714163579849e-03 9.985826538833658672e-01 -5.265624679427535065e-02 -3.446876999999999858e-01 8.216224523645651034e-01 2.365899616298620250e-02 5.695408656725149399e-01 4.845708400000000360e+00
5.603439374744482171e-01 -4.899462112708612149e-02 -8.268096509089895019e-01 -3.360448799999999903e+00 7.666664898030948333e-03 9.985129371950351995e-01 -5.397347963106569751e-02 -3.488617999999999997e-01 8.282245432157713250e-01 2.390483956769110657e-02 5.598862961890297418e-01 4.883613099999999818e+00
5.501349406863705882e-01 -5.012856525257552986e-02 -8.335698374951684420e-01 -3.417996399999999824e+00 1.080246246590591680e-02 9.985403206947005561e-01 -5.292007890770132617e-02 -3.528899999999999815e-01 8.350059004825510778e-01 2.010857758875345472e-02 5.498734320429391476e-01 4.921781099999999576e+00
5.396692106221042673e-01 -4.963193367620975099e-02 -8.404128832104345026e-01 -3.476261899999999905e+00 1.217064247358306400e-02 9.986163310739900600e-01 -5.115954235627304114e-02 -3.577701999999999827e-01 8.417891770320495848e-01 1.738086510745066871e-02 5.395265396250878975e-01 4.959324800000000089e+00
5.294323420829899485e-01 -5.037356298495662688e-02 -8.468553001007435022e-01 -3.535171000000000063e+00 1.240013616012910005e-02 9.985884225630227151e-01 -5.164686772984557195e-02 -3.619927000000000006e-01 8.482615350113018593e-01 1.684240111428631295e-02 5.293096463743838243e-01 4.995792400000000022e+00
5.188686755431147768e-01 -5.198132727233370498e-02 -8.532720780355703694e-01 -3.594724400000000042e+00 1.214731773538841111e-02 9.984970823928630557e-01 -5.344173579493415732e-02 -3.658647999999999900e-01 8.547676527641704380e-01 1.736427562400934960e-02 5.187202923735334537e-01 5.032156900000000377e+00
4.987405948486023921e-01 -5.391840014215318333e-02 -8.650726126610257527e-01 -3.714986800000000144e+00 9.734460615763759761e-03 9.983487382868078130e-01 -5.661304653221743699e-02 -3.743623999999999841e-01 8.666966362727979156e-01 1.981420922594511955e-02 4.984419101421629916e-01 5.102018400000000398e+00
4.890666680666415078e-01 -5.322976148760748261e-02 -8.706206904721286444e-01 -3.776543900000000065e+00 8.205288774517368461e-03 9.983727698635695980e-01 -5.643124693882385634e-02 -3.792239000000000027e-01 8.722078120621944430e-01 2.045494773682292322e-02 4.887076096100443356e-01 5.136286300000000082e+00
4.802954004220607587e-01 -5.146010853150504577e-02 -8.755959031216042909e-01 -3.838555799999999962e+00 7.968565806684028974e-03 9.984922245582964484e-01 -5.431187214236934263e-02 -3.837963999999999820e-01 8.770705959570168631e-01 1.910849880420360108e-02 4.799812860737936449e-01 5.169899000000000022e+00
4.720536956681151697e-01 -4.968695483836099713e-02 -8.801684582652148370e-01 -3.900038200000000010e+00 8.598355341059075313e-03 9.986224128596529193e-01 -5.176238808047573664e-02 -3.885513999999999912e-01 8.815278649546499645e-01 1.686662542583932528e-02 4.718306266609247901e-01 5.202950000000000408e+00
4.644097938946250004e-01 -5.028314570034009279e-02 -8.841918053189760096e-01 -3.962364700000000184e+00 9.125362777515681756e-03 9.986055594197925656e-01 -5.199677345818601304e-02 -3.929643999999999915e-01 8.855734137206979772e-01 1.607923985645949572e-02 4.642210539782828382e-01 5.235523699999999891e+00
4.567331005016422862e-01 -5.324774803461028438e-02 -8.880087568461243475e-01 -4.025564700000000329e+00 1.106230939589108661e-02 9.984698183561219187e-01 -5.418161258879716086e-02 -3.976527000000000256e-01 8.895349910020324824e-01 1.492310829336768868e-02 4.566232589584964252e-01 5.267971000000000181e+00
4.500859285750455907e-01 -5.690444367528625647e-02 -8.911703210883682447e-01 -4.088034600000000296e+00 1.349093616468147183e-02 9.982869819815206602e-01 -5.693062662247340422e-02 -4.017623000000000166e-01 8.928833359068472086e-01 1.360095203407329575e-02 4.500826174866424667e-01 5.299231999999999942e+00
4.440959291008183540e-01 -5.959906962988047174e-02 -8.939948303291991305e-01 -4.150745900000000432e+00 1.461195729871178628e-02 9.981342633657601660e-01 -5.928307514959181568e-02 -4.068025000000000113e-01 8.958600875471467440e-01 1.326435805247226998e-02 4.441382221172529565e-01 5.330192099999999655e+00
4.387984353054987241e-01 -6.284117971777791745e-02 -8.963854747289939917e-01 -4.213299799999999706e+00 1.536568198019556616e-02 9.979305421859089309e-01 -6.243819976441905562e-02 -4.115032000000000134e-01 8.984541329365286488e-01 1.362421022356688147e-02 4.388559580375485103e-01 5.360593299999999672e+00
4.340923864882619276e-01 -6.406605678991765529e-02 -8.985874138670741917e-01 -4.275817400000000212e+00 1.904095153383454989e-02 9.978977238110681158e-01 -6.194816363198515918e-02 -4.170552000000000148e-01 9.006671095125056148e-01 9.781266793217110317e-03 4.343996830826517552e-01 5.390628799999999998e+00
4.298903918896684884e-01 -6.145106391621201619e-02 -9.007874431321257758e-01 -4.338720300000000307e+00 2.141688684774591817e-02 9.980944719040987234e-01 -5.786831699841597787e-02 -4.224751999999999952e-01 9.026270369973957708e-01 5.584970729013507412e-03 4.303873141523318901e-01 5.420565599999999762e+00
4.257590215967782532e-01 -5.951446862793867421e-02 -9.028772250715422221e-01 -4.401293299999999853e+00 2.385454313720380970e-02 9.982260162729444941e-01 -5.455072142110090061e-02 -4.272152000000000172e-01 9.045220927653836451e-01 1.687738066578358537e-03 4.264234224799914319e-01 5.450156200000000339e+00
4.228981568139692504e-01 -5.881968190516431022e-02 -9.042662185351847404e-01 -4.464123200000000402e+00 2.536763143389548364e-02 9.982685006299043540e-01 -5.307055610747500596e-02 -4.319139000000000173e-01 9.058220753761642152e-01 -4.956517909794518062e-04 4.236580249334603865e-01 5.478689199999999815e+00
4.198235429779526573e-01 -5.843975817686483665e-02 -9.057223566997056885e-01 -4.526382899999999765e+00 2.725978186044633947e-02 9.982865701621607135e-01 -5.177671413666785905e-02 -4.368517000000000094e-01 9.071962836422777787e-01 -2.952710297150790836e-03 4.206972598526653728e-01 5.507765799999999601e+00
4.173805234875481718e-01 -5.759273083696124507e-02 -9.069049431820302987e-01 -4.588843299999999736e+00 2.925040135278270462e-02 9.983239756034907320e-01 -4.993649723340588126e-02 -4.413982000000000183e-01 9.082609276160465983e-01 -5.684812220483538570e-03 4.183655940395391015e-01 5.536168100000000258e+00
4.143101329952260659e-01 -5.672941638620971477e-02 -9.083660534244762941e-01 -4.650124100000000205e+00 3.024328493832325465e-02 9.983624992535868881e-01 -4.855578029721210193e-02 -4.456210999999999922e-01 9.096331444124151622e-01 -7.354821589391657977e-03 4.153473837473528052e-01 5.564642000000000088e+00
4.122786612410671570e-01 -5.779639519963945815e-02 -9.092226801984213402e-01 -4.710897400000000346e+00 3.295990108798818596e-02 9.982786321385493933e-01 -4.851203495893384454e-02 -4.500384000000000051e-01 9.104613942422510320e-01 -9.967412779346377510e-03 4.134739414726672502e-01 5.591829299999999670e+00
4.095558836364738831e-01 -5.795042792931077991e-02 -9.104425990042188666e-01 -4.772062299999999979e+00 3.556936463773741064e-02 9.982359267767627609e-01 -4.753793002861072398e-02 -4.544189000000000145e-01 9.115913549820526818e-01 -1.291442584659387161e-02 4.108946569706620755e-01 5.620070499999999747e+00
4.073383205114122774e-01 -5.691453365419106569e-02 -9.115021823900743003e-01 -4.832005999999999801e+00 3.841685876833195179e-02 9.982406978310880419e-01 -4.516253044368185449e-02 -4.588614999999999777e-01 9.124689789824728114e-01 -1.662062130693092721e-02 4.088081669219141290e-01 5.646744299999999939e+00
4.055439686888614448e-01 -5.582858150953039222e-02 -9.123690366001695473e-01 -4.892309700000000205e+00 4.002076312682777137e-02 9.982604150273063359e-01 -4.329529198719377081e-02 -4.630675000000000208e-01 9.131990078722349580e-01 -1.895556055999781178e-02 4.070727929314634785e-01 5.673503400000000418e+00
4.039387033546005812e-01 -5.730961359920737352e-02 -9.129891193882396783e-01 -4.951666799999999924e+00 4.272717932171225808e-02 9.981284153183689334e-01 -4.374991064278773573e-02 -4.669887999999999817e-01 9.137876734118347555e-01 -2.133716764594616871e-02 4.056313760021955650e-01 5.699603999999999893e+00
4.020346020538126397e-01 -5.823018530677250004e-02 -9.137709911518155925e-01 -5.010155199999999809e+00 4.378603721642851387e-02 9.980566350297396250e-01 -4.433662389035534362e-02 -4.712413999999999770e-01 9.145769304417831203e-01 -2.218555368369758835e-02 4.038029711523105636e-01 5.725825300000000340e+00
4.017573620115014732e-01 -5.916365872041142587e-02 -9.138329626120814675e-01 -5.068965000000000387e+00 4.381952728791462665e-02 9.980096940218503576e-01 -4.534864569837034065e-02 -4.754536999999999791e-01 9.146971472010957394e-01 -2.182457617520448812e-02 4.035502654898762698e-01 5.751462000000000074e+00
4.022998504719706991e-01 -6.032728665691661218e-02 -9.135181710260853460e-01 -5.126263100000000072e+00 4.324298336129538123e-02 9.979650005762540355e-01 -4.686045256772479461e-02 -4.792313999999999741e-01 9.144861260293917216e-01 -2.065129800887743894e-02 4.040899023612243290e-01 5.776420599999999794e+00
4.051767644901740906e-01 -5.962427097417924426e-02 -9.122920233280962243e-01 -5.182912299999999917e+00 4.069346918498609189e-02 9.980582704753837575e-01 -4.715644496117647050e-02 -4.834352000000000094e-01 9.133322676238722071e-01 -1.801763154478205203e-02 4.068163392374400944e-01 5.800727400000000422e+00
