1.000000000000000000e+00 0.000000000000000000e+00 0.000000000000000000e+00 0.000000000000000000e+00 0.000000000000000000e+00 1.000000000000000000e+00 0.000000000000000000e+00 0.000000000000000000e+00 0.000000000000000000e+00 0.000000000000000000e+00 1.000000000000000000e+00 0.000000000000000000e+00
9.999990035837431623e-01 -1.389523099591259865e-03 2.491125781152729482e-04 -1.232000000000000131e-04 1.389275947457156279e-03 9.999985453275570535e-01 9.895731967686587603e-04 -5.379999999999999583e-04 -2.504872505537168010e-04 -9.892261246288534121e-04 9.999994793437703144e-01 3.797779999999999906e-02
9.999997505082093285e-01 -7.059844330204568348e-04 -2.386418900491369663e-05 -2.035999999999999887e-04 7.060152040217784709e-04 9.999988861694522058e-01 1.314991401775947961e-03 -1.109100000000000016e-03 2.293579896504141421e-05 -1.315007922176657284e-03 9.999991351136828799e-01 7.597399999999999987e-02
9.999998449001249456e-01 -1.904829060653204654e-04 -5.233698392550258094e-04 -1.964000000000000034e-04 1.903170929291769819e-04 9.999999316927933313e-01 -3.168498268483407334e-04 -1.788599999999999999e-03 5.234301579808984042e-04 3.167501714786382836e-04 9.999998128450817703e-01 1.141531999999999963e-01
9.999969036314212412e-01 2.404592373002235103e-03 -6.408300006622814297e-04 -4.383999999999999768e-04 -2.406199756343568429e-03 9.999939313222255821e-01 -2.519428794900030986e-03 -2.450599999999999827e-03 6.347679124069603718e-04 2.520962958811325330e-03 9.999966209020196839e-01 1.517622999999999889e-01
9.999826153218146496e-01 5.877764101704354739e-03 -4.700460704692123394e-04 -7.131999999999999885e-04 -5.879367332453667820e-03 9.999766421423074148e-01 -3.485428175387402568e-03 -3.096999999999999927e-03 4.495485665916284048e-04 3.488131155851700253e-03 9.999938154044383243e-01 1.900538999999999978e-01
9.999666755401827034e-01 8.149251001293803323e-03 -4.873573973247395728e-04 -9.386999999999999945e-04 -8.150985465077446521e-03 9.999600467979981033e-01 -3.669638087525789374e-03 -3.777799999999999995e-03 4.574331239770417228e-04 3.673488241880689450e-03 9.999931480960625452e-01 2.280476999999999921e-01
9.999587424077509556e-01 9.080197348217539793e-03 -2.519889413622405190e-04 -1.142400000000000013e-03 -9.080801013615916878e-03 9.999556238114393203e-01 -2.507879747174706839e-03 -4.625699999999999951e-03 2.292057160235191611e-04 2.510064539528830685e-03 9.999968235153284812e-01 2.661718000000000139e-01
9.999789293756440323e-01 6.479988164981974157e-03 3.880181984729141670e-04 -1.400500000000000052e-03 -6.479942644508292042e-03 9.999789979349945623e-01 -1.184577901210628231e-04 -5.179999999999999709e-03 -3.887776543675209792e-04 1.159409584703352222e-04 9.999999177048114474e-01 3.043398999999999965e-01
9.999971382209926762e-01 2.392166223642090781e-03 3.302398118037325609e-05 -1.092599999999999995e-03 -2.392228237610917203e-03 9.999950851351004921e-01 2.026561053204731493e-03 -5.969099999999999753e-03 -2.817594797034241226e-05 -2.026634254535150583e-03 9.999979459777477153e-01 3.428390000000000049e-01
9.999999499174136997e-01 2.545588348683866064e-04 -1.880557624826493265e-04 -1.226300000000000046e-03 -2.546411788788440866e-04 9.999998716674036725e-01 -4.379760794219548755e-04 -6.619599999999999790e-03 1.879442476684872016e-04 4.380239442280336017e-04 9.999998864059855830e-01 3.809799999999999853e-01
9.999996908529431572e-01 -7.391389440920735849e-04 -2.682678499657932623e-04 -1.370399999999999917e-03 7.384598062951992390e-04 9.999965448271723734e-01 -2.522897308942500128e-03 -7.236700000000000424e-03 2.701316947069920798e-04 2.522698423971701364e-03 9.999967815055852416e-01 4.193169999999999953e-01
9.999992092453702242e-01 1.242202592885595846e-03 1.960646642739356880e-04 -1.530399999999999903e-03 -1.241391788495019169e-03 9.999908951546566671e-01 -4.082714074726168270e-03 -7.963200000000000139e-03 -2.011344371451255475e-04 4.082467453236868389e-03 9.999916464673249683e-01 4.581630999999999898e-01
9.999912021389990580e-01 4.049355912552814706e-03 1.094696895406684382e-03 -1.832400000000000088e-03 -4.047021197249807238e-03 9.999895495020293401e-01 -2.126618479498839764e-03 -8.602900000000000130e-03 -1.103296890392703065e-03 2.122169508264780662e-03 9.999971395621838344e-01 4.967822000000000071e-01
9.999879275312421045e-01 4.505873110665942205e-03 1.960076345908367754e-03 -2.187999999999999841e-03 -4.508896840205219719e-03 9.999886475424181187e-01 1.540985259428610029e-03 -9.280000000000000054e-03 -1.953110610180401737e-03 -1.549804437974836632e-03 9.999968917277435310e-01 5.358534999999999826e-01
9.999950214354695888e-01 2.341628198861038426e-03 2.115155231411463849e-03 -2.089099999999999985e-03 -2.348759410636982927e-03 9.999915452515668601e-01 3.375315483693309623e-03 -9.805400000000000574e-03 -2.107233614389416535e-03 -3.380266670222099000e-03 9.999920666503971933e-01 5.745894000000000279e-01
9.999962817667331638e-01 -2.019230800100173077e-03 1.832801048801578452e-03 -2.279499999999999842e-03 2.015963744589833323e-03 9.999963790209880354e-01 1.782648336866037844e-03 -1.041120000000000066e-02 -1.836393990694994757e-03 -1.778946848098258504e-03 9.999967314972697530e-01 6.131394999999999484e-01
9.999961315112793070e-01 -2.368424237796545092e-03 1.458605191924214556e-03 -2.033500000000000151e-03 2.369171025396670221e-03 9.999970632188595054e-01 -5.104726326854684562e-04 -1.108109999999999998e-02 -1.457391892564011355e-03 5.139263430860467130e-04 9.999988059435798160e-01 6.524824999999999653e-01
9.999943783410776277e-01 -2.363009084677175544e-03 2.378964965598796139e-03 -2.308800000000000175e-03 2.370578372417454869e-03 9.999921212813641658e-01 -3.183980743922652096e-03 -1.169159999999999991e-02 -2.371422446979860876e-03 3.189602367565081385e-03 9.999921013649631929e-01 6.913993999999999973e-01
9.999954801946040472e-01 5.717094963216599835e-04 2.951734848386438487e-03 -2.549500000000000117e-03 -5.606872838573611533e-04 9.999928728104563458e-01 -3.733625324032761091e-03 -1.254940000000000049e-02 -2.953848359866147535e-03 3.731953448578066278e-03 9.999886735875185284e-01 7.304085000000000161e-01
9.999922670631750110e-01 1.712992285451288461e-03 3.539981819393282162e-03 -2.883099999999999986e-03 -1.692186677908799012e-03 9.999813279938382093e-01 -5.871981601368599091e-03 -1.334950000000000025e-02 -3.549974380014394530e-03 5.865945883631021665e-03 9.999764939041275724e-01 7.694094999999999684e-01
9.999908547813116666e-01 2.500351687866806966e-03 3.469667877268732114e-03 -2.860800000000000148e-03 -2.481618759424327348e-03 9.999823789550820186e-01 -5.392897891443868170e-03 -1.416169999999999929e-02 -3.483090879440581007e-03 5.384238179320085214e-03 9.999794388171957538e-01 8.090081000000000078e-01
9.999919726027897138e-01 2.414672958385155610e-03 3.197512233862086391e-03 -2.838199999999999924e-03 -2.401707720597803970e-03 9.999889047044181467e-01 -4.052439769198428604e-03 -1.504529999999999930e-02 -3.207262073244893444e-03 4.044727748835958217e-03 9.999866767349609997e-01 8.484973000000000098e-01
9.999893607435474951e-01 3.725187937781825314e-03 2.720546735353968158e-03 -2.893399999999999965e-03 -3.718386927822884668e-03 9.999899600914614606e-01 -2.500662898550122613e-03 -1.580329999999999929e-02 -2.729834860579708183e-03 2.490520247938972278e-03 9.999931726319577496e-01 8.880810000000000093e-01
9.999775703142881333e-01 6.172372280409523480e-03 2.600132451413331852e-03 -2.895099999999999844e-03 -6.166751498121260215e-03 9.999786434182126316e-01 -2.164228137586278987e-03 -1.657760000000000136e-02 -2.613435343236895393e-03 2.148145223939277454e-03 9.999942776975293546e-01 9.272405999999999704e-01
9.999339605947125120e-01 1.104550932769720120e-02 3.173511157027918399e-03 -3.504399999999999963e-03 -1.103891319330572648e-02 9.999368881864424408e-01 -2.088549622320979779e-03 -1.805999999999999966e-02 -3.196379965318157500e-03 2.053379581565590098e-03 9.999927833676658384e-01 1.005845399999999890e+00
9.999367236086151856e-01 1.094643438469827118e-02 2.593135771504523346e-03 -3.903400000000000012e-03 -1.094080654272808206e-02 9.999377829570295084e-01 -2.174618857421348889e-03 -1.960670000000000121e-02 -2.616778756899289932e-03 2.146110258572355052e-03 9.999942733234503667e-01 1.085920100000000055e+00
9.999489969712377357e-01 1.003594520232942849e-02 1.132810713038427718e-03 -4.241599999999999884e-03 -1.003298239261029082e-02 9.999463102191659125e-01 -2.591513724681741848e-03 -2.113910000000000095e-02 -1.158758182411508608e-03 2.580016079694629448e-03 9.999960003902531591e-01 1.164851700000000045e+00
9.999399365765863079e-01 1.093238885129996403e-02 -7.785327330403290320e-04 -4.766900000000000130e-03 -1.093367590370811042e-02 9.999388334347707463e-01 -1.668568351117293057e-03 -2.264829999999999968e-02 7.602436748277437801e-04 1.676980355773416377e-03 9.999983048817838727e-01 1.244261099999999898e+00
9.999367893262579576e-01 1.076382934100869604e-02 -3.249204489163119193e-03 -5.063299999999999745e-03 -1.076543121366263164e-02 9.999419378109455359e-01 -4.759177186605484606e-04 -2.410620000000000124e-02 3.243893136133768618e-03 5.108667230081155195e-04 9.999946080717198038e-01 1.324073999999999973e+00
9.999567364990394891e-01 8.118699755103158874e-03 -4.540026924697820876e-03 -5.541500000000000418e-03 -8.116323276301530207e-03 9.999669154193184806e-01 5.416301764724081686e-04 -2.555910000000000126e-02 4.544274052591817242e-03 -5.047584174507874872e-04 9.999895473415084668e-01 1.404563400000000017e+00
9.999727673857274901e-01 5.364008042103767492e-03 -5.068718245675687094e-03 -5.689999999999999745e-03 -5.363918831225234114e-03 9.999856135973563820e-01 3.119440140744353905e-05 -2.636859999999999898e-02 5.068812652074135804e-03 -4.005358654187793089e-06 9.999871534786111127e-01 1.444547199999999920e+00
9.999776240155050511e-01 3.981263709708408871e-03 -5.375965734542037348e-03 -6.004299999999999742e-03 -3.979091482571028848e-03 9.999919973962106967e-01 4.146980953251123525e-04 -2.698410000000000045e-02 5.377573735295681188e-03 -3.932973565820514013e-04 9.999854634032989686e-01 1.484259199999999890e+00
9.999900123187538403e-01 1.713253593535158823e-03 -4.127956499623794059e-03 -6.807399999999999909e-03 -1.706336847810662740e-03 9.999971354791800104e-01 1.678525542377560988e-03 -2.851019999999999943e-02 4.130820414923776218e-03 -1.671465093518012361e-03 9.999900712142799630e-01 1.564006699999999972e+00
9.999928085428659852e-01 -1.468762739543561565e-03 -3.496512343178481089e-03 -6.961499999999999806e-03 1.471231614446279808e-03 9.999986701909401310e-01 7.036290841147203922e-04 -3.015510000000000065e-02 3.495474229303482169e-03 -7.087682034959094960e-04 9.999936396335459277e-01 1.643836899999999934e+00
9.999970840708110043e-01 1.234453029130229852e-03 -2.075566330966361565e-03 -7.787900000000000378e-03 -1.234345097936559010e-03 9.999992367763647083e-01 5.328102079553859058e-05 -3.168220000000000064e-02 2.075630519762597295e-03 -5.071890030578432839e-05 9.999978445904463831e-01 1.723130000000000051e+00
9.999680537157429328e-01 7.958866551469660072e-03 -7.402642534779371253e-04 -8.440200000000000133e-03 -7.956994502258566554e-03 9.999652216049845777e-01 2.498363261231035474e-03 -3.302979999999999805e-02 7.601226480685462127e-04 -2.492393169212972059e-03 9.999966050891622160e-01 1.802086599999999983e+00
9.999303598141204841e-01 1.179707728927156807e-02 -3.232482552008571837e-04 -8.658000000000000765e-03 -1.179608781448508031e-02 9.999261930068005233e-01 2.908754235015457122e-03 -3.369760000000000116e-02 3.575391957450571871e-04 -2.904738604025624248e-03 9.999957173205121785e-01 1.841758699999999971e+00
9.998721558641633367e-01 1.598645414767312437e-02 3.243629675501152995e-04 -8.967400000000000371e-03 -1.598729238999402683e-02 9.998683545435406161e-01 2.771292916573263754e-03 -3.440809999999999702e-02 -2.800171194986238589e-04 -2.776124308627903655e-03 9.999961073545415857e-01 1.880858499999999989e+00
9.997846168862964955e-01 2.069982013649846256e-02 1.495755273420632577e-03 -9.448099999999999207e-03 -2.070273287156041211e-02 9.997837565559436479e-01 1.958820699903096423e-03 -3.575550000000000256e-02 -1.454884589981198482e-03 -1.989365024868419707e-03 9.999969628642016994e-01 1.959084199999999942e+00
9.997971422323018720e-01 2.004890080770251395e-02 1.927682682726333807e-03 -9.894699999999999329e-03 -2.005304140205553184e-02 9.997965989894279648e-01 2.153178975447598079e-03 -3.718079999999999996e-02 -1.884121718420625827e-03 -2.191398087013921026e-03 9.999958239211673705e-01 2.036836099999999927e+00
9.998319908383411780e-01 1.828362842137157968e-02 1.303467678335191613e-03 -9.826899999999999524e-03 -1.828522868186795158e-02 9.998320589114818580e-01 1.226533684348114555e-03 -3.863269999999999899e-02 -1.280823286423526984e-03 -1.250161820029843359e-03 9.999983982922835413e-01 2.113878999999999841e+00
9.998233178803616061e-01 1.874340117938419828e-02 1.420540366969426935e-03 -1.008610000000000062e-02 -1.874493654076387836e-02 9.998237199694457455e-01 1.075332758772036329e-03 -3.924180000000000029e-02 -1.400134560771135834e-03 -1.101770705733335015e-03 9.999984128610023282e-01 2.152262900000000201e+00
9.998275453405770508e-01 1.857055675159401467e-02 1.183223234681885373e-04 -1.038410000000000027e-02 -1.857063985599664499e-02 9.998272732875483904e-01 7.449333694178354379e-04 -4.040910000000000335e-02 -1.044680586293161948e-04 -7.470022234433721774e-04 9.999997155370109470e-01 2.228898800000000069e+00
9.998809271271784649e-01 1.526201869583826247e-02 -2.280866638379923459e-03 -1.068329999999999974e-02 -1.525584634064110733e-02 9.998799787860974675e-01 2.699476827874947981e-03 -4.179150000000000226e-02 2.321792351813244375e-03 -2.664358842455318965e-03 9.999937552166182630e-01 2.305983799999999917e+00
9.999360668309855704e-01 1.045784221658473297e-02 -4.300672825485040741e-03 -1.118410000000000064e-02 -1.044259025882950977e-02 9.999391598883250465e-01 3.553706588487093483e-03 -4.329190000000000121e-02 4.337575274856495834e-03 -3.508569224609321170e-03 9.999844375702710009e-01 2.382403599999999955e+00
9.999479483268730595e-01 8.993793933310212027e-03 -4.817915271397161560e-03 -1.139199999999999935e-02 -8.979152251526215447e-03 9.999550288446262813e-01 3.052067035066512082e-03 -4.391550000000000314e-02 4.845148266164950833e-03 -3.008647375114012913e-03 9.999837361573693517e-01 2.420567999999999831e+00
9.999549329801429298e-01 7.950971919684572675e-03 -5.187875693399025476e-03 -1.222460000000000040e-02 -7.939640212845277406e-03 9.999660577986061449e-01 2.201218754486034858e-03 -4.524949999999999806e-02 5.205201433983435572e-03 -2.159929685642163373e-03 9.999841201648077549e-01 2.496253299999999786e+00
9.999470388375882868e-01 8.882375684794380569e-03 -5.198357638033356855e-03 -1.296560000000000074e-02 -8.878189114535759222e-03 9.999602453901459409e-01 8.278872663212709414e-04 -4.654640000000000166e-02 5.205504585077696915e-03 -7.816914182538491377e-04 9.999861457443005586e-01 2.572186499999999931e+00
9.999306783875817617e-01 1.100112720042239860e-02 -4.196858309563098605e-03 -1.410969999999999933e-02 -1.099127626871823464e-02 9.999368017954178844e-01 2.363104131393028821e-03 -4.792269999999999863e-02 4.222589884790347442e-03 -2.316811488063254959e-03 9.999884009923283301e-01 2.647448799999999824e+00
9.999235690710450708e-01 1.169174119897873655e-02 -4.019851235927602608e-03 -1.491959999999999988e-02 -1.168299852209925098e-02 9.999293498904776589e-01 2.191523018204845092e-03 -4.918369999999999687e-02 4.045189952957976669e-03 -2.144391602016336353e-03 9.999895189565247700e-01 2.722973099999999924e+00
9.999332707558482580e-01 1.079822724826236258e-02 -4.105158195050008507e-03 -1.547929999999999966e-02 -1.080340844572651865e-02 9.999408700965783936e-01 -1.242045269966126925e-03 -5.064930000000000127e-02 4.091503570364680639e-03 1.286312089939506322e-03 9.999908024575731025e-01 2.797093199999999946e+00
9.999745166072887548e-01 6.152878150691302832e-03 -3.620528481025263052e-03 -1.588349999999999831e-02 -6.145036869026285382e-03 9.999787582079701087e-01 2.172936889170884803e-03 -5.218989999999999740e-02 3.633821390420441822e-03 -2.150633234365541616e-03 9.999910850196584988e-01 2.871625900000000176e+00
9.999840492469774800e-01 4.988116486068987047e-03 -2.649517982576848115e-03 -1.629090000000000052e-02 -4.981436086463122796e-03 9.999844122652330469e-01 2.522007349920477298e-03 -5.278660000000000296e-02 2.662056749033401160e-03 -2.508768717513976381e-03 9.999933097443137742e-01 2.908846599999999949e+00
9.999751195544875904e-01 6.992960400817633745e-03 -9.267021207945143162e-04 -1.707979999999999915e-02 -6.994149300991323731e-03 9.999747137626102678e-01 -1.285966928437033349e-03 -5.408890000000000225e-02 9.176859721773771277e-04 1.292416425997321844e-03 9.999987437553300440e-01 2.982640500000000028e+00
9.999281028332481780e-01 1.188535135900022077e-02 1.589838788714766343e-03 -1.766919999999999949e-02 -1.187978678247245123e-02 9.999234296324392979e-01 -3.464900879260357155e-03 -5.555140000000000078e-02 -1.630898618548470239e-03 3.445764816875626635e-03 9.999927334108597021e-01 3.056536700000000106e+00
9.998981849164351177e-01 1.361318155019687788e-02 4.277977197219053236e-03 -1.821530000000000024e-02 -1.361612335867842978e-02 9.999070789426979244e-01 6.592912577186603234e-04 -5.705640000000000017e-02 -4.268604631468991308e-03 -7.174735971671100795e-04 9.999906320791898118e-01 3.131073699999999960e+00
9.999092144456692699e-01 1.254458401701137940e-02 4.918971283185805815e-03 -1.803130000000000011e-02 -1.255044257379021172e-02 9.999205649676082830e-01 1.161957856908890554e-03 -5.771400000000000141e-02 -4.904004266582370763e-03 -1.223587634532488557e-03 9.999872267061484798e-01 3.168452499999999894e+00
9.998561991031670315e-01 1.537414445424385712e-02 7.156591176530249093e-03 -1.785250000000000031e-02 -1.537474843746132816e-02 9.998818011380565807e-01 2.938367949803960170e-05 -5.890689999999999815e-02 -7.155293526664588746e-03 -1.394102431074834936e-04 9.999743908417512150e-01 3.242624999999999869e+00
9.998231814794287242e-01 1.694204180020097983e-02 8.159227659132670119e-03 -1.761489999999999931e-02 -1.694126003389154200e-02 9.998564729542389617e-01 -1.649241438919523306e-04 -5.964359999999999801e-02 -8.160850741030744454e-03 2.666738479973616339e-05 9.999666993475497812e-01 3.280029100000000142e+00
9.997537293774260148e-01 1.942580801154105211e-02 1.072933264593874114e-02 -1.770779999999999924e-02 -1.940698786336855428e-02 9.998099450365004470e-01 -1.855432073946355290e-03 -6.117550000000000071e-02 -1.076333675026127853e-02 1.646751107092583617e-03 9.999407176391967855e-01 3.353962399999999899e+00
9.997715074019041248e-01 1.809286363771828166e-02 1.138337703457082371e-02 -1.730500000000000094e-02 -1.806944954130729891e-02 9.998344088129786922e-01 -2.156373547314465507e-03 -6.182340000000000058e-02 -1.142050702019889973e-02 1.950189474984320931e-03 9.999328821378029586e-01 3.391437999999999953e+00
9.997641728272829154e-01 1.794998443658129064e-02 1.222279794913413292e-02 -1.706420000000000159e-02 -1.793869693075072699e-02 9.998385555181925621e-01 -1.032497806695247987e-03 -6.251740000000000075e-02 -1.223935796541398072e-02 8.129932476013397406e-04 9.999247657491906471e-01 3.428708100000000147e+00
9.997852753103869672e-01 1.569054059764268469e-02 1.353551655044731537e-02 -1.660330000000000139e-02 -1.569337474295017312e-02 9.998768460869674746e-01 1.031908722371779446e-04 -6.389749999999999597e-02 -1.353223047804906660e-02 -3.155866481747398168e-04 9.999083853750585504e-01 3.503087999999999980e+00
9.998145467249881513e-01 1.346419320153981539e-02 1.376908343129870302e-02 -1.648780000000000037e-02 -1.346975782310880221e-02 9.999092301835434959e-01 3.114770299789158879e-04 -6.464880000000000626e-02 -1.376363982721339266e-02 -4.968854848093887848e-04 9.999051531637996870e-01 3.539884600000000159e+00
9.998699256230969556e-01 1.004435480058126461e-02 1.261914304152645869e-02 -1.565309999999999965e-02 -1.005578903608222475e-02 9.999490839516621543e-01 8.429775165688446282e-04 -6.599969999999999448e-02 -1.261003335936404512e-02 -9.697633070353688144e-04 9.999200201105106212e-01 3.614508199999999949e+00
9.999183443630891288e-01 7.496983057059388930e-03 1.034890579824030224e-02 -1.491570000000000049e-02 -7.515504226423875417e-03 9.999702234980930582e-01 1.751945603133054329e-03 -6.747459999999999569e-02 -1.033546333752348792e-02 -1.829579792164534938e-03 9.999449139004521481e-01 3.688511600000000001e+00
9.999553691607246941e-01 5.217050056040357237e-03 7.876679208381830166e-03 -1.445850000000000087e-02 -5.232028516770053511e-03 9.999845414538203192e-01 1.882214385386879853e-03 -6.869989999999999430e-02 -7.866737839707781121e-03 -1.923341390814867517e-03 9.999672070591394402e-01 3.762899899999999853e+00
9.999694450084302133e-01 5.128667828508825730e-03 5.899645399250739476e-03 -1.436920000000000038e-02 -5.134852602402284819e-03 9.999862823230091236e-01 1.033660756105900377e-03 -7.001140000000000141e-02 -5.894263167155360146e-03 -1.063922982141804864e-03 9.999820627039289755e-01 3.836837300000000006e+00
9.999882869101902605e-01 -3.102754320603668282e-03 3.714694879664254355e-03 -1.403809999999999954e-02 3.109225078898567116e-03 9.999936570089830168e-01 -1.737429483219888552e-03 -7.136869999999999326e-02 -3.709280500552197043e-03 1.748958955032621672e-03 9.999915911550165681e-01 3.911275600000000185e+00
9.998515478718229543e-01 -1.719865571159797865e-02 1.043292880023586906e-03 -1.348959999999999916e-02 1.719645075003245829e-02 9.998499523179742443e-01 2.086847226371544954e-03 -7.269689999999999486e-02 -1.079027303314333049e-03 -2.068596494830424702e-03 9.999972783006062516e-01 3.985976500000000033e+00
9.998087257528852634e-01 -1.954874774219011319e-02 5.986402124668393707e-04 -1.352159999999999994e-02 1.955127918963943390e-02 9.997984395033175931e-01 -4.563753803589401005e-03 -7.402110000000000634e-02 -5.093038783844506916e-04 4.574585056944686749e-03 9.999894068344505893e-01 4.060317999999999650e+00
9.998572307958525363e-01 -1.674932046788172799e-02 2.231207994244859428e-03 -1.370749999999999920e-02 1.676292135108463019e-02 9.998401247814711068e-01 -6.223290508213119403e-03 -7.597370000000000512e-02 -2.126615392292408296e-03 6.259803578105520468e-03 9.999781459442684817e-01 4.134849100000000277e+00
9.996834375155159158e-01 -2.493134354441516043e-02 3.384208361172640501e-03 -1.346020000000000029e-02 2.493071224482962256e-02 9.996891553507495365e-01 2.286068030528861110e-04 -7.764600000000000668e-02 -3.388855872855123328e-03 -1.441637098864002279e-04 9.999942474198028064e-01 4.209508399999999817e+00
9.995148573622910648e-01 -3.099322707093503729e-02 3.077302027512128502e-03 -1.296120000000000085e-02 3.098803598898065489e-02 9.995182747337822970e-01 1.720493751497119547e-03 -7.910920000000000452e-02 -3.129143266887968351e-03 -1.624299520642847250e-03 9.999937850374284176e-01 4.284649800000000397e+00
9.996825076207778160e-01 -2.456949998228551493e-02 5.587810631538324586e-03 -1.318440000000000063e-02 2.456259211029898290e-02 9.996974467696467803e-01 1.301534122620395849e-03 -8.024850000000000039e-02 -5.618098063983815831e-03 -1.163869782123098376e-03 9.999835410551883852e-01 4.359292499999999571e+00
9.998156879750939030e-01 -1.771338567026814123e-02 7.404461289393564002e-03 -1.326319999999999930e-02 1.772856217842279716e-02 9.998408582139532985e-01 -1.989052304787027915e-03 -8.126640000000000252e-02 -7.368050079606227112e-03 2.119956150895827181e-03 9.999706083800377066e-01 4.434066800000000086e+00
9.998784944599290458e-01 -1.374734191744851793e-02 7.348939158162427245e-03 -1.304959999999999974e-02 1.375541767699463118e-02 9.999048390037283962e-01 -1.049486283574987792e-03 -8.282040000000000235e-02 -7.333812179012620149e-03 1.150446492780650334e-03 9.999724454562686216e-01 4.509862899999999897e+00
9.999454168867406567e-01 -8.216581462722923057e-03 6.453761404707834652e-03 -1.304600000000000030e-02 8.257908358106729602e-03 9.999454014581010686e-01 -6.403206411337736270e-03 -8.435779999999999668e-02 -6.400796571643988485e-03 6.456151474642126201e-03 9.999586731017361396e-01 4.585339499999999902e+00
9.999795992517259702e-01 1.409461748310742888e-03 6.230128244070796267e-03 -1.313250000000000008e-02 -1.368108813761773285e-03 9.999770399258617326e-01 -6.636859150629153409e-03 -8.592869999999999675e-02 -6.239339598966159653e-03 6.628200260374712133e-03 9.999585679430308405e-01 4.661304000000000336e+00
9.999642886273863995e-01 4.705214106191056914e-03 7.020144595377187519e-03 -1.338929999999999981e-02 -4.689095974213566484e-03 9.999863364788721398e-01 -2.310678365425440379e-03 -8.756529999999999869e-02 -7.030920911923059166e-03 2.277677716168762401e-03 9.999726887947247844e-01 4.737210300000000096e+00
9.999908602272283842e-01 -2.924002306947719935e-04 4.265438325974895382e-03 -1.273769999999999937e-02 2.995981816253176912e-04 9.999985321952401529e-01 -1.686964224491193211e-03 -8.872049999999999381e-02 -4.264938796415803333e-03 1.688226723587804611e-03 9.999894800384614424e-01 4.814006299999999960e+00
9.999997291818906175e-01 3.948665321538637912e-04 6.210608400655424043e-04 -1.265609999999999999e-02 -3.887238769963260901e-04 9.999513154202815945e-01 -9.859801366954808188e-03 -9.048069999999999724e-02 -6.249239095530597071e-04 9.859557275564444223e-03 9.999511981094062474e-01 4.890352700000000219e+00
9.999827802714752467e-01 5.868486840030223348e-03 4.768516011764288749e-06 -1.339590000000000052e-02 -5.868089795922565646e-03 9.999239392214643862e-01 -1.084810093869224661e-02 -9.129180000000000628e-02 -6.843009091275893631e-05 1.084788615525892307e-02 9.999411576104291210e-01 4.929737099999999650e+00
9.999565649775277176e-01 9.319068740076418347e-03 -1.520399986950111016e-04 -1.354220000000000076e-02 -9.320108282068242586e-03 9.999090218525734652e-01 -9.751081962548275445e-03 -9.250909999999999689e-02 6.115516327848843328e-05 9.752075453335146138e-03 9.999524455114845445e-01 4.967544600000000088e+00
9.999231028066268845e-01 1.238635746101363934e-02 6.054935307798809015e-04 -1.415450000000000041e-02 -1.238350450050832059e-02 9.999131594948015289e-01 -4.508024557308902384e-03 -9.429700000000000581e-02 -6.612789530256295029e-04 4.500179771009347497e-03 9.999896554925830072e-01 5.045745799999999726e+00
9.999489390459934679e-01 1.008942106841577424e-02 5.682282078742285133e-04 -1.432439999999999929e-02 -1.008790384702609386e-02 9.999457030530007895e-01 -2.612497236954308688e-03 -9.609220000000000261e-02 -5.945559394810468606e-04 2.606631608828847459e-03 9.999964259810585343e-01 5.123634799999999601e+00
9.999899658420964288e-01 4.414804744878649684e-03 7.600751195743427535e-04 -1.424599999999999998e-02 -4.413168225776092565e-03 9.999879689295200214e-01 -2.141481362079452992e-03 -9.754749999999999532e-02 -7.695201971353867821e-04 2.138105534750410139e-03 9.999974181683612962e-01 5.201360199999999878e+00
9.999937655788418978e-01 -3.207674802690916541e-03 1.476355583258629704e-03 -1.401400000000000041e-02 3.206714788192779105e-03 9.999946458141819594e-01 6.521681041080323697e-04 -9.901690000000000491e-02 -1.478439621771169502e-03 -6.474297869359390851e-04 9.999986975246296650e-01 5.280084600000000350e+00
9.999906638088574828e-01 -3.558539311524161822e-03 2.451345159074487697e-03 -1.426520000000000045e-02 3.568629121840164072e-03 9.999851285331846640e-01 -4.124026995652791371e-03 -1.002519999999999939e-01 -2.436633191790484217e-03 4.132736434670838087e-03 9.999884915879032610e-01 5.358312100000000022e+00
9.999915216976434928e-01 3.380998140130531387e-03 2.350613623666555994e-03 -1.436330000000000072e-02 -3.359719189974685449e-03 9.999538705891972690e-01 -8.998276537617316481e-03 -1.011150999999999994e-01 -2.380928347483135619e-03 8.990302845808496521e-03 9.999567518822726209e-01 5.397810500000000289e+00
9.997804174723862181e-01 2.031558764953711807e-02 5.137483546934719716e-03 -1.543590000000000066e-02 -2.028682639567475424e-02 9.997785748911175441e-01 -5.589799949707653995e-03 -1.028358999999999940e-01 -5.249906049902622329e-03 5.484349290478541736e-03 9.999711797843611194e-01 5.477788399999999669e+00
9.997943880855884036e-01 1.951527192751287276e-02 5.507786684253038537e-03 -1.546329999999999927e-02 -1.949908180092579935e-02 9.998054395831402763e-01 -2.978051189051437054e-03 -1.044029000000000068e-01 -5.564832565748167523e-03 2.870042083146940020e-03 9.999803975563502645e-01 5.557227100000000419e+00
9.998637011501656513e-01 1.597805974656146127e-02 4.157009625627336967e-03 -1.517620000000000080e-02 -1.596641928272899552e-02 9.998685561723887893e-01 -2.818480624522646215e-03 -1.053066000000000002e-01 -4.201497064183876314e-03 2.751723910210136619e-03 9.999873876394349548e-01 5.597577600000000153e+00
9.998993663647238739e-01 1.391088395932916881e-02 2.782885354046392597e-03 -1.481209999999999992e-02 -1.390077178932158826e-02 9.998968244759014468e-01 -3.620627938572268910e-03 -1.060109000000000051e-01 -2.832964363504866280e-03 3.581579327398384111e-03 9.999895732468596643e-01 5.637941800000000114e+00
9.998916901906653720e-01 1.450888726146904416e-02 2.469833615535873411e-03 -1.515559999999999997e-02 -1.449907104801635184e-02 9.998870926715143215e-01 -3.947004896248362468e-03 -1.069027000000000033e-01 -2.526821402280673458e-03 3.910767103832172784e-03 9.999891604783827104e-01 5.677816400000000208e+00
9.998698965236511027e-01 1.592794429603183737e-02 2.547668794323360020e-03 -1.540880000000000027e-02 -1.591775851890261939e-02 9.998654245694363896e-01 -3.969598759898001691e-03 -1.077015999999999946e-01 -2.610553488623683013e-03 3.928529124645446791e-03 9.999888757728256916e-01 5.718130099999999771e+00
9.998484736380840454e-01 1.722532872248727642e-02 2.513526207534294739e-03 -1.560180000000000074e-02 -1.721772779044158930e-02 9.998472182911496420e-01 -3.014950278930936690e-03 -1.085847000000000062e-01 -2.565075696341607633e-03 2.971216224448346242e-03 9.999922961007348121e-01 5.758394199999999685e+00
9.998651274382710508e-01 1.630211443392002441e-02 1.991983391836296604e-03 -1.562340000000000083e-02 -1.629513747133509716e-02 9.998612043658869908e-01 -3.469942188023826708e-03 -1.093934000000000017e-01 -2.048274307866535752e-03 3.437014544821287432e-03 9.999919957196550246e-01 5.799017400000000322e+00
9.998873529105747338e-01 1.497325113963921678e-02 1.040788063519107682e-03 -1.575750000000000067e-02 -1.496822414131508336e-02 9.998770140533016493e-01 -4.680708697298493690e-03 -1.111165000000000069e-01 -1.110745488049947249e-03 4.664602680068935525e-03 9.999885037970676072e-01 5.880274799999999580e+00
9.998848138617394410e-01 1.516730818391208088e-02 5.583646916522660552e-04 -1.579859999999999945e-02 -1.516453490052304537e-02 9.998740838433861633e-01 -4.674755565803363419e-03 -1.119717999999999963e-01 -6.291978428673021713e-04 4.665749757908645851e-03 9.999889173832233746e-01 5.920935599999999965e+00
9.998821731006223290e-01 1.534058124637608170e-02 5.536087068938192260e-04 -1.625040000000000165e-02 -1.533761947029319006e-02 9.998698333277770134e-01 -5.007377563941225670e-03 -1.127901999999999932e-01 -6.303527278416502701e-04 4.998296520487074610e-03 9.999873097631448715e-01 5.961429599999999773e+00
9.998697977977889506e-01 1.613596672464228179e-02 -1.342746065999324842e-04 -1.669249999999999901e-02 -1.613646175617198045e-02 9.998546074489039759e-01 -5.511675352361388065e-03 -1.145058999999999938e-01 4.531887398959710687e-05 5.513124437146862435e-03 9.999848015870742568e-01 6.043119899999999767e+00
9.998646853279384850e-01 1.643032041617216443e-02 -8.096944388429581918e-04 -1.726549999999999960e-02 -1.643444929020621698e-02 9.998504284698922495e-01 -5.387909158519075224e-03 -1.164681000000000050e-01 7.210482577591236820e-04 5.400486977553920105e-03 9.999851573047547904e-01 6.125441099999999750e+00
9.998804704729248316e-01 1.543870995756724089e-02 -8.312651132500717324e-04 -1.747999999999999901e-02 -1.544305119751509907e-02 9.998656367682495771e-01 -5.497324779711645557e-03 -1.173705000000000026e-01 7.462818189664986810e-04 5.509504956783177129e-03 9.999845440898462723e-01 6.166727100000000128e+00
9.998976127957563964e-01 1.427913140139732903e-02 -9.329157353157326547e-04 -1.747620000000000076e-02 -1.428441212512209998e-02 9.998804304874805426e-01 -5.922862349417400488e-03 -1.182026999999999939e-01 8.482308572763193246e-04 5.935582076941585059e-03 9.999820245233513871e-01 6.207994499999999860e+00
9.999102830938192410e-01 1.336865699608516707e-02 -8.395078078143382869e-04 -1.778599999999999973e-02 -1.337304442782557244e-02 9.998956789419660707e-01 -5.458288735128645833e-03 -1.192497000000000001e-01 7.664502395860688750e-04 5.469025809561696080e-03 9.999847510390968974e-01 6.249001500000000320e+00
9.999346150930843447e-01 1.139331439488281035e-02 -9.787368106377639619e-04 -1.801200000000000023e-02 -1.139745914323435534e-02 9.999256323766093635e-01 -4.339083004052560026e-03 -1.211341999999999974e-01 9.292274874565685169e-04 4.349954406325465088e-03 9.999901071675355579e-01 6.331269700000000000e+00
9.999212870155290700e-01 1.253533698916475120e-02 -5.339473532959578125e-04 -1.859250000000000139e-02 -1.253770033362780131e-02 9.999104462720737052e-01 -4.680331860719448220e-03 -1.219280999999999976e-01 4.752299992247110299e-04 4.686657929739934669e-03 9.999889046353951372e-01 6.372599600000000031e+00
9.999154138393653302e-01 1.300318872882024954e-02 -2.867914459115000520e-04 -1.892210000000000072e-02 -1.300456399859804824e-02 9.999004586723717614e-01 -5.473030420789005458e-03 -1.227598000000000023e-01 2.155960508301276780e-04 5.476297075871280375e-03 9.999849817315656919e-01 6.413961900000000327e+00
9.998985280541656806e-01 1.424132284789030728e-02 3.439747881312044879e-04 -1.927459999999999937e-02 -1.423947074300978971e-02 9.998866466816760390e-01 -4.891958772530559559e-03 -1.236581999999999959e-01 -4.136037616857269326e-04 4.886564357023043433e-03 9.999879751380578163e-01 6.455587900000000268e+00
9.998870515800903913e-01 1.500321252011988307e-02 8.875227037515238167e-04 -1.933330000000000118e-02 -1.500071224544440723e-02 9.998836744891084205e-01 -2.759732285547652781e-03 -1.245678999999999953e-01 -9.288243121982897588e-04 2.746107105456351786e-03 9.999957980817530956e-01 6.497374100000000041e+00
9.998854058242850895e-01 1.508074415078174135e-02 1.321504999378564750e-03 -1.944210000000000035e-02 -1.507757218338466945e-02 9.998834986346545328e-01 -2.378229420769477787e-03 -1.254008000000000067e-01 -1.357216511668312602e-03 2.358031802510509884e-03 9.999962988178300316e-01 6.538988599999999707e+00
9.998855228921919025e-01 1.501361208896639585e-02 1.879511279570364847e-03 -1.949460000000000082e-02 -1.500586780257483557e-02 9.998791270512884521e-01 -4.068810470503981223e-03 -1.262893999999999961e-01 -1.940371639567538232e-03 4.040140987054417591e-03 9.999899560589121661e-01 6.580443899999999680e+00
9.998711751991120611e-01 1.583607183928631423e-02 2.617600933580578170e-03 -1.969440000000000079e-02 -1.582321786000325664e-02 9.998629915019605630e-01 -4.860452788092670465e-03 -1.280680999999999903e-01 -2.694212779531896581e-03 4.818407771387426403e-03 9.999847619659247844e-01 6.663787400000000360e+00
9.998759471373199759e-01 1.558076442861564860e-02 2.308704413146720792e-03 -1.973580000000000126e-02 -1.557181086547988931e-02 9.998713525737430441e-01 -3.846688020043978647e-03 -1.289546000000000026e-01 -2.368341744136664116e-03 3.810260118917436004e-03 9.999899363869664271e-01 6.705506299999999698e+00
9.998674678854965192e-01 1.614702909373903067e-02 2.078488799988187103e-03 -1.980279999999999888e-02 -1.613944721427685441e-02 9.998632182314324268e-01 -3.614287135870897314e-03 -1.297471000000000041e-01 -2.136564500150211262e-03 3.580262466481482202e-03 9.999913083686317039e-01 6.747269199999999856e+00
9.998365334562782092e-01 1.793187884256224746e-02 2.313890081335797343e-03 -2.017800000000000149e-02 -1.792461364181549555e-02 9.998344630268966027e-01 -3.123262638517605456e-03 -1.315525999999999918e-01 -2.369513014203038226e-03 3.081276503851377701e-03 9.999924455430563297e-01 6.830064300000000088e+00
9.998158977846782758e-01 1.902767273543412921e-02 2.473501019007345089e-03 -2.027560000000000126e-02 -1.901972867855586738e-02 9.998139989619213575e-01 -3.196466919171152624e-03 -1.324300999999999950e-01 -2.533862271697751110e-03 3.148833124262478966e-03 9.999918321626150020e-01 6.871630200000000244e+00
9.998126627199145355e-01 1.923840985398375669e-02 2.126746624459909668e-03 -2.030279999999999932e-02 -1.923214800507193345e-02 9.998107618834005672e-01 -2.926585936743616046e-03 -1.331964999999999955e-01 -2.182647022658191528e-03 2.885135772243389938e-03 9.999934560003631567e-01 6.913330099999999589e+00
9.998857675092837072e-01 1.498550976693379007e-02 1.971402900392445201e-03 -2.040789999999999965e-02 -1.498282786942673091e-02 9.998868150328099613e-01 -1.368207797970311980e-03 -1.350187999999999944e-01 -1.991683058539524959e-03 1.338514313867863841e-03 9.999971207848680210e-01 6.997262499999999719e+00
9.999115050449827180e-01 1.314064870774021496e-02 2.074953063863814885e-03 -2.038879999999999859e-02 -1.313836661642217574e-02 9.999130722154837558e-01 -1.109655462375253292e-03 -1.355114000000000041e-01 -2.089354285408696107e-03 1.082295769400114412e-03 9.999972316134367878e-01 7.039014800000000349e+00
9.999328872203379071e-01 1.149025163666209971e-02 1.481611462248230010e-03 -2.022080000000000058e-02 -1.148735082799419958e-02 9.999321134332158634e-01 -1.951741770028171761e-03 -1.362922000000000022e-01 -1.503936884800158042e-03 1.934590992555179894e-03 9.999969977612622740e-01 7.080915899999999930e+00
9.999460940360905825e-01 1.030631034165480076e-02 1.260551112503012060e-03 -2.023219999999999880e-02 -1.030258916163512978e-02 9.999426525861283555e-01 -2.923729738510626262e-03 -1.369991000000000125e-01 -1.290611689196872851e-03 2.910585191811500532e-03 9.999949313948089946e-01 7.123018300000000025e+00
9.999612972239033670e-01 8.718730965763020826e-03 1.178042713541537726e-03 -1.993959999999999830e-02 -8.717497750511808349e-03 9.999614527793597718e-01 -1.047944827758347849e-03 -1.377998000000000001e-01 -1.187134052289323324e-03 1.037634684679012223e-03 9.999987570127290004e-01 7.165343799999999597e+00
9.999777209227100894e-01 6.391409466838512965e-03 1.925498182222558537e-03 -2.025930000000000092e-02 -6.392919021999090429e-03 9.999792617748739509e-01 7.788495080491819036e-04 -1.386473000000000011e-01 -1.920480304688787672e-03 -7.911417099567501611e-04 9.999978429227704968e-01 7.207211499999999660e+00
9.999794638106919153e-01 6.091608555083164421e-03 1.991045477276586189e-03 -2.022200000000000039e-02 -6.090729109650020422e-03 9.999813512227488932e-01 -4.474657953760300387e-04 -1.390911999999999982e-01 -1.993734133180203889e-03 4.353296874866617616e-04 9.999979177539667363e-01 7.249103999999999992e+00
9.999781315432391127e-01 6.085099299072218443e-03 2.589981044883996140e-03 -2.037699999999999928e-02 -6.080830005118893766e-03 9.999801452141970914e-01 -1.653083132267007312e-03 -1.397474999999999967e-01 -2.599988796374582290e-03 1.637297747439587451e-03 9.999952796460316318e-01 7.290702300000000413e+00
9.999680517900029209e-01 7.387910581633402168e-03 3.051913587247509149e-03 -2.035369999999999888e-02 -7.381563135791848959e-03 9.999705803833760509e-01 -2.085879528292800683e-03 -1.404516000000000098e-01 -3.067234092558889652e-03 2.063284995346353380e-03 9.999931674416828731e-01 7.332724599999999704e+00
9.999498521664502704e-01 8.947203233962924482e-03 4.498967279764380482e-03 -2.058429999999999982e-02 -8.938964073264962437e-03 9.999583387994410710e-01 -1.848130611983094104e-03 -1.414059000000000010e-01 -4.515315447574551853e-03 1.807821825356177971e-03 9.999881717833749573e-01 7.374707199999999574e+00
9.999254510992380274e-01 1.100227796504209959e-02 5.295481429044775722e-03 -2.067000000000000087e-02 -1.099009776921393636e-02 9.999369069983796710e-01 -2.323741280095217247e-03 -1.421725000000000072e-01 -5.320713768708843459e-03 2.265370189096872332e-03 9.999832789116515075e-01 7.416450000000000209e+00
