1.000000000000000000e+00 0.000000000000000000e+00 0.000000000000000000e+00 0.000000000000000000e+00 0.000000000000000000e+00 1.000000000000000000e+00 0.000000000000000000e+00 0.000000000000000000e+00 0.000000000000000000e+00 0.000000000000000000e+00 1.000000000000000000e+00 0.000000000000000000e+00
9.999983717174653064e-01 1.778369465501554968e-03 -3.065362329158261056e-04 -5.326999999999999921e-04 -1.778828120071304121e-03 9.999972890870423292e-01 -1.502527565618176891e-03 -1.173999999999999913e-03 3.038633527790105676e-04 1.503070394349715223e-03 9.999988242225349433e-01 7.215399999999999592e-02
9.999906799880775576e-01 4.309753701860753045e-03 -2.568268122908166787e-04 -9.116999999999999887e-04 -4.310613283875152149e-03 9.999847715626535294e-01 -3.446049318344831906e-03 -1.989900000000000176e-03 2.419712774132654325e-04 3.447124282192816185e-03 9.999940293742177744e-01 1.079144999999999965e-01
9.999702161462367123e-01 7.717953443712080586e-03 -3.884493106522001856e-06 -1.170599999999999939e-03 -7.717891824833563591e-03 9.999599521646437283e-01 -4.530807065368845296e-03 -2.589699999999999901e-03 -3.108422045197687994e-05 4.530702100571371710e-03 9.999897358334469688e-01 1.441616000000000009e-01
9.999491630599490755e-01 1.008205405157203138e-02 1.532377517220776214e-04 -1.414300000000000062e-03 -1.008123568716155424e-02 9.999384416755917604e-01 -4.634818918684870982e-03 -3.326799999999999983e-03 -1.999568135202750650e-04 4.633038472782073820e-03 9.999892474280823729e-01 1.804298000000000013e-01
9.999381920486086761e-01 1.111746887301395467e-02 1.181880589454846432e-04 -1.427099999999999940e-03 -1.111694851261806755e-02 9.999311944386840567e-01 -3.744308239773680956e-03 -4.093199999999999963e-03 -1.598071572564016226e-04 3.742762921185899434e-03 9.999929830690754695e-01 2.168361000000000038e-01
9.999651938094834547e-01 8.330332199162947607e-03 4.655480788207850586e-04 -1.478399999999999940e-03 -8.329921273800862738e-03 9.999649203709820577e-01 -8.777465623310353555e-04 -4.823299999999999983e-03 -4.728436680177808748e-04 8.738380324712153235e-04 9.999995064128575084e-01 2.531743000000000188e-01
9.999913819970343010e-01 4.084180712425413556e-03 7.452513465709692400e-04 -1.545900000000000009e-03 -4.085000390014536381e-03 9.999910494964187047e-01 1.101680019121378156e-03 -5.565999999999999767e-03 -7.407452159107628031e-04 -1.104714876881107569e-03 9.999991154503916624e-01 2.896448999999999829e-01
9.999979726813754688e-01 2.004513215701836468e-03 1.912064516478355575e-04 -1.466099999999999912e-03 -2.004284105774541743e-03 9.999972821879133944e-01 -1.190992027640078686e-03 -6.270399999999999759e-03 -1.935932912438303370e-04 1.190606381067800014e-03 9.999992724887768469e-01 3.258348999999999829e-01
9.999996734344973603e-01 7.656408114028218255e-04 2.586987562152342807e-04 -1.608099999999999894e-03 -7.647568114499258152e-04 9.999939272348036257e-01 -3.400094194825947248e-03 -6.856300000000000068e-03 -2.613004360766037096e-04 3.399895242836548613e-03 9.999941862003097759e-01 3.621881000000000128e-01
9.999949033123470832e-01 3.047741569514355025e-03 9.511154793369708217e-04 -1.841699999999999934e-03 -3.043032351068515173e-03 9.999832959497354512e-01 -4.914038625613291987e-03 -7.556600000000000122e-03 -9.660763116496774846e-04 4.911119305120077889e-03 9.999874737234116795e-01 3.990042999999999784e-01
9.999831512958464730e-01 5.533513183878969663e-03 1.754239513910209195e-03 -2.074799999999999908e-03 -5.528830498716285485e-03 9.999811698994883757e-01 -2.663058348414256045e-03 -8.318799999999999459e-03 -1.768942549884229857e-03 2.653314586405440198e-03 9.999949153690537162e-01 4.356330999999999953e-01
9.999777974915129430e-01 6.224784343313388701e-03 2.378357395732677744e-03 -2.272999999999999847e-03 -6.226746279204964721e-03 9.999802787318311514e-01 8.183997700619946754e-04 -8.898700000000000707e-03 -2.373216129433422354e-03 -8.331910275986521494e-04 9.999968368139543484e-01 4.728234000000000048e-01
9.999859529014284432e-01 4.301534591386733941e-03 3.096901674488339740e-03 -2.484699999999999843e-03 -4.310027423743484007e-03 9.999869553891377327e-01 2.740933266129899452e-03 -9.439799999999999927e-03 -3.085071057354176523e-03 -2.754242495115813427e-03 9.999914482058580578e-01 5.093910999999999856e-01
9.999967694130829088e-01 -3.879167364266590241e-05 2.541585844232481517e-03 -2.472600000000000145e-03 3.720825702052560379e-05 9.999998052135219417e-01 6.230477220152113443e-04 -9.861399999999999333e-03 -2.541609518229822132e-03 -6.229511412260599866e-04 9.999965760706046591e-01 5.462538000000000116e-01
9.999973263640498100e-01 -2.682214896897819616e-04 2.296806910570216211e-03 -2.332700000000000051e-03 2.717780046761207363e-04 9.999987644689413147e-01 -1.548288508934041055e-03 -1.056509999999999914e-02 -2.296388788543606615e-03 1.548908590973503306e-03 9.999961637329958242e-01 5.834861999999999549e-01
9.999958159812597502e-01 -7.622539685461373433e-04 2.790517669152152696e-03 -2.282800000000000194e-03 7.733413586697150026e-04 9.999918033393522254e-01 -3.974317205924581854e-03 -1.126530000000000066e-02 -2.787465357163310033e-03 3.976458600032566591e-03 9.999882088374266731e-01 6.208114999999999606e-01
9.999912463110662841e-01 2.487001362996318736e-03 3.364836617247902919e-03 -2.397499999999999892e-03 -2.471374586502103968e-03 9.999861796077752496e-01 -4.640355708282386388e-03 -1.209930000000000033e-02 -3.376330684857366867e-03 4.631999316348375806e-03 9.999835723517861430e-01 6.580899999999999528e-01
9.999869971134237590e-01 3.388281264608232826e-03 3.811188023356003839e-03 -2.468699999999999888e-03 -3.362056858350228987e-03 9.999707742144213762e-01 -6.866388475169640793e-03 -1.285969999999999995e-02 -3.834341893817972552e-03 6.853485761466722448e-03 9.999691633021283721e-01 6.952728999999999715e-01
9.999844647683338028e-01 4.098467414564641899e-03 3.777934202814409517e-03 -2.508400000000000039e-03 -4.074660433069368475e-03 9.999719293949838050e-01 -6.287890300312669670e-03 -1.371089999999999982e-02 -3.803598867417813841e-03 6.272398817465215520e-03 9.999730944624112272e-01 7.326677000000000328e-01
9.999831672561040330e-01 4.417195097411215875e-03 3.762125984315929390e-03 -2.618399999999999894e-03 -4.397939435797461501e-03 9.999772662249508670e-01 -5.111277921690893754e-03 -1.453059999999999942e-02 -3.784617968767294786e-03 5.094646282629796720e-03 9.999798604202413399e-01 7.700472000000000428e-01
9.999786336910359008e-01 5.591592767858518352e-03 3.386185424263204752e-03 -2.647000000000000047e-03 -5.579930911867423023e-03 9.999785025550400608e-01 -3.443660668325063123e-03 -1.533409999999999981e-02 -3.405368178016387418e-03 3.424692409285095412e-03 9.999883374067288777e-01 8.078269000000000144e-01
9.999570967055152471e-01 8.649020838510110623e-03 3.316502195389845181e-03 -2.822600000000000196e-03 -8.637568151663560165e-03 9.999567365840774658e-01 -3.452155348079843315e-03 -1.594589999999999896e-02 -3.346216475719275118e-03 3.423360725504515697e-03 9.999885416526734794e-01 8.453705999999999721e-01
9.999370433484882081e-01 1.063352800723234466e-02 3.582934775157854863e-03 -2.982199999999999955e-03 -1.062010109153294947e-02 9.999365889132658669e-01 -3.745878442760015078e-03 -1.674060000000000131e-02 -3.622539480702841388e-03 3.707591485279743571e-03 9.999865653963002643e-01 8.832875999999999506e-01
9.999067814898113804e-01 1.314273095371592051e-02 3.700939578653156085e-03 -3.167399999999999903e-03 -1.313062124271031569e-02 9.999084179654802451e-01 -3.277570373150760774e-03 -1.757529999999999856e-02 -3.743676864673099215e-03 3.228669207074087028e-03 9.999877802146804884e-01 9.207330000000000236e-01
9.998948720473923579e-01 1.415616881193536465e-02 3.138110561600689075e-03 -3.232899999999999923e-03 -1.414625210907499535e-02 9.998949432170505247e-01 -3.160075986085609037e-03 -1.841570000000000012e-02 -3.182515450918118292e-03 3.115351270616553182e-03 9.999900830417596254e-01 9.585804999999999465e-01
9.999148839541820433e-01 1.276830610300744122e-02 2.682388143892865031e-03 -3.207499999999999848e-03 -1.275951691854004637e-02 9.999132517983244650e-01 -3.268578606392139041e-03 -1.913159999999999861e-02 -2.723889663713342704e-03 3.234074421001625899e-03 9.999910605539128472e-01 9.966808999999999807e-01
9.999164333726126008e-01 1.277717924542740198e-02 1.967221879669728453e-03 -3.285999999999999859e-03 -1.276984394358523893e-02 9.999116268762462401e-01 -3.697231850295370614e-03 -1.998250000000000026e-02 -2.014288224190232714e-03 3.671801768693183036e-03 9.999912302189061242e-01 1.034470900000000082e+00
9.999286661049231473e-01 1.189237764604509154e-02 1.110880530440299177e-03 -3.482999999999999985e-03 -1.188836063090721595e-02 9.999230105360306098e-01 -3.555261181778098748e-03 -2.080509999999999998e-02 -1.153075512947756252e-03 3.541801022786259228e-03 9.999930630071272031e-01 1.072646900000000070e+00
9.999167328248370623e-01 1.287984743621611687e-02 -7.980895457861722064e-04 -3.855299999999999873e-03 -1.288199291206006299e-02 9.999132582863315966e-01 -2.744114032892022194e-03 -2.227360000000000104e-02 7.626765480400808737e-04 2.754166522140184988e-03 9.999959164372879128e-01 1.148694600000000010e+00
9.999191726838663197e-01 1.229037864439472272e-02 -3.254948845939496099e-03 -4.064199999999999584e-03 -1.229471831701129877e-02 9.999235502889406435e-01 -1.316616521919310341e-03 -2.387299999999999839e-02 3.238518290456856609e-03 1.356528782536573375e-03 9.999938358954741924e-01 1.224971299999999985e+00
9.999420555633954377e-01 9.692245432608093819e-03 -4.684644503640899779e-03 -4.420000000000000318e-03 -9.694672684991939571e-03 9.999528826921064706e-01 -4.956987766032200284e-04 -2.514670000000000100e-02 4.679619341599968244e-03 5.410861487252292649e-04 9.999889041327395534e-01 1.301895100000000083e+00
9.999667082903812565e-01 6.665576849589929971e-03 -4.706633208751883832e-03 -4.811799999999999758e-03 -6.669911687964344936e-03 9.999773455450889914e-01 -9.059109627626058632e-04 -2.607169999999999974e-02 4.700488163400892705e-03 9.372736312879085272e-04 9.999885133986119445e-01 1.339702799999999971e+00
9.999807904228776856e-01 3.972258316505494768e-03 -4.758145553012914190e-03 -4.989900000000000238e-03 -3.971703487070050997e-03 9.999921048102848875e-01 1.260496216850607568e-04 -2.753080000000000110e-02 4.758608688209111336e-03 -1.071492570402435279e-04 9.999886720170330090e-01 1.416544400000000037e+00
9.999908145172007323e-01 9.168845407456575327e-04 -4.186908640543715761e-03 -5.347799999999999776e-03 -9.143110878500122123e-04 9.999993919717929947e-01 6.165154328319504993e-04 -2.910559999999999883e-02 4.187471368254656705e-03 -6.126816328461825870e-04 9.999910448122807383e-01 1.492966199999999910e+00
9.999957456234277453e-01 -5.865933551228226544e-05 -2.916383741414438346e-03 -5.973899999999999870e-03 5.734053940367844462e-05 9.999998960755778210e-01 -4.522840879897433212e-04 -3.088600000000000026e-02 2.916409969015007139e-03 4.521149367860745360e-04 9.999956450630055338e-01 1.569214600000000015e+00
9.999825535519205610e-01 5.600496197004250533e-03 -1.878039969707771513e-03 -6.327600000000000065e-03 -5.599454522684278908e-03 9.999841664311804879e-01 5.594604415044414185e-04 -3.246879999999999905e-02 1.881143489707685261e-03 -5.489346815047342100e-04 9.999980799831000855e-01 1.645196399999999892e+00
9.999159408601184795e-01 1.296283660117950737e-02 -2.758279814713479605e-04 -7.019100000000000339e-03 -1.296220277719487696e-02 9.999135944864953052e-01 2.187432343996165759e-03 -3.377789999999999959e-02 3.041594764643273290e-04 -2.183673132087323842e-03 9.999975695263789710e-01 1.720704599999999918e+00
9.998460916693088230e-01 1.754022622278081714e-02 3.652912013399190849e-04 -7.466600000000000320e-03 -1.754081403882404647e-02 9.998447476355185604e-01 1.673460044837593152e-03 -3.434910000000000047e-02 -3.358816212559504973e-04 -1.679609990428336010e-03 9.999985330458323052e-01 1.758751500000000023e+00
9.997512513245864207e-01 2.223732631835187434e-02 1.713707423968947700e-03 -8.094999999999999765e-03 -2.223949874710081515e-02 9.997518787470547341e-01 1.259220875054559759e-03 -3.591899999999999954e-02 -1.685280511230262054e-03 -1.297019639638091575e-03 9.999977387822699404e-01 1.834034200000000059e+00
9.997635659884978043e-01 2.159764020307385415e-02 2.520726010721902575e-03 -8.791699999999999515e-03 -2.160099928079203466e-02 9.997658089412503335e-01 1.313050691483917502e-03 -3.733070000000000138e-02 -2.491776882825567224e-03 -1.367190442386301968e-03 9.999959609109730918e-01 1.908666399999999985e+00
9.997960743658429461e-01 2.009596328270324070e-02 1.990462858258103176e-03 -9.028299999999999520e-03 -2.009678644685636631e-02 9.997979613946271771e-01 3.944181246263050479e-04 -3.883230000000000015e-02 -1.982134495767651303e-03 -4.343395996529300163e-04 9.999979412438572135e-01 1.983113399999999915e+00
9.998057606253026863e-01 1.968509516098215090e-02 9.685292783257023119e-04 -8.961500000000000715e-03 -1.968499432257456161e-02 9.998062252794176485e-01 -1.135387269442433362e-04 -3.994240000000000290e-02 -9.705766224797732515e-04 9.445117990782907972e-05 9.999995245298842761e-01 2.057054799999999961e+00
9.998233106865981323e-01 1.878889252926735365e-02 -5.700221170276672860e-04 -9.545800000000000118e-03 -1.878824039938779833e-02 9.998228484456868070e-01 1.128604735064803579e-03 -4.134929999999999856e-02 5.911263697987977897e-04 -1.117695610101379069e-03 9.999992006627496099e-01 2.130596399999999946e+00
9.998803335594393937e-01 1.521612814109120360e-02 -2.790699815122259404e-03 -1.001800000000000086e-02 -1.521014473971217182e-02 9.998820013247092797e-01 2.152887338217876912e-03 -4.251280000000000336e-02 2.823129125852597184e-03 -2.110182761740086749e-03 9.999937885160341544e-01 2.204236700000000049e+00
9.999365498080396986e-01 1.039007472303221311e-02 -4.352321822146054502e-03 -1.039679999999999944e-02 -1.037998335595894175e-02 9.999434006682456078e-01 2.334824523279018741e-03 -4.402330000000000132e-02 4.376334484901377685e-03 -2.289499350141170359e-03 9.999878028702159360e-01 2.277963399999999972e+00
9.999400061966557951e-01 9.873978319506962822e-03 -4.742210410527549630e-03 -1.121330000000000070e-02 -9.867321840043121947e-03 9.999503014068462647e-01 1.425017916441405829e-03 -4.538999999999999979e-02 4.756045325353558742e-03 -1.378139507842886463e-03 9.999877403070299708e-01 2.351129300000000200e+00
9.999363842800360613e-01 1.034231515055203041e-02 -4.501545322968403783e-03 -1.189729999999999954e-02 -1.034215578683337494e-02 9.999465167549906885e-01 5.867914480554897911e-05 -4.669009999999999827e-02 4.501911443925318314e-03 -1.211972887787492301e-05 9.999898662718853526e-01 2.424043399999999959e+00
9.999085426741854965e-01 1.297613408950086533e-02 -3.811329332092645503e-03 -1.263859999999999983e-02 -1.296966276659702877e-02 9.999144149202967569e-01 1.717755023626099838e-03 -4.818270000000000192e-02 3.833292958687469117e-03 -1.668166266215553514e-03 9.999912615050198239e-01 2.496124700000000196e+00
9.999091307733734002e-01 1.297377955981895981e-02 -3.662135984645805385e-03 -1.324029999999999999e-02 -1.296722035750925983e-02 9.999142853498481642e-01 1.809184761774515569e-03 -4.951339999999999908e-02 3.685294050223318976e-03 -1.761532638262322016e-03 9.999916577704675014e-01 2.568149599999999921e+00
9.999104572207019315e-01 1.290006645249102378e-02 -3.558908007805345729e-03 -1.356330000000000036e-02 -1.290215406580974382e-02 9.999166045419448645e-01 -5.642532852997222351e-04 -5.021830000000000044e-02 3.551332306165456195e-03 6.101203399150770083e-04 9.999935078749371264e-01 2.603972000000000175e+00
9.999370953629926895e-01 1.045638091535660945e-02 -4.058252724306658094e-03 -1.369139999999999940e-02 -1.045848820486359847e-02 9.999451843156215158e-01 -4.983858611613963766e-04 -5.165829999999999728e-02 4.052818955999062597e-03 5.407976986292271481e-04 9.999916410632436747e-01 2.675822300000000098e+00
9.999787572122704749e-01 5.947683493048818403e-03 -2.666493065717227048e-03 -1.424719999999999979e-02 -5.941846195728639653e-03 9.999799451855342358e-01 2.191732310809309768e-03 -5.303770000000000012e-02 2.679475319779702023e-03 -2.175841860626602509e-03 9.999940430443614581e-01 2.747184299999999801e+00
9.999698106242802531e-01 7.737299018729306734e-03 -7.155724531816525088e-04 -1.486909999999999968e-02 -7.738577049551285773e-03 9.999684351949288397e-01 -1.800843983677601502e-03 -5.414209999999999856e-02 7.016161978888603131e-04 1.806327129885448250e-03 9.999981224567427995e-01 2.817838000000000065e+00
9.999173749617825679e-01 1.273181811045954494e-02 1.773148933395629449e-03 -1.538139999999999993e-02 -1.272480878664557745e-02 9.999113926019785881e-01 -3.909755250027622739e-03 -5.561010000000000258e-02 -1.822770111982102877e-03 3.886869225222964672e-03 9.999907848359128604e-01 2.888433500000000098e+00
9.998743047215086222e-01 1.516464441530684069e-02 4.626912300544034490e-03 -1.593009999999999912e-02 -1.516480172649914589e-02 9.998850077821050952e-01 -1.084241226961872801e-06 -5.706329999999999736e-02 -4.626396683769257862e-03 -6.908210270069143016e-05 9.999892957834035645e-01 2.959714700000000143e+00
9.998776484653960628e-01 1.432259475154970714e-02 6.288988701909260445e-03 -1.576879999999999948e-02 -1.432292931571726470e-02 9.998974215534427445e-01 8.160502184347040759e-06 -5.831990000000000091e-02 -6.288226707652047262e-03 -9.823624437917246937e-05 9.999802240817132759e-01 3.031224499999999988e+00
9.998003156809808223e-01 1.807960127909038345e-02 8.512154944556843406e-03 -1.562170000000000052e-02 -1.807619139289932952e-02 9.998364983490547475e-01 -4.773613178693470946e-04 -5.981029999999999680e-02 -8.519393695463447352e-03 3.233986543558383091e-04 9.999636570117795831e-01 3.103109400000000129e+00
9.997664694440481226e-01 1.926830342946416960e-02 9.784633786362344210e-03 -1.560560000000000072e-02 -1.925223371051982060e-02 9.998131550985632776e-01 -1.733894175436303002e-03 -6.031659999999999799e-02 -9.816214776513825652e-03 1.545113201738655380e-03 9.999506260574344552e-01 3.138797799999999860e+00
9.997269735055489548e-01 2.062735972387705688e-02 1.097681539687176203e-02 -1.547459999999999981e-02 -2.059979180792311307e-02 9.997843723917393399e-01 -2.618644444351442627e-03 -6.098399999999999654e-02 -1.102846421336398444e-02 2.391809373149024649e-03 9.999363240851973922e-01 3.174163800000000091e+00
9.997344606340795581e-01 1.921633509609515719e-02 1.271773117190038750e-02 -1.512819999999999963e-02 -1.919349980618946169e-02 9.998139535121599586e-01 -1.915183430992675566e-03 -6.222699999999999759e-02 -1.275216788926300700e-02 1.670577103615748706e-03 9.999172922728484236e-01 3.246210800000000063e+00
9.997626710158087349e-01 1.691392472935464297e-02 1.373028745458104716e-02 -1.450959999999999923e-02 -1.690726865094688974e-02 9.998568814636523694e-01 -6.007133629396444905e-04 -6.366900000000000337e-02 -1.373848281654159453e-02 3.684291375981003187e-04 9.999055547149791057e-01 3.317297899999999800e+00
9.998231586615912159e-01 1.284076892349404579e-02 1.373921604066353878e-02 -1.400610000000000049e-02 -1.284809317128771632e-02 9.999173608441238592e-01 4.449543618647994192e-04 -6.503169999999999784e-02 -1.373236708730533016e-02 -6.213984033308123274e-04 9.999055135152540297e-01 3.388231799999999794e+00
9.998459364495825286e-01 1.159603037621325522e-02 1.317708028248971465e-02 -1.383359999999999972e-02 -1.159827566876227636e-02 9.999327333217655767e-01 9.398496771176479282e-05 -6.566479999999999539e-02 -1.317510405152978910e-02 -2.468018976796808577e-04 9.999131740916581412e-01 3.423830000000000151e+00
9.998778991119271486e-01 1.011626809400240946e-02 1.190999527158464848e-02 -1.349479999999999950e-02 -1.011711370395789768e-02 9.999488206376939692e-01 1.075109893408633893e-05 -6.634869999999999657e-02 -1.190927696462245992e-02 -1.312445625915815354e-04 9.999290734332333397e-01 3.459579499999999808e+00
9.999035081288095705e-01 8.961982872026994298e-03 1.061401407107614298e-02 -1.299490000000000020e-02 -8.973981877631183671e-03 9.999591461125038050e-01 1.083399839474638105e-03 -6.708970000000000211e-02 -1.060387103653447072e-02 -1.178545270119639573e-03 9.999430828552626771e-01 3.495404999999999873e+00
9.999321209562667123e-01 6.771446917054856941e-03 9.481613077499182266e-03 -1.286449999999999920e-02 -6.785919581690649273e-03 9.999758577634987322e-01 1.495053706663408222e-03 -6.787319999999999465e-02 -9.471260493341035133e-03 -1.559293687696085848e-03 9.999539308527481962e-01 3.531202099999999788e+00
9.999504893997119837e-01 6.595692873826208662e-03 7.450878122119353880e-03 -1.271380000000000079e-02 -6.600142906227395891e-03 9.999780547556004207e-01 5.728183156483679069e-04 -6.887749999999999428e-02 -7.446936477095452908e-03 -6.219668154525752031e-04 9.999720777573674058e-01 3.602231999999999879e+00
9.999754135897346297e-01 4.420047309263443712e-03 5.443840356134272383e-03 -1.248920000000000065e-02 -4.407893215219493670e-03 9.999877705130513217e-01 -2.242610474479976492e-03 -7.017420000000000602e-02 -5.453686225153137578e-03 2.218559469768243125e-03 9.999826675000106357e-01 3.673829800000000034e+00
9.999584082796265649e-01 -8.660940661541664115e-03 2.858289301810484125e-03 -1.170969999999999997e-02 8.661678962012316074e-03 9.999624566902153289e-01 -2.460236334850333093e-04 -7.154080000000000161e-02 -2.856051196078821224e-03 2.707709852517008469e-04 9.999958848188521543e-01 3.745733500000000049e+00
9.998261482351059604e-01 -1.864217697240440688e-02 3.775487801369921815e-04 -1.149419999999999956e-02 1.864297896581055755e-02 9.998236828163670209e-01 -2.245576718110669449e-03 -7.284930000000000572e-02 -3.356197732152642224e-04 2.252224954601682576e-03 9.999974074177000460e-01 3.816946300000000125e+00
9.998943352762785786e-01 -1.444424945426452979e-02 1.637663003167514350e-03 -1.176319999999999970e-02 1.445560140739626971e-02 9.998699773564033721e-01 -7.145905768756245433e-03 -7.458120000000000027e-02 -1.534232824393938705e-03 7.168824102210879373e-03 9.999731266842285526e-01 3.888284200000000190e+00
9.998365839654624887e-01 -1.776123549101064555e-02 3.368067414314951467e-03 -1.192780000000000055e-02 1.777325582014889147e-02 9.998356582761410705e-01 -3.573208231700724172e-03 -7.628970000000000196e-02 -3.304049307448356145e-03 3.632485835955050375e-03 9.999879440797401209e-01 3.959880599999999973e+00
9.996486504751479485e-01 -2.621450335767825865e-02 3.921149949431330071e-03 -1.167649999999999938e-02 2.621369340271169010e-02 9.996563288483085730e-01 2.578210834358400888e-04 -7.767739999999999367e-02 -3.926561014969663817e-03 -1.549426755602266914e-04 9.999922790258748417e-01 4.031505600000000022e+00
9.996522729069192703e-01 -2.586074073352858174e-02 5.153189375851956189e-03 -1.168720000000000002e-02 2.585796226633180553e-02 9.996654438665624198e-01 6.050838798222389018e-04 -7.879980000000000318e-02 -5.167113262077620978e-03 -4.716224993315965160e-04 9.999865391657805080e-01 4.103407899999999664e+00
9.998145963111472190e-01 -1.804229514485431243e-02 6.726707150133091895e-03 -1.147669999999999940e-02 1.805880370308956054e-02 9.998340422678646533e-01 -2.401568469776657437e-03 -8.021970000000000489e-02 -6.682260993927430573e-03 2.522599494115750421e-03 9.999744916145617557e-01 4.175762699999999938e+00
9.998776726174893881e-01 -1.337717580240624718e-02 8.104996519693766915e-03 -1.151360000000000057e-02 1.339319310810063376e-02 9.999084538390281551e-01 -1.925180410559879573e-03 -8.158849999999999436e-02 -8.078501061574289155e-03 2.033496691808137340e-03 9.999653007538824578e-01 4.247837099999999921e+00
9.999256836376074764e-01 -9.883158166906467340e-03 7.137953944308326679e-03 -1.122790000000000073e-02 9.915223383741383206e-03 9.999408480226754659e-01 -4.470883687048673311e-03 -8.321380000000000443e-02 -7.093345269593525487e-03 4.541325835097047639e-03 9.999645297772045138e-01 4.320351600000000403e+00
9.999790857603063632e-01 -3.281077228942775410e-04 6.459132085960905302e-03 -1.158799999999999934e-02 3.870811145864967067e-04 9.999582356923787385e-01 -9.131102846630453559e-03 -8.459560000000000690e-02 -6.455866339418979243e-03 9.133412084603947587e-03 9.999374493304570288e-01 4.393255199999999583e+00
9.999687769369081103e-01 4.208949510876049821e-03 6.688041216894842836e-03 -1.160549999999999950e-02 -4.158125145080125359e-03 9.999625114480653609e-01 -7.595109858029214581e-03 -8.560979999999999979e-02 -6.719757925836344903e-03 7.567063003079625705e-03 9.999487908942764625e-01 4.429495300000000135e+00
9.999474802652293937e-01 7.241207113955551965e-03 7.252698170448994459e-03 -1.171849999999999975e-02 -7.198540742179004685e-03 9.999567331709804385e-01 -5.891756716290019215e-03 -8.637169999999999570e-02 -7.295047799845018159e-03 5.839238439519241382e-03 9.999563418330045250e-01 4.466233299999999851e+00
9.999406995686977995e-01 7.861999908484842634e-03 7.535668749492930966e-03 -1.175269999999999961e-02 -7.837748404866192939e-03 9.999640277020004353e-01 -3.242375970620863662e-03 -8.731840000000000435e-02 -7.560889233755343532e-03 3.183121020606424247e-03 9.999663497811128732e-01 4.502582600000000213e+00
9.999633659856428380e-01 5.185291628507131614e-03 6.810245031606936179e-03 -1.166230000000000044e-02 -5.168205999066970147e-03 9.999834593485410483e-01 -2.524019824781059164e-03 -8.803099999999999814e-02 -6.823220164585141155e-03 2.488730610575093719e-03 9.999736245954358171e-01 4.538992399999999705e+00
9.999838100463104285e-01 2.853543213259505159e-03 4.923102314061351091e-03 -1.140479999999999966e-02 -2.840829112669346953e-03 9.999926169776037765e-01 -2.587601251368483457e-03 -8.869580000000000519e-02 -4.930449798676171148e-03 2.573573665845620834e-03 9.999845335720793926e-01 4.575755599999999923e+00
9.999935299835381874e-01 2.405428569483817561e-03 2.674678384350593664e-03 -1.135470000000000056e-02 -2.387737360912775813e-03 9.999753824633563770e-01 -6.597967684030649552e-03 -8.954850000000000310e-02 -2.690483480325155108e-03 6.591538565564379268e-03 9.999746561378347609e-01 4.612831599999999810e+00
9.999610493136728007e-01 8.805986400225999933e-03 5.953646089480637681e-04 -1.182350000000000068e-02 -8.798334779612788925e-03 9.998914144964324846e-01 -1.182152788049317844e-02 -9.111339999999999717e-02 -6.994001747277103602e-04 1.181582920672333802e-02 9.999299460559990527e-01 4.686197299999999899e+00
9.998984981918243031e-01 1.421974451910278797e-02 8.900446875510665276e-04 -1.261699999999999974e-02 -1.421252703620746669e-02 9.998697409972882033e-01 -7.648863527402680225e-03 -9.291489999999999472e-02 -9.986936364388466526e-04 7.635437369738907153e-03 9.999703509140625002e-01 4.761023500000000297e+00
9.998881589662358405e-01 1.489606598307628531e-02 1.332958116139011358e-03 -1.303849999999999974e-02 -1.488982453405861793e-02 9.998786700452808596e-01 -4.575840231626489112e-03 -9.478309999999999513e-02 -1.400958406409460880e-03 4.555480952464084805e-03 9.999886423899200238e-01 4.835376300000000072e+00
9.999480918012052522e-01 1.011146729000726718e-02 1.253767271645742391e-03 -1.297429999999999937e-02 -1.010744430990343293e-02 9.999438792518734465e-01 -3.174573394457452357e-03 -9.647300000000000320e-02 -1.285796504326265069e-03 3.161736225194865853e-03 9.999941750587308942e-01 4.910704100000000238e+00
9.999889361490701400e-01 4.409417841394828487e-03 1.638479096885896635e-03 -1.278520000000000004e-02 -4.405752401945421150e-03 9.999877991887423656e-01 -2.234014196052230318e-03 -9.795929999999999915e-02 -1.648309808165687946e-03 2.226770746035547886e-03 9.999961622760463742e-01 4.985400699999999574e+00
9.999911936148974112e-01 -3.495444855175134161e-03 2.322618762781177449e-03 -1.238110000000000079e-02 3.496539351630830253e-03 9.999937778833856150e-01 -4.673404290627497472e-04 -9.944669999999999899e-02 -2.320970748478001690e-03 4.754574413858578610e-04 9.999971935135648637e-01 5.060863999999999585e+00
9.999777519670517423e-01 6.011096174460352042e-03 2.891763078633332804e-03 -1.267970000000000035e-02 -5.981483184036109381e-03 9.999306746421496861e-01 -1.014237490012266651e-02 -1.009512000000000048e-01 -2.952529397085157901e-03 1.012485222000465354e-02 9.999443834222393468e-01 5.136212300000000397e+00
9.997286156665926571e-01 2.262228695862663480e-02 5.561218402441015993e-03 -1.383649999999999984e-02 -2.258641557518586279e-02 9.997242124998398927e-01 -6.430612182356017052e-03 -1.027155000000000012e-01 -5.705159842028861145e-03 6.303259025013603460e-03 9.999638593853481527e-01 5.213019799999999648e+00
9.997426595509862901e-01 2.185905692132628086e-02 6.065995749326609683e-03 -1.381259999999999953e-02 -2.183726064465149608e-02 9.997549250548205535e-01 -3.636464789822432125e-03 -1.042904000000000053e-01 -6.143998816584012555e-03 3.503064250093203269e-03 9.999749895969406444e-01 5.289269899999999858e+00
9.998236479559476919e-01 1.823812387930447143e-02 4.477033105123697995e-03 -1.341370000000000062e-02 -1.822221381247674660e-02 9.998275912029408463e-01 -3.569144589031817902e-03 -1.051385999999999987e-01 -4.541355726389561739e-03 3.486933708600922950e-03 9.999836085563993393e-01 5.327818399999999954e+00
9.998614651520716379e-01 1.624722881224184221e-02 3.616360031204760017e-03 -1.346550000000000004e-02 -1.623116935683822579e-02 9.998584667502796730e-01 -4.426692793662332336e-03 -1.058474999999999971e-01 -3.687769686717519250e-03 4.367381790327550840e-03 9.999836630320693143e-01 5.366235699999999831e+00
9.998551439483553960e-01 1.674857718607092663e-02 3.029237900159798425e-03 -1.351590000000000083e-02 -1.673411761393899314e-02 9.998487521853263171e-01 -4.737305260245388422e-03 -1.067436999999999969e-01 -3.108122857352472058e-03 4.685927409608077812e-03 9.999841907033408805e-01 5.404632600000000231e+00
9.998326952451912497e-01 1.806299342170353608e-02 2.882670183038812776e-03 -1.365710000000000014e-02 -1.804899309659484599e-02 9.998255288275131880e-01 -4.811003323915838924e-03 -1.074789000000000022e-01 -2.969068361583770792e-03 4.758169125950918558e-03 9.999842721061332762e-01 5.443316900000000125e+00
9.998114045014998563e-01 1.918530671928618536e-02 3.013210053274715042e-03 -1.388939999999999966e-02 -1.917442556701726142e-02 9.998096745561044774e-01 -3.599453874045630865e-03 -1.084051999999999932e-01 -3.081693189329263137e-03 3.540998461363622715e-03 9.999889821877956386e-01 5.481881099999999840e+00
9.998305371389564211e-01 1.825110337747833447e-02 2.407120672186434558e-03 -1.387560000000000009e-02 -1.824087231203199225e-02 9.998247750377946552e-01 -4.205924145694381680e-03 -1.091677999999999954e-01 -2.483461640938527254e-03 4.161303416934315075e-03 9.999882579171368580e-01 5.520631299999999797e+00
9.998465411906902744e-01 1.741788044207199723e-02 1.873902323708766162e-03 -1.391919999999999963e-02 -1.740827403316147146e-02 9.998358317395454886e-01 -5.026088427153936958e-03 -1.100113000000000063e-01 -1.961138495739470165e-03 4.992695724445920039e-03 9.999856133591140672e-01 5.559387199999999751e+00
9.998607013760021367e-01 1.661161374298229104e-02 1.622384893606040445e-03 -1.395599999999999966e-02 -1.660271136402521192e-02 9.998478273463949906e-01 -5.354635940599445504e-03 -1.108591000000000021e-01 -1.711087154971140546e-03 5.326954059071015504e-03 9.999843477481037413e-01 5.598218000000000139e+00
9.998551053485962292e-01 1.697140284606681385e-02 1.319012427535021540e-03 -1.412640000000000076e-02 -1.696404602750687871e-02 9.998415084808535136e-01 -5.401764629075466936e-03 -1.116699000000000025e-01 -1.410478898851282850e-03 5.378606154741014458e-03 9.999845404530552928e-01 5.637158399999999681e+00
9.998484769703314123e-01 1.735835682244454142e-02 1.307879403219288543e-03 -1.447629999999999924e-02 -1.735058700575182328e-02 9.998330209993498974e-01 -5.734740610456883284e-03 -1.124858999999999998e-01 -1.407206688624042376e-03 5.711179189806635942e-03 9.999827009511701448e-01 5.676015399999999822e+00
9.998521220652692998e-01 1.716844127099245026e-02 9.892552260862116833e-04 -1.475480000000000021e-02 -1.716255145133228216e-02 9.998365625142903168e-01 -5.682876673656154197e-03 -1.134320000000000050e-01 -1.086659679121293508e-03 5.665058157874119753e-03 9.999833630050101174e-01 5.715160799999999597e+00
9.998507016807354209e-01 1.727530033950900115e-02 3.719498900155211339e-04 -1.515700000000000033e-02 -1.727286680652177428e-02 9.998341476497181191e-01 -5.772803984700002923e-03 -1.153138999999999970e-01 -4.716151238888818906e-04 5.765517473858704396e-03 9.999832680537377172e-01 5.793851899999999944e+00
9.998438401416752663e-01 1.767139184881149835e-02 -1.313045083161108306e-04 -1.530349999999999940e-02 -1.767186405073773933e-02 9.998252332564893097e-01 -6.099849553812332001e-03 -1.159390000000000004e-01 2.348872897056844799e-05 6.101217397590417979e-03 9.999813871240539331e-01 5.833697800000000377e+00
9.998538796557604469e-01 1.709381401218812782e-02 -1.444293630561293044e-04 -1.554220000000000081e-02 -1.709437744638928405e-02 9.998352117456421606e-01 -6.109960169047496704e-03 -1.168870000000000048e-01 3.996304004193782042e-05 6.111536309610727559e-03 9.999813235890416818e-01 5.873295800000000177e+00
9.998776573330656614e-01 1.563854110449736448e-02 -3.261874667585210204e-04 -1.551989999999999967e-02 -1.564033579376877467e-02 9.998564308717072802e-01 -6.519013786533089244e-03 -1.177122000000000029e-01 2.241927712467757375e-04 6.523317914512485535e-03 9.999786978036020457e-01 5.912934800000000379e+00
9.998919043908290893e-01 1.470190982387335928e-02 -1.827052593631282168e-04 -1.578279999999999961e-02 -1.470275667507935265e-02 9.998729200793979865e-01 -6.162194256202449191e-03 -1.187367000000000006e-01 9.208601692139599176e-05 6.164214421032168656e-03 9.999809968098078983e-01 5.952491799999999778e+00
9.999071332408100421e-01 1.362799197153238655e-02 -5.223953207420273676e-05 -1.611539999999999848e-02 -1.362807585272717524e-02 9.998926772988881995e-01 -5.376749260806599519e-03 -1.205206000000000055e-01 -2.104037017269931885e-05 5.376961863833390649e-03 9.999855438147181586e-01 6.031961899999999765e+00
9.998962716120451955e-01 1.440146990071996917e-02 2.090000713946173346e-04 -1.662380000000000108e-02 -1.440007086638481724e-02 9.998805689050771495e-01 -5.611228484233677684e-03 -1.213743999999999934e-01 -2.897850484090055685e-04 5.607636824709399774e-03 9.999842350926677614e-01 6.071646699999999619e+00
9.998671293907801516e-01 1.625829246563599562e-02 1.179614319488763623e-03 -1.723119999999999860e-02 -1.625170861670340028e-02 9.998533969363384566e-01 -5.391345092136526351e-03 -1.232869999999999938e-01 -1.267095449706714559e-03 5.371457992629197209e-03 9.999847708381136568e-01 6.151256100000000338e+00
9.998616821728361082e-01 1.657303464065377346e-02 1.396798233827262767e-03 -1.699389999999999928e-02 -1.656857843110971090e-02 9.998577896408049615e-01 -3.143676728900286679e-03 -1.241973999999999995e-01 -1.448699857975789063e-03 3.120098941276237044e-03 9.999940831081541859e-01 6.190998600000000351e+00
9.998552292318992896e-01 1.690073817661115821e-02 1.971199307958665815e-03 -1.712270000000000111e-02 -1.689480128227718522e-02 9.998528002951535543e-01 -2.990557067177438983e-03 -1.249339000000000005e-01 -2.021451769996921322e-03 2.956821101338050466e-03 9.999935854502848276e-01 6.231114400000000053e+00
9.998581361511793553e-01 1.666881449079486016e-02 2.420370996630880067e-03 -1.714119999999999880e-02 -1.665792083709854293e-02 9.998513298143739680e-01 -4.453306840195346214e-03 -1.258991999999999889e-01 -2.494242505215331189e-03 4.412356728488730367e-03 9.999871548487139217e-01 6.270816299999999899e+00
9.998506825672317522e-01 1.697890312246813985e-02 3.213941287360101533e-03 -1.738419999999999896e-02 -1.696008931653286353e-02 9.998393839265902194e-01 -5.793247765424156849e-03 -1.267643999999999993e-01 -3.311788069303948402e-03 5.737874001248714252e-03 9.999780541900555875e-01 6.310738100000000017e+00
9.998391034820097723e-01 1.764189710266890823e-02 3.245090893926509592e-03 -1.733809999999999865e-02 -1.762496630870743694e-02 9.998312809652050159e-01 -5.173989379016789673e-03 -1.276619999999999977e-01 -3.335822373557980561e-03 5.115962284467439995e-03 9.999813494355762611e-01 6.350544900000000048e+00
9.998414306976480814e-01 1.754262582185551686e-02 3.061003063474940222e-03 -1.733399999999999871e-02 -1.752909942102450283e-02 9.998367107172345669e-01 -4.391192961933240019e-03 -1.284420000000000006e-01 -3.137536289522922794e-03 4.336840026501061554e-03 9.999856737396873863e-01 6.390817600000000098e+00
9.998346959257229383e-01 1.797604174274052696e-02 2.728139728929992406e-03 -1.725319999999999979e-02 -1.796560836111656817e-02 9.998313771802915806e-01 -3.801857700717138026e-03 -1.293712999999999946e-01 -2.796022055044392659e-03 3.752216548225028366e-03 9.999890515058866836e-01 6.430698900000000329e+00
9.998288497728344826e-01 1.831043699631865890e-02 2.645573460418849769e-03 -1.744849999999999873e-02 -1.830033264161460421e-02 9.998253350586095989e-01 -3.794364261004547559e-03 -1.302310999999999885e-01 -2.714587839227649256e-03 3.745299980345835437e-03 9.999893018132345324e-01 6.470549100000000387e+00
9.997968211613487144e-01 1.991378122074051113e-02 3.123733848205996391e-03 -1.770290000000000058e-02 -1.990212872054746354e-02 9.997950196103913001e-01 -3.718068671772143275e-03 -1.309661000000000020e-01 -3.197134350118117137e-03 3.655144285761660356e-03 9.999882090565855863e-01 6.510655400000000093e+00
9.997777459752495988e-01 2.082294734814612441e-02 3.295984888541080623e-03 -1.780709999999999932e-02 -2.080985963382988441e-02 9.997756227176983757e-01 -3.956508746201358590e-03 -1.316798000000000135e-01 -3.377631517713912835e-03 3.887040413322790950e-03 9.999867411731796496e-01 6.550525699999999674e+00
9.997717674644094332e-01 2.112981548625254488e-02 3.153391603924266678e-03 -1.777950000000000016e-02 -2.111851040984219843e-02 9.997705829888207107e-01 -3.576298122765105697e-03 -1.325620999999999883e-01 -3.228234681705274660e-03 3.508886961762735547e-03 9.999886330419607283e-01 6.590619600000000133e+00
9.998041476696667429e-01 1.953780060764301676e-02 3.152879627767231786e-03 -1.778160000000000157e-02 -1.952783912300735600e-02 9.998043200036508260e-01 -3.159936901794184808e-03 -1.334532999999999969e-01 -3.214000889413169259e-03 3.097749094643016850e-03 9.999900370247843950e-01 6.630716299999999563e+00
9.998423469501371841e-01 1.749248150650399222e-02 3.048661343287004111e-03 -1.780170000000000016e-02 -1.748531615211751031e-02 9.998443317658955998e-01 -2.361345944609748865e-03 -1.342791000000000123e-01 -3.089492563825856769e-03 2.307666863791687367e-03 9.999925648270309164e-01 6.671095799999999798e+00
9.998789339228927320e-01 1.527032266938696710e-02 2.989104011628351733e-03 -1.763259999999999827e-02 -1.526433910590179084e-02 9.998814638974810043e-01 -2.014474097756208549e-03 -1.348608000000000029e-01 -3.019511364370648567e-03 1.968603516023452026e-03 9.999935035545566286e-01 6.711204500000000017e+00
9.999020979042630985e-01 1.382313332946476757e-02 2.171541298081980896e-03 -1.727220000000000144e-02 -1.381736495880341205e-02 9.999010260115557269e-01 -2.649265300665321239e-03 -1.357695999999999903e-01 -2.207947519454859370e-03 2.619000953401510318e-03 9.999941328836671195e-01 6.751171600000000161e+00
9.999182735754496010e-01 1.259496716306871510e-02 2.193848685221916079e-03 -1.740480000000000152e-02 -1.258768467218897465e-02 9.999153190146523595e-01 -3.302271100271392604e-03 -1.366024999999999878e-01 -2.235254904025016625e-03 3.274385741993401065e-03 9.999921409858812948e-01 6.791366599999999920e+00
9.999341528995334683e-01 1.122652946389040424e-02 2.378003635189006922e-03 -1.718899999999999942e-02 -1.122229315151168638e-02 9.999354306336476483e-01 -1.787372351587692516e-03 -1.372214999999999963e-01 -2.397916077369141846e-03 1.760568004391434597e-03 9.999955751896044687e-01 6.831862000000000101e+00
9.999558399840187128e-01 8.964705180828411168e-03 2.819954410347690673e-03 -1.728299999999999975e-02 -8.964696156829134177e-03 9.999598161785800965e-01 -1.584033153066164158e-05 -1.380685000000000107e-01 -2.819983097705391819e-03 -9.440402443509209881e-06 9.999960237951985853e-01 6.871929599999999638e+00
