1.000000000000000000e+00 0.000000000000000000e+00 0.000000000000000000e+00 0.000000000000000000e+00 0.000000000000000000e+00 1.000000000000000000e+00 0.000000000000000000e+00 0.000000000000000000e+00 0.000000000000000000e+00 0.000000000000000000e+00 1.000000000000000000e+00 0.000000000000000000e+00
9.999989723235308547e-01 -1.360246517587776526e-03 -4.528590217884555973e-04 1.640000000000000019e-04 1.359752365752983335e-03 9.999984818038359924e-01 -1.089708000758302705e-03 -5.098999999999999800e-04 4.543406057728448808e-04 1.089091104764802666e-03 9.999993037273473551e-01 3.562869999999999926e-02
9.999983074647547099e-01 -1.725674596022125926e-03 -6.380554949787256526e-04 1.657999999999999914e-04 1.725123567159917186e-03 9.999981394581001215e-01 -8.631506335909460131e-04 -1.237400000000000045e-03 6.395438249706711072e-04 8.620484481065330239e-04 9.999994239279186292e-01 7.075710000000000333e-02
9.999969491765731133e-01 -2.384407238146903085e-03 -6.451663886768630157e-04 9.320000000000000214e-05 2.384389301585568798e-03 9.999971569316885578e-01 -2.856918732539183201e-05 -1.769600000000000079e-03 6.452326750017944000e-04 2.703077233094214102e-05 9.999997914720445413e-01 1.061163999999999996e-01
9.999919162630069858e-01 -3.967263134416988343e-03 -6.543942706695730005e-04 1.273000000000000043e-04 3.967919448754715986e-03 9.999916230579147802e-01 1.004703560951425304e-03 -2.347899999999999987e-03 6.504028654482867230e-04 -1.007292022945825921e-03 9.999992811691882366e-01 1.413506999999999958e-01
9.999945594378317759e-01 -3.241329343298721740e-03 -6.122734887252656447e-04 -1.138000000000000014e-04 3.242260264069104104e-03 9.999935801119766987e-01 1.525609128080474648e-03 -2.927700000000000094e-03 6.073245563647768552e-04 -1.527585977912405924e-03 9.999986488180687694e-01 1.766137999999999875e-01
9.999968831004029113e-01 -2.346830944874552568e-03 -8.521584331497133579e-04 -3.327000000000000096e-04 2.346365145529939657e-03 9.999970975670958717e-01 -5.472001352037360843e-04 -3.445600000000000052e-03 8.534401460273731508e-04 5.451989547898433187e-04 9.999994871988769907e-01 2.121811999999999865e-01
9.999996167418337967e-01 2.744711334010063687e-04 -8.313734313759352408e-04 -6.246999999999999515e-04 -2.767282955196002838e-04 9.999962731512344050e-01 -2.716082674042577267e-03 -4.069999999999999833e-03 8.306248466829334754e-04 2.716311697634316968e-03 9.999959658484255387e-01 2.475947000000000009e-01
9.999928437076190946e-01 3.708471015550153255e-03 -7.481819806528213152e-04 -8.143000000000000065e-04 -3.711103546892063638e-03 9.999868181536529788e-01 -3.548412236106109844e-03 -4.741800000000000008e-03 7.350129343040896638e-04 3.551163423432781869e-03 9.999934244755445123e-01 2.834323999999999733e-01
9.999811324688810954e-01 6.112077776449275149e-03 -6.141754705445819302e-04 -1.135099999999999998e-03 -6.114244470720526375e-03 9.999748631623736062e-01 -3.590133415947774180e-03 -5.465600000000000146e-03 5.922168574494023974e-04 3.593820897968657072e-03 9.999933668432741118e-01 3.191763000000000239e-01
9.999755592320245245e-01 6.977374304445976838e-03 -4.440567706764366406e-04 -1.289999999999999914e-03 -6.978528263667484882e-03 9.999721318994806429e-01 -2.652464454237269103e-03 -6.160500000000000177e-03 4.255371583312636563e-04 2.655498488693818545e-03 9.999963836164126318e-01 3.547661999999999760e-01
9.999901636529548998e-01 4.435186451877321835e-03 4.145447656433238272e-05 -1.498299999999999936e-03 -4.435191181636747963e-03 9.999901579121556194e-01 1.147083454258450322e-04 -6.819399999999999767e-03 -4.094531566618252611e-05 -1.148910756436479429e-04 9.999999925617609753e-01 3.904966000000000270e-01
9.999999003705272171e-01 4.385244782645424761e-04 8.339794633613265408e-05 -1.449200000000000097e-03 -4.386751066535180725e-04 9.999982570656275049e-01 1.814780939356800023e-03 -7.398799999999999648e-03 -8.260197511438952054e-05 -1.814817343154135568e-03 9.999983498061006948e-01 4.262225000000000041e-01
9.999984186592699720e-01 -1.778191805421612147e-03 2.669948404237299292e-05 -1.624299999999999963e-03 1.778206524580588010e-03 9.999982611928809328e-01 -5.617764417741852095e-04 -8.009900000000000353e-03 -2.570049135187830064e-05 5.618230306109437159e-04 9.999998418471709449e-01 4.618906999999999874e-01
9.999954972380598051e-01 -2.999332978036097375e-03 -9.749508888563989740e-05 -1.790700000000000104e-03 2.999054878495087135e-03 9.999917562671372107e-01 -2.737346818043349082e-03 -8.525200000000000139e-03 1.057044997458512716e-04 2.737042099300327803e-03 9.999962487065165995e-01 4.977424999999999766e-01
9.999996778844396639e-01 -7.218622928270116432e-04 3.509214259517607032e-04 -1.821399999999999929e-03 7.233343849087388441e-04 9.999908633974892158e-01 -4.213064076363483984e-03 -9.261000000000000135e-03 -3.478769676281884596e-04 4.213316552803780118e-03 9.999910634326895087e-01 5.340390999999999888e-01
9.999975840178210174e-01 1.812494386939802029e-03 1.243713238003494974e-03 -2.192299999999999891e-03 -1.809901297096979658e-03 9.999961928320082460e-01 -2.082925534864757313e-03 -9.947700000000000292e-03 -1.247483793818620398e-03 2.080669504351105852e-03 9.999970572949692382e-01 5.701646000000000214e-01
9.999954926769080155e-01 2.334336196427735845e-03 1.888253264243583505e-03 -2.406900000000000012e-03 -2.337656662813381459e-03 9.999957220480415465e-01 1.758194227839328383e-03 -1.062120000000000078e-02 -1.884140969960438217e-03 -1.762600390914123138e-03 9.999966716207945305e-01 6.068367999999999540e-01
9.999966156872673873e-01 3.963177383441099529e-04 2.571292721958632829e-03 -2.622799999999999784e-03 -4.052803929202306358e-04 9.999938414894766758e-01 3.486076723563721370e-03 -1.105130000000000001e-02 -2.569895292582569275e-03 -3.487107020114546888e-03 9.999906178173950666e-01 6.430306000000000077e-01
9.999897564295567864e-01 -3.917031575300235040e-03 2.268016665229534955e-03 -2.668100000000000072e-03 3.913345871867123134e-03 9.999910188643819087e-01 1.627241427278790882e-03 -1.153500000000000011e-02 -2.274370251915567784e-03 -1.618349224862400447e-03 9.999961040852827221e-01 6.794428000000000134e-01
9.999888042548169542e-01 -4.326209744206668643e-03 1.917100485287898332e-03 -2.394900000000000154e-03 4.327366121215069257e-03 9.999904572333404573e-01 -5.994536744011661053e-04 -1.216360000000000011e-02 -1.914488828517909224e-03 6.077429587615781415e-04 9.999979826884760614e-01 7.162152999999999992e-01
9.999947105003160752e-01 -1.597573678273501952e-03 2.833148377953178046e-03 -2.398700000000000138e-03 1.608016549727910418e-03 9.999919082044517182e-01 -3.687520629788761627e-03 -1.358189999999999918e-02 -2.827234366799504482e-03 3.692056874129139715e-03 9.999891876724834594e-01 7.896908000000000261e-01
9.999938229557724378e-01 3.077106082502592890e-04 3.501337527399723485e-03 -2.926100000000000055e-03 -2.878860568958786347e-04 9.999839344629929405e-01 -5.661089782978645686e-03 -1.495310000000000042e-02 -3.503023253912582440e-03 5.660046827922054873e-03 9.999778461035966348e-01 8.637825000000000086e-01
9.999943676058868913e-01 1.670526284259055833e-03 2.911030476651445525e-03 -2.879899999999999908e-03 -1.662265630114461920e-03 9.999945918090811237e-01 -2.837820565920480629e-03 -1.651580000000000062e-02 -2.915755387088237675e-03 2.832965676287077777e-03 9.999917363038555163e-01 9.382232000000000349e-01
9.999722693737321810e-01 6.686267780693954874e-03 3.279375963966436793e-03 -3.136599999999999805e-03 -6.676423923280593378e-03 9.999732016224348596e-01 -3.003564644531424993e-03 -1.795249999999999971e-02 -3.299370719521138671e-03 2.981586849663538791e-03 9.999901120974712398e-01 1.012235299999999949e+00
9.999546025908058189e-01 8.994326021328031759e-03 3.145609143784458030e-03 -3.271899999999999895e-03 -8.987057753508295374e-03 9.999569308542480828e-01 -2.317159788931169584e-03 -1.881559999999999830e-02 -3.166314955670924275e-03 2.288784824834909012e-03 9.999923679276891963e-01 1.049196599999999924e+00
9.999467758991298361e-01 9.996560710137498973e-03 2.552281901334117146e-03 -3.315900000000000097e-03 -9.990359990155753267e-03 9.999471406108558780e-01 -2.430780006575995397e-03 -1.956520000000000134e-02 -2.576446429180614690e-03 2.405152415505045112e-03 9.999937885635369339e-01 1.086713199999999935e+00
9.999595216237789908e-01 8.734911858703378953e-03 2.157875984352630727e-03 -3.462699999999999979e-03 -8.729297534780558823e-03 9.999585249483932126e-01 -2.597642697311609329e-03 -2.020250000000000171e-02 -2.180476666336240293e-03 2.578700807442648076e-03 9.999942978955695949e-01 1.124387699999999990e+00
9.999613259352776451e-01 8.630782143071081061e-03 1.690039455267704997e-03 -3.703000000000000128e-03 -8.625832344599069709e-03 9.999585494528767660e-01 -2.914514103860570311e-03 -2.103850000000000164e-02 -1.715123938490952741e-03 2.899823390756586100e-03 9.999943246709843692e-01 1.161591800000000063e+00
9.999590481491628102e-01 9.043795317225230765e-03 -3.343514324943897865e-04 -4.144100000000000388e-03 -9.044411665683248572e-03 9.999573117683120405e-01 -1.890306512820994237e-03 -2.244459999999999858e-02 3.172416144342033936e-04 1.893253113267134727e-03 9.999981574735060663e-01 1.237276100000000101e+00
9.999609325878364707e-01 8.740226441478706268e-03 -1.319749906650696629e-03 -4.412100000000000397e-03 -8.742795344792485615e-03 9.999598729781234985e-01 -1.953449035466388838e-03 -2.321760000000000143e-02 1.302623362105456446e-03 1.964911022607936097e-03 9.999972211446638282e-01 1.275021100000000018e+00
9.999524593289204066e-01 9.096942692438188607e-03 -3.510657444728042514e-03 -5.005500000000000400e-03 -9.099640430898338697e-03 9.999583137209981931e-01 -7.532358768279944286e-04 -2.469259999999999858e-02 3.503658954876929469e-03 7.851457879120102724e-04 9.999935539392339479e-01 1.350883400000000067e+00
9.999685008649946694e-01 6.296291907985864314e-03 -4.832596199221808088e-03 -5.462400000000000068e-03 -6.294808959466062850e-03 9.999801356466668789e-01 3.220127910024851844e-04 -2.606440000000000146e-02 4.834527689353647871e-03 -2.915823780257648535e-04 9.999882710920852125e-01 1.427226300000000059e+00
9.999800234709449454e-01 3.861273621184028396e-03 -5.004320640287832772e-03 -5.815500000000000357e-03 -3.862687695052354712e-03 9.999925025466819273e-01 -2.729362469468294577e-04 -2.683139999999999831e-02 5.003229239096842682e-03 2.922609223872984553e-04 9.999874410615037235e-01 1.465258100000000008e+00
9.999881228790197252e-01 1.442908040926265539e-03 -4.655332134213806608e-03 -6.352700000000000187e-03 -1.438683186291420286e-03 9.999985503602194514e-01 9.107514200855203060e-04 -2.848059999999999828e-02 4.656639516206479215e-03 -9.040430549126255442e-04 9.999887491439946041e-01 1.541324899999999998e+00
9.999915122200901951e-01 -1.641340600139244753e-03 -3.779085711052643584e-03 -6.870799999999999824e-03 1.645452037626178371e-03 9.999980575284833639e-01 1.085093015370903850e-03 -2.967039999999999955e-02 3.777297363065234767e-03 -1.091302109623823197e-03 9.999922705122957778e-01 1.617172000000000054e+00
9.999891328589748385e-01 -3.122486979003265880e-03 -3.461825966356078896e-03 -7.027600000000000166e-03 3.123895687297626161e-03 9.999950399867518769e-01 4.015938610642917021e-04 -3.051059999999999883e-02 3.460554824051402436e-03 -4.124038800936434589e-04 9.999939272232353238e-01 1.655183000000000071e+00
9.999928890408018578e-01 -2.442341972678850441e-03 -2.873470640014566882e-03 -7.331599999999999749e-03 2.442049440186585922e-03 9.999970126478346932e-01 -1.053087741352282943e-04 -3.130469999999999781e-02 2.873719255984990423e-03 9.829086792099204324e-05 9.999958660297266766e-01 1.693197800000000086e+00
9.999973195776954427e-01 -6.357701316012787226e-04 -2.226349874606721978e-03 -7.559299999999999700e-03 6.354290471028870924e-04 9.999997862711884622e-01 -1.539074509788236503e-04 -3.208949999999999997e-02 2.226447248531972234e-03 1.524923510625202300e-04 9.999975098362656745e-01 1.731363699999999950e+00
9.999800987693405752e-01 6.259250996449495889e-03 -7.898368332530194581e-04 -8.343800000000000175e-03 -6.257479072586404588e-03 9.999779435712125020e-01 2.226280922292514682e-03 -3.350090000000000012e-02 8.037542633543891344e-04 -2.221294229107529349e-03 9.999972099116235524e-01 1.806830500000000006e+00
9.999460965554956005e-01 1.038016279572538149e-02 -2.370733258299856849e-04 -8.601100000000000412e-03 -1.037954029578884614e-02 9.999430277558084557e-01 2.491261888011765506e-03 -3.406420000000000281e-02 2.629195231949234962e-04 -2.488666888276329717e-03 9.999968687003192302e-01 1.844622599999999890e+00
9.998950256229515166e-01 1.448479134898887806e-02 3.585443533410118599e-04 -8.954500000000000653e-03 -1.448562671795722116e-02 9.998920795045220800e-01 2.448665495816389290e-03 -3.474159999999999748e-02 -3.230372502663797539e-04 -2.453602188345695417e-03 9.999969377369293255e-01 1.882024900000000001e+00
9.998046712314789808e-01 1.968210341019833998e-02 1.798385126863046978e-03 -9.628400000000000500e-03 -1.968476269917872334e-02 9.998051509603682607e-01 1.473170252333850421e-03 -3.603839999999999821e-02 -1.769039624000926913e-03 -1.508283284266671636e-03 9.999972977865205781e-01 1.956605799999999951e+00
9.998186332869357651e-01 1.889709627672253242e-02 2.366492035100794655e-03 -1.000550000000000050e-02 -1.890117481364611204e-02 9.998198892003276050e-01 1.713111236519117460e-03 -3.748610000000000136e-02 -2.333692976358697508e-03 -1.757530014815577787e-03 9.999957324735636588e-01 2.030340400000000045e+00
9.998454899468788293e-01 1.748655825733447938e-02 1.793464022102786003e-03 -1.017189999999999934e-02 -1.748768970378355297e-02 9.998468882010195236e-01 6.171414442055107863e-04 -3.881529999999999703e-02 -1.782397741782839815e-03 -6.484096319616164655e-04 9.999982013100019440e-01 2.103830299999999820e+00
9.998608453739465940e-01 1.665226945168710865e-02 9.958966840585008369e-04 -1.048759999999999970e-02 -1.665257144528661803e-02 9.998612925877259361e-01 2.957178752185180763e-04 -3.990219999999999878e-02 -9.908341720667435647e-04 -3.122609653915829945e-04 9.999994603702209162e-01 2.177326400000000106e+00
9.998762678807003867e-01 1.571525259680758499e-02 -6.926505470692709103e-04 -1.083349999999999938e-02 -1.571416480855563139e-02 9.998753252104993772e-01 1.548889785504784823e-03 -4.124230000000000257e-02 7.169053852319404174e-04 -1.537813713237680142e-03 9.999985605867900418e-01 2.249948299999999790e+00
9.999261723709451655e-01 1.184471096435209085e-02 -2.711573300115758308e-03 -1.120690000000000054e-02 -1.183642444482307064e-02 9.999252896882212527e-01 3.051900766555070039e-03 -4.272120000000000084e-02 2.747519600100824851e-03 -3.019580119463944820e-03 9.999916666012519384e-01 2.322254200000000157e+00
9.999510472645962711e-01 9.163324528007592978e-03 -3.733169970912709763e-03 -1.129649999999999925e-02 -9.151226734590237749e-03 9.999528616700288364e-01 3.244917128731119888e-03 -4.327469999999999928e-02 3.762728224231836564e-03 -3.210595196318924340e-03 9.999877669025736271e-01 2.358988000000000085e+00
9.999618302305604001e-01 7.490366983754563959e-03 -4.498053400797848156e-03 -1.148410000000000056e-02 -7.477475421876064385e-03 9.999679073573933819e-01 2.876041826992572700e-03 -4.388890000000000152e-02 4.519451655122432715e-03 -2.842297965388386125e-03 9.999857478479444728e-01 2.395802699999999952e+00
9.999677597205821611e-01 6.510585963816198016e-03 -4.700190401231373570e-03 -1.233970000000000032e-02 -6.500501259218773725e-03 9.999765436470275937e-01 2.157693009478274960e-03 -4.532219999999999999e-02 4.714127997728017640e-03 -2.127069851230979029e-03 9.999866261961051217e-01 2.468361100000000086e+00
9.999593290547732494e-01 7.667389369373877120e-03 -4.748828969967997492e-03 -1.289359999999999985e-02 -7.665254449704129655e-03 9.999705121749290493e-01 4.676054225553988265e-04 -4.649640000000000023e-02 4.752274250176003086e-03 -4.311854222079393451e-04 9.999886149194813223e-01 2.540986300000000142e+00
9.999458840738464360e-01 9.554747725955482079e-03 -4.115303107542693344e-03 -1.369270000000000036e-02 -9.545382076691248663e-03 9.999518208413660236e-01 2.289470909722206467e-03 -4.794910000000000144e-02 4.136980152669758083e-03 -2.250064872360635522e-03 9.999889112401629809e-01 2.612819899999999862e+00
9.999405751109415874e-01 1.030608897166111065e-02 -3.553980431494908367e-03 -1.462259999999999949e-02 -1.029919477039310804e-02 9.999450552070459075e-01 1.952729899244553223e-03 -4.913150000000000156e-02 3.573910166855174229e-03 -1.916010721812798009e-03 9.999917780007159251e-01 2.684018099999999851e+00
9.999501039869719277e-01 9.334369282976968593e-03 -3.557961007818272615e-03 -1.517980000000000024e-02 -9.339394514737172151e-03 9.999554090962544661e-01 -1.398402388646356178e-03 -5.053839999999999721e-02 3.544749150819620064e-03 1.431561815462620421e-03 9.999926926654145731e-01 2.755156799999999961e+00
9.999806557989249223e-01 5.159358975002410579e-03 -3.474052808907334821e-03 -1.519440000000000027e-02 -5.153788289400030274e-03 9.999854221756776518e-01 1.610559654202580035e-03 -5.192979999999999818e-02 3.482311620182486616e-03 -1.592623966529481709e-03 9.999926685004650873e-01 2.826650400000000118e+00
9.999933442493323943e-01 3.242345366560775433e-03 -1.672917678839064065e-03 -1.584170000000000023e-02 -3.241643793420997954e-03 9.999946568535293956e-01 4.219122048535826463e-04 -5.305209999999999787e-02 1.674276725277374983e-03 -4.164863935006306089e-04 9.999985116671580299e-01 2.897547499999999943e+00
9.999840306077401042e-01 5.540058682250189985e-03 -1.116368799073887965e-03 -1.609700000000000020e-02 -5.541894041936129382e-03 9.999832860869404261e-01 -1.647712715374195823e-03 -5.382669999999999816e-02 1.107221715048174781e-03 1.653873199999703362e-03 9.999980193797946004e-01 2.933189399999999836e+00
9.999424394208321631e-01 1.064950728291177116e-02 1.306078001737149283e-03 -1.665260000000000004e-02 -1.064455042908762049e-02 9.999363314884429643e-01 -3.745199006343436464e-03 -5.518420000000000269e-02 -1.345879369788809945e-03 3.731080817365719712e-03 9.999921337913895147e-01 3.003825899999999827e+00
9.999112079015505250e-01 1.266255511277959017e-02 4.151627497510477008e-03 -1.705759999999999915e-02 -1.266368225276270215e-02 9.999197822681420433e-01 2.453174118040731509e-04 -5.662729999999999847e-02 -4.148188118122014476e-03 -2.978705210165979132e-04 9.999913518668496204e-01 3.074619100000000049e+00
9.999114652789595770e-01 1.206026629642826045e-02 5.622417677765187069e-03 -1.690310000000000076e-02 -1.206039898505923899e-02 9.999272706902848640e-01 -1.030527957933187426e-05 -5.767069999999999835e-02 -5.622133047624539373e-03 -5.750423325021932061e-05 9.999841940317146793e-01 3.145356399999999830e+00
9.998854704985655761e-01 1.353213258340481978e-02 6.776966401523365491e-03 -1.680270000000000027e-02 -1.353109145195922902e-02 9.999084306980645653e-01 -1.994568939846143188e-04 -5.846309999999999701e-02 -6.779044916574812271e-03 1.077342981401208631e-04 9.999770162075427571e-01 3.180675700000000106e+00
9.998409690273603045e-01 1.591407527533154551e-02 8.048531702136181923e-03 -1.688749999999999973e-02 -1.590825663256816361e-02 9.998731463855305979e-01 -7.864528032323639612e-04 -5.905620000000000314e-02 -8.060026385909730903e-03 6.582896250451876442e-04 9.999673007800945479e-01 3.216361299999999979e+00
9.998145838590003498e-01 1.691313752427639483e-02 9.205633163390507245e-03 -1.682679999999999940e-02 -1.689728178130144726e-02 9.998556150770687712e-01 -1.797461337484058258e-03 -5.966509999999999869e-02 -9.234704719551116436e-03 1.641577881602163200e-03 9.999560117579179286e-01 3.251894200000000179e+00
9.997815004981589482e-01 1.816890073580296541e-02 1.033645527743282284e-02 -1.668740000000000154e-02 -1.814428870378207229e-02 9.998323281038777877e-01 -2.469912106410389937e-03 -6.046599999999999892e-02 -1.037959773226480344e-02 2.281824803118075087e-03 9.999435270186433078e-01 3.286798500000000178e+00
9.998014649664781484e-01 1.667570565269775595e-02 1.090648852145779252e-02 -1.629869999999999930e-02 -1.664821299173767366e-02 9.998580109306965946e-01 -2.606718606354338757e-03 -6.113160000000000122e-02 -1.094840879150223850e-02 2.424627537491272789e-03 9.999371247864731194e-01 3.322436600000000073e+00
9.998008525412538372e-01 1.517886025451113327e-02 1.295598159754343323e-02 -1.598959999999999965e-02 -1.517002549244714227e-02 9.998846243738565009e-01 -7.799149379645216318e-04 -6.240389999999999826e-02 -1.296632501290808162e-02 5.832170487721779432e-04 9.999157635888803464e-01 3.393449299999999891e+00
9.998121916115410013e-01 1.432536652766979932e-02 1.305240892613418989e-02 -1.576699999999999977e-02 -1.432248929359541956e-02 9.998973786209803816e-01 -3.138906283496498638e-04 -6.312929999999999930e-02 -1.305556606823137129e-02 1.268886899564008997e-04 9.999147644143966396e-01 3.428929600000000022e+00
9.998662222389714804e-01 1.005186529505770580e-02 1.290339605133261972e-02 -1.514929999999999922e-02 -1.006066078772303342e-02 9.999491999729157587e-01 6.169100745452931432e-04 -6.440300000000000191e-02 -1.289653946149523986e-02 -7.466442363788668678e-04 9.999165574148186630e-01 3.499579400000000007e+00
9.998827577449578285e-01 8.798441802093761796e-03 1.253228575293462675e-02 -1.506940000000000016e-02 -8.801441867024811447e-03 9.999612495852072680e-01 1.842526857286370511e-04 -6.501279999999999559e-02 -1.253017898513113758e-02 -2.945332680436620618e-04 9.999214508473925900e-01 3.534865400000000157e+00
9.999128521074163167e-01 7.019060314577819232e-03 1.118127822355442259e-02 -1.470209999999999920e-02 -7.022633570417970150e-03 9.999753017074189954e-01 2.803442385318949989e-04 -6.571710000000000051e-02 -1.117903431195432611e-02 -3.588418269352256873e-04 9.999374482558373023e-01 3.570323199999999808e+00
9.999541177931334790e-01 3.846675237822144711e-03 8.772992543654999781e-03 -1.415779999999999990e-02 -3.858034919389429808e-03 9.999917407352748588e-01 1.278290966772476379e-03 -6.686340000000000339e-02 -8.768002914978534346e-03 -1.312078827542867508e-03 9.999606995147526378e-01 3.641097300000000203e+00
9.999644466253367892e-01 3.763656302762171876e-03 7.545884740623016139e-03 -1.402959999999999971e-02 -3.772275849476956940e-03 9.999922483198693257e-01 1.128377192420950336e-03 -6.741239999999999732e-02 -7.541579423406055520e-03 -1.156802233573855530e-03 9.999708927705810435e-01 3.676221099999999797e+00
9.999702212232877141e-01 3.740629833105976656e-03 6.750137413457612569e-03 -1.411729999999999929e-02 -3.744914098348017025e-03 9.999927942384893020e-01 6.221651665051698308e-04 -6.802350000000000063e-02 -6.747761483994298322e-03 -6.474253239530421014e-04 9.999770240137545452e-01 3.711628699999999892e+00
9.999874414780565157e-01 1.390780531806681689e-03 4.814832882141743126e-03 -1.398040000000000047e-02 -1.380009134088873218e-03 9.999965395906965648e-01 -2.239727979533352384e-03 -6.923940000000000650e-02 -4.817931190919720261e-03 2.233055338503906612e-03 9.999859004020480446e-01 3.782376300000000136e+00
9.999301998731437990e-01 -1.158356344608778808e-02 2.327324546560155614e-03 -1.330759999999999929e-02 1.158443260590402528e-02 9.999328332876141756e-01 -3.603256908934216731e-04 -7.055899999999999672e-02 -2.322994372319988742e-03 3.872612744761800294e-04 9.999972268590805458e-01 3.853717800000000082e+00
9.997704713986831360e-01 -2.142161594056792365e-02 -3.448039295531608157e-04 -1.293049999999999929e-02 2.142069449708178600e-02 9.997674626868818804e-01 -2.484833977768690760e-03 -7.172299999999999509e-02 3.979529089216645777e-04 2.476877697664917315e-03 9.999968533502259227e-01 3.924585599999999896e+00
9.998562331162458294e-01 -1.691809457072619358e-02 1.136298678760133381e-03 -1.334310000000000010e-02 1.692605574390892639e-02 9.998293153470156902e-01 -7.405998222512723099e-03 -7.343489999999999740e-02 -1.010809351695362386e-03 7.424166540005608210e-03 9.999719296138470659e-01 3.995245499999999783e+00
9.997924232395825062e-01 -2.019596734523600168e-02 2.689486143022569095e-03 -1.338079999999999999e-02 2.020626043906860458e-02 9.997883943750288660e-01 -3.856619253979442011e-03 -7.515670000000000683e-02 -2.611028876110046103e-03 3.910163166901717627e-03 9.999889465150183510e-01 4.066230799999999590e+00
9.995806265879597641e-01 -2.877721229696183700e-02 3.231563466398052788e-03 -1.308710000000000082e-02 2.877754955068796347e-02 9.995858388798362082e-01 -5.790295098451945344e-05 -7.650310000000000443e-02 -3.228558792939826942e-03 1.508751458068607746e-04 9.999947768087645850e-01 4.137246099999999593e+00
9.995766093091834614e-01 -2.878341012499838550e-02 4.256456687450021863e-03 -1.299639999999999997e-02 2.878089353898223915e-02 9.995855320778207487e-01 6.513277192190098080e-04 -7.782100000000000128e-02 -4.273439955558989110e-03 -5.285473263512336685e-04 9.999907291313605562e-01 4.208460299999999599e+00
9.997630645195524357e-01 -2.088705145112410705e-02 6.127471268906312801e-03 -1.291149999999999937e-02 2.090283910222417302e-02 9.997783260462839161e-01 -2.523902842234680179e-03 -7.914690000000000614e-02 -6.073396079600458172e-03 2.651386386139602432e-03 9.999780417640637964e-01 4.280055499999999569e+00
9.998452553404180154e-01 -1.597623156443261222e-02 7.363789666599384123e-03 -1.297949999999999972e-02 1.599211387759037761e-02 9.998699063873425219e-01 -2.102996598462457747e-03 -8.047500000000000486e-02 -7.329233723962555805e-03 2.220433733888606959e-03 9.999706755735654484e-01 4.351527199999999596e+00
9.999000729159491785e-01 -1.261842108881226776e-02 6.373353270055109356e-03 -1.275279999999999990e-02 1.264847706631934410e-02 9.999089692246384553e-01 -4.697796507277118491e-03 -8.203589999999999494e-02 -6.313494324246909060e-03 4.777940282842525060e-03 9.999686550467825619e-01 4.423896300000000004e+00
9.999794613965732326e-01 -3.047381781333444173e-03 5.638284251275992552e-03 -1.288910000000000056e-02 3.098523328758027474e-03 9.999539388267838502e-01 -9.084017722451653842e-03 -8.363249999999999851e-02 -5.610342075179742573e-03 9.101301504700877454e-03 9.999428435529302828e-01 4.495851499999999668e+00
9.999693029333720506e-01 4.128468840813989335e-03 6.659499679127490503e-03 -1.337280000000000066e-02 -4.089433305592511322e-03 9.999744409566286851e-01 -5.864637134285023874e-03 -8.528850000000000320e-02 -6.683541440357937923e-03 5.837223527341756958e-03 9.999606277725672232e-01 4.568584399999999768e+00
9.999781016768816144e-01 2.201146946159257892e-03 6.241083144897362038e-03 -1.327060000000000045e-02 -2.183624474185042255e-03 9.999936593126474982e-01 -2.813026600722673149e-03 -8.655419999999999781e-02 -6.247235457052044937e-03 2.799336818256608229e-03 9.999765676067224884e-01 4.640719400000000050e+00
9.999972739613990358e-01 -7.256690152661698055e-04 2.219340949695183373e-03 -1.307009999999999943e-02 7.411209962913441890e-04 9.999754378268340682e-01 -6.969539633317335496e-03 -8.811460000000000126e-02 -2.214228858895894454e-03 6.971165434259012951e-03 9.999732496637341317e-01 4.713868100000000005e+00
9.999753367131916093e-01 7.022439229006364331e-03 -1.063607730400704379e-04 -1.326160000000000012e-02 -7.023213737080976488e-03 9.999011893297674591e-01 -1.217727579222525197e-02 -9.001969999999999417e-02 2.083608423504773789e-05 1.217772245502214343e-02 9.999258485716159273e-01 4.786919600000000052e+00
9.999274001299478520e-01 1.204787458964626939e-02 2.078153878445087352e-04 -1.386459999999999949e-02 -1.204590741630240033e-02 9.998975359397072049e-01 -7.733934071339269162e-03 -9.180389999999999384e-02 -3.009715620121667604e-04 7.730869263809040173e-03 9.999700710904025902e-01 4.860543299999999789e+00
9.999261271835040432e-01 1.214098443130586999e-02 5.802351572091206302e-04 -1.405660000000000069e-02 -1.213809971995060896e-02 9.999150939862901932e-01 -4.740395930395172042e-03 -9.360050000000000314e-02 -6.377389649440611766e-04 4.733002791797261480e-03 9.999885959217662545e-01 4.933728699999999634e+00
9.999713244568079196e-01 7.567664630972689883e-03 2.841058439400384497e-04 -1.403240000000000043e-02 -7.566603448804166444e-03 9.999650112743412311e-01 -3.566894917869481950e-03 -9.518179999999999696e-02 -3.110889679509639565e-04 3.564642918961621020e-03 9.999935982517659250e-01 5.008650300000000222e+00
9.999984561784938109e-01 1.615913039161090891e-03 6.902649337921572086e-04 -1.394250000000000003e-02 -1.614083025811532479e-03 9.999952031626080373e-01 -2.643555893145583223e-03 -9.667230000000000267e-02 -6.945333791409974596e-04 2.642437667054195818e-03 9.999962675663149891e-01 5.083141799999999932e+00
9.999944204617989829e-01 -3.009092693295307118e-03 1.450657242099461517e-03 -1.401170000000000020e-02 3.010498127420312489e-03 9.999950002960845685e-01 -9.676176201268728554e-04 -9.738320000000000309e-02 -1.447738338132140623e-03 9.719794221782665066e-04 9.999984796536979248e-01 5.120456199999999569e+00
9.999913475895140236e-01 -3.697603019019155435e-03 1.905906089326530944e-03 -1.395180000000000031e-02 3.707555414207911858e-03 9.999793714759119823e-01 -5.245060103612607383e-03 -9.901319999999999566e-02 -1.886472623222803157e-03 5.252080973640022021e-03 9.999844283120052912e-01 5.195498500000000242e+00
9.999921930202856357e-01 3.178688575464062079e-03 2.347304287908827999e-03 -1.436390000000000063e-02 -3.154415350600497676e-03 9.999422539841759106e-01 -1.027318649893541914e-02 -9.976100000000000245e-02 -2.379824000996051767e-03 1.026570192369851038e-02 9.999444743593206564e-01 5.233416599999999974e+00
9.999156580144377138e-01 1.246591571164595673e-02 3.643871982429476228e-03 -1.489790000000000038e-02 -1.242681429986353982e-02 9.998669864538202168e-01 -1.056331794999920692e-02 -1.005478999999999956e-01 -3.775068729295274692e-03 1.051714529833104941e-02 9.999375673065108439e-01 5.271111000000000324e+00
9.997548491348275945e-01 2.134992203920766871e-02 5.867065733218508779e-03 -1.544449999999999990e-02 -2.132254973713028010e-02 9.997616525332041482e-01 -4.689029407498960730e-03 -1.023724000000000023e-01 -5.965777745253125937e-03 4.562779086975329162e-03 9.999717948736842610e-01 5.346728800000000170e+00
9.997880113119582690e-01 1.987740170968791201e-02 5.368550842769543967e-03 -1.535259999999999923e-02 -1.985400216583431063e-02 9.997933074790403829e-01 -4.377318599349873385e-03 -1.030475000000000002e-01 -5.454450923672517389e-03 4.269803437263118909e-03 9.999760085840702084e-01 5.384694099999999928e+00
9.998608260072519016e-01 1.617773244774353691e-02 4.075486344640715831e-03 -1.519840000000000080e-02 -1.616067433493757061e-02 9.998606525388339383e-01 -4.184269309862632090e-03 -1.039560000000000067e-01 -4.142610425349835777e-03 4.117824360823820438e-03 9.999829410051940259e-01 5.423097099999999671e+00
9.998887157866859221e-01 1.474058047937605066e-02 2.295937626128106025e-03 -1.505019999999999969e-02 -1.472809449667983155e-02 9.998771508366597338e-01 -5.363438007513769007e-03 -1.055721000000000021e-01 -2.374715761707555436e-03 5.329026355218346653e-03 9.999829809567543082e-01 5.499492599999999953e+00
9.998500441880739942e-01 1.715869014757333277e-02 2.338480174396963870e-03 -1.544410000000000054e-02 -1.714955853971730088e-02 9.998454436416689406e-01 -3.870590508822334668e-03 -1.075706000000000023e-01 -2.404533010646199998e-03 3.829906188635161853e-03 9.999897749675178416e-01 5.576548100000000119e+00
9.998533622993605041e-01 1.701550444419341196e-02 1.930416321255544855e-03 -1.553930000000000068e-02 -1.700635458323174198e-02 9.998445165957842162e-01 -4.661173364268088141e-03 -1.083525000000000044e-01 -2.009428389649222345e-03 4.627660516071140269e-03 9.999872733968642180e-01 5.615268699999999669e+00
9.998705198547850337e-01 1.604396447294051745e-02 1.238841924156433745e-03 -1.556890000000000010e-02 -1.603687504938368022e-02 9.998560814479841019e-01 -5.534892061516223129e-03 -1.092032000000000003e-01 -1.327465243417059407e-03 5.514308249744714376e-03 9.999839149909134361e-01 5.654059400000000402e+00
9.998810276624980897e-01 1.539300964011876272e-02 9.928619269328844456e-04 -1.566489999999999896e-02 -1.538715066408976803e-02 9.998655853910467517e-01 -5.660984460316775997e-03 -1.101656000000000024e-01 -1.079868060155449953e-03 5.645033643704615474e-03 9.999834836036713970e-01 5.692505399999999938e+00
9.998759317126046930e-01 1.573360650959259796e-02 7.581609670556693943e-04 -1.586030000000000079e-02 -1.572888082077368230e-02 9.998589986058435963e-01 -5.880919574831912182e-03 -1.109908000000000006e-01 -8.505821398072854408e-04 5.868264915718172069e-03 9.999824198339201109e-01 5.731351899999999944e+00
9.998688949182833463e-01 1.618380264650347636e-02 5.267891321966329272e-04 -1.623590000000000103e-02 -1.618017705131850545e-02 9.998493613647443379e-01 -6.281436865945517166e-03 -1.117635000000000017e-01 -6.283673119756249224e-04 6.272089796224257323e-03 9.999801328247023280e-01 5.770012900000000222e+00
9.998539419640104509e-01 1.709071199041528599e-02 -4.798635128963094044e-05 -1.673120000000000163e-02 -1.709063932105387568e-02 9.998304423940551633e-01 -6.855400039788430572e-03 -1.134683999999999970e-01 -6.918545282031731693e-05 6.855218870944920079e-03 9.999765003176848133e-01 5.847782099999999872e+00
9.998557629262215807e-01 1.696603832239582457e-02 -7.790294387336960591e-04 -1.705579999999999943e-02 -1.697094081219219577e-02 9.998329316878887818e-01 -6.789394696929652688e-03 -1.151829000000000047e-01 6.637101569863024025e-04 6.801636277001545626e-03 9.999766483437415587e-01 5.925075099999999928e+00
9.998935932146560956e-01 1.455019325045656120e-02 -1.046004138715785504e-03 -1.715109999999999899e-02 -1.455724931403252348e-02 9.998689124413203677e-01 -7.088330256157050757e-03 -1.170981999999999995e-01 9.427304455367291683e-04 7.102802952751832363e-03 9.999743303952963736e-01 6.003522399999999593e+00
9.999219014190320332e-01 1.248929054273001556e-02 -4.568197532572212645e-04 -1.781049999999999994e-02 -1.249171813800237750e-02 9.999053492743585903e-01 -5.766235382264210500e-03 -1.190379000000000020e-01 3.847603259092205593e-04 5.771491511060889042e-03 9.999832707826813438e-01 6.081843400000000344e+00
9.999183567130620620e-01 1.277545586349944882e-02 -2.600687012587643457e-04 -1.825490000000000099e-02 -1.277672079150654443e-02 9.999024374964727846e-01 -5.645431288066071231e-03 -1.200487999999999972e-01 1.879203700540735419e-04 5.648293201682123670e-03 9.999840306074104790e-01 6.121164799999999850e+00
9.999046219006819669e-01 1.379756106732895303e-02 -6.118907153806765970e-04 -1.830139999999999892e-02 -1.380123618306205134e-02 9.998837914461210508e-01 -6.475297919735945908e-03 -1.218621000000000010e-01 5.224762899688053857e-04 6.483125166409034294e-03 9.999788478295944527e-01 6.200206800000000129e+00
9.998943946559346596e-01 1.453237618456363484e-02 9.786762731197213303e-05 -1.858670000000000114e-02 -1.453152403581281157e-02 9.998762965202591113e-01 -6.018842590367236810e-03 -1.225683000000000050e-01 -1.853236054648097863e-04 6.016784802645992920e-03 9.999818818137656828e-01 6.239526699999999870e+00
9.998875483642963857e-01 1.498795378312942593e-02 5.018639573350979844e-04 -1.864149999999999835e-02 -1.498595005128401485e-02 9.998805477439774991e-01 -3.783060171874754862e-03 -1.235374999999999945e-01 -5.585043395680344214e-04 3.775113852373299193e-03 9.999927182676403570e-01 6.278987899999999733e+00
9.998868484898038034e-01 1.502086117101008624e-02 8.148293129850246036e-04 -1.858539999999999845e-02 -1.501784079259524222e-02 9.998807659313939666e-01 -3.594214570286176011e-03 -1.242916000000000021e-01 -8.687203556499083039e-04 3.581570902584030151e-03 9.999932088143466125e-01 6.318618800000000313e+00
9.998880073470985952e-01 1.490355920272230100e-02 1.362602854595888280e-03 -1.877180000000000168e-02 -1.489630827217880427e-02 9.998755997489578995e-01 -5.185077291792905552e-03 -1.252334999999999976e-01 -1.439709452847632394e-03 5.164198849056887350e-03 9.999856290402071579e-01 6.358137600000000056e+00
9.998806789982865872e-01 1.533200696147888654e-02 1.886088136443866579e-03 -1.893210000000000032e-02 -1.531972523724495043e-02 9.998624034402052718e-01 -6.362405632429950220e-03 -1.261462000000000139e-01 -1.983377064652990570e-03 6.332752111793035418e-03 9.999779809906366168e-01 6.397809500000000149e+00
9.998696174765765443e-01 1.601003625080663420e-02 2.103992987717552554e-03 -1.898949999999999944e-02 -1.599758672469682799e-02 9.998551710100707091e-01 -5.806395044106867250e-03 -1.271005000000000051e-01 -2.196648863680978128e-03 5.771979181379858180e-03 9.999809293132041477e-01 6.437496200000000002e+00
9.998724642678858965e-01 1.586057716547313590e-02 1.870104500619923374e-03 -1.903480000000000102e-02 -1.585152236511924023e-02 9.998630209110922484e-01 -4.761160914391928886e-03 -1.279832999999999943e-01 -1.945363095489214275e-03 4.730909692932312380e-03 9.999869169423687421e-01 6.477319200000000166e+00
9.998594242455343117e-01 1.667166776989721308e-02 1.785284615675540110e-03 -1.919289999999999885e-02 -1.666347756441717912e-02 9.998509911217987600e-01 -4.508222290086779348e-03 -1.287742000000000053e-01 -1.860178176670860542e-03 4.477839493197642400e-03 9.999882442762135781e-01 6.517244299999999768e+00
9.998588846943957664e-01 1.670404389273689311e-02 1.784829209919951577e-03 -1.946439999999999976e-02 -1.669630427915330673e-02 9.998515035702959519e-01 -4.266641728173598512e-03 -1.297437999999999925e-01 -1.855834339856641309e-03 4.236239588147079800e-03 9.999893050193361388e-01 6.556728399999999901e+00
9.998331023198399059e-01 1.816372855415151685e-02 1.961242079859972995e-03 -1.956010000000000040e-02 -1.815548030531239851e-02 9.998265855061800877e-01 -4.144568727459167073e-03 -1.304972000000000076e-01 -2.036182793397029595e-03 4.108269716598441507e-03 9.999894879845325768e-01 6.596602400000000088e+00
9.998058701129176606e-01 1.956904369813303179e-02 2.296653324324500912e-03 -1.976790000000000144e-02 -1.955855734291067627e-02 9.997985732217022914e-01 -4.502867809790643203e-03 -1.311970000000000081e-01 -2.384307533781224956e-03 4.457074442830595215e-03 9.999872247008935178e-01 6.636497499999999938e+00
9.998068289196454517e-01 1.957079986261630114e-02 1.813460333225357709e-03 -1.970070000000000154e-02 -1.956363827662636543e-02 9.998010612745947823e-01 -3.886120375806732807e-03 -1.321962000000000137e-01 -1.889154049855041630e-03 3.849891807747119442e-03 9.999908046727452593e-01 6.676670999999999800e+00
9.998332631627107059e-01 1.817294938633171736e-02 1.785996642578873772e-03 -1.965269999999999864e-02 -1.816627582669028129e-02 9.998281911585552573e-01 -3.684370665391208024e-03 -1.329896999999999885e-01 -1.852645674187528057e-03 3.651311437444429171e-03 9.999916177792654848e-01 6.716804999999999914e+00
9.998740614926096004e-01 1.576535943499692352e-02 1.820603240307142956e-03 -1.981389999999999887e-02 -1.576042009560041715e-02 9.998721615805493679e-01 -2.696229710172006779e-03 -1.339330999999999994e-01 -1.862877527766634627e-03 2.667196679132073645e-03 9.999947078605923023e-01 6.756989500000000426e+00
9.999052639506172957e-01 1.365835441043533431e-02 1.706598560132511480e-03 -1.964389999999999886e-02 -1.365458272903658128e-02 9.999043461015483247e-01 -2.202502606346124631e-03 -1.345877000000000046e-01 -1.736517878514525588e-03 2.178991058725860026e-03 9.999961182442778096e-01 6.796923600000000398e+00
9.999219245479420426e-01 1.247203174260966448e-02 7.702159120443331612e-04 -1.924290000000000028e-02 -1.246944932652562822e-02 9.999169023871674611e-01 -3.271261827669696368e-03 -1.352904000000000051e-01 -8.109511902937604263e-04 3.261402254137980242e-03 9.999943527908063956e-01 6.836949299999999674e+00
9.999407353071867455e-01 1.084868866688534599e-02 9.120457947269722731e-04 -1.946389999999999926e-02 -1.084494580990892111e-02 9.999331384651592991e-01 -4.013196929705091683e-03 -1.361191999999999958e-01 -9.555227379945625864e-04 4.003068001601884675e-03 9.999915311755753766e-01 6.877125699999999675e+00
9.999540981786313454e-01 9.537185262787442955e-03 9.184949773752506706e-04 -1.925790000000000141e-02 -9.534982938405310929e-03 9.999517253095612235e-01 -2.373004592508206299e-03 -1.368592999999999893e-01 -9.410824217427445548e-04 2.364137833337010171e-03 9.999967626028498646e-01 6.917489999999999917e+00
