1.000000000000000000e+00 0.000000000000000000e+00 0.000000000000000000e+00 0.000000000000000000e+00 0.000000000000000000e+00 1.000000000000000000e+00 0.000000000000000000e+00 0.000000000000000000e+00 0.000000000000000000e+00 0.000000000000000000e+00 1.000000000000000000e+00 0.000000000000000000e+00
9.999992681347403822e-01 -1.193085055711743574e-03 2.006938799018858884e-04 -8.529999999999999985e-05 1.192914357622504957e-03 9.999989284841620529e-01 8.485198072033002395e-04 -4.903000000000000457e-04 -2.017060211566646462e-04 -8.482797755903092761e-04 9.999996198679794723e-01 3.774840000000000140e-02
9.999997236190596439e-01 -7.266873294906170313e-04 -1.571220207169537510e-04 -1.257999999999999949e-04 7.269123010834302370e-04 9.999987039709109515e-01 1.436542726446220957e-03 -1.132900000000000053e-03 1.560778996846640251e-04 -1.436656543342821604e-03 9.999989558282876834e-01 7.553379999999999816e-02
9.999998167249266601e-01 1.294885767155606470e-04 -5.914244005958539142e-04 -2.315999999999999916e-04 -1.297114162517985108e-04 9.999999206127943019e-01 -3.767616670538314217e-04 -1.808900000000000004e-03 5.913755673122955518e-04 3.768383124994164257e-04 9.999997541338820906e-01 1.135285999999999934e-01
9.999962210201850388e-01 2.679820337986424297e-03 -6.136027260230678213e-04 -5.153999999999999511e-04 -2.681370001748536406e-03 9.999931824084345999e-01 -2.538777572956570517e-03 -2.449100000000000062e-03 6.067950749566654745e-04 2.540413274909917359e-03 9.999965890442474858e-01 1.509400999999999937e-01
9.999813254418551400e-01 6.086464850070398384e-03 -5.511017867938595776e-04 -7.307999999999999826e-04 -6.088260969903510657e-03 9.999759605828536513e-01 -3.318333129973958379e-03 -3.171300000000000160e-03 5.308916206717061116e-04 3.321626413067960311e-03 9.999943424600257202e-01 1.888621000000000050e-01
9.999638486755874078e-01 8.490101552696076304e-03 -4.685269808578122687e-04 -1.036599999999999935e-03 -8.491717560892599048e-03 9.999575997008701700e-01 -3.562237125769399017e-03 -3.820800000000000064e-03 4.382633602211071628e-04 3.566086944970533242e-03 9.999935454537334234e-01 2.268010000000000026e-01
9.999563924419314631e-01 9.338633531440900665e-03 -5.602038515389950546e-05 -1.397400000000000031e-03 -9.338746805034013609e-03 9.999530796424528356e-01 -2.574164269408006200e-03 -4.596699999999999571e-03 3.197857989566748010e-05 2.574575176583022897e-03 9.999966852645215676e-01 2.646370000000000111e-01
9.999766790302325736e-01 6.823948496182310336e-03 2.740850028890951884e-04 -1.469199999999999933e-03 -6.823971495380878535e-03 9.999767129854504333e-01 8.306530202642302798e-05 -5.289000000000000298e-03 -2.735117869247969628e-04 -8.493371311005232628e-05 9.999999589887825779e-01 3.028274000000000243e-01
9.999960989252441035e-01 2.792328346982471138e-03 7.096968391524861625e-05 -1.302399999999999999e-03 -2.792463642151345789e-03 9.999941335195151604e-01 1.983701933580710175e-03 -5.918099999999999923e-03 -6.543012043188156462e-05 -1.983892375273202391e-03 9.999980299430307751e-01 3.411368000000000178e-01
9.999998404680675579e-01 4.999462729031198347e-04 -2.629021943459048999e-04 -1.390100000000000016e-03 -5.000537055515484781e-04 9.999997914412636080e-01 -4.087342911871139788e-04 -6.586200000000000387e-03 2.626977943298688034e-04 4.088656911974229290e-04 9.999998819093507407e-01 3.789013999999999993e-01
9.999997964162321562e-01 -5.867236561120588211e-04 -2.508442653904660721e-04 -1.588699999999999965e-03 5.860753332072716993e-04 9.999965081182664584e-01 -2.576871548520885506e-03 -7.137100000000000388e-03 2.523553009682371001e-04 2.576724010275244919e-03 9.999966483994717770e-01 4.172429000000000276e-01
9.999987730272069664e-01 1.558921102948563524e-03 1.539775155098501596e-04 -1.646899999999999970e-03 -1.558271143885253717e-03 9.999902379252914031e-01 -4.134712222284199316e-03 -7.899899999999999631e-03 -1.604217025077785130e-04 4.134467210385570253e-03 9.999914401862465274e-01 4.559132000000000184e-01
9.999913117870108392e-01 4.033986106671003449e-03 1.050384017577521379e-03 -2.059899999999999926e-03 -4.031992614546923634e-03 9.999900795153777722e-01 -1.893120805603011689e-03 -8.630300000000000471e-03 -1.058010420287079948e-03 1.888869217164927585e-03 9.999976563907692073e-01 4.943296999999999830e-01
9.999867667482458256e-01 4.744026227310205526e-03 1.990111440087263209e-03 -2.482900000000000124e-03 -4.747139313294733085e-03 9.999875115827829841e-01 1.562480980241833439e-03 -9.182900000000000784e-03 -1.982674135995350206e-03 -1.571907639792736794e-03 9.999967990496980708e-01 5.333020000000000538e-01
9.999935417132552740e-01 2.745400405591300400e-03 2.319333609678301145e-03 -2.513200000000000156e-03 -2.753382535132434424e-03 9.999902739788629757e-01 3.445407420576847811e-03 -9.716499999999999443e-03 -2.309852028860710522e-03 -3.451771181801807295e-03 9.999913748924603718e-01 5.719431000000000376e-01
9.999964129383640543e-01 -1.707307149756269590e-03 2.063786011524832049e-03 -2.609400000000000001e-03 1.703888830300786866e-03 9.999971756204567574e-01 1.656959252196686661e-03 -1.024569999999999995e-02 -2.066609120987969277e-03 -1.653436846648552363e-03 9.999964976305343312e-01 6.105745000000000200e-01
9.999962698171745989e-01 -2.115161815896872584e-03 1.728132584359173525e-03 -2.417100000000000151e-03 2.116034253958947765e-03 9.999976346056517196e-01 -5.031720755214328300e-04 -1.093889999999999967e-02 -1.727064206283156949e-03 5.068269863414850930e-04 9.999983801865046651e-01 6.497074999999999934e-01
9.999948714708842834e-01 -1.907385677206328714e-03 2.572724588427553402e-03 -2.647399999999999840e-03 1.915804200325244575e-03 9.999928061498426501e-01 -3.273735302229264892e-03 -1.153400000000000085e-02 -2.566461804805931883e-03 3.278647349355240034e-03 9.999913318351129066e-01 6.885286000000000461e-01
9.999950703223280390e-01 9.912196723806871498e-04 2.979398362615620112e-03 -2.831699999999999929e-03 -9.803746627305221558e-04 9.999928973045699721e-01 -3.639258981230593989e-03 -1.246560000000000029e-02 -2.982984505951569859e-03 3.636320114191962920e-03 9.999889394285640387e-01 7.276430000000000398e-01
9.999910969662590965e-01 2.641405998599610869e-03 3.290738909167683496e-03 -2.807000000000000033e-03 -2.623763428276767225e-03 9.999822245287181000e-01 -5.354109829745764410e-03 -1.405490000000000038e-02 -3.304822792554158381e-03 5.345428041523415941e-03 9.999802520776911452e-01 8.055451999999999613e-01
9.999858281317098863e-01 4.344725165505760808e-03 3.076832620530856998e-03 -3.122699999999999955e-03 -4.336837303298972379e-03 9.999873044862034321e-01 -2.565678978729448237e-03 -1.570239999999999830e-02 -3.087940728585367774e-03 2.552298895780161572e-03 9.999919751640027332e-01 8.843955000000000011e-01
9.999691804318822097e-01 7.225220516453184985e-03 3.071542752180995463e-03 -3.257700000000000092e-03 -7.217857606655614031e-03 9.999710672417498891e-01 -2.401501814682592984e-03 -1.642580000000000082e-02 -3.088805264158835454e-03 2.379257843215832734e-03 9.999923991781916044e-01 9.235244999999999704e-01
9.999271772301469019e-01 1.155155631959033612e-02 3.493105086557853154e-03 -3.857300000000000138e-03 -1.154401016480515081e-02 9.999310050025611574e-01 -2.172800930358617308e-03 -1.799159999999999995e-02 -3.517963312099648462e-03 2.132318260350572932e-03 9.999915385406875634e-01 1.002587399999999906e+00
9.999108362297548513e-01 1.296425008643502415e-02 3.201220081288812767e-03 -4.025400000000000159e-03 -1.295675265909070582e-02 9.999132920633890809e-01 -2.351789847513737972e-03 -1.873090000000000171e-02 -3.231431701834833192e-03 2.310102736263535891e-03 9.999921106061309128e-01 1.042671099999999962e+00
9.999338244341213766e-01 1.122720028943469985e-02 2.509327840787353367e-03 -3.866800000000000098e-03 -1.122161551067546621e-02 9.999345519452238484e-01 -2.228715198267767258e-03 -1.944009999999999835e-02 -2.534185842080437928e-03 2.200408999558790390e-03 9.999943680353167164e-01 1.082735199999999898e+00
9.999421719274463882e-01 1.069076605674131562e-02 1.166328487670711001e-03 -4.343800000000000092e-03 -1.068770697832261383e-02 9.999395091314501327e-01 -2.598268173225319003e-03 -2.107300000000000145e-02 -1.194035412640106087e-03 2.585652543268189465e-03 9.999959443319551555e-01 1.161989200000000055e+00
9.999415248477170337e-01 1.077263655054968433e-02 -9.471995419247381800e-04 -4.819999999999999632e-03 -1.077424090579915186e-02 9.999405020356055829e-01 -1.705321578179702560e-03 -2.250109999999999957e-02 9.287723759165785907e-04 1.715427215291286805e-03 9.999980973438613585e-01 1.241875300000000015e+00
9.999345741333022231e-01 1.098320317089339186e-02 -3.196357451609379164e-03 -5.379100000000000374e-03 -1.098483701668829908e-02 9.999395428066083502e-01 -4.940520497552986553e-04 -2.393340000000000051e-02 3.190737934769319589e-03 5.291311916247557357e-04 9.999947695921282964e-01 1.322019700000000020e+00
9.999555602670672227e-01 8.397955827785096028e-03 -4.283903464173447438e-03 -6.086900000000000123e-03 -8.395455999567633110e-03 9.999645768174802996e-01 6.011894851015350252e-04 -2.548169999999999949e-02 4.288800477419150818e-03 -5.651974453615115886e-04 9.999906433273827444e-01 1.402171099999999893e+00
9.999759617649806032e-01 4.633751871268428253e-03 -5.157929409919837990e-03 -6.332100000000000228e-03 -4.630991699518805828e-03 9.999891273236063416e-01 5.469464794260198029e-04 -2.718900000000000136e-02 5.160407743695026236e-03 -5.230470035139615911e-04 9.999865482164003172e-01 1.482473399999999941e+00
9.999905657142751370e-01 1.762230346158229297e-03 -3.970267831148731850e-03 -7.110100000000000274e-03 -1.755359926966197550e-03 9.999969572074584034e-01 1.733288017445340458e-03 -2.843129999999999963e-02 3.973310203190361968e-03 -1.726302416060819132e-03 9.999906162989719016e-01 1.562462199999999912e+00
9.999936967520454134e-01 -1.224024397582511173e-03 -3.332899706314442542e-03 -7.278200000000000294e-03 1.226771628358071286e-03 9.999989093796544104e-01 8.223569015658559319e-04 -3.015719999999999859e-02 3.331889486475175886e-03 -8.264404248462677667e-04 9.999941077369777220e-01 1.641941899999999954e+00
9.999970858788904682e-01 1.100994680098651111e-03 -2.148498182792530665e-03 -7.713199999999999917e-03 -1.100603634924202968e-03 9.999993775577207256e-01 1.831824500704666494e-04 -3.176640000000000019e-02 2.148698528379439261e-03 -1.808172713450125130e-04 9.999976751971719757e-01 1.721480799999999922e+00
9.999708837848528820e-01 7.566352225583716784e-03 -9.909069272435360246e-04 -8.296100000000000696e-03 -7.563522905770879781e-03 9.999673956384491635e-01 2.828565238962439145e-03 -3.320990000000000053e-02 1.012276540246849314e-03 -2.820988134606690345e-03 9.999955086509890734e-01 1.801034500000000094e+00
9.998726940193619628e-01 1.595259809737628251e-02 3.322174091976011988e-04 -8.861000000000000820e-03 -1.595354778158105877e-02 9.998679753090370381e-01 3.084844337698898140e-03 -3.461070000000000119e-02 -2.829622663845419669e-04 -3.089751664876878336e-03 9.999951866719185567e-01 1.879526299999999983e+00
9.997636608710634976e-01 2.164799783813288470e-02 1.996645008341797756e-03 -9.709100000000000022e-03 -2.165222055304087678e-02 9.997633194754352859e-01 2.118106838911362928e-03 -3.602709999999999940e-02 -1.950319669084166381e-03 -2.160838045472805204e-03 9.999957635070908513e-01 1.957570599999999938e+00
9.997812312802620838e-01 2.076817024271317841e-02 2.484488778963843056e-03 -1.018699999999999987e-02 -2.077353346365384823e-02 9.997818892889993592e-01 2.152709258941840238e-03 -3.736670000000000269e-02 -2.439239052977021371e-03 -2.203849924283171613e-03 9.999945965645782309e-01 2.036214399999999980e+00
9.998046486605000061e-01 1.966095903216309032e-02 2.027611104185775802e-03 -1.048469999999999958e-02 -1.966311541904124105e-02 9.998061118279730763e-01 1.049115555222612231e-03 -3.874520000000000047e-02 -2.006591356423967007e-03 -1.088779760260143907e-03 9.999973940714855791e-01 2.113833899999999932e+00
9.998179471423829234e-01 1.905113201671377113e-02 1.061574713687944704e-03 -1.061480000000000062e-02 -1.905193146281597763e-02 9.998182155884504096e-01 7.481210215809690287e-04 -3.996319999999999734e-02 -1.047129183606683184e-03 -7.682098726989881107e-04 9.999991566866764936e-01 2.191070600000000201e+00
9.998320121864725518e-01 1.832245063847142905e-02 -4.849842782452685585e-04 -1.127039999999999986e-02 -1.832159851708331857e-02 9.998306887441267277e-01 1.706714159979334918e-03 -4.116460000000000258e-02 5.161733508982416490e-04 -1.697541765566176536e-03 9.999984259572741729e-01 2.268716299999999908e+00
9.998950008427825997e-01 1.423506060429543044e-02 -2.711150900229064315e-03 -1.164420000000000038e-02 -1.422615520994818805e-02 9.998934359412674500e-01 3.276166892696039112e-03 -4.282409999999999689e-02 2.757498423252613667e-03 -3.237253644429153102e-03 9.999909581547662407e-01 2.345034399999999852e+00
9.999382737813554689e-01 1.034502946717716018e-02 -4.053269357736705679e-03 -1.196810000000000061e-02 -1.033222650477973181e-02 9.999416059456429640e-01 3.166985049294745568e-03 -4.429389999999999716e-02 4.085795224562570500e-03 -3.124910266194129514e-03 9.999867705190960132e-01 2.421775600000000139e+00
9.999433023662502862e-01 9.611312597071272959e-03 -4.584181828778567148e-03 -1.273889999999999918e-02 -9.601603711626606821e-03 9.999516238142657221e-01 2.135237077753544821e-03 -4.551170000000000215e-02 4.604482494570125324e-03 -2.091100517601769855e-03 9.999872129380368291e-01 2.498927800000000143e+00
9.999309832012399646e-01 1.083336971407738644e-02 -4.546090060660202582e-03 -1.328589999999999979e-02 -1.083065554203109515e-02 9.999411537556635032e-01 6.212296856003335019e-04 -4.684930000000000344e-02 4.552552551195185489e-03 -5.719496748060768840e-04 9.999894735140155699e-01 2.575489300000000092e+00
9.999181416415472423e-01 1.213039815148272450e-02 -4.069822698981767281e-03 -1.386120000000000060e-02 -1.212630258660903938e-02 9.999259437181675647e-01 1.029497406442089280e-03 -4.763619999999999660e-02 4.082009516481025641e-03 -9.800612319526638434e-04 9.999911883003214097e-01 2.613478199999999863e+00
9.998943454936772834e-01 1.405842920329968340e-02 -3.695729712312379681e-03 -1.472889999999999963e-02 -1.404478135164499708e-02 9.998945464690393026e-01 3.693244949727858030e-03 -4.897270000000000095e-02 3.747261207220933549e-03 -3.640949026011760549e-03 9.999863506686653691e-01 2.689660500000000010e+00
9.999117796296057570e-01 1.278361346370510999e-02 -3.607240602630300535e-03 -1.522689999999999981e-02 -1.278142146531121605e-02 9.999181157878082038e-01 6.300672072246454262e-04 -5.073890000000000344e-02 3.614999762208683572e-03 -5.839059599932498387e-04 9.999932953927986867e-01 2.765396599999999871e+00
9.999406810986430916e-01 1.021604952554334110e-02 -3.777117429121259768e-03 -1.570329999999999990e-02 -1.021484635572563089e-02 9.999477700734804575e-01 3.376966136100874511e-04 -5.199390000000000261e-02 3.780370075884730268e-03 -2.990939076119690922e-04 9.999928096466113026e-01 2.841088800000000081e+00
9.999774714056819391e-01 6.171614263238951216e-03 -2.639670146866536504e-03 -1.602750000000000008e-02 -6.164304701372473778e-03 9.999771685352725203e-01 2.768348917253470997e-03 -5.309019999999999712e-02 2.656695060994029856e-03 -2.752014819147381112e-03 9.999926841661332944e-01 2.916364199999999851e+00
9.999662246353447914e-01 8.151610972478547448e-03 -1.049203073074912729e-03 -1.654979999999999993e-02 -8.153047801013646109e-03 9.999658213966893250e-01 -1.372534152154035588e-03 -5.418980000000000324e-02 1.037978848324485476e-03 1.381041997120294922e-03 9.999985076603427059e-01 2.991568099999999841e+00
9.999102219493605226e-01 1.328483224559476664e-02 1.749649504010341531e-03 -1.719539999999999957e-02 -1.327893392374958001e-02 9.999062504667194373e-01 -3.340687269821925390e-03 -5.578869999999999663e-02 -1.793865945150514233e-03 3.317153869277570701e-03 9.999928892423076698e-01 3.066149999999999931e+00
9.998750545321076766e-01 1.517115640905373521e-02 4.439745220939292185e-03 -1.750600000000000073e-02 -1.517389470161860203e-02 9.998846994405465871e-01 5.837330486714107768e-04 -5.719280000000000197e-02 -4.430377410448959642e-03 -6.510283403570675097e-04 9.999899739087892980e-01 3.141329300000000213e+00
9.998759843418228987e-01 1.457088436159960018e-02 5.975388304666423046e-03 -1.719949999999999951e-02 -1.457381303078351606e-02 9.998936964900647650e-01 4.468704263397034319e-04 -5.831510000000000166e-02 -5.968241802609596837e-03 -5.338991993481999538e-04 9.999820473595666392e-01 3.216304500000000122e+00
9.997957977895099990e-01 1.832531097650468357e-02 8.517376359624155222e-03 -1.731159999999999990e-02 -1.832401946566774090e-02 9.998320746858347929e-01 -2.296519997943340607e-04 -5.975849999999999912e-02 -8.520154520835708165e-03 7.353253413816138119e-05 9.999637001211131304e-01 3.290970999999999869e+00
9.997265207411863974e-01 2.078155830690455244e-02 1.072429769537281731e-02 -1.700979999999999853e-02 -2.075717403370122213e-02 9.997817136674737037e-01 -2.380071903183655566e-03 -6.095640000000000086e-02 -1.077141833079060980e-02 2.156814889231575480e-03 9.999396605279124994e-01 3.365985900000000086e+00
9.997508602886515661e-01 1.920495174991257090e-02 1.137484858732121414e-02 -1.667799999999999838e-02 -1.917783039665991660e-02 9.998129912784220474e-01 -2.488632590573788828e-03 -6.162460000000000160e-02 -1.142051546025398510e-02 2.269867656373188505e-03 9.999322074658084647e-01 3.403740899999999847e+00
9.997514395888372762e-01 1.774835739187309580e-02 1.349277028403950487e-02 -1.630130000000000121e-02 -1.773863469200676751e-02 9.998423052435679859e-01 -8.399312420125077229e-04 -6.302220000000000044e-02 -1.350554994478380885e-02 6.003791453059035459e-04 9.999086156572363215e-01 3.478443599999999858e+00
9.997639011897424544e-01 1.707388661845411770e-02 1.343965303149288748e-02 -1.588200000000000028e-02 -1.707049639496734800e-02 9.998542211284888737e-01 -3.669391941162493788e-04 -6.376289999999999736e-02 -1.344395889223666540e-02 1.374310115853703102e-04 9.999096164564179601e-01 3.516036499999999787e+00
9.997975163436459978e-01 1.476322391132134024e-02 1.367382656102353496e-02 -1.568519999999999984e-02 -1.476048050587073016e-02 9.998910127063748154e-01 -3.015364920200896905e-04 -6.437389999999999779e-02 -1.367678793842227493e-02 9.964318541401603077e-05 9.999064633969134697e-01 3.553337799999999991e+00
9.998585237348019961e-01 1.127313133710829661e-02 1.248395068552519797e-02 -1.480629999999999967e-02 -1.127887046879283602e-02 9.999363156930057839e-01 3.894088413421164683e-04 -6.581149999999999500e-02 -1.247876579676496060e-02 -5.301586119544444498e-04 9.999219966257546499e-01 3.628716199999999947e+00
9.998984192667960125e-01 9.520341953255684331e-03 1.060727282837847264e-02 -1.430179999999999993e-02 -9.533570629996657164e-03 9.999538377267492839e-01 1.197266298179465709e-03 -6.724929999999999797e-02 -1.059538478798394655e-02 -1.298269863692047034e-03 9.999430245351759172e-01 3.702914700000000003e+00
9.999298649517923687e-01 7.320601889086400353e-03 9.309885362974900519e-03 -1.399629999999999971e-02 -7.333937528695031773e-03 9.999721275729803738e-01 1.399084519364741409e-03 -6.791400000000000214e-02 -9.299383733099107069e-03 -1.467264512155899529e-03 9.999556833165337277e-01 3.740495899999999985e+00
9.999491793400903106e-01 7.173730597120909699e-03 7.083524998168885117e-03 -1.374730000000000049e-02 -7.179286192998731581e-03 9.999739404067120585e-01 7.591819495128142347e-04 -6.918900000000000050e-02 -7.077894237608385597e-03 -8.099980206022638516e-04 9.999746233361963554e-01 3.815228700000000028e+00
9.999765089913219551e-01 4.889644762134050596e-03 4.803419576584627010e-03 -1.349840000000000068e-02 -4.880293773755782494e-03 9.999861772624747402e-01 -1.956531794835003439e-03 -7.051040000000000085e-02 -4.812919925619160016e-03 1.933043735277289316e-03 9.999865494813953148e-01 3.890795499999999851e+00
9.999633506448348808e-01 -8.230206517252966480e-03 2.358191645805503625e-03 -1.274690000000000024e-02 8.230443240390180465e-03 9.999661252153766444e-01 -9.069626435534800999e-05 -7.192139999999999644e-02 -2.357365313585413867e-03 1.101019028865080123e-04 9.999972153492975302e-01 3.966183899999999873e+00
9.998379627392592894e-01 -1.800116753150614313e-02 -7.894878211410456337e-05 -1.264069999999999951e-02 1.800095230742861097e-02 9.998355852923466180e-01 -2.183597750604373156e-03 -7.319570000000000243e-02 1.182431107032229822e-04 2.181822773144740431e-03 9.999976128311274248e-01 4.040841600000000255e+00
9.999030766152776639e-01 -1.385337855260549908e-02 1.386101720756022617e-03 -1.302359999999999976e-02 1.386297203416636190e-02 9.998782034474271718e-01 -7.169119689695096012e-03 -7.499260000000000648e-02 -1.286616369394635731e-03 7.187640323740642281e-03 9.999733408670925527e-01 4.115465600000000279e+00
9.998473602791898562e-01 -1.725579598889672578e-02 2.737452743965609198e-03 -1.306339999999999932e-02 1.726562923699834218e-02 9.998444205139951357e-01 -3.610098902205551540e-03 -7.673979999999999690e-02 -2.674731722318541421e-03 3.656811701848136295e-03 9.999897367165279105e-01 4.190318600000000338e+00
9.996662480935395445e-01 -2.559122098835517681e-02 3.532963474328581262e-03 -1.281020000000000075e-02 2.559090571990194421e-02 9.996724901063694935e-01 1.344208523460404582e-04 -7.809240000000000625e-02 -3.535246387574734594e-03 -4.396425394690198739e-05 9.999937500305307037e-01 4.265274500000000302e+00
9.996635633442360058e-01 -2.553580282654620975e-02 4.547845193969095139e-03 -1.284820000000000059e-02 2.553310123691202027e-02 9.996737651774403322e-01 6.511199469822088201e-04 -7.940590000000000148e-02 -4.562988399081781103e-03 -5.347802946173281459e-04 9.999894465177651126e-01 4.340092199999999956e+00
9.998216175316360088e-01 -1.777809670594911531e-02 6.377491194578333369e-03 -1.281870000000000058e-02 1.779309239738147488e-02 9.998390395445260204e-01 -2.302360879214758980e-03 -8.085710000000000119e-02 -6.335533076328198065e-03 2.415425468486678828e-03 9.999770131060238265e-01 4.415667499999999634e+00
9.998873103433418841e-01 -1.307558290341231770e-02 7.375347184612704443e-03 -1.280060000000000052e-02 1.308926851852579114e-02 9.999126929759072357e-01 -1.810379882542495445e-03 -8.228960000000000441e-02 -7.351031492757511068e-03 1.906713771171859645e-03 9.999711629735066332e-01 4.491280999999999857e+00
9.999310727179030467e-01 -9.702620534803946262e-03 6.611275821004719729e-03 -1.255449999999999969e-02 9.732194656659292481e-03 9.999427130588239843e-01 -4.455893594253045910e-03 -8.391700000000000548e-02 -6.567663236547162560e-03 4.519928684837162987e-03 9.999682175170845344e-01 4.567119599999999835e+00
9.999817010466630629e-01 -1.217119579655281117e-04 6.048368211474951413e-03 -1.303149999999999968e-02 1.750837919067595454e-04 9.999610486769927586e-01 -8.824424880684677078e-03 -8.558230000000000004e-02 -6.047058581500930861e-03 8.825322374186874222e-03 9.999427717462153753e-01 4.643160800000000421e+00
9.999498582088948151e-01 7.248274930626339742e-03 6.909672824459356204e-03 -1.334959999999999966e-02 -7.210289634626114615e-03 9.999588439178462851e-01 -5.506559167850521089e-03 -8.733530000000000459e-02 -6.949301504167279715e-03 5.456462316766162376e-03 9.999609663519820613e-01 4.719432799999999872e+00
9.999659511033293091e-01 5.354572804946736153e-03 6.278947689739898010e-03 -1.311099999999999939e-02 -5.338127370688656656e-03 9.999822857511602159e-01 -2.632979312322703425e-03 -8.856600000000000583e-02 -6.292934942319820292e-03 2.599371839760439198e-03 9.999768208492886279e-01 4.795716800000000113e+00
9.999940341277875344e-01 2.482817716447790861e-03 2.401525560996390241e-03 -1.282890000000000072e-02 -2.466345849462660798e-03 9.999735809335277281e-01 -6.837731577671356600e-03 -9.023670000000000302e-02 -2.418438956034316568e-03 6.831767792038799872e-03 9.999737387060980698e-01 4.872594399999999659e+00
9.999589839306251005e-01 9.054491822127324133e-03 2.159497047910460561e-04 -1.326019999999999976e-02 -9.051424709038779701e-03 9.998934341912014689e-01 -1.145390641057497834e-02 -9.236039999999999528e-02 -3.196359938620580527e-04 1.145148196386117263e-02 9.999343785437436738e-01 4.949462900000000332e+00
9.999245188843729482e-01 1.228626755983832156e-02 6.452366414597814103e-05 -1.342169999999999995e-02 -1.228493876683819930e-02 9.998708104894880044e-01 -1.036545274406035916e-02 -9.341270000000000129e-02 -1.918680541577765571e-04 1.036387767886021161e-02 9.999462751698749985e-01 4.988071399999999933e+00
9.998896089996244241e-01 1.485815342138819758e-02 7.135464075946335971e-05 -1.361710000000000004e-02 -1.485722669131469414e-02 9.998625689229797553e-01 -7.355683638012958450e-03 -9.411390000000000033e-02 -1.806367104271248123e-04 7.353811504664471699e-03 9.999729440473541509e-01 5.027515400000000412e+00
9.998818399511474331e-01 1.536095255013415761e-02 5.892984478035153328e-04 -1.390090000000000076e-02 -1.535763287442370659e-02 9.998681465550368630e-01 -5.275662715707574342e-03 -9.510140000000000260e-02 -6.702599514195568342e-04 5.265989113928522432e-03 9.999859099558601194e-01 5.066325199999999640e+00
9.998874107048055793e-01 1.499141834571143979e-02 6.506074263646315211e-04 -1.409589999999999975e-02 -1.498846846859054095e-02 9.998783170684328869e-01 -4.323987669315219190e-03 -9.588629999999999376e-02 -7.153509666180942828e-04 4.313749225695604969e-03 9.999904398746081169e-01 5.105226000000000042e+00
9.999457216723084407e-01 1.041073744994400196e-02 4.126196732230808808e-04 -1.383000000000000028e-02 -1.040935366541498666e-02 9.999406212887802514e-01 -3.224787260644760341e-03 -9.743240000000000234e-02 -4.461675859011577489e-04 3.220317120477204486e-03 9.999947152321000399e-01 5.183125999999999678e+00
9.999883709590817737e-01 4.713228727096412454e-03 1.021480086884056547e-03 -1.378159999999999975e-02 -4.710736534671104356e-03 9.999859553059898820e-01 -2.428611139666005982e-03 -9.889069999999999805e-02 -1.032912340299219122e-03 2.423770973682964555e-03 9.999965292071589795e-01 5.261396399999999751e+00
9.999949988229389630e-01 -2.546385580154806975e-03 1.875699759416936440e-03 -1.372690000000000021e-02 2.548007859176795384e-03 9.999963814270941276e-01 -8.630113946930496275e-04 -1.003010000000000013e-01 -1.873495412289651616e-03 8.677863763487095230e-04 9.999978684786008376e-01 5.340123199999999848e+00
9.999975793232280807e-01 -1.146425399710523729e-04 2.197317631135257618e-03 -1.399509999999999990e-02 1.265564320232228051e-04 9.999852893473416549e-01 -5.422644408666760923e-03 -1.011186000000000029e-01 -2.196663641430436284e-03 5.422909366876817183e-03 9.999828832149303404e-01 5.379563300000000048e+00
9.998696753560282202e-01 1.570346765923478702e-02 3.746118912441329628e-03 -1.472009999999999985e-02 -1.566348516618901524e-02 9.998224622490278213e-01 -1.047373929119643429e-02 -1.029520000000000018e-01 -3.909927861145300575e-03 1.041369702683644927e-02 9.999381317753384124e-01 5.459035400000000315e+00
9.997085236025047283e-01 2.358030118057503205e-02 5.180466459079023818e-03 -1.514839999999999937e-02 -2.354479768649116178e-02 9.996995836556594739e-01 -6.810649058895426947e-03 -1.038879999999999942e-01 -5.339507318327362147e-03 6.686690880742467147e-03 9.999633882431211429e-01 5.498861800000000244e+00
9.996826361387697313e-01 2.446205433478344099e-02 6.019543202126040327e-03 -1.527799999999999991e-02 -2.443474356317849178e-02 9.996909837420802081e-01 -4.569500168892434537e-03 -1.048016999999999976e-01 -6.129462426825582275e-03 4.420963980163518901e-03 9.999714419761417394e-01 5.538847900000000379e+00
9.997223955975231835e-01 2.286931002028338988e-02 5.668015520917105664e-03 -1.529669999999999988e-02 -2.284581972699614716e-02 9.997302824458639270e-01 -4.175030744158294595e-03 -1.055154999999999982e-01 -5.761966830066369248e-03 4.044381276442551680e-03 9.999752210521718476e-01 5.578692000000000206e+00
9.998072878305732658e-01 1.915036450759892081e-02 4.318650263620904886e-03 -1.504559999999999925e-02 -1.913291479248415208e-02 9.998087612150200476e-01 -4.046303156042295630e-03 -1.064646999999999955e-01 -4.395312550538195071e-03 3.962895016670538346e-03 9.999824881920033048e-01 5.618995700000000149e+00
9.998499782522974888e-01 1.704825396787285410e-02 3.062356205153091149e-03 -1.476790000000000047e-02 -1.703357213897939773e-02 9.998435969706611637e-01 -4.758047599207547787e-03 -1.072407999999999972e-01 -3.142993647228208703e-03 4.705170923255336604e-03 9.999839913506197719e-01 5.659247399999999928e+00
9.998377994587821505e-01 1.778466374416939541e-02 2.842623599277417906e-03 -1.506230000000000069e-02 -1.776936803439345750e-02 9.998279670073461078e-01 -5.318453686520042967e-03 -1.081423999999999996e-01 -2.936721484686342486e-03 5.267079405534834044e-03 9.999818166054107449e-01 5.698998900000000312e+00
9.998077085963984478e-01 1.939829385872455028e-02 2.872634085632360355e-03 -1.537810000000000045e-02 -1.938290999063634404e-02 9.997981406810894089e-01 -5.289677771992156406e-03 -1.089566000000000007e-01 -2.974664941511422772e-03 5.232980604510933421e-03 9.999818834771351250e-01 5.739263099999999618e+00
9.997911923000130097e-01 2.023502719345002601e-02 2.848767066411673782e-03 -1.557730000000000052e-02 -2.022317539740995859e-02 9.997869628660558394e-01 -4.129413991532064968e-03 -1.099525999999999976e-01 -2.931718977652235467e-03 4.070940622043790064e-03 9.999874161539673567e-01 5.779741800000000040e+00
9.998049758976588208e-01 1.960406157860374032e-02 2.385569094405841362e-03 -1.558410000000000004e-02 -1.959272152846987941e-02 9.997970553022659246e-01 -4.687587015258330193e-03 -1.107777999999999957e-01 -2.476980700309241307e-03 4.639933031854916005e-03 9.999861676983687886e-01 5.820257699999999979e+00
9.998211769830525064e-01 1.882428557493812799e-02 1.805638063623965072e-03 -1.557659999999999947e-02 -1.881388336726283472e-02 9.998072383656019246e-01 -5.614615248739758709e-03 -1.116922000000000054e-01 -1.910981126715369065e-03 5.579640162369467991e-03 9.999826077321504192e-01 5.860883199999999960e+00
9.998315372811673596e-01 1.829653296665014611e-02 1.460800937165800638e-03 -1.567349999999999993e-02 -1.828777290885628959e-02 9.998159395493494417e-01 -5.800378012308770453e-03 -1.126965000000000050e-01 -1.566658869008235450e-03 5.772686069054627431e-03 9.999821106777542212e-01 5.901311399999999985e+00
9.998273102686684455e-01 1.854562772358912121e-02 1.187153426362657889e-03 -1.580590000000000120e-02 -1.853820443170360599e-02 9.998102379592316291e-01 -5.985235864424788901e-03 -1.135348999999999942e-01 -1.297928105885262423e-03 5.962194582741697432e-03 9.999813836359101593e-01 5.942197799999999752e+00
9.998283838593369222e-01 1.849567402184199710e-02 1.054927345484123940e-03 -1.615580000000000141e-02 -1.848896834521382426e-02 9.998107793226681528e-01 -6.046784246899777893e-03 -1.144484999999999947e-01 -1.166567081728343358e-03 6.026242002826746880e-03 9.999811615868406944e-01 5.982983599999999846e+00
9.998297113505090206e-01 1.844373111045640931e-02 6.140712360734872522e-04 -1.634079999999999908e-02 -1.843973264074308741e-02 9.998120849535927501e-01 -5.980889640153539202e-03 -1.154784999999999978e-01 -7.242657631729694599e-04 5.968547853118396501e-03 9.999819257744757550e-01 6.023955299999999902e+00
9.998079031856493826e-01 1.959776293873679784e-02 2.905431330172700364e-04 -1.664440000000000017e-02 -1.959532511353869952e-02 9.997847040344507441e-01 -6.824134556146402297e-03 -1.161703000000000041e-01 -4.242183515463124289e-04 6.817130374486488065e-03 9.999766731140519171e-01 6.065222300000000288e+00
9.998150143262700684e-01 1.923141778266768132e-02 -2.994959580231184009e-04 -1.675130000000000022e-02 -1.923299061230400453e-02 9.997926826610826767e-01 -6.684591944371501282e-03 -1.172726999999999936e-01 1.708796869292213247e-04 6.689115593576143784e-03 9.999776130157657095e-01 6.106410999999999589e+00
9.998166278150799613e-01 1.914593535706210492e-02 -3.793465237820461879e-04 -1.734679999999999903e-02 -1.914808425943514969e-02 9.997932294985933943e-01 -6.844641551351083979e-03 -1.191125999999999990e-01 2.482210214266878648e-04 6.850650193675720222e-03 9.999765032130747411e-01 6.189029200000000230e+00
9.998453781944158791e-01 1.757670900472157322e-02 -5.282081300807613296e-04 -1.737309999999999896e-02 -1.758009963878786469e-02 9.998187867913790328e-01 -7.302990873969140637e-03 -1.199749999999999983e-01 3.997498663347968939e-04 7.311147623890880409e-03 9.999731933009334828e-01 6.230342399999999614e+00
9.998590139904259821e-01 1.678516299437079334e-02 -4.587432239337337070e-04 -1.768000000000000127e-02 -1.678786494950228886e-02 9.998365520259653305e-01 -6.710948015462766050e-03 -1.211599000000000009e-01 3.460238869968879300e-04 6.717703184971507077e-03 9.999773761097738856e-01 6.271721799999999902e+00
9.998871096347017318e-01 1.502182264274713741e-02 -3.359030391650308367e-04 -1.781330000000000066e-02 -1.502358868368188632e-02 9.998686344809797344e-01 -6.083219887893046365e-03 -1.220762999999999987e-01 2.444778628351889282e-04 6.087579620075726089e-03 9.999814406302467429e-01 6.313673999999999786e+00
9.998720077751592772e-01 1.599324131002465704e-02 -4.293018413921114080e-04 -1.816819999999999893e-02 -1.599558454225058490e-02 9.998530677288531843e-01 -6.163134620712613053e-03 -1.239774000000000015e-01 3.306702638823240631e-04 6.169212721298646986e-03 9.999809155536799610e-01 6.396665099999999882e+00
9.998388489479864694e-01 1.794840213826080430e-02 3.619323815222547374e-04 -1.853300000000000086e-02 -1.794600093823079875e-02 9.998221146457773045e-01 -5.803457208512748447e-03 -1.262212000000000056e-01 -4.660307828229382355e-04 5.796026736419906955e-03 9.999830943017887774e-01 6.479735400000000034e+00
9.998234141136299602e-01 1.877026798614948172e-02 9.042288941157936412e-04 -1.876239999999999852e-02 -1.876639741467592964e-02 9.998154313942407834e-01 -4.114058096654111228e-03 -1.269480000000000053e-01 -9.812839748343051872e-04 4.096362493277726051e-03 9.999911284086896446e-01 6.521888699999999872e+00
9.998237345057352510e-01 1.863550396560029535e-02 2.284274710500702309e-03 -1.914830000000000004e-02 -1.862353278206545573e-02 9.998132802388388640e-01 -5.154482007757314049e-03 -1.288921000000000094e-01 -2.379904561168508324e-03 5.111032185484285645e-03 9.999841065758388048e-01 6.604861699999999836e+00
9.998109701810689032e-01 1.919668445859377612e-02 3.084025192299633036e-03 -1.927759999999999890e-02 -1.917895061377776142e-02 9.997999303170633789e-01 -5.680421758064127698e-03 -1.308982999999999952e-01 -3.192453436438528590e-03 5.620199622112988062e-03 9.999791105804479718e-01 6.688566200000000350e+00
9.998221923874957007e-01 1.866148520265224764e-02 2.707873610925260431e-03 -1.916570000000000079e-02 -1.864916389789308959e-02 9.998159343027288593e-01 -4.506240147942000562e-03 -1.318837999999999955e-01 -2.791468318121360058e-03 4.454939325354999660e-03 9.999861805146290639e-01 6.730404899999999913e+00
9.998066063604296172e-01 1.954692423760966483e-02 2.160470062272624395e-03 -1.934349999999999958e-02 -1.953749884542092460e-02 9.997998741544091850e-01 -4.300904520303359783e-03 -1.336355999999999933e-01 -2.244107151186100924e-03 4.257862571377516760e-03 9.999884172276283234e-01 6.813810799999999723e+00
9.997558574470422066e-01 2.189607275711238574e-02 2.964371458631141678e-03 -1.976139999999999841e-02 -2.188396795493045485e-02 9.997522894099645230e-01 -4.056077672101736191e-03 -1.356052000000000091e-01 -3.052449324244878390e-03 3.990215200936679703e-03 9.999873802882580653e-01 6.897443799999999570e+00
9.997553127694358555e-01 2.192880761946546658e-02 2.905509538090849785e-03 -1.970770000000000161e-02 -2.191884683014253682e-02 9.997539143698522812e-01 -3.416848810640956378e-03 -1.366267999999999927e-01 -2.979721954178613571e-03 3.352327332839293017e-03 9.999899415286782611e-01 6.939277200000000256e+00
9.997863180265514904e-01 2.050155930295822701e-02 2.646573833938354724e-03 -1.958839999999999887e-02 -2.049259243072211814e-02 9.997843187325526904e-01 -3.371894416183838106e-03 -1.373255999999999921e-01 -2.715132110876164896e-03 3.316938744214015678e-03 9.999908129452927952e-01 6.981592199999999693e+00
9.998301976272767622e-01 1.828050474921816618e-02 2.323587466517266446e-03 -1.951340000000000019e-02 -1.827431078352506275e-02 9.998294736601079924e-01 -2.659542430321060885e-03 -1.381477999999999873e-01 -2.371809011679413843e-03 2.616628874210194002e-03 9.999937638682286911e-01 7.023802800000000346e+00
9.998662496425182455e-01 1.620177528316624205e-02 2.232779317162007435e-03 -1.930480000000000043e-02 -1.619712490978889030e-02 9.998666433346999893e-01 -2.085351590603357064e-03 -1.388530000000000042e-01 -2.266267959015268868e-03 2.048908068586572512e-03 9.999953329917417033e-01 7.065966600000000319e+00
9.998888829414556145e-01 1.482594081323496474e-02 1.553463578766137816e-03 -1.899990000000000012e-02 -1.482120175241201723e-02 9.998856022869627713e-01 -3.018992853913109349e-03 -1.396554999999999880e-01 -1.598045275453135539e-03 2.995633195191499398e-03 9.999942361999180074e-01 7.107747999999999955e+00
9.999066499529667418e-01 1.359450604103703587e-02 1.371417272578874611e-03 -1.904339999999999852e-02 -1.358921260839726121e-02 9.999004492910635866e-01 -3.798000554634264458e-03 -1.404741999999999935e-01 -1.422912688500979454e-03 3.779009530211954477e-03 9.999918471699914546e-01 7.149900899999999559e+00
9.999292626407670914e-01 1.183139942194288280e-02 1.219714069113884535e-03 -1.875620000000000065e-02 -1.182897134727964317e-02 9.999280768160571098e-01 -1.979048207268842893e-03 -1.413177999999999934e-01 -1.243041253210011403e-03 1.964480251849443863e-03 9.999972978292406278e-01 7.192529699999999693e+00
9.999491706505869715e-01 9.902045939029492996e-03 1.898842127393656149e-03 -1.899349999999999997e-02 -9.901303486440334381e-03 9.999509008869813531e-01 -4.000057298500824866e-04 -1.421391999999999933e-01 -1.902709771042289085e-03 3.811843856429101445e-04 9.999981171952232462e-01 7.234711599999999798e+00
9.999554325664035126e-01 9.182006524075921050e-03 2.196278017179912299e-03 -1.906980000000000133e-02 -9.178984997257850359e-03 9.999569173722313575e-01 -1.381895019406315052e-03 -1.427101000000000064e-01 -2.208871964835398480e-03 1.361673828922298516e-03 9.999966333588461431e-01 7.277012299999999989e+00
9.999565881623997399e-01 8.918459717641134127e-03 2.698678728122465894e-03 -1.923100000000000157e-02 -8.912937971580926072e-03 9.999581750845859540e-01 -2.051247966262782427e-03 -1.436109000000000135e-01 -2.716859828470941009e-03 2.027105761710212666e-03 9.999942547409476079e-01 7.318741300000000116e+00
9.999367522845887812e-01 1.072184080800575763e-02 3.396109573715469249e-03 -1.923769999999999994e-02 -1.071099161211341681e-02 9.999375255026128340e-01 -3.196834433751910218e-03 -1.440935999999999884e-01 -3.430173353365019006e-03 3.160256540119543017e-03 9.999891232855318002e-01 7.360994800000000282e+00
9.999177315363014795e-01 1.201711070058713790e-02 4.485444203945583401e-03 -1.931019999999999959e-02 -1.200477251954033819e-02 9.999241100940423621e-01 -2.767578253935810452e-03 -1.451922999999999964e-01 -4.518362098256851166e-03 2.713503832207236205e-03 9.999861105539924466e-01 7.403142899999999749e+00
9.998844891055015394e-01 1.415906999820605583e-02 5.525321983039215706e-03 -1.943790000000000101e-02 -1.414047351849655534e-02 9.998942706454536644e-01 -3.390359725617627957e-03 -1.459488999999999925e-01 -5.572742134986406054e-03 3.311837432950717145e-03 9.999789879182036101e-01 7.445087400000000244e+00
9.998739614646838803e-01 1.472620203053703024e-02 5.932972162044161842e-03 -1.921230000000000160e-02 -1.470723383265183475e-02 9.998866318053485358e-01 -3.228127932280441120e-03 -1.469544999999999879e-01 -5.979837615812414083e-03 3.140463454854245870e-03 9.999771892555235908e-01 7.487736199999999620e+00
9.998560096227013805e-01 1.539196345029546220e-02 7.144752095987048912e-03 -1.936219999999999955e-02 -1.536848678325569706e-02 9.998763553123413139e-01 -3.329219323129237358e-03 -1.478694000000000119e-01 -7.195111907485365194e-03 3.218935919425974616e-03 9.999689339255422027e-01 7.529846700000000226e+00
