1.000000000000000000e+00 0.000000000000000000e+00 0.000000000000000000e+00 0.000000000000000000e+00 0.000000000000000000e+00 1.000000000000000000e+00 0.000000000000000000e+00 0.000000000000000000e+00 0.000000000000000000e+00 0.000000000000000000e+00 1.000000000000000000e+00 0.000000000000000000e+00
9.999993618144290553e-01 -1.085710933909369040e-03 3.124139924335704826e-04 -1.705999999999999997e-04 1.085488533119482275e-03 9.999991579758582549e-01 7.111696133009202427e-04 -4.411999999999999906e-04 -3.131858539984714988e-04 -7.108300376363618778e-04 9.999996983175937215e-01 3.798279999999999712e-02
9.999998151495120835e-01 -6.037561353477307420e-04 -7.196854052107689833e-05 -2.635000000000000081e-04 6.038435446220480471e-04 9.999990725365203170e-01 1.220778060433006743e-03 -1.105300000000000032e-03 7.123142152899955451e-05 -1.220821292510196159e-03 9.999992522604486123e-01 7.581720000000000126e-02
9.999998443011788307e-01 5.610949061325425739e-06 -5.580019133497621676e-04 -3.213000000000000036e-04 -5.989049864110190729e-06 9.999997704122983722e-01 -6.775983190306064706e-04 -1.689299999999999916e-03 5.579979832697331762e-04 6.776015554306303148e-04 9.999996147471171826e-01 1.140643999999999963e-01
9.999962702686597815e-01 2.678858833313051482e-03 -5.321316760099694971e-04 -6.084000000000000432e-04 -2.680330955705222291e-03 9.999925289739597378e-01 -2.785286741467037173e-03 -2.357300000000000107e-03 5.246663104496725009e-04 2.786702642099507087e-03 9.999959794987414163e-01 1.517323999999999895e-01
9.999803312736138539e-01 6.244496978667211061e-03 -5.859380487494805128e-04 -7.841000000000000313e-04 -6.246619960962099087e-03 9.999736660336239202e-01 -3.694181687176483191e-03 -3.050999999999999893e-03 5.628543122923849876e-04 3.697769159638863382e-03 9.999930048246663539e-01 1.901066999999999896e-01
9.999623107700551516e-01 8.671489233411402292e-03 -4.269823024378067446e-04 -1.136499999999999923e-03 -8.673113516736434547e-03 9.999545396753797277e-01 -3.961777950037718293e-03 -3.737600000000000210e-03 3.926083768448120482e-04 3.965331899656249562e-03 9.999920609692799500e-01 2.283386000000000027e-01
9.999545696608536094e-01 9.531110545622733382e-03 -1.286318166600875184e-04 -1.415699999999999988e-03 -9.531452212681434250e-03 9.999501163145099181e-01 -2.986017634846328383e-03 -4.533099999999999977e-03 1.001653358621019382e-04 2.987108027066005724e-03 9.999955335662955580e-01 2.663391999999999982e-01
9.999765932930441137e-01 6.841569611053905861e-03 7.610055797812597680e-05 -1.433599999999999935e-03 -6.841549375456347157e-03 9.999765617256278771e-01 -2.630618456204071197e-04 -5.212699999999999799e-03 -7.789853024119255216e-05 2.625350424839683217e-04 9.999999625035844719e-01 3.047644999999999937e-01
9.999958972059568296e-01 2.863944394105426457e-03 5.825599535741200199e-05 -1.381400000000000076e-03 -2.864047520994556298e-03 9.999941786099646457e-01 1.854717762798441250e-03 -5.998800000000000313e-03 -5.294384768712677566e-05 -1.854877001212538751e-03 9.999982783126475372e-01 3.431773000000000184e-01
9.999996465601681539e-01 8.345672568012560757e-04 -1.018677214080105237e-04 -1.562999999999999936e-03 -8.346324433560650506e-04 9.999994458961841692e-01 -6.415574870711219981e-04 -6.652199999999999606e-03 1.013322420906521292e-04 6.416422824243694749e-04 9.999997890134567635e-01 3.813212000000000268e-01
9.999999974007998116e-01 -6.843293709909215635e-05 -2.270096142168202895e-05 -1.771500000000000071e-03 6.836692653228294652e-05 9.999958065687674091e-01 -2.895197893689592343e-03 -7.214199999999999606e-03 2.289899312210967879e-05 2.895196334169431764e-03 9.999958086481276487e-01 4.197460000000000080e-01
9.999980659910485681e-01 1.907841822964619592e-03 4.776544158770183604e-04 -1.918100000000000057e-03 -1.905747534495672718e-03 9.999887347205284049e-01 -4.347247217639588039e-03 -7.992400000000000199e-03 -4.859428950231121057e-04 4.346328521299155749e-03 9.999904365982145160e-01 4.587146999999999752e-01
9.999895065083388435e-01 4.430915970402835025e-03 1.163553553638843217e-03 -2.150700000000000181e-03 -4.428255301770408006e-03 9.999875974120895350e-01 -2.279380832423494839e-03 -8.705600000000000838e-03 -1.173638867496621047e-03 2.274204401566942181e-03 9.999967252777124394e-01 4.974694000000000060e-01
9.999849292644109600e-01 5.118544603990368182e-03 1.985382881922691939e-03 -2.442800000000000180e-03 -5.121015218258724057e-03 9.999861170664415821e-01 1.241320875256491166e-03 -9.317900000000000488e-03 -1.979001562716189815e-03 -1.251469343590195637e-03 9.999972586848909772e-01 5.366718000000000321e-01
9.999922029879053653e-01 3.085483465786837028e-03 2.464498971019942700e-03 -2.557100000000000085e-03 -3.093296630981094350e-03 9.999901824102482850e-01 3.172790423454771667e-03 -9.887200000000000502e-03 -2.454685183188125546e-03 -3.180389111533578426e-03 9.999919297903111515e-01 5.754177000000000319e-01
9.999967158734707207e-01 -1.524965897578036723e-03 2.059786708453099652e-03 -2.594700000000000131e-03 1.522230804043488758e-03 9.999979585917683211e-01 1.328768480710464410e-03 -1.044609999999999983e-02 -2.061808830206417111e-03 -1.325628646089278785e-03 9.999969958220076283e-01 6.143134000000000094e-01
9.999968335866473712e-01 -1.790872861560483973e-03 1.767934125694831798e-03 -2.468000000000000142e-03 1.792324086270433376e-03 9.999980578999063674e-01 -8.196162426656915852e-04 -1.119440000000000018e-02 -1.766462863703916440e-03 8.227823583382991215e-04 9.999981013172685174e-01 6.535923000000000149e-01
9.999958193428982733e-01 -1.886209051547788410e-03 2.191691615939583143e-03 -2.455800000000000170e-03 1.893381969362291362e-03 9.999928436524259112e-01 -3.275324205782251946e-03 -1.186850000000000058e-02 -2.185497985268904445e-03 3.279460222162872834e-03 9.999922343394510582e-01 6.928564999999999863e-01
9.999940987172705187e-01 1.404934112888343899e-03 3.135074284956975831e-03 -2.828300000000000172e-03 -1.391855557708492020e-03 9.999903369612015425e-01 -4.169978696486800057e-03 -1.259749999999999932e-02 -3.140902535933235828e-03 4.165590517696190001e-03 9.999863912008496447e-01 7.318869999999999543e-01
9.999909214483608810e-01 2.520912022521486131e-03 3.435407316897965899e-03 -2.846500000000000072e-03 -2.499051253620539464e-03 9.999766975893814580e-01 -6.352875023689004766e-03 -1.339979999999999991e-02 -3.451342302650819809e-03 6.344232089823053505e-03 9.999739191376445513e-01 7.713301999999999659e-01
9.999892729105676059e-01 2.999371576917078588e-03 3.529565686882015375e-03 -2.965000000000000187e-03 -2.978988003881149430e-03 9.999789377782496436e-01 -5.766249245067705045e-03 -1.428869999999999967e-02 -3.546786470477911093e-03 5.755672856156230852e-03 9.999771460067004014e-01 8.105771999999999977e-01
9.999884359918513876e-01 3.310141312257837594e-03 3.488674112581438298e-03 -3.056000000000000123e-03 -3.293821516085530809e-03 9.999836551535884466e-01 -4.673346283911055353e-03 -1.507179999999999978e-02 -3.504086527339748697e-03 4.661801171441915491e-03 9.999829943491272966e-01 8.500704999999999512e-01
9.999852461098539536e-01 4.541764047463440514e-03 2.979923145319647582e-03 -3.062699999999999798e-03 -4.532992999997238238e-03 9.999853936025238088e-01 -2.943561799509479375e-03 -1.591609999999999900e-02 -2.993248582530237158e-03 2.930010399763787431e-03 9.999912277125138083e-01 8.898650000000000171e-01
9.999673424967051583e-01 7.544874414247917244e-03 2.896344273440422130e-03 -3.160699999999999794e-03 -7.536988808202881029e-03 9.999678864740020323e-01 -2.723934731643003031e-03 -1.671069999999999847e-02 -2.916803007076152528e-03 2.702016060361906238e-03 9.999920956534743555e-01 9.293694000000000122e-01
9.999464890356132285e-01 9.820919763233237898e-03 3.250938380560365864e-03 -3.417499999999999965e-03 -9.811196112403088032e-03 9.999473880564382355e-01 -2.993584799330346793e-03 -1.748399999999999954e-02 -3.280167098492423484e-03 2.961529015719745455e-03 9.999902348771686489e-01 9.692152000000000545e-01
9.999072363078880255e-01 1.332209828435584192e-02 2.835573385310855791e-03 -3.775300000000000097e-03 -1.331405801016263823e-02 9.999073429264515589e-01 -2.835739950276515344e-03 -1.892570000000000016e-02 -2.873088655705598963e-03 2.797723908024755870e-03 9.999919590189267904e-01 1.048705500000000068e+00
9.999259422690636168e-01 1.193428968169673969e-02 2.383842930786948550e-03 -3.796599999999999801e-03 -1.192764633428568428e-02 9.999249934242105953e-01 -2.781866013418093486e-03 -1.975220000000000101e-02 -2.416863721751288507e-03 2.753226359338457104e-03 9.999932892346651281e-01 1.088825099999999990e+00
9.999295283207498830e-01 1.173587520772000417e-02 1.790984464338825658e-03 -3.891400000000000154e-03 -1.173008131399095114e-02 9.999260415277844150e-01 -3.211956871239421505e-03 -2.060959999999999875e-02 -1.828547130877525859e-03 3.190722125846237513e-03 9.999932378309894787e-01 1.128209900000000099e+00
9.999351774248488312e-01 1.138551044146700851e-02 -1.053580724332669886e-04 -4.310500000000000095e-03 -1.138570665616446022e-02 9.999329751065618721e-01 -2.100232958441495060e-03 -2.203050000000000147e-02 8.143878654184050366e-05 2.101296392039295885e-03 9.999977889581540547e-01 1.208424200000000059e+00
9.999319364671032107e-01 1.161396413955691036e-02 -1.112775859797728549e-03 -4.587100000000000205e-03 -1.161642505183070433e-02 9.999300378204023509e-01 -2.231173122824426334e-03 -2.288770000000000041e-02 1.086785242935547381e-03 2.243947738674009588e-03 9.999968917933604873e-01 1.248313299999999959e+00
9.999263686892219116e-01 1.187252723327511181e-02 -2.510039258946212930e-03 -4.619400000000000069e-03 -1.187702565327891993e-02 9.999278725493431219e-01 -1.784925930155737946e-03 -2.366530000000000022e-02 2.488666634498263447e-03 1.814606304389099938e-03 9.999952568599225211e-01 1.288619200000000076e+00
9.999416526609029576e-01 9.932495628717176797e-03 -4.246975908516904125e-03 -5.133099999999999816e-03 -9.932014800386157818e-03 9.999506673068695450e-01 1.342927814772384922e-04 -2.523289999999999908e-02 4.248100256222667528e-03 -9.210391827050600270e-05 9.999909725397930771e-01 1.369133399999999945e+00
9.999679574138587990e-01 6.347834087096511542e-03 -4.877412014343412983e-03 -5.830400000000000339e-03 -6.350063394132399001e-03 9.999797405850714416e-01 -4.417174478824356198e-04 -2.668039999999999995e-02 4.874509251757103839e-03 4.726751696034454746e-04 9.999880077969628411e-01 1.449521499999999907e+00
9.999670980237063134e-01 6.016025244200799704e-03 -5.441535657201949060e-03 -5.760999999999999628e-03 -6.017075357137406655e-03 9.999818816388138520e-01 -1.766302464370740567e-04 -2.755459999999999854e-02 5.440374453472048531e-03 2.093665650608273669e-04 9.999851791358947972e-01 1.489752900000000047e+00
9.999853836049269473e-01 2.907280227606535983e-03 -4.558541234342465727e-03 -6.278800000000000180e-03 -2.901497639887075028e-03 9.999949783178688767e-01 1.274617782181350096e-03 -2.906879999999999881e-02 4.562224013873297616e-03 -1.261372555231505925e-03 9.999887974629135812e-01 1.570561499999999944e+00
9.999903116638300116e-01 1.389099310519806892e-03 -4.176958412729516075e-03 -6.446399999999999700e-03 -1.384093470575303419e-03 9.999983208286051806e-01 1.201093349701811428e-03 -3.007639999999999966e-02 4.178619836844372180e-03 -1.195300412239744562e-03 9.999905551519892022e-01 1.610686300000000015e+00
9.999946443474309055e-01 7.519802120018657899e-04 -3.185247590974911360e-03 -6.917200000000000085e-03 -7.524178585332684738e-04 9.999997076581657041e-01 -1.362018699172338348e-04 -3.175490000000000257e-02 3.185144238682772761e-03 1.385977776386389086e-04 9.999949178105030922e-01 1.690872799999999954e+00
9.999780358544718695e-01 6.294428824040274734e-03 -2.075566046079087637e-03 -7.271599999999999592e-03 -6.292300132934466189e-03 9.999796722711195018e-01 1.030535579960233008e-03 -3.350020000000000081e-02 2.082010487393930361e-03 -1.017452860619125297e-03 9.999973150073987460e-01 1.770455099999999948e+00
9.999162228499935967e-01 1.293648361426226467e-02 -4.412177466500813764e-04 -8.178799999999999959e-03 -1.293535460459754177e-02 9.999132783977734418e-01 2.472303595888373281e-03 -3.462420000000000081e-02 4.731623984978526706e-04 -2.466389165328398362e-03 9.999968465159426723e-01 1.850028299999999959e+00
9.997869986890963734e-01 2.062544853961216160e-02 7.403545019908425910e-04 -8.915400000000000408e-03 -2.062673615428511562e-02 9.997856690734475693e-01 1.775857815339998685e-03 -3.602090000000000153e-02 -7.035679571404904490e-04 -1.790750652270555084e-03 9.999981491004025225e-01 1.929373000000000005e+00
9.997428574698797865e-01 2.260434502913243396e-02 1.806245765004325455e-03 -9.528500000000000511e-03 -2.260753089554560710e-02 9.997428621106199120e-01 1.763293983708184983e-03 -3.731190000000000201e-02 -1.765923205185077451e-03 -1.803675322769152144e-03 9.999968141302068014e-01 2.008326499999999903e+00
9.997871059609827471e-01 2.055232191795230978e-02 1.828884343965309382e-03 -9.770700000000000218e-03 -2.055348898296788240e-02 9.997885614758520445e-01 6.216370914802634394e-04 -3.880390000000000228e-02 -1.815721561738541925e-03 -6.590947028638687120e-04 9.999981343729511529e-01 2.086540199999999956e+00
9.997923204954226595e-01 2.033974442974183922e-02 1.269123678319090606e-03 -1.010020000000000015e-02 -2.034014144731522561e-02 9.997930727008921270e-01 3.007078510008162489e-04 -3.997250000000000109e-02 -1.262744741146728730e-03 -3.264595552744452116e-04 9.999991494495770183e-01 2.164198900000000148e+00
9.997973579143626388e-01 2.013058814224605655e-02 -5.028426302847457220e-05 -1.047449999999999944e-02 -2.013057274616520190e-02 9.997973174533004714e-01 2.899208440573341605e-04 -4.143199999999999661e-02 5.611034839155559128e-05 -2.888498428779426655e-04 9.999999567086975683e-01 2.241779100000000025e+00
9.998360974882390950e-01 1.797120323653788460e-02 -2.194086078438379963e-03 -1.081730000000000018e-02 -1.796731142625862532e-02 9.998369889778030428e-01 1.780784072381567636e-03 -4.276610000000000134e-02 2.225731250709103975e-03 -1.741070369531879649e-03 9.999960073892135703e-01 2.319155499999999925e+00
9.999099686154863109e-01 1.273391340895731541e-02 -4.231088827987316767e-03 -1.135369999999999956e-02 -1.272269189171687867e-02 9.999155023424235456e-01 2.668573837699681796e-03 -4.420910000000000117e-02 4.264712699067030321e-03 -2.614502742777428425e-03 9.999874882222289374e-01 2.396255000000000024e+00
9.999334553400720527e-01 1.034544215224066435e-02 -5.104578174422925128e-03 -1.194950000000000005e-02 -1.033660585160957671e-02 9.999450368003306444e-01 1.754410970623381449e-03 -4.556369999999999865e-02 5.122447767681336493e-03 -1.701530211314229062e-03 9.999854325557984147e-01 2.472999800000000192e+00
9.999315036399880618e-01 1.047457091905587556e-02 -5.222201866475144338e-03 -1.258420000000000025e-02 -1.047106963291827286e-02 9.999449336833359236e-01 6.973534051063375299e-04 -4.699520000000000086e-02 5.229218776750912609e-03 -6.426235995554288941e-04 9.999861210566345360e-01 2.549246800000000146e+00
9.999109072064161774e-01 1.246832864394616797e-02 -4.766385472074594412e-03 -1.340170000000000076e-02 -1.246671590338663607e-02 9.999222197900534681e-01 3.679194426985150251e-04 -4.848070000000000157e-02 4.770602082137953212e-03 -3.084654901611678479e-04 9.999885730371199655e-01 2.625304199999999977e+00
9.998842819599256249e-01 1.454983279272664687e-02 -4.441289811273617903e-03 -1.419169999999999980e-02 -1.453770011210214763e-02 9.998905350011348947e-01 2.751961227005285480e-03 -4.976250000000000118e-02 4.480844221194460637e-03 -2.687076636058504959e-03 9.999863507339574742e-01 2.701332999999999984e+00
9.998961861335923240e-01 1.371808842980156221e-02 -4.408061402554739987e-03 -1.479229999999999955e-02 -1.371999940564821996e-02 9.999057949363280295e-01 -4.035703890609242789e-04 -5.162159999999999666e-02 4.402109926564854760e-03 4.640070926815801342e-04 9.999902030148157817e-01 2.776779900000000190e+00
9.999303135137261878e-01 1.089251508368510070e-02 -4.552057940413822314e-03 -1.548839999999999939e-02 -1.089630323442061961e-02 9.999403069019360268e-01 -8.082132672624077431e-04 -5.278530000000000028e-02 4.542982738768301838e-03 8.577575493790536498e-04 9.999893127228018930e-01 2.852177900000000044e+00
9.999730816614753603e-01 6.569352047985787743e-03 -3.267960544726002895e-03 -1.601069999999999924e-02 -6.562953215595024314e-03 9.999765330602872204e-01 1.964936084997591023e-03 -5.417709999999999887e-02 3.280792212587056288e-03 -1.943435720017428793e-03 9.999927297036013130e-01 2.926971200000000106e+00
9.999646366218163385e-01 8.254403703649621643e-03 -1.609448755322978077e-03 -1.670260000000000147e-02 -8.257840511851410881e-03 9.999636123481115968e-01 -2.140572305834973106e-03 -5.533330000000000193e-02 1.591721043292723074e-03 2.153787179100447036e-03 9.999964138060233321e-01 3.001610499999999959e+00
9.999127834675745063e-01 1.317603850550307445e-02 9.041390539741436068e-04 -1.731270000000000031e-02 -1.317212885910227713e-02 9.999044152244584982e-01 -4.201837211627927789e-03 -5.688850000000000157e-02 -9.594162009398764365e-04 4.189561305831018996e-03 9.999907635056526356e-01 3.076015500000000014e+00
9.998872806072018893e-01 1.463001175762774185e-02 3.374734938682636288e-03 -1.770029999999999867e-02 -1.462956412653202386e-02 9.998929698288416823e-01 -1.572905807832037089e-04 -5.841940000000000327e-02 -3.376674903270757751e-03 1.079019498889392163e-04 9.999942931955996261e-01 3.151667100000000055e+00
9.998791498089825147e-01 1.463204006469739742e-02 5.252540415009267390e-03 -1.781980000000000022e-02 -1.463067491967594107e-02 9.998929214709518787e-01 -2.982342693904768628e-04 -5.966629999999999850e-02 -5.256341756486250689e-03 2.213500164075927188e-04 9.999861608419934322e-01 3.226446900000000007e+00
9.997987938499435234e-01 1.855128272180664797e-02 7.630316217157466323e-03 -1.785749999999999837e-02 -1.854444734464617481e-02 9.998275706767570936e-01 -9.656020380963770480e-04 -6.119770000000000071e-02 -7.646913683301490884e-03 8.239077557157285184e-04 9.999704225061510909e-01 3.301626900000000031e+00
9.997698606351635986e-01 1.949887472648485429e-02 8.945370307952902125e-03 -1.795170000000000099e-02 -1.948166448730940040e-02 9.998081998459362740e-01 -2.007054964951548223e-03 -6.191830000000000250e-02 -8.982789897880439842e-03 1.832322359542444589e-03 9.999579751571668895e-01 3.338984299999999905e+00
9.997341476858400133e-01 2.071887520164520519e-02 1.011741870467178922e-02 -1.790299999999999878e-02 -2.069153578856641751e-02 9.997819879118476916e-01 -2.799463117183128950e-03 -6.266990000000000061e-02 -1.017321471204979746e-02 2.589373942219392634e-03 9.999448989044396052e-01 3.376282900000000087e+00
9.997540322136152513e-01 1.942335707339208281e-02 1.070552533119686206e-02 -1.745910000000000170e-02 -1.939060859280740748e-02 9.998070084383128275e-01 -3.154389961947063736e-03 -6.330500000000000016e-02 -1.076472809772413552e-02 2.946027432153106636e-03 9.999377188362038593e-01 3.413704599999999978e+00
9.997462819383742261e-01 1.932118656217548386e-02 1.157857936995576424e-02 -1.729839999999999850e-02 -1.929754547805107023e-02 9.998114732156638818e-01 -2.150061591295882903e-03 -6.398600000000000121e-02 -1.161793823874556104e-02 1.926077919873618030e-03 9.999306544630618410e-01 3.451193599999999861e+00
9.997606334909504566e-01 1.794026834129955686e-02 1.252287880703140295e-02 -1.708739999999999912e-02 -1.792437646970907947e-02 9.998383929381335911e-01 -1.380121394091029987e-03 -6.472949999999999537e-02 -1.254561476953485084e-02 1.155326245029089823e-03 9.999206332361193494e-01 3.488898299999999786e+00
9.997688073344980220e-01 1.730824842967267074e-02 1.275760233163612811e-02 -1.680519999999999931e-02 -1.729694796642271271e-02 9.998499009233364765e-01 -9.955976301211288612e-04 -6.543939999999999479e-02 -1.277291947842383937e-02 7.746998715446305230e-04 9.999181228321181170e-01 3.525917100000000026e+00
9.998348350105751292e-01 1.322937401000518799e-02 1.246139489300885500e-02 -1.614569999999999894e-02 -1.323033353781892692e-02 9.999124752921667580e-01 -5.437833457861776802e-06 -6.687469999999999526e-02 -1.246037615219426978e-02 -1.594314754628243570e-04 9.999223537894081915e-01 3.600704700000000091e+00
9.998629779986714095e-01 1.155841860710846679e-02 1.185023995246922701e-02 -1.594539999999999846e-02 -1.155358969468473114e-02 9.999331418190422482e-01 -4.758750528283999730e-04 -6.747200000000000419e-02 -1.185494803004736447e-02 3.388970372818893317e-04 9.999296702048614538e-01 3.638070599999999821e+00
9.998939260764585502e-01 9.899906270887043683e-03 1.068309183866408656e-02 -1.563729999999999981e-02 -9.895967706449180709e-03 9.999509448889140062e-01 -4.214723252281208483e-04 -6.821489999999999498e-02 -1.068674031492273212e-02 3.157080861644691078e-04 9.999428453215942758e-01 3.675535700000000183e+00
9.999145501684199022e-01 8.974944486832441004e-03 9.504879428206703534e-03 -1.535410000000000073e-02 -8.981470460149871410e-03 9.999594583213553545e-01 6.441288961897597689e-04 -6.896879999999999677e-02 -9.498713063353703134e-03 -7.294416492957892786e-04 9.999546201528448641e-01 3.712957100000000121e+00
9.999511066298704121e-01 6.899543527564400321e-03 7.083830094575773589e-03 -1.498979999999999931e-02 -6.903887503941130190e-03 9.999759944471813267e-01 5.889539063672935256e-04 -7.023010000000000363e-02 -7.079596530205569185e-03 -6.378310764959439641e-04 9.999747359231069277e-01 3.787828199999999867e+00
9.999677322571652871e-01 6.356738301878053603e-03 4.911855313791391002e-03 -1.482460000000000028e-02 -6.355958212867455527e-03 9.999797854836349753e-01 -1.744112948202042410e-04 -7.164729999999999710e-02 -4.912864709969831482e-03 1.431861198392864513e-04 9.999879215560939505e-01 3.862403899999999890e+00
9.999942724595954902e-01 -1.622884464161145068e-03 2.970066332610429589e-03 -1.467850000000000057e-02 1.631907155428652736e-03 9.999940537683900121e-01 -3.037977435442813182e-03 -7.303039999999999532e-02 -2.965118385525666606e-03 3.042806907804588342e-03 9.999909746588123705e-01 3.937147099999999789e+00
9.998773408569240351e-01 -1.566099782990341624e-02 1.907560179241085555e-04 -1.414909999999999952e-02 1.566084089968601892e-02 9.998770429756109746e-01 7.981182010863984051e-04 -7.443639999999999979e-02 -2.032318905469808099e-04 -7.950329049444125780e-04 9.999996633096827070e-01 4.012113600000000169e+00
9.998291170584681087e-01 -1.848175664621214825e-02 -4.016881307858810742e-04 -1.413550000000000050e-02 1.847932928802868691e-02 9.998147607251122171e-01 -5.381321886985285241e-03 -7.613989999999999647e-02 5.010700039180004169e-04 5.372979383632021932e-03 9.999854399046990139e-01 4.086647499999999766e+00
9.998794466572954454e-01 -1.546262168934153108e-02 1.414030690250522252e-03 -1.452909999999999965e-02 1.547263689318701882e-02 9.998531322269684773e-01 -7.369632520815200954e-03 -7.799799999999999789e-02 -1.299869175053213182e-03 7.390622870406381856e-03 9.999718441204807906e-01 4.161353599999999986e+00
9.997276143137863169e-01 -2.316930936711097608e-02 2.807183983356559363e-03 -1.442019999999999934e-02 2.317272656808774464e-02 9.997307669432156096e-01 -1.190953622346579673e-03 -7.959720000000000684e-02 -2.778834623713734731e-03 1.255679330499545046e-03 9.999953506629684075e-01 4.236341499999999982e+00
9.995741661955005464e-01 -2.909022436961893748e-02 2.290222848369115587e-03 -1.376840000000000008e-02 2.908998279280226862e-02 9.995767872731013970e-01 1.387295916713568260e-04 -8.113239999999999341e-02 -2.293289271860677204e-03 -7.204797267079855608e-05 9.999973678132384469e-01 4.311861500000000014e+00
9.997244796004757239e-01 -2.303219651178596908e-02 4.525794007735776080e-03 -1.382539999999999984e-02 2.303263091180019970e-02 9.997347128053108989e-01 -4.387896203719133349e-05 -8.249339999999999451e-02 -4.523582743663348733e-03 1.481078154510552828e-04 9.999897575791644178e-01 4.386966700000000330e+00
9.998491302679439752e-01 -1.620964431700486555e-02 6.242125723840356855e-03 -1.388250000000000074e-02 1.622909109140087056e-02 9.998635636192534371e-01 -3.077458196966754902e-03 -8.377900000000000624e-02 -6.191389568025149753e-03 3.178297928649346290e-03 9.999757822654975481e-01 4.462038500000000241e+00
9.999032107157580507e-01 -1.251626269188448916e-02 6.075554999026665584e-03 -1.374889999999999966e-02 1.252991705390411360e-02 9.999190451118145084e-01 -2.214588291150914115e-03 -8.532180000000000319e-02 -6.047344784344637486e-03 2.290500142929559682e-03 9.999790913964924366e-01 4.538180399999999892e+00
9.999299806205349528e-01 -1.049625175387544976e-02 5.464664247304045451e-03 -1.366249999999999930e-02 1.052251861542694011e-02 9.999331145360899065e-01 -4.800318337663100204e-03 -8.606279999999999486e-02 -5.413913390929894591e-03 4.857484253621176598e-03 9.999735468443758934e-01 4.576268699999999967e+00
9.999877323575282473e-01 -1.043955122780963404e-03 4.842033885698527468e-03 -1.383440000000000017e-02 1.088415760439413824e-03 9.999571906941316923e-01 -9.188695785177499603e-03 -8.766000000000000181e-02 -4.832234015552277703e-03 9.193853207536600847e-03 9.999460598340379480e-01 4.652066200000000151e+00
9.999792328840673150e-01 3.612567589904419705e-03 5.336961307788367151e-03 -1.417560000000000001e-02 -3.570941087070803478e-03 9.999632915068557004e-01 -7.788710967023900096e-03 -8.867060000000000219e-02 -5.364902640787393151e-03 7.769491243546192659e-03 9.999554254192890568e-01 4.690131199999999723e+00
9.999536113693512362e-01 7.543302120565074410e-03 5.989465962025647752e-03 -1.417919999999999944e-02 -7.520897883308625374e-03 9.999646698115816079e-01 -3.754360617099815247e-03 -9.031190000000000051e-02 -6.017574629469019803e-03 3.709140295575878970e-03 9.999750152248036983e-01 4.766282600000000258e+00
9.999941056214103341e-01 1.449330065871304264e-03 3.112581693026632290e-03 -1.360160000000000015e-02 -1.440662757712331135e-03 9.999950839999889318e-01 -2.785043388094301554e-03 -9.173639999999999572e-02 -3.116602838692116191e-03 2.780542791468702639e-03 9.999912776462256403e-01 4.843213600000000341e+00
9.999985510501492314e-01 1.215460928307632174e-03 1.191869260400102003e-03 -1.384359999999999931e-02 -1.206922692473306373e-03 9.999737924044735937e-01 -7.138476155964940117e-03 -9.249449999999999339e-02 -1.200514563227836080e-03 7.137027318614140928e-03 9.999738104599724675e-01 4.882142100000000262e+00
9.999957794137551703e-01 2.874877952274972927e-03 -4.197992804475193709e-04 -1.397359999999999922e-02 -2.879424586827831339e-03 9.999324084970447890e-01 -1.126442858506191726e-02 -9.351329999999999365e-02 3.873870481990439275e-04 1.126558982293922838e-02 9.999364661903356044e-01 4.920819800000000299e+00
9.999347887465440676e-01 1.137474178418601892e-02 -1.016613863401165645e-03 -1.480949999999999975e-02 -1.138496196252253984e-02 9.998780775369084939e-01 -1.068703430367113141e-02 -9.592219999999999913e-02 8.949276596919295609e-04 1.069791149893385696e-02 9.999423752367156970e-01 4.997845200000000432e+00
9.999000879111522577e-01 1.412153993893489404e-02 -6.295276189570017059e-04 -1.531629999999999971e-02 -1.412484382094705490e-02 9.998845830810751956e-01 -5.595471724374358538e-03 -9.759489999999999832e-02 5.504382833859103232e-04 5.603804648405028010e-03 9.999841470699216694e-01 5.076677300000000059e+00
9.999291490214186062e-01 1.188552740060563884e-02 -6.566397117817590612e-04 -1.574700000000000058e-02 -1.188800538795628178e-02 9.999216969651676390e-01 -3.908358503953876691e-03 -9.933609999999999662e-02 6.101353928094012564e-04 3.915887729360832854e-03 9.999921467482100201e-01 5.155083199999999977e+00
9.999796460037917445e-01 6.374739025426192328e-03 -2.651046755201083853e-04 -1.585550000000000154e-02 -6.375578186948197175e-03 9.999742466068736180e-01 -3.295167036373961890e-03 -1.009565000000000046e-01 2.440920182731089985e-04 3.296790162143101860e-03 9.999945357819278735e-01 5.233694599999999753e+00
9.999990458543691618e-01 -1.295839907135125065e-03 4.786327259825805779e-04 -1.572780000000000011e-02 1.296159344738757576e-03 9.999989370799878818e-01 -6.676899335923689501e-04 -1.023942000000000047e-01 -4.777669979727362619e-04 6.683096807994161510e-04 9.999996625503762004e-01 5.313365499999999741e+00
9.999981847337865437e-01 -1.581966875889234160e-03 1.062031042512100133e-03 -1.575270000000000142e-02 1.587620606180846928e-03 9.999844607586193534e-01 -5.343940690549556054e-03 -1.038504999999999984e-01 -1.053560602196210909e-03 5.345617092242069442e-03 9.999851570838242942e-01 5.393132200000000154e+00
9.998910046659760242e-01 1.454013240270609839e-02 2.561901203565113225e-03 -1.675870000000000137e-02 -1.451268289884024426e-02 9.998403303071268233e-01 -1.042573385490140267e-02 -1.057083999999999940e-01 -2.713083696232410514e-03 1.038741743877194534e-02 9.999423687072220845e-01 5.472763099999999881e+00
9.997232647364819869e-01 2.301899207794671012e-02 4.849736935685505096e-03 -1.748649999999999857e-02 -2.299609819776489775e-02 9.997243904506974976e-01 -4.724680482326841860e-03 -1.073297000000000001e-01 -4.957157684467935685e-03 4.611847969822176208e-03 9.999770784602987073e-01 5.552970900000000043e+00
9.998272136747399230e-01 1.825749202299606355e-02 3.493820321100748333e-03 -1.764309999999999837e-02 -1.824285482945466053e-02 9.998248624544194829e-01 -4.176441747776731515e-03 -1.091007999999999978e-01 -3.569459773879552975e-03 4.111982858836430062e-03 9.999851751670578714e-01 5.633676999999999602e+00
9.998706899639432377e-01 1.592894344550830482e-02 2.207286057097342189e-03 -1.739390000000000033e-02 -1.591793024558570829e-02 9.998611953776617156e-01 -4.920312454510748085e-03 -1.099165000000000003e-01 -2.285355054411926119e-03 4.884540783240916284e-03 9.999854591010871596e-01 5.674247699999999561e+00
9.998600572887932358e-01 1.664826660176663489e-02 1.643489460738228750e-03 -1.759470000000000131e-02 -1.663925166809525694e-02 9.998472209553724843e-01 -5.354442243995621506e-03 -1.108306000000000013e-01 -1.732380551970362373e-03 5.326346494079911564e-03 9.999843143223038355e-01 5.714592900000000419e+00
9.998024897384500953e-01 1.978619787562138979e-02 1.867588397696064769e-03 -1.813909999999999828e-02 -1.977775101708053110e-02 9.997945517994287767e-01 -4.437877520358597151e-03 -1.126029000000000058e-01 -1.955013427785937553e-03 4.400064295676803759e-03 9.999884086111653358e-01 5.795628999999999920e+00
9.998307391855826287e-01 1.838289911466218021e-02 7.496664269661625817e-04 -1.823409999999999961e-02 -1.837818664368257374e-02 9.998138676517451806e-01 -5.871312199883627937e-03 -1.144350999999999979e-01 -8.574586296348495366e-04 5.856540907283690374e-03 9.999824826932218746e-01 5.877850500000000089e+00
9.998517674587112936e-01 1.721577176713152621e-02 2.455853279164258796e-04 -1.825449999999999989e-02 -1.721399820199004740e-02 9.998339815605181702e-01 -5.973908498079061498e-03 -1.153658999999999935e-01 -3.483900014841820976e-04 5.968795465047776160e-03 9.999821258928098811e-01 5.918803699999999779e+00
9.998391931482057959e-01 1.793097254768098725e-02 2.608989062580289835e-04 -1.863110000000000113e-02 -1.792901434804452382e-02 9.998200913418300306e-01 -6.191558262848981947e-03 -1.162960999999999995e-01 -3.718726295243985182e-04 6.185884957623342603e-03 9.999807980846624478e-01 5.959879899999999786e+00
9.998371975234572329e-01 1.804379029364330811e-02 8.959808489260057693e-06 -1.891939999999999941e-02 -1.804335094770716241e-02 9.998160800072412036e-01 -6.499511176367676890e-03 -1.170863999999999933e-01 -1.262339772789168721e-04 6.498291374882850246e-03 9.999788779140238448e-01 6.000878300000000110e+00
9.998431802902083554e-01 1.770383792396888409e-02 -4.346837053215069275e-04 -1.910910000000000039e-02 -1.770620055414126245e-02 9.998238832521474384e-01 -6.220364983874799268e-03 -1.181819999999999954e-01 3.244828167385304459e-04 6.227086104907269236e-03 9.999805588657929567e-01 6.042262100000000302e+00
9.998247693435906580e-01 1.870488316701579209e-02 -7.469623444119024213e-04 -1.941369999999999901e-02 -1.870964836875928586e-02 9.998005631950472871e-01 -6.984475125849314882e-03 -1.189565999999999957e-01 6.161695814165735934e-04 6.997226634496989291e-03 9.999753292729138821e-01 6.083766500000000299e+00
9.998207436297589235e-01 1.887592519918010817e-02 -1.476501104301464889e-03 -2.000909999999999841e-02 -1.888575396096560735e-02 9.997974706561407743e-01 -6.953126412573937265e-03 -1.209587000000000023e-01 1.344955375437414339e-03 6.979764856950322616e-03 9.999747366696719597e-01 6.167246800000000029e+00
9.998385901981361457e-01 1.790440491820190216e-02 -1.491923298571173461e-03 -2.025290000000000076e-02 -1.791433430764017426e-02 9.998154986267429045e-01 -6.931474018679574349e-03 -1.219968000000000025e-01 1.367544119163357618e-03 6.957082023563554603e-03 9.999748641004930771e-01 6.208952899999999886e+00
9.998619414855178800e-01 1.654166709729121623e-02 -1.572010958320181227e-03 -2.032619999999999913e-02 -1.655257482819056172e-02 9.998370772488456293e-01 -7.199390602196673559e-03 -1.229380999999999946e-01 1.452664919325102584e-03 7.224417494043288389e-03 9.999728484096475079e-01 6.250660899999999742e+00
9.998773199255573951e-01 1.557977953457869401e-02 -1.617271819596147880e-03 -2.056059999999999832e-02 -1.559028850942986537e-02 9.998559989258593017e-01 -6.702560418578138064e-03 -1.240581000000000045e-01 1.512614517078307921e-03 6.726951882232706272e-03 9.999762297753366225e-01 6.292443300000000406e+00
9.998988884817681111e-01 1.414538498852584841e-02 -1.456329787881971601e-03 -2.078690000000000052e-02 -1.415377577546358956e-02 9.998822920598210429e-01 -5.922217194330103678e-03 -1.250407000000000046e-01 1.372386324102951687e-03 5.942230955231096214e-03 9.999814030506027906e-01 6.334064999999999834e+00
9.999028226835393607e-01 1.384493581135094568e-02 -1.631852281913195955e-03 -2.116569999999999910e-02 -1.385388369345041427e-02 9.998883161617568849e-01 -5.605810362011704601e-03 -1.260931000000000135e-01 1.554057945754248101e-03 5.627873096122653490e-03 9.999829558289057285e-01 6.376123399999999997e+00
9.998945886520466120e-01 1.441944414715766801e-02 -1.700357268831530167e-03 -2.130519999999999983e-02 -1.442887916378449153e-02 9.998798012952391234e-01 -5.673659125297454003e-03 -1.270245000000000124e-01 1.618341877222947848e-03 5.697595306808460325e-03 9.999824590348014297e-01 6.418017400000000094e+00
9.998911210686406426e-01 1.469155089526439847e-02 -1.379978401613042105e-03 -2.169710000000000041e-02 -1.470029069952494966e-02 9.998704753675210499e-01 -6.552399688428939273e-03 -1.278218000000000132e-01 1.283534746909075841e-03 6.571972353815801887e-03 9.999775806076525164e-01 6.459647699999999659e+00
9.998710471085252571e-01 1.605144744641329863e-02 -4.900907838170031564e-04 -2.223129999999999898e-02 -1.605416497912522111e-02 9.998521232940629222e-01 -6.164035299787750180e-03 -1.287165999999999866e-01 3.910766221339026841e-04 6.171108427910836774e-03 9.999808820571753909e-01 6.501383800000000157e+00
9.998644977352282304e-01 1.646156773176768104e-02 -5.437363468877202759e-05 -2.227700000000000166e-02 -1.646165559943551029e-02 9.998573258059615387e-01 -3.787073682496892944e-03 -1.298101999999999867e-01 -7.975292955351577615e-06 3.787455605483993574e-03 9.999928275324934113e-01 6.543519500000000377e+00
9.998592188879462661e-01 1.677305800657719059e-02 4.548954758132491808e-04 -2.240160000000000068e-02 -1.677130575538912649e-02 9.998528154928222333e-01 -3.615335992076153769e-03 -1.306140000000000079e-01 -5.154687625551838655e-04 3.607197829943134537e-03 9.999933611858483617e-01 6.585576500000000166e+00
9.998607313179820322e-01 1.666175285075040258e-02 9.507682212338704718e-04 -2.253729999999999969e-02 -1.665657366537535294e-02 9.998476566108870367e-01 -5.217482481774239275e-03 -1.315641999999999923e-01 -1.037555781595228977e-03 5.200919308949870923e-03 9.999859368592849407e-01 6.627547299999999808e+00
9.998563472444144118e-01 1.689031349030458568e-02 1.414985956230167862e-03 -2.264199999999999893e-02 -1.688110648847464257e-02 9.998377570199453723e-01 -6.283938339085622625e-03 -1.325819000000000025e-01 -1.520894073192793688e-03 6.259149105420465202e-03 9.999792547516644925e-01 6.669516999999999918e+00
9.998426035873970719e-01 1.766301249956251859e-02 1.669143797178480014e-03 -2.279159999999999867e-02 -1.765263813956989211e-02 9.998259474486550502e-01 -6.038143349795223325e-03 -1.334029999999999938e-01 -1.775505079903602970e-03 6.007728176238683743e-03 9.999803771994086876e-01 6.711464399999999664e+00
9.998475121641061669e-01 1.741671353673420256e-02 1.269058244175220182e-03 -2.273239999999999983e-02 -1.741025115025152462e-02 9.998362420696771391e-01 -4.936820725055565684e-03 -1.343998000000000137e-01 -1.354833618174200146e-03 4.913973297191617101e-03 9.999870085617621474e-01 6.753872399999999665e+00
9.998347908787906801e-01 1.815392922512665611e-02 9.087365150695336227e-04 -2.301289999999999933e-02 -1.814968009054711631e-02 9.998252260614267639e-01 -4.484020944136597048e-03 -1.362686999999999926e-01 -9.899802904735110261e-04 4.466786865941822088e-03 9.999895338222888341e-01 6.837984099999999899e+00
9.997973992977092772e-01 2.009977647264454825e-02 1.076728046680262623e-03 -2.309299999999999894e-02 -2.009489088103388887e-02 9.997885232423585622e-01 -4.370829823157286811e-03 -1.371836999999999918e-01 -1.164353046169519295e-03 4.348307557358934219e-03 9.999898682003585115e-01 6.880108800000000357e+00
9.997775411033970050e-01 2.104178878945913919e-02 1.453075973664253676e-03 -2.353260000000000074e-02 -2.103578475883636709e-02 9.997705991019131266e-01 -4.030500090766501314e-03 -1.390400999999999998e-01 -1.537551568356711369e-03 3.999036876743312582e-03 9.999908217774966523e-01 6.964624399999999937e+00
9.998549637056469708e-01 1.699930733443248687e-02 1.036871896084151732e-03 -2.356899999999999967e-02 -1.699622359884193218e-02 9.998513082715130285e-01 -2.913714317163841171e-03 -1.408079999999999887e-01 -1.086248846971907701e-03 2.895668816247274745e-03 9.999952175713388014e-01 7.049851399999999657e+00
9.999033373635550781e-01 1.389232699839297591e-02 5.649599935983324857e-04 -2.312339999999999882e-02 -1.389057065279654737e-02 9.998990143426653709e-01 -3.002193116031128938e-03 -1.426505999999999885e-01 -6.066103892222398817e-04 2.994055299422335257e-03 9.999953338174631945e-01 7.134577300000000122e+00
9.999347721451234960e-01 1.141681843494546725e-02 3.281949169080849624e-04 -2.300380000000000133e-02 -1.141599168420761798e-02 9.999319087159587172e-01 -2.419310960929314889e-03 -1.441572000000000131e-01 -3.557934036733803400e-04 2.415406484022831948e-03 9.999970196068440620e-01 7.220079899999999995e+00
9.999526848821044256e-01 9.686631910413273649e-03 8.928377808633368310e-04 -2.321869999999999837e-02 -9.685937404058621997e-03 9.999527868253036411e-01 -7.789331893806333449e-04 -1.449734000000000023e-01 -9.003408662455477480e-04 7.702483632075241308e-04 9.999992980516454466e-01 7.263140199999999602e+00
9.999590752430275176e-01 9.019231740919819371e-03 7.080239492505876467e-04 -2.308069999999999913e-02 -9.017773530019765685e-03 9.999572654800011895e-01 -2.036412119284510686e-03 -1.454447000000000101e-01 -7.263605650108135312e-04 2.029943979985261542e-03 9.999976758611830441e-01 7.306425100000000228e+00
9.999630983245348936e-01 8.447905393961768067e-03 1.560411372460272089e-03 -2.360960000000000142e-02 -8.443522414775025270e-03 9.999604483165187574e-01 -2.794410824869063021e-03 -1.463612999999999997e-01 -1.583956573843924281e-03 2.781132338028049090e-03 9.999948781791287988e-01 7.348620399999999719e+00
9.999498843680713067e-01 9.790784664121268688e-03 2.090284177280201782e-03 -2.365820000000000076e-02 -9.783339777713586510e-03 9.999458664319808010e-01 -3.542664024312662616e-03 -1.470050999999999997e-01 -2.124856483338886329e-03 3.522036521128062234e-03 9.999915400860495129e-01 7.391782799999999654e+00
9.999318735198378105e-01 1.117177348187078055e-02 3.382276803710305806e-03 -2.392340000000000091e-02 -1.116101860149470819e-02 9.999326506027449435e-01 -3.182125444711481673e-03 -1.480933000000000110e-01 -3.417598994065440196e-03 3.144159003383884422e-03 9.999892170825028792e-01 7.434682399999999802e+00
