1.000000000000000000e+00 0.000000000000000000e+00 0.000000000000000000e+00 0.000000000000000000e+00 0.000000000000000000e+00 1.000000000000000000e+00 0.000000000000000000e+00 0.000000000000000000e+00 0.000000000000000000e+00 0.000000000000000000e+00 1.000000000000000000e+00 0.000000000000000000e+00
9.999988187384186711e-01 -1.503372114846522048e-03 3.199907053115730662e-04 -1.597000000000000058e-04 1.503026741525214467e-03 9.999982906608955169e-01 1.076840703772452557e-03 -5.994999999999999895e-04 -3.216090506251306508e-04 -1.076358477154777411e-03 9.999993690098244459e-01 3.702319999999999917e-02
9.999995185959273947e-01 -9.811937426633776226e-04 -8.170238574891111369e-06 -1.989000000000000100e-04 9.812053606627162399e-04 9.999982861733774930e-01 1.569995652184527331e-03 -1.193800000000000069e-03 6.629754662586563223e-06 -1.570002913064114146e-03 9.999987675226901240e-01 7.434640000000000692e-02
9.999997074517291695e-01 -5.724652156887792033e-04 -5.073263574864018098e-04 -2.158999999999999895e-04 5.723347124039260790e-04 9.999998031031926971e-01 -2.573452017301276892e-04 -1.787699999999999923e-03 5.074735787718766006e-04 2.570547659593269392e-04 9.999998381966940242e-01 1.118886000000000047e-01
9.999974847702789438e-01 2.212752543360927554e-03 -3.663049242671351799e-04 -5.835000000000000343e-04 -2.213641472683704377e-03 9.999945623490983371e-01 -2.444394335147873770e-03 -2.417100000000000151e-03 3.608940926467579455e-04 2.445199054706598089e-03 9.999969453738530856e-01 1.488571999999999951e-01
9.999839583044297653e-01 5.644385838874622571e-03 -4.733310747232922903e-04 -7.322000000000000166e-04 -5.645952369640386964e-03 9.999783617691778703e-01 -3.376272392872190550e-03 -3.059099999999999927e-03 4.542638485937310349e-04 3.378890636441260215e-03 9.999941883543237431e-01 1.865999999999999881e-01
9.999684172427002471e-01 7.927771807112675428e-03 -5.612052240620620403e-04 -8.987999999999999462e-04 -7.929678729704365409e-03 9.999624993317500765e-01 -3.481397053400023776e-03 -3.813599999999999889e-03 5.335844570818245713e-04 3.485737278410065872e-03 9.999937824422975297e-01 2.243345999999999951e-01
9.999606239072770242e-01 8.871436015882054257e-03 -2.196770025536245931e-04 -1.172199999999999978e-03 -8.871974795862347732e-03 9.999572972263517379e-01 -2.586848853587659855e-03 -4.527500000000000274e-03 1.967185576489480106e-04 2.588695962417226874e-03 9.999966299718331397e-01 2.618737999999999899e-01
9.999797033588553319e-01 6.364546973056454428e-03 2.922535943219615670e-04 -1.358300000000000002e-03 -6.364588700458396163e-03 9.999797357079768245e-01 1.420706821722025697e-04 -5.220299999999999767e-03 -2.913434564796022787e-04 -1.439278725386392336e-04 9.999999472018775704e-01 2.995071999999999734e-01
9.999977054470874371e-01 2.136221216986214800e-03 1.601857430377970066e-04 -1.199799999999999998e-03 -2.136573679068146017e-03 9.999952234130138340e-01 2.233428769958899131e-03 -5.953800000000000411e-03 -1.554138799716478199e-04 -2.233765893880746301e-03 9.999974930650863403e-01 3.373065000000000091e-01
9.999999660597409523e-01 7.857202783042658146e-05 -2.484088429949535574e-04 -1.249399999999999903e-03 -7.862796750876803898e-05 9.999999715535008438e-01 -2.251902312033596026e-04 -6.605699999999999940e-03 2.483911422754783325e-04 2.252097554427807101e-04 9.999999437912017175e-01 3.749221999999999833e-01
9.999993430957492269e-01 -1.140138837200167224e-03 -1.178622162267089596e-04 -1.523800000000000068e-03 1.139859098669629553e-03 9.999965964652385297e-01 -2.346865819387247351e-03 -7.156400000000000261e-03 1.205375679449399669e-04 2.346729931401558833e-03 9.999972391608508149e-01 4.127689999999999970e-01
9.999994390775507336e-01 9.793888641639509913e-04 4.032890238111977313e-04 -1.644000000000000062e-03 -9.778070445469139258e-04 9.999919013445319749e-01 -3.903990103921824249e-03 -7.854899999999999730e-03 -4.071092821459271812e-04 3.903593575237662098e-03 9.999922980799561545e-01 4.511020000000000030e-01
9.999925991726619223e-01 3.666194504922962605e-03 1.166455209648563319e-03 -1.956299999999999793e-03 -3.664189108833917127e-03 9.999918132281897520e-01 -1.716739576098440549e-03 -8.583399999999999710e-03 -1.172739561346210950e-03 1.712452758330116525e-03 9.999978460914162870e-01 4.892875999999999892e-01
9.999890225398063714e-01 4.262651430884610224e-03 1.945405526228252040e-03 -2.257599999999999798e-03 -4.266122235434665483e-03 9.999893096882386256e-01 1.783454600587909555e-03 -9.167599999999999708e-03 -1.937782483931560712e-03 -1.791734360558404002e-03 9.999965173374486538e-01 5.280122000000000426e-01
9.999947127129477087e-01 2.272451077980525234e-03 2.326050783506822001e-03 -2.295600000000000071e-03 -2.281135074853515420e-03 9.999904135422936768e-01 3.737545489048063000e-03 -9.662799999999999168e-03 -2.317535095643774492e-03 -3.742831763600339059e-03 9.999903100737875805e-01 5.662116000000000371e-01
9.999957223707337528e-01 -2.292797595162398595e-03 1.816127589673087765e-03 -2.228799999999999965e-03 2.289194981515091896e-03 9.999954130833308419e-01 1.983279767197191745e-03 -1.022720000000000053e-02 -1.820666518327937510e-03 -1.979113813297545422e-03 9.999963841344342574e-01 6.045466000000000450e-01
9.999959634281372356e-01 -2.321535364460418447e-03 1.638170010433162137e-03 -2.136100000000000151e-03 2.322059787997386108e-03 9.999972533584806644e-01 -3.182983438006454038e-04 -1.083669999999999946e-02 -1.637426570105813238e-03 3.221009876736370182e-04 9.999986075416211762e-01 6.431963000000000541e-01
9.999945734960383747e-01 -2.553932893294265458e-03 2.080962578461442378e-03 -2.160599999999999934e-03 2.560054401177241142e-03 9.999923884716428457e-01 -2.944336978320650274e-03 -1.143440000000000081e-02 -2.073427100097890129e-03 2.949648378272048694e-03 9.999935002161289832e-01 6.816672000000000287e-01
9.999957586827848965e-01 7.903091032809387044e-04 2.803217430495433347e-03 -2.416300000000000132e-03 -7.804868330334118311e-04 9.999935588709163437e-01 -3.503292306184820851e-03 -1.227770000000000077e-02 -2.805968058411145976e-03 3.501089573316221951e-03 9.999899344068693408e-01 7.202796999999999672e-01
9.999935038234216700e-01 1.911887682160463668e-03 3.055649922229637400e-03 -2.426100000000000045e-03 -1.894089867118376076e-03 9.999812879993482673e-01 -5.816878436059644275e-03 -1.297869999999999926e-02 -3.066713963136828095e-03 5.811052973035033334e-03 9.999784132314122331e-01 7.589198999999999806e-01
9.999923272439042998e-01 2.232075656048126879e-03 3.219206670279417537e-03 -2.602399999999999939e-03 -2.215901992914504678e-03 9.999849497922906894e-01 -5.018960775667457609e-03 -1.388069999999999929e-02 -3.230360920716398784e-03 5.011788819929296861e-03 9.999822232125661348e-01 7.974630000000000329e-01
9.999917103294784226e-01 2.672201783929798596e-03 3.072232079543593328e-03 -2.685299999999999840e-03 -2.659375361321322968e-03 9.999877631448604864e-01 -4.171484535043529056e-03 -1.455970000000000007e-02 -3.083341533500859669e-03 4.163279736514548766e-03 9.999865799633630425e-01 8.361233000000000137e-01
9.999905698791505815e-01 3.501968402400697667e-03 2.568339946391582935e-03 -2.672299999999999849e-03 -3.496010209855936798e-03 9.999911961087754042e-01 -2.320693334625493955e-03 -1.541380000000000007e-02 -2.576444329735587142e-03 2.311692507531928117e-03 9.999940089882370930e-01 8.752841000000000093e-01
9.999760404367206146e-01 6.419908361385158989e-03 2.589078818712829168e-03 -2.825400000000000047e-03 -6.414808919184348569e-03 9.999774782678598761e-01 -1.973115197433554426e-03 -1.615930000000000144e-02 -2.601687726927164393e-03 1.956459476556373592e-03 9.999947017296082485e-01 9.139787999999999801e-01
9.999577058945211538e-01 8.716523123396475656e-03 2.934049557477315818e-03 -3.039500000000000101e-03 -8.709278915831718607e-03 9.999590160179623322e-01 -2.472801074629907888e-03 -1.684220000000000161e-02 -2.955483536189525574e-03 2.447143033771486623e-03 9.999926382769223077e-01 9.530241999999999880e-01
9.999377897532000237e-01 1.079979737333299286e-02 2.789444421419313806e-03 -3.155400000000000045e-03 -1.079465823454533666e-02 9.999400229926762584e-01 -1.850883844377380514e-03 -1.770149999999999849e-02 -2.809266289371672824e-03 1.820657601243142994e-03 9.999943965987081462e-01 9.917671000000000125e-01
9.999382846182818252e-01 1.089657492753109448e-02 2.166012349121415083e-03 -3.565099999999999866e-03 -1.089227792446908864e-02 9.999387055093883481e-01 -1.985826232267850783e-03 -1.922309999999999991e-02 -2.187518288830780748e-03 1.962110867749438260e-03 9.999956824330186178e-01 1.070634199999999980e+00
9.999527104626576568e-01 9.708935501542646090e-03 5.598301626744485492e-04 -3.682500000000000009e-03 -9.707622429899268046e-03 9.999502294029957161e-01 -2.302343079259791536e-03 -2.071129999999999846e-02 -5.821556000519875892e-04 2.296799582676657334e-03 9.999971928993272030e-01 1.148990799999999979e+00
9.999450242194108940e-01 1.035821309102353226e-02 -1.629711754481673585e-03 -4.121299999999999616e-03 -1.036069736457483938e-02 9.999451661314286977e-01 -1.523377992876827000e-03 -2.214680000000000121e-02 1.613842917213125210e-03 1.540179194262211379e-03 9.999975116764482364e-01 1.227449800000000035e+00
9.999372789058371680e-01 1.057738739929521728e-02 -3.682000841293895169e-03 -4.790799999999999573e-03 -1.057868062158599624e-02 9.999439891009330728e-01 -3.319295399670310620e-04 -2.359019999999999867e-02 3.678283661782908061e-03 3.708594319315584127e-04 9.999931663229429946e-01 1.306385300000000083e+00
9.999547848809225981e-01 7.994645396519912267e-03 -5.149159031516538018e-03 -5.309699999999999663e-03 -7.991574012282180034e-03 9.999678766463369062e-01 6.167821516856386230e-04 -2.500209999999999932e-02 5.153924577849529343e-03 -5.756043783058297642e-04 9.999865527801089504e-01 1.385430600000000068e+00
9.999742230489888639e-01 4.135625836234272344e-03 -5.869398309331808061e-03 -5.712599999999999970e-03 -4.132320688327713494e-03 9.999912965372194096e-01 5.751308892424557978e-04 -2.656760000000000024e-02 5.871725751406845981e-03 -5.508618280600113305e-04 9.999826095427593042e-01 1.464544999999999986e+00
9.999872988213596159e-01 1.273424900382233828e-03 -4.876534115924732564e-03 -6.368200000000000076e-03 -1.265366129928519523e-03 9.999978294294716852e-01 1.655289975324269807e-03 -2.775410000000000030e-02 4.878631418535430732e-03 -1.649098350088859478e-03 9.999867396271381326e-01 1.543311400000000111e+00
9.999900173603026854e-01 -1.697112457259173420e-03 -4.133399212372192155e-03 -6.574199999999999662e-03 1.700078981336093815e-03 9.999982997604641710e-01 7.142882037263273550e-04 -2.947790000000000132e-02 4.132179957194816178e-03 -7.213081783669746594e-04 9.999912023629573543e-01 1.621644499999999933e+00
9.999944167998584543e-01 -7.841529155029752785e-04 -3.248303144144351097e-03 -7.034499999999999954e-03 7.850448712136512842e-04 9.999996544988436487e-01 2.733253438428345111e-04 -3.025020000000000139e-02 3.248087692986603194e-03 -2.758738815361937526e-04 9.999946868958555779e-01 1.660385599999999906e+00
9.999857163238314861e-01 4.885862591007417849e-03 -2.166909101793098973e-03 -7.582499999999999830e-03 -4.883301358806163214e-03 9.999873736679534275e-01 1.185694947223794567e-03 -3.175800000000000151e-02 2.172674884266252542e-03 -1.175096340979938118e-03 9.999969493115650199e-01 1.738766199999999928e+00
9.999671229634000680e-01 7.977272857580293766e-03 -1.454685552267684758e-03 -7.849399999999999433e-03 -7.973784254861915680e-03 9.999653565129421606e-01 2.388417593583434893e-03 -3.235230000000000050e-02 1.473688215729441814e-03 -2.376739720738348018e-03 9.999960896680260003e-01 1.778143299999999982e+00
9.999303199072315795e-01 1.176672658645254096e-02 -9.484069069473117933e-04 -8.156000000000000055e-03 -1.176404096911209257e-02 9.999269111121948939e-01 2.789224569981540568e-03 -3.300390000000000268e-02 9.811576318444847986e-04 -2.777873118846035157e-03 9.999956603659023724e-01 1.817279099999999925e+00
9.998720227418365081e-01 1.599656798394762797e-02 -2.189769011958536313e-04 -8.525100000000000733e-03 -1.599598284136220794e-02 9.998690440742143970e-01 2.454227995852240746e-03 -3.367049999999999904e-02 2.582074498567897753e-04 -2.450411159728239745e-03 9.999969644024231386e-01 1.856359499999999940e+00
9.998246076481980271e-01 1.872627576318432879e-02 2.837907117101543170e-04 -8.763399999999999315e-03 -1.872686004402404625e-02 9.998221744792527010e-01 2.219038636535090262e-03 -3.443840000000000096e-02 -2.421859170421445458e-04 -2.223963943069879375e-03 9.999974976620499278e-01 1.895502000000000020e+00
9.997784964448540590e-01 2.097844455167512459e-02 1.692013788137238439e-03 -9.478000000000000314e-03 -2.098240281805711580e-02 9.997770678099027197e-01 2.356576630156954812e-03 -3.589200000000000029e-02 -1.642199271630253232e-03 -2.391557154931803816e-03 9.999957918091090248e-01 1.972410999999999914e+00
9.998269034887301565e-01 1.853703386920098686e-02 1.594188028255938026e-03 -9.675800000000000026e-03 -1.853895626455702092e-02 9.998274190495920477e-01 1.199673810774284140e-03 -3.717240000000000127e-02 -1.571674507708576253e-03 -1.229020733556294639e-03 9.999980096716584166e-01 2.049306200000000189e+00
9.998305383293484283e-01 1.837419479276031220e-02 1.132956205225237696e-03 -9.968599999999999337e-03 -1.837544177438918402e-02 9.998305519530878982e-01 1.100236692546840500e-03 -3.796429999999999944e-02 -1.112548264702027537e-03 -1.120868815380858660e-03 9.999987529439511302e-01 2.088078499999999948e+00
9.998381135640699302e-01 1.798830055217785426e-02 -4.095215335780982477e-04 -1.052069999999999915e-02 -1.798784072194676079e-02 9.998376004656905902e-01 1.100127797976061536e-03 -3.979549999999999754e-02 4.292444569475544597e-04 -1.092583294089569590e-03 9.999993110052334266e-01 2.202116300000000138e+00
9.998844379876469235e-01 1.497476123016924093e-02 -2.620533576761644064e-03 -1.089320000000000045e-02 -1.496714165427387791e-02 9.998837704468875875e-01 2.903492313867013248e-03 -4.115880000000000233e-02 2.663708097448890845e-03 -2.863934883199198509e-03 9.999923512388264601e-01 2.278496699999999819e+00
9.999366405012224401e-01 1.039758918829868269e-02 -4.313365530596836861e-03 -1.155220000000000032e-02 -1.038244851569522682e-02 9.999399129694822586e-01 3.517842151561278909e-03 -4.235989999999999894e-02 4.349683430791780742e-03 -3.472835967294981164e-03 9.999845097122236348e-01 2.353985799999999795e+00
9.999545696422158514e-01 7.930443983036212022e-03 -5.288356066180713820e-03 -1.212109999999999924e-02 -7.916562187228857669e-03 9.999651766065852376e-01 2.640760741976861704e-03 -4.364719999999999711e-02 5.309114312813753393e-03 -2.598775171605402848e-03 9.999825296838044109e-01 2.429308900000000104e+00
9.999506936283033554e-01 8.242303906110345912e-03 -5.538478003403604112e-03 -1.268750000000000086e-02 -8.233888008916716295e-03 9.999649141729871626e-01 1.540620416299045940e-03 -4.501940000000000108e-02 5.550981942997557615e-03 -1.494941246276282852e-03 9.999834757385437367e-01 2.504386699999999966e+00
9.999342872231824497e-01 1.033249003671695906e-02 -4.965972725167938640e-03 -1.361650000000000013e-02 -1.032676726464750588e-02 9.999459852148244732e-01 1.176660790480167163e-03 -4.642009999999999886e-02 4.977862325112233574e-03 -1.125301024256855848e-03 9.999869772073419760e-01 2.579135200000000072e+00
9.999061794875035991e-01 1.291841690792173980e-02 -4.554857549625964362e-03 -1.457939999999999930e-02 -1.290294091592726622e-02 9.999109361037893384e-01 3.410861440112543472e-03 -4.761300000000000254e-02 4.598514806364439357e-03 -3.351770373500889081e-03 9.999838095174036212e-01 2.654135199999999806e+00
9.999184547963261283e-01 1.185228935250532377e-02 -4.754681359668360384e-03 -1.500669999999999955e-02 -1.185082717366041198e-02 9.999297201707639804e-01 3.355808661070316164e-04 -4.948969999999999758e-02 4.758324603000596044e-03 -2.792065940377014581e-04 9.999886401308019090e-01 2.728615800000000036e+00
9.999457407953005195e-01 9.200342942846191988e-03 -4.885606929710472474e-03 -1.556010000000000032e-02 -9.200208094756750707e-03 9.999576759360763178e-01 5.007528530647928561e-05 -5.069599999999999801e-02 4.885860860768254099e-03 -5.123967838801491369e-06 9.999880640974642132e-01 2.802743700000000171e+00
9.999814172865034712e-01 5.021809023863593735e-03 -3.456373215341413101e-03 -1.623039999999999899e-02 -5.012134362711471655e-03 9.999835133144150401e-01 2.802072177726346296e-03 -5.197430000000000105e-02 3.470387702550571229e-03 -2.784696300658902422e-03 9.999901008888573140e-01 2.876297200000000220e+00
9.999743599217272294e-01 6.809745234025082160e-03 -2.215145363102850699e-03 -1.667130000000000001e-02 -6.812964169464874771e-03 9.999757418633358208e-01 -1.448863035903546299e-03 -5.302110000000000156e-02 2.205225239650401847e-03 1.463917592930875098e-03 9.999964969573261753e-01 2.949691800000000086e+00
9.999255931565879107e-01 1.219079840245509798e-02 4.388447977797635033e-04 -1.731780000000000125e-02 -1.218910755095437524e-02 9.999189789978504272e-01 -3.668936768018599918e-03 -5.448709999999999665e-02 -4.835365106247291995e-04 3.663314647576698408e-03 9.999931731358148168e-01 3.022721999999999909e+00
9.998980698295774072e-01 1.392074217522037971e-02 3.172205601235026165e-03 -1.780150000000000135e-02 -1.392214739847946053e-02 9.999029934420441412e-01 4.213282027476407269e-04 -5.593630000000000130e-02 -3.166032675206923407e-03 -4.654491706508070113e-04 9.999948797839762760e-01 3.096200699999999806e+00
9.999006019187650640e-01 1.331248626119520967e-02 4.643704559586148486e-03 -1.765759999999999899e-02 -1.331445218890428550e-02 9.999112816413776583e-01 3.926948012478424527e-04 -5.716360000000000191e-02 -4.638064833593240344e-03 -4.544841504760940495e-04 9.999891408404174564e-01 3.169858899999999924e+00
9.998277899547320935e-01 1.710979602085495321e-02 7.186467446589380262e-03 -1.768399999999999833e-02 -1.710792831888609256e-02 9.998535970640183290e-01 -3.212892460384318086e-04 -5.852469999999999895e-02 -7.190912520119274731e-03 1.982883468605679605e-04 9.999741253946821118e-01 3.242862199999999806e+00
9.997623964613467917e-01 1.972269357438907744e-02 9.282563225511294286e-03 -1.752439999999999901e-02 -1.970374295679835908e-02 9.998035965402073399e-01 -2.128581395839655374e-03 -5.990870000000000223e-02 -9.322721456596350098e-03 1.945174397591988881e-03 9.999546505523166928e-01 3.315829799999999938e+00
9.997821579832607553e-01 1.834459111373300949e-02 9.955528876166009483e-03 -1.717060000000000114e-02 -1.832138567858565548e-02 9.998292275622251424e-01 -2.417134489577247268e-03 -6.052409999999999735e-02 -9.998170090108685071e-03 2.234208851950774365e-03 9.999475210758087540e-01 3.352876399999999979e+00
9.997858908713762593e-01 1.677566264931622253e-02 1.211402316345755632e-02 -1.712899999999999839e-02 -1.676854117195563515e-02 9.998591605906977930e-01 -6.892095688082516738e-04 -6.185260000000000064e-02 -1.212387897881194755e-02 4.859275065735727331e-04 9.999263850068991211e-01 3.425878299999999932e+00
9.998333468650170142e-01 1.343717053217734041e-02 1.235803159033234920e-02 -1.652549999999999852e-02 -1.343891048237347112e-02 9.999096920966725754e-01 5.775971081505754427e-05 -6.330660000000000454e-02 -1.235613943532606028e-02 -2.238285652589944229e-04 9.999236349437031768e-01 3.499111899999999942e+00
9.998517078875529540e-01 1.209809065001843896e-02 1.225554719168180096e-02 -1.627989999999999993e-02 -1.210740906400051449e-02 9.999264670254700560e-01 6.864311463019663519e-04 -6.393880000000000396e-02 -1.224634149860934565e-02 -8.347122771300858474e-04 9.999246623497761721e-01 3.535769699999999904e+00
9.998797868116160448e-01 1.053072485270559362e-02 1.138049909422721162e-02 -1.589830000000000063e-02 -1.053384053203225944e-02 9.999444946924070932e-01 2.138644247810299825e-04 -6.450119999999999465e-02 -1.137761526871127610e-02 -3.337190780901721945e-04 9.999352171527783328e-01 3.572224600000000194e+00
9.999214550461750228e-01 8.459741964027949271e-03 9.247513408599142976e-03 -1.541239999999999971e-02 -8.469124015680730769e-03 9.999636601583915541e-01 9.758591290778678966e-04 -6.582709999999999950e-02 -9.238921839001362074e-03 -1.054100818161731378e-03 9.999567646627117723e-01 3.645091499999999929e+00
9.999488531348170728e-01 6.341556226104196059e-03 7.878818375565331544e-03 -1.512490000000000015e-02 -6.352278281066502802e-03 9.999789308190014658e-01 1.336592206524217811e-03 -6.662039999999999629e-02 -7.870176300685875065e-03 -1.386572290870397408e-03 9.999680683613243470e-01 3.681698299999999868e+00
9.999641892281878608e-01 5.993661301862843703e-03 5.974636843480139216e-03 -1.517459999999999989e-02 -5.996631177000053166e-03 9.999819051839676787e-01 4.792902765679950684e-04 -6.764489999999999392e-02 -5.971656029942572393e-03 -5.151008063801352978e-04 9.999820368363719902e-01 3.754404300000000028e+00
9.999863855170720850e-01 3.746495310542958829e-03 3.632155474335077919e-03 -1.497169999999999924e-02 -3.738274863756255954e-03 9.999904420638392466e-01 -2.267395424343279006e-03 -6.903090000000000614e-02 -3.640615544749377375e-03 2.253786559416021563e-03 9.999908331402842521e-01 3.827692299999999825e+00
9.999573632309960436e-01 -9.120892726134722031e-03 1.442579631108955717e-03 -1.450229999999999922e-02 9.121712086135181155e-03 9.999582381504965589e-01 -5.624265040153919072e-04 -7.023219999999999463e-02 -1.437389554506045102e-03 5.755613200227574673e-04 9.999988013194992531e-01 3.901147400000000154e+00
9.998248170967111159e-01 -1.867934613175050926e-02 -1.190439254374040662e-03 -1.424240000000000055e-02 1.867618449354503316e-02 9.998221682030811186e-01 -2.613829078720960111e-03 -7.156010000000000149e-02 1.239052174512976154e-03 2.591138317411201264e-03 9.999958753674580425e-01 3.974038600000000088e+00
9.998914911266436611e-01 -1.473033478665882259e-02 1.523470054719488999e-04 -1.465379999999999981e-02 1.473106142964062878e-02 9.998636670851086539e-01 -7.459428414778193281e-03 -7.335540000000000116e-02 -4.244635769381944216e-05 7.460863233701252664e-03 9.999721664717047265e-01 4.046719600000000305e+00
9.998361686021068895e-01 -1.803819283764854925e-02 1.503181363295503191e-03 -1.469119999999999975e-02 1.804386468035380775e-02 9.998297868610334094e-01 -3.849188592106999197e-03 -7.512380000000000446e-02 -1.433493095984317376e-03 3.875681175268534239e-03 9.999914620600375281e-01 4.120153900000000036e+00
9.996421909308792486e-01 -2.668366203777102624e-02 1.863408480614462933e-03 -1.435469999999999975e-02 2.668396544599554998e-02 9.996439100514982190e-01 -1.381485763261902687e-04 -7.649839999999999418e-02 -1.859058629662875680e-03 1.878222730211860409e-04 9.999982543103789201e-01 4.193697900000000089e+00
9.996460844952602676e-01 -2.642219872117919366e-02 3.094053657197030124e-03 -1.450300000000000027e-02 2.642152538988397359e-02 9.996508571879081373e-01 2.583012820585621136e-04 -7.776149999999999729e-02 -3.099798278406879545e-03 -1.764602479686527467e-04 9.999951800445910921e-01 4.267007399999999784e+00
9.998080511223065292e-01 -1.899432812188572850e-02 4.803791233324751844e-03 -1.449480000000000039e-02 1.900701583665866112e-02 9.998159450750074839e-01 -2.609467906427583896e-03 -7.921659999999999813e-02 -4.753341982251406417e-03 2.700272758039373548e-03 9.999850570218696832e-01 4.340553299999999837e+00
9.998846318652755416e-01 -1.392300073076548940e-02 6.072315068690565393e-03 -1.467429999999999950e-02 1.393578026567699434e-02 9.999007551296552609e-01 -2.067346011636793813e-03 -8.063819999999999322e-02 -6.042928762538117213e-03 2.151729954284831939e-03 9.999794263234492719e-01 4.413729199999999686e+00
9.999308759778458011e-01 -1.056169573328469627e-02 5.166609082888016721e-03 -1.444199999999999998e-02 1.058747177894212715e-02 9.999315136992545927e-01 -4.987319164390035045e-03 -8.214029999999999943e-02 -5.113580693405464506e-03 5.041675748687529310e-03 9.999742160666629243e-01 4.487630399999999575e+00
9.999891080633308560e-01 -1.100134714056532226e-03 4.535797428769976387e-03 -1.502419999999999971e-02 1.142634458501053541e-03 9.999553734048512998e-01 -9.377930755693281856e-03 -8.374230000000000562e-02 -4.525278024404089626e-03 9.383011370304297771e-03 9.999457390060855211e-01 4.562304499999999763e+00
9.999677507414885813e-01 5.914850844536229287e-03 5.432496341017827024e-03 -1.561769999999999999e-02 -5.883003305279730678e-03 9.999655259024271547e-01 -5.859801941404738437e-03 -8.555569999999999842e-02 -5.466968915070835947e-03 5.827653573206975288e-03 9.999680748427484112e-01 4.636800799999999612e+00
9.999772748663647848e-01 4.565775739467536898e-03 4.960185756172400505e-03 -1.558829999999999938e-02 -4.550562197904837666e-03 9.999849210330697957e-01 -3.074099895634039865e-03 -8.674529999999999741e-02 -4.974146612419600745e-03 3.051458402506479050e-03 9.999829730885901879e-01 4.711178799999999889e+00
9.999975212004510450e-01 1.973398684026557524e-03 1.031159826282374795e-03 -1.538619999999999918e-02 -1.965772466165232896e-03 9.999710916988964193e-01 -7.345168829141286021e-03 -8.856870000000000021e-02 -1.045624963705010964e-03 7.343123596345384543e-03 9.999724922238031333e-01 4.785809999999999675e+00
9.999645494060752648e-01 8.309362550318119892e-03 -1.361772782962087551e-03 -1.587799999999999975e-02 -8.325379298860664454e-03 9.998907787816833093e-01 -1.221141133894721072e-02 -9.047379999999999312e-02 1.260155004413283973e-03 1.222231571209960767e-02 9.999245106546786888e-01 4.860877000000000336e+00
9.999064576615149802e-01 1.363118258276425736e-02 -1.125516857381667849e-03 -1.650830000000000006e-02 -1.363957254877284052e-02 9.998764171518237376e-01 -7.817447429878179865e-03 -9.242409999999999515e-02 1.018816709554931383e-03 7.832067736395730700e-03 9.999688098773306111e-01 4.936371799999999865e+00
9.999002200913368332e-01 1.411295641571668445e-02 -6.118190126262346845e-04 -1.708679999999999921e-02 -1.411585052013591794e-02 9.998877809892341428e-01 -5.016791057882295790e-03 -9.410169999999999646e-02 5.409486013552200403e-04 5.024926828656366487e-03 9.999872286609351457e-01 5.012153099999999917e+00
9.999546081013570564e-01 9.498088026376406284e-03 -7.536980195030669330e-04 -1.723629999999999954e-02 -9.500862139398467271e-03 9.999477715984970150e-01 -3.766655520246557469e-03 -9.578399999999999415e-02 7.178826293639538380e-04 3.773645325578996006e-03 9.999926220955268619e-01 5.088546799999999593e+00
9.999937055085700299e-01 3.542315773557728597e-03 -2.023417895580390999e-04 -1.721879999999999938e-02 -3.542866559096356002e-03 9.999898323835176850e-01 -2.789843387821670795e-03 -9.730370000000000685e-02 1.924572259858880877e-04 2.790542697136107544e-03 9.999960879081836174e-01 5.164609900000000309e+00
9.999927939443387093e-01 -3.770755426992490177e-03 4.398441829508396438e-04 -1.717849999999999933e-02 3.771230264921340922e-03 9.999923016001280862e-01 -1.083772470397698865e-03 -9.894260000000000554e-02 -4.357541559300606954e-04 1.085423414367546642e-03 9.999993159869297044e-01 5.241364500000000426e+00
9.999983775551277709e-01 -1.501250577963378742e-03 9.955570371927421544e-04 -1.763280000000000056e-02 1.506736588638984834e-03 9.999835586286121014e-01 -5.532830858576261168e-03 -9.973419999999999508e-02 -9.872345033455445264e-04 5.534321924077221025e-03 9.999841981995896134e-01 5.279762700000000031e+00
9.998945736903163128e-01 1.429488886839375660e-02 2.549050195840517601e-03 -1.839290000000000022e-02 -1.426715944504616980e-02 9.998422062284573197e-01 -1.058351574764681592e-02 -1.015139000000000041e-01 -2.699938153045770752e-03 1.054603226106057799e-02 9.999407440131232727e-01 5.357073800000000219e+00
9.997219118238980240e-01 2.308472688482545929e-02 4.816056875014816663e-03 -1.905470000000000080e-02 -2.306193536381119860e-02 9.997228228937850014e-01 -4.735453785768162921e-03 -1.033673999999999982e-01 -4.924038631627004545e-03 4.623069319701833199e-03 9.999771902766679821e-01 5.434635600000000011e+00
9.997629318611694904e-01 2.137183231094069713e-02 4.162314263920378898e-03 -1.895410000000000150e-02 -2.135393737119668095e-02 9.997627431898006289e-01 -4.297288488315501552e-03 -1.040864999999999985e-01 -4.253167655479088080e-03 4.207387940020563925e-03 9.999821040656761140e-01 5.473666699999999885e+00
9.998361739795094127e-01 1.786372950204230189e-02 2.917596664028898872e-03 -1.885670000000000054e-02 -1.785112538044777639e-02 9.998314506557962611e-01 -4.290408159775489609e-03 -1.049284000000000050e-01 -2.993747595844110324e-03 4.237622895421237941e-03 9.999865399231774310e-01 5.512932799999999745e+00
9.998717821804736783e-01 1.589287911566986469e-02 1.958466915278203341e-03 -1.884519999999999945e-02 -1.588280017655639351e-02 9.998610634576837741e-01 -5.058699419944564200e-03 -1.056747999999999993e-01 -2.038592111020442067e-03 5.026944865867538463e-03 9.999852868755222390e-01 5.552064900000000414e+00
9.998648299665383599e-01 1.638574495338355683e-02 1.352463791816387343e-03 -1.900560000000000097e-02 -1.637822873170919832e-02 9.998513233270678313e-01 -5.393038542705655761e-03 -1.066088000000000036e-01 -1.440631666084101229e-03 5.370158604171653555e-03 9.999845428690229410e-01 5.590881300000000387e+00
9.998430460391667385e-01 1.768372585149484075e-02 1.081261822988292560e-03 -1.915170000000000067e-02 -1.767755574999064008e-02 9.998287662219376148e-01 -5.471951920848926697e-03 -1.073743000000000059e-01 -1.177841172082120472e-03 5.451979010165248878e-03 9.999844441865313183e-01 5.630277200000000093e+00
9.998174225672772364e-01 1.906690765610084826e-02 1.254816066295069438e-03 -1.949129999999999960e-02 -1.906126079717437860e-02 9.998087763972335340e-01 -4.367948704902099334e-03 -1.083509000000000000e-01 -1.337859390449017138e-03 4.343232839749158920e-03 9.999896731770538949e-01 5.669427400000000006e+00
9.998489640623898778e-01 1.737951819552742069e-02 3.755871575366781680e-05 -1.952519999999999950e-02 -1.737902951176679631e-02 9.998330460889525151e-01 -5.643516786167822145e-03 -1.100951000000000013e-01 -1.356340478511469097e-04 5.642011678289098227e-03 9.999840745270032194e-01 5.748177100000000372e+00
9.998588150509295502e-01 1.679009066408789289e-02 -6.654475507432654462e-04 -1.976800000000000085e-02 -1.679377411272887574e-02 9.998410798062944416e-01 -5.981996559162082797e-03 -1.118355999999999933e-01 5.649035331090073060e-04 5.992327367133589572e-03 9.999818862843083966e-01 5.827295799999999915e+00
9.998550661444756127e-01 1.700181954937911299e-02 -8.859103998555144287e-04 -2.014789999999999984e-02 -1.700717131352498523e-02 9.998346838068787878e-01 -6.431265871588669539e-03 -1.125455999999999956e-01 7.764207226979329612e-04 6.445400593368774689e-03 9.999789267689855876e-01 5.866789800000000277e+00
9.998432211056128560e-01 1.763565738130512886e-02 -1.586441893599514546e-03 -2.070239999999999927e-02 -1.764595943980786993e-02 9.998216286636982808e-01 -6.732827913912293322e-03 -1.144582999999999989e-01 1.467421071541943596e-03 6.759766637903921044e-03 9.999760758290169305e-01 5.946295300000000061e+00
9.998445696387030512e-01 1.750732390135966224e-02 -2.080906968002802903e-03 -2.086440000000000169e-02 -1.752072142006297698e-02 9.998246864894506647e-01 -6.604589857986831875e-03 -1.154881999999999992e-01 1.964913463017704896e-03 6.640022295486432830e-03 9.999760243220825462e-01 5.986255200000000443e+00
9.998369772624695617e-01 1.791276375291797618e-02 -2.269756238031901425e-03 -2.133269999999999958e-02 -1.792757515921662020e-02 9.998169564460029912e-01 -6.682488455808420838e-03 -1.163514999999999966e-01 2.149638936792887343e-03 6.722090283797256538e-03 9.999750959672234485e-01 6.026358100000000384e+00
9.998493023872470076e-01 1.723833956048281130e-02 -2.052355946977827816e-03 -2.168979999999999866e-02 -1.725176426471634883e-02 9.998286366778178502e-01 -6.713710503942908574e-03 -1.173276999999999931e-01 1.936271027066705256e-03 6.748105524781799515e-03 9.999753566595209753e-01 6.066188300000000311e+00
9.998725100984099390e-01 1.575631329693934907e-02 -2.588849318486306610e-03 -2.160149999999999917e-02 -1.577447870843555477e-02 9.998499892243978282e-01 -7.152962284867113094e-03 -1.181460000000000010e-01 2.475756648430566149e-03 7.192888102863148267e-03 9.999710660762928249e-01 6.106429099999999721e+00
9.998854175816551670e-01 1.495471797209913661e-02 -2.346937991090167295e-03 -2.206429999999999850e-02 -1.497025449693775018e-02 9.998651676351535400e-01 -6.748187180501822799e-03 -1.192060999999999954e-01 2.245704311783341175e-03 6.782548215910389616e-03 9.999744766001994467e-01 6.146315099999999809e+00
9.999033127060826809e-01 1.374521357487990848e-02 -2.105788019419141139e-03 -2.229149999999999882e-02 -1.375759869809226217e-02 9.998874511910047502e-01 -5.984432205170546817e-03 -1.201320000000000027e-01 2.023293716701100604e-03 6.012824173129416999e-03 9.999798759115100522e-01 6.186631199999999886e+00
9.999098581801609820e-01 1.325586836582944364e-02 -2.134822708844611675e-03 -2.275479999999999864e-02 -1.326821933495656372e-02 9.998946894651644657e-01 -5.879144073912541228e-03 -1.210511999999999977e-01 2.056664729575833055e-03 5.906939413108818794e-03 9.999804389071618171e-01 6.227105100000000171e+00
9.998997513664756864e-01 1.395525514166197356e-02 -2.395427141695817726e-03 -2.279110000000000164e-02 -1.396990904202699904e-02 9.998831083768897621e-01 -6.213793038594117059e-03 -1.219329999999999997e-01 2.308432069078118244e-03 6.246634013619288030e-03 9.999778251065781776e-01 6.267599599999999604e+00
9.998884921756046040e-01 1.486292607044438670e-02 -1.447979081429566278e-03 -2.356839999999999977e-02 -1.487131398502493894e-02 9.998716209321123483e-01 -5.965372993275445436e-03 -1.238183999999999951e-01 1.359130293443093019e-03 5.986241159074946576e-03 9.999811586633173821e-01 6.347904200000000330e+00
9.998763728992211552e-01 1.570286803820820226e-02 -8.116977714980984837e-04 -2.392510000000000123e-02 -1.570609532908039119e-02 9.998680992211208540e-01 -4.135544638464342705e-03 -1.246183000000000013e-01 7.466507962058983741e-04 4.147781975648099327e-03 9.999911191692009149e-01 6.388968499999999828e+00
9.998722916717858178e-01 1.597399134298980311e-02 4.816093701054588970e-04 -2.439030000000000017e-02 -1.597128209829234285e-02 9.998590111997880392e-01 -5.184194317236673170e-03 -1.265324999999999922e-01 -5.643537437221124008e-04 5.175840333336147008e-03 9.999864459989923349e-01 6.469300299999999559e+00
9.998746797688927712e-01 1.581306251677572564e-02 7.561817867362840596e-04 -2.435299999999999965e-02 -1.580820233676070649e-02 9.998567319643373308e-01 -6.051139105595478192e-03 -1.276043000000000038e-01 -8.517604910315821655e-04 6.038426900756202649e-03 9.999814057794425004e-01 6.509669800000000173e+00
9.998645677910080742e-01 1.643072759227772947e-02 9.366252660972537811e-04 -2.448550000000000032e-02 -1.642523249968749419e-02 9.998494130725421591e-01 -5.600260335401217350e-03 -1.284814999999999985e-01 -1.028500574593068121e-03 5.584117592012335408e-03 9.999838797787126143e-01 6.549926799999999716e+00
9.998640065637725005e-01 1.647889618132095460e-02 6.437071426765887325e-04 -2.479119999999999935e-02 -1.647590282144801091e-02 9.998545489621739613e-01 -4.407442100117481276e-03 -1.301696999999999993e-01 -7.162432955976495274e-04 4.396237060593100737e-03 9.999900799984211552e-01 6.631137400000000071e+00
9.998610690144598134e-01 1.666843080828879498e-02 7.799776135159386305e-05 -2.491180000000000130e-02 -1.666793120062626948e-02 9.998515393405532636e-01 -4.367991279445176088e-03 -1.310931999999999931e-01 -1.507937421651489758e-04 4.366084368791880825e-03 9.999904572387338098e-01 6.671502099999999658e+00
9.998306112184173200e-01 1.839613716815743580e-02 5.753328569353698997e-04 -2.532869999999999913e-02 -1.839341543369472573e-02 9.998210398169168345e-01 -4.423868002403618174e-03 -1.318147000000000069e-01 -6.566119778479986239e-04 4.412536312542542083e-03 9.999900491424906779e-01 6.712178699999999942e+00
9.998139652215021211e-01 1.927303640187335437e-02 7.648633270068400753e-04 -2.545450000000000143e-02 -1.926947560668624410e-02 9.998045662376352505e-01 -4.417764164980696878e-03 -1.326317999999999941e-01 -8.498575764557130029e-04 4.402203791980601258e-03 9.999899491214266911e-01 6.752596900000000346e+00
9.998136660661867126e-01 1.929937096665500229e-02 4.091791576687287880e-04 -2.548109999999999958e-02 -1.929754947634750722e-02 9.998055158638186057e-01 -4.066329117458708162e-03 -1.334817000000000087e-01 -4.875771729240526244e-04 4.057675267318270121e-03 9.999916487350908323e-01 6.793284899999999737e+00
9.998800446592494007e-01 1.548487004848515987e-02 3.392518222843456978e-04 -2.596899999999999903e-02 -1.548376713636277595e-02 9.998754896706639750e-01 -3.042714432348235087e-03 -1.350937000000000110e-01 -3.863256195077879223e-04 3.037096546284858475e-03 9.999953133875598699e-01 6.875100599999999673e+00
9.999062104612931323e-01 1.369487730747460767e-02 1.435843628581423364e-04 -2.578400000000000136e-02 -1.369445747378911747e-02 9.999028403655091379e-01 -2.602242011378392422e-03 -1.357945000000000124e-01 -1.792077973241114320e-04 2.600031638349480090e-03 9.999966038542555946e-01 6.916138199999999792e+00
9.999273578372941396e-01 1.204797003588494245e-02 -3.542125666644816849e-04 -2.574500000000000052e-02 -1.204915327290828272e-02 9.999210927811459371e-01 -3.553324748029967027e-03 -1.366228999999999916e-01 3.113742666439295423e-04 3.557334588342403979e-03 9.999936241880208465e-01 6.956581599999999810e+00
9.999411819595772632e-01 1.083844161106230393e-02 -4.010046474464488281e-04 -2.589779999999999860e-02 -1.083999400920970975e-02 9.999328560827447365e-01 -4.096078134646470581e-03 -1.375804999999999945e-01 3.565826187268669777e-04 4.100184099333156057e-03 9.999915306337286980e-01 6.997353099999999770e+00
9.999608029081520355e-01 8.824682451217832554e-03 -7.194629380405624663e-04 -2.556999999999999898e-02 -8.826333043375654205e-03 9.999583459949762387e-01 -2.324246114121371505e-03 -1.383259000000000016e-01 6.989222356321286508e-04 2.330505229936470114e-03 9.999970401221605076e-01 7.038463100000000416e+00
9.999766931575034823e-01 6.827138924424826574e-03 -5.758377088897439393e-05 -2.593679999999999944e-02 -6.827180559424963352e-03 9.999764081455025932e-01 -7.568077881836388727e-04 -1.390743999999999869e-01 5.241558047201379093e-05 7.571832841848710879e-04 9.999997119629990827e-01 7.079101099999999924e+00
9.999808989689732419e-01 6.174634029616153305e-03 2.749396376706569238e-04 -2.615740000000000079e-02 -6.174101127403306202e-03 9.999791375709630170e-01 -1.898656920455360454e-03 -1.395898999999999890e-01 -2.866574133935864558e-04 1.896923149023703329e-03 9.999981597533537103e-01 7.119880199999999881e+00
9.999811293857560068e-01 6.099039290807611174e-03 7.366085236334545547e-04 -2.633069999999999855e-02 -6.096891047818181822e-03 9.999772542339943060e-01 -2.884256263331034468e-03 -1.403698999999999919e-01 -7.541829611831520020e-04 2.879710813730220528e-03 9.999955692270292573e-01 7.160174800000000062e+00
9.999724265150302660e-01 7.295838953494595581e-03 1.384537325992590481e-03 -2.653200000000000003e-02 -7.290837222558411469e-03 9.999669992531293738e-01 -3.583866248377784707e-03 -1.409762999999999988e-01 -1.410638946205791753e-03 3.573672992423282836e-03 9.999926194523170997e-01 7.200593500000000091e+00
9.999545457001884907e-01 9.216865943481793860e-03 2.440474484513082201e-03 -2.665709999999999955e-02 -9.208497670326370316e-03 9.999517583349899486e-01 -3.418270530175369481e-03 -1.419613000000000125e-01 -2.471862493195715188e-03 3.395642051476724290e-03 9.999911797165378369e-01 7.241325899999999649e+00
9.999299952789683088e-01 1.124548040203154735e-02 3.680178247031114409e-03 -2.690669999999999867e-02 -1.123128400016075966e-02 9.999294933281283049e-01 -3.855727202547592613e-03 -1.427872000000000030e-01 -3.723278274602850012e-03 3.814124156376783818e-03 9.999857947270098801e-01 7.281733499999999637e+00
9.999223236512566615e-01 1.184923450044417931e-02 3.865527858529347119e-03 -2.671650000000000066e-02 -1.183466458043201663e-02 9.999228588928235073e-01 -3.770540792936085458e-03 -1.437306999999999890e-01 -3.909907689479508869e-03 3.724500685462491401e-03 9.999854202519673496e-01 7.322873099999999802e+00
