1.000000000000000000e+00 0.000000000000000000e+00 0.000000000000000000e+00 0.000000000000000000e+00 0.000000000000000000e+00 1.000000000000000000e+00 0.000000000000000000e+00 0.000000000000000000e+00 0.000000000000000000e+00 0.000000000000000000e+00 1.000000000000000000e+00 0.000000000000000000e+00
9.999992053756412425e-01 -1.254655373938929437e-03 1.228331345236717781e-04 -5.569999999999999864e-05 1.254543869699089329e-03 9.999988047429417826e-01 9.036771364427621193e-04 -5.270000000000000162e-04 -1.239667910820443930e-04 -9.035223188029843644e-04 9.999995841397406604e-01 3.759099999999999941e-02
9.999996020396475505e-01 -8.590184043940499517e-04 -2.408483497340977700e-04 -9.090000000000000044e-05 8.593809622854514923e-04 9.999984917434525666e-01 1.509296253783714778e-03 -1.188599999999999943e-03 2.395514732133141665e-04 -1.509502633630204968e-03 9.999988320077632942e-01 7.507189999999999697e-02
9.999996746198982489e-01 -3.893263738852711649e-04 -7.065303052079524712e-04 -1.539000000000000003e-04 3.890735524039300327e-04 9.999998602512593093e-01 -3.579374704787616473e-04 -1.771299999999999958e-03 7.066695609686911425e-04 3.576624617573027692e-04 9.999996863477983444e-01 1.129804999999999976e-01
9.999972799015732772e-01 2.232566133272065757e-03 -6.751576964115015055e-04 -4.455999999999999892e-04 -2.234227230089592866e-03 9.999944545246155503e-01 -2.469645460537694265e-03 -2.438500000000000129e-03 6.696403055247299651e-04 2.471147198568889557e-03 9.999967225013211003e-01 1.501561999999999897e-01
9.999824909678249885e-01 5.865036548101800612e-03 -7.868316676420680300e-04 -6.275000000000000196e-04 -5.867694446765481936e-03 9.999769390041168826e-01 -3.419301366673046117e-03 -3.100900000000000184e-03 7.667591950357080651e-04 3.423858385822163824e-03 9.999938446181009244e-01 1.881401000000000046e-01
9.999593619400669597e-01 9.009706489334544377e-03 -3.156855877849695249e-04 -1.214800000000000038e-03 -9.010495247732858842e-03 9.999560421734939863e-01 -2.593201903454956086e-03 -4.579800000000000190e-03 2.923077229149584236e-04 2.595941004249098950e-03 9.999965878174272849e-01 2.634162999999999921e-01
9.999792811622603139e-01 6.437166729308710887e-03 1.143277090335305355e-05 -1.256500000000000021e-03 -6.437166845588715609e-03 9.999792811752202804e-01 1.016325533190149507e-05 -5.179300000000000397e-03 -1.136711146069197556e-05 -1.023663941487564106e-05 9.999999998829999237e-01 3.015414000000000150e-01
9.999972775477738995e-01 2.333384845332315844e-03 1.456721979929481784e-05 -1.160599999999999913e-03 -2.333409599132552862e-03 9.999952192016742236e-01 2.028983350861564890e-03 -5.913400000000000080e-03 -9.832751154022832365e-06 -2.029011818341837272e-03 9.999979415050602727e-01 3.394201000000000024e-01
9.999999531703024358e-01 2.387674686570314493e-04 -1.914405621113227898e-04 -1.281699999999999983e-03 -2.388325063736311971e-04 9.999999137552645356e-01 -3.397771290761595199e-04 -6.613700000000000134e-03 1.913594178755650922e-04 3.398228353937699886e-04 9.999999239510040105e-01 3.771797000000000066e-01
9.999997264655487994e-01 -7.140462106608598232e-04 -1.928907378422780846e-04 -1.440099999999999930e-03 7.135525632805339797e-04 9.999965011307159202e-01 -2.547266979623743523e-03 -7.093799999999999932e-03 1.947089292771421410e-04 2.547128645178047338e-03 9.999967371067256527e-01 4.152468999999999744e-01
9.999989806621195632e-01 1.413428176605315218e-03 2.022263865328658664e-04 -1.505700000000000007e-03 -1.412564654083541286e-03 9.999901472432289884e-01 -4.208334297950301790e-03 -7.807699999999999883e-03 -2.081725723187641968e-04 4.208044350389998460e-03 9.999911244740751215e-01 4.537860000000000227e-01
9.999914959150442151e-01 3.919606381600700649e-03 1.282491093744728529e-03 -1.946100000000000087e-03 -3.917173662790300430e-03 9.999905343732325980e-01 -1.893915106918584368e-03 -8.595600000000000115e-03 -1.289902355901990710e-03 1.888875260568435898e-03 9.999973841476598180e-01 4.919700000000000184e-01
9.999880849581256337e-01 4.484061226866608088e-03 1.929543130955826621e-03 -2.166799999999999976e-03 -4.487109314516330924e-03 9.999886873847554369e-01 1.578275170365740256e-03 -9.140999999999999820e-03 -1.922444220280025273e-03 -1.586914436106669039e-03 9.999968929505692605e-01 5.306961999999999513e-01
9.999942317170965600e-01 2.594988657332225439e-03 2.191475850247749397e-03 -2.196299999999999988e-03 -2.602196793656592899e-03 9.999911931493347117e-01 3.292748945354978182e-03 -9.630599999999999578e-03 -2.182911904082561038e-03 -3.298432603278421589e-03 9.999921775883953146e-01 5.689393000000000367e-01
9.999966767980043025e-01 -1.668551440904834666e-03 1.965280905321302972e-03 -2.240699999999999983e-03 1.665444606490606733e-03 9.999973626717056918e-01 1.581437288036958858e-03 -1.017580000000000047e-02 -1.967914431696019505e-03 -1.578158966117400785e-03 9.999968183584722059e-01 6.074156000000000555e-01
9.999963597942337357e-01 -2.180492497964876819e-03 1.589292530589943254e-03 -1.993799999999999999e-03 2.181503483084385429e-03 9.999974191168170545e-01 -6.346670452134024667e-04 -1.087010000000000060e-02 -1.587904542080784782e-03 6.381317820858868357e-04 9.999985356724249153e-01 6.462974000000000219e-01
9.999945463671074952e-01 -2.405450439308329681e-03 2.262972431773618408e-03 -2.112800000000000181e-03 2.412537097962570102e-03 9.999921786022759607e-01 -3.134070679597717596e-03 -1.154909999999999964e-02 -2.255415880473129065e-03 3.139513092470092373e-03 9.999925282504606994e-01 6.848996000000000528e-01
9.999954122933728540e-01 9.040592693357534871e-04 2.891032522230830605e-03 -2.264799999999999973e-03 -8.927351158699805720e-04 9.999919343931472637e-01 -3.915887212920939400e-03 -1.228890000000000017e-02 -2.894549398431622497e-03 3.913288321725504754e-03 9.999881538089794297e-01 7.237875999999999754e-01
9.999926721477152558e-01 1.953433261390447560e-03 3.292377463988242336e-03 -2.430799999999999888e-03 -1.933742347253995103e-03 9.999802895650030665e-01 -5.973367729102040287e-03 -1.310039999999999989e-02 -3.303981145000797499e-03 5.966957347420419853e-03 9.999767392937736199e-01 7.624710999999999572e-01
9.999916015698842031e-01 2.453863408546252955e-03 3.282581921319116611e-03 -2.431299999999999954e-03 -2.436108308434998225e-03 9.999824417869722648e-01 -5.401989825449094763e-03 -1.398519999999999971e-02 -3.295780030212470003e-03 5.393947732123416210e-03 9.999800213813552219e-01 8.014113000000000486e-01
9.999914675550140020e-01 2.506990759993183143e-03 3.283262782429851277e-03 -2.586000000000000191e-03 -2.492987243463501857e-03 9.999878088663715081e-01 -4.262292016866693796e-03 -1.478149999999999950e-02 -3.293908282437210677e-03 4.254070516861010141e-03 9.999855264213899364e-01 8.403350000000000541e-01
9.999895048936726649e-01 3.622937506870626753e-03 2.804358452256563647e-03 -2.636400000000000115e-03 -3.615436943094072972e-03 9.999898862459812854e-01 -2.675074103628018000e-03 -1.554759999999999996e-02 -2.814021715968689601e-03 2.664907047290900576e-03 9.999924897479037789e-01 8.798909000000000313e-01
9.999733564691872800e-01 6.730231964782170534e-03 2.826717079602315916e-03 -2.780799999999999939e-03 -6.723268070993148118e-03 9.999743581311768548e-01 -2.465916986933047728e-03 -1.625050000000000106e-02 -2.843240790621716450e-03 2.446846509510803257e-03 9.999929644372331783e-01 9.189315000000000122e-01
9.999546713970661749e-01 8.995620788352675853e-03 3.119929136606410663e-03 -2.936499999999999874e-03 -8.986958449187476897e-03 9.999557536433918425e-01 -2.779448382100935429e-03 -1.699109999999999857e-02 -3.144793954755420451e-03 2.751283720073756899e-03 9.999912703163331695e-01 9.583977000000000190e-01
9.999219988318659436e-01 1.218452981512340404e-02 2.744719524874974712e-03 -3.372700000000000177e-03 -1.217817740304688763e-02 9.999231533370599445e-01 -2.319356723416861419e-03 -1.856640000000000026e-02 -2.772768873487161181e-03 2.285750129587581139e-03 9.999935435287167218e-01 1.036772100000000085e+00
9.999415716265356302e-01 1.064653845047536761e-02 1.872044891719181359e-03 -3.520099999999999965e-03 -1.064153209831331624e-02 9.999398281128930588e-01 -2.664197469871322499e-03 -2.039519999999999875e-02 -1.900296728047941915e-03 2.644120379341856342e-03 9.999946987358308004e-01 1.115527399999999947e+00
9.999500966699730320e-01 9.989178922646922004e-03 -1.430879555032096428e-04 -3.858900000000000177e-03 -9.989366796921753805e-03 9.999491545730389008e-01 -1.378702165547656842e-03 -2.176180000000000128e-02 1.293085775223227595e-04 1.380062721790223769e-03 9.999990393526264620e-01 1.194841299999999995e+00
9.999417711234045436e-01 1.074057471011610407e-02 -1.046144103417446418e-03 -4.111100000000000344e-03 -1.074230496713813807e-02 9.999409175697134833e-01 -1.662604532796479063e-03 -2.254070000000000032e-02 1.028224966483508350e-03 1.673745720200795623e-03 9.999980706624800320e-01 1.234188099999999899e+00
9.999435340339805078e-01 1.033669783345703662e-02 -2.466053838350858521e-03 -4.184900000000000078e-03 -1.033940574932871136e-02 9.999459551575511362e-01 -1.087866169869988135e-03 -2.322700000000000112e-02 2.454675616978508126e-03 1.113302273690205523e-03 9.999963675562341114e-01 1.274226099999999917e+00
9.999387920873669122e-01 1.046925930028570761e-02 -3.578643396750732803e-03 -4.413300000000000209e-03 -1.047041967905031415e-02 9.999451369339933393e-01 -3.056694323570272997e-04 -2.394989999999999966e-02 3.575246928854325292e-03 3.431206212147593559e-04 9.999935499180166998e-01 1.314096500000000001e+00
9.999596417374766455e-01 7.521673834173860616e-03 -4.913178094633829235e-03 -4.913100000000000106e-03 -7.518573073937928446e-03 9.999715243439013523e-01 6.492767253741176057e-04 -2.533020000000000063e-02 4.917921836420440299e-03 -6.123104331638090994e-04 9.999877194849665640e-01 1.394264200000000065e+00
9.999786204331667649e-01 3.764787220927689679e-03 -5.346499206191284749e-03 -5.530099999999999599e-03 -3.761172108142354573e-03 9.999926914275296674e-01 6.860582325169224064e-04 -2.698470000000000035e-02 5.349042994180965883e-03 -6.659344611985569626e-04 9.999854720296389443e-01 1.473686700000000016e+00
9.999844561986378499e-01 2.979430891835856826e-03 -4.712786084192217492e-03 -5.918900000000000376e-03 -2.973745083869269897e-03 9.999948427078875213e-01 1.213011872787739601e-03 -2.767800000000000121e-02 4.716375864023665196e-03 -1.198978393522944982e-03 9.999881590546565446e-01 1.513476499999999891e+00
9.999895047474732790e-01 1.468872051776637854e-03 -4.339678536347762669e-03 -6.225999999999999764e-03 -1.461119026126179001e-03 9.999973319896203749e-01 1.789174343835969174e-03 -2.831370000000000067e-02 4.342295026229799071e-03 -1.782814779122686910e-03 9.999889829619967863e-01 1.553168099999999940e+00
9.999915110794689310e-01 -1.651719107378222477e-03 -3.774863307555365553e-03 -6.384199999999999597e-03 1.653873534626940523e-03 9.999984712199525561e-01 5.676795656787143440e-04 -2.986369999999999997e-02 3.773919889434158847e-03 -5.739178932131943408e-04 9.999927140469174747e-01 1.632247400000000015e+00
9.999948544380924398e-01 -8.026302787967915658e-04 -3.105943008786872604e-03 -6.732600000000000043e-03 8.037676227496170014e-04 9.999996103836624739e-01 3.649522323577828473e-04 -3.075860000000000052e-02 3.105648876948728394e-03 -3.674468109020463625e-04 9.999951099519908126e-01 1.671700799999999987e+00
9.999967494360885167e-01 9.117042568166178283e-04 -2.381157828647143589e-03 -7.069299999999999716e-03 -9.114942349823362128e-04 9.999995806031114487e-01 8.928527796898955149e-05 -3.151709999999999928e-02 2.381238231764954815e-03 -8.711457610809222787e-05 9.999971610537373712e-01 1.711005300000000062e+00
9.999885078188626153e-01 4.469210001941850696e-03 -1.735048173111343071e-03 -7.336900000000000366e-03 -4.466761921164665028e-03 9.999890266931807936e-01 1.412278713447033757e-03 -3.233029999999999932e-02 1.741340904047060595e-03 -1.404512436173202495e-03 9.999974975352050599e-01 1.750071799999999955e+00
9.999324345335919295e-01 1.162289393102998447e-02 -1.862911483022785478e-04 -8.151900000000000118e-03 -1.162228765094991054e-02 9.999280216136513522e-01 2.978929600996250548e-03 -3.360950000000000049e-02 2.209015221464175928e-04 -2.976563198915967243e-03 9.999955456270994691e-01 1.828594000000000053e+00
9.998110200969070327e-01 1.941279093183813018e-02 1.033267157569467062e-03 -8.862699999999999398e-03 -1.941495182017173235e-02 9.998092557983413453e-01 2.124068216291015703e-03 -3.485060000000000241e-02 -9.918359756425766498e-04 -2.143727642166915349e-03 9.999972103427057224e-01 1.907127500000000087e+00
9.997751098740674802e-01 2.109911334329414578e-02 2.134734743019750872e-03 -9.513699999999999934e-03 -2.110408365911761036e-02 9.997745614984069329e-01 2.333202429490692942e-03 -3.623230000000000200e-02 -2.085024989105312837e-03 -2.377729335909212639e-03 9.999949995244975520e-01 1.984764600000000101e+00
9.998255140418039755e-01 1.857632907681163251e-02 1.965062103962677068e-03 -9.574700000000000225e-03 -1.857884128250471625e-02 9.998265943816408985e-01 1.267999924847047375e-03 -3.753100000000000186e-02 -1.941166567280094239e-03 -1.304287253604955290e-03 9.999972653498199193e-01 2.062179599999999891e+00
9.998241558314214794e-01 1.867680746267658815e-02 1.683531700802564897e-03 -9.721300000000000427e-03 -1.867874289216298750e-02 9.998248856367986104e-01 1.141326128268139832e-03 -3.830220000000000152e-02 -1.661920561871063238e-03 -1.172571688514134451e-03 9.999979315457013795e-01 2.100881600000000127e+00
9.998256990515572706e-01 1.861112203228709738e-02 1.482448233197456496e-03 -9.883899999999999283e-03 -1.861284763028119710e-02 9.998260943594192707e-01 1.158853347727862183e-03 -3.896320000000000339e-02 -1.460622866015746923e-03 -1.186243941574531037e-03 9.999982297015101995e-01 2.138856599999999997e+00
9.998247479155691897e-01 1.872052479777953568e-02 1.241243905881350565e-04 -1.010420000000000068e-02 -1.872063013249579064e-02 9.998243394545437424e-01 9.100778690522830661e-04 -4.028690000000000049e-02 -1.070654515144762715e-04 -9.122420628153592084e-04 9.999995781756150226e-01 2.215621000000000063e+00
9.998407947406111607e-01 1.781916376407203031e-02 -9.287492730174177905e-04 -1.033159999999999981e-02 -1.781740097136147796e-02 9.998395032647060532e-01 1.872947946840311040e-03 -4.095730000000000204e-02 9.619745779775218429e-04 -1.856101865477400659e-03 9.999978147430004238e-01 2.254227199999999876e+00
9.998726207542009137e-01 1.585742998715656757e-02 -1.812230760272386023e-03 -1.065269999999999932e-02 -1.585273523215447247e-02 9.998710185558509211e-01 2.576244892169386215e-03 -4.147990000000000010e-02 1.852849639139140647e-03 -2.547187917615863738e-03 9.999950393786596337e-01 2.292195599999999889e+00
9.999303295605834752e-01 1.116369560811934086e-02 -3.835091293853940420e-03 -1.108020000000000012e-02 -1.115068296363316142e-02 9.999320561799557305e-01 3.397836542640923080e-03 -4.286650000000000182e-02 3.872763135989405487e-03 -3.354835926721576669e-03 9.999868733046436420e-01 2.368198599999999931e+00
9.999510698735057934e-01 8.634025620030190418e-03 -4.828194323317686922e-03 -1.169989999999999919e-02 -8.621750503761276690e-03 9.999595616331173886e-01 2.557443402046750015e-03 -4.416019999999999668e-02 4.850080110879308008e-03 -2.515690779178264991e-03 9.999850739000165634e-01 2.444485900000000100e+00
9.999433575740901414e-01 9.422939454997857067e-03 -4.948722611227135762e-03 -1.237320000000000086e-02 -9.415989011049896718e-03 9.999546519251405474e-01 1.425918726597442563e-03 -4.566669999999999757e-02 4.961934542012177637e-03 -1.379240841375568719e-03 9.999867383622156325e-01 2.520286599999999932e+00
9.999188575418876956e-01 1.197742474279683660e-02 -4.338159593255067753e-03 -1.329980000000000051e-02 -1.197368768127507997e-02 9.999279199599799828e-01 8.863903310669620688e-04 -4.710079999999999822e-02 4.348463572021069729e-03 -8.343746390954888013e-04 9.999901972937156325e-01 2.595436799999999877e+00
9.998933501799641688e-01 1.408532498897218516e-02 -3.859000627439416412e-03 -1.416120000000000052e-02 -1.407148092196973746e-02 9.998945419240814481e-01 3.591441924067913238e-03 -4.847139999999999782e-02 3.909180291337794114e-03 -3.536757043726159594e-03 9.999861047329924313e-01 2.670370800000000155e+00
9.999054105996227904e-01 1.313604724378166465e-02 -4.076041757487742535e-03 -1.454919999999999998e-02 -1.313613283979062248e-02 9.999137172679919416e-01 5.772481503991018097e-06 -4.992789999999999728e-02 4.075765893058878007e-03 4.777149049846575121e-05 9.999916928906307234e-01 2.745736599999999861e+00
9.999433824900887391e-01 9.769003501864942027e-03 -4.218813205231293842e-03 -1.507949999999999915e-02 -9.768720815439521296e-03 9.999522810707088816e-01 8.760773887801204100e-05 -5.131759999999999794e-02 4.219467728290151459e-03 -4.639037037159376070e-05 9.999910969303793529e-01 2.820550900000000194e+00
9.999767705594191369e-01 6.068528800384682259e-03 -3.103433542653596163e-03 -1.543160000000000018e-02 -6.060992575415483780e-03 9.999786746025838280e-01 2.432017487713330085e-03 -5.246150000000000119e-02 3.118126128867172286e-03 -2.413151105647288758e-03 9.999922269653829243e-01 2.895466299999999826e+00
9.999696595835804169e-01 7.633916849969946995e-03 -1.550234119767519413e-03 -1.596989999999999868e-02 -7.636362553936363630e-03 9.999695976491802529e-01 -1.577892354200089624e-03 -5.366839999999999805e-02 1.538141489975790657e-03 1.589682630071024899e-03 9.999975535119535186e-01 2.969167500000000182e+00
9.999179341790227493e-01 1.275373655128446936e-02 1.211243631973277180e-03 -1.669170000000000029e-02 -1.274929812153991447e-02 9.999122294770024233e-01 -3.603989419859579546e-03 -5.523739999999999900e-02 -1.257101652080726923e-03 3.588251149347201040e-03 9.999927720484411697e-01 3.042995499999999964e+00
9.998932811025365019e-01 1.418406708217398622e-02 3.498377768663610624e-03 -1.691990000000000161e-02 -1.418597443478791971e-02 9.998992382680901292e-01 5.209992596736901741e-04 -5.666179999999999828e-02 -3.490635377611790539e-03 -5.705715567966109566e-04 9.999937449368166975e-01 3.118162900000000182e+00
9.998925746767068912e-01 1.371484034179296617e-02 5.171291984126412042e-03 -1.689490000000000089e-02 -1.371682309357176617e-02 9.999058593496089609e-01 3.481415512279562377e-04 -5.776810000000000278e-02 -5.166030449544228506e-03 -4.190378493207315078e-04 9.999865681781306970e-01 3.192272899999999858e+00
9.998125118965123237e-01 1.774172969570525504e-02 7.757066622824250468e-03 -1.699459999999999860e-02 -1.773860666926381502e-02 9.998425474945308311e-01 -4.712250841924264973e-04 -5.916090000000000237e-02 -7.764205601318973499e-03 3.335371813655215205e-04 9.999698024762193604e-01 3.266316199999999892e+00
9.997531499420281298e-01 1.992274628297272671e-02 9.834803584049220046e-03 -1.671529999999999891e-02 -1.990197490434954253e-02 9.997995036879470110e-01 -2.205407046618609521e-03 -6.057420000000000165e-02 -9.876769507241317178e-03 2.009130627642345679e-03 9.999492051190509434e-01 3.340547100000000214e+00
9.997750814913404227e-01 1.840509913370969725e-02 1.053749281669211918e-02 -1.633449999999999833e-02 -1.838040656579871535e-02 9.998281000085751380e-01 -2.435382458378012455e-03 -6.123889999999999889e-02 -1.058050487734223458e-02 2.241151293632473625e-03 9.999415133683666745e-01 3.377868199999999987e+00
9.997644778101382190e-01 1.839754410269927448e-02 1.151170187292422167e-02 -1.622869999999999868e-02 -1.838148027974669668e-02 9.998299215851487176e-01 -1.499695222600414338e-03 -6.187020000000000020e-02 -1.153733468991583258e-02 1.287739890133982566e-03 9.999326135466470866e-01 3.415075799999999884e+00
9.997759940070136686e-01 1.710343673711593390e-02 1.246732766342011946e-02 -1.601649999999999949e-02 -1.709384626419383282e-02 9.998535063064468709e-01 -8.754122457548413902e-04 -6.248399999999999788e-02 -1.248047383650613233e-02 6.621015657616242988e-04 9.999218966470995174e-01 3.452229500000000062e+00
9.998167181612146459e-01 1.431126660781840455e-02 1.271682874848626549e-02 -1.539949999999999999e-02 -1.431022118826514623e-02 9.998975885411788278e-01 -1.732024200960609512e-04 -6.398700000000000221e-02 -1.271800514551366806e-02 -8.809956966103829612e-06 9.999191228631960637e-01 3.526228199999999813e+00
9.998459730900478570e-01 1.249964104530712321e-02 1.232027066885360740e-02 -1.494529999999999990e-02 -1.250859492318102430e-02 9.999215532207681445e-01 6.499673949407527287e-04 -6.469080000000000663e-02 -1.231117982417245620e-02 -8.039765576119787009e-04 9.999238913402518358e-01 3.563277699999999992e+00
9.998996747207612446e-01 9.408959681681294471e-03 1.058829405637983813e-02 -1.452699999999999998e-02 -9.409768620189827223e-03 9.999557267938783411e-01 2.658271993764960676e-05 -6.583450000000000413e-02 -1.058757516291448063e-02 -1.262134501719144137e-04 9.999439420899226549e-01 3.637147699999999872e+00
9.999441328796562223e-01 6.666410397497214181e-03 8.203053819445296421e-03 -1.392189999999999921e-02 -6.674202037812948692e-03 9.999773014409802929e-01 9.228379995753705281e-04 -6.716329999999999523e-02 -8.196715605108458383e-03 -9.775352817918215101e-04 9.999659285585994484e-01 3.711346900000000115e+00
9.999652005010847278e-01 5.792451830371476117e-03 6.003772865299634130e-03 -1.381729999999999937e-02 -5.796647088898807844e-03 9.999829670035910167e-01 6.816048868416825978e-04 -6.855269999999999420e-02 -5.999722439583602025e-03 -7.163829198352111459e-04 9.999817448964556377e-01 3.784681299999999915e+00
9.999845758318504085e-01 3.967091969459695527e-03 3.887194322381085001e-03 -1.369139999999999940e-02 -3.958472853249090512e-03 9.999896954379255964e-01 -2.222500986460249506e-03 -6.988550000000000317e-02 -3.895971132361397259e-03 2.207079353030872142e-03 9.999899750545827581e-01 3.858509999999999884e+00
9.999586690901993702e-01 -8.963757556048515540e-03 1.520250582429096605e-03 -1.316419999999999917e-02 8.964457446305421767e-03 9.999597152954045054e-01 -4.541905183094906910e-04 -7.117070000000000340e-02 -1.516118085893089842e-03 4.677999678560528147e-04 9.999987412737776360e-01 3.932814099999999868e+00
9.998198740802978213e-01 -1.894892200531075530e-02 -1.075987404199360217e-03 -1.294370000000000069e-02 1.894613988548958169e-02 9.998172806541445468e-01 -2.539505619409619577e-03 -7.250439999999999663e-02 1.123911694398957613e-03 2.518662380749348787e-03 9.999961965739244674e-01 4.006699600000000139e+00
9.998932753744522728e-01 -1.460662890127583519e-02 2.902638285412543454e-04 -1.334429999999999991e-02 1.460838745039600567e-02 9.998654937867452741e-01 -7.455826626675648473e-03 -7.435849999999999405e-02 -1.813202935647300392e-04 7.459271192840933283e-03 9.999721628106568172e-01 4.080226399999999920e+00
9.998358542632870272e-01 -1.803776199587497214e-02 1.704016368188851407e-03 -1.340299999999999998e-02 1.804429000836611785e-02 9.998295956197628120e-01 -3.896578103348158524e-03 -7.612860000000000460e-02 -1.633440447909184027e-03 3.926686262191327222e-03 9.999909564627579295e-01 4.153798100000000382e+00
9.996440940214030846e-01 -2.658166926777863134e-02 2.258350519004795852e-03 -1.320190000000000079e-02 2.658200053666979687e-02 9.996466293681485205e-01 -1.167919858768406277e-04 -7.756140000000000256e-02 -2.254447958313247902e-03 1.767818936189888247e-04 9.999974431030138611e-01 4.227476099999999626e+00
9.995907854220000832e-01 -2.852248623079841824e-02 2.174736453679490707e-03 -1.300809999999999987e-02 2.852287595934836426e-02 9.995931289906395678e-01 -1.483971368305139424e-04 -7.822030000000000649e-02 -2.169618961171551098e-03 2.103661486713627080e-04 9.999976242470013377e-01 4.264620800000000322e+00
9.996441786985433842e-01 -2.646650117694564902e-02 3.322696128967973870e-03 -1.316980000000000060e-02 2.646478832779947804e-02 9.996495901789660410e-01 5.584208001321954275e-04 -7.889559999999999629e-02 -3.336311268376001334e-03 -4.702876523855958001e-04 9.999943239122133232e-01 4.301230399999999676e+00
9.998168878911716240e-01 -1.845578679595087992e-02 5.057135686802573943e-03 -1.321379999999999950e-02 1.846929026883637956e-02 9.998259516418112058e-01 -2.636615351556097740e-03 -8.023529999999999551e-02 -5.007594689847898184e-03 2.729534262287352901e-03 9.999837366868189470e-01 4.375268900000000016e+00
9.998866759751173783e-01 -1.363876000742829907e-02 6.373337657016376820e-03 -1.331350000000000068e-02 1.365285149504803612e-02 9.999044348311177943e-01 -2.172751968570393270e-03 -8.162129999999999386e-02 -6.343094945271842214e-03 2.259519976131285374e-03 9.999773296010228130e-01 4.449363199999999630e+00
9.999355798292681730e-01 -9.927309097725751583e-03 5.503155965770062906e-03 -1.315750000000000079e-02 9.954709866879811811e-03 9.999380782616068553e-01 -4.974273208322189770e-03 -8.319210000000000493e-02 -5.453434053110463135e-03 5.028735085784272370e-03 9.999724855617105890e-01 4.524160400000000415e+00
9.999892890648516275e-01 -4.528509492851838015e-04 4.606156922038227158e-03 -1.345000000000000015e-02 4.959360999468845257e-04 9.999560995208788272e-01 -9.356980195296718886e-03 -8.478839999999999988e-02 -4.601717392178558685e-03 9.359164332788322618e-03 9.999456136410792562e-01 4.598815000000000097e+00
9.999628409819808494e-01 6.693383034294534892e-03 5.432796591242075417e-03 -1.379700000000000024e-02 -6.660834176873912243e-03 9.999598918212492249e-01 -5.987323016487156382e-03 -8.659310000000000618e-02 -5.472654137964673947e-03 5.950913576232350413e-03 9.999673178080843439e-01 4.673571599999999826e+00
9.999513685296207433e-01 7.954137041745218406e-03 5.830289843552643320e-03 -1.392149999999999985e-02 -7.930837598287363704e-03 9.999605158494668800e-01 -4.008560472019442184e-03 -8.732650000000000134e-02 -5.861944278845373016e-03 3.962126447929422562e-03 9.999749692683724822e-01 4.710709999999999731e+00
9.999929976894254002e-01 2.336359568985644716e-03 2.923353567615600852e-03 -1.350769999999999922e-02 -2.327226742992705502e-03 9.999924135298674521e-01 -3.123603431496609680e-03 -8.876140000000000418e-02 -2.930629250447967186e-03 3.116778252453492309e-03 9.999908485108858214e-01 4.785617799999999811e+00
9.999936109942234586e-01 3.458307636616181086e-03 -9.044772104199898027e-04 -1.355609999999999975e-02 -3.468369582966646537e-03 9.999293412329499642e-01 -1.137026621828573711e-02 -9.058259999999999923e-02 8.650914226824201131e-04 1.137333063483429371e-02 9.999349473676281130e-01 4.860594299999999812e+00
9.999590758534011581e-01 8.944932072659164332e-03 -1.354551079636727396e-03 -1.402319999999999955e-02 -8.960561965818529886e-03 9.998877345689402008e-01 -1.200943744932052477e-02 -9.172729999999999773e-02 1.246975408160858187e-03 1.202108351222672990e-02 9.999269666348254981e-01 4.898175700000000354e+00
9.998937090318329446e-01 1.451966329814970841e-02 -1.322881805996532680e-03 -1.465419999999999917e-02 -1.452935307850053079e-02 9.998652861114865065e-01 -7.635936636424506263e-03 -9.373940000000000050e-02 1.211832366517513315e-03 7.654345622167007049e-03 9.999699707768288093e-01 4.973790199999999828e+00
9.998965672850833597e-01 1.435143248188416702e-02 -9.439900553248700308e-04 -1.507059999999999997e-02 -1.435574551817258258e-02 9.998857494302799687e-01 -4.732933219972522768e-03 -9.543260000000000631e-02 8.759578323755370021e-04 4.745995360845991357e-03 9.999883540451411923e-01 5.048907299999999765e+00
9.999517712808024816e-01 9.758423941485889694e-03 -1.108275490910457829e-03 -1.513890000000000027e-02 -9.762113133800433620e-03 9.999466584737637387e-01 -3.373626285886541232e-03 -9.713439999999999575e-02 1.075295098286460985e-03 3.384282690937408591e-03 9.999936951656841488e-01 5.125232699999999753e+00
9.999735605235982039e-01 7.228190241110020627e-03 -7.946820722680581883e-04 -1.533890000000000080e-02 -7.230892585659982365e-03 9.999678986205191578e-01 -3.451944506737338048e-03 -9.798569999999999502e-02 7.697052502808375898e-04 3.457599499836331615e-03 9.999937262600833154e-01 5.163295699999999933e+00
9.999998691526043038e-01 -4.662861365957785800e-04 -2.104091563469762431e-04 -1.510519999999999918e-02 4.661137394414590599e-04 9.999995562758146050e-01 -8.186489820253523659e-04 -9.927389999999999826e-02 2.107907876544013977e-04 8.185508003085874415e-04 9.999996427708518487e-01 5.239494299999999605e+00
9.999991994138819340e-01 -1.188851162570058861e-03 4.333641753255774000e-04 -1.516499999999999966e-02 1.191140084970443696e-03 9.999851375559993816e-01 -5.320324464440913219e-03 -1.008060000000000067e-01 -4.270326605499892049e-04 5.320836402503623976e-03 9.999857530700548836e-01 5.316135899999999914e+00
9.998891550317505761e-01 1.474645155912205664e-02 2.054219147581481247e-03 -1.618690000000000059e-02 -1.472474914003575087e-02 9.998394858099299842e-01 -1.020707490409681478e-02 -1.027196999999999971e-01 -2.204407551892374924e-03 1.017569563957635564e-02 9.999457964337845617e-01 5.392836599999999869e+00
9.997096913340902669e-01 2.366211323535576463e-02 4.542846017111152462e-03 -1.691749999999999851e-02 -2.364072608684022678e-02 9.997094462249825897e-01 -4.705230985380272520e-03 -1.043306999999999984e-01 -4.652861784426129410e-03 4.596468837704891820e-03 9.999786114469844112e-01 5.470028400000000346e+00
9.998243619445588148e-01 1.852746061484969800e-02 2.824617730085267602e-03 -1.688539999999999833e-02 -1.851563585089908634e-02 9.998199310525326400e-01 -4.156524888134491280e-03 -1.059964999999999935e-01 -2.901118955303168007e-03 4.103495250877494532e-03 9.999873723380376944e-01 5.547943100000000349e+00
9.998637245532250306e-01 1.641242467743592864e-02 1.778943158196632287e-03 -1.681329999999999977e-02 -1.640355850833240259e-02 9.998535000217082525e-01 -4.888942892253247269e-03 -1.067910999999999999e-01 -1.858921950033966351e-03 4.859095651197872442e-03 9.999864667077431601e-01 5.586880700000000033e+00
9.998544501473627388e-01 1.701167688525410601e-02 1.296676546587528355e-03 -1.706229999999999900e-02 -1.700456588195958449e-02 9.998413074808759626e-01 -5.310799760723485669e-03 -1.076397000000000048e-01 -1.386816383251574056e-03 5.287977352836887440e-03 9.999850569062694872e-01 5.625846400000000358e+00
9.998351813574626323e-01 1.812191680183896855e-02 1.098294731386368446e-03 -1.717799999999999883e-02 -1.811607316057573316e-02 9.998228038565661890e-01 -5.115543141744263202e-03 -1.085191999999999962e-01 -1.190803565006520346e-03 5.094803217162129604e-03 9.999863123898486972e-01 5.665176899999999627e+00
9.998130387379957629e-01 1.930292768205854950e-02 1.133380958077624635e-03 -1.742269999999999930e-02 -1.929839504707421202e-02 9.998062302555394965e-01 -3.882510890395478743e-03 -1.094905999999999935e-01 -1.208105170081110119e-03 3.859912577791852189e-03 9.999918207449447483e-01 5.704355699999999807e+00
9.998270935477325816e-01 1.858333944858536063e-02 6.652088637262210027e-04 -1.754489999999999869e-02 -1.858016190748420365e-02 9.998172436556189702e-01 -4.500763532146975429e-03 -1.102917999999999954e-01 -7.487265090817378250e-04 4.487625632701809641e-03 9.999896502588391245e-01 5.743758200000000258e+00
9.998446542628502964e-01 1.762569980032857239e-02 4.526090974116062229e-05 -1.754069999999999935e-02 -1.762520244577163789e-02 9.998302347309788729e-01 -5.371587897570140324e-03 -1.111526000000000042e-01 -1.399312217442916695e-04 5.369955711591460276e-03 9.999855718933692295e-01 5.783340899999999785e+00
9.998471137827934507e-01 1.747393733698719351e-02 -6.407606109674385177e-04 -1.778100000000000167e-02 -1.747737870217815417e-02 9.998302652685544523e-01 -5.829398486350879233e-03 -1.129491999999999996e-01 5.387893077743919311e-04 5.839706067523028898e-03 9.999828036217056626e-01 5.861882200000000154e+00
9.998459523350633482e-01 1.753276792589060148e-02 -8.207606516098182089e-04 -1.814150000000000137e-02 -1.753732690981356021e-02 9.998286654120754902e-01 -5.923004741386077472e-03 -1.138033999999999990e-01 7.167733593671180709e-04 5.936486264198250450e-03 9.999821220235821650e-01 5.901530700000000351e+00
9.998502124275169267e-01 1.725857009780243020e-02 -1.301716877223290389e-03 -1.832719999999999835e-02 -1.726598390411873338e-02 9.998334226514441481e-01 -5.917157165515419225e-03 -1.147675999999999974e-01 1.199378368956550501e-03 5.938746271557452695e-03 9.999816462236945647e-01 5.941600300000000168e+00
9.998456044868470061e-01 1.747155690411684309e-02 -1.874003115761161461e-03 -1.887449999999999892e-02 -1.748253703313938645e-02 9.998290924306483252e-01 -6.012223231972002070e-03 -1.167220000000000063e-01 1.768639934126037174e-03 6.044057300552424343e-03 9.999801704454599482e-01 6.021372300000000344e+00
9.998401308708740887e-01 1.774989196823120036e-02 -2.157321308862073309e-03 -1.931830000000000006e-02 -1.776291928043263746e-02 9.998231432261768248e-01 -6.177456431643887740e-03 -1.174879000000000062e-01 2.047290587675153553e-03 6.214789171335221261e-03 9.999785922692573381e-01 6.061375599999999864e+00
9.998506534879160190e-01 1.715241352158642513e-02 -2.113156447562272548e-03 -1.960179999999999909e-02 -1.716533749324963831e-02 9.998330824730249367e-01 -6.257665797430289265e-03 -1.184067000000000036e-01 2.005469653276521595e-03 6.293004280468098011e-03 9.999781878564131254e-01 6.101412299999999789e+00
9.998753865640157557e-01 1.559762810666908382e-02 -2.434202314146949667e-03 -1.953509999999999969e-02 -1.561323186995644020e-02 9.998567921622236732e-01 -6.528564746018461137e-03 -1.192558999999999980e-01 2.332023592318124144e-03 6.565756964282574645e-03 9.999757259561108391e-01 6.141653100000000087e+00
9.999064597387756770e-01 1.353383593466209525e-02 -1.976627825858204637e-03 -2.033669999999999922e-02 -1.354384086490555486e-02 9.998950714196027656e-01 -5.139117182324211622e-03 -1.213520000000000015e-01 1.906868452311884709e-03 5.165407600683081732e-03 9.999848410936159615e-01 6.222405400000000419e+00
9.999068284028060916e-01 1.350998694742232276e-02 -1.953142627109088775e-03 -2.077270000000000158e-02 -1.351969708754466662e-02 9.998958678831679769e-01 -5.046898139189604469e-03 -1.222899000000000069e-01 1.884755714247431492e-03 5.072833808316387465e-03 9.999853569193155600e-01 6.262213199999999702e+00
9.998956285097477803e-01 1.436756132062896700e-02 -1.518311165209831979e-03 -2.130249999999999852e-02 -1.437558114695876472e-02 9.998820292032425394e-01 -5.410207305937969613e-03 -1.230901999999999968e-01 1.440400563606567767e-03 5.431469239900682186e-03 9.999842120694267811e-01 6.302648999999999724e+00
9.998853988096269019e-01 1.505910680581936875e-02 -1.553238399073392142e-03 -2.149469999999999853e-02 -1.506829048975351359e-02 9.998679762677964433e-01 -6.080843350848419600e-03 -1.239935000000000065e-01 1.461461265253061973e-03 6.103551126359016595e-03 9.999803052033665596e-01 6.343183500000000308e+00
9.998586375947535743e-01 1.681182995560790219e-02 -2.592309914845584594e-04 -2.188649999999999970e-02 -1.681254243560208542e-02 9.998540136292712877e-01 -3.047924915087561314e-03 -1.259388999999999925e-01 2.079519519030185147e-04 3.051852385135511454e-03 9.999953214655581402e-01 6.423930600000000268e+00
9.998508378201579339e-01 1.726731961522206746e-02 3.765416761425273689e-04 -2.210869999999999849e-02 -1.726615473436217060e-02 9.998467117216125466e-01 -2.903955951393452899e-03 -1.266590999999999967e-01 -4.266274922784874576e-04 2.897021364149365234e-03 9.999957126189084056e-01 6.464345500000000300e+00
9.998525449907695872e-01 1.715809028980039286e-02 6.987224685754763083e-04 -2.210890000000000077e-02 -1.715496657217193549e-02 9.998437890999383182e-01 -4.254940679456405660e-03 -1.276706999999999981e-01 -7.716199768656244965e-04 4.242326706547603667e-03 9.999907035901514085e-01 6.504764100000000049e+00
9.998501029802709938e-01 1.728214516537426165e-02 1.048345756181511077e-03 -2.221259999999999901e-02 -1.727602635628895655e-02 9.998351371610396665e-01 -5.589043880833405482e-03 -1.285392999999999952e-01 -1.144763590608144452e-03 5.570094850898237547e-03 9.999838316491290735e-01 6.545419700000000063e+00
9.998395166236263565e-01 1.787074335346553952e-02 1.255997542904034028e-03 -2.232690000000000022e-02 -1.786410779627383219e-02 9.998273689021892618e-01 -5.109407672978501756e-03 -1.294636999999999871e-01 -1.347089631881381302e-03 5.086150422485579727e-03 9.999861581159029678e-01 6.586027600000000426e+00
9.998422369225842266e-01 1.773189685820168032e-02 1.039759324573503400e-03 -2.235749999999999890e-02 -1.772742832219761228e-02 9.998342027161050138e-01 -4.159971650383227464e-03 -1.303041000000000060e-01 -1.113351123539222959e-03 4.140883101554987226e-03 9.999908067259493105e-01 6.626984600000000114e+00
9.998289312931153416e-01 1.847247942284255609e-02 9.357634527961169449e-04 -2.292119999999999921e-02 -1.846908355820256128e-02 9.998232490714222820e-01 -3.516186682317105731e-03 -1.321611000000000036e-01 -1.000550741872881927e-03 3.498302479407792986e-03 9.999933803670780774e-01 6.707983999999999725e+00
9.997836032188115452e-01 2.075686497554298654e-02 1.378147741388031184e-03 -2.322290000000000118e-02 -2.075243675678848515e-02 9.997796723646649175e-01 -3.153267362382483358e-03 -1.339897999999999922e-01 -1.443296042227788486e-03 3.123985081630371429e-03 9.999940787893417671e-01 6.789600400000000313e+00
9.997803069799428011e-01 2.091871109174474330e-02 1.321098539629998172e-03 -2.336239999999999845e-02 -2.091535871925685047e-02 9.997781183865775967e-01 -2.502351901530786970e-03 -1.349671000000000065e-01 -1.373151388632535630e-03 2.474170902424445862e-03 9.999959964587905592e-01 6.830312700000000348e+00
9.998083953836398585e-01 1.954777973773149519e-02 1.028021262597206189e-03 -2.329420000000000102e-02 -1.954511615374456002e-02 9.998057491275729181e-01 -2.540166527899619803e-03 -1.356139000000000094e-01 -1.077476184354613127e-03 2.519587025280569520e-03 9.999962453560984343e-01 6.871723700000000434e+00
9.998507034445538455e-01 1.726411169890158456e-02 7.219893896939892381e-04 -2.331559999999999883e-02 -1.726298890149838630e-02 9.998498075341831770e-01 -1.533488846933937647e-03 -1.365023999999999960e-01 -7.483552750697447867e-04 1.520796207509988182e-03 9.999985635706071241e-01 6.913001500000000021e+00
9.998836880876731392e-01 1.523395768496714139e-02 7.326864577131205229e-04 -2.325100000000000083e-02 -1.523315103240995352e-02 9.998833701032100452e-01 -1.094212351805357855e-03 -1.370566000000000006e-01 -7.492701892329493114e-04 1.082923958404482254e-03 9.999991329345659929e-01 6.953824499999999631e+00
9.999037595714974636e-01 1.387299656116206849e-02 1.075230158932959231e-04 -2.308810000000000029e-02 -1.387271817844130777e-02 9.999012142645304912e-01 -2.260398783165802443e-03 -1.377263999999999988e-01 -1.388708986988051021e-04 2.258689604921140445e-03 9.999974395147930295e-01 6.994638000000000133e+00
9.999229654583029481e-01 1.240984423031093499e-02 -2.427246438845894611e-04 -2.308699999999999988e-02 -1.241045352622881064e-02 9.999193567887894041e-01 -2.694543072018571860e-03 -1.386686000000000030e-01 2.092662099942526710e-04 2.697347822040536015e-03 9.999963402544932434e-01 7.035773800000000300e+00
9.999404014765457260e-01 1.091698448991295159e-02 -1.137742127600355538e-04 -2.296399999999999830e-02 -1.091708746443045483e-02 9.999399578319165816e-01 -9.475929500530437533e-04 -1.394276999999999878e-01 1.034225239711495227e-04 9.487785579442829537e-04 9.999995445614110468e-01 7.077024500000000273e+00
9.999606536247667155e-01 8.852915314823654389e-03 5.631098987022182265e-04 -2.335030000000000092e-02 -8.853309442824789169e-03 9.999605627575464117e-01 7.013141384003597229e-04 -1.401921999999999890e-01 -5.568790165242680978e-04 -7.062719304146423179e-04 9.999995955327788399e-01 7.117748299999999695e+00
9.999610906726312809e-01 8.800520013303489431e-03 6.066203896043408572e-04 -2.333440000000000167e-02 -8.800108045610693236e-03 9.999610481258899286e-01 -6.784757601564898356e-04 -1.405146999999999924e-01 -6.125677001090908775e-04 6.731110361498375723e-04 9.999995858410871685e-01 7.158533099999999649e+00
9.999635773734516508e-01 8.421599702030919607e-03 1.385851704818731166e-03 -2.363509999999999917e-02 -8.419039380252327578e-03 9.999628607820512105e-01 -1.843049779527457157e-03 -1.411917000000000033e-01 -1.401321662844317705e-03 1.831315110735568744e-03 9.999973412877467549e-01 7.199082899999999619e+00
