1.000000000000000000e+00 0.000000000000000000e+00 0.000000000000000000e+00 0.000000000000000000e+00 0.000000000000000000e+00 1.000000000000000000e+00 0.000000000000000000e+00 0.000000000000000000e+00 0.000000000000000000e+00 0.000000000000000000e+00 1.000000000000000000e+00 0.000000000000000000e+00
9.999991821467889563e-01 -1.269266033356150321e-03 1.570652408928862741e-04 -1.544000000000000125e-04 1.269133239594347163e-03 9.999988395782842820e-01 8.426997716235425442e-04 -5.102000000000000415e-04 -1.581346688274086996e-04 -8.424997457008262004e-04 9.999996325937350328e-01 3.731709999999999888e-02
9.999996783493766417e-01 -7.982588854276729531e-04 7.799932874757767288e-05 -3.859000000000000017e-04 7.981405924190472208e-04 9.999985489257742222e-01 1.505030877004278310e-03 -1.194299999999999919e-03 -7.920061983517377507e-05 -1.504968138479703590e-03 9.999988643984372150e-01 7.389660000000000672e-02
9.999998630527111576e-01 1.082679513989260841e-04 -5.120279384489536062e-04 -3.941999999999999866e-04 -1.085320410160956004e-04 9.999998610998910298e-01 -5.157722315523848586e-04 -1.738699999999999924e-03 5.119720257253185464e-04 5.158277323559931843e-04 9.999997359031629340e-01 1.113283000000000050e-01
9.999965229064916583e-01 2.612955245338847033e-03 -3.558648795377606093e-04 -7.228999999999999532e-04 -2.613836392827138030e-03 9.999934625690649614e-01 -2.498535259633932488e-03 -2.477099999999999875e-03 3.493339922833638860e-04 2.499456744566265574e-03 9.999968153358008705e-01 1.479337000000000013e-01
9.999808660888832579e-01 6.174341542277875239e-03 -3.807396042002142217e-04 -9.636999999999999516e-04 -6.175582234152678790e-03 9.999753247767277919e-01 -3.348435716407740723e-03 -3.145699999999999972e-03 3.600558236200087497e-04 3.350722936471900448e-03 9.999943214916807710e-01 1.850864999999999871e-01
9.999626283434576157e-01 8.641671630443711200e-03 -2.518489145871482485e-04 -1.235299999999999940e-03 -8.642537372800216527e-03 9.999559276125142837e-01 -3.667339683753404519e-03 -3.759399999999999981e-03 2.201458696999045010e-04 3.669379242850937233e-03 9.999932435730595204e-01 2.221933000000000102e-01
9.999553097666364909e-01 9.453817706963350484e-03 -6.164635995294106912e-05 -1.407400000000000057e-03 -9.453953343135744827e-03 9.999513842146777742e-01 -2.802137279965518334e-03 -4.477000000000000077e-03 3.515246793205956702e-05 2.802594853607329184e-03 9.999960721054811374e-01 2.593817999999999957e-01
9.999962839568451445e-01 2.716784798453387474e-03 2.261699796036836753e-04 -1.375700000000000100e-03 -2.717207849673296260e-03 9.999945191232421093e-01 1.891693679624145219e-03 -5.820299999999999606e-03 -2.210294153617658975e-04 -1.892301200852735581e-03 9.999981851694346169e-01 3.344438000000000133e-01
9.999998872062315636e-01 4.715852397130473233e-04 -5.652332201173289192e-05 -1.428299999999999969e-03 -4.716147369152660874e-04 9.999997520322013722e-01 -5.229866879195083822e-04 -6.473900000000000314e-03 5.627667519317991186e-05 5.230132861615092174e-04 9.999998616450096467e-01 3.715621000000000063e-01
9.999998795147040376e-01 -4.906219114028945649e-04 -1.614675044496595590e-05 -1.617900000000000024e-03 4.905771730043770621e-04 9.999963338714414895e-01 -2.663001636099549679e-03 -6.995999999999999615e-03 1.745321820167522109e-05 2.662993394019822629e-03 9.999964540744974428e-01 4.089579999999999882e-01
9.999986783298915327e-01 1.591897179332043676e-03 3.304570177660360220e-04 -1.630099999999999995e-03 -1.590494952113290575e-03 9.999899106796737991e-01 -4.201055184742574951e-03 -7.740600000000000258e-03 -3.371413315781396770e-04 4.200524042114865166e-03 9.999911209273281143e-01 4.469305000000000083e-01
9.999900749158749935e-01 4.246679747805921952e-03 1.347509132487356362e-03 -2.049000000000000040e-03 -4.243694090150291857e-03 9.999885515062666430e-01 -2.210863376113735186e-03 -8.342000000000000456e-03 -1.356882534262005523e-03 2.205123016566778137e-03 9.999966481455174749e-01 4.846961000000000186e-01
9.999868110826409806e-01 4.695787500778963314e-03 2.080202037790040374e-03 -2.314500000000000151e-03 -4.698978819707119378e-03 9.999877863393156208e-01 1.531917180216476769e-03 -9.039000000000000160e-03 -2.072983073361107150e-03 -1.541671801203673168e-03 9.999966629890496561e-01 5.229241000000000028e-01
9.999930320281590346e-01 2.703050439577302320e-03 2.574764736898990831e-03 -2.445199999999999804e-03 -2.711732575726734634e-03 9.999906295500270437e-01 3.374510124209325820e-03 -9.528800000000000464e-03 -2.565619139120229111e-03 -3.381468684129684647e-03 9.999909915934099836e-01 5.605238999999999638e-01
9.999966020506361186e-01 -1.497035203121678407e-03 2.134191364971579127e-03 -2.433799999999999852e-03 1.494161650823087406e-03 9.999979760014023888e-01 1.347395287164578070e-03 -9.988999999999999616e-03 -2.136204143548655222e-03 -1.344201881890560741e-03 9.999968148715063787e-01 5.984426999999999941e-01
9.999965720453398710e-01 -1.936366938996011066e-03 1.762492736718413106e-03 -2.217100000000000060e-03 1.937629797435001236e-03 9.999978671140439257e-01 -7.150930925782054970e-04 -1.069679999999999936e-02 -1.761104294899634324e-03 7.185056997159346408e-04 9.999981911289750336e-01 6.367488999999999510e-01
9.999953323353372170e-01 -1.886460737930806915e-03 2.403450316272577689e-03 -2.234100000000000148e-03 1.894729427750683559e-03 9.999922788025544795e-01 -3.442722130800909223e-03 -1.129529999999999944e-02 -2.396937198626773475e-03 3.447259949370853459e-03 9.999911855066060395e-01 6.749387999999999499e-01
9.999894336508570181e-01 2.854521933161946207e-03 3.603372194394068636e-03 -2.583900000000000086e-03 -2.830631932236950515e-03 9.999740965736250153e-01 -6.617681212241587410e-03 -1.283519999999999973e-02 -3.622169170874746814e-03 6.607411467114195081e-03 9.999716105991218740e-01 7.512638999999999845e-01
9.999891658855113441e-01 3.061114560790139782e-03 3.506806131655795539e-03 -2.623700000000000077e-03 -3.040442361192923198e-03 9.999780602869789981e-01 -5.885121488914854017e-03 -1.367810000000000033e-02 -3.524744224417382474e-03 5.874395486919685265e-03 9.999765335525707677e-01 7.895235999999999921e-01
9.999852889100684372e-01 4.488378217260188471e-03 3.045722315938181705e-03 -2.843800000000000060e-03 -4.479579335392322448e-03 9.999857916045516992e-01 -2.889629387300663658e-03 -1.530590000000000075e-02 -3.058648790709006700e-03 2.875943322955057824e-03 9.999911867699525780e-01 8.671197000000000488e-01
9.999484555809140529e-01 9.604112930834419679e-03 3.293508183743206960e-03 -2.990500000000000103e-03 -9.594018288346632325e-03 9.999492721536356044e-01 -3.067235318193543316e-03 -1.675010000000000041e-02 -3.322799185547437202e-03 3.035479241583215887e-03 9.999898723843888559e-01 9.439762999999999904e-01
9.999168842133275836e-01 1.260449223320177052e-02 2.711354025955058870e-03 -3.257900000000000205e-03 -1.259696183568416276e-02 9.999167996919559043e-01 -2.776733027723572982e-03 -1.817049999999999915e-02 -2.746127750346499027e-03 2.742347414185609868e-03 9.999924691281623090e-01 1.021403700000000025e+00
9.999310318151037880e-01 1.158704106398243498e-02 1.916270482830441510e-03 -3.741700000000000147e-03 -1.158093082320988364e-02 9.999279154083362542e-01 -3.169547035018283835e-03 -1.987809999999999924e-02 -1.952858020904150180e-03 3.147136241212117585e-03 9.999931409159912299e-01 1.098794700000000013e+00
9.999408600571422223e-01 1.082988203250233317e-02 9.950092184051767975e-04 -3.797399999999999821e-03 -1.082697494065550450e-02 9.999372332996834256e-01 -2.882026129105288298e-03 -2.078419999999999920e-02 -1.026158767952552566e-03 2.871082746371304666e-03 9.999953519302209326e-01 1.137712400000000068e+00
9.999326678923606826e-01 1.155812141794956144e-02 -1.034171626914531968e-03 -4.291200000000000223e-03 -1.156027681599627877e-02 9.999309661938238225e-01 -2.103056495581435547e-03 -2.219439999999999955e-02 1.009792851786148801e-03 2.114870202637484948e-03 9.999972538174405345e-01 1.215661799999999904e+00
9.999310280165262244e-01 1.124286396270231594e-02 -3.396648308138015479e-03 -4.690500000000000225e-03 -1.124594489185704732e-02 9.999363668960319362e-01 -8.893156096566135014e-04 -2.363010000000000110e-02 3.386433714443803922e-03 9.274527914854208740e-04 9.999938359300107882e-01 1.294217799999999974e+00
9.999473444641088227e-01 9.083298589394042319e-03 -4.775142501834743480e-03 -5.170899999999999976e-03 -9.082462789340212464e-03 9.999587342403424284e-01 1.966879066673423826e-04 -2.512620000000000131e-02 4.776732026937114545e-03 -1.533074958735024848e-04 9.999885795987645265e-01 1.373131300000000055e+00
9.999714963538228751e-01 5.137554683130482643e-03 -5.532812284370409832e-03 -5.505099999999999751e-03 -5.136372748728887210e-03 9.999867828012128923e-01 2.278110311265018121e-04 -2.686480000000000118e-02 5.533909547720428958e-03 -1.993859514402027491e-04 9.999846679276437333e-01 1.451580499999999940e+00
9.999869492637313284e-01 2.842092588663378949e-03 -4.245446022885695884e-03 -6.390999999999999980e-03 -2.837487991352027460e-03 9.999953800232489476e-01 1.090226608030706425e-03 -2.794699999999999962e-02 4.248524933986420372e-03 -1.078165977662900359e-03 9.999903937508649587e-01 1.529898200000000097e+00
9.999934284516861505e-01 -4.439196739379968563e-04 -3.598053468968015825e-03 -6.513099999999999966e-03 4.448789008305184750e-04 9.999998657165271032e-01 2.658000968175834740e-04 -2.981850000000000125e-02 3.597934991916588478e-03 -2.673990481718093479e-04 9.999934916595922818e-01 1.608128699999999967e+00
9.999949797109932703e-01 2.240791998454519374e-03 -2.240402649072275806e-03 -7.119499999999999960e-03 -2.241602430500818678e-03 9.999974230615128468e-01 -3.592894061858947015e-04 -3.143100000000000060e-02 2.239591782865951730e-03 3.643096944726995057e-04 9.999974257502329822e-01 1.686065099999999983e+00
9.999587240397607157e-01 9.032615383669123296e-03 -9.808547825801894240e-04 -7.715099999999999909e-03 -9.030789716312806817e-03 9.999575101785095343e-01 1.850047214491611818e-03 -3.279950000000000226e-02 9.975238711657007182e-04 -1.841112958732624106e-03 9.999978076221965884e-01 1.764061199999999996e+00
9.998482652409823590e-01 1.741348452519512341e-02 4.658876355514438364e-04 -8.363699999999999954e-03 -1.741437607278493310e-02 9.998463909826879048e-01 1.983417477397502945e-03 -3.415440000000000142e-02 -4.312778614599059980e-04 -1.991229666517692343e-03 9.999979244997568850e-01 1.841368399999999905e+00
9.997944789423924838e-01 2.026386225746034178e-02 6.129948780518372454e-04 -8.358799999999999564e-03 -2.026484083054485782e-02 9.997933106765948263e-01 1.634671969084212266e-03 -3.498529999999999696e-02 -5.797434109375880712e-04 -1.646758253205944612e-03 9.999984760412552465e-01 1.880449199999999932e+00
9.997554397615218136e-01 2.207304963400045367e-02 1.356888757850454805e-03 -8.720200000000000867e-03 -2.207503801185312087e-02 9.997552384245885770e-01 1.468311741177238212e-03 -3.559350000000000014e-02 -1.324146525679234521e-03 -1.497906021415060284e-03 9.999980014547676932e-01 1.918928500000000037e+00
9.997687127188246148e-01 2.140845478494295476e-02 2.049178436680474790e-03 -9.279600000000000695e-03 -2.141105913143652104e-02 9.997699661202541499e-01 1.257533608292431314e-03 -3.692990000000000161e-02 -2.021785204820718881e-03 -1.301117837441812799e-03 9.999971097343025583e-01 1.994766000000000039e+00
9.997945830054481009e-01 2.020543486674943046e-02 1.591287154445872364e-03 -9.515300000000000841e-03 -2.020608974549975567e-02 9.997957574880423914e-01 3.965426942422385658e-04 -3.843359999999999832e-02 -1.582949828379805668e-03 -4.286149286873700199e-04 9.999986552786377381e-01 2.070641999999999872e+00
9.998056199572727953e-01 1.969628548838108298e-02 8.824056966628962681e-04 -9.864799999999999958e-03 -1.969620015194063420e-02 9.998060054892748960e-01 -1.052955590364133262e-04 -3.945239999999999858e-02 -8.843084461929510672e-04 8.789505246446382861e-05 9.999996051364379301e-01 2.145955999999999975e+00
9.998201734715403965e-01 1.894305326796008604e-02 -8.839978653533667359e-04 -1.024560000000000054e-02 -1.894203659623876213e-02 9.998199283298497830e-01 1.144623990999339225e-03 -4.102739999999999859e-02 9.055213556146289502e-04 -1.127673437324125958e-03 9.999989541912998048e-01 2.221286800000000117e+00
9.998803792194181916e-01 1.520416613432194926e-02 -2.839116797932364315e-03 -1.074810000000000001e-02 -1.519770381554962947e-02 9.998818995028799783e-01 2.284041428570596655e-03 -4.231039999999999801e-02 2.873508442164808552e-03 -2.240620153559302451e-03 9.999933612632436741e-01 2.295936100000000035e+00
9.999263281806750614e-01 1.116255497504858862e-02 -4.768183882980260579e-03 -1.053669999999999954e-02 -1.115182112177764973e-02 9.999352357443970218e-01 2.271828000770972304e-03 -4.395600000000000201e-02 4.793234480052961308e-03 -2.218486697330223061e-03 9.999860515127163563e-01 2.371383699999999983e+00
9.999362986129053388e-01 1.003599646847208940e-02 -5.165025770256534941e-03 -1.136400000000000084e-02 -1.002847890215458407e-02 9.999486192882635072e-01 1.479322278794449694e-03 -4.527799999999999880e-02 5.179606860722034238e-03 -1.427430691947228179e-03 9.999855669530375302e-01 2.446455199999999941e+00
9.999226696267978776e-01 1.142045626493524632e-02 -4.922189057561358015e-03 -1.209909999999999979e-02 -1.142070138051902439e-02 9.999347814279763158e-01 -2.169244862435774037e-05 -4.666039999999999771e-02 4.921620301758998679e-03 7.790562250407658646e-05 9.999878857187818326e-01 2.520907600000000137e+00
9.999033704642973364e-01 1.322445629904408886e-02 -4.285264254736939442e-03 -1.293339999999999941e-02 -1.321689615640672492e-02 9.999110548254683817e-01 1.787762235272992526e-03 -4.818019999999999942e-02 4.308525284713337657e-03 -1.730951591980631286e-03 9.999892201501260347e-01 2.595080600000000182e+00
9.998887225177403026e-01 1.434041102941444913e-02 -4.110376302575846109e-03 -1.344629999999999957e-02 -1.432836138776733166e-02 9.998930034730848515e-01 2.946127206159769151e-03 -4.868000000000000105e-02 4.152185181668428642e-03 -2.886904411438829653e-03 9.999872124888079528e-01 2.632087499999999913e+00
9.999032669347680535e-01 1.326491054828937699e-02 -4.183171204246485461e-03 -1.382420000000000003e-02 -1.326684681688918357e-02 9.999118966934888997e-01 -4.354610969007769502e-04 -5.033900000000000180e-02 4.177026300534040712e-03 4.909164649896444318e-04 9.999911556870436646e-01 2.705945300000000220e+00
9.999347222863427254e-01 1.058927955377243248e-02 -4.291657566346258890e-03 -1.420279999999999980e-02 -1.059197438449992722e-02 9.999437200309019280e-01 -6.056809385258563570e-04 -5.158999999999999697e-02 4.285002307212603875e-03 6.510985280687685284e-04 9.999906073688562547e-01 2.779262500000000191e+00
9.999593482212458806e-01 8.162799744288304696e-03 -3.830222614385504157e-03 -1.443810000000000059e-02 -8.157029031937211225e-03 9.999655758943351014e-01 1.519836729021173394e-03 -5.235370000000000301e-02 3.842496885260520637e-03 -1.488531707890397744e-03 9.999915097094782546e-01 2.815934899999999796e+00
9.999775552323162398e-01 6.480660635083204842e-03 -1.700020391850446191e-03 -1.509360000000000042e-02 -6.480466449408191047e-03 9.999789943915392554e-01 1.197091635263594747e-04 -5.369290000000000174e-02 1.700760476351443912e-03 -1.086895515692979281e-04 9.999985477991372163e-01 2.888818300000000061e+00
9.999395772726772380e-01 1.099220199093699571e-02 -1.153218540128993143e-04 -1.568649999999999906e-02 -1.099260952782841680e-02 9.999294644759463280e-01 -4.497622551498147228e-03 -5.492500000000000160e-02 6.587494416043061058e-05 4.498618480988305843e-03 9.999898789949097644e-01 2.962294099999999819e+00
9.998820304242956869e-01 1.517062527088050040e-02 2.403614669288628089e-03 -1.607580000000000120e-02 -1.516445534372211530e-02 9.998817238123176576e-01 -2.564698858782182758e-03 -5.645750000000000074e-02 -2.442238464228126647e-03 2.527946795030060114e-03 9.999938224590616542e-01 3.036175000000000068e+00
9.998927030719687581e-01 1.409660722389783315e-02 3.983466857751081711e-03 -1.601560000000000136e-02 -1.409783508756824212e-02 9.999005812890939815e-01 2.803276221062287019e-04 -5.791450000000000070e-02 -3.979119158228306904e-03 -3.364558026509028720e-04 9.999920266723217877e-01 3.109260599999999819e+00
9.998478694266373923e-01 1.640349505493203519e-02 5.929869559826894850e-03 -1.574539999999999967e-02 -1.639965603810194378e-02 9.998652747385965434e-01 -6.954521858030163596e-04 -5.928259999999999780e-02 -5.940478503091120750e-03 5.980985651312717812e-04 9.999821763377888528e-01 3.181971499999999953e+00
9.998066588618376160e-01 1.828369655986670020e-02 7.235422284553053029e-03 -1.578109999999999929e-02 -1.827733505385245941e-02 9.998325095669089446e-01 -9.443709367728113802e-04 -5.997720000000000135e-02 -7.251477012188927915e-03 8.119441136701615984e-04 9.999733780595850829e-01 3.218470299999999895e+00
9.997804505990395274e-01 1.922634662807271716e-02 8.330557923608303272e-03 -1.577160000000000020e-02 -1.921072564989945164e-02 9.998135531772875950e-01 -1.951128650637237987e-03 -6.067870000000000208e-02 -8.366517793305140727e-03 1.790664218729758669e-03 9.999633967809371526e-01 3.254802499999999821e+00
9.997454662361887623e-01 2.043519107514979449e-02 9.560633133197373942e-03 -1.575819999999999999e-02 -2.040857034548586996e-02 9.997875933623699973e-01 -2.873745836660552937e-03 -6.134880000000000194e-02 -9.617327936533510632e-03 2.677895517470269340e-03 9.999501666978003467e-01 3.291113399999999967e+00
9.997602361629680523e-01 1.928829211192759768e-02 1.036493968970478644e-02 -1.549820000000000017e-02 -1.925655201945025013e-02 9.998096025488751870e-01 -3.153387921334453725e-03 -6.203039999999999943e-02 -1.042378969897572727e-02 2.953038852633520055e-03 9.999413103626864086e-01 3.327588299999999943e+00
9.997658820060755236e-01 1.779245512086266578e-02 1.231298978257813759e-02 -1.516149999999999963e-02 -1.777625707846927638e-02 9.998409761957788300e-01 -1.423728960218589726e-03 -6.333529999999999716e-02 -1.233636335773053913e-02 1.204516767870856620e-03 9.999231786884740236e-01 3.400845299999999849e+00
9.998164428466498332e-01 1.452062788585588987e-02 1.249927915011413149e-02 -1.445740000000000046e-02 -1.451003780463182638e-02 9.998942843326468211e-01 -9.375296327419113717e-04 -6.470099999999999463e-02 -1.251157129940635299e-02 7.559925294725412586e-04 9.999214414437342935e-01 3.473725799999999975e+00
9.998710670943973255e-01 1.124326785795695498e-02 1.146464632622496392e-02 -1.376160000000000057e-02 -1.123840568090366150e-02 9.999367278303943340e-01 -4.884399607193762489e-04 -6.606410000000000060e-02 -1.146941259448904134e-02 3.595326383338302650e-04 9.999341594880231110e-01 3.546591999999999967e+00
9.999177031815540406e-01 8.950289084219428468e-03 9.191256140179637074e-03 -1.321600000000000032e-02 -8.956540871175736399e-03 9.999596850540432014e-01 6.392513133620851638e-04 -6.772720000000000129e-02 -9.185164111133011650e-03 -7.215205662897720366e-04 9.999575551833806974e-01 3.619154899999999841e+00
9.999586290561373048e-01 6.469400624424574697e-03 6.394296812874697943e-03 -1.263489999999999926e-02 -6.474464208169493015e-03 9.999787428184829796e-01 7.715078635492931061e-04 -6.902070000000000427e-02 -6.389169694692478120e-03 -8.128755913921501073e-04 9.999792586568410080e-01 3.691893799999999892e+00
9.999705799777006687e-01 6.195934690019193856e-03 4.522120340935437133e-03 -1.264120000000000001e-02 -6.195574706947389217e-03 9.999808028614038946e-01 -9.360936219051352021e-05 -7.034709999999999575e-02 -4.522613526659011521e-03 6.558947379491855288e-05 9.999897707801362889e-01 3.763903099999999835e+00
9.999960367584445065e-01 -1.492756054492829984e-03 2.387079128489726955e-03 -1.247380000000000017e-02 1.500037325036359444e-03 9.999942193790481992e-01 -3.051408938756452593e-03 -7.166459999999999497e-02 -2.382510320522041210e-03 3.054977553076293050e-03 9.999924953502015157e-01 3.836726200000000198e+00
9.998731623196609464e-01 -1.591788651632540172e-02 -5.293030647310311473e-04 -1.186270000000000033e-02 1.591830177833476398e-02 9.998729838661568614e-01 7.898120547031694909e-04 -7.302269999999999595e-02 5.166636960461268736e-04 -7.981374826908330285e-04 9.999995480174898033e-01 3.909559199999999901e+00
9.998274608532256025e-01 -1.855889883062136411e-02 -7.847279696832092002e-04 -1.212279999999999955e-02 1.855414876341157301e-02 9.998117234135484033e-01 -5.679902155424266033e-03 -7.448059999999999403e-02 8.899929532501314310e-04 5.664362190464294552e-03 9.999835613216441210e-01 3.981769299999999845e+00
9.998793303249975395e-01 -1.551145012761746128e-02 8.483535658966065256e-04 -1.243550000000000037e-02 1.551739566823346836e-02 9.998513220340956575e-01 -7.519591634293309665e-03 -7.634530000000000483e-02 -7.315876637986713175e-04 7.531848485563222284e-03 9.999713676090333792e-01 4.054483399999999627e+00
9.997235824400604320e-01 -2.343609092264931429e-02 1.873060457385566880e-03 -1.218499999999999965e-02 2.343865618221674732e-02 9.997243525315105961e-01 -1.359541034221997766e-03 -7.794280000000000652e-02 -1.840681825721061449e-03 1.403067253275846506e-03 9.999973216427628930e-01 4.127501500000000156e+00
9.996332212509111415e-01 -2.701266884667087934e-02 1.933570093626407532e-03 -1.209050000000000055e-02 2.701317571718326108e-02 9.996350496075236958e-01 -2.365033534863289347e-04 -7.859090000000000520e-02 -1.926475849693004951e-03 2.886484777828025438e-04 9.999981026846285204e-01 4.163993800000000078e+00
9.996379415489099474e-01 -2.674812878969414637e-02 2.919490042480234020e-03 -1.199829999999999994e-02 2.674702555521468045e-02 9.996421476362028491e-01 4.162850330116213394e-04 -7.998990000000000267e-02 -2.929580141743667356e-03 -3.380466387229435631e-04 9.999956516328774025e-01 4.237169699999999928e+00
9.998045095422278816e-01 -1.916635159810459871e-02 4.857331102875003977e-03 -1.208200000000000073e-02 1.917934044345807193e-02 9.998125694785962025e-01 -2.641744264923224107e-03 -8.137460000000000526e-02 -4.805788091359965673e-03 2.734388235996195165e-03 9.999847136440616069e-01 4.310430000000000206e+00
9.998813759377345178e-01 -1.410216352917729489e-02 6.193790169132182451e-03 -1.228749999999999981e-02 1.411737772984397905e-02 9.998974174539165816e-01 -2.419548515968052236e-03 -8.271520000000000261e-02 -6.159033925527765928e-03 2.506701574691272503e-03 9.999778911297587669e-01 4.383920200000000378e+00
9.999293264224794475e-01 -1.066804272888038051e-02 5.247382644840192616e-03 -1.218759999999999982e-02 1.069510739030283229e-02 9.999295074659888538e-01 -5.157012384587700976e-03 -8.430269999999999431e-02 -5.191997515068485537e-03 5.212769240977742011e-03 9.999729347330575946e-01 4.457919600000000315e+00
9.999884537642319549e-01 -1.174728892467721787e-03 4.659651301295810247e-03 -1.252969999999999952e-02 1.217638753776923962e-03 9.999567840417180609e-01 -9.216691641268754190e-03 -8.600409999999999999e-02 -4.648622816035600028e-03 9.222258995177609261e-03 9.999466687003563115e-01 4.531902800000000120e+00
9.999657609244119172e-01 6.196728929847155308e-03 5.484298444818406365e-03 -1.303050000000000042e-02 -6.163910231041997041e-03 9.999631166803637505e-01 -5.980927148603465936e-03 -8.779800000000000104e-02 -5.521158349974944826e-03 5.946917643892634005e-03 9.999670749484761423e-01 4.606374699999999933e+00
9.999787566808999717e-01 4.326163823662926115e-03 4.875499306967485437e-03 -1.295430000000000019e-02 -4.310179166202763278e-03 9.999853176897085527e-01 -3.284320411871494670e-03 -8.897359999999999991e-02 -4.889636231524990308e-03 3.263236366467231649e-03 9.999827212236919172e-01 4.680747499999999839e+00
9.999992250618402467e-01 8.599897683975880934e-04 9.001629392781014018e-04 -1.283879999999999917e-02 -8.535990871392722763e-04 9.999746008918297679e-01 -7.075940914404718791e-03 -9.079160000000000008e-02 -9.062253127304097967e-04 7.075167052724842982e-03 9.999745600598340944e-01 4.756045300000000253e+00
9.999956409111016020e-01 2.880740082681754362e-03 -6.476846232112983643e-04 -1.299179999999999953e-02 -2.887959622867181282e-03 9.999304284759457095e-01 -1.143669082944362252e-02 -9.164700000000000624e-02 6.146934291193379687e-04 1.143851146293177988e-02 9.999343891513585714e-01 4.793706900000000104e+00
9.999299654973388130e-01 1.176837451783158302e-02 -1.252781584635445210e-03 -1.381890000000000028e-02 -1.178164446479431325e-02 9.998681804935571904e-01 -1.117204055705742043e-02 -9.384510000000000074e-02 1.121139686181422176e-03 1.118601795597551178e-02 9.999368060273072789e-01 4.867960000000000065e+00
9.998886927468184638e-01 1.490481681226958968e-02 -6.697408835323267768e-04 -1.446150000000000040e-02 -1.490861678611669558e-02 9.998703692021011502e-01 -6.080948707117431531e-03 -9.555579999999999630e-02 5.790186379628161923e-04 6.090256763598683037e-03 9.999812865798891615e-01 4.944424200000000269e+00
9.999166466149693733e-01 1.288840430381450047e-02 -7.673700385307131999e-04 -1.479019999999999987e-02 -1.289179124867859821e-02 9.999063819846514267e-01 -4.585737101599620530e-03 -9.716080000000000549e-02 7.081953650742494819e-04 4.595247639236570147e-03 9.999891910208125179e-01 5.020289400000000235e+00
9.999752645537185458e-01 7.029327006337340519e-03 -2.425748518150845179e-04 -1.492059999999999914e-02 -7.030162329277956854e-03 9.999686843457062935e-01 -3.634163664623271065e-03 -9.898849999999999316e-02 2.170215306316984876e-04 3.635779112548427183e-03 9.999933669839515815e-01 5.096180000000000376e+00
9.999998539295100741e-01 -4.490107115741130673e-04 3.008826006629190179e-04 -1.462740000000000047e-02 4.493890467079875921e-04 9.999991070727617393e-01 -1.258532146613597705e-03 -1.002939999999999943e-01 -3.003172375819595087e-04 1.258667176124273358e-03 9.999991627828977991e-01 5.173117600000000316e+00
9.999950270296138477e-01 -3.039781765077327093e-03 8.400255130257173889e-04 -1.494260000000000033e-02 3.041008974489227586e-03 9.999943051645303616e-01 -1.463524145729307429e-03 -1.010236999999999941e-01 -8.355719352076922254e-04 1.466071392790982246e-03 9.999985762260925615e-01 5.211841599999999630e+00
9.999772656249080738e-01 6.601645397876765992e-03 1.373503320947939326e-03 -1.539019999999999971e-02 -6.586488222762264949e-03 9.999203974436016162e-01 -1.076182833543237911e-02 -1.028942999999999941e-01 -1.444439761075717041e-03 1.075253710854297794e-02 9.999411465378880148e-01 5.288886999999999894e+00
9.997098658960992257e-01 2.373384642961868032e-02 4.109569765630814372e-03 -1.645630000000000009e-02 -2.370360263206458193e-02 9.996926831890761145e-01 -7.257988735638101589e-03 -1.048044999999999949e-01 -4.280566815795708302e-03 7.158471336866906350e-03 9.999652159129609474e-01 5.367113100000000081e+00
9.997196733174471550e-01 2.318812888571054540e-02 4.783875085789999169e-03 -1.674869999999999831e-02 -2.316610312146296161e-02 9.997210039655304303e-01 -4.609327100308171360e-03 -1.064878999999999964e-01 -4.889422074490009686e-03 4.497211239375732000e-03 9.999779340779704206e-01 5.444941000000000031e+00
9.997989763353132275e-01 1.977447796024414325e-02 3.313146579875786597e-03 -1.646070000000000172e-02 -1.975943725425110750e-02 9.997945796658112005e-01 -4.512550305454048928e-03 -1.073800000000000032e-01 -3.401699318757825906e-03 4.446177264095370514e-03 9.999843298519637269e-01 5.484432700000000160e+00
9.998418469681233933e-01 1.765206831464577117e-02 2.164609800105140626e-03 -1.622410000000000171e-02 -1.764000678327426117e-02 9.998294395985594107e-01 -5.470088913036862815e-03 -1.080832999999999933e-01 -2.260798986568785494e-03 5.431040070333634576e-03 9.999826961461366626e-01 5.523876699999999751e+00
9.998315528023781207e-01 1.827116564637736029e-02 1.740840804890885288e-03 -1.648600000000000065e-02 -1.826074035428898457e-02 9.998162769987009035e-01 -5.827315863269691421e-03 -1.090264999999999984e-01 -1.846992825804989920e-03 5.794545226306601834e-03 9.999815057605424551e-01 5.562968299999999644e+00
9.998071171839237881e-01 1.957846729996543661e-02 1.553076481014423194e-03 -1.666089999999999932e-02 -1.956949159600390731e-02 9.997928269834708281e-01 -5.598045290412619578e-03 -1.099802000000000002e-01 -1.662355872137020064e-03 5.566572606529319490e-03 9.999831247787986932e-01 5.602489499999999900e+00
9.997904978537296428e-01 2.039859770351547599e-02 1.690447609788849927e-03 -1.691219999999999876e-02 -2.039117359283883560e-02 9.997828380975579687e-01 -4.298451476865959055e-03 -1.110392000000000046e-01 -1.777762891394600066e-03 4.263080731395112698e-03 9.999893327939951559e-01 5.641977800000000265e+00
9.998068849996007978e-01 1.962614927176785026e-02 1.003480023314789289e-03 -1.686479999999999924e-02 -1.962104275169127346e-02 9.997956383983226392e-01 -4.867866167710377910e-03 -1.118800999999999962e-01 -1.098812418572445810e-03 4.847236785295530419e-03 9.999876483771267255e-01 5.681739300000000270e+00
9.998220375056784404e-01 1.885700008701675714e-02 5.539546117398145685e-04 -1.697399999999999951e-02 -1.885357280715993858e-02 9.998062922251060858e-01 -5.649851280409047549e-03 -1.127649000000000012e-01 -6.603865525108875215e-04 5.638401795178341058e-03 9.999838860275686026e-01 5.721415000000000362e+00
9.998287383267864259e-01 1.850317115847790669e-02 3.559114307355992486e-04 -1.714919999999999986e-02 -1.850067419131736293e-02 9.998104577628953438e-01 -6.064124208529798193e-03 -1.136857000000000006e-01 -4.680494986435027407e-04 6.056501055050265286e-03 9.999815496921116154e-01 5.760993499999999656e+00
9.998195572770968154e-01 1.899525399944205356e-02 -1.822408483495374459e-04 -1.766629999999999936e-02 -1.899603423162745525e-02 9.997987749563657101e-01 -6.446726240595706398e-03 -1.154189999999999938e-01 5.974697452189272793e-05 6.449024829152690333e-03 9.999792030382691488e-01 5.840885199999999777e+00
9.998102179326453509e-01 1.945155856563414096e-02 -1.079345562703753385e-03 -1.816049999999999956e-02 -1.945837548488279709e-02 9.997881340105677639e-01 -6.712578875230562798e-03 -1.172911999999999982e-01 9.485467649701861351e-04 6.732307259371372345e-03 9.999768878819149664e-01 5.921328100000000205e+00
9.998015842124649000e-01 1.986589699197975276e-02 -1.462307405984384929e-03 -1.889590000000000020e-02 -1.987511699030892684e-02 9.997807744552580367e-01 -6.586558605685275541e-03 -1.192914999999999948e-01 1.331138936054546314e-03 6.614315259242116440e-03 9.999772391923650305e-01 6.002159599999999706e+00
9.998234573743609577e-01 1.873111329265816222e-02 -1.483063989540428290e-03 -1.917620000000000088e-02 -1.874062486031935482e-02 9.998020452534819302e-01 -6.682760417610706695e-03 -1.201853999999999978e-01 1.357594867494351038e-03 6.709374171411891345e-03 9.999765703427274666e-01 6.042679299999999643e+00
9.998480880058958631e-01 1.735805030102631138e-02 -1.580822792551504416e-03 -1.921209999999999932e-02 -1.736881129853113867e-02 9.998241621015419023e-01 -7.068894682035432517e-03 -1.210834999999999967e-01 1.457842594530398862e-03 7.095277844928415956e-03 9.999737655195124475e-01 6.083526100000000270e+00
9.998649218862755150e-01 1.636710747670802255e-02 -1.501923499376557093e-03 -1.952970000000000053e-02 -1.637641697240245844e-02 9.998453448030186763e-01 -6.410884718870557206e-03 -1.222653999999999963e-01 1.396763579887370845e-03 6.434614874141868224e-03 9.999783221564971791e-01 6.123662500000000009e+00
9.998836991199058222e-01 1.519506950209354064e-02 -1.303110555674979456e-03 -1.968719999999999845e-02 -1.520232011949886920e-02 9.998679194887635235e-01 -5.747437706992977388e-03 -1.231383000000000061e-01 1.215605724749876894e-03 5.766579578747836957e-03 9.999826342805578916e-01 6.164345700000000150e+00
9.998871762030174803e-01 1.495705137992738715e-02 -1.386174149961871480e-03 -2.009589999999999987e-02 -1.496439242007632786e-02 9.998731951039002697e-01 -5.446161236644924721e-03 -1.240991000000000039e-01 1.304539862852942701e-03 5.466290033997823171e-03 9.999842087998241924e-01 6.205292199999999703e+00
9.998751127992652199e-01 1.573930258345064559e-02 -1.425888790626144787e-03 -2.025309999999999958e-02 -1.574718616011470257e-02 9.998597723226605449e-01 -5.697527438815601884e-03 -1.250112999999999919e-01 1.336013733215859816e-03 5.719269626792269044e-03 9.999827523623797676e-01 6.245995999999999881e+00
9.998732880837624126e-01 1.587961033063266941e-02 -1.116132748669238514e-03 -2.075859999999999858e-02 -1.588642143300347115e-02 9.998534203973441503e-01 -6.384303703979054764e-03 -1.258607999999999949e-01 1.014588891322825088e-03 6.401226091843417731e-03 9.999789972363932744e-01 6.286241999999999663e+00
9.998586037485291955e-01 1.681203399987840630e-02 -3.578027789252638622e-04 -2.114040000000000016e-02 -1.681383442740185669e-02 9.998416546451367459e-01 -5.827573107480967657e-03 -1.266998000000000013e-01 2.597727652975167839e-04 5.832765147170911046e-03 9.999829555391673841e-01 6.326890900000000428e+00
9.998522749362348527e-01 1.718776474777446509e-02 9.511998313590455006e-05 -2.118259999999999935e-02 -1.718731208012498970e-02 9.998458294861503060e-01 -3.593544574987614110e-03 -1.276501999999999915e-01 -1.568703172047553897e-04 3.591378861550917952e-03 9.999935386739138288e-01 6.367810699999999713e+00
9.998467130765311683e-01 1.750288393952962804e-02 4.465465888014886618e-04 -2.119570000000000135e-02 -1.750132908500761850e-02 9.998414729916399457e-01 -3.276029023957171497e-03 -1.285083999999999949e-01 -5.038157548955255523e-04 3.267711692744491945e-03 9.999945341000510135e-01 6.408568899999999680e+00
9.998536430370108530e-01 1.709430649623476864e-02 6.907901493873283994e-04 -2.116679999999999950e-02 -1.709074322338983640e-02 9.998420761551862768e-01 -4.871267366811237939e-03 -1.294209000000000054e-01 -7.739519945443554434e-04 4.858748305849097324e-03 9.999878967083604131e-01 6.449309300000000356e+00
9.998433773133672542e-01 1.765997496271827505e-02 1.160227096657297403e-03 -2.131550000000000111e-02 -1.765247308715210683e-02 9.998250474011717293e-01 -6.185853469981067790e-03 -1.303542000000000034e-01 -1.269266129314415743e-03 6.164403747392754179e-03 9.999801943488341172e-01 6.490323499999999690e+00
9.998425030002080494e-01 1.768395410740738333e-02 1.498986793162582817e-03 -2.166739999999999985e-02 -1.767696398387265388e-02 9.998333754106930593e-01 -4.554817139346901272e-03 -1.321730000000000127e-01 -1.579284202363638676e-03 4.527602233757817285e-03 9.999885032736232082e-01 6.571898000000000017e+00
9.998371111552504242e-01 1.801800337337011032e-02 1.050100547811357032e-03 -2.162570000000000117e-02 -1.801365618395030233e-02 9.998296922684262178e-01 -4.011813718317622755e-03 -1.331515000000000060e-01 -1.122206580679114326e-03 3.992244088388844682e-03 9.999914012827955112e-01 6.612630799999999809e+00
9.998329919413980749e-01 1.825568097396339587e-02 8.475480452555777654e-04 -2.178779999999999953e-02 -1.825191164670401586e-02 9.998243433412289383e-01 -4.260303219395592846e-03 -1.339110000000000023e-01 -9.251739042234353311e-04 4.244122342387524928e-03 9.999905656948917532e-01 6.653486700000000198e+00
9.997978667497280370e-01 2.006487064010488430e-02 1.275385780450860162e-03 -2.207200000000000134e-02 -2.005941641607142389e-02 9.997901583969180939e-01 -4.154393543242209177e-03 -1.347028999999999865e-01 -1.358475520487384576e-03 4.127970307711205378e-03 9.999905571581159114e-01 6.694511900000000182e+00
9.997765293400785458e-01 2.108447328535841339e-02 1.528517905109884681e-03 -2.222019999999999898e-02 -2.107787979275225002e-02 9.997689789190675747e-01 -4.208535917318074158e-03 -1.355290000000000106e-01 -1.616899548370385759e-03 4.175377516354351719e-03 9.999899758789817517e-01 6.735303899999999899e+00
9.997774322867611918e-01 2.105976265978767858e-02 1.253908610684807820e-03 -2.221489999999999923e-02 -2.105502192026456609e-02 9.997715420495555394e-01 -3.680999835768132989e-03 -1.365284999999999971e-01 -1.331143128185560383e-03 3.653779490768276506e-03 9.999924389481177345e-01 6.776397199999999899e+00
9.998031442522890000e-01 1.981471479080102252e-02 1.024607727782005312e-03 -2.211029999999999940e-02 -1.981086735870401030e-02 9.997971269483131307e-01 -3.637922538284115662e-03 -1.372242999999999935e-01 -1.096484260012614955e-03 3.616908024532934553e-03 9.999928578237994303e-01 6.817777600000000326e+00
9.998513011029860342e-01 1.720981240354584746e-02 1.094549999141557249e-03 -2.226559999999999997e-02 -1.720687707249100168e-02 9.998484735557429115e-01 -2.636912903933222047e-03 -1.381912999999999891e-01 -1.139764922273305827e-03 2.617687010607961610e-03 9.999959243170125633e-01 6.859234299999999784e+00
9.999034141485397820e-01 1.389214806791051922e-02 4.130328717126773822e-04 -2.181570000000000037e-02 -1.389074668930714331e-02 9.998983292415469792e-01 -3.221542546137609511e-03 -1.395489000000000035e-01 -4.577450244053614284e-04 3.215494055712457815e-03 9.999947255198251561e-01 6.941383799999999660e+00
9.999195133346104880e-01 1.268401661019324077e-02 -2.873591970106947023e-04 -2.169249999999999998e-02 -1.268502695106064372e-02 9.999121689733404539e-01 -3.839847689769103345e-03 -1.404694999999999971e-01 2.386292660797577770e-04 3.843183792391666187e-03 9.999925864697254418e-01 6.982636000000000287e+00
9.999430407590059744e-01 1.067167002423077826e-02 -1.752042430574804585e-04 -2.144180000000000044e-02 -1.067201445703678739e-02 9.999408487869477780e-01 -2.099293849674671673e-03 -1.412327999999999917e-01 1.527909082663464707e-04 2.101044057705214133e-03 9.999977811319412657e-01 7.023874300000000126e+00
9.999648616166252335e-01 8.320904487768204794e-03 1.018862379758941460e-03 -2.200960000000000069e-02 -8.319344953446775742e-03 9.999642301093922825e-01 -1.525451171249998924e-03 -1.426459999999999950e-01 -1.031519068659798605e-03 1.516921301764619654e-03 9.999983174576720923e-01 7.105639499999999664e+00
9.999673353655952335e-01 7.927178742238241357e-03 1.577351901070467213e-03 -2.223520000000000010e-02 -7.923078606477640742e-03 9.999652606910949260e-01 -2.588867780738259971e-03 -1.433552999999999911e-01 -1.597819522593457546e-03 2.576285733216421379e-03 9.999954048517393224e-01 7.146478199999999781e+00
9.999558444800824564e-01 9.139508583783954518e-03 2.185971859823780845e-03 -2.243509999999999949e-02 -9.132668601299383584e-03 9.999534326011270124e-01 -3.118812825761237920e-03 -1.440195999999999976e-01 -2.214374481392519453e-03 3.098711356391854483e-03 9.999927472404916973e-01 7.187259700000000251e+00
9.999316907116635456e-01 1.120268768861089684e-02 3.333721503869309984e-03 -2.257899999999999838e-02 -1.119250326774744175e-02 9.999326856657394513e-01 -3.058105279897102655e-03 -1.449075999999999975e-01 -3.367756094995246006e-03 3.020583694075958028e-03 9.999897670941596539e-01 7.228229999999999933e+00
9.999087791243161938e-01 1.282144396672122398e-02 4.247823528309476425e-03 -2.268480000000000149e-02 -1.280673381639809393e-02 9.999119615618861090e-01 -3.472275106773453721e-03 -1.457258999999999916e-01 -4.291969137279197204e-03 3.417557617571506407e-03 9.999849495371693209e-01 7.269124500000000211e+00
9.998967187009140112e-01 1.352679769034946175e-02 4.855684852787948633e-03 -2.255110000000000101e-02 -1.351006467164714633e-02 9.999027399434428087e-01 -3.462485547076934057e-03 -1.466902999999999957e-01 -4.902048930105611449e-03 3.396527320685262512e-03 9.999822166010987612e-01 7.310343300000000433e+00
9.998882509863845636e-01 1.381332645252628111e-02 5.716428229653261646e-03 -2.254779999999999979e-02 -1.379386325954824744e-02 9.998989760246035363e-01 -3.430317962855123758e-03 -1.476223999999999870e-01 -5.763234835205316257e-03 3.351082998873528614e-03 9.999777774365633531e-01 7.351384200000000035e+00
9.998730575685740307e-01 1.452168265735763811e-02 6.556636429609755123e-03 -2.251589999999999842e-02 -1.449413235333077074e-02 9.998860069350249402e-01 -4.230042890475443212e-03 -1.484773000000000065e-01 -6.617316359009714141e-03 4.134473162342456806e-03 9.999695581645846598e-01 7.392028299999999774e+00
9.998816339018361532e-01 1.329847793509161651e-02 7.737484759557218539e-03 -2.255220000000000141e-02 -1.326025533876267447e-02 9.998997251788146468e-01 -4.970434154272884535e-03 -1.492742999999999987e-01 -7.802808093584951907e-03 4.867244799784348729e-03 9.999577121628262510e-01 7.432909999999999684e+00
