9.291719e-01 -2.800214e-02 3.685860e-01 2.445156e+00 2.471863e-02 9.996015e-01 1.362813e-02 -8.131263e-01 -3.688207e-01 -3.551935e-03 9.294937e-01 6.970243e+01
9.041595e-01 -2.861151e-02 4.262360e-01 3.253649e+00 2.944809e-02 9.995556e-01 4.628971e-03 -8.166667e-01 -4.261790e-01 8.366502e-03 9.046001e-01 7.145272e+01
8.900733e-01 -3.066895e-02 4.547845e-01 3.697183e+00 3.353669e-02 9.994359e-01 1.762472e-03 -8.217552e-01 -4.545820e-01 1.368323e-02 8.905997e-01 7.230010e+01
8.569678e-01 -3.122428e-02 5.144232e-01 4.656399e+00 2.991533e-02 9.994937e-01 1.083157e-02 -8.326482e-01 -5.145010e-01 6.106832e-03 8.574680e-01 7.395134e+01
8.375209e-01 -3.135402e-02 5.455050e-01 5.171922e+00 2.716620e-02 9.995070e-01 1.574010e-02 -8.379065e-01 -5.457295e-01 1.636631e-03 8.379597e-01 7.474042e+01
7.946459e-01 -1.916753e-02 6.067706e-01 6.267395e+00 2.143011e-02 9.997641e-01 3.516416e-03 -8.402731e-01 -6.066949e-01 1.020885e-02 7.948692e-01 7.623592e+01
7.722395e-01 -1.642356e-02 6.351193e-01 6.852965e+00 2.055808e-02 9.997883e-01 8.570305e-04 -8.436503e-01 -6.349988e-01 1.239500e-02 7.724136e-01 7.694187e+01
7.247325e-01 -1.953835e-02 6.887533e-01 8.102844e+00 2.116676e-02 9.997574e-01 6.088352e-03 -8.620809e-01 -6.887052e-01 1.016625e-02 7.249702e-01 7.828406e+01
6.733401e-01 -1.581716e-02 7.391637e-01 9.420955e+00 2.290921e-02 9.997374e-01 5.239928e-04 -8.762188e-01 -7.389778e-01 1.658082e-02 6.735256e-01 7.950640e+01
6.186204e-01 -1.239589e-02 7.855922e-01 1.082345e+01 2.120024e-02 9.997748e-01 -9.188054e-04 -8.963087e-01 -7.854039e-01 1.722313e-02 6.187439e-01 8.063432e+01
5.901006e-01 -6.313377e-03 8.073051e-01 1.155404e+01 2.023865e-02 9.997708e-01 -6.974943e-03 -9.103951e-01 -8.070760e-01 2.045467e-02 5.900931e-01 8.116168e+01
5.602449e-01 2.835353e-03 8.283222e-01 1.229823e+01 1.892332e-02 9.996893e-01 -1.622094e-02 -9.440788e-01 -8.281109e-01 2.476230e-02 5.600171e-01 8.167543e+01
5.295973e-01 1.127181e-02 8.481743e-01 1.306621e+01 1.835654e-02 9.995252e-01 -2.474496e-02 -9.899750e-01 -8.480505e-01 2.867440e-02 5.291390e-01 8.217844e+01
4.980180e-01 1.631846e-02 8.670132e-01 1.385636e+01 1.612194e-02 9.994759e-01 -2.807216e-02 -1.044292e+00 -8.670168e-01 2.795836e-02 4.974939e-01 8.266054e+01
4.656619e-01 1.582819e-02 8.848212e-01 1.467086e+01 1.381362e-02 9.995882e-01 -2.515102e-02 -1.091171e+00 -8.848548e-01 2.393445e-02 4.652515e-01 8.310277e+01
4.327521e-01 1.418518e-02 9.014014e-01 1.550495e+01 9.386123e-03 9.997511e-01 -2.023906e-02 -1.141769e+00 -9.014641e-01 1.721915e-02 4.325112e-01 8.352640e+01
3.985676e-01 1.506852e-02 9.170152e-01 1.635188e+01 5.370069e-03 9.998095e-01 -1.876304e-02 -1.182920e+00 -9.171232e-01 1.240277e-02 3.984108e-01 8.390596e+01
3.634390e-01 1.801940e-02 9.314438e-01 1.721884e+01 -1.324542e-03 9.998219e-01 -1.882540e-02 -1.223975e+00 -9.316170e-01 5.608144e-03 3.633981e-01 8.426630e+01
3.276884e-01 2.019548e-02 9.445700e-01 1.810134e+01 -6.744494e-03 9.997960e-01 -1.903646e-02 -1.258474e+00 -9.447617e-01 -1.326205e-04 3.277578e-01 8.458881e+01
2.554161e-01 1.898680e-02 9.666448e-01 1.992032e+01 -1.046188e-02 9.998029e-01 -1.687376e-02 -1.333845e+00 -9.667746e-01 -5.803097e-03 2.555644e-01 8.512286e+01
2.195925e-01 1.816829e-02 9.754225e-01 2.085317e+01 -9.854782e-03 9.998169e-01 -1.640410e-02 -1.389328e+00 -9.755419e-01 -6.010360e-03 2.197313e-01 8.533947e+01
1.497064e-01 1.548325e-02 9.886093e-01 2.274979e+01 -4.622691e-04 9.998783e-01 -1.558975e-02 -1.487418e+00 -9.887303e-01 1.876878e-03 1.496954e-01 8.565402e+01
8.347086e-02 2.449840e-02 9.962091e-01 2.466336e+01 3.600780e-03 9.996838e-01 -2.488556e-02 -1.578857e+00 -9.965037e-01 5.664345e-03 8.335625e-02 8.583875e+01
2.844833e-02 2.769310e-02 9.992116e-01 2.659670e+01 1.316383e-02 9.995191e-01 -2.807641e-02 -1.686769e+00 -9.995085e-01 1.395218e-02 2.807010e-02 8.590350e+01
-1.322891e-02 2.055410e-02 9.997012e-01 2.856061e+01 1.436558e-02 9.996894e-01 -2.036377e-02 -1.785582e+00 -9.998093e-01 1.409189e-02 -1.352007e-02 8.589204e+01
-4.451169e-02 2.917319e-02 9.985828e-01 3.052056e+01 1.897167e-02 9.994179e-01 -2.835194e-02 -1.910044e+00 -9.988287e-01 1.768279e-02 -4.503924e-02 8.580960e+01
-6.558728e-02 3.696838e-02 9.971618e-01 3.249553e+01 2.936162e-02 9.989522e-01 -3.510353e-02 -2.034292e+00 -9.974147e-01 2.697593e-02 -6.660401e-02 8.566974e+01
-7.497980e-02 4.736707e-02 9.960595e-01 3.447574e+01 3.484801e-02 9.983855e-01 -4.485447e-02 -2.165170e+00 -9.965759e-01 3.134750e-02 -7.650939e-02 8.550585e+01
-8.041092e-02 5.455562e-02 9.952677e-01 3.647409e+01 3.755346e-02 9.979579e-01 -5.166903e-02 -2.302430e+00 -9.960541e-01 3.322099e-02 -8.229546e-02 8.533282e+01
-8.466798e-02 6.126156e-02 9.945242e-01 3.847939e+01 3.950431e-02 9.975298e-01 -5.808354e-02 -2.446547e+00 -9.956258e-01 3.437017e-02 -8.687892e-02 8.515093e+01
-8.870577e-02 6.205828e-02 9.941228e-01 4.050491e+01 4.252210e-02 9.973833e-01 -5.846758e-02 -2.620466e+00 -9.951498e-01 3.708576e-02 -9.111249e-02 8.494335e+01
-9.318044e-02 6.236751e-02 9.936940e-01 4.254154e+01 4.189171e-02 9.973979e-01 -5.867174e-02 -2.782434e+00 -9.947675e-01 3.616047e-02 -9.555066e-02 8.473340e+01
-9.565326e-02 6.425885e-02 9.933385e-01 4.356321e+01 4.068653e-02 9.973326e-01 -6.059934e-02 -2.862846e+00 -9.945828e-01 3.461896e-02 -9.801257e-02 8.462639e+01
-1.008219e-01 7.017314e-02 9.924267e-01 4.562390e+01 3.714918e-02 9.970794e-01 -6.672811e-02 -3.034107e+00 -9.942106e-01 3.014017e-02 -1.031343e-01 8.439616e+01
-1.055615e-01 7.713973e-02 9.914163e-01 4.769859e+01 3.158554e-02 9.967437e-01 -7.419117e-02 -3.212409e+00 -9.939110e-01 2.348268e-02 -1.076543e-01 8.415974e+01
-1.113399e-01 7.123111e-02 9.912263e-01 4.979767e+01 2.642006e-02 9.972875e-01 -6.869905e-02 -3.399467e+00 -9.934311e-01 1.853930e-02 -1.129199e-01 8.391179e+01
-1.158250e-01 6.985040e-02 9.908106e-01 5.190709e+01 2.598171e-02 9.973959e-01 -6.727743e-02 -3.581332e+00 -9.929297e-01 1.795053e-02 -1.173382e-01 8.364593e+01
-1.177716e-01 7.541683e-02 9.901728e-01 5.402128e+01 2.790440e-02 9.969695e-01 -7.261556e-02 -3.758476e+00 -9.926485e-01 1.907812e-02 -1.195192e-01 8.337012e+01
-1.182043e-01 7.659691e-02 9.900307e-01 5.508951e+01 2.708114e-02 9.968982e-01 -7.389492e-02 -3.853303e+00 -9.926199e-01 1.807646e-02 -1.199119e-01 8.323118e+01
-1.183116e-01 7.450330e-02 9.901776e-01 5.723648e+01 1.999762e-02 9.971578e-01 -7.263910e-02 -4.043440e+00 -9.927751e-01 1.120714e-02 -1.194652e-01 8.296320e+01
-1.184144e-01 7.536459e-02 9.901001e-01 5.831225e+01 1.629358e-02 9.971287e-01 -7.395092e-02 -4.137484e+00 -9.928305e-01 7.375422e-03 -1.193023e-01 8.283188e+01
-1.187915e-01 7.570440e-02 9.900290e-01 5.939428e+01 1.225761e-02 9.971250e-01 -7.477625e-02 -4.235523e+00 -9.928435e-01 3.252604e-03 -1.193779e-01 8.269832e+01
-1.192827e-01 7.481209e-02 9.900378e-01 6.048415e+01 8.649815e-03 9.971976e-01 -7.431098e-02 -4.332877e+00 -9.928226e-01 -3.003721e-04 -1.195955e-01 8.256445e+01
-1.196761e-01 6.989088e-02 9.903499e-01 6.158947e+01 8.554825e-03 9.975546e-01 -6.936556e-02 -4.427686e+00 -9.927761e-01 1.708706e-04 -1.199813e-01 8.242007e+01
-1.199740e-01 6.147785e-02 9.908717e-01 6.269201e+01 1.156217e-02 9.980996e-01 -6.052637e-02 -4.507440e+00 -9.927097e-01 4.195035e-03 -1.204568e-01 8.227636e+01
-1.199894e-01 5.482827e-02 9.912600e-01 6.380163e+01 1.624666e-02 9.984485e-01 -5.325927e-02 -4.575110e+00 -9.926422e-01 9.714108e-03 -1.206940e-01 8.212657e+01
-1.191900e-01 5.753560e-02 9.912030e-01 6.490299e+01 2.502529e-02 9.981765e-01 -5.493116e-02 -4.637324e+00 -9.925560e-01 1.825789e-02 -1.204125e-01 8.197173e+01
-1.179477e-01 6.349043e-02 9.909881e-01 6.600675e+01 3.117512e-02 9.976988e-01 -6.020991e-02 -4.698824e+00 -9.925303e-01 2.379254e-02 -1.196556e-01 8.181847e+01
-1.170727e-01 6.916153e-02 9.907122e-01 6.711535e+01 3.455186e-02 9.972519e-01 -6.553508e-02 -4.769758e+00 -9.925221e-01 2.655857e-02 -1.191407e-01 8.167129e+01
-1.163451e-01 7.294952e-02 9.905262e-01 6.822842e+01 3.564820e-02 9.969631e-01 -6.923643e-02 -4.848159e+00 -9.925689e-01 2.725515e-02 -1.185923e-01 8.152737e+01
-1.163709e-01 7.198808e-02 9.905936e-01 6.935294e+01 3.285757e-02 9.971029e-01 -6.860117e-02 -4.927907e+00 -9.926621e-01 2.456532e-02 -1.183991e-01 8.138834e+01
-1.161347e-01 6.691418e-02 9.909769e-01 7.048500e+01 3.072070e-02 9.974927e-01 -6.375393e-02 -5.011017e+00 -9.927582e-01 2.303945e-02 -1.178991e-01 8.124871e+01
-1.159475e-01 6.394350e-02 9.911950e-01 7.162116e+01 2.916131e-02 9.977145e-01 -6.095288e-02 -5.086994e+00 -9.928271e-01 2.183720e-02 -1.175472e-01 8.111025e+01
-1.158279e-01 6.476000e-02 9.911559e-01 7.275311e+01 2.780437e-02 9.976926e-01 -6.193785e-02 -5.162949e+00 -9.928800e-01 2.038433e-02 -1.173612e-01 8.097266e+01
-1.156249e-01 6.921292e-02 9.908787e-01 7.388909e+01 2.803964e-02 9.973992e-01 -6.639647e-02 -5.241054e+00 -9.928971e-01 2.010678e-02 -1.172649e-01 8.083141e+01
-1.149327e-01 7.314930e-02 9.906764e-01 7.502755e+01 2.837532e-02 9.971199e-01 -7.033314e-02 -5.323826e+00 -9.929679e-01 2.002718e-02 -1.166773e-01 8.068962e+01
-1.145607e-01 7.215451e-02 9.907924e-01 7.617779e+01 2.843230e-02 9.971883e-01 -6.933281e-02 -5.409080e+00 -9.930092e-01 2.022768e-02 -1.162901e-01 8.054753e+01
-1.142248e-01 6.325840e-02 9.914389e-01 7.849684e+01 2.937545e-02 9.977493e-01 -6.027667e-02 -5.575395e+00 -9.930205e-01 2.223887e-02 -1.158259e-01 8.026070e+01
-1.138666e-01 6.956512e-02 9.910576e-01 8.081443e+01 2.669236e-02 9.973996e-01 -6.694351e-02 -5.733271e+00 -9.931374e-01 1.883103e-02 -1.154274e-01 7.998194e+01
-1.133275e-01 6.578657e-02 9.913774e-01 8.314911e+01 2.502350e-02 9.976780e-01 -6.334417e-02 -5.906836e+00 -9.932425e-01 1.762909e-02 -1.147106e-01 7.970180e+01
-1.108700e-01 6.472693e-02 9.917249e-01 8.548133e+01 2.733133e-02 9.976980e-01 -6.206128e-02 -6.073437e+00 -9.934590e-01 2.022442e-02 -1.123838e-01 7.941861e+01
-1.085184e-01 6.474185e-02 9.919840e-01 8.784314e+01 2.975946e-02 9.976413e-01 -6.185554e-02 -6.220092e+00 -9.936489e-01 2.280844e-02 -1.101891e-01 7.913297e+01
-1.060845e-01 6.303828e-02 9.923569e-01 9.023925e+01 3.127932e-02 9.977061e-01 -6.003429e-02 -6.375416e+00 -9.938650e-01 2.467154e-02 -1.078129e-01 7.885004e+01
-1.037604e-01 6.200648e-02 9.926676e-01 9.266639e+01 3.098535e-02 9.977718e-01 -5.908652e-02 -6.542150e+00 -9.941195e-01 2.462730e-02 -1.054505e-01 7.857336e+01
-1.006056e-01 6.553057e-02 9.927660e-01 9.510911e+01 2.978588e-02 9.975797e-01 -6.282986e-02 -6.713115e+00 -9.944804e-01 2.324936e-02 -1.023140e-01 7.830262e+01
-9.945430e-02 6.530825e-02 9.928966e-01 9.633804e+01 2.801108e-02 9.976321e-01 -6.281398e-02 -6.798660e+00 -9.946477e-01 2.156498e-02 -1.010481e-01 7.817155e+01
-9.886702e-02 6.376206e-02 9.930558e-01 9.880208e+01 2.145327e-02 9.978496e-01 -6.193402e-02 -6.966266e+00 -9.948693e-01 1.518106e-02 -1.000223e-01 7.793983e+01
-9.915247e-02 6.387177e-02 9.930203e-01 1.000429e+02 1.887214e-02 9.978790e-01 -6.229993e-02 -7.052411e+00 -9.948932e-01 1.256322e-02 -1.001476e-01 7.782180e+01
-1.015079e-01 5.933445e-02 9.930638e-01 1.025376e+02 1.383515e-02 9.982074e-01 -5.822760e-02 -7.224808e+00 -9.947385e-01 7.828622e-03 -1.021469e-01 7.757772e+01
-1.028405e-01 5.871368e-02 9.929635e-01 1.037849e+02 1.216107e-02 9.982560e-01 -5.776712e-02 -7.308559e+00 -9.946235e-01 6.134700e-03 -1.033751e-01 7.745043e+01
-1.068276e-01 5.728775e-02 9.926258e-01 1.062831e+02 1.215405e-02 9.983394e-01 -5.630947e-02 -7.478364e+00 -9.942032e-01 6.049008e-03 -1.073465e-01 7.718259e+01
-1.098782e-01 5.235797e-02 9.925651e-01 1.075331e+02 8.644135e-03 9.986242e-01 -5.172068e-02 -7.561306e+00 -9.939074e-01 2.896888e-03 -1.101796e-01 7.704728e+01
-1.195938e-01 5.673661e-02 9.912005e-01 1.100019e+02 2.541051e-03 9.983800e-01 -5.684099e-02 -7.722951e+00 -9.928196e-01 -4.279140e-03 -1.195442e-01 7.676378e+01
-1.357632e-01 5.923628e-02 9.889689e-01 1.124618e+02 6.028125e-03 9.982419e-01 -5.896419e-02 -7.896792e+00 -9.907229e-01 -2.043545e-03 -1.358816e-01 7.643702e+01
-1.594597e-01 5.569923e-02 9.856319e-01 1.149114e+02 7.842035e-03 9.984470e-01 -5.515472e-02 -8.061834e+00 -9.871732e-01 -1.065599e-03 -1.596488e-01 7.604901e+01
-1.884259e-01 5.405645e-02 9.805986e-01 1.173410e+02 9.523557e-03 9.985376e-01 -5.321538e-02 -8.223598e+00 -9.820412e-01 -6.883714e-04 -1.886651e-01 7.558130e+01
-2.036572e-01 5.590004e-02 9.774451e-01 1.185414e+02 1.458706e-02 9.984311e-01 -5.406093e-02 -8.306282e+00 -9.789336e-01 3.248151e-03 -2.041530e-01 7.531661e+01
-2.343892e-01 6.389957e-02 9.700405e-01 1.209037e+02 1.493501e-02 9.979563e-01 -6.212977e-02 -8.474808e+00 -9.720281e-01 -7.498799e-05 -2.348645e-01 7.475130e+01
-2.506675e-01 6.208529e-02 9.660804e-01 1.220798e+02 1.136813e-02 9.980613e-01 -6.119089e-02 -8.561332e+00 -9.680065e-01 -4.356038e-03 -2.508873e-01 7.444731e+01
-2.830064e-01 5.113256e-02 9.577541e-01 1.244375e+02 1.087702e-03 9.985943e-01 -5.299155e-02 -8.723087e+00 -9.591174e-01 -1.395520e-02 -2.826642e-01 7.378566e+01
-3.131229e-01 5.450156e-02 9.481475e-01 1.267459e+02 -8.339620e-04 9.983358e-01 -5.766192e-02 -8.874807e+00 -9.497122e-01 -1.884598e-02 -3.125563e-01 7.304799e+01
-3.413455e-01 5.661713e-02 9.382312e-01 1.290149e+02 2.514476e-03 9.982356e-01 -5.932327e-02 -9.035824e+00 -9.399345e-01 -1.789057e-02 -3.408856e-01 7.223590e+01
-3.701034e-01 5.298037e-02 9.274786e-01 1.312536e+02 1.738222e-03 9.984102e-01 -5.633858e-02 -9.199095e+00 -9.289889e-01 -1.923894e-02 -3.696071e-01 7.136168e+01
-3.998406e-01 5.665126e-02 9.148323e-01 1.334422e+02 1.254572e-03 9.981210e-01 -6.126063e-02 -9.359054e+00 -9.165838e-01 -2.334676e-02 -3.991603e-01 7.042848e+01
-4.291460e-01 6.062984e-02 9.011980e-01 1.356043e+02 4.536845e-03 9.978766e-01 -6.497368e-02 -9.527433e+00 -9.032237e-01 -2.379459e-02 -4.285098e-01 6.941460e+01
-4.591859e-01 6.647746e-02 8.858494e-01 1.377420e+02 5.241398e-03 9.973814e-01 -7.213034e-02 -9.704590e+00 -8.883247e-01 -2.847814e-02 -4.583319e-01 6.832845e+01
-4.907005e-01 5.958726e-02 8.692885e-01 1.398723e+02 9.702285e-04 9.976956e-01 -6.784154e-02 -9.888913e+00 -8.713278e-01 -3.244647e-02 -4.896275e-01 6.716223e+01
-5.068055e-01 5.910555e-02 8.600319e-01 1.409268e+02 3.201704e-04 9.976596e-01 -6.837534e-02 -9.978781e+00 -8.620604e-01 -3.437764e-02 -5.056382e-01 6.654673e+01
-5.386551e-01 5.748528e-02 8.405630e-01 1.430034e+02 -1.762478e-03 9.975906e-01 -6.935370e-02 -1.015971e+01 -8.425245e-01 -3.883919e-02 -5.372558e-01 6.525392e+01
-5.699025e-01 5.633664e-02 8.197789e-01 1.450446e+02 -3.767636e-03 9.974573e-01 -7.116625e-02 -1.034928e+01 -8.217037e-01 -4.364645e-02 -5.682411e-01 6.387549e+01
-6.003517e-01 4.984753e-02 7.981811e-01 1.470512e+02 -4.691967e-03 9.978189e-01 -6.584427e-02 -1.053685e+01 -7.997223e-01 -4.327475e-02 -5.988083e-01 6.240627e+01
-6.300491e-01 4.677825e-02 7.751451e-01 1.490120e+02 -4.430473e-03 9.979512e-01 -6.382526e-02 -1.071697e+01 -7.765426e-01 -4.364730e-02 -6.285510e-01 6.085284e+01
-6.601554e-01 4.807287e-02 7.495892e-01 1.509179e+02 -7.959097e-03 9.974461e-01 -7.097801e-02 -1.090070e+01 -7.510869e-01 -5.282256e-02 -6.580868e-01 5.922635e+01
-6.920178e-01 3.666505e-02 7.209487e-01 1.527818e+02 -1.387299e-02 9.978494e-01 -6.406359e-02 -1.108992e+01 -7.217471e-01 -5.433486e-02 -6.900208e-01 5.750416e+01
-7.087861e-01 3.354619e-02 7.046254e-01 1.536878e+02 -1.554520e-02 9.978833e-01 -6.314479e-02 -1.118205e+01 -7.052521e-01 -5.570968e-02 -7.067643e-01 5.660812e+01
-7.436033e-01 2.726223e-02 6.680651e-01 1.554368e+02 -2.066737e-02 9.977537e-01 -6.372032e-02 -1.136018e+01 -6.683016e-01 -6.118978e-02 -7.413695e-01 5.474664e+01
-7.763938e-01 2.696189e-02 6.296712e-01 1.571378e+02 -1.901017e-02 9.976281e-01 -6.615727e-02 -1.153501e+01 -6.299614e-01 -6.333424e-02 -7.740396e-01 5.277454e+01
-7.916322e-01 2.782679e-02 6.103640e-01 1.579474e+02 -1.540224e-02 9.977360e-01 -6.546375e-02 -1.162413e+01 -6.108037e-01 -6.122417e-02 -7.894114e-01 5.175294e+01
-8.205562e-01 2.934926e-02 5.708119e-01 1.595353e+02 -1.020400e-02 9.977694e-01 -6.597051e-02 -1.182015e+01 -5.714748e-01 -5.995707e-02 -8.184263e-01 4.968737e+01
-8.343732e-01 3.073320e-02 5.503426e-01 1.602798e+02 -9.666920e-03 9.974749e-01 -7.035876e-02 -1.191873e+01 -5.511152e-01 -6.402557e-02 -8.319691e-01 4.863458e+01
-8.473601e-01 3.138936e-02 5.300903e-01 1.610032e+02 -7.512040e-03 9.974429e-01 -7.107187e-02 -1.202126e+01 -5.309656e-01 -6.420551e-02 -8.449574e-01 4.756063e+01
-8.591530e-01 2.947331e-02 5.108694e-01 1.616863e+02 -5.867495e-03 9.977069e-01 -6.742782e-02 -1.212200e+01 -5.116852e-01 -6.092832e-02 -8.570098e-01 4.646556e+01
-8.696587e-01 3.033618e-02 4.927205e-01 1.623490e+02 -4.478865e-03 9.975840e-01 -6.932527e-02 -1.223005e+01 -4.936332e-01 -6.249614e-02 -8.674217e-01 4.535334e+01
-8.791217e-01 3.444202e-02 4.753513e-01 1.629730e+02 -4.303311e-04 9.973276e-01 -7.305819e-02 -1.233141e+01 -4.765972e-01 -6.443159e-02 -8.767574e-01 4.422905e+01
-8.880977e-01 3.251626e-02 4.585033e-01 1.635887e+02 -1.746026e-03 9.972489e-01 -7.410516e-02 -1.244119e+01 -4.596515e-01 -6.661317e-02 -8.855976e-01 4.309552e+01
-8.963481e-01 2.945246e-02 4.423716e-01 1.641798e+02 -3.886570e-03 9.972306e-01 -7.426928e-02 -1.255286e+01 -4.433339e-01 -6.829043e-02 -8.937513e-01 4.194672e+01
-9.036836e-01 2.714888e-02 4.273395e-01 1.647509e+02 -4.750838e-03 9.972909e-01 -7.340441e-02 -1.266162e+01 -4.281746e-01 -6.836456e-02 -9.011064e-01 4.078883e+01
-9.102455e-01 2.600678e-02 4.132515e-01 1.652989e+02 -4.902027e-03 9.972789e-01 -7.355827e-02 -1.277147e+01 -4.140400e-01 -6.898184e-02 -9.076411e-01 3.962170e+01
-9.164022e-01 2.343048e-02 3.995724e-01 1.658309e+02 -6.282311e-03 9.973202e-01 -7.288999e-02 -1.287876e+01 -4.002094e-01 -6.930677e-02 -9.137991e-01 3.844779e+01
-9.220764e-01 1.853237e-02 3.865639e-01 1.663487e+02 -8.920852e-03 9.975696e-01 -6.910382e-02 -1.298468e+01 -3.869050e-01 -6.716747e-02 -9.196700e-01 3.726247e+01
-9.272038e-01 1.438065e-02 3.742813e-01 1.668523e+02 -1.080005e-02 9.978207e-01 -6.509320e-02 -1.308684e+01 -3.744017e-01 -6.439690e-02 -9.250277e-01 3.606610e+01
-9.315300e-01 1.506714e-02 3.633523e-01 1.673354e+02 -8.349529e-03 9.979918e-01 -6.278956e-02 -1.318536e+01 -3.635687e-01 -6.152416e-02 -9.295335e-01 3.486197e+01
-9.370317e-01 2.457554e-02 3.483787e-01 1.682484e+02 1.714583e-03 9.978328e-01 -6.577806e-02 -1.337387e+01 -3.492402e-01 -6.103879e-02 -9.350430e-01 3.244993e+01
-9.387719e-01 2.887410e-02 3.433274e-01 1.686912e+02 5.720562e-03 9.976511e-01 -6.826133e-02 -1.347182e+01 -3.444919e-01 -6.211778e-02 -9.367319e-01 3.124282e+01
-9.406262e-01 2.649369e-02 3.384089e-01 1.691379e+02 3.739559e-03 9.976977e-01 -6.771447e-02 -1.357156e+01 -3.394238e-01 -6.242849e-02 -9.385596e-01 3.002817e+01
-9.443599e-01 1.275283e-02 3.286667e-01 1.699695e+02 -7.661388e-03 9.981240e-01 -6.074246e-02 -1.377138e+01 -3.288247e-01 -5.988078e-02 -9.424906e-01 2.758224e+01
-9.460336e-01 6.644945e-03 3.240005e-01 1.703619e+02 -1.457739e-02 9.979051e-01 -6.302993e-02 -1.386787e+01 -3.237406e-01 -6.435150e-02 -9.439549e-01 2.635507e+01
-9.481384e-01 4.640768e-03 3.178242e-01 1.711273e+02 -1.792368e-02 9.975218e-01 -6.803574e-02 -1.406469e+01 -3.173523e-01 -7.020386e-02 -9.457055e-01 2.390019e+01
-9.484550e-01 4.732105e-03 3.168766e-01 1.715130e+02 -1.828631e-02 9.974054e-01 -6.962830e-02 -1.416740e+01 -3.163839e-01 -7.183380e-02 -9.459075e-01 2.267273e+01
-9.480194e-01 9.724102e-03 3.180641e-01 1.722632e+02 -1.434561e-02 9.972107e-01 -7.324593e-02 -1.438257e+01 -3.178892e-01 -7.400137e-02 -9.452355e-01 2.022133e+01
-9.470945e-01 1.100027e-02 3.207663e-01 1.729947e+02 -1.363043e-02 9.971323e-01 -7.444064e-02 -1.459753e+01 -3.206653e-01 -7.487449e-02 -9.442285e-01 1.779910e+01
-9.462450e-01 1.157848e-02 3.232437e-01 1.733770e+02 -1.320085e-02 9.971440e-01 -7.436078e-02 -1.470734e+01 -3.231815e-01 -7.463059e-02 -9.433896e-01 1.659909e+01
-9.434098e-01 9.139435e-03 3.315033e-01 1.741985e+02 -1.580782e-02 9.972445e-01 -7.248046e-02 -1.492971e+01 -3.312523e-01 -7.361911e-02 -9.406657e-01 1.420288e+01
-9.389337e-01 4.898762e-03 3.440633e-01 1.750609e+02 -1.926985e-02 9.975809e-01 -6.679015e-02 -1.513842e+01 -3.435581e-01 -6.934156e-02 -9.365679e-01 1.181186e+01
-9.329017e-01 7.633253e-03 3.600503e-01 1.759425e+02 -1.748685e-02 9.976359e-01 -6.645940e-02 -1.533995e+01 -3.597064e-01 -6.829622e-02 -9.305626e-01 9.442182e+00
-9.292045e-01 9.590084e-03 3.694415e-01 1.763996e+02 -1.636866e-02 9.976142e-01 -6.706623e-02 -1.544296e+01 -3.692033e-01 -6.836549e-02 -9.268306e-01 8.270144e+00
-9.200882e-01 1.406705e-02 3.914586e-01 1.773568e+02 -1.378514e-02 9.975731e-01 -6.824850e-02 -1.564895e+01 -3.914686e-01 -6.819094e-02 -9.176613e-01 5.917093e+00
-9.144018e-01 1.656591e-02 4.044688e-01 1.778608e+02 -1.283812e-02 9.974729e-01 -6.987748e-02 -1.574904e+01 -4.046042e-01 -6.908870e-02 -9.118783e-01 4.751502e+00
-9.082935e-01 1.851377e-02 4.179237e-01 1.783814e+02 -1.149285e-02 9.975388e-01 -6.916836e-02 -1.585596e+01 -4.181756e-01 -6.762830e-02 -9.058451e-01 3.587553e+00
-9.020526e-01 1.808352e-02 4.312473e-01 1.789288e+02 -1.198908e-02 9.976867e-01 -6.691399e-02 -1.595971e+01 -4.314597e-01 -6.553018e-02 -8.997490e-01 2.434985e+00
-8.954347e-01 2.025720e-02 4.447319e-01 1.794976e+02 -1.042715e-02 9.977359e-01 -6.644043e-02 -1.605749e+01 -4.450709e-01 -6.413034e-02 -8.931960e-01 1.286303e+00
-8.885482e-01 2.304306e-02 4.582043e-01 1.800782e+02 -8.184333e-03 9.977828e-01 -6.604949e-02 -1.615417e+01 -4.587103e-01 -6.243824e-02 -8.863894e-01 1.518369e-01
-8.811820e-01 2.466797e-02 4.721333e-01 1.806758e+02 -6.112156e-03 9.979600e-01 -6.354897e-02 -1.625068e+01 -4.727377e-01 -5.888395e-02 -8.792336e-01 -9.718759e-01
-8.734527e-01 2.634193e-02 4.861960e-01 1.812884e+02 -3.474420e-03 9.981729e-01 -6.032250e-02 -1.634719e+01 -4.868966e-01 -5.437809e-02 -8.717652e-01 -2.083451e+00
-8.652660e-01 2.933019e-02 5.004544e-01 1.819124e+02 4.676872e-05 9.982917e-01 -5.842616e-02 -1.644108e+01 -5.013131e-01 -5.053075e-02 -8.637892e-01 -3.175742e+00
-8.561114e-01 3.255949e-02 5.157647e-01 1.825544e+02 3.561865e-03 9.983614e-01 -5.711286e-02 -1.653684e+01 -5.167791e-01 -4.705788e-02 -8.548244e-01 -4.252484e+00
-8.457804e-01 3.547323e-02 5.323507e-01 1.832060e+02 6.694286e-03 9.984143e-01 -5.589378e-02 -1.662889e+01 -5.334893e-01 -4.371014e-02 -8.446766e-01 -5.312670e+00
-8.347783e-01 3.853858e-02 5.492358e-01 1.838767e+02 1.002387e-02 9.984457e-01 -5.482341e-02 -1.671309e+01 -5.504950e-01 -4.025992e-02 -8.338671e-01 -6.356535e+00
-8.235014e-01 4.043438e-02 5.658715e-01 1.845607e+02 1.185435e-02 9.984655e-01 -5.409403e-02 -1.678878e+01 -5.671904e-01 -3.783846e-02 -8.227169e-01 -7.384682e+00
-8.116733e-01 4.254831e-02 5.825600e-01 1.852717e+02 1.357688e-02 9.984482e-01 -5.400698e-02 -1.685989e+01 -5.839538e-01 -3.592667e-02 -8.109914e-01 -8.397022e+00
-7.989402e-01 4.453744e-02 5.997592e-01 1.860033e+02 1.539242e-02 9.984417e-01 -5.363892e-02 -1.693795e+01 -6.012135e-01 -3.362254e-02 -7.983807e-01 -9.390930e+00
-7.851375e-01 4.563178e-02 6.176382e-01 1.867509e+02 1.726200e-02 9.985068e-01 -5.182745e-02 -1.701685e+01 -6.190809e-01 -3.002999e-02 -7.847528e-01 -1.036879e+01
-7.698594e-01 4.679091e-02 6.364961e-01 1.875240e+02 1.954956e-02 9.985697e-01 -4.976242e-02 -1.709398e+01 -6.379141e-01 -2.586684e-02 -7.696729e-01 -1.132239e+01
-7.531570e-01 4.964898e-02 6.559647e-01 1.883161e+02 2.159436e-02 9.984764e-01 -5.077926e-02 -1.717484e+01 -6.574863e-01 -2.407961e-02 -7.530815e-01 -1.224512e+01
-7.357859e-01 5.257551e-02 6.751704e-01 1.891165e+02 2.279980e-02 9.983398e-01 -5.289401e-02 -1.725841e+01 -6.768303e-01 -2.352492e-02 -7.357630e-01 -1.313563e+01
-6.988036e-01 5.334505e-02 7.133217e-01 1.907892e+02 2.243061e-02 9.983591e-01 -5.268723e-02 -1.742978e+01 -7.149618e-01 -2.081778e-02 -6.988534e-01 -1.484446e+01
-6.788333e-01 5.270760e-02 7.323983e-01 1.916657e+02 2.088409e-02 9.984028e-01 -5.249414e-02 -1.751550e+01 -7.339954e-01 -2.033930e-02 -6.788498e-01 -1.565688e+01
-6.375578e-01 5.240607e-02 7.686181e-01 1.934648e+02 1.687597e-02 9.983943e-01 -5.407435e-02 -1.768808e+01 -7.702177e-01 -2.150434e-02 -6.374184e-01 -1.719672e+01
-5.936213e-01 5.189981e-02 8.030692e-01 1.953232e+02 1.617560e-02 9.984861e-01 -5.257214e-02 -1.783289e+01 -8.045819e-01 -1.821781e-02 -5.935621e-01 -1.864428e+01
-5.440034e-01 5.521021e-02 8.372647e-01 1.972261e+02 1.809848e-02 9.983728e-01 -5.407460e-02 -1.797620e+01 -8.388878e-01 -1.426354e-02 -5.441174e-01 -1.998080e+01
-5.171328e-01 5.632981e-02 8.540496e-01 1.982141e+02 1.860245e-02 9.983359e-01 -5.458249e-02 -1.804905e+01 -8.557030e-01 -1.233898e-02 -5.173201e-01 -2.060575e+01
-4.899252e-01 5.488205e-02 8.700352e-01 1.992336e+02 1.716191e-02 9.984301e-01 -5.331722e-02 -1.812215e+01 -8.715955e-01 -1.118999e-02 -4.900979e-01 -2.119040e+01
-4.618397e-01 5.266267e-02 8.853987e-01 2.002718e+02 1.614475e-02 9.985695e-01 -5.097259e-02 -1.819392e+01 -8.868165e-01 -9.246622e-03 -4.620292e-01 -2.174303e+01
-4.011809e-01 5.580592e-02 9.142974e-01 2.023713e+02 1.725580e-02 9.984257e-01 -5.336927e-02 -1.833982e+01 -9.158363e-01 -5.633802e-03 -4.015123e-01 -2.274978e+01
-3.691348e-01 5.748137e-02 9.275966e-01 2.034483e+02 1.897112e-02 9.983435e-01 -5.431593e-02 -1.840364e+01 -9.291822e-01 -2.452357e-03 -3.696138e-01 -2.320318e+01
-3.041173e-01 5.746240e-02 9.509000e-01 2.056382e+02 2.099531e-02 9.983409e-01 -5.361451e-02 -1.854755e+01 -9.524032e-01 3.659334e-03 -3.048191e-01 -2.399109e+01
-2.361937e-01 5.423640e-02 9.701912e-01 2.079046e+02 2.253868e-02 9.984782e-01 -5.033068e-02 -1.870354e+01 -9.714445e-01 9.979034e-03 -2.370567e-01 -2.461443e+01
-2.011242e-01 5.287146e-02 9.781379e-01 2.090532e+02 2.351278e-02 9.985152e-01 -4.913824e-02 -1.878448e+01 -9.792835e-01 1.311585e-02 -2.020688e-01 -2.486248e+01
-1.300221e-01 5.177117e-02 9.901586e-01 2.113358e+02 2.493802e-02 9.984907e-01 -4.893211e-02 -1.894167e+01 -9.911974e-01 1.833034e-02 -1.311169e-01 -2.522909e+01
-9.416868e-02 5.145834e-02 9.942255e-01 2.124889e+02 2.570050e-02 9.984561e-01 -4.924308e-02 -1.902022e+01 -9.952244e-01 2.091493e-02 -9.534579e-02 -2.534952e+01
-2.407939e-02 5.144077e-02 9.983857e-01 2.147979e+02 2.395692e-02 9.984182e-01 -5.086466e-02 -1.917493e+01 -9.994229e-01 2.269345e-02 -2.527366e-02 -2.546063e+01
4.275877e-02 5.033924e-02 9.978165e-01 2.171170e+02 2.152922e-02 9.984515e-01 -5.129387e-02 -1.932543e+01 -9.988534e-01 2.367547e-02 4.160879e-02 -2.540746e+01
1.081227e-01 4.825522e-02 9.929657e-01 2.194167e+02 2.335676e-02 9.984222e-01 -5.106369e-02 -1.948433e+01 -9.938631e-01 2.871360e-02 1.068250e-01 -2.519951e+01
1.699060e-01 4.654172e-02 9.843606e-01 2.217231e+02 2.572482e-02 9.983342e-01 -5.164266e-02 -1.964163e+01 -9.851244e-01 3.409688e-02 1.684257e-01 -2.484743e+01
2.299944e-01 4.534770e-02 9.721349e-01 2.240212e+02 2.968319e-02 9.981221e-01 -5.358260e-02 -1.979060e+01 -9.727391e-01 4.117974e-02 2.282164e-01 -2.436371e+01
2.602941e-01 4.364096e-02 9.645426e-01 2.251627e+02 3.222907e-02 9.980286e-01 -5.385347e-02 -1.986716e+01 -9.649913e-01 4.510404e-02 2.583745e-01 -2.406861e+01
3.199517e-01 4.092864e-02 9.465494e-01 2.274299e+02 3.704000e-02 9.977623e-01 -5.566331e-02 -2.002061e+01 -9.467095e-01 5.286975e-02 3.177197e-01 -2.337292e+01
3.485898e-01 4.031639e-02 9.364079e-01 2.285386e+02 3.749710e-02 9.976747e-01 -5.691297e-02 -2.009904e+01 -9.365250e-01 5.495185e-02 3.462675e-01 -2.297037e+01
4.047494e-01 3.726952e-02 9.136678e-01 2.307475e+02 3.819186e-02 9.976082e-01 -5.761231e-02 -2.025931e+01 -9.136297e-01 5.821321e-02 4.023579e-01 -2.205870e+01
4.330703e-01 3.808961e-02 9.005550e-01 2.318181e+02 3.921906e-02 9.973642e-01 -6.104439e-02 -2.034293e+01 -9.005065e-01 6.175542e-02 4.304350e-01 -2.155490e+01
4.612298e-01 3.877064e-02 8.864333e-01 2.328868e+02 4.053635e-02 9.970809e-01 -6.470205e-02 -2.042941e+01 -8.863542e-01 6.577526e-02 4.583118e-01 -2.101599e+01
4.885604e-01 3.771474e-02 8.717146e-01 2.339284e+02 4.145481e-02 9.969338e-01 -6.636608e-02 -2.052253e+01 -8.715447e-01 6.856058e-02 4.854989e-01 -2.044385e+01
5.151047e-01 3.453696e-02 8.564312e-01 2.349792e+02 4.224436e-02 9.969506e-01 -6.561171e-02 -2.060518e+01 -8.560856e-01 6.997627e-02 5.120749e-01 -1.983554e+01
5.402185e-01 3.236943e-02 8.409021e-01 2.360124e+02 4.156516e-02 9.970139e-01 -6.508135e-02 -2.068599e+01 -8.404977e-01 7.011036e-02 5.372598e-01 -1.919422e+01
5.633304e-01 3.210978e-02 8.256076e-01 2.370196e+02 3.971925e-02 9.970368e-01 -6.587839e-02 -2.076805e+01 -8.252764e-01 6.990380e-02 5.603857e-01 -1.852677e+01
5.843328e-01 3.215985e-02 8.108767e-01 2.380160e+02 3.840815e-02 9.969987e-01 -6.721919e-02 -2.086008e+01 -8.106047e-01 7.042263e-02 5.813438e-01 -1.782777e+01
6.037991e-01 3.082784e-02 7.965402e-01 2.389997e+02 3.739595e-02 9.970562e-01 -6.693539e-02 -2.095439e+01 -7.962589e-01 7.020289e-02 6.008688e-01 -1.710277e+01
6.220780e-01 2.821468e-02 7.824468e-01 2.399610e+02 3.691618e-02 9.971820e-01 -6.530786e-02 -2.104741e+01 -7.820845e-01 6.951151e-02 6.192834e-01 -1.635594e+01
6.391623e-01 2.490061e-02 7.686687e-01 2.409137e+02 3.780612e-02 9.972500e-01 -6.374188e-02 -2.113844e+01 -7.681420e-01 6.980177e-02 6.364632e-01 -1.558475e+01
6.552142e-01 2.252144e-02 7.551074e-01 2.418488e+02 3.840746e-02 9.972697e-01 -6.307058e-02 -2.122694e+01 -7.544662e-01 7.032648e-02 6.525602e-01 -1.479112e+01
6.705493e-01 2.011560e-02 7.415923e-01 2.427798e+02 4.002910e-02 9.971950e-01 -6.324320e-02 -2.130601e+01 -7.407843e-01 7.209293e-02 6.678632e-01 -1.398455e+01
6.855542e-01 1.965789e-02 7.277562e-01 2.436978e+02 3.973815e-02 9.971347e-01 -6.436802e-02 -2.139183e+01 -7.269363e-01 7.304743e-02 6.828086e-01 -1.315891e+01
7.005457e-01 1.820511e-02 7.133753e-01 2.445843e+02 4.015983e-02 9.970844e-01 -6.488286e-02 -2.148418e+01 -7.124766e-01 7.410242e-02 6.977721e-01 -1.230142e+01
7.294358e-01 1.271575e-02 6.839311e-01 2.463238e+02 3.969872e-02 9.973551e-01 -6.088302e-02 -2.166508e+01 -6.828963e-01 7.156143e-02 7.270017e-01 -1.051863e+01
7.568594e-01 1.001092e-02 6.535011e-01 2.479970e+02 4.109201e-02 9.971756e-01 -6.286679e-02 -2.183017e+01 -6.522847e-01 7.443498e-02 7.543103e-01 -8.674394e+00
7.809766e-01 8.669113e-03 6.245002e-01 2.496079e+02 4.051072e-02 9.970949e-01 -6.450254e-02 -2.200935e+01 -6.232451e-01 7.567391e-02 7.783565e-01 -6.749400e+00
8.025342e-01 3.050388e-03 5.965984e-01 2.511588e+02 4.208502e-02 9.972064e-01 -6.171075e-02 -2.219183e+01 -5.951200e-01 7.463283e-02 8.001638e-01 -4.750831e+00
8.124464e-01 2.352376e-03 5.830311e-01 2.519117e+02 4.226955e-02 9.971227e-01 -6.292520e-02 -2.228256e+01 -5.815016e-01 7.576780e-02 8.100093e-01 -3.727347e+00
8.300930e-01 -2.521415e-03 5.576193e-01 2.533816e+02 4.691222e-02 9.967605e-01 -6.532818e-02 -2.246494e+01 -5.556481e-01 8.038761e-02 8.275221e-01 -1.629795e+00
8.378877e-01 -6.169470e-03 5.458078e-01 2.540996e+02 4.894939e-02 9.967566e-01 -6.387712e-02 -2.255787e+01 -5.436434e-01 8.023880e-02 8.354720e-01 -5.569069e-01
8.448170e-01 -7.197428e-03 5.350070e-01 2.548065e+02 4.989954e-02 9.966115e-01 -6.538781e-02 -2.265094e+01 -5.327235e-01 8.193732e-02 8.423134e-01 5.340190e-01
8.504416e-01 -8.997077e-03 5.259926e-01 2.554974e+02 5.076607e-02 9.965909e-01 -6.503357e-02 -2.274419e+01 -5.236143e-01 8.200981e-02 8.479990e-01 1.628717e+00
8.573847e-01 -1.135724e-02 5.145508e-01 2.568640e+02 5.049887e-02 9.967888e-01 -6.214388e-02 -2.293222e+01 -5.121927e-01 7.926543e-02 8.552049e-01 3.862410e+00
8.600172e-01 -1.211744e-02 5.101212e-01 2.575400e+02 5.047970e-02 9.968343e-01 -6.142525e-02 -2.302562e+01 -5.077620e-01 7.857752e-02 8.579063e-01 4.989321e+00
8.624972e-01 -1.352007e-02 5.058813e-01 2.582139e+02 5.180622e-02 9.967501e-01 -6.168755e-02 -2.311631e+01 -5.034032e-01 7.941312e-02 8.603945e-01 6.122792e+00
8.646826e-01 -1.557921e-02 5.020770e-01 2.588844e+02 5.255451e-02 9.968392e-01 -5.957852e-02 -2.320738e+01 -4.995618e-01 7.790290e-02 8.627682e-01 7.263272e+00
8.667994e-01 -1.776168e-02 4.983406e-01 2.595538e+02 5.415000e-02 9.968083e-01 -5.865907e-02 -2.329792e+01 -4.957082e-01 7.783077e-02 8.649946e-01 8.410914e+00
8.690764e-01 -1.913789e-02 4.943076e-01 2.602177e+02 5.558421e-02 9.967011e-01 -5.913761e-02 -2.338751e+01 -4.915451e-01 7.887078e-02 8.672731e-01 9.561299e+00
8.712172e-01 -2.014540e-02 4.904842e-01 2.608776e+02 5.633959e-02 9.966587e-01 -5.913732e-02 -2.347785e+01 -4.876540e-01 7.915511e-02 8.694412e-01 1.071832e+01
8.733381e-01 -1.981769e-02 4.867114e-01 2.615318e+02 5.532408e-02 9.967422e-01 -5.868670e-02 -2.356959e+01 -4.839627e-01 7.818017e-02 8.715892e-01 1.188297e+01
8.754505e-01 -2.043746e-02 4.828756e-01 2.621825e+02 5.556316e-02 9.967370e-01 -5.854927e-02 -2.366098e+01 -4.801034e-01 7.808706e-02 8.737294e-01 1.305063e+01
8.773528e-01 -2.026634e-02 4.794177e-01 2.628287e+02 5.501302e-02 9.967681e-01 -5.853973e-02 -2.375316e+01 -4.766819e-01 7.773419e-02 8.756322e-01 1.422261e+01
8.786943e-01 -1.898258e-02 4.770074e-01 2.634683e+02 5.327962e-02 9.968660e-01 -5.847584e-02 -2.384485e+01 -4.744024e-01 7.679714e-02 8.769518e-01 1.539509e+01
8.795538e-01 -1.713225e-02 4.754911e-01 2.641063e+02 5.081091e-02 9.970188e-01 -5.806577e-02 -2.393728e+01 -4.730787e-01 7.523208e-02 8.778021e-01 1.657248e+01
8.800517e-01 -1.679953e-02 4.745807e-01 2.647416e+02 5.024747e-02 9.970580e-01 -5.788325e-02 -2.402944e+01 -4.722120e-01 7.478671e-02 8.783067e-01 1.774592e+01
8.806470e-01 -1.513616e-02 4.735313e-01 2.653736e+02 4.889292e-02 9.970565e-01 -5.905794e-02 -2.412178e+01 -4.712435e-01 7.516151e-02 8.787947e-01 1.891696e+01
8.816651e-01 -1.175852e-02 4.717293e-01 2.666376e+02 4.673882e-02 9.969496e-01 -6.250476e-02 -2.431116e+01 -4.695554e-01 7.715631e-02 8.795252e-01 2.126615e+01
8.818460e-01 -9.433519e-03 4.714433e-01 2.678947e+02 4.355353e-02 9.971554e-01 -6.151497e-02 -2.450560e+01 -4.695219e-01 7.477973e-02 8.797483e-01 2.361274e+01
8.821088e-01 -1.426371e-02 4.708297e-01 2.691617e+02 4.748292e-02 9.971427e-01 -5.875191e-02 -2.469678e+01 -4.686464e-01 7.418193e-02 8.802656e-01 2.595922e+01
8.824070e-01 -1.733486e-02 4.701674e-01 2.703750e+02 5.118227e-02 9.969271e-01 -5.930228e-02 -2.488855e+01 -4.676946e-01 7.639297e-02 8.805826e-01 2.833421e+01
8.826342e-01 -1.769649e-02 4.697274e-01 2.709762e+02 5.275372e-02 9.967073e-01 -6.157617e-02 -2.498198e+01 -4.670910e-01 7.912908e-02 8.806614e-01 2.952576e+01
8.828171e-01 -1.795764e-02 4.693737e-01 2.722195e+02 5.217744e-02 9.968337e-01 -5.999987e-02 -2.515485e+01 -4.668100e-01 7.745961e-02 8.809587e-01 3.191781e+01
8.828801e-01 -1.867902e-02 4.692270e-01 2.728429e+02 5.202131e-02 9.969489e-01 -5.819475e-02 -2.524066e+01 -4.667083e-01 7.578877e-02 8.811580e-01 3.312009e+01
8.828738e-01 -1.899195e-02 4.692262e-01 2.734771e+02 5.173659e-02 9.970333e-01 -5.699015e-02 -2.532468e+01 -4.667518e-01 7.459126e-02 8.812371e-01 3.431742e+01
8.829195e-01 -1.886100e-02 4.691454e-01 2.741247e+02 5.174333e-02 9.970154e-01 -5.729672e-02 -2.539916e+01 -4.666645e-01 7.486353e-02 8.812602e-01 3.550224e+01
8.829802e-01 -1.872236e-02 4.690367e-01 2.747717e+02 5.183910e-02 9.969818e-01 -5.779301e-02 -2.547556e+01 -4.665390e-01 7.534451e-02 8.812857e-01 3.669434e+01
8.831713e-01 -1.727388e-02 4.687325e-01 2.760505e+02 5.078890e-02 9.969678e-01 -5.895430e-02 -2.564312e+01 -4.662929e-01 7.587314e-02 8.813706e-01 3.906005e+01
8.832902e-01 -1.591472e-02 4.685565e-01 2.766804e+02 4.944939e-02 9.970114e-01 -5.935466e-02 -2.573958e+01 -4.662115e-01 7.559720e-02 8.814373e-01 4.025886e+01
8.833160e-01 -1.717209e-02 4.684635e-01 2.773332e+02 4.849503e-02 9.973144e-01 -5.488254e-02 -2.581772e+01 -4.662629e-01 7.119676e-02 8.817765e-01 4.146026e+01
8.833949e-01 -1.996735e-02 4.682038e-01 2.779897e+02 4.854712e-02 9.976157e-01 -4.905241e-02 -2.589095e+01 -4.661080e-01 6.606258e-02 8.822579e-01 4.266533e+01
8.835419e-01 -2.080835e-02 4.678897e-01 2.786412e+02 4.837570e-02 9.977238e-01 -4.697897e-02 -2.596207e+01 -4.658471e-01 6.414237e-02 8.825373e-01 4.386931e+01
8.837829e-01 -2.005834e-02 4.674671e-01 2.792787e+02 4.788040e-02 9.977129e-01 -4.771120e-02 -2.603112e+01 -4.654410e-01 6.454884e-02 8.827220e-01 4.507929e+01
8.840439e-01 -1.962083e-02 4.669920e-01 2.799126e+02 4.760399e-02 9.977027e-01 -4.819839e-02 -2.608758e+01 -4.649735e-01 6.484016e-02 8.829470e-01 4.630183e+01
8.844652e-01 -2.000550e-02 4.661772e-01 2.805375e+02 4.669350e-02 9.978602e-01 -4.576819e-02 -2.614117e+01 -4.642640e-01 6.224780e-02 8.835067e-01 4.751695e+01
8.851486e-01 -2.172738e-02 4.648010e-01 2.811555e+02 4.723304e-02 9.979450e-01 -4.329922e-02 -2.620061e+01 -4.629051e-01 6.028020e-02 8.843558e-01 4.873888e+01
8.859643e-01 -2.256063e-02 4.632045e-01 2.817758e+02 4.796379e-02 9.979172e-01 -4.313548e-02 -2.626818e+01 -4.612666e-01 6.043353e-02 8.852010e-01 4.994990e+01
8.882337e-01 -2.253104e-02 4.588391e-01 2.829719e+02 4.799828e-02 9.978815e-01 -4.391601e-02 -2.643327e+01 -4.568776e-01 6.103115e-02 8.874334e-01 5.234355e+01
8.896842e-01 -2.297630e-02 4.559980e-01 2.835631e+02 4.761079e-02 9.979568e-01 -4.260810e-02 -2.652407e+01 -4.540873e-01 5.961816e-02 8.889602e-01 5.353272e+01
8.910715e-01 -2.358221e-02 4.532500e-01 2.841668e+02 4.695450e-02 9.980804e-01 -4.038139e-02 -2.660443e+01 -4.514277e-01 5.726482e-02 8.904682e-01 5.471160e+01
8.923803e-01 -2.533091e-02 4.505728e-01 2.847651e+02 4.718236e-02 9.981885e-01 -3.732933e-02 -2.668221e+01 -4.488110e-01 5.457103e-02 8.919588e-01 5.588580e+01
8.937322e-01 -2.758897e-02 4.477518e-01 2.853565e+02 4.837207e-02 9.982143e-01 -3.504613e-02 -2.675282e+01 -4.459854e-01 5.298053e-02 8.934708e-01 5.705677e+01
8.951369e-01 -2.863093e-02 4.448711e-01 2.859400e+02 4.942895e-02 9.981565e-01 -3.521814e-02 -2.681824e+01 -4.430426e-01 5.351455e-02 8.949019e-01 5.822462e+01
8.965490e-01 -2.922661e-02 4.419794e-01 2.865120e+02 5.020654e-02 9.980955e-01 -3.584256e-02 -2.688396e+01 -4.400900e-01 5.432486e-02 8.963088e-01 5.938303e+01
8.979296e-01 -2.825816e-02 4.392312e-01 2.870756e+02 4.972088e-02 9.980613e-01 -3.743464e-02 -2.695456e+01 -4.373218e-01 5.545262e-02 8.975937e-01 6.053646e+01
8.998586e-01 -2.744439e-02 4.353176e-01 2.881771e+02 4.789099e-02 9.982012e-01 -3.606582e-02 -2.709889e+01 -4.335448e-01 5.330191e-02 8.995542e-01 6.282951e+01
9.002990e-01 -2.617090e-02 4.344847e-01 2.887120e+02 4.737827e-02 9.981520e-01 -3.804983e-02 -2.718433e+01 -4.326859e-01 5.484135e-02 8.998751e-01 6.395491e+01
9.004747e-01 -2.031906e-02 4.344336e-01 2.897689e+02 4.569844e-02 9.977988e-01 -4.805324e-02 -2.735745e+01 -4.325009e-01 6.312365e-02 8.994211e-01 6.618529e+01
8.997096e-01 -1.748636e-02 4.361387e-01 2.902939e+02 4.313559e-02 9.978680e-01 -4.897622e-02 -2.744639e+01 -4.343524e-01 6.287746e-02 8.985457e-01 6.728910e+01
8.953256e-01 -8.339108e-03 4.453343e-01 2.913402e+02 3.396951e-02 9.981912e-01 -4.960260e-02 -2.765073e+01 -4.441151e-01 5.953825e-02 8.939893e-01 6.947439e+01
8.916821e-01 -5.157048e-03 4.526329e-01 2.918711e+02 3.092781e-02 9.982925e-01 -4.955348e-02 -2.775392e+01 -4.516044e-01 5.818488e-02 8.903190e-01 7.055982e+01
8.824717e-01 -2.404826e-03 4.703594e-01 2.929650e+02 2.883561e-02 9.983826e-01 -4.899587e-02 -2.794039e+01 -4.694808e-01 5.680056e-02 8.811137e-01 7.269948e+01
8.703099e-01 -4.029010e-03 4.924880e-01 2.941300e+02 3.098748e-02 9.984332e-01 -4.659202e-02 -2.808563e+01 -4.915287e-01 5.581045e-02 8.690711e-01 7.479825e+01
8.631432e-01 -2.886490e-03 5.049511e-01 2.947341e+02 2.996174e-02 9.985146e-01 -4.550751e-02 -2.815544e+01 -5.040696e-01 5.440869e-02 8.619474e-01 7.583600e+01
8.462370e-01 3.015126e-04 5.328066e-01 2.959714e+02 2.749574e-02 9.986427e-01 -4.423560e-02 -2.830366e+01 -5.320967e-01 5.208370e-02 8.450800e-01 7.788702e+01
8.359234e-01 4.234362e-03 5.488299e-01 2.966105e+02 2.583621e-02 9.985581e-01 -4.705528e-02 -2.838466e+01 -5.482378e-01 5.351428e-02 8.346086e-01 7.889731e+01
8.243849e-01 6.865350e-03 5.659880e-01 2.972617e+02 2.477404e-02 9.985306e-01 -4.819645e-02 -2.846592e+01 -5.654872e-01 5.375423e-02 8.230034e-01 7.989280e+01
7.977762e-01 1.066194e-02 6.028595e-01 2.986448e+02 2.210333e-02 9.986544e-01 -4.691161e-02 -2.862837e+01 -6.025485e-01 5.075015e-02 7.964670e-01 8.183689e+01
7.670636e-01 1.451887e-02 6.414068e-01 3.001134e+02 1.738000e-02 9.989067e-01 -4.339611e-02 -2.877963e+01 -6.413356e-01 4.443522e-02 7.659726e-01 8.368846e+01
