9.983180887724854013e-01 1.176637957174314544e-03 -5.796213550905088968e-02 7.270727000000000162e-01 -1.466241855033600418e-03 9.999866531430411376e-01 -4.954156901184570035e-03 1.859976000000000129e-01 5.795553264766348939e-02 5.030810958160099149e-03 9.983064895995762411e-01 -8.771877000000000146e-01
9.999808880603928696e-01 -4.292781548184161980e-03 4.449217968109077381e-03 7.265975999999999546e-01 4.362110393358152247e-03 9.998673658168184541e-01 -1.569148710138006803e-02 1.847343999999999931e-01 -4.381267723425705946e-03 1.571059518656724163e-02 9.998669819991155006e-01 -8.229282999999999459e-01
9.993130977928019743e-01 -7.988851078447706602e-03 3.618716399775333964e-02 7.277664999999999829e-01 8.673538241033897436e-03 9.997855776626687341e-01 -1.880341543723309736e-02 1.839570000000000094e-01 -3.602918697577330714e-02 1.910437008043547671e-02 9.991681143479782534e-01 -7.959159999999999568e-01
9.945178651493414845e-01 -4.116650352886750547e-03 1.044857362928950095e-01 7.323743000000000336e-01 5.317836757298672820e-03 9.999229109125633563e-01 -1.122019805389782438e-02 1.822734000000000021e-01 -1.044314919505560102e-01 1.171432550418703353e-02 9.944630903492411855e-01 -7.421286000000000271e-01
9.900120130963677711e-01 -2.823829180287312345e-03 1.409547442040813003e-01 7.361052000000000151e-01 4.048879783581505257e-03 9.999564798071599592e-01 -8.405061818398651061e-03 1.814697000000000116e-01 -1.409248753676069221e-01 8.891820985240073486e-03 9.899803609275241723e-01 -7.155169000000000112e-01
9.767432049189853638e-01 5.742322975270879037e-03 2.143355718760572570e-01 7.460445999999999467e-01 -1.028750543452215671e-03 9.997553104783668543e-01 -2.209662514103840833e-02 1.801912999999999987e-01 -2.144100121657292746e-01 2.136223062210264659e-02 9.765101135092968399e-01 -6.637083000000000288e-01
9.684168409848943337e-01 7.257535677515622452e-03 2.492311181869700520e-01 7.526469000000000076e-01 -1.123257792478950853e-03 9.996931344851502921e-01 -2.474621496687451350e-02 1.793571999999999944e-01 -2.493342342895766006e-01 2.368470052892197170e-02 9.681278193359004192e-01 -6.381546000000000163e-01
9.481253159103490979e-01 5.162456155474102505e-03 3.178548951586925853e-01 7.685752999999999613e-01 2.043511853299173966e-03 9.997484982744740956e-01 -2.233303063265640667e-02 1.774955000000000005e-01 -3.178902473955532715e-01 2.182405196970881381e-02 9.478763112170370819e-01 -5.879957999999999574e-01
9.228650158486461086e-01 7.155224990432956095e-03 3.850570935303159747e-01 7.878671999999999898e-01 4.272793903571547869e-03 9.995756309259727912e-01 -2.881494909246052130e-02 1.756295999999999968e-01 -3.850998646519313007e-01 2.823757805265482076e-02 9.224428076747004379e-01 -5.395130999999999677e-01
8.928173071665682636e-01 1.042058462158554182e-02 4.502984204280335856e-01 8.104384000000000032e-01 4.533407097975608244e-03 9.994738083405948492e-01 -3.211782466531509783e-02 1.736058000000000046e-01 -4.503961636647472178e-01 3.071673578511026348e-02 8.923002733938760755e-01 -4.923265000000000002e-01
8.759679298909838208e-01 1.519248224620907764e-02 4.821300387713909896e-01 8.228744000000000058e-01 3.926054063028170359e-03 9.992462354581609363e-01 -3.862055181102135026e-02 1.722826000000000080e-01 -4.823533682913374032e-01 3.572323341877420289e-02 8.752480098189936442e-01 -4.692898999999999821e-01
8.577950151427623515e-01 2.168401191811204776e-02 5.135343373362322161e-01 8.363460000000000338e-01 3.884789659799107314e-03 9.988076627228491544e-01 -4.866375751437901354e-02 1.710237000000000007e-01 -5.139772567006510862e-01 4.373850149758604089e-02 8.566879963447711077e-01 -4.467718999999999996e-01
8.385071371420128594e-01 2.823437134264135395e-02 5.441586177180249839e-01 8.508297999999999695e-01 3.599337012981691439e-03 9.983478258491829127e-01 -5.734686909742081617e-02 1.696199999999999930e-01 -5.448787257133212991e-01 5.004436928462153988e-02 8.370201523069392691e-01 -4.245368999999999948e-01
8.177622365737673427e-01 3.288332092631768289e-02 5.746160558483609515e-01 8.659411999999999665e-01 2.489938838335523097e-03 9.981551036115127173e-01 -6.066456411177539865e-02 1.679462999999999928e-01 -5.755508010927020690e-01 5.103994846340616232e-02 8.161716725189632760e-01 -4.027131999999999934e-01
7.959784478566046539e-01 3.432000538014669255e-02 6.043512619152021648e-01 8.820729000000000486e-01 1.391188427815440859e-03 9.982850855850095018e-01 -5.852309367496441594e-02 1.662261999999999906e-01 -6.053233641142136134e-01 4.742388774907693727e-02 7.945656673480261389e-01 -3.813501000000000252e-01
7.729980615234730568e-01 3.624490104891822662e-02 6.333721686567125309e-01 8.992175000000000029e-01 -2.306420649448848864e-03 9.985206020345336331e-01 -5.432575573685430315e-02 1.644741999999999871e-01 -6.344041908001086805e-01 4.053288122681003580e-02 7.719380857521622730e-01 -3.602155000000000218e-01
7.485949735156851581e-01 3.929912598304649562e-02 6.618618770740759549e-01 9.170042000000000471e-01 -5.005379063253784927e-03 9.985483776748471652e-01 -5.362913036181028714e-02 1.628043000000000129e-01 -6.630086815475976225e-01 3.683362784059616979e-02 7.477050033620322722e-01 -3.397226999999999886e-01
7.224413480324001213e-01 4.521475546313104277e-02 6.899522625091809580e-01 9.353797000000000361e-01 -1.123148656859964539e-02 9.984953352548088246e-01 -5.367419476663216199e-02 1.609630999999999978e-01 -6.913409812549722311e-01 3.102726805241253633e-02 7.218621449242340615e-01 -3.194893999999999790e-01
6.956644440779738980e-01 4.942337817519928955e-02 7.166647130530668930e-01 9.550992000000000370e-01 -1.500776782632871550e-02 9.984126617995405795e-01 -5.428557509345519061e-02 1.593641000000000085e-01 -7.182101002844184512e-01 2.700900679601868359e-02 6.953019239160337372e-01 -3.000516999999999768e-01
6.392455756600976535e-01 5.086590120010410498e-02 7.673185479930036967e-01 9.966848000000000374e-01 -1.603239557921981931e-02 9.984746593734202813e-01 -5.283291475135414028e-02 1.559235999999999955e-01 -7.688355196600776820e-01 2.147125250733383436e-02 6.390860106627154202e-01 -2.632534999999999736e-01
6.104884722476300318e-01 5.058932963616927236e-02 7.904078345890288571e-01 1.018844599999999989e+00 -1.446373188824614728e-02 9.985036883286640963e-01 -5.273694012662241692e-02 1.541420000000000012e-01 -7.918930645690864800e-01 2.076304700705153272e-02 6.103067017216535772e-01 -2.461452000000000084e-01
5.533791002602843623e-01 4.462322469761162425e-02 8.317333341959456394e-01 1.065772100000000000e+00 -1.570352470741158413e-03 9.986180103193091906e-01 -5.253192799642765476e-02 1.506792000000000131e-01 -8.329280313377835920e-01 2.776395655324878642e-02 5.526844102453709606e-01 -2.141426999999999914e-01
4.963874648732335970e-01 5.168136452852246931e-02 8.665613199752191242e-01 1.114716400000000052e+00 2.956879755460849191e-03 9.981198411823043459e-01 -6.122123406403475604e-02 1.470769000000000104e-01 -8.680960439829430442e-01 3.295177079735720632e-02 4.953013620236496051e-01 -1.846956999999999904e-01
4.492642327034350180e-01 4.987713718317343670e-02 8.920055607448895696e-01 1.166517500000000096e+00 1.407323563526352919e-02 9.979213883875822644e-01 -6.288757140607662000e-02 1.431347000000000036e-01 -8.932880796541216029e-01 4.080654095866170783e-02 4.476284541479025325e-01 -1.587498999999999993e-01
4.116047872905871929e-01 4.516167958168436358e-02 9.102427817768354856e-01 1.219687299999999919e+00 1.623696705378553998e-02 9.982495291992815600e-01 -5.687036446433951786e-02 1.391907000000000005e-01 -9.112177895434026009e-01 3.818769632713921169e-02 4.101509964255376506e-01 -1.336284000000000083e-01
3.834861560341904507e-01 5.047579927284705226e-02 9.221662332887100577e-01 1.274232599999999938e+00 2.229471663735480350e-02 9.977083906981035755e-01 -6.388202204580184507e-02 1.353849000000000025e-01 -9.232774846925383416e-01 4.505730593774457532e-02 3.814820119500418327e-01 -1.108698999999999935e-01
3.644063782157543341e-01 5.466623964269443775e-02 9.296341182201761644e-01 1.329708700000000077e+00 3.253080581517669295e-02 9.969189616605008686e-01 -7.137457919150147490e-02 1.309240999999999877e-01 -9.306716597107125288e-01 5.625109887883216614e-02 3.615052913668511669e-01 -8.897320000000000229e-02
3.558179341067616019e-01 6.189643178776776944e-02 9.325033133989060197e-01 1.385551699999999942e+00 3.872308089834830547e-02 9.959709633026275766e-01 -8.088487660728800599e-02 1.263273000000000035e-01 -9.337527085763854817e-01 6.488969093760922624e-02 3.519875100572253945e-01 -6.762630000000000030e-02
3.506082921107926964e-01 6.716232894593431035e-02 9.341108323286433368e-01 1.441780400000000073e+00 4.190694345150033917e-02 9.953009870089374322e-01 -8.729119858031338108e-02 1.206813999999999942e-01 -9.355841135855746948e-01 6.975074787837810819e-02 3.461462112701815252e-01 -4.626709999999999851e-02
3.463950966073741089e-01 7.342261932037104366e-02 9.352109687223004730e-01 1.499523900000000021e+00 4.424724756091250044e-02 9.945439490645593406e-01 -9.446964836578222724e-02 1.151041000000000009e-01 -9.370446190708590084e-01 7.410433422686621419e-02 3.412563985028582714e-01 -2.510700000000000084e-02
3.427788891646180724e-01 7.210498458386183085e-02 9.366448122640893548e-01 1.557850200000000074e+00 4.737928024335206351e-02 9.944541429534888843e-01 -9.389441605475702668e-02 1.086508999999999947e-01 -9.382205694540555196e-01 7.656258068275227646e-02 3.374616041752078743e-01 -4.174299999999999712e-03
3.387378167048475386e-01 7.358117994957277808e-02 9.379992012210146557e-01 1.616487299999999960e+00 4.645728654017899917e-02 9.944132889887306037e-01 -9.478360200973078020e-02 1.024203999999999948e-01 -9.397331600307380350e-01 7.568368806978111041e-02 3.334270044534474176e-01 1.661560000000000120e-02
3.362895665154016500e-01 7.635372555010275231e-02 9.386583169862733333e-01 1.645282700000000098e+00 4.532997839950792668e-02 9.942403325320888774e-01 -9.711515960333641506e-02 9.933609999999999662e-02 -9.406670614575508571e-01 7.520817615858627070e-02 3.308915377094368004e-01 2.690599999999999936e-02
3.315744449255582094e-01 8.347645800496472646e-02 9.397287206589216568e-01 1.704623299999999952e+00 4.237150436103419987e-02 9.937550221457165378e-01 -1.032260218082114711e-01 9.290529999999999622e-02 -9.424770782838652883e-01 7.404483046851986772e-02 3.259667467555507070e-01 4.765370000000000023e-02
3.268423103513816153e-01 9.197766222037859207e-02 9.405924802041770727e-01 1.763812300000000111e+00 3.689475069018086778e-02 9.932523963826150881e-01 -1.099475077102784748e-01 8.575370000000000215e-02 -9.443584497084148710e-01 7.063842249559573738e-02 3.212434150790536291e-01 6.837959999999999872e-02
3.216080363526373498e-01 8.847367318580155737e-02 9.427304387291273180e-01 1.824088500000000002e+00 3.282344305607597101e-02 9.939850400478138504e-01 -1.044813942627607489e-01 7.855429999999999358e-02 -9.463038056244650331e-01 6.454571491708722963e-02 3.167695663198989431e-01 8.890030000000000154e-02
3.171661129959643111e-01 8.835966327667794940e-02 9.442447917106364663e-01 1.884341800000000067e+00 3.162683288145221039e-02 9.941109473269719166e-01 -1.036492539604560725e-01 7.180759999999999921e-02 -9.478424975748449555e-01 6.273750322018337156e-02 3.125037687465186398e-01 1.095116000000000006e-01
3.156717355936413671e-01 9.266750256355020532e-02 9.443326158276715843e-01 1.946023700000000023e+00 3.382744422927343175e-02 9.934880403849561947e-01 -1.087989780695347852e-01 6.460730000000000639e-02 -9.482652895494033674e-01 6.628912113381904558e-02 3.104813892250102292e-01 1.295387000000000066e-01
3.154508626143915362e-01 9.361269742267924743e-02 9.443131981271287723e-01 1.976708399999999921e+00 3.306958928012534993e-02 9.934333252817213467e-01 -1.095291307577369311e-01 6.093169999999999836e-02 -9.483655178994435664e-01 6.577910839279837996e-02 3.102836659548298126e-01 1.396660999999999875e-01
3.158621866600360151e-01 9.466550226972628157e-02 9.440707186002335050e-01 2.039391999999999872e+00 2.609969375895821592e-02 9.937667549613720119e-01 -1.083810071886820575e-01 5.336749999999999827e-02 -9.484460369594198692e-01 5.887341856529991480e-02 3.114225996333693791e-01 1.604627999999999888e-01
3.154615585396434718e-01 9.739281274687283663e-02 9.439272456651474075e-01 2.070414800000000000e+00 2.221557680852236788e-02 9.936886424491916392e-01 -1.099515803185530660e-01 4.960320000000000007e-02 -9.486782769889924305e-01 5.565538511891857804e-02 3.113069303379882857e-01 1.711702999999999975e-01
3.150317460253025392e-01 9.945997195161331017e-02 9.438552394173768123e-01 2.101555799999999863e+00 1.824991845271392576e-02 9.936750262807451106e-01 -1.108010948611512503e-01 4.598759999999999654e-02 -9.489056536203789305e-01 5.213114352615755287e-02 3.112240421335353835e-01 1.817731999999999959e-01
3.146805629477886224e-01 1.002598811686529201e-01 9.438877579092286307e-01 2.133001300000000100e+00 1.492445961330143150e-02 9.937603929473686204e-01 -1.105329901628573502e-01 4.207330000000000098e-02 -9.490802936570297277e-01 4.886959829115626597e-02 3.112207553405575977e-01 1.924556000000000044e-01
3.145443003431623308e-01 9.534191163414058867e-02 9.444425885185281366e-01 2.164399099999999798e+00 1.518399154471722357e-02 9.943104697564796313e-01 -1.054330884182899802e-01 3.833679999999999727e-02 -9.491213460471743524e-01 4.750378530808595234e-02 3.113070202533230191e-01 2.029004000000000085e-01
3.142994693174692156e-01 8.574887886542928439e-02 9.454432681869806565e-01 2.196564700000000148e+00 1.860320941528661315e-02 9.951646594654152134e-01 -9.644283877269031746e-02 3.479299999999999754e-02 -9.491415933285234363e-01 4.790021215408220290e-02 3.111845200028203751e-01 2.135473999999999983e-01
3.146009396059623042e-01 7.808569226464873170e-02 9.460068041312368337e-01 2.228404799999999852e+00 2.426091167007069643e-02 9.956236582658718470e-01 -9.024931726179226399e-02 3.120739999999999972e-02 -9.489139354883469046e-01 5.134350752367024262e-02 3.113297083016398625e-01 2.238548999999999956e-01
3.157549707547566142e-01 7.666996476538391614e-02 9.457380794630921850e-01 2.260415099999999899e+00 3.253980423257661625e-02 9.952687350350929441e-01 -9.154947406813226940e-02 2.795250000000000165e-02 -9.482826369728430960e-01 5.968133346801846734e-02 3.117662246801452541e-01 2.339575999999999878e-01
3.167465726166348583e-01 7.931750817871296988e-02 9.451879927463820996e-01 2.292178900000000130e+00 3.786021828787667493e-02 9.946460379772649185e-01 -9.615541070227656695e-02 2.449880000000000113e-02 -9.477542997036781935e-01 6.624192050694902023e-02 3.120477453223173825e-01 2.443286000000000069e-01
3.181873030282096337e-01 8.339118817554613816e-02 9.443530854115448347e-01 2.324152199999999890e+00 4.160115601572210442e-02 9.939360326110053823e-01 -1.017865752231102566e-01 2.124530000000000168e-02 -9.471146625460876711e-01 7.167337589485363314e-02 3.127886557694270486e-01 2.544758999999999771e-01
3.187859069943624335e-01 8.724987324965649549e-02 9.438024184752340506e-01 2.355963899999999889e+00 4.244372938063232376e-02 9.934412064318450808e-01 -1.061748520107463345e-01 1.769789999999999905e-02 -9.468759556235681885e-01 7.390554093678711189e-02 3.129918460292464566e-01 2.650624999999999787e-01
3.188847060987924920e-01 8.564582231632655862e-02 9.439159588311064608e-01 2.388198099999999879e+00 3.958076559269840811e-02 9.938366981567753333e-01 -1.035469960546149815e-01 1.396840000000000061e-02 -9.469666874876764284e-01 7.038046970998990126e-02 3.135293961848212296e-01 2.758210999999999857e-01
3.188683752160491602e-01 8.184426448877374360e-02 9.442586910679552359e-01 2.420440399999999936e+00 3.840807224947532378e-02 9.943305445013173038e-01 -9.915436580298837843e-02 1.029560000000000024e-02 -9.470204745796976242e-01 6.788434754790971526e-02 3.139170847291344879e-01 2.868825999999999876e-01
3.187200753200726822e-01 8.089965246653547937e-02 9.443901523304660817e-01 2.452878999999999809e+00 3.602334197948169059e-02 9.945972746465308045e-01 -9.735799966270221317e-02 6.660799999999999707e-03 -9.471641000484531947e-01 6.505003840496324796e-02 3.140838424416581010e-01 2.978945000000000065e-01
3.188598690320589846e-01 8.228191388349126445e-02 9.442235278621941008e-01 2.485380399999999934e+00 3.437315246976635486e-02 9.945653427954767034e-01 -9.827647378394296918e-02 3.126799999999999892e-03 -9.471783730164810011e-01 6.379236284842851323e-02 3.142986861761690731e-01 3.089345000000000008e-01
3.189092982947219213e-01 8.688049947364562264e-02 9.437948072925480547e-01 2.517691099999999960e+00 3.493005981689130401e-02 9.940358558398885158e-01 -1.033083163440812746e-01 -4.700999999999999884e-04 -9.471413571280459243e-01 6.591279174690020670e-02 3.139725362221563731e-01 3.199231000000000158e-01
3.197524200176466991e-01 8.959271292386410124e-02 9.432558166710662828e-01 2.550251199999999940e+00 3.429599762324982148e-02 9.937727152129113284e-01 -1.060168620804438772e-01 -4.165000000000000299e-03 -9.468802323630398643e-01 6.624904745956645968e-02 3.146885591673386218e-01 3.308073999999999737e-01
3.198109703871154230e-01 8.846117422780433448e-02 9.433427605458633014e-01 2.582752499999999785e+00 3.450907234926672840e-02 9.938838691753625332e-01 -1.048998499455736089e-01 -7.859599999999999573e-03 -9.468527167123961252e-01 6.610200637839089288e-02 3.148022515915451791e-01 3.419140999999999986e-01
3.208968453238857377e-01 8.023351768547098972e-02 9.437095937315642669e-01 2.648790400000000211e+00 3.540247270579558597e-02 9.946928653965819711e-01 -9.660625474291391346e-02 -1.509450000000000028e-02 -9.464522595395366000e-01 6.441029551983591672e-02 3.163533376519898077e-01 3.634079000000000059e-01
3.212026133654360960e-01 8.746625287639019086e-02 9.429626375286445095e-01 2.714769400000000221e+00 3.267891475852331695e-02 9.941089194157248787e-01 -1.033418834176392659e-01 -2.220820000000000086e-02 -9.464464959507322694e-01 6.400867867612285156e-02 3.164520806642255879e-01 3.862646000000000135e-01
3.213497647218259701e-01 8.471617539443833389e-02 9.431635586364464086e-01 2.781561899999999810e+00 3.060084374401568150e-02 9.945411514519537644e-01 -9.975713724228631174e-02 -2.963290000000000021e-02 -9.464660147492782727e-01 6.091853326501527055e-02 3.170031785794233947e-01 4.089488000000000012e-01
3.234908091146950215e-01 8.328551835952963112e-02 9.425588675779907888e-01 2.848271099999999834e+00 3.282809763686503346e-02 9.945313763681195018e-01 -9.914462882515780173e-02 -3.679249999999999882e-02 -9.456616796845815909e-01 6.301479073136963260e-02 3.189876545028307309e-01 4.313551999999999942e-01
3.251669408585584065e-01 8.185153840564617089e-02 9.421076298562260920e-01 2.915238899999999855e+00 3.505138666656484880e-02 9.945192545775888293e-01 -9.850305866920072706e-02 -4.417259999999999937e-02 -9.450068046662085663e-01 6.505211706828661899e-02 3.205157737140189589e-01 4.543086000000000069e-01
3.273389736445700415e-01 8.034920596508421387e-02 9.414845731259221528e-01 2.983354799999999862e+00 3.578315101645616891e-02 9.946092477902300777e-01 -9.732425346996612103e-02 -5.165279999999999871e-02 -9.442291895703357474e-01 6.554730590141133462e-02 3.226992225779508061e-01 4.777780999999999834e-01
3.299655713110323796e-01 7.895782736371356747e-02 9.406850606060385145e-01 3.051944000000000212e+00 3.502360774737175303e-02 9.947857787644888150e-01 -9.578413891813061798e-02 -5.905570000000000264e-02 -9.433430280919780087e-01 6.455165269713478149e-02 3.254796698479434092e-01 5.013168000000000069e-01
3.336246336578061467e-01 8.264572915080001247e-02 9.390762947012489814e-01 3.120921099999999893e+00 3.329510009723795488e-02 9.944951845093056297e-01 -9.935172015278412316e-02 -6.660499999999999754e-02 -9.421178483216468003e-01 6.441282047026689050e-02 3.290363937816843665e-01 5.249958999999999598e-01
3.347455753550095392e-01 8.291161042244890589e-02 9.386538577331899891e-01 3.155590800000000140e+00 3.082464705629309881e-02 9.946249782661030769e-01 -9.884833707761046806e-02 -7.024779999999999913e-02 -9.418042476619536973e-01 6.202271734058419084e-02 3.303905894840096780e-01 5.372700000000000253e-01
3.346147093273028061e-01 8.511111615888643234e-02 9.385036463477343105e-01 3.224811299999999825e+00 2.487668468379656758e-02 9.947681501903207213e-01 -9.908318689904152543e-02 -7.818840000000000512e-02 -9.420266168537636542e-01 5.650155106823151474e-02 3.307467730242222848e-01 5.625719000000000136e-01
3.349903501499401637e-01 8.526982234852295561e-02 9.383552220257912468e-01 3.260649200000000025e+00 2.248445520228987277e-02 9.948895325416805546e-01 -9.843407597601792902e-02 -8.212139999999999718e-02 -9.419532443708004132e-01 5.407287153136573765e-02 3.313611473659452411e-01 5.746584000000000136e-01
3.324086524862468472e-01 8.367571708001782238e-02 9.394162347561502147e-01 3.331067299999999953e+00 1.799804013089741084e-02 9.953123599083234518e-01 -9.502303281400080459e-02 -8.978650000000000519e-02 -9.429637099611650752e-01 4.849412938561616093e-02 3.293444414460443559e-01 5.999894999999999534e-01
3.313561129474633105e-01 8.368680692796448550e-02 9.397870209566363542e-01 3.366814100000000032e+00 1.614886026016940090e-02 9.954096388436131093e-01 -9.433379675135183939e-02 -9.349250000000000616e-02 -9.433675533558725235e-01 4.643456948685359409e-02 3.284836221669584777e-01 6.124638000000000027e-01
3.274105162611090636e-01 8.381339861075134956e-02 9.411576212595579305e-01 3.437748700000000213e+00 1.513378860451646685e-02 9.954652416146242411e-01 -9.391443541656174787e-02 -1.006612000000000062e-01 -9.447609868554628365e-01 4.499185426777879693e-02 3.246573744202325695e-01 6.375366999999999562e-01
3.246511014740816603e-01 8.013792574848568884e-02 9.424327961018735822e-01 3.473278000000000088e+00 1.324701616492558048e-02 9.959211975142964191e-01 -8.924956528978805759e-02 -1.044777999999999957e-01 -9.457410739068022876e-01 4.145939216173019637e-02 3.222653253565890275e-01 6.496239000000000319e-01
3.150100685811461632e-01 8.841235706942035533e-02 9.449613282086897215e-01 3.544161799999999918e+00 7.017645982627544743e-03 9.954074197055817752e-01 -9.547157398900671388e-02 -1.118466000000000043e-01 -9.490623843232668388e-01 3.670591113846907727e-02 3.129429129252342401e-01 6.742367999999999695e-01
2.994314503184337672e-01 8.700788172881972204e-02 9.501423235901363951e-01 3.614927799999999802e+00 9.900054460022164604e-03 9.954963946077377557e-01 -9.428105453739876740e-02 -1.194772999999999946e-01 -9.540664523406575670e-01 3.763717364599902804e-02 2.972215464566002607e-01 6.971264000000000349e-01
2.764016089935731890e-01 8.519781781982974089e-02 9.572583153906281117e-01 3.686147000000000062e+00 1.357261292804413932e-02 9.956173100987713021e-01 -9.253083815675949841e-02 -1.269780000000000075e-01 -9.609463745308942650e-01 3.856816913500083627e-02 2.740338694495710881e-01 7.187101999999999657e-01
2.484026502315295482e-01 8.298441062581018990e-02 9.650957004106066606e-01 3.757632300000000036e+00 1.815188587307055290e-02 9.957498746520634381e-01 -9.029228189413987526e-02 -1.342763999999999902e-01 -9.684867745081517931e-01 3.994714912840111043e-02 2.458405842803621510e-01 7.380398999999999710e-01
2.335941994540373101e-01 8.486569817295093465e-02 9.686235405228622586e-01 3.793341600000000202e+00 2.256923261937860900e-02 9.954421548187200042e-01 -9.265822224085693004e-02 -1.373583999999999916e-01 -9.720722091081503979e-01 4.350551325385382251e-02 2.306141595742094985e-01 7.463899999999999979e-01
2.032012222572735782e-01 9.275151718101798393e-02 9.747340249184746064e-01 3.862550300000000103e+00 2.285805758527864606e-02 9.947825350114400944e-01 -9.942442979288795835e-02 -1.449302000000000090e-01 -9.788701509784523136e-01 4.248369212806424322e-02 2.000209074736679637e-01 7.614923000000000108e-01
1.874212315859408728e-01 9.269875015418985176e-02 9.778958143231110123e-01 3.897735099999999786e+00 2.003309285454096117e-02 9.949693135435531133e-01 -9.815671295103600702e-02 -1.486844999999999972e-01 -9.820753317039842001e-01 3.798692968011268406e-02 1.846213314652120907e-01 7.681620000000000115e-01
1.551020488409211584e-01 8.782422366797561220e-02 9.839869207374994931e-01 3.969295699999999982e+00 1.074452211136048274e-02 9.958316724773921269e-01 -9.057502600318943775e-02 -1.564097999999999877e-01 -9.878400223163400495e-01 2.462084133406797215e-02 1.535119033888110440e-01 7.807307999999999470e-01
1.239217953881552453e-01 9.353495857061244756e-02 9.878737774396940674e-01 4.040056700000000056e+00 1.029018442728449334e-02 9.953728040584851611e-01 -9.553582074385050249e-02 -1.631890000000000007e-01 -9.922386309412815075e-01 2.200437379119157127e-02 1.223858929853799404e-01 7.912848999999999577e-01
9.490398505227597148e-02 9.478736786213717846e-02 9.909634647730282131e-01 4.110855100000000206e+00 1.458531434257329812e-02 9.952172787767051831e-01 -9.659107945259759465e-02 -1.709005000000000107e-01 -9.953795769588228426e-01 2.362039199627267300e-02 9.306758219281674460e-02 7.985830000000000428e-01
6.461859613350766363e-02 9.190456529290205734e-02 9.936689528771930346e-01 4.181491900000000150e+00 1.409597564676227932e-02 9.955666268596725654e-01 -9.299674700665180871e-02 -1.785661000000000054e-01 -9.978104732384304176e-01 2.001605259725350305e-02 6.303663327084862988e-02 8.035607000000000166e-01
3.212793600275564571e-02 9.696675164499526933e-02 9.947689404095909627e-01 4.252023699999999629e+00 1.390049091832586819e-02 9.951431309645991652e-01 -9.745216901744299665e-02 -1.859041999999999917e-01 -9.993870982159176464e-01 1.695871367151829262e-02 3.062400937459175410e-02 8.070819999999999661e-01
8.945403301041016976e-04 1.011626672546875050e-01 9.948694962413487941e-01 4.323088600000000170e+00 1.952565628390451336e-02 9.946784614041093153e-01 -1.011607985606899213e-01 -1.932889000000000135e-01 -9.998089560232398254e-01 1.951597224508787309e-02 -1.085487470366186535e-03 8.075759000000000132e-01
-3.183026406489324750e-02 1.081357144703524453e-01 9.936264396369219876e-01 4.394168900000000377e+00 2.086245350257514425e-02 9.939854711202580351e-01 -1.075064706689404237e-01 -2.010644000000000042e-01 -9.992755337360222923e-01 1.730752604577750348e-02 -3.389479633753056387e-02 8.059066999999999759e-01
-6.719254139926503222e-02 1.037201086002586675e-01 9.923342690103260644e-01 4.465151800000000115e+00 1.793121854312883234e-02 9.945468989327502785e-01 -1.027372241439703793e-01 -2.088840999999999892e-01 -9.975788859944190179e-01 1.089058745892083208e-02 -6.868596161467777073e-02 8.019912999999999625e-01
-8.676333295958651992e-02 1.044582469265828706e-01 9.907374014857667222e-01 4.502726100000000287e+00 1.763460926103996990e-02 9.944928821705181221e-01 -1.033098633644746744e-01 -2.130367999999999984e-01 -9.960728610949877160e-01 8.507758882398290534e-03 -8.812759743034304094e-02 8.002544999999999797e-01
-1.236171185778309894e-01 1.049353135306225482e-01 9.867661262775210274e-01 4.574842499999999923e+00 1.716025976726714281e-02 9.944704910230858230e-01 -1.036048646011491631e-01 -2.205944999999999989e-01 -9.921816030743738635e-01 4.125828223821820240e-03 -1.247342938498997578e-01 7.921103000000000449e-01
-1.604772463416820061e-01 1.059896035901327638e-01 9.813323888150220498e-01 4.646780500000000202e+00 1.601514579580127356e-02 9.943666313344260432e-01 -1.047784214128312519e-01 -2.285078000000000109e-01 -9.869096050357044625e-01 -1.098371263344964655e-03 -1.612706578049383221e-01 7.814645999999999537e-01
-1.972488251505511714e-01 1.004505670298522502e-01 9.751936138839858437e-01 4.719770900000000324e+00 1.733021171739641125e-02 9.949385922824357520e-01 -9.897909551453426547e-02 -2.362888999999999962e-01 -9.802002676690908523e-01 -2.623198510643659498e-03 -1.979912980184135307e-01 7.682035999999999865e-01
-2.341174333610602787e-01 9.803669196227951521e-02 9.672527252096646544e-01 4.793108900000000006e+00 1.795838087953261636e-02 9.951690759469256076e-01 -9.651946350414455922e-02 -2.439475000000000116e-01 -9.720424496659677560e-01 -5.226596218895783463e-03 -2.347470100754203148e-01 7.521554999999999769e-01
-2.730024133697508404e-01 1.025994347079985797e-01 9.565265486602505529e-01 4.864841900000000052e+00 1.492363132547594451e-02 9.946285716465393945e-01 -1.024269968925485275e-01 -2.511919000000000235e-01 -9.618975868159524989e-01 -1.368796778064621661e-02 -2.730671566037977671e-01 7.339531000000000249e-01
-3.146975816849632013e-01 9.345757500833332121e-02 9.445798609726957507e-01 4.936917300000000175e+00 1.062009515801391052e-02 9.954253853000214480e-01 -9.495007045357407860e-02 -2.592725000000000168e-01 -9.491325753868476989e-01 -1.984902954468308056e-02 -3.142504898415651171e-01 7.121051999999999937e-01
-3.370224179097813799e-01 9.188089067783114516e-02 9.370025569626230233e-01 4.972450300000000212e+00 9.878359686674838269e-03 9.955169866261864842e-01 -9.406565445803237446e-02 -2.629612000000000060e-01 -9.414447980822591155e-01 -2.244618602270125052e-02 -3.364191743894645592e-01 7.001174000000000008e-01
-3.841627994641839683e-01 8.879837428095843643e-02 9.189851969607022442e-01 5.043227199999999577e+00 5.643540121186868541e-03 9.955713461827665478e-01 -9.383946459104831883e-02 -2.702359999999999762e-01 -9.232481215592819312e-01 -3.086330158769270970e-02 -3.829626126038485623e-01 6.727760999999999880e-01
-4.301042258399199181e-01 8.946267621689307781e-02 8.983355634053200589e-01 5.112951299999999755e+00 7.745442608716228416e-03 9.954068363732815339e-01 -9.542137192542504698e-02 -2.778388999999999998e-01 -9.027460124716351064e-01 -3.408312875084337085e-02 -4.288216147783541210e-01 6.417642999999999542e-01
-4.514337831151748470e-01 8.738556042582762418e-02 8.880153733418049145e-01 5.146903499999999632e+00 1.148051824481963190e-02 9.956795041177213257e-01 -9.214403280038736821e-02 -2.819171999999999789e-01 -8.922307645240391549e-01 -3.140205262323672586e-02 -4.504865968349067717e-01 6.246473999999999638e-01
-4.940264136485169044e-01 8.978356128897627131e-02 8.647987134240275875e-01 5.213993499999999948e+00 1.859436070381297046e-02 9.955174147934259254e-01 -9.273255411682831961e-02 -2.897196000000000216e-01 -8.692480384606002808e-01 -2.973195192520395463e-02 -4.934813660789193479e-01 5.879767999999999661e-01
-5.150262883233156508e-01 9.294630552579309646e-02 8.521202418819863178e-01 5.246876699999999616e+00 1.991162866996785963e-02 9.951327405896663869e-01 -9.651090948804250114e-02 -2.935056999999999805e-01 -8.569430840957982243e-01 -3.273855365781668664e-02 -5.143702340967797326e-01 5.684485999999999706e-01
-5.354317666169141621e-01 9.308472189136834940e-02 8.394331765232400100e-01 5.278778599999999877e+00 2.270377875192710476e-02 9.951350114609434083e-01 -9.586890734232694777e-02 -2.972924000000000122e-01 -8.442732743181403654e-01 -3.227295330512436333e-02 -5.349402721398823779e-01 5.490135000000000431e-01
-5.539521369869971901e-01 9.060485184524669222e-02 8.276036435091619348e-01 5.310854400000000197e+00 2.425881976955572561e-02 9.953950855801450004e-01 -9.273690347582216886e-02 -3.011872999999999911e-01 -8.321950129572558419e-01 -3.129511822947216720e-02 -5.535992015746374895e-01 5.277975000000000305e-01
-5.710644139933613861e-01 9.233147754916673500e-02 8.156962261307861839e-01 5.342259900000000172e+00 2.712882614179399493e-02 9.952344396826728889e-01 -9.366128795657477357e-02 -3.050534999999999775e-01 -8.204568616707322848e-01 -3.135774741756527928e-02 -5.708478166852433144e-01 5.061227000000000364e-01
-5.868958458316757554e-01 9.618174529894549241e-02 8.039293115795516087e-01 5.373280000000000278e+00 3.050112323721770186e-02 9.948407240505454663e-01 -9.675544042509763576e-02 -3.089333000000000218e-01 -8.090877255445116933e-01 -3.226461904060444474e-02 -5.868015394759753534e-01 4.839418999999999804e-01
-6.021769209304422832e-01 9.553688040782992719e-02 7.926258009809367122e-01 5.404062299999999652e+00 2.906930544494816526e-02 9.947796553227898908e-01 -9.781826433146217914e-02 -3.128716999999999748e-01 -7.978332729209028917e-01 -3.586281971361848092e-02 -6.018105406043569028e-01 4.609963999999999729e-01
-6.163605167660163309e-01 9.337216306723275516e-02 7.819087878621620025e-01 5.434266599999999947e+00 2.824468580844607252e-02 9.949277539840055695e-01 -9.654533689373269445e-02 -3.168224000000000040e-01 -7.869574010678797027e-01 -3.742196569514054383e-02 -6.158714519995226455e-01 4.375944999999999974e-01
-6.295387377241145055e-01 9.215716312778322872e-02 7.714843063789229571e-01 5.464853299999999692e+00 2.745376836653856678e-02 9.949591712516430153e-01 -9.644966637951774002e-02 -3.208198999999999912e-01 -7.764839137465793240e-01 -3.953864978072693659e-02 -6.288954021666178784e-01 4.134025000000000061e-01
-6.413914374535752971e-01 9.046367404036573245e-02 7.618617641280825969e-01 5.493921300000000230e+00 2.697454165375067631e-02 9.950690972145412871e-01 -9.544561734939860376e-02 -3.246699000000000113e-01 -7.667394590496864337e-01 -4.066712981950176831e-02 -6.406690147716193051e-01 3.891199000000000185e-01
-6.529768225504302137e-01 8.834822672065903437e-02 7.522073251752198209e-01 5.523200000000000109e+00 2.590054777292942131e-02 9.951969823253874470e-01 -9.440406768516178271e-02 -3.284888000000000252e-01 -7.569348920726314267e-01 -4.216108639204445285e-02 -6.521288307974402176e-01 3.642040999999999751e-01
-6.639791549911590041e-01 8.278752034176450891e-02 7.431540272466324870e-01 5.552577999999999570e+00 2.318606277691503265e-02 9.956537203312024742e-01 -9.020019780211541160e-02 -3.324345000000000216e-01 -7.473915227175992326e-01 -4.266023518802633530e-02 -6.630128325331048345e-01 3.387607000000000257e-01
-6.737531646506141891e-01 7.909647179739537348e-02 7.347111141615363383e-01 5.581385599999999947e+00 2.239641383389857562e-02 9.959839056321583284e-01 -8.668598715532267740e-02 -3.361349000000000142e-01 -7.386170007322219178e-01 -4.195006401563468323e-02 -6.728187856759211272e-01 3.128010999999999986e-01
-6.822329568115553800e-01 7.756681787604875755e-02 7.270086529091283056e-01 5.609620099999999887e+00 2.483353634888205499e-02 9.962410789986991810e-01 -8.298799905960208001e-02 -3.397538999999999976e-01 -7.307129998245346370e-01 -3.856295217033631900e-02 -6.815947554136088105e-01 2.866420000000000079e-01
-6.931274869689590945e-01 8.594992320650482465e-02 7.156723394884637601e-01 5.665742400000000067e+00 3.474752726360262611e-02 9.956953276847481105e-01 -8.592685130869830157e-02 -3.468650999999999818e-01 -7.199770108532356216e-01 -3.469041838257180821e-02 -6.931303475647863088e-01 2.329498999999999875e-01
-6.965618223953329302e-01 8.966070582586987969e-02 7.118725907155709631e-01 5.693306399999999989e+00 3.837605675106728342e-02 9.953968637605887793e-01 -8.782005399578592109e-02 -3.505981000000000236e-01 -7.164697522223326676e-01 -3.385323391333117105e-02 -6.967962777627889626e-01 2.058174000000000115e-01
-7.005273472375674881e-01 8.722129463566181962e-02 7.082752865478049165e-01 5.720989699999999623e+00 3.602410966672343895e-02 9.955594546750768936e-01 -8.696916539661185552e-02 -3.539803999999999728e-01 -7.127157212346421078e-01 -3.540929212992567632e-02 -7.005586932840396353e-01 1.789537999999999962e-01
-7.087944863108852633e-01 7.471743184786833192e-02 7.014468487015584897e-01 5.776587499999999764e+00 2.509238793260923708e-02 9.964158960746583027e-01 -8.078201605292606446e-02 -3.611868999999999774e-01 -7.049686150766766302e-01 -3.965687112966566341e-02 -7.081289319954928718e-01 1.245751999999999970e-01
-7.126953780671853034e-01 7.048621208852789977e-02 6.979233424861808199e-01 5.804030899999999882e+00 1.785609148800474527e-02 9.964393140580468655e-01 -8.240056672317945530e-02 -3.644583000000000128e-01 -7.012463604742942280e-01 -4.626431999867940126e-02 -7.114163019053021397e-01 9.750440000000000496e-02
-7.166349760277795911e-01 7.140754073506924704e-02 6.937833049734142277e-01 5.857788099999999609e+00 1.507130054328954805e-02 9.960981830752515531e-01 -8.695553791516864861e-02 -3.716379000000000210e-01 -6.972855706477784077e-01 -5.185916312814851936e-02 -7.149150020569231545e-01 4.235200000000000076e-02
-7.172576487202126927e-01 7.279690991461834626e-02 6.929950037765317816e-01 5.884790399999999977e+00 1.500582958583937879e-02 9.959108897541992800e-01 -8.908605248544679278e-02 -3.750955000000000261e-01 -6.966464601437325488e-01 -5.349868760896825393e-02 -7.154170811445064171e-01 1.491519999999999999e-02
-7.157140925613956206e-01 7.681257696881654828e-02 6.941564418259242863e-01 5.937993500000000147e+00 1.760026070704195228e-02 9.956013789452897722e-01 -9.202241610217500034e-02 -3.828187000000000118e-01 -6.981715896053508619e-01 -5.364440568826646383e-02 -7.139178588649330859e-01 -3.992489999999999928e-02
-7.131634412165347436e-01 7.920678048505486180e-02 6.965085728383981767e-01 5.992184199999999628e+00 1.949911840567056937e-02 9.954529591017421408e-01 -9.323728115398316474e-02 -3.907050000000000245e-01 -7.007265447331016972e-01 -5.291211714510765662e-02 -7.114651202733908164e-01 -9.499680000000000624e-02
-7.117897511656791076e-01 7.847996992913158776e-02 6.979944444301994233e-01 6.019360500000000336e+00 1.826191894989172976e-02 9.954701535020248349e-01 -9.330421106746837612e-02 -3.945988000000000273e-01 -7.021551484193274684e-01 -5.366626320676433359e-02 -7.099986477041024813e-01 -1.219082999999999972e-01
-7.057760069900576028e-01 7.548676269069966305e-02 7.044018573340421474e-01 6.072921799999999593e+00 1.520712376311337058e-02 9.956920872870785866e-01 -9.146589911411871776e-02 -4.020892999999999828e-01 -7.082718202385461792e-01 -5.384251082907244579e-02 -7.038835220997844422e-01 -1.750568999999999875e-01
-6.961114081471003745e-01 6.992038601865604996e-02 7.145208513867614686e-01 6.127052800000000410e+00 1.228845523851889929e-02 9.962607927269739871e-01 -8.551857542588216232e-02 -4.096488999999999825e-01 -7.178286016280704951e-01 -5.075009846319024354e-02 -6.943677168407705880e-01 -2.277994999999999881e-01
-6.837269577418370048e-01 7.220025107527396069e-02 7.261574009825694231e-01 6.181850899999999704e+00 1.337263294608139960e-02 9.961659713336442623e-01 -8.645536562288341775e-02 -4.165217999999999976e-01 -7.296153917956925694e-01 -4.940122773337191076e-02 -6.820710364421390670e-01 -2.796495999999999982e-01
-6.755841875676470432e-01 7.615608555416725212e-02 7.333391140131754193e-01 6.209479800000000438e+00 1.573524263188066583e-02 9.959137539894243885e-01 -8.892804256255712470e-02 -4.201303000000000121e-01 -7.371149216016988914e-01 -4.853911049616055351e-02 -6.740219188604799072e-01 -3.055468000000000073e-01
-6.576550469739067539e-01 7.868958507214622589e-02 7.491980968948873665e-01 6.265951600000000177e+00 1.650987946722683522e-02 9.957960837585226876e-01 -9.009763288326141928e-02 -4.274143000000000248e-01 -7.531382761948334226e-01 -4.688399270926881662e-02 -6.561894758055107912e-01 -3.556374999999999953e-01
-6.464565372624108130e-01 8.105165011315405843e-02 7.586333603557317007e-01 6.294632400000000239e+00 1.734109251264671914e-02 9.956451700942328120e-01 -9.159684371469367647e-02 -4.310522999999999993e-01 -7.627537164387744317e-01 -4.605784712685823123e-02 -6.450468531640766168e-01 -3.803017000000000203e-01
-6.353241916635479214e-01 8.226750548593775303e-02 7.678510461203923443e-01 6.323464900000000277e+00 1.839855846503015563e-02 9.956397168201185366e-01 -9.144969839623942609e-02 -4.350327999999999973e-01 -7.720263366838392427e-01 -4.397285334698544657e-02 -6.340676017863207115e-01 -4.040475000000000039e-01
-6.240797981494466962e-01 8.097025779037378412e-02 7.771539248405728850e-01 6.352597199999999944e+00 1.773787443760094229e-02 9.958280124868406080e-01 -8.950942607873603463e-02 -4.385406000000000026e-01 -7.811592496745988212e-01 -4.207596582217955350e-02 -6.229123852902179737e-01 -4.273502000000000134e-01
-6.117704638447905019e-01 8.343114083302284600e-02 7.866232543641399344e-01 6.381959000000000160e+00 2.022409158843270494e-02 9.957470009628122121e-01 -8.988268016135161909e-02 -4.422961999999999727e-01 -7.907767609676911169e-01 -3.907882819207165320e-02 -6.108559236846131668e-01 -4.506469000000000169e-01
