9.992166986926293015e-01 5.538580880241363719e-03 -3.918307256502957109e-02 5.613154000000000199e-01 -5.951408278235176263e-03 9.999279258247130153e-01 -1.042707511208849913e-02 3.259065999999999907e-01 3.912249727853658182e-02 1.065210203295135355e-02 9.991776433292383075e-01 -1.228009899999999988e+00
9.997304615512332404e-01 2.855675926202675004e-04 2.321470865008077103e-02 5.618387000000000242e-01 2.111768642825349027e-04 9.997711305789357406e-01 -2.139256565371810623e-02 3.242779000000000078e-01 -2.321550453662555788e-02 2.139170194413462026e-02 9.995015935140089125e-01 -1.173194099999999906e+00
9.984891320513978874e-01 -3.448946479006977789e-03 5.484120661902858185e-02 5.636023000000000005e-01 4.806099978773509598e-03 9.996849749674731056e-01 -2.463437085205926955e-02 3.233346000000000275e-01 -5.473896763951684175e-02 2.486072389267254476e-02 9.981911589616951908e-01 -1.145760899999999971e+00
9.923906191369832319e-01 3.457598798496341842e-04 1.231289547548449076e-01 5.692504000000000453e-01 1.799730656798369417e-03 9.998484973753383187e-01 -1.731309521261405540e-02 3.213172000000000250e-01 -1.231162865687482483e-01 1.740295223183543558e-02 9.922396470788387157e-01 -1.091452599999999995e+00
9.871766527007272973e-01 1.551100722304609271e-03 1.596240910675356672e-01 5.734348999999999696e-01 7.871821368342190716e-04 9.998933319841397660e-01 -1.458440941341995409e-02 3.203211000000000253e-01 -1.596296861704335490e-01 1.452304169945365167e-02 9.870701315270992149e-01 -1.064714699999999903e+00
9.725169882180412229e-01 1.042510315521611580e-02 2.325984197098369677e-01 5.845519999999999605e-01 -3.909169067692071231e-03 9.995873718194272506e-01 -2.845706408486809239e-02 3.186283999999999783e-01 -2.327991108756873317e-01 2.676571170981995387e-02 9.721564537933985450e-01 -1.012577999999999978e+00
9.635601612785253955e-01 1.189062421961863472e-02 2.672272977309204101e-01 5.917356999999999756e-01 -3.650371265821831905e-03 9.995030001188638380e-01 -3.131177962065249260e-02 3.176885999999999877e-01 -2.674668024008284850e-01 2.919530457211338970e-02 9.631246771858863465e-01 -9.867283000000000026e-01
9.419121365167766324e-01 9.773094167286680567e-03 3.357171632681273388e-01 6.086232999999999782e-01 -4.490072109089842528e-05 9.995801964888827440e-01 -2.897289718291368166e-02 3.153745000000000021e-01 -3.358593828767128531e-01 2.727484954392579708e-02 9.415171573136783545e-01 -9.363664000000000431e-01
9.291895985617848464e-01 1.029457499715790911e-02 3.694600271344883335e-01 6.183423000000000114e-01 1.878009374567669344e-03 9.994676211378766828e-01 -3.257218718144060110e-02 3.143141999999999880e-01 -3.695986512494032761e-01 3.095958692588870673e-02 9.286755843522539466e-01 -9.118937999999999766e-01
9.153893392558261066e-01 1.189588291626164814e-02 4.023938935252678872e-01 6.290101000000000164e-01 2.673715965043281517e-03 9.993616075077488281e-01 -3.562623587283073046e-02 3.131785000000000263e-01 -4.025608138154039839e-01 3.368776349315716345e-02 9.147731553620869205e-01 -8.878624000000000516e-01
9.003099169435205829e-01 1.409768426400703073e-02 4.350210440329796424e-01 6.402134000000000436e-01 2.267371871508491038e-03 9.993098379619460570e-01 -3.707703841012031931e-02 3.118981000000000114e-01 -4.352435094035837504e-01 3.436717985028177325e-02 8.996565925236089667e-01 -8.642313000000000356e-01
8.840723772647591794e-01 1.509342744282912707e-02 4.671062194035371928e-01 6.525857000000000463e-01 3.461894611751695390e-03 9.992394366531878180e-01 -3.884023072430180246e-02 3.106230999999999853e-01 -4.673371877382908601e-01 3.595464761401404030e-02 8.833477323635452461e-01 -8.408704000000000178e-01
8.667140348610984368e-01 1.998313437588699476e-02 4.984049118089727837e-01 6.657237000000000293e-01 3.137261758922304036e-03 9.989590451468739474e-01 -4.550806200995467787e-02 3.092077999999999771e-01 -4.987954885155345131e-01 4.100610271363422377e-02 8.657491323569364017e-01 -8.178963000000000205e-01
8.479947090194456250e-01 2.657970243879314784e-02 5.293377871390733125e-01 6.797279000000000515e-01 3.383687996368376499e-03 9.984498435538589067e-01 -5.555592284192586300e-02 3.077733000000000274e-01 -5.299938906540045958e-01 4.890224254101237927e-02 8.465902471348765168e-01 -7.954879000000000255e-01
8.280580495178936351e-01 3.326419295680629884e-02 5.596546793296326427e-01 6.947415000000000118e-01 3.320268235324476402e-03 9.979298184271965244e-01 -6.422657793085433109e-02 3.061918000000000140e-01 -5.606325378065983855e-01 5.504153850316111790e-02 8.262333729593219767e-01 -7.732970999999999595e-01
8.067491770296508768e-01 3.792858837287349516e-02 5.896754934250040270e-01 7.103863000000000261e-01 2.423021456922577060e-03 9.977170576084124498e-01 -6.748927266040923023e-02 3.043174000000000157e-01 -5.908890710861051110e-01 5.587571155030505304e-02 8.048155133505732195e-01 -7.516819000000000139e-01
7.844887047234683219e-01 3.928885440849472221e-02 6.188972920287848511e-01 7.270573000000000174e-01 1.810125606952806693e-03 9.978417635011233022e-01 -6.563945808928668690e-02 3.026096999999999815e-01 -6.201404644163949209e-01 5.261369529158994862e-02 7.827244748065450564e-01 -7.305203999999999587e-01
7.610762668360785410e-01 4.098109727863868956e-02 6.473665620996322811e-01 7.448559999999999626e-01 -1.526511570574696358e-03 9.981126757263912852e-01 -6.139019723643693999e-02 3.005978999999999735e-01 -6.486606091179603073e-01 4.573440958558972619e-02 7.597024272427819191e-01 -7.095177000000000289e-01
7.093036096074198937e-01 4.988745498579322257e-02 7.031355710195048569e-01 7.820116000000000289e-01 -1.011099264765627850e-02 9.981099363630884236e-01 -6.061619223401160106e-02 2.966458000000000150e-01 -7.048305876063862829e-01 3.588588536335787782e-02 7.084673923379425364e-01 -6.690188999999999719e-01
6.538487475773303581e-01 5.473363984251411463e-02 7.546429910634209204e-01 8.231578999999999979e-01 -1.463108927772118970e-02 9.981082300035865051e-01 -5.971509378419212477e-02 2.928052999999999906e-01 -7.564838045312693993e-01 2.800339030720138886e-02 6.534126289055015580e-01 -6.313528999999999947e-01
5.955175706217777920e-01 5.486412903639704269e-02 8.014666246487207601e-01 8.676331999999999933e-01 -1.202395085412385350e-02 9.981621616999993840e-01 -5.939464248769984328e-02 2.890560999999999825e-01 -8.032522939192849876e-01 2.573375789622728976e-02 5.950827892133537800e-01 -5.965789000000000231e-01
5.376801233303281080e-01 4.901357728708606587e-02 8.417230864227295273e-01 9.158425000000000038e-01 1.312568637738330962e-03 9.982590622822347104e-01 -5.896712418767599551e-02 2.851430999999999827e-01 -8.431478886524322869e-01 3.281026993056318508e-02 5.366797220391592571e-01 -5.648722000000000465e-01
4.803500089337119916e-01 5.602213267914691458e-02 8.752858901910064438e-01 9.660724000000000533e-01 6.463965541676566784e-03 9.977047675782076963e-01 -6.740485072448793025e-02 2.811469999999999803e-01 -8.770530691280081781e-01 3.803573848099365412e-02 4.788853688841898659e-01 -5.361922000000000077e-01
4.322770625934752031e-01 5.454983290268063112e-02 9.000893605003039699e-01 1.018634999999999957e+00 1.774998815415824993e-02 9.974604268831631648e-01 -6.897560962097448733e-02 2.768302000000000263e-01 -9.015661257368112746e-01 4.579314940411337298e-02 4.302110044984537307e-01 -5.107821000000000167e-01
3.945551598708473273e-01 4.968941319619252228e-02 9.175277587274994762e-01 1.072840999999999934e+00 2.051368594203024920e-02 9.978116018929638065e-01 -6.285853813818111091e-02 2.725102999999999831e-01 -9.186432465916039014e-01 4.362303684998863895e-02 3.926724030889141570e-01 -4.865102000000000038e-01
3.661290996451247448e-01 5.509531685163223530e-02 9.289316382027628105e-01 1.128360000000000030e+00 2.625241518667512791e-02 9.972369038400147323e-01 -6.949365666337974090e-02 2.681233000000000088e-01 -9.301936857934034464e-01 4.983034899134786144e-02 3.636710646030060223e-01 -4.646350000000000202e-01
3.466339335490697948e-01 5.976908726447520415e-02 9.360943180683615195e-01 1.184744500000000089e+00 3.626861562029461139e-02 9.963675225968032789e-01 -7.704769584676847416e-02 2.633180999999999994e-01 -9.372990470673095986e-01 6.065819088862088593e-02 3.432070515663004917e-01 -4.434617000000000142e-01
3.381734468396218052e-01 6.704149516013926946e-02 9.386927920141403536e-01 1.241793399999999936e+00 4.235781687648512706e-02 9.953641051470110135e-01 -8.634878999932829591e-02 2.579957999999999974e-01 -9.401300629179281110e-01 6.896184533191501709e-02 3.337659789228815121e-01 -4.231751000000000262e-01
3.331114024488232017e-01 7.220996070041324488e-02 9.401183516633547788e-01 1.299131899999999895e+00 4.567970336620182786e-02 9.946564464255482907e-01 -9.258465469221205391e-02 2.519282999999999939e-01 -9.417803131617022983e-01 7.378533160286743220e-02 3.280328742386972030e-01 -4.028282000000000251e-01
3.287071099212880432e-01 7.837774610254939767e-02 9.411740353426026884e-01 1.357715199999999900e+00 4.821348278875510485e-02 9.938584134273212856e-01 -9.960378575689893266e-02 2.458029999999999937e-01 -9.432004537554955492e-01 7.811775070758317230e-02 3.229094626359148013e-01 -3.825560000000000072e-01
3.248501200367949204e-01 7.728124577141531892e-02 9.426027840846310513e-01 1.417192800000000030e+00 5.122403412748813278e-02 9.937553232095623912e-01 -9.912848188267653349e-02 2.389425000000000021e-01 -9.443773069275783749e-01 8.048581641926919050e-02 3.188628788610204934e-01 -3.623330000000000162e-01
3.208551432315060459e-01 7.903554256637612685e-02 9.438248566726394895e-01 1.477224700000000057e+00 5.011388402586827717e-02 9.936995859948712928e-01 -1.002483487218777669e-01 2.324952000000000130e-01 -9.458015519598874654e-01 7.946392769590446270e-02 3.148728449793797290e-01 -3.424304000000000237e-01
3.183561757712213836e-01 8.175369686079557441e-02 9.444393460661814066e-01 1.506651200000000079e+00 4.908567758139868731e-02 9.935162337168094160e-01 -1.025479868039401443e-01 2.292457999999999996e-01 -9.466994991044931362e-01 7.900523014813165545e-02 3.122790931275140069e-01 -3.324295999999999918e-01
3.138504473189798749e-01 8.886586823167476334e-02 9.453045827568523629e-01 1.567535399999999912e+00 4.609452686484842576e-02 9.930103290002896266e-01 -1.086544112857011357e-01 2.223635999999999946e-01 -9.483528833249686985e-01 7.767460307054777080e-02 3.075605057985352220e-01 -3.126398000000000232e-01
3.094030394931400196e-01 9.733782035764480811e-02 9.459361013728303513e-01 1.628214499999999898e+00 4.047091284142943779e-02 9.924981875826418554e-01 -1.153666020083478350e-01 2.147434000000000009e-01 -9.500693997630847987e-01 7.397767482959957674e-02 3.031426054856330987e-01 -2.928685999999999789e-01
3.041373281051347743e-01 9.358479790168496015e-02 9.480202377875540654e-01 1.690010100000000071e+00 3.657368927807318204e-02 9.932821138635663516e-01 -1.097861900756010450e-01 2.069939000000000084e-01 -9.519258641856837011e-01 6.806267611860282452e-02 2.986714268454777610e-01 -2.731838999999999795e-01
2.996340589924162412e-01 9.301439646348186319e-02 9.495092167758371060e-01 1.751604099999999997e+00 3.566086138596092497e-02 9.934487376539529180e-01 -1.085721355550249567e-01 1.996687000000000045e-01 -9.533875044581509028e-01 6.639222623396243139e-02 2.943541041649628820e-01 -2.535163000000000277e-01
2.978505715738768989e-01 9.818166914941416079e-02 9.495501023411822006e-01 1.814316500000000110e+00 3.742799164786665689e-02 9.927309910839570151e-01 -1.143867334207581687e-01 1.923567999999999945e-01 -9.538784945968338258e-01 6.960990722949819687e-02 2.920107504205600168e-01 -2.344243000000000021e-01
2.976001467382079491e-01 9.860478651193647914e-02 9.495847770148448941e-01 1.877561199999999930e+00 3.400321709670554859e-02 9.929259790144857600e-01 -1.137619506917820211e-01 1.841779000000000055e-01 -9.540848672358615001e-01 6.614451054366160543e-02 2.921420370923500931e-01 -2.143821999999999950e-01
2.971985553050736639e-01 1.021977453187195295e-01 9.493306271138349794e-01 1.941596899999999959e+00 2.638023750714169058e-02 9.929969346399053487e-01 -1.151571572452981945e-01 1.761765000000000136e-01 -9.544512045115999266e-01 5.926810818240853262e-02 2.924212536031443044e-01 -1.940896000000000010e-01
2.968673845332367445e-01 1.044474081222142858e-01 9.491893883398332399e-01 1.973586800000000085e+00 2.197198549612230933e-02 9.929899016144301260e-01 -1.161390853465040091e-01 1.723301999999999889e-01 -9.546659037871592091e-01 5.533348198257502515e-02 2.924913980238230682e-01 -1.840054000000000134e-01
2.965843574860868026e-01 1.001752374067291784e-01 9.497381958756161424e-01 2.038327699999999965e+00 1.907574888901959059e-02 9.936635053012634611e-01 -1.107653106199279064e-01 1.642434999999999867e-01 -9.548161261200440730e-01 5.096822581679190389e-02 2.927941346034793613e-01 -1.640378999999999865e-01
2.966769088595971882e-01 9.041411081249789428e-02 9.506882245591871117e-01 2.071075899999999859e+00 2.274754762663103169e-02 9.945565515260343936e-01 -1.016848803589631145e-01 1.604367999999999905e-01 -9.547069502347241832e-01 5.179338164889255025e-02 2.930052641009778247e-01 -1.541387999999999925e-01
2.980716683437730219e-01 8.172286915356588577e-02 9.510387232852660633e-01 2.136695399999999800e+00 3.638026934571065435e-02 9.946318317779375695e-01 -9.687102361593084854e-02 1.531193999999999888e-01 -9.538499654207118761e-01 6.347355253468829617e-02 2.934984694943618688e-01 -1.345596000000000014e-01
3.006369729619147169e-01 8.900785011788908685e-02 9.495762281700655949e-01 2.202132900000000060e+00 4.564401734629000562e-02 9.931520785460451473e-01 -1.075433520035600082e-01 1.460840999999999945e-01 -9.526458073013225336e-01 7.567398163874707040e-02 2.945155587301798716e-01 -1.148124999999999979e-01
3.017959901977204651e-01 9.275658259929110694e-02 9.488495121382938269e-01 2.235101900000000086e+00 4.634608751602016519e-02 9.926516791065644885e-01 -1.117796230932794621e-01 1.421721999999999986e-01 -9.522453572858913251e-01 7.771010456445867631e-02 2.952793917225617903e-01 -1.048454000000000053e-01
3.015311595440857695e-01 8.745395578737952258e-02 9.494370781895650202e-01 2.301874399999999987e+00 4.225529197016134747e-02 9.935804489908512949e-01 -1.049398955767285729e-01 1.343231000000000008e-01 -9.525195274242493904e-01 7.176138934188321106e-02 2.959000724488034528e-01 -8.348329999999999640e-02
3.015326892132495495e-01 8.654985447401666865e-02 9.495194363604952947e-01 2.335292799999999946e+00 3.958780641534753730e-02 9.938761779528763052e-01 -1.031646668244674825e-01 1.304445999999999939e-01 -9.526336352024564746e-01 6.869691105361977468e-02 2.962598377989230647e-01 -7.281749999999999334e-02
3.022677451512454927e-01 9.260467082802997796e-02 9.487141746500966644e-01 2.402119900000000197e+00 3.889052499882734298e-02 9.932430996248861055e-01 -1.093419961079190039e-01 1.228163000000000032e-01 -9.524293870447810839e-01 6.994655093984838978e-02 2.966239078448025257e-01 -5.205909999999999704e-02
3.030423183582584001e-01 9.575142728535566972e-02 9.481545324771005756e-01 2.435872600000000165e+00 3.744447975301208598e-02 9.929747602758179914e-01 -1.122454292664423481e-01 1.188746999999999998e-01 -9.522411796493985836e-01 6.951826830408602831e-02 2.973280110449112446e-01 -4.147449999999999748e-02
3.035387693706713685e-01 9.444039617489062566e-02 9.481272209251605521e-01 2.469641199999999870e+00 3.787556354840761197e-02 9.930933686791204584e-01 -1.110450483877919586e-01 1.149155000000000038e-01 -9.520659941279432381e-01 6.961733014046304902e-02 2.978653557721757661e-01 -3.101639999999999953e-02
3.041094245736842838e-01 8.778070039860730311e-02 9.485842116138093472e-01 2.503304500000000044e+00 3.933177943054148168e-02 9.937395911977725538e-01 -1.045688099430761853e-01 1.111446999999999991e-01 -9.518248100424203662e-01 6.910986560263229772e-02 2.987530041089063726e-01 -2.032820000000000113e-02
3.033422126799630303e-01 9.063123138190661010e-02 9.485617965660557704e-01 2.571010600000000146e+00 3.620044777113963497e-02 9.936517846971273382e-01 -1.065160004383506887e-01 1.034463000000000049e-01 -9.521937983349781920e-01 6.664916103307708117e-02 2.981356398453460788e-01 2.054999999999999969e-03
3.037310346361344338e-01 9.435105731307903698e-02 9.480745416805408388e-01 2.639860600000000002e+00 3.483551236751840363e-02 9.933194010825482367e-01 -1.100138832652507170e-01 9.603280000000000149e-02 -9.521207621289201617e-01 6.644129301053533498e-02 2.984151619910295761e-01 2.403069999999999859e-02
3.048634678594908665e-01 8.964502890436565341e-02 9.481677250135761570e-01 2.709243100000000126e+00 3.504313878989495645e-02 9.938303212477918036e-01 -1.052296108149362586e-01 8.764280000000000681e-02 -9.517511462501305752e-01 6.530743725829576962e-02 2.998411150097938238e-01 4.604359999999999703e-02
3.068801711679404187e-01 8.838055944883474457e-02 9.476357091495900553e-01 2.778943799999999964e+00 3.855832199476902367e-02 9.937070928346681820e-01 -1.051640121668050432e-01 7.930479999999999474e-02 -9.509667798345445844e-01 6.881199286158767858e-02 3.015411966705934255e-01 6.833849999999999647e-02
3.090733777205919020e-01 8.809268507090069200e-02 9.469494844084255236e-01 2.848775100000000116e+00 3.952866614525550604e-02 9.936504444811780079e-01 -1.053388757066174297e-01 7.129199999999999426e-02 -9.502163604870003111e-01 6.998909214553633573e-02 3.036287128113583922e-01 9.088649999999999507e-02
3.125067844502916192e-01 8.580321725158075730e-02 9.460324083147559904e-01 2.954675700000000127e+00 3.827399735429590222e-02 9.939660524717195411e-01 -1.027939086731815971e-01 5.951030000000000209e-02 -9.491441464809560191e-01 6.833223575345008516e-02 3.073371028006098848e-01 1.253879999999999995e-01
3.140486372373830215e-01 8.772380566143214708e-02 9.453454328284544017e-01 2.990001200000000026e+00 3.569241999855309738e-02 9.939273068851629533e-01 -1.040891914785297412e-01 5.558969999999999884e-02 -9.487357401320924977e-01 6.643073496720044990e-02 3.090104413247682924e-01 1.370264999999999955e-01
3.168299805915659739e-01 8.986778955982605011e-02 9.442153058481834726e-01 3.061563000000000034e+00 3.341604957936062520e-02 9.938255629126973023e-01 -1.058022595778087133e-01 4.728070000000000189e-02 -9.478935230440481696e-01 6.507327332239500051e-02 3.118707072975133165e-01 1.605187999999999893e-01
3.167732323407990713e-01 9.021236540807311965e-02 9.442014871836638124e-01 3.097187799999999935e+00 2.948933194198562896e-02 9.940487878359649532e-01 -1.048684256745755911e-01 4.304920000000000274e-02 -9.480427725445607079e-01 6.106338124710171400e-02 3.122277452384614183e-01 1.728772000000000086e-01
3.171575972101023377e-01 9.206917399083013043e-02 9.438931749581417341e-01 3.133232599999999923e+00 2.721853096330546784e-02 9.939827917817252168e-01 -1.061007125989598399e-01 3.877780000000000116e-02 -9.479821781574347961e-01 5.934203267881663080e-02 3.127432062466460883e-01 1.847730999999999957e-01
3.168574404314782877e-01 9.242962352400926895e-02 9.439587528798183413e-01 3.169420500000000196e+00 2.479561826853129286e-02 9.940929416628793147e-01 -1.056617274642256132e-01 3.463569999999999843e-02 -9.481490071491365246e-01 5.688574541352978131e-02 3.126938953846933877e-01 1.968395000000000006e-01
3.144729572772647641e-01 9.092643444774095585e-02 9.449016576659774458e-01 3.242226099999999889e+00 1.969931321562595067e-02 9.945624930597546376e-01 -1.022613536855347532e-01 2.624769999999999881e-02 -9.490620086169945235e-01 5.077234402099269073e-02 3.109718200777840114e-01 2.210325999999999957e-01
3.132896386965486335e-01 9.034070476371117153e-02 9.453508128457825954e-01 3.278969000000000023e+00 1.873573733488823750e-02 9.946831437587644320e-01 -1.012640887417609603e-01 2.197819999999999982e-02 -9.494727876205319994e-01 4.943683429364320592e-02 3.099313230106288675e-01 2.332024000000000041e-01
3.088170601007015348e-01 9.052468919725978336e-02 9.468037304724243874e-01 3.351783300000000132e+00 1.752403481577461536e-02 9.947498683264184294e-01 -1.008246382009310022e-01 1.401709999999999935e-02 -9.509600052549713745e-01 4.772818989143244595e-02 3.056093720669444957e-01 2.576553999999999789e-01
3.062414362275898139e-01 8.721186732076857684e-02 9.479505646053951740e-01 3.388915299999999853e+00 1.503589270691029628e-02 9.952272803636197374e-01 -9.641878629468068895e-02 9.963500000000000134e-03 -9.518351247289464911e-01 4.378071057506581487e-02 3.034685234316287783e-01 2.695127999999999968e-01
2.962233995575311862e-01 9.479323378291890090e-02 9.504030410218371472e-01 3.461776299999999917e+00 1.002363270313540167e-02 9.946994337923610319e-01 -1.023355422157371103e-01 1.716499999999999927e-03 -9.550660837565176919e-01 3.984067321385471871e-02 2.937030752577421966e-01 2.932439000000000018e-01
2.806586847020879349e-01 9.365585758051471477e-02 9.552273462595972653e-01 3.535665299999999789e+00 1.292288199996914633e-02 9.947689679653780592e-01 -1.013296575239040487e-01 -6.683699999999999884e-03 -9.597206373847073646e-01 4.078333868082839597e-02 2.779802465354975771e-01 3.155276000000000192e-01
2.574778844465471228e-01 9.197290407645668242e-02 9.618971483150750013e-01 3.609146599999999871e+00 1.608166729513477167e-02 9.949141414730525712e-01 -9.943455673933082606e-02 -1.507999999999999965e-02 -9.661503604501419096e-01 4.107110922146500059e-02 2.546893107089093222e-01 3.360684999999999922e-01
2.296346804498120842e-01 8.943411203134207788e-02 9.691591474777904169e-01 3.682830800000000071e+00 2.058577359093109044e-02 9.951001233683650637e-01 -9.670558617746741192e-02 -2.329039999999999930e-02 -9.730591654469810114e-01 4.215784716313206865e-02 2.266684284636799607e-01 3.541160999999999892e-01
2.143726875360236483e-01 9.085096266556624833e-02 9.725175851476013378e-01 3.719911100000000026e+00 2.501637861506435245e-02 9.948275613195538547e-01 -9.844949994782652147e-02 -2.722350000000000117e-02 -9.764315294169734205e-01 4.543375201025366683e-02 2.109910958753962174e-01 3.623827000000000020e-01
1.841379040709052450e-01 9.913796680894124136e-02 9.778879771330472037e-01 3.792876999999999832e+00 2.600465406683234032e-02 9.940607154834285586e-01 -1.056742726468394566e-01 -3.518170000000000325e-02 -9.825563547457408786e-01 4.488827764086573274e-02 1.804662081365874249e-01 3.766842000000000246e-01
1.677499879367178315e-01 9.888108178819018934e-02 9.808580290804722601e-01 3.829063699999999848e+00 2.281234224686624901e-02 9.943012247326157294e-01 -1.041377526953223970e-01 -3.941229999999999734e-02 -9.855655932450377854e-01 3.984477581336766383e-02 1.645383093748674641e-01 3.830059000000000102e-01
1.351951541307437887e-01 9.383925023114692010e-02 9.863652799118693970e-01 3.903472900000000134e+00 1.414019798975416770e-02 9.952209093689985409e-01 -9.661985487235140446e-02 -4.774980000000000196e-02 -9.907180855825610255e-01 2.700993651973075671e-02 1.332221386588022805e-01 3.945685999999999916e-01
1.191216252653014979e-01 9.681418779934797270e-02 9.881482942528947433e-01 3.940781799999999890e+00 1.305224664680434965e-02 9.949960015277996561e-01 -9.905854734025604236e-02 -5.140580000000000149e-02 -9.927938745034761148e-01 2.469757041579889040e-02 1.172618981764007584e-01 3.998012000000000232e-01
8.953491442282671131e-02 1.013260613490231804e-01 9.908160921133604138e-01 4.014111500000000277e+00 1.554370698521345684e-02 9.945482588695904180e-01 -1.031123365685405330e-01 -5.957099999999999895e-02 -9.958623862122992776e-01 2.463310924264631996e-02 8.747181063968512138e-02 4.075256999999999907e-01
6.019725177439995412e-02 9.919273515452570189e-02 9.932457360448992967e-01 4.086512100000000203e+00 1.806949832184827354e-02 9.947789214393498725e-01 -1.004409811300169958e-01 -6.749760000000000482e-02 -9.980229376668686703e-01 2.399372319019765776e-02 5.809059423233631225e-02 4.123159000000000129e-01
2.861377879998670132e-02 1.009390301002850987e-01 9.944810525420778591e-01 4.160004100000000093e+00 1.796078235033109205e-02 9.946758850388799367e-01 -1.014755833660736517e-01 -7.563480000000000203e-02 -9.994291680555201784e-01 2.076525763227287519e-02 2.664849180189876598e-02 4.155275999999999970e-01
-3.306851507484008783e-03 1.052602984875815051e-01 9.944392059323753363e-01 4.232435200000000286e+00 2.063560300174527296e-02 9.942400700259056423e-01 -1.051705997113098201e-01 -8.358569999999999889e-02 -9.997815944604412364e-01 2.017306910679297904e-02 -5.459914005801147496e-03 4.158391000000000171e-01
-3.555425382977601967e-02 1.118535816720527126e-01 9.930884508953574663e-01 4.306981099999999785e+00 2.428056285782285995e-02 9.935200787375282339e-01 -1.110329113942482293e-01 -9.206590000000000606e-02 -9.990727447498077840e-01 2.016505424017250858e-02 -3.803973298507401513e-02 4.140626000000000029e-01
-7.037942068956497266e-02 1.126551675581830420e-01 9.911385121999038983e-01 4.382566899999999599e+00 2.419561356566755916e-02 9.935028142761754832e-01 -1.112058016000070648e-01 -1.008618000000000015e-01 -9.972268094207967781e-01 1.615460453731235035e-02 -7.264791342262300056e-02 4.105640999999999874e-01
-1.070770516502757563e-01 1.101827063690166142e-01 9.881266498921499331e-01 4.456993599999999667e+00 2.126448198791277416e-02 9.938669722489281710e-01 -1.085184927951643452e-01 -1.097701999999999983e-01 -9.940233029540455068e-01 9.392161090370339249e-03 -1.087633232959650531e-01 4.037042000000000130e-01
-1.257475150780152928e-01 1.106753154294943253e-01 9.858694320275306344e-01 4.495167300000000310e+00 2.063141558434070794e-02 9.938344273245631744e-01 -1.089379445163333182e-01 -1.139314000000000021e-01 -9.918477237674593328e-01 6.641206143422284658e-03 -1.272555980626001171e-01 3.992364999999999942e-01
-1.627932269759372608e-01 1.110827017269173517e-01 9.803871677188608080e-01 4.570995800000000386e+00 2.018015928804593739e-02 9.938091558288290051e-01 -1.092525650129063108e-01 -1.227019000000000026e-01 -9.864538136283270697e-01 1.998791594673414440e-03 -1.640270660906029132e-01 3.880859999999999865e-01
-1.808657023162326682e-01 1.114581832588388416e-01 9.771717715480194855e-01 4.609164200000000378e+00 2.079608020544233826e-02 9.937689907419039459e-01 -1.095021282345978730e-01 -1.269328999999999874e-01 -9.832879134687584344e-01 5.161632073340735594e-04 -1.820566197692319310e-01 3.811667000000000249e-01
-2.173990826660707754e-01 1.061603098535558176e-01 9.702925473627774799e-01 4.685561200000000426e+00 2.166450910508602862e-02 9.943477799624765856e-01 -1.039381620432553721e-01 -1.352974999999999872e-01 -9.758423478724349565e-01 -1.575149355263136264e-03 -2.184702062143074608e-01 3.653070999999999957e-01
-2.354369531000090054e-01 1.046873036229734877e-01 9.662349660280027397e-01 4.723833100000000229e+00 2.358325011997818715e-02 9.945044289757138944e-01 -1.020037796430490334e-01 -1.395476999999999967e-01 -9.716034537962299211e-01 -1.228498205337172355e-03 -2.366119594682331018e-01 3.560887999999999831e-01
-2.539723274165396893e-01 1.036719679316959186e-01 9.616393190649992206e-01 4.760814700000000066e+00 2.266880446281505784e-02 9.946038478466616706e-01 -1.012388816257922264e-01 -1.436771000000000020e-01 -9.669458010720417551e-01 -3.912660703910927906e-03 -2.549519736643814927e-01 3.468855000000000133e-01
-2.726542435884183324e-01 1.064124410449046321e-01 9.562092113361450041e-01 4.798283600000000426e+00 2.161287253708715772e-02 9.942913051134009139e-01 -1.044877232816633639e-01 -1.477018999999999971e-01 -9.618692983944977515e-01 -7.822593352241134779e-03 -2.733976222268994505e-01 3.367877000000000232e-01
-2.920939685294777766e-01 1.078161743247018634e-01 9.502930001334781718e-01 4.835354299999999661e+00 2.040547731218841226e-02 9.941017501597845252e-01 -1.065144442078873599e-01 -1.519293999999999922e-01 -9.561719144820992611e-01 -1.172104446023829877e-02 -2.925711658253404845e-01 3.257903999999999800e-01
-3.126704200967757585e-01 1.056420475339423237e-01 9.439687315739552220e-01 4.872567700000000279e+00 1.877851449090324476e-02 9.942892531770495257e-01 -1.050535502024565748e-01 -1.561626999999999876e-01 -9.496760372832518948e-01 -1.512080716963876831e-02 -3.128686392090422874e-01 3.142283000000000159e-01
-3.337603947817927574e-01 9.886662694122430595e-02 9.374590065450149057e-01 4.909550199999999975e+00 1.570618481072642847e-02 9.949300016272178970e-01 -9.933583251151406612e-02 -1.604067000000000132e-01 -9.425270896020935263e-01 -1.843046226574501095e-02 -3.336210476377019507e-01 3.016868999999999801e-01
-3.559397449591796270e-01 9.740109699284016376e-02 9.294191327183799478e-01 4.946535100000000185e+00 1.537409773505667154e-02 9.950292593652318995e-01 -9.838907523658826926e-02 -1.642869999999999886e-01 -9.343824351288004815e-01 -2.073160176323678855e-02 -3.556679147900516647e-01 2.882342999999999988e-01
-3.793066663898707613e-01 9.609266687699494214e-02 9.202677068139848426e-01 4.983102800000000165e+00 1.418333111258130580e-02 9.950795821509175187e-01 -9.805844331268145919e-02 -1.682964000000000127e-01 -9.251623024911652671e-01 -2.414175964635466992e-02 -3.788032332100974564e-01 2.740094000000000141e-01
-4.031799853339198547e-01 9.387282908549579585e-02 9.102932447215160705e-01 5.019221299999999886e+00 1.129172755756281676e-02 9.951593785864156771e-01 -9.762329691351773198e-02 -1.724254000000000064e-01 -9.150510348144010875e-01 -2.908097610095574520e-02 -4.022883300744749535e-01 2.588584999999999914e-01
-4.259793208411525867e-01 9.229634229403052559e-02 9.000127795841863509e-01 5.054955999999999783e+00 1.217268304678215812e-02 9.952774963012360754e-01 -9.630436721034825454e-02 -1.764069000000000054e-01 -9.046510067441215774e-01 -3.006809863436941954e-02 -4.250911260440058959e-01 2.425821999999999978e-01
-4.484103170722385512e-01 9.438925826738298053e-02 8.888300486971105752e-01 5.090769299999999831e+00 1.403782963662609379e-02 9.950296063336747654e-01 -9.858509957668687429e-02 -1.806968999999999936e-01 -8.937175878778864657e-01 -3.172933096025624261e-02 -4.475065615994328061e-01 2.251415999999999973e-01
-4.698239841908149472e-01 9.307651554875526201e-02 8.778394990727922398e-01 5.125939800000000268e+00 1.814306711342330430e-02 9.952339451808012161e-01 -9.581348274421347400e-02 -1.846502999999999894e-01 -8.825736530141754521e-01 -2.908877125559272692e-02 -4.692734707950718676e-01 2.066524000000000139e-01
-4.907300150290734297e-01 9.366759396391205472e-02 8.662623356643055494e-01 5.160927299999999995e+00 2.276533344170325601e-02 9.952438284229633281e-01 -9.471779969620985895e-02 -1.887897000000000047e-01 -8.710142317682612045e-01 -2.676011634905522268e-02 -4.905283928888638512e-01 1.870043999999999873e-01
-5.119530381532719776e-01 9.529205187620434780e-02 8.537116091367482618e-01 5.195169899999999785e+00 2.453957124838739012e-02 9.950447815833419751e-01 -9.635191791918064352e-02 -1.928534000000000082e-01 -8.586628536093654507e-01 -2.837794025263258579e-02 -5.117546251265719937e-01 1.668650999999999884e-01
-5.327020122035168725e-01 9.832870313527657113e-02 8.405712535734608526e-01 5.228844200000000164e+00 2.612144246047738705e-02 9.946645673473830662e-01 -9.980014382468181677e-02 -1.969926999999999928e-01 -8.458996609752889029e-01 -3.120680379945785232e-02 -5.324283040546529122e-01 1.460239000000000120e-01
-5.527289793289709152e-01 9.863851331579377713e-02 8.275029420496362587e-01 5.262002500000000360e+00 2.893119892409508342e-02 9.946431419089505344e-01 -9.923711998191868389e-02 -2.010464999999999891e-01 -8.328587281999080272e-01 -3.091057981244059449e-02 -5.526218190742111513e-01 1.244774000000000019e-01
-5.710723147472923644e-01 9.633090905486660360e-02 8.152280461869748640e-01 5.294694899999999649e+00 3.105517843526223870e-02 9.949151608271816771e-01 -9.580917831072988111e-02 -2.052642000000000078e-01 -8.203121279254156351e-01 -2.939691679217787401e-02 -5.711600774402831870e-01 1.020217000000000068e-01
-5.879538904010500611e-01 9.822839790978768471e-02 8.029080922536196985e-01 5.326912400000000325e+00 3.396766245795559969e-02 9.947219974427305988e-01 -9.682120486074627386e-02 -2.091925000000000034e-01 -8.081809331266193164e-01 -2.965349300876076594e-02 -5.881872573279421923e-01 7.873339999999999506e-02
-6.033970119178230229e-01 1.019022600677660095e-01 7.909032655146422952e-01 5.358364100000000185e+00 3.698989933915144968e-02 9.943107356364290217e-01 -9.988948065248254293e-02 -2.132647000000000015e-01 -7.965825715866013956e-01 -3.101758196933834116e-02 -6.037334811431724901e-01 5.491689999999999766e-02
-6.324474521052161347e-01 9.850062991818051006e-02 7.683149394820736333e-01 5.420803499999999886e+00 3.444137230436204039e-02 9.944768227623733692e-01 -9.914454529749634759e-02 -2.219096999999999875e-01 -7.738372000617528279e-01 -3.624189418582625388e-02 -6.323468296009798761e-01 5.265899999999999574e-03
-6.453402808686121706e-01 9.723785555032316008e-02 7.576811475392507544e-01 5.451548599999999745e+00 3.376789009625328492e-02 9.945269940206303838e-01 -9.887258347356178700e-02 -2.260867000000000016e-01 -7.631485120780022724e-01 -3.822116707092515497e-02 -6.450918468721088539e-01 -2.033640000000000100e-02
-6.685295812275215965e-01 9.365635699848130769e-02 7.377646547629720386e-01 5.510729300000000386e+00 3.298653420964049732e-02 9.947964452470087204e-01 -9.639461128481946472e-02 -2.342124999999999901e-01 -7.429536241143120945e-01 -4.010635009182769717e-02 -6.681402495716904921e-01 -7.171600000000000197e-02
-6.791496351620192051e-01 8.832109463056483922e-02 7.286666983625330607e-01 5.540017599999999653e+00 3.026427299883486730e-02 9.952594308745658092e-01 -9.242693890358683051e-02 -2.381911999999999918e-01 -7.333756519268607166e-01 -4.071915395110989322e-02 -6.786030530894756607e-01 -9.860589999999999633e-02
-6.969816163747858395e-01 8.307628326009799946e-02 7.122604562905899828e-01 5.598190800000000245e+00 3.154012613373933377e-02 9.958567754845618625e-01 -8.529069799784085026e-02 -2.457707000000000086e-01 -7.163950354930296305e-01 -3.698126392078886215e-02 -6.967141015077578103e-01 -1.542511000000000021e-01
-7.076764725688933222e-01 9.136674454971707715e-02 7.006041165757133093e-01 5.654982099999999789e+00 4.088963013904058780e-02 9.952376240390808926e-01 -8.848790789784551081e-02 -2.530113999999999974e-01 -7.053524284494534502e-01 -3.397336732547821814e-02 -7.080422035394692282e-01 -2.106783999999999879e-01
-7.154389063959798456e-01 9.252811277196160145e-02 6.925212773350595263e-01 5.710957099999999897e+00 4.272660419596224085e-02 9.951309234543938009e-01 -8.881938121089891225e-02 -2.609964000000000173e-01 -6.973676279472720285e-01 -3.395575844631591039e-02 -7.159087916484400127e-01 -2.670700999999999770e-01
-7.194029396361644180e-01 8.531303377153752476e-02 6.893338064476033367e-01 5.738952600000000182e+00 3.646152587452793081e-02 9.956984488242569542e-01 -8.517720434405956498e-02 -2.646747999999999879e-01 -6.936353275127691287e-01 -3.614256877513059851e-02 -7.194190344636348655e-01 -2.958118000000000136e-01
-7.273168876315474485e-01 7.534077813549602820e-02 6.821538771537531964e-01 5.794595199999999835e+00 2.396382915627203597e-02 9.961379465149097223e-01 -8.446849356551740240e-02 -2.718727000000000227e-01 -6.858832844282829466e-01 -4.508834287259634588e-02 -7.263134044466447170e-01 -3.529433000000000153e-01
-7.302539753258600053e-01 7.488446594350106622e-02 6.790592376819091225e-01 5.821895600000000393e+00 2.140084353193848210e-02 9.959940568863475674e-01 -8.682074949686091614e-02 -2.755853999999999804e-01 -6.828404904638420980e-01 -4.886875696630535448e-02 -7.289312101808156363e-01 -3.815172000000000008e-01
-7.321999146525280944e-01 7.735708459012041738e-02 6.766824709171556096e-01 5.876786700000000252e+00 2.092570311715962611e-02 9.956150631048640287e-01 -9.117434435053645148e-02 -2.831117000000000217e-01 -6.807682424525124398e-01 -5.259779066096459399e-02 -7.306080156182945817e-01 -4.403590000000000004e-01
-7.310902182173398822e-01 8.050609281339782264e-02 6.775144735331065649e-01 5.930892899999999912e+00 2.209127617843967967e-02 9.952866141558491808e-01 -9.442738585280138763e-02 -2.911431999999999909e-01 -6.819230662939405052e-01 -5.406777877910751151e-02 -7.294227902623849902e-01 -4.981762000000000135e-01
-7.286630452277395031e-01 8.285718141288313243e-02 6.798417860118264322e-01 5.985694900000000374e+00 2.384186428281971290e-02 9.951219012644721973e-01 -9.572861187388906345e-02 -2.994387000000000021e-01 -6.844572536155615339e-01 -5.354520624756861635e-02 -7.270840246222911585e-01 -5.562538999999999678e-01
-7.273827691163829989e-01 8.214462558433585637e-02 6.812977085534575039e-01 6.013160199999999733e+00 2.238326533083651732e-02 9.951214048976043669e-01 -9.608526915062259866e-02 -3.034785999999999873e-01 -6.858668213477832065e-01 -5.464110176622987564e-02 -7.256728280513612406e-01 -5.846999999999999975e-01
-7.213942562910865552e-01 7.882362784879665130e-02 6.880241003649392173e-01 6.067428600000000394e+00 1.883544954314933864e-02 9.953670087210058082e-01 -9.428543784861245780e-02 -3.115450000000000164e-01 -6.922684109727506030e-01 -5.505773008898474236e-02 -7.195367214581275261e-01 -6.413105999999999529e-01
-7.174275935578205976e-01 7.548160938199230396e-02 6.925317138203408440e-01 6.094950700000000055e+00 1.666560925492013151e-02 9.956877293246763072e-01 -9.125898936780145465e-02 -3.156675999999999926e-01 -6.964337050071573998e-01 -5.393025419349058158e-02 -7.155917985923458957e-01 -6.692780000000000395e-01
-7.124015176748433875e-01 7.252640190651518659e-02 6.980143255271158420e-01 6.122218100000000440e+00 1.450653162339707661e-02 9.959547014821668043e-01 -8.867803073945394743e-02 -3.195125999999999800e-01 -7.016221477083226521e-01 -5.304859679636010628e-02 -7.105717474140792467e-01 -6.968615999999999699e-01
-7.066828756649659038e-01 7.423183626585634631e-02 7.036255735307618275e-01 6.149526100000000106e+00 1.634062810902911153e-02 9.959280947178420496e-01 -8.865784807162552239e-02 -3.233578999999999759e-01 -7.073417117029766610e-01 -5.115529920045547296e-02 -7.050183247610058990e-01 -7.243479000000000445e-01
-7.001040572741540347e-01 7.477659847895620771e-02 7.101146170219174714e-01 6.177334300000000056e+00 1.594396017113550862e-02 9.958905700263303018e-01 -8.915022527561108912e-02 -3.271084000000000214e-01 -7.138628013297294572e-01 -5.109239525162157652e-02 -6.984192637843852358e-01 -7.516850000000000476e-01
-6.924406681745397529e-01 7.828935325379111909e-02 7.172145412811281595e-01 6.205155799999999999e+00 1.767322323470342169e-02 9.956373343243751783e-01 -9.161853349595086571e-02 -3.310095000000000121e-01 -7.212583297532808579e-01 -5.076490585587092180e-02 -6.908034062560427513e-01 -7.787340000000000373e-01
-6.846250714577118979e-01 7.860134026467778534e-02 7.246449757226770538e-01 6.233729799999999877e+00 1.818189100786616122e-02 9.957009071540920964e-01 -9.082467909052088784e-02 -3.349428999999999879e-01 -7.286686011973487753e-01 -4.900543644448408093e-02 -6.831109257126434242e-01 -8.053508000000000333e-01
-6.749992477575876837e-01 8.074219641218592647e-02 7.333871509954519308e-01 6.262269500000000377e+00 1.801707296877817777e-02 9.955014939010319308e-01 -9.301699157923454253e-02 -3.387077000000000004e-01 -7.375984006275553284e-01 -4.957290953080781271e-02 -6.734174975691690213e-01 -8.317894999999999595e-01
-6.642130579076570562e-01 8.308464833792285342e-02 7.429118083026564623e-01 6.291019399999999706e+00 1.914590652380629421e-02 9.953690936314369964e-01 -9.420085831197733128e-02 -3.427252000000000076e-01 -7.472980984642882962e-01 -4.834572011972984584e-02 -6.627278803383509498e-01 -8.576696999999999793e-01
-6.536781592999455492e-01 8.422187078349455125e-02 7.520714996168675892e-01 6.320535699999999757e+00 1.976142274692162248e-02 9.953486618964246802e-01 -9.428959344495106698e-02 -3.468181000000000180e-01 -7.565146067494354920e-01 -4.677304504439556976e-02 -6.523020251632080102e-01 -8.828411000000000453e-01
-6.423052062045055965e-01 8.317900261500835168e-02 7.619220928720731312e-01 6.350298399999999788e+00 1.928253069668918462e-02 9.955327413863903629e-01 -9.242697029346705340e-02 -3.506159999999999832e-01 -7.662063730435284548e-01 -4.467453806891166085e-02 -6.410397644107661552e-01 -9.080371000000000414e-01
