9.984680080333921959e-01 4.259698653363635460e-04 -5.533042095903110275e-02 7.646174000000000026e-01 -5.300633292208044777e-04 9.999981173342512575e-01 -1.866644267131657708e-03 1.933349000000000040e-01 5.532952165613560375e-02 1.893113210250630361e-03 9.984663540428773132e-01 -1.480598400000000092e+00
9.999619269920009268e-01 -4.988059306491555642e-03 7.159876451385945029e-03 7.642377999999999671e-01 5.077248075106189848e-03 9.999090678944749788e-01 -1.249309786986138246e-02 1.921351000000000031e-01 -7.096909075648250020e-03 1.252897468897704730e-02 9.998963239630471733e-01 -1.423665799999999981e+00
9.992066002269036629e-01 -8.715517947432365950e-03 3.886141801196364709e-02 7.655661999999999745e-01 9.327140729365289776e-03 9.998350404436835426e-01 -1.558513223531445696e-02 1.914125999999999883e-01 -3.871917494998057541e-02 1.593523290967555767e-02 9.991230624118868642e-01 -1.395252299999999890e+00
9.942243439665890969e-01 -4.872652732031591480e-03 1.072110587558884748e-01 7.704847000000000223e-01 5.771450681097880370e-03 9.999507430548412179e-01 -8.074764461360416784e-03 1.898620000000000030e-01 -1.071664323435337768e-01 8.646890737358685353e-03 9.942034937875319223e-01 -1.338960799999999951e+00
9.896117302663599569e-01 -3.511983632141882881e-03 1.437229602053511079e-01 7.744153000000000286e-01 4.291641607579467325e-03 9.999777086683052651e-01 -5.115073684535866722e-03 1.890698000000000101e-01 -1.437017923741157055e-01 5.678744355375237376e-03 9.896047426781123812e-01 -1.311160899999999963e+00
9.761731298958228331e-01 5.109964781692157010e-03 2.169329590664426655e-01 7.850867999999999736e-01 -1.073401280643146178e-03 9.998241671715123458e-01 -1.872117916912583585e-02 1.878140000000000087e-01 -2.169904796968837868e-01 1.804225594879042133e-02 9.760069716560402231e-01 -1.257130099999999917e+00
9.677437080057038621e-01 6.552716281595938504e-03 2.518514989526646763e-01 7.920015000000000249e-01 -1.226147009678867431e-03 9.997723611634188323e-01 -2.130076095432211977e-02 1.870201999999999976e-01 -2.519337456135676279e-01 2.030487042695485259e-02 9.675314465473785486e-01 -1.230331700000000028e+00
9.472106368266640652e-01 4.528782256419587246e-03 3.205799426253914119e-01 8.086982000000000337e-01 1.595216774056899085e-03 9.998212827654824331e-01 -1.883767004246660395e-02 1.852063999999999933e-01 -3.206079611704442667e-01 1.835463593915758959e-02 9.470341295717233931e-01 -1.177878600000000109e+00
9.217613876718330213e-01 6.622220973904940043e-03 3.877010322228578443e-01 8.290587000000000373e-01 3.586860685808472386e-03 9.996657593259387076e-01 -2.560281355076044624e-02 1.835810999999999971e-01 -3.877409942574002177e-01 2.499031453717968920e-02 9.214295445402298501e-01 -1.127267100000000077e+00
8.915394826122047256e-01 9.643174347975576322e-03 4.528403252053164185e-01 8.528006999999999671e-01 3.821224002653422422e-03 9.995776309072252896e-01 -2.880899229442687032e-02 1.815345999999999904e-01 -4.529268695834723357e-01 2.741475840479626336e-02 8.911260751604808128e-01 -1.078019499999999908e+00
8.745932300234405821e-01 1.454967750702880827e-02 4.846390294658557418e-01 8.658552999999999944e-01 2.978025898663282274e-03 9.993696015169757363e-01 -3.537698299103495675e-02 1.802515000000000089e-01 -4.848482374505573289e-01 3.238373740386594341e-02 8.739985584615374004e-01 -1.054012500000000019e+00
8.563832750406228378e-01 2.094000651656061085e-02 5.159158869019088156e-01 8.800124999999999753e-01 2.921411986444119591e-03 9.989648283261144401e-01 -4.539534248556784113e-02 1.790171999999999874e-01 -5.163324041571496492e-01 4.038301492537350879e-02 8.554355969462779097e-01 -1.030640000000000001e+00
8.369378038957453469e-01 2.754089737628188927e-02 5.466046207103227861e-01 8.951348000000000082e-01 2.444537697401443985e-03 9.985349909216445496e-01 -5.405456632475391654e-02 1.775853000000000015e-01 -5.472925512425805827e-01 4.657650563127666010e-02 8.356443576531626949e-01 -1.007443799999999889e+00
8.161790615661802528e-01 3.226420535986762594e-02 5.768975303409139554e-01 9.110335000000000516e-01 1.194335894425031797e-03 9.983433998694154488e-01 -5.752416447848390790e-02 1.759873000000000132e-01 -5.777978132727058513e-01 4.763902800931890669e-02 8.147884449276430185e-01 -9.847614000000000090e-01
7.943713808152462752e-01 3.359552314102286219e-02 6.065026382189611098e-01 9.280422000000000393e-01 4.119115948964316432e-05 9.984663912130329333e-01 -5.536121314883752503e-02 1.742711000000000121e-01 -6.074323893611266456e-01 4.400234587955099280e-02 7.931517420469609281e-01 -9.624496999999999636e-01
7.714192315215688822e-01 3.546685765107606553e-02 6.353380763396998532e-01 9.460722000000000298e-01 -3.673445224833267464e-03 9.986770715077523120e-01 -5.128949838787635190e-02 1.725581999999999949e-01 -6.363166468346181937e-01 3.723182580881750220e-02 7.705289845995993980e-01 -9.404702000000000339e-01
7.467792420500047879e-01 3.861070677605903806e-02 6.639502819981882853e-01 9.644662999999999986e-01 -6.566669289618805305e-03 9.986927903004791940e-01 -5.069111812027710107e-02 1.709540999999999977e-01 -6.650395796474531940e-01 3.349513284189654938e-02 7.460565887238330696e-01 -9.191521000000000274e-01
7.205434326286448421e-01 4.456906172622042417e-02 6.919759825547228127e-01 9.836839000000000555e-01 -1.293852842387585231e-02 9.986226400046309681e-01 -5.084699944348474582e-02 1.690859999999999863e-01 -6.932890855753855996e-01 2.768432059895158809e-02 7.201276430015863816e-01 -8.980202999999999935e-01
6.657300388693614401e-01 4.978106638093517111e-02 7.445302954057513301e-01 1.025492999999999988e+00 -1.867163917364246528e-02 9.985710922794122091e-01 -5.007138458711627577e-02 1.656282000000000032e-01 -7.459590372383511081e-01 1.943242377776203261e-02 6.657082661861377648e-01 -8.583847000000000005e-01
6.082098745019112185e-01 4.985366971028717953e-02 7.922091644097453145e-01 1.070762999999999909e+00 -1.675014755442938083e-02 9.986096148106834436e-01 -4.998269465087980257e-02 1.621906999999999932e-01 -7.935995092710643739e-01 1.713034804304451597e-02 6.081992848241848382e-01 -8.217200000000000060e-01
5.509066089694113488e-01 4.427814304034716208e-02 8.333914771838759616e-01 1.120060000000000056e+00 -4.558671459885695748e-03 9.987363369272815872e-01 -5.004945369927798343e-02 1.586612000000000022e-01 -8.345544480190283387e-01 2.377341687629069139e-02 5.504122981381149859e-01 -7.881508999999999876e-01
4.938630794114047262e-01 5.139026251453864685e-02 8.680197576743119425e-01 1.171597500000000069e+00 -3.862078867245682945e-04 9.982649008082046249e-01 -5.888156466886525220e-02 1.550631000000000093e-01 -8.695395963599085176e-01 2.874419477168099410e-02 4.930260253061443665e-01 -7.574256999999999795e-01
4.464148989746118956e-01 4.971271900895142537e-02 8.934441132730260859e-01 1.225757500000000055e+00 1.072809813711545976e-02 9.980864888238323296e-01 -6.089555597639731421e-02 1.511471000000000064e-01 -8.947617816401453039e-01 3.676963959642735869e-02 4.450273561480253548e-01 -7.301448999999999856e-01
4.087196082432179578e-01 4.502635567057750032e-02 9.115486323463696250e-01 1.281470300000000062e+00 1.308012689462753966e-02 9.983906988856658948e-01 -5.518081785377878384e-02 1.471887000000000056e-01 -9.125662672474424975e-01 3.447665403745153040e-02 4.074729048764481609e-01 -7.038963000000000303e-01
3.803474697039428976e-01 5.030149067801822221e-02 9.234747220825146874e-01 1.338392599999999932e+00 1.863540180042324440e-02 9.979002515707797727e-01 -6.203071589713581024e-02 1.429765000000000064e-01 -9.246558949628479462e-01 4.080254833394160452e-02 3.786114472119290753e-01 -6.801201000000000052e-01
3.609835562052697289e-01 5.442123395715436213e-02 9.309829222085533873e-01 1.396516599999999997e+00 2.890855944933409111e-02 9.971630697105159369e-01 -6.949897550370751076e-02 1.384140000000000092e-01 -9.321240085632173100e-01 5.200136248293200231e-02 3.583862315435087931e-01 -6.574877000000000082e-01
3.559236251976717336e-01 5.757060300378453316e-02 9.327400488324321115e-01 1.425964699999999974e+00 3.334472188572682599e-02 9.966826800555715904e-01 -7.424126076250832373e-02 1.358281000000000072e-01 -9.339199658153319872e-01 5.752617618983434100e-02 3.528232369111554689e-01 -6.465990999999999822e-01
3.504962836634509804e-01 6.432135894478321902e-02 9.343527802289701700e-01 1.485136900000000093e+00 3.733926417791468000e-02 9.958860102820213944e-01 -8.256411978098912585e-02 1.305797999999999959e-01 -9.358194988825365712e-01 6.382646244351930509e-02 3.466526333423480821e-01 -6.248977000000000004e-01
3.457089249866039937e-01 6.926333171096037133e-02 9.357819885341371879e-01 1.543960999999999917e+00 3.919475093406032257e-02 9.953356968370565827e-01 -8.815113216010288244e-02 1.244766000000000067e-01 -9.375228587526938107e-01 6.715237510459641512e-02 3.413816747190568934e-01 -6.033302999999999860e-01
3.417946483408069724e-01 7.259722763113647670e-02 9.369664139689621862e-01 1.604048700000000105e+00 4.360713195178630985e-02 9.947126970915546318e-01 -9.297885935945096603e-02 1.185034999999999977e-01 -9.387623961410700435e-01 7.263809458622946802e-02 3.368217196178987516e-01 -5.815415000000000445e-01
3.379304665432357191e-01 7.162690599208529352e-02 9.384415730986517268e-01 1.665395699999999923e+00 4.324895247355627081e-02 9.948647887260723133e-01 -9.150726890781715750e-02 1.121995999999999966e-01 -9.401768599002058302e-01 7.150970906826895068e-02 3.330973335485596376e-01 -5.597944999999999727e-01
3.334023871893532776e-01 7.568399345480958385e-02 9.397418695318269233e-01 1.725780099999999928e+00 4.220741642732388221e-02 9.945749742200692411e-01 -9.507446898972946037e-02 1.058141999999999971e-01 -9.418393611518747210e-01 7.136213134345761877e-02 3.283992448151306087e-01 -5.381934000000000440e-01
3.285807706231844705e-01 8.241756910934854019e-02 9.408730102828861686e-01 1.787538199999999966e+00 3.888572923072612653e-02 9.941601359341577515e-01 -1.006654070749807423e-01 9.901229999999999754e-02 -9.436750379441372072e-01 6.966325015015224775e-02 3.234570363118546288e-01 -5.168192000000000341e-01
3.239703350008706351e-01 9.110335146640111126e-02 9.416705376037911579e-01 1.848943800000000026e+00 3.316238847379928550e-02 9.936474114621394182e-01 -1.075410511632779315e-01 9.168149999999999911e-02 -9.454858423213626795e-01 6.606815455406127302e-02 3.188910800315434280e-01 -4.955224999999999769e-01
3.186094699416708309e-01 8.749226482155553208e-02 9.438395569480449998e-01 1.911432100000000078e+00 2.930649712578458146e-02 9.943457412768437198e-01 -1.020670173504666239e-01 8.440319999999999767e-02 -9.474329184114850255e-01 6.018014955945914790e-02 3.142438777594516175e-01 -4.741063999999999834e-01
3.126385117813308967e-01 8.941212541900975252e-02 9.456546054343573093e-01 2.006465400000000177e+00 2.951351283609757181e-02 9.941647857995727922e-01 -1.037561142109850038e-01 7.403759999999999508e-02 -9.494135629488491546e-01 6.034774647113784474e-02 3.081753331865273449e-01 -4.419484000000000190e-01
3.119192257602729224e-01 9.253393014938762762e-02 9.455918085369712234e-01 2.070691300000000012e+00 2.967168701596604313e-02 9.938118298331704015e-01 -1.070403562833756872e-01 6.661350000000000604e-02 -9.496451903688758467e-01 6.144524924478458883e-02 3.072433786992126992e-01 -4.210860000000000158e-01
3.122398229024723748e-01 9.630735988605682030e-02 9.451090865215558967e-01 2.168637499999999996e+00 1.895061930802452443e-02 9.940188227199021620e-01 -1.075520994977879341e-01 5.513339999999999907e-02 -9.498142802788736017e-01 5.149245100320318236e-02 3.085471770540247904e-01 -3.889727000000000046e-01
3.114710012458677402e-01 9.905111571081762212e-02 9.450791987232280977e-01 2.233694999999999986e+00 1.138587552010079246e-02 9.940921554442806451e-01 -1.079404850961163120e-01 4.737179999999999863e-02 -9.501874432034647100e-01 4.438088508115128200e-02 3.085030953132824605e-01 -3.673505000000000242e-01
3.114380543897585785e-01 8.452497233234149143e-02 9.464997978500253595e-01 2.299840000000000106e+00 1.496302191324470204e-02 9.954765217858554394e-01 -9.382218580036949529e-02 3.998430000000000040e-02 -9.501486442936946109e-01 4.338229622037312327e-02 3.087645221224457615e-01 -3.458701000000000136e-01
3.128981932137947508e-01 7.559218385591692790e-02 9.467737546127037440e-01 2.367000599999999899e+00 2.914916703446598922e-02 9.955939523747716624e-01 -8.912355500078419923e-02 3.308860000000000273e-02 -9.493392685150761068e-01 5.548426564958985896e-02 3.093160996789307005e-01 -3.245669999999999944e-01
3.153089860567084290e-01 8.316369235187592857e-02 9.453380578323781203e-01 2.433811700000000133e+00 3.803663845190666942e-02 9.942447428427054756e-01 -1.001529104166298534e-01 2.657030000000000156e-02 -9.482264800390088899e-01 6.753659455469371298e-02 3.103310344596323933e-01 -3.032888000000000250e-01
3.158907931857460327e-01 8.680363580557040604e-02 9.448164560333472961e-01 2.467081999999999997e+00 3.859174960220834727e-02 9.938065751224803845e-01 -1.042073323042388699e-01 2.271209999999999896e-02 -9.480103816114676674e-01 6.938025694864144444e-02 3.105844431110801329e-01 -2.923683000000000254e-01
3.161404264400947683e-01 8.133394959074927155e-02 9.452195614851844896e-01 2.534471299999999871e+00 3.480443524539180572e-02 9.946533525697169864e-01 -9.722838839079657458e-02 1.514300000000000021e-02 -9.480737745858832666e-01 6.363565718833831542e-02 3.116193528596770124e-01 -2.696669999999999900e-01
3.161967802202518274e-01 8.021476508308264530e-02 9.452963491101674665e-01 2.568528399999999934e+00 3.251503443343795735e-02 9.949172767609790746e-01 -9.530154740773977284e-02 1.140889999999999960e-02 -9.481362606261497517e-01 6.087038578145528844e-02 3.119814536485762124e-01 -2.583071000000000117e-01
3.168237043857513591e-01 8.603361811229891243e-02 9.445744845663558431e-01 2.636151100000000191e+00 3.151706462735080760e-02 9.943727928009242767e-01 -1.011406128840715568e-01 4.087600000000000261e-03 -9.479606610912528764e-01 6.181395871320121554e-02 3.123293446534238793e-01 -2.358802999999999872e-01
3.176023521636224256e-01 8.952176555304891536e-02 9.439886648643612821e-01 2.670351999999999837e+00 2.982977860519930163e-02 9.940973943253671452e-01 -1.043098983983798134e-01 3.980000000000000248e-04 -9.477546782836258066e-01 6.128804196399548210e-02 3.130572562706707140e-01 -2.246122000000000118e-01
3.191753323606898451e-01 8.178054723974673146e-02 9.441604997592362158e-01 2.739060900000000132e+00 3.199641265617042540e-02 9.947718091946684549e-01 -9.698080845560193286e-02 -6.489800000000000429e-03 -9.471553921028900147e-01 6.116363073537776918e-02 3.148899386860226635e-01 -2.022383000000000097e-01
3.190686948198402928e-01 8.489294683924930585e-02 9.439217952579080917e-01 2.807485100000000067e+00 2.877166559752927094e-02 9.946533580419945064e-01 -9.918108990391180657e-02 -1.361489999999999922e-02 -9.472947583749778966e-01 5.880378314983039645e-02 3.149202372705828257e-01 -1.792700000000000127e-01
3.192358338689922914e-01 8.482741391735382219e-02 9.438711735306165584e-01 2.911731699999999812e+00 2.707246176987759129e-02 9.947630279752739391e-01 -9.855759730828837772e-02 -2.502390000000000170e-02 -9.472885327014614054e-01 5.701603302193290757e-02 3.152675178174151327e-01 -1.436590000000000089e-01
3.211878403359956224e-01 8.462808671768888569e-02 9.432266207856956353e-01 2.982090700000000094e+00 2.810682944588340296e-02 9.947084960666973119e-01 -9.881808534488654983e-02 -3.198120000000000129e-02 -9.465983189076554449e-01 5.825027717730270338e-02 3.171096464158231765e-01 -1.200751000000000041e-01
3.233598064171565034e-01 8.338706666008002810e-02 9.425948401660634302e-01 3.053074399999999855e+00 3.009570251211318020e-02 9.946995724804646999e-01 -9.832094994192772108e-02 -3.967659999999999937e-02 -9.457973801423652516e-01 6.016109723906340467e-02 3.191362688489518540e-01 -9.608269999999999311e-02
3.268191022036978644e-01 8.140789120561620074e-02 9.415742295136499962e-01 3.159978600000000082e+00 2.958296479667270329e-02 9.949138189740942551e-01 -9.628780300859440811e-02 -5.132960000000000300e-02 -9.446237995247672714e-01 5.932325061759188140e-02 3.227485543074587460e-01 -5.958979999999999833e-02
3.311180811594255369e-01 8.467576442852364771e-02 9.397823318448507157e-01 3.267720499999999806e+00 2.803928957102072572e-02 9.946426247243638219e-01 -9.949797647078513496e-02 -6.288019999999999721e-02 -9.431726324325003796e-01 5.929640798457889994e-02 3.269699090596470681e-01 -2.235689999999999900e-02
3.321009467745340560e-01 8.459933071542588556e-02 9.394423422403100910e-01 3.303557599999999983e+00 2.586831320745985527e-02 9.947782567060976522e-01 -9.872715106077947778e-02 -6.669830000000000203e-02 -9.428890663928916060e-01 5.708916908905934534e-02 3.281783588987273736e-01 -9.473199999999999329e-03
3.318597317414059278e-01 8.659349228811941135e-02 9.393458817399849003e-01 3.375498799999999910e+00 1.995613323521624322e-02 9.949105657101691147e-01 -9.876598090724084122e-02 -7.492079999999999573e-02 -9.431176338054656494e-01 5.152216349900858722e-02 3.284426821738627433e-01 1.671970000000000053e-02
3.323299629671224165e-01 8.679885210314834676e-02 9.391606651621683399e-01 3.412318899999999822e+00 1.774009714851725039e-02 9.950048603646479695e-01 -9.823755292090913249e-02 -7.894070000000000253e-02 -9.429963333266105918e-01 4.930808376222939327e-02 3.291301083284006168e-01 2.905970000000000081e-02
3.298921478116079720e-01 8.521509368038816812e-02 9.401646444220749244e-01 3.484547599999999967e+00 1.313354629774469984e-02 9.954067889502953292e-01 -9.483055664345356461e-02 -8.674610000000000654e-02 -9.439272645569091180e-01 4.363155189429925029e-02 3.272577071749508404e-01 5.474459999999999743e-02
3.272215065667220535e-01 8.568073817237488454e-02 9.410552038783068785e-01 3.557229799999999997e+00 1.141867665680215693e-02 9.954495252315341824e-01 -9.460368142794697843e-02 -9.442580000000000418e-02 -9.448786691758959133e-01 4.170196425289846021e-02 3.247541327124843225e-01 8.010570000000000190e-02
3.249110390440794749e-01 8.512499231215431283e-02 9.419058086619662706e-01 3.593761699999999948e+00 1.007890014754651842e-02 9.955727805533939323e-01 -9.345188276861823851e-02 -9.806549999999999989e-02 -9.456908757512216823e-01 3.985692292487527655e-02 3.226146202760317161e-01 9.275690000000000324e-02
3.176328469904716734e-01 8.182356323118569752e-02 9.446768119377546569e-01 3.666234000000000215e+00 7.381097739412832703e-03 9.960263170841648916e-01 -8.875300035444320945e-02 -1.057229999999999975e-01 -9.481850525656312367e-01 3.516362006259762807e-02 3.157667270552811933e-01 1.175969000000000042e-01
3.120080156541450989e-01 8.926824627589600991e-02 9.458764075577680286e-01 3.702157500000000212e+00 2.465094462051078961e-03 9.954966797843307624e-01 -9.476435958558854233e-02 -1.096623999999999932e-01 -9.500762713997524811e-01 3.189891448309076921e-02 3.103828889902672250e-01 1.299582999999999988e-01
2.962571498138039106e-01 8.810497269951189647e-02 9.510358641869504082e-01 3.775090699999999799e+00 5.985994714745986045e-03 9.955454082792876136e-01 -9.409308115531957173e-02 -1.172288999999999970e-01 -9.550894560466450800e-01 3.356864369683089377e-02 2.944100492661193558e-01 1.534736999999999907e-01
2.858923975235189152e-01 8.504853871301502888e-02 9.544801114224618077e-01 3.811696299999999926e+00 8.883170957072597518e-03 9.957756558073457276e-01 -9.138890838169538844e-02 -1.212682000000000065e-01 -9.582205520192111914e-01 3.460620412919154787e-02 2.839291889252795187e-01 1.644825000000000037e-01
2.599881808044197107e-01 8.588656672572669848e-02 9.617846138809228451e-01 3.884103099999999920e+00 1.207366197339079100e-02 9.956695113897201521e-01 -9.217619419084444043e-02 -1.289035000000000042e-01 -9.655363134178646112e-01 3.557698336035901993e-02 2.578253395739372733e-01 1.845977000000000035e-01
2.457204446268430043e-01 8.359865679664110760e-02 9.657291171307736954e-01 3.920439700000000194e+00 1.397544804798277890e-02 9.958650693083447303e-01 -8.976330309956109810e-02 -1.326852000000000031e-01 -9.692399857332777424e-01 3.555317585368362315e-02 2.435360789338456566e-01 1.941254000000000035e-01
2.154041783531918108e-01 8.884477953459521404e-02 9.724750100117924845e-01 3.994251300000000171e+00 1.833978208340421995e-02 9.953089733251109239e-01 -9.499315770963193128e-02 -1.399527000000000132e-01 -9.763527499531714504e-01 3.829690285079104944e-02 2.127643177107418904e-01 2.110541999999999974e-01
1.842324828384638291e-01 9.333175237755569897e-02 9.784414015490708882e-01 4.067058099999999676e+00 1.462333465278620181e-02 9.951108972930149399e-01 -9.767527922828447839e-02 -1.478802999999999923e-01 -9.827739060184738085e-01 3.230303525716032853e-02 1.819669298591557460e-01 2.256035000000000124e-01
1.520404851547749459e-01 8.880370182770050413e-02 9.843767537968364234e-01 4.140529599999999810e+00 6.788966936753036696e-03 9.958381392689739098e-01 -9.088624926378796598e-02 -1.551929999999999976e-01 -9.883509502205338748e-01 2.050129066679912820e-02 1.508048284345135936e-01 2.382206000000000046e-01
1.208925945755053716e-01 9.427030771604683057e-02 9.881791789245126800e-01 4.213449500000000292e+00 6.101434142022056639e-03 9.953910656247725308e-01 -9.570474897198391617e-02 -1.624349999999999961e-01 -9.926468420733594034e-01 1.759930559714590476e-02 1.197602244665783022e-01 2.488254000000000021e-01
9.192568358792425898e-02 9.549824285411745439e-02 9.911759451826241962e-01 4.286651100000000270e+00 1.060157965991883472e-02 9.952402800687363271e-01 -9.687306869000189558e-02 -1.704362000000000099e-01 -9.957094331207306803e-01 1.941315380043728139e-02 9.047571085055561291e-02 2.561568000000000178e-01
6.179387079780748748e-02 9.288524126731290131e-02 9.937574399653756885e-01 4.360422100000000079e+00 1.037735276538490070e-02 9.955466040567045871e-01 -9.369775718098043160e-02 -1.783102000000000020e-01 -9.980349833955757255e-01 1.610251861903236326e-02 6.055477530894726179e-02 2.613139999999999907e-01
2.955422855587388001e-02 9.728086124958944259e-02 9.948180645771391717e-01 4.433758700000000275e+00 9.651795993421488640e-03 9.951786396892141617e-01 -9.760285825951328653e-02 -1.864250000000000074e-01 -9.995165783560411299e-01 1.248635819057716118e-02 2.847280194445334089e-02 2.647212999999999927e-01
-2.222589236854053373e-03 1.015025449567512617e-01 9.948327967374149816e-01 4.507101500000000094e+00 1.474265187543976480e-02 9.947304618378530749e-01 -1.014591667003588438e-01 -1.941237000000000101e-01 -9.998888509793294466e-01 1.444097154468141492e-02 -3.707293902820207876e-03 2.652850999999999959e-01
-1.873819724574150858e-02 1.059270494145659602e-01 9.941973346203983875e-01 4.544180400000000120e+00 1.548568710848843150e-02 9.942833924967960924e-01 -1.056443510077086645e-01 -1.981157000000000057e-01 -9.997044930672055463e-01 1.341624416094388400e-02 -2.027143147032939297e-02 2.648608000000000073e-01
-5.304663834927801636e-02 1.069677917357172159e-01 9.928463857470727350e-01 4.618595100000000286e+00 1.548918314188250933e-02 9.942147758329905605e-01 -1.062876508393776759e-01 -2.063593999999999984e-01 -9.984719021411859741e-01 9.740176925521745743e-03 -5.439659537159846625e-02 2.621401999999999899e-01
-7.129128991754687950e-02 1.042983369672711158e-01 9.919876052087310825e-01 4.655745500000000092e+00 1.330892929093371868e-02 9.945290506463227986e-01 -1.036090721011094368e-01 -2.103943000000000063e-01 -9.973667451760264147e-01 5.815868497957440986e-03 -7.228935807290903792e-02 2.597843000000000235e-01
-1.085068790680113471e-01 1.053955498113806205e-01 9.884928099257358491e-01 4.730996099999999593e+00 1.264667054389372047e-02 9.944297172713999489e-01 -1.046403322418164583e-01 -2.185553000000000079e-01 -9.940152508483329763e-01 1.146947025939225318e-03 -1.092353678688615659e-01 2.530507000000000173e-01
-1.270471536580201899e-01 1.054310748701811490e-01 9.862775011116871049e-01 4.768842700000000434e+00 1.256388204005742804e-02 9.944261980902578957e-01 -1.046837399973776228e-01 -2.225210999999999995e-01 -9.918171049218091895e-01 -9.082970182132041326e-04 -1.276636415783592993e-01 2.485349000000000030e-01
-1.640514783075448790e-01 1.065010930754010932e-01 9.806857955731049792e-01 4.844501499999999794e+00 1.166000745296496416e-02 9.942947267274033774e-01 -1.060284897009998312e-01 -2.308129999999999904e-01 -9.863828651650969892e-01 -5.959326792766048153e-03 -1.643573233320350102e-01 2.373751000000000055e-01
-1.824586887896899323e-01 1.045125551667796110e-01 9.776430599649638120e-01 4.882486799999999683e+00 1.209796343123854812e-02 9.944978035836230523e-01 -1.040565132424004502e-01 -2.348220000000000030e-01 -9.831390879046378872e-01 -7.158524977975123937e-03 -1.827191543166074572e-01 2.306622999999999868e-01
-2.189389595967196622e-01 9.957442856490160421e-02 9.706444586699493060e-01 4.958448399999999978e+00 1.493505249540780233e-02 9.950046878249170224e-01 -9.870468789981004520e-02 -2.430238000000000120e-01 -9.756242494821790734e-01 -7.113675731490964882e-03 -2.193324404640631942e-01 2.147928000000000059e-01
-2.374783007675182467e-01 9.876553861798599565e-02 9.663588490028282019e-01 4.996573899999999568e+00 1.390914046979102592e-02 9.950615009189461846e-01 -9.828095034301342903e-02 -2.469709999999999961e-01 -9.712932577115745980e-01 -9.898372110269774982e-03 -2.376792581476196986e-01 2.059640000000000082e-01
-2.560594804741598285e-01 1.013589301009342469e-01 9.613323617501376983e-01 5.033851099999999690e+00 1.292028704029760111e-02 9.947575809820828896e-01 -1.014417136165943756e-01 -2.509935999999999834e-01 -9.665746782541428939e-01 -1.355442243213465792e-02 -2.560266958550055927e-01 1.965230000000000032e-01
-2.758294045016189688e-01 1.030009028549902228e-01 9.556719906031249101e-01 5.070653899999999936e+00 1.143638197104791115e-02 9.945233083200918367e-01 -1.038874312680410084e-01 -2.549248000000000069e-01 -9.611385689793613407e-01 -1.772577837829756447e-02 -2.754967295653233395e-01 1.864267000000000007e-01
-2.963015422214274053e-01 1.007386780260800530e-01 9.497668739363155366e-01 5.107652700000000046e+00 9.651472607144620519e-03 9.946869839455243500e-01 -1.024922096838083441e-01 -2.590684999999999794e-01 -9.550456769986014338e-01 -2.120195082802461134e-02 -2.956995639620877414e-01 1.755695999999999923e-01
-3.175976038570056392e-01 9.406736437510586357e-02 9.435481402577240440e-01 5.144726799999999933e+00 6.510934317027580742e-03 9.952600409603935550e-01 -9.703122488062829176e-02 -2.631700000000000150e-01 -9.482032323076144964e-01 -2.467350455522623193e-02 -3.167046706544685009e-01 1.637306000000000039e-01
-3.399343882453524368e-01 9.255710157927017623e-02 9.358834300464471401e-01 5.181722200000000278e+00 5.990108188592857541e-03 9.953380727862489730e-01 -9.626130825022516380e-02 -2.669505999999999823e-01 -9.404300773008844594e-01 -2.711648593384797384e-02 -3.389040659219839657e-01 1.510017999999999916e-01
-3.633104932916424445e-01 9.127679686700913841e-02 9.271860826273669032e-01 5.218104399999999643e+00 4.810128756867149136e-03 9.953597394299013024e-01 -9.610333908549383020e-02 -2.708923999999999777e-01 -9.316557025669548464e-01 -3.045546709111184025e-02 -3.620636910803628483e-01 1.374663000000000135e-01
-3.872893862220134764e-01 8.922736590161883807e-02 9.176303223488390115e-01 5.254342600000000196e+00 2.119578686889771191e-03 9.953893122102953628e-01 -9.589381900678126125e-02 -2.749144000000000032e-01 -9.219557683023441585e-01 -3.519366863192679995e-02 -3.856928402009297541e-01 1.229863999999999957e-01
-4.102942252682235669e-01 8.764404356283825304e-02 9.077318824077422743e-01 5.290052400000000432e+00 2.929590346991688132e-03 9.954926546391136277e-01 -9.479341780930468364e-02 -2.788001999999999980e-01 -9.119484997585920460e-01 -3.623390936023739017e-02 -4.087016486393553194e-01 1.074780999999999931e-01
-4.325840403109292298e-01 9.001524870332802686e-02 8.970887933026197025e-01 5.325781799999999677e+00 5.065315504248615874e-03 9.952304307018225993e-01 -9.742038998026590624e-02 -2.829926999999999859e-01 -9.015793867691934693e-01 -3.759846813292634649e-02 -4.309767563882564989e-01 9.058579999999999410e-02
-4.543759191731513436e-01 8.838633677039010872e-02 8.864143385279058540e-01 5.361045400000000072e+00 8.799701014178873404e-03 9.954622984587818690e-01 -9.474902431803791658e-02 -2.869466999999999990e-01 -8.907665739898499302e-01 -3.525149386154105557e-02 -4.530918702017449062e-01 7.301380000000000370e-02
-4.752712855979289719e-01 8.897422319335224206e-02 8.753289625582095779e-01 5.395970300000000108e+00 1.333474561582265183e-02 9.954878281511180260e-01 -9.394769056411866881e-02 -2.909533999999999732e-01 -8.797382506435952321e-01 -3.297835062748941809e-02 -4.743132285151208105e-01 5.399120000000000308e-02
-4.967107126736865497e-01 9.063834480314456044e-02 8.631704109656125334e-01 5.430233000000000310e+00 1.532656416189970283e-02 9.952929535759366120e-01 -9.569238733086081472e-02 -2.950147000000000186e-01 -8.677808273672501516e-01 -3.430199722224054615e-02 -4.957618466969557769e-01 3.471559999999999924e-02
-5.179048304043931683e-01 9.379239698803654157e-02 8.502808788341857937e-01 5.463949200000000062e+00 1.671151346163386037e-02 9.948907161518575348e-01 -9.956499501665036500e-02 -2.990153999999999868e-01 -8.552749920122875160e-01 -3.735571150550518610e-02 -5.168261205243974699e-01 1.479860000000000030e-02
-5.378568629460054318e-01 9.390551462074357703e-02 8.377898001919666937e-01 5.497184299999999801e+00 1.961221437249713317e-02 9.949016261804437544e-01 -9.892479603676614108e-02 -3.030924999999999869e-01 -8.428080184889613635e-01 -3.677646730345206227e-02 -5.369563626807944967e-01 -6.253899999999999737e-03
-5.564896649443259458e-01 9.147039774345248897e-02 8.258041045834099148e-01 5.529901999999999873e+00 2.134500152820770214e-02 9.951672837205243205e-01 -9.584606576210677464e-02 -3.072444999999999760e-01 -8.305803054009368580e-01 -3.571055514785351215e-02 -5.557527440608093228e-01 -2.779780000000000098e-02
-5.893872865219751400e-01 9.689129905971091694e-02 8.020191410763117812e-01 5.594402299999999606e+00 2.712890677505327280e-02 9.945954009858409828e-01 -1.002198121880335246e-01 -3.152342000000000199e-01 -8.073949770115329549e-01 -3.731038065117947555e-02 -5.888304395937852265e-01 -7.345669999999999977e-02
-6.042812556114125488e-01 9.691084122546819724e-02 7.908555196555605571e-01 5.626353700000000124e+00 2.630463605258343690e-02 9.944609901908557648e-01 -1.017615109496892989e-01 -3.190083000000000224e-01 -7.963367568050817580e-01 -4.068940699487649110e-02 -6.034833402170846073e-01 -9.789680000000000604e-02
-6.315621763306712433e-01 9.322570512105532448e-02 7.697000619287670542e-01 5.688669199999999648e+00 2.470010367540743240e-02 9.946601163453397954e-01 -1.002055778402543840e-01 -3.277509000000000117e-01 -7.749316888003032755e-01 -4.427438149265547351e-02 -6.304923923700844757e-01 -1.469986000000000070e-01
-6.554870965081580625e-01 8.887144714774754262e-02 7.499590203425582358e-01 5.748899500000000273e+00 2.329958054430872338e-02 9.949588511488921538e-01 -9.753980760149057183e-02 -3.364160999999999957e-01 -7.548468691448376733e-01 -4.646235467926311535e-02 -6.542533559255881981e-01 -1.972279000000000115e-01
-6.759127239076170302e-01 8.002335568155356793e-02 7.326242230538442257e-01 5.808651900000000090e+00 1.978229573269711661e-02 9.956992655762338940e-01 -9.050764225463232837e-02 -3.441717000000000248e-01 -7.367161260861130323e-01 -4.668227796939607155e-02 -6.745888484760612647e-01 -2.509904000000000024e-01
-6.839222441563685972e-01 7.868026500816471813e-02 7.252997861893805132e-01 5.837861499999999815e+00 2.205769738820826525e-02 9.959430714271221285e-01 -8.724022273149327489e-02 -3.478873000000000104e-01 -7.292213806067718851e-01 -4.366708571172682463e-02 -6.828831259383979502e-01 -2.787298999999999749e-01
-6.950937344667824647e-01 8.689383977283238192e-02 7.136484855407145833e-01 5.895981299999999869e+00 3.207360615729996228e-02 9.954284612383247355e-01 -8.996367236150021318e-02 -3.556497000000000130e-01 -7.182033027584102669e-01 -3.964390452811478172e-02 -6.947030853110393034e-01 -3.341444000000000081e-01
-6.986554956435273578e-01 9.039206587517285840e-02 7.097251389333169014e-01 5.924340700000000126e+00 3.572901832929616106e-02 9.951571365044682427e-01 -9.157352736163348883e-02 -3.597964000000000162e-01 -7.145655572838102154e-01 -3.862056564895741118e-02 -6.985016222261997143e-01 -3.620494000000000212e-01
-7.024762195715682500e-01 8.767914368688585480e-02 7.062857273786379286e-01 5.952631000000000228e+00 3.310451702102916449e-02 9.953337213836384034e-01 -9.063594226024251910e-02 -3.635361999999999760e-01 -7.109368831965617863e-01 -4.028834619256602828e-02 -7.021008455142506710e-01 -3.898422000000000276e-01
-7.108922472165747353e-01 7.494884239213041310e-02 6.992959916025885958e-01 6.009819000000000244e+00 2.195624143870113579e-02 9.961859181325981583e-01 -8.444844567070344810e-02 -3.711775999999999964e-01 -7.029581326859043466e-01 -4.467983368805084066e-02 -7.098264408659022973e-01 -4.457566000000000028e-01
-7.148698677917467714e-01 7.080327693206646400e-02 6.956636889324407935e-01 6.038102600000000209e+00 1.490606184254061536e-02 9.961774574903770052e-01 -8.607138030933700334e-02 -3.746614999999999807e-01 -6.990986206850626772e-01 -5.116023029355198926e-02 -7.131926453578681935e-01 -4.736642999999999826e-01
-7.189354201628903596e-01 7.198837862042878344e-02 6.913389436295417356e-01 6.093606000000000300e+00 1.259710156430830438e-02 9.958083705515543560e-01 -9.059250615606534440e-02 -3.822942999999999758e-01 -6.949627145879032630e-01 -5.642129458865708519e-02 -7.168287542011364533e-01 -5.306663999999999826e-01
-7.190284130528684647e-01 7.573871511106758381e-02 6.908413625833350613e-01 6.149128400000000383e+00 1.387560798150015012e-02 9.954103260001173625e-01 -9.468764647768937448e-02 -3.899535000000000085e-01 -6.948421466245539024e-01 -5.849726425795222923e-02 -7.167792277602065276e-01 -5.878955000000000153e-01
-7.174138863200704153e-01 7.791180611806577949e-02 6.922767265931698555e-01 6.205139599999999866e+00 1.379701275154370660e-02 9.951205490748519233e-01 -9.769716090091334904e-02 -3.984441000000000233e-01 -6.965105585375338526e-01 -6.053794905995854569e-02 -7.149882506512585945e-01 -6.451185000000000391e-01
-7.155394642602848077e-01 7.875559655514410839e-02 6.941187442342614533e-01 6.232575899999999613e+00 1.542480769003476415e-02 9.951637059535178853e-01 -9.701171919199147453e-02 -4.028051000000000270e-01 -6.984019977017749126e-01 -5.870906543374487113e-02 -7.132936949406367688e-01 -6.735389999999999988e-01
-7.115765562426487056e-01 7.689953106879723888e-02 6.983876192539868466e-01 6.287848900000000185e+00 1.223105038023462182e-02 9.951975923259674950e-01 -9.711927530204143844e-02 -4.112085999999999797e-01 -7.025021039203005468e-01 -6.056578530818075567e-02 -7.090998375670062304e-01 -7.290607999999999533e-01
-7.083765457906098240e-01 7.481707069048174064e-02 7.018583014448563917e-01 6.315728199999999681e+00 1.045841585748431141e-02 9.953697455151735429e-01 -9.554941784652810910e-02 -4.150970999999999966e-01 -7.057572464463367501e-01 -6.034464057688936067e-02 -7.058790501510369131e-01 -7.564570999999999934e-01
-7.042693276698528404e-01 7.144906297111386362e-02 7.063283553022646766e-01 6.343729999999999869e+00 8.384470466992179072e-03 9.956904139377389384e-01 -9.235962455251925385e-02 -4.194105000000000194e-01 -7.098833810975156977e-01 -5.912386145241180224e-02 -7.018332809496243829e-01 -7.838732999999999951e-01
-6.991151415051526374e-01 6.837992876841930689e-02 7.117318345134329149e-01 6.371741799999999678e+00 6.097402433756553275e-03 9.959504325518659940e-01 -8.969703218787039578e-02 -4.233450000000000268e-01 -7.149831051163317852e-01 -5.836883793067099840e-02 -6.967009675297084481e-01 -8.110734000000000554e-01
-6.931758779076337973e-01 6.983590098127108459e-02 7.173772711907692168e-01 6.399501800000000351e+00 7.759137891031747669e-03 9.959603460464376834e-01 -8.945828571042541144e-02 -4.273063999999999751e-01 -7.207267152438351365e-01 -5.644409656637485589e-02 -6.909175536173883803e-01 -8.381309999999999594e-01
-6.867998714658325454e-01 7.049232318477363646e-02 7.234201883598000427e-01 6.427925600000000017e+00 7.422208474971103698e-03 9.959142430778938904e-01 -8.999850696505840020e-02 -4.309760999999999731e-01 -7.268086731567456882e-01 -5.644158756270967192e-02 -6.845169828554519276e-01 -8.646894000000000524e-01
-6.789681825234314960e-01 7.395155004604142546e-02 7.304336899175837283e-01 6.456235399999999736e+00 9.018751652301024158e-03 9.956790295227401222e-01 -9.242257455453484205e-02 -4.348830000000000195e-01 -7.341123001554076266e-01 -5.616438742158829517e-02 -6.767013317159168428e-01 -8.911596999999999991e-01
-6.613574875679052445e-01 7.660248305555039661e-02 7.461490020281418278e-01 6.514014200000000088e+00 9.640490492131149891e-03 9.955573083774530430e-01 -9.366272833583343116e-02 -4.425813000000000108e-01 -7.500088896679417694e-01 -5.475130433117660067e-02 -6.591577657079492614e-01 -9.426638999999999990e-01
-6.505829128072314615e-01 7.904885696691156538e-02 7.553099706580627126e-01 6.543586300000000300e+00 1.034792015934626885e-02 9.953983746567192092e-01 -9.526277488682191597e-02 -4.464172000000000140e-01 -7.593647306213494597e-01 -5.416044629604035293e-02 -6.484071652483335280e-01 -9.680706000000000033e-01
-6.394683446838134167e-01 8.003590062837528940e-02 7.646401053815761184e-01 6.573523999999999923e+00 1.117876396043341464e-02 9.954293684325573599e-01 -9.484412316151641376e-02 -4.507404999999999884e-01 -7.687361519947268906e-01 -5.210208318834108621e-02 -6.374402729227065523e-01 -9.929162000000000265e-01
-6.277765691129917336e-01 7.873644734165607950e-02 7.744011564639705636e-01 6.603522299999999845e+00 1.044221764641596606e-02 9.956332823462411552e-01 -9.276490271150455991e-02 -4.545750000000000068e-01 -7.783235441404463550e-01 -5.014916693689581290e-02 -6.258574292058770583e-01 -1.017459799999999914e+00
-6.158940108027266547e-01 8.120055694724728768e-02 7.836332286272631453e-01 6.633879699999999602e+00 1.258652504389314725e-02 9.955614467222947406e-01 -9.326835040639891439e-02 -4.584700999999999915e-01 -7.877284727903715034e-01 -4.758019915540722539e-02 -6.141823652659538224e-01 -1.041415699999999944e+00
-6.036548818033908859e-01 8.249573150312122793e-02 7.929661013931801339e-01 6.664339499999999639e+00 1.448397022855672095e-02 9.956026135675875022e-01 -9.255079936881828451e-02 -4.623201000000000116e-01 -7.971141689126799434e-01 -4.438344444895982177e-02 -6.021952437353632615e-01 -1.064843399999999995e+00
-5.911601671891032472e-01 8.224064511622775075e-02 8.023503804572025278e-01 6.695218599999999576e+00 1.596248116189299959e-02 9.957860608045233652e-01 -9.030681204962488773e-02 -4.663564000000000043e-01 -8.063962152218393520e-01 -4.057828727628541576e-02 -5.899818189381902389e-01 -1.087584899999999966e+00
-5.783132472976341143e-01 8.211641199789662671e-02 8.116715363252909876e-01 6.726248700000000191e+00 1.804326792340098240e-02 9.959653872058142898e-01 -8.790556279677050333e-02 -4.701837999999999851e-01 -8.156152453716830619e-01 -3.619174448081069473e-02 -5.774616256936263570e-01 -1.109651699999999908e+00
-5.644387724639119419e-01 8.303394567525383685e-02 8.212881564986987959e-01 6.757120600000000366e+00 2.106354012764839745e-02 9.960528358526783421e-01 -8.622688366819497574e-02 -4.740257999999999972e-01 -8.252061557069986231e-01 -3.137056033029178570e-02 -5.639598288245717406e-01 -1.131307000000000063e+00
-5.492503815681419876e-01 8.479562796479939157e-02 8.313445253475275631e-01 6.788132700000000241e+00 2.447958373270012894e-02 9.960441269853101964e-01 -8.542158438208104221e-02 -4.775714999999999821e-01 -8.352992088632218426e-01 -2.656686989704660010e-02 -5.491533784803197538e-01 -1.152287599999999967e+00
-5.326750112726317266e-01 8.609732971687850123e-02 8.419290838196081816e-01 6.819504700000000419e+00 2.716313956511977670e-02 9.960386301636074968e-01 -8.467119386645141632e-02 -4.810803000000000162e-01 -8.458838550384252253e-01 -2.223279193955375252e-02 -5.329035623336599858e-01 -1.172385199999999905e+00
