9.994519043278979886e-01 2.262219710576497591e-03 -3.302685721226646109e-02 -6.146196999999999910e-01 -2.382735963873885195e-03 9.999906446995414644e-01 -3.610136108519537007e-03 1.648492000000000013e-01 3.301838131503148643e-02 3.686851688996153203e-03 9.994479444273016711e-01 -1.590257199999999926e+00
9.993988739209801464e-01 4.493848782410467734e-04 -3.466538415636080672e-02 -6.164507999999999655e-01 -4.788755214681074358e-04 9.999995304989842682e-01 -8.424250981162208218e-04 1.637268000000000057e-01 3.466498930782759003e-02 8.585190983348917407e-04 9.993986199016116068e-01 -1.529513099999999959e+00
9.996610186633122508e-01 5.320085877169255747e-05 -2.603545533877989898e-02 -6.291820999999999664e-01 -1.023858856632506678e-04 9.999982128130621151e-01 -1.887826213427048387e-03 1.646343000000000112e-01 2.603530837457843083e-02 1.889851938727293715e-03 9.996592375292143728e-01 -1.478803499999999937e+00
9.999062583728941522e-01 1.501922738011118299e-03 -1.360950751526788724e-02 -6.455878000000000450e-01 -1.542002561437465528e-03 9.999945040676413432e-01 -2.934972335935137015e-03 1.647601999999999955e-01 1.360502461664837154e-02 2.955683102301301293e-03 9.999030789244421902e-01 -1.430664699999999900e+00
9.999798781904259970e-01 1.705164171099458935e-03 -6.110288815631054193e-03 -6.559523999999999910e-01 -1.726013613752070850e-03 9.999927013429135148e-01 -3.408538969653206706e-03 1.643516999999999895e-01 6.104432100201440808e-03 3.419016825360870343e-03 9.999755228167747090e-01 -1.379688100000000084e+00
9.999946611558266918e-01 2.062347359766705107e-03 2.534636701989053092e-03 -6.662090999999999985e-01 -2.056043940165418193e-03 9.999947937260650344e-01 -2.487007052823821986e-03 1.624667999999999946e-01 -2.539752578405168968e-03 2.481782450649063290e-03 9.999936951864787371e-01 -1.326833200000000046e+00
9.999490336633749532e-01 2.250711056041484245e-03 9.841970098752575793e-03 -6.746659000000000406e-01 -2.225228256979000247e-03 9.999941457704758507e-01 -2.599381461138999816e-03 1.619498000000000049e-01 -9.847762938194103491e-03 2.577348350220347653e-03 9.999481880780597409e-01 -1.274332400000000032e+00
9.998424192146884160e-01 1.462379700024301959e-03 1.769175470472796052e-02 -6.828490000000000393e-01 -1.395102550020669479e-03 9.999917516633286541e-01 -3.814484786006732721e-03 1.609308999999999878e-01 -1.769718700229595820e-02 3.789201884395688481e-03 9.998362123474450192e-01 -1.221664400000000095e+00
9.996727917890707582e-01 4.796317618411227420e-04 2.557497429164580852e-02 -6.899920000000000497e-01 -3.978953412161611181e-04 9.999947977974126267e-01 -3.200946330290032390e-03 1.596608999999999945e-01 -2.557637652097633288e-02 3.189722791245648299e-03 9.996677821319303048e-01 -1.169037600000000010e+00
9.994322771295147678e-01 1.064668913526764385e-03 3.367476669284116125e-02 -6.958537000000000194e-01 -9.574414468980845753e-04 9.999944210828879410e-01 -3.200173272723027054e-03 1.586528000000000105e-01 -3.367798594911038806e-02 3.166114843820237029e-03 9.994277207378265970e-01 -1.118524700000000038e+00
9.991349988290435524e-01 2.312846088455129418e-03 4.151993325931663259e-02 -7.005183999999999855e-01 -2.215371415919593304e-03 9.999946815885196738e-01 -2.393517111806093851e-03 1.569876000000000049e-01 -4.152524827591662360e-02 2.299464643368098141e-03 9.991348088311092779e-01 -1.067441499999999932e+00
9.987353996333568906e-01 3.749519324220641422e-03 5.013524333277059875e-02 -7.046567000000000247e-01 -3.666132942245706704e-03 9.999917395392230457e-01 -1.755084775324813754e-03 1.558988000000000040e-01 -5.014140991684022663e-02 1.569062827324673804e-03 9.987408958550737514e-01 -1.016372800000000076e+00
9.981890366473483711e-01 6.561719201915000924e-03 5.979624535164326099e-02 -7.079739000000000448e-01 -6.571530140197552258e-03 9.999784067319392733e-01 -3.258018959333394194e-05 1.547361999999999904e-01 -5.979516793734401120e-02 -3.604316405350136256e-04 9.982106030194116686e-01 -9.632233000000000045e-01
9.976785027206409584e-01 8.863580717052659680e-03 6.752067939507472305e-02 -7.099760000000000515e-01 -8.986443941568469235e-03 9.999584717436516001e-01 1.516117866758241121e-03 1.537284999999999902e-01 -6.750443714590340094e-02 -2.119369003535830336e-03 9.977167229432619688e-01 -9.174706000000000250e-01
9.970861791183206480e-01 9.216065832955012971e-03 7.572460327919106060e-02 -7.112969000000000097e-01 -9.360379286918688729e-03 9.999549877346232130e-01 1.551065522324002535e-03 1.528577999999999881e-01 -7.570690002128774299e-02 -2.255357003260876746e-03 9.971275638823523524e-01 -8.694188999999999945e-01
9.964149461133162688e-01 1.061429556801403093e-02 8.393206712330947283e-02 -7.120395999999999948e-01 -1.063943010454754604e-02 9.999433887345567928e-01 -1.478279451019832796e-04 1.533538999999999874e-01 -8.392888471228088232e-02 -7.456913877358088867e-04 9.964714678581152452e-01 -8.232017000000000362e-01
9.956377430894094438e-01 1.120596199177599853e-02 9.262780873833766082e-02 -7.118769999999999820e-01 -1.126189407312786980e-02 9.999365795683041735e-01 8.113646597586053524e-05 1.530947000000000002e-01 -9.262102503056655889e-02 -1.123947098103563174e-03 9.957007996708688857e-01 -7.767768000000000450e-01
9.948466861934914807e-01 1.193532430357743465e-02 1.006857437952222573e-01 -7.111475000000000435e-01 -1.205490345638953603e-02 9.999271692137818857e-01 5.792847055446580760e-04 1.531710000000000016e-01 -1.006714968225159018e-01 -1.790056390559851326e-03 9.949181099093697966e-01 -7.333920999999999912e-01
9.939824520277916742e-01 1.177735118923890247e-02 1.089044492194149172e-01 -7.096835000000000226e-01 -1.164133342131412792e-02 9.999304612330834896e-01 -1.884689461632838448e-03 1.532389000000000112e-01 -1.089190727879767728e-01 6.055552479569655325e-04 9.940504357857548046e-01 -6.899172999999999556e-01
9.933156922217930562e-01 1.314028566773803308e-02 1.146789801075607101e-01 -7.078874000000000555e-01 -1.263886387369439479e-02 9.999071282204590183e-01 -5.098436416858965342e-03 1.530813000000000035e-01 -1.147353245775784986e-01 3.614944879907494232e-03 9.933895195076264395e-01 -6.533514999999999739e-01
9.928369917688040225e-01 9.112584368408891897e-03 1.191287898939645956e-01 -7.050033999999999468e-01 -8.347174962023496195e-03 9.999412003691200423e-01 -6.922461593728973517e-03 1.528683999999999876e-01 -1.191848666804015827e-01 5.878487092093896693e-03 9.928546776562433562e-01 -6.175176999999999472e-01
9.915066160160169728e-01 5.999728155986471315e-03 1.299177957730235922e-01 -6.991935000000000233e-01 -5.475803678611505104e-03 9.999753732684226737e-01 -4.389582070340977346e-03 1.523745999999999989e-01 -1.299409326214803762e-01 3.640895320277342737e-03 9.915150517822343135e-01 -5.469435999999999742e-01
9.912849245444117496e-01 4.945152410482318676e-03 1.316424849302727518e-01 -6.955073000000000505e-01 -4.231155000872298226e-03 9.999747866542075814e-01 -5.702927601730097169e-03 1.519559000000000049e-01 -1.316673676289557560e-01 5.096226398923283003e-03 9.912808546411820965e-01 -5.180179000000000311e-01
9.911687948758676203e-01 5.155079511646194941e-03 1.325060195596748924e-01 -6.920703000000000271e-01 -4.159821067202603036e-03 9.999610302981067900e-01 -7.786769152712083239e-03 1.513914000000000093e-01 -1.325409972537146541e-01 7.166801265374720883e-03 9.911516135317610665e-01 -4.908788000000000040e-01
9.910589280153248026e-01 6.129057170082709456e-03 1.332840420279978733e-01 -6.885084000000000204e-01 -4.999483445754934578e-03 9.999487112139239242e-01 -8.807957021244998755e-03 1.508292999999999995e-01 -1.333311905234138006e-01 8.062853081777841477e-03 9.910387399258370200e-01 -4.640617000000000214e-01
9.909685381916769620e-01 6.784614817660165713e-03 1.339228334378673169e-01 -6.851738000000000550e-01 -5.512986113408315826e-03 9.999361543396260155e-01 -9.863783685433733309e-03 1.501322999999999963e-01 -1.339812050190777315e-01 9.036384578781921431e-03 9.909426726382208894e-01 -4.384075000000000055e-01
9.907778491816642275e-01 7.209390514549040077e-03 1.353043911311231084e-01 -6.818125999999999909e-01 -6.087732015826685661e-03 9.999436073679341952e-01 -8.701816069414959262e-03 1.495055000000000134e-01 -1.353594957506073782e-01 7.797869735458523750e-03 9.907658654484065019e-01 -4.128712999999999966e-01
9.905699030554403484e-01 6.999292261613450361e-03 1.368293720974113892e-01 -6.784776000000000140e-01 -6.141952268735793169e-03 9.999587797351223717e-01 -6.686946461088259623e-03 1.488791999999999893e-01 -1.368705358470694022e-01 5.783488435313728464e-03 9.905720608206425304e-01 -3.878392999999999979e-01
9.903285333332932927e-01 6.449236229562210938e-03 1.385922199042336489e-01 -6.751905000000000268e-01 -5.759100371793651925e-03 9.999689433742634526e-01 -5.380060396203627075e-03 1.482282000000000044e-01 -1.386226129779545291e-01 4.529860816238695694e-03 9.903349188694448024e-01 -3.635470000000000090e-01
9.899825770849447482e-01 6.898719626118028289e-03 1.410209372248378557e-01 -6.718779999999999752e-01 -6.231437040381961057e-03 9.999672049019219244e-01 -5.172843806790983733e-03 1.477493000000000001e-01 -1.410519984284632489e-01 4.242262151012599243e-03 9.899930994462430300e-01 -3.392663000000000206e-01
9.895109776610121477e-01 6.418661630648065004e-03 1.443150230267767342e-01 -6.684771000000000463e-01 -5.668276283475002890e-03 9.999681976538725703e-01 -5.610198288815092769e-03 1.471310999999999869e-01 -1.443464434349597814e-01 4.733335371265732540e-03 9.895158916378964387e-01 -3.155469000000000190e-01
9.889643468609250476e-01 6.109258484588471136e-03 1.480276919995463514e-01 -6.651310000000000278e-01 -5.068505696092582072e-03 9.999597224954220875e-01 -7.406999182343340128e-03 1.465177000000000007e-01 -1.480669810861042213e-01 6.574978908486447081e-03 9.889554786563449218e-01 -2.923084000000000238e-01
9.884497201052724336e-01 6.400037874926193041e-03 1.514139700919574505e-01 -6.617037000000000058e-01 -5.060213285531601005e-03 9.999445768323695916e-01 -9.232415991394517588e-03 1.459710999999999925e-01 -1.514646660621334906e-01 8.359592019514942504e-03 9.884273226474233898e-01 -2.693929999999999936e-01
9.878074045655544921e-01 6.623922765325338663e-03 1.555398827717894561e-01 -6.582400000000000473e-01 -5.322589973954060596e-03 9.999472759037024705e-01 -8.781540225598790522e-03 1.453994999999999871e-01 -1.555898503162470858e-01 7.846595437745639695e-03 9.877905797377317665e-01 -2.464994000000000074e-01
9.869312807423539224e-01 6.963882623953185358e-03 1.609911532695409708e-01 -6.547551999999999817e-01 -5.603940993864983330e-03 9.999446929662348937e-01 -8.899823256642878239e-03 1.448251999999999873e-01 -1.610442266509244102e-01 7.881329041602359864e-03 9.869157216879989036e-01 -2.240622999999999920e-01
9.858416507142535590e-01 9.092656803413283126e-03 1.674322648393999358e-01 -6.511536999999999464e-01 -7.571071953764141847e-03 9.999240598054679463e-01 -9.723861970530236348e-03 1.442289999999999961e-01 -1.675079657403388822e-01 8.318546411864292250e-03 9.858356268664301147e-01 -2.017207000000000028e-01
9.845464280874149932e-01 1.011808310581904270e-02 1.748312195649742995e-01 -6.473989999999999467e-01 -8.549188565939202719e-03 9.999161683540576107e-01 -9.724589400266924269e-03 1.436601999999999879e-01 -1.749149573797979251e-01 8.079644695375453808e-03 9.845503933402393049e-01 -1.796755999999999909e-01
9.830530207563008549e-01 1.098103870193845727e-02 1.829922817250456413e-01 -6.434927999999999759e-01 -9.558428565430758528e-03 9.999168656675468947e-01 -8.654374440042585104e-03 1.430523999999999962e-01 -1.830721028045275423e-01 6.758590283145953816e-03 9.830762567736609503e-01 -1.579089999999999938e-01
9.810446015947714704e-01 1.321503837741981775e-02 1.933309402098886964e-01 -6.394826999999999595e-01 -1.184161224402227076e-02 9.998957860588540969e-01 -8.257919908103022316e-03 1.425365000000000104e-01 -1.934199211591672019e-01 5.812037717508705160e-03 9.810988504306545899e-01 -1.364458000000000060e-01
9.784209429805030833e-01 1.517419542150718302e-02 2.060635875899793079e-01 -6.352259000000000100e-01 -1.377299680717173659e-02 9.998712555726755324e-01 -8.232668976154435339e-03 1.419804000000000066e-01 -2.061619821792873564e-01 5.216902608944216924e-03 9.785039708816086756e-01 -1.152394999999999947e-01
9.751696181345873571e-01 1.695727450791334814e-02 2.208091182639576322e-01 -6.307253999999999916e-01 -1.553774234363814420e-02 9.998459504024367339e-01 -8.164191736527000309e-03 1.415648999999999935e-01 -2.209135451485622903e-01 4.530596551375288758e-03 9.752828714095120866e-01 -9.415089999999999570e-02
9.670495303137494059e-01 1.901066405829385242e-02 2.538775306560616118e-01 -6.208310000000000217e-01 -1.801444284297322451e-02 9.998182016286646379e-01 -6.248483102342764460e-03 1.405679999999999985e-01 -2.539501639476022254e-01 1.469130384175165553e-03 9.672161888052227541e-01 -5.358120000000000244e-02
9.619389300101330864e-01 1.896745957699632126e-02 2.726054482363758913e-01 -6.154317000000000260e-01 -1.766322853461720424e-02 9.998177958975658086e-01 -7.237773432993454756e-03 1.400849999999999873e-01 -2.726930605803791208e-01 2.147203699808623249e-03 9.620986873640235970e-01 -3.366399999999999948e-02
9.497674416017993781e-01 1.564660595346014510e-02 3.125651781553884234e-01 -6.035437000000000163e-01 -1.373952038434402868e-02 9.998711342675001834e-01 -8.303037891695093722e-03 1.390791999999999862e-01 -3.126548135768594250e-01 3.591459419215965732e-03 9.498600259861762485e-01 5.138900000000000065e-03
9.345358766031239828e-01 5.111185165930426377e-03 3.558322232848371569e-01 -5.898157000000000538e-01 -3.662777050542152801e-03 9.999820387197532190e-01 -4.744080750156687981e-03 1.380605000000000027e-01 -3.558500799577100637e-01 3.130179561232593680e-03 9.345378122740705118e-01 4.244690000000000268e-02
9.155258429162208555e-01 -5.405772148007786243e-03 4.022228344836070724e-01 -5.747953000000000090e-01 9.100853252961959433e-03 9.999321132538295798e-01 -7.276218372102362039e-03 1.371259999999999979e-01 -4.021561953055198257e-01 1.032213694998722169e-02 9.155128879847482803e-01 7.764139999999999930e-02
8.916818547482774360e-01 -1.165845814123470277e-02 4.525124863099811434e-01 -5.582331000000000376e-01 1.523566262490924812e-02 9.998748494310641943e-01 -4.261462141868283329e-03 1.361804000000000070e-01 -4.524061720368674488e-01 1.069419604157841562e-02 8.917478845918124231e-01 1.114749000000000018e-01
8.629873242793639765e-01 -1.868013674215907027e-02 5.048801151010386956e-01 -5.400165000000000104e-01 2.278228792191568791e-02 9.997385441652313354e-01 -1.952093088644016837e-03 1.355533999999999906e-01 -5.047116458832574537e-01 1.318695573959493411e-02 8.631872674617804275e-01 1.434911000000000103e-01
8.116317623962140404e-01 -1.836070039966906237e-02 5.838807814532426255e-01 -5.098551000000000055e-01 3.230156695928342730e-02 9.993873350619768559e-01 -1.347454228146387212e-02 1.344828000000000134e-01 -5.832756561366080339e-01 2.979663065773747316e-02 8.117275834661871192e-01 1.876767000000000019e-01
7.456443449108880461e-01 -1.970124712034635600e-02 6.660528295595745663e-01 -4.759073999999999804e-01 2.711065953626432684e-02 9.996321325776267308e-01 -7.820855547055124979e-04 1.332888999999999879e-01 -6.657924023612175057e-01 1.864028916645777897e-02 7.459041604508380718e-01 2.289622000000000046e-01
6.675947476807371217e-01 -2.781370435422684043e-03 7.445196551116658457e-01 -4.383832999999999758e-01 2.117756605651979762e-02 9.996593405979770086e-01 -1.525494841483758177e-02 1.326971999999999874e-01 -7.442235978286463327e-01 2.595123761439080065e-02 6.674262279093223782e-01 2.655730000000000035e-01
5.830619939058919732e-01 -3.585575856703448333e-03 8.124197529037937571e-01 -3.973919000000000201e-01 2.431928714562132943e-02 9.996191689330341523e-01 -1.304183171027151374e-02 1.309954999999999870e-01 -8.120635957455637488e-01 2.736166565481808893e-02 5.829271444334871433e-01 2.976675999999999767e-01
4.597855123144428124e-01 1.025834311633933710e-02 8.879707478640570528e-01 -3.387856000000000201e-01 2.277393297150108464e-02 9.994681869795009055e-01 -2.333862020169885643e-02 1.293167000000000066e-01 -8.877379290324114436e-01 3.095334573866003608e-02 4.593073695738270068e-01 3.330413999999999874e-01
3.589635478493554133e-01 3.349758655693544501e-02 9.327502790191295468e-01 -2.908823999999999854e-01 1.889827363453765521e-02 9.988900343730656717e-01 -4.314573540698795479e-02 1.271853000000000011e-01 -9.331602362772630777e-01 3.311511626185680707e-02 3.579320640930706565e-01 3.540107000000000115e-01
2.886508740069395063e-01 3.000813256764437234e-02 9.569640457795856037e-01 -2.571242999999999723e-01 1.320518363348719901e-02 9.992888624833528022e-01 -3.531844336791720163e-02 1.254176999999999931e-01 -9.573433532752164687e-01 2.283158550187817590e-02 2.880493406401664069e-01 3.654640000000000111e-01
2.149592085029461697e-01 3.231887025180364692e-02 9.760881257885652973e-01 -2.222637000000000085e-01 2.595996087786508685e-03 9.994298545142862311e-01 -3.366343282947709126e-02 1.237975999999999938e-01 -9.766195776678344709e-01 9.770185832398472006e-03 2.147527508198702195e-01 3.746116999999999919e-01
1.026216174054578462e-01 3.201302793645460082e-02 9.942051949589821858e-01 -1.675744000000000122e-01 -3.713792593182213900e-03 9.994873596316703468e-01 -3.179977485905764734e-02 1.218299000000000049e-01 -9.947135323225791970e-01 -4.289275599760368485e-04 1.026878991677482311e-01 3.830270000000000064e-01
3.010124647778942425e-02 3.058543938987637323e-02 9.990787986229170414e-01 -1.305911999999999906e-01 -1.557055720851751451e-04 9.995318629738434435e-01 -3.059461808574531066e-02 1.205419999999999964e-01 -9.995468426823517216e-01 7.653740039951003465e-04 3.009191729311733177e-02 3.847879000000000160e-01
-7.142083624694298138e-02 3.902028973007546503e-02 9.966827384575134285e-01 -7.473190000000000388e-02 1.136040319478511147e-02 9.992015218151503175e-01 -3.830483052487712592e-02 1.181074000000000013e-01 -9.973815746187810749e-01 8.586954737775752758e-03 -7.180709449136712941e-02 3.825285999999999964e-01
-1.002591648175947397e-01 4.382800944955318051e-02 9.939955761761559705e-01 -5.612280000000000046e-02 1.884575499469962750e-02 9.989337551142926097e-01 -4.214487408853134776e-02 1.173328000000000010e-01 -9.947828594164448424e-01 1.450718721697229208e-02 -1.009782359238543537e-01 3.804973999999999856e-01
-1.476136133789374139e-01 3.934811173149509178e-02 9.882620842916008952e-01 -1.830599999999999936e-02 2.224769886457781190e-02 9.990875813641932890e-01 -3.645606477772148774e-02 1.156365000000000032e-01 -9.887948528589965980e-01 1.660514579918347111e-02 -1.483543329078838013e-01 3.752327999999999775e-01
-1.665044121692317025e-01 3.676213048816145273e-02 9.853551778369814551e-01 6.746999999999999742e-04 2.260986701038612129e-02 9.991843627677038375e-01 -3.345748218665382800e-02 1.147746999999999934e-01 -9.857814537928529797e-01 1.670793112473818384e-02 -1.671997918526806348e-01 3.721320000000000183e-01
-1.825726821637452812e-01 4.016315181957264002e-02 9.823716898218586291e-01 1.945150000000000004e-02 2.435163025425235786e-02 9.990435053948244493e-01 -3.631903677662131485e-02 1.139700000000000019e-01 -9.828907435882670018e-01 1.729148820487552696e-02 -1.833760906011588920e-01 3.686111000000000248e-01
-1.968600106532155669e-01 4.473782508212558601e-02 9.794103650730562327e-01 3.831559999999999827e-02 2.745194673039525607e-02 9.988182295913620168e-01 -4.010654381380737016e-02 1.130897000000000013e-01 -9.800472064274902140e-01 1.899134652673273305e-02 -1.978555077089696468e-01 3.647987999999999786e-01
-2.085875701736372989e-01 5.044374811407982551e-02 9.767019268155771039e-01 5.709240000000000148e-02 3.188682502646877914e-02 9.984887837767008056e-01 -4.475912266629258895e-02 1.121834000000000026e-01 -9.774837369280314769e-01 2.180772680331746760e-02 -2.098808402234052517e-01 3.607888000000000206e-01
-2.171071696312185662e-01 5.455604695307011975e-02 9.746220368099501874e-01 7.602520000000000111e-02 3.727478619789671710e-02 9.981721266666755410e-01 -4.757095605122224624e-02 1.111537999999999971e-01 -9.754358344907277933e-01 2.600083242091756966e-02 -2.187438902113542083e-01 3.564179000000000097e-01
-2.224798746729782783e-01 6.039539589543901216e-02 9.730647982123952211e-01 9.485949999999999938e-02 4.143255121602370389e-02 9.977633913744746730e-01 -5.245530032931404463e-02 1.100798999999999944e-01 -9.740564917217213736e-01 2.864630844524561348e-02 -2.244846095999286639e-01 3.519715999999999956e-01
-2.259127149510970489e-01 6.526565095988656751e-02 9.719587645719373059e-01 1.138347999999999999e-01 4.319621190802570843e-02 9.974428767484431191e-01 -5.693676229455738730e-02 1.089211999999999958e-01 -9.731893610701985997e-01 2.912219820982357016e-02 -2.281542571840518008e-01 3.474897000000000125e-01
-2.284546656393043051e-01 6.935382541472373541e-02 9.710811050823601187e-01 1.328563000000000105e-01 4.541611152835897669e-02 9.971326432360380077e-01 -6.052989845320937146e-02 1.076083000000000039e-01 -9.724946491170413099e-01 3.027439005919356843e-02 -2.309493856784782251e-01 3.429017999999999788e-01
-2.307732322458458385e-01 7.241695966794839401e-02 9.703089710145197389e-01 1.520517999999999870e-01 4.578370492291766042e-02 9.969301481950259003e-01 -6.351481703803299461e-02 1.062951000000000035e-01 -9.719298162122286255e-01 2.976681998961824838e-02 -2.333803093351484170e-01 3.382670999999999872e-01
-2.335943626183995259e-01 7.612189767516433503e-02 9.693498493563792451e-01 1.711307999999999996e-01 4.661605055025278693e-02 9.966611819925517146e-01 -6.703306751377310913e-02 1.049730999999999997e-01 -9.712160509299667677e-01 2.952871489824093060e-02 -2.363629357840574263e-01 3.338063000000000002e-01
-2.352732900034507635e-01 7.984123736420503659e-02 9.686443391808496894e-01 1.903664999999999941e-01 4.800913138204757069e-02 9.963582951205884886e-01 -7.046467943825128477e-02 1.034935000000000022e-01 -9.707428095612624652e-01 2.992531638173416553e-02 -2.382496025695733932e-01 3.290409999999999724e-01
-2.370844725641104433e-01 8.155930697522220663e-02 9.680594156944701822e-01 2.097710000000000130e-01 5.067338230473872329e-02 9.961514432242773998e-01 -7.151580586127079253e-02 1.020023999999999931e-01 -9.701665636347169830e-01 3.209955775257117283e-02 -2.403049254536702151e-01 3.240397999999999890e-01
-2.393624105634258314e-01 8.052299268821917766e-02 9.675854918599178234e-01 2.291851000000000027e-01 5.098272399004015465e-02 9.962226216283558422e-01 -7.029402542521770436e-02 1.004744000000000054e-01 -9.695908406455897577e-01 3.250439669427458711e-02 -2.425635296818544617e-01 3.193641999999999870e-01
-2.434980599987557892e-01 8.124547045315215488e-02 9.664925598822208253e-01 2.679788000000000170e-01 5.024387870630468711e-02 9.962040583710262132e-01 -7.108464487948855381e-02 9.739499999999999547e-02 -9.685991159552999052e-01 3.125136182541227159e-02 -2.466558431391170370e-01 3.094450000000000256e-01
-2.459558681596322738e-01 8.315512061180094228e-02 9.657074799512939123e-01 2.872995999999999883e-01 4.947560519932903134e-02 9.960914835003635837e-01 -7.317049260600130833e-02 9.575699999999999490e-02 -9.680174974699589097e-01 2.978224998353217606e-02 -2.491086955084400589e-01 3.045984999999999943e-01
-2.509007076411507442e-01 8.814120484976414871e-02 9.639916819728281405e-01 3.265001000000000153e-01 4.533326149278985723e-02 9.958232323637462580e-01 -7.925266738127145771e-02 9.261410000000000475e-02 -9.669507383044891879e-01 2.381633666733878191e-02 -2.538484819733060061e-01 2.944082000000000088e-01
-2.555367063795604965e-01 9.336928286142104350e-02 9.622801924131195728e-01 3.656124000000000041e-01 3.953564624088188456e-02 9.955022655362624207e-01 -8.609397184753779519e-02 8.900429999999999453e-02 -9.659906440380271464e-01 1.604419926679843955e-02 -2.580787850655011928e-01 2.841477000000000031e-01
-2.606968917509124295e-01 8.700760980086960639e-02 9.614919690086612958e-01 4.053068000000000226e-01 3.535501114851928584e-02 9.961229126374194776e-01 -8.055536050091206823e-02 8.531809999999999394e-02 -9.647731100202269205e-01 1.299302718705097615e-02 -2.627623021409567494e-01 2.734053000000000178e-01
-2.653955555147710088e-01 8.591568732222648608e-02 9.603039590592945540e-01 4.450380999999999920e-01 3.373556726291833396e-02 9.962392778019514283e-01 -7.980734844671497075e-02 8.198170000000000457e-02 -9.635492258387503561e-01 1.121588322851477942e-02 -2.672958910064819893e-01 2.627869999999999928e-01
-2.672505302744527245e-01 9.140584433276108256e-02 9.592820886943731473e-01 4.849992000000000192e-01 3.602288780225080395e-02 9.957428398257549551e-01 -8.484426020731891671e-02 7.833600000000000285e-02 -9.629535324315554590e-01 1.188143752059658831e-02 -2.694055044352915429e-01 2.514982000000000051e-01
-2.674557499334357935e-01 9.036470478938329887e-02 9.593235335150865906e-01 5.255965999999999694e-01 3.225053210060987302e-02 9.958745354616411749e-01 -8.481634747080341041e-02 7.462660000000000127e-02 -9.630302824972699627e-01 8.254074593080217015e-03 -2.692666805340773184e-01 2.405345999999999873e-01
-2.681270557913378871e-01 8.940322705180636653e-02 9.592262219859251093e-01 5.666670999999999792e-01 2.413963161135148500e-02 9.959955107703754029e-01 -8.608263884737307747e-02 7.071099999999999608e-02 -9.630810766172992476e-01 7.428312179349333411e-05 -2.692115048501471097e-01 2.295187999999999950e-01
-2.685740098543195065e-01 8.791707282377492216e-02 9.592385467321831172e-01 6.079413999999999652e-01 1.639228381117710520e-02 9.960990874553188323e-01 -8.670583026610625965e-02 6.686519999999999964e-02 -9.631195638456448993e-01 -7.562822011661175792e-03 -2.689674877396787123e-01 2.182735000000000092e-01
-2.691234764844306904e-01 7.526978749984425399e-02 9.601598895468724804e-01 6.494220000000000548e-01 2.025180129691843758e-02 9.971632037306986662e-01 -7.249420438737981531e-02 6.318150000000000155e-02 -9.628927349134815961e-01 -6.492501333010824993e-05 -2.698843767904663959e-01 2.066756999999999900e-01
-2.674824049915934809e-01 7.414501404792815664e-02 9.607058238148379337e-01 6.915278000000000258e-01 3.391878590190847143e-02 9.971416512716938518e-01 -6.751328211618869146e-02 5.973749999999999893e-02 -9.629655647959870501e-01 1.452736008337801241e-02 -2.692327558566272039e-01 1.943052000000000112e-01
-2.665038109883583473e-01 8.017933749478707572e-02 9.604930986569236717e-01 7.124968000000000412e-01 3.934563604931870517e-02 9.966082211041771277e-01 -7.227706794995245043e-02 5.808139999999999831e-02 -9.630304458596085082e-01 1.852909783191084014e-02 -2.687545960183370664e-01 1.883878999999999970e-01
-2.642888251723082838e-01 9.070553353642138439e-02 9.601686951129548842e-01 7.543431000000000441e-01 4.375217626676553007e-02 9.956701546865566188e-01 -8.201640164241762176e-02 5.459060000000000301e-02 -9.634506546580179354e-01 2.033345155947755348e-02 -2.671130599328970234e-01 1.763667999999999902e-01
-2.643465967578810805e-01 8.361337824025057153e-02 9.607963778875205918e-01 7.970935000000000104e-01 4.019884540734712519e-02 9.963241749510151068e-01 -7.564516664067291729e-02 5.111650000000000221e-02 -9.635896064250810689e-01 1.862636269999482647e-02 -2.667360661817704814e-01 1.647911999999999988e-01
-2.646494876224496084e-01 8.110954503902009782e-02 9.609276197532978792e-01 8.184860000000000468e-01 3.779987591149875509e-02 9.965633193322868122e-01 -7.370698706696644786e-02 4.931289999999999979e-02 -9.636035585666185010e-01 1.681642842513933478e-02 -2.668059025823303898e-01 1.590733000000000008e-01
-2.640873199249224035e-01 8.663632117844885516e-02 9.605998309949550507e-01 8.611039999999999806e-01 3.665863209818825963e-02 9.961395145001047391e-01 -7.976347750810017234e-02 4.583020000000000149e-02 -9.638018635318990057e-01 1.414975279501987787e-02 -2.662437836800672919e-01 1.471918000000000115e-01
-2.632429947668175063e-01 8.882028749782007460e-02 9.606321263808541566e-01 8.825469000000000230e-01 3.596950216266416034e-02 9.959640397160151037e-01 -8.223032595536756972e-02 4.386380000000000140e-02 -9.640587744636561762e-01 1.290690208223826962e-02 -2.653753780181427047e-01 1.412509000000000126e-01
-2.628054774500044877e-01 8.781737508903056377e-02 9.608441026799029450e-01 9.040544000000000358e-01 3.619199870300279787e-02 9.960457583273130133e-01 -8.113560592027302398e-02 4.208549999999999791e-02 -9.641698088263069844e-01 1.345198686590619308e-02 -2.649445674045846078e-01 1.352435999999999916e-01
-2.623180230513332822e-01 8.190419712900171012e-02 9.614993277559237272e-01 9.255204999999999682e-01 3.749894939534152705e-02 9.965040815700467736e-01 -7.465550353780542325e-02 4.035400000000000098e-02 -9.642526036141593204e-01 1.647173053723532607e-02 -2.644723019834457345e-01 1.294127999999999945e-01
-2.628545857360327642e-01 8.319625359750812410e-02 9.612418270887288507e-01 9.687601000000000129e-01 3.451573256049980665e-02 9.964485226435230159e-01 -7.680498634432827987e-02 3.691359999999999780e-02 -9.642178856271805820e-01 1.298942296176069933e-02 -2.647926432659521989e-01 1.179863000000000023e-01
-2.626460035778791502e-01 8.553685928758346380e-02 9.610933994715521456e-01 1.012690700000000055e+00 3.252060460280140064e-02 9.962817542078520328e-01 -7.978142959858217087e-02 3.325550000000000034e-02 -9.643440709004419409e-01 1.030106478677905030e-02 -2.644511315601081325e-01 1.060432000000000041e-01
-2.616514718436168674e-01 8.114331755061546247e-02 9.617454285303097539e-01 1.057068899999999978e+00 3.240918808202059020e-02 9.966363872674252056e-01 -7.526988841760857973e-02 2.944139999999999951e-02 -9.646181378192788536e-01 1.147491139029019336e-02 -2.634011666615236891e-01 9.407540000000000346e-02
-2.597661763178356065e-01 8.210799032996121682e-02 9.621745224049461642e-01 1.101782899999999898e+00 3.633525191433978341e-02 9.965041524276078144e-01 -7.522781176437723372e-02 2.557450000000000001e-02 -9.649877113774728565e-01 1.541921264235311673e-02 -2.618414878737845841e-01 8.209339999999999693e-02
-2.576589109217706786e-01 8.256112901236596635e-02 9.627022102388728131e-01 1.146617999999999915e+00 3.671808579426552588e-02 9.964597598396657263e-01 -7.562889127761074359e-02 2.201089999999999991e-02 -9.655380198615756138e-01 1.586212458906980163e-02 -2.597782231160049582e-01 7.006110000000000115e-02
-2.544689756974568007e-01 7.960080181788543874e-02 9.637993840823081415e-01 1.214802299999999891e+00 3.601199149034721436e-02 9.966954910780608801e-01 -7.280957721043501696e-02 1.667389999999999844e-02 -9.664102011446206175e-01 1.618055668426966742e-02 -2.564946640945983125e-01 5.218860000000000166e-02
-2.529454244973929899e-01 8.009579567675333134e-02 9.641593622118397322e-01 1.237647699999999906e+00 3.373917708223213296e-02 9.966912869934595465e-01 -7.394691583247381406e-02 1.481960000000000048e-02 -9.668920726511555097e-01 1.382540944163916652e-02 -2.548108669152938655e-01 4.627740000000000326e-02
-2.498727687323450408e-01 8.125975851782084314e-02 9.648629182902911383e-01 1.283988099999999966e+00 3.135343103257168251e-02 9.966288128668731039e-01 -7.581537921855206752e-02 1.100469999999999920e-02 -9.677709242421562719e-01 1.130756424666817805e-02 -2.515781731038877478e-01 3.400720000000000132e-02
-2.497043926102479328e-01 7.933662812314887236e-02 9.650665343639246441e-01 1.307255300000000009e+00 2.759416715627532185e-02 9.968161753914118739e-01 -7.480691423250671046e-02 9.003000000000000586e-03 -9.679288601183966279e-01 7.950592184690449815e-03 -2.510986057982282915e-01 2.821130000000000165e-02
-2.492508716106682232e-01 8.015970061102929700e-02 9.651157575126793065e-01 1.330584999999999907e+00 2.513158730000481303e-02 9.967682734523969357e-01 -7.629818057142594145e-02 7.083100000000000160e-03 -9.681128066093872553e-01 5.237502904804125503e-03 -2.504599014657191702e-01 2.211400000000000171e-02
-2.499074535765984095e-01 7.884274487023931743e-02 9.650544472868801682e-01 1.354057700000000031e+00 2.278051806986320857e-02 9.968822285573071262e-01 -7.554383087377464223e-02 5.093900000000000164e-03 -9.680017110745869902e-01 3.105473867734361015e-03 -2.509243778287153503e-01 1.618440000000000156e-02
-2.522848716976822114e-01 7.421114702307557431e-02 9.648031141999924287e-01 1.401044799999999979e+00 1.767609105456761226e-02 9.972419088049572222e-01 -7.208419471753775565e-02 1.255800000000000059e-03 -9.674915499979908073e-01 -1.131804119415297238e-03 -2.529008100064541464e-01 4.094699999999999729e-03
-2.539858148666115367e-01 7.307889372296820507e-02 9.644431974661703544e-01 1.424930800000000053e+00 1.611573727964566230e-02 9.973228435553872506e-01 -7.132621351599971460e-02 -6.453000000000000186e-04 -9.670736729218084582e-01 -2.573133269704881709e-03 -2.544835753574277160e-01 -1.914600000000000026e-03
-2.552788331832334112e-01 7.353033108972628629e-02 9.640674290413722147e-01 1.448614800000000091e+00 1.611030950038757140e-02 9.972890585680768138e-01 -7.179827009197914389e-02 -2.499900000000000212e-03 -9.667332492763491825e-01 -2.797153952555669898e-03 -2.557713836091853876e-01 -8.170000000000000179e-03
-2.575526168869909927e-01 7.207777166171883132e-02 9.635722310065522045e-01 1.472530700000000081e+00 1.497745894616986720e-02 9.973919560334005840e-01 -7.060426165170842483e-02 -4.329099999999999789e-03 -9.661481901127688676e-01 -3.752448820201370605e-03 -2.579604502044318126e-01 -1.444190000000000057e-02
-2.605164837221694007e-01 6.715218847643988909e-02 9.631312191450660531e-01 1.496374700000000058e+00 1.292994366083433100e-02 9.977313975065476015e-01 -6.606720053520664937e-02 -6.193999999999999853e-03 -9.653828143622427138e-01 -4.758362371263077928e-03 -2.607937493913139448e-01 -2.071469999999999909e-02
-2.647393106595580803e-01 6.674879184966583945e-02 9.620071185693543914e-01 1.519957100000000061e+00 1.226510784923112024e-02 9.977539004969145919e-01 -6.585378631969333874e-02 -8.096700000000000078e-03 -9.642420155339366250e-01 -5.634964933616256472e-03 -2.649633609562804804e-01 -2.705489999999999978e-02
-2.701968748747985982e-01 7.153092965050651675e-02 9.601442469291928683e-01 1.543258299999999972e+00 7.631352547353115190e-03 9.973641445139800332e-01 -7.215625888441495883e-02 -9.969999999999999696e-03 -9.627748497266589434e-01 -1.216919640859629240e-02 -2.700305527020573360e-01 -3.340499999999999720e-02
-2.771828787467737754e-01 7.414770773293988260e-02 9.579518616128902542e-01 1.566530500000000048e+00 8.196047364863991158e-03 9.971640258312990390e-01 -7.481129858189382309e-02 -1.195079999999999927e-02 -9.607822211808690893e-01 -1.288499227267487710e-02 -2.770045133872169885e-01 -3.995309999999999834e-02
-2.963056115886014141e-01 6.846370195429124506e-02 9.526361876686290087e-01 1.613091800000000076e+00 1.201545572770345779e-02 9.976157579620579252e-01 -6.795901919130686863e-02 -1.591539999999999969e-02 -9.550175984581440458e-01 -8.690280806901058003e-03 -2.964217698731601569e-01 -5.394979999999999914e-02
-3.090708293123266004e-01 6.934398089215089434e-02 9.485075828807170151e-01 1.635974299999999992e+00 1.219722429754998075e-02 9.975452331880210188e-01 -6.895458986385270828e-02 -1.778000000000000067e-02 -9.509608037072960762e-01 -9.742692537789202772e-03 -3.091579365866063966e-01 -6.115829999999999878e-02
-3.224751742990135672e-01 6.992211174253257222e-02 9.439918750976010742e-01 1.658847799999999983e+00 1.419450960406669696e-02 9.975130770014549730e-01 -6.903750508375365580e-02 -1.955590000000000106e-02 -9.464714881378730738e-01 -8.863379747818683069e-03 -3.226657134582555653e-01 -6.887300000000000366e-02
-3.366128027387424448e-01 6.784284366991810700e-02 9.391960229872927668e-01 1.681553099999999912e+00 1.515382250635045891e-02 9.976623402607941449e-01 -6.663494945448292239e-02 -2.140589999999999854e-02 -9.415212067159265397e-01 -8.197767265208252829e-03 -3.368539949533788658e-01 -7.674259999999999415e-02
-3.514189137948972030e-01 7.074950643221553093e-02 9.335412440630637132e-01 1.703897400000000006e+00 1.918028759865601438e-02 9.974753237957714180e-01 -6.837466625990849811e-02 -2.321859999999999896e-02 -9.360218285888677325e-01 -6.122561401808956222e-03 -3.518886907063561997e-01 -8.507919999999999372e-02
-3.656704088593248358e-01 7.364123417716952891e-02 9.278265574521555870e-01 1.725842000000000098e+00 1.956995460461399480e-02 9.972529865154473594e-01 -7.143876932586734618e-02 -2.508190000000000072e-02 -9.305386445287633368e-01 -7.965520377502928462e-03 -3.661070629251612640e-01 -9.371619999999999950e-02
-3.799407993338721479e-01 7.736294255547095100e-02 9.217700169351878969e-01 1.747864000000000084e+00 1.965016970718442071e-02 9.969466430206300744e-01 -7.557289064456382266e-02 -2.687439999999999968e-02 -9.248020652182911139e-01 -1.060028721569621080e-02 -3.803008993927409209e-01 -1.027349000000000040e-01
-3.949099424430128624e-01 7.462830944324001792e-02 9.156837624361917616e-01 1.769622900000000110e+00 1.611434969356473693e-02 9.971046550241413620e-01 -7.431443105576128472e-02 -2.881349999999999884e-02 -9.185785024120745046e-01 -1.459185933430008977e-02 -3.949691286006518087e-01 -1.119856000000000046e-01
-4.099444243170417002e-01 6.826861494732713864e-02 9.095520684295888003e-01 1.791297700000000104e+00 1.062314249795519652e-02 9.974847620781509550e-01 -7.008065542903202383e-02 -3.072039999999999840e-02 -9.120486378559193863e-01 -1.906687271337805661e-02 -4.096385437798724105e-01 -1.215323999999999988e-01
-4.247719026518496643e-01 6.369434192539270845e-02 9.030569536436882094e-01 1.812972800000000051e+00 6.770184737104289335e-03 9.977174690953596325e-01 -6.718643062833032364e-02 -3.255380000000000079e-02 -9.052750937235337636e-01 -2.242504556608799007e-02 -4.242335701181672025e-01 -1.313946000000000003e-01
-4.394254581973098817e-01 6.454550631347481804e-02 8.959571107496283604e-01 1.834381700000000004e+00 4.927962322540339196e-03 9.975733253811173151e-01 -6.944908692997436850e-02 -3.426189999999999791e-02 -8.982655408482683734e-01 -2.610245396120251110e-02 -4.386771934142136287e-01 -1.414490999999999943e-01
-4.528278048250478083e-01 6.674165487495038740e-02 8.890964687152238533e-01 1.855291100000000082e+00 5.379707689634555257e-03 9.973807119491187034e-01 -7.213025840133407973e-02 -3.596529999999999866e-02 -8.915817617709000942e-01 -2.787950746376536421e-02 -4.520007689607123957e-01 -1.518933000000000089e-01
-4.790745442472434945e-01 6.886325268667778388e-02 8.750688164274318392e-01 1.896917600000000093e+00 9.153822217982471310e-03 9.972556192940444930e-01 -7.346725342118994029e-02 -3.983219999999999816e-02 -8.777264884877846729e-01 -2.718606657577626873e-02 -4.783901432837427414e-01 -1.738616000000000050e-01
-4.918543139264069386e-01 6.665954425904738190e-02 8.681220185153467606e-01 1.917200800000000038e+00 8.831211929526565363e-03 9.973955926923643300e-01 -7.158240966678224015e-02 -4.178599999999999676e-02 -8.706327259917580053e-01 -2.754154746965675402e-02 -4.911620095194021429e-01 -1.853882000000000030e-01
-5.054411524462919525e-01 6.507144857393257209e-02 8.604039446645130873e-01 1.937508699999999973e+00 8.368870241843556074e-03 9.974751358504505561e-01 -7.052173686885784831e-02 -4.367130000000000317e-02 -8.628204931645049314e-01 -2.844397898704200886e-02 -5.047095567103373481e-01 -1.970678999999999903e-01
-5.191225952341821381e-01 6.567946778744820913e-02 8.521724817362297255e-01 1.957440000000000069e+00 7.046747138794207804e-03 9.973380557960590531e-01 -7.257510465510048914e-02 -4.564409999999999995e-02 -8.546707403860793750e-01 -3.167033268051420991e-02 -5.182035464523724322e-01 -2.090306000000000108e-01
-5.330884470125112351e-01 6.734402823160924589e-02 8.433750586324747500e-01 1.977394899999999955e+00 7.536501980871513490e-03 9.971655324140732413e-01 -7.486055104826697115e-02 -4.754579999999999917e-02 -8.460259504292301225e-01 -3.355119710082014872e-02 -5.320849634911896109e-01 -2.213220999999999938e-01
-5.464729861509844966e-01 6.919704531580085638e-02 8.346131105648821880e-01 1.996975500000000014e+00 8.902537510667007242e-03 9.970043290989130114e-01 -7.683171600255701839e-02 -4.937819999999999709e-02 -8.374294120898169158e-01 -3.455628275132341387e-02 -5.454519622196931650e-01 -2.339939000000000047e-01
