9.999999999955000440e-01 1.799999999995302079e-12 2.999999999992170103e-06 -1.377999999999999885e-04 1.799999999995302079e-12 9.999999999992800204e-01 -1.199999999996868041e-06 4.069999999999999996e-05 -2.999999999992170103e-06 1.199999999996868041e-06 9.999999999947800644e-01 -1.499000000000000115e-04
9.980367565873243807e-01 -4.910112553125777282e-03 6.243815576528181227e-02 2.417599999999999784e-03 5.583780345098354400e-03 9.999280217455276398e-01 -1.061945032162144031e-02 -9.313000000000000314e-04 -6.238151887948586299e-02 1.094724270267765157e-02 9.979923366336522772e-01 5.106089999999999934e-02
9.955306796623424326e-01 -8.435537097783584945e-03 9.406119053523913365e-02 4.976500000000000021e-03 9.764836963429867830e-03 9.998587293782132956e-01 -1.368098115131252505e-02 -1.546899999999999924e-03 -9.393249602833024514e-02 1.453832865417657542e-02 9.954724120686775368e-01 7.647180000000000644e-02
9.867782586225867236e-01 -4.964306452815995564e-03 1.620000739852240357e-01 1.231849999999999959e-02 6.039479045673412476e-03 9.999628806147012883e-01 -6.145086297651801768e-03 -2.803299999999999889e-03 -1.619635545504988228e-01 7.042233608113665499e-03 9.867716118449985085e-01 1.269981000000000027e-01
9.801477383898744566e-01 -3.714877968612041378e-03 1.982337272284728502e-01 1.721939999999999929e-02 4.459035397944443105e-03 9.999845880259097264e-01 -3.307675009968839060e-03 -3.426100000000000066e-03 -1.982183844463830946e-01 4.125941387127886328e-03 9.801491971506868239e-01 1.517936000000000007e-01
9.626707568349573974e-01 5.575958476536187029e-03 2.706176687171004125e-01 2.947829999999999895e-02 -1.045535124074954518e-03 9.998569367933944907e-01 -1.688232218725477934e-02 -4.432900000000000035e-03 -2.706730884131532400e-01 1.596917759929714076e-02 9.625388639300168636e-01 2.000687999999999911e-01
9.522976568818933840e-01 7.060528170564132205e-03 3.050890388709637246e-01 3.702389999999999848e-02 -1.141877384477003963e-03 9.998077619947535188e-01 -1.957383894592979942e-02 -5.076899999999999642e-03 -3.051685908039923900e-01 1.829174669065391709e-02 9.521226513373739486e-01 2.237927000000000111e-01
9.280281617688588280e-01 4.830150606268721926e-03 3.724787250421605633e-01 5.471840000000000037e-02 1.628679951669298985e-03 9.998537626130096223e-01 -1.702353636064723313e-02 -6.677200000000000323e-03 -3.725064809711741698e-01 1.640496978747629092e-02 9.278845825859723950e-01 2.701246999999999954e-01
8.988940730668770751e-01 7.298117414528480784e-03 4.381052189685072373e-01 7.552920000000000467e-02 3.453441304514275143e-03 9.997122191554370652e-01 -2.373926314079141675e-02 -8.067299999999999471e-03 -4.381523926083208953e-01 2.285205359514149576e-02 8.986101849512326822e-01 3.145783999999999803e-01
8.651571598027866239e-01 1.050897142668857920e-02 5.013907162697854858e-01 9.939589999999999537e-02 3.444199571103094722e-03 9.996323318106733469e-01 -2.689495655453282355e-02 -9.828399999999999290e-03 -5.014890091829429242e-01 2.499525391567042690e-02 8.648028740414783755e-01 3.577025999999999817e-01
8.464707611670322374e-01 1.564539027997017412e-02 5.322052914546158142e-01 1.123216999999999965e-01 2.577418737285818058e-03 9.994360614948998300e-01 -3.348008208197220809e-02 -1.094730000000000009e-02 -5.324289693489243636e-01 2.971162645413951905e-02 8.459530789893089375e-01 3.785995999999999806e-01
8.265685991634464935e-01 2.258220805536009790e-02 5.623827831258013665e-01 1.262340000000000129e-01 2.409780370117920942e-03 9.990436323728331125e-01 -4.365791536323351818e-02 -1.194629999999999997e-02 -5.628308305659396327e-01 3.744148093545307532e-02 8.257236775518882466e-01 3.989389999999999881e-01
8.053912191943629617e-01 2.953148514419413895e-02 5.920074960925713059e-01 1.409331000000000056e-01 1.799695161272230406e-03 9.986316942876043434e-01 -5.226375667319746454e-02 -1.321510000000000046e-02 -5.927408752076611664e-01 4.315820373285872424e-02 8.042360501175068732e-01 4.190305999999999753e-01
7.830655853690480228e-01 3.438803063225221585e-02 6.209877231957693366e-01 1.564658999999999911e-01 4.377374259416227931e-04 9.984395266953949299e-01 -5.584191900554436733e-02 -1.459030000000000049e-02 -6.219389820525612622e-01 4.399971456170063272e-02 7.818285794993125037e-01 4.386076999999999892e-01
7.595177976111605611e-01 3.539492044104280977e-02 6.495228361796561156e-01 1.726977000000000095e-01 -6.332960391786171539e-04 9.985582777893725615e-01 -5.367461964885215930e-02 -1.610460000000000017e-02 -6.504862135726006134e-01 4.035548866380427036e-02 7.584451993959000493e-01 4.578534000000000215e-01
7.349310762972216526e-01 3.694880211734870301e-02 6.771344763890703167e-01 1.900421999999999945e-01 -4.400295465201185113e-03 9.987533775735835118e-01 -4.972251185507256532e-02 -1.753060000000000035e-02 -6.781275326164144523e-01 3.356302738806363206e-02 7.341774803820406703e-01 4.769045000000000090e-01
7.088168608494891387e-01 3.992377908141361842e-02 7.042618473546145008e-01 2.077862000000000042e-01 -7.287471356031822306e-03 9.987582274944141192e-01 -4.928382872150879196e-02 -1.888329999999999870e-02 -7.053549110460002325e-01 2.980092072528094799e-02 7.082276149566710810e-01 4.951942999999999762e-01
6.811374362031185070e-01 4.538858058544741059e-02 7.307473364680032724e-01 2.261865000000000125e-01 -1.348107459770447533e-02 9.986848719329145529e-01 -4.946500985574735221e-02 -2.050499999999999892e-02 -7.320314567218637603e-01 2.384121063990674028e-02 6.808535400839814677e-01 5.131932999999999634e-01
6.232598179845331154e-01 5.025371301047990014e-02 7.803984646413312243e-01 2.659889999999999755e-01 -1.955547736003017747e-02 9.986225630995394509e-01 -4.868839465137089068e-02 -2.362070000000000142e-02 -7.817702876108224563e-01 1.508445548127667485e-02 6.233840522597007272e-01 5.472751999999999617e-01
5.932399559346784867e-01 5.072308140390782011e-02 8.034261158908848621e-01 2.869640999999999997e-01 -1.928189461162051893e-02 9.986219974510704978e-01 -4.880896174905348384e-02 -2.500020000000000020e-02 -8.047947335953480330e-01 1.346384862239425120e-02 5.934005068732803867e-01 5.631384000000000389e-01
5.333976243859240851e-01 4.873283384866654300e-02 8.444596409565888750e-01 3.315054000000000056e-01 -1.457089194996180614e-02 9.987202239578182317e-01 -4.843142952079607100e-02 -2.791909999999999878e-02 -8.457391225473936958e-01 1.352867926752495190e-02 5.334250757417027256e-01 5.922838000000000269e-01
4.742625538210332170e-01 4.750095310985358310e-02 8.791010689885475626e-01 3.782541999999999849e-01 -2.743446562555942880e-03 9.986182677632612359e-01 -5.247884135974993647e-02 -3.124609999999999888e-02 -8.803791816848635099e-01 2.247698251898798752e-02 4.737375662882680194e-01 6.181284999999999696e-01
4.190667659065364092e-01 5.336924588946963255e-02 9.063855522380229734e-01 4.269189999999999929e-01 6.352828531352047031e-03 9.980741988835551970e-01 -6.170522743334406340e-02 -3.460540000000000144e-02 -9.079331953851493830e-01 3.161672209668178052e-02 4.179206809929053579e-01 6.414252999999999760e-01
3.753966868394224554e-01 4.861056579762181029e-02 9.255886453510653311e-01 4.778932000000000180e-01 1.062559943816069122e-02 9.983324184308649540e-01 -5.674045247052618424e-02 -3.812610000000000304e-02 -9.268033362836824995e-01 3.113511205721544717e-02 3.742541658427067652e-01 6.625912999999999942e-01
3.422890227590825729e-01 4.827309664193948913e-02 9.383538421295190002e-01 5.293099999999999472e-01 1.408760543184338701e-02 9.983034319838370862e-01 -5.649599156125109656e-02 -4.191240000000000243e-02 -9.394890974736369582e-01 3.255711642468094025e-02 3.410282538123209362e-01 6.821604000000000001e-01
3.286823155219960046e-01 5.174346984464183591e-02 9.430220298548365188e-01 5.560779999999999612e-01 1.768902890639655751e-02 9.979856123194332795e-01 -6.092467365324541473e-02 -4.347630000000000244e-02 -9.442748719093653209e-01 3.670600675424161297e-02 3.271049301809891841e-01 6.914266000000000023e-01
3.089451093377802993e-01 5.688111201699327935e-02 9.493774057307122760e-01 6.094502000000000530e-01 2.705311501034788832e-02 9.972804882915556890e-01 -6.855477110452129486e-02 -4.760110000000000036e-02 -9.506950343745905752e-01 4.686327739997150216e-02 3.065661182303573984e-01 7.088356000000000101e-01
3.037100034404349724e-01 6.056041942175721671e-02 9.508378775636107116e-01 6.361752000000000518e-01 3.111179985762669090e-02 9.968152453222333120e-01 -7.342630729374102772e-02 -4.990610000000000185e-02 -9.522564201515421045e-01 5.188258178461013781e-02 3.008586179379498793e-01 7.172296000000000227e-01
2.978043285165078990e-01 6.732371060329185586e-02 9.522500196416043838e-01 6.901831999999999967e-01 3.527559010031507125e-02 9.960527671547829698e-01 -8.145254929327992721e-02 -5.472450000000000231e-02 -9.539749549437377407e-01 5.784810311413719763e-02 2.942539418702657672e-01 7.338116000000000083e-01
2.933138048088288485e-01 7.277582893794365404e-02 9.532421993548980677e-01 7.444986000000000104e-01 3.720682226899479222e-02 9.954739528971502383e-01 -8.744862194434906144e-02 -6.003599999999999909e-02 -9.552919262116745802e-01 6.111700111848926420e-02 2.892784953795751735e-01 7.502109000000000139e-01
2.893187418263076238e-01 7.612555542941247533e-02 9.542010089276817819e-01 7.999865000000000448e-01 4.159731771980491877e-02 9.948912242490298707e-01 -9.198431970061021756e-02 -6.559589999999999865e-02 -9.563285673797263797e-01 6.630499018045257764e-02 2.846740583379703260e-01 7.668688999999999645e-01
2.857875085968914486e-01 7.514619140806366726e-02 9.553421114170796979e-01 8.565715999999999886e-01 4.120559356720224220e-02 9.950350048681361192e-01 -9.059491236180419738e-02 -7.124540000000000040e-02 -9.574067051095662695e-01 6.525633305611877599e-02 2.812721315866765215e-01 7.831257999999999830e-01
2.809985104879874074e-01 7.874427400556138767e-02 9.564722559566843918e-01 9.119507999999999504e-01 4.034871059663761028e-02 9.947776566627843930e-01 -9.375177522419583798e-02 -7.713849999999999874e-02 -9.588596449203193872e-01 6.493653144291297585e-02 2.763538098659802378e-01 7.998551999999999884e-01
2.757371311826061766e-01 8.631037457867542229e-02 9.573502774467008702e-01 9.687031999999999865e-01 3.611729434008807693e-02 9.943270205513810023e-01 -1.000465754084811226e-01 -8.285610000000000197e-02 -9.605543063964356865e-01 6.216345744488634140e-02 2.710555829009247963e-01 8.165616999999999459e-01
2.709170352093782097e-01 9.458547101374117916e-02 9.579444392585977353e-01 1.024959200000000070e+00 3.125684922940771132e-02 9.937715937104979469e-01 -1.069627454319832527e-01 -8.926920000000000688e-02 -9.620950937457329877e-01 5.892035477834386276e-02 2.662732100365778898e-01 8.328828000000000342e-01
2.630114396615547689e-01 8.885750666357636329e-02 9.606921078663488434e-01 1.110710000000000086e+00 2.767221031385893454e-02 9.946453124017817782e-01 -9.957384844178381045e-02 -9.913109999999999977e-02 -9.643957856520846139e-01 5.277353528705706898e-02 2.591442119550498857e-01 8.567384000000000110e-01
2.595743610164927273e-01 9.528039718717955242e-02 9.610113407315922229e-01 1.198426500000000061e+00 2.861077152175681149e-02 9.939254330028266526e-01 -1.062716207793657497e-01 -1.080482999999999999e-01 -9.652992151948581734e-01 5.508066395747965999e-02 2.552715134953249532e-01 8.799662999999999791e-01
2.593107168683522756e-01 9.544982505315814658e-02 9.610657017158310556e-01 1.256492100000000001e+00 2.527184531117794564e-02 9.940929537123069926e-01 -1.055487243604061876e-01 -1.151192999999999939e-01 -9.654632494050663372e-01 5.165781912607822490e-02 2.553667632471936511e-01 8.957652000000000392e-01
2.590624567481660256e-01 9.948125923966660844e-02 9.607237493492575275e-01 1.315528400000000042e+00 1.658166809160965816e-02 9.940769340158784884e-01 -1.074062267323936115e-01 -1.218257999999999980e-01 -9.657182258748688852e-01 4.375532330678061355e-02 2.558784475007904735e-01 9.118789999999999951e-01
2.584204576580855228e-01 1.018908485153316723e-01 9.606441183146917639e-01 1.374778199999999950e+00 9.376969543317834055e-03 9.941106938516811597e-01 -1.079629603702710605e-01 -1.285464000000000051e-01 -9.659870286427086894e-01 3.690776826841147412e-02 2.559431130846773206e-01 9.280734000000000483e-01
2.587554303266770273e-01 9.715922068057122885e-02 9.610440744904473753e-01 1.404898200000000097e+00 9.572069041315342530e-03 9.946217168405729891e-01 -1.031310616806568325e-01 -1.318257999999999930e-01 -9.658954409100006799e-01 3.588490247799500099e-02 2.564337555849859340e-01 9.359393000000000296e-01
2.587373918044389431e-01 7.981743485830797291e-02 9.626443471889688519e-01 1.465385699999999902e+00 1.879793139230228130e-02 9.959754017456112773e-01 -8.763353749015524718e-02 -1.383765999999999885e-01 -9.657647745996985611e-01 4.076979531844514282e-02 2.561956750846616782e-01 9.517702000000000107e-01
2.596771688016042412e-01 7.863842662712181020e-02 9.624883198568147114e-01 1.495889699999999989e+00 2.720336307498583475e-02 9.956877032501035840e-01 -8.869032999117774929e-02 -1.414877999999999969e-01 -9.653122526108294243e-01 4.921377301268707594e-02 2.564181341193755292e-01 9.596179000000000237e-01
2.622514009876519836e-01 8.629734376640969817e-02 9.611331703457517417e-01 1.556400400000000017e+00 3.605665523631836067e-02 9.944215657707932143e-01 -9.912450324280694391e-02 -1.474831000000000059e-01 -9.643257335014880915e-01 6.065078720697759246e-02 2.576768552237295173e-01 9.753583000000000114e-01
2.628774130662597242e-01 9.000957189150185500e-02 9.606215397686539426e-01 1.586684800000000006e+00 3.689827418192023756e-02 9.939726826994751407e-01 -1.032318914367279516e-01 -1.508126999999999940e-01 -9.641234272965193419e-01 6.258260952626620854e-02 2.579717696239183233e-01 9.836082999999999910e-01
2.632413273962930789e-01 8.847651310314440243e-02 9.606643067064305486e-01 1.617675500000000044e+00 3.412655333233247101e-02 9.943084155788154410e-01 -1.009264735676479452e-01 -1.541126999999999914e-01 -9.641262271654543747e-01 5.935218056865972786e-02 2.587236687151991399e-01 9.918388999999999678e-01
2.633546395318327460e-01 8.460483871946147816e-02 9.609819743899011835e-01 1.648524499999999948e+00 3.293090924298866518e-02 9.947778927361814461e-01 -9.660486188485659098e-02 -1.574512000000000134e-01 -9.641368622003251287e-01 5.708734876149079707e-02 2.591932590903849309e-01 1.000428899999999954e+00
2.632168808688293837e-01 8.361099755260803512e-02 9.611066926798201848e-01 1.679466499999999973e+00 3.045580201660979397e-02 9.950206103821811476e-01 -9.490220776250021806e-02 -1.606669000000000014e-01 -9.642558362536415295e-01 5.425113826390615124e-02 2.593597814771230192e-01 1.009029200000000071e+00
2.633040648090103630e-01 8.487003752033780990e-02 9.609724481931566364e-01 1.710241700000000087e+00 2.871419038589130904e-02 9.949919278958798685e-01 -9.574214689739818374e-02 -1.639287000000000105e-01 -9.642854684819922584e-01 5.280284228464068863e-02 2.595484446517222210e-01 1.017531799999999986e+00
2.635132862068987891e-01 8.943138474692252649e-02 9.605013146345449115e-01 1.740977599999999903e+00 2.950827675764533184e-02 9.944800870720829078e-01 -1.006907047343336276e-01 -1.672201000000000104e-01 -9.642043401661473112e-01 5.487607711335114324e-02 2.594197497597557911e-01 1.025985600000000053e+00
2.642848394857021943e-01 9.257118472295630673e-02 9.599917183898021289e-01 1.771975199999999973e+00 2.839137315741092904e-02 9.942047339373042414e-01 -1.036864356938292514e-01 -1.704788000000000137e-01 -9.640266871556271155e-01 5.465823611901728107e-02 2.601250154754526367e-01 1.034390900000000002e+00
2.646634099249701721e-01 9.119235658216756635e-02 9.600193922769884036e-01 1.803063300000000035e+00 2.870041308139417713e-02 9.943328819485638403e-01 -1.023640863038432491e-01 -1.738818000000000030e-01 -9.639136713087146369e-01 5.464498125952765850e-02 2.605462728332557099e-01 1.042841799999999930e+00
2.654951110068127784e-01 8.413283939640459064e-02 9.604342826901687280e-01 1.834658499999999970e+00 3.092672516287064272e-02 9.949293130108326499e-01 -9.570370830063451573e-02 -1.771612999999999938e-01 -9.636160457890791120e-01 5.511195375679825426e-02 2.615469152005585052e-01 1.051319099999999951e+00
2.650954374897793175e-01 8.304454687022273796e-02 9.606393767992346122e-01 1.866098800000000058e+00 2.972683181345804268e-02 9.951067758307825528e-01 -9.422749156164042517e-02 -1.805663000000000129e-01 -9.637638323222327275e-01 5.353604328659353206e-02 2.613296148100691108e-01 1.060090100000000035e+00
2.650379739891799979e-01 8.696193173882643679e-02 9.603085414448642165e-01 1.897312200000000004e+00 2.748237433321098350e-02 9.948389551747385262e-01 -9.767380594531850646e-02 -1.837166000000000077e-01 -9.638462488616741375e-01 5.227882645092714331e-02 2.612801807642397556e-01 1.069080199999999925e+00
2.654869166489465804e-01 9.036638464041180097e-02 9.598701024697334772e-01 1.929104300000000105e+00 2.676722912447281749e-02 9.945230052801817822e-01 -1.010322097821952647e-01 -1.869796999999999987e-01 -9.637428145170440219e-01 5.251579281984311565e-02 2.616139884854593589e-01 1.077767700000000106e+00
2.655053617366490148e-01 9.009753056702579643e-02 9.598902738723917860e-01 1.961062300000000036e+00 2.586002494039251615e-02 9.946000858813917045e-01 -1.005083492791057909e-01 -1.904305000000000025e-01 -9.637625029016088085e-01 5.150829205528270616e-02 2.617417311977100480e-01 1.086618199999999979e+00
2.658494208036994433e-01 8.697982492013572875e-02 9.600825982774606748e-01 1.993241999999999958e+00 2.546889232203528031e-02 9.949399011183667207e-01 -9.719016764294180488e-02 -1.938643999999999923e-01 -9.636780691611831484e-01 5.029019009147903119e-02 2.622889166517273773e-01 1.095492799999999933e+00
2.664201273668300729e-01 8.546873795313733591e-02 9.600601077883302858e-01 2.025183199999999850e+00 2.596751970387679159e-02 9.950627070799307194e-01 -9.579090196458579787e-02 -1.973752000000000006e-01 -9.635071373136118167e-01 5.045100406788803615e-02 2.628853220213542841e-01 1.104489099999999890e+00
2.674856147144744623e-01 8.544261507152378643e-02 9.597661201827031308e-01 2.057405900000000010e+00 2.700288781047240419e-02 9.950048230502984703e-01 -9.610539088177827427e-02 -2.007581999999999978e-01 -9.631834145014720461e-01 5.162326642497322426e-02 2.638422793884662720e-01 1.113365900000000019e+00
2.685632756876987215e-01 8.422857652622270375e-02 9.595724640944316430e-01 2.089684999999999793e+00 3.000469745096722568e-02 9.949548245271651048e-01 -9.573199716392732928e-02 -2.042835000000000067e-01 -9.627946224833046074e-01 5.450178021390233996e-02 2.646810738809000085e-01 1.122275399999999923e+00
2.695815993568732027e-01 8.422819904194057961e-02 9.592869079552485134e-01 2.122242700000000148e+00 2.967824895938856941e-02 9.949675654872406350e-01 -9.570133315214654490e-02 -2.073992000000000058e-01 -9.625201103493342680e-01 5.426927412951854102e-02 2.657252021516971485e-01 1.131452600000000031e+00
2.707040240113751661e-01 8.432246151638085607e-02 9.589624882485587865e-01 2.154660499999999868e+00 3.062514466700845192e-02 9.948977944694570308e-01 -9.612741062743150600e-02 -2.108775999999999984e-01 -9.621753644207347023e-01 5.539044180748604884e-02 2.667404488603066781e-01 1.140489800000000109e+00
2.717958647426779728e-01 8.271633826642382781e-02 9.587935206771968089e-01 2.187429400000000079e+00 3.057994770672564297e-02 9.950538218624436215e-01 -9.451327100041624629e-02 -2.142776000000000125e-01 -9.618689488215291794e-01 5.500817194507325036e-02 2.679220526799304114e-01 1.149784799999999940e+00
2.726699052559956038e-01 8.221375259962350468e-02 9.585885570207761663e-01 2.220150900000000149e+00 2.883174236476318889e-02 9.951965948298329145e-01 -9.355462720420221201e-02 -2.178007999999999889e-01 -9.616755447654359301e-01 5.314730964586292239e-02 2.689897954895472676e-01 1.159182200000000051e+00
2.739472086848747101e-01 8.108025623797723846e-02 9.583208851434625863e-01 2.252888700000000188e+00 3.004795054326833345e-02 9.952319475736427501e-01 -9.279273245746837151e-02 -2.211756000000000000e-01 -9.612752194464990740e-01 5.421588860433772250e-02 2.702047185023367382e-01 1.168522999999999978e+00
2.755127437350047837e-01 8.271368429049047455e-02 9.577323083569346807e-01 2.285898899999999845e+00 2.775361528898015115e-02 9.951916263309731336e-01 -9.393276169209560655e-02 -2.245096000000000036e-01 -9.608966983385887062e-01 5.246020693636086613e-02 2.718923717396155570e-01 1.178021999999999903e+00
2.768192259062014493e-01 8.568850335877080393e-02 9.570938285041989957e-01 2.319019799999999965e+00 2.737161291771752700e-02 9.949088356911767184e-01 -9.699073909353247980e-02 -2.278209999999999957e-01 -9.605320978369091822e-01 5.304610311569527004e-02 2.730644611978368941e-01 1.187645599999999968e+00
2.782144808944497782e-01 8.522277438304384778e-02 9.567307778822048414e-01 2.352255599999999891e+00 2.549145481041316039e-02 9.950501380226400849e-01 -9.604899037873079748e-02 -2.313010000000000066e-01 -9.601806540189615768e-01 5.111067938877025124e-02 2.746649051119159912e-01 1.197093100000000021e+00
2.782588529837490832e-01 8.517219715896338916e-02 9.567223774780659884e-01 2.385214099999999782e+00 2.227188975458829767e-02 9.952207236072148078e-01 -9.507720141806505487e-02 -2.349034000000000122e-01 -9.602478709494375320e-01 4.776408832843475477e-02 2.750320312313199178e-01 1.207036599999999904e+00
2.786541847286347351e-01 8.704802595744046134e-02 9.564384384319425392e-01 2.418709300000000173e+00 1.951175247712712973e-02 9.951652225177440858e-01 -9.625731871645015758e-02 -2.384278999999999982e-01 -9.601932809848708894e-01 4.548429474139083911e-02 2.756084942148682160e-01 1.216628100000000101e+00
2.782137150053918262e-01 8.708999986563450979e-02 9.565628367787986086e-01 2.452148000000000216e+00 1.708354742573366808e-02 9.952748359983144555e-01 -9.558322674968180999e-02 -2.420664999999999900e-01 -9.603672637018878522e-01 4.293405119403666953e-02 2.754113034314614739e-01 1.226415000000000033e+00
2.771211799246326990e-01 8.571331568456855288e-02 9.570042210729985399e-01 2.485707000000000111e+00 1.438335499034480019e-02 9.955314258403097361e-01 -9.332898404880224374e-02 -2.455422999999999911e-01 -9.607273134122922276e-01 3.962836961972263095e-02 2.746499983340279227e-01 1.236139099999999935e+00
2.746868544065979578e-01 8.495776057358825351e-02 9.577730999221730768e-01 2.553841600000000156e+00 1.114746208060048149e-02 9.957405961174704556e-01 -9.152267114101447776e-02 -2.523963000000000179e-01 -9.614691186436358228e-01 3.581681395581639421e-02 2.725697887380118534e-01 1.255892599999999915e+00
2.735941427069300547e-01 8.536468679428130257e-02 9.580496413678021295e-01 2.587952099999999866e+00 1.143396642162273352e-02 9.956948171689106175e-01 -9.198421318269137115e-02 -2.558687000000000045e-01 -9.617772660488130843e-01 3.612064937793709601e-02 2.714402129386633833e-01 1.265453200000000056e+00
2.712663565620019868e-01 8.420957999880027134e-02 9.588134909532732841e-01 2.621995200000000192e+00 1.096654575685322708e-02 9.958303192297290884e-01 -9.056329376175881185e-02 -2.592573000000000238e-01 -9.624418417087547972e-01 3.508164675783385228e-02 2.692117742392017288e-01 1.275143700000000102e+00
2.681305311563444982e-01 8.081277787906364363e-02 9.599871422020638256e-01 2.656134400000000007e+00 8.626589856010655200e-03 9.962341372667882222e-01 -8.627355151930654609e-02 -2.625567999999999791e-01 -9.633439677546502544e-01 3.141398853643689870e-02 2.664236496915389774e-01 1.284993800000000075e+00
2.639013583143064445e-01 8.096209908297133384e-02 9.611457806139208637e-01 2.690042500000000114e+00 8.009794828364842634e-03 9.962526959496346146e-01 -8.611857523143476301e-02 -2.660173000000000121e-01 -9.645164157580065067e-01 3.042538948253449213e-02 2.622639498828699400e-01 1.294489900000000082e+00
2.581285629718043650e-01 8.839831750770389684e-02 9.620578893392636166e-01 2.723476400000000019e+00 3.422555729770612731e-03 9.957152322854488924e-01 -9.240921115890543547e-02 -2.693946999999999870e-01 -9.661045135441549414e-01 2.714615362333542420e-02 2.567199938708912832e-01 1.303942600000000063e+00
2.511482514462249349e-01 9.110270020217163534e-02 9.636518322565351680e-01 2.757602700000000073e+00 4.053526170343019208e-03 9.954532014916872562e-01 -9.516560600099496781e-02 -2.730463000000000195e-01 -9.679401452161650043e-01 2.780686346612114279e-02 2.496370437717254642e-01 1.312979099999999955e+00
2.315971424726452066e-01 8.416787355271468374e-02 9.691638316921034058e-01 2.825792100000000140e+00 8.258508884179997789e-03 9.960440889690567179e-01 -8.847581511809751720e-02 -2.801570999999999922e-01 -9.727767270188547588e-01 2.849459407354461293e-02 2.299858636505051068e-01 1.330068900000000109e+00
2.188794875305428711e-01 8.542021335621938216e-02 9.720057392261346463e-01 2.859720900000000121e+00 9.103416331218042168e-03 9.959386211963631164e-01 -8.957338120551035232e-02 -2.835546999999999929e-01 -9.757094330534409332e-01 2.845434869514890455e-02 2.172129192540522835e-01 1.337863599999999931e+00
2.048936384031513347e-01 8.546407309811190900e-02 9.750458907925304564e-01 2.893777599999999950e+00 1.126107875644652423e-02 9.959088469962895651e-01 -8.965911319973096649e-02 -2.868767999999999874e-01 -9.787194618720728156e-01 2.935065048685713343e-02 2.030929695209525709e-01 1.345184699999999900e+00
1.903240367513568121e-01 8.313578894039279354e-02 9.781948689458179746e-01 2.927826899999999899e+00 1.260470982420831831e-02 9.961188149624528032e-01 -8.711158228413823368e-02 -2.903748999999999914e-01 -9.816404037756978340e-01 2.890929046270667227e-02 1.885374514520316014e-01 1.352052000000000032e+00
1.750204909030705636e-01 8.456494128109273700e-02 9.809263980901800073e-01 2.961711399999999994e+00 1.689622751601037309e-02 9.958998720798272197e-01 -8.887048040328726639e-02 -2.936673000000000200e-01 -9.844198013346624476e-01 3.212811070556731430e-02 1.728740560139531146e-01 1.358087899999999903e+00
1.601097791553162120e-01 8.780908615064572653e-02 9.831858537470037351e-01 2.995224200000000003e+00 1.757998945316165823e-02 9.956238556118190974e-01 -9.178279853808343769e-02 -2.971156999999999826e-01 -9.869426541545678333e-01 3.197972054355949917e-02 1.578654328353527037e-01 1.363369499999999901e+00
1.449032569777725654e-01 9.248613896969480608e-02 9.851138818510842832e-01 3.029226500000000044e+00 1.802228268363738339e-02 9.952099679659665021e-01 -9.608494672970979700e-02 -3.003727999999999954e-01 -9.892816805359860854e-01 3.167702258196631454e-02 1.425423543941832794e-01 1.368287199999999926e+00
1.284684598500858976e-01 9.221212724415195350e-02 9.874172261070066625e-01 3.062959699999999952e+00 1.461417772246346308e-02 9.953835875582589532e-01 -9.485746902140090864e-02 -3.038911000000000251e-01 -9.916059099426763890e-01 2.661648377900630719e-02 1.265277920379501708e-01 1.372960200000000075e+00
1.121226092160755305e-01 8.899105943571800070e-02 9.897015266448203619e-01 3.096914799999999968e+00 9.518279802823763347e-03 9.958399356908435029e-01 -9.062132658956037479e-02 -3.073355999999999866e-01 -9.936487925077828187e-01 1.958095563973089037e-02 1.108091301475673252e-01 1.377093399999999912e+00
9.564601059411666217e-02 8.667979976567155576e-02 9.916342334601065955e-01 3.131148599999999949e+00 5.494412867517145527e-03 9.961402590619184982e-01 -8.760362836832324973e-02 -3.108035000000000103e-01 -9.954002471793300666e-01 1.382738545919341699e-02 9.480058716427608445e-02 1.380945099999999925e+00
7.961606758998482358e-02 8.948926253032676859e-02 9.928005608747838551e-01 3.165076500000000070e+00 3.783221856176598175e-03 9.959278410493274114e-01 -9.007453943935964102e-02 -3.138603999999999838e-01 -9.968184232917718379e-01 1.092736540086667457e-02 7.895330057383309619e-02 1.384126200000000084e+00
6.474432553324444006e-02 9.200465680303740457e-02 9.936515060310635583e-01 3.198682999999999943e+00 4.316483283136315907e-03 9.957055483844848842e-01 -9.247609901168332702e-02 -3.171727999999999770e-01 -9.978925494677830521e-01 1.027638277350326895e-02 6.406914759680171212e-02 1.386511300000000002e+00
5.030104146459246639e-02 9.417739088550422522e-02 9.942838750948223003e-01 3.232277400000000078e+00 6.197400604845131056e-03 9.954955331310226807e-01 -9.460568556870141421e-02 -3.206130999999999842e-01 -9.987148729508940059e-01 1.092074000147785079e-02 4.949080707060360407e-02 1.388292899999999941e+00
3.523970503488629141e-02 9.343131290499395725e-02 9.950018859067071286e-01 3.265998399999999968e+00 8.819071307485430722e-03 9.955524374954826117e-01 -9.379535264647505255e-02 -3.241948000000000052e-01 -9.993399757691714402e-01 1.208031314379867660e-02 3.425899683324173939e-02 1.389700500000000005e+00
2.036464918718013106e-02 9.181609987304681364e-02 9.955677198802628247e-01 3.299447300000000194e+00 8.661526980280553900e-03 9.957206537309649663e-01 -9.200737842124204202e-02 -3.276650999999999869e-01 -9.997550995188033696e-01 1.049683465061999194e-02 1.948223417538619273e-02 1.390412800000000004e+00
4.866192743829774771e-03 9.082340020316184703e-02 9.958551250777980535e-01 3.333261699999999994e+00 8.876524624037242239e-03 9.958237577111330729e-01 -9.086391411708769072e-02 -3.310932999999999793e-01 -9.999487624267451302e-01 9.281893859279327641e-03 4.039674195565057246e-03 1.390725299999999942e+00
-1.104321364929020804e-02 9.306751437305184338e-02 9.955985562468029348e-01 3.366709900000000033e+00 7.673230117300186559e-03 9.956378414860395099e-01 -9.298607498215533118e-02 -3.345444000000000195e-01 -9.999095803980796449e-01 6.612591734096714968e-03 -1.170916985507808317e-02 1.390525500000000081e+00
-2.750513062239190454e-02 9.531170960736455589e-02 9.950674076670216195e-01 3.400286200000000036e+00 8.772508597920281037e-03 9.954287038378778485e-01 -9.510383098772617894e-02 -3.380230000000000179e-01 -9.995831685669505084e-01 6.113394095261896755e-03 -2.821551931635213339e-02 1.389989399999999931e+00
-4.319100122047159207e-02 9.732755532371377416e-02 9.943147813385271316e-01 3.433860800000000157e+00 1.029530930765749919e-02 9.952340238491218516e-01 -9.697032731379906512e-02 -3.414087000000000094e-01 -9.990137857005945143e-01 6.048532697696167026e-03 -4.398717122493800424e-02 1.388572899999999999e+00
-7.576843950209345702e-02 1.036815412815190601e-01 9.917203646053185384e-01 3.501393999999999895e+00 1.316929306266900745e-02 9.945966480436974066e-01 -1.029761012102858864e-01 -3.486872999999999778e-01 -9.970384713217674832e-01 5.257917622991402362e-03 -7.672444855860938162e-02 1.384496500000000019e+00
-9.261417996886732451e-02 1.061190301167998923e-01 9.900309919976058026e-01 3.535375800000000179e+00 1.466001546055069327e-02 9.943419929530122880e-01 -1.052097191181885494e-01 -3.524580999999999964e-01 -9.955941430198302911e-01 4.769957788223332107e-03 -9.364587490812337212e-02 1.381515300000000002e+00
-1.276557759565328798e-01 1.013508499102418192e-01 9.866265798605906578e-01 3.603028800000000142e+00 1.123179850754384840e-02 9.948491550478616441e-01 -1.007422721743044536e-01 -3.597628999999999966e-01 -9.917549342288249914e-01 -1.778741978853810857e-03 -1.281365931720960250e-01 1.373665499999999984e+00
-1.466045744126889261e-01 1.022065298800453881e-01 9.839008710287605597e-01 3.637572800000000051e+00 1.039232759733556971e-02 9.947521107821000186e-01 -1.017852524763105809e-01 -3.633384000000000058e-01 -9.891405857047742556e-01 -4.697163445742918997e-03 -1.468973735884340215e-01 1.369274399999999892e+00
-1.834635030785172205e-01 1.020190625059514689e-01 9.777183919327515627e-01 3.705754799999999793e+00 9.406505746964353987e-03 9.947368726266359040e-01 -1.020297598086571528e-01 -3.707847000000000226e-01 -9.829815159441154249e-01 -9.521823480127769579e-03 -1.834575541912135677e-01 1.357743900000000004e+00
-2.199347413081953195e-01 1.030583748302091318e-01 9.700555040527594208e-01 3.773831599999999842e+00 9.050799152887575860e-03 9.945766676313464449e-01 -1.036114628698013018e-01 -3.780863999999999892e-01 -9.754725996153819079e-01 -1.400798274849878594e-02 -2.196747227582783735e-01 1.343528599999999962e+00
-2.379209601125690243e-01 1.008854389856356365e-01 9.660309233869215362e-01 3.808114100000000057e+00 9.403439281918085646e-03 9.947837237084018458e-01 -1.015722323005520261e-01 -3.817202000000000095e-01 -9.712389984286997624e-01 -1.508214989720009502e-02 -2.376285687489906318e-01 1.335358299999999998e+00
-2.741843647342185331e-01 9.592048960670206126e-02 9.568814941302312693e-01 3.876522099999999860e+00 1.122571211824542614e-02 9.952646822565376361e-01 -9.655151806280150295e-02 -3.889189000000000118e-01 -9.616116250975399460e-01 -1.573124045979111540e-02 -2.739627904494785771e-01 1.317060799999999920e+00
-2.926560885772402365e-01 9.462180662589141089e-02 9.515246331701159299e-01 3.910436900000000104e+00 1.019399797192237223e-02 9.953441665676424632e-01 -9.584400077789771710e-02 -3.927045000000000119e-01 -9.561634254791486764e-01 -1.834949020048314006e-02 -2.922581050807032677e-01 1.307292200000000015e+00
-3.300095768880145219e-01 9.869549800926004368e-02 9.388039613438461384e-01 3.976990199999999920e+00 7.714737476339883493e-03 9.947681064311124643e-01 -1.018670567609073208e-01 -3.995739999999999847e-01 -9.439460588338004499e-01 -2.637447819697869011e-02 -3.290444117622609577e-01 1.285449999999999982e+00
-3.502047507697069184e-01 9.621981346321412110e-02 9.317179723690165449e-01 4.010460400000000369e+00 6.097498285001251572e-03 9.949228973628890804e-01 -1.004552080167994133e-01 -4.033268999999999882e-01 -9.366533259712430670e-01 -2.949874234841739357e-02 -3.490134254536203517e-01 1.273532899999999968e+00
-3.709918225744373022e-01 8.951160552533593551e-02 9.243120360890982878e-01 4.043691599999999831e+00 2.787872392929949261e-03 9.954464750782204829e-01 -9.528138864367270700e-02 -4.069438000000000222e-01 -9.286319482714443518e-01 -3.277175202247374630e-02 -3.695520489984590595e-01 1.260821500000000039e+00
-3.927322021111565031e-01 8.773519914208446902e-02 9.154583290660587291e-01 4.077000599999999864e+00 2.035051489625891441e-03 9.955194570482767125e-01 -9.453501575468775675e-02 -4.104100999999999999e-01 -9.196506271353028783e-01 -3.526394007769510092e-02 -3.911510942587792528e-01 1.247140799999999938e+00
-4.156858404711045174e-01 8.620883078322000292e-02 9.054133418095967611e-01 4.109916199999999797e+00 6.651063214847541261e-04 9.955261999615574453e-01 -9.448355848337929019e-02 -4.139706000000000219e-01 -9.095080206712927717e-01 -3.867328128167006607e-02 -4.138834831803466230e-01 1.232817199999999946e+00
-4.389812391451104467e-01 8.390398321609132681e-02 8.945700605760835700e-01 4.142409800000000253e+00 -1.932484877777328192e-03 9.955398195251524696e-01 -9.432249594886646382e-02 -4.176088000000000022e-01 -8.984941497755125628e-01 -4.313454926506865572e-02 -4.368611604147006888e-01 1.217591899999999949e+00
-4.615032043685651786e-01 8.219297805403362467e-02 8.833227647446632025e-01 4.174583400000000388e+00 -1.493507957625608840e-03 9.956253864044040114e-01 -9.342301312343563591e-02 -4.211002999999999830e-01 -8.871372846361079700e-01 -4.443426949653007940e-02 -4.593615503095387353e-01 1.201476599999999895e+00
-4.832064148903157941e-01 8.458389945729585802e-02 8.714109963510016099e-01 4.206798599999999944e+00 8.477683116822551379e-04 9.953669158535608519e-01 -9.614564011467141569e-02 -4.249279000000000250e-01 -8.755060490354918956e-01 -4.571943543798709375e-02 -4.810393864596682612e-01 1.184017099999999934e+00
-5.043318811485887343e-01 8.328742444492193142e-02 8.594838908242886655e-01 4.238314599999999821e+00 4.856815818363259540e-03 9.955954723153693786e-01 -9.362727618190663792e-02 -4.285154999999999936e-01 -8.634962449236435189e-01 -4.304486536705560279e-02 -5.025150490963428140e-01 1.166014799999999907e+00
-5.247776221856574885e-01 8.387868085734746793e-02 8.470966970486889513e-01 4.269576100000000096e+00 9.156817461251201551e-03 9.956320457018056347e-01 -9.291384323995580119e-02 -4.321988999999999970e-01 -8.511901079941827097e-01 -4.100239589669128076e-02 -5.232534792847366445e-01 1.146783899999999967e+00
-5.453139128541931724e-01 8.557436071911098119e-02 8.338523641719589596e-01 4.299980200000000252e+00 1.118124550480033286e-02 9.954293468534364253e-01 -9.484405712485299844e-02 -4.358480000000000132e-01 -8.381573337963529324e-01 -4.239627590315534628e-02 -5.437783000386580134e-01 1.127261400000000080e+00
-5.656917944837973611e-01 8.842806635968862572e-02 8.198617387911129040e-01 4.330100100000000118e+00 1.255517239245769467e-02 9.950420283307137570e-01 -9.865966501916906273e-02 -4.395626000000000255e-01 -8.245211709227946439e-01 -4.551745747936156161e-02 -5.639973402106766009e-01 1.107116500000000059e+00
-5.851556062491418686e-01 8.872250524972541408e-02 8.060528726686677636e-01 4.359771699999999583e+00 1.540560511853929226e-02 9.950336282475585881e-01 -9.833995112583239495e-02 -4.432762000000000091e-01 -8.107746812808911407e-01 -4.512644145854972921e-02 -5.836163298564881474e-01 1.086041199999999929e+00
-6.030467061168353071e-01 8.628930592203162830e-02 7.930251105262241529e-01 4.388983699999999821e+00 1.719716468037446599e-02 9.953074729453866842e-01 -9.522232840056203684e-02 -4.471125000000000238e-01 -7.975204873660562965e-01 -4.378572806934284689e-02 -6.017008245372830189e-01 1.064386400000000066e+00
-6.194330331184598748e-01 8.804102788589060480e-02 7.800971060646614275e-01 4.417582000000000342e+00 2.005875590542935405e-02 9.951421598633433119e-01 -9.638323492208773768e-02 -4.508398000000000128e-01 -7.847931981058388073e-01 -4.405518211647503624e-02 -6.181899199562322922e-01 1.042014400000000007e+00
-6.345609265898786155e-01 9.167769095477604213e-02 7.674162048240806833e-01 4.445631999999999806e+00 2.321409195571678269e-02 9.947526533304648089e-01 -9.964067757031566663e-02 -4.545351999999999726e-01 -7.725241332023655705e-01 -4.541321033796944656e-02 -6.333593797732320896e-01 1.019320800000000027e+00
-6.492021717093524602e-01 9.093683238822120041e-02 7.551602695872299265e-01 4.473470700000000022e+00 2.222423770651037883e-02 9.946713196310498217e-01 -1.006729812898697479e-01 -4.583954000000000084e-01 -7.602911439088486656e-01 -4.857425674801936488e-02 -6.477637826207578442e-01 9.960972999999999633e-01
-6.752613108081332305e-01 8.730141042890061931e-02 7.323937642162213768e-01 4.528581599999999874e+00 2.044787565560728104e-02 9.948046063361380975e-01 -9.972802812436518116e-02 -4.659598999999999824e-01 -7.372950878087106696e-01 -5.236658237393376769e-02 -6.735381908575188703e-01 9.474006000000000371e-01
-6.976351859418418178e-01 8.306762953993300502e-02 7.116213292605187979e-01 4.581005099999999608e+00 1.901362596447241093e-02 9.950526432596480397e-01 -9.751266158643528970e-02 -4.736946000000000212e-01 -7.162008303287384914e-01 -5.449776201463652631e-02 -6.957631526401933941e-01 8.977437000000000333e-01
-7.169956437099628266e-01 7.413843511781775808e-02 6.931238989814278995e-01 4.632955100000000215e+00 1.573635207677546999e-02 9.957961907748704711e-01 -9.023476969313737328e-02 -4.811371999999999871e-01 -6.969000029589980105e-01 -5.379069507395218414e-02 -7.151481993259923842e-01 8.453003999999999518e-01
-7.314184898954650960e-01 7.710224932153110500e-02 6.775560757521096322e-01 4.683569900000000175e+00 2.308529783501066246e-02 9.958176636686503214e-01 -8.839824517138183957e-02 -4.880644000000000093e-01 -6.815380118987545144e-01 -4.901452718400267639e-02 -7.301393801610911449e-01 7.925815000000000499e-01
-7.385933236976337524e-01 8.477726607365143607e-02 6.687994597383880579e-01 4.732843899999999771e+00 3.115172996055183552e-02 9.952936546405343199e-01 -9.176116146144644437e-02 -4.951945999999999848e-01 -6.734311189050795621e-01 -4.693992106263172176e-02 -7.377582069356372063e-01 7.380712000000000383e-01
-7.422488462760558070e-01 8.232180913798314847e-02 6.650486974215599201e-01 4.757261800000000207e+00 2.919572921691486120e-02 9.954560532849541232e-01 -9.063583934534399922e-02 -4.987210000000000254e-01 -6.694880578452140352e-01 -4.785776549936171520e-02 -7.412795523175123025e-01 7.113431000000000060e-01
