9.993039124360723058e-01 2.721369406413290566e-03 -3.720597718798181186e-02 -2.407860000000000000e-01 -2.852451784163726779e-03 9.999899094358928320e-01 -3.470525207195483772e-03 3.484786999999999746e-01 3.719615717756077911e-02 3.574237673769871133e-03 9.993015914709000302e-01 -2.744434800000000063e+00
9.992652682809548548e-01 1.572747300195316078e-03 -3.829425640120497770e-02 -2.439931999999999934e-01 -1.691848906319110392e-03 9.999938318807096715e-01 -3.077961632850562037e-03 3.471944000000000141e-01 3.828917934181518684e-02 3.140488252619584846e-03 9.992617655443770674e-01 -2.676108099999999990e+00
9.992211841685221252e-01 2.033695192134328707e-03 -3.940671507144469926e-02 -2.471966999999999914e-01 -2.163081486902653471e-03 9.999924084758498033e-01 -3.240998171914641953e-03 3.459413000000000071e-01 3.939982471201560615e-02 3.323713967059253264e-03 9.992179976051911439e-01 -2.607753300000000163e+00
9.991805087207628056e-01 2.731596137121306694e-03 -4.038377613672634175e-02 -2.502688000000000135e-01 -2.850054148386012114e-03 9.999918027980172486e-01 -2.876026446778821681e-03 3.444166000000000172e-01 4.037558896002425152e-02 2.988765516892800261e-03 9.991801034332179476e-01 -2.540098200000000084e+00
9.991400211917791374e-01 4.507863793555844274e-03 -4.121768087738426900e-02 -2.534308000000000116e-01 -4.594174004277214347e-03 9.999874476479246876e-01 -1.999527896172268848e-03 3.430136999999999770e-01 4.120814989913480775e-02 2.187169542558587126e-03 9.991481895451157502e-01 -2.471656100000000134e+00
9.991212683505739101e-01 4.798476152216664056e-03 -4.163731206690789166e-02 -2.565830000000000055e-01 -4.861798194385674732e-03 9.999871736410008705e-01 -1.419673131283553458e-03 3.418831999999999982e-01 4.162996574413116435e-02 1.620857828197220510e-03 9.991317824851950746e-01 -2.402594300000000072e+00
9.990851809120206983e-01 6.099390534796156685e-03 -4.232728100290559375e-02 -2.597396000000000149e-01 -6.126611940742378651e-03 9.999811003311630531e-01 -5.134263374468124499e-04 3.408593999999999791e-01 4.232334944356893475e-02 7.722794704446043438e-04 9.991036671318432871e-01 -2.334614000000000189e+00
9.990725293121737183e-01 6.509391377014633710e-03 -4.256417504987632799e-02 -2.631356000000000250e-01 -6.549178233314612539e-03 9.999782375872640072e-01 -7.953718234023397044e-04 3.399555000000000216e-01 4.255807136424235443e-02 1.073394508105854133e-03 9.990934182477562153e-01 -2.267153700000000160e+00
9.990408702813048381e-01 7.428046732045725034e-03 -4.315279399204300509e-02 -2.661557999999999979e-01 -7.469177828810256992e-03 9.999717916668159345e-01 -7.919931941863633373e-04 3.389887999999999790e-01 4.314569376119437721e-02 1.113549462113398898e-03 9.990681704055337509e-01 -2.199122899999999881e+00
9.990242027880309461e-01 7.851722367080080089e-03 -4.346254363943095195e-02 -2.690895999999999844e-01 -7.864442274540382749e-03 9.999690673919869877e-01 -1.216836480901718406e-04 3.378180000000000072e-01 4.346024380338388976e-02 4.633735750826204099e-04 9.990550497812822339e-01 -2.131938700000000075e+00
9.990182376224453487e-01 9.077498125851348257e-03 -4.336081094166144290e-02 -2.725169000000000064e-01 -9.034052723917036440e-03 9.999584747164005361e-01 1.197803920257101097e-03 3.367981999999999920e-01 4.336988343453125616e-02 -8.049041092337371308e-04 9.990587597034771283e-01 -2.065487599999999979e+00
9.990219573050371782e-01 9.035947592036987913e-03 -4.328372065253241474e-02 -2.757080000000000086e-01 -9.058026513225379134e-03 9.999589259374692674e-01 -3.139962877007498139e-04 3.358820000000000139e-01 4.327910556028401190e-02 7.057542751869981404e-04 9.990627712675539396e-01 -1.998985400000000023e+00
9.990164193248961544e-01 9.318138375550403391e-03 -4.335165759780373190e-02 -2.786830000000000140e-01 -9.426835667493253107e-03 9.999529130361817231e-01 -2.303579769058871751e-03 3.349747000000000141e-01 4.332815122482375908e-02 2.709982964602396325e-03 9.990572192340988478e-01 -1.932539500000000077e+00
9.990435501873656809e-01 7.560274478366131069e-03 -4.306770343118447586e-02 -2.817753000000000063e-01 -7.676066555060542286e-03 9.999673535179481876e-01 -2.523866191630150593e-03 3.338818000000000064e-01 4.304721630102199825e-02 2.852042798195433305e-03 9.990689681001059252e-01 -1.867118599999999962e+00
9.990697280527843782e-01 6.993094510164320557e-03 -4.255320337774085027e-02 -2.850155999999999801e-01 -7.001649552562808423e-03 9.999754867990042762e-01 -5.200612859081047475e-05 3.329910999999999843e-01 4.255179657874109955e-02 3.499003661381726174e-04 9.990942008527800011e-01 -1.801404800000000028e+00
9.990882456406044998e-01 5.851662349849922132e-03 -4.228989797247769550e-02 -2.880167000000000144e-01 -5.804477808629427901e-03 9.999823869899490125e-01 1.238445498563961293e-03 3.320234000000000241e-01 4.229640008497593390e-02 -9.918455661713223778e-04 9.991046145335454876e-01 -1.736148699999999989e+00
9.990953178882802099e-01 4.795316118420082756e-03 -4.225577732145682774e-02 -2.907840999999999898e-01 -4.780117193273389874e-03 9.999884690414831967e-01 4.607208364440281562e-04 3.311482000000000037e-01 4.225749937389453037e-02 -2.583164628553731405e-04 9.991067195346402530e-01 -1.671425500000000008e+00
9.991166682984092828e-01 4.574699738503655577e-03 -4.177266152148751549e-02 -2.938508000000000231e-01 -4.627266081010274548e-03 9.999886192633609117e-01 -1.161788437002737786e-03 3.300567999999999835e-01 4.176687128456908066e-02 1.354055412217693849e-03 9.991264659676665216e-01 -1.607612700000000006e+00
9.991576945820229705e-01 6.114918421070084618e-03 -4.057719963526995599e-02 -2.994218000000000157e-01 -6.235666265976325985e-03 9.999764971136673175e-01 -2.849857276936945943e-03 3.276653999999999956e-01 4.055881930919906508e-02 3.100482701645560554e-03 9.991723420828163560e-01 -1.482201799999999903e+00
9.992074164846016515e-01 6.561096062371946785e-03 -3.926182446891880035e-02 -3.021733999999999809e-01 -6.639881203070362864e-03 9.999761948951199075e-01 -1.876598168556289740e-03 3.265245999999999982e-01 3.924857729621516328e-02 2.135804658072287462e-03 9.992271951456713763e-01 -1.420371899999999910e+00
9.993267553676687953e-01 6.337503430725007283e-03 -3.613685178032449014e-02 -3.071577999999999808e-01 -6.297966504328617390e-03 9.999794381871407456e-01 1.207816559279161839e-03 3.245141999999999749e-01 3.614376328272898148e-02 -9.794147211794146466e-04 9.993461207822673664e-01 -1.298925899999999967e+00
9.995209506248474707e-01 7.016386655686701439e-03 -3.014364908731427192e-02 -3.119254000000000193e-01 -6.985934347506641585e-03 9.999749759478520073e-01 1.115436858395388656e-03 3.224545999999999801e-01 3.015072110735608421e-02 -9.043209555470961081e-04 9.995449545769894417e-01 -1.181273500000000087e+00
9.997129195600470419e-01 6.105184088426328370e-03 -2.316905677780681239e-02 -3.148643999999999887e-01 -6.165124781087247957e-03 9.999778288523361036e-01 -2.516553238377460065e-03 3.203531000000000017e-01 2.315317907243914092e-02 2.658670911261896367e-03 9.997283939990027068e-01 -1.067228800000000088e+00
9.998847189015076520e-01 6.571490199720590904e-03 -1.368811249982782377e-02 -3.172534000000000187e-01 -6.597724451036551981e-03 9.999764819921712622e-01 -1.872296618834840866e-03 3.181164000000000214e-01 1.367548680380924891e-02 1.962391172952571063e-03 9.999045604864311709e-01 -9.550975000000000437e-01
9.999508542675017431e-01 9.912733561112557421e-03 1.635941320618652473e-04 -3.183282000000000056e-01 -9.912200715994310199e-03 9.999464096936763191e-01 -2.987644170972293418e-03 3.162832999999999894e-01 -1.932010856444746621e-04 2.985875763138110244e-03 9.999955235996147440e-01 -8.450058999999999765e-01
9.997344425929086675e-01 1.323158573809591829e-02 1.886715220433736115e-02 -3.178730000000000167e-01 -1.320705318902790082e-02 9.999117686763746571e-01 -1.424292296677506526e-03 3.142298000000000036e-01 -1.888433317616492954e-02 1.174734582620092123e-03 9.998209849563831630e-01 -7.383505000000000207e-01
9.987345562300905533e-01 1.729408990405718188e-02 4.722500022524443036e-02 -3.152389999999999914e-01 -1.725337209505221209e-02 9.998503432752178233e-01 -1.269725867516245232e-03 3.124492999999999854e-01 -4.723989143968921472e-02 4.533285997526372772e-04 9.988834702556383949e-01 -6.326287000000000438e-01
9.965223068783894966e-01 1.968975882406796135e-02 8.096669248044516265e-02 -3.085496999999999823e-01 -1.979625702877427923e-02 9.998039034312485862e-01 5.127292554118180684e-04 3.108864000000000072e-01 -8.094071967448548954e-02 -2.113783595519642435e-03 9.967166757998421334e-01 -5.301434000000000424e-01
9.925089571895355789e-01 1.904579780381761983e-02 1.206781980498412149e-01 -2.983922999999999992e-01 -1.900074733713682379e-02 9.998183078568613213e-01 -1.524098052221359387e-03 3.092423000000000255e-01 -1.206852994327432121e-01 -7.802949817811668425e-04 9.926905105019240283e-01 -4.299755000000000105e-01
9.864696739915944645e-01 1.122572357350125338e-02 1.635590579123290811e-01 -2.837736000000000147e-01 -1.138021652898369221e-02 9.999352432103311150e-01 7.592716876864569892e-06 3.075679000000000052e-01 -1.635483811190765746e-01 -1.868827479261119277e-03 9.865335445473619735e-01 -3.331164999999999821e-01
9.775573126447805183e-01 7.026711908945657611e-04 2.106684759234574711e-01 -2.644429999999999836e-01 -8.744050748202168363e-04 9.999993570392982090e-01 7.220365331492320212e-04 3.060165000000000246e-01 -2.106678331176357333e-01 -8.900416774288291222e-04 9.775572985331000275e-01 -2.384180999999999939e-01
9.649645456224456019e-01 -8.854380045687004763e-03 2.622308632592160738e-01 -2.409025999999999945e-01 9.405541005009222105e-03 9.999554084625773553e-01 -8.466905237797415704e-04 3.045902999999999805e-01 -2.622116730621850689e-01 3.283449473725471961e-03 9.650047966043916459e-01 -1.476954000000000045e-01
9.480636152519288373e-01 -1.565131197633978441e-02 3.176954797740469405e-01 -2.128462000000000132e-01 1.510064209420284437e-02 9.998771749489555605e-01 4.195905675586095521e-03 3.031186000000000158e-01 -3.177221302392790325e-01 8.194202309617008937e-04 9.481835141504516562e-01 -5.951920000000000127e-02
9.267846583619121503e-01 -1.846610863611826414e-02 3.751389074154170555e-01 -1.802012000000000058e-01 1.995386446632051169e-02 9.998008985198746368e-01 -8.131242923389110297e-05 3.015933000000000086e-01 -3.750627151795463132e-01 7.560830026558898465e-03 9.269686043936202768e-01 2.276519999999999933e-02
8.861972591684122991e-01 -2.244606636271261058e-02 4.627640780648759056e-01 -1.228623999999999966e-01 2.776493548193326860e-02 9.996035010264406884e-01 -4.684985951597074594e-03 2.989752999999999994e-01 -4.624754330773451216e-01 1.700043648037545541e-02 8.864690964491648284e-01 1.415162000000000087e-01
8.304576401396640550e-01 -1.502714594500113507e-02 5.568790648052841519e-01 -5.463740000000000263e-02 1.851872243790974801e-02 9.998283111606289797e-01 -6.364911249754651862e-04 2.971566999999999958e-01 -5.567738902399499423e-01 1.084126775022877485e-02 8.305933433760711582e-01 2.519967000000000179e-01
7.873903110778610603e-01 -5.778749492074184042e-03 6.164276957397494261e-01 -3.758599999999999962e-03 1.538142457477512798e-02 9.998289096193866410e-01 -1.027439863734261327e-02 2.962896999999999892e-01 -6.162628577147577502e-01 1.757149804701853973e-02 7.873444815692962617e-01 3.215563000000000171e-01
7.164848875358861280e-01 -6.529870333960981384e-03 6.975720512793716077e-01 8.214140000000000330e-02 1.830935930849155943e-02 9.997877391729275143e-01 -9.446902201183934172e-03 2.933999999999999941e-01 -6.973622970123930509e-01 1.954065999161329684e-02 7.164523636032552600e-01 4.162570999999999910e-01
6.370883416036120517e-01 -2.571447942425978545e-04 7.707907490813016294e-01 1.765133000000000119e-01 1.792899004153313686e-02 9.997343257998363431e-01 -1.448548009688848184e-02 2.910509000000000013e-01 -7.705822449997469237e-01 2.304803015664333779e-02 6.369236940144781256e-01 5.012938000000000116e-01
5.794206340484081563e-01 1.572048665370887055e-02 8.148770429569796026e-01 2.445122999999999880e-01 1.561457836977742097e-02 9.994163472036473594e-01 -3.038338171521603667e-02 2.886350999999999778e-01 -8.148790792389228876e-01 3.032871974694953052e-02 5.788369848042160815e-01 5.522470000000000434e-01
5.181043328184607999e-01 2.902322201886047004e-02 8.548248667992652816e-01 3.165643000000000207e-01 1.240770279970982576e-02 9.990639206364423375e-01 -4.144069731284111269e-02 2.851914999999999867e-01 -8.552274254407254972e-01 3.207701772584815869e-02 5.172592345312396755e-01 5.977961000000000524e-01
4.862047016557816681e-01 2.864672121484441308e-02 8.733752649642942956e-01 3.544085000000000152e-01 1.100887946402505889e-02 9.991823930897819617e-01 -3.890179831734053711e-02 2.831860999999999962e-01 -8.737755962835989099e-01 2.852912026360880302e-02 4.854918090310336165e-01 6.191432000000000047e-01
4.191251656867685527e-01 2.887965498358738975e-02 9.074690413540660305e-01 4.329280999999999824e-01 2.531689724432103009e-03 9.994529282024096073e-01 -3.297627715143842259e-02 2.789859000000000089e-01 -9.079249341411315122e-01 1.611861767206577284e-02 4.188227598031938337e-01 6.588688999999999796e-01
3.840746589085289875e-01 3.203806603077052201e-02 9.227460206954595234e-01 4.734303000000000261e-01 -4.090674473557825638e-03 9.994470301248346011e-01 -3.299849022303048135e-02 2.771059000000000161e-01 -9.232929777522672632e-01 8.899230284470890581e-03 3.839933344912324076e-01 6.769387000000000043e-01
3.129690599797068651e-01 3.365422677082956227e-02 9.491668770642368580e-01 5.575862999999999792e-01 -1.108618807623783578e-02 9.994333699975589402e-01 -3.178105362099814535e-02 2.734938000000000091e-01 -9.496986174199458786e-01 -5.761560379410040483e-04 3.131648194080283165e-01 7.074994000000000005e-01
2.768161442920873960e-01 3.341073389749680406e-02 9.603418897037101498e-01 6.008892999999999596e-01 -1.156071632284430550e-02 9.994388250950982933e-01 -3.143858665131202268e-02 2.717788999999999899e-01 -9.608533561878029872e-01 -2.399531820999944998e-03 2.770470540353660027e-01 7.204838000000000076e-01
2.062362790245697297e-01 3.161984286246125736e-02 9.779911976860800049e-01 6.895474999999999799e-01 -8.074315297862821525e-03 9.994987138684432448e-01 -3.061252044178397469e-02 2.683931999999999984e-01 -9.784689073478884946e-01 -1.583196981174790977e-03 2.063882042190112731e-01 7.406728000000000200e-01
1.721654212469896639e-01 3.026500866154174102e-02 9.846030149139111121e-01 7.349204000000000292e-01 4.757833232672380869e-04 9.995252419829100399e-01 -3.080688671765555164e-02 2.663860000000000117e-01 -9.850679374322748316e-01 5.772338323588144249e-03 1.720692847465873365e-01 7.480936999999999726e-01
1.388722925161205157e-01 3.375765922491197335e-02 9.897347658918381752e-01 7.805237999999999898e-01 2.905136369709284891e-03 9.994006490576157198e-01 -3.449496841410071291e-02 2.645239999999999814e-01 -9.903060368158876914e-01 7.665709808695414171e-03 1.386909886731593211e-01 7.541183000000000192e-01
1.059907546713999421e-01 3.882020579665863835e-02 9.936090536755853853e-01 8.259157999999999777e-01 3.794343020816416667e-03 9.992145798439812099e-01 -3.944396516904105643e-02 2.626116000000000006e-01 -9.943598759429242984e-01 7.950789213733041455e-03 1.057602102193981874e-01 7.593271000000000326e-01
7.717654613137385489e-02 4.239269265021842342e-02 9.961157765727317592e-01 8.719711999999999463e-01 1.078579340326289021e-02 9.990016731711799380e-01 -4.335116678758593745e-02 2.605075000000000029e-01 -9.969591001580226930e-01 1.408959229527527966e-02 7.664225989008199846e-02 7.625247000000000552e-01
5.199959783063592272e-02 4.052566178828347770e-02 9.978244898588497502e-01 9.188247000000000497e-01 1.272450053501730100e-02 9.990682700364629243e-01 -4.123928821504542486e-02 2.582952000000000026e-01 -9.985660363298896058e-01 1.484124465706634401e-02 5.143547944213833212e-02 7.646138999999999575e-01
2.959908189490460459e-02 3.755664962417699926e-02 9.988560418899140592e-01 9.657934999999999715e-01 1.460748726439663019e-02 9.991709155845046597e-01 -3.800135215808851663e-02 2.561630999999999769e-01 -9.994551093805060793e-01 1.571558204551692234e-02 2.902593347631399201e-02 7.661774000000000084e-01
1.057237747724099584e-02 3.504672377396853694e-02 9.993297513769866525e-01 1.013337699999999897e+00 1.486558665619475313e-02 9.992696540697950658e-01 -3.520188615116341679e-02 2.540314000000000183e-01 -9.998336057403981458e-01 1.522779064550911637e-02 1.004366587510030495e-02 7.668287000000000297e-01
-5.940278875361727773e-03 3.811774953636019175e-02 9.992555980614599154e-01 1.060041299999999964e+00 1.654875889471672801e-02 9.991401307276873700e-01 -3.801496742737489609e-02 2.518525999999999820e-01 -9.998454138845300765e-01 1.631062045855866810e-02 -6.565972458774216314e-03 7.666351999999999611e-01
-2.036175821266044197e-02 4.267942590952069487e-02 9.988813069662095812e-01 1.107698099999999908e+00 1.930378328454503828e-02 9.989189798060358338e-01 -4.228753639279497767e-02 2.498827000000000131e-01 -9.996063038783781218e-01 1.842113968521964795e-02 -2.116362112931413630e-02 7.655258000000000340e-01
-4.106358168558186389e-02 5.109756381107253415e-02 9.978490974249187850e-01 1.202421399999999974e+00 2.962548114855179798e-02 9.983146278205419222e-01 -4.990225191561670909e-02 2.450359000000000009e-01 -9.987172338183958331e-01 2.751259442702994745e-02 -4.250816418084191195e-02 7.617553000000000241e-01
-4.996606913191196930e-02 6.103316037069095312e-02 9.968843189009799488e-01 1.297812799999999989e+00 3.547746544745523922e-02 9.976096109458459926e-01 -5.929935576296259392e-02 2.393096000000000112e-01 -9.981206046269808230e-01 3.240397326938944389e-02 -5.201193262538017503e-02 7.567270000000000385e-01
-5.546263509016510079e-02 6.757744904817726550e-02 9.961712626295722295e-01 1.394295599999999968e+00 3.858245477367938658e-02 9.971068580037695250e-01 -6.549280804399476574e-02 2.321958000000000077e-01 -9.977150346128358382e-01 3.480232897367024208e-02 -5.790947768298604359e-02 7.517112000000000238e-01
-5.998466178909592217e-02 7.525330557803892872e-02 9.953586189658609751e-01 1.492007599999999989e+00 4.093431751543986918e-02 9.965008476164483042e-01 -7.287278195077553922e-02 2.255319000000000074e-01 -9.973596252102814308e-01 3.637307657153047991e-02 -6.285520902143792998e-02 7.456361999999999712e-01
-6.415449062688534376e-02 7.514882445893870944e-02 9.951064543629715153e-01 1.590354800000000068e+00 4.360368419513815930e-02 9.964194005789378528e-01 -7.243684749159548519e-02 2.174003999999999936e-01 -9.969869207050892079e-01 3.874315852314599157e-02 -6.720154470423167492e-02 7.392649000000000026e-01
-6.871322539949344110e-02 7.620485701975365789e-02 9.947217261233404217e-01 1.689072499999999977e+00 4.251575719342781667e-02 9.963962074251990764e-01 -7.339624117725088159e-02 2.098269000000000106e-01 -9.967301054174436681e-01 3.724805491939933710e-02 -7.170550438601985821e-02 7.324165000000000258e-01
-7.124940061304875505e-02 7.830431387383918196e-02 9.943801875243838406e-01 1.737678199999999951e+00 4.175471232957162632e-02 9.962741011335319863e-01 -7.546164197025978515e-02 2.057504000000000000e-01 -9.965841996091229227e-01 3.614346191664864760e-02 -7.425350665203467315e-02 7.291870000000000296e-01
-7.615582459040382002e-02 8.436351971606584343e-02 9.935205518367864475e-01 1.837654399999999910e+00 3.835363278361603873e-02 9.959246496564431173e-01 -8.162775912023231828e-02 1.976715000000000000e-01 -9.963580125804454291e-01 3.188869310285551845e-02 -7.908111038001874871e-02 7.215635000000000243e-01
-8.075678731683026690e-02 9.081511764126215525e-02 9.925880090501134623e-01 1.936963100000000049e+00 3.286573603191516452e-02 9.955416947951732931e-01 -8.841140944151190673e-02 1.885201999999999989e-01 -9.961918413123774796e-01 2.548231410523587454e-02 -8.338145459571555396e-02 7.136597000000000079e-01
-8.610873003103627910e-02 8.502218072362244250e-02 9.926512556771595053e-01 2.037799600000000044e+00 2.854597730842943493e-02 9.961534445498334556e-01 -8.284589362792010858e-02 1.791094000000000019e-01 -9.958767061197627557e-01 2.120244553115765637e-02 -8.820454926787812955e-02 7.048769000000000284e-01
-9.087187486865108688e-02 8.404094137370998752e-02 9.923101443252894116e-01 2.138306399999999829e+00 2.735299973516520933e-02 9.962674927759489485e-01 -8.187121742964721671e-02 1.705393000000000048e-01 -9.954868737272953849e-01 1.970286808932036893e-02 -9.283146678637888005e-02 6.963542999999999816e-01
-9.282743759719880305e-02 8.934663676422012479e-02 9.916653898004409440e-01 2.239658100000000207e+00 3.009370020570984947e-02 9.957625076734757386e-01 -8.689877743535859289e-02 1.613587999999999967e-01 -9.952273288234537718e-01 2.177629010537924376e-02 -9.512285294386069179e-02 6.863917999999999964e-01
-9.310976105129900593e-02 8.863883021726348677e-02 9.917024403391803133e-01 2.342824199999999912e+00 2.610866217825621310e-02 9.959041981836389557e-01 -8.656307411052904799e-02 1.516498000000000013e-01 -9.953134733119168853e-01 1.783215684987069644e-02 -9.504264319688249252e-02 6.773498999999999493e-01
-9.330644877166520412e-02 8.960224823022688856e-02 9.915973697674420606e-01 2.447299699999999856e+00 1.778592600663211204e-02 9.959333108295738146e-01 -8.832044619526202567e-02 1.421691999999999956e-01 -9.954785620261779044e-01 9.395610258645901991e-03 -9.452065940396525701e-02 6.679935000000000178e-01
-9.366166674248106727e-02 8.936059730919053423e-02 9.915856875891083666e-01 2.552186700000000030e+00 1.009018879032014260e-02 9.959979093791631044e-01 -8.880513837899264851e-02 1.324683999999999862e-01 -9.955529520187239578e-01 1.687649513680368474e-03 -9.418848956174452614e-02 6.585113000000000216e-01
-9.390662297473602316e-02 8.479359738663400092e-02 9.919635033627567378e-01 2.604963500000000209e+00 1.021478759039704670e-02 9.963960528490494184e-01 -8.420548664616447909e-02 1.280787999999999927e-01 -9.955286054533860618e-01 2.225243597391117489e-03 -9.443433705474091333e-02 6.536241000000000412e-01
-9.361629913083983900e-02 7.013469141463138379e-02 9.931349926355529378e-01 2.711394100000000140e+00 1.939215889000911464e-02 9.974549443606206545e-01 -6.861179303979669797e-02 1.188477000000000006e-01 -9.954194757541315886e-01 1.283584943529979955e-02 -9.473810352041334149e-02 6.427910000000000013e-01
-9.283942090290751847e-02 7.200724535039204621e-02 9.930739139376590918e-01 2.764441699999999891e+00 2.773636836204629308e-02 9.971814867919507330e-01 -6.971209557515427313e-02 1.146408000000000010e-01 -9.952946979646267733e-01 2.107223330458850644e-02 -9.457497125063973886e-02 6.373159999999999936e-01
-9.044325516982759661e-02 8.337972211737856854e-02 9.924050783495188544e-01 2.870254800000000106e+00 3.670275425794123497e-02 9.960911951430011513e-01 -8.034450067346651791e-02 1.064969999999999944e-01 -9.952250626989691540e-01 2.915738153909259306e-02 -9.314999558570657978e-02 6.266707999999999723e-01
-8.961334579958478430e-02 8.752921119695848684e-02 9.921230193085139870e-01 2.923754499999999812e+00 3.749479452819119707e-02 9.957211749176062554e-01 -8.445994437596102133e-02 1.019366000000000022e-01 -9.952706107576434480e-01 2.963071055408469240e-02 -9.251179575690493539e-02 6.215382000000000406e-01
-8.949731690830016462e-02 8.055126465381412526e-02 9.927243947989223827e-01 3.032357199999999864e+00 3.344308579558015471e-02 9.964051806998612815e-01 -7.783492716606241202e-02 9.296719999999999984e-02 -9.954254318022446313e-01 2.623374996351018548e-02 -9.186947308092752174e-02 6.121389000000000413e-01
-8.977172359783895661e-02 7.868153334334319904e-02 9.928495625989938178e-01 3.086824200000000129e+00 3.102239190850278328e-02 9.966117737660044051e-01 -7.617469127770652715e-02 8.850829999999999809e-02 -9.954791051762704734e-01 2.396223490659856944e-02 -9.190844605221282215e-02 6.077021999999999702e-01
-8.938532857558670330e-02 8.477631543867833464e-02 9.923826073526661462e-01 3.194498799999999861e+00 3.034733668908415338e-02 9.961401656995483300e-01 -8.236388429375959830e-02 7.969299999999999995e-02 -9.955346815612772238e-01 2.275404624936324879e-02 -9.161305140627107324e-02 5.980121000000000464e-01
-8.823160296805719616e-02 8.748526849295454322e-02 9.922507304277496942e-01 3.249398699999999973e+00 2.855651802900689359e-02 9.959483960788229062e-01 -8.527202135565339902e-02 7.493769999999999598e-02 -9.956905691607940145e-01 2.081153874021957756e-02 -9.037239810649166927e-02 5.926700000000000301e-01
-8.676465964599248959e-02 8.070972759558386889e-02 9.929540944615523612e-01 3.359427199999999836e+00 3.024377849364804499e-02 9.964668549644811746e-01 -7.835254188361046035e-02 6.709429999999999561e-02 -9.957696559440550876e-01 2.323245205832622992e-02 -8.889907464318924646e-02 5.822251999999999983e-01
-8.706760553242126610e-02 8.307660922576626250e-02 9.927323451295414491e-01 3.469552999999999887e+00 2.712333243126838905e-02 9.963449763992658914e-01 -8.100007927014184206e-02 5.884960000000000191e-02 -9.958330969116625520e-01 1.987372646223363806e-02 -8.900268586863391285e-02 5.730642999999999709e-01
-8.644769857191715590e-02 8.194995410529266888e-02 9.928801541141606402e-01 3.638540700000000072e+00 2.585547199164036844e-02 9.964599414895668472e-01 -7.999424713501973594e-02 4.395400000000000001e-02 -9.959208251561509906e-01 1.875606645193861680e-02 -8.826052340396584039e-02 5.585873999999999562e-01
-8.401868906643827906e-02 8.125494845410538569e-02 9.931457562912294756e-01 3.752356100000000083e+00 2.796426746581973447e-02 9.964695240246016494e-01 -7.916114852175883121e-02 3.421140000000000292e-02 -9.960717141012777054e-01 2.112157763767997729e-02 -8.599429821469672941e-02 5.482046999999999892e-01
-8.315568498307465695e-02 8.115109484317187261e-02 9.932268783418769509e-01 3.809145700000000190e+00 3.075285880445734893e-02 9.964130845682418469e-01 -7.883670830618615122e-02 2.921199999999999838e-02 -9.960619427175942953e-01 2.398884546942791143e-02 -8.535304073490967980e-02 5.435246000000000244e-01
-8.100947411924325214e-02 8.169189484941459523e-02 9.933599042737916163e-01 3.923763999999999807e+00 3.152730037077769443e-02 9.963468250599137876e-01 -7.936645087416029087e-02 2.003069999999999851e-02 -9.962145825243952091e-01 2.488852163030035036e-02 -8.328905724525670351e-02 5.341072000000000042e-01
-7.892947612502307364e-02 7.871949430899040367e-02 9.937672660207551578e-01 4.039381500000000180e+00 2.975427420652719881e-02 9.966192109999428839e-01 -7.658218743476861989e-02 1.028450000000000024e-02 -9.964360596471167897e-01 2.352423179591781044e-02 -8.100487363942820984e-02 5.252002999999999533e-01
-7.584897829906117606e-02 7.898139336641030184e-02 9.939863540275033493e-01 4.155600500000000252e+00 2.807720148795288945e-02 9.966318818539751101e-01 -7.704909362743361800e-02 8.859999999999999603e-04 -9.967239353239158994e-01 2.206426010779634697e-02 -7.781108647424261893e-02 5.163461999999999774e-01
-7.303850869375055899e-02 8.074750367072452972e-02 9.940549365597151077e-01 4.273028899999999908e+00 2.580106880112893394e-02 9.965364393870341786e-01 -7.905333530301854317e-02 -8.532200000000000201e-03 -9.969953265168860490e-01 1.987374209247956547e-02 -7.486890728953687901e-02 5.073147000000000073e-01
-7.238464999211462192e-02 8.082838305864338546e-02 9.940961899824605208e-01 4.393174600000000041e+00 1.932428128860313662e-02 9.966373302277150570e-01 -7.962791061714191709e-02 -1.867210000000000050e-02 -9.971895680351845481e-01 1.344635596352452417e-02 -7.370319472793684934e-02 4.990528000000000186e-01
-7.284453593814940731e-02 7.994878105645447652e-02 9.941337264128721207e-01 4.453371500000000260e+00 1.694931142134068619e-02 9.967371540444207589e-01 -7.891619979301449372e-02 -2.408209999999999865e-02 -9.971992751834001245e-01 1.110126817150526579e-02 -7.396193222656000099e-02 4.948045999999999833e-01
-7.615936569681160118e-02 7.514605434890153646e-02 9.942599366023208152e-01 4.634024100000000423e+00 1.138952686841162437e-02 9.971565265638222542e-01 -7.449255136513256714e-02 -3.896410000000000151e-02 -9.970306061974090195e-01 5.650844801011703500e-03 -7.679868656859856202e-02 4.814650999999999792e-01
-8.029616268838225823e-02 7.408721249280025845e-02 9.940138888378609039e-01 4.753315899999999594e+00 9.964260931542311128e-03 9.972437400024090071e-01 -7.352303401040874431e-02 -4.854909999999999781e-02 -9.967212447628517324e-01 4.000996257714294069e-03 -8.081306990417314040e-02 4.725837999999999983e-01
-8.719452193993712519e-02 6.961438684826205814e-02 9.937559823655934821e-01 4.871981100000000175e+00 7.361775834764508475e-03 9.975731560930823916e-01 -6.923584692228004767e-02 -5.755550000000000249e-02 -9.961641027462413422e-01 1.278822203136791014e-03 -8.749539995650201796e-02 4.621582000000000190e-01
-1.005829493211609499e-01 7.827455302016184113e-02 9.918448289200032519e-01 4.991288199999999620e+00 3.233887973746921163e-03 9.969208888214470266e-01 -7.834719778032440962e-02 -6.748500000000000332e-02 -9.949234203065229210e-01 -4.672877159725863372e-03 -1.005263743731966697e-01 4.523714999999999820e-01
-1.216623567245616044e-01 7.192352616899810869e-02 9.899622605633219274e-01 5.110905599999999716e+00 6.834288334619027794e-03 9.974082466057967444e-01 -7.162459148720869140e-02 -7.773650000000000004e-02 -9.925480156945477583e-01 -1.948329070686802278e-03 -1.218385840144553534e-01 4.402788999999999731e-01
-1.490773469232674620e-01 7.355153631469224518e-02 9.860862620177142102e-01 5.227956800000000293e+00 9.796850209822488553e-03 9.972906857851810969e-01 -7.290617101514453025e-02 -8.690230000000000177e-02 -9.887770053759774580e-01 -1.208119146320463244e-03 -1.493940229321181201e-01 4.245889999999999942e-01
-1.635188707563639543e-01 7.145032180600080496e-02 9.839494044006446005e-01 5.285817599999999672e+00 1.117251988641660213e-02 9.974440096589890503e-01 -7.057352474395908737e-02 -9.170970000000000510e-02 -9.864769402808927223e-01 -5.469087835344998982e-04 -1.638991982434060413e-01 4.151779999999999915e-01
-1.942050750835021544e-01 7.711029241617647911e-02 9.779255552521892714e-01 5.400087400000000315e+00 1.522311002488906106e-02 9.970225474625473705e-01 -7.559296774477528014e-02 -1.008031000000000066e-01 -9.808428241736699693e-01 2.065303470959387044e-04 -1.948006971554113731e-01 3.931853000000000153e-01
-2.093453459650548854e-01 8.119088813680871985e-02 9.744652717292326960e-01 5.456485699999999994e+00 1.540647848650752993e-02 9.966971563647021304e-01 -7.973342407774380858e-02 -1.055452000000000057e-01 -9.777203928237437891e-01 -1.678743003788590871e-03 -2.099047766929351688e-01 3.813054000000000165e-01
-2.411767021599449390e-01 7.350450680483729127e-02 9.676935908719408452e-01 5.568347000000000158e+00 6.493435793206547846e-03 9.972274823137643462e-01 -7.412950701138096288e-02 -1.154401000000000038e-01 -9.704594961289487731e-01 -1.159465383392292021e-02 -2.409853322831470024e-01 3.552608999999999906e-01
-2.724316985556951010e-01 7.148658405122249038e-02 9.595158351599758495e-01 5.679215899999999984e+00 9.894600664352645736e-04 9.972564569149620084e-01 -7.401743112398219415e-02 -1.243059999999999998e-01 -9.621746154367384340e-01 -1.921529188183258505e-02 -2.717550035731820524e-01 3.266086000000000267e-01
-3.007144586718573098e-01 7.598603666010989022e-02 9.506823531434567265e-01 5.786068900000000070e+00 3.064642555312739602e-03 9.968928326846465682e-01 -7.871015250899605908e-02 -1.334154999999999924e-01 -9.537092965425575386e-01 -2.075577930769378909e-02 -3.000129585761760476e-01 2.943614999999999982e-01
-3.287791775157334895e-01 7.316426960505589827e-02 9.415685010052302628e-01 5.890868700000000402e+00 5.134594240157754064e-03 9.971183413158941633e-01 -7.568784151651465619e-02 -1.437675999999999954e-01 -9.443928676001670519e-01 -2.005001407976544914e-02 -3.282074169809915398e-01 2.585435999999999845e-01
-3.584527585404017613e-01 7.358764487832829271e-02 9.306430456496398440e-01 5.997327300000000250e+00 3.562847084861514579e-03 9.969889819077046855e-01 -7.746144896197228180e-02 -1.530056999999999945e-01 -9.335410681996944016e-01 -2.445053119871604119e-02 -3.576356323252400937e-01 2.199164000000000119e-01
-3.886749325757959395e-01 7.685570323656250313e-02 9.181639274482603641e-01 6.099984599999999979e+00 4.834080400295787117e-03 9.966713517710097392e-01 -8.138088366214539515e-02 -1.630254999999999899e-01 -9.213622677611040812e-01 -2.719223122440680637e-02 -3.877526970984914723e-01 1.782055999999999918e-01
-4.180342444488799880e-01 8.309526336186634499e-02 9.046228759405078312e-01 6.204033400000000142e+00 8.346112255223282761e-03 9.961170058285460094e-01 -8.764275845382558938e-02 -1.732141000000000097e-01 -9.083929286813480219e-01 -2.908759024041829636e-02 -4.171045423101122918e-01 1.317357999999999862e-01
-4.490260436099294261e-01 8.283743386840305978e-02 8.896704849044462238e-01 6.307694900000000438e+00 8.021688858054223936e-03 9.960268272222794206e-01 -8.869166793664487458e-02 -1.834729999999999972e-01 -8.934826605300626445e-01 -3.268820893865954924e-02 -4.479064816772628799e-01 8.224009999999999654e-02
-4.819194664085492130e-01 7.826180944488136948e-02 8.727134220801877618e-01 6.410319300000000275e+00 4.812124272727778818e-03 9.962245358893474512e-01 -8.668054886788729985e-02 -1.943964999999999999e-01 -8.762023004743155763e-01 -3.757343841688504105e-02 -4.804766023117561513e-01 2.911810000000000093e-02
-4.981907397109486269e-01 7.732845351049663640e-02 8.636123535151246644e-01 6.461255099999999807e+00 3.292807534801801828e-03 9.961767259864535706e-01 -8.729884318505544416e-02 -1.996519999999999961e-01 -8.670612113829082590e-01 -4.064776599747037256e-02 -4.965406477163962773e-01 3.993000000000000022e-04
-5.302412348882608040e-01 7.622295961631742056e-02 8.444135795044398485e-01 6.562155699999999925e+00 2.242116805625950227e-03 9.960732131343861262e-01 -8.850495459786250629e-02 -2.102539999999999965e-01 -8.478438569314528106e-01 -4.503570254219441821e-02 -5.283299913502250700e-01 -5.987830000000000236e-02
-5.457263244001013813e-01 7.583151786632782998e-02 8.345252301487616764e-01 6.612206500000000098e+00 2.077603773155536904e-03 9.960162912786235667e-01 -8.914724376074628642e-02 -2.155266000000000126e-01 -8.379608955191862885e-01 -4.691618490100140509e-02 -5.437098575297470981e-01 -9.201529999999999432e-02
-5.765380391360738210e-01 7.012425749770362371e-02 8.140555742328201561e-01 6.710325700000000282e+00 2.517948322399661543e-03 9.964580651126447863e-01 -8.405346160753762730e-02 -2.259606999999999866e-01 -8.170664289795392943e-01 -4.641026807032938573e-02 -5.746725481978962602e-01 -1.589697999999999944e-01
-5.916371202909920246e-01 6.893506833045695559e-02 8.032518124772934920e-01 6.759174800000000261e+00 4.051124384246262977e-03 9.965793058933952731e-01 -8.254256754100849913e-02 -2.311852000000000074e-01 -8.061942112698435858e-01 -4.558117395717023457e-02 -5.898925752166072067e-01 -1.944023000000000001e-01
-6.068164613504799521e-01 6.704258729326029176e-02 7.920095161821647523e-01 6.806191400000000336e+00 2.756566598551675462e-03 9.966079514326405819e-01 -8.224957435648674875e-02 -2.363007000000000024e-01 -7.948372057060923979e-01 -4.772716868054363570e-02 -6.049429177989189554e-01 -2.293022000000000116e-01
-6.220737621574975451e-01 6.799231814621664594e-02 7.800008199408005050e-01 6.853182300000000282e+00 1.308430471551276508e-03 9.963111358942109419e-01 -8.580447833818669046e-02 -2.413808000000000065e-01 -7.829575483031748773e-01 -5.235613780915177040e-02 -6.198679798060154900e-01 -2.655496999999999996e-01
-6.378018026163153609e-01 6.785703057382796999e-02 7.672055030961923983e-01 6.899047399999999719e+00 -3.540187940895486718e-04 9.960854301509839415e-01 -8.839508194250707274e-02 -2.466225999999999974e-01 -7.702004513437217259e-01 -5.665014777237288579e-02 -6.352810602460112754e-01 -3.028738000000000263e-01
-6.541516158913137646e-01 6.443700967994767104e-02 7.536136511570699081e-01 6.945214700000000185e+00 -2.367900685967778279e-03 9.961851013442654112e-01 -8.723323280755478082e-02 -2.521300000000000208e-01 -7.563597401191610725e-01 -5.884824248201460384e-02 -6.515035133317805816e-01 -3.414201000000000041e-01
-6.708359454563468383e-01 5.702957495662647203e-02 7.394097388214166955e-01 6.990097500000000075e+00 -5.640087243241054260e-03 9.966176325760063293e-01 -8.198465621373965395e-02 -2.575794000000000139e-01 -7.415843335046781171e-01 -5.916858979951247766e-02 -6.682452800293909867e-01 -3.806859000000000215e-01
-6.880995958506310739e-01 5.478089931711133120e-02 7.235454369009638453e-01 7.034817699999999618e+00 -6.429793068370104336e-03 9.966466556173481095e-01 -8.157267684619090575e-02 -2.624391999999999836e-01 -7.255877644718770059e-01 -6.078237340515472292e-02 -6.854399310894720987e-01 -4.217322000000000015e-01
-7.059873858884472275e-01 5.220606734688520989e-02 7.062976267116918283e-01 7.078184600000000160e+00 -8.068870217420150148e-03 9.966217839263331602e-01 -8.173073557057874972e-02 -2.676162999999999736e-01 -7.081784410018496789e-01 -6.339989223702136023e-02 -7.031811639716488704e-01 -4.634519000000000277e-01
-7.240658915013112873e-01 4.842326275617259146e-02 6.880289037449357492e-01 7.120738499999999860e+00 -1.109436128379050202e-02 9.965857939993387760e-01 -8.181485406949171035e-02 -2.729936000000000029e-01 -6.896415735091062649e-01 -6.687258648171284792e-02 -7.210565562181164845e-01 -5.064277999999999835e-01
-7.411350190191311471e-01 4.667090338474236266e-02 6.697318197314233723e-01 7.162129400000000423e+00 -1.070069781489744673e-02 9.966328139471501979e-01 -8.129286088002614374e-02 -2.780617000000000227e-01 -6.712707193448749221e-01 -6.741558381440511394e-02 -7.381400682859429185e-01 -5.509589000000000292e-01
-7.574627904865178785e-01 4.807435414770092064e-02 6.511059648794954580e-01 7.202696300000000385e+00 -9.116064225922846515e-03 9.964092909176092139e-01 -8.417495082324731592e-02 -2.836524999999999741e-01 -6.528146891740458369e-01 -6.969491693336528348e-02 -7.543047130651145959e-01 -5.972285000000000510e-01
-7.731699677624939149e-01 4.772791732351809590e-02 6.324003849288070134e-01 7.241747900000000016e+00 -5.460446235685416372e-03 9.966262229447224730e-01 -8.189233948205093538e-02 -2.888651999999999886e-01 -6.341753578286143389e-01 -6.676988577866305175e-02 -7.703008489389409075e-01 -6.438817000000000013e-01
-8.029397643296821707e-01 5.002542532457619762e-02 5.939572305135186747e-01 7.316015700000000344e+00 3.948004805072319323e-04 9.965163381420277799e-01 -8.339683416404000682e-02 -3.000675999999999899e-01 -5.960600464640911644e-01 -6.672813976950842108e-02 -8.001623437603933020e-01 -7.407559000000000227e-01
-8.171891793438721407e-01 5.187612951430788100e-02 5.740302364422144032e-01 7.351746999999999588e+00 1.628718846483318689e-03 9.961451812229143998e-01 -8.770476156564285808e-02 -3.054325999999999985e-01 -5.763672374781628749e-01 -7.073644826383290729e-02 -8.141235547807287309e-01 -7.906670000000000087e-01
-8.430120274358727794e-01 5.072398136923313150e-02 5.354977117715008506e-01 7.419726800000000289e+00 6.107112423653086181e-03 9.963821537318621191e-01 -8.476618961886017711e-02 -3.167829999999999813e-01 -5.378600419963398549e-01 -6.818857264021138676e-02 -8.402719165752158270e-01 -8.914128000000000052e-01
-8.540175167121407673e-01 5.209420520984554825e-02 5.176294764910354118e-01 7.452099300000000426e+00 8.590593782448269905e-03 9.962503880494762987e-01 -8.608929091201053541e-02 -3.225426000000000126e-01 -5.201733200071816388e-01 -6.907501787782843738e-02 -8.512628025808977039e-01 -9.436014999999999819e-01
-8.640086055057832892e-01 5.506130459593600729e-02 5.004571733406807388e-01 7.483207199999999837e+00 1.157361619665300129e-02 9.959113905104031161e-01 -8.959103559937228733e-02 -3.282591000000000259e-01 -5.033439986928255339e-01 -7.161532648692581215e-02 -8.611132701288993774e-01 -9.957804999999999573e-01
-8.734708950877411171e-01 5.314080430230634644e-02 4.839676129171498475e-01 7.513581300000000240e+00 1.020776258093412936e-02 9.958059931105007756e-01 -9.091878611321435599e-02 -3.339467999999999881e-01 -4.867693468345264396e-01 -7.447468699708054141e-02 -8.703500008496439788e-01 -1.048890700000000065e+00
