9.999999954695000248e-01 -1.499921036496469198e-05 -9.400012578043354843e-05 2.260499999999999923e-03 1.500078956496100489e-05 9.999999997463799861e-01 1.679929496076003649e-05 -3.865000000000000163e-04 9.399987378043414880e-05 -1.680070496075674021e-05 9.999999954408800296e-01 4.920999999999999810e-04
9.999978727751986929e-01 -1.961248702860482560e-03 -6.387085431614409389e-04 1.441900000000000083e-03 1.962746788686779102e-03 9.999953046192906481e-01 2.353372986893627859e-03 -8.731000000000000262e-04 6.340899944637765247e-04 -2.354621603882240538e-03 9.999970268390708794e-01 5.045870000000000216e-02
9.999289057857803087e-01 -1.213099065550959877e-03 1.186219898287679299e-02 -1.047829999999999942e-02 1.193657325997470866e-03 9.999979330815389478e-01 1.645908514471744466e-03 -5.494000000000000185e-04 -1.186417111475961648e-02 -1.631632099180879703e-03 9.999282870388519484e-01 8.965460000000000096e-02
9.996922237035427150e-01 -1.978520596238422292e-04 2.480763433357312600e-02 -2.241220000000000018e-02 1.833185956512042457e-04 9.999998102549961798e-01 5.881192601220519480e-04 -3.559999999999999797e-04 -2.480774598705537751e-02 -5.833905502668371244e-04 9.996920702868996589e-01 1.300501000000000018e-01
9.994208904288198747e-01 3.840891540926484734e-04 3.402552350789867647e-02 -3.022539999999999949e-02 -3.929983128760337636e-04 9.999998902253992572e-01 2.551499864552953033e-04 -6.888999999999999941e-04 -3.402542177241795612e-02 -2.683741999893805136e-04 9.994209316641801122e-01 1.714121999999999868e-01
9.990024644308131974e-01 5.988288516324598992e-04 4.465106342707114012e-02 -3.804600000000000343e-02 -6.576573708350489430e-04 9.999989350488680540e-01 1.302838406106968322e-03 -2.044199999999999923e-03 -4.465023569864400715e-02 -1.330903879434410528e-03 9.990017943662160560e-01 2.145308999999999966e-01
9.985347824178860687e-01 7.759984864361623661e-04 5.410809669553966889e-02 -4.439590000000000203e-02 -8.741960560012401477e-04 9.999980136965327393e-01 1.791196316651877786e-03 -2.930700000000000058e-03 -5.410659925480896387e-02 -1.835872909044676234e-03 9.985334773996019653e-01 2.572554000000000229e-01
9.979528968286335289e-01 -3.106658705110394540e-04 6.395247609010724921e-02 -5.010069999999999801e-02 2.358541375051903619e-04 9.999992791118680335e-01 1.177348109200481493e-03 -3.783900000000000197e-03 -6.395279574940145040e-02 -1.159854500062781207e-03 9.979522506880648125e-01 3.005274000000000001e-01
9.972926331174609693e-01 -1.223521313614022322e-03 7.352487283386885397e-02 -5.464100000000000207e-02 1.136878930271922449e-03 9.999986092487435085e-01 1.220248694564783892e-03 -4.227999999999999987e-03 -7.352626357934530232e-02 -1.133356154884909879e-03 9.972926371270804946e-01 3.435979000000000116e-01
9.964736098087478844e-01 -1.157729236561804787e-03 8.389877602050026251e-02 -5.845759999999999845e-02 1.075099412224966118e-03 9.999988915806369283e-01 1.030047936433667669e-03 -4.722699999999999815e-03 -8.389987554208346021e-02 -9.362160607080745496e-04 9.964737499721257885e-01 3.857129999999999725e-01
9.954843134919405534e-01 3.452389505769325878e-04 9.492556242417964085e-02 -6.153900000000000342e-02 -4.023156497174652530e-04 9.999997496270023323e-01 5.821409198578251978e-04 -5.261100000000000325e-03 -9.492533767966175595e-02 -6.177021932817134721e-04 9.954842031445815254e-01 4.278192000000000106e-01
9.943594207237118621e-01 2.170856785291260492e-03 1.060406987850515681e-01 -6.342730000000000590e-02 -2.281251290889701848e-03 9.999969749494531657e-01 9.197741519249357867e-04 -6.093900000000000185e-03 -1.060383813086190896e-01 -1.156491573894967515e-03 9.943613650060462161e-01 4.703397000000000272e-01
9.929642100265468896e-01 4.439301573742214860e-03 1.183316111945287297e-01 -6.452099999999999502e-02 -4.809575569743030493e-03 9.999843904459968513e-01 2.843738241636159601e-03 -7.217300000000000278e-03 -1.183171398792021156e-01 -3.392855122958067082e-03 9.929700614544830772e-01 5.142565000000000053e-01
9.917176884818461602e-01 7.886257655623991544e-03 1.281945135035543470e-01 -6.450640000000000540e-02 -8.559126946154614959e-03 9.999523303413491160e-01 4.698764819080363669e-03 -7.766300000000000286e-03 -1.281513468448282900e-01 -5.757081299975652655e-03 9.917379131185628527e-01 5.520840999999999665e-01
9.903064496721645238e-01 9.781313802324902509e-03 1.385549047779003340e-01 -6.372719999999999774e-02 -1.066804481833855296e-02 9.999270836204514623e-01 5.658644895422194725e-03 -8.385099999999999498e-03 -1.384894528744571862e-01 -7.081902470312341318e-03 9.903385876052364090e-01 5.897753999999999497e-01
9.889819166451159216e-01 1.145149552298197967e-02 1.475927904717571071e-01 -6.231869999999999771e-02 -1.260498242433234425e-02 9.998968685238455167e-01 6.882349474543344135e-03 -8.868900000000000741e-03 -1.474987558152106581e-01 -8.666923704210047902e-03 9.890242673799617412e-01 6.248806999999999556e-01
9.875383694282032776e-01 1.143371902479742991e-02 1.569625400417166694e-01 -6.005370000000000152e-02 -1.247810326697601849e-02 9.999060702187317906e-01 5.669892290984568199e-03 -8.296400000000000649e-03 -1.568829686293072845e-01 -7.557830971559840148e-03 9.875882812918859166e-01 6.603126999999999747e-01
9.861376711905790460e-01 1.192058397266890050e-02 1.655004324362086554e-01 -5.739629999999999732e-02 -1.297057629026983523e-02 9.999020172210913993e-01 5.264988878486773737e-03 -7.919600000000000597e-03 -1.654214545018868332e-01 -7.338639856461738435e-03 9.861956635250113123e-01 6.933268000000000209e-01
9.845742604060472303e-01 1.209848677380162378e-02 1.745484241225604971e-01 -5.407170000000000032e-02 -1.269092368610744322e-02 9.999168714201741581e-01 2.278311937445601058e-03 -7.695800000000000037e-03 -1.745063500331105466e-01 -4.458348020854502151e-03 9.846459551184102432e-01 7.271539000000000197e-01
9.816944753879229824e-01 9.534579861004293527e-03 1.902236809119849659e-01 -4.694279999999999980e-02 -9.312170918035215378e-03 9.999545126310157572e-01 -2.063041846668769649e-03 -7.587299999999999947e-03 -1.902346983744654108e-01 2.538813540586333951e-04 9.817386083263885954e-01 7.867423999999999529e-01
9.810770742277209466e-01 7.076149341262683370e-03 1.934882490883489126e-01 -4.319449999999999679e-02 -7.039794520128256697e-03 9.999748371191579110e-01 -8.754550975902896087e-04 -7.668399999999999696e-03 -1.934895752176048755e-01 -5.032285898797441044e-04 9.811022021395615633e-01 8.107973000000000541e-01
9.796858306410980433e-01 6.082926609178859918e-03 2.004461804199047237e-01 -3.957240000000000063e-02 -6.199416668035286938e-03 9.999807823487789626e-01 -4.654137925162921997e-05 -7.762200000000000349e-03 -2.004426114229151124e-01 -1.197053462147851027e-03 9.797047139771100088e-01 8.373062999999999478e-01
9.785902478090564571e-01 6.026805553545200658e-03 2.057299309965112399e-01 -3.568530000000000313e-02 -6.040084670305983713e-03 9.999815997589618366e-01 -5.634897363081071758e-04 -8.131199999999999886e-03 -2.057295415592642895e-01 -6.912006417435252867e-04 9.786086439284540361e-01 8.622144000000000474e-01
9.773621818362644431e-01 6.532471792475529407e-03 2.114722022596285944e-01 -3.186540000000000206e-02 -5.930776268514039579e-03 9.999763594799941924e-01 -3.479421502238167624e-03 -8.252900000000000513e-03 -2.114899321696179224e-01 2.146460672343701755e-03 9.773778191147334260e-01 8.865996999999999906e-01
9.761894736863040434e-01 8.060440768933018266e-03 2.167697874674126834e-01 -2.766590000000000021e-02 -7.100063154802994415e-03 9.999612277401747074e-01 -5.208850118803147120e-03 -8.397699999999999262e-03 -2.168033684407475736e-01 3.545745474913434420e-03 9.762088542529065993e-01 9.104552999999999674e-01
9.748203273428154292e-01 8.388920536813197423e-03 2.228339188980738572e-01 -2.369999999999999885e-02 -7.219434841379450754e-03 9.999555628841864108e-01 -6.062344228187369934e-03 -8.909500000000000752e-03 -2.228748733254096726e-01 4.300961427052563298e-03 9.748375724042368518e-01 9.336484999999999923e-01
9.733556539611637470e-01 8.463897292679488024e-03 2.291443504528402619e-01 -1.931220000000000159e-02 -7.439061326415428825e-03 9.999580934174011615e-01 -5.335895015617376537e-03 -9.176200000000000676e-03 -2.291799102635676544e-01 3.489104706774058366e-03 9.733778274030737698e-01 9.565873000000000292e-01
9.717598712822035356e-01 8.427211046696931468e-03 2.358214042015049638e-01 -1.477939999999999983e-02 -7.686584996893153741e-03 9.999622166749463359e-01 -4.059757826918839602e-03 -9.229400000000000451e-03 -2.358467065207413282e-01 2.132448475842006752e-03 9.717879314371099531e-01 9.791199000000000430e-01
9.700101704253247803e-01 7.257573118522110331e-03 2.429559567161537481e-01 -9.875099999999999503e-03 -6.040348935364918403e-03 9.999651986270893245e-01 -5.754625915285795264e-03 -8.596200000000000022e-03 -2.429892661336530979e-01 4.114506910329380866e-03 9.700202510137164724e-01 1.001728799999999975e+00
9.680121180979339712e-01 7.840135561055307928e-03 2.507809232974784752e-01 -4.944600000000000384e-03 -6.106890192724983776e-03 9.999517926690384417e-01 -7.688838023405222127e-03 -8.113300000000000373e-03 -2.508291153509207838e-01 5.911396819740533451e-03 9.680133316643495522e-01 1.023511999999999977e+00
9.656601284905234062e-01 7.242893234935684869e-03 2.597076370483800689e-01 3.248999999999999827e-04 -4.522222092803945305e-03 9.999284791945507456e-01 -1.107185634915441516e-02 -7.641499999999999855e-03 -2.597692548224465048e-01 9.517194610822978657e-03 9.656238176721463340e-01 1.045001000000000069e+00
9.631312418436179801e-01 1.065002428699512831e-02 2.688211077416664541e-01 9.044699999999999268e-03 -7.118316403576125176e-03 9.998751237662915070e-01 -1.410909086092319333e-02 -8.122900000000000606e-03 -2.689378005345265388e-01 1.167535250130038831e-02 9.630867798841502569e-01 1.077064900000000103e+00
9.618969416414875351e-01 1.065417084260652548e-02 2.732046161842975329e-01 1.332460000000000068e-02 -7.136724904147990524e-03 9.998784020259298133e-01 -1.386536403112868798e-02 -8.441199999999999398e-03 -2.733191190136454174e-01 1.138726506803790228e-02 9.618560128085050787e-01 1.091931100000000043e+00
9.601930969183813946e-01 1.081966102289030202e-02 2.791274826412429855e-01 1.718650000000000039e-02 -7.222485059344294946e-03 9.998771319651671430e-01 -1.391246501089080274e-02 -8.897099999999999800e-03 -2.792437149513936623e-01 1.134265879154710242e-02 9.601532647195880621e-01 1.105809800000000065e+00
9.582213381489091963e-01 1.271914039004033541e-02 2.857447997494482750e-01 2.116180000000000144e-02 -8.748539257797319571e-03 9.998466869260178580e-01 -1.516791692753206335e-02 -9.255400000000000432e-03 -2.858939142006499678e-01 1.203437205691178409e-02 9.581857041890299298e-01 1.119539899999999921e+00
9.559928987318598859e-01 1.346011506148451185e-02 2.930808811178024498e-01 2.519889999999999977e-02 -9.402769416262992883e-03 9.998395263295783986e-01 -1.524826273215508857e-02 -9.667200000000000792e-03 -2.932390927239416079e-01 1.182145894447204915e-02 9.559660494007429232e-01 1.132973400000000019e+00
9.534383802379395867e-01 1.446373332146238221e-02 3.012408596250842896e-01 2.915200000000000083e-02 -1.058299447748082926e-02 9.998387092307302604e-01 -1.451053933238770355e-02 -1.004410000000000025e-02 -3.014021488263541881e-01 1.064687476364679919e-02 9.534376690380045316e-01 1.145874000000000059e+00
9.502108622770704116e-01 1.614929023274533706e-02 3.111888777505470438e-01 3.324660000000000115e-02 -1.235619114723835246e-02 9.998234385922019074e-01 -1.415684223258362531e-02 -1.042260000000000061e-02 -3.113625567581934650e-01 9.606876008563386415e-03 9.502426354265297581e-01 1.158581099999999919e+00
9.459786909338397942e-01 1.862354682623003702e-02 3.236934966951145465e-01 3.724899999999999739e-02 -1.490844736186672757e-02 9.997915001655000022e-01 -1.395329330579161281e-02 -1.085120000000000008e-02 -3.238858664658854081e-01 8.373750678770962297e-03 9.460591027008896647e-01 1.170959199999999978e+00
9.410399982696640020e-01 1.989777707255931463e-02 3.377096387789392251e-01 4.151830000000000104e-02 -1.610809252571844194e-02 9.997719505490667569e-01 -1.402056527025233312e-02 -1.115840000000000061e-02 -3.379116023634195498e-01 7.754054609379861483e-03 9.411459098488932362e-01 1.183109200000000083e+00
9.353598320240853470e-01 2.167975444959006903e-02 3.530325379945599695e-01 4.575459999999999944e-02 -1.837793937254624671e-02 9.997504191590560474e-01 -1.270239094465141008e-02 -1.156749999999999966e-02 -3.532198125534494193e-01 5.393295680493253967e-03 9.355248133435097868e-01 1.194774400000000014e+00
9.217626980867420494e-01 2.143254059839909756e-02 3.871616905368446826e-01 5.492969999999999797e-02 -1.778429565481798660e-02 9.997572850836723424e-01 -1.300345147207846407e-02 -1.228150000000000075e-02 -3.873464176211154353e-01 5.100698542616672812e-03 9.219201351692378754e-01 1.217573999999999934e+00
9.136162642887343255e-01 2.098883024466829603e-02 4.060354548953306608e-01 5.975710000000000049e-02 -1.678272677237330548e-02 9.997622978230450430e-01 -1.391718124007144258e-02 -1.263060000000000051e-02 -4.062310447383132850e-01 5.900581034578686497e-03 9.137513455170793719e-01 1.228712299999999980e+00
9.050121200408087763e-01 1.807262863670497724e-02 4.250016972594350961e-01 6.489250000000000573e-02 -1.319557810212602586e-02 9.998090030027231290e-01 -1.441645702838966620e-02 -1.292590000000000058e-02 -4.251810664855520394e-01 7.438925249017153130e-03 9.050777442260682371e-01 1.239600800000000058e+00
8.847184987236000886e-01 7.404233675195370616e-03 4.660669000690162433e-01 7.557039999999999591e-02 -2.619618524423598070e-03 9.999370211014102505e-01 -1.091290197996008793e-02 -1.363999999999999935e-02 -4.661183493653148768e-01 8.433928771386614565e-03 8.846821763946832728e-01 1.260550599999999966e+00
8.603022862560796291e-01 -1.590671983428925199e-03 5.097817631351709844e-01 8.710060000000000024e-02 9.779749593766843760e-03 9.998625986602506233e-01 -1.338433032519664202e-02 -1.430829999999999949e-02 -5.096904283586710660e-01 1.650010796970418150e-02 8.601996359430422734e-01 1.280460600000000060e+00
8.305236364528808535e-01 -7.907099306303294259e-03 5.569272547412662533e-01 9.937250000000000250e-02 1.640176794096664253e-02 9.998127961354760229e-01 -1.026424338038120151e-02 -1.501139999999999940e-02 -5.567418354152071647e-01 1.765928832997746764e-02 8.304978496264665555e-01 1.299396500000000065e+00
7.957126107097483025e-01 -1.451382661246070072e-02 6.055004459077961698e-01 1.126346000000000014e-01 2.426976777965429016e-02 9.996739798786481446e-01 -7.931729036335268337e-03 -1.550969999999999953e-02 -6.051879208389723264e-01 2.100673203160399044e-02 7.958054395893220390e-01 1.317322700000000069e+00
7.561430868089504820e-01 -1.197601399984634697e-02 6.542967273032225251e-01 1.264035000000000020e-01 3.027801902189257433e-02 9.994020248964927688e-01 -1.669832916491950300e-02 -1.615480000000000041e-02 -6.537054947261358162e-01 3.243713491456318154e-02 7.560535420480434254e-01 1.333752199999999943e+00
6.868662270218905963e-01 -1.415890533215731148e-02 7.266459327461398665e-01 1.490582000000000018e-01 3.132007592494201464e-02 9.994580634988765588e-01 -1.013075274259327488e-02 -1.693779999999999938e-02 -7.261086964227658758e-01 2.971707769735612223e-02 6.869374471320957021e-01 1.356607600000000025e+00
6.311435123816100390e-01 -8.255535057833432097e-03 7.756221457124039542e-01 1.651106999999999991e-01 2.667208465025648623e-02 9.995830021477275507e-01 -1.106443481364912350e-02 -1.747829999999999870e-02 -7.752073701139678974e-01 2.767070577785867708e-02 6.311005192223668736e-01 1.370220400000000005e+00
5.428220080875323372e-01 -5.037466302553611497e-04 8.398476134246922742e-01 1.907098999999999878e-01 2.581521462784565346e-02 9.995373051183951141e-01 -1.608571945467731842e-02 -1.839029999999999831e-02 -8.394509171056619978e-01 3.041252893116300551e-02 5.425838514501457599e-01 1.388442799999999977e+00
4.807744015623823253e-01 1.967570615220352176e-03 8.768421200354185041e-01 2.086379999999999901e-01 2.822312193179690037e-02 9.994446189275142389e-01 -1.771747965311721087e-02 -1.900119999999999934e-02 -8.763899989107338806e-01 3.326533274611602475e-02 4.804518575742361408e-01 1.398733599999999910e+00
3.834485611816473294e-01 8.925741826193454853e-03 9.235191021633373243e-01 2.367769000000000124e-01 2.813646296178569373e-02 9.993762505197829604e-01 -2.134125931194916226e-02 -1.988790000000000002e-02 -9.231335441742567482e-01 3.416783618949165852e-02 3.829582465366211386e-01 1.411776700000000107e+00
3.149533771259057091e-01 2.600817460061601721e-02 9.487507286378917826e-01 2.563268000000000213e-01 2.635411341615488678e-02 9.989993850055690627e-01 -3.613432529525309467e-02 -2.067470000000000072e-02 -9.487411822741937950e-01 3.638411208808858821e-02 3.139528076710350613e-01 1.418929099999999943e+00
2.446071488649042835e-01 3.943449876565065237e-02 9.688200364522219221e-01 2.765645999999999938e-01 2.382901831743668153e-02 9.986263781515826166e-01 -4.666406268082179398e-02 -2.158219999999999930e-02 -9.693294180051537090e-01 3.450039372172868102e-02 2.433314657475187381e-01 1.424437900000000035e+00
1.720970674584902382e-01 3.487410408975732956e-02 9.844624910254957673e-01 2.975021999999999944e-01 1.810049647201961501e-02 9.990924696552786477e-01 -3.855657019993583012e-02 -2.268099999999999977e-02 -9.849136872841466328e-01 2.445473250830899892e-02 1.713096455494925729e-01 1.428683200000000042e+00
9.670312726223366517e-02 3.564285632805502813e-02 9.946748674669939616e-01 3.187728000000000228e-01 8.296058652364761421e-03 9.992950114480770862e-01 -3.661496286798361643e-02 -2.365700000000000094e-02 -9.952786949335049593e-01 1.179266245446390290e-02 9.633925743794324870e-02 1.431596799999999892e+00
2.097232297722097932e-02 3.447116566794033998e-02 9.991856185946794700e-01 3.406267000000000045e-01 2.072769049547566050e-03 9.994017841728407570e-01 -3.452212943330400241e-02 -2.456869999999999887e-02 -9.997779079862718632e-01 2.795090273312771795e-03 2.088832623638536834e-02 1.432717100000000077e+00
-5.367843642895505502e-02 3.301294931532939431e-02 9.980124100631444506e-01 3.627272000000000274e-01 2.815779387992276353e-03 9.994543791158473356e-01 -3.290920012084933705e-02 -2.547320000000000140e-02 -9.985543034051682643e-01 1.043668366601531450e-03 -5.374210553522973388e-02 1.432040500000000049e+00
-1.242581095910222921e-01 3.345485959542270071e-02 9.916857841929145323e-01 3.851390000000000091e-01 1.391671498168004298e-02 9.993919031184037571e-01 -3.197106544195472966e-02 -2.629700000000000093e-02 -9.921523306655002372e-01 9.828344256568501830e-03 -1.246481303678085295e-01 1.429570100000000066e+00
-1.901730046904984150e-01 4.230430413186696270e-02 9.808387095434736302e-01 4.073725999999999736e-01 1.724959916958135331e-02 9.990609224553400614e-01 -3.974574884404108444e-02 -2.721430000000000030e-02 -9.815990421834552837e-01 9.360506108289154761e-03 -1.907241497816158926e-01 1.425686699999999973e+00
-2.431045412626196833e-01 4.595025636999666707e-02 9.689111187085344135e-01 4.294260999999999773e-01 2.649212844498337674e-02 9.988192607375393495e-01 -4.072163442409765244e-02 -2.826760000000000037e-02 -9.696382568504331445e-01 1.576890355246467895e-02 -2.440348182797023036e-01 1.420279300000000022e+00
-2.831828562430994678e-01 4.089932940580041920e-02 9.581934641731575386e-01 4.517971000000000070e-01 2.821308517365116175e-02 9.990131547518706912e-01 -3.430362164115150631e-02 -2.925590000000000135e-02 -9.586508706275629343e-01 1.731939626172927099e-02 -2.840572948511352891e-01 1.414091800000000010e+00
-3.126364688239692824e-01 4.900731262347568506e-02 9.486077807348537450e-01 4.739248999999999823e-01 3.300489349425216046e-02 9.986255874340550509e-01 -4.071379529620759025e-02 -3.034950000000000148e-02 -9.492992759750281673e-01 1.858008157714448327e-02 -3.138242584662223056e-01 1.406884800000000046e+00
-3.321466088396741179e-01 5.945252282533428079e-02 9.413522336330902851e-01 4.959859999999999824e-01 4.268673954012584815e-02 9.979364905259794361e-01 -4.796460303312272133e-02 -3.155940000000000134e-02 -9.422613610372329029e-01 2.425197737081856431e-02 -3.339990555224181534e-01 1.399111200000000110e+00
-3.373650537676461947e-01 6.545439118611606766e-02 9.390955985259479277e-01 5.070909000000000111e-01 4.666814763990712739e-02 9.975160964602857172e-01 -5.276098272865696603e-02 -3.225170000000000120e-02 -9.402164136475246181e-01 2.602614026490866761e-02 -3.395817067079708318e-01 1.395004600000000039e+00
-3.427502346143128653e-01 7.456295905052380546e-02 9.364628352526669364e-01 5.291746000000000505e-01 5.076671385546131787e-02 9.968586689615979157e-01 -6.079091116629993519e-02 -3.373310000000000197e-02 -9.380538457019145238e-01 2.670504172887899763e-02 -3.454588590702337703e-01 1.386776699999999973e+00
-3.476499294144804741e-01 8.063930960259606262e-02 9.341503242652773320e-01 5.512578999999999674e-01 5.226829456084382264e-02 9.964123256965194964e-01 -6.656202058046320480e-02 -3.551139999999999852e-02 -9.361664125366850886e-01 2.568616255632204942e-02 -3.506175538836049377e-01 1.378565000000000040e+00
-3.514193107327087673e-01 8.661470676632546106e-02 9.322029610637002639e-01 5.739526999999999823e-01 5.669649653632727326e-02 9.958526105294209785e-01 -7.115536088197141340e-02 -3.730109999999999676e-02 -9.344998530361862121e-01 2.784727407702257060e-02 -3.548725884057897240e-01 1.369954300000000069e+00
-3.533713309829170646e-01 8.572915222940466484e-02 9.315466788612311033e-01 5.854213000000000333e-01 5.656812762920629400e-02 9.959280194005066811e-01 -7.019563454738306230e-02 -3.814349999999999685e-02 -9.337712510973380509e-01 2.789072661318619042e-02 -3.567819474035941463e-01 1.365613500000000036e+00
-3.572831759494795034e-01 8.630903159016525827e-02 9.299997221770666123e-01 6.081723999999999464e-01 5.591047585128863795e-02 9.959119428576529431e-01 -7.094660501798157048e-02 -4.002909999999999802e-02 -9.323211629441519044e-01 2.664869864482828990e-02 -3.606481609366688490e-01 1.356734899999999966e+00
-3.597084703692338126e-01 8.794462149372597737e-02 9.289109536952135926e-01 6.194433999999999774e-01 5.510800006780164351e-02 9.958127603441625508e-01 -7.293870484363346174e-02 -4.105079999999999840e-02 -9.314359477028750778e-01 2.495375494920109433e-02 -3.630487370048021134e-01 1.352433199999999891e+00
-3.644355269590379698e-01 9.223732508075760395e-02 9.266493525341903403e-01 6.423105000000000064e-01 5.115568603314853829e-02 9.955629248574734413e-01 -7.897821494380931340e-02 -4.296069999999999750e-02 -9.298224790122926464e-01 1.862091595972808003e-02 -3.675369627836831965e-01 1.343416299999999897e+00
-3.689929871460251865e-01 9.663988818989319163e-02 9.243943462871776484e-01 6.650721000000000549e-01 4.550970212247096303e-02 9.952652979339428052e-01 -8.588279071609226933e-02 -4.512359999999999982e-02 -9.283173177581992563e-01 1.037876385245792288e-02 -3.716439678120951884e-01 1.334443299999999999e+00
-3.739168247241683174e-01 8.999061409811376366e-02 9.230860726727705412e-01 6.881791000000000436e-01 4.181820440233882663e-02 9.959052029579225085e-01 -8.015026202017977441e-02 -4.737910000000000038e-02 -9.265189938521278812e-01 8.632270592586387126e-03 -3.761489571109516428e-01 1.325066700000000042e+00
-3.795851487829656201e-01 9.197989223029731654e-02 9.205730901176273351e-01 7.231258999999999881e-01 4.210890893854350031e-02 9.957319348327278163e-01 -8.212644971187899046e-02 -5.037429999999999686e-02 -9.241980061715237005e-01 7.590347790136446615e-03 -3.818382275375338253e-01 1.310983299999999963e+00
-3.803549655093761972e-01 9.481728520877072408e-02 9.199672725907154236e-01 7.461252000000000439e-01 4.186932082942146360e-02 9.954761357416461731e-01 -8.528905640328413029e-02 -5.258870000000000211e-02 -9.238923423135642077e-01 6.078288782070111196e-03 -3.826042266100017075e-01 1.301348200000000066e+00
-3.800233297035784941e-01 9.136490798317525863e-02 9.204535417229005034e-01 7.696853000000000167e-01 3.470181434764359890e-02 9.958174642279969957e-01 -8.451841231059432913e-02 -5.485690000000000011e-02 -9.243257288218191814e-01 -1.775605470328567304e-04 -3.816043966076192451e-01 1.291597000000000106e+00
-3.807788193018730727e-01 9.067255201846693979e-02 9.202097473302108810e-01 7.934531000000000223e-01 2.691685858795526270e-02 9.958457226441044252e-01 -8.698723708221509088e-02 -5.709879999999999817e-02 -9.242742955934823978e-01 -8.353741790352621488e-03 -3.816375787357326743e-01 1.282065699999999975e+00
-3.808652087170618095e-01 8.395846391253360130e-02 9.208108758731927690e-01 8.174854999999999761e-01 2.417657871906071440e-02 9.964327254141480683e-01 -8.085367502577646415e-02 -5.960599999999999926e-02 -9.243144409941617123e-01 -8.532295188318356205e-03 -3.815363863492831076e-01 1.272164300000000026e+00
-3.804847093505298039e-01 7.337061866240615626e-02 9.218720834625261373e-01 8.417249999999999455e-01 3.306544900080696237e-02 9.972897187250981954e-01 -6.572589297673821218e-02 -6.173750000000000071e-02 -9.241959002467051709e-01 5.474417074939549877e-03 -3.818795212169300290e-01 1.261974799999999952e+00
-3.786135302270749459e-01 8.448047192099274183e-02 9.216912957129401729e-01 8.658683999999999825e-01 4.673524331246046992e-02 9.963003431359639395e-01 -7.212103229769931123e-02 -6.363309999999999800e-02 -9.243741730281722635e-01 1.576946832226839429e-02 -3.811610054915324231e-01 1.251872199999999991e+00
-3.773896515458138867e-01 9.100803557868239468e-02 9.215718031527645460e-01 8.778825999999999574e-01 5.035335878328710962e-02 9.957037148633646195e-01 -7.770876055205661048e-02 -6.461060000000000414e-02 -9.246845895576339958e-01 1.707775358191424356e-02 -3.803508382628132400e-01 1.246805200000000058e+00
-3.766551182773122397e-01 9.538213288307412219e-02 9.214299596834149009e-01 8.899917000000000522e-01 5.137601263837985460e-02 9.953049155898465727e-01 -8.202822884878942233e-02 -6.567630000000000690e-02 -9.249277956688753966e-01 1.644304501495776061e-02 -3.797870443679604024e-01 1.241818899999999948e+00
-3.766527634500755339e-01 9.185553933393075798e-02 9.217891601006675817e-01 9.022211999999999454e-01 4.846733783209539181e-02 9.956628624605067257e-01 -7.941272870528631733e-02 -6.679319999999999702e-02 -9.250857327561003984e-01 1.476564291260529238e-02 -3.794711620670093710e-01 1.236822800000000111e+00
-3.766227818773286162e-01 8.747492399420718490e-02 9.222274219752898405e-01 9.144961000000000340e-01 4.732354560369865515e-02 9.960486110656743275e-01 -7.515082451733780255e-02 -6.787809999999999677e-02 -9.251571554079210946e-01 1.533955887073434540e-02 -3.792742223394235390e-01 1.231916100000000069e+00
-3.766515623578693961e-01 8.495025419767852914e-02 9.224516544974733501e-01 9.268113000000000046e-01 4.512123052714960003e-02 9.962867807512891805e-01 -7.332615533319922219e-02 -6.894709999999999728e-02 -9.252554647928820097e-01 1.400374278478575332e-02 -3.790860325294586053e-01 1.226913200000000037e+00
-3.764351778165022644e-01 8.522019553309620465e-02 9.225150812726905514e-01 9.391426000000000496e-01 4.331044584719936918e-02 9.962903348350907740e-01 -7.436245016605845526e-02 -6.998519999999999741e-02 -9.254300417550613833e-01 1.196189731955457289e-02 -3.787296540142338630e-01 1.221913699999999992e+00
-3.761777845214185900e-01 9.027449796627159961e-02 9.221392462364320641e-01 9.514622999999999831e-01 4.445409982266709803e-02 9.958546070568331521e-01 -7.935637726507414891e-02 -7.106410000000000504e-02 -9.254804738304930334e-01 1.114076391537190125e-02 -3.786314513321211717e-01 1.216901400000000022e+00
-3.754997783953338275e-01 9.257436985807346308e-02 9.221875636064692516e-01 9.638113000000000374e-01 4.327049784311201575e-02 9.956652049808193405e-01 -8.233142539098967094e-02 -7.214280000000000692e-02 -9.258118493740855603e-01 8.988082992689869211e-03 -3.778778028975136039e-01 1.211883299999999997e+00
-3.751370374694941723e-01 9.150172524146021891e-02 9.224422135811264356e-01 9.762553999999999954e-01 4.359353049876838609e-02 9.957566027478321757e-01 -8.104561791206779664e-02 -7.326499999999999679e-02 -9.259437386889469712e-01 9.809299767682577720e-03 -3.775340652455132506e-01 1.206818699999999911e+00
-3.742455008470430000e-01 8.604234968053400823e-02 9.233293124109073213e-01 9.887861999999999485e-01 4.564333865080340974e-02 9.961884825063234139e-01 -7.433164170497502665e-02 -7.433280000000000443e-02 -9.262056956921363993e-01 1.432555001392317798e-02 -3.767463176784141554e-01 1.201645300000000027e+00
-3.748379641204737101e-01 8.441486011827348257e-02 9.232392062977129443e-01 1.001316799999999896e+00 4.468582815572483269e-02 9.963336115528608206e-01 -7.295554298386232317e-02 -7.542050000000000143e-02 -9.260127846936324625e-01 1.390920131587272679e-02 -3.772358104723079197e-01 1.196652999999999967e+00
-3.747545806263630208e-01 8.689290724294705670e-02 9.230431338623494852e-01 1.013929700000000045e+00 4.241116040689620059e-02 9.961627734354092656e-01 -7.655731378786709285e-02 -7.642459999999999531e-02 -9.261534957945680713e-01 1.045712639026724622e-02 -3.770017914216836630e-01 1.191676500000000027e+00
-3.744430997292645391e-01 8.960887145974688606e-02 9.229098629990097891e-01 1.026555200000000001e+00 4.148937272733263515e-02 9.959417328429147620e-01 -7.986674359547091262e-02 -7.751510000000000344e-02 -9.263212169738059831e-01 8.385400262526924997e-03 -3.766413254631051366e-01 1.186550100000000052e+00
-3.745097369763724093e-01 8.875307985353064755e-02 9.229655181676075237e-01 1.039336599999999944e+00 4.039179039917611957e-02 9.960250566644508474e-01 -7.938885164131448402e-02 -7.866120000000000057e-02 -9.263427876214271883e-01 7.548331808448015268e-03 -3.766059777920049978e-01 1.181415300000000057e+00
-3.740486013419895284e-01 8.561610616593477718e-02 9.234487133561259942e-01 1.052208400000000044e+00 3.998338420452933473e-02 9.962925381607248276e-01 -7.617419112017975724e-02 -7.976210000000000244e-02 -9.265468001248799990e-01 8.429755052435636276e-03 -3.760850520934081453e-01 1.176188800000000034e+00
-3.734405562205198592e-01 8.456342386608875494e-02 9.237917396869017583e-01 1.064994699999999961e+00 4.060608971563731129e-02 9.963720345657307575e-01 -7.479247430959770626e-02 -8.093359999999999443e-02 -9.267649628938903206e-01 9.581027053005876370e-03 -3.755195167669653777e-01 1.171061799999999931e+00
-3.725127446550380306e-01 8.531048623601994452e-02 9.240976009100685395e-01 1.077813899999999991e+00 4.181075579595724956e-02 9.962974574233639524e-01 -7.512148182451539036e-02 -8.203499999999999681e-02 -9.270847403389514962e-01 1.065350974627705949e-02 -3.747003962644618325e-01 1.165919399999999939e+00
-3.715695363138395990e-01 8.613522229194355007e-02 9.244007805947782597e-01 1.090691700000000042e+00 4.468973882481501458e-02 9.961920534983110809e-01 -7.486133708789788344e-02 -8.318789999999999518e-02 -9.273289097872920994e-01 1.349503714465149704e-02 -3.740039799857435288e-01 1.160715299999999894e+00
-3.705880540808564882e-01 8.591622980527925668e-02 9.248150602302119827e-01 1.103642699999999977e+00 4.439339524214262755e-02 9.962129116648015259e-01 -7.476002334946924011e-02 -8.418130000000000057e-02 -9.277358032497392548e-01 1.335050891856653238e-02 -3.729987175315435666e-01 1.155525899999999995e+00
-3.694300767467644797e-01 8.667270379693035876e-02 9.252076852314887745e-01 1.116646400000000039e+00 4.535919040558204773e-02 9.961358698399529477e-01 -7.520553612567681956e-02 -8.532939999999999969e-02 -9.281508294671885206e-01 1.418348457643256455e-02 -3.719339545196703734e-01 1.150329200000000052e+00
-3.684837581911665771e-01 8.504663302888668119e-02 9.257358101314673293e-01 1.129769900000000105e+00 4.545837265342533851e-02 9.962636930830394144e-01 -7.343153409977094814e-02 -8.646689999999999932e-02 -9.285220817541263161e-01 1.502411578075045148e-02 -3.709730713137955327e-01 1.145149699999999937e+00
-3.677639622593634749e-01 8.364794424601440515e-02 9.261493883206474154e-01 1.142948899999999934e+00 4.381356694817978292e-02 9.963986967622977531e-01 -7.259482379393233931e-02 -8.762770000000000281e-02 -9.288864513031563908e-01 1.388014819122555810e-02 -3.701044475166689329e-01 1.140030000000000099e+00
-3.662529839839486767e-01 8.333524258902855197e-02 9.267761267239684742e-01 1.156139999999999946e+00 4.503748178094910126e-02 9.964018933161991054e-01 -7.179757816754366029e-02 -8.873300000000000631e-02 -9.294247559419128724e-01 1.544358567566564422e-02 -3.686883761441283047e-01 1.134785399999999944e+00
-3.648639813993211356e-01 8.362738084906534697e-02 9.272975446154059220e-01 1.169448599999999949e+00 4.270335486066306752e-02 9.964130434841913520e-01 -7.305799243214522454e-02 -8.981219999999999481e-02 -9.300810172028455280e-01 1.294248611729924628e-02 -3.671263998843223852e-01 1.129602599999999901e+00
-3.635699538702947820e-01 8.629468934694546622e-02 9.275613808440202890e-01 1.182790400000000020e+00 4.234188979160787014e-02 9.962019722482199358e-01 -7.608413012995644820e-02 -9.088789999999999369e-02 -9.306041333518925152e-01 1.161279808103934941e-02 -3.658429853217114447e-01 1.124413799999999908e+00
-3.623533700034470839e-01 8.477586810249349014e-02 9.281772931044010022e-01 1.196204999999999963e+00 4.019500600864051726e-02 9.963496731405312445e-01 -7.531062557648882105e-02 -9.202359999999999707e-02 -9.311736662616216798e-01 1.001903289870656466e-02 -3.644382282920718419e-01 1.119145899999999916e+00
-3.624092737236066508e-01 8.251294516613741359e-02 9.283593766420078497e-01 1.209679200000000066e+00 3.672010569689948545e-02 9.965640988698488689e-01 -7.424035749735202749e-02 -9.323370000000000268e-02 -9.312954161579106716e-01 7.184060393405966582e-03 -3.641939553583054545e-01 1.114058999999999910e+00
-3.620106654683517000e-01 8.289913966236255038e-02 9.284804848409040634e-01 1.223180699999999899e+00 3.417774353675552546e-02 9.965484617015430979e-01 -7.565081180677368788e-02 -9.437009999999999843e-02 -9.315471861016466626e-01 4.346967164383645776e-03 -3.635944773268356967e-01 1.108770400000000045e+00
-3.626824134086014673e-01 8.131242834907996542e-02 9.283586354421915487e-01 1.236648399999999981e+00 3.146573209720085473e-02 9.966866378302206009e-01 -7.500435770192154239e-02 -9.558170000000000555e-02 -9.313814335210357509e-01 2.008722645452008793e-03 -3.640392703069741387e-01 1.103588699999999978e+00
-3.637971015552782794e-01 7.826478237942668947e-02 9.281844066450799513e-01 1.250197400000000014e+00 2.880386692238336849e-02 9.969325733022347258e-01 -7.277212061842200375e-02 -9.669460000000000555e-02 -9.310327631991774933e-01 2.610135734232091331e-04 -3.649355089897642346e-01 1.098364399999999907e+00
-3.650374381320642958e-01 7.621875647481571314e-02 9.278676467704927155e-01 1.263817500000000038e+00 2.659724744951592196e-02 9.970901369464832964e-01 -7.144120122276992335e-02 -9.786290000000000266e-02 -9.306128385048684226e-01 -1.399987669882404862e-03 -3.660024383039485185e-01 1.093098799999999926e+00
-3.664422660099001527e-01 7.506941070749040268e-02 9.274074882475120685e-01 1.277521099999999965e+00 2.470379382158759823e-02 9.971735212954507821e-01 -7.095555649878072801e-02 -9.893250000000000655e-02 -9.301127825443264996e-01 -3.090631531143764321e-03 -3.672610239930023113e-01 1.087810200000000060e+00
-3.678280487295668144e-01 7.552050618229026735e-02 9.268220863325230541e-01 1.291078799999999971e+00 2.500437065428555428e-02 9.971395495116781582e-01 -7.132671482572802701e-02 -1.000657999999999964e-01 -9.295575872510445370e-01 -3.061363359401131357e-03 -3.686642375365410951e-01 1.082451899999999911e+00
-3.701293198873529255e-01 7.399815567039721986e-02 9.260283794339704277e-01 1.304706499999999991e+00 2.414323214281366425e-02 9.972520011083332303e-01 -7.003963611500979569e-02 -1.011523000000000005e-01 -9.286664583699705267e-01 -3.566404744898367396e-03 -3.708987595770196766e-01 1.077060700000000093e+00
-3.727725534110248873e-01 6.904720917405825220e-02 9.253502614300698204e-01 1.318282600000000082e+00 2.208332093384499442e-02 9.976053837352913956e-01 -6.554254556312802404e-02 -1.022259999999999974e-01 -9.276599324967945703e-01 -3.997655267248080568e-03 -3.734046978713669862e-01 1.071634999999999893e+00
-3.766560934411044004e-01 6.842724911859648929e-02 9.238224390280564968e-01 1.331668499999999922e+00 2.135188897777515887e-02 9.976444229628654847e-01 -6.518973974615965838e-02 -1.033675000000000010e-01 -9.261070586658792791e-01 -4.828758551926277953e-03 -3.772299020227325439e-01 1.066219000000000028e+00
-3.823369606714844271e-01 7.237653697632101535e-02 9.211840670570712319e-01 1.345138200000000062e+00 1.642633743594617071e-02 9.973025104508581595e-01 -7.153934642458115167e-02 -1.044521000000000061e-01 -9.238769528151093979e-01 -1.222045595430208340e-02 -3.824944921346408178e-01 1.060914600000000041e+00
-3.888826687154098849e-01 7.501445489238617315e-02 9.182282404337053228e-01 1.358587100000000047e+00 1.697788685333431399e-02 9.970938600423042697e-01 -7.426698878999379860e-02 -1.056288999999999978e-01 -9.211308383344766204e-01 -1.329156962649052226e-02 -3.890261081805281851e-01 1.055314199999999980e+00
-3.971058907416050165e-01 7.220569920139248421e-02 9.149280018346553911e-01 1.371986900000000009e+00 1.887676376925369673e-02 9.973320279456190374e-01 -7.051591184604187601e-02 -1.066948000000000063e-01 -9.175786502136570322e-01 -1.073140422857083928e-02 -3.974094332490948345e-01 1.049530999999999992e+00
-4.074533810803061540e-01 7.008633497856731065e-02 9.105326176999364307e-01 1.385245199999999954e+00 2.090924787488271028e-02 9.975052775979897923e-01 -6.742421313937582705e-02 -1.079153999999999947e-01 -9.129866075685519888e-01 -8.433671408664109720e-03 -4.079023505534592475e-01 1.043745399999999934e+00
-4.193100182596019576e-01 7.102946833300370633e-02 9.050601765714049174e-01 1.398281799999999908e+00 2.158672461873422863e-02 9.974327769079291972e-01 -6.827787979991833955e-02 -1.090295000000000014e-01 -9.075864266874901221e-01 -9.092314230600778702e-03 -4.197668494707089692e-01 1.037781599999999971e+00
-4.320716248258472669e-01 7.141750406020046238e-02 8.990070361983624192e-01 1.411142600000000025e+00 2.351839502658366332e-02 9.974127360841312795e-01 -6.793172302054917289e-02 -1.101010999999999934e-01 -9.015325818381307865e-01 -8.208167333716799574e-03 -4.326333665741650680e-01 1.031609100000000057e+00
-4.454893763177822930e-01 6.944382353914013706e-02 8.925899231787565169e-01 1.424000900000000014e+00 2.430635112011567817e-02 9.975578604497334911e-01 -6.547912911894626653e-02 -1.111908000000000063e-01 -8.949572151132251241e-01 -7.474652313970969048e-03 -4.460893550507187832e-01 1.025317299999999987e+00
-4.595345666717786659e-01 7.264975716641203229e-02 8.851835938478767041e-01 1.436598499999999889e+00 2.834604088821259318e-02 9.973408742344250788e-01 -6.713927723230740663e-02 -1.122444999999999971e-01 -8.877074315334669841e-01 -5.761368324817901093e-03 -4.603719394525271902e-01 1.018832799999999983e+00
-4.729354433995093809e-01 7.526622904920493573e-02 8.778764498158166951e-01 1.448933400000000038e+00 2.875203602370384609e-02 9.971324538115496905e-01 -7.000135698862851308e-02 -1.133431000000000022e-01 -8.806278367170783383e-01 -7.865387496518761595e-03 -4.737433365003971275e-01 1.012139399999999911e+00
-4.863572787579996115e-01 7.865766513074878841e-02 8.702123701231172515e-01 1.461232700000000051e+00 2.863483668310961433e-02 9.968396597588340402e-01 -7.409951997161345894e-02 -1.143741999999999953e-01 -8.732906981797332602e-01 -1.112045179257074162e-02 -4.870725736732505196e-01 1.005253799999999975e+00
-5.005904409465501415e-01 7.519960107353546030e-02 8.624118682110766265e-01 1.473391399999999907e+00 2.493670250853170095e-02 9.970591093918595993e-01 -7.246580743159222737e-02 -1.155497999999999942e-01 -8.653250090578332721e-01 -1.476998229832188550e-02 -5.009934893009766466e-01 9.982940999999999621e-01
-5.150676391670588883e-01 6.830399115437617297e-02 8.544237191670507325e-01 1.485590100000000024e+00 1.924409123252443857e-02 9.974901436493440743e-01 -6.814013703424293134e-02 -1.166727000000000042e-01 -8.569334816865930016e-01 -1.865417151186383321e-02 -5.150893416191983931e-01 9.911885999999999752e-01
