9.999772e-01 6.777910e-05 -6.759562e-03 -6.731874e-01 -1.046744e-05 9.999640e-01 8.478279e-03 -6.012229e-01 6.759893e-03 -8.478013e-03 9.999412e-01 4.323955e+01
9.999944e-01 5.490955e-05 -3.365373e-03 -6.865415e-01 -2.680498e-05 9.999651e-01 8.350575e-03 -6.178192e-01 3.365714e-03 -8.350436e-03 9.999594e-01 4.450289e+01
9.999997e-01 -7.846738e-04 3.218970e-04 -6.935884e-01 7.826665e-04 9.999805e-01 6.189643e-03 -6.350241e-01 -3.267476e-04 -6.189388e-03 9.999807e-01 4.574413e+01
9.999922e-01 -1.100101e-03 3.803485e-03 -6.959569e-01 1.082755e-03 9.999890e-01 4.559605e-03 -6.526707e-01 -3.808459e-03 -4.555450e-03 9.999823e-01 4.697748e+01
9.999689e-01 -6.772935e-04 7.861748e-03 -7.001992e-01 6.368232e-04 9.999865e-01 5.149118e-03 -6.645447e-01 -7.865129e-03 -5.143950e-03 9.999558e-01 4.819774e+01
9.999134e-01 -2.620471e-04 1.315831e-02 -6.975233e-01 1.937417e-04 9.999865e-01 5.192058e-03 -6.781882e-01 -1.315949e-02 -5.189058e-03 9.998999e-01 4.940741e+01
9.998044e-01 1.185349e-03 1.974544e-02 -6.903610e-01 -1.267194e-03 9.999906e-01 4.133010e-03 -6.899979e-01 -1.974035e-02 -4.157221e-03 9.997964e-01 5.060553e+01
9.996268e-01 2.727086e-03 2.718144e-02 -6.759702e-01 -2.833090e-03 9.999885e-01 3.862101e-03 -7.020690e-01 -2.717059e-02 -3.937667e-03 9.996230e-01 5.179127e+01
9.993594e-01 3.728632e-03 3.559358e-02 -6.473751e-01 -3.917026e-03 9.999787e-01 5.224639e-03 -7.126113e-01 -3.557334e-02 -5.360712e-03 9.993526e-01 5.296880e+01
9.989330e-01 5.955695e-03 4.579893e-02 -6.094624e-01 -6.221115e-03 9.999646e-01 5.654978e-03 -7.231034e-01 -4.576363e-02 -5.933863e-03 9.989346e-01 5.413296e+01
9.982392e-01 8.248457e-03 5.874191e-02 -5.600621e-01 -8.602116e-03 9.999463e-01 5.770220e-03 -7.297775e-01 -5.869116e-02 -6.265363e-03 9.982565e-01 5.528110e+01
9.972445e-01 1.030551e-02 7.346689e-02 -4.934098e-01 -1.079632e-02 9.999219e-01 6.286571e-03 -7.390768e-01 -7.339637e-02 -7.062419e-03 9.972778e-01 5.641219e+01
9.958861e-01 1.264625e-02 8.972728e-02 -4.111119e-01 -1.336115e-02 9.998835e-01 7.371203e-03 -7.469047e-01 -8.962361e-02 -8.539736e-03 9.959390e-01 5.753105e+01
9.941350e-01 1.287820e-02 1.073773e-01 -3.043738e-01 -1.390334e-02 9.998646e-01 8.803900e-03 -7.552160e-01 -1.072494e-01 -1.024517e-02 9.941793e-01 5.864015e+01
9.919005e-01 1.254741e-02 1.263966e-01 -1.772585e-01 -1.369399e-02 9.998725e-01 8.206430e-03 -7.637425e-01 -1.262775e-01 -9.870833e-03 9.919458e-01 5.973159e+01
9.891307e-01 1.167645e-02 1.465751e-01 -3.027954e-02 -1.282087e-02 9.998942e-01 6.865394e-03 -7.709585e-01 -1.464794e-01 -8.669990e-03 9.891757e-01 6.080734e+01
9.819655e-01 3.793581e-03 1.890225e-01 3.429236e-01 -5.471338e-03 9.999501e-01 8.354942e-03 -7.905714e-01 -1.889814e-01 -9.238469e-03 9.819372e-01 6.291291e+01
9.718692e-01 -6.880933e-03 2.354211e-01 8.226070e-01 4.698978e-03 9.999406e-01 9.828066e-03 -8.026621e-01 -2.354747e-01 -8.445355e-03 9.718437e-01 6.494900e+01
9.580718e-01 -1.728534e-02 2.860065e-01 1.400581e+00 1.562878e-02 9.998452e-01 8.073843e-03 -8.048744e-01 -2.861018e-01 -3.265387e-03 9.581936e-01 6.690386e+01
9.399600e-01 -2.430701e-02 3.404181e-01 2.070873e+00 2.082730e-02 9.996868e-01 1.387286e-02 -8.116220e-01 -3.406487e-01 -5.949941e-03 9.401718e-01 6.879155e+01
9.172153e-01 -2.734522e-02 3.974524e-01 2.836652e+00 2.544892e-02 9.996256e-01 1.004610e-02 -8.139150e-01 -3.975783e-01 9.002929e-04 9.175678e-01 7.058836e+01
8.900733e-01 -3.066895e-02 4.547845e-01 3.697183e+00 3.353669e-02 9.994359e-01 1.762472e-03 -8.217552e-01 -4.545820e-01 1.368323e-02 8.905997e-01 7.230010e+01
8.375209e-01 -3.135402e-02 5.455050e-01 5.171922e+00 2.716620e-02 9.995070e-01 1.574010e-02 -8.379065e-01 -5.457295e-01 1.636631e-03 8.379597e-01 7.474042e+01
7.722395e-01 -1.642356e-02 6.351193e-01 6.852965e+00 2.055808e-02 9.997883e-01 8.570305e-04 -8.436503e-01 -6.349988e-01 1.239500e-02 7.724136e-01 7.694187e+01
7.247325e-01 -1.953835e-02 6.887533e-01 8.102844e+00 2.116676e-02 9.997574e-01 6.088352e-03 -8.620809e-01 -6.887052e-01 1.016625e-02 7.249702e-01 7.828406e+01
6.733401e-01 -1.581716e-02 7.391637e-01 9.420955e+00 2.290921e-02 9.997374e-01 5.239928e-04 -8.762188e-01 -7.389778e-01 1.658082e-02 6.735256e-01 7.950640e+01
5.901006e-01 -6.313377e-03 8.073051e-01 1.155404e+01 2.023865e-02 9.997708e-01 -6.974943e-03 -9.103951e-01 -8.070760e-01 2.045467e-02 5.900931e-01 8.116168e+01
5.295973e-01 1.127181e-02 8.481743e-01 1.306621e+01 1.835654e-02 9.995252e-01 -2.474496e-02 -9.899750e-01 -8.480505e-01 2.867440e-02 5.291390e-01 8.217844e+01
4.656619e-01 1.582819e-02 8.848212e-01 1.467086e+01 1.381362e-02 9.995882e-01 -2.515102e-02 -1.091171e+00 -8.848548e-01 2.393445e-02 4.652515e-01 8.310277e+01
3.985676e-01 1.506852e-02 9.170152e-01 1.635188e+01 5.370069e-03 9.998095e-01 -1.876304e-02 -1.182920e+00 -9.171232e-01 1.240277e-02 3.984108e-01 8.390596e+01
3.634390e-01 1.801940e-02 9.314438e-01 1.721884e+01 -1.324542e-03 9.998219e-01 -1.882540e-02 -1.223975e+00 -9.316170e-01 5.608144e-03 3.633981e-01 8.426630e+01
2.915840e-01 1.934555e-02 9.563496e-01 1.900345e+01 -9.648340e-03 9.998041e-01 -1.728287e-02 -1.292921e+00 -9.564965e-01 -4.187781e-03 2.917135e-01 8.487369e+01
2.554161e-01 1.898680e-02 9.666448e-01 1.992032e+01 -1.046188e-02 9.998029e-01 -1.687376e-02 -1.333845e+00 -9.667746e-01 -5.803097e-03 2.555644e-01 8.512286e+01
1.842613e-01 1.726802e-02 9.827256e-01 2.179622e+01 -7.939294e-03 9.998392e-01 -1.608012e-02 -1.441902e+00 -9.828452e-01 -4.839206e-03 1.843688e-01 8.551592e+01
1.161094e-01 1.870304e-02 9.930603e-01 2.370411e+01 3.197353e-03 9.998105e-01 -1.920401e-02 -1.536455e+00 -9.932312e-01 5.404927e-03 1.160276e-01 8.575774e+01
5.411487e-02 2.811233e-02 9.981389e-01 2.562625e+01 1.029633e-02 9.995347e-01 -2.870987e-02 -1.637414e+00 -9.984816e-01 1.183079e-02 5.380024e-02 8.588405e+01
5.896436e-03 2.376380e-02 9.997002e-01 2.757774e+01 1.408032e-02 9.996165e-01 -2.384486e-02 -1.740061e+00 -9.998834e-01 1.421669e-02 5.559573e-03 8.590820e+01
-2.974218e-02 2.343909e-02 9.992828e-01 2.953912e+01 1.629226e-02 9.996036e-01 -2.296170e-02 -1.850372e+00 -9.994248e-01 1.559764e-02 -3.011226e-02 8.586002e+01
-5.644683e-02 3.313707e-02 9.978556e-01 3.150611e+01 2.335369e-02 9.992194e-01 -3.186129e-02 -1.968582e+00 -9.981324e-01 2.150513e-02 -5.717664e-02 8.574610e+01
-7.133181e-02 4.201284e-02 9.965675e-01 3.348523e+01 3.294277e-02 9.986667e-01 -3.974338e-02 -2.096511e+00 -9.969085e-01 2.999472e-02 -7.262072e-02 8.558750e+01
-7.772054e-02 5.100177e-02 9.956698e-01 3.547392e+01 3.710220e-02 9.981468e-01 -4.823252e-02 -2.230292e+00 -9.962845e-01 3.319288e-02 -7.946878e-02 8.541929e+01
-8.041092e-02 5.455562e-02 9.952677e-01 3.647409e+01 3.755346e-02 9.979579e-01 -5.166903e-02 -2.302430e+00 -9.960541e-01 3.322099e-02 -8.229546e-02 8.533282e+01
-8.466798e-02 6.126156e-02 9.945242e-01 3.847939e+01 3.950431e-02 9.975298e-01 -5.808354e-02 -2.446547e+00 -9.956258e-01 3.437017e-02 -8.687892e-02 8.515093e+01
-8.668535e-02 6.295573e-02 9.942446e-01 3.948794e+01 4.222097e-02 9.973368e-01 -5.947041e-02 -2.531911e+00 -9.953406e-01 3.682275e-02 -8.911253e-02 8.504711e+01
-9.119746e-02 6.078595e-02 9.939759e-01 4.152314e+01 4.136854e-02 9.975049e-01 -5.720620e-02 -2.703793e+00 -9.949732e-01 3.590226e-02 -9.348453e-02 8.484011e+01
-9.318044e-02 6.236751e-02 9.936940e-01 4.254154e+01 4.189171e-02 9.973979e-01 -5.867174e-02 -2.782434e+00 -9.947675e-01 3.616047e-02 -9.555066e-02 8.473340e+01
-9.826735e-02 6.680700e-02 9.929151e-01 4.459161e+01 3.932738e-02 9.972254e-01 -6.320485e-02 -2.947049e+00 -9.943826e-01 3.283776e-02 -1.006220e-01 8.451273e+01
-1.030371e-01 7.454546e-02 9.918802e-01 4.665834e+01 3.383043e-02 9.968734e-01 -7.140641e-02 -3.121719e+00 -9.941020e-01 2.619821e-02 -1.052369e-01 8.428026e+01
-1.055615e-01 7.713973e-02 9.914163e-01 4.769859e+01 3.158554e-02 9.967437e-01 -7.419117e-02 -3.212409e+00 -9.939110e-01 2.348268e-02 -1.076543e-01 8.415974e+01
-1.113399e-01 7.123111e-02 9.912263e-01 4.979767e+01 2.642006e-02 9.972875e-01 -6.869905e-02 -3.399467e+00 -9.934311e-01 1.853930e-02 -1.129199e-01 8.391179e+01
-1.158250e-01 6.985040e-02 9.908106e-01 5.190709e+01 2.598171e-02 9.973959e-01 -6.727743e-02 -3.581332e+00 -9.929297e-01 1.795053e-02 -1.173382e-01 8.364593e+01
-1.171497e-01 7.263404e-02 9.904546e-01 5.296284e+01 2.737638e-02 9.971790e-01 -6.988915e-02 -3.668473e+00 -9.927368e-01 1.892756e-02 -1.188076e-01 8.350873e+01
-1.177716e-01 7.541683e-02 9.901728e-01 5.402128e+01 2.790440e-02 9.969695e-01 -7.261556e-02 -3.758476e+00 -9.926485e-01 1.907812e-02 -1.195192e-01 8.337012e+01
-1.180776e-01 7.482940e-02 9.901809e-01 5.616217e+01 2.374347e-02 9.970843e-01 -7.251974e-02 -3.946919e+00 -9.927204e-01 1.494737e-02 -1.195100e-01 8.309674e+01
-1.184144e-01 7.536459e-02 9.901001e-01 5.831225e+01 1.629358e-02 9.971287e-01 -7.395092e-02 -4.137484e+00 -9.928305e-01 7.375422e-03 -1.193023e-01 8.283188e+01
-1.192827e-01 7.481209e-02 9.900378e-01 6.048415e+01 8.649815e-03 9.971976e-01 -7.431098e-02 -4.332877e+00 -9.928226e-01 -3.003721e-04 -1.195955e-01 8.256445e+01
-1.196761e-01 6.989088e-02 9.903499e-01 6.158947e+01 8.554825e-03 9.975546e-01 -6.936556e-02 -4.427686e+00 -9.927761e-01 1.708706e-04 -1.199813e-01 8.242007e+01
-1.199894e-01 5.482827e-02 9.912600e-01 6.380163e+01 1.624666e-02 9.984485e-01 -5.325927e-02 -4.575110e+00 -9.926422e-01 9.714108e-03 -1.206940e-01 8.212657e+01
-1.179477e-01 6.349043e-02 9.909881e-01 6.600675e+01 3.117512e-02 9.976988e-01 -6.020991e-02 -4.698824e+00 -9.925303e-01 2.379254e-02 -1.196556e-01 8.181847e+01
-1.170727e-01 6.916153e-02 9.907122e-01 6.711535e+01 3.455186e-02 9.972519e-01 -6.553508e-02 -4.769758e+00 -9.925221e-01 2.655857e-02 -1.191407e-01 8.167129e+01
-1.163451e-01 7.294952e-02 9.905262e-01 6.822842e+01 3.564820e-02 9.969631e-01 -6.923643e-02 -4.848159e+00 -9.925689e-01 2.725515e-02 -1.185923e-01 8.152737e+01
-1.163709e-01 7.198808e-02 9.905936e-01 6.935294e+01 3.285757e-02 9.971029e-01 -6.860117e-02 -4.927907e+00 -9.926621e-01 2.456532e-02 -1.183991e-01 8.138834e+01
-1.161347e-01 6.691418e-02 9.909769e-01 7.048500e+01 3.072070e-02 9.974927e-01 -6.375393e-02 -5.011017e+00 -9.927582e-01 2.303945e-02 -1.178991e-01 8.124871e+01
-1.159475e-01 6.394350e-02 9.911950e-01 7.162116e+01 2.916131e-02 9.977145e-01 -6.095288e-02 -5.086994e+00 -9.928271e-01 2.183720e-02 -1.175472e-01 8.111025e+01
-1.158279e-01 6.476000e-02 9.911559e-01 7.275311e+01 2.780437e-02 9.976926e-01 -6.193785e-02 -5.162949e+00 -9.928800e-01 2.038433e-02 -1.173612e-01 8.097266e+01
-1.156249e-01 6.921292e-02 9.908787e-01 7.388909e+01 2.803964e-02 9.973992e-01 -6.639647e-02 -5.241054e+00 -9.928971e-01 2.010678e-02 -1.172649e-01 8.083141e+01
-1.149327e-01 7.314930e-02 9.906764e-01 7.502755e+01 2.837532e-02 9.971199e-01 -7.033314e-02 -5.323826e+00 -9.929679e-01 2.002718e-02 -1.166773e-01 8.068962e+01
-1.145607e-01 7.215451e-02 9.907924e-01 7.617779e+01 2.843230e-02 9.971883e-01 -6.933281e-02 -5.409080e+00 -9.930092e-01 2.022768e-02 -1.162901e-01 8.054753e+01
-1.140320e-01 6.411854e-02 9.914059e-01 7.733948e+01 2.957171e-02 9.976920e-01 -6.112375e-02 -5.493650e+00 -9.930368e-01 2.234750e-02 -1.156649e-01 8.040286e+01
-1.142248e-01 6.325840e-02 9.914389e-01 7.849684e+01 2.937545e-02 9.977493e-01 -6.027667e-02 -5.575395e+00 -9.930205e-01 2.223887e-02 -1.158259e-01 8.026070e+01
-1.141173e-01 6.638015e-02 9.912472e-01 7.965385e+01 2.721180e-02 9.975997e-01 -6.367282e-02 -5.653289e+00 -9.930945e-01 1.970744e-02 -1.156497e-01 8.012242e+01
-1.138666e-01 6.956512e-02 9.910576e-01 8.081443e+01 2.669236e-02 9.973996e-01 -6.694351e-02 -5.733271e+00 -9.931374e-01 1.883103e-02 -1.154274e-01 7.998194e+01
-1.137738e-01 6.906425e-02 9.911033e-01 8.198866e+01 2.583138e-02 9.974492e-01 -6.654116e-02 -5.820181e+00 -9.931708e-01 1.803092e-02 -1.152676e-01 7.984084e+01
-1.133275e-01 6.578657e-02 9.913774e-01 8.314911e+01 2.502350e-02 9.976780e-01 -6.334417e-02 -5.906836e+00 -9.932425e-01 1.762909e-02 -1.147106e-01 7.970180e+01
-1.123304e-01 6.450052e-02 9.915753e-01 8.431156e+01 2.587357e-02 9.977425e-01 -6.197062e-02 -5.991644e+00 -9.933340e-01 1.869440e-02 -1.137457e-01 7.956056e+01
-1.108700e-01 6.472693e-02 9.917249e-01 8.548133e+01 2.733133e-02 9.976980e-01 -6.206128e-02 -6.073437e+00 -9.934590e-01 2.022442e-02 -1.123838e-01 7.941861e+01
-1.096846e-01 6.518914e-02 9.918265e-01 8.665574e+01 3.006997e-02 9.976079e-01 -6.224375e-02 -6.143337e+00 -9.935115e-01 2.299701e-02 -1.113824e-01 7.927416e+01
-1.085184e-01 6.474185e-02 9.919840e-01 8.784314e+01 2.975946e-02 9.976413e-01 -6.185554e-02 -6.220092e+00 -9.936489e-01 2.280844e-02 -1.101891e-01 7.913297e+01
-1.071260e-01 6.555051e-02 9.920823e-01 8.903034e+01 3.105347e-02 9.975580e-01 -6.255914e-02 -6.292724e+00 -9.937603e-01 2.410588e-02 -1.089000e-01 7.899178e+01
-1.060845e-01 6.303828e-02 9.923569e-01 9.023925e+01 3.127932e-02 9.977061e-01 -6.003429e-02 -6.375416e+00 -9.938650e-01 2.467154e-02 -1.078129e-01 7.885004e+01
-1.037604e-01 6.200648e-02 9.926676e-01 9.266639e+01 3.098535e-02 9.977718e-01 -5.908652e-02 -6.542150e+00 -9.941195e-01 2.462730e-02 -1.054505e-01 7.857336e+01
-1.021775e-01 6.256298e-02 9.927969e-01 9.388743e+01 2.941137e-02 9.977740e-01 -5.984965e-02 -6.627664e+00 -9.943313e-01 2.308422e-02 -1.037901e-01 7.843781e+01
-1.006056e-01 6.553057e-02 9.927660e-01 9.510911e+01 2.978588e-02 9.975797e-01 -6.282986e-02 -6.713115e+00 -9.944804e-01 2.324936e-02 -1.023140e-01 7.830262e+01
-9.945430e-02 6.530825e-02 9.928966e-01 9.633804e+01 2.801108e-02 9.976321e-01 -6.281398e-02 -6.798660e+00 -9.946477e-01 2.156498e-02 -1.010481e-01 7.817155e+01
-9.903252e-02 6.264174e-02 9.931106e-01 9.756935e+01 2.388010e-02 9.978788e-01 -6.056120e-02 -6.882331e+00 -9.947976e-01 1.771805e-02 -1.003183e-01 7.805765e+01
-9.886702e-02 6.376206e-02 9.930558e-01 9.880208e+01 2.145327e-02 9.978496e-01 -6.193402e-02 -6.966266e+00 -9.948693e-01 1.518106e-02 -1.000223e-01 7.793983e+01
-9.915247e-02 6.387177e-02 9.930203e-01 1.000429e+02 1.887214e-02 9.978790e-01 -6.229993e-02 -7.052411e+00 -9.948932e-01 1.256322e-02 -1.001476e-01 7.782180e+01
-1.015079e-01 5.933445e-02 9.930638e-01 1.025376e+02 1.383515e-02 9.982074e-01 -5.822760e-02 -7.224808e+00 -9.947385e-01 7.828622e-03 -1.021469e-01 7.757772e+01
-1.028405e-01 5.871368e-02 9.929635e-01 1.037849e+02 1.216107e-02 9.982560e-01 -5.776712e-02 -7.308559e+00 -9.946235e-01 6.134700e-03 -1.033751e-01 7.745043e+01
-1.045565e-01 5.860639e-02 9.927907e-01 1.050341e+02 1.185647e-02 9.982646e-01 -5.768087e-02 -7.394646e+00 -9.944482e-01 5.740074e-03 -1.050700e-01 7.731942e+01
-1.068276e-01 5.728775e-02 9.926258e-01 1.062831e+02 1.215405e-02 9.983394e-01 -5.630947e-02 -7.478364e+00 -9.942032e-01 6.049008e-03 -1.073465e-01 7.718259e+01
-1.098782e-01 5.235797e-02 9.925651e-01 1.075331e+02 8.644135e-03 9.986242e-01 -5.172068e-02 -7.561306e+00 -9.939074e-01 2.896888e-03 -1.101796e-01 7.704728e+01
-1.195938e-01 5.673661e-02 9.912005e-01 1.100019e+02 2.541051e-03 9.983800e-01 -5.684099e-02 -7.722951e+00 -9.928196e-01 -4.279140e-03 -1.195442e-01 7.676378e+01
-1.267574e-01 6.210592e-02 9.899876e-01 1.112386e+02 3.716825e-03 9.980607e-01 -6.213650e-02 -7.807969e+00 -9.919267e-01 -4.196651e-03 -1.267424e-01 7.660787e+01
-1.468222e-01 5.383870e-02 9.876967e-01 1.136907e+02 5.285012e-03 9.985461e-01 -5.364448e-02 -7.983049e+00 -9.891487e-01 -2.656214e-03 -1.468933e-01 7.625308e+01
-1.594597e-01 5.569923e-02 9.856319e-01 1.149114e+02 7.842035e-03 9.984470e-01 -5.515472e-02 -8.061834e+00 -9.871732e-01 -1.065599e-03 -1.596488e-01 7.604901e+01
-1.737504e-01 5.634415e-02 9.831766e-01 1.161296e+02 9.453501e-03 9.984113e-01 -5.554659e-02 -8.141038e+00 -9.847443e-01 -3.567834e-04 -1.740070e-01 7.582078e+01
-1.884259e-01 5.405645e-02 9.805986e-01 1.173410e+02 9.523557e-03 9.985376e-01 -5.321538e-02 -8.223598e+00 -9.820412e-01 -6.883714e-04 -1.886651e-01 7.558130e+01
-2.036572e-01 5.590004e-02 9.774451e-01 1.185414e+02 1.458706e-02 9.984311e-01 -5.406093e-02 -8.306282e+00 -9.789336e-01 3.248151e-03 -2.041530e-01 7.531661e+01
-2.190626e-01 5.932381e-02 9.739057e-01 1.197281e+02 1.460824e-02 9.982374e-01 -5.752009e-02 -8.388866e+00 -9.756014e-01 1.626542e-03 -2.195431e-01 7.504274e+01
-2.343892e-01 6.389957e-02 9.700405e-01 1.209037e+02 1.493501e-02 9.979563e-01 -6.212977e-02 -8.474808e+00 -9.720281e-01 -7.498799e-05 -2.348645e-01 7.475130e+01
-2.506675e-01 6.208529e-02 9.660804e-01 1.220798e+02 1.136813e-02 9.980613e-01 -6.119089e-02 -8.561332e+00 -9.680065e-01 -4.356038e-03 -2.508873e-01 7.444731e+01
-2.670267e-01 5.550955e-02 9.620891e-01 1.232631e+02 5.398909e-03 9.984102e-01 -5.610671e-02 -8.644916e+00 -9.636740e-01 -9.787759e-03 -2.669018e-01 7.412704e+01
-2.830064e-01 5.113256e-02 9.577541e-01 1.244375e+02 1.087702e-03 9.985943e-01 -5.299155e-02 -8.723087e+00 -9.591174e-01 -1.395520e-02 -2.826642e-01 7.378566e+01
-2.984538e-01 5.237678e-02 9.529859e-01 1.255966e+02 -6.646978e-04 9.984814e-01 -5.508542e-02 -8.799145e+00 -9.544238e-01 -1.707390e-02 -2.979657e-01 7.342718e+01
-3.131229e-01 5.450156e-02 9.481475e-01 1.267459e+02 -8.339620e-04 9.983358e-01 -5.766192e-02 -8.874807e+00 -9.497122e-01 -1.884598e-02 -3.125563e-01 7.304799e+01
-3.271078e-01 5.623719e-02 9.433122e-01 1.278828e+02 5.194592e-04 9.982382e-01 -5.933158e-02 -8.954510e+00 -9.449869e-01 -1.891781e-02 -3.265607e-01 7.265186e+01
-3.413455e-01 5.661713e-02 9.382312e-01 1.290149e+02 2.514476e-03 9.982356e-01 -5.932327e-02 -9.035824e+00 -9.399345e-01 -1.789057e-02 -3.408856e-01 7.223590e+01
-3.555538e-01 5.435651e-02 9.330739e-01 1.301383e+02 2.025469e-03 9.983499e-01 -5.738738e-02 -9.118396e+00 -9.346536e-01 -1.851439e-02 -3.550772e-01 7.180658e+01
-3.701034e-01 5.298037e-02 9.274786e-01 1.312536e+02 1.738222e-03 9.984102e-01 -5.633858e-02 -9.199095e+00 -9.289889e-01 -1.923894e-02 -3.696071e-01 7.136168e+01
-3.850383e-01 5.379297e-02 9.213316e-01 1.323546e+02 1.404929e-04 9.983033e-01 -5.822835e-02 -9.279118e+00 -9.229006e-01 -2.229070e-02 -3.843925e-01 7.090448e+01
-3.998406e-01 5.665126e-02 9.148323e-01 1.334422e+02 1.254572e-03 9.981210e-01 -6.126063e-02 -9.359054e+00 -9.165838e-01 -2.334676e-02 -3.991603e-01 7.042848e+01
-4.147639e-01 5.782533e-02 9.080898e-01 1.345288e+02 1.957902e-03 9.980331e-01 -6.265849e-02 -9.441782e+00 -9.099269e-01 -2.421053e-02 -4.140613e-01 6.993130e+01
-4.440749e-01 6.369173e-02 8.937231e-01 1.366762e+02 4.605216e-03 9.976193e-01 -6.880773e-02 -9.614880e+00 -8.959778e-01 -2.644000e-02 -4.433110e-01 6.888030e+01
-4.591859e-01 6.647746e-02 8.858494e-01 1.377420e+02 5.241398e-03 9.973814e-01 -7.213034e-02 -9.704590e+00 -8.883247e-01 -2.847814e-02 -4.583319e-01 6.832845e+01
-4.907005e-01 5.958726e-02 8.692885e-01 1.398723e+02 9.702285e-04 9.976956e-01 -6.784154e-02 -9.888913e+00 -8.713278e-01 -3.244647e-02 -4.896275e-01 6.716223e+01
-5.068055e-01 5.910555e-02 8.600319e-01 1.409268e+02 3.201704e-04 9.976596e-01 -6.837534e-02 -9.978781e+00 -8.620604e-01 -3.437764e-02 -5.056382e-01 6.654673e+01
-5.227946e-01 5.862140e-02 8.504407e-01 1.419671e+02 -9.632887e-04 9.975914e-01 -6.935677e-02 -1.006744e+01 -8.524581e-01 -3.707856e-02 -5.214789e-01 6.591185e+01
-5.386551e-01 5.748528e-02 8.405630e-01 1.430034e+02 -1.762478e-03 9.975906e-01 -6.935370e-02 -1.015971e+01 -8.425245e-01 -3.883919e-02 -5.372558e-01 6.525392e+01
-5.543975e-01 5.665967e-02 8.303211e-01 1.440312e+02 -3.289861e-03 9.975229e-01 -7.026585e-02 -1.025440e+01 -8.322455e-01 -4.168685e-02 -5.528378e-01 6.457481e+01
-5.699025e-01 5.633664e-02 8.197789e-01 1.450446e+02 -3.767636e-03 9.974573e-01 -7.116625e-02 -1.034928e+01 -8.217037e-01 -4.364645e-02 -5.682411e-01 6.387549e+01
-5.852070e-01 5.380572e-02 8.090969e-01 1.460542e+02 -4.333161e-03 9.975743e-01 -6.947377e-02 -1.044366e+01 -8.108724e-01 -4.416248e-02 -5.835543e-01 6.315165e+01
-6.003517e-01 4.984753e-02 7.981811e-01 1.470512e+02 -4.691967e-03 9.978189e-01 -6.584427e-02 -1.053685e+01 -7.997223e-01 -4.327475e-02 -5.988083e-01 6.240627e+01
-6.151770e-01 4.798841e-02 7.869272e-01 1.480355e+02 -3.861206e-03 9.979504e-01 -6.387552e-02 -1.062705e+01 -7.883796e-01 -4.233323e-02 -6.137308e-01 6.164068e+01
-6.300491e-01 4.677825e-02 7.751451e-01 1.490120e+02 -4.430473e-03 9.979512e-01 -6.382526e-02 -1.071697e+01 -7.765426e-01 -4.364730e-02 -6.285510e-01 6.085284e+01
-6.448530e-01 4.765821e-02 7.628194e-01 1.499695e+02 -5.932360e-03 9.977119e-01 -6.734842e-02 -1.080867e+01 -7.642836e-01 -4.795514e-02 -6.430947e-01 6.004930e+01
-6.601554e-01 4.807287e-02 7.495892e-01 1.509179e+02 -7.959097e-03 9.974461e-01 -7.097801e-02 -1.090070e+01 -7.510869e-01 -5.282256e-02 -6.580868e-01 5.922635e+01
-6.759769e-01 4.389162e-02 7.356145e-01 1.518570e+02 -1.026709e-02 9.975668e-01 -6.895616e-02 -1.099532e+01 -7.368512e-01 -5.416538e-02 -6.738815e-01 5.837761e+01
-6.920178e-01 3.666505e-02 7.209487e-01 1.527818e+02 -1.387299e-02 9.978494e-01 -6.406359e-02 -1.108992e+01 -7.217471e-01 -5.433486e-02 -6.900208e-01 5.750416e+01
-7.261680e-01 3.174083e-02 6.867843e-01 1.545733e+02 -1.701688e-02 9.977979e-01 -6.410755e-02 -1.126982e+01 -6.873067e-01 -5.823976e-02 -7.240287e-01 5.568878e+01
-7.436033e-01 2.726223e-02 6.680651e-01 1.554368e+02 -2.066737e-02 9.977537e-01 -6.372032e-02 -1.136018e+01 -6.683016e-01 -6.118978e-02 -7.413695e-01 5.474664e+01
-7.603254e-01 2.534661e-02 6.490477e-01 1.562981e+02 -2.095143e-02 9.977614e-01 -6.350810e-02 -1.144851e+01 -6.492044e-01 -6.188529e-02 -7.580922e-01 5.377203e+01
-7.763938e-01 2.696189e-02 6.296712e-01 1.571378e+02 -1.901017e-02 9.976281e-01 -6.615727e-02 -1.153501e+01 -6.299614e-01 -6.333424e-02 -7.740396e-01 5.277454e+01
-8.061937e-01 2.802466e-02 5.909876e-01 1.587557e+02 -1.178252e-02 9.979190e-01 -6.339446e-02 -1.172195e+01 -5.915343e-01 -5.807153e-02 -8.041857e-01 5.072638e+01
-8.343732e-01 3.073320e-02 5.503426e-01 1.602798e+02 -9.666920e-03 9.974749e-01 -7.035876e-02 -1.191873e+01 -5.511152e-01 -6.402557e-02 -8.319691e-01 4.863458e+01
-8.591530e-01 2.947331e-02 5.108694e-01 1.616863e+02 -5.867495e-03 9.977069e-01 -6.742782e-02 -1.212200e+01 -5.116852e-01 -6.092832e-02 -8.570098e-01 4.646556e+01
-8.791217e-01 3.444202e-02 4.753513e-01 1.629730e+02 -4.303311e-04 9.973276e-01 -7.305819e-02 -1.233141e+01 -4.765972e-01 -6.443159e-02 -8.767574e-01 4.422905e+01
-9.036836e-01 2.714888e-02 4.273395e-01 1.647509e+02 -4.750838e-03 9.972909e-01 -7.340441e-02 -1.266162e+01 -4.281746e-01 -6.836456e-02 -9.011064e-01 4.078883e+01
-9.164022e-01 2.343048e-02 3.995724e-01 1.658309e+02 -6.282311e-03 9.973202e-01 -7.288999e-02 -1.287876e+01 -4.002094e-01 -6.930677e-02 -9.137991e-01 3.844779e+01
-9.272038e-01 1.438065e-02 3.742813e-01 1.668523e+02 -1.080005e-02 9.978207e-01 -6.509320e-02 -1.308684e+01 -3.744017e-01 -6.439690e-02 -9.250277e-01 3.606610e+01
-9.347864e-01 1.886181e-02 3.547094e-01 1.677973e+02 -4.031579e-03 9.979615e-01 -6.369168e-02 -1.327958e+01 -3.551876e-01 -6.096814e-02 -9.328047e-01 3.365811e+01
-9.387719e-01 2.887410e-02 3.433274e-01 1.686912e+02 5.720562e-03 9.976511e-01 -6.826133e-02 -1.347182e+01 -3.444919e-01 -6.211778e-02 -9.367319e-01 3.124282e+01
-9.406262e-01 2.649369e-02 3.384089e-01 1.691379e+02 3.739559e-03 9.976977e-01 -6.771447e-02 -1.357156e+01 -3.394238e-01 -6.242849e-02 -9.385596e-01 3.002817e+01
-9.425240e-01 1.898839e-02 3.335987e-01 1.695751e+02 -2.382830e-03 9.979766e-01 -6.353697e-02 -1.367179e+01 -3.341302e-01 -6.068001e-02 -9.405716e-01 2.881254e+01
-9.443599e-01 1.275283e-02 3.286667e-01 1.699695e+02 -7.661388e-03 9.981240e-01 -6.074246e-02 -1.377138e+01 -3.288247e-01 -5.988078e-02 -9.424906e-01 2.758224e+01
-9.460336e-01 6.644945e-03 3.240005e-01 1.703619e+02 -1.457739e-02 9.979051e-01 -6.302993e-02 -1.386787e+01 -3.237406e-01 -6.435150e-02 -9.439549e-01 2.635507e+01
-9.473135e-01 4.236096e-03 3.202801e-01 1.707494e+02 -1.761706e-02 9.977099e-01 -6.530310e-02 -1.396352e+01 -3.198232e-01 -6.750488e-02 -9.450694e-01 2.513071e+01
-9.484550e-01 4.732105e-03 3.168766e-01 1.715130e+02 -1.828631e-02 9.974054e-01 -6.962830e-02 -1.416740e+01 -3.163839e-01 -7.183380e-02 -9.459075e-01 2.267273e+01
-9.480194e-01 9.724102e-03 3.180641e-01 1.722632e+02 -1.434561e-02 9.972107e-01 -7.324593e-02 -1.438257e+01 -3.178892e-01 -7.400137e-02 -9.452355e-01 2.022133e+01
-9.470945e-01 1.100027e-02 3.207663e-01 1.729947e+02 -1.363043e-02 9.971323e-01 -7.444064e-02 -1.459753e+01 -3.206653e-01 -7.487449e-02 -9.442285e-01 1.779910e+01
-9.462450e-01 1.157848e-02 3.232437e-01 1.733770e+02 -1.320085e-02 9.971440e-01 -7.436078e-02 -1.470734e+01 -3.231815e-01 -7.463059e-02 -9.433896e-01 1.659909e+01
-9.449736e-01 1.047688e-02 3.269790e-01 1.737830e+02 -1.487282e-02 9.970778e-01 -7.493049e-02 -1.481889e+01 -3.268086e-01 -7.567042e-02 -9.420563e-01 1.540117e+01
-9.413760e-01 6.548169e-03 3.372957e-01 1.746270e+02 -1.775362e-02 9.974646e-01 -6.891405e-02 -1.503629e+01 -3.368917e-01 -7.086224e-02 -9.388729e-01 1.300435e+01
-9.389337e-01 4.898762e-03 3.440633e-01 1.750609e+02 -1.926985e-02 9.975809e-01 -6.679015e-02 -1.513842e+01 -3.435581e-01 -6.934156e-02 -9.365679e-01 1.181186e+01
-9.361848e-01 6.838381e-03 3.514418e-01 1.754926e+02 -1.729108e-02 9.977044e-01 -6.547411e-02 -1.523869e+01 -3.510828e-01 -6.737266e-02 -9.339174e-01 1.062387e+01
-9.292045e-01 9.590084e-03 3.694415e-01 1.763996e+02 -1.636866e-02 9.976142e-01 -6.706623e-02 -1.544296e+01 -3.692033e-01 -6.836549e-02 -9.268306e-01 8.270144e+00
-9.249782e-01 1.243720e-02 3.798168e-01 1.768674e+02 -1.433284e-02 9.976114e-01 -6.757225e-02 -1.554426e+01 -3.797499e-01 -6.794669e-02 -9.225904e-01 7.090384e+00
-9.200882e-01 1.406705e-02 3.914586e-01 1.773568e+02 -1.378514e-02 9.975731e-01 -6.824850e-02 -1.564895e+01 -3.914686e-01 -6.819094e-02 -9.176613e-01 5.917093e+00
-9.082935e-01 1.851377e-02 4.179237e-01 1.783814e+02 -1.149285e-02 9.975388e-01 -6.916836e-02 -1.585596e+01 -4.181756e-01 -6.762830e-02 -9.058451e-01 3.587553e+00
-9.020526e-01 1.808352e-02 4.312473e-01 1.789288e+02 -1.198908e-02 9.976867e-01 -6.691399e-02 -1.595971e+01 -4.314597e-01 -6.553018e-02 -8.997490e-01 2.434985e+00
-8.954347e-01 2.025720e-02 4.447319e-01 1.794976e+02 -1.042715e-02 9.977359e-01 -6.644043e-02 -1.605749e+01 -4.450709e-01 -6.413034e-02 -8.931960e-01 1.286303e+00
-8.885482e-01 2.304306e-02 4.582043e-01 1.800782e+02 -8.184333e-03 9.977828e-01 -6.604949e-02 -1.615417e+01 -4.587103e-01 -6.243824e-02 -8.863894e-01 1.518369e-01
-8.811820e-01 2.466797e-02 4.721333e-01 1.806758e+02 -6.112156e-03 9.979600e-01 -6.354897e-02 -1.625068e+01 -4.727377e-01 -5.888395e-02 -8.792336e-01 -9.718759e-01
-8.734527e-01 2.634193e-02 4.861960e-01 1.812884e+02 -3.474420e-03 9.981729e-01 -6.032250e-02 -1.634719e+01 -4.868966e-01 -5.437809e-02 -8.717652e-01 -2.083451e+00
-8.652660e-01 2.933019e-02 5.004544e-01 1.819124e+02 4.676872e-05 9.982917e-01 -5.842616e-02 -1.644108e+01 -5.013131e-01 -5.053075e-02 -8.637892e-01 -3.175742e+00
-8.561114e-01 3.255949e-02 5.157647e-01 1.825544e+02 3.561865e-03 9.983614e-01 -5.711286e-02 -1.653684e+01 -5.167791e-01 -4.705788e-02 -8.548244e-01 -4.252484e+00
-8.457804e-01 3.547323e-02 5.323507e-01 1.832060e+02 6.694286e-03 9.984143e-01 -5.589378e-02 -1.662889e+01 -5.334893e-01 -4.371014e-02 -8.446766e-01 -5.312670e+00
-8.347783e-01 3.853858e-02 5.492358e-01 1.838767e+02 1.002387e-02 9.984457e-01 -5.482341e-02 -1.671309e+01 -5.504950e-01 -4.025992e-02 -8.338671e-01 -6.356535e+00
-8.235014e-01 4.043438e-02 5.658715e-01 1.845607e+02 1.185435e-02 9.984655e-01 -5.409403e-02 -1.678878e+01 -5.671904e-01 -3.783846e-02 -8.227169e-01 -7.384682e+00
-8.116733e-01 4.254831e-02 5.825600e-01 1.852717e+02 1.357688e-02 9.984482e-01 -5.400698e-02 -1.685989e+01 -5.839538e-01 -3.592667e-02 -8.109914e-01 -8.397022e+00
-7.989402e-01 4.453744e-02 5.997592e-01 1.860033e+02 1.539242e-02 9.984417e-01 -5.363892e-02 -1.693795e+01 -6.012135e-01 -3.362254e-02 -7.983807e-01 -9.390930e+00
-7.851375e-01 4.563178e-02 6.176382e-01 1.867509e+02 1.726200e-02 9.985068e-01 -5.182745e-02 -1.701685e+01 -6.190809e-01 -3.002999e-02 -7.847528e-01 -1.036879e+01
-7.698594e-01 4.679091e-02 6.364961e-01 1.875240e+02 1.954956e-02 9.985697e-01 -4.976242e-02 -1.709398e+01 -6.379141e-01 -2.586684e-02 -7.696729e-01 -1.132239e+01
-7.531570e-01 4.964898e-02 6.559647e-01 1.883161e+02 2.159436e-02 9.984764e-01 -5.077926e-02 -1.717484e+01 -6.574863e-01 -2.407961e-02 -7.530815e-01 -1.224512e+01
-7.357859e-01 5.257551e-02 6.751704e-01 1.891165e+02 2.279980e-02 9.983398e-01 -5.289401e-02 -1.725841e+01 -6.768303e-01 -2.352492e-02 -7.357630e-01 -1.313563e+01
-6.988036e-01 5.334505e-02 7.133217e-01 1.907892e+02 2.243061e-02 9.983591e-01 -5.268723e-02 -1.742978e+01 -7.149618e-01 -2.081778e-02 -6.988534e-01 -1.484446e+01
-6.583472e-01 5.283580e-02 7.508578e-01 1.925591e+02 1.914929e-02 9.983861e-01 -5.346373e-02 -1.760506e+01 -7.524708e-01 -2.081930e-02 -6.582964e-01 -1.643657e+01
-6.161963e-01 5.218652e-02 7.858618e-01 1.943859e+02 1.587175e-02 9.984225e-01 -5.385692e-02 -1.776122e+01 -7.874326e-01 -2.071344e-02 -6.160525e-01 -1.793122e+01
-5.694423e-01 5.213294e-02 8.203766e-01 1.962565e+02 1.603100e-02 9.985014e-01 -5.232487e-02 -1.790335e+01 -8.218750e-01 -1.664453e-02 -5.694246e-01 -1.932892e+01
-5.171328e-01 5.632981e-02 8.540496e-01 1.982141e+02 1.860245e-02 9.983359e-01 -5.458249e-02 -1.804905e+01 -8.557030e-01 -1.233898e-02 -5.173201e-01 -2.060575e+01
-4.618397e-01 5.266267e-02 8.853987e-01 2.002718e+02 1.614475e-02 9.985695e-01 -5.097259e-02 -1.819392e+01 -8.868165e-01 -9.246622e-03 -4.620292e-01 -2.174303e+01
-4.011809e-01 5.580592e-02 9.142974e-01 2.023713e+02 1.725580e-02 9.984257e-01 -5.336927e-02 -1.833982e+01 -9.158363e-01 -5.633802e-03 -4.015123e-01 -2.274978e+01
-3.369369e-01 5.817495e-02 9.397283e-01 2.045291e+02 2.099576e-02 9.983053e-01 -5.427327e-02 -1.847329e+01 -9.412931e-01 1.443641e-03 -3.375873e-01 -2.361922e+01
-2.704016e-01 5.656836e-02 9.610843e-01 2.067589e+02 2.278022e-02 9.983687e-01 -5.235367e-02 -1.862449e+01 -9.624780e-01 7.737187e-03 -2.712492e-01 -2.432519e+01
-2.011242e-01 5.287146e-02 9.781379e-01 2.090532e+02 2.351278e-02 9.985152e-01 -4.913824e-02 -1.878448e+01 -9.792835e-01 1.311585e-02 -2.020688e-01 -2.486248e+01
-9.416868e-02 5.145834e-02 9.942255e-01 2.124889e+02 2.570050e-02 9.984561e-01 -4.924308e-02 -1.902022e+01 -9.952244e-01 2.091493e-02 -9.534579e-02 -2.534952e+01
-2.407939e-02 5.144077e-02 9.983857e-01 2.147979e+02 2.395692e-02 9.984182e-01 -5.086466e-02 -1.917493e+01 -9.994229e-01 2.269345e-02 -2.527366e-02 -2.546063e+01
7.585907e-02 5.033438e-02 9.958473e-01 2.182711e+02 2.232151e-02 9.983891e-01 -5.216321e-02 -1.940655e+01 -9.968686e-01 2.618586e-02 7.461332e-02 -2.531946e+01
1.395127e-01 4.659667e-02 9.891234e-01 2.205719e+02 2.455047e-02 9.984224e-01 -5.049751e-02 -1.956459e+01 -9.899159e-01 3.132848e-02 1.381486e-01 -2.503982e+01
1.699060e-01 4.654172e-02 9.843606e-01 2.217231e+02 2.572482e-02 9.983342e-01 -5.164266e-02 -1.964163e+01 -9.851244e-01 3.409688e-02 1.684257e-01 -2.484743e+01
2.299944e-01 4.534770e-02 9.721349e-01 2.240212e+02 2.968319e-02 9.981221e-01 -5.358260e-02 -1.979060e+01 -9.727391e-01 4.117974e-02 2.282164e-01 -2.436371e+01
2.902679e-01 4.198546e-02 9.560240e-01 2.263000e+02 3.400687e-02 9.979534e-01 -5.415204e-02 -1.994366e+01 -9.563409e-01 4.822997e-02 2.882460e-01 -2.373710e+01
3.199517e-01 4.092864e-02 9.465494e-01 2.274299e+02 3.704000e-02 9.977623e-01 -5.566331e-02 -2.002061e+01 -9.467095e-01 5.286975e-02 3.177197e-01 -2.337292e+01
3.767229e-01 3.830567e-02 9.255337e-01 2.296486e+02 3.816295e-02 9.976545e-01 -5.682418e-02 -2.017834e+01 -9.255395e-01 5.672806e-02 3.743775e-01 -2.253278e+01
4.047494e-01 3.726952e-02 9.136678e-01 2.307475e+02 3.819186e-02 9.976082e-01 -5.761231e-02 -2.025931e+01 -9.136297e-01 5.821321e-02 4.023579e-01 -2.205870e+01
4.612298e-01 3.877064e-02 8.864333e-01 2.328868e+02 4.053635e-02 9.970809e-01 -6.470205e-02 -2.042941e+01 -8.863542e-01 6.577526e-02 4.583118e-01 -2.101599e+01
4.885604e-01 3.771474e-02 8.717146e-01 2.339284e+02 4.145481e-02 9.969338e-01 -6.636608e-02 -2.052253e+01 -8.715447e-01 6.856058e-02 4.854989e-01 -2.044385e+01
5.151047e-01 3.453696e-02 8.564312e-01 2.349792e+02 4.224436e-02 9.969506e-01 -6.561171e-02 -2.060518e+01 -8.560856e-01 6.997627e-02 5.120749e-01 -1.983554e+01
5.633304e-01 3.210978e-02 8.256076e-01 2.370196e+02 3.971925e-02 9.970368e-01 -6.587839e-02 -2.076805e+01 -8.252764e-01 6.990380e-02 5.603857e-01 -1.852677e+01
6.037991e-01 3.082784e-02 7.965402e-01 2.389997e+02 3.739595e-02 9.970562e-01 -6.693539e-02 -2.095439e+01 -7.962589e-01 7.020289e-02 6.008688e-01 -1.710277e+01
6.220780e-01 2.821468e-02 7.824468e-01 2.399610e+02 3.691618e-02 9.971820e-01 -6.530786e-02 -2.104741e+01 -7.820845e-01 6.951151e-02 6.192834e-01 -1.635594e+01
6.552142e-01 2.252144e-02 7.551074e-01 2.418488e+02 3.840746e-02 9.972697e-01 -6.307058e-02 -2.122694e+01 -7.544662e-01 7.032648e-02 6.525602e-01 -1.479112e+01
6.705493e-01 2.011560e-02 7.415923e-01 2.427798e+02 4.002910e-02 9.971950e-01 -6.324320e-02 -2.130601e+01 -7.407843e-01 7.209293e-02 6.678632e-01 -1.398455e+01
6.855542e-01 1.965789e-02 7.277562e-01 2.436978e+02 3.973815e-02 9.971347e-01 -6.436802e-02 -2.139183e+01 -7.269363e-01 7.304743e-02 6.828086e-01 -1.315891e+01
7.005457e-01 1.820511e-02 7.133753e-01 2.445843e+02 4.015983e-02 9.970844e-01 -6.488286e-02 -2.148418e+01 -7.124766e-01 7.410242e-02 6.977721e-01 -1.230142e+01
7.153220e-01 1.606306e-02 6.986104e-01 2.454585e+02 3.945976e-02 9.972121e-01 -6.333247e-02 -2.158194e+01 -6.976800e-01 7.287009e-02 7.126938e-01 -1.141406e+01
7.294358e-01 1.271575e-02 6.839311e-01 2.463238e+02 3.969872e-02 9.973551e-01 -6.088302e-02 -2.166508e+01 -6.828963e-01 7.156143e-02 7.270017e-01 -1.051863e+01
7.433877e-01 1.107941e-02 6.687691e-01 2.471693e+02 3.951499e-02 9.973889e-01 -6.044753e-02 -2.174737e+01 -6.676926e-01 7.136233e-02 7.410088e-01 -9.605238e+00
7.568594e-01 1.001092e-02 6.535011e-01 2.479970e+02 4.109201e-02 9.971756e-01 -6.286679e-02 -2.183017e+01 -6.522847e-01 7.443498e-02 7.543103e-01 -8.674394e+00
7.693900e-01 9.691660e-03 6.387058e-01 2.488108e+02 4.126419e-02 9.970424e-01 -6.483619e-02 -2.191923e+01 -6.374451e-01 7.623998e-02 7.667145e-01 -7.723093e+00
7.809766e-01 8.669113e-03 6.245002e-01 2.496079e+02 4.051072e-02 9.970949e-01 -6.450254e-02 -2.200935e+01 -6.232451e-01 7.567391e-02 7.783565e-01 -6.749400e+00
7.919238e-01 6.268942e-03 6.105879e-01 2.503906e+02 4.062092e-02 9.971914e-01 -6.292298e-02 -2.210053e+01 -6.092674e-01 7.463283e-02 7.894448e-01 -5.759310e+00
8.025342e-01 3.050388e-03 5.965984e-01 2.511588e+02 4.208502e-02 9.972064e-01 -6.171075e-02 -2.219183e+01 -5.951200e-01 7.463283e-02 8.001638e-01 -4.750831e+00
8.124464e-01 2.352376e-03 5.830311e-01 2.519117e+02 4.226955e-02 9.971227e-01 -6.292520e-02 -2.228256e+01 -5.815016e-01 7.576780e-02 8.100093e-01 -3.727347e+00
8.215643e-01 -7.952617e-05 5.701160e-01 2.526556e+02 4.534549e-02 9.968410e-01 -6.520596e-02 -2.237398e+01 -5.683097e-01 7.942306e-02 8.189725e-01 -2.686673e+00
8.300930e-01 -2.521415e-03 5.576193e-01 2.533816e+02 4.691222e-02 9.967605e-01 -6.532818e-02 -2.246494e+01 -5.556481e-01 8.038761e-02 8.275221e-01 -1.629795e+00
8.378877e-01 -6.169470e-03 5.458078e-01 2.540996e+02 4.894939e-02 9.967566e-01 -6.387712e-02 -2.255787e+01 -5.436434e-01 8.023880e-02 8.354720e-01 -5.569069e-01
8.448170e-01 -7.197428e-03 5.350070e-01 2.548065e+02 4.989954e-02 9.966115e-01 -6.538781e-02 -2.265094e+01 -5.327235e-01 8.193732e-02 8.423134e-01 5.340190e-01
8.504416e-01 -8.997077e-03 5.259926e-01 2.554974e+02 5.076607e-02 9.965909e-01 -6.503357e-02 -2.274419e+01 -5.236143e-01 8.200981e-02 8.479990e-01 1.628717e+00
8.573847e-01 -1.135724e-02 5.145508e-01 2.568640e+02 5.049887e-02 9.967888e-01 -6.214388e-02 -2.293222e+01 -5.121927e-01 7.926543e-02 8.552049e-01 3.862410e+00
8.600172e-01 -1.211744e-02 5.101212e-01 2.575400e+02 5.047970e-02 9.968343e-01 -6.142525e-02 -2.302562e+01 -5.077620e-01 7.857752e-02 8.579063e-01 4.989321e+00
8.624972e-01 -1.352007e-02 5.058813e-01 2.582139e+02 5.180622e-02 9.967501e-01 -6.168755e-02 -2.311631e+01 -5.034032e-01 7.941312e-02 8.603945e-01 6.122792e+00
8.646826e-01 -1.557921e-02 5.020770e-01 2.588844e+02 5.255451e-02 9.968392e-01 -5.957852e-02 -2.320738e+01 -4.995618e-01 7.790290e-02 8.627682e-01 7.263272e+00
8.667994e-01 -1.776168e-02 4.983406e-01 2.595538e+02 5.415000e-02 9.968083e-01 -5.865907e-02 -2.329792e+01 -4.957082e-01 7.783077e-02 8.649946e-01 8.410914e+00
8.690764e-01 -1.913789e-02 4.943076e-01 2.602177e+02 5.558421e-02 9.967011e-01 -5.913761e-02 -2.338751e+01 -4.915451e-01 7.887078e-02 8.672731e-01 9.561299e+00
8.712172e-01 -2.014540e-02 4.904842e-01 2.608776e+02 5.633959e-02 9.966587e-01 -5.913732e-02 -2.347785e+01 -4.876540e-01 7.915511e-02 8.694412e-01 1.071832e+01
8.733381e-01 -1.981769e-02 4.867114e-01 2.615318e+02 5.532408e-02 9.967422e-01 -5.868670e-02 -2.356959e+01 -4.839627e-01 7.818017e-02 8.715892e-01 1.188297e+01
8.754505e-01 -2.043746e-02 4.828756e-01 2.621825e+02 5.556316e-02 9.967370e-01 -5.854927e-02 -2.366098e+01 -4.801034e-01 7.808706e-02 8.737294e-01 1.305063e+01
8.773528e-01 -2.026634e-02 4.794177e-01 2.628287e+02 5.501302e-02 9.967681e-01 -5.853973e-02 -2.375316e+01 -4.766819e-01 7.773419e-02 8.756322e-01 1.422261e+01
8.786943e-01 -1.898258e-02 4.770074e-01 2.634683e+02 5.327962e-02 9.968660e-01 -5.847584e-02 -2.384485e+01 -4.744024e-01 7.679714e-02 8.769518e-01 1.539509e+01
8.795538e-01 -1.713225e-02 4.754911e-01 2.641063e+02 5.081091e-02 9.970188e-01 -5.806577e-02 -2.393728e+01 -4.730787e-01 7.523208e-02 8.778021e-01 1.657248e+01
8.800517e-01 -1.679953e-02 4.745807e-01 2.647416e+02 5.024747e-02 9.970580e-01 -5.788325e-02 -2.402944e+01 -4.722120e-01 7.478671e-02 8.783067e-01 1.774592e+01
8.806470e-01 -1.513616e-02 4.735313e-01 2.653736e+02 4.889292e-02 9.970565e-01 -5.905794e-02 -2.412178e+01 -4.712435e-01 7.516151e-02 8.787947e-01 1.891696e+01
8.816651e-01 -1.175852e-02 4.717293e-01 2.666376e+02 4.673882e-02 9.969496e-01 -6.250476e-02 -2.431116e+01 -4.695554e-01 7.715631e-02 8.795252e-01 2.126615e+01
8.816461e-01 -1.002529e-02 4.718048e-01 2.672661e+02 4.469889e-02 9.970534e-01 -6.234112e-02 -2.440836e+01 -4.697896e-01 7.605194e-02 8.794963e-01 2.244106e+01
8.819981e-01 -1.112639e-02 4.711216e-01 2.685277e+02 4.481706e-02 9.971704e-01 -6.035313e-02 -2.460279e+01 -4.691170e-01 7.434562e-02 8.800011e-01 2.478610e+01
8.821088e-01 -1.426371e-02 4.708297e-01 2.691617e+02 4.748292e-02 9.971427e-01 -5.875191e-02 -2.469678e+01 -4.686464e-01 7.418193e-02 8.802656e-01 2.595922e+01
8.824070e-01 -1.733486e-02 4.701674e-01 2.703750e+02 5.118227e-02 9.969271e-01 -5.930228e-02 -2.488855e+01 -4.676946e-01 7.639297e-02 8.805826e-01 2.833421e+01
8.826342e-01 -1.769649e-02 4.697274e-01 2.709762e+02 5.275372e-02 9.967073e-01 -6.157617e-02 -2.498198e+01 -4.670910e-01 7.912908e-02 8.806614e-01 2.952576e+01
8.828171e-01 -1.795764e-02 4.693737e-01 2.722195e+02 5.217744e-02 9.968337e-01 -5.999987e-02 -2.515485e+01 -4.668100e-01 7.745961e-02 8.809587e-01 3.191781e+01
8.828801e-01 -1.867902e-02 4.692270e-01 2.728429e+02 5.202131e-02 9.969489e-01 -5.819475e-02 -2.524066e+01 -4.667083e-01 7.578877e-02 8.811580e-01 3.312009e+01
8.829195e-01 -1.886100e-02 4.691454e-01 2.741247e+02 5.174333e-02 9.970154e-01 -5.729672e-02 -2.539916e+01 -4.666645e-01 7.486353e-02 8.812602e-01 3.550224e+01
8.829802e-01 -1.872236e-02 4.690367e-01 2.747717e+02 5.183910e-02 9.969818e-01 -5.779301e-02 -2.547556e+01 -4.665390e-01 7.534451e-02 8.812857e-01 3.669434e+01
8.831713e-01 -1.727388e-02 4.687325e-01 2.760505e+02 5.078890e-02 9.969678e-01 -5.895430e-02 -2.564312e+01 -4.662929e-01 7.587314e-02 8.813706e-01 3.906005e+01
8.832902e-01 -1.591472e-02 4.685565e-01 2.766804e+02 4.944939e-02 9.970114e-01 -5.935466e-02 -2.573958e+01 -4.662115e-01 7.559720e-02 8.814373e-01 4.025886e+01
8.833160e-01 -1.717209e-02 4.684635e-01 2.773332e+02 4.849503e-02 9.973144e-01 -5.488254e-02 -2.581772e+01 -4.662629e-01 7.119676e-02 8.817765e-01 4.146026e+01
8.833949e-01 -1.996735e-02 4.682038e-01 2.779897e+02 4.854712e-02 9.976157e-01 -4.905241e-02 -2.589095e+01 -4.661080e-01 6.606258e-02 8.822579e-01 4.266533e+01
