9.986733588833340836e-01 5.268286052761098504e-04 -5.149023896137976120e-02 9.151707999999999510e-01 -8.227179512843940754e-04 9.999832708253861835e-01 -5.725487274889911639e-03 3.833739999999999926e-01 5.148636122170571761e-02 5.760253551967545356e-03 9.986570853336820264e-01 -1.783249700000000049e+00
9.988406536573053440e-01 1.285486987071503815e-04 -4.813867547699266641e-02 9.114411999999999514e-01 -4.292867962352558118e-04 9.999804573220081316e-01 -6.237041519354759311e-03 3.816336000000000173e-01 4.813693295478776307e-02 6.250475925850587297e-03 9.988211888203046840e-01 -1.713956700000000000e+00
9.990127883597607061e-01 -4.907115407890782436e-04 -4.442080476353223867e-02 9.079302999999999679e-01 1.295302017297301036e-04 9.999669148186501877e-01 -8.133418100487644145e-03 3.800304999999999933e-01 4.442332625527890128e-02 8.119634859661892592e-03 9.989797994024518513e-01 -1.645411699999999922e+00
9.991590249254643785e-01 -5.633142220968985784e-04 -4.099909251535304583e-02 9.048557999999999879e-01 1.577253180671051502e-04 9.999510289333334301e-01 -9.895193676315279865e-03 3.783073000000000130e-01 4.100265884938848054e-02 9.880405470168348789e-03 9.991101838911591315e-01 -1.578198699999999954e+00
9.993250750876024879e-01 1.937081479177194779e-05 -3.673409759241499928e-02 9.017081999999999598e-01 -3.649600643695768368e-04 9.999557413497585090e-01 -9.401177894615175487e-03 3.766854000000000036e-01 3.673228968236190439e-02 9.408239284070104777e-03 9.992808533782004954e-01 -1.511150400000000005e+00
9.995058604703804805e-01 2.922349881026647879e-04 -3.143166371791288743e-02 8.992843999999999838e-01 -5.912458943193709543e-04 9.999546595253911985e-01 -9.504173912098980853e-03 3.749138000000000193e-01 3.142746113921204149e-02 9.518061366197476392e-03 9.994607151830293690e-01 -1.445583199999999957e+00
9.996810486806192442e-01 1.829228795136861102e-03 -2.518838682473360790e-02 8.974484999999999824e-01 -2.089606267393663997e-03 9.999446180486872837e-01 -1.031476519908699520e-02 3.731642000000000015e-01 2.516812377720358679e-02 1.036410910209214185e-02 9.996295067614077157e-01 -1.380073000000000105e+00
9.998369887687716950e-01 3.034955783492337619e-03 -1.779845311220762047e-02 8.958074000000000314e-01 -3.217107604441695780e-03 9.999426559572618389e-01 -1.021445132145933424e-02 3.714926000000000061e-01 1.776643206883841627e-02 1.027004579002768411e-02 9.997894178530867260e-01 -1.315299900000000077e+00
9.999477799120707333e-01 3.918959847874616508e-03 -9.438177929658122037e-03 8.947053000000000367e-01 -4.006450917188582837e-03 9.999490164975561868e-01 -9.268913454033248650e-03 3.696270999999999862e-01 9.401372238630799003e-03 9.306243027180537836e-03 9.999125001922667400e-01 -1.250967900000000022e+00
9.999787741441668043e-01 6.445929362622286780e-03 9.493449223048803327e-04 8.941801000000000332e-01 -6.437482640349723347e-03 9.999418939608822887e-01 -8.646821333801218284e-03 3.681854999999999989e-01 -1.005026559160586766e-03 8.640526406161131573e-03 9.999621648967723653e-01 -1.187769700000000039e+00
9.998671179096190187e-01 8.531449730596907602e-03 1.389103626827163478e-02 8.943904999999999772e-01 -8.413835631484447783e-03 9.999284468170949181e-01 -8.503447296158638327e-03 3.664072999999999913e-01 -1.396258905355674852e-02 8.385440444394253248e-03 9.998673564505818900e-01 -1.125304899999999941e+00
9.995289072910080730e-01 1.046097790854871867e-02 2.885362075788874478e-02 8.955471000000000403e-01 -1.023002028122318649e-02 9.999145358269128092e-01 -8.140499192012177684e-03 3.650558999999999887e-01 -2.893631238926229823e-02 7.841491136655344071e-03 9.995504993956356721e-01 -1.063096999999999959e+00
9.988968040228879408e-01 1.320332609700171356e-02 4.506492086797080077e-02 8.976435999999999860e-01 -1.291453484191904671e-02 9.998942003918516175e-01 -6.693490311964947655e-03 3.634456999999999827e-01 -4.514852935231773723e-02 6.104113589682214937e-03 9.989616359473506568e-01 -1.002574099999999913e+00
9.979354657296259923e-01 1.330497529523022755e-02 6.283139240370023970e-02 9.010422999999999627e-01 -1.294975960678841458e-02 9.998978009521103383e-01 -6.057340774662696437e-03 3.621363000000000221e-01 -6.290556386458066862e-02 5.231183759658362617e-03 9.980057739068205480e-01 -9.417064000000000545e-01
9.965557482412248369e-01 1.292444724119348048e-02 8.191214385475494020e-02 9.057142000000000248e-01 -1.238879376048953804e-02 9.998984428868091801e-01 -7.044267292946860236e-03 3.607852999999999755e-01 -8.199486835487033998e-02 6.005212406237736382e-03 9.966146592276392546e-01 -8.816009000000000206e-01
9.946813646943072351e-01 1.234113457483716585e-02 1.022579049622879821e-01 9.113641999999999577e-01 -1.158003024977709815e-02 9.999006795529427061e-01 -8.033301250277980268e-03 3.596330999999999833e-01 -1.023468887132618632e-01 6.806425417884860024e-03 9.947254832081793285e-01 -8.227255999999999458e-01
9.893785438970893464e-01 4.336696523898364922e-03 1.452972468401758088e-01 9.267119000000000328e-01 -3.478833669210345744e-03 9.999749895795727594e-01 -6.157753781637000969e-03 3.568526000000000198e-01 -1.453203172043652791e-01 5.586884515801640409e-03 9.893688857696252281e-01 -7.063258999999999510e-01
9.812672229641214994e-01 -6.393930063037294928e-03 1.925454616308314437e-01 9.474574999999999525e-01 7.517201420399322390e-03 9.999587205038334981e-01 -5.103819270046433890e-03 3.542394999999999849e-01 -1.925048799877191186e-01 6.455613579291962292e-03 9.812747812077046161e-01 -5.939151999999999765e-01
9.695722820825840582e-01 -1.618841353913289330e-02 2.442693699264319729e-01 9.735040999999999833e-01 1.818004090818680155e-02 9.998173160966193906e-01 -5.900893655154162629e-03 3.515772999999999815e-01 -2.441292197377173678e-01 1.016217006543401226e-02 9.696894628538635930e-01 -4.856477000000000155e-01
9.537304968200004396e-01 -2.293013439129183359e-02 2.997871717940451819e-01 1.005161900000000053e+00 2.416061411098744879e-02 9.997080105848499265e-01 -3.978671404549173271e-04 3.493396999999999752e-01 -2.996905139660830941e-01 7.622500198674647849e-03 9.540060237385643571e-01 -3.804316999999999838e-01
9.333687732258132419e-01 -2.554941962492671831e-02 3.580083243777578694e-01 1.041738599999999959e+00 2.896727853200833924e-02 9.995715946657822704e-01 -4.186157158336007746e-03 3.472844999999999960e-01 -3.577479978160458263e-01 1.427775522043463891e-02 9.337090102191774044e-01 -2.810862000000000083e-01
9.086611123864478667e-01 -2.898775525436703485e-02 4.165269413638643670e-01 1.084245799999999926e+00 3.718531297535714042e-02 9.992412984735326020e-01 -1.157928857285189621e-02 3.453305999999999876e-01 -4.158752641544672946e-01 2.601033391253481514e-02 9.090496285650253583e-01 -1.849735999999999880e-01
8.598269407867503711e-01 -2.822429131384413675e-02 5.098048854975100186e-01 1.158515699999999926e+00 3.173871055110128597e-02 9.994945702790110076e-01 1.805058261834151592e-03 3.417429000000000161e-01 -5.095981614466945642e-01 1.462851197512809835e-02 8.602881613084897294e-01 -4.739609999999999657e-02
7.982023139357951047e-01 -1.306074441554351886e-02 6.022478584294461701e-01 1.245042800000000005e+00 2.536135161421562353e-02 9.996071006636583212e-01 -1.193508052319253859e-02 3.401372999999999758e-01 -6.018553546092637596e-01 2.480042858715986176e-02 7.982199389078492580e-01 7.956979999999999609e-02
7.527099217857662339e-01 -1.567090578706507170e-02 6.581657818187439668e-01 1.310380199999999995e+00 2.720295678704481857e-02 9.996032021747373042e-01 -7.310085092078241753e-03 3.374120999999999926e-01 -6.577900674130826575e-01 2.340642889943237229e-02 7.528375430986874450e-01 1.576465999999999978e-01
7.034478588491862583e-01 -1.116400469055330545e-02 7.106591833500531807e-01 1.380669799999999947e+00 2.788035533779442687e-02 9.995404882803673452e-01 -1.189529631759085083e-02 3.351830000000000087e-01 -7.101998279827540506e-01 2.818115128085218329e-02 7.034358727316600834e-01 2.297250999999999876e-01
6.231375607076077294e-01 -1.105426739233366859e-03 7.821114744504753524e-01 1.494838399999999901e+00 2.603977279783423887e-02 9.994739207052515395e-01 -1.933421999227588964e-02 3.317080000000000028e-01 -7.816786492338201331e-01 3.241388378144058335e-02 6.228385260002737844e-01 3.274916999999999967e-01
5.643533833560501201e-01 1.653056217031822692e-02 8.253677963241066173e-01 1.577095899999999995e+00 2.436613042107912616e-02 9.990303577485641906e-01 -3.666927849138411355e-02 3.290175000000000183e-01 -8.251736486236589396e-01 4.080545075242972275e-02 5.634033766370316609e-01 3.864739999999999842e-01
5.019274338040148331e-01 2.121546241936769425e-02 8.646494985537483968e-01 1.664529200000000042e+00 2.051546823142763251e-02 9.991258134038326633e-01 -3.642423030587080973e-02 3.245951999999999726e-01 -8.646663904409385148e-01 3.602100976461141552e-02 5.010534104238550945e-01 4.399199999999999777e-01
4.358108586307332111e-01 2.148513744259224895e-02 8.997817981981054425e-01 1.757787299999999941e+00 1.228956004862508632e-02 9.994797851663712596e-01 -2.981821184436781597e-02 3.199172000000000127e-01 -8.999543667394221957e-01 2.405302294634251159e-02 4.353201004706632737e-01 4.890348999999999946e-01
4.010032284089111165e-01 2.479218096818994188e-02 9.157410980012149482e-01 1.805517800000000062e+00 5.211958220382078080e-03 9.995557943828186076e-01 -2.934364338730553745e-02 3.176854000000000067e-01 -9.160618135787231830e-01 1.653970007505845691e-02 4.006958847109456379e-01 5.113189000000000206e-01
3.303053976048722640e-01 2.650733087906798069e-02 9.435018313298364490e-01 1.905304600000000015e+00 -2.158510075939434197e-03 9.996241789025318569e-01 -2.732840624132806817e-02 3.137428999999999912e-01 -9.438716465427592350e-01 6.990161879856579899e-03 3.302384782086335013e-01 5.497362999999999555e-01
2.943270573335490248e-01 2.629785777793742368e-02 9.553428735263925775e-01 1.956440399999999968e+00 -2.790995659325222131e-03 9.996407325060527871e-01 -2.665738655592106432e-02 3.119577000000000044e-01 -9.557006820467396357e-01 5.179632328027710883e-03 2.942947123961676681e-01 5.662232999999999850e-01
2.240108449214530950e-01 2.455067992395082790e-02 9.742773760448554254e-01 2.061481999999999815e+00 3.521216680855525361e-04 9.996805557344128346e-01 -2.527177272900390029e-02 3.085126999999999731e-01 -9.745865879273670762e-01 6.004215336518032436e-03 2.239306411152461873e-01 5.923753000000000490e-01
1.567681485618672155e-01 2.613870280938128399e-02 9.872894792369292238e-01 2.170052300000000045e+00 1.128728115803447930e-02 9.995370125730712596e-01 -2.825522572126197562e-02 3.042237999999999887e-01 -9.875709315692434709e-01 1.557333336003655262e-02 1.564005319924244297e-01 6.102634999999999588e-01
9.521856317893122312e-02 3.497326526958684234e-02 9.948418446881508448e-01 2.279203400000000101e+00 1.837200827178767787e-02 9.991506899712839784e-01 -3.688316746116512834e-02 3.001499000000000250e-01 -9.952868403320729307e-01 2.178920481087127242e-02 9.449516397947910207e-02 6.224083999999999728e-01
4.777718951419677312e-02 3.066333027845124376e-02 9.983872496873940072e-01 2.391357900000000036e+00 2.149936529612613695e-02 9.992655668884496967e-01 -3.171914442365715570e-02 2.961129000000000122e-01 -9.986266156346865763e-01 2.298014376238122561e-02 4.708285822538849086e-02 6.285829000000000555e-01
1.274260653261616826e-02 3.061947249212606040e-02 9.994498856286186950e-01 2.503669700000000109e+00 2.455669166612681545e-02 9.992199864135171694e-01 -3.092551771895509644e-02 2.911595000000000155e-01 -9.996172241779199830e-01 2.493725438123779031e-02 1.198075418142496851e-02 6.309630000000000516e-01
-1.391129393725848429e-02 4.039565425295768564e-02 9.990869166486301411e-01 2.617199400000000065e+00 3.065679446100796901e-02 9.987310982949814120e-01 -3.995440215890481289e-02 2.871508999999999867e-01 -9.994331577721277116e-01 3.007298481985929903e-02 -1.513204314221339164e-02 6.302024000000000514e-01
-2.910532673152885219e-02 4.854734917654769666e-02 9.983967321880521384e-01 2.731065800000000099e+00 4.021948845581320431e-02 9.980678981853313703e-01 -4.735887836792217892e-02 2.811911999999999745e-01 -9.987668760547695479e-01 3.877661021602187702e-02 -3.100164182670084312e-02 6.276711999999999847e-01
-3.516126872481050575e-02 5.712469384391086202e-02 9.977476908191275085e-01 2.846329700000000074e+00 4.369865815340681636e-02 9.974980472925842889e-01 -5.557043209363177194e-02 2.746012999999999926e-01 -9.984258172028873668e-01 4.164630836845806261e-02 -3.756956936173139194e-02 6.231328000000000422e-01
-3.769222964881192850e-02 5.978067225935328188e-02 9.974996576682726435e-01 2.904023399999999810e+00 4.382594890128826970e-02 9.973474187502213706e-01 -5.811551010850875276e-02 2.703940000000000232e-01 -9.983278930426631170e-01 4.152586587285449216e-02 -4.021219263490627416e-02 6.208021999999999707e-01
-4.230414029012417865e-02 6.727276347703983750e-02 9.968373663785261574e-01 3.020820899999999920e+00 4.659354928250222100e-02 9.967778464451187981e-01 -6.529139301232747550e-02 2.629247000000000112e-01 -9.980177357540158667e-01 4.368409470726644650e-02 -4.530230667453971627e-02 6.160809000000000424e-01
-4.420281339295140804e-02 6.841077485022134530e-02 9.966775191467601713e-01 3.080042399999999958e+00 4.931264237868246414e-02 9.965859274206514407e-01 -6.621746422774174579e-02 2.585613999999999968e-01 -9.978047777946247310e-01 4.622180385394332458e-02 -4.742541785485399064e-02 6.128493000000000412e-01
-4.852492157529432470e-02 6.707742599761447322e-02 9.965670829942386844e-01 3.197905800000000021e+00 4.882577447004567833e-02 9.967089436738370001e-01 -6.470954603444706299e-02 2.503154000000000212e-01 -9.976278743767695856e-01 4.551813399205354577e-02 -5.164033059895811739e-02 6.070697000000000454e-01
-5.083468487635854627e-02 6.804911834957813599e-02 9.963860458202768999e-01 3.256578699999999937e+00 4.885819597505133144e-02 9.966508221906252851e-01 -6.557450200202863400e-02 2.457296999999999954e-01 -9.975112588334957842e-01 4.534816554829630003e-02 -5.398918763807725174e-02 6.041052000000000088e-01
-5.606991460856246279e-02 7.287893469863088169e-02 9.957634385500309104e-01 3.375658800000000070e+00 4.584350389565361450e-02 9.964684487605314223e-01 -7.034915618079157218e-02 2.375020999999999938e-01 -9.973738205038056304e-01 4.170481389447637521e-02 -5.921292655889742740e-02 5.980554000000000148e-01
-6.054054210635020916e-02 8.063621541479684685e-02 9.949033337591385306e-01 3.494768899999999956e+00 4.079512597244600025e-02 9.960986837353283940e-01 -7.825068662726622493e-02 2.278864999999999919e-01 -9.973317404245999329e-01 3.584986784250171477e-02 -6.359391887054655079e-02 5.909782999999999564e-01
-6.313021525993298133e-02 8.301160211888820861e-02 9.945469570788951774e-01 3.555000099999999996e+00 3.837421487726798419e-02 9.959997054885232348e-01 -8.069700303808145792e-02 2.226701000000000097e-01 -9.972672638534705314e-01 3.307053946385299370e-02 -6.606318086333684558e-02 5.869716999999999851e-01
-6.849620323994820570e-02 7.747306171346915460e-02 9.946387257946739391e-01 3.677599199999999957e+00 3.396548399657725592e-02 9.965833841560829409e-01 -7.528548545959937166e-02 2.125539999999999929e-01 -9.970730244262903108e-01 2.862661581029609520e-02 -7.089358806450507533e-02 5.787073000000000356e-01
-7.275720219112706555e-02 7.633825111985233225e-02 9.944238839374692773e-01 3.799889600000000200e+00 3.324300385674462677e-02 9.966980322968236328e-01 -7.408059874366847153e-02 2.027962000000000098e-01 -9.967955117394438069e-01 2.766773990773942551e-02 -7.505467303571289328e-02 5.700659000000000143e-01
-7.421821620735738478e-02 7.926590082669057735e-02 9.940868037294986470e-01 3.861101899999999976e+00 3.460572072884297856e-02 9.964403945396039797e-01 -7.686991753993081822e-02 1.979611000000000010e-01 -9.966414101751114307e-01 2.869594215027082562e-02 -7.669708226701343889e-02 5.656425000000000480e-01
-7.475790872700935341e-02 8.194224158106877542e-02 9.938293234391075703e-01 3.922799299999999878e+00 3.547950189614713923e-02 9.962057165215166821e-01 -7.946933569026956579e-02 1.929024000000000016e-01 -9.965703487601693666e-01 2.931960802127520083e-02 -7.738152594459057898e-02 5.606729999999999769e-01
-7.492860110788679417e-02 8.124720676829283450e-02 9.938735312545382561e-01 4.045724899999999735e+00 3.143728577824980719e-02 9.963723340874462986e-01 -7.908140696795248892e-02 1.821676999999999880e-01 -9.966932335472694637e-01 2.531922703173504485e-02 -7.721097683363176145e-02 5.518859999999999877e-01
-7.447619767891819342e-02 8.176362359381299239e-02 9.938651849401405336e-01 4.170757300000000001e+00 2.386272515708226863e-02 9.964937841141752184e-01 -8.019169888391797230e-02 1.712548999999999877e-01 -9.969372429232283839e-01 1.774395893313233247e-02 -7.616617092916688758e-02 5.421428999999999832e-01
-7.498985932999892301e-02 8.181093139951406412e-02 9.938226665261823412e-01 4.296405799999999608e+00 1.658354447796504816e-02 9.965933653211801468e-01 -8.078768625447864393e-02 1.608703999999999967e-01 -9.970463916238877511e-01 1.042284516572734854e-02 -7.609111149429315102e-02 5.332198999999999689e-01
-7.505383301028274723e-02 7.697215391006494156e-02 9.942043098241476473e-01 4.359640599999999644e+00 1.693845325748228117e-02 9.969709716535041233e-01 -7.590764442078257179e-02 1.558566999999999869e-01 -9.970356116767890020e-01 1.114312356178241703e-02 -7.613028205371474844e-02 5.283510999999999624e-01
-7.490094404443635445e-02 6.239217944985164799e-02 9.952371900832231999e-01 4.487602200000000430e+00 2.582041867960743406e-02 9.978274260246722260e-01 -6.061133435412061066e-02 1.460062000000000026e-01 -9.968566369144872263e-01 2.115759477054826240e-02 -7.634920839840630968e-02 5.178213000000000399e-01
-7.316620235717803677e-02 6.958942400641410231e-02 9.948889480233880089e-01 4.615609599999999979e+00 3.955717388445926380e-02 9.969801593160362296e-01 -6.682658097228610927e-02 1.373117000000000087e-01 -9.965349651803006026e-01 3.446554796643128138e-02 -7.569801302854983760e-02 5.076730999999999883e-01
-7.197689135339520317e-02 7.549032268028385562e-02 9.945453927763822088e-01 4.679235900000000115e+00 4.300737227568868226e-02 9.964391553333764584e-01 -7.252155299252482923e-02 1.329104999999999870e-01 -9.964786465554803518e-01 3.755290801168242876e-02 -7.496723323442211484e-02 5.023649000000000031e-01
-7.147947523285451410e-02 7.991179362715651602e-02 9.942357818242747447e-01 4.743318999999999619e+00 4.386925092723616137e-02 9.960728039760103902e-01 -7.690551347238785973e-02 1.281230999999999898e-01 -9.964768805363822812e-01 3.811921324816643086e-02 -7.470443184859842933e-02 4.977553000000000116e-01
-7.133608756001279250e-02 7.699540332057072667e-02 9.944761789400149432e-01 4.807760199999999706e+00 4.111770815570407051e-02 9.963957558210936316e-01 -7.419455409754788233e-02 1.229196000000000039e-01 -9.966044835779399591e-01 3.559783208587649628e-02 -7.424484940474462835e-02 4.929777000000000187e-01
-7.121188479271120531e-02 7.256757367757253607e-02 9.948179806953730830e-01 4.872093200000000124e+00 3.998395601194862370e-02 9.967560934245904836e-01 -6.984678577131170352e-02 1.179525000000000018e-01 -9.966594958790609970e-01 3.480283711853151413e-02 -7.388241876520273976e-02 4.886936000000000058e-01
-7.118952440397846582e-02 7.063407539144471448e-02 9.949587323144268858e-01 4.937137100000000167e+00 3.761556547681854656e-02 9.969701292104918844e-01 -6.808546611336534216e-02 1.130942000000000058e-01 -9.967532898611344283e-01 3.257896339067203884e-02 -7.363077003124929298e-02 4.840959000000000234e-01
-7.082527510215332056e-02 7.142468917341984747e-02 9.949282859498891352e-01 5.001942200000000227e+00 3.589146182546835984e-02 9.969696881438676606e-01 -6.901625815958385701e-02 1.082884999999999959e-01 -9.968428077559345901e-01 3.082133512357535313e-02 -7.317418893616112197e-02 4.795078999999999869e-01
-7.066280727087789759e-02 7.659332607606963994e-02 9.945552926153498063e-01 5.066544099999999773e+00 3.682203222709697077e-02 9.965683918684116183e-01 -7.413216758920930516e-02 1.034795000000000020e-01 -9.968203978707828039e-01 3.138315996538355857e-02 -7.324064212799985540e-02 4.749144000000000143e-01
-6.992497554325198539e-02 7.930658523828482132e-02 9.943947723782133874e-01 5.131458300000000250e+00 3.587353665201969966e-02 9.963899073204873780e-01 -7.694310857995503850e-02 9.843999999999999972e-02 -9.969070102890000840e-01 3.029221232781151296e-02 -7.251754759322037724e-02 4.703365999999999936e-01
-6.965090736976209396e-02 7.814068218619318884e-02 9.945063020866409254e-01 5.196823099999999584e+00 3.606183654481867618e-02 9.964730362089719851e-01 -7.576959847780315171e-02 9.350150000000000128e-02 -9.969194024832617185e-01 3.058630242361897941e-02 -7.222314764995585445e-02 4.656698000000000226e-01
-6.860119427392616376e-02 7.173445270769626680e-02 9.950618294552950882e-01 5.262854100000000201e+00 3.813230537342821719e-02 9.968712578669564062e-01 -6.923599154818033119e-02 8.875710000000000544e-02 -9.969151435458782906e-01 3.319432983928684300e-02 -7.112195888346983796e-02 4.604388999999999843e-01
-6.926572004112999115e-02 7.003660161229270653e-02 9.951367415897099944e-01 5.329060600000000036e+00 3.706952058868652478e-02 9.970243444453080750e-01 -6.758925378141619755e-02 8.358569999999999889e-02 -9.969092790572816609e-01 3.220762360070572594e-02 -7.165583236196837458e-02 4.564377000000000018e-01
-6.909668445374067547e-02 7.337667354313093249e-02 9.949077906907982660e-01 5.395497800000000233e+00 3.496192730627849243e-02 9.968568343634722773e-01 -7.109230212806000315e-02 7.895439999999999403e-02 -9.969971473562654340e-01 2.987165148734928152e-02 -7.144489205595916381e-02 4.523943000000000270e-01
-6.860300852395628812e-02 7.665928962397128288e-02 9.946944156552858241e-01 5.462457699999999861e+00 3.417688196755185037e-02 9.966387716870563906e-01 -7.445199466160420942e-02 7.410269999999999357e-02 -9.970584576445046254e-01 2.888792281323809136e-02 -7.099239364254728013e-02 4.475995999999999864e-01
-6.863748251790301180e-02 7.623943029600613319e-02 9.947243061581159118e-01 5.529903400000000246e+00 3.321052569860787063e-02 9.966977393373926963e-01 -7.409910514002784887e-02 6.899489999999999790e-02 -9.970887407730701923e-01 2.794934109905307384e-02 -7.094277521849645662e-02 4.430644999999999722e-01
-6.839407649062412275e-02 7.274265799110479769e-02 9.950028924628226967e-01 5.597739699999999985e+00 3.294485995050323857e-02 9.969590232269296415e-01 -7.062111730387790609e-02 6.375240000000000073e-02 -9.971142795606910969e-01 2.795016484379855490e-02 -7.058258837254482998e-02 4.386179000000000050e-01
-6.763391821627474931e-02 7.152028028151569128e-02 9.951434583089853181e-01 5.664982799999999763e+00 3.338654272766759801e-02 9.970309941583527236e-01 -6.938685359850584045e-02 5.857380000000000225e-02 -9.971514387852065120e-01 2.853149480942586413e-02 -6.982092761151070803e-02 4.342453000000000007e-01
-6.654424422952306961e-02 7.202131824560913109e-02 9.951807842186692898e-01 5.732769000000000226e+00 3.450602548834665051e-02 9.969610370097021779e-01 -6.984285854356794832e-02 5.362510000000000193e-02 -9.971866413891226077e-01 2.969209326915098202e-02 -6.882718817717947690e-02 4.295436000000000254e-01
-6.554376543481579831e-02 7.190178739845012879e-02 9.952558202701121681e-01 5.800641099999999994e+00 3.747500216361043801e-02 9.968742735696839441e-01 -6.955075059086257561e-02 4.828520000000000034e-02 -9.971457461301548308e-01 3.273859593542546159e-02 -6.803341319317812719e-02 4.249340999999999813e-01
-6.437791792416751313e-02 7.185445858960258503e-02 9.953353306622567676e-01 5.869272699999999787e+00 3.728057768724289678e-02 9.968812831275065678e-01 -6.955476890452316763e-02 4.382939999999999753e-02 -9.972289818346908863e-01 3.262888491584201023e-02 -6.685591715094585386e-02 4.204827999999999899e-01
-6.317053859429604123e-02 7.195644984827154200e-02 9.954053206503067353e-01 5.937387900000000052e+00 3.841436587850629442e-02 9.968335549287120623e-01 -6.962183753922771001e-02 3.837490000000000345e-02 -9.972631646400357264e-01 3.383981520959516293e-02 -6.573467394550347453e-02 4.160112999999999728e-01
-6.209620521883826849e-02 7.044520468815000658e-02 9.955810034516854312e-01 6.006470199999999870e+00 3.839061012975067411e-02 9.969364069729105271e-01 -6.814661771363797471e-02 3.349300000000000194e-02 -9.973315508652504935e-01 3.398931579758383836e-02 -6.461040210621438185e-02 4.118841999999999781e-01
-5.983541524538775469e-02 6.895146601481368098e-02 9.958239896773023458e-01 6.144617600000000124e+00 3.750824235834755715e-02 9.970622347128723639e-01 -6.678346999490672453e-02 2.342980000000000063e-02 -9.975033106900444979e-01 3.335559089239972103e-02 -6.224588113778595222e-02 4.036782999999999899e-01
-5.809678297609895126e-02 6.983177636645834796e-02 9.958655967636058648e-01 6.214312999999999754e+00 3.534607966425818565e-02 9.970689397424038480e-01 -6.785413807076545734e-02 1.830450000000000133e-02 -9.976850296863213341e-01 3.125783758457291450e-02 -6.039477733496900758e-02 3.995459000000000094e-01
-5.668222329867284026e-02 7.247986459669354675e-02 9.957578996874514310e-01 6.284175399999999634e+00 3.523493113143531807e-02 9.968853087522970835e-01 -7.055622454468743476e-02 1.318049999999999951e-02 -9.977703268739166464e-01 3.108617734431675869e-02 -5.905949871134441587e-02 3.955434999999999923e-01
-5.520908487566336675e-02 7.163833174405162540e-02 9.959015545585421236e-01 6.354874599999999596e+00 3.324602650361164341e-02 9.970016379347989011e-01 -6.987442791929983354e-02 8.164799999999999836e-03 -9.979211685643876173e-01 2.925206625620628553e-02 -5.742523792575493502e-02 3.912635999999999892e-01
-5.512657614212129048e-02 7.028887664656829903e-02 9.960022763139702029e-01 6.425056900000000404e+00 2.974141999852256482e-02 9.971921007743135279e-01 -6.872672034793272933e-02 2.519299999999999925e-03 -9.980363262623852538e-01 2.583385323707971387e-02 -5.706227727322699117e-02 3.881616999999999984e-01
-5.436937762811234337e-02 7.173678275172364061e-02 9.959406632810829940e-01 6.496004600000000018e+00 2.728219382813147978e-02 9.971503060679940411e-01 -7.033455060231788569e-02 -2.565299999999999959e-03 -9.981481115927914871e-01 2.334740047495132906e-02 -5.617157835423769452e-02 3.838378000000000068e-01
-5.524900554376595968e-02 7.089530978748187495e-02 9.959525101311618167e-01 6.567019000000000162e+00 2.398462865163317886e-02 9.972824555473674968e-01 -6.965946774025935651e-02 -8.032900000000000804e-03 -9.981844944572463296e-01 2.003893479080047849e-02 -5.679926159363224425e-02 3.804506999999999750e-01
-5.765434429739795669e-02 6.700303671158067131e-02 9.960856236564521460e-01 6.709896999999999778e+00 1.954797140099496719e-02 9.976297493624300960e-01 -6.597544998831644802e-02 -1.867330000000000031e-02 -9.981452065695364251e-01 1.566768197537640045e-02 -5.882746249648618253e-02 3.728781999999999930e-01
-5.920360450689227116e-02 6.641915146032105477e-02 9.960338495918110713e-01 6.782587999999999617e+00 1.761197601365740648e-02 9.976982291842825257e-01 -6.548329392632297463e-02 -2.358599999999999933e-02 -9.980905527627670359e-01 1.366527723237922001e-02 -6.023710388021963347e-02 3.691187000000000218e-01
-6.061658273141750514e-02 6.675899214485581101e-02 9.959261352458667060e-01 6.854630900000000082e+00 1.755576032806919345e-02 9.976778622308927202e-01 -6.580789081637002103e-02 -2.870309999999999875e-02 -9.980067260180508493e-01 1.349519107678608457e-02 -6.164782754106123974e-02 3.646785000000000165e-01
-6.318343269968149101e-02 6.555033365440690596e-02 9.958468795904721338e-01 6.926869400000000176e+00 1.687853107949000356e-02 9.977681054507114844e-01 -6.460590479125369323e-02 -3.351710000000000106e-02 -9.978591929830996632e-01 1.272640967020068764e-02 -6.414880728449057212e-02 3.604537999999999909e-01
-6.575586964606452978e-02 6.086596959462509809e-02 9.959776600669290048e-01 6.998740200000000300e+00 1.514459978502007836e-02 9.980837959458824793e-01 -5.999481117238017469e-02 -3.857100000000000112e-02 -9.977208059895517067e-01 1.113867207364310427e-02 -6.655165873210455718e-02 3.555597999999999814e-01
-7.573577537564357698e-02 6.659031322961939114e-02 9.949019160260129668e-01 7.141824200000000289e+00 9.119384553333442778e-03 9.977721104545276276e-01 -6.608821698673951472e-02 -4.857480000000000131e-02 -9.970862195184621024e-01 4.067650808404991297e-03 -7.617430710733374966e-02 3.463679000000000063e-01
-8.282245778641278422e-02 6.941588924018878004e-02 9.941437898046796562e-01 7.213386100000000134e+00 9.580532661573586822e-03 9.975804883516389276e-01 -6.885769858211916727e-02 -5.408160000000000051e-02 -9.965182657032121138e-01 3.821463214437159639e-03 -8.328710907915048978e-02 3.407042000000000126e-01
-1.033312143303155434e-01 6.303905725525832393e-02 9.926473378825890759e-01 7.355811600000000006e+00 1.352248689697139322e-02 9.979863740592032073e-01 -6.197047313265644647e-02 -6.475720000000000087e-02 -9.945550776569107576e-01 7.019576378409268791e-03 -1.039755887423776670e-01 3.277662000000000075e-01
-1.165910931508284121e-01 6.428204000835069376e-02 9.910975412794947870e-01 7.426089799999999741e+00 1.410469457898898618e-02 9.979097708493567254e-01 -6.306462426922043729e-02 -6.962680000000000258e-02 -9.930798430079671446e-01 6.626354635039542751e-03 -1.172540695904512598e-01 3.203600999999999810e-01
-1.304955281917574428e-01 6.436248227091001528e-02 9.893575632691555821e-01 7.496391799999999606e+00 1.608826598953556203e-02 9.978967053573628565e-01 -6.279596431595375894e-02 -7.474770000000000025e-02 -9.913183569466492706e-01 7.722455104911801066e-03 -1.312565383809447539e-01 3.111537999999999804e-01
-1.452070494794651945e-01 6.236025082896822641e-02 9.874341050915832474e-01 7.566319000000000017e+00 1.712631653977319396e-02 9.980206361869599085e-01 -6.051032165470088264e-02 -7.964240000000000208e-02 -9.892530525923320939e-01 8.124583775433610877e-03 -1.459876332955237777e-01 3.013851000000000169e-01
-1.607532910064122800e-01 6.473141091633925759e-02 9.848696481623280263e-01 7.635429900000000103e+00 2.097713057619641011e-02 9.978457064870737137e-01 -6.216032527345633635e-02 -8.449940000000000229e-02 -9.867716754261832701e-01 1.066726235229659842e-02 -1.617648604935890688e-01 2.901966000000000268e-01
-1.759553843069296131e-01 6.803004395946443683e-02 9.820446099094854997e-01 7.703794000000000253e+00 2.147578436185940826e-02 9.976370182472307224e-01 -6.526232074342486200e-02 -8.941029999999999811e-02 -9.841638549649358580e-01 9.606921548971011915e-03 -1.770006034987120502e-01 2.780391999999999864e-01
-1.910033541684210689e-01 7.216257427863011220e-02 9.789332365232543687e-01 7.772168599999999650e+00 2.142722149914336183e-02 9.973629157132476442e-01 -6.934038173240610059e-02 -9.427290000000000669e-02 -9.813554875147125767e-01 7.731573801648780608e-03 -1.920459056874431747e-01 2.646554999999999880e-01
-2.072438696176102935e-01 7.004311798517724730e-02 9.757786327486545064e-01 7.840122199999999708e+00 1.770805312193926909e-02 9.975387714509591497e-01 -6.784411770184325952e-02 -9.967439999999999634e-02 -9.781290320609800082e-01 3.218862380643831844e-03 -2.079741223432015618e-01 2.508377999999999997e-01
-2.231646327786375172e-01 6.475998846030764367e-02 9.726272104827197174e-01 7.908309499999999659e+00 1.198756146405275530e-02 9.978975994536575245e-01 -6.369206681191397212e-02 -1.047769999999999951e-01 -9.747070560157659047e-01 -2.554388233721442691e-03 -2.234717656748386183e-01 2.358348000000000111e-01
-2.391610277496879211e-01 6.074374625023307855e-02 9.690780154854407025e-01 7.976716999999999835e+00 7.653089116988150142e-03 9.981281781197438585e-01 -6.067594474195119048e-02 -1.098964999999999942e-01 -9.709497582432781160e-01 -7.094880890344223284e-03 -2.391782382083942338e-01 2.200860000000000039e-01
-2.545873388310092578e-01 6.246559500985873759e-02 9.650302256131718659e-01 8.043875699999999185e+00 5.820484469495016550e-03 9.979925309527101218e-01 -6.306369893325472487e-02 -1.142774000000000012e-01 -9.670322687829425723e-01 -1.043827584748253587e-02 -2.544398426541067959e-01 2.032886999999999889e-01
-2.690307447990565870e-01 6.471965959057585094e-02 9.609546420176890980e-01 8.110198000000000462e+00 5.911572055127115033e-03 9.978318863317597875e-01 -6.554830230783155465e-02 -1.190946999999999978e-01 -9.631134469358748618e-01 -1.195375598219318436e-02 -2.688300504951339764e-01 1.852516999999999914e-01
-2.828729202713713975e-01 6.689486456917945190e-02 9.568218162601734855e-01 8.175922399999999257e+00 7.385859208949845101e-03 9.976873074445496981e-01 -6.756837757257418142e-02 -1.243133000000000016e-01 -9.591289590356927297e-01 -1.204631305900338498e-02 -2.827127982260311256e-01 1.659135999999999944e-01
-2.975086982977221406e-01 6.667534554798144886e-02 9.523880368490840187e-01 8.241958600000000246e+00 9.433704506951013508e-03 9.977149730135752570e-01 -6.690170284676025259e-02 -1.295651999999999915e-01 -9.546724986383918754e-01 -1.091929121225122118e-02 -2.974578784012142929e-01 1.460401000000000060e-01
-3.116417095490242595e-01 6.439802421953011446e-02 9.480149467946076269e-01 8.306734099999999899e+00 8.841555147214536642e-03 9.978540937058580917e-01 -6.487707281497373524e-02 -1.349690000000000056e-01 -9.501585508597713003e-01 -1.183647545012675786e-02 -3.115423343254944966e-01 1.248989999999999961e-01
-3.262785048781416952e-01 6.310012313401870687e-02 9.431652621438918471e-01 8.371858599999999484e+00 8.457345223203738271e-03 9.979244428943560008e-01 -6.383791652117687399e-02 -1.400172000000000083e-01 -9.452358491753579672e-01 -1.285226573258086563e-02 -3.261349547338940891e-01 1.027551000000000020e-01
-3.412883509743162569e-01 6.436961917593199412e-02 9.377520000599186556e-01 8.436188700000000651e+00 7.019459837031640642e-03 9.977991162517363399e-01 -6.593671807764095449e-02 -1.452984999999999971e-01 -9.399324383554534812e-01 -1.592092127985977185e-02 -3.409890549457156306e-01 7.976360000000000394e-02
-3.567192826567492370e-01 6.637719276015782710e-02 9.318505361173190504e-01 8.500184100000000242e+00 7.521304092080474679e-03 9.976443719412646516e-01 -6.818458123853279873e-02 -1.503789000000000098e-01 -9.341813439400341590e-01 -1.731402365715370081e-02 -3.563782277569588208e-01 5.615309999999999746e-02
-3.713314480741363166e-01 6.822849810122723346e-02 9.259901877007203908e-01 8.563495599999999541e+00 8.807459839288895448e-03 9.975104703165791342e-01 -6.996635091225236747e-02 -1.554985999999999868e-01 -9.284586066822493322e-01 -1.782508501096018855e-02 -3.710079271686896885e-01 3.091990000000000016e-02
-4.014243243809917372e-01 7.408144586900065887e-02 9.128912592270901349e-01 8.690341000000000093e+00 1.069923154438694179e-02 9.970347686625662398e-01 -7.620496389568429119e-02 -1.663263000000000102e-01 -9.158296993653478602e-01 -2.082329118898534198e-02 -4.010266229372244640e-01 -2.239949999999999927e-02
-4.168660080917786503e-01 7.641885793638542035e-02 9.057499044710546343e-01 8.753632500000000149e+00 1.205557729743404749e-02 9.968368509723156690e-01 -7.855543010908243307e-02 -1.720794999999999964e-01 -9.088879987950395645e-01 -2.182775057801157950e-02 -4.164686722324422163e-01 -5.099460000000000104e-02
-4.486931028266231691e-01 6.943580145227455647e-02 8.909843819913447760e-01 8.879035899999999870e+00 7.111486296862531281e-03 9.972229437567302623e-01 -7.413384657368604636e-02 -1.832818999999999976e-01 -8.936576113022636214e-01 -2.692712242037000742e-02 -4.479408485946458907e-01 -1.115083999999999936e-01
-4.654411443246487812e-01 6.959875831371495347e-02 8.823381177365913208e-01 8.942818600000000728e+00 6.579852309598753501e-03 9.971479673203521576e-01 -7.518401966158583249e-02 -1.886933000000000082e-01 -8.850543750037879187e-01 -2.918808164437926289e-02 -4.645716405212179101e-01 -1.436916000000000027e-01
-4.819361680263067882e-01 6.884862126439812713e-02 8.734972222612450432e-01 9.005212800000000684e+00 5.354716981227664041e-03 9.971209492429251586e-01 -7.563821512264058688e-02 -1.944099999999999995e-01 -8.761899662482847129e-01 -3.177546114345736195e-02 -4.809173142183074123e-01 -1.771747999999999934e-01
-4.982726914169541832e-01 6.794186003180492650e-02 8.643542263699086625e-01 9.067462900000000658e+00 4.659547135650018990e-03 9.971203773370673762e-01 -7.569175463466989995e-02 -1.998512000000000066e-01 -8.670078509498027053e-01 -3.368763504021978633e-02 -4.971544323817314037e-01 -2.120151000000000119e-01
-5.142723680777590012e-01 6.752382116800445533e-02 8.549645986861473812e-01 9.128355000000000885e+00 3.256450433157261071e-03 9.970422707178315802e-01 -7.678610507381232464e-02 -2.055935000000000124e-01 -8.576207360845877758e-01 -3.670482225405147236e-02 -5.129711776123763167e-01 -2.479947999999999875e-01
-5.299885468547556044e-01 6.717915872610012717e-02 8.453396363803359348e-01 9.189391099999999923e+00 2.905269260410917043e-03 9.969951299522828991e-01 -7.740975559937492145e-02 -2.110875000000000112e-01 -8.479998228851876041e-01 -3.857034462231173633e-02 -5.285911736894658430e-01 -2.855022999999999866e-01
-5.456674538829073828e-01 6.489953695467037820e-02 8.354849369533924319e-01 9.249989499999999865e+00 3.045808846358254857e-03 9.971435922223675918e-01 -7.546773839425824359e-02 -2.166729000000000016e-01 -8.379962725581876493e-01 -3.863556124792452695e-02 -5.443064767074164978e-01 -3.243731999999999727e-01
-5.612068326402606111e-01 6.142279567504582705e-02 8.253933190723968805e-01 9.309921299999999178e+00 2.934415854950866293e-03 9.973839368719448206e-01 -7.222653026008192534e-02 -2.222886000000000029e-01 -8.276703934547110508e-01 -3.811197503779996387e-02 -5.599189201636620705e-01 -3.643910000000000204e-01
-5.767191245803785504e-01 6.006417405299478707e-02 8.147314565785300777e-01 9.369943599999999151e+00 3.841695033216491195e-03 9.974818822582977029e-01 -7.081762454160075992e-02 -2.274098999999999982e-01 -8.169334689694830454e-01 -3.771192864035095849e-02 -5.754976261599273890e-01 -4.059503999999999890e-01
-5.921155891572937868e-01 5.805661618627792897e-02 8.037590176128106556e-01 9.428938900000000345e+00 2.466958346648621264e-03 9.975273940725682964e-01 -7.023540553956331145e-02 -2.332275000000000043e-01 -8.058492682837326004e-01 -3.960463851356594428e-02 -5.907947438956976383e-01 -4.482633999999999785e-01
-6.074248785371876291e-01 5.934457303878593049e-02 7.921573319643809841e-01 9.486768700000000720e+00 8.467837356625346201e-04 9.972534232461955916e-01 -7.406006198383455197e-02 -2.383280000000000121e-01 -7.943766738087084667e-01 -4.431513821019404664e-02 -6.058067915053639840e-01 -4.916211999999999804e-01
-6.233995845175182016e-01 5.927994219454738034e-02 7.796530295437817948e-01 9.543423699999999954e+00 -8.527135572253506657e-04 9.970697714063665451e-01 -7.649276977104048358e-02 -2.439604999999999968e-01 -7.819029549138276636e-01 -4.835038160208460223e-02 -6.215223324193248633e-01 -5.357703000000000326e-01
-6.400316451423743169e-01 5.582497368309198571e-02 7.663178619408712589e-01 9.600294099999999275e+00 -3.387529529346382934e-03 9.971423618449748449e-01 -7.546942995619521088e-02 -2.497186999999999879e-01 -7.683410817208942145e-01 -5.089874779901107371e-02 -6.380135575459654484e-01 -5.813639999999999919e-01
-6.568645902549739013e-01 4.833803016084825543e-02 7.524575369476572684e-01 9.656003000000000114e+00 -7.009401011971855971e-03 9.975083755285971687e-01 -7.019906728548883090e-02 -2.555356999999999768e-01 -7.539759799666162499e-01 -5.138555818971069639e-02 -6.548891097299704978e-01 -6.284790000000000099e-01
-6.926550975231456908e-01 4.339008040177279313e-02 7.199626495853305164e-01 9.764442400000000077e+00 -1.017557313271092237e-02 9.975016708628788864e-01 -6.990618239602118533e-02 -2.660740999999999801e-01 -7.211971807949769664e-01 -5.574690617866271541e-02 -6.904830981746656882e-01 -7.266591000000000022e-01
-7.110640983674697546e-01 3.944335816433799935e-02 7.020199922435096385e-01 9.817025199999999785e+00 -1.367675787681728317e-02 9.974605377041644294e-01 -6.989579398574663482e-02 -2.717977999999999783e-01 -7.029941637786450981e-01 -5.930174718875296652e-02 -7.087189206402810804e-01 -7.776003999999999694e-01
