9.985632580806909075e-01 2.067765529614758353e-03 -5.354571838149282254e-02 3.692459000000000158e-01 -2.385014517097472884e-03 9.999799764577994576e-01 -5.861602955852105411e-03 4.954020000000000090e-01 5.353252578600075501e-02 5.980888660839359973e-03 9.985481949579588790e-01 -3.241969600000000007e+00
9.987325320646117666e-01 1.705777741102505003e-03 -5.030327740920269297e-02 3.655560999999999949e-01 -2.097387786753361714e-03 9.999678986026301342e-01 -7.733222401548673318e-03 4.938357999999999914e-01 5.028847144506602695e-02 7.828926269789211745e-03 9.987040490321349440e-01 -3.170659800000000139e+00
9.989456378300909378e-01 2.045088650660327727e-03 -4.586316902094492859e-02 3.615092999999999779e-01 -2.375317019457584469e-03 9.999716390619575179e-01 -7.146953252908006329e-03 4.921359000000000150e-01 4.584725214546556821e-02 7.248357341709742510e-03 9.989221645286268103e-01 -3.099392200000000042e+00
9.991745999427082969e-01 2.601586890307129151e-03 -4.053826063092830223e-02 3.581306000000000211e-01 -2.899240498016402833e-03 9.999692576443371950e-01 -7.285476701490509709e-03 4.904589999999999783e-01 4.051806058862579552e-02 7.396993435544033275e-03 9.991514255878590767e-01 -3.029303099999999915e+00
9.994052465912431904e-01 3.998585286095517749e-03 -3.425148758238288904e-02 3.554265999999999814e-01 -4.280912981287283633e-03 9.999574335841929784e-01 -8.173420566745664972e-03 4.887233000000000271e-01 3.421734750010518855e-02 8.315187034822212747e-03 9.993798230876150823e-01 -2.959415700000000093e+00
9.996249624222925956e-01 5.472133660476316552e-03 -2.683263415007773600e-02 3.531497000000000108e-01 -5.694723191509560439e-03 9.999499495283398209e-01 -8.226090568593713917e-03 4.871878000000000042e-01 2.678627689698811348e-02 8.375809899496605357e-03 9.996060930079034845e-01 -2.890539599999999876e+00
9.998074050389479384e-01 6.602915269916830206e-03 -1.848118879356718675e-02 3.512601000000000195e-01 -6.737952523717315352e-03 9.999509882896723267e-01 -7.254034346199657833e-03 4.854530000000000234e-01 1.843238522474250490e-02 7.377162628410192415e-03 9.998028928976354646e-01 -2.822407699999999853e+00
9.999289666895024853e-01 8.725912942711662804e-03 -8.119114396294228528e-03 3.501940000000000053e-01 -8.780078732812260714e-03 9.999392765497029378e-01 -6.659837137820240512e-03 4.839351000000000069e-01 8.060508216577470450e-03 6.730650531181139352e-03 9.999448617552457730e-01 -2.754908599999999819e+00
9.999294487492739192e-01 1.085799987771857850e-02 4.816779279623771386e-03 3.498766999999999849e-01 -1.082549508834442994e-02 9.999187966024792873e-01 -6.723753203518079841e-03 4.823543000000000136e-01 -4.889394652242767640e-03 6.671134813886791734e-03 9.999657943050999087e-01 -2.688323700000000205e+00
9.997221172137334966e-01 1.293767688173731029e-02 1.970545281372404478e-02 3.505583999999999922e-01 -1.281721322018759823e-02 9.998984647517407121e-01 -6.227297357610668202e-03 4.808942999999999968e-01 -1.978401877673980486e-02 5.972997908556178931e-03 9.997864351435390429e-01 -2.622093000000000007e+00
9.992332419564646795e-01 1.545616720750135793e-02 3.597269887605133998e-02 3.521505999999999803e-01 -1.528985620826197288e-02 9.998711272668544536e-01 -4.893787412675362769e-03 4.793328000000000033e-01 -3.604370217255684072e-02 4.340017668575410145e-03 9.993407906116574813e-01 -2.557958100000000012e+00
9.984438620266311570e-01 1.537946660039682389e-02 5.360341769358207414e-02 3.552465000000000206e-01 -1.517018303322562045e-02 9.998756412386782255e-01 -4.309014304951677525e-03 4.780567000000000011e-01 -5.366302198053873179e-02 3.489135226545868416e-03 9.985530061079816999e-01 -2.493303800000000070e+00
9.972274947206507534e-01 1.532643658589973902e-02 7.281774587799914877e-02 3.592986000000000235e-01 -1.500044619307537401e-02 9.998748772506657057e-01 -5.021599045605906059e-03 4.765040999999999860e-01 -7.288559794076686360e-02 3.915377956797225917e-03 9.973326222621380355e-01 -2.429758099999999921e+00
9.955485389888674153e-01 1.459638379380266866e-02 9.311311452891941898e-02 3.648474999999999913e-01 -1.408593450319676511e-02 9.998819552637295827e-01 -6.136936300195764034e-03 4.754213999999999940e-01 -9.319170009342732375e-02 4.798032734884619989e-03 9.956366234302410634e-01 -2.366945499999999925e+00
9.934170205138572740e-01 1.174905166456642613e-02 1.139499150432058960e-01 3.717835999999999919e-01 -1.108717607727625898e-02 9.999177937530989713e-01 -6.440517259235084557e-03 4.742115000000000080e-01 -1.140162176183807941e-01 5.134736694162696929e-03 9.934656192335393765e-01 -2.305058700000000016e+00
9.906676411165171725e-01 6.759118424619444364e-03 1.361320651527679615e-01 3.800618000000000052e-01 -6.217274458688799681e-03 9.999709700616364882e-01 -4.405057581342283757e-03 4.728921999999999848e-01 -1.361578875531668509e-01 3.517577591407927001e-03 9.906809053903015139e-01 -2.243724600000000180e+00
9.830456916108162302e-01 -3.894120791296543527e-03 1.833194043975562570e-01 4.012209999999999943e-01 4.627511295539415807e-03 9.999829097479518980e-01 -3.573003110730307245e-03 4.703268999999999922e-01 -1.833023577170289353e-01 4.360737928656722648e-03 9.830469112001196663e-01 -2.123017799999999955e+00
9.718032425959350906e-01 -1.373779537249286350e-02 2.353927158140825815e-01 4.279053999999999913e-01 1.528010520460547014e-02 9.998720683694271028e-01 -4.729194390158938943e-03 4.679505999999999943e-01 -2.352976329353147766e-01 8.192671905259943724e-03 9.718888331810848769e-01 -2.007095099999999910e+00
9.565253525826256098e-01 -2.068947041694351244e-02 2.909144129818084790e-01 4.603284999999999738e-01 2.147065994960682331e-02 9.997693503014630778e-01 5.069113518237876315e-04 4.656180999999999792e-01 -2.908578013875717239e-01 5.761250876040510845e-03 9.567489468822691911e-01 -1.895656900000000089e+00
9.366988259143819162e-01 -2.312220419247185133e-02 3.493718265743533946e-01 4.980980999999999881e-01 2.586369432484204867e-02 9.996604104379152034e-01 -3.183256032740309355e-03 4.633097999999999939e-01 -3.491795796527763507e-01 1.201779831668352456e-02 9.369787583916350249e-01 -1.789943499999999910e+00
9.125539432744200763e-01 -2.681768621750530227e-02 4.080761109404053011e-01 5.427642000000000300e-01 3.431415637444690248e-02 9.993498977118161486e-01 -1.105986508473710481e-02 4.616105999999999820e-01 -4.075142197354794105e-01 2.409551097864513422e-02 9.128809161462744237e-01 -1.686675200000000041e+00
8.646765552638404628e-01 -2.602697025951069068e-02 5.016543148385840256e-01 6.205239000000000171e-01 2.882375045376982595e-02 9.995821353843908907e-01 2.178538537616552667e-03 4.577237000000000111e-01 -5.015013920088732258e-01 1.257582758674842191e-02 8.650654324232768255e-01 -1.540121800000000096e+00
8.038865193105365625e-01 -1.113951751963719594e-02 5.946783796475370032e-01 7.114886999999999739e-01 2.256554446076773635e-02 9.996759828485476396e-01 -1.177817978209192568e-02 4.556859999999999800e-01 -5.943544904129012263e-01 2.288756136463342139e-02 8.038774155683194866e-01 -1.403918400000000011e+00
7.590381433593191840e-01 -1.382851110876835363e-02 6.508992773126670572e-01 7.804326000000000318e-01 2.458806405139093640e-02 9.996700207039608266e-01 -7.434837721652218581e-03 4.528924999999999756e-01 -6.505816812913213232e-01 2.164767854198865887e-02 7.591276928039842886e-01 -1.320285200000000048e+00
7.103055814071301821e-01 -9.388602307578770845e-03 7.038308285153392907e-01 8.543743000000000309e-01 2.543612913598677916e-02 9.996003312937755680e-01 -1.233616682570967682e-02 4.508461000000000274e-01 -7.034337099943791527e-01 2.666517999347579881e-02 7.102605041950871279e-01 -1.242874000000000034e+00
6.578721721759044350e-01 -5.485970004749381179e-03 7.531096262893363091e-01 9.334824999999999928e-01 2.429210159481374684e-02 9.996077279393157378e-01 -1.393858113675759160e-02 4.482450000000000045e-01 -7.527377357862857776e-01 2.746442020334158296e-02 6.577473730439596933e-01 -1.170558999999999905e+00
6.016560508625888870e-01 1.000083202385854478e-02 7.986926691908875497e-01 1.017595199999999922e+00 2.218747394075562887e-02 9.993265248656417743e-01 -2.922691738942224601e-02 4.451253000000000015e-01 -7.984470630295801286e-01 3.530552447975228436e-02 6.010289572729815566e-01 -1.104224000000000094e+00
5.414291177810641731e-01 2.318082772463135946e-02 8.404267723274999602e-01 1.107638700000000087e+00 1.923467869666538668e-02 9.990166619962440597e-01 -3.994666681111683215e-02 4.411122000000000098e-01 -8.405263455444181853e-01 3.779362750363211843e-02 5.404508341800039473e-01 -1.043681400000000092e+00
4.778912760600935727e-01 2.225166896533034566e-02 8.781371142901959193e-01 1.203578400000000048e+00 1.299130512492993085e-02 9.993907355225509770e-01 -3.239419304204917138e-02 4.363290000000000224e-01 -8.783229214001000429e-01 2.688904944307127926e-02 4.773110356604398641e-01 -9.885287000000000379e-01
4.101379618246313030e-01 2.721003225959360561e-02 9.116175000595202471e-01 1.304241100000000042e+00 2.628387292807038422e-03 9.995154281720416423e-01 -3.101613171076062631e-02 4.321645000000000070e-01 -9.120197058455351558e-01 1.511697689659264460e-02 4.098677020197268872e-01 -9.389237999999999751e-01
3.396244287841474474e-01 2.899358176946630061e-02 9.401141524247034198e-01 1.409811699999999890e+00 -4.312939530958475112e-03 9.995622691051251341e-01 -2.926890387451562547e-02 4.278459000000000012e-01 -9.405512457732665421e-01 5.885779267914460419e-03 3.396008122439719834e-01 -8.969144999999999479e-01
2.685303516323604422e-01 2.815040994620845310e-02 9.628598053050411165e-01 1.519395800000000074e+00 -3.764505145240661099e-03 9.995959296998194743e-01 -2.817455995335020613e-02 4.237573000000000034e-01 -9.632638676672206079e-01 3.941033800143907764e-03 2.685278188556519119e-01 -8.635369999999999990e-01
1.996321667008732759e-01 2.550684555204373039e-02 9.795388705142328289e-01 1.633693599999999968e+00 7.164800972323514053e-03 9.995964194912726475e-01 -2.748933915638217956e-02 4.197147999999999990e-01 -9.798447140467420047e-01 1.250595738885278141e-02 1.993688475776655977e-01 -8.383635999999999866e-01
1.337442193957449066e-01 3.388964849696166071e-02 9.904362551436488582e-01 1.749489499999999920e+00 1.047221506172505562e-02 9.993109842116499886e-01 -3.560743666208526781e-02 4.153883999999999910e-01 -9.909605524388566122e-01 1.513435028984790737e-02 1.332971678295542528e-01 -8.204350000000000254e-01
7.989018355132716798e-02 3.539704662332997936e-02 9.961749884746560202e-01 1.867595300000000069e+00 1.986591074175926563e-02 9.991142731449186298e-01 -3.709467331708528326e-02 4.105327999999999755e-01 -9.966056914158858415e-01 2.275342366428904223e-02 7.911622810155738428e-02 -8.105655999999999972e-01
3.830802451151334165e-02 3.020254538442100969e-02 9.988094420410369434e-01 1.987782099999999996e+00 2.111772401501931309e-02 9.992954295980704948e-01 -3.102718351435217181e-02 4.058852000000000015e-01 -9.990428103892501355e-01 2.228117224720907452e-02 3.764322479330683979e-02 -8.039030000000000342e-01
7.357600499695068907e-03 3.743922670742699799e-02 9.992718198860791601e-01 2.108236300000000174e+00 2.595717511814675180e-02 9.989549915669188040e-01 -3.761847795197024308e-02 4.007853000000000110e-01 -9.996359791317900312e-01 2.621505535158933850e-02 6.378095181192922070e-03 -8.024578999999999462e-01
-1.354406016283057380e-02 4.559420986915233703e-02 9.988682227705081296e-01 2.229129599999999822e+00 3.536248073301132694e-02 9.983567815505955956e-01 -4.509137044206740913e-02 3.949961000000000166e-01 -9.992827694855510590e-01 3.471173804844752270e-02 -1.513412868132590905e-02 -8.038796000000000275e-01
-1.912898337710325358e-02 5.072949790554051597e-02 9.985292184193761411e-01 2.290086000000000066e+00 3.956701389660502444e-02 9.979680098613098460e-01 -4.994299455141339855e-02 3.916292000000000106e-01 -9.990337999318463780e-01 3.855346074878886892e-02 -2.109732822011411990e-02 -8.055584000000000078e-01
-2.498377251524060150e-02 5.911653480090283547e-02 9.979383981108453927e-01 2.411846900000000016e+00 4.354059759062370999e-02 9.973670691964006130e-01 -5.799263439466680742e-02 3.841871000000000036e-01 -9.987392189517532159e-01 4.200195942710008984e-02 -2.749196122371333484e-02 -8.093911000000000300e-01
-2.983600447477782400e-02 6.538189757105070110e-02 9.974141668870508681e-01 2.534184499999999840e+00 4.551053713474149942e-02 9.969124202458822248e-01 -6.398763450233826977e-02 3.756874000000000047e-01 -9.985182040637459178e-01 4.348371913148818546e-02 -3.271944870876486444e-02 -8.135649999999999826e-01
-3.425434224214252837e-02 7.045406268018319929e-02 9.969267099889616013e-01 2.658882600000000096e+00 4.974912506706446330e-02 9.963956799939455156e-01 -6.870715715603732676e-02 3.670773999999999981e-01 -9.981741654604270320e-01 4.724271310223037562e-02 -3.763590660686422229e-02 -8.176373999999999587e-01
-3.839341665150015903e-02 6.871207524194603011e-02 9.968974853382714940e-01 2.785084700000000080e+00 4.898365145084841721e-02 9.965631061385494815e-01 -6.680252520697027574e-02 3.575855000000000006e-01 -9.980613946287903993e-01 4.626690177039361612e-02 -4.162723089760644868e-02 -8.226601000000000052e-01
-4.072299490895719964e-02 6.997973192856468683e-02 9.967168478584331748e-01 2.848076799999999853e+00 4.889186878079318510e-02 9.964889301352229944e-01 -6.796614808182435685e-02 3.527092000000000005e-01 -9.979735581931850064e-01 4.596356423478275416e-02 -4.400145349949535767e-02 -8.249655999999999656e-01
-4.562362671549669013e-02 7.472510124376863239e-02 9.961599489687554820e-01 2.973248200000000008e+00 4.595419283350286183e-02 9.962996358733101632e-01 -7.263090058460537624e-02 3.437274000000000163e-01 -9.979011458287571079e-01 4.246404129164017827e-02 -4.888873439592833492e-02 -8.306428999999999618e-01
-5.054106353806319535e-02 8.290911213692500614e-02 9.952746756655211913e-01 3.099441800000000136e+00 4.072214252275056789e-02 9.958906109853404853e-01 -8.089250929228183895e-02 3.336538000000000004e-01 -9.978914309707235253e-01 3.644132373984110274e-02 -5.370960732764529233e-02 -8.360646000000000466e-01
-5.586744355946791224e-02 8.369045919220469143e-02 9.949244874815007522e-01 3.226477599999999946e+00 3.686150670033880999e-02 9.959743390119401019e-01 -8.170890620678908367e-02 3.225508000000000264e-01 -9.977575146667200245e-01 3.210954795581684451e-02 -5.872749659369580488e-02 -8.428995000000000237e-01
-6.100492585234070647e-02 7.754377278348888181e-02 9.951207777572795843e-01 3.353283199999999908e+00 3.414177613010971335e-02 9.965563861396375955e-01 -7.556261222977186942e-02 3.111607000000000123e-01 -9.975533760879323752e-01 2.936549926032330435e-02 -6.344233057478321225e-02 -8.507934999999999803e-01
-6.393221668457207962e-02 8.144671585083174126e-02 9.946251073378911123e-01 3.483544600000000102e+00 3.491516306267487824e-02 9.962364103616457855e-01 -7.933439391619050152e-02 3.014136000000000037e-01 -9.973432724283572970e-01 2.965547414654389966e-02 -6.653532742115220167e-02 -8.589385000000000492e-01
-6.512477727466542410e-02 8.447431478474329292e-02 9.942951541300868445e-01 3.611327199999999849e+00 3.453749850004506072e-02 9.960042298059469390e-01 -8.235736400603056728e-02 2.899733999999999923e-01 -9.972792610810095049e-01 2.897696240654864738e-02 -6.778208515090733410e-02 -8.671902999999999695e-01
-6.437204720282609094e-02 8.319436318894750382e-02 9.944520790226658580e-01 3.742224900000000076e+00 2.765170019498445000e-02 9.962849558763504643e-01 -8.155777198271924044e-02 2.788898000000000210e-01 -9.975427925734532408e-01 2.224824999958480848e-02 -6.643336779595132580e-02 -8.764619999999999633e-01
-6.505815947970534918e-02 8.503526952239416625e-02 9.942516979227983276e-01 3.872606999999999911e+00 2.010759243895281212e-02 9.962719317914329187e-01 -8.389232772354907053e-02 2.677409000000000039e-01 -9.976788664752914704e-01 1.453412748740610938e-02 -6.652547276613396399e-02 -8.835182000000000313e-01
-6.547267440363681301e-02 7.885115889289730229e-02 9.947340466917188317e-01 4.005494099999999946e+00 1.699562942205469843e-02 9.968164895657072311e-01 -7.789759117231159768e-02 2.554173000000000138e-01 -9.977096158136312676e-01 1.180596760742094048e-02 -6.660436653755497094e-02 -8.920112999999999515e-01
-6.529424903011703252e-02 6.413295334053820129e-02 9.958030052873977356e-01 4.140423300000000140e+00 2.611765343378429777e-02 9.977004994458418263e-01 -6.254263813296026542e-02 2.448768000000000056e-01 -9.975241998180822689e-01 2.192436319116311885e-02 -6.681910711732219621e-02 -9.015594999999999581e-01
-6.301687025414948184e-02 7.143643041408090366e-02 9.954525154285693844e-01 4.274450800000000328e+00 3.979908933699025098e-02 9.968214159612747149e-01 -6.901519520298063370e-02 2.356940999999999897e-01 -9.972185851413510882e-01 3.526898199060226474e-02 -6.565967071215494943e-02 -9.116665000000000463e-01
-6.179770774404063499e-02 7.718628458389922842e-02 9.950996536979177520e-01 4.341324300000000136e+00 4.334404423736991363e-02 9.962722016273359849e-01 -7.458548178948577745e-02 2.307987999999999984e-01 -9.971470990514545996e-01 3.852243160489891849e-02 -6.491290408320082861e-02 -9.165318999999999550e-01
-6.101349534427636528e-02 8.140543169028664761e-02 9.948117958072231204e-01 4.408457799999999871e+00 4.429887608259978904e-02 9.959074308038360357e-01 -7.877816225021400109e-02 2.254227000000000036e-01 -9.971534300014679442e-01 3.926251343228865515e-02 -6.436996252357862769e-02 -9.209553999999999796e-01
-6.090254189235645710e-02 7.876336043112221186e-02 9.950312625463818561e-01 4.476224900000000062e+00 4.145404987133387287e-02 9.962212479282321898e-01 -7.632029170267108642e-02 2.200548999999999977e-01 -9.972825287451468901e-01 3.659997581847523884e-02 -6.393746655735033091e-02 -9.251829999999999776e-01
-6.090022535725666403e-02 7.439640222512083900e-02 9.953674386312792999e-01 4.544049300000000180e+00 4.032170897987704533e-02 9.965877760217727310e-01 -7.202058364744810814e-02 2.147044999999999926e-01 -9.973290942995584052e-01 3.574884641404531271e-02 -6.369221022768434270e-02 -9.288756999999999708e-01
-6.101415135162815279e-02 7.262704518827120537e-02 9.954911278570296451e-01 4.612224099999999716e+00 3.804095516206169869e-02 9.967938892181964494e-01 -7.039054018559547099e-02 2.095451999999999870e-01 -9.974117299617034638e-01 3.357461428643269963e-02 -6.358133539269716916e-02 -9.327216000000000395e-01
-6.048906815148795413e-02 7.358478769290299759e-02 9.954528374837025018e-01 4.680662599999999784e+00 3.616972239560437008e-02 9.967856252988115395e-01 -7.148544173104283417e-02 2.045392000000000043e-01 -9.975133201195808264e-01 3.168116503299393816e-02 -6.295617496451511030e-02 -9.371106999999999632e-01
-6.042723647410102455e-02 7.858968603311913825e-02 9.950739722961902123e-01 4.748535600000000301e+00 3.719415023370185869e-02 9.963806527601289931e-01 -7.643422004372218970e-02 1.992080999999999991e-01 -9.974793954165149801e-01 3.239222212993550509e-02 -6.313160591169075797e-02 -9.410908999999999525e-01
-5.969038233304550800e-02 8.159616197035332585e-02 9.948764368546690884e-01 4.816880199999999945e+00 3.597067121393175693e-02 9.961820568983545954e-01 -7.954508360786752275e-02 1.940296999999999994e-01 -9.975686287516031259e-01 3.103829675531955684e-02 -6.239755656413681351e-02 -9.452068999999999610e-01
-5.931147652473024029e-02 8.036249766384706561e-02 9.949995063926835304e-01 4.885386900000000310e+00 3.615813488146875365e-02 9.962731223527484525e-01 -7.830999271739841339e-02 1.886136999999999952e-01 -9.975844515800902368e-01 3.133264506443170228e-02 -6.199618793858585608e-02 -9.493515000000000148e-01
-5.851857846359773824e-02 7.383458606803477986e-02 9.955521231330695109e-01 4.954953699999999905e+00 3.830660158996324754e-02 9.966927167524726183e-01 -7.166751458787366802e-02 1.833859999999999935e-01 -9.975510915483116747e-01 3.394233746719901856e-02 -6.115339302144406908e-02 -9.538147000000000153e-01
-5.909046074984110331e-02 7.218113478742384237e-02 9.956395940445371684e-01 5.024045899999999953e+00 3.719403427502307458e-02 9.968490392661251143e-01 -7.006137829468972456e-02 1.778496999999999995e-01 -9.975594825686934231e-01 3.289189406226043777e-02 -6.158897662956530628e-02 -9.574945999999999735e-01
-5.868619920043934013e-02 7.559490824255761521e-02 9.954101365121843514e-01 5.093625499999999917e+00 3.487536325281311023e-02 9.966752822327825667e-01 -7.363484789274389597e-02 1.728955000000000075e-01 -9.976670983155606631e-01 3.039394074486709632e-02 -6.112748403628942562e-02 -9.610857000000000427e-01
-5.870331825210670096e-02 7.833408507323678938e-02 9.951973128691270487e-01 5.234080800000000089e+00 3.307025247579900573e-02 9.965219506427954732e-01 -7.648764794569581915e-02 1.619881999999999989e-01 -9.977275574160408000e-01 2.842134766010749949e-02 -6.108967318462688034e-02 -9.689094999999999791e-01
-5.810402295281009988e-02 7.493642505111099139e-02 9.954940756816479386e-01 5.304935000000000400e+00 3.265979187227595337e-02 9.967876903961014889e-01 -7.312754795332108981e-02 1.564261000000000124e-01 -9.977761575180872367e-01 2.826362459708385566e-02 -6.036478288767532785e-02 -9.732355000000000311e-01
-5.654779589447091193e-02 7.423458492640112871e-02 9.956362655007510165e-01 5.446609500000000104e+00 3.418604776755854169e-02 9.967911434974308094e-01 -7.237907420738844133e-02 1.455715999999999954e-01 -9.978144421271478715e-01 2.994399181621209757e-02 -5.890412919820775528e-02 -9.810067000000000093e-01
-5.546946158427795703e-02 7.425433819341734076e-02 9.956954514765081754e-01 5.518162300000000187e+00 3.702096101116943844e-02 9.966980350832369551e-01 -7.226669569742505406e-02 1.399117000000000000e-01 -9.977738156903894762e-01 3.285300778729952770e-02 -5.803527032734356883e-02 -9.851891999999999872e-01
-5.318267945211640341e-02 7.441610371244894440e-02 9.958081372004103926e-01 5.661539099999999713e+00 3.778052213507604451e-02 9.966553745708522927e-01 -7.246168978318839882e-02 1.290535999999999905e-01 -9.978698486042627547e-01 3.376844454949094743e-02 -5.581628256354498330e-02 -9.928232999999999642e-01
-5.196709817743376536e-02 7.262642027888437102e-02 9.960044296008385700e-01 5.733892400000000222e+00 3.777618674575884683e-02 9.967812013373051894e-01 -7.071206668955679064e-02 1.235725000000000018e-01 -9.979340561489855599e-01 3.395054842021887065e-02 -5.454337576644718855e-02 -9.965817999999999621e-01
-4.985816513384465354e-02 7.115959693450096823e-02 9.962180861305448554e-01 5.878745999999999583e+00 3.735703400314391992e-02 9.968935066089368302e-01 -6.933821811544793601e-02 1.127722000000000030e-01 -9.980574208831746175e-01 3.375867658923917963e-02 -5.236159255569805548e-02 -1.003479199999999905e+00
-4.798978597611120583e-02 7.198003752852991100e-02 9.962508994421829245e-01 5.951298699999999720e+00 3.527629659904562426e-02 9.968999963669965547e-01 -7.032766270635207317e-02 1.072469999999999951e-01 -9.982247058354262181e-01 3.176903273431044838e-02 -5.038020661830500124e-02 -1.007170600000000027e+00
-4.660990341883017307e-02 7.487588215038901152e-02 9.961029661513354228e-01 6.024055500000000229e+00 3.542307816104449392e-02 9.966834433850593200e-01 -7.326199025209262361e-02 1.018746999999999986e-01 -9.982848904180028349e-01 3.187029893650570461e-02 -4.910765326111510287e-02 -1.010575100000000059e+00
-4.509928572756952830e-02 7.396117298330949497e-02 9.962408339943689128e-01 6.097523699999999991e+00 3.332518640465990944e-02 9.968118747292298298e-01 -7.249495396158950333e-02 9.644469999999999432e-02 -9.984265052461085421e-01 2.993044085427546200e-02 -4.742027343142385387e-02 -1.014219399999999993e+00
-4.511506004335046754e-02 7.281241271602299781e-02 9.963247381811596304e-01 6.170612799999999787e+00 2.959180312503415303e-02 9.969999786432669486e-01 -7.152179928619405158e-02 9.051789999999999836e-02 -9.985434174561934606e-01 2.625633523165296981e-02 -4.713436448186136829e-02 -1.016678699999999935e+00
-4.437092906273451542e-02 7.402417354751203438e-02 9.962688604913423340e-01 6.244431500000000135e+00 2.718148169789126253e-02 9.969712860033038693e-01 -7.286578029243596932e-02 8.477719999999999700e-02 -9.986452762151418749e-01 2.384694142916793727e-02 -4.624862892731906872e-02 -1.020488999999999979e+00
-4.501022793485533885e-02 7.340012938778425755e-02 9.962863546125225733e-01 6.318579699999999910e+00 2.453104251785925838e-02 9.970775710186494667e-01 -7.235015773678052375e-02 7.913219999999999976e-02 -9.986852894351850862e-01 2.118344583410757681e-02 -4.667927043510944340e-02 -1.023554800000000098e+00
-4.753944225968295689e-02 6.977196517761666272e-02 9.964295631427700917e-01 6.466136900000000409e+00 1.938904832046815102e-02 9.974339466395002463e-01 -6.891724672661436735e-02 6.784419999999999340e-02 -9.986811634525128989e-01 1.604353347626192444e-02 -4.877026551835905721e-02 -1.029943599999999959e+00
-4.867442988751055633e-02 6.909053806711788759e-02 9.964222485596766488e-01 6.541478200000000243e+00 1.783612295797703737e-02 9.975057640915721002e-01 -6.829438719189702411e-02 6.252870000000000650e-02 -9.986554323654149856e-01 1.444811938229186021e-02 -4.978533170886079162e-02 -1.033645900000000006e+00
-5.297875479445849495e-02 6.827004153498281158e-02 9.962592298037896699e-01 6.690253300000000181e+00 1.712425992955206311e-02 9.975757151847445270e-01 -6.744962709689794611e-02 5.173130000000000089e-02 -9.984488025243426490e-01 1.348680475343120438e-02 -5.401939314032555561e-02 -1.040489900000000079e+00
-5.564757308551961101e-02 6.368670906568887902e-02 9.964172573265045463e-01 6.766194800000000065e+00 1.488764514343400222e-02 9.979056094721889814e-01 -6.295039798144534682e-02 4.626040000000000013e-02 -9.983394741428260888e-01 1.133126966943573052e-02 -5.647917046047667977e-02 -1.044955300000000031e+00
-6.527161930079959651e-02 6.950478134819332299e-02 9.954439718455238006e-01 6.914611299999999794e+00 9.450040535400879710e-03 9.975695790468370738e-01 -6.903355484252199359e-02 3.544479999999999853e-02 -9.978227860936687010e-01 4.901053973998703572e-03 -6.576980479074867603e-02 -1.053518699999999919e+00
-8.150878737092696891e-02 6.878601094214613354e-02 9.942961340968735628e-01 7.062684100000000242e+00 1.249791756573606291e-02 9.976076805033597950e-01 -6.799057182600057314e-02 2.442060000000000064e-02 -9.965942602874257039e-01 6.884802057679564879e-03 -8.217347420418275039e-02 -1.064886999999999917e+00
-1.054081305817233666e-01 6.744668031062930891e-02 9.921391390940796917e-01 7.210795899999999925e+00 1.528789842830336615e-02 9.976892670690588050e-01 -6.619974725669407201e-02 1.322480000000000010e-02 -9.943115237031661113e-01 8.189730781903933193e-03 -1.061956785411143356e-01 -1.079016100000000034e+00
-1.343534448896670230e-01 6.560654899925476291e-02 9.887592895010837157e-01 7.358556700000000284e+00 1.912343993377584039e-02 9.977917603585563233e-01 -6.360736597024302386e-02 2.310700000000000167e-03 -9.907489318144020451e-01 1.036261014327694366e-02 -1.353113831857467586e-01 -1.097278100000000034e+00
-1.495383590665901319e-01 6.849097088488213803e-02 9.863808929997162078e-01 7.431540499999999660e+00 2.317074804339678759e-02 9.975667429357131244e-01 -6.575492242974777246e-02 -2.246000000000000166e-03 -9.884843932014206747e-01 1.302229994582174491e-02 -1.507614808276307450e-01 -1.108578199999999958e+00
-1.802618342561667641e-01 7.599787027229620850e-02 9.806783340243007130e-01 7.574466199999999816e+00 2.314052394764962856e-02 9.970624198548601047e-01 -7.301401964416709411e-02 -1.305210000000000051e-02 -9.833464228144784824e-01 9.531769365957135087e-03 -1.814909312079358017e-01 -1.132977600000000029e+00
-1.962139416849030260e-01 7.383892084749878182e-02 9.777770210311502730e-01 7.644596100000000227e+00 1.957970976256923415e-02 9.972569417327549202e-01 -7.138085969954491294e-02 -1.905499999999999902e-02 -9.803656073394697579e-01 5.138670441794737642e-03 -1.971214600493909064e-01 -1.147020699999999893e+00
-2.280667219965736847e-01 6.474124862839354677e-02 9.714906798543020416e-01 7.786785100000000348e+00 9.988308835797567869e-03 9.978899154334082144e-01 -6.415567288171872273e-02 -3.012950000000000003e-02 -9.735942707331110002e-01 -4.928225070134358010e-03 -2.282321375120510698e-01 -1.177576200000000073e+00
-2.438542725505145614e-01 6.686100659701919857e-02 9.675043666855941416e-01 7.858079400000000270e+00 8.359269793387771180e-03 9.977285023651477625e-01 -6.684278702089406499e-02 -3.470720000000000055e-02 -9.697758588289256965e-01 -8.212269176823449451e-03 -2.438592673399694322e-01 -1.193907899999999911e+00
-2.725660177746160873e-01 7.100886368832709516e-02 9.595131615731906649e-01 7.995996500000000395e+00 9.949553805013035268e-03 9.974275193453228106e-01 -7.098837955409942335e-02 -4.582250000000000212e-02 -9.620856366943477678e-01 -9.802292095643240499e-03 -2.725713534766682766e-01 -1.230734800000000018e+00
-3.012566370780618841e-01 6.829021616299044140e-02 9.510945720551818860e-01 8.131474499999999495e+00 1.105814620417968491e-02 9.976153135691624430e-01 -6.812784698512557024e-02 -5.737269999999999870e-02 -9.534789751320918993e-01 -1.000662324231977110e-02 -3.012933976580675077e-01 -1.271468899999999902e+00
-3.314097889167025857e-01 6.906375996895841585e-02 9.409557635027997469e-01 8.267331099999999822e+00 9.762172797002276192e-03 9.975148636990085471e-01 -6.977676319398870564e-02 -6.774380000000000679e-02 -9.434364058019323318e-01 -1.393892960376099527e-02 -3.312604027785893690e-01 -1.316590699999999892e+00
-3.615962765417955471e-01 7.241021060341097659e-02 9.295186357418980805e-01 8.399759299999999484e+00 1.132423034958672872e-02 9.972470379691175113e-01 -7.328101438169917770e-02 -7.956119999999999859e-02 -9.322659999153135590e-01 -1.597205879625332101e-02 -3.614208056265026947e-01 -1.366166100000000050e+00
-3.914448537089250668e-01 7.850020411081640170e-02 9.168471216398941248e-01 8.534390399999999488e+00 1.321354809747057185e-02 9.967314420648061279e-01 -7.969839738719855515e-02 -9.116739999999999566e-02 -9.201066941672984001e-01 -1.908272396625150871e-02 -3.912026597488235113e-01 -1.421413299999999991e+00
-4.069237741195601554e-01 8.090464762747306970e-02 9.098722328154472683e-01 8.600281700000000029e+00 1.470149354963642269e-02 9.965210623603304452e-01 -8.203437303745581000e-02 -9.723439999999999861e-02 -9.133438061013513520e-01 -2.000525592220381982e-02 -4.066975308405300638e-01 -1.450491699999999939e+00
-4.394798340046083829e-01 7.392249255424129806e-02 8.952055298074568235e-01 8.732745200000000096e+00 9.868965908239685225e-03 9.969451527126894641e-01 -7.747880997133521630e-02 -1.096543999999999991e-01 -8.981982403763566492e-01 -2.521562169053958094e-02 -4.388668287847415916e-01 -1.511748099999999928e+00
-4.561929762411056077e-01 7.378441754604639358e-02 8.868166823846249658e-01 8.799102800000000002e+00 8.789461872510132001e-03 9.968816203555098676e-01 -7.842053530399153982e-02 -1.155116999999999949e-01 -8.898374648149368626e-01 -2.798025598102299796e-02 -4.554189186748424101e-01 -1.544697599999999893e+00
-4.891148891731482706e-01 7.251029714476968369e-02 8.692001392067969512e-01 8.930023200000000827e+00 7.568427726358323282e-03 9.968537650189508437e-01 -7.890050740833740028e-02 -1.275500999999999996e-01 -8.721865305603433427e-01 -3.201293450340691321e-02 -4.881248077424367171e-01 -1.615105900000000094e+00
-5.212372236323709052e-01 7.170552788319037307e-02 8.503940698117614660e-01 9.057660099999999659e+00 5.939301083414172400e-03 9.967445460011609137e-01 -8.040543961437082721e-02 -1.399511999999999978e-01 -8.533911655288320963e-01 -3.685956168937291194e-02 -5.199662405477964988e-01 -1.690368400000000104e+00
-5.528176509968221186e-01 6.595629793203984514e-02 8.306879146282650783e-01 9.185680400000000745e+00 6.072612524279014101e-03 9.971550731327275541e-01 -7.513243975004825492e-02 -1.520656999999999981e-01 -8.332801258421358437e-01 -3.649009302214310801e-02 -5.516454522496759827e-01 -1.771856700000000062e+00
-5.841777819141177330e-01 6.252131668736599091e-02 8.092140656696350520e-01 9.310236899999999594e+00 5.543943242421196793e-03 9.973127287446069689e-01 -7.305193890179011162e-02 -1.637282999999999933e-01 -8.116067913782062382e-01 -3.818908278113201937e-02 -5.829545523838968180e-01 -1.857159100000000063e+00
-6.159029926250649822e-01 6.419140247226987062e-02 7.852025009665541955e-01 9.431403200000000098e+00 2.268176024508381655e-03 9.968153615593968730e-01 -7.971192091983840544e-02 -1.739851000000000036e-01 -7.878187348959215797e-01 -4.731383315534466727e-02 -6.140871616791359067e-01 -1.947213400000000094e+00
-6.497080586244506906e-01 5.329837552393865141e-02 7.583130763246515027e-01 9.548966399999999410e+00 -3.257744629864962188e-03 9.973347172422465379e-01 -7.288929196565588353e-02 -1.871114999999999862e-01 -7.601768384122040700e-01 -4.982715072967006109e-02 -6.478027704415818544e-01 -2.042166499999999996e+00
-6.856674621642091516e-01 4.846421669544243721e-02 7.262997666455567325e-01 9.661127999999999716e+00 -6.216318885841162767e-03 9.973548799273668219e-01 -7.241961657297857347e-02 -1.983743000000000034e-01 -7.278883765446474419e-01 -5.417068566268012225e-02 -6.835525203713557207e-01 -2.142358999999999902e+00
-7.216853277444724712e-01 4.255712073905540405e-02 6.909118461806497136e-01 9.769503600000000176e+00 -9.783767892702924240e-03 9.973815741684743941e-01 -7.165384424465896795e-02 -2.101070999999999911e-01 -6.921521260562405464e-01 -5.847124920520847119e-02 -7.193792792485805832e-01 -2.249380799999999958e+00
-7.548610717027738337e-01 4.376689552205222100e-02 6.544228153755804467e-01 9.872720700000000349e+00 -4.873650907703946933e-03 9.973692596881442718e-01 -7.232432063941501843e-02 -2.224999000000000005e-01 -6.558666098793024535e-01 -5.778424253622124751e-02 -7.526619236815063063e-01 -2.362913600000000169e+00
-7.856226094086187217e-01 4.616855576754134993e-02 6.169810208137138652e-01 9.970127099999999132e+00 4.402926979616070269e-04 9.972534215086679144e-01 -7.406361746225451070e-02 -2.347974999999999923e-01 -6.187058442655388735e-01 -5.791440017469295237e-02 -7.834851629252927996e-01 -2.483817300000000117e+00
-8.148539293922817395e-01 4.911600046166875871e-02 5.775817623961199132e-01 1.006165599999999927e+01 4.494008926435942575e-03 9.969091544256448723e-01 -7.843431459581316767e-02 -2.464422000000000001e-01 -5.796489261938881921e-01 -6.131685185163398416e-02 -8.125560694753792834e-01 -2.603599500000000067e+00
-8.391627825917514771e-01 4.946687901478091787e-02 5.416261184557165098e-01 1.014801029999999926e+01 8.781300196156222038e-03 9.969577791162220759e-01 -7.744724285934988239e-02 -2.579457000000000000e-01 -5.438094455595028354e-01 -6.023466228167269343e-02 -8.370442475640574864e-01 -2.730138300000000129e+00
-8.684798638519315439e-01 4.790644814006202179e-02 4.934041936489140801e-01 1.026758670000000073e+01 8.597781640604758996e-03 9.966254182965016417e-01 -8.163243078693395438e-02 -2.775251000000000245e-01 -4.956498806966385118e-01 -6.665394085818655834e-02 -8.659609967738052250e-01 -2.927539799999999914e+00
-8.765864546809030156e-01 4.556225053486598342e-02 4.790827369005934422e-01 1.030536170000000062e+01 7.259922234981872752e-03 9.966468521575931883e-01 -8.150058658379435994e-02 -2.849359000000000197e-01 -4.811896517996901990e-01 -6.796420683388168515e-02 -8.739779090974405529e-01 -2.994981800000000138e+00
-8.839911517103626881e-01 4.349586555163089535e-02 4.654758354390709507e-01 1.034166910000000073e+01 6.585297885223259651e-03 9.967222366612980000e-01 -8.063136360413518389e-02 -2.915957000000000132e-01 -4.674572467611872173e-01 -6.821211494165703437e-02 -8.813800711529826692e-01 -3.062111100000000086e+00
-8.909894477594896278e-01 4.074282634463812641e-02 4.521922446069716051e-01 1.037747380000000064e+01 5.059378896746569154e-03 9.967946133136091902e-01 -7.984298061915992561e-02 -2.981602999999999892e-01 -4.539958223006239635e-01 -6.885144130969991783e-02 -8.883396154417285695e-01 -3.130786699999999811e+00
-8.974682567399390187e-01 3.571996768464552607e-02 4.396303129366554985e-01 1.041287140000000022e+01 2.506127440830740322e-03 9.971123354567583696e-01 -7.589933995246168907e-02 -3.050284999999999802e-01 -4.410719300402419774e-01 -6.701547872377629222e-02 -8.949661882674662117e-01 -3.200501399999999830e+00
-9.032370860189699036e-01 3.275917060524712043e-02 4.278897091321745005e-01 1.044692129999999963e+01 1.754406333075126528e-03 9.973556628231481369e-01 -7.265400121822007673e-02 -3.114086999999999827e-01 -4.291383092877855132e-01 -6.487309593240461747e-02 -9.009060955092748069e-01 -3.270317299999999872e+00
-9.081093032019227351e-01 3.253737358401145169e-02 4.174671397348196922e-01 1.047985270000000035e+01 3.769480467503442608e-03 9.975712766940387777e-01 -6.955098081285852885e-02 -3.170989000000000169e-01 -4.187162338089151503e-01 -6.158625849392036777e-02 -9.060264059670648518e-01 -3.340845299999999796e+00
-9.118559092213773809e-01 3.699127273290448575e-02 4.088403680651592209e-01 1.051225759999999987e+01 8.481352594539160253e-03 9.974168236466834925e-01 -7.132844148534144002e-02 -3.231248999999999927e-01 -4.104227911266893347e-01 -6.157374154751805995e-02 -9.098141606260133907e-01 -3.411068199999999884e+00
-9.142791167451500556e-01 4.162099900753897519e-02 4.029409251060539487e-01 1.054337980000000030e+01 1.345005359785795586e-02 9.972781877190974864e-01 -7.249353321453783083e-02 -3.296088999999999825e-01 -4.048614488215973584e-01 -6.085974647767595364e-02 -9.123504252844683027e-01 -3.482615200000000133e+00
-9.163181429444254844e-01 4.516892645747489637e-02 3.978955000921197693e-01 1.057426929999999921e+01 1.679775386853154390e-02 9.970792096448012343e-01 -7.450426269060478335e-02 -3.360703999999999914e-01 -4.000986083153140194e-01 -6.158585695415494388e-02 -9.144005062593583144e-01 -3.553441799999999873e+00
-9.185259513358801087e-01 4.218409798743472799e-02 3.931037758652327074e-01 1.060547350000000044e+01 1.424401097826813976e-02 9.971768928958895106e-01 -7.372484266345266657e-02 -3.418243999999999727e-01 -3.951040177899581840e-01 -6.211880674551290005e-02 -9.165337249521952057e-01 -3.624184599999999978e+00
-9.207742943519802159e-01 3.437951600746473602e-02 3.885778528682584110e-01 1.063669299999999929e+01 7.876065370106950098e-03 9.975442482029436286e-01 -6.959483078153121116e-02 -3.482304999999999984e-01 -3.900162387066713476e-01 -6.102066663284365367e-02 -9.187838765394094054e-01 -3.694953899999999791e+00
-9.249945259008346410e-01 2.168732901946899064e-02 3.793610243732100651e-01 1.069817540000000022e+01 -5.022201855251585273e-03 9.975849182409298743e-01 -6.927559733962943000e-02 -3.598389000000000171e-01 -3.799472391556689699e-01 -6.598477595808494023e-02 -9.226516703500546868e-01 -3.837173899999999804e+00
-9.274473499659923181e-01 2.004633870873832879e-02 3.734160646590239940e-01 1.075727559999999983e+01 -8.146067329246494543e-03 9.972421696152174997e-01 -7.376785701239448045e-02 -3.719806999999999975e-01 -3.738650219372297023e-01 -7.145767590335018460e-02 -9.247263086591438475e-01 -3.979266899999999829e+00
-9.276659749565050461e-01 2.263316515795530184e-02 3.727245346672653503e-01 1.081477929999999965e+01 -7.050984620970685186e-03 9.969217164203618697e-01 -7.808568976038091081e-02 -3.840907000000000071e-01 -3.733445091652904391e-01 -7.506551248351228667e-02 -9.246507699189547846e-01 -4.120971700000000126e+00
-9.272461100496481867e-01 2.338150963358993917e-02 3.737217633548379769e-01 1.084372620000000076e+01 -6.788344514941863431e-03 9.968349504547555640e-01 -7.920858495523984411e-02 -3.908418000000000170e-01 -3.743909317498778089e-01 -7.598280436466746390e-02 -9.241526084280337061e-01 -4.191178800000000315e+00
-9.262004914940981104e-01 2.509177165170890442e-02 3.761954977820312074e-01 1.090287209999999973e+01 -5.676313889824848025e-03 9.967419467498701557e-01 -8.045664080673056717e-02 -4.041816999999999771e-01 -3.769886324767842689e-01 -7.665438398850765722e-02 -9.230404522005669632e-01 -4.331782300000000419e+00
-9.238829546077780286e-01 2.267396357594580331e-02 3.820028502000459847e-01 1.096275810000000028e+01 -8.705990074505910378e-03 9.967393561652568845e-01 -8.021758914410197228e-02 -4.182400000000000007e-01 -3.825761256560904489e-01 -7.743737629224033137e-02 -9.206731020459699710e-01 -4.472809299999999766e+00
