9.291719e-01 -2.800214e-02 3.685860e-01 2.445156e+00 2.471863e-02 9.996015e-01 1.362813e-02 -8.131263e-01 -3.688207e-01 -3.551935e-03 9.294937e-01 6.970243e+01
9.041595e-01 -2.861151e-02 4.262360e-01 3.253649e+00 2.944809e-02 9.995556e-01 4.628971e-03 -8.166667e-01 -4.261790e-01 8.366502e-03 9.046001e-01 7.145272e+01
8.900733e-01 -3.066895e-02 4.547845e-01 3.697183e+00 3.353669e-02 9.994359e-01 1.762472e-03 -8.217552e-01 -4.545820e-01 1.368323e-02 8.905997e-01 7.230010e+01
8.569678e-01 -3.122428e-02 5.144232e-01 4.656399e+00 2.991533e-02 9.994937e-01 1.083157e-02 -8.326482e-01 -5.145010e-01 6.106832e-03 8.574680e-01 7.395134e+01
8.375209e-01 -3.135402e-02 5.455050e-01 5.171922e+00 2.716620e-02 9.995070e-01 1.574010e-02 -8.379065e-01 -5.457295e-01 1.636631e-03 8.379597e-01 7.474042e+01
7.946459e-01 -1.916753e-02 6.067706e-01 6.267395e+00 2.143011e-02 9.997641e-01 3.516416e-03 -8.402731e-01 -6.066949e-01 1.020885e-02 7.948692e-01 7.623592e+01
7.722395e-01 -1.642356e-02 6.351193e-01 6.852965e+00 2.055808e-02 9.997883e-01 8.570305e-04 -8.436503e-01 -6.349988e-01 1.239500e-02 7.724136e-01 7.694187e+01
7.247325e-01 -1.953835e-02 6.887533e-01 8.102844e+00 2.116676e-02 9.997574e-01 6.088352e-03 -8.620809e-01 -6.887052e-01 1.016625e-02 7.249702e-01 7.828406e+01
6.733401e-01 -1.581716e-02 7.391637e-01 9.420955e+00 2.290921e-02 9.997374e-01 5.239928e-04 -8.762188e-01 -7.389778e-01 1.658082e-02 6.735256e-01 7.950640e+01
6.186204e-01 -1.239589e-02 7.855922e-01 1.082345e+01 2.120024e-02 9.997748e-01 -9.188054e-04 -8.963087e-01 -7.854039e-01 1.722313e-02 6.187439e-01 8.063432e+01
5.901006e-01 -6.313377e-03 8.073051e-01 1.155404e+01 2.023865e-02 9.997708e-01 -6.974943e-03 -9.103951e-01 -8.070760e-01 2.045467e-02 5.900931e-01 8.116168e+01
5.602449e-01 2.835353e-03 8.283222e-01 1.229823e+01 1.892332e-02 9.996893e-01 -1.622094e-02 -9.440788e-01 -8.281109e-01 2.476230e-02 5.600171e-01 8.167543e+01
5.295973e-01 1.127181e-02 8.481743e-01 1.306621e+01 1.835654e-02 9.995252e-01 -2.474496e-02 -9.899750e-01 -8.480505e-01 2.867440e-02 5.291390e-01 8.217844e+01
4.980180e-01 1.631846e-02 8.670132e-01 1.385636e+01 1.612194e-02 9.994759e-01 -2.807216e-02 -1.044292e+00 -8.670168e-01 2.795836e-02 4.974939e-01 8.266054e+01
4.656619e-01 1.582819e-02 8.848212e-01 1.467086e+01 1.381362e-02 9.995882e-01 -2.515102e-02 -1.091171e+00 -8.848548e-01 2.393445e-02 4.652515e-01 8.310277e+01
4.327521e-01 1.418518e-02 9.014014e-01 1.550495e+01 9.386123e-03 9.997511e-01 -2.023906e-02 -1.141769e+00 -9.014641e-01 1.721915e-02 4.325112e-01 8.352640e+01
3.634390e-01 1.801940e-02 9.314438e-01 1.721884e+01 -1.324542e-03 9.998219e-01 -1.882540e-02 -1.223975e+00 -9.316170e-01 5.608144e-03 3.633981e-01 8.426630e+01
2.915840e-01 1.934555e-02 9.563496e-01 1.900345e+01 -9.648340e-03 9.998041e-01 -1.728287e-02 -1.292921e+00 -9.564965e-01 -4.187781e-03 2.917135e-01 8.487369e+01
2.195925e-01 1.816829e-02 9.754225e-01 2.085317e+01 -9.854782e-03 9.998169e-01 -1.640410e-02 -1.389328e+00 -9.755419e-01 -6.010360e-03 2.197313e-01 8.533947e+01
1.497064e-01 1.548325e-02 9.886093e-01 2.274979e+01 -4.622691e-04 9.998783e-01 -1.558975e-02 -1.487418e+00 -9.887303e-01 1.876878e-03 1.496954e-01 8.565402e+01
8.347086e-02 2.449840e-02 9.962091e-01 2.466336e+01 3.600780e-03 9.996838e-01 -2.488556e-02 -1.578857e+00 -9.965037e-01 5.664345e-03 8.335625e-02 8.583875e+01
2.844833e-02 2.769310e-02 9.992116e-01 2.659670e+01 1.316383e-02 9.995191e-01 -2.807641e-02 -1.686769e+00 -9.995085e-01 1.395218e-02 2.807010e-02 8.590350e+01
-1.322891e-02 2.055410e-02 9.997012e-01 2.856061e+01 1.436558e-02 9.996894e-01 -2.036377e-02 -1.785582e+00 -9.998093e-01 1.409189e-02 -1.352007e-02 8.589204e+01
-4.451169e-02 2.917319e-02 9.985828e-01 3.052056e+01 1.897167e-02 9.994179e-01 -2.835194e-02 -1.910044e+00 -9.988287e-01 1.768279e-02 -4.503924e-02 8.580960e+01
-6.558728e-02 3.696838e-02 9.971618e-01 3.249553e+01 2.936162e-02 9.989522e-01 -3.510353e-02 -2.034292e+00 -9.974147e-01 2.697593e-02 -6.660401e-02 8.566974e+01
-7.497980e-02 4.736707e-02 9.960595e-01 3.447574e+01 3.484801e-02 9.983855e-01 -4.485447e-02 -2.165170e+00 -9.965759e-01 3.134750e-02 -7.650939e-02 8.550585e+01
-8.041092e-02 5.455562e-02 9.952677e-01 3.647409e+01 3.755346e-02 9.979579e-01 -5.166903e-02 -2.302430e+00 -9.960541e-01 3.322099e-02 -8.229546e-02 8.533282e+01
-8.466798e-02 6.126156e-02 9.945242e-01 3.847939e+01 3.950431e-02 9.975298e-01 -5.808354e-02 -2.446547e+00 -9.956258e-01 3.437017e-02 -8.687892e-02 8.515093e+01
-8.870577e-02 6.205828e-02 9.941228e-01 4.050491e+01 4.252210e-02 9.973833e-01 -5.846758e-02 -2.620466e+00 -9.951498e-01 3.708576e-02 -9.111249e-02 8.494335e+01
-9.318044e-02 6.236751e-02 9.936940e-01 4.254154e+01 4.189171e-02 9.973979e-01 -5.867174e-02 -2.782434e+00 -9.947675e-01 3.616047e-02 -9.555066e-02 8.473340e+01
-9.826735e-02 6.680700e-02 9.929151e-01 4.459161e+01 3.932738e-02 9.972254e-01 -6.320485e-02 -2.947049e+00 -9.943826e-01 3.283776e-02 -1.006220e-01 8.451273e+01
-1.030371e-01 7.454546e-02 9.918802e-01 4.665834e+01 3.383043e-02 9.968734e-01 -7.140641e-02 -3.121719e+00 -9.941020e-01 2.619821e-02 -1.052369e-01 8.428026e+01
-1.082516e-01 7.568366e-02 9.912384e-01 4.874265e+01 2.980113e-02 9.968967e-01 -7.286116e-02 -3.300682e+00 -9.936767e-01 2.165268e-02 -1.101712e-01 8.403799e+01
-1.139163e-01 6.959566e-02 9.910497e-01 5.085130e+01 2.627206e-02 9.974055e-01 -6.702216e-02 -3.491219e+00 -9.931429e-01 1.840200e-02 -1.154491e-01 8.378036e+01
-1.177716e-01 7.541683e-02 9.901728e-01 5.402128e+01 2.790440e-02 9.969695e-01 -7.261556e-02 -3.758476e+00 -9.926485e-01 1.907812e-02 -1.195192e-01 8.337012e+01
-1.180776e-01 7.482940e-02 9.901809e-01 5.616217e+01 2.374347e-02 9.970843e-01 -7.251974e-02 -3.946919e+00 -9.927204e-01 1.494737e-02 -1.195100e-01 8.309674e+01
-1.184144e-01 7.536459e-02 9.901001e-01 5.831225e+01 1.629358e-02 9.971287e-01 -7.395092e-02 -4.137484e+00 -9.928305e-01 7.375422e-03 -1.193023e-01 8.283188e+01
-1.187915e-01 7.570440e-02 9.900290e-01 5.939428e+01 1.225761e-02 9.971250e-01 -7.477625e-02 -4.235523e+00 -9.928435e-01 3.252604e-03 -1.193779e-01 8.269832e+01
-1.196761e-01 6.989088e-02 9.903499e-01 6.158947e+01 8.554825e-03 9.975546e-01 -6.936556e-02 -4.427686e+00 -9.927761e-01 1.708706e-04 -1.199813e-01 8.242007e+01
-1.199740e-01 6.147785e-02 9.908717e-01 6.269201e+01 1.156217e-02 9.980996e-01 -6.052637e-02 -4.507440e+00 -9.927097e-01 4.195035e-03 -1.204568e-01 8.227636e+01
-1.191900e-01 5.753560e-02 9.912030e-01 6.490299e+01 2.502529e-02 9.981765e-01 -5.493116e-02 -4.637324e+00 -9.925560e-01 1.825789e-02 -1.204125e-01 8.197173e+01
-1.179477e-01 6.349043e-02 9.909881e-01 6.600675e+01 3.117512e-02 9.976988e-01 -6.020991e-02 -4.698824e+00 -9.925303e-01 2.379254e-02 -1.196556e-01 8.181847e+01
-1.170727e-01 6.916153e-02 9.907122e-01 6.711535e+01 3.455186e-02 9.972519e-01 -6.553508e-02 -4.769758e+00 -9.925221e-01 2.655857e-02 -1.191407e-01 8.167129e+01
-1.163451e-01 7.294952e-02 9.905262e-01 6.822842e+01 3.564820e-02 9.969631e-01 -6.923643e-02 -4.848159e+00 -9.925689e-01 2.725515e-02 -1.185923e-01 8.152737e+01
-1.163709e-01 7.198808e-02 9.905936e-01 6.935294e+01 3.285757e-02 9.971029e-01 -6.860117e-02 -4.927907e+00 -9.926621e-01 2.456532e-02 -1.183991e-01 8.138834e+01
-1.161347e-01 6.691418e-02 9.909769e-01 7.048500e+01 3.072070e-02 9.974927e-01 -6.375393e-02 -5.011017e+00 -9.927582e-01 2.303945e-02 -1.178991e-01 8.124871e+01
-1.159475e-01 6.394350e-02 9.911950e-01 7.162116e+01 2.916131e-02 9.977145e-01 -6.095288e-02 -5.086994e+00 -9.928271e-01 2.183720e-02 -1.175472e-01 8.111025e+01
-1.158279e-01 6.476000e-02 9.911559e-01 7.275311e+01 2.780437e-02 9.976926e-01 -6.193785e-02 -5.162949e+00 -9.928800e-01 2.038433e-02 -1.173612e-01 8.097266e+01
-1.156249e-01 6.921292e-02 9.908787e-01 7.388909e+01 2.803964e-02 9.973992e-01 -6.639647e-02 -5.241054e+00 -9.928971e-01 2.010678e-02 -1.172649e-01 8.083141e+01
-1.149327e-01 7.314930e-02 9.906764e-01 7.502755e+01 2.837532e-02 9.971199e-01 -7.033314e-02 -5.323826e+00 -9.929679e-01 2.002718e-02 -1.166773e-01 8.068962e+01
-1.145607e-01 7.215451e-02 9.907924e-01 7.617779e+01 2.843230e-02 9.971883e-01 -6.933281e-02 -5.409080e+00 -9.930092e-01 2.022768e-02 -1.162901e-01 8.054753e+01
-1.140320e-01 6.411854e-02 9.914059e-01 7.733948e+01 2.957171e-02 9.976920e-01 -6.112375e-02 -5.493650e+00 -9.930368e-01 2.234750e-02 -1.156649e-01 8.040286e+01
-1.142248e-01 6.325840e-02 9.914389e-01 7.849684e+01 2.937545e-02 9.977493e-01 -6.027667e-02 -5.575395e+00 -9.930205e-01 2.223887e-02 -1.158259e-01 8.026070e+01
-1.141173e-01 6.638015e-02 9.912472e-01 7.965385e+01 2.721180e-02 9.975997e-01 -6.367282e-02 -5.653289e+00 -9.930945e-01 1.970744e-02 -1.156497e-01 8.012242e+01
-1.137738e-01 6.906425e-02 9.911033e-01 8.198866e+01 2.583138e-02 9.974492e-01 -6.654116e-02 -5.820181e+00 -9.931708e-01 1.803092e-02 -1.152676e-01 7.984084e+01
-1.133275e-01 6.578657e-02 9.913774e-01 8.314911e+01 2.502350e-02 9.976780e-01 -6.334417e-02 -5.906836e+00 -9.932425e-01 1.762909e-02 -1.147106e-01 7.970180e+01
-1.108700e-01 6.472693e-02 9.917249e-01 8.548133e+01 2.733133e-02 9.976980e-01 -6.206128e-02 -6.073437e+00 -9.934590e-01 2.022442e-02 -1.123838e-01 7.941861e+01
-1.096846e-01 6.518914e-02 9.918265e-01 8.665574e+01 3.006997e-02 9.976079e-01 -6.224375e-02 -6.143337e+00 -9.935115e-01 2.299701e-02 -1.113824e-01 7.927416e+01
-1.071260e-01 6.555051e-02 9.920823e-01 8.903034e+01 3.105347e-02 9.975580e-01 -6.255914e-02 -6.292724e+00 -9.937603e-01 2.410588e-02 -1.089000e-01 7.899178e+01
-1.060845e-01 6.303828e-02 9.923569e-01 9.023925e+01 3.127932e-02 9.977061e-01 -6.003429e-02 -6.375416e+00 -9.938650e-01 2.467154e-02 -1.078129e-01 7.885004e+01
-1.050696e-01 6.244270e-02 9.925026e-01 9.145274e+01 2.995006e-02 9.977727e-01 -5.960367e-02 -6.458889e+00 -9.940137e-01 2.346297e-02 -1.067057e-01 7.871205e+01
-1.021775e-01 6.256298e-02 9.927969e-01 9.388743e+01 2.941137e-02 9.977740e-01 -5.984965e-02 -6.627664e+00 -9.943313e-01 2.308422e-02 -1.037901e-01 7.843781e+01
-1.006056e-01 6.553057e-02 9.927660e-01 9.510911e+01 2.978588e-02 9.975797e-01 -6.282986e-02 -6.713115e+00 -9.944804e-01 2.324936e-02 -1.023140e-01 7.830262e+01
-9.945430e-02 6.530825e-02 9.928966e-01 9.633804e+01 2.801108e-02 9.976321e-01 -6.281398e-02 -6.798660e+00 -9.946477e-01 2.156498e-02 -1.010481e-01 7.817155e+01
-9.903252e-02 6.264174e-02 9.931106e-01 9.756935e+01 2.388010e-02 9.978788e-01 -6.056120e-02 -6.882331e+00 -9.947976e-01 1.771805e-02 -1.003183e-01 7.805765e+01
-9.886702e-02 6.376206e-02 9.930558e-01 9.880208e+01 2.145327e-02 9.978496e-01 -6.193402e-02 -6.966266e+00 -9.948693e-01 1.518106e-02 -1.000223e-01 7.793983e+01
-9.915247e-02 6.387177e-02 9.930203e-01 1.000429e+02 1.887214e-02 9.978790e-01 -6.229993e-02 -7.052411e+00 -9.948932e-01 1.256322e-02 -1.001476e-01 7.782180e+01
-1.015079e-01 5.933445e-02 9.930638e-01 1.025376e+02 1.383515e-02 9.982074e-01 -5.822760e-02 -7.224808e+00 -9.947385e-01 7.828622e-03 -1.021469e-01 7.757772e+01
-1.028405e-01 5.871368e-02 9.929635e-01 1.037849e+02 1.216107e-02 9.982560e-01 -5.776712e-02 -7.308559e+00 -9.946235e-01 6.134700e-03 -1.033751e-01 7.745043e+01
-1.068276e-01 5.728775e-02 9.926258e-01 1.062831e+02 1.215405e-02 9.983394e-01 -5.630947e-02 -7.478364e+00 -9.942032e-01 6.049008e-03 -1.073465e-01 7.718259e+01
-1.098782e-01 5.235797e-02 9.925651e-01 1.075331e+02 8.644135e-03 9.986242e-01 -5.172068e-02 -7.561306e+00 -9.939074e-01 2.896888e-03 -1.101796e-01 7.704728e+01
-1.195938e-01 5.673661e-02 9.912005e-01 1.100019e+02 2.541051e-03 9.983800e-01 -5.684099e-02 -7.722951e+00 -9.928196e-01 -4.279140e-03 -1.195442e-01 7.676378e+01
-1.357632e-01 5.923628e-02 9.889689e-01 1.124618e+02 6.028125e-03 9.982419e-01 -5.896419e-02 -7.896792e+00 -9.907229e-01 -2.043545e-03 -1.358816e-01 7.643702e+01
-1.594597e-01 5.569923e-02 9.856319e-01 1.149114e+02 7.842035e-03 9.984470e-01 -5.515472e-02 -8.061834e+00 -9.871732e-01 -1.065599e-03 -1.596488e-01 7.604901e+01
-1.884259e-01 5.405645e-02 9.805986e-01 1.173410e+02 9.523557e-03 9.985376e-01 -5.321538e-02 -8.223598e+00 -9.820412e-01 -6.883714e-04 -1.886651e-01 7.558130e+01
-2.036572e-01 5.590004e-02 9.774451e-01 1.185414e+02 1.458706e-02 9.984311e-01 -5.406093e-02 -8.306282e+00 -9.789336e-01 3.248151e-03 -2.041530e-01 7.531661e+01
-2.343892e-01 6.389957e-02 9.700405e-01 1.209037e+02 1.493501e-02 9.979563e-01 -6.212977e-02 -8.474808e+00 -9.720281e-01 -7.498799e-05 -2.348645e-01 7.475130e+01
-2.506675e-01 6.208529e-02 9.660804e-01 1.220798e+02 1.136813e-02 9.980613e-01 -6.119089e-02 -8.561332e+00 -9.680065e-01 -4.356038e-03 -2.508873e-01 7.444731e+01
-2.830064e-01 5.113256e-02 9.577541e-01 1.244375e+02 1.087702e-03 9.985943e-01 -5.299155e-02 -8.723087e+00 -9.591174e-01 -1.395520e-02 -2.826642e-01 7.378566e+01
-2.984538e-01 5.237678e-02 9.529859e-01 1.255966e+02 -6.646978e-04 9.984814e-01 -5.508542e-02 -8.799145e+00 -9.544238e-01 -1.707390e-02 -2.979657e-01 7.342718e+01
-3.271078e-01 5.623719e-02 9.433122e-01 1.278828e+02 5.194592e-04 9.982382e-01 -5.933158e-02 -8.954510e+00 -9.449869e-01 -1.891781e-02 -3.265607e-01 7.265186e+01
-3.555538e-01 5.435651e-02 9.330739e-01 1.301383e+02 2.025469e-03 9.983499e-01 -5.738738e-02 -9.118396e+00 -9.346536e-01 -1.851439e-02 -3.550772e-01 7.180658e+01
-3.850383e-01 5.379297e-02 9.213316e-01 1.323546e+02 1.404929e-04 9.983033e-01 -5.822835e-02 -9.279118e+00 -9.229006e-01 -2.229070e-02 -3.843925e-01 7.090448e+01
-4.147639e-01 5.782533e-02 9.080898e-01 1.345288e+02 1.957902e-03 9.980331e-01 -6.265849e-02 -9.441782e+00 -9.099269e-01 -2.421053e-02 -4.140613e-01 6.993130e+01
-4.440749e-01 6.369173e-02 8.937231e-01 1.366762e+02 4.605216e-03 9.976193e-01 -6.880773e-02 -9.614880e+00 -8.959778e-01 -2.644000e-02 -4.433110e-01 6.888030e+01
-4.745463e-01 6.377536e-02 8.779172e-01 1.388096e+02 4.079370e-03 9.975204e-01 -7.025878e-02 -9.795509e+00 -8.802211e-01 -2.975969e-02 -4.736297e-01 6.775361e+01
-5.068055e-01 5.910555e-02 8.600319e-01 1.409268e+02 3.201704e-04 9.976596e-01 -6.837534e-02 -9.978781e+00 -8.620604e-01 -3.437764e-02 -5.056382e-01 6.654673e+01
-5.227946e-01 5.862140e-02 8.504407e-01 1.419671e+02 -9.632887e-04 9.975914e-01 -6.935677e-02 -1.006744e+01 -8.524581e-01 -3.707856e-02 -5.214789e-01 6.591185e+01
-5.543975e-01 5.665967e-02 8.303211e-01 1.440312e+02 -3.289861e-03 9.975229e-01 -7.026585e-02 -1.025440e+01 -8.322455e-01 -4.168685e-02 -5.528378e-01 6.457481e+01
-5.699025e-01 5.633664e-02 8.197789e-01 1.450446e+02 -3.767636e-03 9.974573e-01 -7.116625e-02 -1.034928e+01 -8.217037e-01 -4.364645e-02 -5.682411e-01 6.387549e+01
-6.003517e-01 4.984753e-02 7.981811e-01 1.470512e+02 -4.691967e-03 9.978189e-01 -6.584427e-02 -1.053685e+01 -7.997223e-01 -4.327475e-02 -5.988083e-01 6.240627e+01
-6.300491e-01 4.677825e-02 7.751451e-01 1.490120e+02 -4.430473e-03 9.979512e-01 -6.382526e-02 -1.071697e+01 -7.765426e-01 -4.364730e-02 -6.285510e-01 6.085284e+01
-6.601554e-01 4.807287e-02 7.495892e-01 1.509179e+02 -7.959097e-03 9.974461e-01 -7.097801e-02 -1.090070e+01 -7.510869e-01 -5.282256e-02 -6.580868e-01 5.922635e+01
-6.920178e-01 3.666505e-02 7.209487e-01 1.527818e+02 -1.387299e-02 9.978494e-01 -6.406359e-02 -1.108992e+01 -7.217471e-01 -5.433486e-02 -6.900208e-01 5.750416e+01
-7.087861e-01 3.354619e-02 7.046254e-01 1.536878e+02 -1.554520e-02 9.978833e-01 -6.314479e-02 -1.118205e+01 -7.052521e-01 -5.570968e-02 -7.067643e-01 5.660812e+01
-7.436033e-01 2.726223e-02 6.680651e-01 1.554368e+02 -2.066737e-02 9.977537e-01 -6.372032e-02 -1.136018e+01 -6.683016e-01 -6.118978e-02 -7.413695e-01 5.474664e+01
-7.603254e-01 2.534661e-02 6.490477e-01 1.562981e+02 -2.095143e-02 9.977614e-01 -6.350810e-02 -1.144851e+01 -6.492044e-01 -6.188529e-02 -7.580922e-01 5.377203e+01
-7.763938e-01 2.696189e-02 6.296712e-01 1.571378e+02 -1.901017e-02 9.976281e-01 -6.615727e-02 -1.153501e+01 -6.299614e-01 -6.333424e-02 -7.740396e-01 5.277454e+01
-8.061937e-01 2.802466e-02 5.909876e-01 1.587557e+02 -1.178252e-02 9.979190e-01 -6.339446e-02 -1.172195e+01 -5.915343e-01 -5.807153e-02 -8.041857e-01 5.072638e+01
-8.343732e-01 3.073320e-02 5.503426e-01 1.602798e+02 -9.666920e-03 9.974749e-01 -7.035876e-02 -1.191873e+01 -5.511152e-01 -6.402557e-02 -8.319691e-01 4.863458e+01
-8.473601e-01 3.138936e-02 5.300903e-01 1.610032e+02 -7.512040e-03 9.974429e-01 -7.107187e-02 -1.202126e+01 -5.309656e-01 -6.420551e-02 -8.449574e-01 4.756063e+01
-8.696587e-01 3.033618e-02 4.927205e-01 1.623490e+02 -4.478865e-03 9.975840e-01 -6.932527e-02 -1.223005e+01 -4.936332e-01 -6.249614e-02 -8.674217e-01 4.535334e+01
-8.791217e-01 3.444202e-02 4.753513e-01 1.629730e+02 -4.303311e-04 9.973276e-01 -7.305819e-02 -1.233141e+01 -4.765972e-01 -6.443159e-02 -8.767574e-01 4.422905e+01
-8.963481e-01 2.945246e-02 4.423716e-01 1.641798e+02 -3.886570e-03 9.972306e-01 -7.426928e-02 -1.255286e+01 -4.433339e-01 -6.829043e-02 -8.937513e-01 4.194672e+01
-9.036836e-01 2.714888e-02 4.273395e-01 1.647509e+02 -4.750838e-03 9.972909e-01 -7.340441e-02 -1.266162e+01 -4.281746e-01 -6.836456e-02 -9.011064e-01 4.078883e+01
-9.102455e-01 2.600678e-02 4.132515e-01 1.652989e+02 -4.902027e-03 9.972789e-01 -7.355827e-02 -1.277147e+01 -4.140400e-01 -6.898184e-02 -9.076411e-01 3.962170e+01
-9.164022e-01 2.343048e-02 3.995724e-01 1.658309e+02 -6.282311e-03 9.973202e-01 -7.288999e-02 -1.287876e+01 -4.002094e-01 -6.930677e-02 -9.137991e-01 3.844779e+01
-9.220764e-01 1.853237e-02 3.865639e-01 1.663487e+02 -8.920852e-03 9.975696e-01 -6.910382e-02 -1.298468e+01 -3.869050e-01 -6.716747e-02 -9.196700e-01 3.726247e+01
-9.315300e-01 1.506714e-02 3.633523e-01 1.673354e+02 -8.349529e-03 9.979918e-01 -6.278956e-02 -1.318536e+01 -3.635687e-01 -6.152416e-02 -9.295335e-01 3.486197e+01
-9.347864e-01 1.886181e-02 3.547094e-01 1.677973e+02 -4.031579e-03 9.979615e-01 -6.369168e-02 -1.327958e+01 -3.551876e-01 -6.096814e-02 -9.328047e-01 3.365811e+01
-9.387719e-01 2.887410e-02 3.433274e-01 1.686912e+02 5.720562e-03 9.976511e-01 -6.826133e-02 -1.347182e+01 -3.444919e-01 -6.211778e-02 -9.367319e-01 3.124282e+01
-9.406262e-01 2.649369e-02 3.384089e-01 1.691379e+02 3.739559e-03 9.976977e-01 -6.771447e-02 -1.357156e+01 -3.394238e-01 -6.242849e-02 -9.385596e-01 3.002817e+01
-9.443599e-01 1.275283e-02 3.286667e-01 1.699695e+02 -7.661388e-03 9.981240e-01 -6.074246e-02 -1.377138e+01 -3.288247e-01 -5.988078e-02 -9.424906e-01 2.758224e+01
-9.473135e-01 4.236096e-03 3.202801e-01 1.707494e+02 -1.761706e-02 9.977099e-01 -6.530310e-02 -1.396352e+01 -3.198232e-01 -6.750488e-02 -9.450694e-01 2.513071e+01
-9.481384e-01 4.640768e-03 3.178242e-01 1.711273e+02 -1.792368e-02 9.975218e-01 -6.803574e-02 -1.406469e+01 -3.173523e-01 -7.020386e-02 -9.457055e-01 2.390019e+01
-9.483731e-01 7.781758e-03 3.170613e-01 1.718911e+02 -1.555184e-02 9.973553e-01 -7.099613e-02 -1.427268e+01 -3.167753e-01 -7.226170e-02 -9.457439e-01 2.144258e+01
-9.480194e-01 9.724102e-03 3.180641e-01 1.722632e+02 -1.434561e-02 9.972107e-01 -7.324593e-02 -1.438257e+01 -3.178892e-01 -7.400137e-02 -9.452355e-01 2.022133e+01
-9.470945e-01 1.100027e-02 3.207663e-01 1.729947e+02 -1.363043e-02 9.971323e-01 -7.444064e-02 -1.459753e+01 -3.206653e-01 -7.487449e-02 -9.442285e-01 1.779910e+01
-9.449736e-01 1.047688e-02 3.269790e-01 1.737830e+02 -1.487282e-02 9.970778e-01 -7.493049e-02 -1.481889e+01 -3.268086e-01 -7.567042e-02 -9.420563e-01 1.540117e+01
-9.434098e-01 9.139435e-03 3.315033e-01 1.741985e+02 -1.580782e-02 9.972445e-01 -7.248046e-02 -1.492971e+01 -3.312523e-01 -7.361911e-02 -9.406657e-01 1.420288e+01
-9.389337e-01 4.898762e-03 3.440633e-01 1.750609e+02 -1.926985e-02 9.975809e-01 -6.679015e-02 -1.513842e+01 -3.435581e-01 -6.934156e-02 -9.365679e-01 1.181186e+01
-9.361848e-01 6.838381e-03 3.514418e-01 1.754926e+02 -1.729108e-02 9.977044e-01 -6.547411e-02 -1.523869e+01 -3.510828e-01 -6.737266e-02 -9.339174e-01 1.062387e+01
-9.292045e-01 9.590084e-03 3.694415e-01 1.763996e+02 -1.636866e-02 9.976142e-01 -6.706623e-02 -1.544296e+01 -3.692033e-01 -6.836549e-02 -9.268306e-01 8.270144e+00
-9.249782e-01 1.243720e-02 3.798168e-01 1.768674e+02 -1.433284e-02 9.976114e-01 -6.757225e-02 -1.554426e+01 -3.797499e-01 -6.794669e-02 -9.225904e-01 7.090384e+00
-9.200882e-01 1.406705e-02 3.914586e-01 1.773568e+02 -1.378514e-02 9.975731e-01 -6.824850e-02 -1.564895e+01 -3.914686e-01 -6.819094e-02 -9.176613e-01 5.917093e+00
-9.144018e-01 1.656591e-02 4.044688e-01 1.778608e+02 -1.283812e-02 9.974729e-01 -6.987748e-02 -1.574904e+01 -4.046042e-01 -6.908870e-02 -9.118783e-01 4.751502e+00
-9.082935e-01 1.851377e-02 4.179237e-01 1.783814e+02 -1.149285e-02 9.975388e-01 -6.916836e-02 -1.585596e+01 -4.181756e-01 -6.762830e-02 -9.058451e-01 3.587553e+00
-9.020526e-01 1.808352e-02 4.312473e-01 1.789288e+02 -1.198908e-02 9.976867e-01 -6.691399e-02 -1.595971e+01 -4.314597e-01 -6.553018e-02 -8.997490e-01 2.434985e+00
-8.954347e-01 2.025720e-02 4.447319e-01 1.794976e+02 -1.042715e-02 9.977359e-01 -6.644043e-02 -1.605749e+01 -4.450709e-01 -6.413034e-02 -8.931960e-01 1.286303e+00
-8.885482e-01 2.304306e-02 4.582043e-01 1.800782e+02 -8.184333e-03 9.977828e-01 -6.604949e-02 -1.615417e+01 -4.587103e-01 -6.243824e-02 -8.863894e-01 1.518369e-01
-8.811820e-01 2.466797e-02 4.721333e-01 1.806758e+02 -6.112156e-03 9.979600e-01 -6.354897e-02 -1.625068e+01 -4.727377e-01 -5.888395e-02 -8.792336e-01 -9.718759e-01
-8.734527e-01 2.634193e-02 4.861960e-01 1.812884e+02 -3.474420e-03 9.981729e-01 -6.032250e-02 -1.634719e+01 -4.868966e-01 -5.437809e-02 -8.717652e-01 -2.083451e+00
-8.652660e-01 2.933019e-02 5.004544e-01 1.819124e+02 4.676872e-05 9.982917e-01 -5.842616e-02 -1.644108e+01 -5.013131e-01 -5.053075e-02 -8.637892e-01 -3.175742e+00
-8.561114e-01 3.255949e-02 5.157647e-01 1.825544e+02 3.561865e-03 9.983614e-01 -5.711286e-02 -1.653684e+01 -5.167791e-01 -4.705788e-02 -8.548244e-01 -4.252484e+00
-8.457804e-01 3.547323e-02 5.323507e-01 1.832060e+02 6.694286e-03 9.984143e-01 -5.589378e-02 -1.662889e+01 -5.334893e-01 -4.371014e-02 -8.446766e-01 -5.312670e+00
-8.235014e-01 4.043438e-02 5.658715e-01 1.845607e+02 1.185435e-02 9.984655e-01 -5.409403e-02 -1.678878e+01 -5.671904e-01 -3.783846e-02 -8.227169e-01 -7.384682e+00
-8.116733e-01 4.254831e-02 5.825600e-01 1.852717e+02 1.357688e-02 9.984482e-01 -5.400698e-02 -1.685989e+01 -5.839538e-01 -3.592667e-02 -8.109914e-01 -8.397022e+00
-7.989402e-01 4.453744e-02 5.997592e-01 1.860033e+02 1.539242e-02 9.984417e-01 -5.363892e-02 -1.693795e+01 -6.012135e-01 -3.362254e-02 -7.983807e-01 -9.390930e+00
-7.851375e-01 4.563178e-02 6.176382e-01 1.867509e+02 1.726200e-02 9.985068e-01 -5.182745e-02 -1.701685e+01 -6.190809e-01 -3.002999e-02 -7.847528e-01 -1.036879e+01
-7.698594e-01 4.679091e-02 6.364961e-01 1.875240e+02 1.954956e-02 9.985697e-01 -4.976242e-02 -1.709398e+01 -6.379141e-01 -2.586684e-02 -7.696729e-01 -1.132239e+01
-7.531570e-01 4.964898e-02 6.559647e-01 1.883161e+02 2.159436e-02 9.984764e-01 -5.077926e-02 -1.717484e+01 -6.574863e-01 -2.407961e-02 -7.530815e-01 -1.224512e+01
-7.357859e-01 5.257551e-02 6.751704e-01 1.891165e+02 2.279980e-02 9.983398e-01 -5.289401e-02 -1.725841e+01 -6.768303e-01 -2.352492e-02 -7.357630e-01 -1.313563e+01
-7.179204e-01 5.335086e-02 6.940779e-01 1.899427e+02 2.251928e-02 9.983169e-01 -5.344362e-02 -1.734401e+01 -6.957609e-01 -2.273813e-02 -7.179134e-01 -1.400312e+01
-6.988036e-01 5.334505e-02 7.133217e-01 1.907892e+02 2.243061e-02 9.983591e-01 -5.268723e-02 -1.742978e+01 -7.149618e-01 -2.081778e-02 -6.988534e-01 -1.484446e+01
-6.788333e-01 5.270760e-02 7.323983e-01 1.916657e+02 2.088409e-02 9.984028e-01 -5.249414e-02 -1.751550e+01 -7.339954e-01 -2.033930e-02 -6.788498e-01 -1.565688e+01
-6.583472e-01 5.283580e-02 7.508578e-01 1.925591e+02 1.914929e-02 9.983861e-01 -5.346373e-02 -1.760506e+01 -7.524708e-01 -2.081930e-02 -6.582964e-01 -1.643657e+01
-6.375578e-01 5.240607e-02 7.686181e-01 1.934648e+02 1.687597e-02 9.983943e-01 -5.407435e-02 -1.768808e+01 -7.702177e-01 -2.150434e-02 -6.374184e-01 -1.719672e+01
-6.161963e-01 5.218652e-02 7.858618e-01 1.943859e+02 1.587175e-02 9.984225e-01 -5.385692e-02 -1.776122e+01 -7.874326e-01 -2.071344e-02 -6.160525e-01 -1.793122e+01
-5.936213e-01 5.189981e-02 8.030692e-01 1.953232e+02 1.617560e-02 9.984861e-01 -5.257214e-02 -1.783289e+01 -8.045819e-01 -1.821781e-02 -5.935621e-01 -1.864428e+01
-5.694423e-01 5.213294e-02 8.203766e-01 1.962565e+02 1.603100e-02 9.985014e-01 -5.232487e-02 -1.790335e+01 -8.218750e-01 -1.664453e-02 -5.694246e-01 -1.932892e+01
-5.440034e-01 5.521021e-02 8.372647e-01 1.972261e+02 1.809848e-02 9.983728e-01 -5.407460e-02 -1.797620e+01 -8.388878e-01 -1.426354e-02 -5.441174e-01 -1.998080e+01
-5.171328e-01 5.632981e-02 8.540496e-01 1.982141e+02 1.860245e-02 9.983359e-01 -5.458249e-02 -1.804905e+01 -8.557030e-01 -1.233898e-02 -5.173201e-01 -2.060575e+01
-4.899252e-01 5.488205e-02 8.700352e-01 1.992336e+02 1.716191e-02 9.984301e-01 -5.331722e-02 -1.812215e+01 -8.715955e-01 -1.118999e-02 -4.900979e-01 -2.119040e+01
-4.618397e-01 5.266267e-02 8.853987e-01 2.002718e+02 1.614475e-02 9.985695e-01 -5.097259e-02 -1.819392e+01 -8.868165e-01 -9.246622e-03 -4.620292e-01 -2.174303e+01
-4.322490e-01 5.332423e-02 9.001763e-01 2.013106e+02 1.663332e-02 9.985517e-01 -5.116472e-02 -1.827035e+01 -9.016008e-01 -7.142980e-03 -4.325099e-01 -2.226336e+01
-4.011809e-01 5.580592e-02 9.142974e-01 2.023713e+02 1.725580e-02 9.984257e-01 -5.336927e-02 -1.833982e+01 -9.158363e-01 -5.633802e-03 -4.015123e-01 -2.274978e+01
-3.691348e-01 5.748137e-02 9.275966e-01 2.034483e+02 1.897112e-02 9.983435e-01 -5.431593e-02 -1.840364e+01 -9.291822e-01 -2.452357e-03 -3.696138e-01 -2.320318e+01
-3.369369e-01 5.817495e-02 9.397283e-01 2.045291e+02 2.099576e-02 9.983053e-01 -5.427327e-02 -1.847329e+01 -9.412931e-01 1.443641e-03 -3.375873e-01 -2.361922e+01
-3.041173e-01 5.746240e-02 9.509000e-01 2.056382e+02 2.099531e-02 9.983409e-01 -5.361451e-02 -1.854755e+01 -9.524032e-01 3.659334e-03 -3.048191e-01 -2.399109e+01
-2.704016e-01 5.656836e-02 9.610843e-01 2.067589e+02 2.278022e-02 9.983687e-01 -5.235367e-02 -1.862449e+01 -9.624780e-01 7.737187e-03 -2.712492e-01 -2.432519e+01
-2.011242e-01 5.287146e-02 9.781379e-01 2.090532e+02 2.351278e-02 9.985152e-01 -4.913824e-02 -1.878448e+01 -9.792835e-01 1.311585e-02 -2.020688e-01 -2.486248e+01
-1.657778e-01 5.206309e-02 9.847879e-01 2.101843e+02 2.445446e-02 9.985154e-01 -4.867220e-02 -1.886430e+01 -9.858598e-01 1.601368e-02 -1.668048e-01 -2.506817e+01
-9.416868e-02 5.145834e-02 9.942255e-01 2.124889e+02 2.570050e-02 9.984561e-01 -4.924308e-02 -1.902022e+01 -9.952244e-01 2.091493e-02 -9.534579e-02 -2.534952e+01
-2.407939e-02 5.144077e-02 9.983857e-01 2.147979e+02 2.395692e-02 9.984182e-01 -5.086466e-02 -1.917493e+01 -9.994229e-01 2.269345e-02 -2.527366e-02 -2.546063e+01
4.275877e-02 5.033924e-02 9.978165e-01 2.171170e+02 2.152922e-02 9.984515e-01 -5.129387e-02 -1.932543e+01 -9.988534e-01 2.367547e-02 4.160879e-02 -2.540746e+01
1.395127e-01 4.659667e-02 9.891234e-01 2.205719e+02 2.455047e-02 9.984224e-01 -5.049751e-02 -1.956459e+01 -9.899159e-01 3.132848e-02 1.381486e-01 -2.503982e+01
1.699060e-01 4.654172e-02 9.843606e-01 2.217231e+02 2.572482e-02 9.983342e-01 -5.164266e-02 -1.964163e+01 -9.851244e-01 3.409688e-02 1.684257e-01 -2.484743e+01
2.299944e-01 4.534770e-02 9.721349e-01 2.240212e+02 2.968319e-02 9.981221e-01 -5.358260e-02 -1.979060e+01 -9.727391e-01 4.117974e-02 2.282164e-01 -2.436371e+01
2.902679e-01 4.198546e-02 9.560240e-01 2.263000e+02 3.400687e-02 9.979534e-01 -5.415204e-02 -1.994366e+01 -9.563409e-01 4.822997e-02 2.882460e-01 -2.373710e+01
3.199517e-01 4.092864e-02 9.465494e-01 2.274299e+02 3.704000e-02 9.977623e-01 -5.566331e-02 -2.002061e+01 -9.467095e-01 5.286975e-02 3.177197e-01 -2.337292e+01
3.767229e-01 3.830567e-02 9.255337e-01 2.296486e+02 3.816295e-02 9.976545e-01 -5.682418e-02 -2.017834e+01 -9.255395e-01 5.672806e-02 3.743775e-01 -2.253278e+01
4.047494e-01 3.726952e-02 9.136678e-01 2.307475e+02 3.819186e-02 9.976082e-01 -5.761231e-02 -2.025931e+01 -9.136297e-01 5.821321e-02 4.023579e-01 -2.205870e+01
4.612298e-01 3.877064e-02 8.864333e-01 2.328868e+02 4.053635e-02 9.970809e-01 -6.470205e-02 -2.042941e+01 -8.863542e-01 6.577526e-02 4.583118e-01 -2.101599e+01
4.885604e-01 3.771474e-02 8.717146e-01 2.339284e+02 4.145481e-02 9.969338e-01 -6.636608e-02 -2.052253e+01 -8.715447e-01 6.856058e-02 4.854989e-01 -2.044385e+01
5.151047e-01 3.453696e-02 8.564312e-01 2.349792e+02 4.224436e-02 9.969506e-01 -6.561171e-02 -2.060518e+01 -8.560856e-01 6.997627e-02 5.120749e-01 -1.983554e+01
5.402185e-01 3.236943e-02 8.409021e-01 2.360124e+02 4.156516e-02 9.970139e-01 -6.508135e-02 -2.068599e+01 -8.404977e-01 7.011036e-02 5.372598e-01 -1.919422e+01
5.633304e-01 3.210978e-02 8.256076e-01 2.370196e+02 3.971925e-02 9.970368e-01 -6.587839e-02 -2.076805e+01 -8.252764e-01 6.990380e-02 5.603857e-01 -1.852677e+01
6.037991e-01 3.082784e-02 7.965402e-01 2.389997e+02 3.739595e-02 9.970562e-01 -6.693539e-02 -2.095439e+01 -7.962589e-01 7.020289e-02 6.008688e-01 -1.710277e+01
6.220780e-01 2.821468e-02 7.824468e-01 2.399610e+02 3.691618e-02 9.971820e-01 -6.530786e-02 -2.104741e+01 -7.820845e-01 6.951151e-02 6.192834e-01 -1.635594e+01
6.552142e-01 2.252144e-02 7.551074e-01 2.418488e+02 3.840746e-02 9.972697e-01 -6.307058e-02 -2.122694e+01 -7.544662e-01 7.032648e-02 6.525602e-01 -1.479112e+01
6.705493e-01 2.011560e-02 7.415923e-01 2.427798e+02 4.002910e-02 9.971950e-01 -6.324320e-02 -2.130601e+01 -7.407843e-01 7.209293e-02 6.678632e-01 -1.398455e+01
6.855542e-01 1.965789e-02 7.277562e-01 2.436978e+02 3.973815e-02 9.971347e-01 -6.436802e-02 -2.139183e+01 -7.269363e-01 7.304743e-02 6.828086e-01 -1.315891e+01
7.005457e-01 1.820511e-02 7.133753e-01 2.445843e+02 4.015983e-02 9.970844e-01 -6.488286e-02 -2.148418e+01 -7.124766e-01 7.410242e-02 6.977721e-01 -1.230142e+01
7.153220e-01 1.606306e-02 6.986104e-01 2.454585e+02 3.945976e-02 9.972121e-01 -6.333247e-02 -2.158194e+01 -6.976800e-01 7.287009e-02 7.126938e-01 -1.141406e+01
7.294358e-01 1.271575e-02 6.839311e-01 2.463238e+02 3.969872e-02 9.973551e-01 -6.088302e-02 -2.166508e+01 -6.828963e-01 7.156143e-02 7.270017e-01 -1.051863e+01
7.433877e-01 1.107941e-02 6.687691e-01 2.471693e+02 3.951499e-02 9.973889e-01 -6.044753e-02 -2.174737e+01 -6.676926e-01 7.136233e-02 7.410088e-01 -9.605238e+00
7.568594e-01 1.001092e-02 6.535011e-01 2.479970e+02 4.109201e-02 9.971756e-01 -6.286679e-02 -2.183017e+01 -6.522847e-01 7.443498e-02 7.543103e-01 -8.674394e+00
7.809766e-01 8.669113e-03 6.245002e-01 2.496079e+02 4.051072e-02 9.970949e-01 -6.450254e-02 -2.200935e+01 -6.232451e-01 7.567391e-02 7.783565e-01 -6.749400e+00
7.919238e-01 6.268942e-03 6.105879e-01 2.503906e+02 4.062092e-02 9.971914e-01 -6.292298e-02 -2.210053e+01 -6.092674e-01 7.463283e-02 7.894448e-01 -5.759310e+00
8.124464e-01 2.352376e-03 5.830311e-01 2.519117e+02 4.226955e-02 9.971227e-01 -6.292520e-02 -2.228256e+01 -5.815016e-01 7.576780e-02 8.100093e-01 -3.727347e+00
8.215643e-01 -7.952617e-05 5.701160e-01 2.526556e+02 4.534549e-02 9.968410e-01 -6.520596e-02 -2.237398e+01 -5.683097e-01 7.942306e-02 8.189725e-01 -2.686673e+00
8.300930e-01 -2.521415e-03 5.576193e-01 2.533816e+02 4.691222e-02 9.967605e-01 -6.532818e-02 -2.246494e+01 -5.556481e-01 8.038761e-02 8.275221e-01 -1.629795e+00
8.378877e-01 -6.169470e-03 5.458078e-01 2.540996e+02 4.894939e-02 9.967566e-01 -6.387712e-02 -2.255787e+01 -5.436434e-01 8.023880e-02 8.354720e-01 -5.569069e-01
8.448170e-01 -7.197428e-03 5.350070e-01 2.548065e+02 4.989954e-02 9.966115e-01 -6.538781e-02 -2.265094e+01 -5.327235e-01 8.193732e-02 8.423134e-01 5.340190e-01
8.504416e-01 -8.997077e-03 5.259926e-01 2.554974e+02 5.076607e-02 9.965909e-01 -6.503357e-02 -2.274419e+01 -5.236143e-01 8.200981e-02 8.479990e-01 1.628717e+00
8.573847e-01 -1.135724e-02 5.145508e-01 2.568640e+02 5.049887e-02 9.967888e-01 -6.214388e-02 -2.293222e+01 -5.121927e-01 7.926543e-02 8.552049e-01 3.862410e+00
8.600172e-01 -1.211744e-02 5.101212e-01 2.575400e+02 5.047970e-02 9.968343e-01 -6.142525e-02 -2.302562e+01 -5.077620e-01 7.857752e-02 8.579063e-01 4.989321e+00
8.624972e-01 -1.352007e-02 5.058813e-01 2.582139e+02 5.180622e-02 9.967501e-01 -6.168755e-02 -2.311631e+01 -5.034032e-01 7.941312e-02 8.603945e-01 6.122792e+00
8.646826e-01 -1.557921e-02 5.020770e-01 2.588844e+02 5.255451e-02 9.968392e-01 -5.957852e-02 -2.320738e+01 -4.995618e-01 7.790290e-02 8.627682e-01 7.263272e+00
8.667994e-01 -1.776168e-02 4.983406e-01 2.595538e+02 5.415000e-02 9.968083e-01 -5.865907e-02 -2.329792e+01 -4.957082e-01 7.783077e-02 8.649946e-01 8.410914e+00
8.690764e-01 -1.913789e-02 4.943076e-01 2.602177e+02 5.558421e-02 9.967011e-01 -5.913761e-02 -2.338751e+01 -4.915451e-01 7.887078e-02 8.672731e-01 9.561299e+00
8.712172e-01 -2.014540e-02 4.904842e-01 2.608776e+02 5.633959e-02 9.966587e-01 -5.913732e-02 -2.347785e+01 -4.876540e-01 7.915511e-02 8.694412e-01 1.071832e+01
8.733381e-01 -1.981769e-02 4.867114e-01 2.615318e+02 5.532408e-02 9.967422e-01 -5.868670e-02 -2.356959e+01 -4.839627e-01 7.818017e-02 8.715892e-01 1.188297e+01
8.754505e-01 -2.043746e-02 4.828756e-01 2.621825e+02 5.556316e-02 9.967370e-01 -5.854927e-02 -2.366098e+01 -4.801034e-01 7.808706e-02 8.737294e-01 1.305063e+01
8.773528e-01 -2.026634e-02 4.794177e-01 2.628287e+02 5.501302e-02 9.967681e-01 -5.853973e-02 -2.375316e+01 -4.766819e-01 7.773419e-02 8.756322e-01 1.422261e+01
8.786943e-01 -1.898258e-02 4.770074e-01 2.634683e+02 5.327962e-02 9.968660e-01 -5.847584e-02 -2.384485e+01 -4.744024e-01 7.679714e-02 8.769518e-01 1.539509e+01
8.795538e-01 -1.713225e-02 4.754911e-01 2.641063e+02 5.081091e-02 9.970188e-01 -5.806577e-02 -2.393728e+01 -4.730787e-01 7.523208e-02 8.778021e-01 1.657248e+01
8.800517e-01 -1.679953e-02 4.745807e-01 2.647416e+02 5.024747e-02 9.970580e-01 -5.788325e-02 -2.402944e+01 -4.722120e-01 7.478671e-02 8.783067e-01 1.774592e+01
8.806470e-01 -1.513616e-02 4.735313e-01 2.653736e+02 4.889292e-02 9.970565e-01 -5.905794e-02 -2.412178e+01 -4.712435e-01 7.516151e-02 8.787947e-01 1.891696e+01
8.812814e-01 -1.324083e-02 4.724064e-01 2.660071e+02 4.753442e-02 9.970216e-01 -6.073120e-02 -2.421655e+01 -4.701952e-01 7.597683e-02 8.792860e-01 2.009385e+01
8.816461e-01 -1.002529e-02 4.718048e-01 2.672661e+02 4.469889e-02 9.970534e-01 -6.234112e-02 -2.440836e+01 -4.697896e-01 7.605194e-02 8.794963e-01 2.244106e+01
8.818460e-01 -9.433519e-03 4.714433e-01 2.678947e+02 4.355353e-02 9.971554e-01 -6.151497e-02 -2.450560e+01 -4.695219e-01 7.477973e-02 8.797483e-01 2.361274e+01
8.821088e-01 -1.426371e-02 4.708297e-01 2.691617e+02 4.748292e-02 9.971427e-01 -5.875191e-02 -2.469678e+01 -4.686464e-01 7.418193e-02 8.802656e-01 2.595922e+01
8.824070e-01 -1.733486e-02 4.701674e-01 2.703750e+02 5.118227e-02 9.969271e-01 -5.930228e-02 -2.488855e+01 -4.676946e-01 7.639297e-02 8.805826e-01 2.833421e+01
8.827621e-01 -1.775061e-02 4.694848e-01 2.715972e+02 5.296702e-02 9.966753e-01 -6.190973e-02 -2.506758e+01 -4.668250e-01 7.951876e-02 8.807673e-01 3.072067e+01
8.828801e-01 -1.867902e-02 4.692270e-01 2.728429e+02 5.202131e-02 9.969489e-01 -5.819475e-02 -2.524066e+01 -4.667083e-01 7.578877e-02 8.811580e-01 3.312009e+01
8.828738e-01 -1.899195e-02 4.692262e-01 2.734771e+02 5.173659e-02 9.970333e-01 -5.699015e-02 -2.532468e+01 -4.667518e-01 7.459126e-02 8.812371e-01 3.431742e+01
8.829802e-01 -1.872236e-02 4.690367e-01 2.747717e+02 5.183910e-02 9.969818e-01 -5.779301e-02 -2.547556e+01 -4.665390e-01 7.534451e-02 8.812857e-01 3.669434e+01
8.830545e-01 -1.836151e-02 4.689112e-01 2.754146e+02 5.153257e-02 9.969853e-01 -5.800653e-02 -2.555348e+01 -4.664324e-01 7.538711e-02 8.813385e-01 3.787300e+01
8.832902e-01 -1.591472e-02 4.685565e-01 2.766804e+02 4.944939e-02 9.970114e-01 -5.935466e-02 -2.573958e+01 -4.662115e-01 7.559720e-02 8.814373e-01 4.025886e+01
8.833160e-01 -1.717209e-02 4.684635e-01 2.773332e+02 4.849503e-02 9.973144e-01 -5.488254e-02 -2.581772e+01 -4.662629e-01 7.119676e-02 8.817765e-01 4.146026e+01
8.833949e-01 -1.996735e-02 4.682038e-01 2.779897e+02 4.854712e-02 9.976157e-01 -4.905241e-02 -2.589095e+01 -4.661080e-01 6.606258e-02 8.822579e-01 4.266533e+01
8.835419e-01 -2.080835e-02 4.678897e-01 2.786412e+02 4.837570e-02 9.977238e-01 -4.697897e-02 -2.596207e+01 -4.658471e-01 6.414237e-02 8.825373e-01 4.386931e+01
8.837829e-01 -2.005834e-02 4.674671e-01 2.792787e+02 4.788040e-02 9.977129e-01 -4.771120e-02 -2.603112e+01 -4.654410e-01 6.454884e-02 8.827220e-01 4.507929e+01
8.840439e-01 -1.962083e-02 4.669920e-01 2.799126e+02 4.760399e-02 9.977027e-01 -4.819839e-02 -2.608758e+01 -4.649735e-01 6.484016e-02 8.829470e-01 4.630183e+01
8.844652e-01 -2.000550e-02 4.661772e-01 2.805375e+02 4.669350e-02 9.978602e-01 -4.576819e-02 -2.614117e+01 -4.642640e-01 6.224780e-02 8.835067e-01 4.751695e+01
8.851486e-01 -2.172738e-02 4.648010e-01 2.811555e+02 4.723304e-02 9.979450e-01 -4.329922e-02 -2.620061e+01 -4.629051e-01 6.028020e-02 8.843558e-01 4.873888e+01
8.859643e-01 -2.256063e-02 4.632045e-01 2.817758e+02 4.796379e-02 9.979172e-01 -4.313548e-02 -2.626818e+01 -4.612666e-01 6.043353e-02 8.852010e-01 4.994990e+01
8.882337e-01 -2.253104e-02 4.588391e-01 2.829719e+02 4.799828e-02 9.978815e-01 -4.391601e-02 -2.643327e+01 -4.568776e-01 6.103115e-02 8.874334e-01 5.234355e+01
8.896842e-01 -2.297630e-02 4.559980e-01 2.835631e+02 4.761079e-02 9.979568e-01 -4.260810e-02 -2.652407e+01 -4.540873e-01 5.961816e-02 8.889602e-01 5.353272e+01
8.910715e-01 -2.358221e-02 4.532500e-01 2.841668e+02 4.695450e-02 9.980804e-01 -4.038139e-02 -2.660443e+01 -4.514277e-01 5.726482e-02 8.904682e-01 5.471160e+01
8.923803e-01 -2.533091e-02 4.505728e-01 2.847651e+02 4.718236e-02 9.981885e-01 -3.732933e-02 -2.668221e+01 -4.488110e-01 5.457103e-02 8.919588e-01 5.588580e+01
8.937322e-01 -2.758897e-02 4.477518e-01 2.853565e+02 4.837207e-02 9.982143e-01 -3.504613e-02 -2.675282e+01 -4.459854e-01 5.298053e-02 8.934708e-01 5.705677e+01
8.951369e-01 -2.863093e-02 4.448711e-01 2.859400e+02 4.942895e-02 9.981565e-01 -3.521814e-02 -2.681824e+01 -4.430426e-01 5.351455e-02 8.949019e-01 5.822462e+01
8.965490e-01 -2.922661e-02 4.419794e-01 2.865120e+02 5.020654e-02 9.980955e-01 -3.584256e-02 -2.688396e+01 -4.400900e-01 5.432486e-02 8.963088e-01 5.938303e+01
8.990265e-01 -2.784710e-02 4.370080e-01 2.876286e+02 4.920081e-02 9.980802e-01 -3.761758e-02 -2.702747e+01 -4.351214e-01 5.532034e-02 8.986706e-01 6.168480e+01
9.002990e-01 -2.617090e-02 4.344847e-01 2.887120e+02 4.737827e-02 9.981520e-01 -3.804983e-02 -2.718433e+01 -4.326859e-01 5.484135e-02 8.998751e-01 6.395491e+01
9.004747e-01 -2.031906e-02 4.344336e-01 2.897689e+02 4.569844e-02 9.977988e-01 -4.805324e-02 -2.735745e+01 -4.325009e-01 6.312365e-02 8.994211e-01 6.618529e+01
8.980739e-01 -1.401572e-02 4.396214e-01 2.908162e+02 3.943145e-02 9.980332e-01 -4.873331e-02 -2.755177e+01 -4.380737e-01 6.110101e-02 8.968601e-01 6.838540e+01
8.916821e-01 -5.157048e-03 4.526329e-01 2.918711e+02 3.092781e-02 9.982925e-01 -4.955348e-02 -2.775392e+01 -4.516044e-01 5.818488e-02 8.903190e-01 7.055982e+01
8.824717e-01 -2.404826e-03 4.703594e-01 2.929650e+02 2.883561e-02 9.983826e-01 -4.899587e-02 -2.794039e+01 -4.694808e-01 5.680056e-02 8.811137e-01 7.269948e+01
8.703099e-01 -4.029010e-03 4.924880e-01 2.941300e+02 3.098748e-02 9.984332e-01 -4.659202e-02 -2.808563e+01 -4.915287e-01 5.581045e-02 8.690711e-01 7.479825e+01
8.551974e-01 -2.242481e-03 5.182976e-01 2.953511e+02 2.959165e-02 9.985707e-01 -4.450615e-02 -2.822322e+01 -5.174570e-01 5.339882e-02 8.540414e-01 7.686456e+01
8.359234e-01 4.234362e-03 5.488299e-01 2.966105e+02 2.583621e-02 9.985581e-01 -4.705528e-02 -2.838466e+01 -5.482378e-01 5.351428e-02 8.346086e-01 7.889731e+01
8.117974e-01 9.316890e-03 5.838649e-01 2.979466e+02 2.322763e-02 9.985661e-01 -4.822975e-02 -2.854581e+01 -5.834770e-01 5.271457e-02 8.104169e-01 8.087240e+01
7.830685e-01 1.239010e-02 6.218121e-01 2.993679e+02 1.976829e-02 9.988005e-01 -4.479675e-02 -2.870452e+01 -6.216212e-01 4.737108e-02 7.818842e-01 8.277199e+01
7.500728e-01 1.722674e-02 6.611310e-01 3.008679e+02 1.557867e-02 9.989231e-01 -4.370288e-02 -2.885420e+01 -6.611718e-01 4.307988e-02 7.489966e-01 8.457890e+01
6.905519e-01 2.575476e-02 7.228242e-01 3.032798e+02 1.038920e-02 9.989095e-01 -4.551724e-02 -2.907074e+01 -7.232082e-01 3.894158e-02 6.895313e-01 8.709419e+01
