9.992456326023891888e-01 -4.472444373289993108e-04 -3.883253400776374292e-02 5.340468000000000437e-01 2.658190741146729329e-04 9.999890272985416662e-01 -4.677031402109904298e-03 2.637392000000000070e-01 3.883419968623901680e-02 4.663180773867080936e-03 9.992347870644814334e-01 -1.811740399999999918e+00
9.997069179487790835e-01 -5.736436912670947637e-03 2.351959814495446430e-02 5.347364999999999480e-01 6.098344413054260400e-03 9.998636651881835924e-01 -1.534474606735962421e-02 2.624652000000000096e-01 -2.342836743721101248e-02 1.548367940765130180e-02 9.996056058622461160e-01 -1.755663900000000055e+00
9.984315960027239090e-01 -9.372051623268861167e-03 5.519522399469248969e-02 5.365204999999999558e-01 1.040252592476018610e-02 9.997763677269830840e-01 -1.841200665394939623e-02 2.616903999999999897e-01 -5.501032228444208833e-02 1.895729893764320356e-02 9.983058074854371799e-01 -1.727732400000000057e+00
9.923425040592414037e-01 -5.562668713142279384e-03 1.233912936726991455e-01 5.423537000000000496e-01 6.945919242050447445e-03 9.999177379214296835e-01 -1.078293076922698726e-02 2.600432999999999772e-01 -1.233211613767781906e-01 1.155742648165485054e-02 9.922995097498555905e-01 -1.672348900000000027e+00
9.871378310683831536e-01 -4.308341322117061577e-03 1.598134558435560237e-01 5.466820999999999486e-01 5.642220007377240186e-03 9.999529267718626491e-01 -7.893642617582876525e-03 2.592485999999999957e-01 -1.597719244016183315e-01 8.693815930758328619e-03 9.871156719136645608e-01 -1.645076399999999994e+00
9.725171118389440705e-01 4.541468742865080108e-03 2.327871178611397029e-01 5.580275999999999570e-01 4.576571057636302613e-04 9.997705338083381355e-01 -2.141658886387275834e-02 2.579065999999999859e-01 -2.328309638566402606e-01 2.093453582595501683e-02 9.722918736055237154e-01 -1.591854300000000055e+00
9.635102987073651537e-01 5.968396394482455326e-03 2.676047132046113775e-01 5.652669000000000166e-01 4.795654927648145688e-04 9.997112846477245185e-01 -2.402326715779120117e-02 2.570930000000000160e-01 -2.676708319966561445e-01 2.327499930128439434e-02 9.632292562550948123e-01 -1.565592400000000106e+00
9.418672696413883383e-01 3.776798016282367863e-03 3.359639596370724846e-01 5.825700999999999796e-01 3.615997051941217521e-03 9.997649594476546442e-01 -2.137639880685949720e-02 2.551086000000000187e-01 -3.359657288230402106e-01 2.134857506658833712e-02 9.416322357476031302e-01 -1.514208199999999893e+00
9.153269688129489490e-01 5.922750574502784818e-03 4.026679291790334903e-01 6.034395999999999649e-01 5.789674670980080387e-03 9.995949663960009834e-01 -2.786364697920799133e-02 2.533442000000000194e-01 -4.026698645676171084e-01 2.783566383993638094e-02 9.149219398329493380e-01 -1.464714300000000025e+00
8.841185816286062371e-01 9.069997897082670082e-03 4.671745591929941654e-01 6.277006000000000530e-01 6.050670509174548191e-03 9.995055336643945409e-01 -3.085575409292997881e-02 2.511773999999999951e-01 -4.672234187253576088e-01 3.010686487166798139e-02 8.836265351845135063e-01 -1.416622599999999954e+00
8.666208910038696311e-01 1.403357659986475756e-02 4.987697765537469907e-01 6.409211000000000213e-01 5.333927084453263419e-03 9.992867347426738212e-01 -3.738410075396644133e-02 2.498818999999999901e-01 -4.989386540422747762e-01 3.505824432484756087e-02 8.659279063567257850e-01 -1.393133500000000025e+00
8.479680757350747111e-01 2.065294718941777796e-02 5.296447850272346658e-01 6.553417999999999743e-01 5.274619924120469740e-03 9.988623307394369766e-01 -4.739433103690408183e-02 2.486808000000000074e-01 -5.300210570522746467e-01 4.298255462592583814e-02 8.468944320746351062e-01 -1.370328299999999944e+00
8.280306960735375199e-01 2.724946663119307694e-02 5.600202076070901480e-01 6.706081000000000403e-01 4.973346689698232570e-03 9.984220436472225346e-01 -5.593468138827539793e-02 2.472216000000000136e-01 -5.606607103968290762e-01 4.910080781025205621e-02 8.265885787317072131e-01 -1.347711899999999963e+00
8.068570485035650997e-01 3.197516974985007560e-02 5.898807437097637330e-01 6.866119000000000527e-01 3.777213839582472740e-03 9.982344237294095146e-01 -5.927704393121929760e-02 2.455855999999999872e-01 -5.907346578081615895e-01 5.005620641920348335e-02 8.053117037912662646e-01 -1.325826399999999960e+00
7.845280973471295827e-01 3.335600114892955242e-02 6.191954793603110518e-01 7.035409999999999719e-01 2.794276804636319431e-03 9.983518605713097571e-01 -5.732150129701051033e-02 2.440234000000000014e-01 -6.200869749398320030e-01 4.670053191513685864e-02 7.831418797566704892e-01 -1.304197000000000051e+00
7.610166839095813263e-01 3.513190733195844379e-02 6.477803299718840613e-01 7.215890999999999833e-01 -8.917062672955042291e-04 9.985882622025383792e-01 -5.311014452293668503e-02 2.422622000000000109e-01 -6.487316946713772570e-01 3.984007628673721241e-02 7.599736552343572260e-01 -1.282650700000000032e+00
7.094360606264636937e-01 4.398301122385747663e-02 7.033960268628808299e-01 7.596779000000000170e-01 -1.015470564827867725e-02 9.985850651392179644e-01 -5.219913441907463036e-02 2.385840999999999934e-01 -7.046966424185666655e-01 2.988916868341827751e-02 7.088788893452906414e-01 -1.241351700000000058e+00
6.536194704191794491e-01 4.904719941516921811e-02 7.552323881551162854e-01 8.016199999999999992e-01 -1.569746506154407265e-02 9.985617443447669661e-01 -5.126433771910093168e-02 2.350762000000000129e-01 -7.566605430968323942e-01 2.165213524493728864e-02 6.534493152186647835e-01 -1.202538399999999896e+00
5.954226469502312824e-01 4.909185358941735300e-02 8.019113800227151145e-01 8.472612999999999950e-01 -1.363784347287292850e-02 9.986051745391757439e-01 -5.100700548936244749e-02 2.316786000000000123e-01 -8.032968820580530522e-01 1.943438434161586306e-02 5.952616432973594218e-01 -1.166927199999999942e+00
5.373177856863359247e-01 4.362064222076783571e-02 8.422510532836279262e-01 8.964554999999999607e-01 -1.055647485167756500e-03 9.986955645699598927e-01 -5.104953395160576057e-02 2.283440999999999943e-01 -8.433792046247760021e-01 2.654070233691747938e-02 5.366629373507576517e-01 -1.134443599999999996e+00
4.799038759026820200e-01 5.047212947035234487e-02 8.758680460208099205e-01 9.476400000000000379e-01 3.635989117144970001e-03 9.982207915931401443e-01 -5.951496294466476766e-02 2.246356999999999937e-01 -8.773135411451959964e-01 3.174610807473582375e-02 4.788665107787180020e-01 -1.105159199999999897e+00
4.319520290618105718e-01 4.899602992296915593e-02 9.005647304004149589e-01 1.001358399999999982e+00 1.455088628238788637e-02 9.980147203660083566e-01 -6.127715431672020596e-02 2.206818000000000113e-01 -9.017791948685562886e-01 3.957280612422672816e-02 4.303815478359551694e-01 -1.079300399999999938e+00
3.942260201666070718e-01 4.423857051909421689e-02 9.179481433621538011e-01 1.056882899999999958e+00 1.684653861424631471e-02 9.983250406364941876e-01 -5.534715326790346640e-02 2.168049999999999977e-01 -9.188590964670898531e-01 3.728353680338303971e-02 3.928204408163024075e-01 -1.054476699999999934e+00
3.658972262202913051e-01 4.962893547290806590e-02 9.293310436050885581e-01 1.113685400000000048e+00 2.248269215146506822e-02 9.978143071746761184e-01 -6.213804753243698520e-02 2.127713999999999994e-01 -9.303836565621299570e-01 4.363000299503627666e-02 3.639816952000933803e-01 -1.032069799999999926e+00
3.464601467464071827e-01 5.411430159672070417e-02 9.365025408823817177e-01 1.171148999999999996e+00 3.261347270045555913e-02 9.970363092648159009e-01 -6.967753874822926741e-02 2.082759000000000138e-01 -9.374975883248310993e-01 5.468309035061480472e-02 3.436684907215554752e-01 -1.010590000000000099e+00
3.378038912421787998e-01 6.130885089300540380e-02 9.392176296598255814e-01 1.229220500000000049e+00 3.870626819887704184e-02 9.961272560045453250e-01 -7.894501027279525462e-02 2.034330000000000027e-01 -9.404203080876969434e-01 6.302154113503079247e-02 3.341226264250998224e-01 -9.896951000000000498e-01
3.325225534414973927e-01 6.686721170258846936e-02 9.407218119358494723e-01 1.287429099999999993e+00 4.173001343537674490e-02 9.954631320252351756e-01 -8.550882268627367500e-02 1.978520000000000001e-01 -9.421716178231170913e-01 6.768994591245090786e-02 3.282235728751664583e-01 -9.688442000000000442e-01
3.286463476831888997e-01 7.273050418810257656e-02 9.416484757673878603e-01 1.347361800000000054e+00 4.481088409669357203e-02 9.947068070997086009e-01 -9.246811653740914794e-02 1.920643999999999962e-01 -9.433894014779756754e-01 7.258540948460358300e-02 3.236476409754583949e-01 -9.482553999999999705e-01
3.246639372492587938e-01 7.172073278748597458e-02 9.431062847517426295e-01 1.407801199999999975e+00 4.786125829969703482e-02 9.945976795002967608e-01 -9.211273466027790346e-02 1.856038000000000132e-01 -9.446177151651236059e-01 7.504393660417287004e-02 3.194773540881573615e-01 -9.275963000000000402e-01
3.202505658376204600e-01 7.307497652922900766e-02 9.445102555747801887e-01 1.468714099999999911e+00 4.650826026037722938e-02 9.946054336784420080e-01 -9.272007886575170388e-02 1.791330999999999896e-01 -9.461905499465934621e-01 7.362118650613305726e-02 3.151243628937505648e-01 -9.069732000000000349e-01
3.153753380928943084e-01 7.866236150656905068e-02 9.457011309102905106e-01 1.529560800000000054e+00 4.419326524971008141e-02 9.942598112329869009e-01 -9.743912496278891999e-02 1.728415000000000090e-01 -9.479374195743943687e-01 7.252351790388458785e-02 3.100886775125520911e-01 -8.866220999999999686e-01
3.109561785727306127e-01 8.829899090818238427e-02 9.463136600578269109e-01 1.591052099999999969e+00 3.926648623110693542e-02 9.936313173170161495e-01 -1.056169887182614592e-01 1.659611000000000003e-01 -9.496127621649289585e-01 7.000066750715884523e-02 3.055086062323708607e-01 -8.660923999999999845e-01
3.060886280854123731e-01 9.091005269551369339e-02 9.476524226084631630e-01 1.653920300000000010e+00 3.536320344696722295e-02 9.936572970855376274e-01 -1.067455844081246080e-01 1.586468000000000045e-01 -9.513459915292431512e-01 6.618563490337291133e-02 3.009323281631253177e-01 -8.461680999999999786e-01
3.010317523614677304e-01 8.637112307867460259e-02 9.496946420657077503e-01 1.716680500000000054e+00 3.243695752093267437e-02 9.943861639327886692e-01 -1.007174302979303854e-01 1.511229000000000045e-01 -9.530622895996723187e-01 6.112434929847269938e-02 2.965401930023469079e-01 -8.263013999999999637e-01
2.976794888019886343e-01 9.213300943634676610e-02 9.502096771338359726e-01 1.812485300000000077e+00 3.384642405383932184e-02 9.936879212793542360e-01 -1.069520204684494546e-01 1.405975999999999893e-01 -9.540656903617037443e-01 6.399862245172144304e-02 2.926821395284099347e-01 -7.964503000000000554e-01
2.970948349949866785e-01 9.332704671482834613e-02 9.502761290123991067e-01 1.875956699999999922e+00 2.980970730549990788e-02 9.938203043183102547e-01 -1.069232625532051534e-01 1.331759999999999888e-01 -9.543825440407331939e-01 6.009380231063320144e-02 2.924768273798601381e-01 -7.762715000000000032e-01
2.973171295509539069e-01 9.671953880847951324e-02 9.498672829865530964e-01 1.940775200000000034e+00 2.221535334131166661e-02 9.938857630006160404e-01 -1.081552965906150687e-01 1.254052999999999973e-01 -9.545202997063511052e-01 5.325805964695171091e-02 2.933506034272637120e-01 -7.562389000000000472e-01
2.968630044516792355e-01 9.898185659271563352e-02 9.497762624183557767e-01 1.973112600000000105e+00 1.784574118319236236e-02 9.938645964530011812e-01 -1.091544476369870759e-01 1.217528999999999972e-01 -9.547533116515202201e-01 4.935337863583726115e-02 2.932752255266082297e-01 -7.459734000000000087e-01
2.964334137030699701e-01 9.471370963327872816e-02 9.503454868877146966e-01 2.038550600000000212e+00 1.495247645426957261e-02 9.944881806128704760e-01 -1.037770787273719214e-01 1.140425000000000050e-01 -9.549364663097902328e-01 4.497301222739701065e-02 2.933833217532402227e-01 -7.254981000000000346e-01
2.961129527436693887e-01 8.494582630189720374e-02 9.513681336955286394e-01 2.071314099999999936e+00 1.826228294251918544e-02 9.953519118775239205e-01 -9.455718134274726516e-02 1.102936000000000055e-01 -9.549783286751343248e-01 4.537376021056366282e-02 2.931852889303988574e-01 -7.153450000000000086e-01
2.977877241902261995e-01 7.612546344854821678e-02 9.515920266250392778e-01 2.137841700000000067e+00 3.223098556742171050e-02 9.954453800986738932e-01 -8.971989082449484398e-02 1.034174999999999955e-01 -9.540878549121973862e-01 5.738823097944707741e-02 2.939778155815353511e-01 -6.956231000000000497e-01
2.986751963177592950e-01 7.910004645308715832e-02 9.510711381151607524e-01 2.170616100000000159e+00 3.762617201201370887e-02 9.948084480831289600e-01 -9.455380903040726259e-02 1.000212999999999935e-01 -9.536128136116198695e-01 6.402604371313148912e-02 2.941483765757918478e-01 -6.854552999999999896e-01
2.998636390164485244e-01 8.353477730873631879e-02 9.503177042314810974e-01 2.203696299999999830e+00 4.105435673594794166e-02 9.941060267831415276e-01 -1.003381647551593592e-01 9.676319999999999366e-02 -9.530982833836237900e-01 6.910244925772032754e-02 2.946667842118850800e-01 -6.755552999999999697e-01
3.007649593223886142e-01 8.743955402232819751e-02 9.496814011215435336e-01 2.236959900000000001e+00 4.174607394251483861e-02 9.936265741907720495e-01 -1.047067159846782891e-01 9.312259999999999982e-02 -9.527841857179346619e-01 7.113758116696372591e-02 2.951977980804152413e-01 -6.653002999999999556e-01
3.005409077070562152e-01 8.583674757251917586e-02 9.498985290865494813e-01 2.270363800000000154e+00 3.891537706870776270e-02 9.940090417390270439e-01 -1.021352944317556466e-01 8.937299999999999411e-02 -9.529746881330160013e-01 6.766149353386122223e-02 2.954000102751321855e-01 -6.546925000000000106e-01
3.006677621319588378e-01 8.196071389549902664e-02 9.502006831150460187e-01 2.303808000000000078e+00 3.774073833279482926e-02 9.944977159261062516e-01 -9.772374167955991120e-02 8.563819999999999766e-02 -9.529819166619351023e-01 6.524365406304277748e-02 2.959201448361478137e-01 -6.440000999999999642e-01
3.006827001224752216e-01 8.113458849269489237e-02 9.502668532560621939e-01 2.337355599999999978e+00 3.541941279411697785e-02 9.947375402241036557e-01 -9.613891650221358109e-02 8.208550000000000568e-02 -9.530663035929752835e-01 6.256520294077781708e-02 2.962266300260691931e-01 -6.333305999999999658e-01
3.008402257887176634e-01 8.241655501101764758e-02 9.501066624371756753e-01 2.370856299999999806e+00 3.381565856118162738e-02 9.947104375770435825e-01 -9.699302351901507857e-02 7.847919999999999896e-02 -9.530748447962871239e-01 6.130788558907028507e-02 2.964619425510305328e-01 -6.226757000000000541e-01
3.008435453911824653e-01 8.686336586005971583e-02 9.497093854795396473e-01 2.404244400000000059e+00 3.484543185321344050e-02 9.941771410099090600e-01 -1.019686626975487426e-01 7.477939999999999587e-02 -9.530367029004845891e-01 6.376964767681268798e-02 2.960649843526731440e-01 -6.120299000000000156e-01
3.017576140095611925e-01 9.012571058597691753e-02 9.491152188636685638e-01 2.438115400000000044e+00 3.344985691375193526e-02 9.939080239957707175e-01 -1.050140319636943542e-01 7.115159999999999541e-02 -9.527976959773288845e-01 6.343655198854225574e-02 2.969046217425702627e-01 -6.014947000000000488e-01
3.018951473959884946e-01 8.891248887360853059e-02 9.491859087139120632e-01 2.471817499999999779e+00 3.356872247934540587e-02 9.940325681076513931e-01 -1.037901460275114651e-01 6.742720000000000657e-02 -9.527499466543460915e-01 6.319669978414935163e-02 2.971089300013263212e-01 -5.907719000000000165e-01
3.027975492855989326e-01 8.182700321720474956e-02 9.495356684670286374e-01 2.506112599999999802e+00 3.566761415772032318e-02 9.946365207624588978e-01 -9.708765557910396804e-02 6.375970000000000248e-02 -9.523872455293231898e-01 6.326557602711201100e-02 2.982549269383935053e-01 -5.801720999999999684e-01
3.021691162813223697e-01 8.074622489172897377e-02 9.498283383493562049e-01 2.540173799999999815e+00 3.460441652958452796e-02 9.948201073345892542e-01 -9.557974889820214370e-02 5.998690000000000272e-02 -9.526260334057703449e-01 6.174950371080470402e-02 2.978097366928381673e-01 -5.691171000000000424e-01
3.022808083712364424e-01 8.489001756432831836e-02 9.494314076374131828e-01 2.574114300000000188e+00 3.212954361781050761e-02 9.945532687964265817e-01 -9.915386000178681714e-02 5.652009999999999673e-02 -9.526772828809045857e-01 6.047710677827401737e-02 2.979068885379896336e-01 -5.579659000000000146e-01
3.023893028923912984e-01 8.809966906307947765e-02 9.491043977388521347e-01 2.643564899999999884e+00 3.046053645163464274e-02 9.943177879461312374e-01 -1.020014327987161101e-01 4.900109999999999882e-02 -9.526976777631673832e-01 5.975437126175990599e-02 2.979874995696623063e-01 -5.358076999999999979e-01
3.027494341582498416e-01 8.518979422586539507e-02 9.492552233601951883e-01 2.678495900000000152e+00 3.012940623803512727e-02 9.946438869547464812e-01 -9.887242802367553207e-02 4.535739999999999911e-02 -9.525938268730291814e-01 5.853406788621613732e-02 2.985611560469459969e-01 -5.246505999999999670e-01
3.044829660897893087e-01 8.419697572026871302e-02 9.487892245597674412e-01 2.748377099999999906e+00 3.145098935699152526e-02 9.946537587989049412e-01 -9.836023269429727822e-02 3.794460000000000194e-02 -9.519984026402726895e-01 5.978937519969899222e-02 3.002070485241794540e-01 -5.023971999999999882e-01
3.057559186754584268e-01 8.268442339558935983e-02 9.485128382487321153e-01 2.783547200000000110e+00 3.466870685843699562e-02 9.945944726489021059e-01 -9.787704399406470246e-02 3.394199999999999995e-02 -9.514785331050251704e-01 6.281019904435287959e-02 3.012365846578376471e-01 -4.913988000000000245e-01
3.079439735445459458e-01 8.295915660346823983e-02 9.477807169874460369e-01 2.854269500000000015e+00 3.525112273318099787e-02 9.945121986006802972e-01 -9.850302117443500427e-02 2.656899999999999887e-02 -9.507512122020388423e-01 6.374374612526480244e-02 3.033296347643460456e-01 -4.686482000000000148e-01
3.091704025256313271e-01 8.092573516585178928e-02 9.475572212747920275e-01 2.890017700000000023e+00 3.545079156805050480e-02 9.946996294227459234e-01 -9.651885102636968694e-02 2.263199999999999934e-02 -9.503456758355548484e-01 6.343242557334792531e-02 3.046628034508708227e-01 -4.570598000000000161e-01
3.099723296166578823e-01 8.060925747664945962e-02 9.473221745958896323e-01 2.925691099999999878e+00 3.370272494206075220e-02 9.948413706168688364e-01 -9.568058131423298751e-02 1.867900000000000116e-02 -9.501480312054021438e-01 6.158567137096898625e-02 3.056565456166204786e-01 -4.451956000000000246e-01
3.127408932798381169e-01 8.120929665695690580e-02 9.463604935789593497e-01 2.997515700000000116e+00 3.233493841724971452e-02 9.948505930690318966e-01 -9.605596924579064277e-02 1.107230000000000020e-02 -9.492879359962822505e-01 6.064113790718290986e-02 3.085045655500748829e-01 -4.215592000000000228e-01
3.138164902011393309e-01 8.384234352175667926e-02 9.457746411860586955e-01 3.033782500000000049e+00 3.250835878601700951e-02 9.945608861670717227e-01 -9.895377868282088929e-02 7.238800000000000096e-03 -9.489269819574516207e-01 6.179890888477605759e-02 3.093840296036195481e-01 -4.094010000000000149e-01
3.152379258214091373e-01 8.351256032667836449e-02 9.453310014970937036e-01 3.070081500000000130e+00 3.042502216428405112e-02 9.947191184511214868e-01 -9.802139263511053247e-02 3.308699999999999922e-03 -9.485248379194495261e-01 5.966177717355208854e-02 3.110323201764968459e-01 -3.975276999999999838e-01
3.150056972329535743e-01 8.346339088427916220e-02 9.454127527661548847e-01 3.106172599999999839e+00 2.696934665914393903e-02 9.949363078133203198e-01 -9.682147352512679439e-02 -8.264000000000000295e-04 -9.487065220876051974e-01 5.599648004023050074e-02 3.111596522230096751e-01 -3.850497999999999976e-01
3.158152631773062380e-01 8.538426626085540705e-02 9.449710295132566218e-01 3.142833200000000105e+00 2.492762887366971325e-02 9.948522440882777707e-01 -9.822232817060677634e-02 -4.759700000000000389e-03 -9.484931907309536170e-01 5.457599754116396196e-02 3.120610959882719193e-01 -3.732078999999999813e-01
3.152672560658685286e-01 8.574390064408152212e-02 9.451214423316380842e-01 3.179202599999999990e+00 2.201156903500944145e-02 9.949813162089241603e-01 -9.760979061433271153e-02 -8.819699999999999762e-03 -9.487476208567349190e-01 5.157677672649517431e-02 3.117976716096355627e-01 -3.609918999999999767e-01
3.128625096250728377e-01 8.451364648569736904e-02 9.460309157891150234e-01 3.252999799999999997e+00 1.684804382584049326e-02 9.953828237686134228e-01 -9.449432557388948162e-02 -1.647519999999999887e-02 -9.496489843570327105e-01 4.550250217419079396e-02 3.099940786620674071e-01 -3.364138999999999879e-01
3.116834762804722159e-01 8.399081040380709795e-02 9.464665627381837476e-01 3.289830900000000113e+00 1.555241638817553979e-02 9.955011984276521675e-01 -9.346382334142530612e-02 -2.048039999999999930e-02 -9.500586997434471437e-01 4.385097144670890845e-02 3.089750141111264892e-01 -3.243472000000000022e-01
3.071943286175368715e-01 8.434492423894279778e-02 9.479016711771047765e-01 3.362992999999999899e+00 1.398403044343769774e-02 9.955569426449623061e-01 -9.311724246331708199e-02 -2.778239999999999876e-02 -9.515440564460365680e-01 4.186057460836119237e-02 3.046499646080400581e-01 -3.000025000000000053e-01
3.045533106593510952e-01 8.084045579621118582e-02 9.490585343766155813e-01 3.400251599999999819e+00 1.214648809674460928e-02 9.959811948827269612e-01 -8.873512420057289019e-02 -3.157139999999999946e-02 -9.524178409675789769e-01 3.855230403797263450e-02 3.023474426219268096e-01 -2.882646999999999848e-01
2.940985085933353615e-01 8.861994045969051603e-02 9.516578026770425858e-01 3.474506599999999779e+00 5.839234300731847849e-03 9.955069964407025074e-01 -9.450779534192996212e-02 -3.949989999999999751e-02 -9.557572759785599725e-01 3.335155454445665191e-02 2.922596503513803512e-01 -2.635418999999999956e-01
2.786609663395683834e-01 8.731980212451617707e-02 9.564116885502984555e-01 3.548537500000000122e+00 8.272590212112601593e-03 9.956029005817064181e-01 -9.330824510446607267e-02 -4.748460000000000181e-02 -9.603539087700325716e-01 3.391336772171109348e-02 2.767133054261966540e-01 -2.414953999999999990e-01
2.554810420825173733e-01 8.537294307046162933e-02 9.630373293532907830e-01 3.622490899999999847e+00 1.167593967311159053e-02 9.957485371834967625e-01 -9.137025298025701348e-02 -5.524950000000000000e-02 -9.667435593626578783e-01 3.458773320722281774e-02 2.533980645987753411e-01 -2.209102000000000010e-01
2.273370548629217169e-01 8.320390884241404827e-02 9.702551071958323003e-01 3.697103699999999993e+00 1.659018417874270901e-02 9.958677164196710896e-01 -8.928749734416886741e-02 -6.261239999999999861e-02 -9.736748067374281224e-01 3.639506761104889521e-02 2.250172655118243270e-01 -2.025135000000000129e-01
2.125631627323000261e-01 8.561234899366299000e-02 9.733896586408904428e-01 3.734513999999999889e+00 2.127169776733291856e-02 9.955129622693624780e-01 -9.220334499232739345e-02 -6.531280000000000419e-02 -9.769157674658225377e-01 4.030468525452286788e-02 2.097882637880319479e-01 -1.947103000000000028e-01
1.820944279307608049e-01 9.331763994455644085e-02 9.788429074124954665e-01 3.807974800000000215e+00 2.178517172048061862e-02 9.948591564650728358e-01 -9.889724511184759537e-02 -7.332729999999999804e-02 -9.830396866910705578e-01 3.933289809792585301e-02 1.791253681574445089e-01 -1.802893000000000134e-01
1.659558099049264490e-01 9.295320096322194636e-02 9.817425179697021331e-01 3.844669099999999951e+00 1.887167839192915864e-02 9.950659104598152949e-01 -9.740479246654334955e-02 -7.732849999999999446e-02 -9.859525997295568445e-01 3.469202028521343323e-02 1.633827861650634095e-01 -1.740243999999999958e-01
1.333334378286109290e-01 8.816209708251319943e-02 9.871421574397565291e-01 3.919658399999999876e+00 9.761364390593579854e-03 9.958703892777908129e-01 -9.026008821697191487e-02 -8.516120000000000634e-02 -9.910231632621093745e-01 2.167054216476869966e-02 1.319222402790636295e-01 -1.624294000000000016e-01
1.170142773592641183e-01 9.108534176883019418e-02 9.889444470792809749e-01 3.957300699999999782e+00 7.410734790022688312e-03 9.956774542181119347e-01 -9.258233185447185820e-02 -8.886320000000000330e-02 -9.931025827697566033e-01 1.816225967755677462e-02 1.158334684771368250e-01 -1.571188000000000029e-01
8.776640573022026492e-02 9.554310854974742973e-02 9.915485729069702936e-01 4.031090700000000027e+00 1.041137727812138647e-02 9.952473478874106494e-01 -9.682107077619114821e-02 -9.653470000000000106e-02 -9.960866735622814216e-01 1.882102366309487684e-02 8.635454718717627820e-02 -1.496815999999999980e-01
5.795621760897220337e-02 9.316744239804600203e-02 9.939622248946226035e-01 4.104412100000000230e+00 1.218945316875979373e-02 9.954955038049612126e-01 -9.402190774257374040e-02 -1.044291999999999998e-01 -9.982447065083331905e-01 1.756501013700861175e-02 5.655949387130965178e-02 -1.446023999999999921e-01
2.594387333471772153e-02 9.510272133450538290e-02 9.951293322132371832e-01 4.178781500000000371e+00 1.168277605493667215e-02 9.953675775743521248e-01 -9.543006998538877683e-02 -1.120170000000000055e-01 -9.995951321310253546e-01 1.410169878197009563e-02 2.471262655850769985e-02 -1.412480000000000124e-01
-5.901451111859554004e-03 9.932969985977482819e-02 9.950370764954143965e-01 4.252264499999999892e+00 1.401130729166796818e-02 9.949649365431747494e-01 -9.923939901880983461e-02 -1.197769000000000056e-01 -9.998844213921689317e-01 1.335611378370032964e-02 -7.263475878948488784e-03 -1.410531999999999897e-01
-3.813923107147487723e-02 1.058581343621657345e-01 9.936495631975280629e-01 4.326756500000000116e+00 1.752251216937338735e-02 9.942909923951347428e-01 -1.052539025840483478e-01 -1.278527000000000136e-01 -9.991187920465468553e-01 1.339693365139369569e-02 -3.977639435883228991e-02 -1.430182000000000120e-01
-7.254246483703823134e-02 1.066476618458684911e-01 9.916470476022081204e-01 4.402101000000000042e+00 1.740807703041366561e-02 9.942505467805690111e-01 -1.056541957550334865e-01 -1.361500999999999961e-01 -9.972133922333121792e-01 9.598252411196432632e-03 -7.398191604156179046e-02 -1.470895000000000119e-01
-1.097173187883613565e-01 1.042030023079477119e-01 9.884856317963871541e-01 4.478134200000000398e+00 1.404079275665143234e-02 9.945527873214081716e-01 -1.032841196408362666e-01 -1.448577000000000059e-01 -9.938636556875685146e-01 2.547065218571828438e-03 -1.105827579784230963e-01 -1.536032999999999982e-01
-1.284166695761295718e-01 1.045517863664973679e-01 9.861937349945747444e-01 4.516600099999999784e+00 1.319576082326006511e-02 9.945193968723569089e-01 -1.037161566051247874e-01 -1.489914999999999989e-01 -9.916325079742346338e-01 -3.053067600804898474e-04 -1.290925091417459702e-01 -1.581752999999999909e-01
-1.653163458446013090e-01 1.049847632300535405e-01 9.806368875817990105e-01 4.593490100000000353e+00 1.261253334834497308e-02 9.944618542760335078e-01 -1.043386045163052500e-01 -1.574306000000000039e-01 -9.861599412869725967e-01 -4.880561381917926378e-03 -1.657249236580674578e-01 -1.695638999999999896e-01
-1.834208934662522328e-01 1.052958440103127224e-01 9.773789239973392773e-01 4.632075799999999965e+00 1.322710632183712876e-02 9.944211932798859843e-01 -1.046495772287615172e-01 -1.615958000000000117e-01 -9.829454814476700220e-01 -6.267024011729460664e-03 -1.837903830771453473e-01 -1.765758000000000050e-01
-2.198289771888414512e-01 1.001990636439429039e-01 9.703789818586261440e-01 4.708858499999999836e+00 1.437689684967021625e-02 9.949359113310082270e-01 -9.947782255814674457e-02 -1.695693000000000061e-01 -9.754324813256327609e-01 -7.917069458661024628e-03 -2.201562953587858917e-01 -1.926081000000000043e-01
-2.569319828128615035e-01 9.783900020237128181e-02 9.614642407532649759e-01 4.786200000000000010e+00 1.477090568516319091e-02 9.951436240273607847e-01 -9.731900072920415812e-02 -1.773638999999999910e-01 -9.663166026479581561e-01 -1.080266620289720148e-02 -2.571293951492464869e-01 -2.112571000000000032e-01
-2.951207965916514131e-01 1.021005512307679719e-01 9.499890488092385121e-01 4.860199500000000228e+00 1.271170091528048968e-02 9.946056388419364236e-01 -1.029467621815476908e-01 -1.851753999999999900e-01 -9.553753859499148904e-01 -1.830575380029483834e-02 -2.948266801001113713e-01 -2.322977999999999987e-01
-3.364285049548818018e-01 9.292110138816481180e-02 9.371134029404520893e-01 4.934557899999999719e+00 8.271249190109623839e-03 9.953731141128546733e-01 -9.572852311674438786e-02 -1.935704000000000036e-01 -9.416726859640024427e-01 -2.445470543859303014e-02 -3.356404622378735825e-01 -2.567015999999999742e-01
-3.585900055692131105e-01 9.141390697889678618e-02 9.290084528768968175e-01 4.971108899999999942e+00 7.485217451831373270e-03 9.954432292510523306e-01 -9.506181598273549804e-02 -1.973227999999999926e-01 -9.334651463367932278e-01 -2.713438683829561687e-02 -3.576402460928289617e-01 -2.700960000000000027e-01
-4.057938677576434228e-01 8.794965292574317972e-02 9.097231421924656392e-01 5.043991100000000394e+00 3.324848321411319474e-03 9.954947152295379187e-01 -9.475873222928143935e-02 -2.051233000000000084e-01 -9.139585779858578896e-01 -3.542782099286334585e-02 -4.042580700811869709e-01 -2.998190000000000022e-01
-4.285627340199820723e-01 8.628522315908281060e-02 8.993824788563014039e-01 5.080133400000000243e+00 4.157357334105257762e-03 9.956072324552660557e-01 -9.353584907810758020e-02 -2.090619999999999978e-01 -9.035024623039578096e-01 -3.634692486515520016e-02 -4.270388760564218789e-01 -3.164377999999999913e-01
-4.511575747573016715e-01 8.860301167936501798e-02 8.880351057590328834e-01 5.116196600000000316e+00 6.196240104645985014e-03 9.953464126996195427e-01 -9.616197447309515756e-02 -2.132421999999999929e-01 -8.924227974159310017e-01 -3.788172445051746218e-02 -4.496070791313007131e-01 -3.340427000000000257e-01
-4.934066350149614588e-01 8.764295807165750629e-02 8.653719457110121693e-01 5.186314099999999705e+00 1.485278855949360294e-02 9.956144288280190935e-01 -9.236505714535291067e-02 -2.213148000000000060e-01 -8.696719422835373914e-01 -3.272034550408993436e-02 -4.925445074253426148e-01 -3.721753999999999896e-01
-5.351639246237761549e-01 9.261460447111058425e-02 8.396559466947974837e-01 5.254152799999999957e+00 1.814599712583907926e-02 9.950028346488055675e-01 -9.818391838356517465e-02 -2.291141999999999901e-01 -8.445533118575676568e-01 -3.730809670167177516e-02 -5.341702063489804919e-01 -4.136068999999999996e-01
-5.558332080961205790e-01 9.262737250990635274e-02 8.261171918314533791e-01 5.286443199999999898e+00 2.062340338470476653e-02 9.950034241423187931e-01 -9.768756920863959359e-02 -2.328957000000000110e-01 -8.310379774778087203e-01 -3.726064689417034337e-02 -5.549662369753870506e-01 -4.333845000000000058e-01
-5.905851678615445799e-01 9.272190377455002963e-02 8.016307180132098420e-01 5.351839499999999639e+00 2.551852264656520597e-02 9.950260510363101440e-01 -9.629103157108175048e-02 -2.403939999999999966e-01 -8.065717354977721687e-01 -3.641162341216618026e-02 -5.900137533791925959e-01 -4.802767000000000008e-01
-6.060581823583390815e-01 9.660862160484821881e-02 7.895316674004393409e-01 5.383466699999999605e+00 2.876037785021974547e-02 9.946092851162082749e-01 -9.962535132453813336e-02 -2.442806999999999895e-01 -7.949001951581213810e-01 -3.767153026140983296e-02 -6.055695959552005458e-01 -5.042031000000000152e-01
-6.350185469516276271e-01 9.335827215106320964e-02 7.668348440494937579e-01 5.445811700000000144e+00 2.639100719292043762e-02 9.947128183084829045e-01 -9.924678247751095306e-02 -2.529363000000000028e-01 -7.720459570302707908e-01 -4.278600371340104958e-02 -6.341249073482685406e-01 -5.539823000000000386e-01
-6.480584208466442231e-01 9.195058432067276799e-02 7.560194264784738660e-01 5.476994999999999614e+00 2.574694641716173543e-02 9.947625067034010504e-01 -9.891738981270106756e-02 -2.573008999999999991e-01 -7.611552915929478136e-01 -4.463905577241639167e-02 -6.470316659791864877e-01 -5.796299999999999786e-01
-6.597132549023304593e-01 9.032472698908072806e-02 7.460696113637927951e-01 5.506500199999999623e+00 2.523640483704338300e-02 9.948536652833152027e-01 -9.812904026461452545e-02 -2.612747000000000264e-01 -7.510935661933695329e-01 -4.590891380441838865e-02 -6.585976210526613972e-01 -6.054549000000000181e-01
-6.710165527391106499e-01 8.819800726350890407e-02 7.361778979736258721e-01 5.536432300000000417e+00 2.450086336145249760e-02 9.949950957329332102e-01 -9.687345953332343607e-02 -2.654660999999999826e-01 -7.410374441582986416e-01 -4.696670077998929549e-02 -6.698191064557498242e-01 -6.320866000000000540e-01
-6.817754093868078069e-01 8.254264630300478522e-02 7.268899522601394159e-01 5.566210700000000067e+00 2.161093801929566197e-02 9.954530174450961777e-01 -9.276991655369323797e-02 -2.697055999999999898e-01 -7.312422707375284547e-01 -4.753947413203155059e-02 -6.804592125071664555e-01 -6.592434000000000349e-01
-6.994901142924203619e-01 7.739052702787699300e-02 7.104395022333176435e-01 5.624054000000000109e+00 2.347984209003636802e-02 9.960711300247458988e-01 -8.538735823675833170e-02 -2.775886000000000187e-01 -7.142564504592197050e-01 -4.304660564519557919e-02 -6.985590259382691292e-01 -7.148200999999999583e-01
-7.060856985193700863e-01 8.160489542124008122e-02 7.034085778476845130e-01 5.652646999999999977e+00 2.859447150107793933e-02 9.958131683933190148e-01 -8.682447727474887356e-02 -2.814034999999999731e-01 -7.075488269695510146e-01 -4.119192515224084916e-02 -7.054628854562547957e-01 -7.425059999999999993e-01
-7.134229985579697564e-01 8.984315883930159286e-02 6.949502370230047354e-01 5.708601500000000328e+00 3.738545555236029438e-02 9.952142855435421875e-01 -9.028207775189661666e-02 -2.890043999999999946e-01 -6.997356306789708214e-01 -3.842827942847609063e-02 -7.133675872216717062e-01 -8.002835999999999839e-01
-7.175324691024098644e-01 8.704309472359875177e-02 6.910648706487244608e-01 5.736821700000000135e+00 3.462643714700377323e-02 9.953917422055982289e-01 -8.942197380626601411e-02 -2.926007999999999942e-01 -6.956638309085102501e-01 -4.023405534920070775e-02 -7.172398867574596437e-01 -8.286915999999999727e-01
-7.259030783983213553e-01 7.376221054919789022e-02 6.838302838180955190e-01 5.792774200000000207e+00 2.294142761225216251e-02 9.962761369816148793e-01 -8.311167054091991857e-02 -3.002333999999999836e-01 -6.874142940548683134e-01 -4.464297454120213365e-02 -7.248921251835760415e-01 -8.856490999999999669e-01
-7.324319499625632224e-01 6.875433392650392994e-02 6.773597864062793628e-01 5.848366300000000351e+00 1.318171090121496650e-02 9.961335320605868571e-01 -8.685752012472339190e-02 -3.076296000000000030e-01 -6.807126274513749520e-01 -5.468846195334742255e-02 -7.305063250632558569e-01 -9.438950000000000395e-01
-7.339325664133745653e-01 7.001686048177857558e-02 6.756038981579016722e-01 5.875914100000000140e+00 1.291798147645523143e-02 9.959316552855569382e-01 -8.918107285037979448e-02 -3.114215000000000177e-01 -6.790994873451542402e-01 -5.672545503075265838e-02 -7.318511522427921800e-01 -9.735017999999999727e-01
-7.341062835112891483e-01 7.382364369711003071e-02 6.750096548498587534e-01 5.930461900000000064e+00 1.446391538020173201e-02 9.955470618692938700e-01 -9.314957195441513071e-02 -3.190394999999999759e-01 -6.788805194296840817e-01 -5.861840354955553944e-02 -7.319051325849438294e-01 -1.032360600000000073e+00
-7.331450215325715503e-01 7.520475660609921009e-02 6.759013404231587474e-01 5.957582999999999629e+00 1.513412442529423960e-02 9.954249052465757863e-01 -9.434095766275288342e-02 -3.232493000000000172e-01 -6.799039165057699785e-01 -5.893642845187513357e-02 -7.309289717349095605e-01 -1.061555100000000085e+00
-7.306167371287338730e-01 7.773059687613380342e-02 6.783488318974563169e-01 6.012095900000000270e+00 1.734699483337084555e-02 9.952912354388496752e-01 -9.536476513293248858e-02 -3.315551999999999944e-01 -6.825674070724548903e-01 -5.790777985632281771e-02 -7.285248271915639728e-01 -1.119639199999999946e+00
-7.267327458486291247e-01 7.586789877320557207e-02 6.827177879966583873e-01 6.066676600000000086e+00 1.408250597021202741e-02 9.953187058188369685e-01 -9.561567273577337156e-02 -3.398780000000000134e-01 -6.867759453685826632e-01 -5.987266306799960552e-02 -7.243991062116483803e-01 -1.176563100000000084e+00
-7.232947574864435625e-01 7.347723489873921043e-02 6.866191009171405124e-01 6.093906900000000348e+00 1.266391050708125243e-02 9.955670202066357888e-01 -9.319835646377370997e-02 -3.440989999999999882e-01 -6.904232898471021063e-01 -5.871459979013306241e-02 -7.210189155689253893e-01 -1.204905200000000010e+00
-7.142265330893198261e-01 6.772805873637120777e-02 6.966300090370886045e-01 6.148822299999999963e+00 8.901669543930731260e-03 9.961056361348058497e-01 -8.771728415656986078e-02 -3.519299000000000177e-01 -6.998579996760357913e-01 -5.644884162032394459e-02 -7.120479678850170080e-01 -1.260873600000000039e+00
-7.079861861472281914e-01 6.977834348451991686e-02 7.027706190537987840e-01 6.175766900000000170e+00 1.138152599496346923e-02 9.961049759271719539e-01 -8.743762233246110682e-02 -3.556369999999999809e-01 -7.061345630194921785e-01 -5.390602669168342853e-02 -7.060227469392095223e-01 -1.288723899999999922e+00
-6.947230538429249869e-01 7.326131749791926773e-02 7.155366222756380790e-01 6.231149699999999569e+00 1.154567558062875518e-02 9.958070129828706651e-01 -9.074739814187340881e-02 -3.630413000000000112e-01 -7.191846604555376388e-01 -5.478295585856866184e-02 -6.926559405021015525e-01 -1.342139100000000029e+00
-6.870570776685647196e-01 7.328484586061413675e-02 7.228982662814444904e-01 6.259390400000000021e+00 1.186317846735994441e-02 9.958994603285099556e-01 -8.968572859733095481e-02 -3.670127000000000250e-01 -7.265065980582583460e-01 -5.304334345201634077e-02 -6.851091640704042307e-01 -1.368619699999999995e+00
-6.776133410643020438e-01 7.532558351863408164e-02 7.315505563385562571e-01 6.287762200000000412e+00 1.179801381121483445e-02 9.957260996382247820e-01 -9.159880659352741261e-02 -3.707998000000000127e-01 -7.353237157074319352e-01 -5.343772980605875078e-02 -6.756059814354742343e-01 -1.394935400000000048e+00
-6.670011047217714317e-01 7.765028812265793723e-02 7.409992976072273807e-01 6.316743400000000008e+00 1.253946534159076920e-02 9.955832912403377311e-01 -9.304123823339832677e-02 -3.746491000000000127e-01 -7.449511984746942650e-01 -5.276687367586926913e-02 -6.650288481965209719e-01 -1.421005199999999968e+00
-6.561147890370336855e-01 7.902109246100826045e-02 7.505125252473522357e-01 6.346212900000000268e+00 1.334098675832741387e-02 9.955618397677696851e-01 -9.315922536457525716e-02 -3.786200000000000121e-01 -7.545431741651388302e-01 -5.111056783564797701e-02 -6.542570658207021994e-01 -1.446513799999999961e+00
-6.449289364825230297e-01 7.786402194497483997e-02 7.602656515811265781e-01 6.375956999999999653e+00 1.297026488379741938e-02 9.957681743309252376e-01 -9.098085083411881768e-02 -3.824336999999999875e-01 -7.641324748473701245e-01 -4.881533648566323269e-02 -6.432096266439313315e-01 -1.471688499999999955e+00
-6.331698603969969641e-01 8.017512236409835014e-02 7.698492564383945247e-01 6.405619100000000010e+00 1.509965196358036693e-02 9.957109299005367786e-01 -9.127839058170929276e-02 -3.864387000000000238e-01 -7.738655751455971732e-01 -4.617026998524255410e-02 -6.316647669247221764e-01 -1.496348699999999976e+00
-6.211991742732883015e-01 8.143745960473278145e-02 7.794097292536912303e-01 6.435506300000000124e+00 1.701065757386718141e-02 9.957525698405392811e-01 -9.048456876653984682e-02 -3.902493000000000212e-01 -7.834680742768587169e-01 -4.295066738817404639e-02 -6.199459789044695635e-01 -1.520440900000000095e+00
-6.087264360648233508e-01 8.143416725520866151e-02 7.891898392904388437e-01 6.466122600000000276e+00 1.846582284277206720e-02 9.959031270284554038e-01 -8.852104247964796835e-02 -3.941495999999999889e-01 -7.931652661473251875e-01 -3.931205894372595544e-02 -6.077363100877279933e-01 -1.544112200000000046e+00
