1.000000000000000000e+00 0.000000000000000000e+00 0.000000000000000000e+00 0.000000000000000000e+00 0.000000000000000000e+00 1.000000000000000000e+00 0.000000000000000000e+00 0.000000000000000000e+00 0.000000000000000000e+00 0.000000000000000000e+00 1.000000000000000000e+00 0.000000000000000000e+00
9.999991269465128285e-01 3.322391852138419999e-04 1.278954000737091709e-03 -2.158999999999999895e-04 -3.349603018186423763e-04 9.999976797378277160e-01 2.127985093276143526e-03 -1.256200000000000068e-03 -1.278244033194966519e-03 -2.128411634249436149e-03 9.999969179733039226e-01 6.835960000000000647e-02
9.999953292948366990e-01 -3.466447005997458711e-04 3.036647158064981200e-03 -3.414000000000000042e-04 3.369536036214267928e-04 9.999948509844753808e-01 3.191311142149832764e-03 -2.328799999999999794e-03 -3.037737773417012281e-03 -3.190273027273567066e-03 9.999902971065426360e-01 1.367635000000000101e-01
9.999867759223289854e-01 2.616745683088598671e-04 5.136098410860892582e-03 -3.019000000000000199e-04 -2.815226362559857020e-04 9.999924947767965255e-01 3.864082696311324592e-03 -3.419900000000000023e-03 -5.135048731124457547e-03 -3.865477525346317205e-03 9.999793444656894792e-01 2.036872000000000127e-01
9.999642759246731849e-01 -2.196066215862571406e-04 8.449772031003990533e-03 -4.139999999999999664e-05 1.915891387588935743e-04 9.999944822626976038e-01 3.316434495240571257e-03 -4.508299999999999808e-03 -8.450453718356868912e-03 -3.314697134138717190e-03 9.999588004587303125e-01 2.702242999999999729e-01
9.999279228759615501e-01 -6.439861445251568537e-04 1.198892550692935016e-02 5.023999999999999603e-04 6.267906593991636431e-04 9.999987696685423977e-01 1.437982917461667377e-03 -5.433699999999999641e-03 -1.198983679765206617e-02 -1.430364725264584441e-03 9.999270962776828364e-01 3.360556000000000099e-01
9.998793739835001304e-01 -7.616627311558986022e-04 1.551313482980597874e-02 1.134999999999999941e-03 7.698910386454912991e-04 9.999995661130931524e-01 -5.244439093197921864e-04 -6.335600000000000259e-03 -1.551272864947958116e-02 5.363240712269002697e-04 9.998795265462425697e-01 4.008680000000000021e-01
9.998035422490126889e-01 -2.469119391896209799e-04 1.981958477923084772e-02 1.757499999999999948e-03 2.402641103446045631e-04 9.999999140829451960e-01 3.377976608696067382e-04 -7.662799999999999993e-03 -1.981966648266599018e-02 -3.329693629964821191e-04 9.998035156729142559e-01 4.650643999999999889e-01
9.996838663484439724e-01 1.898572670361727780e-04 2.514222179610486191e-02 3.059000000000000087e-03 -1.925124943547296672e-04 9.999999761456017655e-01 1.031878642514865384e-04 -8.779099999999999751e-03 -2.514220160538639670e-02 -1.079954349267524618e-04 9.996838790514830375e-01 5.295155999999999752e-01
9.995008325258872839e-01 2.082142174084277309e-03 3.152380789221270740e-02 4.587899999999999791e-03 -2.062140555122673590e-03 9.999976513472048634e-01 -6.669905582671258959e-04 -9.905499999999999375e-03 -3.152512262290427247e-02 6.016510955684707023e-04 9.995027787152820364e-01 5.924827000000000288e-01
9.992365687688389286e-01 3.220982483997571894e-03 3.893462349779749226e-02 6.583199999999999989e-03 -3.202990910495112642e-03 9.999947328786484846e-01 -5.244656209966305294e-04 -1.106490000000000078e-02 -3.893610771898944195e-02 3.993579823948966378e-04 9.992416224461915242e-01 6.552717999999999599e-01
9.988739688424347341e-01 4.386592489136527211e-03 4.723930752347146184e-02 9.017499999999999474e-03 -4.416927759599709701e-03 9.999901007134793796e-01 5.377956971201370987e-04 -1.213539999999999931e-02 -4.723648079746557010e-02 -7.458427311534636525e-04 9.988834559649544254e-01 7.170590000000000019e-01
9.983186856472319182e-01 6.499354771880200971e-03 5.759826625109866483e-02 1.199899999999999925e-02 -6.578740843646539369e-03 9.999776532623902980e-01 1.188757651836209496e-03 -1.317429999999999990e-02 -5.758925296003890304e-02 -1.565683043243545468e-03 9.983391340522080881e-01 7.777581000000000078e-01
9.974623083451918948e-01 8.885886161874441760e-03 7.063982203969340623e-02 1.541250000000000085e-02 -8.997952578170565277e-03 9.999587131583794752e-01 1.268395852588903193e-03 -1.429360000000000006e-02 -7.062563472339444814e-02 -1.900790823862364256e-03 9.975010810591443677e-01 8.377388999999999530e-01
9.947325671213929077e-01 1.297607455147591418e-02 1.016796016776125439e-01 2.534770000000000079e-02 -1.333916089449169173e-02 9.999068479465363923e-01 2.891749687117527688e-03 -1.593179999999999943e-02 -1.016326064543966595e-01 -4.232838156204404498e-03 9.948129956863395185e-01 9.569320999999999522e-01
9.927483812852144762e-01 1.311479220585930715e-02 1.194933206542666826e-01 3.162539999999999796e-02 -1.366804795523526676e-02 9.998993230207308125e-01 3.811599110296865541e-03 -1.699399999999999869e-02 -1.194313020973967743e-01 -5.417199283888198685e-03 9.928276879858050075e-01 1.014531300000000025e+00
9.902787580381344767e-01 1.291855574295357884e-02 1.384958204999927611e-01 3.910099999999999687e-02 -1.342354576567754768e-02 9.999062202383910414e-01 2.712774898702209267e-03 -1.765589999999999868e-02 -1.384477872612154825e-01 -4.545508342360566299e-03 9.903593027565211759e-01 1.071894799999999925e+00
9.872674901696543159e-01 1.233010261039070229e-02 1.585902627014937616e-01 4.782859999999999889e-02 -1.276999111884328034e-02 9.999169202779027987e-01 1.754955491943680553e-03 -1.829220000000000151e-02 -1.585554482852488956e-01 -3.757806750123786257e-03 9.873429235617645627e-01 1.128757999999999928e+00
9.837219960761929283e-01 9.641595411073865252e-03 1.794382179854664139e-01 5.770659999999999679e-02 -1.010752576265595837e-02 9.999475021675091613e-01 1.682507627460303086e-03 -1.926249999999999837e-02 -1.794125758101361712e-01 -3.468796172791846488e-03 9.837678054776358705e-01 1.183942000000000050e+00
9.795474194051823069e-01 4.366238135875347148e-03 2.011660734348334756e-01 6.902819999999999789e-02 -5.190498980422619812e-03 9.999801562606264183e-01 3.570126791519469180e-03 -1.985380000000000131e-02 -2.011464935239543894e-01 -4.541260784641324225e-03 9.795506444760800902e-01 1.239362700000000039e+00
9.744867472164869815e-01 -1.252527191816470717e-03 2.244415529153737376e-01 8.146309999999999663e-02 1.297665031973844942e-04 9.999874056320733340e-01 5.017144395958995050e-03 -2.058319999999999941e-02 -2.244450103256594720e-01 -4.860015727239488763e-03 9.744746367079266669e-01 1.294125600000000098e+00
9.619558929329563579e-01 -1.234296817503952384e-02 2.729258345928224361e-01 1.102419000000000038e-01 1.205560817573619534e-02 9.999236020440828154e-01 2.729905987362453001e-03 -2.212259999999999921e-02 -2.729386787596654318e-01 6.642377711905834287e-04 9.620312034570975834e-01 1.398104900000000095e+00
9.451969737962484519e-01 -1.817655718297492284e-02 3.259943151274086182e-01 1.437191999999999914e-01 1.723050039720419591e-02 9.998347822456941092e-01 5.789479058388023736e-03 -2.334210000000000104e-02 -3.260456878759111499e-01 1.448470904440086506e-04 9.453540016506221111e-01 1.499419599999999964e+00
9.351682063315379656e-01 -2.270795542899201741e-02 3.534752814934714604e-01 1.623304000000000136e-01 2.095730044123830793e-02 9.997418187812284751e-01 8.779939533782914196e-03 -2.392640000000000045e-02 -3.535833952900922506e-01 -8.028326326971636090e-04 9.354026609086025790e-01 1.548184900000000086e+00
9.114035042033642453e-01 -2.480976732423239434e-02 4.107652954804549839e-01 2.028098000000000123e-01 2.498682771106423839e-02 9.996755813420510339e-01 4.938674859692206848e-03 -2.523809999999999942e-02 -4.107545629287222000e-01 5.762596094609988284e-03 9.117277452833629781e-01 1.642386099999999960e+00
8.834949912191764065e-01 -2.770193789820904473e-02 4.676207898792686390e-01 2.487095000000000000e-01 3.290439456247577082e-02 9.994541212868356395e-01 -2.959773848821342819e-03 -2.621520000000000100e-02 -4.672835341728876490e-01 1.800172434637919636e-02 8.839242256050303670e-01 1.731435899999999917e+00
8.495619543122988615e-01 -2.747748082690795735e-02 5.267726965518185755e-01 3.000570000000000181e-01 2.863968646318142824e-02 9.995720886945282935e-01 5.950450583681668459e-03 -2.720490000000000061e-02 -5.267107879513747148e-01 1.003132843969734012e-02 8.499853635830306731e-01 1.817547699999999988e+00
8.079299284038071738e-01 -2.111075565030467310e-02 5.889003029251149712e-01 3.562505999999999728e-01 2.258967339856289558e-02 9.997330722522734803e-01 4.846741253320050596e-03 -2.827889999999999918e-02 -5.888454274639187691e-01 9.387238193606451189e-03 8.081911545630346971e-01 1.899314299999999900e+00
7.628088565680936073e-01 -1.192124212074276504e-02 6.465141393098654543e-01 4.177265000000000006e-01 1.908112521231298403e-02 9.998096234657235515e-01 -4.077681444164072376e-03 -2.931279999999999997e-02 -6.463424471608758548e-01 1.544670876357403036e-02 7.628911063752570332e-01 1.975458900000000018e+00
7.392666585990704808e-01 -1.436954947147117169e-02 6.732594771198934236e-01 4.506776000000000115e-01 2.034041866290942080e-02 9.997926163832062674e-01 -9.957882508733724783e-04 -2.995079999999999965e-02 -6.731055451059535510e-01 1.443053268628548616e-02 7.394056294578823518e-01 2.011384699999999803e+00
6.887869769397049202e-01 -1.260734986468112565e-02 7.248541612818760749e-01 5.189188999999999607e-01 2.119136471926391999e-02 9.997716613394760365e-01 -2.747952663175325105e-03 -3.171290000000000220e-02 -7.246540046529775791e-01 1.725340290764233037e-02 6.888968671931299248e-01 2.078589700000000207e+00
6.350149933520893297e-01 -7.480215305142891985e-03 7.724635943505911984e-01 5.916310999999999654e-01 1.928362241691824325e-02 9.997950106438987516e-01 -6.170785853366863964e-03 -3.305099999999999705e-02 -7.722590887289885186e-01 1.881443782192522562e-02 6.350290676850289806e-01 2.141074900000000003e+00
5.777987126637581516e-01 3.865064455487142447e-04 8.161792071946402105e-01 6.688849999999999518e-01 1.827404240746247077e-02 9.997430799688488134e-01 -1.341019867452376835e-02 -3.498380000000000239e-02 -8.159746975355265386e-01 2.266328897506902224e-02 5.776432015653247820e-01 2.198428199999999944e+00
5.476736297224509276e-01 9.775916943646942650e-03 8.366349423461505452e-01 7.085875000000000368e-01 1.719241496515302309e-02 9.995891323410135421e-01 -2.293441460786972697e-02 -3.610839999999999883e-02 -8.365154010383202277e-01 2.694434919701350906e-02 5.472805367195581194e-01 2.224600600000000039e+00
4.849689926338014989e-01 2.305347894047033927e-02 8.742274379659431549e-01 7.930002999999999913e-01 1.377804921384429351e-02 9.993270056370173737e-01 -3.399560507497026429e-02 -3.916759999999999686e-02 -8.744228047938917836e-01 2.853196301157265302e-02 4.843249792681454391e-01 2.273326899999999817e+00
4.524159483461141495e-01 2.272580635836950191e-02 8.915174408879772416e-01 8.369862000000000135e-01 1.191949710556911707e-02 9.994318752137719697e-01 -3.152542458767967903e-02 -4.092300000000000104e-02 -8.917273884269992790e-01 2.488904441807763754e-02 4.518880394490635277e-01 2.295757300000000001e+00
4.191685677500086582e-01 2.157300700299024515e-02 9.076520903844463861e-01 8.821546999999999583e-01 7.359341642634390293e-03 9.996040854752322735e-01 -2.715717937878644322e-02 -4.254859999999999892e-02 -9.078785997593473711e-01 1.806315781012639288e-02 4.188438496969164593e-01 2.316807700000000025e+00
3.847944451979821157e-01 2.298334452318393298e-02 9.227160997941380449e-01 9.280960999999999794e-01 3.559051502432065278e-03 9.996455528996150974e-01 -2.638373969750971298e-02 -4.408340000000000175e-02 -9.229954323273653616e-01 1.343631060044180731e-02 3.845762570157813531e-01 2.336533800000000216e+00
3.493369626917594006e-01 2.576733914864638708e-02 9.366427978319671332e-01 9.746415000000000495e-01 -3.628201850867924030e-03 9.996515107231913611e-01 -2.614752875838588508e-02 -4.599620000000000097e-02 -9.369901401021389908e-01 5.735969145653907822e-03 3.493087116138594572e-01 2.354775399999999852e+00
3.135971476288972326e-01 2.781203284096782011e-02 9.491487343026236978e-01 1.022386800000000040e+00 -8.438284899546354828e-03 9.996131249767373772e-01 -2.650274933276937708e-02 -4.750929999999999737e-02 -9.495186276987797047e-01 3.019991629907743669e-04 3.137105105818608353e-01 2.371090399999999931e+00
2.773876283716149027e-01 2.718972838256693975e-02 9.603732723773881208e-01 1.071223999999999954e+00 -1.142518527732440392e-02 9.996221372951104023e-01 -2.500095540042967385e-02 -4.930749999999999716e-02 -9.606901523216262451e-01 -4.037486846752291400e-03 2.775934616164664748e-01 2.385742899999999889e+00
2.408581036689153576e-01 2.655072444096734374e-02 9.701971103485486081e-01 1.120583099999999943e+00 -1.182108761115949896e-02 9.996318564225732395e-01 -2.442157883612772196e-02 -5.105900000000000022e-02 -9.704883491236272475e-01 -5.586649874453331749e-03 2.410832917447348622e-01 2.398507599999999851e+00
2.048886469249648901e-01 2.598095901057744656e-02 9.784404080628253952e-01 1.171248999999999985e+00 -1.110940712172064394e-02 9.996449798227755590e-01 -2.421766686794037116e-02 -5.280440000000000134e-02 -9.787222401859790866e-01 -5.907967841260542211e-03 2.051045403722835392e-01 2.409158500000000203e+00
1.695333544189048802e-01 2.459496594239313910e-02 9.852175035949000126e-01 1.222163899999999970e+00 -8.751009450987857000e-03 9.996867019261110876e-01 -2.345032677135448079e-02 -5.440060000000000034e-02 -9.854855968369415908e-01 -4.646035125470454955e-03 1.696954707249140881e-01 2.418024500000000021e+00
1.353868526084751056e-01 2.385926854522880947e-02 9.905054949091689487e-01 1.273750699999999902e+00 -3.701195374405680943e-04 9.997111591360016147e-01 -2.403042468371925644e-02 -5.615660000000000096e-02 -9.907927448020090733e-01 2.886798129165637702e-03 1.353565781344312491e-01 2.424283500000000036e+00
6.885626582857307110e-02 3.238174500471876355e-02 9.971009162800896775e-01 1.377468600000000043e+00 2.469573443196836082e-03 9.994644799608198849e-01 -3.262904386672332152e-02 -5.988729999999999748e-02 -9.976235341365768949e-01 4.709128061251816044e-03 6.873942282089073874e-02 2.433440899999999907e+00
3.977762735327470406e-02 3.611997445213492586e-02 9.985555006146233925e-01 1.429675100000000088e+00 9.824501834194985031e-03 9.992839819941169432e-01 -3.653768593782760754e-02 -6.217659999999999854e-02 -9.991602571789242049e-01 1.126369280291975201e-02 3.939428510060238864e-02 2.435135600000000178e+00
1.402762885742202606e-02 3.428534967299351477e-02 9.993136346645327128e-01 1.482801599999999942e+00 1.170626908775115708e-02 9.993378437852080687e-01 -3.445050424560287122e-02 -6.437189999999999579e-02 -9.998330805152847445e-01 1.218149319795003467e-02 1.361698684675560767e-02 2.436059699999999939e+00
-2.703369096664163737e-02 2.864795543785048776e-02 9.992239359632810736e-01 1.589855199999999913e+00 1.315298319890051415e-02 9.995129248310543613e-01 -2.830039096267836923e-02 -6.896339999999999415e-02 -9.995479871350299028e-01 1.237771161814409798e-02 -2.739732960360374836e-02 2.434245300000000167e+00
-5.796498039388588153e-02 3.626141003200474000e-02 9.976598474382075699e-01 1.697384800000000027e+00 1.729541367222561798e-02 9.992266144559182051e-01 -3.531347658997108924e-02 -7.323369999999999880e-02 -9.981687881885724645e-01 1.520799478743568162e-02 -5.854730720282796952e-02 2.428724499999999953e+00
-6.999245658784905566e-02 4.154514021542510260e-02 9.966820241909043476e-01 1.751985099999999962e+00 2.162803314689898393e-02 9.989607152689287117e-01 -4.012128526838442538e-02 -7.559150000000000591e-02 -9.973130322035276274e-01 1.874808453872314762e-02 -7.081825416609888180e-02 2.424795599999999940e+00
-7.855740074716650867e-02 4.481886717909956686e-02 9.959016035395420463e-01 1.806878399999999996e+00 2.702589404693105102e-02 9.987174686575153171e-01 -4.281376938893496908e-02 -7.837689999999999935e-02 -9.965431931626511641e-01 2.355179277904506652e-02 -7.966791837420994504e-02 2.419971700000000059e+00
-8.436431374736648447e-02 5.049669989919256669e-02 9.951546341474912794e-01 1.861415599999999948e+00 3.039594545068353276e-02 9.983807168347478278e-01 -4.808358090548148916e-02 -8.108650000000000579e-02 -9.959712591566562967e-01 2.619212766893514593e-02 -8.576259896994276044e-02 2.415008100000000102e+00
-8.783804890341655180e-02 5.510393843470164088e-02 9.946094877557851710e-01 1.915994299999999928e+00 3.242587052983364471e-02 9.980978342818737081e-01 -5.243354005039117111e-02 -8.438879999999999992e-02 -9.956068702481031263e-01 2.764541862258774324e-02 -8.945775955141288538e-02 2.410000999999999838e+00
-9.052598025874221410e-02 5.917290931683515109e-02 9.941346054238207053e-01 1.971227599999999969e+00 3.487814933602810530e-02 9.978092594309615482e-01 -5.621562498744991920e-02 -8.763369999999999493e-02 -9.952831564922053342e-01 2.958460067023864493e-02 -9.239150288903730246e-02 2.404850199999999827e+00
-9.289781113105662069e-02 6.186931397253769144e-02 9.937515709047337609e-01 2.026777500000000121e+00 3.524271806178739391e-02 9.976464716023883961e-01 -5.881724681521723064e-02 -9.150550000000000350e-02 -9.950517310726492148e-01 2.955851295096506570e-02 -9.485961628349404151e-02 2.399439099999999936e+00
-9.716322020229380130e-02 6.918910011122425541e-02 9.928606030383722025e-01 2.137001500000000220e+00 3.729355732654306838e-02 9.971332159104916437e-01 -6.583722586753291972e-02 -9.899959999999999316e-02 -9.945695044700761933e-01 3.063034694220240564e-02 -9.946498189990238270e-02 2.388244400000000045e+00
-9.943451189492055753e-02 7.067151097698996798e-02 9.925312667016832346e-01 2.193310299999999824e+00 3.986407068628651518e-02 9.969567710248961045e-01 -6.699292929803490892e-02 -1.029605999999999993e-01 -9.942452583304268732e-01 3.290492734898436966e-02 -1.019491640162900614e-01 2.382724300000000017e+00
-1.037243835726294888e-01 6.878323557731497173e-02 9.922248327652325450e-01 2.305372699999999941e+00 3.931298182276149467e-02 9.971097747937962552e-01 -6.501220247667395535e-02 -1.114303999999999989e-01 -9.938288291817063413e-01 3.226396618800016214e-02 -1.061286708346916852e-01 2.371103999999999878e+00
-1.084370572270031696e-01 7.228232386320589120e-02 9.914719715034215897e-01 2.417950199999999938e+00 3.789797857847417017e-02 9.969286151917702288e-01 -6.853524225889084942e-02 -1.195324999999999999e-01 -9.933806661293608231e-01 3.014302355030033798e-02 -1.108433592581571370e-01 2.358957100000000029e+00
-1.132636640274707340e-01 7.816741244724292881e-02 9.904853345922771668e-01 2.532047700000000123e+00 3.335796068625618283e-02 9.966375773761536605e-01 -7.483839803633886290e-02 -1.280015999999999932e-01 -9.930048282208535637e-01 2.456409968010046796e-02 -1.154903291924465059e-01 2.345924099999999957e+00
-1.182176969266984790e-01 8.433078187928512437e-02 9.894002705482626281e-01 2.645857299999999857e+00 2.801335938216699406e-02 9.962738925638454646e-01 -8.156949608651992145e-02 -1.377690000000000026e-01 -9.925924782253149337e-01 1.807346738486199228e-02 -1.201395935868584397e-01 2.333104399999999856e+00
-1.209369809394807566e-01 8.254107892693891835e-02 9.892225315523403006e-01 2.703037000000000134e+00 2.641726053161344567e-02 9.964515934606484882e-01 -7.991464343747782528e-02 -1.427714999999999956e-01 -9.923086087438971470e-01 1.646791362957672478e-02 -1.226883565520391350e-01 2.326297299999999790e+00
-1.238537106009293398e-01 7.868251577628057603e-02 9.891760814341887809e-01 2.760539099999999912e+00 2.297225687887013632e-02 9.968115404519100053e-01 -7.641353437566822393e-02 -1.474382999999999944e-01 -9.920345426366325992e-01 1.325950726858218104e-02 -1.252663230190859123e-01 2.319433200000000195e+00
-1.263742584840115979e-01 7.684750529720926759e-02 9.890015205864000070e-01 2.818288299999999857e+00 2.336514656711861232e-02 9.969487869201174579e-01 -7.447943464073288056e-02 -1.524839000000000055e-01 -9.917074249588500034e-01 1.369588215857338656e-02 -1.277842169181514498e-01 2.312256800000000112e+00
-1.281542594566847382e-01 7.752023903080197675e-02 9.887199291628120390e-01 2.876202600000000054e+00 2.274151837680457242e-02 9.969080171662448864e-01 -7.521455079692677959e-02 -1.569117999999999902e-01 -9.914934740708211125e-01 1.284592738082164856e-02 -1.295209366268653683e-01 2.304847999999999786e+00
-1.292169366294128874e-01 8.010879276626678425e-02 9.883752144856937649e-01 2.934394600000000075e+00 2.441889115863676157e-02 9.966862670506291266e-01 -7.758996602180254221e-02 -1.618798999999999932e-01 -9.913156414798932614e-01 1.410908906390285350e-02 -1.307449141002965387e-01 2.297000900000000012e+00
-1.301862493339978888e-01 8.273151559282528045e-02 9.880319007056707070e-01 2.991864699999999822e+00 2.465153140233255699e-02 9.964746952617764553e-01 -8.019029680995987119e-02 -1.668001000000000067e-01 -9.911830519555234753e-01 1.391682545208342697e-02 -1.317667616869683256e-01 2.289753900000000009e+00
-1.305540567542458064e-01 8.383644461853673180e-02 9.878902210360884784e-01 3.050664199999999937e+00 2.316335847516370200e-02 9.964043155121016238e-01 -8.149784569552356861e-02 -1.714645999999999948e-01 -9.911705691197452150e-01 1.224298095168544626e-02 -1.320265591775247049e-01 2.282228499999999993e+00
-1.303825979300681226e-01 8.262984210414708874e-02 9.880145177834434023e-01 3.109703800000000129e+00 1.996332847485522005e-02 9.965378310685556462e-01 -8.070821993690475982e-02 -1.765154999999999919e-01 -9.912627520860508579e-01 9.201110966751607778e-03 -1.315807580300641932e-01 2.274746200000000051e+00
-1.303524637844284684e-01 8.190447944601381147e-02 9.880788892755510977e-01 3.169208300000000200e+00 1.622966503085064571e-02 9.966247501572486067e-01 -8.047176739073266805e-02 -1.817534000000000094e-01 -9.913348743781363881e-01 5.546496252527725879e-03 -1.312417739174728259e-01 2.267204500000000067e+00
-1.299841308447143851e-01 8.279857446374211394e-02 9.880528942295127015e-01 3.228688200000000119e+00 1.247340182076776133e-02 9.965648826831571272e-01 -8.187092798865081011e-02 -1.869934000000000041e-01 -9.914376127500722502e-01 1.682459353842299943e-03 -1.305703999954079819e-01 2.259343599999999785e+00
-1.301674163411445095e-01 8.333654862778264172e-02 9.879835339649544190e-01 3.288928299999999805e+00 8.300615908387327935e-03 9.965180726396474231e-01 -8.296282708601365741e-02 -1.920466000000000117e-01 -9.914572827402158284e-01 -2.598185014889294042e-03 -1.304059275340497814e-01 2.251867999999999981e+00
-1.307864584853078160e-01 8.264465158692624325e-02 9.879598999154503014e-01 3.348599000000000103e+00 4.553983659657846739e-03 9.965590085098359197e-01 -8.276112487587693189e-02 -1.973086000000000007e-01 -9.914001026375266479e-01 -6.324881182164093785e-03 -1.307127857875161059e-01 2.244693299999999780e+00
-1.310167105531332143e-01 7.776841128703007588e-02 9.883251973726701056e-01 3.409061700000000084e+00 4.797471961996389866e-03 9.969565372984940943e-01 -7.781161224759594597e-02 -2.023890000000000133e-01 -9.913685519616859398e-01 -5.453159055785992970e-03 -1.309910578539692505e-01 2.236880100000000038e+00
-1.315161125981118284e-01 6.893685230209732617e-02 9.889141633740309301e-01 3.470125700000000091e+00 8.221378412547487163e-03 9.976206442558618326e-01 -6.845041337725352171e-02 -2.073996999999999924e-01 -9.912799408159526093e-01 -8.720947184844562994e-04 -1.317699449295002267e-01 2.229258300000000137e+00
-1.316486722550147814e-01 6.376247751052621648e-02 9.892436371062545142e-01 3.530615800000000082e+00 1.345525548542268052e-02 9.979521828144249929e-01 -6.253316652582419088e-02 -2.119907000000000041e-01 -9.912051166097324284e-01 5.078117529566907734e-03 -1.322370202668005090e-01 2.221007600000000082e+00
-1.309317132273507822e-01 6.623418268376779494e-02 9.891763844307872589e-01 3.590760700000000138e+00 2.210692633292914849e-02 9.977127246119816828e-01 -6.387959733315870525e-02 -2.161638999999999922e-01 -9.911448785517997795e-01 1.350378434178084799e-02 -1.320964705394865879e-01 2.212815299999999930e+00
-1.295059345188972200e-01 7.178335211303550623e-02 9.889769275791033820e-01 3.651963900000000152e+00 2.781550985022935088e-02 9.972466837468766387e-01 -6.874117519819269995e-02 -2.205979000000000134e-01 -9.911884333143516912e-01 1.860650733675692919e-02 -1.311460542622930880e-01 2.204123000000000054e+00
-1.283651043767202182e-01 7.755455565691780906e-02 9.886898860993832416e-01 3.712983799999999945e+00 3.128348965424321282e-02 9.967580999890937044e-01 -7.412579430390367485e-02 -2.252287000000000039e-01 -9.912334453868100193e-01 2.141450450021705615e-02 -1.303751346829740143e-01 2.195851300000000172e+00
-1.274554491586064320e-01 8.215712564768032355e-02 9.884357921408397640e-01 3.774150099999999952e+00 3.242660586216142282e-02 9.963758966013389617e-01 -7.863579276727609979e-02 -2.299654999999999894e-01 -9.913140893339700277e-01 2.202905756470805235e-02 -1.296576141642782343e-01 2.187802099999999861e+00
-1.274456211339932976e-01 7.952765255448940307e-02 9.886520955993282067e-01 3.836314400000000013e+00 2.888879585781890108e-02 9.966550216947833718e-01 -7.644740155463877751e-02 -2.346718000000000137e-01 -9.914247581776723939e-01 1.881808198896312012e-02 -1.293167764159034450e-01 2.179759300000000177e+00
-1.268893578008030709e-01 7.488460075123377913e-02 9.890861375265697086e-01 3.898173100000000169e+00 2.824732963178076817e-02 9.970145836550111662e-01 -7.186103497653106853e-02 -2.397604000000000124e-01 -9.915145885187840458e-01 1.882064158186479499e-02 -1.286258302397838005e-01 2.171776799999999952e+00
-1.267796971022588093e-01 7.305177909195974262e-02 9.892372546432725011e-01 3.960172899999999885e+00 2.573110318842412869e-02 9.971910491386422049e-01 -7.034146605296726085e-02 -2.442837999999999954e-01 -9.915971050438611156e-01 1.653629611713542530e-02 -1.283032820287939302e-01 2.163770899999999830e+00
-1.263583070953493981e-01 7.908880074183632924e-02 9.888268502752214362e-01 4.084673399999999788e+00 2.543852548665558738e-02 9.967471975362756087e-01 -7.647160011824916115e-02 -2.539262999999999937e-01 -9.916584390046109254e-01 1.549147510080108037e-02 -1.279591909560978680e-01 2.148123000000000005e+00
-1.258765195666937398e-01 8.185757224083889394e-02 9.886629555559426352e-01 4.147369399999999651e+00 2.521815661453277388e-02 9.965318969194189025e-01 -7.929831649631402524e-02 -2.589745999999999992e-01 -9.917253381852965122e-01 1.495046116414248255e-02 -1.275042638982665233e-01 2.140222099999999905e+00
-1.256773152211093370e-01 8.100162595607424132e-02 9.887587921385511125e-01 4.210804000000000435e+00 2.524526197903177380e-02 9.965995218952121704e-01 -7.843513055923642674e-02 -2.639523999999999759e-01 -9.917499126223426886e-01 1.510395811390672499e-02 -1.272948595304200792e-01 2.132506799999999814e+00
-1.252022448490831552e-01 7.426000104889009246e-02 9.893481945851870796e-01 4.274943799999999960e+00 2.681109716239267124e-02 9.970839444895464032e-01 -7.144769212588919505e-02 -2.691971000000000225e-01 -9.917689060228188636e-01 1.758009912901373900e-02 -1.268281402564710447e-01 2.124362500000000153e+00
-1.255049369055515063e-01 7.249222046202985492e-02 9.894409475986013502e-01 4.338294499999999942e+00 2.635886511185182163e-02 9.972183969409249560e-01 -6.971857021330146731e-02 -2.742452000000000223e-01 -9.917427695941870569e-01 1.733051571812872782e-02 -1.270666446499432167e-01 2.116354499999999916e+00
-1.249228867653979641e-01 7.542404602277437420e-02 9.892954491170745657e-01 4.402594999999999814e+00 2.380437064344466044e-02 9.970471483501960330e-01 -7.300914946095242442e-02 -2.792216000000000142e-01 -9.918808518670322316e-01 1.442904183570731594e-02 -1.263494299600688153e-01 2.108232699999999848e+00
-1.246982055301277675e-01 7.895703174359866572e-02 9.890481002842108627e-01 4.467011900000000146e+00 2.302914489076325621e-02 9.967904099379756300e-01 -7.667161887740858717e-02 -2.838111999999999857e-01 -9.919274247762113195e-01 1.321611871627653007e-02 -1.261162883330739781e-01 2.100386100000000145e+00
-1.248283850636221076e-01 7.833771796012631294e-02 9.890809250143326459e-01 4.531817900000000066e+00 2.211236857089316638e-02 9.968502098464068206e-01 -7.616234164834667641e-02 -2.889748999999999790e-01 -9.919319116948466242e-01 1.236369984972990332e-02 -1.261674343379968199e-01 2.092657800000000012e+00
-1.244235061802354408e-01 7.457331851089932240e-02 9.894228677749916656e-01 4.596615800000000363e+00 2.157644741233413418e-02 9.971392445518161285e-01 -7.244158951663122459e-02 -2.943919999999999870e-01 -9.919945806439063318e-01 1.233479391417928797e-02 -1.256765882422619107e-01 2.084497900000000126e+00
-1.233447961690605221e-01 7.359599544765235701e-02 9.896310881899791356e-01 4.662283900000000259e+00 2.206989268211716204e-02 9.972029708694776229e-01 -7.140836593906658980e-02 -2.995941999999999772e-01 -9.921184309824170322e-01 1.303320156971982113e-02 -1.246240529024406074e-01 2.076121999999999801e+00
-1.222888352888511637e-01 7.421120152324046926e-02 9.897161908002584108e-01 4.727247199999999872e+00 2.373756814414090463e-02 9.971340659886223090e-01 -7.183440891105055681e-02 -3.046283000000000185e-01 -9.922106473034336682e-01 1.470890932308525217e-02 -1.236999570098016310e-01 2.068121200000000215e+00
-1.217172464929595910e-01 7.426917463334220537e-02 9.897823001071771598e-01 4.792843300000000362e+00 2.609938141810846587e-02 9.970913227727620232e-01 -7.160807455068049499e-02 -3.098485000000000267e-01 -9.922216154648940689e-01 1.711676811041850862e-02 -1.233015898262871390e-01 2.060701100000000174e+00
-1.201399753035205520e-01 7.381890039979237261e-02 9.900086647488672842e-01 4.858879100000000228e+00 2.596443336337841967e-02 9.971241676873361381e-01 -7.119861244403496991e-02 -3.148415999999999992e-01 -9.924173691215749660e-01 1.715121446436791708e-02 -1.217111388008883521e-01 2.051976199999999917e+00
-1.189316982971058145e-01 7.427822910169128157e-02 9.901201926138475384e-01 4.924789399999999873e+00 2.684142386704497715e-02 9.970739444221967673e-01 -7.157574532725234639e-02 -3.200449000000000210e-01 -9.925395655110961224e-01 1.806361082061723466e-02 -1.205774309693379287e-01 2.044182800000000189e+00
-1.177490404232637983e-01 7.269060429618383334e-02 9.903793412256013395e-01 4.991113699999999653e+00 2.719107637915414363e-02 9.971793622565193749e-01 -6.995687853974143222e-02 -3.250909000000000160e-01 -9.926710476511054759e-01 1.869212499254031476e-02 -1.193934488090517831e-01 2.036393599999999804e+00
-1.165268397147962154e-01 7.189096380154581800e-02 9.905822454242591002e-01 5.057887599999999928e+00 2.539705278928804447e-02 9.972663774807487558e-01 -6.938848648041633094e-02 -3.302268999999999899e-01 -9.928627726608044712e-01 1.707224853701562461e-02 -1.180341179243953320e-01 2.028604000000000074e+00
-1.153500231040115037e-01 7.128637201407156399e-02 9.907636576575544751e-01 5.124815899999999758e+00 2.609758588534038734e-02 9.972947260974709405e-01 -6.871786746638533505e-02 -3.350901000000000018e-01 -9.929820180551416353e-01 1.792993204788607617e-02 -1.168983719129436105e-01 2.021024000000000154e+00
-1.135688977087228047e-01 7.237900881887393556e-02 9.908901980318622904e-01 5.192156800000000239e+00 2.438714817329048004e-02 9.972454687002572093e-01 -7.004814173679635436e-02 -3.400827000000000155e-01 -9.932307750352884490e-01 1.620969583927182878e-02 -1.150211862380086103e-01 2.013414899999999896e+00
-1.118624063842904581e-01 7.532860084135310774e-02 9.908644730401829914e-01 5.259615900000000011e+00 2.501766182984249340e-02 9.970201448798212684e-01 -7.297223650394543681e-02 -3.450278999999999985e-01 -9.934087369428976633e-01 1.662626233114947519e-02 -1.134136180818349215e-01 2.005783999999999789e+00
-1.106332379527375787e-01 7.399786070704747476e-02 9.911027208472759087e-01 5.327923799999999765e+00 2.304502320586145764e-02 9.971472625271726731e-01 -7.187672599671564300e-02 -3.502006999999999759e-01 -9.935940889344773153e-01 1.488803027085953967e-02 -1.120229127862676366e-01 1.998385400000000089e+00
-1.104820059680902550e-01 7.251773032132557972e-02 9.912289872407437086e-01 5.396202599999999627e+00 1.968693122479600599e-02 9.972985454863509958e-01 -7.076747776880876195e-02 -3.556388999999999800e-01 -9.936831240874614002e-01 1.169572399863249429e-02 -1.116111954238050430e-01 1.991348600000000024e+00
-1.098740303526029999e-01 7.369399546587315775e-02 9.912098125454325004e-01 5.464242500000000113e+00 1.658021877501563573e-02 9.972447613115670295e-01 -7.230478809877252666e-02 -3.607855999999999841e-01 -9.938072216478648357e-01 8.490057061742446731e-03 -1.107931637405505931e-01 1.983859500000000109e+00
-1.105206519656292685e-01 7.295963008142357376e-02 9.911922507099590884e-01 5.532958500000000335e+00 1.442967796864054117e-02 9.973145707302067953e-01 -7.180133287721469915e-02 -3.661438000000000192e-01 -9.937690727139851798e-01 6.367054861165788449e-03 -1.112766405387102253e-01 1.976822499999999927e+00
-1.117442797810205279e-01 7.056378344791089385e-02 9.912285147238941718e-01 5.601607300000000400e+00 1.148277504498017992e-02 9.975008030447836127e-01 -6.971580740605458348e-02 -3.712446999999999830e-01 -9.936706505746697449e-01 3.591711364802394058e-03 -1.122752768688840552e-01 1.969498799999999994e+00
-1.133580652634722380e-01 6.907354124950561280e-02 9.911502383286678874e-01 5.670862699999999812e+00 9.796519504722073224e-03 9.976096535723668612e-01 -6.840326969389554090e-02 -3.765411000000000175e-01 -9.935059019680334558e-01 1.955760331701215937e-03 -1.137637805112372558e-01 1.962364800000000020e+00
-1.143664926213785876e-01 6.819715567940311252e-02 9.910950778420422047e-01 5.740097999999999701e+00 7.694688494851126964e-03 9.976718562246118527e-01 -6.776178175273134263e-02 -3.818175999999999792e-01 -9.934088267850511578e-01 -1.235094200604594517e-04 -1.146249868526569848e-01 1.954606300000000019e+00
-1.158912281381490328e-01 6.814246857125026702e-02 9.909217058969127523e-01 5.809242700000000426e+00 7.996696047692274795e-03 9.976755972395182637e-01 -6.767167446643737594e-02 -3.871070999999999818e-01 -9.932297196987976973e-01 8.154622503788594434e-05 -1.161667648566527822e-01 1.946522700000000050e+00
-1.181324001484409664e-01 6.679551907130530652e-02 9.907487545625095482e-01 5.878640700000000052e+00 7.607125755397538963e-03 9.977666395507533981e-01 -6.636162021333150141e-02 -3.922361999999999793e-01 -9.929687143474916766e-01 -3.027071055796345944e-04 -1.183766898316473970e-01 1.938584099999999921e+00
-1.211624760282821178e-01 6.192795026821527882e-02 9.906990377396521774e-01 5.947865499999999805e+00 5.543074477585969301e-03 9.980786474287099974e-01 -6.171132693608774589e-02 -3.972913000000000139e-01 -9.926172115816002117e-01 -1.985578619503592518e-03 -1.212729514340022963e-01 1.930384899999999959e+00
-1.252009051290119135e-01 6.216863886243555182e-02 9.901816973146234657e-01 6.016317800000000382e+00 4.788799259136247016e-03 9.980610663008272487e-01 -6.205783863551220247e-02 -4.021015000000000006e-01 -9.921198520121105036e-01 -3.027916189005743636e-03 -1.252558620066163142e-01 1.921910400000000019e+00
-1.309351866380098206e-01 6.762666506014314294e-02 9.890817009089357681e-01 6.084219899999999903e+00 -6.061314184162974739e-04 9.976650703402321074e-01 -6.829377737190556186e-02 -4.072701000000000238e-01 -9.913907451175715257e-01 -9.541571980706663875e-03 -1.305884715408057728e-01 1.913791699999999985e+00
-1.378696456139815729e-01 7.087509308907567751e-02 9.879112723306127108e-01 6.152736199999999656e+00 2.982257396329512922e-04 9.974393335655304949e-01 -7.151703935258062195e-02 -4.123049999999999771e-01 -9.904503379168909660e-01 -9.565408301018929471e-03 -1.375377442171836773e-01 1.904483600000000054e+00
-1.472403158656040156e-01 6.732522626329093263e-02 9.868067710004801985e-01 6.220918199999999842e+00 2.114205452007036912e-03 9.976998883758988468e-01 -6.775295469590639219e-02 -4.173882999999999899e-01 -9.890984882806688194e-01 -7.889654194926522257e-03 -1.470439860639687346e-01 1.894914399999999999e+00
-1.577432224226135715e-01 6.513662713028330054e-02 9.853295365439018738e-01 6.289469699999999719e+00 4.985050794723614592e-03 9.978619178898044950e-01 -6.516703226214157207e-02 -4.227218999999999838e-01 -9.874675817708165049e-01 -5.367739875535803423e-03 -1.577306638555886487e-01 1.883835600000000055e+00
-1.705786958943743548e-01 6.592252578931907803e-02 9.831363736026309530e-01 6.356163500000000077e+00 5.493558868897505110e-03 9.978075999496086590e-01 -6.595312194093319591e-02 -4.279858000000000273e-01 -9.853287417496402467e-01 -5.849279986306538809e-03 -1.705668684291099524e-01 1.872664899999999966e+00
-1.842336542350134498e-01 6.592461753032871630e-02 9.806691110923672072e-01 6.423052300000000159e+00 7.499442604541807500e-03 9.978133296875497660e-01 -6.566823782062554404e-02 -4.330848999999999949e-01 -9.828538645230199267e-01 -4.743827708183514374e-03 -1.843251938581386140e-01 1.860144699999999984e+00
-1.989283918296093079e-01 6.407758601063176518e-02 9.779169483627612180e-01 6.489841000000000193e+00 8.423391056253982934e-03 9.979350891328004902e-01 -6.367577530445139855e-02 -4.380916999999999728e-01 -9.799778269977330591e-01 -4.429542703219994243e-03 -1.990573729964341121e-01 1.847224800000000000e+00
-2.145145631788978324e-01 6.646417292270329069e-02 9.744567799045106282e-01 6.555210100000000040e+00 1.183052810978501429e-02 9.977856504770844515e-01 -6.545100691864917664e-02 -4.431288999999999922e-01 -9.766491390406334405e-01 -2.511855832342146932e-03 -2.148258592243198484e-01 1.833373799999999942e+00
-2.295734830354393408e-01 6.969259878775743711e-02 9.707929529828622783e-01 6.620364699999999658e+00 1.265560630050900984e-02 9.975624875695863203e-01 -6.862156383488639266e-02 -4.483352999999999922e-01 -9.732090482091417805e-01 -3.467718008653947193e-03 -2.298958969091643434e-01 1.818450099999999958e+00
-2.444399198147305385e-01 7.364947421270694183e-02 9.668634239380246020e-01 6.685195000000000221e+00 1.264793309649986722e-02 9.972686986509682328e-01 -7.276793579173973514e-02 -4.535495999999999972e-01 -9.695819487744988807e-01 -5.558564490595378771e-03 -2.447037943544180250e-01 1.802027000000000045e+00
-2.603861838665570971e-01 7.138105806007692677e-02 9.628622849616842450e-01 6.749455499999999830e+00 9.701657420037729240e-03 9.974064221688683229e-01 -7.131834868812825245e-02 -4.590226000000000028e-01 -9.654558058734309389e-01 -9.228952623193190097e-03 -2.604033666041265516e-01 1.785583600000000049e+00
-2.767415898188867462e-01 6.539935759280784966e-02 9.587163378658792867e-01 6.814366299999999654e+00 3.695676242656591171e-03 9.977464647068630121e-01 -6.699503072665972947e-02 -4.644138999999999906e-01 -9.609372687338254559e-01 -1.499720611996332997e-02 -2.763596377312917962e-01 1.768113299999999999e+00
-2.923329552588340707e-01 6.131099619140096407e-02 9.543492049641236763e-01 6.878644000000000425e+00 -1.491358048072780051e-04 9.979397997118429897e-01 -6.415710334482459254e-02 -4.694567000000000045e-01 -9.563165903758800157e-01 -1.889756325838849726e-02 -2.917215471554114314e-01 1.749320100000000044e+00
-3.074899784836821470e-01 6.259359997313293511e-02 9.494903656038368167e-01 6.942408999999999608e+00 -2.385693929924017492e-03 9.977802637706153499e-01 -6.654963331464749943e-02 -4.742508999999999753e-01 -9.515483285659099844e-01 -2.272853871776032292e-02 -3.066581026667611898e-01 1.729637899999999950e+00
-3.210717186290146241e-01 6.455859168668788561e-02 9.448519141834038626e-01 7.005537000000000347e+00 -1.937775155835610996e-03 9.976270031368598135e-01 -6.882301678663367561e-02 -4.793244999999999867e-01 -9.470529005942890377e-01 -2.392803484616631490e-02 -3.201847164127987755e-01 1.708107400000000053e+00
-3.352200771750312724e-01 6.676252921698193343e-02 9.397713895151935670e-01 7.067449599999999776e+00 -3.370700384452002263e-04 9.974775197926232240e-01 -7.098227871903116382e-02 -4.845276000000000027e-01 -9.421397912425497623e-01 -2.411145372864680406e-02 -3.343519875169520539e-01 1.686785200000000096e+00
-3.493186398780231960e-01 6.671367549519725826e-02 9.346260072005755370e-01 7.130194699999999663e+00 1.874142692174493585e-03 9.975098868779532779e-01 -7.050186642850185537e-02 -4.897376999999999980e-01 -9.370021213545559613e-01 -2.287599358835512575e-02 -3.485738278964848336e-01 1.663796199999999947e+00
