1.000000000000000000e+00 0.000000000000000000e+00 0.000000000000000000e+00 0.000000000000000000e+00 0.000000000000000000e+00 1.000000000000000000e+00 0.000000000000000000e+00 0.000000000000000000e+00 0.000000000000000000e+00 0.000000000000000000e+00 1.000000000000000000e+00 0.000000000000000000e+00
9.999987569530711662e-01 6.937369141123644976e-04 1.415917160880765351e-03 -4.540999999999999789e-04 -6.966618492107591164e-04 9.999976225175726263e-01 2.066306238230148674e-03 -1.406200000000000028e-03 -1.414480321649275868e-03 -2.067290085182153271e-03 9.999968627736405269e-01 8.077800000000000258e-02
9.999954465389185865e-01 -1.385169468256931119e-04 3.014583633646788184e-03 -4.261000000000000031e-04 1.290824309983140867e-04 9.999950944762322491e-01 3.129594414210041132e-03 -2.639700000000000032e-03 -3.015002347398182403e-03 -3.129191033939796637e-03 9.999905589175921428e-01 1.600389000000000117e-01
9.999864831260982800e-01 3.659284383665335674e-04 5.186488356841015453e-03 -3.784999999999999845e-04 -3.856676678688015147e-04 9.999926850465583605e-01 3.805405868595110753e-03 -4.009399999999999770e-03 -5.185057911693313586e-03 -3.807354692272851230e-03 9.999793093982993764e-01 2.382890000000000008e-01
9.999638860411717012e-01 -5.541291231221783393e-05 8.498443554416604262e-03 -5.810000000000000277e-05 2.738622855841011820e-05 9.999945614004692729e-01 3.297941703187959664e-03 -5.332400000000000161e-03 -8.498580083339885710e-03 -3.297589861139500929e-03 9.999584491556010590e-01 3.159098000000000184e-01
9.999276329809821950e-01 -2.748730415959771737e-04 1.202718777857664581e-02 6.061999999999999897e-04 2.575172131368790441e-04 9.999989234441770680e-01 1.444574460451408891e-03 -6.341300000000000235e-03 -1.202757190521336686e-02 -1.441372713025343855e-03 9.999266272876060624e-01 3.925660000000000260e-01
9.998797087282971230e-01 -4.322874952884134757e-04 1.550423171063655507e-02 1.201100000000000084e-03 4.392862717460350118e-04 9.999998031581995850e-01 -4.480079616479944659e-04 -7.526599999999999610e-03 -1.550403499051605967e-02 4.547648663450069894e-04 9.998797018081371224e-01 4.684745000000000159e-01
9.998065561509970056e-01 1.803504440200238935e-04 1.966768291387597373e-02 2.219500000000000119e-03 -1.876317600420160381e-04 9.999999145479765428e-01 3.683725863982309739e-04 -8.956300000000000372e-03 -1.966761479707315047e-02 -3.719916089483297594e-04 9.998065045549748842e-01 5.435624999999999485e-01
9.996855324707818458e-01 3.574277205478765783e-04 2.507405858719372396e-02 3.666400000000000214e-03 -3.617157163452248666e-04 9.999999207234238074e-01 1.664778867322134527e-04 -1.033040000000000000e-02 -2.507399709559663195e-02 -1.754952159060522456e-04 9.996855825063595269e-01 6.184163999999999772e-01
9.995022996609793653e-01 2.173430439285294839e-03 3.147108470547697184e-02 5.468100000000000044e-03 -2.156030726597021451e-03 9.999975035934353107e-01 -5.868035474039158149e-04 -1.167110000000000022e-02 -3.147228151754632303e-02 5.186588694550885127e-04 9.995044904796863694e-01 6.917604000000000530e-01
9.992476800619987110e-01 3.327351330496839624e-03 3.863939212561263992e-02 7.840599999999999653e-03 -3.310199615141926326e-03 9.999943923128501444e-01 -5.078595883459074110e-04 -1.287759999999999946e-02 -3.864086527526693071e-02 3.795734145083687837e-04 9.992530907907174464e-01 7.645189000000000012e-01
9.988845139006001794e-01 4.304938118506483613e-03 4.702334949105151790e-02 1.080730000000000059e-02 -4.332651255362219081e-03 9.999904952227035571e-01 4.874395876304920563e-04 -1.416199999999999924e-02 -4.702080414732561636e-02 -6.906316297499337682e-04 9.988936715212940465e-01 8.369299999999999518e-01
9.974723083434166027e-01 8.865016305540370650e-03 7.050110335277408324e-02 1.831659999999999885e-02 -8.964900081249317643e-03 9.999592089258196870e-01 1.100477615520134306e-03 -1.651499999999999843e-02 -7.048847178503193922e-02 -1.729731294608578395e-03 9.975110943618918924e-01 9.788383999999999974e-01
9.962873469528680248e-01 1.106635947370381012e-02 8.537598016781058896e-02 2.312739999999999935e-02 -1.123729914187636750e-02 9.999357014447783909e-01 1.521868632632634869e-03 -1.762899999999999884e-02 -8.535364907027470638e-02 -2.475613891092948333e-03 9.963476431076909723e-01 1.047869900000000021e+00
9.947432034413942192e-01 1.300052181008701062e-02 1.015723665167764661e-01 2.952329999999999885e-02 -1.334954057185383340e-02 9.999070896133936959e-01 2.757155670789021833e-03 -1.857090000000000130e-02 -1.015270849265029890e-01 -4.098606292142193547e-03 9.948243324591475867e-01 1.116905500000000107e+00
9.927924715480073159e-01 1.311041293418031307e-02 1.191269302479266295e-01 3.731009999999999882e-02 -1.364118698072462436e-02 9.999003249763562806e-01 3.641171505706010825e-03 -1.975270000000000151e-02 -1.190673190063335912e-01 -5.239960388431757349e-03 9.928723565291620590e-01 1.184973000000000054e+00
9.903178689430968129e-01 1.277743512965235327e-02 1.382289969706461397e-01 4.596390000000000198e-02 -1.327762499750547408e-02 9.999082111540967821e-01 2.697024478924512150e-03 -2.069669999999999843e-02 -1.381818480352212941e-01 -4.506264320013449176e-03 9.903966228009106754e-01 1.251837000000000089e+00
9.873203431952762843e-01 1.207510935628798576e-02 1.582805472785439316e-01 5.605170000000000291e-02 -1.249660775689593467e-02 9.999205231961206808e-01 1.667958562594496147e-03 -2.139370000000000160e-02 -1.582478268644848807e-01 -3.624779335343083879e-03 9.873927720352413395e-01 1.317862300000000042e+00
9.837992795666127277e-01 9.483843728718266766e-03 1.790224405831379317e-01 6.787630000000000052e-02 -9.898361975824667217e-03 9.999499984308936051e-01 1.422346037880872814e-03 -2.230829999999999966e-02 -1.789999998726520825e-01 -3.171331926049091900e-03 9.838439625770976082e-01 1.383015499999999953e+00
9.796342671591351525e-01 4.424642850582502333e-03 2.007414385303369908e-01 8.099180000000000268e-02 -5.233385684407920214e-03 9.999801866766908631e-01 3.498275050453809876e-03 -2.330190000000000039e-02 -2.007219825576224692e-01 -4.477587486044522225e-03 9.796380132112281203e-01 1.447438100000000061e+00
9.745822452811830905e-01 -1.379117404454360428e-03 2.240257690933626367e-01 9.559280000000000554e-02 2.583719288280896063e-04 9.999873060848080142e-01 5.031988989937489012e-03 -2.423020000000000035e-02 -2.240298650328440000e-01 -4.846205157975621430e-03 9.745702303420378243e-01 1.511162600000000023e+00
9.620643346749973013e-01 -1.219998870456600118e-02 2.725497683395881054e-01 1.290509999999999990e-01 1.188666988498914001e-02 9.999254287202778979e-01 2.800728050670027794e-03 -2.606119999999999964e-02 -2.725636128051578400e-01 5.452285548094867960e-04 9.621376095447173871e-01 1.633190499999999989e+00
9.452712589794896036e-01 -1.782669174695781025e-02 3.257981829425845577e-01 1.680331999999999937e-01 1.677390852442134719e-02 9.998410619006086186e-01 6.040441232029120436e-03 -2.772739999999999927e-02 -3.258540822824614880e-01 -2.449465700901831862e-04 9.454200426588346140e-01 1.752143699999999971e+00
9.240258227964370796e-01 -2.546414937766841927e-02 3.814811343983330882e-01 2.133417999999999981e-01 2.411164706457863058e-02 9.996746030615248912e-01 8.325651302795753633e-03 -2.881409999999999874e-02 -3.815690072335546912e-01 1.505021679025621804e-03 9.243391302052212932e-01 1.865091700000000019e+00
9.116472746863729659e-01 -2.467496488067276450e-02 4.102321204696756096e-01 2.378258000000000039e-01 2.491245723159985631e-02 9.996782699552265727e-01 4.767185124239081001e-03 -2.959909999999999972e-02 -4.102177665967097209e-01 5.873898829791336998e-03 9.119686843751515504e-01 1.919506699999999899e+00
8.982660369584659632e-01 -2.578243593278067153e-02 4.386951023710018993e-01 2.640198999999999740e-01 2.892788921375800959e-02 9.995813827931135931e-01 -4.862088475558528841e-04 -3.021990000000000093e-02 -4.384989214041105643e-01 1.312726821463471374e-02 8.986358387893578215e-01 1.972310699999999972e+00
8.677321405138382904e-01 -2.821238655666424844e-02 4.962307865943524354e-01 3.204045999999999839e-01 3.225852257129607770e-02 9.994794722664972486e-01 4.150173507812653095e-04 -3.183609999999999912e-02 -4.959841933376401557e-01 1.564754813578211196e-02 8.681905517779773263e-01 2.074767599999999934e+00
8.497129026074535796e-01 -2.733877092364986328e-02 5.265363945130481227e-01 3.513800999999999730e-01 2.839409373482604249e-02 9.995783263095678883e-01 6.078240957788440951e-03 -3.250619999999999898e-02 -5.264805396055907138e-01 9.785763973610910049e-03 8.501308606562043568e-01 2.125249100000000002e+00
8.296845026261733258e-01 -2.750589688480990780e-02 5.575545280405511672e-01 3.841011999999999760e-01 2.650041994880997231e-02 9.995999896417401276e-01 9.878686692557979085e-03 -3.318839999999999985e-02 -5.576032225915630303e-01 6.579235882320391346e-03 8.300815380495512041e-01 2.174190999999999985e+00
7.859489087313715761e-01 -1.433629301342917092e-02 6.181252167373525452e-01 4.530881999999999965e-01 1.995151900453140739e-02 9.997985721121128710e-01 -2.179929354847667464e-03 -3.403960000000000319e-02 -6.179694569745157740e-01 1.404585010646939962e-02 7.860766275252104585e-01 2.266482799999999909e+00
7.632471971996854787e-01 -1.213406457426193831e-02 6.459926318803737022e-01 4.900227999999999806e-01 1.923609557961581187e-02 9.998071756401546439e-01 -3.947678470814490297e-03 -3.473770000000000330e-02 -6.458201673791832409e-01 1.543943053887314454e-02 7.633334365734013582e-01 2.310366399999999931e+00
7.396179554556926439e-01 -1.459511253226538838e-02 6.728686815848330394e-01 5.285003000000000339e-01 2.045486093199746017e-02 9.997904592385620237e-01 -7.976714848998492369e-04 -3.554460000000000258e-02 -6.727160460638601513e-01 1.435340746010117623e-02 7.397615163432675889e-01 2.352628199999999836e+00
6.893172770939494098e-01 -1.281682090197330121e-02 7.243462021725179945e-01 6.089480999999999922e-01 2.127211530909998982e-02 9.997704629482624394e-01 -2.553140515764096112e-03 -3.763210000000000166e-02 -7.241472147361058820e-01 1.716829980468720027e-02 6.894316941305762558e-01 2.431744600000000034e+00
6.357217019788697909e-01 -7.852531646939898621e-03 7.718783941657021419e-01 6.941747000000000334e-01 1.963621215545500315e-02 9.997891794363809037e-01 -6.001321030754670945e-03 -3.908009999999999956e-02 -7.716685407642811523e-01 1.897193792584259478e-02 6.357418727487302856e-01 2.504598600000000008e+00
5.787353360208001840e-01 1.891256171282704179e-04 8.155154045586096023e-01 7.846733000000000180e-01 1.835632226315849283e-02 9.997435956335400942e-01 -1.325852264362994450e-02 -4.151810000000000223e-02 -8.153088103742426318e-01 2.264303913394847406e-02 5.785834741028436090e-01 2.571369199999999910e+00
5.178487929418279512e-01 1.780865064933281547e-02 8.552867820858345294e-01 8.804237999999999786e-01 1.629208348603118986e-02 9.993966665160431972e-01 -3.067362013693305384e-02 -4.454530000000000295e-02 -8.553170147169855131e-01 2.981870082130830962e-02 5.172462174022669501e-01 2.631598499999999952e+00
4.858168434672222591e-01 2.294402666529237259e-02 8.737594441514934251e-01 9.303957000000000477e-01 1.363042004032702717e-02 9.993349841758206731e-01 -3.382012790981640815e-02 -4.623789999999999845e-02 -8.739543502111929429e-01 2.834009602479222942e-02 4.851810308577992892e-01 2.659844200000000214e+00
4.534006666685678755e-01 2.258607917573200730e-02 8.910205971199350872e-01 9.818907000000000052e-01 1.176959827235547242e-02 9.994400044829053753e-01 -3.132337778269705941e-02 -4.840719999999999745e-02 -8.912291018705603696e-01 2.468899484948218481e-02 4.528809352493398110e-01 2.686083099999999835e+00
4.201855650399359821e-01 2.151577680641057755e-02 9.071830919282427574e-01 1.035167600000000077e+00 7.174987863237973149e-03 9.996088421890315656e-01 -2.703113328490331854e-02 -5.018569999999999975e-02 -9.074098360064387636e-01 1.786711968730676434e-02 4.198668307366603125e-01 2.710855500000000085e+00
3.859666797936871507e-01 2.267526182951130204e-02 9.222340020786484738e-01 1.088857200000000081e+00 3.469095555392162980e-03 9.996551245375282502e-01 -2.603070037256732805e-02 -5.223880000000000190e-02 -9.225061991472279788e-01 1.324630087314667554e-02 3.857549067064645065e-01 2.733713600000000188e+00
3.504992899214925961e-01 2.556498546391538715e-02 9.362140136116097189e-01 1.143687200000000015e+00 -3.620408983420895371e-03 9.996568937975277569e-01 -2.594199918801665117e-02 -5.423150000000000193e-02 -9.365559996088446137e-01 5.703174669259770957e-03 3.504715871441930197e-01 2.755352699999999988e+00
3.148052033391149362e-01 2.775688990324805955e-02 9.487503565287959129e-01 1.199613500000000110e+00 -8.419616378072260557e-03 9.996146458612544805e-01 -2.645127293203506508e-02 -5.602270000000000166e-02 -9.491189567228465185e-01 3.388843134159765652e-04 3.149175942159433417e-01 2.774465800000000204e+00
2.785623789994207122e-01 2.700143764025099077e-02 9.600385009839671469e-01 1.256907699999999961e+00 -1.139331448377718312e-02 9.996272827233937397e-01 -2.480903101932730934e-02 -5.821180000000000104e-02 -9.603505575524267091e-01 -4.027157856830131111e-03 2.787661898587044940e-01 2.791915400000000158e+00
2.418233064896204154e-01 2.643190128927308882e-02 9.699602275519656480e-01 1.314637899999999915e+00 -1.188866746878937744e-02 9.996345876422541021e-01 -2.427654784183765763e-02 -6.025910000000000294e-02 -9.702474674144958566e-01 -5.660899534049960991e-03 2.420491813500341705e-01 2.807234499999999855e+00
2.059698407401274467e-01 2.583308450888033986e-02 9.782172951089361801e-01 1.374104500000000062e+00 -1.109938440247669467e-02 9.996488500061776472e-01 -2.406201045658452192e-02 -6.225409999999999971e-02 -9.784953900613800881e-01 -5.901561325935071947e-03 2.061842457670897133e-01 2.819723799999999780e+00
1.707401959459466934e-01 2.447537348713218347e-02 9.850120514902368507e-01 1.433942999999999968e+00 -8.787139955706230535e-03 9.996895052944853033e-01 -2.331692894585345177e-02 -6.414340000000000319e-02 -9.852769010079037715e-01 -4.674301737429290005e-03 1.709022505513865253e-01 2.829982000000000220e+00
1.362168406232256157e-01 2.374492441293598460e-02 9.903944420761108258e-01 1.494561400000000040e+00 -8.382850385282945155e-04 9.997151230205711947e-01 -2.385309376492537187e-02 -6.621520000000000183e-02 -9.906786914074718897e-01 2.418960228713715882e-03 1.361979405959978795e-01 2.837943600000000011e+00
6.997703532560818618e-02 3.237929164418298922e-02 9.970229666360047593e-01 1.616917299999999891e+00 2.264169385229594655e-03 9.994653424316859436e-01 -3.261752312650063185e-02 -7.055640000000000522e-02 -9.975460330551336741e-01 4.539906445485011530e-03 6.986630937320703616e-02 2.848369599999999835e+00
4.089756976282685891e-02 3.603977384119339683e-02 9.985131563925285780e-01 1.678013399999999988e+00 9.727495864272352535e-03 9.992875441589582630e-01 -3.646614749282591633e-02 -7.340629999999999378e-02 -9.991159915704007632e-01 1.120440941029923580e-02 4.051785529937534935e-02 2.850479099999999821e+00
1.507965143383358138e-02 3.429909868688885838e-02 9.992978414576414448e-01 1.740831599999999924e+00 1.133358158459744740e-02 9.993414117779187977e-01 -3.447162070720683619e-02 -7.591499999999999637e-02 -9.998220611894397258e-01 1.184544363809630386e-02 1.468098851976018526e-02 2.851485999999999965e+00
-7.178729177700108113e-03 3.134857921138441139e-02 9.994827324315417316e-01 1.803926700000000105e+00 1.287886116734799843e-02 9.994284861413145205e-01 -3.125437608259734601e-02 -7.852470000000000283e-02 -9.998912944827679228e-01 1.264783264863249442e-02 -7.578360433944331120e-03 2.851121899999999876e+00
-4.228821433447300937e-02 3.187337424623446630e-02 9.985969131449193847e-01 1.929477600000000015e+00 1.422613393030626623e-02 9.994088875057339783e-01 -3.129684789156952224e-02 -8.381500000000000061e-02 -9.990041661783993776e-01 1.288268561715794937e-02 -4.271665213345743339e-02 2.846689500000000095e+00
-5.651191209880475352e-02 3.611561578788698157e-02 9.977484984139032287e-01 1.993239200000000100e+00 1.726403089794643561e-02 9.992314615195053706e-01 -3.519146980090524096e-02 -8.646189999999999432e-02 -9.982526519013569244e-01 1.523642365698078642e-02 -5.709198162661088816e-02 2.842670899999999889e+00
-6.841666445811417363e-02 4.137348659390821526e-02 9.967985727475181523e-01 2.057564499999999796e+00 2.163100553612209639e-02 9.989663637969605769e-01 -3.997878939856410602e-02 -8.915280000000000427e-02 -9.974223075628105839e-01 1.882654002577699437e-02 -6.924089663440058384e-02 2.837884700000000038e+00
-7.722440557793609772e-02 4.484577647185033350e-02 9.960046423163756435e-01 2.122116099999999950e+00 2.685470736207832415e-02 9.987189944703581679e-01 -4.288583421846628441e-02 -9.228490000000000304e-02 -9.966520033971896231e-01 2.343558014544279422e-02 -7.832980089094421228e-02 2.832492799999999811e+00
-8.319623632248805689e-02 5.026187522999266133e-02 9.952648542775621721e-01 2.185929300000000186e+00 3.010560042153038671e-02 9.983981697836629143e-01 -4.790352174831569165e-02 -9.569940000000000391e-02 -9.960783297939130865e-01 2.597765330042063614e-02 -8.457613400937213921e-02 2.826980600000000177e+00
-8.903808835519524956e-02 5.885432293633392764e-02 9.942878795870730979e-01 2.314889400000000208e+00 3.466747326971117427e-02 9.978309930039056530e-01 -5.595958986566538368e-02 -1.034732000000000013e-01 -9.954247259934556613e-01 2.948691358120305445e-02 -9.088529478583629029e-02 2.814767100000000077e+00
-9.115166204162931940e-02 6.190027369669104385e-02 9.939113293565594587e-01 2.380218000000000167e+00 3.535991664703518056e-02 9.976380614157965843e-01 -5.888951272719190888e-02 -1.077766000000000002e-01 -9.952090487941532837e-01 2.977674479868665236e-02 -9.312515593238257505e-02 2.808154599999999945e+00
-9.582977373924185527e-02 6.900220519356309312e-02 9.930031974487852908e-01 2.509508600000000200e+00 3.721984812629499512e-02 9.971451447991586114e-01 -6.569812104558669930e-02 -1.166763999999999996e-01 -9.947016323353156109e-01 3.066359212307722543e-02 -9.812444520897078970e-02 2.796126600000000018e+00
-9.998507711978980861e-02 6.921945138034661660e-02 9.925782850253944689e-01 2.642026700000000172e+00 3.988630247681744512e-02 9.970541779362103174e-01 -6.551373241295060934e-02 -1.262105000000000032e-01 -9.941891506288315083e-01 3.303988212072946767e-02 -1.024514468485965279e-01 2.782645200000000152e+00
-1.024349679138425034e-01 6.881594410756047830e-02 9.923565101237938890e-01 2.708277499999999893e+00 3.942949580637357399e-02 9.971010847478525285e-01 -6.507489266307671383e-02 -1.311261999999999983e-01 -9.939579428773359648e-01 3.246217231241463330e-02 -1.048513956026044802e-01 2.776065599999999911e+00
-1.046668162762285359e-01 6.995198222050598436e-02 9.920441410310428809e-01 2.773940800000000095e+00 3.922343426398590405e-02 9.970374189428767853e-01 -6.616575724848311468e-02 -1.360368000000000133e-01 -9.937335557256464780e-01 3.198601899499894929e-02 -1.071004893252807122e-01 2.769341499999999900e+00
-1.070956667337562007e-01 7.235547398566274935e-02 9.916124260774276111e-01 2.840778799999999826e+00 3.771565172037236180e-02 9.969262658322461945e-01 -6.866986317942792850e-02 -1.404586999999999919e-01 -9.935331135811021896e-01 3.004506412181308372e-02 -1.094954169806039435e-01 2.761991999999999781e+00
-1.116541344850068423e-01 7.787793247957330856e-02 9.906908609072313521e-01 2.974647000000000041e+00 3.404505081682800832e-02 9.966390588546757412e-01 -7.450852890874803958e-02 -1.510417000000000010e-01 -9.931637774140193997e-01 2.540893539629641290e-02 -1.139302296791472324e-01 2.746702899999999836e+00
-1.142789140743449700e-01 8.195418037603838246e-02 9.900625445480102371e-01 3.041450000000000209e+00 3.051822482254161820e-02 9.964107681851457343e-01 -7.895707060402272492e-02 -1.565149999999999875e-01 -9.929798425706686249e-01 2.119182303577471158e-02 -1.163698366620453672e-01 2.739742999999999817e+00
-1.166151567782472143e-01 8.411379734016151410e-02 9.896088996702703255e-01 3.108763000000000165e+00 2.841911038190377339e-02 9.962818112340023902e-01 -8.133207712456860805e-02 -1.623639000000000054e-01 -9.927704968292954124e-01 1.863925162966167948e-02 -1.185719989036204680e-01 2.731789599999999929e+00
-1.221341115668850424e-01 7.839235688601747798e-02 9.894129052997150398e-01 3.245213000000000125e+00 2.335510755960733612e-02 9.968268738743469859e-01 -7.609679673137262346e-02 -1.739530999999999994e-01 -9.922387806080988915e-01 1.381383016226638699e-02 -1.235774265535628524e-01 2.715681800000000035e+00
-1.249827613689578898e-01 7.672769301614690285e-02 9.891876315871577230e-01 3.313329700000000155e+00 2.347224182389037045e-02 9.969548527950142791e-01 -7.436447641335333647e-02 -1.796878000000000086e-01 -9.918812243531738293e-01 1.392417368791751264e-02 -1.264031414275680332e-01 2.707695499999999811e+00
-1.265884726472384092e-01 7.730374752365089253e-02 9.889385669553186764e-01 3.381954200000000021e+00 2.323573032544328301e-02 9.969163137657195417e-01 -7.495307988343621886e-02 -1.849603999999999970e-01 -9.916831446732786715e-01 1.349051394755348618e-02 -1.279943225473232360e-01 2.698879499999999876e+00
-1.277910352333630484e-01 8.000053795839470738e-02 9.885693527721526319e-01 3.450509799999999849e+00 2.459036969639789155e-02 9.966906835719906432e-01 -7.747899714756682765e-02 -1.906733999999999929e-01 -9.914962254250794249e-01 1.440816460086566386e-02 -1.293353770654205315e-01 2.689905599999999897e+00
-1.283274651911794073e-01 8.265734797922164034e-02 9.882812476732767415e-01 3.518775000000000208e+00 2.527425148703791105e-02 9.964695436886065183e-01 -8.006035668662911386e-02 -1.965198999999999974e-01 -9.914097406669841739e-01 1.470412615772120207e-02 -1.299635132818485195e-01 2.680878199999999989e+00
-1.290409189847196714e-01 8.361658557005569037e-02 9.881076398071136913e-01 3.587968099999999882e+00 2.356918182385304289e-02 9.964157207489349188e-01 -8.124164641693742972e-02 -2.021767999999999899e-01 -9.913591351754081904e-01 1.280539191067889965e-02 -1.305491748050547907e-01 2.672614100000000104e+00
-1.288801625061104794e-01 8.255671059348951291e-02 9.882177357487474945e-01 3.657510999999999957e+00 2.050935098657484870e-02 9.965373636858143591e-01 -8.057697748263173421e-02 -2.079738999999999893e-01 -9.914480673411533163e-01 9.882930441416554190e-03 -1.301270819290976100e-01 2.663887700000000081e+00
-1.290487339239072551e-01 8.187677104058846411e-02 9.882523051511711287e-01 3.727745300000000039e+00 1.662470474737441639e-02 9.966240735709473997e-01 -8.039947245419835908e-02 -2.141322999999999976e-01 -9.914988872735557290e-01 6.053952660686034992e-03 -1.299742520366359289e-01 2.655253200000000202e+00
-1.282739673849307704e-01 8.263652052415490501e-02 9.882899345672760960e-01 3.798151700000000019e+00 1.321072476211754276e-02 9.965763959691308349e-01 -8.161472752167703293e-02 -2.203826000000000118e-01 -9.916507782695426210e-01 2.586981414493837172e-03 -1.289264964410798964e-01 2.645789900000000028e+00
-1.295701221907657186e-01 8.258129427616564544e-02 9.881254542167928756e-01 3.938773199999999974e+00 5.032765940379387015e-03 9.965678415527504663e-01 -8.262692327493212363e-02 -2.324410000000000087e-01 -9.915574893582616012e-01 -5.732976414175812441e-03 -1.295410293265230051e-01 2.629424799999999784e+00
-1.300853756888242785e-01 7.777617620179290425e-02 9.884476017712446883e-01 4.009676500000000310e+00 5.326520240113846727e-03 9.969590556160848882e-01 -7.774490084382326693e-02 -2.382861000000000007e-01 -9.914884886946642162e-01 -4.848488477032619759e-03 -1.301040696729313106e-01 2.620702000000000087e+00
-1.303131298926908932e-01 6.904021687796238482e-02 9.890661942615440738e-01 4.081846699999999828e+00 8.780572692356349712e-03 9.976138487414337730e-01 -6.847999958015504873e-02 -2.441020999999999885e-01 -9.914340067401182788e-01 -2.392754640744357286e-04 -1.306083956967827309e-01 2.611484799999999940e+00
-1.303096213740826126e-01 6.386287429081040357e-02 9.894144409016167874e-01 4.153170099999999643e+00 1.415628463642342946e-02 9.979415032196600199e-01 -6.254882698322893064e-02 -2.495393999999999946e-01 -9.913722823352664193e-01 5.855718487213456419e-03 -1.309454404641975378e-01 2.601699800000000007e+00
-1.295245250138216675e-01 6.636943512197134021e-02 9.893525638019716739e-01 4.223855000000000359e+00 2.266453311445018950e-02 9.976949426239088980e-01 -6.396186677528387099e-02 -2.544268000000000085e-01 -9.913171623444475555e-01 1.413858353109000154e-02 -1.307301958121631635e-01 2.592128000000000210e+00
-1.284909004000677757e-01 7.193129935530241659e-02 9.890985677309608315e-01 4.295401599999999931e+00 2.833755685036827565e-02 9.972250966708396946e-01 -6.884104474502644733e-02 -2.596979999999999844e-01 -9.913057406199826671e-01 1.918318906992414960e-02 -1.301727078575825036e-01 2.582211299999999987e+00
-1.272473494266307681e-01 7.760499713778233610e-02 9.888304083527883481e-01 4.367065900000000056e+00 3.198274071720867695e-02 9.967370949009651815e-01 -7.410983702991244537e-02 -2.650700999999999752e-01 -9.913552422618812088e-01 2.219522623514289320e-02 -1.293141739031653525e-01 2.572359099999999899e+00
-1.264101648724989813e-01 8.215710433739822904e-02 9.885700179672664012e-01 4.439240500000000367e+00 3.301837212415997119e-02 9.963606708091224951e-01 -7.858244566737494774e-02 -2.707787999999999862e-01 -9.914283924314343244e-01 2.270735281113364992e-02 -1.286628105131104594e-01 2.562791100000000100e+00
-1.261795003408857363e-01 7.957300738438338739e-02 9.888108364037729858e-01 4.512096399999999896e+00 2.955337278242119864e-02 9.966367517525954733e-01 -7.643155901339888925e-02 -2.762661000000000144e-01 -9.915671091009964355e-01 1.957859933295280283e-02 -1.281067781081548507e-01 2.553293899999999894e+00
-1.256099455046515156e-01 7.490634550521636792e-02 9.892477854376889868e-01 4.584568499999999602e+00 2.897218293027664301e-02 9.969971450126471346e-01 -7.181438193624710420e-02 -2.821818999999999855e-01 -9.916565706970198457e-01 1.964006720160955607e-02 -1.274029573979473806e-01 2.543877399999999955e+00
-1.254990228173881728e-01 7.304081915777953238e-02 9.894013513274788618e-01 4.657056800000000329e+00 2.625771471024256412e-02 9.971813351241084478e-01 -7.028454523076879679e-02 -2.875959000000000154e-01 -9.917462012481197409e-01 1.715877667145940602e-02 -1.270631681214614561e-01 2.534835100000000008e+00
-1.256908634942218717e-01 7.385679186760840675e-02 9.893164211358780324e-01 4.730106400000000377e+00 2.477602557152589965e-02 9.971476121580514773e-01 -7.129367520597605645e-02 -2.930262000000000144e-01 -9.917600291355546105e-01 1.555036535007726581e-02 -1.271622221672896735e-01 2.526219400000000004e+00
-1.253972233374090195e-01 7.902121737703653170e-02 9.889545912646946491e-01 4.803374299999999764e+00 2.606148150944431405e-02 9.967412787417568865e-01 -7.633886581408035055e-02 -2.988944000000000045e-01 -9.917642540245141802e-01 1.620093998811217295e-02 -1.270479987355201956e-01 2.516910300000000156e+00
-1.246689891041633247e-01 8.205393290045182031e-02 9.887996739741139463e-01 4.876374700000000395e+00 2.566095974936309990e-02 9.965078556109220331e-01 -7.945822078591507909e-02 -3.044414999999999760e-01 -9.918665022574798540e-01 1.546757257263763063e-02 -1.263392096628066508e-01 2.507609599999999883e+00
-1.244539284893297348e-01 8.092369052938100382e-02 9.889199037306701801e-01 4.950478999999999630e+00 2.573491271850032042e-02 9.965965884088406890e-01 -7.831318049492774769e-02 -3.105565000000000131e-01 -9.918915938503281016e-01 1.570338444300883179e-02 -1.261129246591763398e-01 2.498763999999999985e+00
-1.236520494267129566e-01 7.401885738278592142e-02 9.895612054968203619e-01 5.025340100000000199e+00 2.768053590090486724e-02 9.970834246902765541e-01 -7.112265560388209007e-02 -3.168392999999999904e-01 -9.919394934192369284e-01 1.859712234880712620e-02 -1.253402905514864329e-01 2.489014099999999896e+00
-1.241283103604099575e-01 7.243652483933547825e-02 9.896186702140730151e-01 5.099317600000000006e+00 2.743259595717022215e-02 9.972011629084248652e-01 -6.955065329050236222e-02 -3.225240999999999802e-01 -9.918868963980320697e-01 1.851460405424200026e-02 -1.257680173597177653e-01 2.479994099999999868e+00
-1.234875705514318911e-01 7.554030630506960997e-02 9.894667665175223004e-01 5.173915899999999901e+00 2.450217441735685550e-02 9.970265535451406924e-01 -7.305953034834018756e-02 -3.281614999999999949e-01 -9.920435793694377669e-01 1.522214338504529127e-02 -1.249712886331839634e-01 2.470562900000000006e+00
-1.230703313312799946e-01 7.906004541264477492e-02 9.892437529574598098e-01 5.248776399999999676e+00 2.404644487797001629e-02 9.967665365520174126e-01 -7.666968174465445263e-02 -3.335306000000000104e-01 -9.921065779616320413e-01 1.435203224098932639e-02 -1.245735009374541180e-01 2.461330400000000029e+00
-1.233063925609575173e-01 7.858543413627755436e-02 9.892521736621133766e-01 5.323753400000000191e+00 2.311385106800290662e-02 9.968165589658104508e-01 -7.630529247940212589e-02 -3.394405999999999812e-01 -9.920994322357057360e-01 1.345649706178040500e-02 -1.247302659518413348e-01 2.452615000000000212e+00
-1.229243828642913039e-01 7.466710266787388028e-02 9.896031628267051294e-01 5.399033099999999585e+00 2.270855104376023198e-02 9.971161661964564882e-01 -7.241320887223150204e-02 -3.458311000000000024e-01 -9.921561962750250485e-01 1.357110492427471282e-02 -1.242654710859306677e-01 2.443248699999999829e+00
-1.219522074046259230e-01 7.334053616534433329e-02 9.898226229300475243e-01 5.474858300000000177e+00 2.311823156954482053e-02 9.972055806395205835e-01 -7.103926597659511455e-02 -3.521646999999999972e-01 -9.922667012846073664e-01 1.421955331142097170e-02 -1.233069252937062377e-01 2.433847200000000210e+00
-1.210865743703969100e-01 7.415115000963670711e-02 9.898685005895936362e-01 5.550603899999999591e+00 2.452789583330599460e-02 9.971250192725147343e-01 -7.169433915434084148e-02 -3.578062000000000187e-01 -9.923388654251291685e-01 1.559816954118378729e-02 -1.225572244860809734e-01 2.424699299999999891e+00
-1.201097411299264922e-01 7.454923497458351700e-02 9.899576059864415578e-01 5.627357499999999568e+00 2.696819250448820662e-02 9.970535647364376919e-01 -7.181159822342975119e-02 -3.634670999999999874e-01 -9.923942596965901197e-01 1.807209481678221166e-02 -1.217663036730207704e-01 2.415578399999999792e+00
-1.184539443961708099e-01 7.385775768605062908e-02 9.902089146672927722e-01 5.704014800000000385e+00 2.681465468613181830e-02 9.971041118161498851e-01 -7.116434847162050881e-02 -3.695616999999999930e-01 -9.925974195770674857e-01 1.812241233708578730e-02 -1.200913852865069797e-01 2.405462700000000176e+00
-1.173189361042947521e-01 7.450883224178975195e-02 9.902952595813641068e-01 5.780626800000000287e+00 2.818467250489349249e-02 9.970296388118284892e-01 -7.167652032950966312e-02 -3.753708000000000045e-01 -9.926942588063800699e-01 1.950213446573330345e-02 -1.190704635253099219e-01 2.396709200000000095e+00
-1.159848206757023714e-01 7.296550869647430715e-02 9.905672899472752757e-01 5.857262099999999805e+00 2.821079328694056296e-02 9.971377270417541849e-01 -7.014630747320664550e-02 -3.811664000000000163e-01 -9.928502769878981837e-01 1.980878216016493387e-02 -1.177112553428280028e-01 2.387470700000000168e+00
-1.136629529305719227e-01 7.140493295021453635e-02 9.909500838495743924e-01 6.012640499999999832e+00 2.687113508675983975e-02 9.972700254041807488e-01 -6.877818352859928208e-02 -3.930263999999999980e-01 -9.931559168782373437e-01 1.881042213029650301e-02 -1.152713875557519474e-01 2.370072400000000190e+00
-1.120553128269094201e-01 7.266981686856537059e-02 9.910412224441286222e-01 6.091197000000000195e+00 2.507258039225425048e-02 9.972116388780980500e-01 -7.028736016192152491e-02 -3.987002000000000046e-01 -9.933856112204050293e-01 1.697188859104658762e-02 -1.135648819746478688e-01 2.361501000000000072e+00
-1.105364676559614234e-01 7.558007301650117304e-02 9.909941179850477733e-01 6.169699699999999787e+00 2.552639673230521974e-02 9.969912713183297637e-01 -7.319021782263934739e-02 -4.045401000000000136e-01 -9.935442075660284589e-01 1.720632086998226742e-02 -1.121331803442302544e-01 2.353038499999999811e+00
-1.092639415049266871e-01 7.387240974882755551e-02 9.912639699720300346e-01 6.248994800000000183e+00 2.345794717134866078e-02 9.971485410758940127e-01 -7.172525179267266737e-02 -4.109016999999999809e-01 -9.937359386684747609e-01 1.541603412416451060e-02 -1.106852749491477050e-01 2.344440699999999822e+00
-1.084965639139377491e-01 7.261430815912811587e-02 9.914412024267705847e-01 6.328201800000000432e+00 2.045389458679807565e-02 9.972805426992731315e-01 -7.080365350513762035e-02 -4.170286999999999744e-01 -9.938863787250037385e-01 1.259688072558504124e-02 -1.096867575456782484e-01 2.335923199999999866e+00
-1.081744756833592086e-01 7.385078132708706999e-02 9.913850638919315950e-01 6.407274700000000323e+00 1.765106684085454569e-02 9.972224041987639565e-01 -7.235963241626301723e-02 -4.228715000000000113e-01 -9.939752122915391785e-01 9.671538730511491933e-03 -1.091775557913539085e-01 2.327495799999999893e+00
-1.087110673190484628e-01 7.305319964310268144e-02 9.913854617979116490e-01 6.486932300000000318e+00 1.558147136071411434e-02 9.972987518323809253e-01 -7.178034092849103209e-02 -4.290820000000000189e-01 -9.939512672121249004e-01 7.643926705571076063e-03 -1.095556880857004867e-01 2.319181400000000171e+00
-1.098725319707795633e-01 7.075713259107266340e-02 9.914239531632365043e-01 6.567461999999999911e+00 1.275468910740887654e-02 9.974811473226936620e-01 -6.977591734671957646e-02 -4.349823999999999913e-01 -9.938638461198310292e-01 4.978847586767448652e-03 -1.104982644777933176e-01 2.310830399999999951e+00
-1.110609863157493299e-01 6.919353288390625578e-02 9.914018924359669915e-01 6.647850000000000037e+00 1.111459955548257245e-02 9.975973772899520142e-01 -6.838083430999006285e-02 -4.412051000000000167e-01 -9.937514392418730358e-01 3.424592129412047659e-03 -1.115632070776605422e-01 2.302124699999999802e+00
-1.122692722802657167e-01 6.840450619263635512e-02 9.913205505961233399e-01 6.728704900000000322e+00 9.239830280317981592e-03 9.976564670649108457e-01 -6.779527461373276165e-02 -4.473271999999999804e-01 -9.936348605187170779e-01 1.548307495975009829e-03 -1.126382115707073028e-01 2.293339500000000086e+00
-1.140499830587787533e-01 6.850019104417195970e-02 9.911106523447342775e-01 6.809345200000000098e+00 9.493207526426704346e-03 9.976497064942253523e-01 -6.785972401097806195e-02 -4.533727000000000174e-01 -9.934296554739810992e-01 1.669418730535270068e-03 -1.144322186534442176e-01 2.284386899999999887e+00
-1.161774054544382068e-01 6.699572630588720989e-02 9.909663884908618270e-01 6.890604999999999869e+00 8.718650995593612424e-03 9.977528364629164592e-01 -6.643239010469065287e-02 -4.594764000000000070e-01 -9.931902111814695511e-01 9.219473691155985473e-04 -1.165004481809253090e-01 2.275208699999999862e+00
-1.192478692327017253e-01 6.220898369270642936e-02 9.909137137164774067e-01 6.971441699999999742e+00 6.315795043959928495e-03 9.980625139478017660e-01 -6.189773004849855736e-02 -4.652670999999999890e-01 -9.928444270964222884e-01 -1.122764496541979462e-03 -1.194097273402051629e-01 2.265919699999999981e+00
-1.234153770305179421e-01 6.236435882153296140e-02 9.903935235355660893e-01 7.051266700000000220e+00 5.718944725392114542e-03 9.980514363643827602e-01 -6.213392022253456243e-02 -4.709539999999999837e-01 -9.923386208264004527e-01 -2.004275373161994167e-03 -1.235315526356951521e-01 2.256387900000000002e+00
-1.293035179072011820e-01 6.792454090959547386e-02 9.892759256138008439e-01 7.130526500000000212e+00 3.458262600772171735e-04 9.976541728026420142e-01 -6.845459731584138674e-02 -4.768858000000000263e-01 -9.916050023376341560e-01 -8.509302656319699815e-03 -1.290236842881306023e-01 2.247198099999999865e+00
-1.364845745201645477e-01 7.108763582407866266e-02 9.880883102997387590e-01 7.210228400000000093e+00 1.061294193706430189e-03 9.974319097069314077e-01 -7.161326101371207065e-02 -4.828199000000000241e-01 -9.906416277204809218e-01 -8.725453072867664361e-03 -1.362095147043301813e-01 2.236670699999999901e+00
-1.456497409037580681e-01 6.755996581633887110e-02 9.870267493809694592e-01 7.289778700000000278e+00 2.726490092032657353e-03 9.976892597021559395e-01 -6.788746074749166248e-02 -4.887324000000000113e-01 -9.893324614235834424e-01 -7.196672415727807526e-03 -1.454973837554974780e-01 2.225488900000000214e+00
-1.561328508766659795e-01 6.550168378958715065e-02 9.855618003442777608e-01 7.369512600000000191e+00 6.036256321273410913e-03 9.978433824426664600e-01 -6.536166862161900404e-02 -4.949140000000000206e-01 -9.877176198118310380e-01 -4.256000012615543393e-03 -1.561915169820178306e-01 2.212853400000000192e+00
-1.690900421160895784e-01 6.626372339898527197e-02 9.833705693269864101e-01 7.447517900000000246e+00 5.950445813580423904e-03 9.977878318436073091e-01 -6.621204436847422103e-02 -5.010341000000000378e-01 -9.855826448613015378e-01 -5.344304083407740158e-03 -1.691102852048490535e-01 2.199858900000000173e+00
-1.830079197949824321e-01 6.635457255943444377e-02 9.808695998922425385e-01 7.525759200000000426e+00 7.753928435341554681e-03 9.977860381755577768e-01 -6.605224156486985687e-02 -5.069517000000000051e-01 -9.830808602989546952e-01 -4.482490644615956532e-03 -1.831172558539693185e-01 2.185509699999999889e+00
-1.976529170264758328e-01 6.451194519941270966e-02 9.781469896275881704e-01 7.603827500000000406e+00 8.874384724937452867e-03 9.979090232333356347e-01 -6.402207935738973843e-02 -5.127053000000000305e-01 -9.802318958729504539e-01 -3.973698035593980354e-03 -1.978121331901636637e-01 2.170352199999999954e+00
-2.133459150261664550e-01 6.705169414988840226e-02 9.746730687021556427e-01 7.679894899999999858e+00 1.264443079750521975e-02 9.977480043423297973e-01 -6.587137618651495163e-02 -5.186433000000000293e-01 -9.768948965530808159e-01 -1.729202859148425142e-03 -2.137132914584796151e-01 2.154373200000000210e+00
-2.283013081688227974e-01 6.990913306209783906e-02 9.710773531510814571e-01 7.755798799999999993e+00 1.315981788225386792e-02 9.975491194217250834e-01 -6.872098321653209718e-02 -5.249667000000000083e-01 -9.735015828860835718e-01 -2.909889249932642863e-03 -2.286617603860404691e-01 2.137026099999999929e+00
-2.436506137434241714e-01 7.379099703454089498e-02 9.670518430669068355e-01 7.831112400000000306e+00 1.335345161445930171e-02 9.972621396409705463e-01 -7.273176863443958640e-02 -5.314126000000000127e-01 -9.697711398842683295e-01 -4.807660071358292597e-03 -2.439688968950862735e-01 2.118895999999999891e+00
-2.594062513935037617e-01 7.159579404547009029e-02 9.631108134648725949e-01 7.906445999999999863e+00 1.039035908058406552e-02 9.973975050445850199e-01 -7.134603961688074092e-02 -5.374991000000000074e-01 -9.657123987896948369e-01 -8.500541502494012025e-03 -2.594750539416410540e-01 2.099577899999999886e+00
-2.757112984447757653e-01 6.574069759131670465e-02 9.589898021303994158e-01 7.981981300000000168e+00 4.143361757727177797e-03 9.977305695250000550e-01 -6.720523185484542084e-02 -5.436921999999999588e-01 -9.612315602721542840e-01 -1.455580006478419258e-02 -2.753579783141095749e-01 2.079265400000000152e+00
-2.912735747959667165e-01 6.160382128744347485e-02 9.546542168913113580e-01 8.056763600000000025e+00 3.462502308641327020e-04 9.979311441343444722e-01 -6.429083665263493619e-02 -5.496887999999999774e-01 -9.566397361265922550e-01 -1.839567257544251141e-02 -2.906923020895825216e-01 2.057364000000000193e+00
-3.062399066177219908e-01 6.274713488328458044e-02 9.498841595998471776e-01 8.131244699999999881e+00 -1.856812110996503007e-03 9.977840361470290409e-01 -6.650992000392771941e-02 -5.553795999999999733e-01 -9.519525575592270306e-01 -2.213174810274370560e-02 -3.054447804143382017e-01 2.034366599999999803e+00
-3.199333644859767012e-01 6.500128094758080011e-02 9.452076363232879697e-01 8.204913100000000625e+00 -1.342377387694035362e-03 9.976116440538222996e-01 -6.905943578670925564e-02 -5.611161999999999539e-01 -9.474390958323559708e-01 -2.336324299842126168e-02 -3.190819934828108551e-01 2.009332399999999907e+00
