1.000000000000000000e+00 0.000000000000000000e+00 0.000000000000000000e+00 0.000000000000000000e+00 0.000000000000000000e+00 1.000000000000000000e+00 0.000000000000000000e+00 0.000000000000000000e+00 0.000000000000000000e+00 0.000000000000000000e+00 1.000000000000000000e+00 0.000000000000000000e+00
9.999986118855721529e-01 5.798997484651883041e-04 1.562031757197002765e-03 -4.396000000000000059e-04 -5.832992289561580827e-04 9.999974607704930074e-01 2.176744030830743762e-03 -1.526199999999999909e-03 -1.560765497523922216e-03 -2.177652141180526878e-03 9.999964109146660673e-01 8.040600000000000525e-02
9.999947511685751689e-01 -1.536645884440557416e-04 3.236359450636221331e-03 -6.195999999999999902e-04 1.435346764809418321e-04 9.999950911343782334e-01 3.130032738368257635e-03 -2.712899999999999860e-03 -3.236824538975132011e-03 -3.129551779547336786e-03 9.999898643849161051e-01 1.608168000000000097e-01
9.999852115229866945e-01 3.073108181709411366e-04 5.429760159405324499e-03 -4.945000000000000394e-04 -3.274857244341797171e-04 9.999930453009429066e-01 3.715118147059598332e-03 -3.900100000000000094e-03 -5.428580701060089012e-03 -3.716841375059585627e-03 9.999783575666848501e-01 2.393569000000000113e-01
9.999622867493221934e-01 5.112044469486996963e-05 8.684610858670437430e-03 -2.744000000000000020e-04 -7.887816291887167074e-05 9.999948900403344831e-01 3.195883517080248901e-03 -5.204499999999999925e-03 -8.684403105672653181e-03 -3.196448016074229358e-03 9.999571810146565820e-01 3.172764000000000140e-01
9.999260484918521819e-01 -3.754391038042897977e-04 1.215551697581160155e-02 4.989999999999999861e-04 3.585471271984329604e-04 9.999989671614807341e-01 1.391804558568153927e-03 -6.287799999999999639e-03 -1.215602695898158718e-02 -1.387343306830711963e-03 9.999251503423250975e-01 3.939922000000000146e-01
9.998777371345145548e-01 -4.045626498634941472e-04 1.563160618186719419e-02 1.185300000000000025e-03 4.110124132252073489e-04 9.999998317301957984e-01 -4.094000199047802204e-04 -7.501800000000000308e-03 -1.563143792358297895e-02 4.157747496646121738e-04 9.998777351655545598e-01 4.698761000000000188e-01
9.998043592116754308e-01 -4.332653752364139959e-05 1.977982366307393103e-02 2.111599999999999935e-03 3.546960425260522261e-05 9.999999203399050351e-01 3.975702339378447124e-04 -8.997299999999999742e-03 -1.977983931275295593e-02 -3.967908704663471154e-04 9.998042811039402622e-01 5.455750999999999795e-01
9.996837478703606283e-01 3.335150977536439866e-04 2.514543719144511982e-02 3.653599999999999903e-03 -3.372318837049284720e-04 9.999999328309958635e-01 1.435710989739987539e-04 -1.032480000000000030e-02 -2.514538761932203284e-02 -1.520055374588485638e-04 9.996837931945234956e-01 6.209818000000000282e-01
9.995059786013181791e-01 1.895270532921169548e-03 3.137206862526294160e-02 5.591999999999999749e-03 -1.873463794759293224e-03 9.999979826288124540e-01 -7.244803067807524966e-04 -1.162099999999999939e-02 -3.137337842233273166e-02 6.653479632701452332e-04 9.995075129474799702e-01 6.949598000000000164e-01
9.992420595357585089e-01 3.201299805831513395e-03 3.879507873801640166e-02 7.725799999999999682e-03 -3.182689792296423178e-03 9.999947886448717904e-01 -5.414506294855462231e-04 -1.296390000000000042e-02 -3.879660990887890543e-02 4.175675410532492769e-04 9.992470408747412547e-01 7.688836000000000004e-01
9.988835957472591565e-01 4.091046478045475693e-03 4.706193244800527947e-02 1.078460000000000009e-02 -4.120260479016330663e-03 9.999913745244960461e-01 5.237653999460564541e-04 -1.438230000000000064e-02 -4.705938376786501093e-02 -7.170880863577707093e-04 9.988918360783940464e-01 8.422252999999999545e-01
9.974679960171620730e-01 8.862191017886378308e-03 7.056244391933408355e-02 1.829230000000000092e-02 -8.969305947041421312e-03 9.999590533622303434e-01 1.201311675034971108e-03 -1.670869999999999994e-02 -7.054890837096661205e-02 -1.831166096972612622e-03 9.975066407590429396e-01 9.851914999999999978e-01
9.962879619469775516e-01 1.092369104351301884e-02 8.538717616553288814e-02 2.329749999999999877e-02 -1.109983131159923697e-02 9.999371334817657164e-01 1.588341626788106285e-03 -1.778479999999999991e-02 -8.536445761786291830e-02 -2.530228893839491389e-03 9.963465799195342365e-01 1.054929100000000064e+00
9.947400326879169974e-01 1.291907098498416666e-02 1.016138030630022449e-01 2.984540000000000110e-02 -1.326998220187714135e-02 9.999080904889503518e-01 2.778155341765853065e-03 -1.866490000000000163e-02 -1.015685726019792401e-01 -4.111955693591365368e-03 9.948200424599267233e-01 1.124858499999999983e+00
9.927812413821159865e-01 1.300930737907222620e-02 1.192315590827421334e-01 3.748060000000000280e-02 -1.355096082481981046e-02 9.999012123898443072e-01 3.733218724328447435e-03 -1.992810000000000067e-02 -1.191712138920671127e-01 -5.321971705702182448e-03 9.928594555105243469e-01 1.192952599999999919e+00
9.903010514246838314e-01 1.277569880512280376e-02 1.383495900507352161e-01 4.626269999999999688e-02 -1.327366537074006411e-02 9.999083168507968411e-01 2.677256101332793538e-03 -2.076679999999999846e-02 -1.383027019070535713e-01 -4.487695694595543287e-03 9.903798378564465654e-01 1.260546699999999909e+00
9.872944216320008737e-01 1.209362284865650103e-02 1.584407438152429515e-01 5.646029999999999799e-02 -1.251342113761833366e-02 9.999203391359645643e-01 1.652172403310208076e-03 -2.149380000000000041e-02 -1.584081415387656178e-01 -3.613816350080136918e-03 9.873671055011009612e-01 1.327303899999999981e+00
9.837769038971344582e-01 9.315055481147749283e-03 1.791542159703517767e-01 6.827460000000000473e-02 -9.742364120779195558e-03 9.999514087813937691e-01 1.505462534985977990e-03 -2.251430000000000098e-02 -1.791314871816411525e-01 -3.226424877357519407e-03 9.838198516408399597e-01 1.392695400000000028e+00
9.795795379264604641e-01 4.183132459474383884e-03 2.010135077018675998e-01 8.147980000000000500e-02 -4.988863174727450021e-03 9.999814237223614288e-01 3.501921532942299086e-03 -2.334299999999999917e-02 -2.009951246175044615e-01 -4.433239563290979242e-03 9.795822100604769656e-01 1.457785200000000003e+00
9.745355196706476653e-01 -1.414505251086864120e-03 2.242287226810058265e-01 9.595230000000000425e-02 3.012612731808088536e-04 9.999874600250947543e-01 4.998903300204019483e-03 -2.418990000000000029e-02 -2.242329818334181935e-01 -4.804057394969053589e-03 9.745237251553395819e-01 1.521800999999999959e+00
9.619479327273569025e-01 -1.225731179487766706e-02 2.729577495311824031e-01 1.297657999999999867e-01 1.197482339711415308e-02 9.999246515329273111e-01 2.700900102160782874e-03 -2.593140000000000028e-02 -2.729702883578585815e-01 6.704955757329553526e-04 9.620222305692891496e-01 1.645146699999999962e+00
9.451901270829065060e-01 -1.815178826696831060e-02 3.260155460215206080e-01 1.691352999999999884e-01 1.722286099965924383e-02 9.998352239719449086e-01 5.735674673234722812e-03 -2.740110000000000115e-02 -3.260659392269997792e-01 1.936173595557246982e-04 9.453470081342261189e-01 1.764467999999999925e+00
9.351170855760900791e-01 -2.259536329040400318e-02 3.536177114080318318e-01 1.910113999999999979e-01 2.079428321230712348e-02 9.997442291867766340e-01 8.892355898416304250e-03 -2.815600000000000047e-02 -3.537281923304471110e-01 -9.621670917259071351e-04 9.353477643021989030e-01 1.821871500000000088e+00
9.113773388683364951e-01 -2.505295809539363414e-02 4.108085874077363475e-01 2.388734999999999886e-01 2.530248274291676744e-02 9.996681687987750697e-01 4.830802992059703843e-03 -2.960310000000000025e-02 -4.107932942056305436e-01 5.991792818025688111e-03 9.117088174710783477e-01 1.933102700000000063e+00
8.834954164608044280e-01 -2.770722425248632950e-02 4.676196732569878334e-01 2.931003999999999832e-01 3.281336169934975788e-02 9.994576406185351480e-01 -2.776311081022257536e-03 -3.099930000000000047e-02 -4.672891314665228446e-01 1.779703159106579488e-02 8.839254116042876142e-01 2.038298600000000071e+00
8.495023157439424155e-01 -2.736366565077805527e-02 5.268747909587548905e-01 3.532526999999999751e-01 2.847911184213507488e-02 9.995764059424457892e-01 5.995737808298936579e-03 -3.215849999999999959e-02 -5.268156752929457065e-01 9.911532945772457553e-03 8.499217645055940906e-01 2.139488200000000173e+00
8.080122096767945461e-01 -2.103085974443699366e-02 5.887902614273045065e-01 4.198799999999999755e-01 2.246253184941790840e-02 9.997357585873861696e-01 4.883407070619676105e-03 -3.327220000000000177e-02 -5.887373809060688634e-01 9.279867462055241961e-03 8.082711057459303072e-01 2.236015599999999992e+00
7.628735076231635270e-01 -1.178542068900188117e-02 6.464403415829756971e-01 4.922075000000000200e-01 1.896102177185910245e-02 9.998116176796937316e-01 -4.148349802154811285e-03 -3.437790000000000290e-02 -6.462696736039051926e-01 1.542183555538053502e-02 7.629532593599719359e-01 2.325617799999999846e+00
7.393458306777412892e-01 -1.430027029983821016e-02 6.731740079123615939e-01 5.311787999999999510e-01 2.029074422434923655e-02 9.997935738346201973e-01 -1.046622099878330957e-03 -3.515719999999999956e-02 -6.730200802043448949e-01 1.443301729887000451e-02 7.394833734800181357e-01 2.368062999999999807e+00
7.144347882850151654e-01 -1.435087129580838589e-02 6.995548483008295904e-01 5.709205000000000529e-01 2.031191644080657110e-02 9.997936643822341596e-01 -2.339052077673696786e-04 -3.622829999999999800e-02 -6.994071484755122192e-01 1.437640964203761029e-02 7.145788686402341217e-01 2.408864700000000081e+00
6.622664048345675569e-01 -9.625042269268774264e-03 7.492066254304025064e-01 6.537636999999999476e-01 2.044817984202915162e-02 9.997772284668172693e-01 -5.231193014736490975e-03 -3.808330000000000048e-02 -7.489893730678992556e-01 1.878435520650588095e-02 6.623156853274962952e-01 2.485160399999999825e+00
6.068577054334892695e-01 -5.897358736495541751e-03 7.947886175052667479e-01 7.425205999999999751e-01 1.896310069527190612e-02 9.997952528050848553e-01 -7.060685550095825366e-03 -4.017620000000000219e-02 -7.945842473696675956e-01 1.935648801692687465e-02 6.068452852281454035e-01 2.555802599999999813e+00
5.480055740619338422e-01 1.008643401250985602e-02 8.364138656466437727e-01 8.363367999999999913e-01 1.664273055641647334e-02 9.995978858585553573e-01 -2.295835592399930389e-02 -4.255540000000000017e-02 -8.363090997452300446e-01 2.650151761725725794e-02 5.476173474674678188e-01 2.619955099999999870e+00
4.850651573108614723e-01 2.335488978777310737e-02 8.741660839256980564e-01 9.359722999999999793e-01 1.336960591595701651e-02 9.993284004354628935e-01 -3.411746943651126907e-02 -4.600230000000000291e-02 -8.743758041029278116e-01 2.823645172645183540e-02 4.844271420897662273e-01 2.677696699999999819e+00
4.527803091188364881e-01 2.317855271242399984e-02 8.913207875778551559e-01 9.880929000000000517e-01 1.145741065797668129e-02 9.994282596544774577e-01 -3.181008558675743614e-02 -4.803559999999999774e-02 -8.915484952683533360e-01 2.461520867633936252e-02 4.522558701515713153e-01 2.704069399999999845e+00
4.196036676197476001e-01 2.186641194204241509e-02 9.074440049660569274e-01 1.041811000000000043e+00 6.959121687265037819e-03 9.996029236493756409e-01 -2.730504819556614851e-02 -5.008719999999999839e-02 -9.076807438441106823e-01 1.777231162233145270e-02 4.192848819051320230e-01 2.729027700000000056e+00
3.850902987382546772e-01 2.311417690392882779e-02 9.225893976432503196e-01 1.095935300000000057e+00 3.070662387532745521e-03 9.996486818170002842e-01 -2.632648806877864456e-02 -5.216060000000000141e-02 -9.228737903148963584e-01 1.297103571761468177e-02 3.848840336805734452e-01 2.752356499999999873e+00
3.498599444569455708e-01 2.607627967630170643e-02 9.364390246582133814e-01 1.151369599999999993e+00 -4.036706853131875189e-03 9.996452027279186803e-01 -2.632819137047332642e-02 -5.423800000000000149e-02 -9.367933199283416945e-01 5.431049742147685613e-03 3.498410773999152124e-01 2.773842800000000164e+00
3.139396971323201169e-01 2.801404310551268081e-02 9.490295464069334885e-01 1.207748700000000008e+00 -8.724396462604231545e-03 9.996075266598337672e-01 -2.662099831660907218e-02 -5.611719999999999903e-02 -9.494028394052921316e-01 7.767813129671598260e-05 3.140608897893487628e-01 2.793212700000000215e+00
2.779650981035350354e-01 2.737960280134718594e-02 9.602008964725728957e-01 1.265722599999999920e+00 -1.184805536854897229e-02 9.996153942511233348e-01 -2.507363476153628284e-02 -5.826549999999999785e-02 -9.605181038482700773e-01 -4.406918040034764686e-03 2.781825861787765586e-01 2.810405499999999890e+00
2.412593005402500212e-01 2.689024041089871364e-02 9.700880706788810315e-01 1.324110600000000026e+00 -1.207418520402630396e-02 9.996218406179934179e-01 -2.470606830626586106e-02 -6.028590000000000337e-02 -9.703855748899448130e-01 -5.752454270924016455e-03 2.414927438151563965e-01 2.825839499999999838e+00
2.055417458863743052e-01 2.611075835184644561e-02 9.782999637106570834e-01 1.384021600000000074e+00 -1.120703569825333944e-02 9.996412658358387882e-01 -2.432574744956451235e-02 -6.244550000000000101e-02 -9.785841778042601025e-01 -5.963886016130764967e-03 2.057606352409211414e-01 2.838341999999999921e+00
1.354423206011600989e-01 2.423411770160920076e-02 9.904888113095458024e-01 1.506510100000000074e+00 -7.242656015427149235e-04 9.997029761191364994e-01 -2.436052088686838091e-02 -6.641790000000000194e-02 -9.907849682093037291e-01 2.582068505226046626e-03 1.354196429352969577e-01 2.857185400000000097e+00
1.017105147061453524e-01 2.776928525213863408e-02 9.944263864131909214e-01 1.568110899999999974e+00 1.240073793871346655e-03 9.996060113455421670e-01 -2.804076138127429424e-02 -6.852579999999999782e-02 -9.948132656007343533e-01 4.085202374566797301e-03 1.016360059543963690e-01 2.863529199999999886e+00
6.902508860653415457e-02 3.274619265379224986e-02 9.970773410370636913e-01 1.629828999999999972e+00 2.272639353587374567e-03 9.994533766453909118e-01 -3.298155579251380032e-02 -7.080329999999999957e-02 -9.976123356561048539e-01 4.542552014770707275e-03 6.891293759494265814e-02 2.867903699999999834e+00
4.011286551237461945e-02 3.639033156914263378e-02 9.985322737842146079e-01 1.691710700000000012e+00 9.279313623915489556e-03 9.992799231438672658e-01 -3.679034574797807045e-02 -7.365320000000000200e-02 -9.991520666840734144e-01 1.074146032318758041e-02 3.974630386677768801e-02 2.869850599999999918e+00
-7.535671060299452793e-03 3.184509549207080459e-02 9.994644083481771801e-01 1.818631799999999910e+00 1.263814810469572961e-02 9.994159919121543556e-01 -3.174826487744510789e-02 -7.874979999999999480e-02 -9.998917395769177929e-01 1.239213473722467450e-02 -7.933733200689907505e-03 2.870072599999999863e+00
-2.667840305766198961e-02 2.901101333158551121e-02 9.992230101012323784e-01 1.882546499999999901e+00 1.265559493180646623e-02 9.995084855798904711e-01 -2.868140810204352492e-02 -8.166740000000000110e-02 -9.995639542956794577e-01 1.188058749677395158e-02 -2.703244187113940100e-02 2.868828499999999782e+00
-5.746355394671827377e-02 3.664124903469209021e-02 9.976749765514772994e-01 2.010558599999999974e+00 1.736233481786818300e-02 9.992118023962137663e-01 -3.569766493458609302e-02 -8.670849999999999391e-02 -9.981966185564271621e-01 1.527065228755508132e-02 -5.805443894507766878e-02 2.861965200000000209e+00
-6.933797465353334910e-02 4.202231559586867837e-02 9.967077657282035208e-01 2.075434700000000188e+00 2.157416308236971905e-02 9.989419020652711145e-01 -4.061565936327500570e-02 -8.938390000000000224e-02 -9.973599153556560459e-01 1.868692832381730479e-02 -7.017120457551828672e-02 2.857318900000000106e+00
-7.839358865640717877e-02 4.526990103251554709e-02 9.958941114988458798e-01 2.140484600000000182e+00 2.684263879873964587e-02 9.987021168241833058e-01 -4.328457685152562601e-02 -9.275819999999999899e-02 -9.965610457969394931e-01 2.333919260389012013e-02 -7.950700653846864974e-02 2.852047400000000010e+00
-8.711422931572096462e-02 5.561123499855302743e-02 9.946449123142704352e-01 2.270131600000000027e+00 3.253327955317035503e-02 9.980669042359501253e-01 -5.295319055903916633e-02 -9.981139999999999457e-02 -9.956669607716439607e-01 2.774608460309955366e-02 -8.875504502254727424e-02 2.839682600000000168e+00
-8.990300684438434775e-02 5.956334320256510828e-02 9.941678216009970370e-01 2.335357199999999800e+00 3.472242243222507796e-02 9.977906666826263926e-01 -5.664043486307413638e-02 -1.038668999999999981e-01 -9.953450671705650343e-01 2.942776966699094804e-02 -9.177256470018602119e-02 2.833499000000000212e+00
-9.215360375690923034e-02 6.233394549921297823e-02 9.937918255616291496e-01 2.401170700000000213e+00 3.498513355905481792e-02 9.976251616687834556e-01 -5.933023879261654920e-02 -1.084258000000000027e-01 -9.951300185123899134e-01 2.930044443067290894e-02 -9.411551525490036152e-02 2.826884999999999870e+00
-9.652902516056925675e-02 6.914605214710731196e-02 9.929254608348101474e-01 2.530834700000000215e+00 3.719354165881859353e-02 9.971378536926288616e-01 -6.582356107148289170e-02 -1.180352000000000068e-01 -9.946350022799439472e-01 3.057653030883373049e-02 -9.882453153872805540e-02 2.813890199999999897e+00
-9.876109527085348561e-02 7.072560055748843000e-02 9.925946481251468612e-01 2.596858500000000181e+00 3.982970943348806969e-02 9.969527500907208184e-01 -6.707315657543298781e-02 -1.225780000000000064e-01 -9.943137534537804800e-01 3.291053801339671736e-02 -1.012771256519627849e-01 2.807187299999999830e+00
-1.005570843386970892e-01 6.941198657799921290e-02 9.925070523218439966e-01 2.662996999999999836e+00 4.003272985934227396e-02 9.970378390928875678e-01 -6.567288601085148614e-02 -1.275603999999999905e-01 -9.941255722137465334e-01 3.312889277173362845e-02 -1.030379693822131015e-01 2.799914600000000142e+00
-1.031412576610003518e-01 6.899180325101525457e-02 9.922711383751317005e-01 2.729205599999999787e+00 3.938407108136404711e-02 9.970925311572753635e-01 -6.523326801131479336e-02 -1.324533999999999989e-01 -9.938867017488284272e-01 3.235143574172807956e-02 -1.055585557512209727e-01 2.793588900000000042e+00
-1.076427605848986890e-01 7.266451330510803608e-02 9.915305868200908757e-01 2.862581299999999995e+00 3.734563490093345539e-02 9.969170588505282815e-01 -6.900493697307974461e-02 -1.417767000000000055e-01 -9.934879665338217647e-01 2.960145737872216590e-02 -1.100246066729952954e-01 2.779068899999999953e+00
-1.121823574823476860e-01 7.827051798906944913e-02 9.906002446413109119e-01 2.997051700000000096e+00 3.372676313770351514e-02 9.966185384072526743e-01 -7.492659308446261712e-02 -1.524060999999999888e-01 -9.931151112121674451e-01 2.500429796483305545e-02 -1.144428283700199556e-01 2.763587199999999910e+00
-1.169835279770377739e-01 8.430245939349811923e-02 9.895493668949787436e-01 3.131982999999999961e+00 2.812512810519487635e-02 9.962723165356193178e-01 -8.155028187454041455e-02 -1.639821999999999946e-01 -9.927355294090728366e-01 1.829116302913014191e-02 -1.189184678842180043e-01 2.748207100000000125e+00
-1.198132988546234540e-01 8.267228532073149505e-02 9.893483040150319319e-01 3.199675599999999953e+00 2.630435766576996390e-02 9.964413489380982147e-01 -8.007945363334191546e-02 -1.698640999999999901e-01 -9.924479100614620464e-01 1.642958813454775679e-02 -1.215615664935475460e-01 2.740414900000000209e+00
-1.226229192914037175e-01 7.871849938639133293e-02 9.893265474648947899e-01 3.268051900000000121e+00 2.323861958182357051e-02 9.968038645445327361e-01 -7.643312232936813611e-02 -1.754807999999999923e-01 -9.921812265026915822e-01 1.361813068815151406e-02 -1.240603090926959418e-01 2.732150999999999996e+00
-1.252921569377280220e-01 7.704704171555824821e-02 9.891236670774659068e-01 3.336147099999999810e+00 2.336644226431753776e-02 9.969325922240550586e-01 -7.469548806544010211e-02 -1.812990999999999908e-01 -9.918446878346431905e-01 1.375354224580036325e-02 -1.267081500531553884e-01 2.724228600000000000e+00
-1.282016263165241809e-01 8.011831424138990410e-02 9.885066508288733456e-01 3.474195700000000109e+00 2.458845181049983467e-02 9.966819408625682275e-01 -7.759198925138251213e-02 -1.926794000000000007e-01 -9.914432666811354711e-01 1.435842893710284618e-02 -1.297462310477539571e-01 2.706455000000000055e+00
-1.288444938636879589e-01 8.279453092917488100e-02 9.882024904083313022e-01 3.542451900000000098e+00 2.498959986814069251e-02 9.964632052447202071e-01 -8.022842695609103125e-02 -1.985335000000000016e-01 -9.913498960001159155e-01 1.435779375936693802e-02 -1.304577995327346196e-01 2.697486899999999910e+00
-1.296076938162601389e-01 8.388832587317573974e-02 9.880104222556694848e-01 3.611955899999999886e+00 2.333672207869227910e-02 9.963968977296989715e-01 -8.153906791994647296e-02 -2.040007000000000070e-01 -9.912906955612225124e-01 1.248883408600028749e-02 -1.310983825869713737e-01 2.689249999999999918e+00
-1.294714560434884199e-01 8.273899255897118610e-02 9.881251950943794604e-01 3.681328499999999782e+00 2.042270862501967266e-02 9.965238167170680228e-01 -8.076630292433253921e-02 -2.099555999999999922e-01 -9.913728133464203562e-01 9.723262105590435578e-03 -1.307111438693326910e-01 2.680511999999999784e+00
-1.295690398445749070e-01 8.194256355555284976e-02 9.881787693487954494e-01 3.751553799999999939e+00 1.655132733689942959e-02 9.966194177307804436e-01 -8.047229191061368303e-02 -2.161832999999999949e-01 -9.914322556166620393e-01 5.928952681915802825e-03 -1.304872792380691315e-01 2.671929399999999788e+00
-1.293663516358317112e-01 8.304538424943150310e-02 9.881132582954740284e-01 3.821771099999999866e+00 1.285051864596532811e-02 9.965435945106052573e-01 -8.207148353973010846e-02 -2.221380000000000021e-01 -9.915135960918356473e-01 2.080479451176439620e-03 -1.299863853266532976e-01 2.662870400000000082e+00
-1.296483663103828454e-01 8.352795101472043626e-02 9.880356180383031983e-01 3.892655400000000210e+00 8.715819122949573783e-03 9.965030888348486160e-01 -8.310011094831264156e-02 -2.280250000000000055e-01 -9.915217272506262614e-01 -2.162253890806722922e-03 -1.299230120034433611e-01 2.654463799999999818e+00
-1.300643885391727372e-01 8.269828015199917615e-02 9.880507321457902004e-01 3.963211100000000098e+00 5.001679023236539623e-03 9.965576293151572340e-01 -8.275188614588882552e-02 -2.344876999999999934e-01 -9.914929339339132452e-01 -5.821160851161188976e-03 -1.300302889540174700e-01 2.645843000000000167e+00
-1.302252759789237768e-01 7.787276358201528081e-02 9.884215751329554767e-01 4.034281700000000193e+00 5.176103151293631743e-03 9.969506491549070537e-01 -7.786277098701721577e-02 -2.403720000000000023e-01 -9.914709201244282788e-01 -5.023528810415747725e-03 -1.302312508805417712e-01 2.636585699999999921e+00
-1.307920360130044590e-01 6.905107918765115982e-02 9.890022203102447618e-01 4.106558800000000176e+00 8.534249134352162036e-03 9.976129891017985196e-01 -6.852364969182214716e-02 -2.463403999999999872e-01 -9.913730931931156176e-01 -5.219563156802289883e-04 -1.310691331104267832e-01 2.627627400000000168e+00
-1.308624492283014251e-01 6.369174925266427034e-02 9.893525056617110680e-01 4.177940399999999777e+00 1.381259477148341630e-02 9.979544783869206404e-01 -6.241851722980754080e-02 -2.518926000000000220e-01 -9.913043082765499170e-01 5.497285204965427635e-03 -1.314745155827784506e-01 2.618087099999999889e+00
-1.301681335541932105e-01 6.631544510359177469e-02 9.892717112844836569e-01 4.249074499999999865e+00 2.204469569520284278e-02 9.977076482804984048e-01 -6.398030911384566810e-02 -2.568137999999999810e-01 -9.912468352528164273e-01 1.347999641356938810e-02 -1.313316462166165266e-01 2.608540800000000104e+00
-1.288501615309265436e-01 7.182018551583993493e-02 9.890599055800032291e-01 4.321035400000000415e+00 2.783055945194531228e-02 9.972429826937755371e-01 -6.878875946412933706e-02 -2.620327000000000073e-01 -9.912734717695447229e-01 1.866264773531458795e-02 -1.304937153485242751e-01 2.598452299999999937e+00
-1.277807427407713636e-01 7.759709468616952932e-02 9.887622427463959029e-01 4.392974899999999572e+00 3.127996747533946797e-02 9.967540381759995016e-01 -7.418187793915556605e-02 -2.673665000000000069e-01 -9.913090564598704413e-01 2.144943533298043076e-02 -1.297932059259566673e-01 2.588857899999999823e+00
-1.267571884690441575e-01 8.237041621999791063e-02 9.885078298643708017e-01 4.464987299999999770e+00 3.258384660446185521e-02 9.963541560070615644e-01 -7.884598117794577865e-02 -2.727332000000000090e-01 -9.913984608177885960e-01 2.221509259941056857e-02 -1.289789965417605933e-01 2.579239600000000188e+00
-1.265843133733185466e-01 7.993676489185753964e-02 9.887297533838198538e-01 4.538069700000000317e+00 2.942520942422674479e-02 9.966116977822201406e-01 -7.680677635457025532e-02 -2.781448000000000254e-01 -9.915193233912013016e-01 1.937104701002163518e-02 -1.285075635112177261e-01 2.569695700000000027e+00
-1.260010015788089466e-01 7.497958057353322492e-02 9.891925040648829048e-01 4.610608100000000320e+00 2.841422771540215095e-02 9.970032596476012809e-01 -7.195228916021492727e-02 -2.842789000000000010e-01 -9.916231034341996819e-01 1.904108056479327654e-02 -1.277538961693567288e-01 2.560285799999999945e+00
-1.259635130598195096e-01 7.325745679366979513e-02 9.893263053218348535e-01 4.683157399999999804e+00 2.591538670454068480e-02 9.971723355342062556e-01 -7.053882602659633516e-02 -2.895921000000000189e-01 -9.916963174831208150e-01 1.675345544596434227e-02 -1.275058258317528503e-01 2.551205400000000179e+00
-1.255731093048769176e-01 7.919956812044430527e-02 9.889180060192250821e-01 4.830041399999999818e+00 2.533660847630359036e-02 9.967392654981445110e-01 -7.660869980059736850e-02 -3.009118000000000070e-01 -9.917607828959680294e-01 1.543583569991101995e-02 -1.271702971838212237e-01 2.532695100000000199e+00
-1.248033004718437228e-01 8.224095004341056003e-02 9.887671931892215715e-01 4.903396599999999772e+00 2.500979684225998478e-02 9.965028947090205369e-01 -7.972760436919959504e-02 -3.065903999999999852e-01 -9.918662441343807368e-01 1.477859846196455385e-02 -1.264236796421320808e-01 2.523154499999999967e+00
-1.246579088671763008e-01 8.091212851999707301e-02 9.888951578480025262e-01 4.977176700000000231e+00 2.537302354144272895e-02 9.966034172790436685e-01 -7.834435744900725140e-02 -3.127642999999999951e-01 -9.918753023607491670e-01 1.532501634896025339e-02 -1.262874833096135907e-01 2.514301500000000189e+00
-1.241962185172656857e-01 7.412512470910817552e-02 9.894851010464338348e-01 5.052205599999999741e+00 2.686533781329470544e-02 9.970914184629769972e-01 -7.132290551895621722e-02 -3.188975000000000004e-01 -9.918939222165794600e-01 1.772481634171592033e-02 -1.258263802048811275e-01 2.504898999999999987e+00
-1.241206813378511326e-01 7.549586717431647220e-02 9.893909391660232755e-01 5.200429899999999606e+00 2.382091128786134604e-02 9.970407405021994851e-01 -7.309121673800117458e-02 -3.303210999999999786e-01 -9.919811594227198048e-01 1.449606216955440924e-02 -1.255517563872882159e-01 2.486495999999999817e+00
-1.238459980983793035e-01 7.918477949495517088e-02 9.891369669825063049e-01 5.275505500000000403e+00 2.351094919566760685e-02 9.967652905433151966e-01 -7.685174582284520772e-02 -3.355344000000000104e-01 -9.920228848282357514e-01 1.373776781124923935e-02 -1.253071016049339681e-01 2.477227699999999810e+00
-1.239046777011976741e-01 7.846426329445337078e-02 9.891870350087597075e-01 5.350800500000000071e+00 2.247274646146416380e-02 9.968349905607398753e-01 -7.625599819193487616e-02 -3.417087999999999792e-01 -9.920396194256766442e-01 1.278127456196453265e-02 -1.252758257220066840e-01 2.468155900000000180e+00
-1.235397430273769970e-01 7.484378664728569275e-02 9.895131830819766661e-01 5.426225200000000193e+00 2.200594980496953929e-02 9.971131501826832055e-01 -7.267120410414892873e-02 -3.479149999999999743e-01 -9.920955952255362531e-01 1.279739555774098841e-02 -1.248301109549611043e-01 2.458798600000000167e+00
-1.223565657675805829e-01 7.354447355005636067e-02 9.897575871009065551e-01 5.502176799999999979e+00 2.235564424262094854e-02 9.972019308457136244e-01 -7.133396307564829342e-02 -3.541767000000000110e-01 -9.922343956868562298e-01 1.339848975913505644e-02 -1.236583377217778112e-01 2.449016799999999883e+00
-1.214663570019351158e-01 7.394771860242944916e-02 9.898371881426631935e-01 5.578126000000000140e+00 2.391900003612154255e-02 9.971495458830550440e-01 -7.155881904062671994e-02 -3.603657000000000110e-01 -9.923073140685551019e-01 1.498392667871315670e-02 -1.228888782084712750e-01 2.439877699999999816e+00
-1.203344748439412609e-01 7.421829118920740542e-02 9.899551805091919565e-01 5.655248199999999947e+00 2.637222019079735538e-02 9.970884995012029295e-01 -7.154739802849499619e-02 -3.661848999999999799e-01 -9.923830511280615774e-01 1.749769743119956866e-02 -1.219414220778370916e-01 2.430608499999999950e+00
-1.187762977872809933e-01 7.361598955040829506e-02 9.901883038929822911e-01 5.731800599999999690e+00 2.589381410540347178e-02 9.971382685904789378e-01 -7.102664080087750520e-02 -3.722346999999999739e-01 -9.925833473693893572e-01 1.720347043175437726e-02 -1.203425906738000428e-01 2.420528399999999802e+00
-1.177018309582808925e-01 7.406827640996618833e-02 9.902828734350226370e-01 5.808697200000000116e+00 2.711955031145475356e-02 9.970823475809045267e-01 -7.135350119970880478e-02 -3.782461999999999769e-01 -9.926786030634349167e-01 1.845758847220345042e-02 -1.193671162750362669e-01 2.411714799999999936e+00
-1.165840569622033501e-01 7.248220494811018211e-02 9.905324263385291150e-01 5.885664000000000229e+00 2.737954505637663072e-02 9.971889234878943409e-01 -6.974676612976601908e-02 -3.840668999999999889e-01 -9.928033632974553324e-01 1.898896624133569744e-02 -1.182408600541532406e-01 2.402768899999999874e+00
-1.152520603922510267e-01 7.174051057932330500e-02 9.907422781516690424e-01 5.963352200000000103e+00 2.556489017272174299e-02 9.972724492481189751e-01 -6.923942779309059936e-02 -3.899696000000000273e-01 -9.930072502080726782e-01 1.734823081688538840e-02 -1.167717428221677345e-01 2.393641899999999989e+00
-1.141579837898941685e-01 7.089795750867089463e-02 9.909295809279913270e-01 6.041323700000000407e+00 2.638694294818093311e-02 9.973147934728788799e-01 -6.831494684180287880e-02 -3.958689000000000235e-01 -9.931121205477634328e-01 1.834890572343772161e-02 -1.157222263866224399e-01 2.385054799999999808e+00
-1.122079415965182986e-01 7.210223496253287401e-02 9.910654093227552197e-01 6.119884500000000394e+00 2.457012529332840839e-02 9.972603973991680526e-01 -6.977111667677204920e-02 -4.014664000000000010e-01 -9.933809373980068136e-01 1.652172789575280173e-02 -1.136720973748448493e-01 2.375976800000000111e+00
-1.105789551085902267e-01 7.494787648272210889e-02 9.910373910694909583e-01 6.198058600000000418e+00 2.495886934988244751e-02 9.970475174033825994e-01 -7.261751083951319130e-02 -4.072942999999999980e-01 -9.935538986526437633e-01 1.670520429333169354e-02 -1.121230869252634044e-01 2.367278600000000122e+00
-1.094399900713330376e-01 7.360424166117167377e-02 9.912644975901588884e-01 6.277455800000000252e+00 2.318315822077848809e-02 9.971723350579190237e-01 -7.148339226734881646e-02 -4.133357999999999755e-01 -9.937230146012000498e-01 1.515749994626927957e-02 -1.108369092282980306e-01 2.358876500000000043e+00
-1.091925020934181728e-01 7.204366365846946729e-02 9.914064292777428067e-01 6.357020900000000196e+00 1.989985102180132082e-02 9.973286311495702661e-01 -7.028226958938173230e-02 -4.196509999999999962e-01 -9.938214092159057822e-01 1.205454337541433593e-02 -1.103344668184936817e-01 2.350729499999999916e+00
-1.086913621168948685e-01 7.326061831159991211e-02 9.913723163402213823e-01 6.436389899999999997e+00 1.668785959759639531e-02 9.972745983598984010e-01 -7.186717476118185954e-02 -4.255831999999999948e-01 -9.939354622626282998e-01 8.732540907743738257e-03 -1.096176974127336390e-01 2.342169000000000167e+00
-1.091772481124364952e-01 7.252250154802553084e-02 9.913731967648771182e-01 6.516464199999999707e+00 1.457471079122759500e-02 9.973445484199966460e-01 -7.135425384842250529e-02 -4.318135000000000168e-01 -9.939154422283351664e-01 6.658716552735831351e-03 -1.099443277023547383e-01 2.333879899999999896e+00
-1.103927079373819425e-01 6.984771248004491284e-02 9.914306567257018532e-01 6.596949600000000302e+00 1.174768090331365297e-02 9.975495129553147988e-01 -6.897072709496529508e-02 -4.379791000000000101e-01 -9.938186162613604768e-01 4.033145660552843459e-03 -1.109427406747955924e-01 2.325420400000000054e+00
-1.116617567073671796e-01 6.828244407511872838e-02 9.913975791377306335e-01 6.678091000000000221e+00 1.028877158074434361e-02 9.976624922762534764e-01 -6.755510850034635029e-02 -4.441759000000000124e-01 -9.936930075573561227e-01 2.656941147745561782e-03 -1.121032889586804915e-01 2.316889000000000198e+00
-1.127938339324873751e-01 6.776231180426618705e-02 9.913051095024940640e-01 6.758957399999999893e+00 8.290099719120452848e-03 9.977012928564559235e-01 -6.725625977709003001e-02 -4.499240999999999935e-01 -9.935838290116527638e-01 6.319268136319583506e-04 -1.130963102627345895e-01 2.308028699999999933e+00
-1.144544388123436840e-01 6.762712826761818619e-02 9.911239846550108368e-01 6.839963899999999875e+00 8.498209926439039691e-03 9.977103882487462494e-01 -6.709516829535723537e-02 -4.561238000000000237e-01 -9.933921490852428704e-01 7.434398504621436699e-04 -1.147670921169962055e-01 2.298961900000000114e+00
-1.166614868999718141e-01 6.613632053476103945e-02 9.909672469766146463e-01 6.920580900000000035e+00 8.127563848352951231e-03 9.978105178600312763e-01 -6.563621830808957780e-02 -4.622773000000000021e-01 -9.931384798607787445e-01 3.969307491160992130e-04 -1.169435858258235372e-01 2.289727399999999857e+00
-1.197530192975597568e-01 6.148254850949932265e-02 9.908981333103293876e-01 7.001520199999999861e+00 5.503663078936037178e-03 9.981063822640977579e-01 -6.126466662268092306e-02 -4.678858000000000184e-01 -9.927884588681678002e-01 -1.883059333037777339e-03 -1.198646320885207173e-01 2.280451300000000181e+00
-1.240199866082407759e-01 6.163177556123417000e-02 9.903638559453096235e-01 7.081105199999999655e+00 4.863082050063513573e-03 9.980949953523881035e-01 -6.150390788796060437e-02 -4.734810999999999881e-01 -9.922678032439966600e-01 -2.811493141740010332e-03 -1.240834483388006948e-01 2.270867599999999875e+00
-1.298881661485612737e-01 6.732349678002499949e-02 9.892404212707208710e-01 7.160354599999999792e+00 -3.772363141487239391e-04 9.976887934353415588e-01 -6.794798853752631596e-02 -4.792603999999999753e-01 -9.915285785025698129e-01 -9.198817034949870880e-03 -1.295625708985063129e-01 2.261558099999999794e+00
-1.367809037909456793e-01 7.047444237528675826e-02 9.880912596162483297e-01 7.239742800000000145e+00 4.446247755559157300e-04 9.974703870965213603e-01 -7.108184841663123255e-02 -4.852197999999999789e-01 -9.906012248462752190e-01 -9.283309615022196370e-03 -1.364662357348901400e-01 2.250839700000000221e+00
-1.462525770412938242e-01 6.704763610557207265e-02 9.869725417667073453e-01 7.319274400000000291e+00 2.295244345637777184e-03 9.977208482823406444e-01 -6.743768053662912987e-02 -4.909682000000000213e-01 -9.892446186672808617e-01 -7.597591422379743054e-03 -1.460731359367777316e-01 2.239942300000000053e+00
-1.568290429700128497e-01 6.494561033194279354e-02 9.854880613075540641e-01 7.398953399999999903e+00 5.090931602882847740e-03 9.978754162135420325e-01 -6.495179852833127265e-02 -4.971497999999999751e-01 -9.876126435483321142e-01 -5.169276086804900500e-03 -1.568264801881804615e-01 2.227321100000000165e+00
-1.697328538804582787e-01 6.556545116694341424e-02 9.833066306737028306e-01 7.476722200000000207e+00 5.327876140706951785e-03 9.978308402392181975e-01 -6.561423628546700360e-02 -5.033417000000000030e-01 -9.854757085029666186e-01 -5.897955643353672284e-03 -1.697140008066652106e-01 2.214305200000000085e+00
-1.833204481457013368e-01 6.560078211512354596e-02 9.808619427205558239e-01 7.554695099999999996e+00 7.497325579542420126e-03 9.978352379022967789e-01 -6.533473891905548780e-02 -5.092468999999999468e-01 -9.830246199362522308e-01 -4.623352284965163289e-03 -1.834154334096111949e-01 2.199685600000000019e+00
-1.980655676191075687e-01 6.368559234608950348e-02 9.781176699412237330e-01 7.632860700000000165e+00 8.283592827992878466e-03 9.979601564598667984e-01 -6.330014382652074389e-02 -5.150202999999999864e-01 -9.801537700858886648e-01 -4.435250401712737683e-03 -1.981890903664814685e-01 2.184594600000000053e+00
-2.138732316690375168e-01 6.638817008050423851e-02 9.746029199878298854e-01 7.708915199999999857e+00 1.218757482312996659e-02 9.977916905321380092e-01 -6.529322572019899407e-02 -5.207509999999999639e-01 -9.767853929064320706e-01 -2.086427180682248750e-03 -2.142100441768473029e-01 2.168605599999999800e+00
-2.288174579543530707e-01 6.935159222187768646e-02 9.709958432411532891e-01 7.784858200000000394e+00 1.265644186850191366e-02 9.975867165104653767e-01 -6.826827609583796530e-02 -5.269656000000000340e-01 -9.733870686497417823e-01 -3.331620950636916823e-03 -2.291430009563988346e-01 2.151183099999999904e+00
-2.437530891879004791e-01 7.322855049646163905e-02 9.670687725821482950e-01 7.860135099999999930e+00 1.304304171159806347e-02 9.973026876194599488e-01 -7.223038370319859180e-02 -5.332156000000000118e-01 -9.697496123094173637e-01 -4.992860822109132513e-03 -2.440507340012443294e-01 2.132465400000000066e+00
-2.593987982332522368e-01 7.104093225413629642e-02 9.631539074413849599e-01 7.935134399999999921e+00 9.849524397019238792e-03 9.974336138727156742e-01 -7.091666084896283695e-02 -5.393565000000000165e-01 -9.657200683139485209e-01 -8.909088689507745074e-03 -2.594328001514563109e-01 2.113125600000000048e+00
-2.758836858770525868e-01 6.513585520236019055e-02 9.589814973366010964e-01 8.010870000000000601e+00 3.660038843705873401e-03 9.977652135701901015e-01 -6.671718447967935062e-02 -5.455997000000000208e-01 -9.611840593676919120e-01 -1.489627323494602598e-02 -2.755055445198072439e-01 2.093004899999999946e+00
-2.912299936901688313e-01 6.085771858531043021e-02 9.547153653648902116e-01 8.086061499999999569e+00 -3.789678664936381447e-04 9.979670815733883149e-01 -6.373037328660771661e-02 -5.515092000000000327e-01 -9.566529920292837774e-01 -1.892200265525188080e-02 -2.906148837498421234e-01 2.070925200000000022e+00
-3.064640580515538004e-01 6.221949963756042562e-02 9.498465744463292504e-01 8.160221099999999339e+00 -2.266007305535687466e-03 9.978109264951253721e-01 -6.609251226750986752e-02 -5.570578999999999947e-01 -9.518795335195865404e-01 -2.240733879315658789e-02 -3.056521958611512213e-01 2.048214699999999944e+00
-3.203690202410002796e-01 6.410055127507502393e-02 9.451215848746937764e-01 8.233519599999999272e+00 -1.861811462527666883e-03 9.976634217105528890e-01 -6.829517288117523122e-02 -5.631340999999999708e-01 -9.472909925296976175e-01 -2.363929582333386056e-02 -3.195011098025754004e-01 2.023600300000000018e+00
-3.344763571895413845e-01 6.634193809790708829e-02 9.400661219992068052e-01 8.306034999999999613e+00 -6.129820785276407502e-04 9.975035636959177499e-01 -7.061348785406043604e-02 -5.690165999999999835e-01 -9.424039424441015278e-01 -2.419478587129056044e-02 -3.336006918494874851e-01 1.998763999999999985e+00
-3.485899397413346756e-01 6.617978553369213701e-02 9.349359817109658133e-01 8.378426599999999169e+00 1.570473388708949758e-03 9.975439329377328024e-01 -7.002596284561377060e-02 -5.750817000000000290e-01 -9.372740194438701211e-01 -2.294205408925788572e-02 -3.478377130641494563e-01 1.972190499999999957e+00
-3.624143605054869766e-01 6.429418631817605811e-02 9.297967997928805461e-01 8.450215299999999985e+00 1.509767315420004752e-03 9.976569619072808148e-01 -6.839815027168165418e-02 -5.809315000000000451e-01 -9.320158538898636325e-01 -2.338469507216031640e-02 -3.616622791145489568e-01 1.944772200000000062e+00
-3.770432691219872123e-01 6.257907785186986316e-02 9.240791266038935747e-01 8.521408100000000374e+00 7.625766715768922399e-04 9.977354622223920666e-01 -6.725597297407569231e-02 -5.872334000000000165e-01 -9.261953312809479977e-01 -2.465373073348622879e-02 -3.762371617401663038e-01 1.916590999999999934e+00
