1.000000000000000000e+00 0.000000000000000000e+00 0.000000000000000000e+00 0.000000000000000000e+00 0.000000000000000000e+00 1.000000000000000000e+00 0.000000000000000000e+00 0.000000000000000000e+00 0.000000000000000000e+00 0.000000000000000000e+00 1.000000000000000000e+00 0.000000000000000000e+00
9.999987582626792548e-01 6.765579047845732665e-04 1.423285811505811379e-03 -2.697999999999999986e-04 -6.794409458072073063e-04 9.999977166043289012e-01 2.026116020783230720e-03 -1.143600000000000042e-03 -1.421911776771279121e-03 -2.027080543537274765e-03 9.999969345509861496e-01 7.017270000000000452e-02
9.999950283188286937e-01 -2.104458876609793024e-04 3.146275600359277943e-03 -3.414000000000000042e-04 2.007531015837669725e-04 9.999952344325166997e-01 3.080715898645840396e-03 -2.227699999999999993e-03 -3.146908930562505435e-03 -3.080068957723403229e-03 9.999903050227029189e-01 1.402104999999999879e-01
9.999857430109705403e-01 2.792649878776304892e-04 5.332521529592968226e-03 -2.628999999999999935e-04 -2.995319210850634888e-04 9.999927343228871557e-01 3.800208160603100929e-03 -3.430900000000000182e-03 -5.331421520127433561e-03 -3.801751241495032654e-03 9.999785610862227392e-01 2.080075999999999870e-01
9.999630248691361301e-01 -1.185275831269083717e-04 8.598537420947190146e-03 3.610000000000000334e-05 9.027020621242438914e-05 9.999945949950321822e-01 3.286614064870014510e-03 -4.542799999999999616e-03 -8.598880500231494833e-03 -3.285716350138752784e-03 9.999576307635283934e-01 2.760763999999999996e-01
9.999252597464398651e-01 -3.366499642157366138e-04 1.222135785485097687e-02 4.447000000000000215e-04 3.209376178792360370e-04 9.999991195615856032e-01 1.287584987099541682e-03 -5.370599999999999680e-03 -1.222178056013787859e-02 -1.283566459193939907e-03 9.999244874174673114e-01 3.429321000000000175e-01
9.998781465251905809e-01 -3.372543193133182389e-04 1.560699717670056309e-02 1.074099999999999925e-03 3.439249222511983790e-04 9.999998506604359516e-01 -4.247290354059435227e-04 -6.500599999999999608e-03 -1.560685160425668259e-02 4.300449159876982663e-04 9.998781131939896705e-01 4.089040999999999926e-01
9.998011569562201828e-01 -5.595504539636050775e-05 1.994099842125190980e-02 1.835899999999999902e-03 4.883974019356594987e-05 9.999999349740036347e-01 3.573047274937887004e-04 -7.788599999999999690e-03 -1.994101711757086809e-02 -3.562597667521227233e-04 9.998010946759836592e-01 4.747020000000000128e-01
9.996844927923859148e-01 9.870751766098263098e-05 2.511782489102128493e-02 3.349200000000000094e-03 -1.016766781299031902e-04 9.999999879943595182e-01 1.169321763295352808e-04 -8.962499999999999981e-03 -2.511781304738084850e-02 -1.194491803818689479e-04 9.996844908267857877e-01 5.400515999999999650e-01
9.995019565272156292e-01 1.835149584620392356e-03 3.150350971352394724e-02 5.050800000000000255e-03 -1.815595718520668020e-03 9.999981410200164955e-01 -6.492832187971477823e-04 -1.007749999999999965e-02 -3.150464268095926057e-02 5.917622101737889800e-04 9.995034303628136385e-01 6.046165000000000012e-01
9.992360340224555326e-01 3.179642347466714574e-03 3.895174175330570060e-02 6.913599999999999780e-03 -3.154746782693927405e-03 9.999947783617149089e-01 -7.005869265911026777e-04 -1.112699999999999974e-02 -3.895376597725955931e-02 5.771688200383088239e-04 9.992408473397902391e-01 6.682052000000000547e-01
9.988770295944114919e-01 3.972596269761581242e-03 4.721120870643718409e-02 9.606599999999999862e-03 -3.997964679322795617e-03 9.999919100158930485e-01 4.429234573183179406e-04 -1.229129999999999980e-02 -4.720906721243475074e-02 -6.311748122602811421e-04 9.988848309946889437e-01 7.311819999999999986e-01
9.974550254642423619e-01 8.862382337975356281e-03 7.074553240610567673e-02 1.605380000000000001e-02 -8.970256862846850629e-03 9.999590376648086476e-01 1.207263138002675346e-03 -1.453630000000000026e-02 -7.073193527638244049e-02 -1.838796281640122862e-03 9.974936652231393142e-01 8.548628999999999811e-01
9.962655888494679202e-01 1.086370536329287970e-02 8.565545154981317466e-02 2.035560000000000147e-02 -1.104460014949047025e-02 9.999376644938183789e-01 1.638271706937271480e-03 -1.547169999999999969e-02 -8.563231447275441999e-02 -2.578183939799024143e-03 9.963234714115751789e-01 9.154978000000000282e-01
9.947306456184630274e-01 1.272026420506313163e-02 1.017307109285549571e-01 2.610569999999999904e-02 -1.307844395768705675e-02 9.999103986530589738e-01 2.854639929351988556e-03 -1.638329999999999995e-02 -1.016852839457188240e-01 -4.170077221587315669e-03 9.948078776753049857e-01 9.759934999999999583e-01
9.927495818338842870e-01 1.292675682009387580e-02 1.195038356152721554e-01 3.275510000000000227e-02 -1.346800131896147903e-02 9.999023730511723551e-01 3.722540410352055597e-03 -1.728930000000000050e-02 -1.194440484457902490e-01 -5.305028251424180781e-03 9.928267602991628360e-01 1.035700099999999901e+00
9.902653704508382893e-01 1.265921006513074515e-02 1.386154410099789680e-01 4.032990000000000186e-02 -1.316566768337035925e-02 9.999095819598132762e-01 2.737352626622017050e-03 -1.816519999999999940e-02 -1.385682549515404594e-01 -4.535670344977637061e-03 9.903424995496288297e-01 1.093919000000000086e+00
9.837306840538825314e-01 9.199325202125283041e-03 1.794138056747749121e-01 5.968110000000000082e-02 -9.607300403527672256e-03 9.999528615447937918e-01 1.405157405690929612e-03 -1.954849999999999990e-02 -1.793924218851976338e-01 -3.105978783561417697e-03 9.837726931898238547e-01 1.208765700000000054e+00
9.795339200168604599e-01 4.032681546306670674e-03 2.012387562472714719e-01 7.111810000000000354e-02 -4.806923734655676843e-03 9.999828056268131871e-01 3.358859171856498280e-03 -2.023029999999999967e-02 -2.012217508635979202e-01 -4.257455845130778994e-03 9.795364623377298408e-01 1.265210600000000074e+00
9.687634194829367607e-01 -6.532198065912007967e-03 2.479007209754647834e-01 9.777099999999999680e-02 5.659049569463602339e-03 9.999750214458744679e-01 4.234576991068761224e-03 -2.173620000000000066e-02 -2.479221898695191384e-01 -2.699420817625618370e-03 9.687761872060808299e-01 1.373670299999999900e+00
9.619518115112474232e-01 -1.246907216083806974e-02 2.729344876883045834e-01 1.128732000000000069e-01 1.222066976962448911e-02 9.999219180949134866e-01 2.610161636926038552e-03 -2.253600000000000048e-02 -2.729457227373443540e-01 8.245925278022455621e-04 9.620290808944144123e-01 1.426580900000000041e+00
9.541083361002437035e-01 -1.613870508152733668e-02 2.990264623445820780e-01 1.293208999999999886e-01 1.590164741918845270e-02 9.998683563125702056e-01 3.226089607393282498e-03 -2.321290000000000159e-02 -2.990391623071803062e-01 1.676974385790482806e-03 9.542393657586807354e-01 1.478414700000000082e+00
9.350847962389399193e-01 -2.307544215871045259e-02 3.536720908015786313e-01 1.658910000000000107e-01 2.140411970101906494e-02 9.997335983868766984e-01 8.636892742855107469e-03 -2.440909999999999955e-02 -3.537771721049911000e-01 -5.061873241635726772e-04 9.353295976669337985e-01 1.579385500000000109e+00
9.238321539955496320e-01 -2.604680138931118882e-02 3.819106117684199497e-01 1.861764999999999948e-01 2.475011533069444020e-02 9.996591451219020152e-01 8.308150532169759905e-03 -2.506689999999999960e-02 -3.819968364202252498e-01 1.776995085430803020e-03 9.241619226376976970e-01 1.628089200000000014e+00
8.980160950582533053e-01 -2.662008200607356850e-02 4.391565372965726688e-01 2.301198999999999883e-01 2.990907388736549488e-02 9.995524606095926856e-01 -5.707788614142264919e-04 -2.632009999999999905e-02 -4.389448032674794220e-01 1.364733392639177340e-02 8.984103794821024502e-01 1.721205099999999932e+00
8.675123153238696316e-01 -2.899635048323518510e-02 4.965698283424722637e-01 2.797980999999999940e-01 3.330381248024644192e-02 9.994452581792745427e-01 1.788218213328602452e-04 -2.742330000000000115e-02 -4.962995454719856814e-01 1.638253831421095791e-02 8.679967589816702800e-01 1.811001099999999919e+00
8.294919292891046458e-01 -2.798001571059263032e-02 5.578174055773753581e-01 3.349063999999999930e-01 2.724348530760358628e-02 9.995824699750822662e-01 9.626953142514346404e-03 -2.845690000000000025e-02 -5.578538623622978365e-01 7.211410357812748743e-03 8.299078646501174550e-01 1.896928699999999912e+00
8.080639980897211805e-01 -2.181506660809361814e-02 5.886906469956351140e-01 3.641894999999999993e-01 2.351094746528055446e-02 9.997121804858906113e-01 4.774048327238079870e-03 -2.888229999999999964e-02 -5.886253565219051742e-01 9.982938296434850853e-03 8.083443143873961789e-01 1.937744399999999922e+00
7.857778932142893691e-01 -1.475823486387763811e-02 6.183326750539838157e-01 3.947085000000000177e-01 2.071054859041314422e-02 9.997824960080363699e-01 -2.456390242799305103e-03 -2.912810000000000052e-02 -6.181619332446773862e-01 1.473618606164464953e-02 7.859126345259754842e-01 1.976922300000000021e+00
7.395104483459722378e-01 -1.493314063097503537e-02 6.729794187774501557e-01 4.603007000000000071e-01 2.115835205692680882e-02 9.997755692811056694e-01 -1.065460875006503730e-03 -3.047470000000000040e-02 -6.728124708456096892e-01 1.502705491893042457e-02 7.396604401312059096e-01 2.051772099999999988e+00
7.145443059885643322e-01 -1.499267365162236000e-02 6.994295207639558143e-01 4.947814999999999852e-01 2.122296785083873510e-02 9.997747359820695623e-01 -2.508537130195154924e-04 -3.141250000000000292e-02 -6.992682034919956990e-01 1.502321632537516154e-02 7.147015338981145272e-01 2.087292000000000147e+00
6.889900239936328497e-01 -1.315712246542914687e-02 7.246513899563588046e-01 5.305440000000000156e-01 2.193747325818410504e-02 9.997556829972732428e-01 -2.705842142840778237e-03 -3.234870000000000106e-02 -7.244387442042975467e-01 1.776131873159241675e-02 6.891103260383021345e-01 2.121058000000000110e+00
6.623828274957299644e-01 -1.052735085370243122e-02 7.490915596392505593e-01 5.670066999999999746e-01 2.172685861426092852e-02 9.997506178522631570e-01 -5.161949125471030145e-03 -3.300689999999999874e-02 -7.488504079277235048e-01 1.969459286253681662e-02 6.624463673071663283e-01 2.153653400000000051e+00
6.071127991152219794e-01 -6.851948218853552534e-03 7.945861186530295273e-01 6.440245999999999471e-01 2.015423738511428267e-02 9.997739089338870677e-01 -6.777737858626316572e-03 -3.482860000000000122e-02 -7.943600291214963915e-01 2.012912866126957689e-02 6.071136321261724200e-01 2.214756299999999900e+00
5.779104492847412233e-01 -2.462604253024181650e-04 8.161001482436524013e-01 6.835763999999999729e-01 1.883491247985241701e-02 9.997376197204070891e-01 -1.303601885741951551e-02 -3.593670000000000198e-02 -8.158828094030322609e-01 2.290482638173944874e-02 5.777634552730361861e-01 2.243524799999999875e+00
5.169753859665507933e-01 1.732102238142491091e-02 8.558250010886557790e-01 7.677751999999999910e-01 1.659691416339716813e-02 9.994044849828551680e-01 -3.025256743496134576e-02 -3.890430000000000277e-02 -8.558393498460959981e-01 2.984388680812595507e-02 5.163800438390266923e-01 2.296797799999999778e+00
4.524233449465295265e-01 2.189681507989105214e-02 8.915344336797936808e-01 8.578377000000000363e-01 1.206647937049083047e-02 9.994567034223688085e-01 -3.067080141914502178e-02 -4.247820000000000068e-02 -8.917216589401621984e-01 2.463386842231980733e-02 4.519133274241386999e-01 2.345028899999999972e+00
4.190848661004809017e-01 2.070008703837823705e-02 9.077110671365341554e-01 9.039738999999999969e-01 7.448922041706898534e-03 9.996280407969612147e-01 -2.623535044258774526e-02 -4.429860000000000048e-02 -9.079165096890565723e-01 1.775630730282569750e-02 4.187747902930750721e-01 2.366646999999999945e+00
3.847634075126740716e-01 2.218340498984550102e-02 9.227486205799998453e-01 9.512218999999999536e-01 3.483716020947810743e-03 9.996691283523555516e-01 -2.548524164937909786e-02 -4.573490000000000194e-02 -9.230086586603191146e-01 1.302038257112106412e-02 3.845588195267147791e-01 2.386817900000000048e+00
3.493501259093379496e-01 2.497153910773621671e-02 9.366594427868225603e-01 9.992180999999999980e-01 -3.391339763503800273e-03 9.996719563111265972e-01 -2.538658267064620305e-02 -4.746650000000000175e-02 -9.369861196099643630e-01 5.692275439213806063e-03 3.493202107788582200e-01 2.405601299999999831e+00
3.136146485424368691e-01 2.713361661139676584e-02 9.491625883215105697e-01 1.048342300000000060e+00 -8.476215594049549620e-03 9.996318149096625749e-01 -2.577573257188742889e-02 -4.899080000000000101e-02 -9.495125096536679576e-01 3.834057903709733872e-05 3.137291706889766552e-01 2.422300599999999804e+00
2.775210099158605948e-01 2.647606452317127421e-02 9.603546777428877412e-01 1.098773699999999964e+00 -1.138972555074729484e-02 9.996406102984255471e-01 -2.426776450499582710e-02 -5.078160000000000313e-02 -9.606520510607154950e-01 -4.203361697041135825e-03 2.777228268315090620e-01 2.437359299999999784e+00
2.409295495715257085e-01 2.589254338385855309e-02 9.701971595198454201e-01 1.149418599999999957e+00 -1.170601224714787163e-02 9.996488787840915879e-01 -2.377158856656783753e-02 -5.252890000000000337e-02 -9.704720096017870334e-01 -5.629861705544574046e-03 2.411480525250931928e-01 2.450584200000000212e+00
2.049572791856795473e-01 2.526343342193441976e-02 9.784448235033690322e-01 1.201615099999999936e+00 -1.100967921908078961e-02 9.996630927142403644e-01 -2.350506389042402930e-02 -5.431010000000000004e-02 -9.787089969302910086e-01 -5.954829698275338618e-03 2.051663698830005211e-01 2.461579799999999985e+00
1.696205832482497733e-01 2.393507640189143637e-02 9.852187421360596442e-01 1.254155499999999979e+00 -8.792826138963162272e-03 9.997019913271545377e-01 -2.277311452155522317e-02 -5.591379999999999961e-02 -9.854702146422356090e-01 -4.800068140924963755e-03 1.697804918087733039e-01 2.470722900000000166e+00
1.354952894923109608e-01 2.326808170967813866e-02 9.905047313864515646e-01 1.307314499999999935e+00 -6.370980705098349545e-04 9.997260368675306985e-01 -2.339754934152420834e-02 -5.765750000000000042e-02 -9.907777856974001596e-01 2.539209068243281422e-03 1.354729928283284757e-01 2.477217399999999792e+00
6.876824566165329333e-02 3.167893112555474067e-02 9.971295671633456648e-01 1.413731700000000036e+00 2.376192010934710663e-03 9.994876750180207159e-01 -3.191772546091827673e-02 -6.146349999999999730e-02 -9.976298322023785525e-01 4.564297296817967919e-03 6.865773874837843849e-02 2.486869599999999902e+00
3.955008154574542883e-02 3.545989830471281412e-02 9.985881967367451484e-01 1.467419500000000099e+00 9.594888231051534877e-03 9.993105620341715678e-01 -3.586556463771153197e-02 -6.375290000000000123e-02 -9.991715213963809905e-01 1.099982814264206799e-02 3.918258045705802495e-02 2.488686599999999860e+00
1.412777359193924907e-02 3.345615585155685412e-02 9.993403282410705524e-01 1.522055900000000017e+00 1.188412743390255578e-02 9.993638627628732563e-01 -3.362495083719516109e-02 -6.615409999999999346e-02 -9.998295722414239917e-01 1.235133350312286014e-02 1.372118916949127687e-02 2.489464499999999969e+00
-2.716279016777961575e-02 2.781744187460896689e-02 9.992439005357268700e-01 1.632716800000000079e+00 1.306638308981387768e-02 9.995372157622666176e-01 -2.747041934820742409e-02 -7.063079999999999359e-02 -9.995456230023974653e-01 1.231033036798340717e-02 -2.751369300874939583e-02 2.487817300000000120e+00
-4.365020792937008426e-02 3.133754484749274455e-02 9.985552651859855855e-01 1.687959900000000069e+00 1.424060016683999751e-02 9.994258914086920909e-01 -3.074236309767599748e-02 -7.251370000000000038e-02 -9.989453762116379254e-01 1.287811573455275097e-02 -4.407141341636899856e-02 2.485326500000000216e+00
-5.777566991268657387e-02 3.558687120437415558e-02 9.976951170392803769e-01 1.743443599999999982e+00 1.772138101342964067e-02 9.992435609033029076e-01 -3.461587277917633348e-02 -7.480159999999999587e-02 -9.981722920523875553e-01 1.568058006486212214e-02 -5.836261464081526906e-02 2.481833700000000142e+00
-7.865537559255779410e-02 4.432424932152192326e-02 9.959160069064444398e-01 1.855818600000000096e+00 2.680683808214898850e-02 9.987438681239619864e-01 -4.233295780858743751e-02 -7.987299999999999955e-02 -9.965413816407379111e-01 2.336764444418307565e-02 -7.974476704272903671e-02 2.473052299999999981e+00
-8.433760749764591946e-02 4.965839563211301572e-02 9.951990814429130250e-01 1.911774899999999944e+00 3.077194007932099878e-02 9.984108463851542048e-01 -4.721090471739054079e-02 -8.289920000000000622e-02 -9.959619750097530311e-01 2.664255174949257260e-02 -8.573166725865022375e-02 2.467898799999999948e+00
-8.794645384702623470e-02 5.442039057395214180e-02 9.946375432012967144e-01 1.968032500000000073e+00 3.266259155714159451e-02 9.981271752085791871e-01 -5.172327544649125280e-02 -8.607629999999999448e-02 -9.955895622034734993e-01 2.793856116411085749e-02 -8.955925653764107430e-02 2.462924000000000113e+00
-9.300641363700166975e-02 6.144852040233954316e-02 9.937675212859123919e-01 2.081553500000000057e+00 3.559698907524048994e-02 9.976608779483527867e-01 -5.835774995747369798e-02 -9.309679999999999345e-02 -9.950289751515583037e-01 2.994748656707392834e-02 -9.497624259337056341e-02 2.451840400000000031e+00
-9.553627690395077865e-02 6.474050973900513650e-02 9.933184213504073767e-01 2.137990199999999952e+00 3.634277613273158292e-02 9.974443487516213569e-01 -6.151401276473466434e-02 -9.701830000000000176e-02 -9.947622944293263991e-01 3.022312925869134054e-02 -9.764496935077937589e-02 2.446515799999999796e+00
-9.735758778516348522e-02 6.858265946157990345e-02 9.928836381579823067e-01 2.195046899999999912e+00 3.755377004219463688e-02 9.971655756726606201e-01 -6.519608154658877719e-02 -1.008309000000000011e-01 -9.945407052787090807e-01 3.093919059362176469e-02 -9.965717249219641083e-02 2.440624199999999799e+00
-9.951247680854746758e-02 7.015064001763644808e-02 9.925604035344872678e-01 2.251883999999999997e+00 3.994069584882381507e-02 9.969894207577343348e-01 -6.645927860178070523e-02 -1.048256000000000049e-01 -9.942343827159367819e-01 3.303002576858429795e-02 -1.020147519880659770e-01 2.434924399999999878e+00
-1.014794275335731272e-01 6.870874711963725900e-02 9.924621070130120737e-01 2.309254199999999813e+00 3.996341361670881914e-02 9.970884428437311042e-01 -6.494276495163631147e-02 -1.091445999999999944e-01 -9.940346328773245199e-01 3.307181907173187274e-02 -1.039298004603516068e-01 2.429035900000000137e+00
-1.036646583180865777e-01 6.837174830943776316e-02 9.922595137608432037e-01 2.367188200000000187e+00 3.941177208663467629e-02 9.971333067423007179e-01 -6.459009836001214366e-02 -1.132804000000000033e-01 -9.938311480512096452e-01 3.241099532991503079e-02 -1.060621353025607005e-01 2.422706400000000038e+00
-1.054855222193665648e-01 6.946371661759088989e-02 9.919917321609988958e-01 2.424732699999999852e+00 3.901227438091993405e-02 9.970783833188060497e-01 -6.567145472717875188e-02 -1.174883000000000038e-01 -9.936552958897445498e-01 3.177246594186699385e-02 -1.078872715302299223e-01 2.416292200000000001e+00
-1.105367563795016522e-01 7.437705980192543809e-02 9.910851015247479356e-01 2.540587200000000045e+00 3.585653038934277087e-02 9.968451350011930945e-01 -7.081021150152846944e-02 -1.253659000000000023e-01 -9.932250171625447432e-01 2.770974196332156095e-02 -1.128549311407760491e-01 2.403488600000000197e+00
-1.130367115571579706e-01 7.744687998252015870e-02 9.905678586655823903e-01 2.598285000000000178e+00 3.379889626768585453e-02 9.966802815587837427e-01 -7.406788077830862849e-02 -1.303806999999999883e-01 -9.930157785510913548e-01 2.510771062595407166e-02 -1.152790805640523386e-01 2.397156499999999912e+00
-1.155863293429398031e-01 8.135794559151285354e-02 9.899599411886086386e-01 2.656449100000000119e+00 3.043755580721413043e-02 9.964620616525662333e-01 -7.833846362802887597e-02 -1.352675000000000127e-01 -9.928309804118260473e-01 2.107710549970542510e-02 -1.176537290452203122e-01 2.390878400000000070e+00
-1.179163280098826927e-01 8.345306835518682964e-02 9.895106492457622638e-01 2.714951800000000137e+00 2.819454574314311790e-02 9.963420695442349873e-01 -8.066937489932940464e-02 -1.402850999999999959e-01 -9.926231949632263740e-01 1.838656679250535303e-02 -1.198379196355693344e-01 2.383861500000000078e+00
-1.206409778378664810e-01 8.205614018847967595e-02 9.892990166394043383e-01 2.774128399999999939e+00 2.623460802954933127e-02 9.964932824136985001e-01 -7.945365596313880285e-02 -1.452189999999999870e-01 -9.923494847118426998e-01 1.636850517736688354e-02 -1.223706346735163875e-01 2.376673900000000117e+00
-1.233962462434282092e-01 7.784581358330325274e-02 9.892994469424235549e-01 2.833856100000000211e+00 2.336179165528741095e-02 9.968700067732169101e-01 -7.552758626238188777e-02 -1.502353999999999912e-01 -9.920824527748116628e-01 1.379198693155533548e-02 -1.248286345066452752e-01 2.369483699999999970e+00
-1.257651066393340455e-01 7.621623616125225431e-02 9.891280115826309727e-01 2.893288099999999918e+00 2.356485148049398959e-02 9.969926855899936546e-01 -7.382602965590301380e-02 -1.552080000000000126e-01 -9.917801347711595605e-01 1.402391619570777029e-02 -1.271829157074038097e-01 2.362049100000000124e+00
-1.291090545760487374e-01 7.984687647693852752e-02 9.884105059859265019e-01 3.012409700000000079e+00 2.436999452318295081e-02 9.967073693104092635e-01 -7.733384336280951787e-02 -1.644212999999999925e-01 -9.913309010584805403e-01 1.410305921422893433e-02 -1.306298140830838284e-01 2.347090199999999793e+00
-1.297463124079643593e-01 8.253252480393399870e-02 9.881064096371522387e-01 3.071616600000000030e+00 2.496205755414212385e-02 9.964858955069917368e-01 -7.995471054473504702e-02 -1.694082000000000088e-01 -9.912329645947007828e-01 1.429134021415379152e-02 -1.313505519428247448e-01 2.339182899999999954e+00
-1.304652508850696613e-01 8.351404016731563129e-02 9.879292603250640070e-01 3.131829999999999892e+00 2.358438417008467888e-02 9.964254571611834699e-01 -8.111772398461658540e-02 -1.742903000000000091e-01 -9.911723337214441987e-01 1.271665899749507833e-02 -1.319685244637058830e-01 2.331918500000000005e+00
-1.302760492426168759e-01 8.254423820556078262e-02 9.880357279637204115e-01 3.192266699999999791e+00 2.039207128251687914e-02 9.965406576459642229e-01 -8.056600453887377555e-02 -1.792967000000000033e-01 -9.912680335926020714e-01 9.652274219722430104e-03 -1.315086277772042900e-01 2.324197999999999986e+00
-1.304607900771402595e-01 8.165863436971823597e-02 9.880849405214719994e-01 3.252998799999999857e+00 1.642774720694170631e-02 9.966436578994311013e-01 -8.019693442112635351e-02 -1.846968999999999972e-01 -9.913173615821286866e-01 5.769454195528010698e-03 -1.313643864376207171e-01 2.316803000000000168e+00
-1.296762502523099714e-01 8.274976289394969653e-02 9.880974379389386719e-01 3.314183499999999949e+00 1.279107196542382530e-02 9.965682817762041568e-01 -8.178048811054779155e-02 -1.898495000000000044e-01 -9.914738819547770365e-01 2.033838395548395739e-03 -1.302896960734238885e-01 2.308157399999999804e+00
-1.298883991575872920e-01 8.328251601692021611e-02 9.880248105640722089e-01 3.375824699999999901e+00 8.413334484349339892e-03 9.965229547183969139e-01 -8.289280138932600406e-02 -1.949508000000000074e-01 -9.914929246177875966e-01 -2.454230064035944903e-03 -1.301374549761099564e-01 2.300538299999999925e+00
-1.304004717445830241e-01 8.257613986209991208e-02 9.880166486928574354e-01 3.436821500000000196e+00 4.721002552238999506e-03 9.965659949222842595e-01 -8.266758675236321463e-02 -2.003884999999999972e-01 -9.914501647101039428e-01 -6.115463190360784229e-03 -1.303425180295185726e-01 2.293155699999999797e+00
-1.309639146170742952e-01 7.750808918468507502e-02 9.883526441402940010e-01 3.498447200000000201e+00 5.126203635341920750e-03 9.969787610887497209e-01 -7.750530287813088559e-02 -2.056669000000000136e-01 -9.913738826015444650e-01 -5.083900951110234545e-03 -1.309655635908104632e-01 2.285448800000000169e+00
-1.310672931040199884e-01 6.883892090191401358e-02 9.889805699039012632e-01 3.561383000000000187e+00 8.534810569921981449e-03 9.976276561964629863e-01 -6.830971087984005763e-02 -2.106772000000000089e-01 -9.913367347611611313e-01 -5.124070762755686403e-04 -1.313438835731139953e-01 2.277140900000000023e+00
-1.314501814931177681e-01 6.360759916794343771e-02 9.892800023822965194e-01 3.623443599999999876e+00 1.378972272068501939e-02 9.979601148731965798e-01 -6.233339931018378605e-02 -2.153805000000000025e-01 -9.912268626972904340e-01 5.448160273563838751e-03 -1.320591693784287646e-01 2.269091400000000203e+00
-1.305747891995575338e-01 6.589062329099638904e-02 9.892465062803177389e-01 3.685340399999999850e+00 2.228371349819964140e-02 9.977321004169393825e-01 -6.351450157509289096e-02 -2.198261999999999994e-01 -9.911880046379804021e-01 1.375069307076282402e-02 -1.317469464612079921e-01 2.260508499999999810e+00
-1.293139218309390659e-01 7.163421782365804458e-02 9.890128656683361275e-01 3.747968900000000048e+00 2.796702740501769494e-02 9.972539270103045750e-01 -6.857441535042881064e-02 -2.242570999999999870e-01 -9.912092387578057551e-01 1.879212333183374536e-02 -1.309622124960188039e-01 2.251682300000000136e+00
-1.280227002649284851e-01 7.737207215195450460e-02 9.887485780863551899e-01 3.810596900000000176e+00 3.181917081640940614e-02 9.967594653672428029e-01 -7.387901305082872350e-02 -2.289360000000000006e-01 -9.912606764042608543e-01 2.200296915693667268e-02 -1.300697534511634501e-01 2.243086100000000194e+00
-1.274175129924806915e-01 8.194357015133084399e-02 9.884584101992685001e-01 3.873102700000000009e+00 3.277054819707087008e-02 9.963850819393683667e-01 -7.837639733709103607e-02 -2.338119999999999921e-01 -9.913076558534564819e-01 2.240579834623255759e-02 -1.296422448386076454e-01 2.235070900000000194e+00
-1.269970828265153395e-01 7.943182105889511069e-02 9.887175161575847415e-01 3.936818600000000057e+00 2.949232583381977690e-02 9.966501001929074510e-01 -7.628093144672078163e-02 -2.385045000000000082e-01 -9.914645448378212045e-01 1.947212337510154448e-02 -1.289142844714961100e-01 2.226490699999999823e+00
-1.264841282657383215e-01 7.463481889333990760e-02 9.891569183428957635e-01 4.000118299999999572e+00 2.879886336858550333e-02 9.970214837503140748e-01 -7.154569455250106569e-02 -2.437989000000000128e-01 -9.915504983436463915e-01 1.943720013480825654e-02 -1.282567911862199095e-01 2.218258399999999853e+00
-1.261296127146444845e-01 7.264141105130406117e-02 9.893505678964003014e-01 4.063456099999999793e+00 2.610850629447397306e-02 9.972129696901959051e-01 -6.989019230715992625e-02 -2.484852999999999923e-01 -9.916701400644902797e-01 1.701524264111047707e-02 -1.276746443987173407e-01 2.210177900000000140e+00
-1.261834676714833625e-01 7.359579009845526598e-02 9.892731635732284756e-01 4.127198199999999595e+00 2.465488174450395503e-02 9.971688330134469425e-01 -7.103840702581165623e-02 -2.531277000000000110e-01 -9.917004937442374102e-01 1.542654032453408264e-02 -1.276407167053338343e-01 2.202576899999999949e+00
-1.261728090204158881e-01 7.853350845528135615e-02 9.888947923381949945e-01 4.191217899999999830e+00 2.556340692261957828e-02 9.967877901519623940e-01 -7.589870638209705866e-02 -2.583340000000000081e-01 -9.916788464469765696e-01 1.570316699495571261e-02 -1.277750995144293356e-01 2.194558900000000090e+00
-1.254610876248706264e-01 8.134265791759093256e-02 9.887582553358964521e-01 4.254519900000000021e+00 2.512067605445530635e-02 9.965740336064470295e-01 -7.879814195743017891e-02 -2.633794999999999886e-01 -9.917804530875526936e-01 1.495217523566330642e-02 -1.270746447139253776e-01 2.186399699999999946e+00
-1.254702405349765182e-01 8.048212531517133506e-02 9.888275108656962020e-01 4.319147100000000350e+00 2.513050796853485980e-02 9.966420946622002175e-01 -7.792940854764110470e-02 -2.684482000000000257e-01 -9.917790461132655055e-01 1.507191600609588539e-02 -1.270714800361066876e-01 2.178850399999999965e+00
-1.247874510048675584e-01 7.385628541231481492e-02 9.894308167713408153e-01 4.384592999999999741e+00 2.704971676739213390e-02 9.971082081120169471e-01 -7.101784380313608258e-02 -2.736889000000000127e-01 -9.918147029029726891e-01 1.790168765053905958e-02 -1.264243832682243607e-01 2.170468800000000087e+00
-1.251166853976764248e-01 7.221040354872533540e-02 9.895107238703523267e-01 4.449435199999999924e+00 2.664017864046931694e-02 9.972327625321972810e-01 -6.940546242484268991e-02 -2.787340999999999847e-01 -9.917843091706494141e-01 1.767696104347699429e-02 -1.266941558682350699e-01 2.162410299999999896e+00
-1.245593172304108320e-01 7.529895356246614491e-02 9.893508195192904919e-01 4.514896900000000102e+00 2.383838108335232034e-02 9.970554848313357699e-01 -7.288409809468020251e-02 -2.836362000000000050e-01 -9.919257573419589802e-01 1.450612836520012716e-02 -1.259875555816271087e-01 2.154154500000000194e+00
-1.240540564280484398e-01 7.877929518597270864e-02 9.891432726019760979e-01 4.580550699999999864e+00 2.338228005746230062e-02 9.967987121195654998e-01 -7.645650067907938663e-02 -2.883705999999999769e-01 -9.919999294672657841e-01 1.364368596740051648e-02 -1.254989632234544406e-01 2.145701400000000092e+00
-1.244101139361402653e-01 7.801942209511975035e-02 9.891587806446142661e-01 4.645887400000000333e+00 2.249333785462944227e-02 9.968694163662469299e-01 -7.579852548549842473e-02 -2.937985000000000180e-01 -9.919758935087858998e-01 1.281937945307031618e-02 -1.257755548899869291e-01 2.138075399999999959e+00
-1.238551722984032044e-01 7.435524069075163944e-02 9.895105833070979573e-01 4.711844000000000143e+00 2.191991625854543616e-02 9.971503148319212917e-01 -7.218564193673659979e-02 -2.992280999999999969e-01 -9.920581704548131485e-01 1.274942400349068222e-02 -1.251320847002398429e-01 2.129605100000000029e+00
-1.229906659780396344e-01 7.277059044865651083e-02 9.897361957855396186e-01 4.778073299999999968e+00 2.236684579355420824e-02 9.972578616480436420e-01 -7.054418183251359720e-02 -3.049269000000000007e-01 -9.921557439694260738e-01 1.346100096297735485e-02 -1.242810571307996215e-01 2.121310499999999877e+00
-1.220888961974812975e-01 7.351810038378053802e-02 9.897925996597677356e-01 4.844036100000000289e+00 2.377109856886707590e-02 9.971834105939775261e-01 -7.113494576501842859e-02 -3.099615000000000009e-01 -9.922344663929539843e-01 1.484367043972874278e-02 -1.234926279166771446e-01 2.113344699999999854e+00
-1.209551829228991821e-01 7.370313828764375741e-02 9.899180224294533703e-01 4.911111400000000238e+00 2.622831929129998754e-02 9.971289123487867556e-01 -7.103525480547789872e-02 -3.150297000000000236e-01 -9.923114022277689239e-01 1.737180372552061744e-02 -1.225410194346381321e-01 2.105164100000000094e+00
-1.192748351116830335e-01 7.319816225146413835e-02 9.901593522014972004e-01 4.978313400000000222e+00 2.619825415253044382e-02 9.971634391400922004e-01 -7.056009581670824593e-02 -3.201345999999999914e-01 -9.925155742800410019e-01 1.752440256647728317e-02 -1.208541688409953130e-01 2.096259799999999895e+00
-1.181754256943354231e-01 7.365897605321228281e-02 9.902569989698406516e-01 5.045403499999999930e+00 2.727827630544823675e-02 9.971094187927987962e-01 -7.091334568676534167e-02 -3.254006999999999872e-01 -9.926179851301135670e-01 1.863228921736022684e-02 -1.198431199308263029e-01 2.088463099999999795e+00
-1.169465295518513637e-01 7.210794314988219766e-02 9.905170133624515705e-01 5.112636600000000087e+00 2.760633416858521150e-02 9.972113230149345364e-01 -6.933590386355541202e-02 -3.303888999999999854e-01 -9.927544507780109440e-01 1.923595034036921711e-02 -1.186110394312118732e-01 2.080548999999999982e+00
-1.154703411376333949e-01 7.150346960805853413e-02 9.907339976762521427e-01 5.180481000000000336e+00 2.565593283049392992e-02 9.972876564539512323e-01 -6.898625511783419706e-02 -3.353560999999999903e-01 -9.929795433079957601e-01 1.745233848500453780e-02 -1.169916341165002649e-01 2.072419399999999801e+00
-1.144208089381473781e-01 7.056010010757392259e-02 9.909233828882781925e-01 5.248430700000000115e+00 2.674479610719876846e-02 9.973316764175879090e-01 -6.792822016855876166e-02 -3.404812999999999867e-01 -9.930723006725765689e-01 1.872964193178758979e-02 -1.160026126860196349e-01 2.064918299999999984e+00
-1.126312303432702860e-01 7.161328693029941905e-02 9.910528457586907924e-01 5.316566500000000417e+00 2.454352637185536201e-02 9.972956335088931645e-01 -6.927506548051345914e-02 -3.454570000000000141e-01 -9.933336907930762072e-01 1.652139579859988536e-02 -1.140842768144268993e-01 2.057292499999999968e+00
-1.108745662136555177e-01 7.457920596637161725e-02 9.910321753628176245e-01 5.385085100000000402e+00 2.522540556535925182e-02 9.970703022187678011e-01 -7.221143501854875024e-02 -3.503825999999999885e-01 -9.935142220829030757e-01 1.699277701850012215e-02 -1.124310279602684925e-01 2.049531200000000108e+00
-1.089768517532791192e-01 7.208160440098008992e-02 9.914273993031081922e-01 5.523933399999999772e+00 2.021807294230794014e-02 9.973218406770640865e-01 -7.028780573479567750e-02 -3.610247999999999791e-01 -9.938386565778389858e-01 1.238500769048880845e-02 -1.101423455173494714e-01 2.034530399999999961e+00
-1.086722042580856723e-01 7.302678915299261331e-02 9.913916683570085375e-01 5.593043299999999718e+00 1.683744947701457453e-02 9.972901794977516721e-01 -7.161562799034310034e-02 -3.663112000000000035e-01 -9.939350342536465988e-01 8.909878974856677569e-03 -1.096073069637947262e-01 2.027232600000000051e+00
-1.094100012735238769e-01 7.225431557816575090e-02 9.913671194374251705e-01 5.662953899999999763e+00 1.422985287296021917e-02 9.973661815269079245e-01 -7.112110259022272341e-02 -3.716577999999999826e-01 -9.938948449954558839e-01 6.325648327714240848e-03 -1.101500034711423437e-01 2.020230499999999818e+00
-1.106818108934656680e-01 6.987313123349386812e-02 9.913966321654367198e-01 5.732972099999999571e+00 1.157262947521622495e-02 9.975485165996096359e-01 -6.901471782850283898e-02 -3.767860000000000098e-01 -9.937885142143537687e-01 3.834391939467593491e-03 -1.112190921293735313e-01 2.012958999999999943e+00
-1.120258730859930718e-01 6.824083672803182843e-02 9.913593657004401427e-01 5.803364799999999768e+00 1.030723426299275797e-02 9.976653435155425909e-01 -6.751017160296807207e-02 -3.822290999999999883e-01 -9.936518327267195305e-01 2.655287305078621318e-03 -1.124677054454242819e-01 2.005442099999999783e+00
-1.130161236858901602e-01 6.752071657235153568e-02 9.912962769124937790e-01 5.873730700000000304e+00 8.587327490537137453e-03 9.977174268424303660e-01 -6.697905628993187921e-02 -3.873658999999999852e-01 -9.935560445156506049e-01 9.428724599706284071e-04 -1.133379786211946572e-01 1.997509699999999944e+00
-1.147832155108789720e-01 6.729872571232978218e-02 9.911083164591447670e-01 5.944192900000000002e+00 8.436956568457582017e-03 9.977326268762918282e-01 -6.677142375594688484e-02 -3.928502999999999856e-01 -9.933547358324947840e-01 6.976990976558516966e-04 -1.150907555589242293e-01 1.989575600000000000e+00
-1.168244568097872443e-01 6.592232297832878452e-02 9.909623068635047272e-01 6.014687499999999964e+00 8.514360392283683299e-03 9.978244371260952539e-01 -6.537505901413429021e-02 -3.980335999999999874e-01 -9.931160818143105473e-01 8.000044575706757866e-04 -1.171315842745217495e-01 1.981387900000000091e+00
-1.202239230714200052e-01 6.142468624512461423e-02 9.908446983463174984e-01 6.085008600000000101e+00 5.777307098711888245e-03 9.981103899066590124e-01 -6.117411448533011109e-02 -4.028227999999999809e-01 -9.927299889919736220e-01 -1.630177924369358849e-03 -1.203516160088032860e-01 1.973497199999999951e+00
-1.242980382630092667e-01 6.140737102573452788e-02 9.903429367990037591e-01 6.154235800000000367e+00 5.214971331001960753e-03 9.981097877463340762e-01 -6.123443213572672683e-02 -4.077976999999999852e-01 -9.922312239382433674e-01 -2.446709765353115990e-03 -1.243833262673892381e-01 1.965006199999999925e+00
-1.303849321564366781e-01 6.719436842706719148e-02 9.891838485935001701e-01 6.223121199999999575e+00 -1.671842056821387645e-04 9.976992685062322508e-01 -6.779484988972689363e-02 -4.126670000000000060e-01 -9.914634342808626988e-01 -9.004802819428558980e-03 -1.300737175995997363e-01 1.957047200000000098e+00
-1.373554437164579700e-01 7.035850969743187577e-02 9.880198187256225006e-01 6.292576799999999970e+00 7.300059680500070591e-04 9.974809738792179692e-01 -7.093076793785388356e-02 -4.178428000000000142e-01 -9.905215541182040839e-01 -9.021466739031605564e-03 -1.370608038978867738e-01 1.947666899999999979e+00
-1.470314609659740812e-01 6.672872981529898162e-02 9.868784251889630710e-01 6.361841700000000266e+00 2.526609164735842128e-03 9.977439316879950226e-01 -6.708698104632718207e-02 -4.229724000000000261e-01 -9.891285890784573542e-01 -7.370440761475589853e-03 -1.468683453663234273e-01 1.938332900000000025e+00
-1.578730701887736676e-01 6.493563978550992433e-02 9.853220064500829434e-01 6.431702099999999866e+00 5.441349873113333208e-03 9.978775065290602653e-01 -6.489124497883969056e-02 -4.281093999999999733e-01 -9.874444214337985137e-01 -4.883098298408328208e-03 -1.578913231633681802e-01 1.927358700000000091e+00
-1.709330718099885127e-01 6.552015996773249973e-02 9.831017208811123620e-01 6.499614199999999897e+00 5.698152296274607009e-03 9.978355531951721424e-01 -6.551137183797450803e-02 -4.335739000000000121e-01 -9.852661650650600400e-01 -5.596196698441108230e-03 -1.709364401188423477e-01 1.915994500000000045e+00
-1.845862240421065059e-01 6.558029653116467794e-02 9.806258973741015517e-01 6.567828699999999742e+00 7.577609484148963015e-03 9.978365833816222885e-01 -6.530492094625525712e-02 -4.386266999999999805e-01 -9.827871110919104147e-01 -4.623588668493442549e-03 -1.846838290144580119e-01 1.903258399999999906e+00
-1.992116221558525024e-01 6.365828125920094949e-02 9.778866768829393985e-01 6.635787500000000172e+00 8.647580517911104825e-03 9.979631901443934971e-01 -6.320356372872791562e-02 -4.436695999999999973e-01 -9.799183378982251336e-01 -4.134530680692947296e-03 -1.993563560733148110e-01 1.889889600000000058e+00
-2.148038099261227185e-01 6.613117172842064573e-02 9.744157179392416435e-01 6.701892899999999820e+00 1.243222431953470292e-02 9.978092352470511184e-01 -6.497822600043744179e-02 -4.487248999999999821e-01 -9.765780885519039778e-01 -1.843415721233518378e-03 -2.151553828719787731e-01 1.875814000000000092e+00
-2.297699457410723456e-01 6.943104232279548316e-02 9.707652148671760406e-01 6.768072100000000368e+00 1.283995551327046097e-02 9.975815210345161388e-01 -6.830991460160366902e-02 -4.537931000000000048e-01 -9.731602681863668058e-01 -3.230983198862794059e-03 -2.301057434550619618e-01 1.860349999999999948e+00
-2.445821244337010036e-01 7.321835004802938751e-02 9.668602058331606797e-01 6.833799400000000190e+00 1.295128320457264795e-02 9.973026459490694773e-01 -7.224746809639789880e-02 -4.593164000000000136e-01 -9.695420819494390274e-01 -5.148358886996370898e-03 -2.448706714368180659e-01 1.844001999999999919e+00
-2.605195803899555407e-01 7.096854219833911848e-02 9.628566945561962687e-01 6.899149900000000279e+00 9.912663010927372231e-03 9.974387631541251631e-01 -7.083539277508570098e-02 -4.646473999999999882e-01 -9.654176750740963708e-01 -8.909532861572016377e-03 -2.605558152847778919e-01 1.827200699999999900e+00
-2.768861746495305254e-01 6.490144400257813473e-02 9.587084274451384003e-01 6.965037800000000168e+00 3.657845046656813676e-03 9.977803826915533358e-01 -6.649006005044744150e-02 -4.701156000000000224e-01 -9.608957625349195952e-01 -1.490337150706760524e-02 -2.765089927292745386e-01 1.809398800000000085e+00
-2.923933478999252711e-01 6.081490919763028052e-02 9.543624452602677000e-01 7.030326800000000098e+00 3.958676412670059097e-05 9.979766161875813779e-01 -6.358200984298184588e-02 -4.752938999999999914e-01 -9.562981378925514697e-01 -1.855317660318355280e-02 -2.918041313983914531e-01 1.790291999999999994e+00
-3.075785074962429921e-01 6.234549317885876990e-02 9.494780151255046707e-01 7.094816699999999976e+00 -1.761911629178429528e-03 9.978121095023425591e-01 -6.609001284533096154e-02 -4.799449000000000076e-01 -9.515210756435161787e-01 -2.200076386787332139e-02 -3.067957121529496511e-01 1.770302400000000054e+00
