1.000000000000000000e+00 0.000000000000000000e+00 0.000000000000000000e+00 0.000000000000000000e+00 0.000000000000000000e+00 1.000000000000000000e+00 0.000000000000000000e+00 0.000000000000000000e+00 0.000000000000000000e+00 0.000000000000000000e+00 1.000000000000000000e+00 0.000000000000000000e+00
9.999862799760539378e-01 3.571071060596791137e-04 5.226120374411703795e-03 2.834000000000000039e-04 -3.552904787402677740e-04 9.999998761478864351e-01 -3.485296078781263446e-04 -9.648000000000000326e-04 -5.226244189545295807e-03 3.466680352337813960e-04 9.999862830023943383e-01 7.170329999999999759e-02
9.999294817073073327e-01 2.296162003401125765e-03 1.165157725845669331e-02 6.231000000000000210e-04 -2.281756318159138160e-03 9.999966161444204804e-01 -1.249515031169807057e-03 -2.168199999999999902e-03 -1.165440692013922780e-02 1.222840857477112313e-03 9.999313373725103871e-01 1.411234000000000099e-01
9.998121990358415090e-01 3.334336145908699863e-03 1.909054377384058684e-02 1.292100000000000019e-03 -3.314150814507721334e-03 9.999939153462912289e-01 -1.088886942392815541e-03 -3.457299999999999957e-03 -1.909405832958343749e-02 1.025413507177705408e-03 9.998171660176903286e-01 2.104466999999999866e-01
9.996149842735928548e-01 4.079936031313681835e-03 2.744516966034432626e-02 2.749999999999999840e-03 -4.080078759885509554e-03 9.999916751537101245e-01 -5.079950652987193303e-05 -4.750400000000000109e-03 -2.744514844226256939e-02 -6.119850587166093228e-05 9.996233090928428044e-01 2.793679000000000023e-01
9.986883897435815394e-01 8.663853869799637702e-03 5.046224160196431663e-02 7.612299999999999796e-03 -8.705647340243594101e-03 9.999619200067064728e-01 6.084742299634957443e-04 -7.090100000000000222e-03 -5.045504826833059620e-02 -1.046982628307579479e-03 9.987257841527955593e-01 4.136390999999999818e-01
9.977967578608563093e-01 1.086131505827934475e-02 6.544968936189467235e-02 1.095729999999999968e-02 -1.096184906685811374e-02 9.999392242733297076e-01 1.177125603774848480e-03 -8.231900000000000328e-03 -6.543292647741759394e-02 -1.891981727299385258e-03 9.978551761341645232e-01 4.793930000000000136e-01
9.965935869229919364e-01 1.285618943244055609e-02 8.146128465254093287e-02 1.581969999999999904e-02 -1.309485601209981268e-02 9.999113875073566415e-01 2.396221846024074176e-03 -9.091899999999999982e-03 -8.142325988307930196e-02 -3.454783117678065542e-03 9.966736262305843086e-01 5.449091000000000351e-01
9.949692870554850410e-01 1.288508222458114097e-02 9.934833905187066827e-02 2.172889999999999891e-02 -1.326911213798672232e-02 9.999068228490419763e-01 3.205664206384558311e-03 -1.021009999999999973e-02 -9.929777680980174381e-02 -4.507801681567728119e-03 9.950475522529717010e-01 6.097291999999999712e-01
9.928959895439992689e-01 1.254464160575950032e-02 1.183223812912232165e-01 2.875509999999999872e-02 -1.290520796082731195e-02 9.999141212553978031e-01 2.281605034514654507e-03 -1.114399999999999939e-02 -1.182835979962156836e-01 -3.792371425476536492e-03 9.929726120916130272e-01 6.731487999999999916e-01
9.903228542525666089e-01 1.186730629918875991e-02 1.382744061142590630e-01 3.735530000000000100e-02 -1.217111090974123434e-02 9.999250156000391021e-01 1.351753115166365185e-03 -1.190019999999999967e-02 -1.382479960226280502e-01 -3.021625136051601414e-03 9.903930337887402180e-01 7.364838000000000218e-01
9.872005452044466667e-01 9.113333570825606772e-03 1.592232103032409640e-01 4.719469999999999915e-02 -9.422659348352183800e-03 9.999549002450871527e-01 1.187841168971069585e-03 -1.277619999999999971e-02 -1.592052041826778341e-01 -2.672943520663005872e-03 9.872418945395738943e-01 7.985379999999999701e-01
9.834486626379957963e-01 4.165789623691022042e-03 1.811391016659533726e-01 5.831139999999999934e-02 -4.792895456104829394e-03 9.999839403363182111e-01 3.024437567155586863e-03 -1.344249999999999959e-02 -1.811235934622662525e-01 -3.842559857948934718e-03 9.834528349773840050e-01 8.600124999999999575e-01
9.788895043118708283e-01 -1.300007286305397735e-03 2.043860277247820378e-01 7.089429999999999343e-02 3.500104931451147958e-04 9.999889681342787329e-01 4.684133046266553135e-03 -1.443320000000000020e-02 -2.043898623726590480e-01 -4.513711421434796894e-03 9.788791603504946037e-01 9.205499000000000320e-01
9.736383954892567916e-01 -6.152137491594804157e-03 2.280140917430108771e-01 8.505769999999999997e-02 5.394190520040301716e-03 9.999776610522539411e-01 3.947164184202405467e-03 -1.512430000000000024e-02 -2.280332816448931987e-01 -2.613159150923742569e-03 9.736498312337514838e-01 9.793134999999999479e-01
9.673522099714740863e-01 -1.245802133459751777e-02 2.531294126879210515e-01 1.004305999999999949e-01 1.226726557216723142e-02 9.999220350773001531e-01 2.331943878493386926e-03 -1.603660000000000155e-02 -2.531387288794171853e-01 8.493946651794170334e-04 9.674296162874153060e-01 1.037250400000000017e+00
9.600643517044414876e-01 -1.597497344778033360e-02 2.793228254362202789e-01 1.172038999999999997e-01 1.577480929324515460e-02 9.998711749398815352e-01 2.964610615662010423e-03 -1.673420000000000116e-02 -2.793342012323091761e-01 1.560047333725126696e-03 9.601926735162189530e-01 1.094479299999999933e+00
9.516718533499939348e-01 -1.835323226876953498e-02 3.065678430733989601e-01 1.351957000000000020e-01 1.748215795980246831e-02 9.998315643542604603e-01 5.587224174938258334e-03 -1.748030000000000070e-02 -3.066187497438082610e-01 4.226347235971325902e-05 9.518324119924383986e-01 1.150570499999999940e+00
9.421880702952034614e-01 -2.286158678042176512e-02 3.343037362089779641e-01 1.548244000000000009e-01 2.128250044124018608e-02 9.997383304665474757e-01 8.386046203604327273e-03 -1.814280000000000059e-02 -3.344079774293209906e-01 -7.864132766045618672e-04 9.424280801131665886e-01 1.205185699999999915e+00
9.314931256097308543e-01 -2.605423280691376159e-02 3.628246599869659472e-01 1.759138000000000090e-01 2.482367882267046133e-02 9.996593991859972217e-01 8.054228007696874470e-03 -1.885830000000000145e-02 -3.629109283440265510e-01 1.504184807198060553e-03 9.318226202000799985e-01 1.258837500000000054e+00
9.068151679996704351e-01 -2.632657455909571259e-02 4.207055532765331396e-01 2.217965000000000075e-01 2.940978990268152543e-02 9.995670842748336504e-01 -8.416009669905914065e-04 -2.006149999999999947e-02 -4.205012667562484374e-01 1.313603845502448603e-02 9.071968524802643818e-01 1.361666800000000066e+00
8.928621007342320004e-01 -2.842469229409849002e-02 4.494322039423075954e-01 2.469986999999999877e-01 3.342328719410210536e-02 9.994361947256129586e-01 -3.190069831073676261e-03 -2.092899999999999969e-02 -4.490881349419006408e-01 1.786979407750335577e-02 8.933087470264873264e-01 1.411375299999999999e+00
8.601068708747164893e-01 -2.782783889339116717e-02 5.093542795114489596e-01 3.020341000000000276e-01 2.890427314602253550e-02 9.995653487825343353e-01 5.801422855693818409e-03 -2.231259999999999841e-02 -5.092943291143186002e-01 9.732671564062557110e-03 8.605373678325782816e-01 1.508592799999999956e+00
8.407249008071920882e-01 -2.785231209547178385e-02 5.407456794775835629e-01 3.319445999999999786e-01 2.691840680099159486e-02 9.995912018938488686e-01 9.634753328805653952e-03 -2.285420000000000160e-02 -5.407929738245804696e-01 6.455835139394307774e-03 8.411309539272820990e-01 1.555419200000000002e+00
8.198966080759189090e-01 -2.163325268259240486e-02 5.721027481527896086e-01 3.630745000000000222e-01 2.316204072363235722e-02 9.997211002544130753e-01 4.608858386040040611e-03 -2.320950000000000096e-02 -5.720428934399237608e-01 9.472279793000413714e-03 8.201690094001377052e-01 1.600857100000000033e+00
7.981976741615707249e-01 -1.479215183395800846e-02 6.022139696214129367e-01 3.954258999999999968e-01 2.035982672564425403e-02 9.997897692439837725e-01 -2.427914900357025681e-03 -2.367379999999999832e-02 -6.020514516374498859e-01 1.419892809978156104e-02 7.983310341093201590e-01 1.644373899999999944e+00
7.530566008101519104e-01 -1.509496306441170457e-02 6.577825613881410627e-01 4.654946999999999835e-01 2.096679682351171650e-02 9.997796101477949282e-01 -1.060454470829792425e-03 -2.516929999999999862e-02 -6.576215852655850069e-01 1.459017555779128748e-02 7.532071278008273252e-01 1.727367199999999992e+00
7.038154400664629051e-01 -1.339302751634680738e-02 7.102566107668393247e-01 5.403698999999999586e-01 2.194940664944013825e-02 9.997548814571322051e-01 -2.898370296044775439e-03 -2.695109999999999867e-02 -7.100436957482185729e-01 1.762962894056079727e-02 7.039368908585694751e-01 1.803650999999999893e+00
6.512540652080909265e-01 -8.490323980879696183e-03 7.588122672628818677e-01 6.202216999999999869e-01 2.026763732742054014e-02 9.997753144513675805e-01 -6.208340425044591229e-03 -2.842329999999999857e-02 -7.585890622907107694e-01 1.942253877248781291e-02 6.512798166383874099e-01 1.874599799999999927e+00
5.951778064497417198e-01 -2.839125625456913327e-04 8.035939883444441767e-01 7.055255999999999750e-01 1.888276574485231452e-02 9.997287651260736707e-01 -1.363221688944791718e-02 -3.039970000000000172e-02 -8.033721552726972304e-01 2.328766998118845036e-02 5.950217345268562497e-01 1.940431699999999982e+00
5.655468780173196208e-01 8.919806520328329644e-03 8.246679124450660980e-01 7.494549999999999823e-01 1.784429086793578451e-02 9.995750713620316086e-01 -2.304903457869526134e-02 -3.169940000000000258e-02 -8.245230803611768300e-01 2.775092364641751352e-02 5.651473933307020747e-01 1.970564699999999947e+00
5.033137907139572098e-01 2.229440528334841395e-02 8.638160611902332420e-01 8.423091000000000328e-01 1.422218255216091062e-02 9.993179654327655204e-01 -3.407834336893674626e-02 -3.503259999999999708e-02 -8.639866651752212690e-01 2.943744989600749831e-02 5.026534382086929043e-01 2.027508500000000158e+00
4.384988474738017450e-01 2.092016441994066361e-02 8.984882344720994674e-01 9.414717000000000224e-01 7.839608236013135764e-03 9.996019720138231701e-01 -2.710051823824980236e-02 -3.895540000000000114e-02 -8.986975583069387596e-01 1.892734177634365286e-02 4.381603067673155438e-01 2.078336999999999879e+00
3.690340845682760218e-01 2.532445524755328262e-02 9.290707811535509064e-01 1.043652400000000036e+00 -3.452613610767308466e-03 9.996591685400834093e-01 -2.587713687802299309e-02 -4.293040000000000050e-02 -9.294094489976466589e-01 6.341823094652223464e-03 3.689957417013466356e-01 2.123296999999999990e+00
2.973898307670646002e-01 2.692180216620749036e-02 9.543765007189040084e-01 1.151206399999999963e+00 -1.083121379104743168e-02 9.996331754631339050e-01 -2.482336240931033375e-02 -4.655949999999999672e-02 -9.546947016529154784e-01 -2.954840370463868160e-03 2.975723366750272492e-01 2.160627600000000204e+00
2.254694632940075494e-01 2.592451486959856943e-02 9.739052523991685861e-01 1.262427600000000094e+00 -1.087759043874542142e-02 9.996505764584397991e-01 -2.409155479739322203e-02 -5.039190000000000336e-02 -9.741895088473079278e-01 -5.161832531654720127e-03 2.256726752107043321e-01 2.188951299999999822e+00
1.556953290169094117e-01 2.379023057749651143e-02 9.875186020786576035e-01 1.376799300000000059e+00 -6.877750400990003538e-04 9.997123085678710774e-01 -2.397555136783874330e-02 -5.420169999999999849e-02 -9.878048853330351209e-01 3.053690712434308993e-03 1.556668991315180994e-01 2.209134300000000106e+00
1.219668136114318985e-01 2.710925378339301348e-02 9.921638900588863885e-01 1.435090699999999941e+00 1.441986005216680522e-03 9.996210310173825331e-01 -2.749027144474786022e-02 -5.638340000000000019e-02 -9.925331314640509772e-01 4.783587257775487322e-03 1.218815008075969653e-01 2.216345299999999963e+00
8.939321584645162910e-02 3.222589462564133533e-02 9.954749342279829438e-01 1.493405700000000058e+00 2.386306458074579501e-03 9.994666274720714894e-01 -3.256940452467212144e-02 -5.838100000000000234e-02 -9.959935534440562677e-01 5.286992073064020886e-03 8.926863510047355899e-02 2.221701899999999785e+00
6.023993751145055586e-02 3.578024380431702595e-02 9.975424422459024942e-01 1.551797899999999952e+00 9.602444006015753777e-03 9.992903340471928075e-01 -3.642281357832099359e-02 -6.095060000000000061e-02 -9.981377374880320286e-01 1.177295345923974612e-02 5.985360949114693074e-02 2.224962000000000106e+00
3.475964606986250982e-02 3.390028753894917812e-02 9.988205732311855600e-01 1.611208699999999938e+00 1.141296997940359839e-02 9.993458883524458658e-01 -3.431529614195416578e-02 -6.352979999999999738e-02 -9.993305314666148798e-01 1.259229676577505903e-02 3.435000641652818931e-02 2.226968499999999906e+00
1.244708731987295182e-02 3.080252962463221264e-02 9.994479847325599131e-01 1.670978400000000086e+00 1.286691584180915324e-02 9.994377262738497469e-01 -3.096245754582853393e-02 -6.605669999999999598e-02 -9.998397434058976518e-01 1.324520552053039084e-02 1.204375509331090388e-02 2.227821599999999957e+00
-6.567812579505559120e-03 2.817993259085249669e-02 9.995812899594985756e-01 1.730833899999999925e+00 1.296467876096894269e-02 9.995212340949890528e-01 -2.809305426355544408e-02 -6.856379999999999419e-02 -9.998943848939972900e-01 1.277474040461093821e-02 -6.930011908318101099e-03 2.227561999999999820e+00
-2.284265055917090656e-02 3.151021852457578515e-02 9.992423727224367669e-01 1.791070299999999893e+00 1.407146666117657131e-02 9.994142936111289899e-01 -3.119396659246078535e-02 -7.080500000000000682e-02 -9.996400387846792190e-01 1.334825285577270933e-02 -2.327266646225456537e-02 2.226112099999999927e+00
-3.725320308268081221e-02 3.569324063089387294e-02 9.986682088828832127e-01 1.850983000000000045e+00 1.734785528973846469e-02 9.992344083695904322e-01 -3.506635206463645793e-02 -7.338060000000000416e-02 -9.991552686028969399e-01 1.601841763532987906e-02 -3.784388351548129137e-02 2.223660699999999935e+00
-4.931030993996911305e-02 4.113610849005437664e-02 9.979360269636117220e-01 1.911721500000000074e+00 2.116742417454333530e-02 9.989701187722810349e-01 -4.013280396271522166e-02 -7.575060000000000127e-02 -9.985591787607976944e-01 1.914477417963577482e-02 -5.013027163472794090e-02 2.220502100000000034e+00
-5.795393904212157304e-02 4.448972731380612666e-02 9.973274312446467338e-01 1.972559200000000068e+00 2.659275200178305709e-02 9.987208107904299581e-01 -4.300659990138643030e-02 -7.868790000000000506e-02 -9.979650126584969083e-01 2.402927917457036919e-02 -5.906290927372981336e-02 2.216378000000000181e+00
-6.378559052038280941e-02 4.973212831609703788e-02 9.967236898233722275e-01 2.032633500000000204e+00 3.027810325096385105e-02 9.983941859126769236e-01 -4.787782366907643306e-02 -8.198690000000000144e-02 -9.975042029512910524e-01 2.712498753759092981e-02 -6.518895723660189656e-02 2.212380200000000130e+00
-6.747384426049166106e-02 5.427808069872579882e-02 9.962435296133038687e-01 2.093557099999999949e+00 3.234100577272985139e-02 9.981133751782150787e-01 -5.218955485497146773e-02 -8.567589999999999928e-02 -9.971967407118413895e-01 2.869808784595990689e-02 -6.910195415229869464e-02 2.208304599999999951e+00
-6.996383312472098659e-02 5.830779294884946840e-02 9.958439954811849626e-01 2.155088699999999857e+00 3.486163837577666014e-02 9.978233944097656405e-01 -5.597445612357335176e-02 -8.931110000000000437e-02 -9.969401828716971670e-01 3.080056574167694058e-02 -7.184425464669996764e-02 2.203644000000000158e+00
-7.237560237090273629e-02 6.117690986133036968e-02 9.954994514721076104e-01 2.216618099999999814e+00 3.511460403169275324e-02 9.976545733681144723e-01 -5.875641940573635841e-02 -9.337620000000000642e-02 -9.967591167203568858e-01 3.070403780456282955e-02 -7.435405367126646237e-02 2.199038499999999896e+00
-7.684176482198669389e-02 6.842551435798856219e-02 9.946925616309230112e-01 2.339582000000000050e+00 3.737472096027032176e-02 9.971387979033756732e-01 -6.570652896746925764e-02 -1.018363000000000046e-01 -9.963425482293650770e-01 3.212735128602491053e-02 -7.917928950906250041e-02 2.189427600000000140e+00
-7.890462286437749384e-02 6.983588703794986474e-02 9.944330089916834092e-01 2.401545299999999994e+00 3.982539215226689466e-02 9.969676503505601195e-01 -6.685388765361013896e-02 -1.062103999999999965e-01 -9.960863409517012323e-01 3.432860375992698165e-02 -8.144659804648324286e-02 2.184350699999999978e+00
-8.073022633265118653e-02 6.836533512159129189e-02 9.943886621990376540e-01 2.464013299999999962e+00 3.985134609413251705e-02 9.970686647245073919e-01 -6.531422539518896841e-02 -1.110363999999999934e-01 -9.959390045433329508e-01 3.435489453047987918e-02 -8.321802960317570275e-02 2.178857300000000219e+00
-8.326143731182081287e-02 6.789781615187201469e-02 9.942119591005612600e-01 2.526647999999999783e+00 3.928657787317374472e-02 9.971241994604114200e-01 -6.480660189709637475e-02 -1.157949000000000062e-01 -9.957530305531511194e-01 3.366329473239760423e-02 -8.568946686714151717e-02 2.173931399999999847e+00
-8.518472078830952032e-02 6.903173003538494445e-02 9.939709168746031498e-01 2.589364100000000057e+00 3.929068114398780176e-02 9.970537881389834878e-01 -6.587856960305416010e-02 -1.204897000000000051e-01 -9.955901796017572192e-01 3.344194680374786011e-02 -8.764605224718380327e-02 2.168207900000000077e+00
-8.786236590569543314e-02 7.145214096531538051e-02 9.935667044587024321e-01 2.651540799999999809e+00 3.790547600122361194e-02 9.969415403683452581e-01 -6.834281218322668661e-02 -1.247077999999999937e-01 -9.954111610518412423e-01 3.165685770040729818e-02 -9.030206982102795266e-02 2.163276399999999988e+00
-9.229363230897440207e-02 7.741150962372320143e-02 9.927181592038057945e-01 2.778271199999999830e+00 3.378118431351601059e-02 9.966429236414914294e-01 -7.457690219978782564e-02 -1.343457000000000123e-01 -9.951586391232268847e-01 2.665222191706854982e-02 -9.459884801249551778e-02 2.151029600000000208e+00
-9.725365229971004444e-02 8.362353299020565400e-02 9.917403046385696586e-01 2.904984199999999905e+00 2.833634207152545270e-02 9.962926092328274752e-01 -8.122861876241695145e-02 -1.451271000000000089e-01 -9.948561598705475406e-01 2.020251267245155857e-02 -9.926268004314020565e-02 2.139439600000000219e+00
-1.000242422413000626e-01 8.200723763458682425e-02 9.915996994450928526e-01 2.968709699999999785e+00 2.640004237739767765e-02 9.964655096481532803e-01 -7.974663531533980609e-02 -1.505693999999999921e-01 -9.946347011473737343e-01 1.820167731805508518e-02 -1.018357020709538263e-01 2.133295100000000222e+00
-1.030432024906428323e-01 7.780668227187104158e-02 9.916290730985637403e-01 3.032572299999999998e+00 2.332550884007254105e-02 9.968507447259116194e-01 -7.579256808386430899e-02 -1.560728000000000115e-01 -9.944033482736389651e-01 1.532034377028202929e-02 -1.045335735968894175e-01 2.127133800000000186e+00
-1.073626213373300442e-01 7.683377896535667495e-02 9.912466080393314005e-01 3.161693800000000110e+00 2.291472227031104633e-02 9.969357778415720572e-01 -7.479284967624938441e-02 -1.663501000000000007e-01 -9.939558254987248542e-01 1.468418432607814655e-02 -1.087942631200109478e-01 2.113733499999999932e+00
-1.083638384887226913e-01 7.957961253642847899e-02 9.909209674724530625e-01 3.226616400000000162e+00 2.443067546937299078e-02 9.967028996443095812e-01 -7.737229437425016676e-02 -1.717098999999999986e-01 -9.938110588054958061e-01 1.582450976104347179e-02 -1.099507357261534368e-01 2.106331599999999860e+00
-1.090498538334999656e-01 8.239617652439767959e-02 9.906154649878289309e-01 3.291368199999999966e+00 2.465881595969977857e-02 9.964762173607444318e-01 -8.016914013439439823e-02 -1.769320000000000059e-01 -9.937303820324494552e-01 1.568497142435419656e-02 -1.106973780044461231e-01 2.099253899999999895e+00
-1.098467559966109508e-01 8.225543006010962999e-02 9.905391130201006700e-01 3.421297099999999869e+00 1.992861331147725151e-02 9.965517536954883182e-01 -8.054472408499754876e-02 -1.879840999999999873e-01 -9.937487311028392334e-01 1.089249429989217616e-02 -1.111072139846202012e-01 2.086287299999999956e+00
-1.095122011274948792e-01 8.227346107962238420e-02 9.905746591782930155e-01 3.553973200000000165e+00 1.258876806961214956e-02 9.966034417271164569e-01 -8.138244808406408515e-02 -1.999472999999999945e-01 -9.939057302997608145e-01 3.557743617200709307e-03 -1.101759580745892420e-01 2.072192199999999929e+00
-1.098820250340359073e-01 8.298775236286898283e-02 9.904741155286079790e-01 3.620559699999999825e+00 8.133009844907487795e-03 9.965500450597752913e-01 -8.259456303064136029e-02 -2.053716999999999904e-01 -9.939113616038816046e-01 -1.020122109887992845e-03 -1.101778772059017752e-01 2.065703399999999856e+00
-1.102158751549283805e-01 8.217151302372197041e-02 9.905050748538474226e-01 3.687070400000000081e+00 4.759833778437388974e-03 9.966087557600489255e-01 -8.214823141619535807e-02 -2.113753999999999911e-01 -9.938962746917986424e-01 -4.339399704962554338e-03 -1.102332289464736936e-01 2.058864400000000039e+00
-1.108084960137805941e-01 7.763260713425629289e-02 9.908050542466471100e-01 3.754081999999999919e+00 4.628990974196646457e-03 9.969739621498033832e-01 -7.759826826600652039e-02 -2.167501000000000011e-01 -9.938309965249241262e-01 -4.012119746533947262e-03 -1.108325459484473807e-01 2.052005100000000137e+00
-1.110652081392900503e-01 6.860448316418513159e-02 9.914423555763349771e-01 3.821901099999999829e+00 7.899975189053273089e-03 9.976439021489404979e-01 -6.814862358879665571e-02 -2.223051000000000055e-01 -9.937817214725721549e-01 2.634289471337564192e-04 -1.113455013559204732e-01 2.044634600000000191e+00
-1.111605649845293781e-01 6.330391745577333695e-02 9.917842219087137368e-01 3.889245299999999794e+00 1.328624421148359366e-02 9.979746509307967361e-01 -6.220990125620824707e-02 -2.273811000000000027e-01 -9.937136431120753288e-01 6.261799606103509580e-03 -1.117764973445668497e-01 2.036943200000000065e+00
-1.103498018874341097e-01 6.567132537681075188e-02 9.917208267686312695e-01 3.955956700000000215e+00 2.170785125127399490e-02 9.977358938448739334e-01 -6.365418546822297630e-02 -2.319979000000000069e-01 -9.936557202660571964e-01 1.450390143455953032e-02 -1.115255415845176623e-01 2.029145999999999894e+00
-1.090423584258128353e-01 7.125065443797015674e-02 9.914802611807749244e-01 4.023479000000000028e+00 2.755632658705722132e-02 9.972611606484867997e-01 -6.863545969147857861e-02 -2.367476000000000025e-01 -9.936550774458732249e-01 1.983738148531959816e-02 -1.107071152268086500e-01 2.021043099999999981e+00
-1.080944438766378579e-01 7.701286330439843786e-02 9.911531718602619723e-01 4.090842699999999610e+00 3.089079017632819987e-02 9.967737034726812384e-01 -7.408065299143526405e-02 -2.415941000000000061e-01 -9.936605810261782690e-01 2.260979767741012197e-02 -1.101246873489506450e-01 2.013579099999999844e+00
-1.070930539001481441e-01 8.143449423765221351e-02 9.909084220827862888e-01 4.158544499999999644e+00 3.196249592751715385e-02 9.964069546726606053e-01 -7.843200580144568668e-02 -2.470559999999999978e-01 -9.937351139314857251e-01 2.327238338057254288e-02 -1.093111133936720547e-01 2.005892799999999809e+00
-1.068716750314123581e-01 7.880649789334731592e-02 9.911447830492605693e-01 4.227186200000000227e+00 2.873463902167882472e-02 9.966823645568115841e-01 -7.614843860340619885e-02 -2.523856999999999906e-01 -9.938575177540660555e-01 2.034207637456798834e-02 -1.087815900439832451e-01 1.998279200000000033e+00
-1.060366193677106800e-01 7.413851675414163955e-02 9.915945318962600119e-01 4.295551800000000142e+00 2.823738911188085690e-02 9.970389565843322810e-01 -7.152600163136546563e-02 -2.579668999999999990e-01 -9.939612091068803501e-01 2.041566522848868928e-02 -1.078161184798767103e-01 1.990535500000000013e+00
-1.060827370561957528e-01 7.242359876861249879e-02 9.917163280092089472e-01 4.364224400000000337e+00 2.546714030206058757e-02 9.972147619313953548e-01 -7.010095114151887463e-02 -2.628759999999999986e-01 -9.940311250979523283e-01 1.781967809791988253e-02 -1.076316933295454747e-01 1.983348300000000064e+00
-1.060444567011292194e-01 7.323073341983690754e-02 9.916611482183598225e-01 4.432696800000000437e+00 2.399007430885443173e-02 9.971825789546482355e-01 -7.107306496847011490e-02 -2.679427999999999810e-01 -9.940719539035484109e-01 1.625312007429690134e-02 -1.075024955535103244e-01 1.976568899999999962e+00
-1.058656484864787806e-01 7.822084060968581554e-02 9.912991297105289146e-01 4.501027099999999947e+00 2.499910093495383984e-02 9.967955453402301824e-01 -7.598477309512073619e-02 -2.734781000000000017e-01 -9.940661494201388226e-01 1.673740972155251736e-02 -1.074818575054952152e-01 1.969188500000000008e+00
-1.051384836009939677e-01 8.124035731444587127e-02 9.911336456853357957e-01 4.569523300000000177e+00 2.476187858667788788e-02 9.965623834233900968e-01 -7.905861948168967090e-02 -2.787275000000000169e-01 -9.941492587307713125e-01 1.623022762973885813e-02 -1.067887216710862175e-01 1.961827500000000057e+00
-1.049251691114270607e-01 8.024106628396759922e-02 9.912376507016621430e-01 4.638908899999999669e+00 2.467290666050717812e-02 9.966427664094816841e-01 -7.806691898991052758e-02 -2.843015999999999877e-01 -9.941740071857946281e-01 1.626552935711808937e-02 -1.065526911479592886e-01 1.954855699999999974e+00
-1.043408490013194995e-01 7.355626424500930072e-02 9.918177570602385584e-01 4.709352499999999608e+00 2.632996848848565691e-02 9.971159654481944745e-01 -7.117924000514808114e-02 -2.899672999999999834e-01 -9.941929993663601861e-01 1.868762795631076501e-02 -1.059766605073367840e-01 1.947292299999999976e+00
-1.045796396899170144e-01 7.185539540627089439e-02 9.919172854191701250e-01 4.779155300000000217e+00 2.582397046904118948e-02 9.972463403361826462e-01 -6.951876894267187967e-02 -2.954815000000000080e-01 -9.941811814310009821e-01 1.834499487868491985e-02 -1.061472545634591924e-01 1.940094699999999950e+00
-1.039993850320785895e-01 7.504894104909889951e-02 9.917417931903237394e-01 4.849435299999999671e+00 2.308598468019859226e-02 9.970624657245622524e-01 -7.303065626571994540e-02 -3.007309000000000232e-01 -9.943093910973060945e-01 1.530019250418051049e-02 -1.054264619772470324e-01 1.932709500000000080e+00
-1.037125596184376025e-01 7.836351401065305700e-02 9.915154384321477332e-01 4.919702100000000300e+00 2.266782977205480248e-02 9.968186584974253472e-01 -7.641159313100623351e-02 -3.059648999999999841e-01 -9.943489701663180691e-01 1.455066126660493203e-02 -1.051589453441187372e-01 1.925510899999999914e+00
-1.035039503096397834e-01 7.799764110021696617e-02 9.915660846625913294e-01 4.990695999999999799e+00 2.174774688549766313e-02 9.968596390024524467e-01 -7.614391396102819509e-02 -3.114705999999999864e-01 -9.943912548769240356e-01 1.368313234248223417e-02 -1.048751834973087327e-01 1.918182099999999890e+00
-1.032804330282896949e-01 7.418518655103145676e-02 9.918819033785610806e-01 5.061803799999999853e+00 2.127874009099242278e-02 9.971513023906869444e-01 -7.236363285999874995e-02 -3.173965999999999732e-01 -9.944246413749151525e-01 1.363224988567040413e-02 -1.045647856088544048e-01 1.911017900000000047e+00
-1.022159364146198735e-01 7.283516366056662361e-02 9.920922040200803593e-01 5.133289300000000388e+00 2.165723386825834859e-02 9.972424640413173336e-01 -7.098191413294915875e-02 -3.233206000000000135e-01 -9.945264534259798950e-01 1.423049005973721012e-02 -1.035114804676359190e-01 1.903433099999999989e+00
-1.013606050968382660e-01 7.345863244467662478e-02 9.921339914818768646e-01 5.204549799999999671e+00 2.325317534485724785e-02 9.971726638738928061e-01 -7.145605823879161433e-02 -3.288453000000000070e-01 -9.945779595239300219e-01 1.582743636860236419e-02 -1.027821710571134028e-01 1.896417100000000078e+00
-1.004974225988737035e-01 7.360977472551602507e-02 9.922105971596159035e-01 5.276493499999999948e+00 2.531842803028386962e-02 9.971256636484854274e-01 -7.140999996949121131e-02 -3.343650000000000233e-01 -9.946151241827453360e-01 1.794469165035118136e-02 -1.020722429875776660e-01 1.889462600000000103e+00
-9.896410642028279081e-02 7.302212600066101955e-02 9.924081190492037852e-01 5.347975299999999876e+00 2.527074383857830231e-02 9.971666612655274431e-01 -7.085223473120622062e-02 -3.399209000000000258e-01 -9.947700714970670877e-01 1.806706326176379246e-02 -1.005290310249508101e-01 1.881619600000000059e+00
-9.773135035220757716e-02 7.357041040273556987e-02 9.924897872882658678e-01 5.420122100000000387e+00 2.652212605056768202e-02 9.971021978831604571e-01 -7.130065782535532914e-02 -3.455296999999999952e-01 -9.948593669399168338e-01 1.935462967208782803e-02 -9.939938793656877269e-02 1.874604900000000018e+00
-9.661778459653436180e-02 7.199353474841146960e-02 9.927144275440379362e-01 5.492074999999999818e+00 2.648181399700288638e-02 9.972134716809357702e-01 -6.974242199324362512e-02 -3.509113999999999844e-01 -9.949692041601517767e-01 1.955052051697858673e-02 -9.825507579982506456e-02 1.867684600000000028e+00
-9.530862452300924159e-02 7.110005404213765035e-02 9.929053572253183635e-01 5.564904699999999593e+00 2.479038611543844806e-02 9.973061352942065305e-01 -6.903556518767155203e-02 -3.566193999999999753e-01 -9.951390369429689020e-01 1.803482242049745873e-02 -9.681447377578211722e-02 1.860713800000000084e+00
-9.433968908134680864e-02 7.074986732903418285e-02 9.930228997042106487e-01 5.637894199999999856e+00 2.536067348547148270e-02 9.973186455804294859e-01 -6.864659800733644013e-02 -3.617256999999999834e-01 -9.952169910649627527e-01 1.870763081049026458e-02 -9.588099522355975068e-02 1.854231699999999927e+00
-9.220929199660356235e-02 7.159681558597148776e-02 9.931622941228855916e-01 5.711375199999999985e+00 2.345483225292037746e-02 9.972910492128417292e-01 -6.971681292153822374e-02 -3.672712000000000199e-01 -9.954633681424304159e-01 1.686591704882314108e-02 -9.363879286187826168e-02 1.847184299999999890e+00
-9.063537900252560675e-02 7.447417446319037904e-02 9.930955771782971064e-01 5.784704699999999811e+00 2.415438139418572133e-02 9.970709480473081143e-01 -7.256783322868597119e-02 -3.726673999999999820e-01 -9.955911781110421410e-01 1.741039626396956655e-02 -9.216878088267632663e-02 1.840530599999999906e+00
-8.971683421140196069e-02 7.318069884209404963e-02 9.932751255196450302e-01 5.858905799999999608e+00 2.207740309836007248e-02 9.971979881357082576e-01 -7.147559534923976499e-02 -3.782796999999999965e-01 -9.957225908512452595e-01 1.551637119556240063e-02 -9.108108636487155518e-02 1.834267499999999940e+00
-8.900027699148996274e-02 7.173289463466267502e-02 9.934451884843827907e-01 5.933196099999999973e+00 1.912958317540651432e-02 9.973424161028702217e-01 -7.030052695125824092e-02 -3.841553999999999802e-01 -9.958478848413413465e-01 1.274742599200971716e-02 -9.013597166284370577e-02 1.827746300000000046e+00
-8.847866343482964357e-02 7.308834435435315746e-02 9.933929836858752527e-01 6.007382400000000011e+00 1.612958225095362241e-02 9.972787050835493217e-01 -7.193761855447200482e-02 -3.896711999999999954e-01 -9.959474698462744691e-01 9.658069497497263900e-03 -8.941677135965964140e-02 1.821256800000000009e+00
-8.900390458452123177e-02 7.220418340581716277e-02 9.934107211357287026e-01 6.082035499999999928e+00 1.381458562009620777e-02 9.973625551494496033e-01 -7.125370734148576968e-02 -3.956108999999999876e-01 -9.959354708980167059e-01 7.381699293536034268e-03 -8.976663256848471661e-02 1.815028199999999980e+00
-9.044869885434701773e-02 6.978384791888384009e-02 9.934531933841619367e-01 6.157209400000000166e+00 1.098293887480292913e-02 9.975512345512337342e-01 -6.907177063737174327e-02 -4.011770000000000058e-01 -9.958405534668828274e-01 4.663583916199844082e-03 -9.099364294184830726e-02 1.808977700000000022e+00
-9.177774024581698831e-02 6.833873257066695739e-02 9.934317611320900854e-01 6.232632599999999634e+00 9.368472634217511058e-03 9.976573979177277840e-01 -6.776391444220482285e-02 -4.068613999999999842e-01 -9.957354458468740122e-01 3.087719330412047603e-03 -9.220297106635633178e-02 1.802554500000000060e+00
-9.287945294175302402e-02 6.744782406727166391e-02 9.933902547588390197e-01 6.307889900000000161e+00 7.468381465316670242e-03 9.977220906010167978e-01 -6.704366640499935526e-02 -4.124990000000000046e-01 -9.956493511771747906e-01 1.192038307561399391e-03 -9.317160804206459090e-02 1.795776000000000039e+00
-9.461149801622538436e-02 6.753659340221020158e-02 9.932207574324806165e-01 6.383266899999999744e+00 7.448870726545448601e-03 9.977162485721142726e-01 -6.713271676378396169e-02 -4.181093000000000171e-01 -9.954864031055498108e-01 1.046846126115545672e-03 -9.489850022610069047e-02 1.788823599999999958e+00
-9.674876760128570119e-02 6.610115952189919708e-02 9.931114301413980217e-01 6.458840799999999938e+00 7.150000854074408524e-03 9.978126503347615195e-01 -6.571751912318130051e-02 -4.236679999999999890e-01 -9.952831524020785414e-01 7.426585887203296377e-04 -9.700976756389767530e-02 1.781658200000000081e+00
-9.999957354300424706e-02 6.159435945462446438e-02 9.930791610816289694e-01 6.534538699999999700e+00 4.841347588544996777e-03 9.981003734250695203e-01 -6.141828654613887967e-02 -4.289007000000000236e-01 -9.949757015348386080e-01 -1.333961060619094641e-03 -1.001078113992338592e-01 1.774647599999999992e+00
-1.040578428334232725e-01 6.182461927329657714e-02 9.926478135756741095e-01 6.609373599999999627e+00 4.245215745799238438e-03 9.980845856131116411e-01 -6.171821534016382754e-02 -4.340666000000000246e-01 -9.945621868380708497e-01 -2.208260223601508920e-03 -1.041209877914086590e-01 1.766941099999999931e+00
-1.099519979517741552e-01 6.763422559747177265e-02 9.916330821802201712e-01 6.683778799999999798e+00 -1.123493134601596943e-03 9.976730357471853550e-01 -6.817075257155291723e-02 -4.394707999999999948e-01 -9.939362635046522509e-01 -8.609603406991593599e-03 -1.096201569948920262e-01 1.759834899999999980e+00
-1.170906795582582482e-01 7.066149274337449326e-02 9.906042227872154937e-01 6.758097600000000149e+00 -5.018214249115707237e-04 9.974612243088517571e-01 -7.120993031553987662e-02 -4.451318000000000219e-01 -9.931211008411021668e-01 -8.835125554545280452e-03 -1.167579531363608369e-01 1.751383799999999935e+00
-1.263791706408963489e-01 6.703356088150691505e-02 9.897145077969022875e-01 6.832385099999999767e+00 1.245861031955342035e-03 9.977241104469832811e-01 -6.741696569162052011e-02 -4.506160000000000165e-01 -9.919812261622737992e-01 -7.287053473207742021e-03 -1.261750601080512402e-01 1.742319699999999916e+00
-1.371152929905627982e-01 6.502608177532101519e-02 9.884184362490721076e-01 6.907820199999999744e+00 4.166068330858634094e-03 9.978719995723297487e-01 -6.507008793741465846e-02 -4.563542999999999905e-01 -9.905463342533625815e-01 -4.804285427566223898e-03 -1.370944146884027770e-01 1.732033799999999957e+00
-1.501570167016253454e-01 6.562770319991982626e-02 9.864815633897934255e-01 6.981328000000000422e+00 4.226195285319572087e-03 9.978278860114936366e-01 -6.573925137422861886e-02 -4.622593999999999870e-01 -9.886531290643236769e-01 -5.702146134299767438e-03 -1.501082140350251670e-01 1.721358900000000025e+00
-1.641096268808893976e-01 6.565624600227630558e-02 9.842546864129749773e-01 7.054810500000000317e+00 5.882395456191680250e-03 9.978299101706474827e-01 -6.558100176525705205e-02 -4.677840999999999805e-01 -9.864245677134729773e-01 -4.972698435080233348e-03 -1.641397102518507012e-01 1.709355699999999922e+00
-1.787656932498229434e-01 6.380360684713233532e-02 9.818207202286000079e-01 7.128383600000000264e+00 7.156106551276120858e-03 9.979530615172541586e-01 -6.354901374031214634e-02 -4.731177999999999773e-01 -9.838656499014166723e-01 -4.334369808422899178e-03 -1.788563562818689112e-01 1.696663000000000032e+00
-1.943250823141471628e-01 6.634866106196538049e-02 9.786907670755276012e-01 7.200622100000000358e+00 1.092702788674841316e-02 9.977944367401273551e-01 -6.547413284660005828e-02 -4.785670000000000202e-01 -9.808763237254543021e-01 -2.029084950525471276e-03 -1.946214797217958870e-01 1.682740200000000019e+00
-2.092098059141280775e-01 6.946659942172289659e-02 9.754002504993292133e-01 7.272613500000000286e+00 1.135241422722102836e-02 9.975788824394533627e-01 -6.861119443694854714e-02 -4.843026000000000275e-01 -9.778048781840812387e-01 -3.280986990686983462e-03 -2.094918979907827161e-01 1.667421599999999948e+00
-2.241752564889817334e-01 7.328070729260782734e-02 9.717897881315661346e-01 7.344282599999999661e+00 1.147096981381683090e-02 9.972982203724659600e-01 -7.255809047544489743e-02 -4.902373999999999898e-01 -9.744813344695882895e-01 -5.118357217650963686e-03 -2.244101851292912286e-01 1.651142399999999899e+00
-2.400410808729311896e-01 7.132091165963316826e-02 9.681392498258672985e-01 7.415185899999999997e+00 8.533587099365767814e-03 9.974139990183537030e-01 -7.136170158728794011e-02 -4.959444000000000075e-01 -9.707252223902352872e-01 -8.868039369240514336e-03 -2.400289576138119330e-01 1.634435800000000105e+00
-2.564858414488591642e-01 6.540211014888504260e-02 9.643327108028346695e-01 7.486543700000000356e+00 2.408941898945859972e-03 9.977482086634514857e-01 -6.702767419358314493e-02 -5.019696999999999631e-01 -9.665449860897307177e-01 -1.486862794432418020e-02 -2.560658387365544186e-01 1.616737199999999985e+00
-2.720793906087135006e-01 6.153276886667560786e-02 9.603054324336564029e-01 7.557396400000000014e+00 -1.442764464949276154e-03 9.979262099736374569e-01 -6.435213965634845046e-02 -5.074764000000000497e-01 -9.622737259411640043e-01 -1.889438549547911919e-02 -2.714263777897396590e-01 1.597620700000000005e+00
-2.872200906648363361e-01 6.286106664462257076e-02 9.557997205580173183e-01 7.627447599999999994e+00 -3.467744985561120596e-03 9.977694952301042752e-01 -6.666340175072144048e-02 -5.127966000000000468e-01 -9.578583372624569492e-01 -2.246153798303438670e-02 -2.863614587339545769e-01 1.577406000000000086e+00
-3.014364610423383439e-01 6.486852814558558000e-02 9.512771068466309154e-01 7.696899900000000017e+00 -3.285042422850225491e-03 9.976064954514094474e-01 -6.906872468373158325e-02 -5.183218000000000547e-01 -9.534806072755498407e-01 -2.394481758924904211e-02 -3.005018756348563080e-01 1.555835599999999985e+00
-3.152459031767909092e-01 6.712724997431118723e-02 9.466329557125803262e-01 7.765469600000000305e+00 -1.822650727248825708e-03 9.974505495437935298e-01 -7.133778212918204242e-02 -5.239196000000000408e-01 -9.490082710253773257e-01 -2.421432480311035834e-02 -3.143198498341357450e-01 1.533437600000000067e+00
-3.294138432084144918e-01 6.693638008779964621e-02 9.418099813250037089e-01 7.834573299999999740e+00 3.677356592842184746e-04 9.974929286410648688e-01 -7.076526041467186279e-02 -5.297157000000000115e-01 -9.441855668633932774e-01 -2.296471928443832855e-02 -3.286125940907316245e-01 1.509686499999999931e+00
-3.433279047492450164e-01 6.499736378641571277e-02 9.369638693788091555e-01 7.902824400000000082e+00 3.505891443115055628e-04 9.976113370519938961e-01 -6.907602530969111920e-02 -5.352791999999999550e-01 -9.392155380463771408e-01 -2.338723767676573889e-02 -3.425305974743062531e-01 1.485115299999999916e+00
-3.580818244516640325e-01 6.332136327898474359e-02 9.315405584030457264e-01 7.970275899999999858e+00 -5.112887238918201183e-04 9.976842351132073627e-01 -6.801401025094112873e-02 -5.412363999999999509e-01 -9.336900693384332373e-01 -2.483086706229055418e-02 -3.572202156369742587e-01 1.459946799999999989e+00
-3.728650150308184252e-01 6.464932900998447696e-02 9.256306740944933997e-01 8.037019700000000100e+00 -1.955176886476797660e-03 9.975128712868698289e-01 -7.045742615485695026e-02 -5.468899999999999872e-01 -9.278835367918810695e-01 -2.808088096166700548e-02 -3.718112508720070597e-01 1.433577700000000066e+00
-3.878799041150752802e-01 6.709767307132105674e-02 9.192644245548143855e-01 8.103469799999999168e+00 -1.304335566249682776e-03 9.973058252956776837e-01 -7.334432179819867781e-02 -5.522221999999999964e-01 -9.217089989212486900e-01 -2.964781779020542532e-02 -3.867473700076939913e-01 1.406399299999999908e+00
-4.026685929673664011e-01 6.889427106067022577e-02 9.127494637920635645e-01 8.169845600000000374e+00 -5.266192186744594883e-05 9.971617587132228788e-01 -7.528893801000363650e-02 -5.579159000000000201e-01 -9.153458370825765522e-01 -3.036455787544223989e-02 -4.015220942371983126e-01 1.377679000000000098e+00
