1.000000000000000000e+00 0.000000000000000000e+00 0.000000000000000000e+00 0.000000000000000000e+00 0.000000000000000000e+00 1.000000000000000000e+00 0.000000000000000000e+00 0.000000000000000000e+00 0.000000000000000000e+00 0.000000000000000000e+00 1.000000000000000000e+00 0.000000000000000000e+00
9.999988635817113058e-01 4.801663124302708602e-04 1.429082082383343775e-03 -2.525000000000000118e-04 -4.830329412624506788e-04 9.999978708088863577e-01 2.006254438356162850e-03 -1.147599999999999922e-03 -1.428115703799010807e-03 -2.006942452133486307e-03 9.999969663291635724e-01 7.080100000000000282e-02
9.999947609726884679e-01 -1.063948188948240055e-04 3.235229098260474466e-03 -5.180000000000000143e-04 9.600465531189187934e-05 9.999948383342887048e-01 3.211555368688224534e-03 -2.345900000000000155e-03 -3.235554091941191500e-03 -3.211227946207501766e-03 9.999896095484170910e-01 1.417006000000000099e-01
9.999858250784765534e-01 3.842934508134856239e-04 5.310551822769617354e-03 -3.301000000000000006e-04 -4.053022054690753645e-04 9.999920947247091796e-01 3.955530079584029975e-03 -3.512799999999999950e-03 -5.308989757091432150e-03 -3.957626388621594653e-03 9.999780756702254525e-01 2.107377000000000000e-01
9.999631191203225411e-01 1.910488654992847945e-05 8.588366210105825155e-03 -8.650000000000000191e-05 -4.849439228819609512e-05 9.999941443865929536e-01 3.421818349882441244e-03 -4.626299999999999857e-03 -8.588250546502133875e-03 -3.422108637811708490e-03 9.999572646493556372e-01 2.795681999999999889e-01
9.999257908590901689e-01 -4.250982831143889761e-04 1.217505918969879163e-02 4.291000000000000218e-04 4.068860218050856983e-04 9.999987947632574814e-01 1.498304307447965306e-03 -5.523899999999999991e-03 -1.217568144245879426e-02 -1.493239258173550184e-03 9.999247586783365227e-01 3.473440999999999890e-01
9.998786899035585485e-01 -5.455392376918176672e-04 1.556624115461048737e-02 1.157400000000000052e-03 5.520273959268759932e-04 9.999997625481835684e-01 -4.125158549147277319e-04 -6.498000000000000304e-03 -1.556601241479322641e-02 4.210588041455338320e-04 9.998787536331521508e-01 4.144630000000000258e-01
9.998030085556016688e-01 3.958349439085493737e-06 1.984802427192661894e-02 1.828299999999999934e-03 -1.204086272727171905e-05 9.999999170620750277e-01 4.071005536289955956e-04 -7.821699999999999139e-03 -1.984802101432642241e-02 -4.072593456385866385e-04 9.998029256816766130e-01 4.809584000000000081e-01
9.996829069554181713e-01 3.897858238661636274e-04 2.517803821142981444e-02 3.174699999999999918e-03 -3.941520360394088602e-04 9.999999081342163532e-01 1.684509760639023117e-04 -8.957500000000000184e-03 -2.517797023862711550e-02 -1.783215364555525357e-04 9.996829687536407105e-01 5.474385000000000501e-01
9.994998981152345419e-01 2.017203781570966765e-03 3.155763864010343450e-02 4.832399999999999717e-03 -1.997894026841612759e-03 9.999977972198722531e-01 -6.434087820351818820e-04 -1.012799999999999985e-02 -3.155886701219236951e-02 5.800381943503226789e-04 9.995017265961073649e-01 6.127861000000000002e-01
9.992377656284834320e-01 3.446045116295239942e-03 3.888460511375278761e-02 6.874100000000000175e-03 -3.423844992671814212e-03 9.999939354202120878e-01 -6.375015786198058847e-04 -1.117759999999999934e-02 -3.888656615416419271e-02 5.038807924939423845e-04 9.992435043956426899e-01 6.774242999999999792e-01
9.988754762476683702e-01 4.129324381409442413e-03 4.723062175270069385e-02 9.495800000000000421e-03 -4.159143909319491794e-03 9.999912086230566821e-01 5.331027479089402166e-04 -1.250539999999999985e-02 -4.722800517632685935e-02 -7.289422140026010147e-04 9.988838692111878803e-01 7.415543999999999469e-01
9.974562901849626240e-01 8.801968999897238216e-03 7.073524236317069169e-02 1.605579999999999855e-02 -8.908752204473176922e-03 9.999596031019543085e-01 1.194277330163779228e-03 -1.466210000000000083e-02 -7.072187288675932382e-02 -1.821402181534006320e-03 9.974944106056345960e-01 8.668038000000000132e-01
9.962695249540679532e-01 1.075555347434345964e-02 8.562331293086265782e-02 2.049029999999999949e-02 -1.093737432927328022e-02 9.999388161027233934e-01 1.654658232154308187e-03 -1.562099999999999947e-02 -8.560027739778212907e-02 -2.584979795747060962e-03 9.963262068162607177e-01 9.282175000000000287e-01
9.947287369359780751e-01 1.286833796859804951e-02 1.017307514553965064e-01 2.621479999999999991e-02 -1.322077448132513017e-02 9.999087068113072796e-01 2.790907567970938967e-03 -1.634230000000000058e-02 -1.016855497888842774e-01 -4.121155282800329639e-03 9.948080543719313162e-01 9.892646000000000495e-01
9.927517060858577214e-01 1.299555139010362577e-02 1.194787249165555204e-01 3.294819999999999693e-02 -1.353337921562340444e-02 9.999016067290511511e-01 3.691139074596396299e-03 -1.739780000000000146e-02 -1.194190006264702480e-01 -5.281335506200645485e-03 9.928298997233342416e-01 1.049427499999999958e+00
9.902797390649599185e-01 1.269290060059783537e-02 1.385096699576534862e-01 4.060710000000000014e-02 -1.320349451639602975e-02 9.999089985576518069e-01 2.768092482091038739e-03 -1.825999999999999845e-02 -1.384619302551797493e-01 -4.569997568626493235e-03 9.903572128238540273e-01 1.108369699999999902e+00
9.872548467971924424e-01 1.193979831821209182e-02 1.586987986456498689e-01 4.971260000000000262e-02 -1.235200799365740627e-02 9.999224128316568372e-01 1.611277580726383366e-03 -1.880089999999999886e-02 -1.586672473258949612e-01 -3.550990430562670983e-03 9.873257289734655995e-01 1.167553700000000028e+00
9.837122576366246207e-01 9.318533882046949740e-03 1.795086602416282040e-01 6.009130000000000027e-02 -9.717066439550958029e-03 9.999518890816027072e-01 1.340948150958139445e-03 -1.955979999999999872e-02 -1.794875282443449405e-01 -3.063404710995369391e-03 9.837554791493220430e-01 1.225018900000000022e+00
9.795303788912149701e-01 4.055603927030962050e-03 2.012555313675128132e-01 7.170010000000000272e-02 -4.847266517286763152e-03 9.999823317395217792e-01 3.440961507962838652e-03 -2.036920000000000050e-02 -2.012380203553575109e-01 -4.346065528261426440e-03 9.795327308864572036e-01 1.282278500000000099e+00
9.686819021447071743e-01 -6.072988998137465559e-03 2.482307218334194876e-01 9.859819999999999696e-02 5.179045902232385333e-03 9.999775396990682186e-01 4.254125167538484048e-03 -2.178079999999999947e-02 -2.482509817520457407e-01 -2.835295756533291137e-03 9.686915975464628348e-01 1.392724300000000026e+00
9.618659430162281865e-01 -1.237929523968998163e-02 2.732410304380925581e-01 1.140854000000000035e-01 1.209082425763314747e-02 9.999231501199168370e-01 2.739675716795794171e-03 -2.278789999999999982e-02 -2.732539471522288377e-01 6.685085121071198972e-04 9.619416996170278011e-01 1.446284399999999914e+00
9.450948437403964286e-01 -1.803535957838296733e-02 3.262981185054458777e-01 1.485914999999999875e-01 1.702757294624077794e-02 9.998373477357804795e-01 5.944731469156555592e-03 -2.414149999999999976e-02 -3.263522607473036130e-01 -6.227004384853343164e-05 9.452482203249924497e-01 1.550714300000000101e+00
9.238523991311375916e-01 -2.567046339434982810e-02 3.818871193543459386e-01 1.885589000000000015e-01 2.428756132214511532e-02 9.996693696579592725e-01 8.441903380243798855e-03 -2.527760000000000076e-02 -3.819775634571540568e-01 1.476034138384534500e-03 9.241704184502759212e-01 1.649800099999999992e+00
8.980387499977247057e-01 -2.585951984492461386e-02 4.391556543367215459e-01 2.330282999999999938e-01 2.892158671533180681e-02 9.995816435335539429e-01 -2.823696632037403856e-04 -2.664820000000000036e-02 -4.389646287850441642e-01 1.295465723780854159e-02 8.984109480251557533e-01 1.743986000000000036e+00
8.675269406046215437e-01 -2.854349955420000529e-02 4.965705145881951221e-01 2.830431999999999948e-01 3.266657966679134550e-02 9.994662323036089813e-01 3.808644135953843587e-04 -2.793829999999999925e-02 -4.963163324917473362e-01 1.589085013546327058e-02 8.679963012501341613e-01 1.834466500000000000e+00
8.294913227126303745e-01 -2.798222328557116098e-02 5.578181968387615486e-01 3.391507999999999745e-01 2.694973581237368118e-02 9.995860886994301087e-01 1.006792025287719244e-02 -2.921369999999999870e-02 -5.578690323759637471e-01 6.681800548614900796e-03 8.299021004054238926e-01 1.921716200000000097e+00
7.856947216379421839e-01 -1.438974212353130895e-02 6.184470387283739212e-01 3.996617000000000086e-01 1.986616434120149974e-02 9.998006961994850839e-01 -1.975700734776933247e-03 -2.995489999999999958e-02 -6.182953500590514517e-01 1.383846814655772389e-02 7.858239986757288298e-01 2.003020999999999940e+00
7.394854020774029868e-01 -1.473802234601843952e-02 6.730112412224253937e-01 4.667060000000000097e-01 2.040240661350953277e-02 9.997917121780274252e-01 -5.235117051745011990e-04 -3.137170000000000236e-02 -6.728633456496189158e-01 1.411817826267586749e-02 7.396320673982061944e-01 2.079189299999999907e+00
6.890993260722381164e-01 -1.332762804848767330e-02 7.245443348321677357e-01 5.377450999999999759e-01 2.170897532056434431e-02 9.997617851387244903e-01 -2.256848856705978394e-03 -3.334680000000000283e-02 -7.243416591618337952e-01 1.728430810972922740e-02 6.892245015202591585e-01 2.148969199999999802e+00
6.354129715494836184e-01 -8.188435537952617332e-03 7.721290728305052475e-01 6.131180999999999992e-01 1.957989473598368418e-02 9.997931113644240586e-01 -5.510189685675470801e-03 -3.478330000000000310e-02 -7.719242082670958460e-01 1.861945197059034288e-02 6.354418405326580643e-01 2.213686500000000112e+00
5.785757372489472861e-01 -2.812908799406446669e-04 8.156286147152256305e-01 6.938870000000000315e-01 1.859037678294845133e-02 9.997447012741632610e-01 -1.284251397904906042e-02 -3.673259999999999720e-02 -8.154167732870749585e-01 2.259321025606856118e-02 5.784332569038713734e-01 2.273220799999999819e+00
5.173144962204527797e-01 1.760712382815214985e-02 8.556142245139917168e-01 7.785541999999999740e-01 1.615073118200828148e-02 9.994094143038408928e-01 -3.033111410977592029e-02 -3.933140000000000247e-02 -8.556429546735400127e-01 2.950952035113175650e-02 5.167246097547323336e-01 2.326952900000000213e+00
4.526854799295236265e-01 2.225776839126545475e-02 8.913924208827543882e-01 8.687120999999999871e-01 1.173498316592443830e-02 9.994531111256284017e-01 -3.091551117801126514e-02 -4.286170000000000258e-02 -8.915930385725721052e-01 2.445547806817633535e-02 4.521767167395780440e-01 2.375488799999999845e+00
4.193998207023936220e-01 2.084717629337129799e-02 9.075622213575182951e-01 9.151107000000000546e-01 7.194588013560221547e-03 9.996285539207064863e-01 -2.628672839499953187e-02 -4.475409999999999805e-02 -9.077731149897065865e-01 1.755418545505421299e-02 4.190940494386604653e-01 2.397180800000000112e+00
3.850850159896526681e-01 2.227416589773603336e-02 9.226122652522072976e-01 9.627000000000000002e-01 3.116935157975179310e-03 9.996716052256323648e-01 -2.543553460866291444e-02 -4.635809999999999931e-02 -9.228758395231018152e-01 1.267056585822604921e-02 3.848891289519131842e-01 2.417556999999999956e+00
3.497496332224949156e-01 2.521507046957714021e-02 9.365038143445781893e-01 1.011141300000000021e+00 -3.927839776492157708e-03 9.996684089756594505e-01 -2.544885401670914093e-02 -4.800730000000000275e-02 -9.368349727328822985e-01 5.222290425457574645e-03 3.497327001401093760e-01 2.436484300000000047e+00
3.140536000508201142e-01 2.737189236469102227e-02 9.490105983620495955e-01 1.060758499999999938e+00 -8.813548880718133013e-03 9.996252941450164409e-01 -2.591510489302674414e-02 -4.954159999999999814e-02 -9.493643439961534369e-01 -2.254193096338109187e-04 3.141771658394163502e-01 2.453321199999999980e+00
2.776958191039712309e-01 2.660872443315302760e-02 9.603004778902357597e-01 1.111425799999999908e+00 -1.167689013754429073e-02 9.996359793624185475e-01 -2.432198595620909884e-02 -5.137130000000000168e-02 -9.605980857199800660e-01 -4.459209367010791986e-03 2.779054392467533718e-01 2.468767600000000062e+00
2.412578210918298882e-01 2.615906851765577648e-02 9.701084304840935646e-01 1.162432899999999991e+00 -1.216735112798033105e-02 9.996396032786117880e-01 -2.392946141283154582e-02 -5.312359999999999999e-02 -9.703847790070448953e-01 -6.030480185553101918e-03 2.414891591359343836e-01 2.481933100000000003e+00
2.053056957020616968e-01 2.550235894755053731e-02 9.783655763570192621e-01 1.215172099999999977e+00 -1.133524868294455076e-02 9.996553573841147067e-01 -2.367865263340996826e-02 -5.488740000000000285e-02 -9.786322513843429549e-01 -6.228654858649505799e-03 2.055240141907109797e-01 2.493090899999999888e+00
1.700210934243871486e-01 2.416374933838925237e-02 9.851441219479956102e-01 1.267992400000000019e+00 -9.042733158439406407e-03 9.996954867012152190e-01 -2.296002713947919299e-02 -5.653400000000000092e-02 -9.853989328022437766e-01 -5.004706498072960738e-03 1.701878260777399676e-01 2.502176299999999909e+00
1.356053893619822426e-01 2.350809712544594740e-02 9.904839967134885237e-01 1.321572799999999992e+00 -6.721782793732318517e-04 9.997204216046073899e-01 -2.363528724316137433e-02 -5.819509999999999961e-02 -9.907626994151254030e-01 2.539290500633596681e-03 1.355832786570949633e-01 2.509045099999999806e+00
1.020418133240719033e-01 2.708791727756866552e-02 9.944112394131006116e-01 1.375227800000000000e+00 1.209230001925203427e-03 9.996250771592211093e-01 -2.735402853737711054e-02 -6.001839999999999953e-02 -9.947793755885461220e-01 3.993726578622319723e-03 1.019707999952804700e-01 2.514378799999999803e+00
4.009569434267960114e-02 3.574124761997556077e-02 9.985564072768978727e-01 1.483091699999999902e+00 9.338543084176739728e-03 9.993029965938836634e-01 -3.614294691290963202e-02 -6.448700000000000265e-02 -9.991522040751564804e-01 1.077423858339976621e-02 3.973397632637076793e-02 2.520167600000000174e+00
1.457528925300056490e-02 3.381304377912004028e-02 9.993218895899271814e-01 1.538067499999999921e+00 1.129884496962598427e-02 9.993586733238866149e-01 -3.397908407643798062e-02 -6.686509999999999676e-02 -9.998299340615601771e-01 1.178643808419639442e-02 1.418389339157910545e-02 2.520845399999999792e+00
-7.674617190092483318e-03 3.097883031555963285e-02 9.994905764054332620e-01 1.593559699999999912e+00 1.264712312719052344e-02 9.994430752364825699e-01 -3.088024673554806698e-02 -6.900850000000000040e-02 -9.998905692762539710e-01 1.240368631183520580e-02 -8.062136087066074097e-03 2.520437700000000003e+00
-2.670092923506985766e-02 2.841837286458609793e-02 9.992394390043425334e-01 1.649140400000000062e+00 1.272005569409023415e-02 9.995245589168963996e-01 -2.808658585736156094e-02 -7.126330000000000164e-02 -9.995625345925701621e-01 1.196044337443459560e-02 -2.704971780192744202e-02 2.519136899999999901e+00
-4.311063238558712069e-02 3.154592616447581682e-02 9.985721445733106716e-01 1.704696100000000047e+00 1.411916284818325734e-02 9.994207976372478930e-01 -3.096317959437728390e-02 -7.344680000000000653e-02 -9.989705314050969509e-01 1.276416047190806306e-02 -4.353106467416267833e-02 2.516704600000000180e+00
-5.738933623912859106e-02 3.585724367181183925e-02 9.977077338390700767e-01 1.760374200000000000e+00 1.736026702792412349e-02 9.992395377382766730e-01 -3.491371291218444556e-02 -7.576040000000000552e-02 -9.982009242706357810e-01 1.531679786559755375e-02 -5.796818513972135101e-02 2.513197900000000207e+00
-6.937668968178985207e-02 4.140056426360610997e-02 9.967310912214246699e-01 1.817180800000000040e+00 2.149968660535500620e-02 9.989684685917650242e-01 -3.999702783076702906e-02 -7.794379999999999364e-02 -9.973588313163264107e-01 1.865454470306510820e-02 -7.019522460433613720e-02 2.509025299999999792e+00
-8.389080236811029267e-02 5.014486154030835252e-02 9.952124527653065655e-01 1.929807899999999909e+00 3.039311532969538390e-02 9.983971306244453503e-01 -4.774335662089462806e-02 -8.370679999999999787e-02 -9.960113412098228203e-01 2.624237835977129285e-02 -8.528039493008998662e-02 2.499330800000000075e+00
-8.757250775246584740e-02 5.479837008794020276e-02 9.946497848598014890e-01 1.986090899999999992e+00 3.282610832281786933e-02 9.981022982974544488e-01 -5.209845243112223856e-02 -8.699959999999999638e-02 -9.956171465469660919e-01 2.808808945165939749e-02 -8.920513848782840594e-02 2.494633900000000182e+00
-9.029484944881475961e-02 5.902682469120273251e-02 9.941643094226876309e-01 2.042715799999999859e+00 3.480699835730054897e-02 9.978192358094647441e-01 -5.608248847876529802e-02 -9.024400000000000477e-02 -9.953066427128728355e-01 2.953991563105732437e-02 -9.215248426461031261e-02 2.489320300000000152e+00
-9.261246341437927299e-02 6.196610432088396625e-02 9.937721738585827413e-01 2.100222099999999870e+00 3.506212010862370942e-02 9.976455851439836042e-01 -5.894008972004689817e-02 -9.402879999999999572e-02 -9.950847096372290590e-01 2.938517241759963650e-02 -9.456707824702648146e-02 2.483672100000000160e+00
-9.676141382942250735e-02 6.894224793269533580e-02 9.929170132713596164e-01 2.214177600000000190e+00 3.754236589371350019e-02 9.971410288651230136e-01 -6.557697245913747530e-02 -1.020372999999999974e-01 -9.945993160850419290e-01 3.093113324452730420e-02 -9.907303083773866259e-02 2.472038500000000028e+00
-1.007837144000674201e-01 6.905153221134124886e-02 9.925092084262954195e-01 2.330401199999999839e+00 4.005492089652119836e-02 9.970613809481712053e-01 -6.530088769457266518e-02 -1.107344999999999996e-01 -9.941017283073694255e-01 3.317361181710344609e-02 -1.032534031173262257e-01 2.460003899999999799e+00
-1.050968277036074122e-01 6.986875103443805635e-02 9.920045435558881852e-01 2.446389700000000111e+00 3.926082554225833465e-02 9.970426848459652547e-01 -6.606415195012875496e-02 -1.190583999999999948e-01 -9.936866932712637990e-01 3.200378452678770413e-02 -1.075291281076170558e-01 2.448036399999999890e+00
-1.103036326117275423e-01 7.416726080598469439e-02 9.911267961553629213e-01 2.564034899999999784e+00 3.649906956943070602e-02 9.968414776382636955e-01 -7.053287446665473803e-02 -1.279041999999999957e-01 -9.932275301023543168e-01 2.839517361278259128e-02 -1.126622721334743504e-01 2.435382099999999994e+00
-1.151839189175210137e-01 8.150373624498005731e-02 9.899948514012134604e-01 2.681225500000000039e+00 3.106535325741625886e-02 9.964363009806679328e-01 -7.841965260670080706e-02 -1.375732000000000066e-01 -9.928583024026106374e-01 2.172185687441161722e-02 -1.173053804568814362e-01 2.422656100000000201e+00
-1.207278890061077581e-01 8.219393625268027470e-02 9.892769751992711580e-01 2.800450800000000129e+00 2.672622431874285831e-02 9.964741014835850619e-01 -7.953033387422669964e-02 -1.475886999999999893e-01 -9.923257961727052212e-01 1.683810903195680220e-02 -1.224989482993008583e-01 2.408885499999999791e+00
-1.233513278263714125e-01 7.820041905022663553e-02 9.892770817035234643e-01 2.860878000000000032e+00 2.356742145029486202e-02 9.968399508930564368e-01 -7.585966615872474783e-02 -1.524934000000000012e-01 -9.920831752275889315e-01 1.395731936648076862e-02 -1.248045138063796911e-01 2.401290400000000158e+00
-1.258750859743177908e-01 7.635979393600852982e-02 9.891029494451065718e-01 2.920859300000000047e+00 2.386047854950999747e-02 9.969778597409298948e-01 -7.393121634183404123e-02 -1.577116000000000073e-01 -9.917591140465243926e-01 1.429437149527780504e-02 -1.273166550346360726e-01 2.393887499999999946e+00
-1.276326616542606818e-01 7.706883563199018461e-02 9.888226829181144817e-01 2.981423100000000215e+00 2.327800584487709629e-02 9.969345882720669350e-01 -7.469646009477431958e-02 -1.622528000000000026e-01 -9.915483034743867163e-01 1.348411217446760305e-02 -1.290354238026577560e-01 2.386071700000000018e+00
-1.286599167439689551e-01 7.977151858799505502e-02 9.884751542884628872e-01 3.041748800000000141e+00 2.496447739980887232e-02 9.967040987953406095e-01 -7.718623136753310909e-02 -1.673719999999999930e-01 -9.913745007269401111e-01 1.474599154797939099e-02 -1.302273206423195662e-01 2.377955399999999830e+00
-1.291625696443856053e-01 8.262055640062770934e-02 9.881755280631626670e-01 3.102206499999999867e+00 2.509146988176479826e-02 9.964762070623209844e-01 -8.003491049450217609e-02 -1.722027999999999892e-01 -9.913059309527166851e-01 1.445726179956557944e-02 -1.307804986962012306e-01 2.369787899999999947e+00
-1.297399331252209187e-01 8.342743302919398973e-02 9.880320911644635551e-01 3.163145800000000119e+00 2.382739251174648479e-02 9.964286338749793748e-01 -8.100761050749202830e-02 -1.773492000000000124e-01 -9.912617238241143713e-01 1.303230648050140994e-02 -1.312644425160290895e-01 2.362230499999999900e+00
-1.294062151625559043e-01 8.232071371873807275e-02 9.881686756673375704e-01 3.224393800000000088e+00 2.072350588147712017e-02 9.965548488737108190e-01 -8.030547609145902155e-02 -1.824520000000000031e-01 -9.913750893487704996e-01 1.008629164426068370e-02 -1.306663649895574153e-01 2.354222800000000060e+00
-1.299725061168578721e-01 8.148040927027092040e-02 9.881639998294072802e-01 3.285761100000000212e+00 1.684448650834326905e-02 9.966553351861490162e-01 -7.996503060247789341e-02 -1.878770999999999913e-01 -9.913745058896631379e-01 6.251859734041687044e-03 -1.309102873035281611e-01 2.347111200000000064e+00
-1.292701056381269364e-01 8.233720563727668640e-02 9.881851164413234523e-01 3.347477000000000036e+00 1.328922557361823797e-02 9.966010770464670543e-01 -8.129999823785671875e-02 -1.932811000000000112e-01 -9.915203660399319885e-01 2.622555560293678145e-03 -1.299249242076829791e-01 2.338749400000000200e+00
-1.297017428143441009e-01 8.284227366738400322e-02 9.880863401568408255e-01 3.409663899999999970e+00 9.008835608200080336e-03 9.965610778883925436e-01 -8.237025506157985566e-02 -1.984644999999999881e-01 -9.915121274053616540e-01 -1.782058232367912665e-03 -1.300020210479447824e-01 2.331360600000000005e+00
-1.302942815309047209e-01 8.235741774500844603e-02 9.880489137399622868e-01 3.471981500000000054e+00 5.330380586604926973e-03 9.965878724960481883e-01 -8.236625180620016362e-02 -2.038018000000000052e-01 -9.914610366742341307e-01 -5.465174853066863403e-03 -1.302886972099963625e-01 2.323763800000000046e+00
-1.305829996257071024e-01 7.746126013572637858e-02 9.884067145598203208e-01 3.534629799999999822e+00 5.631516769927284727e-03 9.969850279004859317e-01 -7.738953521722045925e-02 -2.089785999999999866e-01 -9.914213868116941164e-01 -4.539528659751573825e-03 -1.306255199106387543e-01 2.315732999999999819e+00
-1.310704216067966332e-01 6.871173737210865828e-02 9.889889998008687400e-01 3.598192200000000174e+00 9.035984117774304575e-03 9.976365556017334768e-01 -6.811500508795972908e-02 -2.141163000000000094e-01 -9.913318796300458757e-01 8.626460226160426181e-06 -1.313815221206706685e-01 2.307803199999999944e+00
-1.310518338182398435e-01 6.333268901220009961e-02 9.893504876207219745e-01 3.661427499999999835e+00 1.451417907484410866e-02 9.979729659639143824e-01 -6.196206751691797632e-02 -2.189783999999999897e-01 -9.912692648612988489e-01 6.239367569849801898e-03 -1.317054092802133480e-01 2.299144000000000077e+00
-1.302308128448322611e-01 6.574213602308232041e-02 9.893017269452714091e-01 3.724260600000000032e+00 2.286171216463584593e-02 9.977331040834405140e-01 -6.329293114498373007e-02 -2.234059999999999935e-01 -9.912200953888471444e-01 1.437444145505673010e-02 -1.314385709378321776e-01 2.290598199999999807e+00
-1.288238389766341307e-01 7.139928634032066679e-02 9.890938076954153280e-01 3.787679400000000030e+00 2.871621267249916537e-02 9.972550073876085275e-01 -6.824829206718989461e-02 -2.278940999999999883e-01 -9.912516318478724608e-01 1.961102114713958455e-02 -1.305205355815567403e-01 2.281553699999999907e+00
-1.277822818710962205e-01 7.703777230457727054e-02 9.888057797556424333e-01 3.851077800000000106e+00 3.234921824454491113e-02 9.967720481844695168e-01 -7.347796973994544234e-02 -2.326854999999999896e-01 -9.912745414459016580e-01 2.259791133015709094e-02 -1.298619185316921554e-01 2.273108999999999824e+00
-1.268215382135959302e-01 8.170791137159265360e-02 9.885545582639480022e-01 3.914597000000000104e+00 3.336636965659731113e-02 9.963889787543132037e-01 -7.807488964370168372e-02 -2.374932999999999905e-01 -9.913642029148906909e-01 2.308289921627816252e-02 -1.290898793193889782e-01 2.264614799999999928e+00
-1.265655235166641412e-01 7.908034083490021737e-02 9.888010254598185167e-01 3.979045399999999955e+00 2.997987853059347688e-02 9.966667667089097460e-01 -7.587201737991790262e-02 -2.423688999999999982e-01 -9.915051059577271175e-01 2.004135303425688686e-02 -1.285144701125623401e-01 2.256065099999999823e+00
-1.258836682948627494e-01 7.426309173463419011e-02 9.892614898309961546e-01 4.043003999999999820e+00 2.917272341826954857e-02 9.970400164352657413e-01 -7.113478639263735859e-02 -2.476560999999999901e-01 -9.916159812472720159e-01 1.990474397670824805e-02 -1.276775113410015816e-01 2.247609900000000049e+00
-1.258361995259037469e-01 7.237792591863324854e-02 9.894072400829667657e-01 4.107258800000000321e+00 2.644503211019044384e-02 9.972253422048108495e-01 -6.958647240081168583e-02 -2.523948999999999776e-01 -9.916984981160188450e-01 1.740840900871662780e-02 -1.274010837089594173e-01 2.239650500000000211e+00
-1.258714619528943923e-01 7.330488164431500642e-02 9.893345083403053408e-01 4.171552199999999822e+00 2.497012681652905491e-02 9.971843581522205069e-01 -7.070960771571731251e-02 -2.569898999999999933e-01 -9.917322561218866461e-01 1.580348643993283175e-02 -1.273474851881077896e-01 2.232001299999999855e+00
-1.258403613750970207e-01 7.846772644374958028e-02 9.889423741329590456e-01 4.235872699999999824e+00 2.599192172081143948e-02 9.967855394924878265e-01 -7.578263827506467876e-02 -2.619946000000000219e-01 -9.917099492564567242e-01 1.616799818836489253e-02 -1.274753795065416417e-01 2.223899400000000082e+00
-1.251079929784993938e-01 8.145299440648846867e-02 9.887939116899479020e-01 4.299842400000000175e+00 2.581474402813205629e-02 9.965540920059356989e-01 -7.882601535652411506e-02 -2.669293999999999834e-01 -9.918072338330942150e-01 1.566369715110432076e-02 -1.267795705463018452e-01 2.215662500000000090e+00
-1.248057319599832210e-01 8.047618776478190905e-02 9.889120853103072761e-01 4.364936400000000383e+00 2.581186437535399475e-02 9.966311398556887413e-01 -7.784676439916368706e-02 -2.720967000000000247e-01 -9.918453896285455151e-01 1.580994221362416741e-02 -1.264625193478317033e-01 2.207774399999999915e+00
-1.240025305165265018e-01 7.389452444206243142e-02 9.895266402088318536e-01 4.430795200000000378e+00 2.766947562807085467e-02 9.970930316629470491e-01 -7.099215680383924587e-02 -2.773869999999999947e-01 -9.918960492632105108e-01 1.857647616408298827e-02 -1.256866818296979993e-01 2.199212600000000073e+00
-1.244055134942944618e-01 7.199601557381329897e-02 9.896160073249200551e-01 4.496141399999999955e+00 2.709454404762351790e-02 9.972386497457950139e-01 -6.914449461840807554e-02 -2.826640999999999737e-01 -9.918614590229184458e-01 1.821123814239184249e-02 -1.260126855132005508e-01 2.191181400000000057e+00
-1.238677204760752076e-01 7.503117307033205230e-02 9.894579884420310334e-01 4.562031300000000122e+00 2.441609095984908703e-02 9.970657632506956247e-01 -7.255148692858158499e-02 -2.876297999999999910e-01 -9.919983076227000263e-01 1.517190894375675114e-02 -1.253362312051111704e-01 2.182940199999999997e+00
-1.236216309177938788e-01 7.865811168247351104e-02 9.892070530661272176e-01 4.627931600000000145e+00 2.373774437350723021e-02 9.968026412826894722e-01 -7.629556883536543765e-02 -2.922182999999999864e-01 -9.920454686461110949e-01 1.404976150692544001e-02 -1.250935343665520172e-01 2.174840899999999966e+00
-1.238469351711685290e-01 7.789894817042250508e-02 9.892389451101539777e-01 4.693976900000000008e+00 2.277564053780996647e-02 9.968743773412925835e-01 -7.564883342459849391e-02 -2.976558000000000259e-01 -9.920399220025375442e-01 1.316167445092040339e-02 -1.252340348261891112e-01 2.167202200000000190e+00
-1.231540812308376809e-01 7.408793557713669320e-02 9.896181334626534820e-01 4.760557699999999670e+00 2.217974437159537376e-02 9.971657251731734783e-01 -7.189280547780620145e-02 -3.031666000000000083e-01 -9.921396732395086904e-01 1.309558481997045651e-02 -1.244482801907043079e-01 2.158667599999999798e+00
-1.223905030775231245e-01 7.286287801640586870e-02 9.898038016514167925e-01 4.827583299999999689e+00 2.265407465351910316e-02 9.972467502923686444e-01 -7.060957394647728036e-02 -3.086360000000000214e-01 -9.922234413971602329e-01 1.378114793754929568e-02 -1.237041725387619806e-01 2.150574199999999880e+00
-1.216574750637453989e-01 7.337004199082680644e-02 9.898567046291998350e-01 4.894157899999999728e+00 2.411727515264263516e-02 9.971883197319929559e-01 -7.094936243051290503e-02 -3.139678000000000191e-01 -9.922791017653885826e-01 1.524112621655178065e-02 -1.230848986323068717e-01 2.142655400000000210e+00
-1.206088698767507211e-01 7.373011657650477280e-02 9.899582670075884883e-01 4.961909300000000300e+00 2.642077676753461918e-02 9.971231485474285616e-01 -7.104483926269994365e-02 -3.188843000000000094e-01 -9.923484484101604552e-01 1.758682860773327222e-02 -1.222099030253649410e-01 2.134475500000000192e+00
-1.191502009038245130e-01 7.297121597601491372e-02 9.901911084551102693e-01 5.028891999999999918e+00 2.623871474948807209e-02 9.971787120108779323e-01 -7.032884302063749371e-02 -3.241974000000000244e-01 -9.925294753672926351e-01 1.760164626699054630e-02 -1.207287147940310224e-01 2.125718800000000019e+00
-1.178912892987480782e-01 7.348380103674384545e-02 9.903038800755409321e-01 5.096478900000000145e+00 2.750717648699590318e-02 9.971172333313239600e-01 -7.071476674216956027e-02 -3.294721999999999928e-01 -9.926454549078399525e-01 1.890380858130013414e-02 -1.195727681034833845e-01 2.117788299999999957e+00
-1.166211233082320303e-01 7.195042855001630711e-02 9.905668323893119798e-01 5.163987599999999567e+00 2.765662011060200307e-02 9.972209175644556334e-01 -6.917769102798299041e-02 -3.344385999999999748e-01 -9.927913300197499513e-01 1.932815054200039476e-02 -1.182869292620354340e-01 2.109769800000000028e+00
-1.153675441833302423e-01 7.125049362163478339e-02 9.907641984386499345e-01 5.232319799999999965e+00 2.579048706306609484e-02 9.973027342506639581e-01 -6.871758896526558580e-02 -3.396082000000000267e-01 -9.929880062347968828e-01 1.762451176125884311e-02 -1.168939521918054281e-01 2.101805900000000005e+00
-1.144156281590309049e-01 7.053660338344355796e-02 9.909256539297492949e-01 5.300648699999999991e+00 2.648452158768208747e-02 9.973381555454138292e-01 -6.793506906998333927e-02 -3.445729000000000153e-01 -9.930798729957455162e-01 1.847135827162114247e-02 -1.159791997487283899e-01 2.094376800000000038e+00
-1.122628555897154101e-01 7.150264171788502099e-02 9.911026301459433530e-01 5.369348500000000080e+00 2.461071851006024769e-02 9.973018107679029187e-01 -6.916220625081737072e-02 -3.497201999999999811e-01 -9.933737281553511878e-01 1.662740107250054375e-02 -1.137196805496433205e-01 2.086281099999999888e+00
-1.106575277102263694e-01 7.445554308371578334e-02 9.910657312535681163e-01 5.438101299999999583e+00 2.537572837656457136e-02 9.970764477754597843e-01 -7.207377956531479946e-02 -3.547569999999999890e-01 -9.935345912299277105e-01 1.717350854018233342e-02 -1.122233782863489848e-01 2.078641699999999926e+00
-1.093906161833492485e-01 7.316729867727018999e-02 9.913022947089844550e-01 5.507774799999999971e+00 2.360887916925042199e-02 9.971970853497824638e-01 -7.099713933864094939e-02 -3.600278000000000089e-01 -9.937184278835724527e-01 1.563711527647605390e-02 -1.108114015362647864e-01 2.071088299999999993e+00
-1.090104405992518288e-01 7.164122214566238933e-02 9.914556264048497436e-01 5.577563800000000072e+00 2.007212852851360252e-02 9.973548073518483381e-01 -6.986056046506006201e-02 -3.654999999999999916e-01 -9.938379312024128165e-01 1.228509428670922568e-02 -1.101600788020544730e-01 2.063825599999999927e+00
-1.084370546333243285e-01 7.271526538922706839e-02 9.914403135649790810e-01 5.647127600000000136e+00 1.711608700239474617e-02 9.973099300444976389e-01 -7.127371886162306436e-02 -3.706637999999999877e-01 -9.939559571470840682e-01 9.240866518541692581e-03 -1.093899521793962881e-01 2.056248699999999818e+00
-1.090743870806109989e-01 7.198597647382584674e-02 9.914236215029872401e-01 5.717117299999999958e+00 1.500928520374108371e-02 9.973799324265313349e-01 -7.076716576577427031e-02 -3.761001999999999956e-01 -9.939202681506507098e-01 7.161674661530358088e-03 -1.098690628674905412e-01 2.049144000000000077e+00
-1.102935217428070991e-01 6.947596029910893534e-02 9.914678159184421302e-01 5.787468900000000360e+00 1.202272273967284685e-02 9.975741081694390333e-01 -6.856641195128340693e-02 -3.814115000000000144e-01 -9.938263395581211634e-01 4.357711608721288876e-03 -1.108612517971961919e-01 2.041755399999999998e+00
-1.114876193586925857e-01 6.783044317312197924e-02 9.914482042490517788e-01 5.858331200000000294e+00 1.042560131188329658e-02 9.976927718673551659e-01 -6.708531732741003506e-02 -3.867935000000000123e-01 -9.937111338648758618e-01 2.857261376127864794e-03 -1.119375651441979480e-01 2.034274100000000196e+00
-1.127103919262142928e-01 6.718728364211878912e-02 9.913537393224642891e-01 5.928947899999999827e+00 8.452461689958674917e-03 9.977400055154819203e-01 -6.665911254544236442e-02 -3.918831999999999871e-01 -9.935919300413116328e-01 8.662048023699714383e-04 -1.130235650031505834e-01 2.026513599999999915e+00
-1.143939636973373558e-01 6.722708821158576709e-02 9.911581809581175850e-01 5.999920799999999943e+00 8.707953627955435094e-03 9.977371946424831162e-01 -6.666829809258079109e-02 -3.971307000000000031e-01 -9.933972984728851596e-01 1.004508605986026426e-03 -1.147205227901043623e-01 2.018622399999999928e+00
-1.164627183347316519e-01 6.579720711674816314e-02 9.910132001006447533e-01 6.070604300000000286e+00 8.577738227168847651e-03 9.978326078109368558e-01 -6.524192820672324034e-02 -4.023188999999999793e-01 -9.931580224944019930e-01 9.023995017778396743e-04 -1.167746891674221743e-01 2.010427700000000151e+00
-1.195784624589764089e-01 6.119282504072558193e-02 9.909371470882916144e-01 6.141342200000000418e+00 5.917766237048028427e-03 9.981249517086734357e-01 -6.092258053728479700e-02 -4.072174000000000071e-01 -9.928071168956792425e-01 -1.420894117605889240e-03 -1.197163719012388494e-01 2.002309100000000175e+00
-1.239343107415848549e-01 6.124054511016038815e-02 9.903988500879929990e-01 6.211105800000000343e+00 5.290921384124125382e-03 9.981203242275824561e-01 -6.105591302021943362e-02 -4.121639999999999748e-01 -9.922763187600092127e-01 -2.326800042116543288e-03 -1.240253733300114014e-01 1.994080300000000028e+00
-1.297872108391986690e-01 6.693981673561799628e-02 9.892797080896703621e-01 6.280669200000000174e+00 8.224344304489511481e-05 9.977192645809388472e-01 -6.750009125984036962e-02 -4.172005999999999770e-01 -9.915418665586429592e-01 -8.679286806678291472e-03 -1.294967059115016417e-01 1.985960500000000017e+00
-1.367660827008332358e-01 7.013079364623292511e-02 9.881177614056019243e-01 6.350370899999999708e+00 7.582024379706175932e-04 9.974979312595709802e-01 -7.069159965610727347e-02 -4.223251000000000088e-01 -9.906030808309308489e-01 -8.919019869121573574e-03 -1.364770578992758887e-01 1.976634299999999955e+00
-1.462478620125831907e-01 6.660889361723697222e-02 9.870029473855874702e-01 6.420084499999999750e+00 2.535168770067874888e-03 9.977525275003816807e-01 -6.695869462517452242e-02 -4.274106999999999768e-01 -9.892447299713333919e-01 -7.290346883908307291e-03 -1.460880387514891243e-01 1.967048300000000083e+00
-1.568186912367504626e-01 6.455446821744774411e-02 9.855154076481784653e-01 6.489816700000000438e+00 5.439372243092512743e-03 9.979028597476715667e-01 -6.450035454956846992e-02 -4.328198999999999796e-01 -9.876124297052937262e-01 -4.754276031268201558e-03 -1.568409562296300130e-01 1.955918999999999963e+00
-1.698934948723139216e-01 6.535906051317114107e-02 9.832926286761770607e-01 6.558008700000000246e+00 5.531634794981581116e-03 9.978457196554806341e-01 -6.537064158879518638e-02 -4.381057999999999897e-01 -9.854469044126962229e-01 -5.666831043131811269e-03 -1.698890391089508123e-01 1.944727400000000106e+00
-1.834954751378983506e-01 6.527852608060984163e-02 9.808507147556450034e-01 6.626262200000000213e+00 7.691451310538263697e-03 9.978574792243009028e-01 -6.497147630200175716e-02 -4.433059999999999778e-01 -9.829904639316976445e-01 -4.377806398996830078e-03 -1.836044188751413397e-01 1.931964999999999932e+00
-1.980779682303349110e-01 6.335733842156270057e-02 9.781364762495455834e-01 6.694240999999999886e+00 8.900689376962821892e-03 9.979838931004523239e-01 -6.284048727277431745e-02 -4.483373999999999970e-01 -9.801458545697966374e-01 -3.741227098221194813e-03 -1.982425458609787805e-01 1.918651799999999907e+00
-2.135616591632438499e-01 6.593431018611389804e-02 9.747020490774214174e-01 6.761112200000000350e+00 1.295413555958211532e-02 9.978232651476633963e-01 -6.466004873149805432e-02 -4.533782000000000090e-01 -9.768436968662626008e-01 -1.182484814723543110e-03 -2.139509140487988459e-01 1.904433999999999960e+00
-2.286450722393676416e-01 6.915795146083716927e-02 9.710502606407122039e-01 6.827763599999999933e+00 1.306130632809924391e-02 9.976016269236686052e-01 -6.797349657221560260e-02 -4.586554999999999938e-01 -9.734222276163916332e-01 -2.858620119907687163e-03 -2.289999892431267003e-01 1.889043299999999981e+00
-2.438271307132635624e-01 7.286578427034014205e-02 9.670775086883188765e-01 6.893970500000000001e+00 1.301661104204808461e-02 9.973295501500802906e-01 -7.186331633328926771e-02 -4.641507000000000271e-01 -9.697313536052741823e-01 -4.934154446976792008e-03 -2.441244681607648292e-01 1.872953199999999985e+00
-2.595008850828441349e-01 7.055718912517983110e-02 9.631619664957572491e-01 6.960000499999999590e+00 9.892744163678791197e-03 9.974694296059017917e-01 -7.040504679771819596e-02 -4.696816999999999798e-01 -9.656921995408954684e-01 -8.741857035578642909e-03 -2.595422040467348923e-01 1.855804699999999974e+00
-2.759736088382234720e-01 6.461126894242497087e-02 9.589911110904297820e-01 7.026633699999999649e+00 3.788940052401702091e-03 9.978034337545993449e-01 -6.613585654401325786e-02 -4.751244000000000023e-01 -9.611577452000720223e-01 -1.461819117335064200e-02 -2.756122227491604182e-01 1.838036199999999898e+00
-2.913955241729529466e-01 6.065556325330609400e-02 9.546777210862282814e-01 7.092638499999999624e+00 2.346005849390639386e-04 9.979922356937919181e-01 -6.333594917163905269e-02 -4.800871999999999917e-01 -9.566026309050879028e-01 -1.823184415606614317e-02 -2.908247004711487227e-01 1.818729199999999935e+00
-3.066788160052416057e-01 6.191042203682080303e-02 9.497974539115409121e-01 7.157245600000000429e+00 -2.296167078335808326e-03 9.978313232734851157e-01 -6.578280862834801068e-02 -4.849187999999999832e-01 -9.518102917232883486e-01 -2.235508750840001571e-02 -3.058715721215691241e-01 1.799045800000000028e+00
-3.204402669771553303e-01 6.378273619401035599e-02 9.451189331841863828e-01 7.221501800000000415e+00 -1.824833355127852136e-03 9.976871213678284445e-01 -6.794908270169686126e-02 -4.902020000000000266e-01 -9.472669662153511139e-01 -2.349830675562191232e-02 -3.195827346662882817e-01 1.777218200000000081e+00
-3.345806350113982863e-01 6.603416419106636348e-02 9.400506836521937970e-01 7.284814400000000134e+00 -2.855303611276269193e-04 9.975347410883828037e-01 -7.017377568683426381e-02 -4.953276999999999819e-01 -9.423670819525598041e-01 -2.374719944162989940e-02 -3.337369523605335786e-01 1.755592899999999901e+00
-3.485346794183544206e-01 6.596898823353936070e-02 9.349714807598081823e-01 7.348558899999999561e+00 1.894124146129910757e-03 9.975676305301496294e-01 -6.967951501109977130e-02 -5.005159999999999609e-01 -9.372939717807131643e-01 -2.251477536877007080e-02 -3.478118677584619567e-01 1.732135800000000003e+00
-3.625790903297905765e-01 6.406789582638902636e-02 9.297481960079304608e-01 7.411686900000000300e+00 1.705223154071844327e-03 9.976781434966623952e-01 -6.808387623400861954e-02 -5.056188000000000349e-01 -9.319514448025804088e-01 -2.310036175976361641e-02 -3.618464837703300185e-01 1.708328499999999917e+00
