1.000000000000000000e+00 0.000000000000000000e+00 0.000000000000000000e+00 0.000000000000000000e+00 0.000000000000000000e+00 1.000000000000000000e+00 0.000000000000000000e+00 0.000000000000000000e+00 0.000000000000000000e+00 0.000000000000000000e+00 1.000000000000000000e+00 0.000000000000000000e+00
9.999986318331320900e-01 3.694280807405840735e-04 1.612406511124749985e-03 -5.594000000000000448e-04 -3.729712571236533055e-04 9.999975155030114138e-01 2.197698852403420951e-03 -1.630799999999999958e-03 -1.611590613436539397e-03 -2.198297226868113803e-03 9.999962851255984608e-01 8.360190000000000676e-02
9.999947740430886745e-01 -2.075407481809146649e-04 3.226269261835643803e-03 -7.234000000000000196e-04 1.972582188064139742e-04 9.999949016697547988e-01 3.187118399512825669e-03 -2.878900000000000209e-03 -3.226914270186662971e-03 -3.186465335641418609e-03 9.999897166786053671e-01 1.668174000000000046e-01
9.999862323194390612e-01 3.231355714515462955e-04 5.237437825427679501e-03 -4.477999999999999884e-04 -3.440607753122297096e-04 9.999919611473067071e-01 3.994904622927089761e-03 -4.354399999999999590e-03 -5.236104826648287254e-03 -3.996651619275236496e-03 9.999783047556973781e-01 2.485623000000000138e-01
9.999627769862783344e-01 -9.894659577689325777e-05 8.627563471910442566e-03 -2.677000000000000018e-04 6.945159673042479453e-05 9.999941530418101632e-01 3.418926537444107096e-03 -5.680100000000000426e-03 -8.627851318049634122e-03 -3.418200076635672779e-03 9.999569371177289279e-01 3.295910000000000228e-01
9.999256583771705120e-01 -5.932193818304321541e-04 1.217890839718878924e-02 4.205999999999999778e-04 5.739585623206113624e-04 9.999985792925348838e-01 1.584924124565381806e-03 -6.821999999999999939e-03 -1.217983130223213549e-02 -1.577816109979615156e-03 9.999245782586666520e-01 4.094914000000000054e-01
9.998780081327032221e-01 -4.958984279805589120e-04 1.561162827276529018e-02 1.209400000000000015e-03 5.024710797099191063e-04 9.999997867791887707e-01 -4.170903871256108710e-04 -7.904599999999999474e-03 -1.561141810957394384e-02 4.248838972047001600e-04 9.998780441125216800e-01 4.888062000000000240e-01
9.998001928114156334e-01 -8.315027406930094718e-05 1.998918558341127028e-02 2.052099999999999844e-03 7.604175992822081347e-05 9.999999336062491695e-01 3.563778164428902978e-04 -9.433900000000000272e-03 -1.998921388916737041e-02 -3.547865967420186476e-04 9.998001327538239558e-01 5.668760999999999939e-01
9.996816327968693905e-01 3.597029186124203900e-04 2.522902420616809221e-02 3.732800000000000094e-03 -3.642394524214053321e-04 9.999999183139798298e-01 1.752188772670349912e-04 -1.087480000000000044e-02 -2.522895911856796319e-02 -1.843524992851248404e-04 9.996816821548495380e-01 6.452495999999999787e-01
9.994932092701208637e-01 2.208612010657987068e-03 3.175604912297490257e-02 5.548599999999999886e-03 -2.187630824510426383e-03 9.999973653223306336e-01 -6.954277625518127991e-04 -1.221619999999999998e-02 -3.175750138613032958e-02 6.256048142823637413e-04 9.994954075553955652e-01 7.221878000000000464e-01
9.992280067516308151e-01 3.295028025027674570e-03 3.914758375017748232e-02 7.892599999999999616e-03 -3.279303053769219885e-03 9.999945145436097693e-01 -4.658907292765685501e-04 -1.369590000000000043e-02 -3.914890413082360715e-02 3.371542738394459017e-04 9.992333309254406437e-01 7.985096999999999889e-01
9.988594971647877241e-01 4.228984314726174677e-03 4.755860190725826747e-02 1.086950000000000069e-02 -4.268591433486636742e-03 9.999906221377390381e-01 7.312754279117576577e-04 -1.517210000000000086e-02 -4.755506335692587933e-02 -9.334496469028271369e-04 9.988681818042235427e-01 8.737141000000000490e-01
9.974408301949359013e-01 8.768837858604246541e-03 7.095701334361975698e-02 1.877859999999999946e-02 -8.889046579169576287e-03 9.999595414628217327e-01 1.378509476476140645e-03 -1.771479999999999930e-02 -7.094205460057156909e-02 -2.005721833378141476e-03 9.974784218061946151e-01 1.021330800000000094e+00
9.962524055032909720e-01 1.092916534507741393e-02 8.580033725904752384e-02 2.395960000000000104e-02 -1.112333097984343454e-02 9.999365402146611626e-01 1.785231482542527174e-03 -1.882769999999999930e-02 -8.577538129801111355e-02 -2.732926708377777115e-03 9.963107522629611745e-01 1.093656399999999973e+00
9.947085756974544113e-01 1.291606408526803709e-02 1.019216597318100131e-01 3.077589999999999840e-02 -1.328156810267228441e-02 9.999075665774601607e-01 2.908307046401883804e-03 -1.964420000000000055e-02 -1.018746748837790900e-01 -4.246597424682714735e-03 9.947881769641399030e-01 1.165769499999999903e+00
9.927416237635003915e-01 1.296045074529102691e-02 1.195662793762839460e-01 3.880469999999999753e-02 -1.352927563076195168e-02 9.999006855633069124e-01 3.946860896419338884e-03 -2.097950000000000162e-02 -1.195032516223536456e-01 -5.535858244906432211e-03 9.928183756987865038e-01 1.236841099999999916e+00
9.902735425787820844e-01 1.259578377917450372e-02 1.385628272642312198e-01 4.798979999999999912e-02 -1.311262915275201481e-02 9.999100555054662998e-01 2.817774965747336588e-03 -2.182960000000000109e-02 -1.385148722165648605e-01 -4.607290965793120821e-03 9.903496367671293932e-01 1.306511299999999931e+00
9.872760062380806501e-01 1.186394743952081006e-02 1.585728042816222372e-01 5.865139999999999937e-02 -1.230836894472080688e-02 9.999225913871645499e-01 1.820793095953814576e-03 -2.258260000000000128e-02 -1.585389275872207127e-01 -3.749397915656362164e-03 9.873456084141783995e-01 1.375521299999999947e+00
9.837062830122427215e-01 9.458276511207100792e-03 1.795340908230939059e-01 7.062899999999999734e-02 -9.910327068360954075e-03 9.999495773764141004e-01 1.621148398211225269e-03 -2.350889999999999924e-02 -1.795097049733955230e-01 -3.373975424993297043e-03 9.837504165743443663e-01 1.443680800000000097e+00
9.745319872642325132e-01 -1.134747691663645598e-03 2.242456647217559995e-01 9.981919999999999682e-02 -1.554611011713195531e-05 9.999868527169843979e-01 5.127782317789928053e-03 -2.532409999999999869e-02 -2.242485352396853537e-01 -5.000674040211264097e-03 9.745191571754754367e-01 1.577173799999999959e+00
9.687281091884246687e-01 -6.237075087623648699e-03 2.480462645608091932e-01 1.164812999999999960e-01 5.279397757632259790e-03 9.999758219718131169e-01 4.525862471782778063e-03 -2.621729999999999894e-02 -2.480684954353057359e-01 -3.074795301825586618e-03 9.687376152531269602e-01 1.641999599999999893e+00
9.541208817158047806e-01 -1.579798403440774157e-02 2.990046266770867711e-01 1.546289000000000136e-01 1.549281958342711013e-02 9.998742283569731493e-01 3.391166304228843652e-03 -2.784879999999999994e-02 -2.990205939650491529e-01 1.396842151482330721e-03 9.542456356812920593e-01 1.767702300000000060e+00
9.451303112148202734e-01 -1.813408671208411801e-02 3.261898982526829083e-01 1.756054999999999977e-01 1.714100030513642306e-02 9.998355639261993222e-01 5.918717506207831283e-03 -2.854519999999999974e-02 -3.262435914029827022e-01 -2.738173153155835232e-06 9.452857340830792543e-01 1.829154299999999900e+00
9.237211630377751836e-01 -2.568424502905176238e-02 3.822035223718216468e-01 2.226680000000000048e-01 2.427403336441334714e-02 9.996691040232891234e-01 8.511977766516243271e-03 -3.012540000000000009e-02 -3.822956764866211055e-01 1.414927051811832020e-03 9.240389676420983633e-01 1.947506200000000076e+00
8.979163204650624230e-01 -2.604613978141991776e-02 4.393949021608807293e-01 2.751813000000000176e-01 2.921790488461328827e-02 9.995729620213980038e-01 -4.556642650340898826e-04 -3.159939999999999971e-02 -4.391953955549134925e-01 1.324734683834739857e-02 8.982938897293621938e-01 2.059171399999999874e+00
8.674122765116957234e-01 -2.836634447328108613e-02 4.967809306505440725e-01 3.345459000000000072e-01 3.250713148604916780e-02 9.994714553062841178e-01 3.105325863629057950e-04 -3.285679999999999851e-02 -4.965271684000244212e-01 1.587956325475099739e-02 8.678759188452529472e-01 2.166206400000000087e+00
8.494108148784965673e-01 -2.752465055619318646e-02 5.270139098536278377e-01 3.671186000000000171e-01 2.862715722291128001e-02 9.995717555926681985e-01 6.065582472099559884e-03 -3.370039999999999841e-02 -5.269551721321111826e-01 9.934738705702182704e-03 8.498350119464757046e-01 2.218895700000000026e+00
8.079358550197730526e-01 -2.105690975124145312e-02 5.888940997541036726e-01 4.362711000000000228e-01 2.248044167385354966e-02 9.997352498582520175e-01 4.905092558439926032e-03 -3.484759999999999941e-02 -5.888414760490436883e-01 9.275599311444336290e-03 8.081953225191277346e-01 2.318839800000000118e+00
7.627890394748942926e-01 -1.179783187648988062e-02 6.465397840968351018e-01 5.111111000000000404e-01 1.893436262730088457e-02 9.998123445720473734e-01 -4.094576076159135367e-03 -3.602799999999999753e-02 -6.463701502768101070e-01 1.536511647725660561e-02 7.628692823982194948e-01 2.411704299999999801e+00
7.392933688481604371e-01 -1.453494498030677429e-02 6.732265964380469425e-01 5.516351000000000449e-01 2.038046035290703301e-02 9.997919807663110392e-01 -7.950038866832006765e-04 -3.698769999999999836e-02 -6.730749970196049370e-01 1.430840905886156603e-02 7.394358104780043295e-01 2.455779099999999993e+00
7.142760309263486151e-01 -1.457954389647199769e-02 6.997122183754351799e-01 5.929391000000000522e-01 2.041827527670224060e-02 9.997915252246788453e-01 -1.111913364701920537e-05 -3.806699999999999667e-02 -6.995661839160227657e-01 1.429485881991036239e-02 7.144248115319709047e-01 2.498239499999999946e+00
6.888136120432618581e-01 -1.270285770314488402e-02 7.248271830375074831e-01 6.357492000000000143e-01 2.100463869651067808e-02 9.997764018376431583e-01 -2.439565904925383201e-03 -3.920880000000000198e-02 -7.246341235528062086e-01 1.690513929990170028e-02 6.889264135218704510e-01 2.538613600000000137e+00
6.623175565519255903e-01 -1.003137308215727545e-02 7.491560757526923853e-01 6.794940000000000424e-01 2.079097242400131107e-02 9.997713725062973289e-01 -4.993814427752062135e-03 -3.998499999999999971e-02 -7.489347032610730315e-01 1.888317428190975852e-02 6.623746945500617045e-01 2.577392099999999964e+00
6.068954929731875669e-01 -6.130312306800754681e-03 7.947580008278324337e-01 7.716072000000000486e-01 1.925280771900345078e-02 9.997902121357056249e-01 -6.990072429949151754e-03 -4.180199999999999888e-02 -7.945484189171651002e-01 1.954356642637011809e-02 6.068861993879670624e-01 2.650714900000000096e+00
5.478983114624215167e-01 9.812028398878834892e-03 8.364873964354315738e-01 8.687255000000000393e-01 1.681777199563272429e-02 9.995999254674525769e-01 -2.274096635075759099e-02 -4.444320000000000215e-02 -8.363758741389724083e-01 2.652759137507535586e-02 5.475140948451525658e-01 2.717242999999999853e+00
4.851302707554426275e-01 2.320266998826263360e-02 8.741340037443723343e-01 9.724009999999999598e-01 1.337705109538355613e-02 9.993340049994821062e-01 -3.394997725605368444e-02 -4.810500000000000193e-02 -8.743395649864771357e-01 2.816349689067111639e-02 4.844967931185373278e-01 2.777405700000000088e+00
4.193801596797566145e-01 2.144215928182216166e-02 9.075574447230956299e-01 1.082551100000000099e+00 6.987478493905322115e-03 9.996151587711945563e-01 -2.684603321045156074e-02 -5.271889999999999910e-02 -9.077838161210405321e-01 1.760023182155352403e-02 4.190689382769241522e-01 2.831439299999999992e+00
3.496754915545590148e-01 2.562498946619647111e-02 9.365203737884909563e-01 1.196589799999999926e+00 -3.862691289390585841e-03 9.996568095682546451e-01 -2.591028173951631652e-02 -5.676219999999999877e-02 -9.368629196537133774e-01 5.442701413412860678e-03 3.496544676952434427e-01 2.878004999999999924e+00
3.135627506189018754e-01 2.790494394394626987e-02 9.491573713182621663e-01 1.254959500000000006e+00 -9.300322652869777093e-03 9.996104153825391414e-01 -2.631580242554124038e-02 -5.864479999999999693e-02 -9.495219351983716916e-01 -5.758144083132903102e-04 3.137001163769409517e-01 2.898469899999999821e+00
2.407998975546899179e-01 2.673270575692518816e-02 9.702065613984295345e-01 1.375880999999999910e+00 -1.263071817869917610e-02 9.996222775873444544e-01 -2.440834097968128460e-02 -6.295389999999999320e-02 -9.704925936327083447e-01 -6.376879644761166560e-03 2.410465953089881985e-01 2.932261700000000193e+00
2.050343703949460694e-01 2.602464942013711646e-02 9.784087206169551632e-01 1.437845500000000110e+00 -1.174178686517776682e-02 9.996399013894071706e-01 -2.412877931825874525e-02 -6.517040000000000333e-02 -9.786843400187625885e-01 -6.541037588597767294e-03 2.052661136897753202e-01 2.945210499999999954e+00
1.697341049696332038e-01 2.475746517147795617e-02 9.851788677841399888e-01 1.500572900000000098e+00 -9.555645174741625447e-03 9.996787430434848076e-01 -2.347552666699220456e-02 -6.703019999999999812e-02 -9.854435667532928100e-01 -5.429422186686266860e-03 1.699161502602585250e-01 2.955910400000000049e+00
1.352461329092198294e-01 2.398333340441008432e-02 9.905217227562019833e-01 1.564068699999999978e+00 -1.189363081653753776e-03 9.997102077762887173e-01 -2.404341663220028666e-02 -6.921140000000000625e-02 -9.908113185408014001e-01 2.073689152807998981e-03 1.352354645229418839e-01 2.964146599999999854e+00
6.872843015832899582e-02 3.240977043463248025e-02 9.971088253888573671e-01 1.692168600000000023e+00 1.977114612936523019e-03 9.994657838949840833e-01 -3.262265839860670202e-02 -7.377179999999999849e-02 -9.976334466655474298e-01 4.213502528691955712e-03 6.862763649333769589e-02 2.975396200000000047e+00
3.982548064309440750e-02 3.631279398346397291e-02 9.985465998563417545e-01 1.756284699999999921e+00 9.076544398580738485e-03 9.992850469632812427e-01 -3.670165197063222917e-02 -7.649549999999999406e-02 -9.991654254593317352e-01 1.052501347777392605e-02 3.946741260794239814e-02 2.977313000000000098e+00
1.389906177398117851e-02 3.434362271036158626e-02 9.993134301413804099e-01 1.821617499999999890e+00 1.088909732779023802e-02 9.993455064745229155e-01 -3.449617730365237001e-02 -7.943340000000000123e-02 -9.998441096696970565e-01 1.136108570108707722e-02 1.351599387775781480e-02 2.978502300000000158e+00
-8.052249839824250979e-03 3.151126135416598001e-02 9.994709608990079985e-01 1.887821799999999994e+00 1.247142808564691112e-02 9.994287916496530366e-01 -3.140945563391669970e-02 -8.200499999999999456e-02 -9.998898063056855801e-01 1.221191342844722173e-02 -8.440640757343187417e-03 2.977808000000000010e+00
-2.694304749722750345e-02 2.878429513799441244e-02 9.992224659929194175e-01 1.953899599999999959e+00 1.266788877996220461e-02 9.995149108895150514e-01 -2.845114239153157670e-02 -8.481170000000000375e-02 -9.995567001353253822e-01 1.189147858483244856e-02 -2.729461396770105353e-02 2.976122900000000016e+00
-4.338323770155117637e-02 3.208780071643836662e-02 9.985430725470549884e-01 2.020317799999999941e+00 1.396388544520063210e-02 9.994059248105835458e-01 -3.150884569094116600e-02 -8.736839999999999884e-02 -9.989609124434271070e-01 1.257658533483414776e-02 -4.380553516978891171e-02 2.973179299999999969e+00
-5.747975595101631474e-02 3.637820834447326457e-02 9.976836691123381895e-01 2.086455799999999972e+00 1.716219883878300836e-02 9.992242328499297832e-01 -3.544561209074300473e-02 -9.021079999999999377e-02 -9.981991467572136623e-01 1.508504037500223854e-02 -5.805949508956198546e-02 2.968886100000000194e+00
-7.845653155342399709e-02 4.512580505383001483e-02 9.958956945257120275e-01 2.220190500000000178e+00 2.634430848713316398e-02 9.987199833441269270e-01 -4.317837745262723126e-02 -9.619830000000000048e-02 -9.965693904926749003e-01 2.284855766455539186e-02 -7.954491401534191652e-02 2.958684900000000173e+00
-8.420379581233762567e-02 5.070426247378862633e-02 9.951576752142259341e-01 2.286868800000000146e+00 3.039493701595697567e-02 9.983704878819312789e-01 -4.829613576871931435e-02 -9.963969999999999771e-02 -9.959848736675620540e-01 2.618103690428838504e-02 -8.560773757100537118e-02 2.952671099999999882e+00
-8.768744746275629331e-02 5.523664850334378956e-02 9.946154152332369325e-01 2.353956499999999785e+00 3.222469958948715602e-02 9.980961729684054706e-01 -5.258895551529983725e-02 -1.038088000000000066e-01 -9.956266771706319130e-01 2.743979168909500832e-02 -8.930049013429552929e-02 2.946456700000000151e+00
-9.047024146790033639e-02 5.937634524417226972e-02 9.941275496807163714e-01 2.421860500000000194e+00 3.440167960058517632e-02 9.978116816530032684e-01 -5.646567450641433450e-02 -1.078829000000000038e-01 -9.953048075084330870e-01 2.909119423898766377e-02 -9.231490978358269928e-02 2.940093800000000090e+00
-9.270709934752412174e-02 6.222492543991942071e-02 9.937471772964010519e-01 2.490400300000000122e+00 3.491070361086298646e-02 9.976348222141552258e-01 -5.921152150658987035e-02 -1.123973999999999945e-01 -9.950812210588453333e-01 2.920308476389687699e-02 -9.466014650479837034e-02 2.933014200000000127e+00
-9.528208947750968494e-02 6.584244942690187230e-02 9.932704039073478874e-01 2.558082100000000025e+00 3.609769264304096836e-02 9.973823994707553542e-01 -6.265226102709314793e-02 -1.168523000000000062e-01 -9.947955971005544296e-01 2.988513141052481087e-02 -9.740943953194314275e-02 2.926560600000000179e+00
-9.720904169048849575e-02 6.953526033934112616e-02 9.928319343087012028e-01 2.625965599999999789e+00 3.721111587147625521e-02 9.971128273319230795e-01 -6.619170964507713195e-02 -1.217320999999999959e-01 -9.945681148464476928e-01 3.050995148600997228e-02 -9.951586703187020877e-02 2.919767100000000060e+00
-9.923183331708153310e-02 7.094782973492348710e-02 9.925318376316374369e-01 2.694393199999999933e+00 3.992815387778848174e-02 9.969355052050751231e-01 -6.727065474196919359e-02 -1.267235999999999918e-01 -9.942629359402082034e-01 3.295457354307416292e-02 -1.017605537433416973e-01 2.912707600000000063e+00
-1.009451825513314749e-01 6.966002038493795956e-02 9.924502766787103303e-01 2.763316199999999778e+00 4.007177834381789316e-02 9.970209536560264985e-01 -6.590501157872166726e-02 -1.319015000000000049e-01 -9.940846657604384129e-01 3.311645407946835901e-02 -1.034358630706012638e-01 2.905131599999999814e+00
-1.034979644516733910e-01 6.908710768298921556e-02 9.922273645220428540e-01 2.831605199999999822e+00 3.935402141423972877e-02 9.970880016721619388e-01 -6.532057807415966866e-02 -1.371227999999999891e-01 -9.938508099070441082e-01 3.228759008371299977e-02 -1.059154340674597350e-01 2.898504500000000039e+00
-1.056057401630861314e-01 7.018866673029806880e-02 9.919279100354170264e-01 2.900961399999999912e+00 3.926789019424650057e-02 9.970221954166057499e-01 -6.636847629970357709e-02 -1.423063999999999996e-01 -9.936324574229145057e-01 3.194202418875274896e-02 -1.080474277640416370e-01 2.890848399999999874e+00
-1.083167013965591063e-01 7.248791022642228632e-02 9.914701180921061674e-01 2.970009600000000027e+00 3.736356312780378386e-02 9.969301932312052417e-01 -6.880518857169455604e-02 -1.469150999999999929e-01 -9.934140407448264209e-01 2.959210528161130074e-02 -1.106925966631858715e-01 2.883656999999999915e+00
-1.107368215277516471e-01 7.479095131156966725e-02 9.910316190515017221e-01 3.040065999999999935e+00 3.590161732649718718e-02 9.968146204578129943e-01 -7.121577293611192072e-02 -1.522235000000000116e-01 -9.932011026127952613e-01 2.769342960805883797e-02 -1.130691988353630384e-01 2.875784400000000129e+00
-1.153457254045246599e-01 8.206784857224325158e-02 9.899294075143072469e-01 3.179088099999999972e+00 3.049729777686881887e-02 9.964039544485786548e-01 -7.905108720026440827e-02 -1.639168000000000014e-01 -9.928571289260166299e-01 2.107196692191231485e-02 -1.174337845376228762e-01 2.860205899999999968e+00
-1.206633315783903898e-01 8.248121095568057559e-02 9.892609414364280651e-01 3.319476400000000105e+00 2.645110260485353595e-02 9.964554978702029331e-01 -7.985474272222944925e-02 -1.761793000000000109e-01 -9.923410198028653761e-01 1.653150336570953505e-02 -1.224173591165836905e-01 2.843792399999999887e+00
-1.234391729004750138e-01 7.873637316975654055e-02 9.892236117954925634e-01 3.390700299999999778e+00 2.330280742284174603e-02 9.968024681800929931e-01 -7.643179048202744519e-02 -1.818703000000000125e-01 -9.920784997971986430e-01 1.361701032339445588e-02 -1.248792507584506328e-01 2.835135900000000042e+00
-1.257617694487458970e-01 7.686300753822281062e-02 9.890783868922118360e-01 3.461922899999999803e+00 2.359148056379111597e-02 9.969438196311469769e-01 -7.447457649471710128e-02 -1.880462999999999996e-01 -9.917799248774544774e-01 1.396776902151190825e-02 -1.271907309462169122e-01 2.826063899999999851e+00
-1.272492526932182122e-01 7.750527088244102414e-02 9.888379850483378641e-01 3.532558900000000168e+00 2.323871172121640474e-02 9.969016594302344547e-01 -7.514681432225212010e-02 -1.934847000000000095e-01 -9.915985024023360461e-01 1.341694490874421539e-02 -1.286561138180383201e-01 2.816776799999999970e+00
-1.292518346573189314e-01 8.294507141373237691e-02 9.881366698822020567e-01 3.675027399999999833e+00 2.525315249264313555e-02 9.964476121044778534e-01 -8.033949601825592091e-02 -2.055224999999999969e-01 -9.912901903715685137e-01 1.456953875230386497e-02 -1.308873065413324044e-01 2.798415400000000108e+00
-1.297960742942106949e-01 8.264555227714899532e-02 9.880904269279289220e-01 3.818520499999999984e+00 2.080880513739595539e-02 9.965278526767327172e-01 -8.061781731263850670e-02 -2.176585000000000047e-01 -9.913223354321063496e-01 1.009710494672131503e-02 -1.310651583950871446e-01 2.780915499999999874e+00
-1.301021438355053350e-01 8.180611656882835758e-02 9.881200288736855519e-01 3.891089899999999879e+00 1.699504369793149866e-02 9.966280366449133954e-01 -8.027281646367373513e-02 -2.239713000000000120e-01 -9.913549317268317562e-01 6.349477555871618772e-03 -1.310537426999190957e-01 2.772062800000000049e+00
-1.294551130420330265e-01 8.256107407546395272e-02 9.881422178789756039e-01 3.963971599999999817e+00 1.332370583567873273e-02 9.965825827404471982e-01 -8.152076202529046078e-02 -2.305327000000000071e-01 -9.914957652809615052e-01 2.612436771578012518e-03 -1.301127303688449643e-01 2.762139299999999853e+00
-1.304049405675104800e-01 8.215938088225316349e-02 9.880508021395604246e-01 4.109771300000000238e+00 5.586078119172666057e-03 9.966056826618702180e-01 -8.213348292453058475e-02 -2.430994999999999961e-01 -9.914450802776875182e-01 -5.191282992913257011e-03 -1.304212535365955050e-01 2.744529700000000183e+00
-1.308577444147011604e-01 7.743719641518503893e-02 9.883722635414514679e-01 4.183156499999999944e+00 5.943025700806521538e-03 9.969881960615532002e-01 -7.732539918713340898e-02 -2.491713000000000122e-01 -9.913833421902024101e-01 -4.244705559403497142e-03 -1.309238377931905006e-01 2.735249000000000041e+00
-1.311036870481788463e-01 6.872892030395698348e-02 9.889833966029083490e-01 4.257818699999999623e+00 9.036155944488460240e-03 9.976353720153091631e-01 -6.813231531088957682e-02 -2.550346000000000002e-01 -9.913274792560328175e-01 4.210453827035998131e-06 -1.314147208426514890e-01 2.725736599999999843e+00
-1.311035203066094057e-01 6.360132456101080800e-02 9.893264064388959111e-01 4.331703199999999754e+00 1.436418892162694833e-02 9.979570517457617695e-01 -6.225265414045232093e-02 -2.605994999999999839e-01 -9.912646150447611548e-01 6.049329300999464060e-03 -1.317492640403346016e-01 2.715492499999999865e+00
-1.301437115710118164e-01 6.578555903038932340e-02 9.893103024640855780e-01 4.405108499999999871e+00 2.324598966663273675e-02 9.977245965984362641e-01 -6.328707061403895939e-02 -2.658302000000000165e-01 -9.912225977563969836e-01 1.476108280400570058e-02 -1.313768325524451441e-01 2.705307499999999976e+00
-1.290017814856770084e-01 7.160934336058544236e-02 9.890554293450833923e-01 4.479340599999999561e+00 2.879332991640570424e-02 9.972392082967271865e-01 -6.844637015972319938e-02 -2.709912999999999905e-01 -9.912262529442238401e-01 1.964849559591290082e-02 -1.307075058861224548e-01 2.695095300000000194e+00
-1.277598997047684759e-01 7.712639000137380685e-02 9.888017637488234479e-01 4.553913099999999936e+00 3.226530147786993430e-02 9.967673296623925649e-01 -7.357880699117982926e-02 -2.766256999999999744e-01 -9.912801613812162183e-01 2.250356600761567807e-02 -1.298354002919512862e-01 2.684790099999999846e+00
-1.270078062228408300e-01 8.184935876073312633e-02 9.885189424734959207e-01 4.628580999999999612e+00 3.336120492866778003e-02 9.963782599889069447e-01 -7.821376494700742199e-02 -2.824514000000000191e-01 -9.913405303749913688e-01 2.304442431337992356e-02 -1.292784102002192403e-01 2.674985200000000063e+00
-1.266140374707231953e-01 7.932378587491918653e-02 9.887753144723189225e-01 4.704395299999999835e+00 2.984028834320694504e-02 9.966509385146757882e-01 -7.613451220970882116e-02 -2.879687000000000219e-01 -9.915031228931946439e-01 1.986564250876384288e-02 -1.285570439173109314e-01 2.665017399999999981e+00
-1.259375228322392459e-01 7.460419511200193365e-02 9.892289696599920745e-01 4.779602500000000198e+00 2.924212970517248156e-02 9.970141147772071388e-01 -7.146854402692034980e-02 -2.941887999999999725e-01 -9.916070987004808046e-01 1.992659044373444946e-02 -1.277430733938345053e-01 2.655191700000000044e+00
-1.259955675702680300e-01 7.273206932496328880e-02 9.893609872257723703e-01 4.855339500000000363e+00 2.659452531758104213e-02 9.971979407254552008e-01 -6.992137181180123340e-02 -2.997743999999999964e-01 -9.916742651575559675e-01 1.750180289628314526e-02 -1.275767953806690169e-01 2.645884300000000078e+00
-1.259928373883358044e-01 7.362849837874842207e-02 9.892950263461992577e-01 4.930736099999999844e+00 2.537801112096861600e-02 9.971547500259534402e-01 -7.098141342789882069e-02 -3.051807000000000270e-01 -9.917064895816607439e-01 1.616319050091729811e-02 -1.275029011217027053e-01 2.636836499999999806e+00
-1.253707660580004324e-01 7.885119494715146782e-02 9.889715163104730866e-01 5.006552199999999786e+00 2.648005399279150171e-02 9.967474184193271247e-01 -7.611432595080663832e-02 -3.112660999999999900e-01 -9.917565113265296439e-01 1.664550779679323245e-02 -1.270509713131620089e-01 2.626694000000000084e+00
-1.246935636986659518e-01 8.155514221419178644e-02 9.888378400681019365e-01 5.082154300000000013e+00 2.604504964229223049e-02 9.965417523284267887e-01 -7.890621810300560424e-02 -3.172007000000000021e-01 -9.918534017490976407e-01 1.591523309950276799e-02 -1.263864501998976930e-01 2.617021999999999959e+00
-1.246083041356659815e-01 8.068687657040111982e-02 9.889198139837962476e-01 5.158613700000000080e+00 2.613080188604527052e-02 9.966091520171437290e-01 -7.802165922653714336e-02 -3.231916000000000233e-01 -9.918618612151721692e-01 1.611912109832568801e-02 -1.262941891054053523e-01 2.608114000000000043e+00
-1.242151384784262735e-01 7.403322363520875582e-02 9.894896063986543533e-01 5.236283300000000196e+00 2.779401046334255970e-02 9.970810207806131142e-01 -7.111210151200847429e-02 -3.294656000000000251e-01 -9.918659649141855494e-01 1.866868493680686261e-02 -1.259102372628264632e-01 2.598442100000000199e+00
-1.246409088505072149e-01 7.219544627734994502e-02 9.895718576120350329e-01 5.312843799999999561e+00 2.734545668780659008e-02 9.972203690989244196e-01 -6.930917293360379372e-02 -3.356712000000000029e-01 -9.918250197688375236e-01 1.842153606568085536e-02 -1.262686705779623164e-01 2.588893199999999784e+00
-1.243699181784653218e-01 7.512408967125978887e-02 9.893879393864402072e-01 5.390198200000000384e+00 2.482789578033884823e-02 9.970531442223734553e-01 -7.258514439883331781e-02 -3.415668000000000037e-01 -9.919252487175647115e-01 1.553701217555576025e-02 -1.258685910354691018e-01 2.579478500000000007e+00
-1.238973119496605546e-01 7.871415027387344832e-02 9.891681043373319326e-01 5.467701400000000156e+00 2.403691607466526894e-02 9.967943446042454303e-01 -7.631029570518102489e-02 -3.471067999999999931e-01 -9.920038723499360334e-01 1.432191019573652441e-02 -1.253921852871113796e-01 2.569873100000000132e+00
-1.241289474625019013e-01 7.813159305838961177e-02 9.891852498738593624e-01 5.545982399999999757e+00 2.329766079356484013e-02 9.968498078203563706e-01 -7.581345296229753672e-02 -3.533304999999999918e-01 -9.919925520906895944e-01 1.363505829385097332e-02 -1.255582007752733542e-01 2.560677800000000115e+00
-1.238728539801486617e-01 7.433412572022070341e-02 9.895099563926699204e-01 5.624081600000000236e+00 2.262554119746490108e-02 9.971425498942949606e-01 -7.207510024845759089e-02 -3.598418999999999923e-01 -9.920401206263458338e-01 1.346004991498228956e-02 -1.252007433043095253e-01 2.551056899999999850e+00
-1.228370685781826899e-01 7.312281108947732422e-02 9.897293110146283546e-01 5.702552299999999796e+00 2.309407780227547974e-02 9.972224343981869188e-01 -7.081016807928350310e-02 -3.662386000000000252e-01 -9.921581114689235203e-01 1.415877223937673374e-02 -1.241845844502937890e-01 2.541224000000000149e+00
-1.221572448401525707e-01 7.364382837475438870e-02 9.897748198834784850e-01 5.780937699999999957e+00 2.449613796615249597e-02 9.971633423345994673e-01 -7.117027419389099219e-02 -3.723272000000000248e-01 -9.922084190117547164e-01 1.555169593324548516e-02 -1.236147159354161751e-01 2.532062999999999953e+00
-1.211464528541687791e-01 7.389929267182224204e-02 9.898800086391568165e-01 5.860516099999999895e+00 2.672787466801775785e-02 9.971062045447300903e-01 -7.116767225456725743e-02 -3.783967999999999776e-01 -9.922747390096069431e-01 1.783567775575485223e-02 -1.227710508320649652e-01 2.522457800000000194e+00
-1.196678410346704996e-01 7.325416098466940029e-02 9.901077899504340252e-01 5.939437400000000089e+00 2.656129908131268924e-02 9.971534769166765511e-01 -7.056515332723299616e-02 -3.845684999999999798e-01 -9.924586163731028421e-01 1.785416958066053314e-02 -1.212729294416983183e-01 2.512211600000000100e+00
-1.186173668630110534e-01 7.388064122556646518e-02 9.901876444041227687e-01 6.018237599999999965e+00 2.746379468952024963e-02 9.970906255945211072e-01 -7.110572644153473343e-02 -3.905602000000000240e-01 -9.925601544791823327e-01 1.875993613063809545e-02 -1.203013072939635997e-01 2.503164500000000015e+00
-1.173131397528854591e-01 7.227045367035216106e-02 9.904618159058944382e-01 6.097711999999999577e+00 2.779228376824496860e-02 9.971968192213285231e-01 -6.947008491293432675e-02 -3.965588999999999920e-01 -9.927060069347146687e-01 1.937744206923195864e-02 -1.189928507709108185e-01 2.493628300000000131e+00
-1.162051343421287297e-01 7.141816730495814669e-02 9.906542343983237853e-01 6.177929899999999641e+00 2.590086424091962714e-02 9.972901643839242602e-01 -6.885835646207827399e-02 -4.027403999999999984e-01 -9.928874618928882345e-01 1.765710627158916662e-02 -1.177400297860186074e-01 2.484465800000000169e+00
-1.151345081141359750e-01 7.054839678954938353e-02 9.908415457335952858e-01 6.258280300000000018e+00 2.637219048340475741e-02 9.973403398957068067e-01 -6.794669959477919741e-02 -4.088031999999999777e-01 -9.929997747282841569e-01 1.830765214713372252e-02 -1.166888052147101451e-01 2.475585000000000147e+00
-1.132464927899405477e-01 7.169304832498128721e-02 9.909769617365731253e-01 6.339076500000000003e+00 2.434471876057046902e-02 9.972940460850817646e-01 -6.936800639859394546e-02 -4.145994000000000068e-01 -9.932686275823103816e-01 1.626937199521054020e-02 -1.146854000979845578e-01 2.466288099999999872e+00
-1.114453854186959886e-01 7.439711681610117200e-02 9.909818338790724601e-01 6.419679600000000264e+00 2.524856405826839817e-02 9.970838668614937506e-01 -7.201577922599007586e-02 -4.206832999999999823e-01 -9.934497652533186285e-01 1.699504204120787579e-02 -1.129988162068247259e-01 2.457116399999999867e+00
-1.103656463241494690e-01 7.309626500546376193e-02 9.911994552831953076e-01 6.501587400000000017e+00 2.313825811420464409e-02 9.972105312543706468e-01 -7.096321136205942237e-02 -4.267831000000000263e-01 -9.936216810853577552e-01 1.510272815179068695e-02 -1.117491050500177829e-01 2.448436500000000127e+00
-1.098169979791305539e-01 7.157700614688299046e-02 9.913712519262906087e-01 6.583301500000000139e+00 1.995694509091516453e-02 9.973614421948024944e-01 -6.979881063271708985e-02 -4.332175999999999805e-01 -9.937514514693751577e-01 1.211964579320600616e-02 -1.109556978634147484e-01 2.439775200000000144e+00
-1.095665502119254481e-01 7.276800932880558848e-02 9.913122554941911080e-01 6.665176400000000001e+00 1.709559836088783008e-02 9.973070771087344522e-01 -7.131854222792402553e-02 -4.393359000000000014e-01 -9.938324363751369628e-01 9.132949532097343198e-03 -1.105155086017493016e-01 2.431119400000000041e+00
-1.100552955904898766e-01 7.211279996635477918e-02 9.913059951364675548e-01 6.747648700000000055e+00 1.488574106271607980e-02 9.973722457049244428e-01 -7.090146832421484469e-02 -4.455977999999999883e-01 -9.938139899525983978e-01 6.953242303298308447e-03 -1.108395497824127274e-01 2.422461000000000197e+00
-1.113924986878278428e-01 6.976779039583932973e-02 9.913244507523077953e-01 6.830294600000000216e+00 1.209075129215391592e-02 9.975539188869794183e-01 -6.884760450749924376e-02 -4.515636000000000094e-01 -9.937029359769817827e-01 4.316750689115543549e-03 -1.119635686025345356e-01 2.413840099999999822e+00
-1.126295479056740878e-01 6.807832312559525256e-02 9.913021370192692805e-01 6.913877000000000272e+00 1.067208990405898658e-02 9.976754725295839954e-01 -6.730347695291025167e-02 -4.580043999999999782e-01 -9.935797358217622888e-01 2.998905346669196448e-03 -1.130942754125007221e-01 2.404990399999999973e+00
-1.137410817062649432e-01 6.749525883932788739e-02 9.912150908690311457e-01 6.996802299999999697e+00 8.888268484039361927e-03 9.977188746454848101e-01 -6.691820275159010567e-02 -4.640078000000000258e-01 -9.934706664092529671e-01 1.198837086270436447e-03 -1.140815400228984977e-01 2.395649699999999882e+00
-1.153556129108003064e-01 6.732492311509903626e-02 9.910400785525880218e-01 7.079647500000000093e+00 9.055795247009359311e-03 9.977302855402597759e-01 -6.672533168292182904e-02 -4.702806999999999960e-01 -9.932829783814972613e-01 1.277514499992422892e-03 -1.157034693269154424e-01 2.386134600000000106e+00
-1.175867117173197834e-01 6.597834580818606742e-02 9.908684186671422589e-01 7.162438899999999720e+00 8.710139889326735940e-03 9.978206127154936045e-01 -6.540763184205043712e-02 -4.763740000000000197e-01 -9.930244199870496002e-01 9.395341889830016724e-04 -1.179051253546318234e-01 2.376590699999999945e+00
-1.203995556491167240e-01 6.110933580902971896e-02 9.908428715373970297e-01 7.245118100000000005e+00 6.467881225319063732e-03 9.981306647602724569e-01 -6.077287699024754714e-02 -4.823049999999999837e-01 -9.927044441886773152e-01 -9.083733790862733026e-04 -1.205697364426652207e-01 2.366742400000000135e+00
-1.244902216664049155e-01 6.124919644260920504e-02 9.903285922584404988e-01 7.326471800000000201e+00 6.041460215363936986e-03 9.981212112572139805e-01 -6.097170160737030997e-02 -4.879866999999999955e-01 -9.922024417768361415e-01 -1.607349858212675509e-03 -1.246263654228821904e-01 2.356773599999999913e+00
-1.303245312079683860e-01 6.696417383731118056e-02 9.892074180816224915e-01 7.407481200000000321e+00 6.556896657741798085e-04 9.977221567148588655e-01 -6.745419239241402798e-02 -4.938348000000000182e-01 -9.914711728721544715e-01 -8.142322920210179338e-03 -1.300715800664293820e-01 2.347261899999999901e+00
-1.373193567867257159e-01 7.027341013559015859e-02 9.880308912577556724e-01 7.488993599999999695e+00 1.163712478514780657e-03 9.974909512247713828e-01 -7.078451806693447645e-02 -4.997512000000000065e-01 -9.905261430295250191e-01 -8.570300614095093666e-03 -1.370565938670473827e-01 2.336291999999999813e+00
-1.467211779648023573e-01 6.670698467140953603e-02 9.869260732864794106e-01 7.570232400000000084e+00 3.104552273995593581e-03 9.977496881699391418e-01 -6.697702226859124364e-02 -5.056273000000000017e-01 -9.891730170661748867e-01 -6.762984018735419128e-03 -1.465981048832606382e-01 2.325127600000000072e+00
-1.573048394333855793e-01 6.472824891446993245e-02 9.854265275926475942e-01 7.652306600000000181e+00 6.001522156094372257e-03 9.978938942634401066e-01 -6.458914400699378167e-02 -5.118886999999999743e-01 -9.875318573203836214e-01 -4.246125788609569907e-03 -1.573620068286516460e-01 2.312109500000000040e+00
-1.700103873034157775e-01 6.552206036724554650e-02 9.832615764963935634e-01 7.731821100000000335e+00 6.310439682198579897e-03 9.978390198711107884e-01 -6.540236061242904464e-02 -5.180166999999999966e-01 -9.854220651882924509e-01 -4.914267787972763368e-03 -1.700564712445492566e-01 2.298634799999999867e+00
-1.839264952803013053e-01 6.567342737942194475e-02 9.807436185212445867e-01 7.811495299999999808e+00 8.139248220972023634e-03 9.978330470927805340e-01 -6.529136824982371967e-02 -5.239812000000000358e-01 -9.829063012171110891e-01 -4.026296781966923893e-03 -1.840624675536021160e-01 2.283935300000000002e+00
-1.986051084427518931e-01 6.376790916072896942e-02 9.780028960395320548e-01 7.891499999999999737e+00 9.221879699948240527e-03 9.979585051888808511e-01 -6.319635160334832746e-02 -5.297678000000000109e-01 -9.800362074103398102e-01 -3.532093209891725566e-03 -1.987877171314017533e-01 2.268449100000000218e+00
-2.141701426519589668e-01 6.629834546559329467e-02 9.745438314334374796e-01 7.968810999999999645e+00 1.296807103359557192e-02 9.977990109414170972e-01 -6.503047668591604991e-02 -5.357273999999999647e-01 -9.767102841324580842e-01 -1.289632837166342083e-03 -2.145585181647144957e-01 2.251881399999999811e+00
-2.289507422011213267e-01 6.922005795501659509e-02 9.709738107808365548e-01 8.047583599999999393e+00 1.347308326477355406e-02 9.975983495130967826e-01 -6.794121779954812035e-02 -5.420730999999999744e-01 -9.733447660890235387e-01 -2.473181240689882598e-03 -2.293334901440575724e-01 2.233163600000000137e+00
-2.439437737647756621e-01 7.330603358174918316e-02 9.670148192669598686e-01 8.124934200000000217e+00 1.346515922900878848e-02 9.972989172155044546e-01 -7.220498049109837224e-02 -5.480707000000000217e-01 -9.696958929109358305e-01 -4.592946907369777065e-03 -2.442719388517000656e-01 2.213972599999999957e+00
-2.594540288273450290e-01 7.112585883746685989e-02 9.631327629822858949e-01 8.201864199999999272e+00 1.062389803349100131e-02 9.974341642264352714e-01 -7.079703965905907725e-02 -5.544592000000000409e-01 -9.656970227332346557e-01 -8.136352901953927685e-03 -2.595439462704181022e-01 2.193825700000000101e+00
-2.759144206662059728e-01 6.516436740796921478e-02 9.589707178473965143e-01 8.279516199999999770e+00 4.507924732238158955e-03 9.977759578462498391e-01 -6.650425970272207110e-02 -5.608809999999999629e-01 -9.611716345601550859e-01 -1.402651647123501211e-02 -2.755945314273158253e-01 2.173080699999999865e+00
-2.912823615885216100e-01 6.105334338757636981e-02 9.546868989823898977e-01 8.356453899999999990e+00 8.106038113949200208e-04 9.979767687667856491e-01 -6.357445967734624837e-02 -5.668988999999999834e-01 -9.566367799477889511e-01 -1.774424591252775005e-02 -2.907425200897196804e-01 2.150514100000000095e+00
-3.066007258428916082e-01 6.235920772690679847e-02 9.497933060009866590e-01 8.432392099999999502e+00 -1.415965292085739208e-03 9.978206317230585709e-01 -6.596955320515629495e-02 -5.725253000000000148e-01 -9.518371656722084406e-01 -2.157118725218496944e-02 -3.058442314735191347e-01 2.127225600000000050e+00
-3.204052455715596381e-01 6.438787601696213669e-02 9.450897735306698078e-01 8.507591200000000242e+00 -1.045251222134314928e-03 9.976626398771053505e-01 -6.832396682956874689e-02 -5.784865000000000146e-01 -9.472799934866729110e-01 -2.287921361126065908e-02 -3.195890416212969765e-01 2.101742000000000221e+00
-3.343675363969562664e-01 6.673142662548675608e-02 9.400772666671379785e-01 8.581467599999999862e+00 5.000389083463230300e-04 9.975024645709824611e-01 -7.062990256191817307e-02 -5.844717000000000384e-01 -9.424426245479986530e-01 -2.314627130540022545e-02 -3.335658099382137198e-01 2.076174500000000034e+00
-3.486286708353154573e-01 6.661699299078761849e-02 9.348904888362414844e-01 8.656201400000000490e+00 2.574422196686299014e-03 9.975351846196163219e-01 -7.012080858248223580e-02 -5.906303999999999998e-01 -9.372573937942310085e-01 -2.203932146807744200e-02 -3.479408657908298341e-01 2.048972800000000039e+00
