1.000000000000000000e+00 0.000000000000000000e+00 0.000000000000000000e+00 0.000000000000000000e+00 0.000000000000000000e+00 1.000000000000000000e+00 0.000000000000000000e+00 0.000000000000000000e+00 0.000000000000000000e+00 0.000000000000000000e+00 1.000000000000000000e+00 0.000000000000000000e+00
9.999987272836581287e-01 4.619989723613642007e-04 1.527084808834465067e-03 -3.369000000000000033e-04 -4.652002527671707244e-04 9.999976938328717369e-01 2.096644381610772868e-03 -1.289500000000000065e-03 -1.526112639571965525e-03 -2.097352113416271844e-03 9.999966360415036837e-01 7.223050000000000304e-02
9.999949849769322885e-01 -2.188222760643235548e-04 3.159452135505362233e-03 -3.844000000000000195e-04 2.087766402493512383e-04 9.999949234886343907e-01 3.179529725415777310e-03 -2.401400000000000149e-03 -3.160131848442017215e-03 -3.178854160198980004e-03 9.999899541760050026e-01 1.443580999999999892e-01
9.999860153480172320e-01 3.049107239941233668e-04 5.279785776483665941e-03 -3.165999999999999977e-04 -3.254858782842621904e-04 9.999923554610219423e-01 3.896546991916331054e-03 -3.608399999999999889e-03 -5.278557315991120116e-03 -3.898210995773325818e-03 9.999784701600801240e-01 2.144224000000000130e-01
9.999636084559372362e-01 -1.747795946250549392e-04 8.529432330126901496e-03 1.660000000000000031e-05 1.452170137503715035e-04 9.999939813151729195e-01 3.466445650586903217e-03 -4.820900000000000359e-03 -8.529986858127551475e-03 -3.465080882585302308e-03 9.999576153711102755e-01 2.846396999999999955e-01
9.999249312566250714e-01 -5.149181096187526114e-04 1.224200599469473134e-02 3.894999999999999808e-04 4.974626112886532158e-04 9.999988554280092590e-01 1.428871450474668379e-03 -5.667199999999999842e-03 -1.224272773462372656e-02 -1.422674246620904762e-03 9.999240429230632499e-01 3.534803000000000250e-01
9.998791380754152858e-01 -5.825863233486227883e-04 1.553608170487546548e-02 1.220799999999999967e-03 5.905782483235908799e-04 9.999996956465090348e-01 -5.098276395491331851e-04 -6.613100000000000228e-03 -1.553577995780469449e-02 5.189412927184882058e-04 9.998791778215193604e-01 4.216449999999999920e-01
9.998043270693205420e-01 -1.044561024559999057e-04 1.978121994179799989e-02 2.033500000000000151e-03 9.993389177082075549e-05 9.999999686486016337e-01 2.295996799577794888e-04 -7.876199999999999868e-03 -1.978124330471678696e-02 -2.275779392227606477e-04 9.998043061627616135e-01 4.893440000000000012e-01
9.996847120531479058e-01 5.818105036113258607e-05 2.510922344837190553e-02 3.385899999999999847e-03 -5.900972008506236881e-05 9.999999977385196637e-01 3.226164296481548520e-05 -9.173900000000000457e-03 -2.510922151457161897e-02 -3.373315950488474759e-05 9.996847132256280188e-01 5.567866999999999678e-01
9.995048741706200612e-01 1.852813239841124421e-03 3.140976905791132562e-02 5.080499999999999947e-03 -1.827530929208657021e-03 9.999979826122793458e-01 -8.336078660290484853e-04 -1.024730000000000085e-02 -3.141125021191993466e-02 7.757928008103691635e-04 9.995062438552619888e-01 6.232590999999999548e-01
9.992415190852989015e-01 3.277433380562593326e-03 3.880264123149695932e-02 7.000000000000000146e-03 -3.253727621044335411e-03 9.999944794302927376e-01 -6.740663957634635255e-04 -1.140249999999999944e-02 -3.880463622651740552e-02 5.473019037226401623e-04 9.992466665783548141e-01 6.889783999999999908e-01
9.988823147821386250e-01 4.136865444426851210e-03 4.708510974577000130e-02 9.694899999999999352e-03 -4.161214697130134754e-03 9.999912542753710554e-01 4.191241040004128763e-04 -1.265059999999999969e-02 -4.708296409234327684e-02 -6.145869058750056237e-04 9.988907932177641946e-01 7.542121000000000519e-01
9.983269277259096963e-01 6.273617229008429837e-03 5.748031927721169304e-02 1.291770000000000071e-02 -6.346297726555723447e-03 9.999792766949160416e-01 1.081982383600701113e-03 -1.366359999999999970e-02 -5.747234015169574300e-02 -1.444959368424310591e-03 9.983460533351706800e-01 8.185495999999999883e-01
9.974724069479136146e-01 8.767689400907127326e-03 7.051187843267994748e-02 1.660060000000000008e-02 -8.868350415657243538e-03 9.999600541666103792e-01 1.114644344514145215e-03 -1.480859999999999989e-02 -7.049928892152690363e-02 -1.737151023620634241e-03 9.975103170232777483e-01 8.822596999999999801e-01
9.947490035974303479e-01 1.265183117363172238e-02 1.015595933916316751e-01 2.686320000000000027e-02 -1.298281547918134562e-02 9.999123428473296604e-01 2.598677316993955148e-03 -1.648260000000000003e-02 -1.015178129401592411e-01 -3.903561132895218971e-03 9.948260631217542560e-01 1.007387400000000044e+00
9.927757156805535610e-01 1.277143977297039851e-02 1.193032634972323730e-01 3.365800000000000042e-02 -1.329409340613598237e-02 9.999051992716713189e-01 3.586021470674918745e-03 -1.761450000000000168e-02 -1.192461548037235392e-01 -5.146143760584183900e-03 9.928513845329127729e-01 1.068546699999999960e+00
9.902988583529124256e-01 1.254922434004060797e-02 1.383860112633554518e-01 4.148670000000000135e-02 -1.303007223533688211e-02 9.999118041995561645e-01 2.569248903911838713e-03 -1.837130000000000013e-02 -1.383415641174412791e-01 -4.347503979490030708e-03 9.903750354520696186e-01 1.129015000000000102e+00
9.872975711597663517e-01 1.177384176047707384e-02 1.584452038788973782e-01 5.064740000000000214e-02 -1.217731569596099822e-02 9.999246120558157314e-01 1.575813271743007346e-03 -1.917349999999999957e-02 -1.584147056446055246e-01 -3.485233883937433573e-03 9.873665146136501036e-01 1.188553799999999994e+00
9.837573093402441904e-01 9.225926112084861103e-03 1.792663900652251285e-01 6.115450000000000053e-02 -9.646953542035489187e-03 9.999523762627781087e-01 1.476988077590922011e-03 -2.006259999999999988e-02 -1.792442261468996378e-01 -3.182372353746104610e-03 9.837994612212395129e-01 1.247199399999999958e+00
9.795782903187835178e-01 3.969231436998637078e-03 2.010239247898829296e-01 7.305209999999999482e-02 -4.735567382410311305e-03 9.999832378977224767e-01 3.331414887633651033e-03 -2.070620000000000099e-02 -2.010073320495936733e-01 -4.215344041289787770e-03 9.795806670902187374e-01 1.305671599999999932e+00
9.745196293286345623e-01 -1.411939228172672022e-03 2.242977897367619267e-01 8.598350000000000437e-02 3.022306985253772008e-04 9.999875454145981113e-01 4.981733864019210686e-03 -2.159559999999999952e-02 -2.243020301062511324e-01 -4.787007760908068565e-03 9.745079188220645561e-01 1.362822299999999931e+00
9.687487407653520011e-01 -6.344827489859298890e-03 2.479629416458611069e-01 1.004493999999999942e-01 5.462609653595787949e-03 9.999760666232657691e-01 4.245712712194983987e-03 -2.224330000000000057e-02 -2.479839453700929119e-01 -2.758504084821649001e-03 9.687602146526749225e-01 1.418374500000000094e+00
9.619621059544164465e-01 -1.229699663578262894e-02 2.729060105264880520e-01 1.163373999999999936e-01 1.203307984738509820e-02 9.999241126407505398e-01 2.640823544643309227e-03 -2.307899999999999882e-02 -2.729177746082701028e-01 7.435276370374632651e-04 9.620370759328989996e-01 1.473273499999999903e+00
9.540944874714030188e-01 -1.593707295768067786e-02 2.990814582721942894e-01 1.333774000000000071e-01 1.567140666194427948e-02 9.998717936942490558e-01 3.286820329911523640e-03 -2.374860000000000165e-02 -2.990954964387071979e-01 1.551089999553353568e-03 9.542219228931478892e-01 1.527506599999999937e+00
9.350215678422924004e-01 -2.301283640111473003e-02 3.538432944546454628e-01 1.714273000000000047e-01 2.130231902130494057e-02 9.997349749438376731e-01 8.728750102889756141e-03 -2.506560000000000038e-02 -3.539503904137639712e-01 -6.238868644851515780e-04 9.352639904813636607e-01 1.632408300000000034e+00
9.112710942419793847e-01 -2.518985037825541284e-02 4.110358430075734537e-01 2.137487999999999888e-01 2.545667441184207985e-02 9.996642796834832589e-01 4.825520986586413937e-03 -2.646060000000000079e-02 -4.110194040759084233e-01 6.066247837306595024e-03 9.116064118413502726e-01 1.731030099999999905e+00
8.832907107812628666e-01 -2.778098655316770665e-02 4.680018558015171526e-01 2.615461000000000036e-01 3.299827515891829571e-02 9.994510504037608101e-01 -2.951556090508854029e-03 -2.749410000000000048e-02 -4.676629492316743408e-01 1.805033608971919404e-02 8.837225533406853906e-01 1.824497500000000105e+00
8.493755018799677980e-01 -2.783602759902866278e-02 5.270544681279712984e-01 3.156437999999999744e-01 2.897721061293772812e-02 9.995615027935984553e-01 6.092897348256505995e-03 -2.887150000000000133e-02 -5.269929582748199559e-01 1.009741058435561015e-02 8.498096635295722123e-01 1.914847399999999977e+00
8.078531077001450678e-01 -2.144102057208415596e-02 5.889937512538188091e-01 3.750906999999999991e-01 2.293122950831124468e-02 9.997248361205943734e-01 4.940724328256186626e-03 -2.987650000000000028e-02 -5.889376156202412727e-01 9.514971386091027744e-03 8.081224846686713148e-01 2.000966099999999859e+00
7.628480662805533496e-01 -1.262436145649846291e-02 6.464545252914827289e-01 4.398508999999999891e-01 1.977795418146855583e-02 9.997971212281008269e-01 -3.814303658338086961e-03 -3.099110000000000059e-02 -6.462752202432152648e-01 1.569528215158800394e-02 7.629429846441775354e-01 2.080672700000000042e+00
7.143003769444948858e-01 -1.529218114306387689e-02 6.996721522919431280e-01 5.097159999999999469e-01 2.119866425604661000e-02 9.997752611331804928e-01 2.094274101215919462e-04 -3.281459999999999932e-02 -6.995181113671837814e-01 1.468252096775005469e-02 7.144640197010061478e-01 2.154910999999999799e+00
6.622226418695392747e-01 -1.036939785348718265e-02 7.492353756887646377e-01 5.839197999999999888e-01 2.121454189010078470e-02 9.997628693441764636e-01 -4.914091278399939158e-03 -3.424399999999999666e-02 -7.490067528452071244e-01 1.914890777186475934e-02 6.622855906053093378e-01 2.223107600000000073e+00
6.350629328157605391e-01 -7.889589314082966903e-03 7.724201096190465021e-01 6.230375000000000218e-01 1.931699993219478106e-02 9.997973325165924185e-01 -5.669868281173903388e-03 -3.507989999999999720e-02 -7.722188322470932009e-01 1.852156238445835934e-02 6.350866294056065620e-01 2.255399000000000154e+00
5.780970133267178124e-01 2.560721358631223854e-05 8.159680401382147785e-01 7.046921999999999908e-01 1.834832404858644309e-02 9.997467366251209242e-01 -1.303079475815565463e-02 -3.714850000000000096e-02 -8.157617190009205377e-01 2.250470954470918522e-02 5.779501326766622871e-01 2.315563899999999897e+00
5.171587075349852736e-01 1.769610538110731254e-02 8.557065613135640403e-01 7.908148999999999873e-01 1.595555776433657189e-02 9.994131611434688978e-01 -3.031094702657081627e-02 -4.003020000000000189e-02 -8.557407851663799692e-01 2.932884565678315139e-02 5.165728674787983810e-01 2.369794800000000201e+00
4.849569017111874936e-01 2.255157174168524042e-02 8.742472362522316631e-01 8.357820000000000249e-01 1.348491727003840214e-02 9.993557882280357241e-01 -3.325906705458943347e-02 -4.181900000000000200e-02 -8.744340801277737940e-01 2.791836576701938258e-02 4.843403806869638339e-01 2.395335400000000003e+00
4.524941634550913028e-01 2.224154399547696032e-02 8.914899583056300481e-01 8.825408999999999615e-01 1.166150153336370510e-02 9.994558660453702892e-01 -3.085419273755333688e-02 -4.360760000000000330e-02 -8.916911132343218194e-01 2.435745364762080187e-02 4.519885762170759991e-01 2.419142700000000090e+00
4.192891707890946118e-01 2.114145688100379367e-02 9.076065392337928639e-01 9.300479999999999858e-01 7.067595452422412335e-03 9.996225053015763695e-01 -2.654987738428586305e-02 -4.532069999999999849e-02 -9.078252256648933205e-01 1.754667192228695147e-02 4.189814720855055130e-01 2.441330199999999895e+00
3.848509791142755154e-01 2.234692088167489210e-02 9.227081548365613228e-01 9.782838999999999841e-01 3.115769881734085922e-03 9.996697013881459259e-01 -2.551039208987806312e-02 -4.716820000000000040e-02 -9.229734643275654404e-01 1.269264565184883425e-02 3.846542355070707853e-01 2.462006300000000092e+00
3.495220122392012629e-01 2.498589332790888962e-02 9.365949327723623874e-01 1.027616899999999944e+00 -3.834243710895529275e-03 9.996741228390946254e-01 -2.523780301556027839e-02 -4.908769999999999800e-02 -9.369203069287297403e-01 5.230034463856154600e-03 3.495039130025324736e-01 2.481264100000000195e+00
3.137909885894014095e-01 2.730260099100026427e-02 9.490994592028867416e-01 1.077894099999999966e+00 -8.863686429918594609e-03 9.996271668471878868e-01 -2.582561449290903671e-02 -5.052029999999999715e-02 -9.494507099070272904e-01 -3.086748945210077144e-04 3.139159985997069802e-01 2.498404999999999987e+00
2.775261966253893542e-01 2.661248833727290070e-02 9.603494081068328914e-01 1.129342300000000021e+00 -1.164596581075191123e-02 9.996360072117811413e-01 -2.433566448697642090e-02 -5.232989999999999864e-02 -9.606474804354512287e-01 -4.430411965765886084e-03 2.777351072205908045e-01 2.513939600000000052e+00
2.409706153835719511e-01 2.602778063063233838e-02 9.701833420323738855e-01 1.181122199999999900e+00 -1.212848965228659898e-02 9.996430308154405919e-01 -2.380568589380012423e-02 -5.416440000000000143e-02 -9.704566256461010232e-01 -6.030387845203448796e-03 2.412002739675462859e-01 2.527428899999999867e+00
2.049679442889597303e-01 2.529089399665763321e-02 9.784418799779619480e-01 1.234576600000000024e+00 -1.155775275427065735e-02 9.996589461203920779e-01 -2.341815092483010008e-02 -5.609700000000000103e-02 -9.787004445514622120e-01 -6.508619079098013072e-03 2.051903450761125569e-01 2.538717000000000112e+00
1.697261938035120044e-01 2.399128594141322623e-02 9.851991866297140632e-01 1.288362900000000089e+00 -9.274995579822297234e-03 9.996982399908267425e-01 -2.274650338486580714e-02 -5.773509999999999753e-02 -9.854476107809928553e-01 -5.277040659383143775e-03 1.698974962967737534e-01 2.547995999999999928e+00
1.352219063624728879e-01 2.329574037457711466e-02 9.905414400821900278e-01 1.342672700000000052e+00 -1.182797006176029495e-03 9.997266450555734041e-01 -2.335029244291640660e-02 -5.947109999999999896e-02 -9.908146330323047701e-01 1.985861608429893496e-03 1.352124969177456171e-01 2.555023199999999939e+00
1.017263899008109679e-01 2.690241472840165793e-02 9.944485917731138436e-01 1.397116699999999989e+00 1.165721835294409800e-03 9.996303694046841937e-01 -2.716184191945224258e-02 -6.124670000000000114e-02 -9.948117322842302546e-01 3.922326559030088131e-03 1.016574279824815630e-01 2.560367299999999791e+00
6.865059087398701909e-02 3.171684327782602064e-02 9.971364692082737013e-01 1.452053700000000003e+00 1.820073940749008384e-03 9.994888663540624218e-01 -3.191697612747037421e-02 -6.337959999999999428e-02 -9.976391049390068710e-01 4.005981373038239660e-03 6.855777424724507352e-02 2.564664800000000078e+00
3.954236908145883356e-02 3.559506507902708561e-02 9.985836932322927906e-01 1.507232099999999964e+00 8.888409205172392857e-03 9.993132325648594882e-01 -3.597303716080289815e-02 -6.565250000000000252e-02 -9.991783610693475426e-01 1.029827960345445874e-02 3.919882916595829325e-02 2.566445799999999888e+00
1.403402886627621096e-02 3.372210962270121709e-02 9.993327100402423779e-01 1.563174000000000063e+00 1.079490013341452559e-02 9.993677811227587027e-01 -3.387489018260499141e-02 -6.804929999999999313e-02 -9.998432457965048537e-01 1.126309799160352468e-02 1.366112948263809024e-02 2.567162999999999862e+00
-8.031340168289793219e-03 3.083427640534387726e-02 9.994922435785381643e-01 1.619697299999999895e+00 1.233735442975635900e-02 9.994514586314051652e-01 -3.073388236509004556e-02 -7.026309999999999500e-02 -9.998916377592000915e-01 1.208425579485455231e-02 -8.407348042560047752e-03 2.566655400000000142e+00
-2.706223417800429284e-02 2.817092601625177661e-02 9.992367259106732513e-01 1.675808399999999976e+00 1.238282371704605041e-02 9.995355811446327010e-01 -2.784398862688343759e-02 -7.269470000000000098e-02 -9.995570524777900312e-01 1.161985168787972242e-02 -2.739850157698886512e-02 2.565367499999999801e+00
-5.764212359585552115e-02 3.541807313873672480e-02 9.977088481528562092e-01 1.789200799999999925e+00 1.697305502868575941e-02 9.992608162463141319e-01 -3.449255742538082786e-02 -7.733740000000000059e-02 -9.981930179030271688e-01 1.494594292405416504e-02 -5.820066837895931933e-02 2.559128499999999917e+00
-6.969808458915802141e-02 4.087621587484446817e-02 9.967303105556464260e-01 1.846649999999999903e+00 2.140968086477790938e-02 9.989912913321128407e-01 -3.947183056137675700e-02 -7.968840000000000645e-02 -9.973383591188451636e-01 1.858856687189161527e-02 -7.050292626393794837e-02 2.555183200000000099e+00
-8.411551375585998858e-02 4.956453483869897175e-02 9.952225566333445794e-01 1.962078999999999906e+00 3.083995193788278272e-02 9.984131902110230383e-01 -4.711686510281280771e-02 -8.572520000000000140e-02 -9.959786532401466719e-01 2.672935649938051883e-02 -8.551060630747631119e-02 2.544705599999999901e+00
-9.025368470370045970e-02 5.835559297588782668e-02 9.942076730572128040e-01 2.078012699999999935e+00 3.498406801728226601e-02 9.978515221549693059e-01 -5.539363427301941672e-02 -9.251020000000000076e-02 -9.953041682733813067e-01 2.978194925526827380e-02 -9.210129269553946063e-02 2.534047600000000067e+00
-9.249762140854321524e-02 6.133548793494299212e-02 9.938219900734458490e-01 2.136979300000000137e+00 3.546955521166292313e-02 9.976704430518127387e-01 -5.827175742919116219e-02 -9.626049999999999884e-02 -9.950809518259550179e-01 2.986042498997901196e-02 -9.445768540764287735e-02 2.528200899999999862e+00
-9.700839310035686003e-02 6.844916517970696390e-02 9.929270282625445310e-01 2.253425800000000034e+00 3.743579981630673625e-02 9.971772869613174661e-01 -6.508470834673772687e-02 -1.043958999999999998e-01 -9.945792741457063491e-01 3.085725449011454680e-02 -9.929701548955160995e-02 2.516964000000000201e+00
-9.926443224259128006e-02 6.994220743161676246e-02 9.925999496832291769e-01 2.312308999999999948e+00 3.975778973825780382e-02 9.970088706306318160e-01 -6.627691935327593986e-02 -1.084642999999999996e-01 -9.942665088630335823e-01 3.288463932332015560e-02 -1.017482670608725881e-01 2.511074999999999946e+00
-1.008636248608867914e-01 6.873515477621959524e-02 9.925230514591644182e-01 2.371753000000000000e+00 3.995614934413167091e-02 9.970856143607615962e-01 -6.499064366824008898e-02 -1.127611000000000030e-01 -9.940975984829213408e-01 3.310220736917472706e-02 -1.033160614705013192e-01 2.504505599999999887e+00
-1.033993023876019351e-01 6.810825039679808957e-02 9.923053212059502748e-01 2.430847200000000097e+00 3.921556220814485794e-02 9.971562500611581559e-01 -6.435489604271091291e-02 -1.172282000000000046e-01 -9.938665523833953852e-01 3.225955969718215938e-02 -1.057761639580844237e-01 2.498696999999999946e+00
-1.051850257868918725e-01 6.929262407314179528e-02 9.920356055098371595e-01 2.490599200000000124e+00 3.913764696216513739e-02 9.970850384949287992e-01 -6.549557694860916324e-02 -1.215188999999999991e-01 -9.936822203000694742e-01 3.193678535207491315e-02 -1.075903657438698202e-01 2.491743099999999878e+00
-1.102646991675387961e-01 7.406798371279409154e-02 9.911385523256641683e-01 2.609686400000000184e+00 3.583955661127333214e-02 9.968671024157298444e-01 -7.050890938863031698e-02 -1.298507000000000133e-01 -9.932558695016100447e-01 2.774732257332256091e-02 -1.125738148532441363e-01 2.478981699999999844e+00
-1.126324613591414003e-01 7.748543239455196741e-02 9.906108905189821012e-01 2.669523499999999938e+00 3.378869517404210071e-02 9.966768912269688974e-01 -7.411813929518525079e-02 -1.347505999999999982e-01 -9.930620588496053003e-01 2.512334095565586789e-02 -1.148763030942790975e-01 2.472230699999999892e+00
-1.176204115217140550e-01 8.370876351274411653e-02 9.895242703969572284e-01 2.789574599999999904e+00 2.804987462484664906e-02 9.963234109086425150e-01 -8.094977090084068405e-02 -1.447799999999999920e-01 -9.926624014875317092e-01 1.823468635693215739e-02 -1.195359899213257471e-01 2.458773400000000109e+00
-1.230692012351472103e-01 7.780141139154722607e-02 9.893436774411741297e-01 2.912421699999999891e+00 2.316562911371167904e-02 9.968757617981459651e-01 -7.551204650340274938e-02 -1.553688000000000013e-01 -9.921276759243786714e-01 1.362556145079276901e-02 -1.244870223759966255e-01 2.444128000000000078e+00
-1.255017273342972361e-01 7.628118644297481044e-02 9.891564573064056676e-01 2.974137100000000089e+00 2.324774050443445539e-02 9.969919939823620458e-01 -7.393582688056127283e-02 -1.602857000000000032e-01 -9.918209813255342011e-01 1.371657865234499757e-02 -1.268975826110483318e-01 2.436383000000000187e+00
-1.270437020389122151e-01 7.698707136593660461e-02 9.889048936145197199e-01 3.035756099999999957e+00 2.282367634871526607e-02 9.969462542273499484e-01 -7.468096129526635707e-02 -1.648987000000000092e-01 -9.916344979730069564e-01 1.308269943674314831e-02 -1.284128708707606981e-01 2.428217899999999929e+00
-1.283879238111129417e-01 7.978621153606357819e-02 9.885093330202779915e-01 3.097128600000000009e+00 2.416650980453662056e-02 9.967141966575544521e-01 -7.730970175309846704e-02 -1.699690000000000090e-01 -9.914295339676640895e-01 1.396318838977383958e-02 -1.298942206052778880e-01 2.420427800000000129e+00
-1.290653044098209190e-01 8.242065513935620258e-02 9.882049295586414761e-01 3.158441499999999902e+00 2.462900933727820568e-02 9.964989142397501221e-01 -7.989571839631669226e-02 -1.751766999999999908e-01 -9.913301968046088763e-01 1.402674322138218466e-02 -1.306433747954210967e-01 2.412421000000000149e+00
-1.296486916935892242e-01 8.358830657189661451e-02 9.880304710617902053e-01 3.220739399999999808e+00 2.296640536205001720e-02 9.964262637679585088e-01 -8.128496231267404171e-02 -1.800259999999999916e-01 -9.912939831184723882e-01 1.215301929026139927e-02 -1.311050843989045589e-01 2.404761800000000171e+00
-1.293682023683461468e-01 8.241395543877760854e-02 9.881658808949628225e-01 3.283065300000000075e+00 2.001344274611431898e-02 9.965541974118194979e-01 -8.049343905146696954e-02 -1.853735999999999995e-01 -9.913946390441249479e-01 9.363309768420653711e-03 -1.305718120604518750e-01 2.396860400000000002e+00
-1.296628745037075869e-01 8.184331464601919681e-02 9.881746863906141209e-01 3.346164499999999986e+00 1.587162662611747710e-02 9.966313749869084582e-01 -8.046113260416698498e-02 -1.907202000000000064e-01 -9.914311022172327403e-01 5.251117924492287869e-03 -1.305250754332905050e-01 2.389265799999999995e+00
-1.292539422583386666e-01 8.287699746071119922e-02 9.881421060265446199e-01 3.408990100000000023e+00 1.212376707366990408e-02 9.965588264542171171e-01 -8.199707121682478506e-02 -1.961528999999999912e-01 -9.915374086148344146e-01 1.381560020739087957e-03 -1.298139384245299288e-01 2.381087099999999790e+00
-1.295251341112979293e-01 8.332365367862389072e-02 9.880690301649451834e-01 3.472635299999999869e+00 7.900509518723175528e-03 9.965181881105529271e-01 -8.300049827684891079e-02 -2.014997000000000038e-01 -9.915446644416957556e-01 -2.944401892639676721e-03 -1.297324512783897266e-01 2.373449100000000200e+00
-1.311493469845237958e-01 7.734860282952291111e-02 9.883405498237205489e-01 3.598314799999999813e+00 4.672151876795545278e-03 9.969887504522035870e-01 -7.740544211225633409e-02 -2.126545999999999992e-01 -9.913516125887795738e-01 -5.533996031298726859e-03 -1.311158079926003639e-01 2.358583900000000177e+00
-1.310335688008530119e-01 6.880987325162107870e-02 9.889870601733915523e-01 3.662999600000000022e+00 7.989630825973686318e-03 9.976292340592374241e-01 -6.835259431538723285e-02 -2.177305999999999964e-01 -9.913457366865389142e-01 -1.054842867491669056e-03 -1.312726843633058582e-01 2.349685700000000210e+00
-1.312093175234910480e-01 6.364418985914999105e-02 9.893096239763322641e-01 3.726830500000000157e+00 1.351121376297879234e-02 9.979592194162993923e-01 -6.240868116425267453e-02 -2.225121999999999933e-01 -9.912626100573301846e-01 5.178173344213637952e-03 -1.318014583498471337e-01 2.341250399999999843e+00
-1.303120303277269243e-01 6.592183457669931190e-02 9.892790741130168541e-01 3.790341399999999972e+00 2.196021273547420910e-02 9.977343005551915223e-01 -6.359256680033913145e-02 -2.271602000000000066e-01 -9.912298037329578815e-01 1.343790242877100985e-02 -1.314644399441785572e-01 2.332370500000000124e+00
-1.289642906247267518e-01 7.165800437787919752e-02 9.890567941995247470e-01 3.854854800000000026e+00 2.774638720299113862e-02 9.972559803559520875e-01 -6.863415797888555714e-02 -2.316309000000000007e-01 -9.912609897200852505e-01 1.859139728123673785e-02 -1.305986608135341065e-01 2.323273200000000038e+00
-1.278329149986811297e-01 7.740218227407508200e-02 9.887707762783805032e-01 3.919318699999999822e+00 3.119316038681753389e-02 9.967706029319898242e-01 -7.399562065203511840e-02 -2.364809999999999968e-01 -9.913050653497249565e-01 2.138380952516334699e-02 -1.298345104437540476e-01 2.314583100000000115e+00
-1.270885436234235610e-01 8.206174111572640817e-02 9.884909573307855135e-01 3.983780100000000157e+00 3.218254730702642397e-02 9.963882349783966808e-01 -7.857969741266720987e-02 -2.414555999999999925e-01 -9.913691470529574223e-01 2.182557769432066225e-02 -1.292704855324717794e-01 2.306196200000000029e+00
-1.266516907725228069e-01 7.929445605904086869e-02 9.887728447235807350e-01 4.049366499999999647e+00 2.873547810086244519e-02 9.966747723820588156e-01 -7.624742877950793640e-02 -2.464774999999999883e-01 -9.915309483434070481e-01 1.875599465429971663e-02 -1.285091091781114248e-01 2.297476800000000097e+00
-1.259876592908981963e-01 7.461078626580840145e-02 9.892220884509195233e-01 4.114272099999999988e+00 2.826599790896695830e-02 9.970328393191547622e-01 -7.159993492591279485e-02 -2.518141999999999880e-01 -9.916290350068472925e-01 1.894064127696123978e-02 -1.277227819905542017e-01 2.288938299999999870e+00
-1.258408701326327594e-01 7.361989656935238879e-02 9.893150085960387141e-01 4.244749500000000175e+00 2.454276466632317882e-02 9.971684586590437993e-01 -7.108247152484412079e-02 -2.613936000000000037e-01 -9.917468064515235771e-01 1.533544536896961144e-02 -1.272913823027309599e-01 2.272923500000000097e+00
-1.254024578118703159e-01 7.882240872819025468e-02 9.889697929952301347e-01 4.310564000000000284e+00 2.558796280002135701e-02 9.967642449063713883e-01 -7.619905666066993655e-02 -2.664704999999999990e-01 -9.917759221389108593e-01 1.575017328531279348e-02 -1.270135910325970174e-01 2.264090100000000216e+00
-1.246735996325748219e-01 8.183256944636771446e-02 9.888174372109654886e-01 4.376049499999999703e+00 2.559704972396277881e-02 9.965266209969196876e-01 -7.924319964445221409e-02 -2.714787000000000172e-01 -9.918675741247342525e-01 1.543127416213388448e-02 -1.263352333185309151e-01 2.255739199999999833e+00
-1.243980002446276462e-01 8.071923653033251378e-02 9.889436497541697069e-01 4.442497300000000315e+00 2.554369457101180949e-02 9.966157024060058323e-01 -7.813233252275571250e-02 -2.769195999999999880e-01 -9.919035523692818490e-01 1.554176861698310097e-02 -1.260388679156381198e-01 2.247607700000000097e+00
-1.238106995277863942e-01 7.403655527873935493e-02 9.895400442452532142e-01 4.509513899999999964e+00 2.762226578570738458e-02 9.970834562295662895e-01 -7.114486451013939117e-02 -2.823709999999999831e-01 -9.919213280877184902e-01 1.852484266493308052e-02 -1.254946576111332091e-01 2.239054900000000181e+00
-1.241384933104137112e-01 7.235717332841706817e-02 9.896231979630137898e-01 4.576125600000000126e+00 2.692428642206420170e-02 9.972161118104546640e-01 -6.953494909972592064e-02 -2.876628999999999992e-01 -9.918995499944959215e-01 1.801293461821906403e-02 -1.257410708844041158e-01 2.230793699999999991e+00
-1.234123816597806206e-01 7.545777679564974472e-02 9.894824445002136093e-01 4.643151800000000051e+00 2.420166981449674987e-02 9.970371287032069318e-01 -7.301536253046257696e-02 -2.927360999999999991e-01 -9.920603122952004194e-01 1.493612762139857886e-02 -1.248729308554362705e-01 2.222271199999999780e+00
-1.227738272153147125e-01 7.869697431114469621e-02 9.893095438664154528e-01 4.710277600000000398e+00 2.373659306667439545e-02 9.967987311166192077e-01 -7.634699597158325912e-02 -2.978032999999999930e-01 -9.921507755883129942e-01 1.410942516791086759e-02 -1.242487932373589343e-01 2.213778299999999977e+00
-1.229867125333826972e-01 7.814864937909943299e-02 9.893265674894484718e-01 4.777770499999999920e+00 2.285059366923588783e-02 9.968533747668588685e-01 -7.590256639197422162e-02 -3.030702000000000118e-01 -9.921452105963093349e-01 1.327169228648554522e-02 -1.243854624731454139e-01 2.205930899999999806e+00
-1.226657809026274887e-01 7.453070466991984500e-02 9.896455326312316725e-01 4.845228200000000207e+00 2.204455469682096297e-02 9.971347615357532002e-01 -7.236231716339278086e-02 -3.086407999999999929e-01 -9.922031766749026538e-01 1.293991493178253335e-02 -1.239573103846270952e-01 2.197606799999999971e+00
-1.216178265554389848e-01 7.344373052912278599e-02 9.898561121243315553e-01 4.913498399999999933e+00 2.264001069792967447e-02 9.972045669790966516e-01 -7.120731361054216668e-02 -3.140862999999999849e-01 -9.923187664150715515e-01 1.375027425174027776e-02 -1.229406189120305637e-01 2.189101500000000033e+00
-1.208584209125764669e-01 7.426592894108091647e-02 9.898877784340186503e-01 4.981092900000000157e+00 2.421005860102131563e-02 9.971213846674283898e-01 -7.185274734792981843e-02 -3.190687999999999858e-01 -9.923744833262561071e-01 1.528123154162127836e-02 -1.223084985007899528e-01 2.181185199999999824e+00
-1.197372253734211855e-01 7.453620825146027584e-02 9.900037123765593750e-01 5.049497099999999961e+00 2.642840558342401600e-02 9.970637146777195925e-01 -7.187133122034861099e-02 -3.242505999999999999e-01 -9.924537955180544602e-01 1.755854585556446829e-02 -1.213555158583468074e-01 2.172832000000000097e+00
-1.180916405730133151e-01 7.377237538063002864e-02 9.902585526303085972e-01 5.117985199999999679e+00 2.667077943710296703e-02 9.971123904233590851e-01 -7.110239368989004771e-02 -3.297479999999999856e-01 -9.926444650281346371e-01 1.801436912340039637e-02 -1.197182047731013554e-01 2.163876099999999969e+00
-1.170670225651061769e-01 7.441944722709989413e-02 9.903317919274093883e-01 5.186495800000000322e+00 2.756759719101839826e-02 9.970476940179565650e-01 -7.166535731152864908e-02 -3.350574000000000052e-01 -9.927413257303508987e-01 1.891141792378913875e-02 -1.187729702384221486e-01 2.156186100000000216e+00
-1.157319858818544045e-01 7.292469207252610941e-02 9.905998671158651181e-01 5.255139800000000250e+00 2.764037630611382301e-02 9.971514880918164181e-01 -7.017776994128896439e-02 -3.401873000000000258e-01 -9.928958238614455922e-01 1.925874041580358242e-02 -1.174179878728043303e-01 2.148064399999999985e+00
-1.143666379178731873e-01 7.212973635230168767e-02 9.908166193928672483e-01 5.324594000000000271e+00 2.595103534373140869e-02 9.972372567186948977e-01 -6.960170670867338316e-02 -3.455707000000000084e-01 -9.930996001892010705e-01 1.775260391940392327e-02 -1.159225135947727914e-01 2.139960100000000143e+00
-1.132349420368655851e-01 7.146114265767067320e-02 9.909950317695682687e-01 5.394062500000000426e+00 2.660324378810580842e-02 9.972706027356731395e-01 -6.887388720827321287e-02 -3.506870999999999738e-01 -9.932120193200736358e-01 1.856475179708505507e-02 -1.148269770953425084e-01 2.132358299999999929e+00
-1.114634410129256292e-01 7.234369894423606229e-02 9.911318229885585085e-01 5.463896300000000039e+00 2.460370411384956227e-02 9.972419340008230604e-01 -7.002273069636960612e-02 -3.559657999999999989e-01 -9.934639193556228376e-01 1.658053959809202907e-02 -1.129359404494419961e-01 2.124451899999999949e+00
-1.099126739143435477e-01 7.534182298208812190e-02 9.910816383238743033e-01 5.533598399999999806e+00 2.515788221921382017e-02 9.970143808648709305e-01 -7.300277604914889862e-02 -3.610195999999999961e-01 -9.936228082503155701e-01 1.690958480784554574e-02 -1.114799572406759420e-01 2.116777700000000095e+00
-1.086742686409229580e-01 7.389391840691278412e-02 9.913271872383168093e-01 5.604358200000000068e+00 2.332046109000585760e-02 9.971484503671642630e-01 -7.177133149741907192e-02 -3.665363999999999844e-01 -9.938038334751529979e-01 1.531851013758885396e-02 -1.100876188190776928e-01 2.109172599999999953e+00
-1.078776729557995862e-01 7.246969193583548130e-02 9.915193147026267750e-01 5.674830899999999900e+00 2.007971160203752062e-02 9.972949932831230990e-01 -7.070715348813359780e-02 -3.720999999999999863e-01 -9.939613739273879256e-01 1.228169870745023443e-02 -1.090410336398132118e-01 2.101614999999999789e+00
-1.074876358586811798e-01 7.358165254530768529e-02 9.914797771746094446e-01 5.745265999999999984e+00 1.706636129335941526e-02 9.972470850698609279e-01 -7.215948054046730786e-02 -3.774435999999999902e-01 -9.940599315180730366e-01 9.164700124236029033e-03 -1.084475026080211624e-01 2.094063300000000183e+00
-1.080827620591957444e-01 7.266820642593990742e-02 9.914824498297951649e-01 5.816260299999999717e+00 1.483317932868686087e-02 9.973317382784637752e-01 -7.147993154348145084e-02 -3.830743999999999816e-01 -9.940312335820531420e-01 6.981088546549413243e-03 -1.088722694998452978e-01 2.086805099999999857e+00
-1.094666053026591840e-01 7.034365091002731107e-02 9.914982769022649967e-01 5.887701500000000365e+00 1.201909613888645784e-02 9.975134836365936453e-01 -6.944343951152895378e-02 -3.883814999999999906e-01 -9.939178052794489515e-01 4.315175527760985175e-03 -1.100398819003755024e-01 2.079615399999999781e+00
-1.106729165037071139e-01 6.887924602718122069e-02 9.914671729408345291e-01 5.959700100000000056e+00 1.053498669236703142e-02 9.976207752675970708e-01 -6.813077725866681367e-02 -3.937977999999999756e-01 -9.938010462904308673e-01 2.904861649969343873e-03 -1.111352427038310164e-01 2.072124000000000077e+00
-1.117372056034397487e-01 6.816701532739924407e-02 9.913970218359993147e-01 6.031438399999999866e+00 8.556805791926573590e-03 9.976734940140529195e-01 -6.763416604372932128e-02 -3.991178000000000226e-01 -9.937009499636064724e-01 9.259390614996740321e-04 -1.120605402373221482e-01 2.064294600000000202e+00
-1.132582957827214937e-01 6.802242088743937209e-02 9.912343359130602050e-01 6.102974399999999910e+00 8.880278905467175327e-03 9.976831147126236088e-01 -6.745030217781841642e-02 -4.046294999999999753e-01 -9.935258925075654002e-01 1.163131088894202303e-03 -1.135999473728547260e-01 2.056102000000000096e+00
-1.153309794584110176e-01 6.648305909990420703e-02 9.910997770304874610e-01 6.174399900000000052e+00 8.448366409072507327e-03 9.977872589683121074e-01 -6.594854771350558420e-02 -4.100633000000000195e-01 -9.932911910825452662e-01 7.672634626452734530e-04 -1.156374551112107074e-01 2.047795499999999880e+00
-1.181361846291116707e-01 6.183059176850388972e-02 9.910705422939547482e-01 6.245872499999999938e+00 6.427735257700569610e-03 9.980862569879728197e-01 -6.150209615285671949e-02 -4.151110000000000078e-01 -9.929765989693482009e-01 -8.952839186199788857e-04 -1.183075330060250341e-01 2.039505500000000193e+00
-1.224025525092778399e-01 6.184068841893365642e-02 9.905520402255936219e-01 6.316679500000000225e+00 5.818344151536491288e-03 9.980844535175413812e-01 -6.159196796600378832e-02 -4.201504999999999823e-01 -9.924634814493418222e-01 -1.775641423069410779e-03 -1.225278951381639780e-01 2.031209500000000112e+00
-1.281378799570067895e-01 6.765172719279469171e-02 9.894462731891789931e-01 6.387414500000000217e+00 5.566518305556641955e-04 9.976754571471232458e-01 -6.814229483234532370e-02 -4.251829999999999776e-01 -9.917562068668203112e-01 -8.180832116014787048e-03 -1.278776764217520734e-01 2.022995199999999993e+00
-1.350930925807023730e-01 7.076567182036469505e-02 9.883026237083426535e-01 6.457812299999999617e+00 1.161051364777336559e-03 9.974569244747286678e-01 -7.126244296362441166e-02 -4.305250999999999939e-01 -9.908322301463098336e-01 -8.479593694742340593e-03 -1.348317032231736157e-01 2.013621300000000058e+00
-1.444352187466786397e-01 6.755944411078607104e-02 9.872052416276165809e-01 6.528520600000000229e+00 3.248633789495303237e-03 9.976935136742657306e-01 -6.780191111465455611e-02 -4.354146999999999879e-01 -9.895089256616643736e-01 -6.585915558169633255e-03 -1.443215567826228174e-01 2.003940300000000008e+00
-1.552962071492694496e-01 6.555462035930045839e-02 9.856904584069984265e-01 6.599530200000000235e+00 6.118829836055737770e-03 9.978404567045635609e-01 -6.539864589626601110e-02 -4.408223000000000003e-01 -9.878490005899119852e-01 -4.124889474372051695e-03 -1.553619558332594019e-01 1.993041499999999910e+00
-1.678911598369820790e-01 6.633174028879115780e-02 9.835713795545563132e-01 6.668419799999999675e+00 6.678698672319263036e-03 9.977873094939806453e-01 -6.615043459273418913e-02 -4.462800000000000100e-01 -9.857829139484194370e-01 -4.537096320732330462e-03 -1.679626783673655588e-01 1.981329700000000082e+00
-1.817425130468502958e-01 6.648681095108321948e-02 9.810958989420811571e-01 6.737536000000000413e+00 8.687222245724931374e-03 9.977812579295745055e-01 -6.600828352660986775e-02 -4.514742999999999951e-01 -9.833077804640156794e-01 -3.473513211555936953e-03 -1.819168589903099598e-01 1.968642800000000026e+00
-1.964085948577268814e-01 6.452242088428736255e-02 9.783969138694399437e-01 6.807061700000000215e+00 9.956936868326021761e-03 9.979123543113821437e-01 -6.381059881332087902e-02 -4.567256000000000093e-01 -9.804715820839549068e-01 -2.791113746391463840e-03 -1.966410089728011235e-01 1.955288300000000090e+00
-2.121513352898679872e-01 6.713559506004929123e-02 9.749280090399797816e-01 6.874838800000000028e+00 1.362863147274499809e-02 9.977436424875971710e-01 -6.574103953971152658e-02 -4.618735999999999953e-01 -9.771417867120953948e-01 -6.601147740309190604e-04 -2.125876123144972984e-01 1.941181999999999963e+00
-2.271795984147756409e-01 7.004098129908553627e-02 9.713308864659675468e-01 6.941404300000000305e+00 1.386927777806074708e-02 9.975418350389577693e-01 -6.868719299129780187e-02 -4.673930000000000029e-01 -9.737541133150688921e-01 -2.132671041194744710e-03 -2.275925713115737326e-01 1.926065600000000044e+00
-2.421378313957767148e-01 7.389638116007216095e-02 9.674236897339221208e-01 7.008030899999999619e+00 1.387719227170109912e-02 9.972571699063964568e-01 -7.270186108304868555e-02 -4.728689999999999838e-01 -9.701426153620944515e-01 -4.178746430450269722e-03 -2.424991627545657336e-01 1.909593600000000002e+00
-2.580148198234587520e-01 7.160037165248249458e-02 9.634841667254810949e-01 7.074158200000000285e+00 1.069541598534163099e-02 9.974006685708927122e-01 -7.125667976573700491e-02 -4.784707999999999739e-01 -9.660817568034129055e-01 -8.080415432555262956e-03 -2.581099495526445464e-01 1.892796900000000004e+00
-2.743996647839289094e-01 6.567410815306135019e-02 9.593704891671246404e-01 7.141185799999999695e+00 4.403563228477229419e-03 9.977404881605075326e-01 -6.704123295498637392e-02 -4.838630999999999904e-01 -9.616056533721923927e-01 -1.417144324096696398e-02 -2.740688555803227899e-01 1.875089400000000017e+00
-2.899160163026882064e-01 6.169627409964346942e-02 9.550613976354612733e-01 7.207383199999999768e+00 5.613962613420127312e-04 9.979307659397060881e-01 -6.429518819654549133e-02 -4.890228999999999826e-01 -9.570519256160644472e-01 -1.810403693138948333e-02 -2.893507482647482698e-01 1.855850599999999906e+00
-3.051985412269826448e-01 6.302497500079683179e-02 9.502008750569908013e-01 7.272680300000000209e+00 -1.656159614406325226e-03 9.977708886548838363e-01 -6.671214947949903606e-02 -4.938612000000000002e-01 -9.522873030594567467e-01 -2.193413501810244706e-02 -3.044138402779253960e-01 1.835963999999999929e+00
-3.189021481640916256e-01 6.500917348778473270e-02 9.455555125209531564e-01 7.337365199999999810e+00 -1.306586165238564357e-03 9.976138001913218423e-01 -6.902896855974444135e-02 -4.990384999999999960e-01 -9.477867443306644546e-01 -2.324893611037899543e-02 -3.180562438324626706e-01 1.814135099999999889e+00
-3.328879034765709344e-01 6.712142784266980633e-02 9.405744827728077517e-01 7.400680099999999761e+00 3.240174233204232146e-04 9.974714883814558286e-01 -7.106704495610180472e-02 -5.044258000000000353e-01 -9.429663507950232226e-01 -2.335259708136295034e-02 -3.320679410570568368e-01 1.792331799999999919e+00
