1.000000000000000000e+00 0.000000000000000000e+00 0.000000000000000000e+00 0.000000000000000000e+00 0.000000000000000000e+00 1.000000000000000000e+00 0.000000000000000000e+00 0.000000000000000000e+00 0.000000000000000000e+00 0.000000000000000000e+00 1.000000000000000000e+00 0.000000000000000000e+00
9.998438704042567071e-01 3.386770857599767399e-05 1.767013491783328907e-02 6.168999999999999788e-04 -5.652874074026621536e-05 9.999991767036638945e-01 1.281950270517056905e-03 -1.230200000000000087e-03 -1.767007695335777798e-02 -1.282748990615173662e-03 9.998430491509603391e-01 5.922859999999999930e-02
9.993266641497630109e-01 -3.563651376040514519e-04 3.668911723107498579e-02 2.457700000000000162e-03 3.343185409868479363e-04 9.999997598690967271e-01 6.070361290432719787e-04 -2.066099999999999968e-03 -3.668932474739777794e-02 -5.943615377124096023e-04 9.993265433200213543e-01 1.180300999999999989e-01
9.983724707666716824e-01 -9.339907264851301854e-04 5.702225246843650036e-02 5.378100000000000241e-03 9.420455374871038396e-04 9.999995497339708717e-01 -1.143768373319290171e-04 -2.858499999999999930e-03 -5.702211996634790753e-02 1.679082441609092429e-04 9.983729010952595573e-01 1.765079999999999982e-01
9.969454194538086567e-01 -3.747854816469244760e-03 7.801143643302720088e-02 9.747499999999999221e-03 3.759206312161984809e-03 9.999929341580855446e-01 1.343662322489473085e-06 -3.813200000000000096e-03 -7.801089025240114105e-02 2.919215262621606931e-04 9.969524641545605137e-01 2.335016000000000036e-01
9.949638856544211762e-01 -8.966446710318367805e-03 9.983220460776620619e-02 1.560729999999999930e-02 8.813120398415566839e-03 9.999592098296360421e-01 1.976761425404306022e-03 -4.437299999999999925e-03 -9.984585696111233921e-02 -1.086972989984539509e-03 9.950023232824233288e-01 2.904531000000000196e-01
9.922515187280265270e-01 -1.424582883798592749e-02 1.234260099923984999e-01 2.252490000000000048e-02 1.385554305038527549e-02 9.998959266724014583e-01 4.019919242780146083e-03 -5.378499999999999601e-03 -1.234704317183015487e-01 -2.278636578825657226e-03 9.923456355054109945e-01 3.469745000000000190e-01
9.888770836951682464e-01 -1.920385116294934941e-02 1.474900859144452070e-01 3.106350000000000083e-02 1.887978145956552972e-02 9.998152906880389823e-01 3.596992970663224955e-03 -6.029399999999999864e-03 -1.475319192397976653e-01 -7.724033293842005356e-04 9.890569934025634780e-01 4.023107000000000211e-01
9.846099510588862680e-01 -2.562995876947722976e-02 1.728766886809570968e-01 4.093949999999999673e-02 2.563405444056695778e-02 9.996689524231118229e-01 2.209256484940187552e-03 -6.786200000000000045e-03 -1.728760814246890487e-01 2.256274529639114637e-03 9.849409980788144114e-01 4.565865000000000062e-01
9.794172624819549311e-01 -2.917298505514336060e-02 1.997267205341483887e-01 5.192429999999999962e-02 2.908649385876328070e-02 9.995712245945465035e-01 3.367912938744283512e-03 -7.535400000000000258e-03 -1.997393347024004340e-01 2.510757959504953535e-03 9.798458522987741892e-01 5.104480999999999602e-01
9.732885123116223891e-01 -3.154551774738047210e-02 2.274078980868489419e-01 6.423089999999999355e-02 3.095364244112349880e-02 9.995017809801157727e-01 6.169427623678385743e-03 -8.186000000000000568e-03 -2.274892169353441018e-01 1.034469732003611905e-03 9.737800501399264119e-01 5.630338999999999761e-01
9.660875443828425002e-01 -3.596720329943910166e-02 2.556975104985305669e-01 7.820280000000000287e-02 3.467671577548657458e-02 9.993529044554823049e-01 9.554985055858444820e-03 -8.749099999999999239e-03 -2.558757158687698374e-01 -3.642021531719994917e-04 9.667096179233121145e-01 6.146966999999999848e-01
9.577610016367202883e-01 -3.937125583599228318e-02 2.848574519961221130e-01 9.347790000000000266e-02 3.827505076847403931e-02 9.992228747560483182e-01 9.416318438186955381e-03 -9.141099999999999226e-03 -2.850068143615112071e-01 1.884350857841473985e-03 9.585236382006171452e-01 6.652228000000000030e-01
9.483812672180824688e-01 -3.914714689905481743e-02 3.147069635065100623e-01 1.099434999999999996e-01 3.913624225731929945e-02 9.992136685872823332e-01 6.356024726278703893e-03 -9.761000000000000579e-03 -3.147083197689575229e-01 6.288513179478457185e-03 9.491675974611601951e-01 7.147875000000000201e-01
9.378888522539028383e-01 -4.080468727893650505e-02 3.445279064370913025e-01 1.278805000000000081e-01 4.293039373342619203e-02 9.990769985588376922e-01 1.460220722098453001e-03 -1.010950000000000043e-02 -3.442694905328527177e-01 1.342119393841106553e-02 9.387749407826764259e-01 7.631691000000000447e-01
9.134228033406217584e-01 -4.362141127973025168e-02 4.046677091334621168e-01 1.682161000000000073e-01 4.627481288522398983e-02 9.989235337166152418e-01 3.227302208932156767e-03 -1.124539999999999915e-02 -4.043728774655852010e-01 1.577803108993301381e-02 9.144581071351097767e-01 8.576827999999999674e-01
8.987131858543406793e-01 -4.218762758760792597e-02 4.365029365881412104e-01 1.906757000000000035e-01 4.234263095195696380e-02 9.990591233710333086e-01 9.379211756264198979e-03 -1.162960000000000035e-02 -4.364879278692687103e-01 1.005346147512245145e-02 8.996539427673067024e-01 9.042105999999999755e-01
8.820000127783030885e-01 -4.199477043767884527e-02 4.693744951687937039e-01 2.144696000000000102e-01 4.030193862242346242e-02 9.990942047543300841e-01 1.365737052244441092e-02 -1.206400000000000007e-02 -4.695228761225034297e-01 6.870901119909735358e-03 8.828935720206897431e-01 9.496466999999999548e-01
8.446964167467001516e-01 -2.947492279765710418e-02 5.344335248291944840e-01 2.663754999999999873e-01 3.317898541724155492e-02 9.994458320262338269e-01 2.680255971285209690e-03 -1.238960000000000061e-02 -5.342163592234587810e-01 1.546795951188428310e-02 8.452062610786619246e-01 1.036804300000000012e+00
8.249043020059055875e-01 -2.733267170325513404e-02 5.646112092313716468e-01 2.944192999999999949e-01 3.226010613308979980e-02 9.994787230922621557e-01 1.252053570241613845e-03 -1.273320000000000007e-02 -5.643511124153396397e-01 1.718159315730205874e-02 8.253560533322242820e-01 1.078336500000000031e+00
8.042179435524543507e-01 -2.987412737380528913e-02 5.935832172340412827e-01 3.244522000000000239e-01 3.346545827994983069e-02 9.994275724972477848e-01 4.958874304853386726e-03 -1.319870000000000071e-02 -5.933915759179383409e-01 1.587651869623990866e-02 8.047573384466361057e-01 1.118735000000000035e+00
7.592884297610743571e-01 -2.823570559234181432e-02 6.501413887460670837e-01 3.875510999999999817e-01 3.375924760128656832e-02 9.994220766330167427e-01 3.978182995223425618e-03 -1.431969999999999944e-02 -6.498779836495133244e-01 1.892769579877737890e-02 7.598028354115242688e-01 1.195115900000000009e+00
7.353991027626191057e-01 -2.585918630557378431e-02 6.771406516666597097e-01 4.208339999999999859e-01 3.340142626445942453e-02 9.994402253474411468e-01 1.892268732522727273e-03 -1.460829999999999941e-02 -6.768105380233339075e-01 2.122589081922896664e-02 7.358511786900225893e-01 1.231563299999999916e+00
6.850531219174098574e-01 -2.238910531887302810e-02 7.281489875803102141e-01 4.917747000000000090e-01 3.140129779453442599e-02 9.995061492638405154e-01 1.189991843845966679e-03 -1.576910000000000117e-02 -7.278160335194803210e-01 2.204961557011514417e-02 6.854178548923136605e-01 1.300857699999999895e+00
6.585292184491458034e-01 -1.611376577124016760e-02 7.523826253984250423e-01 5.289395000000000069e-01 2.982318193874051657e-02 9.995441598835852481e-01 -4.695770614771221929e-03 -1.637359999999999857e-02 -7.519639926670730334e-01 2.553074607776623789e-02 6.587095981818593682e-01 1.333713300000000102e+00
6.016668075104555369e-01 1.073899710345408917e-03 7.987464550654285178e-01 6.073235000000000161e-01 2.663070416119472233e-02 9.994161744177328943e-01 -2.140364240269804902e-02 -1.823059999999999958e-02 -7.983031118165927476e-01 3.414904173817719102e-02 6.012869403307450344e-01 1.396080599999999894e+00
5.411500288271285930e-01 5.855375564804671251e-03 8.409056789422896250e-01 6.918975000000000541e-01 2.149261960736120747e-02 9.995527954058814890e-01 -2.079126015183647633e-02 -2.132989999999999886e-02 -8.406513626961008567e-01 2.932445691369508015e-02 5.407821766884570724e-01 1.453399700000000072e+00
4.771968398137441114e-01 7.036033047482530625e-03 8.787682688346972748e-01 7.809348000000000400e-01 1.230600537851422697e-02 9.998163992701345482e-01 -1.468774938944172360e-02 -2.377589999999999912e-02 -8.787102698292538205e-01 1.782307463536526165e-02 4.770226406651391082e-01 1.504930099999999937e+00
4.091859742195430583e-01 1.341551247101323632e-02 9.123523784849488782e-01 8.743822999999999457e-01 -8.855179599003577123e-04 9.998972768568052949e-01 -1.430564896423868956e-02 -2.591140000000000110e-02 -9.124505763930154112e-01 5.045766491368573574e-03 4.091558210273543716e-01 1.550678800000000024e+00
3.743367937541072776e-01 1.317552961767911972e-02 9.271992074312772614e-01 9.232590000000000519e-01 -3.792655202569732500e-03 9.999124434850328313e-01 -1.267758377236253252e-02 -2.690999999999999989e-02 -9.272850589804676469e-01 1.229139164012522933e-03 3.743539883699732451e-01 1.570965900000000026e+00
3.392063833474586731e-01 1.294602016648277107e-02 9.406228947129587903e-01 9.728913000000000144e-01 -4.714534858885676381e-03 9.999161379011047845e-01 -1.206193707508407265e-02 -2.797049999999999884e-02 -9.407001661833601647e-01 -3.431133747863026121e-04 3.392389712515512246e-01 1.589236499999999941e+00
3.042726887376993594e-01 1.223809159010710162e-02 9.525063569355131099e-01 1.024083999999999994e+00 -4.471908390359692620e-03 9.999248035480357011e-01 -1.141881275659943455e-02 -2.914809999999999970e-02 -9.525744763133637827e-01 -7.850883098080158051e-04 3.043045361355404266e-01 1.605462799999999968e+00
2.697485282023763808e-01 1.088851040588225370e-02 9.628692392395723498e-01 1.075394200000000078e+00 -2.785878494638713981e-03 9.999407060446380280e-01 -1.052726346036151825e-02 -3.007809999999999997e-02 -9.629267731316151213e-01 1.572771176845113791e-04 2.697628678121645196e-01 1.619901299999999988e+00
2.027907229970293268e-01 1.246426850581564515e-02 9.791427703235915381e-01 1.180583600000000066e+00 6.806517392492246812e-03 9.998768878294029827e-01 -1.413791022651931031e-02 -3.256799999999999973e-02 -9.791984446409871534e-01 9.531589332443513723e-03 2.026809187305746995e-01 1.643047499999999994e+00
1.705775473472942172e-01 1.739028488347425794e-02 9.851907827079248170e-01 1.233457400000000037e+00 7.117487423005949311e-03 9.997964145981351747e-01 -1.888043244994892442e-02 -3.387090000000000239e-02 -9.853185483455414451e-01 1.023266086535359540e-02 1.704190451148277496e-01 1.652462400000000109e+00
1.416762552704158018e-01 2.058891049865158376e-02 9.896989115165432116e-01 1.286796000000000051e+00 1.379915645936082361e-02 9.996454652030205557e-01 -2.277119188902333030e-02 -3.540530000000000066e-02 -9.898168628456286422e-01 1.688314732255677408e-02 1.413419165107180353e-01 1.659700500000000023e+00
1.163024796101972125e-01 1.872848628133617910e-02 9.930372485652940728e-01 1.341698400000000069e+00 1.535868668780042585e-02 9.996687410822413522e-01 -2.065233270777779018e-02 -3.690990000000000243e-02 -9.930950830508353810e-01 1.765366547367908101e-02 1.159763084237370734e-01 1.666109000000000062e+00
9.410057594615256482e-02 1.575912398422222443e-02 9.954379597030909022e-01 1.396672799999999937e+00 1.634128381837511579e-02 9.997155542526530159e-01 -1.737161559781126921e-02 -3.840400000000000064e-02 -9.954285730527177023e-01 1.790141325596166996e-02 9.381628511974660078e-02 1.671389699999999978e+00
7.526230910489306591e-02 1.296039703571339775e-02 9.970795419307711960e-01 1.451872199999999946e+00 1.642381524320997432e-02 9.997637835983217425e-01 -1.423500256498382889e-02 -4.001910000000000189e-02 -9.970285066742359259e-01 1.744720934261017806e-02 7.503167174666114381e-02 1.675598099999999979e+00
5.876366065302717628e-02 1.638885549186790483e-02 9.981373841322257467e-01 1.507500899999999922e+00 1.723855574355063688e-02 9.996994790329045699e-01 -1.742939520510293494e-02 -4.126470000000000138e-02 -9.981230707595792895e-01 1.823066200130536024e-02 5.846348074192808664e-02 1.678957299999999986e+00
4.427282503088615651e-02 2.014514885560839130e-02 9.988163444504548627e-01 1.562797900000000073e+00 2.014052521938708429e-02 9.995754710136521837e-01 -2.105319433536366816e-02 -4.301010000000000250e-02 -9.988164376939695499e-01 2.104877016409119686e-02 4.384829605477835734e-02 1.681163399999999974e+00
2.345799510801585552e-02 2.810318987984296302e-02 9.993297419691309358e-01 1.675900200000000062e+00 2.929047147498654163e-02 9.991563651031710735e-01 -2.878587074576273788e-02 -4.657590000000000341e-02 -9.992956473167915465e-01 2.994609811638656791e-02 2.261504944320147370e-02 1.683972599999999931e+00
1.785246759533921576e-02 3.310953831083010557e-02 9.992922734984001076e-01 1.731728699999999899e+00 3.322361799217778133e-02 9.988799798233547467e-01 -3.368942141985025590e-02 -4.877700000000000091e-02 -9.992884871788864087e-01 3.380154406144928597e-02 1.673245381869314929e-02 1.684376400000000107e+00
1.433785449586810930e-02 3.750152065531663081e-02 9.991937058833957330e-01 1.788175700000000035e+00 3.515152755998987577e-02 9.986598232022416699e-01 -3.798588727233801615e-02 -5.136799999999999700e-02 -9.992791381984587051e-01 3.566782121473583561e-02 1.300040349908626602e-02 1.684980900000000004e+00
1.151199245404070821e-02 4.132800182368636527e-02 9.990793113136707815e-01 1.845227799999999974e+00 3.736788972538603731e-02 9.984298198580429107e-01 -4.173171019389478043e-02 -5.401040000000000008e-02 -9.992352650138048853e-01 3.781390066493020563e-02 9.949576337376919710e-03 1.685514900000000038e+00
9.293454444514372831e-03 4.429985447428543693e-02 9.989750520398616995e-01 1.902795299999999967e+00 3.765481758000969320e-02 9.982941318931827235e-01 -4.461996123544713366e-02 -5.686689999999999801e-02 -9.992475901484594303e-01 3.803089692859930315e-02 7.609498097925104787e-03 1.685569899999999954e+00
6.754846481185552455e-03 4.773547305471077806e-02 9.988371722464369773e-01 1.959978100000000056e+00 3.885899229611940175e-02 9.980929607349404709e-01 -4.796269851760515818e-02 -5.992739999999999873e-02 -9.992218726422804620e-01 3.913778664671179602e-02 4.887012344031882449e-03 1.685863899999999971e+00
4.818865312047966760e-03 5.138128118853524384e-02 9.986674834400733891e-01 2.017199999999999882e+00 3.981961349640508740e-02 9.978771332742911726e-01 -5.153275918558630070e-02 -6.311730000000000118e-02 -9.991952646595666510e-01 4.001488262768478771e-02 2.762652745343818772e-03 1.685844899999999980e+00
2.343998199792535729e-03 5.259304612421378949e-02 9.986132770856872565e-01 2.074884899999999810e+00 4.235455408941179306e-02 9.977146792845588141e-01 -5.264513736326532911e-02 -6.646150000000000668e-02 -9.990998936144104281e-01 4.241922016593782652e-02 1.110863953546203931e-04 1.686381700000000095e+00
6.405653603088865174e-04 5.124694603406043658e-02 9.986858065468843249e-01 2.132556399999999908e+00 4.257893623065565902e-02 9.977789108421818431e-01 -5.122771972335951607e-02 -7.001319999999999766e-02 -9.990929005180072542e-01 4.255579397416310583e-02 -1.542897839667878301e-03 1.686059799999999997e+00
-1.912996844581273332e-03 5.078756124818343404e-02 9.987076469445570481e-01 2.190747700000000187e+00 4.184810913676784844e-02 9.978386516884316659e-01 -5.066321109335568396e-02 -7.349999999999999589e-02 -9.991221527945164382e-01 4.169710804210248478e-02 -4.034225597985496847e-03 1.686280299999999954e+00
-3.932500482121141852e-03 5.232535069815361095e-02 9.986223475940612104e-01 2.249192700000000045e+00 4.163344785545082527e-02 9.977727628592566456e-01 -5.211688513210464835e-02 -7.660669999999999980e-02 -9.991252131037562378e-01 4.137114175993659992e-02 -6.102226630801177443e-03 1.685676500000000022e+00
-6.611866032583870595e-03 5.462315694185615467e-02 9.984851495907550722e-01 2.307209299999999796e+00 4.012439238529967589e-02 9.977173270625414592e-01 -5.431545281858655982e-02 -7.991009999999999780e-02 -9.991728160650076296e-01 3.970448343553847903e-02 -8.788494287384041037e-03 1.685787900000000006e+00
-1.131565521810600980e-02 6.052931910769217272e-02 9.981022780633977964e-01 2.424948699999999846e+00 3.660343803803754736e-02 9.975222715257500150e-01 -6.007916555598470654e-02 -8.757420000000000482e-02 -9.992658026124884296e-01 3.585413976749467213e-02 -1.350319927841037160e-02 1.684534500000000046e+00
-1.359903769980524112e-02 6.498967565258419177e-02 9.977932692858831887e-01 2.483567199999999975e+00 3.322338198679149202e-02 9.973639295311683695e-01 -6.450890604797418493e-02 -9.144810000000000438e-02 -9.993554287954805604e-01 3.227280788401481332e-02 -1.572236649752378757e-02 1.684073300000000106e+00
-1.618949899862281647e-02 6.731453074950372040e-02 9.976004481114412181e-01 2.542612600000000000e+00 3.095936803419894676e-02 9.972865633195916457e-01 -6.679092867389395394e-02 -9.573689999999999978e-02 -9.993895224851504500e-01 2.980376775128081371e-02 -1.822958514972583544e-02 1.683464999999999989e+00
-2.175158800579449214e-02 6.220231038727412620e-02 9.978265084681362529e-01 2.662272900000000053e+00 2.593141512799347626e-02 9.977619625711785512e-01 -6.163300865258659195e-02 -1.039102999999999971e-01 -9.994270509290240634e-01 2.453443760503491028e-02 -2.331590107027392555e-02 1.681634899999999933e+00
-2.456819595897609051e-02 6.058609609240970389e-02 9.978605757858172165e-01 2.721847100000000186e+00 2.591927397062627342e-02 9.978649227035203406e-01 -5.994820493336695810e-02 -1.079665999999999959e-01 -9.993620940300651512e-01 2.439100240208764633e-02 -2.608608858499850136e-02 1.680674699999999966e+00
-2.614624846366153318e-02 6.131316459048407469e-02 9.977760618190723019e-01 2.781855100000000025e+00 2.555674100125843867e-02 9.978320530780273589e-01 -6.064690296695663535e-02 -1.115634999999999960e-01 -9.993313898205498091e-01 2.391421539564005799e-02 -2.765652945219010395e-02 1.679030699999999987e+00
-2.722428274503257972e-02 6.375982806858813967e-02 9.975938666379633446e-01 2.841969300000000143e+00 2.710200805542988325e-02 9.976439894989812540e-01 -6.302341926554064222e-02 -1.157723999999999975e-01 -9.992618873890777298e-01 2.532102962402570795e-02 -2.888816142293026967e-02 1.677096799999999943e+00
-2.775291072395683761e-02 6.635107565908275606e-02 9.974103020849698353e-01 2.901776299999999864e+00 2.760505766285120330e-02 9.974649660021300823e-01 -6.558660221264896173e-02 -1.199730999999999992e-01 -9.992335746649922967e-01 2.571334978668211521e-02 -2.951418142129291766e-02 1.675199000000000105e+00
-2.825665675914366265e-02 6.753527002034358240e-02 9.973166742073833468e-01 2.962481700000000107e+00 2.591957082298531820e-02 9.974290945214543402e-01 -6.680851181147391682e-02 -1.239780000000000049e-01 -9.992645981906638220e-01 2.396223498321645509e-02 -2.993449677981796508e-02 1.673954399999999954e+00
-2.822578700540742669e-02 6.679962807293612914e-02 9.973670912142844625e-01 3.023349300000000017e+00 2.277184073300399583e-02 9.975486587339208455e-01 -6.616733882956313262e-02 -1.281219000000000108e-01 -9.993421577305523495e-01 2.084425934095327643e-02 -2.967774646045429066e-02 1.672661200000000070e+00
-2.843102247783632283e-02 6.673199095399329206e-02 9.973657896399802381e-01 3.084580900000000181e+00 1.869669046375448812e-02 9.976300826610452477e-01 -6.621670435334627014e-02 -1.323853000000000113e-01 -9.994208876777429529e-01 1.676483083815856132e-02 -2.961131068359879048e-02 1.671670800000000012e+00
-2.761705559376482697e-02 6.782171528206612510e-02 9.973151523849064226e-01 3.146220000000000017e+00 1.508766557458670818e-02 9.976103287012545451e-01 -6.742398991519529816e-02 -1.370136999999999883e-01 -9.995047076366574412e-01 1.318510541381005818e-02 -2.857433126752717545e-02 1.669610000000000039e+00
-2.872116728152540599e-02 6.828949579395213187e-02 9.972520440260798091e-01 3.269332400000000138e+00 7.241730183488927219e-03 9.976516513159376931e-01 -6.810829590095601738e-02 -1.459387000000000045e-01 -9.995612296872743441e-01 5.265680467938689546e-03 -2.914825406904142380e-02 1.667600600000000099e+00
-2.920916665652005181e-02 6.356951623344518632e-02 9.975498690236379584e-01 3.331456900000000054e+00 7.541033355810702887e-03 9.979612976011409398e-01 -6.337492647864349793e-02 -1.499600000000000100e-01 -9.995448751302555834e-01 5.671428047032456982e-03 -2.962899770071791838e-02 1.666201700000000008e+00
-2.949219835828548880e-02 5.440157681991804328e-02 9.980835028571017897e-01 3.394398499999999874e+00 1.092845699126644698e-02 9.984757159780103253e-01 -5.410003170044860171e-02 -1.541097999999999912e-01 -9.995052671515971543e-01 9.311983768567240471e-03 -3.004176916408818343e-02 1.664572799999999964e+00
-2.926008530306892577e-02 4.841831485377452726e-02 9.983984746556748835e-01 3.457181199999999954e+00 1.653507240826493016e-02 9.987129155227794097e-01 -4.794897025425129411e-02 -1.579791999999999863e-01 -9.994350598155494758e-01 1.510560011089914431e-02 -3.002302544346657776e-02 1.662109499999999906e+00
-2.880370162208591850e-02 5.017084743597434449e-02 9.983252139660814262e-01 3.518788799999999828e+00 2.487858591475634873e-02 9.984661992255237095e-01 -4.946013512940330287e-02 -1.613385999999999987e-01 -9.992754388734610416e-01 2.341228463206728588e-02 -3.000770222058224412e-02 1.660261299999999940e+00
-2.764066734843457357e-02 5.521529320565830151e-02 9.980918118613870682e-01 3.581576099999999929e+00 3.053418033204418486e-02 9.980540203223872142e-01 -5.436760386268710277e-02 -1.649406999999999957e-01 -9.991514686672804402e-01 2.897315851841230847e-02 -2.927283289132709410e-02 1.657799999999999940e+00
-2.659670659044448965e-02 6.056273314519863143e-02 9.978099871982263336e-01 3.644629699999999861e+00 3.397084858658903223e-02 9.976413267221769798e-01 -5.964700044697743980e-02 -1.687593000000000010e-01 -9.990688648160587215e-01 3.231003822340890869e-02 -2.859134108699701304e-02 1.655770799999999987e+00
-2.562302815199181752e-02 6.516930875812894375e-02 9.975451977851981233e-01 3.707381499999999885e+00 3.496787872175448342e-02 9.973205885964789852e-01 -6.425644729732064853e-02 -1.726245999999999892e-01 -9.990599120603442795e-01 3.323559473757516786e-02 -2.783320600320349225e-02 1.653905600000000087e+00
-2.544918815055275535e-02 6.306768303886847726e-02 9.976847228351181096e-01 3.771044700000000027e+00 3.172222984883971836e-02 9.975563089123526961e-01 -6.225038700747308890e-02 -1.764287999999999967e-01 -9.991726772464782913e-01 3.006456228305365991e-02 -2.738764573367413746e-02 1.652138600000000013e+00
-2.482227468387222802e-02 5.803078026265533207e-02 9.980061538996771731e-01 3.834256400000000120e+00 3.089446255010179151e-02 9.978814472285020276e-01 -5.725512606649965641e-02 -1.809020000000000072e-01 -9.992143848360366398e-01 2.941166128014231773e-02 -2.656251715262358815e-02 1.650355699999999981e+00
-2.486867838687724375e-02 5.672585688085524103e-02 9.980800198362971276e-01 3.897966100000000100e+00 2.814006606360527907e-02 9.980328998803597029e-01 -5.602202636763324584e-02 -1.844268000000000018e-01 -9.992945939597723815e-01 2.669284393864004845e-02 -2.641602856678904043e-02 1.649127000000000010e+00
-2.505803156744347213e-02 5.751304660687427822e-02 9.980302322695243644e-01 3.961707099999999926e+00 2.675604233001496052e-02 9.980246594030488527e-01 -5.684094846378561633e-02 -1.883183999999999969e-01 -9.993278787529144003e-01 2.527901686030909617e-02 -2.654735492995030643e-02 1.648220299999999972e+00
-2.494620144129476233e-02 6.254352877232903507e-02 9.977304215279573230e-01 4.025698199999999893e+00 2.767842077982700377e-02 9.977016197031343125e-01 -6.184968120271217007e-02 -1.924785999999999997e-01 -9.993055549013952765e-01 2.607268782552225883e-02 -2.661997168983620821e-02 1.646525599999999923e+00
-2.428476152539699173e-02 6.540250387720181191e-02 9.975634129438827324e-01 4.089059800000000244e+00 2.750076203305261424e-02 9.975237742766008830e-01 -6.473042438117115882e-02 -1.965687999999999880e-01 -9.993267525915917604e-01 2.586179111271504766e-02 -2.602324566971392361e-02 1.644941399999999998e+00
-2.388789687189340344e-02 6.463825319171148664e-02 9.976228067798779131e-01 4.153437099999999660e+00 2.753405417124549226e-02 9.975715483614308043e-01 -6.397563411700191160e-02 -2.005881999999999943e-01 -9.993354012762344363e-01 2.594035705424620891e-02 -2.560963943450811353e-02 1.643598700000000079e+00
-2.321571196578136459e-02 5.747530777302395366e-02 9.980769608173100105e-01 4.218399500000000302e+00 2.929376133986126562e-02 9.979564690294266960e-01 -5.678698326978053046e-02 -2.050768000000000035e-01 -9.993012089777962847e-01 2.791907804199947329e-02 -2.485193788821338234e-02 1.641907199999999900e+00
-2.390047688385612060e-02 5.582440100075597433e-02 9.981544987914604539e-01 4.282524600000000348e+00 2.873187111014210982e-02 9.980656301935275643e-01 -5.513145571184259464e-02 -2.092314999999999869e-01 -9.993013793582169457e-01 2.736117832447051978e-02 -2.545818401736632541e-02 1.640747299999999909e+00
-2.326241137087890418e-02 5.916623188977847281e-02 9.979770624724684236e-01 4.347353000000000023e+00 2.593077084293829437e-02 9.979470524273944543e-01 -5.856001771657950994e-02 -2.131519000000000053e-01 -9.993930434722382294e-01 2.451606729147326816e-02 -2.474888086069615412e-02 1.639183000000000057e+00
-2.289616204370862121e-02 6.267598434187100775e-02 9.977712597336353406e-01 4.412388800000000444e+00 2.551552074094215819e-02 9.977444266004236173e-01 -6.208878633948751447e-02 -2.169370999999999938e-01 -9.994121892217376901e-01 2.403705835932344950e-02 -2.444372844808440082e-02 1.637867200000000079e+00
-2.305379771467085115e-02 6.229922319299040223e-02 9.977912252573086782e-01 4.477458500000000008e+00 2.440766542934092939e-02 9.977940660069097856e-01 -6.173546557439952426e-02 -2.210242000000000040e-01 -9.994362352242491809e-01 2.293051745923931767e-02 -2.452352115482459016e-02 1.636733400000000005e+00
-2.240032606290199430e-02 5.864672120699200575e-02 9.980274482617925713e-01 4.542693599999999776e+00 2.363428536457985729e-02 9.980300113084626945e-01 -5.811640975607094972e-02 -2.254321999999999993e-01 -9.994696823553885778e-01 2.228583898576146430e-02 -2.374227101857429023e-02 1.635017900000000024e+00
-2.141354410611813128e-02 5.730948663738617832e-02 9.981267869715620966e-01 4.608797100000000313e+00 2.427581444030544114e-02 9.980911596680350772e-01 -5.678663421771686093e-02 -2.298198999999999936e-01 -9.994759351590586371e-01 2.301433757196083910e-02 -2.276390353275636880e-02 1.633500600000000080e+00
-2.048336681874436335e-02 5.787347502655022791e-02 9.981137673492532780e-01 4.674446099999999937e+00 2.554639253174287306e-02 9.980275663517057527e-01 -5.734421183263084532e-02 -2.339054999999999884e-01 -9.994637629811209401e-01 2.432360356614114705e-02 -2.192142324700496747e-02 1.632251499999999966e+00
-1.973765941104833541e-02 5.788970629249201583e-02 9.981278508820111695e-01 4.740826099999999599e+00 2.805103057109193873e-02 9.979613938991008792e-01 -5.732535190352835291e-02 -2.379193000000000002e-01 -9.994116091405348401e-01 2.686704658745926039e-02 -2.132128801911770122e-02 1.631227299999999936e+00
-1.846251300577988336e-02 5.729913641927296408e-02 9.981863275857456586e-01 4.806794199999999684e+00 2.775377509796626840e-02 9.980011562447685947e-01 -5.677517152696849589e-02 -2.421154000000000084e-01 -9.994442773768448252e-01 2.665522649895764318e-02 -2.001587667244053570e-02 1.629673699999999892e+00
-1.728145663323780654e-02 5.770520448396104785e-02 9.981840815361152641e-01 4.873197099999999615e+00 2.905748325519738259e-02 9.979404738459727309e-01 -5.718805230945946810e-02 -2.462883999999999907e-01 -9.994283435662146831e-01 2.801642438891498860e-02 -1.892263303435237631e-02 1.628725800000000001e+00
-1.607692850282512603e-02 5.610563020297695130e-02 9.982953924713077187e-01 4.939475100000000118e+00 2.912796818794629455e-02 9.980269611038616873e-01 -5.562145610313418836e-02 -2.503168000000000060e-01 -9.994463936795997538e-01 2.818409426108450105e-02 -1.767945110927560126e-02 1.627640999999999893e+00
-1.479066714940994835e-02 5.548760114145192407e-02 9.983498195947363429e-01 5.006366700000000058e+00 2.726482287107107744e-02 9.981101572729770277e-01 -5.507034939350134717e-02 -2.544349000000000194e-01 -9.995188170310175257e-01 2.640530378693527191e-02 -1.627557473133212085e-02 1.626648099999999930e+00
-1.382095401246193761e-02 5.458557115828915896e-02 9.984134397390235227e-01 5.073316100000000439e+00 2.803969575354644736e-02 9.981372908639897235e-01 -5.418232229005791323e-02 -2.585057000000000049e-01 -9.995112589121916136e-01 2.724635770187472383e-02 -1.532577240296650878e-02 1.626190400000000036e+00
-1.186655828670543644e-02 5.578743156416970939e-02 9.983721486870021922e-01 5.140796700000000108e+00 2.602942568834856751e-02 9.981213403137839668e-01 -5.546403346809751500e-02 -2.624870999999999732e-01 -9.995907431507974339e-01 2.532888646760025897e-02 -1.329637986628140478e-02 1.625267599999999923e+00
-1.025530419215534700e-02 5.856254426428651738e-02 9.982310640053332351e-01 5.208018299999999989e+00 2.665197759460981655e-02 9.979449143697251001e-01 -5.827194843059965018e-02 -2.664696999999999760e-01 -9.995921672493349730e-01 2.600723539508826426e-02 -1.179503628149103367e-02 1.624591899999999978e+00
-9.313587222853875885e-03 5.758756453469394965e-02 9.982970146724895466e-01 5.276269899999999957e+00 2.452194236522732204e-02 9.980532334805348738e-01 -5.734472496825901433e-02 -2.705324000000000062e-01 -9.996559065176772174e-01 2.394609675941484703e-02 -1.070761478154591551e-02 1.624356499999999981e+00
-8.683396479279912109e-03 5.623816922365509202e-02 9.983796206593738010e-01 5.344357999999999720e+00 2.137047919993150663e-02 9.981996686901563054e-01 -5.604216310624961228e-02 -2.750202999999999953e-01 -9.997339152216198066e-01 2.084921459512861439e-02 -9.869600114358778598e-03 1.623960599999999976e+00
-8.372685530398117290e-03 5.771921120205224243e-02 9.982977465642312032e-01 5.412720199999999870e+00 1.794407455564472897e-02 9.981806613222131697e-01 -5.756194533448774631e-02 -2.791240999999999861e-01 -9.998039349419217681e-01 1.743158112627705980e-02 -9.393170608878342875e-03 1.623762499999999998e+00
-1.028327947111040003e-02 5.478883274877940912e-02 9.984450099877035800e-01 5.550384000000000206e+00 1.206336896781632154e-02 9.984319387447366800e-01 -5.466387128234327653e-02 -2.877593999999999985e-01 -9.998743567531200860e-01 1.148248668418759208e-02 -1.092809256375926186e-02 1.623842800000000031e+00
-1.152244863230524226e-02 5.341150027295851060e-02 9.985061065492328858e-01 5.619339499999999710e+00 1.028843081266484633e-02 9.985258712906533995e-01 -5.329383223839814776e-02 -2.920301000000000147e-01 -9.998806835662590320e-01 9.658985548869510745e-03 -1.205498358513334978e-02 1.623389600000000099e+00
-1.267003420949498575e-02 5.286279794911646207e-02 9.985214042904244636e-01 5.688447000000000031e+00 8.645819659235290389e-03 9.985700222934240644e-01 -5.275566679827409233e-02 -2.960593999999999726e-01 -9.998823530973783846e-01 7.964619884302533148e-03 -1.310895856078453381e-02 1.622849100000000044e+00
-1.452168800561525787e-02 5.277411417835244783e-02 9.985008830492628773e-01 5.757302799999999721e+00 8.582238858385139724e-03 9.985759753836582764e-01 -5.265326735116353241e-02 -3.002228000000000119e-01 -9.998577227554154012e-01 7.804758757687411258e-03 -1.495392881784274319e-02 1.622176800000000085e+00
-1.680498042606453496e-02 5.138262100508075858e-02 9.985376401976679972e-01 5.826394600000000423e+00 8.356325663203125614e-03 9.986510064379909846e-01 -5.124782104439421643e-02 -3.043121999999999772e-01 -9.998238667156780224e-01 7.482887078928558700e-03 -1.721168053020749600e-02 1.621231700000000053e+00
-1.981958254747823861e-02 4.696229178022759410e-02 9.987000186734713569e-01 5.895357100000000017e+00 6.017869331882468031e-03 9.988837378914127152e-01 -4.685150397568589586e-02 -3.080830999999999986e-01 -9.997854616848294018e-01 5.081468963605912520e-03 -2.008007163393166206e-02 1.620162399999999892e+00
-2.412367701917730173e-02 4.725175486252625179e-02 9.985916682355634455e-01 5.963655900000000010e+00 5.153789564994151057e-03 9.988749656351584294e-01 -4.714065634334081017e-02 -3.117547999999999986e-01 -9.996956970299480938e-01 4.009325351343746846e-03 -2.434006265466248653e-02 1.618929999999999980e+00
-3.031169054215278325e-02 5.385648386627774065e-02 9.980885133904900952e-01 6.031407800000000208e+00 -1.719563900353347774e-04 9.985470550049072580e-01 -5.388644887192517441e-02 -3.155436999999999825e-01 -9.995404803445816500e-01 -1.805017060319692723e-03 -3.025838835654115488e-02 1.618126699999999918e+00
-3.726401097912036831e-02 5.684708578627543224e-02 9.976872267015128859e-01 6.099868299999999799e+00 2.961080362023152390e-04 9.983812307445651957e-01 -5.687556959713199051e-02 -3.197386999999999868e-01 -9.993054116764199524e-01 -1.823988644468525766e-03 -3.722052202274916954e-02 1.615737299999999932e+00
-4.667121720296520809e-02 5.318878448126273389e-02 9.974932334057204919e-01 6.168408900000000195e+00 1.904577649580664611e-03 9.985843056466002787e-01 -5.315785078682101761e-02 -3.237117999999999940e-01 -9.989084893366209084e-01 -5.811382821620629524e-04 -4.670644719443606263e-02 1.613130299999999906e+00
-5.787980341107702709e-02 5.106850926051423323e-02 9.970165172749164695e-01 6.237237499999999990e+00 4.717339475640510565e-03 9.986936045214873658e-01 -5.088055616982384288e-02 -3.278019999999999823e-01 -9.983124135586848302e-01 1.758308786250915162e-03 -5.804509699230031572e-02 1.609636099999999903e+00
-7.094545046884379036e-02 5.181065577817681178e-02 9.961337254634078375e-01 6.304312200000000033e+00 4.642001571429136414e-03 9.986564622526495905e-01 -5.161126061658505987e-02 -3.321142999999999734e-01 -9.974693954599226364e-01 9.624701852461794993e-04 -7.109063772367518741e-02 1.605235799999999990e+00
-8.485247386717442719e-02 5.170833302500113526e-02 9.950509062225890711e-01 6.371661699999999762e+00 6.609255162182602061e-03 9.986597598823088173e-01 -5.133226799987004180e-02 -3.361466000000000176e-01 -9.963716050875904839e-01 2.220875409584349702e-03 -8.508050474458561663e-02 1.599572999999999912e+00
-9.961794976353860465e-02 4.986995180421207458e-02 9.937752522537247613e-01 6.438928100000000043e+00 7.185026976832903367e-03 9.987532542901959021e-01 -4.939951854102957174e-02 -3.400780999999999943e-01 -9.949998188302603408e-01 2.219223239988646346e-03 -9.985206846109806467e-02 1.593307999999999947e+00
-1.154561543028918696e-01 5.229588071432418606e-02 9.919349864249674686e-01 6.504605299999999701e+00 1.068028635874660945e-02 9.986207656830854429e-01 -5.140523154138416928e-02 -3.440102999999999911e-01 -9.932551575083224948e-01 4.659099359460162904e-03 -1.158554481941901360e-01 1.585874299999999959e+00
-1.309068429139795264e-01 5.562209599193631421e-02 9.898331076074181611e-01 6.570889900000000061e+00 1.084558443634187769e-02 9.984454804171782882e-01 -5.467171053428117322e-02 -3.481544999999999779e-01 -9.913353477892982157e-01 3.578417523693231544e-03 -1.313065998017511893e-01 1.577607999999999899e+00
-1.462696831995289881e-01 5.959112019731635512e-02 9.874482660728807204e-01 6.636668700000000420e+00 1.092430278465603491e-02 9.982204183483032178e-01 -5.862299891005054442e-02 -3.526799999999999935e-01 -9.891844314309534703e-01 2.212416363984320150e-03 -1.466603757954199061e-01 1.568219100000000088e+00
-1.624075042043603145e-01 5.761306804895385825e-02 9.850403732680691471e-01 6.702113599999999671e+00 7.544667422940257162e-03 9.983372749556702619e-01 -5.714685842251991665e-02 -3.571736999999999829e-01 -9.866949278128410716e-01 -1.849276635044878186e-03 -1.625721366173772386e-01 1.558287100000000036e+00
-1.790506285127888286e-01 5.235948940117858552e-02 9.824455996638298272e-01 6.768142700000000289e+00 1.214294854427654807e-03 9.985938374085135960e-01 -5.299880543696749990e-02 -3.614522000000000013e-01 -9.838391118049641948e-01 -8.296490787489185087e-03 -1.788624340755523567e-01 1.547400799999999910e+00
-1.948143823764952598e-01 4.878543411373595373e-02 9.796261214553230179e-01 6.833984899999999918e+00 -2.768628752636562856e-03 9.987309486990255669e-01 -5.028744182770009119e-02 -3.654799000000000242e-01 -9.808362203314553440e-01 -1.250893796765236224e-02 -1.944320841754947349e-01 1.535124699999999898e+00
-2.102622228117089487e-01 5.045259514460358891e-02 9.763423238298407636e-01 6.898929100000000147e+00 -5.243438141075702774e-03 9.985949492928243298e-01 -5.273171344952148898e-02 -3.693172000000000121e-01 -9.776309651472478990e-01 -1.620687786208236877e-02 -2.097022486651575202e-01 1.521940499999999918e+00
-2.245594827311393482e-01 5.260224204925341429e-02 9.730395895578529686e-01 6.963482400000000183e+00 -5.008341074295444284e-03 9.984664781665975042e-01 -5.513264456993635654e-02 -3.733902000000000054e-01 -9.744475128169842737e-01 -1.725387228952283969e-02 -2.239516658920183145e-01 1.507232499999999975e+00
-2.389890187016028011e-01 5.471820878703011898e-02 9.694793275605125826e-01 7.027147300000000207e+00 -4.007206657499311209e-03 9.983469337844484981e-01 -5.733534771843761674e-02 -3.776956000000000202e-01 -9.710140015647811262e-01 -1.758742250385304101e-02 -2.383746868583614953e-01 1.492185600000000001e+00
-2.536018442232583214e-01 5.447482949118938322e-02 9.657735746842880387e-01 7.091395399999999682e+00 -1.809005948034382583e-03 9.983845471982779607e-01 -5.678928959909254615e-02 -3.820535999999999932e-01 -9.673069999250715201e-01 -1.614895871551688331e-02 -2.530936171229182241e-01 1.475717200000000062e+00
-2.679555384928108408e-01 5.265133692284553607e-02 9.619915104153803354e-01 7.155325900000000239e+00 -2.109436925591130774e-03 9.984711265869389285e-01 -5.523549264798784802e-02 -3.861735000000000029e-01 -9.634289697050243406e-01 -1.682991659058265949e-02 -2.674348037198399641e-01 1.458451900000000023e+00
-2.830298683307198582e-01 5.118547480150156814e-02 9.577442982352025735e-01 7.218441999999999581e+00 -2.985187705577183742e-03 9.985230840215578718e-01 -5.424702139693245162e-02 -3.906632999999999911e-01 -9.591064499246463315e-01 -1.821257382748589851e-02 -2.824590587457243007e-01 1.440450400000000020e+00
-2.983007203322188272e-01 5.262589668442874125e-02 9.530200392685554966e-01 7.280932899999999819e+00 -4.901246455413489633e-03 9.983812251719604847e-01 -5.666486572223156104e-02 -3.949591000000000074e-01 -9.544593537875054601e-01 -2.157415635187316313e-02 -2.975599061453714222e-01 1.421418800000000093e+00
-3.136110175052241877e-01 5.495888788210959164e-02 9.479597303377922390e-01 7.343179700000000310e+00 -4.415049637083095363e-03 9.982284295501162585e-01 -5.933388386588779595e-02 -3.991366000000000080e-01 -9.495412771628415349e-01 -2.279304895511512566e-02 -3.128127872758555972e-01 1.401371099999999981e+00
-3.288910105874731094e-01 5.680083110087642828e-02 9.426581399112834436e-01 7.405604399999999643e+00 -3.521460978074087561e-03 9.981088301133775875e-01 -6.137069791263996543e-02 -4.033725000000000227e-01 -9.443613198703826317e-01 -2.350380471230814963e-02 -3.280689999020254266e-01 1.380086200000000041e+00
-3.438919501283186353e-01 5.934449009241678230e-02 9.371320921474265431e-01 7.467590799999999973e+00 -1.058276238508241290e-03 9.979758140613101958e-01 -6.358580502021034253e-02 -4.078755000000000019e-01 -9.390086297198468879e-01 -2.285839111434231907e-02 -3.431330460146890804e-01 1.357619200000000026e+00
-3.594105268312433599e-01 6.301126732970147026e-02 9.310497588165698168e-01 7.529477100000000256e+00 -1.514022215653689635e-03 9.976770171850436464e-01 -6.810489789644073866e-02 -4.125999000000000194e-01 -9.331783221547842455e-01 -2.588724725147511022e-02 -3.584802218953263564e-01 1.334387999999999908e+00
-3.749160794982361322e-01 6.521681660653118329e-02 9.247619694631600273e-01 7.591242799999999846e+00 -8.960125287209158573e-04 9.974965465358851535e-01 -7.070952418543775819e-02 -4.174515999999999782e-01 -9.270583209783626044e-01 -2.733873590151365482e-02 -3.739190594555011904e-01 1.309581000000000106e+00
