1.000000000000000000e+00 0.000000000000000000e+00 0.000000000000000000e+00 0.000000000000000000e+00 0.000000000000000000e+00 1.000000000000000000e+00 0.000000000000000000e+00 0.000000000000000000e+00 0.000000000000000000e+00 0.000000000000000000e+00 1.000000000000000000e+00 0.000000000000000000e+00
9.999783779194484357e-01 1.944832619513182578e-03 6.281824549510284586e-03 -1.144000000000000024e-04 -1.938745843151435787e-03 9.999976454197676556e-01 -9.748945975532979881e-04 -9.960999999999999802e-04 -6.283705765264286508e-03 9.626946570710106068e-04 9.999797939262837776e-01 6.271300000000000485e-02
9.998972846490752353e-01 3.459644380831202078e-03 1.390866680039332462e-02 -6.250000000000000130e-05 -3.448577267881481299e-03 9.999937177622324480e-01 -8.196041093649960446e-04 -2.112699999999999908e-03 -1.391141496159292376e-02 7.715548112869089967e-04 9.999029339075566902e-01 1.253614000000000117e-01
9.997448129792977367e-01 3.998036038506158282e-03 2.223341244217284102e-02 1.199799999999999998e-03 -4.005053151868382191e-03 9.999919429968811002e-01 2.710914478446443954e-04 -3.280599999999999836e-03 -2.223214947412123499e-02 -3.600682674040450422e-04 9.997527703790588527e-01 1.873097999999999985e-01
9.989402887768265016e-01 8.579111874724413070e-03 4.521834028258126664e-02 4.883000000000000188e-03 -8.626725596822136868e-03 9.999624210726723028e-01 8.579323730763781112e-04 -5.370999999999999906e-03 -4.520928072804834136e-02 -1.247109426073462687e-03 9.989767593163175752e-01 3.080352000000000090e-01
9.981272133968934757e-01 1.070090745972377202e-02 6.022919936451758688e-02 7.628499999999999864e-03 -1.079541403847378289e-02 9.999409540935556562e-01 1.243930145759875386e-03 -6.250699999999999659e-03 -6.021233189547055970e-02 -1.891799674393445166e-03 9.981837987974467863e-01 3.675179000000000085e-01
9.970081985735463892e-01 1.276462207280015630e-02 7.623461418850607796e-02 1.177510000000000015e-02 -1.301044349117754136e-02 9.999116372568361832e-01 2.728743028581512211e-03 -7.225999999999999784e-03 -7.619304651537872619e-02 -3.712425311267456788e-03 9.970861735883280730e-01 4.268322999999999978e-01
9.954893876875859915e-01 1.287960164652157159e-02 9.399465337359325101e-02 1.680040000000000006e-02 -1.326201403852501730e-02 9.999061214346206539e-01 3.444894949844767070e-03 -8.106999999999999623e-03 -9.394146041571310723e-02 -4.675914776855910962e-03 9.955667420298663917e-01 4.852696000000000232e-01
9.935190737180000786e-01 1.246129910391874894e-02 1.129803796381020492e-01 2.288159999999999847e-02 -1.282559890786857427e-02 9.999146279864491449e-01 2.498149590269273853e-03 -8.905299999999999674e-03 -1.129396040863499401e-01 -3.931000300630349206e-03 9.935940786183534712e-01 5.425147999999999637e-01
9.910379346449709193e-01 1.201607674701492441e-02 1.330391896932640594e-01 3.028739999999999905e-02 -1.234234578312537640e-02 9.999225050615375698e-01 1.627996323452891901e-03 -9.625500000000000375e-03 -1.330093177006791971e-01 -3.255421795905434970e-03 9.911094407953798813e-01 5.998620999999999537e-01
9.880205561206550913e-01 9.004280028036307573e-03 1.540594158894815768e-01 3.876670000000000116e-02 -9.318189872579185282e-03 9.999557192759147561e-01 1.315608181275607167e-03 -1.042339999999999933e-02 -1.540407479225224252e-01 -2.735402815817640932e-03 9.880607094459860074e-01 6.555725000000000025e-01
9.844162471275526016e-01 4.055475164974411094e-03 1.758072965280211286e-01 4.864369999999999805e-02 -4.723306575529543326e-03 9.999831316086601474e-01 3.380365827926281545e-03 -1.112600000000000047e-02 -1.757906219520792290e-01 -4.158078801962286457e-03 9.844187968615684126e-01 7.113450000000000051e-01
9.799849258711524902e-01 -1.517991867520110004e-03 1.990659206544453108e-01 5.973599999999999743e-02 5.750497813672040149e-04 9.999883406748401038e-01 4.794562767229044661e-03 -1.183859999999999947e-02 -1.990708777874371227e-01 -4.584126423877543308e-03 9.799743728291414602e-01 7.659960000000000102e-01
9.748435051650380379e-01 -6.150825573482660187e-03 2.228055380422737930e-01 7.219810000000000116e-02 5.311975882622207122e-03 9.999763687004191715e-01 4.364052353711241061e-03 -1.260290000000000021e-02 -2.228271153826772710e-01 -3.070730448620377639e-03 9.748531413832275394e-01 8.195031000000000398e-01
9.686561066541454768e-01 -1.254738702735950368e-02 2.480885126732360890e-01 8.580179999999999751e-02 1.228292106428367433e-02 9.999211456579319979e-01 2.613869977106476027e-03 -1.335410000000000069e-02 -2.481017470550365978e-01 5.153105027967791983e-04 9.687338424785851831e-01 8.720413999999999666e-01
9.615367769577514157e-01 -1.629164993959249241e-02 2.741926488802082784e-01 1.006871000000000016e-01 1.602662442556673783e-02 9.998664229038340956e-01 3.206814465015600350e-03 -1.400969999999999993e-02 -2.742082673210661237e-01 1.310912558861794530e-03 9.616694378220833617e-01 9.234194000000000013e-01
9.532892398187868821e-01 -1.845393523898296653e-02 3.014947387930921874e-01 1.166761999999999938e-01 1.752555636827992855e-02 9.998296851760072324e-01 5.784074241271137777e-03 -1.463650000000000020e-02 -3.015501287011858045e-01 -2.300326970586180977e-04 9.534502960119403125e-01 9.743372999999999617e-01
9.439392186694886000e-01 -2.302541996128610463e-02 3.293153222873815289e-01 1.341768000000000127e-01 2.136727516530979865e-02 9.997342386856746810e-01 8.653990500596281735e-03 -1.519419999999999972e-02 -3.294270647801201268e-01 -1.132269924038871445e-03 9.441803466262013167e-01 1.023768800000000034e+00
9.217805402593971520e-01 -2.571038566013631593e-02 3.868586455907390698e-01 1.725407999999999942e-01 2.585782614935889373e-02 9.996539905334353993e-01 4.824110011990254653e-03 -1.646049999999999944e-02 -3.868488185660175493e-01 5.556552868938634780e-03 9.221264101490050935e-01 1.119237199999999932e+00
9.090283437021181578e-01 -2.663644319762567894e-02 4.158821590787027400e-01 1.937508000000000008e-01 2.955590547602060178e-02 9.995629589266235016e-01 -5.827463821015963288e-04 -1.681500000000000009e-02 -4.156848792025953365e-01 1.282150676141372014e-02 9.094183251764232923e-01 1.165460200000000057e+00
8.953060215290596924e-01 -2.871461819093509837e-02 4.445251382272501495e-01 2.164220000000000033e-01 3.349808175803477284e-02 9.994345513334960129e-01 -2.907940739699158179e-03 -1.756629999999999997e-02 -4.441902816725497027e-01 1.749423627834045814e-02 8.957616565608836900e-01 1.210429399999999989e+00
8.800526474289265266e-01 -2.932482153152252136e-02 4.739698224523180570e-01 2.403048999999999880e-01 3.316290964983414913e-02 9.994499254273345734e-01 2.607428853335334862e-04 -1.826480000000000117e-02 -4.737167499433542761e-01 1.548875093219812329e-02 8.805410492519163412e-01 1.254872299999999941e+00
8.436065960593598367e-01 -2.833186220516426337e-02 5.362137788877935352e-01 2.924983999999999917e-01 2.732160771133988406e-02 9.995783570184226807e-01 9.830459420515712254e-03 -1.945850000000000010e-02 -5.362662033330160005e-01 6.357182106746513822e-03 8.440249672838203709e-01 1.341240500000000058e+00
8.013329693725945724e-01 -1.499617893747444940e-02 5.980305901990093931e-01 3.493678000000000061e-01 2.036487130696714234e-02 9.997901557906848646e-01 -2.217295805384973326e-03 -2.011920000000000028e-02 -5.978718459780080208e-01 1.395560823873897259e-02 8.014702095433964280e-01 1.422244300000000017e+00
7.793150401021997631e-01 -1.273737441228496234e-02 6.265028551918883082e-01 3.801071999999999784e-01 1.964464328403275548e-02 9.997985800847309923e-01 -4.109410030526930782e-03 -2.063910000000000050e-02 -6.263243219457073074e-01 1.550995014940915150e-02 7.794082917095589425e-01 1.460779199999999944e+00
7.323453799658026231e-01 -1.515774601434096737e-02 6.807646342007707130e-01 4.461141000000000134e-01 2.082925851593009706e-02 9.997830367224715964e-01 -1.465321451166708491e-04 -2.227869999999999850e-02 -6.806147121774703823e-01 1.428713469376310941e-02 7.325022125221338776e-01 1.533876299999999970e+00
6.813756508186276095e-01 -1.096435179207153401e-02 7.318517646772955132e-01 5.147848000000000424e-01 2.150079351612155590e-02 9.997561280469947631e-01 -5.039872087490388994e-03 -2.391530000000000045e-02 -7.316180276275789929e-01 1.916943980039211015e-02 6.814452246718516459e-01 1.600837000000000065e+00
6.272317396957476365e-01 -7.048570695177944385e-03 7.788007847770835879e-01 5.892174999999999496e-01 1.972534484434321569e-02 9.997820534954253713e-01 -6.837856333834499770e-03 -2.557879999999999876e-02 -7.785828507545088373e-01 1.965103456883369321e-02 6.272340722181448669e-01 1.663143899999999897e+00
5.692639194344745190e-01 8.664083907749423746e-03 8.221091920664430619e-01 6.679218000000000099e-01 1.752621928305531096e-02 9.995893572667648996e-01 -2.267043177043860658e-02 -2.766769999999999993e-02 -8.219680174238791492e-01 2.731392481968362984e-02 5.688783067082118228e-01 1.720229599999999914e+00
5.074665396685967833e-01 2.210998600999790342e-02 8.613877521972426177e-01 7.516926999999999914e-01 1.364915483691274412e-02 9.993390569868287887e-01 -3.369198351112239614e-02 -3.075970000000000093e-02 -8.615633532648765414e-01 2.885476909132108844e-02 5.068293505822920597e-01 1.771872200000000008e+00
4.425636182397330032e-01 2.032536951431041655e-02 8.965067334742459204e-01 8.408601999999999466e-01 7.797606276353089179e-03 9.996180721037019046e-01 -2.651239823247217992e-02 -3.453019999999999701e-02 -8.967032068342984941e-01 1.872402942170717233e-02 4.422361016191466154e-01 1.818341500000000055e+00
4.083921764631255891e-01 2.199534479227760464e-02 9.125415250886833585e-01 8.866351999999999567e-01 3.502984014507793190e-03 9.996645133857352539e-01 -2.566300411594766087e-02 -3.610519999999999702e-02 -9.127998462459913087e-01 1.367718848045423527e-02 4.081781170133508274e-01 1.839642900000000081e+00
3.734360448488631135e-01 2.523809158153735716e-02 9.273125466319106502e-01 9.336567999999999534e-01 -3.795086909114335494e-03 9.996630389633552882e-01 -2.567889884519148486e-02 -3.769940000000000097e-02 -9.276481648356719178e-01 6.070194714442101944e-03 3.734059922030424916e-01 1.859343100000000026e+00
3.380419576417925676e-01 2.752556825612866021e-02 9.407284294449070883e-01 9.817417999999999978e-01 -8.934649921146649645e-03 9.996210209623910270e-01 -2.603817353221312900e-02 -3.929400000000000254e-02 -9.410886286128904432e-01 3.969159662856776294e-04 3.381597781422631677e-01 1.876998200000000061e+00
3.022679757809769163e-01 2.683617317964901577e-02 9.528451556398567224e-01 1.030893099999999896e+00 -1.149492798229826557e-02 9.996335589913272202e-01 -2.450743497419735281e-02 -4.108579999999999871e-02 -9.531536798690716239e-01 -3.545073681127379472e-03 3.024656922770627698e-01 1.893084599999999895e+00
2.659111497608011576e-01 2.627364226715368442e-02 9.636394326483876949e-01 1.080467300000000019e+00 -1.192261055317314980e-02 9.996416945532440312e-01 -2.396526378565622117e-02 -4.287389999999999951e-02 -9.639238101585032581e-01 -5.116466821582718594e-03 2.661291227520533598e-01 1.907414200000000060e+00
2.302895259807572481e-01 2.568434280876144907e-02 9.727831458028249889e-01 1.131372999999999962e+00 -1.115249218642143728e-02 9.996556326106375012e-01 -2.375369671983343714e-02 -4.459810000000000163e-02 -9.730582491000167034e-01 -5.378728874747360639e-03 2.304966662103857811e-01 1.919429999999999970e+00
1.950826067735269842e-01 2.433124345434495295e-02 9.804849652730076581e-01 1.182822199999999935e+00 -8.893774288842014666e-03 9.996950200064966818e-01 -2.303839736416762873e-02 -4.619109999999999883e-02 -9.807464898297342248e-01 -4.225821361055055042e-03 1.952395070688304202e-01 1.929760499999999990e+00
1.611654197942082034e-01 2.365999697784873859e-02 9.866437614486621710e-01 1.235040499999999986e+00 -6.866248864361747251e-04 9.997150430493648710e-01 -2.386129181481602343e-02 -4.779189999999999827e-02 -9.869271685432626784e-01 3.168160951509277345e-03 1.611357401303737946e-01 1.937473999999999918e+00
9.447630579386429028e-02 3.202011393207870871e-02 9.950120300515572502e-01 1.340122100000000094e+00 2.484929604190635327e-03 9.994719067477749741e-01 -3.239957942364476984e-02 -5.160619999999999791e-02 -9.955240091371009292e-01 5.533527423221792571e-03 9.434684576523999500e-02 1.949723700000000060e+00
6.557751707994693979e-02 3.547498357537406943e-02 9.972166839729247334e-01 1.392768500000000076e+00 9.625641078279329951e-03 9.992988576254953070e-01 -3.618204226148953595e-02 -5.401040000000000008e-02 -9.978010504541779957e-01 1.197157837158546734e-02 6.519006844475294660e-02 1.952603599999999995e+00
4.000726452071928091e-02 3.361777151961463372e-02 9.986336987222212969e-01 1.446573499999999957e+00 1.149159455840376848e-02 9.993522771313347874e-01 -3.410233785125214856e-02 -5.630570000000000019e-02 -9.991333054403073177e-01 1.284023482926489358e-02 3.959502910031598155e-02 1.954832399999999915e+00
1.765112468745838603e-02 3.072168317023559955e-02 9.993721108678468301e-01 1.500797500000000007e+00 1.279078028526115310e-02 9.994391000625159061e-01 -3.094965599037128451e-02 -5.849050000000000082e-02 -9.997623886389017667e-01 1.332904533024826567e-02 1.724826987330074779e-02 1.955925799999999937e+00
-1.253455550452731247e-03 2.799438807555632014e-02 9.996072944338981747e-01 1.555056999999999912e+00 1.298942105340805675e-02 9.995242023414175891e-01 -2.797577299110956539e-02 -6.074539999999999801e-02 -9.999148482695313644e-01 1.294925364752602670e-02 -1.616490053082619838e-03 1.955858499999999944e+00
-1.755404661779469064e-02 3.128942412814889051e-02 9.993562064574715853e-01 1.609761800000000020e+00 1.442830485499037654e-02 9.994140679160846696e-01 -3.103779744819616659e-02 -6.277149999999999397e-02 -9.997418064012083549e-01 1.387417706217579545e-02 -1.799521448873675489e-02 1.954808499999999949e+00
-3.183566486411096297e-02 3.551495486062503787e-02 9.988619416235200443e-01 1.664190099999999894e+00 1.743376450816702672e-02 9.992361983705455586e-01 -3.497261387219532253e-02 -6.516130000000000533e-02 -9.993410600479368799e-01 1.630054745177776654e-02 -3.243050809097125509e-02 1.952781000000000100e+00
-4.384267732141079038e-02 4.056922005260227976e-02 9.982143848039930489e-01 1.719232899999999953e+00 2.158421379181928862e-02 9.989803866512361186e-01 -3.965234925115687648e-02 -6.754519999999999968e-02 -9.988052569746916909e-01 1.980720753842440257e-02 -4.467362946135111645e-02 1.950218100000000065e+00
-5.243191516594646745e-02 4.405703788862268960e-02 9.976521797122036572e-01 1.774687499999999973e+00 2.693365936909642572e-02 9.987253045775487115e-01 -4.268892115610477267e-02 -7.012050000000000227e-02 -9.982612244623249032e-01 2.463216208462240542e-02 -5.355169769499756871e-02 1.946780699999999920e+00
-5.842911089672292446e-02 4.941330963353718353e-02 9.970678832611543640e-01 1.829435300000000097e+00 3.037502567950069177e-02 9.983997863835242237e-01 -4.769931198982491072e-02 -7.304929999999999757e-02 -9.978293425304691766e-01 2.749893416831209955e-02 -5.983654238689528615e-02 1.943645700000000032e+00
-6.479895237179586487e-02 5.798128091427209863e-02 9.962124606905186086e-01 1.940438700000000072e+00 3.497025559523632421e-02 9.978293237438387031e-01 -5.580073387077790631e-02 -7.961000000000000021e-02 -9.972854039817898864e-01 3.122197528110296633e-02 -6.668591503776954976e-02 1.936495300000000030e+00
-6.692878914145890257e-02 6.082015432310387132e-02 9.959023275463172453e-01 1.996639800000000076e+00 3.559979245392106556e-02 9.976504258176311923e-01 -5.853445688769041977e-02 -8.341129999999999378e-02 -9.971224558504818702e-01 3.153627584247976900e-02 -6.893671985735283503e-02 1.932213299999999911e+00
-7.171720914615252462e-02 6.766473396921189598e-02 9.951271907093900415e-01 2.108346200000000170e+00 3.720060467719933650e-02 9.971835515695487429e-01 -6.512357093089914117e-02 -9.143229999999999413e-02 -9.967310353971815529e-01 3.234885246831638306e-02 -7.403239034399300422e-02 1.924556600000000062e+00
-7.551196417143134221e-02 6.807971971523503474e-02 9.948181215832707647e-01 2.222846699999999842e+00 3.960177635689572651e-02 9.970841997053778716e-01 -6.522881270776384466e-02 -9.932630000000000625e-02 -9.963581898977649232e-01 3.447100899859411455e-02 -7.798786419865566533e-02 1.915353800000000106e+00
-8.029462513121500555e-02 6.885478996092575521e-02 9.943901603869952366e-01 2.336109200000000108e+00 3.886211136454532228e-02 9.970690188674768972e-01 -6.590226031735760270e-02 -1.075184000000000001e-01 -9.960133078806362450e-01 3.335250386528552241e-02 -8.273512561535623089e-02 1.907077399999999923e+00
-8.528727732578876564e-02 7.320042657668845987e-02 9.936638153195197498e-01 2.451196200000000047e+00 3.626155084708450327e-02 9.968649120267792929e-01 -7.032387290249156320e-02 -1.162455000000000016e-01 -9.956963293376742685e-01 3.003405931325842798e-02 -8.767425519871485662e-02 1.897495200000000048e+00
-9.008529686335770004e-02 8.080608965228788798e-02 9.926505000070001694e-01 2.566402699999999815e+00 3.066441483374646865e-02 9.964555380691926256e-01 -7.833297079863499324e-02 -1.255699999999999872e-01 -9.954618691602129532e-01 2.338239778855674689e-02 -9.224386441229071032e-02 1.887954499999999980e+00
-9.260766472307266350e-02 8.279838036904088594e-02 9.922541250318906991e-01 2.624589900000000142e+00 2.878554684882630305e-02 9.963426674660827986e-01 -8.045297557694652824e-02 -1.307429999999999981e-01 -9.952864978121392925e-01 2.111201541384323532e-02 -9.465236435511081847e-02 1.882585500000000023e+00
-9.850099040365513370e-02 7.712658588052724584e-02 9.921436612910009556e-01 2.741866400000000148e+00 2.357148233322288802e-02 9.968931842553613309e-01 -7.515560129372061970e-02 -1.407269999999999910e-01 -9.948577486807413939e-01 1.598339562232618458e-02 -1.000129539323112438e-01 1.872011099999999928e+00
-1.007747933963224207e-01 7.541668605489118549e-02 9.920467551886987811e-01 2.801396099999999834e+00 2.404669477028656757e-02 9.970161877521659388e-01 -7.335174047534492869e-02 -1.456897000000000053e-01 -9.946186191131517473e-01 1.646343902821229693e-02 -1.022876223636620674e-01 1.865877000000000008e+00
-1.023273453785331771e-01 7.620714940375498958e-02 9.918273966611005354e-01 2.861128799999999917e+00 2.365518909009009865e-02 9.969656535537103625e-01 -7.416142975519857128e-02 -1.499311000000000116e-01 -9.944694798820598036e-01 1.587312237642409321e-02 -1.038195432908881610e-01 1.859657499999999963e+00
-1.039269475610403726e-01 8.150282058444054123e-02 9.912398699645939004e-01 2.979828400000000155e+00 2.550014653246832075e-02 9.965274504310127623e-01 -7.926400863120702800e-02 -1.599606000000000083e-01 -9.942579806556581801e-01 1.703909546442866629e-02 -1.056443899517938156e-01 1.846710199999999968e+00
-1.046817996648646137e-01 8.224944893345015329e-02 9.910987584338246670e-01 3.038992400000000149e+00 2.396820066618319395e-02 9.964933552500339076e-01 -8.016556804111907297e-02 -1.649119000000000002e-01 -9.942169009706838256e-01 1.536297798844642876e-02 -1.062860890783727807e-01 1.841249499999999983e+00
-1.045132726033301401e-01 8.129344450405395772e-02 9.911954155111937226e-01 3.099150400000000083e+00 2.102722684928370195e-02 9.966114319650019038e-01 -7.952049677722831944e-02 -1.699126999999999998e-01 -9.943011775014503062e-01 1.253114349669318117e-02 -1.058684979674998639e-01 1.835285099999999892e+00
-1.042839835328792097e-01 8.162808635648435840e-02 9.911920632734569914e-01 3.220261100000000098e+00 1.381407878044930287e-02 9.966488491293574725e-01 -8.062408298129447592e-02 -1.803897999999999890e-01 -9.944516187356537973e-01 5.284604706640841365e-03 -1.050621289862947449e-01 1.822993800000000109e+00
-1.042496751611499128e-01 8.221390236971642951e-02 9.911472541887696996e-01 3.281474600000000130e+00 9.624115356668620780e-03 9.966141784888207233e-01 -8.165510173072114408e-02 -1.854181000000000024e-01 -9.945045910564699332e-01 1.026397679079762981e-03 -1.046879404487839338e-01 1.816751400000000016e+00
-1.050910137635378550e-01 8.161941861875612880e-02 9.911075367135939729e-01 3.342113499999999959e+00 5.679614658852451259e-03 9.966592533724598635e-01 -8.147438029453046848e-02 -1.906779999999999864e-01 -9.944463891047514714e-01 -2.933116326890548853e-03 -1.052034981601566166e-01 1.811332100000000001e+00
-1.052464856845733293e-01 7.679479183557774702e-02 9.914765439474484410e-01 3.403438099999999800e+00 5.945885736198905369e-03 9.970445666037736077e-01 -7.659489962592480605e-02 -1.956794000000000033e-01 -9.944283904303308219e-01 -2.166137766558322297e-03 -1.053920497633351605e-01 1.804995399999999917e+00
-1.058123555491438106e-01 6.796480777763286296e-02 9.920607493076675221e-01 3.465277899999999800e+00 9.161161908657771552e-03 9.976857948041287782e-01 -6.737305068450682999e-02 -2.006039000000000017e-01 -9.943439136061650307e-01 1.959527954172354813e-03 -1.061901206542863463e-01 1.798896999999999968e+00
-1.059104115076080627e-01 6.250678101752274451e-02 9.924091328988845495e-01 3.526632300000000164e+00 1.453607970902533186e-02 9.980130145454566559e-01 -6.130844301222240778e-02 -2.052398000000000000e-01 -9.942694238087487202e-01 7.932535831467666526e-03 -1.066085726116831056e-01 1.792201799999999956e+00
-1.049288608443805226e-01 6.480921722857227452e-02 9.923657085591585103e-01 3.587610999999999883e+00 2.279255022807474135e-02 9.977688484431901372e-01 -6.275208945087666634e-02 -2.093714000000000131e-01 -9.942185040603507273e-01 1.603403999526845092e-02 -1.061719159920777589e-01 1.785163199999999950e+00
-1.034569226504313960e-01 7.034510916892042220e-02 9.921432511344900895e-01 3.649455099999999952e+00 2.898015151078039281e-02 9.972855741762610693e-01 -6.768777111367627053e-02 -2.137110999999999872e-01 -9.942116555211548690e-01 2.174969323778805710e-02 -1.052147084297022639e-01 1.777933100000000044e+00
-1.013079762732747718e-01 8.033499280753893246e-02 9.916062640352902857e-01 3.773114399999999868e+00 3.349394519671908266e-02 9.964447221308513347e-01 -7.730505399215222007e-02 -2.230985000000000051e-01 -9.942911291863023582e-01 2.538118728868016261e-02 -1.036385341137366911e-01 1.764324699999999968e+00
-1.013433208951559500e-01 7.792350945678755414e-02 9.917950685418231993e-01 3.835967999999999822e+00 3.039876373051880049e-02 9.967047783355623691e-01 -7.520305849307955259e-02 -2.276485000000000036e-01 -9.943869701849467058e-01 2.252801626853525099e-02 -1.033781505416259128e-01 1.757878400000000063e+00
-1.006830650735611177e-01 7.307550846346741458e-02 9.922312686416397964e-01 3.898248000000000157e+00 2.969935339244515055e-02 9.970753058132835189e-01 -7.041862640961976672e-02 -2.327877999999999892e-01 -9.944751725485473370e-01 2.237866394923169328e-02 -1.025588932486288796e-01 1.751312100000000038e+00
-1.006945983641099746e-01 7.152237421946132379e-02 9.923432610978430990e-01 3.960895499999999902e+00 2.700136771755738338e-02 9.972417962596090701e-01 -6.913556200892267967e-02 -2.372086999999999946e-01 -9.945509157412062429e-01 1.983304764577743101e-02 -1.023480640725973334e-01 1.745152100000000095e+00
-1.007708445548571446e-01 7.233449851766537986e-02 9.922766535658785747e-01 4.023270600000000030e+00 2.537373820590117443e-02 9.972159634482123947e-01 -7.011772709887223454e-02 -2.416326000000000029e-01 -9.945860497197610561e-01 1.811194545738794431e-02 -1.023256914689042452e-01 1.739269900000000035e+00
-1.004290367735816009e-01 7.744551741664401634e-02 9.919255014388926872e-01 4.085624199999999817e+00 2.648867818701660173e-02 9.968206733793052443e-01 -7.514582524354253279e-02 -2.466169000000000000e-01 -9.945915536041088911e-01 1.872797254634501682e-02 -1.021611694513531177e-01 1.732544499999999932e+00
-9.978226214656235604e-02 7.958681626057043101e-02 9.918212736367483240e-01 4.211304199999999831e+00 2.616960519825366552e-02 9.966610796611551359e-01 -7.734238199349684206e-02 -2.563918000000000030e-01 -9.946650953585748356e-01 1.823817332318816362e-02 -1.015318526825503831e-01 1.720641899999999946e+00
-9.962678998499402416e-02 7.280555679693695437e-02 9.923577246219098535e-01 4.275212800000000257e+00 2.751685137050970814e-02 9.971396727500388968e-01 -7.039386279071818686e-02 -2.614869000000000221e-01 -9.946443211560299646e-01 2.029344543031493669e-02 -1.013452044481023551e-01 1.714525000000000077e+00
-9.969380525212755140e-02 7.410979933651838658e-02 9.922544446041308142e-01 4.402856800000000348e+00 2.487542050666756085e-02 9.970963958804920368e-01 -7.197215278668168958e-02 -2.712612999999999830e-01 -9.947071723120164410e-01 1.750756877564581260e-02 -1.012478463306687448e-01 1.701953999999999967e+00
-9.893461209509576970e-02 7.756399480195633189e-02 9.920664137243807579e-01 4.467082000000000441e+00 2.469318115546574946e-02 9.968419126737920744e-01 -7.547481660314987739e-02 -2.757692999999999950e-01 -9.947875096391266547e-01 1.703020396876822259e-02 -1.005374697253013094e-01 1.695173500000000111e+00
-9.912559507403996550e-02 7.690060333099998924e-02 9.920989938552227105e-01 4.531243299999999863e+00 2.365665516254090994e-02 9.969096643522171730e-01 -7.490983772289480647e-02 -2.809482999999999842e-01 -9.947936866847002513e-01 1.604426154355508005e-02 -1.006384747687677494e-01 1.689184199999999914e+00
-9.843433340133313225e-02 7.329648143122545478e-02 9.924405815048259472e-01 4.596114199999999705e+00 2.316566312428020372e-02 9.971823652224487411e-01 -7.134901920401770514e-02 -2.860704000000000025e-01 -9.948738784689482584e-01 1.596735103781915868e-02 -9.985494299726727085e-02 1.682403300000000046e+00
-9.758760080110520652e-02 7.233552363910036864e-02 9.925946968374055324e-01 4.661462799999999795e+00 2.356556036826117084e-02 9.972434483038395969e-01 -7.035743869412175444e-02 -2.911085999999999951e-01 -9.949479004120838077e-01 1.652503660886757431e-02 -9.902322268367969027e-02 1.675952099999999945e+00
-9.694136953834955883e-02 7.271947855790084070e-02 9.926299654505177372e-01 4.726611600000000024e+00 2.534296101190697953e-02 9.971842687690248841e-01 -7.057810175071349557e-02 -2.961849999999999761e-01 -9.949673890129153708e-01 1.831424467053189772e-02 -9.851133560646607723e-02 1.669973300000000105e+00
-9.571606518187669721e-02 7.282846473796453224e-02 9.927408773642842910e-01 4.792645900000000125e+00 2.772378871038141263e-02 9.971280470742405200e-01 -7.047729618432596599e-02 -3.012167000000000039e-01 -9.950225255770042132e-01 2.077672885278469134e-02 -9.746025411693226559e-02 1.663537000000000043e+00
-9.460082726210754245e-02 7.212204066371469269e-02 9.928993376631017886e-01 4.858412300000000350e+00 2.759068035380822861e-02 9.971790890597491686e-01 -6.980414528939432595e-02 -3.063563999999999732e-01 -9.951328744639776902e-01 2.079123835826949401e-02 -9.632386292394401472e-02 1.657132300000000003e+00
-9.334951603959483479e-02 7.263000485993384436e-02 9.929807401199778338e-01 4.924114199999999997e+00 2.873247664923050948e-02 9.971168405634927012e-01 -7.023141070973591693e-02 -3.113733000000000195e-01 -9.952187260299990568e-01 2.197472772810100949e-02 -9.516721442020348309e-02 1.651058399999999926e+00
-9.216472981879449133e-02 7.093672834140399286e-02 9.932137952876239906e-01 4.990030800000000433e+00 2.894731208653401541e-02 9.972285042243400621e-01 -6.853731454799008582e-02 -3.163380000000000081e-01 -9.953229203129972946e-01 2.243414662302050180e-02 -9.396272327313315298e-02 1.645021999999999984e+00
-9.060898365511074748e-02 7.025644943413242305e-02 9.934052765079803837e-01 5.056882400000000111e+00 2.721261200081692352e-02 9.973106802756285250e-01 -6.805057498843167241e-02 -3.212647000000000141e-01 -9.955146838842110490e-01 2.086715891232823056e-02 -9.227716862716783819e-02 1.638554199999999961e+00
-8.757815952032649287e-02 7.062848493428679209e-02 9.936506846427066719e-01 5.191008599999999973e+00 2.570127563702788442e-02 9.973115197800137555e-01 -6.862344311318677170e-02 -3.311219000000000245e-01 -9.958260442495274756e-01 1.952817528512296522e-02 -8.915794952987510236e-02 1.627110800000000079e+00
-8.567496866826763979e-02 7.358005250162030775e-02 9.936024233150552165e-01 5.258426700000000231e+00 2.619283874433506534e-02 9.970908974350176646e-01 -7.157986763569999800e-02 -3.359293999999999891e-01 -9.959787823755105185e-01 1.989266513290445168e-02 -8.735300184713468141e-02 1.620980499999999935e+00
-8.476265390050931325e-02 7.241521391846995892e-02 9.937662347337450353e-01 5.326774600000000248e+00 2.472260106156571810e-02 9.972013471175520394e-01 -7.055683031209869505e-02 -3.409037999999999791e-01 -9.960944159568876355e-01 1.858790198171525465e-02 -8.631572509934093418e-02 1.615667299999999917e+00
-8.402492500247669971e-02 7.085124231619652213e-02 9.939416046431400753e-01 5.394917500000000032e+00 2.100281908808442413e-02 9.973733356731537825e-01 -6.932034967135983217e-02 -3.463319999999999732e-01 -9.962422865792647242e-01 1.505093852415874053e-02 -8.529229555393991191e-02 1.610072299999999901e+00
-8.382741584113090338e-02 7.202514521930861169e-02 9.938739068964107526e-01 5.463180099999999761e+00 1.810016569390615268e-02 9.973299198863766479e-01 -7.074895689186262715e-02 -3.513597999999999999e-01 -9.963158878364085647e-01 1.205858016397447566e-02 -8.490725698771417473e-02 1.604596399999999923e+00
-8.445307939912714834e-02 7.117958124113096807e-02 9.938818564569644742e-01 5.531847499999999584e+00 1.576914194879488335e-02 9.974158329969979864e-01 -7.009272607841285363e-02 -3.566816999999999904e-01 -9.963026706489366280e-01 9.753117514000184812e-03 -8.535727945848914366e-02 1.599296499999999899e+00
-8.568938057129953101e-02 6.894795529359454278e-02 9.939333526540597985e-01 5.601193900000000170e+00 1.301916447365624591e-02 9.975949465034602559e-01 -6.807954220737816309e-02 -3.617396999999999974e-01 -9.962368350014544349e-01 7.106487992727915370e-03 -8.638093779702982200e-02 1.593844199999999933e+00
-8.697144015432477226e-02 6.722258036845900342e-02 9.939401859700053299e-01 5.670928499999999595e+00 1.124236923702962368e-02 9.977234389964532157e-01 -6.649472468571435146e-02 -3.670632999999999813e-01 -9.961473674770319198e-01 5.391100601614774723e-03 -8.752918543481524871e-02 1.588338999999999945e+00
-8.812004017678173873e-02 6.669923898249997818e-02 9.938742727520406550e-01 5.740120400000000345e+00 9.180643981265921433e-03 9.977676837511484376e-01 -6.614654214664139609e-02 -3.720071999999999823e-01 -9.960675550861657346e-01 3.295569908758851085e-03 -8.853567034616538489e-02 1.582373000000000030e+00
-8.991553503713829720e-02 6.657642181393658154e-02 9.937216796555454756e-01 5.809370999999999619e+00 9.454126945387421321e-03 9.977753261315678301e-01 -6.599256054089644441e-02 -3.771797000000000066e-01 -9.959045215494737313e-01 3.461014518341708202e-03 -9.034492423937368066e-02 1.576321800000000106e+00
-9.221122992925094575e-02 6.524993979935875266e-02 9.935992826240942488e-01 5.878932999999999964e+00 8.948305960477173637e-03 9.978646650355585956e-01 -6.469959886977855179e-02 -3.821968000000000032e-01 -9.956992602665588610e-01 2.925000795319571134e-03 -9.259820449109623652e-02 1.570211500000000093e+00
-9.520272633685689101e-02 6.060955508127502389e-02 9.936110520374055177e-01 5.948237899999999634e+00 6.513603965674654578e-03 9.981612805168806890e-01 -6.026301552593735233e-02 -3.870218000000000269e-01 -9.954365945962646567e-01 7.347855135394487647e-04 -9.542246186743041925e-02 1.563894499999999965e+00
-9.933620083804607648e-02 6.059564224953550848e-02 9.932071724184384776e-01 6.016756499999999619e+00 6.000808784820944181e-03 9.981623952333001926e-01 -6.029778632793232618e-02 -3.918368999999999880e-01 -9.950358332728482802e-01 -2.970668736534259891e-05 -9.951728302421314343e-02 1.557383699999999926e+00
-1.051418806222724628e-01 6.650666044078133721e-02 9.922308446406141735e-01 6.084731599999999574e+00 7.538718420839751744e-04 9.977662479697374520e-01 -6.679780003591509474e-02 -3.966335000000000277e-01 -9.944569455820889692e-01 -6.275231422584851698e-03 -1.049571572315841639e-01 1.551078399999999968e+00
-1.123598853940830367e-01 6.964581901213684478e-02 9.912238475986931974e-01 6.152994200000000191e+00 1.406608698721951989e-03 9.975508445052886364e-01 -6.993092362291575270e-02 -4.016449000000000269e-01 -9.936665827158510655e-01 -6.463166477360213213e-03 -1.121826629782370910e-01 1.543845200000000029e+00
-1.215865229361240835e-01 6.634436981634217467e-02 9.903611169840904616e-01 6.221470799999999635e+00 3.179994650978415494e-03 9.977846047007404851e-01 -6.645126226195324781e-02 -4.063502999999999976e-01 -9.925757427392243315e-01 -4.930234868600977954e-03 -1.215281354658965807e-01 1.535931500000000005e+00
-1.323295654638678431e-01 6.407201624015362862e-02 9.891327832192525760e-01 6.290103900000000081e+00 6.206811832192963424e-03 9.979426156828139494e-01 -6.381231300480466606e-02 -4.116637000000000213e-01 -9.911863404986084314e-01 -2.304894588674919614e-03 -1.324549956396943173e-01 1.526845100000000066e+00
-1.453327656943192159e-01 6.503955159532293084e-02 9.872427482356704864e-01 6.357219200000000292e+00 6.352912116021087324e-03 9.978777263662982344e-01 -6.480496685959699632e-02 -4.166866000000000181e-01 -9.893624349667244910e-01 -3.146418647713585676e-03 -1.454375203529236771e-01 1.517325400000000046e+00
-1.592884831751357477e-01 6.482422952150622419e-02 9.851015167964712882e-01 6.424252499999999699e+00 8.334350477727358458e-03 9.978946227059958263e-01 -6.431843107984357155e-02 -4.218293000000000181e-01 -9.871968991695018181e-01 -2.035004029790149493e-03 -1.594933886677433188e-01 1.506632600000000100e+00
-1.738525385748994345e-01 6.309516595749653511e-02 9.827483375024651524e-01 6.491609099999999799e+00 9.439009187834988823e-03 9.980062752394746051e-01 -6.240496525262946570e-02 -4.266060999999999881e-01 -9.847264594478079003e-01 -1.573091041832685305e-03 -1.741014803152433066e-01 1.495200000000000085e+00
-1.895060014674035676e-01 6.569583362963692108e-02 9.796793010223004972e-01 6.557381200000000021e+00 1.318470727096971926e-02 9.978394358134792252e-01 -6.436321798679922601e-02 -4.313909000000000216e-01 -9.817910362709648675e-01 7.195687211540569006e-04 -1.899627419228314684e-01 1.482782400000000056e+00
-2.045974139833984240e-01 6.888797599647294989e-02 9.764191440945916289e-01 6.622825100000000020e+00 1.365918862978439743e-02 9.976242872705329834e-01 -6.752190765919534321e-02 -4.364311000000000162e-01 -9.787509002587336804e-01 -4.777144233765462378e-04 -2.050523031610419489e-01 1.469332800000000105e+00
-2.196217738979896472e-01 7.275508753412804341e-02 9.728684256711189748e-01 6.687892399999999959e+00 1.383693115759358078e-02 9.973473369060499305e-01 -7.146208017228489195e-02 -4.416938000000000253e-01 -9.754869634013773050e-01 -2.233115382469848254e-03 -2.200458984613170577e-01 1.454774299999999965e+00
-2.352654836844578767e-01 7.062788143861470358e-02 9.693615705969630403e-01 6.752857699999999852e+00 1.066354210337767255e-02 9.974837578910278335e-01 -7.008881232695268748e-02 -4.469559000000000171e-01 -9.718726465214090338e-01 -6.152650411512687600e-03 -2.354266421550164079e-01 1.439514600000000089e+00
-2.517296097400018584e-01 6.468693075954147498e-02 9.656333696434982183e-01 6.818141899999999644e+00 4.468025692324278236e-03 9.978307971913273899e-01 -6.567904477786540296e-02 -4.523478000000000221e-01 -9.677872908478182268e-01 -1.221888560509534066e-02 -2.514725800321190308e-01 1.423746600000000084e+00
-2.673117882926838718e-01 6.077880705719469062e-02 9.616913977219884169e-01 6.882987499999999592e+00 5.711038939597706809e-04 9.980186661375701762e-01 -6.291594298210645420e-02 -4.572273000000000032e-01 -9.636099219498052149e-01 -1.626894752864076893e-02 -2.668168654080934621e-01 1.406488200000000077e+00
-2.826783908392025424e-01 6.222144431570207634e-02 9.571945566183645004e-01 6.947048699999999855e+00 -1.683661731401841360e-03 9.978601918207147259e-01 -6.536209040950816118e-02 -4.618590000000000195e-01 -9.592132675457182289e-01 -2.008804238333071826e-02 -2.819687534417106844e-01 1.388577500000000020e+00
-2.965811513878151007e-01 6.417526170103285410e-02 9.528489683192621351e-01 7.010447499999999721e+00 -1.285730508959546936e-03 9.977118776001969724e-01 -6.759701319250630003e-02 -4.669365999999999794e-01 -9.550067892630588196e-01 -2.127310699200953351e-02 -2.958200253200757857e-01 1.368871900000000030e+00
-3.107679715312767765e-01 6.648170722844144731e-02 9.481579248597394871e-01 7.073078599999999660e+00 1.217232037083459950e-04 9.975536264846053269e-01 -6.990527498604179324e-02 -4.718941999999999859e-01 -9.504857984492968148e-01 -2.160890768651292995e-02 -3.100158093626815825e-01 1.349155099999999941e+00
-3.250476001874827436e-01 6.639517882005860350e-02 9.433640537151132266e-01 7.136434600000000295e+00 2.306456517398129680e-03 9.975850915291437637e-01 -6.941660764632109903e-02 -4.770042999999999922e-01 -9.456948439484545998e-01 -2.038787355862238873e-02 -3.244157775772718022e-01 1.327793400000000013e+00
-3.390728638421816044e-01 6.436887305951574656e-02 9.385554012347432362e-01 7.199166800000000421e+00 2.283289888955108288e-03 9.977098252761094077e-01 -6.760096992498236534e-02 -4.821517000000000164e-01 -9.407573436296656766e-01 -2.077866041310944337e-02 -3.384433005368732150e-01 1.305706500000000103e+00
-3.539610070710624279e-01 6.269686400612220489e-02 9.331563152639743564e-01 7.261457000000000050e+00 1.543967269302649881e-03 9.977883148826511839e-01 -6.645370455219631878e-02 -4.874943999999999944e-01 -9.352589062063569880e-01 -2.208125737898759822e-02 -3.532749586855149504e-01 1.282920000000000060e+00
-3.686931624277660080e-01 6.410819503795651964e-02 9.273378517606131188e-01 7.322616599999999920e+00 2.492165228511200592e-05 9.976196349681443198e-01 -6.895696705147141836e-02 -4.925549000000000177e-01 -9.295511558585277667e-01 -2.540085146214183381e-02 -3.678171357985839940e-01 1.259001299999999990e+00
-3.838303348689026673e-01 6.632707615927369016e-02 9.210184542139138175e-01 7.383287000000000155e+00 6.490948943244645442e-04 9.974361014934931546e-01 -7.155977999742670070e-02 -4.974969000000000197e-01 -9.234034073525198005e-01 -2.686898594334845292e-02 -3.828892854130707679e-01 1.234605200000000069e+00
-3.986506998379923949e-01 6.813970418012640917e-02 9.145679855718347184e-01 7.444174300000000244e+00 1.860016461240891761e-03 9.972940403973585832e-01 -7.349243040392415549e-02 -5.025724999999999776e-01 -9.171009540162100571e-01 -2.759669730523179113e-02 -3.976987081201052154e-01 1.208607399999999998e+00
-4.130863966736350035e-01 7.052057682567131058e-02 9.079573101899488519e-01 7.504419799999999974e+00 4.451738945164263050e-03 9.971417586447198778e-01 -7.542211338380439001e-02 -5.080343000000000497e-01 -9.106809599983719528e-01 -2.711386012890690603e-02 -4.122196352496489968e-01 1.181297999999999959e+00
-4.278616080258187404e-01 7.412853392163823441e-02 9.007993144070379765e-01 7.564234299999999855e+00 4.321299851608208231e-03 9.967874981354132302e-01 -7.997505816525543598e-02 -5.134929000000000299e-01 -9.038339287419751011e-01 -3.032563304486865507e-02 -4.268074334348862520e-01 1.153427399999999992e+00
-4.429539949512938390e-01 7.640396790226472445e-02 8.932828175026532591e-01 7.624313800000000363e+00 4.997041000393921684e-03 9.965570376718569934e-01 -8.275929100671085281e-02 -5.189732000000000234e-01 -8.965304166273051489e-01 -3.219478770675110457e-02 -4.418107147937764267e-01 1.123846799999999924e+00
-4.587310412045333963e-01 7.403208269000090269e-02 8.854857890265579456e-01 7.684208400000000161e+00 4.077514039548479907e-03 9.966881098852160559e-01 -8.121690398367070740e-02 -5.244938999999999574e-01 -8.885658139466441341e-01 -3.364613419126140370e-02 -4.575136412603690861e-01 1.093729399999999963e+00
-4.746576392426893332e-01 6.963158775393638034e-02 8.774118573939055921e-01 7.744033299999999898e+00 1.224435633542318713e-03 9.969170492476236989e-01 -7.845315593900877016e-02 -5.302921999999999914e-01 -8.801696576603494915e-01 -3.616405544566281272e-02 -4.732795525139309456e-01 1.062091600000000025e+00
-5.067174497919808562e-01 6.926630109407810876e-02 8.593250872685234132e-01 7.862049599999999749e+00 -5.225163281405431626e-04 9.967422660696478864e-01 -8.065098887819074913e-02 -5.411928999999999768e-01 -8.621120304536977752e-01 -4.131627479683684656e-02 -5.050305063893805180e-01 9.953743999999999925e-01
