1.000000000000000000e+00 0.000000000000000000e+00 0.000000000000000000e+00 0.000000000000000000e+00 0.000000000000000000e+00 1.000000000000000000e+00 0.000000000000000000e+00 0.000000000000000000e+00 0.000000000000000000e+00 0.000000000000000000e+00 1.000000000000000000e+00 0.000000000000000000e+00
9.999338420572309039e-01 1.104399185490759954e-03 1.144953322646885714e-02 5.896000000000000199e-04 -1.147959597401938077e-03 9.999921260624663466e-01 3.798684223692554152e-03 -4.155000000000000165e-04 -1.144524780979685845e-02 -3.811576512112182201e-03 9.999272364462650220e-01 4.627860000000000307e-02
9.997128801239743012e-01 9.123080281875060610e-04 2.394420615284278964e-02 1.582800000000000092e-03 -1.088734795732413827e-03 9.999723497914660975e-01 7.356242864274139051e-03 -5.858000000000000360e-04 -2.393683293112711108e-02 -7.380199631129723617e-03 9.996862311158596359e-01 9.141459999999999864e-02
9.986884333328205354e-01 1.543606045688712897e-05 5.119973524310779400e-02 5.668399999999999654e-03 -5.327770952907456836e-04 9.999489452868671746e-01 1.009073675449961155e-02 -1.478600000000000053e-03 -5.119696549408989106e-02 -1.010478012674760617e-02 9.986374538053272021e-01 1.839234999999999898e-01
9.978407639566346798e-01 6.320137328495016322e-04 6.567655856606149922e-02 8.885799999999999255e-03 -1.241353997039297205e-03 9.999565628551818630e-01 9.237501994849656173e-03 -2.052500000000000071e-03 -6.566786753575792890e-02 -9.299083906079481932e-03 9.977982051556386622e-01 2.303497999999999934e-01
9.965977094838489592e-01 -2.050672340696889991e-04 8.241943580840202510e-02 1.294750000000000068e-02 -4.404649496885848828e-04 9.999693730536685088e-01 7.814022349670412745e-03 -2.207800000000000214e-03 -8.241851395271507230e-02 -7.823739648183844833e-03 9.965670964143575894e-01 2.770905000000000173e-01
9.946632132656297864e-01 1.579446138412382876e-03 1.031629658646355668e-01 1.776519999999999835e-02 -2.228244512174925186e-03 9.999784573401369059e-01 6.174121964617830353e-03 -2.632499999999999857e-03 -1.031509917668563675e-01 -6.371044304968238349e-03 9.946453049665383572e-01 3.236605000000000176e-01
9.872816933644303905e-01 6.722712261165181107e-03 1.588384811288388321e-01 3.163760000000000183e-02 -7.515754507422456841e-03 9.999621086591503616e-01 4.392571015898853910e-03 -3.593400000000000066e-03 -1.588029325347836973e-01 -5.530495981296343518e-03 9.872948101922514041e-01 4.173120000000000163e-01
9.742516781035881479e-01 7.737756402888284514e-03 2.253304125904712352e-01 5.206079999999999736e-02 -8.705326519180447975e-03 9.999566602517440117e-01 3.300743609027385461e-03 -5.213899999999999611e-03 -2.252951064771201162e-01 -5.177329816386324474e-03 9.742768139771342817e-01 5.110744000000000398e-01
9.660490551659823844e-01 7.005685706675592386e-03 2.582637089888785153e-01 6.487940000000000373e-02 -7.656247997760403518e-03 9.999695453823461699e-01 1.513332224210099100e-03 -5.763400000000000120e-03 -2.582452417364348163e-01 -3.439284170190677441e-03 9.660732717785370793e-01 5.573272999999999699e-01
9.570588670452427893e-01 8.021274029355013324e-03 2.897826498826702180e-01 7.894869999999999666e-02 -8.174014206666968541e-03 9.999663587708280676e-01 -6.832410707573302383e-04 -6.665899999999999777e-03 -2.897783817019921049e-01 -1.714785571888757191e-03 9.570922364164370366e-01 6.034426000000000512e-01
9.469916889626971424e-01 9.884547713820279399e-03 3.211059587613901423e-01 9.438549999999999718e-02 -9.111385864245627811e-03 9.999508444723259615e-01 -3.910407487086963070e-03 -7.736599999999999727e-03 -3.211288272379345665e-01 7.774030971452901544e-04 9.470352010148372912e-01 6.493018000000000400e-01
9.361586731768365421e-01 7.304220112397819507e-03 3.515019018502382186e-01 1.116885999999999990e-01 -4.747420053504502503e-03 9.999556388299062348e-01 -8.135255073423414141e-03 -9.062799999999999329e-03 -3.515457305083087292e-01 5.947162417802399209e-03 9.361518202837377789e-01 6.944342999999999488e-01
9.246576313051040330e-01 2.889160300561960729e-03 3.807885471255560428e-01 1.306933999999999874e-01 2.250358355667642085e-03 9.999122981996877435e-01 -1.305112241493664241e-02 -1.056389999999999933e-02 -3.807928580691938847e-01 1.292473062683480167e-02 9.245700355201429410e-01 7.383376000000000383e-01
9.125319188205229803e-01 -1.210453922589080876e-03 4.090037065052539722e-01 1.512960999999999889e-01 9.418658845241810462e-03 9.997926286819759367e-01 -1.805515158456342736e-02 -1.205460000000000038e-02 -4.088970359385007969e-01 2.032816849806946477e-02 9.123540867263226772e-01 7.824581000000000452e-01
9.001628662714933338e-01 -5.717082305374467967e-03 4.355159344453462533e-01 1.731170999999999960e-01 1.696278705383488100e-02 9.996154180983253257e-01 -2.193808914824572562e-02 -1.399889999999999989e-02 -4.352230210377844855e-01 2.713541726275273472e-02 8.999136575742811006e-01 8.255204000000000431e-01
8.747061934965304486e-01 -1.408698178983807184e-02 4.844487919304403811e-01 2.213596999999999926e-01 3.464318973716924710e-02 9.988379193311545112e-01 -3.350612348578287103e-02 -1.887250000000000039e-02 -4.834138232029002169e-01 4.609086514986250604e-02 8.741777323211180617e-01 9.108770000000000477e-01
8.616549810428784095e-01 -1.067751889410192660e-02 5.073821875413671023e-01 2.466312999999999978e-01 4.012945699782515668e-02 9.980816312376152855e-01 -4.714535042950451782e-02 -2.188069999999999946e-02 -5.059054460322172098e-01 6.098399770699831912e-02 8.604304920785967870e-01 9.521676999999999502e-01
8.480420730626908599e-01 -9.475234122832063011e-04 5.299280559801649026e-01 2.725489999999999857e-01 4.117561893476989754e-02 9.970929885238297707e-01 -6.411037858222687347e-02 -2.497059999999999905e-02 -5.283268029552090628e-01 7.618841405358831032e-02 8.456158198869784259e-01 9.931617999999999835e-01
8.188453705330763777e-01 1.127365635668823099e-02 5.739034446916136956e-01 3.282549000000000161e-01 4.784428526481038224e-02 9.949876391670003928e-01 -8.780957961622692931e-02 -3.361259999999999942e-02 -5.720167685689364623e-01 9.936046787948590864e-02 8.142016420388265008e-01 1.072432000000000052e+00
7.888727085066226108e-01 8.809577232920629691e-03 6.144934833848139100e-01 3.871520999999999990e-01 5.681282277743103515e-02 9.945700577053943059e-01 -8.719348303599748495e-02 -4.381089999999999984e-02 -6.119249569526361565e-01 1.036956684961612835e-01 7.840886782715643655e-01 1.148653300000000099e+00
7.747645682792644317e-01 3.017949726168960706e-03 6.322426399085206983e-01 4.184189999999999854e-01 6.135268754594769280e-02 9.949104020449155428e-01 -7.993209389046426749e-02 -4.871890000000000248e-02 -6.292660101021939623e-01 1.007183393542357697e-01 7.706361687902992808e-01 1.185882799999999904e+00
7.618906962430924690e-01 -5.733813965987565042e-03 6.476802377374341058e-01 4.498774999999999857e-01 7.004055508635578797e-02 9.948264528605105239e-01 -7.358430085398333376e-02 -5.357660000000000200e-02 -6.439075148042697760e-01 1.014270775797953134e-01 7.583506183238800658e-01 1.221679699999999924e+00
7.516508350944914874e-01 -6.807768940724483187e-03 6.595260998503421623e-01 4.814458999999999822e-01 7.253012898537986031e-02 9.947354228437748080e-01 -7.239350060040375401e-02 -5.786750000000000227e-02 -6.555611355862379641e-01 1.022501482730768796e-01 7.481874796379688330e-01 1.256947400000000048e+00
7.109125637682346399e-01 -1.017867744462774837e-04 7.032803966526637307e-01 6.401681000000000177e-01 7.493035286967879294e-02 9.943189336543238888e-01 -7.559960578834784561e-02 -8.027249999999999663e-02 -6.992773190196439614e-01 1.064417578583740087e-01 7.068814492464193799e-01 1.424001300000000025e+00
7.018539064385023174e-01 1.102257010882852495e-03 7.123200678392375140e-01 7.076499000000000539e-01 7.900869152471140522e-02 9.937079903193281050e-01 -7.938549388317284183e-02 -8.854729999999999546e-02 -7.079256462938511296e-01 1.119964955032265175e-01 6.973507469806200509e-01 1.489624300000000012e+00
7.019473124891849602e-01 3.614396163936398065e-03 7.122197039043365319e-01 7.416945999999999817e-01 7.848498469275751177e-02 9.935045013438662531e-01 -8.239486019924679994e-02 -9.253379999999999939e-02 -7.078912894413860180e-01 1.137354032385955172e-01 6.971041388366345792e-01 1.523457800000000084e+00
7.211757695915036459e-01 3.850710464646869835e-03 6.927414246188976499e-01 8.823908999999999780e-01 7.405130656700890934e-02 9.938265133974771848e-01 -8.261516364404947188e-02 -1.113891999999999938e-01 -6.887829217901828560e-01 1.108784618270458877e-01 7.164384504987479918e-01 1.667925199999999997e+00
7.299591141312992137e-01 7.510465416080396722e-03 6.834495479593813982e-01 9.555721000000000354e-01 6.717999255022695515e-02 9.943093909239849593e-01 -8.267819374735732585e-02 -1.217280000000000029e-01 -6.801812554735688909e-01 1.062658366061640935e-01 7.253006491606026618e-01 1.745997400000000033e+00
7.306921560417450889e-01 1.234412829937889255e-02 6.825954845994768316e-01 1.030012699999999892e+00 5.896053566428964554e-02 9.949598772692986870e-01 -8.110793955243948694e-02 -1.318129000000000106e-01 -6.801563263936065695e-01 9.951113063768605993e-02 7.262815614800937070e-01 1.827447400000000055e+00
7.298574547326092121e-01 9.849343221813511989e-03 6.835284092189117811e-01 1.190818900000000014e+00 5.906664841303013724e-02 9.952480258355883569e-01 -7.741122732275622365e-02 -1.538826000000000083e-01 -6.810427496247857260e-01 9.687289356916552185e-02 7.258074232708344731e-01 1.998188899999999935e+00
7.291213100509286171e-01 1.203568108901974590e-02 6.842786403288803054e-01 1.270398499999999986e+00 5.567463251480557485e-02 9.954883621363544988e-01 -7.683265025638398582e-02 -1.647119999999999973e-01 -6.821161561815987096e-01 9.411728444766072343e-02 7.251616966196153813e-01 2.083671100000000109e+00
7.296762681566609787e-01 1.245691150332884495e-02 6.836792881496168706e-01 1.352447399999999966e+00 5.412236120072357742e-02 9.956451414602429661e-01 -7.590469224409765459e-02 -1.761581000000000119e-01 -6.816474995971356643e-01 9.238818995094016939e-02 7.258244337651923450e-01 2.171823700000000024e+00
7.325439238112204654e-01 9.331728159423249847e-03 6.806558003402450874e-01 1.434063599999999994e+00 5.404714384165507091e-02 9.959520815597332488e-01 -7.182170618548408547e-02 -1.873692000000000135e-01 -6.785707818126421875e-01 8.940005641157719452e-02 7.290742924995960994e-01 2.259004399999999801e+00
7.363943996840346395e-01 7.240253395719362106e-03 6.765137595383823310e-01 1.515025300000000019e+00 5.459173337198473114e-02 9.960461835672824726e-01 -7.008382729627236907e-02 -1.975291000000000130e-01 -6.743463729875267543e-01 8.854139671259640687e-02 7.330875734226780516e-01 2.347045200000000165e+00
7.385927172384051387e-01 7.613731735977524034e-03 6.741089148879739756e-01 1.593633899999999937e+00 5.428314289694791128e-02 9.960177078497324255e-01 -7.072528576820789892e-02 -2.084487999999999897e-01 -6.719628996005797550e-01 8.882993154797376445e-02 7.352381279704987005e-01 2.433005999999999780e+00
7.320066117569915543e-01 1.436608138094383827e-02 6.811460460501881364e-01 1.712550999999999934e+00 5.171588159277475116e-02 9.957214654813267840e-01 -7.657826565547865005e-02 -2.241783999999999999e-01 -6.793318687763227892e-01 9.128186504161195369e-02 7.281317416370431950e-01 2.562742500000000145e+00
7.233457068043269711e-01 8.678063420526956756e-03 6.904315169971732002e-01 1.793464299999999900e+00 5.532208095154533822e-02 9.959780798631810983e-01 -7.047788157458685643e-02 -2.347592000000000012e-01 -6.882662681019166007e-01 8.917598133645705805e-02 7.199563796131962512e-01 2.647568500000000213e+00
7.190984191965024142e-01 1.042149852684998504e-02 6.948300913730968142e-01 1.834387299999999943e+00 5.246324387968118175e-02 9.962197391625129406e-01 -6.923755732690052567e-02 -2.401465000000000127e-01 -6.929250114916564174e-01 8.624165856144931641e-02 7.158332939853091492e-01 2.690369099999999847e+00
7.110702246434519314e-01 1.183186621921276938e-02 7.030214381989225991e-01 1.914927499999999894e+00 5.571887579691513215e-02 9.957657971575840650e-01 -7.311555300378336231e-02 -2.500948000000000060e-01 -7.009097962687058647e-01 9.116185689690486926e-02 7.074001507927951682e-01 2.771873499999999879e+00
7.040462613076930998e-01 1.548596502409077882e-02 7.099852440902785222e-01 1.996028700000000100e+00 5.403022667842449778e-02 9.956963576163141427e-01 -7.529606918480571953e-02 -2.609027999999999903e-01 -7.080957537958674219e-01 9.137257967726214458e-02 7.001795877768679510e-01 2.852608399999999822e+00
7.014659324269416629e-01 1.395571108858117623e-02 7.125663364013299361e-01 2.037029700000000165e+00 5.518307101383214397e-02 9.957432746604003571e-01 -7.382519652574481839e-02 -2.660368000000000177e-01 -7.105634203347956923e-01 9.110745906123460247e-02 6.977098656214643091e-01 2.892259399999999925e+00
6.993747620209200822e-01 7.315430585384408851e-03 7.147177252059248032e-01 2.077523199999999903e+00 5.628698085448502475e-02 9.962784862772022798e-01 -6.527598001940182471e-02 -2.707803999999999767e-01 -7.125354152843691447e-01 8.588167590677844854e-02 6.963602657453789035e-01 2.932060499999999958e+00
6.976832813552540369e-01 2.283927056940908418e-04 7.164063000519590441e-01 2.118775100000000133e+00 5.579115540242504667e-02 9.969456483372008959e-01 -5.465090338119427821e-02 -2.756751000000000063e-01 -7.142306251458473421e-01 7.809815681749575356e-02 6.955395689718031349e-01 2.971676800000000007e+00
6.961526339686797682e-01 -2.233177111286947791e-03 7.178903280713977431e-01 2.159074500000000008e+00 5.714778798363597673e-02 9.969940677250863637e-01 -5.231595597485760862e-02 -2.800113000000000185e-01 -7.156155675689614970e-01 7.744573481461372588e-02 6.941876674300528904e-01 3.011037299999999917e+00
6.948265648224681845e-01 2.434427651204502940e-03 7.191732186191441834e-01 2.198398599999999981e+00 5.648566504206391919e-02 9.967203589528970120e-01 -5.794735277442644716e-02 -2.839987999999999957e-01 -7.169556572492918889e-01 8.088633760295443897e-02 6.924102728349839087e-01 3.049875999999999809e+00
6.937744410409482088e-01 5.551047907507981882e-03 7.201709594432756933e-01 2.238466299999999798e+00 5.871615253351363667e-02 9.962054430681198669e-01 -6.424273214233783280e-02 -2.884579999999999922e-01 -7.177948442208128554e-01 8.685563348787203597e-02 6.908159382508769486e-01 3.088275199999999998e+00
6.932628941150542623e-01 2.387602890768423386e-03 7.206808301846630016e-01 2.278238099999999822e+00 6.425124657287567542e-02 9.958077096913334758e-01 -6.510593393180393040e-02 -2.929039999999999977e-01 -7.178149740406998269e-01 9.144016990216542740e-02 6.902031283406449003e-01 3.126216200000000001e+00
6.933613346153315593e-01 -3.529578085302714774e-04 7.205899909665907099e-01 2.319011199999999828e+00 6.759635869630266358e-02 9.956221449805975343e-01 -6.455444767972808029e-02 -2.974454000000000264e-01 -7.174125674613225367e-01 9.346881750091502739e-02 6.903497578789563605e-01 3.164550800000000219e+00
6.936940616858316977e-01 -1.897039766994311483e-03 7.202672767951742161e-01 2.358543599999999962e+00 6.622735359327575067e-02 9.959283508478823377e-01 -6.116091573422272748e-02 -3.020637999999999934e-01 -7.172185764589794621e-01 9.012835967407767379e-02 6.909952187711687621e-01 3.202995299999999990e+00
6.942512917408507622e-01 -4.048197874707552824e-03 7.197213044020076556e-01 2.398497100000000160e+00 6.457956252202118330e-02 9.963010033578810765e-01 -5.669030616025769881e-02 -3.059150999999999954e-01 -7.168295641368487292e-01 8.583660525700330390e-02 6.919446893916656460e-01 3.241650799999999943e+00
6.947468036681109238e-01 -5.923727164981535537e-03 7.192299967669718574e-01 2.437870000000000203e+00 6.120489671452246372e-02 9.968259594666405432e-01 -5.091136564242022822e-02 -3.100377000000000272e-01 -7.166455465647630918e-01 7.939090621655876812e-02 6.929042102621441046e-01 3.280389500000000069e+00
6.952536006439770100e-01 -5.867412804106131308e-04 7.187642774416763691e-01 2.477060799999999841e+00 5.223087428267853688e-02 9.973971270856245575e-01 -4.970821514608486646e-02 -3.139073000000000002e-01 -7.168642595103010828e-01 7.210150217583745358e-02 6.934745898882925808e-01 3.319394599999999862e+00
6.966095137682247751e-01 3.308069997916527477e-03 7.174428492921833822e-01 2.515852499999999825e+00 4.541629568827963703e-02 9.977804611607901109e-01 -4.869816641020134618e-02 -3.174562000000000217e-01 -7.160115539665210527e-01 6.650720260731009248e-02 6.949131216114702303e-01 3.358259400000000117e+00
6.985369108895229662e-01 -5.018940140891735291e-04 7.155738481996959388e-01 2.555208899999999783e+00 4.891760130005960716e-02 9.976938749215669144e-01 -4.705316383663598473e-02 -3.215607999999999800e-01 -7.139000297016181440e-01 6.787252792100441356e-02 6.969505488523854986e-01 3.396192600000000006e+00
7.009196758930713589e-01 -2.082575103727408311e-03 7.132371771205489042e-01 2.594366799999999973e+00 5.254550021867318566e-02 9.974290853073100038e-01 -4.872566253826009913e-02 -3.253362000000000198e-01 -7.113020303308020820e-01 7.163017984034607266e-02 6.992271011504906930e-01 3.434544799999999842e+00
7.052280785911753114e-01 -2.457247901067279028e-03 7.089762472039184971e-01 2.632952899999999818e+00 5.492337785158987740e-02 9.971781933270121856e-01 -5.117688265659918467e-02 -3.290544000000000247e-01 -7.068498990110776425e-01 7.503074493718249471e-02 7.033730216479738839e-01 3.472938099999999917e+00
7.117754921615385699e-01 -6.389097612592483516e-03 7.023779809973375032e-01 2.671416999999999931e+00 5.947602102555478443e-02 9.969156476963861868e-01 -5.120345985441353970e-02 -3.326778000000000235e-01 -6.998844559505285057e-01 7.822001540393314079e-02 7.099601238865751451e-01 3.511339200000000105e+00
7.183284843328887614e-01 -1.247976509329903547e-02 6.955921535348361662e-01 2.709644599999999848e+00 6.665157576124311478e-02 9.964745053037389333e-01 -5.095221023873364175e-02 -3.368145000000000167e-01 -6.925039754720245799e-01 8.296273707445361856e-02 7.166278170797983904e-01 3.549989899999999921e+00
7.261864087533966838e-01 -1.053994754288177516e-02 6.874170562676182872e-01 2.746624000000000176e+00 6.364128780643879546e-02 9.966197940742551609e-01 -5.194971170013584771e-02 -3.403889999999999971e-01 -6.845458978243772474e-01 8.147328129627839921e-02 7.244025249863743632e-01 3.589628199999999936e+00
7.347829170610121752e-01 -1.012917926495741222e-02 6.782267058460084153e-01 2.783419799999999888e+00 6.104776934615555734e-02 9.968181820519221858e-01 -5.125116377761064490e-02 -3.440011000000000041e-01 -6.755495797150407045e-01 7.906270712617445573e-02 7.330633353869994151e-01 3.629841100000000154e+00
7.436290403178038577e-01 -1.380039496707035143e-02 6.684499977520942382e-01 2.819461599999999901e+00 6.118564499494963393e-02 9.969962963772525111e-01 -4.748370095720950979e-02 -3.481056000000000150e-01 -6.657868782445129918e-01 7.620980323288181757e-02 7.422397851426663085e-01 3.670199600000000117e+00
7.521445931173387223e-01 -1.367040769804582501e-02 6.588563052727978153e-01 2.855004099999999934e+00 6.003399194480701917e-02 9.970489466148804159e-01 -4.784681666869897154e-02 -3.516292999999999780e-01 -6.562578996519004004e-01 7.554149857877094643e-02 7.507456634153470976e-01 3.710813499999999987e+00
7.609368390535176108e-01 -1.455604407600356170e-02 6.486626615985372490e-01 2.889669200000000160e+00 5.976453874389311277e-02 9.970705141576432506e-01 -4.773457558355807817e-02 -3.548390000000000155e-01 -6.460675869287754169e-01 7.509002182893650956e-02 7.595776206167208500e-01 3.751632900000000159e+00
7.697278963109602801e-01 -1.609505329659883036e-02 6.381691898705884602e-01 2.923526799999999870e+00 6.103682528777103211e-02 9.969576812755522877e-01 -4.847564032031272813e-02 -3.587363000000000079e-01 -6.354474577803373991e-01 7.626487399225057029e-02 7.683685296753455241e-01 3.792276900000000062e+00
7.780090709978375596e-01 -1.340108330730536285e-02 6.281100989566021919e-01 2.956499800000000011e+00 6.033890861275355982e-02 9.967446430798164725e-01 -5.347272761989049772e-02 -3.628556000000000004e-01 -6.253487839218236921e-01 7.950174499896142666e-02 7.762849805255905844e-01 3.833753100000000025e+00
7.862293864115073028e-01 -1.006966544679217465e-02 6.178526958594374729e-01 2.989622600000000130e+00 6.249691295018264259e-02 9.960360652922843894e-01 -6.329528030399640681e-02 -3.664246999999999921e-01 -6.147662058170424437e-01 8.837849554531838903e-02 7.837421474633503582e-01 3.875318800000000063e+00
7.949921099640150368e-01 -6.545511154812624910e-03 6.065844552728709704e-01 3.021724199999999971e+00 6.128904043870703200e-02 9.956917610962570109e-01 -6.958139411607612568e-02 -3.703164999999999929e-01 -6.035156987329044487e-01 9.249363853128712842e-02 7.919682621255588195e-01 3.917201299999999886e+00
8.023399006841744896e-01 -8.139426107235867708e-03 5.968118912293504108e-01 3.053024499999999808e+00 5.987524104884381360e-02 9.959607267110781592e-01 -6.691178041633615015e-02 -3.749198000000000253e-01 -5.938565814061943504e-01 8.942024710201813831e-02 7.995863806548746400e-01 3.960050299999999801e+00
8.100162289366019674e-01 -9.982037504210197060e-03 5.863224946960426953e-01 3.083959099999999953e+00 5.858885636363214688e-02 9.962297790976929468e-01 -6.398103741706319403e-02 -3.795600000000000085e-01 -5.834732682559914396e-01 8.617764307653406897e-02 8.075471249806077667e-01 4.002816700000000338e+00
8.162339449231406086e-01 -6.839182141672339732e-03 5.776810302778172534e-01 3.113548499999999830e+00 5.527658087254189861e-02 9.962668951840991660e-01 -6.630816817916608541e-02 -3.841182000000000207e-01 -5.750709928019746009e-01 8.605520988219288181e-02 8.135649046572024368e-01 4.045219900000000202e+00
8.205344552024830262e-01 7.744362249057605563e-04 5.715965430914519141e-01 3.142419600000000202e+00 5.030717590688119079e-02 9.960206913994431588e-01 -7.356609515564527246e-02 -3.886245999999999867e-01 -5.693789563004928445e-01 8.911892365097828783e-02 8.172303356884474956e-01 4.087849099999999680e+00
8.236660522642539339e-01 9.334353224325103726e-03 5.669983282138519876e-01 3.170959499999999931e+00 4.438138775998770602e-02 9.957365292697283321e-01 -8.086443407563684294e-02 -3.934664999999999968e-01 -5.653357646283463378e-01 9.176946184738654644e-02 8.197401046089693999e-01 4.130282399999999576e+00
8.256642908858867758e-01 1.414812138299598697e-02 5.639843166411967479e-01 3.199907800000000080e+00 4.063248374434756671e-02 9.955979886030548176e-01 -8.446091613472396509e-02 -3.983282000000000211e-01 -5.626966145452368950e-01 9.265244600593962321e-02 8.214548339552488754e-01 4.173481899999999634e+00
8.279527558809506305e-01 1.453563967802279540e-02 5.606094444515626884e-01 3.228229300000000190e+00 3.994378938031676457e-02 9.955964987256314958e-01 -8.480628169660844873e-02 -4.036281999999999925e-01 -5.593735136016720899e-01 9.260846022051280602e-02 8.237262563355047806e-01 4.216042999999999985e+00
8.309157818411043728e-01 1.485365378045681861e-02 5.561999033232177814e-01 3.256548200000000115e+00 3.906081151363281073e-02 9.956199461153290020e-01 -8.494219152580034793e-02 -4.090443000000000273e-01 -5.550254196802907325e-01 9.230542707056621499e-02 8.266961301724096156e-01 4.258718000000000004e+00
8.343747020284991711e-01 1.531878743698118599e-02 5.509847469452433533e-01 3.285170799999999947e+00 3.579838144764234398e-02 9.959972609401511745e-01 -8.190196631000654093e-02 -4.139166000000000234e-01 -5.500339375898384287e-01 8.806129087843839187e-02 8.304865300221555557e-01 4.302491700000000030e+00
8.373788958842272034e-01 1.281885669048507884e-02 5.464725625691206901e-01 3.313028599999999990e+00 3.561906325519399730e-02 9.963206559718976729e-01 -7.795147732115201289e-02 -4.193173000000000039e-01 -5.454611508261015818e-01 8.473976278510811366e-02 8.338412951770789450e-01 4.346016900000000405e+00
8.408000947407289205e-01 1.325152462715923317e-02 5.411835158049781436e-01 3.340908799999999790e+00 3.302571618345343657e-02 9.965826334277678722e-01 -7.571232938395873469e-02 -4.243528999999999773e-01 -5.403373971460342373e-01 8.153190691521246258e-02 8.374891315116977930e-01 4.389645599999999703e+00
8.440937396260903558e-01 2.048870643681124926e-02 5.358040421950810428e-01 3.367948999999999860e+00 2.452273476118437684e-02 9.967489490283435449e-01 -7.674743051545838968e-02 -4.291940000000000199e-01 -5.356345715166960231e-01 7.792140604120721681e-02 8.408471087401602206e-01 4.433423000000000336e+00
8.472410491090983653e-01 2.781879011812183125e-02 5.304797070773566992e-01 3.393685800000000086e+00 1.702850249158928755e-02 9.966922838569761689e-01 -7.946396291941973389e-02 -4.339676000000000089e-01 -5.309356220931199521e-01 7.635840632391999172e-02 8.439649038770882239e-01 4.476972599999999858e+00
8.510887133988855879e-01 2.792616178647061229e-02 5.242786772441783150e-01 3.420205800000000185e+00 1.853804219005229445e-02 9.963632721776720658e-01 -8.316592359351186736e-02 -4.390567000000000220e-01 -5.246945234293849403e-01 8.050067914792942425e-02 8.474758390301948552e-01 4.520145399999999647e+00
8.552135255306482220e-01 2.761441243064687717e-02 5.175396313090906419e-01 3.447036699999999954e+00 1.991984075839541707e-02 9.960903454554315140e-01 -8.606522895245928562e-02 -4.441211999999999938e-01 -5.178928708657800639e-01 8.391345491987088623e-02 8.513198613857256847e-01 4.563774600000000348e+00
8.585992080996411868e-01 2.794398210703994898e-02 5.118852739771582172e-01 3.472686299999999893e+00 1.819200208068499566e-02 9.962235503114987845e-01 -8.489810872480524351e-02 -4.488364000000000242e-01 -5.123245562248264218e-01 8.220566688953950818e-02 8.548483944070320861e-01 4.607763799999999854e+00
8.623514613859537548e-01 2.557278155779084405e-02 5.056639100122803931e-01 3.498285099999999925e+00 1.738250977266288244e-02 9.966395485474456306e-01 -8.004660283326839321e-02 -4.540972999999999815e-01 -5.060116652800736858e-01 7.781801278972141911e-02 8.590090520395844420e-01 4.651807800000000270e+00
8.659492137797714095e-01 2.534799114849873095e-02 4.994891775593656158e-01 3.523353100000000016e+00 1.551903116881956160e-02 9.968720305264107129e-01 -7.749396380191243827e-02 -4.592255000000000087e-01 -4.998911069680846975e-01 7.485742514197597786e-02 8.628471748086891102e-01 4.696129799999999577e+00
8.693771958457818805e-01 2.790180612285153572e-02 4.933607002573348055e-01 3.548158599999999829e+00 1.412897383813246921e-02 9.965928443097467060e-01 -8.125930573719163108e-02 -4.640500000000000180e-01 -4.939470249344622976e-01 7.761566778487331841e-02 8.660208684972330317e-01 4.740181399999999989e+00
8.725224536215017146e-01 2.919793341586945576e-02 4.877007777424155477e-01 3.572370300000000221e+00 1.368011494184065771e-02 9.963612872166489609e-01 -8.412514363233189463e-02 -4.689991000000000021e-01 -4.883824550303711987e-01 8.007287943008478681e-02 8.689481639305549621e-01 4.784407100000000135e+00
8.762775469254483474e-01 2.998746461235068939e-02 4.808725535112621796e-01 3.596447500000000019e+00 1.296987096407408412e-02 9.962313958397697178e-01 -8.576006290995441539e-02 -4.733267999999999920e-01 -4.816320620572242528e-01 8.138647252011285693e-02 8.725862701700267676e-01 4.827332000000000178e+00
8.795869898589174785e-01 3.015620160684283693e-02 4.747813504925988970e-01 3.619698800000000105e+00 1.162464921624710087e-02 9.963285812336014624e-01 -8.481878180944375789e-02 -4.788699000000000150e-01 -4.755960416167566707e-01 8.012466362916147167e-02 8.760071024122954020e-01 4.871369399999999850e+00
8.870863291314602384e-01 2.387290856771175085e-02 4.609858228889345266e-01 3.666411399999999876e+00 1.686573365165270483e-02 9.963186999065892779e-01 -8.405114660035903351e-02 -4.892211000000000198e-01 -4.612953410738742654e-01 8.233548720303543456e-02 8.834180640277720098e-01 4.960378600000000304e+00
8.903518259593407036e-01 2.250311117952994919e-02 4.547166546302318646e-01 3.689343000000000039e+00 1.786444189345521780e-02 9.962816702654825329e-01 -8.428342190997965833e-02 -4.945126000000000244e-01 -4.549225073863714663e-01 8.316515785028001650e-02 8.866391987686055298e-01 5.004862300000000097e+00
8.961048190528204671e-01 3.087480688947101537e-02 4.427673198982164937e-01 3.733203599999999955e+00 6.750819990885373670e-03 9.965140785956660974e-01 -8.315117311307945736e-02 -5.050839999999999774e-01 -4.437911442331430312e-01 7.750120941100543948e-02 8.927726378199933865e-01 5.094067100000000181e+00
8.982164752786883088e-01 2.798419056161587787e-02 4.386616561959124083e-01 3.755302900000000221e+00 9.394167355793986429e-03 9.965212147802829934e-01 -8.280832151734865421e-02 -5.097992000000000079e-01 -4.394529703593104686e-01 7.850065968793143445e-02 8.948288849109301557e-01 5.139165900000000065e+00
9.024570278021314396e-01 2.579447111732184952e-02 4.300069281189787262e-01 3.798230400000000007e+00 1.142637871686298309e-02 9.964211099037547648e-01 -8.375207225847108861e-02 -5.198572000000000193e-01 -4.306283209915038879e-01 8.049606821421148584e-02 8.989324958872558780e-01 5.228379200000000004e+00
9.053166151884280977e-01 1.912011358419695925e-02 4.243067846738902693e-01 3.820209999999999884e+00 1.720179938674925788e-02 9.965160959571244259e-01 -8.160740527813131751e-02 -5.248009999999999620e-01 -4.243888834095748130e-01 8.117938010910497049e-02 9.018336786145634276e-01 5.273460400000000270e+00
9.077250268887984141e-01 1.102990896396783063e-02 4.194205725378487570e-01 3.841686699999999899e+00 2.422111575983463758e-02 9.966096605198906389e-01 -7.862901569889461928e-02 -5.298171000000000408e-01 -4.188658652970888574e-01 8.153235962901421441e-02 9.043803741912173066e-01 5.318569199999999775e+00
9.096879803968747069e-01 8.867140465246420300e-03 4.151977265610024004e-01 3.862314899999999884e+00 2.571987032153978670e-02 9.966499207817609562e-01 -7.763648418335843127e-02 -5.346146999999999982e-01 -4.144951948962719568e-01 8.130380818682035604e-02 9.064123918957762704e-01 5.363598800000000111e+00
9.115798080743382492e-01 1.134965132842166019e-02 4.109664693449771034e-01 3.882770100000000113e+00 2.346938713450451297e-02 9.965521566358893635e-01 -7.958006642299730871e-02 -5.394373999999999558e-01 -4.104527273373676510e-01 8.218871284477671790e-02 9.081704543213434677e-01 5.408844900000000067e+00
9.130197273542015601e-01 1.349472321271549639e-02 4.076921263741447032e-01 3.902586900000000192e+00 2.189654601830069713e-02 9.963903002355682936e-01 -8.201774728034511019e-02 -5.439686999999999717e-01 -4.073272869996899526e-01 8.381087066655681928e-02 9.094285124316181523e-01 5.454049099999999761e+00
9.137931505393757092e-01 1.556819764935747120e-02 4.058813980084237660e-01 3.922577099999999817e+00 1.933161453595586693e-02 9.964658775557545534e-01 -8.174376763076916796e-02 -5.490741999999999567e-01 -4.057195665810994778e-01 8.254323769389292076e-02 9.102627352606796896e-01 5.499426399999999937e+00
9.141391788128908624e-01 1.578384915111382542e-02 4.050931150553762072e-01 3.942316500000000001e+00 1.859490771761269923e-02 9.965576026601034032e-01 -8.079092763003085931e-02 -5.538136000000000170e-01 -4.049738154081901631e-01 8.138682133074308378e-02 9.106988493170564691e-01 5.544886599999999888e+00
9.147297634763006391e-01 1.221613836890627150e-02 4.038814501483607433e-01 3.962666000000000022e+00 2.029706763073839057e-02 9.968918601399601176e-01 -7.612258687330229756e-02 -5.585027000000000186e-01 -4.035560541686672442e-01 7.782920499428193362e-02 9.116387036506149455e-01 5.590285299999999680e+00
9.152076058245177670e-01 1.098760575655086114e-02 4.028328571016679405e-01 3.982715799999999806e+00 1.926401348318968962e-02 9.972925223036762654e-01 -7.096846300781034511e-02 -5.633380000000000054e-01 -4.025219696183969242e-01 7.271105470910230184e-02 9.125180362587997918e-01 5.635924300000000109e+00
9.155201271172780375e-01 9.331609899309784018e-03 4.021639191919760825e-01 4.002238300000000137e+00 2.014158531521442058e-02 9.974136239339592702e-01 -6.899550225859943375e-02 -5.679113000000000078e-01 -4.017676111686369622e-01 7.126698988741958507e-02 9.129642943556079970e-01 5.680940599999999563e+00
9.160853554111753061e-01 1.118746929851389266e-02 4.008272222939395779e-01 4.021862999999999744e+00 2.027036065506225559e-02 9.970406214085031360e-01 -7.415599598319416730e-02 -5.722007999999999539e-01 -4.004706407217564768e-01 7.605813429239907664e-02 9.131475379848894569e-01 5.725779099999999566e+00
9.160106783256631857e-01 1.301951347817771609e-02 4.009425513239397443e-01 4.040908800000000412e+00 2.000871007541309143e-02 9.967463380751961921e-01 -7.807937662920182154e-02 -5.764766999999999531e-01 -4.006545753070549498e-01 7.954388601569724326e-02 9.127697855883734057e-01 5.770078200000000379e+00
9.159824683875786855e-01 1.633138199304087421e-02 4.008857737171473423e-01 4.060109599999999652e+00 1.625666563534632417e-02 9.968400014786350516e-01 -7.775430711218028756e-02 -5.809195999999999804e-01 -4.008888105560181603e-01 7.773864813766753756e-02 9.128224713254537992e-01 5.814560900000000032e+00
9.162748599746751710e-01 1.764282446857649844e-02 4.001613571088046273e-01 4.079277000000000264e+00 1.423483869287163299e-02 9.969641374035999037e-01 -7.654984061697281406e-02 -5.860214999999999730e-01 -4.002970776133361053e-01 7.583692686196491506e-02 9.132420326388595022e-01 5.858936299999999875e+00
9.165001613973450256e-01 1.337230544738269786e-02 3.998107497375009145e-01 4.098376299999999972e+00 1.888843403938594498e-02 9.968798361022795929e-01 -7.664084702188464493e-02 -5.906304999999999472e-01 -3.995881394863722291e-01 7.779314763984071512e-02 9.133879487721006107e-01 5.902849200000000351e+00
9.167952481526907560e-01 1.650464096178330675e-02 3.990163778485397716e-01 4.117207500000000131e+00 1.660558463120062611e-02 9.967060550176086720e-01 -7.938069318349176562e-02 -5.950891999999999848e-01 -3.990121896931246304e-01 7.940174253729100073e-02 9.135013058328596003e-01 5.946641399999999855e+00
9.164573193346587932e-01 2.602804840008771797e-02 3.992850141620817861e-01 4.135295400000000399e+00 7.366292182907234476e-03 9.966155090450817822e-01 -8.187346865919756245e-02 -5.998504999999999532e-01 -4.000646442481605169e-01 7.797478969061255594e-02 9.131638476173361552e-01 5.990726500000000065e+00
9.164274429628224139e-01 3.268773338489430746e-02 3.988637033759539485e-01 4.153299800000000097e+00 1.329594389987406866e-03 9.964045609997460584e-01 -8.471235445707700484e-02 -6.044933000000000112e-01 -4.001986681179499628e-01 7.816305332483761137e-02 9.130890225665609927e-01 6.034402799999999623e+00
9.164353704840600967e-01 3.215211466866677720e-02 3.988890237247402215e-01 4.171808200000000078e+00 3.331574075798052204e-03 9.961197092617153359e-01 -8.794558223431747646e-02 -6.091720000000000468e-01 -4.001688547849782118e-01 8.192537056790485939e-02 9.127722176520220998e-01 6.077520800000000278e+00
9.165571401114260830e-01 3.082323588042770041e-02 3.987141043913836613e-01 4.190103099999999969e+00 4.959571208968853798e-03 9.960723585304397387e-01 -8.840395480424061148e-02 -6.144231999999999472e-01 -3.998729942921712688e-01 8.300472698266385396e-02 9.128043622454630190e-01 6.120424700000000051e+00
9.185662235540095200e-01 2.037442232869383224e-02 3.947416571132282836e-01 4.227115200000000073e+00 1.536682553266546271e-02 9.960748636680746282e-01 -8.717067535401548661e-02 -6.245566999999999647e-01 -3.949682944475089164e-01 8.613796423992481355e-02 9.146476357034042381e-01 6.204623699999999964e+00
9.197573586848011296e-01 1.508277730176109388e-02 3.921975407546859915e-01 4.245276900000000353e+00 1.905555922676002711e-02 9.963669039822768969e-01 -8.300529086346007668e-02 -6.292904999999999749e-01 -3.920245997481707767e-01 8.381827054788025533e-02 9.161283811315141801e-01 6.246835199999999588e+00
9.205158777245440183e-01 9.590626561462313807e-03 3.905874277791988591e-01 4.263205499999999759e+00 2.249047903520644265e-02 9.967403017002967047e-01 -7.747870235857340360e-02 -6.340259000000000311e-01 -3.900572999057693169e-01 8.010487406244418129e-02 9.172995758974603620e-01 6.288489799999999796e+00
9.219838684096927084e-01 6.839550271562685330e-03 3.871678795359724812e-01 4.280882400000000310e+00 2.473007137558903487e-02 9.967628880470330577e-01 -7.649946785367871260e-02 -6.387351000000000001e-01 -3.864377957214548132e-01 8.010596459827769300e-02 9.188301608424283007e-01 6.330507800000000351e+00
9.240761719985477463e-01 7.645155763819043437e-03 3.821318881457778094e-01 4.298281199999999913e+00 2.557120828111059119e-02 9.963231594031337623e-01 -8.176964806088965476e-02 -6.430820000000000425e-01 -3.813519918022644228e-01 8.533295746840513507e-02 9.204829953443686152e-01 6.371626899999999871e+00
9.266676465205226920e-01 6.263707131494601968e-03 3.758295343172041170e-01 4.314688199999999973e+00 2.751083297149082424e-02 9.960493197089594908e-01 -8.443285365622571481e-02 -6.478717000000000503e-01 -3.748736146507651856e-01 8.858057733098018138e-02 9.228343591123923106e-01 6.412331599999999909e+00
9.297172125971704393e-01 7.786029020301832998e-03 3.681919096784213585e-01 4.330710899999999697e+00 2.558692155224699324e-02 9.959948560633952175e-01 -8.567120952067770745e-02 -6.517851000000000061e-01 -3.673842866073982472e-01 8.907089562450641596e-02 9.257943408266336993e-01 6.453521300000000238e+00
9.332796834070780090e-01 3.967514018602338530e-03 3.591285165119811884e-01 4.346697299999999764e+00 2.717383294477801470e-02 9.962926611510986019e-01 -8.162423745157787458e-02 -6.561131000000000046e-01 -3.581209507173148676e-01 8.593714080055528393e-02 9.297118868167449923e-01 6.495491999999999599e+00
9.376572402067334666e-01 -1.160913847190699066e-03 3.475594224976952806e-01 4.362143999999999799e+00 3.082687002583745645e-02 9.963310835732093196e-01 -7.983781053012821427e-02 -6.606714000000000198e-01 -3.461915712034338566e-01 8.557467022941968315e-02 9.342528414957184113e-01 6.536449400000000409e+00
9.422313473970100883e-01 -4.424939486779185666e-03 3.349335872870220498e-01 4.376853900000000408e+00 3.394935262400480824e-02 9.960253033704019598e-01 -8.234704914148230359e-02 -6.649833000000000549e-01 -3.332379471771272916e-01 8.896074952717666906e-02 9.386364874671860870e-01 6.577751600000000032e+00
9.467748911518503174e-01 -3.455986607610801384e-03 3.218778675848494863e-01 4.390029400000000415e+00 3.217610062295448575e-02 9.959503780345960733e-01 -8.394964586850059418e-02 -6.691607000000000527e-01 -3.202842550502652541e-01 8.983819148509816777e-02 9.430520109291870012e-01 6.618784899999999638e+00
9.511711909106232987e-01 -5.770885427606217699e-03 3.086098871764286211e-01 4.403510999999999953e+00 3.339376975716530638e-02 9.958806259885540912e-01 -8.430085955701185907e-02 -6.734637999999999458e-01 -3.068521170255665287e-01 9.049019649678657906e-02 9.474456726456145228e-01 6.660278299999999874e+00
9.553169055978322222e-01 -6.277918040495546539e-03 2.955168313718515849e-01 4.416130100000000169e+00 3.321408042355630807e-02 9.957224809277559485e-01 -8.621812939685204180e-02 -6.781034000000000228e-01 -2.937114821395310216e-01 9.218095638553337745e-02 9.514390345887897560e-01 6.701327299999999987e+00
9.591221586478265726e-01 -1.859478150934549059e-03 2.829862666839853547e-01 4.427171200000000084e+00 2.938039137158958425e-02 9.952288805796717375e-01 -9.303906632692438006e-02 -6.829406999999999561e-01 -2.814631013003048854e-01 9.755007740201854238e-02 9.546007044860560509e-01 6.742309599999999570e+00
9.625418301404209398e-01 7.685892200281508983e-03 2.710242651332436803e-01 4.437295899999999627e+00 2.101163331030285811e-02 9.944775343219977026e-01 -1.028248267417613410e-01 -6.875312000000000090e-01 -2.703178434649893824e-01 1.046678593930606832e-01 9.570647327712540342e-01 6.782484499999999805e+00
9.662088904413714818e-01 1.295157980680703563e-02 2.574347230125759722e-01 4.447231300000000331e+00 1.614629955198593897e-02 9.937343344188515060e-01 -1.105955225490600630e-01 -6.924732000000000109e-01 -2.572541098657732395e-01 1.110149952827545888e-01 9.599458285651011336e-01 6.822291899999999742e+00
