1.000000000000000000e+00 0.000000000000000000e+00 0.000000000000000000e+00 0.000000000000000000e+00 0.000000000000000000e+00 1.000000000000000000e+00 0.000000000000000000e+00 0.000000000000000000e+00 0.000000000000000000e+00 0.000000000000000000e+00 1.000000000000000000e+00 0.000000000000000000e+00
9.994445982789422755e-01 1.182384611347675691e-03 3.330310702734401440e-02 2.016899999999999856e-03 -1.178487598449767587e-03 9.999992962472662450e-01 -1.366453534858868462e-04 -8.978000000000000303e-04 -3.330324515755457571e-02 9.732216179981601856e-05 9.994452883426749867e-01 5.452200000000000102e-02
9.977149766173384338e-01 8.022958567048898244e-04 6.755872819127171913e-02 5.926299999999999797e-03 -7.612100407945521013e-04 9.999995093712240601e-01 -6.338900415944890470e-04 -2.267299999999999871e-03 -6.755920361236959770e-02 5.810152057849033791e-04 9.977150978253226388e-01 1.092349999999999988e-01
9.948544485752622846e-01 -1.257425056589720001e-04 1.013144132827755034e-01 1.197540000000000063e-02 3.440517170280711981e-04 9.999976567884609757e-01 -2.137298763239898949e-03 -3.134399999999999860e-03 -1.013139071323714141e-01 2.161158580393250216e-03 9.948521606827637198e-01 1.640938999999999870e-01
9.860627886022812483e-01 1.928790876340764817e-03 1.663624257446613963e-01 2.876099999999999837e-02 -7.868809380448959926e-04 9.999756802316570603e-01 -6.929629400188859131e-03 -5.802700000000000045e-03 -1.663717456549698437e-01 6.702142268705196457e-03 9.860403255124650101e-01 2.736759000000000275e-01
9.801755248727797021e-01 -1.471812441577928163e-03 1.981256525756007469e-01 4.018320000000000225e-02 3.742863153879004076e-03 9.999315137722897262e-01 -1.108867622705303826e-02 -7.308600000000000166e-03 -1.980957632454115880e-01 1.161040624585947534e-02 9.801139051411442704e-01 3.280823999999999963e-01
9.734259040066735036e-01 -6.983411562184830071e-03 2.288956997668234183e-01 5.376720000000000110e-02 1.086338345225332409e-02 9.998178074870874843e-01 -1.569518179833419985e-02 -9.219899999999999624e-03 -2.287443907700469070e-01 1.776467828773140717e-02 9.733244165726931962e-01 3.811125000000000207e-01
9.658611430714146850e-01 -1.249831407889915799e-02 2.587586606279400070e-01 6.912450000000000538e-02 1.845084508679753141e-02 9.996177697426700259e-01 -2.058836395329537161e-02 -1.103160000000000078e-02 -2.584024353994429091e-01 2.465981670401351522e-02 9.657225661750693524e-01 4.353099000000000274e-01
9.578029500360615289e-01 -1.810909710372812786e-02 2.868546138801075229e-01 8.622889999999999722e-02 2.613821937846729643e-02 9.993657322694183831e-01 -2.418525694162302828e-02 -1.335599999999999982e-02 -2.862346980887204295e-01 3.066257927339045494e-02 9.576687860854409262e-01 4.883737000000000217e-01
9.401253855163902440e-01 -2.847462607130241130e-02 3.396372405637494984e-01 1.252377000000000073e-01 4.301826783848242131e-02 9.984480790351887292e-01 -3.536752893712419299e-02 -1.879489999999999980e-02 -3.381030732481373202e-01 4.786051755927042684e-02 9.398913143119919100e-01 5.935580000000000300e-01
9.308392141615615678e-01 -2.775977643816859852e-02 3.643730947685207000e-01 1.467375999999999958e-01 4.882199884514926147e-02 9.976186178346335698e-01 -4.871863892269152896e-02 -2.237629999999999827e-02 -3.621529646542337999e-01 6.313864238181123023e-02 9.299778180313393872e-01 6.447515000000000329e-01
9.209602098835342199e-01 -2.042445568172389370e-02 3.891209753038017416e-01 1.685042999999999958e-01 4.976525979461061955e-02 9.966126770238256105e-01 -6.547206207978209513e-02 -2.587300000000000016e-02 -3.864656656533042023e-01 7.966187046202985456e-02 9.188570485476177385e-01 6.956219999999999626e-01
8.989972803994903394e-01 -1.223655380717876551e-02 4.377832301324985353e-01 2.166582999999999981e-01 5.674847948336164682e-02 9.944370674122030573e-01 -8.873854310807703649e-02 -3.569640000000000313e-02 -4.342620175776907843e-01 1.046192415741080822e-01 8.946906249546889844e-01 7.950713999999999837e-01
8.874978327542402123e-01 -1.202900503782876329e-02 4.606548598401264405e-01 2.425151000000000112e-01 6.062081245365076587e-02 9.940191362609727133e-01 -9.083542174971746819e-02 -4.148759999999999948e-02 -4.568070861468612742e-01 1.085415118044227162e-01 8.829190372062574177e-01 8.437215999999999605e-01
8.757092824319182567e-01 -1.468564635181688477e-02 4.826153587006988266e-01 2.694290999999999769e-01 6.505574423438403864e-02 9.940117831037874607e-01 -8.779706824797399445e-02 -4.711810000000000304e-02 -4.784359965603395271e-01 1.082816089742776461e-01 8.714207309636696763e-01 8.920365999999999573e-01
8.541722555625407276e-01 -2.910486618492070729e-02 5.191749845587320111e-01 3.282276000000000082e-01 7.870487726961575281e-02 9.941657509809397331e-01 -7.375636833846202500e-02 -5.862040000000000306e-02 -5.139993191835728892e-01 1.038622469469153153e-01 8.514794968394492347e-01 9.864178999999999586e-01
8.459280565486981818e-01 -2.985933129326603583e-02 5.324604618922060828e-01 3.580049000000000148e-01 8.070608367565985930e-02 9.940997743620013649e-01 -7.247183364007889206e-02 -6.343429999999999902e-02 -5.271548645336395778e-01 1.042787559771254091e-01 8.433467198314007485e-01 1.032217500000000010e+00
8.387880369258123858e-01 -3.121193172854713066e-02 5.435627327438062872e-01 3.870422000000000029e-01 8.498677983461935814e-02 9.936235728854727611e-01 -7.409077310738253208e-02 -6.838800000000000434e-02 -5.377842284443491438e-01 1.083421004230590706e-01 8.360921677138448693e-01 1.076922699999999899e+00
8.128262899315549239e-01 -2.380895411495885863e-02 5.820193777702384885e-01 5.069719000000000309e-01 8.313642387189711103e-02 9.936773498739469579e-01 -7.545634084211801096e-02 -8.795630000000000115e-02 -5.765429363212215552e-01 1.097199072704739958e-01 8.096664649883076326e-01 1.249410200000000026e+00
8.077038264560177927e-01 -2.461449136030626275e-02 5.890744057785743948e-01 5.384303000000000283e-01 8.612339919181069559e-02 9.933368814113955336e-01 -7.658067732483894718e-02 -9.280539999999999623e-02 -5.832643387349814024e-01 1.125875963104128463e-01 8.044418837411988488e-01 1.291835300000000020e+00
8.052699881661463666e-01 -2.376275200353046568e-02 5.924319182624391278e-01 5.708471999999999991e-01 8.747076335010707526e-02 9.930244724564017966e-01 -7.906492687427528476e-02 -9.772450000000000581e-02 -5.864205928494021780e-01 1.154890848517886731e-01 8.017313512407084897e-01 1.335186200000000101e+00
8.118142301830306717e-01 -2.288752476601944863e-02 5.834670658078466854e-01 6.693704999999999794e-01 8.655556754630140681e-02 9.929093058078126699e-01 -8.148155721993305400e-02 -1.130228000000000066e-01 -5.774649681141452717e-01 1.166502106741878764e-01 8.080389464317896397e-01 1.471711200000000108e+00
8.166306556914897374e-01 -2.150785222905183744e-02 5.767597285502698012e-01 7.024548999999999932e-01 8.394700466060081578e-02 9.931049031703776953e-01 -8.182635093579401775e-02 -1.181624000000000008e-01 -5.710230053101194025e-01 1.152391582381957769e-01 8.128054280177705593e-01 1.519331900000000068e+00
8.215397323421406162e-01 -2.076269650654011603e-02 5.697730939742426948e-01 7.362311999999999745e-01 8.234864248945492071e-02 9.931792971989936714e-01 -8.254444073017253025e-02 -1.240489000000000036e-01 -5.641729958650518739e-01 1.147335785595931523e-01 8.176460338603507294e-01 1.568351400000000062e+00
8.285428963809928771e-01 -1.122371018406910850e-02 5.598130912959248251e-01 9.811754000000000309e-01 6.652728781870832775e-02 9.946902579199078387e-01 -7.852012974208651130e-02 -1.661582000000000059e-01 -5.559593409882436221e-01 1.023001423700445195e-01 8.248902302967264788e-01 1.935534099999999924e+00
8.282630464171406581e-01 -1.151766751245015749e-02 5.602210896377164406e-01 1.054443400000000031e+00 6.615950890275158758e-02 9.948055548846230778e-01 -7.736166591047520524e-02 -1.783027000000000084e-01 -5.564200259889504618e-01 1.011397612503109472e-01 8.247226827077607236e-01 2.044138199999999905e+00
8.286956450593944146e-01 -9.780424119946475731e-03 5.596140376756358892e-01 1.169315199999999999e+00 6.271136281050773698e-02 9.951739561778857324e-01 -7.547239177145732836e-02 -1.980721000000000009e-01 -5.561751638054713842e-01 9.763780133375311865e-02 8.253096672865691819e-01 2.214328800000000097e+00
8.309097078421512350e-01 -1.186538269637029547e-02 5.562807475611029062e-01 1.244654499999999997e+00 6.214966985740297961e-02 9.954953956895017386e-01 -7.159843362545181833e-02 -2.103639999999999954e-01 -5.529253800923652484e-01 9.406449837463171093e-02 8.279042180078818314e-01 2.326374500000000012e+00
8.341809673038373951e-01 -1.461313418185080856e-02 5.512971704057780808e-01 1.319425300000000023e+00 6.325824283386018154e-02 9.955862892606014425e-01 -6.932773867564522019e-02 -2.225507999999999931e-01 -5.478508086163664803e-01 9.270597038858609251e-02 8.314235350004858249e-01 2.438726700000000136e+00
8.361874864568659138e-01 -1.409520570663639477e-02 5.482625399104301689e-01 1.392887699999999951e+00 6.289198287565025969e-02 9.955394723034874938e-01 -7.032608033768537881e-02 -2.343565999999999983e-01 -5.448257390972983671e-01 9.328710662134005738e-02 8.333441244499786293e-01 2.549730999999999970e+00
8.272716059828247870e-01 -9.690912206698772124e-03 5.617185916054406869e-01 1.539506000000000041e+00 6.125005409861981193e-02 9.954469867756536861e-01 -7.303237222073291623e-02 -2.593949999999999867e-01 -5.584533291220618034e-01 9.482290197981493862e-02 8.240985963175840867e-01 2.771107199999999882e+00
8.235985563319523362e-01 -1.261220002968245490e-02 5.670329359202470609e-01 1.577159800000000001e+00 6.314925982550788353e-02 9.955757221584042860e-01 -6.957839055527342831e-02 -2.651625000000000232e-01 -5.636466880869737128e-01 9.311237221327220426e-02 8.207511785854484376e-01 2.825939200000000096e+00
8.200832174440887412e-01 -1.093835893010759730e-02 5.721397283622833285e-01 1.614743400000000051e+00 6.071686807391660223e-02 9.958367105562635491e-01 -6.799049815801617991e-02 -2.712907999999999986e-01 -5.690140405981611860e-01 9.049639889187154063e-02 8.173331165380228747e-01 2.880681500000000117e+00
8.131122587635519761e-01 -9.938417368649105771e-03 5.820220635926450781e-01 1.689551599999999931e+00 6.339970945733598706e-02 9.954182556459445497e-01 -7.157494790434909548e-02 -2.827743999999999813e-01 -5.786440455834310770e-01 9.509849729092167969e-02 8.100168790363868609e-01 2.986511000000000138e+00
8.075118519491816249e-01 -6.247079573458717144e-03 5.898182626524935968e-01 1.765710200000000007e+00 6.148664417618615596e-02 9.953877963046197097e-01 -7.363781335553080953e-02 -2.950585000000000013e-01 -5.866378794022374388e-01 9.572935268054304225e-02 8.041715547604317837e-01 3.090944100000000194e+00
8.051981120571223283e-01 -7.878286764819501103e-03 5.929535672692233250e-01 1.804264300000000043e+00 6.273498873189346792e-02 9.954322611878767546e-01 -7.196481484169917064e-02 -3.008890000000000176e-01 -5.896781507979206305e-01 9.514486840624730712e-02 8.020144216206481769e-01 3.142960099999999812e+00
8.036123622951123480e-01 -1.373511344597063560e-02 5.949945527692629410e-01 1.843158999999999992e+00 6.389468838059370048e-02 9.959466526289183497e-01 -6.330666563640498234e-02 -3.063104999999999856e-01 -5.917133089285856462e-01 8.889101065844100258e-02 8.012326430325371618e-01 3.195016400000000090e+00
8.021056133270866306e-01 -1.945758430506411285e-02 5.968651334113842521e-01 1.881889499999999993e+00 6.340724241288804575e-02 9.965941503561025483e-01 -5.272211192271501756e-02 -3.117249000000000270e-01 -5.938064555718230997e-01 8.013427412168504238e-02 8.006075139743689117e-01 3.246687699999999843e+00
8.008192843063646205e-01 -2.174539905496574582e-02 5.985111623879560971e-01 1.919798499999999963e+00 6.470145265912830013e-02 9.966330467792815506e-01 -5.036161327087388534e-02 -3.164712000000000081e-01 -5.954008699244909275e-01 7.905509273529932879e-02 7.995299221453645577e-01 3.297858699999999921e+00
7.997843439579233049e-01 -1.774869241780777790e-02 6.000249887106805513e-01 1.956708899999999973e+00 6.401572355733797792e-02 9.963845809949565258e-01 -5.585475712000959048e-02 -3.209640999999999744e-01 -5.968642980588005909e-01 8.308279408495378160e-02 7.980289838281642290e-01 3.348081399999999874e+00
7.989909357452983363e-01 -1.555266492323548536e-02 6.011419127050102729e-01 1.995150399999999991e+00 6.621707429341319728e-02 9.958618197695477958e-01 -6.224576288636310406e-02 -3.257133999999999863e-01 -5.976861916330954427e-01 8.953965902922739195e-02 7.967144192193691410e-01 3.398329700000000120e+00
7.983416086722112670e-01 -1.920919199806483610e-02 6.018983990720089272e-01 2.032443999999999917e+00 7.158878836992406403e-02 9.954309192060679656e-01 -6.318489113932714007e-02 -3.306057000000000023e-01 -5.979345459516384187e-01 9.353230474731112631e-02 7.960690841417370489e-01 3.447919100000000014e+00
7.983406519072775431e-01 -2.253091482163081458e-02 6.017844808480553587e-01 2.071025800000000139e+00 7.522540054149721989e-02 9.952037490394438635e-01 -6.253508624130085791e-02 -3.356979999999999964e-01 -5.974891987522740200e-01 9.519378012840987169e-02 7.962065068807397950e-01 3.497985599999999806e+00
7.985043122363707502e-01 -2.348798068711054760e-02 6.015306958943680282e-01 2.108137800000000173e+00 7.394063617309948322e-02 9.954991129693012697e-01 -5.928151819624499774e-02 -3.407339999999999813e-01 -5.974308710321538651e-01 9.181411024769731144e-02 7.966470507678955482e-01 3.548179100000000030e+00
7.990034830144175926e-01 -2.515377729213040189e-02 6.008000679250687925e-01 2.145782200000000195e+00 7.243289702416207121e-02 9.958757972962957172e-01 -5.463398016028536697e-02 -3.450849999999999751e-01 -5.969479956910120899e-01 8.717042989113468754e-02 7.975301916498699351e-01 3.598507600000000028e+00
7.996088249201823706e-01 -2.576704516740323941e-02 5.999681545658119841e-01 2.182836800000000022e+00 6.877873049721808241e-02 9.964342088759035043e-01 -4.887078486215729045e-02 -3.496376999999999957e-01 -5.965695377246109654e-01 8.034255886635188748e-02 7.985298115248112838e-01 3.648707899999999782e+00
8.001500684314115652e-01 -1.947902786347694912e-02 5.994834738862293566e-01 2.219390900000000055e+00 6.005259791574533990e-02 9.970521361119937254e-01 -4.775691947854477509e-02 -3.538767999999999914e-01 -5.967860198369072666e-01 7.421324240325496979e-02 7.989611011677717478e-01 3.699233500000000063e+00
8.013479540323490413e-01 -1.460437057722988735e-02 5.980202077925217408e-01 2.255669600000000052e+00 5.296266929667268336e-02 9.975081406406017814e-01 -4.660970946809904480e-02 -3.577702999999999856e-01 -5.958493200710556215e-01 6.902334181834619831e-02 8.001245940821268832e-01 3.749653299999999856e+00
8.028202886193371857e-01 -1.853416268010316809e-02 5.959329400149916411e-01 2.292673100000000019e+00 5.660444748533397658e-02 9.973713553990989356e-01 -4.523622391672774828e-02 -3.621888999999999803e-01 -5.935280285766159070e-01 7.004901314873561435e-02 8.017590754402746933e-01 3.799012700000000020e+00
8.047844132698657171e-01 -2.118833417385719564e-02 5.931889266100767166e-01 2.329508999999999830e+00 6.059371031044190337e-02 9.970744620301773553e-01 -4.659312651074935807e-02 -3.665174999999999961e-01 -5.904662991472859890e-01 7.344093995973502431e-02 8.037138656942148796e-01 3.848690700000000131e+00
8.083058931072635289e-01 -2.215519725906011511e-02 5.883457575290920172e-01 2.365639199999999942e+00 6.301850096667790946e-02 9.968066662977010939e-01 -4.904221202572896232e-02 -3.706102000000000007e-01 -5.853804333115191216e-01 7.671777668100056291e-02 8.071208899769242162e-01 3.898449900000000135e+00
8.137149008208015566e-01 -2.680180560293076927e-02 5.806459535712065190e-01 2.401801600000000203e+00 6.777687768385771971e-02 9.964972317452149841e-01 -4.898532408334764499e-02 -3.747156999999999849e-01 -5.772991902242894380e-01 7.921445790097865480e-02 8.126811887978173665e-01 3.948125099999999943e+00
8.188907777764831142e-01 -3.329299160252456591e-02 5.729829585448251716e-01 2.437357700000000182e+00 7.480035648726120201e-02 9.959924182643368207e-01 -4.903069884610018747e-02 -3.790646999999999767e-01 -5.690543038603654846e-01 8.301011667328601906e-02 8.180993336923593207e-01 3.997968000000000188e+00
8.252416417403608540e-01 -3.108961726033526718e-02 5.639234597321518550e-01 2.471318500000000196e+00 7.183420617486625803e-02 9.961523565659941015e-01 -5.020288170258274674e-02 -3.829685999999999924e-01 -5.601928949575323280e-01 8.193850258957979804e-02 8.242997041322268625e-01 4.048850999999999978e+00
8.323257154802332636e-01 -3.008758245130550152e-02 5.534696384920799739e-01 2.505182500000000090e+00 6.898893354155288815e-02 9.963845106518757211e-01 -4.958259757033081638e-02 -3.869483000000000228e-01 -5.499767544170545142e-01 7.945215110529146862e-02 8.313921609479036912e-01 4.100236400000000003e+00
8.394948387298191150e-01 -3.283773576826440332e-02 5.423745005580632439e-01 2.538016799999999851e+00 6.892555154596613498e-02 9.965445610285995626e-01 -4.634874570471314570e-02 -3.912285999999999819e-01 -5.389783707070993080e-01 7.629299439613999867e-02 8.388573745971308337e-01 4.151710999999999707e+00
8.463399376504905369e-01 -3.303996107443417374e-02 5.316174102773192356e-01 2.570402399999999865e+00 6.809915080148010169e-02 9.965954387758563238e-01 -4.647619897620424573e-02 -3.954412999999999956e-01 -5.282719144511478504e-01 7.553735753491996885e-02 8.457085148080045744e-01 4.203504599999999591e+00
8.532158664898412681e-01 -3.378215687652434684e-02 5.204627278170447235e-01 2.601899899999999821e+00 6.775558185161152658e-02 9.966230692408437619e-01 -4.638576273933539551e-02 -3.990280999999999967e-01 -5.171381501087876087e-01 7.484132370375502774e-02 8.526235452814630023e-01 4.255847900000000017e+00
8.603314558832849679e-01 -3.465437969222575493e-02 5.085556606566229432e-01 2.632824400000000065e+00 6.843796070546781518e-02 9.965061123445005942e-01 -4.787288997466596085e-02 -4.028722000000000136e-01 -5.051198190055742332e-01 7.599106544980586964e-02 8.596972295055853586e-01 4.307624800000000143e+00
8.670940363495459602e-01 -3.302996288980505207e-02 4.970482407961528404e-01 2.662638700000000025e+00 6.812976868043851830e-02 9.962864705175208391e-01 -5.264601868414113539e-02 -4.077895999999999743e-01 -4.934635414563087741e-01 7.951283050702635802e-02 8.661243808126859456e-01 4.360056900000000013e+00
8.733375191849076513e-01 -3.092496647037175361e-02 4.861329283567997761e-01 2.692062599999999861e+00 7.005046750824538149e-02 9.955828100866362940e-01 -6.251240086473196234e-02 -4.118978999999999835e-01 -4.820523929883838710e-01 8.864826399204366048e-02 8.716461298631283938e-01 4.412590500000000304e+00
8.801774083511587632e-01 -2.828107426525707652e-02 4.738015519884254401e-01 2.720392700000000108e+00 6.894825952540892255e-02 9.952534525767720019e-01 -6.867825450921113961e-02 -4.162890000000000201e-01 -4.696103356365300963e-01 9.311684043403822830e-02 8.779495353896643595e-01 4.465238600000000169e+00
8.859270871615967380e-01 -2.950130340445499683e-02 4.628853738570781196e-01 2.748050699999999846e+00 6.767823021801680494e-02 9.955162816578496665e-01 -6.608320595042438406e-02 -4.215956000000000148e-01 -4.588603855073193905e-01 8.987216505441147918e-02 8.839514356346206414e-01 4.519137899999999597e+00
8.920048191299528861e-01 -3.006527094685634838e-02 4.510249240694266804e-01 2.775316999999999812e+00 6.561801135232522841e-02 9.958291198258343302e-01 -6.339274953076368124e-02 -4.266923000000000243e-01 -4.472378329648623585e-01 8.614199666710853354e-02 8.902571972048851645e-01 4.572875500000000315e+00
8.969281530165709171e-01 -2.631399625089890157e-02 4.413926391860091836e-01 2.801275700000000146e+00 6.174777850469502505e-02 9.959004258396542131e-01 -6.610259951114286214e-02 -4.317204000000000041e-01 -4.378436937721244537e-01 8.654429740718391773e-02 8.948759603488514180e-01 4.626267000000000351e+00
9.003451885288781265e-01 -1.969860070216503112e-02 4.347303838280407451e-01 2.826546700000000190e+00 5.711361386239031945e-02 9.956829116257867041e-01 -7.316812562840296907e-02 -4.370375000000000232e-01 -4.314123046512196025e-01 9.070559313941256585e-02 8.975833770568339975e-01 4.679935500000000026e+00
9.027555775040506658e-01 -1.162754508200345913e-02 4.299967063602859740e-01 2.851041299999999890e+00 5.122638649031767411e-02 9.954268921909095180e-01 -8.062976888403017295e-02 -4.425040000000000084e-01 -4.270927587918960100e-01 9.481615104249643822e-02 8.992228160411711579e-01 4.733222999999999736e+00
9.044335149051706546e-01 -8.136660815983388917e-03 4.265369994115917884e-01 2.876098199999999938e+00 4.873196922794351127e-02 9.952441304616728157e-01 -8.434640452773083108e-02 -4.480477999999999961e-01 -4.238221470044308270e-01 9.707170304653404969e-02 9.005286626066935085e-01 4.787282000000000259e+00
9.061709965611859374e-01 -6.956394444051050563e-03 4.228542698940688238e-01 2.900682399999999994e+00 4.710314185738891796e-02 9.953037793721614124e-01 -8.456761078956075151e-02 -4.540611999999999981e-01 -4.202801672913795139e-01 9.655048080579771430e-02 9.022430856691001644e-01 4.840927599999999664e+00
9.083007697212326370e-01 -7.474442053104709410e-03 4.182509347745813622e-01 2.924639899999999848e+00 4.710337937993593072e-02 9.953090127012185206e-01 -8.450586303159877966e-02 -4.603015999999999774e-01 -4.156572907754730317e-01 9.645777289425817858e-02 9.043920138266776654e-01 4.893914200000000214e+00
9.108879289092175480e-01 -6.249932015597065016e-03 4.126064945165995868e-01 2.948743599999999798e+00 4.371613775658864109e-02 9.957201107556351571e-01 -8.142702460751480298e-02 -4.659650000000000181e-01 -4.103316710505335863e-01 9.220845615552986096e-02 9.072626523484202954e-01 4.948516800000000160e+00
9.132521123355561432e-01 -7.986682674781517277e-03 4.073165749321983053e-01 2.972557999999999812e+00 4.336471418935801403e-02 9.960333499019201620e-01 -7.769856785317587333e-02 -4.719342999999999733e-01 -4.050803387945656198e-01 8.862154807388340771e-02 9.099759009661015918e-01 5.002378900000000073e+00
9.157434036527444254e-01 -6.922822236409550273e-03 4.017039870336984730e-01 2.995699600000000018e+00 4.073627660529176298e-02 9.962985997828031071e-01 -7.569449015062595931e-02 -4.775940000000000185e-01 -3.996931003092546453e-01 8.568065477754663317e-02 9.126358808210791596e-01 5.056489899999999871e+00
9.182212088554850826e-01 9.495022426096958595e-04 3.960667999889198043e-01 3.017939600000000056e+00 3.206820760160231099e-02 9.965357356244542997e-01 -7.673433185118845590e-02 -4.832425000000000193e-01 -3.947675793035596570e-01 8.316024331926318014e-02 9.150097989977422630e-01 5.110572300000000290e+00
9.207298507532046816e-01 8.341040057844160971e-03 3.901114827619600045e-01 3.039282299999999992e+00 2.463689530156296104e-02 9.965340081306170994e-01 -7.945435185706949122e-02 -4.886736999999999886e-01 -3.894220914661639665e-01 8.276712928379607870e-02 9.173331112459846004e-01 5.164266600000000373e+00
9.234615611374294986e-01 8.054332307467939114e-03 3.836064035345376211e-01 3.061185800000000068e+00 2.588129629240875501e-02 9.961949816005407632e-01 -8.322089362727899675e-02 -4.944456999999999880e-01 -3.828170628431368239e-01 8.677952733784169426e-02 9.197393163452211029e-01 5.217757200000000317e+00
9.264297359229294315e-01 7.125771674151662807e-03 3.764002760039095175e-01 3.083371599999999990e+00 2.740087687385791421e-02 9.958927408876698806e-01 -8.629507861858777551e-02 -5.001242999999999661e-01 -3.754692215672478794e-01 9.026002451413596417e-02 9.224293965558516550e-01 5.271225900000000131e+00
9.289713783141485548e-01 7.562783494404713355e-03 3.700742933235537935e-01 3.104342899999999794e+00 2.570548379726299987e-02 9.960593742130163797e-01 -8.488198363093767129e-02 -5.056842999999999755e-01 -3.692579130849596991e-01 8.836587207848332903e-02 9.251162447368165287e-01 5.324756599999999729e+00
9.316682989214046806e-01 5.971950134027792512e-03 3.632609483504836145e-01 3.125092299999999934e+00 2.491790634565866150e-02 9.964600830122173347e-01 -8.028948191783247257e-02 -5.115743000000000373e-01 -3.624545195307199430e-01 8.385486732970034995e-02 9.282214619889336271e-01 5.378926800000000341e+00
9.342854405381960659e-01 5.826929032045178800e-03 3.564782777342885289e-01 3.145401699999999856e+00 2.338691914278096667e-02 9.967113026865839220e-01 -7.758628171153776620e-02 -5.174433000000000504e-01 -3.557580183374059457e-01 8.082466204611425675e-02 9.310765846018110858e-01 5.433210400000000107e+00
9.366900740954787752e-01 8.681177034781262930e-03 3.500519136589562708e-01 3.164980200000000021e+00 2.120845228555197706e-02 9.964507308221011161e-01 -8.146252264539886878e-02 -5.230759000000000380e-01 -3.495166757719265771e-01 8.372919568102542287e-02 9.331813945573231850e-01 5.487225500000000089e+00
9.414444191048804145e-01 1.032442733640434596e-02 3.370101065790899741e-01 3.203354599999999941e+00 1.977460282639183220e-02 9.961198026223782032e-01 -8.575723821703200300e-02 -5.340129999999999599e-01 -3.365878352218522607e-01 8.739991432335401933e-02 9.375872674887055780e-01 5.593985599999999891e+00
9.465629527385187592e-01 7.331159703170095354e-03 3.224357774818784605e-01 3.240579400000000110e+00 2.093326013075356290e-02 9.962370564185022426e-01 -8.410425696060923328e-02 -5.459161000000000152e-01 -3.218390515820525044e-01 8.635960581200331776e-02 9.428476246779011749e-01 5.701942400000000077e+00
9.489074229991770748e-01 4.541966410292787304e-03 3.155219059244361302e-01 3.258342299999999803e+00 2.331412564551684635e-02 9.961544963777215766e-01 -8.445514129899402145e-02 -5.519682000000000199e-01 -3.146921577072520626e-01 8.749622784769502115e-02 9.451525040912595044e-01 5.757251300000000072e+00
9.512218861688785942e-01 2.616219503287709608e-03 3.084964808046142815e-01 3.276073900000000094e+00 2.477794574142902495e-02 9.960857762502325352e-01 -8.484798027535252196e-02 -5.574440000000000506e-01 -3.075109374935401374e-01 8.835316489793916539e-02 9.474337663258375342e-01 5.808488399999999885e+00
9.550247747787341535e-01 1.281169506689362400e-02 2.962491181899803983e-01 3.308842400000000072e+00 1.260900188773774258e-02 9.964079509719411254e-01 -8.373892948499316036e-02 -5.695814000000000155e-01 -2.962578144627126542e-01 8.370815796211598936e-02 9.514327362774345209e-01 5.917572500000000346e+00
9.564377561709990205e-01 9.814844774328420479e-03 2.917712929550136947e-01 3.325555599999999945e+00 1.519626391409246297e-02 9.964059771160450607e-01 -8.333188063684088265e-02 -5.752192999999999889e-01 -2.915405497244557553e-01 8.413559050410998608e-02 9.528511480167753955e-01 5.972432600000000313e+00
9.578445274074475213e-01 8.172080643910527298e-03 2.871708174824749160e-01 3.341953800000000196e+00 1.637703737966573342e-02 9.964166305803381363e-01 -8.298006356704534792e-02 -5.812043999999999544e-01 -2.868198981281956939e-01 8.418500698387615389e-02 9.542783821489703167e-01 6.026751499999999595e+00
9.592442498362450110e-01 7.653682404424553068e-03 2.824745834615066120e-01 3.357966699999999971e+00 1.688851402763597714e-02 9.962934190594520123e-01 -8.434572444863748519e-02 -5.866903999999999453e-01 -2.820731239413599156e-01 8.567872714086817443e-02 9.555594740598216674e-01 6.080968900000000232e+00
9.609793908744214130e-01 9.720288252372429050e-04 2.766182667044766452e-01 3.374274699999999960e+00 2.269286001964229693e-02 9.963461719414747897e-01 -8.233674612041690100e-02 -5.922779000000000238e-01 -2.756875848106965510e-01 8.540117573858087285e-02 9.574460792983138235e-01 6.135625400000000340e+00
9.624084827312918700e-01 -7.147071766242355656e-03 2.715121207828866678e-01 3.390079000000000065e+00 2.973536448496559917e-02 9.964174004501403781e-01 -7.917178903580933402e-02 -5.981288999999999634e-01 -2.699735551230877384e-01 8.426911323464032766e-02 9.591730793182471349e-01 6.189882800000000351e+00
9.636934883162806553e-01 -9.209250449418008438e-03 2.668521131318966066e-01 3.405353299999999805e+00 3.121428665762683921e-02 9.964381000159332480e-01 -7.833761002923488037e-02 -6.035814999999999930e-01 -2.651801819240158231e-01 8.382304302992631129e-02 9.605483686790317055e-01 6.244141100000000222e+00
9.649307790087163772e-01 -6.979419802275753371e-03 2.624116602227410389e-01 3.420136700000000030e+00 2.899723851742797703e-02 9.963627867624099688e-01 -8.012713219258442432e-02 -6.091843999999999593e-01 -2.608979721653564288e-01 8.492634958755797270e-02 9.616235039066676205e-01 6.298486699999999772e+00
9.658288261075839154e-01 -5.250073233288535257e-03 2.591276044552017210e-01 3.434103299999999859e+00 2.753863963170935514e-02 9.962138969179054060e-01 -8.245904992707520087e-02 -6.144526999999999628e-01 -2.577136045824535704e-01 8.677734911073362034e-02 9.623166784870937907e-01 6.352649699999999733e+00
9.663868007408050742e-01 -3.094778442738931740e-03 2.570738681786654545e-01 3.448572599999999877e+00 2.508330611942137522e-02 9.962919923003510370e-01 -8.229880820714682854e-02 -6.202611999999999570e-01 -2.558659397185777951e-01 8.598074449891499049e-02 9.628810583178700755e-01 6.407079699999999711e+00
9.665815186190749309e-01 -2.771151444998442084e-03 2.563444725046979955e-01 3.462543999999999844e+00 2.441233270683686174e-02 9.963923949170064853e-01 -8.127873869200329116e-02 -6.257053999999999672e-01 -2.551944471885187471e-01 8.482049322670277836e-02 9.631621244904334800e-01 6.461697599999999930e+00
9.669661716198256762e-01 -5.531530526598662026e-03 2.548447078377951702e-01 3.477302100000000173e+00 2.592353374898091062e-02 9.967149675325609470e-01 -7.672837737454989149e-02 -6.310116999999999532e-01 -2.535831093366893163e-01 8.080022070885202468e-02 9.639330531694291215e-01 6.516134300000000046e+00
9.673332399910818946e-01 -5.922124806536949171e-03 2.534390089274571878e-01 3.491692500000000088e+00 2.486159418556144196e-02 9.971240660974386438e-01 -7.159258302270858632e-02 -6.364528999999999881e-01 -2.522861548775683360e-01 7.555478308543255028e-02 9.646984869947733410e-01 6.570696800000000337e+00
9.674849883351613888e-01 -7.365165419642041508e-03 2.528211851970755264e-01 3.505389000000000088e+00 2.578970470422265598e-02 9.972388083320973262e-01 -6.963943055229049328e-02 -6.416673000000000515e-01 -2.516101915212928253e-01 7.389528736475420301e-02 9.650035222878197150e-01 6.624740599999999979e+00
9.677624042601379317e-01 -6.132782668665159517e-03 2.517902259369419471e-01 3.519210300000000124e+00 2.572410671303216462e-02 9.968824037084265122e-01 -7.459050549718952705e-02 -6.467515000000000347e-01 -2.505477983029463229e-01 7.866296557623954355e-02 9.649030721333088367e-01 6.678713300000000075e+00
9.677292207059335905e-01 -4.598421003904959795e-03 2.519504116213293621e-01 3.532630399999999948e+00 2.519031750024992161e-02 9.965906266197573915e-01 -7.856571031866114996e-02 -6.515752999999999684e-01 -2.507301403822903563e-01 8.237704448394601864e-02 9.645457061466641280e-01 6.731891599999999976e+00
9.677833806117532855e-01 -1.136022531941477398e-03 2.517817262322530891e-01 3.546193800000000174e+00 2.153631710669403135e-02 9.966985330845055113e-01 -7.828295595258813466e-02 -6.567058000000000062e-01 -2.508615459913420831e-01 8.118339485388534338e-02 9.646127415407863559e-01 6.785276399999999875e+00
9.680018772714360509e-01 -3.412059555839397351e-03 2.509197549986112441e-01 3.573248400000000213e+00 2.350970965737367996e-02 9.967428843785282044e-01 -7.714218037233688818e-02 -6.679028000000000187e-01 -2.498392666311716470e-01 8.057282600455051291e-02 9.649291997648525854e-01 6.891289200000000115e+00
9.682659730906154616e-01 -6.448392685073304348e-04 2.499211666450070757e-01 3.586792500000000050e+00 2.129763816610358990e-02 9.965719834260823307e-01 -7.994180670181298687e-02 -6.729566000000000159e-01 -2.490128831274183718e-01 8.272766183400866169e-02 9.649604748403162180e-01 6.944240100000000027e+00
9.680775135115496921e-01 9.143931797344150014e-03 2.504841638598755416e-01 3.598974000000000117e+00 1.189882934007888832e-02 9.965311715889597632e-01 -8.236529555505209266e-02 -6.783911999999999720e-01 -2.503684199207862338e-01 8.271645883873973704e-02 9.646106166446376529e-01 6.996737000000000428e+00
9.681097401134555192e-01 1.629407947235071707e-02 2.499960681122932460e-01 3.611412800000000090e+00 5.250701781389524245e-03 9.963438413927578896e-01 -8.527238620752849996e-02 -6.836219000000000046e-01 -2.504714778737502368e-01 8.386568245040221248e-02 9.644846220022731398e-01 7.048314600000000318e+00
9.681853786687996122e-01 1.376309779206180348e-02 2.498552574414218408e-01 3.624693399999999954e+00 8.653801662656081944e-03 9.960474723164917110e-01 -8.839991294515590903e-02 -6.891161000000000092e-01 -2.500843542661884689e-01 8.774970103136463251e-02 9.642394960382869584e-01 7.100220199999999870e+00
9.683118900522479366e-01 1.233829591421449490e-02 2.494390707915992433e-01 3.637699399999999805e+00 1.028092053354199772e-02 9.959629500141220504e-01 -8.917457525634919779e-02 -6.949927000000000188e-01 -2.495323350919198269e-01 8.891326477585090315e-02 9.642759175103737812e-01 7.151513600000000359e+00
9.688180394783008076e-01 1.342795070849864617e-02 2.474091682237979650e-01 3.650925599999999882e+00 9.296127722591390752e-03 9.958574552127666957e-01 -9.045170482924827504e-02 -7.007145999999999653e-01 -2.475988456976055685e-01 8.993119056769080522e-02 9.646798394142436228e-01 7.203027200000000185e+00
9.693872107075733879e-01 2.885603827330754725e-03 2.455200786232004107e-01 3.664609399999999795e+00 1.933919194739260050e-02 9.959272362965900793e-01 -8.806211249713478961e-02 -7.063426000000000426e-01 -2.447742457273900385e-01 9.011444553004703539e-02 9.653833204149528946e-01 7.254345899999999681e+00
9.701983471230434253e-01 -3.708071155336637933e-03 2.422837539911030236e-01 3.677545499999999912e+00 2.469574756267844257e-02 9.961895548126868949e-01 -8.364502934676411317e-02 -7.122743999999999742e-01 -2.410503833061354850e-01 8.713564764439137023e-02 9.665930330897061218e-01 7.304308400000000034e+00
9.705560868061910984e-01 -8.068697502750911757e-03 2.407400641440104461e-01 3.690367000000000175e+00 2.765782405039128589e-02 9.965615735179337298e-01 -7.810297661585988149e-02 -7.176675000000000137e-01 -2.392821078397855405e-01 8.246166568817936415e-02 9.674420636708330745e-01 7.355543100000000223e+00
9.714324337231127204e-01 -1.025671554632038435e-02 2.370945518079062841e-01 3.702732999999999830e+00 2.938124608846962721e-02 9.965771899826498803e-01 -7.726996042819019028e-02 -7.230944999999999734e-01 -2.354904861965316787e-01 8.202867908534892949e-02 9.684087601413123858e-01 7.406246200000000002e+00
9.727172531331010896e-01 -1.053203223696950498e-02 2.317546585381917990e-01 3.714954399999999879e+00 3.046618426158462928e-02 9.961166593366304056e-01 -8.260395032061441933e-02 -7.279883999999999800e-01 -2.299846887810873819e-01 8.741096778431638181e-02 9.692607315048286099e-01 7.455415699999999646e+00
9.741049667650514277e-01 -1.079701386859538426e-02 2.258383010367802368e-01 3.725338900000000120e+00 3.082696482028008528e-02 9.958736697932996096e-01 -8.535415662049175567e-02 -7.333817000000000252e-01 -2.239848476206085237e-01 9.010581725919575291e-02 9.704183271828831225e-01 7.503472300000000317e+00
9.759393252060087898e-01 -1.035097380461404148e-02 2.177964436296800366e-01 3.736030299999999915e+00 2.990118566726470556e-02 9.957890693905432355e-01 -8.666053529725913085e-02 -7.379723999999999728e-01 -2.159822969878132382e-01 9.108779623863959285e-02 9.721392188180950633e-01 7.552943199999999635e+00
9.780428586566081162e-01 -1.412446618832332614e-02 2.079246644477393824e-01 3.746738699999999866e+00 3.187718355795871733e-02 9.960993799415793770e-01 -8.227922245873177387e-02 -7.431763000000000119e-01 -2.059514792353342449e-01 8.710065863640857609e-02 9.746781332654803620e-01 7.602920499999999748e+00
9.804024015714958296e-01 -1.809334131437926804e-02 1.961727860660718581e-01 3.756556499999999854e+00 3.453752573834491246e-02 9.961373748174821019e-01 -8.073097179898437725e-02 -7.482851999999999837e-01 -1.939543510950877958e-01 8.592416128084477689e-02 9.772403738075227109e-01 7.652179699999999585e+00
9.829035654856206339e-01 -2.224978187140557589e-02 1.827717925784206332e-01 3.765809099999999798e+00 3.806171252429758206e-02 9.957835707981994577e-01 -8.346487984838325824e-02 -7.531451999999999591e-01 -1.801440728843779482e-01 8.899453542247522109e-02 9.796060869908709279e-01 7.701361200000000018e+00
9.853559280163318723e-01 -2.240823222941566023e-02 1.690312582081373860e-01 3.773450099999999807e+00 3.720414115041814629e-02 9.956962802278885860e-01 -8.488091317608326136e-02 -7.581118000000000023e-01 -1.664017638257876130e-01 8.992657376270152270e-02 9.819489112611553550e-01 7.750134899999999938e+00
9.875710644545335759e-01 -2.419150678778259414e-02 1.553002371262717507e-01 3.781315100000000040e+00 3.785709818718385744e-02 9.956058577428070766e-01 -8.564937912825354438e-02 -7.629550000000000498e-01 -1.525458382552125902e-01 9.046406484094146605e-02 9.841473569559938683e-01 7.799796599999999636e+00
9.895479886055655872e-01 -2.517226509351900773e-02 1.419899127288307139e-01 3.787914499999999851e+00 3.790029512151385505e-02 9.954291259706087303e-01 -8.766083959837490946e-02 -7.682042000000000037e-01 -1.391342728316122268e-01 9.212606710074768002e-02 9.859789256795334911e-01 7.848423000000000371e+00
9.914529264192880609e-01 -2.142683078535691232e-02 1.286933782955647643e-01 3.793530899999999928e+00 3.376046900172068738e-02 9.949584588206379365e-01 -9.443461205535207126e-02 -7.738534000000000246e-01 -1.260211308765856186e-01 9.797222128622311288e-02 9.871778555198803540e-01 7.896022799999999897e+00
9.931126630313723558e-01 -1.339584197411385069e-02 1.163949738800624523e-01 3.797638399999999859e+00 2.562038415686350434e-02 9.942289774930067603e-01 -1.041745469338119096e-01 -7.792795000000000138e-01 -1.143277500976494776e-01 1.064391456702599298e-01 9.877245941185197609e-01 7.943296400000000368e+00
9.946906151285112019e-01 -9.273912956978188141e-03 1.024918275460547368e-01 3.801719700000000035e+00 2.082226541906252032e-02 9.934687974752111073e-01 -1.121881531445103053e-01 -7.848133999999999943e-01 -1.007820094961493773e-01 1.137266150978933077e-01 9.883871931486636342e-01 7.989872000000000085e+00
9.959076844005971818e-01 -8.653893269886784104e-03 8.996107093134272925e-02 3.805295000000000094e+00 1.890908278960336947e-02 9.933262745750904843e-01 -1.137776727957991313e-01 -7.902557999999999527e-01 -8.837607560814519925e-02 1.150131399886352573e-01 9.894249071506427962e-01 8.037588100000000679e+00
9.969400295418888724e-01 -5.187817521869338491e-03 7.799784642140779323e-02 3.808383000000000074e+00 1.377969432120279038e-02 9.938333098390312870e-01 -1.100248711828842735e-01 -7.963691000000000519e-01 -7.694606891474016497e-02 1.107629848088062946e-01 9.908636958102825520e-01 8.085595100000000812e+00
9.977414196616504194e-01 -1.260261372517600467e-03 6.716004193586737336e-02 3.810829599999999928e+00 8.519020964454889627e-03 9.941246786998819696e-01 -1.079052801380157023e-01 -8.024379000000000373e-01 -6.662946625451611482e-02 1.082337051991171806e-01 9.918901044397554490e-01 8.133214000000000610e+00
9.983256946624436967e-01 1.845265216663631493e-03 5.781351375785261787e-02 3.812949199999999816e+00 4.803124496748524888e-03 9.933946560475944709e-01 -1.146472299323019056e-01 -8.085234999999999506e-01 -5.764319015996579448e-02 1.147329609674636458e-01 9.917225470341090032e-01 8.179494899999999902e+00
9.986638996885104369e-01 4.955263518096162875e-03 5.143793174694082093e-02 3.814398499999999803e+00 1.398802666507744166e-03 9.924349446290667842e-01 -1.227636918237690750e-01 -8.144586000000000325e-01 -5.165712738855005037e-02 1.226716187329709856e-01 9.911020205545924000e-01 8.225286499999999279e+00
9.988073304175298928e-01 7.291453425768018755e-03 4.827785632302938890e-02 3.816148000000000096e+00 -1.172423701726268801e-03 9.920828884852510576e-01 -1.255793287027151262e-01 -8.205166999999999877e-01 -4.881129097730199651e-02 1.253729519541627313e-01 9.909082100736820164e-01 8.271575900000000203e+00
