1.000000000000000000e+00 0.000000000000000000e+00 0.000000000000000000e+00 0.000000000000000000e+00 0.000000000000000000e+00 1.000000000000000000e+00 0.000000000000000000e+00 0.000000000000000000e+00 0.000000000000000000e+00 0.000000000000000000e+00 1.000000000000000000e+00 0.000000000000000000e+00
9.988113140011651847e-01 -4.402795423207071963e-03 4.854456113435424991e-02 2.252500000000000162e-03 4.616101175800750751e-03 9.999801744823642036e-01 -4.282785560254617763e-03 -1.735999999999999913e-04 -4.852474248463808926e-02 4.501781278754155013e-03 9.988118357989745899e-01 4.010310000000000263e-02
9.979566503593760851e-01 -5.871135602397144736e-03 6.362431744413647727e-02 4.037299999999999743e-03 6.150290052463575248e-03 9.999722977281204628e-01 -4.192577800569862422e-03 -3.646000000000000261e-04 -6.359793971320575057e-02 4.575318904899238100e-03 9.979651138798159016e-01 6.131430000000000213e-02
9.961733336670597350e-01 -6.489636314051023917e-03 8.715832668866542454e-02 7.775699999999999973e-03 6.575845507750506004e-03 9.999781324675515171e-01 -7.020274681912952279e-04 -7.969999999999999654e-04 -8.715186484817737111e-02 1.272480734332680045e-03 9.961942246601641626e-01 1.061124999999999985e-01
9.940726155939697550e-01 -5.821555384782473204e-03 1.085621684523001562e-01 1.257450000000000061e-02 5.481244700136366117e-03 9.999790855067846040e-01 3.432856762533072464e-03 -1.232999999999999938e-03 -1.085798824953357056e-01 -2.817453090426216573e-03 9.940837344385946572e-01 1.534752000000000061e-01
9.915553437470298048e-01 -5.901350647161107341e-03 1.295498913440252808e-01 1.889249999999999957e-02 5.021452595135028965e-03 9.999620619855027481e-01 7.117556008654255841e-03 -1.622100000000000018e-03 -1.295869796721272338e-01 -6.406922056710991596e-03 9.915473594585458850e-01 2.039417000000000035e-01
9.901276332316643058e-01 -6.255819892834756785e-03 1.400290492309769763e-01 2.257409999999999972e-02 5.199320514117783398e-03 9.999552030575384887e-01 7.909421239787136140e-03 -1.539599999999999910e-03 -1.400722562724482922e-01 -7.103280624143664713e-03 9.901158045537502561e-01 2.299704999999999944e-01
9.867074820216193975e-01 -5.340924258614050679e-03 1.624186548725836121e-01 3.078940000000000149e-02 2.927631979705947862e-03 9.998817903527534856e-01 1.509418073178287953e-02 -1.451999999999999949e-03 -1.624800722967191802e-01 -1.441803901493092857e-02 9.866064799388948314e-01 2.834127000000000174e-01
9.794513326324498781e-01 -6.823573299534195502e-03 2.015651900798940688e-01 4.631369999999999931e-02 2.466187432819712689e-03 9.997579785911634431e-01 2.186097351118867355e-02 -1.438800000000000062e-03 -2.016655769437713241e-01 -2.091466209950748611e-02 9.792311126517576625e-01 3.642897999999999969e-01
9.764341474841288226e-01 -6.298259850603758064e-03 2.157236369751741323e-01 5.232610000000000039e-02 1.859217493180736949e-03 9.997824642699630893e-01 2.077420151517017297e-02 -1.302800000000000008e-03 -2.158075506956498579e-01 -1.988356258657187139e-02 9.762334480039137619e-01 3.913397000000000125e-01
9.727080076815473042e-01 -6.747477737366394494e-03 2.319344806974131534e-01 5.907079999999999970e-02 2.295761891975959569e-03 9.998080314327761897e-01 1.945841103102510447e-02 -1.140699999999999917e-03 -2.320212517627002480e-01 -1.839488588441671665e-02 9.725367689212418565e-01 4.186476000000000086e-01
9.676832270333346475e-01 -4.962043059567737210e-03 2.521201107548277642e-01 6.608989999999999310e-02 4.570196046330310576e-04 9.998392481609884586e-01 1.792397751477401574e-02 -1.027799999999999938e-03 -2.521685215315991879e-01 -1.722950856943224196e-02 9.675299379259657551e-01 4.457631000000000232e-01
9.410682546458559727e-01 1.795835688502056115e-03 3.382119380979660139e-01 9.230850000000000166e-02 -7.712928981157012379e-03 9.998397968105349198e-01 1.615213423668536083e-02 -1.193599999999999956e-03 -3.381287488876598690e-01 -1.780886543405215197e-02 9.409313436630845073e-01 5.269798999999999456e-01
9.289399088104025592e-01 1.570282682933204881e-03 3.702272005561133561e-01 1.031933000000000017e-01 -7.849042569631016486e-03 9.998497823210162894e-01 1.545332725843745134e-02 -1.423900000000000079e-03 -3.701473197931616221e-01 -1.726114147187044964e-02 9.288126908290104122e-01 5.536276999999999449e-01
9.159147341176616663e-01 1.034236491745220508e-03 4.013715612509836661e-01 1.151186000000000015e-01 -7.087616442137810446e-03 9.998824337395152417e-01 1.359722002149402718e-02 -1.368300000000000028e-03 -4.013103107563300020e-01 -1.529866183765504241e-02 9.158143837190125813e-01 5.799575000000000147e-01
9.021686857495819778e-01 2.167694396986691308e-03 4.313779822312136525e-01 1.275436000000000070e-01 -7.929278849094275466e-03 9.999017594311003787e-01 1.155846112261922284e-02 -1.638899999999999992e-03 -4.313105482014151781e-01 -1.384819799075195229e-02 9.020972444379838917e-01 6.060360999999999665e-01
8.875944082887899933e-01 4.470668084415893237e-03 4.606041462051246316e-01 1.409474000000000005e-01 -9.350752902784710205e-03 9.999217192433627055e-01 8.313772040951081591e-03 -1.916799999999999971e-03 -4.605309216487248336e-01 -1.168625313249810165e-02 8.875667308394897814e-01 6.317061999999999955e-01
8.722514743985286811e-01 2.722129338107687896e-03 4.890500541063863560e-01 1.553572000000000009e-01 -5.379986773585906934e-03 9.999774091284592270e-01 4.029513004087537792e-03 -2.347399999999999921e-03 -4.890280371838703344e-01 -6.145831481637229268e-03 8.722464144973544053e-01 6.569268000000000329e-01
8.562700919394825583e-01 -1.487749031723662233e-04 5.165283220850315216e-01 1.705736999999999948e-01 6.974734983257551129e-04 9.999993798778724630e-01 -8.682019290109044230e-04 -2.928200000000000160e-03 -5.165278726077316973e-01 1.103680161365182613e-03 8.562696647140036754e-01 6.814267999999999992e-01
8.238412366547862575e-01 -7.284853233534603970e-03 5.667738064699869849e-01 2.039987000000000050e-01 1.562366569660661973e-02 9.998293362552876928e-01 -9.858977305556142559e-03 -4.340300000000000061e-03 -5.666052575270663638e-01 1.697731653344113772e-02 8.238144529358599755e-01 7.296112000000000153e-01
8.074424418404194670e-01 -1.229835172797897128e-02 5.898181530434237763e-01 2.219623000000000013e-01 2.489512636329175785e-02 9.996024170754331806e-01 -1.323784198075648663e-02 -5.223000000000000212e-03 -5.894208477803754009e-01 2.537239290501902902e-02 8.074275855333014063e-01 7.530778999999999668e-01
7.912759945624118219e-01 -1.225394116250727583e-02 6.113363569715544177e-01 2.404483000000000037e-01 3.225485463744191122e-02 9.992436613951899416e-01 -2.171933502325740228e-02 -6.389399999999999941e-03 -6.106078322307890716e-01 3.690455375046301084e-02 7.910727710715972361e-01 7.756393999999999789e-01
7.749714480814378081e-01 -7.021779303861885868e-03 6.319572369029150538e-01 2.589946000000000192e-01 3.790353402329737359e-02 9.986547060890578198e-01 -3.538502670229528441e-02 -7.832000000000000420e-03 -6.308586028319690397e-01 5.137579801409675878e-02 7.741950339619279031e-01 7.975662999999999503e-01
7.404294704136221705e-01 1.613650394684044975e-02 6.719403340947591730e-01 2.975014000000000269e-01 3.956865027598573115e-02 9.969314328457969943e-01 -6.754287615554142865e-02 -1.121630000000000023e-02 -6.709683459436366348e-01 7.659850810818495670e-02 7.375189131793574715e-01 8.408799000000000134e-01
7.046249977067805537e-01 2.173154958606857493e-02 7.092470319707427917e-01 3.383983999999999881e-01 4.858896303804960404e-02 9.957071115770200764e-01 -7.878109307336882139e-02 -1.646399999999999947e-02 -7.079143488287312769e-01 8.997270534743297132e-02 7.005442077519858923e-01 8.815336000000000283e-01
6.702253536901003894e-01 1.265636688674321927e-02 7.420497231642958491e-01 3.807842000000000171e-01 5.728312115947822858e-02 9.959896396128339324e-01 -6.872613632473242862e-02 -2.168159999999999879e-02 -7.399436595452443255e-01 8.856892322437548426e-02 6.668125122833750140e-01 9.202122999999999831e-01
6.551360610973470111e-01 4.600117975365119322e-03 7.554969095664559875e-01 4.028933000000000098e-01 6.540718351815727472e-02 9.958816658824528600e-01 -6.278222601511125600e-02 -2.414149999999999976e-02 -7.526743265145127149e-01 9.054582526987724200e-02 6.521371111446745417e-01 9.385989000000000138e-01
6.331571871194342505e-01 4.041887197082788541e-03 7.740126869418173516e-01 4.467096999999999873e-01 7.121599144148578475e-02 9.954405275557174360e-01 -6.345422493893766724e-02 -2.869750000000000079e-02 -7.707400722435624463e-01 9.529857946203150465e-02 6.299824773678287526e-01 9.742452999999999808e-01
6.148189127857287550e-01 1.195194534531929947e-02 7.885777421937782972e-01 4.886141999999999985e-01 6.700866213691411555e-02 9.954779323037675764e-01 -6.733145991909379735e-02 -3.344470000000000082e-02 -7.858164821888093954e-01 9.423819447908655944e-02 6.112377761736642601e-01 1.007481700000000036e+00
5.860972214020591098e-01 1.251720363864552293e-02 8.101440406976121444e-01 5.782505999999999480e-01 7.382391194313531191e-02 9.948966822589281334e-01 -6.877951479611978114e-02 -4.258370000000000211e-02 -8.068705454347666617e-01 1.001194848331039694e-01 5.821821121148913480e-01 1.072683300000000006e+00
5.896084425549360519e-01 1.328538113735791212e-02 8.075799546273904062e-01 6.260415999999999759e-01 7.485149749453352819e-02 9.946630608289777076e-01 -7.101160993214623851e-02 -4.723800000000000221e-02 -8.042133658369329252e-01 1.023176136858389845e-01 5.854673074893822493e-01 1.107083299999999992e+00
5.951782896395333422e-01 1.380049747163983667e-02 8.034751706252627468e-01 6.500013000000000041e-01 7.286006405209755066e-02 9.948075849949050697e-01 -7.105828525181991095e-02 -4.969280000000000225e-02 -8.002838337790436629e-01 1.008336010769228935e-01 5.910823718279678562e-01 1.125178599999999918e+00
6.085783245298863608e-01 1.525636775121056929e-02 7.933471284093969178e-01 6.990402000000000005e-01 6.867503615154667285e-02 9.950508553132260126e-01 -7.181597837529653250e-02 -5.486209999999999698e-02 -7.905163896605686968e-01 9.818879051835359417e-02 6.045186507416977495e-01 1.162630000000000052e+00
6.178144284288112908e-01 2.175443618275533370e-02 7.860229491125253487e-01 8.526721999999999912e-01 5.249767546953430092e-02 9.962457602712447846e-01 -6.883588607597657116e-02 -7.101939999999999642e-02 -7.845695164199769644e-01 8.379218130553586774e-02 6.143529476258606792e-01 1.284897299999999909e+00
6.176422462369868249e-01 2.042589441537993183e-02 7.861938937060380939e-01 9.084246999999999739e-01 5.278876206197793269e-02 9.963314727576908503e-01 -6.735683330186077733e-02 -7.637819999999999332e-02 -7.846855435544185520e-01 8.310462820939958084e-02 6.142981511504688186e-01 1.328671200000000052e+00
6.171019851810017887e-01 2.185440870769506799e-02 7.865796365948608537e-01 9.634019000000000332e-01 4.992786079297432261e-02 9.965125583119034403e-01 -6.685753393075813400e-02 -8.182979999999999421e-02 -7.852976178509035732e-01 8.053015551147357787e-02 6.138587341164039035e-01 1.371710999999999903e+00
6.179056524679180651e-01 2.181954272804333822e-02 7.859494336172879736e-01 1.020195200000000080e+00 4.847320353863285997e-02 9.966561887520455354e-01 -6.577833960316509243e-02 -8.810980000000000201e-02 -7.847566203523860251e-01 7.874229471755403442e-02 6.147818294612448220e-01 1.416632399999999903e+00
6.210168324242010263e-01 1.855747821017853308e-02 7.835775097897403896e-01 1.075660499999999908e+00 4.822254913872588145e-02 9.969211766708402367e-01 -6.182841789816889005e-02 -9.399870000000000447e-02 -7.823123925903099352e-01 7.618259320675682678e-02 6.182099424078513206e-01 1.460637600000000091e+00
6.253373546543272710e-01 1.614007512694753260e-02 7.801875997789408101e-01 1.131016500000000091e+00 4.876995314152909183e-02 9.970233134952679599e-01 -5.971602814563042178e-02 -9.969069999999999321e-02 -7.788290470600728321e-01 7.539237575387286450e-02 6.226887706821808699e-01 1.505005799999999949e+00
6.281456517242841597e-01 1.671405410662680710e-02 7.779162426734611557e-01 1.185426700000000055e+00 4.852175460785926320e-02 9.969820375838137627e-01 -6.060079261034144460e-02 -1.052908000000000038e-01 -7.765814056167255064e-01 7.581198540170068501e-02 6.254389365236252551e-01 1.548710100000000089e+00
6.154639630072574752e-01 2.140987459458282977e-02 7.878741825375709107e-01 1.294577400000000100e+00 4.728476626488670870e-02 9.968274119975871761e-01 -6.402547594096912043e-02 -1.165809000000000012e-01 -7.867453597693959688e-01 7.665981972348238915e-02 6.124989885063378825e-01 1.636202200000000051e+00
6.104784320101390716e-01 1.821059708335191069e-02 7.918235019272350517e-01 1.322305700000000028e+00 4.892227384360980230e-02 9.969596924822218265e-01 -6.064637406906198125e-02 -1.192711999999999939e-01 -7.905205216643100830e-01 7.576110954587159108e-02 6.077314860264897423e-01 1.657555600000000018e+00
6.055355705012133161e-01 1.880333172534134206e-02 7.955960706123408333e-01 1.349952700000000005e+00 4.666097990757212682e-02 9.971620493595825252e-01 -5.908130221197405163e-02 -1.222402999999999962e-01 -7.944491335584897840e-01 7.289912230626807710e-02 6.029397085572822945e-01 1.678779000000000021e+00
5.960540725958489716e-01 2.108877536754198700e-02 8.026673072297138001e-01 1.404287800000000086e+00 4.955427498160079602e-02 9.967833039417051122e-01 -6.298744965551664188e-02 -1.274985999999999897e-01 -8.014136986431853460e-01 7.731952235079900260e-02 5.930917088364109357e-01 1.719542499999999974e+00
5.883578165547941330e-01 2.476848544156415657e-02 8.082212579657912510e-01 1.459273899999999902e+00 4.747340712675235386e-02 9.967485166894823889e-01 -6.510506964203614799e-02 -1.333175000000000054e-01 -8.072058940039106290e-01 7.667409344914215275e-02 5.852689365403731525e-01 1.759491300000000091e+00
5.852659111120501745e-01 2.313955055781444919e-02 8.105111809778839937e-01 1.486877800000000027e+00 4.879441967020970577e-02 9.967760527851717844e-01 -6.369148454118465918e-02 -1.359734999999999971e-01 -8.093719280400262228e-01 7.682487744210765579e-02 5.822499637670883743e-01 1.779277299999999951e+00
5.830415804215939302e-01 1.587563974078508647e-02 8.122871903226780432e-01 1.514453899999999908e+00 4.970513972480826437e-02 9.972391537835492148e-01 -5.516764673255520474e-02 -1.384673999999999905e-01 -8.109204119914772413e-01 7.253988023074980918e-02 5.806427913887169945e-01 1.798948999999999909e+00
5.811169913442510992e-01 7.655894066416157190e-03 8.137840190474678881e-01 1.542069700000000099e+00 4.902101086966544063e-02 9.978107175514105975e-01 -4.439270697823187450e-02 -1.411223000000000061e-01 -8.123422818395715783e-01 6.568987156010300255e-02 5.794694624482772394e-01 1.818426400000000109e+00
5.794655745883976472e-01 4.846601863129181703e-03 8.149823055240638103e-01 1.569295200000000001e+00 5.053936369854186705e-02 9.978440824885809191e-01 -4.186836227354341633e-02 -1.434423999999999977e-01 -8.134281901826888594e-01 6.544996174867084848e-02 5.779713504346153385e-01 1.837879199999999935e+00
5.780217003469024784e-01 1.026255446796463938e-02 8.159568578692552032e-01 1.595990299999999973e+00 4.958469859756616666e-02 9.976315066612433391e-01 -4.767320612048284167e-02 -1.453877000000000086e-01 -8.145135183611530438e-01 6.801512252881400378e-02 5.761437941298389598e-01 1.857139799999999896e+00
5.767214766940341741e-01 1.442437422720601117e-02 8.168134889606107896e-01 1.622934799999999900e+00 5.162556957195386931e-02 9.972022012778055666e-01 -5.406080218670571841e-02 -1.476367000000000096e-01 -8.153080024666897740e-01 7.334648727002739121e-02 5.743632595482790482e-01 1.876141499999999906e+00
5.762550303615111558e-01 1.199638149232764434e-02 8.171818811097957269e-01 1.649821800000000005e+00 5.726224095923034690e-02 9.968422816661284269e-01 -5.501364597074122342e-02 -1.499365000000000003e-01 -8.152614155860564704e-01 7.849555601279316341e-02 5.737484395995005038e-01 1.894895699999999961e+00
5.762186429488982409e-01 9.241401080144245189e-03 8.172433370937972619e-01 1.677102799999999894e+00 6.086683659385175305e-02 9.966740135669630574e-01 -5.418615029118130366e-02 -1.524380999999999931e-01 -8.150259527899632594e-01 8.096608664371181263e-02 5.737396527105439459e-01 1.913860700000000081e+00
5.767116152386685402e-01 7.495669898873430492e-03 8.169134151068723204e-01 1.703986599999999907e+00 5.934887457223197993e-02 9.969313193801482287e-01 -5.104562200587150350e-02 -1.547194000000000069e-01 -8.147891898741755901e-01 7.792149492742012074e-02 5.744970119090790917e-01 1.932892300000000008e+00
5.773752919198552602e-01 4.505613808117005931e-03 8.164664547454928423e-01 1.730871100000000107e+00 5.781124487447149296e-02 9.972493510000161043e-01 -4.638525515840694752e-02 -1.567321999999999882e-01 -8.144296361543615914e-01 7.398264238494547951e-02 5.755266600073496441e-01 1.952018000000000031e+00
5.781074592438857351e-01 1.792313668397212817e-03 8.159586712440117795e-01 1.757535499999999917e+00 5.423069127477771201e-02 9.977021266151513412e-01 -4.061402062667990309e-02 -1.588212999999999986e-01 -8.141564945945213294e-01 6.772927106738052538e-02 5.766818430904883108e-01 1.971140099999999951e+00
5.784748608297558548e-01 6.445492874309021597e-03 8.156747458451818478e-01 1.783976400000000018e+00 4.507332015336969200e-02 9.981884010815784691e-01 -3.985362915160654135e-02 -1.606051000000000006e-01 -8.144539466405369410e-01 5.981949153753462339e-02 5.771363766336725654e-01 1.990603600000000029e+00
5.798709608866958742e-01 9.180981539172558548e-03 8.146566014575205017e-01 1.810245399999999893e+00 3.814379501808840695e-02 9.985340206252835138e-01 -3.840391328398504167e-02 -1.624787000000000037e-01 -8.138149173011994808e-01 5.334340851392195548e-02 5.786706845401439203e-01 2.010039299999999862e+00
5.820264339247506191e-01 5.889932139819763907e-03 8.131485343479543104e-01 1.836699499999999929e+00 4.161922308269519477e-02 9.984474056074431614e-01 -3.702186523878644997e-02 -1.645243000000000122e-01 -8.121041007671558898e-01 5.539031445256770159e-02 5.808776485474500539e-01 2.028770000000000184e+00
5.846615831735715307e-01 4.520352205911442461e-03 8.112646914397959597e-01 1.863108500000000056e+00 4.570718428147327317e-02 9.982126180675604532e-01 -3.850223936040814143e-02 -1.664541999999999966e-01 -8.099886952705156462e-01 5.959140497287533644e-02 5.834099570519227784e-01 2.047801999999999900e+00
5.897907468388949859e-01 4.727048008517222705e-03 8.075422775064744485e-01 1.889254200000000106e+00 4.793978644847451953e-02 9.980143533264792532e-01 -4.085495599806779343e-02 -1.683701999999999976e-01 -8.061319072078050318e-01 6.280927934194573126e-02 5.883930171323009661e-01 2.066802299999999981e+00
5.972290783120025592e-01 9.610604646882181523e-04 8.020701368218237093e-01 1.915237999999999996e+00 5.294972045724531673e-02 9.977705878766496284e-01 -4.062242080162838803e-02 -1.702811999999999937e-01 -8.003210325376282075e-01 6.673028046597891116e-02 5.958467206814488382e-01 2.085904600000000109e+00
6.047021032646606731e-01 -4.018600881539494823e-03 7.964415968256871592e-01 1.941096399999999944e+00 5.988818711570548237e-02 9.973856736931826505e-01 -4.043789009815518254e-02 -1.722954999999999903e-01 -7.941969348664660311e-01 7.215032057136765153e-02 6.033618813698450323e-01 2.105163099999999954e+00
6.135576646789041577e-01 -2.398468341537732945e-03 7.896462748999605319e-01 1.966225300000000065e+00 5.715282271667844471e-02 9.975075978391249043e-01 -4.137809938523624720e-02 -1.740856000000000070e-01 -7.875789147566644166e-01 7.051836358590012066e-02 6.121655114655524255e-01 2.125073399999999779e+00
6.234722054776636879e-01 -2.471354487750307416e-03 7.818416088977445666e-01 1.991303199999999940e+00 5.469421510319164015e-02 9.976830098221579624e-01 -4.046176894854651429e-02 -1.759007999999999960e-01 -7.799300941950270127e-01 6.798900145755662483e-02 6.221627952953636687e-01 2.145325900000000008e+00
6.338890492052381420e-01 -6.097728691595808576e-03 7.733999553933804672e-01 2.016218900000000147e+00 5.464461999710562568e-02 9.978230582922270608e-01 -3.692031751920480526e-02 -1.778703000000000090e-01 -7.714911786942552085e-01 6.566553163685394379e-02 6.328423177631203878e-01 2.165681600000000095e+00
6.435152881791612600e-01 -6.655725325371137507e-03 7.654043213884307306e-01 2.040616800000000008e+00 5.419525086808929526e-02 9.978487693896892496e-01 -3.688777861063929908e-02 -1.797487999999999864e-01 -7.635122452607003840e-01 6.521912869608030572e-02 6.424916470967450000e-01 2.186448099999999783e+00
6.537098569833235118e-01 -7.871827035762498509e-03 7.567043393703790644e-01 2.064670599999999911e+00 5.413264943702973675e-02 9.978706609294941687e-01 -3.638406685710075111e-02 -1.814245999999999914e-01 -7.548066501745797074e-01 6.474703387224292617e-02 6.527440098974300886e-01 2.207325700000000168e+00
6.641147281700870986e-01 -8.622349008098842416e-03 7.475809540947079279e-01 2.088395600000000130e+00 5.520154716042745269e-02 9.977696403663824931e-01 -3.753044036825055330e-02 -1.831399999999999972e-01 -7.455899791565511192e-01 6.619214349696075916e-02 6.631094804936898957e-01 2.228209999999999802e+00
6.739683820840222106e-01 -6.075835871257508763e-03 7.387352057195535338e-01 2.111378000000000199e+00 5.534164542321341751e-02 9.975716910879640631e-01 -4.228502597552688536e-02 -1.853365999999999902e-01 -7.366844115582309449e-01 6.938159235968285876e-02 6.726680254098138523e-01 2.249472400000000150e+00
6.834423773412577896e-01 -9.958237320258078729e-04 7.300037843663721437e-01 2.134443999999999786e+00 5.723934225854922231e-02 9.969934038081000871e-01 -5.222844494092714063e-02 -1.870519999999999960e-01 -7.277569474432646901e-01 7.748006903864716743e-02 6.814445423875870045e-01 2.270918800000000015e+00
6.936501457150134886e-01 3.382794362024935803e-03 7.203041246944549281e-01 2.156873200000000157e+00 5.597194048851480974e-02 9.967122603941054315e-01 -5.858166827620487488e-02 -1.889298000000000088e-01 -7.181341220325704322e-01 8.095200233704787085e-02 6.911802630935954816e-01 2.292579899999999782e+00
7.025486570647123674e-01 1.224974035011445334e-03 7.116346561931781167e-01 2.179207799999999917e+00 5.476403661077763885e-02 9.969400136404035218e-01 -5.578090620244102738e-02 -1.913562000000000041e-01 -7.095253940139583104e-01 7.816078710763899040e-02 7.003317832342409455e-01 2.314895400000000159e+00
7.118164736482450738e-01 -5.159044618521756165e-04 7.023653192502912201e-01 2.201360699999999948e+00 5.304474198594462397e-02 9.971832788689486415e-01 -5.302606615445841498e-02 -1.937050999999999912e-01 -7.003595956297177239e-01 7.500161456101246682e-02 7.098388511645580268e-01 2.337319899999999784e+00
7.194536212897771899e-01 2.530875902942486544e-03 6.945358748691027317e-01 2.222788299999999939e+00 4.978004539474534945e-02 9.972336328527015015e-01 -5.519989662943653591e-02 -1.960764999999999869e-01 -6.927542377304690691e-01 7.428779290413259351e-02 7.173373613104991886e-01 2.359608900000000009e+00
7.243784585514755348e-01 9.719332135638900083e-03 6.893340143714260515e-01 2.243619400000000041e+00 4.572908107133764888e-02 9.970210720019071493e-01 -6.211145730490313238e-02 -1.985683000000000031e-01 -6.878842198589522061e-01 7.651481272933308153e-02 7.217761311528914092e-01 2.382147999999999932e+00
7.280416840871526407e-01 1.900705901107653875e-02 6.852693178154791731e-01 2.264294399999999818e+00 3.940985236634177158e-02 9.968019686155649151e-01 -6.951761575742733401e-02 -2.010631999999999975e-01 -6.843991304553256327e-01 7.761808469605273320e-02 7.249643185427201431e-01 2.404640199999999783e+00
7.307161732071504323e-01 2.293931040114527073e-02 6.822958758865670381e-01 2.285494799999999938e+00 3.687031537626686561e-02 9.966505428610717976e-01 -7.299503585029232244e-02 -2.036367000000000038e-01 -6.816850108793300889e-01 7.849511738350833934e-02 7.274228910952671434e-01 2.427503100000000025e+00
7.333228407956775552e-01 2.387049013222737603e-02 6.794614123467238587e-01 2.306307599999999791e+00 3.553564408650908973e-02 9.966717014987241940e-01 -7.336714135766167488e-02 -2.064226000000000116e-01 -6.789512715701432333e-01 7.794689944112848101e-02 7.300338702421965698e-01 2.450443700000000113e+00
7.368026671994785115e-01 2.406780027833828328e-02 6.756793400700487062e-01 2.327269999999999950e+00 3.486473660782084955e-02 9.966840800642565723e-01 -7.352070924395220919e-02 -2.093510000000000093e-01 -6.752083232225456477e-01 7.772763688822981187e-02 7.335203710291690049e-01 2.473643800000000059e+00
7.411820198466798626e-01 2.332204673511735840e-02 6.708988713599692844e-01 2.347993100000000055e+00 3.210467424217619548e-02 9.970213252538124848e-01 -7.012679146328507085e-02 -2.120165999999999995e-01 -6.705359821424943245e-01 7.351570665658002657e-02 7.382255329687426038e-01 2.496594700000000167e+00
7.448123830541144574e-01 2.085190157803048019e-02 6.669480581348379289e-01 2.368436599999999892e+00 3.153677162715521481e-02 9.972946644906917069e-01 -6.639867629505359636e-02 -2.147596999999999978e-01 -6.665282785333175308e-01 7.048794491953062902e-02 7.421398140084074502e-01 2.519817100000000032e+00
7.491373654701184437e-01 2.046610130646424677e-02 6.620984415884119123e-01 2.389091500000000146e+00 2.956119169853521980e-02 9.974939183538231724e-01 -6.428078089521667426e-02 -2.173760000000000137e-01 -6.617547458098449464e-01 6.772755380530100233e-02 7.466549637240064152e-01 2.543154700000000101e+00
7.531094897625738582e-01 2.656720909435636435e-02 6.573585626052894648e-01 2.408947899999999809e+00 2.152758907564489982e-02 9.976540966054298076e-01 -6.498358588900689237e-02 -2.200477000000000127e-01 -6.575428954358383260e-01 6.309110022293563935e-02 7.507708396937868844e-01 2.566563799999999951e+00
7.570401972470708341e-01 3.373149799395628451e-02 6.524969929395841861e-01 2.428274899999999903e+00 1.398314631842055740e-02 9.976012409447975182e-01 -6.779554324907885454e-02 -2.224959999999999993e-01 -6.532186551003834607e-01 6.044791235835861309e-02 7.547525677467831207e-01 2.590073600000000198e+00
7.618274458528750959e-01 3.453624884149928548e-02 6.468587096586414509e-01 2.447909600000000019e+00 1.552714764145326186e-02 9.973172751063570374e-01 -7.153433064306552458e-02 -2.251755000000000007e-01 -6.475938931393695475e-01 6.454068709263133252e-02 7.592474229644812223e-01 2.613220699999999841e+00
7.668325304568617273e-01 3.456359546553897794e-02 6.409159290434439660e-01 2.467518800000000123e+00 1.711361876671331494e-02 9.970929918662313485e-01 -7.424748900774405524e-02 -2.278943999999999970e-01 -6.416190413990484620e-01 6.790378074703978806e-02 7.640118338575810908e-01 2.636471300000000184e+00
7.709187317470246326e-01 3.449143500617055103e-02 6.359989386412323586e-01 2.486593699999999796e+00 1.556133482374180005e-02 9.972146776580641525e-01 -7.294334460268961373e-02 -2.303398000000000112e-01 -6.367433972174838530e-01 6.613038314223229630e-02 7.682347418109904957e-01 2.660084700000000080e+00
7.755531030979322393e-01 3.181153514717085379e-02 6.304803014422801777e-01 2.505698900000000062e+00 1.459150321783114941e-02 9.975593580936265026e-01 -6.828187983408108563e-02 -2.330917000000000128e-01 -6.311136762176938753e-01 6.215587913795588004e-02 7.731960775764292748e-01 2.683841699999999886e+00
7.802790101329628580e-01 3.087949739089832293e-02 6.246688106403337493e-01 2.524665399999999948e+00 1.307812720643500640e-02 9.977564464118625631e-01 -6.565848180048212968e-02 -2.357580999999999982e-01 -6.252948336062724710e-01 5.940143335356009441e-02 7.781245663650817601e-01 2.707697899999999880e+00
7.843380838909598252e-01 3.436203217512204949e-02 6.193811596287487342e-01 2.543159000000000169e+00 1.123098200450181605e-02 9.975143944097799587e-01 -6.956218792206418644e-02 -2.382816000000000101e-01 -6.202319204954483967e-01 6.151653184377263439e-02 7.820026094000210870e-01 2.731594100000000136e+00
7.885038657225010850e-01 3.567426005716870657e-02 6.139943003888924666e-01 2.561519600000000008e+00 1.121941826765767737e-02 9.973158955926293423e-01 -7.235419166853389317e-02 -2.408689999999999998e-01 -6.149274578309277262e-01 6.394021870188658363e-02 7.859871945763159395e-01 2.755499799999999944e+00
7.931850118928305271e-01 3.687584056995278636e-02 6.078632323893506939e-01 2.579573200000000011e+00 1.035574368570351192e-02 9.972038769143184433e-01 -7.400801605075531253e-02 -2.430924999999999891e-01 -6.088926797731160079e-01 6.499692492197049754e-02 7.905852922167230235e-01 2.778589499999999823e+00
7.971184035730106698e-01 3.792150296309149127e-02 6.026310731270294596e-01 2.596988000000000074e+00 7.879177722234488590e-03 9.972877771537408398e-01 -7.317792083799558311e-02 -2.460440000000000127e-01 -6.037716201045195685e-01 6.307970476128395287e-02 7.946576505663258683e-01 2.802228200000000058e+00
8.067469274219900566e-01 3.181834886343065660e-02 5.900398188010562706e-01 2.632936200000000060e+00 1.308882590276490114e-02 9.973419081061773994e-01 -7.167845542152957716e-02 -2.520323999999999898e-01 -5.907521288422628025e-01 6.554930213765904068e-02 8.041860551250565869e-01 2.850874199999999803e+00
8.149396005825121359e-01 3.531947115090722233e-02 5.784686528758806734e-01 2.666964099999999949e+00 8.055782027313650520e-03 9.973544402138403431e-01 -7.224420365445044512e-02 -2.572903999999999747e-01 -5.794899065370717750e-01 6.353467984776137167e-02 8.124991031861501511e-01 2.898448899999999995e+00
8.183718098075530856e-01 3.757026496809225125e-02 5.734597249175721334e-01 2.683875800000000034e+00 3.983230376490728281e-03 9.974659805606872487e-01 -7.103345338553153365e-02 -2.600866000000000011e-01 -5.746753124922610034e-01 6.041599799998358111e-02 8.161483887122413794e-01 2.922819599999999962e+00
8.210455695031526613e-01 3.477472549123090256e-02 5.698025019831460813e-01 2.700848099999999974e+00 6.662301074706942702e-03 9.974912099155187617e-01 -7.047623631880782502e-02 -2.626532999999999785e-01 -5.708237788876997509e-01 6.166039740614735754e-02 8.187540588284630827e-01 2.947473500000000080e+00
8.239944428220549177e-01 3.368170372859577433e-02 5.655958813784892625e-01 2.717892899999999834e+00 7.575979369531273683e-03 9.974873652556688342e-01 -7.043834674306471977e-02 -2.652358000000000215e-01 -5.665472290418190893e-01 6.232574900667361278e-02 8.216688738633060041e-01 2.971917899999999779e+00
8.268164189658592234e-01 3.312877989311256016e-02 5.614954080589318330e-01 2.734474699999999814e+00 8.497931471119270566e-03 9.974142932340780421e-01 -7.136184423819690037e-02 -2.679058000000000273e-01 -5.624076764138135065e-01 6.377469400285835921e-02 8.243969880559103292e-01 2.996172699999999800e+00
8.305243498624254039e-01 2.675589889124652815e-02 5.563393084801010469e-01 2.751426499999999997e+00 1.439659403892166317e-02 9.974806143612431342e-01 -6.946338642475920200e-02 -2.703663000000000038e-01 -5.567962305598647132e-01 6.570042502174798515e-02 8.280467449282603587e-01 3.020683800000000030e+00
8.335714928895705533e-01 1.845276468373382994e-02 5.521033071059974207e-01 2.768081899999999873e+00 2.177725928494791269e-02 9.975673127643182037e-01 -6.622089913473876155e-02 -2.731062000000000212e-01 -5.519821711069016201e-01 6.722315062315838141e-02 8.311418235177480129e-01 3.045355100000000093e+00
8.363617898981449139e-01 1.672670676486588681e-02 5.479225982556054086e-01 2.784472899999999917e+00 2.293993463588200887e-02 9.975908170065781455e-01 -6.547000246715552196e-02 -2.755233999999999739e-01 -5.476976499833395851e-01 6.732591703757238866e-02 8.339631317377148578e-01 3.069953700000000119e+00
8.388696067804984891e-01 1.926959601558755203e-02 5.439912365923994519e-01 2.800590500000000205e+00 2.080926654329400688e-02 9.975074124550274979e-01 -6.742356059424529924e-02 -2.780315999999999899e-01 -5.439345155860785264e-01 6.787963440290302464e-02 8.363776646871114995e-01 3.094737499999999919e+00
8.416581147692381304e-01 2.366043680410906402e-02 5.394921700760177963e-01 2.831959700000000080e+00 1.654783794967106675e-02 9.974404574763345854e-01 -6.956078527871793760e-02 -2.830852999999999842e-01 -5.397571554896549717e-01 6.747382840508782398e-02 8.391123259600452577e-01 3.144419399999999865e+00
8.421210710676650946e-01 2.350923860845469462e-02 5.387758507616124959e-01 2.847678399999999943e+00 1.596783294825120450e-02 9.975243746829781655e-01 -6.848467145478731588e-02 -2.855562999999999851e-01 -5.390520661075193232e-01 6.627546765873598700e-02 8.396609032292920993e-01 3.169301299999999877e+00
8.429438982505692568e-01 1.937140302808268433e-02 5.376526138194227533e-01 2.863642899999999880e+00 1.757892161142957099e-02 9.978262474297735496e-01 -6.351190010695255406e-02 -2.880439000000000194e-01 -5.377142046822950272e-01 6.298832181396719909e-02 8.407710184098564632e-01 3.194060100000000180e+00
8.435115980767899924e-01 1.756477390789500451e-02 5.368236792723514172e-01 2.879411199999999837e+00 1.649501353329329775e-02 9.981465599077110618e-01 -5.857780700007999414e-02 -2.904513000000000233e-01 -5.368576146786746550e-01 5.826597344906098846e-02 8.416584686792838443e-01 3.219037099999999985e+00
8.439276103494037784e-01 1.605670959008553139e-02 5.362167197757681247e-01 2.894924599999999959e+00 1.698765148501302918e-02 9.982508052058270964e-01 -5.662816969443325299e-02 -2.928122000000000225e-01 -5.361880343563893980e-01 5.689913868467122438e-02 8.421786507802094812e-01 3.243729599999999991e+00
8.444727491476854420e-01 1.890691730640410226e-02 5.352647050057749434e-01 2.910464800000000185e+00 1.666098105689508765e-02 9.979657796994885199e-01 -6.153628408519420251e-02 -2.950321000000000193e-01 -5.353393201112469635e-01 6.088375010428265927e-02 8.424398977470541894e-01 3.268479300000000087e+00
8.443245143175102108e-01 2.474486297279554492e-02 5.352605031934992708e-01 2.941117000000000203e+00 1.199852170632793869e-02 9.978095501431474279e-01 -6.505487775711020493e-02 -2.994076999999999988e-01 -5.356978159367119519e-01 6.134976283236428379e-02 8.421781620304871208e-01 3.317457899999999960e+00
8.446422034997046469e-01 2.575978819304122758e-02 5.347111195584147714e-01 2.956091900000000106e+00 1.033801761000468361e-02 9.978704392125358202e-01 -6.440273237740848367e-02 -3.019291000000000058e-01 -5.352314204706772882e-01 5.992511875691627909e-02 8.425771814397247095e-01 3.341516700000000117e+00
8.450378711703153689e-01 2.180022679679341144e-02 5.342618706210933155e-01 2.971159199999999778e+00 1.477171733248797310e-02 9.978354084937366419e-01 -6.408037081031041360e-02 -3.043584999999999763e-01 -5.345023785307139175e-01 6.204230546769017723e-02 8.428866825838828847e-01 3.365261999999999976e+00
8.453443257310588876e-01 2.541481385058584619e-02 5.336169583055261345e-01 2.985950900000000185e+00 1.243737206955348312e-02 9.976607196342595074e-01 -6.721904696479312491e-02 -3.065363999999999867e-01 -5.340770381979598191e-01 6.346003258580666662e-02 8.430507348516478316e-01 3.389010400000000089e+00
8.448227822673968213e-01 3.441402860538688574e-02 5.339383308932988959e-01 3.000415600000000182e+00 3.364897899522220973e-03 9.975678717351897928e-01 -6.962053392390439577e-02 -3.089905000000000013e-01 -5.350356474330474343e-01 6.061366114063186650e-02 8.426522652073203945e-01 3.413092400000000026e+00
8.449648701126548644e-01 4.100696362029131181e-02 5.332474071293252793e-01 3.015032999999999852e+00 -2.674657281581269141e-03 9.973677432164869128e-01 -7.245985785024633419e-02 -3.113684999999999925e-01 -5.348151217794149259e-01 5.979978031645205583e-02 8.428503851753130771e-01 3.437020299999999917e+00
8.450406346940723123e-01 4.052228272549725924e-02 5.331643933333829466e-01 3.029780899999999999e+00 -2.052914399231497988e-04 9.971487123448007361e-01 -7.546127036123009835e-02 -3.138950999999999825e-01 -5.347020512128826120e-01 6.365838571485171737e-02 8.426394996419970251e-01 3.460504799999999825e+00
8.454254400171820061e-01 3.869581509974984179e-02 5.326898340174328617e-01 3.044390400000000163e+00 2.282517721925787779e-03 9.971010670700936052e-01 -7.605427115244679792e-02 -3.166121000000000074e-01 -5.340885839302347282e-01 6.551408964067788332e-02 8.428862844856059855e-01 3.483741800000000222e+00
8.465421595989184311e-01 3.939808863489065172e-02 5.308617170539957630e-01 3.059165500000000204e+00 1.917475601611959984e-03 9.970252091798456062e-01 -7.705229099256044600e-02 -3.192687000000000164e-01 -5.323182274813784698e-01 6.624592720916727684e-02 8.439483288799622951e-01 3.507019500000000178e+00
8.480486414956236452e-01 3.005715067415975356e-02 5.290652789125156463e-01 3.073948600000000031e+00 1.140719920247169200e-02 9.971233092752901372e-01 -7.493318294487012754e-02 -3.217366999999999866e-01 -5.297955997021703833e-01 6.958213702700645487e-02 8.452661999293316075e-01 3.529959199999999964e+00
8.500216744038380234e-01 2.308378639066885341e-02 5.262416667744634902e-01 3.088168399999999814e+00 1.653450436919855215e-02 9.973777012337659009e-01 -7.045801052338786230e-02 -3.244247000000000103e-01 -5.264881415653731578e-01 6.859198121879007959e-02 8.474109846488424580e-01 3.552392499999999842e+00
8.508455327396113876e-01 1.691867038903262926e-02 5.251434451740917275e-01 3.102352900000000080e+00 2.006780892356745116e-02 9.977057138167438888e-01 -6.465749502129489179e-02 -3.269329000000000263e-01 -5.250325346700470686e-01 6.555201911222000022e-02 8.485539289451536904e-01 3.575340699999999927e+00
8.528361912510522558e-01 1.498309724117736705e-02 5.219635405748758172e-01 3.116416000000000075e+00 2.153567928637266024e-02 9.977285718832197281e-01 -6.382719926132929267e-02 -3.293154999999999832e-01 -5.217342670460444198e-01 6.567498492525414289e-02 8.505763639703342038e-01 3.598225600000000135e+00
8.557440822464628116e-01 1.644757411815367387e-02 5.171378375305630826e-01 3.130436700000000183e+00 2.262922452037832016e-02 9.973484181882352750e-01 -6.916683406829744751e-02 -3.315563000000000260e-01 -5.169042308762479276e-01 7.089153717513062281e-02 8.531028109549174676e-01 3.620949500000000043e+00
8.590736879274358806e-01 1.574194373777569253e-02 5.116098024062003535e-01 3.143776200000000021e+00 2.447094394615947563e-02 9.971208730161580380e-01 -7.177142535772086662e-02 -3.340911999999999771e-01 -5.112666345588556815e-01 7.417651786685379445e-02 8.562150854686045864e-01 3.643599700000000219e+00
8.632752150916597200e-01 1.703566689010310026e-02 5.044459228322276667e-01 3.156955700000000142e+00 2.291191439660850843e-02 9.970773382885788072e-01 -7.288227253623059954e-02 -3.361306000000000016e-01 -5.042131961652044359e-01 7.447528130173362848e-02 8.603618339326173370e-01 3.666442599999999885e+00
8.681688273707908188e-01 1.281505119783384050e-02 4.961034787667013002e-01 3.170077599999999940e+00 2.452861176363153178e-02 9.973366698381832540e-01 -6.868707448298987106e-02 -3.384288999999999770e-01 -4.956624197844486379e-01 7.180070653468291486e-02 8.655422717317424741e-01 3.689636899999999997e+00
8.742290568621038371e-01 8.750368890376201275e-03 4.854348433953609709e-01 3.183014200000000127e+00 2.736927150738268852e-02 9.973594772002182252e-01 -6.726809210957584995e-02 -3.406757999999999731e-01 -4.847416622440776091e-01 7.209371874989906059e-02 8.716811438832773318e-01 3.712701299999999982e+00
8.807764796416140962e-01 5.682130515469270213e-03 4.734981587112357948e-01 3.195467900000000139e+00 3.110297752935989313e-02 9.970745130079783358e-01 -6.982134558078198494e-02 -3.428972000000000131e-01 -4.725096800055355040e-01 7.622420155507056427e-02 8.780230483298023803e-01 3.735764300000000038e+00
8.872195401957658767e-01 7.158448938445900397e-03 4.612919293718560354e-01 3.206911600000000195e+00 2.913498507377036695e-02 9.970144004606131816e-01 -7.150830664276115745e-02 -3.450444999999999762e-01 -4.604265849617775741e-01 7.688330041666814607e-02 8.843620966422494067e-01 3.758753500000000081e+00
8.934934543730013168e-01 5.234374912303470587e-03 4.490457084884331707e-01 3.218670400000000154e+00 3.019905947566300930e-02 9.969682346264702177e-01 -7.171022209256362745e-02 -3.473124000000000211e-01 -4.480596654457827954e-01 7.763337210927322152e-02 8.906265186572630554e-01 3.782189600000000151e+00
