1.000000000000000000e+00 0.000000000000000000e+00 0.000000000000000000e+00 0.000000000000000000e+00 0.000000000000000000e+00 1.000000000000000000e+00 0.000000000000000000e+00 0.000000000000000000e+00 0.000000000000000000e+00 0.000000000000000000e+00 1.000000000000000000e+00 0.000000000000000000e+00
9.994461094777346011e-01 1.189794367020089545e-03 3.325745990276821051e-02 2.104299999999999921e-03 -1.182277109648741499e-03 9.999992709267633284e-01 -2.456965154203891492e-04 -7.600000000000000418e-04 -3.325772798397431951e-02 2.062408928810404297e-04 9.994467874749700664e-01 5.172179999999999833e-02
9.977138618722738439e-01 8.464608817158890451e-04 6.757465006856408496e-02 5.690299999999999699e-03 -7.981982903345850042e-04 9.999994067448144675e-01 -7.412081410439563898e-04 -2.098899999999999898e-03 -6.757523738324913709e-02 6.855756666974491004e-04 9.977139456169802356e-01 1.036556000000000005e-01
9.948522822905352392e-01 4.790826904365023552e-05 1.013357494969612110e-01 1.144090000000000037e-02 1.693516160391467088e-04 9.999977057826494597e-01 -2.135356988347854226e-03 -2.987300000000000025e-03 -1.013356193119835796e-01 2.141526146302755434e-03 9.948499917698252482e-01 1.553688000000000013e-01
9.860599007161936491e-01 2.064644553411201008e-03 1.663779115220484217e-01 2.727510000000000004e-02 -9.065281728786490911e-04 9.999748333251734511e-01 -7.036399858119377244e-03 -5.485799999999999878e-03 -1.663882520078935057e-01 6.787485481357183499e-03 9.860369565257673941e-01 2.590701999999999727e-01
9.801670400809252559e-01 -1.232275711154377047e-03 1.981692585533119944e-01 3.806629999999999736e-02 3.476923681612942123e-03 9.999336801078420045e-01 -1.097936189858829750e-02 -7.101399999999999900e-03 -1.981425863884640759e-01 1.145062804214826840e-02 9.801063200371327166e-01 3.104455999999999882e-01
9.733853204118576574e-01 -6.225185924030830417e-03 2.290900806820679592e-01 5.077940000000000231e-02 1.008223327311577773e-02 9.998263881074148651e-01 -1.566978673459002575e-02 -8.813599999999999560e-03 -2.289527605837755331e-01 1.756248001542791426e-02 9.732790929208209318e-01 3.606906999999999752e-01
9.659043462011269732e-01 -1.230170592857133226e-02 2.586067710270179010e-01 6.549349999999999616e-02 1.821795643920851721e-02 9.996239933406801947e-01 -2.049336479963793922e-02 -1.059839999999999914e-02 -2.582574298117144007e-01 2.450591701771005770e-02 9.657652716774239865e-01 4.117256000000000249e-01
9.578243485320553363e-01 -1.773605063121972553e-02 2.868064676173650018e-01 8.169369999999999410e-02 2.568176677480440984e-02 9.993828557027609749e-01 -2.396569595732479449e-02 -1.289709999999999988e-02 -2.862044098445521434e-01 3.032062392829659378e-02 9.576887258134192393e-01 4.620223999999999998e-01
9.491498743266348903e-01 -2.502482340736564628e-02 3.138284153469271809e-01 9.944450000000000511e-02 3.532004822624451590e-02 9.990068805801251006e-01 -2.716149382606656768e-02 -1.515580000000000052e-02 -3.128370346666600188e-01 3.686476321635411002e-02 9.490911331236706605e-01 5.120679999999999676e-01
9.401338557992637845e-01 -2.811527675031400691e-02 3.396437315677449664e-01 1.184165999999999969e-01 4.257406180947368585e-02 9.984732978287887972e-01 -3.519265241418845225e-02 -1.804230000000000070e-02 -3.381357455831197623e-01 4.754581723091971801e-02 9.398955329305441753e-01 5.614164999999999850e-01
9.307056175363680461e-01 -2.755044098664211766e-02 3.647300737363035616e-01 1.384570999999999996e-01 4.857277844386503202e-02 9.976371395437859668e-01 -4.858830103158321562e-02 -2.140200000000000088e-02 -3.625296383476682149e-01 6.293735778005063453e-02 9.298446915023900194e-01 6.099809000000000481e-01
9.209488227598067178e-01 -2.013417529385051752e-02 3.891630517438192660e-01 1.593987000000000043e-01 4.947283551440880001e-02 9.966244615535938545e-01 -6.551428225336354549e-02 -2.454450000000000034e-02 -3.865303408575971877e-01 7.958830076239618856e-02 9.188362193439394421e-01 6.580209999999999670e-01
8.989812378204582455e-01 -1.202731079766454839e-02 4.378219704877464591e-01 2.047018999999999922e-01 5.649402133599017162e-02 9.944567019373512506e-01 -8.868085207740732112e-02 -3.402340000000000225e-02 -4.343284006372199468e-01 1.044567459136205995e-01 8.946773880193082951e-01 7.513284999999999547e-01
8.874108613644631216e-01 -1.225570634372517842e-02 4.608164068198938867e-01 2.285477999999999954e-01 6.082061591576198856e-02 9.940204047436326240e-01 -9.068785824426633946e-02 -3.957879999999999732e-02 -4.569494674600342865e-01 1.085045280867170114e-01 8.828499031957074417e-01 7.967239000000000404e-01
8.756926602498169565e-01 -1.468163263040817013e-02 4.826456406597955384e-01 2.539371000000000267e-01 6.500893342027129485e-02 9.940223263033053369e-01 -8.771233314719167895e-02 -4.476709999999999717e-02 -4.784727822563761279e-01 1.081853246696193038e-01 8.714124925464240556e-01 8.420121000000000411e-01
8.540524463896446150e-01 -2.836513611989810793e-02 5.194129742976805186e-01 3.087926999999999755e-01 7.798588204632482535e-02 9.942090905843425919e-01 -7.393569098149589680e-02 -5.524670000000000275e-02 -5.143079048753966820e-01 1.036518367051650208e-01 8.513187861960558322e-01 9.307775000000000354e-01
8.457933429595488883e-01 -2.971885256035207770e-02 5.326822794197371147e-01 3.365544999999999787e-01 8.053228657903714616e-02 9.941186367449007522e-01 -7.240640092430909724e-02 -5.986600000000000255e-02 -5.273975462814201043e-01 1.041389738712457796e-01 8.432122522220495409e-01 9.736612000000000045e-01
8.386153813885208752e-01 -3.050796290734546223e-02 5.438690157545561510e-01 3.638134000000000090e-01 8.430637144392463811e-02 9.936691658487427636e-01 -7.425647833975637657e-02 -6.438049999999999329e-02 -5.381604573289872073e-01 1.081242481625085405e-01 8.358782621451209538e-01 1.015771399999999991e+00
8.073643773192404893e-01 -2.374320926599176457e-02 5.895752897210554400e-01 5.081006999999999607e-01 8.520350020424988235e-02 9.934092126738616191e-01 -7.667137489078187929e-02 -8.841920000000000335e-02 -5.838690998750143413e-01 1.121356151650747812e-01 8.040662149491737409e-01 1.221186899999999964e+00
8.049712495811154334e-01 -2.282434434666787831e-02 5.928746382271401494e-01 5.389734999999999943e-01 8.652544302569162293e-02 9.930927395536492952e-01 -7.924745014847818514e-02 -9.278150000000000286e-02 -5.869707275980851069e-01 1.150906597034375839e-01 8.013859900148005977e-01 1.262146100000000049e+00
8.073978376001855750e-01 -2.264155548214229902e-02 5.895728044982174731e-01 6.014954999999999607e-01 8.743757698467685691e-02 9.928210745527310532e-01 -8.161485192665046684e-02 -1.021082999999999991e-01 -5.834924180909234481e-01 1.174464724430216711e-01 8.035813114682903713e-01 1.347324600000000094e+00
8.115673765162769726e-01 -2.224313401148177161e-02 5.838352818765193408e-01 6.328238999999999947e-01 8.579713107363162727e-02 9.929791515031560767e-01 -8.143253022967110455e-02 -1.076503000000000043e-01 -5.779249481325594573e-01 1.161793771261469960e-01 8.077778820050465214e-01 1.391463300000000070e+00
8.287660625206940690e-01 -1.510775588072478179e-02 5.593912488823840068e-01 7.608287999999999718e-01 7.417926612139101594e-02 9.937798260976025144e-01 -8.306078328014297740e-02 -1.286676999999999960e-01 -5.546568759977981156e-01 1.103331906257924572e-01 8.247316757313833957e-01 1.577795899999999918e+00
8.298522343338553542e-01 -1.241741725099560628e-02 5.578450294839262247e-01 7.935020000000000406e-01 7.016976426228380137e-02 9.941379234411723553e-01 -8.225565852541295853e-02 -1.342585000000000028e-01 -5.535534963799645380e-01 1.074038962276904624e-01 8.258589042449249185e-01 1.627323899999999934e+00
8.295258695091024537e-01 -9.878065276779632309e-03 5.583809234219550000e-01 8.260049999999999892e-01 6.654516440109010944e-02 9.944684718191514339e-01 -8.126622701044694530e-02 -1.397827000000000097e-01 -5.544894705131915291e-01 1.045699879701116053e-01 8.255946612629779802e-01 1.677008300000000007e+00
8.287966917899377561e-01 -1.003490764348859490e-02 5.594598683611198275e-01 8.596184999999999521e-01 6.617969724469088821e-02 9.945793662402432345e-01 -8.020057307623926213e-02 -1.456960999999999951e-01 -5.556224359676775748e-01 1.034948543539377930e-01 8.249681956121710513e-01 1.727446400000000049e+00
8.292800311766173049e-01 -8.507659651698595143e-03 5.587685116566246668e-01 1.143994200000000072e+00 6.084857555806236218e-02 9.953138140318941174e-01 -7.515226177460546109e-02 -1.929995999999999934e-01 -5.555106486326463200e-01 9.632253798844228609e-02 8.259115497020256269e-01 2.151807499999999873e+00
8.321158648786324274e-01 -1.233844112414915484e-02 5.544645617962534745e-01 1.214276099999999969e+00 6.164988176784126639e-02 9.956143340980780909e-01 -7.036611269959107406e-02 -2.053304999999999991e-01 -5.511646573350804656e-01 9.273543340636448973e-02 8.292271461400892996e-01 2.257668499999999856e+00
8.348084185763606779e-01 -1.285956087855511312e-02 5.503903487235640712e-01 1.283547299999999947e+00 6.169288421059852812e-02 9.956155557499566378e-01 -7.031111709027759726e-02 -2.167044999999999944e-01 -5.470730228331620593e-01 9.265148052090574349e-02 8.319415910059255737e-01 2.362732600000000183e+00
8.349540275540516809e-01 -1.103256031394366649e-02 5.502091006918979899e-01 1.353725199999999962e+00 6.134164175203165453e-02 9.954343840488893980e-01 -7.312721819113367216e-02 -2.277740000000000042e-01 -5.468902768000482029e-01 9.480859489586089539e-02 8.318187034897924770e-01 2.469648400000000077e+00
8.231019219588034952e-01 -1.033982254465434444e-02 5.677995369296007233e-01 1.494969800000000015e+00 6.158439440386583030e-02 9.955630083529988239e-01 -7.114533551144353041e-02 -2.506562999999999986e-01 -5.645445849830046381e-01 9.352745302247797432e-02 8.200865973160975653e-01 2.678945800000000155e+00
8.196564470361111798e-01 -8.747209096869410644e-03 5.727886129848902552e-01 1.530749799999999938e+00 5.922530929950410583e-02 9.958192878781101376e-01 -6.954357359463017585e-02 -2.566616999999999926e-01 -5.697856365077280660e-01 9.092542121403296429e-02 8.167477555564716107e-01 2.730600599999999822e+00
8.161408010454623829e-01 -8.466329852237816644e-03 5.777910644235543236e-01 1.565961500000000006e+00 6.125219676750096043e-02 9.955269375540376497e-01 -7.193250305275497580e-02 -2.620577000000000045e-01 -5.745975646137270187e-01 9.409802263125599531e-02 8.130087335796961634e-01 2.780894800000000000e+00
8.069689744340804438e-01 -4.561725574317054832e-03 5.905762143539079467e-01 1.674668299999999999e+00 6.051683438115613989e-02 9.953453329918299231e-01 -7.500253894280395350e-02 -2.798142000000000129e-01 -5.874851377331107294e-01 9.626452488413231312e-02 8.034888637632385811e-01 2.930729599999999824e+00
8.045786011724926912e-01 -5.744430699756480213e-03 5.938183864206719731e-01 1.711068299999999986e+00 6.152511470201646460e-02 9.953783855552985615e-01 -7.373282735817873745e-02 -2.850304000000000171e-01 -5.906504336714047954e-01 9.585859943303454145e-02 8.012135758451165435e-01 2.980144300000000079e+00
8.029416313194365218e-01 -1.172926188535588360e-02 5.959422464548949083e-01 1.747973999999999917e+00 6.290951071267364414e-02 9.958898354893972460e-01 -6.516002632590953136e-02 -2.902116000000000140e-01 -5.927285467699139332e-01 8.981013297243223281e-02 8.003792912485305777e-01 3.029607799999999962e+00
8.015003020546110912e-01 -1.748613420527536655e-02 5.977386560336568344e-01 1.784989399999999948e+00 6.238714192297152572e-02 9.965628423909286271e-01 -5.450087786812432555e-02 -2.955207999999999724e-01 -5.947311243991273422e-01 8.097367644036113088e-02 7.998363291290797594e-01 3.078923200000000193e+00
8.003554985323992899e-01 -1.987347502193907017e-02 5.991962290931969193e-01 1.821557000000000093e+00 6.369861554856548480e-02 9.966120118015707741e-01 -5.202868737554069978e-02 -3.002713000000000187e-01 -5.961321685215037469e-01 7.980941625759493951e-02 7.989098163938601616e-01 3.127652199999999993e+00
7.993823942910348590e-01 -1.563928279232291302e-02 6.006190144603104075e-01 1.857045700000000021e+00 6.283546109299137372e-02 9.963553764176046323e-01 -5.768594900809601717e-02 -3.044429000000000163e-01 -5.975278173664920756e-01 8.385330474987397198e-02 7.974516479108693101e-01 3.175599099999999897e+00
7.983363474569694640e-01 -1.338597987145289520e-02 6.020630298166015359e-01 1.892988600000000021e+00 6.493819382437540644e-02 9.958369506983710817e-01 -6.396716819273667864e-02 -3.092095000000000260e-01 -5.987003485149250404e-01 9.016420113687620419e-02 7.958820952386453929e-01 3.223241999999999940e+00
7.977026074725065419e-01 -1.721761911830522671e-02 6.028051954184380223e-01 1.928863400000000006e+00 7.051166230871602769e-02 9.953988747603876863e-01 -6.487823675328836803e-02 -3.139816999999999747e-01 -5.989145644497434473e-01 9.425833500360121520e-02 7.952463208165901909e-01 3.270523799999999870e+00
7.978035556132813122e-01 -2.046909239882828413e-02 6.025699153684777043e-01 1.965576299999999943e+00 7.398327962288368809e-02 9.951942335728363176e-01 -6.414757828333964018e-02 -3.190087999999999813e-01 -5.983610623921381544e-01 9.575726457947311698e-02 7.954838686568123096e-01 3.318051300000000037e+00
7.981539265712140896e-01 -2.145957080750847748e-02 6.020712551847251515e-01 2.001398800000000033e+00 7.275598089180874972e-02 9.954844669638410748e-01 -6.096919942223355537e-02 -3.238705000000000056e-01 -5.980442096897382598e-01 9.246709065648628378e-02 7.961111482714592347e-01 3.365700200000000031e+00
7.987216464668749349e-01 -2.307361846584978296e-02 6.012581305863037295e-01 2.037307000000000201e+00 7.125544203395704768e-02 9.958600092977701879e-01 -5.644026808928409578e-02 -3.280514999999999959e-01 -5.974666463040340103e-01 8.792297772674256828e-02 7.970590671599394605e-01 3.413502499999999884e+00
7.991874917044873294e-01 -2.395728057101299824e-02 6.006041972969651255e-01 2.072557699999999947e+00 6.783168730843128214e-02 9.964171917280408852e-01 -5.051378253205570518e-02 -3.325408999999999726e-01 -5.972421747498926070e-01 8.110997926547865167e-02 7.979492189128155610e-01 3.461384799999999817e+00
7.998656411950589851e-01 -1.742143289707913378e-02 5.999262035545952498e-01 2.107370400000000199e+00 5.893222830278545266e-02 9.970280184788223865e-01 -4.961978270268285751e-02 -3.365338999999999969e-01 -5.972787862488383448e-01 7.504414730014367929e-02 7.985151391508547025e-01 3.509218499999999796e+00
8.009524077380234530e-01 -1.264330735622837959e-02 5.985945099295173488e-01 2.141861000000000015e+00 5.184611613650024625e-02 9.974861730381208158e-01 -4.830439772240930490e-02 -3.404723000000000055e-01 -5.964790195641618276e-01 6.972432414057602723e-02 7.995944583618099788e-01 3.557230500000000184e+00
8.025193721917616152e-01 -1.685421791056383387e-02 5.963879547706878448e-01 2.177193200000000051e+00 5.566167244408329329e-02 9.973562765034046373e-01 -4.671440826973853599e-02 -3.449068000000000134e-01 -5.940239351050329297e-01 7.068516858498299915e-02 8.013358668276643337e-01 3.604161700000000135e+00
8.044424626540743750e-01 -1.907052055666394116e-02 5.937243800996773180e-01 2.212196800000000074e+00 5.936973018809398039e-02 9.970613026156224246e-01 -4.841481140964275232e-02 -3.488920999999999828e-01 -5.910563081606025060e-01 7.419618637191678634e-02 8.032106613531861949e-01 3.651433899999999788e+00
8.080803187027950640e-01 -1.999084016192667276e-02 5.887330165998927445e-01 2.246632799999999985e+00 6.169162863409666242e-02 9.968001403359927348e-01 -5.082935355302078267e-02 -3.528956999999999788e-01 -5.858330320847928707e-01 7.739409884329412348e-02 8.067278425730529667e-01 3.698585700000000198e+00
8.134142694827766196e-01 -2.465791118891441994e-02 5.811619512817408628e-01 2.280866099999999896e+00 6.648787881792517229e-02 9.964942914004142338e-01 -5.077882606637454388e-02 -3.569320999999999744e-01 -5.778724670479583603e-01 7.994444710038234314e-02 8.122021282942568643e-01 3.745873899999999868e+00
8.186173466134127885e-01 -3.104703073304421190e-02 5.734995394124368095e-01 2.314821999999999935e+00 7.334509964833449414e-02 9.960133508131711055e-01 -5.077303772175550955e-02 -3.611847000000000252e-01 -5.696368458774340171e-01 8.362707028576532586e-02 8.176309539971122753e-01 3.793423699999999954e+00
8.250569908586653511e-01 -2.878708125697117606e-02 5.643157500796418535e-01 2.347293599999999980e+00 7.031857289987407389e-02 9.961687132125253141e-01 -5.199224097715448439e-02 -3.649264999999999870e-01 -5.606569897366564525e-01 8.257844009913206662e-02 8.239202273826179423e-01 3.841852199999999939e+00
8.321603558609410589e-01 -2.828317648964103273e-02 5.538133296166206643e-01 2.379516600000000093e+00 6.793159674999894870e-02 9.963759108407005405e-01 -5.118928070758355098e-02 -3.688662999999999803e-01 -5.503584652718512826e-01 8.021911383217886216e-02 8.310658538765700598e-01 3.890752800000000011e+00
8.393845447879760835e-01 -3.108887869190221295e-02 5.426481987372320237e-01 2.410958500000000004e+00 6.777308395821926568e-02 9.965579457797665297e-01 -4.773960404113160305e-02 -3.731317000000000106e-01 -5.392962034558321793e-01 7.684882773921834775e-02 8.386023268589430923e-01 3.939501299999999873e+00
8.462775643165256767e-01 -3.133076796150562060e-02 5.318201454565547603e-01 2.441782499999999967e+00 6.696173966263624378e-02 9.966078458454226130e-01 -4.784273216173743487e-02 -3.772303000000000184e-01 -5.285171800006525089e-01 7.609983297149021386e-02 8.455048230884725236e-01 3.988701799999999853e+00
8.533712682855260079e-01 -3.225910941858463332e-02 5.203045534341137479e-01 2.471651800000000065e+00 6.676003531530508295e-02 9.966280136359548791e-01 -4.770429876593907520e-02 -3.807633000000000267e-01 -5.170111953811560301e-01 7.544502830253654868e-02 8.526473312894243817e-01 4.038091699999999840e+00
8.601773758252527768e-01 -3.351429063929176055e-02 5.088925961746024740e-01 2.500640900000000055e+00 6.775753218453654803e-02 9.965025865049919052e-01 -4.890308703060181061e-02 -3.847511000000000125e-01 -5.054738360693296073e-01 7.654663553550999922e-02 8.594398254895746492e-01 4.087379900000000177e+00
8.669950979862871554e-01 -3.173744241920878340e-02 4.973049716385667396e-01 2.528944000000000081e+00 6.735921421286461541e-02 9.962744048566097854e-01 -5.385207970202562228e-02 -3.893467999999999929e-01 -4.937430873727485792e-01 8.018756123174783368e-02 8.659028344423702617e-01 4.136916199999999932e+00
8.734540402877800647e-01 -2.948915536195986439e-02 4.860127870961741814e-01 2.557168700000000072e+00 6.915421649540326454e-02 9.955588760177480623e-01 -6.387658978988351721e-02 -3.931668999999999858e-01 -4.819706773714142467e-01 8.940309893016208653e-02 8.716142220362307347e-01 4.186788100000000235e+00
8.800746612770198318e-01 -2.704335248658535154e-02 4.740646028385004374e-01 2.583741700000000030e+00 6.841390332857073819e-02 9.951816284516363798e-01 -7.023577595284433150e-02 -3.974382000000000192e-01 -4.698809725978355112e-01 9.424533664131856669e-02 8.776842758713845338e-01 4.236756800000000212e+00
8.859229956421227348e-01 -2.763284678701042468e-02 4.630085005385246588e-01 2.609992999999999785e+00 6.638589526767585403e-02 9.955007397354210807e-01 -6.761057680377187407e-02 -4.024762000000000062e-01 -4.590570320798892934e-01 9.063499856388353149e-02 8.837714287831035520e-01 4.287765000000000271e+00
8.919118410120928653e-01 -2.914126081190504536e-02 4.512693816122601564e-01 2.635812299999999997e+00 6.528670339763482933e-02 9.957646554741429457e-01 -6.473327790194691178e-02 -4.075636000000000259e-01 -4.474716909726116354e-01 8.719826733802660268e-02 8.900368239299751849e-01 4.338681199999999905e+00
8.968246687240304382e-01 -2.582918961146004819e-02 4.416314827229239626e-01 2.660293100000000077e+00 6.185343258248661436e-02 9.958092379307507125e-01 -6.736552923818882321e-02 -4.124531000000000169e-01 -4.380407132285728533e-01 8.773149158536365511e-02 8.946639139578674849e-01 4.388948000000000071e+00
9.000883263515667698e-01 -1.873744266748355453e-02 4.353043912113890856e-01 2.683714900000000014e+00 5.678197940946404926e-02 9.955990469475224369e-01 -7.455430592211323426e-02 -4.174351000000000034e-01 -4.319916799893008807e-01 9.182290541835197439e-02 8.971910289679415618e-01 4.439308600000000382e+00
9.026543365946849695e-01 -1.094862904321321911e-02 4.302270053691230056e-01 2.707097099999999923e+00 5.116697731427544832e-02 9.953160689945238504e-01 -8.202355292115044716e-02 -4.226346000000000269e-01 -4.273138063055413327e-01 9.605233117089066741e-02 8.989865742141580629e-01 4.489509100000000252e+00
9.043535387430646777e-01 -6.975646339515466365e-03 4.267270993516137367e-01 2.730549299999999846e+00 4.812090044498434221e-02 9.951570261026808639e-01 -8.571389816612012824e-02 -4.279123000000000232e-01 -4.240625613081870360e-01 9.805015939106936917e-02 9.003094525440271667e-01 4.540347099999999969e+00
9.059461131117162447e-01 -5.791093105504321187e-03 4.233534024646745664e-01 2.753426099999999987e+00 4.660224789767129783e-02 9.951949222750354762e-01 -8.611211975599052104e-02 -4.336691999999999769e-01 -4.208204731576843383e-01 9.774216039473161699e-02 9.018628495800862233e-01 4.590744499999999562e+00
9.081947627265954948e-01 -6.027872886858822582e-03 4.185044058363576180e-01 2.776095199999999874e+00 4.631107812947460323e-02 9.952039199720578155e-01 -8.616520013750131324e-02 -4.395804999999999851e-01 -4.159778323402204547e-01 9.763617373038452341e-02 9.041181452558186837e-01 4.640534399999999948e+00
9.109044597302053958e-01 -5.425313401009705661e-03 4.125816661197191371e-01 2.799096800000000052e+00 4.352372766027234191e-02 9.955986071733541332e-01 -8.300059352216590525e-02 -4.450130999999999948e-01 -4.103154279017265926e-01 9.356270287341098002e-02 9.071313412383262831e-01 4.691788700000000034e+00
9.131315565605399032e-01 -6.364843490748551408e-03 4.076153201005375815e-01 2.821205400000000196e+00 4.235808098842290537e-02 9.959474126405069017e-01 -7.933816376535299253e-02 -4.507237000000000049e-01 -4.054584484115525411e-01 8.971198371465230470e-02 9.097006137129282077e-01 4.742365399999999731e+00
9.156338272144435297e-01 -5.463268693403491166e-03 4.019761773486262291e-01 2.843183999999999934e+00 3.987606976150506743e-02 9.962107883564302879e-01 -7.729142399150862319e-02 -4.560969000000000273e-01 -4.000307407200177634e-01 8.679987245061626666e-02 9.123821505386603414e-01 4.793262999999999607e+00
9.181693091709816068e-01 2.024716337153951648e-03 3.961830640249992541e-01 2.864212499999999828e+00 3.147494452135825987e-02 9.964535030072441124e-01 -7.803681318435327918e-02 -4.616797000000000262e-01 -3.949360043904075468e-01 8.412084681187116664e-02 9.148492966427823614e-01 4.844163400000000230e+00
9.206800663327848744e-01 9.368373191465825117e-03 3.902056496787356665e-01 2.884381299999999815e+00 2.409512646735906607e-02 9.964410639968674932e-01 -8.077518716358696171e-02 -4.668986999999999998e-01 -3.895736648414273584e-01 8.377015915310150052e-02 9.171776927605049812e-01 4.894726799999999933e+00
9.234499796793851356e-01 9.378281041169739957e-03 3.836042008044959761e-01 2.905074100000000215e+00 2.513080633623182916e-02 9.960768275254457960e-01 -8.484925597631452765e-02 -4.722731000000000012e-01 -3.828949955314564502e-01 8.799432658732138368e-02 9.195914423728669407e-01 4.944915299999999903e+00
9.264322159742534035e-01 8.372905177704398003e-03 3.763684945155740258e-01 2.925967200000000101e+00 2.663961398608326314e-02 9.957883393403489380e-01 -8.772635978121186284e-02 -4.778532999999999809e-01 -3.755178826257238867e-01 9.129883730188091684e-02 9.223073468945250930e-01 4.995383300000000304e+00
9.288833082663204843e-01 8.789181506214003084e-03 3.702682134786439150e-01 2.945723800000000114e+00 2.502806501777812831e-02 9.959436386554600951e-01 -8.642837834408413633e-02 -4.830035999999999774e-01 -3.695259065149312239e-01 8.954897492530612679e-02 9.248954457148900188e-01 5.046052900000000285e+00
9.316203518780951098e-01 7.044980415430520879e-03 3.633646766231970471e-01 2.965455299999999905e+00 2.426769464961812950e-02 9.963748152926006352e-01 -8.153714765080322113e-02 -4.888260999999999856e-01 -3.626218401626234433e-01 8.477968920432646383e-02 9.280720905918303787e-01 5.097151799999999788e+00
9.367948262691599970e-01 8.353076692792175267e-03 3.497794727897832190e-01 3.003659499999999927e+00 2.207811152260355861e-02 9.963113248845659742e-01 -8.292346410007488122e-02 -4.993829000000000184e-01 -3.491819160078737938e-01 8.540474235383689605e-02 9.331548743464532780e-01 5.197560300000000133e+00
9.389918316581358226e-01 9.086732501167179080e-03 3.438193877194119508e-01 3.021794799999999892e+00 2.177959301609662390e-02 9.960737448640105685e-01 -8.580643402821915011e-02 -5.048008999999999968e-01 -3.432491651954193146e-01 8.805978699178280966e-02 9.351072048207144105e-01 5.249020100000000078e+00
9.414213081155020646e-01 1.147087670308824352e-02 3.370375937692404178e-01 3.039760100000000076e+00 1.907507977886204950e-02 9.960099713656562770e-01 -8.717957485337166079e-02 -5.102497999999999756e-01 -3.366928302734215062e-01 8.850172838903844208e-02 9.374462022508949222e-01 5.300930000000000142e+00
9.438043968013596352e-01 1.132132470456087732e-02 3.303105935106465108e-01 3.057032099999999808e+00 1.834650971780762627e-02 9.960774968663053119e-01 -8.656226555335647110e-02 -5.158770999999999773e-01 -3.299949486880003890e-01 8.775789334008260445e-02 9.398946143036008838e-01 5.351193000000000310e+00
9.465831463342788687e-01 6.131262060774567840e-03 3.224015426474247104e-01 3.075094200000000111e+00 2.258919868439287007e-02 9.961021145306264701e-01 -8.526608663713630687e-02 -5.214583000000000412e-01 -3.216676470811047350e-01 8.799423306760914554e-02 9.427549733457517567e-01 5.402440999999999605e+00
9.490627154888069406e-01 3.463436417611971338e-03 3.150681936933545924e-01 3.091996200000000083e+00 2.490420844174101589e-02 9.959867495835843521e-01 -8.596612737477996036e-02 -5.270211000000000201e-01 -3.141014843500462561e-01 8.943377025546744852e-02 9.451676350081978928e-01 5.453813099999999636e+00
9.534158009549807966e-01 8.262014084192864302e-03 3.015460986526686815e-01 3.124025099999999888e+00 1.872182417843158697e-02 9.960772040679729544e-01 -8.648524056485888678e-02 -5.383618000000000015e-01 -3.010777371191770690e-01 8.810188794459637707e-02 9.495210653544203794e-01 5.554207299999999847e+00
9.565023894566551110e-01 8.759610482162488027e-03 2.915929494825104662e-01 3.154988299999999857e+00 1.681195843938441958e-02 9.962326994996664187e-01 -8.507506392027974762e-02 -5.492240999999999929e-01 -2.912396556397179870e-01 8.627675047084273907e-02 9.527516913189135739e-01 5.656748799999999910e+00
9.579268311779776113e-01 7.097980771972034301e-03 2.869247371320207129e-01 3.170292599999999794e+00 1.802777028151921618e-02 9.962321311282550385e-01 -8.483242544176193556e-02 -5.548676999999999637e-01 -2.864457812710727858e-01 8.643586973367041459e-02 9.541895277225530547e-01 5.707730299999999701e+00
9.593655347016544210e-01 6.245137286686426766e-03 2.820970915959239989e-01 3.185291100000000153e+00 1.876039213875400902e-02 9.961311199058799914e-01 -8.585359422795023343e-02 -5.603675000000000184e-01 -2.815418592561483857e-01 8.765723139209789794e-02 9.555367032570037944e-01 5.758303200000000288e+00
9.610985524411680414e-01 -3.716616046694713044e-04 2.762054205897180870e-01 3.200740300000000094e+00 2.451305595851745872e-02 9.961678700914438078e-01 -8.395644516683084535e-02 -5.656236000000000042e-01 -2.751157621494377814e-01 8.746105684890903564e-02 9.574246084950009950e-01 5.809576500000000365e+00
9.624977975208767189e-01 -8.289252727568334131e-03 2.711628257277902132e-01 3.215605699999999789e+00 3.141847842713881012e-02 9.962133423706601709e-01 -8.106698277351463700e-02 -5.710363000000000522e-01 -2.694640402368835841e-01 8.654631576154127315e-02 9.591135836006696724e-01 5.860775499999999916e+00
9.637678000809923873e-01 -1.030833561268514748e-02 2.665433655973087901e-01 3.229875999999999969e+00 3.280634432666395400e-02 9.962474506177577682e-01 -8.009220255142672495e-02 -5.763388999999999873e-01 -2.647175311515365670e-01 8.593459928640297119e-02 9.604893926257179748e-01 5.911725500000000189e+00
9.650028464411033458e-01 -8.014494785570928231e-03 2.621169094772417552e-01 3.243750799999999934e+00 3.061104287298769752e-02 9.961424362059755344e-01 -8.223874296128412531e-02 -5.815234999999999710e-01 -2.604466748008056332e-01 8.738429299912030268e-02 9.615256184430278630e-01 5.962837200000000060e+00
9.659364745193453894e-01 -6.272361295876962423e-03 2.587032753501817828e-01 3.257061000000000206e+00 2.914265099580258186e-02 9.959833130853151806e-01 -8.466372274200972825e-02 -5.865635000000000154e-01 -2.571331038316048145e-01 8.931907713010156513e-02 9.622394033578920425e-01 6.013843500000000120e+00
9.666613727347086460e-01 -4.045417525319179586e-03 2.560262194770185351e-01 3.283561900000000033e+00 2.618677894773838513e-02 9.961945007782826433e-01 -8.313103648728670247e-02 -5.976101999999999803e-01 -2.547156121461559009e-01 8.706406386192955260e-02 9.630886800875892995e-01 6.116324399999999883e+00
9.670324719113981837e-01 -6.530266376796009173e-03 2.545693498636059093e-01 3.297344900000000134e+00 2.739969475685676698e-02 9.965359444183784499e-01 -7.851985869448394051e-02 -6.026770999999999656e-01 -2.531747518931577456e-01 8.290637552817478606e-02 9.638615449848693117e-01 6.167593000000000103e+00
9.672852807980836243e-01 -6.945610375054853125e-03 2.535960252998663012e-01 3.310520599999999813e+00 2.642276100255448734e-02 9.969466867208618410e-01 -7.347885095248539444e-02 -6.078776000000000179e-01 -2.523113617187588420e-01 7.777571814399149297e-02 9.645153780084649853e-01 6.219011799999999646e+00
9.675002641579941720e-01 -8.238608525981147221e-03 2.527357596062871359e-01 3.323459900000000022e+00 2.718718460629557937e-02 9.970647378481791723e-01 -7.157349741995895631e-02 -6.128670000000000506e-01 -2.514042478706247641e-01 7.611855141355026999e-02 9.648843818216294999e-01 6.269616599999999984e+00
9.678625662591783252e-01 -7.092037863150241206e-03 2.513797044972904682e-01 3.336698100000000000e+00 2.714196933979924620e-02 9.967091025056170617e-01 -7.638244878769305524e-02 -6.177932000000000423e-01 -2.500107324387392249e-01 8.075065313293013081e-02 9.648699216392073730e-01 6.320241900000000079e+00
9.678981628655286551e-01 -6.249981578410971836e-03 2.512649678164548539e-01 3.349566499999999891e+00 2.729016941240802047e-02 9.963938524730684421e-01 -8.034013571882489546e-02 -6.225395000000000234e-01 -2.498567449059093115e-01 8.461813330573214609e-02 9.645783423552888314e-01 6.370083300000000115e+00
9.678900793558846694e-01 -2.590389690731959710e-03 2.513604665927190451e-01 3.362169999999999881e+00 2.341888131799829686e-02 9.965271680100542540e-01 -7.990719251528337341e-02 -6.274572999999999956e-01 -2.502805431556212046e-01 8.322795983989512980e-02 9.645894237542811389e-01 6.420561300000000138e+00
9.680554505727413384e-01 -8.817591549846286181e-04 2.507346547990511043e-01 3.374923900000000199e+00 2.140402773332049716e-02 9.966342193364690072e-01 -7.913343442804871009e-02 -6.328939000000000092e-01 -2.498209603159790015e-01 8.197228402563661032e-02 9.648160614533852764e-01 6.470776100000000142e+00
9.681001727220018838e-01 -5.150286286428915755e-03 2.505105389535496330e-01 3.387556099999999848e+00 2.578464560116867921e-02 9.965286198377363291e-01 -7.915719737028571734e-02 -6.380004999999999704e-01 -2.492332394101000048e-01 8.309142191263822752e-02 9.648723272939708773e-01 6.520609399999999667e+00
9.683315483042612692e-01 -2.649068936145191830e-03 2.496537502070489967e-01 3.400124499999999994e+00 2.381838861230798493e-02 9.963631304117603893e-01 -8.181195951687293688e-02 -6.429287999999999670e-01 -2.485290665547696953e-01 8.516745146973066227e-02 9.648729492982824896e-01 6.569965400000000066e+00
9.682569508218644705e-01 7.006093621702961377e-03 2.498587437679726520e-01 3.411881399999999953e+00 1.454051529000042337e-02 9.963355816084907834e-01 -8.428512464232157386e-02 -6.481183000000000360e-01 -2.495336662661909177e-01 8.524273266991358455e-02 9.646069800321366294e-01 6.619572599999999696e+00
9.683014652739377892e-01 1.371381767267903715e-02 2.494077054807758431e-01 3.423644100000000190e+00 8.274758808199084159e-03 9.961825342943477768e-01 -8.690159223832892577e-02 -6.533375000000000155e-01 -2.496473527097994860e-01 8.621072770677194741e-02 9.644915291039407590e-01 6.668622000000000050e+00
9.683665818584049623e-01 1.175213503772474730e-02 2.492549908465706288e-01 3.436115500000000100e+00 1.113532647107522838e-02 9.958600520109963661e-01 -9.021508362263042091e-02 -6.584816999999999476e-01 -2.492833079936390417e-01 9.013680785733824141e-02 9.642267307148447708e-01 6.717385300000000115e+00
9.690686359389234505e-01 8.785157839803501081e-03 2.466349525943228871e-01 3.460846399999999878e+00 1.430863944714307924e-02 9.956850373746943816e-01 -9.168734473920092665e-02 -6.697073999999999527e-01 -2.463762197872307325e-01 9.238034071101466904e-02 9.647614373374752139e-01 6.812965400000000393e+00
9.696410162340152183e-01 -5.562414880625268787e-06 2.445328190769611998e-01 3.473714100000000027e+00 2.261828850561971305e-02 9.957151031978466182e-01 -8.966518995004758852e-02 -6.748345999999999512e-01 -2.434845224274899411e-01 9.247395975495535658e-02 9.654863303566219024e-01 6.860855100000000206e+00
9.704024723797940455e-01 -6.365025415054209601e-03 2.414094613942230905e-01 3.485702999999999996e+00 2.780199031440321045e-02 9.959504263084905107e-01 -8.549735475729063061e-02 -6.801947999999999883e-01 -2.398876631545294735e-01 8.967850794589464491e-02 9.666497164324092672e-01 6.907973300000000094e+00
9.707562176303535795e-01 -1.147576167736374247e-02 2.397929791005854738e-01 3.497669699999999882e+00 3.142505653505064944e-02 9.963364766222984059e-01 -7.953672845694025051e-02 -6.856693999999999845e-01 -2.380017473754727220e-01 8.474628160449594605e-02 9.675604559925096160e-01 6.955823399999999879e+00
9.716753315737531871e-01 -1.324571570545516122e-02 2.359483015969539299e-01 3.509518400000000149e+00 3.272036607463919833e-02 9.963521635293953738e-01 -7.881461713562158689e-02 -6.907569000000000070e-01 -2.340436447651985941e-01 8.430253404105521320e-02 9.685642235284547263e-01 7.003551500000000374e+00
9.728790627482956088e-01 -1.300302654975721110e-02 2.309485885788095383e-01 3.520458200000000204e+00 3.331818210011338460e-02 9.958846667437251110e-01 -8.428303083232863147e-02 -6.954848999999999615e-01 -2.289022236841346258e-01 8.969198317177451418e-02 9.693085783934713984e-01 7.049663500000000305e+00
9.743241863131747449e-01 -1.447801379904375442e-02 2.246837045306234182e-01 3.531004900000000113e+00 3.486023351382729063e-02 9.955968633990347483e-01 -8.701522688222555757e-02 -7.007157000000000524e-01 -2.224345838320364033e-01 9.261356653557002716e-02 9.705388107690646748e-01 7.095943000000000112e+00
9.761083806327275347e-01 -1.386221111065531232e-02 2.168415743386813976e-01 3.540938900000000000e+00 3.375432488053200369e-02 9.955215899179045147e-01 -8.830294196224243441e-02 -7.051256999999999664e-01 -2.146463948227730345e-01 9.351258263170407481e-02 9.722048765970755513e-01 7.142431700000000383e+00
9.781756773264733695e-01 -1.763612722727971732e-02 2.070297353119070760e-01 3.550790500000000183e+00 3.573800451805667078e-02 9.958226047168105000e-01 -8.402460930045646537e-02 -7.100726000000000537e-01 -2.046830215722898194e-01 8.958965873051530360e-02 9.747197308604086396e-01 7.189177500000000443e+00
9.806013002852168592e-01 -2.198734749210057293e-02 1.947758876996933119e-01 3.560292500000000082e+00 3.868037009703718249e-02 9.958550931077745361e-01 -8.231927174399689129e-02 -7.150478999999999585e-01 -1.921585773471955749e-01 8.825638833289856100e-02 9.773872779355859963e-01 7.235227599999999981e+00
9.830722904013324825e-01 -2.660401541590146426e-02 1.812763034950476138e-01 3.569087000000000121e+00 4.263991002973248345e-02 9.954556519897288513e-01 -8.514624474608478710e-02 -7.197519000000000000e-01 -1.781872888781196040e-01 9.143451911315730873e-02 9.797392606182582231e-01 7.281538000000000288e+00
9.854973023865025716e-01 -2.626150649189522290e-02 1.676466530107369735e-01 3.576208100000000112e+00 4.132008752321462974e-02 9.953530489231972034e-01 -8.697676911894020035e-02 -7.243462000000000511e-01 -1.645834662291451866e-01 9.264254571238686453e-02 9.820028723827278760e-01 7.327213300000000373e+00
9.876878397352637506e-01 -2.755898593385018580e-02 1.539910177035854755e-01 3.583180899999999891e+00 4.141233409593372827e-02 9.953041127633530660e-01 -8.749138072451093096e-02 -7.290562999999999905e-01 -1.508567195182730081e-01 9.279130029616142195e-02 9.841910509476972102e-01 7.373318199999999933e+00
9.896466283193081637e-01 -2.860927782671112904e-02 1.406451573231695396e-01 3.589501600000000181e+00 4.150535530298032905e-02 9.951097758295938123e-01 -8.963168819981544300e-02 -7.340851000000000459e-01 -1.373930731055915400e-01 9.454122524385659421e-02 9.859944726984993801e-01 7.418818500000000427e+00
9.915491331720330814e-01 -2.496883007144980182e-02 1.273062214923248447e-01 3.594421899999999948e+00 3.745385123727160148e-02 9.946143790171146915e-01 -9.664080959871834686e-02 -7.393302999999999958e-01 -1.242075904817662030e-01 1.005922192680053506e-01 9.871442042019248353e-01 7.463492900000000319e+00
9.931946554853645637e-01 -1.675862251600511443e-02 1.152541751377109125e-01 3.598368600000000139e+00 2.911964542332497186e-02 9.938949484160581882e-01 -1.064184089500544717e-01 -7.444336999999999760e-01 -1.127671165088826866e-01 1.090503557280179114e-01 9.876191560261804447e-01 7.507974100000000206e+00
9.947937447518871990e-01 -1.281617645767233783e-02 1.010997083256081758e-01 3.602368400000000026e+00 2.444030051174286844e-02 9.931120168396501136e-01 -1.145914207939594670e-01 -7.498219999999999885e-01 -9.893471136771432584e-02 1.164657358611896204e-01 9.882548533940517244e-01 7.552044900000000283e+00
9.959858535998546980e-01 -1.266259520117841986e-02 8.861059819084780853e-02 3.605572500000000069e+00 2.292020340686524299e-02 9.930173910213032640e-01 -1.157200302671582692e-01 -7.553731000000000195e-01 -8.652654913237155243e-02 1.172864860587748970e-01 9.893215030935232912e-01 7.596445600000000020e+00
9.969948966854955685e-01 -8.879714399007823666e-03 7.695665439239296468e-02 3.608277100000000015e+00 1.751250298002347827e-02 9.935267559573038865e-01 -1.122403556495194521e-01 -7.610109000000000457e-01 -7.546183288559077385e-02 1.132507654241153294e-01 9.906966114348020325e-01 7.641457599999999850e+00
9.977900071735906762e-01 -5.477449159001972732e-03 6.622008105730721461e-02 3.610424800000000101e+00 1.276007511372364428e-02 9.938430872818202477e-01 -1.100595218290194438e-01 -7.668738999999999972e-01 -6.520952436276407360e-02 1.106612642836273946e-01 9.917165938510513756e-01 7.685655099999999962e+00
9.983939800658225838e-01 -2.412619913206685580e-03 5.660070523836348982e-02 3.612531900000000018e+00 9.020285859893815289e-03 9.931169375014867740e-01 -1.167792057289042812e-01 -7.727631000000000361e-01 -5.592937520955789527e-02 1.171022105377278882e-01 9.915437344241786466e-01 7.729165100000000344e+00
9.987320979879334981e-01 7.625507928648539262e-04 5.033502721673231012e-02 3.613957599999999992e+00 5.540819030769991368e-03 9.921450829092111068e-01 -1.249697314694355188e-01 -7.783573000000000297e-01 -5.003494551899840409e-02 1.250901793721748145e-01 9.908829150063835911e-01 7.772442800000000318e+00
9.989010499190483783e-01 3.700368575862562383e-03 4.672258279489436422e-02 3.615743399999999941e+00 2.311217424729304637e-03 9.917766503758546071e-01 -1.279598923228118523e-01 -7.840260000000000007e-01 -4.681186542575094950e-02 1.279272568362690432e-01 9.906781849893075975e-01 7.815913700000000297e+00
9.988811108497278601e-01 6.607810151420649009e-03 4.682801760288927279e-02 3.617341500000000210e+00 -7.871870498255347133e-04 9.923764661132212783e-01 -1.232409422277480071e-01 -7.899766999999999761e-01 -4.728537537296614163e-02 1.230661868655940627e-01 9.912713084348806492e-01 7.859638200000000019e+00
