1.000000000000000000e+00 0.000000000000000000e+00 0.000000000000000000e+00 0.000000000000000000e+00 0.000000000000000000e+00 1.000000000000000000e+00 0.000000000000000000e+00 0.000000000000000000e+00 0.000000000000000000e+00 0.000000000000000000e+00 1.000000000000000000e+00 0.000000000000000000e+00
9.966933005790363787e-01 -7.544330207893288655e-03 8.090455897278514552e-02 5.343399999999999886e-03 8.164151601608483216e-03 9.999397844991618767e-01 -7.333076052772519865e-03 -5.525000000000000397e-04 -8.084436411706480419e-02 7.969344859150026897e-03 9.966948772483098518e-01 7.100839999999999930e-02
9.953945450231738157e-01 -9.116371532883653719e-03 9.542846277805822064e-02 8.890399999999999692e-03 9.852410129076517517e-03 9.999252197590280389e-01 -7.244646610289473890e-03 -7.602999999999999949e-04 -9.535528172449225792e-02 8.151482069779511855e-03 9.954099274104657447e-01 9.660710000000000131e-02
9.928833484960856159e-01 -9.907423231044727024e-03 1.186781329652669553e-01 1.546520000000000013e-02 1.042785018215691001e-02 9.999385404275649147e-01 -3.765011045103210628e-03 -1.365700000000000074e-03 -1.186335375000641262e-01 4.975774564046723906e-03 9.929256394351536619e-01 1.513158000000000003e-01
9.901153158934641318e-01 -9.370794376318058311e-03 1.399423075625900736e-01 2.321180000000000118e-02 9.436953811904669892e-03 9.999554527521418157e-01 1.908245557576167674e-04 -1.932200000000000020e-03 -1.399378616956031829e-01 1.131690777495337292e-03 9.901596407347889039e-01 2.089002000000000081e-01
9.869699018289772585e-01 -9.850513590018828911e-03 1.606031763873672358e-01 3.327089999999999909e-02 9.327083019989053717e-03 9.999484504713395117e-01 4.012720063160438687e-03 -2.530699999999999877e-03 -1.606344247228382038e-01 -2.462474767365705787e-03 9.870109005537796021e-01 2.700754000000000210e-01
9.851985877286170146e-01 -1.038819479006692845e-02 1.711018063801255928e-01 3.863860000000000211e-02 9.723730247224223605e-03 9.999415786055386723e-01 4.721064068882003043e-03 -2.319599999999999787e-03 -1.711408537071659464e-01 -2.987437843185738583e-03 9.852420430571948717e-01 3.018681999999999754e-01
9.810788426627566894e-01 -9.575330870937068944e-03 1.933717081638827440e-01 5.071699999999999819e-02 7.407891998619565294e-03 9.999014105287188370e-01 1.192863608360889872e-02 -2.586699999999999937e-03 -1.934668643867536730e-01 -1.027045575378559249e-02 9.810530516353164199e-01 3.670872000000000024e-01
9.725553831606204014e-01 -1.123936238802024021e-02 2.323998782667702490e-01 7.273340000000000360e-02 7.003008931891339939e-03 9.997940871051193001e-01 1.904576739175670164e-02 -3.029399999999999801e-03 -2.325660864167403419e-01 -1.689556518000533830e-02 9.724338308214340865e-01 4.653288999999999898e-01
9.690755277816517355e-01 -1.038021271455304845e-02 2.465458834349375239e-01 8.102969999999999617e-02 6.110574417146197486e-03 9.998179318853241959e-01 1.807661364431288262e-02 -2.927599999999999821e-03 -2.466886343855461960e-01 -1.601106693989727894e-02 9.689625190895881923e-01 4.981129000000000251e-01
9.649037126570152445e-01 -1.110936413212244671e-02 2.623688383350584741e-01 9.048029999999999962e-02 6.945928704140296936e-03 9.998348982538124430e-01 1.679078045313979126e-02 -2.769199999999999873e-03 -2.625120556758206436e-01 -1.437909115237999760e-02 9.648215702203627453e-01 5.311120000000000285e-01
9.592076142230171465e-01 -9.113033502327207158e-03 2.825556678549786538e-01 1.000423000000000007e-01 4.928353024756792870e-03 9.998674529919293619e-01 1.551733817042600522e-02 -2.838999999999999944e-03 -2.826596259692051305e-01 -1.349181484521082622e-02 9.591253863698591120e-01 5.640507000000000160e-01
9.418107827506315699e-01 -3.649597217176624858e-03 3.361236824961834624e-01 1.223372999999999960e-01 -1.111017168207449222e-03 9.999017992557474033e-01 1.396987780801741547e-02 -2.903900000000000058e-03 -3.361416593275738385e-01 -1.353042073519392791e-02 9.417142414656549665e-01 6.291664000000000145e-01
9.168583037249349310e-01 -2.901629045642813501e-03 3.992022437806637680e-01 1.493271999999999933e-01 -2.696436960835537841e-03 9.999057627737224507e-01 1.346086177094537803e-02 -3.559000000000000098e-03 -3.992036824959800945e-01 -1.341812657496346123e-02 9.167640774816969707e-01 6.935900000000000398e-01
9.027714190597690980e-01 -3.186388346355276992e-03 4.301088372239252888e-01 1.647797000000000012e-01 -2.108017492057486127e-03 9.999277727785615966e-01 1.183239148940475223e-02 -3.604299999999999952e-03 -4.301154742520478247e-01 -1.158862180811720370e-02 9.026994974262056992e-01 7.253743000000000274e-01
8.882097104672495025e-01 -1.922377241108076066e-03 4.594342332667730733e-01 1.809599000000000069e-01 -2.939486814522670934e-03 9.999470012097897431e-01 9.866822630209288320e-03 -3.865500000000000012e-03 -4.594288515634951664e-01 -1.011430854243790950e-02 8.881569856245890016e-01 7.564364999999999561e-01
8.726277714830756871e-01 1.480072453232032879e-04 4.883858623366736373e-01 1.981681000000000137e-01 -4.006976945294156954e-03 9.999684660677105041e-01 6.856457244814677908e-03 -4.340499999999999740e-03 -4.883694468046100856e-01 -7.940085896602278037e-03 8.726008471596354843e-01 7.873795999999999573e-01
8.563501592794747763e-01 -9.945628009316500456e-04 5.163946316015041171e-01 2.165891000000000066e-01 -4.858784194782412311e-04 9.999961508304429092e-01 2.731711269396041447e-03 -4.852200000000000089e-03 -5.163953607694201642e-01 -2.590206388082424115e-03 8.563463798059097742e-01 8.175185000000000368e-01
8.395769211267334331e-01 -4.019406774977745712e-03 5.432259547191500282e-01 2.359775000000000067e-01 6.158842921889042844e-03 9.999787874410941413e-01 -2.119745669338172264e-03 -5.536899999999999981e-03 -5.432059113864817768e-01 5.125332868843123987e-03 8.395838664468042722e-01 8.463969999999999549e-01
8.225255696685667139e-01 -6.989199101651154267e-03 5.686851838559866534e-01 2.567633999999999750e-01 1.330377559074805496e-02 9.998873236849261659e-01 -6.953379698165538386e-03 -6.287100000000000327e-03 -5.685725079498927803e-01 1.328499266515880198e-02 8.225258732547298113e-01 8.754401000000000543e-01
7.883164582706494450e-01 -1.492329724153480461e-02 6.150889828464334297e-01 3.005945999999999896e-01 2.970010045571958371e-02 9.994633734023377070e-01 -1.381554414923863092e-02 -8.442599999999999758e-03 -6.145527362664162663e-01 2.915922541255504610e-02 7.883366501189705833e-01 9.309094999999999454e-01
7.714632090013993082e-01 -1.454086994859583870e-02 6.361077583699173976e-01 3.237091999999999747e-01 3.706013838349818401e-02 9.990684525347415246e-01 -2.210821776699451943e-02 -9.934800000000000575e-03 -6.351937210806316569e-01 4.062991817583330723e-02 7.712834410570252874e-01 9.576934999999999754e-01
7.544054670304486399e-01 -8.630013582724457843e-03 6.563519743096173364e-01 3.473222000000000254e-01 4.246836785702777506e-02 9.984603390682657009e-01 -3.568457705009137754e-02 -1.169599999999999980e-02 -6.550334564326700804e-01 5.479483710392548529e-02 7.536104409976174257e-01 9.837477999999999501e-01
7.370086527226549222e-01 3.773812854109312442e-03 6.758727721609142369e-01 3.712365000000000248e-01 4.313219120240444071e-02 9.976835135219973560e-01 -5.260438126697829231e-02 -1.348910000000000040e-02 -6.745056411135611496e-01 6.792175780222822756e-02 7.351386093268663657e-01 1.009437799999999941e+00
6.818031360220686565e-01 2.060732904615463976e-02 7.312453908914954281e-01 4.468901000000000123e-01 5.409410956008101068e-02 9.954462513120160283e-01 -7.848941367953034265e-02 -2.231529999999999972e-02 -7.295329403264628754e-01 9.307039668142606803e-02 6.775836407707814812e-01 1.082003599999999954e+00
6.633301765796291161e-01 1.843110892122282879e-02 7.480998403039346156e-01 4.727480000000000016e-01 5.773502467809284860e-02 9.954563907988397409e-01 -7.571816785400729832e-02 -2.525820000000000148e-02 -7.460963367851757289e-01 9.341770839450962149e-02 6.592521429575031178e-01 1.104942799999999892e+00
6.464031338970327445e-01 1.172732421316503501e-02 7.629059302134791887e-01 5.001767999999999770e-01 6.248670595330951816e-02 9.957094450325382207e-01 -6.825036741365846094e-02 -2.870699999999999988e-02 -7.604330345712232431e-01 9.178872991709850770e-02 6.428969038601808350e-01 1.127308100000000035e+00
6.308856326116573099e-01 3.828142827752165078e-03 7.758663956421102403e-01 5.275041000000000313e-01 7.048847836251258270e-02 9.955696521131703891e-01 -6.222894993006340691e-02 -3.159139999999999865e-02 -7.726672589040685102e-01 9.394899208480671227e-02 6.278207498195025327e-01 1.148709100000000038e+00
6.082378678316092691e-01 3.460328947048341153e-03 7.937472659853613832e-01 5.814089000000000063e-01 7.609330477339157350e-02 9.951306926364444916e-01 -6.264753420186487676e-02 -3.706000000000000266e-02 -7.900990476543566787e-01 9.850345525152053028e-02 6.050128628377996476e-01 1.189952399999999910e+00
5.892193844090153343e-01 1.199468285485705277e-02 8.078840539457827763e-01 6.339249000000000134e-01 7.115058854456557391e-02 9.952350657247788224e-01 -6.666901605361333361e-02 -4.267529999999999935e-02 -8.048342132305403851e-01 9.676410251227682280e-02 5.855583640240917820e-01 1.229351000000000083e+00
5.705406543306246192e-01 1.051309412214826433e-02 8.212020680733590483e-01 6.899258999999999808e-01 7.391318082991407690e-02 9.952029718259489677e-01 -6.409279654067195908e-02 -4.871240000000000292e-02 -8.179365522188059012e-01 9.726520303160016145e-02 5.670266985104268631e-01 1.267894099999999913e+00
5.599103220328927044e-01 1.220796173505075272e-02 8.284632743527610144e-01 7.465095999999999954e-01 7.848591888688652429e-02 9.946138035871074923e-01 -6.770038589600388401e-02 -5.410759999999999875e-02 -8.248274921566954854e-01 1.029288462203978571e-01 5.559363819703062592e-01 1.305798400000000026e+00
5.634866177359931783e-01 1.355113268419497197e-02 8.260140425170906520e-01 8.057860999999999496e-01 7.909639032383021517e-02 9.943871218953689306e-01 -7.027099576912937406e-02 -5.925190000000000318e-02 -8.223299779712466284e-01 1.049314948507836798e-01 5.592519903569310724e-01 1.345509499999999914e+00
5.888404211042980174e-01 1.608618155819384332e-02 8.080892235617238573e-01 9.271076000000000317e-01 7.065667634879209402e-02 9.949497765460437737e-01 -7.129218918170174280e-02 -7.160719999999999585e-02 -8.051550115108612182e-01 9.907662142934794969e-02 5.847300492749545331e-01 1.432751399999999897e+00
5.931077050046416055e-01 1.839939527191898974e-02 8.049128602014971046e-01 9.587225999999999804e-01 6.626485339893098403e-02 9.952314278078866483e-01 -7.157775008683535389e-02 -7.460619999999999752e-02 -8.023915624357881304e-01 9.579074776356512333e-02 5.890601948653055864e-01 1.456280500000000089e+00
5.937492304248721542e-01 2.154414329743100168e-02 8.043616731666494157e-01 1.022655499999999940e+00 5.845139295159305914e-02 9.958457085006354736e-01 -6.981947810522318165e-02 -8.115400000000000391e-02 -8.025243211466492887e-01 8.847132162710716341e-02 5.900233378584804900e-01 1.504645500000000080e+00
5.926666710004172556e-01 2.042374391616449611e-02 8.051888522388583880e-01 1.089365799999999940e+00 5.806610048064869689e-02 9.959938925331590642e-01 -6.800363234134750023e-02 -8.787010000000000653e-02 -8.033520679379959617e-01 8.705766319568249145e-02 5.891064574579477631e-01 1.553481200000000007e+00
5.921368995837663629e-01 2.081106933290237729e-02 8.055686138030363486e-01 1.228855000000000031e+00 5.492739881487208875e-02 9.962991752781100718e-01 -6.611304107049961742e-02 -1.012886000000000064e-01 -8.039632286434227337e-01 8.339575968464291167e-02 5.888024068020312196e-01 1.656385699999999961e+00
5.928774891959425197e-01 2.099069891185076017e-02 8.050190515533822699e-01 1.299120400000000064e+00 5.337609911524365813e-02 9.964376195338361386e-01 -6.529213138642102343e-02 -1.085823000000000066e-01 -8.035217948804841415e-01 8.167901160600567201e-02 5.896450323839852459e-01 1.708258400000000066e+00
5.958769756648830684e-01 1.806094574764748745e-02 8.028726126299071675e-01 1.368178499999999964e+00 5.279259752371515818e-02 9.967035773422688871e-01 -6.160292655241993154e-02 -1.154304000000000024e-01 -8.013386122727216287e-01 7.909349626754626217e-02 5.929592290613279193e-01 1.759817100000000023e+00
6.032589065613105372e-01 1.686669272688394797e-02 7.973670461781757757e-01 1.505323100000000025e+00 5.277805116976977406e-02 9.967405731281094861e-01 -6.101399179671018053e-02 -1.287630999999999915e-01 -7.957971908527784466e-01 7.889071274050409033e-02 6.004024370987529613e-01 1.862718300000000049e+00
5.998605241731239657e-01 2.143008255450150681e-02 7.998175436313283981e-01 1.572950599999999977e+00 5.140605435544620683e-02 9.965435968738441952e-01 -6.525547567327961984e-02 -1.357897999999999883e-01 -7.984514820039785299e-01 8.025964796489158670e-02 5.966855283934762166e-01 1.913608200000000092e+00
5.956703156447182845e-01 2.381939160672663300e-02 8.028757759723523790e-01 1.607057799999999981e+00 5.013276125376549264e-02 9.965089063462215790e-01 -6.675856365838224449e-02 -1.390168999999999988e-01 -8.016630098169645890e-01 8.001647427963022585e-02 5.923966429133968870e-01 1.939166200000000062e+00
5.908582162644864244e-01 2.113953582847992105e-02 8.064984118383035083e-01 1.641599199999999925e+00 5.180517643308543696e-02 9.965994653653971191e-01 -6.407596529231165960e-02 -1.426165000000000072e-01 -8.051104222201362903e-01 7.964060307632692126e-02 5.877538450526313962e-01 1.964034800000000081e+00
5.806517082452978817e-01 1.884698014032043512e-02 8.139338947675099911e-01 1.710152700000000081e+00 5.083276235115126440e-02 9.969422379998986727e-01 -5.934816225886722918e-02 -1.493460000000000065e-01 -8.125636122689526841e-01 7.583512003909416432e-02 5.779181694540217462e-01 2.013431999999999888e+00
5.665356035306808868e-01 2.367655430432974786e-02 8.236970503215373940e-01 1.811866299999999930e+00 5.302079271113342707e-02 9.964684907498065902e-01 -6.511023332077373049e-02 -1.590112999999999943e-01 -8.223297425439567432e-01 8.056033589227826197e-02 5.632795281283646815e-01 2.084338400000000036e+00
5.631805571149064438e-01 2.502127451068059810e-02 8.259549599763928995e-01 1.845922800000000086e+00 5.185289660970008457e-02 9.965015196847542001e-01 -6.554386606814791016e-02 -1.627402000000000015e-01 -8.247053638730181824e-01 7.974118815164921159e-02 5.599128554616654707e-01 2.107161300000000015e+00
5.598446598284240183e-01 2.365020396575983480e-02 8.282599982577779629e-01 1.879948299999999906e+00 5.280839272134579127e-02 9.965420437219197902e-01 -6.415004873519167261e-02 -1.660051999999999917e-01 -8.269130731339203733e-01 7.965314147550811574e-02 5.566598122132568882e-01 2.130192800000000108e+00
5.576244676738795203e-01 1.631807178488140636e-02 8.299329331847521418e-01 1.914220999999999950e+00 5.358768370068135029e-02 9.970135803348892933e-01 -5.560827980976300322e-02 -1.690100999999999964e-01 -8.283618250541356920e-01 7.548272094346243632e-02 5.550847193284582648e-01 2.152972500000000178e+00
5.556641357484564114e-01 7.799137869593276984e-03 8.313702795333810514e-01 1.948434199999999894e+00 5.328959311956537465e-02 9.975657504253957475e-01 -4.497546935128415163e-02 -1.721966000000000052e-01 -8.296972866703085092e-01 6.929463923499569467e-02 5.538958976786337862e-01 2.175625600000000048e+00
5.538311890143987615e-01 5.110945048159190596e-03 8.326132909794390358e-01 1.982141600000000059e+00 5.468499845867830222e-02 9.975988255544772088e-01 -4.249863757701083378e-02 -1.749845999999999901e-01 -8.308312494234142420e-01 6.906852751465360207e-02 5.522218516941228561e-01 2.198215699999999995e+00
5.523149927034104456e-01 1.049362935146058023e-02 8.335694527620753913e-01 2.015172000000000185e+00 5.385008724784662998e-02 9.973832858035307503e-01 -4.823638982295237049e-02 -1.773792999999999898e-01 -8.318944145373443622e-01 7.152946905148033219e-02 5.503046593649578710e-01 2.220519299999999863e+00
5.511824845004471563e-01 1.489010579597294451e-02 8.342518525776847493e-01 2.048749200000000048e+00 5.582622843991778827e-02 9.969422129002023514e-01 -5.467775009838672651e-02 -1.801058000000000103e-01 -8.325150455085412737e-01 7.671055264454980371e-02 5.486658273620468318e-01 2.242451700000000159e+00
5.507334153241009167e-01 1.284110268978628372e-02 8.345824173364554399e-01 2.082093700000000158e+00 6.119194714569713839e-02 9.965698930197927075e-01 -5.571349864294231069e-02 -1.828183999999999920e-01 -8.324351331184726144e-01 8.175300855766282071e-02 5.480585687148784579e-01 2.264164000000000065e+00
5.507468153588006565e-01 1.016046316220550749e-02 8.346105141684166950e-01 2.115774399999999833e+00 6.477881762779549857e-02 9.963896196035819663e-01 -5.487650438005498704e-02 -1.858921000000000046e-01 -8.321548234306427316e-01 8.428814231289503967e-02 5.481002270630410678e-01 2.285941400000000012e+00
5.512894925811208102e-01 8.033073619407315319e-03 8.342753532844390252e-01 2.149008999999999947e+00 6.347959783912580922e-02 9.966511760705580869e-01 -5.154390260114501132e-02 -1.887712000000000001e-01 -8.318955679818430538e-01 8.137507582422674746e-02 5.489333848535433713e-01 2.307884000000000047e+00
5.519933955255122981e-01 5.060727606461298822e-03 8.338331249910311271e-01 2.182430699999999835e+00 6.197723528277952754e-02 9.969665732401574720e-01 -4.707944507405231738e-02 -1.911590999999999985e-01 -8.315420095238232889e-01 7.766621452002743509e-02 5.500053140827012577e-01 2.329981099999999916e+00
5.527204316389006111e-01 2.079540579077471252e-03 8.333641460729441786e-01 2.215417899999999829e+00 5.841737238357153778e-02 9.974403200307669914e-01 -4.123370685155716697e-02 -1.937431000000000014e-01 -8.313167477277878525e-01 7.147365590132485902e-02 5.511841629250540109e-01 2.352135899999999946e+00
5.532797220488729906e-01 6.387093467942313307e-03 8.329710404369130572e-01 2.248093599999999803e+00 4.938910924919095308e-02 9.979598659170795250e-01 -4.045765571972931296e-02 -1.959898999999999947e-01 -8.315300746558076384e-01 6.352409822891179336e-02 5.518355043734595178e-01 2.374530099999999866e+00
5.547236479044105328e-01 9.087420058810993101e-03 8.319850318679405943e-01 2.280562199999999873e+00 4.240852107358440704e-02 9.983318265183037665e-01 -3.918011614299782980e-02 -1.982039999999999913e-01 -8.309531826739547933e-01 5.701739170904059767e-02 5.534128885802380715e-01 2.396968799999999788e+00
5.568620399697957746e-01 5.647240680439532395e-03 8.305858035828538322e-01 2.313131600000000176e+00 4.614287925603806351e-02 9.982223143959010336e-01 -3.772327843724197771e-02 -2.007069999999999965e-01 -8.293223155894459131e-01 5.933228223141413793e-02 5.556115343930249084e-01 2.418646799999999875e+00
5.597754009544384513e-01 4.621336998984804795e-03 8.286314884981376139e-01 2.345806399999999847e+00 4.991740062624314134e-02 9.979803485543019548e-01 -3.928711002546639991e-02 -2.030432000000000070e-01 -8.271395006895854163e-01 6.335508774972831159e-02 5.584141646262275049e-01 2.440546499999999952e+00
5.649670610586220443e-01 4.827072088878260614e-03 8.250993390458096766e-01 2.378038200000000213e+00 5.245283386510601886e-02 9.977501646151134551e-01 -4.175295474614327401e-02 -2.053597000000000061e-01 -8.234445458792611916e-01 6.686784268662085418e-02 5.634427845630242127e-01 2.462528700000000015e+00
5.725784647200282684e-01 1.326454076603741927e-03 8.198488533006788037e-01 2.410160799999999881e+00 5.727272376179252944e-02 9.974909549135844156e-01 -4.161285833118050920e-02 -2.076578000000000035e-01 -8.178470131092737683e-01 7.078160343739152427e-02 5.710658698986230686e-01 2.484648200000000084e+00
5.801013131940417900e-01 -3.417442510768673586e-03 8.145371615323846459e-01 2.442086699999999944e+00 6.423172875947803784e-02 9.970691634971492467e-01 -4.156161959866461197e-02 -2.101225999999999927e-01 -8.120078518408040402e-01 7.642908013171982595e-02 5.786206393303837681e-01 2.506997099999999978e+00
5.894176742404455549e-01 -2.004685415208744964e-03 8.078259630201112262e-01 2.473277599999999854e+00 6.147972742235716104e-02 9.972080615160211492e-01 -4.238307638116871334e-02 -2.123951000000000033e-01 -8.054855978905250957e-01 7.464625431892324414e-02 5.878953038654909369e-01 2.529990199999999856e+00
5.995250665866727058e-01 -1.992095340227286598e-03 8.003535007047829497e-01 2.504367799999999811e+00 5.900685523799313603e-02 9.973854790543713600e-01 -4.171806810489518680e-02 -2.145785000000000053e-01 -7.981778533442079882e-01 7.223737071376280794e-02 5.980751430240135447e-01 2.553538599999999992e+00
6.101011317379934074e-01 -5.695091363383961158e-03 7.923030827823293043e-01 2.535123800000000038e+00 5.903208978273671859e-02 9.975216042114332105e-01 -3.828657084842737590e-02 -2.169973000000000041e-01 -7.901213966397205857e-01 7.012998692293793968e-02 6.089252528071782411e-01 2.577279299999999829e+00
6.202552503891919367e-01 -6.204671805184139993e-03 7.843755009001943668e-01 2.565488100000000049e+00 5.826889864500013616e-02 9.975703390341865706e-01 -3.818578439572498096e-02 -2.193342000000000069e-01 -7.822328041033178581e-01 6.938962982325272422e-02 6.191097798110223316e-01 2.601265900000000020e+00
6.305092126098159611e-01 -7.023992650435340740e-03 7.761499831484870437e-01 2.595059399999999794e+00 5.802181040894835440e-02 9.975877786989704177e-01 -3.810634208792872818e-02 -2.212673000000000001e-01 -7.740100789595818487e-01 6.906002691645020397e-02 6.293958296265405039e-01 2.625584100000000198e+00
6.410159324775808187e-01 -8.059010059242754931e-03 7.674852615306450021e-01 2.624384599999999956e+00 5.918094844596769044e-02 9.974869147511128409e-01 -3.895472039871038239e-02 -2.236061000000000021e-01 -7.652425691576058009e-01 7.039110211646790183e-02 6.398819446522114873e-01 2.649996499999999866e+00
6.510767663271117556e-01 -5.148786183567479607e-03 7.589944231348920711e-01 2.653027999999999942e+00 5.903862100214915531e-02 9.972908721926778686e-01 -4.387889551176406278e-02 -2.262907999999999864e-01 -7.567122871866137634e-01 7.337851349001027479e-02 6.496168933908663679e-01 2.674944200000000105e+00
6.609815126068246949e-01 7.228526206558630318e-05 7.504021820109766372e-01 2.681804399999999866e+00 6.092126954072649148e-02 9.966938902846542714e-01 -5.375767839841621293e-02 -2.284768000000000077e-01 -7.479251559544847217e-01 8.124828517625637403e-02 6.587918314963973065e-01 2.699930000000000163e+00
6.715862873340662231e-01 4.323761269964469800e-03 7.409137357029665916e-01 2.709691299999999803e+00 5.979684664461216298e-02 9.964047227784934568e-01 -6.001637739879314704e-02 -2.308584999999999943e-01 -7.385094419140528776e-01 8.461048110721264282e-02 6.689132011633498465e-01 2.725184200000000168e+00
6.807212518889281805e-01 2.027505985513159553e-03 7.325397371107242872e-01 2.737521599999999999e+00 5.857970417981323008e-02 9.966429763139743603e-01 -5.719437054665743592e-02 -2.338647000000000087e-01 -7.301965457909096457e-01 8.184538461942428289e-02 6.783172838219020395e-01 2.751283899999999782e+00
6.901446171254098649e-01 7.808366600651137079e-04 7.236710563142150221e-01 2.764953400000000006e+00 5.631999743172770578e-02 9.969084728041017751e-01 -5.478644668787754218e-02 -2.365736999999999979e-01 -7.214765868287837947e-01 7.856772330609919364e-02 6.879670395537744731e-01 2.777502500000000207e+00
6.978295399504421681e-01 3.524532848490889020e-03 7.162551995209207600e-01 2.791534400000000193e+00 5.336823861943958136e-02 9.969524027542725486e-01 -5.690112256486017789e-02 -2.395743999999999929e-01 -7.142728920232186418e-01 7.793256258254691038e-02 6.955147384564217550e-01 2.803697099999999942e+00
7.031616187667218965e-01 1.142946796897640130e-02 7.109381865924134791e-01 2.817744300000000202e+00 4.858045114468327597e-02 9.967620145727166259e-01 -6.407359886504440660e-02 -2.425672000000000106e-01 -7.093685062504130334e-01 7.959179333879667917e-02 7.003295429818536810e-01 2.830261199999999810e+00
7.069680842972441148e-01 2.029321806935590125e-02 7.069542510555221204e-01 2.843534000000000006e+00 4.288887537669761052e-02 9.965184503372983560e-01 -7.149491245026688702e-02 -2.456083000000000016e-01 -7.059438165704171597e-01 8.086509406251125853e-02 7.036363865010495378e-01 2.856597400000000064e+00
7.095061213684618062e-01 2.422049282393536410e-02 7.042829200456640626e-01 2.869587199999999783e+00 4.027270389821328844e-02 9.963822033353036955e-01 -7.483725140204179616e-02 -2.488748000000000071e-01 -7.035475627570665358e-01 8.146086547570720315e-02 7.059638477532261813e-01 2.883417600000000025e+00
7.122857153759599713e-01 2.541637599379242482e-02 7.014293032820195783e-01 2.895479400000000147e+00 3.847702965800188502e-02 9.964274944611790641e-01 -7.517823136064225031e-02 -2.522852999999999901e-01 -7.008342014057635794e-01 8.053729641078835599e-02 7.087631240596441451e-01 2.909994399999999981e+00
7.161607600051819178e-01 2.526778547959492374e-02 6.974778167409751983e-01 2.921416999999999931e+00 3.820702020570898583e-02 9.964265460237853311e-01 -7.532836110064919377e-02 -2.558330999999999800e-01 -6.968887927322413578e-01 8.059576537304194432e-02 7.126361856993600474e-01 2.936670100000000172e+00
7.203834070588205352e-01 2.452122490633682622e-02 6.931424502679218724e-01 2.947388899999999978e+00 3.544136932959691261e-02 9.967677579229017315e-01 -7.209678290599758066e-02 -2.590593999999999952e-01 -6.926699475034042708e-01 7.650324368576985612e-02 7.171858877105620200e-01 2.964103499999999780e+00
7.241893504013107163e-01 2.187509497887334467e-02 6.892541367195361701e-01 2.972589000000000148e+00 3.481584785547828936e-02 9.970623142301363595e-01 -6.822461637963841974e-02 -2.625444000000000111e-01 -6.887217446134774601e-01 7.340450777513538028e-02 7.213003096733414665e-01 2.991031200000000112e+00
7.284050526996151964e-01 2.162136251345025614e-02 6.848055168328689435e-01 2.997962499999999864e+00 3.247834704582299586e-02 9.972886886919309912e-01 -6.603353981348990265e-02 -2.657549000000000161e-01 -6.843765309936057362e-01 7.034051528237934836e-02 7.257278937280607911e-01 3.018384199999999851e+00
7.326255157043115585e-01 2.842506766637726418e-02 6.800381380975285550e-01 3.023006699999999825e+00 2.364669882419242336e-02 9.974613967015470983e-01 -6.716841314871713209e-02 -2.688845999999999736e-01 -6.802210577258759328e-01 6.528995036267598584e-02 7.300935111394497579e-01 3.045901999999999887e+00
7.365677987023766526e-01 3.528659551648129222e-02 6.754426208728550041e-01 3.046948700000000176e+00 1.628910841983990249e-02 9.974230498417754331e-01 -6.987077064994902387e-02 -2.719530000000000003e-01 -6.761675405264746530e-01 6.246691781405033089e-02 7.340949130168324954e-01 3.073401699999999792e+00
7.414280911579085309e-01 3.641927007313741638e-02 6.700432989063318523e-01 3.071349899999999966e+00 1.761796768191549109e-02 9.971253940168810503e-01 -7.369230503545606825e-02 -2.752372000000000152e-01 -6.708010083897453235e-01 6.644234624108030784e-02 7.386551440078660269e-01 3.100600000000000023e+00
7.466580553977862911e-01 3.665326246372281604e-02 6.641974756503983279e-01 3.095901500000000084e+00 1.921218720618794729e-02 9.968760750821726857e-01 -7.660928658796345436e-02 -2.784807999999999728e-01 -6.649305528943232346e-01 6.996162719325341173e-02 7.436213623532621497e-01 3.127862499999999990e+00
7.510308132152345717e-01 3.659643920365212438e-02 6.592521658962349207e-01 3.119633400000000112e+00 1.742674617197235987e-02 9.970162393473451790e-01 -7.519924863677115989e-02 -2.816251000000000171e-01 -6.600371399543520923e-01 6.796557301524555617e-02 7.481521601690315215e-01 3.155361200000000199e+00
7.557228583106284647e-01 3.391406455600307068e-02 6.540128421155849692e-01 3.143381100000000039e+00 1.631962063731562385e-02 9.973728477267365111e-01 -7.057671428817119397e-02 -2.849720000000000031e-01 -6.546881940351970686e-01 6.400967772728824445e-02 7.531839946176371869e-01 3.183191799999999905e+00
7.605027883379318343e-01 3.285365622609302816e-02 6.485030040044600375e-01 3.167070900000000133e+00 1.482052838093405288e-02 9.975808011031273015e-01 -6.791831276579794741e-02 -2.883225999999999845e-01 -6.491655111516175802e-01 6.126322341356617296e-02 7.581760722867998403e-01 3.211232700000000051e+00
7.649634516832887199e-01 3.610648715481283577e-02 6.430608362932141997e-01 3.190313300000000130e+00 1.315822346172248157e-02 9.973429500627768451e-01 -7.165124643304339458e-02 -2.914554999999999785e-01 -6.439392663474716727e-01 6.327212297225905113e-02 7.624558083656149954e-01 3.239254700000000042e+00
7.691536086102453984e-01 3.739186063240385050e-02 6.379691020106572630e-01 3.213395799999999802e+00 1.321052455432347728e-02 9.971431886103867548e-01 -7.437031295423135457e-02 -2.946855999999999920e-01 -6.389273889909847792e-01 6.563010106923181097e-02 7.664623157277893339e-01 3.267424600000000012e+00
7.780627920934851671e-01 3.972082599170378980e-02 6.269294597817421932e-01 3.257949400000000217e+00 9.658901909054804641e-03 9.971244872549580585e-01 -7.516290661255928263e-02 -3.012285000000000101e-01 -6.281122488644855784e-01 6.453691113675830149e-02 7.754418030563767772e-01 3.323013099999999831e+00
7.836070585686671919e-01 3.511272468068884350e-02 6.202637135338964214e-01 3.280710899999999874e+00 1.376610142248938136e-02 9.971750277820563557e-01 -7.384076394161255552e-02 -3.045892000000000044e-01 -6.211042361898582165e-01 6.640075702394783452e-02 7.809100250692517786e-01 3.350979999999999848e+00
7.885725540944866774e-01 3.235673246611334847e-02 6.140898702901833595e-01 3.303130900000000203e+00 1.682429235357263755e-02 9.971057159416598648e-01 -7.414266263947791313e-02 -3.079713000000000034e-01 -6.147115340675652906e-01 6.879849635410850706e-02 7.857458219957101919e-01 3.379196900000000170e+00
7.970450467985505938e-01 3.627115412408601913e-02 6.028296581559363654e-01 3.346392400000000045e+00 1.131630938797851919e-02 9.971225434391088882e-01 -7.495715114222240016e-02 -3.144429999999999725e-01 -6.038138243827578799e-01 6.656603295998059222e-02 7.943411286973871555e-01 3.436238299999999857e+00
8.032009070227804637e-01 3.655313987932529152e-02 5.945857136887372496e-01 3.389446700000000146e+00 8.837239177783078395e-03 9.972746789242501464e-01 -7.324696567263802582e-02 -3.211544000000000065e-01 -5.956426832938496174e-01 6.408652542848955469e-02 8.006888978229973475e-01 3.494764800000000005e+00
8.060815926382639551e-01 3.525646556667609566e-02 5.907532883069764873e-01 3.410760400000000025e+00 9.924018230420427258e-03 9.972782158144999354e-01 -7.305938765148445313e-02 -3.244669000000000025e-01 -5.917212011343874201e-01 6.475447395812414242e-02 8.035377267001744261e-01 3.523786299999999816e+00
8.090378473823767180e-01 3.476480516470308035e-02 5.867275090063106546e-01 3.431851099999999821e+00 1.079667279523363957e-02 9.972017420622610873e-01 -7.397376213593873095e-02 -3.278395000000000059e-01 -5.876573775248998821e-01 6.618227821593947180e-02 8.063986065778543377e-01 3.552719399999999972e+00
8.129081110820961520e-01 2.841465102598472042e-02 5.816983845121197483e-01 3.453356700000000057e+00 1.672658014486921169e-02 9.972579574092910182e-01 -7.208875016606923480e-02 -3.309450999999999921e-01 -5.821517194457090927e-01 6.833135437645142252e-02 8.102038024815017003e-01 3.581815000000000193e+00
8.161859584023343217e-01 2.052920985918317565e-02 5.774244823779300928e-01 3.474477300000000213e+00 2.380109838839321312e-02 9.973257251555203151e-01 -6.910069217107331352e-02 -3.341987000000000152e-01 -5.772988732211149498e-01 7.014235158285628269e-02 8.135146350816671035e-01 3.610994600000000165e+00
8.189573946003825267e-01 1.833924757429022598e-02 5.735612066970379175e-01 3.495041800000000087e+00 2.531655517560287352e-02 9.973614606901245461e-01 -6.803814198008244218e-02 -3.373300000000000187e-01 -5.732956112368157164e-01 7.024093342539015905e-02 8.163322567485226111e-01 3.640210900000000027e+00
8.214456549811535169e-01 2.105274504753285036e-02 5.698980767106933687e-01 3.515385900000000063e+00 2.302403766767471827e-02 9.972793295846349437e-01 -7.002736945436824345e-02 -3.404312999999999922e-01 -5.698218402290853302e-01 7.064503315297313013e-02 8.187260528948336891e-01 3.669600500000000043e+00
8.235351825979502216e-01 2.341870069937050658e-02 5.667815871046923970e-01 3.535467899999999997e+00 2.152840696139023124e-02 9.971373976132247297e-01 -7.248129396493002696e-02 -3.433693999999999913e-01 -5.668565345103340203e-01 7.189280032575681711e-02 8.206735614994888905e-01 3.699061200000000049e+00
8.246327152489855150e-01 2.488731049066921636e-02 5.651207894933849563e-01 3.555609500000000089e+00 1.936311814940944870e-02 9.972043179528577994e-01 -7.217075523858541841e-02 -3.467475999999999892e-01 -5.653370274417002239e-01 7.045686646961259181e-02 8.218454084380258928e-01 3.728492300000000093e+00
8.251440142886387052e-01 2.501858484152258422e-02 5.643681653815691979e-01 3.575670500000000196e+00 1.848583552944776248e-02 9.972880644728120414e-01 -7.123756273799908278e-02 -3.498136000000000023e-01 -5.646198983107210134e-01 6.921406556907117036e-02 8.224437874766830081e-01 3.758183700000000016e+00
8.259034844406110132e-01 2.071727159943843183e-02 5.634307668616725939e-01 3.596035699999999835e+00 2.037581708763154531e-02 9.975751191530208839e-01 -6.654853660936164983e-02 -3.528742999999999741e-01 -5.634432184939922594e-01 6.644303051721277276e-02 8.234786355630727694e-01 3.787728500000000054e+00
8.266497085535947642e-01 1.866872696179934163e-02 5.624070927556680255e-01 3.616200899999999940e+00 1.922690981710926603e-02 9.979288912205732665e-01 -6.138610597001530056e-02 -3.559957999999999734e-01 -5.623882869398521001e-01 6.155815706226906714e-02 8.245786851550042096e-01 3.817370899999999789e+00
8.277673775669552869e-01 1.865441889683273902e-02 5.607612515960310740e-01 3.655503299999999900e+00 2.112118910912603315e-02 9.977026989159847314e-01 -6.436784870085671129e-02 -3.618549999999999822e-01 -5.606737589780194098e-01 6.512554975876469476e-02 8.254717431639173597e-01 3.875929800000000203e+00
8.276895026136552591e-01 2.176749138773122205e-02 5.607639998982146823e-01 3.674815399999999954e+00 2.005102901417282757e-02 9.974623268426924261e-01 -6.831444038440542821e-02 -3.645588000000000162e-01 -5.608279981408138548e-01 6.778704041516145362e-02 8.251526365789062512e-01 3.904916000000000054e+00
8.275881523654318173e-01 2.457172140126679533e-02 5.607977180514818194e-01 3.694306599999999996e+00 1.630615460798648386e-02 9.975675320551339320e-01 -6.777262213703866278e-02 -3.674955999999999778e-01 -5.610988855685521415e-01 6.523227342970586151e-02 8.251744004250984865e-01 3.934062700000000135e+00
8.279182742711443943e-01 2.525965144646180605e-02 5.602796454777680957e-01 3.713675700000000024e+00 1.489548048036723471e-02 9.976425479374649852e-01 -6.698859011878001424e-02 -3.707551000000000041e-01 -5.606509215092303489e-01 6.380671244975853751e-02 8.255902419827917393e-01 3.963032000000000110e+00
8.281815831658034810e-01 2.163968122843620834e-02 5.600419533403858674e-01 3.732997199999999793e+00 1.913526050585834942e-02 9.975800114008557262e-01 -6.684282054822017483e-02 -3.737888999999999795e-01 -5.601331155273326923e-01 6.607454161627072942e-02 8.257633122389511637e-01 3.991769300000000076e+00
8.285686060629620098e-01 2.513946501577257048e-02 5.593228694998986228e-01 3.752123600000000003e+00 1.684564051673703017e-02 9.974198075451793377e-01 -6.978504074741442853e-02 -3.765871000000000079e-01 -5.596340674427002781e-01 6.724384592851728737e-02 8.260072492068583072e-01 4.020349000000000395e+00
8.281345876259043060e-01 3.429884496538533611e-02 5.594789486760999297e-01 3.770815400000000039e+00 7.544147066033981414e-03 9.973537087828211467e-01 -7.230951128446183596e-02 -3.796961999999999837e-01 -5.604785371650903292e-01 6.410279877815105998e-02 8.256843468094138272e-01 4.049187200000000431e+00
8.282051954890976564e-01 4.049282523788905880e-02 5.589601821857433928e-01 3.789479000000000042e+00 1.938191704168493179e-03 9.971733589205726833e-01 -7.511015691623015855e-02 -3.826952000000000131e-01 -5.604216248306123083e-01 6.328999418009612077e-02 8.257856738033786392e-01 4.077805500000000194e+00
8.288505160565177166e-01 3.852444409444387430e-02 5.581421765464945617e-01 3.827296500000000101e+00 6.851806594055872418e-03 9.968526181745320791e-01 -7.898044305382335983e-02 -3.891777000000000153e-01 -5.594281676669864423e-01 6.928726322921587022e-02 8.259778449661731026e-01 4.133977899999999650e+00
8.298881300286241602e-01 3.953961829959494467e-02 5.565270076306411129e-01 3.846030999999999977e+00 6.151968355359398871e-03 9.967765354982579540e-01 -7.999182186601794253e-02 -3.924781999999999993e-01 -5.578959086809546219e-01 6.980800000581902087e-02 8.269697686204977582e-01 4.161932000000000187e+00
8.314055197878520431e-01 2.990225135084309191e-02 5.548609889246519655e-01 3.865424400000000205e+00 1.599816171407606943e-02 9.968489395145981868e-01 -7.769331123327984090e-02 -3.957043000000000088e-01 -5.554357933083372556e-01 7.347140363959313303e-02 8.283073296543776998e-01 4.189981000000000400e+00
8.334984902556863418e-01 2.241705018694861717e-02 5.520667917946225911e-01 3.883790700000000040e+00 2.171865460606817178e-02 9.970750932165385327e-01 -7.327727157402295910e-02 -3.991529999999999800e-01 -5.520947081648163168e-01 7.306664319747162295e-02 8.305737166972355645e-01 4.217092499999999688e+00
8.344436629898971391e-01 1.708274693441817760e-02 5.508284243330019425e-01 3.902214999999999989e+00 2.445767041479499082e-02 9.973866913732184480e-01 -6.798242588688237220e-02 -4.021520000000000095e-01 -5.505502662372294687e-01 7.019948453342673977e-02 8.318451999725411383e-01 4.244976499999999930e+00
8.365372684760588040e-01 1.453759305883419416e-02 5.477171321390905678e-01 3.920515099999999808e+00 2.661162124418960107e-02 9.973901428402258684e-01 -6.711724502621939370e-02 -4.052544000000000146e-01 -5.472633918556677468e-01 7.072171769131115060e-02 8.339671567762247939e-01 4.272753200000000362e+00
8.429425345300598504e-01 1.592521761695375043e-02 5.377678596977432113e-01 3.955450499999999980e+00 2.913995150028285408e-02 9.967430955994046604e-01 -7.519351435780460835e-02 -4.112455999999999889e-01 -5.372138742685265145e-01 7.905434092299340465e-02 8.397330912109103318e-01 4.327206600000000236e+00
8.470541754829415959e-01 1.727757133380774385e-02 5.312256670434131189e-01 3.972190900000000191e+00 2.755422855739395049e-02 9.967000748349492678e-01 -7.635263788903015603e-02 -4.139052999999999760e-01 -5.307918502440677200e-01 7.931233417830829691e-02 8.437828899436558006e-01 4.354900800000000238e+00
8.522416799372718454e-01 1.347761213632124068e-02 5.229746389155018882e-01 3.989456399999999903e+00 2.859700285172288997e-02 9.969732519631172574e-01 -7.229485664959330038e-02 -4.167873999999999746e-01 -5.223660884911991431e-01 7.656819732231899545e-02 8.492767397928752127e-01 4.383136300000000318e+00
8.586377968465855881e-01 8.920232368347798604e-03 5.125051836625034163e-01 4.006390099999999954e+00 3.173815639355405394e-02 9.970048796327847240e-01 -7.052630301635559595e-02 -4.198685999999999807e-01 -5.115992799595987517e-01 7.682251911328594196e-02 8.557829615632159825e-01 4.411311600000000332e+00
8.656126983324299307e-01 6.075918783960973860e-03 5.006772809870448926e-01 4.022507700000000241e+00 3.535260143963737250e-02 9.966893433049308637e-01 -7.321575318082811090e-02 -4.226288000000000267e-01 -4.994645633647093463e-01 8.107673003591413241e-02 8.625321523222098108e-01 4.439014900000000097e+00
8.724691678629530323e-01 6.642891846833200512e-03 4.886240099672115034e-01 4.037535199999999769e+00 3.434772812760261002e-02 9.966009123776712331e-01 -7.487893575943543878e-02 -4.254395000000000260e-01 -4.874605468148151544e-01 8.211268742347091476e-02 8.692754004704704718e-01 4.466662900000000214e+00
8.791361581115794133e-01 4.687943247232305780e-03 4.765476247857318715e-01 4.052684799999999754e+00 3.543245886570261377e-02 9.965410872147103527e-01 -7.516915824760314613e-02 -4.282780999999999949e-01 -4.752516768613681553e-01 8.296917910304790755e-02 8.759291974580045714e-01 4.494667999999999886e+00
