1.000000000000000000e+00 0.000000000000000000e+00 0.000000000000000000e+00 0.000000000000000000e+00 0.000000000000000000e+00 1.000000000000000000e+00 0.000000000000000000e+00 0.000000000000000000e+00 0.000000000000000000e+00 0.000000000000000000e+00 1.000000000000000000e+00 0.000000000000000000e+00
9.988249452304776010e-01 -4.023256563440366640e-03 4.829639936846449877e-02 3.713399999999999947e-03 4.236295583673945278e-03 9.999817407247536538e-01 -4.309526287124351360e-03 -1.501999999999999917e-04 -4.827817918129502506e-02 4.509060181058262631e-03 9.988237511148913006e-01 5.834749999999999659e-02
9.979540652624050434e-01 -5.822848030730709903e-03 6.366928668557945981e-02 5.911500000000000088e-03 6.126600587937000575e-03 9.999707593688764717e-01 -4.576589611100703725e-03 -9.029999999999999941e-05 -6.364077616964912421e-02 4.957302496677036541e-03 9.979605587198729921e-01 8.940599999999999936e-02
9.971398770581143545e-01 -6.934775358340509836e-03 7.525938128405056105e-02 8.986400000000000290e-03 7.210676042788319827e-03 9.999682399234104402e-01 -3.394892558357841348e-03 -5.735000000000000080e-04 -7.523344822307896640e-02 3.927853765886420503e-03 9.971582122377868895e-01 1.207249999999999990e-01
9.941562775347360104e-01 -5.886745216267168755e-03 1.077898050329235274e-01 1.936440000000000036e-02 5.598828158556608085e-03 9.999799054043674307e-01 2.973535054982780288e-03 -1.466400000000000082e-03 -1.078051434836384131e-01 -2.352661945757068395e-03 9.941692592412224583e-01 2.226892000000000038e-01
9.916639060006864348e-01 -5.871858708991655081e-03 1.287175932449146631e-01 2.856879999999999836e-02 5.012526533374230854e-03 9.999629433276564505e-01 6.999039165650733883e-03 -2.278300000000000030e-03 -1.287539207683163212e-01 -6.295494165808786409e-03 9.916565910838259779e-01 2.957498000000000071e-01
9.902483346580419621e-01 -6.228892906496993551e-03 1.391741233136886968e-01 3.399479999999999863e-02 5.218621390173060204e-03 9.999573285744748352e-01 7.622796139597995749e-03 -2.038499999999999947e-03 -1.392156661362522752e-01 -6.822164125791268380e-03 9.902385855837371187e-01 3.337685000000000235e-01
9.886173390159451735e-01 -5.869719457060378932e-03 1.503372987336382416e-01 3.909209999999999768e-02 4.241236635753477431e-03 9.999288361818757798e-01 1.115053737533911252e-02 -2.374400000000000035e-03 -1.503920506836426141e-01 -1.038599852949627367e-02 9.885718801006398992e-01 3.731482999999999883e-01
9.823377108161728266e-01 -6.084651352408211936e-03 1.870176433558096707e-01 5.991690000000000210e-02 2.206049003682784837e-03 9.997782927097312866e-01 2.094036232275588161e-02 -1.935000000000000088e-03 -1.871035949847958957e-01 -2.015793750200105955e-02 9.821333424232326914e-01 4.895547000000000093e-01
9.795840638951059942e-01 -6.804447097685165438e-03 2.009197881305961608e-01 6.782009999999999428e-02 2.521454363602584903e-03 9.997642653754340580e-01 2.156515583553681240e-02 -2.139999999999999975e-03 -2.010191633418095536e-01 -2.061827291539041276e-02 9.793702991163992788e-01 5.286473999999999895e-01
9.765213125577617559e-01 -5.970382099976001208e-03 2.153380613315873382e-01 7.644220000000000181e-02 1.583689357483067991e-03 9.997878191336148079e-01 2.053798042820734193e-02 -1.887999999999999921e-03 -2.154149903058865112e-01 -1.971474700904678190e-02 9.763235686502114152e-01 5.681694999999999940e-01
9.728339244118360263e-01 -6.390773261172029082e-03 2.314158886735966647e-01 8.631500000000000283e-02 1.966697732584551505e-03 9.998109709041936854e-01 1.934307523746791116e-02 -1.701999999999999954e-03 -2.314957615454219242e-01 -1.836247468992091222e-02 9.726625992140168764e-01 6.079569999999999697e-01
9.678600266360115612e-01 -4.778596731388161378e-03 2.514440968752650885e-01 9.664920000000000455e-02 2.939443858685432572e-04 9.998402734293930783e-01 1.787012102182194279e-02 -1.634800000000000055e-03 -2.514893286738762446e-01 -1.722186522753306470e-02 9.677068383148109687e-01 6.471795000000000186e-01
9.521296503201662764e-01 6.580138515676699391e-04 3.056937945051700356e-01 1.206634000000000040e-01 -5.817239810509694173e-03 9.998556055169887102e-01 1.596645975922432112e-02 -1.428000000000000016e-03 -3.056391478560706587e-01 -1.698043385862250607e-02 9.519959958759217633e-01 7.259904999999999831e-01
9.291459790840680411e-01 1.456092100773417365e-03 3.697101964345892999e-01 1.502054999999999918e-01 -7.547739904854587449e-03 9.998585422731102179e-01 1.503087042787711221e-02 -1.958300000000000058e-03 -3.696360117388958755e-01 -1.675634922305662203e-02 9.290255344103721669e-01 8.037126999999999466e-01
9.161337975970106351e-01 1.141042281512931987e-03 4.008710053408594542e-01 1.674771999999999927e-01 -7.024353877771539155e-03 9.998881095531483298e-01 1.320707487792536702e-02 -1.889000000000000054e-03 -4.008110818740911463e-01 -1.491530746391408341e-02 9.160393060617963990e-01 8.419794000000000445e-01
9.024232352358048104e-01 2.270534019986388680e-03 4.308446926466742988e-01 1.855018999999999973e-01 -7.811527051357659845e-03 9.999079682909491895e-01 1.109211401816487773e-02 -2.219500000000000119e-03 -4.307798562510428142e-01 -1.337533638942014526e-02 9.023579200210970486e-01 8.797281000000000128e-01
8.879257347568914049e-01 4.352630315253893864e-03 4.599662424197815680e-01 2.049335999999999935e-01 -8.998229343707158170e-03 9.999282446402409930e-01 7.908061669236183047e-03 -2.687499999999999785e-03 -4.598988165076233203e-01 -1.116065320781574506e-02 8.879011872921797055e-01 9.169353000000000087e-01
8.725346667401600032e-01 2.448647549476616093e-03 4.885460668778496274e-01 2.256582000000000032e-01 -4.821945834774223928e-03 9.999818946543301834e-01 3.599889151409848415e-03 -3.273600000000000208e-03 -4.885284067226842719e-01 -5.496770753303886065e-03 8.725306764442618546e-01 9.534588000000000507e-01
8.566548049218883909e-01 -5.709521042733735775e-04 5.158897355229469239e-01 2.478293000000000024e-01 1.409227203109060045e-03 9.999982464675623017e-01 -1.233345243891502971e-03 -4.171300000000000181e-03 -5.158881267124991732e-01 1.783556978410889360e-03 8.566541073511368953e-01 9.889050999999999814e-01
8.242403019624909843e-01 -7.460881363719743496e-03 5.661910100576114102e-01 2.959886999999999935e-01 1.602464982054810708e-02 9.998200458582310324e-01 -1.015315212993176189e-02 -6.271399999999999891e-03 -5.660133701768100822e-01 1.744164984516171843e-02 8.242115345175462515e-01 1.058459999999999956e+00
8.078976368532120311e-01 -1.222312277246161497e-02 5.891960655305539252e-01 3.216885999999999912e-01 2.496965831963152485e-02 9.995970385172434636e-01 -1.350099073983826101e-02 -7.536199999999999843e-03 -5.887936179429904548e-01 2.561944295346159015e-02 8.078772924227775043e-01 1.092041700000000004e+00
7.916811318922520879e-01 -1.251500040615329337e-02 6.108063196878668055e-01 3.483475999999999795e-01 3.272965948120372393e-02 9.992232185417685431e-01 -2.194832379188564608e-02 -9.320300000000000112e-03 -6.100571733829929233e-01 3.736755667504881862e-02 7.914757803698669880e-01 1.124968399999999979e+00
7.753089350647603961e-01 -7.164563592971085956e-03 6.315415459312787583e-01 3.754332000000000225e-01 3.823012438598501206e-02 9.986344756584941695e-01 -3.560395505721725140e-02 -1.147109999999999970e-02 -6.304240737774686743e-01 5.174797633537474295e-02 7.745241339990731610e-01 1.157043599999999950e+00
7.408537694472852042e-01 1.594928550707463630e-02 6.714769635568763606e-01 4.314091999999999927e-01 3.967813529817224016e-02 9.969328714582545992e-01 -6.745735975606405310e-02 -1.649540000000000034e-02 -6.704933540871295117e-01 7.661899306185725178e-02 7.379486377974948663e-01 1.219662400000000035e+00
7.231180578556788419e-01 2.059108515526088951e-02 6.904174690831337280e-01 4.613119999999999998e-01 4.479815535663173726e-02 9.960529748113694515e-01 -7.662634433446832705e-02 -1.999269999999999867e-02 -6.892701935233194188e-01 8.633932233663993427e-02 7.193414500352217633e-01 1.249676500000000079e+00
7.052519762540370163e-01 2.164822413120232741e-02 7.086261386526326866e-01 4.910065000000000124e-01 4.879260767232428825e-02 9.956815601016113515e-01 -7.897792292885459642e-02 -2.396200000000000066e-02 -7.072757110394147784e-01 9.027505339564571851e-02 7.011501146745278135e-01 1.278693400000000091e+00
6.872936949338929180e-01 1.931777277202421580e-02 7.261227172863037316e-01 5.213183000000000122e-01 5.268410047853115674e-02 9.956877658552486521e-01 -7.635612930833736434e-02 -2.759409999999999988e-02 -7.244665364672718821e-01 9.073420844043299238e-02 6.833121841133840135e-01 1.307316499999999992e+00
6.045889248785798475e-01 1.273157669273240061e-02 7.964358975266497831e-01 7.386089999999999600e-01 6.575248367220323797e-02 9.956620860058875699e-01 -6.583024670576109738e-02 -5.166559999999999903e-02 -7.938191499359913417e-01 9.216787642840534867e-02 6.011291373320533094e-01 1.485415600000000058e+00
5.896148089240058621e-01 1.185161323550446011e-02 8.075976203290992084e-01 8.035904999999999854e-01 7.151192574039370864e-02 9.951994125535836844e-01 -6.681447245845976990e-02 -5.870510000000000311e-02 -8.045125366173037085e-01 9.714766346504623284e-02 5.859367797884629248e-01 1.531857400000000036e+00
5.864095758372201983e-01 1.606115737363753362e-02 8.098554491946265976e-01 8.707913000000000459e-01 7.228904742780757620e-02 9.947762858158221144e-01 -7.207242746333691885e-02 -6.507290000000000296e-02 -8.067825623973237104e-01 1.008076405948329923e-01 5.821852940510532370e-01 1.580439799999999950e+00
5.953044585910847175e-01 1.426335889335329093e-02 8.033736105789479609e-01 9.402509000000000006e-01 7.240025243746645023e-02 9.948230421253405620e-01 -7.131141776373448038e-02 -7.233059999999999490e-02 -8.002317195841257558e-01 1.006164571507172922e-01 5.911899217018767860e-01 1.631426299999999996e+00
6.018501951136682182e-01 1.483544468786661755e-02 7.984711968647038027e-01 9.756050000000000555e-01 7.004580225108338054e-02 9.949935534639950951e-01 -7.128403855067466655e-02 -7.607679999999999998e-02 -7.955312239181071554e-01 9.883186806898469623e-02 5.977979036642343535e-01 1.658343200000000017e+00
6.145544554872430787e-01 1.713433977497453783e-02 7.886883006874477742e-01 1.047762300000000035e+00 6.518518876627947545e-02 9.952421791699549436e-01 -7.241474964773381151e-02 -8.338280000000000691e-02 -7.861766419872081579e-01 9.591360279707555891e-02 6.105136103251115332e-01 1.714332699999999932e+00
6.185449929367671240e-01 2.291155730163885879e-02 7.854152737596007405e-01 1.197637300000000016e+00 5.217647545522737657e-02 9.961709259441396958e-01 -7.015056459263481481e-02 -9.915409999999999502e-02 -7.840151191921778118e-01 8.437148123394001831e-02 6.149810940447406615e-01 1.834379299999999935e+00
6.177241838144897912e-01 2.185704158291853355e-02 7.860910268308405335e-01 1.356149599999999955e+00 5.093872048165132976e-02 9.964022562090443236e-01 -6.773323096692102085e-02 -1.158341999999999983e-01 -7.847433207657232845e-01 8.188292590503007395e-02 6.143884007358997312e-01 1.959462000000000037e+00
6.179554264053889190e-01 2.226788265148949703e-02 7.858977238663779064e-01 1.438726900000000031e+00 4.837466259491109838e-02 9.966280047922861929e-01 -6.627602947201535755e-02 -1.247613000000000055e-01 -7.847235073546366957e-01 7.897316927898001548e-02 6.147944823590002494e-01 2.023379600000000167e+00
6.234362186405082440e-01 1.805459821582400953e-02 7.816657295612297052e-01 1.599544999999999995e+00 4.726035190218060705e-02 9.970352089744421997e-01 -6.072274041388796978e-02 -1.411106000000000027e-01 -7.804445787019769210e-01 7.479855311806193896e-02 6.207345938693429321e-01 2.151946300000000090e+00
6.256333731465788528e-01 1.750908344682971726e-02 7.799207103302782107e-01 1.639699000000000018e+00 4.733332854634948739e-02 9.970541766308422815e-01 -6.035333355927170046e-02 -1.452498000000000122e-01 -7.786799332292807518e-01 7.467530287749309104e-02 6.229616045361043852e-01 2.184186899999999820e+00
6.273921306029467404e-01 1.713430512986285903e-02 7.785149517159011268e-01 1.679005499999999929e+00 4.755836852256298264e-02 9.970484789618667687e-01 -6.027049181232933123e-02 -1.496384000000000047e-01 -7.772498414544497525e-01 7.483813324465490857e-02 6.247254899325688227e-01 2.216067100000000067e+00
6.157205525288633741e-01 2.246456875978817408e-02 7.876443006484514786e-01 1.876864400000000099e+00 4.594773734578246754e-02 9.968690164042980362e-01 -6.435036570160534986e-02 -1.702190000000000092e-01 -7.866238024788942962e-01 7.581231617332442885e-02 6.127605454743979552e-01 2.374715099999999968e+00
6.110661783858591933e-01 1.943715564693961409e-02 7.913408384591672506e-01 1.917568299999999892e+00 4.735693363064780170e-02 9.970101841315898161e-01 -6.105746125573612709e-02 -1.742004000000000052e-01 -7.901616584408558408e-01 7.478562507761730982e-02 6.083187189391316974e-01 2.405647000000000091e+00
6.059477310779893822e-01 2.005908375277839703e-02 7.952515201874406081e-01 1.957325900000000063e+00 4.500356809294474292e-02 9.972166615721617111e-01 -5.944416490940307440e-02 -1.785161000000000109e-01 -7.942304615540378698e-01 7.180921279245194855e-02 6.033584431312684071e-01 2.436697999999999809e+00
5.919325607525252053e-01 2.487661861167115435e-02 8.056034988549934939e-01 2.075646900000000183e+00 4.676664313743521956e-02 9.967794677812276127e-01 -6.514271793092821228e-02 -1.903542000000000012e-01 -8.046295573806706569e-01 7.623546718045445814e-02 5.888628269242031088e-01 2.525089499999999987e+00
5.886361561031645540e-01 2.633155046364441670e-02 8.079691362782810415e-01 2.115448699999999960e+00 4.554346918537783423e-02 9.968017890123711533e-01 -6.566571279059413291e-02 -1.946838999999999931e-01 -8.071141605390474982e-01 7.545093022565596552e-02 5.855543433238554751e-01 2.553735300000000041e+00
5.852686675413902861e-01 2.498215503053280787e-02 8.104544889901935667e-01 2.154903700000000200e+00 4.664762780062882419e-02 9.968324166979012357e-01 -6.441375505895934050e-02 -1.983777999999999930e-01 -8.094965012987390685e-01 7.550513194645801229e-02 5.822494220133227483e-01 2.582399099999999947e+00
5.831297816027602998e-01 1.745632415211394867e-02 8.121914395972252843e-01 2.195071500000000064e+00 4.783598437439916945e-02 9.972965226819449081e-01 -5.577960599926434088e-02 -2.020930999999999977e-01 -8.109694053457560114e-01 7.137872647783266578e-02 5.807182630153400194e-01 2.610878899999999891e+00
5.812709794174832911e-01 9.250247801815450477e-03 8.136574717918129140e-01 2.235300099999999901e+00 4.743888885262002864e-02 9.978493936682655274e-01 -4.523427218717844533e-02 -2.058281999999999889e-01 -8.123260431079805111e-01 6.489237606591385932e-02 5.795820728913649855e-01 2.639146300000000167e+00
5.796804761749843049e-01 6.494554935527776379e-03 8.148179958111706478e-01 2.274622200000000039e+00 4.883798226363542105e-02 9.978936372233624397e-01 -4.269824677366731297e-02 -2.092613999999999863e-01 -8.133789996243819820e-01 6.454540684911337645e-02 5.781422778388742856e-01 2.667181699999999989e+00
5.782441924277589296e-01 1.180463033742732218e-02 8.157783428273672754e-01 2.313078899999999827e+00 4.794799970846261306e-02 9.976753751174891605e-01 -4.842349851192600391e-02 -2.121030999999999889e-01 -8.144535856925956274e-01 6.711554653561216388e-02 5.763339831778965250e-01 2.694866900000000065e+00
5.770793112439660533e-01 1.602606847285350730e-02 8.165308528546201261e-01 2.352184999999999970e+00 4.995890973447292271e-02 9.972422825939109003e-01 -5.488111829244309708e-02 -2.153287999999999869e-01 -8.151586200687156447e-01 7.246374911767784754e-02 5.746872446744208940e-01 2.722243499999999816e+00
5.766744018134920546e-01 1.363382666051051600e-02 8.168603020490358135e-01 2.390962599999999938e+00 5.545935940211114273e-02 9.969010021209312455e-01 -5.579114109776159985e-02 -2.187262000000000095e-01 -8.150895004524093546e-01 7.747587199169836403e-02 5.741311657725676199e-01 2.749160799999999849e+00
5.766934427160601562e-01 1.082739324159118569e-02 8.168888790306122472e-01 2.430139500000000119e+00 5.901942348120280124e-02 9.967473294707486220e-01 -5.487685163051127940e-02 -2.223304000000000114e-01 -8.148259819005801985e-01 7.985943118081073600e-02 5.741786224436021824e-01 2.776419900000000052e+00
5.771239422203154890e-01 9.053002183227024796e-03 8.166063913952379405e-01 2.468891100000000005e+00 5.756717532201444110e-02 9.970001218765955908e-01 -5.173758115237039878e-02 -2.256598999999999966e-01 -8.146250521813864776e-01 7.686872009812670270e-02 5.748714849676833660e-01 2.803872800000000165e+00
5.779539278133085656e-01 6.103866911216945107e-03 8.160465673807463238e-01 2.507920700000000114e+00 5.604799173661025036e-02 9.973139095047873770e-01 -4.715494174070872929e-02 -2.285920999999999925e-01 -8.141424199410455254e-01 7.299115506009556942e-02 5.760593817789372295e-01 2.831343200000000060e+00
5.783275552269835362e-01 3.180293283671652843e-03 8.157984583215454055e-01 2.546164000000000094e+00 5.276927894547593645e-02 9.977524017757791741e-01 -4.129828023342910215e-02 -2.316948000000000063e-01 -8.140962117985532931e-01 6.693302985293676788e-02 5.768598854574228385e-01 2.859179000000000137e+00
5.787998364294232312e-01 7.490347520893305550e-03 8.154352482222541054e-01 2.584219500000000114e+00 4.383114028586594657e-02 9.982265648645752831e-01 -4.028096746492973446e-02 -2.344603000000000104e-01 -8.142908451471829734e-01 5.905607413878978529e-02 5.774450619901430048e-01 2.887193400000000132e+00
5.801425442993007886e-01 1.049365471279754478e-02 8.144473657055453231e-01 2.622062399999999904e+00 3.673561548214465677e-02 9.985624197697494653e-01 -3.903317023674312408e-02 -2.370761000000000118e-01 -8.136861328848377095e-01 5.256402795021645341e-02 5.789230519823571619e-01 2.915156599999999987e+00
5.821644922087134688e-01 7.197366170318644785e-03 8.130391761358003455e-01 2.660183200000000081e+00 4.035634851258525918e-02 9.984725336003825724e-01 -3.773545786609219799e-02 -2.400056000000000134e-01 -8.120688820205471670e-01 5.477953601339842493e-02 5.809847960902723152e-01 2.942331799999999831e+00
5.849807592139485424e-01 6.015062301850140208e-03 8.110248642150111875e-01 2.698294399999999982e+00 4.415266582284795016e-02 9.982534505116510415e-01 -3.925035849923652620e-02 -2.428194999999999937e-01 -8.098444625051209877e-01 5.876961431800906133e-02 5.836934803325322108e-01 2.969709200000000049e+00
5.899318454087845165e-01 6.156256127744112738e-03 8.074295748132312989e-01 2.735954299999999950e+00 4.657341047932414546e-02 9.980467092990376043e-01 -4.163752506678013166e-02 -2.455672000000000132e-01 -8.061087614019030179e-01 6.216805102182292042e-02 5.884928191772925699e-01 2.997245100000000217e+00
5.976056656002635137e-01 2.330542971776455863e-03 8.017867777731950696e-01 2.773457500000000131e+00 5.153698308280483392e-02 9.978162016971761084e-01 -4.131303674801822812e-02 -2.483913000000000093e-01 -8.001321189761030350e-01 6.601057642588133156e-02 5.961805062082574658e-01 3.024656499999999859e+00
6.049021362727399209e-01 -2.534703305882648333e-03 7.962957872623883659e-01 2.810643699999999967e+00 5.846857606165346832e-02 9.974370429907751801e-01 -4.124040352786624564e-02 -2.513055000000000150e-01 -7.941503832058500745e-01 7.150468899988131344e-02 6.034999985957183455e-01 3.052537399999999845e+00
6.137412615326947041e-01 -8.835893127800975577e-04 7.895067340828593183e-01 2.846828200000000031e+00 5.570565272265232126e-02 9.975555538629551355e-01 -4.218764288172550947e-02 -2.539125999999999883e-01 -7.875395508461778826e-01 6.987228511433619949e-02 6.122902249962033361e-01 3.081307600000000146e+00
6.234618273750183182e-01 -5.114072522803617127e-04 7.818536233009508729e-01 2.883075499999999902e+00 5.280354759634392492e-02 9.977441427038626909e-01 -4.145372192427097813e-02 -2.564943000000000084e-01 -7.800686733662899330e-01 6.712945823374755205e-02 6.220823905800580977e-01 3.110621500000000150e+00
6.338625894904580393e-01 -4.150708859962760205e-03 7.734345410313731017e-01 2.918896699999999900e+00 5.292779761719840215e-02 9.978742512228968575e-01 -3.802140168031600126e-02 -2.593737999999999877e-01 -7.716325977327836982e-01 6.503653098300121727e-02 6.327348447445052537e-01 3.139988900000000083e+00
6.436400725959002811e-01 -4.391859782301828913e-03 7.653157312615473939e-01 2.954257199999999806e+00 5.209344869591947536e-02 9.979157467844462781e-01 -3.808457591475171433e-02 -2.619900000000000007e-01 -7.635533573704657018e-01 6.438069498920838407e-02 6.425273508271820422e-01 3.169797899999999835e+00
6.537906342487763700e-01 -5.524629319748106115e-03 7.566553277678430556e-01 2.988924700000000101e+00 5.214833518455134348e-02 9.979247330609385402e-01 -3.777271876280838270e-02 -2.643583999999999934e-01 -7.548763857122980925e-01 6.415376540885119050e-02 6.527219443819884948e-01 3.200065599999999844e+00
6.638684249105871737e-01 -6.260399185956260631e-03 7.478231888680428874e-01 3.022932500000000022e+00 5.303489277255013512e-02 9.978414115941535156e-01 -3.872747676251535320e-02 -2.670808000000000071e-01 -7.459664969389310230e-01 6.537067163353559029e-02 6.627674258251081696e-01 3.230317400000000116e+00
6.738944019830317433e-01 -3.129608157624419462e-03 7.388210477028328560e-01 3.056424100000000088e+00 5.246795769090968620e-02 9.976690049776290037e-01 -4.363106602746012058e-02 -2.701242999999999839e-01 -7.369623113780491286e-01 6.816716262048320985e-02 6.724877616348090559e-01 3.261133699999999802e+00
6.833910179777156202e-01 1.655096793382920123e-03 7.300506675580715754e-01 3.089813499999999991e+00 5.476482799680459923e-02 9.970636279871862850e-01 -5.352509093416155106e-02 -2.726965000000000083e-01 -7.279955564162887693e-01 7.655966561861662911e-02 6.812936866275098868e-01 3.292196000000000122e+00
6.938407122710759101e-01 5.943328674086225533e-03 7.201039805746374256e-01 3.122425300000000181e+00 5.336936132611035111e-02 9.967916564596625006e-01 -5.964985233883916133e-02 -2.755286000000000124e-01 -7.181481582979998279e-01 7.981898556530284128e-02 6.912974412483506859e-01 3.323416200000000043e+00
7.026167876944703350e-01 3.127098657890164252e-03 7.115615721101634650e-01 3.154671200000000120e+00 5.284154150236206049e-02 9.969999364144698228e-01 -5.655880374616578665e-02 -2.791950999999999738e-01 -7.096037071080997238e-01 7.733917534811818317e-02 7.003436519416130768e-01 3.355672600000000116e+00
7.117768107905534380e-01 1.609246665203217103e-03 7.024038595751016523e-01 3.186491000000000184e+00 5.094616172086542660e-02 9.972452662120055988e-01 -5.391073755438262338e-02 -2.825233999999999801e-01 -7.005556796049405843e-01 7.415719346709816195e-02 7.097340702195036322e-01 3.387983800000000212e+00
7.194253749595962422e-01 4.248991755680650573e-03 6.945567478135277195e-01 3.217534800000000139e+00 4.808287010559997299e-02 9.972776071507915008e-01 -5.590538326493697113e-02 -2.860912999999999928e-01 -6.929034330025016786e-01 7.361603320372303583e-02 7.172625127445988458e-01 3.420208500000000207e+00
7.245801906363084077e-01 1.229520968635257339e-02 6.890808190308447267e-01 3.247790800000000200e+00 4.295839068026075652e-02 9.970909196921792228e-01 -6.296248516034194664e-02 -2.895924000000000276e-01 -6.878503645471253369e-01 7.522317253461738296e-02 7.219441462510891583e-01 3.452734200000000087e+00
7.281077119263870134e-01 2.114811966811443872e-02 6.851364220852840248e-01 3.277479899999999891e+00 3.726590632361074379e-02 9.968244608785902239e-01 -7.037219919817627733e-02 -2.932660000000000267e-01 -6.844489842634009502e-01 7.677077066573609332e-02 7.250074735560922967e-01 3.485328700000000168e+00
7.308089001153156294e-01 2.514833830532271081e-02 6.821186939182386499e-01 3.308154099999999875e+00 3.461202336034226862e-02 9.966701825156838446e-01 -7.382787497318724079e-02 -2.970780000000000087e-01 -6.817040115410395451e-01 7.756357627543022937e-02 7.275050049891201853e-01 3.518410900000000119e+00
7.334192028416345321e-01 2.567075052487158629e-02 6.792917528357245160e-01 3.338079000000000018e+00 3.368696445266477352e-02 9.966864057727286008e-01 -7.403645705869903171e-02 -3.011706000000000105e-01 -6.789414270237943416e-01 7.718303644797534779e-02 7.301241795445239102e-01 3.551193500000000114e+00
7.370135474886209126e-01 2.612416422293084572e-02 6.753729035591312657e-01 3.367793999999999954e+00 3.274618442837638060e-02 9.966990190977901287e-01 -7.428830819776338634e-02 -3.052900000000000058e-01 -6.750842304658145610e-01 7.686737521963696307e-02 7.337252131440097358e-01 3.583908800000000117e+00
7.412977162804412767e-01 2.603622736139329236e-02 6.706711643586505955e-01 3.398036499999999904e+00 2.949836760913881334e-02 9.970179083810287723e-01 -7.131014427074632012e-02 -3.089602000000000182e-01 -6.705278086297378204e-01 7.264575164663368556e-02 7.383190723676974487e-01 3.617651700000000137e+00
7.448578957545580748e-01 2.338195154394118180e-02 6.668133168092017504e-01 3.427315999999999807e+00 2.902740785754795438e-02 9.973039948019308820e-01 -6.739548608906853477e-02 -3.130530999999999731e-01 -6.665914226309573865e-01 6.955592206352420592e-02 7.421710375518093539e-01 3.650999999999999801e+00
7.489323442159253608e-01 2.339154482254849482e-02 6.622334780257288500e-01 3.456691000000000180e+00 2.655377343788167116e-02 9.975146275054764811e-01 -6.526457713660653581e-02 -3.168676000000000270e-01 -6.621142204359067307e-01 6.646355048765541229e-02 7.464498345857719652e-01 3.684730500000000131e+00
7.528688402521749312e-01 2.975006733814874321e-02 6.574978652974629023e-01 3.485393800000000208e+00 1.828387783593653920e-02 9.976470025758052973e-01 -6.607691020917766389e-02 -3.207053999999999738e-01 -6.579165670422243428e-01 6.176885740311854889e-02 7.505533952134834097e-01 3.718684699999999843e+00
7.567968383945764543e-01 3.660091490358159672e-02 6.526246382295063375e-01 3.513252699999999784e+00 1.097644417060497993e-02 9.975786750553850002e-01 -6.867535764823028133e-02 -3.243822000000000094e-01 -6.535580028347468540e-01 5.913679144968491536e-02 7.545626394327336062e-01 3.752548200000000111e+00
7.615845430685773687e-01 3.737499461819830671e-02 6.469869345947535377e-01 3.541560399999999831e+00 1.245584885880564145e-02 9.973070127841171528e-01 -7.227429751182140594e-02 -3.282908999999999966e-01 -6.479458585315850394e-01 6.310175931707714958e-02 7.590680683462167622e-01 3.786017900000000047e+00
7.666291545042388522e-01 3.758732463801388313e-02 6.409890268098764610e-01 3.570069800000000182e+00 1.400642273706642800e-02 9.970686269868082041e-01 -7.521950013627787257e-02 -3.321279999999999788e-01 -6.419373486456653177e-01 6.664342507102610780e-02 7.638554145311637900e-01 3.819625400000000059e+00
7.708659231088845765e-01 3.765040974719333078e-02 6.358837749426821118e-01 3.597663600000000184e+00 1.229598429211484732e-02 9.971862119307983718e-01 -7.394908725192460286e-02 -3.356975999999999849e-01 -6.368787461988155707e-01 6.482364831582022868e-02 7.682339209246435985e-01 3.853509199999999968e+00
7.755267898031682483e-01 3.453067860521941146e-02 6.303695983569127526e-01 3.625193799999999911e+00 1.176331821410999193e-02 9.975392901386261890e-01 -6.911576502014168955e-02 -3.397011999999999809e-01 -6.312050559383900472e-01 6.101636554883366204e-02 7.732122480231577999e-01 3.887762500000000010e+00
7.845525446724660457e-01 3.598545383140464016e-02 6.190172467391404920e-01 3.679090299999999925e+00 9.717641000728517026e-03 9.974783550886447969e-01 -7.030290593590213244e-02 -3.470926999999999762e-01 -6.199861870246295981e-01 6.117171112695138357e-02 7.822244880189200833e-01 3.955649600000000099e+00
7.886287503926084907e-01 3.788703893189326877e-02 6.137012842867172191e-01 3.705352500000000049e+00 8.993655791038782793e-03 9.972822525607164534e-01 -7.312470774598563150e-02 -3.507411999999999752e-01 -6.148038778421173189e-01 6.318766500193452595e-02 7.861447136385883994e-01 3.989579400000000220e+00
7.971782063422806486e-01 4.040633730725224498e-02 6.023904342188020067e-01 3.756572999999999940e+00 5.159416844623732068e-03 9.972655589462229297e-01 -7.372099672075060894e-02 -3.584093999999999891e-01 -6.037220285451969648e-01 6.187675528896181137e-02 7.947898963903493597e-01 4.057867500000000405e+00
8.022089263785996405e-01 3.634882946128913106e-02 5.959359034621833917e-01 3.782959899999999820e+00 8.688720566174699608e-03 9.973285469601255171e-01 -7.252775712323955570e-02 -3.623619000000000145e-01 -5.969801877561913273e-01 6.336033471501562042e-02 7.997500380815144583e-01 4.092637999999999998e+00
8.108938058780805758e-01 3.341906626275120695e-02 5.842383089105742666e-01 3.833240700000000167e+00 1.150924271592480841e-02 9.972641498889057710e-01 -7.301885152797163436e-02 -3.703447000000000267e-01 -5.850801423058791251e-01 6.593467491755666821e-02 8.082906938242259143e-01 4.162124600000000285e+00
8.150607254766758514e-01 3.805280230751851428e-02 5.781245523431604028e-01 3.857761099999999832e+00 5.389825930328849546e-03 9.972996231530981692e-01 -7.324214248046775899e-02 -3.741471000000000102e-01 -5.793504669557758557e-01 6.281278448877503084e-02 8.126546563841809956e-01 4.196981400000000306e+00
8.183391886847959373e-01 4.085961515267064192e-02 5.732813132418376201e-01 3.882385000000000197e+00 7.777818132418019836e-04 9.973900539431859169e-01 -7.219747468339687835e-02 -3.781624000000000096e-01 -5.747350409694550466e-01 5.952791063681297373e-02 8.161715876805897274e-01 4.232864900000000041e+00
8.209870325978629868e-01 3.793126167509608404e-02 5.696854497825013519e-01 3.907135699999999989e+00 3.697971249284833645e-03 9.974165091140153594e-01 -7.174003314364180151e-02 -3.818987999999999827e-01 -5.709348625848617020e-01 6.100431734350241636e-02 8.187257513665112674e-01 4.268700100000000219e+00
8.238694918343344442e-01 3.635341269613126536e-02 5.656124908539240659e-01 3.931747399999999892e+00 5.025515046974397826e-03 9.974331110482663743e-01 -7.142781799193724523e-02 -3.858835999999999933e-01 -5.667572713456335842e-01 6.168969419539573062e-02 8.215720157155612657e-01 4.304212599999999611e+00
8.266926319374560128e-01 3.612475509907331350e-02 5.614929156893735396e-01 3.955746200000000101e+00 5.572428145391241511e-03 9.973621695811972776e-01 -7.237161551914854385e-02 -3.897219000000000100e-01 -5.626261994831793789e-01 6.295796023791579155e-02 8.243106543638718531e-01 4.339435100000000212e+00
8.304211670430864389e-01 2.951310207088591805e-02 5.563539000788543243e-01 3.980299700000000218e+00 1.161536631583486370e-02 9.974617921314453683e-01 -7.024995731866563731e-02 -3.934899000000000036e-01 -5.570150523927942521e-01 6.479930589195261048e-02 8.279705800110133129e-01 4.374962299999999971e+00
8.334466378406958365e-01 2.174212020123708969e-02 5.521720584031709622e-01 4.004272900000000135e+00 1.856279942051545714e-02 9.975602121691209412e-01 -6.729818403770032598e-02 -3.972617999999999983e-01 -5.522880809412001879e-01 6.633930438475693636e-02 8.310096102597327450e-01 4.410701300000000380e+00
8.361716779362330376e-01 1.973099017657672927e-02 5.481127740200516518e-01 4.027953600000000023e+00 1.996424700856511830e-02 9.975954756058916795e-01 -6.636788298594142876e-02 -4.008817000000000075e-01 -5.481043275314340102e-01 6.643760288651637258e-02 8.337671683773641984e-01 4.446473600000000026e+00
8.386299757128543586e-01 2.235449466328084250e-02 5.442426300871761047e-01 4.051250900000000321e+00 1.772543189856333468e-02 9.975083464346325979e-01 -6.828548789643740236e-02 -4.045966999999999758e-01 -5.444130535722548903e-01 6.691319273203494289e-02 8.361441572710646142e-01 4.482346500000000233e+00
8.405582591747751131e-01 2.450164361019004089e-02 5.411667787230393101e-01 4.074001799999999562e+00 1.642808731987047827e-02 9.973642556907214018e-01 -7.067290440829454568e-02 -4.080759999999999943e-01 -5.414720037823584908e-01 6.829502859573646778e-02 8.379402473858295064e-01 4.518167000000000044e+00
8.414821805544716593e-01 2.641514317333878981e-02 5.396387495542026569e-01 4.096794599999999953e+00 1.390822565548362200e-02 9.974140507268210998e-01 -7.051079826402811834e-02 -4.118817000000000172e-01 -5.401058239534245464e-01 6.683899777709370604e-02 8.389387625492972234e-01 4.554229699999999603e+00
8.419654560939338062e-01 2.646551157321857389e-02 5.388819420259894910e-01 4.119573100000000210e+00 1.321518030622934915e-02 9.974849186728548256e-01 -6.963616897620143742e-02 -4.153988000000000125e-01 -5.393695669520185421e-01 6.575267080032616562e-02 8.394980979898739593e-01 4.590263400000000438e+00
8.427214205629643962e-01 2.271018498736993366e-02 5.378706673747684075e-01 4.142825099999999594e+00 1.449971104945741926e-02 9.977898809382312884e-01 -6.484683397632051705e-02 -4.189560999999999980e-01 -5.381545927554847175e-01 6.244678530644850317e-02 8.405296147674207186e-01 4.626244500000000315e+00
8.434003963682475957e-01 2.067514639392226822e-02 5.368876136841609359e-01 4.165703299999999665e+00 1.351755150044185033e-02 9.981265133124415101e-01 -5.967192995187541038e-02 -4.226273999999999864e-01 -5.371154877745714096e-01 5.758473534139500749e-02 8.415408195972110539e-01 4.662227200000000238e+00
8.439081041693803353e-01 1.892905442834005511e-02 5.361537117429022725e-01 4.188225700000000273e+00 1.427016690609302432e-02 9.982317335248294121e-01 -5.770414647567513600e-02 -4.260238000000000080e-01 -5.362979340382680871e-01 5.634799980889174109e-02 8.421457289945859515e-01 4.697866000000000319e+00
8.445427311463860054e-01 2.142702437819284100e-02 5.350593031562947965e-01 4.210814499999999683e+00 1.444344066022720113e-02 9.979240919158727241e-01 -6.276060703797771423e-02 -4.292918000000000012e-01 -5.352933422803779484e-01 6.073211177109924530e-02 8.424800581082765305e-01 4.733708899999999886e+00
8.444097465810945780e-01 2.405253351856017838e-02 5.351575987596458583e-01 4.232930200000000198e+00 1.392834642319664903e-02 9.976680195695180053e-01 -6.681709282924024051e-02 -4.324990000000000223e-01 -5.355167420770027276e-01 6.387486484975464507e-02 8.421055875575570449e-01 4.769090699999999572e+00
8.445969874564904778e-01 2.821561890887483784e-02 5.346585897832466516e-01 4.276861700000000432e+00 8.147152180300026164e-03 9.978174721181474194e-01 -6.552798064263193334e-02 -4.395606000000000235e-01 -5.353405950334534369e-01 5.970067994034286563e-02 8.425237540413259563e-01 4.839600100000000182e+00
8.448411625386127444e-01 2.467376643125850436e-02 5.344479538088821036e-01 4.299007900000000326e+00 1.227398228732020855e-02 9.977792651604878715e-01 -6.546668904570719649e-02 -4.430759000000000225e-01 -5.348763964124944037e-01 6.186875839947388045e-02 8.426621489629705364e-01 4.874700500000000325e+00
8.452985814007467624e-01 2.810765171481637709e-02 5.335543722967357461e-01 4.320926199999999717e+00 9.939881536555160782e-03 9.976151795909141695e-01 -6.830191948128078172e-02 -4.463910999999999851e-01 -5.342017475045588437e-01 6.303898289841528002e-02 8.430033093637349095e-01 4.909583600000000381e+00
8.446398733373658985e-01 4.440625816202987963e-02 5.334899892263073040e-01 4.362934599999999996e+00 -6.055474749910031568e-03 9.972824425598885156e-01 -7.342384481444536037e-02 -4.535618000000000150e-01 -5.353006777449395015e-01 5.878617182492586885e-02 8.426134169404013718e-01 4.979174600000000339e+00
8.448735315937753176e-01 4.285369269043003138e-02 5.332469190113113822e-01 4.384555299999999711e+00 -2.090029350020210924e-03 9.970431997659771062e-01 -7.681464429220474788e-02 -4.571485000000000132e-01 -5.349620055570096788e-01 6.378415808973317280e-02 8.424649748133188343e-01 5.013570800000000105e+00
8.453021905556472593e-01 4.160075536913490635e-02 5.326664845797430825e-01 4.405939100000000330e+00 -3.280514072252528612e-04 9.970043720789798503e-01 -7.734451782559174926e-02 -4.612210999999999950e-01 -5.342884043511504366e-01 6.520474835559490756e-02 8.427836268982598078e-01 5.047510599999999847e+00
8.464773977956715489e-01 4.233491065537161452e-02 5.307388909443797598e-01 4.427469300000000274e+00 -7.198455756424471108e-04 9.969238828083836212e-01 -7.837253159496397614e-02 -4.651701999999999781e-01 -5.324241700405942801e-01 6.595852656069646491e-02 8.439040087181279848e-01 5.081412799999999841e+00
8.479658341842605251e-01 3.192426004730982564e-02 5.290886368810266971e-01 4.449099499999999985e+00 1.002130846965058712e-02 9.970406094715368317e-01 -7.622070874232535209e-02 -4.689292999999999934e-01 -5.299561467072037013e-01 6.993471730877319492e-02 8.451364492685158325e-01 5.114988300000000265e+00
8.500462859581048303e-01 2.533607201309241025e-02 5.260982752146022845e-01 4.470703099999999708e+00 1.490798042702106037e-02 9.972848791358034370e-01 -7.211533794328091329e-02 -4.727180000000000271e-01 -5.264969742063286828e-01 6.914443796888834759e-02 8.473605978858983478e-01 5.148636800000000235e+00
8.510014984516744985e-01 1.873609609579843932e-02 5.248289324495111208e-01 4.491748799999999875e+00 1.896914173789811947e-02 9.976145910985484422e-01 -6.637242868091620951e-02 -4.765097999999999834e-01 -5.248205610441839530e-01 6.643859067112113659e-02 8.486161042396632714e-01 5.182539499999999855e+00
8.528729445698277623e-01 1.759464088315552954e-02 5.218219706307738459e-01 4.512231299999999834e+00 1.972467411998394399e-02 9.976328320541676398e-01 -6.587616897210461786e-02 -4.798915000000000264e-01 -5.217457979242878796e-01 6.647677052755825156e-02 8.505070025158960600e-01 5.216262300000000351e+00
8.557422873673783403e-01 1.914766673379871692e-02 5.170478744467466026e-01 4.532792599999999617e+00 2.059264691498682159e-02 9.972627838509454667e-01 -7.101325819096769576e-02 -4.833026999999999740e-01 -5.169923408564984779e-01 7.141643231437520833e-02 8.530056346186726257e-01 5.249616600000000410e+00
8.591326388476779874e-01 1.855919502580559780e-02 5.114163324988941772e-01 4.552200299999999977e+00 2.237798839779076357e-02 9.970238260206548686e-01 -7.377476521415260446e-02 -4.870458999999999761e-01 -5.112634687730913674e-01 7.482677747390376055e-02 8.561603931921735189e-01 5.282669499999999907e+00
8.631486276508415489e-01 2.088652172868829884e-02 5.045177893737207153e-01 4.571437399999999762e+00 1.986349158481271956e-02 9.969663397185092313e-01 -7.525662210289607579e-02 -4.898657000000000150e-01 -5.045591028675719958e-01 7.497913495336594458e-02 8.601152486935199626e-01 5.316257499999999858e+00
8.681208353086686813e-01 1.587264193259368267e-02 4.960990571862225473e-01 4.590674899999999781e+00 2.231961934037574036e-02 9.972291890326807628e-01 -7.096322381151003167e-02 -4.932647000000000004e-01 -4.958508343196368906e-01 7.267739524295989406e-02 8.653611652513755192e-01 5.350118600000000058e+00
8.742550214166334710e-01 1.148174987155602469e-02 4.853311518413883086e-01 4.609375000000000000e+00 2.522988559581024540e-02 9.972946953851310470e-01 -6.904160651013978300e-02 -4.968952999999999842e-01 -4.848109016932519166e-01 7.260482061520208419e-02 8.716002120369237272e-01 5.383412400000000098e+00
8.808325177626085134e-01 8.222575930556396892e-03 4.733565938032870957e-01 4.627599199999999691e+00 2.907695355285975364e-02 9.970219872561434382e-01 -7.142609957078192850e-02 -5.002872000000000430e-01 -4.725342383616966124e-01 7.667819881085270739e-02 8.779702998410906511e-01 5.417110000000000092e+00
8.874226467056274270e-01 7.937057782610930021e-03 4.608883262003224401e-01 4.644459200000000010e+00 2.888494612003678075e-02 9.969292739234457690e-01 -7.278518174816762942e-02 -5.036017000000000410e-01 -4.600507645919326705e-01 7.790395309755927811e-02 8.844683533570613099e-01 5.450545800000000440e+00
8.935420651032572881e-01 6.995862259996587021e-03 4.489249779219747771e-01 4.661050799999999938e+00 2.902444057859018822e-02 9.968871020265125393e-01 -7.330544087775077433e-02 -5.068127999999999522e-01 -4.480403550352425879e-01 7.853129137115143210e-02 8.905575088311102894e-01 5.484273400000000187e+00
8.995456050503113365e-01 7.164132434838859503e-03 4.367681073992529805e-01 4.677259399999999623e+00 2.881378251763392837e-02 9.967148375226909662e-01 -7.569213036467026257e-02 -5.101291000000000020e-01 -4.358755216477472327e-01 8.067346446367501533e-02 8.963840258280668660e-01 5.518220399999999692e+00
