1.000000000000000000e+00 0.000000000000000000e+00 0.000000000000000000e+00 0.000000000000000000e+00 0.000000000000000000e+00 1.000000000000000000e+00 0.000000000000000000e+00 0.000000000000000000e+00 0.000000000000000000e+00 0.000000000000000000e+00 1.000000000000000000e+00 0.000000000000000000e+00
9.994625090663049605e-01 5.378230466140022535e-04 3.277809813361134278e-02 2.210800000000000178e-03 -4.756402561388189151e-04 9.999980726518816754e-01 -1.904851403330712735e-03 -1.306199999999999983e-03 -3.277905943179066500e-02 1.888236979979371908e-03 9.994608385644104809e-01 6.270069999999999810e-02
9.978476350006869611e-01 1.382207767264733182e-03 6.556055845722941200e-02 6.212900000000000367e-03 -1.066466618464056082e-03 9.999876662387393589e-01 -4.850775128922235613e-03 -2.804500000000000135e-03 -6.556645462801374835e-02 4.770416343232709161e-03 9.978368018646259774e-01 1.253877999999999937e-01
9.952108898912878088e-01 -2.627193176596088770e-03 9.771582521681813904e-02 1.293979999999999957e-02 3.519370258203207476e-03 9.999536733638596520e-01 -8.959082492596545308e-03 -4.338299999999999795e-03 -9.768776113094505831e-02 9.260074629090316381e-03 9.951740311840372444e-01 1.880431999999999937e-01
9.915839181049834750e-01 -8.463287506604497828e-03 1.291886454768761960e-01 2.210880000000000137e-02 1.030342500302411021e-02 9.998546724495016580e-01 -1.358209903169524391e-02 -6.532399999999999839e-03 -1.290549215984284070e-01 1.479887649385153506e-02 9.915270144911549899e-01 2.501258000000000092e-01
9.818889136380790639e-01 -2.091850156980843908e-02 1.882991703824179741e-01 4.662229999999999847e-02 2.551513220917600924e-02 9.994318803760655623e-01 -2.202032053150046811e-02 -1.109609999999999937e-02 -1.877315618189472624e-01 2.642598683182283484e-02 9.818648216108891713e-01 3.750271000000000021e-01
9.759539551936842194e-01 -2.892200254417675448e-02 2.160495200426023332e-01 6.189329999999999832e-02 3.519025880844502824e-02 9.990623098993853812e-01 -2.522194725827518400e-02 -1.368540000000000034e-02 -2.151174633236429268e-01 3.221829771013967614e-02 9.760565855860314777e-01 4.372700999999999949e-01
9.695969111876518998e-01 -3.340739494798743159e-02 2.424165336319982489e-01 7.875769999999999993e-02 4.272223644516984220e-02 9.985329146173970161e-01 -3.326903874188667093e-02 -1.702359999999999984e-02 -2.409494559622153698e-01 4.261413367036034211e-02 9.696016683582167062e-01 4.981801000000000146e-01
9.626822562570446218e-01 -3.408051856327035806e-02 2.684797790193971800e-01 9.651819999999999844e-02 4.837356813860944210e-02 9.977322571857117905e-01 -4.680107772951246081e-02 -2.080740000000000020e-02 -2.662759309314026157e-01 5.804189198814199702e-02 9.621477367748945131e-01 5.581570000000000142e-01
9.554054086343407581e-01 -2.829134304933288852e-02 2.939389478458298566e-01 1.153658000000000045e-01 4.909888661958564798e-02 9.967636768840250072e-01 -6.365117263143076076e-02 -2.455260000000000081e-02 -2.911868892738228576e-01 7.524474967134976711e-02 9.537024814699448516e-01 6.177076999999999707e-01
9.291863579107096927e-01 -2.339896194725592585e-02 3.688701680163650187e-01 1.812408000000000075e-01 6.029977062588499914e-02 9.942200563101312172e-01 -8.882802087824082093e-02 -4.233239999999999920e-02 -3.646596357359779828e-01 1.047805717223875277e-01 9.252266651228948646e-01 7.919650999999999774e-01
9.196282993665364502e-01 -2.569324114376662568e-02 3.919485276968652787e-01 2.061350000000000127e-01 6.439877653392384049e-02 9.942181145822714949e-01 -8.592518965592754743e-02 -4.834549999999999959e-02 -3.874746296019209169e-01 1.042602416839786272e-01 9.159657272075482082e-01 8.494074000000000346e-01
9.105011827367393007e-01 -3.048021229154543668e-02 4.123815622620161658e-01 2.329968000000000039e-01 6.877102591954037392e-02 9.945526268963866823e-01 -7.833018784268690193e-02 -5.472679999999999906e-02 -4.077476452770423254e-01 9.967963178181905859e-02 9.076374985526260986e-01 9.062938999999999856e-01
9.017577332914366028e-01 -3.889758082284474477e-02 4.304880586673927589e-01 2.604140999999999817e-01 7.733658502584161987e-02 9.943910275408155419e-01 -7.214940722460391753e-02 -6.070579999999999726e-02 -4.252670256034802310e-01 9.835376226891995310e-02 8.997080050671538709e-01 9.615036000000000138e-01
8.948869975457528492e-01 -4.051718343512907688e-02 4.444497940938119673e-01 2.882051999999999947e-01 8.004068794974547596e-02 9.942941249557919470e-01 -7.051724151530133766e-02 -6.634859999999999369e-02 -4.390566590954739223e-01 9.867902981322815292e-02 8.930239073950040352e-01 1.015998500000000027e+00
8.889323151019979941e-01 -4.201410269215742621e-02 4.561076126775073791e-01 3.162138999999999922e-01 8.410900051511151221e-02 9.938244164908855982e-01 -7.237890037089422801e-02 -7.169910000000000172e-02 -4.502499474733464013e-01 1.027026989008746061e-01 8.869764035411117353e-01 1.069663000000000030e+00
8.603514264992514482e-01 -3.558260326597229711e-02 5.084577674355261756e-01 4.937513000000000041e-01 8.649548674061838249e-02 9.932840692110460612e-01 -7.684587578425662591e-02 -1.059314999999999979e-01 -5.023086239496656891e-01 1.100937609329534356e-01 8.576511004536931937e-01 1.383016699999999988e+00
8.605509014295078529e-01 -3.330431393464348966e-02 5.082745013496193787e-01 5.257492999999999750e-01 8.566280802624749724e-02 9.931102934767084278e-01 -7.996141764416364595e-02 -1.109013999999999972e-01 -5.021095790461677089e-01 1.123510910670154905e-01 8.574748993213336945e-01 1.436978300000000042e+00
8.624626194313081973e-01 -3.567902388707620831e-02 5.048616021625649264e-01 5.578317999999999888e-01 8.749850525527994027e-02 9.930033987650351834e-01 -7.929856000697814433e-02 -1.164918999999999955e-01 -4.984999916366882888e-01 1.125666793307593810e-01 8.595501736621706801e-01 1.491268899999999897e+00
8.701220029211911289e-01 -3.310460173542639772e-02 4.917232813039801309e-01 6.214545000000000208e-01 8.287433381620980255e-02 9.933620768734157114e-01 -7.977235751971686883e-02 -1.279463999999999879e-01 -4.858184278379462651e-01 1.101629228627895030e-01 8.670897217701252213e-01 1.605244799999999916e+00
8.779252780151450830e-01 -2.998763948328570655e-02 4.778576646871438016e-01 6.858243000000000533e-01 7.798729028641321337e-02 9.936647118079912078e-01 -8.092232733507194464e-02 -1.405617999999999868e-01 -4.724036290883178446e-01 1.083105811348194086e-01 8.747020231132569545e-01 1.724154100000000023e+00
8.806300524634296245e-01 -2.661870577396722656e-02 4.730561860933394369e-01 7.188326000000000437e-01 7.362978324866607804e-02 9.939796349746583548e-01 -8.113655325683609421e-02 -1.468751000000000084e-01 -4.680484651369040128e-01 1.062823115977626492e-01 8.772882676318112249e-01 1.786103800000000019e+00
8.815839756968065766e-01 -2.370050801196109044e-02 4.714318399456993158e-01 7.516287999999999858e-01 6.967998715514549246e-02 9.943311069514088052e-01 -8.031406563513546204e-02 -1.534669999999999923e-01 -4.668558591092878962e-01 1.036529578389399076e-01 8.782378215190733695e-01 1.848907599999999984e+00
8.813704571405139854e-01 -2.064043002994450302e-02 4.719746708543801073e-01 7.840278999999999998e-01 6.578451874604729355e-02 9.946739988106029218e-01 -7.934754680187414144e-02 -1.598285999999999873e-01 -4.678231657082325134e-01 1.009832101802256021e-01 8.780340977937155511e-01 1.911953199999999908e+00
8.806173235760759166e-01 -2.082093127276353137e-02 4.733704872915545092e-01 8.527761000000000369e-01 6.518466822680636652e-02 9.948587040809936388e-01 -7.750559942641002675e-02 -1.734751999999999961e-01 -4.693230107781527494e-01 9.910927169150626770e-02 8.774470148213561194e-01 2.041252599999999973e+00
8.805340057024416689e-01 -2.067023765696740858e-02 4.735320539064032386e-01 8.885130999999999446e-01 6.484846655905118773e-02 9.949077735664062505e-01 -7.715697299710545798e-02 -1.801692000000000016e-01 -4.695258684956047923e-01 9.864716606340460936e-02 8.773905603783910268e-01 2.108191000000000148e+00
8.848958886228828202e-01 -2.215225258773610012e-02 4.652618015737030044e-01 1.209747600000000034e+00 6.084585662741408968e-02 9.958068467632966714e-01 -6.831182672580471404e-02 -2.430972000000000133e-01 -4.617976267041601357e-01 8.875810748674928252e-02 8.825332573482858045e-01 2.714948699999999882e+00
8.865267970659354013e-01 -2.167240837916163329e-02 4.621693897253048022e-01 1.279752699999999965e+00 6.065853751133151728e-02 9.957247315253437980e-01 -6.966204745604662185e-02 -2.558703999999999978e-01 -4.586837471624651275e-01 8.979179107150581096e-02 8.840512735951296941e-01 2.849174300000000049e+00
8.846466367458658553e-01 -1.777035306935388984e-02 4.659233227109569886e-01 1.349577199999999921e+00 5.907262491742600041e-02 9.954927715361007179e-01 -7.419276787354492364e-02 -2.692873000000000072e-01 -4.625048681685341445e-01 9.315769625298342405e-02 8.817090736457483535e-01 2.983257300000000001e+00
8.794917581749921442e-01 -1.765005207108288204e-02 4.755867144529473123e-01 1.421526199999999962e+00 5.940995653691776707e-02 9.955668960766087539e-01 -7.291784761406774895e-02 -2.829091000000000244e-01 -4.721913853158936636e-01 9.238523203561771480e-02 8.766414686376536869e-01 3.116614600000000124e+00
8.763976450997051915e-01 -1.995950008242888818e-02 4.811743821320402237e-01 1.457659500000000108e+00 6.086540490825816108e-02 9.957195697156205894e-01 -6.955530871682694127e-02 -2.895855999999999986e-01 -4.777264595446277795e-01 9.024498236355768532e-02 8.738611291327451625e-01 3.182850800000000202e+00
8.735293327005112518e-01 -1.779690119916433819e-02 4.864460660952115711e-01 1.494029300000000005e+00 5.827230745198866413e-02 9.959681687469856826e-01 -6.820370244346507516e-02 -2.963592999999999922e-01 -4.832709830892194525e-01 8.792426940545483571e-02 8.710444763348748065e-01 3.249084199999999978e+00
8.678426247015421646e-01 -1.771220543387277274e-02 4.965233695706643968e-01 1.566305499999999906e+00 6.113324396147506307e-02 9.955771445535168684e-01 -7.133635626672138463e-02 -3.099182999999999799e-01 -4.930637942841525345e-01 9.226281494369287239e-02 8.650870867980754442e-01 3.375562400000000185e+00
8.629790784283167815e-01 -1.383020695959767676e-02 5.050503297399852043e-01 1.639875399999999983e+00 5.914982095354359704e-02 9.955167746083937175e-01 -7.380819842310563927e-02 -3.232787999999999773e-01 -5.017652926181491724e-01 9.356856763227432150e-02 8.599282029768925417e-01 3.502336000000000116e+00
8.609897532299028988e-01 -1.497263033055144105e-02 5.084018736925500770e-01 1.677017200000000097e+00 6.016694219325915277e-02 9.955465009565933610e-01 -7.257481312546873453e-02 -3.294154000000000249e-01 -5.050510705861576133e-01 9.307515658900794575e-02 8.580561935710899757e-01 3.565076599999999818e+00
8.596328217812797545e-01 -2.034341797548997258e-02 5.105071567191090676e-01 1.714768800000000093e+00 6.149209639533601002e-02 9.960630227925019176e-01 -6.385277367797403958e-02 -3.355747000000000035e-01 -5.071983180150159143e-01 8.628209530683861317e-02 8.574994263742690137e-01 3.627765699999999871e+00
8.583842759602470229e-01 -2.526842273713682252e-02 5.123845641669738660e-01 1.752060399999999962e+00 6.106053941142101926e-02 9.967185135369637239e-01 -5.313958316972095669e-02 -3.418413000000000146e-01 -5.093604277041835493e-01 7.690066049809154980e-02 8.571104031010057245e-01 3.689925899999999981e+00
8.572826492731226988e-01 -2.740205088920733695e-02 5.141163164715951694e-01 1.788824399999999981e+00 6.234010261392126245e-02 9.967600308829508426e-01 -5.082472272727785179e-02 -3.472599000000000102e-01 -5.110578938450534014e-01 7.562121687254309832e-02 8.562133266291608313e-01 3.751690899999999829e+00
8.563413679618963048e-01 -2.395485017430821692e-02 5.158542688301361867e-01 1.824414100000000039e+00 6.178286597232562904e-02 9.965011720871002066e-01 -5.628757857006323750e-02 -3.523417999999999828e-01 -5.127010230040442984e-01 8.007233718433502678e-02 8.548251761784069203e-01 3.812415399999999899e+00
8.555495457003416959e-01 -2.209266180402008270e-02 5.172493491019123368e-01 1.861382799999999893e+00 6.367317856866688830e-02 9.959943610846478945e-01 -6.277705805902858427e-02 -3.576505999999999852e-01 -5.137905226674597259e-01 8.664379367269867127e-02 8.535292331461771242e-01 3.873035199999999900e+00
8.550766381253456228e-01 -2.664946798044132842e-02 5.178163272711822085e-01 1.898130199999999990e+00 6.955381650711964236e-02 9.955475232572924549e-01 -6.361914448941230482e-02 -3.632987999999999773e-01 -5.138153457629992538e-01 9.041534600182771220e-02 8.531230014867841049e-01 3.933012699999999917e+00
8.549686337506788858e-01 -2.976357464742647452e-02 5.178250331209419688e-01 1.935494199999999942e+00 7.282885751720938328e-02 9.953504517758809955e-01 -6.303519383873948390e-02 -3.689833000000000141e-01 -5.135412279605557906e-01 9.160571911052561855e-02 8.531610629951462688e-01 3.993792800000000032e+00
8.552575256402691339e-01 -2.996838192691256286e-02 5.173359265703157961e-01 1.971913800000000050e+00 7.116170205324734432e-02 9.956605513460077272e-01 -5.996731321519044311e-02 -3.744381999999999988e-01 -5.132938505345346902e-01 8.810200098775625155e-02 8.536787805875135637e-01 4.054481000000000002e+00
8.558458431995917826e-01 -3.129754508638900312e-02 5.162832133137249535e-01 2.008682999999999996e+00 6.978694902850067494e-02 9.960276143101753910e-01 -5.530617756520386785e-02 -3.794064999999999799e-01 -5.125013896793579882e-01 8.336339246423371541e-02 8.546302536030309094e-01 4.115228700000000295e+00
8.561797101958300571e-01 -3.132539550005222079e-02 5.157276640299121029e-01 2.044193299999999880e+00 6.625436199436043894e-02 9.965762105531946746e-01 -4.945923651002667731e-02 -3.845947000000000116e-01 -5.124125909515736543e-01 7.651520212480533711e-02 8.553237752325697496e-01 4.175982499999999931e+00
8.567766045830405020e-01 -2.417322999690600313e-02 5.151208642548591454e-01 2.079392700000000094e+00 5.737777525468845674e-02 9.971669850733116958e-01 -4.863943653687084756e-02 -3.892100000000000004e-01 -5.124857468710507513e-01 7.122962046310866990e-02 8.557363498313618200e-01 4.236854600000000026e+00
8.578546007257042971e-01 -1.893163701862008927e-02 5.135436467658203163e-01 2.114393900000000048e+00 5.030795267968389550e-02 9.976149244363322621e-01 -4.726068597756131334e-02 -3.938864999999999728e-01 -5.114240842108641605e-01 6.637812637975094854e-02 8.567609645796152584e-01 4.297580700000000142e+00
8.591340257791393320e-01 -2.263537310544232184e-02 5.112498074649088897e-01 2.150330999999999992e+00 5.366920535464141107e-02 9.974975231381969509e-01 -4.602507718367758460e-02 -3.987409000000000092e-01 -5.089286218568674913e-01 6.698008075196362765e-02 8.581988852459142558e-01 4.357292199999999838e+00
8.606955785627022903e-01 -2.534473521315548997e-02 5.084887072881659753e-01 2.185639399999999899e+00 5.742050221933919785e-02 9.972200065591452223e-01 -4.748836113256658248e-02 -4.035558000000000201e-01 -5.058715320785446279e-01 7.007069940533799945e-02 8.597581579242808969e-01 4.417220600000000275e+00
8.637403418512665798e-01 -2.664423335659863237e-02 5.032322591880376006e-01 2.220707400000000220e+00 5.982870839016872500e-02 9.969604467507604539e-01 -4.990384020181461849e-02 -4.082312000000000163e-01 -5.003730083757729208e-01 7.321169608309324728e-02 8.627090471564649032e-01 4.477244400000000013e+00
8.682848419407453999e-01 -3.177413742483556347e-02 4.950473082916848067e-01 2.255367300000000075e+00 6.484239393492205461e-02 9.966540764103533068e-01 -4.976058604371565858e-02 -4.130143000000000009e-01 -4.918098181255871615e-01 7.530641516851874218e-02 8.674399383414066467e-01 4.536984399999999695e+00
8.725886875990737090e-01 -3.849014287343897889e-02 4.869368451613703686e-01 2.289483499999999783e+00 7.168859208148740947e-02 9.961869849901031637e-01 -4.972159190635363352e-02 -4.179950000000000054e-01 -4.831663564855278592e-01 7.829431548912171857e-02 8.720207979874043946e-01 4.597062600000000110e+00
8.780431378956154997e-01 -3.598453518063529644e-02 4.772267398441277231e-01 2.321905399999999897e+00 6.849660503498894437e-02 9.963521704616402630e-01 -5.089761797038575009e-02 -4.223289000000000071e-01 -4.736543709215633169e-01 7.737871570536841714e-02 8.773050046948813740e-01 4.658080100000000279e+00
8.839956274726004093e-01 -3.498923416958923949e-02 4.661839595069195430e-01 2.353768800000000105e+00 6.593593256065616304e-02 9.965585806220526033e-01 -5.023393460517003306e-02 -4.268267000000000033e-01 -4.628219780938240269e-01 7.514485265662276814e-02 8.832604755747504033e-01 4.719680799999999898e+00
8.901110936600826751e-01 -3.733338562514395415e-02 4.542119100827453071e-01 2.385108699999999970e+00 6.582759030946135070e-02 9.967198617972419239e-01 -4.707701618557401380e-02 -4.316019999999999857e-01 -4.509644878449979855e-01 7.180344989379955356e-02 8.896489730708665444e-01 4.781204200000000348e+00
8.958186808460085748e-01 -3.758711657472286333e-02 4.428273926880713085e-01 2.415337300000000020e+00 6.522514633075940371e-02 9.967468380292158203e-01 -4.734364967861431905e-02 -4.362697999999999854e-01 -4.396072921750139861e-01 7.129480728887993557e-02 8.953560627594998600e-01 4.842899799999999644e+00
9.015973298768363842e-01 -3.826868680037658066e-02 4.308802181227791572e-01 2.444595300000000027e+00 6.483002566916004628e-02 9.967830015501705221e-01 -4.712446914681242549e-02 -4.404390999999999723e-01 -4.276906855786026251e-01 7.042127115586249708e-02 9.011778526118456867e-01 4.904754200000000175e+00
9.072835606759294125e-01 -3.915338558368840205e-02 4.186926712094947711e-01 2.473016700000000068e+00 6.541683195468783740e-02 9.966761462078153055e-01 -4.855201002378546626e-02 -4.448249000000000231e-01 -4.154000224172108013e-01 7.143998864552437988e-02 9.068291732173751063e-01 4.966268999999999600e+00
9.129094539193649549e-01 -3.827709267670534321e-02 4.063633757130012403e-01 2.500256799999999835e+00 6.551246292367966795e-02 9.964262465984344841e-01 -5.331840480949599781e-02 -4.504792000000000241e-01 -4.028702596945081260e-01 7.529674140342794419e-02 9.121545672679082228e-01 5.027840099999999701e+00
9.180976757535846966e-01 -3.753085258181324685e-02 3.945733048247789254e-01 2.527391399999999955e+00 6.781045849947328619e-02 9.957025129283663123e-01 -6.307334988905950734e-02 -4.551621000000000139e-01 -3.905104345519552211e-01 8.466369264695884633e-02 9.166971471829855611e-01 5.089880499999999586e+00
9.235178339151917104e-01 -3.479490131012769050e-02 3.819739850872189146e-01 2.552835899999999825e+00 6.625113321205038097e-02 9.953790838313155698e-01 -6.950731486145922400e-02 -4.599037000000000264e-01 -3.777904151625760543e-01 8.949745423166710623e-02 9.215555370661819845e-01 5.152020900000000125e+00
9.282352389005769089e-01 -3.549672196793635104e-02 3.702962651617214274e-01 2.577271000000000090e+00 6.478391019951802721e-02 9.956507257567136504e-01 -6.695279889138322504e-02 -4.657135000000000025e-01 -3.663091402660458851e-01 8.613718726345925836e-02 9.264977057326639898e-01 5.214695500000000372e+00
9.329948020826349664e-01 -3.648363310292308814e-02 3.580358135751171011e-01 2.601644999999999985e+00 6.349128481530490198e-02 9.959303653892855879e-01 -6.396533473738622022e-02 -4.717045999999999739e-01 -3.542450508324521130e-01 8.241147863723433109e-02 9.315142468848975899e-01 5.277785299999999680e+00
9.368711877738938876e-01 -3.356980708972304162e-02 3.480595431403828988e-01 2.624192199999999975e+00 6.029575897274479235e-02 9.959804493406609893e-01 -6.623719484606574448e-02 -4.775551000000000101e-01 -3.444369303211168853e-01 8.304223373160066202e-02 9.351295035704050296e-01 5.339651100000000206e+00
9.396024666559333882e-01 -2.667821119155962262e-02 3.412264317161025629e-01 2.645990100000000123e+00 5.503185028015902813e-02 9.957621057869822101e-01 -7.368394759658850046e-02 -4.832618000000000191e-01 -3.378145942803946200e-01 8.801194081653457291e-02 9.370886821239914344e-01 5.401822100000000404e+00
9.416562748228561874e-01 -1.988771581682194714e-02 3.359880040214690555e-01 2.667479800000000179e+00 4.987439603730041415e-02 9.954771678765460541e-01 -8.085637177369199569e-02 -4.895399999999999752e-01 -3.328603381399711236e-01 9.289610861645557216e-02 9.383892093887609143e-01 5.463584899999999855e+00
9.429368916542455459e-01 -1.644557933044050665e-02 3.325651233637041959e-01 2.688789599999999780e+00 4.713428498584278092e-02 9.953145851746542094e-01 -8.442295728935089727e-02 -4.958960000000000035e-01 -3.296185333628905423e-01 9.528074023165647444e-02 9.392939917856414356e-01 5.526445400000000063e+00
9.443165058835405468e-01 -1.554283781238113317e-02 3.286711987817599878e-01 2.709966899999999956e+00 4.588366564297212402e-02 9.953443639000114640e-01 -8.476017036111703484e-02 -5.025064000000000197e-01 -3.258236117028124879e-01 9.512106730488077699e-02 9.406332742422602866e-01 5.588371800000000000e+00
9.459746304079059698e-01 -1.506648383741609858e-02 3.238904130865911668e-01 2.730469199999999930e+00 4.495671077775719587e-02 9.953660644766344490e-01 -8.500171671408476848e-02 -5.094370999999999761e-01 -3.211088488046862643e-01 9.497051517746604721e-02 9.422683845201726971e-01 5.649906599999999557e+00
9.480517827005071618e-01 -1.316118581447147176e-02 3.178436730632641094e-01 2.751122000000000067e+00 4.132454729515296077e-02 9.957728641691430127e-01 -8.202856072876167637e-02 -5.155823000000000489e-01 -3.154205115544023164e-01 9.090206913122732268e-02 9.445881190859964915e-01 5.712934999999999874e+00
9.498030060494454530e-01 -1.454093818119191889e-02 3.125104971296928658e-01 2.771086500000000008e+00 4.100618855142678515e-02 9.960876056390511879e-01 -7.828137960426356790e-02 -5.222516999999999854e-01 -3.101495481214213146e-01 8.716675403542759049e-02 9.466832705773380319e-01 5.775078800000000179e+00
9.517849142735830270e-01 -1.333899136417026655e-02 3.064760158162702641e-01 2.790942699999999999e+00 3.849421982949393500e-02 9.963506023841299797e-01 -7.618183621113261417e-02 -5.285800999999999972e-01 -3.043413741195021283e-01 8.430627757271597078e-02 9.488249467424880734e-01 5.837538200000000010e+00
9.537618011976113364e-01 -5.679679683793972811e-03 3.005098464526207991e-01 2.809514300000000020e+00 3.020107245126212731e-02 9.965722505992045122e-01 -7.701717054287339492e-02 -5.349933999999999523e-01 -2.990423411476740290e-01 8.253175494514779220e-02 9.506640771726847516e-01 5.899837999999999916e+00
9.556135222397523776e-01 1.792883916746658077e-03 2.946176873166225785e-01 2.826928099999999944e+00 2.274324811857357520e-02 9.965486982239886160e-01 -7.983380695601666188e-02 -5.410532000000000119e-01 -2.937440055176465115e-01 8.299082862180981457e-02 9.522746355894995407e-01 5.961858300000000277e+00
9.577541029948435369e-01 1.015345150240104174e-03 2.875865909091879224e-01 2.845291899999999874e+00 2.403418132716419325e-02 9.962129876764986847e-01 -8.355861004467078634e-02 -5.475584999999999480e-01 -2.865823377748107914e-01 8.694050988400199576e-02 9.541026734144675281e-01 6.022917299999999585e+00
9.618467562373804736e-01 -2.039532649209530035e-04 2.735886984484095508e-01 2.881053000000000086e+00 2.439721743278509825e-02 9.960796579591810751e-01 -8.502994050014470173e-02 -5.599819000000000324e-01 -2.724987950380082791e-01 8.846057541632018628e-02 9.580809638542282514e-01 6.147012700000000329e+00
9.638005050629881998e-01 -8.303281868614949962e-04 2.666231366468988506e-01 2.897809500000000149e+00 2.311164993380668276e-02 9.964913409499678298e-01 -8.044164996487804253e-02 -5.665812000000000070e-01 -2.656208539961912862e-01 8.369180346268620396e-02 9.604380479528583647e-01 6.209054000000000073e+00
9.657260471758525311e-01 -4.353769418871805685e-04 2.595631180522793846e-01 2.914074700000000018e+00 2.138444756108442285e-02 9.967325307412876478e-01 -7.789074119929345619e-02 -5.730444999999999567e-01 -2.586810917106433516e-01 8.077173149677152608e-02 9.625798772997506969e-01 6.271292700000000053e+00
9.674707661624788457e-01 1.490859254259945324e-03 2.529784456424498673e-01 2.929813600000000129e+00 1.981438218977969734e-02 9.964641689197986096e-01 -8.164894559890074899e-02 -5.793422000000000294e-01 -2.522056836778729938e-01 8.400557956266298254e-02 9.640204125032403315e-01 6.333339200000000169e+00
9.690792698873638145e-01 1.926708230453043000e-03 2.467420849185815446e-01 2.945082199999999872e+00 1.952348599803587631e-02 9.962357831898384086e-01 -8.445766860749712168e-02 -5.856259000000000325e-01 -2.459760194999876248e-01 8.666344147057633562e-02 9.653938293481151289e-01 6.395135899999999651e+00
9.708856846405516938e-01 2.935353263383887537e-03 2.395253035928906760e-01 2.960145199999999921e+00 1.817189352131833024e-02 9.961410401713207685e-01 -8.586507073454890948e-02 -5.914979999999999682e-01 -2.388530293839648266e-01 8.771779629937337397e-02 9.670857348583343782e-01 6.455544899999999586e+00
9.725470494800583232e-01 3.328825359903676839e-03 2.326825207645735194e-01 2.974208799999999986e+00 1.694456683301801339e-02 9.962303848924501937e-01 -8.507585951303589522e-02 -5.983230999999999966e-01 -2.320885998976991993e-01 8.668298067535343265e-02 9.688245159257490302e-01 6.516703599999999597e+00
9.744481402071711873e-01 -1.256272057406139855e-03 2.246090911501647525e-01 2.988811000000000107e+00 2.070171846762783319e-02 9.962303712518970622e-01 -8.424064486810695085e-02 -6.045711000000000279e-01 -2.236565690948341123e-01 8.673793389184006331e-02 9.708008394747619230e-01 6.578630000000000422e+00
9.776733658374197056e-01 -6.039125506118056541e-03 2.100436114126115195e-01 3.016053400000000106e+00 2.436566251896521429e-02 9.961023121982278683e-01 -8.477321583705535457e-02 -6.175671999999999828e-01 -2.087129709005712264e-01 8.799836701022031860e-02 9.740098475792694499e-01 6.699830500000000022e+00
9.792830144735151787e-01 -7.238642740530105979e-04 2.024950705182176069e-01 3.028695100000000195e+00 1.837771870752607714e-02 9.961845183915264412e-01 -8.531509111610632856e-02 -6.237335000000000518e-01 -2.016606977543522750e-01 8.726901705390768815e-02 9.755598811163118667e-01 6.760095599999999649e+00
9.804024304255090083e-01 3.608798115672829689e-03 1.969722086790803572e-01 3.040177100000000188e+00 1.317087208635675868e-02 9.963945783770403741e-01 -8.381152849891690404e-02 -6.309325999999999546e-01 -1.965644997049052212e-01 8.476332200309427689e-02 9.768201352852837749e-01 6.822652800000000184e+00
9.822223374691754216e-01 -1.270924190463363496e-03 1.877169798614168328e-01 3.064060399999999795e+00 1.714527960909861815e-02 9.964048810638230780e-01 -8.296597121298955602e-02 -6.438030999999999615e-01 -1.869366715326752360e-01 8.470949028232242772e-02 9.787129216948113886e-01 6.945973399999999742e+00
9.831338583032543932e-01 -1.989595082284129415e-03 1.828766200725640556e-01 3.075424400000000169e+00 1.768227068545250025e-02 9.962903038978856429e-01 -8.421975814774752822e-02 -6.500785000000000036e-01 -1.820306401712710742e-01 8.603296967132571804e-02 9.795219110200495960e-01 7.007453400000000165e+00
9.841758036647884067e-01 -8.747966448359234537e-03 1.769787008760831670e-01 3.087258600000000186e+00 2.362983817578468565e-02 9.963392594386853984e-01 -8.215662388972824748e-02 -6.563368000000000535e-01 -1.756121243779995289e-01 8.503853940532149491e-02 9.807797044123902630e-01 7.069576699999999825e+00
9.849760042382629255e-01 -1.657615941233726853e-02 1.718938684594722988e-01 3.098429700000000064e+00 3.056497473348828570e-02 9.964014839509501842e-01 -7.905608831636917744e-02 -6.627549999999999830e-01 -1.699648592926396584e-01 8.312228172686986216e-02 9.819382021726988929e-01 7.131254199999999877e+00
9.858128247865003413e-01 -1.836419878404330075e-02 1.668407345029410405e-01 3.109289200000000086e+00 3.180518014552206202e-02 9.964262525699181250e-01 -7.825058277981369881e-02 -6.687328999999999635e-01 -1.648074785996424818e-01 8.244682766783528738e-02 9.828738553879325934e-01 7.192863899999999866e+00
9.865471379089469917e-01 -1.617513143818415100e-02 1.626748591719772152e-01 3.119103400000000192e+00 2.956494672053087969e-02 9.963378674901443022e-01 -8.022946921551915578e-02 -6.749256000000000144e-01 -1.607814000718905123e-01 8.395962677471377478e-02 9.834124884618730134e-01 7.254371599999999809e+00
9.871205053659601880e-01 -1.489867970277657105e-02 1.592831982010826652e-01 3.128446299999999791e+00 2.835344137601020220e-02 9.961847567639201539e-01 -8.253491838819651538e-02 -6.807301999999999520e-01 -1.574458327431642601e-01 8.598813717207262619e-02 9.837768293761997018e-01 7.315601799999999599e+00
9.875138438850523670e-01 -1.260789352187303286e-02 1.570269058356227876e-01 3.138255599999999923e+00 2.580963164600030141e-02 9.962716761889190975e-01 -8.232016847662237957e-02 -6.871032000000000250e-01 -1.554035747647595778e-01 8.534511259974308928e-02 9.841574775947551368e-01 7.377199599999999968e+00
9.876398973933580017e-01 -1.192471429847377640e-02 1.562857455615739577e-01 3.147405099999999845e+00 2.490202057016791676e-02 9.963750379021162340e-01 -8.134293587693580685e-02 -6.931492000000000209e-01 -1.547492243869422468e-01 8.422935969396971867e-02 9.843566896797032451e-01 7.438865200000000399e+00
9.880348009122587039e-01 -1.398227781719579496e-02 1.535959898347482588e-01 3.166789500000000146e+00 2.522692115221287015e-02 9.971210952469428124e-01 -7.150611066697185048e-02 -7.050745999999999958e-01 -1.521539833045897350e-01 7.452527974170874980e-02 9.855430726477492076e-01 7.562076600000000148e+00
9.881807528583173017e-01 -1.558538851620710000e-02 1.524988371928395481e-01 3.175993899999999925e+00 2.650873800597348603e-02 9.972045096377287754e-01 -6.986023738513599812e-02 -7.105683999999999889e-01 -1.509837292217276195e-01 7.307709369546502853e-02 9.858314520684173798e-01 7.623114600000000074e+00
9.883203076338269444e-01 -1.435267826202103053e-02 1.517134474767625196e-01 3.184984200000000154e+00 2.593860602877681026e-02 9.968711723339040987e-01 -7.466628748579552666e-02 -7.162950999999999624e-01 -1.501671010436752551e-01 7.772944356120446707e-02 9.856003121792342725e-01 7.684196899999999886e+00
9.884088766429501849e-01 -9.934707140271330228e-03 1.514899144083803051e-01 3.202900899999999940e+00 2.198764729553936981e-02 9.967033068604316259e-01 -7.809648814055059063e-02 -7.273910000000000098e-01 -1.502146329084763365e-01 8.052216891960400913e-02 9.853688367168176310e-01 7.804354700000000200e+00
9.885069178985605998e-01 -8.437544359486515155e-03 1.509399917578838068e-01 3.211708999999999925e+00 2.033803392445850122e-02 9.967869468332679617e-01 -7.747352450288727543e-02 -7.335935000000000095e-01 -1.498013272397007434e-01 7.965293759801703177e-02 9.855023956790924800e-01 7.865116099999999832e+00
9.885132330508171750e-01 -1.279084895644484222e-02 1.505921055912098072e-01 3.220813999999999844e+00 2.465850989330822807e-02 9.967102465139910938e-01 -7.720519661176021564e-02 -7.396374999999999478e-01 -1.491091746783620720e-01 8.003173543659004852e-02 9.855766714719587096e-01 7.925163699999999700e+00
9.886810106183910873e-01 -1.049541493109790863e-02 1.496653116390733174e-01 3.229626899999999967e+00 2.270628478153390029e-02 9.965270438682128917e-01 -8.011414026687732615e-02 -7.452950999999999881e-01 -1.483046994333515056e-01 8.260567235187363244e-02 9.854856767205082413e-01 7.984240500000000296e+00
9.886432254249386542e-01 -1.058063452064092469e-03 1.502779202780815393e-01 3.237201499999999843e+00 1.359611862825764808e-02 9.965041443876591076e-01 -8.242958071266626163e-02 -7.512507999999999964e-01 -1.496653546403454438e-01 8.353664297750432177e-02 9.852014570129444815e-01 8.043551400000000129e+00
9.887396495452592804e-01 5.340439321053901990e-03 1.495506105804184638e-01 3.245224700000000073e+00 7.521450914447472443e-03 9.963264019656197235e-01 -8.530608725280887372e-02 -7.570890000000000120e-01 -1.494567937340400277e-01 8.547034839112581384e-02 9.850672496599611749e-01 8.102506599999999892e+00
9.887610118340403043e-01 2.651965279789306358e-03 1.494811980052324629e-01 3.254067699999999785e+00 1.069601218938548079e-02 9.960257942597662284e-01 -8.842065648052158111e-02 -7.632179000000000046e-01 -1.491216174810655604e-01 8.902575048465852237e-02 9.848031066921316690e-01 8.161115600000000470e+00
9.888393521659571972e-01 2.548189420026915342e-04 1.489854713564948696e-01 3.262690500000000160e+00 1.314478730536605515e-02 9.959495846855209722e-01 -8.894739642864747664e-02 -7.698492999999999586e-01 -1.484046838031294890e-01 8.991306819392318184e-02 9.848307925695907183e-01 8.219420400000000626e+00
9.891748055142214335e-01 8.906662427398967866e-04 1.467392614454163802e-01 3.271808899999999909e+00 1.246555631699558173e-02 9.958569380904431778e-01 -9.007535047300745112e-02 -7.763084000000000096e-01 -1.462115386746546397e-01 9.092945381322466158e-02 9.850654904053935956e-01 8.278038000000000451e+00
9.894786096339408532e-01 -9.411922199228726915e-03 1.443727702768048404e-01 3.281506300000000209e+00 2.232415554267865032e-02 9.958632572219738854e-01 -8.807953788790601202e-02 -7.823358000000000256e-01 -1.429465395040736553e-01 9.037581886631204653e-02 9.855955043566574370e-01 8.336500199999999694e+00
9.899120361806654778e-01 -1.649027759801457993e-02 1.407204013972007117e-01 3.290485100000000163e+00 2.846933201704629490e-02 9.960974128466817401e-01 -8.354305030731427884e-02 -7.890316000000000551e-01 -1.387935796755456752e-01 8.670648686740618782e-02 9.865182853733427404e-01 8.393268600000000745e+00
9.900255938694677571e-01 -2.070286176831058825e-02 1.393582254408042842e-01 3.297857000000000038e+00 3.177881833892187702e-02 9.964679562099120202e-01 -7.772849510843896081e-02 -7.952270000000000172e-01 -1.372568037963495802e-01 8.138183926063013995e-02 9.871866926018437738e-01 8.449061399999999722e+00
9.904675481032809703e-01 -2.203565987148094901e-02 1.359722980915712975e-01 3.305443499999999979e+00 3.276108900323924239e-02 9.964808641969179481e-01 -7.715308377949194052e-02 -8.009298999999999724e-01 -1.337936739969291522e-01 8.087222627943334297e-02 9.877038705072546110e-01 8.506565999999999406e+00
9.911712183006228249e-01 -2.251432956775772931e-02 1.306626227219306047e-01 3.313469200000000114e+00 3.349163464597117862e-02 9.960336886314297145e-01 -8.243301231914890170e-02 -8.066288000000000347e-01 -1.282884500693650398e-01 8.608133407064832987e-02 9.879939663294596830e-01 8.563846599999999754e+00
9.919154810718020521e-01 -2.449317617372206990e-02 1.245141065543125258e-01 3.319949600000000167e+00 3.528817506401780990e-02 9.957349419858120276e-01 -8.524476528891859750e-02 -8.127748000000000195e-01 -1.218951316121645312e-01 8.894947796043888022e-02 9.885492234885516760e-01 8.620228799999999580e+00
9.929301985610724524e-01 -2.254812225871657277e-02 1.165384184210309509e-01 3.326001900000000067e+00 3.278523780758419576e-02 9.956959746856949289e-01 -8.668710501916708500e-02 -8.178258000000000472e-01 -1.140822026758313706e-01 8.989498416101936173e-02 9.893958474014941107e-01 8.677045800000000142e+00
9.939442162266637348e-01 -2.606095135092983961e-02 1.067507463404705759e-01 3.331864400000000170e+00 3.498925589788808022e-02 9.959652966185971179e-01 -8.263703711497619175e-02 -8.234472000000000458e-01 -1.041664389392050194e-01 8.587173426753599847e-02 9.908457994322883433e-01 8.734146100000000246e+00
9.950731022818656291e-01 -2.997939938232198342e-02 9.450268106153887626e-02 3.337480799999999803e+00 3.769416269548923892e-02 9.960061865222410438e-01 -8.093717630427137155e-02 -8.294278000000000484e-01 -9.169880704692780216e-02 8.410060655011920849e-02 9.922290142724472517e-01 8.790283199999999297e+00
9.961196395832140338e-01 -3.474886591855243928e-02 8.085901281849992850e-02 3.342220999999999886e+00 4.152173291952656470e-02 9.956300293333903983e-01 -8.364681933553602677e-02 -8.350096000000000185e-01 -7.759902919474813421e-02 8.667964586318269160e-02 9.932094591077281764e-01 8.846814200000000739e+00
9.971563761899802092e-01 -3.422081476762774827e-02 6.714236561446403073e-02 3.345110700000000215e+00 3.992263432029993092e-02 9.955375903112497760e-01 -8.550490948593433838e-02 -8.404285000000000228e-01 -6.391670120237950836e-02 8.794226579927266751e-02 9.940728409897816586e-01 8.902359000000000577e+00
9.979055406864449917e-01 -3.675130740569122756e-02 5.323413633436932524e-02 3.348109500000000072e+00 4.123639125011528683e-02 9.954618706965644437e-01 -8.576260272381999727e-02 -8.461275000000000324e-01 -4.984066516371196687e-02 8.777816011553640774e-02 9.948924076013295759e-01 8.958357799999999926e+00
9.985079285236883040e-01 -3.759334665281880566e-02 3.960627428544815504e-02 3.350106199999999923e+00 4.097304681715904090e-02 9.952512088481099140e-01 -8.829632337133236364e-02 -8.518615999999999966e-01 -3.609883806789420529e-02 8.978736867631770258e-02 9.953065368600424456e-01 9.012769699999999773e+00
9.990143034723609761e-01 -3.591067252995258641e-02 2.609300780056053246e-02 3.350844899999999793e+00 3.822928652177387532e-02 9.947812779289940677e-01 -9.459773112497861514e-02 -8.586114999999999720e-01 -2.255976750034720604e-02 9.550200354130870817e-02 9.951735648669162160e-01 9.067201600000000639e+00
9.994972901261507392e-01 -2.840378360387792872e-02 1.408517332038377277e-02 3.350008700000000061e+00 2.972421072013985838e-02 9.940643092708767448e-01 -1.046547673585845328e-01 -8.647274000000000349e-01 -1.102897672252045429e-02 1.050208270334927474e-01 9.944088633764560647e-01 9.120669400000000593e+00
9.996740625699717109e-01 -2.552943294457239720e-02 1.291447903534633217e-04 3.349308999999999870e+00 2.538173933194629028e-02 9.933213450245740317e-01 -1.125543105663058818e-01 -8.711489000000000038e-01 2.745165447368263893e-03 1.125209028229861297e-01 9.936455658304759186e-01 9.173955899999999275e+00
9.996049730124870747e-01 -2.500216235064399439e-02 -1.283704820030555707e-02 3.348245599999999822e+00 2.337647463867630060e-02 9.931938015398632524e-01 -1.141035188601203093e-01 -8.772786999999999669e-01 1.560251140593243643e-02 1.137583599591104749e-01 9.933859255985264536e-01 9.227518099999999279e+00
9.994733768170998012e-01 -2.079298749322889758e-02 -2.491226013291514274e-02 3.346295800000000042e+00 1.790418074200767970e-02 9.936544863179864739e-01 -1.110414433087759112e-01 -8.835596000000000005e-01 2.706306238734131064e-02 1.105369327023551784e-01 9.935034862359436447e-01 9.281532300000000291e+00
9.992142085748415559e-01 -1.684943450668721990e-02 -3.587564548489346333e-02 3.343625999999999987e+00 1.286002945497234998e-02 9.939955110561359275e-01 -1.086625217941687843e-01 -8.905650000000000510e-01 3.749113261252775414e-02 1.081157738586549649e-01 9.934311221309577444e-01 9.334304799999999958e+00
9.988649723905907996e-01 -1.470992758247258170e-02 -4.530325553050990051e-02 3.341001499999999957e+00 9.389758574851522072e-03 9.932650736667952840e-01 -1.154830111644205709e-01 -8.974115999999999760e-01 4.669688817309206041e-02 1.149265481262449623e-01 9.922758130533746446e-01 9.386888499999999524e+00
9.985847609118045920e-01 -1.247934071877586718e-02 -5.169856216510167884e-02 3.337467199999999856e+00 6.007510864144395557e-03 9.923268601379685583e-01 -1.234962042410120836e-01 -9.043105999999999645e-01 5.284302307714205255e-02 1.230108479116589354e-01 9.909974501521804369e-01 9.438813200000000236e+00
9.984130151574647227e-01 -1.100090357367951299e-02 -5.523070961650396876e-02 3.334337899999999966e+00 3.929511851801428118e-03 9.919532325056586997e-01 -1.265438400641499817e-01 -9.111089999999999467e-01 5.617837752006132196e-02 1.261259871800305410e-01 9.904222459421416769e-01 9.490977300000000838e+00
9.984484991137549947e-01 -7.398454065632030681e-03 -5.518928786394012437e-02 3.330941000000000152e+00 6.110359707999614767e-04 9.925298992909671325e-01 -1.220001051167789591e-01 -9.181907999999999737e-01 5.567963049924545132e-02 1.217770992054805906e-01 9.909945089941548657e-01 9.543681100000000583e+00
9.985445681324562894e-01 -6.281812295731936668e-03 -5.356570066234153660e-02 3.327789300000000061e+00 -5.729516390239964077e-05 9.930695267102689350e-01 -1.175283448224583582e-01 -9.260848999999999887e-01 5.393275600625818678e-02 1.173603593796630762e-01 9.916238217569430802e-01 9.596272499999999539e+00
