1.000000000000000000e+00 0.000000000000000000e+00 0.000000000000000000e+00 0.000000000000000000e+00 0.000000000000000000e+00 1.000000000000000000e+00 0.000000000000000000e+00 0.000000000000000000e+00 0.000000000000000000e+00 0.000000000000000000e+00 1.000000000000000000e+00 0.000000000000000000e+00
9.988178816631658741e-01 -4.253003511757987541e-03 4.842263139312879411e-02 3.596600000000000144e-03 4.463198654666578578e-03 9.999810782808320475e-01 -4.233549110780797375e-03 -2.065000000000000049e-04 -4.840370985446084545e-02 4.444664378036283781e-03 9.988179643112611306e-01 5.891099999999999809e-02
9.979496635417720585e-01 -5.976677944240687060e-03 6.372400142500979359e-02 5.936799999999999890e-03 6.277401839448788420e-03 9.999700815055114766e-01 -4.519991151196353293e-03 -9.540000000000000140e-05 -6.369508036740285928e-02 4.910744812310581520e-03 9.979573243993845599e-01 9.011900000000000466e-02
9.961681114149981697e-01 -6.463683684854901537e-03 8.721992085010094042e-02 1.171960000000000016e-02 6.560220027862474768e-03 9.999781451368791041e-01 -8.202205756738245590e-04 -1.004499999999999968e-03 -8.721271302431637951e-02 1.389259453402128235e-03 9.961887434844409750e-01 1.564453000000000094e-01
9.951699153383292140e-01 -5.596492131757209096e-03 9.800774908813045250e-02 1.501539999999999993e-02 5.494889155080272605e-03 9.999840494000695745e-01 1.306575146219458774e-03 -1.405500000000000065e-03 -9.801349804326003889e-02 -7.617225600681874070e-04 9.951847938850680864e-01 1.901078999999999963e-01
9.940693442662561496e-01 -5.683099568303951257e-03 1.085994528961915784e-01 1.878530000000000130e-02 5.358880322013813077e-03 9.999802713884514693e-01 3.277077291307803168e-03 -1.648699999999999905e-03 -1.086159343363105323e-01 -2.675670602973320364e-03 9.940801877087555027e-01 2.257467999999999975e-01
9.915470219249378214e-01 -5.842077913174786863e-03 1.296162545263640498e-01 2.795320000000000096e-02 4.979320961599141213e-03 9.999632471053789828e-01 6.979312375014101906e-03 -2.144200000000000186e-03 -1.296522644404954905e-01 -6.274915467402004086e-03 9.915396692827416203e-01 2.994172999999999973e-01
9.901400798395583180e-01 -6.516642989680620016e-03 1.399291094070781449e-01 3.366389999999999660e-02 5.551427605339024837e-03 9.999580389718394358e-01 7.287108283525796197e-03 -1.499899999999999975e-03 -1.399707253208887225e-01 -6.438451656896780444e-03 9.901347092155723395e-01 3.377390000000000114e-01
9.845620235142721333e-01 -5.840876021127989169e-03 1.749385778517354439e-01 5.207690000000000236e-02 2.620318520452265439e-03 9.998229201838095825e-01 1.863497265817650253e-02 -1.869500000000000068e-03 -1.750164443254783597e-01 -1.788889159298090795e-02 9.844029824077339397e-01 4.554503999999999775e-01
9.822072882272813166e-01 -6.270688094036015910e-03 1.876952887635635336e-01 5.979399999999999993e-02 2.409182076431052623e-03 9.997808718276131046e-01 2.079433022100935641e-02 -1.609699999999999933e-03 -1.877845541969115073e-01 -1.997215057136047384e-02 9.820071661686701203e-01 4.950822999999999752e-01
9.793947130579307991e-01 -6.997706351516955539e-03 2.018341599927808150e-01 6.786309999999999565e-02 2.761887221914863851e-03 9.997701525063175110e-01 2.126062408463633840e-02 -1.583299999999999942e-03 -2.019365445211612209e-01 -2.026509963737496006e-02 9.791889285135634280e-01 5.343331000000000053e-01
9.763620744968880549e-01 -6.161572682812989019e-03 2.160535454608593087e-01 7.655570000000000430e-02 1.802534712535565440e-03 9.997909466629480990e-01 2.036697914311922861e-02 -1.554899999999999902e-03 -2.161338713685184709e-01 -1.949610199195116536e-02 9.761690691956881327e-01 5.737835000000000019e-01
9.675630879255441297e-01 -4.911771890865950126e-03 2.525817597944828297e-01 9.667639999999999567e-02 4.603173374791488109e-04 9.998435925769526555e-01 1.767988944426720707e-02 -1.339099999999999969e-03 -2.526290937163305772e-01 -1.699014066171301504e-02 9.674140148500851577e-01 6.530795999999999824e-01
9.607196793430300419e-01 -1.647907529171519425e-03 2.775157331103967895e-01 1.081045000000000061e-01 -3.058595814006824509e-03 9.998587639620957201e-01 1.652565036047689423e-02 -1.294699999999999974e-03 -2.775037706314497088e-01 -1.672532597486488248e-02 9.605789508189123138e-01 6.926554000000000322e-01
9.518197979079279225e-01 5.743891114946175942e-04 3.066573696940280147e-01 1.208866999999999997e-01 -5.754149235919967659e-03 9.998556384372692118e-01 1.598724653502436518e-02 -1.323200000000000071e-03 -3.066039172565835358e-01 -1.698153003558523430e-02 9.516856968351308232e-01 7.317150000000000043e-01
9.288035598229856804e-01 1.081975833690249859e-03 3.705708793044115712e-01 1.507799999999999974e-01 -7.104035848152666019e-03 9.998639562855865526e-01 1.488628884587504461e-02 -1.752899999999999944e-03 -3.705043588607529470e-01 -1.645898688346194086e-02 9.286848883318563619e-01 8.099325000000000552e-01
9.157683116069743612e-01 8.097213005021962687e-04 4.017060415377480820e-01 1.681053999999999882e-01 -6.689388396093494046e-03 9.998900466686675426e-01 1.323429846331176073e-02 -1.835100000000000099e-03 -4.016511565269016981e-01 -1.480671889195305131e-02 9.156730363706562237e-01 8.481081999999999788e-01
9.020086901584338790e-01 2.115237069786310257e-03 4.317126922512298237e-01 1.862605999999999984e-01 -7.599845151875888639e-03 9.999108402439718102e-01 1.097970474383652868e-02 -2.086000000000000180e-03 -4.316509761744249940e-01 -1.318473870552312570e-02 9.019443427578739403e-01 8.861143999999999687e-01
8.873849174824776087e-01 4.392774986771339450e-03 4.610083640808830818e-01 2.057539999999999925e-01 -9.047097083686703872e-03 9.999279730164558622e-01 7.886622443114159331e-03 -2.587100000000000163e-03 -4.609405148812315556e-01 -1.116925723212965071e-02 8.873607436854008546e-01 9.236174999999999802e-01
8.719528490325300085e-01 2.461655102475038964e-03 4.895836693745109214e-01 2.266399000000000052e-01 -4.874368867742946525e-03 9.999814466842712468e-01 3.653329354588849467e-03 -3.175199999999999984e-03 -4.895655927372706273e-01 -5.571942335342393478e-03 8.719486704310159819e-01 9.603791999999999884e-01
8.398536914984741086e-01 -3.694744876553707463e-03 5.428002632061659227e-01 2.725352999999999803e-01 8.515603768997579218e-03 9.999434558633125691e-01 -6.369424509699247484e-03 -4.792000000000000252e-03 -5.427460376353154814e-01 9.971656654363076494e-03 8.398376656799408924e-01 1.030948500000000045e+00
8.236518580813684265e-01 -7.409467206034181345e-03 5.670473670469091676e-01 2.971322000000000130e-01 1.604362050446195634e-02 9.998188619151457956e-01 -1.023941403653042675e-02 -6.065899999999999938e-03 -5.668687845703079820e-01 1.753120516180768640e-02 8.236215380412027498e-01 1.065015199999999940e+00
7.746358592293026701e-01 -6.884705045401440932e-03 6.323700549777147017e-01 3.769661000000000262e-01 3.793076298487327302e-02 9.986463267992560233e-01 -3.559172923220890045e-02 -1.138650000000000079e-02 -6.312689940235187702e-01 5.155690842933980528e-02 7.738483975416264871e-01 1.163910000000000000e+00
7.579725020230004828e-01 4.369785177160304818e-03 6.522718690503968020e-01 4.050442000000000209e-01 3.946129466541573039e-02 9.978387973339369887e-01 -5.254084847517692669e-02 -1.368729999999999947e-02 -6.510917695688693829e-01 6.556401080370037604e-02 7.561619324503254802e-01 1.195704499999999948e+00
7.401569937337273419e-01 1.573567379315641418e-02 6.722499633301041166e-01 4.329198000000000213e-01 4.024428134091349168e-02 9.968975042668372089e-01 -6.764439227241710040e-02 -1.637819999999999901e-02 -6.712287407779887749e-01 7.712168668297271490e-02 7.372273889355772658e-01 1.226270200000000088e+00
7.043648494833404383e-01 2.170899434757572743e-02 7.095060805776987056e-01 4.918182999999999860e-01 4.899772151283540711e-02 9.956612204537637068e-01 -7.910725232917789618e-02 -2.378670000000000090e-02 -7.081450290010242732e-01 9.048454922769147424e-02 7.002450744219481660e-01 1.284944300000000039e+00
6.867383470131688261e-01 1.932211716889739236e-02 7.266478504266918881e-01 5.225262999999999991e-01 5.286551088894736461e-02 9.956718945673475041e-01 -7.643766170625207468e-02 -2.743210000000000093e-02 -7.249797793732396523e-01 9.090728329886582637e-02 6.827445974470603973e-01 1.313312400000000046e+00
6.699460164897789172e-01 1.291367909035134529e-02 7.422974955378930373e-01 5.537556000000000145e-01 5.732017852529114332e-02 9.959644207816346073e-01 -6.905989915234272969e-02 -3.138319999999999999e-02 -7.401937125667209516e-01 8.881502929940640612e-02 6.665021818773289031e-01 1.340955899999999978e+00
6.327275281589508360e-01 4.360358242274285645e-03 7.743622294416632190e-01 6.478319999999999634e-01 7.102474473446315772e-02 9.954423826809092324e-01 -6.363920488157241706e-02 -4.172660000000000258e-02 -7.711104724650472697e-01 9.526515647682227972e-02 6.295341048872398204e-01 1.418871400000000005e+00
6.242650598142188700e-01 6.004467922462231044e-03 7.811895297942220706e-01 6.800735999999999448e-01 7.227911502241207709e-02 9.952373235435421073e-01 -6.540947452367808224e-02 -4.510680000000000245e-02 -7.778617259042422960e-01 9.729653740424111519e-02 6.208578896836363104e-01 1.443848100000000079e+00
6.148608848536206706e-01 1.239098738396074775e-02 7.885382398518622216e-01 7.119737999999999900e-01 6.666280924183794199e-02 9.954813883857566159e-01 -6.762303780186709745e-02 -4.872529999999999917e-02 -7.858130580112606678e-01 9.414493512248520157e-02 6.112565492898820452e-01 1.468603600000000009e+00
5.892205880652138239e-01 1.393586105141234044e-02 8.078520225739608263e-01 9.106128999999999474e-01 7.437907872717063051e-02 9.946701060327288735e-01 -7.140821250064589842e-02 -6.898999999999999577e-02 -8.045413918797347241e-01 1.021624781492489892e-01 5.850435683012191745e-01 1.613221400000000028e+00
5.949453364932691946e-01 1.482846318726735099e-02 8.036293693391342030e-01 9.458807000000000187e-01 7.187305080589238837e-02 9.948429896542669848e-01 -7.156598705819364192e-02 -7.253030000000000588e-02 -8.005462579718704008e-01 1.003371447434288077e-01 5.908114303497961073e-01 1.639365600000000089e+00
6.015317296250817236e-01 1.533173980183550472e-02 7.987017691284441501e-01 9.809729999999999839e-01 6.978025943237128881e-02 9.949856627321371771e-01 -7.165365553159769307e-02 -7.615810000000000635e-02 -7.957953842840561620e-01 9.883556400475851378e-02 5.974455938744989147e-01 1.666186900000000026e+00
6.141754500673469730e-01 1.738969117255555197e-02 7.889778927039052814e-01 1.052999100000000077e+00 6.507047798039806985e-02 9.952369514587078303e-01 -7.258955397700146694e-02 -8.383590000000000486e-02 -7.864822626289638130e-01 9.592189057822318732e-02 6.101185470692765955e-01 1.722328800000000104e+00
6.197345341065121360e-01 2.104174189399603268e-02 7.845293827090548122e-01 1.126890299999999900e+00 5.693859062592245002e-02 9.958007018165733193e-01 -7.168653401548727433e-02 -9.190389999999999671e-02 -7.827433194434288977e-01 8.909661811587715752e-02 6.159339968754733441e-01 1.780922200000000011e+00
6.191703265134724798e-01 2.218658844987221948e-02 7.849432221875387583e-01 1.163788800000000068e+00 5.373838664676473809e-02 9.960601615904020045e-01 -7.054318034441786622e-02 -9.590260000000000451e-02 -7.834157852416574475e-01 8.585982637682329499e-02 6.155386240104994133e-01 1.810888899999999913e+00
6.180630836932548000e-01 2.259576455482095042e-02 7.858037006783358258e-01 1.201651599999999931e+00 5.248670619121829223e-02 9.961703086521638273e-01 -6.992754702582779092e-02 -9.992429999999999368e-02 -7.843743814332422293e-01 8.446388331136406302e-02 6.145101155938630377e-01 1.841231800000000085e+00
6.176477438745765491e-01 2.216401072777623993e-02 7.861424941542752842e-01 1.240526199999999912e+00 5.224112581960931034e-02 9.962387723826406916e-01 -6.913156424260126498e-02 -1.039355000000000001e-01 -7.847178660255834659e-01 8.376792363421799170e-02 6.141667572494188265e-01 1.871822499999999945e+00
6.192381862211866483e-01 2.131380106270984454e-02 7.849138746446988613e-01 1.524862399999999951e+00 4.697701481221630559e-02 9.968352615244634451e-01 -6.412972369180600096e-02 -1.344142999999999866e-01 -7.837966756786021172e-01 7.658448449727792151e-02 6.162772005595034130e-01 2.094814799999999977e+00
6.252598283619970054e-01 1.646658891326676158e-02 7.802429099237542243e-01 1.644936699999999918e+00 4.810270917209226449e-02 9.970632494939714041e-01 -5.959031698881587374e-02 -1.466268000000000016e-01 -7.789327804162764490e-01 7.479122915211333655e-02 6.226315087071042642e-01 2.191133300000000173e+00
6.278877317652438173e-01 1.749877920150079424e-02 7.781071835069730547e-01 1.724014399999999947e+00 4.751722763883779732e-02 9.970203904544623352e-01 -6.076556669323646825e-02 -1.546520000000000117e-01 -7.768520511501633141e-01 7.512745000656166627e-02 6.251853780114307035e-01 2.255385899999999832e+00
6.245703993315746549e-01 2.216401009856156651e-02 7.806539392939411126e-01 1.802988299999999988e+00 4.588592238641633209e-02 9.968288629854561433e-01 -6.501307596069015593e-02 -1.631907999999999970e-01 -7.796193291636279721e-01 7.642626888363419912e-02 6.215727849729115739e-01 2.318919199999999847e+00
6.204277270523589349e-01 2.450795735399601341e-02 7.838806003027364300e-01 1.842502700000000049e+00 4.453884526082736717e-02 9.967974418893226218e-01 -6.641649724078005357e-02 -1.671701999999999910e-01 -7.829979098104130619e-01 7.611977318172447049e-02 6.173492150827496472e-01 2.350740699999999794e+00
6.155302390870731610e-01 2.190523448186675742e-02 7.878087873790853291e-01 1.882159600000000044e+00 4.598825401675988439e-02 9.969120527964265843e-01 -6.365091893841619275e-02 -1.715591999999999950e-01 -7.867703637414797946e-01 7.540901598290018770e-02 6.126221307189205767e-01 2.381520300000000034e+00
6.009963987445594569e-01 2.142496920181857084e-02 7.989645169785523082e-01 2.002040099999999878e+00 4.672282836337559447e-02 9.969893279693889943e-01 -6.188099243606590139e-02 -1.831724999999999881e-01 -7.978848952109550696e-01 7.452013560003112325e-02 5.981859605376542710e-01 2.473211099999999885e+00
5.918038278669706109e-01 2.486521597444457665e-02 8.056984239506400636e-01 2.081402800000000219e+00 4.668098124342033584e-02 9.967894825932492875e-01 -6.505085227446012752e-02 -1.911257000000000095e-01 -8.047292186270810221e-01 7.610813639832748889e-02 5.887430986957054024e-01 2.532023000000000135e+00
5.885542637718874648e-01 2.608825938935232028e-02 8.080366831511831549e-01 2.121246800000000210e+00 4.563880722318436334e-02 9.968132374167248955e-01 -6.542529316734588263e-02 -1.956070000000000031e-01 -8.071684941021772808e-01 7.538416566376529571e-02 5.854880440248131368e-01 2.560616700000000190e+00
5.852000861994056669e-01 2.470098071168223483e-02 8.105126283187013003e-01 2.160780200000000040e+00 4.666569959454473782e-02 9.968535270399675463e-01 -6.407306851812506754e-02 -1.994256000000000084e-01 -8.095450398795361879e-01 7.531870405057262963e-02 5.822060814063885203e-01 2.589262199999999847e+00
5.831265422192972725e-01 1.698200652242634612e-02 8.122038212258290146e-01 2.201085299999999911e+00 4.792341013089691792e-02 9.973212827193227437e-01 -5.525944079078903837e-02 -2.032274000000000025e-01 -8.109665729984140148e-01 7.114682346779188649e-02 5.807506754104130309e-01 2.617692200000000025e+00
5.813079491725157144e-01 8.799663995336999556e-03 8.136360575480988677e-01 2.241163999999999934e+00 4.747251660596481931e-02 9.978714547364316845e-01 -4.470928303265356285e-02 -2.069682999999999939e-01 -8.122976230396962150e-01 6.461521288184926548e-02 5.796528666954845477e-01 2.645952499999999930e+00
5.795005250950201470e-01 6.296892302742738978e-03 8.149475385335694932e-01 2.280497599999999903e+00 4.884910973687951741e-02 9.979038270154043655e-01 -4.244663126708966838e-02 -2.101773000000000113e-01 -8.135065493851357799e-01 6.440730684741934053e-02 5.779781941666590761e-01 2.674230600000000013e+00
5.779256030127337684e-01 1.136521901431353926e-02 8.160103119318559139e-01 2.318839300000000048e+00 4.808820027513330264e-02 9.976913383165076921e-01 -4.795329438645863640e-02 -2.131956999999999880e-01 -8.146714198845242949e-01 6.695390388149433103e-02 5.760448353890180728e-01 2.702082400000000106e+00
5.768678444969916885e-01 1.541133696372795972e-02 8.166920966180493124e-01 2.358166499999999832e+00 5.034005492102171242e-02 9.972507804937003062e-01 -5.437609470396048694e-02 -2.164366000000000068e-01 -8.152848390936404677e-01 7.248014554135492893e-02 5.745061006171829909e-01 2.729453599999999813e+00
5.764120258590553769e-01 1.312775568058111020e-02 8.170537549487493223e-01 2.397178900000000112e+00 5.590041787448701838e-02 9.968951942336040650e-01 -5.545371940098001856e-02 -2.197120999999999935e-01 -8.152449446188045901e-01 7.763783706889229586e-02 5.738885314490496103e-01 2.756624500000000033e+00
5.764450293170623185e-01 1.037979510286234433e-02 8.170700019149362836e-01 2.436394899999999808e+00 5.944869406614305962e-02 9.967368347349895297e-01 -5.460343447352316443e-02 -2.233538999999999941e-01 -8.149705399273531325e-01 8.004962296036630121e-02 5.739469286566676320e-01 2.783902900000000180e+00
5.768367499402804466e-01 8.635473907966373375e-03 8.168138052877896849e-01 2.475371599999999894e+00 5.792179784386482233e-02 9.969947255039255385e-01 -5.144494777805187768e-02 -2.266637999999999986e-01 -8.148033070949508572e-01 7.698666058309620863e-02 5.746030149933032405e-01 2.811468599999999984e+00
5.776092325154189577e-01 5.782589071654190699e-03 8.162929230224754695e-01 2.514435800000000221e+00 5.639681055465847748e-02 9.973029128618547956e-01 -4.697126522164141865e-02 -2.295310999999999879e-01 -8.143629254037850762e-01 7.316735379175745568e-02 5.757252505031381640e-01 2.838989699999999949e+00
5.782145497622230845e-01 2.893198264538356101e-03 8.158796258315754724e-01 2.552848099999999842e+00 5.300604387387629346e-02 9.977478927884134707e-01 -4.110354910614608809e-02 -2.326446000000000069e-01 -8.141610981593938590e-01 6.701322138266996298e-02 5.767589916107134229e-01 2.866795100000000041e+00
5.786941360267772172e-01 7.046069673760903262e-03 8.155142241741554221e-01 2.591039700000000057e+00 4.426691745345238266e-02 9.982171613488097783e-01 -4.003671824579878302e-02 -2.354822000000000026e-01 -8.143423954009708643e-01 5.926931491823363152e-02 5.773505099692319842e-01 2.894841200000000114e+00
5.798438864793939995e-01 1.019839004265804885e-02 8.146637712289711564e-01 2.628928399999999943e+00 3.708531644321035048e-02 9.985548372265830031e-01 -3.889622546853475915e-02 -2.380726999999999982e-01 -8.138831283524549098e-01 5.276580229589949989e-02 5.786277071583173504e-01 2.923003700000000205e+00
5.822386158634775821e-01 6.635244137213613946e-03 8.129908780131677171e-01 2.667257300000000164e+00 4.081749085169636415e-02 9.984671134732756581e-01 -3.738122192915156045e-02 -2.410651000000000044e-01 -8.119926887835587914e-01 5.494903864112974518e-02 5.810752761170123737e-01 2.949981699999999929e+00
5.849747573531780542e-01 5.461363718953140406e-03 8.110331107704047415e-01 2.705384700000000198e+00 4.463929103477057292e-02 9.982447803156851984e-01 -3.891904762969520398e-02 -2.438858999999999888e-01 -8.098221205644504650e-01 5.897060351411315821e-02 5.837042067397475442e-01 2.977373800000000070e+00
5.898207204838175066e-01 5.590118593243088158e-03 8.075148718519454816e-01 2.743024300000000082e+00 4.693242531250696459e-02 9.980484926639372478e-01 -4.118924308030945391e-02 -2.466731000000000062e-01 -8.061692534091314810e-01 6.219290044174127785e-02 5.884073231974660256e-01 3.004914499999999933e+00
5.975659465332763265e-01 1.872080697106908581e-03 8.018175820332532622e-01 2.780583599999999933e+00 5.178807583296056449e-02 9.978191711596673397e-01 -4.092550387904875242e-02 -2.494552999999999909e-01 -8.001455709715007414e-01 6.598027720537424923e-02 5.961658060259686920e-01 3.032350300000000054e+00
6.049249768869472410e-01 -2.860252902129697961e-03 7.962773331520005549e-01 2.817848000000000130e+00 5.865644752714979648e-02 9.974368286499712966e-01 -4.097796988849577993e-02 -2.522882000000000180e-01 -7.941191305476911211e-01 7.149539709676143440e-02 6.035422227915420157e-01 3.060193100000000221e+00
6.138526359680204214e-01 -1.190709457360852180e-03 7.894197384953718366e-01 2.854310299999999856e+00 5.587357940724786698e-02 9.975564938806096293e-01 -4.194263512044974634e-02 -2.548944000000000210e-01 -7.874408450412861971e-01 6.985430357260294376e-02 6.124192124950454952e-01 3.088999700000000015e+00
6.236776095361368233e-01 -1.008845768137145438e-03 7.816810229201589522e-01 2.890635000000000066e+00 5.330200384250387974e-02 9.977264849965292726e-01 -4.124024154686990046e-02 -2.574500000000000122e-01 -7.798622543434601262e-01 6.738578015194737758e-02 6.223134426345374726e-01 3.118296400000000190e+00
6.339498080188973317e-01 -4.597598082730094959e-03 7.733605258898805790e-01 2.926360400000000084e+00 5.320283064190758915e-02 9.978725809704255267e-01 -3.767984818321324508e-02 -2.603497000000000172e-01 -7.715420271926161089e-01 6.503210160598514589e-02 6.328457363656778689e-01 3.147727300000000117e+00
6.438415059570783416e-01 -5.099156818074213060e-03 7.651418912898876323e-01 2.961741200000000074e+00 5.283144140480831169e-02 9.978875544459899771e-01 -3.780565408628352997e-02 -2.629895999999999900e-01 -7.633327937446495737e-01 6.476439825665106231e-02 6.427508216349802073e-01 3.177491400000000077e+00
6.540371002384021137e-01 -5.998708234414781154e-03 7.564386868816671550e-01 2.996460900000000205e+00 5.247933199779690472e-02 9.979191189427372155e-01 -3.746133689039975179e-02 -2.653218999999999994e-01 -7.546399083170777233e-01 6.419850113569147698e-02 6.529909350267608659e-01 3.207727699999999960e+00
6.642095191230488194e-01 -6.741566247966009756e-03 7.475160640353172292e-01 3.030765300000000106e+00 5.352039759708278333e-02 9.978220960808903417e-01 -3.855686208431419182e-02 -2.679807000000000161e-01 -7.456281122298021868e-01 6.561719178129261920e-02 6.631237459142589330e-01 3.238113600000000147e+00
6.743126243971180322e-01 -3.968067335817237334e-03 7.384353316440711579e-01 3.064367100000000121e+00 5.333980148520185705e-02 9.976351517060280116e-01 -4.334708361596716075e-02 -2.711706999999999868e-01 -7.365170399632247067e-01 6.861747971259808676e-02 6.729296332616812037e-01 3.268916100000000213e+00
6.838267549989996974e-01 8.878608602736967614e-04 7.296438726191230018e-01 3.097732099999999988e+00 5.528839235745687530e-02 9.970611939833793347e-01 -5.302988895864367558e-02 -2.737964999999999982e-01 -7.275466739791105475e-01 7.660409359512694583e-02 6.817680324174807405e-01 3.299978700000000043e+00
6.939226470542795289e-01 4.753731612841437942e-03 7.200338616627239841e-01 3.130294800000000155e+00 5.439607598956917867e-02 9.967745802225409513e-01 -5.900426373673652025e-02 -2.767410000000000148e-01 -7.179919406386945369e-01 8.011141153375352097e-02 6.914258708783977969e-01 3.331448099999999801e+00
7.028746751815322380e-01 2.738578141346655059e-03 7.113084360375737658e-01 3.162546900000000161e+00 5.326734418366278062e-02 9.969820729967393547e-01 -5.647420797800892234e-02 -2.801594000000000029e-01 -7.093164181323273754e-01 7.758380187183364085e-02 7.006075739349648668e-01 3.363681600000000049e+00
7.121127618590122887e-01 2.745991110138061575e-04 7.020650532485274153e-01 3.194606999999999974e+00 5.216721141186618504e-02 9.972147619632995008e-01 -5.330385141797465420e-02 -2.837663000000000268e-01 -7.001242721481945042e-01 7.458312890867539735e-02 7.101150332383849850e-01 3.396098100000000120e+00
7.197677722592408234e-01 3.250840122714381691e-03 6.942073076937942400e-01 3.225524200000000175e+00 4.913574249018505535e-02 9.972425346576999639e-01 -5.561479910441455288e-02 -2.872375999999999818e-01 -6.924738499228024757e-01 7.414013156167661989e-02 7.176233051295849430e-01 3.428370199999999812e+00
7.249730647396694927e-01 1.069834016844115054e-02 6.886941272579658602e-01 3.255860600000000105e+00 4.474662877072423106e-02 9.970355980102305615e-01 -6.259197643497868557e-02 -2.907392999999999783e-01 -6.873221912724962746e-01 7.619423743316977582e-02 7.223452384880457711e-01 3.460972500000000007e+00
7.287334538470229273e-01 1.970730007208407186e-02 6.845138242344400714e-01 3.285880999999999830e+00 3.898298257718888632e-02 9.967710330846740741e-01 -7.019853753959648390e-02 -2.943645999999999763e-01 -6.836869753868181077e-01 7.784041320021614641e-02 7.256121482991060301e-01 3.493653500000000189e+00
7.311899976788791555e-01 2.443367657847111962e-02 6.817361533197571211e-01 3.316303000000000001e+00 3.540337967987295525e-02 9.966524440208218705e-01 -7.369197062479214411e-02 -2.980540999999999885e-01 -6.812545691601660236e-01 7.801859570756923545e-02 7.278772635013510683e-01 3.526929099999999817e+00
7.334841475245860165e-01 2.636565622365903694e-02 6.791950069766613529e-01 3.345934199999999858e+00 3.257770303403333123e-02 9.967353382472541323e-01 -7.387393826078404724e-02 -3.023137000000000185e-01 -6.789253998748002727e-01 7.631197586897896235e-02 7.302306373631655134e-01 3.560159899999999933e+00
7.373302723323377217e-01 2.550649678115861699e-02 6.750507300375828690e-01 3.374609700000000156e+00 3.341071936423248290e-02 9.966870741218735175e-01 -7.415254621348822683e-02 -3.060798000000000130e-01 -6.747057086863023079e-01 7.722884759163346768e-02 7.340353613864818438e-01 3.590944100000000194e+00
7.415555914992625341e-01 2.584165229468980349e-02 6.703935513732655060e-01 3.404603199999999941e+00 2.957593468738336021e-02 9.970272081650487506e-01 -7.114780577063693767e-02 -3.097724000000000033e-01 -6.702391877557940525e-01 7.258756908237799788e-02 7.385868100712091877e-01 3.624644299999999930e+00
7.454549992694876615e-01 2.306153921863124748e-02 6.661568955381274026e-01 3.433787800000000168e+00 2.930575879458504826e-02 9.973009791874143382e-01 -6.731960645531195886e-02 -3.137735999999999859e-01 -6.659114179570746472e-01 6.970597048095672488e-02 7.427671648058402631e-01 3.657570799999999789e+00
7.493947360141225422e-01 2.288261825194282117e-02 6.617279769030922632e-01 3.462651000000000145e+00 2.711554397535695382e-02 9.975036316280879722e-01 -6.520162700191020622e-02 -3.175055999999999989e-01 -6.615680440508323601e-01 6.680487011222757676e-02 7.469034960555775982e-01 3.690760099999999877e+00
7.532519624527298507e-01 2.935763840202941510e-02 6.570765633688107066e-01 3.490784399999999899e+00 1.872782320153341951e-02 9.976410284321421962e-01 -6.604276665154026893e-02 -3.212114999999999831e-01 -6.574653981003435455e-01 6.205245729472266825e-02 7.509252578282630264e-01 3.724181699999999928e+00
7.572977992505954825e-01 3.635931993752521130e-02 6.520567790490988669e-01 3.518400699999999937e+00 1.128919918955050526e-02 9.975709539946473470e-01 -6.873678584184603202e-02 -3.248157999999999879e-01 -6.529721259225874652e-01 5.941541550717149844e-02 7.550478204512921510e-01 3.757703999999999933e+00
7.620916084119907508e-01 3.721533030850901480e-02 6.463987929893229012e-01 3.546309200000000050e+00 1.274556799853053882e-02 9.972910291840395569e-01 -7.244414127749612686e-02 -3.285952999999999791e-01 -6.473437501702010710e-01 6.344779191640598226e-02 7.595527939626794955e-01 3.790490600000000043e+00
7.669483961652102666e-01 3.750277211700313307e-02 6.406119728065906571e-01 3.573853699999999911e+00 1.422339878642656097e-02 9.970520768801008904e-01 -7.539795034375645910e-02 -3.324120999999999881e-01 -6.415511301109009246e-01 6.693801664687576425e-02 7.641540743729686724e-01 3.823440100000000008e+00
7.712516285852696329e-01 3.741336396929456631e-02 6.354299061273952498e-01 3.601045800000000074e+00 1.254896058947274975e-02 9.971834186346636431e-01 -7.394425730379014516e-02 -3.360287000000000135e-01 -6.364066695067652768e-01 6.500361371944141098e-02 7.686098367902407524e-01 3.856921900000000125e+00
7.759182897089267339e-01 3.431212516229011772e-02 6.298995838719225748e-01 3.628214400000000062e+00 1.193021562329881109e-02 9.975429475872841234e-01 -6.903432243496315790e-02 -3.399871999999999894e-01 -6.307206018914837120e-01 6.107983125156943305e-02 7.736024667514473929e-01 3.890627900000000139e+00
7.804220938973572830e-01 3.400828460865638891e-02 6.243274717124347450e-01 3.654812100000000008e+00 9.860250083158319731e-03 9.977261232557915749e-01 -6.667352129043800646e-02 -3.437796000000000185e-01 -6.251752800816439137e-01 5.818951409786422141e-02 7.783121800562371462e-01 3.924477299999999946e+00
7.887536301186895971e-01 3.833363251396697952e-02 6.135130345745505309e-01 3.707215300000000102e+00 8.350396934502761145e-03 9.972934216268281027e-01 -7.304862798773148480e-02 -3.512155000000000138e-01 -6.146527327244430960e-01 6.274044786370172599e-02 7.862987055542164372e-01 3.991980100000000142e+00
7.930948125026426876e-01 4.045340250302541241e-02 6.077533550769804727e-01 3.733243900000000171e+00 6.183985050558622742e-03 9.972058659321934027e-01 -7.444608303543476246e-02 -3.548561000000000076e-01 -6.090668080845422772e-01 6.280113992876718010e-02 7.906286360317054118e-01 4.026454900000000059e+00
7.972270335559756838e-01 4.033396925794008325e-02 6.023306632502108959e-01 3.758176100000000019e+00 5.042411718364704643e-03 9.972857555687931752e-01 -7.345540023472738045e-02 -3.589730999999999894e-01 -6.036585384566360846e-01 6.159783002250188155e-02 7.948597840405042803e-01 4.060680399999999857e+00
8.022442073045732425e-01 3.576697788319878335e-02 5.959236151885237698e-01 3.783847100000000019e+00 9.200845420346420028e-03 9.973443769181328244e-01 -7.224637204270063784e-02 -3.628640000000000199e-01 -5.969251010719919259e-01 6.344223453571125326e-02 7.997846626357046906e-01 4.095048399999999589e+00
8.070509073023155455e-01 3.347210688679332080e-02 5.895324003675018742e-01 3.808991699999999980e+00 1.179369933265345637e-02 9.972791549422391766e-01 -7.276809585075195985e-02 -3.666286000000000267e-01 -5.903640755318367850e-01 6.568032565580302073e-02 8.044602868651673511e-01 4.128975900000000365e+00
8.116169589545683127e-01 3.098495593370453535e-02 5.833676751784631076e-01 3.833771500000000110e+00 1.453198038999614986e-02 9.972126008477877335e-01 -7.318367479387520580e-02 -3.702385000000000259e-01 -5.840091895537973254e-01 6.787459919717615808e-02 8.089043857592437270e-01 4.161964399999999564e+00
8.186639765363690202e-01 3.945307536433871609e-02 5.729160046341481571e-01 3.881953499999999835e+00 2.219382857999111641e-03 9.974124886909424559e-01 -7.185681417284116301e-02 -3.783637000000000250e-01 -5.742685502980195977e-01 6.009810519173143517e-02 8.164581127596041155e-01 4.232305000000000206e+00
8.213623198595166874e-01 3.687871061892589869e-02 5.692134048123589363e-01 3.906128400000000056e+00 4.686894595095268679e-03 9.974377548631050416e-01 -7.138598036521470735e-02 -3.819386000000000170e-01 -5.703875634461601507e-01 6.130159766868947813e-02 8.190849416203539457e-01 4.267254399999999670e+00
8.268723399466173518e-01 3.478637886360702591e-02 5.613127838173324058e-01 3.953679600000000072e+00 7.030683411027404198e-03 9.973677784710676120e-01 -7.216705590822837524e-02 -3.896008000000000249e-01 -5.623457147715982263e-01 6.361935486347729263e-02 8.244512567549250326e-01 4.336978000000000222e+00
8.306290448426664197e-01 2.847293034871542505e-02 5.560977271137844680e-01 3.978057600000000082e+00 1.279578320656003104e-02 9.974520201924190754e-01 -7.018358316723929957e-02 -3.931799000000000266e-01 -5.566791336092008491e-01 6.541222860764858704e-02 8.281482853648193254e-01 4.372169500000000042e+00
8.336822986967927784e-01 2.059551943711763686e-02 5.518601719808622352e-01 4.001780499999999741e+00 1.991231136263478183e-02 9.975334444770470599e-01 -6.730918961000451062e-02 -3.969049000000000049e-01 -5.518852459486744966e-01 6.710329149060695331e-02 8.312158706228469640e-01 4.407527400000000206e+00
8.363764811672765864e-01 1.852269244939454274e-02 5.478423966933092526e-01 4.025234199999999873e+00 2.134106464062515696e-02 9.975708896475752319e-01 -6.630896687288834190e-02 -4.005064999999999875e-01 -5.477398476560280116e-01 6.715080038369078408e-02 8.339495364214676298e-01 4.442986000000000324e+00
8.388343555337998136e-01 2.130965550517230009e-02 5.439695051732640341e-01 4.048180600000000240e+00 1.898734881825545409e-02 9.974803419006851302e-01 -6.835530781545985646e-02 -4.040874999999999884e-01 -5.440555160652713607e-01 6.766731931991436244e-02 8.363161658936218990e-01 4.478425500000000170e+00
8.407574704808257193e-01 2.348942781559123019e-02 5.409021377398869346e-01 4.070608599999999910e+00 1.759358890581922200e-02 9.973454392879929076e-01 -7.065791081580004296e-02 -4.075943000000000205e-01 -5.411259940717102479e-01 6.892257621662618849e-02 8.381123653947404328e-01 4.513801100000000233e+00
8.417217348143543054e-01 2.534772069628426008e-02 5.393162469243966139e-01 4.093139599999999767e+00 1.501567214991193430e-02 9.974119315466368763e-01 -7.031335860484271005e-02 -4.114326999999999845e-01 -5.397027429344787297e-01 6.728247813442971015e-02 8.391626882822482703e-01 4.549440899999999566e+00
8.421564971047685866e-01 2.544971167867464759e-02 5.386322925333182354e-01 4.115677400000000041e+00 1.432405579830343598e-02 9.974773405356963663e-01 -6.952536618617354003e-02 -4.148737000000000119e-01 -5.390429072065718863e-01 6.626663786028959280e-02 8.396674799567863667e-01 4.585229400000000233e+00
8.429485830686346270e-01 2.104588937446897484e-02 5.375823256423324370e-01 4.138715300000000319e+00 1.623490038802672536e-02 9.977843882057357838e-01 -6.451932007000941993e-02 -4.186108000000000051e-01 -5.377491183739606662e-01 6.311406494073316942e-02 8.407392583284575283e-01 4.620885799999999932e+00
8.435367766623338426e-01 1.936987110051451716e-02 5.367220085963212428e-01 4.161314499999999583e+00 1.496839175995740880e-02 9.981133233994460285e-01 -5.954612414450931313e-02 -4.220319000000000154e-01 -5.368627884909146220e-01 5.826321091445552103e-02 8.416553597451258417e-01 4.656609500000000068e+00
8.447799145987322511e-01 1.961133079860187534e-02 5.347544217627998586e-01 4.206031300000000250e+00 1.633241667828709554e-02 9.979176812781836992e-01 -6.239834579394162861e-02 -4.288464000000000165e-01 -5.348646072194397361e-01 6.144670126769469221e-02 8.427005131405304050e-01 4.727298300000000175e+00
8.446903874227925657e-01 2.215202209039884851e-02 5.347966317328850527e-01 4.227849499999999594e+00 1.593341497893473874e-02 9.976598205119348028e-01 -6.649066718873590520e-02 -4.319566000000000239e-01 -5.350180143533876942e-01 6.468516409038989334e-02 8.423607029437909510e-01 4.762298600000000270e+00
8.446148410981459964e-01 2.491763371897211948e-02 5.347942424209526369e-01 4.249763999999999875e+00 1.248960837918934585e-02 9.977273933947408135e-01 -6.621222056592342142e-02 -4.352668000000000093e-01 -5.352287173529537423e-01 6.260319480332575404e-02 8.423841523444803858e-01 4.797420999999999935e+00
8.449555080238707605e-01 2.576159918107027991e-02 5.342158079538235071e-01 4.271542499999999798e+00 1.085137184612143535e-02 9.978079275295388406e-01 -6.528083553588945320e-02 -4.389878999999999865e-01 -5.347265069072038024e-01 6.095637593263335957e-02 8.428237556239024375e-01 4.832201000000000413e+00
8.452397533681201836e-01 2.200374848512031203e-02 5.339340730640843580e-01 4.293472799999999978e+00 1.515392663807364412e-02 9.977631698347354527e-01 -6.510772172936689361e-02 -4.426043000000000061e-01 -5.341723671565642428e-01 6.312283242967124675e-02 8.430156524005995022e-01 4.866878500000000329e+00
8.457311274397956158e-01 2.537287028799762797e-02 5.330057012197529920e-01 4.315001999999999782e+00 1.294227833160361066e-02 9.975996750289638504e-01 -6.802489113326870562e-02 -4.458322000000000118e-01 -5.334523010644901531e-01 6.442907600962630155e-02 8.433727151464803784e-01 4.901280400000000093e+00
8.452544939614796693e-01 3.470943653784775568e-02 5.332354971803248134e-01 4.335863100000000081e+00 3.566620252550771475e-03 9.974995351563683554e-01 -7.058297657936549174e-02 -4.493752999999999775e-01 -5.343520559124828040e-01 6.156242667450886885e-02 8.430171694360967249e-01 4.935972200000000143e+00
8.456193182328064495e-01 3.990967122423796920e-02 5.322923884241225201e-01 4.378257299999999574e+00 1.060506674352885287e-03 9.970734421392299929e-01 -7.644230704408015720e-02 -4.564938000000000051e-01 -5.337853912923032906e-01 6.520559119738893183e-02 8.431022398971086407e-01 5.004361600000000188e+00
8.456526783275279957e-01 3.986959744298547437e-02 5.322423910561923099e-01 4.399222899999999825e+00 1.543289117408041394e-03 9.970192703686251434e-01 -7.713749264990710230e-02 -4.603725000000000178e-01 -5.337313611698103477e-01 6.605293114880420036e-02 8.430704860155364688e-01 5.038278599999999940e+00
8.466520149868218548e-01 4.123081696044150757e-02 5.305472507246917768e-01 4.420275700000000363e+00 6.966781458488599532e-04 9.969071608000334983e-01 -7.858516008240512551e-02 -4.641155000000000141e-01 -5.321464837413807381e-01 6.690390480675034723e-02 8.440047318370280660e-01 5.072046300000000230e+00
8.481787759912056135e-01 3.141013353499710892e-02 5.287779945018268313e-01 4.441953200000000379e+00 1.058678409614750328e-02 9.970358235939804636e-01 -7.620686630989725874e-02 -4.678486000000000034e-01 -5.296042710935796594e-01 7.023510505143881755e-02 8.453320921731597437e-01 5.105416800000000421e+00
8.503422387295690443e-01 2.349992660239037107e-02 5.257050793763236030e-01 4.463087599999999711e+00 1.695374478590438300e-02 9.972603592209478007e-01 -7.200240596147106098e-02 -4.717294000000000209e-01 -5.259568875583995329e-01 7.013935682759236956e-02 8.476141946980906283e-01 5.138281799999999677e+00
8.511136254147361191e-01 1.700598224748195095e-02 5.247060064466412266e-01 4.482432799999999773e+00 2.068559997012530197e-02 9.976126706549569567e-01 -6.588676120861061691e-02 -4.756112000000000117e-01 -5.245738294913885325e-01 6.693097875037279376e-02 8.487299579349469880e-01 5.170116900000000015e+00
8.533174790260045217e-01 1.424634116384680335e-02 5.211970085794311869e-01 4.503193399999999791e+00 2.316918764577075365e-02 9.976030989830151352e-01 -6.520157700025126790e-02 -4.789781000000000177e-01 -5.208766348498840015e-01 6.771335660656556399e-02 8.509420853410252228e-01 5.203339599999999621e+00
8.561355724939097023e-01 1.594429536335198461e-02 5.165052380720758229e-01 4.523445099999999996e+00 2.403510538214154169e-02 9.972134669427548115e-01 -7.062304905114726028e-02 -4.822652000000000050e-01 -5.161920139054796408e-01 7.287716235815987209e-02 8.533666996003697047e-01 5.236186000000000007e+00
8.596694712838214292e-01 1.494421390962633045e-02 5.106320305398186488e-01 4.543211900000000192e+00 2.625371925552884289e-02 9.969587062449104531e-01 -7.337629227295579259e-02 -4.859167999999999821e-01 -5.101755995418115752e-01 7.648534835573207735e-02 8.566626226928868437e-01 5.269234700000000160e+00
8.636425647098368019e-01 1.670956316950313741e-02 5.038276599394875266e-01 4.561468099999999914e+00 2.426901585640893477e-02 9.969133942314107877e-01 -7.466390876031771262e-02 -4.888738999999999724e-01 -5.035201438778560412e-01 7.671033112099086282e-02 8.605713159340898644e-01 5.301575699999999891e+00
8.685893492417977590e-01 1.208446421031705853e-02 4.953852118386860015e-01 4.580325099999999594e+00 2.607995117550447606e-02 9.972022643495654926e-01 -7.005340907323921729e-02 -4.923266000000000031e-01 -4.948458128855831584e-01 7.376726713691418580e-02 8.658441036172490612e-01 5.334686800000000062e+00
8.746556604411993563e-01 7.450304475524256731e-03 4.846874958376699571e-01 4.598707700000000287e+00 2.947381767746436176e-02 9.972145259991653798e-01 -6.851629884761401001e-02 -4.956929999999999947e-01 -4.838478787074352305e-01 7.421375950241265729e-02 8.719997409236043273e-01 5.367524099999999798e+00
8.813759869845062545e-01 4.119926292199663220e-03 4.723974976377779966e-01 4.616568100000000285e+00 3.340145266720738471e-02 9.969159784957573045e-01 -7.101320144569722714e-02 -4.988973999999999909e-01 -4.712331827522420746e-01 7.836809317058640589e-02 8.785201929642815211e-01 5.400263299999999766e+00
