1.000000000000000000e+00 0.000000000000000000e+00 0.000000000000000000e+00 0.000000000000000000e+00 0.000000000000000000e+00 1.000000000000000000e+00 0.000000000000000000e+00 0.000000000000000000e+00 0.000000000000000000e+00 0.000000000000000000e+00 1.000000000000000000e+00 0.000000000000000000e+00
9.988118143998071519e-01 -3.967652893365089702e-03 4.857177313916957728e-02 3.488300000000000168e-03 4.185103873164082618e-03 9.999816675104949981e-01 -4.376019709793311022e-03 -1.151000000000000059e-04 -4.855352017038527812e-02 4.574098102079159761e-03 9.988101087321936689e-01 5.842760000000000314e-02
9.979471201689320559e-01 -5.705671734941793020e-03 6.378864049803900649e-02 5.891699999999999715e-03 6.018671598160046411e-03 9.999707682376269835e-01 -4.715746223407135500e-03 3.479999999999999885e-05 -6.375986934372182557e-02 5.089988241947457880e-03 9.979522889802739938e-01 8.937580000000000524e-02
9.971237205876811727e-01 -6.830746155779732383e-03 7.548262547325207406e-02 8.930499999999999203e-03 7.113991372168571199e-03 9.999686251937879300e-01 -3.484215091269875914e-03 -4.113000000000000228e-04 -7.545645743166487507e-02 4.011176261500112340e-03 9.971410298933960359e-01 1.208696999999999966e-01
9.915806625923765383e-01 -5.858570181251257503e-03 1.293579016848024899e-01 2.804819999999999883e-02 4.981279119735565128e-03 9.999623565084593269e-01 7.104394723010617509e-03 -2.416600000000000085e-03 -1.293946537968047594e-01 -6.400212612125338006e-03 9.915725192074076322e-01 2.967620999999999731e-01
9.901468449659078797e-01 -6.369396948706593578e-03 1.398880130195869764e-01 3.343229999999999813e-02 5.302460388448202583e-03 9.999539531836998396e-01 7.998463985044937039e-03 -2.253999999999999927e-03 -1.399325170140495733e-01 -7.177903231510600855e-03 9.901350253310463589e-01 3.348674999999999846e-01
9.885682015776160458e-01 -6.274214856330723525e-03 1.506437687311840135e-01 3.908400000000000069e-02 4.643487689171787308e-03 9.999267829104109273e-01 1.117438322756638715e-02 -2.318600000000000088e-03 -1.507028495141294888e-01 -1.034712744546068507e-02 9.885249557304808254e-01 3.737251999999999796e-01
9.794967960972076337e-01 -6.752385573738807836e-03 2.013465463432851099e-01 6.791439999999999977e-02 2.358805431896485432e-03 9.997540217978462262e-01 2.205293486060292199e-02 -2.449799999999999808e-03 -2.014459294010170487e-01 -2.112584171329284430e-02 9.792717888000579407e-01 5.297446999999999573e-01
9.764439558222550719e-01 -6.040864196510467576e-03 2.156865992544398092e-01 7.644800000000000206e-02 1.528545257616852841e-03 9.997765940694615105e-01 2.108140176227960016e-02 -2.190699999999999852e-03 -2.157657634741466934e-01 -2.025512060261667330e-02 9.762350461860053175e-01 5.691060999999999481e-01
9.727379062898560136e-01 -6.706170336530311443e-03 2.318102520300703018e-01 8.615549999999999597e-02 2.189350001995289414e-03 9.998028140055738033e-01 1.973676399779605503e-02 -1.971399999999999889e-03 -2.318969003962666753e-01 -1.869118471240857962e-02 9.725607781525279494e-01 6.082003999999999744e-01
9.677540688726899987e-01 -4.831776609728199653e-03 2.518505829160345710e-01 9.655479999999999619e-02 2.814873341287775672e-04 9.998361362940249020e-01 1.810031285687765251e-02 -1.736700000000000093e-03 -2.518967704144565722e-01 -1.744575866592820018e-02 9.675968491884090472e-01 6.476750000000000007e-01
9.412107969465447477e-01 1.535760286253338904e-03 3.378163364190566731e-01 1.343185000000000073e-01 -7.533175307637612894e-03 9.998364220990542117e-01 1.644324523767145760e-02 -2.082699999999999829e-03 -3.377358242488269213e-01 -1.802138963856486989e-02 9.410684048114996703e-01 7.648011000000000115e-01
9.290909866233527659e-01 1.268129626098918588e-03 3.698490643796415456e-01 1.499989999999999934e-01 -7.550138817149663548e-03 9.998507671905633165e-01 1.553829952998822192e-02 -2.185299999999999829e-03 -3.697741661867234853e-01 -1.722890581822515352e-02 9.289619103199119321e-01 8.034911000000000136e-01
9.160274879982182039e-01 9.785786828597868581e-04 4.011143024319073769e-01 1.672063000000000021e-01 -7.095353215567798411e-03 9.998800921410251341e-01 1.376434897847805469e-02 -2.135300000000000132e-03 -4.010527361762048493e-01 -1.545456967425656164e-02 9.159245924647743120e-01 8.416645000000000376e-01
9.023399900821325037e-01 2.044214148009880754e-03 4.310201427858028622e-01 1.853019999999999945e-01 -7.837094257305308315e-03 9.999012527424376851e-01 1.166467820841323062e-02 -2.483500000000000030e-03 -4.309537356285230714e-01 -1.390345110470039315e-02 9.022669071816832309e-01 8.795207999999999915e-01
8.876994441435862582e-01 4.233102920659084431e-03 4.604039288568583799e-01 2.046742000000000006e-01 -9.166287915303800160e-03 9.999220329920884831e-01 8.479805588711402525e-03 -2.934599999999999882e-03 -4.603321366502905465e-01 -1.174771367678379905e-02 8.876690347141475979e-01 9.167469000000000312e-01
8.723404203451453620e-01 2.512453343299037196e-03 4.888925021006693128e-01 2.256140000000000090e-01 -5.209411383538510576e-03 9.999777933665031648e-01 4.156297257919276851e-03 -3.507899999999999994e-03 -4.888712029411143578e-01 -6.172548262822528421e-03 8.723341370041934884e-01 9.534844999999999571e-01
8.565313228524489286e-01 -8.770294756072516970e-04 5.160942973836593062e-01 2.477698999999999874e-01 1.590212279409020362e-03 9.999982939748910393e-01 -9.398256295106831998e-04 -4.288499999999999777e-03 -5.160925926590502755e-01 1.625689578727886400e-03 8.565312562515470240e-01 9.886646999999999519e-01
8.240267639032188285e-01 -7.357892413231511934e-03 5.665030924809010271e-01 2.958058000000000076e-01 1.558198383052349784e-02 9.998317429267401524e-01 -9.679236332597290771e-03 -6.342300000000000368e-03 -5.663365555489899839e-01 1.680319181918356330e-02 8.240027661322463226e-01 1.058126200000000017e+00
8.077143218170501626e-01 -1.222165034590362402e-02 5.894473730490664698e-01 3.217132999999999798e-01 2.475256990070023172e-02 9.996065594263718879e-01 -1.319229453440123878e-02 -7.524600000000000212e-03 -5.890542289254306896e-01 2.524594253724581766e-02 8.076990514854356373e-01 1.091933499999999890e+00
7.915094480839137692e-01 -1.241796677568831817e-02 6.110307583870522308e-01 3.483630999999999811e-01 3.225696387870324866e-02 9.992488331741377072e-01 -2.147691042613717599e-02 -9.361700000000000577e-03 -6.103050727916541351e-01 3.670917462000728576e-02 7.913154583498868133e-01 1.124733100000000041e+00
7.751134450656348429e-01 -6.849314796987544113e-03 6.317849587995071348e-01 3.754957999999999907e-01 3.746018322408202483e-02 9.986803820428059586e-01 -3.513159825076619946e-02 -1.140659999999999938e-02 -6.307106166470494157e-01 5.089775446566187356e-02 7.743471680319182759e-01 1.156744199999999889e+00
7.406567271004700359e-01 1.600301617168864432e-02 6.716930222015325969e-01 4.311515000000000208e-01 3.935937226101994535e-02 9.969660501641156580e-01 -6.715306869667529710e-02 -1.639329999999999954e-02 -6.707297909113910661e-01 7.617478778159221531e-02 7.377797430740363760e-01 1.218961200000000078e+00
7.049832776142064272e-01 2.142660401796285877e-02 7.089001896773536870e-01 4.901928999999999870e-01 4.870306819374230212e-02 9.957213890760204800e-01 -7.852978087984123501e-02 -2.392009999999999970e-02 -7.075497081003188082e-01 8.988779659540892253e-02 7.009233871047363396e-01 1.277651899999999952e+00
6.871837811418660680e-01 1.898878002701282625e-02 7.262354144274801859e-01 5.208013999999999699e-01 5.258092631832424896e-02 9.957365560403134142e-01 -7.578889860977577886e-02 -2.759079999999999866e-02 -7.245782891607194243e-01 9.026703273101224778e-02 6.832555639574868778e-01 1.306087400000000009e+00
6.706239792357419072e-01 1.276719253953942021e-02 7.416875873767051486e-01 5.525170999999999832e-01 5.685118135794293981e-02 9.960265683749648380e-01 -6.854938562377953237e-02 -3.137589999999999824e-02 -7.396157256658525414e-01 8.813667730207259965e-02 6.672334707296425638e-01 1.333718500000000029e+00
6.435697615702806740e-01 3.551648901528016433e-03 7.653792182849311621e-01 6.151712999999999765e-01 6.733420096633016549e-02 9.958493226780329444e-01 -6.123913701162756601e-02 -3.830519999999999758e-02 -7.624198760345889392e-01 9.094785490479315171e-02 6.406593637149298193e-01 1.386089899999999986e+00
5.967986682813646304e-01 1.039941533422337680e-02 8.023236265362601038e-01 7.728416999999999648e-01 6.965524880076671976e-02 9.954697888774513004e-01 -6.471511219789115310e-02 -5.542899999999999910e-02 -7.993619304495886979e-01 9.450794460249715978e-02 5.933706704539063459e-01 1.508513699999999957e+00
5.866407092933267897e-01 1.255417305636288491e-02 8.097500052106780810e-01 8.392829000000000539e-01 7.346531027366683120e-02 9.949322603895389694e-01 -6.864871027598699882e-02 -6.192779999999999813e-02 -8.065082308236017905e-01 9.976066346528290885e-02 5.827454707149171131e-01 1.555920100000000028e+00
5.866840867099094581e-01 1.559891856740701008e-02 8.096656446588842426e-01 8.734313000000000216e-01 7.255843995261798685e-02 9.947806156138517819e-01 -7.174119869759944257e-02 -6.491750000000000298e-02 -8.065587735515630241e-01 1.008374956970546771e-01 5.824901237519353181e-01 1.580956500000000098e+00
6.021624511512762012e-01 1.478163050887186872e-02 7.982367354506970658e-01 9.778383999999999965e-01 6.997859602195825868e-02 9.950032418365052367e-01 -7.121477960115170369e-02 -7.548090000000000355e-02 -7.953008100852673179e-01 9.874235228281851018e-02 5.981191932578098225e-01 1.658696299999999901e+00
6.184747611388160538e-01 1.897271020423151738e-02 7.855755890439765077e-01 1.085269599999999945e+00 6.106707811434030492e-02 9.955246953451433178e-01 -7.212068308423431884e-02 -8.701589999999999325e-02 -7.834282237734745413e-01 9.257762810455748281e-02 6.145482901852976632e-01 1.743708400000000047e+00
6.200487990602986388e-01 2.101726606583077805e-02 7.842816849264041545e-01 1.122943000000000024e+00 5.689319764538842972e-02 9.958048364312586109e-01 -7.166513658535124398e-02 -9.067820000000000047e-02 -7.824977002174281493e-01 8.905617478441547885e-02 6.162518534553900196e-01 1.773674799999999996e+00
6.193558778373400298e-01 2.248046486540684896e-02 7.847884589414990675e-01 1.159952199999999989e+00 5.326919216756757780e-02 9.960832406164703556e-01 -7.057316011633335551e-02 -9.464830000000000465e-02 -7.833011488272900724e-01 8.551494876585072347e-02 6.157324936881447552e-01 1.803739100000000040e+00
6.177998220274665275e-01 2.097392913304892137e-02 7.860556431955388890e-01 1.356010099999999996e+00 5.196189091077357824e-02 9.963703244339827680e-01 -6.742505825208307269e-02 -1.148828999999999961e-01 -7.846166846274730267e-01 8.250012656985304671e-02 6.144675640911818615e-01 1.957876200000000066e+00
6.176676983875165616e-01 2.174038183900810911e-02 7.861386456383898658e-01 1.397786500000000043e+00 4.979806658656858037e-02 9.965306169471046527e-01 -6.668494621174041181e-02 -1.191770999999999942e-01 -7.848609857375428156e-01 8.033732186547641596e-02 6.144421435599737302e-01 1.990403300000000097e+00
6.177139369032498273e-01 2.186921036956863962e-02 7.860987404857607830e-01 1.437789100000000042e+00 4.900242808812164952e-02 9.966003092629159843e-01 -6.623130391686841978e-02 -1.232752000000000014e-01 -7.848746741977067343e-01 7.943274648954092021e-02 6.145422561453134369e-01 2.022073300000000184e+00
6.210014869770307255e-01 1.940581785445004426e-02 7.835691210134028140e-01 1.558843699999999943e+00 4.723128160865827652e-02 9.969503455462909169e-01 -6.212257683592077584e-02 -1.361500999999999961e-01 -7.823850453644423109e-01 7.558718640438451264e-02 6.181910853785812510e-01 2.118652099999999816e+00
6.253383290983434151e-01 1.731775993875021152e-02 7.801615661843358529e-01 1.638512699999999933e+00 4.750681658053938078e-02 9.970545096799334761e-01 -6.021135362446482231e-02 -1.442539999999999933e-01 -7.789063336107077129e-01 7.471545969617789107e-02 6.226736894582216575e-01 2.182432700000000114e+00
6.284352442371688996e-01 1.802497268803819608e-02 7.776530358457848235e-01 1.718586900000000028e+00 4.740548458328049108e-02 9.969857298714512872e-01 -6.141803044802046641e-02 -1.521560999999999886e-01 -7.764160378508383475e-01 7.546227396709623281e-02 6.256864880878606483e-01 2.246300699999999928e+00
6.277220864160019120e-01 1.939691887104042639e-02 7.781958248177972548e-01 1.758103799999999994e+00 4.724287801295719985e-02 9.968975101726075261e-01 -6.295605363035866597e-02 -1.565316999999999958e-01 -7.770026336522898314e-01 7.628311575942625655e-02 6.248582187564148960e-01 2.278242600000000007e+00
6.249615358046680669e-01 2.263032831343930740e-02 7.803274613936742599e-01 1.797270799999999946e+00 4.600025248485262175e-02 9.967753243748120884e-01 -6.574898850034092967e-02 -1.606128000000000000e-01 -7.792990796452926583e-01 7.698584907574963776e-02 6.219052367572455164e-01 2.309936800000000012e+00
6.162561796573262640e-01 2.257093967685853270e-02 7.872222517918691098e-01 1.877270100000000053e+00 4.609409697528130817e-02 9.968419235807299827e-01 -6.466462414569063011e-02 -1.687867000000000117e-01 -7.861956850925796436e-01 7.613627305019393665e-02 6.132696084658326718e-01 2.372562400000000071e+00
6.063521279648694806e-01 2.086417292604896001e-02 7.949225013802203588e-01 1.957771099999999986e+00 4.470075593656500090e-02 9.971807280144545649e-01 -6.026971125915538130e-02 -1.769470999999999961e-01 -7.939388763193135912e-01 7.207830439649810794e-02 6.037100120953367011e-01 2.434744400000000031e+00
5.969088803108483221e-01 2.223114548948065816e-02 8.020009755457128131e-01 2.036217699999999908e+00 4.829617222083482098e-02 9.968076447725052747e-01 -6.357671800200481727e-02 -1.850738000000000105e-01 -8.008540868066197360e-01 7.668308479264851485e-02 5.939296558952236182e-01 2.493402999999999814e+00
5.892471465850265266e-01 2.607369328246252407e-02 8.075320196500052061e-01 2.115846900000000197e+00 4.626398352007823900e-02 9.967504002888466497e-01 -6.594151463894287746e-02 -1.934279999999999888e-01 -8.066272026594801803e-01 7.621549739151517455e-02 5.861260563113583899e-01 2.551410699999999920e+00
5.861703177177518542e-01 2.501199153489729043e-02 8.098016787498826252e-01 2.155542899999999928e+00 4.701289217726489778e-02 9.967890911114284380e-01 -6.481740360721918726e-02 -1.971393999999999924e-01 -8.088226916919422083e-01 7.606515707411976024e-02 5.831122921732063702e-01 2.579921999999999827e+00
5.840173930263585778e-01 1.728067221501901340e-02 8.115571840668363013e-01 2.195469899999999974e+00 4.838381563313425004e-02 9.972547650957720444e-01 -5.605300954057046425e-02 -2.009518999999999889e-01 -8.102979026428951403e-01 7.200216567280098845e-02 5.815780232358783719e-01 2.608322600000000158e+00
5.821926355673137099e-01 9.291984981399461357e-03 8.129977823501678413e-01 2.235572799999999916e+00 4.774955926041853094e-02 9.978180160414237276e-01 -4.559809703916319068e-02 -2.046418999999999877e-01 -8.116475310635898888e-01 6.536716207900271358e-02 5.804786123881883197e-01 2.636625800000000019e+00
5.803963843720212346e-01 6.796886612401457917e-03 8.143057407020185545e-01 2.274712800000000090e+00 4.899595227855704782e-02 9.978620942736693422e-01 -4.325086672060948767e-02 -2.078881999999999952e-01 -8.128588030329758629e-01 6.500033187718907979e-02 5.788225316862267711e-01 2.664846199999999943e+00
5.790017380736510733e-01 1.160721258900508646e-02 8.152436813147370120e-01 2.313057699999999883e+00 4.853708673684622305e-02 9.976346007817933348e-01 -4.867601600430787601e-02 -2.110128000000000004e-01 -8.138802974140550983e-01 6.775305114063433221e-02 5.770687875308658787e-01 2.692601699999999987e+00
5.777662647268209106e-01 1.596636290898752891e-02 8.160460885263011166e-01 2.351981599999999784e+00 5.042520336781002727e-02 9.972005409998540015e-01 -5.521213539534064463e-02 -2.142265999999999893e-01 -8.146431379499444736e-01 7.304899920640209321e-02 5.753437246603205768e-01 2.719953299999999796e+00
5.773980771149836988e-01 1.350426505086923037e-02 8.163510858505397261e-01 2.390808300000000219e+00 5.598272776758463076e-02 9.968551853608480506e-01 -5.608630502083256780e-02 -2.176308000000000131e-01 -8.145412173337945871e-01 7.808568527345605137e-02 5.748262615954102817e-01 2.746997100000000191e+00
5.774141821875962144e-01 1.077594795243376480e-02 8.163802674944782289e-01 2.429935700000000143e+00 5.963444052482512470e-02 9.966854195424650342e-01 -5.533450979950528537e-02 -2.211832999999999994e-01 -8.142705912114966971e-01 8.063531123017315949e-02 5.748576787961456880e-01 2.774295299999999909e+00
5.776405370040043064e-01 9.034629748128197163e-03 8.162412544554702443e-01 2.468471500000000152e+00 5.809314753029412581e-02 9.969483149297422298e-01 -5.214636678399417469e-02 -2.245300000000000074e-01 -8.142214663221234439e-01 7.753987892730815346e-02 5.753529099224139465e-01 2.801893499999999815e+00
5.784243244458809885e-01 5.981474716431511851e-03 8.157141183340784751e-01 2.507322299999999782e+00 5.679549354680019091e-02 9.972511233680761977e-01 -4.758643560811798290e-02 -2.275044999999999984e-01 -8.137564579172945622e-01 7.385403781329001605e-02 5.764945865284178961e-01 2.829350699999999996e+00
5.789804836163520152e-01 3.138673101269123106e-03 8.153353594212253697e-01 2.545682400000000012e+00 5.337238973155182531e-02 9.977018917302338252e-01 -4.174114579472185116e-02 -2.306015999999999899e-01 -8.135926423006287767e-01 6.768370534387323223e-02 5.774824052949190101e-01 2.857090200000000024e+00
5.795751402837191479e-01 7.506618523556028016e-03 8.148842294727816071e-01 2.583610800000000207e+00 4.448862134514991462e-02 9.981748859931445228e-01 -4.083698744252185764e-02 -2.333367000000000080e-01 -8.137035205379874458e-01 5.992117865091291240e-02 5.781833904680852010e-01 2.884980699999999842e+00
5.808713517333858878e-01 1.049856179210358932e-02 8.139276705799640688e-01 2.621422499999999989e+00 3.744294794810277410e-02 9.985137817592810716e-01 -3.960117783266522973e-02 -2.359794000000000058e-01 -8.131337518418386701e-01 5.347904110094058028e-02 5.796149530322169952e-01 2.912990300000000143e+00
5.830704368904635615e-01 6.951836324706084369e-03 8.123918620937057300e-01 2.659503700000000137e+00 4.108541337840978386e-02 9.984315602765065911e-01 -3.803167431688785072e-02 -2.390401000000000054e-01 -8.113820644011607852e-01 5.555260043899959421e-02 5.818703069865103217e-01 2.940019100000000218e+00
5.859364547257116529e-01 5.557015260094024661e-03 8.103379483924363358e-01 2.697609200000000040e+00 4.503515658101345243e-02 9.982077675244745985e-01 -3.940923147598734272e-02 -2.419660999999999895e-01 -8.091046321058775748e-01 5.958500176389552178e-02 5.846360593305965914e-01 2.967254599999999964e+00
5.909977676174317240e-01 5.668572042556215690e-03 8.066532749342870678e-01 2.734973899999999958e+00 4.751514610759371982e-02 9.979944647582508210e-01 -4.182534162761186031e-02 -2.446857000000000060e-01 -8.052725933257546265e-01 6.304693174842666836e-02 5.895431577378564825e-01 2.994604300000000219e+00
5.985225575204562443e-01 1.828578983480773357e-03 8.011038661984307696e-01 2.772375300000000209e+00 5.239433237612874106e-02 9.977670141330157172e-01 -4.142245095291040291e-02 -2.475649000000000044e-01 -7.993907568104799966e-01 6.676557351650394545e-02 5.970902579334051996e-01 3.022095199999999870e+00
6.059785160939904491e-01 -3.100736240701087304e-03 7.954749672159965312e-01 2.809454000000000118e+00 5.936821830235078368e-02 9.973798643927467289e-01 -4.133788528106585591e-02 -2.504550999999999861e-01 -7.932625370507103701e-01 7.227580188881851941e-02 6.045748553927781099e-01 3.049751800000000124e+00
6.148156338175461144e-01 -1.638868356384617919e-03 7.886691641772483052e-01 2.845528600000000186e+00 5.669302033149889453e-02 9.975026658443815197e-01 -4.212283322670094809e-02 -2.531440999999999830e-01 -7.866305599576088881e-01 7.060981336799190822e-02 6.133731461328544299e-01 3.078448299999999804e+00
6.246259132499487610e-01 -1.532642943906214333e-03 7.809226078826723150e-01 2.881563900000000178e+00 5.413903203277561915e-02 9.976770634304681362e-01 -4.134540258978887384e-02 -2.557396000000000114e-01 -7.790452064593051951e-01 6.810380393461235027e-02 6.232579226792180904e-01 3.107661699999999971e+00
6.349689299396622522e-01 -5.242557158380480725e-03 7.725198855730003311e-01 2.916968600000000134e+00 5.413995981644434408e-02 9.978203348168737108e-01 -3.772855916962410128e-02 -2.586342999999999837e-01 -7.706382567471939948e-01 6.578065840642786932e-02 6.338687421045959836e-01 3.136720700000000139e+00
6.450197312384650106e-01 -5.913043570423284767e-03 7.641430378069230533e-01 2.952206900000000189e+00 5.367856060059965351e-02 9.978505282892108363e-01 -3.758903197463932255e-02 -2.614478000000000080e-01 -7.622782683803245307e-01 6.526376566424114956e-02 6.439506832408961046e-01 3.166395699999999813e+00
6.550215121316564915e-01 -6.568553365977454483e-03 7.555816784116966556e-01 2.986556499999999836e+00 5.334307004417620374e-02 9.978692809006184383e-01 -3.756880505346101712e-02 -2.636473999999999762e-01 -7.537249733974722421e-01 6.491342189070879731e-02 6.539762320875419643e-01 3.196660300000000010e+00
6.650370369410746330e-01 -6.934061664836097677e-03 7.467781854643746886e-01 3.020208100000000062e+00 5.412403434197067542e-02 9.977748492715008410e-01 -3.893506219056137169e-02 -2.660665999999999864e-01 -7.448465133188078013e-01 6.631190654823576613e-02 6.639325286855231045e-01 3.226748699999999914e+00
6.751075683155030038e-01 -4.408848040793174328e-03 7.377061293374765905e-01 3.053282999999999969e+00 5.411763698884133889e-02 9.975838342715215301e-01 -4.356345907837945453e-02 -2.693219000000000030e-01 -7.357316443988749510e-01 6.933293343774546424e-02 6.737149929837131790e-01 3.257247200000000120e+00
6.847206979939904903e-01 2.573367394101896966e-04 7.288055292850247335e-01 3.086462299999999992e+00 5.631619683859161868e-02 9.969913120563973497e-01 -5.326170911358631133e-02 -2.719556000000000195e-01 -7.266264870703925682e-01 7.751295028487710514e-02 6.826460948587304012e-01 3.288076400000000010e+00
6.948464308725069705e-01 3.860414679320633979e-03 7.191477836315994798e-01 3.118504999999999860e+00 5.559479307747425963e-02 9.967047548995032757e-01 -5.906649256045178042e-02 -2.750027999999999917e-01 -7.170060365759908239e-01 8.102301376291042023e-02 6.923421226202866041e-01 3.319110600000000133e+00
7.036321240654177522e-01 2.217095152547497727e-03 7.105609885662687031e-01 3.150404500000000052e+00 5.396486540163089596e-02 9.969403042862126085e-01 -5.654929700621842692e-02 -2.783438999999999774e-01 -7.085122633274405501e-01 7.813523007452012614e-02 7.013595786298418844e-01 3.351249699999999887e+00
7.129799556761432511e-01 -1.000020249987167154e-04 7.011844071309915050e-01 3.182149900000000198e+00 5.281406996732683490e-02 9.971669705495752600e-01 -5.356031047770962172e-02 -2.817951000000000206e-01 -6.991925749159034753e-01 7.521983012861263584e-02 7.109653439780954098e-01 3.383325800000000161e+00
7.203987946220312688e-01 3.230044829500414161e-03 6.935525528159519615e-01 3.212417799999999879e+00 4.931291376172211582e-02 9.972197466778827124e-01 -5.586603057340260026e-02 -2.851838999999999902e-01 -6.918047508101209386e-01 7.444691831163204043e-02 7.182366205579103768e-01 3.415228100000000211e+00
7.255419701531924392e-01 1.117678203170207121e-02 6.880871522486375902e-01 3.242687200000000214e+00 4.432957612300603145e-02 9.970324678526594209e-01 -6.293764158586152846e-02 -2.886916999999999955e-01 -6.867486718057622674e-01 7.616651226786989859e-02 7.228934390226333662e-01 3.447769899999999943e+00
7.294016587041283195e-01 1.998640935086841430e-02 6.837936558062862602e-01 3.272616600000000098e+00 3.880231926570237161e-02 9.967550907265050331e-01 -7.052424498283718646e-02 -2.922613000000000016e-01 -6.829843338607912706e-01 7.797328101379505383e-02 7.262592974610893037e-01 3.480219400000000185e+00
7.318168205946974370e-01 2.398852874859881343e-02 6.810790641204192974e-01 3.302435399999999799e+00 3.619202533918949860e-02 9.966020453546163838e-01 -7.398986752821429258e-02 -2.959940999999999822e-01 -6.805396964149234007e-01 7.879666035735830021e-02 7.284619467892685662e-01 3.512983800000000212e+00
7.344582504829825220e-01 2.454669745616793256e-02 6.782098037786477018e-01 3.331716500000000192e+00 3.508535358051500380e-02 9.966359030656560813e-01 -7.406682580369203239e-02 -3.000552000000000219e-01 -6.777463362214559695e-01 7.819422206595302849e-02 7.311262321746454518e-01 3.545168199999999992e+00
7.381684114079798409e-01 2.411280784371110097e-02 6.741854113649387026e-01 3.360967899999999897e+00 3.516900873751591106e-02 9.966266297245476302e-01 -7.415188297211318391e-02 -3.041806000000000232e-01 -6.736991444434524690e-01 7.844701027943450089e-02 7.348302724809168129e-01 3.577234300000000200e+00
7.423772075962145056e-01 2.369374573903511305e-02 6.695630575640363347e-01 3.390634799999999949e+00 3.226397726828390822e-02 9.969507026507749003e-01 -7.105161683563510078e-02 -3.079032999999999909e-01 -6.692048396511180997e-01 7.434986817056371544e-02 7.393490242710414329e-01 3.610588599999999815e+00
7.460345075825759453e-01 2.099913607974544794e-02 6.655761036725461599e-01 3.419612900000000177e+00 3.182276429956307218e-02 9.972364311286910921e-01 -6.713279453475527736e-02 -3.119102999999999737e-01 -6.651464689587985868e-01 7.126385278397139034e-02 7.433045392825383679e-01 3.643454100000000029e+00
7.500350181129777916e-01 2.120008544856921348e-02 6.610582636812268875e-01 3.448427399999999921e+00 2.903290827331957494e-02 9.974674270068244475e-01 -6.492936390862298623e-02 -3.157546999999999993e-01 -6.607605934386963087e-01 6.789174056804513080e-02 7.475199995459540503e-01 3.676684100000000122e+00
7.541094801215278975e-01 2.773999874605095547e-02 6.561626204382630112e-01 3.476930400000000088e+00 2.064867718238534364e-02 9.976121577655142625e-01 -6.590610600735256897e-02 -3.194480000000000097e-01 -6.564240429184907688e-01 6.324930946661667941e-02 7.517359913763206336e-01 3.710316699999999912e+00
7.578426746053248397e-01 3.493964253022872890e-02 6.515011142944480138e-01 3.504092200000000101e+00 1.310377424213113491e-02 9.975485045384475669e-01 -6.874061531378759804e-02 -3.229555000000000065e-01 -6.523057347959304586e-01 6.063169528362787053e-02 7.555269855401423040e-01 3.743842400000000126e+00
7.625921288812873566e-01 3.599025264101188976e-02 6.458776561262529192e-01 3.531930200000000131e+00 1.430634422994515702e-02 9.972685333214180714e-01 -7.246241068113838668e-02 -3.267618999999999940e-01 -6.467214032974943905e-01 6.449941210417177440e-02 7.599942449486941642e-01 3.776711000000000151e+00
7.675859906472097816e-01 3.631301402976511161e-02 6.399164882812566901e-01 3.559823300000000135e+00 1.576468596225898480e-02 9.970221298494444939e-01 -7.548739806741869285e-02 -3.305222999999999911e-01 -6.407520750170483392e-01 6.803115170678544765e-02 7.647277559751545217e-01 3.809879299999999969e+00
7.719140133116344504e-01 3.644875390801851495e-02 6.346812147776854651e-01 3.586919799999999992e+00 1.395733349569707078e-02 9.971427562456567362e-01 -7.423958855290557768e-02 -3.340870000000000228e-01 -6.355737163341603768e-01 6.616503612458413119e-02 7.691997394044129965e-01 3.843314599999999803e+00
7.764777680478879285e-01 3.322274812926742649e-02 6.292682454518975232e-01 3.613938300000000048e+00 1.346870032730876007e-02 9.975060709029697215e-01 -6.928371109584588461e-02 -3.380716999999999750e-01 -6.300006903479261622e-01 6.227268677726008339e-02 7.740938203103534532e-01 3.877004900000000198e+00
7.811041289640703322e-01 3.244881158459876624e-02 6.235570658263991373e-01 3.640750600000000059e+00 1.178439481414720637e-02 9.977047772372639178e-01 -6.668062324848232636e-02 -3.419461999999999779e-01 -6.242895704351829611e-01 5.943275279413658130e-02 7.789289313802419956e-01 3.910927800000000065e+00
7.852491982715300578e-01 3.578993948229703542e-02 6.181446245384432103e-01 3.667027699999999779e+00 9.912078710158089834e-03 9.974735214907198833e-01 -7.034432898639284004e-02 -3.456457000000000002e-01 -6.191005147062655922e-01 6.136492611219990234e-02 7.829105303504872992e-01 3.944901699999999956e+00
7.893687445623565058e-01 3.673665854757907079e-02 6.128192254056719079e-01 3.693134999999999835e+00 1.032524400752721748e-02 9.972723869321465928e-01 -7.308334693241604063e-02 -3.493666999999999745e-01 -6.138325296399940179e-01 6.401721785127377495e-02 7.868363370958082470e-01 3.978884700000000052e+00
7.980595489112980445e-01 3.880130064704991749e-02 6.013280431341886390e-01 3.743775600000000203e+00 7.041220571755817115e-03 9.972560582980746213e-01 -7.369379485850297007e-02 -3.569848999999999939e-01 -6.025374491302223356e-01 6.304612007002874385e-02 7.955965115180937408e-01 4.046539300000000061e+00
8.028946197692519160e-01 3.504983925193164845e-02 5.950896893023791545e-01 3.769617300000000171e+00 1.028191934141263995e-02 9.973072516517533792e-01 -7.261217485713303277e-02 -3.608944000000000041e-01 -5.960323075809272897e-01 6.441858870884964450e-02 8.003722469879344104e-01 4.081374199999999952e+00
8.075319482896703427e-01 3.229427033647525036e-02 5.889390737545978638e-01 3.794781899999999819e+00 1.331759008700034337e-02 9.972470964154310780e-01 -7.294429714012182209e-02 -3.648069999999999924e-01 -5.896734641187133530e-01 6.674809955666460848e-02 8.048788088400699037e-01 4.115982999999999947e+00
8.122349906936662256e-01 3.098401386146269060e-02 5.825069190815613807e-01 3.817798100000000083e+00 1.415405377225220813e-02 9.972475422064865924e-01 -7.278050786394561766e-02 -3.686783000000000143e-01 -5.831586256368607168e-01 6.735970938294154331e-02 8.095607987650917936e-01 4.145480199999999726e+00
8.194806430908470052e-01 3.812187388242950503e-02 5.718375628892385931e-01 3.866099399999999964e+00 3.636970282757660822e-03 9.974192143892959272e-01 -7.170553126643661179e-02 -3.766656999999999922e-01 -5.730953219548856614e-01 6.084105109818304519e-02 8.172270911164742913e-01 4.215738799999999564e+00
8.219447219560562790e-01 3.580548551528335566e-02 5.684407104136686151e-01 3.890176100000000137e+00 5.953243098830156288e-03 9.974274846411470552e-01 -7.143508787032233631e-02 -3.801553999999999767e-01 -5.695361559595559786e-01 6.209975917384281952e-02 8.196170977751520148e-01 4.251107700000000378e+00
8.248066192481041670e-01 3.431893120962105359e-02 5.643724406853529718e-01 3.914241099999999918e+00 7.190127548127634577e-03 9.974389029215204872e-01 -7.116134487595944524e-02 -3.840105999999999797e-01 -5.653692093759214998e-01 6.275225812146430215e-02 8.224474519325247757e-01 4.285963100000000026e+00
8.276288653658514516e-01 3.396029171364130933e-02 5.602474094540355054e-01 3.938013100000000044e+00 7.972393557912982667e-03 9.973558792836184628e-01 -7.223358636644018616e-02 -3.878153999999999768e-01 -5.612191213369257525e-01 6.424911396373191030e-02 8.251697699265795327e-01 4.320846099999999801e+00
8.312408163224652702e-01 2.739190854341378920e-02 5.552372363466906435e-01 3.962077900000000152e+00 1.394862051367981928e-02 9.974431507115473217e-01 -7.008992141803900566e-02 -3.915005999999999764e-01 -5.557374751313131078e-01 6.600639700037251589e-02 8.287333794953007926e-01 4.355907900000000055e+00
8.342924291202410414e-01 1.940338187383645538e-02 5.509806271408328460e-01 3.985697500000000115e+00 2.107091466613096944e-02 9.975281395352595393e-01 -6.703452386984072586e-02 -3.953086000000000100e-01 -5.509193763771429442e-01 6.753606153146400615e-02 8.318213276449685223e-01 4.391146700000000180e+00
8.369932244895814666e-01 1.748867558958175014e-02 5.469337147997510584e-01 4.009012700000000429e+00 2.241071940268943644e-02 9.975550915362426663e-01 -6.619364777659818289e-02 -3.988786000000000276e-01 -5.467541511633788875e-01 6.766081270751032883e-02 8.345549188695565723e-01 4.426407799999999781e+00
8.394992095628194262e-01 2.030655597064122755e-02 5.429813265002881861e-01 4.031935700000000011e+00 2.003322748139404683e-02 9.974652698670510853e-01 -6.827668127354799554e-02 -4.023774999999999991e-01 -5.429914796201503746e-01 6.819588839264545399e-02 8.369644997646301654e-01 4.461739999999999817e+00
8.413651957237811008e-01 2.237001075115677487e-02 5.400038796561341670e-01 4.054285499999999764e+00 1.864897987179034780e-02 9.973464648326091364e-01 -7.037218652023390086e-02 -4.059342000000000228e-01 -5.401451869399791494e-01 6.927922996750297824e-02 8.387154257080793318e-01 4.497147100000000286e+00
8.424306869632668393e-01 2.426012800807676034e-02 5.382582873041809046e-01 4.076857600000000303e+00 1.621232334330731384e-02 9.973921672069263611e-01 -7.032798423161794321e-02 -4.096528999999999865e-01 -5.385607655914145253e-01 6.797286946497387017e-02 8.398404555522953618e-01 4.532676200000000044e+00
8.429059090610125926e-01 2.420390014100268564e-02 5.375163250432420936e-01 4.099280399999999602e+00 1.555744305850585360e-02 9.974737302850660292e-01 -6.931178367836698939e-02 -4.132086999999999843e-01 -5.378360293207488096e-01 6.678569164993175544e-02 8.403999505921754265e-01 4.568337399999999882e+00
8.436341602353761848e-01 2.022919211300474446e-02 5.365372153638614527e-01 4.122060300000000233e+00 1.710188311378632586e-02 9.977705304706734335e-01 -6.450964360646636864e-02 -4.167292000000000218e-01 -5.366459999645147860e-01 6.359833575437383313e-02 8.414073463022294641e-01 4.603828000000000031e+00
8.442196886082965479e-01 1.830665716717549615e-02 5.356845934591308867e-01 4.144496900000000039e+00 1.613642582469829515e-02 9.980955085450603503e-01 -5.953966395422029267e-02 -4.202467999999999759e-01 -5.357543589442038678e-01 5.890859127106140569e-02 8.423164754097738349e-01 4.639514400000000371e+00
8.447268622559267470e-01 1.662752033190064219e-02 5.349392991273578257e-01 4.166557300000000019e+00 1.694467954594237533e-02 9.981852927119385654e-01 -5.778407435156260319e-02 -4.235384999999999844e-01 -5.349293467537015179e-01 5.787613481560274775e-02 8.429121822589018542e-01 4.674564799999999742e+00
8.454090222826636802e-01 2.117879193480699807e-02 5.336993946176562531e-01 4.210410600000000336e+00 1.697991777881812520e-02 9.976428306456979200e-01 -6.648657649077625853e-02 -4.300601000000000007e-01 -5.338494801302098303e-01 6.527052346520149928e-02 8.430566358977807928e-01 4.744303200000000054e+00
8.452459635866602650e-01 2.404414570696685599e-02 5.338362483924077306e-01 4.231953100000000134e+00 1.346598158337667696e-02 9.977116207827955163e-01 -6.625850205795071057e-02 -4.333192000000000155e-01 -5.342077576940027495e-01 6.319336050717232200e-02 8.429879422668844491e-01 4.779173899999999975e+00
8.455161629683835001e-01 2.512681458641869217e-02 5.333582860966553651e-01 4.253609199999999646e+00 1.148928146437270745e-02 9.978047154753389991e-01 -6.522074966304985955e-02 -4.370649999999999813e-01 -5.338262025890584406e-01 6.127310147134330115e-02 8.433713253753818417e-01 4.814019199999999721e+00
8.458422184081045847e-01 2.123683794452540380e-02 5.330102609449224316e-01 4.275129299999999688e+00 1.591670366731036401e-02 9.977575139118153302e-01 -6.501232173119592117e-02 -4.406229999999999869e-01 -5.331956489908965535e-01 6.347393281207228122e-02 8.436074085441314097e-01 4.848151200000000216e+00
8.463751725729121711e-01 2.439638805308611338e-02 5.320280852569124752e-01 4.296374300000000090e+00 1.391748240804479078e-02 9.975960214863807130e-01 -6.788579820526814690e-02 -4.438763000000000014e-01 -5.324052694476221204e-01 6.486134568838254622e-02 8.440009685420373220e-01 4.882085299999999961e+00
8.457072542503232260e-01 3.388892260050772876e-02 5.325699775929506607e-01 4.316730999999999874e+00 4.303656485466834589e-03 9.975159878494090915e-01 -7.030883675380134035e-02 -4.473658999999999830e-01 -5.336297580244511174e-01 6.175269151862437106e-02 8.434606608733874467e-01 4.916450499999999835e+00
8.458411058333432653e-01 3.979241552232666568e-02 5.319486698446811435e-01 4.358611100000000071e+00 1.054443212996910434e-03 9.970871224195489990e-01 -7.626374272623834272e-02 -4.544367000000000267e-01 -5.334338870301902347e-01 6.506791814713147604e-02 8.433353153970610805e-01 4.984768400000000099e+00
8.463758722038463578e-01 3.816305489766741443e-02 5.312169652713062407e-01 4.379663500000000376e+00 3.080035580224033814e-03 9.970619779016405282e-01 -7.653708645939645561e-02 -4.583701000000000025e-01 -5.325771271205731461e-01 6.641531046186711917e-02 8.437716576208582620e-01 5.018123600000000017e+00
8.475351228958368788e-01 3.899733523055527729e-02 5.293046601937813067e-01 4.400759200000000426e+00 2.777843429878665976e-03 9.969572835591612447e-01 -7.790031029602566270e-02 -4.621481000000000061e-01 -5.307320407171755017e-01 6.749357453308939270e-02 8.448479853517605331e-01 5.051362000000000130e+00
8.490469479073503578e-01 2.913355538544543100e-02 5.275135222909610455e-01 4.421940799999999783e+00 1.276596282468903283e-02 9.970555467217659951e-01 -7.561261101508737204e-02 -4.657939999999999858e-01 -5.281631475617849514e-01 7.093287462075281713e-02 8.461750509532083298e-01 5.084075499999999970e+00
8.511681069977896641e-01 2.095756882109086477e-02 5.244746265920865458e-01 4.442646500000000387e+00 1.924364355990092201e-02 9.972848925718698077e-01 -7.108111725665078318e-02 -4.697930000000000161e-01 -5.245403090443467864e-01 7.059478278898159709e-02 8.484537941636172143e-01 5.116615799999999936e+00
8.517678824242740365e-01 1.501794210853956216e-02 5.237040537224173509e-01 4.461582700000000123e+00 2.250081871825552679e-02 9.976182333297205496e-01 -6.520409254867017002e-02 -4.734729999999999772e-01 -5.234359441493068310e-01 6.732252181040083994e-02 8.494012540781958887e-01 5.148265399999999659e+00
8.535907953982643237e-01 1.401027617068932064e-02 5.207556684021590332e-01 4.481399500000000202e+00 2.296161496352133735e-02 9.976549311184655933e-01 -6.447792376679464810e-02 -4.767730000000000024e-01 -5.204378140081920012e-01 6.699515338164846456e-02 8.512673676194477679e-01 5.181071799999999783e+00
8.564085901589885141e-01 1.567132226228312025e-02 5.160607874664043804e-01 4.501439099999999804e+00 2.383872222363948856e-02 9.972729763743903852e-01 -6.984501353789579481e-02 -4.799651999999999807e-01 -5.157480412222986699e-01 7.211809933654905747e-02 8.536995594021622447e-01 5.213715599999999561e+00
8.598176269600258381e-01 1.517593135142438626e-02 5.103756846446025897e-01 4.520309000000000133e+00 2.547978409250780535e-02 9.970376608974309551e-01 -7.257191850005534350e-02 -4.835170999999999775e-01 -5.099651252501773424e-01 7.540287699946429667e-02 8.568838761283669170e-01 5.245791399999999882e+00
8.639116597533177400e-01 1.638430183757266789e-02 5.033767960440399536e-01 4.538932800000000434e+00 2.406328848657740549e-02 9.969864886068997567e-01 -7.374889614425381157e-02 -4.864430000000000143e-01 -5.030681885087541216e-01 7.582543233361413448e-02 8.609139919422503784e-01 5.278347000000000122e+00
8.689022364680173416e-01 1.133536296439647054e-02 4.948539309809945608e-01 4.557740199999999575e+00 2.661645394289732444e-02 9.972213705439724185e-01 -6.957803180535440668e-02 -4.897765000000000035e-01 -4.942676075168017102e-01 7.362776430713263709e-02 8.661861719530912218e-01 5.311373200000000239e+00
8.749914809820338313e-01 7.277097236067951377e-03 4.840836209423780012e-01 4.576361699999999644e+00 2.936200186774447912e-02 9.972488104392710495e-01 -6.806381508391631807e-02 -4.930764999999999731e-01 -4.832471221385448157e-01 7.376892254381783864e-02 8.723705434111921342e-01 5.344523900000000438e+00
8.815564108498995521e-01 3.993182318358030544e-03 4.720618063182144830e-01 4.594272100000000414e+00 3.326632404217633177e-02 9.969529046043500431e-01 -7.055676924059449406e-02 -4.963406000000000207e-01 -4.709051350050921236e-01 7.790353326981987181e-02 8.787373858724312203e-01 5.377666500000000127e+00
8.879470144283690969e-01 4.101804019712872520e-03 4.599274668592098214e-01 4.610702999999999996e+00 3.260668020879996937e-02 9.968829211200541662e-01 -7.184181223291127849e-02 -4.996052000000000270e-01 -4.587885177001563841e-01 7.878843051445874601e-02 8.850454673312335707e-01 5.410729400000000133e+00
