1.000000000000000000e+00 0.000000000000000000e+00 0.000000000000000000e+00 0.000000000000000000e+00 0.000000000000000000e+00 1.000000000000000000e+00 0.000000000000000000e+00 0.000000000000000000e+00 0.000000000000000000e+00 0.000000000000000000e+00 1.000000000000000000e+00 0.000000000000000000e+00
9.998914578084001636e-01 7.609041444987618783e-04 1.471372239357095907e-02 4.497999999999999828e-04 -7.422548580980491313e-04 9.999989143972025651e-01 -1.272895181048952756e-03 -4.384999999999999792e-04 -1.471467497153153975e-02 1.261835686288990694e-03 9.998909371082342901e-01 3.998840000000000033e-02
9.994979143782173336e-01 4.489012208797164036e-04 3.168150314123045763e-02 1.221300000000000033e-03 -3.725950039682052466e-04 9.999970159083841903e-01 -2.414404127304019092e-03 -1.146600000000000006e-03 -3.168249242968300405e-02 2.401387519917901753e-03 9.994950990432230897e-01 7.611229999999999385e-02
9.986185103050383427e-01 1.906205378434878495e-03 5.251130599405653965e-02 3.027499999999999809e-03 -1.705340183643803574e-03 9.999910585003282115e-01 -3.869720177392216038e-03 -1.988600000000000090e-03 -5.251821294564640308e-02 3.774824558637482601e-03 9.986128318865862274e-01 1.134113999999999955e-01
9.940655151591735184e-01 6.974747563280116885e-03 1.085592210167134614e-01 1.031720000000000033e-02 -6.385337605337555733e-03 9.999629315820293129e-01 -5.776064883613545205e-03 -3.573199999999999901e-03 -1.085954834926065732e-01 5.048599637757938442e-03 9.940732028410708132e-01 1.881128999999999996e-01
9.844394378520295863e-01 7.537976696278106403e-03 1.755624450413765525e-01 2.283599999999999866e-02 -6.410571054166504940e-03 9.999550356671931262e-01 -6.987934071104671095e-03 -5.488200000000000370e-03 -1.756072258773524186e-01 5.753742360324379766e-03 9.844434959247339023e-01 2.636625000000000218e-01
9.779807526799001449e-01 6.643755292228185547e-03 2.085893283542399335e-01 3.141540000000000304e-02 -4.958947133290479356e-03 9.999507312518214341e-01 -8.599064616385097490e-03 -6.368500000000000029e-03 -2.086361815002018560e-01 7.375336233998149547e-03 9.779655148237335061e-01 3.013641000000000236e-01
9.705704437152568032e-01 7.537166244985109113e-03 2.406994077918867547e-01 4.071170000000000344e-02 -5.118122813685592985e-03 9.999299366325866689e-01 -1.067364252798890314e-02 -7.493699999999999840e-03 -2.407629925990154574e-01 9.127592834187958637e-03 9.705410184241672900e-01 3.386438999999999977e-01
9.621702723762343146e-01 8.928314713949921447e-03 2.723025011853761335e-01 5.136829999999999868e-02 -5.365444852730564575e-03 9.998900204664352698e-01 -1.382602521204061817e-02 -8.718999999999999320e-03 -2.723959965876433520e-01 1.184196639077906947e-02 9.621123577186940778e-01 3.759335999999999789e-01
9.529057583101814277e-01 6.162677601276677838e-03 3.032039531142048383e-01 6.333410000000000428e-02 -7.316099913721699384e-04 9.998373123179589150e-01 -1.802258704017784333e-02 -1.006169999999999981e-02 -3.032656929593565143e-01 1.695199992871002440e-02 9.527552409576649506e-01 4.126211000000000184e-01
9.428989571082371235e-01 1.272985222465365055e-03 3.330764719892748138e-01 7.672149999999999803e-02 6.689179375503551822e-03 9.997186455553894735e-01 -2.275707819954152222e-02 -1.173569999999999995e-02 -3.330117288677398868e-01 2.368563356807444620e-02 9.426251530693405822e-01 4.483897000000000022e-01
9.323164038449676116e-01 -3.768830278621107012e-03 3.616240023006190296e-01 9.163939999999999586e-02 1.480919793307093266e-02 9.995048193948549153e-01 -2.776335107723235107e-02 -1.327069999999999986e-02 -3.613402977501489199e-01 3.123958906242974010e-02 9.319105521974971884e-01 4.846830999999999778e-01
9.212145176135854152e-01 -8.300777414432115864e-03 3.889664633773521896e-01 1.073130999999999946e-01 2.223519710979710365e-02 9.992615460025563445e-01 -3.133622009862427338e-02 -1.528580000000000043e-02 -3.884191145495513586e-01 3.751612686428340560e-02 9.207188124925249628e-01 5.202868000000000492e-01
8.982988127499931252e-01 -1.757963545337670394e-02 4.390332554935664211e-01 1.427139000000000046e-01 4.041569072810112517e-02 9.982692250246174570e-01 -4.272149706787154583e-02 -1.968589999999999923e-02 -4.375223593771216946e-01 5.612050236835070677e-02 8.974545527540660483e-01 5.905728000000000089e-01
8.864316697038215898e-01 -1.502658396783213175e-02 4.626154955471689645e-01 1.613181999999999949e-01 4.621841336984330861e-02 9.973511813919193614e-01 -5.616475088271257604e-02 -2.243360000000000146e-02 -4.605461466690057293e-01 7.116756810795606125e-02 8.847781778716800050e-01 6.243429999999999813e-01
8.740075152136330683e-01 -5.877552622548139205e-03 4.858768544860519456e-01 1.802636999999999989e-01 4.732720760632736640e-02 9.962023294090475156e-01 -7.308251706239397849e-02 -2.508780000000000038e-02 -4.836021079051233129e-01 8.686986390663160862e-02 8.709664907300191938e-01 6.581171000000000104e-01
8.470303764735657159e-01 5.016971438689784429e-03 5.315208098735484388e-01 2.215282000000000084e-01 5.457999417345207882e-02 9.938490281103474766e-01 -9.635939788180288013e-02 -3.276670000000000277e-02 -5.287348726602731919e-01 1.106297397705564151e-01 8.415464901663030073e-01 7.237877000000000338e-01
8.331653542603235651e-01 5.309874954192748270e-03 5.529984608371351085e-01 2.431348999999999871e-01 5.903455742421682972e-02 9.933862535028711305e-01 -9.848183782432355649e-02 -3.715940000000000215e-02 -5.498639954479621617e-01 1.146976746909036254e-01 8.273415436991564675e-01 7.555117999999999556e-01
8.191329505972666514e-01 2.364301089215169183e-03 5.735988313500781643e-01 2.651967000000000074e-01 6.396176339701684088e-02 9.933785334365373698e-01 -9.543574870360858886e-02 -4.141059999999999880e-02 -5.700264047120624511e-01 1.148629591636652486e-01 8.135578642869886190e-01 7.867958000000000451e-01
8.060588282255014558e-01 -3.203946170582651354e-03 5.918267484396659839e-01 2.888700000000000156e-01 6.850452941421628084e-02 9.937689970944136864e-01 -8.792218072648146088e-02 -4.572670000000000207e-02 -5.878573763162868726e-01 1.114132628680234854e-01 8.012557581494390568e-01 8.178151000000000170e-01
7.842634850730687557e-01 -1.294473833616363589e-02 6.202928499752780045e-01 3.365947000000000244e-01 7.977282108278234418e-02 9.935875531627329504e-01 -8.012534690463295195e-02 -5.365040000000000087e-02 -6.152780534014998803e-01 1.123218943461230662e-01 7.802670754638820760e-01 8.770626000000000255e-01
7.687578393253504672e-01 -1.172122446721759331e-02 6.394325588932796567e-01 3.827701000000000020e-01 8.468949238845158156e-02 9.928926390441348282e-01 -8.361756520588133068e-02 -6.091370000000000118e-02 -6.339077806391122394e-01 1.184348775866404663e-01 7.642866644239139085e-01 9.332226999999999606e-01
7.458602899598898439e-01 -5.109188353025394258e-03 6.660828207177558191e-01 4.570764999999999967e-01 8.137190324326606938e-02 9.931799486495849205e-01 -8.349971834070019083e-02 -7.245540000000000314e-02 -6.611134858884042398e-01 1.164795509726107570e-01 7.411892288624419844e-01 1.017514199999999924e+00
7.400936122379740967e-01 -6.154858253661625589e-03 6.724756968429599358e-01 4.825641999999999987e-01 8.496108372389910013e-02 9.928017571691998278e-01 -8.441732768934206987e-02 -7.641799999999999982e-02 -6.671154767931919416e-01 1.196109889668440507e-01 7.352891621269591615e-01 1.044917899999999955e+00
7.446125692630234383e-01 -3.665797266588145809e-03 6.674868415376585817e-01 5.869756999999999891e-01 8.506588913629822835e-02 9.923524498134523864e-01 -8.944501022801951140e-02 -9.150500000000000300e-02 -6.620543151441352636e-01 1.233822405358233620e-01 7.392299415739260748e-01 1.160043500000000005e+00
7.500376832709225727e-01 -2.586793470229296898e-03 6.613900378544641523e-01 6.137917999999999985e-01 8.244850743710877006e-02 9.925578044025318292e-01 -8.961723350460171211e-02 -9.555700000000000305e-02 -6.562360225520846857e-01 1.217469236538142319e-01 7.446690333872170164e-01 1.190738199999999969e+00
7.555764692580596575e-01 -1.588111505042615057e-03 6.550585294501339861e-01 6.407591999999999732e-01 8.051603053888842232e-02 9.926395762388047217e-01 -9.046458152618111481e-02 -9.981059999999999932e-02 -6.500933532422749073e-01 1.210956216644261396e-01 7.501429746947717581e-01 1.222287499999999971e+00
7.604459086855575034e-01 6.969566623219666801e-04 6.494009040760627682e-01 6.682474000000000469e-01 7.691727792656039009e-02 9.928635711582097789e-01 -9.113540159199760848e-02 -1.038108999999999976e-01 -6.448300181596425817e-01 1.192536931016279084e-01 7.549654325608939898e-01 1.254700699999999891e+00
7.636843851608743350e-01 7.500941136158220668e-03 6.455461995423171784e-01 8.108714000000000199e-01 6.424066299538805369e-02 9.940867730396364399e-01 -8.754784340893462247e-02 -1.268591000000000024e-01 -6.423856295710314024e-01 1.083292368186642707e-01 7.586866806336561853e-01 1.425020100000000012e+00
7.635281383923058218e-01 6.746507671069955359e-03 6.457393177726008515e-01 8.409189999999999721e-01 6.470145683510447610e-02 9.941146199068536804e-01 -8.688983813350593943e-02 -1.314244999999999997e-01 -6.425250994059258369e-01 1.081231109508783289e-01 7.585979762111874081e-01 1.460789399999999905e+00
7.634763319954981364e-01 6.366553277189507948e-03 6.458044266510324372e-01 8.717059000000000335e-01 6.451409435037978868e-02 9.941980839711972440e-01 -8.607032855839741314e-02 -1.357673000000000074e-01 -6.426054949289262685e-01 1.073761464542702382e-01 7.586359740084706038e-01 1.497112599999999905e+00
7.631431399487440537e-01 8.233602527336097987e-03 6.461770312682071360e-01 9.327092000000000160e-01 6.174355687644310364e-02 9.944153822347956417e-01 -8.559077496477421332e-02 -1.446415000000000062e-01 -6.432730999609863609e-01 1.052152810396238536e-01 7.583729053060479508e-01 1.569201899999999927e+00
7.663482251683927382e-01 5.977663055382383822e-03 6.423975913137056626e-01 1.056184100000000070e+00 5.987254057079098579e-02 9.949399558655869225e-01 -8.068310298806680159e-02 -1.644865000000000077e-01 -6.396293275537430212e-01 1.002933286244918898e-01 7.621125714529095596e-01 1.715447200000000061e+00
7.679703345410230364e-01 4.575508225870866114e-03 6.404690702831979943e-01 1.085954300000000039e+00 5.989002962816061815e-02 9.950801903078766442e-01 -7.892147494806381336e-02 -1.692765999999999993e-01 -6.376791902015362945e-01 9.896706311351674556e-02 7.639180393226736587e-01 1.751565000000000039e+00
7.698248775807954303e-01 3.881054156986005893e-03 6.382433668095139900e-01 1.116313899999999970e+00 6.012364388766054668e-02 9.950939277161510166e-01 -7.856985724890482026e-02 -1.738970999999999989e-01 -6.354170325883490289e-01 9.885854763789543587e-02 7.658147179674354987e-01 1.787916199999999955e+00
7.615863786357105480e-01 8.630663283653496748e-03 6.480059409664606918e-01 1.295560000000000045e+00 5.871731181747737172e-02 9.948797005026666085e-01 -8.225970350453294666e-02 -2.024383999999999906e-01 -6.453979122754218700e-01 1.006970365949700214e-01 7.571800589367881917e-01 2.003848800000000097e+00
7.574971060274156009e-01 5.610623785233158356e-03 6.528144110394858979e-01 1.326304200000000044e+00 6.063110551500650730e-02 9.950365759143161570e-01 -7.890552348689876261e-02 -2.068657000000000135e-01 -6.500169254751128056e-01 9.935156512835598142e-02 7.533971483237958955e-01 2.039420799999999812e+00
7.533528506368512012e-01 7.076059368960330165e-03 6.575784453744946134e-01 1.356742899999999974e+00 5.809417380146100762e-02 9.953165635800430566e-01 -7.726580895544664374e-02 -2.117109000000000074e-01 -6.550454559858085446e-01 9.640989392702849214e-02 7.494134926362904237e-01 2.074875800000000048e+00
7.456461311734171593e-01 8.245694950848984212e-03 6.662911192421018258e-01 1.417604800000000109e+00 6.142798790015209509e-02 9.948148708585674571e-01 -8.105538243195496706e-02 -2.204117999999999911e-01 -6.635046717007001549e-01 1.013675551319516005e-01 7.412733432398044275e-01 2.143156999999999979e+00
7.392783885615914485e-01 1.203515450296344796e-02 6.732923727934740921e-01 1.478833199999999959e+00 5.943619172910869636e-02 9.947719447499586698e-01 -8.304286273440816823e-02 -2.299698000000000020e-01 -6.707717967524553515e-01 1.014097283029341545e-01 7.346980765505023436e-01 2.210235400000000183e+00
7.364773628541596562e-01 1.058795530351941405e-02 6.763793234612314187e-01 1.509532000000000096e+00 6.061350750864315240e-02 9.948226031334254094e-01 -8.157199888647437280e-02 -2.343752000000000058e-01 -6.737411199495559888e-01 1.010736538239614124e-01 7.320225541551244053e-01 2.243732200000000176e+00
7.347084796787710648e-01 4.221179385005189438e-03 6.783698338905618241e-01 1.540534400000000081e+00 6.179655138403884751e-02 9.954065780609659964e-01 -7.312270912649421195e-02 -2.385034000000000043e-01 -6.755624590851304623e-01 9.564479074971957151e-02 7.310727993006536085e-01 2.277043100000000209e+00
7.329521304909349944e-01 -2.486413172285983908e-03 6.802756736488053679e-01 1.571380500000000069e+00 6.130242029832970452e-02 9.961662589454205463e-01 -6.240831518517624826e-02 -2.428347999999999896e-01 -6.775125000133697117e-01 8.744485284007315340e-02 7.302946049625531622e-01 2.310174899999999809e+00
7.316265165630174705e-01 -5.007579583329459239e-03 6.816872922451916450e-01 1.602070799999999906e+00 6.274523604856618864e-02 9.962229606922725633e-01 -6.002372816422220370e-02 -2.466428999999999983e-01 -6.788119589511328877e-01 8.668758121114784887e-02 7.291773362143711967e-01 2.343082700000000074e+00
7.304887551518465250e-01 -7.046719205752206838e-04 6.829243604047157135e-01 1.631967299999999899e+00 6.219521109752647325e-02 9.959124404895502991e-01 -6.549936331508993126e-02 -2.502257999999999982e-01 -6.800867108782819859e-01 9.032117313029311423e-02 7.275466661123036749e-01 2.375511200000000045e+00
7.294792245258964192e-01 2.480693051034467411e-03 6.839984701350457774e-01 1.662501000000000007e+00 6.412832095216347561e-02 9.953407646802123754e-01 -7.200222647714686619e-02 -2.539715000000000167e-01 -6.809901757271926703e-01 9.638780175829610164e-02 7.259213264777737429e-01 2.407780400000000043e+00
7.290961863868746784e-01 -9.955912690665369436e-04 6.844105199324017619e-01 1.692856700000000103e+00 6.976552752084955178e-02 9.948981104181386925e-01 -7.287332197831060399e-02 -2.578567999999999971e-01 -6.808461809879329252e-01 1.008799221076320113e-01 7.254458760994544342e-01 2.439576600000000095e+00
7.290214165659310019e-01 -4.115065267846218511e-03 6.844785171399060397e-01 1.723374500000000031e+00 7.327183516948729269e-02 9.947052868244066204e-01 -7.205990934264676351e-02 -2.619772000000000212e-01 -6.805578684866547823e-01 1.026862142715191800e-01 7.254629756503669924e-01 2.471687100000000026e+00
7.292162399462556177e-01 -5.259655231083390503e-03 6.842631156400987846e-01 1.753451700000000057e+00 7.174195309935686715e-02 9.950471090247986483e-01 -6.880656209170933624e-02 -2.659313999999999845e-01 -6.805121362357432480e-01 9.926523484201661696e-02 7.259818493513626736e-01 2.504121299999999994e+00
7.300075765737296107e-01 -7.333584612324577090e-03 6.833997049177620298e-01 1.783912699999999907e+00 7.024462457728808396e-02 9.954518438606851927e-01 -6.435308285045709953e-02 -2.693433000000000077e-01 -6.798195575760865861e-01 9.498339376488829089e-02 7.272025330304879853e-01 2.536412700000000076e+00
7.304750085478560750e-01 -8.702700897068215563e-03 6.828839761512240925e-01 1.813726900000000031e+00 6.665238451642792328e-02 9.960537451853281876e-01 -5.860372292402110661e-02 -2.729445999999999817e-01 -6.796791313004127977e-01 8.832440036239910808e-02 7.281724237948996592e-01 2.568836000000000119e+00
7.309994107432413735e-01 -3.096823530970869987e-03 6.823710656065742342e-01 1.843220700000000045e+00 5.787078168821441215e-02 9.966684405516901268e-01 -5.747166462751191612e-02 -2.763612999999999764e-01 -6.799197262323168900e-01 8.150109994521670398e-02 7.287432583481585624e-01 2.601384599999999825e+00
7.321191124131996020e-01 1.211402832640973842e-03 6.811755557435145159e-01 1.872408899999999932e+00 5.075738115872784062e-02 9.971213528118889613e-01 -5.632669016102566373e-02 -2.795435000000000003e-01 -6.792829259573777145e-01 7.581253372474523744e-02 7.299501121535758585e-01 2.633938300000000066e+00
7.339447227341024949e-01 -2.521376185875369436e-03 6.792045248913545219e-01 1.902195800000000103e+00 5.428843719958789671e-02 9.970114714689872759e-01 -5.496263590541342059e-02 -2.830693000000000237e-01 -6.770361213090390073e-01 7.721248876557432195e-02 7.318881895627489254e-01 2.665691600000000161e+00
7.362847524386474385e-01 -4.850748136560154022e-03 6.766544417713338255e-01 1.931792500000000024e+00 5.833852512957592162e-02 9.967060948384405261e-01 -5.633450982844753763e-02 -2.865671000000000190e-01 -6.741523416944166236e-01 8.095326277810716009e-02 7.341424857842739904e-01 2.697647299999999859e+00
7.403716962964358439e-01 -5.410069376783881862e-03 6.721759311909915047e-01 1.960876099999999900e+00 6.062407768994579338e-02 9.964299216539560522e-01 -5.875485032688439885e-02 -2.898668999999999829e-01 -6.694583426378236668e-01 8.425047407599292604e-02 7.380564918016702114e-01 2.729657899999999859e+00
7.466884921605785319e-01 -9.889520795663658825e-03 6.651003631433333174e-01 1.989991800000000088e+00 6.541285626771829731e-02 9.961346435745634942e-01 -5.862533671951190850e-02 -2.932446000000000219e-01 -6.619497366944567807e-01 8.728097873540065221e-02 7.444491768019694256e-01 2.761671799999999788e+00
7.527588311280568600e-01 -1.589834205626218522e-02 6.581043875241858743e-01 2.018763100000000144e+00 7.229000252268229232e-02 9.956586523337094263e-01 -5.863449128535425103e-02 -2.967197999999999780e-01 -6.543151363784827090e-01 9.171199895806317337e-02 7.506401345206130671e-01 2.793947699999999923e+00
7.601042326461614485e-01 -1.359863126346480197e-02 6.496588587413786309e-01 2.046405599999999936e+00 6.896684792891044635e-02 9.958222246444112802e-01 -5.984706167395487802e-02 -2.998521000000000103e-01 -6.461308918478830821e-01 9.029492860629513562e-02 7.578665426497221969e-01 2.826890899999999984e+00
7.682356346481346021e-01 -1.301274919510926956e-02 6.400349037475714375e-01 2.073865200000000186e+00 6.616620760767567833e-02 9.960527752733556728e-01 -5.916841928819874252e-02 -3.030707000000000262e-01 -6.367385983491151702e-01 8.780397046051682808e-02 7.660642402199523415e-01 2.860185599999999884e+00
7.766750291548198959e-01 -1.632330989306834609e-02 6.296899623159754045e-01 2.100966199999999784e+00 6.605407947714650452e-02 9.962631632270014803e-01 -5.564681645301765289e-02 -3.066132999999999775e-01 -6.264285734796796179e-01 8.481308360780122346e-02 7.748509425542113860e-01 2.893688399999999827e+00
7.845640060193604937e-01 -1.642723842731574208e-02 6.198301915012731644e-01 2.127440500000000068e+00 6.498950638425357584e-02 9.963214352704766741e-01 -5.585661715955009959e-02 -3.098879999999999968e-01 -6.166325360526996313e-01 8.410554950911149075e-02 7.827455346554117455e-01 2.927353099999999930e+00
7.927496696446761915e-01 -1.771192546575352939e-02 6.092899547625517664e-01 2.153371799999999947e+00 6.494617264972693538e-02 9.963420563646262496e-01 -5.553828748944127786e-02 -3.129176000000000180e-01 -6.060775164419224259e-01 8.359900965563862862e-02 7.910001578054126625e-01 2.961245799999999928e+00
8.008850833672604974e-01 -1.863401978220795632e-02 5.985280749861048299e-01 2.178494199999999825e+00 6.564679510814379337e-02 9.962235274334170221e-01 -5.682588917165416059e-02 -3.161085000000000145e-01 -5.952088553876240251e-01 8.480245689174351065e-02 7.990838264996222851e-01 2.994905199999999823e+00
8.087933105235050046e-01 -1.674641720776288631e-02 5.878545214278212416e-01 2.203045100000000200e+00 6.546863618690630660e-02 9.959451096646084745e-01 -6.170248140048679303e-02 -3.198623999999999912e-01 -5.844375403139805414e-01 8.839058799360065277e-02 8.066101074409431915e-01 3.029000799999999938e+00
8.163732841596404999e-01 -1.338286223845370354e-02 5.773695176476755231e-01 2.227557200000000126e+00 6.707886304527568844e-02 9.951623664434960936e-01 -7.177945769601440373e-02 -3.229717999999999756e-01 -5.736158009007040759e-01 9.732812241529856245e-02 8.133216765488036071e-01 3.063200500000000215e+00
8.245838602457278288e-01 -1.003725143521861166e-02 5.656506969905367166e-01 2.251340400000000130e+00 6.567472868316363843e-02 9.947810773908152271e-01 -7.808609400886773466e-02 -3.263865000000000238e-01 -5.619148400199506233e-01 1.015374888836388656e-01 8.209396146590552945e-01 3.097523900000000108e+00
8.313511002605366018e-01 -1.150875995537520638e-02 5.556283798906287430e-01 2.274239300000000075e+00 6.422641829038872041e-02 9.950762331496172397e-01 -7.548680291518995722e-02 -3.304289000000000254e-01 -5.520238357980418176e-01 9.844205739955998180e-02 8.279968877029419971e-01 3.132610999999999812e+00
8.386353879569327097e-01 -1.299100019287189808e-02 5.445382631003206075e-01 2.297161599999999915e+00 6.254216308832837024e-02 9.954002329992827081e-01 -7.257309405838215099e-02 -3.344572000000000100e-01 -5.410907168881740059e-01 9.491896574954157562e-02 8.355903458265176997e-01 3.167661900000000141e+00
8.444812850680205596e-01 -9.993759722168680387e-03 5.354918150041885205e-01 2.318995500000000209e+00 5.928392004406463078e-02 9.954261558911685626e-01 -7.491451789833486474e-02 -3.384445999999999843e-01 -5.322938812292261623e-01 9.500996228999641913e-02 8.412112285696025094e-01 3.202413599999999860e+00
8.484215489196459403e-01 -2.570192855475422061e-03 5.293149057389887613e-01 2.340193699999999932e+00 5.426149208037069072e-02 9.951424044809796809e-01 -8.214186071076091944e-02 -3.423802000000000234e-01 -5.265325876011861528e-01 9.841234126114388470e-02 8.444397227046460674e-01 3.237339500000000037e+00
8.513730156659747861e-01 6.103568144874293305e-03 5.245252469154605413e-01 2.361105400000000021e+00 4.825410073136400524e-02 9.947812967039632026e-01 -8.989835087802763858e-02 -3.464396000000000142e-01 -5.223366059912241122e-01 1.018475241912265294e-01 8.466354303108785118e-01 3.272010100000000143e+00
8.534373167952510331e-01 9.775326995579893680e-03 5.211038181432292582e-01 2.382571899999999854e+00 4.549977451119242844e-02 9.946095681824220769e-01 -9.317498269066862293e-02 -3.508693999999999980e-01 -5.192056594652574297e-01 1.032291134424065393e-01 8.483921459544175869e-01 3.307707800000000198e+00
8.554536714185169144e-01 1.113776681288170325e-02 5.177595640903235319e-01 2.403371599999999830e+00 4.361671651768699032e-02 9.946670693855561574e-01 -9.346123859742548612e-02 -3.553825999999999929e-01 -5.160393377416064853e-01 1.025347318247384759e-01 8.504058035272532567e-01 3.342600800000000039e+00
8.583183777144447468e-01 1.076676548520709084e-02 5.130045216551508691e-01 2.424205499999999791e+00 4.342565520958088787e-02 9.946687659622357458e-01 -9.353212543710187621e-02 -3.600323999999999747e-01 -5.112766129476902233e-01 1.025578996477097826e-01 8.532749277182518632e-01 3.377538899999999789e+00
8.614014262646643161e-01 1.208225798704352753e-02 5.077810570227454523e-01 2.444711700000000043e+00 3.948912253915003862e-02 9.950980317025589494e-01 -9.066706404632819682e-02 -3.641292999999999891e-01 -5.063873932379143739e-01 9.815256666856710110e-02 8.567017460155444963e-01 3.413036299999999912e+00
8.643118273127526896e-01 8.663250808745685816e-03 5.028817090059202188e-01 2.465099100000000210e+00 4.039826188336149287e-02 9.954253376667386854e-01 -8.658162373080469099e-02 -3.687737999999999849e-01 -5.013312733154532408e-01 9.514906839525055782e-02 8.600079122772197326e-01 3.448151600000000094e+00
8.673907924554975502e-01 9.814381969350031293e-03 4.975307940921685490e-01 2.485156499999999991e+00 3.729580582413988266e-02 9.957114239237574438e-01 -8.466276120970510355e-02 -3.730610999999999788e-01 -4.962280081085228001e-01 9.199151142514828960e-02 8.633048857700069689e-01 3.483554400000000051e+00
8.704018436895741839e-01 1.692652136775252281e-02 4.920509357537866668e-01 2.504633899999999969e+00 2.902012262732497211e-02 9.959074084872386878e-01 -8.559361075995954027e-02 -3.773258999999999919e-01 -4.914859743517460133e-01 8.878021510798143889e-02 8.663484347656521534e-01 3.519076800000000116e+00
8.733532196240344492e-01 2.451215743587401019e-02 4.864702538801031206e-01 2.523178099999999979e+00 2.126387265297425416e-02 9.958621467329291654e-01 -8.835401758992014742e-02 -3.814387000000000194e-01 -4.866230589400086792e-01 8.750850725684189424e-02 8.692181887567401732e-01 3.554359400000000058e+00
8.768833077207818238e-01 2.435711858507673064e-02 4.800858208850717346e-01 2.542348099999999889e+00 2.273469867474933390e-02 9.954965110265829864e-01 -9.203167938307250939e-02 -3.857844000000000273e-01 -4.801653862127392425e-01 9.161564990836888744e-02 8.723805216618709668e-01 3.589362899999999801e+00
8.805551696154169106e-01 2.390492629633736432e-02 4.733404142499676448e-01 2.561410899999999824e+00 2.407110996001074477e-02 9.951824999939125060e-01 -9.503879929354865086e-02 -3.900505000000000222e-01 -4.733319922938415969e-01 9.508073519190431144e-02 8.757376769709691589e-01 3.624380100000000215e+00
8.836562951455847470e-01 2.413132341192549338e-02 4.675138835157393591e-01 2.579764799999999969e+00 2.240445622163355147e-02 9.953461796295128838e-01 -9.372311901738263062e-02 -3.941688999999999887e-01 -4.675998207773311433e-01 9.329341845662329769e-02 8.790032682997743763e-01 3.659810100000000066e+00
8.870400896643816369e-01 2.225517733776844614e-02 4.611557073374136784e-01 2.598006999999999955e+00 2.131867518130498712e-02 9.957977675610109047e-01 -8.906357397399300435e-02 -3.985833999999999766e-01 -4.611999494977420677e-01 8.883418937645229385e-02 8.828380901281438486e-01 3.695248100000000147e+00
8.904978762647969281e-01 2.206795715653206424e-02 4.544519090451967780e-01 2.616191900000000015e+00 1.948372161780088929e-02 9.960572828783149646e-01 -8.654636801731420415e-02 -4.029633000000000242e-01 -4.545700352638813446e-01 8.592377140236463762e-02 8.865569291073122082e-01 3.731061700000000148e+00
8.935421397425750145e-01 2.493433764556261811e-02 4.482864299869422364e-01 2.633851299999999895e+00 1.757604586039163835e-02 9.957487750247747682e-01 -9.041824842681883689e-02 -4.071635000000000115e-01 -4.486351826553218736e-01 8.867161802311715468e-02 8.893052440197282138e-01 3.766808300000000109e+00
8.965166008546754384e-01 2.507616422891607161e-02 4.422998647745023937e-01 2.651272099999999909e+00 1.803002625650565460e-02 9.955041655266002598e-01 -9.298588372638588728e-02 -4.114984999999999893e-01 -4.426430870861629008e-01 9.133806658098073128e-02 8.920338867151179629e-01 3.802379600000000082e+00
9.027909534643953071e-01 2.695179223933785034e-02 4.292343127453067120e-01 2.684975600000000018e+00 1.488680082161107469e-02 9.954781284143376929e-01 -9.381726392293236738e-02 -4.200844000000000245e-01 -4.298219137086263797e-01 9.108730286804540832e-02 8.983074227412791712e-01 3.873278099999999835e+00
9.062977629572122051e-01 2.266986017599877806e-02 4.220313285744951015e-01 2.701998500000000192e+00 1.814826429387694090e-02 9.955519355236903678e-01 -9.244990090937497962e-02 -4.246017000000000263e-01 -4.222499323408736016e-01 9.144627447104843043e-02 9.018550734588641760e-01 3.909352499999999786e+00
9.097171521224860502e-01 1.936922075052083247e-02 4.147764897166558717e-01 2.718697300000000094e+00 2.119044141807654991e-02 9.954441753190267361e-01 -9.296159968465303458e-02 -4.289706999999999826e-01 -4.146874344933309531e-01 9.335805862880938721e-02 9.051621979305141119e-01 3.945150599999999841e+00
9.127218776257813859e-01 1.856844791090588725e-02 4.081592665191470792e-01 2.734344500000000178e+00 2.137919506926037883e-02 9.954278505918054964e-01 -9.309309471904313182e-02 -4.334293000000000173e-01 -4.080216956504380543e-01 9.369422078419885336e-02 9.081517983631278712e-01 3.978557299999999852e+00
9.155863713857429476e-01 2.296452616011180475e-02 4.014651006886276741e-01 2.749117399999999822e+00 1.593691431546277737e-02 9.955113310229146695e-01 -9.329096723202283392e-02 -4.376791999999999905e-01 -4.018054396032861297e-01 9.181405308135733023e-02 9.111106235589526703e-01 4.012890299999999577e+00
9.197352604100328399e-01 2.377262116265217023e-02 3.918187249756525659e-01 2.779849800000000037e+00 1.339170790575346798e-02 9.956832066682521631e-01 -9.184559934038001583e-02 -4.463014000000000148e-01 -3.923107351549993127e-01 8.972075814371864577e-02 9.154465973721570560e-01 4.085241800000000367e+00
9.216601887822561956e-01 2.234052764877959493e-02 3.873543561627131870e-01 2.794948799999999789e+00 1.455659801761950353e-02 9.956471339295149825e-01 -9.205916658375684625e-02 -4.503423999999999761e-01 -3.877249048849059632e-01 9.048583050575692566e-02 9.173231233375043203e-01 4.121147599999999578e+00
9.259767288800168084e-01 1.495763472927915880e-02 3.772841988951686765e-01 2.824923500000000143e+00 2.095925862301946732e-02 9.956382216138890406e-01 -9.091337162104175251e-02 -4.589941000000000160e-01 -3.769984178357213556e-01 9.209126356412815351e-02 9.216243226632666596e-01 4.192912100000000031e+00
9.279140590189600690e-01 6.804721335104466431e-03 3.727320684385896365e-01 2.839518099999999823e+00 2.794096517921807604e-02 9.957516815476495919e-01 -8.773762681929557494e-02 -4.633334000000000064e-01 -3.717456140155679378e-01 9.182747117600388587e-02 9.237818541179559917e-01 4.228797400000000373e+00
9.298407366430788690e-01 4.682006208117685253e-03 3.679324439308438999e-01 2.854123400000000199e+00 2.932597988898885677e-02 9.957953845879060628e-01 -8.678443948643652095e-02 -4.674807000000000268e-01 -3.667917547909264053e-01 9.148568659244729617e-02 9.257938095310971338e-01 4.264689399999999964e+00
9.313608771446607593e-01 7.390002844635765525e-03 3.640223954405613638e-01 2.867968999999999991e+00 2.686262872916014843e-02 9.956745149999108868e-01 -8.894188753029405592e-02 -4.714752999999999861e-01 -3.631051028312428652e-01 9.261559284293574557e-02 9.271337747381788175e-01 4.300759300000000174e+00
9.327684908363184091e-01 9.262076233508727274e-03 3.603569847342792953e-01 2.881689300000000120e+00 2.539174151099581056e-02 9.954985365033121036e-01 -9.131222964533640407e-02 -4.754303999999999752e-01 -3.595805917537481800e-01 9.432326204923445478e-02 9.283344872783816371e-01 4.336558799999999714e+00
9.334859075029071640e-01 1.122528415646949738e-02 3.584383538198449015e-01 2.895484699999999911e+00 2.300039638970183958e-02 9.955780255672179724e-01 -9.107895900588983129e-02 -4.797617000000000131e-01 -3.578757357790416371e-01 9.326514892116177791e-02 9.290998707013811142e-01 4.372617700000000163e+00
9.337995454725236399e-01 1.169395298820919728e-02 3.576054534522897232e-01 2.909061900000000200e+00 2.207400046831601431e-02 9.956789877039551317e-01 -9.020028796047153963e-02 -4.838060000000000138e-01 -3.571150338177223049e-01 9.212277084595728305e-02 9.295064538307575841e-01 4.408757200000000154e+00
9.343445212386470855e-01 8.381527216078755310e-03 3.562724598293411926e-01 2.923076899999999867e+00 2.368813994539236203e-02 9.960517097246671669e-01 -8.555620129771382421e-02 -4.877896999999999927e-01 -3.555828843705092224e-01 8.837839982763634472e-02 9.304569150619794726e-01 4.444765600000000205e+00
9.347417388895690182e-01 7.322817958690825205e-03 3.552523862197812798e-01 2.936717699999999986e+00 2.275150114519762512e-02 9.965026055310707287e-01 -8.040476581289933422e-02 -4.918820999999999888e-01 -3.545987179522013255e-01 8.324021568287164052e-02 9.313059732009261182e-01 4.480934600000000323e+00
9.349608273266301062e-01 6.167255033914690460e-03 3.546973587864025723e-01 2.949960200000000032e+00 2.317064578597596847e-02 9.966522387830308860e-01 -7.840558719015612577e-02 -4.957880000000000065e-01 -3.539934639771816216e-01 8.152471952799957011e-02 9.316879024476579785e-01 4.516809900000000155e+00
9.353464486988527504e-01 7.738200821418179769e-03 3.536483297776081836e-01 2.963406299999999938e+00 2.324614559485676732e-02 9.962548779221591655e-01 -8.328166023373004268e-02 -4.996478999999999782e-01 -3.529683238215962637e-01 8.611816570475205879e-02 9.316635787204636809e-01 4.552635699999999730e+00
9.353382242065414465e-01 9.806232196721033356e-03 3.536187836473871360e-01 2.976604000000000028e+00 2.260961590673735144e-02 9.959148173760719036e-01 -8.742128916536953676e-02 -5.031997999999999749e-01 -3.530314597974285040e-01 8.976365824145837724e-02 9.312954816020569959e-01 4.587967899999999766e+00
9.353236678285402617e-01 1.301903175684137812e-02 3.535535902969744182e-01 2.989692199999999911e+00 1.896392872168818980e-02 9.960411885396678322e-01 -8.684653211225254466e-02 -5.071067000000000213e-01 -3.532845960514061634e-01 8.793438203910991513e-02 9.313740057829585917e-01 4.623371599999999582e+00
9.355412705120929040e-01 1.445793327107658746e-02 3.529213784033890522e-01 3.002829300000000146e+00 1.701826225995506023e-02 9.961565226465616263e-01 -8.592183155846715159e-02 -5.113779000000000519e-01 -3.528071851851523610e-01 8.638952803574810602e-02 9.316994899255286455e-01 4.658530700000000024e+00
9.357196788101344032e-01 1.036127662878246793e-02 3.525922951995419385e-01 3.016000000000000014e+00 2.136827666602317960e-02 9.960678418696270464e-01 -8.597820157172351985e-02 -5.153419000000000194e-01 -3.520966904697960809e-01 8.798578487349804911e-02 9.318188784417340553e-01 4.693658799999999687e+00
9.360094430007764865e-01 1.336888596467887200e-02 3.517209056929081479e-01 3.028943799999999964e+00 1.914670070296474111e-02 9.958648565768011274e-01 -8.880648223783119133e-02 -5.190618999999999650e-01 -3.514537330368924239e-01 8.985800088656853424e-02 9.318829396502020801e-01 4.728338700000000117e+00
9.356751904726150482e-01 2.300600238637785788e-02 3.521117177661565179e-01 3.041188000000000002e+00 9.857998297981951374e-03 9.957785513112035192e-01 -9.125730994346611946e-02 -5.231012000000000439e-01 -3.527247621072165384e-01 8.885831757780940365e-02 9.314984925342867372e-01 4.763280899999999818e+00
9.356720254781150103e-01 2.979689287060552361e-02 3.516105884539589277e-01 3.053443699999999872e+00 3.649752899197812595e-03 9.955579555828300009e-01 -9.407994674483251274e-02 -5.270907000000000231e-01 -3.528520086969272884e-01 8.931126609220911561e-02 9.314069774848963146e-01 4.797689899999999952e+00
9.358079141195240203e-01 2.773460695471771653e-02 3.514176140268624460e-01 3.066408399999999812e+00 7.039789295558993368e-03 9.952309524297082710e-01 -9.729230541276119582e-02 -5.311603999999999770e-01 -3.524400505588711763e-01 9.352081534569291199e-02 9.311497558712761302e-01 4.832087999999999717e+00
9.360793656584043276e-01 2.588305721847125596e-02 3.508354151701116863e-01 3.079065799999999964e+00 9.166699559361696226e-03 9.951563772763103444e-01 -9.787622993085770551e-02 -5.355026999999999981e-01 -3.516694368405473559e-01 9.483592207236174465e-02 9.313080881625248608e-01 4.865861899999999629e+00
9.368265195631608755e-01 2.637516311445238515e-02 3.487985421613180037e-01 3.091947100000000059e+00 8.806416712473827402e-03 9.950587661284500118e-01 -9.889640527144041848e-02 -5.398288999999999449e-01 -3.496834558109104263e-01 9.572044045872729612e-02 9.319651699556836810e-01 4.899738799999999728e+00
9.377477134703217088e-01 1.696696127377606694e-02 3.469025051888752764e-01 3.104867200000000160e+00 1.781201629593508889e-02 9.951423387703156598e-01 -9.682178299442627256e-02 -5.437937000000000465e-01 -3.468601417814632382e-01 9.697343869266787653e-02 9.328902369686706830e-01 4.933352900000000041e+00
9.395305993167032410e-01 4.910041433116811918e-03 3.424297657049127364e-01 3.129580699999999993e+00 2.643767484328329864e-02 9.958733995114613657e-01 -8.681717280795296643e-02 -5.521622999999999948e-01 -3.414429707820578197e-01 9.062043720160602167e-02 9.355237218076901673e-01 4.999626199999999798e+00
9.406508180114664386e-01 3.697596838114077314e-03 3.393558108416323549e-01 3.141179999999999861e+00 2.713450746838998173e-02 9.959199566287815220e-01 -8.606485050805409709e-02 -5.560747000000000329e-01 -3.382894575342348942e-01 9.016522481615946161e-02 9.367125894077886761e-01 5.032683399999999807e+00
9.425371815954582955e-01 4.223027220051458683e-03 3.340745835157003518e-01 3.153235000000000010e+00 2.784765749886118635e-02 9.954476333700618129e-01 -9.115106795737040746e-02 -5.599836000000000258e-01 -3.329386869709137220e-01 9.521646527277591310e-02 9.381288053668548343e-01 5.065856000000000137e+00
9.447286547714115468e-01 3.795806240087589226e-03 3.278312991597764903e-01 3.164574399999999788e+00 2.869691859320040034e-02 9.951377511552377264e-01 -9.421965341133159422e-02 -5.638758000000000381e-01 -3.265949413525175427e-01 9.841975452460716145e-02 9.400262210184680001e-01 5.098790199999999828e+00
9.472857635511772179e-01 4.343630925053193134e-03 3.203604455042012300e-01 3.175187300000000157e+00 2.771132593213262996e-02 9.950501463190550844e-01 -9.543211579709523495e-02 -5.674095999999999584e-01 -3.191892300632125923e-01 9.927909740128584848e-02 9.424764698552635656e-01 5.131616600000000084e+00
9.503913386608660030e-01 -1.693966220649590487e-04 3.110567065716335899e-01 3.186050700000000013e+00 3.003785287997613740e-02 9.953763078100648087e-01 -9.123449591445058349e-02 -5.712226999999999721e-01 -3.096030212914076540e-01 9.605195029351264180e-02 9.460021099617297313e-01 5.165092900000000320e+00
9.542466208318675092e-01 -4.529601006106366567e-03 2.989864032789576465e-01 3.196620499999999865e+00 3.281330181253873379e-02 9.954329721829702216e-01 -8.964644507808026963e-02 -5.750948000000000171e-01 -2.972148614304493952e-01 9.535554837398556305e-02 9.500371811351254747e-01 5.197748200000000374e+00
9.621559044873659872e-01 -7.304807714103356275e-03 2.724016432482714856e-01 3.215218300000000085e+00 3.405436884564112116e-02 9.950271901234597482e-01 -9.360123331205184860e-02 -5.823711000000000304e-01 -2.703633026551932050e-01 9.933544533182560310e-02 9.576200467190023602e-01 5.262023899999999976e+00
9.657479696642028433e-01 -9.595369031701725740e-03 2.593044310894345728e-01 3.224052400000000151e+00 3.509838892336504534e-02 9.949625854679731152e-01 -9.390184563612413715e-02 -5.861532000000000409e-01 -2.570971843184092220e-01 9.978668454273714739e-02 9.612198788016788065e-01 5.295649499999999676e+00
9.691831174762218781e-01 -9.540977711711770212e-03 2.461565651031405455e-01 3.231978699999999982e+00 3.426306755570557305e-02 9.947579972075317745e-01 -9.634609070083441362e-02 -5.898284000000000304e-01 -2.439469757974982445e-01 1.018110835614908505e-01 9.644295600318822936e-01 5.327418800000000232e+00
9.724341009058264929e-01 -6.250811184256537326e-03 2.330940727582227201e-01 3.239091600000000071e+00 3.101591234124916052e-02 9.942254037804778566e-01 -1.027319797297112230e-01 -5.941395999999999900e-01 -2.311058903990047819e-01 1.071297056706711076e-01 9.670125612347538757e-01 5.359418400000000027e+00
9.752791215448682882e-01 3.287930789570760876e-03 2.209520866382416460e-01 3.245324099999999934e+00 2.214751781184258472e-02 9.934001889416510522e-01 -1.125413349195140272e-01 -5.979807000000000317e-01 -2.198638727336625631e-01 1.146527545321747027e-01 9.687696441077934262e-01 5.391135700000000419e+00
9.782535606284378238e-01 7.773028854548670076e-03 2.072668597248717715e-01 3.251497500000000151e+00 1.767594610764145618e-02 9.925378227930757857e-01 -1.206492074337022768e-01 -6.019563999999999471e-01 -2.066580074591426730e-01 1.216891546014151615e-01 9.708162635665977813e-01 5.422453899999999827e+00
9.808667616368549336e-01 8.231709584005446681e-03 1.945061306832095993e-01 3.257419599999999971e+00 1.580824895208190681e-02 9.924386042939640218e-01 -1.217198257151136942e-01 -6.061452999999999980e-01 -1.940373551177664857e-01 1.224657326127323032e-01 9.733199110028153411e-01 5.453781099999999604e+00
9.830140434960740192e-01 1.244787872760654175e-02 1.831077295055603127e-01 3.263002900000000039e+00 9.512514083166315540e-03 9.929005488055019368e-01 -1.185664887628475050e-01 -6.101288000000000267e-01 -1.832836663898783081e-01 1.182943383975567919e-01 9.759167726490656225e-01 5.486012500000000180e+00
