9.994054508175644891e-01 4.428021997145170988e-03 -3.419265268055966117e-02 -3.988065000000000082e-01 -4.255459136631381187e-03 9.999778487967501128e-01 5.117908103941940130e-03 4.892600000000000421e-03 3.421455748182410800e-02 -4.969359819607810889e-03 9.994021560509593893e-01 -4.267661999999999844e-01
9.992018867758872824e-01 5.389289818668033208e-06 -3.994482988400885337e-02 -4.013694999999999902e-01 -1.020759798026554672e-05 9.999999926973992537e-01 -1.204201243561816995e-04 4.119499999999999898e-03 3.994482894332876399e-02 1.207317562273297869e-04 9.992018795341265358e-01 -3.549317000000000166e-01
9.991290434486665983e-01 -1.388917658806023987e-03 -4.170402192942139485e-02 -4.021622000000000252e-01 1.358883862459925058e-03 9.999987965870058559e-01 -7.485046348738151828e-04 3.859299999999999970e-03 4.170501135356456668e-02 6.911817974588027906e-04 9.991297284615856533e-01 -3.305120999999999754e-01
9.990206652310085200e-01 -1.931458065313824708e-03 -4.420384498134966728e-02 -4.045377000000000001e-01 1.907201606656946762e-03 9.999980067030052044e-01 -5.909078168022984315e-04 3.058500000000000021e-03 4.420489818362693252e-02 5.060234760631903642e-04 9.990223575660441835e-01 -2.806870000000000198e-01
9.988264591702963324e-01 1.488213109973320547e-03 -4.840960321121751120e-02 -4.084196999999999966e-01 -2.014706853362370573e-03 9.999393367872186911e-01 -1.082883658719654973e-02 1.835599999999999949e-03 4.839055091258243069e-02 1.091365966468147916e-02 9.987688654614240713e-01 -2.035774999999999946e-01
9.987746744088091821e-01 3.163666625637697773e-03 -4.938766012942037015e-02 -4.101665999999999923e-01 -3.696530737355983517e-03 9.999359013878849067e-01 -1.070181181416664414e-02 1.495699999999999981e-03 4.935063748408013290e-02 1.087126161399312903e-02 9.987223489292882395e-01 -1.769073999999999924e-01
9.986501112207688546e-01 7.375999077919787213e-03 -5.141546456416114241e-02 -4.126588999999999952e-01 -7.037855881955808711e-03 9.999524206295916651e-01 6.754632603255616465e-03 7.422999999999999911e-04 5.146284041258122888e-02 -6.383659970790280490e-03 9.986545072957145885e-01 -1.211737999999999982e-01
9.985215383251164756e-01 1.063706860264274252e-02 -5.330656875456908639e-02 -4.152754000000000167e-01 -9.990123097890537748e-03 9.998733578850482751e-01 1.238812464286545047e-02 1.553000000000000073e-04 5.343159122964544205e-02 -1.183727009157298400e-02 9.985013490704193195e-01 -6.420770000000000644e-02
9.983967261315592756e-01 1.151091031019236231e-02 -5.542090033204961907e-02 -4.195538999999999796e-01 -1.156982874906795945e-02 9.999327917209691607e-01 -7.423636751732274469e-04 2.888999999999999750e-04 5.540863030703349623e-02 1.382383788852920101e-03 9.984628048668406919e-01 -3.679299999999999932e-03
9.983519104711878756e-01 9.181013643259091847e-03 -5.664955292861106190e-02 -4.238952999999999749e-01 -8.625831647558252283e-03 9.999124225472416638e-01 1.003704458964387904e-02 3.225999999999999810e-04 5.673674194838119328e-02 -9.531853135083827658e-03 9.983436712319531114e-01 6.010650000000000021e-02
9.983115158090876129e-01 7.827464090479246614e-03 -5.755734713200413161e-02 -4.286152999999999769e-01 -6.695300278890672224e-03 9.997808133243858419e-01 1.983679063268626100e-02 5.592999999999999881e-04 5.770000309477680417e-02 -1.941793280299941929e-02 9.981451064492180558e-01 1.268002000000000018e-01
9.983449189001906143e-01 5.638449783624858817e-03 -5.723312668559438904e-02 -4.327385999999999733e-01 -4.711326064584307576e-03 9.998557020983616095e-01 1.632110253951804882e-02 1.111500000000000075e-03 5.731689378259192252e-02 -1.602444586966534842e-02 9.982274243987113715e-01 1.962098999999999926e-01
9.983468857877839664e-01 7.842863073313593308e-03 -5.693843286082535260e-02 -4.348342000000000040e-01 -7.129052220451522794e-03 9.998935707186711319e-01 1.272885893959198496e-02 1.487999999999999956e-03 5.703220364207872706e-02 -1.230189962075815650e-02 9.982965446266200971e-01 2.318338000000000065e-01
9.984192339927328019e-01 4.805784692811732907e-03 -5.599944309411346299e-02 -4.369276000000000271e-01 -4.410513638378560537e-03 9.999644973128990477e-01 7.179936156174929369e-03 1.414799999999999912e-03 5.603196019068218403e-02 -6.921600049656708407e-03 9.984049834060035877e-01 2.679580999999999769e-01
9.985168614507073936e-01 2.449127326799562399e-03 -5.438822642783945616e-02 -4.407591000000000148e-01 -2.691752963095509540e-03 9.999867490414240390e-01 -4.388189552616071631e-03 1.119299999999999939e-03 5.437675849675555062e-02 4.528080929173630698e-03 9.985102225908777385e-01 3.429328999999999850e-01
9.984936090442340095e-01 8.295023197233368853e-03 -5.423748969096735262e-02 -4.502594999999999792e-01 -8.752801248177026830e-03 9.999280046800730348e-01 -8.208162208303938084e-03 -1.084799999999999914e-03 5.416549794962047248e-02 8.670527474454976097e-03 9.984943268668001748e-01 5.011107999999999674e-01
9.984358143747584791e-01 1.348480258499925102e-02 -5.425942013195839131e-02 -4.551786999999999916e-01 -1.399933412599175739e-02 9.998604678970827164e-01 -9.113911380717452937e-03 -2.603299999999999798e-03 5.412894990521815997e-02 9.859251283455858911e-03 9.984852787829613385e-01 5.829946999999999768e-01
9.983971389722241518e-01 1.463170737485625442e-02 -5.467235161737533933e-02 -4.602113999999999927e-01 -1.515720444042150533e-02 9.998427100020764735e-01 -9.209473885887511924e-03 -4.388500000000000040e-03 5.452900187632828133e-02 1.002339238981267075e-02 9.984618768683014567e-01 6.670749999999999735e-01
9.983608305219210388e-01 1.546268345583059166e-02 -5.510496801491650276e-02 -4.626413999999999804e-01 -1.592297206863644080e-02 9.998418246403665277e-01 -7.923677197108007497e-03 -5.473900000000000293e-03 5.497373045447809248e-02 8.788123813836975357e-03 9.984491263152825979e-01 7.095314000000000343e-01
9.982783843367456500e-01 1.646947449798248642e-02 -5.629408295528910006e-02 -4.702250000000000041e-01 -1.680724364821715305e-02 9.998434451972553205e-01 -5.531876447697754544e-03 -8.381700000000000608e-03 5.619416274815499518e-02 6.468501050740702203e-03 9.983989055318472916e-01 8.378476000000000257e-01
9.982199331020519262e-01 1.747737543285657683e-02 -5.702198265330740007e-02 -4.757262999999999908e-01 -1.782474127207069395e-02 9.998255065524300766e-01 -5.588832235851489555e-03 -9.946599999999999886e-03 5.691435457174972429e-02 6.595285828205971895e-03 9.983572799596973635e-01 9.250062000000000006e-01
9.982020721521286388e-01 1.670347927498486845e-02 -5.756402462742422205e-02 -4.783554999999999890e-01 -1.688696771159094168e-02 9.998537525749127131e-01 -2.702551271078972289e-03 -1.086819999999999974e-02 5.751046402789875694e-02 3.669774104120937779e-03 9.983381587845475691e-01 9.694945999999999842e-01
9.981203322902465480e-01 1.743956699843591043e-02 -5.875086188061429820e-02 -4.839157000000000042e-01 -1.730247171834607342e-02 9.998462635266317511e-01 2.841440527111802321e-03 -1.208110000000000087e-02 5.879138322274606726e-02 -1.819564436986019929e-03 9.982686324051336380e-01 1.058886500000000064e+00
9.980193620791193432e-01 1.729728580688074183e-02 -6.048269850877099896e-02 -4.926627000000000089e-01 -1.724039625404258716e-02 9.998503039224145850e-01 1.462355380504867450e-03 -1.386000000000000079e-02 6.049893926501027919e-02 -4.167132951794328506e-04 9.981681745566918229e-01 1.194317300000000026e+00
9.979424484608296897e-01 1.690376944266709300e-02 -6.184765265257449740e-02 -4.988090000000000024e-01 -1.663848587148487532e-02 9.998500402622488847e-01 4.801851255895116070e-03 -1.524469999999999992e-02 6.191954738132982028e-02 -3.762919904608317493e-03 9.980740504020143566e-01 1.285132500000000011e+00
9.979071309708211768e-01 1.691751689014617255e-02 -6.241118152908215616e-02 -5.020478000000000440e-01 -1.649159618033336355e-02 9.998371117312899736e-01 7.333298047722005414e-03 -1.577829999999999858e-02 6.252507667335754915e-02 -6.288690412441087785e-03 9.980235804628502239e-01 1.330327400000000049e+00
9.978416570184163170e-01 1.828648922601131682e-02 -6.306846938469584662e-02 -5.049390000000000267e-01 -1.786818728073508167e-02 9.998144971889102450e-01 7.190208215848726062e-03 -1.640540000000000054e-02 6.318825367140576410e-02 -6.047770057934871366e-03 9.979833010002143734e-01 1.375801100000000110e+00
9.977664316166143799e-01 2.047145173528876205e-02 -6.358512092382556657e-02 -5.114092999999999556e-01 -2.054002288499090501e-02 9.997889412073032167e-01 -4.248522844294881856e-04 -1.767739999999999936e-02 6.356300338193457411e-02 1.729943186719668652e-03 9.979763283252959249e-01 1.466059199999999896e+00
9.977665644407844869e-01 2.142111933491534434e-02 -6.326941228171124865e-02 -5.174718999999999847e-01 -2.133937502612852019e-02 9.997703535597924906e-01 1.967540703978870251e-03 -1.911469999999999836e-02 6.329702961062295963e-02 -6.130166122442219818e-04 9.979945442000698330e-01 1.557069400000000048e+00
9.977800737684713317e-01 2.263655206401550546e-02 -6.262995210949152958e-02 -5.209964999999999735e-01 -2.243435324893738175e-02 9.997405941993158240e-01 3.929898764725806362e-03 -1.977490000000000150e-02 6.270266489461177872e-02 -2.516112209782374667e-03 9.980290802348706913e-01 1.602536299999999914e+00
9.978058481216892650e-01 2.020035746822868364e-02 -6.305105084225107182e-02 -5.267452000000000245e-01 -1.996032214437033422e-02 9.997909379383698170e-01 4.434631462442913466e-03 -2.094620000000000162e-02 6.312745040035525057e-02 -3.166381921137575300e-03 9.980004504164715629e-01 1.693074100000000026e+00
9.978358291063109675e-01 1.973756365212660582e-02 -6.272229852930460980e-02 -5.326047000000000420e-01 -1.975065417838783519e-02 9.998048521793946319e-01 4.113612338381352233e-04 -2.219899999999999998e-02 6.271817767798015808e-02 8.283354496968284167e-04 9.980309334129559007e-01 1.783352499999999896e+00
9.979008793667216715e-01 1.718248207880241490e-02 -6.243874813555522207e-02 -5.386910000000000309e-01 -1.755312072201437035e-02 9.998313912103365952e-01 -5.392318918721905954e-03 -2.404999999999999846e-02 6.233556699061985895e-02 6.476994674573249497e-03 9.980342306894806059e-01 1.873367199999999899e+00
9.979747831424192750e-01 1.321805692806873010e-02 -6.222230454497307967e-02 -5.444879999999999720e-01 -1.354548958751627778e-02 9.998965252148285243e-01 -4.843405325399319748e-03 -2.588970000000000160e-02 6.215184569806058573e-02 5.676427957611424567e-03 9.980505629686134972e-01 1.963281300000000007e+00
9.980311663930823141e-01 1.117600564607414831e-02 -6.171618755126257599e-02 -5.501424999999999788e-01 -1.076786581642253868e-02 9.999179287245183456e-01 6.941821160805532014e-03 -2.752579999999999957e-02 6.178870425751958190e-02 -6.263602243757763165e-03 9.980695984314464919e-01 2.054386399999999835e+00
9.980975313712664443e-01 7.045769830026695282e-03 -6.125091834483863129e-02 -5.559146000000000365e-01 -6.769619974533406387e-03 9.999659706238440693e-01 4.714853095680436416e-03 -2.870630000000000057e-02 6.128205378399292913e-02 -4.291237795291081951e-03 9.981112639191083158e-01 2.145016899999999893e+00
9.980725840042877772e-01 7.115022961515817847e-03 -6.164814277219563682e-02 -5.616379999999999706e-01 -7.278024894699531601e-03 9.999705867435771944e-01 -2.419917630455914199e-03 -3.003619999999999901e-02 6.162911173005861803e-02 2.863930160314698357e-03 9.980950107536861182e-01 2.234524700000000141e+00
9.980752875574467886e-01 7.350325865028706218e-03 -6.157672512238607926e-02 -5.647644000000000553e-01 -7.788687801844532480e-03 9.999459860912841558e-01 -6.881950468793276293e-03 -3.078840000000000049e-02 6.152281454424367996e-02 7.348306580935217228e-03 9.980786270033775720e-01 2.279524299999999837e+00
9.981041408071759102e-01 1.416216276553996720e-02 -5.989622066016739299e-02 -5.710513000000000394e-01 -1.441981477914375948e-02 9.998885337140548391e-01 -3.871574472053027766e-03 -3.271550000000000152e-02 5.983471438307612356e-02 4.727926919889820917e-03 9.981971016095648741e-01 2.369289199999999873e+00
9.980814453344736270e-01 1.520596439398745267e-02 -6.001838989757282694e-02 -5.767120999999999498e-01 -1.531617334801187169e-02 9.998817528940370236e-01 -1.376613061655710974e-03 -3.432280000000000053e-02 5.999036016746304989e-02 2.293224017983436312e-03 9.981963222786294221e-01 2.459874199999999789e+00
9.980960831829450708e-01 1.141752654788945678e-02 -6.061228276836199552e-02 -5.853825999999999752e-01 -1.125085380511803984e-02 9.999319315385104545e-01 3.090400996559260118e-03 -3.681229999999999919e-02 6.064344171894842789e-02 -2.402577197909151665e-03 9.981566012401503762e-01 2.595622099999999932e+00
9.980382026222033298e-01 9.746549641356216584e-03 -6.184457030920664095e-02 -5.912363000000000479e-01 -9.549156376621304940e-03 9.999483275144257499e-01 3.486533177463070274e-03 -3.827339999999999909e-02 6.187535631522986940e-02 -2.889129832890357207e-03 9.980797028342336397e-01 2.685670399999999791e+00
9.979562411191457150e-01 1.017011269825799508e-02 -6.308652486110051527e-02 -5.975228999999999679e-01 -1.035257159806167795e-02 9.999431183670469681e-01 -2.565987469344248838e-03 -3.969149999999999762e-02 6.305684001480353629e-02 3.213850975163056942e-03 9.980047625584043125e-01 2.775351800000000146e+00
9.978508684699227693e-01 1.369396900565636108e-02 -6.407900987603484810e-02 -6.038767000000000440e-01 -1.349177703311041365e-02 9.999025478503141828e-01 3.587025918345339206e-03 -4.145410000000000067e-02 6.412188586052100514e-02 -2.714777214095076118e-03 9.979383817342472041e-01 2.864707899999999974e+00
9.977843023817100088e-01 1.533436540792352740e-02 -6.474058354834709428e-02 -6.071041000000000354e-01 -1.487549587681175414e-02 9.998607435403858990e-01 7.563937419471582213e-03 -4.210939999999999822e-02 6.484755618420164069e-02 -6.584129737710541289e-03 9.978734607617009145e-01 2.909433799999999959e+00
9.975919630148856188e-01 1.475065284502031365e-02 -6.776941469979512467e-02 -6.188728000000000007e-01 -1.441288432947405995e-02 9.998811649602791229e-01 5.470349438596789314e-03 -4.467610000000000331e-02 6.784205254421711573e-02 -4.480423899682841986e-03 9.976860135875749158e-01 3.083918800000000182e+00
9.975384326469907137e-01 1.210820626091748883e-02 -6.906856545005310433e-02 -6.251145999999999647e-01 -1.162782943673076538e-02 9.999053598148499589e-01 7.352890324606870844e-03 -4.602389999999999953e-02 6.915105910089511254e-02 -6.531673191340668129e-03 9.975848175822175090e-01 3.168486800000000159e+00
9.974730216728534549e-01 1.204335637224748269e-02 -7.001805911419003992e-02 -6.279525000000000245e-01 -1.135116397800979039e-02 9.998827765671483014e-01 1.027541730123721422e-02 -4.676290000000000308e-02 7.013360186937142582e-02 -9.454665073987449098e-03 9.974928005741029446e-01 3.209952100000000197e+00
9.974505425216637633e-01 1.086358810978645638e-02 -7.052941001184841185e-02 -6.312600000000000433e-01 -1.009152924465914029e-02 9.998852996728961884e-01 1.129373877626987759e-02 -4.740640000000000132e-02 7.064401079173453224e-02 -1.055319626574521656e-02 9.974457648352785810e-01 3.250335499999999822e+00
9.972573131371265109e-01 9.923762616359872030e-03 -7.334419084053769855e-02 -6.339439999999999520e-01 -9.110879840555950043e-03 9.998934030466988254e-01 1.140940016927875951e-02 -4.786939999999999945e-02 7.344959675212672789e-02 -1.070987764757026957e-02 9.972414227546526622e-01 3.289999499999999966e+00
9.965064189732177891e-01 8.628804032036125823e-03 -8.306925235097729898e-02 -6.437072000000000349e-01 -7.802622560928063923e-03 9.999168688265681615e-01 1.026520906964121203e-02 -4.954979999999999801e-02 8.315092318396306859e-02 -9.581188707486398490e-03 9.964909055262903825e-01 3.402532100000000170e+00
9.950559686808977400e-01 1.581104986263222323e-02 -9.804911980615396705e-02 -6.601230999999999627e-01 -1.435556404977764156e-02 9.997763084871457151e-01 1.553224931001254312e-02 -5.170460000000000333e-02 9.827276821852992672e-02 -1.404790696356617193e-02 9.950603596448860388e-01 3.569912400000000208e+00
9.944655681222428489e-01 1.855153189458934662e-02 -1.034121582971200826e-01 -6.670633999999999730e-01 -1.755918768079692618e-02 9.997907094447427978e-01 1.049820155875895444e-02 -5.231679999999999664e-02 1.035852728301428771e-01 -8.624266481377627219e-03 9.945831857016098621e-01 3.629237700000000011e+00
9.937269885641685230e-01 2.494211624945412431e-02 -1.090163429774979598e-01 -6.765594000000000330e-01 -2.474016364319713002e-02 9.996887780615240082e-01 3.204890133017746293e-03 -5.334139999999999715e-02 1.090623514421754092e-01 -4.877036555165383241e-04 9.940347909620909084e-01 3.708060000000000134e+00
9.951522954410056965e-01 3.458154566147202819e-02 -9.206533320507079288e-02 -6.867779000000000522e-01 -3.394124582150410269e-02 9.993875814567075855e-01 8.511983446694468616e-03 -5.515529999999999738e-02 9.230330823205318280e-02 -5.345907759781853320e-03 9.957165864640612485e-01 3.799085100000000104e+00
9.935781258840444830e-01 2.198764124322112254e-02 1.109912221633289064e-01 -6.830779000000000156e-01 -2.116741423675363651e-02 9.997392729749708939e-01 -8.563097921102692800e-03 -5.836859999999999965e-02 -1.111505660771896775e-01 6.158709608036037376e-03 9.937844947254330652e-01 3.975001799999999808e+00
9.824774682140524629e-01 1.621476128650689574e-02 1.856747316360710109e-01 -6.751245999999999636e-01 -1.436202291617929595e-02 9.998327902271245682e-01 -1.131918214350399743e-02 -5.937359999999999860e-02 -1.858272228427808592e-01 8.454176663890828475e-03 9.825460651529144274e-01 4.005845100000000159e+00
8.151199343071244829e-01 2.276711236966009674e-02 5.788446693971505130e-01 -5.976483999999999686e-01 -9.768349243725531900e-03 9.996255212228941645e-01 -2.556162500526589637e-02 -6.576799999999999313e-02 -5.792098687420663694e-01 1.518143320653547734e-02 8.150370862958284945e-01 4.121456600000000137e+00
7.473756698072122617e-01 3.365760608846751073e-02 6.635486219807968933e-01 -5.807394999999999641e-01 -1.523811765428598024e-02 9.993216711744304925e-01 -3.352606883452884101e-02 -6.562540000000000040e-02 -6.642269250418677551e-01 1.494533618012597667e-02 7.473815819083903245e-01 4.134815200000000246e+00
7.094529285538426766e-01 3.395366559929265116e-02 7.039344364063656601e-01 -7.092068000000000261e-01 -1.301940984839900298e-02 9.992997384350531531e-01 -3.507887869977730638e-02 -5.917359999999999981e-02 -7.046325546932782347e-01 1.572200228996578630e-02 7.093981826241301247e-01 4.173150500000000207e+00
5.350346650568287288e-01 2.585299080455618487e-02 8.444344439054974893e-01 -1.155639400000000094e+00 -4.910847744285034081e-03 9.996099528273049151e-01 -2.749228588214317620e-02 -7.714440000000000186e-02 -8.448158324522331286e-01 1.056243698454915891e-02 5.349529364000050746e-01 4.732255499999999948e+00
4.853409572305448783e-01 2.216521284014465881e-02 8.740439683301346463e-01 -1.140283799999999959e+00 -2.790844542155793140e-03 9.997127874591766883e-01 -2.380239016032820523e-02 -7.803069999999999451e-02 -8.743205169852070746e-01 9.112953986170246184e-03 4.852634208843337182e-01 4.739106200000000158e+00
2.889992749557824259e-01 3.446615267310870756e-02 9.567086826170995151e-01 -1.103746099999999952e+00 -6.463652687823399218e-03 9.993991746471343474e-01 -3.405159186525161252e-02 -8.154119999999999424e-02 -9.573074951492667184e-01 3.657052712285934273e-03 2.890484141047936495e-01 4.787546200000000418e+00
2.482264366459026039e-01 3.373088499312482808e-02 9.681145921571778779e-01 -1.085309099999999916e+00 1.311719775246272812e-03 9.993809551844282657e-01 -3.515658979325322203e-02 -8.241099999999999814e-02 -9.687011487250902775e-01 9.996690064238013262e-03 2.480285278883270772e-01 4.790672800000000287e+00
2.134788868358182268e-01 3.356614966112338172e-02 9.763708713763776803e-01 -1.066271399999999980e+00 9.119042061948462799e-03 9.992975800832609723e-01 -3.634817067764231635e-02 -8.312890000000000557e-02 -9.769051171670728451e-01 1.666313405892386884e-02 2.130228438832840743e-01 4.793353100000000033e+00
1.300021358716908215e-01 3.015934402384588126e-02 9.910549221091885519e-01 -1.035141799999999890e+00 5.900795065013153193e-03 9.994960471524323431e-01 -3.119026040711345843e-02 -8.594160000000000688e-02 -9.914961549529072160e-01 9.902812464857883509e-03 1.297586568167484744e-01 4.827796499999999824e+00
1.058846849895030279e-01 2.633913888946873630e-02 9.940295182977387789e-01 -1.012823199999999924e+00 1.067138271770618624e-03 9.996455446705568848e-01 -2.660162093208861406e-02 -8.688869999999999927e-02 -9.943778430257697032e-01 3.877471194849598651e-03 1.058190460954476775e-01 4.830012800000000439e+00
8.339836478989207103e-02 2.372708333306106782e-02 9.962337769152769251e-01 -1.001923799999999920e+00 5.599252880500888221e-03 9.996895623716954837e-01 -2.427812291483904400e-02 -7.944890000000000285e-02 -9.965005575099052937e-01 7.602920596310727350e-03 8.323962085962366420e-02 4.755253800000000197e+00
6.308103511944516961e-02 2.412397021028762217e-02 9.977168020383099245e-01 -9.779246000000000327e-01 1.326101005780420949e-02 9.995992944954231740e-01 -2.500791987549360121e-02 -8.053420000000000023e-02 -9.979203017378220908e-01 1.480825801860055982e-02 6.273584998984560457e-02 4.755972400000000100e+00
1.426121518326332188e-02 3.629581996300856178e-02 9.992393262851045899e-01 -8.838127000000000066e-01 1.874616243867128357e-02 9.991556054952788202e-01 -3.656032550710702766e-02 -7.986659999999999593e-02 -9.997225610814831631e-01 1.925329739487603026e-02 1.356876575466059442e-02 4.723181199999999968e+00
1.188778258722545181e-02 3.287582949092555940e-02 9.993887434129133940e-01 -8.549982999999999889e-01 2.483782060282896387e-02 9.991412758349708101e-01 -3.316313601830288282e-02 -8.112619999999999554e-02 -9.996208097538086257e-01 2.521687447227278014e-02 1.106101030598438673e-02 4.722911800000000326e+00
1.242936218430538281e-02 3.115622673062530198e-02 9.994372418974596384e-01 -8.256305999999999923e-01 2.627515865936571118e-02 9.991591379417047447e-01 -3.147432453626999166e-02 -8.238760000000000527e-02 -9.995774742325461704e-01 2.665157788010229234e-02 1.160027600466140285e-02 4.723215599999999625e+00
1.561863502379430731e-02 3.121489274607766595e-02 9.993906587070162661e-01 -7.648667999999999578e-01 2.145726848574404377e-02 9.992719362460250609e-01 -3.154652215777217078e-02 -8.490000000000000324e-02 -9.996477598980171297e-01 2.193690730187332349e-02 1.493747732734063138e-02 4.724916900000000197e+00
1.668558558664984953e-02 3.247360411967700755e-02 9.993333058940390146e-01 -7.474973999999999785e-01 2.045323827199008182e-02 9.992522238020392633e-01 -3.281247127036370642e-02 -7.874910000000000243e-02 -9.996515674362840276e-01 2.098709751627746839e-02 1.600891814028904125e-02 4.662152800000000319e+00
1.839824123895027544e-02 3.284848523273815879e-02 9.992909895206839588e-01 -6.853709999999999525e-01 1.998110253061460839e-02 9.992484784022582778e-01 -3.321496579002634897e-02 -8.018300000000000427e-02 -9.996310620728899865e-01 2.057803267288049742e-02 1.772806561188799979e-02 4.653102399999999861e+00
1.963859603599582906e-02 3.037683051950604632e-02 9.993455727191292715e-01 -6.171611000000000180e-01 1.955172093395924141e-02 9.993355326254392823e-01 -3.076074512670465971e-02 -8.304799999999999682e-02 -9.996159541315133845e-01 2.014302360170167061e-02 1.903162751647213824e-02 4.654582500000000067e+00
1.570290332812135023e-02 2.296048960202947894e-02 9.996130425040996581e-01 -4.908680000000000265e-01 1.944655436533830259e-02 9.995401961794924128e-01 -2.326430194047646866e-02 -8.192349999999999632e-02 -9.996875763709298646e-01 1.980434645972473096e-02 1.524918066387737081e-02 4.599536900000000372e+00
1.256376885999954673e-02 2.032812184496934557e-02 9.997144188088359362e-01 -4.180749000000000271e-01 1.758294439163461328e-02 9.996342540316810465e-01 -2.054746293451601216e-02 -8.488400000000000112e-02 -9.997664686208241891e-01 1.783607660839975004e-02 1.220174547620567207e-02 4.600898299999999885e+00
1.110748708972150722e-02 2.985631227925110084e-02 9.994924833872615988e-01 -3.442951000000000206e-01 1.631521851667123643e-02 9.994156755502698886e-01 -3.003533101450642229e-02 -8.761149999999999494e-02 -9.998051997140766645e-01 1.664055532371271073e-02 1.061388445450195395e-02 4.601910099999999559e+00
9.050203007523538803e-03 2.937993492410772775e-02 9.995273449232781049e-01 -2.691065999999999736e-01 1.319559812829740678e-02 9.994777370094900526e-01 -2.949795607199041242e-02 -9.084849999999999870e-02 -9.998719768128113694e-01 1.345632365261021333e-02 8.657790607142001882e-03 4.602748899999999921e+00
7.727876040690856776e-03 2.525976464110369843e-02 9.996510512284655370e-01 -2.311987000000000070e-01 1.008390268153968108e-02 9.996281029901755710e-01 -2.533713912366554466e-02 -9.250690000000000301e-02 -9.999192941625885123e-01 1.027618618646011089e-02 7.470285058299497294e-03 4.603639600000000165e+00
6.990555073159287515e-03 1.456386745838245816e-02 9.998695044376658680e-01 -1.553933000000000120e-01 5.408264455088189655e-03 9.998787615023683184e-01 -1.460181399942455174e-02 -9.534869999999999457e-02 -9.999609406448596305e-01 5.509633485507875982e-03 6.910942302060796294e-03 4.604724400000000273e+00
6.886315095894572288e-03 1.331522553078019408e-02 9.998876354038311876e-01 -1.178349999999999953e-01 2.565222926431797411e-03 9.999078189728286548e-01 -1.333316122825344008e-02 -9.683200000000000141e-02 -9.999729987833362310e-01 2.656751035635704188e-03 6.851523786493451951e-03 4.605345699999999987e+00
7.674546632576436517e-03 2.010432090182156725e-02 9.997684319956602339e-01 -8.073829999999999896e-02 5.313255337577828773e-03 9.997829425521628233e-01 -2.014539896493008561e-02 -9.839580000000000548e-02 -9.999564343768693186e-01 5.466631761430972535e-03 7.566061424731040930e-03 4.605794399999999733e+00
8.722516156731446868e-03 3.141553421176274119e-02 9.994683496349870966e-01 -4.366640000000000105e-02 7.768391766915856700e-03 9.994740820375166424e-01 -3.148351036049354401e-02 -9.958880000000000510e-02 -9.999317825738168741e-01 8.038877126387435068e-03 8.473880651482690318e-03 4.606207799999999963e+00
1.055654240353670788e-02 3.082641039062249122e-02 9.994690049395786868e-01 3.036300000000000110e-02 1.143875003508941675e-02 9.994555766511774575e-01 -3.094681402821909330e-02 -1.028353000000000045e-01 -9.998788498663813140e-01 1.175936746986665574e-02 1.019817957243196460e-02 4.607007000000000296e+00
1.198853214512895539e-02 1.976549687642714312e-02 9.997327644076855480e-01 1.047186999999999979e-01 1.573031530279636950e-02 9.996771647473521316e-01 -1.995303142808206587e-02 -1.062828999999999996e-01 -9.998043970084745657e-01 1.596531916133746287e-02 1.167374432634238346e-02 4.607537699999999958e+00
1.044988000590852187e-02 2.154245464630975479e-02 9.997133202351932146e-01 1.845034000000000118e-01 1.164760629199819778e-02 9.996974593697877109e-01 -2.166386385800780912e-02 -1.048362000000000044e-01 -9.998775591418825881e-01 1.187065193674636393e-02 1.019580046234247472e-02 4.558223700000000100e+00
4.076699459881667070e-03 2.199486610851991014e-02 9.997497718861365623e-01 3.733135000000000203e-01 7.955597163707804273e-03 9.997257271537038914e-01 -2.202677781171506408e-02 -1.181108000000000019e-01 -9.999600436993882902e-01 8.043403002842824251e-03 3.900599037488183818e-03 4.584757800000000216e+00
1.832739976158533676e-03 2.240454045082773682e-02 9.997473068887793302e-01 4.089473000000000136e-01 6.268264760212426817e-03 9.997290876509367097e-01 -2.241562315710722911e-02 -1.194942999999999977e-01 -9.999786747331543824e-01 6.307762821538751702e-03 1.691805872889640128e-03 4.585196500000000341e+00
-1.306667603915673238e-04 2.163823647280336410e-02 9.997658574128969189e-01 4.581138000000000154e-01 4.393076159736141947e-03 9.997562310222818382e-01 -2.163745396243790808e-02 -1.175656000000000062e-01 -9.999903418573865554e-01 4.389220257506373096e-03 -2.256933286763906921e-04 4.540329899999999697e+00
-6.683789133909621115e-03 2.167654079935937839e-02 9.997426941677480805e-01 6.105047000000000113e-01 4.463473648597976462e-03 9.997557129381853258e-01 -2.164698247906772857e-02 -1.145363999999999965e-01 -9.999677016613097713e-01 4.317641304520565548e-03 -6.778909039350966559e-03 4.427157399999999576e+00
-8.832943566800989174e-03 2.050414453740390455e-02 9.997507485192171917e-01 6.793658000000000197e-01 7.113245737176740469e-03 9.997657438115055140e-01 -2.044160551692763422e-02 -9.934540000000000037e-02 -9.999356883535202023e-01 6.930913202197746745e-03 -8.976725413832986611e-03 4.240261099999999672e+00
-9.737295357665147477e-03 1.989853544660083115e-02 9.997545865692227807e-01 7.132707000000000352e-01 7.432891070567434338e-03 9.997758046185898362e-01 -1.982656373616841980e-02 -1.006879999999999997e-01 -9.999249657896587262e-01 7.238009832242563169e-03 -9.883015947456996741e-03 4.239698899999999604e+00
-1.261127215784860027e-02 1.859661101417684967e-02 9.997475290658880409e-01 8.216782000000000252e-01 4.442568514214287508e-03 9.998182145148951649e-01 -1.854188526670317444e-02 -9.742499999999999771e-02 -9.999106057041088347e-01 4.207610133373657253e-03 -1.269159633018424049e-02 4.144242799999999782e+00
-1.442205316021734698e-02 1.724634838237969203e-02 9.997472519842791616e-01 8.994064000000000503e-01 3.607156666882291828e-03 9.998456309201395609e-01 -1.719600973157991985e-02 -9.216149999999999343e-02 -9.998894902955148822e-01 3.358243198699884142e-03 -1.448203712168816271e-02 4.052319500000000296e+00
-1.493311377278076779e-02 2.233965210547136926e-02 9.996389058339293365e-01 1.022678100000000034e+00 3.693090471068726996e-03 9.997447961521078730e-01 -2.228684925136060341e-02 -9.267290000000000250e-02 -9.998816745974602460e-01 3.358944862137466444e-03 -1.501180514100264318e-02 3.977867100000000100e+00
-1.940109501119217233e-02 2.478315272772530289e-02 9.995045737030122668e-01 1.162330899999999945e+00 2.164099133025561977e-03 9.996914339342641842e-01 -2.474577930470510737e-02 -9.872809999999999919e-02 -9.998094389368948898e-01 1.682931765989190837e-03 -1.944874169096533212e-02 3.954102499999999853e+00
-1.572375452180942504e-02 2.466824625721913272e-02 9.995720290055797319e-01 1.209371600000000102e+00 3.489886013882269669e-03 9.996908819059893148e-01 -2.461628179956282941e-02 -1.007461000000000051e-01 -9.998702837065157611e-01 3.101332071638488591e-03 -1.580498339238101124e-02 3.942581199999999786e+00
-1.584921940713051799e-02 2.416744741621972004e-02 9.995822811202532687e-01 1.267409400000000019e+00 3.977742992443796671e-03 9.997014642622348291e-01 -2.410725850505950063e-02 -1.026178999999999980e-01 -9.998664809887722882e-01 3.594000184745973700e-03 -1.594061974332694476e-02 3.924099399999999793e+00
-1.621427649411178937e-02 2.426047449494241059e-02 9.995741726430573681e-01 1.349478399999999967e+00 4.012150648224233757e-04 9.997056713440697351e-01 -2.425715789152934482e-02 -1.066547999999999941e-01 -9.998684594806679371e-01 7.731951457220706536e-06 -1.621923783575152100e-02 3.907959500000000030e+00
-1.667537359973832178e-02 2.287818554629975076e-02 9.995991799423499247e-01 1.546080099999999957e+00 6.047135862677320561e-04 9.997382351693919755e-01 -2.287128028484605724e-02 -1.134774000000000060e-01 -9.998607734263745828e-01 2.230840614790858406e-04 -1.668484332302166973e-02 3.849425999999999792e+00
-2.995718377698492613e-02 2.543083890722042453e-02 9.992276215020414742e-01 1.673109399999999969e+00 -3.850586934643566994e-03 9.996659394187970005e-01 -2.555743622104505314e-02 -1.200264000000000053e-01 -9.995437659854673473e-01 -4.613241637833142769e-03 -2.984925260672799396e-02 3.839598699999999809e+00
-4.544567647541689071e-02 3.035313518456525181e-02 9.985055721798246076e-01 1.832022899999999899e+00 -1.639426295218109758e-03 9.995346714788545528e-01 -3.045903467086328448e-02 -1.318265000000000131e-01 -9.989654662555227382e-01 -3.021207726358972681e-03 -4.537476757802627603e-02 3.849509999999999987e+00
-5.776836326543249162e-02 2.873734141807306880e-02 9.979163198454337191e-01 1.957265299999999986e+00 -5.463413371231398349e-03 9.995615455971553764e-01 -2.910099100994641835e-02 -1.406339000000000061e-01 -9.983150641555840199e-01 -7.133145985260243641e-03 -5.758603049685651065e-02 3.852808000000000010e+00
-6.480243260475848643e-02 2.751041239050087961e-02 9.975188328741517729e-01 2.065497600000000045e+00 -9.723856450345907607e-03 9.995550532196245674e-01 -2.819826588367932430e-02 -1.487352999999999870e-01 -9.978507360042574437e-01 -1.152704616188304082e-02 -6.450609167003540367e-02 3.872537100000000176e+00
-6.914498420340225993e-02 2.534576020801893037e-02 9.972845950875754983e-01 2.153711799999999954e+00 -9.145724193405251057e-03 9.996190855162047084e-01 -2.603919354981532389e-02 -1.512821000000000027e-01 -9.975646980965644506e-01 -1.092136947567410796e-02 -6.888684054510263444e-02 3.831868599999999958e+00
-7.125046195163475815e-02 2.246309076481465411e-02 9.972054859581203079e-01 2.197471100000000011e+00 -6.736428080314627378e-03 9.997127485843407824e-01 -2.300088812766723501e-02 -1.511365000000000069e-01 -9.974357083082587838e-01 -8.356426941846226142e-03 -7.107867416017399353e-02 3.806467099999999881e+00
-7.394184736701678307e-02 1.925111304923089739e-02 9.970767261621936717e-01 2.276692199999999833e+00 -8.378243194610716926e-03 9.997663851150230263e-01 -1.992436285082665320e-02 -1.562784999999999869e-01 -9.972273603591731428e-01 -9.826995492274023455e-03 -7.376328294395573248e-02 3.817013699999999954e+00
-7.484902299927315150e-02 2.289272044585580548e-02 9.969320674482500255e-01 2.310842500000000133e+00 -6.811629304254541301e-03 9.997013891957814424e-01 -2.346772563002528025e-02 -1.547086000000000017e-01 -9.971716128441863169e-01 -8.547268020403956529e-03 -7.467073554687730930e-02 3.784799599999999931e+00
-7.485269057418687810e-02 2.679397496113167243e-02 9.968345688325559451e-01 2.349268700000000099e+00 -8.214906581137017966e-04 9.996369576574831717e-01 -2.693098658404095846e-02 -1.561016000000000070e-01 -9.971942638557966809e-01 -2.834747091613533040e-03 -7.480350487793285819e-02 3.777568299999999990e+00
-7.651074660073579892e-02 3.274838402530086401e-02 9.965308068486038451e-01 2.444039099999999909e+00 7.442026827385308727e-03 9.994513848824656543e-01 -3.227298395286821303e-02 -1.595862000000000114e-01 -9.970409830550088781e-01 4.946978901615722499e-03 -7.671248600096658432e-02 3.755204200000000103e+00
-7.600240806067760924e-02 2.524398695374715368e-02 9.967880291675140780e-01 2.534441900000000025e+00 5.888077980585033552e-03 9.996734004922666061e-01 -2.486810981805596260e-02 -1.657777000000000001e-01 -9.970902489276848302e-01 3.979129415762356486e-03 -7.612622427534299074e-02 3.757072400000000201e+00
-7.613950095151290898e-02 2.263792805615477341e-02 9.968401580033675602e-01 2.612194300000000080e+00 7.580688941105920980e-03 9.997264833926271521e-01 -2.212445611962990388e-02 -1.701432999999999973e-01 -9.970683575111752850e-01 5.872190114054142221e-03 -7.629028662439041319e-02 3.745047800000000038e+00
-7.951942758513506904e-02 2.381067769258830846e-02 9.965489010903340050e-01 2.683734700000000029e+00 6.845375404485836215e-03 9.997041525629196679e-01 -2.333984113112714393e-02 -1.727532999999999985e-01 -9.968098120865908074e-01 4.965780530215941832e-03 -7.965889499372691418e-02 3.731156299999999870e+00
-8.074493796130230439e-02 2.460487584132008132e-02 9.964310588688306547e-01 2.731640300000000021e+00 6.006603458859097536e-03 9.996891262215498175e-01 -2.419858734063145417e-02 -1.735349999999999948e-01 -9.967166978176466019e-01 4.031252811145712156e-03 -8.086762820968085297e-02 3.712190200000000218e+00
-8.306207311002743177e-02 2.457536268579531974e-02 9.962413078965989266e-01 2.758976699999999838e+00 7.229099184485554552e-03 9.996844369680879527e-01 -2.405756863812160556e-02 -1.730210000000000081e-01 -9.965181544435831595e-01 5.203655701396961084e-03 -8.321351952475020131e-02 3.693411799999999801e+00
-8.491222256132942292e-02 2.477590089618154565e-02 9.960803527800747847e-01 2.801555599999999924e+00 7.529730483460988361e-03 9.996782105932546791e-01 -2.422350973568442728e-02 -1.745801999999999909e-01 -9.963599839508521239e-01 5.443344546411743243e-03 -8.507145456383913285e-02 3.684010699999999972e+00
-8.681493298703558958e-02 2.443199558278044345e-02 9.959248189508583815e-01 2.833798199999999934e+00 7.241782503680415511e-03 9.996882907075558267e-01 -2.389305355903052763e-02 -1.759215000000000084e-01 -9.961981349092289273e-01 5.137997085276525475e-03 -8.696480316384203046e-02 3.681259199999999954e+00
-8.911599957298112218e-02 2.542526165192769000e-02 9.956966880983583179e-01 2.879417399999999905e+00 5.464902970837471827e-03 9.996715716319855005e-01 -2.503764578300857885e-02 -1.775956999999999952e-01 -9.960062617552299935e-01 3.210130957934704057e-03 -8.922567793861335694e-02 3.675854399999999966e+00
-9.179056570257974890e-02 2.703028355381139475e-02 9.954114002858320820e-01 2.989059899999999992e+00 4.205241296180734639e-03 9.996331183215342309e-01 -2.675714297914554701e-02 -1.834720999999999991e-01 -9.957694552423475010e-01 1.729891836530491472e-03 -9.187055829041546051e-02 3.669999600000000139e+00
-9.296764948352008451e-02 2.533312844200744790e-02 9.953467982330832520e-01 3.022373899999999836e+00 4.380823722856677996e-03 9.996769974457423436e-01 -2.503415988952894383e-02 -1.847617000000000009e-01 -9.956594922628010380e-01 2.033071864444806545e-03 -9.304860066532649743e-02 3.667170800000000064e+00
-9.386195519864681813e-02 2.305309384513436893e-02 9.953182848870280042e-01 3.057657199999999964e+00 2.166466392849330028e-03 9.997342421162703774e-01 -2.295106889831577401e-02 -1.863586000000000131e-01 -9.955828643511580589e-01 2.091413701414343573e-06 -9.388695439713712343e-02 3.665350199999999781e+00
-9.775505228036766858e-02 2.059921274817317488e-02 9.949972975781483653e-01 3.125089399999999795e+00 6.583307971727500596e-04 9.997868859723104684e-01 -2.063369182554920106e-02 -1.881070999999999993e-01 -9.952102875042160290e-01 -1.362010259044201324e-03 -9.774778040359888287e-02 3.651200300000000176e+00
-9.945528955755490730e-02 2.116430773659137149e-02 9.948169266036105407e-01 3.159397799999999812e+00 1.850863480709096995e-03 9.997759782493215175e-01 -2.108477222992876515e-02 -1.893612000000000073e-01 -9.950403105821382654e-01 -2.557218079407789363e-04 -9.947218165375815158e-02 3.647832399999999975e+00
-1.018629824536577411e-01 2.257177485101656556e-02 9.945423308164014209e-01 3.194191200000000119e+00 1.254191993332985297e-03 9.997446727792443921e-01 -2.256138852033254955e-02 -1.905689999999999884e-01 -9.947976476691575698e-01 -1.050823294636137745e-03 -1.018652834007434116e-01 3.644491200000000042e+00
-1.035598769134468133e-01 2.990193581761871333e-02 9.941736398275857756e-01 3.271802899999999958e+00 4.870228080511301502e-03 9.995512504502932494e-01 -2.955636313383139258e-02 -1.936568999999999929e-01 -9.946112973278129488e-01 1.780999049443716606e-03 -1.036590337127948347e-01 3.631716500000000014e+00
-1.042559555838448032e-01 3.459519406057928737e-02 9.939486245642730200e-01 3.343337099999999840e+00 8.157790482726077694e-03 9.993909531887997799e-01 -3.392894249489825792e-02 -1.971712999999999938e-01 -9.945170416738666752e-01 4.571130308034165521e-03 -1.044746791714032952e-01 3.625656600000000118e+00
-1.037636948512075663e-01 3.169167888473370387e-02 9.940969435222566375e-01 3.422560700000000011e+00 1.214250990359811051e-02 9.994581010390025666e-01 -3.059515845280148111e-02 -2.009936999999999974e-01 -9.945278553585448211e-01 8.896165296234784248e-03 -1.040922819374979769e-01 3.615238000000000174e+00
-1.030187645778102290e-01 3.027703099639015086e-02 9.942185049268122965e-01 3.458846299999999818e+00 1.167357588161343010e-02 9.995045908865698436e-01 -2.922841806883987384e-02 -2.025183999999999873e-01 -9.946109097385763542e-01 8.595009640151776015e-03 -1.033211693617903659e-01 3.611768000000000089e+00
-1.015765226953017353e-01 2.787848309663931018e-02 9.944370267731189594e-01 3.494095800000000196e+00 1.037792502061994117e-02 9.995825690229881433e-01 -2.696268491210640147e-02 -2.038545999999999969e-01 -9.947735967090184372e-01 7.581417125678804186e-03 -1.018234423154571466e-01 3.606762600000000152e+00
