9.999931e-01 -2.475044e-03 -2.755837e-03 1.173954e-03 2.468662e-03 9.999942e-01 -2.316828e-03 -2.241474e-02 2.761556e-03 2.310009e-03 9.999935e-01 1.127607e+00
9.999675e-01 -4.648687e-03 -6.595320e-03 -1.508128e-02 4.612815e-03 9.999745e-01 -5.443974e-03 -5.922720e-02 6.620460e-03 5.413373e-03 9.999634e-01 2.251296e+00
9.999413e-01 -7.134576e-03 -8.152763e-03 -2.040073e-02 7.072901e-03 9.999463e-01 -7.569121e-03 -7.423248e-02 8.206328e-03 7.511012e-03 9.999381e-01 2.816072e+00
9.999200e-01 -8.311338e-03 -9.539068e-03 -2.969353e-02 8.230327e-03 9.999300e-01 -8.500812e-03 -9.078265e-02 9.609054e-03 8.421622e-03 9.999184e-01 3.390281e+00
9.998748e-01 -6.580037e-03 -1.439059e-02 -8.798198e-02 6.374276e-03 9.998774e-01 -1.429781e-02 -1.803479e-01 1.448291e-02 1.420429e-02 9.997942e-01 5.751285e+00
9.998522e-01 -3.623834e-03 -1.680538e-02 -1.238576e-01 3.306955e-03 9.998169e-01 -1.884543e-02 -2.187844e-01 1.687060e-02 1.878706e-02 9.996812e-01 6.989627e+00
9.998394e-01 -1.112536e-03 -1.788542e-02 -1.444743e-01 8.907687e-04 9.999227e-01 -1.240253e-02 -2.366165e-01 1.789783e-02 1.238460e-02 9.997631e-01 7.637602e+00
9.998120e-01 1.004604e-03 -1.936675e-02 -1.844755e-01 -8.989153e-04 9.999846e-01 5.465141e-03 -2.738044e-01 1.937194e-02 -5.446702e-03 9.997975e-01 8.978383e+00
9.997543e-01 5.555763e-03 -2.145926e-02 -2.329992e-01 -5.595211e-03 9.999827e-01 -1.778629e-03 -3.035717e-01 2.144901e-02 1.898261e-03 9.997682e-01 1.035368e+01
9.997369e-01 4.812930e-03 -2.242765e-02 -2.537940e-01 -5.013394e-03 9.999479e-01 -8.890577e-03 -3.091782e-01 2.238369e-02 9.000675e-03 9.997089e-01 1.106423e+01
9.997063e-01 1.893748e-03 -2.416094e-02 -2.821162e-01 -1.858131e-03 9.999971e-01 1.496504e-03 -3.207015e-01 2.416371e-02 -1.451169e-03 9.997070e-01 1.255870e+01
9.996792e-01 -1.382699e-03 -2.529212e-02 -3.270868e-01 1.667549e-03 9.999354e-01 1.124476e-02 -3.300205e-01 2.527494e-02 -1.128333e-02 9.996169e-01 1.492763e+01
9.996851e-01 -2.198699e-03 -2.499779e-02 -3.451203e-01 2.413900e-03 9.999602e-01 8.581850e-03 -3.298600e-01 2.497793e-02 -8.639487e-03 9.996507e-01 1.574882e+01
9.997041e-01 5.747479e-05 -2.432655e-02 -3.585571e-01 6.660546e-05 9.999870e-01 5.099768e-03 -3.310784e-01 2.432653e-02 -5.099877e-03 9.996911e-01 1.658175e+01
9.997553e-01 -5.085930e-03 -2.153036e-02 -3.812873e-01 4.819452e-03 9.999113e-01 -1.241078e-02 -3.643232e-01 2.159157e-02 1.230397e-02 9.996912e-01 1.916967e+01
9.997622e-01 -3.422674e-03 -2.153588e-02 -4.065575e-01 3.148129e-03 9.999135e-01 -1.276932e-02 -4.078809e-01 2.157773e-02 1.269848e-02 9.996865e-01 2.099062e+01
9.997668e-01 -2.204438e-03 -2.148374e-02 -4.196580e-01 1.910245e-03 9.999042e-01 -1.370467e-02 -4.350658e-01 2.151189e-02 1.366044e-02 9.996753e-01 2.192489e+01
9.997576e-01 5.791203e-03 -2.123996e-02 -4.686400e-01 -6.143965e-03 9.998436e-01 -1.658089e-02 -5.208191e-01 2.114062e-02 1.670737e-02 9.996369e-01 2.482497e+01
9.997432e-01 6.684038e-03 -2.165237e-02 -5.055765e-01 -7.043805e-03 9.998377e-01 -1.658208e-02 -5.806979e-01 2.153803e-02 1.673033e-02 9.996280e-01 2.679489e+01
9.997300e-01 7.470019e-03 -2.200512e-02 -5.258752e-01 -7.810435e-03 9.998505e-01 -1.542467e-02 -6.123111e-01 2.188661e-02 1.559237e-02 9.996389e-01 2.779590e+01
9.997049e-01 8.689446e-03 -2.268546e-02 -5.884758e-01 -8.985541e-03 9.998753e-01 -1.298294e-02 -7.048065e-01 2.256982e-02 1.318295e-02 9.996584e-01 3.083820e+01
9.996851e-01 9.563056e-03 -2.320037e-02 -6.341856e-01 -9.875840e-03 9.998614e-01 -1.340487e-02 -7.658540e-01 2.306896e-02 1.362977e-02 9.996410e-01 3.290250e+01
9.996756e-01 8.859609e-03 -2.387811e-02 -6.562571e-01 -9.116721e-03 9.999014e-01 -1.068035e-02 -7.960953e-01 2.378114e-02 1.089458e-02 9.996578e-01 3.394945e+01
9.996390e-01 9.218534e-03 -2.523677e-02 -7.318157e-01 -9.321934e-03 9.999486e-01 -3.982562e-03 -8.792448e-01 2.519876e-02 4.216380e-03 9.996736e-01 3.712992e+01
9.996343e-01 8.640360e-03 -2.562662e-02 -7.509456e-01 -8.785442e-03 9.999460e-01 -5.554152e-03 -8.999454e-01 2.557725e-02 5.777261e-03 9.996562e-01 3.820156e+01
9.996113e-01 8.636784e-03 -2.650763e-02 -7.861115e-01 -8.772323e-03 9.999490e-01 -5.001110e-03 -9.426008e-01 2.646309e-02 5.231700e-03 9.996361e-01 4.035358e+01
9.995911e-01 8.601039e-03 -2.727063e-02 -8.119808e-01 -8.683288e-03 9.999581e-01 -2.898948e-03 -9.707248e-01 2.724456e-02 3.134561e-03 9.996239e-01 4.143101e+01
9.995744e-01 8.727969e-03 -2.783667e-02 -8.405589e-01 -8.747257e-03 9.999616e-01 -5.711173e-04 -9.983507e-01 2.783061e-02 8.143693e-04 9.996123e-01 4.250646e+01
9.995279e-01 1.094395e-02 -2.871053e-02 -9.059963e-01 -1.106491e-02 9.999305e-01 -4.057536e-03 -1.047970e+00 2.866413e-02 4.373300e-03 9.995795e-01 4.464539e+01
9.994940e-01 1.312039e-02 -2.897767e-02 -9.815092e-01 -1.338944e-02 9.998688e-01 -9.110188e-03 -1.088166e+00 2.885435e-02 9.493571e-03 9.995386e-01 4.677981e+01
9.994989e-01 1.324264e-02 -2.875026e-02 -1.015604e+00 -1.343042e-02 9.998896e-01 -6.348082e-03 -1.110851e+00 2.866302e-02 6.731028e-03 9.995665e-01 4.785820e+01
9.994919e-01 1.417720e-02 -2.854922e-02 -1.050114e+00 -1.429880e-02 9.998895e-01 -4.059449e-03 -1.131381e+00 2.848852e-02 4.465605e-03 9.995842e-01 4.893463e+01
9.995571e-01 1.082090e-02 -2.772132e-02 -1.142897e+00 -1.097231e-02 9.999256e-01 -5.315486e-03 -1.184929e+00 2.766174e-02 5.617298e-03 9.996016e-01 5.215954e+01
9.995465e-01 1.194244e-02 -2.764414e-02 -1.177502e+00 -1.216294e-02 9.998954e-01 -7.821636e-03 -1.200275e+00 2.754784e-02 8.154322e-03 9.995872e-01 5.323263e+01
9.995598e-01 1.097808e-02 -2.756386e-02 -1.210486e+00 -1.125243e-02 9.998885e-01 -9.817640e-03 -1.221230e+00 2.745301e-02 1.012348e-02 9.995718e-01 5.430647e+01
9.995931e-01 7.889461e-03 -2.741337e-02 -1.282228e+00 -8.313639e-03 9.998469e-01 -1.539395e-02 -1.272192e+00 2.728772e-02 1.561559e-02 9.995057e-01 5.644378e+01
9.996159e-01 5.272756e-03 -2.720940e-02 -1.352181e+00 -5.472263e-03 9.999586e-01 -7.262988e-03 -1.322688e+00 2.716998e-02 7.409094e-03 9.996034e-01 5.860062e+01
9.996289e-01 4.177682e-03 -2.691985e-02 -1.387176e+00 -4.211062e-03 9.999904e-01 -1.183339e-03 -1.339024e+00 2.691465e-02 1.296261e-03 9.996369e-01 5.968580e+01
9.996383e-01 2.508970e-03 -2.677796e-02 -1.418009e+00 -2.506310e-03 9.999968e-01 1.329272e-04 -1.354327e+00 2.677822e-02 -6.576443e-05 9.996414e-01 6.076851e+01
9.996473e-01 -5.710145e-04 -2.655199e-02 -1.499917e+00 3.004754e-04 9.999480e-01 -1.019191e-02 -1.395800e+00 2.655643e-02 1.018033e-02 9.995955e-01 6.400399e+01
9.996482e-01 -1.301741e-03 -2.649102e-02 -1.528092e+00 9.079193e-04 9.998890e-01 -1.487284e-02 -1.415207e+00 2.650744e-02 1.484356e-02 9.995384e-01 6.508527e+01
9.996658e-01 6.847933e-03 -2.492658e-02 -1.593317e+00 -7.147739e-03 9.999029e-01 -1.195833e-02 -1.460636e+00 2.484228e-02 1.213250e-02 9.996178e-01 6.726138e+01
9.996582e-01 8.312834e-03 -2.478541e-02 -1.623511e+00 -8.549643e-03 9.999186e-01 -9.463685e-03 -1.483749e+00 2.470473e-02 9.672356e-03 9.996480e-01 6.834968e+01
9.996743e-01 6.096033e-03 -2.478355e-02 -1.673162e+00 -6.302831e-03 9.999459e-01 -8.274537e-03 -1.522851e+00 2.473177e-02 8.428047e-03 9.996586e-01 7.052233e+01
9.996724e-01 3.394724e-03 -2.536873e-02 -1.724041e+00 -3.524391e-03 9.999809e-01 -5.068311e-03 -1.566430e+00 2.535104e-02 5.156060e-03 9.996653e-01 7.268959e+01
9.996433e-01 1.479137e-03 -2.666623e-02 -1.784427e+00 -1.590559e-03 9.999901e-01 -4.157630e-03 -1.618953e+00 2.665981e-02 4.198561e-03 9.996358e-01 7.484293e+01
9.996291e-01 1.607274e-03 -2.718639e-02 -1.818016e+00 -1.826344e-03 9.999660e-01 -8.035150e-03 -1.644073e+00 2.717256e-02 8.081821e-03 9.995981e-01 7.591173e+01
9.995678e-01 5.278628e-03 -2.892128e-02 -1.931694e+00 -5.415869e-03 9.999744e-01 -4.669015e-03 -1.731655e+00 2.889590e-02 4.823631e-03 9.995708e-01 7.911497e+01
9.994882e-01 7.555003e-03 -3.108412e-02 -2.082196e+00 -7.642022e-03 9.999672e-01 -2.681568e-03 -1.819154e+00 3.106284e-02 2.917741e-03 9.995132e-01 8.334260e+01
9.994607e-01 5.955976e-03 -3.229184e-02 -2.152257e+00 -6.031653e-03 9.999793e-01 -2.246562e-03 -1.854735e+00 3.227779e-02 2.440124e-03 9.994760e-01 8.540636e+01
9.994314e-01 4.756684e-03 -3.338168e-02 -2.224921e+00 -4.695592e-03 9.999871e-01 1.908273e-03 -1.889129e+00 3.339033e-02 -1.750440e-03 9.994409e-01 8.741070e+01
9.994019e-01 4.012762e-03 -3.434629e-02 -2.262425e+00 -3.902838e-03 9.999870e-01 3.266921e-03 -1.907770e+00 3.435896e-02 -3.130918e-03 9.994047e-01 8.838264e+01
9.993338e-01 2.999186e-03 -3.637303e-02 -2.303693e+00 -2.880714e-03 9.999904e-01 3.309115e-03 -1.929486e+00 3.638260e-02 -3.202128e-03 9.993328e-01 8.933531e+01
9.989307e-01 1.832805e-03 -4.619660e-02 -2.434745e+00 -1.755145e-03 9.999970e-01 1.721603e-03 -1.993637e+00 4.619962e-02 -1.638679e-03 9.989309e-01 9.205518e+01
9.986194e-01 3.941519e-03 -5.238126e-02 -2.538278e+00 -3.724414e-03 9.999840e-01 4.241689e-03 -2.044394e+00 5.239715e-02 -4.040742e-03 9.986182e-01 9.375397e+01
9.977683e-01 1.184201e-02 -6.571358e-02 -2.827593e+00 -1.166772e-02 9.999273e-01 3.035422e-03 -2.149905e+00 6.574475e-02 -2.261919e-03 9.978339e-01 9.753308e+01
9.972886e-01 1.777342e-02 -7.141100e-02 -2.992555e+00 -1.815495e-02 9.998241e-01 -4.697178e-03 -2.217650e+00 7.131496e-02 5.980905e-03 9.974359e-01 9.943737e+01
9.990500e-01 2.711620e-02 -3.411624e-02 -3.196722e+00 -2.696659e-02 9.996246e-01 4.838232e-03 -2.349063e+00 3.423463e-02 -3.913635e-03 9.994062e-01 1.026043e+02
9.756821e-01 8.224854e-03 2.190361e-01 -2.699437e+00 -4.860504e-03 9.998618e-01 -1.589424e-02 -2.548585e+00 -2.191366e-01 1.444310e-02 9.755873e-01 1.066027e+02
9.538763e-01 5.989151e-03 3.001401e-01 -2.431748e+00 -7.529466e-04 9.998455e-01 -1.755850e-02 -2.585374e+00 -3.001989e-01 1.652264e-02 9.537335e-01 1.072854e+02
7.634311e-01 1.721087e-02 6.456600e-01 -7.972273e-01 1.533558e-03 9.995938e-01 -2.845871e-02 -2.691906e+00 -6.458875e-01 2.271642e-02 7.630946e-01 1.095491e+02
6.876532e-01 2.243150e-02 7.256927e-01 -2.466359e-01 7.842081e-04 9.994991e-01 -3.163809e-02 -2.712112e+00 -7.260389e-01 2.232512e-02 6.872911e-01 1.100156e+02
5.574795e-01 1.558425e-02 8.300444e-01 7.051086e-01 7.847757e-03 9.996802e-01 -2.403995e-02 -2.741477e+00 -8.301537e-01 1.991576e-02 5.571789e-01 1.105684e+02
5.100162e-01 1.318785e-02 8.600637e-01 1.049532e+00 9.403782e-03 9.997372e-01 -2.090598e-02 -2.753607e+00 -8.601135e-01 1.875023e-02 5.097581e-01 1.107304e+02
4.596811e-01 8.542107e-03 8.880429e-01 1.408134e+00 1.226402e-02 9.997973e-01 -1.596535e-02 -2.764267e+00 -8.879994e-01 1.822994e-02 4.594832e-01 1.108567e+02
2.179078e-01 1.961097e-02 9.757723e-01 3.350702e+00 1.357173e-02 9.996405e-01 -2.312150e-02 -2.818457e+00 -9.758750e-01 1.828127e-02 2.175633e-01 1.113182e+02
1.513859e-01 2.092434e-02 9.882532e-01 4.227266e+00 2.705725e-02 9.993136e-01 -2.530330e-02 -2.840259e+00 -9.881044e-01 3.056997e-02 1.507159e-01 1.114023e+02
1.229001e-01 1.931907e-02 9.922310e-01 4.690755e+00 2.545091e-02 9.994203e-01 -2.261146e-02 -2.856964e+00 -9.920927e-01 2.803212e-02 1.223372e-01 1.114470e+02
9.696370e-02 1.560921e-02 9.951655e-01 5.173439e+00 1.880566e-02 9.996698e-01 -1.751219e-02 -2.871679e+00 -9.951103e-01 2.041278e-02 9.663814e-02 1.114895e+02
7.261944e-02 1.214445e-02 9.972858e-01 5.672652e+00 1.372028e-02 9.998191e-01 -1.317437e-02 -2.886056e+00 -9.972654e-01 1.463975e-02 7.243968e-02 1.115178e+02
4.961925e-02 8.990929e-03 9.987277e-01 6.192944e+00 1.713408e-02 9.998046e-01 -9.851892e-03 -2.902144e+00 -9.986213e-01 1.760112e-02 4.945550e-02 1.115272e+02
2.913822e-02 9.131699e-03 9.995337e-01 6.728517e+00 2.461286e-02 9.996485e-01 -9.850263e-03 -2.917163e+00 -9.992724e-01 2.488840e-02 2.890322e-02 1.115183e+02
1.095538e-02 1.122155e-02 9.998770e-01 7.282318e+00 2.994530e-02 9.994848e-01 -1.154526e-02 -2.930539e+00 -9.994915e-01 3.006809e-02 1.061370e-02 1.115004e+02
-2.491485e-02 1.845120e-02 9.995193e-01 9.708447e+00 3.655336e-02 9.991778e-01 -1.753375e-02 -2.966443e+00 -9.990211e-01 3.609893e-02 -2.556882e-02 1.114331e+02
-2.478790e-02 1.739682e-02 9.995413e-01 1.036534e+01 3.920624e-02 9.990962e-01 -1.641679e-02 -2.980253e+00 -9.989237e-01 3.878131e-02 -2.544756e-02 1.114116e+02
-2.312930e-02 1.652093e-02 9.995959e-01 1.104173e+01 3.862182e-02 9.991318e-01 -1.561960e-02 -2.993917e+00 -9.989862e-01 3.824493e-02 -2.374729e-02 1.113977e+02
-2.066774e-02 1.829032e-02 9.996191e-01 1.244057e+01 3.375051e-02 9.992755e-01 -1.758623e-02 -3.020980e+00 -9.992166e-01 3.337418e-02 -2.127008e-02 1.113766e+02
-1.940800e-02 1.845005e-02 9.996414e-01 1.390220e+01 3.300790e-02 9.992965e-01 -1.780284e-02 -3.051223e+00 -9.992667e-01 3.265054e-02 -2.000334e-02 1.113451e+02
-1.875443e-02 1.703650e-02 9.996789e-01 1.465827e+01 3.161099e-02 9.993650e-01 -1.643812e-02 -3.072877e+00 -9.993243e-01 3.129255e-02 -1.928107e-02 1.113363e+02
-2.016064e-02 1.196133e-02 9.997252e-01 1.698099e+01 3.120717e-02 9.994487e-01 -1.132870e-02 -3.141006e+00 -9.993096e-01 3.097020e-02 -2.052281e-02 1.112943e+02
-2.180273e-02 1.095057e-02 9.997023e-01 1.776747e+01 2.961032e-02 9.995084e-01 -1.030268e-02 -3.160636e+00 -9.993237e-01 2.937688e-02 -2.211626e-02 1.112760e+02
-2.322968e-02 8.366561e-03 9.996951e-01 1.856541e+01 3.187309e-02 9.994628e-01 -7.623995e-03 -3.176463e+00 -9.992220e-01 3.168626e-02 -2.348387e-02 1.112519e+02
-2.804745e-02 1.509420e-02 9.994926e-01 2.182752e+01 2.924817e-02 9.994702e-01 -1.427311e-02 -3.250815e+00 -9.991786e-01 2.883300e-02 -2.847408e-02 1.111686e+02
-2.984141e-02 1.484383e-02 9.994444e-01 2.349682e+01 2.643242e-02 9.995517e-01 -1.405621e-02 -3.298255e+00 -9.992051e-01 2.599827e-02 -3.022040e-02 1.111374e+02
-3.061397e-02 1.071316e-02 9.994739e-01 2.433823e+01 2.329981e-02 9.996785e-01 -1.000168e-02 -3.326366e+00 -9.992597e-01 2.298136e-02 -3.085374e-02 1.111280e+02
-3.056497e-02 4.928690e-03 9.995206e-01 2.518208e+01 2.158534e-02 9.997579e-01 -4.269793e-03 -3.350402e+00 -9.992997e-01 2.144448e-02 -3.066396e-02 1.111110e+02
-3.037824e-02 -1.870939e-03 9.995367e-01 2.686546e+01 1.530089e-02 9.998802e-01 2.336608e-03 -3.392421e+00 -9.994214e-01 1.536478e-02 -3.034597e-02 1.110866e+02
-2.823685e-02 1.516988e-02 9.994861e-01 2.851752e+01 2.033913e-02 9.996865e-01 -1.459832e-02 -3.439638e+00 -9.993944e-01 1.991646e-02 -2.853654e-02 1.110417e+02
-2.636109e-02 1.615497e-02 9.995219e-01 3.017178e+01 2.380199e-02 9.995961e-01 -1.552843e-02 -3.494748e+00 -9.993691e-01 2.338126e-02 -2.673496e-02 1.109962e+02
-2.452145e-02 5.048207e-03 9.996865e-01 3.182438e+01 2.812594e-02 9.995949e-01 -4.357843e-03 -3.550386e+00 -9.993036e-01 2.801026e-02 -2.465351e-02 1.109495e+02
-2.448426e-02 5.625083e-03 9.996844e-01 3.263728e+01 2.725401e-02 9.996162e-01 -4.957200e-03 -3.574008e+00 -9.993287e-01 2.712402e-02 -2.462818e-02 1.109310e+02
-2.520882e-02 6.438168e-03 9.996615e-01 3.344955e+01 2.428460e-02 9.996881e-01 -5.825950e-03 -3.597380e+00 -9.993872e-01 2.412951e-02 -2.535731e-02 1.109148e+02
-2.711108e-02 6.831514e-03 9.996091e-01 3.425559e+01 2.235531e-02 9.997307e-01 -6.226037e-03 -3.619497e+00 -9.993825e-01 2.217777e-02 -2.725650e-02 1.108957e+02
-3.732820e-02 4.989269e-03 9.992906e-01 3.824062e+01 1.747571e-02 9.998378e-01 -4.339207e-03 -3.739393e+00 -9.991503e-01 1.730133e-02 -3.740934e-02 1.107877e+02
-3.931675e-02 4.742139e-03 9.992155e-01 3.902353e+01 1.720543e-02 9.998437e-01 -4.068132e-03 -3.764360e+00 -9.990787e-01 1.703198e-02 -3.939220e-02 1.107603e+02
-4.114167e-02 5.913874e-03 9.991358e-01 3.980437e+01 1.695435e-02 9.998426e-01 -5.219929e-03 -3.788915e+00 -9.990095e-01 1.672494e-02 -4.123546e-02 1.107309e+02
-4.335089e-02 5.462525e-03 9.990450e-01 4.134827e+01 1.953435e-02 9.997985e-01 -4.619010e-03 -3.834868e+00 -9.988689e-01 1.931545e-02 -4.344886e-02 1.106618e+02
-4.613078e-02 3.792299e-03 9.989282e-01 4.287606e+01 1.865418e-02 9.998217e-01 -2.934241e-03 -3.885455e+00 -9.987613e-01 1.849882e-02 -4.619330e-02 1.105935e+02
-4.752738e-02 2.697713e-03 9.988663e-01 4.362563e+01 1.682637e-02 9.998566e-01 -1.899772e-03 -3.908535e+00 -9.987282e-01 1.671699e-02 -4.756596e-02 1.105634e+02
-4.844212e-02 1.858945e-03 9.988242e-01 4.435901e+01 1.563944e-02 9.998771e-01 -1.102409e-03 -3.927506e+00 -9.987036e-01 1.556764e-02 -4.846524e-02 1.105329e+02
-4.930024e-02 1.121100e-03 9.987834e-01 4.507372e+01 1.575283e-02 9.998758e-01 -3.447660e-04 -3.947128e+00 -9.986598e-01 1.571667e-02 -4.931179e-02 1.105025e+02
-4.963267e-02 3.439404e-03 9.987616e-01 4.577870e+01 1.594992e-02 9.998693e-01 -2.650604e-03 -3.968246e+00 -9.986402e-01 1.579861e-02 -4.968105e-02 1.104722e+02
-4.991082e-02 8.104079e-03 9.987208e-01 4.717652e+01 1.435816e-02 9.998695e-01 -7.395860e-03 -4.011755e+00 -9.986505e-01 1.397065e-02 -5.002068e-02 1.104123e+02
-5.013018e-02 8.979031e-03 9.987023e-01 4.787113e+01 1.465636e-02 9.998585e-01 -8.253750e-03 -4.034285e+00 -9.986352e-01 1.422358e-02 -5.025469e-02 1.103817e+02
-5.019960e-02 8.863095e-03 9.986999e-01 4.856561e+01 1.583562e-02 9.998420e-01 -8.077259e-03 -4.055339e+00 -9.986137e-01 1.540955e-02 -5.033203e-02 1.103479e+02
-5.048020e-02 7.914478e-03 9.986937e-01 4.925400e+01 1.685096e-02 9.998330e-01 -7.071760e-03 -4.074607e+00 -9.985829e-01 1.647196e-02 -5.060514e-02 1.103152e+02
-5.083338e-02 8.201674e-03 9.986735e-01 5.062365e+01 1.021682e-02 9.999182e-01 -7.691857e-03 -4.114385e+00 -9.986549e-01 9.812257e-03 -5.091302e-02 1.102629e+02
-5.069705e-02 6.789371e-03 9.986910e-01 5.129886e+01 1.208748e-02 9.999078e-01 -6.184045e-03 -4.131756e+00 -9.986410e-01 1.175814e-02 -5.077445e-02 1.102291e+02
-5.159813e-02 6.404684e-03 9.986474e-01 5.197172e+01 1.276125e-02 9.999020e-01 -5.753386e-03 -4.148661e+00 -9.985864e-01 1.244713e-02 -5.167481e-02 1.101946e+02
-6.594365e-02 8.719935e-03 9.977852e-01 5.396640e+01 8.774153e-03 9.999282e-01 -8.158784e-03 -4.204714e+00 -9.977848e-01 8.216697e-03 -6.601543e-02 1.100844e+02
-8.610102e-02 1.289271e-02 9.962030e-01 5.596874e+01 7.212257e-03 9.998981e-01 -1.231719e-02 -4.259740e+00 -9.962603e-01 6.124346e-03 -8.618523e-02 1.099227e+02
-9.601658e-02 1.227851e-02 9.953040e-01 5.732460e+01 4.243196e-03 9.999199e-01 -1.192612e-02 -4.305330e+00 -9.953707e-01 3.078162e-03 -9.606099e-02 1.097920e+02
-9.999902e-02 1.143901e-02 9.949218e-01 5.801252e+01 1.729848e-03 9.999344e-01 -1.132278e-02 -4.323997e+00 -9.949861e-01 5.887941e-04 -1.000122e-01 1.097249e+02
-1.027987e-01 8.949224e-03 9.946619e-01 5.870923e+01 2.193170e-03 9.999591e-01 -8.770224e-03 -4.342226e+00 -9.946998e-01 1.279893e-03 -1.028142e-01 1.096525e+02
-1.063441e-01 1.341655e-03 9.943285e-01 6.014241e+01 2.969012e-03 9.999950e-01 -1.031768e-03 -4.377079e+00 -9.943250e-01 2.842448e-03 -1.063475e-01 1.095029e+02
-1.078470e-01 1.980980e-03 9.941655e-01 6.086806e+01 2.647993e-03 9.999950e-01 -1.705346e-03 -4.390954e+00 -9.941640e-01 2.448625e-03 -1.078517e-01 1.094297e+02
-1.087612e-01 9.316179e-03 9.940242e-01 6.232941e+01 9.639908e-03 9.999189e-01 -8.316680e-03 -4.420348e+00 -9.940212e-01 8.677766e-03 -1.088422e-01 1.092651e+02
-1.093263e-01 1.353913e-02 9.939137e-01 6.306998e+01 1.724616e-02 9.997825e-01 -1.172207e-02 -4.438119e+00 -9.938563e-01 1.585966e-02 -1.095361e-01 1.091742e+02
-1.106278e-01 1.354003e-02 9.937697e-01 6.456343e+01 1.662791e-02 9.997924e-01 -1.177106e-02 -4.476878e+00 -9.937228e-01 1.522211e-02 -1.108300e-01 1.090137e+02
-1.105493e-01 6.344343e-03 9.938504e-01 6.605966e+01 1.848372e-02 9.998198e-01 -4.326448e-03 -4.579860e+00 -9.936988e-01 1.789176e-02 -1.106467e-01 1.088574e+02
-1.115464e-01 5.771519e-03 9.937424e-01 6.680584e+01 1.874394e-02 9.998174e-01 -3.702821e-03 -4.708747e+00 -9.935825e-01 1.821361e-02 -1.116343e-01 1.087907e+02
-1.155968e-01 7.492320e-03 9.932679e-01 6.828567e+01 1.688045e-02 9.998419e-01 -5.577361e-03 -4.884585e+00 -9.931528e-01 1.612208e-02 -1.157050e-01 1.086478e+02
-1.177661e-01 7.254734e-03 9.930148e-01 6.902479e+01 1.758561e-02 9.998317e-01 -5.218985e-03 -4.946543e+00 -9.928857e-01 1.684815e-02 -1.178739e-01 1.085668e+02
-1.195878e-01 7.408337e-03 9.927960e-01 6.977011e+01 1.837544e-02 9.998174e-01 -5.247313e-03 -5.019805e+00 -9.926536e-01 1.761554e-02 -1.197021e-01 1.084826e+02
-1.216743e-01 7.133093e-03 9.925444e-01 7.051938e+01 1.797497e-02 9.998260e-01 -4.981908e-03 -5.072470e+00 -9.924073e-01 1.723478e-02 -1.217814e-01 1.083983e+02
-1.253808e-01 8.769852e-03 9.920699e-01 7.278695e+01 1.435901e-02 9.998722e-01 -7.024095e-03 -5.215003e+00 -9.920048e-01 1.336445e-02 -1.254907e-01 1.081439e+02
-1.267926e-01 9.328478e-03 9.918854e-01 7.355163e+01 1.435415e-02 9.998683e-01 -7.568673e-03 -5.250965e+00 -9.918254e-01 1.327801e-02 -1.269098e-01 1.080563e+02
-1.278121e-01 7.724363e-03 9.917683e-01 7.432302e+01 1.476541e-02 9.998736e-01 -5.884635e-03 -5.288827e+00 -9.916885e-01 1.389173e-02 -1.279100e-01 1.079665e+02
-1.326642e-01 2.681364e-03 9.911574e-01 7.666362e+01 1.026652e-02 9.999464e-01 -1.330995e-03 -5.383553e+00 -9.911079e-01 9.999156e-03 -1.326846e-01 1.076848e+02
-1.344690e-01 3.147963e-03 9.909128e-01 7.745431e+01 1.159636e-02 9.999315e-01 -1.602968e-03 -5.407645e+00 -9.908500e-01 1.127543e-02 -1.344963e-01 1.075825e+02
-1.366917e-01 4.086094e-03 9.906052e-01 7.824938e+01 1.100964e-02 9.999360e-01 -2.605389e-03 -5.427471e+00 -9.905525e-01 1.055006e-02 -1.367279e-01 1.074828e+02
-1.385896e-01 1.198577e-02 9.902774e-01 7.984877e+01 1.431669e-02 9.998465e-01 -1.009797e-02 -5.474046e+00 -9.902464e-01 1.277801e-02 -1.387399e-01 1.072685e+02
-1.397558e-01 1.572527e-02 9.900611e-01 8.065616e+01 1.567534e-02 9.997837e-01 -1.366699e-02 -5.497261e+00 -9.900620e-01 1.360950e-02 -1.399720e-01 1.071591e+02
-1.394963e-01 1.663944e-02 9.900828e-01 8.147409e+01 1.722002e-02 9.997483e-01 -1.437570e-02 -5.523123e+00 -9.900729e-01 1.504388e-02 -1.397477e-01 1.070489e+02
-1.388048e-01 1.447101e-02 9.902140e-01 8.312845e+01 2.165159e-02 9.996985e-01 -1.157458e-02 -5.578164e+00 -9.900831e-01 1.983309e-02 -1.390763e-01 1.068232e+02
-1.381253e-01 1.301215e-02 9.903293e-01 8.396282e+01 2.122319e-02 9.997230e-01 -1.017550e-02 -5.600569e+00 -9.901874e-01 1.961245e-02 -1.383632e-01 1.067162e+02
-1.364016e-01 1.076811e-02 9.905951e-01 8.480162e+01 1.993126e-02 9.997683e-01 -8.123363e-03 -5.624186e+00 -9.904531e-01 1.863576e-02 -1.365847e-01 1.066094e+02
-1.347013e-01 7.330803e-03 9.908591e-01 8.565017e+01 2.069307e-02 9.997753e-01 -4.583676e-03 -5.645151e+00 -9.906702e-01 1.988649e-02 -1.348228e-01 1.064988e+02
-1.311869e-01 3.194230e-03 9.913525e-01 8.734879e+01 1.948757e-02 9.998099e-01 -6.426705e-04 -5.689906e+00 -9.911661e-01 1.923473e-02 -1.312243e-01 1.062858e+02
-1.276834e-01 1.337617e-02 9.917248e-01 8.904327e+01 2.072071e-02 9.997268e-01 -1.081634e-02 -5.742522e+00 -9.915985e-01 1.916817e-02 -1.279257e-01 1.060757e+02
-1.261059e-01 1.693562e-02 9.918722e-01 8.989495e+01 1.946295e-02 9.997040e-01 -1.459484e-02 -5.767415e+00 -9.918259e-01 1.746426e-02 -1.263982e-01 1.059776e+02
-1.243722e-01 1.491375e-02 9.921235e-01 9.075627e+01 1.760024e-02 9.997629e-01 -1.282223e-02 -5.799013e+00 -9.920796e-01 1.586688e-02 -1.246052e-01 1.058789e+02
-1.228619e-01 1.031533e-02 9.923702e-01 9.248727e+01 1.866495e-02 9.997931e-01 -8.081658e-03 -5.857296e+00 -9.922483e-01 1.752960e-02 -1.230290e-01 1.056748e+02
-1.217251e-01 9.881780e-03 9.925146e-01 9.421112e+01 1.754070e-02 9.998157e-01 -7.803231e-03 -5.910917e+00 -9.924089e-01 1.645954e-02 -1.218760e-01 1.054745e+02
-1.209477e-01 8.898539e-03 9.926190e-01 9.507445e+01 2.017227e-02 9.997753e-01 -6.504768e-03 -5.936408e+00 -9.924539e-01 1.923664e-02 -1.211000e-01 1.053717e+02
-1.183018e-01 1.141515e-02 9.929121e-01 9.764589e+01 2.579424e-02 9.996318e-01 -8.419119e-03 -6.012871e+00 -9.926426e-01 2.461541e-02 -1.185527e-01 1.050653e+02
-1.171821e-01 9.006918e-03 9.930696e-01 9.935201e+01 1.820885e-02 9.998102e-01 -6.919417e-03 -6.066471e+00 -9.929435e-01 1.727182e-02 -1.173239e-01 1.048776e+02
-1.172208e-01 5.690447e-03 9.930896e-01 1.002020e+02 1.305697e-02 9.999060e-01 -4.188312e-03 -6.095973e+00 -9.930201e-01 1.247578e-02 -1.172840e-01 1.047876e+02
-1.183671e-01 6.041275e-03 9.929515e-01 1.010431e+02 9.720484e-03 9.999406e-01 -4.925050e-03 -6.123256e+00 -9.929224e-01 9.069002e-03 -1.184188e-01 1.046963e+02
-1.197342e-01 1.068369e-02 9.927485e-01 1.018778e+02 6.446464e-03 9.999294e-01 -9.983472e-03 -6.148741e+00 -9.927851e-01 5.204352e-03 -1.197946e-01 1.046056e+02
-1.209697e-01 1.392892e-02 9.925585e-01 1.035359e+02 6.373522e-03 9.998918e-01 -1.325505e-02 -6.203992e+00 -9.926358e-01 4.722631e-03 -1.210454e-01 1.044140e+02
-1.220013e-01 1.359193e-02 9.924369e-01 1.051785e+02 8.617162e-03 9.998830e-01 -1.263459e-02 -6.267117e+00 -9.924926e-01 7.010550e-03 -1.221041e-01 1.042165e+02
-1.225016e-01 1.645980e-02 9.923318e-01 1.059907e+02 9.949292e-03 9.998326e-01 -1.535600e-02 -6.298760e+00 -9.924185e-01 7.991859e-03 -1.226449e-01 1.041174e+02
-1.231222e-01 1.819136e-02 9.922248e-01 1.067982e+02 9.661891e-03 9.998065e-01 -1.713145e-02 -6.331199e+00 -9.923445e-01 7.477501e-03 -1.232742e-01 1.040206e+02
-1.296089e-01 1.774251e-02 9.914064e-01 1.091918e+02 5.753134e-03 9.998365e-01 -1.714126e-02 -6.429851e+00 -9.915485e-01 3.482031e-03 -1.296898e-01 1.037315e+02
-1.327292e-01 2.076343e-02 9.909348e-01 1.099770e+02 5.471096e-03 9.997806e-01 -2.021597e-02 -6.461637e+00 -9.911373e-01 2.738246e-03 -1.328137e-01 1.036312e+02
-1.362271e-01 2.224775e-02 9.904278e-01 1.107566e+02 4.321779e-03 9.997516e-01 -2.186276e-02 -6.493157e+00 -9.906682e-01 1.302107e-03 -1.362894e-01 1.035305e+02
-1.422740e-01 2.044221e-02 9.896162e-01 1.123078e+02 5.216391e-03 9.997883e-01 -1.990239e-02 -6.558137e+00 -9.898136e-01 2.330629e-03 -1.423506e-01 1.033200e+02
-1.469150e-01 2.569409e-02 9.888153e-01 1.138417e+02 2.553576e-03 9.996691e-01 -2.559672e-02 -6.625419e+00 -9.891459e-01 -1.235529e-03 -1.469320e-01 1.031087e+02
-1.488051e-01 3.176362e-02 9.883563e-01 1.145994e+02 -4.000436e-04 9.994819e-01 -3.218142e-02 -6.664413e+00 -9.888665e-01 -5.184145e-03 -1.487153e-01 1.030043e+02
-1.540003e-01 3.424775e-02 9.874771e-01 1.161173e+02 6.069612e-03 9.994130e-01 -3.371515e-02 -6.732518e+00 -9.880522e-01 8.014589e-04 -1.541177e-01 1.027662e+02
-1.575348e-01 2.612263e-02 9.871679e-01 1.168832e+02 4.681739e-03 9.996586e-01 -2.570605e-02 -6.772644e+00 -9.875024e-01 5.720647e-04 -1.576033e-01 1.026502e+02
-1.597956e-01 2.329694e-02 9.868752e-01 1.176391e+02 3.079438e-03 9.997284e-01 -2.310175e-02 -6.812258e+00 -9.871453e-01 -6.525398e-04 -1.598240e-01 1.025331e+02
-1.613565e-01 2.713452e-02 9.865231e-01 1.183859e+02 3.127759e-03 9.996310e-01 -2.698349e-02 -6.848109e+00 -9.868913e-01 -1.268356e-03 -1.613818e-01 1.024110e+02
-1.639985e-01 3.001508e-02 9.860038e-01 1.191312e+02 4.911652e-04 9.995393e-01 -3.034543e-02 -6.880154e+00 -9.864605e-01 -4.492314e-03 -1.639377e-01 1.022948e+02
-1.685537e-01 3.619051e-02 9.850279e-01 1.206114e+02 3.086699e-03 9.993402e-01 -3.618819e-02 -6.955093e+00 -9.856877e-01 -3.059169e-03 -1.685542e-01 1.020532e+02
-1.703598e-01 4.083782e-02 9.845353e-01 1.213457e+02 3.882035e-03 9.991609e-01 -4.077276e-02 -6.993951e+00 -9.853743e-01 -3.124038e-03 -1.703753e-01 1.019311e+02
-1.734488e-01 4.368725e-02 9.838734e-01 1.220792e+02 3.064934e-03 9.990347e-01 -4.382015e-02 -7.031609e+00 -9.848381e-01 -4.585048e-03 -1.734153e-01 1.018119e+02
-1.849296e-01 3.586086e-02 9.820973e-01 1.242726e+02 1.000076e-02 9.993509e-01 -3.460773e-02 -7.157447e+00 -9.827009e-01 3.421729e-03 -1.851682e-01 1.014077e+02
-1.993640e-01 3.441734e-02 9.793209e-01 1.257124e+02 7.623401e-03 9.994072e-01 -3.357135e-02 -7.237820e+00 -9.798959e-01 7.728352e-04 -1.995082e-01 1.011264e+02
-2.097442e-01 3.490405e-02 9.771331e-01 1.264247e+02 6.731302e-03 9.993905e-01 -3.425422e-02 -7.277349e+00 -9.777332e-01 -6.072494e-04 -2.098513e-01 1.009752e+02
-2.215235e-01 3.605602e-02 9.744882e-01 1.271315e+02 7.392757e-03 9.993496e-01 -3.529536e-02 -7.316019e+00 -9.751270e-01 -6.146005e-04 -2.216460e-01 1.008115e+02
-2.338325e-01 3.646334e-02 9.715929e-01 1.278368e+02 8.066085e-03 9.993349e-01 -3.556323e-02 -7.354262e+00 -9.722435e-01 -4.788901e-04 -2.339711e-01 1.006400e+02
-2.455518e-01 3.680717e-02 9.686844e-01 1.285371e+02 1.095265e-02 9.993204e-01 -3.519487e-02 -7.391647e+00 -9.693216e-01 1.967497e-03 -2.457881e-01 1.004561e+02
-2.668005e-01 3.681275e-02 9.630484e-01 1.299272e+02 1.816236e-02 9.992848e-01 -3.316625e-02 -7.464456e+00 -9.635807e-01 8.642454e-03 -2.672783e-01 1.000660e+02
-2.756318e-01 3.765500e-02 9.605255e-01 1.306177e+02 2.381571e-02 9.991932e-01 -3.233675e-02 -7.501316e+00 -9.609683e-01 1.396256e-02 -2.763062e-01 9.985681e+01
-2.832348e-01 3.770564e-02 9.583091e-01 1.313037e+02 2.916264e-02 9.991034e-01 -3.069152e-02 -7.535702e+00 -9.586071e-01 1.925391e-02 -2.840805e-01 9.964198e+01
-2.897949e-01 3.761505e-02 9.563493e-01 1.319861e+02 2.949442e-02 9.991038e-01 -3.035922e-02 -7.571493e+00 -9.566342e-01 1.940902e-02 -2.906446e-01 9.943215e+01
-2.944851e-01 3.618860e-02 9.549706e-01 1.326678e+02 3.289240e-02 9.990745e-01 -2.771687e-02 -7.602966e+00 -9.550899e-01 2.324906e-02 -2.954029e-01 9.921607e+01
-2.975246e-01 3.271849e-02 9.541533e-01 1.340170e+02 4.590603e-02 9.987468e-01 -1.993319e-02 -7.665957e+00 -9.536099e-01 3.787077e-02 -2.986538e-01 9.876779e+01
-2.985891e-01 2.994413e-02 9.539119e-01 1.346874e+02 4.720854e-02 9.987475e-01 -1.657458e-02 -7.696836e+00 -9.532135e-01 4.008379e-02 -2.996287e-01 9.855353e+01
-2.983373e-01 3.542957e-02 9.538027e-01 1.353466e+02 5.060939e-02 9.984922e-01 -2.125964e-02 -7.725113e+00 -9.531178e-01 4.192883e-02 -2.996805e-01 9.834062e+01
-2.968336e-01 3.904998e-02 9.541304e-01 1.360050e+02 5.058688e-02 9.984036e-01 -2.512421e-02 -7.752705e+00 -9.535884e-01 4.080876e-02 -2.983351e-01 9.813493e+01
-2.961325e-01 3.945679e-02 9.543315e-01 1.366601e+02 5.251239e-02 9.983078e-01 -2.498022e-02 -7.781433e+00 -9.537023e-01 4.271677e-02 -2.977033e-01 9.792651e+01
-2.943028e-01 3.805680e-02 9.549542e-01 1.373158e+02 5.415976e-02 9.982652e-01 -2.309160e-02 -7.809641e+00 -9.541764e-01 4.492415e-02 -2.958534e-01 9.771838e+01
-2.923629e-01 3.448849e-02 9.556853e-01 1.379665e+02 5.560800e-02 9.982716e-01 -1.901377e-02 -7.844579e+00 -9.546893e-01 4.758482e-02 -2.937755e-01 9.751185e+01
-2.908038e-01 3.523570e-02 9.561337e-01 1.386074e+02 5.699889e-02 9.981848e-01 -1.944944e-02 -7.876691e+00 -9.550834e-01 4.884258e-02 -2.922843e-01 9.731435e+01
-2.884384e-01 3.795384e-02 9.567459e-01 1.392425e+02 5.803494e-02 9.980700e-01 -2.209688e-02 -7.904561e+00 -9.557381e-01 4.915109e-02 -2.900843e-01 9.711981e+01
-2.841890e-01 3.956027e-02 9.579518e-01 1.398731e+02 5.961113e-02 9.979443e-01 -2.352743e-02 -7.934720e+00 -9.569134e-01 5.041834e-02 -2.859630e-01 9.692653e+01
-2.788728e-01 3.891345e-02 9.595393e-01 1.405034e+02 6.114570e-02 9.978707e-01 -2.269708e-02 -7.965446e+00 -9.583795e-01 5.234209e-02 -2.806584e-01 9.673888e+01
-2.732552e-01 3.696237e-02 9.612312e-01 1.411304e+02 6.246963e-02 9.978340e-01 -2.061125e-02 -7.997921e+00 -9.599110e-01 5.441561e-02 -2.749723e-01 9.655453e+01
-2.684718e-01 3.498844e-02 9.626519e-01 1.417523e+02 6.244183e-02 9.978705e-01 -1.885424e-02 -8.029376e+00 -9.612616e-01 5.504790e-02 -2.700849e-01 9.637711e+01
-2.643665e-01 3.405038e-02 9.638210e-01 1.423690e+02 6.234759e-02 9.978894e-01 -1.815265e-02 -8.060370e+00 -9.624049e-01 5.529295e-02 -2.659315e-01 9.620436e+01
-2.604320e-01 3.275240e-02 9.649365e-01 1.429830e+02 6.330765e-02 9.978529e-01 -1.678322e-02 -8.087196e+00 -9.634144e-01 5.671696e-02 -2.619463e-01 9.603450e+01
-2.565355e-01 3.089812e-02 9.660408e-01 1.435939e+02 6.596060e-02 9.977184e-01 -1.439525e-02 -8.112439e+00 -9.642815e-01 6.002772e-02 -2.579883e-01 9.586352e+01
-2.524266e-01 3.007468e-02 9.671485e-01 1.442021e+02 6.925467e-02 9.975150e-01 -1.294344e-02 -8.136308e+00 -9.651345e-01 6.371227e-02 -2.538821e-01 9.569564e+01
-2.491217e-01 2.804319e-02 9.680661e-01 1.448014e+02 6.736837e-02 9.976611e-01 -1.156397e-02 -8.165921e+00 -9.661263e-01 6.233618e-02 -2.504283e-01 9.553897e+01
-2.455375e-01 2.857835e-02 9.689657e-01 1.453935e+02 6.436852e-02 9.978399e-01 -1.311887e-02 -8.194245e+00 -9.672477e-01 5.914970e-02 -2.468467e-01 9.539074e+01
-2.408650e-01 3.192500e-02 9.700334e-01 1.459803e+02 6.519589e-02 9.977336e-01 -1.664814e-02 -8.221656e+00 -9.683665e-01 5.923223e-02 -2.424005e-01 9.524410e+01
-2.351403e-01 3.558922e-02 9.713096e-01 1.465647e+02 6.756376e-02 9.975106e-01 -2.019302e-02 -8.246532e+00 -9.696104e-01 6.087712e-02 -2.369595e-01 9.509910e+01
-2.202235e-01 3.475298e-02 9.748301e-01 1.477253e+02 6.348447e-02 9.977570e-01 -2.122859e-02 -8.301809e+00 -9.733814e-01 5.721153e-02 -2.219359e-01 9.484161e+01
-2.097253e-01 3.283610e-02 9.772088e-01 1.483017e+02 6.249012e-02 9.978428e-01 -2.011803e-02 -8.330790e+00 -9.757614e-01 5.684662e-02 -2.113248e-01 9.471843e+01
-1.686128e-01 2.947232e-02 9.852416e-01 1.500216e+02 6.281771e-02 9.978422e-01 -1.909873e-02 -8.411951e+00 -9.836787e-01 5.867032e-02 -1.701004e-01 9.440439e+01
-1.502165e-01 2.848254e-02 9.882427e-01 1.505932e+02 6.198793e-02 9.978895e-01 -1.933820e-02 -8.438291e+00 -9.867079e-01 5.835419e-02 -1.516650e-01 9.432475e+01
-1.292397e-01 2.755995e-02 9.912303e-01 1.511604e+02 6.132119e-02 9.979226e-01 -1.975078e-02 -8.463908e+00 -9.897155e-01 5.823082e-02 -1.306613e-01 9.425103e+01
-1.069882e-01 2.734453e-02 9.938842e-01 1.517288e+02 5.816595e-02 9.980818e-01 -2.119866e-02 -8.491499e+00 -9.925575e-01 5.554220e-02 -1.083735e-01 9.419972e+01
-4.405511e-02 3.007958e-02 9.985762e-01 1.534149e+02 4.018528e-02 9.987910e-01 -2.831317e-02 -8.579884e+00 -9.982206e-01 3.888071e-02 -4.521060e-02 9.413044e+01
-2.829096e-02 2.964958e-02 9.991599e-01 1.539729e+02 3.328137e-02 9.990337e-01 -2.870349e-02 -8.607328e+00 -9.990456e-01 3.244136e-02 -2.925040e-02 9.412758e+01
-1.508953e-02 2.533972e-02 9.995650e-01 1.550895e+02 1.662867e-02 9.995469e-01 -2.508824e-02 -8.663502e+00 -9.997479e-01 1.624286e-02 -1.550407e-02 9.413926e+01
-2.109399e-02 2.189851e-02 9.995376e-01 1.556469e+02 9.131974e-03 9.997226e-01 -2.170985e-02 -8.688323e+00 -9.997358e-01 8.669800e-03 -2.128812e-02 9.413797e+01
-3.339952e-02 1.870088e-02 9.992671e-01 1.561965e+02 6.110325e-03 9.998100e-01 -1.850682e-02 -8.709648e+00 -9.994234e-01 5.487725e-03 -3.350745e-02 9.412065e+01
-5.946910e-02 1.519122e-02 9.981145e-01 1.572847e+02 8.193505e-03 9.998579e-01 -1.472958e-02 -8.747148e+00 -9.981966e-01 7.302098e-03 -5.958512e-02 9.405245e+01
-7.151987e-02 1.443012e-02 9.973348e-01 1.578214e+02 9.621680e-03 9.998588e-01 -1.377666e-02 -8.765511e+00 -9.973928e-01 8.610728e-03 -7.164862e-02 9.400733e+01
-8.537735e-02 1.386193e-02 9.962522e-01 1.583533e+02 6.951610e-03 9.998871e-01 -1.331677e-02 -8.782045e+00 -9.963245e-01 5.788603e-03 -8.546408e-02 9.396008e+01
-1.016683e-01 1.235219e-02 9.947417e-01 1.588792e+02 2.286106e-03 9.999231e-01 -1.218288e-02 -8.797332e+00 -9.948158e-01 1.035469e-03 -1.016887e-01 9.390679e+01
-1.342507e-01 1.100316e-02 9.908863e-01 1.599158e+02 5.077193e-03 9.999328e-01 -1.041573e-02 -8.829814e+00 -9.909344e-01 3.632599e-03 -1.342976e-01 9.375723e+01
-1.629326e-01 7.570467e-03 9.866081e-01 1.609386e+02 6.761994e-03 9.999556e-01 -6.556186e-03 -8.861136e+00 -9.866141e-01 5.603219e-03 -1.629766e-01 9.357816e+01
-1.889989e-01 6.360769e-03 9.819567e-01 1.619306e+02 5.137210e-03 9.999717e-01 -5.488702e-03 -8.890957e+00 -9.819639e-01 4.007156e-03 -1.890262e-01 9.338617e+01
-1.998227e-01 6.697966e-03 9.798092e-01 1.624176e+02 8.616462e-03 9.999500e-01 -5.078409e-03 -8.905283e+00 -9.797942e-01 7.427703e-03 -1.998704e-01 9.327627e+01
-2.174003e-01 1.130058e-02 9.760171e-01 1.633789e+02 1.394518e-02 9.998669e-01 -8.470543e-03 -8.934349e+00 -9.759830e-01 1.176923e-02 -2.175289e-01 9.304986e+01
-2.255958e-01 9.868399e-03 9.741710e-01 1.643316e+02 1.447832e-02 9.998722e-01 -6.775912e-03 -8.963049e+00 -9.741134e-01 1.257573e-02 -2.257099e-01 9.283529e+01
-2.282584e-01 7.916889e-03 9.735684e-01 1.652777e+02 1.707519e-02 9.998457e-01 -4.127207e-03 -8.997595e+00 -9.734509e-01 1.568179e-02 -2.283583e-01 9.262255e+01
-2.325795e-01 8.553571e-03 9.725398e-01 1.662092e+02 1.689019e-02 9.998460e-01 -4.754508e-03 -9.030668e+00 -9.724307e-01 1.532057e-02 -2.326882e-01 9.241197e+01
-2.388826e-01 1.377125e-02 9.709508e-01 1.671492e+02 1.685226e-02 9.998076e-01 -1.003439e-02 -9.050522e+00 -9.709022e-01 1.396567e-02 -2.390687e-01 9.218701e+01
-2.497555e-01 1.147022e-02 9.682410e-01 1.681253e+02 1.481258e-02 9.998581e-01 -8.023911e-03 -9.068787e+00 -9.681957e-01 1.233813e-02 -2.498900e-01 9.194609e+01
-2.607071e-01 1.292790e-02 9.653314e-01 1.691260e+02 1.988029e-02 9.997702e-01 -8.020047e-03 -9.096027e+00 -9.652133e-01 1.710018e-02 -2.609042e-01 9.166843e+01
-2.775093e-01 1.743581e-02 9.605647e-01 1.706832e+02 2.029199e-02 9.997186e-01 -1.228412e-02 -9.132048e+00 -9.605087e-01 1.608281e-02 -2.777850e-01 9.122588e+01
-2.953670e-01 1.606871e-02 9.552487e-01 1.728366e+02 2.678467e-02 9.996048e-01 -8.532921e-03 -9.193889e+00 -9.550084e-01 2.306567e-02 -2.956807e-01 9.056912e+01
-3.008942e-01 1.085365e-02 9.535957e-01 1.739327e+02 3.075536e-02 9.995255e-01 -1.671982e-03 -9.221710e+00 -9.531615e-01 2.882508e-02 -3.010853e-01 9.021585e+01
-2.894218e-01 1.599879e-02 9.570679e-01 1.793156e+02 3.706865e-02 9.992976e-01 -5.494994e-03 -9.362912e+00 -9.564837e-01 3.388684e-02 -2.898116e-01 8.853955e+01
-2.820015e-01 1.652123e-02 9.592717e-01 1.803224e+02 3.760260e-02 9.992738e-01 -6.155974e-03 -9.391387e+00 -9.586768e-01 3.433510e-02 -2.824180e-01 8.825564e+01
-2.609832e-01 5.114162e-03 9.653298e-01 1.821857e+02 4.013209e-02 9.991789e-01 5.556475e-03 -9.443133e+00 -9.645088e-01 4.019084e-02 -2.609741e-01 8.775348e+01
-1.717367e-01 1.097173e-02 9.850818e-01 1.846231e+02 3.901595e-02 9.992292e-01 -4.327365e-03 -9.502342e+00 -9.843700e-01 3.769073e-02 -1.720324e-01 8.729367e+01
-5.616419e-02 5.016196e-03 9.984089e-01 1.861937e+02 2.635121e-02 9.996465e-01 -3.540066e-03 -9.547399e+00 -9.980738e-01 2.611045e-02 -5.627652e-02 8.724422e+01
5.721284e-03 -1.150342e-03 9.999830e-01 1.869520e+02 1.662550e-02 9.998612e-01 1.055078e-03 -9.574536e+00 -9.998455e-01 1.661917e-02 5.739613e-03 8.729783e+01
1.351236e-01 -1.098431e-02 9.907678e-01 1.884238e+02 1.319666e-02 9.998698e-01 9.285428e-03 -9.620615e+00 -9.907409e-01 1.182014e-02 1.352510e-01 8.752595e+01
1.704443e-01 -1.005290e-02 9.853160e-01 1.887883e+02 1.251008e-02 9.998894e-01 8.037535e-03 -9.627618e+00 -9.852879e-01 1.095643e-02 1.705512e-01 8.761924e+01
2.463376e-01 -5.020139e-03 9.691711e-01 1.895095e+02 1.343054e-02 9.999082e-01 1.765663e-03 -9.639227e+00 -9.690911e-01 1.258154e-02 2.463824e-01 8.784616e+01
4.161375e-01 9.994793e-03 9.092468e-01 1.909490e+02 -1.116839e-03 9.999444e-01 -1.048063e-02 -9.672989e+00 -9.093011e-01 3.345899e-03 4.161255e-01 8.855409e+01
5.448941e-01 1.132756e-02 8.384283e-01 1.920423e+02 9.140241e-03 9.997691e-01 -1.944759e-02 -9.704866e+00 -8.384551e-01 1.826031e-02 5.446648e-01 8.929218e+01
5.851963e-01 1.051044e-02 8.108236e-01 1.924105e+02 8.094829e-03 9.997904e-01 -1.880224e-02 -9.719824e+00 -8.108513e-01 1.756648e-02 5.849885e-01 8.960055e+01
6.241385e-01 1.187157e-02 7.812235e-01 1.927478e+02 1.752189e-03 9.998608e-01 -1.659387e-02 -9.734985e+00 -7.813118e-01 1.172572e-02 6.240308e-01 8.992948e+01
6.976322e-01 1.360725e-02 7.163268e-01 1.934542e+02 -4.660140e-03 9.998846e-01 -1.445516e-02 -9.771782e+00 -7.164409e-01 6.746199e-03 6.976152e-01 9.068449e+01
7.309139e-01 1.324663e-02 6.823412e-01 1.937797e+02 -4.234771e-03 9.998804e-01 -1.487496e-02 -9.788979e+00 -6.824566e-01 7.982752e-03 7.308825e-01 9.108783e+01
8.142510e-01 1.064909e-02 5.804153e-01 1.947637e+02 -3.160408e-03 9.998982e-01 -1.391183e-02 -9.843068e+00 -5.805044e-01 9.493374e-03 8.142018e-01 9.248548e+01
8.358761e-01 1.096908e-02 5.488086e-01 1.950720e+02 -4.730695e-03 9.999071e-01 -1.278003e-02 -9.861770e+00 -5.488979e-01 8.086276e-03 8.358503e-01 9.300739e+01
8.694597e-01 9.517999e-03 4.939122e-01 1.956839e+02 -6.036330e-03 9.999444e-01 -8.643494e-03 -9.896652e+00 -4.939670e-01 4.533751e-03 8.694688e-01 9.412166e+01
8.929201e-01 6.551292e-03 4.501676e-01 1.962715e+02 -6.486757e-03 9.999775e-01 -1.686020e-03 -9.928192e+00 -4.501685e-01 -1.414647e-03 8.929425e-01 9.532711e+01
