9.997097684647493487e-01 2.366504252430883231e-03 -2.397453844770151485e-02 -4.860695999999999906e-01 -2.335553706259556241e-03 9.999964028467355215e-01 1.318894413739578764e-03 2.357760000000000064e-02 2.397757337685089626e-02 -1.262517806861654206e-03 9.997116994532698753e-01 -5.574867999999999491e-01
9.996182682881915582e-01 2.179483404032536137e-05 -2.762819627667045114e-02 -4.874914000000000192e-01 -7.379600169301010813e-05 9.999982278955100723e-01 -1.881159214336540573e-03 2.287259999999999988e-02 2.762810631706690001e-02 1.882479966628675810e-03 9.996164984685417254e-01 -5.071632000000000362e-01
9.995645132650333720e-01 -2.290033020923162421e-03 -2.942005387486594514e-02 -4.881969999999999921e-01 2.177072240007381972e-03 9.999901376441880929e-01 -3.871042601121455450e-03 2.245509999999999867e-02 2.942862853920859278e-02 3.805307230827684184e-03 9.995596407714650855e-01 -4.817928000000000210e-01
9.995171460716151257e-01 -3.832597469763085723e-03 -3.083481644972665275e-02 -4.889557999999999960e-01 3.698475579122978852e-03 9.999834560694770280e-01 -4.405549424876291191e-03 2.198299999999999907e-02 3.085119101824431581e-02 4.289380372403743015e-03 9.995147848975405314e-01 -4.562056999999999918e-01
9.993358086463739465e-01 -1.968227572908287995e-03 -3.638774020627268124e-02 -4.928084999999999827e-01 1.570331850783938856e-03 9.999387018075928113e-01 -1.096023198771623949e-02 1.978059999999999888e-02 3.640708193437594553e-02 1.089581146897230027e-02 9.992776419381433906e-01 -3.500629000000000102e-01
9.992492072171096362e-01 1.065825566622232053e-03 -3.872836030403989382e-02 -4.954640000000000155e-01 -1.631995962372889079e-03 9.998922234641851592e-01 -1.459034081256498430e-02 1.883630000000000027e-02 3.870863553726476558e-02 1.464259101762851317e-02 9.991432510221612828e-01 -2.945914000000000033e-01
9.992010710358077974e-01 3.849061518021207069e-03 -3.977944653115574741e-02 -4.968365000000000142e-01 -4.148883251632784833e-03 9.999635870668570625e-01 -7.457298984795508387e-03 1.832579999999999973e-02 3.974929444227798953e-02 7.616381412114247434e-03 9.991806565008783947e-01 -2.657355000000000134e-01
9.991398366701761402e-01 6.011482055170765809e-03 -4.102985330456691143e-02 -4.989833000000000185e-01 -5.621084598683353042e-03 9.999378919400316867e-01 9.623703572956880670e-03 1.731459999999999944e-02 4.108515774131048931e-02 -9.384793339549789976e-03 9.991115730824789987e-01 -2.060136999999999941e-01
9.990152560782639135e-01 1.010058951747137487e-02 -4.320296534128677257e-02 -5.022218999999999989e-01 -1.004924463192701303e-02 9.999485173318736209e-01 1.405477895695648538e-03 1.706130000000000146e-02 4.321493729266033534e-02 -9.699366923414727993e-04 9.990653274023697517e-01 -1.476782000000000095e-01
9.989644156525555596e-01 9.421884288359907295e-03 -4.451206978343000276e-02 -5.033187000000000078e-01 -9.635924226722238778e-03 9.999430091215235628e-01 -4.596463128269072732e-03 1.711560000000000165e-02 4.446622565773997171e-02 5.020618034607536584e-03 9.989982723560163480e-01 -1.160082999999999948e-01
9.989519179881185540e-01 6.333636208028166001e-03 -4.533156295831535648e-02 -5.063400999999999597e-01 -6.053457423891057607e-03 9.999617357918824112e-01 6.315267635091775453e-03 1.677230000000000040e-02 4.536982698971302880e-02 -6.034236030356620109e-03 9.989520342811528675e-01 -5.138290000000000218e-02
9.989210358375423260e-01 3.607386415858432945e-03 -4.630065792727131035e-02 -5.120337999999999834e-01 -2.927073868208746304e-03 9.998868876877363698e-01 1.475276478162737548e-02 1.703270000000000131e-02 4.634863967606342450e-02 -1.460132163123104357e-02 9.988186046559204279e-01 5.903359999999999858e-02
9.989402267095278676e-01 3.108900743236853084e-03 -4.592121729316054474e-02 -5.128886999999999752e-01 -2.538693968695745432e-03 9.999190216475232207e-01 1.247017162645864922e-02 1.700629999999999850e-02 4.595626719447819947e-02 -1.234037615426401314e-02 9.988672267233122959e-01 8.785439999999999916e-02
9.989598015544185472e-01 5.272797317056490511e-03 -4.529362523369064725e-02 -5.144050999999999485e-01 -4.866462705897284420e-03 9.999469640419379468e-01 9.076708877305399506e-03 1.723689999999999944e-02 4.533908268909823264e-02 -8.846847560825587056e-03 9.989324806357767761e-01 1.249827000000000021e-01
9.990543524728798808e-01 -2.231728988622744042e-04 -4.347816692147839224e-02 -5.194144000000000538e-01 -1.363941625827827357e-04 9.999658191453222322e-01 -8.266918268454248250e-03 1.665070000000000092e-02 4.347852575268781883e-02 8.265030845804670692e-03 9.990201735017620877e-01 2.390249999999999875e-01
9.990488715792646968e-01 1.375318988734575490e-03 -4.358280273085946011e-02 -5.225777999999999812e-01 -1.741911770747886588e-03 9.999634156673304908e-01 -8.374548961503937988e-03 1.530379999999999935e-02 4.356969060689683260e-02 8.442501087054878756e-03 9.990147177273287493e-01 3.183131000000000155e-01
9.990366570665236701e-01 3.254606245540773643e-03 -4.376260247667546066e-02 -5.244691000000000214e-01 -3.690034980172596756e-03 9.999444552441706380e-01 -9.872693061362123809e-03 1.464230000000000045e-02 4.372803996510862823e-02 1.002466780622940194e-02 9.989931754302351363e-01 3.594575999999999882e-01
9.989797617196618518e-01 1.091842436192127543e-02 -4.382035695861732916e-02 -5.310780999999999974e-01 -1.148578766105074443e-02 9.998531709509513865e-01 -1.271665133331183369e-02 1.192310000000000071e-02 4.367507706155643321e-02 1.320698863408200328e-02 9.989584891750439288e-01 4.848954999999999793e-01
9.989320628625232290e-01 1.168228723415766848e-02 -4.470187859813775505e-02 -5.347325000000000550e-01 -1.227518554474774787e-02 9.998399917345361931e-01 -1.301194636188385441e-02 9.821299999999999822e-03 4.454271663320531066e-02 1.354677427512407210e-02 9.989156277192147160e-01 5.701559999999999961e-01
9.989118578048665764e-01 1.278874101929586109e-02 -4.485028918492635353e-02 -5.369285000000000307e-01 -1.332967385770214390e-02 9.998417327310357150e-01 -1.178258393764320539e-02 8.575599999999999196e-03 4.469250643762816277e-02 1.236760253815164662e-02 9.989242325000334821e-01 6.142832999999999766e-01
9.988281389011092193e-01 1.384804889096527721e-02 -4.637435154543826515e-02 -5.429699000000000053e-01 -1.430256268296840362e-02 9.998527388571296637e-01 -9.483527856034866532e-03 5.260100000000000192e-03 4.623619404802061655e-02 1.013568654852077533e-02 9.988791129151434189e-01 7.461586000000000052e-01
9.987941339569182952e-01 1.461177363767530990e-02 -4.686975618040917918e-02 -5.477100999999999775e-01 -1.506732183234010466e-02 9.998424748069416612e-01 -9.380905325766762670e-03 3.242500000000000156e-03 4.672530134788169948e-02 1.007579491115459178e-02 9.988569590140813359e-01 8.358261999999999636e-01
9.987714578031957613e-01 1.411319041421910635e-02 -4.750150454471091521e-02 -5.500074999999999825e-01 -1.445065184195860018e-02 9.998726761822023246e-01 -6.768314825955594818e-03 2.236999999999999839e-03 4.739993395587906166e-02 7.446427369735483803e-03 9.988482352091360150e-01 8.814541999999999655e-01
9.986915058704874948e-01 1.468041192466268928e-02 -4.898736171565529901e-02 -5.572173000000000265e-01 -1.472436205622668602e-02 9.998914468247290799e-01 -5.364035673902340469e-04 -1.686000000000000053e-04 4.897416935666577126e-02 1.257009336551900835e-03 9.987992544367223502e-01 1.018351100000000065e+00
9.986746468467050386e-01 1.432489939224413332e-02 -4.943426952035295807e-02 -5.595343000000000400e-01 -1.443954673289818587e-02 9.998938177639058456e-01 -1.962826449145741413e-03 -8.708999999999999728e-04 4.940090318766715560e-02 2.674033455867816725e-03 9.987754503937907868e-01 1.064088799999999946e+00
9.985923881281646430e-01 1.458603024969701289e-02 -5.099500067696636357e-02 -5.644981999999999500e-01 -1.466806058168237253e-02 9.998916558837833701e-01 -1.234703510039075400e-03 -2.379899999999999897e-03 5.097146624593971304e-02 1.980963286012824183e-03 9.986981452937611081e-01 1.157059099999999896e+00
9.985453423936295758e-01 1.467196408948473994e-02 -5.188383807840368789e-02 -5.672218999999999456e-01 -1.465296671108176803e-02 9.998923608322312084e-01 7.465359409703151150e-04 -3.275699999999999879e-03 5.188920649376969896e-02 1.480216542065239393e-05 9.986528476053843084e-01 1.203493099999999982e+00
9.985040852025984792e-01 1.466795964873572958e-02 -5.267297972836895714e-02 -5.698910000000000364e-01 -1.452028889912027054e-02 9.998895019255731320e-01 3.185145101158637793e-03 -3.943200000000000004e-03 5.271387904535380919e-02 -2.415553512636520444e-03 9.986067354355364634e-01 1.249865699999999968e+00
9.984343734213788624e-01 1.710422868633353077e-02 -5.325642995643139338e-02 -5.755308000000000090e-01 -1.716074624381459801e-02 9.998525610582730261e-01 -6.040973166182193269e-04 -5.547100000000000121e-03 5.323824526610621694e-02 1.517071606137053138e-03 9.985806866421600425e-01 1.342152100000000070e+00
9.984106405776660420e-01 1.876033414981541358e-02 -5.314360397904736161e-02 -5.811859999999999804e-01 -1.904290384553842391e-02 9.998070698614826002e-01 -4.815689787139069804e-03 -7.371400000000000174e-03 5.304300702660178640e-02 5.820044465779214589e-03 9.985752683138072738e-01 1.435138199999999919e+00
9.983994654765971921e-01 1.933973119687209391e-02 -5.314585716006295368e-02 -5.838172999999999835e-01 -1.947749653031841804e-02 9.998081414190281846e-01 -2.075447214477980744e-03 -8.221499999999999642e-03 5.309552208008239127e-02 3.107273637995632692e-03 9.985846035191920933e-01 1.482098200000000032e+00
9.984044455809827356e-01 2.013103548953626420e-02 -5.275703227295563957e-02 -5.867748000000000408e-01 -2.017127820133352706e-02 9.997965125242449513e-01 -2.303911497355283760e-04 -9.048099999999999893e-03 5.274165886521828273e-02 1.294200323172985025e-03 9.986073514979091348e-01 1.528675299999999959e+00
9.984603950619593826e-01 1.737334366020647572e-02 -5.267832972656331242e-02 -5.944939000000000195e-01 -1.749080774105318467e-02 9.998454581223565896e-01 -1.769609182985329909e-03 -1.132909999999999993e-02 5.263944469009598087e-02 2.688271221315929015e-03 9.986099649315337556e-01 1.667303100000000038e+00
9.984558878679413718e-01 1.778319475985780038e-02 -5.262696994862969130e-02 -5.970341999999999594e-01 -1.800889788976616987e-02 9.998305383889003473e-01 -3.817604190824392795e-03 -1.231080000000000021e-02 5.255016249867342643e-02 4.759463109930607387e-03 9.986069436631553886e-01 1.714167800000000019e+00
9.984830309395070769e-01 1.625918610142258400e-02 -5.260490274845564668e-02 -5.996152999999999622e-01 -1.661814830065661344e-02 9.998414674467158703e-01 -6.393521803746771495e-03 -1.330680000000000057e-02 5.249260969805705918e-02 7.258019104198355775e-03 9.985949364410828810e-01 1.760698300000000049e+00
9.985270453075805186e-01 1.310770223700292135e-02 -5.264910190477378044e-02 -6.049200000000000133e-01 -1.372035819114042661e-02 9.998421082680629679e-01 -1.129204610254134176e-02 -1.568560000000000093e-02 5.249277626893048693e-02 1.199777796682293708e-02 9.985492285127653966e-01 1.853861900000000063e+00
9.985816898912305284e-01 1.037059908836037575e-02 -5.222125322627567401e-02 -6.102516999999999525e-01 -1.053875716958177500e-02 9.999401267271640359e-01 -2.945769540153494407e-03 -1.804390000000000160e-02 5.218757717402579266e-02 3.491938632279547716e-03 9.986311947627580787e-01 1.946961600000000070e+00
9.986004813833933014e-01 8.975397332256700861e-03 -5.212025348732733654e-02 -6.126734999999999820e-01 -8.834350835175714539e-03 9.999566663422371215e-01 2.935929672356127253e-03 -1.885910000000000017e-02 5.214434606144915940e-02 -2.471372179197276701e-03 9.986365001808094055e-01 1.994805099999999998e+00
9.986158193898078128e-01 7.525516252586217890e-03 -5.205585336496768023e-02 -6.152161000000000435e-01 -7.354111005923165585e-03 9.999668906627207088e-01 3.483479531023875309e-03 -1.954530000000000156e-02 5.208034481198751953e-02 -3.095833242046998855e-03 9.986380993637294923e-01 2.041372299999999917e+00
9.986195533049060380e-01 4.604417482365863803e-03 -5.232386737195492132e-02 -6.229504000000000152e-01 -4.963822493452729745e-03 9.999649592241323104e-01 -6.740978425474669286e-03 -2.187460000000000099e-02 5.229099562413530577e-02 6.991399253890870705e-03 9.986074164120298802e-01 2.180049700000000090e+00
9.986035900134411225e-01 4.793675653239889110e-03 -5.261074686790585125e-02 -6.254334000000000282e-01 -5.391801586323561636e-03 9.999223727098409675e-01 -1.123285493432820727e-02 -2.280240000000000045e-02 5.255281617497817997e-02 1.150083597194038500e-02 9.985519176707966515e-01 2.227380500000000207e+00
9.986283834637584844e-01 1.163721234392538564e-02 -5.104828135621164442e-02 -6.309711999999999543e-01 -1.206604600059034416e-02 9.998943912659795652e-01 -8.100422751183392750e-03 -2.519060000000000049e-02 5.094862387221260613e-02 8.705262988482450476e-03 9.986633347238844660e-01 2.319850000000000190e+00
9.986479196666762093e-01 1.291118910074276309e-02 -5.035507662018658126e-02 -6.335918000000000383e-01 -1.324182301235278005e-02 9.998928652271164008e-01 -6.237963707589741155e-03 -2.630700000000000052e-02 5.026914231145708511e-02 6.896322491918694883e-03 9.987118974295630114e-01 2.367309300000000061e+00
9.986577970895766931e-01 1.071532219138701322e-02 -5.067332811774642731e-02 -6.382174000000000458e-01 -1.097772304618584854e-02 9.999277234822253613e-01 -4.902795975310003489e-03 -2.824509999999999868e-02 5.061713058753193606e-02 5.452493190187853410e-03 9.987032474209222022e-01 2.461198299999999950e+00
9.987556875319832939e-01 8.520686907592216197e-03 -4.913730270515692666e-02 -6.416522999999999533e-01 -8.601177561301173724e-03 9.999619911878084855e-01 -1.426858182243305332e-03 -3.048910000000000162e-02 4.912327724281437269e-02 1.847721390267507416e-03 9.987910139556670508e-01 2.552879799999999921e+00
9.987636083922478702e-01 7.055977564582241804e-03 -4.920841119061582919e-02 -6.461525000000000185e-01 -7.112038688095893846e-03 9.999742442246871699e-01 -9.642577272947090977e-04 -3.272699999999999915e-02 4.920034000894343146e-02 1.313037651300362355e-03 9.987880668465811684e-01 2.645092500000000069e+00
9.987166048810064423e-01 7.136980121195221627e-03 -5.014186523959303365e-02 -6.493164999999999631e-01 -7.378717978674266542e-03 9.999620227637692205e-01 -4.637623441203847334e-03 -3.365630000000000011e-02 5.010686236382230763e-02 5.001654220443323660e-03 9.987313381481088825e-01 2.691182599999999869e+00
9.984976836141085110e-01 1.107112916484309824e-02 -5.366382316118575857e-02 -6.580502999999999769e-01 -1.112332622839286127e-02 9.999379066865744514e-01 -6.740807727356249151e-04 -3.671800000000000064e-02 5.365302816129211005e-02 1.269988301829983422e-03 9.985588313659023996e-01 2.831545799999999780e+00
9.981945336176254457e-01 1.204868706389519359e-02 -5.884303013889935485e-02 -6.719646000000000230e-01 -1.201164392195056690e-02 9.999273742226180151e-01 9.832042272763330624e-04 -3.926509999999999723e-02 5.885060293814636800e-02 -2.746275597799126343e-04 9.982667635023816377e-01 3.014128200000000035e+00
9.981201948767645105e-01 1.059374727577358684e-02 -6.036430317519293071e-02 -6.779136999999999524e-01 -1.051032279582970498e-02 9.999433210188181098e-01 1.699371820496832454e-03 -4.156630000000000047e-02 6.037888450358312037e-02 -1.061729020925774756e-03 9.981749661445076249e-01 3.103713799999999967e+00
9.980541617831436563e-01 8.957163289179757154e-03 -6.170623447559805963e-02 -6.837372000000000449e-01 -8.579418301448395873e-03 9.999428180115743636e-01 6.383908573921600986e-03 -4.350380000000000219e-02 6.175988770193230337e-02 -5.842082923272135138e-03 9.980739383122686492e-01 3.190122099999999961e+00
9.980021342546652185e-01 7.673060707916409297e-03 -6.271255187365445960e-02 -6.866489999999999538e-01 -7.236996151959231537e-03 9.999480527495727689e-01 7.177582394813314046e-03 -4.421239999999999892e-02 6.276436815446881368e-02 -6.709392052223216857e-03 9.980058206986870406e-01 3.232166499999999942e+00
9.978769578829195241e-01 7.032181190180005620e-03 -6.474662426751175148e-02 -6.897712000000000288e-01 -6.552910404536557362e-03 9.999495598563059584e-01 7.611642950770905643e-03 -4.496470000000000328e-02 6.479688489086478376e-02 -7.171204284385044626e-03 9.978727060790627545e-01 3.272967099999999796e+00
9.971573396357176211e-01 5.700118524927929795e-03 -7.513154237349281561e-02 -6.990404000000000062e-01 -5.237248943793267400e-03 9.999660833091791323e-01 6.356371197510523111e-03 -4.712800000000000322e-02 7.516522622941348986e-02 -5.944819602105558612e-03 9.971533722982536263e-01 3.389780800000000038e+00
9.967252451290443682e-01 7.812141710112292629e-03 -8.048450884702935959e-02 -7.049836999999999909e-01 -7.127476384501734048e-03 9.999359603125901330e-01 8.790583264288928667e-03 -4.867849999999999955e-02 8.054802792641661824e-02 -8.188144822800235562e-03 9.967170960114640765e-01 3.462093799999999888e+00
9.961143913174110853e-01 1.631961371499785277e-02 -8.654357063662726501e-02 -7.170714999999999728e-01 -1.583217987899665155e-02 9.998547166507155692e-01 6.315668737065890069e-03 -5.190750000000000225e-02 8.663406657096694996e-02 -4.920955142095056502e-03 9.962280475422616854e-01 3.614111400000000085e+00
9.946825181192512355e-01 2.193665993633727926e-02 -1.006253998689347617e-01 -7.321511000000000546e-01 -2.214899169386998559e-02 9.997541875887484553e-01 -9.932601403585584760e-04 -5.225180000000000102e-02 1.005788760868324694e-01 3.216729643448713351e-03 9.949238877097636990e-01 3.706193700000000035e+00
9.975486206814186962e-01 3.136687047906954601e-02 -6.255292809252183117e-02 -7.445777999999999563e-01 -3.093293910789122331e-02 9.994902917734418413e-01 7.893663838013115913e-03 -5.526090000000000169e-02 6.276864388169003939e-02 -5.939367558026501827e-03 9.980104314375998209e-01 3.842284400000000044e+00
9.806845236362754514e-01 1.338610984880308878e-02 1.951375852146562950e-01 -7.282351999999999714e-01 -1.078537897562390109e-02 9.998383725766469832e-01 -1.438416920208082476e-02 -5.996979999999999672e-02 -1.952985936985815463e-01 1.200169931291804847e-02 9.806703923913266951e-01 4.015171500000000115e+00
9.607035671108559161e-01 1.195168722944584330e-02 2.773189739502988638e-01 -7.173138999999999488e-01 -7.625304735188772991e-03 9.998319018483208254e-01 -1.667401493537434831e-02 -6.129199999999999926e-02 -2.774716397547189461e-01 1.390414394125291837e-02 9.606332098741372505e-01 4.043909499999999824e+00
7.777596579878850447e-01 2.580497380600845631e-02 6.280318604445473962e-01 -6.504480999999999735e-01 -8.051893949407305448e-03 9.994839726870653474e-01 -3.109590560683600513e-02 -6.597060000000000424e-02 -6.285102078808233461e-01 1.912829497244786237e-02 7.775660916739177697e-01 4.144160699999999586e+00
7.028931362027376339e-01 3.060371507319830514e-02 7.106367930967253388e-01 -6.266462999999999894e-01 -7.964084685088577628e-03 9.993499659940622282e-01 -3.515990362323632296e-02 -6.716489999999999960e-02 -7.112508786878285472e-01 1.905408332576048747e-02 7.026799623401869255e-01 4.163026799999999916e+00
5.746477464875311414e-01 2.472513999685167427e-02 8.180272824967016465e-01 -5.850978999999999486e-01 -1.676184269176272251e-03 9.995769885837172408e-01 -2.903505295678153811e-02 -6.898170000000000690e-02 -8.183991433665471771e-01 1.531376328808265255e-02 5.744461078211415828e-01 4.190193700000000021e+00
5.277769737573785314e-01 2.224146871148719590e-02 8.490917400617316035e-01 -5.696638000000000535e-01 3.152627662014999971e-04 9.996519041238149939e-01 -2.638126591009362643e-02 -6.961190000000000433e-02 -8.493829328288221570e-01 1.419111169664861831e-02 5.275862448623178658e-01 4.197773500000000269e+00
4.776234858199543409e-01 1.853969091367969196e-02 8.783689917420930415e-01 -5.538716000000000195e-01 2.235670575509855415e-03 9.997484380148309313e-01 -2.231731309955547332e-02 -7.050969999999999460e-02 -8.785617835817091104e-01 1.262301658602307114e-02 4.774618852662433355e-01 4.204244100000000373e+00
2.400191632977891898e-01 3.012405492454485467e-02 9.703006454520849422e-01 -4.663306999999999869e-01 5.418108765086346312e-03 9.994612803475230178e-01 -3.236963366335115361e-02 -7.417490000000000194e-02 -9.707530300479311203e-01 1.302652682002637848e-02 2.397266448515229520e-01 4.227593899999999572e+00
1.749539077865525094e-01 3.096989106003333186e-02 9.840894247973321907e-01 -4.261345999999999745e-01 1.758249696583939758e-02 9.992475060153701572e-01 -3.457278586560526279e-02 -7.551919999999999467e-02 -9.844196188367340117e-01 2.335139331586905814e-02 1.742777280077602020e-01 4.232614500000000390e+00
1.465889657697901360e-01 2.968421582215877152e-02 9.887520024988911693e-01 -4.048825999999999814e-01 1.545599886840677388e-02 9.993588958337494832e-01 -3.229410808380934333e-02 -7.628609999999999558e-02 -9.890767347448445879e-01 2.001610973622122702e-02 1.460361877669519304e-01 4.235102699999999665e+00
1.218168419781364142e-01 2.648896469255503788e-02 9.921990686147565963e-01 -3.823948999999999820e-01 9.439633447223934326e-03 9.995676914019336889e-01 -2.784463369826397847e-02 -7.700869999999999937e-02 -9.925077079453115125e-01 1.275794085756080595e-02 1.215141333928657641e-01 4.237769600000000025e+00
9.737666805918195057e-02 2.266698172733686706e-02 9.949894433897599200e-01 -3.594912000000000107e-01 4.725115308958137070e-03 9.997188144199045112e-01 -2.323715516532944003e-02 -7.787479999999999403e-02 -9.952363828774593024e-01 6.964196596386676777e-03 9.724218304191822870e-02 4.239702199999999976e+00
7.489977079814366667e-02 2.006976207479082772e-02 9.969890816777516873e-01 -3.354447999999999874e-01 8.966965270626958695e-03 9.997434675562579809e-01 -2.079886084440363617e-02 -7.879039999999999655e-02 -9.971507498208186382e-01 1.049779638070698004e-02 7.470059171739074078e-02 4.240760800000000330e+00
5.446261948962675264e-02 2.042796279799929948e-02 9.983068272902133611e-01 -3.108492999999999951e-01 1.660319860914046680e-02 9.996339557372785345e-01 -2.136090665177741918e-02 -7.983850000000000668e-02 -9.983777626100622804e-01 1.773845745728949361e-02 5.410351423671444504e-02 4.241181400000000323e+00
3.733298454891230411e-02 2.277692962935840698e-02 9.990432722066298066e-01 -2.851328000000000196e-01 2.207219003075106684e-02 9.994775179544167498e-01 -2.361163973393274468e-02 -8.063829999999999609e-02 -9.990590906907945712e-01 2.293256593444949198e-02 3.681074201568124149e-02 4.240896700000000408e+00
2.877745238628069257e-03 2.918036990076868994e-02 9.995700198559357430e-01 -1.733576000000000006e-01 2.804132408146556635e-02 9.991787330124780597e-01 -2.924967759373135745e-02 -8.429109999999999381e-02 -9.996026224085746703e-01 2.811343998932402943e-02 2.057125632260570214e-03 4.241307299999999891e+00
3.319898326567627921e-03 2.749051262880135293e-02 9.996165514788694084e-01 -1.432318999999999953e-01 2.964025520182068246e-02 9.991801474314083720e-01 -2.757695143629983539e-02 -8.541719999999999868e-02 -9.995551178132561221e-01 2.972044236472281761e-02 2.502350689450594245e-03 4.241488499999999995e+00
5.234906932054128430e-03 2.709988598007416483e-02 9.996190233930526414e-01 -1.122722000000000026e-01 2.828253670503649148e-02 9.992288131653798144e-01 -2.723742017215910124e-02 -8.663450000000000317e-02 -9.995862613436328203e-01 2.841434707983725091e-02 4.464416320813957562e-03 4.241915699999999845e+00
7.788979694857493287e-03 2.869273300144445718e-02 9.995579317219294158e-01 -4.825539999999999691e-02 2.365590641962855498e-02 9.993032248229737347e-01 -2.886975839647660039e-02 -8.910590000000000177e-02 -9.996898168365921933e-01 2.387031485575702786e-02 7.104799920346183129e-03 4.242863200000000390e+00
9.433778944699162949e-03 2.901327371306565775e-02 9.995345085404871988e-01 1.909469999999999917e-02 2.297406593325712967e-02 9.993088491682325936e-01 -2.922355674036108963e-02 -9.167039999999999911e-02 -9.996915504841066280e-01 2.323906027604135532e-02 8.760705917311262247e-03 4.243714800000000231e+00
1.025536969826688037e-02 2.752632759506238105e-02 9.995684712322017162e-01 5.372720000000000273e-02 2.209750445684323730e-02 9.993706875644923215e-01 -2.774759689871603499e-02 -9.310910000000000020e-02 -9.997032198053237284e-01 2.237253061240837212e-02 9.640652719872577769e-03 4.244112999999999580e+00
9.164465004906370560e-03 2.222749609440961491e-02 9.997109337196160572e-01 1.613694999999999991e-01 2.113979591924579002e-02 9.995251773233385650e-01 -2.241715693930459649e-02 -9.727750000000000286e-02 -9.997345255664956687e-01 2.133912636735109045e-02 8.690228777870956378e-03 4.245254499999999709e+00
7.994811547152902084e-03 2.153229313556879673e-02 9.997361868716413413e-01 1.977455999999999936e-01 2.034527030203695311e-02 9.995576842141575824e-01 -2.169114807398131103e-02 -9.837300000000000211e-02 -9.997610479332862399e-01 2.051331959372413791e-02 7.553194991734901720e-03 4.245318900000000006e+00
6.702527263152302690e-03 1.895211024697195101e-02 9.997979264058682869e-01 2.346719999999999917e-01 2.299493063526501097e-02 9.995530806892992670e-01 -1.910162426629046992e-02 -9.960969999999999547e-02 -9.997131134947498943e-01 2.311831312440003686e-02 6.263729313766841500e-03 4.245559700000000269e+00
2.283514409650213000e-03 2.569160948570065398e-02 9.996673080400173550e-01 3.849579000000000195e-01 1.974525358662608879e-02 9.994738628101982325e-01 -2.573174148908138892e-02 -1.048816000000000054e-01 -9.998024357455530531e-01 1.979744330198571212e-02 1.775025623452108903e-03 4.246026999999999774e+00
2.201931768252242600e-05 2.526640814692642997e-02 9.996807531079623388e-01 4.621145999999999865e-01 1.642798326311519300e-02 9.995458388697983088e-01 -2.526336010862574588e-02 -1.078603999999999952e-01 -9.998650513349571778e-01 1.642329496246795750e-02 -3.930668127923864219e-04 4.246322199999999825e+00
-1.456205847570348020e-03 2.110438216688994076e-02 9.997762172195754360e-01 5.011434999999999640e-01 1.350654950096675903e-02 9.996864948630740377e-01 -2.108281548937455951e-02 -1.094215000000000049e-01 -9.999077220349423811e-01 1.347282604856661625e-02 -1.740796701981128791e-03 4.246730300000000291e+00
-1.733787458002240389e-03 1.575883985734864712e-02 9.998743185757902330e-01 5.401603999999999850e-01 1.213007656504007208e-02 9.998025896542854785e-01 -1.573667573252966745e-02 -1.109084000000000042e-01 -9.999249247936451424e-01 1.210126798872589865e-02 -1.924601124466573943e-03 4.246843799999999725e+00
-2.342774823909779102e-03 9.153490813169861545e-03 9.999553615097311887e-01 6.179084000000000243e-01 5.973353212804154329e-03 9.999403938082025434e-01 -9.139358954105288035e-03 -1.133361999999999981e-01 -9.999794150168888063e-01 5.951675111270537943e-03 -2.397312213781477297e-03 4.247387899999999661e+00
-5.104983613814117376e-04 2.706852830064883364e-02 9.996334499040437915e-01 6.934943000000000080e-01 1.109179396032534265e-02 9.995722401177856709e-01 -2.706120641533794891e-02 -1.160230000000000011e-01 -9.999383538489585721e-01 1.107391356065282918e-02 -8.105185293825201143e-04 4.247355500000000283e+00
1.234549560562349076e-03 2.634058288232623071e-02 9.996522643303527023e-01 7.698627999999999583e-01 1.430776086436623754e-02 9.995502349625855487e-01 -2.635556421874090532e-02 -1.191665999999999975e-01 -9.998968766159990196e-01 1.433532279578553226e-02 8.571195424247335382e-04 4.247253399999999957e+00
2.710168053226457742e-03 1.567124965247638710e-02 9.998735254638224657e-01 8.457409999999999650e-01 1.897373240093363014e-02 9.996963949926775950e-01 -1.571990195332268261e-02 -1.220829999999999971e-01 -9.998163093628256171e-01 1.901393628300241181e-02 2.412003135340512472e-03 4.247182399999999802e+00
2.302034652552443616e-03 1.650351307356690694e-02 9.998611577077535228e-01 8.832349999999999923e-01 1.767962146155616088e-02 9.997068590868974924e-01 -1.654167100344334021e-02 -1.233703000000000022e-01 -9.998410531786713351e-01 1.771524628224743422e-02 2.009583968085926209e-03 4.247720199999999835e+00
1.099177419693787329e-03 1.724097537807008085e-02 9.998507591520910953e-01 9.205997999999999681e-01 1.454830544016662286e-02 9.997452708611943573e-01 -1.725514994130252985e-02 -1.248671999999999976e-01 -9.998935636445609454e-01 1.456510070991600195e-02 8.480704512897618841e-04 4.248090300000000319e+00
-9.346244250901151280e-04 1.761857937153197759e-02 9.998443439546543798e-01 9.576377999999999835e-01 1.285178519752765147e-02 9.997624174210643089e-01 -1.760512225536418202e-02 -1.260384999999999978e-01 -9.999169756006850429e-01 1.283333056220161209e-02 -1.160832572177361577e-03 4.248286700000000415e+00
-1.285116162130807253e-02 1.600970125964797444e-02 9.997892463467290547e-01 1.140561600000000064e+00 7.121651803356523341e-03 9.998479206009361908e-01 -1.591910002405246341e-02 -1.327046000000000059e-01 -9.998920590346616066e-01 6.915571961946775405e-03 -1.296322274221839432e-02 4.248317199999999794e+00
-1.484603424990555559e-02 1.629767079749130931e-02 9.997569610628510572e-01 1.176646800000000104e+00 7.078110293457470434e-03 9.998438154985050952e-01 -1.619397925356699103e-02 -1.338953999999999978e-01 -9.998647386630473699e-01 6.835973666414006840e-03 -1.495907224087811294e-02 4.247861399999999676e+00
-1.673089917125327591e-02 1.712425224536652177e-02 9.997133774227283665e-01 1.212083199999999916e+00 6.646759147356364437e-03 9.998331401476482361e-01 -1.701506553999272003e-02 -1.352907999999999888e-01 -9.998379356704557575e-01 6.360176690177159718e-03 -1.684192823614139023e-02 4.247301600000000121e+00
-1.834037634925882523e-02 1.633978613034207245e-02 9.996982754734458076e-01 1.282728799999999891e+00 9.818388495814039940e-03 9.998211838839269339e-01 -1.616166774464088476e-02 -1.377265000000000017e-01 -9.997835915050377054e-01 9.519014978325225640e-03 -1.849752716255892437e-02 4.245640800000000326e+00
-2.117179666526612311e-02 1.522259036632313094e-02 9.996599560693144593e-01 1.352851699999999990e+00 8.563886612700131670e-03 9.998501560413038947e-01 -1.504411214612039194e-02 -1.403062999999999949e-01 -9.997391734207725644e-01 8.242463631667282936e-03 -2.129898873728985897e-02 4.244427700000000137e+00
-2.255039032122142101e-02 1.447336909543194688e-02 9.996409362783159613e-01 1.387147300000000083e+00 7.006135935539736098e-03 9.998729366546079689e-01 -1.431868027937635048e-02 -1.414484000000000019e-01 -9.997211581014046056e-01 6.680728457111385563e-03 -2.264892738451518284e-02 4.243905100000000097e+00
-2.340221315078374123e-02 1.306240262140585980e-02 9.996407905129729432e-01 1.420441999999999982e+00 5.675184172963467985e-03 9.999002607832370160e-01 -1.293293355034008489e-02 -1.426909000000000094e-01 -9.997100223085932935e-01 5.370486325357930538e-03 -2.347401057299147720e-02 4.243279000000000245e+00
-2.419034308467584576e-02 1.291295824160791812e-02 9.996239707064332736e-01 1.453376400000000013e+00 5.960380388551572359e-03 9.999006662437812665e-01 -1.277229465938564332e-02 -1.438542999999999905e-01 -9.996896024102027711e-01 5.649172921135564573e-03 -2.426490631009448062e-02 4.242690099999999909e+00
-2.439985344145017415e-02 1.527886639360725995e-02 9.995855157983045691e-01 1.485293999999999892e+00 6.161009003741109262e-03 9.998665116890159688e-01 -1.513277142147796683e-02 -1.451329000000000091e-01 -9.996832944088304140e-01 5.789217957995532876e-03 -2.449072957964404385e-02 4.241935299999999742e+00
-2.475573855143911248e-02 1.982889695761120771e-02 9.994968575509467490e-01 1.549352300000000016e+00 4.206553385711835763e-03 9.997964824221154956e-01 -1.973065242149169007e-02 -1.474312999999999874e-01 -9.996846794451669238e-01 3.715990017343512655e-03 -2.483411163712234693e-02 4.240537200000000340e+00
-2.526117528922392635e-02 2.078384665071254800e-02 9.994648091560834891e-01 1.581079600000000029e+00 4.820581849036864250e-03 9.997747631472185814e-01 -2.066845336641929404e-02 -1.486290999999999862e-01 -9.996692628132782810e-01 4.295892494322635716e-03 -2.535567577552177987e-02 4.240009299999999648e+00
-2.528305747338448900e-02 2.053640683023923164e-02 9.994693707159318929e-01 1.612612500000000004e+00 6.163311466103409651e-03 9.997731715061497493e-01 -2.038673903072132920e-02 -1.498725999999999947e-01 -9.996613329505996681e-01 5.644601937944043572e-03 -2.540389482722726910e-02 4.239235899999999724e+00
-2.552489517920050049e-02 1.995552609448439027e-02 9.994749905347222185e-01 1.644003700000000068e+00 6.586751617084818204e-03 9.997823933587729472e-01 -1.979344924308264891e-02 -1.510322000000000053e-01 -9.996524868319118795e-01 6.078067792975904923e-03 -2.565078288626554404e-02 4.238325599999999582e+00
-2.568577562192487021e-02 2.035674301330471503e-02 9.994627776683783216e-01 1.705873799999999996e+00 3.412556480544975956e-04 9.997927635162461302e-01 -2.035469393359076382e-02 -1.535179999999999878e-01 -9.996700077902119785e-01 -1.817537833316007490e-04 -2.568739944563180888e-02 4.237183599999999828e+00
-2.575085840851859889e-02 1.894234928295339404e-02 9.994889097408067302e-01 1.736663199999999962e+00 2.150771617613168180e-03 9.998191943119404401e-01 -1.889319631166352237e-02 -1.546601999999999977e-01 -9.996660779843801192e-01 1.663156356083656320e-03 -2.578694317405461067e-02 4.236537000000000219e+00
-2.661220030507636947e-02 1.833985178054536869e-02 9.994775838564816661e-01 1.767268700000000026e+00 2.477061654505114188e-03 9.998298318083949088e-01 -1.828036081581537603e-02 -1.557102999999999959e-01 -9.996427636713439702e-01 1.989286973828762253e-03 -2.665310069867077303e-02 4.235543700000000022e+00
-4.203871212153326847e-02 2.087306213292612275e-02 9.988979236940869200e-01 1.858306100000000072e+00 -1.190898145794823393e-03 9.997799911023027564e-01 -2.094161295329526051e-02 -1.594723000000000113e-01 -9.991152728513208459e-01 -2.069944123469740285e-03 -4.200460553982765521e-02 4.232909199999999927e+00
-6.207197925663465038e-02 2.480736979243666762e-02 9.977633305524640228e-01 1.949173599999999951e+00 -3.627605997764545356e-03 9.996788485959692272e-01 -2.508067272945963683e-02 -1.627129999999999965e-01 -9.980650829810093771e-01 -5.176299239667106131e-03 -6.196205338989757561e-02 4.227707399999999893e+00
-7.183791779489211160e-02 2.445644525864406824e-02 9.971164404683163784e-01 2.011008499999999977e+00 -5.720657906478222865e-03 9.996727987934082016e-01 -2.493129410341388824e-02 -1.650570000000000093e-01 -9.973999135953499628e-01 -7.495174305165818243e-03 -7.167450538457742493e-02 4.223188399999999731e+00
-7.587949840823490777e-02 2.351379447925745075e-02 9.968397078720843130e-01 2.042396300000000053e+00 -8.237217796077382637e-03 9.996730156233801790e-01 -2.420764502046698560e-02 -1.663841000000000070e-01 -9.970829704514541092e-01 -1.004804974331814302e-02 -7.566099875141185649e-02 4.221118500000000218e+00
-7.854871686174658141e-02 2.036808997993796999e-02 9.967021821938302217e-01 2.073982200000000109e+00 -7.538731244497096085e-03 9.997505378171376300e-01 -2.102450155336016424e-02 -1.674593000000000054e-01 -9.968817716312186050e-01 -9.165317502037292896e-03 -7.837557237105474695e-02 4.218787200000000404e+00
-8.165615862245419188e-02 1.435084383692939065e-02 9.965572362088354064e-01 2.138527199999999961e+00 -5.884943847676323350e-03 9.998719567252565277e-01 -1.488077922409630424e-02 -1.698433000000000026e-01 -9.966431854956588898e-01 -7.079790644833035794e-03 -8.156124919035412368e-02 4.213294999999999568e+00
-8.324534531147838312e-02 1.424266633346359459e-02 9.964272973677940071e-01 2.171339300000000083e+00 -6.759645790777312445e-03 9.998667860915841921e-01 -1.485655611739773556e-02 -1.706980999999999915e-01 -9.965061563647038545e-01 -7.972234730599955452e-03 -8.313798049414156122e-02 4.210976600000000403e+00
-8.414499841417506787e-02 2.171931035021405776e-02 9.962167890573764284e-01 2.237343099999999918e+00 4.810734605826330612e-04 9.997631945932498043e-01 -2.175599469169971212e-02 -1.728551999999999866e-01 -9.964534047361189861e-01 -1.351404680629523722e-03 -8.413552100739118966e-02 4.205323700000000109e+00
-8.455305782512426149e-02 2.605713400544355102e-02 9.960782128828257198e-01 2.270720700000000036e+00 7.725733290381514226e-03 9.996451052989776542e-01 -2.549463663051266399e-02 -1.742731999999999892e-01 -9.963890271663710108e-01 5.539785123842304662e-03 -8.472436086058465765e-02 4.201849000000000167e+00
-8.579998486953963055e-02 2.535309620056722113e-02 9.959897505042066834e-01 2.338340300000000038e+00 7.030726260292816110e-03 9.996666905533173608e-01 -2.484102828851492833e-02 -1.767623000000000111e-01 -9.962875746914842123e-01 4.871171442554028674e-03 -8.594963760329443758e-02 4.196097899999999825e+00
-8.560020746495294874e-02 1.828238643225849058e-02 9.961618135766387994e-01 2.405814900000000200e+00 9.174219039922873117e-03 9.998037052528716551e-01 -1.756088459151189385e-02 -1.793326000000000087e-01 -9.962873271235381800e-01 7.635791312657380300e-03 -8.575113121157651452e-02 4.189923799999999865e+00
-8.664982596501452639e-02 1.778486607029358679e-02 9.960800701746289620e-01 2.439184000000000019e+00 9.488989427173490782e-03 9.998100190062740866e-01 -1.702600876086455411e-02 -1.807132999999999934e-01 -9.961936391785900513e-01 7.976492558497555452e-03 -8.680212455107616520e-02 4.187116099999999896e+00
-9.046532999240884665e-02 1.955448504641865357e-02 9.957076107893992889e-01 2.505632400000000093e+00 7.688400141575798576e-03 9.997911335802751598e-01 -1.893614843444645784e-02 -1.831798000000000037e-01 -9.958699275370391790e-01 5.942333618853882365e-03 -9.059677752842343335e-02 4.181225300000000367e+00
-9.278765138075251162e-02 1.977174212222821553e-02 9.954895930971333629e-01 2.539060600000000001e+00 9.008135122351740298e-03 9.997785734590219908e-01 -1.901729617638532599e-02 -1.843777000000000055e-01 -9.956451703558159005e-01 7.202934519694971331e-03 -9.294521225670315800e-02 4.178127299999999877e+00
-9.460463628737650343e-02 2.001192886968269913e-02 9.953137623362032782e-01 2.572408900000000109e+00 9.583168968121048154e-03 9.997699145557247258e-01 -1.919064412069929060e-02 -1.855731999999999937e-01 -9.954687969321097674e-01 7.722736053604877492e-03 -9.477464683334202444e-02 4.174906700000000193e+00
-9.665843186115763430e-02 1.981732282936941869e-02 9.951203049209772500e-01 2.605860700000000030e+00 9.511121420599446749e-03 9.997745065202833237e-01 -1.898617079472626062e-02 -1.867467999999999906e-01 -9.952721668566165691e-01 7.629536552141010126e-03 -9.682512097867468359e-02 4.171656099999999867e+00
-1.002627386318765690e-01 2.205772854076105960e-02 9.947164620401424129e-01 2.706716099999999958e+00 6.352082315841113894e-03 9.997480439312577127e-01 -2.152904331076303801e-02 -1.904034000000000004e-01 -9.949407189839446497e-01 4.159960005339842157e-03 -1.003775893338009206e-01 4.161757500000000221e+00
-1.016463666272234001e-01 2.250995659431245799e-02 9.945658942501527378e-01 2.740733099999999922e+00 6.171750790321457736e-03 9.997390026161675491e-01 -2.199627559867225329e-02 -1.914937999999999918e-01 -9.948014503626669836e-01 3.902371349929054448e-03 -1.017587630338586679e-01 4.158399099999999571e+00
-1.028784119724108354e-01 2.066677306648433479e-02 9.944792189085971401e-01 2.775044900000000148e+00 6.453388240757779171e-03 9.997769606851485413e-01 -2.010926809659845799e-02 -1.926599999999999979e-01 -9.946730046252632018e-01 4.348950929277209734e-03 -1.029888367521731851e-01 4.155119400000000240e+00
-1.076835309648941086e-01 1.589856388551758037e-02 9.940580932849502060e-01 2.880206100000000102e+00 2.910976191353032393e-03 9.998728830083293273e-01 -1.567622538192845263e-02 -1.961193999999999993e-01 -9.941809610813042708e-01 1.205608141046730225e-03 -1.077161228993328557e-01 4.143950900000000104e+00
-1.095710812640543208e-01 1.640673977325991795e-02 9.938435475670395203e-01 2.915658000000000083e+00 4.052705751383168555e-03 9.998628278509359424e-01 -1.605929817963160783e-02 -1.972599999999999909e-01 -9.939707006379607801e-01 2.268120795315898414e-03 -1.096225428520025691e-01 4.140031800000000040e+00
-1.120204529579106323e-01 1.796957557848396364e-02 9.935434124750833762e-01 2.950993800000000000e+00 3.283267652472404534e-03 9.998377175912162018e-01 -1.771323334429899046e-02 -1.981870000000000021e-01 -9.937004771421954485e-01 1.277824524928951322e-03 -1.120612729351970760e-01 4.136236700000000432e+00
