9.992659412357598470e-01 4.467024556782372806e-03 -3.804765929488893722e-02 -4.860192999999999874e-01 -4.337346636909354854e-03 9.999845029704654831e-01 3.490163758687230347e-03 3.652819999999999678e-02 3.806266031640637842e-02 -3.322575886306573627e-03 9.992698306158940280e-01 -9.948329000000000200e-01
9.991166538644676853e-01 2.085599339475883648e-03 -4.197096908655675168e-02 -4.884583000000000119e-01 -2.071082447295264327e-03 9.999977795063528241e-01 3.893582672113371176e-04 3.580450000000000299e-02 4.197168793563144790e-02 -3.020889917195185704e-04 9.991187547804690761e-01 -9.392559000000000324e-01
9.990479591759067191e-01 -2.586450898771261420e-04 -4.362463030414527598e-02 -4.897279999999999966e-01 1.916475948560672125e-04 9.999987959157392581e-01 -1.539947489671582423e-03 3.544780000000000153e-02 4.362497607627141560e-02 1.530120841320180671e-03 9.990468058066928059e-01 -9.113284999999999858e-01
9.987993064592524117e-01 -1.783724121774536838e-03 -4.895675382185522145e-02 -4.953941000000000039e-01 1.560063232030044688e-03 9.999881737062538134e-01 -4.606370625910431379e-03 3.373149999999999760e-02 4.896439133930293591e-02 4.524464154856588233e-03 9.987902770876792014e-01 -7.955280999999999603e-01
9.986690114468484980e-01 1.375900912140675704e-03 -5.155882535952746593e-02 -4.989973999999999799e-01 -2.018903051157826516e-03 9.999208154210940114e-01 -1.242122852556683948e-02 3.297549999999999787e-02 5.153765231599424790e-02 1.250878828241569485e-02 9.985927100722602479e-01 -7.354726999999999792e-01
9.986022457413165077e-01 2.906780057830051812e-03 -5.277409809835322679e-02 -5.009439999999999449e-01 -3.564431589381854802e-03 9.999171133363563557e-01 -1.237179390924108245e-02 3.268750000000000128e-02 5.273376174562009050e-02 1.254261084397979321e-02 9.985298359515215605e-01 -7.041977999999999849e-01
9.985331752729359467e-01 5.812332575471891409e-03 -5.383042512724905276e-02 -5.032343000000000233e-01 -6.115243456247753361e-03 9.999663729850674088e-01 -5.464128161002341187e-03 3.235659999999999925e-02 5.379685564063272502e-02 5.785299397710380077e-03 9.985351414116879765e-01 -6.722365999999999620e-01
9.982711883210273474e-01 1.226482914542985359e-02 -5.748224538200819023e-02 -5.114566999999999863e-01 -1.208141132211650731e-02 9.999207603343105433e-01 3.537308711463682098e-03 3.084490000000000148e-02 5.752107499508178623e-02 -2.836726720672298665e-03 9.983402620914987313e-01 -5.383712999999999971e-01
9.982186040365339519e-01 1.109039746851611316e-02 -5.862270583437596133e-02 -5.137091999999999770e-01 -1.125282371063452899e-02 9.999337048032456154e-01 -2.441302314998831068e-03 3.112200000000000036e-02 5.859174441754424340e-02 3.096624363103910732e-03 9.982772252253694356e-01 -5.032575999999999716e-01
9.981536653673576120e-01 8.455236428873644586e-03 -6.014789514721961133e-02 -5.184665000000000523e-01 -7.965443341436879640e-03 9.999331759691090227e-01 8.378264062751532987e-03 3.181780000000000025e-02 6.021471602593036349e-02 -7.883690332749188068e-03 9.981543144227017494e-01 -4.285000999999999949e-01
9.981028453382372323e-01 5.736466014082794787e-03 -6.130092238608046695e-02 -5.258937000000000195e-01 -4.716612080557168810e-03 9.998482720152850334e-01 1.676861707268030577e-02 3.259469999999999729e-02 6.138781392260625469e-02 -1.644767174155407213e-02 9.979784618898774884e-01 -3.112017000000000255e-01
9.981592928823280753e-01 7.103801175686822594e-03 -6.022924573251036556e-02 -5.314480999999999788e-01 -6.440156071124639864e-03 9.999164757162072315e-01 1.120562274303088003e-02 3.381699999999999984e-02 6.030381764391342519e-02 -1.079711073092635108e-02 9.981216719305485707e-01 -2.281619000000000008e-01
9.982427988587709855e-01 4.050795555683532438e-03 -5.911772646147120391e-02 -5.341031000000000528e-01 -3.720557965383023292e-03 9.999768613489722346e-01 5.695104484066492931e-03 3.364949999999999886e-02 5.913942826096227345e-02 -5.465146111886112074e-03 9.982347720866781016e-01 -1.863164999999999960e-01
9.983447814154645661e-01 1.218359673445240350e-03 -5.749967843574841503e-02 -5.396729999999999583e-01 -1.577269254854351014e-03 9.999795546850315242e-01 -6.196969712988794829e-03 3.324049999999999921e-02 5.749095269871633967e-02 6.277404848512770780e-03 9.983262916232156226e-01 -1.004860999999999949e-01
9.983251623018389864e-01 7.078300214468023245e-03 -5.741748846022905195e-02 -5.530173000000000449e-01 -7.664929236259921362e-03 9.999205901471656111e-01 -1.000311249297252021e-02 3.078610000000000027e-02 5.734212391261594988e-02 1.042645988904177153e-02 9.983001401178767109e-01 8.152879999999999849e-02
9.982788359440163406e-01 1.223169376295813425e-02 -5.735635425956666505e-02 -5.600800999999999696e-01 -1.287350348963200476e-02 9.998584414759348338e-01 -1.083373976136554895e-02 2.899320000000000022e-02 5.721571999164331429e-02 1.155347034460950731e-02 9.982949858177362357e-01 1.763563999999999965e-01
9.982289092666934982e-01 1.341905372470693705e-02 -5.795665364184598295e-02 -5.663875999999999911e-01 -1.407272687171617909e-02 9.998417222548157124e-01 -1.088525594177752222e-02 2.674179999999999960e-02 5.780141055909922970e-02 1.168158532294972206e-02 9.982597545237016368e-01 2.730865000000000098e-01
9.981641997037677960e-01 1.520347968268319881e-02 -5.862665464850435465e-02 -5.732182000000000111e-01 -1.568766909925274275e-02 9.998464586368845941e-01 -7.807444493103067248e-03 2.451570000000000138e-02 5.849895270831016042e-02 8.712827142711715087e-03 9.982494473703514837e-01 3.711549000000000098e-01
9.981277258232990057e-01 1.555953107846170559e-02 -5.915187178295795017e-02 -5.807592999999999783e-01 -1.604300042435089294e-02 9.998415978215873245e-01 -7.707230563532722900e-03 2.248839999999999867e-02 5.902258110412818976e-02 8.641774018889884085e-03 9.982192417808890550e-01 4.701161999999999841e-01
9.980745177331281637e-01 1.705761870229396959e-02 -5.963467695888711312e-02 -5.881986000000000159e-01 -1.755660127616975180e-02 9.998150281048855392e-01 -7.853364072590737072e-03 2.056969999999999979e-02 5.948968652979493704e-02 8.885224804934043624e-03 9.981893758083946189e-01 5.709321000000000534e-01
9.980495824281957473e-01 1.641487170258237871e-02 -6.022941973729961651e-02 -5.914116999999999846e-01 -1.674602131332485894e-02 9.998472863767373653e-01 -4.997468884161442547e-03 1.944720000000000129e-02 6.013818907381336676e-02 5.996324879645236784e-03 9.981720504516543579e-01 6.220925999999999956e-01
9.979228379439291086e-01 1.700907903550409259e-02 -6.213453741920502843e-02 -6.064182000000000183e-01 -1.704722139536278200e-02 9.998546820550242575e-01 -8.375764980856530498e-05 1.617789999999999853e-02 6.212408351542982737e-02 1.142804887280118821e-03 9.980677793839241030e-01 8.273749999999999716e-01
9.978536754020898014e-01 1.730081061276556725e-02 -6.315634915574197539e-02 -6.104842000000000324e-01 -1.737416282588045979e-02 9.998488703024950297e-01 -6.123895200580711188e-04 1.556599999999999998e-02 6.313620952069079473e-02 1.708363827087687253e-03 9.980034571785779685e-01 8.794148999999999994e-01
9.977660273686066450e-01 1.719145407913835397e-02 -6.455546867395429989e-02 -6.179651999999999923e-01 -1.705418410183772229e-02 9.998509834766428073e-01 2.676872318739333817e-03 1.391329999999999997e-02 6.459186816999214209e-02 -1.569951411695501243e-03 9.979105299669280837e-01 9.830440999999999763e-01
9.976655553981836899e-01 1.836302883318362972e-02 -6.577414951259492881e-02 -6.255104999999999693e-01 -1.805920109371634413e-02 9.998233403300218480e-01 5.210891207259589313e-03 1.228390000000000037e-02 6.585821761853442868e-02 -4.010898077594033349e-03 9.978209297608067185e-01 1.086531499999999983e+00
9.976005586235395795e-01 2.060421752110788360e-02 -6.609532248461007231e-02 -6.342668999999999668e-01 -2.082285252337367012e-02 9.997797463569624288e-01 -2.620608173242022255e-03 1.095669999999999977e-02 6.602676916820603148e-02 3.990613330141515314e-03 9.978098720490079510e-01 1.189675700000000003e+00
9.975848766304008519e-01 2.079380755938297493e-02 -6.627240364956746288e-02 -6.378032999999999619e-01 -2.102525661187096967e-02 9.997750330380201778e-01 -2.796765673198627587e-03 9.924399999999999888e-03 6.619933914105813333e-02 4.183405432079643181e-03 9.977976481312621493e-01 1.241961599999999999e+00
9.975926964072940883e-01 2.248338187537998398e-02 -6.559961596130020611e-02 -6.457437999999999789e-01 -2.238957373734215203e-02 9.997469780468973832e-01 2.164918926113982428e-03 7.978900000000000575e-03 6.563169251729195075e-02 -6.909598702983729690e-04 9.978436768912118948e-01 1.344999300000000009e+00
9.976204108631687717e-01 2.085879167776579293e-02 -6.571473684757488110e-02 -6.493657000000000457e-01 -2.069763215586096702e-02 9.997808742368269330e-01 3.132336729480158025e-03 7.507400000000000011e-03 6.576567381501628728e-02 -1.764743604535481611e-03 9.978335341266434400e-01 1.397342800000000107e+00
9.976773048701893520e-01 1.992624018071289388e-02 -6.513785611467320935e-02 -6.579066999999999554e-01 -1.992699621760861406e-02 9.998012340400003195e-01 6.381487569808084971e-04 5.986400000000000228e-03 6.513762483157287120e-02 6.613352804493527427e-04 9.978760706956291138e-01 1.500070900000000096e+00
9.976905160265322481e-01 1.990704082939380795e-02 -6.494108065106839189e-02 -6.614343999999999779e-01 -2.004504932078888732e-02 9.997979909614839178e-01 -1.474200497731016721e-03 5.125399999999999574e-03 6.489861499630682207e-02 2.772543019903823524e-03 9.978880111399093256e-01 1.551771400000000023e+00
9.977070439520889789e-01 1.858209856262115975e-02 -6.507964398637618164e-02 -6.649950999999999501e-01 -1.886912186514806342e-02 9.998147469748637217e-01 -3.798416989670317691e-03 4.017800000000000191e-03 6.499700522656891299e-02 5.017703119780747047e-03 9.978728435862853630e-01 1.603420700000000032e+00
9.977818973105835321e-01 1.501807350138916614e-02 -6.485169903401961922e-02 -6.722177000000000291e-01 -1.563336793006796926e-02 9.998373695802393879e-01 -8.990672835266024648e-03 1.837499999999999941e-03 6.470612958951656168e-02 9.984581071559320287e-03 9.978544106904424504e-01 1.706659099999999984e+00
9.978560719030525883e-01 1.243452384919001980e-02 -6.425451254856660854e-02 -6.800140999999999547e-01 -1.250649397890863518e-02 9.999215329852541023e-01 -7.179698984455790524e-04 -3.753000000000000151e-04 6.424054307495773164e-02 1.520029296913896679e-03 9.979332854135947173e-01 1.810240300000000024e+00
9.979023585332194024e-01 9.753474418023405645e-03 -6.399806692873637182e-02 -6.868900999999999479e-01 -9.401999895438724331e-03 9.999390324865515822e-01 5.790829631869118602e-03 -1.791000000000000057e-03 6.405064583440379933e-02 -5.176972728933987994e-03 9.979332210732136943e-01 1.913591700000000007e+00
9.979536265653298210e-01 4.867889014611069542e-03 -6.375627719407338245e-02 -6.945232999999999546e-01 -4.902308806277561395e-03 9.999879100980892943e-01 -3.834397259905711667e-04 -2.935699999999999855e-03 6.375363984490599323e-02 6.952080242654859986e-04 9.979654252990576291e-01 2.016056499999999918e+00
9.979270240122395386e-01 6.846125737588846551e-03 -6.399050951867961412e-02 -6.980857000000000312e-01 -7.128991647101116068e-03 9.999657968983829415e-01 -4.193150543157389380e-03 -4.039100000000000329e-03 6.395961400892492821e-02 4.640646050620770603e-03 9.979416977860290361e-01 2.067396399999999801e+00
9.979441494306060534e-01 1.009154245095966566e-02 -6.329008917820261315e-02 -7.060184000000000459e-01 -1.072109490050852758e-02 9.998962959555125485e-01 -9.615376153870178882e-03 -5.872500000000000116e-03 6.318649176334012463e-02 1.027414742967046671e-02 9.979488509704467214e-01 2.169684600000000074e+00
9.979498136274258524e-01 1.420367339940225085e-02 -6.240532944347847860e-02 -7.104112999999999678e-01 -1.460579710268923928e-02 9.998753739623306158e-01 -5.992264570629025552e-03 -6.908199999999999757e-03 6.231243994565646011e-02 6.891458891443389204e-03 9.980328990681451851e-01 2.220794900000000016e+00
9.979541576509708412e-01 1.284043791872460476e-02 -6.263084209234834332e-02 -7.253891000000000089e-01 -1.293676064342039363e-02 9.999156751069150362e-01 -1.132651551487783102e-03 -1.086709999999999933e-02 6.261101701135465825e-02 1.940574538021625113e-03 9.980361189452344739e-01 2.425530000000000186e+00
9.979344639291496399e-01 1.041571287579897559e-02 -6.339020924188315531e-02 -7.332463000000000175e-01 -1.025159020679123137e-02 9.999432057324143530e-01 2.913796117543713659e-03 -1.286329999999999939e-02 6.341695830511612231e-02 -2.257927118289286637e-03 9.979845645922865716e-01 2.527946899999999886e+00
9.979137938245804529e-01 9.697915859418681714e-03 -6.382797601848642921e-02 -7.369736999999999538e-01 -9.619997871328967234e-03 9.999525593495099951e-01 1.527969672599201276e-03 -1.369279999999999976e-02 6.383976609910525790e-02 -9.107570194032952628e-04 9.979597460749923821e-01 2.578841000000000161e+00
9.978060591911181998e-01 1.016698244576788417e-02 -6.541942150033154546e-02 -7.451950000000000518e-01 -1.048761657276375998e-02 9.999346076005358741e-01 -4.559651454345426368e-03 -1.524610000000000028e-02 6.536878567109292992e-02 5.235741658052955362e-03 9.978474376723011074e-01 2.679326300000000050e+00
9.976301354495393792e-01 1.529831024206013655e-02 -6.708259496077395578e-02 -7.562955999999999568e-01 -1.494525093636051190e-02 9.998717124720586380e-01 5.761776864994892257e-03 -1.830270000000000161e-02 6.716213455052477688e-02 -4.745556019103877067e-03 9.977307890311326588e-01 2.830672499999999925e+00
9.975436386532309241e-01 1.582720847658935365e-02 -6.823626934637347374e-02 -7.641879999999999784e-01 -1.556063942633049112e-02 9.998690841063875290e-01 4.436344091424122664e-03 -1.972020000000000023e-02 6.829755107700405392e-02 -3.363646844180095269e-03 9.976593258205886938e-01 2.929572299999999796e+00
9.973656118984541852e-01 1.232950205103262170e-02 -7.148300204661076074e-02 -7.798637000000000485e-01 -1.197839910340835548e-02 9.999140065018443657e-01 5.338310252235116231e-03 -2.276939999999999867e-02 7.154267368041009045e-02 -4.467995143600207893e-03 9.974275326368604588e-01 3.123220700000000072e+00
9.972723756472511303e-01 1.049703257147376924e-02 -7.305902461764483824e-02 -7.875415999999999528e-01 -9.836481313563556414e-03 9.999074818529370967e-01 9.395284449465527571e-03 -2.440849999999999964e-02 7.315088793894529429e-02 -8.651013912361518732e-03 9.972833637196762968e-01 3.216305699999999934e+00
9.963078074030449205e-01 7.980699361748470541e-03 -8.548135086341665523e-02 -8.040133999999999892e-01 -7.261476833213485402e-03 9.999356017595725232e-01 8.721426943011941976e-03 -2.700280000000000041e-02 8.554544910126932189e-02 -8.068504906051576428e-03 9.963015985968520782e-01 3.387163900000000005e+00
9.959990061602914668e-01 9.577262465905542893e-03 -8.884962448638035470e-02 -8.077752999999999739e-01 -8.762973930299497449e-03 9.999159970649593721e-01 9.550345621235351370e-03 -2.746650000000000133e-02 8.893362702380093465e-02 -8.733547804146651536e-03 9.959992646217887824e-01 3.427851200000000098e+00
9.957127757997782380e-01 1.083135722370170625e-02 -9.186266820527859422e-02 -8.119260000000000366e-01 -9.882929861394353782e-03 9.998931289494918939e-01 1.077303935524512139e-02 -2.810669999999999835e-02 9.196953738306666570e-02 -9.818980613458065318e-03 9.957134084731696921e-01 3.467005700000000079e+00
9.942762628983827788e-01 1.827116786246900729e-02 -1.052657468589262846e-01 -8.317069000000000267e-01 -1.743135041699304597e-02 9.998085160802910876e-01 8.892648422506822456e-03 -3.066659999999999872e-02 1.054080692331761937e-01 -7.006825120394853321e-03 9.944043661118279198e-01 3.643451199999999890e+00
9.939458242266251409e-01 2.065857278344400416e-02 -1.079116391915434375e-01 -8.353684999999999583e-01 -2.020254932542232817e-02 9.997817665522528152e-01 5.317543644439030881e-03 -3.117970000000000116e-02 1.079979421248784127e-01 -3.105260086978669804e-03 9.941462678381806084e-01 3.674646599999999985e+00
9.942612445491946227e-01 3.345518327495757005e-02 -1.016136226080225219e-01 -8.522186999999999957e-01 -3.308463773063637092e-02 9.994383401877934281e-01 5.330188448940233539e-03 -3.377999999999999753e-02 1.017348727512802226e-01 -1.937749908441030195e-03 9.948096605841607598e-01 3.811892499999999906e+00
9.958479940097496597e-01 3.416475148266961970e-02 -8.437738193902988293e-02 -8.567350999999999717e-01 -3.348277149766187843e-02 9.993942873928898241e-01 9.484847879289187711e-03 -3.448049999999999726e-02 8.465032096568131381e-02 -6.620278135042286655e-03 9.963887268921812757e-01 3.859102500000000102e+00
9.339814375505910427e-01 1.631348951010786960e-02 3.569489380442740223e-01 -8.173892999999999853e-01 -1.184221847465650838e-02 9.998216956643134479e-01 -1.470845812909796213e-02 -4.213709999999999678e-02 -3.571252387784009108e-01 9.510359558950666481e-03 9.340080925176877935e-01 4.134008900000000430e+00
8.942820257605695877e-01 1.450826459216922326e-02 4.472685643549024759e-01 -8.004037000000000512e-01 -8.701567140045399218e-03 9.998491131914661878e-01 -1.503441317597360195e-02 -4.326660000000000228e-02 -4.474192006730144389e-01 9.553068028765170430e-03 8.942733350382078283e-01 4.162502299999999877e+00
8.447104075828130165e-01 1.703336180470138572e-02 5.349525136934194514e-01 -7.807866999999999447e-01 -6.672643742009340927e-03 9.997509343872820198e-01 -2.129659637709143891e-02 -4.474849999999999661e-02 -5.351820280491210724e-01 1.441990906305100698e-02 8.446136768226306657e-01 4.188854700000000264e+00
6.287612820501657929e-01 2.823295164480133651e-02 7.770856777962480422e-01 -7.043770999999999782e-01 -5.909329077679379913e-03 9.994852821841232471e-01 -3.153173841029355967e-02 -4.873029999999999723e-02 -7.775759319992379126e-01 1.523388127647707334e-02 6.286044852184642373e-01 4.255148900000000012e+00
5.836589079530282165e-01 2.704142143067347209e-02 8.115485448783006373e-01 -6.883879999999999999e-01 -4.921800275627642718e-03 9.995447804318617901e-01 -2.976588304532626350e-02 -4.920809999999999768e-02 -8.119840238878628380e-01 1.337884294062545269e-02 5.835263074724607035e-01 4.264778599999999642e+00
5.371252068864676987e-01 2.457570967864296241e-02 8.431444399513999821e-01 -6.716908000000000323e-01 -2.764509638820999635e-03 9.996213975268551932e-01 -2.737551995695828785e-02 -4.970329999999999887e-02 -8.434979962119802943e-01 1.237320088934186144e-02 5.369897897410396137e-01 4.273222900000000379e+00
4.874495051912920984e-01 2.074157761024417179e-02 8.729047868164102608e-01 -6.545079000000000313e-01 -5.053670719628398228e-04 9.997243481469783033e-01 -2.347279970992119380e-02 -5.079970000000000319e-02 -8.731510318913257018e-01 1.100066726783963285e-02 4.873256209422763829e-01 4.280934300000000192e+00
2.505878564252248530e-01 3.221369827000987451e-02 9.675577522070607506e-01 -5.588001999999999692e-01 3.660948436053088409e-03 9.994075420648749208e-01 -3.422224890906339079e-02 -5.497180000000000122e-02 -9.680869401395516549e-01 1.211785903590617379e-02 2.503214609729387252e-01 4.306983500000000298e+00
2.158899254183312688e-01 3.187260935186462391e-02 9.758973700527994177e-01 -5.373143999999999698e-01 1.150822536496397958e-02 9.993146137646218286e-01 -3.518328389184102734e-02 -5.582609999999999656e-02 -9.763498864914238462e-01 1.882656340302479858e-02 2.153751602637019591e-01 4.309972799999999715e+00
1.855417479844867212e-01 3.314958187278228829e-02 9.820770667195733994e-01 -5.148987999999999898e-01 1.593439445959258377e-02 9.991978877554406058e-01 -3.673793922190175809e-02 -5.654379999999999823e-02 -9.825071780033304281e-01 2.246522483140880183e-02 1.848647041628199705e-01 4.313115599999999716e+00
1.323558495380172118e-01 2.870010365158837118e-02 9.907866738826569541e-01 -4.594757999999999898e-01 7.876493244400978658e-03 9.995187074368744318e-01 -3.000523850748116478e-02 -5.902310000000000195e-02 -9.911709690801286943e-01 1.177529337672776621e-02 1.320660914794230534e-01 4.322356700000000274e+00
1.083673175237114122e-01 2.488092703020639007e-02 9.937995089367028800e-01 -4.343697999999999726e-01 3.096743402395449318e-03 9.996734432300664608e-01 -2.536566736442698311e-02 -6.006870000000000265e-02 -9.941060982978697780e-01 5.826351402085266570e-03 1.082548795959081822e-01 4.324950699999999593e+00
8.582198745028445097e-02 2.215327670343688118e-02 9.960641639981756557e-01 -4.072490999999999750e-01 7.555744160688250555e-03 9.997095432362681500e-01 -2.288536415507209237e-02 -6.129769999999999663e-02 -9.962818362292177321e-01 9.490073426111828025e-03 8.562967538246046839e-02 4.326804199999999767e+00
6.561781401631539001e-02 2.255536933626313759e-02 9.975898745465616724e-01 -3.792188000000000225e-01 1.519074032798090404e-02 9.996060596556968214e-01 -2.360014635334357555e-02 -6.261780000000000124e-02 -9.977291936652989968e-01 1.670271875223139010e-02 6.524933175348046621e-02 4.327911900000000145e+00
4.865353365024820131e-02 2.492678750379520927e-02 9.985046263929300281e-01 -3.498798000000000186e-01 2.040867279007984106e-02 9.994550242072915980e-01 -2.594495445649558710e-02 -6.367989999999999762e-02 -9.986071899091713000e-01 2.164046791413749490e-02 4.811829600230632664e-02 4.328766299999999845e+00
1.466382711593705590e-02 2.941558594469106946e-02 9.994597017778377168e-01 -1.930256999999999945e-01 2.845014904602128497e-02 9.991502012090343054e-01 -2.982389047735609783e-02 -6.950270000000000059e-02 -9.994876493451898547e-01 2.887210985495605731e-02 1.381448800898044116e-02 4.331553500000000057e+00
1.658906913771188152e-02 2.910653010201430524e-02 9.994386487876903979e-01 -1.592185999999999879e-01 2.715069065285965338e-02 9.991944920452523471e-01 -2.955007721652827893e-02 -7.083459999999999757e-02 -9.994936932178294375e-01 2.762565785371634206e-02 1.578544411578164386e-02 4.332411300000000409e+00
1.793878916551249272e-02 2.951962627876572598e-02 9.994032176792495559e-01 -1.237251000000000045e-01 2.349191219095792676e-02 9.992756749423644669e-01 -2.993752712056085147e-02 -7.235550000000000315e-02 -9.995630694983121955e-01 2.401493562023429562e-02 1.723232318256562312e-02 4.334038699999999800e+00
1.994012733891821487e-02 3.163138647372273904e-02 9.993006788306800781e-01 -5.000059999999999921e-02 2.220553943048284018e-02 9.992388440498873869e-01 -3.207252033199276681e-02 -7.540070000000000106e-02 -9.995545534588440306e-01 2.282954076618291112e-02 1.922255779276504928e-02 4.336813900000000110e+00
2.074658943897925850e-02 3.117494578456302123e-02 9.992986049134562343e-01 -9.517400000000000512e-03 2.178868362790229579e-02 9.992622471885086455e-01 -3.162616969433607039e-02 -7.719689999999999885e-02 -9.995473136837562667e-01 2.242953631043929918e-02 2.005202255347493523e-02 4.339917200000000364e+00
2.143271350833372488e-02 2.990631948988173305e-02 9.993228961883336980e-01 2.831799999999999942e-02 2.082983075852075372e-02 9.993221758272459176e-01 -3.035304021791505880e-02 -7.878590000000000593e-02 -9.995532786911568435e-01 2.146627481581529773e-02 2.079524232344553969e-02 4.340862800000000021e+00
2.202737374914141150e-02 2.855698222457154350e-02 9.993494351686705857e-01 6.725009999999999322e-02 2.131949788885132563e-02 9.993512470859138297e-01 -2.902695226157965894e-02 -8.045120000000000049e-02 -9.995300264701819648e-01 2.194501569956753759e-02 2.140426290398322884e-02 4.341585199999999922e+00
1.947867829443467383e-02 2.363020146612215475e-02 9.995309873488525954e-01 1.874315000000000009e-01 1.906732183419590845e-02 9.995300659539932964e-01 -2.400176018706150563e-02 -8.532449999999999757e-02 -9.996284401366203332e-01 1.952590158421611474e-02 1.901895994397151402e-02 4.345078899999999855e+00
1.698488169806940118e-02 1.911875422984077658e-02 9.996729400310891966e-01 2.678843000000000196e-01 2.269110719594410672e-02 9.995522930193825317e-01 -1.950197871798589611e-02 -8.836170000000000135e-02 -9.995982330156075735e-01 2.301492464453330777e-02 1.654345174628601978e-02 4.345935800000000349e+00
1.526209966658956772e-02 1.838745938720585602e-02 9.997144440544266653e-01 3.089948000000000139e-01 1.972468828954910755e-02 9.996307973170204253e-01 -1.868704704382301643e-02 -8.998349999999999405e-02 -9.996889541180534744e-01 2.000425936199052082e-02 1.489377795359536627e-02 4.346787499999999582e+00
1.358315652074946513e-02 2.776251684623023269e-02 9.995222561390495475e-01 3.916494999999999838e-01 1.834639217156119190e-02 9.994392807699676862e-01 -2.800953316813699356e-02 -9.298839999999999884e-02 -9.997394199256226521e-01 1.871808516842657366e-02 1.306619816195320194e-02 4.348231799999999758e+00
1.130464675314125575e-02 2.751721659081264593e-02 9.995574059316857385e-01 4.758720000000000172e-01 1.502785784445913146e-02 9.995037096495060780e-01 -2.768569821193994640e-02 -9.626120000000000509e-02 -9.998231685905228927e-01 1.533418364211775603e-02 1.088551154684003208e-02 4.349386199999999647e+00
9.664154860807374486e-03 1.783317120924447774e-02 9.997942698952861917e-01 5.609973999999999794e-01 1.073584644381469708e-02 9.997814840107360768e-01 -1.793671738153597775e-02 -1.000039000000000067e-01 -9.998956674133363531e-01 1.090698097147131847e-02 9.470588900738818872e-03 4.351189100000000032e+00
9.064881866313736353e-03 1.129811878520028609e-02 9.998950847107238582e-01 6.459730999999999668e-01 4.452416210362585697e-03 9.999258007011695426e-01 -1.133883071637958352e-02 -1.027655999999999986e-01 -9.999490006528531927e-01 4.554734244774009608e-03 9.013905331209492999e-03 4.352824199999999699e+00
1.079701871793966803e-02 2.911481963857601510e-02 9.995177595541852034e-01 7.286369999999999791e-01 9.553273980589287867e-03 9.995274013595948359e-01 -2.921829713702252598e-02 -1.060056999999999944e-01 -9.998960742712498240e-01 9.864137506580657883e-03 1.051377421267041257e-02 4.354023500000000269e+00
1.256995234275049868e-02 2.857234693705688888e-02 9.995126899087422023e-01 8.120361999999999858e-01 1.295263789959097411e-02 9.995031419755187052e-01 -2.873496741790841982e-02 -1.095132999999999940e-01 -9.998370994664796951e-01 1.330752311944769298e-02 1.219361959724452049e-02 4.355061100000000351e+00
1.383872514996599586e-02 1.793926482772068356e-02 9.997433032852305335e-01 8.947680999999999552e-01 1.759415010913173774e-02 9.996798851424845145e-01 -1.818166998507813464e-02 -1.128556000000000004e-01 -9.997494363930199412e-01 1.784124488229044125e-02 1.351866905021004150e-02 4.356319000000000052e+00
1.222163053607463676e-02 1.947014654539720377e-02 9.997357376529762973e-01 9.762655000000000083e-01 1.316785208916866103e-02 9.997205801231940914e-01 -1.963082651092339440e-02 -1.161900000000000016e-01 -9.998386066852977816e-01 1.340429303040460360e-02 1.196183555971164214e-02 4.358184299999999567e+00
8.317331298104966783e-03 1.970241525093262974e-02 9.997712922630644927e-01 1.056854100000000019e+00 1.138429196240369444e-02 9.997392144022069216e-01 -1.979649168345130189e-02 -1.192919999999999953e-01 -9.999006050086142183e-01 1.154634226662380574e-02 8.090864210309245408e-03 4.359089400000000225e+00
5.803776962386849973e-03 1.991204536963678273e-02 9.997848901749659678e-01 1.097035200000000099e+00 9.425043030303763975e-03 9.997562302547199353e-01 -1.996618718604999468e-02 -1.207947999999999938e-01 -9.999387404920603295e-01 9.538894908163678826e-03 5.614690292724877629e-03 4.359633399999999881e+00
3.585760684641624112e-03 2.040749434306209434e-02 9.997853152026940915e-01 1.136934600000000017e+00 8.061229662115858285e-03 9.997586669344084020e-01 -2.043586224922826905e-02 -1.222730000000000067e-01 -9.999610786908894600e-01 8.132777150069844460e-03 3.420385823295402083e-03 4.360245700000000113e+00
-3.118748096862650893e-03 1.828521345555658706e-02 9.998279473885460789e-01 1.255406599999999928e+00 6.188894153264538553e-03 9.998140144463286694e-01 -1.826565372156858935e-02 -1.270769999999999955e-01 -9.999759852113789815e-01 6.130863365081365597e-03 -3.231333305417360968e-03 4.361140699999999981e+00
-4.726390461465875513e-03 1.950740017816285019e-02 9.997985409928819012e-01 1.294074699999999911e+00 6.176647972283469401e-03 9.997912053421925682e-01 -1.947805791736653344e-02 -1.283432999999999935e-01 -9.999697546691262984e-01 6.083342723767135897e-03 -4.845893960141789414e-03 4.360912800000000367e+00
-5.855999272125928315e-03 1.999098755894971463e-02 9.997830103022068426e-01 1.332964899999999897e+00 6.747696872218052200e-03 9.997781811508312799e-01 -1.995136791441771279e-02 -1.296071000000000029e-01 -9.999600871332042784e-01 6.629397495528203087e-03 -5.989593425330674847e-03 4.360831700000000311e+00
-8.056356797925486729e-03 1.768583813783916256e-02 9.998111352873134683e-01 1.409253499999999937e+00 8.863456361502500269e-03 9.998055685517573954e-01 -1.761431901110473153e-02 -1.328302000000000094e-01 -9.999282645552490800e-01 8.719875128657433860e-03 -8.211548043356997617e-03 4.359966799999999587e+00
-1.093230663093089534e-02 1.635949300622455832e-02 9.998064070910460677e-01 1.484397200000000083e+00 5.889312875999135923e-03 9.998498700492959301e-01 -1.629580793500197064e-02 -1.357362000000000013e-01 -9.999228973603794257e-01 5.710021977643532122e-03 -1.102701153708174342e-02 4.359939100000000067e+00
-1.184902206938313884e-02 1.520617116008046027e-02 9.998141692507910294e-01 1.520821500000000048e+00 4.853182376348508069e-03 9.998734607691394105e-01 -1.514955677127842286e-02 -1.370777999999999996e-01 -9.999180202880738610e-01 4.672773073307210853e-03 -1.192132102512988290e-02 4.359666800000000286e+00
-1.288762643133966115e-02 1.732770334270406984e-02 9.997668027004263935e-01 1.591200500000000018e+00 4.986327205362778466e-03 9.998385208274492841e-01 -1.726466943150840178e-02 -1.399450000000000138e-01 -9.999045182546016930e-01 4.762663797229847555e-03 -1.297194694667158643e-02 4.359059799999999818e+00
-1.329913633375916400e-02 2.206014831493970790e-02 9.996681863644050203e-01 1.660766100000000023e+00 3.072137215604430968e-03 9.997527850183627329e-01 -2.202114486024881607e-02 -1.425064000000000053e-01 -9.999068431337514440e-01 2.778255630863963807e-03 -1.336362039063465623e-02 4.358600100000000310e+00
-1.358680806093711529e-02 2.278381842418655129e-02 9.996480862107068877e-01 1.695043400000000089e+00 3.586092586244404509e-03 9.997350479274285107e-01 -2.273705973746551270e-02 -1.439557999999999949e-01 -9.999012644189815280e-01 3.275906524290616434e-03 -1.366491309031903079e-02 4.358413699999999835e+00
-1.363531919292539953e-02 2.260610060161920981e-02 9.996514604031229156e-01 1.729436799999999996e+00 4.877719753597584487e-03 9.997340104053972221e-01 -2.254143493095456252e-02 -1.453077999999999870e-01 -9.998951374621801724e-01 4.568660014770858577e-03 -1.374195856335735932e-02 4.358057999999999765e+00
-1.443173982265138523e-02 2.209353746334154905e-02 9.996517396013711032e-01 1.797695599999999949e+00 1.853367104734882087e-03 9.997547307968104313e-01 -2.206905706577197424e-02 -1.481872999999999940e-01 -9.998941393547953194e-01 1.534226760663717423e-03 -1.446914759688622265e-02 4.357604000000000255e+00
-1.415699945583546830e-02 2.099755845383537850e-02 9.996792895250879996e-01 1.864708299999999985e+00 9.685995454789195214e-04 9.997793016669781485e-01 -2.098594227596261436e-02 -1.509960999999999942e-01 -9.998993155219816353e-01 6.711909320776913990e-04 -1.417421325522949527e-02 4.357122399999999729e+00
-1.900835486673557381e-02 1.998519143746767257e-02 9.996195649188083232e-01 1.931464800000000093e+00 -1.862717091847739329e-03 9.997977609052535186e-01 -2.002417473648286650e-02 -1.535437000000000052e-01 -9.998175897283941849e-01 -2.242635068224259343e-03 -1.896728387658030979e-02 4.356403399999999593e+00
-3.057276706117982232e-02 2.337271631969076863e-02 9.992592366578666452e-01 1.997715799999999930e+00 -2.411395799764235945e-03 9.997219310763306721e-01 -2.345731645583433098e-02 -1.562465000000000104e-01 -9.995296349206060915e-01 -3.126764598036995552e-03 -3.050790485478716008e-02 4.355159800000000025e+00
-4.444349477461283227e-02 2.782044279576579432e-02 9.986244533030755877e-01 2.063424299999999878e+00 -5.897291853431234354e-04 9.996112656001265862e-01 -2.787417989468221266e-02 -1.589334000000000024e-01 -9.990117256527607514e-01 -1.827743953806072047e-03 -4.440981153227752110e-02 4.352280600000000277e+00
-5.070989131245814269e-02 2.722812281919154490e-02 9.983421939649858023e-01 2.096711200000000108e+00 -4.314108816483894909e-03 9.996129915743715566e-01 -2.748191297662687035e-02 -1.601796000000000053e-01 -9.987041080260948833e-01 -5.700561680955406468e-03 -5.057280107254691348e-02 4.350858699999999857e+00
-6.076999384237870977e-02 2.709140305827822254e-02 9.977840767063438365e-01 2.164168800000000115e+00 -6.488495557965039129e-03 9.995997571848724839e-01 -2.753588315885936721e-02 -1.627647000000000121e-01 -9.981307065078156571e-01 -8.147472999525702878e-03 -6.056988864056522814e-02 4.347158399999999645e+00
-6.507652238518181476e-02 2.624522963639482759e-02 9.975350791604192802e-01 2.198651299999999864e+00 -8.805966325021506377e-03 9.996000405719168702e-01 -2.687403664700783318e-02 -1.643160999999999927e-01 -9.978414208637230720e-01 -1.053312916255351277e-02 -6.481937980813645694e-02 4.345404099999999659e+00
-6.937682447157303423e-02 1.986541802469084933e-02 9.973927117203859050e-01 2.267978199999999944e+00 -6.367898975853490337e-03 9.997725206366057105e-01 -2.035575698816343565e-02 -1.669947999999999988e-01 -9.975702010830486133e-01 -7.763513807041789831e-03 -6.923454170061360546e-02 4.340736899999999565e+00
-7.267739183775338840e-02 1.643449551556099009e-02 9.972200880812674972e-01 2.339808199999999783e+00 -8.206129150585455070e-03 9.998205287320430790e-01 -1.707541420703231200e-02 -1.695789000000000046e-01 -9.973217415458391910e-01 -9.424313403469507938e-03 -7.252948474136311496e-02 4.336128200000000099e+00
-7.312650838106748985e-02 2.019613651056617609e-02 9.971181624271215904e-01 2.375591299999999961e+00 -6.490733670570773654e-03 9.997641291021656107e-01 -2.072574575271099798e-02 -1.706987000000000088e-01 -9.973015512614079592e-01 -7.987629850892876554e-03 -7.297817222261560044e-02 4.333618200000000087e+00
-7.438683020153609438e-02 2.969698966502167317e-02 9.967871830523320487e-01 2.484774100000000097e+00 7.668969896102811185e-03 9.995439705136012210e-01 -2.920681274356494439e-02 -1.750161000000000078e-01 -9.971999731213896379e-01 5.471728679365831308e-03 -7.458065293331039847e-02 4.324842499999999923e+00
-7.496266392953032653e-02 2.752395407296725355e-02 9.968064159949902026e-01 2.521671800000000019e+00 5.709240286196196057e-03 9.996144653925576051e-01 -2.717213928467283879e-02 -1.765140000000000042e-01 -9.971699973384392512e-01 3.654111402294124913e-03 -7.509090409574825653e-02 4.322300000000000253e+00
-7.475113306860263485e-02 2.254221050128652620e-02 9.969473992396366002e-01 2.558508199999999899e+00 5.951687376048979058e-03 9.997367428979411219e-01 -2.215902338086753534e-02 -1.780345000000000122e-01 -9.971844591259620971e-01 4.277107145225899493e-03 -7.486561849160411342e-02 4.319549999999999557e+00
-7.482690878152448155e-02 2.050807598903474707e-02 9.969856330667102862e-01 2.595214599999999816e+00 8.013058006852105675e-03 9.997685896959545016e-01 -1.996391641790403598e-02 -1.795469000000000093e-01 -9.971643418331704867e-01 6.495065557037228363e-03 -7.497392546632164478e-02 4.316735300000000386e+00
-7.583785400432865864e-02 2.012766267803419579e-02 9.969169960910176931e-01 2.632012099999999855e+00 8.117956364842734973e-03 9.997755743249976401e-01 -1.956782480450357936e-02 -1.809690999999999939e-01 -9.970871168982565758e-01 6.608946832930758311e-03 -7.598422953009953407e-02 4.313785600000000109e+00
-7.975971211398527605e-02 2.184692486154429097e-02 9.965746837029267891e-01 2.703954500000000039e+00 6.290491257319622692e-03 9.997509233678180118e-01 -2.141310217920220846e-02 -1.838674999999999893e-01 -9.967942706713537326e-01 4.561041469818814115e-03 -7.987727372334896270e-02 4.308466400000000363e+00
-8.356813759182120382e-02 2.231493499423957416e-02 9.962521819577797588e-01 2.776435900000000068e+00 7.621277189455943207e-03 9.997343123686567301e-01 -2.175363893169566382e-02 -1.863868999999999942e-01 -9.964729211139836673e-01 5.774802937933792152e-03 -8.371600287634439752e-02 4.302323300000000295e+00
-8.581638425365349654e-02 2.211901130115549383e-02 9.960654082602651282e-01 2.812817299999999854e+00 7.493108237648585766e-03 9.997395830984828757e-01 -2.155502992367900120e-02 -1.877313999999999927e-01 -9.962827919434160684e-01 5.613851185342359079e-03 -8.595977636255602850e-02 4.299434200000000317e+00
-8.772912970529953003e-02 2.260234680369125476e-02 9.958879122271321327e-01 2.849253200000000152e+00 5.228187703857856139e-03 9.997392304299662635e-01 -2.222919685080898544e-02 -1.890560000000000018e-01 -9.961306469808483000e-01 3.256540843357302872e-03 -8.782442192950423721e-02 4.296695699999999896e+00
-9.119362497350586017e-02 2.484687907905033452e-02 9.955231566187811021e-01 2.959655000000000147e+00 4.130378482467118861e-03 9.996895177211840844e-01 -2.457250764529544940e-02 -1.933517999999999903e-01 -9.958246144466317284e-01 1.871031378032276052e-03 -9.126793798371513056e-02 4.287215699999999963e+00
-9.236989953883162352e-02 2.292322422107825192e-02 9.954608618376197260e-01 2.997045500000000029e+00 4.407188405078782401e-03 9.997345862335343947e-01 -2.261269065869535994e-02 -1.948573000000000111e-01 -9.957150085991215427e-01 2.298451603554126782e-03 -9.244641026388111804e-02 4.283968899999999635e+00
-9.306328049179848905e-02 2.074312442197236844e-02 9.954440961768366014e-01 3.034706599999999810e+00 2.195670300719012452e-03 9.997848028805063070e-01 -2.062830485323034063e-02 -1.961849999999999983e-01 -9.956577749689071721e-01 2.659293173750531397e-04 -9.308879860414343010e-02 4.280454200000000320e+00
-9.719889682990114077e-02 1.846497266586491492e-02 9.950936736003798133e-01 3.110791199999999979e+00 8.143349388513125564e-04 9.998290224219475997e-01 -1.847329914714703966e-02 -1.986392999999999909e-01 -9.952646438579327848e-01 -9.852447520687507287e-04 -9.719731467031855754e-02 4.273545699999999670e+00
-1.012622155412691155e-01 2.008994978983393020e-02 9.946569044756663480e-01 3.187682600000000033e+00 1.126831060457161859e-03 9.997977602345266002e-01 -2.007906575977128072e-02 -2.014950000000000074e-01 -9.948591327195193124e-01 -9.124403903719296993e-04 -1.012643742739729458e-01 4.266109499999999777e+00
-1.033485102869520778e-01 2.749294698718899102e-02 9.942651674917649673e-01 3.265075700000000136e+00 4.845681250166999215e-03 9.996199700550101319e-01 -2.713733296480100310e-02 -2.044430999999999887e-01 -9.946334022114325935e-01 2.013289144735816785e-03 -1.034424568160006164e-01 4.258201099999999961e+00
-1.044179225171203845e-01 3.145689616600948202e-02 9.940358952979565510e-01 3.304215000000000124e+00 5.979877827888594247e-03 9.995014434222934119e-01 -3.100170411308961205e-02 -2.060771999999999882e-01 -9.945155295511339810e-01 2.707079672438363060e-03 -1.045539726709363570e-01 4.254154699999999956e+00
-1.035359408593970743e-01 3.159377088551291318e-02 9.941238064705990585e-01 3.383836500000000136e+00 1.172152593685134477e-02 9.994647303119355009e-01 -3.054273550619823752e-02 -2.096275999999999973e-01 -9.945566423186118499e-01 8.490377124932562899e-03 -1.038508484135073351e-01 4.245350400000000413e+00
-1.032028195224891920e-01 2.949597153343698833e-02 9.942228953840822614e-01 3.423776600000000059e+00 1.215566437586147394e-02 9.995229696986926982e-01 -2.839142244213399210e-02 -2.115238000000000118e-01 -9.945860535248775003e-01 9.155364984803838341e-03 -1.035121317807969898e-01 4.241089800000000132e+00
-1.026817977812453792e-01 2.824569508818942920e-02 9.943131443933529434e-01 3.464359799999999989e+00 1.164097446266405649e-02 9.995624277403442060e-01 -2.719266010136935779e-02 -2.130105999999999944e-01 -9.946461361298154502e-01 8.782582696111275108e-03 -1.029656744901665810e-01 4.237364300000000306e+00
-9.941394019263320725e-02 2.232765088558521030e-02 9.947956295145785610e-01 3.545847900000000053e+00 1.078281952082679393e-02 9.997136897156145841e-01 -2.136046344004133637e-02 -2.163617999999999930e-01 -9.949877382654304103e-01 8.603173898247780393e-03 -9.962623198896802812e-02 4.229432100000000361e+00
