9.999931e-01 -2.475044e-03 -2.755837e-03 1.173954e-03 2.468662e-03 9.999942e-01 -2.316828e-03 -2.241474e-02 2.761556e-03 2.310009e-03 9.999935e-01 1.127607e+00
9.999675e-01 -4.648687e-03 -6.595320e-03 -1.508128e-02 4.612815e-03 9.999745e-01 -5.443974e-03 -5.922720e-02 6.620460e-03 5.413373e-03 9.999634e-01 2.251296e+00
9.999413e-01 -7.134576e-03 -8.152763e-03 -2.040073e-02 7.072901e-03 9.999463e-01 -7.569121e-03 -7.423248e-02 8.206328e-03 7.511012e-03 9.999381e-01 2.816072e+00
9.998884e-01 -8.811524e-03 -1.206613e-02 -5.593704e-02 8.715868e-03 9.999303e-01 -7.957589e-03 -1.348021e-01 1.213540e-02 7.851533e-03 9.998955e-01 4.556204e+00
9.998748e-01 -6.580037e-03 -1.439059e-02 -8.798198e-02 6.374276e-03 9.998774e-01 -1.429781e-02 -1.803479e-01 1.448291e-02 1.420429e-02 9.997942e-01 5.751285e+00
9.998522e-01 -3.623834e-03 -1.680538e-02 -1.238576e-01 3.306955e-03 9.998169e-01 -1.884543e-02 -2.187844e-01 1.687060e-02 1.878706e-02 9.996812e-01 6.989627e+00
9.998394e-01 -1.112536e-03 -1.788542e-02 -1.444743e-01 8.907687e-04 9.999227e-01 -1.240253e-02 -2.366165e-01 1.789783e-02 1.238460e-02 9.997631e-01 7.637602e+00
9.998120e-01 1.004604e-03 -1.936675e-02 -1.844755e-01 -8.989153e-04 9.999846e-01 5.465141e-03 -2.738044e-01 1.937194e-02 -5.446702e-03 9.997975e-01 8.978383e+00
9.997817e-01 3.389970e-03 -2.061746e-02 -2.077191e-01 -3.275843e-03 9.999791e-01 5.566728e-03 -2.924369e-01 2.063590e-02 -5.497971e-03 9.997719e-01 9.661917e+00
9.997369e-01 4.812930e-03 -2.242765e-02 -2.537940e-01 -5.013394e-03 9.999479e-01 -8.890577e-03 -3.091782e-01 2.238369e-02 9.000675e-03 9.997089e-01 1.106423e+01
9.997063e-01 1.893748e-03 -2.416094e-02 -2.821162e-01 -1.858131e-03 9.999971e-01 1.496504e-03 -3.207015e-01 2.416371e-02 -1.451169e-03 9.997070e-01 1.255870e+01
9.996966e-01 1.625146e-03 -2.457882e-02 -2.962122e-01 -1.393167e-03 9.999543e-01 9.452361e-03 -3.252216e-01 2.459306e-02 -9.415248e-03 9.996532e-01 1.333520e+01
9.996851e-01 -2.198699e-03 -2.499779e-02 -3.451203e-01 2.413900e-03 9.999602e-01 8.581850e-03 -3.298600e-01 2.497793e-02 -8.639487e-03 9.996507e-01 1.574882e+01
9.997041e-01 5.747479e-05 -2.432655e-02 -3.585571e-01 6.660546e-05 9.999870e-01 5.099768e-03 -3.310784e-01 2.432653e-02 -5.099877e-03 9.996911e-01 1.658175e+01
9.997240e-01 -2.636624e-03 -2.334610e-02 -3.661096e-01 2.632565e-03 9.999965e-01 -2.046126e-04 -3.374209e-01 2.334656e-02 1.430967e-04 9.997274e-01 1.742810e+01
9.997622e-01 -3.422674e-03 -2.153588e-02 -4.065575e-01 3.148129e-03 9.999135e-01 -1.276932e-02 -4.078809e-01 2.157773e-02 1.269848e-02 9.996865e-01 2.099062e+01
9.997643e-01 4.013694e-03 -2.133588e-02 -4.507315e-01 -4.371519e-03 9.998501e-01 -1.675089e-02 -4.913797e-01 2.126545e-02 1.684021e-02 9.996320e-01 2.384921e+01
9.997475e-01 6.655410e-03 -2.146389e-02 -4.870736e-01 -7.009523e-03 9.998398e-01 -1.646518e-02 -5.504866e-01 2.135087e-02 1.661147e-02 9.996340e-01 2.580752e+01
9.997432e-01 6.684038e-03 -2.165237e-02 -5.055765e-01 -7.043805e-03 9.998377e-01 -1.658208e-02 -5.806979e-01 2.153803e-02 1.673033e-02 9.996280e-01 2.679489e+01
9.997300e-01 7.470019e-03 -2.200512e-02 -5.258752e-01 -7.810435e-03 9.998505e-01 -1.542467e-02 -6.123111e-01 2.188661e-02 1.559237e-02 9.996389e-01 2.779590e+01
9.997048e-01 8.828655e-03 -2.263483e-02 -5.679163e-01 -9.107452e-03 9.998835e-01 -1.224376e-02 -6.738450e-01 2.252410e-02 1.244629e-02 9.996688e-01 2.981730e+01
9.996909e-01 9.758370e-03 -2.286542e-02 -6.113853e-01 -1.008382e-02 9.998488e-01 -1.416135e-02 -7.344817e-01 2.272378e-02 1.438754e-02 9.996383e-01 3.186663e+01
9.996756e-01 8.859609e-03 -2.387811e-02 -6.562571e-01 -9.116721e-03 9.999014e-01 -1.068035e-02 -7.960953e-01 2.378114e-02 1.089458e-02 9.996578e-01 3.394945e+01
9.996516e-01 9.284323e-03 -2.470700e-02 -7.046294e-01 -9.400963e-03 9.999452e-01 -4.608864e-03 -8.521280e-01 2.466286e-02 4.839528e-03 9.996841e-01 3.606726e+01
9.996343e-01 8.640360e-03 -2.562662e-02 -7.509456e-01 -8.785442e-03 9.999460e-01 -5.554152e-03 -8.999454e-01 2.557725e-02 5.777261e-03 9.996562e-01 3.820156e+01
9.996113e-01 8.636784e-03 -2.650763e-02 -7.861115e-01 -8.772323e-03 9.999490e-01 -5.001110e-03 -9.426008e-01 2.646309e-02 5.231700e-03 9.996361e-01 4.035358e+01
9.995911e-01 8.601039e-03 -2.727063e-02 -8.119808e-01 -8.683288e-03 9.999581e-01 -2.898948e-03 -9.707248e-01 2.724456e-02 3.134561e-03 9.996239e-01 4.143101e+01
9.995744e-01 8.727969e-03 -2.783667e-02 -8.405589e-01 -8.747257e-03 9.999616e-01 -5.711173e-04 -9.983507e-01 2.783061e-02 8.143693e-04 9.996123e-01 4.250646e+01
9.995279e-01 1.094395e-02 -2.871053e-02 -9.059963e-01 -1.106491e-02 9.999305e-01 -4.057536e-03 -1.047970e+00 2.866413e-02 4.373300e-03 9.995795e-01 4.464539e+01
9.994940e-01 1.312039e-02 -2.897767e-02 -9.815092e-01 -1.338944e-02 9.998688e-01 -9.110188e-03 -1.088166e+00 2.885435e-02 9.493571e-03 9.995386e-01 4.677981e+01
9.994919e-01 1.417720e-02 -2.854922e-02 -1.050114e+00 -1.429880e-02 9.998895e-01 -4.059449e-03 -1.131381e+00 2.848852e-02 4.465605e-03 9.995842e-01 4.893463e+01
9.995195e-01 1.300679e-02 -2.813588e-02 -1.112505e+00 -1.308056e-02 9.999114e-01 -2.439357e-03 -1.168837e+00 2.810166e-02 2.806218e-03 9.996011e-01 5.108922e+01
9.995571e-01 1.082090e-02 -2.772132e-02 -1.142897e+00 -1.097231e-02 9.999256e-01 -5.315486e-03 -1.184929e+00 2.766174e-02 5.617298e-03 9.996016e-01 5.215954e+01
9.995465e-01 1.194244e-02 -2.764414e-02 -1.177502e+00 -1.216294e-02 9.998954e-01 -7.821636e-03 -1.200275e+00 2.754784e-02 8.154322e-03 9.995872e-01 5.323263e+01
9.995931e-01 7.889461e-03 -2.741337e-02 -1.282228e+00 -8.313639e-03 9.998469e-01 -1.539395e-02 -1.272192e+00 2.728772e-02 1.561559e-02 9.995057e-01 5.644378e+01
9.996076e-01 6.482936e-03 -2.724986e-02 -1.319412e+00 -6.848565e-03 9.998875e-01 -1.334574e-02 -1.300079e+00 2.716028e-02 1.352712e-02 9.995396e-01 5.751446e+01
9.996289e-01 4.177682e-03 -2.691985e-02 -1.387176e+00 -4.211062e-03 9.999904e-01 -1.183339e-03 -1.339024e+00 2.691465e-02 1.296261e-03 9.996369e-01 5.968580e+01
9.996383e-01 2.508970e-03 -2.677796e-02 -1.418009e+00 -2.506310e-03 9.999968e-01 1.329272e-04 -1.354327e+00 2.677822e-02 -6.576443e-05 9.996414e-01 6.076851e+01
9.996473e-01 -6.622685e-04 -2.654826e-02 -1.444555e+00 5.799434e-04 9.999950e-01 -3.108548e-03 -1.364859e+00 2.655019e-02 3.092056e-03 9.996427e-01 6.184743e+01
9.996473e-01 -5.710145e-04 -2.655199e-02 -1.499917e+00 3.004754e-04 9.999480e-01 -1.019191e-02 -1.395800e+00 2.655643e-02 1.018033e-02 9.995955e-01 6.400399e+01
9.996614e-01 1.995361e-03 -2.594344e-02 -1.558768e+00 -2.403038e-03 9.998740e-01 -1.569239e-02 -1.436238e+00 2.590886e-02 1.574942e-02 9.995402e-01 6.616971e+01
9.996658e-01 6.847933e-03 -2.492658e-02 -1.593317e+00 -7.147739e-03 9.999029e-01 -1.195833e-02 -1.460636e+00 2.484228e-02 1.213250e-02 9.996178e-01 6.726138e+01
9.996600e-01 7.575555e-03 -2.494941e-02 -1.649241e+00 -7.807005e-03 9.999272e-01 -9.192408e-03 -1.501927e+00 2.487796e-02 9.384062e-03 9.996465e-01 6.943492e+01
9.996743e-01 6.096033e-03 -2.478355e-02 -1.673162e+00 -6.302831e-03 9.999459e-01 -8.274537e-03 -1.522851e+00 2.473177e-02 8.428047e-03 9.996586e-01 7.052233e+01
9.996575e-01 2.220552e-03 -2.607526e-02 -1.754602e+00 -2.302257e-03 9.999925e-01 -3.103834e-03 -1.593458e+00 2.606817e-02 3.162804e-03 9.996552e-01 7.376891e+01
9.996433e-01 1.479137e-03 -2.666623e-02 -1.784427e+00 -1.590559e-03 9.999901e-01 -4.157630e-03 -1.618953e+00 2.665981e-02 4.198561e-03 9.996358e-01 7.484293e+01
9.995678e-01 5.278628e-03 -2.892128e-02 -1.931694e+00 -5.415869e-03 9.999744e-01 -4.669015e-03 -1.731655e+00 2.889590e-02 4.823631e-03 9.995708e-01 7.911497e+01
9.994882e-01 7.555003e-03 -3.108412e-02 -2.082196e+00 -7.642022e-03 9.999672e-01 -2.681568e-03 -1.819154e+00 3.106284e-02 2.917741e-03 9.995132e-01 8.334260e+01
9.994607e-01 5.955976e-03 -3.229184e-02 -2.152257e+00 -6.031653e-03 9.999793e-01 -2.246562e-03 -1.854735e+00 3.227779e-02 2.440124e-03 9.994760e-01 8.540636e+01
9.994314e-01 4.756684e-03 -3.338168e-02 -2.224921e+00 -4.695592e-03 9.999871e-01 1.908273e-03 -1.889129e+00 3.339033e-02 -1.750440e-03 9.994409e-01 8.741070e+01
9.994019e-01 4.012762e-03 -3.434629e-02 -2.262425e+00 -3.902838e-03 9.999870e-01 3.266921e-03 -1.907770e+00 3.435896e-02 -3.130918e-03 9.994047e-01 8.838264e+01
9.993338e-01 2.999186e-03 -3.637303e-02 -2.303693e+00 -2.880714e-03 9.999904e-01 3.309115e-03 -1.929486e+00 3.638260e-02 -3.202128e-03 9.993328e-01 8.933531e+01
9.987771e-01 2.904739e-03 -4.935412e-02 -2.486719e+00 -2.745233e-03 9.999908e-01 3.299346e-03 -2.021957e+00 4.936326e-02 -3.159822e-03 9.987759e-01 9.291577e+01
9.986194e-01 3.941519e-03 -5.238126e-02 -2.538278e+00 -3.724414e-03 9.999840e-01 4.241689e-03 -2.044394e+00 5.239715e-02 -4.040742e-03 9.986182e-01 9.375397e+01
9.977683e-01 1.184201e-02 -6.571358e-02 -2.827593e+00 -1.166772e-02 9.999273e-01 3.035422e-03 -2.149905e+00 6.574475e-02 -2.261919e-03 9.978339e-01 9.753308e+01
9.975717e-01 1.414368e-02 -6.819605e-02 -2.885302e+00 -1.423255e-02 9.998984e-01 -8.174607e-04 -2.169614e+00 6.817756e-02 1.786080e-03 9.976716e-01 9.819683e+01
9.972983e-01 2.031185e-02 -7.059445e-02 -3.043655e+00 -2.065599e-02 9.997780e-01 -4.148050e-03 -2.242127e+00 7.049453e-02 5.595041e-03 9.974965e-01 1.000200e+02
9.980865e-01 2.769474e-02 -5.528438e-02 -3.162399e+00 -2.768287e-02 9.996162e-01 9.807221e-04 -2.311035e+00 5.529033e-02 5.515859e-04 9.984702e-01 1.016363e+02
9.834416e-01 1.169323e-02 1.808479e-01 -2.813888e+00 -9.043005e-03 9.998394e-01 -1.547206e-02 -2.526594e+00 -1.809998e-01 1.358045e-02 9.833894e-01 1.062405e+02
9.015120e-01 6.907630e-03 4.326990e-01 -1.921488e+00 -1.279666e-04 9.998768e-01 -1.569548e-02 -2.628863e+00 -4.327542e-01 1.409428e-02 9.014018e-01 1.082346e+02
7.967129e-01 1.146739e-02 6.042492e-01 -1.047012e+00 4.228660e-03 9.996897e-01 -2.454758e-02 -2.682863e+00 -6.043433e-01 2.211254e-02 7.964172e-01 1.093104e+02
6.876532e-01 2.243150e-02 7.256927e-01 -2.466359e-01 7.842081e-04 9.994991e-01 -3.163809e-02 -2.712112e+00 -7.260389e-01 2.232512e-02 6.872911e-01 1.100156e+02
6.035009e-01 1.731669e-02 7.971742e-01 3.744581e-01 6.707206e-03 9.996185e-01 -2.679201e-02 -2.732922e+00 -7.973341e-01 2.151581e-02 6.031545e-01 1.104040e+02
5.574795e-01 1.558425e-02 8.300444e-01 7.051086e-01 7.847757e-03 9.996802e-01 -2.403995e-02 -2.741477e+00 -8.301537e-01 1.991576e-02 5.571789e-01 1.105684e+02
3.572424e-01 1.240740e-02 9.339293e-01 2.148919e+00 6.274944e-03 9.998573e-01 -1.568353e-02 -2.788461e+00 -9.339906e-01 1.146317e-02 3.571136e-01 1.111029e+02
3.067219e-01 1.787320e-02 9.516313e-01 2.533142e+00 5.747217e-03 9.997706e-01 -2.062973e-02 -2.796272e+00 -9.517819e-01 1.179682e-02 3.065488e-01 1.111851e+02
2.598207e-01 2.006224e-02 9.654484e-01 2.934626e+00 7.048719e-03 9.997181e-01 -2.267132e-02 -2.806532e+00 -9.656312e-01 1.269565e-02 2.596061e-01 1.112656e+02
1.229001e-01 1.931907e-02 9.922310e-01 4.690755e+00 2.545091e-02 9.994203e-01 -2.261146e-02 -2.856964e+00 -9.920927e-01 2.803212e-02 1.223372e-01 1.114470e+02
9.696370e-02 1.560921e-02 9.951655e-01 5.173439e+00 1.880566e-02 9.996698e-01 -1.751219e-02 -2.871679e+00 -9.951103e-01 2.041278e-02 9.663814e-02 1.114895e+02
7.261944e-02 1.214445e-02 9.972858e-01 5.672652e+00 1.372028e-02 9.998191e-01 -1.317437e-02 -2.886056e+00 -9.972654e-01 1.463975e-02 7.243968e-02 1.115178e+02
4.961925e-02 8.990929e-03 9.987277e-01 6.192944e+00 1.713408e-02 9.998046e-01 -9.851892e-03 -2.902144e+00 -9.986213e-01 1.760112e-02 4.945550e-02 1.115272e+02
2.913822e-02 9.131699e-03 9.995337e-01 6.728517e+00 2.461286e-02 9.996485e-01 -9.850263e-03 -2.917163e+00 -9.992724e-01 2.488840e-02 2.890322e-02 1.115183e+02
1.095538e-02 1.122155e-02 9.998770e-01 7.282318e+00 2.994530e-02 9.994848e-01 -1.154526e-02 -2.930539e+00 -9.994915e-01 3.006809e-02 1.061370e-02 1.115004e+02
-2.491485e-02 1.845120e-02 9.995193e-01 9.708447e+00 3.655336e-02 9.991778e-01 -1.753375e-02 -2.966443e+00 -9.990211e-01 3.609893e-02 -2.556882e-02 1.114331e+02
-2.478790e-02 1.739682e-02 9.995413e-01 1.036534e+01 3.920624e-02 9.990962e-01 -1.641679e-02 -2.980253e+00 -9.989237e-01 3.878131e-02 -2.544756e-02 1.114116e+02
-2.312930e-02 1.652093e-02 9.995959e-01 1.104173e+01 3.862182e-02 9.991318e-01 -1.561960e-02 -2.993917e+00 -9.989862e-01 3.824493e-02 -2.374729e-02 1.113977e+02
-1.993655e-02 1.883647e-02 9.996238e-01 1.316355e+01 3.319336e-02 9.992838e-01 -1.816806e-02 -3.034345e+00 -9.992501e-01 3.281866e-02 -2.054752e-02 1.113612e+02
-1.875443e-02 1.703650e-02 9.996789e-01 1.465827e+01 3.161099e-02 9.993650e-01 -1.643812e-02 -3.072877e+00 -9.993243e-01 3.129255e-02 -1.928107e-02 1.113363e+02
-1.820959e-02 1.570494e-02 9.997108e-01 1.542377e+01 3.246256e-02 9.993587e-01 -1.510811e-02 -3.095311e+00 -9.993071e-01 3.217805e-02 -1.870774e-02 1.113240e+02
-2.016064e-02 1.196133e-02 9.997252e-01 1.698099e+01 3.120717e-02 9.994487e-01 -1.132870e-02 -3.141006e+00 -9.993096e-01 3.097020e-02 -2.052281e-02 1.112943e+02
-2.447946e-02 7.293772e-03 9.996737e-01 1.937151e+01 3.473776e-02 9.993757e-01 -6.440963e-03 -3.193647e+00 -9.990966e-01 3.456875e-02 -2.471755e-02 1.112251e+02
-2.742417e-02 9.939064e-03 9.995745e-01 2.100565e+01 2.777439e-02 9.995721e-01 -9.177032e-03 -3.232298e+00 -9.992380e-01 2.751089e-02 -2.768849e-02 1.111890e+02
-2.804745e-02 1.509420e-02 9.994926e-01 2.182752e+01 2.924817e-02 9.994702e-01 -1.427311e-02 -3.250815e+00 -9.991786e-01 2.883300e-02 -2.847408e-02 1.111686e+02
-2.984141e-02 1.484383e-02 9.994444e-01 2.349682e+01 2.643242e-02 9.995517e-01 -1.405621e-02 -3.298255e+00 -9.992051e-01 2.599827e-02 -3.022040e-02 1.111374e+02
-3.061397e-02 1.071316e-02 9.994739e-01 2.433823e+01 2.329981e-02 9.996785e-01 -1.000168e-02 -3.326366e+00 -9.992597e-01 2.298136e-02 -3.085374e-02 1.111280e+02
-3.049090e-02 -5.349902e-04 9.995349e-01 2.602725e+01 1.837372e-02 9.998306e-01 1.095637e-03 -3.370419e+00 -9.993662e-01 1.839858e-02 -3.047590e-02 1.110993e+02
-2.940461e-02 3.384421e-03 9.995618e-01 2.769648e+01 1.770798e-02 9.998391e-01 -2.864439e-03 -3.417654e+00 -9.994108e-01 1.761599e-02 -2.945981e-02 1.110665e+02
-2.765042e-02 2.203755e-02 9.993747e-01 2.934025e+01 2.260636e-02 9.995150e-01 -2.141519e-02 -3.464646e+00 -9.993620e-01 2.200008e-02 -2.813520e-02 1.110185e+02
-2.511623e-02 7.842711e-03 9.996538e-01 3.100291e+01 2.644169e-02 9.996246e-01 -7.178141e-03 -3.524637e+00 -9.993348e-01 2.625224e-02 -2.531418e-02 1.109727e+02
-2.448426e-02 5.625083e-03 9.996844e-01 3.263728e+01 2.725401e-02 9.996162e-01 -4.957200e-03 -3.574008e+00 -9.993287e-01 2.712402e-02 -2.462818e-02 1.109310e+02
-2.520882e-02 6.438168e-03 9.996615e-01 3.344955e+01 2.428460e-02 9.996881e-01 -5.825950e-03 -3.597380e+00 -9.993872e-01 2.412951e-02 -2.535731e-02 1.109148e+02
-2.907136e-02 6.272478e-03 9.995576e-01 3.505969e+01 2.164930e-02 9.997497e-01 -5.644034e-03 -3.643377e+00 -9.993429e-01 2.147564e-02 -2.919988e-02 1.108735e+02
-3.118245e-02 7.053685e-03 9.994888e-01 3.585953e+01 2.094508e-02 9.997601e-01 -6.402152e-03 -3.668997e+00 -9.992943e-01 2.073473e-02 -3.132271e-02 1.108521e+02
-3.323136e-02 7.280968e-03 9.994211e-01 3.665572e+01 1.909226e-02 9.997956e-01 -6.648872e-03 -3.692321e+00 -9.992653e-01 1.886025e-02 -3.336358e-02 1.108323e+02
-3.528758e-02 6.548349e-03 9.993557e-01 3.745030e+01 1.702129e-02 9.998374e-01 -5.950483e-03 -3.713275e+00 -9.992323e-01 1.680034e-02 -3.539330e-02 1.108119e+02
-4.213293e-02 6.779929e-03 9.990890e-01 4.057553e+01 1.752921e-02 9.998280e-01 -6.045719e-03 -3.811300e+00 -9.989583e-01 1.725851e-02 -4.224453e-02 1.106977e+02
-4.335089e-02 5.462525e-03 9.990450e-01 4.134827e+01 1.953435e-02 9.997985e-01 -4.619010e-03 -3.834868e+00 -9.988689e-01 1.931545e-02 -4.344886e-02 1.106618e+02
-4.474975e-02 4.542984e-03 9.989879e-01 4.211586e+01 1.966984e-02 9.997998e-01 -3.665569e-03 -3.860486e+00 -9.988046e-01 1.948589e-02 -4.483016e-02 1.106260e+02
-4.844212e-02 1.858945e-03 9.988242e-01 4.435901e+01 1.563944e-02 9.998771e-01 -1.102409e-03 -3.927506e+00 -9.987036e-01 1.556764e-02 -4.846524e-02 1.105329e+02
-4.930024e-02 1.121100e-03 9.987834e-01 4.507372e+01 1.575283e-02 9.998758e-01 -3.447660e-04 -3.947128e+00 -9.986598e-01 1.571667e-02 -4.931179e-02 1.105025e+02
-4.963267e-02 3.439404e-03 9.987616e-01 4.577870e+01 1.594992e-02 9.998693e-01 -2.650604e-03 -3.968246e+00 -9.986402e-01 1.579861e-02 -4.968105e-02 1.104722e+02
-4.971655e-02 6.537549e-03 9.987420e-01 4.647919e+01 1.624219e-02 9.998516e-01 -5.736295e-03 -3.990288e+00 -9.986313e-01 1.593657e-02 -4.981536e-02 1.104407e+02
-4.991082e-02 8.104079e-03 9.987208e-01 4.717652e+01 1.435816e-02 9.998695e-01 -7.395860e-03 -4.011755e+00 -9.986505e-01 1.397065e-02 -5.002068e-02 1.104123e+02
-5.013018e-02 8.979031e-03 9.987023e-01 4.787113e+01 1.465636e-02 9.998585e-01 -8.253750e-03 -4.034285e+00 -9.986352e-01 1.422358e-02 -5.025469e-02 1.103817e+02
-5.019960e-02 8.863095e-03 9.986999e-01 4.856561e+01 1.583562e-02 9.998420e-01 -8.077259e-03 -4.055339e+00 -9.986137e-01 1.540955e-02 -5.033203e-02 1.103479e+02
-5.048020e-02 7.914478e-03 9.986937e-01 4.925400e+01 1.685096e-02 9.998330e-01 -7.071760e-03 -4.074607e+00 -9.985829e-01 1.647196e-02 -5.060514e-02 1.103152e+02
-5.087475e-02 8.507834e-03 9.986688e-01 4.993953e+01 1.311497e-02 9.998832e-01 -7.850075e-03 -4.093812e+00 -9.986190e-01 1.269814e-02 -5.098039e-02 1.102891e+02
-5.069705e-02 6.789371e-03 9.986910e-01 5.129886e+01 1.208748e-02 9.999078e-01 -6.184045e-03 -4.131756e+00 -9.986410e-01 1.175814e-02 -5.077445e-02 1.102291e+02
-5.487974e-02 5.891529e-03 9.984756e-01 5.264111e+01 9.889219e-03 9.999367e-01 -5.356609e-03 -4.167844e+00 -9.984440e-01 9.580171e-03 -5.493453e-02 1.101638e+02
-7.976551e-02 1.367826e-02 9.967198e-01 5.529672e+01 1.069626e-02 9.998600e-01 -1.286536e-02 -4.239741e+00 -9.967563e-01 9.634955e-03 -7.990066e-02 1.099758e+02
-8.610102e-02 1.289271e-02 9.962030e-01 5.596874e+01 7.212257e-03 9.998981e-01 -1.231719e-02 -4.259740e+00 -9.962603e-01 6.124346e-03 -8.618523e-02 1.099227e+02
-9.151917e-02 1.184083e-02 9.957329e-01 5.664512e+01 5.857237e-03 9.999184e-01 -1.135226e-02 -4.283061e+00 -9.957861e-01 4.793291e-03 -9.158106e-02 1.098596e+02
-9.601658e-02 1.227851e-02 9.953040e-01 5.732460e+01 4.243196e-03 9.999199e-01 -1.192612e-02 -4.305330e+00 -9.953707e-01 3.078162e-03 -9.606099e-02 1.097920e+02
-1.027987e-01 8.949224e-03 9.946619e-01 5.870923e+01 2.193170e-03 9.999591e-01 -8.770224e-03 -4.342226e+00 -9.946998e-01 1.279893e-03 -1.028142e-01 1.096525e+02
-1.063441e-01 1.341655e-03 9.943285e-01 6.014241e+01 2.969012e-03 9.999950e-01 -1.031768e-03 -4.377079e+00 -9.943250e-01 2.842448e-03 -1.063475e-01 1.095029e+02
-1.085763e-01 5.064896e-03 9.940752e-01 6.159653e+01 4.061801e-03 9.999809e-01 -4.651347e-03 -4.404393e+00 -9.940799e-01 3.532707e-03 -1.085948e-01 1.093511e+02
-1.093263e-01 1.353913e-02 9.939137e-01 6.306998e+01 1.724616e-02 9.997825e-01 -1.172207e-02 -4.438119e+00 -9.938563e-01 1.585966e-02 -1.095361e-01 1.091742e+02
-1.106278e-01 1.354003e-02 9.937697e-01 6.456343e+01 1.662791e-02 9.997924e-01 -1.177106e-02 -4.476878e+00 -9.937228e-01 1.522211e-02 -1.108300e-01 1.090137e+02
-1.105493e-01 6.344343e-03 9.938504e-01 6.605966e+01 1.848372e-02 9.998198e-01 -4.326448e-03 -4.579860e+00 -9.936988e-01 1.789176e-02 -1.106467e-01 1.088574e+02
-1.115464e-01 5.771519e-03 9.937424e-01 6.680584e+01 1.874394e-02 9.998174e-01 -3.702821e-03 -4.708747e+00 -9.935825e-01 1.821361e-02 -1.116343e-01 1.087907e+02
-1.155968e-01 7.492320e-03 9.932679e-01 6.828567e+01 1.688045e-02 9.998419e-01 -5.577361e-03 -4.884585e+00 -9.931528e-01 1.612208e-02 -1.157050e-01 1.086478e+02
-1.177661e-01 7.254734e-03 9.930148e-01 6.902479e+01 1.758561e-02 9.998317e-01 -5.218985e-03 -4.946543e+00 -9.928857e-01 1.684815e-02 -1.178739e-01 1.085668e+02
-1.195878e-01 7.408337e-03 9.927960e-01 6.977011e+01 1.837544e-02 9.998174e-01 -5.247313e-03 -5.019805e+00 -9.926536e-01 1.761554e-02 -1.197021e-01 1.084826e+02
-1.234095e-01 7.376899e-03 9.923284e-01 7.127406e+01 1.559289e-02 9.998633e-01 -5.493731e-03 -5.125756e+00 -9.922333e-01 1.479529e-02 -1.235077e-01 1.083160e+02
-1.253808e-01 8.769852e-03 9.920699e-01 7.278695e+01 1.435901e-02 9.998722e-01 -7.024095e-03 -5.215003e+00 -9.920048e-01 1.336445e-02 -1.254907e-01 1.081439e+02
-1.289397e-01 5.671148e-03 9.916362e-01 7.509805e+01 1.260751e-02 9.999122e-01 -4.079163e-03 -5.322302e+00 -9.915723e-01 1.197609e-02 -1.289999e-01 1.078742e+02
-1.306425e-01 3.493916e-03 9.914234e-01 7.587891e+01 9.506667e-03 9.999522e-01 -2.271259e-03 -5.352632e+00 -9.913840e-01 9.128405e-03 -1.306695e-01 1.077830e+02
-1.326642e-01 2.681364e-03 9.911574e-01 7.666362e+01 1.026652e-02 9.999464e-01 -1.330995e-03 -5.383553e+00 -9.911079e-01 9.999156e-03 -1.326846e-01 1.076848e+02
-1.366917e-01 4.086094e-03 9.906052e-01 7.824938e+01 1.100964e-02 9.999360e-01 -2.605389e-03 -5.427471e+00 -9.905525e-01 1.055006e-02 -1.367279e-01 1.074828e+02
-1.383602e-01 7.756543e-03 9.903516e-01 7.904660e+01 1.180350e-02 9.999112e-01 -6.182375e-03 -5.449247e+00 -9.903117e-01 1.083422e-02 -1.384395e-01 1.073781e+02
-1.397558e-01 1.572527e-02 9.900611e-01 8.065616e+01 1.567534e-02 9.997837e-01 -1.366699e-02 -5.497261e+00 -9.900620e-01 1.360950e-02 -1.399720e-01 1.071591e+02
-1.390177e-01 1.633615e-02 9.901551e-01 8.229746e+01 2.133374e-02 9.996813e-01 -1.349807e-02 -5.550477e+00 -9.900601e-01 1.924724e-02 -1.393219e-01 1.069330e+02
-1.388048e-01 1.447101e-02 9.902140e-01 8.312845e+01 2.165159e-02 9.996985e-01 -1.157458e-02 -5.578164e+00 -9.900831e-01 1.983309e-02 -1.390763e-01 1.068232e+02
-1.364016e-01 1.076811e-02 9.905951e-01 8.480162e+01 1.993126e-02 9.997683e-01 -8.123363e-03 -5.624186e+00 -9.904531e-01 1.863576e-02 -1.365847e-01 1.066094e+02
-1.347013e-01 7.330803e-03 9.908591e-01 8.565017e+01 2.069307e-02 9.997753e-01 -4.583676e-03 -5.645151e+00 -9.906702e-01 1.988649e-02 -1.348228e-01 1.064988e+02
-1.311869e-01 3.194230e-03 9.913525e-01 8.734879e+01 1.948757e-02 9.998099e-01 -6.426705e-04 -5.689906e+00 -9.911661e-01 1.923473e-02 -1.312243e-01 1.062858e+02
-1.297945e-01 7.040084e-03 9.915159e-01 8.819557e+01 2.040016e-02 9.997821e-01 -4.428295e-03 -5.717941e+00 -9.913311e-01 1.965231e-02 -1.299099e-01 1.061799e+02
-1.276834e-01 1.337617e-02 9.917248e-01 8.904327e+01 2.072071e-02 9.997268e-01 -1.081634e-02 -5.742522e+00 -9.915985e-01 1.916817e-02 -1.279257e-01 1.060757e+02
-1.243722e-01 1.491375e-02 9.921235e-01 9.075627e+01 1.760024e-02 9.997629e-01 -1.282223e-02 -5.799013e+00 -9.920796e-01 1.586688e-02 -1.246052e-01 1.058789e+02
-1.234953e-01 1.196673e-02 9.922730e-01 9.162156e+01 1.793269e-02 9.997909e-01 -9.825554e-03 -5.830094e+00 -9.921832e-01 1.658070e-02 -1.236840e-01 1.057772e+02
-1.221479e-01 1.038791e-02 9.924575e-01 9.334712e+01 1.873840e-02 9.997911e-01 -8.158425e-03 -5.883872e+00 -9.923350e-01 1.760053e-02 -1.223170e-01 1.055741e+02
-1.217251e-01 9.881780e-03 9.925146e-01 9.421112e+01 1.754070e-02 9.998157e-01 -7.803231e-03 -5.910917e+00 -9.924089e-01 1.645954e-02 -1.218760e-01 1.054745e+02
-1.209477e-01 8.898539e-03 9.926190e-01 9.507445e+01 2.017227e-02 9.997753e-01 -6.504768e-03 -5.936408e+00 -9.924539e-01 1.923664e-02 -1.211000e-01 1.053717e+02
-1.174633e-01 1.238153e-02 9.930000e-01 9.849885e+01 2.292434e-02 9.996896e-01 -9.753196e-03 -6.038151e+00 -9.928126e-01 2.161822e-02 -1.177107e-01 1.049697e+02
-1.172208e-01 5.690447e-03 9.930896e-01 1.002020e+02 1.305697e-02 9.999060e-01 -4.188312e-03 -6.095973e+00 -9.930201e-01 1.247578e-02 -1.172840e-01 1.047876e+02
-1.183671e-01 6.041275e-03 9.929515e-01 1.010431e+02 9.720484e-03 9.999406e-01 -4.925050e-03 -6.123256e+00 -9.929224e-01 9.069002e-03 -1.184188e-01 1.046963e+02
-1.197342e-01 1.068369e-02 9.927485e-01 1.018778e+02 6.446464e-03 9.999294e-01 -9.983472e-03 -6.148741e+00 -9.927851e-01 5.204352e-03 -1.197946e-01 1.046056e+02
-1.209697e-01 1.392892e-02 9.925585e-01 1.035359e+02 6.373522e-03 9.998918e-01 -1.325505e-02 -6.203992e+00 -9.926358e-01 4.722631e-03 -1.210454e-01 1.044140e+02
-1.220013e-01 1.359193e-02 9.924369e-01 1.051785e+02 8.617162e-03 9.998830e-01 -1.263459e-02 -6.267117e+00 -9.924926e-01 7.010550e-03 -1.221041e-01 1.042165e+02
-1.231222e-01 1.819136e-02 9.922248e-01 1.067982e+02 9.661891e-03 9.998065e-01 -1.713145e-02 -6.331199e+00 -9.923445e-01 7.477501e-03 -1.232742e-01 1.040206e+02
-1.243020e-01 1.823554e-02 9.920768e-01 1.076027e+02 7.972666e-03 9.998172e-01 -1.737889e-02 -6.362544e+00 -9.922124e-01 5.749264e-03 -1.244246e-01 1.039256e+02
-1.296089e-01 1.774251e-02 9.914064e-01 1.091918e+02 5.753134e-03 9.998365e-01 -1.714126e-02 -6.429851e+00 -9.915485e-01 3.482031e-03 -1.296898e-01 1.037315e+02
-1.362271e-01 2.224775e-02 9.904278e-01 1.107566e+02 4.321779e-03 9.997516e-01 -2.186276e-02 -6.493157e+00 -9.906682e-01 1.302107e-03 -1.362894e-01 1.035305e+02
-1.422740e-01 2.044221e-02 9.896162e-01 1.123078e+02 5.216391e-03 9.997883e-01 -1.990239e-02 -6.558137e+00 -9.898136e-01 2.330629e-03 -1.423506e-01 1.033200e+02
-1.448094e-01 2.128516e-02 9.892306e-01 1.130783e+02 7.013069e-03 9.997655e-01 -2.048523e-02 -6.588770e+00 -9.894347e-01 3.971085e-03 -1.449247e-01 1.032107e+02
-1.469150e-01 2.569409e-02 9.888153e-01 1.138417e+02 2.553576e-03 9.996691e-01 -2.559672e-02 -6.625419e+00 -9.891459e-01 -1.235529e-03 -1.469320e-01 1.031087e+02
-1.540003e-01 3.424775e-02 9.874771e-01 1.161173e+02 6.069612e-03 9.994130e-01 -3.371515e-02 -6.732518e+00 -9.880522e-01 8.014589e-04 -1.541177e-01 1.027662e+02
-1.597956e-01 2.329694e-02 9.868752e-01 1.176391e+02 3.079438e-03 9.997284e-01 -2.310175e-02 -6.812258e+00 -9.871453e-01 -6.525398e-04 -1.598240e-01 1.025331e+02
-1.613565e-01 2.713452e-02 9.865231e-01 1.183859e+02 3.127759e-03 9.996310e-01 -2.698349e-02 -6.848109e+00 -9.868913e-01 -1.268356e-03 -1.613818e-01 1.024110e+02
-1.639985e-01 3.001508e-02 9.860038e-01 1.191312e+02 4.911652e-04 9.995393e-01 -3.034543e-02 -6.880154e+00 -9.864605e-01 -4.492314e-03 -1.639377e-01 1.022948e+02
-1.665879e-01 3.260343e-02 9.854874e-01 1.198732e+02 -3.815779e-04 9.994510e-01 -3.312991e-02 -6.916674e+00 -9.860266e-01 -5.895083e-03 -1.664840e-01 1.021780e+02
-1.703598e-01 4.083782e-02 9.845353e-01 1.213457e+02 3.882035e-03 9.991609e-01 -4.077276e-02 -6.993951e+00 -9.853743e-01 -3.124038e-03 -1.703753e-01 1.019311e+02
-1.756325e-01 4.109592e-02 9.835976e-01 1.228130e+02 3.401261e-03 9.991476e-01 -4.113830e-02 -7.073884e+00 -9.844500e-01 -3.879751e-03 -1.756226e-01 1.016844e+02
-1.849296e-01 3.586086e-02 9.820973e-01 1.242726e+02 1.000076e-02 9.993509e-01 -3.460773e-02 -7.157447e+00 -9.827009e-01 3.421729e-03 -1.851682e-01 1.014077e+02
-1.911026e-01 3.472870e-02 9.809555e-01 1.249966e+02 8.903726e-03 9.993941e-01 -3.364693e-02 -7.198722e+00 -9.815297e-01 2.304139e-03 -1.912961e-01 1.012695e+02
-1.993640e-01 3.441734e-02 9.793209e-01 1.257124e+02 7.623401e-03 9.994072e-01 -3.357135e-02 -7.237820e+00 -9.798959e-01 7.728352e-04 -1.995082e-01 1.011264e+02
-2.097442e-01 3.490405e-02 9.771331e-01 1.264247e+02 6.731302e-03 9.993905e-01 -3.425422e-02 -7.277349e+00 -9.777332e-01 -6.072494e-04 -2.098513e-01 1.009752e+02
-2.215235e-01 3.605602e-02 9.744882e-01 1.271315e+02 7.392757e-03 9.993496e-01 -3.529536e-02 -7.316019e+00 -9.751270e-01 -6.146005e-04 -2.216460e-01 1.008115e+02
-2.338325e-01 3.646334e-02 9.715929e-01 1.278368e+02 8.066085e-03 9.993349e-01 -3.556323e-02 -7.354262e+00 -9.722435e-01 -4.788901e-04 -2.339711e-01 1.006400e+02
-2.455518e-01 3.680717e-02 9.686844e-01 1.285371e+02 1.095265e-02 9.993204e-01 -3.519487e-02 -7.391647e+00 -9.693216e-01 1.967497e-03 -2.457881e-01 1.004561e+02
-2.668005e-01 3.681275e-02 9.630484e-01 1.299272e+02 1.816236e-02 9.992848e-01 -3.316625e-02 -7.464456e+00 -9.635807e-01 8.642454e-03 -2.672783e-01 1.000660e+02
-2.756318e-01 3.765500e-02 9.605255e-01 1.306177e+02 2.381571e-02 9.991932e-01 -3.233675e-02 -7.501316e+00 -9.609683e-01 1.396256e-02 -2.763062e-01 9.985681e+01
-2.832348e-01 3.770564e-02 9.583091e-01 1.313037e+02 2.916264e-02 9.991034e-01 -3.069152e-02 -7.535702e+00 -9.586071e-01 1.925391e-02 -2.840805e-01 9.964198e+01
-2.897949e-01 3.761505e-02 9.563493e-01 1.319861e+02 2.949442e-02 9.991038e-01 -3.035922e-02 -7.571493e+00 -9.566342e-01 1.940902e-02 -2.906446e-01 9.943215e+01
-2.944851e-01 3.618860e-02 9.549706e-01 1.326678e+02 3.289240e-02 9.990745e-01 -2.771687e-02 -7.602966e+00 -9.550899e-01 2.324906e-02 -2.954029e-01 9.921607e+01
-2.966293e-01 3.359043e-02 9.544017e-01 1.333449e+02 3.923959e-02 9.989659e-01 -2.296317e-02 -7.633871e+00 -9.541862e-01 3.063878e-02 -2.976407e-01 9.899266e+01
-2.975246e-01 3.271849e-02 9.541533e-01 1.340170e+02 4.590603e-02 9.987468e-01 -1.993319e-02 -7.665957e+00 -9.536099e-01 3.787077e-02 -2.986538e-01 9.876779e+01
-2.983373e-01 3.542957e-02 9.538027e-01 1.353466e+02 5.060939e-02 9.984922e-01 -2.125964e-02 -7.725113e+00 -9.531178e-01 4.192883e-02 -2.996805e-01 9.834062e+01
-2.968336e-01 3.904998e-02 9.541304e-01 1.360050e+02 5.058688e-02 9.984036e-01 -2.512421e-02 -7.752705e+00 -9.535884e-01 4.080876e-02 -2.983351e-01 9.813493e+01
-2.961325e-01 3.945679e-02 9.543315e-01 1.366601e+02 5.251239e-02 9.983078e-01 -2.498022e-02 -7.781433e+00 -9.537023e-01 4.271677e-02 -2.977033e-01 9.792651e+01
-2.943028e-01 3.805680e-02 9.549542e-01 1.373158e+02 5.415976e-02 9.982652e-01 -2.309160e-02 -7.809641e+00 -9.541764e-01 4.492415e-02 -2.958534e-01 9.771838e+01
-2.923629e-01 3.448849e-02 9.556853e-01 1.379665e+02 5.560800e-02 9.982716e-01 -1.901377e-02 -7.844579e+00 -9.546893e-01 4.758482e-02 -2.937755e-01 9.751185e+01
-2.908038e-01 3.523570e-02 9.561337e-01 1.386074e+02 5.699889e-02 9.981848e-01 -1.944944e-02 -7.876691e+00 -9.550834e-01 4.884258e-02 -2.922843e-01 9.731435e+01
-2.884384e-01 3.795384e-02 9.567459e-01 1.392425e+02 5.803494e-02 9.980700e-01 -2.209688e-02 -7.904561e+00 -9.557381e-01 4.915109e-02 -2.900843e-01 9.711981e+01
-2.841890e-01 3.956027e-02 9.579518e-01 1.398731e+02 5.961113e-02 9.979443e-01 -2.352743e-02 -7.934720e+00 -9.569134e-01 5.041834e-02 -2.859630e-01 9.692653e+01
-2.732552e-01 3.696237e-02 9.612312e-01 1.411304e+02 6.246963e-02 9.978340e-01 -2.061125e-02 -7.997921e+00 -9.599110e-01 5.441561e-02 -2.749723e-01 9.655453e+01
-2.684718e-01 3.498844e-02 9.626519e-01 1.417523e+02 6.244183e-02 9.978705e-01 -1.885424e-02 -8.029376e+00 -9.612616e-01 5.504790e-02 -2.700849e-01 9.637711e+01
-2.643665e-01 3.405038e-02 9.638210e-01 1.423690e+02 6.234759e-02 9.978894e-01 -1.815265e-02 -8.060370e+00 -9.624049e-01 5.529295e-02 -2.659315e-01 9.620436e+01
-2.604320e-01 3.275240e-02 9.649365e-01 1.429830e+02 6.330765e-02 9.978529e-01 -1.678322e-02 -8.087196e+00 -9.634144e-01 5.671696e-02 -2.619463e-01 9.603450e+01
-2.565355e-01 3.089812e-02 9.660408e-01 1.435939e+02 6.596060e-02 9.977184e-01 -1.439525e-02 -8.112439e+00 -9.642815e-01 6.002772e-02 -2.579883e-01 9.586352e+01
-2.524266e-01 3.007468e-02 9.671485e-01 1.442021e+02 6.925467e-02 9.975150e-01 -1.294344e-02 -8.136308e+00 -9.651345e-01 6.371227e-02 -2.538821e-01 9.569564e+01
-2.491217e-01 2.804319e-02 9.680661e-01 1.448014e+02 6.736837e-02 9.976611e-01 -1.156397e-02 -8.165921e+00 -9.661263e-01 6.233618e-02 -2.504283e-01 9.553897e+01
-2.455375e-01 2.857835e-02 9.689657e-01 1.453935e+02 6.436852e-02 9.978399e-01 -1.311887e-02 -8.194245e+00 -9.672477e-01 5.914970e-02 -2.468467e-01 9.539074e+01
-2.285944e-01 3.660572e-02 9.728333e-01 1.471435e+02 6.685380e-02 9.975240e-01 -2.182562e-02 -8.273094e+00 -9.712236e-01 6.004838e-02 -2.304757e-01 9.496498e+01
-2.097253e-01 3.283610e-02 9.772088e-01 1.483017e+02 6.249012e-02 9.978428e-01 -2.011803e-02 -8.330790e+00 -9.757614e-01 5.684662e-02 -2.113248e-01 9.471843e+01
-1.971660e-01 3.170632e-02 9.798573e-01 1.488778e+02 6.374538e-02 9.977764e-01 -1.945937e-02 -8.357320e+00 -9.782955e-01 5.862464e-02 -1.987487e-01 9.460227e+01
-1.839779e-01 3.008949e-02 9.824697e-01 1.494512e+02 6.353833e-02 9.978049e-01 -1.866093e-02 -8.384287e+00 -9.808746e-01 5.899128e-02 -1.854859e-01 9.449786e+01
-1.502165e-01 2.848254e-02 9.882427e-01 1.505932e+02 6.198793e-02 9.978895e-01 -1.933820e-02 -8.438291e+00 -9.867079e-01 5.835419e-02 -1.516650e-01 9.432475e+01
-1.292397e-01 2.755995e-02 9.912303e-01 1.511604e+02 6.132119e-02 9.979226e-01 -1.975078e-02 -8.463908e+00 -9.897155e-01 5.823082e-02 -1.306613e-01 9.425103e+01
-1.069882e-01 2.734453e-02 9.938842e-01 1.517288e+02 5.816595e-02 9.980818e-01 -2.119866e-02 -8.491499e+00 -9.925575e-01 5.554220e-02 -1.083735e-01 9.419972e+01
-6.359000e-02 2.925630e-02 9.975472e-01 1.528539e+02 4.649933e-02 9.985714e-01 -2.632219e-02 -8.551506e+00 -9.968923e-01 4.471144e-02 -6.485956e-02 9.414214e+01
-4.405511e-02 3.007958e-02 9.985762e-01 1.534149e+02 4.018528e-02 9.987910e-01 -2.831317e-02 -8.579884e+00 -9.982206e-01 3.888071e-02 -4.521060e-02 9.413044e+01
-2.829096e-02 2.964958e-02 9.991599e-01 1.539729e+02 3.328137e-02 9.990337e-01 -2.870349e-02 -8.607328e+00 -9.990456e-01 3.244136e-02 -2.925040e-02 9.412758e+01
-1.508953e-02 2.533972e-02 9.995650e-01 1.550895e+02 1.662867e-02 9.995469e-01 -2.508824e-02 -8.663502e+00 -9.997479e-01 1.624286e-02 -1.550407e-02 9.413926e+01
-2.109399e-02 2.189851e-02 9.995376e-01 1.556469e+02 9.131974e-03 9.997226e-01 -2.170985e-02 -8.688323e+00 -9.997358e-01 8.669800e-03 -2.128812e-02 9.413797e+01
-3.339952e-02 1.870088e-02 9.992671e-01 1.561965e+02 6.110325e-03 9.998100e-01 -1.850682e-02 -8.709648e+00 -9.994234e-01 5.487725e-03 -3.350745e-02 9.412065e+01
-5.946910e-02 1.519122e-02 9.981145e-01 1.572847e+02 8.193505e-03 9.998579e-01 -1.472958e-02 -8.747148e+00 -9.981966e-01 7.302098e-03 -5.958512e-02 9.405245e+01
-7.151987e-02 1.443012e-02 9.973348e-01 1.578214e+02 9.621680e-03 9.998588e-01 -1.377666e-02 -8.765511e+00 -9.973928e-01 8.610728e-03 -7.164862e-02 9.400733e+01
-8.537735e-02 1.386193e-02 9.962522e-01 1.583533e+02 6.951610e-03 9.998871e-01 -1.331677e-02 -8.782045e+00 -9.963245e-01 5.788603e-03 -8.546408e-02 9.396008e+01
-1.016683e-01 1.235219e-02 9.947417e-01 1.588792e+02 2.286106e-03 9.999231e-01 -1.218288e-02 -8.797332e+00 -9.948158e-01 1.035469e-03 -1.016887e-01 9.390679e+01
-1.342507e-01 1.100316e-02 9.908863e-01 1.599158e+02 5.077193e-03 9.999328e-01 -1.041573e-02 -8.829814e+00 -9.909344e-01 3.632599e-03 -1.342976e-01 9.375723e+01
-1.629326e-01 7.570467e-03 9.866081e-01 1.609386e+02 6.761994e-03 9.999556e-01 -6.556186e-03 -8.861136e+00 -9.866141e-01 5.603219e-03 -1.629766e-01 9.357816e+01
-1.889989e-01 6.360769e-03 9.819567e-01 1.619306e+02 5.137210e-03 9.999717e-01 -5.488702e-03 -8.890957e+00 -9.819639e-01 4.007156e-03 -1.890262e-01 9.338617e+01
-2.099177e-01 1.021626e-02 9.776657e-01 1.628990e+02 1.352771e-02 9.998800e-01 -7.543823e-03 -8.919301e+00 -9.776255e-01 1.164199e-02 -2.100308e-01 9.316096e+01
-2.174003e-01 1.130058e-02 9.760171e-01 1.633789e+02 1.394518e-02 9.998669e-01 -8.470543e-03 -8.934349e+00 -9.759830e-01 1.176923e-02 -2.175289e-01 9.304986e+01
-2.223591e-01 1.113624e-02 9.749012e-01 1.638542e+02 1.540583e-02 9.998500e-01 -7.907419e-03 -8.947930e+00 -9.748431e-01 1.326087e-02 -2.224974e-01 9.293874e+01
-2.293559e-01 9.113780e-03 9.732999e-01 1.657438e+02 1.912253e-02 9.998053e-01 -4.855798e-03 -9.013537e+00 -9.731548e-01 1.749824e-02 -2.294855e-01 9.251318e+01
-2.350495e-01 1.202891e-02 9.719089e-01 1.666749e+02 1.713075e-02 9.998193e-01 -8.231399e-03 -9.042484e+00 -9.718325e-01 1.471474e-02 -2.352131e-01 9.229964e+01
-2.443866e-01 1.294450e-02 9.695914e-01 1.676334e+02 1.572711e-02 9.998323e-01 -9.384196e-03 -9.058955e+00 -9.695504e-01 1.295549e-02 -2.445492e-01 9.206950e+01
-2.553035e-01 1.222543e-02 9.667836e-01 1.686218e+02 1.759326e-02 9.998132e-01 -7.997165e-03 -9.082588e+00 -9.667009e-01 1.496716e-02 -2.554709e-01 9.181029e+01
-2.665264e-01 1.431077e-02 9.637214e-01 1.696389e+02 1.961510e-02 9.997632e-01 -9.421237e-03 -9.107717e+00 -9.636280e-01 1.639248e-02 -2.667440e-01 9.152630e+01
-2.775093e-01 1.743581e-02 9.605647e-01 1.706832e+02 2.029199e-02 9.997186e-01 -1.228412e-02 -9.132048e+00 -9.605087e-01 1.608281e-02 -2.777850e-01 9.122588e+01
-2.873398e-01 1.919299e-02 9.576364e-01 1.717484e+02 2.829411e-02 9.995330e-01 -1.154301e-02 -9.163386e+00 -9.574107e-01 2.377870e-02 -2.877487e-01 9.089653e+01
-2.953670e-01 1.606871e-02 9.552487e-01 1.728366e+02 2.678467e-02 9.996048e-01 -8.532921e-03 -9.193889e+00 -9.550084e-01 2.306567e-02 -2.956807e-01 9.056912e+01
-3.037054e-01 1.132475e-02 9.526987e-01 1.761157e+02 3.320492e-02 9.994477e-01 -1.295251e-03 -9.273390e+00 -9.521872e-01 3.124090e-02 -3.039137e-01 8.951351e+01
-3.006426e-01 1.210122e-02 9.536601e-01 1.771976e+02 3.430652e-02 9.994096e-01 -1.866579e-03 -9.302397e+00 -9.531197e-01 3.215558e-02 -3.008802e-01 8.917394e+01
-2.733511e-01 1.248095e-02 9.618333e-01 1.812821e+02 3.703569e-02 9.993109e-01 -2.441812e-03 -9.417670e+00 -9.612011e-01 3.495468e-02 -2.736250e-01 8.799373e+01
-2.609832e-01 5.114162e-03 9.653298e-01 1.821857e+02 4.013209e-02 9.991789e-01 5.556475e-03 -9.443133e+00 -9.645088e-01 4.019084e-02 -2.609741e-01 8.775348e+01
-2.414348e-01 2.284986e-03 9.704143e-01 1.830265e+02 3.975206e-02 9.991811e-01 7.537411e-03 -9.464732e+00 -9.696025e-01 4.039575e-02 -2.413280e-01 8.756152e+01
-5.616419e-02 5.016196e-03 9.984089e-01 1.861937e+02 2.635121e-02 9.996465e-01 -3.540066e-03 -9.547399e+00 -9.980738e-01 2.611045e-02 -5.627652e-02 8.724422e+01
3.700005e-02 -5.197322e-03 9.993017e-01 1.873319e+02 1.381041e-02 9.998936e-01 4.689056e-03 -9.588216e+00 -9.992199e-01 1.362726e-02 3.706789e-02 8.734029e+01
1.351236e-01 -1.098431e-02 9.907678e-01 1.884238e+02 1.319666e-02 9.998698e-01 9.285428e-03 -9.620615e+00 -9.907409e-01 1.182014e-02 1.352510e-01 8.752595e+01
1.704443e-01 -1.005290e-02 9.853160e-01 1.887883e+02 1.251008e-02 9.998894e-01 8.037535e-03 -9.627618e+00 -9.852879e-01 1.095643e-02 1.705512e-01 8.761924e+01
3.289804e-01 1.435245e-04 9.443367e-01 1.902336e+02 7.240976e-03 9.999702e-01 -2.674536e-03 -9.651550e+00 -9.443090e-01 7.717786e-03 3.289696e-01 8.815725e+01
4.161375e-01 9.994793e-03 9.092468e-01 1.909490e+02 -1.116839e-03 9.999444e-01 -1.048063e-02 -9.672989e+00 -9.093011e-01 3.345899e-03 4.161255e-01 8.855409e+01
4.594585e-01 1.130725e-02 8.881272e-01 1.913201e+02 8.704227e-04 9.999127e-01 -1.318076e-02 -9.684160e+00 -8.881988e-01 6.829056e-03 4.594086e-01 8.878162e+01
6.241385e-01 1.187157e-02 7.812235e-01 1.927478e+02 1.752189e-03 9.998608e-01 -1.659387e-02 -9.734985e+00 -7.813118e-01 1.172572e-02 6.240308e-01 8.992948e+01
6.976322e-01 1.360725e-02 7.163268e-01 1.934542e+02 -4.660140e-03 9.998846e-01 -1.445516e-02 -9.771782e+00 -7.164409e-01 6.746199e-03 6.976152e-01 9.068449e+01
7.309139e-01 1.324663e-02 6.823412e-01 1.937797e+02 -4.234771e-03 9.998804e-01 -1.487496e-02 -9.788979e+00 -6.824566e-01 7.982752e-03 7.308825e-01 9.108783e+01
7.618590e-01 1.254854e-02 6.476213e-01 1.941207e+02 -3.911125e-03 9.998832e-01 -1.477307e-02 -9.805979e+00 -6.477311e-01 8.722066e-03 7.618191e-01 9.152895e+01
7.897710e-01 1.072756e-02 6.133080e-01 1.944379e+02 -2.361531e-03 9.998928e-01 -1.444845e-02 -9.823861e+00 -6.133973e-01 9.962618e-03 7.897117e-01 9.198893e+01
8.824760e-01 8.530372e-03 4.702801e-01 1.959764e+02 -7.021209e-03 9.999630e-01 -4.963022e-03 -9.912797e+00 -4.703050e-01 1.077812e-03 8.825033e-01 9.471148e+01
8.929201e-01 6.551292e-03 4.501676e-01 1.962715e+02 -6.486757e-03 9.999775e-01 -1.686020e-03 -9.928192e+00 -4.501685e-01 -1.414647e-03 8.929425e-01 9.532711e+01
9.015920e-01 3.695464e-03 4.325716e-01 1.965617e+02 -4.113073e-03 9.999915e-01 2.977397e-05 -9.940191e+00 -4.325678e-01 -1.806043e-03 9.015996e-01 9.595704e+01
9.237788e-01 -6.958991e-03 3.828633e-01 1.974182e+02 7.193970e-03 9.999738e-01 8.179753e-04 -9.970244e+00 -3.828589e-01 1.998678e-03 9.238047e-01 9.797014e+01
9.415907e-01 -6.089185e-03 3.367045e-01 1.982071e+02 6.659661e-03 9.999777e-01 -5.394187e-04 -1.000261e+01 -3.366937e-01 2.750248e-03 9.416102e-01 1.001604e+02
9.448573e-01 -3.593169e-03 3.274625e-01 1.984618e+02 3.568112e-03 9.999934e-01 6.772963e-04 -1.001358e+01 -3.274628e-01 5.284742e-04 9.448639e-01 1.009262e+02
9.462461e-01 -7.863739e-04 3.234465e-01 1.987161e+02 5.581754e-05 9.999974e-01 2.267932e-03 -1.002705e+01 -3.234474e-01 -2.127968e-03 9.462438e-01 1.017027e+02
