9.996626909419956686e-01 -3.963185971843730202e-04 -2.596819728394056392e-02 -8.038935000000000386e-01 5.611957551053054416e-04 9.999797304776172346e-01 6.342215167933527332e-03 2.043245999999999951e-01 2.596515738316607785e-02 -6.354649123393055730e-03 9.996426506690208047e-01 -8.285424000000000122e-01
9.996963167254263594e-01 -5.005727628794895238e-04 -2.463785202742154942e-02 -8.088454999999999950e-01 4.101565464858978835e-04 9.999931640573341829e-01 -3.674725868523060109e-03 2.080702000000000107e-01 2.463952307215851525e-02 3.663504539437748529e-03 9.996896881719177230e-01 -7.799945999999999824e-01
9.996548635177826547e-01 -2.899286714730261571e-03 -2.611030413053412949e-02 -8.096048999999999607e-01 2.756204370141518509e-03 9.999809980592599956e-01 -5.514241369046780569e-03 2.075692000000000093e-01 2.612579535082543494e-02 5.440372868828268621e-03 9.996438591620191438e-01 -7.556401000000000368e-01
9.995706915702005091e-01 -4.113481122297103429e-03 -2.900882325995780137e-02 -8.127828000000000275e-01 3.906807336914706191e-03 9.999666089178446127e-01 -7.177597493485537994e-03 2.067794000000000021e-01 2.903737953575000197e-02 7.061184206828613127e-03 9.995533854013470831e-01 -6.797298000000000506e-01
9.995820282800258472e-01 -1.182470256108343002e-03 -2.888547219075690911e-02 -8.167288000000000325e-01 7.932784872330891782e-04 9.999088076371009937e-01 -1.348136191164214619e-02 2.055491000000000124e-01 2.889877936576673231e-02 1.345281285993384611e-02 9.994918120611715473e-01 -6.278964000000000212e-01
9.995207863062152143e-01 2.275050478435056579e-03 -3.087105257560632948e-02 -8.193544000000000382e-01 -2.835726075277437714e-03 9.998316122467301170e-01 -1.813024571621468448e-02 2.051495000000000124e-01 3.082460704423122672e-02 1.820909930295569815e-02 9.993589306666268435e-01 -5.740326999999999513e-01
9.994522901651625713e-01 4.490344869897082598e-03 -3.278652904107075966e-02 -8.203141000000000460e-01 -4.856629305546107840e-03 9.999265909008581144e-01 -1.110071894862793389e-02 2.044674999999999965e-01 3.273427615512673056e-02 1.125387099345400745e-02 9.994007292133935128e-01 -5.463839000000000334e-01
9.994151613633721620e-01 6.876713650028692774e-03 -3.349695577810297975e-02 -8.231794000000000056e-01 -6.688848575325715730e-03 9.999612853827468673e-01 5.717258120890226017e-03 2.035065000000000068e-01 3.353497490324154617e-02 -5.489858382511442897e-03 9.994224666842239646e-01 -4.879699000000000120e-01
9.993411845677387939e-01 8.630393467658935974e-03 -3.525213660676353167e-02 -8.244991999999999877e-01 -8.473947020630714921e-03 9.999535842357960558e-01 4.584931392736715100e-03 2.031621000000000121e-01 3.529007011384464876e-02 -4.283186031209570976e-03 9.993679328799688344e-01 -4.582323999999999842e-01
9.992351811188533439e-01 9.165038163857601450e-03 -3.801387759525975268e-02 -8.269522999999999735e-01 -9.501208498065856489e-03 9.999172570197414345e-01 -8.672148014918446002e-03 2.028000000000000080e-01 3.793125164621698880e-02 9.026693169229056679e-03 9.992395803604758875e-01 -3.958445999999999909e-01
9.992016483757283352e-01 6.698125542725973623e-03 -3.938528909937301370e-02 -8.301969999999999628e-01 -6.676403141717904798e-03 9.999774792961051428e-01 6.830385764257791400e-04 2.032619999999999982e-01 3.938897719307481171e-02 -4.195412035883275660e-04 9.992238650376911169e-01 -3.272559999999999913e-01
9.992303541668062783e-01 6.877750174181112425e-03 -3.861859479862435329e-02 -8.322216999999999532e-01 -6.555148242801999217e-03 9.999426093856690345e-01 8.473958136200747046e-03 2.025125000000000119e-01 3.867466022079152355e-02 -8.214285575796878916e-03 9.992180923948912330e-01 -2.947291000000000216e-01
9.992788900804731034e-01 3.596560593554788601e-03 -3.779900251904298042e-02 -8.373677000000000481e-01 -3.340148367113789703e-03 9.999709974658687051e-01 6.844533293160486205e-03 2.026767999999999903e-01 3.782252303090575390e-02 -6.713343355765744210e-03 9.992619215063507365e-01 -1.876876000000000100e-01
9.993038604584519868e-01 5.931787833546092389e-03 -3.683216482820914073e-02 -8.391979000000000521e-01 -5.804150972880431705e-03 9.999767784666040438e-01 3.571324549269447052e-03 2.025048999999999877e-01 3.685249386837453900e-02 -3.355058963714057079e-03 9.993150840826087178e-01 -1.507651000000000130e-01
9.993434441011023184e-01 3.323321201126563929e-03 -3.607819657828047893e-02 -8.406027000000000360e-01 -3.420764972256109572e-03 9.999906656255022064e-01 -2.639512998558933999e-03 2.024050000000000016e-01 3.606908786137365958e-02 2.761195041846665598e-03 9.993454841558996327e-01 -1.127603999999999967e-01
9.993527359747242933e-01 1.953597340078456774e-03 -3.592064249517130936e-02 -8.457770000000000010e-01 -2.498353960476683896e-03 9.998824601553881752e-01 -1.512693297059025145e-02 1.999410000000000076e-01 3.588686845241917389e-02 1.520688433050630846e-02 9.992401529870771348e-01 4.738749999999999907e-02
9.993548742464363199e-01 9.862727029482825855e-03 -3.453349005576173553e-02 -8.522072000000000536e-01 -1.054258638655975779e-02 9.997530893392724272e-01 -1.956052731555619345e-02 1.965709999999999957e-01 3.433204322744876774e-02 1.991198061777391115e-02 9.992121015258501604e-01 1.748107999999999884e-01
9.992691860083474653e-01 1.222626292436468712e-02 -3.621618959966589613e-02 -8.547025000000000317e-01 -1.295903512040800371e-02 9.997146263949583389e-01 -2.006811353209350668e-02 1.938064999999999927e-01 3.596049642263958457e-02 2.052277434688760949e-02 9.991424615289573596e-01 2.620779999999999776e-01
9.992551401994428373e-01 1.250142682187674499e-02 -3.650861696105418136e-02 -8.563901000000000430e-01 -1.324682539740954478e-02 9.997072466671956814e-01 -2.024703874607799298e-02 1.925254999999999883e-01 3.624481206851896259e-02 2.071558081521970851e-02 9.991282091451555436e-01 3.064494999999999858e-01
9.992306850524452777e-01 1.333578096007572746e-02 -3.688082151750343707e-02 -8.580822000000000171e-01 -1.405085471591394249e-02 9.997169647156683991e-01 -1.919801920624597188e-02 1.910028000000000004e-01 3.661436236469702010e-02 1.970145694805315942e-02 9.991352466321817838e-01 3.514008000000000131e-01
9.991616514386404413e-01 1.489994665975696332e-02 -3.813116683167516036e-02 -8.610769999999999813e-01 -1.552065991663304466e-02 9.997509718612777041e-01 -1.603444349464459504e-02 1.880149000000000126e-01 3.788275874538266780e-02 1.661282191462748817e-02 9.991440890771821071e-01 4.417333999999999983e-01
9.990949705406587666e-01 1.646387658751544136e-02 -3.921964569028176667e-02 -8.644965000000000011e-01 -1.720100545525890534e-02 9.996802909551443239e-01 -1.853216898169691637e-02 1.855001000000000011e-01 3.890199547180490242e-02 1.919001416229484600e-02 9.990587460729035696e-01 5.334413999999999545e-01
9.990629359599551007e-01 1.560460846492913410e-02 -4.037011500765222416e-02 -8.681759000000000004e-01 -1.622139738579319451e-02 9.997559609998476482e-01 -1.499615657838360670e-02 1.826413000000000064e-01 4.012625397326527454e-02 1.563696389736441913e-02 9.990722541949333957e-01 6.277167999999999637e-01
9.989794401451428385e-01 1.677656989748294719e-02 -4.193596153388959996e-02 -8.720856999999999637e-01 -1.719034577671783165e-02 9.998068571951291839e-01 -9.525771237827376434e-03 1.801987999999999923e-01 4.176805213765514418e-02 1.023694329736219745e-02 9.990748894915498779e-01 7.228440999999999894e-01
9.989177232908710291e-01 1.676099207329713112e-02 -4.338722438808162440e-02 -8.760892999999999597e-01 -1.725604238370042828e-02 9.997899222454361690e-01 -1.106075846028364146e-02 1.780477000000000032e-01 4.319272041252794625e-02 1.179747944196863144e-02 9.989971012881776469e-01 8.190102000000000215e-01
9.988303615591703766e-01 1.731263475349186995e-02 -4.514622360141687385e-02 -8.809291999999999678e-01 -1.779539075813451124e-02 9.997884581216442967e-01 -1.031324752493294368e-02 1.755972000000000088e-01 4.495812379695404704e-02 1.110457944441931889e-02 9.989271522088186694e-01 9.159878000000000187e-01
9.987706238937106296e-01 1.795025683135368158e-02 -4.620637538972749425e-02 -8.832594999999999752e-01 -1.836900154497565427e-02 9.997938240447881153e-01 -8.653853716116948272e-03 1.744351000000000096e-01 4.604150984935936886e-02 9.491979856052658662e-03 9.988944297017596785e-01 9.646251999999999605e-01
9.987232525001270567e-01 1.791092139286227375e-02 -4.723413818866676467e-02 -8.856186999999999809e-01 -1.821934842205637228e-02 9.998153611309729127e-01 -6.107289875045239513e-03 1.732221999999999928e-01 4.711602974193678656e-02 6.960067629041154572e-03 9.988651746857309943e-01 1.013299500000000020e+00
9.986166644107755674e-01 2.062102962175306475e-02 -4.836869543863197424e-02 -8.905792000000000153e-01 -2.114190920781398864e-02 9.997236106604620032e-01 -1.028211860744413647e-02 1.706883999999999901e-01 4.814329897446689016e-02 1.129050155430579711e-02 9.987766253464822608e-01 1.109918100000000019e+00
9.985569284338806639e-01 2.227505477682506854e-02 -4.886596577765736638e-02 -8.956151999999999447e-01 -2.301967316482058865e-02 9.996265143100302453e-01 -1.472842611291458499e-02 1.679394999999999916e-01 4.851963854027127598e-02 1.583205050106232734e-02 9.986967461911815391e-01 1.207288700000000103e+00
9.984967060173545184e-01 2.467503700343551959e-02 -4.894354524727154154e-02 -9.007243999999999806e-01 -2.520586453828948387e-02 9.996296479713611127e-01 -1.025823033130460193e-02 1.650667000000000106e-01 4.867229669298572814e-02 1.147647356690132889e-02 9.987488663768776531e-01 1.304380799999999896e+00
9.985294173048439026e-01 2.352540960645308973e-02 -4.884217316722685304e-02 -9.059112999999999749e-01 -2.403005819170005511e-02 9.996634872866652088e-01 -9.770797775350809067e-03 1.622448999999999975e-01 4.859587513516223228e-02 1.093010927264206206e-02 9.987587164231087611e-01 1.401735699999999918e+00
9.985544040495255569e-01 2.255955913434195062e-02 -4.878697003259267750e-02 -9.083002000000000020e-01 -2.316342572333850505e-02 9.996614853485995544e-01 -1.184780230216669547e-02 1.611023000000000038e-01 4.850317373179148517e-02 1.296074852375336123e-02 9.987389354258938701e-01 1.450575200000000065e+00
9.985427254986052326e-01 2.312103908461815224e-02 -4.876313059540480360e-02 -9.108230999999999966e-01 -2.382621157964342692e-02 9.996190641318523085e-01 -1.392976187598602734e-02 1.595672999999999953e-01 4.842248440114375191e-02 1.507130305604555305e-02 9.987132315277562622e-01 1.499211000000000071e+00
9.986270023034192755e-01 1.866608304659142861e-02 -4.894576196346588082e-02 -9.180112000000000272e-01 -1.974039247544807571e-02 9.995726893350602715e-01 -2.155819195550216089e-02 1.544818000000000024e-01 4.852243991599952677e-02 2.249480115877348918e-02 9.985687541403572842e-01 1.644570199999999982e+00
9.986636486507710631e-01 1.706886809524710974e-02 -4.878084260728235422e-02 -9.204466000000000037e-01 -1.803088094737583663e-02 9.996501795611550945e-01 -1.934956939086712735e-02 1.528042000000000011e-01 4.843350282388170225e-02 2.020327313326922974e-02 9.986220624234734000e-01 1.693389199999999928e+00
9.987141031781655576e-01 1.485348780321795077e-02 -4.847178574296785031e-02 -9.251646999999999510e-01 -1.523020887015278692e-02 9.998565420378847657e-01 -7.411887871193355987e-03 1.495624000000000120e-01 4.835473969327148264e-02 8.140592369310689982e-03 9.987970514098811758e-01 1.791012599999999955e+00
9.987314945777027164e-01 1.332270070653544455e-02 -4.855828852494899900e-02 -9.274318000000000284e-01 -1.367056132108222799e-02 9.998831670870618193e-01 -6.838708146525218808e-03 1.482678000000000051e-01 4.846150525679784188e-02 7.493852269086962413e-03 9.987969386649192538e-01 1.839788399999999990e+00
9.987949977928645140e-01 1.040608413025768605e-02 -4.796108627862402662e-02 -9.301186000000000176e-01 -1.089322082874407543e-02 9.998915911535214418e-01 -9.906749237529783453e-03 1.470880999999999994e-01 4.785279640656160682e-02 1.041726228685252095e-02 9.988000753516786956e-01 1.888892299999999969e+00
9.987334540079667589e-01 1.037267482134333028e-02 -4.923307285115671034e-02 -9.335803000000000296e-01 -1.122167867785598717e-02 9.997925220189460838e-01 -1.699961301460243060e-02 1.440413000000000110e-01 4.904652661471132352e-02 1.753055994673182252e-02 9.986426376311930975e-01 1.984437900000000088e+00
9.987317558534484219e-01 1.354210652350055881e-02 -4.849217669680341153e-02 -9.391812999999999967e-01 -1.464671120418825807e-02 9.996396233767189665e-01 -2.249660476943942874e-02 1.410886000000000084e-01 4.817004983170503768e-02 2.317832448986384755e-02 9.985701835990565822e-01 2.081786199999999809e+00
9.986971333850622745e-01 1.796898413923039839e-02 -4.776140049729707404e-02 -9.418155000000000276e-01 -1.887135410439520072e-02 9.996505654496167237e-01 -1.850997003044502903e-02 1.390331999999999957e-01 4.741210565589393244e-02 1.938717630975519274e-02 9.986872531638765205e-01 2.130591599999999808e+00
9.986870011267355851e-01 1.871768505120420187e-02 -4.768565871214940077e-02 -9.468644999999999978e-01 -1.949807658290561227e-02 9.996826123544768627e-01 -1.595304252159689129e-02 1.357206999999999997e-01 4.737191984767781527e-02 1.686187482021668516e-02 9.987349890674165342e-01 2.228641300000000047e+00
9.987018153011222310e-01 1.757062014407262743e-02 -4.781168708585626509e-02 -9.491808000000000467e-01 -1.831782434472769769e-02 9.997161354653755216e-01 -1.523501891862249005e-02 1.340728999999999949e-01 4.753042631324514572e-02 1.609104713583902127e-02 9.987401748085201758e-01 2.277686600000000006e+00
9.986842419175594454e-01 1.409836229102967749e-02 -4.930538638181950623e-02 -9.562336000000000169e-01 -1.460221693252754076e-02 9.998446294764682385e-01 -9.873812218150423980e-03 1.292343999999999993e-01 4.915852119627934363e-02 1.058078861780931135e-02 9.987349431686167733e-01 2.424461400000000211e+00
9.986578621256689825e-01 1.351272945053073882e-02 -4.999880555958576694e-02 -9.586135000000000073e-01 -1.408275718572845475e-02 9.998395952818328603e-01 -1.106614913637360247e-02 1.275940999999999881e-01 4.984125163593224744e-02 1.175541787676677614e-02 9.986879691805174986e-01 2.472926399999999969e+00
9.984393194624332502e-01 1.742086143794436409e-02 -5.306070992884584503e-02 -9.690060999999999813e-01 -1.803430161626115580e-02 9.997757041349385476e-01 -1.110429586698224134e-02 1.212275000000000019e-01 5.285536223134694456e-02 1.204387845536900904e-02 9.985295467211500187e-01 2.665038599999999924e+00
9.982083259386775875e-01 1.976027617514713314e-02 -5.647715920781497950e-02 -9.791174999999999740e-01 -2.029891041406410579e-02 9.997536315576125432e-01 -8.979444491025858482e-03 1.154828999999999994e-01 5.628580871502841115e-02 1.010978104844647424e-02 9.983635109840742761e-01 2.853228300000000051e+00
9.981343621570732960e-01 1.841250254817686921e-02 -5.821318434174455742e-02 -9.842541000000000206e-01 -1.893608826591830496e-02 9.997849419949349503e-01 -8.455431471541003524e-03 1.122183999999999959e-01 5.804497947693585541e-02 9.541986695544870528e-03 9.982683661458096047e-01 2.946106200000000008e+00
9.980704857085507253e-01 1.736642717215316004e-02 -5.961302512682989385e-02 -9.895547000000000093e-01 -1.762060504405199915e-02 9.998377474343242977e-01 -3.740732994730960881e-03 1.091228999999999949e-01 5.953838959343191184e-02 4.783932768198148611e-03 9.982145531657460324e-01 3.035980700000000088e+00
9.980573679276671939e-01 1.600720336486097239e-02 -6.021013009231038215e-02 -9.922493999999999481e-01 -1.619750368089151876e-02 9.998652366706766159e-01 -2.673830959343602692e-03 1.077179000000000053e-01 6.015921541879068468e-02 3.643890493363140162e-03 9.981821431293327329e-01 3.079426999999999914e+00
9.981258051394137354e-01 1.597691741994626199e-02 -5.907296525952588501e-02 -9.961565000000000003e-01 -1.608803379912283546e-02 9.998695908720351966e-01 -1.405851296219304790e-03 1.060313999999999979e-01 5.904280043557568608e-02 2.353584318654843976e-03 9.982526776110243194e-01 3.120405400000000107e+00
9.970278665982740263e-01 1.636372383922077289e-02 -7.528387455895216296e-02 -1.006526000000000032e+00 -1.661889598537301393e-02 9.998580756284645155e-01 -2.764217207673251228e-03 1.020543000000000006e-01 7.522795705535062494e-02 4.007136466051794930e-03 9.971583110693210683e-01 3.282735100000000017e+00
9.971764371770706070e-01 2.067066911128733614e-02 -7.219332778959317021e-02 -1.010886399999999963e+00 -2.080959996632675973e-02 9.997827690212518492e-01 -1.172739288922207239e-03 1.009296999999999972e-01 7.215340385654323008e-02 2.671742257404352127e-03 9.973899679188801271e-01 3.318309300000000128e+00
9.954583793711007100e-01 2.575486024092265777e-02 -9.164770653885519203e-02 -1.025690999999999908e+00 -2.604496047460363659e-02 9.996588301924863584e-01 -1.970596880621580671e-03 9.482759999999999800e-02 9.156568666120466771e-02 4.348608071569861483e-03 9.957895433444267086e-01 3.485266900000000057e+00
9.951101570286955411e-01 2.755477734455145586e-02 -9.484993212341789881e-02 -1.029712399999999972e+00 -2.827603884607325299e-02 9.995804985313296864e-01 -6.268379617871361852e-03 9.475540000000000351e-02 9.463741863290726919e-02 8.919708591124621624e-03 9.954718468109227114e-01 3.518367299999999975e+00
9.949661421269474504e-01 3.376827344174384432e-02 -9.435083322251323901e-02 -1.039473499999999939e+00 -3.465828632937129755e-02 9.993687054600475239e-01 -7.809848642580977454e-03 9.145000000000000351e-02 9.402754495215860653e-02 1.104057316774479346e-02 9.955083759237776109e-01 3.599341200000000018e+00
9.960470966981730401e-01 4.088921950626391022e-02 -7.885589950858964969e-02 -1.046399199999999974e+00 -4.126603888328725378e-02 9.991432153008085182e-01 -3.154259539909648642e-03 8.915760000000000352e-02 7.865936176974261396e-02 6.395861672257572607e-03 9.968810349081007605e-01 3.673934200000000150e+00
9.874103242787343193e-01 2.542474102716276579e-02 1.561231374635625446e-01 -1.034923400000000049e+00 -2.196209322030392291e-02 9.994739425812484424e-01 -2.386429471989733042e-02 8.200380000000000169e-02 -1.566477512419103268e-01 2.013506008923602458e-02 9.874492702848362002e-01 3.883428799999999903e+00
9.119789476348358903e-01 2.323558026103278787e-02 4.095784502153283491e-01 -9.971672000000000313e-01 -1.328527718246569692e-02 9.995438120566713103e-01 -2.712322232705089223e-02 7.713200000000000611e-02 -4.100218292738109227e-01 1.929444451521419510e-02 9.118716049586186312e-01 3.974095600000000061e+00
8.100719854738761549e-01 2.954095003876509862e-02 5.855857841693388188e-01 -9.592855999999999606e-01 -8.704616506778664262e-03 9.992258316491503534e-01 -3.836622233858617143e-02 7.314850000000000518e-02 -5.862658168458076968e-01 2.598210222193531732e-02 8.097019960221456536e-01 4.026179800000000419e+00
7.057127175023693022e-01 3.934392586374139272e-02 7.074048457941531920e-01 -9.240397999999999668e-01 -9.746484965952323040e-03 9.989015675005417094e-01 -4.583300640116447222e-02 7.023000000000000076e-02 -7.084310597272184262e-01 2.545022480429473544e-02 7.053210047001162719e-01 4.057624299999999629e+00
6.235278159667796416e-01 3.541155669809906842e-02 7.809987736020558291e-01 -8.956808000000000547e-01 -3.022457938994853321e-03 9.990753831439725952e-01 -4.288640278376585485e-02 6.879169999999999729e-02 -7.817953232552015130e-01 2.438032911881436032e-02 6.230583215786090756e-01 4.076741700000000357e+00
5.775567788382495182e-01 3.402299205337262072e-02 8.156412221250967098e-01 -8.802948999999999913e-01 -2.145855098136958961e-03 9.991909594784900150e-01 -4.015995271850168052e-02 6.783870000000000178e-02 -8.163476970775890296e-01 2.144440505564643162e-02 5.771625204116481722e-01 4.086330900000000099e+00
3.797642147556755665e-01 3.329557311065881042e-02 9.244839349616834623e-01 -8.125324000000000435e-01 -1.475148557722065490e-03 9.993726043822660499e-01 -3.538674253077622039e-02 6.406779999999999420e-02 -9.250821396653045037e-01 1.207486734666555518e-02 3.795750682682184074e-01 4.114130499999999913e+00
3.302497346000087819e-01 3.807083005504098561e-02 9.431255084534315714e-01 -7.947115000000000151e-01 -8.054721754175639403e-04 9.991972635953902948e-01 -4.005221140035353233e-02 6.318089999999999817e-02 -9.438932482072315278e-01 1.246757083012441786e-02 3.300152961097370108e-01 4.118798299999999912e+00
2.857194452746725788e-01 3.953096417772369864e-02 9.574976247819694253e-01 -7.758159999999999501e-01 -2.160689703280017915e-04 9.991514652452827550e-01 -4.118619686745237513e-02 6.184649999999999870e-02 -9.583132848427665662e-01 1.156081179606380065e-02 2.854855438099844767e-01 4.122035000000000338e+00
1.524597166360668610e-01 3.858640687556980087e-02 9.875561371424326218e-01 -6.913221000000000505e-01 1.938706204156423127e-02 9.989284992746316760e-01 -4.202374522015699110e-02 5.801590000000000219e-02 -9.881195153566428857e-01 2.555274038855926202e-02 1.515482788750441845e-01 4.133772900000000305e+00
1.267615859212322671e-01 3.550134846228605173e-02 9.912977123912335431e-01 -6.683497999999999939e-01 1.358702062546780255e-02 9.992034323869901646e-01 -3.752190795496535697e-02 5.702340000000000186e-02 -9.918401550679708523e-01 1.822511902340064743e-02 1.261782541935246860e-01 4.136717299999999931e+00
1.012040742224017131e-01 3.239178335602266312e-02 9.943382260236219850e-01 -6.452476000000000322e-01 9.551671268063031267e-03 9.993921147773593416e-01 -3.352859222849045862e-02 5.606509999999999966e-02 -9.948198334054130232e-01 1.289082200071138898e-02 1.008331580948078621e-01 4.139378500000000294e+00
7.881072503772465487e-02 2.972389173400576817e-02 9.964463657815273434e-01 -6.205777999999999572e-01 1.411665593227337014e-02 9.994218863502226657e-01 -3.092916276675705331e-02 5.483419999999999961e-02 -9.967896416217004729e-01 1.650404024315995852e-02 7.834556152925442607e-02 4.140630699999999997e+00
5.854684001527092618e-02 3.015806256588957415e-02 9.978290228222960190e-01 -5.953456000000000303e-01 2.189662897307253012e-02 9.992643074948743820e-01 -3.148620978149899857e-02 5.350619999999999682e-02 -9.980444905733621974e-01 2.369250997806801595e-02 5.784340763732087609e-02 4.141293000000000113e+00
4.279083060797966159e-02 3.222915982657426764e-02 9.985640821062775618e-01 -5.690882000000000440e-01 2.779096637644866766e-02 9.990544045210357771e-01 -3.343589381161483215e-02 5.236949999999999938e-02 -9.986974551903806674e-01 2.918181049886409487e-02 4.185468829493410592e-02 4.141061299999999612e+00
7.703322581687292378e-03 3.899550586088858933e-02 9.992096923788600371e-01 -4.549753000000000269e-01 3.345455970188090239e-02 9.986699227971268522e-01 -3.923235572246316222e-02 4.755639999999999867e-02 -9.994105519036489138e-01 3.373033980015626571e-02 6.388499089006849374e-03 4.142466999999999899e+00
7.619663876524032653e-03 3.744560895337306627e-02 9.992696168164624249e-01 -4.240947999999999940e-01 3.451434874883115012e-02 9.986933638828371373e-01 -3.768719499812998863e-02 4.612659999999999677e-02 -9.993751550107959902e-01 3.477630380724902603e-02 6.317296941973249425e-03 4.142960999999999672e+00
9.376096768880147481e-03 3.716636996226654194e-02 9.992651048411568260e-01 -3.926436999999999844e-01 3.286588947330140037e-02 9.987576736023624502e-01 -3.745587710260796926e-02 4.467349999999999793e-02 -9.994157904088313282e-01 3.319292641851374209e-02 8.142942789053697616e-03 4.143603299999999656e+00
1.281816540106974107e-02 3.957066367145369024e-02 9.991345541078795467e-01 -2.938516999999999935e-01 2.824413879367478411e-02 9.988036190950081439e-01 -3.991990864866120509e-02 3.986869999999999997e-02 -9.995188658847586893e-01 2.873139501163345794e-02 1.168519067585249704e-02 4.145831099999999658e+00
1.437684779554536559e-02 3.780576115253911351e-02 9.991816805121784828e-01 -2.239336000000000104e-01 2.641461472519658280e-02 9.989218493755981365e-01 -3.817599990772020668e-02 3.632729999999999987e-02 -9.995476848937139280e-01 2.694184967131970157e-02 1.336272277288053090e-02 4.147087100000000248e+00
1.488113029359658043e-02 3.669816651769690352e-02 9.992155906186732661e-01 -1.874460000000000015e-01 2.728573923158482406e-02 9.989391851738813610e-01 -3.709437637604969668e-02 3.464550000000000268e-02 -9.995169035067743568e-01 2.781634228976683637e-02 1.386400756807260048e-02 4.147706999999999589e+00
1.303570205698610304e-02 3.252146620812210176e-02 9.993860238704339594e-01 -1.154220999999999997e-01 2.549595335487908968e-02 9.991351787935852657e-01 -3.284586518325210286e-02 3.085759999999999892e-02 -9.995899293382299877e-01 2.590846836045147469e-02 1.219526271993220945e-02 4.149176599999999659e+00
9.357112442254107362e-03 2.736137539914413469e-02 9.995818123510501474e-01 -3.133100000000000208e-03 2.822063621311617088e-02 9.992201817061077129e-01 -2.761565068833547049e-02 2.588609999999999869e-02 -9.995579223529119650e-01 2.846723744026310315e-02 8.577660173363921281e-03 4.150766800000000423e+00
6.401256359530467163e-03 3.129499581166907130e-02 9.994896933706554076e-01 7.333649999999999891e-02 2.251338221259119310e-02 9.992523168154383573e-01 -3.143175083142382004e-02 2.238450000000000162e-02 -9.997260482444023655e-01 2.270309617929996970e-02 5.691914045740875672e-03 4.152408600000000227e+00
5.657213750938616323e-03 3.609781919607697731e-02 9.993322487450626568e-01 1.119799999999999962e-01 2.376153395884106692e-02 9.990612177877583600e-01 -3.622254293066932279e-02 2.074109999999999843e-02 -9.997016482113547653e-01 2.395058583268216273e-02 4.794163302630716217e-03 4.152727099999999893e+00
2.879094289699074202e-03 3.560176969624716942e-02 9.993619088251092242e-01 1.905378000000000072e-01 2.054024609720177252e-02 9.991531042766786941e-01 -3.565350620265803072e-02 1.683650000000000077e-02 -9.997848814151656383e-01 2.062978935355288743e-02 2.145386886001299231e-03 4.153884399999999921e+00
1.508464848085830671e-03 3.146242436917538743e-02 9.995037970846415432e-01 2.302433999999999870e-01 1.762374200210880745e-02 9.993488641649163062e-01 -3.148414537723568524e-02 1.485350000000000038e-02 -9.998435518878169281e-01 1.766248977652142699e-02 9.529969827241080438e-04 4.154641599999999713e+00
5.067604243929298494e-04 2.077598362114538300e-02 9.997840275271687727e-01 3.097367999999999788e-01 1.260655495104869711e-02 9.997045745355976898e-01 -2.078072243368404501e-02 1.134860000000000035e-02 -9.999204058154522734e-01 1.261436312992171918e-02 2.446971352771942776e-04 4.155750300000000230e+00
1.076433856196561470e-03 2.625777651518913791e-02 9.996546255895741862e-01 3.885934999999999806e-01 1.264178877274104752e-02 9.995749642830640269e-01 -2.626929681466038530e-02 7.599899999999999711e-03 -9.999195099940687559e-01 1.266569978286671144e-02 7.440310690138840499e-04 4.156781699999999802e+00
2.360059964033997450e-03 4.264848457770172019e-02 9.990873519768886935e-01 4.666288000000000102e-01 1.678609817757270584e-02 9.989476757489370584e-01 -4.268217454359005125e-02 4.117499999999999633e-03 -9.998563181902381247e-01 1.687151086957342297e-02 1.641674766453937728e-03 4.157635199999999642e+00
4.737842181670603829e-03 2.918279425282903003e-02 9.995628631412128984e-01 5.463318000000000341e-01 2.140798327136468268e-02 9.993420373223717013e-01 -2.927781912343309714e-02 -2.373999999999999971e-04 -9.997595966549733815e-01 2.153733873923479800e-02 4.109980087166342777e-03 4.157963800000000099e+00
4.256908782293772515e-03 2.694094157300719328e-02 9.996279629916215992e-01 6.258926000000000212e-01 2.118840943012537809e-02 9.994101682148534005e-01 -2.702530248821982672e-02 -3.959400000000000072e-03 -9.997664377410557801e-01 2.129557080517494733e-02 3.683562221705516393e-03 4.159229800000000310e+00
3.079387480389047822e-03 2.777901043090337183e-02 9.996093456707102476e-01 6.654098999999999986e-01 1.820844889730768509e-02 9.994468024176446086e-01 -2.783058615803375366e-02 -5.970699999999999792e-03 -9.998294703405674611e-01 1.828703684650323860e-02 2.571871278830850649e-03 4.159749999999999837e+00
-1.599265287924870899e-03 2.818209902040642520e-02 9.996015264320790017e-01 7.431782000000000110e-01 1.610575174947237800e-02 9.994738758037357007e-01 -2.815273248626192631e-02 -9.511600000000000263e-03 -9.998690149770232960e-01 1.605431034528320006e-02 -2.052317766362388163e-03 4.160671200000000347e+00
-4.092917549667500487e-03 2.821878063706365417e-02 9.995933915574316542e-01 7.818233999999999462e-01 1.410313213874160240e-02 9.995039769697252607e-01 -2.815851000284276540e-02 -1.145230000000000033e-02 -9.998921690311454169e-01 1.398214722638421205e-02 -4.488860560420526724e-03 4.160899200000000242e+00
-6.576533066960924510e-03 2.878478493570606547e-02 9.995639976354813161e-01 8.206672999999999885e-01 1.253974288145108182e-02 9.995093917439376030e-01 -2.870070842559350327e-02 -1.318399999999999954e-02 -9.998997470053117009e-01 1.234552436589819897e-02 -6.934260367533640057e-03 4.161062199999999933e+00
-8.610668200671413655e-03 2.793099294358813295e-02 9.995727667490361679e-01 8.592710999999999544e-01 1.076904283021250068e-02 9.995544454745162177e-01 -2.783771270512949356e-02 -1.506610000000000067e-02 -9.999049375363935344e-01 1.052474062946489805e-02 -8.907621737787030369e-03 4.161011199999999910e+00
-1.727833308107401544e-02 2.825706229807251058e-02 9.994513483087722472e-01 1.010093600000000036e+00 1.107901826345497089e-02 9.995446129869214325e-01 -2.806816707844420056e-02 -2.197419999999999929e-02 -9.997893350902767873e-01 1.058796860159099025e-02 -1.758352526185313902e-02 4.160919200000000373e+00
-1.851872515812610226e-02 2.697704237406525762e-02 9.994645046239841735e-01 1.047051100000000012e+00 1.291042006193276331e-02 9.995590393053437328e-01 -2.674038138850377833e-02 -2.376819999999999974e-02 -9.997451564635572163e-01 1.240830881813000629e-02 -1.885884407729399026e-02 4.160303100000000143e+00
-2.010735006228347305e-02 2.626308069354875777e-02 9.994528228315517904e-01 1.083966500000000055e+00 1.319454252555839549e-02 9.995748399469720491e-01 -2.600083445827149758e-02 -2.559969999999999954e-02 -9.997107574298749189e-01 1.266451489277634762e-02 -2.044533055532793409e-02 4.159709499999999949e+00
-2.440834195832078390e-02 2.363950889574846156e-02 9.994225364989592908e-01 1.191598900000000016e+00 8.642673617812301340e-03 9.996880105415121287e-01 -2.343471297647271856e-02 -3.063969999999999888e-02 -9.996647123088728826e-01 8.065680301221763229e-03 -2.460503537280189779e-02 4.158729100000000400e+00
-2.522496337530324637e-02 2.367699413364199312e-02 9.994013714076595001e-01 1.226094800000000040e+00 8.985801854358052912e-03 9.996844648539914280e-01 -2.345689865739102736e-02 -3.217769999999999658e-02 -9.996414140019156402e-01 8.388723286912043442e-03 -2.542976079059322547e-02 4.158164000000000193e+00
-2.557708679006136590e-02 2.612489401568237474e-02 9.993314277775933174e-01 1.259946800000000033e+00 9.264285876406720341e-03 9.996217298338797574e-01 -2.589537122966746249e-02 -3.381839999999999846e-02 -9.996299243412705149e-01 8.595763874807264143e-03 -2.580944022784448233e-02 4.157539800000000341e+00
-2.606013861093570833e-02 2.927900283039873430e-02 9.992315092954366929e-01 1.293711199999999950e+00 9.520114369221932202e-03 9.995329269434527486e-01 -2.903954852010261212e-02 -3.536589999999999873e-02 -9.996150442035052208e-01 8.756023590189938519e-03 -2.632670607790277284e-02 4.157040600000000197e+00
-2.549432936300727662e-02 3.053005386946280528e-02 9.992086643845010663e-01 1.327056299999999966e+00 7.689497839557305620e-03 9.995099649162384470e-01 -3.034306603023299853e-02 -3.715460000000000290e-02 -9.996453925234218829e-01 6.909836746793325893e-03 -2.571659703045325873e-02 4.156381099999999940e+00
-2.692483083921019121e-02 3.155385964330947174e-02 9.991393333393947529e-01 1.360636799999999980e+00 7.815915971221333927e-03 9.994777850740800273e-01 -3.135392480921714298e-02 -3.873820000000000041e-02 -9.996069052091480778e-01 6.964989951289321177e-03 -2.715739260620786411e-02 4.156177999999999706e+00
-2.703275359369581438e-02 3.128484108584514423e-02 9.991448788596056785e-01 1.393985500000000100e+00 9.065303387052272427e-03 9.994767231634391624e-01 -3.104996181921519660e-02 -4.042409999999999753e-02 -9.995934426093656677e-01 8.218185487529406849e-03 -2.730221455577064305e-02 4.155471799999999938e+00
-2.763781624847817114e-02 3.062219744152498355e-02 9.991488538435440159e-01 1.426910799999999924e+00 9.418940565071514531e-03 9.994942773178969730e-01 -3.037224337131862878e-02 -4.208630000000000010e-02 -9.995736264386165804e-01 8.571501188661104567e-03 -2.791226783559108693e-02 4.154940100000000136e+00
-2.661116558904564819e-02 3.070968675206176002e-02 9.991740393973326251e-01 1.459620700000000104e+00 6.083998657818357261e-03 9.995144754491014361e-01 -3.055811394767908584e-02 -4.372120000000000173e-02 -9.996273459776517933e-01 5.265786484269700460e-03 -2.678508290780567958e-02 4.154420899999999861e+00
-2.585714665063216372e-02 2.942120383646068191e-02 9.992326059191126708e-01 1.524290900000000004e+00 5.317806295528710453e-03 9.995567182507121284e-01 -2.929313803725516058e-02 -4.715550000000000297e-02 -9.996515037268191017e-01 4.556288476367695642e-03 -2.600214091241681569e-02 4.153325599999999618e+00
-2.963382645901297546e-02 2.795259722144364384e-02 9.991698997858037279e-01 1.585129599999999916e+00 2.728447402447925843e-03 9.996074443410878363e-01 -2.788391637935552780e-02 -5.037749999999999867e-02 -9.995570978709368282e-01 1.899875378691285449e-03 -2.969846072402182457e-02 4.152537299999999654e+00
-5.167241056453599629e-02 3.524573918911366732e-02 9.980419329143757068e-01 1.712259999999999893e+00 4.881502117742367308e-03 9.993739870867245356e-01 -3.504004668172994857e-02 -5.678359999999999658e-02 -9.986521581228995359e-01 3.061340130778356095e-03 -5.181211511875560838e-02 4.145636599999999561e+00
-5.929557902643815825e-02 3.488946079853576243e-02 9.976305728239821535e-01 1.746378299999999939e+00 8.120138076634260405e-04 9.993903837909742238e-01 -3.490274229491706348e-02 -5.816240000000000299e-02 -9.982401389152290028e-01 -1.259488513907416202e-03 -5.928776220425047150e-02 4.143708199999999842e+00
-6.536280164832822259e-02 3.394851843238342465e-02 9.972839125629811008e-01 1.778959900000000038e+00 2.973141524436964667e-04 9.994217272131684648e-01 -3.400180551885302604e-02 -5.979460000000000330e-02 -9.978615213369921300e-01 -1.925946648604421468e-03 -6.533509749384835974e-02 4.141680700000000215e+00
-7.210247928229493453e-02 3.502140766373309372e-02 9.967821895913857588e-01 1.811757800000000085e+00 -2.223351191869872567e-03 9.993752289507195075e-01 -3.527333935388833608e-02 -6.117580000000000240e-02 -9.973947509340643780e-01 -4.759492089243751861e-03 -7.197956685218787065e-02 4.140082800000000063e+00
-8.185787159345767061e-02 3.091485741540992219e-02 9.961644244045123608e-01 1.879517799999999905e+00 -4.976962942669870688e-03 9.994936538923256952e-01 -3.142714859536292760e-02 -6.451250000000000040e-02 -9.966315862434101946e-01 -7.530432919335057831e-03 -8.166256107905944805e-02 4.136508000000000074e+00
-8.542040455435975788e-02 2.481295424694586471e-02 9.960359791630563064e-01 1.948655100000000084e+00 -2.827565269617275320e-03 9.996797849612989451e-01 -2.514622067781318790e-02 -6.781589999999999840e-02 -9.963409854866031035e-01 -4.964357085282703613e-03 -8.532289140854421028e-02 4.131095400000000417e+00
-8.972076835690051544e-02 2.854458180094958386e-02 9.955578288453441616e-01 2.018685800000000086e+00 -3.033013137045655408e-03 9.995767472451719815e-01 -2.893315050374024866e-02 -7.053589999999999860e-02 -9.959623409330080612e-01 -5.615444467758003155e-03 -8.959621770293446641e-02 4.125607500000000094e+00
-9.120262407241234992e-02 3.694993359730868593e-02 9.951466142079068433e-01 2.087608599999999814e+00 1.021678279642552166e-02 9.992935126722933825e-01 -3.616756669116417272e-02 -7.408430000000000570e-02 -9.957799449233735167e-01 6.868619819412294381e-03 -9.151570002015763095e-02 4.119603200000000243e+00
-9.381902799382037250e-02 3.627214786060033169e-02 9.949282995652870554e-01 2.159030200000000121e+00 8.352224984974216879e-03 9.993296119240500097e-01 -3.564501465181446616e-02 -7.725619999999999710e-02 -9.955542327387771895e-01 4.965684374428382120e-03 -9.405908597577605779e-02 4.112978499999999649e+00
-9.389043216669998304e-02 2.915989851516613551e-02 9.951554084996655503e-01 2.229851700000000214e+00 1.039668040108060292e-02 9.995451902367571417e-01 -2.830762637881923532e-02 -8.079500000000000570e-02 -9.955282496163474493e-01 7.688497457257026380e-03 -9.415089602686554926e-02 4.106268899999999888e+00
-9.492193788983513403e-02 2.882012161771996955e-02 9.950674481145377337e-01 2.264736200000000199e+00 1.071675393036020801e-02 9.995524965674893458e-01 -2.792772441312299167e-02 -8.256629999999999525e-02 -9.954270324300192874e-01 8.012939263408087182e-03 -9.518831814842898531e-02 4.103032599999999697e+00
-9.915097579699060082e-02 3.039463951038447187e-02 9.946080885894398316e-01 2.334010099999999976e+00 8.446207681727621250e-03 9.995230874361287210e-01 -2.970284932369489025e-02 -8.591809999999999725e-02 -9.950365548934884119e-01 5.455599983757230403e-03 -9.936040888862884835e-02 4.096796000000000326e+00
-1.016607879241362561e-01 3.067252368703481807e-02 9.943461572758814926e-01 2.368995200000000079e+00 9.377043539354491461e-03 9.995097141183783007e-01 -2.987310558778195207e-02 -8.754409999999999969e-02 -9.947749269322708754e-01 6.287103758170943177e-03 -1.018985626651777165e-01 4.093517799999999873e+00
-1.036155618996048300e-01 3.073525301438340823e-02 9.941424241799416972e-01 2.403840300000000152e+00 9.603309664576344454e-03 9.995067560962240805e-01 -2.990018330193680574e-02 -8.929589999999999750e-02 -9.945710591886913754e-01 6.448933256361226093e-03 -1.038596143076777611e-01 4.089970100000000386e+00
-1.078415277011118417e-01 3.098434241814910020e-02 9.936851490426960032e-01 2.473798500000000011e+00 6.896528777592222242e-03 9.995134848364298774e-01 -3.041761859441906996e-02 -9.235480000000000078e-02 -9.941441760599464272e-01 3.572695767987065299e-03 -1.080027455717642582e-01 4.083069300000000013e+00
-1.100538003991688440e-01 3.286067649136829860e-02 9.933822713126249093e-01 2.544915399999999828e+00 5.596244886150666953e-03 9.994579632430957705e-01 -3.244166692907072408e-02 -9.572269999999999390e-02 -9.939098767297133152e-01 1.988881718997746392e-03 -1.101780435868857655e-01 4.075825199999999704e+00
-1.136770424396718049e-01 2.883742596124364704e-02 9.930991556164461276e-01 2.651826900000000098e+00 2.945397309066231581e-03 9.995840584259413353e-01 -2.868858266655975250e-02 -1.007923000000000013e-01 -9.935133892690426460e-01 -3.361616487319238344e-04 -1.137146971085317704e-01 4.064365900000000309e+00
-1.156964364925422012e-01 2.674569135255087937e-02 9.929244697241583761e-01 2.688427700000000087e+00 -5.209590018215998208e-05 9.996372509446855847e-01 -2.693257896616756825e-02 -1.025000999999999968e-01 -9.932846177551246658e-01 -3.167730706002758537e-03 -1.156530743786342574e-01 4.060623200000000210e+00
-1.178766981220665672e-01 2.626124296829633262e-02 9.926809311947115688e-01 2.724822500000000147e+00 1.538565867142873550e-03 9.996538835765622633e-01 -2.626301325760965408e-02 -1.041466999999999948e-01 -9.930270473934292852e-01 -1.568492287843292060e-03 -1.178763037129656466e-01 4.056433700000000364e+00
-1.218709031544680937e-01 2.837854480572830213e-02 9.921401822116789893e-01 2.798385600000000029e+00 2.311032815644703878e-03 9.995965783449165531e-01 -2.830794391085300621e-02 -1.071006000000000041e-01 -9.925432696319286263e-01 -1.157046172050773050e-03 -1.218873215413173172e-01 4.047610800000000175e+00
-1.236025088440959041e-01 3.197095937026248058e-02 9.918166552162700489e-01 2.835312399999999844e+00 3.737126594634826091e-03 9.994887744081651926e-01 -3.175253874699744683e-02 -1.088172000000000028e-01 -9.923247722858984377e-01 -2.181490520877793493e-04 -1.236587996008784440e-01 4.043362100000000403e+00
-1.253329651379369580e-01 3.965181533612115172e-02 9.913220371757520688e-01 2.910260899999999928e+00 6.825895285871182855e-03 9.992118159399814292e-01 -3.910439923424242903e-02 -1.125933999999999963e-01 -9.920912533649710596e-01 1.865590114372914221e-03 -1.255048388319994768e-01 4.034233600000000308e+00
