9.998193613772149435e-01 4.526701724179638293e-03 -1.845951209426216141e-02 -5.573772999999999644e-01 -4.411251490415491784e-03 9.999704868719641038e-01 6.290170533091114097e-03 7.269660000000000011e-02 1.848744102211577131e-02 -6.207604735110776317e-03 9.998098220001173653e-01 -6.708165000000000378e-01
9.997795486253863162e-01 2.473695994721420398e-03 -2.085029924352715253e-02 -5.586413999999999547e-01 -2.410029237535128883e-03 9.999923585237647794e-01 3.078092453533130476e-03 7.170310000000000572e-02 2.085775418143467203e-02 -3.027164053032303966e-03 9.997778705133970600e-01 -6.195273000000000030e-01
9.997326231624744652e-01 1.701076203327674292e-04 -2.312257010099609544e-02 -5.591393999999999531e-01 -1.462711939844943843e-04 9.999994562120374519e-01 1.032560103430582316e-03 7.148490000000000399e-02 2.312273317356285801e-02 -1.028901854838908895e-03 9.997321044017528635e-01 -5.936704999999999899e-01
9.996461176539631621e-01 -1.375546818865712928e-03 -2.656590541103371131e-02 -5.610507999999999607e-01 1.385408860628932785e-03 9.999989780770830450e-01 3.528272642393971833e-04 7.002559999999999341e-02 2.656539293230522972e-02 -3.895070456464586007e-04 9.996470017874378167e-01 -5.145045000000000313e-01
9.994197468286974972e-01 3.530838534367365580e-03 -3.387776303279891460e-02 -5.653481000000000201e-01 -3.858403087229250131e-03 9.999463931499346092e-01 -9.608514560159247403e-03 6.871439999999999493e-02 3.384202083916842269e-02 9.733653254588379988e-03 9.993797944824783785e-01 -4.021530999999999856e-01
9.993775836496213705e-01 5.969163070014111248e-03 -3.476800815242962750e-02 -5.670095000000000551e-01 -6.052956558140269207e-03 9.999790233977607912e-01 -2.305315892824881790e-03 6.827940000000000398e-02 3.475351803125979744e-02 2.514330269480123062e-03 9.993927511883137216e-01 -3.725428000000000073e-01
9.993478479497660549e-01 7.074346706322763752e-03 -3.540949613945487684e-02 -5.683257999999999921e-01 -6.787678886519266964e-03 9.999432644329439013e-01 8.209465909621672247e-03 6.787029999999999452e-02 3.546556376973063196e-02 -7.963763800269321735e-03 9.993391677767007319e-01 -3.421335999999999822e-01
9.993008702614096794e-01 7.901772492056561778e-03 -3.654220417918131736e-02 -5.693808999999999676e-01 -7.362744773182270872e-03 9.998624467931191973e-01 1.486194745926012507e-02 6.757739999999999581e-02 3.665461340942195723e-02 -1.458250610699716489e-02 9.992215919561813209e-01 -3.110361999999999849e-01
9.991893664967966826e-01 1.240215927183561939e-02 -3.829877707089503203e-02 -5.725569999999999826e-01 -1.215953898381072137e-02 9.999045423092686180e-01 6.561393220450295605e-03 6.718770000000000298e-02 3.837649660184316858e-02 -6.090378862452283659e-03 9.992447907264168094e-01 -2.483899999999999997e-01
9.991533565410468665e-01 1.138981275363375872e-02 -3.953280002980790603e-02 -5.737674000000000385e-01 -1.137016729498895734e-02 9.999350970818342565e-01 7.217476198427702234e-04 6.737049999999999983e-02 3.953845480596809153e-02 -2.716420069631552033e-04 9.992180126489796921e-01 -2.157186000000000103e-01
9.991763515835597742e-01 8.518228789268750267e-03 -3.967440250917868283e-02 -5.765443000000000096e-01 -8.079700057655278544e-03 9.999046296312397164e-01 1.120045039235689592e-02 6.728800000000000059e-02 3.976602674576598662e-02 -1.087066788688696196e-02 9.991498845000924556e-01 -1.476281999999999872e-01
9.991899016926023558e-01 6.180633019960374112e-03 -3.976606758280537557e-02 -5.817035000000000400e-01 -5.397261311837723598e-03 9.997898519902654879e-01 1.977679012415005030e-02 6.760570000000000468e-02 3.987994390491803043e-02 -1.954614112185611499e-02 9.990132824148961754e-01 -3.942940000000000333e-02
9.992090884411004570e-01 5.559976681587667710e-03 -3.937364900546043434e-02 -5.834584999999999910e-01 -4.869960463628161471e-03 9.998332636416230601e-01 1.759910227322150633e-02 6.780750000000000666e-02 3.946493458486524664e-02 -1.739343482584199824e-02 9.990695608230547586e-01 -1.870200000000000031e-03
9.992222798201820799e-01 4.425564719128016571e-03 -3.918226496611249693e-02 -5.872290999999999483e-01 -4.080298137072924623e-03 9.999521815401349878e-01 8.887395582369669172e-03 6.832660000000000122e-02 3.921972307488206383e-02 -8.720608352731709645e-03 9.991925561731771488e-01 7.632479999999999820e-02
9.992310953832702625e-01 1.310745696607589633e-03 -3.918545603752361661e-02 -5.883196000000000536e-01 -1.212767040605558858e-03 9.999960791781832281e-01 2.524049200385344600e-03 6.817850000000000299e-02 3.918861078496010952e-02 -2.474585617748908516e-03 9.992287672053709047e-01 1.160947999999999980e-01
9.993062761123984172e-01 2.746779741555574732e-03 -3.714056708536294521e-02 -5.901545999999999736e-01 -2.859441283360319910e-03 9.999914697623361048e-01 -2.980603648588805131e-03 6.791899999999999327e-02 3.713206320577918523e-02 3.084737203449606710e-03 9.993056060477534253e-01 1.559554999999999969e-01
9.993061877914636293e-01 5.849380631215362475e-03 -3.678216671055539733e-02 -5.948183000000000220e-01 -6.020927722161048545e-03 9.999715005846111504e-01 -4.554826882061701991e-03 6.611369999999999747e-02 3.675447552416494235e-02 4.773129454791889999e-03 9.993129268473170956e-01 2.811077000000000159e-01
9.992861012370545248e-01 1.212161935423011067e-02 -3.578203765408505266e-02 -5.990588999999999498e-01 -1.240540926538579586e-02 9.998932500933990219e-01 -7.719730475709039169e-03 6.474320000000000075e-02 3.568464229056368675e-02 8.158110191120528792e-03 9.993298011881283083e-01 3.674355000000000260e-01
9.993037976729566285e-01 1.410320885414264799e-02 -3.454011372915598982e-02 -6.009765000000000246e-01 -1.438598972118131439e-02 9.998648935850882324e-01 -7.952224583242718803e-03 6.380700000000000260e-02 3.442329525406687823e-02 8.443581947058766829e-03 9.993716739370566149e-01 4.108095999999999970e-01
9.992846291224151134e-01 1.622587563959321938e-02 -3.416066391927771034e-02 -6.084623000000000115e-01 -1.639938282658507523e-02 9.998539750339200394e-01 -4.805086032142512689e-03 5.997389999999999666e-02 3.407770888109253743e-02 5.361862418753374215e-03 9.994048029646535047e-01 5.898474000000000217e-01
9.992418818472328379e-01 1.647765771885514527e-02 -3.527248727409310058e-02 -6.099719000000000113e-01 -1.661240930045694217e-02 9.998557708665998245e-01 -3.530626288853798769e-03 5.900829999999999964e-02 3.520922350229976905e-02 4.113910652615975286e-03 9.993714956508952252e-01 6.360133000000000036e-01
9.990656455491736532e-01 1.741378958396922957e-02 -3.955497207353780159e-02 -6.137694999999999679e-01 -1.761830832728289789e-02 9.998331299366181035e-01 -4.827783428303554503e-03 5.719079999999999997e-02 3.946430152806337105e-02 5.520164261238346207e-03 9.992057329156148748e-01 7.300227000000000244e-01
9.989145956384555269e-01 1.497232075066202289e-02 -4.410737162652320770e-02 -6.158365999999999563e-01 -1.497435022471000840e-02 9.998878376839679394e-01 2.844064464248188383e-04 5.484850000000000142e-02 4.410668266610692084e-02 3.763814797995777405e-04 9.990267558384875457e-01 8.249385000000000190e-01
9.989710061789116580e-01 1.772681461062670244e-02 -4.174552500152995532e-02 -6.240949000000000080e-01 -1.756843961940693366e-02 9.998370186181714248e-01 4.157659205083155500e-03 5.494779999999999803e-02 4.181242331212272484e-02 -3.419977264081112273e-03 9.991196249760491144e-01 9.195970999999999451e-01
9.989195141350752927e-01 1.710297200388615629e-02 -4.321218148600572406e-02 -6.261617999999999906e-01 -1.690855167053196412e-02 9.998452251227023524e-01 4.860728313502247523e-03 5.433389999999999748e-02 4.328862622618279143e-02 -4.124820961813736690e-03 9.990540929756921429e-01 9.682226000000000443e-01
9.988627043215730916e-01 1.664856816948739535e-02 -4.467799338935952991e-02 -6.307897000000000087e-01 -1.652756530281844147e-02 9.998586777292201022e-01 3.076386636391761735e-03 5.332529999999999909e-02 4.472289682651152398e-02 -2.334469421823492409e-03 9.989967030736206510e-01 1.063854599999999984e+00
9.987475903612396122e-01 1.669322944341045806e-02 -4.716552595240636192e-02 -6.389407000000000281e-01 -1.629654676530323254e-02 9.998286303172574385e-01 8.782514528491214278e-03 5.165530000000000121e-02 4.730405174130170032e-02 -8.002880023249666491e-03 9.988484772978279969e-01 1.208002699999999985e+00
9.986810861140836826e-01 1.812373262657230102e-02 -4.803767847923795520e-02 -6.417222999999999677e-01 -1.772413214928333577e-02 9.998047893071698722e-01 8.731461389730852882e-03 5.119939999999999908e-02 4.818654768240679398e-02 -7.868519182548798160e-03 9.988073603194587147e-01 1.256178699999999981e+00
9.985876541821265828e-01 2.027333072201516553e-02 -4.910895006486445252e-02 -6.472949000000000064e-01 -2.023795453098017547e-02 9.997944502736870742e-01 1.217537817827467946e-03 5.009190000000000170e-02 4.912353928046648416e-02 -2.219535349054539090e-04 9.987926855084536815e-01 1.352441299999999957e+00
9.985723035966806993e-01 2.157613843346999419e-02 -4.886537362916801297e-02 -6.529475000000000140e-01 -2.142645607309873537e-02 9.997639996399945161e-01 3.584969175398060141e-03 4.872930000000000317e-02 4.893119117460784095e-02 -2.532839146239408007e-03 9.987989403559123236e-01 1.448767799999999939e+00
9.985546506176166126e-01 2.075178557414671804e-02 -4.957794999205039632e-02 -6.581582000000000265e-01 -2.043911989275371682e-02 9.997679383686532972e-01 6.805276489787400601e-03 4.765090000000000298e-02 4.970766649058526443e-02 -5.782110823691470960e-03 9.987470726297440482e-01 1.545770499999999936e+00
9.985934863805036033e-01 1.984522109058898046e-02 -4.916519254814863404e-02 -6.634324999999999806e-01 -1.966881393379793161e-02 9.997982689058180217e-01 4.069306005614733469e-03 4.654620000000000285e-02 4.923603067742690631e-02 -3.096561447047054168e-03 9.987823709849589227e-01 1.642023900000000092e+00
9.985763445491919743e-01 1.981620119741163422e-02 -4.952375467265372755e-02 -6.657537000000000038e-01 -1.974010207820166285e-02 9.998030938858032401e-01 2.025296599988399456e-03 4.588239999999999680e-02 4.955413682747050741e-02 -1.044809302910321884e-03 9.987708925958970196e-01 1.689929800000000037e+00
9.986814702507894603e-01 1.541319393199916399e-02 -4.896687074478066337e-02 -6.736704999999999499e-01 -1.569881453869455268e-02 9.998618927299190995e-01 -5.453685783350225615e-03 4.318609999999999810e-02 4.887604934731473727e-02 6.215216758764571976e-03 9.987855139522401338e-01 1.833506599999999986e+00
9.987588598042510535e-01 1.293383617730857992e-02 -4.809839752269306351e-02 -6.790914000000000117e-01 -1.280655052343262178e-02 9.999136305339326736e-01 2.953597152745464360e-03 4.113089999999999802e-02 4.813244463148771274e-02 -2.333956766626626642e-03 9.988382353612662579e-01 1.929224400000000061e+00
9.987719734149111961e-01 1.006565413784575938e-02 -4.851007861940986876e-02 -6.840332999999999553e-01 -9.608884941287778453e-03 9.999073656580782510e-01 9.639991333363046033e-03 4.001640000000000058e-02 4.860261773885385383e-02 -9.162025403778917276e-03 9.987761725428933035e-01 2.026065299999999958e+00
9.988242938904553503e-01 6.795299580869773592e-03 -4.799847745334871046e-02 -6.869081999999999688e-01 -6.495127979373222990e-03 9.999583811118255561e-01 6.406977192759936816e-03 3.979579999999999923e-02 4.804001713951564639e-02 -6.087688216656135694e-03 9.988268602742979008e-01 2.074153700000000100e+00
9.987712675634276005e-01 7.143829039600872038e-03 -4.903999180665811336e-02 -6.912916000000000061e-01 -7.188564278130703949e-03 9.999738911505119399e-01 -7.359082303348095638e-04 3.853369999999999712e-02 4.903345422630678990e-02 1.087531129323021564e-03 9.987965446689728299e-01 2.168799899999999781e+00
9.987462378253979534e-01 1.029409057447033121e-02 -4.898963287123251492e-02 -6.968020000000000325e-01 -1.058486999090987868e-02 9.999278476043625963e-01 -5.679798639216068756e-03 3.684430000000000344e-02 4.892762979022261677e-02 6.191226417367265075e-03 9.987831375021104519e-01 2.265356099999999984e+00
9.987444658608923831e-01 1.450411508783462818e-02 -4.794916639275016018e-02 -6.997189000000000325e-01 -1.462031847520318777e-02 9.998909672432609863e-01 -2.073623162413006354e-03 3.595399999999999985e-02 4.791386229395858815e-02 2.772051741023469785e-03 9.988476247802868802e-01 2.313507800000000003e+00
9.987292066253494749e-01 1.574073553671105977e-02 -4.787693680952552489e-02 -7.024274000000000351e-01 -1.577084700817556542e-02 9.998756008965282716e-01 -2.512298773519386070e-04 3.526350000000000318e-02 4.786702641845112793e-02 1.005970461731401505e-03 9.988532103393797934e-01 2.361869599999999902e+00
9.987202716483346565e-01 1.069005953665361566e-02 -4.943219220082755577e-02 -7.148759000000000086e-01 -1.038269346586248587e-02 9.999251630795795709e-01 6.470542223815332721e-03 3.138090000000000324e-02 4.949766332940063601e-02 -5.949022388514077671e-03 9.987565221101438739e-01 2.603580000000000005e+00
9.986979475571107212e-01 9.820011244736772532e-03 -5.005973356269170782e-02 -7.174072000000000227e-01 -9.572015219967446725e-03 9.999407115013676517e-01 5.191339592751729320e-03 3.075510000000000049e-02 5.010774460942291064e-02 -4.705407664783519892e-03 9.987327335523077387e-01 2.651669500000000124e+00
9.986613608421996968e-01 9.830387462302745891e-03 -5.078237728924221706e-02 -7.200594000000000161e-01 -9.772246217926069609e-03 9.999512800817484948e-01 1.393078148885705482e-03 3.001790000000000014e-02 5.079359767394088510e-02 -8.949554255236389071e-04 9.987087711090376629e-01 2.699268800000000024e+00
9.985749051120286213e-01 1.233639404861125444e-02 -5.192275283900478489e-02 -7.257938000000000445e-01 -1.230322184310841255e-02 9.999238531404029962e-01 9.584639424991551115e-04 2.847320000000000059e-02 5.193062307331051952e-02 -3.182808935512318081e-04 9.986506441616560537e-01 2.794621199999999916e+00
9.983921234401654798e-01 1.584253528643594575e-02 -5.442593066117863698e-02 -7.370953999999999562e-01 -1.541905486348311635e-02 9.998475603068770479e-01 8.192001922776432493e-03 2.578460000000000127e-02 5.454741606853885649e-02 -7.339633784045838591e-03 9.984842057720101360e-01 2.983671399999999974e+00
9.983289467681030205e-01 1.501311373313859651e-02 -5.580251303414361652e-02 -7.424488999999999672e-01 -1.464072521314540090e-02 9.998677796436373777e-01 7.076185111742616489e-03 2.475959999999999966e-02 5.590137037786364893e-02 -6.247371170206276851e-03 9.984167502317549125e-01 3.076233900000000077e+00
9.983025837636801958e-01 1.369528780565390860e-02 -5.660733470744319651e-02 -7.451071999999999695e-01 -1.328507896246679948e-02 9.998827404586887457e-01 7.616561545970123269e-03 2.397909999999999972e-02 5.670500795980208675e-02 -6.851600159293894272e-03 9.983674662405300770e-01 3.121395600000000048e+00
9.982290394556687652e-01 1.197973254503585661e-02 -5.826895224355913699e-02 -7.503980000000000095e-01 -1.127794219171622189e-02 9.998600344123415029e-01 1.235797737784708264e-02 2.237640000000000115e-02 5.840884185920034583e-02 -1.167893801252844338e-02 9.982244284726587980e-01 3.210660199999999964e+00
9.981528782731349247e-01 9.986324357464987714e-03 -5.992582849559793812e-02 -7.557397000000000142e-01 -9.206400852566272788e-03 9.998694753885232211e-01 1.327683582866649552e-02 2.120939999999999978e-02 6.005059348914200401e-02 -1.270061069819073025e-02 9.981145328615823598e-01 3.295160800000000112e+00
9.980797809011491273e-01 8.656073467491509285e-03 -6.133370483216706720e-02 -7.616247000000000433e-01 -8.008489234237881407e-03 9.999096473738700031e-01 1.079635071901124607e-02 1.998489999999999989e-02 6.142161717586976794e-02 -1.028442904531837523e-02 9.980589238430327415e-01 3.373383500000000090e+00
9.981644167354152275e-01 9.633362092908555330e-03 -5.979126606817415646e-02 -7.691679000000000155e-01 -8.993418063065833357e-03 9.998994619389994787e-01 1.096286667082073917e-02 1.909370000000000164e-02 5.989086403443519280e-02 -1.040501556395681364e-02 9.981507000730514001e-01 3.448358100000000093e+00
9.984789517543094517e-01 1.031736669009337276e-02 -5.416027001592088608e-02 -7.710550000000000459e-01 -9.740718442469698674e-03 9.998931454843894562e-01 1.090027603128212313e-02 1.805549999999999863e-02 5.426694489134097077e-02 -1.035613624455397966e-02 9.984727583335684109e-01 3.482613600000000087e+00
9.982117796892648887e-01 2.248901005555856147e-02 -5.538490151937945638e-02 -7.830129000000000117e-01 -2.229288553542983081e-02 9.997428424250585088e-01 4.156473790222521038e-03 1.198770000000000044e-02 5.546413385328033407e-02 -2.914351829407226847e-03 9.984564268956956923e-01 3.653822400000000137e+00
9.979260918247498946e-01 2.344315427129625012e-02 -5.994942679620086229e-02 -7.887193000000000120e-01 -2.337734151966481405e-02 9.997250939187408703e-01 1.799025468888071268e-03 1.262309999999999995e-02 5.997512116581172475e-02 -3.938362311377284790e-04 9.981997944971584547e-01 3.687588199999999983e+00
9.980281426115965582e-01 2.569687590373869943e-02 -5.726689378719995727e-02 -7.906870999999999761e-01 -2.572335497130947071e-02 9.996690619740240535e-01 2.748472207535279177e-04 1.205739999999999937e-02 5.725500470934044572e-02 1.198791375761818628e-03 9.983588670087378825e-01 3.711861600000000205e+00
9.990549972180686744e-01 3.369138418701815574e-02 2.745911806973184988e-02 -8.083928999999999698e-01 -3.378856516339341642e-02 9.994242491332711031e-01 3.082711241140094136e-03 1.033459999999999934e-02 -2.733944764994070131e-02 -4.007602270669773786e-03 9.996181739675585876e-01 3.944670700000000085e+00
9.593458906617527981e-01 1.495231745564477334e-02 2.818366375635251164e-01 -7.815191999999999695e-01 -1.212031707069746896e-02 9.998570471618434263e-01 -1.178911170974871782e-02 8.648599999999999344e-03 -2.819726227570931720e-01 7.893886463890610952e-03 9.593899762724129587e-01 4.094255000000000422e+00
9.089240569514001056e-01 1.664309840347596992e-02 4.166294108323848056e-01 -7.605393999999999766e-01 -1.319904128833300841e-02 9.998507665432236902e-01 -1.114584909267793238e-02 6.992199999999999631e-03 -4.167527372484514103e-01 4.631621579974402533e-03 9.090080880154274290e-01 4.137587100000000184e+00
7.389991509682026782e-01 3.352559016807502706e-02 6.728716740004425656e-01 -6.992836999999999525e-01 -1.703321972065202639e-02 9.993715630358204205e-01 -3.108614516612422107e-02 3.474500000000000158e-03 -6.734909979310961248e-01 1.151146381758761349e-02 7.391057853288341972e-01 4.210685699999999976e+00
6.603290338882030763e-01 3.164871905719893186e-02 7.503092199795435846e-01 -6.725267000000000328e-01 -1.103897136640535730e-02 9.994126889900858401e-01 -3.244099561939623594e-02 2.168499999999999855e-03 -7.508952710701035649e-01 1.313908930042322239e-02 6.602905846798903244e-01 4.231220699999999724e+00
6.173014324538609321e-01 2.965271840412268128e-02 7.861677033443037477e-01 -6.579264000000000223e-01 -9.574051063939431963e-03 9.994985795195915346e-01 -3.018156862298274415e-02 1.648399999999999952e-03 -7.866684683121831778e-01 1.110431580803339716e-02 6.172758015132286946e-01 4.240536200000000200e+00
3.232282431324812189e-01 3.238276063852299491e-02 9.457668104003850162e-01 -5.564736999999999600e-01 -1.004398381189388831e-02 9.994754383880107840e-01 -3.078906377725897439e-02 -3.086699999999999947e-03 -9.462677323203386726e-01 4.526284589293529115e-04 3.233839419278610183e-01 4.281892299999999985e+00
2.773012277274937154e-01 3.445142689609143744e-02 9.601651567754619920e-01 -5.373082999999999609e-01 -9.186716927544873526e-03 9.994062983243340303e-01 -3.320625094384366954e-02 -3.608800000000000115e-03 -9.607391078398533901e-01 3.873686559671754570e-04 2.774530890305720865e-01 4.285958800000000402e+00
2.368853543721725630e-01 3.392272668430271199e-02 9.709451979891924323e-01 -5.173303999999999681e-01 -1.456437075340818316e-03 9.994015083427908452e-01 -3.456159592959128640e-02 -4.551900000000000217e-03 -9.715365189610812857e-01 6.773015314973476406e-03 2.367929867807054833e-01 4.288984300000000083e+00
1.437598660161000241e-01 3.356846733446181008e-02 9.890431026622895638e-01 -4.528796999999999962e-01 8.810418349526141085e-03 9.993415002157556293e-01 -3.519861467486039980e-02 -7.109599999999999774e-03 -9.895733815395094668e-01 1.377403162977836916e-02 1.433694479347764617e-01 4.296811100000000216e+00
1.190577699105445364e-01 3.050080014403273518e-02 9.924187365293447582e-01 -4.294559000000000015e-01 2.795169695199318377e-03 9.995137940462850423e-01 -3.105418711825209260e-02 -8.021800000000000805e-03 -9.928833941859952494e-01 6.471221041978669763e-03 1.189146284017360555e-01 4.299431300000000178e+00
9.458181033589894982e-02 2.630527874538819005e-02 9.951694898175442727e-01 -4.054854999999999987e-01 -1.872722785778732288e-03 9.996537648200938264e-01 -2.624582615160534621e-02 -9.079399999999999624e-03 -9.955153309030211339e-01 6.187011718870004395e-04 9.459832528067424473e-02 4.301577599999999890e+00
7.209082593209747980e-02 2.376117678946482875e-02 9.971149980288169790e-01 -3.804804999999999993e-01 2.552308263655737527e-03 9.997085200981480346e-01 -2.400751061018017996e-02 -1.015590000000000069e-02 -9.973948057509398613e-01 4.275666117745503467e-03 7.200916705735638246e-02 4.302722000000000158e+00
5.208955798102450629e-02 2.426167103885019591e-02 9.983476595193403469e-01 -3.547259999999999858e-01 1.016297847402082219e-02 9.996401930201337382e-01 -2.482334319157036145e-02 -1.137589999999999955e-02 -9.985907028497105209e-01 1.143922274774430460e-02 5.182424495397319752e-02 4.303318499999999602e+00
2.773089956543087209e-03 3.653803295177525390e-02 9.993284155472151875e-01 -2.419064999999999965e-01 1.550111067504965530e-02 9.992106172374558559e-01 -3.657674080317103310e-02 -1.520739999999999939e-02 -9.998760050825964418e-01 1.559213096268374614e-02 2.204520834498291393e-03 4.304274600000000284e+00
3.377945106937021015e-04 3.319039675017280283e-02 9.994489899231648877e-01 -2.109580000000000066e-01 2.165054351664123800e-02 9.992145328363236656e-01 -3.318992820301890773e-02 -1.654430000000000137e-02 -9.997655424449787276e-01 2.164982522455190933e-02 -3.810609449766966250e-04 4.303747699999999732e+00
7.055646409657213586e-04 3.147550501136194695e-02 9.995042745095276127e-01 -1.793388999999999955e-01 2.325288161048785773e-02 9.992337559258794855e-01 -3.148340062744974660e-02 -1.790629999999999999e-02 -9.997293662163505568e-01 2.326356813860669046e-02 -2.687218541885805223e-05 4.303813899999999748e+00
3.781191235869675940e-03 3.144128330688038264e-02 9.994984483714088874e-01 -1.137478999999999990e-01 1.850717774626189915e-02 9.993322030487692409e-01 -3.150606801176190908e-02 -2.068700000000000053e-02 -9.998215775650702852e-01 1.861702590936542209e-02 3.196776749159302433e-03 4.304665100000000244e+00
5.859512634760180930e-03 3.335145305846359126e-02 9.994265088992646540e-01 -4.521239999999999981e-02 1.716047037872905218e-02 9.992931379241993817e-01 -3.344761208199618224e-02 -2.343670000000000128e-02 -9.998355786668444711e-01 1.734661570727943219e-02 5.283044145198645403e-03 4.304773299999999914e+00
6.689320529193817574e-03 3.291250228981079662e-02 9.994358509598705309e-01 -9.267299999999999149e-03 1.675297255303195149e-02 9.993142529205865099e-01 -3.302062719585038830e-02 -2.494309999999999930e-02 -9.998372822122080228e-01 1.696440693903489283e-02 6.133351099664841044e-03 4.305246799999999929e+00
7.340693151620981093e-03 2.788912860830801768e-02 9.995840688654075157e-01 1.013582999999999984e-01 1.699404434510025028e-02 9.994631615299338634e-01 -2.801055517811269074e-02 -2.969530000000000086e-02 -9.998286436589277626e-01 1.719259288352355253e-02 6.862803296824426802e-03 4.306078900000000154e+00
5.120986947986170580e-03 2.542292265406778315e-02 9.996636686888265011e-01 1.774985000000000035e-01 1.379583362872313299e-02 9.995798418812519293e-01 -2.549146286779170947e-02 -3.279519999999999658e-02 -9.998917193712362206e-01 1.392173510654108951e-02 4.768104912452608701e-03 4.306839000000000084e+00
3.861150479027190569e-03 2.286533649092965803e-02 9.997310977978701718e-01 2.158989000000000047e-01 1.622540238410120211e-02 9.996055095621368958e-01 -2.292512967236625190e-02 -3.423040000000000110e-02 -9.998609042434112304e-01 1.630955671308588831e-02 3.488628006870886367e-03 4.307033999999999807e+00
9.153225517874336590e-04 2.010294909625486709e-02 9.997974963072570054e-01 2.941212000000000271e-01 1.460053554177515728e-02 9.996910744218310274e-01 -2.011417617548398595e-02 -3.753639999999999755e-02 -9.998929875474272810e-01 1.461598983847597205e-02 6.215259624645641523e-04 4.307496099999999828e+00
-7.403764052574196911e-04 2.975871643030474772e-02 9.995568371229319737e-01 3.734006999999999743e-01 1.292861353343742470e-02 9.994738548853772109e-01 -2.974666960631058149e-02 -4.036950000000000260e-02 -9.999161478818521243e-01 1.290086031955594605e-02 -1.124725803807402613e-03 4.307819799999999866e+00
-2.940644905602939931e-03 2.933660134529639946e-02 9.995652637167052879e-01 4.544065999999999939e-01 9.774679960257612668e-03 9.995226756399049339e-01 -2.930659504821015240e-02 -4.373029999999999973e-02 -9.999479027625458594e-01 9.684250262792213487e-03 -3.225997153427084818e-03 4.307710600000000056e+00
-4.628884376238405658e-03 1.976416793999153862e-02 9.997939543201244117e-01 5.351947000000000232e-01 5.330011711475894642e-03 9.997909510593053772e-01 -1.973943147826284772e-02 -4.723560000000000259e-02 -9.999750818918373696e-01 5.237541939623498004e-03 -4.733259959450730747e-03 4.308373500000000078e+00
-3.432804380528780164e-03 3.119649587177886207e-02 9.995073759104563527e-01 6.959977999999999998e-01 4.191599665887994763e-03 9.995049334026632204e-01 -3.118202360301185194e-02 -5.316810000000000286e-02 -9.999853230654563996e-01 4.082492995700674754e-03 -3.561868135417811665e-03 4.308921299999999732e+00
-2.973491850269986778e-03 3.648758212987123634e-02 9.993296826856150616e-01 7.358185999999999893e-01 6.160110156822206154e-03 9.993158077370867254e-01 -3.646874620315136012e-02 -5.459939999999999932e-02 -9.999766054208827359e-01 6.047541408700929030e-03 -3.196224935428260139e-03 4.309071099999999710e+00
-1.982789604544750624e-03 3.080658925318595712e-02 9.995233977271217318e-01 7.759101999999999943e-01 7.438733339433564046e-03 9.994981621690062212e-01 -3.079105498490854534e-02 -5.656510000000000010e-02 -9.999703664567712869e-01 7.374135838479612542e-03 -2.210956568262201216e-03 4.309264200000000322e+00
-4.027048722103969370e-04 1.990709909119768584e-02 9.998017529663365544e-01 8.555224999999999635e-01 1.190046789152859885e-02 9.997311303842005836e-01 -1.990089959502380768e-02 -6.023710000000000175e-02 -9.999291058333830140e-01 1.189009446984160868e-02 -6.395003906544127759e-04 4.309082499999999705e+00
-6.473507130824160188e-04 2.050850960851335891e-02 9.997894688236578231e-01 8.948279999999999568e-01 1.075450410795272989e-02 9.997320018774931150e-01 -2.050036739700326904e-02 -6.185229999999999895e-02 -9.999419591048505085e-01 1.073896902209900417e-02 -8.677360751394580518e-04 4.309444899999999912e+00
-1.947827489194515040e-03 2.138678531078137129e-02 9.997693790980712869e-01 9.339448000000000194e-01 7.718484174442354941e-03 9.997418159755837586e-01 -2.137115794455105022e-02 -6.353119999999999601e-02 -9.999683149830904672e-01 7.675076801740210973e-03 -2.112398155217909412e-03 4.309977100000000227e+00
-3.822705618961362226e-03 2.174480800431545860e-02 9.997562454151542877e-01 9.729465000000000474e-01 5.866575394207058231e-03 9.997468332297100302e-01 -2.172217162970648333e-02 -6.501400000000000234e-02 -9.999754848069499769e-01 5.782107922012457574e-03 -3.949305392515922719e-03 4.310118199999999788e+00
-6.234863605519209637e-03 2.180937487731424845e-02 9.997427057214677282e-01 1.011687500000000073e+00 5.867215270322655163e-03 9.997457270646817884e-01 -2.177285008634661373e-02 -6.654980000000000617e-02 -9.999633504588015809e-01 5.729954918810896067e-03 -6.361238545765313113e-03 4.310207400000000355e+00
-8.630700883515463745e-03 2.198041870936121717e-02 9.997211472183732406e-01 1.050571300000000097e+00 4.078260932038344291e-03 9.997508423909652331e-01 -2.194586353565277509e-02 -6.813270000000000437e-02 -9.999544383570829753e-01 3.887715513826576694e-03 -8.718192361611309948e-03 4.310261200000000237e+00
-1.315579605404726404e-02 2.126816535094366509e-02 9.996872461789181319e-01 1.127417600000000020e+00 3.420111246043404385e-04 9.997738050585680547e-01 -2.126550603919522692e-02 -7.151860000000000162e-02 -9.999134002795315723e-01 6.213949888050039616e-05 -1.316009422867925327e-02 4.310212599999999838e+00
-1.753396108001840231e-02 2.031092860259691574e-02 9.996399483754863091e-01 1.202886200000000017e+00 1.922388127983901823e-04 9.997936983685055123e-01 -2.031068061057617752e-02 -7.439310000000000367e-02 -9.998462498069808913e-01 -1.639570864329763927e-04 -1.753424834404238020e-02 4.309628499999999640e+00
-2.034843755470918183e-02 2.186073375285101095e-02 9.995539252130765107e-01 1.277479199999999926e+00 1.125071576553787409e-03 9.997607942740881493e-01 -2.184235441503619771e-02 -7.729239999999999722e-02 -9.997923160852104640e-01 6.801119256278076453e-04 -2.036816498212068449e-02 4.308423000000000336e+00
-2.283574521581249392e-02 1.977990824072137568e-02 9.995435378063460830e-01 1.351272199999999923e+00 3.208313389027661611e-03 9.998005579803852516e-01 -1.971169671307201887e-02 -8.046639999999999349e-02 -9.997340823767265627e-01 2.756717631349091605e-03 -2.289465095310971865e-02 4.306929099999999622e+00
-2.413598090635019414e-02 1.937892689338140129e-02 9.995208410124069021e-01 1.387903200000000004e+00 1.699218141398796053e-03 9.998114524894450295e-01 -1.934352937429336533e-02 -8.187129999999999408e-02 -9.997072406876906792e-01 1.231528890115097044e-03 -2.416435915137360446e-02 4.306329299999999805e+00
-2.556745784649413350e-02 1.851173503650443974e-02 9.995016862242935840e-01 1.423986200000000091e+00 1.487616986235503619e-04 9.998285904377132161e-01 -1.851398426304742828e-02 -8.328969999999999430e-02 -9.996730880489006488e-01 -3.246679435962903509e-04 -2.556582917688443590e-02 4.305766600000000111e+00
-2.653246938529638457e-02 1.746277803603297693e-02 9.994954124214793234e-01 1.459182600000000107e+00 -7.160093827164697167e-04 9.998468181770470142e-01 -1.748792474248526962e-02 -8.462609999999999577e-02 -9.996476956402603475e-01 -1.179645921118199076e-03 -2.651590158034644595e-02 4.305218199999999662e+00
-2.761730929635222709e-02 1.930681929914587758e-02 9.994321042250842169e-01 1.527281000000000111e+00 -6.934854929794599665e-04 9.998128530553556104e-01 -1.933333761099969433e-02 -8.761249999999999594e-02 -9.996183288161040181e-01 -1.227026430031811360e-03 -2.759875180219861779e-02 4.303764300000000098e+00
-2.792858682609359114e-02 2.256813027821887377e-02 9.993551288374131758e-01 1.560973299999999897e+00 -4.083791708758138794e-04 9.997447674401723772e-01 -2.258834218017184703e-02 -8.881540000000000268e-02 -9.996098375187942864e-01 -1.038976294761554189e-03 -2.791224218705434801e-02 4.303126299999999738e+00
-2.832703426734867538e-02 2.396886332002049619e-02 9.993112992059894895e-01 1.594497199999999948e+00 -2.769540471374384860e-03 9.997067556800766086e-01 -2.405685543027053647e-02 -9.029739999999999989e-02 -9.995948723233797351e-01 -3.449092454790631326e-03 -2.825234478843186015e-02 4.302701500000000401e+00
-2.850827461845432259e-02 2.490205158105888994e-02 9.992833262420288687e-01 1.627625799999999900e+00 -1.959880322029221647e-03 9.996863295465854282e-01 -2.496800726528407982e-02 -9.167790000000000661e-02 -9.995916351927931487e-01 -2.670270535027939249e-03 -2.845052737415676436e-02 4.301957100000000089e+00
-2.856204499422296608e-02 2.446195963797666295e-02 9.992926608939032285e-01 1.660843000000000069e+00 -9.892023554644302497e-04 9.996993359243576682e-01 -2.450018838903317286e-02 -9.321269999999999556e-02 -9.995915321092148087e-01 -1.688278137089075856e-03 -2.852925958527319228e-02 4.301212300000000432e+00
-2.895509770752460396e-02 2.400250209655286487e-02 9.992924908203068002e-01 1.693792699999999929e+00 -5.081955469173147361e-04 9.997111739720028201e-01 -2.402728392486578463e-02 -9.460140000000000216e-02 -9.995805840721566637e-01 -1.203548347593716428e-03 -2.893453675698309802e-02 4.300462699999999749e+00
-2.918911873595400608e-02 2.408335843614617736e-02 9.992837370806422204e-01 1.726385199999999953e+00 -3.859151770083321664e-03 9.996995405631912135e-01 -2.420610553889058353e-02 -9.612020000000000286e-02 -9.995664571678231081e-01 -4.562942491479956078e-03 -2.908740725443925701e-02 4.299993999999999872e+00
-2.934006390929217584e-02 2.420352722381794580e-02 9.992764131709128694e-01 1.759102699999999908e+00 -7.173568333224356053e-03 9.996759557222510972e-01 -2.442382992432331340e-02 -9.754799999999999582e-02 -9.995437461998186723e-01 -7.884974364550203715e-03 -2.915693077302849989e-02 4.299596300000000149e+00
-3.010711639882369950e-02 2.267282136334943660e-02 9.992894999516274135e-01 1.823776499999999912e+00 -4.690499674769733895e-03 9.997284929899071804e-01 -2.282409947687002311e-02 -9.986250000000000682e-02 -9.995356725774967588e-01 -5.374334894172374741e-03 -2.999259524443687042e-02 4.297709900000000083e+00
-3.931418263882067304e-02 2.149829770156632541e-02 9.989956047147433571e-01 1.887920400000000054e+00 -1.217528039779332445e-02 9.996840017195766093e-01 -2.199225439032009843e-02 -1.029158000000000017e-01 -9.991527198535147258e-01 -1.302765910930556159e-02 -3.904001162211878651e-02 4.296282299999999665e+00
-5.157705434172499270e-02 2.818221942294336924e-02 9.982712907691114745e-01 1.950622000000000078e+00 -5.910290269073985650e-03 9.995756233374937239e-01 -2.852440531187427908e-02 -1.053874999999999951e-01 -9.986515287798672924e-01 -7.371277898564536010e-03 -5.138860114632526344e-02 4.292938699999999663e+00
-6.538367924021011579e-02 2.908201095207878922e-02 9.974363193347216550e-01 2.014778399999999969e+00 -1.057297885556936212e-02 9.994989101433005008e-01 -2.983522650281381430e-02 -1.081680000000000003e-01 -9.978041824963118644e-01 -1.249660999382192980e-02 -6.504343265487533277e-02 4.289485899999999852e+00
-7.561567473440340692e-02 2.857520230483626134e-02 9.967275091757521466e-01 2.080006399999999811e+00 -1.295375413739685393e-02 9.994767949443638111e-01 -2.963674444823481344e-02 -1.110430000000000028e-01 -9.970528922721246801e-01 -1.515236552422701347e-02 -7.520595608601376991e-02 4.285332200000000036e+00
-8.203227307100807719e-02 2.469108952469792340e-02 9.963237708058999553e-01 2.146056699999999928e+00 -1.477562805544860997e-02 9.995530610579870245e-01 -2.598766909853546594e-02 -1.137467000000000061e-01 -9.965201387781238429e-01 -1.685313702820005408e-02 -8.163078329857009763e-02 4.280230500000000049e+00
-8.422585520667812131e-02 2.174400570502029242e-02 9.962094175074855951e-01 2.180164800000000014e+00 -1.246525983945004704e-02 9.996606588135267257e-01 -2.287322709284224376e-02 -1.150397999999999976e-01 -9.963687182021716549e-01 -1.434452635696918492e-02 -8.392622922397696694e-02 4.277812499999999574e+00
-8.740955356575556834e-02 1.867515597782274869e-02 9.959973938192007159e-01 2.249005299999999874e+00 -1.423358996306193017e-02 9.996987828849145385e-01 -1.999370939030734734e-02 -1.175027000000000016e-01 -9.960707679990409291e-01 -1.592425971983102428e-02 -8.711740979951498876e-02 4.272502900000000103e+00
-8.789245482404677012e-02 2.226532863895615971e-02 9.958811031069936259e-01 2.283466300000000171e+00 -1.258307855838853434e-02 9.996455838860471843e-01 -2.346002453360597484e-02 -1.188869000000000037e-01 -9.960504919525901002e-01 -1.459320930170091707e-02 -8.758113794236987992e-02 4.269590400000000230e+00
-8.837007845455513433e-02 3.053842704476511169e-02 9.956194723425046966e-01 2.353496799999999833e+00 5.852819726371652487e-04 9.995313410215758143e-01 -3.060646599368718745e-02 -1.219641999999999948e-01 -9.960875396665438419e-01 -2.121977672310213295e-03 -8.834653661468538921e-02 4.262660499999999963e+00
-8.921668029033366643e-02 3.205898584464230566e-02 9.954961604067518177e-01 2.389079600000000081e+00 1.470977184738033947e-03 9.994850043325439470e-01 -3.205561324474165419e-02 -1.232366000000000017e-01 -9.960111546484278211e-01 -1.395543258914055951e-03 -8.921789212326269869e-02 4.259597799999999879e+00
-8.978736516049717897e-02 2.976044291514969714e-02 9.955162204077993016e-01 2.424715299999999907e+00 -4.682453642543670663e-04 9.995520873723005018e-01 -2.992332494820062680e-02 -1.248298000000000046e-01 -9.959608475255513627e-01 -3.152882359186284095e-03 -8.973321307640080846e-02 4.256698599999999999e+00
-8.942901049234035227e-02 2.495455924342628029e-02 9.956805321263076936e-01 2.460314299999999843e+00 -1.492665092641919100e-04 9.996857284554415690e-01 -2.506834741306952774e-02 -1.263798999999999895e-01 -9.959931876282438479e-01 -2.390459261201835495e-03 -8.939718061913615177e-02 4.253526199999999591e+00
-9.481195848250764668e-02 2.396111611883824238e-02 9.952067912966885421e-01 2.600428299999999915e+00 2.400520599015430745e-04 9.997108077758632971e-01 -2.404668773738666623e-02 -1.327306000000000041e-01 -9.954951707083864454e-01 -2.041012119120156482e-03 -9.479029151664120079e-02 4.241195699999999569e+00
-9.937070141586808181e-02 2.446974583406057169e-02 9.947495640807966222e-01 2.671261799999999909e+00 1.769931702109144023e-03 9.997003494495106946e-01 -2.441472204011106012e-02 -1.355279000000000067e-01 -9.950489088692515693e-01 -6.654692648734358146e-04 -9.938423470938062554e-02 4.234781299999999860e+00
-1.013164777348878609e-01 2.412757941314601015e-02 9.945616276787770937e-01 2.706047100000000150e+00 1.753067302465320665e-03 9.997086456207195937e-01 -2.407385773447278526e-02 -1.370613999999999999e-01 -9.948527017073577339e-01 -6.955450013772148526e-04 -1.013292560059633196e-01 4.231268899999999888e+00
-1.045262344068469823e-01 2.587429036283657446e-02 9.941854894429631440e-01 2.776495900000000017e+00 -4.621796128548728150e-04 9.996601338456241326e-01 -2.606536379478285523e-02 -1.399470999999999909e-01 -9.945220222351689454e-01 -3.184006590529902397e-03 -1.044787509080249421e-01 4.224711400000000339e+00
-1.053782316144966369e-01 2.645110458174208812e-02 9.940803626308123420e-01 2.811454100000000178e+00 -1.638460773310522825e-03 9.996402034466080888e-01 -2.677273052040513371e-02 -1.412515000000000021e-01 -9.944308642374772855e-01 -4.450024677420637287e-03 -1.052969777926913153e-01 4.221343000000000067e+00
-1.078145694007582311e-01 2.497041640512302069e-02 9.938573825904216674e-01 2.883669900000000119e+00 -1.201445639718374397e-03 9.996805203321709188e-01 -2.524705520996230884e-02 -1.443046000000000051e-01 -9.941702948455580779e-01 -3.916066004914434476e-03 -1.077501242400270565e-01 4.214028400000000119e+00
-1.089333416812364730e-01 2.255430255025602307e-02 9.937931527770910156e-01 2.920055200000000184e+00 -4.049342825091336445e-03 9.997242008057730667e-01 -2.313277211972595768e-02 -1.457450999999999885e-01 -9.940408089675413228e-01 -6.544139342175101653e-03 -1.088119678501695553e-01 4.210391000000000439e+00
-1.110035602987494013e-01 2.048168783245839578e-02 9.936089321581886846e-01 2.956886299999999856e+00 -7.015344029855947322e-03 9.997465527581255174e-01 -2.139194232386283298e-02 -1.471400999999999959e-01 -9.937952477996385703e-01 -9.345090249881761457e-03 -1.108317406660965787e-01 4.206932499999999742e+00
-1.147693169038561251e-01 2.075086893950387618e-02 9.931754151889172766e-01 3.030147100000000204e+00 -4.235093208397119544e-03 9.997624966012036429e-01 -2.137789454657011701e-02 -1.497544000000000097e-01 -9.933831425401474791e-01 -6.659716809566089066e-03 -1.146541769368999431e-01 4.198621300000000112e+00
-1.171666163061242105e-01 2.205174239489159776e-02 9.928674154592458390e-01 3.066924799999999784e+00 -4.986951497551246615e-03 9.997277764810458267e-01 -2.279261386996088781e-02 -1.511117999999999906e-01 -9.930997504471212878e-01 -7.621915088309672015e-03 -1.170247498277695586e-01 4.194584400000000102e+00
-1.184241831976592108e-01 2.571519209418764856e-02 9.926300628781732360e-01 3.103756900000000041e+00 -3.323822937675574921e-03 9.996487387001437019e-01 -2.629356225943534076e-02 -1.525635999999999937e-01 -9.929575343563521450e-01 -6.413120205551252687e-03 -1.182971126198053557e-01 4.190198399999999879e+00
