9.996742494459727180e-01 2.022020462120209527e-03 -2.544221743248657394e-02 -5.948231000000000490e-01 -1.973652324446410929e-03 9.999961974776239160e-01 1.926065106704136654e-03 4.144540000000000030e-02 2.544601523094261811e-02 -1.875223598353837045e-03 9.996744389276555065e-01 -8.104354999999999754e-01
9.996286573371079287e-01 1.822512624721772450e-03 -2.718870865163567144e-02 -5.960685000000000011e-01 -1.805550379495698922e-03 9.999981597759181051e-01 6.484077455182531841e-04 4.080040000000000056e-02 2.718984034962143234e-02 -5.990763808354337538e-04 9.996301084347409827e-01 -7.778332999999999497e-01
9.995753234006469201e-01 -2.425699885898685917e-04 -2.913956088023396743e-02 -5.970588000000000006e-01 2.061822863032546625e-04 9.999991953212912232e-01 -1.251737047027525265e-03 4.055940000000000240e-02 2.913984106609095528e-02 1.245197402310949716e-03 9.995745690773011338e-01 -7.451058999999999877e-01
9.995151226255346577e-01 -2.695953344312795787e-03 -3.102017856859662359e-02 -5.978134999999999977e-01 2.596998208520691267e-03 9.999914117265293889e-01 -3.229872054372596221e-03 4.009820000000000051e-02 3.102861974318665839e-02 3.147746614320376130e-03 9.995135399023290512e-01 -7.123587000000000113e-01
9.993345958563669695e-01 -4.165216701142731778e-03 -3.623556946460583517e-02 -6.028582000000000107e-01 3.939395301395845830e-03 9.999723876216326524e-01 -6.301202976465845353e-03 3.775060000000000221e-02 3.626081479022628951e-02 6.154263897803160903e-03 9.993234102864924084e-01 -5.767198000000000047e-01
9.992893079488660568e-01 -2.429746029575989650e-03 -3.761615814125765511e-02 -6.045418999999999654e-01 2.044200091923987442e-03 9.999450231560049751e-01 -1.028454722002903991e-02 3.717659999999999715e-02 3.763907896137368148e-02 1.020034312014006690e-02 9.992393370635339611e-01 -5.416910999999999810e-01
9.992348787184053283e-01 -1.191055860842453202e-03 -3.909269162580356755e-02 -6.060195999999999916e-01 6.397482518153639044e-04 9.999002153233942369e-01 -1.411205578234939542e-02 3.673970000000000014e-02 3.910559902096013424e-02 1.407624886701690226e-02 9.991359323650839119e-01 -5.066557999999999895e-01
9.991974282607226643e-01 6.430972930337819447e-04 -4.005103972470405727e-02 -6.081227999999999634e-01 -1.203286921008143258e-03 9.999017695720121557e-01 -1.396435846519794924e-02 3.632869999999999849e-02 4.003812505280261724e-02 1.400134395801015674e-02 9.991000505002618493e-01 -4.702561000000000102e-01
9.990067624352709785e-01 7.690422934135653088e-03 -4.389015839219801568e-02 -6.160215999999999470e-01 -7.302506767182864386e-03 9.999329078448601082e-01 8.991840959321038482e-03 3.444420000000000120e-02 4.395636476681571286e-02 -8.662401746432417740e-03 9.989958962840989054e-01 -3.154872000000000232e-01
9.989632691028658140e-01 9.948860098555311823e-03 -4.442304768984842861e-02 -6.187082000000000415e-01 -9.878792214515359424e-03 9.999495896744738932e-01 1.796545082546497285e-03 3.416620000000000074e-02 4.443868188524052049e-02 -1.355836491087807809e-03 9.990111937609666981e-01 -2.754676999999999820e-01
9.989112908441604155e-01 8.869881783295067296e-03 -4.579910720967567822e-02 -6.205697999999999492e-01 -9.070789595591481624e-03 9.999501197928112317e-01 -4.180753814206207390e-03 3.437230000000000146e-02 4.575973994862193167e-02 4.591636254415275807e-03 9.989419217734040179e-01 -2.340619999999999923e-01
9.988746644750796655e-01 6.274290026250347457e-03 -4.701104077196649467e-02 -6.252598999999999796e-01 -5.965799735310117410e-03 9.999597620309694790e-01 6.699518824883801682e-03 3.428169999999999829e-02 4.705118386730747226e-02 -6.411521163756235889e-03 9.988719029450430220e-01 -1.474855999999999945e-01
9.988703775578280375e-01 2.746507474096983922e-03 -4.743865021453223113e-02 -6.361911000000000094e-01 -2.126011706236322161e-03 9.999115971540064596e-01 1.312546955917289621e-02 3.585900000000000198e-02 4.747050570308847944e-02 -1.300978760851066382e-02 9.987879136807145120e-01 3.799349999999999949e-02
9.988768921240562815e-01 5.030476949712341626e-03 -4.711314765800408283e-02 -6.386349999999999527e-01 -4.573912169885187805e-03 9.999415805371104637e-01 9.793612224700459779e-03 3.586099999999999705e-02 4.715966187377363533e-02 -9.567121542242415511e-03 9.988415472322661470e-01 8.593359999999999888e-02
9.989265788610978136e-01 1.931866836727610991e-03 -4.628129141875825941e-02 -6.412457000000000296e-01 -1.741139248827610264e-03 9.999898271636898928e-01 4.161009883408490692e-03 3.542440000000000172e-02 4.628885912375748507e-02 -4.075961194464830864e-03 9.989197805936982366e-01 1.337502000000000135e-01
9.989903215216976440e-01 5.662977876982543471e-03 -4.456756878650523779e-02 -6.572759000000000240e-01 -6.167844410483043840e-03 9.999182693129786692e-01 -1.119876731901325168e-02 3.129370000000000068e-02 4.450050787691239851e-02 1.146234599469639348e-02 9.989436017228373599e-01 4.492758000000000029e-01
9.989339271337293047e-01 1.068788050016103788e-02 -4.490855632949646015e-02 -6.632599000000000133e-01 -1.124704492548163695e-02 9.998621149062127955e-01 -1.221700273060453285e-02 2.904920000000000072e-02 4.477179024374026983e-02 1.270906706606264938e-02 9.989163961076427123e-01 5.598583999999999783e-01
9.988989442233624505e-01 1.192254710475105020e-02 -4.537347352789765365e-02 -6.690188999999999719e-01 -1.248985143409659521e-02 9.998470801846586209e-01 -1.224009221235567400e-02 2.624929999999999972e-02 4.522060194873606109e-02 1.279332313153104007e-02 9.988951036233215675e-01 6.731013999999999609e-01
9.988768151725835320e-01 1.266897650127444402e-02 -4.565747633287015050e-02 -6.719772999999999996e-01 -1.318813933158216600e-02 9.998515583076276192e-01 -1.108757551403822053e-02 2.470100000000000073e-02 4.551023062617039205e-02 1.167725927685432652e-02 9.988956204349551671e-01 7.305895999999999502e-01
9.988144793134424715e-01 1.427515083643478636e-02 -4.653875785207169102e-02 -6.771580000000000377e-01 -1.465642622752769131e-02 9.998616817448937599e-01 -7.861714094888621815e-03 2.178760000000000072e-02 4.642009353775332359e-02 8.534485741376994158e-03 9.988855477326100685e-01 8.466493000000000491e-01
9.987679897052416100e-01 1.545199693635845688e-02 -4.715653221801939521e-02 -6.842740000000000489e-01 -1.593232178172487856e-02 9.998247810166027705e-01 -9.826921580325720385e-03 1.927200000000000094e-02 4.699642393623058856e-02 1.056612775718073632e-02 9.988391727807960363e-01 9.639813000000000409e-01
9.987475400549659099e-01 1.436637507044405924e-02 -4.792659492901240464e-02 -6.905031000000000363e-01 -1.467397718966030086e-02 9.998738914870378691e-01 -6.072521387753787407e-03 1.651659999999999934e-02 4.783331085751480610e-02 6.768189558716680536e-03 9.988324013479467078e-01 1.083069999999999977e+00
9.986772999188225919e-01 1.535002927971792185e-02 -4.907165401697791834e-02 -6.970136999999999583e-01 -1.539019766007611832e-02 9.998814667263923317e-01 -4.408095532482581469e-04 1.448990000000000000e-02 4.905907095363679776e-02 1.195448949244551449e-03 9.987951634138882984e-01 1.203839099999999940e+00
9.986404217551693163e-01 1.467717104636935728e-02 -5.001888330154138917e-02 -7.034369000000000316e-01 -1.476760189161275237e-02 9.998899177876349187e-01 -1.438833210438061113e-03 1.252909999999999961e-02 4.999225911107073317e-02 2.175535959767409787e-03 9.987472358270932382e-01 1.326168199999999908e+00
9.985774302740582087e-01 1.455397323609049220e-02 -5.129617539643178958e-02 -7.117124000000000228e-01 -1.460204845580155911e-02 9.998932261576868319e-01 -5.625521018172606946e-04 1.052739999999999926e-02 5.128251093845498376e-02 1.310781070963943501e-03 9.986833261473985202e-01 1.448483500000000035e+00
9.985219296870391226e-01 1.505484169100864203e-02 -5.222363139164478557e-02 -7.150292000000000314e-01 -1.500444114831298373e-02 9.998865061544052191e-01 1.357039484859613818e-03 9.495599999999999874e-03 5.223813434550022422e-02 -5.714472813164025652e-04 9.986344930794780472e-01 1.510113999999999956e+00
9.984911441427493095e-01 1.478714150095455926e-02 -5.288454892248170558e-02 -7.188128999999999769e-01 -1.459412183762391277e-02 9.998853619950678340e-01 4.034163578839991028e-03 8.433899999999999383e-03 5.293814009097980167e-02 -3.256273057192470444e-03 9.985924844547373613e-01 1.571217700000000050e+00
9.984385467291255756e-01 1.632974771593410576e-02 -5.342104215537000350e-02 -7.225977999999999568e-01 -1.615592193403345492e-02 9.998626972385160627e-01 3.684135906978398909e-03 7.497799999999999777e-03 5.347386830867289359e-02 -2.815317114219232936e-03 9.985652804887886758e-01 1.632675899999999958e+00
9.983748059892582072e-01 1.856263978522415883e-02 -5.388112072066581631e-02 -7.305093999999999754e-01 -1.881126834417407370e-02 9.998146012941038219e-01 -4.110866380174442621e-03 5.455100000000000053e-03 5.379482269879160700e-02 5.117757645315706809e-03 9.985388953904045239e-01 1.755625500000000061e+00
9.983716786045926384e-01 1.969747648611860566e-02 -5.353504254529669465e-02 -7.383184000000000413e-01 -1.980081514165386511e-02 9.998029636995473535e-01 -1.400534657747512859e-03 2.848799999999999857e-03 5.349690720008002526e-02 2.458291618239287924e-03 9.985649892332224553e-01 1.878729099999999930e+00
9.983891375273166169e-01 1.931328342848016508e-02 -5.334910637182439797e-02 -7.460495999999999794e-01 -1.924917140334439156e-02 9.998132460304482994e-01 1.715360703448579527e-03 8.957000000000000335e-04 5.337227246188520902e-02 -6.856714004977780639e-04 9.985744490958021746e-01 2.002463600000000010e+00
9.984095006802872208e-01 1.889658373500097827e-02 -5.311674005890980321e-02 -7.493486000000000313e-01 -1.888238462048581756e-02 9.998214160021686725e-01 7.691907841959966588e-04 -1.094000000000000029e-04 5.312178933718006424e-02 2.350033288016975248e-04 9.985880132822804178e-01 2.063972199999999813e+00
9.984482935773377754e-01 1.809045965561041289e-02 -5.266631107217490532e-02 -7.532813000000000425e-01 -1.817505120467937871e-02 9.998341842180776817e-01 -1.127644748351344563e-03 -1.020999999999999989e-03 5.263717855479759650e-02 2.083107875251197748e-03 9.986115301233861041e-01 2.125108500000000067e+00
9.985051676977677593e-01 1.557959744342816803e-02 -5.238994392393899607e-02 -7.637783000000000211e-01 -1.606942050384360318e-02 9.998308987501277612e-01 -8.941343813011384811e-03 -5.049699999999999848e-03 5.224178218173072125e-02 9.769854042540892375e-03 9.985866743285052305e-01 2.309309499999999904e+00
9.985460163037453984e-01 1.376651229973245398e-02 -5.211848484963363393e-02 -7.671472000000000291e-01 -1.433684266690304042e-02 9.998411943849495609e-01 -1.058493992528019255e-02 -6.584300000000000395e-03 5.196449043591830352e-02 1.131676411252956725e-02 9.985848099103834530e-01 2.370531300000000119e+00
9.986162975260585162e-01 1.124851708559224464e-02 -5.137082030415450473e-02 -7.741789000000000032e-01 -1.138322945175362574e-02 9.999324931036729369e-01 -2.330519839384273539e-03 -9.592599999999999738e-03 5.134113752728236557e-02 2.912060927963942836e-03 9.986769284901682031e-01 2.493325200000000130e+00
9.986596759606052309e-01 8.229074586073319500e-03 -5.109925578436518012e-02 -7.816104000000000385e-01 -8.021443925824872992e-03 9.999587235717308786e-01 4.267035286896027520e-03 -1.158679999999999953e-02 5.113226034123646846e-02 -3.851426261998387203e-03 9.986844639164786930e-01 2.615503799999999934e+00
9.986909515436390716e-01 4.920227488545956401e-03 -5.091340360181879215e-02 -7.847172999999999510e-01 -4.867766905123723301e-03 9.999874860990265457e-01 1.154335612590074627e-03 -1.230380000000000015e-02 5.091844607033996911e-02 -9.049899502581507365e-04 9.987024045445027642e-01 2.676622899999999916e+00
9.986730248551710654e-01 5.365717709730548519e-03 -5.121912240640501962e-02 -7.929661000000000071e-01 -5.680163842895192237e-03 9.999658934049534542e-01 -5.995645549155743416e-03 -1.440050000000000011e-02 5.118520455503409311e-02 6.278622483692494240e-03 9.986694416744543723e-01 2.798109800000000202e+00
9.986661547349603429e-01 5.509727903825119635e-03 -5.133764978370170678e-02 -7.962713999999999626e-01 -6.061444711490100376e-03 9.999254748879846666e-01 -1.059733730933638818e-02 -1.551529999999999923e-02 5.127543539452147220e-02 1.089438242692605113e-02 9.986251259389772317e-01 2.858580599999999805e+00
9.986759467025110304e-01 1.218192016418833540e-02 -4.997953880296150675e-02 -8.036693999999999782e-01 -1.257448989905418646e-02 9.998924514274001307e-01 -7.547700463246355407e-03 -1.846899999999999931e-02 4.988221809043758004e-02 8.166174111396761609e-03 9.987217219620090347e-01 2.980920600000000142e+00
9.986612478876909504e-01 1.406016483399587409e-02 -4.977975223161393986e-02 -8.079178000000000193e-01 -1.435579555236327944e-02 9.998813456546478129e-01 -5.586210335235852406e-03 -1.972170000000000173e-02 4.969530260959031248e-02 6.293359730034100985e-03 9.987445972428835583e-01 3.042152900000000049e+00
9.986873512794722796e-01 1.087695107702233051e-02 -5.005263559154449898e-02 -8.196459000000000383e-01 -1.103702610573590974e-02 9.999348183815510716e-01 -2.922848438717570111e-03 -2.301589999999999886e-02 5.001758140027553340e-02 3.471444011138954521e-03 9.987423044145793405e-01 3.225502000000000091e+00
9.986780834546279406e-01 9.554945520372610038e-03 -5.050533282232644305e-02 -8.229914000000000396e-01 -9.605917379143116483e-03 9.999535682614032472e-01 -7.665980644549689853e-04 -2.432000000000000134e-02 5.049566296917319674e-02 1.250734740087308585e-03 9.987234971121454752e-01 3.286600400000000199e+00
9.986417257359196942e-01 8.081462770759526709e-03 -5.147226028327302888e-02 -8.301226000000000438e-01 -8.098639299619615067e-03 9.999671976522351846e-01 -1.251440376263034332e-04 -2.708740000000000106e-02 5.146956052540991450e-02 5.418293276710573533e-04 9.986744167947333439e-01 3.408669000000000171e+00
9.985754527020079818e-01 8.670765285017404192e-03 -5.264867605507203563e-02 -8.372237000000000151e-01 -9.005247865428370538e-03 9.999407286564190311e-01 -6.119206235458677159e-03 -2.952089999999999922e-02 5.259249729630621761e-02 6.584603514412666614e-03 9.985943481838338576e-01 3.529874599999999862e+00
9.983162559043954332e-01 1.397953693480178360e-02 -5.629587679500175357e-02 -8.595513000000000181e-01 -1.388591449352957231e-02 9.999014766068349269e-01 2.053888543562639585e-03 -3.663109999999999977e-02 5.631904274495341811e-02 -1.268710589340716136e-03 9.984120170539477757e-01 3.887315500000000146e+00
9.982366795998744990e-01 1.224510290133938757e-02 -5.808260459339889548e-02 -8.661529000000000034e-01 -1.212173483993259603e-02 9.999234638604812542e-01 2.475876759273693082e-03 -3.918520000000000336e-02 5.810847654075847191e-02 -1.767449063582036701e-03 9.983087103085497294e-01 4.003268699999999569e+00
9.981876569617974537e-01 1.036953035784254039e-02 -5.927794133802725962e-02 -8.732893000000000461e-01 -9.967931826182099483e-03 9.999253494102572359e-01 7.066536767288336164e-03 -4.150559999999999666e-02 5.934679287228085409e-02 -6.462851300520061452e-03 9.982165044362079076e-01 4.115533799999999687e+00
9.979936451959285915e-01 7.927485269760614628e-03 -6.281591459049805370e-02 -8.806465999999999461e-01 -7.429085892086386735e-03 9.999390779896879522e-01 8.163883386040741291e-03 -4.332049999999999790e-02 6.287680678398847867e-02 -7.680838914506507575e-03 9.979917393857618002e-01 4.223931799999999903e+00
9.975467508163893271e-01 7.012790743673912031e-03 -6.965127925350590721e-02 -8.878646000000000038e-01 -6.565603192207870864e-03 9.999563525986211454e-01 6.647236447154809651e-03 -4.532300000000000217e-02 6.969485483439140372e-02 -6.173626458359380599e-03 9.975492536942552890e-01 4.326877099999999920e+00
9.970705063747662411e-01 7.790403282272562527e-03 -7.609017633221071275e-02 -8.957433000000000201e-01 -7.204492508000407205e-03 9.999422721335564646e-01 7.971680380117524348e-03 -4.687260000000000038e-02 7.614788641367223332e-02 -7.400136287943726889e-03 9.970690735238207925e-01 4.424587700000000012e+00
9.967955140052178198e-01 9.047022585746496495e-03 -7.947864267466153709e-02 -9.001704000000000372e-01 -8.355654668786781716e-03 9.999243446855026196e-01 9.027067094249973875e-03 -4.762790000000000079e-02 7.955429777283890003e-02 -8.334043892439120180e-03 9.967956949236234099e-01 4.470780399999999766e+00
9.955452898357434188e-01 1.646725740953633443e-02 -9.283536674820513923e-02 -9.219967999999999497e-01 -1.585450929058808411e-02 9.998474112108450829e-01 7.334086863815562560e-03 -5.116819999999999702e-02 9.294197340825263720e-02 -5.829556447913211356e-03 9.956544610710084120e-01 4.680985500000000243e+00
9.952753281539399310e-01 1.905309066118235362e-02 -9.520504663264418854e-02 -9.261838999999999489e-01 -1.879768532996949071e-02 9.998169024764794743e-01 3.578903264043553981e-03 -5.170580000000000315e-02 9.525580399273651799e-02 -1.772359612126637183e-03 9.954512497089461620e-01 4.718071000000000126e+00
9.951164090509353466e-01 2.897998055211613647e-02 -9.435832324056327158e-02 -9.406388999999999445e-01 -2.892359345449990390e-02 9.995796930232979660e-01 1.965461047262312931e-03 -5.434710000000000235e-02 9.437562280192095254e-02 7.733192409771787092e-04 9.955363598573891970e-01 4.851346000000000380e+00
9.969081484850785824e-01 3.243121371003842429e-02 -7.157066341278553456e-02 -9.483186000000000115e-01 -3.196421356994382651e-02 9.994596528871984020e-01 7.661024830647083887e-03 -5.611769999999999953e-02 7.178044674496977806e-02 -5.349638108749755171e-03 9.974061102866764728e-01 4.937906700000000093e+00
9.990260383024828217e-01 3.112885551762652192e-02 -3.127249826618978823e-02 -9.507474000000000203e-01 -3.089721213775078329e-02 9.994916346177101785e-01 7.863498669959875786e-03 -5.757820000000000299e-02 3.150138212461377207e-02 -6.889606910438948566e-03 9.994799629011372755e-01 5.014097200000000143e+00
9.461203918372179666e-01 1.448315662829975474e-02 3.234910235599578465e-01 -9.058053999999999828e-01 -9.618001689027351822e-03 9.998153980756956383e-01 -1.663321418872476878e-02 -6.532469999999999943e-02 -3.236722079408408392e-01 1.262568591476379357e-02 9.460850352171746858e-01 5.246043700000000420e+00
8.883383411072220959e-01 1.304561285132960734e-02 4.590041434499278483e-01 -8.761077999999999921e-01 -6.620783083195405302e-03 9.998563318422449830e-01 -1.560387472186125848e-02 -6.746349999999999569e-02 -4.591417612788386005e-01 1.082255331719326683e-02 8.882970873471681683e-01 5.298106699999999947e+00
8.643794256237976592e-01 1.338796155900446455e-02 5.026618854096343014e-01 -8.644403000000000503e-01 -5.054766265487401627e-03 9.998263360969225078e-01 -1.793730707227501886e-02 -6.839409999999999934e-02 -5.028147351622413996e-01 1.296380084305585358e-02 8.642969871354559963e-01 5.313974400000000209e+00
6.620077485248772042e-01 2.845282279663481628e-02 7.489567262318472807e-01 -7.772272000000000070e-01 -4.713010735277077187e-03 9.994174381715213995e-01 -3.380194977338355639e-02 -7.319779999999999343e-02 -7.494821735190451140e-01 1.884731157423996661e-02 6.617561865397191267e-01 5.396236899999999892e+00
6.189540038618727147e-01 2.669188256223151146e-02 7.849735565664877068e-01 -7.590827999999999465e-01 -3.380289632543114972e-03 9.995036518017995641e-01 -3.132129749654484485e-02 -7.394480000000000497e-02 -7.854199607505254477e-01 1.673300451655308774e-02 6.187370134511851472e-01 5.407713900000000073e+00
5.265616532581676168e-01 2.269363109489370631e-02 8.498339981583191705e-01 -7.198234999999999495e-01 -4.609081562396213916e-04 9.996511230155709082e-01 -2.640870722658574671e-02 -7.546329999999999705e-02 -8.501368200952694743e-01 1.351411711644101045e-02 5.263884076961291569e-01 5.428646999999999778e+00
3.752546362519332823e-01 2.407740030020907862e-02 9.266089988588569470e-01 -6.560943999999999665e-01 -3.847180468486584987e-03 9.996944221677510622e-01 -2.441846615021723774e-02 -7.860530000000000295e-02 -9.269137808738591167e-01 5.598310590696216338e-03 3.752325968578129611e-01 5.452558500000000308e+00
3.253417753514628030e-01 2.891681876983712846e-02 9.451542449798289169e-01 -6.331495000000000317e-01 -3.816993211733092292e-03 9.995643242725007482e-01 -2.926759649306050204e-02 -7.956030000000000046e-02 -9.455887900001669344e-01 5.914324466193825180e-03 3.253104071377500572e-01 5.458480400000000010e+00
2.383689187579316471e-01 3.049314045963901626e-02 9.706958467795578915e-01 -5.843730999999999787e-01 5.171118425394458096e-03 9.994529348364498134e-01 -3.266635242933910166e-02 -8.161730000000000373e-02 -9.711609125703137835e-01 1.280622628708273994e-02 2.380808317859270939e-01 5.467258000000000173e+00
1.733145906222868238e-01 3.138425558725398135e-02 9.843663348462619034e-01 -5.320095000000000240e-01 1.748190307532753590e-02 9.992366258962834813e-01 -3.493634972740528033e-02 -8.346770000000000578e-02 -9.847113464068004696e-01 2.326357600724004993e-02 1.726336302377418086e-01 5.473666200000000259e+00
1.452842304191480916e-01 3.013102542632204242e-02 9.889310459775619844e-01 -5.011333999999999511e-01 1.533932440298578156e-02 9.993474324874028758e-01 -3.270190067405247258e-02 -8.469190000000000051e-02 -9.892710435054572482e-01 1.992060459910700507e-02 1.447272330766748993e-01 5.476503799999999700e+00
1.199944521239308254e-01 2.686861408130380643e-02 9.924109073548251780e-01 -4.719284000000000256e-01 9.267225877090525671e-03 9.995598305481281365e-01 -2.818268403009535628e-02 -8.574270000000000502e-02 -9.927313080506831033e-01 1.257866177091866884e-02 1.196926367160159321e-01 5.479782600000000059e+00
9.574799076839808631e-02 2.302642743149299273e-02 9.951392394552416309e-01 -4.422554000000000207e-01 4.392702814566561836e-03 9.997128941237414246e-01 -2.355490362357465922e-02 -8.693120000000000014e-02 -9.953959144108426305e-01 6.626685632741198193e-03 9.561935270502075479e-02 5.482728999999999964e+00
7.332722356553815490e-02 2.034531332491636493e-02 9.971003893840783006e-01 -4.104226999999999737e-01 8.813791227455479438e-03 9.997396294709569586e-01 -2.104733592339837200e-02 -8.826190000000000424e-02 -9.972689884722018006e-01 1.033157737155984690e-02 7.312881197344212048e-02 5.483997300000000408e+00
5.305308442061857505e-02 2.078345110738643448e-02 9.983753895171522119e-01 -3.773649000000000031e-01 1.650593261848767174e-02 9.996285526234808261e-01 -2.168665415131937335e-02 -8.968360000000000221e-02 -9.984552691141713732e-01 1.762966080081720260e-02 5.269032774803616981e-02 5.484321099999999838e+00
3.603624611579583220e-02 2.313147549162102024e-02 9.990827412218982184e-01 -3.436632000000000020e-01 2.173755673654558657e-02 9.994774077917683019e-01 -2.392467222288808745e-02 -9.086729999999999807e-02 -9.991140413351257132e-01 2.257977314827824475e-02 3.551459209346263801e-02 5.484235299999999924e+00
3.940260550598574663e-03 2.753738120193190142e-02 9.996130086104987322e-01 -1.165860999999999981e-01 2.766089627410023982e-02 9.992352705176615890e-01 -2.763600859040810098e-02 -9.892349999999999755e-02 -9.996095983753391367e-01 2.775908481984105947e-02 3.175538672100408633e-03 5.485233799999999604e+00
5.468875659997987464e-03 2.795477148022309372e-02 9.995942287500985124e-01 -7.492479999999999973e-02 2.447289162309008309e-02 9.993060377954000595e-01 -2.808060542906782794e-02 -1.004281999999999953e-01 -9.996855350432056753e-01 2.461653056681651838e-02 4.780946374204564364e-03 5.485961900000000391e+00
6.567476870155809429e-03 2.916381091377417273e-02 9.995530703172019749e-01 -3.210520000000000040e-02 2.327363730826434440e-02 9.992994051567458680e-01 -2.930932718124489370e-02 -1.020380000000000037e-01 -9.997075602665026484e-01 2.345572395726725975e-02 5.884127771993430400e-03 5.486661899999999648e+00
9.686482115900067053e-03 2.699713562992253624e-02 9.995885787322690286e-01 1.494213000000000069e-01 2.237360755720264188e-02 9.993793725652247995e-01 -2.720829608803060004e-02 -1.090808000000000055e-01 -9.997027526965674982e-01 2.262795525267856725e-02 9.076447101600049194e-03 5.488227400000000422e+00
9.005322101297947093e-03 2.451171366581284330e-02 9.996589818868316657e-01 1.960949999999999915e-01 2.270411985800490848e-02 9.994367912185363467e-01 -2.471079319384519857e-02 -1.111783999999999967e-01 -9.997016690569867636e-01 2.291890599397892331e-02 8.443733339816850147e-03 5.488628900000000144e+00
7.768191812042449587e-03 2.297960961539246769e-02 9.997057530783224344e-01 2.432412999999999936e-01 2.071459968840707114e-02 9.995176933576415124e-01 -2.313624915081718275e-02 -1.128373000000000015e-01 -9.997552503266591284e-01 2.088823130242972725e-02 7.288431747353607548e-03 5.489344100000000282e+00
4.534001989167466863e-03 1.765538415032905095e-02 9.998338513155404783e-01 3.888674999999999771e-01 2.360811442892820494e-02 9.995635658358670295e-01 -1.775766838852802648e-02 -1.180437000000000014e-01 -9.997110081213833599e-01 2.368470527556983118e-02 4.115212866491524402e-03 5.489691699999999841e+00
2.037695068597125767e-03 2.153241414482853777e-02 9.997660741092903036e-01 4.872051000000000021e-01 1.819439520182573183e-02 9.996018574037044413e-01 -2.156596063948687525e-02 -1.216131000000000018e-01 -9.998323918447767911e-01 1.823408391336686640e-02 1.645114522791701894e-03 5.490538100000000199e+00
1.453708542026705373e-04 2.795602831070198233e-02 9.996091432897189488e-01 5.875620000000000287e-01 1.931923238339338864e-02 9.994225144938564398e-01 -2.795361842219427906e-02 -1.251893000000000034e-01 -9.998133556456580973e-01 1.931574497316695255e-02 -3.948021028098436247e-04 5.490768000000000093e+00
-2.549865259243527370e-03 2.160983414757634488e-02 9.997632285972883892e-01 6.892363999999999713e-01 1.294543147514981909e-02 9.996834154902213276e-01 -2.157509206765442084e-02 -1.293712999999999946e-01 -9.999129532069688242e-01 1.288735278945244561e-02 -2.828806638547232133e-03 5.491528500000000257e+00
-3.466003160385315758e-03 1.102289700346561520e-02 9.999332390533595127e-01 7.911968999999999808e-01 7.881870156321532997e-03 9.999084855220350398e-01 -1.099530371881399238e-02 -1.327305000000000013e-01 -9.999629307854021043e-01 7.843234197769794608e-03 -3.552567013843321853e-03 5.492163200000000245e+00
-2.477379358174216888e-03 1.617140610698615533e-02 9.998661651521357774e-01 8.921470999999999707e-01 8.237358330376724422e-03 9.998356400894247153e-01 -1.615050261469134010e-02 -1.367520000000000124e-01 -9.999630035752583579e-01 8.196244962975999387e-03 -2.610181843133774215e-03 5.492481200000000285e+00
-1.449815312021060162e-03 2.759025536437948942e-02 9.996182650614631182e-01 9.416421999999999848e-01 1.028491578573119056e-02 9.995668559282048227e-01 -2.757391950890905261e-02 -1.381660000000000110e-01 -9.999460578165413338e-01 1.024101258331941780e-02 -1.732950786042963820e-03 5.492573700000000336e+00
-9.807890699716215188e-04 3.279022604650642242e-02 9.994617747210839953e-01 9.918481999999999577e-01 1.233162469585250692e-02 9.993866554661486878e-01 -3.277566030679063269e-02 -1.398545999999999956e-01 -9.999234816150485150e-01 1.229284149432108980e-02 -1.384544269654397475e-03 5.492669099999999638e+00
1.433268193786363170e-03 1.922840792422458520e-02 9.998140897541826222e-01 1.092477700000000107e+00 1.700148958313097217e-02 9.996701387967934505e-01 -1.925001168712219338e-02 -1.444877999999999996e-01 -9.998544369528196141e-01 1.702591926150448173e-02 1.105883837191568020e-03 5.492416900000000268e+00
1.430539310368189902e-03 1.672436392103002212e-02 9.998591146800225316e-01 1.191570999999999936e+00 1.699067137904706343e-02 9.997153992768297304e-01 -1.674626928178700458e-02 -1.483542999999999945e-01 -9.998546247547043242e-01 1.701223383938280098e-02 1.145974006440120263e-03 5.492945699999999931e+00
4.235622407773861962e-04 1.778307134539416912e-02 9.998417789673288425e-01 1.241089600000000015e+00 1.385008528275929324e-02 9.997458624525574766e-01 -1.778723268673784025e-02 -1.501699999999999979e-01 -9.999039932576969658e-01 1.385542790809729530e-02 1.771575429851957040e-04 5.493394900000000192e+00
-1.473234889772794638e-03 1.793426981771336498e-02 9.998380826639203800e-01 1.289962400000000065e+00 1.197361386772241229e-02 9.997678091506364551e-01 -1.791536650708478937e-02 -1.519687999999999872e-01 -9.999272284271019107e-01 1.194528158906039798e-02 -1.687630839909304292e-03 5.493466399999999972e+00
-6.028470736106949883e-03 1.801590651854099306e-02 9.998195260410246421e-01 1.386897199999999941e+00 1.022533109635906552e-02 9.997865316042996442e-01 -1.795365775029027222e-02 -1.557225999999999888e-01 -9.999295475905057851e-01 1.011525259002056705e-02 -6.211402457283576872e-03 5.493554099999999885e+00
-8.320574425445766142e-03 1.842208259212757201e-02 9.997956765830704473e-01 1.435001900000000052e+00 8.415196709009531428e-03 9.997961724401908112e-01 -1.835205814869276739e-02 -1.574307000000000067e-01 -9.999299738009554961e-01 8.260777621577508611e-03 -8.473903911866753624e-03 5.493731499999999990e+00
-1.041524534989899872e-02 1.773788165483927703e-02 9.997884227268791779e-01 1.483496099999999984e+00 6.574950899071356838e-03 9.998222549814607119e-01 -1.766998767576685031e-02 -1.591208000000000067e-01 -9.999241434653813876e-01 6.389522531916430083e-03 -1.053001979285528300e-02 5.493560800000000022e+00
-1.674815019017253728e-02 1.775091030333165315e-02 9.997021579693675664e-01 1.625340199999999902e+00 6.608335080624657895e-03 9.998225231743232966e-01 -1.764233716920843298e-02 -1.643791000000000002e-01 -9.998379015483808141e-01 6.310890328069578004e-03 -1.686248174491133955e-02 5.492190400000000139e+00
-1.864014213862636576e-02 1.707456258509890135e-02 9.996804511510563040e-01 1.718595099999999931e+00 9.469361472735384616e-03 9.998123387875359480e-01 -1.690024856314328514e-02 -1.674837000000000131e-01 -9.997814142573119289e-01 9.151312513781435787e-03 -1.879832931205926982e-02 5.490445099999999634e+00
-1.998222200004812210e-02 1.639923232432380362e-02 9.996658321574830586e-01 1.764942299999999964e+00 9.736021535017997872e-03 9.998212527941791050e-01 -1.620716957854960796e-02 -1.693602999999999914e-01 -9.997529298224686611e-01 9.408912809195936131e-03 -2.013831351276684778e-02 5.489464800000000366e+00
-2.113854955318484122e-02 1.597069545550608427e-02 9.996489876999101742e-01 1.810470699999999988e+00 8.259505409263781170e-03 9.998410717338545028e-01 -1.579910897777133880e-02 -1.710009000000000112e-01 -9.997424379774932923e-01 7.922635973249683022e-03 -2.126710008566001786e-02 5.488672700000000404e+00
-2.253588905376217519e-02 1.519153362697629045e-02 9.996306072798175624e-01 1.856035799999999902e+00 6.654151078431210821e-03 9.998646747918150668e-01 -1.504507816142247600e-02 -1.726322999999999885e-01 -9.997238898705891330e-01 6.312638871212847280e-03 -2.263392613975134804e-02 5.488045699999999805e+00
-2.349298088412276816e-02 1.392654967466399815e-02 9.996269959656639559e-01 1.900029200000000085e+00 5.740374516097867912e-03 9.998883629140943308e-01 -1.379528214236111147e-02 -1.742837999999999887e-01 -9.997075212028733171e-01 5.414141033583195171e-03 -2.357030180704722255e-02 5.487328999999999901e+00
-2.450476496374197344e-02 1.617129378182737692e-02 9.995689099564342150e-01 1.985143099999999938e+00 6.199198354429660482e-03 9.998523913163158694e-01 -1.602390460553435730e-02 -1.774872999999999867e-01 -9.996804921742921124e-01 5.803863925580937666e-03 -2.460139690544294044e-02 5.485659599999999969e+00
-2.467377796309157614e-02 1.929184669514719119e-02 9.995093943190923591e-01 2.028640300000000174e+00 6.414611305041983610e-03 9.997962543309775185e-01 -1.913903308823563382e-02 -1.790318999999999938e-01 -9.996749759010842284e-01 5.939232007447525254e-03 -2.479250048559900055e-02 5.484589099999999995e+00
-2.514274042803137793e-02 2.086334968039042087e-02 9.994661391182206867e-01 2.070791700000000013e+00 4.159343403834536365e-03 9.997757284518736798e-01 -2.076517904990272945e-02 -1.807149000000000116e-01 -9.996752184915946859e-01 3.635029386304044000e-03 -2.522387946258641822e-02 5.484125599999999601e+00
-2.534181476952317505e-02 2.167813929457531805e-02 9.994437706549138545e-01 2.112828299999999881e+00 4.876604231565800918e-03 9.997556356946376566e-01 -2.156125293158180772e-02 -1.823703999999999881e-01 -9.996669501165654781e-01 4.327490443196847086e-03 -2.544133784037683199e-02 5.483176199999999945e+00
-2.537283825340765075e-02 2.156628289630716303e-02 9.994454034718469604e-01 2.154035100000000202e+00 6.091643094444431326e-03 9.997520444497882686e-01 -2.141825162982577413e-02 -1.839903999999999984e-01 -9.996594975107155889e-01 5.544822856059150248e-03 -2.549792101561620949e-02 5.482272599999999940e+00
-2.561700830455616862e-02 2.094303374440725785e-02 9.994524291946589312e-01 2.195317000000000185e+00 6.890764906915713278e-03 9.997604739046500599e-01 -2.077287117726425020e-02 -1.856698999999999988e-01 -9.996480811988395221e-01 6.354852911768761430e-03 -2.575518588455272262e-02 5.481250300000000131e+00
-2.598077678377307478e-02 2.140171831583705456e-02 9.994333222836035979e-01 2.277407199999999854e+00 3.591139861049211235e-04 9.997709375738542681e-01 -2.139961260960840037e-02 -1.890226000000000128e-01 -9.996623781431692723e-01 -1.970680742581013001e-04 -2.598251122038375271e-02 5.480217900000000419e+00
-2.603693994588410221e-02 2.013258579903082907e-02 9.994582316171590763e-01 2.318423699999999865e+00 2.553996231468375067e-03 9.997952581311551068e-01 -2.007284039957119362e-02 -1.906317999999999901e-01 -9.996577188525600510e-01 2.029977217033317183e-03 -2.608302764240100213e-02 5.479263800000000018e+00
-2.697980556001162988e-02 1.949651768179767874e-02 9.994458343953548374e-01 2.358554600000000168e+00 2.737957505915973241e-03 9.998074773820594396e-01 -1.942966185033900839e-02 -1.920619000000000076e-01 -9.996322292126437192e-01 2.212231725220290338e-03 -2.702799197413974230e-02 5.478185700000000047e+00
-3.615640887906766687e-02 1.829159047870559246e-02 9.991787286640609889e-01 2.438988000000000156e+00 -4.646102801478437481e-03 9.998185935708624461e-01 -1.847142871411478621e-02 -1.956505000000000050e-01 -9.993353430284190875e-01 -5.310147619591838210e-03 -3.606486526427588046e-02 5.476581600000000272e+00
-6.234823021004121807e-02 2.594529928579480602e-02 9.977171641475585107e-01 2.598232299999999828e+00 -3.338082808297771625e-03 9.996510379595670015e-01 -2.620418877823542034e-02 -2.016600000000000059e-01 -9.980488742505752020e-01 -4.964247307597372677e-03 -6.223986548690763065e-02 5.468604599999999927e+00
-7.217808675835481191e-02 2.563853841726706356e-02 9.970621791742629858e-01 2.678771300000000188e+00 -5.731828309733779866e-03 9.996423866958921156e-01 -2.611981747961118414e-02 -2.047557999999999878e-01 -9.973752904178704304e-01 -7.600267677311655506e-03 -7.200531921394470736e-02 5.463198700000000407e+00
-7.628795374911978566e-02 2.460443928994923007e-02 9.967822077465064989e-01 2.720023400000000091e+00 -8.313194372020363612e-03 9.996450502058152887e-01 -2.531134920042997852e-02 -2.066424000000000039e-01 -9.970511716617684872e-01 -1.021739527669851197e-02 -7.605633386940580110e-02 5.460493600000000392e+00
-8.046600519820816533e-02 1.850164818127708263e-02 9.965856265379395840e-01 2.803798000000000012e+00 -4.972018326765037695e-03 9.998078249300424991e-01 -1.896291756075324866e-02 -2.097584000000000115e-01 -9.967449528546405979e-01 -6.480912222354025948e-03 -8.035855110419731773e-02 5.453928000000000331e+00
-8.396293516085374942e-02 1.522998776246801272e-02 9.963524843106126294e-01 2.889859200000000072e+00 -6.748076967831953023e-03 9.998515755974932695e-01 -1.585213652623445810e-02 -2.127629000000000048e-01 -9.964460291337462472e-01 -8.054455162531814691e-03 -8.384769988272955388e-02 5.447863100000000181e+00
-8.469220620380112086e-02 2.272663120092265066e-02 9.961479460615225712e-01 2.976693899999999893e+00 9.161436843643979561e-04 9.997412040512081433e-01 -2.273071936807588914e-02 -2.158434999999999937e-01 -9.964067396846945091e-01 -1.012500122404988434e-03 -8.469110906358290336e-02 5.440485999999999933e+00
-8.579406077366702466e-02 2.862900866837065836e-02 9.959014805685503235e-01 3.064302200000000198e+00 9.262149263824865503e-03 9.995667893646236202e-01 -2.793646703348265370e-02 -2.193367999999999984e-01 -9.962698388122460669e-01 6.827405214617936202e-03 -8.602206002564949383e-02 5.432406399999999635e+00
-8.641723554709020150e-02 2.654009443209297964e-02 9.959054597640953910e-01 3.109043600000000129e+00 7.261027118967700034e-03 9.996353269010895826e-01 -2.600943475989493658e-02 -2.210171999999999970e-01 -9.962325726885145061e-01 4.983633101182573938e-03 -8.657842985141539494e-02 5.428804399999999752e+00
-8.604121085973656657e-02 2.152516663116600323e-02 9.960590229676605789e-01 3.153304299999999838e+00 7.635884104756590456e-03 9.997514616718363722e-01 -2.094536127560137073e-02 -2.228750999999999927e-01 -9.962623165149472326e-01 5.803627014830757720e-03 -8.618418999876742426e-02 5.425047400000000408e+00
-8.622496951691831224e-02 1.936148381126930051e-02 9.960875401170483645e-01 3.197233699999999956e+00 9.589853832627564731e-03 9.997809549158626075e-01 -1.860314196566634215e-02 -2.246895999999999893e-01 -9.962295364700222144e-01 7.948278565315554378e-03 -8.639175616094862953e-02 5.421189799999999614e+00
-8.910074894963947167e-02 2.025140054928281641e-02 9.958167187351324445e-01 3.284875399999999779e+00 8.578990622575170116e-03 9.997717949271761606e-01 -1.956422725256958678e-02 -2.279926999999999926e-01 -9.959856713108433679e-01 6.799914991007384446e-03 -8.925415228214306218e-02 5.413971899999999948e+00
-9.324157310799245646e-02 2.111858093045395138e-02 9.954195168791049042e-01 3.371541300000000074e+00 9.324756795564562162e-03 9.997496964845051792e-01 -2.033699313672945874e-02 -2.313838000000000006e-01 -9.955998483100780838e-01 7.385791672100926186e-03 -9.341516004549721419e-02 5.405935300000000332e+00
-9.700369129854777284e-02 2.101579652563638143e-02 9.950621187498039921e-01 3.458172600000000152e+00 9.657661277436856151e-03 9.997498519986429688e-01 -2.017332415200043250e-02 -2.346198999999999923e-01 -9.952371644251968297e-01 7.653085984388066296e-03 -9.718238946336532624e-02 5.397898699999999828e+00
-9.890892304045800776e-02 2.143435981536973706e-02 9.948656156297104314e-01 3.502174399999999910e+00 7.136015356194550310e-03 9.997575585877037652e-01 -2.083029840377588135e-02 -2.360941000000000012e-01 -9.950709031158602169e-01 5.039073928754720516e-03 -9.903789934226003844e-02 5.393954299999999868e+00
-1.008910811359121917e-01 2.331768589208878251e-02 9.946241879583788137e-01 3.590674599999999828e+00 5.801849799376221015e-03 9.997220995385289743e-01 -2.284868121317262454e-02 -2.395502999999999938e-01 -9.948805598091321478e-01 3.465431995234264512e-03 -1.009983291691211038e-01 5.385683499999999846e+00
-1.044107184138299699e-01 1.960873280797092305e-02 9.943409372433446025e-01 3.725665600000000133e+00 3.426766968561230711e-03 9.998067691765107901e-01 -1.935669333771807346e-02 -2.443406999999999940e-01 -9.945283601529172346e-01 1.386328421726364807e-03 -1.044577376026114557e-01 5.372520399999999974e+00
-1.064583770319313949e-01 1.750895678231286640e-02 9.941629898523294262e-01 3.771519200000000183e+00 6.737699827239745226e-04 9.998459898178461147e-01 -1.753689479873472151e-02 -2.460122999999999893e-01 -9.943169313622985950e-01 -1.197112177955393653e-03 -1.064537783674016636e-01 5.368440599999999563e+00
-1.084827131864716243e-01 1.700731283943556285e-02 9.939528420652979923e-01 3.817813600000000029e+00 2.183200880796745159e-03 9.998553074236348204e-01 -1.687002817729482337e-02 -2.476443999999999868e-01 -9.940959383146154016e-01 3.398922920622160504e-04 -1.085041469235806799e-01 5.363188700000000253e+00
-1.124925883769428980e-01 1.908436338376424263e-02 9.934692771467529271e-01 3.909769499999999898e+00 2.807082311051959170e-03 9.998176565057361742e-01 -1.888846283520224240e-02 -2.505461999999999967e-01 -9.936485987758220118e-01 6.639379596586336696e-04 -1.125256474641717075e-01 5.353189000000000419e+00
-1.141940542505595624e-01 2.618624939479286332e-02 9.931132857415887472e-01 4.003225800000000056e+00 6.501012073822084320e-03 9.996508430974671011e-01 -2.561110572660473678e-02 -2.543143999999999960e-01 -9.934371921847082731e-01 3.531605464518477663e-03 -1.143244197317734301e-01 5.342343800000000087e+00
