9.999931e-01 -2.475044e-03 -2.755837e-03 1.173954e-03 2.468662e-03 9.999942e-01 -2.316828e-03 -2.241474e-02 2.761556e-03 2.310009e-03 9.999935e-01 1.127607e+00
9.999200e-01 -8.311338e-03 -9.539068e-03 -2.969353e-02 8.230327e-03 9.999300e-01 -8.500812e-03 -9.078265e-02 9.609054e-03 8.421622e-03 9.999184e-01 3.390281e+00
9.999041e-01 -8.525348e-03 -1.091073e-02 -4.152744e-02 8.441127e-03 9.999344e-01 -7.742225e-03 -1.098544e-01 1.097602e-02 7.649383e-03 9.999105e-01 3.969489e+00
9.998780e-01 -8.278892e-03 -1.324786e-02 -7.008098e-02 8.141373e-03 9.999127e-01 -1.040105e-02 -1.575514e-01 1.333281e-02 1.029192e-02 9.998582e-01 5.150463e+00
9.998748e-01 -6.580037e-03 -1.439059e-02 -8.798198e-02 6.374276e-03 9.998774e-01 -1.429781e-02 -1.803479e-01 1.448291e-02 1.420429e-02 9.997942e-01 5.751285e+00
9.998394e-01 -1.112536e-03 -1.788542e-02 -1.444743e-01 8.907687e-04 9.999227e-01 -1.240253e-02 -2.366165e-01 1.789783e-02 1.238460e-02 9.997631e-01 7.637602e+00
9.998258e-01 -8.672136e-05 -1.866531e-02 -1.645124e-01 5.358731e-05 9.999984e-01 -1.775663e-03 -2.542635e-01 1.866543e-02 1.774354e-03 9.998242e-01 8.302111e+00
9.997817e-01 3.389970e-03 -2.061746e-02 -2.077191e-01 -3.275843e-03 9.999791e-01 5.566728e-03 -2.924369e-01 2.063590e-02 -5.497971e-03 9.997719e-01 9.661917e+00
9.997369e-01 4.812930e-03 -2.242765e-02 -2.537940e-01 -5.013394e-03 9.999479e-01 -8.890577e-03 -3.091782e-01 2.238369e-02 9.000675e-03 9.997089e-01 1.106423e+01
9.997063e-01 1.893748e-03 -2.416094e-02 -2.821162e-01 -1.858131e-03 9.999971e-01 1.496504e-03 -3.207015e-01 2.416371e-02 -1.451169e-03 9.997070e-01 1.255870e+01
9.996966e-01 1.625146e-03 -2.457882e-02 -2.962122e-01 -1.393167e-03 9.999543e-01 9.452361e-03 -3.252216e-01 2.459306e-02 -9.415248e-03 9.996532e-01 1.333520e+01
9.996792e-01 -1.382699e-03 -2.529212e-02 -3.270868e-01 1.667549e-03 9.999354e-01 1.124476e-02 -3.300205e-01 2.527494e-02 -1.128333e-02 9.996169e-01 1.492763e+01
9.997263e-01 -5.544119e-03 -2.272786e-02 -3.686442e-01 5.399776e-03 9.999649e-01 -6.407463e-03 -3.506532e-01 2.276259e-02 6.282984e-03 9.997212e-01 1.828806e+01
9.997668e-01 -2.204438e-03 -2.148374e-02 -4.196580e-01 1.910245e-03 9.999042e-01 -1.370467e-02 -4.350658e-01 2.151189e-02 1.366044e-02 9.996753e-01 2.192489e+01
9.997643e-01 4.013694e-03 -2.133588e-02 -4.507315e-01 -4.371519e-03 9.998501e-01 -1.675089e-02 -4.913797e-01 2.126545e-02 1.684021e-02 9.996320e-01 2.384921e+01
9.997432e-01 6.684038e-03 -2.165237e-02 -5.055765e-01 -7.043805e-03 9.998377e-01 -1.658208e-02 -5.806979e-01 2.153803e-02 1.673033e-02 9.996280e-01 2.679489e+01
9.997180e-01 8.169161e-03 -2.229874e-02 -5.464848e-01 -8.471998e-03 9.998727e-01 -1.352028e-02 -6.430976e-01 2.218546e-02 1.370538e-02 9.996599e-01 2.880310e+01
9.997049e-01 8.689446e-03 -2.268546e-02 -5.884758e-01 -8.985541e-03 9.998753e-01 -1.298294e-02 -7.048065e-01 2.256982e-02 1.318295e-02 9.996584e-01 3.083820e+01
9.996851e-01 9.563056e-03 -2.320037e-02 -6.341856e-01 -9.875840e-03 9.998614e-01 -1.340487e-02 -7.658540e-01 2.306896e-02 1.362977e-02 9.996410e-01 3.290250e+01
9.996656e-01 9.103416e-03 -2.420489e-02 -6.799668e-01 -9.280078e-03 9.999310e-01 -7.196274e-03 -8.250696e-01 2.413772e-02 7.418490e-03 9.996811e-01 3.500439e+01
9.996516e-01 9.284323e-03 -2.470700e-02 -7.046294e-01 -9.400963e-03 9.999452e-01 -4.608864e-03 -8.521280e-01 2.466286e-02 4.839528e-03 9.996841e-01 3.606726e+01
9.996343e-01 8.640360e-03 -2.562662e-02 -7.509456e-01 -8.785442e-03 9.999460e-01 -5.554152e-03 -8.999454e-01 2.557725e-02 5.777261e-03 9.996562e-01 3.820156e+01
9.996235e-01 8.853187e-03 -2.597288e-02 -7.637420e-01 -9.008680e-03 9.999421e-01 -5.875766e-03 -9.173898e-01 2.591936e-02 6.107535e-03 9.996454e-01 3.927699e+01
9.996113e-01 8.636784e-03 -2.650763e-02 -7.861115e-01 -8.772323e-03 9.999490e-01 -5.001110e-03 -9.426008e-01 2.646309e-02 5.231700e-03 9.996361e-01 4.035358e+01
9.995279e-01 1.094395e-02 -2.871053e-02 -9.059963e-01 -1.106491e-02 9.999305e-01 -4.057536e-03 -1.047970e+00 2.866413e-02 4.373300e-03 9.995795e-01 4.464539e+01
9.995085e-01 1.235171e-02 -2.881189e-02 -9.448054e-01 -1.260322e-02 9.998839e-01 -8.564026e-03 -1.065232e+00 2.870277e-02 8.922939e-03 9.995482e-01 4.570729e+01
9.994940e-01 1.312039e-02 -2.897767e-02 -9.815092e-01 -1.338944e-02 9.998688e-01 -9.110188e-03 -1.088166e+00 2.885435e-02 9.493571e-03 9.995386e-01 4.677981e+01
9.995220e-01 1.204172e-02 -2.847356e-02 -1.079496e+00 -1.212515e-02 9.999227e-01 -2.758982e-03 -1.149441e+00 2.843813e-02 3.102909e-03 9.995907e-01 5.001065e+01
9.995571e-01 1.082090e-02 -2.772132e-02 -1.142897e+00 -1.097231e-02 9.999256e-01 -5.315486e-03 -1.184929e+00 2.766174e-02 5.617298e-03 9.996016e-01 5.215954e+01
9.995747e-01 9.582319e-03 -2.754407e-02 -1.248790e+00 -9.938401e-03 9.998684e-01 -1.281994e-02 -1.244310e+00 2.741761e-02 1.308823e-02 9.995384e-01 5.537246e+01
9.995931e-01 7.889461e-03 -2.741337e-02 -1.282228e+00 -8.313639e-03 9.998469e-01 -1.539395e-02 -1.272192e+00 2.728772e-02 1.561559e-02 9.995057e-01 5.644378e+01
9.996159e-01 5.272756e-03 -2.720940e-02 -1.352181e+00 -5.472263e-03 9.999586e-01 -7.262988e-03 -1.322688e+00 2.716998e-02 7.409094e-03 9.996034e-01 5.860062e+01
9.996289e-01 4.177682e-03 -2.691985e-02 -1.387176e+00 -4.211062e-03 9.999904e-01 -1.183339e-03 -1.339024e+00 2.691465e-02 1.296261e-03 9.996369e-01 5.968580e+01
9.996473e-01 -6.622685e-04 -2.654826e-02 -1.444555e+00 5.799434e-04 9.999950e-01 -3.108548e-03 -1.364859e+00 2.655019e-02 3.092056e-03 9.996427e-01 6.184743e+01
9.996473e-01 -5.710145e-04 -2.655199e-02 -1.499917e+00 3.004754e-04 9.999480e-01 -1.019191e-02 -1.395800e+00 2.655643e-02 1.018033e-02 9.995955e-01 6.400399e+01
9.996614e-01 1.995361e-03 -2.594344e-02 -1.558768e+00 -2.403038e-03 9.998740e-01 -1.569239e-02 -1.436238e+00 2.590886e-02 1.574942e-02 9.995402e-01 6.616971e+01
9.996582e-01 8.312834e-03 -2.478541e-02 -1.623511e+00 -8.549643e-03 9.999186e-01 -9.463685e-03 -1.483749e+00 2.470473e-02 9.672356e-03 9.996480e-01 6.834968e+01
9.996743e-01 6.096033e-03 -2.478355e-02 -1.673162e+00 -6.302831e-03 9.999459e-01 -8.274537e-03 -1.522851e+00 2.473177e-02 8.428047e-03 9.996586e-01 7.052233e+01
9.996724e-01 3.394724e-03 -2.536873e-02 -1.724041e+00 -3.524391e-03 9.999809e-01 -5.068311e-03 -1.566430e+00 2.535104e-02 5.156060e-03 9.996653e-01 7.268959e+01
9.996433e-01 1.479137e-03 -2.666623e-02 -1.784427e+00 -1.590559e-03 9.999901e-01 -4.157630e-03 -1.618953e+00 2.665981e-02 4.198561e-03 9.996358e-01 7.484293e+01
9.996291e-01 1.607274e-03 -2.718639e-02 -1.818016e+00 -1.826344e-03 9.999660e-01 -8.035150e-03 -1.644073e+00 2.717256e-02 8.081821e-03 9.995981e-01 7.591173e+01
9.995891e-01 4.233092e-03 -2.834910e-02 -1.892754e+00 -4.483809e-03 9.999513e-01 -8.786135e-03 -1.702097e+00 2.831053e-02 8.909636e-03 9.995595e-01 7.804464e+01
9.995678e-01 5.278628e-03 -2.892128e-02 -1.931694e+00 -5.415869e-03 9.999744e-01 -4.669015e-03 -1.731655e+00 2.889590e-02 4.823631e-03 9.995708e-01 7.911497e+01
9.994752e-01 7.225519e-03 -3.157600e-02 -2.118145e+00 -7.306479e-03 9.999703e-01 -2.449280e-03 -1.836350e+00 3.155737e-02 2.678705e-03 9.994984e-01 8.438146e+01
9.994314e-01 4.756684e-03 -3.338168e-02 -2.224921e+00 -4.695592e-03 9.999871e-01 1.908273e-03 -1.889129e+00 3.339033e-02 -1.750440e-03 9.994409e-01 8.741070e+01
9.994019e-01 4.012762e-03 -3.434629e-02 -2.262425e+00 -3.902838e-03 9.999870e-01 3.266921e-03 -1.907770e+00 3.435896e-02 -3.130918e-03 9.994047e-01 8.838264e+01
9.989307e-01 1.832805e-03 -4.619660e-02 -2.434745e+00 -1.755145e-03 9.999970e-01 1.721603e-03 -1.993637e+00 4.619962e-02 -1.638679e-03 9.989309e-01 9.205518e+01
9.986194e-01 3.941519e-03 -5.238126e-02 -2.538278e+00 -3.724414e-03 9.999840e-01 4.241689e-03 -2.044394e+00 5.239715e-02 -4.040742e-03 9.986182e-01 9.375397e+01
9.984574e-01 4.910923e-03 -5.530497e-02 -2.594376e+00 -4.595720e-03 9.999724e-01 5.825129e-03 -2.066115e+00 5.533206e-02 -5.561975e-03 9.984525e-01 9.456706e+01
9.973874e-01 1.616254e-02 -7.040771e-02 -2.940577e+00 -1.644917e-02 9.998586e-01 -3.493045e-03 -2.192789e+00 7.034131e-02 4.642067e-03 9.975122e-01 9.883274e+01
9.972983e-01 2.031185e-02 -7.059445e-02 -3.043655e+00 -2.065599e-02 9.997780e-01 -4.148050e-03 -2.242127e+00 7.049453e-02 5.595041e-03 9.974965e-01 1.000200e+02
9.974082e-01 2.401071e-02 -6.782548e-02 -3.092267e+00 -2.423148e-02 9.997034e-01 -2.434004e-03 -2.268333e+00 6.774693e-02 4.071208e-03 9.976942e-01 1.005818e+02
9.994365e-01 2.634999e-02 -2.079597e-02 -3.201967e+00 -2.625239e-02 9.996431e-01 4.952734e-03 -2.369031e+00 2.091905e-02 -4.403998e-03 9.997715e-01 1.030549e+02
9.934054e-01 1.685322e-02 1.134096e-01 -2.993908e+00 -1.558580e-02 9.998059e-01 -1.205311e-02 -2.487673e+00 -1.135907e-01 1.020604e-02 9.934752e-01 1.054984e+02
9.015120e-01 6.907630e-03 4.326990e-01 -1.921488e+00 -1.279666e-04 9.998768e-01 -1.569548e-02 -2.628863e+00 -4.327542e-01 1.409428e-02 9.014018e-01 1.082346e+02
8.539851e-01 5.486594e-03 5.202685e-01 -1.506750e+00 4.312303e-03 9.998354e-01 -1.762231e-02 -2.655967e+00 -5.202796e-01 1.729274e-02 8.538209e-01 1.087943e+02
6.472283e-01 1.957918e-02 7.620447e-01 5.578371e-02 5.453654e-03 9.995256e-01 -3.031273e-02 -2.723636e+00 -7.622767e-01 2.377518e-02 6.468145e-01 1.102064e+02
6.035009e-01 1.731669e-02 7.971742e-01 3.744581e-01 6.707206e-03 9.996185e-01 -2.679201e-02 -2.732922e+00 -7.973341e-01 2.151581e-02 6.031545e-01 1.104040e+02
5.574795e-01 1.558425e-02 8.300444e-01 7.051086e-01 7.847757e-03 9.996802e-01 -2.403995e-02 -2.741477e+00 -8.301537e-01 1.991576e-02 5.571789e-01 1.105684e+02
3.067219e-01 1.787320e-02 9.516313e-01 2.533142e+00 5.747217e-03 9.997706e-01 -2.062973e-02 -2.796272e+00 -9.517819e-01 1.179682e-02 3.065488e-01 1.111851e+02
2.598207e-01 2.006224e-02 9.654484e-01 2.934626e+00 7.048719e-03 9.997181e-01 -2.267132e-02 -2.806532e+00 -9.656312e-01 1.269565e-02 2.596061e-01 1.112656e+02
2.179078e-01 1.961097e-02 9.757723e-01 3.350702e+00 1.357173e-02 9.996405e-01 -2.312150e-02 -2.818457e+00 -9.758750e-01 1.828127e-02 2.175633e-01 1.113182e+02
1.513859e-01 2.092434e-02 9.882532e-01 4.227266e+00 2.705725e-02 9.993136e-01 -2.530330e-02 -2.840259e+00 -9.881044e-01 3.056997e-02 1.507159e-01 1.114023e+02
9.696370e-02 1.560921e-02 9.951655e-01 5.173439e+00 1.880566e-02 9.996698e-01 -1.751219e-02 -2.871679e+00 -9.951103e-01 2.041278e-02 9.663814e-02 1.114895e+02
7.261944e-02 1.214445e-02 9.972858e-01 5.672652e+00 1.372028e-02 9.998191e-01 -1.317437e-02 -2.886056e+00 -9.972654e-01 1.463975e-02 7.243968e-02 1.115178e+02
4.961925e-02 8.990929e-03 9.987277e-01 6.192944e+00 1.713408e-02 9.998046e-01 -9.851892e-03 -2.902144e+00 -9.986213e-01 1.760112e-02 4.945550e-02 1.115272e+02
2.913822e-02 9.131699e-03 9.995337e-01 6.728517e+00 2.461286e-02 9.996485e-01 -9.850263e-03 -2.917163e+00 -9.992724e-01 2.488840e-02 2.890322e-02 1.115183e+02
-2.198079e-02 2.258082e-02 9.995033e-01 9.065751e+00 3.081249e-02 9.992852e-01 -2.189828e-02 -2.953427e+00 -9.992835e-01 3.031583e-02 -2.266085e-02 1.114624e+02
-2.491485e-02 1.845120e-02 9.995193e-01 9.708447e+00 3.655336e-02 9.991778e-01 -1.753375e-02 -2.966443e+00 -9.990211e-01 3.609893e-02 -2.556882e-02 1.114331e+02
-2.478790e-02 1.739682e-02 9.995413e-01 1.036534e+01 3.920624e-02 9.990962e-01 -1.641679e-02 -2.980253e+00 -9.989237e-01 3.878131e-02 -2.544756e-02 1.114116e+02
-2.066774e-02 1.829032e-02 9.996191e-01 1.244057e+01 3.375051e-02 9.992755e-01 -1.758623e-02 -3.020980e+00 -9.992166e-01 3.337418e-02 -2.127008e-02 1.113766e+02
-1.940800e-02 1.845005e-02 9.996414e-01 1.390220e+01 3.300790e-02 9.992965e-01 -1.780284e-02 -3.051223e+00 -9.992667e-01 3.265054e-02 -2.000334e-02 1.113451e+02
-1.875443e-02 1.703650e-02 9.996789e-01 1.465827e+01 3.161099e-02 9.993650e-01 -1.643812e-02 -3.072877e+00 -9.993243e-01 3.129255e-02 -1.928107e-02 1.113363e+02
-1.820959e-02 1.570494e-02 9.997108e-01 1.542377e+01 3.246256e-02 9.993587e-01 -1.510811e-02 -3.095311e+00 -9.993071e-01 3.217805e-02 -1.870774e-02 1.113240e+02
-2.180273e-02 1.095057e-02 9.997023e-01 1.776747e+01 2.961032e-02 9.995084e-01 -1.030268e-02 -3.160636e+00 -9.993237e-01 2.937688e-02 -2.211626e-02 1.112760e+02
-2.447946e-02 7.293772e-03 9.996737e-01 1.937151e+01 3.473776e-02 9.993757e-01 -6.440963e-03 -3.193647e+00 -9.990966e-01 3.456875e-02 -2.471755e-02 1.112251e+02
-2.742417e-02 9.939064e-03 9.995745e-01 2.100565e+01 2.777439e-02 9.995721e-01 -9.177032e-03 -3.232298e+00 -9.992380e-01 2.751089e-02 -2.768849e-02 1.111890e+02
-2.877537e-02 1.693819e-02 9.994424e-01 2.265838e+01 2.997996e-02 9.994212e-01 -1.607467e-02 -3.273148e+00 -9.991363e-01 2.950068e-02 -2.926652e-02 1.111497e+02
-3.049090e-02 -5.349902e-04 9.995349e-01 2.602725e+01 1.837372e-02 9.998306e-01 1.095637e-03 -3.370419e+00 -9.993662e-01 1.839858e-02 -3.047590e-02 1.110993e+02
-2.940461e-02 3.384421e-03 9.995618e-01 2.769648e+01 1.770798e-02 9.998391e-01 -2.864439e-03 -3.417654e+00 -9.994108e-01 1.761599e-02 -2.945981e-02 1.110665e+02
-2.765042e-02 2.203755e-02 9.993747e-01 2.934025e+01 2.260636e-02 9.995150e-01 -2.141519e-02 -3.464646e+00 -9.993620e-01 2.200008e-02 -2.813520e-02 1.110185e+02
-2.511623e-02 7.842711e-03 9.996538e-01 3.100291e+01 2.644169e-02 9.996246e-01 -7.178141e-03 -3.524637e+00 -9.993348e-01 2.625224e-02 -2.531418e-02 1.109727e+02
-2.448426e-02 5.625083e-03 9.996844e-01 3.263728e+01 2.725401e-02 9.996162e-01 -4.957200e-03 -3.574008e+00 -9.993287e-01 2.712402e-02 -2.462818e-02 1.109310e+02
-2.520882e-02 6.438168e-03 9.996615e-01 3.344955e+01 2.428460e-02 9.996881e-01 -5.825950e-03 -3.597380e+00 -9.993872e-01 2.412951e-02 -2.535731e-02 1.109148e+02
-2.711108e-02 6.831514e-03 9.996091e-01 3.425559e+01 2.235531e-02 9.997307e-01 -6.226037e-03 -3.619497e+00 -9.993825e-01 2.217777e-02 -2.725650e-02 1.108957e+02
-3.118245e-02 7.053685e-03 9.994888e-01 3.585953e+01 2.094508e-02 9.997601e-01 -6.402152e-03 -3.668997e+00 -9.992943e-01 2.073473e-02 -3.132271e-02 1.108521e+02
-3.323136e-02 7.280968e-03 9.994211e-01 3.665572e+01 1.909226e-02 9.997956e-01 -6.648872e-03 -3.692321e+00 -9.992653e-01 1.886025e-02 -3.336358e-02 1.108323e+02
-3.528758e-02 6.548349e-03 9.993557e-01 3.745030e+01 1.702129e-02 9.998374e-01 -5.950483e-03 -3.713275e+00 -9.992323e-01 1.680034e-02 -3.539330e-02 1.108119e+02
-3.931675e-02 4.742139e-03 9.992155e-01 3.902353e+01 1.720543e-02 9.998437e-01 -4.068132e-03 -3.764360e+00 -9.990787e-01 1.703198e-02 -3.939220e-02 1.107603e+02
-4.213293e-02 6.779929e-03 9.990890e-01 4.057553e+01 1.752921e-02 9.998280e-01 -6.045719e-03 -3.811300e+00 -9.989583e-01 1.725851e-02 -4.224453e-02 1.106977e+02
-4.474975e-02 4.542984e-03 9.989879e-01 4.211586e+01 1.966984e-02 9.997998e-01 -3.665569e-03 -3.860486e+00 -9.988046e-01 1.948589e-02 -4.483016e-02 1.106260e+02
-4.613078e-02 3.792299e-03 9.989282e-01 4.287606e+01 1.865418e-02 9.998217e-01 -2.934241e-03 -3.885455e+00 -9.987613e-01 1.849882e-02 -4.619330e-02 1.105935e+02
-4.752738e-02 2.697713e-03 9.988663e-01 4.362563e+01 1.682637e-02 9.998566e-01 -1.899772e-03 -3.908535e+00 -9.987282e-01 1.671699e-02 -4.756596e-02 1.105634e+02
-4.844212e-02 1.858945e-03 9.988242e-01 4.435901e+01 1.563944e-02 9.998771e-01 -1.102409e-03 -3.927506e+00 -9.987036e-01 1.556764e-02 -4.846524e-02 1.105329e+02
-4.963267e-02 3.439404e-03 9.987616e-01 4.577870e+01 1.594992e-02 9.998693e-01 -2.650604e-03 -3.968246e+00 -9.986402e-01 1.579861e-02 -4.968105e-02 1.104722e+02
-4.971655e-02 6.537549e-03 9.987420e-01 4.647919e+01 1.624219e-02 9.998516e-01 -5.736295e-03 -3.990288e+00 -9.986313e-01 1.593657e-02 -4.981536e-02 1.104407e+02
-4.991082e-02 8.104079e-03 9.987208e-01 4.717652e+01 1.435816e-02 9.998695e-01 -7.395860e-03 -4.011755e+00 -9.986505e-01 1.397065e-02 -5.002068e-02 1.104123e+02
-5.019960e-02 8.863095e-03 9.986999e-01 4.856561e+01 1.583562e-02 9.998420e-01 -8.077259e-03 -4.055339e+00 -9.986137e-01 1.540955e-02 -5.033203e-02 1.103479e+02
-5.048020e-02 7.914478e-03 9.986937e-01 4.925400e+01 1.685096e-02 9.998330e-01 -7.071760e-03 -4.074607e+00 -9.985829e-01 1.647196e-02 -5.060514e-02 1.103152e+02
-5.087475e-02 8.507834e-03 9.986688e-01 4.993953e+01 1.311497e-02 9.998832e-01 -7.850075e-03 -4.093812e+00 -9.986190e-01 1.269814e-02 -5.098039e-02 1.102891e+02
-5.083338e-02 8.201674e-03 9.986735e-01 5.062365e+01 1.021682e-02 9.999182e-01 -7.691857e-03 -4.114385e+00 -9.986549e-01 9.812257e-03 -5.091302e-02 1.102629e+02
-5.069705e-02 6.789371e-03 9.986910e-01 5.129886e+01 1.208748e-02 9.999078e-01 -6.184045e-03 -4.131756e+00 -9.986410e-01 1.175814e-02 -5.077445e-02 1.102291e+02
-6.012039e-02 5.456290e-03 9.981762e-01 5.330677e+01 5.756207e-03 9.999703e-01 -5.119404e-03 -4.188031e+00 -9.981746e-01 5.437925e-03 -6.015001e-02 1.101320e+02
-7.232000e-02 1.209615e-02 9.973081e-01 5.462746e+01 1.154160e-02 9.998696e-01 -1.129028e-02 -4.221113e+00 -9.973147e-01 1.069401e-02 -7.245018e-02 1.100294e+02
-7.976551e-02 1.367826e-02 9.967198e-01 5.529672e+01 1.069626e-02 9.998600e-01 -1.286536e-02 -4.239741e+00 -9.967563e-01 9.634955e-03 -7.990066e-02 1.099758e+02
-9.151917e-02 1.184083e-02 9.957329e-01 5.664512e+01 5.857237e-03 9.999184e-01 -1.135226e-02 -4.283061e+00 -9.957861e-01 4.793291e-03 -9.158106e-02 1.098596e+02
-9.999902e-02 1.143901e-02 9.949218e-01 5.801252e+01 1.729848e-03 9.999344e-01 -1.132278e-02 -4.323997e+00 -9.949861e-01 5.887941e-04 -1.000122e-01 1.097249e+02
-1.045341e-01 5.579471e-03 9.945056e-01 5.941860e+01 3.960115e-03 9.999786e-01 -5.193927e-03 -4.360434e+00 -9.945134e-01 3.395412e-03 -1.045540e-01 1.095755e+02
-1.078470e-01 1.980980e-03 9.941655e-01 6.086806e+01 2.647993e-03 9.999950e-01 -1.705346e-03 -4.390954e+00 -9.941640e-01 2.448625e-03 -1.078517e-01 1.094297e+02
-1.087612e-01 9.316179e-03 9.940242e-01 6.232941e+01 9.639908e-03 9.999189e-01 -8.316680e-03 -4.420348e+00 -9.940212e-01 8.677766e-03 -1.088422e-01 1.092651e+02
-1.093263e-01 1.353913e-02 9.939137e-01 6.306998e+01 1.724616e-02 9.997825e-01 -1.172207e-02 -4.438119e+00 -9.938563e-01 1.585966e-02 -1.095361e-01 1.091742e+02
-1.100410e-01 1.596005e-02 9.937989e-01 6.381462e+01 1.875611e-02 9.997263e-01 -1.397843e-02 -4.456517e+00 -9.937501e-01 1.710159e-02 -1.103102e-01 1.090910e+02
-1.104470e-01 7.719378e-03 9.938520e-01 6.531557e+01 1.572797e-02 9.998582e-01 -6.018181e-03 -4.499677e+00 -9.937576e-01 1.496658e-02 -1.105528e-01 1.089344e+02
-1.105493e-01 6.344343e-03 9.938504e-01 6.605966e+01 1.848372e-02 9.998198e-01 -4.326448e-03 -4.579860e+00 -9.936988e-01 1.789176e-02 -1.106467e-01 1.088574e+02
-1.115464e-01 5.771519e-03 9.937424e-01 6.680584e+01 1.874394e-02 9.998174e-01 -3.702821e-03 -4.708747e+00 -9.935825e-01 1.821361e-02 -1.116343e-01 1.087907e+02
-1.155968e-01 7.492320e-03 9.932679e-01 6.828567e+01 1.688045e-02 9.998419e-01 -5.577361e-03 -4.884585e+00 -9.931528e-01 1.612208e-02 -1.157050e-01 1.086478e+02
-1.177661e-01 7.254734e-03 9.930148e-01 6.902479e+01 1.758561e-02 9.998317e-01 -5.218985e-03 -4.946543e+00 -9.928857e-01 1.684815e-02 -1.178739e-01 1.085668e+02
-1.195878e-01 7.408337e-03 9.927960e-01 6.977011e+01 1.837544e-02 9.998174e-01 -5.247313e-03 -5.019805e+00 -9.926536e-01 1.761554e-02 -1.197021e-01 1.084826e+02
-1.216743e-01 7.133093e-03 9.925444e-01 7.051938e+01 1.797497e-02 9.998260e-01 -4.981908e-03 -5.072470e+00 -9.924073e-01 1.723478e-02 -1.217814e-01 1.083983e+02
-1.234095e-01 7.376899e-03 9.923284e-01 7.127406e+01 1.559289e-02 9.998633e-01 -5.493731e-03 -5.125756e+00 -9.922333e-01 1.479529e-02 -1.235077e-01 1.083160e+02
-1.267926e-01 9.328478e-03 9.918854e-01 7.355163e+01 1.435415e-02 9.998683e-01 -7.568673e-03 -5.250965e+00 -9.918254e-01 1.327801e-02 -1.269098e-01 1.080563e+02
-1.278121e-01 7.724363e-03 9.917683e-01 7.432302e+01 1.476541e-02 9.998736e-01 -5.884635e-03 -5.288827e+00 -9.916885e-01 1.389173e-02 -1.279100e-01 1.079665e+02
-1.289397e-01 5.671148e-03 9.916362e-01 7.509805e+01 1.260751e-02 9.999122e-01 -4.079163e-03 -5.322302e+00 -9.915723e-01 1.197609e-02 -1.289999e-01 1.078742e+02
-1.326642e-01 2.681364e-03 9.911574e-01 7.666362e+01 1.026652e-02 9.999464e-01 -1.330995e-03 -5.383553e+00 -9.911079e-01 9.999156e-03 -1.326846e-01 1.076848e+02
-1.366917e-01 4.086094e-03 9.906052e-01 7.824938e+01 1.100964e-02 9.999360e-01 -2.605389e-03 -5.427471e+00 -9.905525e-01 1.055006e-02 -1.367279e-01 1.074828e+02
-1.383602e-01 7.756543e-03 9.903516e-01 7.904660e+01 1.180350e-02 9.999112e-01 -6.182375e-03 -5.449247e+00 -9.903117e-01 1.083422e-02 -1.384395e-01 1.073781e+02
-1.397558e-01 1.572527e-02 9.900611e-01 8.065616e+01 1.567534e-02 9.997837e-01 -1.366699e-02 -5.497261e+00 -9.900620e-01 1.360950e-02 -1.399720e-01 1.071591e+02
-1.394963e-01 1.663944e-02 9.900828e-01 8.147409e+01 1.722002e-02 9.997483e-01 -1.437570e-02 -5.523123e+00 -9.900729e-01 1.504388e-02 -1.397477e-01 1.070489e+02
-1.388048e-01 1.447101e-02 9.902140e-01 8.312845e+01 2.165159e-02 9.996985e-01 -1.157458e-02 -5.578164e+00 -9.900831e-01 1.983309e-02 -1.390763e-01 1.068232e+02
-1.364016e-01 1.076811e-02 9.905951e-01 8.480162e+01 1.993126e-02 9.997683e-01 -8.123363e-03 -5.624186e+00 -9.904531e-01 1.863576e-02 -1.365847e-01 1.066094e+02
-1.347013e-01 7.330803e-03 9.908591e-01 8.565017e+01 2.069307e-02 9.997753e-01 -4.583676e-03 -5.645151e+00 -9.906702e-01 1.988649e-02 -1.348228e-01 1.064988e+02
-1.329181e-01 3.962549e-03 9.911191e-01 8.649919e+01 2.109774e-02 9.997767e-01 -1.167768e-03 -5.665219e+00 -9.909025e-01 2.075515e-02 -1.329721e-01 1.063903e+02
-1.311869e-01 3.194230e-03 9.913525e-01 8.734879e+01 1.948757e-02 9.998099e-01 -6.426705e-04 -5.689906e+00 -9.911661e-01 1.923473e-02 -1.312243e-01 1.062858e+02
-1.297945e-01 7.040084e-03 9.915159e-01 8.819557e+01 2.040016e-02 9.997821e-01 -4.428295e-03 -5.717941e+00 -9.913311e-01 1.965231e-02 -1.299099e-01 1.061799e+02
-1.276834e-01 1.337617e-02 9.917248e-01 8.904327e+01 2.072071e-02 9.997268e-01 -1.081634e-02 -5.742522e+00 -9.915985e-01 1.916817e-02 -1.279257e-01 1.060757e+02
-1.234953e-01 1.196673e-02 9.922730e-01 9.162156e+01 1.793269e-02 9.997909e-01 -9.825554e-03 -5.830094e+00 -9.921832e-01 1.658070e-02 -1.236840e-01 1.057772e+02
-1.221479e-01 1.038791e-02 9.924575e-01 9.334712e+01 1.873840e-02 9.997911e-01 -8.158425e-03 -5.883872e+00 -9.923350e-01 1.760053e-02 -1.223170e-01 1.055741e+02
-1.217251e-01 9.881780e-03 9.925146e-01 9.421112e+01 1.754070e-02 9.998157e-01 -7.803231e-03 -5.910917e+00 -9.924089e-01 1.645954e-02 -1.218760e-01 1.054745e+02
-1.209477e-01 8.898539e-03 9.926190e-01 9.507445e+01 2.017227e-02 9.997753e-01 -6.504768e-03 -5.936408e+00 -9.924539e-01 1.923664e-02 -1.211000e-01 1.053717e+02
-1.183018e-01 1.141515e-02 9.929121e-01 9.764589e+01 2.579424e-02 9.996318e-01 -8.419119e-03 -6.012871e+00 -9.926426e-01 2.461541e-02 -1.185527e-01 1.050653e+02
-1.174633e-01 1.238153e-02 9.930000e-01 9.849885e+01 2.292434e-02 9.996896e-01 -9.753196e-03 -6.038151e+00 -9.928126e-01 2.161822e-02 -1.177107e-01 1.049697e+02
-1.171821e-01 9.006918e-03 9.930696e-01 9.935201e+01 1.820885e-02 9.998102e-01 -6.919417e-03 -6.066471e+00 -9.929435e-01 1.727182e-02 -1.173239e-01 1.048776e+02
-1.183671e-01 6.041275e-03 9.929515e-01 1.010431e+02 9.720484e-03 9.999406e-01 -4.925050e-03 -6.123256e+00 -9.929224e-01 9.069002e-03 -1.184188e-01 1.046963e+02
-1.197342e-01 1.068369e-02 9.927485e-01 1.018778e+02 6.446464e-03 9.999294e-01 -9.983472e-03 -6.148741e+00 -9.927851e-01 5.204352e-03 -1.197946e-01 1.046056e+02
-1.204827e-01 1.352048e-02 9.926233e-01 1.027081e+02 5.467535e-03 9.999011e-01 -1.295597e-02 -6.174259e+00 -9.927004e-01 3.866230e-03 -1.205447e-01 1.045111e+02
-1.209697e-01 1.392892e-02 9.925585e-01 1.035359e+02 6.373522e-03 9.998918e-01 -1.325505e-02 -6.203992e+00 -9.926358e-01 4.722631e-03 -1.210454e-01 1.044140e+02
-1.220013e-01 1.359193e-02 9.924369e-01 1.051785e+02 8.617162e-03 9.998830e-01 -1.263459e-02 -6.267117e+00 -9.924926e-01 7.010550e-03 -1.221041e-01 1.042165e+02
-1.225016e-01 1.645980e-02 9.923318e-01 1.059907e+02 9.949292e-03 9.998326e-01 -1.535600e-02 -6.298760e+00 -9.924185e-01 7.991859e-03 -1.226449e-01 1.041174e+02
-1.243020e-01 1.823554e-02 9.920768e-01 1.076027e+02 7.972666e-03 9.998172e-01 -1.737889e-02 -6.362544e+00 -9.922124e-01 5.749264e-03 -1.244246e-01 1.039256e+02
-1.296089e-01 1.774251e-02 9.914064e-01 1.091918e+02 5.753134e-03 9.998365e-01 -1.714126e-02 -6.429851e+00 -9.915485e-01 3.482031e-03 -1.296898e-01 1.037315e+02
-1.362271e-01 2.224775e-02 9.904278e-01 1.107566e+02 4.321779e-03 9.997516e-01 -2.186276e-02 -6.493157e+00 -9.906682e-01 1.302107e-03 -1.362894e-01 1.035305e+02
-1.422740e-01 2.044221e-02 9.896162e-01 1.123078e+02 5.216391e-03 9.997883e-01 -1.990239e-02 -6.558137e+00 -9.898136e-01 2.330629e-03 -1.423506e-01 1.033200e+02
-1.469150e-01 2.569409e-02 9.888153e-01 1.138417e+02 2.553576e-03 9.996691e-01 -2.559672e-02 -6.625419e+00 -9.891459e-01 -1.235529e-03 -1.469320e-01 1.031087e+02
-1.488051e-01 3.176362e-02 9.883563e-01 1.145994e+02 -4.000436e-04 9.994819e-01 -3.218142e-02 -6.664413e+00 -9.888665e-01 -5.184145e-03 -1.487153e-01 1.030043e+02
-1.513491e-01 3.616220e-02 9.878187e-01 1.153566e+02 3.780690e-03 9.993444e-01 -3.600489e-02 -6.698886e+00 -9.884732e-01 -1.714672e-03 -1.513866e-01 1.028870e+02
-1.575348e-01 2.612263e-02 9.871679e-01 1.168832e+02 4.681739e-03 9.996586e-01 -2.570605e-02 -6.772644e+00 -9.875024e-01 5.720647e-04 -1.576033e-01 1.026502e+02
-1.613565e-01 2.713452e-02 9.865231e-01 1.183859e+02 3.127759e-03 9.996310e-01 -2.698349e-02 -6.848109e+00 -9.868913e-01 -1.268356e-03 -1.613818e-01 1.024110e+02
-1.639985e-01 3.001508e-02 9.860038e-01 1.191312e+02 4.911652e-04 9.995393e-01 -3.034543e-02 -6.880154e+00 -9.864605e-01 -4.492314e-03 -1.639377e-01 1.022948e+02
-1.685537e-01 3.619051e-02 9.850279e-01 1.206114e+02 3.086699e-03 9.993402e-01 -3.618819e-02 -6.955093e+00 -9.856877e-01 -3.059169e-03 -1.685542e-01 1.020532e+02
-1.734488e-01 4.368725e-02 9.838734e-01 1.220792e+02 3.064934e-03 9.990347e-01 -4.382015e-02 -7.031609e+00 -9.848381e-01 -4.585048e-03 -1.734153e-01 1.018119e+02
-1.795086e-01 3.730601e-02 9.830488e-01 1.235470e+02 7.378010e-03 9.993036e-01 -3.657563e-02 -7.116066e+00 -9.837288e-01 6.872995e-04 -1.796589e-01 1.015468e+02
-1.911026e-01 3.472870e-02 9.809555e-01 1.249966e+02 8.903726e-03 9.993941e-01 -3.364693e-02 -7.198722e+00 -9.815297e-01 2.304139e-03 -1.912961e-01 1.012695e+02
-1.993640e-01 3.441734e-02 9.793209e-01 1.257124e+02 7.623401e-03 9.994072e-01 -3.357135e-02 -7.237820e+00 -9.798959e-01 7.728352e-04 -1.995082e-01 1.011264e+02
-2.097442e-01 3.490405e-02 9.771331e-01 1.264247e+02 6.731302e-03 9.993905e-01 -3.425422e-02 -7.277349e+00 -9.777332e-01 -6.072494e-04 -2.098513e-01 1.009752e+02
-2.215235e-01 3.605602e-02 9.744882e-01 1.271315e+02 7.392757e-03 9.993496e-01 -3.529536e-02 -7.316019e+00 -9.751270e-01 -6.146005e-04 -2.216460e-01 1.008115e+02
-2.338325e-01 3.646334e-02 9.715929e-01 1.278368e+02 8.066085e-03 9.993349e-01 -3.556323e-02 -7.354262e+00 -9.722435e-01 -4.788901e-04 -2.339711e-01 1.006400e+02
-2.455518e-01 3.680717e-02 9.686844e-01 1.285371e+02 1.095265e-02 9.993204e-01 -3.519487e-02 -7.391647e+00 -9.693216e-01 1.967497e-03 -2.457881e-01 1.004561e+02
-2.566142e-01 3.679370e-02 9.658133e-01 1.292346e+02 1.413778e-02 9.993111e-01 -3.431348e-02 -7.428905e+00 -9.664105e-01 4.849127e-03 -2.569576e-01 1.002649e+02
-2.668005e-01 3.681275e-02 9.630484e-01 1.299272e+02 1.816236e-02 9.992848e-01 -3.316625e-02 -7.464456e+00 -9.635807e-01 8.642454e-03 -2.672783e-01 1.000660e+02
-2.756318e-01 3.765500e-02 9.605255e-01 1.306177e+02 2.381571e-02 9.991932e-01 -3.233675e-02 -7.501316e+00 -9.609683e-01 1.396256e-02 -2.763062e-01 9.985681e+01
-2.832348e-01 3.770564e-02 9.583091e-01 1.313037e+02 2.916264e-02 9.991034e-01 -3.069152e-02 -7.535702e+00 -9.586071e-01 1.925391e-02 -2.840805e-01 9.964198e+01
-2.897949e-01 3.761505e-02 9.563493e-01 1.319861e+02 2.949442e-02 9.991038e-01 -3.035922e-02 -7.571493e+00 -9.566342e-01 1.940902e-02 -2.906446e-01 9.943215e+01
-2.944851e-01 3.618860e-02 9.549706e-01 1.326678e+02 3.289240e-02 9.990745e-01 -2.771687e-02 -7.602966e+00 -9.550899e-01 2.324906e-02 -2.954029e-01 9.921607e+01
-2.975246e-01 3.271849e-02 9.541533e-01 1.340170e+02 4.590603e-02 9.987468e-01 -1.993319e-02 -7.665957e+00 -9.536099e-01 3.787077e-02 -2.986538e-01 9.876779e+01
-2.985891e-01 2.994413e-02 9.539119e-01 1.346874e+02 4.720854e-02 9.987475e-01 -1.657458e-02 -7.696836e+00 -9.532135e-01 4.008379e-02 -2.996287e-01 9.855353e+01
-2.983373e-01 3.542957e-02 9.538027e-01 1.353466e+02 5.060939e-02 9.984922e-01 -2.125964e-02 -7.725113e+00 -9.531178e-01 4.192883e-02 -2.996805e-01 9.834062e+01
-2.968336e-01 3.904998e-02 9.541304e-01 1.360050e+02 5.058688e-02 9.984036e-01 -2.512421e-02 -7.752705e+00 -9.535884e-01 4.080876e-02 -2.983351e-01 9.813493e+01
-2.961325e-01 3.945679e-02 9.543315e-01 1.366601e+02 5.251239e-02 9.983078e-01 -2.498022e-02 -7.781433e+00 -9.537023e-01 4.271677e-02 -2.977033e-01 9.792651e+01
-2.943028e-01 3.805680e-02 9.549542e-01 1.373158e+02 5.415976e-02 9.982652e-01 -2.309160e-02 -7.809641e+00 -9.541764e-01 4.492415e-02 -2.958534e-01 9.771838e+01
-2.923629e-01 3.448849e-02 9.556853e-01 1.379665e+02 5.560800e-02 9.982716e-01 -1.901377e-02 -7.844579e+00 -9.546893e-01 4.758482e-02 -2.937755e-01 9.751185e+01
-2.908038e-01 3.523570e-02 9.561337e-01 1.386074e+02 5.699889e-02 9.981848e-01 -1.944944e-02 -7.876691e+00 -9.550834e-01 4.884258e-02 -2.922843e-01 9.731435e+01
-2.884384e-01 3.795384e-02 9.567459e-01 1.392425e+02 5.803494e-02 9.980700e-01 -2.209688e-02 -7.904561e+00 -9.557381e-01 4.915109e-02 -2.900843e-01 9.711981e+01
-2.841890e-01 3.956027e-02 9.579518e-01 1.398731e+02 5.961113e-02 9.979443e-01 -2.352743e-02 -7.934720e+00 -9.569134e-01 5.041834e-02 -2.859630e-01 9.692653e+01
-2.732552e-01 3.696237e-02 9.612312e-01 1.411304e+02 6.246963e-02 9.978340e-01 -2.061125e-02 -7.997921e+00 -9.599110e-01 5.441561e-02 -2.749723e-01 9.655453e+01
-2.684718e-01 3.498844e-02 9.626519e-01 1.417523e+02 6.244183e-02 9.978705e-01 -1.885424e-02 -8.029376e+00 -9.612616e-01 5.504790e-02 -2.700849e-01 9.637711e+01
-2.643665e-01 3.405038e-02 9.638210e-01 1.423690e+02 6.234759e-02 9.978894e-01 -1.815265e-02 -8.060370e+00 -9.624049e-01 5.529295e-02 -2.659315e-01 9.620436e+01
-2.604320e-01 3.275240e-02 9.649365e-01 1.429830e+02 6.330765e-02 9.978529e-01 -1.678322e-02 -8.087196e+00 -9.634144e-01 5.671696e-02 -2.619463e-01 9.603450e+01
-2.565355e-01 3.089812e-02 9.660408e-01 1.435939e+02 6.596060e-02 9.977184e-01 -1.439525e-02 -8.112439e+00 -9.642815e-01 6.002772e-02 -2.579883e-01 9.586352e+01
-2.524266e-01 3.007468e-02 9.671485e-01 1.442021e+02 6.925467e-02 9.975150e-01 -1.294344e-02 -8.136308e+00 -9.651345e-01 6.371227e-02 -2.538821e-01 9.569564e+01
-2.491217e-01 2.804319e-02 9.680661e-01 1.448014e+02 6.736837e-02 9.976611e-01 -1.156397e-02 -8.165921e+00 -9.661263e-01 6.233618e-02 -2.504283e-01 9.553897e+01
-2.455375e-01 2.857835e-02 9.689657e-01 1.453935e+02 6.436852e-02 9.978399e-01 -1.311887e-02 -8.194245e+00 -9.672477e-01 5.914970e-02 -2.468467e-01 9.539074e+01
-2.408650e-01 3.192500e-02 9.700334e-01 1.459803e+02 6.519589e-02 9.977336e-01 -1.664814e-02 -8.221656e+00 -9.683665e-01 5.923223e-02 -2.424005e-01 9.524410e+01
-2.351403e-01 3.558922e-02 9.713096e-01 1.465647e+02 6.756376e-02 9.975106e-01 -2.019302e-02 -8.246532e+00 -9.696104e-01 6.087712e-02 -2.369595e-01 9.509910e+01
-2.202235e-01 3.475298e-02 9.748301e-01 1.477253e+02 6.348447e-02 9.977570e-01 -2.122859e-02 -8.301809e+00 -9.733814e-01 5.721153e-02 -2.219359e-01 9.484161e+01
-2.097253e-01 3.283610e-02 9.772088e-01 1.483017e+02 6.249012e-02 9.978428e-01 -2.011803e-02 -8.330790e+00 -9.757614e-01 5.684662e-02 -2.113248e-01 9.471843e+01
-1.839779e-01 3.008949e-02 9.824697e-01 1.494512e+02 6.353833e-02 9.978049e-01 -1.866093e-02 -8.384287e+00 -9.808746e-01 5.899128e-02 -1.854859e-01 9.449786e+01
-1.502165e-01 2.848254e-02 9.882427e-01 1.505932e+02 6.198793e-02 9.978895e-01 -1.933820e-02 -8.438291e+00 -9.867079e-01 5.835419e-02 -1.516650e-01 9.432475e+01
-1.292397e-01 2.755995e-02 9.912303e-01 1.511604e+02 6.132119e-02 9.979226e-01 -1.975078e-02 -8.463908e+00 -9.897155e-01 5.823082e-02 -1.306613e-01 9.425103e+01
-1.069882e-01 2.734453e-02 9.938842e-01 1.517288e+02 5.816595e-02 9.980818e-01 -2.119866e-02 -8.491499e+00 -9.925575e-01 5.554220e-02 -1.083735e-01 9.419972e+01
-6.359000e-02 2.925630e-02 9.975472e-01 1.528539e+02 4.649933e-02 9.985714e-01 -2.632219e-02 -8.551506e+00 -9.968923e-01 4.471144e-02 -6.485956e-02 9.414214e+01
-4.405511e-02 3.007958e-02 9.985762e-01 1.534149e+02 4.018528e-02 9.987910e-01 -2.831317e-02 -8.579884e+00 -9.982206e-01 3.888071e-02 -4.521060e-02 9.413044e+01
-2.829096e-02 2.964958e-02 9.991599e-01 1.539729e+02 3.328137e-02 9.990337e-01 -2.870349e-02 -8.607328e+00 -9.990456e-01 3.244136e-02 -2.925040e-02 9.412758e+01
-1.508953e-02 2.533972e-02 9.995650e-01 1.550895e+02 1.662867e-02 9.995469e-01 -2.508824e-02 -8.663502e+00 -9.997479e-01 1.624286e-02 -1.550407e-02 9.413926e+01
-2.109399e-02 2.189851e-02 9.995376e-01 1.556469e+02 9.131974e-03 9.997226e-01 -2.170985e-02 -8.688323e+00 -9.997358e-01 8.669800e-03 -2.128812e-02 9.413797e+01
-3.339952e-02 1.870088e-02 9.992671e-01 1.561965e+02 6.110325e-03 9.998100e-01 -1.850682e-02 -8.709648e+00 -9.994234e-01 5.487725e-03 -3.350745e-02 9.412065e+01
-5.946910e-02 1.519122e-02 9.981145e-01 1.572847e+02 8.193505e-03 9.998579e-01 -1.472958e-02 -8.747148e+00 -9.981966e-01 7.302098e-03 -5.958512e-02 9.405245e+01
-7.151987e-02 1.443012e-02 9.973348e-01 1.578214e+02 9.621680e-03 9.998588e-01 -1.377666e-02 -8.765511e+00 -9.973928e-01 8.610728e-03 -7.164862e-02 9.400733e+01
-1.016683e-01 1.235219e-02 9.947417e-01 1.588792e+02 2.286106e-03 9.999231e-01 -1.218288e-02 -8.797332e+00 -9.948158e-01 1.035469e-03 -1.016887e-01 9.390679e+01
-1.342507e-01 1.100316e-02 9.908863e-01 1.599158e+02 5.077193e-03 9.999328e-01 -1.041573e-02 -8.829814e+00 -9.909344e-01 3.632599e-03 -1.342976e-01 9.375723e+01
-1.629326e-01 7.570467e-03 9.866081e-01 1.609386e+02 6.761994e-03 9.999556e-01 -6.556186e-03 -8.861136e+00 -9.866141e-01 5.603219e-03 -1.629766e-01 9.357816e+01
-1.764608e-01 6.683653e-03 9.842850e-01 1.614350e+02 4.967473e-03 9.999702e-01 -5.899608e-03 -8.875534e+00 -9.842952e-01 3.848357e-03 -1.764888e-01 9.348522e+01
-1.889989e-01 6.360769e-03 9.819567e-01 1.619306e+02 5.137210e-03 9.999717e-01 -5.488702e-03 -8.890957e+00 -9.819639e-01 4.007156e-03 -1.890262e-01 9.338617e+01
-2.099177e-01 1.021626e-02 9.776657e-01 1.628990e+02 1.352771e-02 9.998800e-01 -7.543823e-03 -8.919301e+00 -9.776255e-01 1.164199e-02 -2.100308e-01 9.316096e+01
-2.223591e-01 1.113624e-02 9.749012e-01 1.638542e+02 1.540583e-02 9.998500e-01 -7.907419e-03 -8.947930e+00 -9.748431e-01 1.326087e-02 -2.224974e-01 9.293874e+01
-2.293559e-01 9.113780e-03 9.732999e-01 1.657438e+02 1.912253e-02 9.998053e-01 -4.855798e-03 -9.013537e+00 -9.731548e-01 1.749824e-02 -2.294855e-01 9.251318e+01
-2.350495e-01 1.202891e-02 9.719089e-01 1.666749e+02 1.713075e-02 9.998193e-01 -8.231399e-03 -9.042484e+00 -9.718325e-01 1.471474e-02 -2.352131e-01 9.229964e+01
-2.443866e-01 1.294450e-02 9.695914e-01 1.676334e+02 1.572711e-02 9.998323e-01 -9.384196e-03 -9.058955e+00 -9.695504e-01 1.295549e-02 -2.445492e-01 9.206950e+01
-2.553035e-01 1.222543e-02 9.667836e-01 1.686218e+02 1.759326e-02 9.998132e-01 -7.997165e-03 -9.082588e+00 -9.667009e-01 1.496716e-02 -2.554709e-01 9.181029e+01
-2.665264e-01 1.431077e-02 9.637214e-01 1.696389e+02 1.961510e-02 9.997632e-01 -9.421237e-03 -9.107717e+00 -9.636280e-01 1.639248e-02 -2.667440e-01 9.152630e+01
-2.775093e-01 1.743581e-02 9.605647e-01 1.706832e+02 2.029199e-02 9.997186e-01 -1.228412e-02 -9.132048e+00 -9.605087e-01 1.608281e-02 -2.777850e-01 9.122588e+01
-2.953670e-01 1.606871e-02 9.552487e-01 1.728366e+02 2.678467e-02 9.996048e-01 -8.532921e-03 -9.193889e+00 -9.550084e-01 2.306567e-02 -2.956807e-01 9.056912e+01
-3.008942e-01 1.085365e-02 9.535957e-01 1.739327e+02 3.075536e-02 9.995255e-01 -1.671982e-03 -9.221710e+00 -9.531615e-01 2.882508e-02 -3.010853e-01 9.021585e+01
-3.041964e-01 8.054749e-03 9.525753e-01 1.750292e+02 3.182098e-02 9.994921e-01 1.710272e-03 -9.249796e+00 -9.520778e-01 3.083213e-02 -3.042982e-01 8.986252e+01
-2.894218e-01 1.599879e-02 9.570679e-01 1.793156e+02 3.706865e-02 9.992976e-01 -5.494994e-03 -9.362912e+00 -9.564837e-01 3.388684e-02 -2.898116e-01 8.853955e+01
-2.609832e-01 5.114162e-03 9.653298e-01 1.821857e+02 4.013209e-02 9.991789e-01 5.556475e-03 -9.443133e+00 -9.645088e-01 4.019084e-02 -2.609741e-01 8.775348e+01
-2.414348e-01 2.284986e-03 9.704143e-01 1.830265e+02 3.975206e-02 9.991811e-01 7.537411e-03 -9.464732e+00 -9.696025e-01 4.039575e-02 -2.413280e-01 8.756152e+01
-1.717367e-01 1.097173e-02 9.850818e-01 1.846231e+02 3.901595e-02 9.992292e-01 -4.327365e-03 -9.502342e+00 -9.843700e-01 3.769073e-02 -1.720324e-01 8.729367e+01
-5.616419e-02 5.016196e-03 9.984089e-01 1.861937e+02 2.635121e-02 9.996465e-01 -3.540066e-03 -9.547399e+00 -9.980738e-01 2.611045e-02 -5.627652e-02 8.724422e+01
5.721284e-03 -1.150342e-03 9.999830e-01 1.869520e+02 1.662550e-02 9.998612e-01 1.055078e-03 -9.574536e+00 -9.998455e-01 1.661917e-02 5.739613e-03 8.729783e+01
1.351236e-01 -1.098431e-02 9.907678e-01 1.884238e+02 1.319666e-02 9.998698e-01 9.285428e-03 -9.620615e+00 -9.907409e-01 1.182014e-02 1.352510e-01 8.752595e+01
2.076712e-01 -7.456692e-03 9.781702e-01 1.891549e+02 1.222124e-02 9.999127e-01 5.027795e-03 -9.633802e+00 -9.781224e-01 1.091032e-02 2.077442e-01 8.772864e+01
2.463376e-01 -5.020139e-03 9.691711e-01 1.895095e+02 1.343054e-02 9.999082e-01 1.765663e-03 -9.639227e+00 -9.690911e-01 1.258154e-02 2.463824e-01 8.784616e+01
3.721213e-01 5.771503e-03 9.281661e-01 1.906013e+02 1.364474e-03 9.999762e-01 -6.765080e-03 -9.662356e+00 -9.281831e-01 3.783886e-03 3.721046e-01 8.835376e+01
6.241385e-01 1.187157e-02 7.812235e-01 1.927478e+02 1.752189e-03 9.998608e-01 -1.659387e-02 -9.734985e+00 -7.813118e-01 1.172572e-02 6.240308e-01 8.992948e+01
6.619290e-01 1.362857e-02 7.494426e-01 1.931030e+02 -3.337605e-03 9.998783e-01 -1.523486e-02 -9.753497e+00 -7.495591e-01 7.583050e-03 6.618940e-01 9.029644e+01
6.976322e-01 1.360725e-02 7.163268e-01 1.934542e+02 -4.660140e-03 9.998846e-01 -1.445516e-02 -9.771782e+00 -7.164409e-01 6.746199e-03 6.976152e-01 9.068449e+01
8.358761e-01 1.096908e-02 5.488086e-01 1.950720e+02 -4.730695e-03 9.999071e-01 -1.278003e-02 -9.861770e+00 -5.488979e-01 8.086276e-03 8.358503e-01 9.300739e+01
8.539778e-01 1.076167e-02 5.201981e-01 1.953781e+02 -5.811760e-03 9.999210e-01 -1.114519e-02 -9.878410e+00 -5.202770e-01 6.494480e-03 8.539729e-01 9.354895e+01
8.694597e-01 9.517999e-03 4.939122e-01 1.956839e+02 -6.036330e-03 9.999444e-01 -8.643494e-03 -9.896652e+00 -4.939670e-01 4.533751e-03 8.694688e-01 9.412166e+01
8.929201e-01 6.551292e-03 4.501676e-01 1.962715e+02 -6.486757e-03 9.999775e-01 -1.686020e-03 -9.928192e+00 -4.501685e-01 -1.414647e-03 8.929425e-01 9.532711e+01
9.093690e-01 1.215774e-04 4.159903e-01 1.968516e+02 -3.065167e-04 9.999999e-01 3.777946e-04 -9.951735e+00 -4.159902e-01 -4.710632e-04 9.093690e-01 9.660743e+01
9.237788e-01 -6.958991e-03 3.828633e-01 1.974182e+02 7.193970e-03 9.999738e-01 8.179753e-04 -9.970244e+00 -3.828589e-01 1.998678e-03 9.238047e-01 9.797014e+01
9.365780e-01 -6.943546e-03 3.503904e-01 1.979499e+02 7.585451e-03 9.999711e-01 -4.595440e-04 -9.992522e+00 -3.503771e-01 3.088267e-03 9.366036e-01 9.941105e+01
9.448573e-01 -3.593169e-03 3.274625e-01 1.984618e+02 3.568112e-03 9.999934e-01 6.772963e-04 -1.001358e+01 -3.274628e-01 5.284742e-04 9.448639e-01 1.009262e+02
9.462461e-01 -7.863739e-04 3.234465e-01 1.987161e+02 5.581754e-05 9.999974e-01 2.267932e-03 -1.002705e+01 -3.234474e-01 -2.127968e-03 9.462438e-01 1.017027e+02
9.468438e-01 1.394494e-03 3.216908e-01 1.989723e+02 -2.530612e-03 9.999919e-01 3.113582e-03 -1.003702e+01 -3.216839e-01 -3.762150e-03 9.468397e-01 1.024872e+02
9.470758e-01 -6.111221e-04 3.210094e-01 1.992416e+02 -4.424794e-04 9.999947e-01 3.209191e-03 -1.004701e+01 -3.210097e-01 -3.181387e-03 9.470706e-01 1.032840e+02
9.468298e-01 -5.244674e-03 3.216922e-01 2.003710e+02 5.463629e-03 9.999850e-01 2.221683e-04 -1.009936e+01 -3.216886e-01 1.547251e-03 9.468443e-01 1.065908e+02
