9.998916420022559981e-01 2.537298559556814843e-03 -1.450056447356314407e-02 -4.758621000000000101e-01 -2.488558186640969696e-03 9.999911969435023584e-01 3.378330009494480424e-03 2.379619999999999999e-02 1.450900865614163440e-02 -3.341878441987332533e-03 9.998891541147423290e-01 -5.313826000000000382e-01
9.997991279854656632e-01 -3.468760046666705642e-03 -1.974009582653971084e-02 -4.785131000000000245e-01 3.424088963947418025e-03 9.999915012483446830e-01 -2.296311357125640357e-03 2.262029999999999944e-02 1.974789341345793009e-02 2.228258248170417698e-03 9.998025082839661071e-01 -4.490286000000000000e-01
9.997575417405386577e-01 -3.303392604240994960e-03 -2.177028548772926703e-02 -4.786537000000000153e-01 3.263806383782080506e-03 9.999929557671964897e-01 -1.853640708117727364e-03 2.242740000000000011e-02 2.177625543577620809e-02 1.782137280866361462e-03 9.997612808495375258e-01 -4.273655000000000093e-01
9.997044679458432226e-01 -3.230310818450752609e-03 -2.409443631079312073e-02 -4.798731999999999998e-01 3.119202873223239983e-03 9.999843354827357977e-01 -4.647511440233298603e-03 2.135460000000000136e-02 2.410907178956381638e-02 4.570982516661328647e-03 9.996988840527322173e-01 -3.840524000000000160e-01
9.997075785913935864e-01 -1.130430416906494113e-03 -2.415531895887957498e-02 -4.814466000000000023e-01 9.190001615358802702e-04 9.999611883907781884e-01 -8.762257175286067637e-03 2.108310000000000045e-02 2.416428657411121700e-02 8.737496161675137665e-03 9.996698171972528968e-01 -3.623038000000000092e-01
9.995698538579697034e-01 4.461534911674731874e-03 -2.898623750315048805e-02 -4.834932000000000119e-01 -4.615457074352282904e-03 9.999755911283960685e-01 -5.245445968611852673e-03 2.006080000000000016e-02 2.896212724148472875e-02 5.376974395207997047e-03 9.995660475086182162e-01 -2.929981999999999864e-01
9.995264039328707328e-01 5.368761558020814992e-03 -3.030089504217278740e-02 -4.841161999999999965e-01 -5.212750169557175961e-03 9.999727609150897978e-01 5.225386447184392213e-03 1.974949999999999969e-02 3.032812352740332784e-02 -5.064960728944955040e-03 9.995271637610059212e-01 -2.684420000000000139e-01
9.995011727975908755e-01 8.702834200021335870e-03 -3.035895672000790690e-02 -4.870315000000000061e-01 -8.375187252047302383e-03 9.999054864946921306e-01 1.090294989011003808e-02 1.918769999999999851e-02 3.045097395377557858e-02 -1.064324925481148314e-02 9.994795943042391606e-01 -2.195261000000000018e-01
9.994830591157926047e-01 9.623806740064459742e-03 -3.067567251694753444e-02 -4.898213000000000150e-01 -9.695282509870045001e-03 9.999506186257346441e-01 -2.182156516953271622e-03 1.907040000000000124e-02 3.065315705748640485e-02 2.478437782265981593e-03 9.995270087939437387e-01 -1.689691000000000110e-01
9.995807055090201176e-01 7.005649593674470772e-03 -2.809508939049942811e-02 -4.935022000000000020e-01 -6.772787815441582045e-03 9.999419930292426928e-01 8.374958024548217680e-03 1.898180000000000006e-02 2.815213170075244603e-02 -8.181164371688620304e-03 9.995701706384734209e-01 -1.159956999999999933e-01
9.996850407434437757e-01 7.453284411227195649e-03 -2.396388668944635092e-02 -4.961111999999999744e-01 -7.077126008322847175e-03 9.998510161377407446e-01 1.574356426574721746e-02 1.869799999999999934e-02 2.407765771917166203e-02 -1.556901023870014937e-02 9.995888516379850541e-01 -9.016670000000000240e-02
9.996360780089232900e-01 4.393683498034988907e-03 -2.661591794879493780e-02 -4.972839000000000009e-01 -3.939656257285152965e-03 9.998462454442337277e-01 1.708697104941737585e-02 1.895880000000000135e-02 2.668690037288563507e-02 -1.697589515720124634e-02 9.994996890105066756e-01 -3.186869999999999981e-02
9.999157612038011012e-01 1.008539417831150458e-03 -1.294037651947110151e-02 -5.052693000000000323e-01 -1.009817948954805887e-03 9.999994858770229200e-01 -9.226808715703292501e-05 1.888240000000000057e-02 1.294027681052329487e-02 1.053277390800384924e-04 9.999162655653394127e-01 8.357549999999999701e-02
9.997973819992430622e-01 1.803290512024292034e-03 -2.004851841879925350e-02 -5.063744000000000023e-01 -1.945696036636837241e-03 9.999730024230977232e-01 -7.085809189400696720e-03 1.786449999999999844e-02 2.003519938490020552e-02 7.123381799736892839e-03 9.997738985477379048e-01 2.214409999999999989e-01
9.994773454111064437e-01 9.410386640813913836e-03 -3.092702108574886533e-02 -5.071923999999999877e-01 -9.736045330498021774e-03 9.998985586727299202e-01 -1.039623900840462925e-02 1.662260000000000126e-02 3.082605117900201475e-02 1.069191224560777156e-02 9.994675770535239590e-01 2.976875999999999967e-01
9.993892675014097726e-01 1.317329560797600614e-02 -3.236597419853957242e-02 -5.117485000000000506e-01 -1.351385797654536432e-02 9.998553631672045805e-01 -1.032610228339877166e-02 1.400129999999999951e-02 3.222526408868375131e-02 1.075718497574212722e-02 9.994227410489578967e-01 4.058288999999999924e-01
9.993084135942188473e-01 1.380117935550081130e-02 -3.452856742181732025e-02 -5.143666999999999545e-01 -1.406140270951804043e-02 9.998744490309622313e-01 -7.305007109553176940e-03 1.245399999999999979e-02 3.442341461340587411e-02 7.785475157442993573e-03 9.993770133953083779e-01 4.800697999999999910e-01
9.992808816647055226e-01 1.444949031344056403e-02 -3.505612313263720137e-02 -5.179563000000000361e-01 -1.469947996663718837e-02 9.998682599824672002e-01 -6.883891947420846258e-03 1.064919999999999929e-02 3.495203610834804464e-02 7.394248394199436081e-03 9.993616363772253042e-01 5.536605999999999472e-01
9.991793977154853623e-01 1.525109061459760905e-02 -3.752246548383068869e-02 -5.212189999999999879e-01 -1.552478715936255436e-02 9.998548842066528053e-01 -7.013666071136030224e-03 9.338400000000000173e-03 3.741005432469222958e-02 7.590438931066231625e-03 9.992711709402294362e-01 6.296152000000000415e-01
9.991109310665147181e-01 1.521846501774531957e-02 -3.931597316493169042e-02 -5.245600000000000263e-01 -1.526035292054834028e-02 9.998832609934064086e-01 -7.655154679532447624e-04 7.970100000000000795e-03 3.929973348691156304e-02 1.364810497844250788e-03 9.992265349960250953e-01 7.056959999999999900e-01
9.991016355562207796e-01 1.532853595842592967e-02 -3.950895865820806124e-02 -5.264303999999999650e-01 -1.527298245990587125e-02 9.998819031479265762e-01 1.707560851009757782e-03 7.204000000000000334e-03 3.953046718246772812e-02 -1.102607206459663407e-03 9.992177572589892032e-01 7.437721000000000471e-01
9.990452320960938604e-01 1.470614858666130682e-02 -4.113822334288377153e-02 -5.300567000000000473e-01 -1.468963057660337655e-02 9.998918538668267741e-01 7.037927843375962412e-04 6.174100000000000074e-03 4.114412448436430975e-02 -9.881552209134556071e-05 9.991532171073201907e-01 8.210701000000000249e-01
9.989903373433670630e-01 1.542671914329405564e-02 -4.219386485094168970e-02 -5.317960999999999938e-01 -1.542628865641499855e-02 9.998809513372225455e-01 3.358143235013377856e-04 5.580100000000000164e-03 4.219402224100672616e-02 3.154194744010531599e-04 9.991093859021046297e-01 8.601296000000000497e-01
9.994591056462034384e-01 1.789257443489492352e-02 -2.759260627383764222e-02 -5.396758999999999862e-01 -1.788498476553538122e-02 9.998399146822888328e-01 5.218506012436318394e-04 4.987799999999999699e-03 2.759752635342245866e-02 -2.807499235089151246e-05 9.996191153389210049e-01 8.948437999999999670e-01
9.990251444631071953e-01 1.754128891475272012e-02 -4.051004707078228323e-02 -5.441295999999999911e-01 -1.748176244625099934e-02 9.998455199862958942e-01 1.823223822379298892e-03 2.669100000000000205e-03 4.053577077398024670e-02 -1.113259422963195407e-03 9.991774676909085384e-01 1.052318700000000051e+00
9.987248115046231112e-01 1.868854723694662184e-02 -4.689871093353589759e-02 -5.437075999999999576e-01 -1.879107452005474715e-02 9.998219073349791097e-01 -1.746176229944527720e-03 2.105300000000000053e-03 4.685772512016235514e-02 2.625226698151781213e-03 9.988981238251208872e-01 1.094233199999999906e+00
9.988149338068869065e-01 1.933009083208771586e-02 -4.466626907149781611e-02 -5.463892999999999667e-01 -1.945597431326261464e-02 9.998078693365856084e-01 -2.385262282978248011e-03 1.453099999999999921e-03 4.461157997500053707e-02 3.251461373009320675e-03 9.989991165817284635e-01 1.132796399999999926e+00
9.987932163439300348e-01 1.903241296232754953e-02 -4.527558108052120306e-02 -5.520448000000000022e-01 -1.888289123953732634e-02 9.998147523708041939e-01 3.727916327304971709e-03 -6.616999999999999835e-04 4.533814512949584791e-02 -2.868483665459648120e-03 9.989675792525389841e-01 1.248987000000000069e+00
9.987327564734187479e-01 1.782115637407000533e-02 -4.706684111450149671e-02 -5.563873999999999764e-01 -1.779875285479442029e-02 9.998411890021287052e-01 8.950819087809241481e-04 -1.439100000000000015e-03 4.707531777716144478e-02 -5.621654937337274005e-05 9.988913410856451458e-01 1.329878700000000080e+00
9.987806286585303450e-01 1.513411392348427281e-02 -4.699164194004910866e-02 -5.628197000000000338e-01 -1.547554807546291933e-02 9.998563656280642364e-01 -6.910537229671334485e-03 -3.738099999999999843e-03 4.688030746736650267e-02 7.629332132607483975e-03 9.988713781378338874e-01 1.447575899999999915e+00
9.988121193160589550e-01 1.337392199043373545e-02 -4.685604035721073479e-02 -5.648866999999999639e-01 -1.379293341600068903e-02 9.998676247909457082e-01 -8.630636285601700833e-03 -4.631999999999999833e-03 4.673441232266155321e-02 9.266666364252362439e-03 9.988643669684834636e-01 1.486796000000000006e+00
9.988541587512892450e-01 1.063257422650462462e-02 -4.666173925789914717e-02 -5.687735000000000429e-01 -1.065812258680046663e-02 9.999431559697546934e-01 -2.987510194581623354e-04 -6.494899999999999632e-03 4.665591032419184186e-02 7.957352353409816170e-04 9.989107031347977950e-01 1.565485000000000015e+00
9.988577869129112718e-01 9.463357444873837787e-03 -4.683552486427083883e-02 -5.705729000000000495e-01 -9.211239878433426231e-03 9.999419175323284170e-01 5.595946896817083349e-03 -7.121599999999999632e-03 4.688576098713914675e-02 -5.158141878679753725e-03 9.988869400432744960e-01 1.605114300000000105e+00
9.989065915552727271e-01 5.023645809583202754e-03 -4.647993470528449106e-02 -5.745706999999999898e-01 -4.871634702181486254e-03 9.999824105199023316e-01 3.383168061740941118e-03 -8.228100000000000344e-03 4.649611298545453658e-02 -3.153035614346908627e-03 9.989134946749185229e-01 1.684066499999999911e+00
9.988855337056993244e-01 5.155523898249758825e-03 -4.691600075469794934e-02 -5.786594999999999933e-01 -5.355122446539107260e-03 9.999771339188975317e-01 -4.129685572762914481e-03 -9.321299999999999378e-03 4.689363727695704948e-02 4.376324106129338837e-03 9.988903015698247234e-01 1.762274700000000083e+00
9.988966839867919889e-01 7.922356899802919863e-03 -4.628877813620711074e-02 -5.832372000000000112e-01 -8.372952649799160138e-03 9.999193549546540050e-01 -9.548677970948372257e-03 -1.068960000000000049e-02 4.620939714078816513e-02 9.925716509189580483e-03 9.988824614376128341e-01 1.840860500000000011e+00
9.988657614227530734e-01 1.321704253398844030e-02 -4.574385689902699809e-02 -5.873954999999999593e-01 -1.339375701337908002e-02 9.999039665897120344e-01 -3.558773837536095049e-03 -1.263449999999999990e-02 4.569242749526970099e-02 4.167419443122216335e-03 9.989468627933993927e-01 1.920103300000000068e+00
9.988788956370494576e-01 1.151608300015836278e-02 -4.591657307816109090e-02 -5.913764000000000243e-01 -1.162141476857026998e-02 9.999304131862926104e-01 -2.027684360831757786e-03 -1.421350000000000044e-02 4.589002690874675883e-02 2.559026655540820247e-03 9.989432200144765517e-01 1.999365999999999977e+00
9.988752139691601251e-01 9.055182303972255514e-03 -4.654364179462681939e-02 -5.956538999999999584e-01 -8.998935168455547695e-03 9.999585035314569881e-01 1.417879036844298373e-03 -1.559920000000000057e-02 4.655454955102281134e-02 -9.974410112965704026e-04 9.989152511737572349e-01 2.078071599999999908e+00
9.988351065876553969e-01 7.406283686421028141e-03 -4.768203865171145861e-02 -5.998238999999999654e-01 -7.320218668032607394e-03 9.999712478767864843e-01 1.979347972095158066e-03 -1.704409999999999953e-02 4.769532730445655289e-02 -1.627999293213616130e-03 9.988606035737028765e-01 2.156732299999999825e+00
9.988037496700541418e-01 7.473148261341834228e-03 -4.832413165390447157e-02 -6.019659000000000537e-01 -7.573540989697934850e-03 9.999695252952546243e-01 -1.894718359159609268e-03 -1.774159999999999973e-02 4.830849947904875680e-02 2.258436593569715031e-03 9.988299096153637757e-01 2.195549000000000195e+00
9.987926364688792802e-01 1.097190515157321807e-02 -4.788409582408469783e-02 -6.071782999999999486e-01 -1.108981718864030137e-02 9.999360915012176498e-01 -2.197468541544803523e-03 -1.942119999999999957e-02 4.785692520699363212e-02 2.725841267099391330e-03 9.988504815532297521e-01 2.272842199999999924e+00
9.986771381021162242e-01 1.167236941050008199e-02 -5.007723659020648505e-02 -6.087046999999999874e-01 -1.158472748541836302e-02 9.999308137782623174e-01 2.040035742533096580e-03 -2.007660000000000000e-02 5.009758398620920566e-02 -1.457205917858615330e-03 9.987432646229248423e-01 2.311898499999999856e+00
9.991224455773092261e-01 1.612341665803914206e-02 -3.865713619615250563e-02 -6.208548999999999873e-01 -1.594546208756171882e-02 9.998608204637384755e-01 4.907335365925939372e-03 -2.597709999999999950e-02 3.873087892664908716e-02 -4.286623012442484365e-03 9.992404835077081104e-01 2.473668299999999931e+00
9.985215340434266951e-01 1.021394881156693739e-02 -5.338933696195024420e-02 -6.265441000000000482e-01 -9.766485804706815169e-03 9.999150198212053420e-01 8.635328076280536849e-03 -2.551720000000000030e-02 5.347300072549170807e-02 -8.101134836134319187e-03 9.985364338910114324e-01 2.607096900000000161e+00
9.993838680819161491e-01 1.293098360452807696e-02 -3.262934079393520898e-02 -6.363933999999999980e-01 -1.265644684305057555e-02 9.998828655250319164e-01 8.606368732521107665e-03 -2.688509999999999858e-02 3.273680758620751280e-02 -8.188094556763980333e-03 9.994304660838557730e-01 2.631992599999999793e+00
9.996329456856662965e-01 1.593883749933432820e-02 -2.190724444031095022e-02 -6.532054999999999945e-01 -1.579207157990721727e-02 9.998517905990785826e-01 6.856187791434085500e-03 -3.024340000000000014e-02 2.201327724380920323e-02 -6.507710425805442005e-03 9.997364979483348568e-01 2.744072399999999856e+00
9.996331914353422388e-01 2.225008698841872759e-02 -1.544073216528605956e-02 -6.663719999999999644e-01 -2.213996238914736278e-02 9.997284712243840188e-01 7.266766045709082376e-03 -3.043030000000000040e-02 1.559822573882811876e-02 -6.922243304285821165e-03 9.998543783478855973e-01 2.799673600000000206e+00
9.993070142506259579e-01 2.185624446985734437e-02 -3.012965063144751668e-02 -6.656758999999999871e-01 -2.151635326518898383e-02 9.997016686587955059e-01 1.155942139500725288e-02 -3.233880000000000088e-02 3.037330755230399290e-02 -1.090313067396655317e-02 9.994791563258532685e-01 2.827102899999999863e+00
9.966398038818942151e-01 2.185048594654244794e-02 -7.894084862832068117e-02 -6.685168999999999695e-01 -2.168727358259117319e-02 9.997605264017604965e-01 2.924382572194405248e-03 -3.237009999999999887e-02 7.898584355954763048e-02 -1.202544292183154026e-03 9.968750124285451486e-01 3.009638300000000211e+00
9.973900837807156972e-01 3.017343303912113986e-02 -6.559409054580060683e-02 -6.793922999999999490e-01 -2.992560973416205986e-02 9.995408060791575178e-01 4.757611235357095056e-03 -3.543709999999999916e-02 6.570752360221500388e-02 -2.782251114087968581e-03 9.978350466990035805e-01 3.040608399999999989e+00
9.983794996502278751e-01 3.606092226411432289e-02 -4.402254608291332472e-02 -6.913745999999999503e-01 -3.575874605693912800e-02 9.993313036555377948e-01 7.632667591262846940e-03 -3.774630000000000346e-02 4.426834939995011320e-02 -6.046107804602712799e-03 9.990013802902472095e-01 3.046111799999999814e+00
9.983882676725627237e-01 4.651794383227995239e-02 3.251073477170398490e-02 -7.147027000000000241e-01 -4.713002791229364136e-02 9.987207308202505907e-01 1.832108891007870957e-02 -4.336689999999999989e-02 -3.161688540583428714e-02 -1.982379205604806530e-02 9.993034523235436728e-01 3.107645300000000166e+00
9.898284863328178362e-01 2.711202555117517982e-02 1.396585325520609822e-01 -6.959089999999999998e-01 -2.637525617061623612e-02 9.996267276735459895e-01 -7.123986427041598818e-03 -3.772369999999999890e-02 -1.397995475887422734e-01 3.367995129261169840e-03 9.901740973701503856e-01 3.237433400000000017e+00
9.020789359862314560e-01 1.419328706484067337e-02 4.313376216518143291e-01 -6.417859000000000202e-01 -9.210254426843561548e-03 9.998645660820610903e-01 -1.363894082854756259e-02 -4.031830000000000136e-02 -4.314727853101995025e-01 8.330671991312557645e-03 9.020874876866610270e-01 3.359994400000000159e+00
8.561147444808303586e-01 1.340416159958503911e-02 5.166119169495945185e-01 -6.242166999999999577e-01 -5.510230697189290316e-03 9.998435044616439393e-01 -1.681082816289741419e-02 -4.133160000000000306e-02 -5.167564045468485689e-01 1.154534701388060594e-02 8.560546263657143884e-01 3.384026800000000001e+00
6.559900041401315329e-01 2.944153437139085394e-02 7.541951408767417764e-01 -5.628621999999999792e-01 -6.556009818596525429e-03 9.994234925229646960e-01 -3.331217988150957099e-02 -4.435279999999999778e-02 -7.547411034278499464e-01 1.690794626966256320e-02 6.558048399862976829e-01 3.440581299999999842e+00
6.125689418679226561e-01 2.712808565122767912e-02 7.899514911864607969e-01 -5.510034000000000320e-01 -4.919226895541216338e-03 9.995223432614198655e-01 -3.051043310001509690e-02 -4.485290000000000110e-02 -7.904018551759374178e-01 1.480379309839095769e-02 6.124097933935546134e-01 3.448498199999999958e+00
5.668393890160114967e-01 2.613826401777791242e-02 8.234135645069807774e-01 -5.388058000000000014e-01 -4.140772447418531940e-03 9.995743161880166205e-01 -2.887975797678462436e-02 -4.519549999999999956e-02 -8.238179174207692634e-01 1.296061616574969121e-02 5.667063272675809671e-01 3.455333899999999847e+00
3.191559293922648921e-01 3.077985348212007935e-02 9.472022452218844535e-01 -4.687827999999999995e-01 -5.747198641518725531e-03 9.995169199874536226e-01 -3.054335224838999191e-02 -4.790729999999999988e-02 -9.476847906564369595e-01 4.304332516607530315e-03 3.191786494740084246e-01 3.481494699999999831e+00
2.775832148431416901e-01 3.281465132000794399e-02 9.601410091731800156e-01 -4.538807000000000258e-01 -4.623680569084515427e-03 9.994505379360080211e-01 -3.282139237478004512e-02 -4.848260000000000070e-02 -9.606904706591720133e-01 4.671282283324394019e-03 2.775824178626740135e-01 3.483385300000000129e+00
2.358576081219334597e-01 3.233891881599452317e-02 9.712493928033175683e-01 -4.379149999999999987e-01 3.137603816313712032e-03 9.994155910822238864e-01 -3.403868011631491775e-02 -4.922560000000000130e-02 -9.717825601096637955e-01 1.107567747731372058e-02 2.356183041173290915e-01 3.486213400000000018e+00
1.731340610481112430e-01 3.352828720492404685e-02 9.843274103986403567e-01 -4.045009999999999994e-01 1.564665960931511252e-02 9.992006297299007578e-01 -3.678700300975920601e-02 -5.041090000000000154e-02 -9.847739735330434119e-01 2.177051915949484648e-02 1.724710571297890516e-01 3.489391599999999816e+00
1.195512650528714749e-01 2.882743836751141750e-02 9.924094285230394830e-01 -3.674573999999999896e-01 7.647000588799423432e-03 9.995219891055524553e-01 -2.995524455708414163e-02 -5.186009999999999925e-02 -9.927985789707060027e-01 1.117014286601333665e-02 1.192736748075612363e-01 3.493891000000000080e+00
9.331859893194437150e-02 2.415111482098047935e-02 9.953433391279025155e-01 -3.484397000000000189e-01 2.499445728638272426e-03 9.996969237952538778e-01 -2.449108665118683581e-02 -5.284359999999999752e-02 -9.956331612920636953e-01 4.773280550121394156e-03 9.322995188436666858e-02 3.496027000000000218e+00
7.059610503307277296e-02 2.156930918324570512e-02 9.972717557694676938e-01 -3.280995999999999913e-01 6.781418947538594456e-03 9.997327082821504396e-01 -2.210258690503849946e-02 -5.365169999999999662e-02 -9.974819308194093903e-01 8.323274127070866280e-03 7.043096475690446834e-02 3.496972299999999922e+00
4.957134688493999158e-02 2.218079830072121686e-02 9.985242579701084642e-01 -3.073010999999999937e-01 1.465795226391362546e-02 9.996295414608900032e-01 -2.293303892029160962e-02 -5.454289999999999833e-02 -9.986630192429485353e-01 1.577314253512922954e-02 4.922785767352377828e-02 3.497533999999999921e+00
8.481931664164342509e-04 3.452756707137510928e-02 9.994033858660293923e-01 -2.158284000000000036e-01 1.999576549511426771e-02 9.992033435327504209e-01 -3.453762636946533515e-02 -5.745440000000000269e-02 -9.997997049062459229e-01 2.001313031747114363e-02 1.571123135688523575e-04 3.497641100000000058e+00
-1.695772638400814538e-03 3.097047121347422383e-02 9.995188613868045691e-01 -1.908023000000000080e-01 2.605489913959328080e-02 9.991823422646345376e-01 -3.091583958724617928e-02 -5.858030000000000181e-02 -9.996590751781252449e-01 2.598993688668906413e-02 -2.501318580558353766e-03 3.497183800000000176e+00
-1.138237006292643549e-03 2.934783571388946410e-02 9.995686114296649105e-01 -1.652827000000000046e-01 2.762615507121797542e-02 9.991886706385728623e-01 -2.930522177876331361e-02 -5.958290000000000114e-02 -9.996176769007734109e-01 2.758088117577174245e-02 -1.948081381625721420e-03 3.497100800000000120e+00
3.308262210488629312e-03 3.061678979736312534e-02 9.995257213216928172e-01 -8.485969999999999624e-02 2.191650411646831748e-02 9.992888857139179404e-01 -3.068207515715202019e-02 -6.272160000000000235e-02 -9.997543309475878104e-01 2.200761393564461613e-02 2.634896658341712161e-03 3.498029700000000020e+00
5.084999381626639781e-03 3.096900583073683433e-02 9.995074104073184973e-01 -2.757360000000000019e-02 2.124986779569753431e-02 9.992912849785129392e-01 -3.107041816033085518e-02 -6.497980000000000422e-02 -9.997612644526459036e-01 2.139739338910767036e-02 4.423308286513272236e-03 3.498521300000000167e+00
6.015678236492138370e-03 2.954853997560916851e-02 9.995452442989585240e-01 1.648799999999999962e-03 2.008493108057148036e-02 9.993581186514353121e-01 -2.966388762371628338e-02 -6.625390000000000446e-02 -9.997801794188778679e-01 2.025424574684530146e-02 5.418336495891518112e-03 3.498711600000000033e+00
6.651765238396001312e-03 2.835464957709884007e-02 9.995757939579033025e-01 3.146750000000000241e-02 2.082478917520345571e-02 9.993771985604894548e-01 -2.848759647980948426e-02 -6.743599999999999595e-02 -9.997610125300051553e-01 2.100544797779979253e-02 6.057142909850377066e-03 3.498800300000000085e+00
3.285926777410350282e-03 2.348809938825792420e-02 9.997187163759316819e-01 1.235649999999999943e-01 1.823503036765183882e-02 9.995564782482326827e-01 -2.354422348435106574e-02 -7.108390000000000541e-02 -9.998283284407899485e-01 1.830726574662559433e-02 2.856163191786498246e-03 3.499564900000000200e+00
9.701283027509276322e-04 1.907495649810889496e-02 9.998175858053666154e-01 1.861088999999999938e-01 2.207815194715842186e-02 9.995739397498313306e-01 -1.909173066012025827e-02 -7.332729999999999804e-02 -9.997557772064509241e-01 2.209264600711386556e-02 5.485751816928230440e-04 3.499370100000000150e+00
-1.560132620269676432e-03 2.289430647238076613e-02 9.997366736883046556e-01 2.499033999999999978e-01 1.656904478824981417e-02 9.996012417964426078e-01 -2.286534832043813498e-02 -7.580480000000000551e-02 -9.998615067803200418e-01 1.652900874700886230e-02 -1.938847293925460846e-03 3.499749700000000185e+00
-3.343453824422335224e-03 2.922229170855915673e-02 9.995673458971255920e-01 3.147458000000000200e-01 1.789027901060182349e-02 9.994147035402083379e-01 -2.915798800603953619e-02 -7.827950000000000186e-02 -9.998343658993958938e-01 1.778505032147506895e-02 -3.864291864730695636e-03 3.499582499999999818e+00
-7.197182230050867997e-03 1.202724974591766645e-02 9.999017680909941808e-01 4.465747999999999940e-01 6.728082232616923800e-03 9.999056153608477659e-01 -1.197886803147794887e-02 -8.346209999999999740e-02 -9.999514655609130775e-01 6.641207224122987196e-03 -7.277423251925929648e-03 3.500348799999999816e+00
-6.222053887456378309e-03 1.716730922611726246e-02 9.998332708703768779e-01 5.114693000000000156e-01 6.986989160279972327e-03 9.998289648786059525e-01 -1.712375461893692399e-02 -8.620840000000000447e-02 -9.999562330561752033e-01 6.879279301663988357e-03 -6.340937501188470549e-03 3.500189999999999912e+00
-4.188854654101905120e-03 3.347195093922982617e-02 9.994308790491757133e-01 5.761290999999999496e-01 1.091446747065621253e-02 9.993816455165996926e-01 -3.342455690604413665e-02 -8.850210000000000021e-02 -9.999316616131916913e-01 1.076824520779438507e-02 -4.551592976751894781e-03 3.499950600000000023e+00
-1.819237962979923908e-03 1.988473774695789439e-02 9.998006239135723838e-01 6.409416000000000002e-01 1.543273501769016134e-02 9.996837680896754064e-01 -1.985433221999373041e-02 -9.147270000000000401e-02 -9.998792532416640455e-01 1.539353834447522960e-02 -2.125538550428629492e-03 3.499564400000000131e+00
-2.159015253775309166e-03 1.754905054520005878e-02 9.998436725199074671e-01 7.051577999999999458e-01 1.518905086620881383e-02 9.997312352730901575e-01 -1.751427854994358838e-02 -9.393429999999999835e-02 -9.998823087678457844e-01 1.514886280561370327e-02 -2.424988408014971952e-03 3.499909600000000065e+00
-2.997130826429074239e-03 1.839804473153467193e-02 9.998262494838119352e-01 7.369244999999999823e-01 1.184188287265843312e-02 9.997612867986118701e-01 -1.836135149747751549e-02 -9.518680000000000196e-02 -9.999253907251477447e-01 1.178479396680867999e-02 -3.214282862531336882e-03 3.500006200000000067e+00
-5.049262152528532881e-03 1.821534220015535652e-02 9.998213371699196106e-01 7.684741999999999962e-01 9.690272322585218728e-03 9.997880287386016196e-01 -1.816579789866950428e-02 -9.647500000000000520e-02 -9.999403000049698065e-01 9.596817155307583308e-03 -5.224703480429471192e-03 3.500105399999999811e+00
-1.028328656960110672e-02 1.869879876856598774e-02 9.997722785424389969e-01 8.314721000000000473e-01 8.015575358625980085e-03 9.997945621051511633e-01 -1.861677030634702884e-02 -9.873020000000000407e-02 -9.999149986718860461e-01 7.822308456061520185e-03 -1.043105562350132853e-02 3.500236999999999821e+00
-1.238390045161490149e-02 1.921991494671917294e-02 9.997385827700385752e-01 8.626656000000000324e-01 6.229457979032339450e-03 9.997973323333014806e-01 -1.914387924380555120e-02 -9.981579999999999619e-02 -9.999039118149762873e-01 5.990753596570273787e-03 -1.250112028792693675e-02 3.500054599999999905e+00
-1.466776028021559916e-02 1.843084455752824757e-02 9.997225418971298350e-01 8.938971999999999474e-01 4.405514972998688696e-03 9.998215874744844633e-01 -1.836803358622079996e-02 -1.009117999999999959e-01 -9.998827172454702872e-01 4.134874713710481528e-03 -1.474634072972358378e-02 3.499984299999999937e+00
-1.899089607701422502e-02 1.731476636551356613e-02 9.996697178227916813e-01 9.556164999999999798e-01 4.775440993733863146e-03 9.998402000606186890e-01 -1.722699933411088458e-02 -1.032414999999999999e-01 -9.998082521311312254e-01 4.446707596612432464e-03 -1.907054697807109012e-02 3.499129500000000004e+00
-2.191481182325332594e-02 1.885529411801293437e-02 9.995820221004749762e-01 1.016132400000000047e+00 5.413196945441310637e-03 9.998097196844183410e-01 -1.874091042064902554e-02 -1.053850999999999954e-01 -9.997451866958806388e-01 5.000230823487370781e-03 -2.201270928646870129e-02 3.498068599999999861e+00
-2.488824992055343674e-02 1.691326193650067450e-02 9.995471557593264000e-01 1.075984199999999946e+00 7.611848725923261658e-03 9.998310936730757659e-01 -1.672853500683519831e-02 -1.077609000000000067e-01 -9.996612600150439620e-01 7.192057784012006322e-03 -2.501278732899836488e-02 3.496871200000000179e+00
-2.628204035123266752e-02 1.632461445032074368e-02 9.995212660659225090e-01 1.105547499999999905e+00 6.128297926410528583e-03 9.998504949473100423e-01 -1.616885024187671507e-02 -1.089153000000000066e-01 -9.996357828326782879e-01 5.700413727744977656e-03 -2.637815315429048457e-02 3.496286399999999794e+00
-2.706495224277773864e-02 1.519778564062481546e-02 9.995181417421685754e-01 1.134716400000000069e+00 4.470345002485513232e-03 9.998762642315220939e-01 -1.508218293132998662e-02 -1.100465000000000054e-01 -9.996236813799754817e-01 4.059992369077428456e-03 -2.712954268520062495e-02 3.495576900000000098e+00
-2.807454565685577400e-02 1.430401927567227088e-02 9.995034841953893689e-01 1.163062899999999900e+00 3.414190518687096852e-03 9.998931513607304256e-01 -1.421369638797706850e-02 -1.109570000000000001e-01 -9.996000015952699602e-01 3.013452250937670614e-03 -2.812038257684434939e-02 3.495093300000000180e+00
-2.893287106967203787e-02 1.636004800422849806e-02 9.994474662537122800e-01 1.218156500000000086e+00 3.722919780152326302e-03 9.998608820511302175e-01 -1.625904093870577174e-02 -1.131801999999999947e-01 -9.995744238624637568e-01 3.250442006142978575e-03 -2.898975313431306766e-02 3.493705999999999978e+00
-2.886610519553990672e-02 1.936541088125518992e-02 9.993956818158866717e-01 1.245367499999999961e+00 3.918655574008353924e-03 9.998068258949673881e-01 -1.926019294614209759e-02 -1.141874999999999973e-01 -9.995756059995326570e-01 3.360320703517974752e-03 -2.893641538679581071e-02 3.493030300000000032e+00
-2.941977019411112435e-02 2.115094765351673012e-02 9.993433416674588621e-01 1.272458599999999995e+00 2.005001717871294706e-03 9.997753372684711204e-01 -2.110106532443467575e-02 -1.151944000000000023e-01 -9.995651339906952426e-01 1.382896624090695567e-03 -2.945556835455831468e-02 3.492681300000000100e+00
-3.034131913114420168e-02 2.161354363059651493e-02 9.993058886472701019e-01 1.326036900000000074e+00 3.683106212188053813e-03 9.997618150313969387e-01 -2.151157673803655301e-02 -1.174290000000000056e-01 -9.995328104079483911e-01 3.027860111529997317e-03 -3.041369726181286648e-02 3.491445300000000085e+00
-3.055080120255915938e-02 2.118049893050215349e-02 9.993087786119647653e-01 1.352721099999999899e+00 4.425209814618235107e-03 9.997685263801187050e-01 -2.105495613442205649e-02 -1.184515000000000012e-01 -9.995234194674871286e-01 3.778905235756494993e-03 -3.063745764976033570e-02 3.490624200000000066e+00
-3.103335253102511293e-02 2.141466647449807165e-02 9.992889187269471396e-01 1.379270400000000008e+00 8.741644600588124175e-04 9.997706577866665167e-01 -2.139784253874494474e-02 -1.195089000000000012e-01 -9.995179672558076600e-01 2.094960671734560215e-04 -3.104495521362449217e-02 3.490198100000000192e+00
-3.088435550778330374e-02 2.147339907117945881e-02 9.992922744208516672e-01 1.405404300000000051e+00 -1.996372377260201975e-03 9.997658803719755571e-01 -2.154527654452209964e-02 -1.206756999999999969e-01 -9.995209708066159493e-01 -2.660371473777838058e-03 -3.083425597320843536e-02 3.489695100000000050e+00
-3.078841806498195527e-02 2.029549164940405021e-02 9.993198518651397189e-01 1.431679600000000052e+00 1.032993739792133214e-04 9.997938891124177330e-01 -2.030193642748955724e-02 -1.216736000000000067e-01 -9.995259189447242010e-01 -5.218353911555645430e-04 -3.078416874838929562e-02 3.488988400000000212e+00
-4.070156293699314642e-02 1.861417204405715203e-02 9.989979456303200722e-01 1.509343499999999949e+00 -6.977964592783133038e-03 9.997967758474707312e-01 -1.891335547025801631e-02 -1.248423000000000033e-01 -9.991469815720946945e-01 -7.740775420893894476e-03 -4.056340236291122725e-02 3.486740800000000196e+00
-5.318951187918196516e-02 2.526027963628452860e-02 9.982648917490541951e-01 1.560229799999999889e+00 -8.900684005008051985e-04 9.996784063897918848e-01 -2.534347206300728919e-02 -1.266878999999999922e-01 -9.985840393298386353e-01 -2.236530943830233181e-03 -5.314992309533950188e-02 3.483991399999999850e+00
-6.053831023924227672e-02 2.706023648916066129e-02 9.977990061102127717e-01 1.585930800000000085e+00 -1.515123109568455168e-03 9.996288147286008785e-01 -2.720178608575907209e-02 -1.276809999999999889e-01 -9.981647245797361512e-01 -3.158538497983200480e-03 -6.047483972047096312e-02 3.482504099999999880e+00
-7.214142040884263807e-02 2.491351873740196843e-02 9.970832121972145190e-01 1.638371599999999928e+00 -5.724181262894551675e-03 9.996611803207768876e-01 -2.539209145660577954e-02 -1.299915000000000098e-01 -9.973779871293851906e-01 -7.539306585636789890e-03 -7.197436797877165837e-02 3.479136899999999866e+00
-8.094060780148913670e-02 2.496188255783714921e-02 9.964063038880746070e-01 1.691300999999999943e+00 -9.819456107313483464e-03 9.996178633899143184e-01 -2.583999755299951073e-02 -1.321336999999999928e-01 -9.966705555450516840e-01 -1.187567307360818357e-02 -8.066456532187304962e-02 3.475500300000000209e+00
-8.548140839357096232e-02 1.881786583387829587e-02 9.961620434168879656e-01 1.745686300000000024e+00 -7.180322233156591523e-03 9.997840256742051013e-01 -1.950243521482126000e-02 -1.340881999999999907e-01 -9.963138922004849407e-01 -8.819860097440276880e-03 -8.532782826359763817e-02 3.471139899999999834e+00
-8.863314915122151583e-02 1.538083617979954347e-02 9.959455782069357443e-01 1.801632300000000075e+00 -9.154166115057165223e-03 9.998259660024401141e-01 -1.625542832488026737e-02 -1.360912999999999984e-01 -9.960222718967057798e-01 -1.055782106769904798e-02 -8.847692524058003993e-02 3.466770400000000141e+00
-8.925347851203049854e-02 2.271111061199502373e-02 9.957499796777665724e-01 1.857903000000000082e+00 -1.432338457478511684e-03 9.997360374762870316e-01 -2.293041163510443903e-02 -1.381531000000000009e-01 -9.960079141151670923e-01 -3.472869992071714665e-03 -8.919738894145068375e-02 3.461563599999999852e+00
-8.969854591301702762e-02 2.753413189341864103e-02 9.955882896267745918e-01 1.886400800000000100e+00 6.047469594172016905e-03 9.996144177512719109e-01 -2.710062610518514103e-02 -1.392953000000000108e-01 -9.959506006688273461e-01 3.589903154864187637e-03 -8.983047157140366945e-02 3.458638899999999960e+00
-9.047106076728492208e-02 2.903606875059411979e-02 9.954757123481982051e-01 1.915109900000000032e+00 6.836158576256926023e-03 9.995694407959420102e-01 -2.853418936658195029e-02 -1.401717000000000102e-01 -9.958756218020211604e-01 4.223711448295353749e-03 -9.063060278978085638e-02 3.456166500000000141e+00
-9.068132947999302251e-02 2.166187562320693802e-02 9.956443439442750343e-01 1.972907799999999989e+00 5.025269488403628915e-03 9.997606329911276069e-01 -2.129374057672079462e-02 -1.426200999999999997e-01 -9.958672818956901818e-01 3.072436437825700611e-03 -9.076848012402571886e-02 3.451114200000000132e+00
-9.085583051048894132e-02 1.946307514737130595e-02 9.956738455779871044e-01 2.001850800000000152e+00 7.064736917171435433e-03 9.997964379144387292e-01 -1.889900065852565675e-02 -1.438657999999999881e-01 -9.958389968034696560e-01 5.317089373668232311e-03 -9.097483721366017573e-02 3.448429599999999873e+00
-9.190583750007248753e-02 1.922099594413973281e-02 9.955821765923321687e-01 2.030586700000000189e+00 7.370458382172026535e-03 9.997994282164679447e-01 -1.862202140639627329e-02 -1.449449999999999905e-01 -9.957404246974445039e-01 5.626424525306898336e-03 -9.202907133299831344e-02 3.445860399999999935e+00
-9.588118313744913024e-02 2.091608640127528423e-02 9.951730080995048189e-01 2.087455499999999908e+00 5.273924014092420953e-03 9.997758462982935246e-01 -2.050470394871754809e-02 -1.471963000000000021e-01 -9.953788145453249525e-01 3.282451551106409238e-03 -9.597000086567741839e-02 3.440815900000000038e+00
-9.811032419357948453e-02 2.096226769628118172e-02 9.949547465184838124e-01 2.116000200000000220e+00 6.247054234128332321e-03 9.997714060066273944e-01 -2.044773935982744512e-02 -1.482823000000000058e-01 -9.951559368259965677e-01 4.209401924385892252e-03 -9.821884918594991909e-02 3.438105800000000212e+00
-9.992448772260208167e-02 2.111441710469699057e-02 9.947709676823626168e-01 2.144610600000000034e+00 6.695533191256924400e-03 9.997664498834921698e-01 -2.054788365364009634e-02 -1.493494999999999961e-01 -9.949724953930434435e-01 4.607285283942408674e-03 -1.000425226273909951e-01 3.435287199999999874e+00
-1.020987683110472777e-01 2.083778876230148874e-02 9.945559954416168802e-01 2.173177499999999984e+00 6.374902739987067281e-03 9.997737583226394831e-01 -2.029267810024355800e-02 -1.503928999999999960e-01 -9.947538399646534968e-01 4.268340300643902810e-03 -1.022085081911242588e-01 3.432496500000000061e+00
-1.038402496188732399e-01 2.145237310781289430e-02 9.943626090351211921e-01 2.201898599999999817e+00 4.358453398961296271e-03 9.997675779993647760e-01 -2.111383113631829650e-02 -1.513908999999999949e-01 -9.945844390714442262e-01 2.141417597543120513e-03 -1.039096140287979475e-01 3.429736399999999907e+00
-1.072097596129696490e-01 2.343247238571114291e-02 9.939602540753940119e-01 2.288713899999999857e+00 3.088712360411392105e-03 9.997252542477336190e-01 -2.323522918455948189e-02 -1.547836999999999963e-01 -9.942316265839079570e-01 5.790139870914361164e-04 -1.072526803540072571e-01 3.421075599999999994e+00
-1.084668117562187090e-01 2.173287007745016569e-02 9.938624819891521689e-01 2.318478799999999840e+00 3.387106862878517741e-03 9.997632774204375794e-01 -2.149224577945507350e-02 -1.558092000000000088e-01 -9.940943004838829200e-01 1.035123056324395441e-03 -1.085147467661322640e-01 3.418027599999999833e+00
-1.091968892693100240e-01 1.940038157049504830e-02 9.938308027872877481e-01 2.348102299999999865e+00 1.174297627347227480e-03 9.998113434880184780e-01 -1.938810093242630470e-02 -1.569129999999999969e-01 -9.940194466905505344e-01 -9.500671569626639723e-04 -1.091990703871090762e-01 3.414773199999999953e+00
-1.133808313631608361e-01 1.711555088937751629e-02 9.934041700119606855e-01 2.408239599999999925e+00 -4.957041577919492348e-04 9.998505115909906982e-01 -1.728319266288127001e-02 -1.587453000000000058e-01 -9.935514789666348712e-01 -2.452017330169939911e-03 -1.133553979933293876e-01 3.408599399999999946e+00
-1.174874812865739637e-01 1.895166041837561405e-02 9.928935120688038296e-01 2.468923100000000037e+00 -3.261502869549709471e-05 9.998178129948158688e-01 -1.908768593945746675e-02 -1.607761000000000051e-01 -9.930743631154703710e-01 -2.274947395003702744e-03 -1.174654584852633521e-01 3.401654499999999803e+00
-1.189556691790990550e-01 2.256142536871769133e-02 9.926432042055615135e-01 2.499416800000000105e+00 1.621599274977189933e-03 9.997448858109673209e-01 -2.252850884118386479e-02 -1.618970000000000131e-01 -9.928982421104106670e-01 -1.070224344559510959e-03 -1.189619074910459595e-01 3.398171200000000169e+00
-1.204111825281170139e-01 3.020516407853574697e-02 9.922644784457262945e-01 2.561116499999999796e+00 4.962244141334984718e-03 9.995428315536198927e-01 -2.982455402606516703e-02 -1.644888999999999935e-01 -9.927117019836434464e-01 1.332648776169899699e-03 -1.205060197333606142e-01 3.390808100000000103e+00
-1.198229825643390978e-01 3.125169778792815517e-02 9.923032723088031082e-01 2.592234799999999950e+00 7.311754947583085085e-03 9.995051012544897695e-01 -3.059560108640946990e-02 -1.658366000000000007e-01 -9.927683471429641360e-01 3.589422185284471892e-03 -1.199921870765059406e-01 3.386813200000000190e+00
-1.193850328246021525e-01 2.818389997829159888e-02 9.924479239332826275e-01 2.655473199999999867e+00 1.101015240310900499e-02 9.995731268049403706e-01 -2.706179435024450020e-02 -1.687674000000000119e-01 -9.927869814222634037e-01 7.696229687858005541e-03 -1.196443795882730088e-01 3.379162500000000069e+00
-1.171154760355831437e-01 2.461429330372138374e-02 9.928132260592206215e-01 2.719594499999999915e+00 9.551662317417872194e-03 9.996744875555760856e-01 -2.365765578983510323e-02 -1.710921999999999998e-01 -9.930723694776391053e-01 6.712339059871424984e-03 -1.173124609085179904e-01 3.372117999999999949e+00
-1.154191389398877415e-01 2.135727508847028167e-02 9.930872515379352006e-01 2.751864700000000052e+00 9.892181431937022498e-03 9.997439633004058246e-01 -2.035073932107663713e-02 -1.723357000000000083e-01 -9.932676210935764693e-01 7.474934460728150862e-03 -1.156008574445505088e-01 3.368431999999999871e+00
