9.998083152692402997e-01 -1.809828319372427518e-04 -1.957804800530431669e-02 -6.693445000000000089e-01 2.565953871331200817e-04 9.999925185410825090e-01 3.859665875440166077e-03 3.512769999999999782e-02 1.957720299968200919e-02 -3.863949673233241493e-03 9.998008816837640200e-01 -9.274031999999999831e-01
9.997738522820158735e-01 -3.785182157970180556e-04 -2.126266721599795809e-02 -6.704147000000000300e-01 4.294355579860004331e-04 9.999970513371566616e-01 2.390167796158858358e-03 3.454059999999999769e-02 2.126169979751152753e-02 -2.398758210526330276e-03 9.997710668351870167e-01 -8.947116000000000513e-01
9.997314687100057329e-01 -2.445909900225802774e-03 -2.304361073475295549e-02 -6.712559000000000164e-01 2.460160557673732578e-03 9.999967996954904903e-01 5.900922026842378432e-04 3.420900000000000329e-02 2.304209367582101334e-02 -6.466247266998616846e-04 9.997342865959422120e-01 -8.617388000000000270e-01
9.995224486986654666e-01 -6.278178619696978338e-03 -3.025655335035401169e-02 -6.754191999999999974e-01 6.149910208309131848e-03 9.999717120425423156e-01 -4.330556446531783066e-03 2.983550000000000091e-02 3.028288546115402366e-02 4.142413297347647544e-03 9.995327844849415388e-01 -6.941446999999999479e-01
9.994513314242999824e-01 -3.331903334428584860e-03 -3.295352081893630769e-02 -6.782314000000000398e-01 2.937124277921921312e-03 9.999234310716886842e-01 -1.202103551271209089e-02 2.876549999999999940e-02 3.299105053147120825e-02 1.191765136223858768e-02 9.993845907211288404e-01 -6.228517000000000081e-01
9.994163025089560781e-01 -1.550254064318467044e-03 -3.412698333669292317e-02 -6.799442999999999460e-01 1.143304938790339455e-03 9.999280519791886590e-01 -1.194084247119993510e-02 2.831120000000000164e-02 3.414303930735794468e-02 1.189485508281368752e-02 9.993461688971519985e-01 -5.861279999999999824e-01
9.993779269189899672e-01 1.179141765585334364e-03 -3.524725254255635376e-02 -6.818444999999999645e-01 -1.359654963949857289e-03 9.999860817376694522e-01 -5.097810247748022112e-03 2.793549999999999853e-02 3.524075092107288587e-02 5.142563139105881496e-03 9.993656205407904780e-01 -5.482799000000000422e-01
9.993115962965245513e-01 3.422079842587597530e-03 -3.694080233079425485e-02 -6.851072000000000273e-01 -2.983904952357676992e-03 9.999246192955666412e-01 1.191016531587393325e-02 2.773449999999999874e-02 3.697877524374156705e-02 -1.179173847094255705e-02 9.992464786454370307e-01 -4.684624000000000010e-01
9.992271438282640528e-01 7.618750345925111127e-03 -3.856254244699425932e-02 -6.894573000000000507e-01 -7.476305945187235701e-03 9.999646916084733439e-01 3.836715494384489600e-03 2.691110000000000030e-02 3.859041184314732781e-02 -3.545444899777461332e-03 9.992488228335517642e-01 -3.885253000000000179e-01
9.991831601972469556e-01 6.783167809415372070e-03 -3.983718128472474307e-02 -6.912397999999999598e-01 -6.868835443081341800e-03 9.999743811949987071e-01 -2.013964581416398565e-03 2.699620000000000145e-02 3.982249964402764797e-02 2.285954537745936953e-03 9.992041547821709502e-01 -3.469374000000000069e-01
9.991380092908929145e-01 4.115306817606386239e-03 -4.130741628362134127e-02 -6.950737999999999639e-01 -3.764923589535038723e-03 9.999563044954649094e-01 8.556544287144335348e-03 2.704689999999999872e-02 4.134082414026583191e-02 -8.393649359477804717e-03 9.991098452671925978e-01 -2.593766000000000127e-01
9.990860410686823734e-01 1.097054598350667926e-03 -4.273030555607294778e-02 -7.008412000000000530e-01 -3.533590303086566018e-04 9.998484056007719278e-01 1.740807154713285010e-02 2.719809999999999936e-02 4.274292548601253683e-02 -1.737706214532924731e-02 9.989349728746583779e-01 -1.215471999999999941e-01
9.991374376836202886e-01 2.896327696598589331e-03 -4.142453264532790225e-02 -7.057016000000000400e-01 -2.427238789051375419e-03 9.999324163021302558e-01 1.136975549624328653e-02 2.808160000000000170e-02 4.145466355997652619e-02 -1.125940114115070965e-02 9.990769423598324650e-01 -2.467249999999999999e-02
9.991765073419638377e-01 -3.279067450645066061e-04 -4.057338601942098860e-02 -7.076917000000000346e-01 5.671050153980864914e-04 9.999825278527771921e-01 5.884078608517283489e-03 2.795699999999999921e-02 4.057074768618291333e-02 -5.902242483687159154e-03 9.991592355404856907e-01 2.496850000000000111e-02
9.991798442651743661e-01 -3.419572933483851478e-03 -4.034780458927778729e-02 -7.092716999999999494e-01 3.397828581720914367e-03 9.999940428430553752e-01 -6.074860745720692947e-04 2.766139999999999918e-02 4.034964157401155910e-02 4.698929177410438788e-04 9.991855111166768610e-01 7.566359999999999753e-02
9.992283369309808982e-01 8.909558253324269912e-04 -3.926750401876147323e-02 -7.188046999999999631e-01 -1.190227459166106911e-03 9.999704215952041064e-01 -7.598637595330843750e-03 2.501729999999999926e-02 3.925957249820213879e-02 7.639511268859712143e-03 9.991998417908358743e-01 2.891491999999999951e-01
9.992141846365195645e-01 7.178702058954322673e-03 -3.898050099632028448e-02 -7.244679000000000535e-01 -7.597380422984629025e-03 9.999149221091070405e-01 -1.060322376670480050e-02 2.286600000000000091e-02 3.890106723322397236e-02 1.089104128571407974e-02 9.991837129316255561e-01 4.000505999999999784e-01
9.992059354211186850e-01 8.880811607268520799e-03 -3.884108397564808857e-02 -7.271906000000000203e-01 -9.296916989411851615e-03 9.999011744477994679e-01 -1.054555225691235915e-02 2.156109999999999971e-02 3.874359242118788349e-02 1.089828074090077800e-02 9.991897525110999823e-01 4.569017000000000217e-01
9.991564262359114990e-01 9.996430978451794139e-03 -3.983098390919367210e-02 -7.316915000000000502e-01 -1.042456532535875925e-02 9.998899476440986644e-01 -1.055561642250077425e-02 1.883239999999999914e-02 3.972108192457405457e-02 1.096193267515767344e-02 9.991506751650456319e-01 5.715348000000000095e-01
9.991032171734233192e-01 1.136155595624397524e-02 -4.078819044733957011e-02 -7.370301000000000213e-01 -1.167870240090828834e-02 9.999033312202870727e-01 -7.545603011287407326e-03 1.613349999999999854e-02 4.069851771190598211e-02 8.015189381796768500e-03 9.991393233154360898e-01 6.886240000000000139e-01
9.990632461669561870e-01 1.183382045807651779e-02 -4.162440211834812775e-02 -7.424604999999999677e-01 -1.214479421139341882e-02 9.999001393108812863e-01 -7.226021010428292785e-03 1.330250000000000009e-02 4.153473404160473725e-02 7.724771805448744227e-03 9.991071983369186338e-01 8.072475999999999541e-01
9.990126282606991426e-01 1.322105043459835538e-02 -4.241429477258900488e-02 -7.481527000000000038e-01 -1.354813916848112906e-02 9.998805877093012162e-01 -7.433589117914645925e-03 1.110629999999999951e-02 4.231095012785380388e-02 8.000884170410059101e-03 9.990724545055629235e-01 9.274392999999999665e-01
9.989726048302438599e-01 1.294034615018982946e-02 -4.343135089069462274e-02 -7.539631999999999445e-01 -1.299738367928607134e-02 9.999149987660185257e-01 -1.031145114235582170e-03 8.673800000000000607e-03 4.341431579756614700e-02 1.594579651961959728e-03 9.990558815699763784e-01 1.049424399999999924e+00
9.989064620160745811e-01 1.328521106437747547e-02 -4.482614537860084292e-02 -7.602915999999999563e-01 -1.321633258681127222e-02 9.999109811024903260e-01 1.832600231898504940e-03 6.512999999999999692e-03 4.484650148543703474e-02 -1.238158968027231344e-03 9.989931222320235227e-01 1.172292099999999948e+00
9.988454864944266154e-01 1.321920904516541047e-02 -4.618383507172626329e-02 -7.663632999999999695e-01 -1.323995024116255033e-02 9.999123377608868379e-01 -1.432172119212452087e-04 4.935499999999999783e-03 4.617789327506979097e-02 7.545235440115651785e-04 9.989329471325378851e-01 1.296863600000000005e+00
9.987734712236547852e-01 1.293229963542043282e-02 -4.779444325432451179e-02 -7.734613000000000183e-01 -1.279818259110902454e-02 9.999132600703463103e-01 3.111086282404472523e-03 3.002799999999999914e-03 4.783053106767450047e-02 -2.495588433944166597e-03 9.988523476150779068e-01 1.421259199999999945e+00
9.986681902410313727e-01 1.430350021483397203e-02 -4.957071395801688346e-02 -7.797878000000000309e-01 -1.404175916262538105e-02 9.998855910138415570e-01 5.624400636482605222e-03 1.035899999999999972e-03 4.964549123860203389e-02 -4.920849977908723326e-03 9.987547799310764196e-01 1.545942300000000103e+00
9.986419395943225696e-01 1.549618160520669502e-02 -4.974077642083982176e-02 -7.836366000000000165e-01 -1.543370361997493598e-02 9.998795484582272408e-01 1.639929127260129991e-03 3.107000000000000170e-04 4.976019770720664648e-02 -8.700176033376010726e-04 9.987608151071555307e-01 1.608320399999999983e+00
9.986323834930574961e-01 1.653849505430593156e-02 -4.959678235847216066e-02 -7.877317999999999820e-01 -1.667691235453359552e-02 9.998581020535520780e-01 -2.378308682199565920e-03 -6.578999999999999996e-04 4.955041103052690299e-02 3.202177260446303041e-03 9.987664906410799182e-01 1.670342699999999958e+00
9.986108248471863291e-01 1.781655131433547076e-02 -4.958821429821620025e-02 -7.943812000000000095e-01 -1.782346614041663627e-02 9.998411035667856828e-01 3.027756489030514913e-04 -2.951399999999999857e-03 4.958572932572016118e-02 5.814788180132624516e-04 9.987697018480389266e-01 1.795183799999999996e+00
9.985978147542130534e-01 1.895066007390133755e-02 -4.942951396558498828e-02 -7.982483000000000217e-01 -1.887886306281293808e-02 9.998199367293861828e-01 1.919022642325663190e-03 -3.692899999999999829e-03 4.945698027140433412e-02 -9.831587916725840776e-04 9.987757708821456415e-01 1.857896100000000050e+00
9.986050242215716022e-01 1.740248509178553976e-02 -4.985137021250712897e-02 -8.015139000000000014e-01 -1.726218541157233805e-02 9.998457362687263039e-01 3.243550533758867826e-03 -4.699799999999999638e-03 4.990012579393723890e-02 -2.378482263698933254e-03 9.987513806087431334e-01 1.920634500000000022e+00
9.986520759858931173e-01 1.621754512249715813e-02 -4.930539888557573108e-02 -8.116666000000000158e-01 -1.630507596843946971e-02 9.998661199498912744e-01 -1.373562526153134563e-03 -7.707000000000000309e-03 4.927652206405584018e-02 2.175639342722778587e-03 9.987828047011627630e-01 2.106677799999999934e+00
9.986690543582540380e-01 1.494678594502326860e-02 -4.936307787308670536e-02 -8.150933000000000206e-01 -1.515792373875156016e-02 9.998774841389467261e-01 -3.905644620377901610e-03 -8.946300000000000779e-03 4.929865327897872684e-02 4.648688189602503615e-03 9.987732638006461272e-01 2.168648999999999827e+00
9.987080667757401997e-01 1.184723576546980670e-02 -4.941498114722878143e-02 -8.213664000000000520e-01 -1.230390078594158221e-02 9.998842714885005645e-01 -8.947494362116892308e-03 -1.175799999999999935e-02 4.930325934979663816e-02 9.543931822251272568e-03 9.987382549911958396e-01 2.292652100000000193e+00
9.987767652954138153e-01 9.463929555671228913e-03 -4.853253695609850704e-02 -8.280153000000000096e-01 -9.502667353502887784e-03 9.999546875968943205e-01 -5.675087365537949402e-04 -1.478600000000000053e-02 4.852496696751523730e-02 1.028003094687476165e-03 9.988214408944366962e-01 2.417026799999999920e+00
9.987877464312410192e-01 8.114164818556654848e-03 -4.855098256575555993e-02 -8.310870999999999675e-01 -7.866938772160545976e-03 9.999551100634416212e-01 5.281016224680623421e-03 -1.566870000000000068e-02 4.859165415128487153e-02 -4.892666686742547753e-03 9.988067445504832387e-01 2.479945700000000031e+00
9.988192724078356344e-01 3.111252233442279944e-03 -4.848072994728670759e-02 -8.370796999999999821e-01 -2.974144436434877133e-03 9.999913722854474329e-01 2.899968885849684135e-03 -1.728410000000000016e-02 4.848933420406043027e-02 -2.752356119322718880e-03 9.988199081937841894e-01 2.604048000000000140e+00
9.988207633126786611e-01 1.664015643085890337e-03 -4.852127190642642474e-02 -8.403059999999999974e-01 -1.686196230428634773e-03 9.999984917577557919e-01 -4.162024578299114712e-04 -1.808999999999999844e-02 4.852050615719387394e-02 4.975280424065042090e-04 9.988220627059138934e-01 2.665900000000000158e+00
9.988328403225907870e-01 6.844065432870059112e-03 -4.781334396856695007e-02 -8.507555999999999452e-01 -7.301243743512172632e-03 9.999292232470470276e-01 -9.393632756022169197e-03 -2.204760000000000053e-02 4.774566925809847068e-02 9.731765765151842787e-03 9.988121163673319147e-01 2.851725300000000018e+00
9.988212080586831298e-01 1.021347199959850988e-02 -4.745397055996757735e-02 -8.639936000000000282e-01 -1.033165442567993836e-02 9.999441049781311319e-01 -2.245848684254201852e-03 -2.738109999999999850e-02 4.742838020659339432e-02 2.733479320875760454e-03 9.988709009886017620e-01 3.102674500000000002e+00
9.988237401639540325e-01 9.471805960789008924e-03 -4.755440018264384117e-02 -8.674773999999999541e-01 -9.521804612232726353e-03 9.999543262843002545e-01 -8.249740830209260911e-04 -2.862100000000000061e-02 4.754441420205257618e-02 1.276807406132348700e-03 9.988683088580952996e-01 3.165135900000000113e+00
9.987777223978405727e-01 6.066754525964027263e-03 -4.905360059469397738e-02 -8.774452999999999836e-01 -5.985557340649357537e-03 9.999804627557946635e-01 1.802001672705762095e-03 -3.222130000000000133e-02 4.906357452432369426e-02 -1.506185987297307656e-03 9.987945219406580977e-01 3.352373099999999884e+00
9.987349674651648801e-01 6.010646798761455981e-03 -4.992331006069834071e-02 -8.806893000000000082e-01 -6.121506707804215061e-03 9.999791250450038582e-01 -2.068001415592678627e-03 -3.328790000000000221e-02 4.990983788775909397e-02 2.370991203932223349e-03 9.987509131323628608e-01 3.413743699999999937e+00
9.986412516621097080e-01 8.713945569410186387e-03 -5.137818244496523967e-02 -8.876123999999999681e-01 -8.857664932587744344e-03 9.999574668947398548e-01 -2.570247730705580141e-03 -3.570120000000000238e-02 5.135360017249795961e-02 3.021846135816381920e-03 9.986759615587302852e-01 3.537177600000000144e+00
9.985093063842420680e-01 1.309851523547034789e-02 -5.298673383674532694e-02 -8.987138999999999545e-01 -1.278332063055176958e-02 9.998985494406446017e-01 6.283115481303573960e-03 -3.871999999999999748e-02 5.306365778681724349e-02 -5.596402873367703132e-03 9.985754495766269168e-01 3.720805400000000152e+00
9.984280077331335601e-01 1.231254495018278827e-02 -5.468011165767069220e-02 -9.057477999999999918e-01 -1.213260873728197464e-02 9.999198392193922036e-01 3.621455604150778437e-03 -4.056049999999999933e-02 5.472031779214769215e-02 -2.952350303492844424e-03 9.984973562550938375e-01 3.841815500000000050e+00
9.983526311751204085e-01 1.028476263078586736e-02 -5.644685538931644431e-02 -9.124877000000000127e-01 -1.007201225285202922e-02 9.999410651974959263e-01 4.052246398686670283e-03 -4.303930000000000256e-02 5.648520509737404993e-02 -3.477037435182581473e-03 9.983973817152076435e-01 3.960886499999999977e+00
9.982702924880060280e-01 8.209444687150480383e-03 -5.821536011946867872e-02 -9.186588999999999450e-01 -7.719122176956309984e-03 9.999328593800479448e-01 8.642446693989216597e-03 -4.537030000000000229e-02 5.828240119219547932e-02 -8.178126311682928570e-03 9.982666377082337616e-01 4.076642500000000169e+00
9.980941356260805142e-01 5.683498545182075201e-03 -6.144749200019632152e-02 -9.261260999999999521e-01 -5.083639654229466648e-03 9.999379319666809041e-01 9.914071921445241284e-03 -4.719009999999999871e-02 6.150002468855783611e-02 -9.582800137984537683e-03 9.980610787445938215e-01 4.188163799999999881e+00
9.978782732503798103e-01 4.974029951358973842e-03 -6.491695310843913214e-02 -9.297760000000000469e-01 -4.393704051798515142e-03 9.999491302968017692e-01 9.079217112442227941e-03 -4.813100000000000017e-02 6.495881110015415405e-02 -8.774727614726187883e-03 9.978493658943426992e-01 4.241534699999999880e+00
9.971997750187591159e-01 5.478487632303450684e-03 -7.458280549697021700e-02 -9.416337999999999653e-01 -4.771813918745753703e-03 9.999420527007015780e-01 9.649923970284366229e-03 -5.031290000000000068e-02 7.463135061394143843e-02 -9.267006742746152284e-03 9.971681323084732318e-01 4.394666199999999634e+00
9.959613685360225732e-01 1.297989719982016454e-02 -8.883960069999775888e-02 -9.626419000000000503e-01 -1.189568520677765709e-02 9.998483004736437030e-01 1.272276359237207999e-02 -5.396929999999999783e-02 8.899126393817650971e-02 -1.161457311519618202e-02 9.959646864392519561e-01 4.620312199999999869e+00
9.952127732738897947e-01 1.832727428473933037e-02 -9.599816107501889240e-02 -9.747122999999999760e-01 -1.816216311199986624e-02 9.998316905849552461e-01 2.593517519407575155e-03 -5.564279999999999921e-02 9.602953578762345177e-02 -8.375675031275021162e-04 9.953781325391327650e-01 4.734663499999999914e+00
9.951428129776348497e-01 2.284270530617554112e-02 -9.575485676066314289e-02 -9.826137999999999817e-01 -2.274663073298867355e-02 9.997390670065144924e-01 2.094920342392842492e-03 -5.704680000000000167e-02 9.577772480726901017e-02 9.335544513214516331e-05 9.954027419670411492e-01 4.803310399999999980e+00
9.970653623509073693e-01 3.019617879385695994e-02 -7.034809156120142015e-02 -9.930337999999999665e-01 -2.961578367196283576e-02 9.995182866195101434e-01 9.279012377083388496e-03 -5.932199999999999973e-02 7.059439466097328086e-02 -7.168367976603227248e-03 9.974793461235188508e-01 4.925105099999999680e+00
9.995507902194983307e-01 2.736032625299613524e-02 -1.223234723615687983e-02 -9.954847999999999475e-01 -2.728004567791488671e-02 9.996054946082910675e-01 6.682384059942402151e-03 -6.142299999999999843e-02 1.241035371724680605e-02 -6.345683276315132633e-03 9.999028529934143039e-01 5.027567399999999687e+00
9.957309579320334780e-01 1.953225242681376483e-02 9.021280691171380817e-02 -9.867409999999999792e-01 -1.895960876404242240e-02 9.997943227939458666e-01 -7.200371136947651685e-03 -6.347350000000000214e-02 -9.033489166025150674e-02 5.459232925106855330e-03 9.958964826349172572e-01 5.120131500000000280e+00
9.093444341963315969e-01 1.179506481729268585e-02 4.158768765417348301e-01 -9.309912000000000187e-01 -7.460834817520588941e-03 9.998996168466998125e-01 -1.204542127318704303e-02 -6.946979999999999822e-02 -4.159772060341518363e-01 7.850648112018441399e-03 9.093411523648547989e-01 5.278907300000000191e+00
8.632123849656520020e-01 1.120154465561019885e-02 5.047166569861147867e-01 -9.080884000000000178e-01 -4.017303204292103046e-03 9.998745687005294869e-01 -1.532018736487539452e-02 -7.091519999999999768e-02 -5.048249594828646547e-01 1.119697562998481742e-02 8.631491111157245655e-01 5.312266300000000108e+00
6.592620302450559189e-01 2.663210430090644926e-02 7.514414857443476592e-01 -8.178269000000000233e-01 -4.818832247523864576e-03 9.995016704266920238e-01 -3.119598804370016243e-02 -7.537409999999999943e-02 -7.518978350367404584e-01 1.694525994955815157e-02 6.590618361218503196e-01 5.397688900000000345e+00
6.157348344437787446e-01 2.477665532183287445e-02 7.875637948785835230e-01 -7.992593999999999532e-01 -3.808504389348625271e-03 9.995874115054271813e-01 -2.846931776836663514e-02 -7.622569999999999346e-02 -7.879442295916690986e-01 1.453011049314541746e-02 6.155751513359261073e-01 5.409748099999999837e+00
5.702081720975934465e-01 2.345961346310785484e-02 8.211652008026658622e-01 -7.794548999999999506e-01 -3.076933512207126117e-03 9.996461428306213648e-01 -2.642199091708171896e-02 -7.683719999999999439e-02 -8.214944753029581603e-01 1.253936441860036347e-02 5.700785835187065498e-01 5.421111599999999697e+00
3.715903530745928163e-01 2.227510902808839399e-02 9.281295324574507788e-01 -6.922924999999999773e-01 -5.000241753149255522e-03 9.997456429573102765e-01 -2.199197513376734137e-02 -8.046240000000000336e-02 -9.283833298181896065e-01 3.531133764239628714e-03 3.716072173815109236e-01 5.455883499999999664e+00
3.212985511001028582e-01 2.724677412176808311e-02 9.465858938104519948e-01 -6.688998000000000443e-01 -5.308366468063929755e-03 9.996221064384859245e-01 -2.697156956732606886e-02 -8.131969999999999477e-02 -9.469630733594714966e-01 3.641101405031774499e-03 3.213217703084292332e-01 5.462104300000000023e+00
2.750403910665334961e-01 2.961517434166515209e-02 9.609764433796914584e-01 -6.440664999999999862e-01 -4.244082554788409373e-03 9.995531299034143835e-01 -2.958932685202588994e-02 -8.204880000000000506e-02 -9.614233048169971152e-01 4.059796669866323066e-03 2.750431729851930962e-01 5.467269899999999794e+00
1.992786952075127627e-01 2.863341197002934602e-02 9.795244404073568667e-01 -5.918953999999999604e-01 1.122033181762272479e-02 9.994408236675044188e-01 -3.149831964919349442e-02 -8.424360000000000182e-02 -9.798786178860592333e-01 1.726753328576220367e-02 1.988459868942077380e-01 5.474657999999999802e+00
1.407774942730356804e-01 2.858775040637302062e-02 9.896284341271264218e-01 -5.348465000000000025e-01 1.368662063954424052e-02 9.994313053089716181e-01 -3.081789064608804127e-02 -8.607249999999999623e-02 -9.899466518563888595e-01 1.788313437594087410e-02 1.403061651646763108e-01 5.481396199999999830e+00
1.156644330405071364e-01 2.528894239703982638e-02 9.929663681725869884e-01 -5.048686000000000007e-01 7.369490428503641666e-03 9.996264836062404013e-01 -2.631698850261768655e-02 -8.713609999999999411e-02 -9.932610077619289379e-01 1.036159570056272364e-02 1.154348638596496279e-01 5.484818500000000263e+00
9.151824569036182133e-02 2.135558117109076504e-02 9.955743818814359880e-01 -4.734730999999999801e-01 2.719332561194895762e-03 9.997609297236429438e-01 -2.169535960841944069e-02 -8.832280000000000686e-02 -9.957996866519791546e-01 4.692819084725751572e-03 9.143829347083110015e-02 5.487271800000000255e+00
6.884068739466643605e-02 1.877766888826472996e-02 9.974509305776161350e-01 -4.409947000000000172e-01 6.968252437663607912e-03 9.997894040346682054e-01 -1.930261738645864394e-02 -8.955630000000000535e-02 -9.976033295939797929e-01 8.279295327847359387e-03 6.869534228664619935e-02 5.488726599999999678e+00
4.860535213671830085e-02 1.924051989583437997e-02 9.986327263502852158e-01 -4.073598999999999970e-01 1.475704036754365255e-02 9.996914836313279817e-01 -1.997917201951037239e-02 -9.094670000000000532e-02 -9.987090414646582204e-01 1.570795814650970471e-02 4.830642346118374508e-02 5.489250700000000371e+00
-3.294509375516157276e-04 3.157485008048913772e-02 9.995013358192547104e-01 -2.608393999999999990e-01 1.969340126643442934e-02 9.993077577635163244e-01 -3.156224358648251904e-02 -9.520969999999999434e-02 -9.998060118886259451e-01 1.967318266188501641e-02 -9.510390702603954693e-04 5.489761399999999902e+00
-2.724822579570043007e-03 2.821930119383712909e-02 9.995980424060669778e-01 -2.205689000000000122e-01 2.569505227414244780e-02 9.992736857139646878e-01 -2.814010178122330549e-02 -9.672279999999999767e-02 -9.996661140753640984e-01 2.560804716802947759e-02 -3.447939921318976531e-03 5.488892100000000163e+00
-2.229254930598249026e-03 2.647705104539406148e-02 9.996469357680211054e-01 -1.792655999999999972e-01 2.731698321067639948e-02 9.992779826148600053e-01 -2.640636077620739028e-02 -9.827329999999999399e-02 -9.996243358635894527e-01 2.724847205101962530e-02 -2.950918528657697770e-03 5.488924500000000428e+00
1.086034919855133514e-03 2.652182785199660303e-02 9.996476445105754172e-01 -9.432310000000000694e-02 2.258682001276101498e-02 9.993925581349636378e-01 -2.653959883201994011e-02 -1.013379999999999975e-01 -9.997442953524985354e-01 2.260768435383139416e-02 4.863314646754712811e-04 5.489834300000000056e+00
3.431333425043793083e-03 2.871175252464534117e-02 9.995818431813823235e-01 -5.210300000000000174e-03 2.125859885928710336e-02 9.993597343437446989e-01 -2.877834857909528435e-02 -1.044450999999999991e-01 -9.997681220790479717e-01 2.134845754061684767e-02 2.818764830628039952e-03 5.490753200000000334e+00
4.115946057001089280e-03 2.820188106930707206e-02 9.995937739362965591e-01 4.141199999999999742e-02 2.084441837317262125e-02 9.993826357508605041e-01 -2.828175352319828653e-02 -1.061669999999999975e-01 -9.997742591258986788e-01 2.095235699904558421e-02 3.525553211135012965e-03 5.491310600000000264e+00
4.435730541082459795e-03 2.687832213076877044e-02 9.996288711786998071e-01 8.826660000000000061e-02 1.985445305044159989e-02 9.994392865913882540e-01 -2.696132622414365576e-02 -1.080187999999999982e-01 -9.997930410783197885e-01 1.996667766884395456e-02 3.899588982671065018e-03 5.491361600000000287e+00
3.353801373315247209e-03 2.145206317626638381e-02 9.997642527125230050e-01 2.331928000000000056e-01 1.901773866887250530e-02 9.995876931999331250e-01 -2.151207147530666622e-02 -1.137255999999999961e-01 -9.998135214290064798e-01 1.908540250342411274e-02 2.944448846808556119e-03 5.491656299999999824e+00
2.102481913287998407e-03 2.071755392239835875e-02 9.997831577543586645e-01 2.824459999999999749e-01 1.797019549022646490e-02 9.996231416873222475e-01 -2.075202826739191639e-02 -1.151540999999999954e-01 -9.998363124251125056e-01 1.800992955677798227e-02 1.729391081436881805e-03 5.492071199999999820e+00
7.298761798267227024e-04 1.809477579586529772e-02 9.998360097384267897e-01 3.321736000000000133e-01 2.059243796927846815e-02 9.996239919626190851e-01 -1.810597114763432339e-02 -1.168199000000000043e-01 -9.997876868511851312e-01 2.060227612704274361e-02 3.569861923724548802e-04 5.492175099999999865e+00
-4.074258365410907134e-03 2.496112298766690191e-02 9.996801202174454559e-01 5.362200000000000299e-01 1.735632386432809510e-02 9.995395946906904250e-01 -2.488687741535610884e-02 -1.238858999999999932e-01 -9.998410665904298167e-01 1.724937635872595895e-02 -4.505615889819236664e-03 5.492750199999999694e+00
-6.223733899458495054e-03 2.468850565272422831e-02 9.996758188657882682e-01 6.408004999999999951e-01 1.424777071219417851e-02 9.995958922760619370e-01 -2.459782865531691051e-02 -1.275489999999999957e-01 -9.998791257777520647e-01 1.409006151366954188e-02 -6.572975008284687171e-03 5.492215599999999753e+00
-8.175870749632834986e-03 1.496833092523056422e-02 9.998545415243148549e-01 7.455127999999999755e-01 9.667720053426372140e-03 9.998424125904151749e-01 -1.488909582031615331e-02 -1.317184000000000133e-01 -9.999198419505704871e-01 9.544582478598247210e-03 -8.319291968392428238e-03 5.492983800000000194e+00
-8.767551770908224573e-03 8.575402211630856267e-03 9.999247934284122286e-01 8.507451000000000318e-01 3.466706492306461176e-03 9.999574791150944719e-01 -8.545285710936111750e-03 -1.347051999999999972e-01 -9.999555550033413232e-01 3.391524538328638538e-03 -8.796907369369666441e-03 5.492981900000000195e+00
-7.191055181329145292e-03 2.636086549993078842e-02 9.996266270440546942e-01 9.531756999999999591e-01 8.519335318798492221e-03 9.996178095995693624e-01 -2.629934708476441146e-02 -1.383898000000000073e-01 -9.999378528944210531e-01 8.327034373268355980e-03 -7.412883881557585930e-03 5.492475500000000288e+00
-5.860521057333894189e-03 2.583136641015468249e-02 9.996491358483341472e-01 1.056376299999999935e+00 1.195402561096969678e-02 9.995966823172774962e-01 -2.575992958033877095e-02 -1.423996999999999902e-01 -9.999113738550178265e-01 1.179886476217369834e-02 -6.166946221194846700e-03 5.492246599999999646e+00
-4.470907934254841551e-03 1.515515512149528433e-02 9.998751583350229399e-01 1.159423700000000057e+00 1.671783409806601103e-02 9.997465450270152099e-01 -1.507845249406542833e-02 -1.463521000000000127e-01 -9.998502512903186812e-01 1.664833264293039822e-02 -4.723136129456739774e-03 5.491670100000000332e+00
-6.402064051882052319e-03 1.668511892733445454e-02 9.998402974386743081e-01 1.260530200000000045e+00 1.186027819976785171e-02 9.997917263010536182e-01 -1.660836599377869122e-02 -1.499944000000000000e-01 -9.999091695633658405e-01 1.175205626007204407e-02 -6.598620822595435698e-03 5.492577100000000101e+00
-1.066266152527457593e-02 1.683229316010699875e-02 9.998014710712171960e-01 1.360959299999999983e+00 1.013385436449262475e-02 9.998087824259025425e-01 -1.672434093629809881e-02 -1.536474999999999924e-01 -9.998918004688891470e-01 9.953516514604160426e-03 -1.083119864450921011e-02 5.492074500000000192e+00
-1.358242338919164564e-02 1.704951215915101459e-02 9.997623877252092006e-01 1.410651000000000099e+00 8.224139669409690975e-03 9.998227043962805149e-01 -1.693881047788776267e-02 -1.553271999999999986e-01 -9.998739327043056901e-01 7.992115417254693627e-03 -1.372023285452905750e-02 5.492235199999999651e+00
-1.576612538800559876e-02 1.764194232160144066e-02 9.997200563964748765e-01 1.460211600000000054e+00 6.622023750283378279e-03 9.998242445911490472e-01 -1.753934802633643625e-02 -1.569110999999999978e-01 -9.998537783554654057e-01 6.343642396885004926e-03 -1.588017976724676039e-02 5.491973899999999631e+00
-2.034845663428376875e-02 1.528114685482686620e-02 9.996761609958517703e-01 1.558515099999999931e+00 4.900561853816961036e-03 9.998727011423830247e-01 -1.518440001290191979e-02 -1.606904000000000110e-01 -9.997809384090696749e-01 4.589995755566304327e-03 -2.042075250435926304e-02 5.491078899999999763e+00
-2.405767655147381459e-02 1.665642770643232379e-02 9.995718041316518088e-01 1.655002400000000096e+00 5.171284797898766973e-03 9.998498880836801384e-01 -1.653659918457423342e-02 -1.639638999999999958e-01 -9.996971971614624364e-01 4.771238320670403987e-03 -2.414020033893005124e-02 5.489221099999999964e+00
-2.516447883490983625e-02 1.703550330493135145e-02 9.995381636696595296e-01 1.703160999999999925e+00 5.580939457450318116e-03 9.998416061626259621e-01 -1.690016866521384248e-02 -1.655293999999999932e-01 -9.996677458634642965e-01 5.153078040169256982e-03 -2.525556704911369188e-02 5.488195900000000016e+00
-2.766225680941608589e-02 1.491133876511527637e-02 9.995061037954904304e-01 1.798126099999999949e+00 7.609278783824475513e-03 9.998629058234442812e-01 -1.470606795469941649e-02 -1.692008999999999874e-01 -9.995883644904035581e-01 7.198717561494468418e-03 -2.777192900880098847e-02 5.485738300000000400e+00
-2.897366808339292901e-02 1.459436012798292354e-02 9.994736270708940440e-01 1.845150800000000091e+00 6.317252946173700784e-03 9.998761119985757340e-01 -1.441710684657339717e-02 -1.707725999999999966e-01 -9.995602127300825535e-01 5.896211246741090393e-03 -2.906227485807622024e-02 5.484668700000000285e+00
-3.032007421743171047e-02 1.351089393974663766e-02 9.994489225790372799e-01 1.891637199999999908e+00 4.823050006791011930e-03 9.998989766894957887e-01 -1.337066206031744912e-02 -1.725019000000000136e-01 -9.995286045371996053e-01 4.414992666827073989e-03 -3.038217490026740020e-02 5.483740300000000012e+00
-3.140512227627829250e-02 1.250539518090978616e-02 9.994285033889024339e-01 1.936752299999999982e+00 3.787542175719429971e-03 9.999160369665704984e-01 -1.239247922472115800e-02 -1.738829000000000069e-01 -9.994995611900384658e-01 3.396190282843011485e-03 -3.144985011861844981e-02 5.482767599999999852e+00
-3.227646048585974120e-02 1.227731069359909791e-02 9.994035710065465317e-01 1.981191499999999994e+00 3.819346367151602896e-03 9.999187666569954169e-01 -1.216029113470874085e-02 -1.754795000000000105e-01 -9.994716817858484426e-01 3.424577241936213080e-03 -3.232072986307010787e-02 5.481736200000000281e+00
-3.246698906156666314e-02 1.469671197014863623e-02 9.993647488672705581e-01 2.024391200000000168e+00 4.310644261993395489e-03 9.998846428843032319e-01 -1.456431495731715271e-02 -1.771542999999999868e-01 -9.994635125742823423e-01 3.835046465934742119e-03 -3.252659606047747509e-02 5.480373400000000395e+00
-3.307455628813100318e-02 1.930125860972812732e-02 9.992664985590301585e-01 2.110585500000000003e+00 2.160790283243545912e-03 9.998125536169873984e-01 -1.924028625645794743e-02 -1.802045999999999926e-01 -9.994505514089707665e-01 1.522841409668186999e-03 -3.311006255424331357e-02 5.478490400000000093e+00
-3.341879265173632041e-02 2.014970479996273239e-02 9.992382967511675984e-01 2.153213000000000044e+00 2.729914177919809046e-03 9.997948577604124365e-01 -2.006962790930547774e-02 -1.818263999999999991e-01 -9.994377078469079967e-01 2.057132059722870457e-03 -3.346694401058170065e-02 5.477438900000000110e+00
-3.353652090843403655e-02 1.991628130158563242e-02 9.992390322162532090e-01 2.195858199999999982e+00 4.226807001356846019e-03 9.997953129309823384e-01 -1.978550842946322913e-02 -1.834860000000000102e-01 -9.994285546590768732e-01 3.560053420272006955e-03 -3.361383869351075582e-02 5.476248299999999958e+00
-3.442029968029280268e-02 1.939782743072775151e-02 9.992191787895620125e-01 2.322420399999999940e+00 -2.137233343068976540e-03 9.998079063975313652e-01 -1.948287808878376715e-02 -1.884888000000000119e-01 -9.994051606848727287e-01 -2.806171048393596087e-03 -3.437223007736112113e-02 5.473211300000000001e+00
-3.419527189168006243e-02 1.824359074775117745e-02 9.992486451213643539e-01 2.363976200000000194e+00 1.955545745376454508e-04 9.998334799963708441e-01 -1.824757618850018220e-02 -1.900266999999999928e-01 -9.994151515454737789e-01 -4.285731854758861870e-04 -3.419314531250727818e-02 5.471861800000000109e+00
-3.909761912717461818e-02 1.683166409274334738e-02 9.990936248732924518e-01 2.446701000000000015e+00 -3.048394833653804252e-03 9.998514586399090964e-01 -1.696372437244936943e-02 -1.932634000000000019e-01 -9.992307458577944779e-01 -3.708873078892594398e-03 -3.904050195579100713e-02 5.469376099999999852e+00
-5.050207539646837246e-02 2.021257266137198652e-02 9.985194000554310501e-01 2.528324399999999805e+00 -3.542365630481453947e-03 9.997852684908906662e-01 -2.041735914210790481e-02 -1.963570000000000038e-01 -9.987176738329953674e-01 -4.568239814916828442e-03 -5.041963068690602512e-02 5.466230399999999712e+00
-5.690883734217948992e-02 2.349907782373044512e-02 9.981027890822647963e-01 2.569147099999999906e+00 -6.777600799290142697e-04 9.997218215186981505e-01 -2.357583976469149883e-02 -1.974718000000000029e-01 -9.983791488576049256e-01 -2.018147856479881458e-03 -5.687707979137091030e-02 5.463328399999999974e+00
-7.083426861010484743e-02 2.395301431598441388e-02 9.972004610386264734e-01 2.651779900000000190e+00 -5.836720338318506993e-03 9.996845705035857232e-01 -2.442728377764367270e-02 -2.008787999999999963e-01 -9.974710216774034244e-01 -7.550668992845619917e-03 -7.067211834660613867e-02 5.458645299999999700e+00
-8.072705099560502362e-02 2.360592782684029639e-02 9.964566741253665372e-01 2.735096500000000042e+00 -8.241479078179257678e-03 9.996695300700547682e-01 -2.434971605829780103e-02 -2.038899999999999879e-01 -9.967021727979511470e-01 -1.017795760208300634e-02 -8.050582537241190995e-02 5.452326799999999807e+00
-8.750363299530349026e-02 1.956985427078677953e-02 9.959719549346977008e-01 2.820459099999999886e+00 -1.019713187284821895e-02 9.997370344393315955e-01 -2.053972911258728634e-02 -2.070954000000000128e-01 -9.961120081166530138e-01 -1.195335828421834057e-02 -8.728106616866071477e-02 5.445730199999999854e+00
-9.098582113613082334e-02 1.351297493166573119e-02 9.957605032640529652e-01 2.908068399999999887e+00 -8.062316559141174260e-03 9.998651688171374952e-01 -1.430535696783628678e-02 -2.104675000000000018e-01 -9.958195516276450165e-01 -9.329721044768578622e-03 -9.086460752868852353e-02 5.438041700000000311e+00
-9.215875941526731341e-02 1.344473633400954452e-02 9.956535552730919614e-01 2.952419799999999928e+00 -9.156907019681879978e-03 9.998551174859768853e-01 -1.434904494857683864e-02 -2.114761000000000002e-01 -9.957022216088863287e-01 -1.043949721070614421e-02 -9.202229502199932298e-02 5.434270399999999945e+00
-9.305739318367363400e-02 1.729744712649565475e-02 9.955104820627282969e-01 2.997322099999999878e+00 -7.219219817673562349e-03 9.998110764215374369e-01 -1.804700335320709448e-02 -2.127977000000000063e-01 -9.956345737463538903e-01 -8.866216087635473211e-03 -9.291493837486020091e-02 5.430521500000000223e+00
-9.384155937612198572e-02 2.534090072460626689e-02 9.952645881796073901e-01 3.087266399999999855e+00 5.448792938300278665e-03 9.996741149498370449e-01 -2.493941769118329654e-02 -2.164751000000000036e-01 -9.955722336372050396e-01 3.082636813740297077e-03 -9.394905513575579903e-02 5.421286099999999664e+00
-9.462287854301659751e-02 2.676441989269319130e-02 9.951533433014435603e-01 3.132992300000000174e+00 6.399598396432965713e-03 9.996342301658148743e-01 -2.627643471178728318e-02 -2.179747999999999963e-01 -9.954926197599848203e-01 3.882229849719864845e-03 -9.475954988704859971e-02 5.417048000000000307e+00
-9.528144328511556349e-02 2.458816526631325133e-02 9.951466568774383070e-01 3.179197499999999899e+00 4.369691490417663277e-03 9.996955944405424566e-01 -2.428217973018594739e-02 -2.196458000000000022e-01 -9.954407829508413741e-01 2.034842747474235533e-03 -9.535988178059562337e-02 5.413093100000000213e+00
-9.514944749256304402e-02 1.734484622310610707e-02 9.953118802422469269e-01 3.270607000000000042e+00 6.708990035430858513e-03 9.998366580191768715e-01 -1.678233397796590962e-02 -2.233410999999999869e-01 -9.954403910303040171e-01 5.080707681052065716e-03 -9.525027199381230769e-02 5.404260200000000403e+00
-9.791132346221111116e-02 1.802039710149664492e-02 9.950319783937512375e-01 3.360678000000000054e+00 5.988379610042315546e-03 9.998286146602460844e-01 -1.751800834053777664e-02 -2.269153999999999893e-01 -9.951771259667919756e-01 4.243417829709098497e-03 -9.800245587534128777e-02 5.395954099999999976e+00
-1.000471555398241008e-01 1.892863204901188215e-02 9.948026304534702824e-01 3.405650899999999925e+00 5.156449502007713626e-03 9.998154630088459394e-01 -1.850543047162493335e-02 -2.283470999999999973e-01 -9.949693350535602221e-01 3.278233847671702984e-03 -1.001262976740701083e-01 5.391554799999999759e+00
-1.024788686358719531e-01 1.891309245717717746e-02 9.945553661897450493e-01 3.450939400000000212e+00 6.081579426768073289e-03 9.998124594004423882e-01 -1.838641942616108665e-02 -2.300134000000000067e-01 -9.947165907306398935e-01 4.164247992743733834e-03 -1.025746711613900741e-01 5.387125000000000163e+00
-1.043650653418470298e-01 1.923903085582746864e-02 9.943529518374853993e-01 3.496371299999999849e+00 6.619678261965859095e-03 9.998041648032044426e-01 -1.864971586579293461e-02 -2.315431000000000017e-01 -9.945170249904724535e-01 4.635917805059825911e-03 -1.044719831830748236e-01 5.382399600000000284e+00
-1.065375123577975147e-01 1.886428616999978256e-02 9.941297184814006371e-01 3.541888199999999820e+00 6.499200734210101686e-03 9.998118635109460861e-01 -1.827561141482408544e-02 -2.331997000000000098e-01 -9.942874427701624551e-01 4.514010419301275716e-03 -1.066400715467964444e-01 5.377750899999999668e+00
-1.083021117738033195e-01 1.931053692499956967e-02 9.939304582057050252e-01 3.587488200000000127e+00 4.184548379078952864e-03 9.998113187200294849e-01 -1.896883006879316463e-02 -2.347026000000000112e-01 -9.941092204281166689e-01 2.104785733473165527e-03 -1.083624830687189844e-01 5.373221400000000259e+00
-1.102642560509890651e-01 2.100279852987677054e-02 9.936803692794958787e-01 3.679389700000000207e+00 3.147882573200882009e-03 9.997790670106524447e-01 -2.078239645985643924e-02 -2.382784000000000013e-01 -9.938973209908693596e-01 8.364336331839611338e-04 -1.103060093827621380e-01 5.363497699999999924e+00
-1.136474903059858099e-01 1.728780024465104148e-02 9.933707162534294310e-01 3.819580999999999893e+00 1.208554273932392967e-03 9.998502650015926863e-01 -1.726229917512806314e-02 -2.430732999999999921e-01 -9.935204010707164857e-01 -7.612745534370350675e-04 -1.136513665440784804e-01 5.348445400000000127e+00
-1.158591975392857382e-01 1.526591961007672804e-02 9.931483263057994115e-01 3.867634999999999934e+00 -1.802849430675188686e-03 9.998770043153843989e-01 -1.557966544002504714e-02 -2.446165999999999896e-01 -9.932640112676398569e-01 -3.595544430468279075e-03 -1.158174252034875895e-01 5.343644099999999675e+00
-1.180436193603770778e-01 1.483452502029276518e-02 9.928975983432152264e-01 3.915040499999999923e+00 -1.481614941541359656e-04 9.998881330838836901e-01 -1.495658270452696059e-02 -2.461376000000000119e-01 -9.930083997512176852e-01 -1.912638347417763320e-03 -1.180282162793199197e-01 5.338000300000000031e+00
-1.219988430464153117e-01 1.649087054595345728e-02 9.923932353074425006e-01 4.011079299999999570e+00 3.080173061083754660e-04 9.998625425906640940e-01 -1.657712428232192836e-02 -2.491680000000000006e-01 -9.925301947148386095e-01 -1.716715692540335576e-03 -1.219871528750291478e-01 5.326508999999999716e+00
