9.996183599072079318e-01 4.883483291546312360e-03 -2.718981661145854906e-02 -3.281014999999999904e-01 -4.739964977641687380e-03 9.999745064426758256e-01 5.340336762554531887e-03 2.922260000000000135e-02 2.721520289166130119e-02 -5.209419897450116681e-03 9.996160236190182458e-01 -1.797145599999999899e+00
9.994927676918492487e-01 2.156577266566039874e-03 -3.177351894550512618e-02 -3.291190999999999978e-01 -2.053683106428751820e-03 9.999925426189359978e-01 3.270640948499741862e-03 2.817319999999999894e-02 3.178033538818323539e-02 -3.203729234652124332e-03 9.994897430197098309e-01 -1.746576200000000023e+00
9.994471592672929949e-01 -2.339530086312321369e-04 -3.324636970449629247e-02 -3.301544000000000145e-01 2.783760825069672338e-04 9.999990747326742424e-01 1.331555688662194870e-03 2.788219999999999935e-02 3.324602742125717936e-02 -1.340074544595550639e-03 9.994462996384148035e-01 -1.721440999999999999e+00
9.992902830038797868e-01 -2.335621511252741929e-03 -3.759621212545286723e-02 -3.328884999999999761e-01 2.370343016734743381e-03 9.999968044201306139e-01 8.789900512105409741e-04 2.683239999999999931e-02 3.759403899568244251e-02 -9.674821358990215057e-04 9.992926259161066804e-01 -1.643709700000000051e+00
9.991919997434693945e-01 -1.995937358082116133e-05 -4.019138278623771154e-02 -3.354826000000000197e-01 -2.059210695142454028e-04 9.999842090939866646e-01 -5.615973574284943183e-03 2.594959999999999975e-02 4.019086021920417751e-02 5.619712118724850929e-03 9.991762174864566859e-01 -1.590187000000000017e+00
9.990798339450636112e-01 2.895952270700659619e-03 -4.279134100200423368e-02 -3.381429000000000240e-01 -3.289758974951336509e-03 9.999528598484538344e-01 -9.135401840377163282e-03 2.529100000000000098e-02 4.276286812400113130e-02 9.267768951816990688e-03 9.990422641552583194e-01 -1.535214300000000032e+00
9.990252308587492802e-01 5.589868557312784036e-03 -4.378745798895668923e-02 -3.398144000000000164e-01 -5.688575282963140300e-03 9.999815515562406887e-01 -2.129943291206021563e-03 2.497419999999999848e-02 4.377474407546824015e-02 2.376955339432905434e-03 9.990385987860737060e-01 -1.506456500000000087e+00
9.988773016491823142e-01 1.000572402422023575e-02 -4.630358233225234654e-02 -3.448575999999999864e-01 -9.374786403233774032e-03 9.998605055594328439e-01 1.382327031961801816e-02 2.447739999999999985e-02 4.643543506786894370e-02 -1.337366476275786073e-02 9.988317653443302691e-01 -1.415868300000000080e+00
9.988167042744787727e-01 1.186661366534607492e-02 -4.716327747714157970e-02 -3.466698999999999753e-01 -1.156113002849200322e-02 9.999104208189560916e-01 6.744672721679450741e-03 2.443609999999999879e-02 4.723908905485720011e-02 -6.191430995794765593e-03 9.988644225556797540e-01 -1.385084699999999946e+00
9.987612371956602342e-01 1.105322598256363968e-02 -4.851615474017408058e-02 -3.481332999999999789e-01 -1.103553077626090971e-02 9.999389065855356362e-01 6.325796469803905697e-04 2.481320000000000053e-02 4.852018276841436883e-02 -9.639451206190109960e-05 9.988221976769527943e-01 -1.353369700000000009e+00
9.986901345123184726e-01 5.648293961637614567e-03 -5.085382977800209647e-02 -3.575557999999999792e-01 -4.674651378994774086e-03 9.998038786394535249e-01 1.924452888458649119e-02 2.676419999999999841e-02 5.095255501201040316e-02 -1.898159721487498175e-02 9.985206738495303602e-01 -1.180268499999999943e+00
9.987361835987499381e-01 5.008521150018738037e-03 -5.000950196206625786e-02 -3.596925000000000261e-01 -4.177058321307820614e-03 9.998515395530848116e-01 1.671678907884701498e-02 2.723599999999999979e-02 5.008580392071676490e-02 -1.648676952031782189e-02 9.986088316635295392e-01 -1.143941300000000050e+00
9.987536181876089936e-01 7.167681047137094107e-03 -4.939468094406639781e-02 -3.619189999999999907e-01 -6.519757998211674933e-03 9.998907480426928451e-01 1.326592380005123424e-02 2.758089999999999847e-02 4.948437038908708868e-02 -1.292734802774809545e-02 9.986912339457901799e-01 -1.106810000000000072e+00
9.988063635464998757e-01 4.101572734817491954e-03 -4.867263337973433412e-02 -3.636587000000000014e-01 -3.721632423554861648e-03 9.999619156345630477e-01 7.894094790338451739e-03 2.756770000000000054e-02 4.870315791733603739e-02 -7.703530460503500016e-03 9.987835891860273874e-01 -1.068989200000000084e+00
9.988277769247920768e-01 3.707442991097208238e-03 -4.826310091514580958e-02 -3.699319999999999831e-01 -3.903909928750675436e-03 9.999844708719325403e-01 -3.977122357843094168e-03 2.618900000000000047e-02 4.824760647686043846e-02 4.160875082097239240e-03 9.988267395238300539e-01 -9.111941000000000068e-01
9.987962767697630140e-01 8.025549034668802428e-03 -4.838995839584091241e-02 -3.746338000000000168e-01 -8.400981556316969995e-03 9.999361322034725497e-01 -7.560094103247786031e-03 2.506840000000000110e-02 4.832619392989179197e-02 7.957516990347333202e-03 9.987999083418054314e-01 -8.270454000000000416e-01
9.987529708349768276e-01 1.151507140195545849e-02 -4.857886761664571146e-02 -3.768889999999999740e-01 -1.193938746259363796e-02 9.998929892917514106e-01 -8.453460369779324662e-03 2.444850000000000148e-02 4.847632695786453089e-02 9.022920581122018807e-03 9.987835764713298703e-01 -7.847161999999999749e-01
9.986935237476844973e-01 1.432172079686925247e-02 -4.905235914662590263e-02 -3.841407000000000016e-01 -1.474930272003662467e-02 9.998562238240168432e-01 -8.365987667350176932e-03 2.169139999999999957e-02 4.892549124644301334e-02 9.078545797321164318e-03 9.987611708073658168e-01 -6.534794999999999909e-01
9.986094913178419352e-01 1.591103592500732813e-02 -5.025855932788074465e-02 -3.886168999999999873e-01 -1.619646627203694469e-02 9.998549030082655165e-01 -5.277064584679426115e-03 1.977560000000000082e-02 5.016730339792793703e-02 6.083737841593309451e-03 9.987222986414466819e-01 -5.649271999999999627e-01
9.984883891272904322e-01 1.615077099106823968e-02 -5.253655274551866788e-02 -3.929441000000000184e-01 -1.643039326741612197e-02 9.998530304131479918e-01 -4.894869837149600986e-03 1.785669999999999966e-02 5.244977554829614169e-02 5.750666921206489327e-03 9.986070052202190572e-01 -4.762735000000000163e-01
9.984032203377759540e-01 1.765181909470140559e-02 -5.366025439565492994e-02 -3.981646999999999825e-01 -1.795102243207801623e-02 9.998258653666504125e-01 -5.098993770501154647e-03 1.645840000000000150e-02 5.356090377132839697e-02 6.054108231318025383e-03 9.985462319596033476e-01 -3.853130000000000166e-01
9.983404560793297522e-01 1.757525999970518255e-02 -5.484016768080361703e-02 -4.035200999999999927e-01 -1.753616021056885604e-02 9.998455166271184025e-01 1.194138065784415212e-03 1.499130000000000081e-02 5.485268307371259089e-02 -2.304703747918690699e-04 9.984944316534876130e-01 -2.924093999999999860e-01
9.981589637700334361e-01 1.749771993442273549e-02 -5.807334020555125070e-02 -4.083367999999999998e-01 -1.729860144532066601e-02 9.998426454283926290e-01 3.929729098731246130e-03 1.369139999999999940e-02 5.813296339916914496e-02 -2.917906758272180347e-03 9.983045849772407276e-01 -1.997629999999999961e-01
9.980511091080875863e-01 1.759009571976653460e-02 -5.987129646738557909e-02 -4.142722999999999822e-01 -1.749118803426004745e-02 9.998446502138524927e-01 2.175725140974112039e-03 1.260219999999999917e-02 5.990026668777263807e-02 -1.124264785697592743e-03 9.982037337534984678e-01 -1.051301000000000041e-01
9.980219253785704847e-01 1.735565497374879501e-02 -6.042365185987291082e-02 -4.174589000000000216e-01 -1.718361866983560138e-02 9.998466860133690126e-01 3.365667466198835316e-03 1.205950000000000077e-02 6.047280143221919063e-02 -2.320712932600818134e-03 9.981671476152798039e-01 -5.743589999999999807e-02
9.979177325178048008e-01 1.772323540745196838e-02 -6.201682072805092538e-02 -4.205012000000000194e-01 -1.743035309514887402e-02 9.998342412525744738e-01 5.260495211217403391e-03 1.138860000000000046e-02 6.209977389251590540e-02 -4.168566369970367128e-03 9.980612411755691582e-01 -1.044209999999999930e-02
9.978061540127143303e-01 1.870991475312388380e-02 -6.350447310454787608e-02 -4.270025000000000071e-01 -1.824195215110829826e-02 9.998020674729137802e-01 7.940847473904753123e-03 1.006100000000000050e-02 6.364047608300932302e-02 -6.764980917783974118e-03 9.979499610887863081e-01 8.506149999999999822e-02
9.976817133659600101e-01 2.069222150425068657e-02 -6.483078577636980366e-02 -4.333311000000000246e-01 -2.072095616970624082e-02 9.997852716671593587e-01 2.292004311359926712e-04 8.795799999999999452e-03 6.482160743591322549e-02 1.114686791679799557e-03 9.978962454497867229e-01 1.795748000000000066e-01
9.976327462996835704e-01 2.184620081644929671e-02 -6.520465489854687657e-02 -4.398944000000000187e-01 -2.171517439902989968e-02 9.997605042671682263e-01 2.717592367755061224e-03 7.336200000000000186e-03 6.524840773054113585e-02 -1.295228684416036696e-03 9.978682115746969616e-01 2.744963000000000264e-01
9.975701236343926803e-01 2.137419888845815130e-02 -6.630981868425737946e-02 -4.462520999999999849e-01 -2.102107408204848676e-02 9.997609167843837241e-01 6.018614033619556179e-03 6.096500000000000356e-03 6.642260817296687103e-02 -4.610085934696574357e-03 9.977809299797101295e-01 3.686678999999999928e-01
9.975944439751212034e-01 2.032051785738645325e-02 -6.627519825678646059e-02 -4.528087000000000084e-01 -2.014988829008003760e-02 9.997917138035135043e-01 3.242069050862487166e-03 4.928499999999999721e-03 6.632727456986309278e-02 -1.898832230846957689e-03 9.977961149875724800e-01 4.629619999999999846e-01
9.975575465798540709e-01 2.039028021225151172e-02 -6.680701860170226714e-02 -4.558643000000000001e-01 -2.034602246303995193e-02 9.997920964309754410e-01 1.342864136298292784e-03 4.158099999999999644e-03 6.682051056012519585e-02 1.967284796316266966e-05 9.977650119048389055e-01 5.101375999999999689e-01
9.975811114955387415e-01 1.896354003280323330e-02 -6.687533279730123459e-02 -4.591723999999999806e-01 -1.908181746573919119e-02 9.998172867017341980e-01 -1.130245365643914009e-03 3.386600000000000027e-03 6.684168033143492171e-02 2.403614321520400679e-03 9.977606989697798134e-01 5.574185000000000390e-01
9.976436444825106387e-01 1.406704402342810398e-02 -6.715114962602576620e-02 -4.688571000000000266e-01 -1.435493381669866730e-02 9.998897168533709134e-01 -3.806574050788771695e-03 3.560999999999999821e-04 6.709019674119436061e-02 4.761554717618293221e-03 9.977355526881354075e-01 6.991929000000000061e-01
9.976834810045390745e-01 1.339919244937680214e-02 -6.669432788753622277e-02 -4.722226999999999952e-01 -1.327333693146837308e-02 9.999091910778228343e-01 2.329833641640102499e-03 -6.834999999999999713e-04 6.671948933684478111e-02 -1.439180252283883644e-03 9.977707344389451505e-01 7.471721000000000057e-01
9.976736519843465434e-01 1.217465739971669396e-02 -6.707504642873246548e-02 -4.752055000000000029e-01 -1.165889242549760819e-02 9.998994233752562799e-01 8.075479009987786630e-03 -1.280200000000000001e-03 6.716661643724333719e-02 -7.274671884669599645e-03 9.977152523567747178e-01 7.949258999999999631e-01
9.977017530946729051e-01 7.617344581422985997e-03 -6.732895315794108770e-02 -4.816968999999999834e-01 -7.242852645572837519e-03 9.999569236114878024e-01 5.804481630914253357e-03 -2.312400000000000046e-03 6.737026760649596213e-02 -5.303487812465333684e-03 9.977139470106911601e-01 8.893419999999999659e-01
9.976317389133818603e-01 8.058517673567818992e-03 -6.830793369416662819e-02 -4.881861000000000117e-01 -8.163463948415569313e-03 9.999658878639288151e-01 -1.257364254094772531e-03 -3.840999999999999796e-03 6.829547107257397109e-02 1.812015841363185439e-03 9.976634929822608688e-01 9.835561999999999916e-01
9.976334770429651222e-01 7.947798153647976996e-03 -6.829551952853535335e-02 -4.917150000000000132e-01 -8.374057566162792718e-03 9.999471910526385177e-01 -5.957370713393597694e-03 -4.386400000000000368e-03 6.824456493408304070e-02 6.515183070879735153e-03 9.976473483884527038e-01 1.031584400000000068e+00
9.975918722171951414e-01 1.630730792391234946e-02 -6.741311589346717092e-02 -5.058441000000000187e-01 -1.635301082691183877e-02 9.998662726212798058e-01 -1.261400949153993877e-04 -8.126799999999999996e-03 6.740204390881802954e-02 1.228243747530039344e-03 9.977251404541285229e-01 1.221742899999999965e+00
9.976065979195459787e-01 1.416450173219922087e-02 -6.767896776745328802e-02 -5.130455999999999905e-01 -1.405059105989676232e-02 9.998989550430248396e-01 2.158841062865375551e-03 -9.851300000000000334e-03 6.770270805704160788e-02 -1.202744588717723608e-03 9.977048144251873252e-01 1.316683800000000071e+00
9.975677964389505492e-01 1.170335562075559659e-02 -6.871333913550260741e-02 -5.198871000000000464e-01 -1.131934199106443030e-02 9.999180805249010540e-01 5.975344030822694712e-03 -1.132189999999999933e-02 6.877764175097740573e-02 -5.183020992769686759e-03 9.976185504934050874e-01 1.412126100000000051e+00
9.975140681921090824e-01 1.098122829921592720e-02 -6.960672657056175827e-02 -5.233459000000000305e-01 -1.067524795375197379e-02 9.999316583106422351e-01 4.766318207476650734e-03 -1.207979999999999991e-02 6.965430955766026277e-02 -4.011400400048392018e-03 9.975631237304615206e-01 1.459254700000000016e+00
9.972496651802467138e-01 1.350858212620057418e-02 -7.287402491166256047e-02 -5.342618000000000089e-01 -1.350842169296707744e-02 9.999086345428636058e-01 4.950858421513636533e-04 -1.441510000000000014e-02 7.287405465082136269e-02 4.906888686495978645e-04 9.973410306325432018e-01 1.599207899999999904e+00
9.970346694578147151e-01 1.763804900700770284e-02 -7.490505407763041468e-02 -5.458452999999999777e-01 -1.699192899594238748e-02 9.998127972632290250e-01 9.254446373188502176e-03 -1.617959999999999884e-02 7.505426202517213874e-02 -7.954222520382749420e-03 9.971477263153906145e-01 1.739008200000000004e+00
9.969012813702690101e-01 1.667320934497988627e-02 -7.687547913642163444e-02 -5.530587000000000142e-01 -1.621553708814210681e-02 9.998469087719688009e-01 6.573840284146324590e-03 -1.729790000000000147e-02 7.697331719017318219e-02 -5.306892619683623545e-03 9.970190295733899477e-01 1.830280499999999977e+00
9.966324058205552339e-01 1.323411412231265474e-02 -8.092407485865796279e-02 -5.675504000000000104e-01 -1.233953822938943859e-02 9.998572181277690651e-01 1.154465911512224732e-02 -2.045630000000000018e-02 8.106530370397380114e-02 -1.050721567288610478e-02 9.966534076368704920e-01 2.009264500000000009e+00
9.965556720857241535e-01 1.215119993615118230e-02 -8.203134019313823577e-02 -5.713190999999999686e-01 -1.116827470015843704e-02 9.998603656276998652e-01 1.243056262058142569e-02 -2.092360000000000053e-02 8.217093205016295920e-02 -1.147159914545808901e-02 9.965522265988137063e-01 2.052087100000000053e+00
9.960558606710110396e-01 1.035143307632555194e-02 -8.812247304858052133e-02 -5.789003999999999817e-01 -9.330401738914686702e-03 9.998845784899108580e-01 1.199055050628031194e-02 -2.200119999999999854e-02 8.823642120078252493e-02 -1.112104002868232605e-02 9.960374774286149258e-01 2.134325500000000098e+00
9.947772891015433938e-01 1.183529785771646366e-02 -1.013808207325410382e-01 -5.940864000000000145e-01 -1.045342584598578546e-02 9.998452262019256187e-01 1.415095506680435697e-02 -2.427759999999999987e-02 1.015326104060511603e-01 -1.301727182782059025e-02 9.947470430507917571e-01 2.287580300000000122e+00
9.931070443662489700e-01 1.950242996433836432e-02 -1.155770464046349533e-01 -6.144777000000000156e-01 -1.821062462721096883e-02 9.997594630138246785e-01 1.222249013072451186e-02 -2.619300000000000100e-02 1.157876141079860199e-01 -1.003351084092291880e-02 9.932233168222467379e-01 2.452441900000000174e+00
9.927861537932385350e-01 2.188492967427416169e-02 -1.178842766851473656e-01 -6.184176999999999591e-01 -2.102039400025307314e-02 9.997422965592183131e-01 8.572252129646755828e-03 -2.654489999999999975e-02 1.180415006364390063e-01 -6.032439278781255576e-03 9.929903392298665699e-01 2.482165600000000083e+00
9.924454329504406314e-01 3.168259607435858910e-02 -1.185254222595368695e-01 -6.326015999999999861e-01 -3.106314657901345158e-02 9.994924155054643045e-01 7.070521314807402986e-03 -2.813349999999999879e-02 1.186892730638418186e-01 -3.335334022471893832e-03 9.929258441628636689e-01 2.587194900000000075e+00
9.947797089064922549e-01 3.528442134031137267e-02 -9.575145094772212484e-02 -6.400455000000000449e-01 -3.423083038098138908e-02 9.993342171418918563e-01 1.262429011195374297e-02 -2.920489999999999892e-02 9.613314204447463707e-02 -9.280735966596115674e-03 9.953252166706997306e-01 2.655699300000000207e+00
9.987640687523500205e-01 3.262300614192831238e-02 -3.749765912046588295e-02 -6.441713999999999496e-01 -3.228588089538790562e-02 9.994329402229276127e-01 9.561375014232894806e-03 -3.051819999999999880e-02 3.778831650205888987e-02 -8.338912855863087406e-03 9.992509723129232579e-01 2.734005900000000100e+00
9.389760089927463582e-01 1.742967698093143489e-02 3.435407703554184677e-01 -6.057078999999999658e-01 -1.420206196808623464e-02 9.998282217283189777e-01 -1.190917593463411070e-02 -3.597500000000000003e-02 -3.436893306052845598e-01 6.303443180343463841e-03 9.390622506693384608e-01 2.916711799999999855e+00
9.212636753301547410e-01 1.691366783410995153e-02 3.885706735686220159e-01 -5.983256999999999604e-01 -1.356106106838527239e-02 9.998434081144373931e-01 -1.136911926255948849e-02 -3.639239999999999836e-02 -3.887021200609468985e-01 5.204525963444728287e-03 9.213487801965231094e-01 2.930626399999999965e+00
7.249255835848573692e-01 3.389932463868682716e-02 6.879925392423923425e-01 -5.251438999999999968e-01 -1.465000500127443261e-02 9.993211399660516525e-01 -3.380290772128310972e-02 -4.045340000000000047e-02 -6.886713843464215001e-01 1.442549846597569914e-02 7.249300858540715931e-01 3.019026300000000163e+00
6.868037727735343267e-01 3.141958541551401196e-02 7.261634715106211058e-01 -5.113244999999999596e-01 -1.089207060217206244e-02 9.993979724822156241e-01 -3.294017905892304698e-02 -4.119269999999999876e-02 -7.267612678879060706e-01 1.471401545309206950e-02 6.867325223456431926e-01 3.030003100000000060e+00
6.453015397026895528e-01 2.959530521946708570e-02 7.633544660027246076e-01 -4.974090999999999929e-01 -9.355879695403477095e-03 9.994805171127493226e-01 -3.084093752071084132e-02 -4.169819999999999777e-02 -7.638706633799098311e-01 1.275985191911870563e-02 6.452432067108796465e-01 3.039988300000000088e+00
5.551682713422030346e-01 2.591927522378170354e-02 8.313340975003876698e-01 -4.674500999999999795e-01 -6.602054805171727464e-03 9.996201602284939813e-01 -2.675720719935832659e-02 -4.284349999999999964e-02 -8.317118511643678547e-01 9.366239193707380159e-03 5.551285168284068039e-01 3.057637199999999833e+00
2.729105686622752547e-01 3.361929429566858779e-02 9.614518004369719817e-01 -3.638005000000000266e-01 -9.675301036929304099e-04 9.993982930170020040e-01 -3.467154164730901905e-02 -4.782259999999999983e-02 -9.620389209371583705e-01 8.531996587192327772e-03 2.727788841466731729e-01 3.092904599999999782e+00
2.384788691065945210e-01 3.318888024655588381e-02 9.705804073942660981e-01 -3.439728000000000230e-01 6.866103543554427299e-03 9.993332673045012271e-01 -3.585913385233430867e-02 -4.854549999999999838e-02 -9.711234142022160398e-01 1.521575126276095667e-02 2.380919891591081194e-01 3.096061699999999917e+00
2.083720858101431317e-01 3.441402281994480200e-02 9.774439875964647806e-01 -3.232400999999999747e-01 1.130019216405603842e-02 9.992293507978389222e-01 -3.759002741665452146e-02 -4.925050000000000261e-02 -9.779843452285855721e-01 1.887801730791002774e-02 2.078226189574573501e-01 3.099411700000000103e+00
1.803669758323013794e-01 3.318331504583565961e-02 9.830394812171477925e-01 -3.017884000000000122e-01 9.267001382651799540e-03 9.993290704234173427e-01 -3.543348264061300240e-02 -5.015739999999999782e-02 -9.835557313718853445e-01 1.550085833873433849e-02 1.799384524671659991e-01 3.103027099999999816e+00
1.308098081205953112e-01 2.653917488258640545e-02 9.910522015998979306e-01 -2.557164000000000104e-01 -1.447375216968822126e-03 9.996456878914605770e-01 -2.657825774933163590e-02 -5.208829999999999710e-02 -9.914064248351603936e-01 2.042272401051717368e-03 1.308018727656663494e-01 3.109282499999999949e+00
1.085520738929188211e-01 2.368270568592124870e-02 9.938086217702785108e-01 -2.311333999999999889e-01 3.238007514132404396e-03 9.997024536057765864e-01 -2.417683937011850387e-02 -5.315820000000000267e-02 -9.940854905695409860e-01 5.842405838704066434e-03 1.084430898357805484e-01 3.111260199999999809e+00
8.860770935023237760e-02 2.385753874037270517e-02 9.957808452109111474e-01 -2.061541000000000068e-01 1.085293168788206697e-02 9.996306475893894650e-01 -2.491550267998029339e-02 -5.436119999999999841e-02 -9.960074737257160749e-01 1.301484710895811636e-02 8.831605764099492717e-02 3.112886899999999901e+00
7.168919057190369093e-02 2.606589336520514014e-02 9.970863699591017149e-01 -1.802200999999999942e-01 1.629073170003468921e-02 9.994945297400110729e-01 -2.730012967866068258e-02 -5.528559999999999724e-02 -9.972939747215072703e-01 1.820039073393644319e-02 7.122832134277268246e-02 3.113992000000000093e+00
3.793397722584294918e-02 3.046673427395710232e-02 9.988156944474334553e-01 -3.613410000000000233e-02 2.437017795259401043e-02 9.992096197068243146e-01 -3.140430403467572851e-02 -6.070489999999999914e-02 -9.989830367921107568e-01 2.553260636957255247e-02 3.716151522191113443e-02 3.121701499999999907e+00
3.983985229246833626e-02 3.020327092007391717e-02 9.987494924129088902e-01 -4.768099999999999943e-03 2.312417044844405217e-02 9.992474801458279821e-01 -3.114074763528312112e-02 -6.199940000000000312e-02 -9.989384660280061778e-01 2.433589628391980009e-02 3.911144642777464320e-02 3.123471299999999840e+00
4.145997290952777026e-02 3.092352920830903837e-02 9.986615072123510295e-01 2.797229999999999855e-02 1.926300366813816015e-02 9.993104108716743816e-01 -3.174333651597723710e-02 -6.324490000000000667e-02 -9.989544570880211083e-01 2.055329814867034449e-02 4.083570250637724719e-02 3.125175500000000106e+00
4.451884321383251658e-02 3.245290502082024547e-02 9.984812875335281612e-01 1.298671999999999882e-01 1.737478684821381486e-02 9.992958941384088023e-01 -3.325406351255619231e-02 -6.745279999999999332e-02 -9.988574419710160024e-01 1.882883198256345841e-02 4.392363492803230685e-02 3.128859499999999905e+00
4.485036336779944788e-02 3.117366306192134034e-02 9.985072096069603775e-01 1.652733999999999870e-01 1.648468260272002717e-02 9.993538196762496995e-01 -3.194054379589331832e-02 -6.897799999999999765e-02 -9.988576976452973044e-01 1.789261942230931102e-02 4.430749400433819929e-02 3.130045400000000200e+00
4.558174958891946654e-02 2.985284110193962143e-02 9.985144525656878267e-01 2.011361999999999872e-01 1.720483756427926281e-02 9.993816602078561262e-01 -3.066416156649118957e-02 -7.050460000000000060e-02 -9.988124436894044722e-01 1.857700509585586551e-02 4.503995129736193537e-02 3.131502199999999903e+00
4.505327344135192508e-02 2.745730111515990238e-02 9.986071796095250530e-01 2.375405999999999906e-01 1.767487548070928102e-02 9.994438298042790381e-01 -2.827772697542661751e-02 -7.209480000000000055e-02 -9.988282141234097189e-01 1.892426171946443025e-02 4.454291177519742462e-02 3.133280800000000088e+00
4.136662286587916570e-02 2.053266837339058279e-02 9.989330368158518825e-01 3.859585999999999850e-01 1.832042185251151964e-02 9.996051484774807205e-01 -2.130514680681435888e-02 -7.788589999999999403e-02 -9.989760580994010430e-01 1.918219660993650613e-02 4.097412204550088255e-02 3.139806999999999793e+00
3.899213260790694580e-02 2.444299937189588212e-02 9.989405154344240811e-01 4.624155999999999822e-01 1.296502218368266596e-02 9.996042424337947541e-01 -2.496531009492470449e-02 -8.104200000000000292e-02 -9.991554042262215107e-01 1.392473662460552708e-02 3.865979714731249128e-02 3.143647399999999870e+00
3.745672830045283092e-02 3.101912686578457007e-02 9.988167035415004280e-01 5.398815000000000142e-01 1.399696967472882636e-02 9.994037765273725560e-01 -3.156226073573358687e-02 -8.394079999999999597e-02 -9.992002193479293526e-01 1.516262613500941187e-02 3.700022194175534018e-02 3.147052799999999984e+00
3.473698698841230781e-02 2.484702884556560382e-02 9.990875671794309243e-01 6.187072999999999601e-01 7.820703900991710089e-03 9.996535239296140407e-01 -2.513301982646907323e-02 -8.755449999999999344e-02 -9.993658881137875705e-01 8.686613416764054837e-03 3.453063019824298419e-02 3.150874400000000186e+00
3.441321270224242945e-02 1.445960903969633130e-02 9.993030824018951375e-01 6.974702999999999875e-01 2.883696617507663755e-03 9.998897314355728039e-01 -1.456740414473954581e-02 -9.041879999999999362e-02 -9.994035296542271851e-01 3.382998095939775129e-03 3.436772088100215061e-02 3.154726999999999837e+00
3.599558686923966938e-02 1.964777905608521696e-02 9.991587874327596541e-01 7.749878999999999518e-01 3.204389308257027738e-03 9.997993043684225700e-01 -1.977581537078402715e-02 -9.367889999999999551e-02 -9.993468114799288760e-01 3.913535815789695449e-03 3.592540357906059967e-02 3.158794900000000183e+00
3.734328135931297421e-02 3.594756187094073907e-02 9.986557225254628634e-01 8.521668000000000021e-01 7.036662770705961675e-03 9.993185393184006449e-01 -3.623454638310629611e-02 -9.652380000000000682e-02 -9.992777215140797864e-01 8.380320403958805772e-03 3.706488251102979525e-02 3.162405999999999828e+00
4.012124082708099643e-02 2.212990500604593291e-02 9.989497251308089298e-01 9.291861000000000148e-01 1.181458824711654337e-02 9.996743118569849651e-01 -2.262047121115711573e-02 -1.003823999999999966e-01 -9.991249679289605501e-01 1.270974105507564206e-02 3.984671809906636941e-02 3.165961499999999873e+00
4.051941223954400734e-02 1.905001728290377228e-02 9.989971341667017724e-01 9.673637999999999959e-01 1.328333509514153382e-02 9.997196068686170500e-01 -1.960256746469623071e-02 -1.020540999999999948e-01 -9.990904514810018400e-01 1.406429820427786484e-02 4.025500311152729882e-02 3.167578900000000086e+00
4.083214654969141016e-02 2.013426401561726337e-02 9.989631360669392057e-01 1.005272399999999955e+00 1.217596854524057026e-02 9.997126811131095137e-01 -2.064705818326967660e-02 -1.033306999999999976e-01 -9.990918284112476622e-01 1.300640742816519882e-02 4.057526053745963424e-02 3.169860100000000180e+00
3.642586552592813609e-02 2.116875504444584721e-02 9.991121259050733672e-01 1.117388400000000059e+00 7.171568789319196502e-03 9.997443373536152311e-01 -2.144361281315863843e-02 -1.081798000000000065e-01 -9.993106248418391901e-01 7.946303495893362878e-03 3.626473960976539512e-02 3.176076199999999794e+00
3.390904717771144744e-02 2.124730123573362675e-02 9.991990435892627032e-01 1.154647399999999990e+00 5.494368589083056115e-03 9.997549194800307015e-01 -2.144557971435196581e-02 -1.098437000000000024e-01 -9.994098200604727422e-01 6.217167013626003977e-03 3.378399622628502907e-02 3.177706500000000212e+00
3.193149576182985339e-02 2.209438061886043886e-02 9.992458245714520571e-01 1.191614699999999916e+00 4.108929313445253140e-03 9.997442901203568155e-01 -2.223670550331198828e-02 -1.111431999999999976e-01 -9.994816137770164977e-01 4.815881727455478822e-03 3.183254631470455731e-02 3.179206800000000221e+00
2.792714559627221260e-02 1.986743840456906690e-02 9.994125071411132932e-01 1.264761800000000047e+00 2.632805387507691081e-03 9.997975391056904693e-01 -1.994866246134600549e-02 -1.143418999999999963e-01 -9.996064940138378319e-01 3.188367834152598668e-03 2.786918434253171650e-02 3.182475999999999861e+00
2.373958918420236708e-02 2.177213913309468743e-02 9.994810682864053719e-01 1.372109299999999976e+00 3.218803161808472119e-03 9.997559785384347864e-01 -2.185458036344606336e-02 -1.182017000000000068e-01 -9.997129944196837537e-01 3.735951582389335918e-03 2.366371598467176263e-02 3.186194400000000204e+00
2.163344017721250886e-02 1.937558236353870145e-02 9.995782015801329967e-01 1.442685699999999960e+00 5.554937810636411538e-03 9.997944252665128539e-01 -1.949999671597491338e-02 -1.214143000000000028e-01 -9.997505373502028059e-01 5.974446759056312173e-03 2.152136273343929762e-02 3.188521099999999997e+00
2.042262300229364530e-02 1.915888656953562003e-02 9.996078498767010379e-01 1.477678400000000059e+00 4.210659103152452135e-03 9.998058599470756036e-01 -1.924870814901186861e-02 -1.227234999999999993e-01 -9.997825697718593085e-01 4.602117002474424498e-03 2.033798661304286881e-02 3.189621900000000121e+00
1.929944635754498455e-02 1.823408771351485783e-02 9.996474625664532043e-01 1.512059999999999960e+00 2.670828412828365334e-03 9.998291756097056338e-01 -1.828896594139741913e-02 -1.241128999999999982e-01 -9.998101810073160012e-01 3.022853762955231803e-03 1.924744942184064556e-02 3.190933199999999914e+00
1.835099035664964143e-02 1.706109275301619099e-02 9.996860308451864796e-01 1.545452199999999943e+00 1.421834515370248506e-03 9.998529436190947139e-01 -1.709004162786758457e-02 -1.254036000000000040e-01 -9.998305954208148716e-01 1.735007292296911717e-03 1.832403367587553955e-02 3.191933899999999991e+00
1.777240414046047171e-02 1.682210533626742749e-02 9.997005343717308978e-01 1.578400900000000107e+00 1.535388145618667675e-03 9.998568155694301796e-01 -1.685203081532600511e-02 -1.267596000000000001e-01 -9.998408794574820124e-01 1.834429451880476014e-03 1.774403094777610157e-02 3.192829099999999976e+00
1.756932901537328062e-02 2.226312209054088359e-02 9.995977551359004343e-01 1.642447599999999897e+00 1.980601919076894687e-03 9.997493329795431594e-01 -2.230130989419275983e-02 -1.293773000000000006e-01 -9.998436857299185521e-01 2.371624283131999744e-03 1.752083058168041330e-02 3.194780100000000012e+00
1.750965374856349593e-02 2.402163613902111305e-02 9.995580888686811383e-01 1.674338600000000010e+00 1.385197735851578793e-04 9.997112824807763420e-01 -2.402774423273710061e-02 -1.307172000000000056e-01 -9.998466846661432372e-01 5.591760420295757705e-04 1.750127093317166427e-02 3.195735500000000062e+00
1.738805705488157688e-02 2.471563223386366928e-02 9.995432922065639048e-01 1.705907800000000085e+00 5.191635882427249327e-04 9.996940717550821809e-01 -2.472839191927418342e-02 -1.320992000000000000e-01 -9.998486815218714518e-01 9.489051717537187736e-04 1.736990610078803510e-02 3.196834299999999907e+00
1.669876133759371981e-02 2.389407598699092722e-02 9.995750219480866727e-01 1.800573800000000002e+00 -1.411342078052735607e-03 9.997139835116312101e-01 -2.387382007230326453e-02 -1.362664000000000097e-01 -9.998595698813553811e-01 -1.012079065041774847e-03 1.672770793137245970e-02 3.199957400000000174e+00
1.691587821136142714e-02 2.441013992417384246e-02 9.995589017827914979e-01 1.831839900000000076e+00 -4.292589146737569444e-03 9.996945027452497357e-01 -2.434080646455824212e-02 -1.375914000000000026e-01 -9.998477017740028394e-01 -3.878949575596955107e-03 1.701549315871497825e-02 3.200906499999999877e+00
1.701661525453912124e-02 2.301944821369616631e-02 9.995901859308221615e-01 1.862826899999999952e+00 -2.383732062408810276e-03 9.997330334785025086e-01 -2.298215815205462143e-02 -1.388339000000000101e-01 -9.998523654153813611e-01 -1.991676632480007120e-03 1.706694458472290954e-02 3.201754999999999907e+00
1.267238508695526719e-02 2.189993105158555275e-02 9.996798505902495524e-01 1.923997799999999980e+00 -5.288905554418290786e-03 9.997476120110113662e-01 -2.183437098513749119e-02 -1.414291000000000020e-01 -9.999057146222558590e-01 -5.010518757171714480e-03 1.278501339614757093e-02 3.203545999999999783e+00
7.241749133907695278e-03 2.178759267577797670e-02 9.997363941934274134e-01 1.954546300000000070e+00 -9.259531858501415455e-03 9.997212083709066111e-01 -2.172018883840283465e-02 -1.427521999999999958e-01 -9.999309066826782555e-01 -9.099798833428552822e-03 7.441473103370621622e-03 3.204271299999999822e+00
1.688746703710983232e-03 2.536474473420306797e-02 9.996768367123145538e-01 1.984580599999999917e+00 -5.650414889032272583e-03 9.996625455903763724e-01 -2.535483692218358509e-02 -1.440124000000000126e-01 -9.999826103218758533e-01 -5.605770985104476661e-03 1.831498159991729047e-03 3.204302799999999785e+00
-2.335767371191478647e-02 2.798689362812241052e-02 9.993353555557894508e-01 2.106948899999999902e+00 -7.752370015694318856e-03 9.995729510557797015e-01 -2.817474537204571472e-02 -1.493501000000000134e-01 -9.996971140490041874e-01 -8.405313955350447383e-03 -2.313073408702159828e-02 3.203215399999999935e+00
-3.177202792504211365e-02 2.833730075259220313e-02 9.990933568128592679e-01 2.169147300000000111e+00 -1.241035476033401294e-02 9.995097691865960643e-01 -2.874377141712766703e-02 -1.518800999999999901e-01 -9.994180913592933813e-01 -1.331235090487656834e-02 -3.140477634265903539e-02 3.202235899999999802e+00
-3.631781190199111914e-02 2.199057697602933847e-02 9.990983090081339002e-01 2.233610899999999955e+00 -9.794412620734676070e-03 9.997020078371934293e-01 -2.235989730966839173e-02 -1.543302000000000007e-01 -9.992922925851405180e-01 -1.059764363174432039e-02 -3.609160469400274351e-02 3.200833300000000214e+00
-3.920918913373530601e-02 1.896400165441947464e-02 9.990510528139819879e-01 2.299198599999999981e+00 -1.089557578265428275e-02 9.997523369708352092e-01 -1.940492591374843104e-02 -1.568026999999999893e-01 -9.991716198510840474e-01 -1.164608786695357605e-02 -3.899285475001523782e-02 3.199063100000000048e+00
-3.966459690845737518e-02 2.245875093243249188e-02 9.989606219759838979e-01 2.332098499999999852e+00 -9.436662804106399696e-03 9.996943681594714359e-01 -2.284993797271392055e-02 -1.580212000000000006e-01 -9.991684888682244026e-01 -1.033318812323871447e-02 -3.944053848514961214e-02 3.198378799999999966e+00
-3.969209965725288558e-02 2.597889354534799883e-02 9.988741834259997621e-01 2.365324300000000157e+00 -3.692247886914525393e-03 9.996513208152193464e-01 -2.614582371869518529e-02 -1.593445000000000000e-01 -9.992051363610676695e-01 -4.725873733711539668e-03 -3.958233933350496780e-02 3.196880600000000072e+00
-3.957276883998975259e-02 3.032556482892448391e-02 9.987564047775330245e-01 2.398625399999999797e+00 4.109523005439708054e-03 9.995358387142179168e-01 -3.018640333880012738e-02 -1.608751999999999960e-01 -9.992082404519111449e-01 2.909852860826490917e-03 -3.967902429904046624e-02 3.195056899999999978e+00
-4.045756468761865093e-02 2.950836974016853020e-02 9.987454338192612857e-01 2.466295500000000196e+00 2.964617646289351149e-03 9.995629644381133216e-01 -2.941243216570833471e-02 -1.635857000000000006e-01 -9.991768594707136630e-01 1.770942960287152923e-03 -4.052736432674775013e-02 3.193294499999999925e+00
-3.956914192479930870e-02 2.215368141072562164e-02 9.989712195089942570e-01 2.533208399999999916e+00 5.422681628329770534e-03 9.997442308767173769e-01 -2.195603226174010908e-02 -1.666663999999999923e-01 -9.992021204597659745e-01 4.548321522591342730e-03 -3.967915372124597440e-02 3.191153799999999929e+00
-4.213638643691411390e-02 2.287043374619200653e-02 9.988500729330201944e-01 2.599497799999999970e+00 4.790034048479623399e-03 9.997311067232362847e-01 -2.268853948026686163e-02 -1.696102999999999916e-01 -9.991003856028947139e-01 3.828512791445812594e-03 -4.223460640224185880e-02 3.189212100000000216e+00
-4.401704286735106525e-02 2.384805796269186262e-02 9.987460989003270617e-01 2.632568599999999925e+00 4.047513120370157397e-03 9.997110946686478261e-01 -2.369271689684974633e-02 -1.708287000000000000e-01 -9.990225811135372558e-01 2.999554603924935864e-03 -4.410085143649566941e-02 3.187927499999999803e+00
-4.613540774216080831e-02 2.393097830678540122e-02 9.986485029427242255e-01 2.665852099999999947e+00 5.249955146296831146e-03 9.997050042906963085e-01 -2.371375902510236555e-02 -1.721286999999999956e-01 -9.989213993720557072e-01 4.148815905643333038e-03 -4.624743455754753985e-02 3.186945199999999812e+00
-4.758530044984406182e-02 2.409116563560510793e-02 9.985766144464908178e-01 2.698974600000000112e+00 5.359798348494619266e-03 9.997008730744005867e-01 -2.386287778002797733e-02 -1.734708000000000083e-01 -9.988527978349769354e-01 4.216647080195109684e-03 -4.770019019500382207e-02 3.185800299999999918e+00
-4.930522254363305101e-02 2.396716855824059661e-02 9.984961541544481456e-01 2.732430499999999984e+00 5.532340247390944710e-03 9.997032631869146035e-01 -2.372295902331063300e-02 -1.748165999999999887e-01 -9.987684357453983086e-01 4.354354686455903789e-03 -4.942318640025777920e-02 3.184295899999999957e+00
-5.255249550577027751e-02 2.608046063409738199e-02 9.982775389585948345e-01 2.833813699999999880e+00 1.959869170060860727e-03 9.996596731647551248e-01 -2.601339579853415365e-02 -1.791688999999999921e-01 -9.986162396681478315e-01 5.894245059768835060e-04 -5.258572477202838602e-02 3.179930399999999935e+00
-5.404791308638322994e-02 2.660277902639907044e-02 9.981839085254177180e-01 2.867764499999999828e+00 1.886810311127475395e-03 9.996459826207405586e-01 -2.653958132796952613e-02 -1.803067999999999893e-01 -9.985365606916237757e-01 4.489747060441931503e-04 -5.407897358360957973e-02 3.178930799999999834e+00
-5.505702424185011934e-02 2.472594513319037457e-02 9.981770142208757912e-01 2.902062200000000036e+00 2.355351825584779679e-03 9.996937721121197384e-01 -2.463360140172103641e-02 -1.817416000000000031e-01 -9.984804336587721485e-01 9.948052631632720716e-04 -5.509840254561237938e-02 3.177366999999999830e+00
-5.799228710686368110e-02 2.065414575979321321e-02 9.981033518123503256e-01 2.972239000000000075e+00 -3.012027060825680017e-03 9.997777900443969301e-01 -2.086380183300000010e-02 -1.844349999999999878e-01 -9.983124873150190925e-01 -4.216253891199658876e-03 -5.791718979737359163e-02 3.174025100000000155e+00
-5.967951402669805644e-02 2.008651734954921414e-02 9.980154745425060536e-01 3.006954400000000138e+00 -1.411700188540906953e-03 9.997948262009552778e-01 -2.020674650653389234e-02 -1.856424000000000130e-01 -9.982165910803701969e-01 -2.614827445149018464e-03 -5.963891321375058840e-02 3.172317300000000007e+00
-6.469547880385519145e-02 2.554801868112318436e-02 9.975779637521112742e-01 3.113010200000000172e+00 7.239153252924911824e-04 9.996731624732159149e-01 -2.555472906139162614e-02 -1.894954000000000083e-01 -9.979047905331156487e-01 -9.311134561952941202e-04 -6.469282849582291828e-02 3.166210200000000086e+00
-6.599450435080360389e-02 3.294600697122322674e-02 9.972759327388504014e-01 3.184585600000000127e+00 3.533500846235746590e-03 9.994562072518173856e-01 -3.278420591660042432e-02 -1.927029000000000103e-01 -9.978137299953643291e-01 1.360297932262548304e-03 -6.607503176143059154e-02 3.162050999999999945e+00
-6.537190720752932005e-02 3.397467706002754717e-02 9.972824249262176588e-01 3.220863800000000055e+00 6.017071542567364872e-03 9.994154669170182137e-01 -3.365292464393278282e-02 -1.942742000000000080e-01 -9.978428276026750643e-01 3.800763831840969775e-03 -6.553812322757468500e-02 3.159776700000000105e+00
-6.457462353527235188e-02 3.087048838027738051e-02 9.974352765680790656e-01 3.294184000000000001e+00 9.970924126758829928e-03 9.994914613016568916e-01 -3.028860275973306246e-02 -1.977896000000000098e-01 -9.978630660904007632e-01 7.989476343393846908e-03 -6.484959213766949837e-02 3.155462299999999942e+00
-6.366854208516770086e-02 2.971150601409745101e-02 9.975287179621064038e-01 3.331309300000000029e+00 9.502813781614565317e-03 9.995294515180231931e-01 -2.916456888609415127e-02 -1.992058999999999913e-01 -9.979258556019987569e-01 7.622464067086553996e-03 -6.392092585816311345e-02 3.153471199999999808e+00
-6.011672263105297120e-02 2.372729652723754024e-02 9.979093120417353857e-01 3.406230400000000103e+00 8.617339022434127374e-03 9.996925290885102511e-01 -2.325056456928555754e-02 -2.024830999999999992e-01 -9.981541569959390126e-01 7.201575114280515597e-03 -6.030270464581088952e-02 3.149789800000000195e+00
-5.660657691145917075e-02 2.030112089995363828e-02 9.981901421776177008e-01 3.481320100000000028e+00 7.544605772410927121e-03 9.997733998717013293e-01 -1.990547243141870676e-02 -2.053560000000000108e-01 -9.983680555657347133e-01 6.404170452488906415e-03 -5.674691380779672834e-02 3.146382599999999918e+00
