9.998755275195576608e-01 2.201523490185983752e-03 -1.562314826814690215e-02 -6.149369999999999559e-01 -2.196339447321569386e-03 9.999975271540401112e-01 3.489682464297952542e-04 4.654200000000000004e-02 1.562387789629966946e-02 -3.146110726538818396e-04 9.998778902742847530e-01 -9.140635000000000288e-01
9.998664788830184946e-01 2.669842458303752115e-03 -1.612130104309777989e-02 -6.168261000000000438e-01 -2.687178339050286247e-03 9.999958343078184653e-01 -1.053773972064361983e-03 4.591760000000000286e-02 1.611842047622799590e-02 1.096954081946887238e-03 9.998694880898674198e-01 -8.822324999999999751e-01
9.998231001912988303e-01 9.067189464861895418e-05 -1.880851143678123963e-02 -6.168869000000000158e-01 -1.425175760494425668e-04 9.999961943315549551e-01 -2.755178968321403150e-03 4.544589999999999741e-02 1.880819004052560958e-02 2.757372121148037470e-03 9.998193081184144626e-01 -8.492467000000000210e-01
9.997897534681735587e-01 -2.952005894962944632e-03 -2.029124247661756239e-02 -6.231069000000000191e-01 2.839667539441143376e-03 9.999804951204325221e-01 -5.562882972007181237e-03 4.320890000000000147e-02 2.030726836170313257e-02 5.504093012559579945e-03 9.997786354047554225e-01 -7.173026999999999598e-01
9.998275054633473102e-01 -2.140103945390882736e-03 -1.844937055954057326e-02 -6.265924999999999967e-01 1.988483349662891614e-03 9.999641342253565712e-01 -8.232630011199497388e-03 4.240150000000000169e-02 1.846632754254168285e-02 8.194523661330874176e-03 9.997959014364159458e-01 -6.833612000000000020e-01
9.997946758977487303e-01 6.148206187453269730e-05 -2.026332318431006349e-02 -6.276775999999999467e-01 -3.112917072124223570e-04 9.999239928402244848e-01 -1.232524401120199849e-02 4.166210000000000052e-02 2.026102524525229612e-02 1.232902114600820977e-02 9.997187034829310148e-01 -6.483693000000000373e-01
9.996640731027361948e-01 6.729557669439117581e-03 -2.502906313110967590e-02 -6.312183999999999573e-01 -6.979519677869003985e-03 9.999265071142507955e-01 -9.912954925774356343e-03 4.087999999999999967e-02 2.496051387118502357e-02 1.008431573622563075e-02 9.996375739854012066e-01 -5.380418999999999619e-01
9.996386528438129249e-01 7.007039485403024695e-03 -2.595120687476447710e-02 -6.343980000000000175e-01 -6.795999711964852141e-03 9.999431915009191485e-01 8.211465086758403670e-03 3.914879999999999749e-02 2.600727068574850906e-02 -8.032133502755132992e-03 9.996294847106462766e-01 -4.590693000000000135e-01
9.995711440017172045e-01 9.594148290599343459e-03 -2.766731641623968244e-02 -6.359186000000000005e-01 -9.411310857686771419e-03 9.999330575681640854e-01 6.731092802998329440e-03 3.904790000000000344e-02 2.773004340130616127e-02 -6.467820418083553881e-03 9.995945237905222713e-01 -4.184897000000000200e-01
9.996850211093591954e-01 1.362402738149141347e-02 -2.107710718975649294e-02 -6.425954999999999862e-01 -1.364742062764235341e-02 9.999064025712163239e-01 -9.664405314606251251e-04 3.869689999999999935e-02 2.106196761445413429e-02 1.253784270526667232e-03 9.997773859941075925e-01 -3.814825000000000021e-01
9.997405056368541265e-01 8.282690052696878649e-03 -2.122070768042821562e-02 -6.545940000000000092e-01 -8.010719824166309330e-03 9.998850971666460863e-01 1.286937574031573814e-02 3.722849999999999770e-02 2.132486241141869424e-02 -1.269604306615547407e-02 9.996919829295403126e-01 -1.225603999999999999e-01
9.998026589549848797e-01 7.236861240283223688e-03 -1.850056717863161199e-02 -6.577962000000000531e-01 -7.045442804330461460e-03 9.999211918422216128e-01 1.039094993357586073e-02 3.740000000000000269e-02 1.857430704583842851e-02 -1.025855468475254766e-02 9.997748532412419342e-01 -7.481229999999999825e-02
9.997955456716079992e-01 7.393192773775442844e-03 -1.882040264769919286e-02 -6.587524000000000157e-01 -7.249552798573958082e-03 9.999441603714072091e-01 7.688961135438166124e-03 3.736060000000000075e-02 1.887619769530973768e-02 -7.550949591368270701e-03 9.997933148010323956e-01 -2.451700000000000060e-02
9.998262416598960867e-01 5.054572755347913789e-03 -1.794262473853650008e-02 -6.599669000000000230e-01 -5.016183862857061422e-03 9.999850341339699966e-01 2.183897327444099794e-03 3.685469999999999718e-02 1.795339487955021490e-02 -2.093514352398779307e-03 9.998366330605991115e-01 2.385090000000000127e-02
9.999667680410104786e-01 5.857475396767831272e-03 5.670343516232403611e-03 -6.725299999999999612e-01 -5.809524632868360086e-03 9.999475380363277432e-01 -8.436266865561314887e-03 3.379959999999999909e-02 -5.719461264482439758e-03 8.403044511552437701e-03 9.999483369683560552e-01 1.061365999999999976e-01
9.999216252345121125e-01 8.709907126122956936e-03 -8.993381245462261572e-03 -6.693742999999999777e-01 -8.815444185560085064e-03 9.998919565940153076e-01 -1.176278378629905426e-02 3.094370000000000107e-02 8.889956815597852349e-03 1.184114253128715384e-02 9.998903719965357428e-01 3.323117999999999905e-01
9.998001232726847487e-01 1.131993154229707713e-02 -1.647946157501043937e-02 -6.682213999999999654e-01 -1.153364199245178814e-02 9.998498640304802620e-01 -1.293153125581405528e-02 3.013750000000000109e-02 1.633060336651681946e-02 1.311901475370200361e-02 9.997805773496390991e-01 3.929555000000000131e-01
9.996217490033960651e-01 1.282388024349707771e-02 -2.432913921395539469e-02 -6.693006999999999707e-01 -1.314190613830788952e-02 9.998296853181829480e-01 -1.295726281262056176e-02 2.898589999999999847e-02 2.415883321775871839e-02 1.327209297902405549e-02 9.996200289737660061e-01 4.567606000000000166e-01
9.994274329174929195e-01 1.240205787114331132e-02 -3.148007770814983258e-02 -6.725942000000000309e-01 -1.283652456509017450e-02 9.998246133081091225e-01 -1.363694468640456146e-02 2.703629999999999922e-02 3.130543034427376442e-02 1.403323141158276978e-02 9.994113459667690602e-01 5.779927999999999733e-01
9.992528608650297350e-01 1.329736845105776617e-02 -3.628911745041883685e-02 -6.760473999999999650e-01 -1.369358576964011844e-02 9.998490749893897966e-01 -1.069172351078676378e-02 2.420730000000000104e-02 3.614146872808282618e-02 1.118066344804342915e-02 9.992841372717964354e-01 6.966502999999999446e-01
9.992038050880626132e-01 1.335452570530692822e-02 -3.759537924696661898e-02 -6.811909999999999910e-01 -1.375528920988508368e-02 9.998510810592512454e-01 -1.042150293379112865e-02 2.104779999999999845e-02 3.745060635409486888e-02 1.093034070067784060e-02 9.992387000791540519e-01 8.144833999999999685e-01
9.991480096368784425e-01 1.505121207594282452e-02 -3.842806075915554398e-02 -6.838971000000000355e-01 -1.549337379162319013e-02 9.998168544957737325e-01 -1.123444857257515674e-02 1.962020000000000083e-02 3.825193076456927244e-02 1.182025724008514168e-02 9.991982142255663168e-01 8.738761000000000445e-01
9.991832271209936112e-01 1.374699300007012868e-02 -3.799866870737635821e-02 -6.906896999999999620e-01 -1.404032415678676572e-02 9.998735750750535889e-01 -7.463455245634273254e-03 1.677369999999999903e-02 3.789126466151889611e-02 7.990872923983875081e-03 9.992499176943990813e-01 9.945718000000000059e-01
9.990163679308852185e-01 1.481635460910761364e-02 -4.179440443742950956e-02 -6.979746000000000006e-01 -1.487993072567894183e-02 9.998885549998104416e-01 -1.210471804695876629e-03 1.321400000000000005e-02 4.177181188051635324e-02 1.831178988559977946e-03 9.991254988817623861e-01 1.178416600000000036e+00
9.990038026403872395e-01 1.452507277948776945e-02 -4.219507756595135967e-02 -7.011290999999999496e-01 -1.465362246198034790e-02 9.998888788613411460e-01 -2.738846135142686614e-03 1.231480000000000075e-02 4.215060686144166818e-02 3.354428440259900161e-03 9.991056371330567787e-01 1.240721500000000033e+00
9.988912393826472336e-01 1.424495209652879187e-02 -4.487062763508589680e-02 -7.144044000000000505e-01 -1.412795648229359276e-02 9.998959216935472405e-01 2.923461346775568792e-03 7.527999999999999969e-03 4.490760214299303887e-02 -2.286289653406216663e-03 9.989885285374338064e-01 1.489470800000000095e+00
9.988004657306644996e-01 1.591334544492552586e-02 -4.630761376877799013e-02 -7.172275999999999652e-01 -1.582071698755059888e-02 9.998720449890978745e-01 2.366128339589279334e-03 6.740200000000000011e-03 4.633934149518826456e-02 -1.630670435755658199e-03 9.989244247407921273e-01 1.551987500000000075e+00
9.987704205589155171e-01 1.730174894121327966e-02 -4.645746979918484454e-02 -7.209006000000000025e-01 -1.739156503650286095e-02 9.998475850331224324e-01 -1.529761097007917899e-03 5.730899999999999710e-03 4.642392144302372181e-02 2.335848241657157136e-03 9.989190974903041642e-01 1.614068999999999976e+00
9.987497438323916787e-01 1.893549686077258473e-02 -4.626441562764790905e-02 -7.278386000000000022e-01 -1.921879215647112268e-02 9.997991321966877010e-01 -5.686236611032955031e-03 3.105000000000000121e-03 4.614745088061142364e-02 6.568273546827890601e-03 9.989130445438360040e-01 1.738868999999999998e+00
9.988715930789080488e-01 2.036831298860068348e-02 -4.290305776984586900e-02 -7.393496999999999986e-01 -2.039258254613738816e-02 9.997920414654164478e-01 -1.280605872715338020e-04 -4.863000000000000027e-04 4.289152733469984297e-02 1.002820229871820550e-03 9.990792317101198083e-01 1.923265100000000061e+00
9.987150430334770235e-01 1.915349178145506204e-02 -4.691914930194309580e-02 -7.401256999999999975e-01 -1.920257449193853855e-02 9.998154361873948792e-01 -5.955621638181477417e-04 -1.664700000000000077e-03 4.689908262985369863e-02 1.495765351635700187e-03 9.988985127301427402e-01 1.987497899999999929e+00
9.988257472142815230e-01 1.947334504767595648e-02 -4.436119401556246067e-02 -7.471381999999999746e-01 -1.969303258743904106e-02 9.997958535711704009e-01 -4.520580649081146207e-03 -4.435900000000000433e-03 4.426410700943016197e-02 5.388878784027075625e-03 9.990053297235749197e-01 2.110104999999999897e+00
9.988198133779017107e-01 1.678699777449167013e-02 -4.557605851160039662e-02 -7.522946999999999829e-01 -1.725569974249153288e-02 9.998019962886158796e-01 -9.910047613183028611e-03 -8.002999999999999697e-03 4.540067433563723526e-02 1.068479868868799608e-02 9.989117147410233599e-01 2.232428300000000032e+00
9.988119123154374224e-01 1.176351761763667035e-02 -4.729041625994038350e-02 -7.586091000000000362e-01 -1.223145690840739090e-02 9.998789370373275531e-01 -9.617834007798940765e-03 -1.052830000000000085e-02 4.717155158224769357e-02 1.018483786632621776e-02 9.988348781450114844e-01 2.359960800000000081e+00
9.988533391271189332e-01 9.392128095626088233e-03 -4.694459334620111612e-02 -7.650390999999999719e-01 -9.296502066737823491e-03 9.999542441497545342e-01 2.254918228294474324e-03 -1.344159999999999973e-02 4.696362383726343515e-02 -1.815912092725417227e-03 9.988949496815686668e-01 2.485014399999999846e+00
9.988771657050972141e-01 4.693275370872307048e-03 -4.714213613366538547e-02 -7.707161000000000151e-01 -4.708883541546266677e-03 9.999888889379910939e-01 -2.200371656275304294e-04 -1.539489999999999956e-02 4.714057963945746110e-02 4.417769293049611697e-04 9.988881672061196149e-01 2.608863100000000212e+00
9.988776871568986193e-01 5.127574880740710592e-03 -4.708581608008236691e-02 -7.773295000000000066e-01 -5.481772042393612265e-03 9.999576213465580787e-01 -7.396329238795015977e-03 -1.786590000000000053e-02 4.704589541458615437e-02 7.646141953679593158e-03 9.988634642621903037e-01 2.732511500000000204e+00
9.988830600429973172e-01 7.886410566870482794e-03 -4.658794787827247319e-02 -7.840399999999999592e-01 -8.490269510267397721e-03 9.998823112260971646e-01 -1.277806796042458247e-02 -2.040470000000000131e-02 4.648169190962074537e-02 1.315933985916311298e-02 9.988324604715699273e-01 2.856875899999999913e+00
9.988514681974275389e-01 1.353159502283357053e-02 -4.596346827624392395e-02 -7.904822999999999711e-01 -1.386515511125707874e-02 9.998797479778946951e-01 -6.946010178684560062e-03 -2.382909999999999889e-02 4.586395047947829096e-02 7.575323082194816184e-03 9.989189719524883548e-01 2.980990199999999923e+00
9.989247679194105389e-01 1.159373035816714873e-02 -4.488756457565961505e-02 -7.976168000000000147e-01 -1.184787274961637132e-02 9.999152311908454660e-01 -5.399846652176123682e-03 -2.681000000000000050e-02 4.482115514420390717e-02 5.925862716958042037e-03 9.989774512983758958e-01 3.105200799999999983e+00
9.988504144662645468e-01 9.020388497239153341e-03 -4.707952964856675776e-02 -8.024786999999999892e-01 -9.116787876721304390e-03 9.999567607385977386e-01 -1.833257205528308811e-03 -2.949469999999999870e-02 4.706095727226835418e-02 2.260363804707012005e-03 9.988894618805866932e-01 3.229359599999999997e+00
9.988200621072682583e-01 7.376390619765597380e-03 -4.800075409259128151e-02 -8.090500999999999943e-01 -7.448030245527088693e-03 9.999714000062666086e-01 -1.313778888815738278e-03 -3.219740000000000102e-02 4.798969032505313176e-02 1.669739779611881508e-03 9.988464354401901391e-01 3.353190699999999858e+00
9.987890573248092707e-01 7.424798921027938627e-03 -4.863426085797045023e-02 -8.125379000000000351e-01 -7.689367691370877118e-03 9.999566276701346013e-01 -5.255131119080766640e-03 -3.338649999999999951e-02 4.859313318490294381e-02 5.622734170679930150e-03 9.988028295252873168e-01 3.414257999999999793e+00
9.988139503163574462e-01 1.161530694973746981e-02 -4.728400678767025883e-02 -8.209720999999999824e-01 -1.188242985037264547e-02 9.999149702473616452e-01 -5.372163071705416890e-03 -3.658489999999999659e-02 4.721758691720744777e-02 5.927640313092780514e-03 9.988670394832510624e-01 3.535863200000000095e+00
9.990480327542953232e-01 1.878270547036550719e-02 -3.937306471416650994e-02 -8.375943999999999612e-01 -1.870395035490248631e-02 9.998222624038494155e-01 2.367666101773471202e-03 -4.388670000000000071e-02 3.941053781533291472e-02 -1.628980313461684268e-03 9.992217751491629940e-01 3.754735499999999782e+00
9.994841346809594240e-01 1.869982229303132279e-02 -2.611093960896189795e-02 -8.689120000000000177e-01 -1.858247511522655507e-02 9.998161441937110094e-01 4.729632989197855679e-03 -5.008139999999999814e-02 2.619458225751638766e-02 -4.241987250048219991e-03 9.996478627019239616e-01 4.036707400000000057e+00
9.995025640958937752e-01 1.870530946416408546e-02 -2.539164751613287238e-02 -8.714901999999999926e-01 -1.857673576254086079e-02 9.998134423666161785e-01 5.290118280899890925e-03 -5.125450000000000145e-02 2.548586381001080939e-02 -4.815792859647225095e-03 9.996635828542472790e-01 4.094509600000000304e+00
9.996142141028083739e-01 1.279334347244834823e-02 -2.465265353710775417e-02 -8.883218999999999976e-01 -1.271776517627428056e-02 9.999139410465087696e-01 3.220085365353636368e-03 -5.345930000000000126e-02 2.469172761363314442e-02 -2.905316443174946195e-03 9.996908910877497778e-01 4.244608399999999726e+00
9.995549304598493334e-01 2.588752992753260568e-02 -1.482487057808384509e-02 -9.129669000000000256e-01 -2.587070000788855434e-02 9.996644180830491777e-01 1.325933550529155526e-03 -5.376659999999999773e-02 1.485422076406794911e-02 -9.418136385121705489e-04 9.998892264208883995e-01 4.372343500000000382e+00
9.984609351613342731e-01 3.957046200404800568e-02 -3.885793990344826171e-02 -9.161086000000000507e-01 -3.905153723650987146e-02 9.991387797827360195e-01 1.402412826990769544e-02 -7.273050000000000348e-02 3.937941589484645483e-02 -1.248508194012097096e-02 9.991463277882419725e-01 4.514914000000000094e+00
9.979899094810796845e-01 3.325307983017167929e-02 -5.394787535904083803e-02 -9.113723000000000241e-01 -3.273457549038710085e-02 9.994092726106914570e-01 1.046677539803274846e-02 -7.095830000000000193e-02 5.426405938934650980e-02 -8.679775433554979061e-03 9.984888949592842788e-01 4.576657299999999928e+00
9.954761624870805958e-01 3.012068157968267670e-02 -9.011078992646162633e-02 -9.164082000000000061e-01 -3.014144778330203264e-02 9.995450038641707780e-01 1.130652776568702141e-03 -6.289100000000000246e-02 9.010384589750877748e-02 1.590531782156567658e-03 9.959311056308703947e-01 4.817951700000000059e+00
9.971242138885421102e-01 3.339131944191631868e-02 -6.803177098301108061e-02 -9.234626999999999697e-01 -3.300502514012890881e-02 9.994320898265477426e-01 6.794566979493819533e-03 -6.470560000000000200e-02 6.822001460463364420e-02 -4.529636946519047247e-03 9.976600182409217643e-01 4.907238999999999685e+00
9.978471790377394512e-01 3.283408479040187539e-02 -5.677085662910321545e-02 -9.252051000000000025e-01 -3.245638321965042122e-02 9.994445407239826995e-01 7.562618946274922253e-03 -6.478609999999999924e-02 5.698763440190062618e-02 -5.703761303215788316e-03 9.983585912047190369e-01 4.935361900000000190e+00
9.773786769160611732e-01 1.930706732032512127e-02 2.106137675017901723e-01 -9.136130999999999558e-01 -1.623844341938475780e-02 9.997354430765788003e-01 -1.628977629656056317e-02 -7.004269999999999941e-02 -2.108725559790204929e-01 1.250124025706970086e-02 9.774336213405542262e-01 5.156672499999999992e+00
9.282690244189457651e-01 1.645806713506589233e-02 3.715450851921962006e-01 -8.736534000000000244e-01 -1.055756716657246796e-02 9.997838675084107507e-01 -1.790966346551283242e-02 -7.390320000000000222e-02 -3.717595406708776862e-01 1.270237364047673359e-02 9.282421524710433580e-01 5.238672300000000170e+00
7.386887552855437855e-01 3.135425133762757832e-02 6.733170380569254432e-01 -7.847625999999999769e-01 -1.039930278788321269e-02 9.993287619722698301e-01 -3.512662802627641162e-02 -7.978920000000000456e-02 -6.739664511800421698e-01 1.894561738311376781e-02 7.385189816556867459e-01 5.351607800000000026e+00
7.003056125974264079e-01 3.159376473852174710e-02 7.131436622407788528e-01 -7.683187999999999684e-01 -7.889802877649948823e-03 9.993016524487192687e-01 -3.652339556792024572e-02 -8.053290000000000448e-02 -7.137995516775664795e-01 1.995097598880540141e-02 7.000658244636708272e-01 5.365177199999999758e+00
6.605655980669346006e-01 2.890576488825394308e-02 7.502116684021236104e-01 -7.504385999999999557e-01 -3.230421388584550635e-03 9.993587219348806228e-01 -3.566103293980878164e-02 -8.124839999999999840e-02 -7.507613835488111675e-01 2.113295173199752214e-02 6.602353696394702709e-01 5.377308799999999778e+00
4.753299261461251812e-01 1.942196631972333346e-02 8.795932290179332425e-01 -6.718420000000000503e-01 2.638133783895761642e-03 9.997203539375675296e-01 -2.350008878883565883e-02 -8.502039999999999598e-02 -8.798036721678633709e-01 1.349078008198280852e-02 4.751457642584243635e-01 5.419353499999999713e+00
4.244923626250906024e-01 1.952829425512588382e-02 9.052209011045060372e-01 -6.500700000000000367e-01 7.027041074646155072e-04 9.997599782811781299e-01 -2.189730655024802602e-02 -8.600049999999999362e-02 -9.054312454736173077e-01 9.931341838009614606e-03 4.243767526260017187e-01 5.427514600000000300e+00
3.740577157287837129e-01 2.471155879125599281e-02 9.270761372001066203e-01 -6.279014000000000539e-01 -2.953622597972759348e-03 9.996716084977117500e-01 -2.545488709750313994e-02 -8.685969999999999802e-02 -9.274007232137104761e-01 6.783363892950589058e-03 3.740078669720500182e-01 5.434706199999999932e+00
2.023973736794036082e-01 3.097083145076506838e-02 9.788136241016102135e-01 -5.298916999999999655e-01 1.383591795416585883e-02 9.993095992804221783e-01 -3.448031554913141145e-02 -9.074530000000000096e-02 -9.792057345124393075e-01 2.052151030627092504e-02 2.018291285040496597e-01 5.452930900000000136e+00
1.719139024192175846e-01 3.226699811643709420e-02 9.845833895549678250e-01 -5.028346999999999678e-01 1.847000297357844628e-02 9.991821601962777022e-01 -3.597040082701501162e-02 -9.160939999999999361e-02 -9.849388149246387503e-01 2.436907011057180480e-02 1.711773328358469071e-01 5.456382800000000088e+00
1.438820856473225218e-01 3.098115979770493106e-02 9.891097578971537185e-01 -4.744101000000000012e-01 1.624478925942576119e-02 9.993011954059357604e-01 -3.366344727125665515e-02 -9.269230000000000524e-02 -9.894614960935537162e-01 2.091144657494797832e-02 1.432782577729423412e-01 5.459955199999999564e+00
1.186495922856451168e-01 2.778897343311730050e-02 9.925472518756894846e-01 -4.447459000000000273e-01 1.021640910932238716e-02 9.995212171854820360e-01 -2.920550258022317630e-02 -9.372900000000000675e-02 -9.928836282441970695e-01 1.360548975913652980e-02 1.183088813785884152e-01 5.463236799999999782e+00
9.468523185106469953e-02 2.386645880133407560e-02 9.952211307109564142e-01 -4.144369999999999998e-01 5.412458409757328961e-03 9.996854608701533085e-01 -2.448845888968623208e-02 -9.502710000000000323e-02 -9.954925475176963356e-01 7.705288386129924283e-03 9.452627342497854634e-02 5.465924300000000180e+00
7.221137366296957738e-02 2.127530794615273280e-02 9.971624134440204568e-01 -3.825163999999999787e-01 9.830190419299812687e-03 9.997087272369558075e-01 -2.204150726666224969e-02 -9.627860000000000584e-02 -9.973409070473482352e-01 1.139394392045129517e-02 7.198120012829967163e-02 5.467258900000000033e+00
5.198642644140363811e-02 2.157954944787404336e-02 9.984146105258475679e-01 -3.499781000000000142e-01 1.753630936190831227e-02 9.995926233445326936e-01 -2.251810847203943033e-02 -9.784519999999999329e-02 -9.984938103562868150e-01 1.867914347131168634e-02 5.158682272986170325e-02 5.467889300000000397e+00
3.487537663591684656e-02 2.408146625186998249e-02 9.991014918854154159e-01 -3.159637000000000140e-01 2.284800909265801913e-02 9.994291420772519752e-01 -2.488691317198800379e-02 -9.886670000000000180e-02 -9.991304602428076054e-01 2.369542044126460301e-02 3.430525419096819295e-02 5.467911199999999639e+00
1.155809830488459949e-02 3.457804378802392664e-02 9.993351636219791612e-01 -2.447456000000000076e-01 2.175455835311319516e-02 9.991566767385965386e-01 -3.482347655741280940e-02 -1.006723000000000062e-01 -9.996965287298118508e-01 2.214258829670068957e-02 1.079612102040339305e-02 5.468606499999999926e+00
3.453348175344669521e-03 2.904450076353107257e-02 9.995721541548548972e-01 -1.288643999999999901e-01 3.288773715229115213e-02 9.990340895870313265e-01 -2.914248767716004149e-02 -1.054167000000000021e-01 -9.994530860082336821e-01 3.297430542723924635e-02 2.494804643552006596e-03 5.468448200000000092e+00
5.010206981268609458e-03 2.857283469097524412e-02 9.995791569174136137e-01 -8.774780000000000080e-02 3.063844398943554523e-02 9.991180293514121402e-01 -2.871322299667885061e-02 -1.070619000000000015e-01 -9.995179756142015259e-01 3.076940920253406694e-02 4.130360930468923719e-03 5.469495799999999797e+00
4.989561483535533658e-03 2.890076756296606694e-02 9.995698324331688811e-01 -4.557100000000000040e-02 2.606579716547563833e-02 9.992388791956852145e-01 -2.902131151204711407e-02 -1.087859000000000048e-01 -9.996477772167206011e-01 2.619938812305364767e-02 4.232442279263226581e-03 5.470213399999999559e+00
6.077856374228865315e-03 3.122388932248878340e-02 9.994939361484246332e-01 4.184159999999999963e-02 2.459411233523137175e-02 9.992053853705613609e-01 -3.136443025004514995e-02 -1.116769999999999985e-01 -9.996790431435161883e-01 2.477229464633622438e-02 5.305102979098141880e-03 5.471255300000000155e+00
7.637417600968964340e-03 3.082766286461959340e-02 9.994955352850226626e-01 8.677980000000000416e-02 2.510946560509670286e-02 9.992036138503503917e-01 -3.101052733228341560e-02 -1.136057000000000039e-01 -9.996555329659387867e-01 2.533363911294990098e-02 6.857269126987808328e-03 5.471495599999999904e+00
8.412362580553309904e-03 2.806377343800061167e-02 9.995707362544353769e-01 1.803299999999999903e-01 2.388880677926076210e-02 9.993151806847129226e-01 -2.825764611114486152e-02 -1.173183000000000004e-01 -9.996792270856070806e-01 2.411626574534554007e-02 7.736191571013573132e-03 5.472268099999999968e+00
4.701016182650817783e-03 2.053511147366831463e-02 9.997780801976079434e-01 3.729064000000000267e-01 2.352538173246577352e-02 9.995101487654086680e-01 -2.064022599906286878e-02 -1.246788999999999953e-01 -9.997121870124383580e-01 2.361719102083567265e-02 4.215617047733100087e-03 5.473348099999999938e+00
1.751876220608365427e-03 1.799924632994006138e-02 9.998364656588903943e-01 4.717602000000000184e-01 2.186237913703871841e-02 9.995983381825279679e-01 -1.803326596034902571e-02 -1.282666000000000084e-01 -9.997594547230727047e-01 2.189039593708729317e-02 1.357666211375452292e-03 5.473967100000000308e+00
1.155862134997975675e-04 2.726798805411332488e-02 9.996281525984089811e-01 5.719347999999999654e-01 2.044369314948466659e-02 9.994191784171766457e-01 -2.726465151703432593e-02 -1.319295000000000051e-01 -9.997909991844480260e-01 2.043924263313934980e-02 -4.419393020498318947e-04 5.474531200000000375e+00
-1.888492936984465355e-03 2.708163837919986411e-02 9.996314413108089436e-01 6.742858000000000462e-01 1.733547101968205273e-02 9.994838944722029828e-01 -2.704489111096776421e-02 -1.359596000000000138e-01 -9.998479459592606311e-01 1.727800779536194792e-02 -2.356991232628558031e-03 5.474783399999999745e+00
-3.412567782552393143e-03 1.734445901350823230e-02 9.998437498542751545e-01 7.766418000000000488e-01 1.312480084761146436e-02 9.997642267053061804e-01 -1.729828324001400283e-02 -1.403085000000000027e-01 -9.999080427638533664e-01 1.306371853148807771e-02 -3.639405760564762282e-03 5.475504400000000160e+00
-4.246183810982462337e-03 1.083594800084956324e-02 9.999322737835629749e-01 8.802276999999999463e-01 6.459391920310754778e-03 9.999207243036960513e-01 -1.080839321970440171e-02 -1.434642999999999891e-01 -9.999701226432033963e-01 6.413060025823267077e-03 -4.315840826769834493e-03 5.476180099999999662e+00
-2.403183379986685922e-03 2.871823414699648316e-02 9.995846576139112427e-01 9.802897999999999890e-01 1.160007635023070985e-02 9.995210888719695541e-01 -2.868851911237613184e-02 -1.472499999999999920e-01 -9.999298290071713113e-01 1.152631457451329909e-02 -2.735166177472270199e-03 5.476262099999999577e+00
-6.633067135983564122e-04 2.812696510764598964e-02 9.996041385758849263e-01 1.081083800000000039e+00 1.487391291583461603e-02 9.994940569334741509e-01 -2.811399774555793651e-02 -1.515199999999999880e-01 -9.998891572263277627e-01 1.484937670403487474e-02 -1.081329147763487875e-03 5.476428499999999921e+00
1.059195606737625825e-03 1.734502677838550139e-02 9.998490026752659965e-01 1.181704599999999994e+00 1.990877670060464677e-02 9.996510280364165890e-01 -1.736268285781078155e-02 -1.556833999999999996e-01 -9.998012396046287442e-01 1.992416100598829939e-02 7.135077121700472702e-04 5.476301699999999606e+00
7.304416576958759188e-04 1.878280772809376789e-02 9.998233206866272704e-01 1.279896399999999934e+00 1.577440928059588646e-02 9.996989691399428279e-01 -1.879199596593734978e-02 -1.597304999999999975e-01 -9.998753094595510538e-01 1.578534872548010420e-02 4.339340756737142257e-04 5.476780399999999993e+00
-2.004265512455531868e-03 1.925429399582533410e-02 9.998126099837297831e-01 1.329496400000000023e+00 1.418504456681538364e-02 9.997145710082887549e-01 -1.922397004654587821e-02 -1.613431999999999922e-01 -9.998973784496051342e-01 1.414385649090644376e-02 -2.276816455404562234e-03 5.477401699999999707e+00
-4.370166032841527222e-03 1.933095214419646574e-02 9.998035886803188221e-01 1.378476000000000035e+00 1.394827454358567830e-02 9.997170488899534968e-01 -1.926831066852831981e-02 -1.631509999999999905e-01 -9.998931679365060665e-01 1.386132922778145898e-02 -4.638562917207655900e-03 5.477566699999999678e+00
-6.821590620452542414e-03 1.969539031733682707e-02 9.997827551531656143e-01 1.427442199999999994e+00 1.243603839863432689e-02 9.997303697546778833e-01 -1.960950634572070778e-02 -1.649550999999999934e-01 -9.998994003650339968e-01 1.229956870881751367e-02 -7.064683943562521939e-03 5.477693600000000274e+00
-1.036414052573610307e-02 1.893889258902734310e-02 9.997669243071926060e-01 1.523915600000000037e+00 8.308194090860476777e-03 9.997877436154417596e-01 -1.885315961032387605e-02 -1.687334000000000056e-01 -9.999117753592620117e-01 8.110860857211242211e-03 -1.051928866623463854e-02 5.477124200000000442e+00
-1.270366553863379322e-02 1.786190361271943611e-02 9.997597557819639658e-01 1.571410900000000055e+00 8.709788123881356120e-03 9.998044833992388858e-01 -1.775202990134600034e-02 -1.705116999999999883e-01 -9.998813711999636755e-01 8.482179797145748129e-03 -1.285675515708639693e-02 5.476897700000000313e+00
-1.936077538244431601e-02 1.847086548312503948e-02 9.996419296452578873e-01 1.759720399999999962e+00 1.179313385129694865e-02 9.997639983357985427e-01 -1.824471500415542416e-02 -1.773010999999999893e-01 -9.997430081628757570e-01 1.143567925056312821e-02 -1.957403559622561406e-02 5.474901700000000204e+00
-2.090018377095261698e-02 1.787489364984944443e-02 9.996217637163302694e-01 1.806106200000000106e+00 1.208248628075419932e-02 9.997716612209992526e-01 -1.762495233125051936e-02 -1.791281999999999874e-01 -9.997085554518454487e-01 1.170955150336846010e-02 -2.111138460580375131e-02 5.474181200000000302e+00
-2.199345309334376983e-02 1.747120758174600108e-02 9.996054446263616944e-01 1.851799200000000090e+00 1.057467177431630802e-02 9.997954263176156431e-01 -1.724186275443066393e-02 -1.808619999999999950e-01 -9.997021878229016556e-01 1.019129138101184870e-02 -2.217370609733404496e-02 5.473330500000000320e+00
-2.445943492751716936e-02 1.522250156974403607e-02 9.995849195986230562e-01 1.941026899999999999e+00 7.950353387539126071e-03 9.998554037895939217e-01 -1.503207882368253617e-02 -1.843032000000000004e-01 -9.996692092507599714e-01 7.579377197850766142e-03 -2.457692245283982224e-02 5.472232299999999938e+00
-2.522115782077781129e-02 1.527856317539080973e-02 9.995651347988658841e-01 1.984194199999999908e+00 8.270633853205184780e-03 9.998521706504365225e-01 -1.507426486686804998e-02 -1.857866999999999991e-01 -9.996476828432332429e-01 7.886846829111619078e-03 -2.534379279524867634e-02 5.471394100000000371e+00
-2.535554301441091465e-02 1.746647602029587770e-02 9.995258969400825366e-01 2.026434699999999811e+00 8.419498757630166155e-03 9.998156204886159415e-01 -1.725795664712710328e-02 -1.876667999999999947e-01 -9.996430405295254618e-01 7.977922185399131949e-03 -2.549792694493213663e-02 5.470425099999999929e+00
-2.576037877094347270e-02 2.060729342218713470e-02 9.994557230529973468e-01 2.068689099999999836e+00 8.695021293533219259e-03 9.997543055117605881e-01 -2.038934072995683688e-02 -1.891962000000000088e-01 -9.996303314177109600e-01 8.165051653795940556e-03 -2.593323044297246582e-02 5.469706500000000027e+00
-2.577830085907010377e-02 2.213940945586899064e-02 9.994224961215171232e-01 2.110683700000000051e+00 6.701895801462473025e-03 9.997360902761361912e-01 -2.197349294153428875e-02 -1.909389999999999976e-01 -9.996452189639507546e-01 6.131586118672413543e-03 -2.591987373008786122e-02 5.469111899999999693e+00
-2.602186636601990996e-02 2.302176730564904281e-02 9.993962480922937708e-01 2.152324199999999799e+00 7.372565362062075828e-03 9.997120151201861482e-01 -2.283707740318070140e-02 -1.926467000000000040e-01 -9.996341869658176282e-01 6.773850785284019765e-03 -2.618410194617304398e-02 5.468327999999999633e+00
-2.612681882513596607e-02 2.284443557559578952e-02 9.993975790951818983e-01 2.193896500000000138e+00 8.505956170004887185e-03 9.997077422558295901e-01 -2.262915781432512513e-02 -1.942920999999999954e-01 -9.996224477510056161e-01 7.909604097812323112e-03 -2.631349682773831411e-02 5.467431099999999766e+00
-2.639521974543830585e-02 2.217187890869040667e-02 9.994056734681109333e-01 2.235146999999999995e+00 8.932577251323275264e-03 9.997193192804939565e-01 -2.194291960963484778e-02 -1.960297000000000012e-01 -9.996116753210915196e-01 8.348080198711870653e-03 -2.658586313732747008e-02 5.466530800000000134e+00
-2.671536465859503454e-02 2.237833465493726040e-02 9.993925652261125281e-01 2.276070600000000166e+00 5.285761268798143397e-03 9.997385809474457208e-01 -2.224478574850111828e-02 -1.977125999999999884e-01 -9.996291062283887419e-01 4.688272950573479578e-03 -2.682666728785665367e-02 5.466096399999999633e+00
-2.655865034631951435e-02 2.263533047372061346e-02 9.993909544848440518e-01 2.316832300000000178e+00 2.229979509313015362e-03 9.997424612167933322e-01 -2.258403045464817821e-02 -1.994385999999999937e-01 -9.996447695472479023e-01 1.628819982038348310e-03 -2.660228678696863192e-02 5.465392600000000378e+00
-2.780942923304649192e-02 2.107585695038060453e-02 9.993910365315167299e-01 2.398189799999999927e+00 5.071622412339037503e-03 9.997678144903808795e-01 -2.094267784295982329e-02 -2.022769000000000095e-01 -9.996003772967670953e-01 4.486130062139704472e-03 -2.790986107501658431e-02 5.463690800000000181e+00
-3.662907363257135451e-02 1.975022177587904687e-02 9.991337446531488586e-01 2.478125599999999817e+00 -2.421163771263928205e-03 9.997999949796675390e-01 -1.985215365267347515e-02 -2.061334999999999973e-01 -9.993259973256037876e-01 -3.146232423110361526e-03 -3.657392911251655665e-02 5.461783399999999844e+00
-4.257892202939454751e-02 2.379963433777917969e-02 9.988095978734901070e-01 2.517664700000000089e+00 1.349057724821045925e-03 9.997166922515253740e-01 -2.376373869836247155e-02 -2.073987999999999943e-01 -9.990921956666811710e-01 3.356174264721543260e-04 -4.259896617141323283e-02 5.460052499999999753e+00
-5.643095400500293402e-02 2.815444464408934505e-02 9.980094562061364583e-01 2.597586600000000079e+00 3.225947082642807370e-03 9.996022421745734965e-01 -2.801697173117077139e-02 -2.107893999999999879e-01 -9.984012924147810386e-01 1.638501250576957294e-03 -5.649933290001418751e-02 5.455515400000000348e+00
-6.812930507198457220e-02 2.617231495188645715e-02 9.973331478099319858e-01 2.678714499999999887e+00 -8.554353389348089143e-04 9.996539487002330526e-01 -2.629165415892934649e-02 -2.142469999999999930e-01 -9.976761328310853605e-01 -2.644386146368518306e-03 -6.808334011430061672e-02 5.450906299999999760e+00
-7.689540607936418137e-02 2.629231893655389202e-02 9.966924352521334685e-01 2.761471999999999927e+00 -5.364332857692208356e-03 9.996268620230800428e-01 -2.678358928302837505e-02 -2.174974000000000074e-01 -9.970247341249270923e-01 -7.406124953617657103e-03 -7.672567273272901112e-02 5.445445999999999565e+00
-7.961137805822765534e-02 2.316114908847506648e-02 9.965568672467074451e-01 2.803602500000000219e+00 -4.941447410837291124e-03 9.997085801450505960e-01 -2.362915321912760491e-02 -2.189640999999999948e-01 -9.968137291295481317e-01 -6.805582801532114243e-03 -7.947372812178632451e-02 5.442444300000000013e+00
-8.324991366586596830e-02 1.736000417881541913e-02 9.963774797382453086e-01 2.889290599999999820e+00 -2.919611793438756445e-03 9.998397119022558455e-01 -1.766426817588660075e-02 -2.222087000000000090e-01 -9.965244240567320277e-01 -4.379584241173828038e-03 -8.318588522263248297e-02 5.435924100000000259e+00
-8.537182273941092137e-02 2.080489178981139581e-02 9.961319231707039812e-01 2.976391800000000032e+00 -2.381378112795663402e-03 9.997748491094009538e-01 -2.108506880611023954e-02 -2.250121999999999955e-01 -9.963463157559397931e-01 -4.172237515859286358e-03 -8.530305688354178351e-02 5.429329899999999931e+00
-8.584870679594311382e-02 2.897873219874740405e-02 9.958866565134899540e-01 3.063759800000000144e+00 1.070429921711510760e-02 9.995460436270159343e-01 -2.816246878116367841e-02 -2.288235999999999881e-01 -9.962506800598608381e-01 8.242557232608716325e-03 -8.611993224876868247e-02 5.421034800000000153e+00
-8.670647153136709639e-02 3.062327257101067624e-02 9.957631259348892483e-01 3.108189799999999892e+00 1.173149989006068601e-02 9.994895250049457003e-01 -2.971634761738859570e-02 -2.302913000000000043e-01 -9.961648255710046085e-01 9.105195353728329569e-03 -8.702146696454104990e-02 5.417429399999999617e+00
-8.716737977245857250e-02 2.831586446732752699e-02 9.957911727481177921e-01 3.152933599999999892e+00 9.640656056227046508e-03 9.995731232507389930e-01 -2.757950372230221284e-02 -2.321359000000000061e-01 -9.961470301388292148e-01 7.196047125393723737e-03 -8.740315355500394290e-02 5.413865600000000278e+00
-8.718448312348570095e-02 2.113847074134801718e-02 9.959678865090016986e-01 3.241958900000000199e+00 1.191699829819824197e-02 9.997254388119262147e-01 -2.017503764215365994e-02 -2.359776000000000096e-01 -9.961209018257027870e-01 1.010999737975983720e-02 -8.741245276806886011e-02 5.406341600000000192e+00
-8.978315924652811864e-02 2.174446748241831012e-02 9.957239388754387521e-01 3.329912199999999878e+00 1.103974274039773440e-02 9.997219469379129420e-01 -2.083633583177810569e-02 -2.396577000000000013e-01 -9.959001498121878848e-01 9.121784067541688357e-03 -8.999824809120859914e-02 5.398871899999999613e+00
-9.403192355806760938e-02 2.287271650235855533e-02 9.953064031702861802e-01 3.417313599999999951e+00 1.153582471137380369e-02 9.996939675111697898e-01 -2.188369415808466903e-02 -2.428212999999999899e-01 -9.955023466070774818e-01 9.423914344839214724e-03 -9.426700238271579213e-02 5.390915399999999913e+00
-9.589564900182713514e-02 2.321764605489038888e-02 9.951205783291731111e-01 3.460974699999999959e+00 1.185322803682332601e-02 9.996836829281989800e-01 -2.218186358760705981e-02 -2.443327999999999889e-01 -9.953208153593618990e-01 9.668246934267616527e-03 -9.614051962410330443e-02 5.386925200000000302e+00
-9.797158506916706089e-02 2.270834582191375711e-02 9.949300978204790313e-01 3.504697100000000010e+00 1.132464907650878455e-02 9.997003412420700785e-01 -2.170207464236192235e-02 -2.461092000000000002e-01 -9.951247765191707506e-01 9.141047561471913468e-03 -9.819939107321395966e-02 5.382832999999999757e+00
-1.030168744765534022e-01 2.527458364248955092e-02 9.943584459312351242e-01 3.682567600000000052e+00 8.158253614573313106e-03 9.996649639253535335e-01 -2.456425854940283773e-02 -2.531200000000000117e-01 -9.946461513880413552e-01 5.581695246106566782e-03 -1.031885565706646135e-01 5.366140800000000155e+00
-1.041517486966160727e-01 2.358744859167082736e-02 9.942816731250622153e-01 3.727932000000000023e+00 8.420244397918337509e-03 9.997038089215041223e-01 -2.283405159222094000e-02 -2.547823000000000171e-01 -9.945257727820416838e-01 5.993888284925624060e-03 -1.043195119597075671e-01 5.361698200000000192e+00
-1.049733504330954414e-01 2.129393512939481078e-02 9.942470337021660498e-01 3.773671199999999892e+00 6.184274644774763983e-03 9.997653780322273143e-01 -2.075918194909644188e-02 -2.565315000000000234e-01 -9.944558061804300575e-01 3.969535839719939146e-03 -1.050804089221613058e-01 5.357082400000000355e+00
-1.070579019133877374e-01 1.919934822789816711e-02 9.940673974462332918e-01 3.820223299999999877e+00 3.099243560833308403e-03 9.998151249468850699e-01 -1.897658074562663666e-02 -2.582004999999999995e-01 -9.942479571652407255e-01 1.049264060452786279e-03 -1.070976130344526434e-01 5.352804700000000082e+00
-1.088425015848795696e-01 1.885389914497558397e-02 9.938801941561047348e-01 3.866386900000000182e+00 4.878427337821997223e-03 9.998182092275342825e-01 -1.843229350232936450e-02 -2.598048000000000024e-01 -9.940470365105743555e-01 2.842355374950727986e-03 -1.089146923994527283e-01 5.347560399999999881e+00
-1.131936244806653474e-01 2.077001555116893966e-02 9.933558324341457135e-01 3.959633800000000203e+00 5.096669778266324502e-03 9.997804639586110875e-01 -2.032357852041968144e-02 -2.629324000000000106e-01 -9.935598760689271502e-01 2.762307135087996648e-03 -1.132746323109901088e-01 5.337695599999999985e+00
-1.149548914797116073e-01 2.817252843291908476e-02 9.929711383351401688e-01 4.054024199999999745e+00 8.957839312637959350e-03 9.995865149094917967e-01 -2.732318293949855675e-02 -2.666136000000000061e-01 -9.933303227223745369e-01 5.753942369603021537e-03 -1.151597243287365568e-01 5.326859500000000303e+00
-1.158611503055167469e-01 3.185828408367223641e-02 9.927543722316846120e-01 4.101500500000000216e+00 9.992741595123236578e-03 9.994722919988707766e-01 -3.090764698156518372e-02 -2.688206000000000206e-01 -9.932151524041984425e-01 6.339342376619035851e-03 -1.161183610499926244e-01 5.321446899999999758e+00
-1.151671865072424056e-01 3.215674673112365461e-02 9.928254946322021546e-01 4.198217399999999877e+00 1.557550707158864012e-02 9.994114706212339216e-01 -3.056331085084540086e-02 -2.731067999999999829e-01 -9.932240043069182622e-01 1.194386999145921960e-02 -1.156002648706229152e-01 5.310107699999999653e+00
