9.999999981757400347e-01 -5.999879194527091296e-07 -6.040000006490493404e-05 -2.300000000000000002e-06 6.000120794526870791e-07 9.999999999997399858e-01 3.999818796351486074e-07 -3.999999999999999819e-07 6.039999982490493825e-05 -4.000181196351155317e-07 9.999999981758399548e-01 1.879999999999999957e-05
9.991425317548542351e-01 1.948074504075810766e-03 -4.135705797353861346e-02 -5.498399999999999642e-03 -2.078656854234813868e-03 9.999929889807869232e-01 -3.114670922291846132e-03 -6.618999999999999884e-04 4.135070040739825814e-02 3.197967322909584832e-03 9.991395761257879649e-01 4.295449999999999963e-02
9.984916516026924871e-01 1.703398607641260724e-03 -5.487731874746638872e-02 -7.211999999999999661e-03 -1.929223201908532737e-03 9.999898875797629261e-01 -4.062368280984367946e-03 -6.725999999999999774e-04 5.486984397248417800e-02 4.162111410884614116e-03 9.984848406716241298e-01 5.337619999999999865e-02
9.939647968490301633e-01 -9.556326092267808815e-04 -1.096953480836012074e-01 -1.486999999999999954e-02 4.933730106906548171e-04 9.999908848026564101e-01 -4.241095928247277068e-03 -1.036000000000000029e-03 1.096984011184236607e-01 4.161379328594787437e-03 9.939562081470918464e-01 9.136900000000000577e-02
9.834185704934232941e-01 6.634321617742316816e-03 -1.812288635547445181e-01 -2.901369999999999991e-02 -8.108858483346689100e-03 9.999397664412381648e-01 -7.396614329483094594e-03 -2.389599999999999971e-03 1.811688759769980728e-01 8.743527098054605304e-03 9.834131324683013098e-01 1.345229000000000008e-01
9.780783608725466260e-01 9.359612671867774750e-03 -2.080267233878979050e-01 -3.506379999999999914e-02 -1.128687484530101030e-02 9.999036600032810140e-01 -8.079428709348662752e-03 -3.040399999999999960e-03 2.079310617707197939e-01 1.025028598018359188e-02 9.780897735832971840e-01 1.496868000000000087e-01
9.302497433582951336e-01 1.833272428243539268e-02 -3.664687247258762715e-01 -7.443520000000000691e-02 -2.174042966943765323e-02 9.997502637273528725e-01 -5.173383310420181028e-03 -4.319700000000000102e-03 3.662823619826842125e-01 1.277972603276388182e-02 9.304159875576694105e-01 2.289149000000000045e-01
8.610236220024698461e-01 1.267774942369474106e-02 -5.084069207075153640e-01 -1.191279999999999978e-01 -1.758929667310468389e-02 9.998335008700633963e-01 -4.856663510933883522e-03 -4.739600000000000063e-03 5.082606998345370330e-01 1.312422216601562275e-02 8.611032550143122855e-01 2.927220999999999851e-01
8.076021000219253398e-01 1.997190782238596196e-02 -5.893894900132764514e-01 -1.494891000000000136e-01 -2.305668479952380223e-02 9.997315512369173707e-01 2.283582160186286257e-03 -5.757899999999999824e-03 5.892768766261166080e-01 1.174514194724914778e-02 8.078457862206174234e-01 3.225508000000000264e-01
7.001209319495469430e-01 1.808142866032501697e-02 -7.137953086030330851e-01 -2.039699000000000095e-01 -1.942167774080575879e-02 9.997916802696087402e-01 6.276503597134561532e-03 -6.345899999999999805e-03 7.137600991088182134e-01 9.468790908776574325e-03 7.003262546262960520e-01 3.659871000000000096e-01
6.139101858522265642e-01 1.372621001719471698e-02 -7.892565329887668568e-01 -2.475517000000000134e-01 -1.103971281580167982e-02 9.999003151875311968e-01 8.802524002823946744e-03 -6.382900000000000379e-03 7.892986813924303124e-01 3.309206315648958226e-03 6.140005217471163901e-01 3.920070999999999972e-01
5.662969740362006066e-01 1.444792832116859570e-02 -8.240746292446268217e-01 -2.717591999999999786e-01 -8.459204260210366824e-03 9.998955669512578082e-01 1.171738257917943199e-02 -6.458499999999999831e-03 8.241578605223194298e-01 3.354973162236233805e-04 5.663600518935141270e-01 4.040937000000000001e-01
4.629335659154085181e-01 1.647734557437470840e-02 -8.862398155305744041e-01 -3.260721999999999787e-01 -5.436342672996665598e-03 9.998611801493129114e-01 1.575013043644094002e-02 -6.001300000000000211e-03 8.863763081937523491e-01 -2.473360718896856943e-03 4.629588780437937645e-01 4.255503999999999953e-01
4.087778183678987265e-01 1.862503975149843241e-02 -9.124438629880944340e-01 -3.562291000000000207e-01 -4.034091912335655006e-03 9.998188429430717727e-01 1.860127410743863535e-02 -5.904500000000000026e-03 9.126250168129428353e-01 -3.922905840361475688e-03 4.087789005036140955e-01 4.344852000000000158e-01
2.985532236699123820e-01 2.377664296136942218e-02 -9.540967686172041606e-01 -4.234554999999999847e-01 -1.009873085086850433e-03 9.996969374843948097e-01 2.459701893876382883e-02 -5.498199999999999962e-03 9.543924521875972733e-01 -6.380002649642975768e-03 2.984867547706853141e-01 4.494285000000000085e-01
1.941436255500887109e-01 2.616834138196153653e-02 -9.806240210027409310e-01 -4.987467999999999901e-01 6.545619580727801701e-03 9.995873238797249316e-01 2.797028429019431106e-02 -5.257200000000000067e-03 9.809512768341613898e-01 -1.184904419297258364e-02 1.938922191041756449e-01 4.597159000000000106e-01
1.465335026349059711e-01 2.714745946707665392e-02 -9.888331244704686718e-01 -5.380979999999999652e-01 4.702872807504089939e-03 9.995929353028193409e-01 2.813977043349996654e-02 -4.702900000000000309e-03 9.891945286913501612e-01 -8.773775537194388949e-03 1.463461829701085959e-01 4.618068000000000173e-01
1.045151817562313262e-01 2.740104042217980998e-02 -9.941457437248544249e-01 -5.805015999999999510e-01 2.169160534378350436e-03 9.996117149853421813e-01 2.777974093902102481e-02 -3.652700000000000044e-03 9.945209256345679538e-01 -5.059866386090969628e-03 1.044151628218664696e-01 4.620734000000000230e-01
6.648579083296382586e-02 2.609223254592176605e-02 -9.974461564506049704e-01 -6.237608999999999515e-01 1.537957671683307451e-03 9.996541605063876679e-01 2.625250594646719518e-02 -2.804599999999999975e-03 9.977861866670210134e-01 -3.279448587602189907e-03 6.642266867151436216e-02 4.622093999999999925e-01
7.546739942283084901e-04 2.058056937235014372e-02 -9.997879128252514791e-01 -7.167797999999999670e-01 2.928009479737208806e-03 9.997838663311718888e-01 2.058269623688793043e-02 -1.368400000000000085e-03 9.999954286033757578e-01 -2.942921712060097769e-03 6.942507815484999512e-04 4.589656999999999765e-01
-4.678654194386524384e-02 1.636575187966378062e-02 -9.987708354063750127e-01 -8.172652000000000250e-01 2.603766686937618313e-03 9.998643795691344316e-01 1.626169941518529338e-02 1.235999999999999957e-04 9.989015166131117729e-01 -1.839737547348879038e-03 -4.682280933243909704e-02 4.516824999999999868e-01
-7.588508128053930712e-02 1.596905123749022687e-02 -9.969886879205903663e-01 -9.244868000000000530e-01 3.920164501422815882e-03 9.998687986114337400e-01 1.571680227049706766e-02 1.908200000000000087e-03 9.971088640410973314e-01 -2.715688844939573993e-03 -7.593772636028650602e-02 4.419004000000000265e-01
-8.551310191544626849e-02 1.699708428758609294e-02 -9.961920540370310384e-01 -9.806776000000000382e-01 3.213907047130759587e-03 9.998539787397185963e-01 1.678368254724879258e-02 2.336599999999999875e-03 9.963318624847299354e-01 -1.766443906585896118e-03 -8.555524223350652324e-02 4.361226000000000269e-01
-9.228508860596852659e-02 1.837306588344760419e-02 -9.955631034098397780e-01 -1.038149599999999895e+00 1.552421416788660885e-03 9.998311906064977217e-01 1.830792937877046000e-02 2.356500000000000088e-03 9.957314157988255143e-01 1.440154014136219018e-04 -9.229803275710113386e-02 4.298520000000000119e-01
-9.655840397279763510e-02 1.941426295971205446e-02 -9.951379607953648732e-01 -1.097590400000000077e+00 1.658059758980950926e-03 9.998115016949037370e-01 1.934455779844309123e-02 2.935600000000000015e-03 9.953259393083563333e-01 2.178814191480422935e-04 -9.657239288546970446e-02 4.234468000000000121e-01
-9.699714137013296100e-02 2.234244295939730868e-02 -9.950338535992774291e-01 -1.220798499999999898e+00 6.077544378059939953e-03 9.997426621987840489e-01 2.185572771656519447e-02 4.733099999999999634e-03 9.952661041251001928e-01 -3.927419291850796704e-03 -9.710796752764860873e-02 4.116424000000000194e-01
-9.376813200207798071e-02 2.474606660496095345e-02 -9.952864761506726721e-01 -1.350287299999999968e+00 2.556650224606197078e-03 9.996937412262746347e-01 2.461477793203250414e-02 5.821899999999999645e-03 9.955907798691537858e-01 -2.365176464654665522e-04 -9.380268172570016549e-02 3.990232000000000223e-01
-9.047346775109733896e-02 2.209365698187813754e-02 -9.956537661025840480e-01 -1.485293500000000044e+00 6.929843251701883061e-04 9.997550452034239532e-01 2.212169439769074916e-02 7.653000000000000080e-03 9.958986250647287042e-01 1.311453951483340652e-03 -9.046661639918296416e-02 3.859698999999999769e-01
-8.681230474783405149e-02 2.843643329807078041e-02 -9.958187550983630398e-01 -1.628410300000000088e+00 -2.597606402732436509e-04 9.995918513012275186e-01 2.856682230480527343e-02 9.749900000000000580e-03 9.962246515062649355e-01 2.738626201022432288e-03 -8.676948575249321394e-02 3.733897999999999939e-01
-8.294817731374561076e-02 2.983973203859869097e-02 -9.961070174796440302e-01 -1.776075700000000035e+00 -2.589250890741513073e-03 9.995417832456888751e-01 3.015823810923342826e-02 1.184460000000000027e-02 9.965504982990835980e-01 5.080741864437899463e-03 -8.283290651640040636e-02 3.602079000000000253e-01
-7.978802961571861141e-02 2.630175367695698763e-02 -9.964647952053085067e-01 -1.929554599999999898e+00 -6.041977015657349140e-03 9.996207079922772021e-01 2.686884193188639192e-02 1.472350000000000048e-02 9.967935417345876736e-01 8.164429345343606967e-03 -7.959885206258576762e-02 3.470145000000000035e-01
-7.684850995298518617e-02 3.068607226016832612e-02 -9.965704548536692409e-01 -2.087165600000000065e+00 -9.511306073289333557e-04 9.995235621964468908e-01 3.085034788610030790e-02 1.738270000000000093e-02 9.970423270195570842e-01 3.318671928549083577e-03 -7.678270995515146247e-02 3.346619000000000121e-01
-7.488945785177815451e-02 2.780808343412037933e-02 -9.968040326956891795e-01 -2.247414099999999859e+00 4.989271247921728270e-05 9.996112021631851086e-01 2.788264730238295894e-02 1.984210000000000140e-02 9.971918404265974756e-01 2.038383082946387120e-03 -7.486172841327654037e-02 3.221106000000000247e-01
-7.471452601537847960e-02 1.622940581850405850e-02 -9.970728890051497872e-01 -2.409317999999999849e+00 4.873782348284066632e-03 9.998615560802224245e-01 1.590958574123941399e-02 2.195010000000000017e-02 9.971930534494907183e-01 -3.670839088628172903e-03 -7.478328083513396951e-02 3.103956999999999966e-01
-7.520487761386387970e-02 2.439911737540442077e-02 -9.968695548838799603e-01 -2.575357900000000200e+00 5.399097092343978221e-03 9.996959132358549383e-01 2.406098107138261027e-02 2.317740000000000078e-02 9.971534867479885378e-01 -3.572692378476965622e-03 -7.531374200965967880e-02 2.973553999999999919e-01
-7.560576159286748477e-02 3.706191785989775000e-02 -9.964487859687062299e-01 -2.743467100000000158e+00 1.557525079804382429e-03 9.993121903086661373e-01 3.705024178223558645e-02 2.480670000000000097e-02 9.971365718544215051e-01 1.249217772258913450e-03 -7.561148408389561926e-02 2.833891000000000049e-01
-7.606125227258236920e-02 3.410541638662475949e-02 -9.965196969833670648e-01 -2.909635300000000147e+00 -9.453303954171446422e-05 9.994146036841299319e-01 3.421170861558849724e-02 2.708059999999999981e-02 9.971031425916935254e-01 2.696389435605371643e-03 -7.601350220704572447e-02 2.693404999999999827e-01
-7.620969053275607197e-02 3.233430255826726801e-02 -9.965673965904021658e-01 -3.076455800000000185e+00 -1.497101009287181081e-03 9.994692169851433494e-01 3.254294067340000873e-02 3.051500000000000046e-02 9.970906888330014484e-01 3.972049493003847881e-03 -7.612083200645924919e-02 2.548159999999999870e-01
-7.624729854267638107e-02 3.323730042601358292e-02 -9.965348118983775594e-01 -3.241140099999999968e+00 -3.056225995500188447e-03 9.994317709894178225e-01 3.356776161170585415e-02 3.274660000000000071e-02 9.970842536855190064e-01 5.605086738561844070e-03 -7.610239191408363357e-02 2.422922000000000131e-01
-7.547430942257672692e-02 2.408386401742449584e-02 -9.968568583859851451e-01 -3.406133399999999867e+00 -5.236427517325302483e-03 9.996849221345178726e-01 2.454865136333688261e-02 3.483499999999999791e-02 9.971339972360995230e-01 7.072761192990262985e-03 -7.532441573000081547e-02 2.284376999999999935e-01
-7.442803744411601030e-02 2.714222593830319108e-02 -9.968569440061758602e-01 -3.570892300000000130e+00 -3.797681776497198805e-03 9.996145660104169828e-01 2.750085513089003952e-02 3.653080000000000216e-02 9.972191558806631217e-01 5.832580125454026043e-03 -7.429627281188766474e-02 2.159411999999999998e-01
-7.309114180948896033e-02 3.758215936236269927e-02 -9.966169104960276304e-01 -3.736091399999999840e+00 -2.995448771959844519e-03 9.992769656409183909e-01 3.790215331789734132e-02 3.897629999999999845e-02 9.973207669930670427e-01 5.755626563703170745e-03 -7.292571896950661436e-02 2.027407999999999988e-01
-7.299926582095669914e-02 4.049807001119417466e-02 -9.965094146644927209e-01 -3.900186099999999989e+00 -2.359706608074690903e-03 9.991654095154619553e-01 4.077886968177274474e-02 4.244889999999999775e-02 9.973292029086110455e-01 5.328297398570321780e-03 -7.284277776490455381e-02 1.905922999999999923e-01
-7.229706041569113062e-02 3.192429408393312323e-02 -9.968720953575201937e-01 -4.062814699999999668e+00 -3.675290393989236529e-03 9.994722977780921003e-01 3.227411059503376006e-02 4.554219999999999796e-02 9.973763719357754409e-01 5.997117759655260297e-03 -7.214157804489085279e-02 1.777848999999999957e-01
-7.254726836945776802e-02 2.758245038991080644e-02 -9.969835015097381348e-01 -4.225551600000000185e+00 -1.116341673253709067e-02 9.995324432508203572e-01 2.846529493789256432e-02 4.749130000000000018e-02 9.973024977302451521e-01 1.319482169389228111e-02 -7.220543401628998215e-02 1.637435999999999892e-01
-7.445673379475353793e-02 2.177441473052747767e-02 -9.969864942193349400e-01 -4.386787400000000225e+00 -5.518328040808791538e-03 9.997372836627278492e-01 2.224661120944973827e-02 4.918410000000000143e-02 9.972089765180871535e-01 7.158108536015591987e-03 -7.431701443098603921e-02 1.520234000000000030e-01
-7.691296837543648568e-02 2.372107472842248377e-02 -9.967555898561130112e-01 -4.548681700000000383e+00 -8.357153936575500291e-04 9.997150560275673836e-01 2.385599152369419912e-02 5.041360000000000285e-02 9.970374601164492256e-01 2.667839111783537262e-03 -7.687122842139137990e-02 1.392981000000000080e-01
-8.021276160582677117e-02 3.397207039907861048e-02 -9.961986806397439276e-01 -4.710292299999999877e+00 3.859022181106034829e-03 9.994221376126017908e-01 3.377127178036745669e-02 5.114239999999999758e-02 9.967702949142155378e-01 -1.135465832933134356e-03 -8.029750864111351305e-02 1.260140999999999900e-01
-8.277806673905262203e-02 2.904485712559504162e-02 -9.961446621558027736e-01 -4.868928900000000226e+00 5.424095759498214625e-04 9.995763627376009763e-01 2.909984275077495339e-02 5.300719999999999738e-02 9.965678589332471748e-01 1.868510321534986446e-03 -8.275875307410962556e-02 1.116232999999999947e-01
-8.582963319516431766e-02 2.524126099589343863e-02 -9.959900365008278467e-01 -5.103816499999999756e+00 -9.826269126947735633e-03 9.996089559610435993e-01 2.617975549002037050e-02 5.492559999999999804e-02 9.962613705753264881e-01 1.203386495726317673e-02 -8.554804260508830360e-02 8.859160000000000645e-02
-8.785563922842541673e-02 2.629648055270683571e-02 -9.957860622474616896e-01 -5.258383300000000204e+00 -1.192437655553797715e-02 9.995521082292248005e-01 2.744799042322992877e-02 5.596269999999999717e-02 9.960618434111037089e-01 1.428558871916368357e-02 -8.750272027440297862e-02 7.473430000000000351e-02
-8.885073286646583135e-02 2.756712203353016422e-02 -9.956633974651677432e-01 -5.410780400000000157e+00 -1.068110083029523254e-02 9.995330834528963759e-01 2.862741986624670748e-02 5.822800000000000198e-02 9.959876813265037265e-01 1.317834837655181522e-02 -8.851479977902698693e-02 5.999990000000000184e-02
-8.929091258307604584e-02 3.449445264476877493e-02 -9.954080900147533884e-01 -5.559026700000000432e+00 -9.529255591749347803e-03 9.993247767440388563e-01 3.548498095453748308e-02 6.044499999999999873e-02 9.959600023183404760e-01 1.265398444026934362e-02 -8.890191482660447786e-02 4.629939999999999750e-02
-9.036657685959019470e-02 3.672972069488098651e-02 -9.952310331799123500e-01 -5.706183000000000227e+00 -9.106523856695537475e-03 9.992474258051551317e-01 3.770481726541817513e-02 6.256050000000000499e-02 9.958669353934426205e-01 1.247035041396883127e-02 -8.996408922801146790e-02 3.281799999999999995e-02
-9.035095470694284869e-02 2.814074367934123189e-02 -9.955123321831415018e-01 -5.919663400000000131e+00 -8.927514707677983163e-03 9.995376622696090507e-01 2.906477568723178986e-02 6.556040000000000478e-02 9.958699736736157382e-01 1.151348121892433948e-02 -9.005795514852266148e-02 1.252879999999999966e-02
-8.318324582289909896e-02 2.593727006308093469e-02 -9.961966701590815321e-01 -6.121417499999999734e+00 -1.217967941210256096e-02 9.995600999981363310e-01 2.704185461713199193e-02 6.679649999999999477e-02 9.964598351282331068e-01 1.438278531406568181e-02 -8.283074587871308569e-02 -4.808100000000000047e-03
-4.944771162538463827e-02 3.158565836087269540e-02 -9.982771508959438211e-01 -6.369256499999999654e+00 -1.331739994277378498e-02 9.993901213267150085e-01 3.228052436590919672e-02 6.930730000000000224e-02 9.986879245659161519e-01 1.489065413217570064e-02 -4.899691567577402207e-02 -2.038380000000000053e-02
3.116546985257436647e-02 3.512191997663378917e-02 -9.988969737795904136e-01 -6.588250200000000056e+00 -1.855611359788356118e-02 9.992305256568051464e-01 3.455469930077937485e-02 7.252970000000000250e-02 9.993419755704305851e-01 1.745873227871296701e-02 3.179321515999133929e-02 -1.843480000000000119e-02
1.738284945302458750e-01 3.438798707485608841e-02 -9.841753506536768947e-01 -6.772103800000000007e+00 -1.527553574448618258e-02 9.993640408258619434e-01 3.222067522451846355e-02 7.468070000000000264e-02 9.846574594736320352e-01 9.432934280726426937e-03 1.742432416301656906e-01 8.460300000000000459e-03
3.676774980447943264e-01 2.350317485525499003e-02 -9.296563118718895735e-01 -6.931698800000000382e+00 2.122379781222673983e-03 9.996567628958891172e-01 2.611229405043434537e-02 7.564809999999999590e-02 9.299509411445233686e-01 -1.157398670447661038e-02 3.675014148220113741e-01 7.092980000000000118e-02
5.182294441402833796e-01 1.676669728027445350e-02 -8.550772603036315145e-01 -7.039420599999999695e+00 8.286994603895175837e-03 9.996624300264292939e-01 2.462420991807233797e-02 7.802050000000000651e-02 8.552014785689322496e-01 -1.984701126028594678e-02 5.179155599106346486e-01 1.397719000000000045e-01
6.057302828018698015e-01 5.846829153119448980e-03 -7.956485650622524552e-01 -7.101916300000000071e+00 2.622766889223313372e-02 9.992828668989670593e-01 2.731046148750825020e-02 7.867399999999999394e-02 7.952376587418672482e-01 -3.741078067931111195e-02 6.051425448666769569e-01 1.970944000000000029e-01
6.886328479898624622e-01 -3.882301562658148700e-03 -7.250998058225829324e-01 -7.159525399999999706e+00 2.447952339524408355e-02 9.995401249365569729e-01 1.789669176562415018e-02 7.961920000000000108e-02 7.246968701489696629e-01 -3.007434748067934135e-02 6.884111998071347216e-01 2.578512000000000026e-01
7.288032750710738972e-01 -1.091614774118156335e-02 -6.846361252257795460e-01 -7.186339900000000114e+00 2.122526346918127832e-02 9.997525753757869893e-01 6.654037882757855328e-03 8.045480000000000687e-02 6.843940929291694175e-01 -1.938106673983747835e-02 7.288546493064892440e-01 2.907995999999999914e-01
7.676153319197560609e-01 -1.346217052492384471e-02 -6.407694376033242767e-01 -7.212323200000000156e+00 1.652275404623883281e-02 9.998627542908649080e-01 -1.212922344203121693e-03 8.073279999999999346e-02 6.406978233148995505e-01 -9.656218030028144300e-03 7.677324121416955194e-01 3.261973000000000233e-01
8.044305924441392808e-01 -1.431002953845203485e-02 -5.938742669914059968e-01 -7.237515400000000376e+00 1.496738689592967339e-02 9.998806885720888937e-01 -3.819155680631338041e-03 8.059900000000000397e-02 5.938580632352133959e-01 -5.816500254790342959e-03 8.045487984300935258e-01 3.649929000000000090e-01
8.380163151066641891e-01 -1.572132409332858971e-02 -5.454186424974860614e-01 -7.261102700000000354e+00 1.523805605679613186e-02 9.998692699862004041e-01 -5.407826261313454508e-03 8.064369999999999872e-02 5.454323581001203625e-01 -3.779273212555391784e-03 8.381463236400472638e-01 4.073499999999999899e-01
8.683030111852264588e-01 -1.448644431210922151e-02 -4.958225727998480936e-01 -7.283336199999999927e+00 1.243442583956017380e-02 9.998950229066080331e-01 -7.438294201928258645e-03 8.033619999999999650e-02 4.958782772220506896e-01 2.934242425562789101e-04 8.683919898764065337e-01 4.515747999999999984e-01
8.940870609286150072e-01 -1.251504296556222619e-02 -4.477183279469370003e-01 -7.304766200000000431e+00 1.126978184084710503e-02 9.999216680741912500e-01 -5.445156837636596844e-03 7.919279999999999375e-02 4.477514036798663222e-01 -1.772436088529646785e-04 8.941580671712425765e-01 4.990582000000000074e-01
9.150270750149114285e-01 -6.361243295160410802e-03 -4.033422697578266103e-01 -7.324624100000000304e+00 5.055794425634667008e-03 9.999779684431269189e-01 -4.301345264267636241e-03 7.844429999999999459e-02 4.033607454033936168e-01 1.896631776727601909e-03 9.150390766822595889e-01 5.486115000000000297e-01
9.323149946711388747e-01 -2.011408916056721050e-03 -3.616416803211800479e-01 -7.343610800000000438e+00 -1.194675862621357885e-04 9.999827655798160242e-01 -5.869776046705682884e-03 7.810659999999999825e-02 3.616472541563809928e-01 5.515684682344942566e-03 9.322986864646087835e-01 6.003222000000000280e-01
9.456986406927788691e-01 3.175167778937558125e-03 -3.250292283801658466e-01 -7.361803499999999723e+00 -4.842889743707074618e-03 9.999789326530643674e-01 -4.322113946716447247e-03 7.760019999999999418e-02 3.250086574397068051e-01 5.661498000856374918e-03 9.456940943188899551e-01 6.547551000000000343e-01
9.555244354216791969e-01 3.984826800029248051e-03 -2.948850190624390244e-01 -7.377890100000000118e+00 -4.838194199533150941e-03 9.999859535788252485e-01 -2.164375645547827066e-03 7.654740000000000155e-02 2.948722523211854130e-01 3.494824805509634796e-03 9.555302930889265633e-01 7.116398000000000446e-01
9.627275510841373229e-01 3.312885551016106662e-03 -2.704527448055675798e-01 -7.393310500000000118e+00 -3.602163569837204572e-03 9.999933478755885785e-01 -5.732557789940914000e-04 7.578989999999999339e-02 2.704490465894744400e-01 1.526104156956904854e-03 9.627330804563362099e-01 7.703695000000000404e-01
9.684410046411995321e-01 3.784760508284750954e-03 -2.492141571368670649e-01 -7.408524500000000401e+00 -3.514161387148667312e-03 9.999926537706130825e-01 1.530710472899867716e-03 7.541209999999999580e-02 2.492181197250497027e-01 -6.066240200487749753e-04 9.684471905106696310e-01 8.321480999999999462e-01
9.728813879493840577e-01 5.665851450661337635e-03 -2.312351684087417258e-01 -7.422790100000000280e+00 -4.839774828869113782e-03 9.999797201443129113e-01 4.139550664918281546e-03 7.509459999999999746e-02 2.312539330720365383e-01 -2.908165648758554139e-03 9.728890795004707659e-01 8.952373000000000136e-01
9.764235797247589055e-01 1.094442010927631354e-02 -2.155857430953145859e-01 -7.437649699999999697e+00 -9.982678588075187542e-03 9.999347727090308613e-01 5.549455427868147175e-03 7.480320000000000025e-02 2.156324165929012215e-01 -3.266495952910133949e-03 9.764691448880988833e-01 9.593156999999999934e-01
9.818168427176131585e-01 1.325512918055980760e-02 -1.893673385418517818e-01 -7.464540000000000397e+00 -1.223052848221241676e-02 9.999035655287238367e-01 6.578283666043246471e-03 7.426739999999999731e-02 1.894362730024622965e-01 -4.142607071858545563e-03 9.818842789644738334e-01 1.094230700000000001e+00
9.867970881556928919e-01 1.408256453499500890e-02 -1.613480343343650647e-01 -7.487807300000000055e+00 -1.314978851319697356e-02 9.998900908089707329e-01 6.847580893014211870e-03 7.392740000000000422e-02 1.614267322022717166e-01 -4.635480357620038599e-03 9.868738128313823132e-01 1.233998900000000010e+00
9.908308246642664185e-01 1.563958359376152116e-02 -1.342001502239979771e-01 -7.508870100000000214e+00 -1.511162403427214647e-02 9.998735508556605422e-01 4.951880283254776055e-03 7.206049999999999955e-02 1.342606260754682090e-01 -2.878493409168150080e-03 9.909418744616238506e-01 1.380292300000000028e+00
9.933777097165109593e-01 1.505796224991017875e-02 -1.139033959601707113e-01 -7.526731500000000352e+00 -1.590403808616946274e-02 9.998522458102552246e-01 -6.522892053580663096e-03 7.064149999999999596e-02 1.137883447938883852e-01 8.291219516408585011e-03 9.934704164030240259e-01 1.533580699999999908e+00
9.949620457076419067e-01 1.717324830952599718e-02 -9.877047708583569507e-02 -7.544455100000000414e+00 -1.732121564457406865e-02 9.998497712018842298e-01 -6.407153297529851518e-04 6.899510000000000365e-02 9.874463575232020340e-02 2.348312168128498072e-03 9.951100352926316450e-01 1.691372899999999957e+00
9.957200305304111376e-01 2.192658078049698409e-02 -8.978221347122949947e-02 -7.560170199999999952e+00 -2.098803844295851415e-02 9.997149078489442342e-01 1.138443089898220732e-02 6.631779999999999620e-02 9.000623891061096393e-02 -9.451353334477845605e-03 9.958963544854017025e-01 1.851361800000000057e+00
9.963226491175652955e-01 2.053219313754493097e-02 -8.318418058933724213e-02 -7.574430000000000440e+00 -1.980748680255221827e-02 9.997584104508766556e-01 9.528074270456573028e-03 6.507780000000000509e-02 8.335971642180434182e-02 -7.845366638925788463e-03 9.964886391225828977e-01 2.008858200000000149e+00
9.968326906837279289e-01 1.752958258357525598e-02 -7.757126090689006603e-02 -7.587684199999999990e+00 -1.646987296445747220e-02 9.997623857001665115e-01 1.427989578554820366e-02 6.366979999999999862e-02 7.780314947850008878e-02 -1.295707812576197757e-02 9.968845389801515022e-01 2.166081900000000005e+00
9.972968877159944512e-01 1.461392658337034613e-02 -7.200938065146098022e-02 -7.599992300000000256e+00 -1.376438496256936726e-02 9.998298594503776116e-01 1.227981506540154824e-02 6.258940000000000337e-02 7.217658525168210715e-02 -1.125545651025004062e-02 9.973283587866899058e-01 2.323244100000000145e+00
9.974625017187502829e-01 1.806816622545366277e-02 -6.886290027454049223e-02 -7.611730099999999943e+00 -1.828550385740082204e-02 9.998296127853939508e-01 -2.527003381496444132e-03 6.079640000000000044e-02 6.880550859962385191e-02 3.779783943361103311e-03 9.976229323846201869e-01 2.475667200000000179e+00
9.976576595613524390e-01 2.006455825464482576e-02 -6.539577830877651987e-02 -7.623534700000000441e+00 -2.042036496462940401e-02 9.997800708527506686e-01 -4.776883961344883037e-03 5.794509999999999939e-02 6.528554980450126943e-02 6.101100533082709845e-03 9.978479711654522077e-01 2.629317499999999974e+00
9.977944042291485571e-01 2.708228950084378209e-02 -6.060426127254438244e-02 -7.635600600000000071e+00 -2.688185553987133478e-02 9.996301261024921336e-01 4.120295019680991593e-03 5.488520000000000204e-02 6.069343236077380521e-02 -2.482052317781765528e-03 9.981533683179955041e-01 2.783285400000000021e+00
9.981474956533989973e-01 2.176338401696286534e-02 -5.681489273929792028e-02 -7.645412000000000319e+00 -2.146683270150633038e-02 9.997525929056166882e-01 5.824780876710992754e-03 5.296920000000000101e-02 5.692760327480211879e-02 -4.594354647430351664e-03 9.983677378054442997e-01 2.932745000000000157e+00
9.983781219762392078e-01 1.741611971474704354e-02 -5.420151596845999842e-02 -7.658567399999999914e+00 -1.728457655635677256e-02 9.998464200161617521e-01 2.894787407127587513e-03 5.001010000000000177e-02 5.424360766454483507e-02 -1.953242162821066958e-03 9.985258213349259560e-01 3.159097399999999833e+00
9.984228423344222447e-01 1.957007183202770853e-02 -5.261976998564973917e-02 -7.667929599999999901e+00 -1.938529917075769091e-02 9.998040072653017196e-01 4.019605988733466508e-03 4.815420000000000117e-02 5.268812087096702568e-02 -2.993216452867457009e-03 9.986065304084250638e-01 3.312397499999999884e+00
9.983406078985181953e-01 1.848451128512732314e-02 -5.453763345954070613e-02 -7.676839400000000424e+00 -1.834897028430189023e-02 9.998271876030034866e-01 2.984999057647206352e-03 4.637829999999999731e-02 5.458338492914322632e-02 -1.979336358062755170e-03 9.985072540133389518e-01 3.465456999999999788e+00
9.980696503096039285e-01 1.774268448749652047e-02 -5.951613460266103744e-02 -7.687440900000000354e+00 -1.759262279653697400e-02 9.998406027916957317e-01 3.044442851718163947e-03 4.525119999999999837e-02 5.956066448591456480e-02 -1.991521106029383193e-03 9.982227011492378344e-01 3.620024400000000142e+00
9.976437591588480647e-01 2.251362874490700841e-02 -6.480791874562015498e-02 -7.699968300000000099e+00 -2.268887714729555735e-02 9.997406346911992259e-01 -1.969314863926110125e-03 4.286210000000000020e-02 6.474677339603369941e-02 3.435093590405928314e-03 9.978958139339135780e-01 3.777394099999999977e+00
9.973431799425461763e-01 2.226496886909413997e-02 -6.936030985620034173e-02 -7.711948900000000329e+00 -2.279673953585981822e-02 9.997164152796617076e-01 -6.884597803590315063e-03 4.052229999999999721e-02 6.918735497635403187e-02 8.447495583976564332e-03 9.975679173518636755e-01 3.935649900000000034e+00
9.970528527078554859e-01 2.125131988835160871e-02 -7.371560425127392235e-02 -7.724849700000000041e+00 -2.165926494805288025e-02 9.997541789886701391e-01 -4.738969993599238470e-03 3.750409999999999855e-02 7.359677403961080444e-02 6.321629354299203307e-03 9.972680441352110847e-01 4.098110700000000328e+00
9.968536024575106458e-01 2.000904565553812686e-02 -7.669767505888305803e-02 -7.738166299999999609e+00 -2.001423445567873660e-02 9.997994493435816699e-01 7.010787573905351072e-04 3.516860000000000125e-02 7.669632120666899922e-02 8.361723659227590427e-04 9.970541485441690721e-01 4.262000099999999847e+00
9.967950713012209141e-01 1.924185650672827555e-02 -7.764880416186928369e-02 -7.750916499999999765e+00 -1.870947569559223631e-02 9.997962439530715395e-01 7.578000826489595179e-03 3.308910000000000323e-02 7.777879755299571540e-02 -6.100945459903112100e-03 9.969519733245455484e-01 4.429577799999999677e+00
9.970248847781982837e-01 2.205348480713062442e-02 -7.385812711463850266e-02 -7.765164900000000259e+00 -2.165461082610683347e-02 9.997463048878467706e-01 6.197071329777950784e-03 3.205920000000000297e-02 7.397605668721669858e-02 -4.579265329521512405e-03 9.972495040690928514e-01 4.597305799999999998e+00
9.973633586534018658e-01 1.576186772611980549e-02 -7.083709721177054719e-02 -7.777118699999999940e+00 -1.564339884551817564e-02 9.998751547017427077e-01 2.226899801527724900e-03 3.045849999999999946e-02 7.086335363335245774e-02 -1.112895300693815363e-03 9.974854117108099549e-01 4.765901600000000293e+00
9.976006625827323893e-01 1.227217000400869333e-02 -6.813451297166528420e-02 -7.788967099999999810e+00 -1.198201395519831423e-02 9.999173282050356493e-01 4.665629312374626296e-03 2.817180000000000031e-02 6.818613756527602821e-02 -3.838046208133211092e-03 9.976652344575476228e-01 4.935852500000000198e+00
9.977583526675881664e-01 8.856749496403458835e-03 -6.633119681129491518e-02 -7.801662900000000178e+00 -8.386269953149871545e-03 9.999376897538510001e-01 7.367977063222968907e-03 2.592269999999999991e-02 6.639232002523846876e-02 -6.795189334318891237e-03 9.977704571912204834e-01 5.102648699999999593e+00
9.978691953503330270e-01 1.426294371887234375e-02 -6.366818206412945547e-02 -7.820571400000000395e+00 -1.473619655958071165e-02 9.998671250747338535e-01 -6.969699114301172033e-03 2.195920000000000163e-02 6.356031373299110554e-02 7.893074892509822915e-03 9.979467850977350452e-01 5.349861599999999662e+00
9.979730677000475669e-01 1.551698854492543182e-02 -6.171692808178955852e-02 -7.837925900000000112e+00 -1.601675872349809029e-02 9.998427535078477923e-01 -7.611287528283740104e-03 1.579399999999999901e-02 6.158911904995378189e-02 8.584365109989944287e-03 9.980646717975287796e-01 5.591278100000000251e+00
9.978753261965668253e-01 1.420212887938451796e-02 -6.358563441052299259e-02 -7.849252700000000083e+00 -1.361958777419761124e-02 9.998613016280379906e-01 9.585631723908222268e-03 1.168549999999999971e-02 6.371295156368335377e-02 -8.699255254262919235e-03 9.979303496542556440e-01 5.753333999999999726e+00
9.976505604151139073e-01 7.279095338052380543e-03 -6.812029120951240690e-02 -7.859694499999999806e+00 -7.044062801761155970e-03 9.999683826835092937e-01 3.689825547603322372e-03 9.792099999999999763e-03 6.814499602064758021e-02 -3.201312916046394983e-03 9.976702917862992903e-01 5.910588699999999918e+00
9.972622035754322711e-01 8.096087084350171020e-03 -7.350204550756096744e-02 -7.871963000000000044e+00 -8.125198490809702051e-03 9.999669853201645919e-01 -9.705249365834540823e-05 6.978700000000000007e-03 7.349883311562087351e-02 6.940054929176725333e-04 9.972950615976285960e-01 6.065507900000000063e+00
9.969912927990774998e-01 9.526595811298790850e-03 -7.692597776481215066e-02 -7.878799400000000119e+00 -9.829191409211349845e-03 9.999453697104936367e-01 -3.555923337938054606e-03 5.650800000000000094e-03 7.688789943199979271e-02 4.301344765576346589e-03 9.970304656098240015e-01 6.142651100000000142e+00
9.963538944912518902e-01 1.267291198656681286e-02 -8.437010272540904077e-02 -7.892682599999999660e+00 -1.363185169308669259e-02 9.998487604959314101e-01 -1.079947934704630907e-02 2.017199999999999809e-03 8.422048178164875942e-02 1.191022403359069670e-02 9.963759616790927032e-01 6.294697300000000162e+00
9.960460899191504458e-01 1.728874288595184591e-02 -8.713946365565367058e-02 -7.901009099999999563e+00 -1.829144240287074522e-02 9.997752113471162216e-01 -1.072146961248462115e-02 -7.040000000000000359e-05 8.693451496151571867e-02 1.227298436617673370e-02 9.961384261051038358e-01 6.370384699999999789e+00
9.952014352797061703e-01 2.404856253773358238e-02 -9.484603237395541897e-02 -7.917008400000000279e+00 -2.442987859236203652e-02 9.996974518147411226e-01 -2.861095432838341689e-03 -3.746399999999999991e-03 9.474853164653862514e-02 5.164443337095900137e-03 9.954878423546129618e-01 6.519485500000000044e+00
9.947826471979706042e-01 2.425297316116139384e-02 -9.909227077144790174e-02 -7.925122700000000187e+00 -2.409742313044865858e-02 9.997057870440005933e-01 2.766504872119049212e-03 -5.446300000000000273e-03 9.913021250996127687e-02 -3.642026624361004335e-04 9.950744034111974612e-01 6.593963099999999855e+00
9.936046271333281998e-01 2.306939226618824612e-02 -1.105334704047092192e-01 -7.942074299999999809e+00 -2.241790574196859953e-02 9.997232381932088519e-01 7.133338533182242633e-03 -7.297599999999999573e-03 1.106674407465186166e-01 -4.609789252612897167e-03 9.938468027828345486e-01 6.741479899999999859e+00
9.929840854817318929e-01 2.105368900243027516e-02 -1.163587046997242025e-01 -7.951343099999999886e+00 -1.992456609410126270e-02 9.997425182379046094e-01 1.085858615542708086e-02 -8.228400000000000297e-03 1.165573577513254466e-01 -8.464006540757688241e-03 9.931478958077228913e-01 6.814304800000000384e+00
9.922022116924550383e-01 2.194135870180809189e-02 -1.226920856898245649e-01 -7.961125400000000241e+00 -2.079781611317033790e-02 9.997275768822173614e-01 1.059352944645039658e-02 -9.139299999999999508e-03 1.228910979588164198e-01 -7.959195909678922973e-03 9.923882452160283085e-01 6.886928600000000067e+00
9.913046741152762298e-01 2.645456615691414715e-02 -1.288999573570740187e-01 -7.971766900000000433e+00 -2.542746964824875444e-02 9.996305004562079377e-01 9.607619109787648992e-03 -9.696400000000000852e-03 1.291064942769860890e-01 -6.246477977294185961e-03 9.916110601684441361e-01 6.958529500000000034e+00
9.896209435153607847e-01 2.748270536889374505e-02 -1.410499523621821794e-01 -7.993062000000000111e+00 -2.728342091293507049e-02 9.996221353107971330e-01 3.346870175279209169e-03 -1.162260000000000029e-02 1.410886356127058761e-01 5.361923993636255083e-04 9.899968229235163175e-01 7.098997100000000060e+00
9.888126208361288638e-01 2.858511031348073828e-02 -1.463984028039654883e-01 -8.004205699999999979e+00 -2.859509329893109020e-02 9.995890017431451335e-01 2.036721229803895548e-03 -1.237719999999999966e-02 1.463964532166384669e-01 2.172340329838914029e-03 9.892236144689834365e-01 7.168651599999999569e+00
9.870902867931172775e-01 3.097900208819412068e-02 -1.571402785675945490e-01 -8.027779600000000571e+00 -2.958398289326094957e-02 9.994994444474372131e-01 1.120930441355116533e-02 -1.391240000000000011e-02 1.574088741934608904e-01 -6.415760195337596311e-03 9.875126755370096099e-01 7.308140299999999812e+00
9.849699302438589266e-01 2.726888958911957359e-02 -1.705597964820086132e-01 -8.052385299999999191e+00 -2.602416780105669750e-02 9.996158894871671752e-01 9.529752097618575390e-03 -1.509869999999999962e-02 1.707541484288749023e-01 -4.947842495070763069e-03 9.853012430972437619e-01 7.445332999999999757e+00
9.818549629273832791e-01 2.297866268080292831e-02 -1.882360561536194632e-01 -8.078582799999999509e+00 -2.329079030873587239e-02 9.997285793539021359e-01 5.538138884148872346e-04 -1.644220000000000056e-02 1.881976909041691848e-01 3.840401597539113039e-03 9.821236584330449437e-01 7.579867799999999711e+00
9.773024492603074043e-01 2.257785150510346547e-02 -2.106422637820289101e-01 -8.107464800000000693e+00 -2.100998731900527092e-02 9.997324178794861904e-01 9.678485092805801798e-03 -1.815920000000000034e-02 2.108044190776360016e-01 -5.033215895421492767e-03 9.775153009723634989e-01 7.713373200000000374e+00
9.719853468568060428e-01 2.579367792471097195e-02 -2.336218561581318298e-01 -8.140333200000000602e+00 -2.156714874061805773e-02 9.995545652038640982e-01 2.062836094589974925e-02 -1.887990000000000154e-02 2.340498741526143844e-01 -1.501190724826605497e-02 9.721086868503515666e-01 7.845213399999999559e+00
9.625953612408219007e-01 2.546232040559238269e-02 -2.697440282141838619e-01 -8.194139500000000353e+00 -2.581770730218051896e-02 9.996641782124393583e-01 2.230871692211305359e-03 -1.974290000000000073e-02 2.697102454622560819e-01 4.816745624498858756e-03 9.629294794813784142e-01 8.036865199999999376e+00
9.556727878546591448e-01 2.621442176664784754e-02 -2.932615328432010005e-01 -8.234375999999999252e+00 -2.296736176396424120e-02 9.996309001766432445e-01 1.451081340369810187e-02 -2.067530000000000062e-02 2.935336826459729043e-01 -7.132145783286443844e-03 9.559221253056229273e-01 8.165530199999999184e+00
9.439538009100075788e-01 2.181746828210497091e-02 -3.293557648278061523e-01 -8.300134699999999199e+00 -1.844373302209666859e-02 9.997405716677577603e-01 1.336480728011111424e-02 -2.116269999999999957e-02 3.295619068699527920e-01 -6.541210834718115368e-03 9.441113081099370419e-01 8.355451600000000312e+00
9.353799510357393432e-01 1.385629056504771028e-02 -3.533728207037929447e-01 -8.371504800000000301e+00 -1.534888183577632834e-02 9.998811882318832112e-01 -1.421705450733556485e-03 -2.293430000000000121e-02 3.533111362903373909e-01 6.753712443851889527e-03 9.354814954564607543e-01 8.543781299999999135e+00
9.290826529607599804e-01 1.929136661992812349e-02 -3.693687414242458056e-01 -8.421550800000000336e+00 -2.035443627642776962e-02 9.997923076594502634e-01 1.019052923013460260e-03 -2.503760000000000013e-02 3.693116852893564284e-01 6.571508116603374736e-03 9.292823545025530318e-01 8.668374099999999416e+00
9.229683773518249090e-01 2.178082045483177576e-02 -3.842589885335850886e-01 -8.473047299999999282e+00 -1.717231968077422011e-02 9.997336225330898385e-01 1.542061651318508975e-02 -2.541480000000000128e-02 3.844925042771585311e-01 -7.634123209629520811e-03 9.230965465851875829e-01 8.792735099999999804e+00
9.176297385584154531e-01 3.912213005127538473e-02 -3.955061590588259124e-01 -8.529289199999999127e+00 -3.419592072421000911e-02 9.992248821725197017e-01 1.950061160932608367e-02 -2.637420000000000042e-02 3.959625006475205877e-01 -4.369643871682689883e-03 9.182562846468282913e-01 8.914845500000000200e+00
