1.000000e+00 1.197625e-11 1.704638e-10 5.551115e-17 1.197625e-11 1.000000e+00 3.562503e-10 0.000000e+00 1.704638e-10 3.562503e-10 1.000000e+00 2.220446e-16
9.991403e-01 2.230707e-03 -4.139680e-02 -4.273697e-02 -2.379114e-03 9.999909e-01 -3.536042e-03 -7.303015e-03 4.138854e-02 3.631490e-03 9.991365e-01 5.011396e-01
9.984892e-01 2.145631e-03 -5.490591e-02 -6.000009e-02 -2.394373e-03 9.999871e-01 -4.464951e-03 -8.065471e-03 5.489562e-02 4.589671e-03 9.984816e-01 6.279359e-01
9.959798e-01 9.912399e-04 -8.957233e-02 -1.090497e-01 -1.397593e-03 9.999890e-01 -4.473982e-03 -1.033982e-02 8.956691e-02 4.581182e-03 9.959703e-01 9.191805e-01
9.713483e-01 1.158386e-02 -2.373782e-01 -4.366243e-01 -1.400444e-02 9.998657e-01 -8.513365e-03 -4.313507e-02 2.372477e-01 1.159379e-02 9.713800e-01 1.979231e+00
9.538090e-01 1.577198e-02 -2.999995e-01 -6.200940e-01 -1.861376e-02 9.998048e-01 -6.616866e-03 -4.902232e-02 2.998367e-01 1.189534e-02 9.539164e-01 2.368741e+00
8.999654e-01 2.432815e-02 -4.352819e-01 -1.103633e+00 -2.866013e-02 9.995834e-01 -3.388838e-03 -4.676236e-02 4.350182e-01 1.552507e-02 9.002878e-01 3.142085e+00
8.357453e-01 1.684757e-02 -5.488588e-01 -1.564446e+00 -2.109935e-02 9.997763e-01 -1.439127e-03 -4.491985e-02 5.487118e-01 1.278331e-02 8.359139e-01 3.706267e+00
6.574738e-01 1.958832e-02 -7.532227e-01 -2.663146e+00 -2.008945e-02 9.997623e-01 8.464136e-03 -5.287039e-02 7.532096e-01 9.566887e-03 6.577111e-01 4.540774e+00
6.131629e-01 1.930946e-02 -7.897204e-01 -2.929115e+00 -1.750863e-02 9.997878e-01 1.085159e-02 -5.283789e-02 7.897624e-01 7.173130e-03 6.133709e-01 4.687680e+00
5.654772e-01 2.029055e-02 -8.245143e-01 -3.215512e+00 -1.550389e-02 9.997822e-01 1.397070e-02 -5.138930e-02 8.246182e-01 4.883068e-03 5.656686e-01 4.824434e+00
5.147145e-01 2.089948e-02 -8.571069e-01 -3.517839e+00 -1.382236e-02 9.997752e-01 1.607760e-02 -4.877551e-02 8.572503e-01 3.571869e-03 5.148876e-01 4.948178e+00
4.081172e-01 2.482780e-02 -9.125918e-01 -4.177130e+00 -1.202969e-02 9.996896e-01 2.181762e-02 -3.878842e-02 9.128503e-01 2.074055e-03 4.082892e-01 5.153468e+00
3.528221e-01 2.685154e-02 -9.353051e-01 -4.534335e+00 -1.174859e-02 9.996365e-01 2.426655e-02 -3.325067e-02 9.356167e-01 2.426748e-03 3.530093e-01 5.233794e+00
2.439423e-01 3.226578e-02 -9.692528e-01 -5.299329e+00 -5.239211e-03 9.994756e-01 3.195328e-02 -2.697748e-02 9.697756e-01 -2.716632e-03 2.439834e-01 5.360943e+00
1.928119e-01 3.260781e-02 -9.806938e-01 -5.701357e+00 -2.205280e-03 9.994595e-01 3.279820e-02 -2.303083e-02 9.812333e-01 -4.161174e-03 1.927796e-01 5.401694e+00
1.020609e-01 3.392393e-02 -9.941995e-01 -6.558994e+00 -6.144850e-03 9.994208e-01 3.347129e-02 -5.757046e-03 9.947592e-01 2.693100e-03 1.022102e-01 5.427674e+00
6.378191e-02 3.251618e-02 -9.974340e-01 -7.009091e+00 -7.384401e-03 9.994570e-01 3.210994e-02 6.191584e-03 9.979366e-01 5.317422e-03 6.398739e-02 5.424017e+00
2.904726e-02 2.991174e-02 -9.991304e-01 -7.473426e+00 -6.521623e-03 9.995365e-01 2.973431e-02 1.625113e-02 9.995568e-01 5.652255e-03 2.922887e-02 5.410697e+00
-2.964894e-02 2.550783e-02 -9.992348e-01 -8.444612e+00 -6.326376e-03 9.996495e-01 2.570614e-02 3.066422e-02 9.995404e-01 7.083698e-03 -2.947717e-02 5.353644e+00
-6.733280e-02 2.173972e-02 -9.974937e-01 -9.480377e+00 -6.474859e-03 9.997320e-01 2.222558e-02 5.248992e-02 9.977096e-01 7.955144e-03 -6.717399e-02 5.263869e+00
-9.045247e-02 2.383599e-02 -9.956155e-01 -1.057921e+01 -6.387145e-03 9.996791e-01 2.451356e-02 6.596199e-02 9.958803e-01 8.576455e-03 -9.027120e-02 5.153075e+00
-1.018114e-01 2.626013e-02 -9.944570e-01 -1.173941e+01 -8.587813e-03 9.995911e-01 2.727492e-02 7.855473e-02 9.947667e-01 1.131711e-02 -1.015442e-01 5.025880e+00
-1.028278e-01 2.847192e-02 -9.942916e-01 -1.296427e+01 -3.919262e-03 9.995709e-01 2.902843e-02 1.026715e-01 9.946915e-01 6.881821e-03 -1.026721e-01 4.901812e+00
-9.950488e-02 3.165295e-02 -9.945335e-01 -1.425164e+01 -7.042716e-03 9.994464e-01 3.251396e-02 1.178242e-01 9.950122e-01 1.023952e-02 -9.922688e-02 4.767225e+00
-9.663340e-02 2.858456e-02 -9.949095e-01 -1.559372e+01 -9.168533e-03 9.995195e-01 2.960754e-02 1.450798e-01 9.952778e-01 1.198294e-02 -9.632490e-02 4.629999e+00
-9.324592e-02 3.432541e-02 -9.950512e-01 -1.700478e+01 -9.606841e-03 9.993280e-01 3.537320e-02 1.770188e-01 9.955968e-01 1.285771e-02 -9.285350e-02 4.494630e+00
-9.143352e-02 3.749733e-02 -9.951049e-01 -1.773322e+01 -1.072094e-02 9.991958e-01 3.863657e-02 1.905594e-01 9.957535e-01 1.420114e-02 -9.095798e-02 4.426532e+00
-8.776869e-02 3.343541e-02 -9.955796e-01 -1.922427e+01 -1.418124e-02 9.992933e-01 3.481034e-02 2.305555e-01 9.960400e-01 1.717381e-02 -8.723251e-02 4.290984e+00
-8.451284e-02 3.487323e-02 -9.958119e-01 -2.077310e+01 -1.290088e-02 9.992653e-01 3.608905e-02 2.703516e-01 9.963389e-01 1.589684e-02 -8.400085e-02 4.161929e+00
-8.195788e-02 3.938854e-02 -9.958571e-01 -2.236419e+01 -9.754524e-03 9.991391e-01 4.032114e-02 3.062236e-01 9.965881e-01 1.301875e-02 -8.150311e-02 4.035961e+00
-8.074505e-02 2.784209e-02 -9.963458e-01 -2.396950e+01 -8.508473e-03 9.995541e-01 2.862128e-02 3.342058e-01 9.966985e-01 1.078841e-02 -8.047215e-02 3.908970e+00
-8.098689e-02 3.123790e-02 -9.962255e-01 -2.646136e+01 -4.490308e-03 9.994872e-01 3.170522e-02 3.717697e-01 9.967051e-01 7.041069e-03 -8.080509e-02 3.716343e+00
-8.165962e-02 4.388270e-02 -9.956937e-01 -2.815287e+01 -7.595689e-03 9.989738e-01 4.465022e-02 4.028815e-01 9.966314e-01 1.120910e-02 -8.124250e-02 3.569541e+00
-8.290210e-02 3.805547e-02 -9.958308e-01 -3.067424e+01 -9.508351e-03 9.991949e-01 3.897560e-02 4.566603e-01 9.965124e-01 1.269987e-02 -8.247351e-02 3.346046e+00
-8.269813e-02 4.194649e-02 -9.956915e-01 -3.235442e+01 -1.214292e-02 9.989972e-01 4.309431e-02 4.917256e-01 9.965007e-01 1.565442e-02 -8.210584e-02 3.198821e+00
-8.231200e-02 3.566380e-02 -9.959683e-01 -3.402626e+01 -1.376549e-02 9.992235e-01 3.691803e-02 5.241899e-01 9.965116e-01 1.674879e-02 -8.175715e-02 3.051261e+00
-8.151395e-02 3.157687e-02 -9.961718e-01 -3.569639e+01 -1.501861e-02 9.993456e-01 3.290641e-02 5.500320e-01 9.965591e-01 1.764345e-02 -8.098637e-02 2.910621e+00
-8.028235e-02 3.893236e-02 -9.960115e-01 -3.737375e+01 -1.355742e-02 9.991018e-01 4.014595e-02 5.707777e-01 9.966800e-01 1.672636e-02 -7.968242e-02 2.775070e+00
-7.980664e-02 4.835639e-02 -9.956367e-01 -3.904918e+01 -1.285875e-02 9.986896e-01 4.953538e-02 6.055646e-01 9.967275e-01 1.675590e-02 -7.908026e-02 2.638855e+00
-7.935204e-02 4.425698e-02 -9.958637e-01 -4.071171e+01 -1.242385e-02 9.988924e-01 4.538155e-02 6.464858e-01 9.967693e-01 1.597358e-02 -7.871431e-02 2.504806e+00
-7.862370e-02 3.683575e-02 -9.962236e-01 -4.236520e+01 -1.711449e-02 9.991199e-01 3.829356e-02 6.807227e-01 9.967575e-01 2.006064e-02 -7.792408e-02 2.363072e+00
-7.976546e-02 3.312770e-02 -9.962630e-01 -4.401519e+01 -1.910751e-02 9.992131e-01 3.475564e-02 7.092788e-01 9.966305e-01 2.180841e-02 -7.906970e-02 2.223683e+00
-8.168221e-02 2.762876e-02 -9.962754e-01 -4.566121e+01 -1.115209e-02 9.995277e-01 2.863330e-02 7.331961e-01 9.965961e-01 1.344938e-02 -8.133552e-02 2.096619e+00
-8.506616e-02 3.760111e-02 -9.956655e-01 -4.730744e+01 -8.393766e-03 9.992251e-01 3.845268e-02 7.534145e-01 9.963400e-01 1.162841e-02 -8.468463e-02 1.959122e+00
-8.855103e-02 4.048818e-02 -9.952484e-01 -4.893314e+01 -5.319431e-03 9.991400e-01 4.111980e-02 7.767209e-01 9.960575e-01 8.935358e-03 -8.825951e-02 1.820295e+00
-9.088125e-02 3.306855e-02 -9.953125e-01 -5.053252e+01 -1.334325e-02 9.993184e-01 3.442002e-02 7.989932e-01 9.957724e-01 1.640884e-02 -9.037806e-02 1.659366e+00
-9.301301e-02 3.268320e-02 -9.951283e-01 -5.212276e+01 -1.993854e-02 9.991995e-01 3.468054e-02 8.219496e-01 9.954653e-01 2.306714e-02 -9.228690e-02 1.493752e+00
-9.489148e-02 3.383215e-02 -9.949125e-01 -5.370196e+01 -2.126901e-02 9.991253e-01 3.600398e-02 8.419538e-01 9.952604e-01 2.457727e-02 -9.408890e-02 1.337479e+00
-9.600787e-02 3.526470e-02 -9.947557e-01 -5.526303e+01 -2.088946e-02 9.990807e-01 3.743416e-02 8.601357e-01 9.951614e-01 2.437388e-02 -9.518295e-02 1.184702e+00
-9.679243e-02 4.476912e-02 -9.942972e-01 -5.757460e+01 -2.017706e-02 9.986943e-01 4.693131e-02 8.957003e-01 9.951001e-01 2.460459e-02 -9.576274e-02 9.565390e-01
-9.803627e-02 3.931108e-02 -9.944061e-01 -5.981040e+01 -1.882451e-02 9.989675e-01 4.134728e-02 9.337799e-01 9.950048e-01 2.277274e-02 -9.719504e-02 7.359683e-01
-9.446826e-02 3.336158e-02 -9.949687e-01 -6.194033e+01 -2.166315e-02 9.991328e-01 3.555804e-02 9.565112e-01 9.952922e-01 2.491326e-02 -9.366362e-02 5.237598e-01
-6.908210e-02 3.878501e-02 -9.968567e-01 -6.457047e+01 -2.201573e-02 9.989413e-01 4.039181e-02 9.742130e-01 9.973681e-01 2.473688e-02 -6.815508e-02 3.201877e-01
-2.429915e-02 4.346382e-02 -9.987594e-01 -6.637563e+01 -2.907338e-02 9.986011e-01 4.416428e-02 9.966522e-01 9.992819e-01 3.011046e-02 -2.300152e-02 2.555668e-01
8.536048e-02 4.448258e-02 -9.953566e-01 -6.848214e+01 -2.750150e-02 9.987274e-01 4.227474e-02 1.016477e+00 9.959705e-01 2.376521e-02 8.647519e-02 4.164808e-01
3.052822e-01 3.940288e-02 -9.514463e-01 -7.068171e+01 -1.572097e-02 9.992159e-01 3.633695e-02 1.023888e+00 9.521322e-01 3.864635e-03 3.056623e-01 1.080744e+00
4.079745e-01 2.889902e-02 -9.125358e-01 -7.145144e+01 -4.496180e-03 9.995504e-01 2.964455e-02 1.032362e+00 9.129823e-01 -7.991289e-03 4.079211e-01 1.513560e+00
5.069013e-01 2.653927e-02 -8.615955e-01 -7.217075e+01 -3.181020e-03 9.995767e-01 2.891796e-02 1.045549e+00 8.619983e-01 -1.191779e-02 5.067711e-01 2.013647e+00
5.956629e-01 1.585576e-02 -8.030780e-01 -7.281071e+01 1.549808e-02 9.993921e-01 3.122705e-02 1.052187e+00 8.030850e-01 -3.104695e-02 5.950551e-01 2.601772e+00
6.793713e-01 6.183858e-03 -7.337686e-01 -7.338524e+01 1.438602e-02 9.996600e-01 2.174420e-02 1.051991e+00 7.336537e-01 -2.532839e-02 6.790514e-01 3.220823e+00
7.198790e-01 -1.153949e-03 -6.940987e-01 -7.365932e+01 1.134516e-02 9.998846e-01 1.010422e-02 1.056081e+00 6.940069e-01 -1.514848e-02 7.198090e-01 3.554385e+00
7.593590e-01 -4.902043e-03 -6.506534e-01 -7.391333e+01 7.111606e-03 9.999744e-01 7.659137e-04 1.058753e+00 6.506330e-01 -5.208790e-03 7.593745e-01 3.911270e+00
7.967185e-01 -6.044423e-03 -6.043204e-01 -7.416588e+01 5.806608e-03 9.999804e-01 -2.346559e-03 1.057855e+00 6.043228e-01 -1.639502e-03 7.967379e-01 4.300551e+00
8.310408e-01 -8.059018e-03 -5.561530e-01 -7.440171e+01 6.588534e-03 9.999675e-01 -4.645155e-03 1.057076e+00 5.561724e-01 1.960829e-04 8.310669e-01 4.718510e+00
8.620977e-01 -7.374496e-03 -5.066885e-01 -7.461515e+01 4.114510e-03 9.999630e-01 -7.553191e-03 1.053457e+00 5.067255e-01 4.426815e-03 8.620961e-01 5.155827e+00
8.886387e-01 -5.432656e-03 -4.585759e-01 -7.482560e+01 3.165614e-03 9.999786e-01 -5.712150e-03 1.044844e+00 4.585971e-01 3.624365e-03 8.886369e-01 5.623155e+00
9.103879e-01 1.247129e-04 -4.137557e-01 -7.501816e+01 -2.268793e-03 9.999864e-01 -4.690620e-03 1.038119e+00 4.137495e-01 5.209011e-03 9.103759e-01 6.110247e+00
9.282975e-01 4.418182e-03 -3.718121e-01 -7.520557e+01 -7.412496e-03 9.999506e-01 -6.624412e-03 1.035836e+00 3.717645e-01 8.905481e-03 9.282844e-01 6.618096e+00
9.422181e-01 8.825716e-03 -3.348837e-01 -7.537989e+01 -1.143552e-02 9.999176e-01 -5.822212e-03 1.030282e+00 3.348048e-01 9.315364e-03 9.422415e-01 7.151976e+00
9.526123e-01 1.032154e-02 -3.040119e-01 -7.553930e+01 -1.194835e-02 9.999225e-01 -3.491331e-03 1.020134e+00 3.039523e-01 6.958325e-03 9.526619e-01 7.706095e+00
9.661414e-01 8.961543e-03 -2.578573e-01 -7.583698e+01 -9.326138e-03 9.999565e-01 -1.908557e-04 1.004688e+00 2.578444e-01 2.589208e-03 9.661830e-01 8.874404e+00
9.708685e-01 1.164663e-02 -2.393295e-01 -7.598069e+01 -1.133083e-02 9.999321e-01 2.695421e-03 9.966334e-01 2.393447e-01 9.490508e-05 9.709347e-01 9.486418e+00
9.775062e-01 2.013451e-02 -2.099436e-01 -7.625804e+01 -1.939283e-02 9.997963e-01 5.591008e-03 9.812746e-01 2.100134e-01 -1.393842e-03 9.776975e-01 1.075522e+01
9.802980e-01 1.842505e-02 -1.966633e-01 -7.637903e+01 -1.774418e-02 9.998289e-01 5.223750e-03 9.768095e-01 1.967259e-01 -1.631200e-03 9.804572e-01 1.141499e+01
9.829611e-01 1.830401e-02 -1.828999e-01 -7.649294e+01 -1.770182e-02 9.998312e-01 4.924682e-03 9.734490e-01 1.829592e-01 -1.603108e-03 9.831192e-01 1.209150e+01
9.879063e-01 1.985395e-02 -1.537755e-01 -7.670271e+01 -1.919323e-02 9.997991e-01 5.780145e-03 9.650851e-01 1.538594e-01 -2.758791e-03 9.880889e-01 1.349407e+01
9.913422e-01 2.118524e-02 -1.295831e-01 -7.688462e+01 -2.151281e-02 9.997679e-01 -1.128479e-03 9.437305e-01 1.295291e-01 3.906406e-03 9.915679e-01 1.494545e+01
9.935925e-01 1.788793e-02 -1.115977e-01 -7.704091e+01 -1.906292e-02 9.997734e-01 -9.470564e-03 9.267552e-01 1.114030e-01 1.153726e-02 9.937084e-01 1.644684e+01
9.947552e-01 2.430267e-02 -9.935508e-02 -7.719881e+01 -2.389875e-02 9.997006e-01 5.253839e-03 8.975356e-01 9.945301e-02 -2.851820e-03 9.950382e-01 1.799359e+01
9.955248e-01 2.343596e-02 -9.154850e-02 -7.733723e+01 -2.275392e-02 9.997050e-01 8.486912e-03 8.765600e-01 9.172041e-02 -6.365842e-03 9.957645e-01 1.953401e+01
9.961043e-01 2.209172e-02 -8.537129e-02 -7.746374e+01 -2.137124e-02 9.997279e-01 9.344273e-03 8.595219e-01 8.555450e-02 -7.483377e-03 9.963054e-01 2.107246e+01
9.966536e-01 1.782813e-02 -7.977275e-02 -7.757340e+01 -1.673759e-02 9.997574e-01 1.431852e-02 8.408161e-01 8.000867e-02 -1.293540e-02 9.967102e-01 2.261434e+01
9.969879e-01 1.955555e-02 -7.505097e-02 -7.767675e+01 -1.932613e-02 9.998061e-01 3.782018e-03 8.191268e-01 7.511038e-02 -2.320180e-03 9.971725e-01 2.413827e+01
9.971687e-01 2.063475e-02 -7.231107e-02 -7.778961e+01 -2.132267e-02 9.997343e-01 -8.754247e-03 7.903154e-01 7.211122e-02 1.027133e-02 9.973437e-01 2.565478e+01
9.973626e-01 2.544213e-02 -6.797409e-02 -7.790878e+01 -2.571467e-02 9.996644e-01 -3.137224e-03 7.508496e-01 6.787147e-02 4.876881e-03 9.976822e-01 2.718067e+01
9.976148e-01 2.726027e-02 -6.341609e-02 -7.802007e+01 -2.705552e-02 9.996256e-01 4.085521e-03 7.137060e-01 6.350372e-02 -2.360019e-03 9.979788e-01 2.869200e+01
9.978606e-01 2.223991e-02 -6.147886e-02 -7.810970e+01 -2.201720e-02 9.997483e-01 4.297682e-03 6.798769e-01 6.155897e-02 -2.934894e-03 9.980991e-01 3.019277e+01
9.980139e-01 2.011648e-02 -5.969513e-02 -7.819810e+01 -2.011991e-02 9.997974e-01 5.437240e-04 6.476766e-01 5.969397e-02 6.584171e-04 9.982165e-01 3.170130e+01
9.980745e-01 2.157565e-02 -5.815252e-02 -7.829498e+01 -2.151672e-02 9.997671e-01 1.639538e-03 6.149092e-01 5.817435e-02 -3.851293e-04 9.983064e-01 3.323079e+01
9.979711e-01 2.159270e-02 -5.989508e-02 -7.839928e+01 -2.159192e-02 9.997666e-01 6.603379e-04 5.789981e-01 5.989536e-02 6.342523e-04 9.982045e-01 3.477685e+01
9.976774e-01 2.011746e-02 -6.507739e-02 -7.850718e+01 -2.011485e-02 9.997974e-01 6.953249e-04 5.473641e-01 6.507820e-02 6.153131e-04 9.978800e-01 3.634754e+01
9.971704e-01 2.553434e-02 -7.070529e-02 -7.863617e+01 -2.581427e-02 9.996621e-01 -3.047894e-03 5.110168e-01 7.060358e-02 4.864475e-03 9.974926e-01 3.793752e+01
9.968668e-01 2.420540e-02 -7.530350e-02 -7.876270e+01 -2.494465e-02 9.996493e-01 -8.891721e-03 4.825696e-01 7.506187e-02 1.074228e-02 9.971210e-01 3.954602e+01
9.965245e-01 2.452513e-02 -7.960794e-02 -7.889593e+01 -2.510311e-02 9.996652e-01 -6.267558e-03 4.461482e-01 7.942758e-02 8.244181e-03 9.968066e-01 4.119468e+01
9.963375e-01 2.221964e-02 -8.257034e-02 -7.902897e+01 -2.241261e-02 9.997478e-01 -1.410729e-03 4.207820e-01 8.251817e-02 3.256179e-03 9.965843e-01 4.287429e+01
9.963146e-01 2.183582e-02 -8.294879e-02 -7.917130e+01 -2.140884e-02 9.997526e-01 6.033575e-03 3.888969e-01 8.306002e-02 -4.235500e-03 9.965356e-01 4.457894e+01
9.965520e-01 2.539001e-02 -7.899005e-02 -7.931863e+01 -2.509685e-02 9.996739e-01 4.702072e-03 3.639286e-01 7.908368e-02 -2.703457e-03 9.968643e-01 4.629920e+01
9.969335e-01 1.893559e-02 -7.592862e-02 -7.944527e+01 -1.895157e-02 9.998202e-01 5.102881e-04 3.344377e-01 7.592464e-02 9.302438e-04 9.971131e-01 4.803166e+01
9.972126e-01 1.581570e-02 -7.291775e-02 -7.957376e+01 -1.565802e-02 9.998736e-01 2.733572e-03 3.027919e-01 7.295177e-02 -1.584204e-03 9.973342e-01 4.977895e+01
9.973788e-01 1.166362e-02 -7.141078e-02 -7.969742e+01 -1.127732e-02 9.999195e-01 5.810410e-03 2.720427e-01 7.147281e-02 -4.989856e-03 9.974301e-01 5.152945e+01
9.974783e-01 1.766750e-02 -6.873771e-02 -7.990039e+01 -1.824544e-02 9.998032e-01 -7.789141e-03 2.201002e-01 6.858657e-02 9.023648e-03 9.976044e-01 5.411350e+01
9.975764e-01 1.936231e-02 -6.683203e-02 -8.009273e+01 -2.008845e-02 9.997460e-01 -1.021019e-02 1.408072e-01 6.661737e-02 1.152800e-02 9.977120e-01 5.667063e+01
9.974598e-01 2.043472e-02 -6.823714e-02 -8.022244e+01 -1.982576e-02 9.997574e-01 9.589694e-03 9.233457e-02 6.841656e-02 -8.212479e-03 9.976230e-01 5.837775e+01
9.972626e-01 1.027044e-02 -7.322438e-02 -8.033871e+01 -1.012140e-02 9.999459e-01 2.406207e-03 5.914325e-02 7.324513e-02 -1.658486e-03 9.973126e-01 6.004264e+01
9.968586e-01 1.117945e-02 -7.840894e-02 -8.047401e+01 -1.129988e-02 9.999355e-01 -1.092300e-03 1.826730e-02 7.839168e-02 1.974881e-03 9.969207e-01 6.169567e+01
9.962044e-01 1.356199e-02 -8.598214e-02 -8.062089e+01 -1.429631e-02 9.998663e-01 -7.930284e-03 -2.632294e-02 8.586311e-02 9.129410e-03 9.962651e-01 6.332787e+01
9.955324e-01 2.018083e-02 -9.223929e-02 -8.077810e+01 -2.133438e-02 9.997058e-01 -1.153712e-02 -8.379998e-02 9.197933e-02 1.345344e-02 9.956700e-01 6.494508e+01
9.946717e-01 2.644463e-02 -9.964404e-02 -8.094518e+01 -2.706427e-02 9.996218e-01 -4.871640e-03 -1.360470e-01 9.947753e-02 7.542475e-03 9.950112e-01 6.655929e+01
9.937512e-01 2.685355e-02 -1.083396e-01 -8.112341e+01 -2.642608e-02 9.996363e-01 5.379751e-03 -1.755819e-01 1.084446e-01 -2.483143e-03 9.940994e-01 6.815999e+01
9.923841e-01 2.388637e-02 -1.208442e-01 -8.131685e+01 -2.290157e-02 9.996923e-01 9.531912e-03 -2.042169e-01 1.210347e-01 -6.691793e-03 9.926257e-01 6.973955e+01
9.906752e-01 2.878540e-02 -1.331689e-01 -8.154226e+01 -2.781246e-02 9.995712e-01 9.160900e-03 -2.305564e-01 1.333755e-01 -5.371720e-03 9.910510e-01 7.129191e+01
9.889858e-01 2.968952e-02 -1.450022e-01 -8.178344e+01 -2.963715e-02 9.995575e-01 2.521779e-03 -2.550723e-01 1.450129e-01 1.803450e-03 9.894281e-01 7.282193e+01
9.864030e-01 3.427245e-02 -1.607315e-01 -8.218657e+01 -3.300776e-02 9.993996e-01 1.053264e-02 -2.975894e-01 1.609960e-01 -5.084039e-03 9.869420e-01 7.510124e+01
9.827805e-01 2.892232e-02 -1.824992e-01 -8.261416e+01 -2.899126e-02 9.995770e-01 2.290686e-03 -3.380953e-01 1.824882e-01 3.039639e-03 9.832033e-01 7.733161e+01
9.766120e-01 2.610930e-02 -2.134180e-01 -8.310119e+01 -2.486657e-02 9.996546e-01 8.505821e-03 -3.866320e-01 2.135664e-01 -2.999910e-03 9.769240e-01 7.954411e+01
9.712876e-01 2.949127e-02 -2.360734e-01 -8.346726e+01 -2.505677e-02 9.994491e-01 2.176316e-02 -4.083909e-01 2.365852e-01 -1.522305e-02 9.714915e-01 8.101060e+01
9.618068e-01 2.926476e-02 -2.721603e-01 -8.405742e+01 -2.967254e-02 9.995562e-01 2.618079e-03 -4.274942e-01 2.721162e-01 5.557600e-03 9.622484e-01 8.314038e+01
9.548139e-01 2.935585e-02 -2.957510e-01 -8.449278e+01 -2.609382e-02 9.995474e-01 1.497147e-02 -4.369496e-01 2.960566e-01 -6.577694e-03 9.551477e-01 8.458416e+01
9.430702e-01 2.468379e-02 -3.316766e-01 -8.521230e+01 -2.123288e-02 9.996762e-01 1.402483e-02 -4.477484e-01 3.319154e-01 -6.183949e-03 9.432889e-01 8.671556e+01
9.343112e-01 1.670852e-02 -3.560666e-01 -8.599632e+01 -1.806969e-02 9.998366e-01 -4.968568e-04 -4.725988e-01 3.560002e-01 6.898232e-03 9.344604e-01 8.882079e+01
9.281430e-01 2.311602e-02 -3.715053e-01 -8.656905e+01 -2.398840e-02 9.997096e-01 2.273564e-03 -4.896331e-01 3.714500e-01 6.801627e-03 9.284281e-01 9.021553e+01
9.220800e-01 2.377708e-02 -3.862682e-01 -8.715878e+01 -1.933902e-02 9.996948e-01 1.537198e-02 -4.804139e-01 3.865158e-01 -6.704146e-03 9.222584e-01 9.162194e+01
9.166730e-01 4.222960e-02 -3.974007e-01 -8.780250e+01 -3.629672e-02 9.990890e-01 2.244315e-02 -4.756232e-01 3.979864e-01 -6.148685e-03 9.173707e-01 9.300351e+01
9.121701e-01 3.050276e-02 -4.086750e-01 -8.842784e+01 -3.076794e-02 9.995090e-01 5.926946e-03 -4.619748e-01 4.086552e-01 7.167704e-03 9.126607e-01 9.437577e+01
9.082629e-01 3.717963e-02 -4.167447e-01 -8.908452e+01 -3.633541e-02 9.992900e-01 9.960858e-03 -4.666220e-01 4.168192e-01 6.095514e-03 9.089690e-01 9.576606e+01
9.012369e-01 3.463436e-02 -4.319404e-01 -9.008495e+01 -3.478352e-02 9.993663e-01 7.557112e-03 -4.847031e-01 4.319284e-01 8.213660e-03 9.018705e-01 9.784976e+01
8.990019e-01 3.151276e-02 -4.368096e-01 -9.042665e+01 -3.495250e-02 9.993889e-01 1.628784e-04 -4.875902e-01 4.365478e-01 1.512116e-02 8.995540e-01 9.853474e+01
8.924765e-01 3.705554e-02 -4.495694e-01 -9.148703e+01 -3.875384e-02 9.992340e-01 5.428021e-03 -5.172294e-01 4.494262e-01 1.257816e-02 8.932289e-01 1.005948e+02
8.878868e-01 3.673343e-02 -4.585932e-01 -9.219617e+01 -3.816812e-02 9.992524e-01 6.142706e-03 -5.349382e-01 4.584760e-01 1.204961e-02 8.886251e-01 1.019541e+02
8.836111e-01 3.434905e-02 -4.669600e-01 -9.291478e+01 -3.563710e-02 9.993463e-01 6.076049e-03 -5.511717e-01 4.668634e-01 1.127223e-02 8.842576e-01 1.032961e+02
8.790575e-01 3.637209e-02 -4.753262e-01 -9.365046e+01 -3.747987e-02 9.992718e-01 7.150149e-03 -5.659964e-01 4.752401e-01 1.152977e-02 8.797806e-01 1.046187e+02
8.743880e-01 3.013636e-02 -4.842906e-01 -9.438211e+01 -3.517202e-02 9.993804e-01 -1.313869e-03 -5.883920e-01 4.839510e-01 1.818231e-02 8.749062e-01 1.059103e+02
8.702813e-01 2.978177e-02 -4.916539e-01 -9.512335e+01 -3.479658e-02 9.993938e-01 -1.055815e-03 -6.050065e-01 4.913244e-01 1.802673e-02 8.707901e-01 1.071878e+02
8.669419e-01 3.641112e-02 -4.970774e-01 -9.586451e+01 -3.197040e-02 9.993366e-01 1.744294e-02 -6.210034e-01 4.973828e-01 7.697512e-04 8.675309e-01 1.084529e+02
8.638730e-01 3.277621e-02 -5.026421e-01 -9.657402e+01 -2.481486e-02 9.994383e-01 2.252282e-02 -6.245992e-01 5.030980e-01 -6.983865e-03 8.642012e-01 1.096683e+02
8.604880e-01 2.901689e-02 -5.086437e-01 -9.726338e+01 -2.420205e-02 9.995777e-01 1.608015e-02 -6.273272e-01 5.088956e-01 -1.526556e-03 8.608269e-01 1.108135e+02
8.576929e-01 2.552506e-02 -5.135284e-01 -9.792433e+01 -2.122491e-02 9.996733e-01 1.423928e-02 -6.283274e-01 5.137241e-01 -1.313337e-03 8.579545e-01 1.119025e+02
8.551887e-01 2.632932e-02 -5.176476e-01 -9.855027e+01 -2.027669e-02 9.996439e-01 1.734686e-02 -6.360649e-01 5.179200e-01 -4.338655e-03 8.554181e-01 1.129252e+02
8.525658e-01 2.300783e-02 -5.221132e-01 -9.912485e+01 -1.598964e-02 9.997111e-01 1.794433e-02 -6.384109e-01 5.223752e-01 -6.950316e-03 8.526874e-01 1.138657e+02
8.502349e-01 2.237476e-02 -5.259277e-01 -9.966423e+01 -1.755837e-02 9.997457e-01 1.414706e-02 -6.481915e-01 5.261106e-01 -2.793885e-03 8.504116e-01 1.147173e+02
8.440195e-01 1.231158e-02 -5.361711e-01 -1.003993e+02 -9.473063e-03 9.999227e-01 8.048149e-03 -6.585884e-01 5.362288e-01 -1.713609e-03 8.440709e-01 1.158608e+02
8.370973e-01 1.671075e-02 -5.467988e-01 -1.008652e+02 -1.245354e-02 9.998564e-01 1.149150e-02 -6.647242e-01 5.469123e-01 -2.809920e-03 8.371852e-01 1.165286e+02
8.297184e-01 2.829663e-02 -5.574645e-01 -1.013056e+02 -1.887682e-02 9.995654e-01 2.264161e-02 -6.713923e-01 5.578630e-01 -8.262992e-03 8.298920e-01 1.171266e+02
8.200253e-01 2.797336e-02 -5.716433e-01 -1.016929e+02 -1.429213e-02 9.994942e-01 2.840812e-02 -6.721459e-01 5.721489e-01 -1.512537e-02 8.200103e-01 1.176574e+02
8.051579e-01 2.419731e-02 -5.925666e-01 -1.020513e+02 -7.576002e-03 9.995054e-01 3.052057e-02 -6.736387e-01 5.930121e-01 -2.008458e-02 8.049430e-01 1.181220e+02
7.836390e-01 2.664974e-02 -6.206446e-01 -1.024053e+02 -9.010756e-03 9.994619e-01 3.153855e-02 -6.766433e-01 6.211511e-01 -1.912236e-02 7.834575e-01 1.185086e+02
7.261313e-01 1.990391e-02 -6.872679e-01 -1.030684e+02 -1.290432e-02 9.997993e-01 1.532109e-02 -6.855969e-01 6.874350e-01 -2.256399e-03 7.262424e-01 1.191160e+02
6.762025e-01 2.487456e-02 -7.362958e-01 -1.035947e+02 -2.049498e-02 9.996781e-01 1.495024e-02 -6.769315e-01 7.364307e-01 4.980977e-03 6.764947e-01 1.194976e+02
6.354473e-01 2.548306e-02 -7.717236e-01 -1.039548e+02 -1.698091e-02 9.996747e-01 1.902792e-02 -6.680274e-01 7.719575e-01 1.013332e-03 6.356734e-01 1.197348e+02
5.883415e-01 3.447575e-02 -8.078772e-01 -1.043385e+02 -2.259228e-02 9.994015e-01 2.619600e-02 -6.580382e-01 8.082969e-01 2.839598e-03 5.887683e-01 1.199342e+02
5.382124e-01 4.087249e-02 -8.418176e-01 -1.047330e+02 -2.695693e-02 9.991472e-01 3.127647e-02 -6.537004e-01 8.423781e-01 5.859440e-03 5.388552e-01 1.201137e+02
4.850922e-01 4.926544e-02 -8.730741e-01 -1.051362e+02 -3.346351e-02 9.987262e-01 3.776290e-02 -6.502394e-01 8.738225e-01 1.089764e-02 4.861229e-01 1.202566e+02
4.247164e-01 4.648377e-02 -9.041323e-01 -1.055582e+02 -3.170487e-02 9.988321e-01 3.645917e-02 -6.512936e-01 9.047711e-01 1.318059e-02 4.256942e-01 1.203886e+02
3.530581e-01 4.016684e-02 -9.347388e-01 -1.060565e+02 -3.016432e-02 9.990473e-01 3.153697e-02 -6.404796e-01 9.351151e-01 1.706138e-02 3.539333e-01 1.205003e+02
2.697084e-01 3.786323e-02 -9.621973e-01 -1.066408e+02 -2.804717e-02 9.991116e-01 3.145409e-02 -6.251645e-01 9.625335e-01 1.850348e-02 2.705307e-01 1.205994e+02
1.749796e-01 3.323298e-02 -9.840110e-01 -1.072795e+02 -2.476393e-02 9.992625e-01 2.934449e-02 -6.047007e-01 9.842606e-01 1.923329e-02 1.756735e-01 1.206402e+02
7.422523e-02 3.427442e-02 -9.966523e-01 -1.079733e+02 -2.214724e-02 9.992193e-01 3.271330e-02 -5.851771e-01 9.969956e-01 1.964494e-02 7.492637e-02 1.206163e+02
-3.218362e-02 3.879313e-02 -9.987288e-01 -1.087113e+02 -1.358154e-02 9.991372e-01 3.924666e-02 -5.724405e-01 9.993897e-01 1.482738e-02 -3.162899e-02 1.205308e+02
-1.383601e-01 4.236407e-02 -9.894755e-01 -1.095039e+02 -4.720745e-03 9.990451e-01 4.343391e-02 -5.571731e-01 9.903708e-01 1.068058e-02 -1.380280e-01 1.203764e+02
-2.393286e-01 4.521660e-02 -9.698852e-01 -1.103105e+02 2.445837e-03 9.989399e-01 4.596763e-02 -5.385017e-01 9.709356e-01 8.629191e-03 -2.391855e-01 1.201212e+02
-3.346155e-01 4.809612e-02 -9.411266e-01 -1.111598e+02 1.399587e-02 9.988402e-01 4.606938e-02 -5.145431e-01 9.422508e-01 2.243642e-03 -3.349006e-01 1.197761e+02
-3.791908e-01 4.985243e-02 -9.239746e-01 -1.116037e+02 1.948819e-02 9.987564e-01 4.588947e-02 -5.003029e-01 9.251133e-01 -6.057272e-04 -3.796907e-01 1.195688e+02
-4.607358e-01 5.216322e-02 -8.860031e-01 -1.124967e+02 2.716715e-02 9.986324e-01 4.466691e-02 -4.701443e-01 8.871215e-01 -3.490531e-03 -4.615228e-01 1.190622e+02
-5.244114e-01 5.234440e-02 -8.498546e-01 -1.134215e+02 2.906760e-02 9.986273e-01 4.357121e-02 -4.332770e-01 8.509688e-01 -1.853991e-03 -5.252131e-01 1.184470e+02
-5.663021e-01 4.898964e-02 -8.227405e-01 -1.143790e+02 2.667038e-02 9.987984e-01 4.111539e-02 -4.005528e-01 8.237661e-01 1.340940e-03 -5.669282e-01 1.177492e+02
-5.804739e-01 4.834624e-02 -8.128423e-01 -1.148756e+02 2.559142e-02 9.988259e-01 4.113263e-02 -3.846543e-01 8.138766e-01 3.074637e-03 -5.810297e-01 1.173755e+02
-5.918390e-01 4.920885e-02 -8.045527e-01 -1.153845e+02 2.658306e-02 9.987834e-01 4.153377e-02 -3.685473e-01 8.056178e-01 3.193840e-03 -5.924271e-01 1.169889e+02
-6.016909e-01 5.030468e-02 -7.971433e-01 -1.159072e+02 2.782236e-02 9.987291e-01 4.202544e-02 -3.511796e-01 7.982444e-01 3.107915e-03 -6.023258e-01 1.165875e+02
-6.096544e-01 5.169924e-02 -7.909796e-01 -1.164394e+02 2.914620e-02 9.986580e-01 4.280865e-02 -3.334200e-01 7.921314e-01 3.044435e-03 -6.103431e-01 1.161705e+02
-6.217490e-01 5.159735e-02 -7.815151e-01 -1.175268e+02 2.820515e-02 9.986554e-01 4.349432e-02 -2.939813e-01 7.827086e-01 4.999804e-03 -6.223683e-01 1.152919e+02
-6.296183e-01 5.276167e-02 -7.751110e-01 -1.186599e+02 2.959963e-02 9.985960e-01 4.393067e-02 -2.513318e-01 7.763406e-01 4.716556e-03 -6.302960e-01 1.143662e+02
-6.320345e-01 5.391669e-02 -7.730623e-01 -1.192396e+02 3.084404e-02 9.985364e-01 4.442500e-02 -2.283537e-01 7.743262e-01 4.233769e-03 -6.327725e-01 1.138874e+02
-6.339116e-01 5.397883e-02 -7.715195e-01 -1.204389e+02 3.158847e-02 9.985361e-01 4.390755e-02 -1.816124e-01 7.727602e-01 3.462383e-03 -6.346887e-01 1.128933e+02
-6.353366e-01 5.305633e-02 -7.704106e-01 -1.216870e+02 3.262167e-02 9.985904e-01 4.186835e-02 -1.322116e-01 7.715461e-01 1.468411e-03 -6.361718e-01 1.118577e+02
-6.371377e-01 5.467189e-02 -7.688085e-01 -1.229704e+02 3.153192e-02 9.984949e-01 4.487391e-02 -7.535629e-02 7.701048e-01 4.348851e-03 -6.379026e-01 1.107728e+02
-6.395288e-01 5.599430e-02 -7.667252e-01 -1.242849e+02 3.066053e-02 9.984081e-01 4.734015e-02 -1.867648e-02 7.681555e-01 6.767193e-03 -6.402276e-01 1.096502e+02
-6.413875e-01 5.432909e-02 -7.652911e-01 -1.256369e+02 3.253119e-02 9.985183e-01 4.362198e-02 4.221843e-02 7.665271e-01 3.082760e-03 -6.422045e-01 1.085006e+02
-6.431044e-01 5.686590e-02 -7.636642e-01 -1.270372e+02 3.729233e-02 9.983814e-01 4.293905e-02 9.929117e-02 7.648699e-01 -8.645199e-04 -6.441842e-01 1.073179e+02
-6.454794e-01 5.165757e-02 -7.620288e-01 -1.284619e+02 3.704776e-02 9.986533e-01 3.631682e-02 1.484347e-01 7.628787e-01 -4.789697e-03 -6.465239e-01 1.061014e+02
-6.463785e-01 4.518995e-02 -7.616775e-01 -1.299193e+02 3.281356e-02 9.989674e-01 3.142186e-02 1.835941e-01 7.623111e-01 -4.682937e-03 -6.471939e-01 1.048515e+02
-6.463919e-01 4.990347e-02 -7.613719e-01 -1.321648e+02 3.161416e-02 9.987536e-01 3.862258e-02 2.318873e-01 7.623504e-01 8.951891e-04 -6.471639e-01 1.029386e+02
-6.465598e-01 5.357037e-02 -7.609801e-01 -1.336799e+02 3.375429e-02 9.985633e-01 4.161642e-02 2.702986e-01 7.621162e-01 1.221165e-03 -6.474391e-01 1.016681e+02
-6.467821e-01 5.330896e-02 -7.608094e-01 -1.351892e+02 3.266538e-02 9.985751e-01 4.219930e-02 3.106498e-01 7.619750e-01 2.441633e-03 -6.476019e-01 1.003904e+02
-6.469056e-01 5.488490e-02 -7.605924e-01 -1.367105e+02 3.211773e-02 9.984825e-01 4.473420e-02 3.478641e-01 7.618935e-01 4.510303e-03 -6.476867e-01 9.910851e+01
-6.479718e-01 5.568539e-02 -7.596260e-01 -1.389901e+02 3.346596e-02 9.984422e-01 4.464521e-02 4.148069e-01 7.609288e-01 3.507227e-03 -6.488260e-01 9.718269e+01
-6.493896e-01 5.616798e-02 -7.583788e-01 -1.405111e+02 3.459986e-02 9.984181e-01 4.431870e-02 4.529559e-01 7.596684e-01 2.540305e-03 -6.503057e-01 9.590422e+01
-6.507781e-01 5.470254e-02 -7.572949e-01 -1.420208e+02 3.337598e-02 9.984982e-01 4.344417e-02 4.912744e-01 7.585341e-01 2.997059e-03 -6.516265e-01 9.462044e+01
-6.512026e-01 5.277174e-02 -7.570669e-01 -1.435294e+02 3.182284e-02 9.986007e-01 4.223510e-02 5.274135e-01 7.582364e-01 3.411590e-03 -6.519708e-01 9.333700e+01
-6.503822e-01 5.036423e-02 -7.579356e-01 -1.450409e+02 2.708532e-02 9.987026e-01 4.312121e-02 5.612957e-01 7.591241e-01 7.516344e-03 -6.509026e-01 9.204892e+01
-6.480610e-01 4.603184e-02 -7.601960e-01 -1.465475e+02 2.412882e-02 9.989116e-01 3.991709e-02 5.937592e-01 7.612061e-01 7.526081e-03 -6.484664e-01 9.077404e+01
-6.455338e-01 4.889900e-02 -7.621646e-01 -1.480704e+02 2.617218e-02 9.987784e-01 4.191254e-02 6.250373e-01 7.632831e-01 7.108459e-03 -6.460251e-01 8.950321e+01
-6.432656e-01 6.160484e-02 -7.631607e-01 -1.496005e+02 3.171803e-02 9.980462e-01 5.383057e-02 6.716835e-01 7.649859e-01 1.042140e-02 -6.439628e-01 8.823696e+01
-6.425511e-01 6.032541e-02 -7.638645e-01 -1.511134e+02 3.231318e-02 9.981425e-01 5.164595e-02 7.256258e-01 7.655612e-01 8.502276e-03 -6.433069e-01 8.697809e+01
-6.426114e-01 5.645154e-02 -7.641098e-01 -1.518671e+02 3.212413e-02 9.983902e-01 4.674373e-02 7.539528e-01 7.655186e-01 5.491693e-03 -6.433904e-01 8.634989e+01
-6.425603e-01 5.837811e-02 -7.640080e-01 -1.533790e+02 3.171360e-02 9.982652e-01 4.960544e-02 8.039512e-01 7.655786e-01 7.645046e-03 -6.432970e-01 8.508539e+01
-6.426567e-01 6.049709e-02 -7.637621e-01 -1.541322e+02 3.258913e-02 9.981339e-01 5.163989e-02 8.288243e-01 7.654609e-01 8.296381e-03 -6.434290e-01 8.445676e+01
-6.438258e-01 5.874944e-02 -7.629134e-01 -1.556292e+02 3.429074e-02 9.982617e-01 4.793476e-02 8.796994e-01 7.644034e-01 4.700774e-03 -6.447212e-01 8.320615e+01
-6.448800e-01 6.257715e-02 -7.617177e-01 -1.571190e+02 3.425531e-02 9.980074e-01 5.298802e-02 9.324518e-01 7.635159e-01 8.078038e-03 -6.457386e-01 8.195146e+01
-6.459200e-01 6.677058e-02 -7.604795e-01 -1.586032e+02 3.611815e-02 9.977250e-01 5.692364e-02 9.920658e-01 7.625503e-01 9.301002e-03 -6.468621e-01 8.070349e+01
-6.469687e-01 6.525242e-02 -7.597194e-01 -1.600585e+02 3.777343e-02 9.978511e-01 5.353817e-02 1.049905e+00 7.615804e-01 5.940314e-03 -6.480433e-01 7.946455e+01
-6.462966e-01 6.110321e-02 -7.606360e-01 -1.615000e+02 3.319896e-02 9.980966e-01 5.197039e-02 1.102704e+00 7.623638e-01 8.335959e-03 -6.470950e-01 7.822487e+01
-6.452629e-01 5.885567e-02 -7.616901e-01 -1.629402e+02 3.008946e-02 9.982123e-01 5.164155e-02 1.154301e+00 7.633678e-01 1.040353e-02 -6.458803e-01 7.699411e+01
-6.441184e-01 5.888661e-02 -7.626558e-01 -1.643767e+02 2.918479e-02 9.981983e-01 5.242480e-02 1.205952e+00 7.643689e-01 1.150983e-02 -6.446765e-01 7.577428e+01
-6.431937e-01 5.586034e-02 -7.636632e-01 -1.658081e+02 2.755609e-02 9.983780e-01 4.982020e-02 1.257020e+00 7.652076e-01 1.100046e-02 -6.436897e-01 7.456637e+01
-6.420327e-01 5.939250e-02 -7.643733e-01 -1.672418e+02 3.146816e-02 9.981961e-01 5.112921e-02 1.306576e+00 7.660312e-01 8.773208e-03 -6.427436e-01 7.337210e+01
-6.414898e-01 5.863152e-02 -7.648877e-01 -1.686684e+02 3.248127e-02 9.982567e-01 4.927902e-02 1.351053e+00 7.664437e-01 6.767464e-03 -6.422759e-01 7.219108e+01
-6.403780e-01 5.577115e-02 -7.660324e-01 -1.700844e+02 3.508055e-02 9.984431e-01 4.336570e-02 1.396727e+00 7.672584e-01 8.976054e-04 -6.413375e-01 7.103558e+01
-6.396969e-01 5.491240e-02 -7.666633e-01 -1.714722e+02 3.087900e-02 9.984755e-01 4.575085e-02 1.416166e+00 7.680068e-01 5.592882e-03 -6.404173e-01 6.990570e+01
-6.400269e-01 5.437972e-02 -7.664257e-01 -1.728299e+02 3.095182e-02 9.985074e-01 4.499923e-02 1.436887e+00 7.677289e-01 5.078452e-03 -6.407547e-01 6.880749e+01
-6.400838e-01 5.417777e-02 -7.663925e-01 -1.741451e+02 3.096746e-02 9.985193e-01 4.472355e-02 1.460081e+00 7.676808e-01 4.893591e-03 -6.408138e-01 6.773915e+01
-6.402351e-01 5.366964e-02 -7.663019e-01 -1.754193e+02 2.983323e-02 9.985410e-01 4.500977e-02 1.482743e+00 7.675995e-01 5.955573e-03 -6.409021e-01 6.669815e+01
-6.407315e-01 5.812858e-02 -7.655613e-01 -1.772745e+02 3.088011e-02 9.982740e-01 4.995343e-02 1.525125e+00 7.671438e-01 8.366123e-03 -6.414207e-01 6.518539e+01
-6.408903e-01 6.204167e-02 -7.651212e-01 -1.784448e+02 3.338313e-02 9.980382e-01 5.296553e-02 1.550332e+00 7.669062e-01 8.402956e-03 -6.417042e-01 6.419739e+01
-6.421016e-01 6.463336e-02 -7.638900e-01 -1.801003e+02 3.614028e-02 9.978838e-01 5.405341e-02 1.586480e+00 7.657672e-01 7.100584e-03 -6.430787e-01 6.276519e+01
-6.530127e-01 6.800060e-02 -7.542880e-01 -1.821422e+02 4.562165e-02 9.976842e-01 5.044708e-02 1.635244e+00 7.559716e-01 -1.469276e-03 -6.546028e-01 6.098005e+01
-6.909268e-01 7.521748e-02 -7.190011e-01 -1.839747e+02 5.658612e-02 9.971480e-01 4.993889e-02 1.685440e+00 7.207068e-01 -6.181362e-03 -6.932125e-01 5.923570e+01
-7.577802e-01 8.157959e-02 -6.473901e-01 -1.855495e+02 6.626024e-02 9.966456e-01 4.803173e-02 1.749510e+00 6.491370e-01 -6.498730e-03 -7.606438e-01 5.745834e+01
-8.431125e-01 7.749341e-02 -5.321242e-01 -1.867152e+02 6.098436e-02 9.969567e-01 4.856183e-02 1.826654e+00 5.342680e-01 8.491831e-03 -8.452725e-01 5.559683e+01
-9.283201e-01 4.509830e-02 -3.690366e-01 -1.874227e+02 3.357747e-02 9.987291e-01 3.758534e-02 1.883289e+00 3.702626e-01 2.249990e-02 -9.286546e-01 5.369416e+01
-9.831529e-01 3.240420e-02 -1.798899e-01 -1.877485e+02 2.738709e-02 9.991654e-01 3.030454e-02 1.901338e+00 1.807218e-01 2.486734e-02 -9.832198e-01 5.177232e+01
-9.995040e-01 1.006074e-02 -2.984320e-02 -1.877165e+02 8.815319e-03 9.990965e-01 4.157437e-02 1.903912e+00 3.023451e-02 4.129067e-02 -9.986896e-01 5.033042e+01
-9.970705e-01 2.051987e-02 7.368440e-02 -1.876045e+02 2.335961e-02 9.990090e-01 3.788635e-02 1.913879e+00 -7.283396e-02 3.949659e-02 -9.965617e-01 4.940375e+01
-9.843986e-01 2.362611e-02 1.743596e-01 -1.873856e+02 2.975169e-02 9.990255e-01 3.260177e-02 1.916040e+00 -1.734194e-01 3.728062e-02 -9.841422e-01 4.850872e+01
-9.620042e-01 2.331542e-02 2.720374e-01 -1.870919e+02 3.162970e-02 9.991557e-01 2.621754e-02 1.921924e+00 -2.711965e-01 3.382584e-02 -9.619295e-01 4.766758e+01
-9.466844e-01 2.747540e-02 3.209888e-01 -1.869050e+02 3.735473e-02 9.989978e-01 2.465901e-02 1.925132e+00 -3.199896e-01 3.533474e-02 -9.467619e-01 4.724980e+01
-9.303521e-01 3.021656e-02 3.654203e-01 -1.867142e+02 4.116827e-02 9.989052e-01 2.221412e-02 1.922721e+00 -3.643491e-01 3.571067e-02 -9.305775e-01 4.684089e+01
-9.132370e-01 2.475193e-02 4.066762e-01 -1.864782e+02 3.739334e-02 9.990320e-01 2.316585e-02 1.917552e+00 -4.057092e-01 3.636289e-02 -9.132786e-01 4.643056e+01
-8.953418e-01 1.994046e-02 4.449332e-01 -1.862433e+02 3.564541e-02 9.990008e-01 2.695748e-02 1.910636e+00 -4.439511e-01 3.999598e-02 -8.951580e-01 4.602498e+01
-8.776813e-01 1.983338e-02 4.788341e-01 -1.859999e+02 3.901401e-02 9.987839e-01 3.014110e-02 1.906858e+00 -4.776541e-01 4.513551e-02 -8.773878e-01 4.562057e+01
-8.608718e-01 2.164481e-02 5.083614e-01 -1.857437e+02 4.407236e-02 9.985119e-01 3.211896e-02 1.904895e+00 -5.069097e-01 5.005498e-02 -8.605447e-01 4.521752e+01
-8.451571e-01 2.084750e-02 5.341113e-01 -1.854762e+02 4.497868e-02 9.984688e-01 3.220013e-02 1.903482e+00 -5.326223e-01 5.123778e-02 -8.448007e-01 4.482494e+01
-8.309578e-01 1.849718e-02 5.560279e-01 -1.851904e+02 4.411559e-02 9.984907e-01 3.271225e-02 1.903992e+00 -5.545836e-01 5.171199e-02 -8.305196e-01 4.443350e+01
-8.187995e-01 1.697153e-02 5.738286e-01 -1.848981e+02 4.276455e-02 9.985889e-01 3.148676e-02 1.906175e+00 -5.724845e-01 5.032086e-02 -8.183699e-01 4.404415e+01
-8.087019e-01 1.617290e-02 5.879963e-01 -1.845971e+02 4.220964e-02 9.986405e-01 3.058539e-02 1.908337e+00 -5.867023e-01 4.955357e-02 -8.082852e-01 4.365148e+01
-8.004594e-01 1.505932e-02 5.991977e-01 -1.842874e+02 4.110786e-02 9.987097e-01 2.981533e-02 1.908808e+00 -5.979757e-01 4.849769e-02 -8.000457e-01 4.325715e+01
-7.938748e-01 1.369429e-02 6.079270e-01 -1.839689e+02 3.910696e-02 9.988265e-01 2.856890e-02 1.909156e+00 -6.068224e-01 4.645430e-02 -7.934788e-01 4.285899e+01
-7.885180e-01 1.277601e-02 6.148789e-01 -1.836434e+02 3.674891e-02 9.989765e-01 2.636980e-02 1.911087e+00 -6.139128e-01 4.338919e-02 -7.881805e-01 4.245635e+01
-7.802917e-01 1.576827e-02 6.252169e-01 -1.829728e+02 3.925412e-02 9.989458e-01 2.379656e-02 1.921291e+00 -6.241826e-01 4.311059e-02 -7.800882e-01 4.162858e+01
-7.752609e-01 1.747523e-02 6.313994e-01 -1.822608e+02 4.062155e-02 9.989273e-01 2.222968e-02 1.933488e+00 -6.303337e-01 4.288221e-02 -7.751391e-01 4.077740e+01
-7.727979e-01 1.245903e-02 6.345299e-01 -1.815012e+02 3.297646e-02 9.992450e-01 2.054200e-02 1.944762e+00 -6.337949e-01 3.679936e-02 -7.726253e-01 3.989489e+01
-7.720920e-01 1.771611e-02 6.352638e-01 -1.807267e+02 4.063309e-02 9.989422e-01 2.152664e-02 1.954282e+00 -6.342105e-01 4.243327e-02 -7.719952e-01 3.895179e+01
-7.731938e-01 1.750785e-02 6.339280e-01 -1.799121e+02 3.693870e-02 9.991650e-01 1.745866e-02 1.948467e+00 -6.330931e-01 3.691540e-02 -7.731950e-01 3.796509e+01
-7.738922e-01 2.344744e-02 6.328832e-01 -1.790635e+02 3.477357e-02 9.993801e-01 5.495602e-03 1.950476e+00 -6.323620e-01 2.626060e-02 -7.742278e-01 3.693739e+01
-7.745069e-01 2.281632e-02 6.321538e-01 -1.781621e+02 3.591383e-02 9.993234e-01 7.932587e-03 1.942150e+00 -6.315451e-01 2.884690e-02 -7.748023e-01 3.584918e+01
-7.746446e-01 1.254996e-02 6.322722e-01 -1.771997e+02 2.594053e-02 9.995921e-01 1.194081e-02 1.929672e+00 -6.318646e-01 2.565136e-02 -7.746543e-01 3.472689e+01
-7.744470e-01 9.052690e-03 6.325740e-01 -1.762079e+02 2.502673e-02 9.995533e-01 1.633520e-02 1.922565e+00 -6.321436e-01 2.848200e-02 -7.743276e-01 3.353889e+01
-7.747823e-01 3.640077e-03 6.322177e-01 -1.751718e+02 2.325803e-02 9.994706e-01 2.274810e-02 1.922179e+00 -6.318002e-01 3.232895e-02 -7.744568e-01 3.229666e+01
-7.734498e-01 7.172730e-03 6.338170e-01 -1.735590e+02 2.343539e-02 9.995759e-01 1.728639e-02 1.933011e+00 -6.334242e-01 2.822390e-02 -7.732898e-01 3.036327e+01
