1.000000000000000000e+00 -0.000000000000000000e+00 0.000000000000000000e+00 0.000000000000000000e+00 0.000000000000000000e+00 1.000000000000000000e+00 -0.000000000000000000e+00 0.000000000000000000e+00 0.000000000000000000e+00 0.000000000000000000e+00 1.000000000000000000e+00 -0.000000000000000000e+00
9.990872711021222541e-01 2.141784013522213172e-03 -4.266189732013609542e-02 -4.045599999999999891e-03 -2.276402197232546120e-03 9.999925818207195949e-01 -3.107136393508516062e-03 -6.478000000000000251e-04 4.265492603147787859e-02 3.201416057130180692e-03 9.990847352554629301e-01 4.491819999999999841e-02
9.984155198832775913e-01 1.950418394155722370e-03 -5.623740324990513656e-02 -5.817899999999999981e-03 -2.179536214303603656e-03 9.999895723846925488e-01 -4.013071612898915647e-03 -6.974000000000000381e-04 5.622898965920729991e-02 4.129284437702857025e-03 9.984093597978422885e-01 5.579230000000000300e-02
9.958260042406515966e-01 3.777033241256951002e-04 -9.127117079503638264e-02 -1.051329999999999973e-02 -7.511145058442842033e-04 9.999914886035807804e-01 -4.056913530458046944e-03 -8.053999999999999528e-04 9.126886164019396008e-02 4.108535090935414545e-03 9.958178120692106061e-01 8.142290000000000638e-02
9.709403192074160804e-01 1.045627718139605089e-02 -2.390932094495925309e-01 -4.118249999999999689e-02 -1.275973014836898761e-02 9.998858780031683047e-01 -8.088278950059016661e-03 -3.583799999999999833e-03 2.389813503684789786e-01 1.090400097849319148e-02 9.709629328345749100e-01 1.726891999999999872e-01
9.534539307432399191e-01 1.447409796061078710e-02 -3.011911393757983335e-01 -5.759179999999999855e-02 -1.725022843995715691e-02 9.998296867423185352e-01 -6.559506652670193602e-03 -4.199099999999999881e-03 3.010448995898024060e-01 1.144980336004832421e-02 9.535412263945287625e-01 2.062751999999999919e-01
8.995005148191442812e-01 2.230240311298347863e-02 -4.363501193485346819e-01 -9.735539999999999472e-02 -2.643591891616739117e-02 9.996447197776007210e-01 -3.402412646937783350e-03 -4.837199999999999833e-03 4.361192108026798464e-01 1.459578830170552878e-02 8.997705245965215148e-01 2.714969999999999883e-01
8.347885213099939250e-01 1.438786868790848522e-02 -5.503826976965150442e-01 -1.362326000000000092e-01 -1.814442900748584192e-02 9.998344195551877034e-01 -1.383173428503742600e-03 -5.560700000000000018e-03 5.502716641669515019e-01 1.114103708639887017e-02 8.349113563172879671e-01 3.210671999999999970e-01
6.548694345566109520e-01 1.433677948018537152e-02 -7.556060352046171102e-01 -2.311708000000000096e-01 -1.393938498209645535e-02 9.998790993712631803e-01 6.890586827869638054e-03 -6.561100000000000265e-03 7.556134707837237618e-01 6.020248719782468616e-03 6.549901063188102723e-01 3.963289999999999869e-01
6.103627729792584500e-01 1.405126449941545425e-02 -7.919973783586897742e-01 -2.545795000000000141e-01 -1.129544754666390524e-02 9.998953878854613952e-01 9.034719149108121766e-03 -6.708500000000000053e-03 7.920414750666726622e-01 3.431508611407466970e-03 6.104576369600589469e-01 4.092592999999999925e-01
5.621380211506502578e-01 1.466041892283027545e-02 -8.269134883975700623e-01 -2.798432000000000142e-01 -8.564836417359816129e-03 9.998924541279015088e-01 1.190477867187146079e-02 -6.601700000000000276e-03 8.269990863078234833e-01 3.902500345912638530e-04 5.622031296168097381e-01 4.224245999999999834e-01
5.106889247101004115e-01 1.502204138989985185e-02 -8.596343178648242489e-01 -3.069689999999999919e-01 -6.937928531050029796e-03 9.998867978412441238e-01 1.335127898296971025e-02 -5.994700000000000376e-03 8.597375688697914686e-01 -8.542688471332689562e-04 5.107353354709240900e-01 4.347144000000000008e-01
4.036264072460449825e-01 1.870777023742530715e-02 -9.147326072172095035e-01 -3.669554999999999900e-01 -4.179650546170326879e-03 9.998182011114318257e-01 1.860363533324112945e-02 -5.780900000000000274e-03 9.149143423812755582e-01 -3.685655849916482166e-03 4.036312203559013767e-01 4.539545999999999859e-01
3.480421364968749876e-01 2.075615693887332761e-02 -9.372490881146907649e-01 -4.000663999999999887e-01 -3.184111030776259899e-03 9.997752771640470160e-01 2.095844957282493731e-02 -5.762599999999999667e-03 9.374734837101442730e-01 -4.310118406937030883e-03 3.480300133891958136e-01 4.620974999999999944e-01
2.389132208780551103e-01 2.583134725892427541e-02 -9.706972825698353402e-01 -4.725245000000000140e-01 3.355577767083115989e-03 9.996181808940669544e-01 2.742685771074473977e-02 -5.289900000000000158e-03 9.710351244870202292e-01 -9.809889134197486912e-03 2.387353201511079881e-01 4.750334999999999974e-01
1.879254539807589663e-01 2.615411012734396995e-02 -9.818350096984587161e-01 -5.111265000000000391e-01 6.493138697824448261e-03 9.995904705727700623e-01 2.786988141271966313e-02 -4.852799999999999996e-03 9.821618313170068504e-01 -1.161265101322716403e-02 1.876786707126533171e-01 4.789990000000000081e-01
9.809423659294071174e-02 2.763069837362733955e-02 -9.947934786952686848e-01 -5.939257000000000009e-01 2.449837018692635829e-03 9.996047556622699171e-01 2.800590573353335666e-02 -3.590600000000000215e-03 9.951741149396070574e-01 -5.184299833086514556e-03 9.798777469363539883e-02 4.811223000000000027e-01
6.009760350626331543e-02 2.611974481508498244e-02 -9.978507087653939456e-01 -6.372843999999999731e-01 1.488278962691023249e-03 9.996541285506667096e-01 2.625658578978475738e-02 -2.590400000000000081e-03 9.981913960150795573e-01 -3.063038099984536841e-03 6.003794399431794382e-02 4.807879999999999932e-01
2.565154122186817653e-02 2.317888769202253868e-02 -9.994021901108200989e-01 -6.829380000000000450e-01 2.261041056693722726e-03 9.997272541748286612e-01 2.324446070351976479e-02 -1.578699999999999938e-03 9.996683880799088762e-01 -2.855945625906625499e-03 2.559213645437052875e-02 4.794149999999999801e-01
-3.214580997384177546e-02 1.887033870085367410e-02 -9.993050371225195017e-01 -7.792179999999999662e-01 2.541618926056038105e-03 9.998200657629037202e-01 1.879830500597157172e-02 -5.818000000000000472e-04 9.994799583155030698e-01 -1.935565854701441768e-03 -3.218798705203151922e-02 4.732376999999999834e-01
-6.940964555704863537e-02 1.551633718508385260e-02 -9.974675655799557505e-01 -8.823775999999999842e-01 2.974771220122106492e-03 9.998778053345576122e-01 1.534682819140105285e-02 1.437600000000000032e-03 9.975838069254293616e-01 -1.902019901902441204e-03 -6.944732162193123504e-02 4.641738000000000253e-01
-9.200043065705297562e-02 1.694370635742267414e-02 -9.956148008008870454e-01 -9.929548999999999737e-01 3.369867584959634031e-03 9.998547918087601349e-01 1.670446914812605266e-02 2.823899999999999848e-03 9.957532649965935567e-01 -1.818271688799898839e-03 -9.204416948774696294e-02 4.525294000000000261e-01
-1.031452065544938151e-01 1.950632036954382323e-02 -9.944750222255317462e-01 -1.109548999999999896e+00 1.437561327968676916e-03 9.998095666865925990e-01 1.946185446960991411e-02 3.114299999999999968e-03 9.946652702202180008e-01 5.777781656191981891e-04 -1.031536058028618141e-01 4.392401000000000222e-01
-1.034656387916346315e-01 2.245150605013872952e-02 -9.943796012919413618e-01 -1.232022200000000067e+00 6.063423075723023414e-03 9.997408658069920628e-01 2.194165299358079302e-02 4.825199999999999975e-03 9.946145466913524080e-01 -3.759137077376602590e-03 -1.035749602866914421e-01 4.263094000000000050e-01
-1.003680211889566437e-01 2.483240939091302044e-02 -9.946404434600755184e-01 -1.360873900000000081e+00 2.519010286647943575e-03 9.996916278376156706e-01 2.470432793163690119e-02 5.847100000000000040e-03 9.949471920206565123e-01 -2.598499929053893487e-05 -1.003996235799263781e-01 4.127467000000000219e-01
-9.753541854035371883e-02 2.216383461923299159e-02 -9.949852293200783793e-01 -1.495986500000000108e+00 8.698150620239635672e-04 9.997535089832817468e-01 2.218478526767680981e-02 7.941600000000000048e-03 9.952316743110197761e-01 1.298349177356761947e-03 -9.753065537305571908e-02 3.988997000000000237e-01
-9.399643132974648541e-02 2.830257497143625137e-02 -9.951701538667938607e-01 -1.637839800000000068e+00 -1.074178159263701471e-04 9.995955360630383035e-01 2.843857845005634544e-02 1.016880000000000041e-02 9.955725284270777742e-01 2.780023890799820582e-03 -9.395537296228195778e-02 3.853828999999999727e-01
-9.199309879584881278e-02 3.021293420974834054e-02 -9.953011847578473459e-01 -1.711448300000000033e+00 -7.905084147918611109e-04 9.995370570165483803e-01 3.041458116008605161e-02 1.141670000000000011e-02 9.957593307975493024e-01 3.584725531297549769e-03 -9.192662765750692078e-02 3.776594999999999813e-01
-8.859866695497459199e-02 2.669660742418393518e-02 -9.957095798303040590e-01 -1.861883399999999966e+00 -4.336734475594629726e-03 9.996209481971886079e-01 2.718736212731808280e-02 1.381729999999999937e-02 9.960579646526047659e-01 6.726892105032463570e-03 -8.844930737274070420e-02 3.634375000000000244e-01
-8.547377203396640255e-02 2.849644227134137675e-02 -9.959328225699568549e-01 -2.017692100000000099e+00 -2.270448596322402479e-03 9.995827383595954352e-01 2.879573296000692562e-02 1.679699999999999943e-02 9.963378339486343993e-01 4.722494193609981170e-03 -8.537340740028076524e-02 3.496484999999999732e-01
-8.358654098770137986e-02 3.233111734404306437e-02 -9.959758978092778658e-01 -2.176836000000000215e+00 9.829375914177998497e-04 9.994757223416260716e-01 3.236223545085035319e-02 1.945790000000000020e-02 9.965000371296544035e-01 1.726065169863309767e-03 -8.357449790233073550e-02 3.368371000000000004e-01
-8.232075830839447050e-02 2.057386981883121621e-02 -9.963935008982185426e-01 -2.336654199999999904e+00 2.861685684551838055e-03 9.997876493024621114e-01 2.040752452650597057e-02 2.171529999999999988e-02 9.966017777962135060e-01 -1.171402123481785768e-03 -8.236215338668217978e-02 3.226530000000000231e-01
-8.321354777245934531e-02 2.432396797808238781e-02 -9.962348367974903640e-01 -2.585096599999999967e+00 6.641081879258907070e-03 9.996934016232716935e-01 2.385369536078048303e-02 2.390000000000000110e-02 9.965096093358026819e-01 -4.631126503688272680e-03 -8.334957209676141510e-02 3.020217000000000040e-01
-8.375413905266690384e-02 3.694991251532162013e-02 -9.958011589452266943e-01 -2.753279399999999821e+00 2.932130219354695672e-03 9.993171051707629982e-01 3.683376067553793820e-02 2.544729999999999909e-02 9.964821357174062921e-01 1.651612428399326649e-04 -8.380528573926937508e-02 2.868109999999999826e-01
-8.503967174622013847e-02 3.106686330204708885e-02 -9.958931188806692258e-01 -3.003642999999999841e+00 1.064701107823142270e-03 9.995160542167944584e-01 3.108896547717525383e-02 2.932970000000000022e-02 9.963769972459450841e-01 1.583466912162862991e-03 -8.503159407944760328e-02 2.644701999999999886e-01
-8.498413514278435610e-02 3.484469010235775877e-02 -9.957728377223914462e-01 -3.170911300000000210e+00 -1.730690898697980623e-03 9.993816504209942497e-01 3.511867752098392359e-02 3.111119999999999858e-02 9.963808014424236914e-01 4.707905423895956606e-03 -8.487127985056852619e-02 2.490221999999999991e-01
-8.456243684827127738e-02 2.823339348641527510e-02 -9.960181071479190518e-01 -3.336078600000000005e+00 -3.116216984081526115e-03 9.995861046443070830e-01 2.859910127483992690e-02 3.329100000000000115e-02 9.964133095588347810e-01 5.522218237418042436e-03 -8.443945546809306091e-02 2.339318999999999982e-01
-8.388246953749638191e-02 2.476544125048230766e-02 -9.961678594614260529e-01 -3.500089399999999795e+00 -4.365499798277456406e-03 9.996723892067317374e-01 2.522016394110172463e-02 3.528980000000000311e-02 9.964660926071704505e-01 6.464300223049477406e-03 -8.374687520632662086e-02 2.194071999999999967e-01
-8.317184285490158979e-02 3.221217178194220321e-02 -9.960144680401034067e-01 -3.664217199999999952e+00 -2.543297535314596389e-03 9.994673212071908397e-01 3.253621792048031619e-02 3.691409999999999830e-02 9.965319744964366011e-01 5.239258345679098303e-03 -8.304561384095376919e-02 2.063257000000000008e-01
-8.267889623670604538e-02 4.074248144845343117e-02 -9.957430644109466211e-01 -3.829338299999999862e+00 -1.784155304045069446e-03 9.991563104394987072e-01 4.103028270411181871e-02 4.017079999999999956e-02 9.965746419144585477e-01 5.168898756090854751e-03 -8.253645000070108928e-02 1.919292999999999971e-01
-8.216374873962890846e-02 3.653928893981807369e-02 -9.959487932403069399e-01 -3.994123000000000090e+00 -1.801499421126621231e-03 9.993205990622767709e-01 3.681161351595169107e-02 4.318219999999999698e-02 9.966172148788555729e-01 4.818781338119148411e-03 -8.204210110381493504e-02 1.774233000000000060e-01
-8.157663612547953746e-02 2.959856805328926407e-02 -9.962274726224157329e-01 -4.157247500000000429e+00 -7.047297655614234019e-03 9.995168126473320536e-01 3.027336834696945506e-02 4.546019999999999922e-02 9.966421564604842631e-01 9.490311086203779764e-03 -8.132862940737906055e-02 1.624408999999999992e-01
-8.292138169727469865e-02 2.579867209599313177e-02 -9.962221002243918377e-01 -4.320916200000000096e+00 -8.043937582681591481e-03 9.996149607347325494e-01 2.655607921860802037e-02 4.742160000000000125e-02 9.965236271787942801e-01 1.021561517396223431e-02 -8.268193080133479089e-02 1.478041999999999967e-01
-8.494638356916907329e-02 2.064998120520706443e-02 -9.961715164542417345e-01 -4.483209600000000350e+00 -2.702018339637308336e-04 9.997847022049081156e-01 2.074792105277310089e-02 4.896670000000000189e-02 9.963854871030026761e-01 2.031628230700075963e-03 -8.492251513729265344e-02 1.347318000000000127e-01
-8.891403503719302881e-02 3.051051365174618779e-02 -9.955718974188207948e-01 -4.645675200000000338e+00 2.685823437951357848e-03 9.995344455059351763e-01 3.039208119893809304e-02 5.004650000000000071e-02 9.960356824561380495e-01 2.835223632242922509e-05 -8.895458656126586927e-02 1.207861999999999963e-01
-9.212838543455281748e-02 3.336803352794692756e-02 -9.951878892629775208e-01 -4.806788000000000061e+00 4.495625642251709769e-03 9.994421161689384103e-01 3.309449769733424640e-02 5.173520000000000202e-02 9.957369883394446841e-01 -1.425049554206067604e-03 -9.222699868509687260e-02 1.056348000000000009e-01
-9.454675745936728937e-02 2.599118352013182753e-02 -9.951810734902177824e-01 -4.965105499999999950e+00 -3.695234575451991979e-03 9.996430753506724276e-01 2.645878199922162277e-02 5.320439999999999892e-02 9.955135638932057773e-01 6.179019555947165912e-03 -9.441696787111553135e-02 8.871619999999999506e-02
-9.683880016701373883e-02 2.560518366943754370e-02 -9.949706635632364904e-01 -5.122695000000000221e+00 -9.370315313766050189e-03 9.996012716018788380e-01 2.663634740026356307e-02 5.471820000000000156e-02 9.952559690718429941e-01 1.190262076860784668e-02 -9.656025914269761312e-02 7.153500000000000136e-02
-9.866364481330512637e-02 2.648958356746509979e-02 -9.947682077522262967e-01 -5.279766099999999796e+00 -1.100159903752903623e-02 9.995555105969947673e-01 2.770823079517020435e-02 5.609959999999999947e-02 9.950600233205891820e-01 1.367783599855112650e-02 -9.832836209164341756e-02 5.492099999999999760e-02
-9.984646643601086113e-02 2.789993806324247289e-02 -9.946116209839446221e-01 -5.433810700000000438e+00 -9.804773982392022899e-03 9.995306790643693207e-01 2.902219868092425353e-02 5.841380000000000183e-02 9.949545464730520372e-01 1.264970613050227406e-02 -9.952605381213086577e-02 3.859119999999999912e-02
-1.009604037448319641e-01 3.713643704829132364e-02 -9.941971041594510616e-01 -5.659957900000000208e+00 -8.672642186310024204e-03 9.992322784854817952e-01 3.820522098118005888e-02 6.090519999999999962e-02 9.948526434367999105e-01 1.247953028246099293e-02 -1.005608232401683511e-01 1.475259999999999939e-02
-1.020818476139838948e-01 3.185299872485523875e-02 -9.942659014870970369e-01 -5.878268699999999569e+00 -7.551495925013454805e-03 9.994336080544108381e-01 3.279387138836983850e-02 6.339100000000000290e-02 9.947473404322374479e-01 1.085585388519979752e-02 -1.017834914876342145e-01 -8.786699999999999719e-03
-9.866133389649442420e-02 2.563339104897124909e-02 -9.947908676988823640e-01 -6.086356199999999994e+00 -1.071349015877642169e-02 9.995828831403983372e-01 2.681941202462225296e-02 6.605270000000000585e-02 9.950633961323180898e-01 1.330372113580154461e-02 -9.834555750799622853e-02 -2.989589999999999956e-02
-7.368018859170433199e-02 3.079853442098785116e-02 -9.968062399918100613e-01 -6.342233700000000418e+00 -9.883015805255487493e-03 9.994513918772621741e-01 3.161077780119132125e-02 6.755619999999999681e-02 9.972329496199390242e-01 1.218053989453859835e-02 -7.333538463929678564e-02 -5.014779999999999932e-02
-2.880501165346312925e-02 3.487479794324745141e-02 -9.989764860956744652e-01 -6.518484100000000225e+00 -1.671771738688902428e-02 9.992345941522539077e-01 3.536585605852564373e-02 6.994849999999999679e-02 9.994452407355871593e-01 1.771932046659549509e-02 -2.819993711315915697e-02 -5.718730000000000341e-02
8.226779063425128380e-02 3.498765051705483853e-02 -9.959959211439848303e-01 -6.723877400000000115e+00 -1.461218450701863569e-02 9.993184921972448898e-01 3.389742197509884591e-02 7.346830000000000027e-02 9.965031333057068341e-01 1.176501015390560116e-02 8.272297049784094192e-02 -4.420679999999999749e-02
3.041509856968580561e-01 3.067267467431631853e-02 -9.521299096908748538e-01 -6.936692700000000045e+00 -2.390971474179371531e-03 9.995029382020745867e-01 3.143500884093448217e-02 7.378310000000000424e-02 9.526208380856675539e-01 -7.284473470575808865e-03 3.040731413512498538e-01 1.430829999999999949e-02
4.074651534746701609e-01 2.094850032627847136e-02 -9.129804538093591049e-01 -7.013597500000000373e+00 7.386995784803133437e-03 9.996285491957727087e-01 2.623348863628316083e-02 7.465960000000000651e-02 9.131908787308042896e-01 -1.743341523725651723e-02 4.071590537321092551e-01 5.480059999999999792e-02
5.059783585672449346e-01 1.850387592254106039e-02 -8.623476719035310101e-01 -7.085394899999999829e+00 8.760613324039932467e-03 9.996080510141991393e-01 2.658939641625767888e-02 7.699910000000000088e-02 8.625016825002624898e-01 -2.100835365842473532e-02 5.056179355608139137e-01 1.027640999999999971e-01
5.943988201635188595e-01 7.757382259141337028e-03 -8.041329900014688725e-01 -7.150087799999999660e+00 2.638860462867454251e-02 9.992267960562984941e-01 2.914535278249022129e-02 7.813370000000000037e-02 8.037373228449506968e-01 -3.854391084918437627e-02 5.937345221582468469e-01 1.600428000000000128e-01
6.780818567571004207e-01 -1.966932356544407942e-03 -7.349837594899277793e-01 -7.209198999999999913e+00 2.442007662950485686e-02 9.995046034496595233e-01 1.985466041885390262e-02 7.901529999999999665e-02 7.345805982969142445e-01 -3.141144473028376072e-02 6.777939699832863374e-01 2.210908000000000040e-01
7.185307221643962849e-01 -9.256530351965587544e-03 -6.954336186522437346e-01 -7.236652900000000166e+00 2.118872025638148318e-02 9.997386296259999083e-01 8.585485858395448810e-03 7.998360000000000192e-02 6.951723810968096773e-01 -2.090428375647056247e-02 7.185390535529860845e-01 2.544735000000000191e-01
7.581226726353424983e-01 -1.203948071734468189e-02 -6.520008160580029744e-01 -7.264161099999999927e+00 1.639799316808807778e-02 9.998653614177128723e-01 6.040340104153515619e-04 8.050709999999999811e-02 6.519057593366578418e-01 -1.114943680564571549e-02 7.582180233960496007e-01 2.903815000000000146e-01
7.955344194721277740e-01 -1.305016446631843130e-02 -6.057678438498914630e-01 -7.290378600000000375e+00 1.479624356616112898e-02 9.998883046388430396e-01 -2.109365494857206626e-03 8.071760000000000046e-02 6.057277099584228441e-01 -7.285015707745490406e-03 7.956386553798542316e-01 3.296939999999999871e-01
8.298974372320579995e-01 -1.451738755310018683e-02 -5.577270740553081918e-01 -7.315191300000000396e+00 1.500914611786872965e-02 9.998805370671691728e-01 -3.692848098927065635e-03 8.073719999999999508e-02 5.577140568503493601e-01 -5.306321975000667136e-03 8.300161888412918021e-01 3.723135000000000194e-01
8.609742383888127071e-01 -1.302594688351003949e-02 -5.084817455313336287e-01 -7.338586799999999855e+00 1.175583298667679313e-02 9.999145952363321932e-01 -5.709870764841177074e-03 8.039280000000000037e-02 5.085126952413215884e-01 -1.061574844182564589e-03 8.610538379435149769e-01 4.171038000000000245e-01
8.874116704165300185e-01 -1.126603084775436303e-02 -4.608401064984266049e-01 -7.361188399999999632e+00 1.072398956509007517e-02 9.999352963987175880e-01 -3.794609837211081714e-03 7.938439999999999386e-02 4.608530386754020047e-01 -1.574663439045644259e-03 8.874750684828853764e-01 4.654344999999999732e-01
9.089937772138401151e-01 -5.076483874661109723e-03 -4.167787690105939080e-01 -7.382350399999999979e+00 4.396736827683636085e-03 9.999869780154977406e-01 -2.590850188743601921e-03 7.866589999999999694e-02 4.167864941331277939e-01 5.226001365557077314e-04 9.090042602745673772e-01 5.158549999999999525e-01
9.269223527774860250e-01 -7.360007983661113942e-04 -3.752524619829623598e-01 -7.402496799999999766e+00 -9.460542389941426107e-04 9.999903151551466918e-01 -4.298206287183170202e-03 7.857250000000000345e-02 3.752519912043461581e-01 4.339112666790776243e-03 9.269126793816331311e-01 5.684048999999999907e-01
9.407690014907712506e-01 4.467260385884715482e-03 -3.390187744339568376e-01 -7.421677599999999764e+00 -5.697576715159346009e-03 9.999802999817304361e-01 -2.633869401347791427e-03 7.810079999999999800e-02 3.390003295774685621e-01 4.409448161979827828e-03 9.407759208830095421e-01 6.240056000000000491e-01
9.510802883675973929e-01 5.128627602818644146e-03 -3.089012500096421920e-01 -7.439287700000000392e+00 -5.599310004197763369e-03 9.999841206941119109e-01 -6.372496377845153015e-04 7.717090000000000061e-02 3.088930766561218677e-01 2.335709428754427844e-03 9.510939026486184833e-01 6.817687999999999526e-01
9.646173446710065713e-01 4.995939999555039021e-03 -2.636065608883384481e-01 -7.472000099999999811e+00 -4.385154093152248550e-03 9.999861645221888029e-01 2.905372227638631719e-03 7.632479999999999820e-02 2.636174288309400815e-01 -1.646617054044378740e-03 9.646259066958763340e-01 8.046621000000000468e-01
9.693620929934440023e-01 6.793065036617599618e-03 -2.455422304508488585e-01 -7.487770099999999651e+00 -5.595305244786209602e-03 9.999688037008392927e-01 5.575319213284480810e-03 7.595889999999999587e-02 2.455724439479868570e-01 -4.030619371837866963e-03 9.693698617560235764e-01 8.692997999999999559e-01
9.760529608295330783e-01 1.604471445048520281e-02 -2.169405098041958802e-01 -7.519070600000000049e+00 -1.457692290849589914e-02 9.998587642282201760e-01 8.364503245029405315e-03 7.535239999999999994e-02 2.170440761099500238e-01 -5.001873071033626460e-03 9.761489898019458655e-01 1.002655599999999980e+00
9.788825263557006107e-01 1.483888237514283288e-02 -2.038842984767044175e-01 -7.533102999999999660e+00 -1.348662714051471374e-02 9.998768845280355810e-01 8.020391192597054603e-03 7.534090000000000231e-02 2.039782108065809063e-01 -5.101309279609689620e-03 9.789621372452460557e-01 1.071947800000000006e+00
9.816504906182972334e-01 1.471951396025498321e-02 -1.901200940922082583e-01 -7.546568899999999580e+00 -1.350875095076640650e-02 9.998793897189428570e-01 7.662875636766721364e-03 7.490739999999999899e-02 1.902099574591362696e-01 -4.953980626551131479e-03 9.817309357249293100e-01 1.142654199999999953e+00
9.867285051381355920e-01 1.698556815141127885e-02 -1.614879178837659579e-01 -7.571568499999999702e+00 -1.576539006864364351e-02 9.998366903786457538e-01 8.834310876324994941e-03 7.484780000000000599e-02 1.616116011425036414e-01 -6.171146348111071836e-03 9.868351469870266790e-01 1.290095200000000109e+00
9.902963015865368090e-01 1.821137928479613088e-02 -1.377736576003272262e-01 -7.593948799999999721e+00 -1.825822484105406318e-02 9.998328778915858139e-01 9.238575013439076196e-04 7.288640000000000396e-02 1.377674572955471799e-01 1.600609750867321678e-03 9.904633086383083374e-01 1.443103800000000048e+00
9.926256643262708623e-01 1.653437459387161260e-02 -1.200870724833397879e-01 -7.614076599999999750e+00 -1.733163059970774592e-02 9.998341274392797962e-01 -5.597516278597449227e-03 7.157439999999999636e-02 1.199746019021719762e-01 7.637543094701482876e-03 9.927475826381506607e-01 1.601979499999999890e+00
9.938727428580949042e-01 2.290441392630446563e-02 -1.081312111576475943e-01 -7.634107099999999591e+00 -2.208978706267470879e-02 9.997179123415973478e-01 8.725654753885645973e-03 6.960470000000000546e-02 1.083005646857529147e-01 -6.283594994175550029e-03 9.940983372497391723e-01 1.765541599999999933e+00
9.946511269593345528e-01 2.260533404258089837e-02 -1.007875712146546199e-01 -7.650985699999999667e+00 -2.155369778448499099e-02 9.997014218861143275e-01 1.151108990044902997e-02 6.783839999999999315e-02 1.010176902841320723e-01 -9.277173691618918056e-03 9.948413744401439773e-01 1.927537899999999915e+00
9.952728314992477232e-01 2.061786206226368101e-02 -9.490466080994869325e-02 -7.666834399999999938e+00 -1.951314972265995318e-02 9.997307846956905442e-01 1.255368948317186518e-02 6.728480000000000572e-02 9.513794126094488046e-02 -1.064245722191600220e-02 9.954072082504268337e-01 2.088887199999999833e+00
9.958449205627398770e-01 1.656958927243804350e-02 -8.954520032214494107e-02 -7.681983899999999643e+00 -1.511880479110950214e-02 9.997436189707059606e-01 1.685580223674046710e-02 6.609360000000000235e-02 8.980153635143825475e-02 -1.543194863581675777e-02 9.958401172026676296e-01 2.251142499999999824e+00
9.961705754742301577e-01 1.866798027232547535e-02 -8.541481763659752868e-02 -7.696508399999999916e+00 -1.822732295957443793e-02 9.998162470835305626e-01 5.936056395613970721e-03 6.508020000000000471e-02 8.550993659843583727e-02 -4.356441249070835964e-03 9.963277935311124489e-01 2.411020300000000116e+00
9.963869702941063888e-01 2.022507161365904443e-02 -8.248607098385753178e-02 -7.710610400000000197e+00 -2.076443386924919227e-02 9.997682261871360110e-01 -5.686140406052545004e-03 6.277309999999999834e-02 8.235195027575968607e-02 7.378372777932100043e-03 9.965759960489358749e-01 2.569878099999999943e+00
9.966575694077809411e-01 2.463782253547567788e-02 -7.788881205208363079e-02 -7.724749599999999994e+00 -2.471088574606306390e-02 9.996946391079443162e-01 2.577754584315869804e-05 5.982769999999999755e-02 7.786566295755413536e-02 1.899010149330277982e-03 9.969620515810184713e-01 2.729251899999999953e+00
9.969912090159920304e-01 2.543735089507403319e-02 -7.322206173190874690e-02 -7.737755299999999892e+00 -2.500244449659237700e-02 9.996639199044089485e-01 6.850183249103788084e-03 5.753300000000000081e-02 7.337170376940553573e-02 -4.998841945126972740e-03 9.972921360690568671e-01 2.888295700000000021e+00
9.972744890917401017e-01 2.060592768578597619e-02 -7.084482444763975928e-02 -7.748988599999999671e+00 -2.018526980691448189e-02 9.997741499679082544e-01 6.648604272220517628e-03 5.532800000000000218e-02 7.096582480060950604e-02 -5.200461532852777499e-03 9.974651908263337807e-01 3.045171499999999920e+00
9.974223556040739957e-01 1.869868188836747852e-02 -6.927484274148662524e-02 -7.759647799999999762e+00 -1.847969160132489214e-02 9.998220118167964188e-01 3.800747943984699156e-03 5.317840000000000067e-02 6.933358161482780502e-02 -2.510773237753606297e-03 9.975903720857617341e-01 3.201574599999999826e+00
9.975036999205511012e-01 2.126730328962860711e-02 -6.733550664841031486e-02 -7.772081400000000251e+00 -2.099901291096772232e-02 9.997684970484383982e-01 4.689751195078186059e-03 5.168409999999999671e-02 6.741965664089494270e-02 -3.264064995320795949e-03 9.977193672461861507e-01 3.362445600000000034e+00
9.973806827674562836e-01 2.052817191604592792e-02 -6.935681509489871610e-02 -7.783220299999999980e+00 -2.031060619840497836e-02 9.997863412750566114e-01 3.840712914201195247e-03 4.960259999999999669e-02 6.942083922120231843e-02 -2.421973910111696951e-03 9.975845232982530897e-01 3.524340599999999935e+00
9.970356845482785113e-01 1.917545313177163036e-02 -7.451272196435244910e-02 -7.795743899999999726e+00 -1.893702110152003376e-02 9.998130520865147197e-01 3.905138825803427215e-03 4.847950000000000176e-02 7.457367477298036673e-02 -2.482513774270342713e-03 9.972124167679693452e-01 3.687646599999999886e+00
9.965063350992282576e-01 2.416698660676356789e-02 -7.994423597391578373e-02 -7.810449600000000103e+00 -2.434735686453155454e-02 9.997027370950486436e-01 -1.282052408880276530e-03 4.630780000000000313e-02 7.988948817470148400e-02 3.224004189897670437e-03 9.967985129785095211e-01 3.852825199999999839e+00
9.961358933954397310e-01 2.394243160969303230e-02 -8.449876838087284903e-02 -7.825507599999999897e+00 -2.456471226774620958e-02 9.996781871551408960e-01 -6.332222154501028488e-03 4.431659999999999766e-02 8.431996679596158450e-02 8.383441705307350875e-03 9.964034630132021508e-01 4.018788299999999758e+00
9.958128125206391346e-01 2.267306761752129959e-02 -8.855944006454466444e-02 -7.841607999999999912e+00 -2.313155514920104891e-02 9.997237987421687677e-01 -4.154200874662143314e-03 4.130349999999999994e-02 8.844079135847801587e-02 6.185324028608387217e-03 9.960622310832527582e-01 4.188432699999999897e+00
9.955607520208733519e-01 2.156022825226232287e-02 -9.161847844918308281e-02 -7.857552499999999718e+00 -2.154265424158752218e-02 9.997672327175730622e-01 1.180860903545934626e-03 3.912439999999999668e-02 9.162261229554899411e-02 7.980864342048502860e-04 9.957934825927428069e-01 4.360467899999999730e+00
9.955457184521536718e-01 2.094298922392321891e-02 -9.192449985695824721e-02 -7.874249500000000346e+00 -2.030835472790877907e-02 9.997630719352365025e-01 7.833946825486937104e-03 3.727899999999999964e-02 9.206678662704975702e-02 -5.932216869414651955e-03 9.957351633859193862e-01 4.535664599999999602e+00
9.958118439386252074e-01 2.379418560046355977e-02 -8.827575093515789562e-02 -7.890924899999999909e+00 -2.330303978708622367e-02 9.997067250868156840e-01 6.590307494763142024e-03 3.626100000000000156e-02 8.840667287166061039e-02 -4.505612922205727566e-03 9.960742741602950368e-01 4.712193000000000076e+00
9.962197912817843948e-01 1.749369848002471639e-02 -8.508876525116619571e-02 -7.905588200000000398e+00 -1.734651686565472778e-02 9.998464898354039176e-01 2.468828963530748412e-03 3.483379999999999810e-02 8.511889221029396435e-02 -9.835025732519353178e-04 9.963703161533772334e-01 4.889220199999999572e+00
9.964919983554015870e-01 1.390726281508322150e-02 -8.252445246501415033e-02 -7.919685399999999653e+00 -1.355295994414314024e-02 9.998963824946144330e-01 4.851963616522277610e-03 3.244199999999999862e-02 8.258337902030062072e-02 -3.716492321505304643e-03 9.965772289162608821e-01 5.068220099999999562e+00
9.966415894356480676e-01 1.088902957948988288e-02 -8.116015797176641400e-02 -7.933676700000000359e+00 -1.031501248641884978e-02 9.999187575292514119e-01 7.488581879315488708e-03 3.037089999999999929e-02 8.123510770959872784e-02 -6.626264103941484525e-03 9.966729402865489584e-01 5.244843999999999618e+00
9.967627693049797566e-01 1.592811532734368998e-02 -7.880530990730624796e-02 -7.955802000000000263e+00 -1.652096088405332827e-02 9.998398721749673923e-01 -6.876616945307434219e-03 2.637149999999999911e-02 7.868315943666295831e-02 8.156295192288495061e-03 9.968663076209371976e-01 5.506204099999999713e+00
9.968704866929614106e-01 1.703999680305832987e-02 -7.719372558368967074e-02 -7.976606399999999653e+00 -1.769568025312266701e-02 9.998128540850880208e-01 -7.817909350321745193e-03 2.054529999999999898e-02 7.704606194295376964e-02 9.159438584452960636e-03 9.969854607886216025e-01 5.763815400000000366e+00
9.967252008053172352e-01 1.574098690039323067e-02 -7.931642585871932771e-02 -7.990161900000000372e+00 -1.506708062740125080e-02 9.998451855953135459e-01 9.087789788518497655e-03 1.645720000000000169e-02 7.944719731348275082e-02 -7.862962118346994780e-03 9.968080641055017121e-01 5.935290799999999756e+00
9.964204249027041049e-01 8.850820634129726722e-03 -8.407139710280157885e-02 -8.002913500000000013e+00 -8.627901851873266692e-03 9.999582351730487151e-01 3.014501490504321781e-03 1.453639999999999967e-02 8.409456668744379193e-02 -2.278351093285317045e-03 9.964551735878272032e-01 6.102346899999999685e+00
9.959227598117260660e-01 9.279865916848893670e-03 -8.973149155987773795e-02 -8.017755499999999813e+00 -9.393466704530669537e-03 9.999555244159529233e-01 -8.437850955910650109e-04 1.161970000000000017e-02 8.971967048683347767e-02 1.683234559404641131e-03 9.959656356768300522e-01 6.267908600000000163e+00
9.951608818014137103e-01 1.139206736370311501e-02 -9.759631208920467593e-02 -8.033583600000000047e+00 -1.217557964591911568e-02 9.998982233851252399e-01 -7.436271347655512391e-03 8.251200000000000201e-03 9.750166456280871807e-02 8.588578022637537168e-03 9.951983027191266817e-01 6.430823799999999757e+00
9.943868773028233798e-01 1.812782826848069809e-02 -1.042406834695941836e-01 -8.050583800000000068e+00 -1.946453076190736084e-02 9.997406737198220039e-01 -1.182020949286160735e-02 4.215400000000000223e-03 1.039993763931227472e-01 1.378285719670800658e-02 9.944818563238529974e-01 6.591857899999999937e+00
9.933888059588649178e-01 2.413886452973707311e-02 -1.122318823455951409e-01 -8.068587300000000795e+00 -2.472759948438643315e-02 9.996867877596264940e-01 -3.856449478351160406e-03 5.399999999999999967e-06 1.121036396347606656e-01 6.606178778560603884e-03 9.936745605994878883e-01 6.750784900000000199e+00
9.922495271030207231e-01 2.408842667473797688e-02 -1.219041576984461750e-01 -8.086963700000000088e+00 -2.366670120509080377e-02 9.997078643355336025e-01 4.906448792707472466e-03 -2.520199999999999784e-03 1.219867337783122063e-01 -1.983352218411780707e-03 9.925297492247157072e-01 6.907081599999999710e+00
9.906979350952158647e-01 2.189683898518808569e-02 -1.343061050009718704e-01 -8.107420899999999264e+00 -2.081473928581695221e-02 9.997386313247254019e-01 9.455985693103904216e-03 -4.099600000000000119e-03 1.344780577883946393e-01 -6.572478940359155648e-03 9.908947746829830372e-01 7.058467900000000128e+00
9.887704046904070010e-01 2.647492218222514959e-02 -1.470787724446119826e-01 -8.129879000000000744e+00 -2.554256157630774293e-02 9.996399021622157655e-01 8.224570094314067464e-03 -5.823899999999999910e-03 1.472435545498999576e-01 -4.375442898825283519e-03 9.890905879356802766e-01 7.206538700000000297e+00
9.868287399866990661e-01 2.798572895993464010e-02 -1.593293347467600873e-01 -8.153582600000000014e+00 -2.804445836769188516e-02 9.996049082753456494e-01 1.880347494650054735e-03 -7.855799999999999589e-03 1.593190079404427362e-01 2.612723946174897935e-03 9.872236967285855647e-01 7.351240200000000335e+00
9.839296913372994613e-01 3.115588839886431621e-02 -1.758171582154715862e-01 -8.191020999999999219e+00 -2.994756929318367206e-02 9.995061116981052152e-01 9.522382662177801549e-03 -9.693500000000000727e-03 1.760270024692706381e-01 -4.104058505003782553e-03 9.843767830995766577e-01 7.563722600000000185e+00
9.798880433396333078e-01 2.589443221816870033e-02 -1.978608119363801099e-01 -8.231332800000000560e+00 -2.628240416530520235e-02 9.996543364574843604e-01 6.654570144831349014e-04 -1.165659999999999960e-02 1.978096502987568006e-01 4.548184455938871114e-03 9.802298997004927905e-01 7.769910300000000269e+00
9.731268843190526985e-01 2.279106702131844867e-02 -2.291388973516342020e-01 -8.277790100000000706e+00 -2.154784935936939969e-02 9.997363957109157706e-01 7.926492221231901114e-03 -1.452209999999999959e-02 2.292591485709543353e-01 -2.776032236321585890e-03 9.733614623774377028e-01 7.973183200000000248e+00
9.673440677836171453e-01 2.568478888627187193e-02 -2.521621425664690164e-01 -8.312284500000000520e+00 -2.152379919261243960e-02 9.995830681950079732e-01 1.924619043265763524e-02 -1.612229999999999913e-02 2.525513424873459534e-01 -1.319020082188558131e-02 9.674935855136805873e-01 8.106088599999999644e+00
9.573547976346471478e-01 2.536821257986075426e-02 -2.877989667049322686e-01 -8.369844399999999851e+00 -2.629436043911497975e-02 9.996540337083856809e-01 6.476879275919516891e-04 -1.705709999999999865e-02 2.877158286487235261e-01 6.947422619694143195e-03 9.576906260708213381e-01 8.297859199999999547e+00
9.499454860030364101e-01 2.616160024288828947e-02 -3.113183969751645574e-01 -8.412104599999999266e+00 -2.334490394718520198e-02 9.996458915947206147e-01 1.277133029456288885e-02 -1.761899999999999925e-02 3.115422749518138024e-01 -4.864369489196958447e-03 9.502198423666604610e-01 8.426958100000000229e+00
9.376249319418409334e-01 2.151978850192133585e-02 -3.469818233047530787e-01 -8.481158300000000594e+00 -1.859882617587003961e-02 9.997580212038710279e-01 1.174660390921573004e-02 -1.847230000000000052e-02 3.471506454926132634e-01 -4.560454073094607000e-03 9.377982893952777621e-01 8.616295799999999616e+00
9.285559663126679020e-01 1.352450934612061881e-02 -3.709459597732455149e-01 -8.555652600000000163e+00 -1.573865472424751041e-02 9.998718104992000422e-01 -2.942331817236386923e-03 -2.067400000000000140e-02 3.708586148016768114e-01 8.570310145992158721e-03 9.286497927697948684e-01 8.804473899999999631e+00
9.220330021985392310e-01 1.864332227862741317e-02 -3.866620868292672819e-01 -8.608447099999999352e+00 -2.042955533102338087e-02 9.997911646495201143e-01 -5.102526166381729164e-04 -2.297549999999999940e-02 3.865718253128714865e-01 8.369804249286034309e-03 9.222213238974164007e-01 8.929504400000000786e+00
9.157346907784560397e-01 2.135160506981622144e-02 -4.012157587456258168e-01 -8.662957199999999247e+00 -1.717956628128943994e-02 9.997544912024707298e-01 1.399356362317074297e-02 -2.368709999999999913e-02 4.014160417911477041e-01 -5.921678936884599079e-03 9.158766811701759547e-01 9.055003199999999808e+00
9.100857110338982370e-01 3.846528206870004213e-02 -4.126310951046943121e-01 -8.721802699999999575e+00 -3.398362843103348158e-02 9.992567135933354550e-01 1.819706947033603028e-02 -2.487270000000000106e-02 4.130243474307361273e-01 -2.538191092515636182e-03 9.107164465493047256e-01 9.178424800000000161e+00
9.055676064876132525e-01 2.647001875025928319e-02 -4.233753041778134940e-01 -8.778940199999999194e+00 -2.789435219007908862e-02 9.996068625462966040e-01 2.832925386437189132e-03 -2.497179999999999886e-02 4.232838470768652273e-01 9.244374381763870163e-03 9.059499579701402183e-01 9.301489800000000585e+00
9.014184642655380664e-01 3.323739571148372207e-02 -4.316712033567646767e-01 -8.839216199999999191e+00 -3.328512073280927297e-02 9.994181594579349959e-01 7.446024678712919939e-03 -2.596980000000000122e-02 4.316675260185335317e-01 7.656243989838275657e-03 9.020002931867632245e-01 9.425160399999999328e+00
8.942074575371726786e-01 3.036956193193063314e-02 -4.466214421553988956e-01 -8.932305299999999448e+00 -3.212562590836717108e-02 9.994772023995663890e-01 3.642258026539328241e-03 -2.835729999999999848e-02 4.464985633178468749e-01 1.109105908373369739e-02 8.947156092097084956e-01 9.609804199999999241e+00
8.918664739800564734e-01 2.738168271734998938e-02 -4.514691972238500939e-01 -8.963043199999999544e+00 -3.222833612283888816e-02 9.994758849260654276e-01 -3.047917651732928723e-03 -2.895690000000000069e-02 4.511491182980795211e-01 1.726843660627110089e-02 8.922814993913302795e-01 9.669797900000000723e+00
8.851444771579600745e-01 3.328940866405149385e-02 -4.641239810950941735e-01 -9.059945100000000195e+00 -3.641262220891210849e-02 9.993343437135480123e-01 2.233924457852426958e-03 -3.226590000000000014e-02 4.638894000735871992e-01 1.492262528545576505e-02 8.857674298335637131e-01 9.852246299999999124e+00
8.804708204444440245e-01 3.256838248731657587e-02 -4.729803746542212695e-01 -9.124978099999999870e+00 -3.579749455811395004e-02 9.993566972326075604e-01 2.175104525313529408e-03 -3.416779999999999817e-02 4.727469447064142072e-01 1.501639632182395767e-02 8.810702776239001111e-01 9.972028699999999191e+00
8.759726326237927685e-01 2.992411341544200937e-02 -4.814317130501911124e-01 -9.189740199999999248e+00 -3.307511578013706127e-02 9.994509825793922442e-01 1.941684119009869612e-03 -3.588899999999999729e-02 4.812255018286876740e-01 1.422254749991190906e-02 8.764814519043403473e-01 1.009003930000000082e+01
