9.999999025733342650e-01 2.110394055751191669e-04 3.877056761048628666e-04 -7.300000000000000411e-06 -2.121601538411572356e-04 9.999957928879720237e-01 2.892956001242254042e-03 -1.629999999999999979e-05 -3.870935172687924985e-04 -2.893037975087084206e-03 9.999957402358690128e-01 -1.700000000000000029e-06
9.992290745807714814e-01 2.658804944764406319e-03 -3.916870266833911984e-02 -8.066099999999999659e-03 -2.618976994942498471e-03 9.999960000458730791e-01 1.068106621149066734e-03 -2.008100000000000076e-03 3.917138588249108322e-02 -9.647012593942535727e-04 9.992320410592953062e-01 4.474410000000000193e-02
9.986130750836800241e-01 2.496906845176701320e-03 -5.258984434396967583e-02 -1.010780000000000012e-02 -2.483765266834719009e-03 9.999968657612547940e-01 3.152423929273217846e-04 -2.144699999999999818e-03 5.259046664573071433e-02 -1.841843466280944429e-04 9.986161469223852061e-01 5.604220000000000035e-02
9.961485981777515875e-01 8.282705690909773419e-04 -8.767715960479587067e-02 -1.493189999999999969e-02 -8.077518611251906840e-04 9.999996374520754294e-01 2.695044498975823506e-04 -2.086600000000000087e-03 8.767735104022771064e-02 -1.976450911191984588e-04 9.961489060632384707e-01 8.262319999999999387e-02
9.880948204315644912e-01 3.143944477251670987e-03 -1.538139832701767018e-01 -2.704049999999999856e-02 -3.414844340272690879e-03 9.999930488140130747e-01 -1.497051030075357246e-03 -3.116100000000000120e-03 1.538082074352534190e-01 2.004479178964159881e-03 9.880986880816992057e-01 1.274116999999999889e-01
9.638783408861207880e-01 1.263546112713299745e-02 -2.660430211314026572e-01 -5.396190000000000014e-02 -1.412386371345124118e-02 9.998934739899714153e-01 -3.682002997045314124e-03 -4.343200000000000185e-03 2.659681568241264449e-01 7.306558312304521977e-03 9.639541243032293538e-01 1.938651000000000124e-01
8.831966750728470483e-01 1.790266931880213352e-02 -4.686609942928142702e-01 -1.165560000000000068e-01 -2.059872283329250431e-02 9.997876271854592156e-01 -6.270123653524433197e-04 -4.852999999999999675e-03 4.685502382433551771e-01 1.020759316052180163e-02 8.833778802324429025e-01 2.961660999999999877e-01
7.767360036233745824e-01 2.313244726531607856e-02 -6.294013588789799662e-01 -1.808841999999999950e-01 -2.357344125361332185e-02 9.996928370260357299e-01 7.650128515154363575e-03 -6.240700000000000067e-03 6.293849962802191556e-01 8.895025708411805759e-03 7.770427304691777115e-01 3.613779999999999770e-01
7.409785243927117238e-01 2.233849723032194784e-02 -6.711570739627872317e-01 -2.001532000000000033e-01 -2.262091350270633433e-02 9.997096625022583449e-01 8.299697098314625515e-03 -6.538099999999999815e-03 6.711476146579844482e-01 9.032288808026044807e-03 7.412687077556869841e-01 3.765749999999999931e-01
6.590827472179061619e-01 1.418513609024143335e-02 -7.519366424332565302e-01 -2.434178999999999926e-01 -1.073041415014404018e-02 9.998977015526856471e-01 9.457517741081300847e-03 -6.063999999999999946e-03 7.519938766584899348e-01 1.835304813323664335e-03 6.591675364612383792e-01 4.082197000000000187e-01
6.149173436361085043e-01 1.355466460351936395e-02 -7.884750671790442533e-01 -2.678054999999999741e-01 -7.636025534506870466e-03 9.999077376349807533e-01 1.123420365361802939e-02 -6.049200000000000237e-03 7.885545964671999419e-01 -8.872909222486626349e-04 6.149641136727173052e-01 4.216889999999999805e-01
5.672449766402035687e-01 1.412327385947481292e-02 -8.234279990454208553e-01 -2.941904000000000186e-01 -5.152735964028903014e-03 9.998942341785469479e-01 1.360035913431091592e-02 -5.673199999999999771e-03 8.235329901033353606e-01 -3.471828334970879747e-03 5.672577550104296318e-01 4.349075000000000024e-01
4.093153795990653321e-01 1.795722265049753616e-02 -9.122162343317252731e-01 -3.849990999999999830e-01 3.758932515645664607e-04 9.998028975921362527e-01 1.985005467578938518e-02 -4.821899999999999624e-03 9.123928861668837431e-01 -8.467828591135866112e-03 4.092279525533595308e-01 4.684826000000000268e-01
3.538300265440043058e-01 2.002380043534543810e-02 -9.350953746714794068e-01 -4.197309000000000179e-01 1.250552508900975440e-03 9.997597848807089349e-01 2.188169677381078537e-02 -4.565800000000000067e-03 9.353089053538896636e-01 -8.911787217162436478e-03 3.537199904080970958e-01 4.773256000000000165e-01
2.989371962381924819e-01 2.281479547305520147e-02 -9.540000198180141888e-01 -4.561868000000000034e-01 3.603104468491803714e-03 9.996800503387603953e-01 2.503626555384437166e-02 -4.085199999999999769e-03 9.542659851128708626e-01 -1.092163276328863772e-02 2.987593472920074822e-01 4.844864999999999866e-01
1.943374242950756114e-01 2.499599089600391261e-02 -9.806162174660800757e-01 -5.353655000000000497e-01 1.153208980437396731e-02 9.995479840035869090e-01 2.776397988598022781e-02 -3.593299999999999793e-03 9.808669514379101395e-01 -1.670413462266603227e-02 1.939613246588305362e-01 4.953832000000000235e-01
1.469166901626487443e-01 2.609945446542661501e-02 -9.888044825081749867e-01 -5.777919000000000249e-01 9.916846865201424388e-03 9.995627300276490601e-01 2.785686428737609716e-02 -3.142700000000000007e-03 9.890991569604661304e-01 -1.389846093206970577e-02 1.465936236124044667e-01 4.974471999999999783e-01
1.045361736162930266e-01 2.648527108635694710e-02 -9.941683553710338739e-01 -6.226526000000000005e-01 7.634693598833230954e-03 9.995944994607275369e-01 2.743261018404176410e-02 -2.246999999999999865e-03 9.944917796841339364e-01 -1.045787087986086578e-02 1.042915772118917506e-01 4.981687000000000198e-01
6.658187698201895044e-02 2.516224561592471376e-02 -9.974636409679878968e-01 -6.684904000000000401e-01 6.953187157333883331e-03 9.996459959686292418e-01 2.568143166263341104e-02 -1.385100000000000003e-03 9.977567373092032232e-01 -8.645469301969689949e-03 6.638334892608477311e-02 4.982082999999999928e-01
3.205985952859564947e-02 2.218212967234392888e-02 -9.992397702904975976e-01 -7.163772000000000473e-01 7.667860362656298522e-03 9.997188129680627533e-01 2.243878149959199070e-02 -3.147000000000000058e-04 9.994565369862091764e-01 -8.381415210270061478e-03 3.188075523897659913e-02 4.970546000000000131e-01
7.614102609479556430e-04 1.966599718466786537e-02 -9.998063156477594582e-01 -7.661132999999999971e-01 8.092178422332174659e-03 9.997737483944084680e-01 1.967151925437783319e-02 9.430000000000000177e-05 9.999669679058382776e-01 -8.105589190604948341e-03 6.020972325825324489e-04 4.947045999999999943e-01
-2.583104030770821263e-02 1.788117958520735878e-02 -9.995063885605048881e-01 -8.178096999999999728e-01 7.736291777650980243e-03 9.998136471223556532e-01 1.768674128902293641e-02 5.781999999999999596e-04 9.996363874660387783e-01 -7.275606128381497707e-03 -2.596456064161400956e-02 4.914014999999999911e-01
-6.290427818153795925e-02 1.462185149284259134e-02 -9.979124476853572512e-01 -9.265683000000000114e-01 7.719182429550781877e-03 9.998698899436633258e-01 1.416394742527071066e-02 2.484699999999999843e-03 9.979897123763746825e-01 -6.812095343414915211e-03 -6.300896244149101211e-02 4.821481000000000239e-01
-7.588693199700922987e-02 1.492199770584927768e-02 -9.970047680610900631e-01 -9.832794000000000256e-01 9.451798958963145841e-03 9.998538579703725171e-01 1.424521667794067213e-02 3.536899999999999940e-03 9.970716308513249970e-01 -8.342462839519561649e-03 -7.601688144912677192e-02 4.767252000000000156e-01
-8.546566279268859312e-02 1.571678321169540232e-02 -9.962171466145737231e-01 -1.042299599999999993e+00 8.993014664209604547e-03 9.998470130800682920e-01 1.500253718925593366e-02 4.418599999999999958e-03 9.963005300463589897e-01 -7.676793623790195177e-03 -8.559392892607498027e-02 4.703519999999999923e-01
-9.649522125955986573e-02 1.838062904694217486e-02 -9.951637175610388297e-01 -1.164830899999999891e+00 7.108668469895594935e-03 9.998167007159113329e-01 1.777728331705203182e-02 4.399199999999999812e-03 9.953080624141721344e-01 -5.358866054337422906e-03 -9.660819555274791082e-02 4.567813000000000012e-01
-9.694392789363909246e-02 2.129957952015172629e-02 -9.950619090070816908e-01 -1.294346699999999961e+00 1.179429556566773639e-02 9.997253713950238208e-01 2.025034274256775138e-02 6.061699999999999727e-03 9.952199603287016361e-01 -9.772906494310128894e-03 -9.716851785424585053e-02 4.442077999999999860e-01
-9.392295328883372429e-02 2.379523158562901752e-02 -9.952950646915160737e-01 -1.430486900000000006e+00 8.501065717415733081e-03 9.996970553948424376e-01 2.309825353894923855e-02 6.921499999999999701e-03 9.955431737133105807e-01 -6.291612564969751784e-03 -9.409678466430493327e-02 4.310709999999999820e-01
-9.097379788172146875e-02 2.097643304055483993e-02 -9.956323404529759946e-01 -1.572751400000000022e+00 6.672878349455874103e-03 9.997685294451768012e-01 2.045385600717119362e-02 8.941299999999999248e-03 9.958309298236870388e-01 -4.782968526328519251e-03 -9.109271331213653067e-02 4.172127999999999948e-01
-8.742744299558603827e-02 2.725541104526959732e-02 -9.957979638360419106e-01 -1.722871499999999889e+00 6.370624154737377504e-03 9.996204963272236066e-01 2.680071772162659002e-02 1.134330000000000060e-02 9.961505194292339382e-01 -4.000736340803886376e-03 -8.756789793982000525e-02 4.035143999999999953e-01
-8.367171008674709198e-02 2.849016242027990059e-02 -9.960860181612957165e-01 -1.878013399999999944e+00 4.283668370680823734e-03 9.995922580680267622e-01 2.823061805475475528e-02 1.373109999999999956e-02 9.964841670174439114e-01 -1.904798081027817350e-03 -8.375963602966007837e-02 3.891446000000000072e-01
-8.038949664002002782e-02 2.491589588430277724e-02 -9.964520695759766511e-01 -2.039117300000000021e+00 1.292217698926114919e-03 9.996892962781265268e-01 2.489259087284224209e-02 1.667789999999999898e-02 9.967626894117691538e-01 7.134698498961079133e-04 -8.039671608586074214e-02 3.743998000000000048e-01
-7.771829303470929873e-02 2.934359136447651714e-02 -9.965434363707411647e-01 -2.203749199999999853e+00 6.414423302773576002e-03 9.995607952853597933e-01 2.893219145159748110e-02 1.922000000000000097e-02 9.969547241983779395e-01 -4.143690907110971627e-03 -7.787238101022997405e-02 3.614072999999999869e-01
-7.556847262473802285e-02 2.647435125657077171e-02 -9.967891024036669156e-01 -2.371556500000000067e+00 7.544239397088961865e-03 9.996340478324259315e-01 2.597796885975933723e-02 2.144609999999999919e-02 9.971120751435534890e-01 -5.556900188317668784e-03 -7.574054702214294554e-02 3.473686999999999747e-01
-7.556592749745959237e-02 1.473684370107330652e-02 -9.970319032203428522e-01 -2.541491000000000167e+00 1.268465994557372092e-02 9.998240831785173421e-01 1.381673254797460490e-02 2.361579999999999929e-02 9.970601235650305982e-01 -1.160293643726617932e-02 -7.573956603070108873e-02 3.346334999999999726e-01
-7.615214052827426472e-02 2.287344181260238599e-02 -9.968338162164279703e-01 -2.715696299999999841e+00 1.367742148324369370e-02 9.996667442660313041e-01 2.189357326072889284e-02 2.470839999999999842e-02 9.970023970054092688e-01 -1.196687378552527617e-02 -7.643961209523264522e-02 3.206085000000000185e-01
-7.653581553263076598e-02 3.544742197913013787e-02 -9.964365254323973575e-01 -2.892610799999999927e+00 1.011434250765413760e-02 9.993440201826904179e-01 3.477397591211375816e-02 2.631079999999999877e-02 9.970155309805325272e-01 -7.416845699614406373e-03 -7.684413694925029681e-02 3.050829999999999931e-01
-7.705405802026782380e-02 3.240061134484194250e-02 -9.965003123567445220e-01 -3.067744999999999944e+00 8.483592570549917944e-03 9.994569500803321960e-01 3.184075365341526576e-02 2.841689999999999841e-02 9.969908228262213123e-01 -6.000443367041034121e-03 -7.728708740593615012e-02 2.898816000000000170e-01
-7.757859858930395147e-02 3.095110802922528687e-02 -9.965056898747156611e-01 -3.241261999999999865e+00 6.973100141603036026e-03 9.995103951080798188e-01 3.050157283330390268e-02 3.105820000000000108e-02 9.969618532899516827e-01 -4.582464691996314052e-03 -7.775644090370770201e-02 2.755729000000000095e-01
-7.729824196487881938e-02 3.164370159617616030e-02 -9.965057239867874950e-01 -3.415916699999999917e+00 5.857427682884133041e-03 9.994933658259552711e-01 3.128421664103181454e-02 3.342740000000000294e-02 9.969908085484434634e-01 -3.418745266232542032e-03 -7.744443072762419167e-02 2.605546999999999724e-01
-7.671526693708329014e-02 2.240490988848320431e-02 -9.968012780046290322e-01 -3.589774400000000032e+00 4.226275968277508344e-03 9.997458180221127089e-01 2.214583343964640280e-02 3.553889999999999827e-02 9.970440844868458941e-01 -2.513833762512619058e-03 -7.679045663103223340e-02 2.458303000000000016e-01
-7.542449892008870616e-02 2.549781884137702556e-02 -9.968254642599103654e-01 -3.764249599999999862e+00 5.370594288781609105e-03 9.996689053960430282e-01 2.516418687862802955e-02 3.671830000000000233e-02 9.971370526059288864e-01 -3.455548959214363447e-03 -7.553646471573594035e-02 2.313493000000000077e-01
-7.424730100274219702e-02 3.567688960113866992e-02 -9.966014739313787674e-01 -3.937964000000000020e+00 6.543751803452933086e-03 9.993557614962940150e-01 3.528797637293927536e-02 3.943109999999999671e-02 9.972183901263270700e-01 -3.901475688823038274e-03 -7.443292874330897924e-02 2.173885000000000123e-01
-7.431961103550314973e-02 3.878952110224103550e-02 -9.964797882888495328e-01 -4.110031600000000118e+00 7.161786736376601903e-03 9.992382137377997520e-01 3.836275559489844833e-02 4.221919999999999840e-02 9.972087565932593600e-01 -4.285470656771522141e-03 -7.454079765454468820e-02 2.043427999999999911e-01
-7.306308721911046467e-02 2.746743745188553326e-02 -9.969490083077665599e-01 -4.366110299999999889e+00 1.245764561381422150e-03 9.996224071068936512e-01 2.744979563634917380e-02 4.559420000000000139e-02 9.973265429921485126e-01 7.636030686711727661e-04 -7.306971707679765782e-02 1.819774000000000114e-01
-7.532290070495642476e-02 1.989707270579584714e-02 -9.969606647842892411e-01 -4.622160899999999906e+00 4.182829678614973998e-03 9.997984123259824329e-01 1.963768434221758313e-02 4.803690000000000043e-02 9.971504222359188763e-01 -2.690949309287309077e-03 -7.539094260283440985e-02 1.613153999999999977e-01
-7.796813746752785657e-02 2.172596305084583887e-02 -9.967190938621361962e-01 -4.791755700000000395e+00 9.082392384948293623e-03 9.997365104532940361e-01 2.108126692674003322e-02 4.913470000000000337e-02 9.969144796262165986e-01 -7.408926790292315670e-03 -7.814491739969775530e-02 1.481668999999999903e-01
-8.156133072456317468e-02 3.188765954454299972e-02 -9.961580830868208558e-01 -4.960767699999999891e+00 1.361031539964084776e-02 9.994304903557180708e-01 3.087805469992076918e-02 4.960429999999999701e-02 9.965753903469423136e-01 -1.103957046720187817e-02 -8.194888186387261353e-02 1.344815000000000038e-01
-8.410911576178407845e-02 2.702442528491874607e-02 -9.960900245880341952e-01 -5.126496300000000339e+00 1.038987275789568510e-02 9.996016145782841145e-01 2.624238321041504063e-02 5.106870000000000159e-02 9.964023821678897885e-01 -8.142024963568967114e-03 -8.435638825629676596e-02 1.194448000000000037e-01
-8.655350563165897793e-02 2.178681724333889069e-02 -9.960089483821293888e-01 -5.289825900000000303e+00 1.367559869336966091e-03 9.997625036640012119e-01 2.175008155138269048e-02 5.223719999999999752e-02 9.962462649580542395e-01 5.204439387387349569e-04 -8.656274426814614120e-02 1.028405000000000014e-01
-8.826801391669117369e-02 2.457676398257442607e-02 -9.957935229711767366e-01 -5.452446899999999985e+00 2.833729571148115023e-05 9.996956350501989830e-01 2.467055853800473320e-02 5.253370000000000262e-02 9.960967608200521628e-01 2.149403108837134868e-03 -8.824184466609497068e-02 8.682710000000000428e-02
-8.992073286673839261e-02 2.401115291684598543e-02 -9.956594429504060928e-01 -5.611319100000000226e+00 -1.218400765984371109e-03 9.997059399911290001e-01 2.421877465989148714e-02 5.328999999999999709e-02 9.959481800275969965e-01 3.390882194502177829e-03 -8.986503556812786009e-02 7.178439999999999821e-02
-9.083746397282416174e-02 2.871873199498857498e-02 -9.954515505897744143e-01 -5.767709299999999928e+00 1.429444949563882586e-03 9.995868300075521073e-01 2.870759416233662625e-02 5.416119999999999962e-02 9.958647055831039152e-01 1.184781858941616819e-03 -9.084098450492861243e-02 5.736310000000000020e-02
-9.164478153760299839e-02 3.498592816098546054e-02 -9.951769786563792186e-01 -5.924501900000000099e+00 1.556960567755383967e-03 9.993864309454180139e-01 3.499053466252752265e-02 5.547810000000000241e-02 9.957905451904610628e-01 1.657248591325332504e-03 -9.164302284621062000e-02 4.217830000000000190e-02
-9.260033529896448401e-02 3.306893055970975409e-02 -9.951540703499919260e-01 -6.075989200000000423e+00 2.991042196507249021e-03 9.994530706780131446e-01 3.293346594072969757e-02 5.678579999999999739e-02 9.956988659073073844e-01 7.310217222582238161e-05 -9.264860002706110098e-02 2.758079999999999907e-02
-8.915783989954328970e-02 2.422298581691045838e-02 -9.957229165498610035e-01 -6.364179100000000311e+00 2.892552853589729772e-04 9.997048165111657170e-01 2.429395348139865018e-02 5.683549999999999713e-02 9.960174676760581436e-01 1.877978298656390183e-03 -8.913852860397952771e-02 4.020000000000000136e-05
-6.365085088279624770e-02 2.926938963744316752e-02 -9.975429173785697046e-01 -6.629598599999999564e+00 7.956719178125373076e-04 9.995709870880601366e-01 2.927812627202281900e-02 5.782000000000000334e-02 9.979719114725100759e-01 1.069860763297278416e-03 -6.364683267729753791e-02 -1.983530000000000015e-02
-1.831849326670135017e-02 3.395914214721984514e-02 -9.992553274659398133e-01 -6.811248299999999922e+00 -5.133650175314865075e-03 9.994066596257190627e-01 3.405839590526285598e-02 5.815909999999999830e-02 9.998190228437920934e-01 5.753725783095043136e-03 -1.813328980901263154e-02 -2.656170000000000059e-02
9.367447770813214225e-02 3.467442906174361683e-02 -9.949988825095988920e-01 -7.023839999999999861e+00 -2.055563861896741312e-03 9.993979418779631585e-01 3.463420891692173265e-02 5.981949999999999767e-02 9.956007567711658846e-01 -1.199057685612601315e-03 9.368935573131165206e-02 -1.279590000000000068e-02
3.157340159469458341e-01 3.129737746715620383e-02 -9.483314322206621849e-01 -7.242942799999999792e+00 1.232223746734358548e-02 9.992363304781897160e-01 3.707989099606912031e-02 5.700340000000000268e-02 9.487677237542455622e-01 -2.339294800063294877e-02 3.151072457847129415e-01 4.907079999999999775e-02
4.689030233201965658e-01 1.958139906295687169e-02 -8.830325721806168149e-01 -7.359281099999999576e+00 2.298510597071827880e-02 9.991451159814122018e-01 3.436163724279354265e-02 5.993110000000000104e-02 8.829505306780748297e-01 -3.640887283654516832e-02 4.680520850867756488e-01 1.163407000000000052e-01
6.042942416783898540e-01 6.754240943933557950e-03 -7.967326086609051172e-01 -7.461190700000000398e+00 4.226442220471877953e-02 9.982844935328559766e-01 4.051899045571662195e-02 6.245429999999999732e-02 7.956394837425057043e-01 -5.815883596772267183e-02 6.029721069078057827e-01 2.021461999999999981e-01
6.873036881062339898e-01 -3.405788004083247500e-03 -7.263621967886543240e-01 -7.521268799999999644e+00 3.966858795027593948e-02 9.986726643708412343e-01 3.285289284791124975e-02 6.433229999999999504e-02 7.252861803768219096e-01 -5.139367710639469733e-02 6.865265082339382374e-01 2.652591999999999728e-01
7.272964084953127406e-01 -1.092047945095628303e-02 -6.862366044728162029e-01 -7.548775199999999685e+00 3.616982314973087725e-02 9.990938006281590011e-01 2.243482649136668838e-02 6.603950000000000098e-02 6.853697382312239350e-01 -4.113782535504006965e-02 7.270323247572434422e-01 2.996782000000000057e-01
7.662363196615992189e-01 -1.462611527939100715e-02 -6.423923872395137513e-01 -7.576323000000000363e+00 3.173371583411990771e-02 9.993823293811620045e-01 1.509738388072122406e-02 6.737229999999999608e-02 6.417747842590940666e-01 -3.195366133194282865e-02 7.662271789858909887e-01 3.368632999999999766e-01
8.030159220299191158e-01 -1.639160000355047858e-02 -5.957321079275166298e-01 -7.602579099999999812e+00 3.030812278965676343e-02 9.994513961467336172e-01 1.335381718131739212e-02 6.815359999999999474e-02 5.951863965678363400e-01 -2.877884969328279099e-02 8.030721830264858641e-01 3.777383999999999742e-01
8.366737218742135163e-01 -1.817983363025601692e-02 -5.473998326400250081e-01 -7.627193899999999971e+00 3.006422459093309116e-02 9.994665436691124727e-01 1.275815370122589804e-02 6.887709999999999666e-02 5.468758776220589146e-01 -2.713156345097684358e-02 8.367739555816784414e-01 4.218121000000000231e-01
8.671448993506817304e-01 -1.682698626362309768e-02 -4.977716103429160044e-01 -7.650539400000000434e+00 2.628514903545506320e-02 9.995824628041619642e-01 1.199962476704588554e-02 6.888940000000000341e-02 4.973618546594419931e-01 -2.348941437434796248e-02 8.672251339427785588e-01 4.679073000000000260e-01
8.930050993180886909e-01 -1.532040967131098261e-02 -4.497857019063565831e-01 -7.673055200000000298e+00 2.456026372256625914e-02 9.995900564081628970e-01 1.471436630656776379e-02 6.874460000000000293e-02 4.493758850202896893e-01 -2.418685960245897659e-02 8.930152909020104834e-01 5.178899999999999615e-01
9.140392611467164086e-01 -9.232323987446455077e-03 -4.055206446978449342e-01 -7.693860100000000202e+00 1.750798558453946913e-02 9.997071991392771917e-01 1.670288687243092277e-02 6.878489999999999605e-02 4.052477014409045508e-01 -2.236694397749696903e-02 9.139332690596020381e-01 5.698832000000000342e-01
9.314302929524047592e-01 -5.254074901787943001e-03 -3.638818545455705378e-01 -7.713752300000000339e+00 1.172526983362058225e-02 9.998099191656814044e-01 1.557702106445190381e-02 6.964510000000000145e-02 3.637308447436458092e-01 -1.877552222549330740e-02 9.313148513511603221e-01 6.238614000000000104e-01
9.448547979041751477e-01 -2.848891638892211801e-04 -3.274894345099162440e-01 -7.732652200000000420e+00 6.417259391188902262e-03 9.998237214712890619e-01 1.764496430170764407e-02 7.021159999999999901e-02 3.274266782951056887e-01 -1.877351382844026639e-02 9.446900684982174612e-01 6.811713999999999825e-01
9.547794617903196945e-01 -4.267027334001888272e-06 -2.973149497169287891e-01 -7.749734899999999982e+00 6.324981316673062258e-03 9.997739811966495083e-01 2.029731838310495570e-02 6.994400000000000617e-02 2.972476643385632555e-01 -2.125997422373487530e-02 9.545636906677704703e-01 7.406599999999999850e-01
9.620122233715164839e-01 -6.619413715995034302e-04 -2.730055748833932761e-01 -7.765859100000000126e+00 6.901094199645128532e-03 9.997364802343401413e-01 2.189394865026287121e-02 7.060460000000000347e-02 2.729191400078768703e-01 -2.294628340871976771e-02 9.617632822556118066e-01 8.020576999999999845e-01
9.678536580887454610e-01 -2.017632847662966834e-04 -2.515139276775955057e-01 -7.782366299999999626e+00 6.664608588769065436e-03 9.996691189311882608e-01 2.484422765352667720e-02 7.068049999999999333e-02 2.514256938274056496e-01 -2.572181849945050572e-02 9.675347583092241965e-01 8.663197000000000259e-01
9.723008182310366454e-01 1.672829396807373661e-03 -2.337270213498337523e-01 -7.797128200000000398e+00 4.834397408032733295e-03 9.996165379224679626e-01 2.726546741943614710e-02 7.225990000000000191e-02 2.336830063760684806e-01 -2.764016558757028535e-02 9.719198906171917507e-01 9.324232000000000076e-01
9.758981140352464001e-01 7.288353185359532430e-03 -2.181049080839184695e-01 -7.812650699999999837e+00 -9.343714847738163881e-04 9.995725195702758192e-01 2.922165412598856302e-02 7.298229999999999995e-02 2.182246502400164156e-01 -2.831356614373968864e-02 9.754877467194790208e-01 9.994113999999999498e-01
9.787272017749851782e-01 1.095439613308309482e-02 -2.048732918441709405e-01 -7.827549499999999938e+00 -4.744033708046275187e-03 9.995149300745096443e-01 3.077984246751443859e-02 7.407489999999999908e-02 2.051110885590641530e-01 -2.915314328691811369e-02 9.783044186686514765e-01 1.068805500000000075e+00
9.839887848162094386e-01 9.724207525232527946e-03 -1.779649154859622717e-01 -7.854035399999999889e+00 -4.378206368709686852e-03 9.995279888036630034e-01 3.040774419613474083e-02 7.620290000000000397e-02 1.781766052682351442e-01 -2.914171213416924533e-02 9.835669056800238064e-01 1.212635200000000024e+00
9.887422502889893217e-01 1.204329461883372511e-02 -1.491432919986331040e-01 -7.878004599999999691e+00 -7.213352024098859325e-03 9.994331677339040043e-01 3.288329037597263055e-02 7.771530000000000105e-02 1.494547759224909844e-01 -3.143727545602633539e-02 9.882686718022887229e-01 1.362991000000000064e+00
9.920392672513379528e-01 1.253052168894200000e-02 -1.253039435039111638e-01 -7.898583399999999699e+00 -9.485506854303712293e-03 9.996457353940255697e-01 2.486823009895895026e-02 7.898950000000000415e-02 1.255711646483593236e-01 -2.348168935023126763e-02 9.918066812005824628e-01 1.518042300000000067e+00
9.941398643530177104e-01 1.081371662072371995e-02 -1.075592563985557637e-01 -7.916967900000000391e+00 -8.785835558416086460e-03 9.997749475715096423e-01 1.930966861252326333e-02 7.975390000000000257e-02 1.077438592111125693e-01 -1.825151339565237590e-02 9.940111382982910193e-01 1.679832200000000109e+00
9.952402175682029117e-01 1.815580621409058210e-02 -9.574589304775732446e-02 -7.935003799999999607e+00 -1.489963349475874332e-02 9.992896667862968263e-01 3.461448794729906492e-02 7.926439999999999875e-02 9.630633549522096826e-02 -3.302315180064190753e-02 9.948037802444428257e-01 1.845571199999999967e+00
9.959408330230117290e-01 1.786926121975727921e-02 -8.821874302487810182e-02 -7.950768000000000058e+00 -1.458697053972174244e-02 9.991821856780135347e-01 3.771180338012345562e-02 8.086569999999999869e-02 8.882047853903225765e-02 -3.627188066764500812e-02 9.953869967328935475e-01 2.011684900000000109e+00
9.964901026320809319e-01 1.656899603455545822e-02 -8.205451679652793484e-02 -7.965317699999999945e+00 -1.334779118784047876e-02 9.991244324294279444e-01 3.965104025090781387e-02 8.289480000000000459e-02 8.263965045128522646e-02 -3.841662261287669827e-02 9.958387677130817739e-01 2.175765999999999867e+00
9.969849164860123958e-01 1.290769491267708576e-02 -7.651449347293758085e-02 -7.978760199999999969e+00 -9.486641657825886295e-03 9.989461173445153275e-01 4.490721848849928144e-02 8.429630000000000456e-02 7.701350485099973942e-02 -4.404595389316774690e-02 9.960566620510130642e-01 2.339394799999999996e+00
9.972697900046657571e-01 1.489366137950324034e-02 -7.232665341879582210e-02 -7.991637200000000441e+00 -1.241328949872719939e-02 9.993233409727177996e-01 3.462326430228482299e-02 8.665159999999999529e-02 7.279338011021815880e-02 -3.363092383265400831e-02 9.967798577290231110e-01 2.500740500000000033e+00
9.974677577745121315e-01 1.659447275574820260e-02 -6.915703633214691226e-02 -8.004091300000000686e+00 -1.501224061590764915e-02 9.996149548534309925e-01 2.333612360833169086e-02 8.823880000000000612e-02 6.951765841839933902e-02 -2.223882882105021608e-02 9.973328078734253754e-01 2.660902500000000170e+00
9.976984350589738204e-01 2.136031588575925538e-02 -6.435502766789175100e-02 -8.016685499999999465e+00 -1.944851803741301510e-02 9.993549964900220184e-01 3.018851000921587632e-02 8.832420000000000548e-02 6.495835455907847389e-02 -2.886741927655964504e-02 9.974703425552502445e-01 2.821311999999999820e+00
9.979790235884027361e-01 2.204926334373076210e-02 -5.959612792402631254e-02 -8.027708099999999902e+00 -1.983280795790330966e-02 9.990986603193990900e-01 3.753034341019107628e-02 8.998100000000000542e-02 6.036992799435017543e-02 -3.627253691128808771e-02 9.975168042995447015e-01 2.980185500000000154e+00
9.982065178676637895e-01 1.752108157825255433e-02 -5.724298548155554861e-02 -8.036942500000000322e+00 -1.536720423873108241e-02 9.991651564843841982e-01 3.785286120521427766e-02 9.199409999999999532e-02 5.785841961545861584e-02 -3.690530812585514353e-02 9.976424216680730428e-01 3.136816699999999791e+00
9.983402888907764172e-01 1.645987629998131238e-02 -5.518822383145149946e-02 -8.046653700000000242e+00 -1.452172973129810078e-02 9.992699125512990443e-01 3.533781593888110639e-02 9.457450000000000578e-02 5.572958768098154603e-02 -3.447773690236091704e-02 9.978504390513637246e-01 3.294518699999999800e+00
9.983844648704061076e-01 1.951335199599909045e-02 -5.336374611394020806e-02 -8.057058299999999562e+00 -1.754987620821856983e-02 9.991604636839216402e-01 3.701850423783899224e-02 9.744669999999999721e-02 5.404130041467390677e-02 -3.602217240549128452e-02 9.978887417666760795e-01 3.454313799999999990e+00
9.982886989973446257e-01 1.868831216041327153e-02 -5.541137466968300979e-02 -8.066349999999999909e+00 -1.670734281649174230e-02 9.992121046031170462e-01 3.600048208874025157e-02 1.006832000000000005e-01 5.604050454984555590e-02 -3.501309759510624897e-02 9.978143839645700064e-01 3.615335200000000082e+00
9.980141852255409729e-01 1.835406672280179979e-02 -6.025623887478016166e-02 -8.077475500000000252e+00 -1.613621754660623381e-02 9.991816614494735127e-01 3.708948511853912139e-02 1.038792999999999939e-01 6.088767175617922772e-02 -3.604352449198992142e-02 9.974936369573027539e-01 3.777863299999999924e+00
9.976067316510592864e-01 2.306155413127487785e-02 -6.518415210418768146e-02 -8.091306700000000518e+00 -2.095841379152237061e-02 9.992432686227321614e-01 3.276637000800761840e-02 1.062889000000000056e-01 6.589046862661490644e-02 -3.132179485930867285e-02 9.973351449292040538e-01 3.941731700000000060e+00
9.973168537762155950e-01 2.306383400917132870e-02 -6.947771394273033474e-02 -8.104330100000000314e+00 -2.113787712442227046e-02 9.993751228410461263e-01 2.832938398759706281e-02 1.088627000000000067e-01 7.008768311610322210e-02 -2.678476072772141212e-02 9.971811737433551315e-01 4.107835299999999634e+00
9.970594581759707475e-01 2.234060453392114343e-02 -7.330303029819847105e-02 -8.118436799999999565e+00 -2.005147184289736428e-02 9.992925549483601122e-01 3.181710391773966140e-02 1.102497000000000060e-01 7.396198576818470427e-02 -3.025371074492668594e-02 9.968020553988585775e-01 4.276683799999999813e+00
9.968968910335255229e-01 2.121739751374421279e-02 -7.580508353952764011e-02 -8.132991799999999216e+00 -1.834604383998125060e-02 9.990949508015839475e-01 3.837579912134718441e-02 1.130185999999999968e-01 7.655071079429953684e-02 -3.686599144908850323e-02 9.963839056063497068e-01 4.448028599999999777e+00
9.968606229308810684e-01 2.090484696733689585e-02 -7.636678481596567702e-02 -8.146621700000000743e+00 -1.738822258691095218e-02 9.987703200862722008e-01 4.642733494433428504e-02 1.163365999999999983e-01 7.724343444671410985e-02 -4.495369938100299972e-02 9.959983015782900573e-01 4.623020200000000024e+00
9.970897598912132898e-01 2.378173632831424855e-02 -7.243231141758037228e-02 -8.160883899999999969e+00 -2.045654466104863956e-02 9.987177052920014342e-01 4.630847564765745716e-02 1.209777999999999964e-01 7.344072780558023872e-02 -4.469199205103414896e-02 9.962976891200225893e-01 4.797089099999999995e+00
9.974584093847460586e-01 1.751311127840455770e-02 -6.906527695595440774e-02 -8.173212100000000646e+00 -1.451906372627915706e-02 9.989428092657730573e-01 4.361720537491681204e-02 1.252388999999999863e-01 6.975613475648370643e-02 -4.250358513767570068e-02 9.966581795752642581e-01 4.973346199999999939e+00
9.977260176266332659e-01 1.383084567487965523e-02 -6.596591133924273320e-02 -8.185798600000000036e+00 -1.075533779723094642e-02 9.988486219894829876e-01 4.675203801524117908e-02 1.301728000000000052e-01 6.653657986225791632e-02 -4.593623904531980717e-02 9.967260132466718714e-01 5.150376800000000088e+00
9.979356235549576848e-01 9.398018318102651161e-03 -6.353084677281117809e-02 -8.199237800000000576e+00 -6.126447675839579755e-03 9.986544190226080975e-01 5.149580570777073651e-02 1.335134000000000043e-01 6.392931939926316254e-02 -5.100028057089373013e-02 9.966503968307227623e-01 5.323824899999999971e+00
9.980153039577258633e-01 1.585055890600940362e-02 -6.094434221923387962e-02 -8.217299499999999313e+00 -1.365644822366423455e-02 9.992493874611997340e-01 3.625138728836914404e-02 1.434661000000000131e-01 6.147320138143404222e-02 -3.534715604944872747e-02 9.974826434936767683e-01 5.583856100000000211e+00
9.981466978041103610e-01 1.690815061657347310e-02 -5.845754104884406249e-02 -8.234836599999999507e+00 -1.468313557901753177e-02 9.991590042643982983e-01 3.828432743230969493e-02 1.463534999999999975e-01 5.905569568058793156e-02 -3.735503500337507277e-02 9.975555253556457336e-01 5.839308700000000130e+00
9.980983616198383368e-01 1.463121512978368330e-02 -5.987978019014748854e-02 -8.246519100000000435e+00 -1.117428640901827266e-02 9.982734994447132193e-01 5.766416243782008372e-02 1.482824000000000086e-01 6.062009448230529229e-02 -5.688539223941468242e-02 9.965386376326430540e-01 6.009856199999999760e+00
9.979059806436338942e-01 7.917735830645098241e-03 -6.419472918381662063e-02 -8.257018099999999805e+00 -4.595138075040259076e-03 9.986499403625580529e-01 5.174148548245013218e-02 1.546407999999999949e-01 6.451773788454422121e-02 -5.133815416603328824e-02 9.965951311465884865e-01 6.176009200000000199e+00
9.975618877183107802e-01 8.983540296776023823e-03 -6.920676394411591492e-02 -8.269523599999999419e+00 -5.590810805161329847e-03 9.987801021215665376e-01 4.906170034328246471e-02 1.588672999999999891e-01 6.956308652166946771e-02 -4.855516048546593827e-02 9.963951893620368594e-01 6.339741700000000257e+00
9.973168988822100900e-01 1.079433609576065621e-02 -7.240501027016867097e-02 -8.276541699999999224e+00 -7.477026212817058579e-03 9.989166048624851246e-01 4.593158618008378463e-02 1.612911999999999957e-01 7.282236801274948046e-02 -4.526697293013279971e-02 9.963171201373377528e-01 6.421001000000000403e+00
9.967188892328556760e-01 1.379338191552837399e-02 -7.975712169928604600e-02 -8.290442499999999271e+00 -1.072316627425094586e-02 9.991896309565601042e-01 3.879555507977616030e-02 1.658071999999999879e-01 8.022761090470735545e-02 -3.781301368874945973e-02 9.960590878277739701e-01 6.581974999999999909e+00
9.964122740925419608e-01 1.832216354470262570e-02 -8.262492578375021934e-02 -8.298528700000000313e+00 -1.512638473788928579e-02 9.991192521659815196e-01 3.913965298838578688e-02 1.674451999999999885e-01 8.326927718246635024e-02 -3.774941422500588395e-02 9.958118342353531327e-01 6.661786099999999600e+00
9.956334640415029913e-01 2.524474080273602858e-02 -8.987050874741837891e-02 -8.314913699999999963e+00 -2.108070740719985778e-02 9.986731158189906532e-01 4.698522656751655258e-02 1.718235999999999930e-01 9.093739085727696458e-02 -4.488552998675084116e-02 9.948445507424158452e-01 6.819441300000000261e+00
9.952429961303960182e-01 2.618794297824065739e-02 -9.383800027686461931e-02 -8.323244100000000145e+00 -2.124529403347029041e-02 9.983530753346729902e-01 5.328953416227361073e-02 1.736552000000000096e-01 9.507899944164233119e-02 -5.104241973465942217e-02 9.941602764407794224e-01 6.897844799999999665e+00
9.941491021492486757e-01 2.577131552118630195e-02 -1.048971019244585995e-01 -8.340710599999999530e+00 -1.978033810380181237e-02 9.981346412283982339e-01 5.775791031846719964e-02 1.800401000000000085e-01 1.061899285259298026e-01 -5.534507454294624457e-02 9.928044227356632723e-01 7.053699499999999567e+00
9.935654171835130999e-01 2.392329342597334513e-02 -1.107042808955750746e-01 -8.349800099999999503e+00 -1.713378791819866048e-02 9.979365159732601631e-01 6.188007271105237794e-02 1.828065000000000107e-01 1.119562195169424013e-01 -5.958511658800140498e-02 9.919251074514993105e-01 7.130862200000000151e+00
9.928386273914967530e-01 2.462558408755197853e-02 -1.168975644216579401e-01 -8.359930999999999557e+00 -1.748335468720468855e-02 9.979394273555876049e-01 6.173517342717568107e-02 1.858084999999999876e-01 1.181769532026027414e-01 -5.924930326635890337e-02 9.912233490965600691e-01 7.206868599999999958e+00
9.911850590341836353e-01 3.169127630122771377e-02 -1.286384147671342515e-01 -8.381598500000000840e+00 -2.451841535507303174e-02 9.980750223028131973e-01 5.696575430655871630e-02 1.926698000000000022e-01 1.301961061471430259e-01 -5.330959446139443836e-02 9.900540697772438614e-01 7.356326600000000049e+00
9.904063094451451832e-01 3.036566899942698405e-02 -1.348082651674764598e-01 -8.392146099999999720e+00 -2.307833123771814432e-02 9.982033275730508581e-01 5.529473256441842094e-02 1.947631999999999974e-01 1.362451204209881861e-01 -5.165310221376476912e-02 9.893276627049123473e-01 7.430670700000000295e+00
9.889392224141870802e-01 3.365054436407510091e-02 -1.444536438959722058e-01 -8.415722799999999282e+00 -2.525484504205241509e-02 9.979048438173575564e-01 5.956605986429702737e-02 2.006483000000000017e-01 1.461554212909150219e-01 -5.525905853212222107e-02 9.877170795715838336e-01 7.577456500000000261e+00
9.871462314602114096e-01 3.393413039459118596e-02 -1.561755182743617687e-01 -8.440238000000000795e+00 -2.380012601252114515e-02 9.975153467123319961e-01 6.630751899418363404e-02 2.064673999999999954e-01 1.580375642551186122e-01 -6.173822047758414922e-02 9.855011519103213935e-01 7.721924800000000033e+00
9.846715219942812070e-01 3.046085926073653638e-02 -1.717385507874207573e-01 -8.465368299999999735e+00 -2.124811674659302096e-02 9.982475651429115748e-01 5.522966794189335810e-02 2.136203000000000130e-01 1.731199333069102508e-01 -5.073396041456108146e-02 9.835931851901297263e-01 7.863864399999999755e+00
9.811327810851733222e-01 2.754743754808394382e-02 -1.913624951880798786e-01 -8.493425399999999570e+00 -1.686072231859356632e-02 9.982174216063388617e-01 5.725115932876843200e-02 2.185804000000000080e-01 1.925984992749651681e-01 -5.294447927902552059e-02 9.798483046833852406e-01 8.004320099999999272e+00
9.763848893308022525e-01 2.903653078602604770e-02 -2.140780880108689999e-01 -8.525231399999999127e+00 -1.391048779031486653e-02 9.973200530038971445e-01 7.182764235125285723e-02 2.247869000000000117e-01 2.155899956303926335e-01 -6.715349399857131751e-02 9.741721418865719739e-01 8.145844500000000821e+00
9.709644281068576799e-01 3.318950245332639298e-02 -2.369103971505333583e-01 -8.560038600000000386e+00 -1.673600710267426211e-02 9.973268584785089930e-01 7.112695286350551038e-02 2.313051000000000135e-01 2.386377703075983070e-01 -6.509680702068834646e-02 9.689243625269875482e-01 8.282922700000000304e+00
9.648517536912826209e-01 3.059661577329447074e-02 -2.610075487453911158e-01 -8.598469700000000771e+00 -1.622782384786983223e-02 9.982405535774470096e-01 5.703029832075819788e-02 2.386566999999999994e-01 2.622932540726483630e-01 -5.079019882431606153e-02 9.636506652160665709e-01 8.416730899999999238e+00
9.582697677221883037e-01 3.067241810421118126e-02 -2.842151562413651189e-01 -8.640060399999999419e+00 -1.122447961253403986e-02 9.974975194288129288e-01 6.980479776342464471e-02 2.449369000000000129e-01 2.856449952775139134e-01 -6.370166011184690003e-02 9.562159981781854778e-01 8.552557000000000187e+00
9.506968239958297762e-01 2.662833206403922987e-02 -3.089765052163829795e-01 -8.684248000000000189e+00 -4.083360462175736338e-03 9.972953186601146713e-01 7.338510438744669240e-02 2.520410000000000150e-01 3.100949451564443127e-01 -6.850532322460620160e-02 9.482342251144039169e-01 8.687306400000000650e+00
9.413388392909894931e-01 1.664429992650391307e-02 -3.370521575694911398e-01 -8.755783100000000374e+00 2.485601285915304930e-03 9.984138705471339303e-01 5.624557658463671256e-02 2.623640999999999890e-01 3.374537174614319346e-01 -5.378392305370963827e-02 9.398043829395629212e-01 8.886596700000000126e+00
9.357328440190347818e-01 2.137527582266892517e-02 -3.520612762113344840e-01 -8.807399699999999498e+00 -2.353257229595300329e-03 9.985180834004891981e-01 5.437002209513198958e-02 2.680522000000000182e-01 3.527017249808400146e-01 -5.004732466095074273e-02 9.343964675071397830e-01 9.018853200000000570e+00
9.295790147620301980e-01 2.047790792894771394e-02 -3.680536789666784547e-01 -8.860265699999999356e+00 2.868167462630293041e-03 9.980237445470466762e-01 6.277243770714789617e-02 2.750856999999999886e-01 3.686117590764835250e-01 -5.940758038453505807e-02 9.276831950959311124e-01 9.152648900000000864e+00
