9.999999970199000554e-01 5.999922791059754913e-07 -7.719999994496738120e-05 -6.100000000000000042e-06 -6.000077191059525140e-07 9.999999999998000488e-01 -1.999768397020225110e-07 -3.999999999999999819e-07 7.719999982496736975e-05 2.000231597019534732e-07 9.999999970200600385e-01 2.529999999999999833e-05
9.990621371460837175e-01 1.907334038060810475e-03 -4.325746407230916801e-02 -3.328400000000000022e-03 -2.050132529477862679e-03 9.999925944028373870e-01 -3.257007229644303271e-03 -4.931999999999999535e-04 4.325093152420465825e-02 3.342636137786043817e-03 9.990586487819115291e-01 4.330950000000000077e-02
9.983838797138139265e-01 1.591520820637468267e-03 -5.680753285498427868e-02 -4.982999999999999582e-03 -1.831887689749201907e-03 9.999895882380381851e-01 -4.179426158082582589e-03 -4.612999999999999913e-04 5.680028974472565301e-02 4.276736722805958048e-03 9.983764002659112347e-01 5.400769999999999876e-02
9.830094773165547473e-01 6.513778390717818792e-03 -1.834391948219096236e-01 -2.667490000000000139e-02 -8.027933405549962653e-03 9.999395529066898991e-01 -7.512843536585022894e-03 -2.231100000000000184e-03 1.833791694579020581e-01 8.857834038057494849e-03 9.830023494300939024e-01 1.357679999999999998e-01
9.708509326640694104e-01 1.023421753830871216e-02 -2.394655034377294600e-01 -3.968909999999999799e-02 -1.262387998345525751e-02 9.998846326095431891e-01 -8.447433068224327948e-03 -3.081599999999999877e-03 2.393514240598329235e-01 1.122418204847847913e-02 9.708681236593735830e-01 1.670698999999999934e-01
9.292721438512032694e-01 1.860775060010162740e-02 -3.689268684709653967e-01 -7.208660000000000068e-02 -2.200801427246536907e-02 9.997452397821419146e-01 -5.010273518537038812e-03 -4.506800000000000042e-03 3.687396506615087666e-01 1.277525540065678478e-02 9.294449219181718513e-01 2.302117999999999942e-01
8.807502061668834870e-01 1.745311658366383370e-02 -4.732594035605728888e-01 -1.049292000000000002e-01 -2.231147161093409090e-02 9.997402384611798754e-01 -4.653368257250158416e-03 -4.330800000000000101e-03 4.730552531909423819e-01 1.465756879909283113e-02 8.809108258531922475e-01 2.788159000000000054e-01
7.729362939731079241e-01 2.286293922924620067e-02 -6.340715822909249733e-01 -1.644638999999999962e-01 -2.617600003820325441e-02 9.996487935307004635e-01 4.136014339323696234e-03 -5.929900000000000101e-03 6.339434536937166298e-01 1.340058216701436010e-02 7.732632940444462699e-01 3.392697000000000074e-01
7.367535819952875098e-01 2.216375200947053384e-02 -6.757979931266264728e-01 -1.828145999999999938e-01 -2.535426766087622505e-02 9.996652927935897326e-01 5.144268197438452324e-03 -6.319400000000000191e-03 6.756858149528475188e-01 1.334430518120825748e-02 7.370689309628626340e-01 3.540757999999999961e-01
6.096698336642558669e-01 1.386740578197684717e-02 -7.925341563470160722e-01 -2.456067999999999862e-01 -1.092695824759007395e-02 9.998989812652471221e-01 9.090041153723535730e-03 -6.690500000000000266e-03 7.925801508385470484e-01 3.118063758001001287e-03 6.097597741530241811e-01 3.955636000000000152e-01
5.099414620373107221e-01 1.503763653060487607e-02 -8.600776562513546830e-01 -2.960558999999999830e-01 -6.553336357057299409e-03 9.998860870521736333e-01 1.359656949690797589e-02 -6.256900000000000135e-03 8.601841425403290442e-01 -1.297076353340520342e-03 5.099819197923514125e-01 4.200868999999999853e-01
4.576043401461677429e-01 1.653546878171982190e-02 -8.890021631872213614e-01 -3.241883999999999877e-01 -5.473151043031845332e-03 9.998605053554017186e-01 1.578019163701130378e-02 -5.976900000000000268e-03 8.891390850126037471e-01 -2.355441064728919058e-03 4.576310079095821104e-01 4.294951000000000185e-01
3.474141770534299734e-01 2.079249375268367797e-02 -9.374812327645992704e-01 -3.858113000000000237e-01 -3.189143385038215039e-03 9.997745517180726127e-01 2.099226289366509790e-02 -5.792600000000000179e-03 9.377063607264045642e-01 -4.303247665623226303e-03 3.474021633680058896e-01 4.461236000000000090e-01
2.383017724974060281e-01 2.600659609917600062e-02 -9.708428926370780143e-01 -4.555645999999999862e-01 3.805241120457526771e-03 9.996087283748683605e-01 2.771119443102127572e-02 -5.674700000000000404e-03 9.711837032017216487e-01 -1.029791804749916051e-02 2.381095704067295316e-01 4.586374999999999758e-01
1.872576724583152608e-01 2.626484236942077527e-02 -9.819596336717733021e-01 -4.929334000000000215e-01 6.871402714503363138e-03 9.995829995464472484e-01 2.804658343653208818e-02 -5.305200000000000367e-03 9.822867951521230268e-01 -1.199937802707788485e-02 1.869991096148156950e-01 4.627312000000000092e-01
9.739782194942814275e-02 2.766535446397388326e-02 -9.948609412585710521e-01 -5.729499000000000120e-01 3.094614452758543202e-03 9.996003236033228490e-01 2.810011411936107553e-02 -4.028900000000000189e-03 9.952407184399642004e-01 -5.815600959059880753e-03 9.727328073314234214e-02 4.645729000000000108e-01
5.948844482808322842e-02 2.625357866781401206e-02 -9.978836979022501774e-01 -6.151288000000000311e-01 2.207179041903590058e-03 9.996481880520281527e-01 2.643158120457173021e-02 -3.077600000000000214e-03 9.982265540911107182e-01 -3.774881644474268119e-03 5.940956973381583683e-02 4.641421000000000019e-01
2.499602967901582221e-02 2.332342366276186907e-02 -9.994154373477193154e-01 -6.592082000000000219e-01 2.983896095350048808e-03 9.997216077850863414e-01 2.340519796314598916e-02 -2.077600000000000193e-03 9.996830972185024589e-01 -3.567188844064457867e-03 2.491947630615187759e-02 4.627703000000000233e-01
-6.364825581729172815e-03 2.076808002936979258e-02 -9.997640600897832464e-01 -7.051494000000000373e-01 3.706279205193433249e-03 9.997779342903361233e-01 2.074477285008518440e-02 -1.631300000000000024e-03 9.999728758770245474e-01 -3.573367885087136431e-03 -6.440384475364102634e-03 4.604340000000000099e-01
-3.281366323168111859e-02 1.897215492690252844e-02 -9.992814022299960630e-01 -7.525290000000000035e-01 2.976217045471837852e-03 9.998172403554893561e-01 1.888459742837743371e-02 -1.117699999999999900e-03 9.994570554243018545e-01 -2.354405522259264000e-03 -3.286413146913658156e-02 4.568729000000000262e-01
-7.010859211591913276e-02 1.563878450779859763e-02 -9.974167703275507169e-01 -8.525289000000000339e-01 3.405516103921514548e-03 9.998750282100989928e-01 1.543795394213798820e-02 8.919000000000000495e-04 9.975335522034280977e-01 -2.314385657638159607e-03 -7.015308865216207668e-02 4.480306000000000011e-01
-8.304406030798336391e-02 1.612354029056388069e-02 -9.964154331884181870e-01 -9.046977000000000491e-01 4.566165501860313357e-03 9.998647649010935501e-01 1.579879874834141246e-02 1.675599999999999963e-03 9.965354154169204781e-01 -3.237801380495201539e-03 -8.310645258971660621e-02 4.427769999999999762e-01
-9.263201655754174646e-02 1.690733845861942114e-02 -9.955568549383452259e-01 -9.590134999999999632e-01 4.109590679131375907e-03 9.998537992392011464e-01 1.659793394930017887e-02 2.510899999999999938e-03 9.956919306557293625e-01 -2.553831079187416503e-03 -9.268795592678513717e-02 4.366051000000000237e-01
-1.037458397192127374e-01 1.951574425260827611e-02 -9.944123573584660036e-01 -1.072174500000000030e+00 2.055811237674232128e-03 9.998095492496972270e-01 1.940718602148174682e-02 2.667699999999999846e-03 9.946017164579548098e-01 -3.090928875405969667e-05 -1.037662019325434892e-01 4.235071000000000252e-01
-1.041252506986671683e-01 2.248286640031499709e-02 -9.943100386123863155e-01 -1.191235700000000008e+00 6.450457744773038099e-03 9.997386966299731670e-01 2.193011754381119643e-02 4.348399999999999661e-03 9.945432739513261344e-01 -4.130275902172264937e-03 -1.042430671994513114e-01 4.111272999999999733e-01
-1.010655898630806321e-01 2.494645067784111853e-02 -9.945669515644512959e-01 -1.316815899999999928e+00 3.327217084348139953e-03 9.996884614497018040e-01 2.473680801561942144e-02 5.349900000000000315e-03 9.948742011792752749e-01 -8.091000593449335782e-04 -1.011171062926188302e-01 3.979163000000000006e-01
-9.821488469979207381e-02 2.207929333179893538e-02 -9.949202687800542400e-01 -1.448445200000000099e+00 1.026424366460606391e-03 9.997555637002042417e-01 2.208527345329155261e-02 7.306899999999999853e-03 9.951647013818500920e-01 1.147892179217022482e-03 -9.821354014146121969e-02 3.842541999999999902e-01
-9.461528700149583748e-02 2.846562616432592868e-02 -9.951068563690524948e-01 -1.587056199999999917e+00 -3.176058612032930245e-04 9.995901968183832365e-01 2.862407293001748010e-02 9.067499999999999172e-03 9.955138605725900591e-01 3.024326645531739965e-03 -9.456747250614039313e-02 3.707220999999999989e-01
-9.086273677373035706e-02 2.969024826158990840e-02 -9.954207413069877664e-01 -1.731213700000000077e+00 -2.694814726072799344e-03 9.995444865506466492e-01 3.005923119103806607e-02 1.144109999999999919e-02 9.958597798081716412e-01 5.413738483644368882e-03 -9.074133785684879161e-02 3.562867000000000117e-01
-8.779431412390290013e-02 2.615385090864937728e-02 -9.957952271878800499e-01 -1.879879499999999926e+00 -5.773318554203781330e-03 9.996251231310367968e-01 2.676344518426398977e-02 1.439709999999999948e-02 9.961218937461344680e-01 8.098721374856482358e-03 -8.761040755359661425e-02 3.422953000000000245e-01
-8.519528438240299428e-02 3.062498584413666375e-02 -9.958935052308794944e-01 -2.032702000000000009e+00 -5.203751852841231179e-04 9.995260109410540883e-01 3.078120631051333572e-02 1.691199999999999995e-02 9.963641366130495669e-01 3.140651892565382228e-03 -8.513896626704897663e-02 3.294475000000000042e-01
-8.310273202405196735e-02 2.788178764210265392e-02 -9.961508629961725036e-01 -2.188122499999999970e+00 6.626494642062649709e-04 9.996098483765356590e-01 2.792332222940217129e-02 1.922830000000000025e-02 9.965407652604213462e-01 1.660405528818241147e-03 -8.308878520988061123e-02 3.155779000000000223e-01
-8.313440770948481162e-02 1.605625647517094218e-02 -9.964089857497253622e-01 -2.345326899999999881e+00 5.673767560901057071e-03 9.998616131501282256e-01 1.563850729731749989e-02 2.157610000000000083e-02 9.965221917330580048e-01 -4.353294939114166380e-03 -8.321400246782428844e-02 3.029201000000000255e-01
-8.373557452781787980e-02 2.438621083664145248e-02 -9.961895734645724865e-01 -2.507044300000000003e+00 6.606306888206507633e-03 9.996921278227174357e-01 2.391665274628750754e-02 2.284270000000000050e-02 9.964661109479813206e-01 -4.578459382645805667e-03 -8.387089746679932123e-02 2.888567000000000218e-01
-8.433086414279038212e-02 3.692470404163965270e-02 -9.957534190673749119e-01 -2.670495299999999794e+00 2.694297417456623100e-03 9.993179610878321073e-01 3.682870359766229895e-02 2.446090000000000070e-02 9.964341654692276951e-01 4.229405342327276218e-04 -8.437283334668799206e-02 2.739913999999999961e-01
-8.486349474180383823e-02 3.395756239625020989e-02 -9.958137733614216280e-01 -2.832190999999999903e+00 7.933377197375489354e-04 9.994210768667384226e-01 3.401296414297476367e-02 2.655400000000000121e-02 9.963922710837687102e-01 2.096442375458706237e-03 -8.484130511664766949e-02 2.588358000000000048e-01
-8.519398470820151170e-02 3.228484950838272916e-02 -9.958411888758968988e-01 -2.994559800000000216e+00 -9.186778384403342101e-04 9.994719260476566669e-01 3.248114951193576544e-02 2.968909999999999952e-02 9.963639601072329377e-01 3.682055785651025190e-03 -8.511933660822001979e-02 2.433045000000000069e-01
-8.522615120623112939e-02 3.317449435492141052e-02 -9.958091966209531298e-01 -3.155701899999999949e+00 -2.597497682811800851e-03 9.994347525692676149e-01 3.351758288711540607e-02 3.170669999999999739e-02 9.963582468953425808e-01 5.443186667950289728e-03 -8.509180667101523543e-02 2.292215999999999976e-01
-8.465396853500671559e-02 2.406432158223905521e-02 -9.961197789613759346e-01 -3.317026400000000042e+00 -4.550093754684418970e-03 9.996885622347813083e-01 2.453722037597658168e-02 3.375380000000000047e-02 9.964000212053879535e-01 6.609611466814232714e-03 -8.451810917288726799e-02 2.142367000000000021e-01
-8.349514206040406505e-02 2.721608706563905661e-02 -9.961364594558059782e-01 -3.477657600000000127e+00 -3.325135160306932555e-03 9.996137985439585982e-01 2.758980312876072732e-02 3.530729999999999980e-02 9.965026365888245419e-01 5.615902897454616571e-03 -8.337239894694004061e-02 2.000223999999999891e-01
-8.244793198567115788e-02 3.752698338962061342e-02 -9.958885801277981287e-01 -3.638287500000000119e+00 -2.478341697469559762e-03 9.992799815792458018e-01 3.785995559179576586e-02 3.800610000000000099e-02 9.965922919297125482e-01 5.589627237777377439e-03 -8.229556326817366596e-02 1.861367999999999912e-01
-8.256830303758808109e-02 4.066666594245211402e-02 -9.957553402390662001e-01 -3.797886099999999931e+00 -1.922486610918650030e-03 9.991587295298075544e-01 4.096507353358128101e-02 4.098149999999999710e-02 9.965835536364848757e-01 5.296742914838149796e-03 -8.242065964168354686e-02 1.729154999999999998e-01
-8.209991050782108890e-02 3.198182702689426893e-02 -9.961108208601240355e-01 -3.955565899999999857e+00 -2.981356095691858193e-03 9.994726247977214761e-01 3.233548817914903145e-02 4.415949999999999737e-02 9.966196447042566797e-01 5.624501753490785891e-03 -8.196126383595192522e-02 1.592493000000000103e-01
-8.228096044213069338e-02 2.750246851113067464e-02 -9.962296210083873005e-01 -4.114571100000000037e+00 -1.040351600192320446e-02 9.995409876375838110e-01 2.845313492888180279e-02 4.634859999999999675e-02 9.965548707439638720e-01 1.270544207328857221e-02 -8.195707009284836086e-02 1.437049999999999994e-01
-8.431462350834670327e-02 2.173609730739863369e-02 -9.962020810741610832e-01 -4.271659399999999884e+00 -4.869546021446440748e-03 9.997411248323654354e-01 2.222545478638788402e-02 4.786289999999999989e-02 9.964272837413631345e-01 6.724982733067418408e-03 -8.418695161988687392e-02 1.306856999999999880e-01
-8.686099904853236686e-02 2.367362969888449353e-02 -9.959391176679279756e-01 -4.429419499999999843e+00 -1.395951410599217263e-04 9.997173104190894000e-01 2.377561274959006515e-02 4.917799999999999949e-02 9.962204311082398789e-01 2.204201738038367650e-03 -8.683313962543670605e-02 1.167458999999999997e-01
-9.234051743877950968e-02 3.300982148577016884e-02 -9.951801749053366120e-01 -4.664938000000000251e+00 4.215239166739907437e-03 9.994543427516705547e-01 3.276047181579621465e-02 5.085669999999999774e-02 9.957185649559348040e-01 -1.169803532214873376e-03 -9.242927545853840687e-02 9.564770000000000216e-02
-9.587144302136334229e-02 2.380847301598991092e-02 -9.951089503293842897e-01 -4.896018500000000273e+00 -8.157359725197498718e-03 9.996615450035708506e-01 2.470329782412514913e-02 5.343919999999999920e-02 9.953602985328054986e-01 1.048580248338585458e-02 -9.564478057355885188e-02 7.102790000000000492e-02
-9.796703564488941363e-02 2.669528972605293010e-02 -9.948315543012267170e-01 -5.048410399999999854e+00 -9.763338740226508439e-03 9.995662748977688361e-01 2.778379570255878894e-02 5.386110000000000203e-02 9.951417673596039126e-01 1.243477355805183010e-02 -9.766390972597516207e-02 5.536340000000000011e-02
-9.974419518694647990e-02 2.610151984722902663e-02 -9.946707023875658304e-01 -5.198039099999999912e+00 -1.163353862795366706e-02 9.995569526085064105e-01 2.739633681695623213e-02 5.544960000000000166e-02 9.949451021566471098e-01 1.430416560519735120e-02 -9.939635074206121246e-02 4.018920000000000131e-02
-1.008385012965690580e-01 3.066175780340034407e-02 -9.944302153819880585e-01 -5.345068000000000374e+00 -9.257432403480580010e-03 9.994527989484696118e-01 3.175535575875443328e-02 5.729850000000000221e-02 9.948597371496931130e-01 1.240803298172956683e-02 -1.004994732123879464e-01 2.559229999999999838e-02
-1.017942579458674807e-01 3.685091365281221998e-02 -9.941226982682787039e-01 -5.492417299999999614e+00 -9.045681765953555650e-03 9.992380594998926391e-01 3.796677611120012619e-02 5.936219999999999691e-02 9.947643463105415584e-01 1.285731736568242363e-02 -1.013833551403722222e-01 9.947499999999999745e-03
-1.028223946519348231e-01 3.494325777487848617e-02 -9.940857729060005310e-01 -5.635919600000000251e+00 -7.567961292085402525e-03 9.993263628440862689e-01 3.591025600982378913e-02 6.133940000000000226e-02 9.946709411257189659e-01 1.121558116585952107e-02 -1.024886804441775823e-01 -5.175800000000000366e-03
-1.026712898113653211e-01 2.866168068308352912e-02 -9.943023254065596062e-01 -5.773700700000000019e+00 -8.434207486008765339e-03 9.995237752586215718e-01 2.968310692692990166e-02 6.280959999999999321e-02 9.946795817712122956e-01 1.143375499009649000e-02 -1.023806566411490371e-01 -2.027680000000000107e-02
-9.491195141740670083e-02 2.638232650225665402e-02 -9.951360180027997160e-01 -5.971105599999999569e+00 -1.128184063891532821e-02 9.995560567696852861e-01 2.757552260313070325e-02 6.458690000000000264e-02 9.954217405451510903e-01 1.384421263077029868e-02 -9.457217469581669089e-02 -4.130799999999999750e-02
-7.361067248171490607e-02 3.060295605665940694e-02 -9.968173995157710854e-01 -6.155701600000000440e+00 -1.082923678074516893e-02 9.994456099068669275e-01 3.148333636445403705e-02 6.605529999999999735e-02 9.972282569840952293e-01 1.311228120827841875e-02 -7.323845679681384446e-02 -5.550340000000000135e-02
-2.898479652228305725e-02 3.475721183868561714e-02 -9.989753839788862999e-01 -6.327502700000000146e+00 -1.730364736782548374e-02 9.992280759032119430e-01 3.526806082753743826e-02 6.829559999999999798e-02 9.994300702692172633e-01 1.830815534033036762e-02 -2.836099592226160038e-02 -6.234540000000000221e-02
4.812564165832241420e-02 3.554000193787370393e-02 -9.982088112600643326e-01 -6.480722899999999953e+00 -1.663099387408628616e-02 9.992567611380750447e-01 3.477549945873067289e-02 7.020210000000000339e-02 9.987028249973738392e-01 1.492761139968502328e-02 4.868093836570064337e-02 -5.584009999999999668e-02
1.606940293056580149e-01 3.531664116440616508e-02 -9.863722237585449415e-01 -6.614393200000000306e+00 -1.479401707744664243e-02 9.993335492908959061e-01 3.337056068412247445e-02 7.181510000000000671e-02 9.868933914077165914e-01 9.229957666482317691e-03 1.611094096483827176e-01 -3.389949999999999908e-02
3.043212291835731276e-01 3.040331106786572923e-02 -9.520841497180327906e-01 -6.735866099999999967e+00 -3.275825197614509396e-03 9.995180101728829980e-01 3.087096223500451764e-02 7.219069999999999654e-02 9.525638343111046957e-01 -6.275827925540523877e-03 3.042741453794178819e-01 6.914700000000000187e-03
4.581299065047133023e-01 1.950885202276850250e-02 -8.886711390940613686e-01 -6.846168999999999727e+00 6.788517661276322751e-03 9.996531775309303036e-01 2.544485567412355445e-02 7.435959999999999792e-02 8.888593278994969538e-01 -1.768980907381873316e-02 4.578385805728768521e-01 6.879799999999999804e-02
5.943104843453165254e-01 7.317480998564539554e-03 -8.042024015563937756e-01 -6.943128100000000025e+00 2.630180135937335711e-02 9.992468608859655932e-01 2.852939282206673130e-02 7.588150000000000450e-02 8.038054885620573575e-01 -3.810728908462754361e-02 5.936704229420000090e-01 1.488513999999999948e-01
6.781023042089763253e-01 -2.283699673728933899e-03 -7.349639785338307751e-01 -7.000948000000000171e+00 2.427688236501962527e-02 9.995190922850051285e-01 1.929292980328051535e-02 7.661550000000000304e-02 7.345664694288135399e-01 -3.092521420393916712e-02 6.778316406876625511e-01 2.083155999999999897e-01
7.187506831470479307e-01 -9.367090782982277763e-03 -6.952047993835451800e-01 -7.027998400000000423e+00 2.088255078290039701e-02 9.997489661375723591e-01 8.119346011512679206e-03 7.749330000000000107e-02 6.949542247863894628e-01 -2.035343502012496378e-02 7.187658611358986871e-01 2.407166000000000028e-01
7.582481158423035605e-01 -1.234049397779288584e-02 -6.518492977905098185e-01 -7.054663699999999871e+00 1.633692249924895840e-02 9.998665407972890939e-01 7.454741237954750493e-05 7.805370000000000363e-02 6.517613825510454317e-01 -1.070573689417112645e-02 7.583485263470237658e-01 2.757353000000000165e-01
7.956346326175821604e-01 -1.342205834594018335e-02 -6.056280869718998483e-01 -7.080180200000000035e+00 1.470674620472939287e-02 9.998878196589067180e-01 -2.838963512827708587e-03 7.830890000000000073e-02 6.055982521404389418e-01 -6.648040878008116758e-03 7.957427728587483928e-01 3.142521999999999816e-01
8.300157536032592986e-01 -1.489320581186180138e-02 -5.575410668202470665e-01 -7.104360100000000067e+00 1.505325862899993018e-02 9.998774509543844058e-01 -4.299125214649052867e-03 7.818010000000000237e-02 5.575367684512494426e-01 -4.824468220262003240e-03 8.301382272437101140e-01 3.558919999999999861e-01
8.873917240803405049e-01 -1.196933144994075278e-02 -4.608607849864884698e-01 -7.149296299999999604e+00 1.112334394393892263e-02 9.999277739798698716e-01 -4.551707719886448518e-03 7.709149999999999336e-02 4.608819797445173339e-01 -1.087165260618563152e-03 8.874607702983103863e-01 4.471692999999999918e-01
9.090171977405374637e-01 -5.457356555234942237e-03 -4.167228713082226643e-01 -7.169822199999999590e+00 4.473148973845655733e-03 9.999844235748996946e-01 -3.338194996307912964e-03 7.635010000000000407e-02 4.167345979759759511e-01 1.170413176884910937e-03 9.090274500711169603e-01 4.960415000000000241e-01
9.269523082026547289e-01 -1.178357268852610416e-03 -3.751773311274516631e-01 -7.189577100000000165e+00 -6.966051204376231881e-04 9.999879384161355356e-01 -4.861868319206577929e-03 7.596650000000000624e-02 3.751785349124823199e-01 4.768070510601404161e-03 9.269403068399438839e-01 5.472797000000000356e-01
9.407837302004928848e-01 3.941963330476400303e-03 -3.389844154458244718e-01 -7.208217099999999711e+00 -5.374552923783974985e-03 9.999801531081551342e-01 -3.287486982477610606e-03 7.546020000000000505e-02 3.389647285056597292e-01 4.914703947512406509e-03 9.407862448580934789e-01 6.015144000000000046e-01
9.510612003468746911e-01 4.769142737886170220e-03 -3.089657723313500304e-01 -7.225128200000000334e+00 -5.399708376414344597e-03 9.999847183523904448e-01 -1.185837737635620035e-03 7.447339999999999516e-02 3.089553953958591448e-01 2.796129331055272668e-03 9.510724185447458900e-01 6.579017999999999811e-01
9.586511293252643062e-01 4.236663367461704181e-03 -2.845523904782847890e-01 -7.241350200000000292e+00 -4.327410861767621957e-03 9.999905887341782318e-01 3.097713755293054322e-04 7.378329999999999611e-02 2.845510248771367379e-01 9.344124263138617326e-04 9.586604409877298449e-01 7.160115999999999703e-01
9.646696466431349259e-01 4.582123147715265812e-03 -2.634226205033809443e-01 -7.257411499999999904e+00 -4.068041817169996271e-03 9.999886080603246352e-01 2.496955215497383314e-03 7.343550000000000078e-02 2.634310609650707402e-01 -1.337122669621337813e-03 9.646772974532901168e-01 7.773170000000000357e-01
9.693682674515047282e-01 6.633020463193637847e-03 -2.455222293349481610e-01 -7.272525800000000373e+00 -5.536273516673542033e-03 9.999713774269978206e-01 5.156937298571112605e-03 7.307199999999999807e-02 2.455494079276441810e-01 -3.639693158450201579e-03 9.693772438530294799e-01 8.399130999999999680e-01
9.731164211425007426e-01 1.187344248193954351e-02 -2.300075048046022752e-01 -7.288112599999999830e+00 -1.065392957685208815e-02 9.999218366638195077e-01 6.543267335608057150e-03 7.283789999999999709e-02 2.300672177590335210e-01 -3.916877133869837990e-03 9.731668579365696514e-01 9.037650999999999879e-01
9.760816751030593208e-01 1.577688498678089107e-02 -2.168309328212182641e-01 -7.302789699999999939e+00 -1.442076060198875000e-02 9.998653163581067149e-01 7.835228635042367287e-03 7.257510000000000350e-02 2.169253447425309733e-01 -4.520956117586916352e-03 9.761777275497105499e-01 9.695462000000000247e-01
9.816590831226856828e-01 1.389214476318166407e-02 -1.901379836766100284e-01 -7.329362399999999944e+00 -1.274714016242549201e-02 9.998925137188028334e-01 7.243716364757448942e-03 7.213289999999999980e-02 1.902181772081929789e-01 -4.687144436901871311e-03 9.817306533548904035e-01 1.106141700000000005e+00
9.843012348086929153e-01 1.448966770394115137e-02 -1.759009058643863366e-01 -7.341437299999999944e+00 -1.331799588117926932e-02 9.998805775934928031e-01 7.839740876580781476e-03 7.208190000000000430e-02 1.759934945950878959e-01 -5.374019085601047796e-03 9.843766605213049026e-01 1.176478600000000041e+00
9.887208826144514573e-01 1.673955533316680289e-02 -1.488314602809099885e-01 -7.364654500000000326e+00 -1.605708643631197780e-02 9.998543354233476732e-01 5.786009878379122853e-03 7.072570000000000245e-02 1.489066360417730106e-01 -3.330949171593836078e-03 9.888456494925481621e-01 1.322626599999999986e+00
9.916127279733608635e-01 1.561914790211898704e-02 -1.282974666158349375e-01 -7.385023099999999729e+00 -1.649072581148497071e-02 9.998475774899345803e-01 -5.733912252526640087e-03 6.947140000000000259e-02 1.281883523704083483e-01 7.801538714957700037e-03 9.917191549578131538e-01 1.474195099999999981e+00
9.933610516911163257e-01 1.791870501705241162e-02 -1.136342421703555733e-01 -7.403556299999999979e+00 -1.803147231561590472e-02 9.998374191580928771e-01 3.546005014359648530e-05 6.791270000000000640e-02 1.136164028177724522e-01 2.013768059097096556e-03 9.935226508484613639e-01 1.630355599999999905e+00
9.942681141939605505e-01 2.329837228645479166e-02 -1.043460729782732105e-01 -7.422199199999999664e+00 -2.214607545326705354e-02 9.996804485313354194e-01 1.218819782437787977e-02 6.512110000000000121e-02 1.045966942078169343e-01 -9.807480460838180480e-03 9.944663618684177475e-01 1.790233100000000022e+00
9.952980146673719997e-01 1.997716282524402906e-02 -9.477750241825043387e-02 -7.446852699999999992e+00 -1.890882860761794806e-02 9.997473017765493575e-01 1.215684133304288303e-02 6.380990000000000273e-02 9.499641151051711752e-02 -1.030754849431903680e-02 9.954242493751906951e-01 2.026646400000000181e+00
9.958664849077955017e-01 1.577129182806588301e-02 -8.944948625601720216e-02 -7.461922600000000294e+00 -1.437259103131276194e-02 9.997645023507811812e-01 1.625941162346973556e-02 6.309620000000000506e-02 8.968485303794646035e-02 -1.490658221621499017e-02 9.958586350191442893e-01 2.186538500000000163e+00
9.961882498806694519e-01 1.795461872585489213e-02 -8.536159831035390610e-02 -7.476283600000000362e+00 -1.756339266137673175e-02 9.998315342824924956e-01 5.332006427175572938e-03 6.188210000000000238e-02 8.544295194989069697e-02 -3.812442881713056387e-03 9.963357703311481739e-01 2.342937500000000117e+00
9.964232752517001579e-01 1.928722108647631245e-02 -8.227186420299469061e-02 -7.490448999999999913e+00 -1.987825604210943786e-02 9.997821101218552498e-01 -6.370809761321539512e-03 5.964529999999999832e-02 8.213106278016225892e-02 7.983444310070296826e-03 9.965895610247726966e-01 2.498230200000000067e+00
9.966865155570951984e-01 2.383932574036743898e-02 -7.776680689664956792e-02 -7.503748899999999722e+00 -2.396500767248467903e-02 9.997125645459967735e-01 -6.831516113074315470e-04 5.662169999999999703e-02 7.772816808541084532e-02 2.544570123014060648e-03 9.969713421402719433e-01 2.653188899999999961e+00
9.970214847093616939e-01 2.464358182109039827e-02 -7.308113917398471882e-02 -7.516363600000000034e+00 -2.425299483293437766e-02 9.996864573411740063e-01 6.227298795371151788e-03 5.428530000000000161e-02 7.321168806668616746e-02 -4.436314199918155177e-03 9.973065566047111252e-01 2.808633799999999958e+00
9.973866954958414688e-01 1.904773181737088456e-02 -6.969191890383850951e-02 -7.532434000000000296e+00 -1.878705988182608616e-02 9.998138524825922469e-01 4.393946394076847679e-03 5.113390000000000296e-02 6.976264063868546639e-02 -3.073157420448393521e-03 9.975588853168452230e-01 3.037299200000000088e+00
9.975223910153259155e-01 1.626705037303478874e-02 -6.844313329493582898e-02 -7.542871500000000395e+00 -1.609806074383921676e-02 9.998658572895013918e-01 3.019911756681291966e-03 4.969439999999999968e-02 6.848307720418868316e-02 -1.910627878899454329e-03 9.976504486230401980e-01 3.192019900000000021e+00
9.975135627216167311e-01 1.949759804773794347e-02 -6.772396811171145503e-02 -7.554502000000000272e+00 -1.935220848374196584e-02 9.998088014235687604e-01 2.802253159256664922e-03 4.841460000000000208e-02 6.776565659114540396e-02 -1.484677182293888970e-03 9.977001611308055073e-01 3.348446099999999870e+00
9.973233233683440613e-01 1.593208713884460004e-02 -7.136075437466844751e-02 -7.566281799999999613e+00 -1.573946900191135895e-02 9.998708099784554548e-01 3.260746626961267755e-03 4.643049999999999955e-02 7.140348577667178509e-02 -2.128838281230025463e-03 9.974452417383687930e-01 3.507782199999999850e+00
9.967354015611625817e-01 2.158402199881179206e-02 -7.779890274973527697e-02 -7.578950899999999713e+00 -2.142720994741450363e-02 9.997663490364552263e-01 2.849913715573833186e-03 4.442720000000000002e-02 7.784223756147673479e-02 -1.173596468810088247e-03 9.969649987450667217e-01 3.669137000000000093e+00
9.963208263030668421e-01 2.261275706983145728e-02 -8.266483104969676865e-02 -7.594221100000000391e+00 -2.315803726282093800e-02 9.997158888885800954e-01 -5.643298135847330498e-03 4.237910000000000288e-02 8.251373452285334920e-02 7.536890699555642663e-03 9.965614275566132552e-01 3.831050900000000148e+00
9.959927843513177725e-01 2.214356963908103298e-02 -8.664892292318863987e-02 -7.609620600000000401e+00 -2.272915127117942219e-02 9.997249667942800233e-01 -5.777235555840983840e-03 3.968390000000000112e-02 8.649716297429276002e-02 7.723541403721415240e-03 9.962221578069742067e-01 3.995408499999999918e+00
9.956666383591107339e-01 2.005239968375904097e-02 -9.080664362033528947e-02 -7.624957600000000113e+00 -2.042479593405674421e-02 9.997863555724908480e-01 -3.173471620970212074e-03 3.661930000000000046e-02 9.072360756561621831e-02 5.014426986181412353e-03 9.958634859016973762e-01 4.162577599999999656e+00
9.954930298958497570e-01 1.934211793564998699e-02 -9.284131570881665185e-02 -7.641163800000000172e+00 -1.894777868863516124e-02 9.998073285409350142e-01 5.127131615771433892e-03 3.457699999999999663e-02 9.292259742144137746e-02 -3.344887083646744860e-03 9.956677169713048503e-01 4.332848499999999881e+00
9.956777046202998083e-01 2.217311485927056167e-02 -9.019014081089285484e-02 -7.657912699999999795e+00 -2.162448048285162475e-02 9.997412651980859266e-01 7.055813487992633470e-03 3.347490000000000188e-02 9.032325484557038320e-02 -5.075001238242664303e-03 9.958995702361428393e-01 4.504699200000000125e+00
9.960232557369587125e-01 1.977340277411402183e-02 -8.687166726776626713e-02 -7.673229199999999750e+00 -1.955820779871144874e-02 9.998031821543817976e-01 3.327681125721725433e-03 3.220259999999999789e-02 8.692036895257207463e-02 -1.615393668652288610e-03 9.962139529059227394e-01 4.677578399999999803e+00
9.963729896532064201e-01 1.500848979240912082e-02 -8.375924261645714686e-02 -7.687017400000000222e+00 -1.492912457278284741e-02 9.998873158139641726e-01 1.573821411782203375e-03 3.016049999999999981e-02 8.377342495697373548e-02 -3.176609780946331634e-04 9.964847777876395529e-01 4.851963500000000096e+00
9.965695591458753055e-01 1.033187764678146492e-02 -8.211191197437636702e-02 -7.700832400000000355e+00 -9.820719094482222716e-03 9.999298183581494248e-01 6.626600539163960725e-03 2.746329999999999952e-02 8.217461445156323818e-02 -5.797470356139246446e-03 9.966010847260837746e-01 5.026536499999999741e+00
9.967308594843001801e-01 1.127871016745729711e-02 -8.000240276795925198e-02 -7.715924300000000180e+00 -1.102301222248914907e-02 9.999326302133612066e-01 3.637064218885366611e-03 2.515960000000000071e-02 8.003803441633941529e-02 -2.743306681349492061e-03 9.967880352989901827e-01 5.198677499999999618e+00
9.967589024029721578e-01 1.491388168539266659e-02 -7.905230302461993541e-02 -7.729621899999999712e+00 -1.557791103530200422e-02 9.998483123037210651e-01 -7.789805593010446644e-03 2.254190000000000013e-02 7.892413552392221754e-02 8.996027816474891359e-03 9.968400334634072157e-01 5.369300800000000429e+00
9.968744265783279213e-01 1.599023880048074803e-02 -7.736724046541582078e-02 -7.750016200000000133e+00 -1.671581414603146021e-02 9.998220829481401228e-01 -8.739794429949192950e-03 1.632679999999999895e-02 7.721372411407967373e-02 1.000573397337928272e-02 9.969643554792161355e-01 5.622109899999999882e+00
9.967451401793047117e-01 1.447758467332462690e-02 -7.930652603011174862e-02 -7.763702399999999670e+00 -1.385231471944524048e-02 9.998685262395562434e-01 8.428737298748734466e-03 1.206720000000000015e-02 7.941812706083868634e-02 -7.302723982500857261e-03 9.968146424067936273e-01 5.791081400000000379e+00
9.964414530988124907e-01 7.675423547264841745e-03 -8.393758645384745420e-02 -7.776416799999999796e+00 -7.503047690937581990e-03 9.999690458582046748e-01 2.368881757135308207e-03 9.882000000000000159e-03 8.395317040871379255e-02 -1.730664266073760928e-03 9.964681981777058217e-01 5.954558800000000041e+00
9.956338124802862621e-01 8.945861147800030291e-03 -9.291546165356133480e-02 -7.798888200000000381e+00 -9.429984754485110435e-03 9.999441471838896867e-01 -4.772619848029313085e-03 5.367300000000000196e-03 9.286757686889608732e-02 5.627973081661539166e-03 9.956625628622840507e-01 6.196823600000000098e+00
9.948533502990121180e-01 1.145400584782194781e-02 -1.006758022012690379e-01 -7.814551800000000270e+00 -1.274709439178226336e-02 9.998441995789736358e-01 -1.221016596318136652e-02 1.329499999999999953e-03 1.005202615565537749e-01 1.343064846980592322e-02 9.948443570218823417e-01 6.355104400000000098e+00
9.940383609343579341e-01 1.933677601790253706e-02 -1.073024980332176193e-01 -7.832922899999999800e+00 -2.056576168423769960e-02 9.997348389116336165e-01 -1.035863469174819890e-02 -2.971999999999999816e-03 1.070737429871690960e-01 1.250363785317769663e-02 9.941724561680203021e-01 6.511391200000000268e+00
9.929950761993687758e-01 2.263467291643443680e-02 -1.159674533038294875e-01 -7.850673200000000129e+00 -2.263743778165658999e-02 9.997429037470222379e-01 1.293374715168793890e-03 -6.908400000000000304e-03 1.159669136197539197e-01 1.340891285019232045e-03 9.932521718859065318e-01 6.666113900000000037e+00
9.916196282145552932e-01 2.246856373339068194e-02 -1.272229404761014149e-01 -7.870351799999999898e+00 -2.198353023178279200e-02 9.997447290270610187e-01 5.215475161153613690e-03 -8.340399999999999550e-03 1.273076483883641974e-01 -2.374958182132716825e-03 9.918604348573732965e-01 6.816998500000000405e+00
9.899601691275048410e-01 2.112077498795210395e-02 -1.397597095194111072e-01 -7.891551500000000274e+00 -2.010508632668818463e-02 9.997602324229810655e-01 8.675434821569648347e-03 -1.027929999999999990e-02 1.399094315792837884e-01 -5.778453898335109661e-03 9.901474437808273077e-01 6.965301000000000187e+00
9.880452896725367973e-01 2.755743037861061590e-02 -1.516808939413292201e-01 -7.915072000000000330e+00 -2.724999787139762569e-02 9.996202189463807564e-01 4.105543764043134876e-03 -1.221930000000000065e-02 1.517364266480582535e-01 7.684085942563385202e-05 9.884209887105598336e-01 7.109472300000000189e+00
9.861908231783704792e-01 2.692323363505066264e-02 -1.634099133143409044e-01 -7.938666300000000398e+00 -2.725831301136439483e-02 9.996284047637586934e-01 1.917322022946033912e-04 -1.448589999999999947e-02 1.633543530198764415e-01 4.265194027871510585e-03 9.865582412961548808e-01 7.251236900000000318e+00
9.842572038332143558e-01 3.000269189605226511e-02 -1.741769077157266921e-01 -7.964699300000000370e+00 -2.886353627191670657e-02 9.995422093964615451e-01 9.070165859555268800e-03 -1.556570000000000002e-02 1.743693005557513942e-01 -3.900014593646186287e-03 9.846726039196314062e-01 7.393463599999999580e+00
9.818824897591118539e-01 2.616477618058577620e-02 -1.876757330926600853e-01 -7.990916300000000305e+00 -2.523386541466979271e-02 9.996545695628975547e-01 7.348032951227847359e-03 -1.747920000000000029e-02 1.878031638196807906e-01 -2.479120698523920151e-03 9.822035561022370853e-01 7.532458300000000051e+00
9.761087138137742869e-01 2.132745484679405418e-02 -2.162334814189912358e-01 -8.034350399999999226e+00 -2.149804048061926265e-02 9.997676679151580315e-01 1.563472730831728030e-03 -2.038440000000000044e-02 2.162165883375115061e-01 3.122476780435638755e-03 9.763404309289064331e-01 7.736808800000000375e+00
9.735402082515840494e-01 2.096448887975706568e-02 -2.275520888136889353e-01 -8.050584799999999319e+00 -1.978829241774720041e-02 9.997764407177214263e-01 7.449299899597084697e-03 -2.085659999999999945e-02 2.276573881969398139e-01 -2.749325701867790829e-03 9.737374157376992301e-01 7.805072299999999963e+00
9.678114206279611054e-01 2.361176360095536275e-02 -2.505664357445748225e-01 -8.085413900000000709e+00 -1.951231112952580421e-02 9.996322319448855964e-01 1.883269952160398358e-02 -2.236780000000000018e-02 2.509189586628960411e-01 -1.333737142539859720e-02 9.679162105817780137e-01 7.939412599999999820e+00
9.613979696963462773e-01 2.648388971174191892e-02 -2.738841861982534986e-01 -8.123740200000000300e+00 -2.611819038333302451e-02 9.996464463117825661e-01 4.982219116474444209e-03 -2.283620000000000094e-02 2.739193019756790415e-01 2.363463974949360502e-03 9.617497751718977472e-01 8.069557200000000208e+00
9.542026187382223190e-01 2.288183156191165787e-02 -2.982847367491187618e-01 -8.164153100000000052e+00 -2.255839211512784478e-02 9.997352751045488484e-01 4.527544236368086228e-03 -2.270950000000000052e-02 2.983093718579738485e-01 2.408629486748732271e-03 9.544661948784234351e-01 8.199171099999999157e+00
9.467413391656481769e-01 2.501533295932640427e-02 -3.210219148777372911e-01 -8.209098799999999585e+00 -2.053625271987299244e-02 9.996388761258945266e-01 1.733146450776841194e-02 -2.391319999999999904e-02 3.213395385554984052e-01 -9.815826745239800144e-03 9.469131694649973729e-01 8.328563700000000125e+00
9.350613493649472252e-01 1.624584803799397278e-02 -3.541134639424635133e-01 -8.280543299999999718e+00 -1.587049644997457279e-02 9.998661971682132332e-01 3.964227895454920138e-03 -2.496390000000000067e-02 3.541304848021917251e-01 1.913160187272823021e-03 9.351940651821216699e-01 8.519458800000000664e+00
9.293814932994635125e-01 1.236941416000062258e-02 -3.689133197728128866e-01 -8.331312199999999279e+00 -1.485036069039574053e-02 9.998821749377707624e-01 -3.886261581314204901e-03 -2.643879999999999841e-02 3.688217817589200531e-01 9.090315453911703217e-03 9.294556791289857456e-01 8.645619399999999288e+00
9.229580384368910595e-01 1.750552253651353057e-02 -3.845022964371602736e-01 -8.384983999999999327e+00 -1.959169735835949305e-02 9.998069256830691698e-01 -1.508890581901225700e-03 -2.904340000000000047e-02 3.844016450008307384e-01 8.925695317078525745e-03 9.231228018436994365e-01 8.772143399999999147e+00
9.195804314594662188e-01 1.804056773587417103e-02 -3.924874112536467785e-01 -8.411856699999999520e+00 -1.755740091116080384e-02 9.998342346528756863e-01 4.820880556819281265e-03 -2.927460000000000132e-02 3.925093218639102433e-01 2.457871409509496553e-03 9.197447423704403491e-01 8.835316699999999912e+00
9.139519189521840836e-01 2.981168032995269029e-02 -4.047260228346148403e-01 -8.469227800000000528e+00 -2.365526253937256379e-02 9.995159766795054246e-01 2.020497257131942392e-02 -3.091050000000000048e-02 4.051324701845235299e-01 -8.892473127264721028e-03 9.142147480345452770e-01 8.961426700000000523e+00
9.111866235947225778e-01 3.675486434574736644e-02 -4.103510898352471514e-01 -8.498900400000000133e+00 -3.256034811395302347e-02 9.993216218103037063e-01 1.720813508555175259e-02 -3.088120000000000101e-02 4.107051992764975124e-01 -2.318648172990127841e-03 9.117652456405115347e-01 9.023442299999999250e+00
9.067042067390538307e-01 2.524154879878021465e-02 -4.210110992550458175e-01 -8.556505200000000144e+00 -2.697022468112876895e-02 9.996345279283990193e-01 1.848662764356016029e-03 -3.111239999999999839e-02 4.209038945678130195e-01 9.678573634874138715e-03 9.070536019166902664e-01 9.147632599999999670e+00
9.025357794424568869e-01 3.205230224866090910e-02 -4.294203264247716811e-01 -8.617134099999999464e+00 -3.237211435284844535e-02 9.994543448476482794e-01 6.561918734974951477e-03 -3.240409999999999818e-02 4.293963356137580067e-01 7.978877472351533426e-03 9.030809069378880061e-01 9.273250600000000787e+00
