9.999999981145200056e-01 -9.999324590561136638e-07 -6.140000104204145479e-05 -3.599999999999999837e-06 1.000067539055986179e-06 9.999999999970800024e-01 2.199969297923338774e-06 -2.999999999999999864e-07 6.139999884204145274e-05 -2.200030697923281134e-06 9.999999981126000970e-01 8.499999999999999933e-06
9.990880889242814700e-01 2.188590256704233197e-03 -4.264036400308143793e-02 -4.258200000000000179e-03 -2.337570482965201438e-03 9.999913361362527953e-01 -3.444331091649410845e-03 -4.834999999999999888e-04 4.263245634330954659e-02 3.540865024254988887e-03 9.990845489451910533e-01 4.675470000000000320e-02
9.984196066288677507e-01 1.993678267046916294e-03 -5.616328289927895873e-02 -6.118499999999999807e-03 -2.238638685897360002e-03 9.999882534823938407e-01 -4.298999193490098472e-03 -6.072000000000000140e-04 5.615405235502545639e-02 4.417934381487527429e-03 9.984123418006760620e-01 5.822660000000000335e-02
9.910780499670834853e-01 -9.373244123298159203e-04 -1.332794819032142308e-01 -1.849289999999999962e-02 3.114773088491572944e-04 9.999888286383461500e-01 -4.716522065512629945e-03 -1.461599999999999965e-03 1.332824139011941356e-01 4.632927956966954690e-03 9.910672702310455717e-01 1.151187000000000044e-01
9.629169051107508981e-01 1.240698164384036219e-02 -2.695127096417211932e-01 -5.115929999999999783e-02 -1.517849767945808441e-02 9.998511605323943119e-01 -8.201828468034523881e-03 -3.577700000000000064e-03 2.693708355782563069e-01 1.198847732257037925e-02 9.629619044133357342e-01 1.983911999999999898e-01
9.295129276340223790e-01 1.844879990685468346e-02 -3.683277876338214574e-01 -7.941700000000000148e-02 -2.192864217187778103e-02 9.997456805550587466e-01 -5.263920972060890172e-03 -4.477000000000000077e-03 3.681370016905749498e-01 1.296981085055590698e-02 9.296810915538588072e-01 2.507094999999999740e-01
9.155677043477618016e-01 2.178948407912966595e-02 -4.015731529110664888e-01 -9.030929999999999513e-02 -2.572253178326906753e-02 9.996594186672647098e-01 -4.404319298728893474e-03 -4.944399999999999837e-03 4.013404167462182870e-01 1.436193069861423782e-02 9.158163597755720753e-01 2.676532999999999829e-01
8.596762458248367045e-01 1.244621577603245016e-02 -5.106876188800464345e-01 -1.274847000000000063e-01 -1.755875354638206792e-02 9.998323604925100083e-01 -5.190480312369287474e-03 -4.807800000000000094e-03 5.105374056211871014e-01 1.342917066806878154e-02 8.597506701577821708e-01 3.199891000000000263e-01
7.371646652469608929e-01 2.205817611768036424e-02 -6.753530137474011985e-01 -1.992858000000000129e-01 -2.531895734298297146e-02 9.996668468838341148e-01 5.014542890148951382e-03 -6.754099999999999861e-03 6.752386294565798641e-01 1.340269031554226775e-02 7.374775665617939735e-01 3.852548000000000084e-01
6.977213201853246227e-01 1.790654716587828515e-02 -7.161454565431829566e-01 -2.203660000000000063e-01 -1.947351983431196143e-02 9.997922110341989077e-01 6.026340565424141357e-03 -6.652299999999999880e-03 7.161045603709771390e-01 9.741166457051956065e-03 6.979250448951848096e-01 4.008984999999999910e-01
6.104563796163919864e-01 1.365766426549779554e-02 -7.919321162779410228e-01 -2.676383999999999985e-01 -1.070234115381769706e-02 9.999022748416555029e-01 8.994479435173997200e-03 -7.088900000000000409e-03 7.919775681668482781e-01 2.984790326540943776e-03 6.105428916523651939e-01 4.301835999999999993e-01
5.622713125455565120e-01 1.449405602281886481e-02 -8.268257938818217578e-01 -2.942239999999999855e-01 -8.344370196938099768e-03 9.998949281573933368e-01 1.185344385137567999e-02 -6.977999999999999828e-03 8.269107222513889521e-01 2.344890800290919119e-04 5.623331774318121035e-01 4.440355000000000274e-01
5.108987572651663145e-01 1.488257810579128072e-02 -8.595120526751406365e-01 -3.226195000000000035e-01 -6.595652940710643522e-03 9.998885599279947467e-01 1.339272516729313536e-02 -6.471700000000000369e-03 8.596155868684526302e-01 -1.173283446560944264e-03 5.109399829909180291e-01 4.567005000000000092e-01
4.041626264544936342e-01 1.842594777911778225e-02 -9.145015340751738719e-01 -3.861322999999999839e-01 -3.711737234919311977e-03 9.998218848163609174e-01 1.850463857951318083e-02 -6.218099999999999843e-03 9.146796129706313838e-01 -4.084493934469538012e-03 4.041590312305231025e-01 4.766036000000000161e-01
3.487382630415499229e-01 2.053830712987774615e-02 -9.369950916792475493e-01 -4.214342999999999839e-01 -3.012345646337719063e-03 9.997792571235719628e-01 2.079333545022438168e-02 -6.059000000000000150e-03 9.372153165972425537e-01 -4.428878602691740940e-03 3.487231500343114243e-01 4.852366000000000179e-01
2.934009793969934998e-01 2.351352805056569281e-02 -9.557002559837998179e-01 -4.584740999999999955e-01 -6.351406380800533880e-04 9.997020462088075377e-01 2.440113526648098052e-02 -5.686300000000000035e-03 9.559892582478398682e-01 -6.552312915185218647e-03 2.933284938600521086e-01 4.926715999999999873e-01
1.887666311984739498e-01 2.614897662320963059e-02 -9.816737696238697630e-01 -5.390536000000000216e-01 7.174618552565476676e-03 9.995820178983436666e-01 2.800561270353604804e-02 -5.671200000000000373e-03 9.819957656704050297e-01 -1.232966000480599511e-02 1.885001211924315356e-01 5.031746999999999748e-01
1.411354829262958799e-01 2.696718569470072518e-02 -9.896229314010812628e-01 -5.817586000000000146e-01 5.458039960114470165e-03 9.995925385224996296e-01 2.801725771625043770e-02 -4.935400000000000377e-03 9.899752447707746983e-01 -9.355630703086223118e-03 1.409307876767614820e-01 5.052514000000000172e-01
9.881015460338178624e-02 2.740122454304932953e-02 -9.947289712483479152e-01 -6.268396000000000523e-01 3.136584490737287165e-03 9.996072712804864313e-01 2.784717294291206083e-02 -4.104799999999999595e-03 9.951013592519043494e-01 -5.871634927460869097e-03 9.868540276196047234e-02 5.054863000000000550e-01
6.078235968223186236e-02 2.606685936848792198e-02 -9.978106150939284325e-01 -6.733926000000000078e-01 2.455242285740552588e-03 9.996520126555327179e-01 2.626452701003748058e-02 -3.130400000000000196e-03 9.981480233596510265e-01 -4.046286742947199921e-03 6.069720773491760202e-02 5.052600999999999898e-01
2.635890183052350469e-02 2.308234633744148806e-02 -9.993860183041622935e-01 -7.219411000000000023e-01 3.185150986957683422e-03 9.997263678282208854e-01 2.317421589143676963e-02 -1.930199999999999971e-03 9.996474694148329565e-01 -3.794042244234954384e-03 2.627816842875185799e-02 5.037888000000000366e-01
-5.029779550920394221e-03 2.060124317314365044e-02 -9.997751197631347120e-01 -7.723292000000000490e-01 3.691870806810692782e-03 9.997813353556789240e-01 2.058279777778350417e-02 -1.585800000000000057e-03 9.999805355143743801e-01 -3.587513642665756189e-03 -5.104736844218860092e-03 5.011577000000000393e-01
-3.147306231041805541e-02 1.887665138448250957e-02 -9.993263322765559842e-01 -8.243926999999999783e-01 3.255705143532293053e-03 9.998182754758414559e-01 1.878340779871550542e-02 -1.098199999999999914e-03 9.994992980151728990e-01 -2.662340516009083571e-03 -3.152879969415101069e-02 4.972983999999999738e-01
-5.240880544906703631e-02 1.632612873353727137e-02 -9.984922506619557936e-01 -8.778968000000000327e-01 2.715746564940208115e-03 9.998649855405656872e-01 1.620603006782782643e-02 -5.830000000000000086e-05 9.986220215036303305e-01 -1.862313222928104785e-03 -5.244606713055666170e-02 4.927587999999999968e-01
-8.172170376590398577e-02 1.613209587317916693e-02 -9.965246201757066435e-01 -9.916724999999999568e-01 4.441712923097041951e-03 9.998649598953904816e-01 1.582192022789195504e-02 1.561499999999999954e-03 9.966452901207664139e-01 -3.133282005747257092e-03 -8.178232219719516749e-02 4.819243999999999750e-01
-9.119486386714729942e-02 1.689485338433641820e-02 -9.956897412012309934e-01 -1.051447500000000090e+00 3.596493718487477065e-03 9.998551417088802351e-01 1.663613029667865284e-02 2.493399999999999783e-03 9.958265722690801125e-01 -2.063862262110914211e-03 -9.124241576908009854e-02 4.751686999999999994e-01
-1.020777558300332566e-01 1.952424560718927365e-02 -9.945848056340765853e-01 -1.175270400000000048e+00 1.865008480691385598e-03 9.998093754257785237e-01 1.943539436392949932e-02 2.514600000000000082e-03 9.947746747420095348e-01 1.290123430672581589e-04 -1.020947101849272176e-01 4.606135000000000090e-01
-1.024816511280275122e-01 2.249164773002433615e-02 -9.944805865196472139e-01 -1.305651200000000012e+00 6.324492330871006943e-03 9.997388711976803455e-01 2.195882995846169805e-02 4.316999999999999657e-03 9.947147892631483801e-01 -4.039207691660858315e-03 -1.025971384707858869e-01 4.471221000000000223e-01
-9.939767178353932364e-02 2.494710011189647803e-02 -9.947350124731804133e-01 -1.443427900000000097e+00 2.838596409262844622e-03 9.996887079141292265e-01 2.478769128830394380e-02 5.405100000000000356e-03 9.950437403523710866e-01 -3.598124316278681484e-04 -9.943754482375821713e-02 4.331122000000000027e-01
-9.659840623127249892e-02 2.211818698224421453e-02 -9.950776521046968970e-01 -1.588132600000000005e+00 7.536852895248004336e-04 9.997543972752792607e-01 2.214897485725918908e-02 7.644100000000000027e-03 9.953231534893891563e-01 1.389580282541581779e-03 -9.659135155165787801e-02 4.183669999999999889e-01
-9.293471887581342128e-02 2.846456553978976914e-02 -9.952652443123413128e-01 -1.740201399999999898e+00 -2.920317436684617685e-04 9.995904490622967709e-01 2.861553530683169644e-02 9.791599999999999263e-03 9.956721612784673603e-01 2.950025773930465070e-03 -9.288834481784535857e-02 4.036837999999999815e-01
-8.930139526873269451e-02 2.978036336108831617e-02 -9.955593356305486585e-01 -1.897414300000000109e+00 -2.411643901362073295e-03 9.995435050886264383e-01 3.011586639690196771e-02 1.235980000000000065e-02 9.960017293040966946e-01 5.090323489187571424e-03 -8.918881000453382502e-02 3.887143000000000126e-01
-8.620900263917999351e-02 2.632546485498026001e-02 -9.959292031887240215e-01 -2.060993400000000086e+00 -5.890866182092618572e-03 9.996198849113748786e-01 2.693294238278300112e-02 1.534770000000000058e-02 9.962596576995287334e-01 8.188747763781131783e-03 -8.602115350585948228e-02 3.734987000000000168e-01
-8.348108017474123455e-02 3.070334627923460361e-02 -9.960362512379334898e-01 -2.227600799999999825e+00 -6.593685122515645369e-04 9.995233109174358477e-01 3.086610059291606395e-02 1.827869999999999842e-02 9.965091442059241800e-01 3.233490359406237732e-03 -8.342104083546397764e-02 3.596435000000000048e-01
-8.143728595236103540e-02 2.781789394223003684e-02 -9.962901852539413072e-01 -2.397632600000000114e+00 4.531012735096498489e-04 9.996113533411595808e-01 2.787358912467754329e-02 2.091300000000000103e-02 9.966783649482663376e-01 1.818529096341253704e-03 -8.141823994644226126e-02 3.446649999999999991e-01
-8.145981289949479065e-02 1.612149430823148905e-02 -9.965462339016933901e-01 -2.569665399999999877e+00 5.548183744626873116e-03 9.998610148424219579e-01 1.572159837350895623e-02 2.341170000000000057e-02 9.966611844250355956e-01 -4.248343153715460410e-03 -8.153793620722271651e-02 3.311812000000000089e-01
-8.217142261710248807e-02 2.438910114767538218e-02 -9.963197423770593364e-01 -2.746213000000000015e+00 6.327383711181938653e-03 9.996931378835323123e-01 2.394982847429701078e-02 2.480620000000000047e-02 9.965981243813641921e-01 -4.336105831877016745e-03 -8.230052652177721750e-02 3.163900000000000046e-01
-8.269273508440909415e-02 3.699297860683956052e-02 -9.958882623557991920e-01 -2.924404899999999863e+00 2.370843394827407830e-03 9.993152857774644238e-01 3.692341686656117061e-02 2.639599999999999932e-02 9.965722706687440979e-01 6.922032205653634584e-04 -8.272381875158141273e-02 3.002581000000000278e-01
-8.320784298226846509e-02 3.405537167931695086e-02 -9.959501425904920824e-01 -3.100903499999999813e+00 5.364488901308216151e-04 9.994172883118802586e-01 3.412910848405216468e-02 2.879100000000000062e-02 9.965320702761283345e-01 2.305533151247516482e-03 -8.317762576595988389e-02 2.841843000000000008e-01
-8.367230532504353613e-02 3.238041321500235992e-02 -9.959670949191135048e-01 -3.278458399999999884e+00 -1.021275074254538590e-03 9.994686074415461974e-01 3.258005119822700302e-02 3.231839999999999713e-02 9.964928009367732820e-01 3.743204360182193075e-03 -8.359477317573460464e-02 2.676456999999999864e-01
-8.358092088765096961e-02 3.329252170564275803e-02 -9.959446960861088050e-01 -3.454253899999999877e+00 -3.129823210827661212e-03 9.994280494689193883e-01 3.367162219763385200e-02 3.429159999999999847e-02 9.964960782011343943e-01 5.931436017570314995e-03 -8.342891702837973433e-02 2.522385999999999795e-01
-8.307249886746585765e-02 2.400833382233002675e-02 -9.962542646528498302e-01 -3.629296300000000031e+00 -4.790620711865107434e-03 9.996885826921332319e-01 2.449056120608676668e-02 3.706790000000000085e-02 9.965319914007326751e-01 6.807168432586128970e-03 -8.293161383224412209e-02 2.365240000000000120e-01
-8.190192619783863426e-02 2.726431603878119031e-02 -9.962673996252318087e-01 -3.804835100000000025e+00 -3.628681669421764469e-03 9.996109652879219265e-01 2.765412709689121090e-02 3.850030000000000119e-02 9.966337878852120635e-01 5.880063527417801750e-03 -8.177112998172231251e-02 2.215432999999999986e-01
-8.083764561967417273e-02 3.755949957191901528e-02 -9.960193567609892940e-01 -3.980873299999999837e+00 -2.900762870792723824e-03 9.992766529507536299e-01 3.791775893043321244e-02 4.132539999999999825e-02 9.967230611485996539e-01 5.954398327793732765e-03 -8.067022074544338839e-02 2.063126999999999878e-01
-8.099047238335355114e-02 4.053959953612503581e-02 -9.958900964727844807e-01 -4.155489000000000210e+00 -2.386237533842129610e-03 9.991617523578373294e-01 4.086683858151674703e-02 4.490380000000000066e-02 9.967120192179651506e-01 5.686254889316316730e-03 -8.082584519682056712e-02 1.922515999999999947e-01
-8.025206696348784197e-02 2.942455105087436046e-02 -9.963402037173559878e-01 -4.414986599999999761e+00 -8.088823990858300117e-03 9.995120594036273065e-01 3.016975361458376637e-02 4.871579999999999661e-02 9.967417803395887121e-01 1.048040563023510015e-02 -7.997489870761298469e-02 1.689603000000000077e-01
-8.266714006254613500e-02 2.189624072535905838e-02 -9.963366391917825027e-01 -4.674047500000000355e+00 -5.371581581789897780e-03 9.997342858666447007e-01 2.241659595076989780e-02 5.175359999999999683e-02 9.965627376463506160e-01 7.205019417532832968e-03 -8.252755679167667058e-02 1.467236000000000096e-01
-8.540389005296400438e-02 2.383302408977736042e-02 -9.960613246816469868e-01 -4.845881499999999953e+00 -4.931089819799859553e-04 9.997127323298844459e-01 2.396267224348362299e-02 5.332880000000000259e-02 9.963462914104479484e-01 2.537672211461089455e-03 -8.536760399820331191e-02 1.324282999999999988e-01
-8.911685574848102198e-02 3.408592112384402351e-02 -9.954377609889246692e-01 -5.017063099999999665e+00 3.909599545772808604e-03 9.994185247147698847e-01 3.387222296136743055e-02 5.434420000000000223e-02 9.960135044530751269e-01 -8.731770106788286356e-04 -8.919829880110885512e-02 1.175255000000000050e-01
-9.168569224654307681e-02 2.924900427416880777e-02 -9.953583423000188501e-01 -5.185351400000000055e+00 5.710733016807117285e-04 9.995699085740892276e-01 2.932015942096694722e-02 5.622850000000000070e-02 9.957878326795100987e-01 2.119816538397647707e-03 -9.166296234187087943e-02 1.010387999999999981e-01
-9.431975120920836619e-02 2.408268844893389840e-02 -9.952506260479844213e-01 -5.352008800000000122e+00 -8.609606772142380099e-03 9.996502491610720353e-01 2.500507995259776406e-02 5.795920000000000238e-02 9.955047258567196744e-01 1.092718945009705372e-02 -9.407942031953409057e-02 8.302080000000000570e-02
-9.632928324601801318e-02 2.678045497715212525e-02 -9.949891840721312164e-01 -5.518435000000000201e+00 -9.847838374926596097e-03 9.995634089465699201e-01 2.785698430292912753e-02 5.891910000000000203e-02 9.953008034100294665e-01 1.248193600083916804e-02 -9.602349715054747659e-02 6.568440000000000389e-02
-9.807336777622785440e-02 2.644800865910123394e-02 -9.948276822500455863e-01 -5.681924300000000372e+00 -1.203172201598240974e-02 9.995422198639974942e-01 2.775947360239814157e-02 6.021470000000000294e-02 9.951064526965743839e-01 1.469195519051909662e-02 -9.771025664852639459e-02 4.896110000000000045e-02
-9.896425068562417215e-02 3.085693123029909987e-02 -9.946124505963523932e-01 -5.843047600000000230e+00 -9.603759724671253467e-03 9.994429322034428242e-01 3.196236955757607301e-02 6.253859999999999975e-02 9.950446446694659608e-01 1.271515094809634594e-02 -9.861277833518033997e-02 3.263390000000000041e-02
-9.985055900542917640e-02 3.709378845750802012e-02 -9.943107747199428914e-01 -6.003663099999999808e+00 -9.752285783376377082e-03 9.992203707303896065e-01 3.825628888721495369e-02 6.466449999999999976e-02 9.949546516240339589e-01 1.351671466342085036e-02 -9.941096336121590937e-02 1.601850000000000149e-02
-1.005892143807885913e-01 3.085791238873294984e-02 -9.944493949886363815e-01 -6.236379600000000245e+00 -8.453433264886916002e-03 9.994563261219560069e-01 3.186834857407074006e-02 6.998269999999999491e-02 9.948921295378165830e-01 1.161212374252250899e-02 -1.002736713494448706e-01 -9.306800000000000489e-03
-9.712127987492522041e-02 2.533012836084549621e-02 -9.949501704068801633e-01 -6.455757099999999582e+00 -1.148384566389955633e-02 9.995810167187633155e-01 2.656901022340079493e-02 7.079280000000000295e-02 9.952062993591954676e-01 1.400627047812982862e-02 -9.678970039766254807e-02 -3.166639999999999733e-02
-7.196989201221493104e-02 3.035834451708255971e-02 -9.969446853070295100e-01 -6.727863300000000102e+00 -1.095720249322946517e-02 9.994522973781949648e-01 3.122571022363530152e-02 7.291050000000000308e-02 9.973466169578520946e-01 1.317103578425779693e-02 -7.159783138543596159e-02 -5.349369999999999820e-02
-2.715746076117726837e-02 3.471652414310363172e-02 -9.990281453875189399e-01 -6.914658099999999585e+00 -1.795975320941711750e-02 9.992184985087849691e-01 3.521135473829527934e-02 7.474450000000000538e-02 9.994698192490163446e-01 1.889854992507469106e-02 -2.651273695919587059e-02 -6.078189999999999982e-02
8.381280489461641336e-02 3.477823217481686852e-02 -9.958744340038513387e-01 -7.133401899999999962e+00 -1.555952687781834119e-02 9.993146092163085470e-01 3.358888105005683467e-02 7.855280000000000595e-02 9.963600327487224240e-01 1.268015668873816691e-02 8.429649320887333541e-02 -4.653059999999999835e-02
2.558779390179510838e-01 3.445410149733529187e-02 -9.660949203954737330e-01 -7.318215799999999938e+00 -1.103098152389697661e-02 9.994036700383274185e-01 3.272035697454037106e-02 8.022170000000000689e-02 9.666461595488521352e-01 2.284557710636164057e-03 2.561054138934232283e-01 -1.690600000000000002e-03
4.086331440478119803e-01 1.990753480316252710e-02 -9.124815853723631243e-01 -7.441804399999999653e+00 6.708767857733681853e-03 9.996695725968525181e-01 2.481406975603483653e-02 8.067929999999999546e-02 9.126740634089649529e-01 -1.626147847175022157e-02 4.083645654295701144e-01 5.977049999999999724e-02
5.073352541095211832e-01 1.780722970799466023e-02 -8.615647639659796964e-01 -7.518301499999999749e+00 7.817081036927107235e-03 9.996502415159952415e-01 2.526435989837126292e-02 8.280339999999999923e-02 8.617133126403987431e-01 -1.955242202743761801e-02 5.070186087424910504e-01 1.107834999999999931e-01
5.957947542998174306e-01 7.024530318459771758e-03 -8.031060121320380274e-01 -7.586923099999999920e+00 2.571817486319152857e-02 9.992820596571720948e-01 2.781979024051484117e-02 8.367460000000000175e-02 8.027248508863585874e-01 -3.722930594471217380e-02 5.951863511105983662e-01 1.716407000000000072e-01
6.794304453231355678e-01 -2.618916067362378475e-03 -7.337352460163256707e-01 -7.650012000000000256e+00 2.398751613257313342e-02 9.995383839229730061e-01 1.864452022554792532e-02 8.431840000000000168e-02 7.333477135968963223e-01 -3.026814073053436110e-02 6.791796305977684245e-01 2.367896999999999919e-01
7.200989649166001927e-01 -9.504357862196324488e-03 -6.938062754888199013e-01 -7.679671800000000381e+00 2.037406958916899297e-02 9.997646657459436925e-01 7.450531140596653931e-03 8.522780000000000633e-02 6.935721865922945817e-01 -1.950077710063391478e-02 7.201231434123296360e-01 2.722331000000000056e-01
7.595720157975727194e-01 -1.237865125754511637e-02 -6.503054065669883199e-01 -7.708866600000000346e+00 1.575282381910414822e-02 9.998757161395306348e-01 -6.331004540957307913e-04 8.581220000000000514e-02 6.502324210303084273e-01 -9.763261110140806706e-03 7.596726119675232258e-01 3.104770000000000030e-01
7.969548892571485244e-01 -1.320698825923752838e-02 -6.038944278185106596e-01 -7.736741099999999705e+00 1.400551735659685999e-02 9.998961900958400761e-01 -3.384452008473596858e-03 8.595300000000000162e-02 6.038764360137759413e-01 -5.760598314755073154e-03 7.970571281497680349e-01 3.523240000000000260e-01
8.311485261670106262e-01 -1.458720019250123526e-02 -5.558591017883487417e-01 -7.762877900000000331e+00 1.420192914801518894e-02 9.998866251345169820e-01 -5.004206788359198861e-03 8.596779999999999700e-02 5.558690787036824066e-01 -3.735032483097792781e-03 8.312614611982619417e-01 3.977102000000000137e-01
8.620261848266017601e-01 -1.318280634182984398e-02 -5.066922836300620236e-01 -7.787708799999999876e+00 1.115360448687747336e-02 9.999130160981977156e-01 -7.039697746046440045e-03 8.545869999999999855e-02 5.067410125303100088e-01 4.169584621943854541e-04 8.620982382335535821e-01 4.454921000000000020e-01
9.098994697296199918e-01 -5.031944799704674010e-03 -4.147983058274094526e-01 -7.833589599999999820e+00 3.704349161683171202e-03 9.999851186077549636e-01 -4.005041862785974592e-03 8.334279999999999466e-02 4.148122862006919376e-01 2.107627710734523690e-03 9.099045692392078166e-01 5.499882999999999855e-01
9.277066562545870365e-01 -7.461850381279912280e-04 -3.733092593933646230e-01 -7.855010000000000048e+00 -1.446766171529153232e-03 9.999833060494260906e-01 -5.594147844382467427e-03 8.306779999999999720e-02 3.733072016564620843e-01 5.729819399314786676e-03 9.276900896102495686e-01 6.057639000000000218e-01
9.415004359335074069e-01 4.445982535792817464e-03 -3.369824363024087610e-01 -7.875009499999999996e+00 -6.161362808207322336e-03 9.999729335348926940e-01 -4.021169726169382223e-03 8.236889999999999490e-02 3.369554373286788307e-01 5.862204100203850625e-03 9.415023461562517237e-01 6.641985999999999724e-01
9.517747278912410680e-01 5.300345300520764233e-03 -3.067519742189923071e-01 -7.893526099999999879e+00 -6.170396039531159463e-03 9.999792207402770083e-01 -1.866628078579343937e-03 8.110630000000000617e-02 3.067357063666852901e-01 3.669390598403239091e-03 9.517876559466229569e-01 7.250096000000000318e-01
9.592150135515348230e-01 4.733038110573461153e-03 -2.826378533168775742e-01 -7.910525299999999760e+00 -5.072228217853505007e-03 9.999870264783159435e-01 -4.683758766576382338e-04 8.063049999999999384e-02 2.826319696676845017e-01 1.882876867902774512e-03 9.592265762042174737e-01 7.885972999999999455e-01
9.651993035098049845e-01 5.051318749406951379e-03 -2.614666110291699042e-01 -7.927737699999999776e+00 -4.835921200538381877e-03 9.999872304986929805e-01 1.467210174513770230e-03 8.055279999999999385e-02 2.614706835772024895e-01 -1.517183110343046622e-04 9.652114061754681895e-01 8.551566999999999918e-01
9.698631551043778165e-01 7.071273744541360304e-03 -2.435476492570014528e-01 -7.944109000000000087e+00 -6.224982601485967368e-03 9.999716173084018944e-01 4.244310218414922703e-03 7.997289999999999954e-02 2.435707493985942995e-01 -2.600320220416007643e-03 9.698796463335842555e-01 9.231802999999999537e-01
9.735826596779677544e-01 1.235418048400333153e-02 -2.280003925412034949e-01 -7.960908400000000107e+00 -1.140647426495927132e-02 9.999199613042746293e-01 5.473877062986871184e-03 7.980529999999999569e-02 2.280497689523429961e-01 -2.728591179811130658e-03 9.736456530334618442e-01 9.923667999999999934e-01
9.793161362223936628e-01 1.460533750168740638e-02 -2.018082987661906913e-01 -7.991618199999999561e+00 -1.355262356728781370e-02 9.998863950369738518e-01 6.597227782045681464e-03 7.908650000000000402e-02 2.018817270802032715e-01 -3.725739715359071939e-03 9.794028216901806694e-01 1.137879800000000108e+00
9.846714367048969851e-01 1.550339323056289069e-02 -1.737291182728226135e-01 -8.018614799999999931e+00 -1.455384332544281366e-02 9.998713819561498850e-01 6.738337299176367333e-03 7.870409999999999906e-02 1.738112406663398501e-01 -4.106621900972205232e-03 9.847704241469633635e-01 1.289252199999999959e+00
9.890345924486330098e-01 1.720835289841446403e-02 -1.466780403826358770e-01 -8.043395999999999546e+00 -1.669107775605351701e-02 9.998493793832764487e-01 4.756728941027436527e-03 7.680480000000000640e-02 1.467378031159929375e-01 -2.256354892445553567e-03 9.891728494046384546e-01 1.447975199999999907e+00
9.918328011883439377e-01 1.616525561377760156e-02 -1.265163190968821294e-01 -8.064562799999999143e+00 -1.714387626653901542e-02 9.998309180545104091e-01 -6.650023220438487474e-03 7.507279999999999509e-02 1.263874281463171212e-01 8.764691278989952469e-03 9.919422353107782975e-01 1.613781799999999933e+00
9.935806279309974398e-01 1.807215151722721749e-02 -1.116733322677497670e-01 -8.085041000000000366e+00 -1.827855642476998096e-02 9.998325931360957375e-01 -8.246682829935166135e-04 7.334490000000000454e-02 1.116397338552513746e-01 2.860601735449625621e-03 9.937446285552640202e-01 1.784728899999999951e+00
9.944882969062373013e-01 2.288873002035212573e-02 -1.023187829999313014e-01 -8.105559299999999467e+00 -2.187891066700609760e-02 9.997003218802390512e-01 1.098087886152886855e-02 7.101949999999999930e-02 1.025394586710733913e-01 -8.681732004723267948e-03 9.946910510026927277e-01 1.959305499999999922e+00
9.954952141141386601e-01 1.987802676969168889e-02 -9.270459927958535351e-02 -8.131318099999999660e+00 -1.893008862357222974e-02 9.997592627927364139e-01 1.109361099137025006e-02 6.907699999999999951e-02 9.290280092951330726e-02 -9.288730368977787810e-03 9.956318541848606651e-01 2.215862299999999951e+00
9.960497116714511767e-01 1.588914447014106238e-02 -8.736422017751807600e-02 -8.147123300000000512e+00 -1.459827004382213342e-02 9.997749180977317796e-01 1.539492300731825844e-02 6.766850000000000642e-02 8.758916822842033323e-02 -1.405874214432420097e-02 9.960574729293348861e-01 2.389179700000000128e+00
9.963667226100421104e-01 1.778855182099343957e-02 -8.328818343219671072e-02 -8.162411699999999826e+00 -1.748530655035418491e-02 9.998375748158883081e-01 4.368986280950267441e-03 6.631370000000000320e-02 8.335237327253230966e-02 -2.896793122544564711e-03 9.965159258433562428e-01 2.559943200000000196e+00
9.965904043020924474e-01 1.909309078782189112e-02 -8.026842428477133640e-02 -8.177352000000000842e+00 -1.974663486289656572e-02 9.997779550915839586e-01 -7.356012811445889962e-03 6.378150000000000486e-02 8.011015206940701183e-02 8.915963047181669002e-03 9.967461407692320696e-01 2.729518699999999853e+00
9.968517496693987123e-01 2.361253827005410991e-02 -7.569040373457930349e-02 -8.191848800000000708e+00 -2.380326232270581557e-02 9.997153520302596297e-01 -1.618523342581657453e-03 6.036029999999999868e-02 7.563064117045975587e-02 3.415106361338991932e-03 9.971300532852701570e-01 2.899516799999999783e+00
9.971685248779480482e-01 2.479419388102522409e-02 -7.099423175531423269e-02 -8.205494899999999703e+00 -2.447437092971191386e-02 9.996860274456661477e-01 5.371377616388365792e-03 5.750799999999999662e-02 7.110512049305596494e-02 -3.618629532446922866e-03 9.974622636270381593e-01 3.070112700000000139e+00
9.974480064773730836e-01 1.934076940555983642e-02 -6.872706172327798513e-02 -8.217112500000000708e+00 -1.903502967450225458e-02 9.998058060242646095e-01 5.100773025868209770e-03 5.508939999999999670e-02 6.881236821680473958e-02 -3.779534226801859603e-03 9.976224602029684085e-01 3.237947699999999873e+00
9.976022324948307096e-01 1.743376562630645499e-02 -6.697648495865361762e-02 -8.228400199999999387e+00 -1.732816594092392859e-02 9.998475286702257492e-01 2.157331028360704155e-03 5.277310000000000334e-02 6.700388336845515547e-02 -9.915786046196624001e-04 9.977522219396043335e-01 3.405837500000000073e+00
9.976639837783134457e-01 2.063781230527074115e-02 -6.512032075195388348e-02 -8.241075500000000886e+00 -2.047332598079605950e-02 9.997853031289208880e-01 3.192267328376160833e-03 5.076920000000000044e-02 6.517222103679605472e-02 -1.851580585384364486e-03 9.978723131014642922e-01 3.577646500000000174e+00
9.975568582697269537e-01 1.937324463758186011e-02 -6.711923652161300158e-02 -8.252673100000000872e+00 -1.926552152334677637e-02 9.998118665844334396e-01 2.251914160127503964e-03 4.830090000000000078e-02 6.715023603432296317e-02 -9.533253188321652973e-04 9.977424201523011904e-01 3.749129100000000214e+00
9.971979683181894094e-01 1.878811935499761707e-02 -7.241007218044850924e-02 -8.265131000000000228e+00 -1.867120106687848377e-02 9.998230525095151977e-01 2.291270668281249548e-03 4.694940000000000224e-02 7.244030806668064204e-02 -9.328674383287836273e-04 9.973723133943246388e-01 3.923649800000000187e+00
9.966959274053391882e-01 2.328449380344514708e-02 -7.781427016896161342e-02 -8.280533800000000610e+00 -2.356548321310059785e-02 9.997186639986576084e-01 -2.694597126153940557e-03 4.421080000000000149e-02 7.772963588325818018e-02 4.519424859042103261e-03 9.969642313064193129e-01 4.099561699999999753e+00
9.963405329265895283e-01 2.332002862809786498e-02 -8.222967051097948565e-02 -8.296335199999999688e+00 -2.406008262463599223e-02 9.996783417403795058e-01 -8.020316658382934533e-03 4.218779999999999752e-02 8.201618664419385585e-02 9.969419240344015720e-03 9.965811335803799187e-01 4.276196500000000178e+00
9.960073765665059531e-01 2.201256992676699220e-02 -8.651446463063620917e-02 -8.312774700000000294e+00 -2.258899548668644869e-02 9.997286475853464083e-01 -5.689330371562896158e-03 3.839739999999999820e-02 8.636575193911570636e-02 7.620889868875040107e-03 9.962343494025879265e-01 4.456897699999999851e+00
9.957911809908379652e-01 2.069464637490242565e-02 -8.928412777358633867e-02 -8.330026600000000059e+00 -2.080840802862971711e-02 9.997834226451052242e-01 -3.434521118481384484e-04 3.565859999999999863e-02 8.925768323335762922e-02 2.199867145264149983e-03 9.960061378166085166e-01 4.639990300000000012e+00
9.957585165529494464e-01 1.989062559367733504e-02 -8.982950364864285275e-02 -8.346822700000000594e+00 -1.939190353202013481e-02 9.997913387289212306e-01 6.421298936842641421e-03 3.334539999999999726e-02 8.993848336320896253e-02 -4.652098034609727754e-03 9.959364574079021537e-01 4.827316800000000185e+00
9.960151152193440494e-01 2.293758906229233924e-02 -8.618443747339975258e-02 -8.364121400000000150e+00 -2.258489698798361173e-02 9.997320969777153676e-01 5.065244375353165213e-03 3.208720000000000322e-02 8.627753289610866350e-02 -3.098593317827469384e-03 9.962663228458601417e-01 5.015882000000000396e+00
9.964144552669932375e-01 1.639057236428795306e-02 -8.300350879662908576e-02 -8.379336399999999685e+00 -1.636842318284337933e-02 9.998655795646439470e-01 9.473776258684781437e-04 3.019329999999999931e-02 8.300787949037367885e-02 4.146557966322109287e-04 9.965488046267889644e-01 5.205448600000000425e+00
9.966891934963930666e-01 1.301091968915567276e-02 -8.025813065572776073e-02 -8.394557999999999964e+00 -1.279606912957697434e-02 9.999130360531686135e-01 3.190759434005775805e-03 2.766110000000000096e-02 8.029266580666388764e-02 -2.153206858838910536e-03 9.967690060981443390e-01 5.396871599999999880e+00
9.968111309071836512e-01 9.778789181194687263e-03 -7.919560961121085985e-02 -8.408330899999999275e+00 -9.363466801439717518e-03 9.999404028742009398e-01 5.613928146943162299e-03 2.540099999999999997e-02 7.924578720032945944e-02 -4.854480603571731216e-03 9.968432871966734776e-01 5.586852099999999766e+00
9.968706737985221222e-01 1.333254795358005881e-02 -7.791728232905721641e-02 -8.423560099999999551e+00 -1.359871887335402721e-02 9.999033669523688106e-01 -2.886451510060191079e-03 2.166339999999999932e-02 7.787126919142907389e-02 3.936994079489069057e-03 9.969556487187050120e-01 5.773219100000000381e+00
9.968865586660190514e-01 1.967588621449750663e-02 -7.635475527232096771e-02 -8.438815099999999347e+00 -2.084015676039795151e-02 9.996779367747488099e-01 -1.448138777822423860e-02 1.818240000000000134e-02 7.604523007542235424e-02 1.602754589621909961e-02 9.969755467188353704e-01 5.957501399999999947e+00
9.970242523318666450e-01 1.666182388530891567e-02 -7.526635295334339892e-02 -8.452668199999999743e+00 -1.743912392956650792e-02 9.998010491976464520e-01 -9.681889270923992388e-03 1.378700000000000064e-02 7.509006071812392158e-02 1.096565766838276425e-02 9.971164611685278123e-01 6.141343599999999903e+00
9.969114436271130364e-01 1.490471131018014303e-02 -7.710657005771698325e-02 -8.466983799999999505e+00 -1.437208249681988514e-02 9.998689018548032603e-01 7.458039177589585907e-03 8.778499999999999845e-03 7.720762145028192691e-02 -6.326822617242070131e-03 9.969949621264692086e-01 6.324853400000000292e+00
9.966126260352843325e-01 8.181289138998123350e-03 -8.183116848168930924e-02 -8.480572699999999742e+00 -8.084116568248270185e-03 9.999661696819812651e-01 1.518733307044241353e-03 6.082200000000000280e-03 8.184082530354569451e-02 -8.520560844586728185e-04 9.966450488082823078e-01 6.503547199999999862e+00
9.961377002448638107e-01 9.020695500104800035e-03 -8.734019237194498575e-02 -8.496095699999999695e+00 -9.248423330876803794e-03 9.999548055838640703e-01 -2.203055975107238648e-03 2.714400000000000059e-03 8.731637198582439807e-02 3.002306185409994374e-03 9.961761075938341259e-01 6.679337000000000302e+00
9.953895110227520826e-01 1.127133555057497662e-02 -9.525060808621026165e-02 -8.512317700000000542e+00 -1.219369538867192369e-02 9.998841815528271004e-01 -9.106990348150578382e-03 -8.432999999999999524e-04 9.513692836461958013e-02 1.022645957012354410e-02 9.954116657875804464e-01 6.852617699999999701e+00
9.946655513516572400e-01 1.791352109713230736e-02 -1.015851697651101310e-01 -8.530672100000000313e+00 -1.935852539734405839e-02 9.997247178462914663e-01 -1.325654636748583616e-02 -5.690699999999999925e-03 1.013197337577632778e-01 1.515236909052550089e-02 9.947385170295761636e-01 7.023985399999999935e+00
9.936936231230567573e-01 2.391131943459389592e-02 -1.095501354059834620e-01 -8.549786599999999126e+00 -2.465205815321769994e-02 9.996814421382960170e-01 -5.412048882547649577e-03 -1.026069999999999934e-02 1.093858281194729221e-01 8.078554771339042928e-03 9.939665374445075807e-01 7.194015499999999896e+00
9.926078266516625837e-01 2.383814823800111532e-02 -1.190018703989403626e-01 -8.569457099999999272e+00 -2.358434123138585664e-02 9.997155802054200624e-01 3.540839338628900580e-03 -1.350969999999999949e-02 1.190524309644480361e-01 -7.080841217773784294e-04 9.928877163598771594e-01 7.360931899999999750e+00
9.910973756324329420e-01 2.142726700513597829e-02 -1.314034407585841779e-01 -8.591067300000000628e+00 -2.055235642728147835e-02 9.997566830321228393e-01 8.010953619481909690e-03 -1.539880000000000068e-02 1.315431209139805713e-01 -5.238984758340071643e-03 9.912966056528751402e-01 7.523220099999999633e+00
9.892382168593671921e-01 2.625579328944580709e-02 -1.439388190296194692e-01 -8.615182900000000643e+00 -2.552934915664589050e-02 9.996503162532378584e-01 6.891846373766876040e-03 -1.763939999999999952e-02 1.440694368578488982e-01 -3.143013449451419715e-03 9.895625896475265248e-01 7.681882400000000111e+00
9.873724431193579010e-01 2.750717452269397720e-02 -1.560096596954441139e-01 -8.640914900000000287e+00 -2.775432314074218268e-02 9.996145978991509695e-01 5.943180276578511993e-04 -2.003169999999999951e-02 1.559658812545535178e-01 3.743129265306166780e-03 9.877553507158509660e-01 7.837959800000000143e+00
9.856987091025813941e-01 3.021770029877875879e-02 -1.657858421643955138e-01 -8.668603900000000806e+00 -2.994123169977611076e-02 9.995429742629272640e-01 4.167162814369889529e-03 -2.184159999999999921e-02 1.658359958447049309e-01 8.562653060419981015e-04 9.861529745896022714e-01 7.993458300000000349e+00
9.845908701049370659e-01 3.124682786576302163e-02 -1.720594497676033452e-01 -8.682345400000000879e+00 -3.025023141230688550e-02 9.995069614747660314e-01 8.411745537195263953e-03 -2.269070000000000115e-02 1.722374581950886774e-01 -3.077289685424213894e-03 9.850506526482214475e-01 8.070195200000000568e+00
9.834836814494921642e-01 3.003802905089869926e-02 -1.784868766416488617e-01 -8.696083099999999177e+00 -2.856638068706704101e-02 9.995334439239287327e-01 1.081001258149197342e-02 -2.441859999999999864e-02 1.787283139768161555e-01 -5.532746904370139385e-03 9.838829089351520674e-01 8.146163899999999458e+00
9.806326599822334789e-01 2.569331539968294775e-02 -1.941634355895611175e-01 -8.725444800000000001e+00 -2.627396549307500773e-02 9.996546934506752580e-01 -4.154507253595770243e-04 -2.552300000000000055e-02 1.940857153770929600e-01 5.508847956597931819e-03 9.809691063844737657e-01 8.296658499999999492e+00
9.788257527775879874e-01 2.276254829919032580e-02 -2.034256918245954393e-01 -8.741004000000000218e+00 -2.369463223065892965e-02 9.997169367415157382e-01 -2.147276324576119933e-03 -2.680170000000000122e-02 2.033192320043582801e-01 6.921906318875863454e-03 9.790880333811003977e-01 8.370510100000000620e+00
9.739655276542122930e-01 2.242451473673180706e-02 -2.255843347399680843e-01 -8.775022500000000392e+00 -2.143946809889445138e-02 9.997469150474094235e-01 6.815794951762656553e-03 -2.877719999999999931e-02 2.256800836336435578e-01 -1.801941178308560237e-03 9.741998013031523129e-01 8.518879899999999950e+00
9.711485239702288830e-01 2.430403627246227258e-02 -2.372337627980314889e-01 -8.793761299999999892e+00 -2.147652151911689719e-02 9.996642534841406746e-01 1.449618327128680134e-02 -2.957080000000000125e-02 2.375064281527654586e-01 -8.982990975319102983e-03 9.713444303949307912e-01 8.592871699999999890e+00
9.652921982075104435e-01 2.782585814006759833e-02 -2.596857595219289050e-01 -8.833851799999999699e+00 -2.517111569842415270e-02 9.995914132416244824e-01 1.354331968567845657e-02 -3.119109999999999938e-02 2.599565098515688732e-01 -6.536680532255982785e-03 9.655982004920112827e-01 8.736569400000000485e+00
9.584647260622886078e-01 2.555548878801139345e-02 -2.840638764206882549e-01 -8.876353299999999891e+00 -2.683494100867903770e-02 9.996396903205021500e-01 -6.127617736465399215e-04 -3.132680000000000187e-02 2.839458660297820569e-01 8.210147911965434697e-03 9.588051619781052803e-01 8.878043200000000468e+00
9.512020002453516199e-01 2.630495168041806914e-02 -3.074456118508329117e-01 -8.922637899999999789e+00 -2.396989927850633195e-02 9.996480282165030040e-01 1.136941561540785045e-02 -3.212770000000000209e-02 3.076364715988993415e-01 -3.445170525313468075e-03 9.514977310231649277e-01 9.020923599999999709e+00
9.430116800309935599e-01 2.334466154497128257e-02 -3.319397507115916524e-01 -8.972232800000000452e+00 -1.955249045670754207e-02 9.996998763252106235e-01 1.475999296405102953e-02 -3.271740000000000065e-02 3.321846947739514055e-01 -7.428596954285131802e-03 9.431851061722865692e-01 9.161861399999999378e+00
9.328338751509667182e-01 1.314837210505902243e-02 -3.600667739209181817e-01 -9.051137900000000514e+00 -1.502539165230491053e-02 9.998841974366532437e-01 -2.414398922034645140e-03 -3.446769999999999695e-02 3.599933318500851409e-01 7.662377401745617406e-03 9.329234100375162209e-01 9.369225500000000650e+00
9.268047338956709735e-01 1.821314270307437463e-02 -3.751016750981684411e-01 -9.108251599999999115e+00 -2.143129910660913559e-02 9.997606011345216981e-01 -4.409063136633859133e-03 -3.694379999999999886e-02 3.749315732866165818e-01 1.212525678149612568e-02 9.269731892027973652e-01 9.507367099999999738e+00
9.201678205841274938e-01 1.877282482357908039e-02 -3.910738587653235232e-01 -9.166665999999999315e+00 -1.849670851338704181e-02 9.998189147572396074e-01 4.473194364916947136e-03 -3.905530000000000113e-02 3.910870155548862304e-01 3.117489662972853896e-03 9.203484272396913468e-01 9.646984099999999174e+00
