9.999999958766999653e-01 1.400018157113596909e-06 -9.079999953279855229e-05 -3.499999999999999947e-06 -1.399981837113671835e-06 9.999999999989399591e-01 4.000635591751929791e-07 -7.999999999999999638e-07 9.080000009279854247e-05 -3.999364391754551124e-07 9.999999958775999120e-01 1.889999999999999862e-05
9.991221921274984208e-01 1.735138285767850357e-03 -4.185492197425860067e-02 -5.547899999999999707e-03 -1.882062018797896500e-03 9.999922044117330877e-01 -3.471160947006988497e-03 -1.947999999999999916e-04 4.184857274626473805e-02 3.546887493548487973e-03 9.991176690201253319e-01 4.634440000000000087e-02
9.984620997328369496e-01 1.627260163120965468e-03 -5.541468597272617563e-02 -7.385000000000000071e-03 -1.876583122877560151e-03 9.999883490937048203e-01 -4.447483853784646619e-03 -2.043000000000000057e-04 5.540680312811114422e-02 4.544634331633685444e-03 9.984535204334323844e-01 5.780720000000000303e-02
9.959031241533121692e-01 5.666238679086853356e-05 -9.042656739612792149e-02 -1.229180000000000030e-02 -4.460207672887415379e-04 9.999907173288391515e-01 -4.285594664562535419e-03 -5.584000000000000205e-04 9.042548516401605063e-02 4.308369242265902913e-03 9.958939047847038539e-01 8.435410000000000130e-02
9.876415912623766058e-01 2.097460903515153529e-03 -1.567153083348239717e-01 -2.442460000000000117e-02 -3.102371956717973108e-03 9.999761652227573405e-01 -6.168004104320004392e-03 -1.623400000000000103e-03 1.566986359128977602e-01 6.577966566269847180e-03 9.876245581489405678e-01 1.292408999999999919e-01
9.779584896110468106e-01 8.963490976827999737e-03 -2.086069232484586977e-01 -3.718540000000000040e-02 -1.095441068993479282e-02 9.999047954677874328e-01 -8.390523640293941557e-03 -2.827300000000000039e-03 2.085118545409738733e-01 1.049074973633496756e-02 9.779635732918958713e-01 1.615863999999999912e-01
9.299699101483639430e-01 1.829628247449792758e-02 -3.671800815216658687e-01 -7.978490000000000582e-02 -2.180223438385436516e-02 9.997477049998768628e-01 -5.402677424267607852e-03 -4.426799999999999832e-03 3.669885949106801992e-01 1.302967363722485478e-02 9.301341832286308398e-01 2.473821999999999965e-01
8.818280171043879623e-01 1.710500959908352672e-02 -4.712608268213670515e-01 -1.155203000000000063e-01 -2.204355618763578425e-02 9.997447018581886446e-01 -4.961122562900883125e-03 -4.380099999999999619e-03 4.710556547589104248e-01 1.476312138732322615e-02 8.819799432904114056e-01 2.998599000000000125e-01
7.750868629261895570e-01 2.251843348113079235e-02 -6.314533039527104874e-01 -1.806881999999999933e-01 -2.596914392193951093e-02 9.996556255385847800e-01 3.772783193121767749e-03 -6.204300000000000266e-03 6.313208047286259506e-01 1.347406704067474759e-02 7.754047272451874973e-01 3.648745999999999934e-01
6.574446128236376419e-01 1.360760748566788338e-02 -7.533799931559725938e-01 -2.436567000000000038e-01 -1.359122141490392947e-02 9.998884159404942684e-01 6.199545826929950612e-03 -6.419300000000000180e-03 7.533802889441880701e-01 6.163496290673269387e-03 6.575561964911034174e-01 4.112656000000000089e-01
6.135736589868412416e-01 1.310028459995163375e-02 -7.895288136229733356e-01 -2.684487999999999874e-01 -1.057802010161625408e-02 9.999090165304111988e-01 8.370433197612167989e-03 -6.715399999999999842e-03 7.895666346092832244e-01 3.215774336945221093e-03 6.136564090003335803e-01 4.243656000000000095e-01
5.664533422219488745e-01 1.363074796833254818e-02 -8.239810761148629314e-01 -2.948108999999999869e-01 -8.116789281172667736e-03 9.999069822328308099e-01 1.096104984928212428e-02 -6.533999999999999878e-03 8.240538385429370116e-01 4.791574451109914881e-04 5.665112899058535323e-01 4.366690999999999767e-01
5.155439170450372144e-01 1.409127134200041480e-02 -8.567472822657949960e-01 -3.232686000000000170e-01 -6.638641752409192923e-03 9.999004456096209914e-01 1.245099615952690794e-02 -5.991999999999999930e-03 8.568374396777621582e-01 -7.313970518824037051e-04 5.155861392869377502e-01 4.492919000000000218e-01
4.093621991908151236e-01 1.767784847759285710e-02 -9.122006816193807266e-01 -3.864105999999999930e-01 -3.683247066134735445e-03 9.998361464504229579e-01 1.772325992073825462e-02 -5.940599999999999874e-03 9.123645234031786400e-01 -3.895372173683153173e-03 4.093602356249557150e-01 4.689286999999999761e-01
3.539875090969003546e-01 1.994145024729700177e-02 -9.350375297095865346e-01 -4.218075000000000019e-01 -3.078139768566476656e-03 9.997920857948233708e-01 2.015713862634552211e-02 -6.046499999999999792e-03 9.352450847018318747e-01 -4.257199087559726536e-03 3.539752926363530783e-01 4.778091999999999895e-01
2.989161181530265998e-01 2.281763169569792429e-02 -9.540065565771155276e-01 -4.592168999999999834e-01 -4.806527209302684234e-04 9.997175679165442030e-01 2.376033189986375208e-02 -5.724400000000000148e-03 9.542792690199696226e-01 -6.643800330330691672e-03 2.988426620077578866e-01 4.854708999999999830e-01
1.946816341488930013e-01 2.530856320051389635e-02 -9.805399216522711070e-01 -5.407237999999999767e-01 7.079467894994891444e-03 9.996047727588166509e-01 2.720623847793161507e-02 -5.538099999999999794e-03 9.808409363701334760e-01 -1.223825586102627802e-02 1.944255195030727412e-01 4.960989000000000093e-01
1.470362919124801604e-01 2.628253971839057679e-02 -9.887818550957432340e-01 -5.834129000000000120e-01 5.200796791695766821e-03 9.996125588427945408e-01 2.734380947293078498e-02 -4.934700000000000197e-03 9.891174250681056268e-01 -9.162985851330022330e-03 1.468426338531453323e-01 4.983872999999999776e-01
6.673178085809743088e-02 2.520271441949014507e-02 -9.974526016856120059e-01 -6.772105000000000485e-01 2.059312749376818186e-03 9.996753320233583429e-01 2.539664889288422572e-02 -2.926699999999999961e-03 9.977688252568861493e-01 -3.748830468000242597e-03 6.665821491470558247e-02 4.990516999999999870e-01
3.244190802391776901e-02 2.229842275486934589e-02 -9.992248510452552690e-01 -7.260497999999999674e-01 2.783027452668321647e-03 9.997452061469010998e-01 2.240039161461104128e-02 -2.011699999999999947e-03 9.994697480974426007e-01 -3.507581636308309062e-03 3.237158490249247844e-02 4.977061999999999875e-01
8.732601479854322285e-04 1.975133294082022373e-02 -9.998045420299783714e-01 -7.778606000000000131e-01 3.344633328315152476e-03 9.997992733440251856e-01 1.975415016289355091e-02 -1.549000000000000030e-03 9.999940254044585863e-01 -3.361230105168906343e-03 8.070238949635655246e-04 4.957720999999999933e-01
-4.654449567642292979e-02 1.538387263067291649e-02 -9.987977504906137005e-01 -8.854724999999999957e-01 2.615949096955483798e-03 9.998798528437273792e-01 1.527863500212628921e-02 6.439999999999999327e-05 9.989127923560440214e-01 -1.901667712638976590e-03 -4.657914691534315033e-02 4.878104999999999802e-01
-6.269046249340551324e-02 1.465904440771347711e-02 -9.979253570931123640e-01 -9.424160000000000315e-01 3.208883023084689590e-03 9.998899187670070576e-01 1.448631829873154274e-02 9.863000000000000673e-04 9.980278598226139941e-01 -2.294071742707652281e-03 -6.273060060873192345e-02 4.829135999999999984e-01
-7.555520099569713877e-02 1.497778017534941337e-02 -9.970291258050181238e-01 -1.000764100000000045e+00 4.496053809601019760e-03 9.998821356787052084e-01 1.467992679588478455e-02 1.922199999999999994e-03 9.971314843603329425e-01 -3.373551779693631514e-03 -7.561363663882825215e-02 4.771012000000000031e-01
-9.176523681388608356e-02 1.758153615063578687e-02 -9.956254470929694067e-01 -1.123759399999999964e+00 1.560859165087236794e-03 9.998454314441577173e-01 1.751219400626472661e-02 1.993299999999999933e-03 9.957794459774503837e-01 5.297952602646011089e-05 -9.177849509559221630e-02 4.635187000000000057e-01
-9.618564949197673519e-02 1.857496676287678783e-02 -9.951900780461810925e-01 -1.187964800000000043e+00 1.810708614583125126e-03 9.998274701369130879e-01 1.848651654404478289e-02 2.627299999999999948e-03 9.953617644686374444e-01 -2.386164683274884235e-05 -9.620268844737212000e-02 4.566788999999999987e-01
-9.732221932125575958e-02 1.927518133286068233e-02 -9.950662555885264604e-01 -1.253062799999999921e+00 3.656995890070169168e-03 9.998126160340671253e-01 1.900945028598175976e-02 3.376200000000000208e-03 9.952462067284885139e-01 -1.788911317125930350e-03 -9.737447195674053813e-02 4.497079999999999966e-01
-9.493595612997510202e-02 2.393502774331180902e-02 -9.951955982019886626e-01 -1.390111899999999956e+00 5.240142564191318381e-03 9.997090752318417151e-01 2.354369990045944439e-02 4.971800000000000178e-03 9.954695902636072624e-01 -2.979823152946764128e-03 -9.503375986660089758e-02 4.367500000000000271e-01
-9.156190588119490770e-02 2.140616095347551776e-02 -9.955692811977662204e-01 -1.532189000000000023e+00 1.339704343428869265e-03 9.997706676444657603e-01 2.137328496070032419e-02 6.289300000000000272e-03 9.957984849273849859e-01 6.232102157385996377e-04 -9.156958570044748669e-02 4.227020000000000222e-01
-8.815986664396846528e-02 2.376869623531752823e-02 -9.958227186565843381e-01 -1.682406800000000091e+00 9.856112421747047214e-04 9.997168634540122278e-01 2.377438739801878906e-02 8.974599999999999245e-03 9.961058510438521862e-01 1.114452755830473013e-03 -8.815833205805356787e-02 4.086902000000000035e-01
-8.421988314982854773e-02 2.957562438087318196e-02 -9.960081795470909771e-01 -1.838518600000000003e+00 -8.878672085695250155e-04 9.995567956814305211e-01 2.975607331102267383e-02 1.040169999999999983e-02 9.964467988678817889e-01 3.390376019338959754e-03 -8.415629730684637266e-02 3.943566000000000016e-01
-8.083347364923038070e-02 2.581255609380549848e-02 -9.963933266966933378e-01 -2.000712200000000163e+00 -4.852939041368775283e-03 9.996425672375873761e-01 2.629043075543582852e-02 1.334549999999999972e-02 9.967158062960876919e-01 6.960582917382133680e-03 -8.067931435622333058e-02 3.805508000000000224e-01
-7.745922526490653381e-02 2.777312485446267049e-02 -9.966086102162569071e-01 -2.169542299999999813e+00 -2.993024377719786383e-03 9.996009413766158147e-01 2.808914032251222381e-02 1.595999999999999849e-02 9.969910281574428934e-01 5.158636913161734894e-03 -7.734518885336905125e-02 3.661205000000000154e-01
-7.510646739031287544e-02 3.156809744288299746e-02 -9.966757114427863273e-01 -2.341969699999999932e+00 9.137063890474542149e-05 9.994989889782086578e-01 3.165063479529434121e-02 1.865899999999999850e-02 9.971755162495486990e-01 2.286100473600113231e-03 -7.507172261957484327e-02 3.530212999999999823e-01
-7.418022501818906378e-02 1.977971660741232804e-02 -9.970486733490904196e-01 -2.515091200000000082e+00 1.578284769133617149e-03 9.998043561046814354e-01 1.971696049828335767e-02 2.083430000000000004e-02 9.972436027538298386e-01 -1.110181687943457424e-04 -7.419693013547012939e-02 3.397532999999999803e-01
-7.457851587264274773e-02 2.344671614244788621e-02 -9.969394647983242930e-01 -2.783560500000000104e+00 5.912326008037599098e-03 9.997163755427803666e-01 2.306973933058847556e-02 2.308719999999999870e-02 9.971976180133046430e-01 -4.173724205322196928e-03 -7.469598821121015142e-02 3.191567000000000154e-01
-7.483200016078818406e-02 3.619445081436983847e-02 -9.965390777496797581e-01 -2.965256500000000184e+00 2.185554194500279740e-03 9.993446278460076382e-01 3.613223143105626090e-02 2.458660000000000012e-02 9.971937600611021635e-01 5.258569868991751217e-04 -7.486206228545022601e-02 3.041036999999999768e-01
-7.566401971171635155e-02 3.047884062822419499e-02 -9.966674452368875503e-01 -3.235511799999999827e+00 2.153331021702061671e-04 9.995332126336587963e-01 3.055013050532023183e-02 2.849710000000000090e-02 9.971333460238505086e-01 2.096930183935148684e-03 -7.563526380653140535e-02 2.820021999999999807e-01
-7.576189275920164334e-02 3.424327406468603840e-02 -9.965377733868764354e-01 -3.414173599999999809e+00 -2.721719747423058389e-03 9.993993155197642420e-01 3.454852211373404119e-02 3.040649999999999950e-02 9.971222231237047984e-01 5.329757964249703592e-03 -7.562318317078964292e-02 2.681278000000000272e-01
-7.534577805830758312e-02 2.767065920314231570e-02 -9.967734689226295242e-01 -3.591644800000000082e+00 -4.014515015594105618e-03 9.995983888150620222e-01 2.805253549185192721e-02 3.253269999999999773e-02 9.971493856980397918e-01 6.115202171277586002e-03 -7.520443407423915705e-02 2.538696999999999759e-01
-7.444962093655137225e-02 2.404109140513034301e-02 -9.969349426449322094e-01 -3.768833599999999784e+00 -5.347166618624183548e-03 9.996853643447207727e-01 2.450673630077100304e-02 3.511240000000000194e-02 9.972104400534306246e-01 7.155294474235417840e-03 -7.429764470984590030e-02 2.395481999999999889e-01
-7.289455158601441942e-02 3.692977268096853116e-02 -9.966556959345616029e-01 -4.035365099999999927e+00 -3.021461476672284568e-03 9.993014550401189133e-01 3.724879495025393283e-02 3.845160000000000244e-02 9.973350766515827193e-01 5.726590995790453720e-03 -7.273204957890344602e-02 2.196566000000000074e-01
-7.218430720951603263e-02 4.020890738113609003e-02 -9.965804882496432926e-01 -4.212405699999999698e+00 -3.421701628985751586e-03 9.991711940079088805e-01 4.056127491551221598e-02 4.088220000000000048e-02 9.973854409157195677e-01 6.337888609370189580e-03 -7.198689753928011470e-02 2.059336999999999973e-01
-7.109368631925981619e-02 2.887380214709566600e-02 -9.970516492715457701e-01 -4.476472399999999574e+00 -9.335700649177762489e-03 9.995179035907865162e-01 2.961089486773683943e-02 4.505449999999999733e-02 9.974259533714411319e-01 1.141332340072758432e-02 -7.078985513491864445e-02 1.840806000000000109e-01
-7.370868126542703958e-02 2.149919881190642812e-02 -9.970480503749846735e-01 -4.740251100000000051e+00 -6.634418977713164335e-03 9.997349088338453038e-01 2.204759723442018329e-02 4.761050000000000004e-02 9.972577474208660364e-01 8.239933824320096190e-03 -7.354650705255127985e-02 1.642942000000000013e-01
-7.595896405709384736e-02 2.345007518959758147e-02 -9.968351567601212437e-01 -4.915274600000000049e+00 -1.811488161190394353e-03 9.997185178782798110e-01 2.365594052024289767e-02 4.897630000000000039e-02 9.971092990690715308e-01 3.602635820843207506e-03 -7.589510343314243013e-02 1.504793000000000103e-01
-7.956211284503805770e-02 3.349424187304592127e-02 -9.962670354683949014e-01 -5.089465599999999590e+00 2.607126242532075561e-03 9.994389087049082576e-01 3.339267373987207105e-02 5.007339999999999708e-02 9.968265009982377745e-01 5.939774354994653560e-05 -7.960479495306249653e-02 1.368890000000000107e-01
-8.189254847723015374e-02 2.871620038388232599e-02 -9.962273788344793157e-01 -5.260263899999999992e+00 -9.442147106911279869e-04 9.995821359076736412e-01 2.889051804369654336e-02 5.165510000000000240e-02 9.966407170904090229e-01 3.306570695714487751e-03 -8.183121426295481005e-02 1.216139999999999999e-01
-8.402496861019882746e-02 2.345259254103494034e-02 -9.961876231680251159e-01 -5.428655599999999914e+00 -1.011957030001493091e-02 9.996513567195514094e-01 2.438768758417521332e-02 5.362820000000000087e-02 9.964122635470711309e-01 1.213016536838926879e-02 -8.375834371056634087e-02 1.047167999999999988e-01
-8.573522608579964288e-02 2.625676666628189160e-02 -9.959719138671778715e-01 -5.596655400000000391e+00 -1.205692254327316026e-02 9.995521353834712075e-01 2.738903556404099354e-02 5.426659999999999817e-02 9.962450008039198668e-01 1.435656137712715101e-02 -8.538025250971359448e-02 8.860609999999999320e-02
-8.722380830715532885e-02 2.578584328450414867e-02 -9.958549580890299069e-01 -5.760688799999999610e+00 -1.381857802575444868e-02 9.995374412341612169e-01 2.709152030454848106e-02 5.570909999999999751e-02 9.960928943455737983e-01 1.612432501448103281e-02 -8.682713848264622669e-02 7.378460000000000574e-02
-8.829152337448166465e-02 3.034734980833073484e-02 -9.956322841590786732e-01 -5.923386599999999724e+00 -1.133870714511191549e-02 9.994404136114964921e-01 3.146892690191618880e-02 5.755400000000000099e-02 9.960301404176937767e-01 1.406762238942902733e-02 -8.789801692767418295e-02 5.970919999999999700e-02
-8.890757160606935217e-02 3.648830003322097587e-02 -9.953713114570850173e-01 -6.084897999999999918e+00 -1.161778846977574303e-02 9.992228024801611541e-01 3.766720051668805136e-02 5.968230000000000063e-02 9.959721234563663206e-01 1.491291267252929480e-02 -8.841455951051457873e-02 4.457210000000000338e-02
-9.006568634281904295e-02 3.430130786784497260e-02 -9.953449615194482902e-01 -6.241413599999999562e+00 -1.016522669815774459e-02 9.993230031315410988e-01 3.535821797450940107e-02 6.249620000000000175e-02 9.958839492178652719e-01 1.330246934644748781e-02 -8.965603158468937739e-02 3.045130000000000059e-02
-8.889794551787082166e-02 2.555204437775748100e-02 -9.957129346909270318e-01 -6.467665199999999892e+00 -1.096124094668193653e-02 9.995852599865141519e-01 2.663004345850410182e-02 6.485449999999999549e-02 9.959804247471986116e-01 1.328160554338766487e-02 -8.858099386764295424e-02 9.256800000000000792e-03
-8.264135905462957621e-02 2.573473843166105071e-02 -9.962470220841104229e-01 -6.611054400000000442e+00 -1.344664061189144652e-02 9.995467330364846692e-01 2.693541038011313879e-02 6.560839999999999728e-02 9.964886319621808486e-01 1.562215458713883329e-02 -8.225785467781854265e-02 -3.583699999999999993e-03
-6.107011751188892029e-02 2.986022191355754141e-02 -9.976867283342786275e-01 -6.814804999999999779e+00 -1.290659151436610030e-02 9.994452224140255581e-01 3.070288731146140343e-02 6.740160000000000595e-02 9.980500291280817171e-01 1.475176399798012496e-02 -6.065084349275384756e-02 -1.714500000000000052e-02
-1.621016420849974785e-02 3.420334712006426608e-02 -9.992834240705275040e-01 -7.003489000000000075e+00 -1.925839633844494275e-02 9.992186597551750982e-01 3.451353600463210464e-02 6.923769999999999925e-02 9.996831221676221180e-01 1.980406632123962729e-02 -1.553879693988879929e-02 -2.247309999999999933e-02
6.123723623912117470e-02 3.477218853264234244e-02 -9.975173661658448543e-01 -7.173057100000000297e+00 -1.815469778093774245e-02 9.992664607786574393e-01 3.371864931130284793e-02 7.137659999999999838e-02 9.979581192847105653e-01 1.604478942043759820e-02 6.182359489852506940e-02 -1.371350000000000000e-02
1.736661769773435171e-01 3.444685266085178998e-02 -9.842019474253418387e-01 -7.319811299999999576e+00 -1.639407734785401291e-02 9.993507064976695498e-01 3.208425860950254310e-02 7.323029999999999817e-02 9.846681132249517354e-01 1.056313231813488414e-02 1.741181410239697191e-01 1.226219999999999914e-02
3.175408951905554500e-01 2.902590925360897661e-02 -9.478002302561346903e-01 -7.453495499999999829e+00 -4.948833175167538165e-03 9.995685151433009175e-01 2.895328279178278202e-02 7.397499999999999909e-02 9.482316641685116787e-01 -4.503346113485018343e-03 3.175475254855517626e-01 5.821019999999999667e-02
4.199323504575646071e-01 1.911928765541186584e-02 -9.073539959016739820e-01 -7.534391900000000142e+00 5.225810391292232127e-03 9.997105560071625208e-01 2.348393309486529815e-02 7.470509999999999651e-02 9.075403638103044512e-01 -1.460332316287847251e-02 4.197108897892227741e-01 1.028691000000000050e-01
5.185992505225847093e-01 1.687947307031200522e-02 -8.548508061330247765e-01 -7.611626600000000131e+00 6.676953165293660931e-03 9.996946782158299127e-01 2.379009548902425580e-02 7.660450000000000592e-02 8.549913658358440083e-01 -1.804532448633244107e-02 5.183282074230005643e-01 1.545218999999999898e-01
6.060229609622186375e-01 5.836003721360824570e-03 -7.954257425097263079e-01 -7.679725600000000263e+00 2.477660086631009936e-02 9.993493898193620550e-01 2.620910370806972881e-02 7.737549999999999983e-02 7.950611868504818824e-01 -3.559126477428212199e-02 6.054840799192577894e-01 2.170617999999999992e-01
6.888333325280735497e-01 -3.531263761487539454e-03 -7.249111463996917859e-01 -7.742942799999999792e+00 2.297172430446940347e-02 9.995922606976375135e-01 1.695913428998428035e-02 7.780349999999999766e-02 7.245556844582394795e-01 -2.833447599009157603e-02 6.886335873231996807e-01 2.838165000000000271e-01
7.290538347290470567e-01 -1.058627848721514775e-02 -6.843744857712498186e-01 -7.772232500000000321e+00 1.971297924201034432e-02 9.997903611506149257e-01 5.534636368098004230e-03 7.879640000000000255e-02 6.841724230895861458e-01 -1.752610789976284666e-02 7.291096838100632471e-01 3.196515999999999802e-01
7.679788636507060007e-01 -1.306579849957336531e-02 -6.403419007806212537e-01 -7.800852800000000364e+00 1.506629174992877435e-02 9.998837760707102174e-01 -2.332638738416495210e-03 7.899810000000000165e-02 6.402979555165519976e-01 -7.856160649228068060e-03 7.680864592617012709e-01 3.581629000000000063e-01
8.046012138427340865e-01 -1.429053778480890956e-02 -5.936435523212728604e-01 -7.828107799999999727e+00 1.376631836360737819e-02 9.998905953977000882e-01 -5.411627661312969247e-03 7.935680000000000511e-02 5.936559400540946108e-01 -3.818083950600123684e-03 8.047099148596564833e-01 4.006519000000000053e-01
8.381616484607116169e-01 -1.568852432988059736e-02 -5.451962227069929723e-01 -7.853468399999999683e+00 1.429074630638342558e-02 9.998747436044569392e-01 -6.802328419602085563e-03 7.893669999999999853e-02 5.452346518881837634e-01 -2.089810104359324239e-03 8.382808640748629081e-01 4.466864999999999863e-01
8.684319671392319862e-01 -1.431710407742775235e-02 -4.956015929973590639e-01 -7.877582999999999558e+00 1.136668210873952034e-02 9.998951838291284533e-01 -8.967713931228412511e-03 7.847629999999999884e-02 4.956780376297932333e-01 2.154503689852695254e-03 8.685036793965398294e-01 4.948866000000000098e-01
8.942067406569510490e-01 -1.237127702384198391e-02 -4.474832471372215958e-01 -7.901116400000000262e+00 1.031883787345841755e-02 9.999220892110916026e-01 -7.024036778593964470e-03 7.717169999999999586e-02 4.475352796692275148e-01 1.663433955743344028e-03 8.942647295062359225e-01 5.470563000000000509e-01
9.324297485362935678e-01 -1.802874313645017393e-03 -3.613468052837242594e-01 -7.943578200000000145e+00 -1.006287711886388186e-03 9.999707208830085348e-01 -7.585826372739536659e-03 7.599309999999999399e-02 3.613499016598529789e-01 7.436869027059925079e-03 9.324006336063318523e-01 6.575628000000000029e-01
9.555472288498667588e-01 3.958668922000168310e-03 -2.948115031298920719e-01 -7.980649900000000407e+00 -5.370269123999280893e-03 9.999776648453955197e-01 -3.978695751844342834e-03 7.411840000000000095e-02 2.947891681301675892e-01 5.385048812769875626e-03 9.555471456722623991e-01 7.797269999999999479e-01
9.627089004663270666e-01 3.250125842049415414e-03 -2.705198877068493157e-01 -7.997340200000000010e+00 -4.044494019956026455e-03 9.999889910340946653e-01 -2.379049964958914690e-03 7.312659999999999993e-02 2.705091773508582209e-01 3.384448644029578335e-03 9.627114471513974481e-01 8.437033000000000449e-01
9.684978652492614026e-01 3.810551077804864677e-03 -2.489927001100775694e-01 -8.014595999999999165e+00 -4.030556118239522582e-03 9.999918074244215083e-01 -3.737665267456435078e-04 7.277229999999999810e-02 2.489892359621220796e-01 1.365571134080438478e-03 9.685052893972632138e-01 9.114172999999999858e-01
9.729674621376627197e-01 5.774657898859460702e-03 -2.308700304230651978e-01 -8.030451799999999807e+00 -5.392694389601097003e-03 9.999828476280898659e-01 2.285453311018492868e-03 7.226539999999999353e-02 2.308792681654553980e-01 -9.786601900662829281e-04 9.729819144031486289e-01 9.805713999999999819e-01
9.764410975322361796e-01 1.105396278670883227e-02 -2.155007957218540993e-01 -8.046411499999999606e+00 -1.047091106583634794e-02 9.999377780931424375e-01 3.847072081572623647e-03 7.169200000000000572e-02 2.155299122430424652e-01 -1.499949618995895977e-03 9.764960865664782386e-01 1.051169299999999973e+00
9.818415831111918513e-01 1.330141139520861493e-02 -1.892357739134014893e-01 -8.075298300000000040e+00 -1.262802954488616292e-02 9.999089155439579990e-01 4.763767995969372428e-03 7.086729999999999419e-02 1.892819023137765899e-01 -2.287590566809165511e-03 9.819201232207620533e-01 1.198389600000000055e+00
9.844294212268239752e-01 1.338941385308841693e-02 -1.752696157914748198e-01 -8.088807100000000361e+00 -1.280080191608332606e-02 9.999079922316146396e-01 4.488489907153339446e-03 7.015630000000000477e-02 1.753135878742023701e-01 -2.175009887826703965e-03 9.845102413071498137e-01 1.274411799999999984e+00
9.890486272168358406e-01 1.531651775442473100e-02 -1.467931104799227171e-01 -8.113090500000000205e+00 -1.462947345875896359e-02 9.998763992623304064e-01 5.758880491579255675e-03 6.934669999999999723e-02 1.468631727384774877e-01 -3.548306930807577919e-03 9.891504526668897235e-01 1.432773400000000086e+00
9.908559515633438286e-01 1.595150138196383197e-02 -1.339777326840602412e-01 -8.124187499999999673e+00 -1.571704219381563419e-02 9.998725381222899333e-01 2.807506646033340082e-03 6.826329999999999898e-02 1.340054395768250639e-01 -6.761009916486499221e-04 9.909803656234924540e-01 1.513576000000000032e+00
9.934150164494200963e-01 1.450889223851045511e-02 -1.136490085254135141e-01 -8.143909499999999468e+00 -1.560665631455776352e-02 9.998396990994808942e-01 -8.775442059441666484e-03 6.668200000000000516e-02 1.135034685438180702e-01 1.049133693437754970e-02 9.934822064223655103e-01 1.681082799999999988e+00
9.949635739523049471e-01 1.636465292168247029e-02 -9.889228808561871531e-02 -8.161852800000000130e+00 -1.671316990582922060e-02 9.998566884817832179e-01 -2.696748030724978665e-03 6.431539999999999480e-02 9.883398433613317657e-02 4.335969671850121825e-03 9.950944894366814397e-01 1.853620499999999893e+00
9.957354316259809934e-01 2.154005910998236725e-02 -8.970493887272769362e-02 -8.179716100000000267e+00 -2.080196590865472997e-02 9.997416995429042608e-01 9.154911763668817370e-03 6.125830000000000164e-02 8.987896538654922829e-02 -7.249830936226102363e-03 9.959263082841218750e-01 2.029046099999999964e+00
9.963368955458155041e-01 2.002598977819884662e-02 -8.313693708292528572e-02 -8.195388799999999918e+00 -1.948756681096782545e-02 9.997835740000982074e-01 7.282849674288531354e-03 5.959740000000000176e-02 8.326479036132179712e-02 -5.636035219344752607e-03 9.965115201507163123e-01 2.202448400000000195e+00
9.968434797254209778e-01 1.709917659856309557e-02 -7.752867268672451739e-02 -8.209878899999999646e+00 -1.621996216720716921e-02 9.997969615272241928e-01 1.195610924274275767e-02 5.777120000000000172e-02 7.771737100679924903e-02 -1.066085740366049840e-02 9.969184301452201913e-01 2.375456300000000187e+00
9.973013906745170631e-01 1.416220702296985996e-02 -7.203726848592230392e-02 -8.222938499999999706e+00 -1.347121224483831432e-02 9.998585605624525918e-01 1.006902729337960309e-02 5.606930000000000247e-02 7.216967922423399295e-02 -9.071425589114886362e-03 9.973511150234165568e-01 2.548052300000000159e+00
9.974780264324651924e-01 1.732007928067046121e-02 -6.883023781816825781e-02 -8.236298599999999581e+00 -1.769489299934264709e-02 9.998317209587781473e-01 -4.839475834192190351e-03 5.404609999999999970e-02 6.873483502661605071e-02 6.045214497369428772e-03 9.976166487361488588e-01 2.716282800000000108e+00
9.976946354914568715e-01 1.973933953606054822e-02 -6.492898263679393323e-02 -8.249632800000000543e+00 -2.025367762148073611e-02 9.997684204567242050e-01 -7.272826154384959274e-03 5.046910000000000285e-02 6.477038562780139397e-02 8.571110321708180768e-03 9.978633840428653423e-01 2.884644499999999834e+00
9.978135295555121687e-01 2.643922789089132863e-02 -6.057332304327110034e-02 -8.262257599999999869e+00 -2.638267054777043708e-02 9.996504138561018715e-01 1.733427844452596015e-03 4.670309999999999739e-02 6.059797794265720655e-02 -1.315517298687549942e-04 9.981622452103683374e-01 3.052519999999999900e+00
9.981712277211085560e-01 2.102859574564955314e-02 -5.667449435769928573e-02 -8.272594500000000295e+00 -2.086019366406116626e-02 9.997760592425226633e-01 3.561416261778176801e-03 4.401370000000000282e-02 5.673669421135409813e-02 -2.372662314330694494e-03 9.983863570800182163e-01 3.217416300000000007e+00
9.983104281454097118e-01 1.873496698703439739e-02 -5.500263691972923780e-02 -8.281968100000000277e+00 -1.865082152497888474e-02 9.998239714159740110e-01 2.042801613722223120e-03 4.115599999999999814e-02 5.503122670422871260e-02 -1.013505789018081821e-03 9.984841194998764768e-01 3.382081700000000080e+00
9.984326793830157198e-01 1.557156845443984777e-02 -5.375603218170788011e-02 -8.291144400000000303e+00 -1.555022847221723681e-02 9.998787555368421343e-01 8.152426373288473426e-04 3.908350000000000019e-02 5.376220916697865837e-02 2.195369144990277129e-05 9.985537663959420662e-01 3.547917099999999824e+00
9.984099860737615240e-01 1.838962991824369744e-02 -5.328528145427507967e-02 -8.301515600000000106e+00 -1.838774285745828005e-02 9.998307929595543486e-01 5.257018895836611293e-04 3.722679999999999739e-02 5.328593267269765565e-02 4.549300372103272502e-04 9.985791918610471551e-01 3.715108400000000088e+00
9.982646747735440806e-01 1.516834305771731610e-02 -5.689956474485238780e-02 -8.312185299999999444e+00 -1.512530397745253351e-02 9.998849014655118994e-01 1.187013434302637473e-03 3.445020000000000027e-02 5.691102071532286311e-02 -3.243303669953162506e-04 9.983792017720287681e-01 3.884616900000000150e+00
9.977884128045882983e-01 2.062752414458117120e-02 -6.318851573320251325e-02 -8.324078599999999994e+00 -2.061085771687446930e-02 9.997871544116304632e-01 9.156514998853637535e-04 3.186019999999999824e-02 6.319395395981498853e-02 3.887430503647629123e-04 9.980011889079920540e-01 4.056804699999999819e+00
9.974698513563743374e-01 2.202975578458687966e-02 -6.759131227579384671e-02 -8.339069399999999632e+00 -2.260597488157932433e-02 9.997142423461276017e-01 -7.771972076720482653e-03 2.949359999999999829e-02 6.740078289416098767e-02 9.280275339631851444e-03 9.976828208177560553e-01 4.229024899999999754e+00
9.971814588004660473e-01 2.153381739710921727e-02 -7.187094637530756780e-02 -8.352619199999999466e+00 -2.215056476339306857e-02 9.997242551604426097e-01 -7.795262956506599471e-03 2.609459999999999905e-02 7.168326656366259819e-02 9.365273738995085959e-03 9.973834773759572281e-01 4.405738399999999722e+00
9.969064018602968869e-01 1.955041472448142831e-02 -7.612757197006259080e-02 -8.366609600000000313e+00 -2.000437997849888183e-02 9.997863426771707029e-01 -5.205168381780533871e-03 2.239959999999999868e-02 7.600954355626740599e-02 6.711950559087468543e-03 9.970844994322498600e-01 4.584858900000000403e+00
9.967591959050821071e-01 1.890524949248946138e-02 -7.819013313891332029e-02 -8.381286599999999254e+00 -1.872260121134285485e-02 9.998200082397368238e-01 3.068440544272108255e-03 1.975179999999999991e-02 7.823406919325676112e-02 -1.594573648169541214e-03 9.969337429099014436e-01 4.766866699999999568e+00
9.968978036462469161e-01 2.195619853951202849e-02 -7.558236851926726507e-02 -8.396573099999999457e+00 -2.162905812855422938e-02 9.997528299610946023e-01 5.144203461591364060e-03 1.802199999999999983e-02 7.567663397483014032e-02 -3.493469690172813346e-03 9.971262922718282518e-01 4.949434300000000064e+00
9.971938923511960429e-01 2.004911235823510912e-02 -7.212748540686968191e-02 -8.410712200000000749e+00 -1.997237566606208103e-02 9.997989387138149775e-01 1.785036969616477648e-03 1.556869999999999955e-02 7.214877176865193420e-02 -3.394707293282265290e-04 9.973938236684137815e-01 5.132145900000000260e+00
9.975206995365647478e-01 1.534933270527054708e-02 -6.867934173814931043e-02 -8.423322699999999941e+00 -1.538639909002367107e-02 9.998816222974757917e-01 -1.071497019243137713e-05 1.336550000000000064e-02 6.867104716782106155e-02 1.067416165785152818e-03 9.976387862867021061e-01 5.315469300000000175e+00
9.977188524056729291e-01 1.040109330570715591e-02 -6.670014102198813799e-02 -8.436685600000000562e+00 -1.007035880576102015e-02 9.999352847499446417e-01 5.292842862796987360e-03 9.807200000000000292e-03 6.675087585815157876e-02 -4.609074754547085734e-03 9.977590275222152361e-01 5.497195200000000170e+00
9.978477748138877557e-01 1.135025204389109900e-02 -6.458320275050537240e-02 -8.450156200000000339e+00 -1.123597681249685447e-02 9.999346007730330887e-01 2.132370029760490698e-03 7.429500000000000340e-03 6.460318199625907087e-02 -1.402125320694867306e-03 9.979100475095654676e-01 5.677604200000000212e+00
9.978949811417753279e-01 1.528325393518339438e-02 -6.302403320328303638e-02 -8.463064199999999815e+00 -1.588517367316356205e-02 9.998327692048175619e-01 -9.060622583430504376e-03 3.976099999999999773e-03 6.287501784834143015e-02 1.004269751504250664e-02 9.979708795136219557e-01 5.854602299999999815e+00
9.979214835790386484e-01 2.007085635530052314e-02 -6.123620935831484979e-02 -8.475892099999999374e+00 -2.107316040270976187e-02 9.996536162271417725e-01 -1.576608621820915074e-02 -1.109500000000000026e-03 6.089855927731081808e-02 1.702375661137199570e-02 9.979987761459353512e-01 6.031816499999999692e+00
9.979778962289567179e-01 1.631753842402003385e-02 -6.143172289791469509e-02 -8.487579300000000160e+00 -1.638671059448616046e-02 9.998655351715327599e-01 -6.223279175605832790e-04 -5.979700000000000119e-03 6.141330763212564381e-02 1.627733370380455603e-03 9.981110940820950850e-01 6.209273800000000065e+00
9.978923163294508569e-01 1.503391354006965337e-02 -6.312611546984948918e-02 -8.492965699999999174e+00 -1.461268744295921539e-02 9.998678133089483611e-01 7.129184699275997565e-03 -7.897599999999999412e-03 6.322495058390668887e-02 -6.191716438251942435e-03 9.979800941257349622e-01 6.297472499999999584e+00
9.976849697554674989e-01 8.123942574134016686e-03 -6.751816556367820632e-02 -8.504811300000000074e+00 -8.061881030924530206e-03 9.999667925195333540e-01 1.191609180845995888e-03 -1.020680000000000025e-02 6.752560402007010132e-02 -6.445271513520356042e-04 9.977173334098571322e-01 6.470479000000000092e+00
9.973007648079843523e-01 8.936776455565974275e-03 -7.287879348612216757e-02 -8.517877600000000271e+00 -9.150985548061704028e-03 9.999547334170474366e-01 -2.605874198942300778e-03 -1.355589999999999920e-02 7.285220639698405942e-02 3.265753117550227510e-03 9.973374007223766435e-01 6.639902600000000099e+00
9.970430561657287472e-01 1.041059065951725413e-02 -7.613648109693116339e-02 -8.525282900000000552e+00 -1.090472291237021274e-02 9.999220741148625580e-01 -6.077229305825986028e-03 -1.530409999999999930e-02 7.606728054760347746e-02 6.889506509985618074e-03 9.970788853095531312e-01 6.723950399999999661e+00
9.964061779254284046e-01 1.339523182808827900e-02 -8.363788828223221727e-02 -8.540171600000000751e+00 -1.455095504269525095e-02 9.998066803762963861e-01 -1.322390193081698223e-02 -1.972430000000000017e-02 8.344458220510693469e-02 1.439338873240677066e-02 9.964084664741729158e-01 6.890545799999999943e+00
9.960941129433040775e-01 1.803170909068894934e-02 -8.643711949712933051e-02 -8.549137099999999378e+00 -1.923613962497416896e-02 9.997288617103486930e-01 -1.312150889414177325e-02 -2.232100000000000056e-02 8.617707985317644981e-02 1.473297426181518176e-02 9.961708941629342506e-01 6.973172700000000113e+00
9.952756549075522097e-01 2.453070729425271129e-02 -9.393942275736442971e-02 -8.566575099999999665e+00 -2.513666861495444244e-02 9.996701197039884468e-01 -5.272538473576654679e-03 -2.677210000000000006e-02 9.377909489478507277e-02 7.608953322046249808e-03 9.955639533400442165e-01 7.136710599999999793e+00
9.948556336940932443e-01 2.498911602023141248e-02 -9.817235959093324749e-02 -8.575232500000000258e+00 -2.506957506762284155e-02 9.996856230519616249e-01 4.140883241537952333e-04 -2.879050000000000012e-02 9.815184416531823330e-02 2.049181236199214880e-03 9.951693405361764500e-01 7.217862600000000128e+00
9.943790510362839896e-01 2.416871581919491016e-02 -1.030833450942982982e-01 -8.584213300000000046e+00 -2.388596494260921202e-02 9.997067804955469539e-01 3.976645569916750951e-03 -3.029859999999999845e-02 1.031492294636253554e-01 -1.492047881032164793e-03 9.946647728024659019e-01 7.298286000000000051e+00
9.936801780014555829e-01 2.379796066377361935e-02 -1.096966768650774887e-01 -8.593443900000000468e+00 -2.341159733906769680e-02 9.997143449041765439e-01 4.808919093378207985e-03 -3.113770000000000079e-02 1.097797839177555440e-01 -2.210353152503638161e-03 9.939534764675418410e-01 7.378436100000000053e+00
9.922843050062066794e-01 2.236131309317815341e-02 -1.219501115829675769e-01 -8.613989800000000585e+00 -2.151713746317724524e-02 9.997345635148908727e-01 8.235005105126029512e-03 -3.343489999999999657e-02 1.221018871014699775e-01 -5.547449002882029120e-03 9.925020679957399228e-01 7.536454199999999659e+00
9.914367967959674122e-01 2.654752322058629224e-02 -1.278604980821049231e-01 -8.625704799999999395e+00 -2.582418914851168298e-02 9.996397585047869239e-01 7.311940324783921391e-03 -3.422179999999999667e-02 1.280085513306568612e-01 -3.947433006871843564e-03 9.917652083829533449e-01 7.614730800000000244e+00
9.897719106460526328e-01 2.781027506878702704e-02 -1.399219550201493967e-01 -8.648877099999999984e+00 -2.794779322213216538e-02 9.996089014037085052e-01 9.823891712690696349e-04 -3.660519999999999746e-02 1.398945522530282426e-01 2.938168659094632720e-03 9.901620480582233874e-01 7.768193700000000312e+00
9.882107998394143999e-01 3.083687053429706726e-02 -1.499616700907135669e-01 -8.673570599999999686e+00 -3.050629453175063288e-02 9.995244230530456742e-01 4.504854539083493967e-03 -3.849690000000000056e-02 1.500292673936891863e-01 1.230289690326126853e-04 9.886815482192361504e-01 7.921066299999999671e+00
9.872552838694694799e-01 3.162081292655660736e-02 -1.559715636315702203e-01 -8.686521499999999563e+00 -3.061402099146347255e-02 9.994920694313542686e-01 8.853522607585803672e-03 -3.960539999999999894e-02 1.561722964886778087e-01 -3.965770252108617375e-03 9.877218669624359126e-01 7.996897699999999887e+00
9.851501070426867956e-01 2.822803727432823123e-02 -1.693589221311408710e-01 -8.713034600000000296e+00 -2.742563652419247738e-02 9.995988035430921625e-01 7.075762606344107065e-03 -4.134129999999999749e-02 1.694907108222322989e-01 -2.325912048550851131e-03 9.855290402002960803e-01 8.146511999999999531e+00
9.821072551139863327e-01 2.403204984539670033e-02 -1.867827616047580686e-01 -8.741559999999999775e+00 -2.478321261561242453e-02 9.996914252652611133e-01 -1.687193990106306430e-03 -4.325260000000000216e-02 1.866845784335729730e-01 6.286082352250086866e-03 9.823997930291618053e-01 8.292783699999999314e+00
9.775879845187352979e-01 2.342576056097109283e-02 -2.092198993086864245e-01 -8.772712699999999586e+00 -2.240751885999248127e-02 9.997227322609089084e-01 7.236138426128222584e-03 -4.517029999999999657e-02 2.093314014263887579e-01 -2.385863140052144147e-03 9.778418440800848987e-01 8.438470799999999272e+00
9.723094262573597213e-01 2.648662540991464712e-02 -2.321913828837731397e-01 -8.807915700000000570e+00 -2.284952992756715193e-02 9.995706755221397399e-01 1.834021860018247504e-02 -4.642600000000000199e-02 2.325774679395518907e-01 -1.252690347245200182e-02 9.724971969605972211e-01 8.581906299999999987e+00
9.630764591233417216e-01 2.668713863818525378e-02 -2.679020912829024326e-01 -8.867134099999999464e+00 -2.769292737712011898e-02 9.996164770476441142e-01 2.425164670048426951e-05 -4.795850000000000113e-02 2.677999918889689690e-01 7.395636968043810613e-03 9.634461421886045818e-01 8.791216900000000223e+00
9.561788406633003889e-01 2.712509017640703929e-02 -2.915240198520676063e-01 -8.910489999999999355e+00 -2.457731510773893818e-02 9.996210428120516633e-01 1.239864304838643114e-02 -4.919389999999999874e-02 2.917498590400376401e-01 -4.690442438425219268e-03 9.564831517072582834e-01 8.932059300000000590e+00
9.446456519136547936e-01 2.299094020540079150e-02 -3.272858215521988745e-01 -8.982393300000000025e+00 -2.047406020345832536e-02 9.997283878132844359e-01 1.113388786706262859e-02 -4.973169999999999674e-02 3.274529052847313659e-01 -3.816709148316868062e-03 9.448597925363667605e-01 9.140211100000000144e+00
9.361227175953646951e-01 1.531594402985073794e-02 -3.513398347189561899e-01 -9.059909799999999791e+00 -1.766187560630042702e-02 9.998379849167733369e-01 -3.473048751996106725e-03 -5.221390000000000059e-02 3.512297193460948708e-01 9.456520292404142075e-03 9.362415598936114636e-01 9.346237199999999135e+00
