9.999999973934000641e-01 6.001082992165286358e-07 7.219999900573930264e-05 2.500000000000000205e-06 -5.998916992168114527e-07 9.999999999953200769e-01 -3.000021656083322066e-06 1.199999999999999946e-06 -7.220000080573931171e-05 2.999978336083378376e-06 9.999999973890800753e-01 -1.489999999999999964e-05
9.991038029634724538e-01 2.008713487605312108e-03 -4.227949827104578173e-02 -4.692299999999999943e-03 -2.148348985384443324e-03 9.999923866176546605e-01 -3.257499557016374503e-03 -5.609000000000000270e-04 4.227263299776402861e-02 3.345411312780051383e-03 9.991005118218009295e-01 4.786800000000000083e-02
9.984439416909280940e-01 1.805495629659234751e-03 -5.573540603793777914e-02 -6.703100000000000031e-03 -2.038599769949523289e-03 9.999894110390762370e-01 -4.125763044509530783e-03 -6.591999999999999769e-04 5.572736681075529663e-02 4.232965302569842436e-03 9.984370498900202451e-01 5.958249999999999658e-02
9.958580520050809293e-01 2.548525434286021043e-04 -9.092125882777171708e-02 -1.155589999999999916e-02 -6.438133857011225404e-04 9.999907670116663372e-01 -4.248693416055965288e-03 -7.198000000000000405e-04 9.091933656252634832e-02 4.289631872358421957e-03 9.958490213367835464e-01 8.695890000000000564e-02
9.875703324026905428e-01 2.389537125265645684e-03 -1.571595643617224591e-01 -2.422209999999999988e-02 -3.366066314104118606e-03 9.999766466569695034e-01 -5.947750688417494797e-03 -2.073699999999999936e-03 1.571416817894235596e-01 6.402831639946069547e-03 9.875553126743747967e-01 1.335502000000000078e-01
9.710802437679189048e-01 1.017179775453679220e-02 -2.385365688821736441e-01 -4.458240000000000119e-02 -1.249306697076035637e-02 9.998881594745346879e-01 -8.221424468516629752e-03 -3.758399999999999849e-03 2.384262641600192467e-01 1.096371620702704663e-02 9.710987145937474141e-01 1.846999000000000002e-01
9.535357495782187387e-01 1.396959598936755968e-02 -3.009558516862537170e-01 -6.180829999999999658e-02 -1.677103595923291543e-02 9.998367279870785662e-01 -6.726791281633722613e-03 -4.348099999999999708e-03 3.008127434620392338e-01 1.146157737776056645e-02 9.536143484736662179e-01 2.206668999999999992e-01
8.997784496534207976e-01 2.216134823651419103e-02 -4.357839099641316327e-01 -1.048559000000000019e-01 -2.639377762836962391e-02 9.996449225380699133e-01 -3.660238566066901372e-03 -5.113000000000000357e-03 4.355480570979402000e-01 1.479538739595208027e-02 9.000438803025178069e-01 2.906873999999999847e-01
8.350841271017164225e-01 1.424678690793621839e-02 -5.499377507732708947e-01 -1.463685999999999876e-01 -1.830228027760212595e-02 9.998307122488270249e-01 -1.890338764180952112e-03 -5.675600000000000263e-03 5.498177217946002004e-01 1.164370674669909511e-02 8.352035062748435212e-01 3.438705000000000234e-01
6.983252854290874501e-01 1.808571006406058806e-02 -7.155520266352839442e-01 -2.250697999999999865e-01 -1.951258390607658877e-02 9.997902193934147252e-01 6.227059866094099283e-03 -7.093900000000000206e-03 7.155145384963828015e-01 9.613755600509952398e-03 6.985316892622424056e-01 4.082873000000000197e-01
6.109301083098751528e-01 1.388690126747554182e-02 -7.915627307634383047e-01 -2.732010000000000272e-01 -1.109092163844637227e-02 9.998981535997202297e-01 8.981864231885867272e-03 -7.359300000000000043e-03 7.916068432105005659e-01 3.291868930801294425e-03 6.110219058112796864e-01 4.383634000000000142e-01
5.628183618084251494e-01 1.434401036424000353e-02 -8.264561337287970044e-01 -3.002717999999999776e-01 -8.630325100490766205e-03 9.998968928182632165e-01 1.147698658370268840e-02 -6.885200000000000174e-03 8.265355461805259374e-01 6.731263278373722861e-04 5.628841246659975761e-01 4.523456000000000143e-01
5.113369540284143921e-01 1.494176367113127235e-02 -8.592504077062399492e-01 -3.294243000000000032e-01 -6.898783807472337604e-03 9.998879925453316719e-01 1.328191046666626386e-02 -6.542400000000000299e-03 8.593526204224439802e-01 -8.637488424554327915e-04 5.113827604749852096e-01 4.656877999999999851e-01
4.041064240864715718e-01 1.847567934364054143e-02 -9.145253672177912074e-01 -3.938729000000000258e-01 -3.957512373310747601e-03 9.998219491116494551e-01 1.845015366866873535e-02 -6.243499999999999918e-03 9.147034142867621620e-01 -3.836580166420655927e-03 4.041075903082825826e-01 4.866508999999999974e-01
3.488592460089839364e-01 2.075511004529889333e-02 -9.369452768871033843e-01 -4.295410000000000061e-01 -3.315278896669382469e-03 9.997758124867355267e-01 2.091252477165716356e-02 -6.224600000000000272e-03 9.371692672083740128e-01 -4.189292720186655813e-03 3.488498451004731216e-01 4.950722000000000178e-01
2.937503923787862514e-01 2.360951422206589850e-02 -9.555905492497859255e-01 -4.667991000000000223e-01 -8.818215131522911393e-04 9.997011963595824335e-01 2.442827026292563458e-02 -5.809299999999999881e-03 9.558817549091144228e-01 -6.333153670775968844e-03 2.936834380697255220e-01 5.023701000000000416e-01
1.889234886018461845e-01 2.613953277596811620e-02 -9.816438459445269160e-01 -5.482280000000000486e-01 6.618338271554120855e-03 9.995890569563371519e-01 2.789112424524439748e-02 -5.605399999999999966e-03 9.819695071910488071e-01 -1.176613952808934493e-02 1.886728515382489757e-01 5.132217999999999503e-01
1.413356159942998347e-01 2.711159205528758734e-02 -9.895904229668652796e-01 -5.914308000000000343e-01 5.002590446176489319e-03 9.995925962157299338e-01 2.810010105897651350e-02 -5.107900000000000287e-03 9.899490985602943383e-01 -8.922060688234312309e-03 1.411424071380952272e-01 5.152164000000000188e-01
9.910918333773433009e-02 2.728617097767309374e-02 -9.947023849632132819e-01 -6.368557000000000246e-01 2.398989853452274806e-03 9.996145118126781304e-01 2.765994615295171155e-02 -3.849099999999999831e-03 9.950736729638718359e-01 -5.127635603116279320e-03 9.900551867098750236e-02 5.153404999999999792e-01
6.108626967138405112e-02 2.606117211115979715e-02 -9.977922043019916698e-01 -6.838817999999999842e-01 1.762312652626463541e-03 9.996547033604633592e-01 2.621770972870171579e-02 -3.014699999999999932e-03 9.981309342524903316e-01 -3.359963912986990361e-03 6.101924885439091728e-02 5.152318000000000175e-01
-4.780525694794719033e-03 2.057144491135838582e-02 -9.997769562399105858e-01 -7.838190999999999908e-01 3.537766425119865873e-03 9.997824717862281441e-01 2.055464224308783255e-02 -1.557000000000000007e-03 9.999823152350257871e-01 -3.438715353003692424e-03 -4.852262762703007937e-03 5.112025999999999515e-01
-5.224610381383389818e-02 1.621815006809213672e-02 -9.985025369244903137e-01 -8.920086000000000404e-01 3.161160833212352077e-03 9.998657935342014635e-01 1.607488669970127959e-02 2.076000000000000046e-04 9.986292363527421445e-01 -2.316576912280659747e-03 -5.229036022967170627e-02 5.026144999999999641e-01
-6.837187380206175003e-02 1.541562526143525069e-02 -9.975407988501489021e-01 -9.487607999999999597e-01 3.212409149536988966e-03 9.998788324121359317e-01 1.523157646469017884e-02 1.328900000000000046e-03 9.976547335126767502e-01 -2.163097765412398503e-03 -6.841311064267108222e-02 4.972899000000000069e-01
-8.122908714380040751e-02 1.576028492432774916e-02 -9.965708448579502221e-01 -1.007165099999999924e+00 4.495352868208149673e-03 9.998705971590993169e-01 1.544605902152940136e-02 2.389099999999999904e-03 9.966853200506040622e-01 -3.225268331516708935e-03 -8.128942391119853283e-02 4.912162999999999946e-01
-9.091524347097823533e-02 1.682251647464843083e-02 -9.957165366930853523e-01 -1.067449000000000092e+00 3.665033103705442503e-03 9.998561928122569054e-01 1.655781469058066266e-02 2.766999999999999928e-03 9.958518896085706285e-01 -2.143976314945609217e-03 -9.096382428525895403e-02 4.844311000000000034e-01
-9.763837845889168643e-02 1.833748635853921227e-02 -9.950530054454228557e-01 -1.128933299999999917e+00 1.433782300293983888e-03 9.998317898472817156e-01 1.828486475466712530e-02 2.471399999999999899e-03 9.952209258854204377e-01 3.586151579238593817e-04 -9.764824665571270046e-02 4.773742000000000263e-01
-1.032465491587333112e-01 1.986654082366215088e-02 -9.944573749751745018e-01 -1.257490400000000008e+00 3.552505521814085937e-03 9.998015024575940268e-01 1.960447367452484643e-02 4.186800000000000070e-03 9.946494507067956681e-01 -1.508721060840122197e-03 -1.032966309684387740e-01 4.630980000000000096e-01
-1.010452434081697271e-01 2.458901692734368274e-02 -9.945779200400193254e-01 -1.393710999999999922e+00 5.201529221809018944e-03 9.996939186312279180e-01 2.418704499302121863e-02 5.702099999999999877e-03 9.948682339276588849e-01 -2.729340265810018332e-03 -1.011422158318425746e-01 4.494882000000000044e-01
-9.751447158760613576e-02 2.209808870085380045e-02 -9.949887448141103707e-01 -1.534431600000000007e+00 9.163945305760111404e-04 9.997550326618366290e-01 2.211413322728805753e-02 6.944900000000000378e-03 9.952336851473899682e-01 1.244645772544577741e-03 -9.751083429469054042e-02 4.342501000000000277e-01
-9.457768690762452524e-02 2.443872085147112336e-02 -9.952174687284922605e-01 -1.683097999999999983e+00 9.825359404253483642e-04 9.997004383451865150e-01 2.445543284359504715e-02 9.809599999999999917e-03 9.955169992332273399e-01 1.335101339107082688e-03 -9.457336698080065496e-02 4.201383000000000201e-01
-9.088808189026963136e-02 3.007006223097539316e-02 -9.954070262599784558e-01 -1.837769200000000103e+00 -7.511005783319858048e-04 9.995416717822452890e-01 3.026354603604003435e-02 1.165300000000000016e-02 9.958608298443257789e-01 3.498246443513137668e-03 -9.082383967654950041e-02 4.054211999999999816e-01
-8.759971229630519884e-02 2.637853110890913538e-02 -9.958064387731887512e-01 -1.997770499999999894e+00 -5.061555878265707256e-03 9.996246438995343153e-01 2.692493195572789183e-02 1.451210000000000000e-02 9.961428969067115391e-01 7.398946226706634363e-03 -8.743331480070137829e-02 3.907313000000000036e-01
-8.428884706136093030e-02 2.827908354995811030e-02 -9.960400010514846025e-01 -2.164197000000000148e+00 -3.301762793520455694e-03 9.995837904068509694e-01 2.865910533020811501e-02 1.722960000000000116e-02 9.964358928819868622e-01 5.704330762423203208e-03 -8.416039440871836419e-02 3.754926000000000097e-01
-8.204286014140015071e-02 3.194302448923141968e-02 -9.961167663915208026e-01 -2.334378200000000181e+00 -3.044618708882250446e-04 9.994853823687550598e-01 3.207612405127130417e-02 2.036730000000000138e-02 9.966287555568463796e-01 2.934896533735338250e-03 -8.199091400605584834e-02 3.612433999999999923e-01
-8.098361280793837935e-02 2.013843334147266337e-02 -9.965119657882310911e-01 -2.505840099999999904e+00 1.479659191871519897e-03 9.997971896296823369e-01 2.008457660158204094e-02 2.256249999999999922e-02 9.967143347345062132e-01 1.520234849253874337e-04 -8.099698650943876199e-02 3.464022999999999963e-01
-8.157876114364752407e-02 1.632887088796246972e-02 -9.965331272495620007e-01 -2.681741999999999848e+00 5.498763267820762357e-03 9.998579381632777263e-01 1.593320728552678062e-02 2.477520000000000069e-02 9.966517292077469170e-01 -4.179888443888229652e-03 -8.165696051044568637e-02 3.317304999999999837e-01
-8.191515826939835265e-02 3.103629907642558444e-02 -9.961559390905311284e-01 -2.861055900000000207e+00 3.535294100584682533e-03 9.995177631843723542e-01 3.085032859681512141e-02 2.596129999999999965e-02 9.966330360475322836e-01 -9.945946650580950871e-04 -8.198537820935170028e-02 3.162698999999999927e-01
-8.264562076100838428e-02 3.688328225292955564e-02 -9.958962420148383954e-01 -3.038812899999999928e+00 4.546691937081306922e-05 9.993150377309347743e-01 3.700612513597816705e-02 2.838490000000000110e-02 9.965789980236318124e-01 3.013113849685097878e-03 -8.259068859830398512e-02 3.001864000000000199e-01
-8.349429388329351887e-02 3.064503462645614545e-02 -9.960369394463608472e-01 -3.215832900000000105e+00 1.287982907929412224e-04 9.995273561803037499e-01 3.074162744899020666e-02 3.152610000000000134e-02 9.965082469803903109e-01 2.438462621309389969e-03 -8.345877784939081945e-02 2.844960000000000266e-01
-8.349899052905160324e-02 3.429226947632602052e-02 -9.959176466128071281e-01 -3.392759999999999998e+00 -2.411701814590518772e-03 9.993978355817888515e-01 3.461430237334219007e-02 3.391979999999999995e-02 9.965049434272700291e-01 5.292115701560257818e-03 -8.336600767947599522e-02 2.685164999999999913e-01
-8.299950523344017117e-02 2.755637699113823447e-02 -9.961685240049127366e-01 -3.568422099999999819e+00 -3.701335090771555245e-03 9.996021970954511726e-01 2.795975108066370285e-02 3.640970000000000317e-02 9.965427147140006880e-01 6.007799020366721629e-03 -8.286449240405036054e-02 2.524629999999999930e-01
-8.226323504399268849e-02 2.425411030842648114e-02 -9.963154612336614369e-01 -3.744066699999999859e+00 -5.334667506750582003e-03 9.996787826778982256e-01 2.477645628874098130e-02 3.796070000000000000e-02 9.965963583531144421e-01 7.353203164754341242e-03 -8.210742305375695604e-02 2.369971999999999912e-01
-8.060806914122904676e-02 3.731399910622400229e-02 -9.960471899764709036e-01 -4.008086200000000154e+00 -3.072819457070451871e-03 9.992849824465940278e-01 3.768397056169195403e-02 4.124409999999999882e-02 9.967411383954749571e-01 6.098305290072946611e-03 -8.043577377437216569e-02 2.145426000000000000e-01
-8.085844106494921579e-02 4.027461679734213595e-02 -9.959115762708926622e-01 -4.183822600000000058e+00 -2.915987332596025466e-03 9.991694721784556421e-01 4.064311607766556145e-02 4.465759999999999869e-02 9.967213299244793712e-01 6.190404546853465334e-03 -8.067384560763180001e-02 2.009232999999999991e-01
-8.066695424393373337e-02 2.698265909131458695e-02 -9.963758219674787586e-01 -4.531808899999999696e+00 -1.089009423325040110e-02 9.995499924761114263e-01 2.795028423104760004e-02 5.055670000000000303e-02 9.966816183418845121e-01 1.310529089212903245e-02 -8.033680980742674560e-02 1.693217999999999945e-01
-8.271168101640122283e-02 2.120952505301507834e-02 -9.963477976442097761e-01 -4.704494999999999649e+00 -5.214432414278170544e-03 9.997506066760670773e-01 2.171483698839906523e-02 5.215770000000000128e-02 9.965598765342896792e-01 6.991458922238239643e-03 -8.258045764041654913e-02 1.551739000000000035e-01
-8.694117068981620233e-02 2.964532143539355680e-02 -9.957722569724843931e-01 -4.963568200000000097e+00 1.844991076762364512e-03 9.995602098973297434e-01 2.959700657047344835e-02 5.344879999999999770e-02 9.962117389626615749e-01 7.360074715494005493e-04 -8.695763017694835284e-02 1.329868999999999912e-01
-9.136661371802244636e-02 2.862593890732157906e-02 -9.954057954017426768e-01 -5.218851100000000187e+00 7.621394067489524471e-04 9.995884606945414363e-01 2.867626875731556918e-02 5.612310000000000215e-02 9.958170319095905887e-01 1.861415588041894636e-03 -9.135082972136732149e-02 1.085385999999999990e-01
-9.399614383001499152e-02 2.339641323317571270e-02 -9.952976101613574267e-01 -5.386959599999999959e+00 -8.516231356042186160e-03 9.996683535276318366e-01 2.430343100971733492e-02 5.792749999999999982e-02 9.955361363348783632e-01 1.076061351300224359e-02 -9.376572107250225052e-02 9.049889999999999324e-02
-9.585144234960496501e-02 2.614716945866921508e-02 -9.950521727672374528e-01 -5.553800100000000128e+00 -1.023628052320896611e-02 9.995761813007159047e-01 2.725208867827606449e-02 5.860100000000000031e-02 9.953430160304288510e-01 1.279778518252613559e-02 -9.554316895451697711e-02 7.334359999999999491e-02
-9.758027209079613018e-02 2.544378151480332015e-02 -9.949023592699504093e-01 -5.717712399999999917e+00 -1.238488216949604551e-02 9.995646892145255702e-01 2.677772897608526534e-02 6.044340000000000129e-02 9.951505942279963435e-01 1.493472656917194455e-02 -9.722267610989820952e-02 5.645189999999999930e-02
-9.852304534655907664e-02 3.036031886371281727e-02 -9.946715340121751181e-01 -5.877712700000000012e+00 -9.684241317819582834e-03 9.994579173807600636e-01 3.146564563157758926e-02 6.159669999999999729e-02 9.950876468963617549e-01 1.273273039875836947e-02 -9.817562106171995318e-02 4.051110000000000128e-02
-9.927856845579062506e-02 3.636927856608235948e-02 -9.943948116427155925e-01 -6.037446499999999716e+00 -9.783846415597638457e-03 9.992478459197220442e-01 3.752357624362842592e-02 6.431539999999999480e-02 9.950115789249315279e-01 1.345429304638860561e-02 -9.884806423970582401e-02 2.354070000000000121e-02
-9.990794187838407392e-02 3.427738148498598453e-02 -9.944060861982687571e-01 -6.193575899999999912e+00 -8.656708848922473054e-03 9.993386615551377306e-01 3.531714757863489706e-02 6.671720000000000428e-02 9.949590265641751197e-01 1.213674749341147295e-02 -9.954513960385380500e-02 6.437700000000000193e-03
-9.860002825787521352e-02 2.570622438433731172e-02 -9.947950665616757115e-01 -6.417602099999999865e+00 -9.503417099497325424e-03 9.995963848264026730e-01 2.677223385187095170e-02 6.880189999999999917e-02 9.950817652288578286e-01 1.209369546037871931e-02 -9.831593481797562539e-02 -1.694899999999999879e-02
-8.663882139362293067e-02 2.748387187256366368e-02 -9.958606084259061797e-01 -6.627540100000000045e+00 -1.160208528380717377e-02 9.995237643476327927e-01 2.859433722619109802e-02 6.985829999999999818e-02 9.961722271999912115e-01 1.403143938555046627e-02 -8.627869067260152125e-02 -3.660650000000000015e-02
-5.912113354749536781e-02 3.215850922408743096e-02 -9.977326905802692547e-01 -6.823999399999999937e+00 -1.379279749659341470e-02 9.993592419477185240e-01 3.302823445022846222e-02 7.080949999999999744e-02 9.981555241069786089e-01 1.571419161667489406e-02 -5.863969539959468236e-02 -4.987840000000000329e-02
-3.603091879997310804e-03 3.519480787037290725e-02 -9.993739756606996316e-01 -7.004746899999999776e+00 -1.922421464400338176e-02 9.991933347427545131e-01 3.525775626688377323e-02 7.419749999999999956e-02 9.998087053532922486e-01 1.933921675304441090e-02 -2.923592850104572705e-03 -5.328070000000000028e-02
8.545344012166213032e-02 3.472656145453106857e-02 -9.957368003146805924e-01 -7.163978600000000085e+00 -1.620283794184290693e-02 9.993086886663590240e-01 3.346061563319292081e-02 7.650919999999999943e-02 9.962104083043922254e-01 1.327443729378295807e-02 8.595703403753263139e-02 -4.016419999999999713e-02
2.577464836682182292e-01 3.491105796000468220e-02 -9.655816734946774949e-01 -7.349266499999999702e+00 -1.152641700899410468e-02 9.993870164052360838e-01 3.305651451038389699e-02 7.715180000000000649e-02 9.661438256634483634e-01 2.609496647563169097e-03 2.579908887143936846e-01 4.531699999999999617e-03
3.589561367824511406e-01 2.490046199734016058e-02 -9.330222177732624411e-01 -7.432448400000000177e+00 1.218531768439359148e-03 9.996307121631216042e-01 2.714690554334987446e-02 7.726660000000000472e-02 9.333536345065290840e-01 -1.088146555245544586e-02 3.587932366431719755e-01 4.270469999999999822e-02
4.615030221946740396e-01 1.935175241969201015e-02 -8.869275450584839238e-01 -7.510706400000000116e+00 5.918790318483609439e-03 9.996726369910847732e-01 2.489150000415549235e-02 7.922350000000000225e-02 8.871188919340788903e-01 -1.673704064576508888e-02 4.612374042118375650e-01 8.974490000000000245e-02
5.545849497612231893e-01 1.446963911613329337e-02 -8.320012999041469515e-01 -7.584372499999999739e+00 1.450807287498280182e-02 9.995286933975423560e-01 2.705377785921772929e-02 7.990300000000000180e-02 8.320006306005996999e-01 -2.707435352599534342e-02 5.541136436340056148e-01 1.454129000000000116e-01
6.405121965289368724e-01 2.819138238248350414e-03 -7.679428224531239522e-01 -7.649345399999999628e+00 2.619889449215777322e-02 9.993309478641356769e-01 2.552008166830269098e-02 8.036809999999999787e-02 7.675009733056143979e-01 -3.646517654642165290e-02 6.400098021705393769e-01 2.089581000000000077e-01
6.816370275895432540e-01 -1.639450700888854529e-03 -7.316886460922374935e-01 -7.680496200000000329e+00 2.297651463265454677e-02 9.995522880783187514e-01 1.916515517112107880e-02 8.048869999999999636e-02 7.313296400353451743e-01 -2.987533428762082638e-02 6.813695194290504409e-01 2.421236999999999973e-01
7.221169240444222925e-01 -8.571725932081403904e-03 -6.917179147045183774e-01 -7.709544199999999847e+00 1.940680307947191194e-02 9.997806919165347361e-01 7.870455204726635109e-03 8.138389999999999513e-02 6.914987519893703860e-01 -1.910742226048015024e-02 7.221249077629873225e-01 2.772943999999999964e-01
7.613571513322292539e-01 -1.115127588482505046e-02 -6.482367909656265859e-01 -7.737981300000000395e+00 1.458416701784524989e-02 9.998936428262349407e-01 -7.147081440554963611e-05 8.170739999999999947e-02 6.481686433233782019e-01 -9.399578810895533459e-03 7.614388076073540512e-01 3.154104999999999825e-01
7.985537808248195368e-01 -1.212198338462956541e-02 -6.018013930269758838e-01 -7.765621200000000002e+00 1.300877305510463218e-02 9.999112370955529627e-01 -2.879193227545712250e-03 8.177610000000000434e-02 6.017828769198960703e-01 -5.529507108551913463e-03 7.986405910027047916e-01 3.572059000000000206e-01
8.326888545173695144e-01 -1.353678962249824438e-02 -5.535756740403854348e-01 -7.791631200000000312e+00 1.315962409495746721e-02 9.999025669702508168e-01 -4.656271038338458297e-03 8.197010000000000407e-02 5.535847684467396501e-01 -3.407622781247724407e-03 8.327858621823202023e-01 4.026457999999999982e-01
8.634827941702224452e-01 -1.208262951937171675e-02 -5.042335512794470231e-01 -7.816008100000000347e+00 1.002812919452189880e-02 9.999266786434293230e-01 -6.787780342490222149e-03 8.155379999999999574e-02 5.042785944265760767e-01 8.046123399042888653e-04 8.635406486102082946e-01 4.497296000000000071e-01
9.110225760701867737e-01 -4.040532237139663266e-03 -4.123366828086986735e-01 -7.861145500000000119e+00 2.664344212974329926e-03 9.999887972946739367e-01 -3.912359271111762182e-03 7.956820000000000559e-02 4.123478715361042490e-01 2.465640767041927649e-03 9.110231355214050142e-01 5.537765999999999522e-01
9.287417057814768562e-01 1.171781846472702473e-04 -3.707274338532094982e-01 -7.882341900000000123e+00 -2.362616963132935927e-03 9.999815135704174240e-01 -5.602727773390927743e-03 7.925269999999999537e-02 3.707199239091396592e-01 6.079373873208681472e-03 9.287248135104991809e-01 6.093262000000000400e-01
9.424118978800950508e-01 5.401349033257920457e-03 -3.344108852335074267e-01 -7.902126799999999562e+00 -7.153850498173958475e-03 9.999663739681353691e-01 -4.009159022665187422e-03 7.851660000000000583e-02 3.343779854552134112e-01 6.170604641375528748e-03 9.424188487510598566e-01 6.674906999999999924e-01
9.526048700769063071e-01 6.314778097570744077e-03 -3.041448422764044257e-01 -7.920366300000000415e+00 -7.244037813751473369e-03 9.999719047854502829e-01 -1.927058875925346084e-03 7.738549999999999596e-02 3.041241283126240869e-01 4.038962408439164542e-03 9.526238509300246626e-01 7.284169000000000338e-01
9.600190592286264035e-01 5.655207160296916134e-03 -2.798775170494357534e-01 -7.937317799999999757e+00 -6.003284647945513440e-03 9.999819054454360812e-01 -3.864649411650260052e-04 7.658439999999999692e-02 2.798702672511298450e-01 2.051198110650081282e-03 9.600356379297031451e-01 7.914259000000000155e-01
9.659318128521539037e-01 6.002169391535974556e-03 -2.587270895804048010e-01 -7.954247999999999763e+00 -5.849976927725603591e-03 9.999819664779396877e-01 1.358119603596350065e-03 7.675479999999999803e-02 2.587305754836419780e-01 2.016965738510925277e-04 9.659495062519549702e-01 8.578312000000000159e-01
9.705296807036264406e-01 7.954451024312225380e-03 -2.408502970357701556e-01 -7.970259200000000099e+00 -7.180374562163477012e-03 9.999658507870381463e-01 4.091391071753133594e-03 7.615890000000000160e-02 2.408746169575863294e-01 -2.241421124377074997e-03 9.705536538166651406e-01 9.255427000000000515e-01
9.742401923670919173e-01 1.326101599264113001e-02 -2.251226177694609643e-01 -7.987061500000000258e+00 -1.236032077688747552e-02 9.999089736613530066e-01 5.409885561840593708e-03 7.594120000000000037e-02 2.251738662607726815e-01 -2.487940180688367163e-03 9.743154212609144160e-01 9.943014000000000019e-01
9.798955888291328575e-01 1.564238875825220768e-02 -1.988968342310726556e-01 -8.017314900000000577e+00 -1.463179485167532407e-02 9.998714966669288717e-01 6.549865071440093625e-03 7.512879999999999558e-02 1.989737308606982225e-01 -3.507966215813432612e-03 9.799985452032075051e-01 1.138698200000000105e+00
9.851901650233312324e-01 1.672613839377615902e-02 -1.706475169339818632e-01 -8.044128399999999957e+00 -1.581618639042179503e-02 9.998525317250228639e-01 6.690519495941350293e-03 7.464700000000000502e-02 1.707342583940458514e-01 -3.892441071407757268e-03 9.853094244515987477e-01 1.288829699999999967e+00
9.894776613139905086e-01 1.831033242096959460e-02 -1.435224354838968708e-01 -8.068439500000000209e+00 -1.782977221207373078e-02 9.998302988521582391e-01 4.633866643456721439e-03 7.292540000000000133e-02 1.435829272004903734e-01 -2.026135197208538651e-03 9.896362148752950727e-01 1.446304400000000046e+00
9.921990440944191691e-01 1.758160918292376446e-02 -1.234177617551860257e-01 -8.088825200000000493e+00 -1.857258239703152986e-02 9.998038194901625042e-01 -6.883437803013981761e-03 7.118480000000000640e-02 1.232725276824743338e-01 9.121926957689260179e-03 9.923309298653106847e-01 1.610469499999999998e+00
9.939090885249589613e-01 1.968188311079257721e-02 -1.084313018675804180e-01 -8.108919099999999602e+00 -1.992524221049217850e-02 9.998007982589544040e-01 -1.161259493252622763e-03 6.938220000000000498e-02 1.083868463898570583e-01 3.314706317390201957e-03 9.941032663922249046e-01 1.779447999999999919e+00
9.947666355905508961e-01 2.448048677235435677e-02 -9.919700843898808518e-02 -8.128151900000000651e+00 -2.353002842611540135e-02 9.996654354995733183e-01 1.074033657361361978e-02 6.670020000000000115e-02 9.942674930883686757e-02 -8.350020050088767867e-03 9.950098485377121271e-01 1.952271499999999937e+00
9.957361576363268352e-01 2.139696476343325160e-02 -8.973112210686184920e-02 -8.152676599999999496e+00 -2.049777872600010153e-02 9.997301455696577799e-01 1.093055838331010755e-02 6.475129999999999775e-02 8.994078853859405198e-02 -9.044663519634595431e-03 9.959060440718655594e-01 2.206894199999999806e+00
9.963024106998102924e-01 1.721522768840555440e-02 -8.417328774250733281e-02 -8.168444600000000833e+00 -1.600836493806859911e-02 9.997594592629317489e-01 1.499186000134411501e-02 6.353019999999999501e-02 8.441112892122813738e-02 -1.358894955199408880e-02 9.963383470309256085e-01 2.378219399999999872e+00
9.966056324019989532e-01 1.941120026169795496e-02 -8.000261726351239056e-02 -8.182847999999999900e+00 -1.914158889469923588e-02 9.998082296175674344e-01 4.135645484318203891e-03 6.188330000000000219e-02 8.006755297371163926e-02 -2.590230373131293014e-03 9.967860741741008113e-01 2.546370500000000092e+00
9.968117688832065504e-01 2.090578882284729531e-02 -7.700159355251941229e-02 -8.196822199999999725e+00 -2.156113872113108940e-02 9.997379618724379080e-01 -7.689270979231037188e-03 5.940850000000000297e-02 7.682066592383217374e-02 9.324997846563619353e-03 9.970013188066405574e-01 2.712966400000000000e+00
9.970472157015488612e-01 2.535559968326273061e-02 -7.248408947135305536e-02 -8.210531200000000140e+00 -2.555992427145725721e-02 9.996715002757853297e-01 -1.892566405123028046e-03 5.588819999999999899e-02 7.241229131180947076e-02 3.739665902531520529e-03 9.973677731739235552e-01 2.879839200000000154e+00
9.973542224717711902e-01 2.617415073739978726e-02 -6.781938329787816355e-02 -8.223013899999999765e+00 -2.589086144492554892e-02 9.996520053669051276e-01 5.052866470108343354e-03 5.297620000000000107e-02 6.792803700511527987e-02 -3.283595453302928877e-03 9.976848198652371602e-01 3.046510500000000121e+00
9.976213421662097902e-01 2.088645234388956592e-02 -6.569180894888435041e-02 -8.233566299999999671e+00 -2.061955785336825123e-02 9.997761662113678893e-01 4.738281295031829266e-03 5.047900000000000303e-02 6.577607078886585357e-02 -3.372474489996765256e-03 9.978287102140288578e-01 3.210977100000000029e+00
9.977728235835738868e-01 1.940427302769287196e-02 -6.381901524098637646e-02 -8.244744300000000692e+00 -1.932253604993363141e-02 9.998115012635482302e-01 1.897772833854840255e-03 4.796419999999999850e-02 6.384381033946451289e-02 -6.604009362903213217e-04 9.979596844321627636e-01 3.376760200000000101e+00
9.978378717650164820e-01 2.213529673062431674e-02 -6.188384530804284106e-02 -8.256907500000000510e+00 -2.199600111424826476e-02 9.997537612436748766e-01 2.931350219125495628e-03 4.594120000000000148e-02 6.193349341385929324e-02 -1.563815133700421911e-03 9.980790534200099096e-01 3.545432799999999940e+00
9.977322557971666228e-01 2.127693812538560339e-02 -6.385638296917263423e-02 -8.267967199999999295e+00 -2.119415377593998270e-02 9.997734307195899062e-01 1.973593905332939307e-03 4.364540000000000086e-02 6.388390710984211129e-02 -6.157362989714135725e-04 9.979571470164393387e-01 3.714922399999999847e+00
9.974073862563901383e-01 2.023291710244868105e-02 -6.905892344021659357e-02 -8.280115099999999728e+00 -2.014088063624172933e-02 9.997950934147379343e-01 2.028820103470266832e-03 4.209059999999999885e-02 6.908582176100187822e-02 -6.326526227099388841e-04 9.976105196830404864e-01 3.886484600000000178e+00
9.968949001884488403e-01 2.508741060129634701e-02 -7.464033633086429587e-02 -8.294334400000000329e+00 -2.538446567365641379e-02 9.996731594943251142e-01 -3.033659357371389174e-03 3.949430000000000301e-02 7.453983418767133606e-02 4.918944597733499596e-03 9.972059050684161097e-01 4.060038999999999731e+00
9.965649162996408350e-01 2.504828462164150268e-02 -7.893637335349906747e-02 -8.309648499999999771e+00 -2.578265578480658585e-02 9.996331336375888776e-01 -8.297758406726510674e-03 3.740940000000000237e-02 7.869956963905164193e-02 1.030444425514829253e-02 9.968451214542911609e-01 4.233513399999999649e+00
9.962358703125324677e-01 2.401795777167249624e-02 -8.329002585609640574e-02 -8.325189599999999857e+00 -2.459673436007602659e-02 9.996798687493314572e-01 -5.929643845918148963e-03 3.365479999999999861e-02 8.312094418045853916e-02 7.955986538307886075e-03 9.965077074045897154e-01 4.411373600000000117e+00
9.960305109849487692e-01 2.248490283088818917e-02 -8.612578203852380709e-02 -8.341426800000000696e+00 -2.261465986799610431e-02 9.997441148039503123e-01 -5.311063176339741836e-04 3.094339999999999938e-02 8.609180185195708379e-02 2.476703363606685797e-03 9.962841299520595051e-01 4.591223699999999575e+00
9.959991719818273026e-01 2.178574950911601679e-02 -8.666620177347429677e-02 -8.357462899999999806e+00 -2.131731416331314119e-02 9.997527401381093304e-01 6.326982156182008390e-03 2.842729999999999910e-02 8.678261074879643766e-02 -4.454178338154838809e-03 9.962173150306888880e-01 4.774872799999999806e+00
9.962542341091648046e-01 2.458413006568201109e-02 -8.290429161674971181e-02 -8.374232299999999185e+00 -2.426237373351694537e-02 9.996936830402742835e-01 4.886441464577990709e-03 2.720710000000000142e-02 8.299902553871697786e-02 -2.856683091494355547e-03 9.965455338926255680e-01 4.960149300000000316e+00
9.966496971098425250e-01 1.832273435536916142e-02 -7.970984040005273108e-02 -8.388684299999999538e+00 -1.831134205763809350e-02 9.998319513690674398e-01 8.739414001640746603e-04 2.521790000000000143e-02 7.971245826661900458e-02 5.885807211598286914e-04 9.968177253489362011e-01 5.146343199999999563e+00
9.969351845445940663e-01 1.482229451996350082e-02 -7.681495558938708501e-02 -8.403207800000000560e+00 -1.462349533142274886e-02 9.998881095137746033e-01 3.149894801698824819e-03 2.257289999999999991e-02 7.685304939511447553e-02 -2.016937810982827664e-03 9.970403907367738627e-01 5.333808399999999672e+00
9.970581569124611354e-01 1.163442705379752820e-02 -7.576062197115267238e-02 -8.416212099999999197e+00 -1.123785548232473022e-02 9.999208414287127367e-01 5.658752570460012961e-03 2.026899999999999882e-02 7.582046121255410498e-02 -4.790718487363663548e-03 9.971099772231197811e-01 5.520076300000000380e+00
9.971227408020556515e-01 1.515304418152685004e-02 -7.427398620936648266e-02 -8.430988299999999214e+00 -1.540730355273060848e-02 9.998772345687417795e-01 -2.851453734393185040e-03 1.652359999999999940e-02 7.422165972699937275e-02 3.987611214507425991e-03 9.972337961502164561e-01 5.702475100000000019e+00
9.971251446940141427e-01 2.149556192240083610e-02 -7.265938780764444327e-02 -8.445598600000000289e+00 -2.259145686684725304e-02 9.996425825942477639e-01 -1.429451436516272940e-02 1.293399999999999932e-02 7.232614945906368220e-02 1.589490113032147531e-02 9.972543708715858601e-01 5.882724299999999573e+00
9.972598918839551407e-01 1.879251676305416369e-02 -7.155102622123979406e-02 -8.458528499999999894e+00 -1.952470546715293770e-02 9.997637883976445705e-01 -9.547422961754059925e-03 8.625999999999999987e-03 7.135470493263318392e-02 1.091827470345148841e-02 9.973912458817135729e-01 6.061780500000000238e+00
9.971584144348614176e-01 1.699809999982821937e-02 -7.339047021343372834e-02 -8.472266199999999969e+00 -1.648348447745975540e-02 9.998351620387422312e-01 7.612062167593430621e-03 3.792499999999999864e-03 7.350776327187766301e-02 -6.380701165060453060e-03 9.972742327922684558e-01 6.241157499999999914e+00
9.969187906664515042e-01 9.908825066039947393e-03 -7.781220985134987278e-02 -8.485526099999999516e+00 -9.817957028290167504e-03 9.999506009752571201e-01 1.550267400419058942e-03 1.445499999999999953e-03 7.782372733254647179e-02 -7.815337694385417980e-04 9.969668282691439565e-01 6.415733300000000305e+00
9.964759761499183410e-01 1.070640611894835455e-02 -8.319255870619386706e-02 -8.500343300000000824e+00 -1.091570265878573191e-02 9.999382972079811083e-01 -2.061361750911940537e-03 -1.985999999999999918e-03 8.316535571698317753e-02 2.962202697198469681e-03 9.965313587457488298e-01 6.588089899999999943e+00
9.961513055497098756e-01 1.199124950787042350e-02 -8.682618491473881317e-02 -8.508136699999999664e+00 -1.250983278041699169e-02 9.999069999040959278e-01 -5.430987626230666249e-03 -3.860699999999999896e-03 8.675298574351447689e-02 6.496266468538944294e-03 9.962086719089305875e-01 6.673431400000000124e+00
9.954236858137452959e-01 1.509664994865278671e-02 -9.435982662821101874e-02 -8.524486500000000078e+00 -1.639052291701934699e-02 9.997817729320591651e-01 -1.295211455072662471e-02 -7.768500000000000232e-03 9.414370122044737887e-02 1.443944850596180426e-02 9.954538994083849124e-01 6.843142499999999906e+00
9.946047537471185418e-01 2.331321469166358282e-02 -1.010835191530957966e-01 -8.543170899999999790e+00 -2.456196120451917611e-02 9.996363894411858242e-01 -1.112649840595539112e-02 -1.254219999999999988e-02 1.007873696721051371e-01 1.354927768297757747e-02 9.948157232316184873e-01 7.010141800000000423e+00
9.936343176616787565e-01 2.639417755182076400e-02 -1.095179901037861975e-01 -8.561737100000000211e+00 -2.650422985848147409e-02 9.996485994677747344e-01 4.509786305799715848e-04 -1.674020000000000022e-02 1.094914086338231035e-01 2.454582139473320337e-03 9.939847113823740976e-01 7.176911399999999830e+00
9.923105756344211548e-01 2.574021341553696732e-02 -1.210667704095817893e-01 -8.581481000000000137e+00 -2.535721327998627025e-02 9.996673897376191498e-01 4.703363673819929008e-03 -1.873400000000000065e-02 1.211475679440452841e-01 -1.597281596191382162e-03 9.926332230349462771e-01 7.340047400000000444e+00
9.916333255518121614e-01 2.376443614404123023e-02 -1.268802554766080837e-01 -8.592250800000000410e+00 -2.286542899088379183e-02 9.997020975828947442e-01 8.537461298488396855e-03 -1.999640000000000098e-02 1.270453454956788075e-01 -5.564859667244364920e-03 9.918812996144081851e-01 7.420115899999999876e+00
9.898307428982746625e-01 2.912639859523866170e-02 -1.392363218356511001e-01 -8.615889499999999757e+00 -2.841656213740560710e-02 9.995710675851312565e-01 7.083773218555808673e-03 -2.153319999999999887e-02 1.393829236662106341e-01 -3.055118916219412301e-03 9.902338445229323938e-01 7.578577499999999745e+00
9.880211049293500247e-01 3.004097668267948287e-02 -1.513665614795317860e-01 -8.640628799999999998e+00 -3.030267264499150390e-02 9.995406014271569495e-01 5.780391058138908793e-04 -2.349160000000000137e-02 1.513143887565113477e-01 4.015696525893619473e-03 9.884775313261577878e-01 7.733711200000000119e+00
9.863692768301977054e-01 3.323327377133623861e-02 -1.611558228545033611e-01 -8.667365099999999600e+00 -3.300303269376378412e-02 9.994468171299640824e-01 4.106039673273123580e-03 -2.521210000000000118e-02 1.612031313544715627e-01 1.268559507295067331e-03 9.869204330635218403e-01 7.888664200000000015e+00
9.853060322216093958e-01 3.421872149527115797e-02 -1.673352980304452786e-01 -8.680435199999999796e+00 -3.331197999838967500e-02 9.994111698631342744e-01 8.223475019002949443e-03 -2.592030000000000028e-02 1.675181627654021566e-01 -2.528369441032550687e-03 9.858657477018226700e-01 7.964432200000000073e+00
9.830676595718031985e-01 3.069840302007650901e-02 -1.806532168438591268e-01 -8.708448399999999978e+00 -3.001723366933310017e-02 9.995282212661011911e-01 6.503889256792379572e-03 -2.784400000000000069e-02 1.807676475115447545e-01 -9.710533666702548562e-04 9.835253502927624458e-01 8.114508600000000627e+00
9.797911285023713779e-01 2.618281854649236531e-02 -1.983023058892937618e-01 -8.738494899999999177e+00 -2.717139543979821617e-02 9.996282228066714071e-01 -2.265267805282815752e-03 -2.971549999999999886e-02 1.981692705186747228e-01 7.607639669239966637e-03 9.801382882230238458e-01 8.261667299999999159e+00
9.775851259308073748e-01 2.584887615021257828e-02 -2.089477378691103893e-01 -8.754583399999999571e+00 -2.631231382963847981e-02 9.996536132448236023e-01 5.618429488498718344e-04 -3.104830000000000090e-02 2.088898841489891522e-01 4.948649142900331602e-03 9.779266471325354093e-01 8.334950400000000315e+00
9.723329958456938815e-01 2.724754979549516218e-02 -2.320045607738774052e-01 -8.789489700000000738e+00 -2.454596703239303110e-02 9.995931931318706720e-01 1.452390260485650862e-02 -3.261630000000000085e-02 2.323059204845680237e-01 -8.427293431030784612e-03 9.726062615638688680e-01 8.481929799999999631e+00
9.665158006402814195e-01 3.136533387749206037e-02 -2.546829851863473548e-01 -8.828225099999999159e+00 -2.884786019554966968e-02 9.994910895361845959e-01 1.361480443887158436e-02 -3.391480000000000189e-02 2.549804072371322228e-01 -5.811864461955832881e-03 9.669287534025772235e-01 8.624247600000000347e+00
9.597886564736609616e-01 2.896552954116360726e-02 -2.792252370450865606e-01 -8.869471499999999509e+00 -3.031046287595460034e-02 9.995404076500274959e-01 -4.993145924383005085e-04 -3.422800000000000148e-02 2.790824443506437214e-01 8.942682663318770112e-03 9.602255035573949993e-01 8.764522599999999386e+00
9.527150756510225360e-01 2.956192886827578581e-02 -3.024236713434537149e-01 -8.914682400000000229e+00 -2.725110087103512629e-02 9.995582774170665985e-01 1.185864867272517359e-02 -3.520809999999999912e-02 3.026406485067446583e-01 -3.056535393785028872e-03 9.530998349925381419e-01 8.905359300000000644e+00
9.446927110984979503e-01 2.645849407738389350e-02 -3.268877937282561041e-01 -8.963129999999999598e+00 -2.272263961283424102e-02 9.996255996931663335e-01 1.524277163454623198e-02 -3.581850000000000311e-02 3.271687076209996436e-01 -6.971981729373103939e-03 9.449402246832178109e-01 9.044922800000000151e+00
9.347001449180538657e-01 1.694087425812552603e-02 -3.550333024795555570e-01 -9.040824900000000497e+00 -1.883033226224166065e-02 9.998209502821909789e-01 -1.867073568515133751e-03 -3.751709999999999767e-02 3.549381040083788852e-01 8.430548984914739558e-03 9.348517894119635629e-01 9.250638999999999612e+00
9.287562825021086210e-01 2.179183869228217690e-02 -3.700498391828767053e-01 -9.096722599999999659e+00 -2.496520783184888459e-02 9.996811443573727640e-01 -3.787877274433454518e-03 -3.973999999999999755e-02 3.698493018930493204e-01 1.275638595931980965e-02 9.290041811027983654e-01 9.387297600000000131e+00
9.222923141697199068e-01 2.222730217735031585e-02 -3.858533844109438560e-01 -9.154366500000000073e+00 -2.194943240701524231e-02 9.997459412914529997e-01 5.125942671997519781e-03 -4.160849999999999965e-02 3.858692908751261141e-01 3.741645250888169655e-03 9.225458744422110335e-01 9.525522199999999273e+00
