1.000000000000000000e+00 0.000000000000000000e+00 -0.000000000000000000e+00 0.000000000000000000e+00 0.000000000000000000e+00 1.000000000000000000e+00 0.000000000000000000e+00 -0.000000000000000000e+00 0.000000000000000000e+00 -0.000000000000000000e+00 1.000000000000000000e+00 -0.000000000000000000e+00
9.991064251010975950e-01 2.099545980131215309e-03 -4.221306940252130685e-02 -4.573800000000000261e-03 -2.245876334882367445e-03 9.999916320232258293e-01 -3.419345407174758603e-03 -3.183999999999999873e-04 4.220553709163266803e-02 3.511095299542099559e-03 9.991027799223682893e-01 4.554199999999999915e-02
9.984397164541815028e-01 1.798435240760101229e-03 -5.581127339147924638e-02 -6.332599999999999861e-03 -2.053650986325404344e-03 9.999876948733829041e-01 -4.515818801122610526e-03 -2.000000000000000096e-04 5.580246521902067214e-02 4.623389719999808356e-03 9.984311238853569304e-01 5.668139999999999984e-02
9.958774657389104501e-01 2.992394066544064096e-04 -9.070823385571247233e-02 -1.124999999999999958e-02 -6.949319716003892053e-04 9.999903809874985949e-01 -4.330704565325281703e-03 -5.314999999999999629e-04 9.070606541461251338e-02 4.375887139173810676e-03 9.958680943321485124e-01 8.246570000000000289e-02
9.832177963583266234e-01 6.714430473255584425e-03 -1.823120438909509866e-01 -2.871289999999999953e-02 -8.228748163805029575e-03 9.999376330369947885e-01 -7.551009206000566451e-03 -2.312699999999999999e-03 1.822499729161376203e-01 8.924486528212519434e-03 9.832117274078228109e-01 1.414785000000000070e-01
9.711371231071855847e-01 1.033513361648455940e-02 -2.382978664114063783e-01 -4.200770000000000198e-02 -1.269021915926984122e-02 9.998846037350352933e-01 -8.350901228087712763e-03 -3.275600000000000039e-03 2.381840600476630709e-01 1.113392234394451619e-02 9.711562126210439017e-01 1.738576000000000010e-01
9.535711358368147428e-01 1.403190952232871019e-02 -3.008408124142137319e-01 -5.774169999999999997e-02 -1.691494564725106245e-02 9.998325640293215244e-01 -6.980581659373940456e-03 -3.779100000000000081e-03 3.006924899505098447e-01 1.174518717219212235e-02 9.536488227149723107e-01 2.073908999999999891e-01
8.603445393440920519e-01 1.268310034809514222e-02 -5.095551124131347809e-01 -1.229452999999999935e-01 -1.759385725874391612e-02 9.998336005698439388e-01 -4.819476973756756273e-03 -4.915199999999999778e-03 5.094091968227125733e-01 1.311145061012611648e-02 8.604245231601299615e-01 3.067726000000000064e-01
7.380323783568281115e-01 2.242400582807620862e-02 -6.743925951992548740e-01 -1.918864999999999876e-01 -2.561452339545589041e-02 9.996583299480539253e-01 5.207644063436831297e-03 -6.593700000000000082e-03 6.742789516870502098e-01 1.343083497367942615e-02 7.383545950176801931e-01 3.692911999999999861e-01
6.556017480406213238e-01 1.455494893356738990e-02 -7.549665564961292041e-01 -2.338446999999999887e-01 -1.410487182397659155e-02 9.998758216539036514e-01 7.028076746894346138e-03 -6.664599999999999691e-03 7.549750992959376461e-01 6.041087110139307936e-03 6.557256321889641804e-01 3.998123000000000093e-01
6.111879162027957779e-01 1.410118367564932446e-02 -7.913598977119258304e-01 -2.577957000000000165e-01 -1.124124644065118209e-02 9.998950862156011921e-01 9.135148622546598526e-03 -6.829000000000000001e-03 7.914056895588663654e-01 3.312579182611175271e-03 6.112823090463310738e-01 4.132022000000000195e-01
5.629073294119379955e-01 1.460818116703249507e-02 -8.263909120611813153e-01 -2.833745999999999765e-01 -8.579657135258699288e-03 9.998932022103056427e-01 1.183104632153797117e-02 -6.548199999999999681e-03 8.264754854064101375e-01 4.303679961727866973e-04 5.629725453391368761e-01 4.265493000000000201e-01
5.116335068321927748e-01 1.505631123997203460e-02 -8.590718608931603439e-01 -3.107082999999999928e-01 -6.665342642933470667e-03 9.998859164190588844e-01 1.355460638568858553e-02 -6.144199999999999835e-03 8.591779372714621887e-01 -1.208982491084489852e-03 5.116754933229570312e-01 4.388503000000000265e-01
4.049381186073849337e-01 1.869435854175924283e-02 -9.141529637087127957e-01 -3.715969000000000078e-01 -4.046511357126722323e-03 9.998178153852899097e-01 1.865373378235454793e-02 -5.806099999999999803e-03 9.143351386907033751e-01 -3.854477513031305189e-03 4.049399920464183955e-01 4.580893999999999799e-01
3.495903693538897072e-01 2.091853736429870672e-02 -9.366690922890267279e-01 -4.053440999999999850e-01 -3.216170853892669212e-03 9.997716177383573211e-01 2.112743737102114328e-02 -5.831499999999999878e-03 9.368971287713766527e-01 -4.373460799674383156e-03 3.495778067048652682e-01 4.661518000000000050e-01
2.944502169021813165e-01 2.370698604088227607e-02 -9.553727275671604069e-01 -4.407551000000000108e-01 -8.102531551702641527e-04 9.996980988947988811e-01 2.455716913549922664e-02 -5.314400000000000374e-03 9.556664759507276230e-01 -6.456770011576384513e-03 2.943805307165110463e-01 4.731537000000000104e-01
1.895239959475679414e-01 2.634073411820204297e-02 -9.815227051302384265e-01 -5.178791999999999840e-01 6.816219621206225446e-03 9.995807094990259989e-01 2.814150577881916956e-02 -5.209300000000000042e-03 9.818524299048927428e-01 -1.202376494855153174e-02 1.892649861076269868e-01 4.835163000000000100e-01
1.419806891215618649e-01 2.725511069711707146e-02 -9.894941348272124904e-01 -5.587864999999999638e-01 5.214574802028601117e-03 9.995864018513495042e-01 2.828132676354477848e-02 -4.558800000000000005e-03 9.898556925765492620e-01 -9.175193445385228588e-03 1.417798423579293976e-01 4.856192999999999760e-01
9.960478166275790746e-02 2.776871297573651684e-02 -9.946395256823374886e-01 -6.015321999999999614e-01 2.556054271148779089e-03 9.996000712312659298e-01 2.816317064911123824e-02 -3.751500000000000060e-03 9.950237957237388908e-01 -5.347539071309448042e-03 9.949396850766156764e-02 4.859137000000000040e-01
6.157038226451783808e-02 2.626816149534589445e-02 -9.977570203809421612e-01 -6.460086000000000439e-01 1.728930059447103540e-03 9.996493123051334306e-01 2.642467045628525343e-02 -2.746300000000000130e-03 9.981012467824349477e-01 -3.352029165768384555e-03 6.150337447507370214e-02 4.857182999999999917e-01
2.725250130926681891e-02 2.341023642494674539e-02 -9.993544226163791899e-01 -6.920576000000000505e-01 2.316159477016502613e-03 9.997215768030021099e-01 2.348199905877324661e-02 -1.742700000000000022e-03 9.996258983127966902e-01 -2.954607426934706058e-03 2.719069173977128884e-02 4.841018999999999739e-01
-3.063275632341180138e-02 1.920019499909702762e-02 -9.993462797008985099e-01 -7.902768999999999489e-01 3.025029127764713999e-03 9.998126881010375167e-01 1.911643039256322868e-02 -8.258000000000000149e-04 9.995261294427504328e-01 -2.437462650829662347e-03 -3.068509959278542532e-02 4.781272999999999773e-01
-6.777935679904835420e-02 1.590392145918254757e-02 -9.975735682515487479e-01 -8.953843999999999692e-01 3.484962225973263841e-03 9.998706151203036185e-01 1.570375933429116189e-02 1.147100000000000073e-03 9.976942486704987179e-01 -2.412115495980700353e-03 -6.782601174065305827e-02 4.689460999999999768e-01
-9.034389824431551808e-02 1.731083226611427814e-02 -9.957601694867469488e-01 -1.008149600000000090e+00 3.720351771686032129e-03 9.998478129456869201e-01 1.704435186275606376e-02 2.510000000000000078e-03 9.959036795959314015e-01 -2.164724920395260689e-03 -9.039455145805719294e-02 4.570752000000000148e-01
-9.711961522859569040e-02 1.865474029551404331e-02 -9.950978750868459954e-01 -1.066711399999999976e+00 1.608355281888258076e-03 9.998259642506068801e-01 1.858640373045209945e-02 2.448500000000000155e-03 9.952714170170549046e-01 2.046334553931355993e-04 -9.713271639366516386e-02 4.504040000000000266e-01
-1.029088363787918903e-01 2.032573295573242289e-02 -9.944830998940981104e-01 -1.189089300000000016e+00 3.612758115124674319e-03 9.997922426518526251e-01 2.006039660576765943e-02 4.062399999999999865e-03 9.946842309868815235e-01 -1.528434817500123541e-03 -1.029608882685265625e-01 4.371483999999999925e-01
-1.018050532035255779e-01 2.251291516597359391e-02 -9.945495964470335570e-01 -1.252497399999999983e+00 6.115035776194155392e-03 9.997391715805494794e-01 2.200443466423167294e-02 4.975099999999999661e-03 9.947855736185983178e-01 -3.841543721767464586e-03 -1.019161668340727855e-01 4.305339000000000249e-01
-9.873211743438800592e-02 2.491880527237062826e-02 -9.948020014710061698e-01 -1.384332300000000071e+00 2.673764897056113768e-03 9.996894555206070621e-01 2.477586531662249320e-02 6.294300000000000068e-03 9.951104561646397784e-01 -2.136930270749872601e-04 -9.876808374719381334e-02 4.169681000000000082e-01
-9.590791162499680278e-02 2.214290534627093299e-02 -9.951438912190326835e-01 -1.521960399999999991e+00 1.226928829904499682e-03 9.997544096267461100e-01 2.212724740049354724e-02 8.592100000000000085e-03 9.953894550041095801e-01 9.012073581509960629e-04 -9.591152533413005443e-02 4.032598000000000016e-01
-9.228091030006592421e-02 2.840727017534062232e-02 -9.953277151749447826e-01 -1.667295799999999995e+00 -1.807636379946211264e-04 9.995924707497361172e-01 2.854574828140234860e-02 1.062190000000000009e-02 9.957329968011997545e-01 2.814146695396249273e-03 -9.223816812837526413e-02 3.893138999999999905e-01
-8.851572903895235656e-02 2.974593776489536240e-02 -9.956305262993846439e-01 -1.817451099999999986e+00 -2.402717390348309626e-03 9.995447121599461138e-01 3.007649152133048953e-02 1.298999999999999981e-02 9.960718812725538607e-01 5.054461353845617413e-03 -8.840395782190746399e-02 3.747449999999999948e-01
-8.535648452168756450e-02 2.622179536489500917e-02 -9.960053654463619788e-01 -1.972885599999999906e+00 -5.777209064691472828e-03 9.996237952643558522e-01 2.681215762873186137e-02 1.620299999999999865e-02 9.963337264217860811e-01 8.042722743367952676e-03 -8.517288421411806087e-02 3.602377999999999969e-01
-8.271653347944213364e-02 3.057748403159979075e-02 -9.961039065074693832e-01 -2.132212599999999902e+00 -9.926263831325395082e-04 9.995261535518779050e-01 3.076496479197581013e-02 1.895969999999999947e-02 9.965726214290694385e-01 3.533530258150036074e-03 -8.264698652647228805e-02 3.469338000000000144e-01
-8.067083529951984966e-02 2.772118886570058144e-02 -9.963552338498300465e-01 -2.294709699999999852e+00 8.050205055661237286e-05 9.996133540935751016e-01 2.780532030408165017e-02 2.148339999999999972e-02 9.967407937129377782e-01 2.162869775293245825e-03 -8.064187586383098072e-02 3.327257000000000131e-01
-8.065383327956045234e-02 1.609405919381411143e-02 -9.966122317310674994e-01 -2.458636300000000219e+00 5.132364239873883280e-03 9.998630846483046453e-01 1.573120449572933816e-02 2.369660000000000169e-02 9.967289591532004778e-01 -3.846195034472208243e-03 -8.072539110549215025e-02 3.196839000000000208e-01
-8.126990147891760552e-02 2.428592191613020840e-02 -9.963962048855317111e-01 -2.626838699999999971e+00 5.815686961735519814e-03 9.996976283845300237e-01 2.389204025421760857e-02 2.494729999999999864e-02 9.966751631794432686e-01 -3.853024659884941860e-03 -8.138656708695968245e-02 3.054927000000000059e-01
-8.187411098851728186e-02 3.680880251613175003e-02 -9.959627211935038194e-01 -2.796997100000000014e+00 2.117420290760264889e-03 9.993219204758959640e-01 3.675888719315906217e-02 2.674690000000000054e-02 9.966404298848972054e-01 9.007295351711464004e-04 -8.189653353562797999e-02 2.902577000000000074e-01
-8.243117135176875054e-02 3.382702007764407104e-02 -9.960225071263408836e-01 -2.965342000000000144e+00 1.750815782217453320e-04 9.994242622737163906e-01 3.392806102739621965e-02 2.895100000000000104e-02 9.965967445943300085e-01 2.622344619690509387e-03 -8.238963510466157381e-02 2.749991999999999992e-01
-8.269330323760791523e-02 3.219131720118525997e-02 -9.960549867836137050e-01 -3.134540599999999788e+00 -1.255678806770707187e-03 9.994739968347685632e-01 3.240606304177262587e-02 3.235129999999999950e-02 9.965742525624401438e-01 3.930489535132817083e-03 -8.260938434358988669e-02 2.588985999999999787e-01
-8.265040758565297963e-02 3.303444763429665837e-02 -9.960309409829710692e-01 -3.302258999999999833e+00 -2.954321679031772854e-03 9.994379453874837616e-01 3.339259353601910230e-02 3.444479999999999764e-02 9.965742230809218061e-01 5.702507268026419524e-03 -8.250635915804227505e-02 2.442670000000000119e-01
-8.204568002503195845e-02 2.372311006678052420e-02 -9.963461850371031492e-01 -3.468588099999999841e+00 -4.498249099322906841e-03 9.996976623662900963e-01 2.417332443863146052e-02 3.707280000000000297e-02 9.966184185255009265e-01 6.465130171490208674e-03 -8.191416206978607839e-02 2.296445000000000014e-01
-8.097405543284495744e-02 2.675173678893367005e-02 -9.963571382418725531e-01 -3.635608400000000184e+00 -3.292805919555729516e-03 9.996271106510805637e-01 2.710714076675106027e-02 3.878639999999999866e-02 9.967107703721949097e-01 5.475785801867279548e-03 -8.085577279277822438e-02 2.154522000000000104e-01
-7.986641362308116721e-02 3.708074776032897063e-02 -9.961156429453970063e-01 -3.802603500000000025e+00 -2.420504706043172249e-03 9.992976955809205197e-01 3.739327163581684932e-02 4.148280000000000023e-02 9.968026370009033243e-01 5.397569100698936667e-03 -7.972056896340018461e-02 2.011432999999999971e-01
-8.005813350836711584e-02 4.005152201868052847e-02 -9.959852262173086723e-01 -3.968116999999999894e+00 -1.914222782433645798e-03 9.991844179835748241e-01 4.033403785841650768e-02 4.479969999999999786e-02 9.967883581835693674e-01 5.135605398793142290e-03 -7.991617199848977116e-02 1.879659999999999942e-01
-7.941617225504558897e-02 3.147416556766899354e-02 -9.963445430603693476e-01 -4.131700000000000372e+00 -3.014624572699952168e-03 9.994892668327550744e-01 3.181379456788120674e-02 4.782089999999999952e-02 9.968369894937901821e-01 5.530134531874779380e-03 -7.928072898893379072e-02 1.738927000000000112e-01
-7.971866279666432742e-02 2.702057534087512480e-02 -9.964511143604385390e-01 -4.296102999999999561e+00 -1.056830691173366726e-02 9.995534491071627059e-01 2.795019261104012692e-02 4.983080000000000148e-02 9.967613785108907498e-01 1.275895317896146540e-02 -7.939750262348266308e-02 1.582651999999999948e-01
-8.176403010841100383e-02 2.133628559713376255e-02 -9.964233067814847189e-01 -4.458936699999999753e+00 -4.858699038880644541e-03 9.997504097316580740e-01 2.180622124604105969e-02 5.130980000000000263e-02 9.966398729852627980e-01 6.624285493489443476e-03 -8.163995601187146178e-02 1.453250000000000097e-01
-8.426702826450134520e-02 2.349183679452850407e-02 -9.961662519637418667e-01 -4.622404099999999794e+00 -7.156735845889952707e-05 9.997219095138122347e-01 2.358174116069731638e-02 5.247709999999999875e-02 9.964432060210873798e-01 2.058456236153576036e-03 -8.424191315693696502e-02 1.312937000000000132e-01
-8.794485223222528458e-02 3.361175902798146931e-02 -9.955581111220463963e-01 -4.785501000000000005e+00 4.697597530142840622e-03 9.994334405315106196e-01 3.332762404961128744e-02 5.329579999999999734e-02 9.961142683162895750e-01 -1.745738351626374002e-03 -8.805292075968185195e-02 1.172509000000000051e-01
-9.050907906887337151e-02 2.862985300616144313e-02 -9.954840220329755907e-01 -4.945957199999999609e+00 1.322109967125454505e-03 9.995892686868604882e-01 2.862771299461892155e-02 5.515280000000000182e-02 9.958947527883351691e-01 1.274928591347045809e-03 -9.050975596999311090e-02 1.012528000000000039e-01
-9.305429224152665657e-02 2.341975361664971195e-02 -9.953855603915319206e-01 -5.103907099999999808e+00 -7.878569685389731278e-03 9.996747052026522251e-01 2.425720341883909337e-02 5.690139999999999781e-02 9.956298643748796584e-01 1.009945139727420199e-02 -9.283950800350615484e-02 8.414399999999999658e-02
-9.492499591696509920e-02 2.607128499269353861e-02 -9.951429712604085154e-01 -5.261208500000000399e+00 -9.479886344698587250e-03 9.995879925464792315e-01 2.709200826427030778e-02 5.776060000000000222e-02 9.954392884074125813e-01 1.200555103814256175e-02 -9.463873329253091882e-02 6.760090000000000543e-02
-9.647190783443797268e-02 2.576462145972164414e-02 -9.950021885804175570e-01 -5.415533499999999556e+00 -1.136577258808531103e-02 9.995712247957768692e-01 2.698491752343357142e-02 5.896409999999999846e-02 9.952708124989194660e-01 1.391225507629279511e-02 -9.613770824412515292e-02 5.160069999999999935e-02
-9.741480745864714019e-02 3.030884029154810172e-02 -9.947822522984497429e-01 -5.567562599999999584e+00 -9.050570603440284689e-03 9.994678704920800794e-01 3.133788483255970508e-02 6.077760000000000107e-02 9.952027142545116778e-01 1.205612102660152257e-02 -9.708865786612297377e-02 3.645009999999999917e-02
-9.823720088670637174e-02 3.639669139213484728e-02 -9.944972263499031184e-01 -5.719548699999999819e+00 -9.325586608532833791e-03 9.992534149629650475e-01 3.749194739219329636e-02 6.299710000000000032e-02 9.951193324402612950e-01 1.295737398387242743e-02 -9.782443796460282837e-02 2.085619999999999835e-02
-9.916648079404173644e-02 3.024027273976802321e-02 -9.946112481726461230e-01 -5.940402999999999878e+00 -7.624637665971626885e-03 9.994856800374745109e-01 3.114868055776516542e-02 6.766679999999999917e-02 9.950416443483092177e-01 1.067245541810757370e-02 -9.888490637079505596e-02 -2.832299999999999835e-03
-9.563757693909089030e-02 2.480944710670802619e-02 -9.951070018904892844e-01 -6.147327399999999997e+00 -1.082733469577136162e-02 9.996042891745354764e-01 2.596216260748345633e-02 6.810170000000000112e-02 9.953573341773318539e-01 1.325731489145231395e-02 -9.533111192713350501e-02 -2.381420000000000065e-02
-7.899003468219480129e-02 2.870167990274417186e-02 -9.964621357541216806e-01 -6.341583700000000157e+00 -9.587262433924997537e-03 9.995173342920236070e-01 2.954966749034853776e-02 6.936259999999999648e-02 9.968293027494368186e-01 1.188747326085412906e-02 -7.867673836365973727e-02 -3.989999999999999797e-02
-4.349887633534444548e-02 3.282139677988915594e-02 -9.985141980317451260e-01 -6.523365000000000080e+00 -1.542861644603819513e-02 9.993189526098534836e-01 3.351997537747463535e-02 7.134580000000000088e-02 9.989343349550674489e-01 1.686377384106379357e-02 -4.296286279700178845e-02 -5.086600000000000149e-02
2.249656808703908925e-02 3.543499341169893679e-02 -9.991187445275052648e-01 -6.687566300000000297e+00 -1.772810092119232392e-02 9.992286687958056302e-01 3.503971881008863948e-02 7.300009999999999832e-02 9.995897252683391132e-01 1.692420451527671538e-02 2.310741092143064890e-02 -4.869989999999999736e-02
8.616099572474969492e-02 3.465322287313295918e-02 -9.956783802816170370e-01 -6.785511500000000140e+00 -1.508222166455733433e-02 9.993257473392426204e-01 3.347502493688789271e-02 7.476199999999999513e-02 9.961670589842753776e-01 1.213280055754167863e-02 8.662554903289265695e-02 -3.908169999999999700e-02
1.645770664898130176e-01 3.467804356625753953e-02 -9.857544432971249160e-01 -6.875961799999999791e+00 -1.429828543388837574e-02 9.993606543320244784e-01 3.276952252808621596e-02 7.566009999999999402e-02 9.862605883939897788e-01 8.701486510041751485e-03 1.649676814205037756e-01 -2.163589999999999958e-02
2.583160299636927393e-01 3.446456932084094454e-02 -9.654455044824256094e-01 -6.961033300000000423e+00 -1.048771127884228632e-02 9.994045840423245730e-01 3.287073633674432449e-02 7.611020000000000285e-02 9.660035385938955388e-01 1.634275593976834001e-03 2.585236789297156168e-01 3.449199999999999922e-03
3.594091311472203398e-01 2.449290465346478859e-02 -9.328586034708776786e-01 -7.040192600000000134e+00 2.363216520674560339e-03 9.996284011045452056e-01 2.715648933214597285e-02 7.599740000000000661e-02 9.331770955481475394e-01 -1.196483709905111700e-02 3.592176930741532992e-01 4.012620000000000076e-02
4.620129500564415514e-01 1.862858375260956212e-02 -8.866775117524499095e-01 -7.114841499999999819e+00 7.258781010053721484e-03 9.996664591648873888e-01 2.478468315279861583e-02 7.822949999999999349e-02 8.868434721405982213e-01 -1.788704246398904046e-02 4.617236290612592997e-01 8.487690000000000512e-02
5.547880192007559330e-01 1.357424647811627388e-02 -8.318809972489171756e-01 -7.183906600000000253e+00 1.599395312618875561e-02 9.995081234264813208e-01 2.697600170282976953e-02 7.911089999999999789e-02 8.318379933705233320e-01 -2.827102822723548750e-02 5.542980261089478500e-01 1.376480999999999955e-01
6.407863481507038994e-01 2.112019451040654180e-03 -7.677163508728489516e-01 -7.245362799999999659e+00 2.762381838603623213e-02 9.992852392151094776e-01 2.580572309734194270e-02 7.943980000000000485e-02 7.672221195204554922e-01 -3.774321211343606430e-02 6.402699971558092340e-01 1.977645000000000097e-01
7.223995111110749212e-01 -9.646013293634769434e-03 -6.914086351601482772e-01 -7.301984799999999609e+00 2.111084204052293689e-02 9.997442522110354668e-01 8.109409308802731364e-03 8.055210000000000148e-02 6.911535854604387019e-01 -2.045445180239813601e-02 7.224183944963218362e-01 2.621064000000000171e-01
7.615510568993056895e-01 -1.238159407772966396e-02 -6.479866386459250949e-01 -7.329129199999999678e+00 1.635503141264308194e-02 9.998662407843836863e-01 1.161343892201079087e-04 8.108840000000000492e-02 6.478985265325442056e-01 -1.068628409688003947e-02 7.616516937873628601e-01 2.983110999999999957e-01
7.986292180467996493e-01 -1.337873739938341515e-02 -6.016746475193679444e-01 -7.354711499999999624e+00 1.491954767396462024e-02 9.998857447624098782e-01 -2.429921423680756528e-03 8.090469999999999606e-02 6.016384123201921064e-01 -7.036107341371741417e-03 7.987375751861928164e-01 3.377704000000000262e-01
8.637339124976881610e-01 -1.345366753580213431e-02 -5.037685254472258345e-01 -7.403093300000000099e+00 1.195733263254802892e-02 9.999092730928350603e-01 -6.202239859339753886e-03 8.096580000000000443e-02 5.038062629600298381e-01 -6.666429286240780835e-04 8.638164185690468955e-01 4.255104000000000108e-01
9.112793039257952588e-01 -5.358431937398583540e-03 -4.117539525538160827e-01 -7.446269000000000027e+00 4.425455761866130093e-03 9.999850258784788171e-01 -3.219217314463005460e-03 7.933250000000000024e-02 4.117650368569649721e-01 1.111407211709277299e-03 9.112893718222505601e-01 5.242423000000000499e-01
9.289562208506875196e-01 -1.083016138876157332e-03 -3.701880154986808003e-01 -7.466169800000000301e+00 -7.671806915320964620e-04 9.999879408764494881e-01 -4.850725251456455660e-03 7.909120000000000039e-02 3.701888047693975836e-01 4.790112495705162697e-03 9.289441875837769480e-01 5.768647000000000080e-01
9.426437929008362193e-01 4.262680762425695956e-03 -3.337731404086361486e-01 -7.484905699999999662e+00 -5.635046173348717650e-03 9.999791817998250343e-01 -3.143600098102227597e-03 7.854800000000000670e-02 3.337527916889231339e-01 4.844122177464793913e-03 9.426481891565804405e-01 6.320620000000000127e-01
9.527844182616653779e-01 4.923015515480353918e-03 -3.036076682760405210e-01 -7.502244000000000135e+00 -5.462180638856695483e-03 9.999846528255332823e-01 -9.266585489371706929e-04 7.733310000000000184e-02 3.035984468017721150e-01 2.541265753942116221e-03 9.527966861130025000e-01 6.896748999999999796e-01
9.661314170806137858e-01 4.971098730037177595e-03 -2.580026610467830439e-01 -7.534293199999999580e+00 -4.437803072701870279e-03 9.999866434170620044e-01 2.649319038095474064e-03 7.634689999999999532e-02 2.580123850393483131e-01 -1.414625354615156334e-03 9.661405736234314201e-01 8.116714000000000429e-01
9.707624626537031398e-01 6.760031948051494627e-03 -2.399469588692025868e-01 -7.549556299999999887e+00 -5.680395105726900734e-03 9.999703938979623841e-01 5.190803309381877666e-03 7.614089999999999747e-02 2.399749449712621496e-01 -3.676043472971871236e-03 9.707721218135718644e-01 8.759552000000000449e-01
9.773312650826613268e-01 1.611917913562206650e-02 -2.111013272244366967e-01 -7.580346600000000379e+00 -1.478760947005632390e-02 9.998595672617226482e-01 7.884945235181345727e-03 7.575809999999999489e-02 2.111987805317210309e-01 -4.584519516201748454e-03 9.774323799029370763e-01 1.008722799999999920e+00
9.800664763055882966e-01 1.458531679166153242e-02 -1.981337188770118385e-01 -7.593599300000000163e+00 -1.335147860585899834e-02 9.998822710770686184e-01 7.561878391034395144e-03 7.569589999999999652e-02 1.982206851995652885e-01 -4.765765400266745028e-03 9.801458296800351633e-01 1.077669500000000058e+00
9.853047361564798434e-01 1.505678386753755808e-02 -1.701407363542777884e-01 -7.618291900000000005e+00 -1.392439321106612830e-02 9.998722599776099784e-01 7.846974000868298105e-03 7.522639999999999882e-02 1.702371527643516957e-01 -5.362554133334996968e-03 9.853885298864878406e-01 1.220158599999999982e+00
9.876284678626615632e-01 1.674370266957727824e-02 -1.559155472945672749e-01 -7.630059199999999819e+00 -1.562191989824481334e-02 9.998425385696696477e-01 8.417463112576189718e-03 7.498900000000000010e-02 1.560319361090686530e-01 -5.877626006437362306e-03 9.877345232533810693e-01 1.294135599999999942e+00
9.895572257839501118e-01 1.734224691492880152e-02 -1.430934777364568089e-01 -7.640977900000000211e+00 -1.670283712366965254e-02 9.998444291558989949e-01 5.668572830495015834e-03 7.409140000000000170e-02 1.431695223530217165e-01 -3.219310152207434557e-03 9.896929442566272384e-01 1.368767499999999915e+00
9.923427850105672743e-01 1.630896317221585540e-02 -1.224328990007113316e-01 -7.661047499999999566e+00 -1.715978131073825352e-02 9.998353643040618355e-01 -5.897982055886128588e-03 7.280970000000000497e-02 1.223165522030387753e-01 7.953741711372301626e-03 9.924592682069879324e-01 1.523084000000000104e+00
9.940444634794394219e-01 1.851219691058858530e-02 -1.073913552918337871e-01 -7.679876799999999726e+00 -1.860481346131687141e-02 9.998269057475590582e-01 1.394967069073023555e-04 7.097109999999999530e-02 1.073753488559775621e-01 1.859330203387754305e-03 9.942168160664210941e-01 1.682780900000000024e+00
9.948732962279780434e-01 2.345415967585896128e-02 -9.837188036414167003e-02 -7.697274199999999844e+00 -2.239710073192507228e-02 9.996790848849318456e-01 1.183626302635797448e-02 6.869809999999999806e-02 9.861792094382081098e-02 -9.572337098349537055e-03 9.950793315264837569e-01 1.844802999999999971e+00
9.955277089764518195e-01 2.208462858553704097e-02 -9.185232626523938404e-02 -7.712902999999999842e+00 -2.125839226029497056e-02 9.997243610832835525e-01 9.964066194476029620e-03 6.759919999999999818e-02 9.204706089063645347e-02 -7.966871208909379748e-03 9.957227864945825679e-01 2.004371200000000020e+00
9.960645093029897312e-01 1.839530513617549864e-02 -8.670124598840060759e-02 -7.726799500000000265e+00 -1.720157971323612103e-02 9.997469628137433117e-01 1.449537857611460888e-02 6.658419999999999617e-02 8.694595426104277658e-02 -1.294693375447230309e-02 9.961288962498748845e-01 2.163793300000000031e+00
9.965847391466575722e-01 1.575611813919674045e-02 -8.105925265614079278e-02 -7.740501899999999935e+00 -1.477282113030306543e-02 9.998100143803932971e-01 1.271608825581823851e-02 6.521580000000000432e-02 8.124420875262718111e-02 -1.147518565694528522e-02 9.966281646924785020e-01 2.323664899999999811e+00
9.967641228689136934e-01 1.889481610601443512e-02 -7.812982327949322126e-02 -7.753167200000000037e+00 -1.911476072794787012e-02 9.998151572560424194e-01 -2.068149750003420509e-03 6.355909999999999338e-02 7.807630423936731678e-02 3.554890349228088074e-03 9.969410481422292802e-01 2.478670600000000057e+00
9.970032800795270989e-01 2.121839579041506774e-02 -7.439246729841229866e-02 -7.766540100000000280e+00 -2.161053087206534634e-02 9.997564719349544271e-01 -4.470098388190893099e-03 6.072749999999999676e-02 7.427950232797440877e-02 6.064363466505977643e-03 9.972190225971697686e-01 2.635395299999999885e+00
9.971848638278528743e-01 2.818696774814734643e-02 -6.948267555147402685e-02 -7.779774200000000306e+00 -2.794699956384861725e-02 9.995996187379458942e-01 4.423509277873502801e-03 5.769139999999999685e-02 6.957954130349489064e-02 -2.469224193565453061e-03 9.975733508689359486e-01 2.792307899999999954e+00
9.975735210451143198e-01 2.320543204331070378e-02 -6.563975954660528078e-02 -7.790883499999999628e+00 -2.285443868702665207e-02 9.997202345542163249e-01 6.093213861633269175e-03 5.585659999999999931e-02 6.576279147020608340e-02 -4.578268946441335814e-03 9.978247815681369204e-01 2.947584400000000215e+00
9.978329709826690985e-01 1.859267796264182232e-02 -6.311635561466821809e-02 -7.805351299999999881e+00 -1.842921998342379741e-02 9.998251389396041189e-01 3.171024314626546756e-03 5.285789999999999933e-02 6.316427685569067640e-02 -2.000967410747362535e-03 9.980011374035195892e-01 3.178676100000000115e+00
9.979035507884242984e-01 2.102632323019207328e-02 -6.120781857960700539e-02 -7.816441099999999587e+00 -2.080286615179846588e-02 9.997744107923209889e-01 4.285823694189980909e-03 5.111249999999999821e-02 6.128412587061152911e-02 -3.003540625130216111e-03 9.981158423048840378e-01 3.335251099999999802e+00
9.977858394113124918e-01 2.001387776257624804e-02 -6.342604644124620605e-02 -7.826027400000000078e+00 -1.985760113333584834e-02 9.997980328683290230e-01 3.093404249185454941e-03 4.960969999999999963e-02 6.347514747908668264e-02 -1.827065823717327533e-03 9.979817470690452996e-01 3.493259399999999903e+00
9.974593901888658687e-01 1.923596854248888627e-02 -6.859112506941535126e-02 -7.837336500000000150e+00 -1.907404694652772847e-02 9.998135282154548831e-01 3.014884814627033158e-03 4.847379999999999745e-02 6.863632898937309379e-02 -1.698914828998368369e-03 9.976402999234075253e-01 3.653880800000000040e+00
9.969615513129590489e-01 2.387959608320276358e-02 -7.414465654759815061e-02 -7.850693699999999886e+00 -2.409027485906368657e-02 9.997078886967162292e-01 -1.948315880133051452e-03 4.590339999999999698e-02 7.407647305908245106e-02 3.728561177867635579e-03 9.972455936080489858e-01 3.815816900000000178e+00
9.966365494216971044e-01 2.369218364309872565e-02 -7.844914780311383617e-02 -7.864901999999999838e+00 -2.431980703199734112e-02 9.996793388650225820e-01 -7.054532749784066942e-03 4.379310000000000147e-02 7.825685492491714357e-02 8.938673313923516800e-03 9.968931561489663418e-01 3.978213100000000058e+00
9.963253837528589507e-01 2.263625680169436064e-02 -8.260344767457461490e-02 -7.879446999999999868e+00 -2.310907441520889880e-02 9.997215594374826431e-01 -4.772240098769008239e-03 4.043490000000000278e-02 8.247242187174314010e-02 6.663593167031372881e-03 9.965710692954685701e-01 4.143180799999999664e+00
9.961088837280336339e-01 2.132430521959876452e-02 -8.551237199956676638e-02 -7.894404399999999988e+00 -2.134412860633039949e-02 9.997719551496800916e-01 6.825468647708278838e-04 3.810759999999999842e-02 8.550742618116466409e-02 1.145296069832180911e-03 9.963368749397892854e-01 4.310643699999999967e+00
9.960706499140299375e-01 2.084671343516970865e-02 -8.607365984314778451e-02 -7.909151999999999738e+00 -2.028260436221684948e-02 9.997667286857855329e-01 7.423218520875092714e-03 3.598690000000000222e-02 8.620833103666826480e-02 -5.648252107935318976e-03 9.962611208453321376e-01 4.482246899999999812e+00
9.963326532360108345e-01 2.373295267661907140e-02 -8.220700124040750123e-02 -7.924871399999999788e+00 -2.331049916606548963e-02 9.997096936855012217e-01 6.094996297799755436e-03 3.496900000000000008e-02 8.232778828755124567e-02 -4.156357598991231028e-03 9.965966385490117041e-01 4.654403199999999963e+00
9.967285418872674496e-01 1.715119301096048807e-02 -7.898132922142153678e-02 -7.938250100000000309e+00 -1.703320565261844458e-02 9.998525753253750814e-01 2.167376388806649141e-03 3.316109999999999891e-02 7.900685851543143290e-02 -8.149806843905073534e-04 9.968737393040337791e-01 4.826526199999999989e+00
9.970128281822500105e-01 1.367195962615813665e-02 -7.601643217102439787e-02 -7.951555700000000115e+00 -1.337536824910563055e-02 9.999008232598717294e-01 4.409440829809684222e-03 3.094819999999999863e-02 7.606917880608458915e-02 -3.379521299160228621e-03 9.970968151947716684e-01 5.000685200000000386e+00
9.971363120492107157e-01 1.046271071624708428e-02 -7.489797645709296570e-02 -7.963676000000000421e+00 -9.941741880774993337e-03 9.999237488529941764e-01 7.325179052431711989e-03 2.840350000000000166e-02 7.496890662984999343e-02 -6.559585676113108797e-03 9.971642968310099331e-01 5.172906399999999572e+00
9.972370051083123688e-01 1.579737593730579093e-02 -7.258649017619710209e-02 -7.983720299999999881e+00 -1.635295665062504178e-02 9.998413128296556041e-01 -7.066114056085604118e-03 2.452990000000000032e-02 7.246334557130594545e-02 8.233594146316929388e-03 9.973370901937054223e-01 5.427226100000000386e+00
9.973489048025557802e-01 1.730904591699053072e-02 -7.067926866193585678e-02 -8.002910599999999874e+00 -1.791805582781764647e-02 9.998075204327339094e-01 -7.991580663405099816e-03 1.851650000000000171e-02 7.052733771023689258e-02 9.236829304042248195e-03 9.974670799680128708e-01 5.677425900000000247e+00
9.972510171786597155e-01 1.582926697791452869e-02 -7.238676013657756314e-02 -8.015751800000000316e+00 -1.520429524482657009e-02 9.998422963355479975e-01 9.176702270763826413e-03 1.454270000000000042e-02 7.252060494946697966e-02 -8.050886000931973402e-03 9.973344198875135902e-01 5.844122399999999828e+00
9.970050507702163944e-01 8.977172474698832602e-03 -7.681366488482299637e-02 -8.027617499999999851e+00 -8.761113622410119164e-03 9.999566614756557614e-01 3.149294929998270199e-03 1.246320000000000067e-02 7.683860765769770507e-02 -2.466889705763641426e-03 9.970404920706109619e-01 6.005547499999999594e+00
9.962500834599926636e-01 1.055653093699974142e-02 -8.587392421762216066e-02 -8.048183399999999210e+00 -1.094522852467787709e-02 9.999318698628598678e-01 -4.056797395410724136e-03 8.313700000000000256e-03 8.582524790817866456e-02 4.981494468630959932e-03 9.962977524487138803e-01 6.244473499999999788e+00
9.955436659118374054e-01 1.324402352592247110e-02 -9.336704506229556721e-02 -8.063078900000000715e+00 -1.436347081057457765e-02 9.998326703998193787e-01 -1.132792599905362539e-02 4.406900000000000053e-03 9.320139467354388030e-02 1.261851980269774152e-02 9.955673121335870679e-01 6.401173100000000282e+00
9.947336369244175192e-01 2.105972320345901941e-02 -1.003069271272667984e-01 -8.079900699999999603e+00 -2.212430043479463385e-02 9.997099716930692992e-01 -9.512509012535280695e-03 2.260999999999999935e-04 1.000775044722442553e-01 1.168163327777022031e-02 9.949110676550803056e-01 6.555655500000000302e+00
9.937552697676825808e-01 2.419246612627263746e-02 -1.089274455391728846e-01 -8.096554799999999830e+00 -2.410155733885588000e-02 9.997072006075085060e-01 2.151275747192019430e-03 -3.610899999999999787e-03 1.089475963149355853e-01 4.874794639419990482e-04 9.940473749379201696e-01 6.709310099999999721e+00
9.924484677053361237e-01 2.325792204858554910e-02 -1.204371537828434063e-01 -8.114501999999999882e+00 -2.266020035769814381e-02 9.997231830273112241e-01 6.330295213504135918e-03 -5.167099999999999992e-03 1.205510442471541960e-01 -3.553361749534468886e-03 9.927007702984810278e-01 6.859581000000000373e+00
9.917804959116195418e-01 2.127781893211588837e-02 -1.261693399792281622e-01 -8.124607100000000415e+00 -2.014717872468400894e-02 9.997446788472390544e-01 1.023075295696460919e-02 -6.247400000000000175e-03 1.263548143868591100e-01 -7.604704999070698891e-03 9.919559613930143405e-01 6.932997199999999971e+00
9.899914703474751443e-01 2.619698529452822375e-02 -1.386744626840945016e-01 -8.146131499999999193e+00 -2.519999514913732683e-02 9.996424486899518902e-01 8.940638771375981203e-03 -7.773900000000000254e-03 1.388590972307089944e-01 -5.356560336171745616e-03 9.902976615026601870e-01 7.078820200000000007e+00
9.881919248032017267e-01 2.700803603255800406e-02 -1.508220333486034181e-01 -8.168528600000000139e+00 -2.694837333132552026e-02 9.996338491368831347e-01 2.439843145498612857e-03 -9.468499999999999486e-03 1.508327051025032117e-01 1.653375167099619195e-03 9.885579201149612416e-01 7.221174699999999724e+00
9.864850859223883717e-01 2.998886708869168485e-02 -1.610833421041255320e-01 -8.192355199999999726e+00 -2.940094810838357262e-02 9.995494941887504980e-01 6.032654253404018396e-03 -1.096029999999999921e-02 1.611916855890095090e-01 -1.215120467180932484e-03 9.869223697835732834e-01 7.363380900000000118e+00
9.854306405513258982e-01 3.101141972394934332e-02 -1.672266261972315260e-01 -8.204459200000000507e+00 -2.972130226954142890e-02 9.995060514364587645e-01 1.021260658703529445e-02 -1.163149999999999948e-02 1.674607322747816707e-01 -5.093622346037346253e-03 9.858655882813791571e-01 7.433275700000000263e+00
9.831785196882275590e-01 2.734856759331882881e-02 -1.805880789926601060e-01 -8.229970899999999645e+00 -2.627147001481881794e-02 9.996199382519588283e-01 8.353975844501804887e-03 -1.294350000000000014e-02 1.807479136447390777e-01 -3.469135302019092388e-03 9.835233382148743653e-01 7.570828900000000417e+00
9.799001049813765851e-01 2.290321177434303385e-02 -1.981696928087308129e-01 -8.257508299999999579e+00 -2.349939173091814687e-02 9.997236353578412560e-01 -6.568829262610354457e-04 -1.422829999999999928e-02 1.980998809837199448e-01 5.300546888911740820e-03 9.801675067848936163e-01 7.706261600000000378e+00
9.751783715899997595e-01 2.246369161935726083e-02 -2.202782924890850924e-01 -8.287681600000000870e+00 -2.109922812859990615e-02 9.997408660339199837e-01 8.545370332823126747e-03 -1.602490000000000164e-02 2.204131714654408158e-01 -3.685558380790287560e-03 9.753996363050214669e-01 7.840940999999999939e+00
9.696782222891028313e-01 2.562437600204056642e-02 -2.430381381033671073e-01 -8.321476900000000398e+00 -2.146720395238264217e-02 9.995746858223093501e-01 1.973845530172763096e-02 -1.696490000000000151e-02 2.434405561378631400e-01 -1.392260096883984367e-02 9.698158880991537556e-01 7.973607099999999726e+00
9.634393827325287152e-01 2.796201594183992181e-02 -2.664632835203235017e-01 -8.358379400000000459e+00 -2.736045021681224668e-02 9.996078026492499768e-01 5.970481276362755302e-03 -1.737790000000000168e-02 2.665257240190847532e-01 1.538358607851083790e-03 9.638265777041512550e-01 8.102258700000000147e+00
9.563944364878461668e-01 2.417410318735008570e-02 -2.910760975933655015e-01 -8.397423699999999158e+00 -2.352363563567872948e-02 9.997068347340141159e-01 5.734383365138476761e-03 -1.748890000000000167e-02 2.911293877669770547e-01 1.362835714934700591e-03 9.566827176536844002e-01 8.231208799999999215e+00
9.491576023026924158e-01 2.615524933779986988e-02 -3.137128446893459044e-01 -8.441388099999999284e+00 -2.145130058485330421e-02 9.995998678517951097e-01 1.843762169837042178e-02 -1.845590000000000078e-02 3.140695586875977829e-01 -1.077066027462880368e-02 9.493388779477148764e-01 8.359415999999999514e+00
9.378126970504729876e-01 1.765090752976054833e-02 -3.466926458901223307e-01 -8.511072199999999199e+00 -1.691009606494344591e-02 9.998436887150846664e-01 5.162052662186106602e-03 -1.920089999999999991e-02 3.467295688313765667e-01 1.021567417570060695e-03 9.379645848847487644e-01 8.548817599999999572e+00
9.322063568838657721e-01 1.377061086777742714e-02 -3.616651468715766371e-01 -8.560346600000000805e+00 -1.581040064582429905e-02 9.998714127889295478e-01 -2.681253230993038261e-03 -2.053349999999999967e-02 3.615817188641169966e-01 8.217552178017627912e-03 9.323042059432491424e-01 8.674296399999999352e+00
9.259623547708379920e-01 1.882863099043434116e-02 -3.771461257951231327e-01 -8.612810100000000801e+00 -2.044001486512389207e-02 9.997910445016144898e-01 -2.704194597895372143e-04 -2.290520000000000056e-02 3.770622274102223837e-01 7.959270657338779822e-03 9.261537273428450678e-01 8.800087899999999408e+00
9.226221395276438253e-01 1.936689285290464288e-02 -3.852185238467344397e-01 -8.639098199999999395e+00 -1.845901921950804728e-02 9.998112823561441376e-01 6.055103865047419161e-03 -2.301759999999999917e-02 3.852630948623119722e-01 1.524183252365236482e-03 9.228055182986967253e-01 8.863007500000000149e+00
9.171619751039442603e-01 3.117938851086190719e-02 -3.972930368827530812e-01 -8.695646299999999940e+00 -2.467751109361509057e-02 9.994649110146371918e-01 2.146886342422115596e-02 -2.448399999999999882e-02 3.977498357883462177e-01 -9.886221856305337993e-03 9.174406415391415104e-01 8.988696100000000300e+00
