1.000000e+00 1.197625e-11 1.704638e-10 5.551115e-17 1.197625e-11 1.000000e+00 3.562503e-10 0.000000e+00 1.704638e-10 3.562503e-10 1.000000e+00 2.220446e-16
9.991403e-01 2.230707e-03 -4.139680e-02 -4.273697e-02 -2.379114e-03 9.999909e-01 -3.536042e-03 -7.303015e-03 4.138854e-02 3.631490e-03 9.991365e-01 5.011396e-01
9.984892e-01 2.145631e-03 -5.490591e-02 -6.000009e-02 -2.394373e-03 9.999871e-01 -4.464951e-03 -8.065471e-03 5.489562e-02 4.589671e-03 9.984816e-01 6.279359e-01
9.959798e-01 9.912399e-04 -8.957233e-02 -1.090497e-01 -1.397593e-03 9.999890e-01 -4.473982e-03 -1.033982e-02 8.956691e-02 4.581182e-03 9.959703e-01 9.191805e-01
9.877899e-01 2.927872e-03 -1.557641e-01 -2.325643e-01 -3.900867e-03 9.999747e-01 -5.941284e-03 -2.265364e-02 1.557428e-01 6.476356e-03 9.877764e-01 1.425643e+00
9.713483e-01 1.158386e-02 -2.373782e-01 -4.366243e-01 -1.400444e-02 9.998657e-01 -8.513365e-03 -4.313507e-02 2.372477e-01 1.159379e-02 9.713800e-01 1.979231e+00
9.538090e-01 1.577198e-02 -2.999995e-01 -6.200940e-01 -1.861376e-02 9.998048e-01 -6.616866e-03 -4.902232e-02 2.998367e-01 1.189534e-02 9.539164e-01 2.368741e+00
9.299713e-01 2.036643e-02 -3.670676e-01 -8.394934e-01 -2.385302e-02 9.997031e-01 -4.964301e-03 -5.397789e-02 3.668575e-01 1.337233e-02 9.301810e-01 2.758285e+00
7.390815e-01 2.703623e-02 -6.730732e-01 -2.187835e+00 -3.078163e-02 9.995059e-01 6.348111e-03 -5.358748e-02 6.729124e-01 1.602652e-02 7.395486e-01 4.215884e+00
6.131629e-01 1.930946e-02 -7.897204e-01 -2.929115e+00 -1.750863e-02 9.997878e-01 1.085159e-02 -5.283789e-02 7.897624e-01 7.173130e-03 6.133709e-01 4.687680e+00
5.654772e-01 2.029055e-02 -8.245143e-01 -3.215512e+00 -1.550389e-02 9.997822e-01 1.397070e-02 -5.138930e-02 8.246182e-01 4.883068e-03 5.656686e-01 4.824434e+00
5.147145e-01 2.089948e-02 -8.571069e-01 -3.517839e+00 -1.382236e-02 9.997752e-01 1.607760e-02 -4.877551e-02 8.572503e-01 3.571869e-03 5.148876e-01 4.948178e+00
4.081172e-01 2.482780e-02 -9.125918e-01 -4.177130e+00 -1.202969e-02 9.996896e-01 2.181762e-02 -3.878842e-02 9.128503e-01 2.074055e-03 4.082892e-01 5.153468e+00
3.528221e-01 2.685154e-02 -9.353051e-01 -4.534335e+00 -1.174859e-02 9.996365e-01 2.426655e-02 -3.325067e-02 9.356167e-01 2.426748e-03 3.530093e-01 5.233794e+00
2.977517e-01 2.999078e-02 -9.541721e-01 -4.911075e+00 -9.323251e-03 9.995501e-01 2.850773e-02 -2.945435e-02 9.545979e-01 4.077656e-04 2.978973e-01 5.302451e+00
1.928119e-01 3.260781e-02 -9.806938e-01 -5.701357e+00 -2.205280e-03 9.994595e-01 3.279820e-02 -2.303083e-02 9.812333e-01 -4.161174e-03 1.927796e-01 5.401694e+00
1.020609e-01 3.392393e-02 -9.941995e-01 -6.558994e+00 -6.144850e-03 9.994208e-01 3.347129e-02 -5.757046e-03 9.947592e-01 2.693100e-03 1.022102e-01 5.427674e+00
6.378191e-02 3.251618e-02 -9.974340e-01 -7.009091e+00 -7.384401e-03 9.994570e-01 3.210994e-02 6.191584e-03 9.979366e-01 5.317422e-03 6.398739e-02 5.424017e+00
2.904726e-02 2.991174e-02 -9.991304e-01 -7.473426e+00 -6.521623e-03 9.995365e-01 2.973431e-02 1.625113e-02 9.995568e-01 5.652255e-03 2.922887e-02 5.410697e+00
-2.964894e-02 2.550783e-02 -9.992348e-01 -8.444612e+00 -6.326376e-03 9.996495e-01 2.570614e-02 3.066422e-02 9.995404e-01 7.083698e-03 -2.947717e-02 5.353644e+00
-5.091764e-02 2.313000e-02 -9.984350e-01 -8.953007e+00 -6.820021e-03 9.997004e-01 2.350713e-02 4.057477e-02 9.986796e-01 8.006278e-03 -5.074464e-02 5.310729e+00
-6.733280e-02 2.173972e-02 -9.974937e-01 -9.480377e+00 -6.474859e-03 9.997320e-01 2.222558e-02 5.248992e-02 9.977096e-01 7.955144e-03 -6.717399e-02 5.263869e+00
-9.045247e-02 2.383599e-02 -9.956155e-01 -1.057921e+01 -6.387145e-03 9.996791e-01 2.451356e-02 6.596199e-02 9.958803e-01 8.576455e-03 -9.027120e-02 5.153075e+00
-1.018114e-01 2.626013e-02 -9.944570e-01 -1.173941e+01 -8.587813e-03 9.995911e-01 2.727492e-02 7.855473e-02 9.947667e-01 1.131711e-02 -1.015442e-01 5.025880e+00
-1.035005e-01 2.648562e-02 -9.942767e-01 -1.234412e+01 -6.117944e-03 9.996095e-01 2.726454e-02 9.123047e-02 9.946106e-01 8.904824e-03 -1.032980e-01 4.964841e+00
-1.013578e-01 3.126980e-02 -9.943585e-01 -1.360015e+01 -4.596263e-03 9.994805e-01 3.189940e-02 1.095163e-01 9.948395e-01 7.803588e-03 -1.011614e-01 4.835681e+00
-9.786425e-02 2.880843e-02 -9.947827e-01 -1.491341e+01 -8.778970e-03 9.995170e-01 2.980919e-02 1.296149e-01 9.951611e-01 1.165042e-02 -9.756407e-02 4.697363e+00
-9.508533e-02 3.088559e-02 -9.949899e-01 -1.629098e+01 -8.691167e-03 9.994547e-01 3.185476e-02 1.622254e-01 9.954312e-01 1.167655e-02 -9.476505e-02 4.563302e+00
-9.324592e-02 3.432541e-02 -9.950512e-01 -1.700478e+01 -9.606841e-03 9.993280e-01 3.537320e-02 1.770188e-01 9.955968e-01 1.285771e-02 -9.285350e-02 4.494630e+00
-8.963018e-02 3.633795e-02 -9.953120e-01 -1.847183e+01 -1.191924e-02 9.992235e-01 3.755412e-02 2.092753e-01 9.959038e-01 1.522934e-02 -8.912746e-02 4.359249e+00
-8.620014e-02 3.252667e-02 -9.957467e-01 -1.998833e+01 -1.553740e-02 9.993014e-01 3.398785e-02 2.503189e-01 9.961567e-01 1.840107e-02 -8.563454e-02 4.223122e+00
-8.331618e-02 3.705888e-02 -9.958338e-01 -2.156448e+01 -1.052013e-02 9.992199e-01 3.806506e-02 2.880249e-01 9.964677e-01 1.364774e-02 -8.286132e-02 4.100217e+00
-8.125065e-02 3.526391e-02 -9.960697e-01 -2.316415e+01 -9.827283e-03 9.992970e-01 3.617980e-02 3.216152e-01 9.966453e-01 1.272829e-02 -8.084698e-02 3.971019e+00
-8.068463e-02 2.317276e-02 -9.964703e-01 -2.478947e+01 -5.031547e-03 9.997075e-01 2.365546e-02 3.492536e-01 9.967270e-01 6.922422e-03 -8.054443e-02 3.849052e+00
-8.098689e-02 3.123790e-02 -9.962255e-01 -2.646136e+01 -4.490308e-03 9.994872e-01 3.170522e-02 3.717697e-01 9.967051e-01 7.041069e-03 -8.080509e-02 3.716343e+00
-8.165962e-02 4.388270e-02 -9.956937e-01 -2.815287e+01 -7.595689e-03 9.989738e-01 4.465022e-02 4.028815e-01 9.966314e-01 1.120910e-02 -8.124250e-02 3.569541e+00
-8.245294e-02 4.133613e-02 -9.957373e-01 -2.983721e+01 -9.690603e-03 9.990589e-01 4.227647e-02 4.370064e-01 9.965479e-01 1.313512e-02 -8.197477e-02 3.418460e+00
-8.288970e-02 3.922072e-02 -9.957866e-01 -3.151586e+01 -1.105292e-02 9.991276e-01 4.027237e-02 4.763855e-01 9.964975e-01 1.434452e-02 -8.238388e-02 3.271990e+00
-8.271724e-02 4.082259e-02 -9.957366e-01 -3.319517e+01 -1.302830e-02 9.990310e-01 4.203994e-02 5.076454e-01 9.964879e-01 1.645018e-02 -8.210524e-02 3.123626e+00
-8.195133e-02 3.105421e-02 -9.961524e-01 -3.486004e+01 -1.499027e-02 9.993629e-01 3.238752e-02 5.386702e-01 9.965236e-01 1.758679e-02 -8.143361e-02 2.980358e+00
-8.074712e-02 3.441770e-02 -9.961402e-01 -3.653345e+01 -1.407711e-02 9.992646e-01 3.566675e-02 5.579548e-01 9.966352e-01 1.690276e-02 -8.020323e-02 2.843137e+00
-7.964970e-02 4.443042e-02 -9.958322e-01 -3.821476e+01 -1.275581e-02 9.988789e-01 4.558661e-02 5.878615e-01 9.967413e-01 1.633361e-02 -7.899366e-02 2.706985e+00
-7.952916e-02 4.776542e-02 -9.956875e-01 -3.988167e+01 -1.253987e-02 9.987243e-01 4.891272e-02 6.246496e-01 9.967537e-01 1.637579e-02 -7.882874e-02 2.572257e+00
-7.862370e-02 3.683575e-02 -9.962236e-01 -4.236520e+01 -1.711449e-02 9.991199e-01 3.829356e-02 6.807227e-01 9.967575e-01 2.006064e-02 -7.792408e-02 2.363072e+00
-7.976546e-02 3.312770e-02 -9.962630e-01 -4.401519e+01 -1.910751e-02 9.992131e-01 3.475564e-02 7.092788e-01 9.966305e-01 2.180841e-02 -7.906970e-02 2.223683e+00
-8.168221e-02 2.762876e-02 -9.962754e-01 -4.566121e+01 -1.115209e-02 9.995277e-01 2.863330e-02 7.331961e-01 9.965961e-01 1.344938e-02 -8.133552e-02 2.096619e+00
-8.682806e-02 4.163558e-02 -9.953529e-01 -4.812333e+01 -6.298404e-03 9.990833e-01 4.234107e-02 7.646921e-01 9.962034e-01 9.945529e-03 -8.648623e-02 1.890493e+00
-9.088125e-02 3.306855e-02 -9.953125e-01 -5.053252e+01 -1.334325e-02 9.993184e-01 3.442002e-02 7.989932e-01 9.957724e-01 1.640884e-02 -9.037806e-02 1.659366e+00
-9.301301e-02 3.268320e-02 -9.951283e-01 -5.212276e+01 -1.993854e-02 9.991995e-01 3.468054e-02 8.219496e-01 9.954653e-01 2.306714e-02 -9.228690e-02 1.493752e+00
-9.489148e-02 3.383215e-02 -9.949125e-01 -5.370196e+01 -2.126901e-02 9.991253e-01 3.600398e-02 8.419538e-01 9.952604e-01 2.457727e-02 -9.408890e-02 1.337479e+00
-9.600787e-02 3.526470e-02 -9.947557e-01 -5.526303e+01 -2.088946e-02 9.990807e-01 3.743416e-02 8.601357e-01 9.951614e-01 2.437388e-02 -9.518295e-02 1.184702e+00
-9.631889e-02 4.229139e-02 -9.944516e-01 -5.681074e+01 -2.023666e-02 9.988072e-01 4.443667e-02 8.820234e-01 9.951448e-01 2.440447e-02 -9.534816e-02 1.032637e+00
-9.751230e-02 4.461774e-02 -9.942337e-01 -5.833039e+01 -1.973636e-02 9.987114e-01 4.675439e-02 9.106542e-01 9.950386e-01 2.418168e-02 -9.650605e-02 8.830630e-01
-9.675594e-02 3.416077e-02 -9.947217e-01 -6.124548e+01 -1.957872e-02 9.991521e-01 3.621733e-02 9.508013e-01 9.951156e-01 2.297962e-02 -9.600508e-02 5.919478e-01
-9.065597e-02 3.447304e-02 -9.952854e-01 -6.262022e+01 -2.266347e-02 9.990704e-01 3.666846e-02 9.607290e-01 9.956244e-01 2.588084e-02 -8.979042e-02 4.617179e-01
-6.908210e-02 3.878501e-02 -9.968567e-01 -6.457047e+01 -2.201573e-02 9.989413e-01 4.039181e-02 9.742130e-01 9.973681e-01 2.473688e-02 -6.815508e-02 3.201877e-01
-2.429915e-02 4.346382e-02 -9.987594e-01 -6.637563e+01 -2.907338e-02 9.986011e-01 4.416428e-02 9.966522e-01 9.992819e-01 3.011046e-02 -2.300152e-02 2.555668e-01
5.165759e-02 4.439305e-02 -9.976777e-01 -6.799052e+01 -2.852108e-02 9.986696e-01 4.296044e-02 1.013813e+00 9.982575e-01 2.623562e-02 5.285500e-02 3.455598e-01
1.629811e-01 4.426984e-02 -9.856355e-01 -6.940376e+01 -2.671630e-02 9.988245e-01 4.044453e-02 1.021543e+00 9.862674e-01 1.974084e-02 1.639723e-01 6.110892e-01
3.052822e-01 3.940288e-02 -9.514463e-01 -7.068171e+01 -1.572097e-02 9.992159e-01 3.633695e-02 1.023888e+00 9.521322e-01 3.864635e-03 3.056623e-01 1.080744e+00
4.079745e-01 2.889902e-02 -9.125358e-01 -7.145144e+01 -4.496180e-03 9.995504e-01 2.964455e-02 1.032362e+00 9.129823e-01 -7.991289e-03 4.079211e-01 1.513560e+00
5.069013e-01 2.653927e-02 -8.615955e-01 -7.217075e+01 -3.181020e-03 9.995767e-01 2.891796e-02 1.045549e+00 8.619983e-01 -1.191779e-02 5.067711e-01 2.013647e+00
5.956629e-01 1.585576e-02 -8.030780e-01 -7.281071e+01 1.549808e-02 9.993921e-01 3.122705e-02 1.052187e+00 8.030850e-01 -3.104695e-02 5.950551e-01 2.601772e+00
6.793713e-01 6.183858e-03 -7.337686e-01 -7.338524e+01 1.438602e-02 9.996600e-01 2.174420e-02 1.051991e+00 7.336537e-01 -2.532839e-02 6.790514e-01 3.220823e+00
7.198790e-01 -1.153949e-03 -6.940987e-01 -7.365932e+01 1.134516e-02 9.998846e-01 1.010422e-02 1.056081e+00 6.940069e-01 -1.514848e-02 7.198090e-01 3.554385e+00
7.967185e-01 -6.044423e-03 -6.043204e-01 -7.416588e+01 5.806608e-03 9.999804e-01 -2.346559e-03 1.057855e+00 6.043228e-01 -1.639502e-03 7.967379e-01 4.300551e+00
8.310408e-01 -8.059018e-03 -5.561530e-01 -7.440171e+01 6.588534e-03 9.999675e-01 -4.645155e-03 1.057076e+00 5.561724e-01 1.960829e-04 8.310669e-01 4.718510e+00
8.886387e-01 -5.432656e-03 -4.585759e-01 -7.482560e+01 3.165614e-03 9.999786e-01 -5.712150e-03 1.044844e+00 4.585971e-01 3.624365e-03 8.886369e-01 5.623155e+00
9.103879e-01 1.247129e-04 -4.137557e-01 -7.501816e+01 -2.268793e-03 9.999864e-01 -4.690620e-03 1.038119e+00 4.137495e-01 5.209011e-03 9.103759e-01 6.110247e+00
9.282975e-01 4.418182e-03 -3.718121e-01 -7.520557e+01 -7.412496e-03 9.999506e-01 -6.624412e-03 1.035836e+00 3.717645e-01 8.905481e-03 9.282844e-01 6.618096e+00
9.422181e-01 8.825716e-03 -3.348837e-01 -7.537989e+01 -1.143552e-02 9.999176e-01 -5.822212e-03 1.030282e+00 3.348048e-01 9.315364e-03 9.422415e-01 7.151976e+00
9.526123e-01 1.032154e-02 -3.040119e-01 -7.553930e+01 -1.194835e-02 9.999225e-01 -3.491331e-03 1.020134e+00 3.039523e-01 6.958325e-03 9.526619e-01 7.706095e+00
9.661414e-01 8.961543e-03 -2.578573e-01 -7.583698e+01 -9.326138e-03 9.999565e-01 -1.908557e-04 1.004688e+00 2.578444e-01 2.589208e-03 9.661830e-01 8.874404e+00
9.708685e-01 1.164663e-02 -2.393295e-01 -7.598069e+01 -1.133083e-02 9.999321e-01 2.695421e-03 9.966334e-01 2.393447e-01 9.490508e-05 9.709347e-01 9.486418e+00
9.745261e-01 1.556476e-02 -2.237336e-01 -7.612225e+01 -1.516088e-02 9.998788e-01 3.522981e-03 9.889481e-01 2.237613e-01 -4.123826e-05 9.746440e-01 1.011220e+01
9.802980e-01 1.842505e-02 -1.966633e-01 -7.637903e+01 -1.774418e-02 9.998289e-01 5.223750e-03 9.768095e-01 1.967259e-01 -1.631200e-03 9.804572e-01 1.141499e+01
9.829611e-01 1.830401e-02 -1.828999e-01 -7.649294e+01 -1.770182e-02 9.998312e-01 4.924682e-03 9.734490e-01 1.829592e-01 -1.603108e-03 9.831192e-01 1.209150e+01
9.879063e-01 1.985395e-02 -1.537755e-01 -7.670271e+01 -1.919323e-02 9.997991e-01 5.780145e-03 9.650851e-01 1.538594e-01 -2.758791e-03 9.880889e-01 1.349407e+01
9.913422e-01 2.118524e-02 -1.295831e-01 -7.688462e+01 -2.151281e-02 9.997679e-01 -1.128479e-03 9.437305e-01 1.295291e-01 3.906406e-03 9.915679e-01 1.494545e+01
9.935925e-01 1.788793e-02 -1.115977e-01 -7.704091e+01 -1.906292e-02 9.997734e-01 -9.470564e-03 9.267552e-01 1.114030e-01 1.153726e-02 9.937084e-01 1.644684e+01
9.947552e-01 2.430267e-02 -9.935508e-02 -7.719881e+01 -2.389875e-02 9.997006e-01 5.253839e-03 8.975356e-01 9.945301e-02 -2.851820e-03 9.950382e-01 1.799359e+01
9.955248e-01 2.343596e-02 -9.154850e-02 -7.733723e+01 -2.275392e-02 9.997050e-01 8.486912e-03 8.765600e-01 9.172041e-02 -6.365842e-03 9.957645e-01 1.953401e+01
9.961043e-01 2.209172e-02 -8.537129e-02 -7.746374e+01 -2.137124e-02 9.997279e-01 9.344273e-03 8.595219e-01 8.555450e-02 -7.483377e-03 9.963054e-01 2.107246e+01
9.966536e-01 1.782813e-02 -7.977275e-02 -7.757340e+01 -1.673759e-02 9.997574e-01 1.431852e-02 8.408161e-01 8.000867e-02 -1.293540e-02 9.967102e-01 2.261434e+01
9.969879e-01 1.955555e-02 -7.505097e-02 -7.767675e+01 -1.932613e-02 9.998061e-01 3.782018e-03 8.191268e-01 7.511038e-02 -2.320180e-03 9.971725e-01 2.413827e+01
9.971687e-01 2.063475e-02 -7.231107e-02 -7.778961e+01 -2.132267e-02 9.997343e-01 -8.754247e-03 7.903154e-01 7.211122e-02 1.027133e-02 9.973437e-01 2.565478e+01
9.973626e-01 2.544213e-02 -6.797409e-02 -7.790878e+01 -2.571467e-02 9.996644e-01 -3.137224e-03 7.508496e-01 6.787147e-02 4.876881e-03 9.976822e-01 2.718067e+01
9.976148e-01 2.726027e-02 -6.341609e-02 -7.802007e+01 -2.705552e-02 9.996256e-01 4.085521e-03 7.137060e-01 6.350372e-02 -2.360019e-03 9.979788e-01 2.869200e+01
9.978606e-01 2.223991e-02 -6.147886e-02 -7.810970e+01 -2.201720e-02 9.997483e-01 4.297682e-03 6.798769e-01 6.155897e-02 -2.934894e-03 9.980991e-01 3.019277e+01
9.980139e-01 2.011648e-02 -5.969513e-02 -7.819810e+01 -2.011991e-02 9.997974e-01 5.437240e-04 6.476766e-01 5.969397e-02 6.584171e-04 9.982165e-01 3.170130e+01
9.980745e-01 2.157565e-02 -5.815252e-02 -7.829498e+01 -2.151672e-02 9.997671e-01 1.639538e-03 6.149092e-01 5.817435e-02 -3.851293e-04 9.983064e-01 3.323079e+01
9.979711e-01 2.159270e-02 -5.989508e-02 -7.839928e+01 -2.159192e-02 9.997666e-01 6.603379e-04 5.789981e-01 5.989536e-02 6.342523e-04 9.982045e-01 3.477685e+01
9.976774e-01 2.011746e-02 -6.507739e-02 -7.850718e+01 -2.011485e-02 9.997974e-01 6.953249e-04 5.473641e-01 6.507820e-02 6.153131e-04 9.978800e-01 3.634754e+01
9.971704e-01 2.553434e-02 -7.070529e-02 -7.863617e+01 -2.581427e-02 9.996621e-01 -3.047894e-03 5.110168e-01 7.060358e-02 4.864475e-03 9.974926e-01 3.793752e+01
9.968668e-01 2.420540e-02 -7.530350e-02 -7.876270e+01 -2.494465e-02 9.996493e-01 -8.891721e-03 4.825696e-01 7.506187e-02 1.074228e-02 9.971210e-01 3.954602e+01
9.965245e-01 2.452513e-02 -7.960794e-02 -7.889593e+01 -2.510311e-02 9.996652e-01 -6.267558e-03 4.461482e-01 7.942758e-02 8.244181e-03 9.968066e-01 4.119468e+01
9.963375e-01 2.221964e-02 -8.257034e-02 -7.902897e+01 -2.241261e-02 9.997478e-01 -1.410729e-03 4.207820e-01 8.251817e-02 3.256179e-03 9.965843e-01 4.287429e+01
9.963146e-01 2.183582e-02 -8.294879e-02 -7.917130e+01 -2.140884e-02 9.997526e-01 6.033575e-03 3.888969e-01 8.306002e-02 -4.235500e-03 9.965356e-01 4.457894e+01
9.965520e-01 2.539001e-02 -7.899005e-02 -7.931863e+01 -2.509685e-02 9.996739e-01 4.702072e-03 3.639286e-01 7.908368e-02 -2.703457e-03 9.968643e-01 4.629920e+01
9.969335e-01 1.893559e-02 -7.592862e-02 -7.944527e+01 -1.895157e-02 9.998202e-01 5.102881e-04 3.344377e-01 7.592464e-02 9.302438e-04 9.971131e-01 4.803166e+01
9.972126e-01 1.581570e-02 -7.291775e-02 -7.957376e+01 -1.565802e-02 9.998736e-01 2.733572e-03 3.027919e-01 7.295177e-02 -1.584204e-03 9.973342e-01 4.977895e+01
9.973788e-01 1.166362e-02 -7.141078e-02 -7.969742e+01 -1.127732e-02 9.999195e-01 5.810410e-03 2.720427e-01 7.147281e-02 -4.989856e-03 9.974301e-01 5.152945e+01
9.974391e-01 1.598027e-02 -6.971308e-02 -7.983358e+01 -1.619357e-02 9.998657e-01 -2.495506e-03 2.408602e-01 6.966385e-02 3.618019e-03 9.975640e-01 5.325480e+01
9.974312e-01 2.221504e-02 -6.809873e-02 -7.996964e+01 -2.324070e-02 9.996275e-01 -1.430614e-02 1.922996e-01 6.775555e-02 1.585205e-02 9.975760e-01 5.496562e+01
9.975764e-01 1.936231e-02 -6.683203e-02 -8.009273e+01 -2.008845e-02 9.997460e-01 -1.021019e-02 1.408072e-01 6.661737e-02 1.152800e-02 9.977120e-01 5.667063e+01
9.974598e-01 2.043472e-02 -6.823714e-02 -8.022244e+01 -1.982576e-02 9.997574e-01 9.589694e-03 9.233457e-02 6.841656e-02 -8.212479e-03 9.976230e-01 5.837775e+01
9.972626e-01 1.027044e-02 -7.322438e-02 -8.033871e+01 -1.012140e-02 9.999459e-01 2.406207e-03 5.914325e-02 7.324513e-02 -1.658486e-03 9.973126e-01 6.004264e+01
9.968586e-01 1.117945e-02 -7.840894e-02 -8.047401e+01 -1.129988e-02 9.999355e-01 -1.092300e-03 1.826730e-02 7.839168e-02 1.974881e-03 9.969207e-01 6.169567e+01
9.965538e-01 1.302843e-02 -8.191992e-02 -8.054972e+01 -1.342493e-02 9.999006e-01 -4.291024e-03 -3.742664e-03 8.185588e-02 5.376005e-03 9.966297e-01 6.251365e+01
9.959022e-01 1.469750e-02 -8.923512e-02 -8.069604e+01 -1.586026e-02 9.997981e-01 -1.233511e-02 -5.452812e-02 8.903581e-02 1.369985e-02 9.959342e-01 6.413629e+01
9.955324e-01 2.018083e-02 -9.223929e-02 -8.077810e+01 -2.133438e-02 9.997058e-01 -1.153712e-02 -8.379998e-02 9.197933e-02 1.345344e-02 9.956700e-01 6.494508e+01
9.946717e-01 2.644463e-02 -9.964404e-02 -8.094518e+01 -2.706427e-02 9.996218e-01 -4.871640e-03 -1.360470e-01 9.947753e-02 7.542475e-03 9.950112e-01 6.655929e+01
9.937512e-01 2.685355e-02 -1.083396e-01 -8.112341e+01 -2.642608e-02 9.996363e-01 5.379751e-03 -1.755819e-01 1.084446e-01 -2.483143e-03 9.940994e-01 6.815999e+01
9.923841e-01 2.388637e-02 -1.208442e-01 -8.131685e+01 -2.290157e-02 9.996923e-01 9.531912e-03 -2.042169e-01 1.210347e-01 -6.691793e-03 9.926257e-01 6.973955e+01
9.906752e-01 2.878540e-02 -1.331689e-01 -8.154226e+01 -2.781246e-02 9.995712e-01 9.160900e-03 -2.305564e-01 1.333755e-01 -5.371720e-03 9.910510e-01 7.129191e+01
9.889858e-01 2.968952e-02 -1.450022e-01 -8.178344e+01 -2.963715e-02 9.995575e-01 2.521779e-03 -2.550723e-01 1.450129e-01 1.803450e-03 9.894281e-01 7.282193e+01
9.864030e-01 3.427245e-02 -1.607315e-01 -8.218657e+01 -3.300776e-02 9.993996e-01 1.053264e-02 -2.975894e-01 1.609960e-01 -5.084039e-03 9.869420e-01 7.510124e+01
9.827805e-01 2.892232e-02 -1.824992e-01 -8.261416e+01 -2.899126e-02 9.995770e-01 2.290686e-03 -3.380953e-01 1.824882e-01 3.039639e-03 9.832033e-01 7.733161e+01
9.766120e-01 2.610930e-02 -2.134180e-01 -8.310119e+01 -2.486657e-02 9.996546e-01 8.505821e-03 -3.866320e-01 2.135664e-01 -2.999910e-03 9.769240e-01 7.954411e+01
9.712876e-01 2.949127e-02 -2.360734e-01 -8.346726e+01 -2.505677e-02 9.994491e-01 2.176316e-02 -4.083909e-01 2.365852e-01 -1.522305e-02 9.714915e-01 8.101060e+01
9.618068e-01 2.926476e-02 -2.721603e-01 -8.405742e+01 -2.967254e-02 9.995562e-01 2.618079e-03 -4.274942e-01 2.721162e-01 5.557600e-03 9.622484e-01 8.314038e+01
9.548139e-01 2.935585e-02 -2.957510e-01 -8.449278e+01 -2.609382e-02 9.995474e-01 1.497147e-02 -4.369496e-01 2.960566e-01 -6.577694e-03 9.551477e-01 8.458416e+01
9.430702e-01 2.468379e-02 -3.316766e-01 -8.521230e+01 -2.123288e-02 9.996762e-01 1.402483e-02 -4.477484e-01 3.319154e-01 -6.183949e-03 9.432889e-01 8.671556e+01
9.343112e-01 1.670852e-02 -3.560666e-01 -8.599632e+01 -1.806969e-02 9.998366e-01 -4.968568e-04 -4.725988e-01 3.560002e-01 6.898232e-03 9.344604e-01 8.882079e+01
9.281430e-01 2.311602e-02 -3.715053e-01 -8.656905e+01 -2.398840e-02 9.997096e-01 2.273564e-03 -4.896331e-01 3.714500e-01 6.801627e-03 9.284281e-01 9.021553e+01
9.220800e-01 2.377708e-02 -3.862682e-01 -8.715878e+01 -1.933902e-02 9.996948e-01 1.537198e-02 -4.804139e-01 3.865158e-01 -6.704146e-03 9.222584e-01 9.162194e+01
9.166730e-01 4.222960e-02 -3.974007e-01 -8.780250e+01 -3.629672e-02 9.990890e-01 2.244315e-02 -4.756232e-01 3.979864e-01 -6.148685e-03 9.173707e-01 9.300351e+01
9.121701e-01 3.050276e-02 -4.086750e-01 -8.842784e+01 -3.076794e-02 9.995090e-01 5.926946e-03 -4.619748e-01 4.086552e-01 7.167704e-03 9.126607e-01 9.437577e+01
9.082629e-01 3.717963e-02 -4.167447e-01 -8.908452e+01 -3.633541e-02 9.992900e-01 9.960858e-03 -4.666220e-01 4.168192e-01 6.095514e-03 9.089690e-01 9.576606e+01
9.012369e-01 3.463436e-02 -4.319404e-01 -9.008495e+01 -3.478352e-02 9.993663e-01 7.557112e-03 -4.847031e-01 4.319284e-01 8.213660e-03 9.018705e-01 9.784976e+01
8.990019e-01 3.151276e-02 -4.368096e-01 -9.042665e+01 -3.495250e-02 9.993889e-01 1.628784e-04 -4.875902e-01 4.365478e-01 1.512116e-02 8.995540e-01 9.853474e+01
8.945911e-01 3.566952e-02 -4.454599e-01 -9.113104e+01 -3.821885e-02 9.992640e-01 3.261876e-03 -5.064823e-01 4.452484e-01 1.410692e-02 8.952960e-01 9.990950e+01
8.901319e-01 3.804467e-02 -4.541121e-01 -9.184000e+01 -3.946244e-02 9.992008e-01 6.358551e-03 -5.261980e-01 4.539911e-01 1.226042e-02 8.909219e-01 1.012774e+02
8.857904e-01 3.453353e-02 -4.627988e-01 -9.255294e+01 -3.625907e-02 9.993290e-01 5.169495e-03 -5.434586e-01 4.626668e-01 1.220156e-02 8.864483e-01 1.026273e+02
8.813923e-01 3.522323e-02 -4.710700e-01 -9.328321e+01 -3.658770e-02 9.993108e-01 6.264141e-03 -5.589669e-01 4.709660e-01 1.171420e-02 8.820736e-01 1.039601e+02
8.766763e-01 3.328006e-02 -4.799282e-01 -9.401507e+01 -3.630651e-02 9.993362e-01 2.977368e-03 -5.767572e-01 4.797088e-01 1.481433e-02 8.773027e-01 1.052674e+02
8.722627e-01 2.821580e-02 -4.882229e-01 -9.474824e+01 -3.480935e-02 9.993841e-01 -4.433357e-03 -5.980777e-01 4.877972e-01 2.086177e-02 8.727077e-01 1.065472e+02
8.684481e-01 3.401415e-02 -4.946119e-01 -9.549621e+01 -3.470690e-02 9.993672e-01 7.786899e-03 -6.134439e-01 4.945638e-01 1.040393e-02 8.690791e-01 1.078233e+02
8.654369e-01 3.625525e-02 -4.997044e-01 -9.622320e+01 -2.861616e-02 9.993271e-01 2.294432e-02 -6.251307e-01 5.002000e-01 -5.557237e-03 8.658921e-01 1.090677e+02
8.621072e-01 3.082854e-02 -5.057872e-01 -9.692077e+01 -2.471299e-02 9.995178e-01 1.879927e-02 -6.262052e-01 5.061229e-01 -3.707466e-03 8.624534e-01 1.102481e+02
8.589787e-01 2.761315e-02 -5.112661e-01 -9.760083e+01 -2.319451e-02 9.996181e-01 1.501961e-02 -6.270850e-01 5.114857e-01 -1.042954e-03 8.592912e-01 1.113654e+02
8.563908e-01 2.615873e-02 -5.156651e-01 -9.824175e+01 -2.116463e-02 9.996549e-01 1.556149e-02 -6.324615e-01 5.158942e-01 -2.412857e-03 8.566489e-01 1.124233e+02
8.538736e-01 2.501776e-02 -5.198789e-01 -9.884348e+01 -1.842777e-02 9.996710e-01 1.783982e-02 -6.367940e-01 5.201542e-01 -5.652739e-03 8.540537e-01 1.134056e+02
8.514464e-01 2.200552e-02 -5.239798e-01 -9.939682e+01 -1.525940e-02 9.997358e-01 1.718988e-02 -6.400806e-01 5.242196e-01 -6.640636e-03 8.515572e-01 1.143023e+02
8.487383e-01 2.004088e-02 -5.284333e-01 -9.991884e+01 -1.744868e-02 9.997988e-01 9.892447e-03 -6.560401e-01 5.285252e-01 8.243642e-04 8.489172e-01 1.151137e+02
8.440195e-01 1.231158e-02 -5.361711e-01 -1.003993e+02 -9.473063e-03 9.999227e-01 8.048149e-03 -6.585884e-01 5.362288e-01 -1.713609e-03 8.440709e-01 1.158608e+02
8.370973e-01 1.671075e-02 -5.467988e-01 -1.008652e+02 -1.245354e-02 9.998564e-01 1.149150e-02 -6.647242e-01 5.469123e-01 -2.809920e-03 8.371852e-01 1.165286e+02
8.297184e-01 2.829663e-02 -5.574645e-01 -1.013056e+02 -1.887682e-02 9.995654e-01 2.264161e-02 -6.713923e-01 5.578630e-01 -8.262992e-03 8.298920e-01 1.171266e+02
8.200253e-01 2.797336e-02 -5.716433e-01 -1.016929e+02 -1.429213e-02 9.994942e-01 2.840812e-02 -6.721459e-01 5.721489e-01 -1.512537e-02 8.200103e-01 1.176574e+02
8.051579e-01 2.419731e-02 -5.925666e-01 -1.020513e+02 -7.576002e-03 9.995054e-01 3.052057e-02 -6.736387e-01 5.930121e-01 -2.008458e-02 8.049430e-01 1.181220e+02
7.836390e-01 2.664974e-02 -6.206446e-01 -1.024053e+02 -9.010756e-03 9.994619e-01 3.153855e-02 -6.766433e-01 6.211511e-01 -1.912236e-02 7.834575e-01 1.185086e+02
7.108736e-01 2.370184e-02 -7.029203e-01 -1.032450e+02 -2.015155e-02 9.997080e-01 1.332970e-02 -6.827537e-01 7.030310e-01 4.689201e-03 7.111437e-01 1.192422e+02
6.762025e-01 2.487456e-02 -7.362958e-01 -1.035947e+02 -2.049498e-02 9.996781e-01 1.495024e-02 -6.769315e-01 7.364307e-01 4.980977e-03 6.764947e-01 1.194976e+02
6.121995e-01 3.033862e-02 -7.901211e-01 -1.041481e+02 -2.061469e-02 9.995363e-01 2.240702e-02 -6.624189e-01 7.904346e-01 2.570538e-03 6.125411e-01 1.198384e+02
5.382124e-01 4.087249e-02 -8.418176e-01 -1.047330e+02 -2.695693e-02 9.991472e-01 3.127647e-02 -6.537004e-01 8.423781e-01 5.859440e-03 5.388552e-01 1.201137e+02
4.850922e-01 4.926544e-02 -8.730741e-01 -1.051362e+02 -3.346351e-02 9.987262e-01 3.776290e-02 -6.502394e-01 8.738225e-01 1.089764e-02 4.861229e-01 1.202566e+02
4.247164e-01 4.648377e-02 -9.041323e-01 -1.055582e+02 -3.170487e-02 9.988321e-01 3.645917e-02 -6.512936e-01 9.047711e-01 1.318059e-02 4.256942e-01 1.203886e+02
3.530581e-01 4.016684e-02 -9.347388e-01 -1.060565e+02 -3.016432e-02 9.990473e-01 3.153697e-02 -6.404796e-01 9.351151e-01 1.706138e-02 3.539333e-01 1.205003e+02
2.697084e-01 3.786323e-02 -9.621973e-01 -1.066408e+02 -2.804717e-02 9.991116e-01 3.145409e-02 -6.251645e-01 9.625335e-01 1.850348e-02 2.705307e-01 1.205994e+02
1.749796e-01 3.323298e-02 -9.840110e-01 -1.072795e+02 -2.476393e-02 9.992625e-01 2.934449e-02 -6.047007e-01 9.842606e-01 1.923329e-02 1.756735e-01 1.206402e+02
7.422523e-02 3.427442e-02 -9.966523e-01 -1.079733e+02 -2.214724e-02 9.992193e-01 3.271330e-02 -5.851771e-01 9.969956e-01 1.964494e-02 7.492637e-02 1.206163e+02
-3.218362e-02 3.879313e-02 -9.987288e-01 -1.087113e+02 -1.358154e-02 9.991372e-01 3.924666e-02 -5.724405e-01 9.993897e-01 1.482738e-02 -3.162899e-02 1.205308e+02
-1.383601e-01 4.236407e-02 -9.894755e-01 -1.095039e+02 -4.720745e-03 9.990451e-01 4.343391e-02 -5.571731e-01 9.903708e-01 1.068058e-02 -1.380280e-01 1.203764e+02
-2.393286e-01 4.521660e-02 -9.698852e-01 -1.103105e+02 2.445837e-03 9.989399e-01 4.596763e-02 -5.385017e-01 9.709356e-01 8.629191e-03 -2.391855e-01 1.201212e+02
-3.346155e-01 4.809612e-02 -9.411266e-01 -1.111598e+02 1.399587e-02 9.988402e-01 4.606938e-02 -5.145431e-01 9.422508e-01 2.243642e-03 -3.349006e-01 1.197761e+02
-4.214956e-01 5.129773e-02 -9.053783e-01 -1.120419e+02 2.394144e-02 9.986802e-01 4.543827e-02 -4.860644e-01 9.065144e-01 -2.524024e-03 -4.221675e-01 1.193248e+02
-4.952290e-01 5.263507e-02 -8.671665e-01 -1.129599e+02 2.870388e-02 9.986093e-01 4.422091e-02 -4.518107e-01 8.682882e-01 -2.991566e-03 -4.960512e-01 1.187686e+02
-5.663021e-01 4.898964e-02 -8.227405e-01 -1.143790e+02 2.667038e-02 9.987984e-01 4.111539e-02 -4.005528e-01 8.237661e-01 1.340940e-03 -5.669282e-01 1.177492e+02
-5.918390e-01 4.920885e-02 -8.045527e-01 -1.153845e+02 2.658306e-02 9.987834e-01 4.153377e-02 -3.685473e-01 8.056178e-01 3.193840e-03 -5.924271e-01 1.169889e+02
-6.096544e-01 5.169924e-02 -7.909796e-01 -1.164394e+02 2.914620e-02 9.986580e-01 4.280865e-02 -3.334200e-01 7.921314e-01 3.044435e-03 -6.103431e-01 1.161705e+02
-6.217490e-01 5.159735e-02 -7.815151e-01 -1.175268e+02 2.820515e-02 9.986554e-01 4.349432e-02 -2.939813e-01 7.827086e-01 4.999804e-03 -6.223683e-01 1.152919e+02
-6.296183e-01 5.276167e-02 -7.751110e-01 -1.186599e+02 2.959963e-02 9.985960e-01 4.393067e-02 -2.513318e-01 7.763406e-01 4.716556e-03 -6.302960e-01 1.143662e+02
-6.331395e-01 5.424664e-02 -7.721345e-01 -1.198351e+02 3.128798e-02 9.985195e-01 4.449573e-02 -2.043772e-01 7.734052e-01 4.013474e-03 -6.338994e-01 1.133947e+02
-6.347218e-01 5.346434e-02 -7.708890e-01 -1.210569e+02 3.191314e-02 9.985661e-01 4.297860e-02 -1.575086e-01 7.720815e-01 2.677969e-03 -6.355179e-01 1.123812e+02
-6.361552e-01 5.371925e-02 -7.696888e-01 -1.223282e+02 3.279522e-02 9.985543e-01 4.258703e-02 -1.050706e-01 7.708639e-01 1.849851e-03 -6.369972e-01 1.113222e+02
-6.384034e-01 5.576446e-02 -7.676792e-01 -1.236258e+02 3.049076e-02 9.984214e-01 4.716949e-02 -4.736641e-02 7.690978e-01 6.706041e-03 -6.390960e-01 1.102135e+02
-6.405461e-01 5.483645e-02 -7.659593e-01 -1.249562e+02 3.155445e-02 9.984842e-01 4.509543e-02 1.110994e-02 7.672712e-01 4.716275e-03 -6.413055e-01 1.090798e+02
-6.423178e-01 5.530909e-02 -7.644401e-01 -1.263320e+02 3.475676e-02 9.984687e-01 4.303742e-02 7.133427e-02 7.656500e-01 1.074243e-03 -6.432566e-01 1.079136e+02
-6.443445e-01 5.487375e-02 -7.627641e-01 -1.277453e+02 3.718315e-02 9.984906e-01 4.042165e-02 1.250424e-01 7.638309e-01 -2.316499e-03 -6.454123e-01 1.067132e+02
-6.464204e-01 4.749143e-02 -7.615020e-01 -1.291860e+02 3.554941e-02 9.988517e-01 3.211685e-02 1.669410e-01 7.621529e-01 -6.309957e-03 -6.473664e-01 1.054824e+02
-6.462990e-01 4.543464e-02 -7.617305e-01 -1.306623e+02 3.133869e-02 9.989640e-01 3.299517e-02 1.979002e-01 7.624405e-01 -2.546888e-03 -6.470533e-01 1.042149e+02
-6.463919e-01 4.990347e-02 -7.613719e-01 -1.321648e+02 3.161416e-02 9.987536e-01 3.862258e-02 2.318873e-01 7.623504e-01 8.951891e-04 -6.471639e-01 1.029386e+02
-6.465598e-01 5.357037e-02 -7.609801e-01 -1.336799e+02 3.375429e-02 9.985633e-01 4.161642e-02 2.702986e-01 7.621162e-01 1.221165e-03 -6.474391e-01 1.016681e+02
-6.467821e-01 5.330896e-02 -7.608094e-01 -1.351892e+02 3.266538e-02 9.985751e-01 4.219930e-02 3.106498e-01 7.619750e-01 2.441633e-03 -6.476019e-01 1.003904e+02
-6.469056e-01 5.488490e-02 -7.605924e-01 -1.367105e+02 3.211773e-02 9.984825e-01 4.473420e-02 3.478641e-01 7.618935e-01 4.510303e-03 -6.476867e-01 9.910851e+01
-6.479718e-01 5.568539e-02 -7.596260e-01 -1.389901e+02 3.346596e-02 9.984422e-01 4.464521e-02 4.148069e-01 7.609288e-01 3.507227e-03 -6.488260e-01 9.718269e+01
-6.493896e-01 5.616798e-02 -7.583788e-01 -1.405111e+02 3.459986e-02 9.984181e-01 4.431870e-02 4.529559e-01 7.596684e-01 2.540305e-03 -6.503057e-01 9.590422e+01
-6.507781e-01 5.470254e-02 -7.572949e-01 -1.420208e+02 3.337598e-02 9.984982e-01 4.344417e-02 4.912744e-01 7.585341e-01 2.997059e-03 -6.516265e-01 9.462044e+01
-6.512694e-01 5.347435e-02 -7.569601e-01 -1.427704e+02 3.266842e-02 9.985650e-01 4.243511e-02 5.111815e-01 7.581431e-01 2.908002e-03 -6.520818e-01 9.397889e+01
-6.511605e-01 5.114720e-02 -7.572146e-01 -1.442862e+02 2.855639e-02 9.986712e-01 4.289993e-02 5.445632e-01 7.584026e-01 6.311429e-03 -6.517558e-01 9.269067e+01
-6.494136e-01 4.861105e-02 -7.588801e-01 -1.457940e+02 2.603743e-02 9.987909e-01 4.169728e-02 5.779645e-01 7.599896e-01 7.319490e-03 -6.498941e-01 9.141052e+01
-6.465859e-01 4.634081e-02 -7.614323e-01 -1.473072e+02 2.492243e-02 9.989035e-01 3.962995e-02 6.086489e-01 7.624340e-01 6.647426e-03 -6.470319e-01 9.013928e+01
-6.442557e-01 5.464892e-02 -7.628552e-01 -1.488333e+02 2.896060e-02 9.984717e-01 4.706973e-02 6.468099e-01 7.642616e-01 8.232197e-03 -6.448538e-01 8.887146e+01
-6.432656e-01 6.160484e-02 -7.631607e-01 -1.496005e+02 3.171803e-02 9.980462e-01 5.383057e-02 6.716835e-01 7.649859e-01 1.042140e-02 -6.439628e-01 8.823696e+01
-6.425511e-01 6.032541e-02 -7.638645e-01 -1.511134e+02 3.231318e-02 9.981425e-01 5.164595e-02 7.256258e-01 7.655612e-01 8.502276e-03 -6.433069e-01 8.697809e+01
-6.424432e-01 5.639400e-02 -7.642555e-01 -1.526218e+02 3.249778e-02 9.983963e-01 4.635309e-02 7.806961e-01 7.656440e-01 4.942624e-03 -6.432456e-01 8.571894e+01
-6.426567e-01 6.049709e-02 -7.637621e-01 -1.541322e+02 3.258913e-02 9.981339e-01 5.163989e-02 8.288243e-01 7.654609e-01 8.296381e-03 -6.434290e-01 8.445676e+01
-6.438258e-01 5.874944e-02 -7.629134e-01 -1.556292e+02 3.429074e-02 9.982617e-01 4.793476e-02 8.796994e-01 7.644034e-01 4.700774e-03 -6.447212e-01 8.320615e+01
-6.448800e-01 6.257715e-02 -7.617177e-01 -1.571190e+02 3.425531e-02 9.980074e-01 5.298802e-02 9.324518e-01 7.635159e-01 8.078038e-03 -6.457386e-01 8.195146e+01
-6.459200e-01 6.677058e-02 -7.604795e-01 -1.586032e+02 3.611815e-02 9.977250e-01 5.692364e-02 9.920658e-01 7.625503e-01 9.301002e-03 -6.468621e-01 8.070349e+01
-6.469687e-01 6.525242e-02 -7.597194e-01 -1.600585e+02 3.777343e-02 9.978511e-01 5.353817e-02 1.049905e+00 7.615804e-01 5.940314e-03 -6.480433e-01 7.946455e+01
-6.462966e-01 6.110321e-02 -7.606360e-01 -1.615000e+02 3.319896e-02 9.980966e-01 5.197039e-02 1.102704e+00 7.623638e-01 8.335959e-03 -6.470950e-01 7.822487e+01
-6.452629e-01 5.885567e-02 -7.616901e-01 -1.629402e+02 3.008946e-02 9.982123e-01 5.164155e-02 1.154301e+00 7.633678e-01 1.040353e-02 -6.458803e-01 7.699411e+01
-6.441184e-01 5.888661e-02 -7.626558e-01 -1.643767e+02 2.918479e-02 9.981983e-01 5.242480e-02 1.205952e+00 7.643689e-01 1.150983e-02 -6.446765e-01 7.577428e+01
-6.431937e-01 5.586034e-02 -7.636632e-01 -1.658081e+02 2.755609e-02 9.983780e-01 4.982020e-02 1.257020e+00 7.652076e-01 1.100046e-02 -6.436897e-01 7.456637e+01
-6.420327e-01 5.939250e-02 -7.643733e-01 -1.672418e+02 3.146816e-02 9.981961e-01 5.112921e-02 1.306576e+00 7.660312e-01 8.773208e-03 -6.427436e-01 7.337210e+01
-6.414898e-01 5.863152e-02 -7.648877e-01 -1.686684e+02 3.248127e-02 9.982567e-01 4.927902e-02 1.351053e+00 7.664437e-01 6.767464e-03 -6.422759e-01 7.219108e+01
-6.403780e-01 5.577115e-02 -7.660324e-01 -1.700844e+02 3.508055e-02 9.984431e-01 4.336570e-02 1.396727e+00 7.672584e-01 8.976054e-04 -6.413375e-01 7.103558e+01
-6.396969e-01 5.491240e-02 -7.666633e-01 -1.714722e+02 3.087900e-02 9.984755e-01 4.575085e-02 1.416166e+00 7.680068e-01 5.592882e-03 -6.404173e-01 6.990570e+01
-6.400269e-01 5.437972e-02 -7.664257e-01 -1.728299e+02 3.095182e-02 9.985074e-01 4.499923e-02 1.436887e+00 7.677289e-01 5.078452e-03 -6.407547e-01 6.880749e+01
-6.400838e-01 5.417777e-02 -7.663925e-01 -1.741451e+02 3.096746e-02 9.985193e-01 4.472355e-02 1.460081e+00 7.676808e-01 4.893591e-03 -6.408138e-01 6.773915e+01
-6.402351e-01 5.366964e-02 -7.663019e-01 -1.754193e+02 2.983323e-02 9.985410e-01 4.500977e-02 1.482743e+00 7.675995e-01 5.955573e-03 -6.409021e-01 6.669815e+01
-6.406157e-01 5.614235e-02 -7.658065e-01 -1.766638e+02 3.041021e-02 9.983960e-01 4.775496e-02 1.510435e+00 7.672593e-01 7.304241e-03 -6.412955e-01 6.568420e+01
-6.406910e-01 6.023602e-02 -7.654323e-01 -1.778683e+02 3.198492e-02 9.981463e-01 5.177718e-02 1.538016e+00 7.671323e-01 8.690887e-03 -6.414300e-01 6.468934e+01
-6.410091e-01 6.387398e-02 -7.648709e-01 -1.790078e+02 3.538205e-02 9.979309e-01 5.368438e-02 1.561925e+00 7.667174e-01 7.349473e-03 -6.419427e-01 6.371223e+01
-6.421016e-01 6.463336e-02 -7.638900e-01 -1.801003e+02 3.614028e-02 9.978838e-01 5.405341e-02 1.586480e+00 7.657672e-01 7.100584e-03 -6.430787e-01 6.276519e+01
-6.447407e-01 6.575811e-02 -7.615677e-01 -1.811416e+02 3.966692e-02 9.978287e-01 5.257639e-02 1.611948e+00 7.633715e-01 3.689100e-03 -6.459492e-01 6.186056e+01
-6.604873e-01 6.960899e-02 -7.476036e-01 -1.826223e+02 4.870988e-02 9.975682e-01 4.984925e-02 1.648540e+00 7.492556e-01 -3.490882e-03 -6.622718e-01 6.054530e+01
-6.790672e-01 7.307650e-02 -7.304298e-01 -1.835369e+02 5.363983e-02 9.973123e-01 4.990906e-02 1.673611e+00 7.321138e-01 -5.288521e-03 -6.811618e-01 5.967252e+01
-7.384341e-01 8.213636e-02 -6.693046e-01 -1.851982e+02 6.742783e-02 9.965733e-01 4.790632e-02 1.732581e+00 6.709461e-01 -9.754091e-03 -7.414420e-01 5.791203e+01
-7.778313e-01 8.003764e-02 -6.233558e-01 -1.858798e+02 6.386685e-02 9.967893e-01 4.829193e-02 1.767896e+00 6.252196e-01 -2.248789e-03 -7.804457e-01 5.700033e+01
-8.431125e-01 7.749341e-02 -5.321242e-01 -1.867152e+02 6.098436e-02 9.969567e-01 4.856183e-02 1.826654e+00 5.342680e-01 8.491831e-03 -8.452725e-01 5.559683e+01
-8.891895e-01 6.644194e-02 -4.526892e-01 -1.871206e+02 5.173784e-02 9.976552e-01 4.480209e-02 1.856411e+00 4.546045e-01 1.641639e-02 -8.905421e-01 5.464759e+01
-9.283201e-01 4.509830e-02 -3.690366e-01 -1.874227e+02 3.357747e-02 9.987291e-01 3.758534e-02 1.883289e+00 3.702626e-01 2.249990e-02 -9.286546e-01 5.369416e+01
-9.729422e-01 3.276894e-02 -2.287129e-01 -1.876915e+02 2.667847e-02 9.992036e-01 2.967147e-02 1.900316e+00 2.295031e-01 2.276691e-02 -9.730416e-01 5.225276e+01
-9.911510e-01 2.523874e-02 -1.303180e-01 -1.877723e+02 2.111370e-02 9.992343e-01 3.293915e-02 1.900778e+00 1.310496e-01 2.989617e-02 -9.909249e-01 5.129098e+01
-9.995040e-01 1.006074e-02 -2.984320e-02 -1.877165e+02 8.815319e-03 9.990965e-01 4.157437e-02 1.903912e+00 3.023451e-02 4.129067e-02 -9.986896e-01 5.033042e+01
-9.970705e-01 2.051987e-02 7.368440e-02 -1.876045e+02 2.335961e-02 9.990090e-01 3.788635e-02 1.913879e+00 -7.283396e-02 3.949659e-02 -9.965617e-01 4.940375e+01
-9.919546e-01 2.316199e-02 1.244574e-01 -1.875198e+02 2.767742e-02 9.990153e-01 3.467489e-02 1.916071e+00 -1.235318e-01 3.784057e-02 -9.916189e-01 4.895472e+01
-9.843986e-01 2.362611e-02 1.743596e-01 -1.873856e+02 2.975169e-02 9.990255e-01 3.260177e-02 1.916040e+00 -1.734194e-01 3.728062e-02 -9.841422e-01 4.850872e+01
-9.745046e-01 2.207656e-02 2.232787e-01 -1.872454e+02 2.939030e-02 9.991330e-01 2.948581e-02 1.919502e+00 -2.224342e-01 3.529628e-02 -9.743086e-01 4.808322e+01
-9.620042e-01 2.331542e-02 2.720374e-01 -1.870919e+02 3.162970e-02 9.991557e-01 2.621754e-02 1.921924e+00 -2.711965e-01 3.382584e-02 -9.619295e-01 4.766758e+01
-9.466844e-01 2.747540e-02 3.209888e-01 -1.869050e+02 3.735473e-02 9.989978e-01 2.465901e-02 1.925132e+00 -3.199896e-01 3.533474e-02 -9.467619e-01 4.724980e+01
-9.303521e-01 3.021656e-02 3.654203e-01 -1.867142e+02 4.116827e-02 9.989052e-01 2.221412e-02 1.922721e+00 -3.643491e-01 3.571067e-02 -9.305775e-01 4.684089e+01
-9.132370e-01 2.475193e-02 4.066762e-01 -1.864782e+02 3.739334e-02 9.990320e-01 2.316585e-02 1.917552e+00 -4.057092e-01 3.636289e-02 -9.132786e-01 4.643056e+01
-8.953418e-01 1.994046e-02 4.449332e-01 -1.862433e+02 3.564541e-02 9.990008e-01 2.695748e-02 1.910636e+00 -4.439511e-01 3.999598e-02 -8.951580e-01 4.602498e+01
-8.776813e-01 1.983338e-02 4.788341e-01 -1.859999e+02 3.901401e-02 9.987839e-01 3.014110e-02 1.906858e+00 -4.776541e-01 4.513551e-02 -8.773878e-01 4.562057e+01
-8.608718e-01 2.164481e-02 5.083614e-01 -1.857437e+02 4.407236e-02 9.985119e-01 3.211896e-02 1.904895e+00 -5.069097e-01 5.005498e-02 -8.605447e-01 4.521752e+01
-8.451571e-01 2.084750e-02 5.341113e-01 -1.854762e+02 4.497868e-02 9.984688e-01 3.220013e-02 1.903482e+00 -5.326223e-01 5.123778e-02 -8.448007e-01 4.482494e+01
-8.309578e-01 1.849718e-02 5.560279e-01 -1.851904e+02 4.411559e-02 9.984907e-01 3.271225e-02 1.903992e+00 -5.545836e-01 5.171199e-02 -8.305196e-01 4.443350e+01
-8.087019e-01 1.617290e-02 5.879963e-01 -1.845971e+02 4.220964e-02 9.986405e-01 3.058539e-02 1.908337e+00 -5.867023e-01 4.955357e-02 -8.082852e-01 4.365148e+01
-7.938748e-01 1.369429e-02 6.079270e-01 -1.839689e+02 3.910696e-02 9.988265e-01 2.856890e-02 1.909156e+00 -6.068224e-01 4.645430e-02 -7.934788e-01 4.285899e+01
-7.839208e-01 1.439576e-02 6.206939e-01 -1.833133e+02 3.766703e-02 9.989923e-01 2.440285e-02 1.914906e+00 -6.197172e-01 4.250959e-02 -7.836731e-01 4.204606e+01
-7.774459e-01 1.916976e-02 6.286576e-01 -1.826247e+02 4.323140e-02 9.988001e-01 2.300664e-02 1.928571e+00 -6.274623e-01 4.506416e-02 -7.773418e-01 4.120434e+01
-7.736951e-01 1.525901e-02 6.333744e-01 -1.818872e+02 3.648927e-02 9.991237e-01 2.050275e-02 1.936481e+00 -6.325065e-01 3.897424e-02 -7.735739e-01 4.034468e+01
-7.721832e-01 1.363875e-02 6.352536e-01 -1.811166e+02 3.526394e-02 9.991486e-01 2.141362e-02 1.952827e+00 -6.344207e-01 3.893677e-02 -7.720067e-01 3.943245e+01
-7.726991e-01 1.851669e-02 6.345023e-01 -1.803265e+02 4.147552e-02 9.989112e-01 2.135778e-02 1.951012e+00 -6.334160e-01 4.281944e-02 -7.726258e-01 3.846147e+01
-7.734679e-01 2.123109e-02 6.334797e-01 -1.794927e+02 3.592724e-02 9.993005e-01 1.037495e-02 1.950893e+00 -6.328164e-01 3.078387e-02 -7.736897e-01 3.745911e+01
-7.742689e-01 2.561184e-02 6.323383e-01 -1.786239e+02 3.752559e-02 9.992806e-01 5.474080e-03 1.946894e+00 -6.317433e-01 2.796728e-02 -7.746730e-01 3.639418e+01
