9.999999759884402595e-01 -1.539514688758191220e-05 2.186003391477974660e-04 -7.799999999999999859e-06 1.540485272746060363e-05 9.999999988957399832e-01 -4.439831622508232448e-05 -5.699999999999999636e-06 -2.185996553878060225e-04 4.440168266504024395e-05 9.999999751213403121e-01 1.660000000000000031e-05
9.991289820974534885e-01 1.937222036309554701e-03 -4.168362152798806702e-02 -5.246599999999999701e-03 -2.076698099192466826e-03 9.999923886525993177e-01 -3.303023141542456992e-03 -6.553000000000000448e-04 4.167690557024746750e-02 3.386710446848279106e-03 9.991254004049932025e-01 4.739440000000000319e-02
9.984720447584745084e-01 1.677472427692198662e-03 -5.523370277362702613e-02 -7.109100000000000141e-03 -1.907549460831641213e-03 9.999897219366810086e-01 -4.113061639941277374e-03 -8.427999999999999945e-04 5.522623553063817775e-02 4.212138085795379301e-03 9.984649822612011727e-01 5.910279999999999700e-02
9.959202762509687945e-01 2.498120618462009303e-04 -9.023713728907624410e-02 -1.216199999999999920e-02 -6.248925336488964956e-04 9.999912829528588842e-01 -4.128380749964159421e-03 -9.506000000000000127e-04 9.023531936838936895e-02 4.167926610323282113e-03 9.959117508726642587e-01 8.630409999999999471e-02
9.876633063911661736e-01 2.296392514432690421e-03 -1.565756040700112539e-01 -2.451779999999999932e-02 -3.273920548681976198e-03 9.999767270080435200e-01 -5.985556492223352738e-03 -2.137700000000000190e-03 1.565582149001136791e-01 6.424330603287530840e-03 9.876478387176217399e-01 1.324124000000000134e-01
9.712310899600484770e-01 1.012146894483557241e-02 -2.379237814120625516e-01 -4.460979999999999807e-02 -1.243783728611459055e-02 9.998887235160609510e-01 -8.236552013208534376e-03 -3.864199999999999927e-03 2.378139400848073293e-01 1.095885266900148598e-02 9.712489039630978205e-01 1.830832000000000015e-01
9.536935729470605860e-01 1.400328327197693061e-02 -3.004537850936053744e-01 -6.162150000000000266e-02 -1.670580036241105237e-02 9.998397887352190594e-01 -6.427526442090263081e-03 -4.835400000000000115e-03 3.003156425391805828e-01 1.114921160967329711e-02 9.537747165482852729e-01 2.190126000000000017e-01
9.298309299590875598e-01 1.799073419138345203e-02 -3.675469700251563498e-01 -8.124510000000000065e-02 -2.144311090597833536e-02 9.997559621743269398e-01 -5.311223169814058981e-03 -4.650999999999999752e-03 3.673617218574795062e-01 1.281989002061418442e-02 9.299897933492426993e-01 2.543020999999999754e-01
7.384192877771929009e-01 2.209151464528375658e-02 -6.739799109908991559e-01 -2.029197000000000084e-01 -2.527177808663248759e-02 9.996677163319964698e-01 5.078794730155469263e-03 -7.294799999999999722e-03 6.738681567420760077e-01 1.328239075800235341e-02 7.387322149634389934e-01 3.895336999999999827e-01
6.120181557311932252e-01 1.370831017138118661e-02 -7.907248948197052041e-01 -2.722702000000000178e-01 -1.080930380044536725e-02 9.999013592979569820e-01 8.968312296493771360e-03 -7.580299999999999885e-03 7.907698375676315283e-01 3.058415658959905831e-03 6.121059631198820794e-01 4.349968000000000168e-01
5.637632676651286312e-01 1.431838039352138943e-02 -8.258123043491437665e-01 -2.992103999999999875e-01 -8.750974655372738623e-03 9.998971498389662704e-01 1.136266634610146042e-02 -7.026100000000000401e-03 8.258900643996859303e-01 8.208086367875672487e-04 5.638305843061941491e-01 4.492507000000000028e-01
5.126466817357312467e-01 1.478949146915780125e-02 -8.584722771571762223e-01 -3.281254000000000115e-01 -7.130461342821015763e-03 9.998904908332498787e-01 1.296776242384124408e-02 -6.534400000000000104e-03 8.585700531851681028e-01 -5.265769899667387469e-04 5.126959981219778584e-01 4.620149000000000061e-01
4.057787583447529656e-01 1.836087853649816942e-02 -9.137868884020817761e-01 -3.927251999999999965e-01 -4.257069487228368372e-03 9.998253169368417348e-01 1.819925744432512177e-02 -6.335600000000000259e-03 9.139614196647315447e-01 -3.494817808108895661e-03 4.057860392040572028e-01 4.828945000000000043e-01
3.501919956882601492e-01 2.054464507149181968e-02 -9.364526062298935694e-01 -4.280756000000000006e-01 -3.590271937551051465e-03 9.997815281887757477e-01 2.059140208753255930e-02 -6.179900000000000324e-03 9.366710607802976041e-01 -3.848824678058705359e-03 3.501892494713529924e-01 4.917140999999999873e-01
2.950187070302002224e-01 2.353786097043858438e-02 -9.552015136101729142e-01 -4.651462000000000097e-01 -1.221730300654321616e-03 9.997050050631902662e-01 2.425716856270227623e-02 -5.876199999999999826e-03 9.554906958611902867e-01 -5.989319873173632250e-03 2.949604349233223566e-01 4.989797000000000260e-01
1.903964590159114290e-01 2.610284451107904025e-02 -9.813601937630408445e-01 -5.449943999999999900e-01 6.276064976436623866e-03 9.995936509550934490e-01 2.780546670491782640e-02 -5.817400000000000349e-03 9.816872207595525035e-01 -1.145314274324646213e-02 1.901552684484153488e-01 5.094790000000000152e-01
1.003329501387448391e-01 2.738060680316032475e-02 -9.945770968042381144e-01 -6.331046000000000173e-01 2.365373417733823702e-03 9.996118785460863521e-01 2.775783273526735012e-02 -4.235700000000000229e-03 9.949511063992294568e-01 -5.137571474454824885e-03 1.002292434087679318e-01 5.122780999999999585e-01
6.249800709875193844e-02 2.607082810359767633e-02 -9.977045209031966122e-01 -6.794862000000000402e-01 1.426338565282686197e-03 9.996554110888110634e-01 2.621115486119287089e-02 -3.323700000000000179e-03 9.980440695014330954e-01 -3.061209377502434326e-03 6.243928515098129406e-02 5.118333999999999939e-01
2.804119677397461097e-02 2.315694808896209475e-02 -9.993385047313487757e-01 -7.275732999999999784e-01 1.919911370574716586e-03 9.997285392143784311e-01 2.321985832459260921e-02 -2.317500000000000115e-03 9.996049245696081442e-01 -2.569753974630561294e-03 2.798912540072473476e-02 5.102835000000000010e-01
-2.989026550674495075e-02 1.878678131006076418e-02 -9.993766201367453306e-01 -8.307484000000000535e-01 2.524277413529027111e-03 9.998215854926739699e-01 1.871964760499020969e-02 -1.359399999999999975e-03 9.995499987751870208e-01 -1.963168592714311170e-03 -2.993235569748464719e-02 5.043094000000000188e-01
-5.090095541062997220e-02 1.640441271704072210e-02 -9.985689700675129954e-01 -8.851518000000000441e-01 2.194077659114226746e-03 9.998645128991794362e-01 1.631385509658445782e-02 -4.077999999999999919e-04 9.987012960647995152e-01 -1.360547057463105600e-03 -5.093005154320573435e-02 4.997479000000000227e-01
-6.714291977798028666e-02 1.559867110255418188e-02 -9.976214260848257354e-01 -9.411975999999999676e-01 2.812918696089044233e-03 9.998767680472495645e-01 1.544461743766749155e-02 7.556000000000000433e-04 9.977394027560986256e-01 -1.769231251434114430e-03 -6.717852341844121611e-02 4.947863000000000122e-01
-8.970219496271190918e-02 1.687455962020525946e-02 -9.958256702136653038e-01 -1.058554999999999913e+00 2.978865342888849937e-03 9.998565328652558870e-01 1.667453291515193572e-02 2.219200000000000166e-03 9.959641773578707946e-01 -1.470688374091433555e-03 -8.973959268664943867e-02 4.826771000000000256e-01
-1.008422148063438800e-01 1.953012136327205231e-02 -9.947107228096453424e-01 -1.182802099999999967e+00 8.446231696897649188e-04 9.998086295551591451e-01 1.954458694205822925e-02 2.250400000000000057e-03 9.949020727311067569e-01 1.130763711088420692e-03 -1.008394121798479315e-01 4.685779999999999945e-01
-1.019599879893665628e-01 2.012615515808842750e-02 -9.945848876429608243e-01 -1.247536800000000001e+00 3.198712367001914358e-03 9.997967847281982179e-01 1.990370534222625498e-02 3.439199999999999896e-03 9.947833578666269716e-01 -1.152009422499470151e-03 -1.020036459440987198e-01 4.613682000000000061e-01
-9.965326757812421887e-02 2.474842635749415279e-02 -9.947144020540925613e-01 -1.382022099999999920e+00 4.666683919919079743e-03 9.996912679738421126e-01 2.440472900983115673e-02 5.042200000000000154e-03 9.950112804999724503e-01 -2.210006714789445117e-03 -9.973799450623743734e-02 4.479183999999999943e-01
-9.619290353286044648e-02 2.227632963518685200e-02 -9.951134058226240864e-01 -1.521269900000000064e+00 6.069688163495099570e-04 9.997506608068189582e-01 2.232146512182483014e-02 6.454800000000000121e-03 9.953625253638866965e-01 1.543163735110115314e-03 -9.618243990933506016e-02 4.333271000000000206e-01
-9.314337770653467741e-02 2.457783929339944773e-02 -9.953493060253195690e-01 -1.669805599999999890e+00 1.958892488898716921e-04 9.996957082026367569e-01 2.466683256177705855e-02 9.279600000000000695e-03 9.956526868425654708e-01 2.102573874185099251e-03 -9.311984947519835742e-02 4.187832000000000221e-01
-9.140661472744751603e-02 2.819313245514241603e-02 -9.954144755158200741e-01 -1.746403499999999998e+00 -1.114390758736909931e-03 9.995956228173158431e-01 2.841388705720037863e-02 9.895199999999999829e-03 9.958130290959770203e-01 3.706497919774499189e-03 -9.133823381183747703e-02 4.116945000000000188e-01
-8.761418959122346806e-02 2.962379035280725964e-02 -9.957139071176046574e-01 -1.903011400000000020e+00 -3.591904385344868791e-03 9.995418307326118246e-01 3.005373252335295786e-02 1.219959999999999968e-02 9.961480070778434559e-01 6.209642568749567867e-03 -8.746764163968689942e-02 3.966114000000000028e-01
-8.444464201783616342e-02 2.612820182764414439e-02 -9.960855482857550180e-01 -2.064470500000000097e+00 -7.147553037119726629e-03 9.996145456354351699e-01 2.682671503639630015e-02 1.522940000000000058e-02 9.964025365885319507e-01 9.384946633643909825e-03 -8.422533975367862968e-02 3.817567000000000044e-01
-8.174946241873351505e-02 3.045872244152667691e-02 -9.961873777665914975e-01 -2.230278999999999900e+00 -1.970299434674823921e-03 9.995260109465142762e-01 3.072248950665355804e-02 1.817790000000000031e-02 9.966509636349052403e-01 4.474334428577824221e-03 -8.165070126481122070e-02 3.681235999999999953e-01
-7.979465063331381280e-02 2.763495096224745026e-02 -9.964281826682851451e-01 -2.400375599999999832e+00 -8.997418916397298405e-04 9.996132300558986383e-01 2.779533705032930999e-02 2.073070000000000121e-02 9.968109169721385276e-01 3.114447387123332744e-03 -7.973892413769467780e-02 3.534150999999999820e-01
-7.979538279123597755e-02 1.588094034441475330e-02 -9.966847508710953152e-01 -2.572189299999999790e+00 4.148153826471338325e-03 9.998697144080122001e-01 1.559958427241083315e-02 2.332969999999999836e-02 9.968026332755307584e-01 -2.889626864710400679e-03 -7.985086318600875810e-02 3.401271000000000155e-01
-8.037526317875889892e-02 2.418819710633403341e-02 -9.964711476955518954e-01 -2.748534699999999997e+00 4.829289263024845458e-03 9.997032364618717581e-01 2.387712237421166228e-02 2.440789999999999974e-02 9.967529759344384566e-01 -2.893117419701477303e-03 -8.046822253185748064e-02 3.254166000000000003e-01
-8.095226790742107714e-02 3.670194906692614278e-02 -9.960420158082360365e-01 -2.927110199999999995e+00 9.880284549664726523e-04 9.993242745610467770e-01 3.674259208071575800e-02 2.626329999999999984e-02 9.967174896230214243e-01 1.990278303770482565e-03 -8.093382897068590598e-02 3.095393000000000172e-01
-8.144283157609176482e-02 3.381159766474590989e-02 -9.961043324111313879e-01 -3.104255399999999998e+00 -1.102918201376694440e-03 9.994207361729848804e-01 3.401434519272595464e-02 2.844819999999999988e-02 9.966774045579187558e-01 3.868846185388644110e-03 -8.135836326330803114e-02 2.933988000000000151e-01
-8.175691459542296091e-02 3.211694446009202841e-02 -9.961346840635479927e-01 -3.282422099999999787e+00 -2.482414569631538614e-03 9.994709830489504343e-01 3.242825405520743942e-02 3.221190000000000164e-02 9.966492083645789313e-01 5.124053250304922563e-03 -8.163393623087666917e-02 2.769115999999999800e-01
-8.182531642357306068e-02 3.282954381271520339e-02 -9.961058370701534326e-01 -3.458155399999999879e+00 -4.359547197421875797e-03 9.994359792197734516e-01 3.329741415254460629e-02 3.456390000000000157e-02 9.966371515955119165e-01 7.067141859453481348e-03 -8.163604329904017298e-02 2.621526000000000134e-01
-8.115452644270568228e-02 2.365124882539877335e-02 -9.964208755675785234e-01 -3.634113300000000102e+00 -6.426546577730167520e-03 9.996852168491625612e-01 2.425214861258799190e-02 3.690349999999999880e-02 9.966808126661941269e-01 8.371716803730413353e-03 -8.097698451296941879e-02 2.463264000000000009e-01
-8.024482645017887161e-02 2.678819733570263206e-02 -9.964151545974619939e-01 -3.809662599999999788e+00 -4.773624367318816605e-03 9.996170141505974494e-01 2.725871477241689073e-02 3.901690000000000019e-02 9.967637535235620572e-01 6.943882498119708854e-03 -8.008621702560247968e-02 2.321881000000000084e-01
-7.922790223733353066e-02 3.727924360666839965e-02 -9.961592229674862686e-01 -3.985293099999999811e+00 -4.257157014685077068e-03 9.992787292718825487e-01 3.773457087239545649e-02 4.123240000000000238e-02 9.968474387393608804e-01 7.230437115845155666e-03 -7.901205387717735729e-02 2.174024999999999985e-01
-7.928892066040024722e-02 4.004362560230285278e-02 -9.960470747455321128e-01 -4.159803899999999999e+00 -4.085297344747607085e-03 9.991714122107501206e-01 4.049443623981112406e-02 4.510709999999999720e-02 9.968433063456432208e-01 7.279908611907557475e-03 -7.905963271157112615e-02 2.033550000000000080e-01
-7.854459366567108358e-02 2.882239826012016753e-02 -9.964938615789006304e-01 -4.418463199999999702e+00 -9.536314563130041458e-03 9.995145113371162182e-01 2.966142833847904697e-02 4.908099999999999963e-02 9.968649886070065635e-01 1.183262376063382547e-02 -7.823160169964327171e-02 1.805776000000000048e-01
-7.962342185286988561e-02 2.504214471206495790e-02 -9.965104122289236699e-01 -4.591791599999999640e+00 -1.047645308425917965e-02 9.996081601233542946e-01 2.595708276320309385e-02 5.115129999999999677e-02 9.967699607347788593e-01 1.250668633261648247e-02 -7.932986936686781121e-02 1.651517000000000124e-01
-8.152980834446524327e-02 1.973985527988258298e-02 -9.964754028398513652e-01 -4.762867899999999821e+00 -2.839259997585035639e-03 9.997951891631247090e-01 2.003792227097769482e-02 5.297480000000000244e-02 9.966668595644087025e-01 4.462940712234724633e-03 -8.145706357473370129e-02 1.514134000000000035e-01
-8.700017125617652558e-02 3.352570838649319984e-02 -9.956440112201649928e-01 -5.019888400000000139e+00 2.283668189380933661e-03 9.994376525803848610e-01 3.345390058290370616e-02 5.428580000000000211e-02 9.962056790949331830e-01 6.367745235285986183e-04 -8.702780852813318813e-02 1.288629000000000024e-01
-9.097599155576968633e-02 2.516176064811870283e-02 -9.955351599825750242e-01 -5.270412000000000319e+00 -5.838046321956294471e-03 9.996500962737080442e-01 2.579926811188255897e-02 5.667520000000000197e-02 9.958359735295703175e-01 8.159094377006112508e-03 -9.079726319311554050e-02 1.042015000000000025e-01
-9.342306593994530173e-02 2.491763254689353252e-02 -9.953146448930804135e-01 -5.435983700000000418e+00 -1.126288426711446501e-02 9.995963571203120290e-01 2.608199129259931512e-02 5.815619999999999817e-02 9.955627946987403165e-01 1.364677324716847759e-02 -9.310471197299385882e-02 8.693750000000000089e-02
-9.528336588683140873e-02 2.568451851035638209e-02 -9.951187796912320804e-01 -5.600337999999999816e+00 -1.288502639995739094e-02 9.995515045718604830e-01 2.703268027411357202e-02 5.995620000000000116e-02 9.953667948449697045e-01 1.539789651287501102e-02 -9.490968603377725188e-02 7.008929999999999327e-02
-9.646924196719400268e-02 2.741115221680224395e-02 -9.949584484230596937e-01 -5.761761199999999583e+00 -1.169458928504812402e-02 9.995204981910619235e-01 2.867072160489464450e-02 6.115240000000000259e-02 9.952672615612999651e-01 1.440147318987305448e-02 -9.610242262415846781e-02 5.372500000000000192e-02
-9.700498914434248221e-02 3.430737335604094190e-02 -9.946924329733868309e-01 -5.919013500000000150e+00 -1.087904657761294865e-02 9.993094806419201559e-01 3.552757020593658166e-02 6.326840000000000241e-02 9.952244362085713725e-01 1.426765687086835668e-02 -9.656477380881212103e-02 3.775640000000000246e-02
-9.833614749751030948e-02 3.633125613745948057e-02 -9.944898400299636565e-01 -6.076588199999999773e+00 -1.025194909259718665e-02 9.992433384576291377e-01 3.751863654045640983e-02 6.591089999999999449e-02 9.951004470078140818e-01 1.388489738984009271e-02 -9.788927412808268169e-02 2.198850000000000110e-02
-9.723874645950236761e-02 2.572600343911159160e-02 -9.949285396117830693e-01 -6.375868800000000114e+00 -1.064603157070206918e-02 9.995817933677104694e-01 2.688680679417671665e-02 6.897169999999999690e-02 9.952041439819170332e-01 1.320648003226412154e-02 -9.692420072601670711e-02 -8.994399999999999618e-03
-9.088641492448518155e-02 2.603579503880548013e-02 -9.955208671639542706e-01 -6.515166299999999744e+00 -1.343048550674624808e-02 9.995352287830481242e-01 2.736692311300138736e-02 6.962400000000000533e-02 9.957706973200343148e-01 1.585761010736367466e-02 -9.049450016689097875e-02 -2.282429999999999876e-02
-6.917251959304189513e-02 3.012287456400876418e-02 -9.971498257339022064e-01 -6.714780300000000146e+00 -1.260434808951975232e-02 9.994378478358934004e-01 3.106635997981913727e-02 7.153969999999999774e-02 9.975250838662599318e-01 1.471736189534258478e-02 -6.875395491499425304e-02 -3.819990000000000191e-02
-2.453549410890510860e-02 3.445611119408575895e-02 -9.991049924458454967e-01 -6.899439300000000053e+00 -1.955664166369163251e-02 9.991980601162628872e-01 3.493958252090543365e-02 7.335659999999999403e-02 9.995076524447774613e-01 2.039639824277800911e-02 -2.384197229786488847e-02 -4.507769999999999833e-02
5.264520431850316234e-02 3.508769675320042719e-02 -9.979966613164689138e-01 -7.064666299999999843e+00 -1.859373875093155853e-02 9.992437151400866968e-01 3.415070471160770033e-02 7.547089999999999355e-02 9.984401611221002115e-01 1.675861836765688007e-02 5.325780101433097435e-02 -3.757309999999999817e-02
1.652058026444221117e-01 3.501257116396145480e-02 -9.856374397480551774e-01 -7.208674900000000108e+00 -1.689833827143506773e-02 9.993234489352877947e-01 3.266635228710762506e-02 7.705850000000000199e-02 9.861143386728927762e-01 1.125896392079676206e-02 1.656856867540277278e-01 -1.354630000000000070e-02
3.088789027413821331e-01 2.981148624230113564e-02 -9.506340508993482707e-01 -7.340033100000000310e+00 -5.288931701785635001e-03 9.995470343077873521e-01 2.962690344873816772e-02 7.778630000000000266e-02 9.510866683130057009e-01 -4.123286860272646834e-03 3.088966621100562859e-01 3.107350000000000043e-02
4.118653338044260814e-01 1.989464036354973014e-02 -9.110275243344592155e-01 -7.420599000000000167e+00 5.018813102178972321e-03 9.996969568708851117e-01 2.409991572883793051e-02 7.850129999999999608e-02 9.112309028589922200e-01 -1.449819671189182466e-02 4.116406733631763348e-01 7.408889999999999920e-02
5.107970066460825187e-01 1.784107042422582862e-02 -8.595162093919578306e-01 -7.496794699999999700e+00 6.253140410962202550e-03 9.996810902437561763e-01 2.446663123635516024e-02 8.034669999999999312e-02 8.596786121780645162e-01 -1.787215754106966092e-02 5.105225457787583299e-01 1.244070000000000037e-01
5.988166524838957061e-01 6.745262439449140404e-03 -8.008577390164898224e-01 -7.564402099999999685e+00 2.446682060010565291e-02 9.993437244226208716e-01 2.671132993407451112e-02 8.132839999999999514e-02 8.005123305719302751e-01 -3.558963180123806552e-02 5.982586286135358478e-01 1.852006999999999959e-01
6.823123475553145578e-01 -2.482887963189350788e-03 -7.310565611776684847e-01 -7.626637500000000180e+00 2.255979638353193886e-02 9.995894936562651489e-01 1.766068399425820695e-02 8.143849999999999700e-02 7.307126083219650514e-01 -2.854258992056814270e-02 6.820882674551269620e-01 2.498325000000000129e-01
7.228770285588345113e-01 -9.647084395103224658e-03 -6.909093539275783513e-01 -7.656046899999999766e+00 1.919872615045795788e-02 9.997969138478086659e-01 6.126987399779808621e-03 8.247849999999999626e-02 6.907099322408427611e-01 -1.769363792641565764e-02 7.229154339760489600e-01 2.848816000000000126e-01
7.991701726490793023e-01 -1.313997111301482348e-02 -6.009612103182616627e-01 -7.710972800000000404e+00 1.295001274350958409e-02 9.999053715562942202e-01 -4.641670261018117360e-03 8.277930000000000010e-02 6.009653337073476154e-01 -4.072970908098487441e-03 7.992647112127483355e-01 3.635225999999999735e-01
8.333101877860408235e-01 -1.478257461818728927e-02 -5.526080043029155675e-01 -7.736708199999999813e+00 1.351838871429983727e-02 9.998883802824712896e-01 -6.362400699825724107e-03 8.272359999999999436e-02 5.526403750166670736e-01 -2.168516486858478986e-03 8.334170105281530905e-01 4.082503000000000104e-01
8.901854654379908194e-01 -1.145020371447512050e-02 -4.554544213835723943e-01 -7.784514899999999571e+00 9.493936287629175380e-03 9.999332650311181236e-01 -6.582602674790659011e-03 8.102700000000000180e-02 4.554993987885320728e-01 1.535681967317239008e-03 8.902347664432013197e-01 5.063166999999999529e-01
9.115106573128530787e-01 -4.994512294679043750e-03 -4.112461263672021472e-01 -7.806323100000000181e+00 3.017707453826072757e-03 9.999805627782868411e-01 -5.455960716862491393e-03 8.012400000000000078e-02 4.112653827479448854e-01 3.732145838405029510e-03 9.115080120550927978e-01 5.589819999999999789e-01
9.291719001886921125e-01 -8.647542998000127450e-04 -3.696469019209227547e-01 -7.827045000000000030e+00 -1.952164511081536189e-03 9.999718386396998504e-01 -7.246446112398891547e-03 7.981889999999999818e-02 3.696427585567678697e-01 7.454805667433900794e-03 9.291440453013751766e-01 6.142807000000000128e-01
9.428325398171576444e-01 4.513644954036877092e-03 -3.332362958489917260e-01 -7.846945299999999790e+00 -6.725338531862831530e-03 9.999623483056736539e-01 -5.483775399717424719e-03 7.895290000000000641e-02 3.331989971226799740e-01 7.411408788590894380e-03 9.428273963648959866e-01 6.726495999999999587e-01
9.529712339968916535e-01 5.210029051352153134e-03 -3.030159777498964147e-01 -7.865097999999999701e+00 -6.599000641762711381e-03 9.999718889500311958e-01 -3.560126435484995550e-03 7.788249999999999340e-02 3.029889112904491366e-01 5.392300714045013266e-03 9.529788259599673017e-01 7.331872000000000389e-01
9.662461698955036038e-01 4.944396809488448702e-03 -2.575730810905130230e-01 -7.898744100000000046e+00 -5.119587577930047664e-03 9.999868947804093633e-01 -9.511384212269229435e-06 7.661099999999999854e-02 2.575696585106669323e-01 1.327858284925668682e-03 9.662588202997546283e-01 8.619651999999999870e-01
9.708311239034209672e-01 6.952488538686888223e-03 -2.396634969358914236e-01 -7.914884100000000089e+00 -6.516598551703060155e-03 9.999753575812635464e-01 2.611163254215421396e-03 7.616879999999999484e-02 2.396757451302416186e-01 -9.732077597567508065e-04 9.708525068530852176e-01 9.301918000000000131e-01
9.745326761680703775e-01 1.208472113574585519e-02 -2.239196788935044480e-01 -7.931689300000000387e+00 -1.148454700406116927e-02 9.999261196746100921e-01 3.982508328776645720e-03 7.596189999999999887e-02 2.239512631373406504e-01 -1.309468422117599168e-03 9.745994649247664565e-01 9.990101999999999594e-01
9.801196011025392618e-01 1.478971655658987104e-02 -1.978555832388236846e-01 -7.961143999999999998e+00 -1.406016938044226706e-02 9.998881870174762820e-01 5.091669657164918893e-03 7.477759999999999962e-02 1.979087647669820482e-01 -2.208562220122328203e-03 9.802179569265843107e-01 1.142898100000000028e+00
9.828039139892256193e-01 1.462362464682367622e-02 -1.840723125558205442e-01 -7.974693300000000207e+00 -1.399450562749612881e-02 9.998909483264185605e-01 4.716488856907243531e-03 7.416720000000000257e-02 1.841212113247706894e-01 -2.059382694926350198e-03 9.829013879750170268e-01 1.217100400000000082e+00
9.876941719820452326e-01 1.669284319979293107e-02 -1.555042495194555729e-01 -7.999937499999999702e+00 -1.595775170724881425e-02 9.998548179384584289e-01 5.974379105966321803e-03 7.338210000000000566e-02 1.555814024655639005e-01 -3.419361220920700238e-03 9.878171567530547037e-01 1.371519099999999991e+00
9.911572825979287904e-01 1.832143813494611570e-02 -1.314213302997530863e-01 -8.022823300000000657e+00 -1.878540016691910078e-02 9.998209132457369641e-01 -2.291326478086061838e-03 7.135339999999999738e-02 1.313558140839535537e-01 4.739867205714175767e-03 9.913239550042226567e-01 1.530746200000000057e+00
9.933530296213352040e-01 1.699946694617773119e-02 -1.138454068711630129e-01 -8.042680700000000016e+00 -1.811242057028850799e-02 9.997976796966837609e-01 -8.748708145336705350e-03 6.924940000000000262e-02 1.136736502589752729e-01 1.075257163068918734e-02 9.934599556298819856e-01 1.697027899999999923e+00
9.945399909217519374e-01 2.313457680544697692e-02 -1.017595096951358774e-01 -8.062714599999999621e+00 -2.269383259551944337e-02 9.997274046773411138e-01 5.486920742476258592e-03 6.682349999999999401e-02 1.018587081180991477e-01 -3.147648827387159939e-03 9.947938961852205164e-01 1.867771300000000023e+00
9.952941911647887885e-01 2.283071006149275939e-02 -9.417128921129241936e-02 -8.079842599999999209e+00 -2.216677767615851669e-02 9.997215505520109513e-01 8.090446794750806234e-03 6.473329999999999362e-02 9.432977791283400637e-02 -5.964900667319318270e-03 9.955231353207942835e-01 2.037971999999999895e+00
9.958644794569707637e-01 2.107419021705648349e-02 -8.837316935921168959e-02 -8.095455199999999962e+00 -2.032176806235930222e-02 9.997492513073885645e-01 9.405331101869472341e-03 6.313000000000000556e-02 8.854921963922812722e-02 -7.570536111230203105e-03 9.960430325464217916e-01 2.207343299999999786e+00
9.964057564662432975e-01 1.705016344510731571e-02 -8.297505894802725823e-02 -8.110222800000000731e+00 -1.597302685160308447e-02 9.997795449516378996e-01 1.362805596898151311e-02 6.139830000000000287e-02 8.318912725910423966e-02 -1.225371057234713942e-02 9.964584365055462190e-01 2.376656999999999798e+00
9.967081228365286538e-01 1.890619047915363324e-02 -7.883827644773340471e-02 -8.124271399999999588e+00 -1.875955564451909849e-02 9.998206428411109403e-01 2.600234760126289048e-03 5.989860000000000323e-02 7.887329677212349954e-02 -1.112704072760530407e-03 9.968840278316946080e-01 2.543369499999999839e+00
9.969093504304289421e-01 2.053714738991412742e-02 -7.582857377971130575e-02 -8.138141600000000864e+00 -2.128079919642848761e-02 9.997329202614609889e-01 -9.011977088983149850e-03 5.691229999999999900e-02 7.562324120230146107e-02 1.059781687782969904e-02 9.970801430514412145e-01 2.709496699999999869e+00
9.971414410411698626e-01 2.515303269817590823e-02 -7.124795789651512667e-02 -8.151619000000000170e+00 -2.543468002338736614e-02 9.996718381906293249e-01 -3.048439055649610797e-03 5.306770000000000237e-02 7.114789955049267978e-02 4.851893924294273415e-03 9.974539766399752594e-01 2.875344000000000122e+00
9.974408947890274213e-01 2.600579111118314288e-02 -6.659850021693966560e-02 -8.163990000000000080e+00 -2.581056777023904916e-02 9.996596664023483791e-01 3.790245338140808135e-03 5.010300000000000170e-02 6.667440283828646175e-02 -2.061600598299506530e-03 9.977726563747529864e-01 3.041229700000000147e+00
9.977183944620610090e-01 2.080380202815015553e-02 -6.422777571441189159e-02 -8.174755100000000496e+00 -2.063210329813274305e-02 9.997815716683560172e-01 3.335455867963815595e-03 4.755929999999999880e-02 6.428313671206813129e-02 -2.002691570234870627e-03 9.979296906901468089e-01 3.205360399999999998e+00
9.978561059204437145e-01 1.914795128463477741e-02 -6.258232848727814102e-02 -8.184622799999999643e+00 -1.914990489128694240e-02 9.998164620473330988e-01 5.686491083344729670e-04 4.485589999999999716e-02 6.258173072025889627e-02 6.310156535288839654e-04 9.980396428996706204e-01 3.368685500000000221e+00
9.979132486727136930e-01 2.208706693929506776e-02 -6.067379662992807704e-02 -8.196453099999999381e+00 -2.203029765872004109e-02 9.997560159909238964e-01 1.604517068679264281e-03 4.263410000000000116e-02 6.069443226968159605e-02 -2.645070407145841363e-04 9.981563584566730540e-01 3.536679499999999976e+00
9.977941336218303370e-01 2.154223501309092056e-02 -6.279171139968935111e-02 -8.206888199999999856e+00 -2.154438366220973525e-02 9.997676861004382021e-01 6.429323380263323243e-04 4.009680000000000188e-02 6.279097421187719574e-02 7.112946060032140916e-04 9.980264463517521945e-01 3.705447700000000122e+00
9.974785935824800331e-01 2.107260113791541503e-02 -6.776725482119043409e-02 -8.219082800000000688e+00 -2.108680009248896023e-02 9.997775207316786927e-01 5.058670550000126959e-04 3.888389999999999902e-02 6.776283794660049875e-02 9.244029966700775813e-04 9.977010290024375117e-01 3.875143099999999841e+00
9.969821017425782861e-01 2.578572088968063628e-02 -7.322421322998788618e-02 -8.233280199999999382e+00 -2.618962409378572734e-02 9.996465878015082795e-01 -4.561040081786351709e-03 3.589559999999999973e-02 7.308072519329185390e-02 6.464989945928092778e-03 9.973050744432325754e-01 4.047129599999999883e+00
9.966578686051135172e-01 2.568991297387735601e-02 -7.754431841796555203e-02 -8.248186099999999854e+00 -2.652244987563721207e-02 9.996009086753494532e-01 -9.725380610030144937e-03 3.333989999999999870e-02 7.726352697169949768e-02 1.174954240854708502e-02 9.969414705252677145e-01 4.219059900000000418e+00
9.963567618178877927e-01 2.454347257041051764e-02 -8.167509494306218754e-02 -8.263625100000000501e+00 -2.522270698719200968e-02 9.996552410264822885e-01 -7.294802295054742328e-03 2.922169999999999976e-02 8.146789694113240610e-02 9.328292580702385664e-03 9.966323117005176924e-01 4.394837899999999742e+00
9.961567539676522420e-01 2.329664524079917351e-02 -8.443333373232733696e-02 -8.279562000000000310e+00 -2.354623296996641649e-02 9.997208251731176665e-01 -1.961282260341701278e-03 2.637830000000000036e-02 8.436407077396326781e-02 3.941831516568632295e-03 9.964272003145742129e-01 4.572766299999999617e+00
9.961292952715012916e-01 2.255944854858672050e-02 -8.495586138157711076e-02 -8.295131700000000663e+00 -2.222386575182858787e-02 9.997410413888948577e-01 4.893868990138638617e-03 2.357619999999999855e-02 8.504426431539506559e-02 -2.986878610122727182e-03 9.963726971686958089e-01 4.754631500000000344e+00
9.963753552890899368e-01 2.567863490052425812e-02 -8.109721994116264598e-02 -8.311402299999999244e+00 -2.547371049224907841e-02 9.996691510607468301e-01 3.560686906029081160e-03 2.197400000000000048e-02 8.116182259102372454e-02 -1.481933578560509996e-03 9.966998356709867446e-01 4.937068899999999871e+00
9.967617478318019364e-01 1.906405013751463415e-02 -7.811901210106002302e-02 -8.325028400000000772e+00 -1.914856969761343300e-02 9.998165938993335278e-01 -3.329295283790483428e-04 1.951869999999999994e-02 7.809833761244137917e-02 1.827718766537772370e-03 9.969439849391156239e-01 5.120681300000000213e+00
9.970252802031698280e-01 1.550978902606747062e-02 -7.549858992165017768e-02 -8.338312099999999560e+00 -1.539479178486369282e-02 9.998792775183676929e-01 2.104940675559517638e-03 1.637950000000000170e-02 7.552212273030542433e-02 -9.363939949661647874e-04 9.971436868097770523e-01 5.306718799999999625e+00
9.971721119036214276e-01 1.238201183011865616e-02 -7.412465868191341067e-02 -8.351715999999999696e+00 -1.206543044371847020e-02 9.999160831104703107e-01 4.717215833819060102e-03 1.370180000000000009e-02 7.417684699337893928e-02 -3.809530161823556065e-03 9.972378266241543887e-01 5.490976800000000324e+00
9.972244294007913679e-01 1.584045317387483900e-02 -7.274969037399650618e-02 -8.366000200000000220e+00 -1.616923094349266218e-02 9.998615358992085644e-01 -3.932556416849866503e-03 1.019399999999999994e-02 7.267732367776127966e-02 5.097947873604262957e-03 9.973424775625050476e-01 5.672049000000000341e+00
9.972252622590775939e-01 2.242814041276650419e-02 -7.098418718235079139e-02 -8.380342499999999362e+00 -2.357360835452124506e-02 9.996043994179243386e-01 -1.534045805960348313e-02 6.367900000000000123e-03 7.061204784922635314e-02 1.697124573966322936e-02 9.973594715630781371e-01 5.850686600000000404e+00
9.973706409232168113e-01 1.948066843113738580e-02 -6.980192104725800595e-02 -8.392996800000000590e+00 -2.026534916701584407e-02 9.997389617915684035e-01 -1.055101412452072625e-02 1.906900000000000001e-03 6.957815927107070808e-02 1.193783202231430730e-02 9.975050716257318761e-01 6.029397499999999965e+00
9.972758846424967238e-01 1.764233767280373733e-02 -7.162093152119955453e-02 -8.406140300000000565e+00 -1.719414494314583375e-02 9.998285702944498254e-01 6.869599888666161162e-03 -3.347099999999999988e-03 7.172984936691054192e-02 -5.619425628570915744e-03 9.974082668423223108e-01 6.207814700000000130e+00
9.970298112322873996e-01 1.071401804466487646e-02 -7.626772142556709211e-02 -8.418553400000000408e+00 -1.068287678836875830e-02 9.999426032610762016e-01 8.162885435618250822e-04 -5.905399999999999885e-03 7.627208963725748414e-02 8.946584204401128448e-07 9.970870415071924064e-01 6.381601299999999810e+00
9.965892855322904254e-01 1.136647991109080054e-02 -8.173493192429769072e-02 -8.432880400000000165e+00 -1.164224394224037430e-02 9.999280270764889789e-01 -2.898072274750172934e-03 -9.336900000000000407e-03 8.169610834200229099e-02 3.839765793779299427e-03 9.966498894197604042e-01 6.552546000000000426e+00
9.962815875221964212e-01 1.264180301547880407e-02 -8.522431097268988454e-02 -8.440598500000000115e+00 -1.322796282494322941e-02 9.998925547720999285e-01 -6.316637620206841559e-03 -1.120499999999999968e-02 8.513530033865997215e-02 7.420493773390245303e-03 9.963417671203015358e-01 6.637005300000000219e+00
9.955571832263003795e-01 1.570948415013777993e-02 -9.283914602284483453e-02 -8.456187200000000459e+00 -1.705360473774435170e-02 9.997606815008208692e-01 -1.370234616637187527e-02 -1.538040000000000067e-02 9.260167110783325273e-02 1.522471125344820528e-02 9.955868313086939647e-01 6.805042300000000211e+00
9.951784815423189157e-01 2.018695328575258185e-02 -9.598060633358798666e-02 -8.465189000000000519e+00 -2.159706005911939120e-02 9.996732218779236234e-01 -1.367539604598172129e-02 -1.797839999999999855e-02 9.567317739015016032e-02 1.568235879102711575e-02 9.952892578295128301e-01 6.888149699999999598e+00
9.942628920284506400e-01 2.640157708438113995e-02 -1.036545139522585118e-01 -8.483202000000000353e+00 -2.715069561490045594e-02 9.996143945265349995e-01 -5.822540938099235626e-03 -2.250109999999999957e-02 1.034608199409249724e-01 8.603428549496817609e-03 9.945963199983927083e-01 7.052351999999999954e+00
9.932442760499131662e-01 2.626449544235011369e-02 -1.130309000815376691e-01 -8.501870200000000821e+00 -2.606207992362788439e-02 9.996549834929849832e-01 3.268327966147635977e-03 -2.593579999999999844e-02 1.130777435401777581e-01 -3.004276928653625521e-04 9.935860977585501130e-01 7.214393099999999670e+00
9.918440372444780051e-01 2.360083517860600902e-02 -1.252533686630692422e-01 -8.522401800000000804e+00 -2.277686143910125430e-02 9.997085114768893277e-01 8.006663702571165109e-03 -2.824609999999999968e-02 1.254058226939979148e-01 -5.088483028797609678e-03 9.920924790436157492e-01 7.372560000000000002e+00
9.900359547839393537e-01 2.837807900296890687e-02 -1.379256787808375573e-01 -8.545008700000000346e+00 -2.769235132627487564e-02 9.995927583127429683e-01 6.888483631706362499e-03 -3.036579999999999835e-02 1.380649916274059863e-01 -3.000360115616058053e-03 9.904186266049830323e-01 7.527535399999999655e+00
9.882410609765670539e-01 2.962642409245542716e-02 -1.500062678537237293e-01 -8.568948699999999974e+00 -2.987426365901530920e-02 9.995534836254273969e-01 6.014508326219018819e-04 -3.276459999999999789e-02 1.499571064362765216e-01 3.886948387411506833e-03 9.886848627654278854e-01 7.679195899999999853e+00
9.855227999504571068e-01 3.312493903226775005e-02 -1.662755219264699658e-01 -8.607373199999999613e+00 -3.220786413916552904e-02 9.994474754979906228e-01 8.209580274685152404e-03 -3.497730000000000283e-02 1.664555924726006386e-01 -2.735349118849169855e-03 9.860451579921649667e-01 7.903852500000000170e+00
9.817474699585642117e-01 2.833780255846661891e-02 -1.880661430883170671e-01 -8.648424099999999726e+00 -2.895050316450849606e-02 9.995807155586614590e-01 -5.113215778894011736e-04 -3.754009999999999986e-02 1.879728001506595081e-01 5.946598136043371868e-03 9.821562321617313129e-01 8.121972100000000694e+00
9.753293790482707726e-01 2.516078542840190224e-02 -2.193160669945098673e-01 -8.695433599999999430e+00 -2.424036875886187437e-02 9.996824357717618570e-01 6.887098944517474133e-03 -4.089340000000000336e-02 2.194197048757217383e-01 -1.400887598310054244e-03 9.756295560437824310e-01 8.336803400000000863e+00
9.698178868117185436e-01 2.819027660447433192e-02 -2.421953234994763671e-01 -8.730596500000000759e+00 -2.453501169656790992e-02 9.995351824279020692e-01 1.809564284212721724e-02 -4.226089999999999708e-02 2.425928680342891997e-01 -1.160721300673771619e-02 9.700587471824138053e-01 8.477055500000000521e+00
9.601369267813165687e-01 2.796172376100373308e-02 -2.781280709228073911e-01 -8.789505999999999375e+00 -2.930749762305169537e-02 9.995702108082932247e-01 -6.813572771316176238e-04 -4.281739999999999852e-02 2.779894825600487951e-01 8.805434059579366618e-03 9.605437584602893875e-01 8.681971499999999509e+00
9.530263893371929695e-01 2.844613624060078616e-02 -3.015485343355098768e-01 -8.833222400000000363e+00 -2.610452645557480994e-02 9.995896552701367677e-01 1.179299688201808360e-02 -4.412669999999999787e-02 3.017602606796382370e-01 -3.367255545733340884e-03 9.533778928969596222e-01 8.818702699999999339e+00
9.411280391923027011e-01 2.396440644583125446e-02 -3.371998236502365409e-01 -8.904798500000000061e+00 -2.161213453894694075e-02 9.997088652287889898e-01 1.072848654925898093e-02 -4.494089999999999890e-02 3.373587548689407911e-01 -2.809271554367003161e-03 9.413719660721854288e-01 9.019748699999999175e+00
9.323551578759917691e-01 1.628029274435082926e-02 -3.611769810635676592e-01 -8.981716199999999262e+00 -1.894226080373843588e-02 9.998132397285265371e-01 -3.830981491857607824e-03 -4.731500000000000289e-02 3.610471580523486601e-01 1.041334392527389942e-02 9.324894165247219480e-01 9.219145799999999724e+00
9.260539598732525635e-01 2.142172201558268166e-02 -3.767826604674841540e-01 -9.036360699999999468e+00 -2.364040307136902955e-02 9.997197264811426010e-01 -1.264842714567619014e-03 -5.004209999999999908e-02 3.766499631563656192e-01 1.007860656819628380e-02 9.263008296141982401e-01 9.351450899999999677e+00
9.199212562023257878e-01 2.412750474696278430e-02 -3.913601230348083271e-01 -9.092833499999999347e+00 -2.059096675522203296e-02 9.997004273327683155e-01 1.323131432495832510e-02 -5.082079999999999931e-02 3.915621208380866691e-01 -4.113284012294149243e-03 9.201424815860932416e-01 9.484485599999999295e+00
9.143779404453334925e-01 4.123635767433905808e-02 -4.027561853438185180e-01 -9.153622600000000276e+00 -3.742097469518264330e-02 9.991491112333977798e-01 1.734140058859189731e-02 -5.191969999999999918e-02 4.031285808272749849e-01 -7.850651345548305404e-04 9.151430112244325343e-01 9.615353600000000611e+00
9.099805370109844693e-01 2.933659289252172481e-02 -4.136118791556390173e-01 -9.212450000000000472e+00 -3.134293865888627267e-02 9.995068148659990159e-01 1.935777014779450737e-03 -5.199249999999999705e-02 4.134646810278065354e-01 1.120229234951934660e-02 9.104512431693914110e-01 9.745269800000000870e+00
9.059260741818204732e-01 3.631216796533362490e-02 -4.218760180137904325e-01 -9.274626700000000668e+00 -3.689097175980053656e-02 9.992962029463904328e-01 6.793745619612941156e-03 -5.338939999999999658e-02 4.218257985473769511e-01 9.408784968517956704e-03 9.066280772429694546e-01 9.876212100000000049e+00
8.987427880890959120e-01 3.340151221727949427e-02 -4.372021727295478111e-01 -9.370145799999999525e+00 -3.569457296898435883e-02 9.993583232385964132e-01 2.973084980763189382e-03 -5.591240000000000099e-02 4.370209357895800673e-01 1.293370617185641766e-02 8.993583384426141469e-01 1.007199289999999969e+01
8.965637903419623189e-01 3.063730334042408590e-02 -4.418537376685645057e-01 -9.402775800000000572e+00 -3.598676420727752595e-02 9.993453134942735794e-01 -3.727894703698297375e-03 -5.636610000000000231e-02 4.414502493481498036e-01 1.924318167712636696e-02 8.970793595381612029e-01 1.013609029999999933e+01
