1.000000000000000000e+00 0.000000000000000000e+00 0.000000000000000000e+00 -0.000000000000000000e+00 -0.000000000000000000e+00 1.000000000000000000e+00 0.000000000000000000e+00 0.000000000000000000e+00 0.000000000000000000e+00 -0.000000000000000000e+00 1.000000000000000000e+00 0.000000000000000000e+00
9.990878597795787019e-01 1.810272395443680979e-03 -4.266346627871783065e-02 -3.983399999999999788e-03 -1.948865210574591547e-03 9.999929580477190383e-01 -3.207145048789557685e-03 -4.603000000000000212e-04 4.265736003847413887e-02 3.287365027990947226e-03 9.990843522274387434e-01 4.287060000000000176e-02
9.984046037608292901e-01 1.641349283821515832e-03 -5.644070483002372463e-02 -5.481399999999999988e-03 -1.882036558049842790e-03 9.999893603886452764e-01 -4.211537474876882181e-03 -4.090000000000000211e-04 5.643319171884156327e-02 4.311041873680542674e-03 9.983970702032272104e-01 5.339580000000000021e-02
9.958190753962720132e-01 5.902657855894844429e-05 -9.134749910521400285e-02 -1.020809999999999947e-02 -4.452443807803277550e-04 9.999910487488221644e-01 -4.207633500224589734e-03 -5.659000000000000401e-04 9.134643306859568934e-02 4.230713662474962569e-03 9.958101878508528459e-01 7.780990000000000129e-02
9.830583019094653041e-01 6.445718381995027210e-03 -1.831797689741380686e-01 -2.678940000000000141e-02 -7.961945193452236655e-03 9.999398534551185991e-01 -7.543003439759709931e-03 -2.123400000000000114e-03 1.831201312680150184e-01 8.873679433908765457e-03 9.830504948056784098e-01 1.342736999999999958e-01
9.708988980360054866e-01 1.004225657512265897e-02 -2.392790899250280268e-01 -3.975209999999999855e-02 -1.244088060930343721e-02 9.998863438987282137e-01 -8.516089155205016498e-03 -2.850999999999999802e-03 2.391663736442380672e-01 1.124510416642498026e-02 9.709134839676246687e-01 1.655276999999999998e-01
8.810881431254153906e-01 1.744768255647356422e-02 -4.726301539440918020e-01 -1.035197999999999952e-01 -2.227936357264040726e-02 9.997410763222341901e-01 -4.627123605310417588e-03 -4.268899999999999952e-03 4.724270462225945710e-01 1.460680278052816500e-02 8.812487318061371644e-01 2.739068000000000058e-01
7.735651702196201240e-01 2.309707384355833698e-02 -6.332957070776300545e-01 -1.624310999999999949e-01 -2.633704298208248279e-02 9.996439241751916560e-01 4.287776414833470613e-03 -5.942700000000000413e-03 6.331692408748629264e-01 1.336226176546753339e-02 7.738980309901692944e-01 3.336323999999999956e-01
7.373996737610579721e-01 2.212181909882660752e-02 -6.750943239702466014e-01 -1.802187000000000094e-01 -2.549338012427472544e-02 9.996629268220912357e-01 4.911242951586642508e-03 -6.062500000000000180e-03 6.749754134092030844e-01 1.358888727045247727e-02 7.377150760529611606e-01 3.481145999999999963e-01
6.549285744873077908e-01 1.413824598776469883e-02 -7.555585168075417135e-01 -2.197202000000000044e-01 -1.387826641967282969e-02 9.998813771684426088e-01 6.680218029607150852e-03 -6.079700000000000382e-03 7.555633368826252250e-01 6.110776720512891592e-03 6.550470993498593852e-01 3.767247000000000234e-01
6.105014100575468783e-01 1.371010514603824421e-02 -7.918964966045950460e-01 -2.421212000000000086e-01 -1.105836815428015013e-02 9.999002545334600978e-01 8.785981885148633208e-03 -6.228100000000000303e-03 7.919379652545465165e-01 3.393228669914971456e-03 6.105921266997161867e-01 3.890059000000000156e-01
5.622390683784693755e-01 1.414814766640679067e-02 -8.268537113096368074e-01 -2.660290000000000155e-01 -8.521791592189732062e-03 9.998996754399716025e-01 1.131450940601187380e-02 -5.939599999999999741e-03 8.269308369246910484e-01 6.848157774137957413e-04 5.623032295571321892e-01 4.015390999999999821e-01
5.108068202473818875e-01 1.466481353529697912e-02 -8.595704366907542804e-01 -2.919179000000000079e-01 -6.661553121824144268e-03 9.998919996476622885e-01 1.310010498447533762e-02 -5.591299999999999569e-03 8.596697133776228794e-01 -9.655488460616912932e-04 5.108493433652057103e-01 4.132984000000000102e-01
4.037841624361728221e-01 1.814905790917457906e-02 -9.146742381103382113e-01 -3.491053000000000073e-01 -4.133156742411381313e-03 9.998291895980145894e-01 1.801412343468430238e-02 -5.114299999999999576e-03 9.148449416054399430e-01 -3.493325748740095348e-03 4.037902048021374535e-01 4.315747999999999807e-01
3.481128582879448596e-01 2.034387226978510294e-02 -9.372318628576751243e-01 -3.807298000000000071e-01 -3.212531511614843613e-03 9.997845185141076563e-01 2.050844169606527018e-02 -5.201299999999999847e-03 9.374471278615580383e-01 -4.128365364729184514e-03 3.481032017427176939e-01 4.394850000000000145e-01
1.881052220179952050e-01 2.595762827644320508e-02 -9.818057990172101013e-01 -4.856287000000000242e-01 6.645033777881498641e-03 9.995941651067129508e-01 2.770105793474782543e-02 -4.729900000000000423e-03 9.821264017302718807e-01 -1.173484635073837948e-02 1.878563930386001335e-01 4.555163999999999880e-01
1.406260034716096674e-01 2.685382905046479474e-02 -9.896985394618562637e-01 -5.241183999999999843e-01 4.638325477987577036e-03 9.996032546289966847e-01 2.778163551480612031e-02 -4.084700000000000136e-03 9.900519244384928808e-01 -8.497364323465145600e-03 1.404456539562233264e-01 4.570927000000000184e-01
9.815643280071070786e-02 2.700993082853416632e-02 -9.948043919969782323e-01 -5.645516999999999896e-01 2.499223341160308406e-03 9.996217726669515136e-01 2.738732357994494437e-02 -3.069300000000000066e-03 9.951678595003612404e-01 -5.174480342933822363e-03 9.805180350534115075e-02 4.575228000000000073e-01
6.014189857065501549e-02 2.587329847295217686e-02 -9.978544605614824148e-01 -6.059978999999999782e-01 1.614319448545765978e-03 9.996601862820228002e-01 2.601741599985283801e-02 -2.468500000000000208e-03 9.981885322968980789e-01 -3.175592656636236355e-03 6.007969375957256108e-02 4.573234999999999939e-01
-5.613395998816235639e-03 2.040481755264934513e-02 -9.997760415243023280e-01 -6.941848000000000463e-01 3.219156618556807264e-03 9.997869816277344945e-01 2.038696638466134387e-02 -1.039500000000000059e-03 9.999790631888377801e-01 -3.103995545615825108e-03 -5.677886545812693697e-03 4.535662999999999778e-01
-3.210878688076466286e-02 1.862978986127304670e-02 -9.993107408282824178e-01 -7.410984000000000460e-01 2.888149805922581720e-03 9.998238264036836132e-01 1.854655618154838620e-02 -5.012999999999999878e-04 9.994802071055455261e-01 -2.290651702374090631e-03 -3.215693578427869515e-02 4.501918999999999782e-01
-6.945895758626068062e-02 1.523107939908548147e-02 -9.974685295443505018e-01 -8.392380000000000395e-01 3.201400806806919096e-03 9.998816925439367731e-01 1.504499745252845314e-02 1.528099999999999901e-03 9.975796731308753662e-01 -2.148286715307221560e-03 -6.949950086356460055e-02 4.416665000000000174e-01
-9.196500380765809668e-02 1.670987075726015209e-02 -9.956220258179973026e-01 -9.446428000000000047e-01 3.581533612029438006e-03 9.998582726287678080e-01 1.645014506934032450e-02 2.568200000000000083e-03 9.957557987235841068e-01 -2.053016096405586161e-03 -9.201181681319292593e-02 4.304293000000000147e-01
-9.862585957428871009e-02 1.817375061099696376e-02 -9.949586195475477179e-01 -9.991847000000000367e-01 1.289207661076744241e-03 9.998347157806921626e-01 1.813502311410409434e-02 2.357000000000000154e-03 9.951237499762726202e-01 5.058739682530736387e-04 -9.863298801460362863e-02 4.240613999999999773e-01
-1.043866558622681684e-01 1.972286295421857294e-02 -9.943412064049148569e-01 -1.113726599999999900e+00 3.568005016067021806e-03 9.998043348556941989e-01 1.945665294875367768e-02 3.993799999999999607e-03 9.945303893889305691e-01 -1.516799476541735858e-03 -1.044366023061371607e-01 4.113340999999999803e-01
-1.021649567707808570e-01 2.437333412956013690e-02 -9.944688341981530177e-01 -1.234333600000000031e+00 5.052003273226111230e-03 9.996996127307742341e-01 2.398252632370763415e-02 5.317800000000000131e-03 9.947546425480767729e-01 -2.573886040374723586e-03 -1.022574018822078878e-01 3.991193000000000102e-01
-9.877815995231215007e-02 2.171055203727324107e-02 -9.948726185028272662e-01 -1.359693100000000099e+00 9.439735380289016736e-04 9.997635699773972373e-01 2.172356002154134796e-02 6.615199999999999900e-03 9.951090312274303296e-01 1.206679860965278669e-03 -9.877530001634116097e-02 3.856231999999999993e-01
-9.573450588586666921e-02 2.424813408144273902e-02 -9.951115175578854055e-01 -1.492158099999999932e+00 8.848891004954641953e-04 9.997049287826890174e-01 2.427493231460555595e-02 8.804400000000000420e-03 9.954065106046218192e-01 1.443385314887146026e-03 -9.572771429823223599e-02 3.726243000000000194e-01
-9.191053883667547886e-02 2.982442249651752822e-02 -9.953205296152093373e-01 -1.630254400000000103e+00 -1.057953680976150834e-03 9.995478733400977589e-01 3.004878758447383086e-02 1.033959999999999914e-02 9.957667064050498285e-01 3.814803276335336849e-03 -9.183743077417827472e-02 3.591035000000000199e-01
-8.859967977413739371e-02 2.622323363530374568e-02 -9.957220690341399560e-01 -1.773512800000000000e+00 -5.001177270587688420e-03 9.996290784964931841e-01 2.677113464461209139e-02 1.283070000000000044e-02 9.960547600256868250e-01 7.351696536179033042e-03 -8.843566920768719530e-02 3.458794000000000035e-01
-8.541230752227670087e-02 2.798861009659022597e-02 -9.959524965722917900e-01 -1.922844900000000079e+00 -3.026233435823018000e-03 9.995934640889326817e-01 2.835045787777721107e-02 1.551149999999999925e-02 9.963410960283188844e-01 5.435462772272543069e-03 -8.529288428432524327e-02 3.322237000000000107e-01
-8.316567161768505245e-02 3.205819063136915170e-02 -9.960199513452641096e-01 -2.074912299999999821e+00 -7.795239771296244569e-05 9.994822110190849651e-01 3.217613680703559909e-02 1.762690000000000090e-02 9.965357319172269968e-01 2.753592170996941452e-03 -8.312011033650490432e-02 3.194948000000000232e-01
-8.211913820606428493e-02 2.019301953274092037e-02 -9.964179289346632995e-01 -2.228038100000000021e+00 1.448773066812117025e-03 9.997960780408553516e-01 2.014208009925322340e-02 1.981139999999999984e-02 9.966214668553423639e-01 2.104668006989388745e-04 -8.213164741335465813e-02 3.060874000000000095e-01
-8.311560355742254880e-02 2.389763830623738844e-02 -9.962533308996609493e-01 -2.465340100000000145e+00 5.700450037178570253e-03 9.997074691022267423e-01 2.350491630689306374e-02 2.214860000000000093e-02 9.965236080066838253e-01 -3.725467031752121433e-03 -8.322751696846619751e-02 2.866545999999999816e-01
-8.346157159162286010e-02 3.653732161259135025e-02 -9.958409462343041918e-01 -2.625718399999999786e+00 1.959455311843379816e-03 9.993316890796261065e-01 3.650117444881008366e-02 2.352419999999999858e-02 9.965090700050537320e-01 1.095139552587734433e-03 -8.347738656081094000e-02 2.719229000000000229e-01
-8.468404690720854333e-02 3.067242364234171181e-02 -9.959356478343983632e-01 -2.865534999999999943e+00 1.825152506612793407e-04 9.995265518732917576e-01 3.076749564834686812e-02 2.721229999999999830e-02 9.964078376285492311e-01 2.423742600294940056e-03 -8.464955158892772946e-02 2.502592000000000150e-01
-8.463259830761374336e-02 3.431575356526404136e-02 -9.958211447649371051e-01 -3.024774999999999991e+00 -2.555219202480904506e-03 9.993960302108345628e-01 3.465610557538020831e-02 2.929330000000000128e-02 9.964089492565434414e-01 5.477577573407296438e-03 -8.449379850259985947e-02 2.354375999999999969e-01
-8.428633148599440350e-02 2.777850109194162156e-02 -9.960543003279077601e-01 -3.181429399999999852e+00 -4.068132424127953589e-03 9.995934174266341010e-01 2.822144815424053668e-02 3.113230000000000164e-02 9.964332715356370995e-01 6.430763129499170866e-03 -8.413905551145350881e-02 2.216252999999999973e-01
-8.353138124299665235e-02 2.437866877579821304e-02 -9.962069006267512128e-01 -3.338117599999999907e+00 -5.057471762146239364e-03 9.996774610470704481e-01 2.488766469273462345e-02 3.295820000000000000e-02 9.964923132302691000e-01 7.117189276871689965e-03 -8.338114468982149585e-02 2.077428000000000052e-01
-8.259307335505480796e-02 3.166720948339116909e-02 -9.960801032433592717e-01 -3.494988199999999878e+00 -3.868740563878097713e-03 9.994773031669346164e-01 3.209600131793354655e-02 3.452140000000000070e-02 9.965758461252287592e-01 6.504482891545489143e-03 -8.242738999930576682e-02 1.947934000000000054e-01
-8.222341585287418209e-02 4.015622778423437456e-02 -9.958045929074768043e-01 -3.652245499999999812e+00 -3.082329352047188248e-03 9.991728956710479448e-01 4.054656338209924882e-02 3.758260000000000073e-02 9.966091556529321771e-01 6.403274667993393704e-03 -8.203163379011424450e-02 1.812239999999999962e-01
-8.174742713005400674e-02 3.594206327395930989e-02 -9.960047822401389972e-01 -3.809764599999999835e+00 -2.887905546709267773e-03 9.993367894450162492e-01 3.629932868911599914e-02 4.055820000000000258e-02 9.966488941242894750e-01 5.843744462063649170e-03 -8.158941408964959230e-02 1.676033000000000106e-01
-8.133158109752296194e-02 2.887344296175689204e-02 -9.962687881328570194e-01 -3.965089100000000144e+00 -8.254801981401851257e-03 9.995265004346111093e-01 2.964174713452880083e-02 4.287529999999999814e-02 9.966529145898411768e-01 1.063481172723212097e-02 -8.105472607505026517e-02 1.538440000000000085e-01
-8.246237575347099835e-02 2.503264911893898423e-02 -9.962797413694512993e-01 -4.120915899999999965e+00 -9.108306006252269577e-03 9.996238054304649179e-01 2.587056973497829648e-02 4.473529999999999868e-02 9.965525552356930827e-01 1.120776939466499623e-02 -8.220334882719915193e-02 1.396609000000000045e-01
-8.461058283481526221e-02 1.983776751461667834e-02 -9.962165990648764735e-01 -4.275933300000000159e+00 -1.295616379525323797e-03 9.997987574847391201e-01 2.001913859707538795e-02 4.605750000000000122e-02 9.964132529480677070e-01 2.984545527852962635e-03 -8.456785345178274849e-02 1.272862999999999911e-01
-8.846168570073598136e-02 2.971961219028842333e-02 -9.956361156638721122e-01 -4.430482900000000335e+00 1.533864770830936641e-03 9.995576693047325545e-01 2.970038708427454044e-02 4.693039999999999712e-02 9.960783992346432525e-01 1.100175145055516321e-03 -8.846814224793686510e-02 1.139812999999999937e-01
-9.184544412066768249e-02 3.256902178297078204e-02 -9.952405102357811950e-01 -4.583777900000000294e+00 3.276277228673206421e-03 9.994694482182511219e-01 3.240506265733052865e-02 4.847730000000000095e-02 9.957678848013721273e-01 -2.844264492180142989e-04 -9.190342050107169758e-02 9.979760000000000020e-02
-9.423431519091224340e-02 2.512643280887717073e-02 -9.952329155603731881e-01 -4.734406899999999752e+00 -4.821137051606562418e-03 9.996582123895481065e-01 2.569465002024107214e-02 4.984050000000000286e-02 9.955383721776018824e-01 7.219472032914120430e-03 -9.408096909331098434e-02 8.386649999999999661e-02
-9.653051262317652315e-02 2.480596264753138006e-02 -9.950208662886605993e-01 -4.883868699999999841e+00 -1.024535934775423415e-02 9.996116641250102353e-01 2.591435040789245858e-02 5.112690000000000290e-02 9.952772943981704756e-01 1.269587186281151935e-02 -9.623888036080285868e-02 6.759500000000000230e-02
-9.840075162528966191e-02 2.564921614634770031e-02 -9.948162693636729559e-01 -5.032739199999999968e+00 -1.189305934875993336e-02 9.995660843506714022e-01 2.694806403423491079e-02 5.239739999999999676e-02 9.950757997353291140e-01 1.448311868846926045e-02 -9.805300634937608173e-02 5.194719999999999893e-02
-9.975297834035599942e-02 2.733018598876419541e-02 -9.946368202746405096e-01 -5.178329899999999597e+00 -1.058280552645276228e-02 9.995370231761202540e-01 2.852619020144967626e-02 5.373159999999999742e-02 9.949559525624322998e-01 1.337162047171396549e-02 -9.941756497995057895e-02 3.696460000000000024e-02
-1.002658468910515299e-01 3.435933396020141029e-02 -9.943672340322922132e-01 -5.321100699999999684e+00 -9.870579937989839431e-03 9.993200148073118072e-01 3.552576047323680736e-02 5.564960000000000045e-02 9.949117205053459312e-01 1.337700173153132631e-02 -9.985852104736303581e-02 2.193329999999999932e-02
-1.014242465675493227e-01 3.624427653181375164e-02 -9.941828175073686991e-01 -5.463589200000000368e+00 -9.409000972202487614e-03 9.992564854745206171e-01 3.738912860463947802e-02 5.801830000000000181e-02 9.947987700579999926e-01 1.314643129501661713e-02 -1.010078137338659143e-01 6.904900000000000274e-03
-1.015912066691440768e-01 2.804982458785206662e-02 -9.944307085303121241e-01 -5.668165700000000307e+00 -8.828909792572217294e-03 9.995376343871228420e-01 2.909583811593836195e-02 6.030579999999999968e-02 9.947870511216871936e-01 1.173562032382604280e-02 -1.012965850176259508e-01 -1.514609999999999915e-02
-9.444761794238515362e-02 2.585147686901691222e-02 -9.951941260923417021e-01 -5.860620499999999566e+00 -1.213879131820742169e-02 9.995585652488010453e-01 2.711686528881048289e-02 6.147600000000000287e-02 9.954558238366694178e-01 1.464157715033343951e-02 -9.409211979867693199e-02 -3.397170000000000051e-02
-6.107013296515648171e-02 3.163671731474102661e-02 -9.976319747167115004e-01 -6.098460199999999887e+00 -1.326583746297099568e-02 9.993835529593217970e-01 3.250433249289296639e-02 6.381599999999999773e-02 9.980453178167933981e-01 1.521946753173931445e-02 -6.061279891265691777e-02 -5.159740000000000160e-02
-2.828690443667408044e-02 3.405739553134400077e-02 -9.990194917252677165e-01 -6.208159000000000205e+00 -1.794383718630978078e-02 9.992410744013289214e-01 3.457302324514195668e-02 6.565559999999999452e-02 9.994387773868000924e-01 1.890420691009039519e-02 -2.765431642038573834e-02 -5.464229999999999782e-02
8.277772246352600727e-02 3.449435360026872205e-02 -9.959708772014627121e-01 -6.403429000000000038e+00 -1.604527784902438220e-02 9.993173724531583257e-01 3.327669112251559203e-02 6.832630000000000647e-02 9.964388579950599345e-01 1.322606075198992821e-02 8.327468759764644624e-02 -4.230230000000000101e-02
2.548151078637200806e-01 3.475790533031058310e-02 -9.663649149371316138e-01 -6.569582500000000103e+00 -1.139099132169305549e-02 9.993923437141466470e-01 3.294220153927322065e-02 6.877020000000000355e-02 9.669226991446160380e-01 2.613683721139211172e-03 2.550561948596741235e-01 -2.180300000000000033e-03
3.558821879954245371e-01 2.504828705472635780e-02 -9.341950821874482891e-01 -6.644241300000000017e+00 8.853103262796233747e-04 9.996312485196610087e-01 2.714006648204442956e-02 6.883770000000000167e-02 9.345304085438930208e-01 -1.048571879499144398e-02 3.557287804045897728e-01 3.198630000000000223e-02
4.587439909896202650e-01 1.942636054674143353e-02 -8.883561038495897400e-01 -6.714685900000000096e+00 5.848271134468977124e-03 9.996733222337065294e-01 2.488064587107154807e-02 7.061720000000000497e-02 8.885492380592381334e-01 -1.660919414456765719e-02 4.584805189037098883e-01 7.388559999999999572e-02
5.516533775014564878e-01 1.403015205247809885e-02 -8.339554579979795434e-01 -6.780902900000000066e+00 1.477837682388640286e-02 9.995371364061891306e-01 2.659158745480299027e-02 7.174239999999999784e-02 8.339425343929200984e-01 -2.699384704519834297e-02 5.511906943626803113e-01 1.240880000000000039e-01
6.376217639108918700e-01 2.665965296927379560e-03 -7.703449739020814535e-01 -6.839039299999999599e+00 2.630959861090719637e-02 9.993352753513260467e-01 2.523514334063428274e-02 7.211620000000000530e-02 7.699001826263557335e-01 -3.635794366469297101e-02 6.371277805310164855e-01 1.809755000000000114e-01
6.789966288257285321e-01 -1.692937366989763492e-03 -7.341394363514109900e-01 -6.867064499999999683e+00 2.296273074790954744e-02 9.995570299840491613e-01 1.893295555547970174e-02 7.222860000000000391e-02 7.337821822856528398e-01 -2.971325920423759440e-02 6.787347281431582724e-01 2.105576000000000114e-01
7.196120186521254292e-01 -8.972470182440801800e-03 -6.943183977039915078e-01 -6.893179899999999805e+00 1.965853083890942501e-02 9.997789593807365760e-01 7.454833655227460949e-03 7.307650000000000257e-02 6.940980368627105435e-01 -1.901386752864013541e-02 7.196293407476759274e-01 2.420770999999999895e-01
7.589592997283587383e-01 -1.173659933311884188e-02 -6.510322830643141545e-01 -6.919115999999999822e+00 1.500616080229277144e-02 9.998872598148222934e-01 -5.317875343874471986e-04 7.344879999999999465e-02 6.509651269413861963e-01 -9.365890032443913854e-03 7.590498558132299234e-01 2.763731999999999855e-01
7.962442463626172584e-01 -1.268959490035800192e-02 -6.048421895963380646e-01 -6.943853400000000065e+00 1.350842686059886694e-02 9.999036531061530342e-01 -3.194825303824661705e-03 7.331409999999999316e-02 6.048244559689857081e-01 -5.626605214062519247e-03 7.963389471673387732e-01 3.138496000000000064e-01
8.617569410621169768e-01 -1.269162332356566988e-02 -5.071625944691462440e-01 -6.990508600000000072e+00 1.053927230201999465e-02 9.999191491733582238e-01 -7.114692949893021597e-03 7.317250000000000143e-02 5.072118869571244915e-01 7.860113485867485303e-04 8.618210277752296200e-01 3.973670000000000258e-01
9.095773365035728641e-01 -4.676328553617827358e-03 -4.155083643807001570e-01 -7.031271499999999897e+00 3.252115571075412954e-03 9.999861618066919755e-01 -4.135207302263803515e-03 7.138550000000000451e-02 4.155219520836155311e-01 2.410009622168684043e-03 9.095799575574664564e-01 4.907972999999999919e-01
9.274348833387529023e-01 -6.146868818614240840e-04 -3.739841698875381315e-01 -7.050368800000000213e+00 -1.727526471507794025e-03 9.999809391872606090e-01 -5.927639872200866390e-03 7.121210000000000040e-02 3.739806850877782640e-01 6.143567546754341406e-03 9.274161437882535441e-01 5.408617000000000008e-01
9.412538604551106136e-01 4.815355154418342158e-03 -3.376654891058427643e-01 -7.068324999999999747e+00 -6.634250527583727096e-03 9.999690341138307570e-01 -4.232910746729428610e-03 7.053439999999999710e-02 3.376346500261613870e-01 6.224401030568254591e-03 9.412566599676850387e-01 5.930706999999999507e-01
9.589955449677343147e-01 4.997432163118485302e-03 -2.833770816488399014e-01 -7.100048100000000417e+00 -5.465627822137292952e-03 9.999846921637099983e-01 -8.615977947675415713e-04 6.912229999999999763e-02 2.833684379823344646e-01 2.375102108352066931e-03 9.590081789251990729e-01 7.049292000000000336e-01
9.650086141847297183e-01 5.436367690571883640e-03 -2.621618211250452690e-01 -7.115682099999999899e+00 -5.314333407024789818e-03 9.999851890927352605e-01 1.174502279867403786e-03 6.899800000000000377e-02 2.621643232968710047e-01 2.598105065996359603e-04 9.650232122020663272e-01 7.642160000000000064e-01
9.734560171474645474e-01 1.292489275766491724e-02 -2.285089272361108537e-01 -7.145894099999999582e+00 -1.204489337184095482e-02 9.999136998349295036e-01 5.245324211468313340e-03 6.811570000000000125e-02 2.285570021308827304e-01 -2.353726752470389379e-03 9.735276866876043655e-01 8.875568999999999820e-01
9.792023203438180445e-01 1.511850100520982856e-02 -2.023221361112967354e-01 -7.173460500000000017e+00 -1.414327250358216395e-02 9.998803510732758859e-01 6.265092215767309285e-03 6.757230000000000181e-02 2.023926472878203042e-01 -3.273295730318428846e-03 9.792989849167055283e-01 1.017560000000000020e+00
9.845819191865571307e-01 1.591729768074703899e-02 -1.741984042563489432e-01 -7.197794400000000259e+00 -1.503181404816124854e-02 9.998665241528117420e-01 6.401440853149825520e-03 6.716800000000000548e-02 1.742770466164072773e-01 -3.684224900485627736e-03 9.846897671396536156e-01 1.153113499999999902e+00
9.889399226401112131e-01 1.755561997618715342e-02 -1.472739950426499855e-01 -7.219979300000000322e+00 -1.708575194114828749e-02 9.998441030193365719e-01 4.454967796058398669e-03 6.550409999999999566e-02 1.473292451931263458e-01 -1.889408560917559118e-03 9.890857008602003120e-01 1.295001700000000033e+00
9.917585437823609462e-01 1.654666042240619112e-02 -1.270480179442261270e-01 -7.239188200000000073e+00 -1.758411367722715474e-02 9.998205423603520048e-01 -7.048547399147101281e-03 6.394429999999999559e-02 1.269085882865189918e-01 9.224483894356745248e-03 9.918715234928390245e-01 1.442467799999999967e+00
9.935229254215796058e-01 1.897576504316369345e-02 -1.120362307593984336e-01 -7.257781999999999734e+00 -1.924696278992180792e-02 9.998138628381705306e-01 -1.339440173872473395e-03 6.227329999999999671e-02 1.119899597513540207e-01 3.487121684522203821e-03 9.937032197277251289e-01 1.594687799999999989e+00
9.944181219255109339e-01 2.421588223402231649e-02 -1.026946436469192148e-01 -7.276081600000000371e+00 -2.325201569642948440e-02 9.996737280926828451e-01 1.057265942560304574e-02 5.987750000000000017e-02 1.029171635452161004e-01 -8.125786663748834834e-03 9.946567393020079306e-01 1.750135900000000078e+00
9.954439195285057496e-01 2.083128465961107956e-02 -9.304547626379357228e-02 -7.299102300000000376e+00 -1.992493115525169334e-02 9.997446539861565284e-01 1.065945329549104932e-02 5.811790000000000012e-02 9.324376757823764350e-02 -8.756963259630963850e-03 9.956047988043675856e-01 1.977985300000000057e+00
9.959979369079678957e-01 1.703406638021757666e-02 -8.773796360541970263e-02 -7.313442700000000407e+00 -1.578782090208583413e-02 9.997646578807369844e-01 1.487862775179985865e-02 5.677619999999999889e-02 8.797075869989569308e-02 -1.343389128909820533e-02 9.960324674319595006e-01 2.131994000000000167e+00
9.963177918687543544e-01 1.876812718046937459e-02 -8.365772533309323578e-02 -7.326698300000000330e+00 -1.850386726265652523e-02 9.998210526910168428e-01 3.933127528189338425e-03 5.552870000000000028e-02 8.371657244593527780e-02 -2.370653488964477758e-03 9.964867864151234489e-01 2.282198000000000171e+00
9.965360851916156282e-01 2.062029670105159501e-02 -8.056447278378832400e-02 -7.339896200000000093e+00 -2.131574929455685302e-02 9.997425090661598013e-01 -7.781670650388716921e-03 5.332930000000000309e-02 8.038326780481598599e-02 9.472007710096244995e-03 9.967190232592930688e-01 2.431939100000000131e+00
9.968032061902040164e-01 2.479031464987889802e-02 -7.595267229327405667e-02 -7.353030699999999698e+00 -2.502137165611244621e-02 9.996847277827499711e-01 -2.091888710158604746e-03 5.027709999999999818e-02 7.587686794653673850e-02 3.985641415004112509e-03 9.971092295095531632e-01 2.582455200000000062e+00
9.971219315890599288e-01 2.574841859542218586e-02 -7.130829183157422202e-02 -7.364849099999999815e+00 -2.546659032460299454e-02 9.996638662527038699e-01 4.858732955708611363e-03 4.762469999999999898e-02 7.140942739821454222e-02 -3.028770135049658162e-03 9.974424896855598188e-01 2.731949300000000136e+00
9.974044713302726572e-01 2.048225708083194208e-02 -6.902751419002445266e-02 -7.375111099999999809e+00 -2.021003633564568552e-02 9.997849903144240269e-01 4.639781600350688373e-03 4.529350000000000043e-02 6.910770580543965091e-02 -3.232690344246013075e-03 9.976039668683395201e-01 2.879340899999999870e+00
9.975607700623703167e-01 1.886841318226463796e-02 -6.720485857848422506e-02 -7.385238600000000098e+00 -1.879339538606917756e-02 9.998218599044086385e-01 1.748355556551107332e-03 4.310189999999999855e-02 6.722587539358336473e-02 -4.810834362056294394e-04 9.977376660406751530e-01 3.027408400000000110e+00
9.976247914812281792e-01 2.159381582918810591e-02 -6.541011038036140257e-02 -7.396622699999999995e+00 -2.145417713291105852e-02 9.997658086803448141e-01 2.836560820063305146e-03 4.124810000000000282e-02 6.545604407222938015e-02 -1.426503302255938566e-03 9.978544339645653016e-01 3.179163700000000148e+00
9.975024739156392872e-01 2.075966951459976353e-02 -6.751185565383373277e-02 -7.406732100000000152e+00 -2.069361875216509453e-02 9.997844566433604641e-01 1.677616547512021878e-03 3.920660000000000117e-02 6.753213068695172738e-02 -2.763620542734184903e-04 9.977170615705113210e-01 3.331913000000000125e+00
9.971557563680161218e-01 1.964535537013404817e-02 -7.276302326395416020e-02 -7.418217199999999956e+00 -1.956992324239538797e-02 9.998069599844826572e-01 1.749534473464107835e-03 3.795520000000000144e-02 7.278334731527770496e-02 -3.205915910188082826e-04 9.973477235019967413e-01 3.486071299999999873e+00
9.966598148527958667e-01 2.403507917004456609e-02 -7.804824422676141793e-02 -7.431924799999999998e+00 -2.435755994672604216e-02 9.996982455195358996e-01 -3.182322831395557015e-03 3.518079999999999818e-02 7.794820543817641834e-02 5.072758071430577727e-03 9.969445041698742349e-01 3.642349199999999954e+00
9.962883114950814578e-01 2.355875525250451449e-02 -8.279242374295053830e-02 -7.445466999999999835e+00 -2.431945218483996460e-02 9.996706780570759898e-01 -8.191439332339095492e-03 3.293259999999999937e-02 8.257217826670779082e-02 1.017450165161420950e-02 9.965331479145249638e-01 3.799610100000000212e+00
9.957969142202625079e-01 2.162410778580804716e-02 -8.899945837964910733e-02 -7.467535500000000326e+00 -2.208933979344721715e-02 9.997469857883314326e-01 -4.245641840225001205e-03 2.838929999999999926e-02 8.888513203507529548e-02 6.193736320961326126e-03 9.960226257136399752e-01 4.040911200000000036e+00
9.956325338452566287e-01 2.081508461455802705e-02 -9.100873475311416216e-02 -7.483016000000000112e+00 -2.051925590007148970e-02 9.997806984710896350e-01 4.185104773772441340e-03 2.597939999999999972e-02 9.107588970842547815e-02 -2.299394952778055848e-03 9.958413001561392530e-01 4.205670800000000042e+00
9.958027830273407099e-01 2.361944647711625503e-02 -8.842476498763054971e-02 -7.498643900000000251e+00 -2.317042989480492740e-02 9.997129127568286089e-01 6.101085620422371479e-03 2.477630000000000110e-02 8.854348363088604401e-02 -4.026638222194191784e-03 9.960641734803710179e-01 4.371372700000000222e+00
9.961570759080494719e-01 2.134712813329678674e-02 -8.494339432107156362e-02 -7.513482599999999678e+00 -2.120791340497344205e-02 9.997718577264080864e-01 2.541044528129759224e-03 2.316210000000000144e-02 8.497825914509893330e-02 -7.298073358080922309e-04 9.963825384127930063e-01 4.538665800000000417e+00
9.965344567612363091e-01 1.632289535848376397e-02 -8.156371481672328172e-02 -7.526963699999999591e+00 -1.632758115044151068e-02 9.998665103462485160e-01 6.095750906592171166e-04 2.103549999999999864e-02 8.156277693509167426e-02 7.242755907762537908e-04 9.966679431202275508e-01 4.706840500000000205e+00
9.967318410827230579e-01 1.172028566902771039e-02 -7.992666561093121624e-02 -7.540091499999999947e+00 -1.129720510060634904e-02 9.999196893451682833e-01 5.743519546141781854e-03 1.837309999999999985e-02 7.998756233790392522e-02 -4.821800877106234215e-03 9.967841993669148692e-01 4.874797799999999626e+00
9.968641906221261673e-01 1.230915791125863391e-02 -7.816821660245881764e-02 -7.553465400000000329e+00 -1.213804045594774929e-02 9.999227829179221372e-01 2.663864780284153425e-03 1.617659999999999931e-02 7.819497061309629848e-02 -1.706702432634818857e-03 9.969366247348039334e-01 5.041325099999999892e+00
9.968886143052312354e-01 2.055669657544243953e-02 -7.609541966834247606e-02 -7.573975100000000182e+00 -2.170757379725591144e-02 9.996616883567007728e-01 -1.432794722446853117e-02 1.109120000000000071e-02 7.577514043822457246e-02 1.593521439252262167e-02 9.969975912878785707e-01 5.285066600000000392e+00
9.970266104748218838e-01 1.750169172658921218e-02 -7.504417893344667023e-02 -7.586317099999999591e+00 -1.826722477361127084e-02 9.997877516013999877e-01 -9.526817248569444466e-03 7.239299999999999728e-03 7.486151550802377930e-02 1.086933919448263529e-02 9.971347005100751337e-01 5.446341000000000321e+00
9.968907035543386197e-01 1.591322012156531560e-02 -7.717314683423455446e-02 -7.598913699999999771e+00 -1.536544065674968693e-02 9.998523980923752497e-01 7.686693850433133288e-03 2.915599999999999963e-03 7.728407598179344584e-02 -6.476994232589032910e-03 9.969880742242362981e-01 5.607957400000000092e+00
9.966158067639468987e-01 8.638141017119304460e-03 -8.174543551792781693e-02 -7.610975700000000010e+00 -8.537306048417517973e-03 9.999623035823576034e-01 1.582978111177132247e-03 1.044800000000000026e-03 8.175602799600154014e-02 -8.797352062827373982e-04 9.966519843718186777e-01 5.764655099999999699e+00
9.961402337398923557e-01 9.473137981504753738e-03 -8.726336219408477313e-02 -7.624515999999999849e+00 -9.694324117590772880e-03 9.999507801451155142e-01 -2.111247753775326568e-03 -2.062299999999999984e-03 8.723906696277620998e-02 2.949058147628751732e-03 9.961830395321464859e-01 5.918772699999999887e+00
9.958266287076400491e-01 1.082562789071268329e-02 -9.062081073102372375e-02 -7.631974200000000152e+00 -1.137547035530447025e-02 9.999198770938894087e-01 -5.553203286104129582e-03 -3.667600000000000027e-03 9.055343301593700434e-02 6.560882052973679782e-03 9.958699867933139549e-01 5.995466200000000079e+00
9.950561820061837315e-01 1.364390242385878950e-02 -9.837193999268634137e-02 -7.646974100000000441e+00 -1.498837337663440177e-02 9.998039183668697705e-01 -1.294115457662375034e-02 -7.310099999999999931e-03 9.817608321174287056e-02 1.435161123016133640e-02 9.950655696688028851e-01 6.147668399999999700e+00
9.946811590922133295e-01 1.824538377368241024e-02 -1.013730620920673398e-01 -7.655725000000000335e+00 -1.965160916935634536e-02 9.997237875347231295e-01 -1.289041870083191578e-02 -9.611700000000000799e-03 1.011098709524740902e-01 1.481400041106163169e-02 9.947649669081612966e-01 6.222848899999999794e+00
9.937553384504658194e-01 2.469437989897906721e-02 -1.088141300686866070e-01 -7.673261600000000016e+00 -2.539977038394232445e-02 9.996643591661829031e-01 -5.101046687495235793e-03 -1.350649999999999941e-02 1.086516404185558365e-01 7.833046295656530267e-03 9.940490251592659643e-01 6.371272600000000175e+00
9.932520412753007566e-01 2.484528447772865398e-02 -1.132832482835343935e-01 -7.681791300000000433e+00 -2.494569993808877853e-02 9.996886664488048302e-01 5.312517379736310429e-04 -1.536520000000000073e-02 1.132611785081145961e-01 2.298263046519699159e-03 9.935625916015166093e-01 6.445198500000000053e+00
9.918821094300501739e-01 2.357211660007206555e-02 -1.249569378289435706e-01 -7.699885799999999669e+00 -2.315869074065409622e-02 9.997204680756817119e-01 4.760331261436016523e-03 -1.734870000000000162e-02 1.250342194592048706e-01 -1.827848334099323917e-03 9.921507460737480910e-01 6.591820700000000421e+00
9.911530583451022558e-01 2.159192361379941305e-02 -1.309557320922084822e-01 -7.709527999999999714e+00 -2.065086160020195710e-02 9.997502736526984179e-01 8.540037852600924212e-03 -1.843260000000000037e-02 1.311074248405471876e-01 -5.760135936799021597e-03 9.913514331384556399e-01 6.663929500000000061e+00
9.902578921540572399e-01 2.241200229715571701e-02 -1.374300155702374848e-01 -7.719965499999999814e+00 -2.150879843009682879e-02 9.997362192053858010e-01 8.053794075727333662e-03 -1.929820000000000146e-02 1.375742658228525372e-01 -5.019378642127278120e-03 9.904787363802163291e-01 6.735127399999999653e+00
9.883827718833083642e-01 2.914501589571778448e-02 -1.491645544112483179e-01 -7.742794499999999580e+00 -2.893913904025727582e-02 9.995748680508661499e-01 3.550970670392777397e-03 -2.100899999999999990e-02 1.492046328901236452e-01 8.069755459059926427e-04 9.888060104563440866e-01 6.874777299999999869e+00
9.874583713482590897e-01 2.755524026187133185e-02 -1.554563398139621189e-01 -7.753937699999999822e+00 -2.771104769634972348e-02 9.996152961044533214e-01 1.165173625116904454e-03 -2.232140000000000166e-02 1.554286417936351361e-01 3.157297597088768934e-03 9.878420768432923937e-01 6.944399400000000000e+00
9.857475935010787671e-01 3.098592933269129004e-02 -1.653528170011667742e-01 -7.778290300000000101e+00 -3.067834631775716650e-02 9.995195605804144678e-01 4.414417780740993030e-03 -2.368769999999999903e-02 1.654101598271389140e-01 7.212492805047144868e-04 9.862245985704451989e-01 7.082201999999999664e+00
9.846687623863009664e-01 3.174436255348326436e-02 -1.715217881981861148e-01 -7.790476299999999910e+00 -3.071058998898538658e-02 9.994906478490134250e-01 8.677817979647957369e-03 -2.439720000000000083e-02 1.717098950065454044e-01 -3.277240978701456090e-03 9.851421073370119075e-01 7.150247600000000148e+00
9.823434301276483538e-01 2.830804949193211836e-02 -1.849325272065687475e-01 -7.815809699999999971e+00 -2.751257552341864962e-02 9.995978727513198381e-01 6.866657054520939815e-03 -2.603660000000000002e-02 1.850525424659551776e-01 -1.657445322940917943e-03 9.827272304163996441e-01 7.284191599999999767e+00
9.766996303647186295e-01 2.355026177693458553e-02 -2.133148312135374480e-01 -7.857392800000000399e+00 -2.388019673032656595e-02 9.997142966467003067e-01 1.030186543415384515e-03 -2.886359999999999967e-02 2.132781476137277088e-01 4.087817318715166771e-03 9.769829688894406949e-01 7.481526900000000424e+00
9.713022689097166040e-01 2.503550215762811310e-02 -2.365272205107731840e-01 -7.889189700000000194e+00 -2.214900422740953556e-02 9.996443366615324067e-01 1.485334279745918751e-02 -3.025459999999999955e-02 2.368149573455416435e-01 -9.188243153075360131e-03 9.715113237452197570e-01 7.613225899999999768e+00
9.654026237503289254e-01 2.895339244398455886e-02 -2.591514520931058607e-01 -7.924238700000000080e+00 -2.625644045454923747e-02 9.995591124737230881e-01 1.386290032423116193e-02 -3.138130000000000086e-02 2.594385734439608182e-01 -6.578885675209445241e-03 9.657372028003451403e-01 7.741130400000000300e+00
9.585425658723033537e-01 2.679662049371843435e-02 -2.836866062066669136e-01 -7.961467299999999803e+00 -2.809135609493251806e-02 9.996052369122625514e-01 -4.960346026885234516e-04 -3.115889999999999979e-02 2.835613251550510028e-01 8.444611755136877812e-03 9.589169220577017372e-01 7.866513699999999609e+00
9.513458803473291425e-01 2.718765960267656087e-02 -3.069231941569328104e-01 -8.002462400000000642e+00 -2.474053180245901554e-02 9.996235325838875863e-01 1.186166896524231372e-02 -3.227590000000000320e-02 3.071301385932302397e-01 -3.691106858175143349e-03 9.516603667789600429e-01 7.992033000000000165e+00
9.431967840953905391e-01 2.389004854142414563e-02 -3.313745494946794268e-01 -8.046183600000000880e+00 -1.992891752121742771e-02 9.996836041572422227e-01 1.534698099363076065e-02 -3.296160000000000062e-02 3.316363440857256761e-01 -7.871287053255567739e-03 9.433744633609600916e-01 8.116481800000000746e+00
9.330101774972577866e-01 1.402107084271665347e-02 -3.595767209636339667e-01 -8.115932499999999550e+00 -1.575055586455257131e-02 9.998741842636164057e-01 -1.880327930270433816e-03 -3.451619999999999688e-02 3.595051163425816987e-01 7.417898327105018445e-03 9.331136297943116720e-01 8.299756999999999607e+00
9.270372450582280432e-01 1.889355154707099763e-02 -3.744929638655297155e-01 -8.166202500000000697e+00 -2.192886335662546857e-02 9.997521389341811338e-01 -3.845211101627083773e-03 -3.655239999999999878e-02 3.743274919462064587e-01 1.177685893894456909e-02 9.272217827288112835e-01 8.421311400000000447e+00
9.204035941855646108e-01 1.950200874507863197e-02 -3.904829003492999440e-01 -8.217566500000000218e+00 -1.900722421817260810e-02 9.998061758348462114e-01 5.131879774569529824e-03 -3.843690000000000301e-02 3.905072972913752882e-01 2.698595450859492782e-03 9.205958767802395748e-01 8.544345899999999716e+00
9.119972485516690819e-01 3.865735776167232574e-02 -4.083706984163666953e-01 -8.301172299999999282e+00 -3.457181837593466256e-02 9.992510173834073806e-01 1.738371745072412461e-02 -3.990500000000000297e-02 4.087368444468474915e-01 -1.735784868955821125e-03 9.126506336175537193e-01 8.725864400000000742e+00
9.074559026717041732e-01 2.727968000766512607e-02 -4.192607825267729571e-01 -8.355399099999999635e+00 -2.917918188389256179e-02 9.995724246433483895e-01 1.882348852975656954e-03 -3.966789999999999899e-02 4.191328668225259846e-01 1.052553805261175965e-02 9.078638956351516853e-01 8.844570199999999716e+00
9.034080633174279562e-01 3.409192050965311610e-02 -4.274243934183185600e-01 -8.413525599999999827e+00 -3.453511992506345246e-02 9.993809042208680049e-01 6.718167193644618285e-03 -4.111639999999999739e-02 4.273888120023914827e-01 8.691906272145964729e-03 9.040261357618709637e-01 8.964764600000000527e+00
8.961480452559045240e-01 3.106646580656871603e-02 -4.426664158102698865e-01 -8.501768099999999606e+00 -3.323238613063146663e-02 9.994435466072199015e-01 2.864551840448708794e-03 -4.354740000000000000e-02 4.425090840831248373e-01 1.214379872491724160e-02 8.966817934230864040e-01 9.143388699999999147e+00
