1.000000000000000000e+00 0.000000000000000000e+00 0.000000000000000000e+00 0.000000000000000000e+00 0.000000000000000000e+00 1.000000000000000000e+00 0.000000000000000000e+00 0.000000000000000000e+00 0.000000000000000000e+00 0.000000000000000000e+00 1.000000000000000000e+00 0.000000000000000000e+00
9.992340536334975987e-01 -1.029792793489054357e-02 3.775259910809037472e-02 1.912700000000000034e-03 1.026733154129472712e-02 9.999467852880158381e-01 1.004238609000386324e-03 -5.159000000000000174e-04 -3.776093169122710785e-02 -6.158509644983695521e-04 9.992866119214246501e-01 5.371549999999999936e-02
9.984825713500313782e-01 -1.353588803714874528e-02 5.337915740507170881e-02 3.356299999999999995e-03 1.349185027539756901e-02 9.999082783395211171e-01 1.185278128187835459e-03 -6.486999999999999928e-04 -5.339030517215558047e-02 -4.632959536618347926e-04 9.985736130453696235e-01 8.109389999999999654e-02
9.965836215243257801e-01 -1.672079279967738155e-02 8.087954251607601397e-02 7.552599999999999592e-03 1.651235930611921407e-02 9.998583949896545642e-01 3.245297961281635307e-03 -1.001399999999999946e-03 -8.092235352240509383e-02 -1.898698728639571084e-03 9.967186000288811298e-01 1.364825000000000066e-01
9.944108277326076939e-01 -1.606151461207712752e-02 1.043510107115212526e-01 1.279669999999999939e-02 1.607348987726170061e-02 9.998705493762360952e-01 7.262322144824092046e-04 -1.396399999999999898e-03 -1.043491667974189296e-01 9.551117368241263681e-04 9.945402652232108176e-01 1.923267999999999922e-01
9.921406029814018313e-01 -1.706068530857051541e-02 1.239594971452463446e-01 1.960380000000000109e-02 1.780045856265626697e-02 9.998297344408390019e-01 -4.862695026474470397e-03 -1.738100000000000018e-03 -1.238554302025533516e-01 7.031013068062710869e-03 9.922753636287546808e-01 2.499957999999999902e-01
9.903961754643321180e-01 -1.624210433678752175e-02 1.373011641332182453e-01 2.756120000000000098e-02 1.734628673636717799e-02 9.998260816070099199e-01 -6.849297397003723149e-03 -2.096499999999999839e-03 -1.371660379324406986e-01 9.165183308902109111e-03 9.905056675520996778e-01 3.098933999999999855e-01
9.897050999690931716e-01 -1.731486926404719739e-02 1.420704416743201748e-01 3.203990000000000310e-02 1.868011426591093677e-02 9.997912136076184675e-01 -8.281456636247873371e-03 -2.468999999999999841e-03 -1.418973869603664395e-01 1.085009195235214774e-02 9.898219067481006661e-01 3.404113000000000278e-01
9.884588918195760243e-01 -1.641192221219375108e-02 1.505977024795420727e-01 4.129290000000000044e-02 1.827728637801884215e-02 9.997723285965035567e-01 -1.101053020434467240e-02 -3.122999999999999908e-03 -1.503827117240265077e-01 1.363597382022277253e-02 9.885338133986628639e-01 4.028392000000000084e-01
9.880331774725047422e-01 -1.625195801516480382e-02 1.533829002016173504e-01 4.626770000000000188e-02 1.797862749889647671e-02 9.997895861163578202e-01 -9.876864205695964558e-03 -3.541900000000000170e-03 -1.531901079275091726e-01 1.251628355204351985e-02 9.881174694737477893e-01 4.352806000000000175e-01
9.876160460925206275e-01 -1.738670399161481098e-02 1.559238532902653962e-01 5.130969999999999975e-02 1.884022146600792744e-02 9.997916991213456894e-01 -7.848848524744151192e-03 -3.971200000000000251e-03 -1.557549086086471302e-01 1.068928867420886226e-02 9.877378941561123504e-01 4.679186000000000178e-01
9.869019015796216543e-01 -1.980955619178230084e-02 1.601006500361925877e-01 6.195699999999999819e-02 2.122540486347241143e-02 9.997492338916140753e-01 -7.138033448538094045e-03 -4.642399999999999652e-03 -1.599191009445352918e-01 1.044273989982448525e-02 9.870748858807401049e-01 5.348467000000000082e-01
9.867871561769051558e-01 -2.001810375559918628e-02 1.607805458577815372e-01 6.765069999999999417e-02 2.146536322666721050e-02 9.997431638279267174e-01 -7.269426447417763268e-03 -4.924999999999999691e-03 -1.605937314649714953e-01 1.062458946770366251e-02 9.869634094092847310e-01 5.690475000000000394e-01
9.866155992702924094e-01 -2.193206571115336942e-02 1.615816937965544320e-01 7.889659999999999729e-02 2.359541814752376052e-02 9.996864478752282013e-01 -8.382253697678268556e-03 -5.784700000000000258e-03 -1.613471893742352281e-01 1.208264988528531814e-02 9.868237401141017884e-01 6.388125000000000053e-01
9.867144922662139939e-01 -2.152803519092400322e-02 1.610312219808503476e-01 8.461409999999999765e-02 2.348487865259198462e-02 9.996715600046682804e-01 -1.025829383991133485e-02 -6.047300000000000245e-03 -1.607574919762702614e-01 1.390380590526461672e-02 9.868959990570678187e-01 6.746296000000000515e-01
9.871615122138730491e-01 -2.116091368157477226e-02 1.583172907037645738e-01 9.628380000000000272e-02 2.289991793535201686e-02 9.996957250691426156e-01 -9.167935265669292441e-03 -6.891200000000000103e-03 -1.580751168342870716e-01 1.267568580560047252e-02 9.873457268997442027e-01 7.473191000000000139e-01
9.873459664552446391e-01 -2.221350217230828872e-02 1.570175240086272017e-01 1.021330000000000016e-01 2.408092460149917347e-02 9.996599916922257467e-01 -1.000050399910686061e-02 -7.331100000000000116e-03 -1.567419905286897841e-01 1.365508444280354172e-02 9.875451822949490310e-01 7.840278000000000524e-01
9.875977261678111629e-01 -2.288816596406077764e-02 1.553282431722275980e-01 1.137134000000000061e-01 2.488442740692008159e-02 9.996306978389276621e-01 -1.091939607708270095e-02 -8.436799999999999508e-03 -1.550209551667089403e-01 1.464922512831631947e-02 9.878025630976774440e-01 8.597479999999999567e-01
9.879010301672060956e-01 -2.467733413138393367e-02 1.531097115624640848e-01 1.257897000000000043e-01 2.645164615060518337e-02 9.996043608579362472e-01 -9.562017031977884662e-03 -9.007400000000000476e-03 -1.528131702782717649e-01 1.349633038883884389e-02 9.881629339615705110e-01 9.372462000000000293e-01
9.880366781539624554e-01 -2.787908200785380389e-02 1.516782100661872579e-01 1.379547000000000134e-01 2.950170260817714177e-02 9.995289493841256201e-01 -8.457475171981946802e-03 -9.992100000000000287e-03 -1.513709753080217935e-01 1.283106112000793365e-02 9.883937432545962798e-01 1.016051100000000096e+00
9.882161172856525067e-01 -2.882881909598737288e-02 1.503256622350298555e-01 1.496474000000000137e-01 3.066163449540790578e-02 9.994809079960986775e-01 -9.888312361777906040e-03 -1.110650000000000005e-02 -1.499625610175401857e-01 1.438102015939451278e-02 9.885870809150985039e-01 1.095587599999999995e+00
9.881809480894653275e-01 -2.964037300983967879e-02 1.503990097069891896e-01 1.612515999999999949e-01 3.130660277401745711e-02 9.994717668032365721e-01 -8.722613482583744388e-03 -1.221999999999999996e-02 -1.500610224400571735e-01 1.332800251553986279e-02 9.885868974921681041e-01 1.176886400000000110e+00
9.880927616732556595e-01 -3.190454558494679183e-02 1.505150965848174038e-01 1.733230000000000048e-01 3.353521226306385716e-02 9.994030094323640423e-01 -8.307483133009899157e-03 -1.341250000000000081e-02 -1.501601940175561756e-01 1.325611966421715027e-02 9.885728053229351220e-01 1.259607200000000038e+00
9.879410355466244908e-01 -3.162620355717953025e-02 1.515661358339090159e-01 1.855195000000000038e-01 3.356741691277954909e-02 9.993837332375824500e-01 -1.026558629188733043e-02 -1.449130000000000036e-02 -1.511480691403855048e-01 1.522947762309620479e-02 9.883938102833610406e-01 1.343979800000000058e+00
9.876427924595045926e-01 -2.901291061434517829e-02 1.540128745283199652e-01 1.985434000000000088e-01 3.120266531404061391e-02 9.994431933505401044e-01 -1.181934611452726235e-02 -1.566309999999999925e-02 -1.535842055033393438e-01 1.647890417955759704e-02 9.879981465250575745e-01 1.430228899999999914e+00
9.873402612674870849e-01 -2.876552592037509223e-02 1.559863872226500137e-01 2.118211000000000122e-01 3.085075365162759028e-02 9.994638775157859145e-01 -1.096305341758450035e-02 -1.699789999999999981e-02 -1.555874014159786545e-01 1.563656163082066328e-02 9.876983641076807485e-01 1.517609699999999950e+00
9.872786446555378292e-01 -2.549400554450862930e-02 1.569424527921645940e-01 2.182691999999999966e-01 2.743782740242429671e-02 9.995711522014825157e-01 -1.023119318728227777e-02 -1.760369999999999990e-02 -1.566143142709472136e-01 1.440719847497355481e-02 9.875547525061806331e-01 1.561887699999999990e+00
9.865728269276266005e-01 -2.398479912058667368e-02 1.615511887272157998e-01 2.318572000000000133e-01 2.634883172743082702e-02 9.995745722925346577e-01 -1.250653800202342070e-02 -1.871619999999999881e-02 -1.611824935736847486e-01 1.659529563887386650e-02 9.867850829476636498e-01 1.650489199999999990e+00
9.853275868167347129e-01 -2.177461690347857332e-02 1.692790971048014625e-01 2.476118999999999959e-01 2.424680011000684282e-02 9.996272190383420631e-01 -1.255052357856036374e-02 -2.033480000000000010e-02 -1.689427102373328993e-01 1.647085354125197437e-02 9.854882402349036674e-01 1.741190999999999933e+00
9.836939561994577641e-01 -1.832716541663035811e-02 1.789142686999864174e-01 2.629101999999999828e-01 2.092241045894656717e-02 9.997013325089185720e-01 -1.262927236542702586e-02 -2.221390000000000170e-02 -1.786293740605022495e-01 1.616665666377076552e-02 9.837836072709633672e-01 1.832167300000000054e+00
9.828140548722934522e-01 -1.902083038439646503e-02 1.836157443057883643e-01 2.713176999999999950e-01 2.199604320803152588e-02 9.996574895892893498e-01 -1.418018304642791258e-02 -2.333280000000000076e-02 -1.832831351452474666e-01 1.797530304411615668e-02 9.828958138336947314e-01 1.878173499999999940e+00
9.819735753935540101e-01 -1.828522965540898756e-02 1.881317293952541880e-01 2.799641999999999964e-01 2.167542470731657553e-02 9.996373632206217996e-01 -1.597867382107161574e-02 -2.427779999999999869e-02 -1.877713321904002641e-01 1.976847059768916184e-02 9.820138157773905530e-01 1.924056200000000105e+00
9.810241341770905565e-01 -1.723726976583746587e-02 1.931179036058270349e-01 2.885502999999999818e-01 2.074884954156251335e-02 9.996538559361831666e-01 -1.617570878268491039e-02 -2.541509999999999950e-02 -1.927722319339363888e-01 1.987573502893350344e-02 9.810422120134628665e-01 1.970370799999999978e+00
9.800552276371311544e-01 -1.550421058776840430e-02 1.981195856930386134e-01 2.975940999999999725e-01 1.908579398708947980e-02 9.996869046051896079e-01 -1.618101445450280396e-02 -2.641929999999999973e-02 -1.978066815075100737e-01 1.963955740195230670e-02 9.800442870279086893e-01 2.017288900000000051e+00
9.788464244720989083e-01 -1.409845146879828461e-02 2.041100462112764580e-01 3.064846999999999988e-01 1.755606498755479805e-02 9.997312610169333258e-01 -1.513903324671021441e-02 -2.776460000000000039e-02 -2.038417569595107059e-01 1.840215779940450672e-02 9.788308836096180077e-01 2.063982499999999831e+00
9.776949910000704014e-01 -1.355730277242952510e-02 2.095917558371723499e-01 3.161960999999999800e-01 1.701652276557109530e-02 9.997469948056127986e-01 -1.471000782171271414e-02 -2.881349999999999884e-02 -2.093393000044210528e-01 1.794842384953963810e-02 9.776783272400878522e-01 2.110998200000000047e+00
9.764213306314096785e-01 -1.352050468601364783e-02 2.154497181270442763e-01 3.261745999999999812e-01 1.701448163130309110e-02 9.997519652112879518e-01 -1.437064615756128601e-02 -2.987290000000000084e-02 -2.152019807130162166e-01 1.769757071474116830e-02 9.764091885515986391e-01 2.158403400000000083e+00
9.751064036239220911e-01 -1.345137249591753931e-02 2.213290812107544803e-01 3.365379000000000009e-01 1.737177517483955852e-02 9.997246336232918917e-01 -1.577587886774222542e-02 -3.098719999999999947e-02 -2.210559274005008679e-01 1.922803954517778718e-02 9.750715663254434507e-01 2.205853900000000145e+00
9.737736145894878570e-01 -1.316905881940106521e-02 2.271376750324231308e-01 3.469792999999999905e-01 1.743770631111017655e-02 9.997068544428204806e-01 -1.679677286411933659e-02 -3.206280000000000241e-02 -2.268498929422956001e-01 2.031701429473588630e-02 9.737177953607588643e-01 2.253031299999999959e+00
9.723504419142779964e-01 -1.325435200221753915e-02 2.331500380915891291e-01 3.576520999999999728e-01 1.757298966495494247e-02 9.997101617375311333e-01 -1.645547182412970821e-02 -3.316720000000000085e-02 -2.328643556737345355e-01 2.009762850986782090e-02 9.723015361424334202e-01 2.300066699999999908e+00
9.696753718595452209e-01 -1.110087506777548451e-02 2.441443093372901163e-01 3.801666000000000212e-01 1.577141670967324022e-02 9.997279546648357718e-01 -1.718368635171135805e-02 -3.523849999999999899e-02 -2.438871370614338063e-01 2.051309909286726935e-02 9.695866527245430300e-01 2.394313100000000194e+00
9.683882019078130510e-01 -1.013268274462583371e-02 2.492420894354513139e-01 3.918575000000000252e-01 1.513871370581014453e-02 9.997201811951993422e-01 -1.817632136521267483e-02 -3.617589999999999695e-02 -2.489881719140213667e-01 2.137493979955808893e-02 9.682706244617147462e-01 2.441508499999999859e+00
9.662491989628558819e-01 -1.429046190835025522e-02 2.572124962012641292e-01 4.164981999999999851e-01 1.921802030057952887e-02 9.996766076269533174e-01 -1.665376411484022212e-02 -3.848200000000000232e-02 -2.568913256600265371e-01 2.103480120923934688e-02 9.662113557285082477e-01 2.536659999999999915e+00
9.652326877155306128e-01 -1.539343358339776216e-02 2.609384999726305776e-01 4.292251999999999734e-01 2.057679135774157994e-02 9.996412783816841507e-01 -1.714380975315077729e-02 -3.962460000000000288e-02 -2.605809935948379397e-01 2.191704263685632578e-02 9.652031853548668217e-01 2.584734000000000087e+00
9.635706308921557772e-01 -1.489375294340271327e-02 2.670389773148365564e-01 4.550068999999999919e-01 2.023569652990356987e-02 9.996461806914457293e-01 -1.726354583957118508e-02 -4.216460000000000347e-02 -2.666873747818642726e-01 2.203836546267009047e-02 9.635310864625443728e-01 2.680161500000000085e+00
9.624765179574565899e-01 -1.291247131066080439e-02 2.710575962136849149e-01 4.683168999999999804e-01 1.853103939456616361e-02 9.996630045227312689e-01 -1.817905298806368405e-02 -4.328019999999999784e-02 -2.707315145295182135e-01 2.251989061334783507e-02 9.623914492384666453e-01 2.728543999999999858e+00
9.613017125254136319e-01 -1.222221637508080598e-02 2.752265156604420948e-01 4.817563000000000262e-01 1.820643890927715891e-02 9.996499098100559699e-01 -1.919852595877044946e-02 -4.460530000000000050e-02 -2.748955130189462137e-01 2.346647062571469503e-02 9.611876932620510017e-01 2.776741499999999974e+00
9.599644913699999504e-01 -1.102687219970813898e-02 2.799045969580148396e-01 4.954882999999999926e-01 1.700387081063638867e-02 9.996761269574850894e-01 -1.893434891242359516e-02 -4.587179999999999730e-02 -2.796051567589421527e-01 2.293576422911415905e-02 9.598410842598028569e-01 2.825180099999999861e+00
9.585356175899567566e-01 -1.136623190489825623e-02 2.847459895832147869e-01 5.092955999999999595e-01 1.755865733978623222e-02 9.996613957966040687e-01 -1.920383572126094923e-02 -4.744229999999999975e-02 -2.844312981439703347e-01 2.340731779314494249e-02 9.584106291719988180e-01 2.873832900000000024e+00
9.572825364975212636e-01 -1.067193878111110522e-02 2.889571854782714833e-01 5.238724000000000158e-01 1.693755834104635274e-02 9.996723447317283906e-01 -1.919172467528690654e-02 -4.926160000000000261e-02 -2.886576942233059495e-01 2.326613206402349324e-02 9.571496344169305726e-01 2.921064100000000163e+00
9.560091144923933415e-01 -9.911443643269316969e-03 2.931694668487431765e-01 5.387777999999999734e-01 1.617454426458649064e-02 9.996896519390457980e-01 -1.894687108264867317e-02 -5.090170000000000111e-02 -2.928906914282237151e-01 2.285526396469471019e-02 9.558727320013900020e-01 2.969124299999999828e+00
9.531290148044185839e-01 -1.079434695296745822e-02 3.023715648202014994e-01 5.677193000000000378e-01 1.719422307922540555e-02 9.996807868823665011e-01 -1.851169983967937416e-02 -5.323329999999999729e-02 -3.020752221395527903e-01 2.284308236888172444e-02 9.530103639295998130e-01 3.066086799999999890e+00
9.520210749205740841e-01 -1.142306719529240233e-02 3.058192054841005758e-01 5.839073000000000180e-01 1.806853031236807169e-02 9.996579473828582918e-01 -1.890810531601420236e-02 -5.449489999999999890e-02 -3.054986106669320689e-01 2.352661833205705461e-02 9.519018316562017912e-01 3.114387300000000192e+00
9.498451578376716498e-01 -1.027781289155674585e-02 3.125516640405146540e-01 6.160183999999999660e-01 1.790825333218742238e-02 9.996073135509997432e-01 -2.155256731676368637e-02 -5.725659999999999777e-02 -3.122074159832190499e-01 2.606885608383271991e-02 9.496562241925030623e-01 3.212116700000000158e+00
9.475929668925341387e-01 -1.044267961809545314e-02 3.193094416677945135e-01 6.492031999999999803e-01 1.878733086103346814e-02 9.995574366177882863e-01 -2.306441200625749394e-02 -6.050810000000000216e-02 -3.189272727361567306e-01 2.785464673030604160e-02 9.473697870212069994e-01 3.310803200000000057e+00
9.452744710843625775e-01 -1.066183137923819822e-02 3.261019774055645692e-01 6.825052000000000341e-01 1.926193101506014360e-02 9.995463143257573568e-01 -2.315477340345426308e-02 -6.366199999999999637e-02 -3.257071573204213255e-01 2.816896997468918210e-02 9.450509810591253279e-01 3.407762099999999794e+00
9.426800104742225628e-01 -1.445324946264256970e-02 3.333849148241266325e-01 7.157183000000000295e-01 2.335638010698688066e-02 9.994691693179325043e-01 -2.271253158984901099e-02 -6.688479999999999426e-02 -3.328796739974033136e-01 2.919731430958272256e-02 9.425171825895217737e-01 3.505469600000000074e+00
9.406344940892392703e-01 -1.493867419367251800e-02 3.390922950213056675e-01 7.511854999999999505e-01 2.357470989609981513e-02 9.994937967221521058e-01 -2.136313102641950248e-02 -7.003389999999999616e-02 -3.386015085359125321e-01 2.808890042832820969e-02 9.405105167354227413e-01 3.605026000000000064e+00
9.385353920516232851e-01 -1.185833419181729631e-02 3.449792715174362923e-01 7.862143000000000326e-01 2.168616280196112439e-02 9.994610738196746391e-01 -2.464289475994778378e-02 -7.288630000000000109e-02 -3.445011294748287489e-01 3.060950554024356035e-02 9.382867525235284445e-01 3.703557500000000058e+00
9.362580942182705535e-01 -9.356760766521711112e-03 3.511883142115209133e-01 8.227577000000000362e-01 2.041539997493022063e-02 9.994050202268611738e-01 -2.779958613380333413e-02 -7.651120000000000143e-02 -3.507192501911400861e-01 3.319723743484104261e-02 9.358920616032915252e-01 3.802436800000000172e+00
9.351072589042757066e-01 -7.960741653267135176e-03 3.542753744431889618e-01 8.413148999999999766e-01 1.947573076976388817e-02 9.993911333682528042e-01 -2.894923929748241878e-02 -7.868490000000000206e-02 -3.538292105741349114e-01 3.397041561784556324e-02 9.346929445583909146e-01 3.851869100000000046e+00
9.322938227591635041e-01 -8.226325616900401899e-03 3.616082902975953361e-01 8.790010000000000323e-01 1.970063603523392742e-02 9.994121994559233002e-01 -2.805602463787208040e-02 -8.257899999999999963e-02 -3.611649387536288724e-01 3.328037177554318132e-02 9.319078837897922796e-01 3.951366900000000015e+00
9.293903581495336352e-01 -8.326133948336022009e-03 3.690043870635631995e-01 9.176347000000000254e-01 1.961583192470710973e-02 9.994468884847663714e-01 -2.685397989164246477e-02 -8.654330000000000356e-02 -3.685766966542828316e-01 3.219615802535238935e-02 9.290396256844071221e-01 4.050729800000000047e+00
9.278926879956695961e-01 -6.951201276975627931e-03 3.727825644594686127e-01 9.373557999999999613e-01 1.845848799830207901e-02 9.994566218455697149e-01 -2.730833700279588702e-02 -8.850650000000000184e-02 -3.723901768105429277e-01 3.222020871826725835e-02 9.275168000447020500e-01 4.100677499999999753e+00
9.263971262043693145e-01 -6.064064756283065773e-03 3.764991257345989828e-01 9.570391000000000314e-01 1.801515007969471671e-02 9.994391072217174710e-01 -2.822986580666752079e-02 -9.034849999999999826e-02 -3.761167623596319842e-01 3.293475481141443229e-02 9.259867617831369913e-01 4.150263299999999766e+00
9.250902418407103145e-01 -6.134604102329303116e-03 3.796977891476375766e-01 9.771387999999999741e-01 1.838680100261243580e-02 9.994203790040625535e-01 -2.865015846843418923e-02 -9.240389999999999715e-02 -3.793019509572637671e-01 3.348540971652796266e-02 9.246668358582619263e-01 4.199912099999999704e+00
9.228707791982170283e-01 -7.857110733201774083e-03 3.850295971909198922e-01 1.017973299999999970e+00 2.029292314819818380e-02 9.993950089208981646e-01 -2.824559105593609301e-02 -9.661039999999999905e-02 -3.845747289827780024e-01 3.388040665228297249e-02 9.224718943539140792e-01 4.299382200000000154e+00
9.206515013629310573e-01 -1.026227644171417985e-02 3.902505588982733142e-01 1.059788299999999905e+00 2.277661804665609413e-02 9.993635743382424108e-01 -2.745308646124975868e-02 -1.005875999999999992e-01 -3.897204622656316175e-01 3.416331319011598616e-02 9.202993150727302174e-01 4.398536700000000188e+00
9.185175624261751048e-01 -8.774441857934980882e-03 3.952828059563927021e-01 1.101794399999999952e+00 2.200903420109100520e-02 9.993382664533122517e-01 -2.895913699721899132e-02 -1.039717000000000002e-01 -3.947671337994244634e-01 3.529926872004871680e-02 9.181028655328427046e-01 4.496896699999999747e+00
9.162395378143480817e-01 -7.392958230302312632e-03 4.005626711444226218e-01 1.144541599999999937e+00 2.186319250325353264e-02 9.992625022469303619e-01 -3.156663454930195428e-02 -1.078520000000000034e-01 -4.000338862637958237e-01 3.768017743865480912e-02 9.157254468828940341e-01 4.594876300000000136e+00
9.137382651101125797e-01 -5.458358715326566170e-03 4.062666478972849493e-01 1.186800199999999972e+00 2.087504341261152765e-02 9.992198378972537709e-01 -3.352533542125227251e-02 -1.117800999999999934e-01 -4.057667007482048671e-01 3.911421573700163412e-02 9.131393446189886021e-01 4.693754199999999877e+00
9.114246506450625063e-01 -8.311890729487177859e-03 4.113830558846909846e-01 1.231241000000000030e+00 2.304387614268619752e-02 9.992579132234936656e-01 -3.086426141266675194e-02 -1.166679999999999939e-01 -4.108212335905317425e-01 3.761030886246424787e-02 9.109398326445187211e-01 4.793187099999999923e+00
9.087771458064750618e-01 -5.997899232986541630e-03 4.172386900380016805e-01 1.275708899999999923e+00 2.108359046128124512e-02 9.992795666040339420e-01 -3.155677393072804648e-02 -1.211277000000000048e-01 -4.167488230014544937e-01 3.747496460898991355e-02 9.082488896522016297e-01 4.892190900000000120e+00
9.056117530349496736e-01 -4.127604781825844511e-03 4.240876273174335465e-01 1.321191900000000086e+00 1.908632686895831571e-02 9.993361688305925083e-01 -3.103117454503899475e-02 -1.256981000000000070e-01 -4.236780203074224094e-01 3.619647145452778436e-02 9.050893605399551456e-01 4.991043600000000247e+00
9.021904865647609739e-01 -2.596272416372237199e-03 4.313300190359812269e-01 1.367160900000000012e+00 1.779480219914618411e-02 9.993545845051936549e-01 -3.120511886125553608e-02 -1.301609999999999989e-01 -4.309706149689711552e-01 3.582839374004657268e-02 9.016543989995695618e-01 5.089320200000000405e+00
8.986555036103066607e-01 -1.170912833812464901e-03 4.386535247710222629e-01 1.414377599999999902e+00 1.661417037347099473e-02 9.993697705338667747e-01 -3.136926976975634024e-02 -1.348133999999999999e-01 -4.383403417137275992e-01 3.547803131829729145e-02 8.981085981773420102e-01 5.186773299999999587e+00
8.949523663826141062e-01 -9.550436440301183355e-04 4.461606771083677647e-01 1.461352800000000007e+00 1.708698463953516045e-02 9.993374506499321797e-01 -3.213556728023440195e-02 -1.396551000000000042e-01 -4.458343827724455255e-01 3.638334261900876693e-02 8.943757350900013448e-01 5.283991300000000280e+00
8.913892877039572005e-01 5.430266121776187657e-04 4.532381745713067178e-01 1.509842899999999988e+00 1.600425051955853273e-02 9.993379479327949566e-01 -3.267307433924376142e-02 -1.444334999999999924e-01 -4.529558496497633757e-01 3.637816575322353613e-02 8.907904508494082219e-01 5.380505600000000221e+00
8.876385294191900810e-01 -4.863346810688225913e-04 4.605405569210118677e-01 1.558915400000000062e+00 1.780345561925983366e-02 9.992881899306619298e-01 -3.325883992436500652e-02 -1.487871000000000055e-01 -4.601965645879496081e-01 3.772104112666404413e-02 8.870153578139274853e-01 5.478183699999999767e+00
8.855207243349187962e-01 -1.263450525643946068e-03 4.645981602052790538e-01 1.582254999999999967e+00 1.936355784882205083e-02 9.992277687979240763e-01 -3.418945291398885894e-02 -1.506902999999999992e-01 -4.641961863272858202e-01 3.927174246060122914e-02 8.848613624988448390e-01 5.526491199999999715e+00
8.823135915597992707e-01 -3.731521193588882568e-03 4.706472159680002987e-01 1.632937599999999989e+00 2.301368027769623570e-02 9.991145038262982947e-01 -3.522185066128235426e-02 -1.556719000000000019e-01 -4.700990285768772425e-01 4.190804211021433717e-02 8.816181822861668405e-01 5.623453600000000385e+00
8.792458313303739281e-01 -5.615482622249576283e-03 4.763352122645133635e-01 1.684547800000000040e+00 2.727003049186700612e-02 9.988840842527444419e-01 -3.856075289110361126e-02 -1.602365000000000039e-01 -4.755871250624141844e-01 4.689405699526673355e-02 8.784178014438188686e-01 5.721300099999999667e+00
8.778356471750136114e-01 -6.461670657838923179e-03 4.789183890404862809e-01 1.710926399999999958e+00 2.866207494357998070e-02 9.988257150446342436e-01 -3.905990816046112091e-02 -1.623319000000000012e-01 -4.781036101189297116e-01 4.801497451717200160e-02 8.769900228699080147e-01 5.769459699999999636e+00
8.741213380613610529e-01 -5.280218456701867014e-03 4.856789120796426440e-01 1.763660999999999923e+00 2.840038327533555423e-02 9.987856921043706260e-01 -4.025617315899946563e-02 -1.674034000000000078e-01 -4.848765869534533701e-01 4.898224719878430805e-02 8.732098458467628666e-01 5.867006800000000410e+00
8.721117266731662765e-01 -5.341719133521804705e-03 4.892776330835560961e-01 1.790317799999999959e+00 2.915914896134057244e-02 9.987306549392809263e-01 -4.107094978698758864e-02 -1.699627999999999972e-01 -4.884371814583721161e-01 5.008537632137221446e-02 8.711604759444426804e-01 5.915713300000000174e+00
8.689369885954369988e-01 -2.610033728819908388e-03 4.949158489830649543e-01 1.845078699999999960e+00 2.697451818923560923e-02 9.987495045158646390e-01 -4.209278557868834092e-02 -1.753108999999999917e-01 -4.941870953587842452e-01 4.992609491287355872e-02 8.679207912174926598e-01 6.012806399999999662e+00
8.674518563370046120e-01 -4.313615488319252900e-03 4.975024318120500055e-01 1.872904899999999984e+00 2.890710580655853762e-02 9.987100996052251656e-01 -4.174345673766903519e-02 -1.780412000000000106e-01 -4.966806380073346405e-01 5.059179447242555250e-02 8.664576239843970740e-01 6.061447099999999644e+00
8.663871528556734702e-01 -6.487141492515901414e-03 4.993307704937640645e-01 1.901162699999999983e+00 3.094336967172251276e-02 9.986915396559122859e-01 -4.071506469431910441e-02 -1.810236000000000067e-01 -4.984132915964412103e-01 5.072598559870025031e-02 8.654542536408503794e-01 6.109928599999999932e+00
8.639368174589131533e-01 -7.329812834458191567e-03 5.035468690030514560e-01 1.957356899999999955e+00 3.168271888296891881e-02 9.987044223304853974e-01 -3.982062457714918846e-02 -1.861574000000000007e-01 -5.026026071989154742e-01 5.035623756143131624e-02 8.630497486098407389e-01 6.207940599999999698e+00
8.625393710559902116e-01 -7.267658112818983079e-03 5.059377575590617848e-01 1.985570800000000080e+00 3.133005733614170618e-02 9.987453579473546394e-01 -3.906580967962267059e-02 -1.887490000000000001e-01 -5.050190698237551068e-01 4.954685786369911193e-02 8.616848890343752343e-01 6.256839799999999840e+00
8.611199416465064038e-01 -8.559101066458735599e-03 5.083298022816009620e-01 2.014404799999999884e+00 3.275809563297740756e-02 9.987146817014966871e-01 -3.867675948653015450e-02 -1.909809000000000090e-01 -5.073453983916855758e-01 4.995724514834999630e-02 8.602935082795694077e-01 6.306133700000000175e+00
8.598621389023868300e-01 -8.249069603342323517e-03 5.104596506413524581e-01 2.043327800000000138e+00 3.247772578219321887e-02 9.987280155144885319e-01 -3.856874841770300405e-02 -1.932806999999999997e-01 -5.094921975950456039e-01 4.974237506563814609e-02 8.590363186225599135e-01 6.355242299999999567e+00
8.585252605458446595e-01 -7.208536123410873298e-03 5.127206003386708399e-01 2.071530800000000117e+00 3.195244237068519538e-02 9.987100824520228626e-01 -3.946153361467057835e-02 -1.957399999999999973e-01 -5.117747731485380314e-01 5.026139886265815898e-02 8.576481640819452190e-01 6.403878699999999924e+00
8.565931871852214829e-01 -4.789774578582780759e-03 5.159701248399469753e-01 2.099125900000000211e+00 3.123643622822663141e-02 9.986043250243441527e-01 -4.258740534986671378e-02 -1.980444000000000093e-01 -5.150460141770093481e-01 5.259714918282441809e-02 8.555472769977212621e-01 6.452903300000000009e+00
8.546866430543941240e-01 -4.343744584887086757e-03 5.191260676053475187e-01 2.128685700000000125e+00 3.061417620796491601e-02 9.986464975771093266e-01 -4.204693915233732870e-02 -2.015262999999999916e-01 -5.182407880508039799e-01 5.182957418264158567e-02 8.536628027743318192e-01 6.502508200000000294e+00
8.518230899951645396e-01 -2.696603718179025472e-03 5.238226337983850067e-01 2.158371199999999934e+00 2.831528559179651711e-02 9.987617942779252189e-01 -4.090382491399080500e-02 -2.041986000000000079e-01 -5.230637322095127439e-01 4.967501000630515640e-02 8.508447128753452438e-01 6.552543199999999679e+00
8.489749963762278639e-01 -2.344875803190916291e-03 5.284278163433975273e-01 2.189257899999999868e+00 2.694147948483324034e-02 9.988817206330455889e-01 -3.885183223909385170e-02 -2.073108999999999924e-01 -5.277457836981287453e-01 4.722086130762539330e-02 8.480887795780662763e-01 6.602587200000000323e+00
8.459524365856874173e-01 -1.467490702296665381e-03 5.332563375204997236e-01 2.219104100000000024e+00 2.584929296682567101e-02 9.989334991825531418e-01 -3.825804835607059251e-02 -2.096110999999999946e-01 -5.326314758703747376e-01 4.614878852081484573e-02 8.450881612176373014e-01 6.651968000000000103e+00
8.431498996682128544e-01 -1.229777548362237169e-03 5.376771655339884770e-01 2.250116100000000063e+00 2.589039604194381256e-02 9.989302574516107924e-01 -3.831485534945830440e-02 -2.120295000000000096e-01 -5.370548706438420528e-01 4.622584120208260428e-02 8.422797857736382676e-01 6.701696899999999957e+00
8.403644647594809003e-01 -2.863088796480162818e-03 5.420141779437644969e-01 2.281748499999999957e+00 2.819927546262862225e-02 9.988627375548306819e-01 -3.844518679694816643e-02 -2.145662999999999876e-01 -5.412876935908427223e-01 4.759237593368202679e-02 8.394894868431009849e-01 6.751559699999999609e+00
8.378106879626949777e-01 -2.948665961181875031e-03 5.459528885394094866e-01 2.313739099999999826e+00 2.880758972833374898e-02 9.988311525430318971e-01 -3.881303239380343856e-02 -2.170873000000000108e-01 -5.452003062265459166e-01 4.824556019581286576e-02 8.369163590299049105e-01 6.801619999999999777e+00
8.351620330950723092e-01 -4.293156732629204927e-03 5.499872246532407916e-01 2.345698599999999967e+00 3.005285057187855047e-02 9.988318432928853241e-01 -3.783880279080330256e-02 -2.199001999999999901e-01 -5.491823054769787715e-01 4.813021534759683029e-02 8.343154545623522322e-01 6.851287400000000360e+00
8.299446634739863216e-01 -4.258190290254079691e-03 5.578294751861931910e-01 2.411068900000000070e+00 2.860152002706405072e-02 9.989804765969905187e-01 -3.492793194838639953e-02 -2.251712999999999909e-01 -5.571120252006711571e-01 4.494302163297037717e-02 8.292203061812374321e-01 6.950675000000000381e+00
8.273099979699356510e-01 -2.863612180075837677e-03 5.617383438793076555e-01 2.444777699999999943e+00 2.743235226664209395e-02 9.989998769558925407e-01 -3.530880755888470002e-02 -2.275714000000000070e-01 -5.610754256854456612e-01 4.462113364083905576e-02 8.265611417944243033e-01 7.000918399999999764e+00
8.245406983734606676e-01 -3.556872708891047410e-03 5.657914681067031104e-01 2.478384000000000142e+00 2.813139371942276895e-02 9.990012044883654907e-01 -3.471625149980760161e-02 -2.303668000000000105e-01 -5.651028768403223435e-01 4.454146480895995741e-02 8.238172106113489379e-01 7.050744100000000181e+00
8.218361156883150498e-01 -5.191209689838344882e-03 5.697003162122157294e-01 2.512944500000000136e+00 2.968401840116991972e-02 9.989904519410833794e-01 -3.371848131379626828e-02 -2.331708999999999865e-01 -5.689501366568966434e-01 4.462206037943509257e-02 8.211605285969318935e-01 7.100974599999999803e+00
8.193797491526265686e-01 -6.288794316208283844e-03 5.732166063057029248e-01 2.547815100000000221e+00 3.052675564429307986e-02 9.989996934702352060e-01 -3.267613251610119313e-02 -2.359165000000000012e-01 -5.724377205150028569e-01 4.427260453626611497e-02 8.187520947265801707e-01 7.150542299999999685e+00
8.148183085452416208e-01 -6.206993357970973235e-03 5.796831870021119659e-01 2.619008500000000073e+00 2.957912092788238939e-02 9.990853495512451721e-01 -3.087944165946007735e-02 -2.413413000000000086e-01 -5.789613110257068040e-01 4.230765350997846286e-02 8.142566320208109998e-01 7.252518199999999915e+00
8.124938700059672891e-01 -7.089428077561155464e-03 5.829266259249610282e-01 2.655078399999999839e+00 3.010744505862476827e-02 9.991019467593964531e-01 -2.981344887170957539e-02 -2.440259999999999929e-01 -5.821917664779949764e-01 4.177367581524563112e-02 8.119776518193801973e-01 7.304317000000000171e+00
8.090366078935531391e-01 -2.020354645784597919e-03 5.877547832686675910e-01 2.731382400000000210e+00 2.540055432993549439e-02 9.991800329865985208e-01 -3.152893148572884913e-02 -2.495677000000000034e-01 -5.872091441112146093e-01 4.043735708481756980e-02 8.084245426903922116e-01 7.409925000000000317e+00
8.070535225959889480e-01 1.123689780550524153e-03 5.904772213952732551e-01 2.769255900000000103e+00 2.259016072714016207e-02 9.992073514291953673e-01 -3.277733192580510602e-02 -2.523472999999999966e-01 -5.900460120225604621e-01 3.979203652905333177e-02 8.063884284419903237e-01 7.462308400000000397e+00
8.030651287178871556e-01 -4.112451768387564988e-04 5.958911225339138529e-01 2.845140699999999967e+00 2.244402377910491297e-02 9.993110727278381455e-01 -2.955749854335329788e-02 -2.575183999999999807e-01 -5.954684415096458405e-01 3.711079089620546168e-02 8.025211052459191308e-01 7.565514600000000200e+00
8.009437040416550468e-01 8.677143978897509935e-04 5.987390333256695785e-01 2.882246499999999934e+00 2.169193429654195371e-02 9.993003996380791509e-01 -3.046590339461240082e-02 -2.598597999999999741e-01 -5.983465909842790031e-01 3.738928128353155578e-02 8.003645411327221515e-01 7.615889100000000411e+00
7.991803391901416420e-01 1.627936720989379277e-03 6.010891242353022523e-01 2.920218900000000062e+00 2.065357669815012093e-02 9.993314812712263961e-01 -3.016654288827408728e-02 -2.624686999999999992e-01 -6.007363941210019931e-01 3.652314830746253987e-02 7.986124494497987003e-01 7.666507700000000369e+00
7.962513203862446876e-01 1.491263777341151134e-03 6.049641401897376536e-01 2.957222199999999912e+00 1.864898701099095002e-02 9.994612076498070596e-01 -2.700943699252747118e-02 -2.650886000000000076e-01 -6.046784683338957134e-01 3.278826826070280198e-02 7.957944957071758640e-01 7.717229399999999906e+00
7.940880901495581679e-01 2.266546691069060843e-03 6.077984598933470206e-01 2.995128400000000024e+00 1.646300965018468801e-02 9.995459456081172700e-01 -2.523632167398056139e-02 -2.674678999999999807e-01 -6.075796856346378227e-01 3.004605439108268619e-02 7.936902167846362488e-01 7.767401200000000117e+00
7.916327117671456692e-01 2.764387704567014201e-03 6.109910046971348541e-01 3.032432800000000039e+00 1.567587486629216931e-02 9.995687018801813206e-01 -2.483298549803354682e-02 -2.697937999999999725e-01 -6.107961334253612096e-01 2.923642218514491131e-02 7.912479478712347580e-01 7.817062899999999814e+00
7.893460205776190453e-01 2.817360145826902293e-03 6.139421163921610081e-01 3.069945600000000052e+00 1.606140196496283479e-02 9.995524605704841914e-01 -2.523707460088707097e-02 -2.719900000000000095e-01 -6.137384550158129226e-01 2.978155552182520580e-02 7.889475063560968948e-01 7.865928600000000159e+00
7.874118062284748421e-01 2.267484164005384960e-03 6.164231549249078457e-01 3.108209099999999836e+00 1.624891783313524990e-02 9.995694066720756110e-01 -2.443304963541648167e-02 -2.743073999999999790e-01 -6.162131287803457314e-01 2.925508093991009695e-02 7.870359077945150439e-01 7.915288900000000183e+00
7.850266014360769429e-01 1.964615946756813857e-03 6.194589375591449398e-01 3.145865899999999993e+00 1.613895229988570115e-02 9.995906663634136491e-01 -2.362274196211415489e-02 -2.765453999999999968e-01 -6.192517817950827785e-01 2.854189908412479298e-02 7.846735567994417293e-01 7.963983999999999952e+00
7.826324030230976669e-01 5.528784471750051478e-03 6.224596005208343774e-01 3.184060300000000066e+00 1.206769172924398656e-02 9.996378723963426083e-01 -2.405192065597714507e-02 -2.786363000000000034e-01 -6.223671686027626437e-01 2.633546303330205895e-02 7.822822705598037052e-01 8.013092000000000326e+00
7.801669632865073645e-01 1.525740131625922050e-02 6.253852581420383805e-01 3.222250499999999906e+00 2.262567951483396463e-03 9.996271718454767807e-01 -2.721025715568902922e-02 -2.810172000000000225e-01 -6.255672547237222103e-01 2.264352033780121440e-02 7.798415741701241188e-01 8.061807599999999852e+00
7.772651090507373128e-01 2.692442062985643189e-02 6.285968706779344606e-01 3.259908900000000109e+00 -5.114106057925966314e-03 9.993213022587228433e-01 -3.647986802550882285e-02 -2.835025999999999935e-01 -6.291524427128719621e-01 2.513981753467629116e-02 7.768752753195004024e-01 8.110348699999999411e+00
7.751768570245739509e-01 2.181883021911640297e-02 6.313673882783086277e-01 3.297855100000000039e+00 5.894819841270165436e-03 9.991100797540176659e-01 -4.176481333562187537e-02 -2.865828999999999738e-01 -6.317167810281298923e-01 3.609691374327927971e-02 7.743583933720019630e-01 8.157597499999999613e+00
7.742130420967926474e-01 1.375331815252518741e-02 6.327756408767846175e-01 3.336483499999999935e+00 1.310998203351207425e-02 9.992009173332252470e-01 -3.775784913792358533e-02 -2.894244999999999735e-01 -6.327892965421515470e-01 3.752829652724230802e-02 7.734140761205813286e-01 8.205141100000000520e+00
7.698497619059467834e-01 7.065200122058449064e-03 6.381860442226798824e-01 3.414464999999999861e+00 5.929640535466518259e-03 9.998163876329083655e-01 -1.822170090309778792e-02 -2.939548000000000161e-01 -6.381976053358999756e-01 1.781218593876303727e-02 7.696665138718233878e-01 8.301127400000000378e+00
7.669963368964894945e-01 9.362101859350241417e-03 6.415831748387280653e-01 3.451057000000000041e+00 3.249686254227475771e-04 9.998877550618354704e-01 -1.497904111735346225e-02 -2.954008000000000189e-01 -6.416513956836370491e-01 1.169736406965370817e-02 7.669072030507099180e-01 8.346038800000000535e+00
7.629670463502035149e-01 6.453169212225516593e-03 6.464051692172370078e-01 3.523335200000000000e+00 6.246251456972351859e-03 9.998298959658803442e-01 -1.735406222165677970e-02 -2.987122999999999862e-01 -6.464072017903133016e-01 1.727818682545274875e-02 7.627969544601249652e-01 8.431788400000000294e+00
7.625887178585099013e-01 8.483538318992244615e-03 6.468280118953603219e-01 3.577029899999999873e+00 7.719061735183730018e-03 9.997234724177586074e-01 -2.221249159611349278e-02 -3.019079000000000068e-01 -6.468375866327208401e-01 2.193190084258955785e-02 7.623123560880987748e-01 8.494978899999999555e+00
7.616762985400474806e-01 9.270782488126525292e-03 6.478914020377106731e-01 3.598054400000000097e+00 6.188119214518639569e-03 9.997479638632236210e-01 -2.158045254218177861e-02 -3.029435999999999796e-01 -6.479281776732044307e-01 2.044654844701915275e-02 7.614269598810408102e-01 8.520346599999999881e+00
7.507944119165863572e-01 8.373765032097482686e-03 6.604828772148559901e-01 3.623858900000000105e+00 5.742184598678168675e-03 9.997991149955832713e-01 -1.920304585432453318e-02 -3.042615000000000181e-01 -6.605109979030342471e-01 1.821015412443862183e-02 7.505955048732321222e-01 8.546016699999999133e+00
