1.000000000000000000e+00 0.000000000000000000e+00 0.000000000000000000e+00 0.000000000000000000e+00 0.000000000000000000e+00 1.000000000000000000e+00 0.000000000000000000e+00 0.000000000000000000e+00 0.000000000000000000e+00 0.000000000000000000e+00 1.000000000000000000e+00 0.000000000000000000e+00
9.998372862622302293e-01 -4.369932723844214585e-03 1.750156243791259683e-02 9.141999999999999953e-04 4.359311539901444994e-03 9.999902901578511250e-01 6.449751272564807408e-04 -2.505000000000000174e-04 -1.750421099841862824e-02 -5.685754178408583591e-04 9.998466278981578137e-01 3.470159999999999911e-02
9.994194181799749277e-01 -7.500210566205709264e-03 3.323512308180887748e-02 1.963599999999999807e-03 7.482013895167349132e-03 9.999717836458303921e-01 6.718483825205823299e-04 -3.378999999999999734e-04 -3.323922431214259426e-02 -4.227926668581865233e-04 9.994473348873806895e-01 6.988869999999999805e-02
9.988185496197936608e-01 -1.000884297140610876e-02 4.755342256647336618e-02 3.657200000000000208e-03 9.944855676556584034e-03 9.999492972867688456e-01 1.581992815965570665e-03 -7.406999999999999522e-04 -4.756684539660270550e-02 -1.107211845601777708e-03 9.988674433081422555e-01 1.048883000000000038e-01
9.980979226564283824e-01 -1.059036663618734102e-02 6.073204198307051438e-02 5.925899999999999571e-03 1.045400464448567775e-02 9.999420717180556029e-01 2.562614894202306336e-03 -9.181999999999999841e-04 -6.075566291149642195e-02 -1.922847553511626605e-03 9.981508163005581302e-01 1.404901000000000066e-01
9.972870411939950275e-01 -1.004728433664668283e-02 7.292194144416058732e-02 8.457799999999999693e-03 9.890766724674922988e-03 9.999479420573057498e-01 2.507171505346964240e-03 -1.112300000000000094e-03 -7.294333554290668986e-02 -1.779115740398771756e-03 9.973344998279449758e-01 1.761800000000000033e-01
9.964076930941969668e-01 -1.007297100776335247e-02 8.408474533336809942e-02 1.133379999999999978e-02 1.011567267440880574e-02 9.999488319281275572e-01 -8.180414078147728741e-05 -1.409300000000000049e-03 -8.407961886833709153e-02 9.320840359049999092e-04 9.964586037113158934e-01 2.119508999999999976e-01
9.955015628067281908e-01 -1.024347354080919204e-02 9.418975368467852327e-02 1.482799999999999917e-02 1.063016913546665013e-02 9.999370009908218337e-01 -3.604657214286230947e-03 -1.636400000000000094e-03 -9.414689561272343576e-02 4.589694902700566272e-03 9.955477370509095980e-01 2.486345000000000083e-01
9.945516300166055146e-01 -1.117228348752989653e-02 1.036447553568795032e-01 1.855149999999999855e-02 1.184777374172737985e-02 9.999123827136803255e-01 -5.903994682868070332e-03 -1.947500000000000012e-03 -1.035697131823679895e-01 7.099787146440805427e-03 9.945968567886173117e-01 2.858574999999999866e-01
9.937630947034490347e-01 -1.075894735705747868e-02 1.109916963434283282e-01 2.280379999999999907e-02 1.161032734609271019e-02 9.999079052989765515e-01 -7.027177209207985907e-03 -2.217499999999999853e-03 -1.109058695666749056e-01 8.271999297697398348e-03 9.937964892890689406e-01 3.237309999999999910e-01
9.930901838655430414e-01 -1.052604362313696446e-02 1.168806618544993570e-01 2.712559999999999971e-02 1.149842041211792537e-02 9.999046410118563877e-01 -7.648216195750319815e-03 -2.668100000000000072e-03 -1.167890107755356899e-01 8.939311416130737639e-03 9.931165166653292964e-01 3.623828000000000049e-01
9.924959259801190425e-01 -1.163428718061257187e-02 1.217229652722328082e-01 3.202569999999999723e-02 1.285413350072294771e-02 9.998746794258105419e-01 -9.241033225682319246e-03 -3.113100000000000155e-03 -1.216001980459396892e-01 1.073633107404976458e-02 9.925210945013998032e-01 4.016127999999999920e-01
9.919357050193542413e-01 -1.044796307670328196e-02 1.263107167872325187e-01 3.685009999999999675e-02 1.193239296687572705e-02 9.998682862324969056e-01 -1.100128104239053890e-02 -3.543500000000000209e-03 -1.261791389487211534e-01 1.241975257553271962e-02 9.919297226316600158e-01 4.415221999999999758e-01
9.914433679378661379e-01 -1.071405932396785922e-02 1.300971064429316260e-01 4.240120000000000000e-02 1.238110057212079250e-02 9.998512019389215189e-01 -1.201175798611784501e-02 -4.036800000000000110e-03 -1.299490535580925810e-01 1.351972315162307606e-02 9.914284949330736119e-01 4.821307000000000231e-01
9.910745346373360798e-01 -1.068370770899096378e-02 1.328801158299334761e-01 4.791809999999999820e-02 1.225373715756491316e-02 9.998643784292244874e-01 -1.100321198623422682e-02 -4.536499999999999734e-03 -1.327445393191787892e-01 1.253328121161983132e-02 9.910710388983271502e-01 5.235646000000000466e-01
9.906956282812412473e-01 -1.144703599935923723e-02 1.356139280135567060e-01 5.308449999999999974e-02 1.277174141242724305e-02 9.998788095589592473e-01 -8.902180421258832493e-03 -5.191600000000000208e-03 -1.354955893220545216e-01 1.055137724602465271e-02 9.907217640248352497e-01 5.651302000000000270e-01
9.903925462950549097e-01 -1.158052773568168589e-02 1.377987504317823853e-01 5.895879999999999871e-02 1.277253959672220232e-02 9.998882441625123185e-01 -7.769261088300512264e-03 -5.693799999999999729e-03 -1.376933784735042965e-01 9.454658268341815247e-03 9.904297768956571435e-01 6.079406000000000532e-01
9.900750243920819482e-01 -1.431416347710088612e-02 1.398089796793076101e-01 6.508949999999999458e-02 1.560500332343810713e-02 9.998450924023423170e-01 -8.140950204186288633e-03 -6.238500000000000122e-03 -1.396707913140528556e-01 1.024187106452655212e-02 9.901450268171849700e-01 6.512873999999999608e-01
9.899679137573165200e-01 -1.412847821302798401e-02 1.405841948242064487e-01 7.140799999999999925e-02 1.545670945654441589e-02 9.998455844200423437e-01 -8.360469395917355037e-03 -6.533599999999999651e-03 -1.404443657245188770e-01 1.044956549948818959e-02 9.900334270705760664e-01 6.952420999999999740e-01
9.898444200094475010e-01 -1.609797430835080076e-02 1.412405019791707350e-01 7.770630000000000592e-02 1.759328551869014309e-02 9.998015577068600779e-01 -9.344597989951569997e-03 -7.054600000000000280e-03 -1.410620447917096676e-01 1.173458265570773325e-02 9.899312092711685107e-01 7.396070000000000144e-01
9.899190436383673575e-01 -1.553880470896980455e-02 1.407793755857606743e-01 9.022189999999999377e-02 1.730067291220319103e-02 9.997864778252653073e-01 -1.129979975641916615e-02 -8.197400000000000519e-03 -1.405737306856623403e-01 1.362146489797296661e-02 9.899765057490749198e-01 8.305187000000000541e-01
9.900588758233910269e-01 -1.559015533328609281e-02 1.397868715581236099e-01 9.634320000000000384e-02 1.733905236843510944e-02 9.997857884312805199e-01 -1.130196946587569765e-02 -8.678899999999999809e-03 -1.395807281335356975e-01 1.361338707034119924e-02 9.901171122782320699e-01 8.763642000000000376e-01
9.904307439258591694e-01 -1.563958691056252862e-02 1.371216423754335612e-01 1.093826999999999994e-01 1.729593396063518543e-02 9.997910398321752101e-01 -1.089620758462508596e-02 -9.994799999999999865e-03 -1.369225772285150855e-01 1.316358585511014437e-02 9.904942846137662071e-01 9.707365999999999495e-01
9.906230923509352637e-01 -1.591853864912987776e-02 1.356926270227921394e-01 1.219723000000000057e-01 1.773991912188314229e-02 9.997679055569863582e-01 -1.222416818216830875e-02 -1.121450000000000051e-02 -1.354665426244408832e-01 1.451671951485766776e-02 9.906755678242537000e-01 1.067653299999999916e+00
9.909126787173294648e-01 -1.782338385466578426e-02 1.333206291059853554e-01 1.355354000000000003e-01 1.936720812495390867e-02 9.997594656508078659e-01 -1.029184585270309475e-02 -1.237330000000000027e-02 -1.331051253960237046e-01 1.278036891409326838e-02 9.910195193656522461e-01 1.166971600000000109e+00
9.910680702753105198e-01 -2.118807485537535160e-02 1.316629999836524401e-01 1.493599999999999928e-01 2.262789724432423891e-02 9.996993021860814954e-01 -9.448993330622200773e-03 -1.356989999999999932e-02 -1.314232032293862207e-01 1.234385242073357362e-02 9.912494998537667579e-01 1.268922300000000059e+00
9.912372510276074022e-01 -2.199758117428983126e-02 1.302490637114628036e-01 1.623883999999999883e-01 2.359893707571305774e-02 9.996635595912037875e-01 -1.076372585773058277e-02 -1.519779999999999916e-02 -1.299684667299291496e-01 1.374314548872898958e-02 9.914228782956074904e-01 1.370984900000000062e+00
9.912207585429978485e-01 -2.351968852947829841e-02 1.301085396310342479e-01 1.752054999999999862e-01 2.498831552645350285e-02 9.996410071622251481e-01 -9.666482651024226394e-03 -1.685539999999999955e-02 -1.298344789360456608e-01 1.283281150677732622e-02 9.914526347880856516e-01 1.475022999999999973e+00
9.911825059869182608e-01 -2.537924967878366425e-02 1.300505036946591197e-01 1.888476000000000043e-01 2.682487828301428553e-02 9.995961770451691208e-01 -9.375966178708826718e-03 -1.834819999999999854e-02 -1.297600313293506280e-01 1.278188258531513626e-02 9.914630390221216283e-01 1.580816900000000080e+00
9.910590734457485063e-01 -2.530764497256882128e-02 1.310016642901795370e-01 2.023910999999999905e-01 2.700672302386390722e-02 9.995724030519430592e-01 -1.120928046202363318e-02 -1.986169999999999949e-02 -1.306619678880077962e-01 1.464698477183675601e-02 9.913187761687594080e-01 1.688377299999999970e+00
9.907568295359270305e-01 -2.285356369944102975e-02 1.337109545031881785e-01 2.164735000000000131e-01 2.476320243739743229e-02 9.996134820181485914e-01 -1.263607425575682085e-02 -2.159770000000000092e-02 -1.333704934869874015e-01 1.583038830187426249e-02 9.909398116299745762e-01 1.797405700000000106e+00
9.903942158115490724e-01 -2.265268501095977355e-02 1.364043736425671338e-01 2.303756000000000137e-01 2.445674027929060912e-02 9.996340005280442975e-01 -1.156429172968325043e-02 -2.366029999999999869e-02 -1.360924874559141240e-01 1.478921397817120099e-02 9.905857428854757396e-01 1.908557199999999954e+00
9.901511159804571305e-01 -1.908618789737996646e-02 1.386956558591556365e-01 2.450576999999999894e-01 2.102449834363279146e-02 9.997005210518080665e-01 -1.252352498868229691e-02 -2.469789999999999833e-02 -1.384150930789486422e-01 1.531618883043280033e-02 9.902558640915268828e-01 2.020927200000000035e+00
9.891478336103390889e-01 -1.852859635293745838e-02 1.457506582529313199e-01 2.611975000000000269e-01 2.085525358825306153e-02 9.996780562254863334e-01 -1.445137706252009463e-02 -2.637540000000000023e-02 -1.454359710035399988e-01 1.733421525259758872e-02 9.892158021988094463e-01 2.135782499999999917e+00
9.879808428720081581e-01 -1.418594974307208628e-02 1.539240492834157426e-01 2.800014000000000114e-01 1.632481650561636022e-02 9.997868360794067710e-01 -1.264052089066137682e-02 -2.935180000000000081e-02 -1.537119204355157365e-01 1.500137434425006730e-02 9.880018240285841635e-01 2.250666600000000184e+00
9.864504066297217211e-01 -1.342449432715098548e-02 1.635095661180619442e-01 2.977728000000000042e-01 1.615934005605067919e-02 9.997507144558411829e-01 -1.540729288317321810e-02 -3.158419999999999978e-02 -1.632619704309901110e-01 1.784073701098850412e-02 9.864214297722323499e-01 2.365738599999999803e+00
9.847163148536400845e-01 -1.225541204890511979e-02 1.737342342101238224e-01 3.155501000000000000e-01 1.542306437087631252e-02 9.997383196938277594e-01 -1.689441390441210125e-02 -3.492420000000000246e-02 -1.734817233787997737e-01 1.931571927921242257e-02 9.846476499957983464e-01 2.480433899999999969e+00
9.828198855362625386e-01 -9.689044171847386103e-03 1.843127641199157063e-01 3.358087000000000155e-01 1.291596627960799222e-02 9.997834705816668333e-01 -1.631532306579396019e-02 -3.775730000000000058e-02 -1.841147750984470366e-01 1.841560139428493476e-02 9.827322194859263726e-01 2.598498600000000103e+00
9.818074486835145498e-01 -9.258438487365005035e-03 1.896534076317730466e-01 3.468759000000000148e-01 1.246649158443117848e-02 9.997985671175471101e-01 -1.572932857037486615e-02 -3.903349999999999875e-02 -1.894695761781904075e-01 1.780748456338465679e-02 9.817251006246002776e-01 2.657464500000000118e+00
9.795360455088691909e-01 -9.766848203061870987e-03 2.010316995526448269e-01 3.700209999999999888e-01 1.348666575248244279e-02 9.997620969824980719e-01 -1.714232434761470830e-02 -4.170669999999999933e-02 -2.008164470249569344e-01 1.950277193981291013e-02 9.794347331450606875e-01 2.776938200000000023e+00
9.769697930667659014e-01 -9.233719330758376892e-03 2.131777705634466114e-01 3.940717000000000247e-01 1.329520950169880630e-02 9.997562445957851596e-01 -1.762636650130998753e-02 -4.481509999999999661e-02 -2.129630504087191012e-01 2.005467075404989211e-02 9.768544156329335149e-01 2.896485999999999894e+00
9.757549553493591876e-01 -8.149354568852691660e-03 2.187140944961735167e-01 4.071855999999999809e-01 1.231731664862429146e-02 9.997674711415787119e-01 -1.769992536000973907e-02 -4.629570000000000213e-02 -2.185189941898587618e-01 1.996476063676979815e-02 9.756284423441994313e-01 2.956567300000000120e+00
9.734293791104402516e-01 -6.101708810727003718e-03 2.289061227539623544e-01 4.341967999999999939e-01 1.088538012042652298e-02 9.997478351429710530e-01 -1.964114626432804378e-02 -4.883590000000000153e-02 -2.287285561190312289e-01 2.161099897117208651e-02 9.732503338500179124e-01 3.076205700000000043e+00
9.722668520614592413e-01 -7.573410953770615475e-03 2.337516028373407551e-01 4.481571999999999778e-01 1.217645081697958480e-02 9.997592126608667584e-01 -1.825515667491016056e-02 -5.065440000000000220e-02 -2.335570646073508727e-01 2.059514860954266349e-02 9.721249597792191999e-01 3.137572299999999981e+00
9.713512504304772088e-01 -9.884128198609311994e-03 2.374427347738855276e-01 4.630734000000000239e-01 1.448826111870411826e-02 9.997391922003432407e-01 -1.765326792300409009e-02 -5.216710000000000097e-02 -2.372063206934093282e-01 2.058765621333751711e-02 9.712411182784308483e-01 3.198033600000000032e+00
9.705680093794107899e-01 -1.083789145019397639e-02 2.405832065589823821e-01 4.780876000000000015e-01 1.580842062947292181e-02 9.996994091585326148e-01 -1.873993503944502634e-02 -5.325699999999999878e-02 -2.403077880687386758e-01 2.199162197280539119e-02 9.704475954715512387e-01 3.258430499999999785e+00
9.698152383821644351e-01 -1.067516553994092912e-02 2.436071514599690846e-01 4.932526999999999884e-01 1.576794618454846475e-02 9.996957988608174972e-01 -1.896527387498101597e-02 -5.494240000000000235e-02 -2.433305884488562443e-01 2.223399605843968951e-02 9.696885449175970395e-01 3.319023800000000080e+00
9.691010731262620359e-01 -1.010729975330453348e-02 2.464567965328289811e-01 5.086138999999999522e-01 1.526143410105215703e-02 9.997027767063118020e-01 -1.901175622791022660e-02 -5.664840000000000153e-02 -2.461913863129793767e-01 2.218559752152488365e-02 9.689672856025152159e-01 3.379685400000000062e+00
9.680290212428839247e-01 -8.351060146112056909e-03 2.506991699746531910e-01 5.238106000000000151e-01 1.377463919886280294e-02 9.997073420378067565e-01 -1.988692008946640194e-02 -5.821729999999999960e-02 -2.504597240006568026e-01 2.270440640359683293e-02 9.678607526826238372e-01 3.440872000000000153e+00
9.669556214588759246e-01 -7.495172082336836600e-03 2.548345512769708554e-01 5.395704999999999529e-01 1.324282557510506400e-02 9.996949846953083751e-01 -2.084622617728546998e-02 -6.007099999999999940e-02 -2.546005767862010716e-01 2.353210510140045161e-02 9.667599424519152107e-01 3.501847499999999780e+00
9.657976192815485028e-01 -6.237559668344344437e-03 2.592220118729829936e-01 5.557355999999999963e-01 1.200211299369197127e-02 9.997144916478148957e-01 -2.066118275988995667e-02 -6.177370000000000083e-02 -2.590191264632396573e-01 2.306573299799440091e-02 9.655967398906675214e-01 3.563514000000000070e+00
9.644723548507353472e-01 -6.432388641283443703e-03 2.641054734477207289e-01 5.718077000000000298e-01 1.237748088371781047e-02 9.997059438242261731e-01 -2.085243030167995004e-02 -6.385430000000000272e-02 -2.638936806663820800e-01 2.338055300630649536e-02 9.642683625658724500e-01 3.625478999999999896e+00
9.632915433344045875e-01 -5.718783886596620625e-03 2.683965313696869415e-01 5.889961000000000224e-01 1.174202723719386041e-02 9.997138325865285724e-01 -2.084173053072202811e-02 -6.610180000000000222e-02 -2.682005356757923287e-01 2.322818215041022247e-02 9.630830308011897323e-01 3.686075900000000072e+00
9.620893061292635773e-01 -5.140711344807452621e-03 2.726861568150857340e-01 6.060581999999999914e-01 1.135916667800983618e-02 9.997100718014496623e-01 -2.123067759450292247e-02 -6.777850000000000541e-02 -2.724979566237027417e-01 2.352329538159790567e-02 9.618687635069020914e-01 3.747580999999999829e+00
9.609141322838086197e-01 -5.319618492479612562e-03 2.767954696817664373e-01 6.235680999999999585e-01 1.149022149006555422e-02 9.997202025371780820e-01 -2.067586634540163545e-02 -6.965689999999999382e-02 -2.766080352906698514e-01 2.304817342259783339e-02 9.607063945423270912e-01 3.809138100000000193e+00
9.596089276448303007e-01 -6.352724351430850264e-03 2.812656197932012492e-01 6.408935999999999522e-01 1.257008583619797712e-02 9.997147836028764667e-01 -2.030626474574925497e-02 -7.177849999999999508e-02 -2.810563981239521669e-01 2.302160592071242698e-02 9.594150857342310657e-01 3.871110900000000132e+00
9.583935139961856642e-01 -6.994194084551690754e-03 2.853645976275800411e-01 6.592653000000000540e-01 1.348051605389336688e-02 9.996933530978673321e-01 -2.077198735950424799e-02 -7.367550000000000487e-02 -2.851318081466249765e-01 2.375459999769103867e-02 9.581939109397354937e-01 3.933991900000000097e+00
9.572954570257896645e-01 -6.954095775620975847e-03 2.890277642541073111e-01 6.775577999999999879e-01 1.379846431629213298e-02 9.996703891793370378e-01 -2.164983557777564599e-02 -7.577730000000000576e-02 -2.887819425454028477e-01 2.471342853543793266e-02 9.570758779269945560e-01 3.996420099999999920e+00
9.561964178928223923e-01 -6.281086946932308568e-03 2.926584329140373142e-01 6.964070999999999456e-01 1.375813962273820384e-02 9.996292230721854910e-01 -2.349744612122860524e-02 -7.756630000000000469e-02 -2.924023324172641547e-01 2.649460939255147626e-02 9.559282983938073297e-01 4.059483499999999800e+00
9.550760754949647602e-01 -6.759677773284695351e-03 2.962836424332903063e-01 7.155985000000000262e-01 1.449013662546614484e-02 9.996092585989692081e-01 -2.390326470996315469e-02 -7.984860000000000568e-02 -2.960062937805745253e-01 2.712262670945803436e-02 9.548008363856138603e-01 4.122619600000000162e+00
9.541163243769411606e-01 -6.482577390630695109e-03 2.993660230350299600e-01 7.351250999999999758e-01 1.453497918166134911e-02 9.995897491862364426e-01 -2.467929703183673745e-02 -8.218029999999999780e-02 -2.990832224275114526e-01 2.789819908473373244e-02 9.538191215058567929e-01 4.185764299999999771e+00
9.517970366864532128e-01 -6.452019772089677592e-03 3.066606795723035295e-01 7.742932999999999621e-01 1.488170837190662746e-02 9.995727026348545374e-01 -2.515843602424571585e-02 -8.606819999999999748e-02 -3.063673215452653031e-01 2.850935965806850741e-02 9.514863533971819054e-01 4.311054699999999684e+00
9.505444463115069187e-01 -8.536837816951931696e-03 3.104712192562100737e-01 7.948971999999999705e-01 1.715459331538396817e-02 9.995393257198681436e-01 -2.503709782812420237e-02 -8.829929999999999723e-02 -3.101144555072116726e-01 2.912488179475304639e-02 9.502530009139182887e-01 4.374725800000000220e+00
9.494667863224448556e-01 -1.038065541084788601e-02 3.136958139085858632e-01 8.151912999999999521e-01 1.914302173581754890e-02 9.995075111196115580e-01 -2.486523545638876301e-02 -9.012169999999999903e-02 -3.132832047674291576e-01 2.961380098401538222e-02 9.491979016000448022e-01 4.437405599999999950e+00
9.476502396904471492e-01 -1.164632979130082735e-02 3.190977690568054248e-01 8.583199000000000245e-01 2.012901842247349221e-02 9.995258916725664466e-01 -2.329837963268311177e-02 -9.497949999999999449e-02 -3.186751415344249994e-01 2.850183991522580937e-02 9.474353800072388143e-01 4.565982799999999564e+00
9.457014699764942911e-01 -9.121932394266302896e-03 3.249084794733623216e-01 9.005840000000000511e-01 1.873061194233623106e-02 9.994744310534346976e-01 -2.645800156244989751e-02 -9.942940000000000111e-02 -3.244963695645353141e-01 3.110710561603931626e-02 9.453752980269947148e-01 4.693209600000000314e+00
9.435497019922827189e-01 -5.996680734922271369e-03 3.311766895336052396e-01 9.446700999999999571e-01 1.686653983724617500e-02 9.994088541184661389e-01 -2.995767253197603383e-02 -1.037011999999999934e-01 -3.308012691997918031e-01 3.385235781711423697e-02 9.430930697264342522e-01 4.820934300000000228e+00
9.412216037239946598e-01 -5.395610103288869981e-03 3.377466211153632436e-01 9.902317000000000480e-01 1.692015896208158912e-02 9.993703319089810577e-01 -3.118730384036095746e-02 -1.092049999999999965e-01 -3.373656783135020598e-01 3.506889065462992505e-02 9.407202410941970516e-01 4.948758100000000049e+00
9.384355259997104737e-01 -4.890300564599443789e-03 3.454198148659607948e-01 1.036316800000000038e+00 1.605766358649333286e-02 9.994365045659370228e-01 -2.947583385020367819e-02 -1.144749999999999934e-01 -3.450810266905292578e-01 3.320780482672236467e-02 9.379852486669503220e-01 5.077879399999999599e+00
9.369596722120066001e-01 -4.464018951630992042e-03 3.494089941360535856e-01 1.060154100000000099e+00 1.562626278544772956e-02 9.994533724451930556e-01 -2.913376424855617861e-02 -1.170088999999999990e-01 -3.490879438762234943e-01 3.275711896259800998e-02 9.365172601706499567e-01 5.142501399999999556e+00
9.341877683419456124e-01 -2.548812152349381500e-03 3.567726405386314470e-01 1.107320199999999977e+00 1.420703105275506958e-02 9.994471216137287284e-01 -3.006012918632708711e-02 -1.224922999999999984e-01 -3.564987710342933935e-01 3.315048498355124135e-02 9.337074871695063560e-01 5.269689600000000418e+00
9.318563864149295162e-01 -3.191696221360540084e-03 3.628132965768207652e-01 1.156150900000000092e+00 1.552078467709084968e-02 9.993966328248712339e-01 -3.107210229960113285e-02 -1.277017000000000013e-01 -3.624952142314667447e-01 3.458588402137566936e-02 9.313436724892389940e-01 5.397026099999999715e+00
9.299550067011642662e-01 -6.702500928022616343e-03 3.676122440734901353e-01 1.206245500000000082e+00 1.885390814570038487e-02 9.993877284524004256e-01 -2.947368939214462316e-02 -1.327510000000000079e-01 -3.671896181253916369e-01 3.434013249917626520e-02 9.295119900468568064e-01 5.524330599999999869e+00
9.279025400272992163e-01 -6.462236435643042148e-03 3.727668382664104940e-01 1.255858700000000105e+00 1.914555431271780517e-02 9.993564718409021497e-01 -3.033298435306222909e-02 -1.380674000000000068e-01 -3.723309333925200471e-01 3.528288097582442384e-02 9.274291317125533674e-01 5.650515099999999791e+00
9.256707325304808220e-01 -5.330566482062462988e-03 3.782925851737823919e-01 1.307053199999999915e+00 1.886298211731191055e-02 9.993074257775250713e-01 -3.207579603904070487e-02 -1.435000999999999916e-01 -3.778596073174864678e-01 3.682735188520185055e-02 9.251301872228570033e-01 5.778478100000000062e+00
9.233050998089529227e-01 -2.530273005775612177e-03 3.840589673283203442e-01 1.357846300000000062e+00 1.718795712074924417e-02 9.992486480598226084e-01 -3.473778174599089635e-02 -1.483356999999999870e-01 -3.836825078066432582e-01 3.867476010440214912e-02 9.226548629547628444e-01 5.906715900000000019e+00
9.210800326374437574e-01 -5.064633193904368065e-03 3.893403690438695941e-01 1.412540300000000082e+00 1.995240576656961626e-02 9.992156772540959908e-01 -3.420426630940037738e-02 -1.542532000000000070e-01 -3.888617684740061087e-01 3.927314375307155991e-02 9.204586602335920187e-01 6.035502900000000004e+00
9.186430156876452813e-01 -4.806625389736453313e-03 3.950593703238429732e-01 1.466130300000000108e+00 1.926029621421804575e-02 9.992819558452149531e-01 -3.262841877723087619e-02 -1.606451000000000129e-01 -3.946188676660673522e-01 3.758282951727445059e-02 9.180759664686938271e-01 6.163260000000000183e+00
9.157816949727161093e-01 -1.839889903906948357e-03 4.016721324140381522e-01 1.520758999999999972e+00 1.657532738385950055e-02 9.993108382068751627e-01 -3.321305713707178170e-02 -1.670235999999999943e-01 -4.013342069585110194e-01 3.707375685594891529e-02 9.151810699952053207e-01 6.291120099999999660e+00
9.127731582768495722e-01 -5.903964652368646343e-04 4.084664159527918725e-01 1.577053999999999956e+00 1.554464248658229096e-02 9.993247696837882499e-01 -3.329217305025371915e-02 -1.732477000000000045e-01 -4.081709514642972714e-01 3.673766634474127241e-02 9.121660036705341312e-01 6.419046400000000041e+00
9.091898751247262656e-01 7.512058126123294377e-04 4.163810834566234464e-01 1.632650600000000063e+00 1.428052749317506274e-02 9.993538113450866067e-01 -3.298524343650822976e-02 -1.787741999999999942e-01 -4.161368014309731467e-01 3.593599087093794775e-02 9.085916393269986013e-01 6.544641500000000001e+00
9.056196813774978205e-01 1.822069371784998566e-03 4.240868693616011154e-01 1.689871799999999924e+00 1.396523714802750532e-02 9.993203142626994051e-01 -3.411570977275932975e-02 -1.846034000000000008e-01 -4.238607847549932250e-01 3.681833191637281372e-02 9.049786989657696568e-01 6.670753000000000377e+00
9.022014506197796324e-01 1.352389556473271824e-03 4.313127792473264721e-01 1.747959299999999994e+00 1.488013756438508889e-02 9.993022091017519370e-01 -3.425896073180533657e-02 -1.906364999999999865e-01 -4.310581445763789210e-01 3.732647755743832146e-02 9.015517789165099494e-01 6.795024899999999590e+00
8.985632124193618786e-01 2.650825245705949393e-03 4.388361042714162830e-01 1.807426800000000000e+00 1.429634524978957121e-02 9.992741644344056429e-01 -3.530947190796333846e-02 -1.966364999999999919e-01 -4.386111806590153872e-01 3.800154496118757219e-02 8.978731061689437798e-01 6.920184599999999797e+00
8.952620382406227817e-01 1.206196326037814459e-03 4.455383574684326220e-01 1.869871300000000014e+00 1.682941890351271133e-02 9.991911292428662383e-01 -3.652201940933735153e-02 -2.028767999999999960e-01 -4.452220272455259531e-01 4.019492919248619095e-02 8.945175873746671336e-01 7.046700000000000408e+00
8.918777129920332225e-01 -1.590382843669241666e-03 4.522738282838296153e-01 1.930602200000000046e+00 2.102692408318990874e-02 9.990583251656732777e-01 -3.795169799573785974e-02 -2.088512999999999897e-01 -4.517875756721295155e-01 4.335820106474076729e-02 8.910712950537287291e-01 7.171999500000000083e+00
8.890321567849487350e-01 -2.206044713300088153e-03 4.578394451868747494e-01 1.993745000000000100e+00 2.390909829221612298e-02 9.988476579773055697e-01 -4.161383390298022816e-02 -2.145856999999999903e-01 -4.572200555762569452e-01 4.794256480388382063e-02 8.880604322110460247e-01 7.296339500000000200e+00
8.858664082493840075e-01 -3.787885888084301794e-03 4.639249493784898815e-01 2.057888699999999904e+00 2.635847706582626279e-02 9.987624063337041669e-01 -4.217684650704828925e-02 -2.218474000000000002e-01 -4.631910377178145022e-01 4.959140666494198796e-02 8.848699084966594741e-01 7.420923700000000345e+00
8.822294793049828554e-01 -3.231567097957032536e-03 4.708085628143888202e-01 2.122639200000000059e+00 2.695023933099564145e-02 9.986834823210926082e-01 -4.364615377118399864e-02 -2.286971999999999894e-01 -4.700476895435833913e-01 5.119432696214674949e-02 8.811551001053286036e-01 7.545463599999999715e+00
8.790823667430510691e-01 -8.098244349354875860e-04 4.766692109480331063e-01 2.189573799999999792e+00 2.492458290440240087e-02 9.987086475045672262e-01 -4.426965740368626889e-02 -2.362328999999999957e-01 -4.760178123226876390e-01 5.079745647158688537e-02 8.779673460713329769e-01 7.670805500000000166e+00
8.776527920808600003e-01 -2.593266154220008612e-03 4.792899451514961440e-01 2.223589399999999827e+00 2.698944127622658271e-02 9.986660878952341447e-01 -4.401834785206695799e-02 -2.397720999999999880e-01 -4.785364632003165086e-01 5.156859372410525777e-02 8.765520712023047167e-01 7.733139000000000429e+00
8.764282160304642799e-01 -4.655613544611296450e-03 4.815100283568151673e-01 2.257259599999999811e+00 2.908275869461408869e-02 9.986395995567215467e-01 -4.327982606136030613e-02 -2.431361999999999968e-01 -4.806534877563758967e-01 5.193530070880485877e-02 8.753713207821680609e-01 7.795269000000000226e+00
8.754293599248127444e-01 -5.866844984634481119e-03 4.833104756898600751e-01 2.291427899999999962e+00 3.032453235573133454e-02 9.986231193595669353e-01 -4.280523587102642857e-02 -2.466248000000000051e-01 -4.823938831691781948e-01 5.212912439792437291e-02 8.744019075176282518e-01 7.857557800000000370e+00
8.730630793893311425e-01 -5.202613253339089319e-03 4.875795239984496710e-01 2.360902799999999857e+00 2.944859548240422870e-02 9.986803816879150641e-01 -4.207464148146738275e-02 -2.533783000000000007e-01 -4.867172070425826447e-01 5.109234822374555257e-02 8.720641790153126349e-01 7.983251600000000003e+00
8.717857545803066044e-01 -7.083042218787864025e-03 4.898361242535836935e-01 2.395216000000000012e+00 3.125555613458068371e-02 9.986624914187937074e-01 -4.118638663352065798e-02 -2.566642000000000090e-01 -4.888892393186451413e-01 5.121580562809338599e-02 8.708411180762549719e-01 8.045623799999999548e+00
8.702503026066712444e-01 -6.907301972096583156e-03 4.925613667275006713e-01 2.429104099999999988e+00 3.114031412515416708e-02 9.986732012335178821e-01 -4.101363156542098959e-02 -2.596678000000000042e-01 -4.916245433755152550e-01 5.103064096661576871e-02 8.693107511318104441e-01 8.108051299999999628e+00
8.684580539504213048e-01 -5.530050147928842683e-03 4.957318096249306305e-01 2.462143199999999865e+00 3.023645025504094475e-02 9.986671202003831738e-01 -4.182989489166509534e-02 -2.629951999999999845e-01 -4.948397372934206229e-01 5.131667931613177747e-02 8.674677128397020320e-01 8.170716300000000487e+00
8.658672457455081073e-01 -2.619035179766259630e-03 5.002669821203624689e-01 2.493318799999999946e+00 2.917517830568612872e-02 9.985487091804906568e-01 -4.526902213221812438e-02 -2.654402000000000150e-01 -4.994223880803896343e-01 5.379234191502522272e-02 8.646870313792024421e-01 8.233327900000000810e+00
8.644216853471712314e-01 -6.476149416922687835e-04 5.027670737990340699e-01 2.532272299999999809e+00 2.725088822457055748e-02 9.985895268047865203e-01 -4.556694028310986216e-02 -2.691463000000000050e-01 -5.020284244866300982e-01 5.308990064673162895e-02 8.632200898130164557e-01 8.298000299999999996e+00
8.621842634119003534e-01 7.292712025647029445e-04 5.065942795654051478e-01 2.570104800000000189e+00 2.535309346697644378e-02 9.986837587246372161e-01 -4.458666517340510727e-02 -2.728050000000000197e-01 -5.059599950357077658e-01 5.128565319018263402e-02 8.610309316164680427e-01 8.362125400000000042e+00
8.597260466656662103e-01 1.813460333587814735e-03 5.107522256889764911e-01 2.608215599999999856e+00 2.338123761875456758e-02 9.988056160313264487e-01 -4.290290330149981735e-02 -2.766257999999999773e-01 -5.102199941319822685e-01 4.882676259901951032e-02 8.586568027111057821e-01 8.425980600000000820e+00
8.567718071910339628e-01 2.764676309418257275e-03 5.156883040825280817e-01 2.645613700000000179e+00 2.194454892927232698e-02 9.988843849441515488e-01 -4.181413979785899432e-02 -2.801676000000000166e-01 -5.152285970080664468e-01 4.714172334194268593e-02 8.557553100889594422e-01 8.489782299999999893e+00
8.540668565715985316e-01 2.806512677777853529e-03 5.201556766896789918e-01 2.683646899999999835e+00 2.234346509755259086e-02 9.988645397000057713e-01 -4.207613215743463003e-02 -2.834001999999999910e-01 -5.196831477673130584e-01 4.755791013580103893e-02 8.530343903443589060e-01 8.553514500000000353e+00
8.512443270080948254e-01 1.031730485679480808e-03 5.247685501902155103e-01 2.722245500000000096e+00 2.466556441837500918e-02 9.988141700407136003e-01 -4.197455964990638722e-02 -2.869492000000000154e-01 -5.241895703545225160e-01 4.867431826009971374e-02 8.502094477676990225e-01 8.617345800000000722e+00
8.490429798674665740e-01 6.151513492904173153e-04 5.283234236020490915e-01 2.761400699999999819e+00 2.564463528186433638e-02 9.987725956456883214e-01 -4.237516806379085232e-02 -2.904049000000000214e-01 -5.277010242732458334e-01 4.952700047440615483e-02 8.479850854849837472e-01 8.680813799999999247e+00
8.463093044749976368e-01 -4.361222428800569373e-04 5.326916283896668824e-01 2.800433899999999809e+00 2.651034479390523835e-02 9.987950150462366894e-01 -4.130035759767852754e-02 -2.943199000000000232e-01 -5.320317309878744849e-01 4.907471565049691120e-02 8.453010762479064022e-01 8.744781500000000207e+00
8.439959873876805574e-01 -1.032513290699704420e-03 5.363484941619568458e-01 2.841419000000000139e+00 2.653607012894879796e-02 9.988538804252774517e-01 -3.983418809863084609e-02 -2.980076999999999865e-01 -5.356926453252887077e-01 4.785247617072831139e-02 8.430560659106393073e-01 8.808754000000000417e+00
8.388912711282527912e-01 3.811249400072335564e-04 5.442988976367711951e-01 2.923537500000000122e+00 2.437714679352707969e-02 9.989700371895499087e-01 -3.827034768219524791e-02 -3.058874999999999789e-01 -5.437528757984008143e-01 4.537311474088349256e-02 8.380179535783701672e-01 8.937536200000000264e+00
8.361991564271570310e-01 -1.733562854698330463e-04 5.484258753360470307e-01 2.965620799999999946e+00 2.521013386048474858e-02 9.989550054921663147e-01 -3.812277735006283641e-02 -3.092434000000000016e-01 -5.478461644852937740e-01 4.570412399055813479e-02 8.353297032363976582e-01 9.002306900000000667e+00
8.339502639331560774e-01 -1.900688596289975066e-03 5.518363386627229694e-01 3.008475300000000185e+00 2.706188193467466696e-02 9.989317791662156720e-01 -3.745604247611905580e-02 -3.130125000000000268e-01 -5.511756633161275509e-01 4.617020635300474185e-02 8.331108570972700633e-01 9.066804899999999279e+00
8.317066687992231699e-01 -3.005917919846308808e-03 5.552071519103103370e-01 3.052067000000000085e+00 2.765346730697823552e-02 9.989685078323931045e-01 -3.601674756309677927e-02 -3.169371000000000271e-01 -5.545261966948009658e-01 4.530877196063802514e-02 8.309318939375343049e-01 9.131058700000000528e+00
8.267145022131991983e-01 -2.791993780673648548e-03 5.626147319446150874e-01 3.139361899999999928e+00 2.687980580996041091e-02 9.990417796340145262e-01 -3.453981159937093148e-02 -3.241461999999999954e-01 -5.619791881110911547e-01 4.367753789340579618e-02 8.259973757909699899e-01 9.262977599999999256e+00
8.247186754358878380e-01 -3.389979763750720215e-03 5.655330356614687304e-01 3.183750900000000161e+00 2.730133442630759688e-02 9.990548071687921361e-01 -3.382498206164445687e-02 -3.275553999999999966e-01 -5.648838318856521656e-01 4.333590093824078726e-02 8.240317082273310723e-01 9.329363799999999429e+00
8.219166424206501009e-01 1.010427388385559330e-03 5.696068924692343494e-01 3.278118599999999994e+00 2.266393145525819053e-02 9.991485337617013185e-01 -3.447540707277575722e-02 -3.358700000000000019e-01 -5.691567263267267585e-01 4.124544239470633034e-02 8.211939078918623069e-01 9.464768400000000526e+00
8.204221628623312723e-01 4.717558634502301562e-03 5.717387684291003191e-01 3.325353600000000132e+00 1.968548062400428400e-02 9.991400371584963080e-01 -3.649202651978530887e-02 -3.393266999999999811e-01 -5.714192476080030003e-01 4.119381977249493565e-02 8.196237628788314300e-01 9.532271400000000838e+00
8.177686862334753171e-01 2.683151059152760753e-03 5.755407687700060393e-01 3.419886599999999888e+00 2.033688305229018611e-02 9.992299587232100766e-01 -3.355444497722080005e-02 -3.464137999999999940e-01 -5.751876102661577228e-01 3.914447969261609234e-02 8.170844036609076211e-01 9.664741499999999874e+00
8.155071846873623853e-01 3.848529689507270563e-03 5.787341535994926511e-01 3.465368300000000179e+00 1.962910229551377561e-02 9.992186439127975772e-01 -3.430451865486669472e-02 -3.497386000000000106e-01 -5.784139781042333395e-01 3.933561333319746112e-02 8.147944400014870414e-01 9.730304699999999585e+00
8.137867858751295369e-01 4.693244107309746220e-03 5.811445952555828187e-01 3.512259499999999868e+00 1.876018052147776158e-02 9.992341207899460009e-01 -3.433988171128764255e-02 -3.531492999999999993e-01 -5.808606741395284656e-01 3.884771948123677543e-02 8.130754773877266750e-01 9.795764000000000138e+00
8.112974593380339883e-01 5.011003671245200033e-03 5.846121126985465155e-01 3.558186800000000094e+00 1.629995281764388265e-02 9.993806648319386587e-01 -3.118650827224633132e-02 -3.568618000000000068e-01 -5.844063175649231168e-01 3.483068478050744404e-02 8.107133151662966331e-01 9.861015300000000039e+00
8.091953942585875525e-01 5.745054753230578910e-03 5.875115388284483098e-01 3.604199200000000047e+00 1.438437056927372934e-02 9.994587531499700139e-01 -2.958531113970619061e-02 -3.601337000000000010e-01 -5.873635192910900971e-01 3.239128120019018481e-02 8.086747808038750041e-01 9.925250999999999379e+00
8.067774489517858250e-01 6.266090091731743930e-03 5.908222101256950243e-01 3.649213599999999946e+00 1.363953182211246999e-02 9.994797901269378837e-01 -2.922519973388893258e-02 -3.632770000000000166e-01 -5.906979863132446606e-01 3.163677042263356165e-02 8.062722888222708661e-01 9.988596899999999223e+00
8.046928328632169114e-01 6.382543205439948977e-03 5.936570625207803209e-01 3.694592000000000098e+00 1.394089247220330931e-02 9.994633541046198388e-01 -2.964212069035979460e-02 -3.663369000000000208e-01 -5.935276710109221865e-01 3.212891134436526852e-02 8.041720194088927132e-01 1.005134679999999925e+01
8.025968858234883152e-01 5.614105795062221231e-03 5.964953651811222279e-01 3.740726700000000182e+00 1.440439008133483773e-02 9.994817380486052949e-01 -2.878834579693576728e-02 -3.695525000000000060e-01 -5.963478451481343257e-01 3.169758860640751325e-02 8.021000626254282118e-01 1.011430069999999937e+01
8.003102405042120671e-01 5.372028205490844005e-03 5.995620570525201920e-01 3.786239099999999969e+00 1.431957366309345378e-02 9.995034006216422240e-01 -2.806959130233513053e-02 -3.726836000000000038e-01 -5.994151055438938780e-01 3.104985440758617141e-02 7.998358817826756173e-01 1.017623810000000084e+01
7.981794852358981007e-01 8.628338013629647044e-03 6.023579177961218001e-01 3.832191200000000020e+00 1.065306193615938625e-02 9.995389050701016798e-01 -2.843395017662076613e-02 -3.757577999999999752e-01 -6.023255113474283995e-01 2.911235192121642418e-02 7.977195305028416117e-01 1.023836799999999947e+01
7.956581565808923395e-01 1.893836352330548548e-02 6.054497801249542066e-01 3.878277499999999822e+00 4.360643923306296854e-04 9.994929783202635143e-01 -3.183702461498066211e-02 -3.789043999999999746e-01 -6.057457451060980214e-01 2.559540340663291058e-02 7.952464822998651650e-01 1.030061339999999959e+01
7.927897757732509376e-01 3.055480223015408225e-02 6.087288193358967314e-01 3.923082099999999794e+00 -6.906442009813294758e-03 9.991288639406217253e-01 -4.115597525861384998e-02 -3.824511999999999912e-01 -6.094560463956065766e-01 2.842388610656045034e-02 7.923101729817922934e-01 1.036173729999999971e+01
7.909160423734018508e-01 2.533234016884108181e-02 6.114001034167114712e-01 3.968700899999999976e+00 3.641967326654354034e-03 9.989301768525298275e-01 -4.610030203117097131e-02 -3.868754999999999833e-01 -6.119138419666504403e-01 3.868816763486899318e-02 7.899776425283626669e-01 1.042181019999999947e+01
7.899876915229162577e-01 1.691056974028118734e-02 6.128894515924977471e-01 4.015140999999999849e+00 1.111966228929513710e-02 9.990599979737879721e-01 -4.189837179636970305e-02 -3.908835999999999977e-01 -6.130218596044235690e-01 3.991432173636284136e-02 7.890570616675707249e-01 1.048230359999999983e+01
7.881608193197866541e-01 1.128054145465282043e-02 6.153659661320671770e-01 4.061614999999999753e+00 9.869976870462156271e-03 9.994717917675164376e-01 -3.096322040109571183e-02 -3.944225000000000092e-01 -6.153902066540701821e-01 3.047764501269983189e-02 7.876331676032573004e-01 1.054254339999999956e+01
7.857789798055004882e-01 1.050409456413724241e-02 6.184181909462354021e-01 4.107656500000000044e+00 4.285777236566549499e-03 9.997393054300108828e-01 -2.242662015993377583e-02 -3.970723999999999920e-01 -6.184925440207871272e-01 2.027276931519427644e-02 7.855291132828798872e-01 1.060250379999999915e+01
