1.000000000000000000e+00 0.000000000000000000e+00 0.000000000000000000e+00 0.000000000000000000e+00 0.000000000000000000e+00 1.000000000000000000e+00 0.000000000000000000e+00 0.000000000000000000e+00 0.000000000000000000e+00 0.000000000000000000e+00 1.000000000000000000e+00 0.000000000000000000e+00
9.992300864728808074e-01 -1.032964780895796394e-02 3.784881323822501809e-02 1.960899999999999796e-03 1.029957923666048256e-02 9.999464685028052191e-01 9.893413546952845635e-04 -5.672999999999999658e-04 -3.785700668234216748e-02 -5.987527964427034844e-04 9.992829872164049609e-01 5.729519999999999752e-02
9.984808506754087043e-01 -1.347679439703553840e-02 5.342627487755674531e-02 3.498999999999999940e-03 1.343057944764551419e-02 9.999090565761398208e-01 1.223974147767680756e-03 -7.158999999999999999e-04 -5.343791135713203688e-02 -5.045689189330088403e-04 9.985710465660384560e-01 8.644559999999999744e-02
9.965817456367087601e-01 -1.655058284467664925e-02 8.093764557479847521e-02 7.984099999999999184e-03 1.634764112333950831e-02 9.998613450161416560e-01 3.169443518124926296e-03 -1.028100000000000108e-03 -8.097887930437601411e-02 -1.835469970765037529e-03 9.967141275995808902e-01 1.452930000000000055e-01
9.955108459234136564e-01 -1.627156613207696861e-02 9.323836004809885059e-02 1.058160000000000003e-02 1.603688739165321647e-02 9.998660676492289179e-01 3.265732146874669901e-03 -1.305900000000000030e-03 -9.327901099195307077e-02 -1.755818691420708800e-03 9.956384600893468662e-01 1.749113999999999947e-01
9.944150732637639933e-01 -1.609478698997347801e-02 1.043054164344795476e-01 1.362700000000000022e-02 1.611494580087116657e-02 9.998699348633609540e-01 6.495214956753597160e-04 -1.457100000000000018e-03 -1.043023038463571084e-01 1.034982166870531545e-03 9.945451011514040429e-01 2.046576999999999980e-01
9.933085337154102801e-01 -1.615969526606244808e-02 1.143548035591402251e-01 1.722970000000000057e-02 1.658892411384732188e-02 9.998584659844809153e-01 -2.802783599503614817e-03 -1.574600000000000001e-03 -1.142933263357338997e-01 4.681052025841029619e-03 9.934360187284557719e-01 2.352400000000000047e-01
9.921503970077951706e-01 -1.703439767503830971e-02 1.238847004804191493e-01 2.096249999999999850e-02 1.777134172540150575e-02 9.998303338083192049e-01 -4.845927158341699001e-03 -1.910199999999999919e-03 -1.237811339847616626e-01 7.009485900806113057e-03 9.922847867305297775e-01 2.660569999999999879e-01
9.912332534432121145e-01 -1.665088907942676583e-02 1.310701535867320466e-01 2.519700000000000065e-02 1.760077044987089223e-02 9.998265356817294114e-01 -6.091914825599868341e-03 -2.081799999999999970e-03 -1.309459817938521120e-01 8.345444238387686800e-03 9.913543783191296477e-01 2.976320000000000077e-01
9.904303329229013908e-01 -1.626290934995003670e-02 1.370520828214809028e-01 2.949809999999999932e-02 1.734333743513401596e-02 9.998271922986750049e-01 -6.692845938725287824e-03 -2.437299999999999883e-03 -1.369195540192920668e-01 9.005738149854253249e-03 9.905412320582795971e-01 3.298570000000000113e-01
9.897168155857255512e-01 -1.719354661478979945e-02 1.420035453841064499e-01 3.415460000000000024e-02 1.854063092813590385e-02 9.997947391949925100e-01 -8.168505542848165241e-03 -2.800299999999999925e-03 -1.418339520412428556e-01 1.071734261941554786e-02 9.898324447175594898e-01 3.623235000000000205e-01
9.890749499312154747e-01 -1.603353227840336945e-02 1.465389684051348618e-01 3.887430000000000052e-02 1.768266465271203444e-02 9.997940585578072303e-01 -9.958104402337162459e-03 -3.083600000000000143e-03 -1.463491263702774714e-01 1.244051105001381038e-02 9.891547739840672593e-01 3.954654000000000225e-01
9.884881000940067830e-01 -1.637839740743467568e-02 1.504095212109422819e-01 4.405549999999999744e-02 1.821337001750938586e-02 9.997754637104244724e-01 -1.083029617374298322e-02 -3.517300000000000114e-03 -1.501983659203589838e-01 1.344508315220990964e-02 9.885644544559974989e-01 4.290434000000000192e-01
9.880446771423813113e-01 -1.634250129932588932e-02 1.532991801083389838e-01 4.913889999999999925e-02 1.803774878748376845e-02 9.997905042352438487e-01 -9.674050843184827525e-03 -3.958299999999999666e-03 -1.531089663908912213e-01 1.232356654213498381e-02 9.881324679001264322e-01 4.632441999999999949e-01
9.876419437887488106e-01 -1.693091103368650138e-02 1.558099326768078996e-01 5.452459999999999946e-02 1.834921452352189161e-02 9.998022275660285452e-01 -7.668903466407472024e-03 -4.363500000000000191e-03 -1.556492762448698219e-01 1.043312060587320116e-02 9.877572843562690830e-01 4.981271999999999922e-01
9.872874470749982700e-01 -1.724166230653759180e-02 1.580070312645603103e-01 6.006149999999999683e-02 1.849354282448695957e-02 9.998081362660445892e-01 -6.455968557652564180e-03 -4.771300000000000020e-03 -1.578654038158180117e-01 9.296006514942454016e-03 9.874168818391464431e-01 5.335872000000000392e-01
9.868975221072109338e-01 -1.988300910784043460e-02 1.601185398617686884e-01 6.582839999999999525e-02 2.128348172848911271e-02 9.997487221159747639e-01 -7.036052372503785735e-03 -5.121399999999999911e-03 -1.599384077204732690e-01 1.035174266938085688e-02 9.870727162471600868e-01 5.695322999999999913e-01
9.867749892864530192e-01 -1.966272460810616560e-02 1.608990297662051538e-01 7.179299999999999571e-02 2.109504155087622498e-02 9.997515600796139656e-01 -7.198426240830486586e-03 -5.342799999999999980e-03 -1.607175153512746257e-01 1.049739869508859412e-02 9.869446209792872571e-01 6.059563000000000033e-01
9.866454560925148609e-01 -2.158936509659886011e-02 1.614454808494777127e-01 7.790329999999999477e-02 2.320097994141619158e-02 9.996979771269407511e-01 -8.103644739283764539e-03 -5.754600000000000340e-03 -1.612217680766196148e-01 1.174111762262336316e-02 9.868483610237290815e-01 6.428593000000000224e-01
9.867199370091078725e-01 -2.095257921169868184e-02 1.610737574315560527e-01 8.987989999999999868e-02 2.286564095674544980e-02 9.996882092805899900e-01 -1.003228234274365291e-02 -6.617900000000000345e-03 -1.608133339383879257e-01 1.358210770627346978e-02 9.868913810434640776e-01 7.183675999999999950e-01
9.868792822827505695e-01 -2.120049744626121419e-02 1.600619289809858681e-01 9.580120000000000302e-02 2.310586382179191656e-02 9.996824884132887723e-01 -1.005193597589418286e-02 -6.886399999999999987e-03 -1.597980014209561261e-01 1.361841649553060044e-02 9.870557924828881058e-01 7.563876000000000488e-01
9.873359148824286668e-01 -2.131393761338696430e-02 1.572053028580469858e-01 1.083655000000000035e-01 2.310682898862891771e-02 9.996870447047657704e-01 -9.585776105351389784e-03 -7.986099999999999449e-03 -1.569517939921933058e-01 1.309689707008174740e-02 9.875194203911981106e-01 8.350554000000000032e-01
9.875628156390371393e-01 -2.198085189473294662e-02 1.556808508361866850e-01 1.207692999999999961e-01 2.399137499305293783e-02 9.996511279963103958e-01 -1.104700057241700221e-02 -8.875900000000000803e-03 -1.553837156623560090e-01 1.464460466131068360e-02 9.877456334812491079e-01 9.160070000000000157e-01
9.879026573147062784e-01 -2.395776090229010183e-02 1.532134633871669593e-01 1.338577999999999990e-01 2.570614254795928685e-02 9.996249665731963274e-01 -9.440362219762958584e-03 -9.630599999999999578e-03 -1.529298332760682944e-01 1.326468605301424006e-02 9.881480224126691914e-01 9.986880000000000202e-01
9.880555609681070939e-01 -2.676066834042167483e-02 1.517566310576677069e-01 1.468610999999999944e-01 2.837476615943012107e-02 9.995613838922259298e-01 -8.480122455227627823e-03 -1.057330000000000075e-02 -1.514631344103138100e-01 1.268489106898240855e-02 9.883815115901203319e-01 1.083300200000000046e+00
9.882338162540065252e-01 -2.753324524460095540e-02 1.504521346420284178e-01 1.593979000000000090e-01 2.935203524906695310e-02 9.995202956374077408e-01 -9.881125221678783987e-03 -1.178410000000000048e-02 -1.501079026526582483e-01 1.418093844601352529e-02 9.885679129660290831e-01 1.168374900000000105e+00
9.882432998981540706e-01 -2.858335219565577567e-02 1.501937821072038826e-01 1.720561999999999925e-01 3.025642351122020957e-02 9.995028509468752986e-01 -8.865651999610379280e-03 -1.285560000000000001e-02 -1.498657033570950647e-01 1.330574786803111892e-02 9.886168256867549076e-01 1.255240399999999923e+00
9.881723516929263873e-01 -3.061837945159881502e-02 1.502595028257097676e-01 1.853991999999999862e-01 3.227705112005743726e-02 9.994418589820044385e-01 -8.611764371392757744e-03 -1.408880000000000028e-02 -1.499119585645680708e-01 1.335984110508438641e-02 9.886090831693699066e-01 1.344006699999999999e+00
9.880511505907803027e-01 -3.035348933656161624e-02 1.511078737238084335e-01 1.985783000000000131e-01 3.228845347453872944e-02 9.994248197967370295e-01 -1.036751399720586310e-02 -1.535830000000000008e-02 -1.507062692407244719e-01 1.512267368407293512e-02 9.884629103573827624e-01 1.433803900000000020e+00
9.876986134049449140e-01 -2.836954859941080015e-02 1.537745680865814923e-01 2.120937999999999990e-01 3.053499292665117631e-02 9.994647735610315831e-01 -1.173799887396254592e-02 -1.689490000000000089e-02 -1.533592621425859115e-01 1.628911056078422015e-02 9.880362349591335080e-01 1.524941600000000008e+00
9.873244169264978609e-01 -2.830336996851191486e-02 1.561711080487571957e-01 2.261481999999999937e-01 3.031954129348949159e-02 9.994846573953881652e-01 -1.054253513041806048e-02 -1.855860000000000148e-02 -1.557922371509679882e-01 1.514393870990143540e-02 9.876737517843872105e-01 1.617828100000000102e+00
9.870761369528245899e-01 -2.436318218691264567e-02 1.583891890629406662e-01 2.405445999999999973e-01 2.650688766684658124e-02 9.995832182007009514e-01 -1.143568090439235976e-02 -1.940619999999999845e-02 -1.580445657544284066e-01 1.548629217266708769e-02 9.873105337178557095e-01 1.711791899999999922e+00
9.860155935321405218e-01 -2.382371730814453886e-02 1.649414435643215826e-01 2.564836999999999811e-01 2.637315767194960137e-02 9.995639061234897760e-01 -1.328360378669137323e-02 -2.078230000000000008e-02 -1.645530487893528682e-01 1.744786716974111584e-02 9.862139048225572191e-01 1.807484499999999938e+00
9.845399220060703227e-01 -2.002392814235264690e-02 1.740120233720390819e-01 2.731684999999999808e-01 2.245668195398425881e-02 9.996755251686587629e-01 -1.202255440345094926e-02 -2.263079999999999953e-02 -1.737148220846418400e-01 1.574441743972249119e-02 9.846701345666908356e-01 1.904106099999999913e+00
9.827917631461514647e-01 -1.935629528003200706e-02 1.836999840095560055e-01 2.898510999999999727e-01 2.238035972624290854e-02 9.996457766696880132e-01 -1.440280128933676962e-02 -2.468259999999999899e-02 -1.833561283148258392e-01 1.826622619722988172e-02 9.828768362261411928e-01 2.000753200000000120e+00
9.811484895841452447e-01 -1.761329513202808394e-02 1.924510670828887549e-01 3.089976999999999863e-01 2.101941484180193387e-02 9.996562407727328514e-01 -1.567113537164075560e-02 -2.748779999999999973e-02 -1.921088899204269340e-01 1.942091961571668773e-02 9.811814318946425750e-01 2.098847899999999989e+00
9.790068891307323051e-01 -1.434301915645766305e-02 2.033218847936531792e-01 3.277079999999999993e-01 1.777472834581854400e-02 9.997285591688337414e-01 -1.506210524595165759e-02 -2.966260000000000077e-02 -2.030506588681712243e-01 1.835989606956581546e-02 9.789960899561940266e-01 2.197881199999999868e+00
9.765814260463639984e-01 -1.314653155190025416e-02 2.147460989387351138e-01 3.482686999999999866e-01 1.664371662869617782e-02 9.997565550116430666e-01 -1.448507535483312472e-02 -3.157560000000000228e-02 -2.145033915769953003e-01 1.772002876426623588e-02 9.765624893382705007e-01 2.297670099999999938e+00
9.726102983929102441e-01 -1.361241332027797457e-02 2.320429047905839814e-01 3.819452999999999876e-01 1.799429137321429534e-02 9.996973117645500118e-01 -1.677767351893217837e-02 -3.501350000000000295e-02 -2.317442835066918505e-01 2.049358568747624773e-02 9.725608464294869249e-01 2.447971799999999920e+00
9.687957225399549399e-01 -1.056850019771381037e-02 2.476351243096533705e-01 4.179478999999999833e-01 1.563289651284727189e-02 9.997067553649469085e-01 -1.849366984426374302e-02 -3.826670000000000071e-02 -2.473670562845933507e-01 2.178784251046774964e-02 9.686768446617446404e-01 2.597595500000000168e+00
9.678319986877897962e-01 -1.243894070887237996e-02 2.512896636752877666e-01 4.312715999999999772e-01 1.730750500071128600e-02 9.997027169905272626e-01 -1.717346535816913905e-02 -3.974640000000000117e-02 -2.510013398104648519e-01 2.097022641267946158e-02 9.677595657070782176e-01 2.648103499999999944e+00
9.662224021606535818e-01 -1.475268706029510615e-02 2.572870532836761259e-01 4.441606000000000165e-01 1.984370230129417143e-02 9.996551012681395010e-01 -1.720191813616479826e-02 -4.068900000000000294e-02 -2.569445407901748690e-01 2.172640635463454067e-02 9.661819012096218851e-01 2.700905600000000018e+00
9.656070209231447654e-01 -1.553321396632541956e-02 2.595415196222097820e-01 4.580749000000000071e-01 2.080991245155012354e-02 9.996286046890020538e-01 -1.759546053042520403e-02 -4.182140000000000163e-02 -2.591718130655576435e-01 2.239133652543512376e-02 9.655716438260375512e-01 2.750651400000000191e+00
9.639095725173997264e-01 -1.475060410773446247e-02 2.658209090492703597e-01 4.853571999999999886e-01 2.016064875911730003e-02 9.996412145518862591e-01 -1.763492021079350602e-02 -4.472079999999999805e-02 -2.654654106487982501e-01 2.235759038193602805e-02 9.638611175378838380e-01 2.852346900000000129e+00
9.616056699878091640e-01 -1.180986537714595781e-02 2.741807114424175129e-01 5.133855999999999975e-01 1.788429966397032944e-02 9.996466438872335658e-01 -1.966568561021238629e-02 -4.726910000000000139e-02 -2.738515789124208455e-01 2.381416479249467630e-02 9.614770919176441888e-01 2.954571000000000058e+00
9.603328545380395154e-01 -1.101449539073887790e-02 2.786386358459788104e-01 5.280029000000000527e-01 1.705605680198703580e-02 9.996688741889379060e-01 -1.926740522719026100e-02 -4.886159999999999809e-02 -2.783341506556247236e-01 2.325559866158596195e-02 9.602027274017207459e-01 3.006160500000000013e+00
9.590222835865631623e-01 -1.137134278795026536e-02 2.831023704379964645e-01 5.431190999999999658e-01 1.756661881545006770e-02 9.996583491392968535e-01 -1.935455758957782546e-02 -5.057590000000000002e-02 -2.827855609606090281e-01 2.353460344459919890e-02 9.588943888421180839e-01 3.058101399999999970e+00
9.577444821989768986e-01 -1.064379474269246811e-02 2.874234097127251752e-01 5.581622000000000527e-01 1.693015099564636541e-02 9.996685528029636281e-01 -1.939470350619060951e-02 -5.242940000000000100e-02 -2.871217107859980189e-01 2.344129199305917260e-02 9.576072415270353577e-01 3.108304299999999909e+00
9.563969483908293379e-01 -9.872915972561707720e-03 2.919030706226093397e-01 5.734122000000000385e-01 1.630773354673106107e-02 9.996745154474884210e-01 -1.961940344143938905e-02 -5.373880000000000323e-02 -2.916143599606818571e-01 2.352421507782729779e-02 9.562466608410687963e-01 3.159576400000000174e+00
9.551024191344749115e-01 -9.840439229161583243e-03 2.961123683996517153e-01 5.889318999999999527e-01 1.617701107002999378e-02 9.996894253042655221e-01 -1.895672038269149984e-02 -5.523689999999999850e-02 -2.958338609360227078e-01 2.289582255793842780e-02 9.549649773856010437e-01 3.210761499999999824e+00
9.537945892728324493e-01 -1.082478693420997271e-02 3.002643925970875372e-01 6.049117999999999995e-01 1.724560847077451220e-02 9.996756145146420414e-01 -1.874179108958595047e-02 -5.681540000000000201e-02 -2.999641152910489938e-01 2.305406108697315853e-02 9.536718721893062689e-01 3.262499800000000061e+00
9.524993038610567453e-01 -1.164021555829910202e-02 3.043182241108121633e-01 6.213482000000000172e-01 1.827981868973600418e-02 9.996527822501333205e-01 -1.897796533451082818e-02 -5.846160000000000245e-02 -3.039916518144413771e-01 2.363938073054892841e-02 9.523813602259356692e-01 3.314726600000000190e+00
9.512948603347152199e-01 -1.152510065531385866e-02 3.080669744643843577e-01 6.376946000000000003e-01 1.855857750015157265e-02 9.996295017083713930e-01 -1.991076380865549472e-02 -6.009439999999999921e-02 -3.077233626196191896e-01 2.465829209734692051e-02 9.511562966878347458e-01 3.366840400000000066e+00
9.501579765051814119e-01 -1.081919986837020717e-02 3.115810722713870384e-01 6.545533000000000046e-01 1.848839262409416109e-02 9.995942043709443725e-01 -2.167039284821454734e-02 -6.150459999999999955e-02 -3.112201777227118771e-01 2.635092981712154961e-02 9.499724361664483308e-01 3.419008700000000012e+00
9.489050060417368870e-01 -1.131525082129571785e-02 3.153589298050434309e-01 6.715581999999999940e-01 1.936030535134345559e-02 9.995618435483972775e-01 -2.238971859653569527e-02 -6.314430000000000043e-02 -3.149674079736407561e-01 2.735116123641702021e-02 9.487083039024090114e-01 3.471464399999999895e+00
9.479618619051476403e-01 -1.092237999560407430e-02 3.181964958772447449e-01 6.887997999999999621e-01 1.930467647094039063e-02 9.995444019713043415e-01 -2.320167998615504934e-02 -6.492680000000000673e-02 -3.177981086156400625e-01 2.813698816610006592e-02 9.477408253616927958e-01 3.523238699999999834e+00
9.454558392539561540e-01 -1.098303948395472698e-02 3.255650915935112133e-01 7.238261000000000278e-01 1.962688793071344293e-02 9.995363593544369651e-01 -2.327770604318966582e-02 -6.819350000000000411e-02 -3.251584864197037961e-01 2.839787266982907524e-02 9.452330503833832331e-01 3.627531799999999862e+00
9.439966124333352138e-01 -1.300974911207029676e-02 3.296985625422535482e-01 7.420563999999999494e-01 2.191591133409538650e-02 9.994880242874237819e-01 -2.331055847503800404e-02 -6.997689999999999466e-02 -3.292265003683381708e-01 2.923073269801978319e-02 9.437984296030341724e-01 3.680867000000000111e+00
9.428802214909522972e-01 -1.488119233198680925e-02 3.327993960871191148e-01 7.600152999999999492e-01 2.379369209703589144e-02 9.994586664489580885e-01 -2.272078952109429090e-02 -7.172130000000000172e-02 -3.322811281694527108e-01 2.934150941667509199e-02 9.427238873008294551e-01 3.732681499999999986e+00
9.419900594210813827e-01 -1.590269616449194179e-02 3.352638247806754568e-01 7.789504999999999901e-01 2.469899999065720136e-02 9.994530656567058857e-01 -2.198929168649390448e-02 -7.336950000000000416e-02 -3.347307684562760843e-01 2.899437538751348242e-02 9.418676333989606242e-01 3.785454300000000050e+00
9.399067002929341053e-01 -1.454015389218949253e-02 3.411216479047319283e-01 8.162304999999999700e-01 2.357617646995487440e-02 9.994719938339621246e-01 -2.235838644942864453e-02 -7.654179999999999318e-02 -3.406164391915134648e-01 2.905714140028050133e-02 9.397532249937416982e-01 3.891087300000000138e+00
9.378198247746932781e-01 -1.213972107940845986e-02 3.469100797493172017e-01 8.546962999999999644e-01 2.276965311868018454e-02 9.993872834877852718e-01 -2.658195816263226458e-02 -8.043240000000000112e-02 -3.463748246573622458e-01 3.282810952551365458e-02 9.375216243205072297e-01 3.996439200000000191e+00
9.354842320702251302e-01 -8.802266300972493018e-03 3.532587885048976140e-01 8.941206999999999905e-01 2.034949372340529375e-02 9.993726313081308099e-01 -2.898692631970551520e-02 -8.443680000000000629e-02 -3.527820143561492539e-01 3.430545000768408376e-02 9.350764602141302673e-01 4.102714100000000030e+00
9.340838379226613641e-01 -8.913853368989612530e-03 3.569424700841685727e-01 9.141550000000000509e-01 2.065168238998699168e-02 9.993635379569507649e-01 -2.908654356621606998e-02 -8.629689999999999583e-02 -3.564560165660477509e-01 3.454073276991147939e-02 9.336734150834450352e-01 4.155670599999999659e+00
9.311493864088336014e-01 -9.059294723462084364e-03 3.645253754810027780e-01 9.547799000000000147e-01 2.043978682787969334e-02 9.994162714439526196e-01 -2.737391984167427197e-02 -9.063569999999999960e-02 -3.640646032023485135e-01 3.294002963236409426e-02 9.307910179749993018e-01 4.262296199999999757e+00
9.281529262187757645e-01 -7.449904150666530715e-03 3.721245013159840132e-01 9.962358000000000047e-01 1.897190314666674302e-02 9.994469387230772162e-01 -2.731086904628223996e-02 -9.480389999999999651e-02 -3.717152303074457431e-01 3.240857302035315274e-02 9.277809396362198813e-01 4.368689999999999962e+00
9.255095631696640401e-01 -6.628760966031142267e-03 3.786662224301936552e-01 1.038899100000000075e+00 1.886774311496963036e-02 9.994122804151724937e-01 -2.861995850961480958e-02 -9.903330000000000466e-02 -3.782539580113408739e-01 3.363262230929635332e-02 9.250906928325217660e-01 4.473771600000000070e+00
9.233528724200205096e-01 -8.764247417034949292e-03 3.838523947572951567e-01 1.082733299999999899e+00 2.129144692861354576e-02 9.993699040919905574e-01 -2.839839930087053807e-02 -1.035671999999999982e-01 -3.833616403363583336e-01 3.439451645798567714e-02 9.229576750622089376e-01 4.579664700000000366e+00
9.212160656110731649e-01 -1.140024197844189020e-02 3.888842950581675728e-01 1.126722100000000060e+00 2.393347936369611545e-02 9.993380106069491564e-01 -2.739943652144717634e-02 -1.078048000000000062e-01 -3.883144975732975013e-01 3.454815536288807776e-02 9.208790778030627733e-01 4.684852099999999631e+00
9.190032539005328349e-01 -9.758904054085675711e-03 3.941291452200609835e-01 1.171486500000000097e+00 2.295006340506870399e-02 9.993225764089838092e-01 -2.876947808032228118e-02 -1.116059999999999969e-01 -3.935813942629098894e-01 3.548453284142216030e-02 9.186046668829251916e-01 4.790398599999999618e+00
9.165093967322703872e-01 -8.046726347399958332e-03 3.999322141270190145e-01 1.215805599999999931e+00 2.256406260177178796e-02 9.992457358761683839e-01 -3.160415181899523668e-02 -1.155488999999999961e-01 -3.993762496448092780e-01 3.798959763388966987e-02 9.159996734122026751e-01 4.895964099999999597e+00
9.141019974655487657e-01 -6.434028891467603352e-03 4.054332762634532128e-01 1.260982199999999942e+00 2.163560103243277605e-02 9.992236844627894188e-01 -3.292307969454510985e-02 -1.208755999999999997e-01 -4.049067040658368977e-01 3.886684552200930787e-02 9.135315699644479537e-01 5.001021899999999576e+00
9.116499068157953856e-01 -9.177754421179093111e-03 4.108652044485344157e-01 1.307422000000000084e+00 2.367520534481498684e-02 9.992631289837731190e-01 -3.021065549503872821e-02 -1.259831999999999896e-01 -4.102851838107638982e-01 3.726885935125460320e-02 9.111954236430426235e-01 5.106617899999999821e+00
9.090486273508873172e-01 -6.899008691357594314e-03 4.166329281160386366e-01 1.354991400000000068e+00 2.179551055922757802e-02 9.992814587527776293e-01 -3.100841679904742243e-02 -1.305142999999999998e-01 -4.161196328352343987e-01 3.726888611157327946e-02 9.085458058331854492e-01 5.212121500000000296e+00
9.059017042171538803e-01 -5.234292388138303380e-03 4.234556700289319187e-01 1.403474200000000005e+00 2.003038371146401500e-02 9.993340916769355431e-01 -3.049847439800416546e-02 -1.353353999999999946e-01 -4.230140494414195151e-01 3.611059948864980829e-02 9.054033016174297677e-01 5.317800499999999708e+00
9.023983892233038429e-01 -3.337253471063303042e-03 4.308897885381556270e-01 1.451551700000000000e+00 1.840419634914525204e-02 9.993560148190565595e-01 -3.080326608844636410e-02 -1.398347000000000062e-01 -4.305095035930435188e-01 3.572699797412871164e-02 9.018786775014850932e-01 5.422664600000000057e+00
8.989128765749891947e-01 -2.085802184491234237e-03 4.381224597722940262e-01 1.501606500000000066e+00 1.728470323193376929e-02 9.993790011833770803e-01 -3.070587937023716574e-02 -1.448378999999999917e-01 -4.377863398529723282e-01 3.517472704887344981e-02 8.983907052141485439e-01 5.525756399999999680e+00
8.952966756780323943e-01 -2.029745603836206197e-03 4.454657592370573349e-01 1.551677600000000101e+00 1.786138182567503438e-02 9.993490411414269747e-01 -3.134429787039534621e-02 -1.498960000000000015e-01 -4.451121584040832468e-01 3.601907970082428301e-02 8.947501284371877084e-01 5.629280099999999898e+00
8.916149723039468178e-01 -1.008736121819651249e-03 4.527932459907819118e-01 1.602767300000000006e+00 1.767110956008520473e-02 9.993132056021848397e-01 -3.257067693494992977e-02 -1.542684000000000000e-01 -4.524494149077305516e-01 3.704186227124589559e-02 8.910204416224861701e-01 5.733027899999999732e+00
8.877596908524771901e-01 -1.955617893801884707e-03 4.603030597944873792e-01 1.654341199999999956e+00 1.905777005577664884e-02 9.992896956459395019e-01 -3.251008422546239340e-02 -1.594754999999999923e-01 -4.599125272244877216e-01 3.763349219111823685e-02 8.871663809948423518e-01 5.836662300000000414e+00
8.856171127724787873e-01 -2.721781014743481983e-03 4.644081410490628614e-01 1.678939500000000029e+00 2.072383451022680179e-02 9.992183311219450248e-01 -3.366377033351510700e-02 -1.611765000000000003e-01 -4.639535022475110293e-01 3.943752854810631675e-02 8.849812591768743131e-01 5.887975199999999631e+00
8.825467126023379683e-01 -5.239234800727108482e-03 4.701955449528517073e-01 1.734110800000000063e+00 2.433543963433820040e-02 9.991068377127907407e-01 -3.454436586985796392e-02 -1.666402999999999912e-01 -4.695945979806516735e-01 4.192943183791041778e-02 8.818859542441642718e-01 5.991692999999999714e+00
8.795011986135388149e-01 -6.661142433338021820e-03 4.758500507710715088e-01 1.789295899999999939e+00 2.808755808595711501e-02 9.988855548219757186e-01 -3.793069270079164890e-02 -1.713466999999999907e-01 -4.750670802298519457e-01 4.672555563582617144e-02 8.787081379686925153e-01 6.095642599999999689e+00
8.776339509772453917e-01 -7.689791731708315106e-03 4.792697728786918243e-01 1.815937499999999982e+00 2.945465233468959332e-02 9.988469343491389596e-01 -3.791075305463390693e-02 -1.740833999999999993e-01 -4.784256175707070624e-01 4.738848852252854765e-02 8.768484815563277746e-01 6.146763299999999930e+00
8.739975111648466966e-01 -6.424359512401313366e-03 4.858879274920389069e-01 1.871833400000000092e+00 2.913672419904717731e-02 9.988063377901538198e-01 -3.920396527354963467e-02 -1.791774999999999896e-01 -4.850560810675422774e-01 4.842135061185763589e-02 8.731414381555380189e-01 6.249822599999999895e+00
8.704873994795838676e-01 -5.446449937524499782e-03 4.921605668177301274e-01 1.929858800000000096e+00 2.933341735962086833e-02 9.987354402940198383e-01 -4.082977990041779248e-02 -1.843799000000000132e-01 -4.913158230438723351e-01 4.997856024125052476e-02 8.695463791787843011e-01 6.353248100000000065e+00
8.688919864418985783e-01 -3.648503548109457983e-03 4.949882870522401279e-01 1.959472199999999997e+00 2.784692585771295081e-02 9.987495276018066859e-01 -4.152023404851115651e-02 -1.871221999999999885e-01 -4.942178311406079660e-01 4.986050076992347424e-02 8.679070606036374258e-01 6.405513299999999965e+00
8.674520351926828798e-01 -5.264108624172753395e-03 4.974929706040734922e-01 1.988559799999999989e+00 2.987005401192566884e-02 9.986912693176954736e-01 -4.151540029838134138e-02 -1.897095000000000031e-01 -4.966233447124663858e-01 5.087276038316683457e-02 8.664740133077273310e-01 6.456724600000000258e+00
8.650286531960920122e-01 -9.056031180367610581e-03 5.016407254689512207e-01 2.047422200000000192e+00 3.342697285500518395e-02 9.986558254339967799e-01 -3.961287432758760219e-02 -1.958695000000000019e-01 -5.006076973394497642e-01 5.103460224203487661e-02 8.641686193900419699e-01 6.560122500000000301e+00
8.639399009642769744e-01 -9.207139743827306641e-03 5.035107507288925088e-01 2.077383300000000155e+00 3.357200985438817120e-02 9.986616475637238866e-01 -3.934251948776737451e-02 -1.985441000000000011e-01 -5.024746438141651783e-01 5.089344027520764646e-02 8.630927470792358891e-01 6.611659000000000397e+00
8.625578546068122243e-01 -8.871562936976364055e-03 5.058806606573812426e-01 2.108052499999999885e+00 3.300990163163175506e-02 9.987027828619717829e-01 -3.876980652548018408e-02 -2.011753000000000013e-01 -5.048804748159342326e-01 5.014027198578441952e-02 8.617317791951438766e-01 6.664081600000000272e+00
8.610614737253439177e-01 -1.019294815083052023e-02 5.083987040443093131e-01 2.138398599999999927e+00 3.430263207981617407e-02 9.986859605320035360e-01 -3.807468540469101381e-02 -2.037053000000000058e-01 -5.073425547875275443e-01 5.022405842087938888e-02 8.602796499147242759e-01 6.716058699999999604e+00
8.598826996128403621e-01 -1.028237708736854002e-02 5.103881029451673434e-01 2.168421700000000119e+00 3.436351759502950798e-02 9.986952684042958994e-01 -3.777445599035618440e-02 -2.061338000000000059e-01 -5.093337722604203144e-01 5.002033174924390424e-02 8.591141221320167665e-01 6.767446999999999768e+00
8.581804367870066175e-01 -8.652307249438655201e-03 5.132752434077878512e-01 2.197656600000000182e+00 3.339128253877074459e-02 9.986813610698876964e-01 -3.899437526121817682e-02 -2.084089000000000080e-01 -5.122610273742074227e-01 5.060312866669442605e-02 8.573377182899767357e-01 6.819260100000000158e+00
8.560585059075908054e-01 -6.547802023261094576e-03 5.168374606701099383e-01 2.225729499999999916e+00 3.295290827786413745e-02 9.985769667266625182e-01 -4.193026781465414299e-02 -2.107513000000000025e-01 -5.158274326742363636e-01 5.292605985374430888e-02 8.550560752892548688e-01 6.870587300000000397e+00
8.545104541359644923e-01 -5.168699494171676359e-03 5.194084792510482718e-01 2.258580900000000113e+00 3.166603838750214894e-02 9.986089965441161675e-01 -4.215843965322459835e-02 -2.138577000000000117e-01 -5.184680759556841156e-01 5.247243625649841009e-02 8.534854993777682974e-01 6.923520599999999803e+00
8.519743325943363033e-01 -3.803076044099837349e-03 5.235697405437389484e-01 2.290800599999999854e+00 2.977446882873527323e-02 9.987073542218135591e-01 -4.119589335396938584e-02 -2.166642000000000012e-01 -5.227362792139091940e-01 5.068685466536409362e-02 8.509862661393132743e-01 6.976363700000000279e+00
8.492466817753886454e-01 -2.511557362046838021e-03 5.279903082189187913e-01 2.323369000000000018e+00 2.753262745701947831e-02 9.988388507793786175e-01 -3.953358823890333607e-02 -2.194752000000000092e-01 -5.272779418094453163e-01 4.811072908767156930e-02 8.483297294259160015e-01 7.028888199999999919e+00
8.458729799512478831e-01 -1.708129498312749642e-03 5.333816495549998926e-01 2.355284199999999828e+00 2.606487356232436992e-02 9.989325482261255384e-01 -3.813641908516492846e-02 -2.223663999999999918e-01 -5.327471484246308897e-01 4.616109171235318470e-02 8.450145735177281292e-01 7.081516699999999886e+00
8.432611559914300337e-01 -1.217231177068815381e-03 5.375026894297912916e-01 2.388356899999999783e+00 2.599889453272144491e-02 9.989193103219695669e-01 -3.852621119390110815e-02 -2.248583000000000109e-01 -5.368749205160113780e-01 4.646213312087829617e-02 8.423814990292606275e-01 7.133931200000000139e+00
8.404490131592429192e-01 -3.272515333056074185e-03 5.418807497254810590e-01 2.421539800000000131e+00 2.875829736332328329e-02 9.988419290274976881e-01 -3.857150696291005570e-02 -2.275751000000000024e-01 -5.411269875107110883e-01 4.800095269910856915e-02 8.395698255223090767e-01 7.186306000000000083e+00
8.352456226836818542e-01 -3.562500079793444116e-03 5.498654911711862159e-01 2.488449600000000039e+00 2.935580892857828084e-02 9.988418759701332972e-01 -3.812011661332514317e-02 -2.331338000000000021e-01 -5.490928758141897514e-01 4.798140683271152201e-02 8.343828847288614625e-01 7.291267399999999732e+00
8.323851759173893639e-01 -5.251890465670252736e-03 5.541726595200393568e-01 2.522651199999999871e+00 3.010431225027876412e-02 9.989072007448253077e-01 -3.575100955322890739e-02 -2.365123000000000086e-01 -5.533792996642670214e-01 4.644159715894739804e-02 8.316336505676111823e-01 7.343515400000000248e+00
8.303016061009367288e-01 -4.080010696085096047e-03 5.572993777306098906e-01 2.558458100000000179e+00 2.832234886353835607e-02 9.989900049164046614e-01 -3.488287017970258946e-02 -2.389910000000000090e-01 -5.565941856155678380e-01 4.474733053313669634e-02 8.295785610471748672e-01 7.396029900000000268e+00
8.279636514008251735e-01 -3.492268797175670722e-03 5.607708944102406390e-01 2.593370399999999965e+00 2.769246698580371535e-02 9.990152226972353056e-01 -3.466571925452412162e-02 -2.419289000000000023e-01 -5.600975979516901182e-01 4.423108497246688864e-02 8.272450011277827642e-01 7.447707699999999598e+00
8.221653455168520530e-01 -5.759463165840228091e-03 5.692196177357177200e-01 2.663848900000000075e+00 3.009734101644432475e-02 9.989899925064702479e-01 -3.336382675387151303e-02 -2.477923999999999960e-01 -5.684525439250801560e-01 4.456257909910314036e-02 8.215082968839335642e-01 7.552500199999999886e+00
8.174170217372773717e-01 -5.948802964140850053e-03 5.760156458964055259e-01 2.739028699999999983e+00 2.944988163688606539e-02 9.990706116185739116e-01 -3.147407618441095539e-02 -2.538857999999999948e-01 -5.752930705698903191e-01 4.269103820923699638e-02 8.168325153976698783e-01 7.659753799999999835e+00
8.149622113776175958e-01 -6.952249711186875639e-03 5.794723981782538003e-01 2.776478099999999838e+00 3.005950234903789764e-02 9.990890968678656225e-01 -3.028865857513020690e-02 -2.565562000000000120e-01 -5.787339806379366847e-01 4.210276408629159278e-02 8.144288409132269813e-01 7.713279199999999669e+00
8.132202576542229000e-01 -7.794039826412496597e-03 5.819038283805867406e-01 2.815370099999999987e+00 3.060949940072259234e-02 9.990990811422565399e-01 -2.939531607477251229e-02 -2.591566000000000147e-01 -5.811504719840087096e-01 4.171665139824758117e-02 8.127261838459991505e-01 7.767488000000000170e+00
8.114134455221917452e-01 -5.645826625262589590e-03 5.844453311196203815e-01 2.854564900000000183e+00 2.822787619074493964e-02 9.991649971680953701e-01 -2.953803378425962078e-02 -2.621202000000000254e-01 -5.837905509954449679e-01 4.046520821394057610e-02 8.108952826923074841e-01 7.821954700000000038e+00
8.097727462556695288e-01 -2.130648977280364884e-03 5.867397717527649270e-01 2.893606899999999982e+00 2.504799343711254511e-02 9.992073169972532920e-01 -3.094084168094032514e-02 -2.648232999999999837e-01 -5.862087490359773057e-01 3.975170429159310265e-02 8.091842216452248548e-01 7.876306500000000099e+00
8.074417746537124740e-01 1.994497385805205081e-03 5.899438977769339010e-01 2.932706800000000058e+00 2.130246014157596499e-02 9.992435721314998354e-01 -3.253442401206144835e-02 -2.674180999999999919e-01 -5.895625375954446357e-01 3.883690942979434874e-02 8.067885154921095037e-01 7.930889600000000428e+00
8.055300234411045812e-01 2.649688318623137293e-03 5.925490363563066243e-01 2.971321800000000124e+00 1.952918979151464091e-02 9.993280439288453332e-01 -3.101727524194922148e-02 -2.699558000000000235e-01 -5.922330555457542278e-01 3.655734904450796963e-02 8.049369963852932575e-01 7.984268199999999815e+00
8.033710716104004446e-01 5.635057358122086413e-04 5.954784662444498888e-01 3.010514500000000204e+00 2.117564100428026216e-02 9.993400362850286545e-01 -2.951413400212601207e-02 -2.725480000000000125e-01 -5.951021034474794913e-01 3.632043968791282690e-02 8.028289432583145535e-01 8.037318199999999635e+00
8.008747768672078715e-01 1.709352478898706201e-03 5.988294163549440219e-01 3.049068699999999854e+00 2.025180511582990242e-02 9.993465947805437732e-01 -2.993739952103398327e-02 -2.751916999999999836e-01 -5.984893116568169580e-01 3.610348479903903451e-02 8.003168636345950882e-01 8.090491300000000052e+00
7.988035746714867713e-01 2.759034179504588763e-03 6.015856022399894698e-01 3.088427300000000209e+00 1.903225457426782272e-02 9.993730296251830403e-01 -2.985499863680072391e-02 -2.777357999999999771e-01 -6.012907968511365109e-01 3.529780996293448853e-02 7.982502378539864107e-01 8.143048300000000239e+00
7.966092852367667732e-01 2.556065826526700106e-03 6.044891340645072164e-01 3.127697899999999809e+00 1.704206968778742073e-02 9.994986196888783203e-01 -2.668477282615552837e-02 -2.804664000000000046e-01 -6.042542631503099448e-01 3.155908375598685811e-02 7.961663203735501737e-01 8.195435500000000317e+00
7.943237246610364011e-01 3.336569578917369938e-03 6.074855452963987545e-01 3.167116899999999902e+00 1.506328580440134679e-02 9.995692833967094737e-01 -2.518620873739855701e-02 -2.829040999999999917e-01 -6.073079267236620726e-01 2.915673152522301956e-02 7.939313365432638658e-01 8.247647300000000570e+00
7.919192950115004903e-01 3.985676041189036185e-03 6.106127615559493460e-01 3.205801199999999795e+00 1.414748919861083531e-02 9.995905097153537922e-01 -2.487290566809994760e-02 -2.852285999999999988e-01 -6.104618569066073697e-01 2.833597137021599474e-02 7.915386244452276010e-01 8.299105600000000749e+00
7.894438747889919172e-01 4.144564383376842312e-03 6.138087577936751638e-01 3.244537400000000016e+00 1.438633188403045694e-02 9.995775909672696136e-01 -2.525218982568533041e-02 -2.874796000000000018e-01 -6.136541387565678241e-01 2.876564308584046367e-02 7.890507814867133707e-01 8.350175899999999984e+00
7.874219919880156571e-01 3.526097776364601685e-03 6.164042287071828108e-01 3.284092199999999906e+00 1.455880746595763532e-02 9.995983011686259134e-01 -2.431619678252252073e-02 -2.899160000000000070e-01 -6.162423611362616294e-01 2.812121859501645268e-02 7.870543497154034451e-01 8.401225999999999416e+00
7.851631392547946398e-01 3.188341319989805404e-03 6.192807757674892999e-01 3.323405000000000165e+00 1.452134308405620203e-02 9.996170126597117012e-01 -2.355755921798319621e-02 -2.921987999999999808e-01 -6.191187086097392767e-01 2.748931575905260230e-02 7.848161327142224586e-01 8.451999700000000004e+00
7.827696534058473654e-01 6.708322726580673301e-03 6.222753957156635929e-01 3.363129900000000116e+00 1.065403202190329940e-02 9.996508869478211157e-01 -2.417841653439475880e-02 -2.944094999999999906e-01 -6.222203478740998550e-01 2.555587272292762085e-02 7.824249076178516615e-01 8.503093700000000865e+00
7.802205129527615135e-01 1.634836376388722895e-02 6.252908780479475848e-01 3.402832000000000079e+00 1.193791166085015135e-03 9.996176496420440261e-01 -2.762479659232593837e-02 -2.966357000000000022e-01 -6.255034180804941446e-01 2.229989969392742744e-02 7.799026788281081535e-01 8.554075199999999768e+00
7.773505700886079728e-01 2.820138786704600581e-02 6.284351779661038195e-01 3.441877799999999876e+00 -6.486530517326838385e-03 9.993008396351424905e-01 -3.682060328602785454e-02 -2.994204999999999783e-01 -6.290341931125557062e-01 2.454615299536137135e-02 7.769900065434331982e-01 8.603936199999999701e+00
7.742772650308387128e-01 1.494994717620226274e-02 6.326699107242205189e-01 3.521918299999999835e+00 1.163262283878774977e-02 9.992158094883961672e-01 -3.784769681684321124e-02 -3.057199999999999918e-01 -6.327395980514060048e-01 3.666422163196612211e-02 7.734961770492904121e-01 8.703292799999999829e+00
7.722028142251565752e-01 8.645089816291222015e-03 6.353173034986663303e-01 3.562098499999999834e+00 1.073685734920958902e-02 9.995871070081991938e-01 -2.665211806295754091e-02 -3.085411000000000126e-01 -6.352853953909305407e-01 2.740215183242661681e-02 7.717911559987855608e-01 8.753038399999999442e+00
7.697045998408255096e-01 8.248194304501037591e-03 6.383469247005030267e-01 3.602459699999999820e+00 4.445834525223553088e-03 9.998230300894761502e-01 -1.827958035822509208e-02 -3.103887000000000174e-01 -6.383847300329549279e-01 1.690786188178963756e-02 7.695317151796523536e-01 8.802838299999999450e+00
7.669811934896639816e-01 1.028189101124997971e-02 6.415871971528135376e-01 3.642967899999999926e+00 -1.229102065544178737e-03 9.998933196173876992e-01 -1.455467940674489737e-02 -3.122642999999999947e-01 -6.416684020125058563e-01 1.037458923299741133e-02 7.669120091359656888e-01 8.852107999999999421e+00
7.622915387412191324e-01 7.925702450489027773e-03 6.471852850646485633e-01 3.721944099999999978e+00 3.847810336117019753e-03 9.998518561236887647e-01 -1.677677447042686537e-02 -3.157924999999999760e-01 -6.472223762503591660e-01 1.527903945543069263e-02 7.621481133179808243e-01 8.947056800000000365e+00
7.581153252533162634e-01 8.674123683918649741e-03 6.520628138411012076e-01 3.801671699999999987e+00 9.183744834447043343e-03 9.996703602081926654e-01 -2.397560743835538966e-02 -3.199536000000000047e-01 -6.520558353752187175e-01 2.416465392962283826e-02 7.577857593367580691e-01 9.042103799999999580e+00
