7.200764e-03 -1.011089e-02 9.999230e-01 2.602348e+01 8.125250e-02 9.966483e-01 9.492647e-03 -9.509506e-01 -9.966675e-01 8.117787e-02 7.998165e-03 2.124027e+01
-3.162964e-02 -1.065186e-02 9.994429e-01 2.824249e+01 9.165357e-02 9.956992e-01 1.351254e-02 -9.456288e-01 -9.952885e-01 9.202989e-02 -3.051732e-02 2.116969e+01
-4.749041e-02 -1.030237e-02 9.988186e-01 2.937022e+01 9.488928e-02 9.953781e-01 1.477854e-02 -9.414386e-01 -9.943544e-01 9.547900e-02 -4.629333e-02 2.110741e+01
-7.560868e-02 -1.193509e-02 9.970662e-01 3.164196e+01 9.751631e-02 9.950466e-01 1.930569e-02 -9.296868e-01 -9.923577e-01 9.868987e-02 -7.407029e-02 2.093984e+01
-8.805539e-02 -1.198809e-02 9.960435e-01 3.278682e+01 9.729037e-02 9.950433e-01 2.057702e-02 -9.216773e-01 -9.913530e-01 9.871733e-02 -8.645259e-02 2.083696e+01
-9.947788e-02 -9.193596e-03 9.949973e-01 3.394232e+01 9.735338e-02 9.950699e-01 1.892746e-02 -9.117462e-01 -9.902658e-01 9.874920e-02 -9.809240e-02 2.071859e+01
-1.097967e-01 -5.360682e-03 9.939396e-01 3.511473e+01 9.798071e-02 9.950566e-01 1.619026e-02 -9.007201e-01 -9.891129e-01 9.916453e-02 -1.087287e-01 2.058533e+01
-1.194554e-01 -2.512059e-03 9.928364e-01 3.630912e+01 9.905114e-02 9.949776e-01 1.443504e-02 -8.891584e-01 -9.878862e-01 1.000659e-01 -1.186066e-01 2.043698e+01
-1.270885e-01 -1.278670e-03 9.918906e-01 3.752680e+01 9.888957e-02 9.950006e-01 1.395315e-02 -8.781568e-01 -9.869495e-01 9.986090e-02 -1.263266e-01 2.027890e+01
-1.329871e-01 -7.149781e-04 9.911175e-01 3.876733e+01 9.839198e-02 9.950504e-01 1.391994e-02 -8.670199e-01 -9.862218e-01 9.936917e-02 -1.322585e-01 2.011085e+01
-1.381591e-01 8.940047e-04 9.904097e-01 4.002403e+01 9.941083e-02 9.949619e-01 1.296938e-02 -8.564479e-01 -9.854083e-01 1.002493e-01 -1.375519e-01 1.993253e+01
-1.426852e-01 2.815813e-03 9.897642e-01 4.130550e+01 9.869170e-02 9.950528e-01 1.139661e-02 -8.460362e-01 -9.848354e-01 9.930761e-02 -1.422571e-01 1.974648e+01
-1.468253e-01 3.917606e-03 9.891547e-01 4.260679e+01 9.897322e-02 9.950320e-01 1.075021e-02 -8.375480e-01 -9.841984e-01 9.947820e-02 -1.464836e-01 1.955065e+01
-1.499193e-01 3.009372e-03 9.886937e-01 4.393278e+01 9.873932e-02 9.950416e-01 1.194351e-02 -8.295496e-01 -9.837554e-01 9.941348e-02 -1.494731e-01 1.934786e+01
-1.522300e-01 5.817954e-04 9.883450e-01 4.528137e+01 9.933371e-02 9.949454e-01 1.471420e-02 -8.187903e-01 -9.833406e-01 1.004159e-01 -1.515183e-01 1.913753e+01
-1.545076e-01 -3.897853e-04 9.879916e-01 4.664850e+01 9.937378e-02 9.949226e-01 1.593314e-02 -8.059921e-01 -9.829813e-01 1.006422e-01 -1.536843e-01 1.892231e+01
-1.565155e-01 3.425744e-04 9.876755e-01 4.803559e+01 1.016061e-01 9.946999e-01 1.575634e-02 -7.907530e-01 -9.824353e-01 1.028199e-01 -1.557207e-01 1.869944e+01
-1.575241e-01 8.739825e-04 9.875148e-01 4.944201e+01 1.013351e-01 9.947349e-01 1.528416e-02 -7.765930e-01 -9.823020e-01 1.024775e-01 -1.567833e-01 1.847318e+01
-1.580662e-01 1.736308e-03 9.874270e-01 5.087125e+01 1.033930e-01 9.945304e-01 1.480223e-02 -7.612088e-01 -9.820004e-01 1.044328e-01 -1.573812e-01 1.823994e+01
-1.576227e-01 3.491308e-03 9.874933e-01 5.378414e+01 1.029740e-01 9.946001e-01 1.292016e-02 -7.385593e-01 -9.821158e-01 1.037226e-01 -1.571310e-01 1.776822e+01
-1.564353e-01 3.535458e-03 9.876819e-01 5.527561e+01 1.033158e-01 9.945662e-01 1.280369e-02 -7.282464e-01 -9.822697e-01 1.040460e-01 -1.559505e-01 1.752865e+01
-1.538084e-01 3.054216e-03 9.880960e-01 5.831970e+01 1.033843e-01 9.945563e-01 1.301875e-02 -7.090229e-01 -9.826773e-01 1.041560e-01 -1.532869e-01 1.704698e+01
-1.516316e-01 4.600354e-03 9.884264e-01 6.144932e+01 1.043179e-01 9.944789e-01 1.137458e-02 -6.898538e-01 -9.829169e-01 1.048353e-01 -1.512744e-01 1.656009e+01
-1.496365e-01 2.801779e-03 9.887371e-01 6.466146e+01 1.056381e-01 9.943174e-01 1.316978e-02 -6.742945e-01 -9.830816e-01 1.064190e-01 -1.490821e-01 1.606555e+01
-1.481741e-01 1.587223e-03 9.889600e-01 6.793358e+01 1.084503e-01 9.939938e-01 1.465361e-02 -6.566595e-01 -9.829969e-01 1.094243e-01 -1.474563e-01 1.556429e+01
-1.464650e-01 3.603548e-03 9.892093e-01 7.126348e+01 1.101154e-01 9.938379e-01 1.268356e-02 -6.455501e-01 -9.830679e-01 1.107848e-01 -1.459592e-01 1.506048e+01
-1.460361e-01 1.690015e-03 9.892778e-01 7.465679e+01 1.098325e-01 9.938441e-01 1.451553e-02 -6.351425e-01 -9.831634e-01 1.107746e-01 -1.453227e-01 1.455382e+01
-1.456204e-01 2.152571e-03 9.893382e-01 7.811207e+01 1.123679e-01 9.935626e-01 1.437762e-02 -6.192733e-01 -9.829385e-01 1.132635e-01 -1.449248e-01 1.403765e+01
-1.459369e-01 3.866772e-03 9.892864e-01 8.162656e+01 1.123299e-01 9.935899e-01 1.268701e-02 -6.069533e-01 -9.828959e-01 1.129779e-01 -1.454358e-01 1.351471e+01
-1.482341e-01 4.952492e-03 9.889399e-01 8.519377e+01 1.106078e-01 9.937964e-01 1.160240e-02 -6.018080e-01 -9.827474e-01 1.111043e-01 -1.478623e-01 1.298000e+01
-1.502286e-01 3.835819e-03 9.886439e-01 8.882747e+01 1.096199e-01 9.938911e-01 1.280101e-02 -5.948763e-01 -9.825552e-01 1.102981e-01 -1.497313e-01 1.242843e+01
-1.520677e-01 3.896026e-03 9.883624e-01 9.251613e+01 1.068060e-01 9.942011e-01 1.251394e-02 -5.822604e-01 -9.825822e-01 1.074660e-01 -1.516020e-01 1.186127e+01
-1.584947e-01 5.190445e-03 9.873462e-01 9.626377e+01 1.064537e-01 9.942469e-01 1.186186e-02 -5.690865e-01 -9.816043e-01 1.069867e-01 -1.581354e-01 1.126751e+01
-1.680724e-01 3.613141e-03 9.857681e-01 1.000527e+02 1.019229e-01 9.946975e-01 1.373188e-02 -5.652429e-01 -9.804914e-01 1.027803e-01 -1.675495e-01 1.063988e+01
-1.774521e-01 6.239531e-03 9.841097e-01 1.038698e+02 1.014658e-01 9.947668e-01 1.198894e-02 -5.624452e-01 -9.788848e-01 1.019809e-01 -1.771565e-01 9.966128e+00
-1.868758e-01 8.786952e-03 9.823443e-01 1.077248e+02 1.001207e-01 9.949235e-01 1.014694e-02 -5.687973e-01 -9.772682e-01 1.002492e-01 -1.868069e-01 9.246382e+00
-1.918873e-01 7.633132e-03 9.813873e-01 1.096683e+02 9.794174e-02 9.951267e-01 1.141021e-02 -5.717942e-01 -9.765176e-01 9.830823e-02 -1.916997e-01 8.871585e+00
-2.028929e-01 6.576712e-03 9.791789e-01 1.135815e+02 9.508165e-02 9.953844e-01 1.301604e-02 -5.728043e-01 -9.745737e-01 9.574279e-02 -2.025817e-01 8.086921e+00
-2.084031e-01 6.469213e-03 9.780216e-01 1.155478e+02 9.502287e-02 9.953813e-01 1.366404e-02 -5.705380e-01 -9.734160e-01 9.578203e-02 -2.080553e-01 7.674193e+00
-2.195383e-01 8.856306e-03 9.755637e-01 1.194963e+02 9.521901e-02 9.953792e-01 1.239164e-02 -5.658779e-01 -9.709460e-01 9.561263e-02 -2.193671e-01 6.808278e+00
-2.310452e-01 9.190854e-03 9.728996e-01 1.234817e+02 9.472620e-02 9.954172e-01 1.309209e-02 -5.636678e-01 -9.683207e-01 9.518392e-02 -2.308570e-01 5.883248e+00
-2.458159e-01 9.821942e-03 9.692668e-01 1.295004e+02 9.457506e-02 9.954207e-01 1.389822e-02 -5.556139e-01 -9.646917e-01 9.508485e-02 -2.456191e-01 4.402279e+00
-2.497010e-01 8.595703e-03 9.682849e-01 1.315233e+02 9.625855e-02 9.952279e-01 1.598823e-02 -5.494115e-01 -9.635267e-01 9.719796e-02 -2.493368e-01 3.880107e+00
-2.563419e-01 1.033140e-02 9.665310e-01 1.355837e+02 9.797856e-02 9.950701e-01 1.534925e-02 -5.360354e-01 -9.616075e-01 9.863395e-02 -2.560904e-01 2.806947e+00
-2.597614e-01 1.013191e-02 9.656197e-01 1.376250e+02 9.708426e-02 9.951527e-01 1.567485e-02 -5.295973e-01 -9.607802e-01 9.781817e-02 -2.594859e-01 2.257989e+00
-2.681714e-01 1.125920e-02 9.633055e-01 1.417304e+02 9.446872e-02 9.954198e-01 1.466427e-02 -5.179993e-01 -9.587282e-01 9.493475e-02 -2.680067e-01 1.132152e+00
-2.726489e-01 1.108767e-02 9.620497e-01 1.437927e+02 9.357615e-02 9.954984e-01 1.504669e-02 -5.127373e-01 -9.575521e-01 9.412736e-02 -2.724590e-01 5.515872e-01
-2.772301e-01 1.132109e-02 9.607369e-01 1.458618e+02 9.373713e-02 9.954791e-01 1.531828e-02 -5.061993e-01 -9.562200e-01 9.430339e-02 -2.770379e-01 -4.137210e-02
-2.817308e-01 1.185782e-02 9.594203e-01 1.479305e+02 9.322617e-02 9.955309e-01 1.507145e-02 -5.006247e-01 -9.549537e-01 9.368914e-02 -2.815771e-01 -6.449311e-01
-2.862852e-01 1.239653e-02 9.580643e-01 1.500068e+02 9.286516e-02 9.955677e-01 1.486782e-02 -4.959689e-01 -9.536335e-01 9.322721e-02 -2.861674e-01 -1.261108e+00
-2.904967e-01 1.139404e-02 9.568082e-01 1.520968e+02 9.253122e-02 9.955774e-01 1.623769e-02 -4.898301e-01 -9.523915e-01 9.325161e-02 -2.902662e-01 -1.892338e+00
-2.947361e-01 1.147144e-02 9.555099e-01 1.541812e+02 9.310741e-02 9.955148e-01 1.676813e-02 -4.829921e-01 -9.510318e-01 9.390720e-02 -2.944822e-01 -2.533182e+00
-2.986660e-01 1.208825e-02 9.542812e-01 1.562753e+02 9.410159e-02 9.954201e-01 1.684205e-02 -4.753909e-01 -9.497070e-01 9.482950e-02 -2.984357e-01 -3.187653e+00
-3.022573e-01 1.327702e-02 9.531339e-01 1.583734e+02 9.424427e-02 9.954202e-01 1.602063e-02 -4.676840e-01 -9.485560e-01 9.466974e-02 -3.021243e-01 -3.851462e+00
-3.058439e-01 1.542536e-02 9.519567e-01 1.604737e+02 9.475529e-02 9.953977e-01 1.431362e-02 -4.608735e-01 -9.473547e-01 9.458065e-02 -3.058979e-01 -4.525316e+00
-3.092558e-01 1.602772e-02 9.508438e-01 1.625875e+02 9.539849e-02 9.953371e-01 1.425001e-02 -4.555311e-01 -9.461818e-01 9.511594e-02 -3.093428e-01 -5.211974e+00
-3.126266e-01 1.689296e-02 9.497259e-01 1.647037e+02 9.518253e-02 9.953665e-01 1.362698e-02 -4.525483e-01 -9.450952e-01 9.465745e-02 -3.127859e-01 -5.908582e+00
-3.161339e-01 1.703662e-02 9.485616e-01 1.668257e+02 9.503047e-02 9.953788e-01 1.379400e-02 -4.495307e-01 -9.439430e-01 9.450299e-02 -3.162920e-01 -6.614701e+00
-3.201365e-01 1.695749e-02 9.472197e-01 1.689537e+02 9.501387e-02 9.953733e-01 1.429274e-02 -4.456125e-01 -9.425948e-01 9.457461e-02 -3.202665e-01 -7.331463e+00
-3.271325e-01 1.815461e-02 9.448041e-01 1.732245e+02 9.878847e-02 9.949941e-01 1.508585e-02 -4.365523e-01 -9.398006e-01 9.827080e-02 -3.272883e-01 -8.806086e+00
-3.298961e-01 1.768240e-02 9.438517e-01 1.753665e+02 9.945702e-02 9.949112e-01 1.612335e-02 -4.294089e-01 -9.387634e-01 9.919169e-02 -3.299759e-01 -9.557829e+00
-3.353595e-01 1.698544e-02 9.419371e-01 1.796714e+02 9.814417e-02 9.950270e-01 1.699965e-02 -4.118277e-01 -9.369641e-01 9.814661e-02 -3.353588e-01 -1.108560e+01
-3.416162e-01 2.028947e-02 9.396206e-01 1.839969e+02 9.708227e-02 9.951806e-01 1.380682e-02 -3.985802e-01 -9.348119e-01 9.593711e-02 -3.419395e-01 -1.264986e+01
-3.481357e-01 2.308833e-02 9.371598e-01 1.883440e+02 9.427365e-02 9.954910e-01 1.049532e-02 -4.000549e-01 -9.326918e-01 9.200325e-02 -3.487425e-01 -1.425545e+01
-3.519011e-01 2.312204e-02 9.357516e-01 1.905195e+02 9.504064e-02 9.954110e-01 1.114501e-02 -4.013833e-01 -9.311997e-01 9.285635e-02 -3.524837e-01 -1.507493e+01
-3.592385e-01 2.119195e-02 9.330052e-01 1.949010e+02 9.384472e-02 9.954950e-01 1.352206e-02 -4.035663e-01 -9.285154e-01 9.241523e-02 -3.596089e-01 -1.675316e+01
-3.666020e-01 2.143330e-02 9.301310e-01 1.992958e+02 9.312059e-02 9.955597e-01 1.376156e-02 -4.006638e-01 -9.257059e-01 9.165934e-02 -3.669700e-01 -1.847484e+01
-3.703490e-01 2.201051e-02 9.286319e-01 2.014804e+02 9.212319e-02 9.956609e-01 1.314053e-02 -4.011965e-01 -9.243132e-01 9.041510e-02 -3.707697e-01 -1.934449e+01
-3.763962e-01 2.270051e-02 9.261807e-01 2.058770e+02 9.308605e-02 9.955675e-01 1.342863e-02 -4.061955e-01 -9.217705e-01 9.126896e-02 -3.768409e-01 -2.112723e+01
-3.816064e-01 2.250176e-02 9.240510e-01 2.102746e+02 9.526666e-02 9.953372e-01 1.510471e-02 -4.072563e-01 -9.194024e-01 9.379529e-02 -3.819707e-01 -2.295396e+01
-3.866127e-01 2.432739e-02 9.219213e-01 2.146697e+02 9.675317e-02 9.952055e-01 1.431277e-02 -4.036944e-01 -9.171529e-01 9.473228e-02 -3.871128e-01 -2.480688e+01
-3.920958e-01 2.535895e-02 9.195748e-01 2.190854e+02 9.548806e-02 9.953421e-01 1.326659e-02 -4.089666e-01 -9.149551e-01 9.301017e-02 -3.926909e-01 -2.669513e+01
-3.974300e-01 2.654920e-02 9.172484e-01 2.234748e+02 9.359537e-02 9.955411e-01 1.173812e-02 -4.227878e-01 -9.128468e-01 9.051527e-02 -3.981427e-01 -2.859890e+01
-4.029066e-01 2.696929e-02 9.148437e-01 2.278686e+02 9.567667e-02 9.953302e-01 1.279497e-02 -4.418329e-01 -9.102265e-01 9.268435e-02 -4.036054e-01 -3.054211e+01
-4.086398e-01 2.546329e-02 9.123405e-01 2.322584e+02 9.487381e-02 9.953805e-01 1.471329e-02 -4.502008e-01 -9.077513e-01 9.256963e-02 -4.091678e-01 -3.251137e+01
-4.150772e-01 2.524700e-02 9.094358e-01 2.366402e+02 9.211869e-02 9.956438e-01 1.440382e-02 -4.545615e-01 -9.051105e-01 8.975472e-02 -4.155948e-01 -3.450713e+01
-4.220821e-01 2.436985e-02 9.062300e-01 2.410098e+02 9.041717e-02 9.957859e-01 1.533419e-02 -4.583595e-01 -9.020374e-01 8.841102e-02 -4.225068e-01 -3.653355e+01
-4.295873e-01 2.463815e-02 9.026892e-01 2.453571e+02 8.910321e-02 9.959061e-01 1.522154e-02 -4.618584e-01 -8.986186e-01 8.697147e-02 -4.300239e-01 -3.859114e+01
-4.375346e-01 2.399626e-02 8.988814e-01 2.496839e+02 8.785629e-02 9.960018e-01 1.617549e-02 -4.614460e-01 -8.948993e-01 8.604970e-02 -4.378935e-01 -4.068364e+01
-4.446551e-01 2.500281e-02 8.953529e-01 2.539896e+02 8.810197e-02 9.959839e-01 1.594074e-02 -4.623208e-01 -8.913584e-01 8.597047e-02 -4.450721e-01 -4.281371e+01
-4.519337e-01 2.507050e-02 8.916992e-01 2.582951e+02 8.700532e-02 9.960779e-01 1.609113e-02 -4.566041e-01 -8.877984e-01 8.485468e-02 -4.523424e-01 -4.497777e+01
-4.588898e-01 2.701655e-02 8.880824e-01 2.625925e+02 8.903314e-02 9.959048e-01 1.570853e-02 -4.468931e-01 -8.840210e-01 8.627723e-02 -4.594159e-01 -4.718398e+01
-4.649723e-01 2.982926e-02 8.848226e-01 2.668920e+02 9.212184e-02 9.956371e-01 1.484476e-02 -4.426920e-01 -8.805193e-01 8.841387e-02 -4.656915e-01 -4.943452e+01
-4.704908e-01 3.425764e-02 8.817397e-01 2.711744e+02 9.593141e-02 9.953092e-01 1.251830e-02 -4.357941e-01 -8.771747e-01 9.047625e-02 -4.715702e-01 -5.172041e+01
-4.732870e-01 3.502027e-02 8.802119e-01 2.733318e+02 9.677821e-02 9.952282e-01 1.244098e-02 -4.312748e-01 -8.755760e-01 9.107347e-02 -4.744177e-01 -5.288771e+01
-4.797661e-01 3.625912e-02 8.766469e-01 2.776580e+02 9.648349e-02 9.952665e-01 1.163754e-02 -4.182424e-01 -8.720753e-01 9.016523e-02 -4.809935e-01 -5.525311e+01
-4.830450e-01 3.738275e-02 8.747972e-01 2.798273e+02 9.727560e-02 9.951946e-01 1.118587e-02 -4.128268e-01 -8.701752e-01 9.049968e-02 -4.843602e-01 -5.645514e+01
-4.891485e-01 3.754739e-02 8.713920e-01 2.841885e+02 9.474989e-02 9.954479e-01 1.029420e-02 -4.095589e-01 -8.670387e-01 8.759967e-02 -4.904794e-01 -5.889251e+01
-4.918877e-01 3.780488e-02 8.698375e-01 2.863724e+02 9.587566e-02 9.953330e-01 1.095791e-02 -4.079618e-01 -8.653637e-01 8.878629e-02 -4.932166e-01 -6.012956e+01
-4.959533e-01 3.775471e-02 8.675281e-01 2.907704e+02 9.815965e-02 9.950882e-01 1.281034e-02 -3.986685e-01 -8.627832e-01 9.150956e-02 -4.972233e-01 -6.264929e+01
-4.981567e-01 3.777312e-02 8.662639e-01 2.929827e+02 9.815975e-02 9.950850e-01 1.305774e-02 -3.908822e-01 -8.615130e-01 9.153703e-02 -4.994160e-01 -6.392341e+01
-5.030179e-01 3.703289e-02 8.634823e-01 2.974212e+02 9.842723e-02 9.950362e-01 1.466339e-02 -3.713999e-01 -8.586531e-01 9.236610e-02 -5.041660e-01 -6.650521e+01
-5.051574e-01 3.705698e-02 8.622313e-01 2.996423e+02 9.892841e-02 9.949785e-01 1.519721e-02 -3.587114e-01 -8.573384e-01 9.297614e-02 -5.062867e-01 -6.780874e+01
-5.071269e-01 3.780852e-02 8.610417e-01 3.018763e+02 9.853901e-02 9.950298e-01 1.434445e-02 -3.470056e-01 -8.562198e-01 9.212063e-02 -5.083320e-01 -6.912560e+01
-5.093585e-01 4.004183e-02 8.596224e-01 3.041141e+02 9.794371e-02 9.951234e-01 1.168175e-02 -3.372516e-01 -8.549625e-01 9.014478e-02 -5.107963e-01 -7.045170e+01
-5.126685e-01 3.931280e-02 8.576862e-01 3.063593e+02 9.633206e-02 9.952774e-01 1.196155e-02 -3.307952e-01 -8.531654e-01 8.875497e-02 -5.140344e-01 -7.179168e+01
-5.171586e-01 3.690592e-02 8.550936e-01 3.086134e+02 9.360376e-02 9.955160e-01 1.364476e-02 -3.233356e-01 -8.507557e-01 8.709646e-02 -5.182942e-01 -7.314403e+01
-5.220571e-01 3.451451e-02 8.522120e-01 3.108714e+02 9.114758e-02 9.957166e-01 1.550971e-02 -3.126191e-01 -8.480262e-01 8.577399e-02 -5.229668e-01 -7.451245e+01
-5.268235e-01 3.309434e-02 8.493302e-01 3.131301e+02 8.979367e-02 9.958171e-01 1.689507e-02 -2.971879e-01 -8.452184e-01 8.516518e-02 -5.275914e-01 -7.590012e+01
-5.311682e-01 3.348928e-02 8.466043e-01 3.153852e+02 9.017544e-02 9.957776e-01 1.718683e-02 -2.796424e-01 -8.424540e-01 8.547199e-02 -5.319453e-01 -7.730725e+01
-5.353072e-01 3.467362e-02 8.439455e-01 3.176383e+02 9.238538e-02 9.955660e-01 1.769624e-02 -2.578412e-01 -8.395898e-01 8.744113e-02 -5.361370e-01 -7.872988e+01
-5.390292e-01 3.588530e-02 8.415223e-01 3.198954e+02 9.381170e-02 9.954336e-01 1.764160e-02 -2.381554e-01 -8.370465e-01 8.845395e-02 -5.399342e-01 -8.017271e+01
-5.466164e-01 3.426157e-02 8.366820e-01 3.244120e+02 9.455334e-02 9.952979e-01 2.101626e-02 -2.016825e-01 -8.320277e-01 9.059888e-02 -5.472856e-01 -8.310009e+01
-5.505309e-01 3.288636e-02 8.341668e-01 3.266626e+02 9.308915e-02 9.954104e-01 2.219342e-02 -1.825361e-01 -8.296084e-01 8.987002e-02 -5.510655e-01 -8.457972e+01
-5.542889e-01 3.278444e-02 8.316784e-01 3.289055e+02 9.233886e-02 9.954779e-01 2.229974e-02 -1.608324e-01 -8.271864e-01 8.915672e-02 -5.548096e-01 -8.606826e+01
-5.583189e-01 3.221365e-02 8.290008e-01 3.311477e+02 9.187847e-02 9.955000e-01 2.319514e-02 -1.383913e-01 -8.245231e-01 8.911758e-02 -5.587662e-01 -8.757051e+01
-5.624024e-01 3.172657e-02 8.262548e-01 3.333840e+02 9.317394e-02 9.953308e-01 2.520143e-02 -1.125608e-01 -8.215973e-01 9.115875e-02 -5.627325e-01 -8.908675e+01
-5.662656e-01 3.200649e-02 8.236012e-01 3.356133e+02 9.376371e-02 9.952604e-01 2.578962e-02 -8.455148e-02 -8.188722e-01 9.182766e-02 -5.665827e-01 -9.061426e+01
-5.699347e-01 3.105914e-02 8.211028e-01 3.378389e+02 9.197118e-02 9.954173e-01 2.618521e-02 -5.242768e-02 -8.165266e-01 9.044163e-02 -5.701793e-01 -9.215154e+01
-5.734629e-01 2.980165e-02 8.186893e-01 3.400560e+02 9.146806e-02 9.954189e-01 2.783523e-02 -1.599584e-02 -8.141093e-01 9.084638e-02 -5.735616e-01 -9.370014e+01
-5.764348e-01 2.883221e-02 8.166344e-01 3.422752e+02 9.162022e-02 9.953561e-01 2.952944e-02 2.333862e-02 -8.119905e-01 9.184199e-02 -5.763994e-01 -9.526502e+01
-5.792285e-01 2.833649e-02 8.146726e-01 3.444892e+02 8.960529e-02 9.955527e-01 2.908096e-02 6.337510e-02 -8.102254e-01 8.984348e-02 -5.791916e-01 -9.683616e+01
-5.821727e-01 2.738547e-02 8.126039e-01 3.467010e+02 8.552969e-02 9.959502e-01 2.771149e-02 1.024766e-01 -8.085540e-01 8.563461e-02 -5.821572e-01 -9.841195e+01
-5.852817e-01 2.656025e-02 8.103950e-01 3.489103e+02 8.243732e-02 9.962335e-01 2.688668e-02 1.402984e-01 -8.066284e-01 8.254305e-02 -5.852667e-01 -9.999813e+01
-5.884897e-01 2.360915e-02 8.081600e-01 3.511094e+02 7.975283e-02 9.963937e-01 2.896666e-02 1.754218e-01 -8.045616e-01 8.149961e-02 -5.882502e-01 -1.015909e+02
-5.915552e-01 2.271379e-02 8.059445e-01 3.533107e+02 8.013301e-02 9.963101e-01 3.073798e-02 2.141195e-01 -8.022725e-01 8.276596e-02 -5.911925e-01 -1.032033e+02
-5.945947e-01 2.268037e-02 8.037057e-01 3.554996e+02 7.939344e-02 9.963730e-01 3.061917e-02 2.539708e-01 -8.000961e-01 8.201493e-02 -5.942387e-01 -1.048170e+02
-5.974407e-01 2.308157e-02 8.015809e-01 3.576809e+02 7.813459e-02 9.965050e-01 2.954148e-02 2.903191e-01 -7.980974e-01 8.028046e-02 -5.971561e-01 -1.064411e+02
-6.007205e-01 1.876716e-02 7.992389e-01 3.598670e+02 7.511391e-02 9.966269e-01 3.305469e-02 3.297903e-01 -7.959226e-01 7.989057e-02 -6.001039e-01 -1.080781e+02
-6.038752e-01 1.623428e-02 7.969136e-01 3.620386e+02 7.242569e-02 9.967743e-01 3.457609e-02 3.801369e-01 -7.937816e-01 7.859665e-02 -6.031030e-01 -1.097167e+02
-6.068475e-01 1.634159e-02 7.946503e-01 3.642051e+02 7.194258e-02 9.968139e-01 3.444111e-02 4.335940e-01 -7.915556e-01 7.806967e-02 -6.060897e-01 -1.113631e+02
-6.095901e-01 1.605467e-02 7.925543e-01 3.663626e+02 7.126306e-02 9.968566e-01 3.461851e-02 4.855505e-01 -7.895071e-01 7.758292e-02 -6.088179e-01 -1.130176e+02
-6.122075e-01 1.580857e-02 7.905392e-01 3.685148e+02 7.108644e-02 9.968518e-01 3.511634e-02 5.357534e-01 -7.874952e-01 7.769508e-02 -6.114039e-01 -1.146817e+02
-6.150181e-01 1.428418e-02 7.883836e-01 3.706543e+02 7.043109e-02 9.968345e-01 3.688232e-02 5.857535e-01 -7.853612e-01 7.820999e-02 -6.140773e-01 -1.163494e+02
-6.177963e-01 1.359792e-02 7.862206e-01 3.727925e+02 6.786551e-02 9.970417e-01 3.608321e-02 6.347512e-01 -7.834041e-01 7.564932e-02 -6.168915e-01 -1.180262e+02
-6.206707e-01 1.085791e-02 7.839962e-01 3.749322e+02 5.885749e-02 9.977281e-01 3.277805e-02 6.806409e-01 -7.818591e-01 6.648841e-02 -6.198996e-01 -1.197055e+02
-6.239941e-01 1.192773e-02 7.813381e-01 3.770444e+02 4.951205e-02 9.984779e-01 2.429889e-02 7.141844e-01 -7.798589e-01 5.384800e-02 -6.236348e-01 -1.213733e+02
-6.266260e-01 2.205789e-02 7.790079e-01 3.791489e+02 5.900870e-02 9.980727e-01 1.920520e-02 7.322390e-01 -7.770829e-01 5.800271e-02 -6.267199e-01 -1.230734e+02
-6.293392e-01 1.350458e-02 7.770134e-01 3.833531e+02 6.579098e-02 9.971854e-01 3.595595e-02 7.912642e-01 -7.743408e-01 7.374895e-02 -6.284563e-01 -1.264979e+02
-6.322787e-01 3.794990e-03 7.747318e-01 3.854625e+02 6.029882e-02 9.971956e-01 4.432671e-02 8.581189e-01 -7.723909e-01 7.474223e-02 -6.307344e-01 -1.282062e+02
-6.382772e-01 -2.563005e-03 7.698024e-01 3.896489e+02 5.281065e-02 9.974927e-01 4.710871e-02 1.015440e+00 -7.679930e-01 7.072216e-02 -6.365415e-01 -1.316273e+02
-6.427141e-01 9.281153e-03 7.660500e-01 3.937800e+02 6.314894e-02 9.971656e-01 4.090054e-02 1.154913e+00 -7.634991e-01 7.466258e-02 -6.414785e-01 -1.350831e+02
-6.480120e-01 1.202720e-02 7.615352e-01 3.978934e+02 6.400803e-02 9.971980e-01 3.871714e-02 1.272858e+00 -7.589357e-01 7.383352e-02 -6.469661e-01 -1.385702e+02
-6.532311e-01 1.121137e-02 7.570756e-01 4.019775e+02 6.522569e-02 9.970066e-01 4.151452e-02 1.399861e+00 -7.543439e-01 7.649933e-02 -6.520070e-01 -1.420688e+02
-6.564592e-01 1.172668e-02 7.542705e-01 4.060396e+02 6.614536e-02 9.969228e-01 4.206862e-02 1.530570e+00 -7.514560e-01 7.750781e-02 -6.552147e-01 -1.456094e+02
-6.587023e-01 1.203487e-02 7.523075e-01 4.100865e+02 6.824368e-02 9.967064e-01 4.380791e-02 1.665192e+00 -7.493024e-01 8.019658e-02 -6.573540e-01 -1.491653e+02
-6.608928e-01 1.078191e-02 7.504029e-01 4.141199e+02 7.151847e-02 9.962510e-01 4.867325e-02 1.820766e+00 -7.470648e-01 8.583545e-02 -6.591862e-01 -1.527256e+02
-6.634470e-01 1.166464e-02 7.481324e-01 4.181369e+02 6.703205e-02 9.967844e-01 4.390275e-02 1.980352e+00 -7.452146e-01 7.927598e-02 -6.620955e-01 -1.562858e+02
-6.658022e-01 1.000833e-02 7.460613e-01 4.221413e+02 6.306201e-02 9.970870e-01 4.290216e-02 2.117805e+00 -7.434586e-01 7.561245e-02 -6.644938e-01 -1.598579e+02
-6.676013e-01 8.285427e-03 7.444729e-01 4.261357e+02 5.852154e-02 9.974282e-01 4.137817e-02 2.256082e+00 -7.422154e-01 7.119181e-02 -6.663692e-01 -1.634423e+02
-6.679607e-01 3.317931e-03 7.441892e-01 4.340721e+02 6.413589e-02 9.965262e-01 5.312338e-02 2.549279e+00 -7.414277e-01 8.321354e-02 -6.658531e-01 -1.706280e+02
-6.646993e-01 4.525680e-04 7.471109e-01 4.380420e+02 6.387629e-02 9.963726e-01 5.622671e-02 2.755615e+00 -7.443754e-01 8.509651e-02 -6.623170e-01 -1.742029e+02
-6.623343e-01 -1.685100e-03 7.492066e-01 4.420339e+02 5.114571e-02 9.975629e-01 4.745893e-02 2.921911e+00 -7.474606e-01 6.975236e-02 -6.606339e-01 -1.777475e+02
-6.542341e-01 -2.031108e-03 7.562894e-01 4.480532e+02 5.211326e-02 9.974985e-01 4.775987e-02 3.192574e+00 -7.544945e-01 7.065882e-02 -6.524916e-01 -1.830447e+02
-6.502861e-01 -5.694727e-03 7.596681e-01 4.520924e+02 4.340385e-02 9.980600e-01 4.463606e-02 3.358861e+00 -7.584485e-01 6.199872e-02 -6.487773e-01 -1.865327e+02
-6.487774e-01 -1.541144e-02 7.608223e-01 4.561580e+02 2.766377e-02 9.986564e-01 4.381885e-02 3.516788e+00 -7.604753e-01 4.947588e-02 -6.474793e-01 -1.899924e+02
-6.471136e-01 -1.651054e-02 7.622149e-01 4.602152e+02 2.716600e-02 9.986312e-01 4.469530e-02 3.669483e+00 -7.619095e-01 4.962925e-02 -6.457792e-01 -1.934519e+02
-6.444217e-01 -1.938661e-02 7.644245e-01 4.642791e+02 2.790781e-02 9.984163e-01 4.884760e-02 3.835891e+00 -7.641608e-01 5.281186e-02 -6.428600e-01 -1.969059e+02
-6.425776e-01 -1.892421e-02 7.659869e-01 4.683509e+02 2.470557e-02 9.986634e-01 4.539785e-02 4.004216e+00 -7.658222e-01 4.809577e-02 -6.412512e-01 -2.003376e+02
-6.403523e-01 -1.703864e-02 7.678924e-01 4.724259e+02 2.727744e-02 9.986188e-01 4.490509e-02 4.154116e+00 -7.675968e-01 4.970120e-02 -6.390030e-01 -2.037656e+02
-6.382048e-01 -1.757702e-02 7.696660e-01 4.765113e+02 2.911652e-02 9.984730e-01 4.694565e-02 4.309712e+00 -7.693159e-01 5.237092e-02 -6.367184e-01 -2.071855e+02
-6.364662e-01 -1.871761e-02 7.710775e-01 4.806060e+02 2.856500e-02 9.984476e-01 4.781518e-02 4.471449e+00 -7.707754e-01 5.245856e-02 -6.349435e-01 -2.105886e+02
-6.352032e-01 -1.912085e-02 7.721084e-01 4.847071e+02 2.761545e-02 9.984920e-01 4.744597e-02 4.640076e+00 -7.718512e-01 5.145993e-02 -6.337172e-01 -2.139826e+02
-6.342247e-01 -1.826709e-02 7.729330e-01 4.888066e+02 2.810945e-02 9.985151e-01 4.666338e-02 4.799764e+00 -7.726376e-01 5.132177e-02 -6.327694e-01 -2.173707e+02
-6.336457e-01 -2.085277e-02 7.733423e-01 4.929166e+02 2.629011e-02 9.984788e-01 4.846451e-02 4.960767e+00 -7.731765e-01 5.104058e-02 -6.321335e-01 -2.207576e+02
-6.339828e-01 -2.092726e-02 7.730640e-01 4.970247e+02 2.586268e-02 9.985009e-01 4.823971e-02 5.116707e+00 -7.729146e-01 5.057664e-02 -6.324911e-01 -2.241389e+02
-6.344122e-01 -2.200092e-02 7.726818e-01 5.011328e+02 2.608151e-02 9.984165e-01 4.984264e-02 5.267707e+00 -7.725548e-01 5.177347e-02 -6.328337e-01 -2.275274e+02
-6.349280e-01 -2.408225e-02 7.721959e-01 5.052390e+02 2.462954e-02 9.983750e-01 5.138734e-02 5.432770e+00 -7.721786e-01 5.164608e-02 -6.333031e-01 -2.309143e+02
-6.350791e-01 -2.372020e-02 7.720828e-01 5.093381e+02 2.396973e-02 9.984419e-01 5.039085e-02 5.605249e+00 -7.720751e-01 5.050878e-02 -6.335210e-01 -2.342975e+02
-6.346135e-01 -2.306910e-02 7.724854e-01 5.134454e+02 2.490848e-02 9.984245e-01 5.027928e-02 5.773309e+00 -7.724282e-01 5.114933e-02 -6.330390e-01 -2.376908e+02
-6.344472e-01 -2.404252e-02 7.725922e-01 5.196014e+02 2.355973e-02 9.984503e-01 5.041814e-02 6.026971e+00 -7.726070e-01 5.018971e-02 -6.328975e-01 -2.427680e+02
-6.339935e-01 -2.575882e-02 7.729093e-01 5.237106e+02 2.390444e-02 9.983148e-01 5.287899e-02 6.206642e+00 -7.729689e-01 5.200088e-02 -6.323092e-01 -2.461557e+02
-6.332811e-01 -2.430248e-02 7.735402e-01 5.298651e+02 2.598185e-02 9.982758e-01 5.263383e-02 6.486799e+00 -7.734856e-01 5.343001e-02 -6.315578e-01 -2.512228e+02
-6.333535e-01 -2.499187e-02 7.734590e-01 5.360377e+02 2.464368e-02 9.983201e-01 5.243722e-02 6.771372e+00 -7.734701e-01 5.227216e-02 -6.316735e-01 -2.562925e+02
-6.338700e-01 -2.930732e-02 7.728842e-01 5.422136e+02 2.279970e-02 9.981395e-01 5.654772e-02 7.066817e+00 -7.731035e-01 5.346542e-02 -6.320225e-01 -2.613661e+02
-6.344558e-01 -2.524481e-02 7.725468e-01 5.483760e+02 2.236926e-02 9.984482e-01 5.099748e-02 7.357150e+00 -7.726354e-01 4.963694e-02 -6.329065e-01 -2.664366e+02
-6.343860e-01 -2.725994e-02 7.725357e-01 5.545493e+02 2.445367e-02 9.981701e-01 5.530245e-02 7.654529e+00 -7.726295e-01 5.397442e-02 -6.325585e-01 -2.715254e+02
-6.343300e-01 -2.548778e-02 7.726421e-01 5.607204e+02 2.640100e-02 9.981591e-01 5.460200e-02 7.957556e+00 -7.726114e-01 5.503420e-02 -6.324894e-01 -2.766146e+02
-6.338899e-01 -2.726787e-02 7.729425e-01 5.668959e+02 2.672909e-02 9.980090e-01 5.712828e-02 8.267916e+00 -7.729613e-01 5.687308e-02 -6.318989e-01 -2.817021e+02
-6.328038e-01 -2.864444e-02 7.737822e-01 5.730773e+02 2.691291e-02 9.978980e-01 5.895046e-02 8.593947e+00 -7.738443e-01 5.812879e-02 -6.307027e-01 -2.867871e+02
-6.317201e-01 -2.792959e-02 7.746933e-01 5.792540e+02 2.653593e-02 9.979859e-01 5.761843e-02 8.924907e+00 -7.747422e-01 5.695591e-02 -6.297066e-01 -2.918529e+02
-6.296791e-01 -2.867949e-02 7.763258e-01 5.854383e+02 2.819705e-02 9.978161e-01 5.973258e-02 9.245509e+00 -7.763434e-01 5.950244e-02 -6.274952e-01 -2.969139e+02
-6.279511e-01 -2.810392e-02 7.777453e-01 5.916108e+02 2.729992e-02 9.979373e-01 5.810251e-02 9.561344e+00 -7.777739e-01 5.771790e-02 -6.258885e-01 -3.019383e+02
-6.263289e-01 -3.020898e-02 7.789734e-01 5.978027e+02 2.504597e-02 9.979532e-01 5.883918e-02 9.883665e+00 -7.791565e-01 5.636281e-02 -6.242903e-01 -3.069488e+02
-6.262648e-01 -3.113537e-02 7.789885e-01 6.040024e+02 2.281137e-02 9.980425e-01 5.822984e-02 1.020684e+01 -7.792766e-01 5.423708e-02 -6.243286e-01 -3.119523e+02
-6.266982e-01 -3.264678e-02 7.785779e-01 6.102041e+02 2.151846e-02 9.980160e-01 5.916888e-02 1.054205e+01 -7.789649e-01 5.383482e-02 -6.247523e-01 -3.169635e+02
-6.246102e-01 -3.173476e-02 7.802916e-01 6.350324e+02 2.267172e-02 9.980159e-01 5.873801e-02 1.183193e+01 -7.806075e-01 5.437890e-02 -6.226514e-01 -3.369998e+02
-6.230705e-01 -3.122445e-02 7.815422e-01 6.433047e+02 2.380466e-02 9.979830e-01 5.884960e-02 1.226642e+01 -7.818034e-01 5.527178e-02 -6.210704e-01 -3.436496e+02
-6.216649e-01 -2.849663e-02 7.827648e-01 6.495155e+02 2.497983e-02 9.981084e-01 5.617498e-02 1.258629e+01 -7.828849e-01 5.447533e-02 -6.197771e-01 -3.486239e+02
-6.197503e-01 -3.095389e-02 7.841885e-01 6.578057e+02 2.526742e-02 9.979168e-01 5.935931e-02 1.302023e+01 -7.843922e-01 5.660235e-02 -6.176770e-01 -3.552341e+02
-6.188770e-01 -3.062233e-02 7.848909e-01 6.744325e+02 2.193799e-02 9.981761e-01 5.624143e-02 1.387413e+01 -7.851815e-01 5.202544e-02 -6.170764e-01 -3.684192e+02
-6.199262e-01 -3.124605e-02 7.840378e-01 6.806657e+02 2.229805e-02 9.981017e-01 5.740779e-02 1.418850e+01 -7.843432e-01 5.307110e-02 -6.180527e-01 -3.733743e+02
-6.206549e-01 -3.096139e-02 7.834724e-01 6.868945e+02 2.296153e-02 9.980738e-01 5.763181e-02 1.451349e+01 -7.837476e-01 5.375918e-02 -6.187484e-01 -3.783370e+02
-6.184733e-01 -2.691439e-02 7.853448e-01 6.993457e+02 2.789353e-02 9.980315e-01 5.616999e-02 1.513859e+01 -7.853106e-01 5.664566e-02 -6.165050e-01 -3.882646e+02
-6.171660e-01 -2.735725e-02 7.863573e-01 7.055829e+02 2.604813e-02 9.981372e-01 5.516869e-02 1.544804e+01 -7.864017e-01 5.453136e-02 -6.153037e-01 -3.932168e+02
-6.155892e-01 -2.809754e-02 7.875662e-01 7.118243e+02 2.864569e-02 9.979060e-01 5.799218e-02 1.576531e+01 -7.875464e-01 5.825973e-02 -6.134953e-01 -3.981607e+02
-6.135181e-01 -2.465817e-02 7.892956e-01 7.180631e+02 2.992731e-02 9.980683e-01 5.444283e-02 1.610183e+01 -7.891133e-01 5.702314e-02 -6.115950e-01 -4.030674e+02
-6.114061e-01 -2.297364e-02 7.909835e-01 7.243156e+02 3.086806e-02 9.981252e-01 5.285001e-02 1.644029e+01 -7.907147e-01 5.672893e-02 -6.095506e-01 -4.079582e+02
-6.089475e-01 -2.434435e-02 7.928369e-01 7.326752e+02 2.817377e-02 9.982344e-01 5.229034e-02 1.688104e+01 -7.927100e-01 5.417927e-02 -6.071864e-01 -4.144501e+02
-6.078964e-01 -2.428475e-02 7.936449e-01 7.389533e+02 2.923173e-02 9.981701e-01 5.293321e-02 1.717540e+01 -7.934781e-01 5.537751e-02 -6.060741e-01 -4.193157e+02
-6.077041e-01 -2.493766e-02 7.937719e-01 7.473289e+02 2.681944e-02 9.982923e-01 5.189571e-02 1.755500e+01 -7.937105e-01 5.282575e-02 -6.059975e-01 -4.257917e+02
-6.020180e-01 -1.978524e-02 7.982374e-01 7.641249e+02 3.417750e-02 9.981383e-01 5.051613e-02 1.825478e+01 -7.977507e-01 5.769337e-02 -6.002209e-01 -4.387221e+02
-5.996115e-01 -2.043146e-02 8.000304e-01 7.704571e+02 3.264030e-02 9.982179e-01 4.995629e-02 1.850284e+01 -7.996253e-01 5.606759e-02 -5.978760e-01 -4.435378e+02
-5.971140e-01 -2.216649e-02 8.018501e-01 7.831553e+02 3.051299e-02 9.982670e-01 5.031838e-02 1.899428e+01 -8.015758e-01 5.451264e-02 -5.954028e-01 -4.531207e+02
-5.986519e-01 -2.119986e-02 8.007288e-01 7.916044e+02 2.913865e-02 9.984117e-01 4.821870e-02 1.932538e+01 -8.004791e-01 5.219836e-02 -5.970832e-01 -4.594876e+02
-6.006295e-01 -2.189010e-02 7.992278e-01 8.000123e+02 3.066110e-02 9.982592e-01 5.038357e-02 1.965533e+01 -7.989393e-01 5.476705e-02 -5.989127e-01 -4.658635e+02
-5.999157e-01 -1.798477e-02 7.998611e-01 8.083959e+02 3.010632e-02 9.985317e-01 4.503233e-02 1.996249e+01 -7.994966e-01 5.109646e-02 -5.984934e-01 -4.722307e+02
-5.934821e-01 -1.771187e-02 8.046523e-01 8.231164e+02 3.443497e-02 9.982836e-01 4.737201e-02 2.051693e+01 -8.041102e-01 5.582260e-02 -5.918535e-01 -4.833404e+02
-5.877450e-01 -2.021865e-02 8.087936e-01 8.358541e+02 3.277724e-02 9.982718e-01 4.877434e-02 2.103407e+01 -8.083820e-01 5.517688e-02 -5.860666e-01 -4.927761e+02
-5.876351e-01 -2.378478e-02 8.087764e-01 8.422623e+02 3.150144e-02 9.981375e-01 5.224166e-02 2.130359e+01 -8.085126e-01 5.617664e-02 -5.857914e-01 -4.974854e+02
-5.880676e-01 -2.430593e-02 8.084466e-01 8.486827e+02 2.797456e-02 9.983391e-01 5.036386e-02 2.158726e+01 -8.083279e-01 5.223327e-02 -5.864108e-01 -5.021964e+02
-5.850150e-01 -2.910390e-02 8.105002e-01 8.680116e+02 2.882214e-02 9.979786e-01 5.663965e-02 2.243636e+01 -8.105102e-01 5.649538e-02 -5.829935e-01 -5.163554e+02
-5.816662e-01 -2.466697e-02 8.130536e-01 8.744419e+02 3.378701e-02 9.979448e-01 5.444786e-02 2.272987e+01 -8.127256e-01 5.914111e-02 -5.796373e-01 -5.210493e+02
-5.777592e-01 -2.630999e-02 8.157832e-01 8.808822e+02 3.565396e-02 9.977127e-01 5.742850e-02 2.302388e+01 -8.154282e-01 6.226573e-02 -5.754996e-01 -5.257065e+02
-5.744051e-01 -2.847432e-02 8.180758e-01 8.873238e+02 3.381906e-02 9.977160e-01 5.847272e-02 2.332974e+01 -8.178723e-01 6.125357e-02 -5.721301e-01 -5.303079e+02
-5.660981e-01 -3.034901e-02 8.237791e-01 9.065910e+02 3.419117e-02 9.975976e-01 6.024874e-02 2.426707e+01 -8.236285e-01 6.227265e-02 -5.637004e-01 -5.438481e+02
-5.646629e-01 -2.991198e-02 8.247795e-01 9.129899e+02 3.330632e-02 9.977030e-01 5.898560e-02 2.458493e+01 -8.246493e-01 6.077733e-02 -5.623696e-01 -5.482919e+02
-5.606886e-01 -3.528829e-02 8.272745e-01 9.407719e+02 3.256962e-02 9.973784e-01 6.461844e-02 2.601411e+01 -8.273860e-01 6.317482e-02 -5.580693e-01 -5.673969e+02
-5.571162e-01 -3.320684e-02 8.297704e-01 9.493532e+02 3.399055e-02 9.974510e-01 6.273890e-02 2.650083e+01 -8.297386e-01 6.315719e-02 -5.545673e-01 -5.732481e+02
-5.535517e-01 -3.450245e-02 8.320999e-01 9.579804e+02 3.366854e-02 9.973975e-01 6.375429e-02 2.698219e+01 -8.321340e-01 6.330686e-02 -5.509494e-01 -5.790749e+02
-5.503592e-01 -3.822153e-02 8.340527e-01 9.839617e+02 3.237353e-02 9.972235e-01 6.706108e-02 2.855465e+01 -8.343001e-01 6.390890e-02 -5.475938e-01 -5.964211e+02
-5.497537e-01 -3.514821e-02 8.345870e-01 9.904617e+02 3.858719e-02 9.969792e-01 6.740518e-02 2.894540e+01 -8.344350e-01 6.926060e-02 -5.467367e-01 -6.007664e+02
-5.485848e-01 -3.552427e-02 8.353399e-01 9.969663e+02 3.886245e-02 9.969337e-01 6.791809e-02 2.933236e+01 -8.351912e-01 6.972217e-02 -5.455221e-01 -6.050961e+02
-5.468532e-01 -3.517708e-02 8.364892e-01 1.003471e+03 3.800864e-02 9.970437e-01 6.677699e-02 2.970297e+01 -8.363653e-01 6.831102e-02 -5.438995e-01 -6.094078e+02
-5.444560e-01 -3.796338e-02 8.379299e-01 1.016458e+03 3.427748e-02 9.971337e-01 6.744854e-02 3.047099e+01 -8.380887e-01 6.544487e-02 -5.415942e-01 -6.179592e+02
-5.422457e-01 -3.379927e-02 8.395399e-01 1.029367e+03 4.268953e-02 9.967918e-01 6.770262e-02 3.120927e+01 -8.391348e-01 7.255100e-02 -5.390632e-01 -6.264527e+02
-5.404372e-01 -3.945466e-02 8.404588e-01 1.035804e+03 3.349250e-02 9.970994e-01 6.834458e-02 3.158219e+01 -8.407175e-01 6.508500e-02 -5.375481e-01 -6.306416e+02
-5.345253e-01 -3.841169e-02 8.442791e-01 1.048656e+03 3.436234e-02 9.971528e-01 6.712219e-02 3.231052e+01 -8.444536e-01 6.488990e-02 -5.316835e-01 -6.389462e+02
-5.321070e-01 -3.374254e-02 8.460045e-01 1.055084e+03 3.484134e-02 9.974865e-01 6.169830e-02 3.265961e+01 -8.459599e-01 6.230601e-02 -5.295939e-01 -6.430515e+02
-5.296565e-01 -3.954401e-02 8.472900e-01 1.061525e+03 3.656364e-02 9.969197e-01 6.938401e-02 3.302930e+01 -8.474237e-01 6.772969e-02 -5.265791e-01 -6.471441e+02
-5.281628e-01 -4.163947e-02 8.481216e-01 1.070112e+03 2.679493e-02 9.974823e-01 6.565888e-02 3.353835e+01 -8.487202e-01 5.740392e-02 -5.257173e-01 -6.525347e+02
-5.278709e-01 -3.886398e-02 8.484350e-01 1.074401e+03 2.956622e-02 9.975062e-01 6.408765e-02 3.377429e+01 -8.488098e-01 5.891501e-02 -5.254054e-01 -6.552353e+02
-5.253784e-01 -3.101834e-02 8.503032e-01 1.087270e+03 3.918553e-02 9.973929e-01 6.059569e-02 3.448078e+01 -8.499659e-01 6.515523e-02 -5.227932e-01 -6.633284e+02
-5.229823e-01 -3.085688e-02 8.517848e-01 1.091568e+03 4.168796e-02 9.972224e-01 6.172126e-02 3.469434e+01 -8.513234e-01 6.778829e-02 -5.202433e-01 -6.660140e+02
-5.202820e-01 -3.976978e-02 8.530681e-01 1.100195e+03 3.908837e-02 9.967591e-01 7.030842e-02 3.517977e+01 -8.530995e-01 6.992523e-02 -5.170412e-01 -6.713409e+02
-5.182364e-01 -3.465334e-02 8.545351e-01 1.104507e+03 4.023702e-02 9.970844e-01 6.483594e-02 3.543368e+01 -8.542904e-01 6.798427e-02 -5.153310e-01 -6.739958e+02
-5.164039e-01 -3.575465e-02 8.555984e-01 1.108829e+03 3.949356e-02 9.970705e-01 6.550331e-02 3.566545e+01 -8.554340e-01 6.761678e-02 -5.134789e-01 -6.766374e+02
-5.146440e-01 -3.737188e-02 8.565891e-01 1.113157e+03 3.924913e-02 9.969754e-01 6.707787e-02 3.590472e+01 -8.565051e-01 6.814158e-02 -5.116206e-01 -6.792720e+02
-5.130265e-01 -3.837217e-02 8.575147e-01 1.117494e+03 3.911889e-02 9.969171e-01 6.801388e-02 3.614825e+01 -8.574809e-01 6.843794e-02 -5.099438e-01 -6.818958e+02
-5.112027e-01 -3.633454e-02 8.586918e-01 1.121838e+03 3.921539e-02 9.970793e-01 6.553623e-02 3.638796e+01 -8.585650e-01 6.717622e-02 -5.082847e-01 -6.845117e+02
-5.095496e-01 -3.781413e-02 8.596100e-01 1.126198e+03 3.824837e-02 9.970509e-01 6.653256e-02 3.663445e+01 -8.595907e-01 6.678030e-02 -5.066005e-01 -6.871319e+02
-5.075778e-01 -3.497763e-02 8.608957e-01 1.130564e+03 3.864487e-02 9.972459e-01 6.330218e-02 3.687463e+01 -8.607388e-01 6.539997e-02 -5.048281e-01 -6.897431e+02
-5.057981e-01 -3.389163e-02 8.619859e-01 1.134946e+03 3.856897e-02 9.973403e-01 6.184508e-02 3.710266e+01 -8.617892e-01 6.452701e-02 -5.031456e-01 -6.923504e+02
-5.049198e-01 -3.308991e-02 8.625318e-01 1.137143e+03 3.883964e-02 9.973818e-01 6.099969e-02 3.721242e+01 -8.622920e-01 6.430036e-02 -5.023126e-01 -6.936540e+02
-5.041816e-01 -3.300760e-02 8.629667e-01 1.139341e+03 3.923736e-02 9.973618e-01 6.107220e-02 3.732204e+01 -8.627058e-01 6.465200e-02 -5.015563e-01 -6.949554e+02
-5.033773e-01 -3.346126e-02 8.634186e-01 1.141541e+03 3.941136e-02 9.973208e-01 6.162757e-02 3.743261e+01 -8.631674e-01 6.505041e-02 -5.007099e-01 -6.962551e+02
-5.023498e-01 -3.525588e-02 8.639455e-01 1.145954e+03 3.785579e-02 9.973136e-01 6.270999e-02 3.766114e+01 -8.638354e-01 6.420767e-02 -4.996656e-01 -6.988522e+02
-5.022953e-01 -3.581665e-02 8.639541e-01 1.150376e+03 3.555618e-02 9.974412e-01 6.202263e-02 3.789135e+01 -8.639648e-01 6.187256e-02 -4.997365e-01 -7.014450e+02
-5.028628e-01 -3.664102e-02 8.635893e-01 1.154800e+03 3.577497e-02 9.973627e-01 6.314841e-02 3.812449e+01 -8.636255e-01 6.264986e-02 -5.002258e-01 -7.040408e+02
-5.030194e-01 -3.510970e-02 8.635617e-01 1.157012e+03 3.622457e-02 9.974400e-01 6.165336e-02 3.824356e+01 -8.635156e-01 6.229497e-02 -5.004598e-01 -7.053377e+02
-5.031328e-01 -3.599091e-02 8.634594e-01 1.159229e+03 3.680543e-02 9.973335e-01 6.301739e-02 3.836214e+01 -8.634250e-01 6.348609e-02 -5.004665e-01 -7.066378e+02
-5.034927e-01 -3.274506e-02 8.633788e-01 1.163663e+03 3.877204e-02 9.974186e-01 6.043925e-02 3.860075e+01 -8.631291e-01 6.390566e-02 -5.009233e-01 -7.092369e+02
-5.036455e-01 -3.330733e-02 8.632681e-01 1.165886e+03 3.899425e-02 9.973616e-01 6.123095e-02 3.871705e+01 -8.630299e-01 6.450117e-02 -5.010179e-01 -7.105384e+02
-5.038034e-01 -3.526568e-02 8.630982e-01 1.168110e+03 3.807084e-02 9.972889e-01 6.297115e-02 3.883461e+01 -8.629790e-01 6.458394e-02 -5.010949e-01 -7.118436e+02
-5.039031e-01 -3.504066e-02 8.630492e-01 1.170337e+03 3.829730e-02 9.972878e-01 6.285128e-02 3.895544e+01 -8.629108e-01 6.472339e-02 -5.011944e-01 -7.131505e+02
-5.037058e-01 -3.305809e-02 8.632426e-01 1.172562e+03 3.933438e-02 9.973535e-01 6.114568e-02 3.907728e+01 -8.629793e-01 6.475453e-02 -5.010724e-01 -7.144590e+02
-5.031224e-01 -3.041031e-02 8.636800e-01 1.174790e+03 4.071460e-02 9.974369e-01 5.883752e-02 3.919328e+01 -8.632556e-01 6.476685e-02 -5.005947e-01 -7.157678e+02
-5.024903e-01 -3.102951e-02 8.640259e-01 1.177083e+03 4.142900e-02 9.973436e-01 5.991111e-02 3.930786e+01 -8.635897e-01 6.590047e-02 -4.998699e-01 -7.171122e+02
