1.000000000000000000e+00 0.000000000000000000e+00 0.000000000000000000e+00 0.000000000000000000e+00 0.000000000000000000e+00 1.000000000000000000e+00 0.000000000000000000e+00 0.000000000000000000e+00 0.000000000000000000e+00 0.000000000000000000e+00 1.000000000000000000e+00 0.000000000000000000e+00
9.992294603596121316e-01 -1.011018845689426113e-02 3.792452555806505310e-02 1.801899999999999943e-03 1.008191884906906380e-02 9.999487375388279586e-01 9.365932014622613657e-04 -4.546999999999999935e-04 -3.793205058732039558e-02 -5.535195302077594625e-04 9.992801674977697113e-01 5.289520000000000333e-02
9.984749084117928719e-01 -1.333998201291555948e-02 5.357146770396432889e-02 3.169799999999999961e-03 1.330065268209400763e-02 9.999109476285060749e-01 1.090619499797949475e-03 -6.001000000000000041e-04 -5.358124588223112106e-02 -3.764207195724271200e-04 9.985634223208608162e-01 7.972759999999999569e-02
9.965683872353278128e-01 -1.649009086290366757e-02 8.111428028720298056e-02 7.301900000000000057e-03 1.628852531830391956e-02 9.998623835874613786e-01 3.146081651087521795e-03 -9.631999999999999937e-04 -8.115499680323275122e-02 -1.814053509000842709e-03 9.966998423315486244e-01 1.340131999999999990e-01
9.955018344599836366e-01 -1.615189762238162033e-02 9.335530938304256732e-02 9.738500000000000628e-03 1.592554515406026730e-02 9.998681580000426949e-01 3.169168526235116665e-03 -1.139100000000000095e-03 -9.339418931793069811e-02 -1.668178886628990474e-03 9.956278132820761684e-01 1.612950999999999968e-01
9.943895583631584545e-01 -1.596433641866700295e-02 1.045683804074362400e-01 1.247859999999999941e-02 1.598994931615626766e-02 9.998719764860934944e-01 5.934295743875597860e-04 -1.302999999999999905e-03 -1.045644669052992748e-01 1.081942930392570728e-03 9.945175220479053335e-01 1.888057999999999959e-01
9.932923241834636929e-01 -1.592160481150670104e-02 1.145288663108082472e-01 1.583740000000000148e-02 1.635527440547168698e-02 9.998621879564413284e-01 -2.847822691034679853e-03 -1.402699999999999997e-03 -1.144677409462356021e-01 4.701871455501093269e-03 9.934158387540845681e-01 2.169090999999999936e-01
9.921262205450002147e-01 -1.680582959697075884e-02 1.241093332455339149e-01 1.928910000000000000e-02 1.756295546564172472e-02 9.998332132211746881e-01 -5.008825723933665354e-03 -1.662899999999999925e-03 -1.240044559780223987e-01 7.149114027516682325e-03 9.922559070452622310e-01 2.454349000000000114e-01
9.911902008152775334e-01 -1.638934396374807159e-02 1.314282131515437935e-01 2.315580000000000069e-02 1.735147142931789746e-02 9.998303611692351822e-01 -6.178618246363642465e-03 -1.860099999999999948e-03 -1.313046543234749342e-01 8.404658745879433485e-03 9.913064357020779926e-01 2.745563999999999782e-01
9.903991843552188978e-01 -1.622058788353381367e-02 1.372820023063105188e-01 2.720480000000000120e-02 1.733709903048740245e-02 9.998256077821663368e-01 -6.941110878584094701e-03 -2.113299999999999814e-03 -1.371454724944442261e-01 9.254542221756929810e-03 9.905076843833879874e-01 3.042638999999999760e-01
9.897013146018792673e-01 -1.713897863037807529e-02 1.421181314499295745e-01 3.150440000000000185e-02 1.851724380261581676e-02 9.997934133005124124e-01 -8.381074087804085693e-03 -2.451800000000000073e-03 -1.419451286845255233e-01 1.092639613130599874e-02 9.898142221196436497e-01 3.341881999999999908e-01
9.890361728789782703e-01 -1.581436648185684593e-02 1.468242301177883347e-01 3.577940000000000287e-02 1.748623885326986913e-02 9.997960585045602144e-01 -1.010311088291486123e-02 -2.742599999999999986e-03 -1.466345122666220524e-01 1.255974567909717496e-02 9.891110011524522072e-01 3.647400000000000087e-01
9.884604835378747456e-01 -1.614953387568836968e-02 1.506156201715768694e-01 4.066399999999999876e-02 1.801402334304316039e-02 9.997769706495884812e-01 -1.102288173429228843e-02 -3.164800000000000165e-03 -1.504040140656724978e-01 1.360887630665707018e-02 9.885309459185398495e-01 3.958002999999999938e-01
9.880103454744408875e-01 -1.603911075569725703e-02 1.535522847815767034e-01 4.542179999999999829e-02 1.778170973743747191e-02 9.997920650093702344e-01 -9.981860703925905798e-03 -3.529000000000000019e-03 -1.533602557193012583e-01 1.259260380006991392e-02 9.880901063644170756e-01 4.274859999999999771e-01
9.876052536468813425e-01 -1.669844867063668623e-02 1.560673725705449544e-01 5.032760000000000011e-02 1.816782038684642761e-02 9.998030002230325897e-01 -7.993187562798865359e-03 -3.892200000000000173e-03 -1.559031535007245062e-01 1.072951802351377465e-02 9.877140700483680869e-01 4.595175000000000232e-01
9.872648744694827450e-01 -1.688836150645937548e-02 1.581861273449209349e-01 5.540439999999999948e-02 1.816999728054769989e-02 9.998127352514968313e-01 -6.659251290124932471e-03 -4.299599999999999776e-03 -1.580440408164170418e-01 9.448686392683518925e-03 9.873868560437045749e-01 4.921576999999999757e-01
9.868844302210001418e-01 -1.955311713342893637e-02 1.602398109014684935e-01 6.080800000000000094e-02 2.098370290250987230e-02 9.997536005011019578e-01 -7.240338222929118550e-03 -4.636099999999999770e-03 -1.600587567110002829e-01 1.050780164685350890e-02 9.870515591926691812e-01 5.253704999999999625e-01
9.867711092817339491e-01 -1.937680670062510990e-02 1.609575013753101747e-01 6.643110000000000681e-02 2.081759385192764183e-02 9.997568604270500314e-01 -7.269650284866698703e-03 -4.913999999999999965e-03 -1.607775036288116577e-01 1.052422876674047672e-02 9.869345646676647155e-01 5.589885999999999466e-01
9.866084016247854693e-01 -2.107827302534942548e-02 1.617391982472241863e-01 7.191659999999999719e-02 2.273930972956583751e-02 9.997059248615193239e-01 -8.425413330937587750e-03 -5.114900000000000349e-03 -1.615140416075609708e-01 1.199042130381977427e-02 9.867975700013391638e-01 5.931045000000000345e-01
9.867049920819613851e-01 -2.079473033338091748e-02 1.611857245257733717e-01 8.318749999999999756e-02 2.275180015091914087e-02 9.996880292367811283e-01 -1.030532826130987033e-02 -6.025499999999999606e-03 -1.609211427700821539e-01 1.383558423206926978e-02 9.868702865212469755e-01 6.629772999999999916e-01
9.868626253311738594e-01 -2.105537108025804655e-02 1.601837384790845975e-01 8.868070000000000119e-02 2.298765423216773962e-02 9.996835177897792635e-01 -1.021919822463449382e-02 -6.358700000000000116e-03 -1.599178741647269419e-01 1.376719318251564891e-02 9.870343144564478477e-01 6.979868000000000183e-01
9.872951136227755553e-01 -2.118881115931892101e-02 1.574782299184412926e-01 1.002707000000000043e-01 2.301497032879343957e-02 9.996872671948039413e-01 -9.781561702988422063e-03 -7.450100000000000298e-03 -1.572217216460737310e-01 1.328164486196398153e-02 9.874740139124700278e-01 7.705653999999999559e-01
9.875253505851496749e-01 -2.166794471400331629e-02 1.559621175912537239e-01 1.116697999999999996e-01 2.366906228253519429e-02 9.996594954721289561e-01 -1.098492617517430117e-02 -8.399600000000000122e-03 -1.556709910109864703e-01 1.453937014727445243e-02 9.877019536648582454e-01 8.453462999999999949e-01
9.878634973367240724e-01 -2.356215464625625519e-02 1.535269862209310832e-01 1.237475999999999993e-01 2.532482817159045427e-02 9.996337971885713714e-01 -9.535438974557802760e-03 -9.003000000000000586e-03 -1.532460887192083621e-01 1.330775663979479398e-02 9.880984464644605447e-01 9.217830999999999664e-01
9.880065408388424286e-01 -2.624988281035203416e-02 1.521644469385258491e-01 1.357253999999999960e-01 2.784643447224434756e-02 9.995771669275634874e-01 -8.370390925680310304e-03 -9.931000000000000591e-03 -1.518803849970352948e-01 1.250723828462920427e-02 9.883197446391748242e-01 9.998194999999999721e-01
9.882086940041148182e-01 -2.721775035305189216e-02 1.506743878713324991e-01 1.474689000000000139e-01 2.902828776024917595e-02 9.995302602173533613e-01 -9.829416032400129996e-03 -1.105760000000000076e-02 -1.503360755254372350e-01 1.408733386942967632e-02 9.885345777564188419e-01 1.078514699999999937e+00
9.881829772196920603e-01 -2.814680011404808654e-02 1.506723636788292187e-01 1.591477000000000031e-01 2.976849848641962074e-02 9.995205256013045547e-01 -8.517945735672879243e-03 -1.220289999999999916e-02 -1.503603672218500054e-01 1.290257900699150195e-02 9.885470567574812240e-01 1.159171699999999916e+00
9.881224589769009858e-01 -3.027459900495109782e-02 1.506567446898150475e-01 1.714052000000000076e-01 3.188191778071707699e-02 9.994574755955960566e-01 -8.264247981646070593e-03 -1.333960000000000007e-02 -1.503248129354109452e-01 1.296931498453017355e-02 9.885515907046863449e-01 1.240837699999999932e+00
9.879909070456872611e-01 -2.987717860482627663e-02 1.515959161509821407e-01 1.836925000000000086e-01 3.183660706903009008e-02 9.994377838588328622e-01 -1.051411649531920449e-02 -1.419199999999999975e-02 -1.511965543435844495e-01 1.521415110876289493e-02 9.883866306059928553e-01 1.323985200000000084e+00
9.876578276998191352e-01 -2.762935060324760161e-02 1.541707960948416611e-01 1.963454000000000033e-01 2.980118712469689846e-02 9.994862688900549852e-01 -1.179353832382304748e-02 -1.560059999999999919e-02 -1.537657459554409856e-01 1.624245318538750441e-02 9.879738245952103259e-01 1.408390400000000042e+00
9.872789852211548700e-01 -2.765784500715367383e-02 1.565734618326073968e-01 2.092852000000000046e-01 2.970960023169919723e-02 9.995004564595223462e-01 -1.077855237400065710e-02 -1.701340000000000144e-02 -1.561971350401770708e-01 1.529317320789641554e-02 9.876074998998711774e-01 1.494512400000000074e+00
9.870864868492309485e-01 -2.371727256508932707e-02 1.584227207875066046e-01 2.227754000000000123e-01 2.587947153457653693e-02 9.995977772898685387e-01 -1.159899091496646197e-02 -1.781179999999999916e-02 -1.580839031423948160e-01 1.554910348630083629e-02 9.873032487275822389e-01 1.581349499999999964e+00
9.860240726984825788e-01 -2.278996648362823299e-02 1.650368004015246304e-01 2.374602000000000102e-01 2.537616460843871921e-02 9.995857489292692133e-01 -1.357868945360787144e-02 -1.904230000000000159e-02 -1.646589758527089997e-01 1.757691569039349783e-02 9.861939331115101570e-01 1.670369999999999910e+00
9.845149375866323327e-01 -1.897708041045911842e-02 1.742705026327873163e-01 2.529503000000000168e-01 2.141583923456869681e-02 9.996971376188316105e-01 -1.212414395303895547e-02 -2.095400000000000040e-02 -1.739876417986877533e-01 1.566854989492874606e-02 9.846231751515508446e-01 1.760334599999999972e+00
9.828653206416249066e-01 -1.758903569654142462e-02 1.834840246541958875e-01 2.689729000000000148e-01 2.062330262737099851e-02 9.996800986796970934e-01 -1.464171070917035661e-02 -2.282000000000000001e-02 -1.831677943001324693e-01 1.817487625864212114e-02 9.829136447339651417e-01 1.850010799999999955e+00
9.810473757037857512e-01 -1.532021459965634408e-02 1.931614289896810832e-01 2.857090999999999936e-01 1.886241520182409259e-02 9.996857286416293009e-01 -1.651221496374170178e-02 -2.504440000000000138e-02 -1.928477532082474855e-01 1.984275623181660370e-02 9.810280368611570267e-01 1.940687300000000004e+00
9.801261655567593545e-01 -1.371884404280169362e-02 1.979002094721812599e-01 2.948120000000000185e-01 1.731730309332443415e-02 9.997144842861235281e-01 -1.646392790630692160e-02 -2.597520000000000037e-02 -1.976178397933189557e-01 1.956382443847368841e-02 9.800838975152905697e-01 1.987059600000000037e+00
9.778833068123832239e-01 -1.203255948104143234e-02 2.088048269796788647e-01 3.136338000000000181e-01 1.556776014854033101e-02 9.997618189963729529e-01 -1.529542810846725581e-02 -2.812160000000000007e-02 -2.085710504879235427e-01 1.820776728209613782e-02 9.778377135849103396e-01 2.080128199999999872e+00
9.766772651321896648e-01 -1.227825090440233698e-02 2.143612939143513807e-01 3.235490999999999784e-01 1.582507079686876206e-02 9.997646774337323183e-01 -1.483768479578994291e-02 -2.934830000000000078e-02 -2.141286690477958721e-01 1.788391205954859703e-02 9.766417351215673781e-01 2.126885399999999926e+00
9.741384996436256438e-01 -1.176179384720407554e-02 2.256453937432844059e-01 3.440674000000000232e-01 1.614547847872100164e-02 9.997148867183681675e-01 -1.759172528132070534e-02 -3.130879999999999774e-02 -2.253741489984136259e-01 2.077992972019331724e-02 9.740506596086595525e-01 2.220412300000000005e+00
9.714377960659259514e-01 -1.146208487698201564e-02 2.370173600917228063e-01 3.657071000000000072e-01 1.606233743397110156e-02 9.997180643778654785e-01 -1.748694006198066656e-02 -3.346339999999999731e-02 -2.367500996636195398e-01 2.079452732924972833e-02 9.713480210215180710e-01 2.313975600000000021e+00
9.675557376441801249e-01 -1.014773814397267396e-02 2.524537937175591606e-01 3.995681999999999845e-01 1.522939022562566982e-02 9.997186801320270266e-01 -1.818313142540524396e-02 -3.669179999999999664e-02 -2.521982557932987978e-01 2.143791047745335909e-02 9.674380888559115377e-01 2.455969300000000022e+00
9.666379586734261675e-01 -1.222871855500215488e-02 2.558544806998193644e-01 4.126406000000000240e-01 1.721596914551115284e-02 9.997027750475552255e-01 -1.726186457477789371e-02 -3.793690000000000256e-02 -2.555673438803410247e-01 2.109075638092930416e-02 9.665611789934601683e-01 2.503636399999999984e+00
9.648987063430900513e-01 -1.269421844098567002e-02 2.623153508958327995e-01 4.382419000000000175e-01 1.816407840966213424e-02 9.996649999439983780e-01 -1.843784538641438792e-02 -4.004300000000000220e-02 -2.619934212016763464e-01 2.255536976283509937e-02 9.648060440015406858e-01 2.600244000000000000e+00
9.640353371633182400e-01 -1.233813245957143985e-02 2.654875499676347950e-01 4.514080999999999788e-01 1.780551430731149021e-02 9.996758683665164513e-01 -1.819675426836806637e-02 -4.141790000000000055e-02 -2.651769830898969005e-01 2.226945650574605612e-02 9.639425496087821177e-01 2.648739299999999908e+00
9.617911646354554422e-01 -9.505172679990717480e-03 2.736190916611958568e-01 4.781364000000000170e-01 1.558846989308938606e-02 9.996771028741850973e-01 -2.006712723506159923e-02 -4.411079999999999862e-02 -2.733399993333697764e-01 2.356568864683277614e-02 9.616287761309111337e-01 2.745666500000000010e+00
9.605024852008725578e-01 -8.457416913150930457e-03 2.781428554216424653e-01 4.919028999999999763e-01 1.447576498845258401e-02 9.997032781590438066e-01 -1.959101493186786794e-02 -4.557869999999999977e-02 -2.778946349805023197e-01 2.284354913796733319e-02 9.603399107148649083e-01 2.794731899999999936e+00
9.591157916181302090e-01 -8.488019162720569083e-03 2.828866412530305352e-01 5.058593000000000117e-01 1.477267165433259963e-02 9.996890224170297268e-01 -2.009046119621918369e-02 -4.697280000000000205e-02 -2.826281416294577076e-01 2.344807006081308515e-02 9.589429188275506721e-01 2.844035100000000149e+00
9.577665787382232399e-01 -7.818621341361194077e-03 2.874405152590689960e-01 5.201554999999999929e-01 1.415191803268968374e-02 9.997005714509190621e-01 -1.996223075464581900e-02 -4.885910000000000253e-02 -2.871983702392384430e-01 2.318699206508050351e-02 9.575904445695451184e-01 2.891913699999999920e+00
9.564574780997928682e-01 -7.243263906251478160e-03 2.917818152575115120e-01 5.348195000000000032e-01 1.375147359943925708e-02 9.997001622309407143e-01 -2.026037041306756603e-02 -5.018759999999999888e-02 -2.915475768392323253e-01 2.339061271996039498e-02 9.562703015757400005e-01 2.940708900000000181e+00
9.551819744695134728e-01 -7.247924513724929990e-03 2.959305040693931965e-01 5.497204999999999453e-01 1.367241189021533784e-02 9.997135126898917257e-01 -1.964580612604209867e-02 -5.161009999999999903e-02 -2.957033324154905718e-01 2.281140362803394175e-02 9.550074235642845855e-01 2.989654499999999882e+00
9.538349326754349544e-01 -8.383314206175671371e-03 3.002143255258964416e-01 5.645377000000000312e-01 1.483542555410951626e-02 9.997052340172650764e-01 -1.921861668054435091e-02 -5.326009999999999772e-02 -2.999647168529606667e-01 2.278519522421865173e-02 9.536781446179404265e-01 3.038785499999999917e+00
9.525120905376821545e-01 -8.993426338172844439e-03 3.043679281104271217e-01 5.801011000000000362e-01 1.573887945039503106e-02 9.996817334536998167e-01 -1.971596999013107074e-02 -5.468850000000000100e-02 -3.040937438573509954e-01 2.357010992137446512e-02 9.523504842573001783e-01 3.088644500000000015e+00
9.513415987523216044e-01 -8.990562176514005355e-03 3.080070328338736507e-01 5.957999000000000489e-01 1.608661660293762147e-02 9.996602801969671770e-01 -2.050719295250266402e-02 -5.634870000000000156e-02 -3.077180255520413077e-01 2.446413677756317448e-02 9.511630368985549699e-01 3.138224099999999961e+00
9.502076550692933887e-01 -8.285810432496593450e-03 3.115072352180467408e-01 6.118987000000000176e-01 1.607601821866438269e-02 9.996187381099059799e-01 -2.244860926187905448e-02 -5.767989999999999923e-02 -3.112024644599524215e-01 2.633863635490800437e-02 9.499785799422090227e-01 3.188186599999999871e+00
9.489660561331861865e-01 -8.878860783525271277e-03 3.152532159046332327e-01 6.279333999999999749e-01 1.701887447550306381e-02 9.995888185700558815e-01 -2.307708173290340045e-02 -5.937039999999999679e-02 -3.149186914405265880e-01 2.726462214861615288e-02 9.487269671304171537e-01 3.238095299999999899e+00
9.480138119743219960e-01 -8.467226675330077890e-03 3.181165169844900054e-01 6.445655000000000134e-01 1.695075180090167832e-02 9.995704153467072084e-01 -2.390934497211232371e-02 -6.103440000000000254e-02 -3.177774131672969626e-01 2.805870339199270994e-02 9.477500856474038171e-01 3.287964099999999945e+00
9.467440720990845104e-01 -8.589135885068441625e-03 3.218724727123947749e-01 6.612168999999999963e-01 1.712639915357092035e-02 9.995723717179459955e-01 -2.370147991567187612e-02 -6.267330000000000123e-02 -3.215312557081753675e-01 2.795175205435719568e-02 9.464863185275399493e-01 3.338292399999999827e+00
9.454586349424127789e-01 -8.127958021319076076e-03 3.256407620541893477e-01 6.780353999999999548e-01 1.687410706410560901e-02 9.995685107806008274e-01 -2.404281112185028407e-02 -6.423579999999999568e-02 -3.253048326164531545e-01 2.822638046678215690e-02 9.451878317679115460e-01 3.388048400000000182e+00
9.429465532194029054e-01 -1.240407100382533157e-02 3.327129946277720962e-01 7.128206999999999738e-01 2.144182148959882656e-02 9.994937335936144862e-01 -2.350584604529436586e-02 -6.774919999999999554e-02 -3.322529850322732403e-01 2.929872914699479733e-02 9.427351369326991692e-01 3.488806499999999922e+00
9.420506341275149964e-01 -1.346659693941038190e-02 3.352003184766062516e-01 7.305496999999999685e-01 2.244232381661124404e-02 9.994854201177144626e-01 -2.291805126589485653e-02 -6.921979999999999800e-02 -3.347192029771479671e-01 2.911263881868635800e-02 9.418680955523207610e-01 3.539041999999999799e+00
9.400440010244642819e-01 -1.166675902348916945e-02 3.408535798136860806e-01 7.660989999999999744e-01 2.084016581981542465e-02 9.995121186910946864e-01 -2.326396523041027176e-02 -7.238110000000000377e-02 -3.404158686467474992e-01 2.897259607848380603e-02 9.398285083194451994e-01 3.640085899999999874e+00
9.379291510377045782e-01 -9.316580943174428836e-03 3.467017579321168830e-01 8.034067999999999765e-01 2.001700070034224607e-02 9.994269823036803224e-01 -2.729517771185119984e-02 -7.635210000000000607e-02 -3.462487939569658391e-01 3.254087219003694298e-02 9.375781910435301292e-01 3.742038700000000162e+00
9.355803014361537828e-01 -6.373837975078679510e-03 3.530564738878229081e-01 8.413829999999999920e-01 1.795253333501257292e-02 9.994026436333850461e-01 -2.953070343653245791e-02 -8.050329999999999986e-02 -3.526573494363768324e-01 3.396660253938584006e-02 9.351358531253308737e-01 3.844415399999999927e+00
9.341833243258391706e-01 -6.785561522142261569e-03 3.567288503981042025e-01 8.608133000000000035e-01 1.862063445965931111e-02 9.993838296309072167e-01 -2.975286615742295943e-02 -8.234229999999999328e-02 -3.563071547469170985e-01 3.443714893964073404e-02 9.337340597027965483e-01 3.895776500000000198e+00
9.313762502125336740e-01 -6.842511270692478755e-03 3.639937644789402738e-01 9.005532000000000536e-01 1.831605388291470890e-02 9.994378963463108612e-01 -2.807870219613153515e-02 -8.645060000000000244e-02 -3.635970334177631713e-01 3.281876576550866315e-02 9.309780480244583822e-01 3.998514699999999866e+00
9.283042581058246201e-01 -5.361036629421878780e-03 3.717828178773899261e-01 9.402044000000000512e-01 1.704029763533302516e-02 9.994588531870884918e-01 -2.813590308572044840e-02 -9.041879999999999362e-02 -3.714307911833559239e-01 3.245396851246063613e-02 9.278932628749377853e-01 4.100768999999999664e+00
9.268757585678467636e-01 -4.308275677683048865e-03 3.753435319010623994e-01 9.607048000000000254e-01 1.635184173124307541e-02 9.994483359540721201e-01 -2.890745631550034264e-02 -9.249930000000000652e-02 -3.750119270786932413e-01 3.293117852918822641e-02 9.264348827788186913e-01 4.151768699999999868e+00
9.243934067363599461e-01 -5.167331518645544748e-03 3.814054643910111952e-01 1.001372799999999952e+00 1.790922847280764993e-02 9.993934631279627334e-01 -2.986578966989097972e-02 -9.663180000000000380e-02 -3.810198014773711339e-01 3.443841666037802951e-02 9.239252709716684331e-01 4.252446199999999621e+00
9.223943215122856198e-01 -8.460144257710845023e-03 3.861568872893878512e-01 1.043660800000000055e+00 2.089961449769815738e-02 9.993886674961036665e-01 -2.802672642692908764e-02 -1.009020999999999946e-01 -3.856837068839412130e-01 3.392222338675698196e-02 9.220072456357168988e-01 4.353906600000000182e+00
9.202592504724689260e-01 -8.486402861763737288e-03 3.912171940064977371e-01 1.085977699999999935e+00 2.160249626102184531e-02 9.993419535345341442e-01 -2.913746833672376316e-02 -1.050451000000000024e-01 -3.907124826200749079e-01 3.526529274299152611e-02 9.198370046114739962e-01 4.454798199999999930e+00
9.179257255791951620e-01 -7.107213434327925433e-03 3.966886056305461983e-01 1.129113400000000045e+00 2.106466083637014916e-02 9.993023701453974672e-01 -3.083914858811261095e-02 -1.091743000000000019e-01 -3.961926834051290314e-01 3.666415877924793232e-02 9.174350642292092850e-01 4.556445599999999985e+00
9.159451512264448203e-01 -4.418620153590877703e-03 4.012791493969048995e-01 1.174085299999999998e+00 1.935879251590618202e-02 9.992617416899758354e-01 -3.318446544758877487e-02 -1.133534999999999959e-01 -4.008362721824103581e-01 3.816343001689443543e-02 9.153544862577853714e-01 4.657420199999999788e+00
9.130992393994428191e-01 -6.641840761397690973e-03 4.076832900174585661e-01 1.216871100000000094e+00 2.209778785865595604e-02 9.992039317716012725e-01 -3.321431173345286425e-02 -1.170159999999999950e-01 -4.071381421334935857e-01 3.933686163731650587e-02 9.125191200937181613e-01 4.759091899999999598e+00
9.108320815977246632e-01 -6.648718089672630942e-03 4.127235317741405618e-01 1.263127000000000111e+00 2.149231387459073911e-02 9.992778930445634922e-01 -3.133325576339249935e-02 -1.222817999999999961e-01 -4.122171752567717062e-01 3.740971825852414806e-02 9.103172597524150644e-01 4.860334400000000166e+00
9.077588088047563453e-01 -3.583424647367346345e-03 4.194771794807988785e-01 1.308559199999999922e+00 1.875672560275872328e-02 9.993101474702111853e-01 -3.205330572230649655e-02 -1.269321999999999950e-01 -4.190729414815904663e-01 3.696468897287615019e-02 9.071998024068931299e-01 4.961721400000000060e+00
9.046365331033329182e-01 -2.758217823665820752e-03 4.261750053783300296e-01 1.355210400000000037e+00 1.809465351368234540e-02 9.993259305819842675e-01 -3.194163396996146931e-02 -1.320570000000000077e-01 -4.257996318563488924e-01 3.660705807475418683e-02 9.040766542777827208e-01 5.062624900000000316e+00
9.009507073523271847e-01 -1.194119675352863473e-03 4.339198048021572496e-01 1.402201100000000089e+00 1.658763142356126097e-02 9.993600658403414272e-01 -3.169083917071987416e-02 -1.363388000000000100e-01 -4.336042820419297450e-01 3.574958575689073798e-02 9.003939658355742948e-01 5.162412599999999685e+00
8.971275386602491908e-01 -1.078103162644658553e-04 4.417716239804664879e-01 1.449553799999999892e+00 1.609983006940849531e-02 9.993436537528876951e-01 -3.245084244768652038e-02 -1.411525999999999892e-01 -4.414781702973989419e-01 3.622499248811668349e-02 8.965404480948401256e-01 5.262093100000000412e+00
8.936535357374409960e-01 -5.798441740666876454e-04 4.487571969837408914e-01 1.497916900000000107e+00 1.713210493947176644e-02 9.993142506956860238e-01 -3.282558966511644333e-02 -1.454853999999999870e-01 -4.484304283211758002e-01 3.702285965796636019e-02 8.930506473982499083e-01 5.360194199999999576e+00
8.898940013941459837e-01 6.745880271257845284e-04 4.561668677290245388e-01 1.547009000000000079e+00 1.639548577601549623e-02 9.993054921909914068e-01 -3.346223726962949813e-02 -1.503630999999999995e-01 -4.558726295017986874e-01 3.725692161081168435e-02 8.892649028625844165e-01 5.458428900000000361e+00
8.864317566037349660e-01 -7.817983986813624442e-04 4.628586497794770493e-01 1.598149199999999936e+00 1.913811238323212538e-02 9.992053051019169629e-01 -3.496413749246328473e-02 -1.548460999999999865e-01 -4.624634834652608384e-01 3.985156267260944740e-02 8.857422759548780888e-01 5.557708700000000057e+00
8.828309853615412539e-01 -2.755615440139554465e-03 4.696827204284996782e-01 1.647911099999999962e+00 2.247659285927099126e-02 9.990850073959327560e-01 -3.638613431112980301e-02 -1.593208000000000124e-01 -4.691526980195346308e-01 4.267967408749830105e-02 8.820851383856187500e-01 5.655775499999999845e+00
8.798310611993462871e-01 -4.304502137022207797e-03 4.752670565168435335e-01 1.700387799999999894e+00 2.623838833682825070e-02 9.988739631969356658e-01 -3.952660654208280111e-02 -1.644963000000000120e-01 -4.745617459575919295e-01 4.724697777211997463e-02 8.789532822426244785e-01 5.755239000000000438e+00
8.784566102755034800e-01 -5.256945118311238258e-03 4.777932067236779212e-01 1.727593099999999993e+00 2.770324602742178441e-02 9.988177714443440269e-01 -3.994483203742582589e-02 -1.665805999999999953e-01 -4.770183581612099100e-01 4.832622450571827377e-02 8.775637082298962666e-01 5.804141500000000065e+00
8.747765195774757085e-01 -4.018817238755538826e-03 4.845099481991258505e-01 1.781195899999999943e+00 2.738200297010427026e-02 9.987775648668122397e-01 -4.115339393131343254e-02 -1.718586000000000003e-01 -4.837522782471037619e-01 4.926687555266871105e-02 8.738172052918244948e-01 5.903527300000000366e+00
8.729113373841426160e-01 -4.068563185518977651e-03 4.878619106466838828e-01 1.808523799999999904e+00 2.814700988026787309e-02 9.987196503254491819e-01 -4.203339016320926241e-02 -1.745690000000000019e-01 -4.870662613043810762e-01 5.042327684133503934e-02 8.719082235255923852e-01 5.953034899999999574e+00
8.696751538348750366e-01 -1.362533495173850681e-03 4.936225990620375925e-01 1.864270600000000000e+00 2.605163880756216493e-02 9.987292505110078045e-01 -4.314158422173394736e-02 -1.798926999999999887e-01 -4.929365465429875193e-01 5.037884155273096576e-02 8.686055108080296128e-01 6.052266099999999760e+00
8.681739253831480818e-01 -2.933700251769946060e-03 4.962513765095757368e-01 1.892338800000000099e+00 2.786916203099895628e-02 9.986926489701150045e-01 -4.285210264088121918e-02 -1.827128000000000085e-01 -4.954768865371076414e-01 5.103318818070704671e-02 8.671206770753461246e-01 6.101778499999999994e+00
8.655411587191652600e-01 -6.643528427490556082e-03 5.007937360761592904e-01 1.948009499999999949e+00 3.154013161512791985e-02 9.986503431005062659e-01 -4.126393489406336712e-02 -1.884867000000000070e-01 -4.998436982305420329e-01 5.151073436939350436e-02 8.645825128834960793e-01 6.201008800000000321e+00
8.643984666302686470e-01 -6.772076180239765958e-03 5.027618023193978214e-01 1.976107999999999976e+00 3.167640869424456773e-02 9.986565063707874002e-01 -4.100960150414383054e-02 -1.912011999999999878e-01 -5.018086248954629625e-01 5.137432498342452136e-02 8.634516678500435694e-01 6.250277500000000153e+00
8.617957515992713535e-01 -7.352596946091395635e-03 5.072021508664915634e-01 2.035665299999999789e+00 3.197733702860713900e-02 9.986936297327023704e-01 -3.985578813521077624e-02 -1.962463000000000124e-01 -5.062465135109631698e-01 5.056652301145754536e-02 8.609050437234794240e-01 6.351505300000000354e+00
8.603387758041033395e-01 -7.253294198188819930e-03 5.096710513372044726e-01 2.065005300000000155e+00 3.182306923595723536e-02 9.987124862427260163e-01 -3.950521595025461435e-02 -1.987756999999999996e-01 -5.087282998932733946e-01 5.020716628278577148e-02 8.594618998777969754e-01 6.401879300000000050e+00
8.590246923187866424e-01 -6.018678731932918316e-03 5.118987727011421462e-01 2.094527699999999992e+00 3.098989176226870507e-02 9.987084564057758795e-01 -4.026221196302233463e-02 -2.016041000000000083e-01 -5.109953078015263550e-01 5.044992180285562400e-02 8.581017426825965355e-01 6.452067399999999786e+00
8.574021208790586490e-01 -3.725603118241996997e-03 5.146335812920659336e-01 2.124210399999999943e+00 3.053008521529282024e-02 9.985809258748719053e-01 -4.363540277836949755e-02 -2.038921999999999957e-01 -5.137407099002755384e-01 5.312489397908407018e-02 8.562991466951676012e-01 6.502894900000000256e+00
8.555336749496298410e-01 -3.104208376446227283e-03 5.177378631291481570e-01 2.154485900000000065e+00 2.972064498082464118e-02 9.986275487195908074e-01 -4.312426463401893006e-02 -2.073291999999999913e-01 -5.168934264324752670e-01 5.228176382503475772e-02 8.544517557371149596e-01 6.553621800000000164e+00
8.530678100692099530e-01 -1.403984751578980089e-03 5.217981796159695262e-01 2.185471999999999859e+00 2.759092327999708091e-02 9.987188163794223916e-01 -4.242012213847428520e-02 -2.099332999999999894e-01 -5.210701031303558439e-01 5.058413423696302841e-02 8.520136107992744012e-01 6.604636199999999846e+00
8.502329561228230137e-01 1.261515441576196994e-04 5.264065960913043574e-01 2.216719900000000187e+00 2.521263171784488694e-02 9.988425530104820815e-01 -4.096190299977153088e-02 -2.127015999999999907e-01 -5.258024757687110862e-01 4.809925551700646590e-02 8.492456759349462647e-01 6.655449400000000182e+00
8.470946971754321764e-01 7.968961419618416503e-04 5.314413786804729201e-01 2.247467499999999951e+00 2.410507029861870543e-02 9.989120652805950629e-01 -3.992031341002857253e-02 -2.155060000000000031e-01 -5.308950174970202829e-01 4.662671759190414184e-02 8.461539042062284910e-01 6.706091400000000036e+00
8.446102627426378406e-01 6.991136788361516918e-04 5.353811869218756403e-01 2.279224199999999811e+00 2.458292876544887137e-02 9.988937809561233561e-01 -4.008608212950114796e-02 -2.180829999999999991e-01 -5.348169627855170472e-01 4.701835394018285402e-02 8.436587525235724749e-01 6.756532700000000169e+00
8.416371714178547681e-01 -1.498500834343082302e-03 5.400413189590239638e-01 2.310866600000000215e+00 2.734435426025663002e-02 9.988316982124175736e-01 -3.984375655215961765e-02 -2.208650000000000058e-01 -5.393506818182788320e-01 4.830106770401303151e-02 8.406948607436649512e-01 6.807181800000000393e+00
8.393379330014312245e-01 -2.207939401077411642e-03 5.436055180261566422e-01 2.343128899999999959e+00 2.865905755688705203e-02 9.987808289118212945e-01 -4.019345989295153299e-02 -2.235174000000000050e-01 -5.428540251714414344e-01 4.931511737607889578e-02 8.383779139226819055e-01 6.857599699999999743e+00
8.336949734041445570e-01 -3.476247153660638051e-03 5.522142763695895296e-01 2.408367900000000006e+00 2.888591536881645813e-02 9.988857201894224547e-01 -3.732186885680097155e-02 -2.293749999999999956e-01 -5.514692151099355177e-01 4.706626931662784286e-02 8.328664185081821048e-01 6.959417799999999765e+00
8.311664846176471944e-01 -2.473317406398639617e-03 5.560181269970876361e-01 2.442113400000000212e+00 2.711436201199855442e-02 9.989807032699244971e-01 -3.608830651345718010e-02 -2.320521000000000111e-01 -5.553621217017097322e-01 4.507146764122677007e-02 8.303863417612558084e-01 7.010040300000000002e+00
8.281566006428426885e-01 -1.568841496849665215e-03 5.604945883307429488e-01 2.475146800000000091e+00 2.615828937959016609e-02 9.990146387676713813e-01 -3.585380627817189719e-02 -2.350408999999999970e-01 -5.598860497533625358e-01 4.435414596468768150e-02 8.273816054441374135e-01 7.060731900000000394e+00
8.255099348009340421e-01 -2.119170165800945971e-03 5.643836077197547096e-01 2.509777800000000170e+00 2.676927579403818799e-02 9.990145092746300914e-01 -3.540361750206840602e-02 -2.379116000000000009e-01 -5.637523866188242083e-01 4.433417842453406948e-02 8.247531310671099014e-01 7.111468799999999924e+00
8.226346720892624420e-01 -3.685221889840850987e-03 5.685583658835865473e-01 2.544678699999999960e+00 2.822861563672057761e-02 9.990105004200219296e-01 -3.436808562855556831e-02 -2.408654000000000073e-01 -5.678691235978813312e-01 4.432199442895221747e-02 8.219247041390189690e-01 7.162843200000000188e+00
8.200039205019231670e-01 -4.628180537944214315e-03 5.723391916568214555e-01 2.580231200000000058e+00 2.866118514444036813e-02 9.990448117581838261e-01 -3.298485357207358443e-02 -2.438754999999999951e-01 -5.716398401332711821e-01 4.345162878377770849e-02 8.193533115380964293e-01 7.213820899999999980e+00
8.175818725025932876e-01 -3.699701952926702508e-03 5.758004810354127034e-01 2.616448600000000013e+00 2.772240326050677550e-02 9.990726567921902612e-01 -3.294381288886202852e-02 -2.463567000000000118e-01 -5.751446340813890501e-01 4.289683736190838537e-02 8.169262581357823461e-01 7.265763800000000217e+00
8.151988344524911945e-01 -4.329722034645962572e-03 5.791650143218274316e-01 2.652885200000000054e+00 2.790038894780372952e-02 9.991047045403501636e-01 -3.180184997607479747e-02 -2.491088999999999942e-01 -5.785087973435332209e-01 4.208376019846846172e-02 8.145897915660965660e-01 7.317761400000000194e+00
8.132626738057163740e-01 -5.336081855528937087e-03 5.818722794779006557e-01 2.690310499999999827e+00 2.845401330027002434e-02 9.991264191968726172e-01 -3.060665924179220912e-02 -2.518561000000000272e-01 -5.812006473856382582e-01 4.144785511056299498e-02 8.127040560900682387e-01 7.370346999999999760e+00
8.117774393048624582e-01 -3.278983177353084547e-03 5.839577358893046632e-01 2.728904700000000183e+00 2.632784454888082576e-02 9.991729311571266869e-01 -3.098867929237684657e-02 -2.547818000000000027e-01 -5.833731512823077114e-01 4.053025921701531448e-02 8.111923720368376944e-01 7.423455699999999879e+00
8.097953060162009775e-01 3.617946547369368937e-04 5.867123924537090973e-01 2.766813299999999920e+00 2.275583930526566684e-02 9.992280081773164957e-01 -3.202435715991378690e-02 -2.575895999999999741e-01 -5.862710415257096352e-01 3.928430702736907670e-02 8.091619177208841940e-01 7.476721300000000348e+00
8.077598577331579488e-01 4.507792804548816507e-03 5.894944376658186602e-01 2.805259500000000017e+00 1.904035307142344646e-02 9.992495489246800977e-01 -3.373134934654940797e-02 -2.601050999999999780e-01 -5.892041048650493718e-01 3.847101217611360868e-02 8.070678435127504047e-01 7.529954400000000270e+00
8.061236016496086121e-01 4.826844954696090685e-03 5.917275052177702888e-01 2.843303199999999809e+00 1.751141186578564213e-02 9.993341986502407570e-01 -3.200796561088808945e-02 -2.627997999999999723e-01 -5.914880297334256243e-01 3.616436057590811937e-02 8.055023585975435996e-01 7.582115700000000125e+00
8.035894307906912282e-01 3.628433267500760610e-03 5.951729674586340169e-01 2.881357400000000180e+00 1.854565126255403040e-02 9.993432017784448229e-01 -3.113236063092854680e-02 -2.651824999999999877e-01 -5.948950206050985789e-01 3.605550625396564124e-02 8.029943430236788915e-01 7.634263999999999939e+00
8.015008403263415016e-01 4.438402226952759683e-03 5.979771764389006927e-01 2.919011100000000081e+00 1.784769470789810894e-02 9.993494282146364593e-01 -3.133975304135204476e-02 -2.679636000000000240e-01 -5.977272477893090796e-01 3.579135248563609928e-02 8.009001912457425210e-01 7.685553600000000429e+00
7.993976155245381410e-01 6.014247208991369692e-03 6.007722373114389169e-01 2.957471599999999867e+00 1.604415213689143818e-02 9.993795864333965273e-01 -3.135326781089139980e-02 -2.705888000000000182e-01 -6.005880763683967283e-01 3.470260870197421077e-02 7.988051649015464051e-01 7.737009500000000095e+00
7.971649422757760561e-01 5.705419092281781811e-03 6.037346296175496452e-01 2.996275699999999986e+00 1.419587586604166562e-02 9.995017879790820681e-01 -2.818958912460252722e-02 -2.734052000000000149e-01 -6.035946751876248850e-01 3.104229404537299855e-02 7.966867916976821951e-01 7.789123100000000299e+00
7.949323423860311655e-01 6.107635907005300006e-03 6.066673452661558441e-01 3.035078299999999896e+00 1.249048858957568439e-02 9.995726343840536376e-01 -2.642983702781440819e-02 -2.759506999999999932e-01 -6.065695003241190486e-01 2.858750381111666017e-02 7.945163282792858661e-01 7.840609599999999624e+00
7.925475801602238635e-01 6.728021124610973278e-03 6.097729634166475510e-01 3.073653199999999863e+00 1.166705174791735598e-02 9.995888116999326334e-01 -2.619327065923808887e-02 -2.782846999999999960e-01 -6.096984607867113048e-01 2.787366599612388710e-02 7.921431976973933864e-01 7.892011600000000016e+00
7.903543900043038528e-01 6.700286714127031557e-03 6.126132910400110543e-01 3.112279700000000204e+00 1.223074954958104990e-02 9.995683503324084285e-01 -2.671182845113930643e-02 -2.805660999999999849e-01 -6.125278336258526135e-01 2.860453061485479509e-02 7.899312842658680056e-01 7.942676099999999906e+00
7.882544898624216367e-01 6.182095866510789635e-03 6.153183248550548878e-01 3.151499499999999898e+00 1.239613733574385437e-02 9.995870834801403593e-01 -2.592293036715402621e-02 -2.830110000000000126e-01 -6.152245077944205054e-01 2.806143671240318715e-02 7.878523724523199823e-01 7.993448700000000073e+00
7.858428228094241907e-01 5.922288728729580530e-03 6.183979174731506490e-01 3.189907299999999779e+00 1.230488910495542917e-02 9.996064512603073382e-01 -2.520976602211190409e-02 -2.853834000000000093e-01 -6.183038472652671036e-01 2.742023149042402408e-02 7.854606822508563013e-01 8.043363599999999280e+00
7.833163478029399052e-01 8.984695206036856854e-03 6.215583436144337393e-01 3.228674700000000009e+00 8.648566590231299492e-03 9.996412446532493279e-01 -2.534924622226146507e-02 -2.878022000000000080e-01 -6.215631114863543472e-01 2.523206769484261786e-02 7.829576241401859926e-01 8.093350400000000278e+00
7.809321374897156831e-01 1.889704882561961397e-02 6.243299593815965221e-01 3.267569099999999782e+00 -1.099025186754540653e-03 9.995822704443929618e-01 -2.888038706235382391e-02 -2.901507999999999865e-01 -6.246149123895319288e-01 2.186746804992849291e-02 7.806266873875775669e-01 8.143137899999999263e+00
7.779156868837375782e-01 3.086557699660067572e-02 6.276101498994973715e-01 3.305962300000000020e+00 -8.753444282623314490e-03 9.992282602784078316e-01 -3.829178859987449057e-02 -2.928696000000000077e-01 -6.283076963665125136e-01 2.429403255232411366e-02 7.775855185566105110e-01 8.192789100000000602e+00
7.758785064546452892e-01 2.616475934880854726e-02 6.303395502345763290e-01 3.344925599999999832e+00 1.606320160920446730e-03 9.990544442717708140e-01 -4.344694599582060723e-02 -2.960914000000000046e-01 -6.308803079485438836e-01 3.472207869702025052e-02 7.751028411080095326e-01 8.241906200000000737e+00
7.730039297417020672e-01 1.157990514151422193e-02 6.342955386890239966e-01 3.424633299999999991e+00 7.705340894101454959e-03 9.995882675063278988e-01 -2.763916035996083487e-02 -3.022400000000000087e-01 -6.343544374603139469e-01 2.625264292621744960e-02 7.725964317894543631e-01 8.340261500000000439e+00
7.704087674348604198e-01 1.085242855982020832e-02 6.374578855531188859e-01 3.464725500000000125e+00 1.965580435884462830e-03 9.998099315544741739e-01 -1.939683630357592892e-02 -3.042109000000000063e-01 -6.375472277039947455e-01 1.619646749731717267e-02 7.702410057167555779e-01 8.390069999999999695e+00
7.648175473695449922e-01 1.364655378332132150e-02 6.441023915539147993e-01 3.543495699999999804e+00 -4.597365337284062617e-03 9.998657836752807837e-01 -1.572510309574944032e-02 -3.079329000000000094e-01 -6.442305359633220263e-01 9.065660773232593964e-03 7.647776345625931782e-01 8.486103099999999344e+00
