1.000000000000000000e+00 0.000000000000000000e+00 0.000000000000000000e+00 0.000000000000000000e+00 0.000000000000000000e+00 1.000000000000000000e+00 0.000000000000000000e+00 0.000000000000000000e+00 0.000000000000000000e+00 0.000000000000000000e+00 1.000000000000000000e+00 0.000000000000000000e+00
9.992308905763962468e-01 -1.020775811351094624e-02 3.786065229493805473e-02 2.015999999999999997e-03 1.017311983358049933e-02 9.999476392445847406e-01 1.107430374135162697e-03 -6.022000000000000009e-04 -3.786997426397009647e-02 -7.214176862245009645e-04 9.992824148386523220e-01 5.768510000000000304e-02
9.984843983481853646e-01 -1.337533448874332967e-02 5.338545384818367545e-02 3.565500000000000093e-03 1.332813999613675915e-02 9.999104075669962288e-01 1.239969131469668105e-03 -7.515999999999999461e-04 -5.339725591737552735e-02 -5.265610295599233454e-04 9.985732100321821347e-01 8.696719999999999451e-02
9.965848157094759907e-01 -1.645810444671710893e-02 8.091869929336956146e-02 8.112100000000000560e-03 1.624590843253730099e-02 9.998626463991150404e-01 3.280060206753088181e-03 -1.130799999999999948e-03 -8.096156839211696155e-02 -1.954260417462909058e-03 9.967153080542654475e-01 1.462408000000000041e-01
9.955091149416067653e-01 -1.624851580541104151e-02 9.326085889750447555e-02 1.069289999999999997e-02 1.600838149239466879e-02 9.998663375997983715e-01 3.322447405163778036e-03 -1.364699999999999941e-03 -9.330237826643482391e-02 -1.814571268214988913e-03 9.956361652435792298e-01 1.760031999999999985e-01
9.944141135608282056e-01 -1.608122406041390465e-02 1.043166572688701138e-01 1.379619999999999978e-02 1.609215076361262056e-02 9.998702413799406274e-01 7.369441093934699875e-04 -1.526299999999999966e-03 -1.043149722467168611e-01 9.458517526403831168e-04 9.945438612397287104e-01 2.059610000000000052e-01
9.932891596638531162e-01 -1.615462186993962476e-02 1.145236808983885884e-01 1.728079999999999894e-02 1.656389460009569450e-02 9.998593689439422283e-01 -2.622924074107981906e-03 -1.713099999999999953e-03 -1.144652029655894437e-01 4.502280229048707949e-03 9.934170558143168295e-01 2.366737999999999897e-01
9.921397033701714330e-01 -1.695976204250162697e-02 1.239805447157335538e-01 2.107320000000000026e-02 1.770854997241578035e-02 9.998309877060719275e-01 -4.939967669430467626e-03 -1.882800000000000012e-03 -1.238758098032975152e-01 7.096653729912878045e-03 9.922723523566576720e-01 2.677084000000000130e-01
9.912114987068167959e-01 -1.647800085051488381e-02 1.312563915371611767e-01 2.530819999999999945e-02 1.739512418251517797e-02 9.998316163289368008e-01 -5.843684089738297553e-03 -2.209800000000000045e-03 -1.311379978727028051e-01 8.075548095096430831e-03 9.913312317469388235e-01 2.994034999999999891e-01
9.904082123132730286e-01 -1.624670699988037259e-02 1.372137656872910449e-01 2.960919999999999871e-02 1.733979446773808997e-02 9.998267024057420072e-01 -6.774709165463028981e-03 -2.405500000000000086e-03 -1.370799201569776748e-01 9.088986088670585051e-03 9.905182915129011612e-01 3.318087000000000120e-01
9.897111328954734111e-01 -1.732945048542096703e-02 1.420266297869236527e-01 3.437969999999999915e-02 1.866281157955193212e-02 9.997933358704306217e-01 -8.061328241825512289e-03 -2.847899999999999997e-03 -1.418575795884896018e-01 1.062900253785153785e-02 9.898300113748550455e-01 3.646294999999999953e-01
9.890636962422160172e-01 -1.613494263343123042e-02 1.466037803124508321e-01 3.916410000000000030e-02 1.778180806512442286e-02 9.997925817678435800e-01 -9.929790729166608140e-03 -3.110400000000000144e-03 -1.464131554117338585e-01 1.242807580463888180e-02 9.891454548519007517e-01 3.980477000000000043e-01
9.884725790593853478e-01 -1.633589108261991954e-02 1.505161091386037209e-01 4.444349999999999690e-02 1.818155147574758088e-02 9.997753491939613824e-01 -1.089414200510833292e-02 -3.515200000000000009e-03 -1.503043300561298923e-01 1.350517703066138331e-02 9.885475297423733654e-01 4.319228999999999985e-01
9.880720433070049324e-01 -1.618871316070371463e-02 1.531390309533156857e-01 4.988109999999999766e-02 1.791737843317143392e-02 9.997903102057880131e-01 -9.914795444010195483e-03 -3.835199999999999981e-03 -1.529464114819391318e-01 1.254038216381384886e-02 9.881549139836237616e-01 4.665014000000000105e-01
9.876628695989860818e-01 -1.675287415033544988e-02 1.556964907221718708e-01 5.534510000000000124e-02 1.819844638201744205e-02 9.998034701965170523e-01 -7.863684396204379326e-03 -4.289000000000000278e-03 -1.555341524063997005e-01 1.060010333465170700e-02 9.877736406912859257e-01 5.016671000000000324e-01
9.872990738612855699e-01 -1.722192535510218975e-02 1.579365190185950674e-01 6.068180000000000102e-02 1.845358291037892118e-02 9.998096471916750883e-01 -6.335192201340507541e-03 -4.830899999999999951e-03 -1.577973511514610960e-01 9.169224041403002678e-03 9.874289449373362393e-01 5.370905000000000262e-01
9.869320805712012978e-01 -1.945754108843144800e-02 1.599577207708079429e-01 6.665649999999999353e-02 2.084894785903311162e-02 9.997579577965041153e-01 -7.024755919936296993e-03 -5.042200000000000154e-03 -1.597823197746580659e-01 1.026790715556794541e-02 9.870988706153368542e-01 5.732517000000000307e-01
9.867981976131043886e-01 -1.970063705149556824e-02 1.607519893727408222e-01 7.263260000000000549e-02 2.110601858459358951e-02 9.997524597598458351e-01 -7.039544278192814281e-03 -5.371899999999999765e-03 -1.605735132798536413e-01 1.033944408094977091e-02 9.869697273620207101e-01 6.098900000000000432e-01
9.866293966032273488e-01 -2.108279815188987896e-02 1.616104866041746801e-01 8.449869999999999604e-02 2.270992239147178252e-02 9.997082423083677449e-01 -8.227374167201154803e-03 -6.144000000000000156e-03 -1.613898794327723041e-01 1.178753081864345256e-02 9.868203285978024430e-01 6.838978999999999475e-01
9.867427169108572427e-01 -2.067047304907655009e-02 1.609706251690271317e-01 9.061890000000000223e-02 2.258667159006559622e-02 9.996940397446676396e-01 -1.008311288588003077e-02 -6.448899999999999598e-03 -1.607129518422910353e-01 1.358522885027249952e-02 9.869076900436145605e-01 7.220138000000000389e-01
9.871734736403503518e-01 -2.022481549546827073e-02 1.583650522653867188e-01 1.029146999999999978e-01 2.190763143014059361e-02 9.997204949158835507e-01 -8.887504163821500699e-03 -7.550499999999999920e-03 -1.581410402962036832e-01 1.224291155383779202e-02 9.873406314391803829e-01 7.994215000000000071e-01
9.875082323892677705e-01 -2.102273863106728091e-02 1.561586866744010538e-01 1.153934999999999961e-01 2.292773830664415063e-02 9.996829487564956596e-01 -1.040772701696820492e-02 -8.379299999999999249e-03 -1.558903774437857270e-01 1.385808161209620658e-02 9.876771455260400234e-01 8.791368999999999989e-01
9.877808931323805997e-01 -2.134245236182300345e-02 1.543807205896504942e-01 1.278656999999999988e-01 2.327972574587061291e-02 9.996711750811621000e-01 -1.075156179564366529e-02 -9.542899999999999994e-03 -1.541004916662937763e-01 1.421412814884582751e-02 9.879529325980943577e-01 9.612237999999999616e-01
9.879998671092943274e-01 -2.513551069413865260e-02 1.523957633734006334e-01 1.412454999999999961e-01 2.653223669205913640e-02 9.996224722971950305e-01 -7.138157644670953782e-03 -1.042270000000000002e-02 -1.521588085131229950e-01 1.109589926903019677e-02 9.882937711082055987e-01 1.045814299999999974e+00
9.881324652910361550e-01 -2.845650935422038355e-02 1.509452156023249336e-01 1.541811999999999905e-01 3.027061237490944953e-02 9.994943447623538813e-01 -9.733694803147466268e-03 -1.160579999999999945e-02 -1.505919023862410944e-01 1.418738395356976267e-02 9.884942068986781738e-01 1.130778999999999979e+00
9.881649550345433797e-01 -2.872725844100778095e-02 1.506810083057660565e-01 1.666546000000000138e-01 3.045268447039586532e-02 9.994942784385747458e-01 -9.155401525830816900e-03 -1.300609999999999961e-02 -1.503417960852047874e-01 1.363568813871239224e-02 9.885400408475412126e-01 1.217503999999999920e+00
9.882263852243803326e-01 -2.983628367329711761e-02 1.500613465317470752e-01 1.799629000000000090e-01 3.142214859069746014e-02 9.994725023918052953e-01 -8.207651345349654959e-03 -1.423280000000000031e-02 -1.497373037165377618e-01 1.282626754863761334e-02 9.886426183087961839e-01 1.305205699999999913e+00
9.881384166322964013e-01 -3.153593409458445296e-02 1.502928954947643780e-01 1.933420000000000138e-01 3.319944442225247760e-02 9.994119891045047943e-01 -8.571634863366855289e-03 -1.582139999999999935e-02 -1.499342071225639450e-01 1.345960233287534294e-02 9.886043559683361792e-01 1.395075300000000018e+00
9.879305689910785615e-01 -3.031619921471223958e-02 1.519016751656734332e-01 2.071777999999999953e-01 3.216684578694810337e-02 9.994350526209879737e-01 -9.740103931770048226e-03 -1.750420000000000101e-02 -1.515205757812534970e-01 1.450874417917912516e-02 9.883476167104672250e-01 1.486246200000000073e+00
9.876590325852880881e-01 -2.820693226208769236e-02 1.540584445106945588e-01 2.213197000000000081e-01 3.015459945855989213e-02 9.994919713565939556e-01 -1.031985102622411110e-02 -1.851049999999999918e-02 -1.536890870692729782e-01 1.483806476841356692e-02 9.880078422511340275e-01 1.579085800000000095e+00
9.875882660788850576e-01 -2.539123922918052473e-02 1.549990376541345583e-01 2.367128000000000010e-01 2.713696958058475078e-02 9.995897827859288043e-01 -9.157020910866059751e-03 -1.986069999999999849e-02 -1.547029462721499493e-01 1.324957057365046438e-02 9.878721816583004856e-01 1.673510000000000053e+00
9.868663955069423288e-01 -2.411071115336163237e-02 1.597291176549046066e-01 2.508777999999999841e-01 2.620458073661186341e-02 9.995959107604327487e-01 -1.101522307714655584e-02 -2.146059999999999982e-02 -1.593989879753117678e-01 1.505618805342423712e-02 9.870994244926628580e-01 1.769495800000000063e+00
9.853965079617347245e-01 -2.177472379292188023e-02 1.688774215238995902e-01 2.664118999999999793e-01 2.402014536250856799e-02 9.996480106588248038e-01 -1.126443086081962801e-02 -2.298549999999999899e-02 -1.685726986008792283e-01 1.515639104787776074e-02 9.855726909248353484e-01 1.866310799999999936e+00
9.838790294096529943e-01 -1.897787906063235636e-02 1.778254638522816233e-01 2.836798999999999848e-01 2.133497114951954376e-02 9.997079316338554067e-01 -1.135211145152376262e-02 -2.490969999999999990e-02 -1.775580876613855608e-01 1.496300553761376571e-02 9.839965619712871536e-01 1.964329599999999898e+00
9.830040559385537779e-01 -1.941759544811623786e-02 1.825540549956808922e-01 2.924984999999999946e-01 2.213077924678178918e-02 9.996726692686296323e-01 -1.283678025298293571e-02 -2.604069999999999996e-02 -1.822450400375357216e-01 1.665867054558843596e-02 9.831120150203488395e-01 2.013466100000000036e+00
9.821744510028115327e-01 -1.877863437891402754e-02 1.870313093794424841e-01 3.017752000000000212e-01 2.185806932317501533e-02 9.996571432624680176e-01 -1.441598868564411724e-02 -2.715659999999999949e-02 -1.866964718541540280e-01 1.824715909900529939e-02 9.822481705669023899e-01 2.062581999999999915e+00
9.812210103240349701e-01 -1.746535838508272293e-02 1.920944823652169786e-01 3.108670000000000044e-01 2.068412052069515394e-02 9.996770518287220186e-01 -1.476344151341732643e-02 -2.816219999999999835e-02 -1.917745970063954863e-01 1.845950442225784485e-02 9.812653823709054368e-01 2.112150699999999937e+00
9.802238985538072047e-01 -1.566064135057660192e-02 1.972710141314842347e-01 3.203581999999999819e-01 1.891396034015912705e-02 9.997142441476899455e-01 -1.461821303935234399e-02 -2.923649999999999860e-02 -1.969857121931093968e-01 1.806029791286991454e-02 9.802399985876274480e-01 2.162248400000000181e+00
9.791452248821729265e-01 -1.437358667857157810e-02 2.026524823347416182e-01 3.303599999999999870e-01 1.753058613031637999e-02 9.997511989541847388e-01 -1.379198098888494151e-02 -3.056429999999999911e-02 -2.024038219509867453e-01 1.705696912302400586e-02 9.791535899254873998e-01 2.212288099999999869e+00
9.779609491431245916e-01 -1.389765599097658733e-02 2.083248355550424424e-01 3.405367999999999729e-01 1.701930237483889954e-02 9.997680315418699948e-01 -1.319948686761359541e-02 -3.166719999999999952e-02 -2.080930688364050485e-01 1.645412607375345421e-02 9.779706214592523983e-01 2.262548400000000015e+00
9.767113198250152450e-01 -1.360120434569352631e-02 2.141261426496618991e-01 3.511024999999999840e-01 1.678746160715026414e-02 9.997736678145852096e-01 -1.306882846164338779e-02 -3.270780000000000215e-02 -2.138999272053759282e-01 1.635910709415681549e-02 9.767185883132443180e-01 2.313214100000000162e+00
9.754897392586688865e-01 -1.386042657506853654e-02 2.196079624608619218e-01 3.623161999999999772e-01 1.746398524780094774e-02 9.997426920179571797e-01 -1.447615197324596953e-02 -3.374119999999999897e-02 -2.193508099376858811e-01 1.795656793056669281e-02 9.754807962475919858e-01 2.363996000000000208e+00
9.741085802732454280e-01 -1.350657537526204696e-02 2.256768624819001645e-01 3.731870999999999938e-01 1.743996158016588791e-02 9.997286180198501349e-01 -1.544467714789866768e-02 -3.484840000000000160e-02 -2.254070131520411469e-01 1.898058834053492974e-02 9.740797789134740814e-01 2.414417700000000000e+00
9.727092945777942035e-01 -1.399810858821568665e-02 2.316045793975641254e-01 3.847507000000000010e-01 1.801003913150966973e-02 9.997220028203105402e-01 -1.521695000413765542e-02 -3.601189999999999947e-02 -2.313271854591490984e-01 1.897287624213726820e-02 9.726909906206847589e-01 2.465058099999999808e+00
9.713663146529440962e-01 -1.315796326888050288e-02 2.372221548679050163e-01 3.968398000000000203e-01 1.725918396411145472e-02 9.997352016886755788e-01 -1.521995641899543707e-02 -3.714630000000000015e-02 -2.369590752143721779e-01 1.887841378712612830e-02 9.713361942017972872e-01 2.516198399999999946e+00
9.700733197022995968e-01 -1.223041589621660236e-02 2.425039614702521606e-01 4.090539000000000258e-01 1.655700325328520253e-02 9.997379002662821756e-01 -1.581127491494425247e-02 -3.841220000000000051e-02 -2.422470227784661034e-01 1.935323482446318216e-02 9.700215627793016271e-01 2.566790099999999963e+00
9.689060458351436145e-01 -1.112349128693970041e-02 2.471787658471013560e-01 4.220105000000000106e-01 1.576542232169341612e-02 9.997344295675667514e-01 -1.680838470022378781e-02 -3.932809999999999778e-02 -2.469261545546065362e-01 2.018262318930427388e-02 9.688240995753941709e-01 2.617669100000000082e+00
9.677126933232648165e-01 -1.291732582047721775e-02 2.517246230996889600e-01 4.348371999999999793e-01 1.739855428614434790e-02 9.997271697487994935e-01 -1.558449148374889577e-02 -4.064630000000000326e-02 -2.514546350532932961e-01 1.946095474797129160e-02 9.676734148205748953e-01 2.669347999999999832e+00
9.666906680989172385e-01 -1.525120967932832444e-02 2.554927646994845647e-01 4.484100999999999781e-01 1.979624299253177067e-02 9.996880748139720385e-01 -1.522701015022107605e-02 -4.166369999999999796e-02 -2.551808397467365541e-01 1.977760546809094466e-02 9.666910495851809282e-01 2.720679800000000093e+00
9.656237337190342052e-01 -1.640830415556412264e-02 2.594254660461272066e-01 4.618773999999999935e-01 2.120024019671058746e-02 9.996522187851607510e-01 -1.568410958603855265e-02 -4.283300000000000302e-02 -2.590778931018885012e-01 2.064483065185052785e-02 9.656357679131624128e-01 2.772667199999999887e+00
9.647875080074407306e-01 -1.614590250054393633e-02 2.625345200640010201e-01 4.757749000000000006e-01 2.104468120704425238e-02 9.996527576650681146e-01 -1.585829390314170279e-02 -4.416910000000000280e-02 -2.621873104970686708e-01 2.082483913665293673e-02 9.647922783113711542e-01 2.824271700000000163e+00
9.640039026186250082e-01 -1.542353059330749641e-02 2.654403707805158552e-01 4.898676000000000141e-01 2.034819323139861608e-02 9.996678996121125538e-01 -1.581270113942814456e-02 -4.540890000000000204e-02 -2.651083302506318518e-01 2.064473756540674207e-02 9.639975975294634569e-01 2.875977300000000181e+00
9.629093769567440564e-01 -1.358964464014922498e-02 2.694825659060885448e-01 5.039517000000000024e-01 1.874321496949022878e-02 9.996871806718223841e-01 -1.655997261563334558e-02 -4.661669999999999703e-02 -2.691732224077691971e-01 2.099672257704788755e-02 9.628628739231979150e-01 2.928148300000000148e+00
9.617192315316730467e-01 -1.277696948055878287e-02 2.737386869863686067e-01 5.184427000000000341e-01 1.828384821209824707e-02 9.996783512634971336e-01 -1.757540638657126286e-02 -4.794600000000000251e-02 -2.734260788525578745e-01 2.190760292658801289e-02 9.616435079265734931e-01 2.980349499999999985e+00
9.604927211584076696e-01 -1.150311393408074735e-02 2.780672777792036476e-01 5.333322000000000340e-01 1.700209463130985046e-02 9.997045220225081463e-01 -1.737231780437915873e-02 -4.921310000000000268e-02 -2.777852792713559338e-01 2.141371097142953650e-02 9.604044937434261797e-01 3.032805000000000195e+00
9.591558222142244627e-01 -1.202131563000504930e-02 2.826227108409348765e-01 5.484061999999999548e-01 1.773140958533441641e-02 9.996869044672440641e-01 -1.765474867610133253e-02 -5.082720000000000293e-02 -2.823219896265113937e-01 2.194495402644961596e-02 9.590686696822625645e-01 3.085579200000000188e+00
9.579113840837916172e-01 -1.112099355268331320e-02 2.868485728482465524e-01 5.640456999999999832e-01 1.688852085925787033e-02 9.997017583811008690e-01 -1.764007236157398920e-02 -5.261199999999999904e-02 -2.865668475344994026e-01 2.174207423720954033e-02 9.578135121734306923e-01 3.136712300000000120e+00
9.566000401088124994e-01 -1.055472925141035488e-02 2.912129134400598951e-01 5.795166000000000484e-01 1.649271819563599695e-02 9.997029687666055819e-01 -1.794336885188161854e-02 -5.388420000000000015e-02 -2.909370267091106466e-01 2.196751987969422157e-02 9.564899761942085021e-01 3.188891400000000154e+00
9.552955507007329095e-01 -1.053573163179801798e-02 2.954647342245196873e-01 5.951497999999999511e-01 1.637227728161070109e-02 9.997165185932753717e-01 -1.728672867708814370e-02 -5.518100000000000088e-02 -2.951988471318907070e-01 2.135136554705432260e-02 9.551972360938230100e-01 3.240758200000000144e+00
9.539657557080758465e-01 -1.176668591420596682e-02 2.996846376424995295e-01 6.113102000000000258e-01 1.766518863462797004e-02 9.996997546942341106e-01 -1.698062351008249385e-02 -5.686360000000000026e-02 -2.993948530733666624e-01 2.149291899404505088e-02 9.538871926943419677e-01 3.293516900000000192e+00
9.527176721136666471e-01 -1.237704123680074403e-02 3.036047530796223692e-01 6.283066000000000484e-01 1.847055378840476575e-02 9.996813281777315874e-01 -1.720699670355183702e-02 -5.842470000000000302e-02 -3.032950310919478309e-01 2.200115776564795511e-02 9.526426786428925375e-01 3.346894700000000000e+00
9.515474821512289738e-01 -1.234271958444803537e-02 3.072540422596846676e-01 6.449449999999999905e-01 1.883564577633708645e-02 9.996573746601522537e-01 -1.817558075441134957e-02 -5.999220000000000247e-02 -3.069244331424997307e-01 2.308225640684757884e-02 9.514539409657850610e-01 3.399729300000000176e+00
9.504142541635844932e-01 -1.176576028080107521e-02 3.107640783097235793e-01 6.621268000000000153e-01 1.891581910285983562e-02 9.996209415254844188e-01 -2.000412585873116017e-02 -6.132080000000000169e-02 -3.104109168027844867e-01 2.489056344719414726e-02 9.502765505793226986e-01 3.453204599999999846e+00
9.491797095757534830e-01 -1.211283481439823922e-02 3.145014438161570780e-01 6.793900000000000494e-01 1.950857598107370167e-02 9.996019828021017739e-01 -2.037870067735437010e-02 -6.305959999999999344e-02 -3.141294229977176222e-01 2.547852450330731142e-02 9.490382238857691943e-01 3.506593699999999814e+00
9.481934210049399736e-01 -1.182134275780062638e-02 3.174736086958272474e-01 6.969045999999999852e-01 1.958779505541285298e-02 9.995815999058610402e-01 -2.128246730307334703e-02 -6.471970000000000500e-02 -3.170891903673409007e-01 2.639850346216309970e-02 9.480282508275491571e-01 3.559742899999999821e+00
9.456430269132973798e-01 -1.194010062533758069e-02 3.249872299757539662e-01 7.324694000000000482e-01 1.998059473601684205e-02 9.995709993804713367e-01 -2.141478534846433940e-02 -6.796729999999999439e-02 -3.245921155608248454e-01 2.674418057414659766e-02 9.454759157806007508e-01 3.666399699999999928e+00
9.431309580334142906e-01 -1.519589665117193622e-02 3.320739085263115786e-01 7.691251000000000060e-01 2.344490771193435269e-02 9.995077195552071192e-01 -2.084837768096919550e-02 -7.103850000000000442e-02 -3.315936252423334896e-01 2.744819255463562882e-02 9.430229395004824378e-01 3.773188100000000045e+00
9.411701232702444075e-01 -1.605629276337676090e-02 3.375514694475044708e-01 8.075809000000000459e-01 2.403468796565691110e-02 9.995215123600065255e-01 -1.946997955722391468e-02 -7.449350000000000416e-02 -3.370773395496444724e-01 2.643750730046131106e-02 9.411056929855815545e-01 3.881628800000000101e+00
9.391622025751100722e-01 -1.362268339371261114e-02 3.432037000841081653e-01 8.457225999999999910e-01 2.266527285063725181e-02 9.994932540525436337e-01 -2.234995548235972282e-02 -7.801600000000000201e-02 -3.427253166325388012e-01 2.876903892402320542e-02 9.389950477710273802e-01 3.989131200000000099e+00
9.368181155015912198e-01 -1.095295785249604525e-02 3.496453219797580059e-01 8.852615000000000345e-01 2.134248088618435207e-02 9.994373216565546336e-01 -2.587544375649319592e-02 -8.130560000000000564e-02 -3.491651714843135301e-01 3.170288305902212861e-02 9.365247515298653624e-01 4.097277599999999964e+00
9.343476566026094332e-01 -1.014746417457441409e-02 3.562183116742286826e-01 9.260275000000000034e-01 2.118817232135299100e-02 9.994079871454527586e-01 -2.710602485712972423e-02 -8.542619999999999381e-02 -3.557323684385395035e-01 3.287406577684622716e-02 9.340095169988401613e-01 4.205593600000000265e+00
9.315494935973588353e-01 -1.025319000430837540e-02 3.634699617206902378e-01 9.679731999999999781e-01 2.092101983871322290e-02 9.994577853831010383e-01 -2.542530562285347934e-02 -8.960269999999999346e-02 -3.630121925051728038e-01 3.128909285746213353e-02 9.312589010370556641e-01 4.314536600000000277e+00
9.300124811809471481e-01 -9.686663712834171769e-03 3.674002631923021789e-01 9.888786999999999994e-01 2.030362227925496671e-02 9.994801575242213687e-01 -2.504351488307751325e-02 -9.147700000000000276e-02 -3.669666848230228040e-01 3.075033758305826051e-02 9.297256955513966137e-01 4.368640400000000312e+00
9.271024984228976029e-01 -8.003048569172430127e-03 3.747224421243283143e-01 1.031570600000000004e+00 1.913223493295145364e-02 9.994791289930724520e-01 -2.598900332293480400e-02 -9.581000000000000627e-02 -3.743192688127228718e-01 3.126374770958580129e-02 9.267727138164242318e-01 4.477042700000000153e+00
9.246314010957732421e-01 -8.317236634742819490e-03 3.807723672779168567e-01 1.075740600000000047e+00 2.010728026138652522e-02 9.994332982794139619e-01 -2.699591766956450575e-02 -9.977020000000000333e-02 -3.803320514867990498e-01 3.261756988332425305e-02 9.242746478978796087e-01 4.585969000000000406e+00
9.226034415035789804e-01 -1.182140518696849114e-02 3.855685984428162127e-01 1.121281600000000100e+00 2.331672289667188758e-02 9.994116925602658519e-01 -2.515152494749687759e-02 -1.038865999999999956e-01 -3.850444392003499194e-01 3.219507964317304405e-02 9.223363034640118530e-01 4.694769899999999829e+00
9.204809993677837143e-01 -1.156995505056950153e-02 3.906160083035691843e-01 1.166473700000000058e+00 2.371460391146887337e-02 9.993732427000939778e-01 -2.628192033358671062e-02 -1.079468999999999984e-01 -3.900671062320025251e-01 3.345531221236254515e-02 9.201784580833030081e-01 4.803128700000000251e+00
9.181519149213082098e-01 -1.025392529130198307e-02 3.960958446417423007e-01 1.213198699999999963e+00 2.322154468784251233e-02 9.993393575067403001e-01 -2.795726024355899703e-02 -1.122468999999999967e-01 -3.955474952374814501e-01 3.486696938559399189e-02 9.177834567354211659e-01 4.913006300000000159e+00
9.161427284566001639e-01 -7.557782924202179065e-03 4.007809638859696766e-01 1.261616700000000035e+00 2.148190123691154710e-02 9.993111718721722214e-01 -3.026069547637004128e-02 -1.165279000000000037e-01 -4.002761909174012422e-01 3.633265320254856073e-02 9.156740191224820302e-01 5.022243500000000083e+00
9.133271787451276991e-01 -9.740001414990057810e-03 4.071100550685302633e-01 1.308478699999999995e+00 2.412602293846846310e-02 9.992521104306134605e-01 -3.021845160059920959e-02 -1.201833000000000068e-01 -4.065112539434034833e-01 3.742127967348598400e-02 9.128790983722656627e-01 5.132516400000000090e+00
9.110565179582627016e-01 -9.690691654194335397e-03 4.121675770618417056e-01 1.358077900000000060e+00 2.347045083137405327e-02 9.993215250634056579e-01 -2.838357769417236207e-02 -1.254147999999999930e-01 -4.116128751916513506e-01 3.553280231296701563e-02 9.106658338469988401e-01 5.241981499999999627e+00
9.081180247250045801e-01 -6.535097998199786845e-03 4.186632843511715052e-01 1.407455799999999924e+00 2.065049995215618647e-02 9.993604488403622366e-01 -2.919332364284259879e-02 -1.300072999999999923e-01 -4.182047465312678236e-01 3.515658953515941182e-02 9.076721898301028935e-01 5.351359399999999766e+00
9.049555277577612244e-01 -5.495010576119326549e-03 4.254706777669174933e-01 1.457248000000000099e+00 1.970829926193670353e-02 9.993847712484000834e-01 -2.901141046183521033e-02 -1.350098999999999883e-01 -4.250494979656765926e-01 3.463933971009656998e-02 9.045070704110469428e-01 5.459887499999999783e+00
9.012283614201450632e-01 -4.126785417812309925e-03 4.333248322149051979e-01 1.507416199999999984e+00 1.845996503615340498e-02 9.994125576000399969e-01 -2.887506540617074124e-02 -1.393233000000000110e-01 -4.329511176366501179e-01 3.402218913388696531e-02 9.007751219831249268e-01 5.567677500000000279e+00
8.975734744401501208e-01 -3.250391005182463010e-03 4.408529153127500044e-01 1.558899400000000046e+00 1.817929284441976295e-02 9.993951781366887666e-01 -2.964441311297965134e-02 -1.440733999999999904e-01 -4.404899218973279962e-01 3.462243312434296061e-02 8.970896921888225073e-01 5.675282499999999786e+00
8.939948313832832838e-01 -3.711683130587197649e-03 4.480618984786733927e-01 1.611100399999999988e+00 1.909608502139226172e-02 9.993727743039368949e-01 -2.982276843132285193e-02 -1.488427999999999973e-01 -4.476701698760268133e-01 3.521762894333835270e-02 8.935049734695261758e-01 5.781952900000000284e+00
8.901597411748727318e-01 -2.353612243964981615e-03 4.556425086631937238e-01 1.664607600000000076e+00 1.837490966397707301e-02 9.993586333253852150e-01 -3.073572339898328343e-02 -1.535063000000000122e-01 -4.552779347676803590e-01 3.573209352141551443e-02 8.896320697941664246e-01 5.889251699999999978e+00
8.866984108139038812e-01 -4.080090175159742372e-03 4.623302727750584484e-01 1.719993799999999906e+00 2.125303441909905805e-02 9.992637242542173892e-01 -3.194241565023007989e-02 -1.582912999999999959e-01 -4.618595422724077748e-01 3.814921039489595211e-02 8.861322705771232933e-01 5.997154199999999769e+00
8.832519819506540193e-01 -6.270938079861726813e-03 4.688567070180826857e-01 1.773693200000000081e+00 2.472340201315366415e-02 9.991425072891781944e-01 -3.321149681647186241e-02 -1.629780000000000117e-01 -4.682463985693191555e-01 4.092585324086806670e-02 8.826496387374603847e-01 6.102693600000000274e+00
8.801525758134247646e-01 -7.555364627910513692e-03 4.746307614918493512e-01 1.830214299999999961e+00 2.809067067545478399e-02 9.989500664164738808e-01 -3.618948780413434874e-02 -1.681982999999999950e-01 -4.738590059395269005e-01 4.518496732168524044e-02 8.794407093250469210e-01 6.209407800000000144e+00
8.789401850017726225e-01 -8.515648967072434947e-03 4.768559896989019720e-01 1.859816600000000042e+00 2.961703716133390341e-02 9.988854369762621976e-01 -3.675207349967977988e-02 -1.702226000000000017e-01 -4.760115358884003944e-01 4.642593584852433564e-02 8.782127590634030145e-01 6.262450699999999593e+00
8.751413059475992018e-01 -7.279028013091402849e-03 4.838126810817542367e-01 1.917195399999999994e+00 2.931138082047198695e-02 9.988480662369468854e-01 -3.799188767499122460e-02 -1.753637000000000112e-01 -4.829788169047664059e-01 4.742948793626717424e-02 8.743465594919302974e-01 6.369640799999999992e+00
8.732977155817013282e-01 -7.404466680349415866e-03 4.871306537603249387e-01 1.946615699999999949e+00 3.017097880443134900e-02 9.987872458929758501e-01 -3.890693356597171165e-02 -1.780936999999999937e-01 -4.862517989660959383e-01 4.867454483304365503e-02 8.724620201977456579e-01 6.422993700000000139e+00
8.700267221230015835e-01 -4.787061992874050778e-03 4.929813250310621786e-01 2.006917500000000132e+00 2.813064948382208025e-02 9.988057430646294366e-01 -3.994689200340596769e-02 -1.836675999999999864e-01 -4.922013504161927289e-01 4.862274836524381472e-02 8.691223498391272839e-01 6.530379800000000401e+00
8.685624545631442928e-01 -6.347314065492293614e-03 4.955390742690227168e-01 2.036735100000000021e+00 2.999895832937184842e-02 9.987577146276448437e-01 -3.978806317121585945e-02 -1.863084000000000129e-01 -4.946709259926224678e-01 4.942407384987659857e-02 8.676738649410177251e-01 6.583313000000000415e+00
8.660481867184530724e-01 -9.290862024043101269e-03 4.998742023394781575e-01 2.097398000000000096e+00 3.287421608100919712e-02 9.987218149789850452e-01 -3.839299678510590952e-02 -1.919798000000000060e-01 -4.988785665858361251e-01 4.968315778945849026e-02 8.652466467044696019e-01 6.690954200000000185e+00
8.648553707535648893e-01 -9.178118457342187425e-03 5.019371970877400946e-01 2.128135200000000005e+00 3.270950756900538325e-02 9.987385462429057004e-01 -3.809730125875670365e-02 -1.946491999999999944e-01 -5.009543649807904897e-01 4.936677415215905834e-02 8.640646074319342507e-01 6.744566899999999698e+00
8.622311748192573733e-01 -1.095205229468595998e-02 5.063965380216748358e-01 2.191416300000000206e+00 3.403849103209007076e-02 9.987590387373529444e-01 -3.635606783876550036e-02 -2.003781000000000034e-01 -5.053699459782521330e-01 4.858430910255964047e-02 8.615339706656757190e-01 6.852990199999999810e+00
8.608760414377085723e-01 -1.085264667976383948e-02 5.086989889301776202e-01 2.222408499999999787e+00 3.393956144287392507e-02 9.987706689752606781e-01 -3.612834017465657577e-02 -2.027890999999999999e-01 -5.076815413697903789e-01 4.836704306399688957e-02 8.601860738803199791e-01 6.906673399999999852e+00
8.570985056160053128e-01 -8.143452315753335613e-03 5.150881826009906517e-01 2.281315300000000157e+00 3.356285766593005565e-02 9.986334380643132613e-01 -4.005984230056010981e-02 -2.076385000000000036e-01 -5.140580572815748317e-01 5.162306232906254538e-02 8.562005449540794899e-01 7.014605999999999675e+00
8.557402253494226230e-01 -6.882929808466092120e-03 5.173599250001599259e-01 2.316158300000000114e+00 3.241688751608146069e-02 9.986602961079842355e-01 -4.033309288020089228e-02 -2.108478000000000019e-01 -5.163892060478114665e-01 5.128584848440082694e-02 8.548169100003497611e-01 7.070133700000000410e+00
8.531560105847215691e-01 -5.550392683022119245e-03 5.216263171507230512e-01 2.349269899999999911e+00 3.045672649116447361e-02 9.987676378716751069e-01 -3.918664761978128686e-02 -2.138448000000000015e-01 -5.207659833501078195e-01 4.931935402353486431e-02 8.522736602195896127e-01 7.125322800000000178e+00
8.469465704588311494e-01 -2.589378919869848514e-03 5.316717050067961692e-01 2.415882299999999816e+00 2.584060890281010547e-02 9.990068530408608982e-01 -3.629835408014942671e-02 -2.191570999999999936e-01 -5.310496866768271707e-01 4.448148709525371475e-02 8.461723391757961510e-01 7.235538000000000025e+00
8.443716689698642641e-01 -2.722942879472315184e-03 5.357509404780557150e-01 2.450336500000000139e+00 2.645740272357359479e-02 9.989789339380344968e-01 -3.662096925466036546e-02 -2.217276999999999998e-01 -5.351041865675961740e-01 4.509628732061288225e-02 8.435815517113494089e-01 7.290523499999999935e+00
8.392538008906718083e-01 -5.581464979211397254e-03 5.437112330449375142e-01 2.520164499999999919e+00 3.038786648455256770e-02 9.988659684382801274e-01 -3.665180304396547378e-02 -2.272523999999999933e-01 -5.428900765910881221e-01 4.728238937006532666e-02 8.384716694047449348e-01 7.401012399999999936e+00
8.358797129810059401e-01 -5.514406837760716176e-03 5.488849576587236934e-01 2.553163300000000024e+00 3.036573864951849083e-02 9.988828383830313795e-01 -3.620769393551382526e-02 -2.297146999999999939e-01 -5.480721004968783783e-01 4.693257398743822667e-02 8.351133492861033680e-01 7.455191600000000030e+00
8.333033661990167928e-01 -6.308576929721126242e-03 5.527799758841750455e-01 2.590129899999999985e+00 3.055544146538896957e-02 9.989319066652010415e-01 -3.466137393527778804e-02 -2.325569000000000108e-01 -5.519708913323623234e-01 4.577387577371788002e-02 8.326060817808201842e-01 7.510649199999999581e+00
8.309483963575577947e-01 -6.154303692440441648e-03 5.563154564964596371e-01 2.626882800000000184e+00 2.971818219070280001e-02 9.990022258168865799e-01 -3.333740332099359438e-02 -2.356048000000000031e-01 -5.555552107919456972e-01 4.423434591997053855e-02 8.303021922185616077e-01 7.565743000000000329e+00
8.282121157947506251e-01 -5.132589306121117939e-03 5.603912452722625837e-01 2.663251900000000116e+00 2.879717221498573690e-02 9.990267796941856293e-01 -3.340982379907791316e-02 -2.384933999999999943e-01 -5.596743822288126058e-01 4.380810405483979292e-02 8.275538870042948858e-01 7.620858700000000319e+00
8.249357903716302287e-01 -4.948718773588626704e-03 5.652047876181106600e-01 2.700534600000000118e+00 2.855693967994225868e-02 9.990495229625366846e-01 -3.293253504429841105e-02 -2.412548999999999944e-01 -5.645045995915797254e-01 4.330774585253469033e-02 8.242930281090107281e-01 7.676607599999999643e+00
8.227174680456802447e-01 -6.944855126077349727e-03 5.684080723914667344e-01 2.739014899999999919e+00 3.049310084427360457e-02 9.990248556943025493e-01 -3.192974327925393596e-02 -2.443391000000000035e-01 -5.676320450550743635e-01 4.360168221818853940e-02 8.221269699592259617e-01 7.731791000000000302e+00
8.202775890134165193e-01 -8.185718555783216138e-03 5.719070474946622573e-01 2.777734000000000147e+00 3.131907741607944939e-02 9.990402684881084516e-01 -3.062119084904595112e-02 -2.474957000000000129e-01 -5.711075138291755726e-01 4.302947769766186925e-02 8.197467119158967641e-01 7.787106500000000153e+00
8.179236349754396285e-01 -7.392221347591385397e-03 5.752793081730924740e-01 2.817185199999999945e+00 3.041108199901885328e-02 9.990750717226192235e-01 -3.040011766576051350e-02 -2.502329999999999832e-01 -5.745224916747930788e-01 4.235984095805066935e-02 8.173919197262693448e-01 7.843604100000000301e+00
8.154784342676431041e-01 -8.133711209276191928e-03 5.787303050526707571e-01 2.856507500000000199e+00 3.062916510553567381e-02 9.991066237614840695e-01 -2.911715303504429711e-02 -2.530774000000000079e-01 -5.779764506356043219e-01 4.147043643238455812e-02 8.149990339949959584e-01 7.900223300000000393e+00
8.135099419632675355e-01 -9.138888273389763478e-03 5.814791957138687462e-01 2.897475500000000093e+00 3.120316197744918765e-02 9.991221528080924674e-01 -2.795150176165737965e-02 -2.559008999999999867e-01 -5.807133001830853125e-01 4.088281410628878676e-02 8.130809667562145515e-01 7.957922499999999566e+00
8.119512488003053363e-01 -7.246359000230070263e-03 5.836802719407814255e-01 2.939331500000000208e+00 2.911848410058564748e-02 9.991808706899497627e-01 -2.810162861753302821e-02 -2.589022000000000268e-01 -5.829985278328828624e-01 3.981303716766149137e-02 8.114971587234164341e-01 8.016065599999999236e+00
8.100027768854083376e-01 -3.869819920929686713e-03 5.864132723018017357e-01 2.980665399999999909e+00 2.591327236143850521e-02 9.992376562472572443e-01 -2.919946323154144763e-02 -2.617670999999999748e-01 -5.858532271426432070e-01 3.884753314263093837e-02 8.094855560263460870e-01 8.074247400000000852e+00
8.075900695295686882e-01 3.117494954407509788e-04 5.897441669143311804e-01 3.022383200000000159e+00 2.214759933906358669e-02 9.992784059142353348e-01 -3.085694925006265965e-02 -2.644083999999999879e-01 -5.893282306497310552e-01 3.798118331169691997e-02 8.070004128087546746e-01 8.132648500000000169e+00
8.060633480188527100e-01 3.464326758037018783e-04 5.918291636655286236e-01 3.064172300000000071e+00 2.077001527919518364e-02 9.993672644241055059e-01 -2.887346987775886789e-02 -2.672874000000000083e-01 -5.914646950122550706e-01 3.556614657059414125e-02 8.055461276501669765e-01 8.189681099999999603e+00
8.037585660703200352e-01 -1.248505491647360424e-03 5.949542912717078469e-01 3.105862399999999912e+00 2.212770904918171661e-02 9.993686615785287719e-01 -2.779645205731940544e-02 -2.697497999999999840e-01 -5.945439697455670025e-01 3.550661190225590930e-02 8.032787489722386098e-01 8.246507599999999272e+00
8.016187655103801379e-01 2.619929656865437051e-04 5.978355009041366186e-01 3.146966500000000000e+00 2.094325702549161214e-02 9.993737954700862014e-01 -2.852011418067298271e-02 -2.723537999999999792e-01 -5.974686056746231211e-01 3.538288127612502360e-02 8.011113012221344754e-01 8.302789699999999939e+00
7.995583982645310117e-01 1.250981774464775265e-03 6.005870484861105529e-01 3.188503700000000052e+00 1.956278148350508450e-02 9.994129535456972580e-01 -2.812553760721111032e-02 -2.750615000000000143e-01 -6.002696605237402006e-01 3.423716299090759363e-02 7.990645476587280305e-01 8.358451799999999210e+00
7.968901939500663278e-01 7.020168400072423348e-04 6.041237670863330855e-01 3.229808600000000141e+00 1.795524432221794892e-02 9.995300328868438333e-01 -2.484597670759675428e-02 -2.778550000000000186e-01 -6.038572910775816815e-01 3.064670503628940876e-02 7.965030768822324303e-01 8.414507900000000262e+00
7.945049106480919221e-01 1.061779927927988462e-03 6.072567987099463105e-01 3.271367800000000159e+00 1.628000723570946495e-02 9.996018020135928328e-01 -2.304774990282390523e-02 -2.804264000000000201e-01 -6.070394619136986192e-01 2.819769555411436729e-02 7.941712546075718748e-01 8.469796199999999331e+00
7.919954162000659714e-01 1.687406817235881200e-03 6.105247033301087756e-01 3.312794699999999981e+00 1.523873734108210226e-02 9.996299967775921225e-01 -2.253109910059131193e-02 -2.828703000000000189e-01 -6.103368263527392257e-01 2.714815280390735219e-02 7.916766613946641939e-01 8.524907100000000071e+00
7.897943425422643271e-01 1.499435601145368210e-03 6.133699113757623556e-01 3.354341999999999935e+00 1.596934572634949034e-02 9.996077691241340712e-01 -2.300625792570653791e-02 -2.851222999999999952e-01 -6.131638251603764855e-01 2.796532852569104735e-02 7.894606158100260229e-01 8.579146400000000838e+00
7.875699207438207061e-01 7.351740828240027614e-04 6.162248611169787171e-01 3.396526800000000179e+00 1.647571684691208349e-02 9.996166826437857811e-01 -2.224946144546362595e-02 -2.874706000000000206e-01 -6.160050086597934627e-01 2.767575291298754805e-02 7.872559190039456478e-01 8.633720399999999628e+00
7.852497350903419049e-01 5.134169007354836417e-04 6.191789643904530571e-01 3.438175000000000203e+00 1.636171336216838551e-02 9.996332534068078646e-01 -2.157899486016372215e-02 -2.896318999999999977e-01 -6.189629616353486963e-01 2.707572873270026881e-02 7.849533470450273942e-01 8.687601100000000187e+00
7.825985010570910561e-01 3.834973904890627040e-03 6.225149629674319174e-01 3.479641200000000101e+00 1.249074720069367345e-02 9.996829817327974599e-01 -2.186131899477963825e-02 -2.919266999999999834e-01 -6.224014519404358348e-01 2.488431250752082963e-02 7.823025013468034583e-01 8.741063099999999864e+00
7.802028290545466316e-01 1.377301825255710342e-02 6.253749671225230511e-01 3.522150299999999845e+00 2.626903847667333772e-03 9.996766103437705331e-01 -2.529375630000941025e-02 -2.941742999999999997e-01 -6.255210986940864526e-01 2.137706013005259351e-02 7.799143391352276744e-01 8.795439699999999306e+00
7.772562863152815416e-01 2.563158063754224919e-02 6.286618228088917126e-01 3.563695000000000057e+00 -5.045982679684654984e-03 9.993916772371516100e-01 -3.450816610469524537e-02 -2.969737000000000071e-01 -6.291638923541095219e-01 2.364947236481365622e-02 7.769128001356989666e-01 8.849137300000000650e+00
