1.000000000000000000e+00 0.000000000000000000e+00 0.000000000000000000e+00 0.000000000000000000e+00 0.000000000000000000e+00 1.000000000000000000e+00 0.000000000000000000e+00 0.000000000000000000e+00 0.000000000000000000e+00 0.000000000000000000e+00 1.000000000000000000e+00 0.000000000000000000e+00
9.999537947758236900e-01 -1.356847573652145969e-03 9.516684196288097836e-03 2.486000000000000254e-04 1.379118849160492063e-03 9.999963250840859796e-01 -2.334062878976263765e-03 -3.695999999999999850e-04 -9.513482255719806630e-03 2.347079671634307377e-03 9.999519912837742108e-01 4.637379999999999974e-02
9.998578193891373145e-01 -1.034417904010423092e-03 1.683065613691821227e-02 1.193999999999999966e-03 1.093903100356229639e-03 9.999931870407023915e-01 -3.525513889603770507e-03 -4.947000000000000442e-04 -1.682689461565475830e-02 3.543423736814545980e-03 9.998521389514626323e-01 9.378720000000000112e-02
9.997407319519435731e-01 -7.991417020056643854e-04 2.275588382665473877e-02 2.071700000000000104e-03 8.963445229493246678e-04 9.999905173343015541e-01 -4.261667276083614536e-03 -8.314999999999999909e-04 -2.275226236417534839e-02 4.280959473760372058e-03 9.997319680510849960e-01 1.421086000000000016e-01
9.996192043310843101e-01 -1.931653163007194304e-03 2.752662435802049473e-02 3.779100000000000081e-03 2.094745824340965134e-03 9.999804167422645662e-01 -5.897302086400952464e-03 -1.131000000000000061e-03 -2.751469375481269825e-02 5.952717700740330076e-03 9.996036748529659732e-01 1.912120999999999960e-01
9.994799194219893268e-01 -1.133975312368082312e-03 3.222739164444726051e-02 5.003200000000000182e-03 1.380879266608690857e-03 9.999698606941330725e-01 -7.640083494770698140e-03 -1.672300000000000045e-03 -3.221775666716569092e-02 7.680612172669382988e-03 9.994513616739877371e-01 2.410074000000000105e-01
9.993426052228732148e-01 -1.562611930286027457e-03 3.622037589970516364e-02 6.954199999999999791e-03 1.877190174170711859e-03 9.999608023688760783e-01 -8.652738459213367081e-03 -2.127299999999999938e-03 -3.620543527442546955e-02 8.715042727886130811e-03 9.993063666798287503e-01 2.915583999999999953e-01
9.992332366296359236e-01 -1.305219133791094346e-03 3.913100072416494241e-02 8.806500000000000092e-03 1.605801251781609467e-03 9.999694414417862331e-01 -7.650985880372852647e-03 -2.589399999999999948e-03 -3.911981872403792054e-02 7.707955994598941242e-03 9.992047974251242470e-01 3.432234000000000118e-01
9.991239003807863561e-01 -1.893281758474008123e-03 4.180726219292019846e-02 1.070010000000000058e-02 2.133819297159578968e-03 9.999814233970145683e-01 -5.709612603999885891e-03 -3.070499999999999879e-03 -4.179567565061743234e-02 5.793819557400327683e-03 9.991093799739068082e-01 3.957367999999999997e-01
9.990325788513809702e-01 -1.883199462020900602e-03 4.393586181407506397e-02 1.271070000000000012e-02 2.078232542959174752e-03 9.999881877247609463e-01 -4.393786572612527058e-03 -3.603100000000000139e-03 -4.392706845507267366e-02 4.480844868384631016e-03 9.990246917299936413e-01 4.487228999999999801e-01
9.989356834474307778e-01 -4.266966458862194410e-03 4.592704358712276780e-02 1.545449999999999949e-02 4.501870837483614406e-03 9.999773036890732270e-01 -5.012510917066066718e-03 -3.956399999999999674e-03 -4.590461299670375861e-02 5.213933636903806193e-03 9.989322206244289903e-01 5.031927999999999956e-01
9.988956153901087376e-01 -4.410517629314930979e-03 4.677709790760337105e-02 1.800310000000000105e-02 4.649350452543920750e-03 9.999767005373005890e-01 -4.998191963426517302e-03 -4.364599999999999730e-03 -4.675396341258609978e-02 5.210155158470233631e-03 9.988928477011131957e-01 5.578197999999999768e-01
9.988558764486548114e-01 -6.411740990782600035e-03 4.739016418474230330e-02 2.078730000000000161e-02 6.705642518593788078e-03 9.999592431389906499e-01 -6.045363455554153206e-03 -4.701900000000000177e-03 -4.734947140573525504e-02 6.356228312768559541e-03 9.988581610615360207e-01 6.135272999999999977e-01
9.988553437896411369e-01 -6.333029021805902138e-03 4.741197028480090975e-02 2.317160000000000053e-02 6.636790757118346366e-03 9.999584307657015669e-01 -6.252179543310601439e-03 -5.313199999999999694e-03 -4.737040417100226580e-02 6.559686273331009204e-03 9.988558531263014295e-01 6.693930000000000158e-01
9.988909242646137887e-01 -6.042903284576702991e-03 4.669480422572783174e-02 2.592679999999999985e-02 6.416340868355605714e-03 9.999485896277074959e-01 -7.851666792457022079e-03 -5.963900000000000277e-03 -4.664495676540891811e-02 8.142568480028570047e-03 9.988783442376260036e-01 7.263330999999999538e-01
9.989512317852836665e-01 -6.479644415260988471e-03 4.532604905477869567e-02 2.867029999999999926e-02 6.842753412490699613e-03 9.999456933290816751e-01 -7.860478252492079931e-03 -6.327799999999999744e-03 -4.527265444393861055e-02 8.162389409592706035e-03 9.989413206784099053e-01 7.838454999999999728e-01
9.990142656631143536e-01 -5.714659450385466306e-03 4.402090036510519083e-02 3.080559999999999896e-02 6.008785547804768555e-03 9.999604815308352768e-01 -6.552089198151886916e-03 -7.260400000000000187e-03 -4.398171776805551852e-02 6.810142728766128105e-03 9.990091243117777964e-01 8.423138999999999488e-01
9.990672327612184489e-01 -6.499575499404745479e-03 4.268981074177879281e-02 3.343030000000000307e-02 6.828415862517393450e-03 9.999480952159838232e-01 -7.561720090969843711e-03 -7.558699999999999794e-03 -4.263844696573592524e-02 7.846170547037178977e-03 9.990597581967242125e-01 9.014012000000000135e-01
9.991091360273625099e-01 -6.836612178528583134e-03 4.164366747270970004e-02 3.581580000000000180e-02 7.182142948517832720e-03 9.999409679854516231e-01 -8.153365377873467851e-03 -8.271799999999999292e-03 -4.158546776608723627e-02 8.445192611092115081e-03 9.990992581282589491e-01 9.614751000000000269e-01
9.991346461354916331e-01 -7.341987008190956933e-03 4.093963994073938906e-02 3.833109999999999989e-02 7.706207738263839459e-03 9.999320601413903553e-01 -8.745825500747051937e-03 -8.912800000000000236e-03 -4.087264677018789816e-02 9.053746636964727160e-03 9.991233439459979992e-01 1.022735600000000078e+00
9.992066574438107640e-01 -9.858107838666118825e-03 3.858592268960637367e-02 4.328900000000000109e-02 1.012820452633610667e-02 9.999255143754625097e-01 -6.810666196440748159e-03 -1.011820000000000080e-02 -3.851590831123880704e-02 7.196069121948838430e-03 9.992320758443217210e-01 1.146297600000000028e+00
9.992215912284794221e-01 -1.219098037178570001e-02 3.751788400750159791e-02 4.767280000000000129e-02 1.241851756979236651e-02 9.999058463782591888e-01 -5.837705023871809368e-03 -1.116830000000000080e-02 -3.744318421547994380e-02 6.299077404804268379e-03 9.992789048006837094e-01 1.272670299999999921e+00
9.992289043289750428e-01 -1.436748939153457104e-02 3.654000550219124038e-02 5.009539999999999826e-02 1.464869940856670764e-02 9.998650226849108424e-01 -7.439893610809227356e-03 -1.178590000000000020e-02 -3.642818083782776301e-02 7.969420298042019513e-03 9.993044961276615901e-01 1.335837699999999906e+00
9.992547779827645194e-01 -1.416488990652926307e-02 3.590605203237824672e-02 5.449289999999999690e-02 1.442559218849429233e-02 9.998713586097935924e-01 -7.012026940671797597e-03 -1.354980000000000073e-02 -3.580210843829174927e-02 7.524767487528105474e-03 9.993305693841409987e-01 1.465798399999999946e+00
9.992524856381930221e-01 -1.518051793873569782e-02 3.555308454979225208e-02 5.904539999999999789e-02 1.540201460607573333e-02 9.998635924075799375e-01 -5.964438270551801306e-03 -1.517390000000000058e-02 -3.545769157696511409e-02 6.507568894811397754e-03 9.993499905714274822e-01 1.597247800000000106e+00
9.992216065140242520e-01 -1.636864080900772567e-02 3.589218123210348443e-02 6.328019999999999479e-02 1.661274733040241092e-02 9.998407832130631334e-01 -6.513436115038036441e-03 -1.666689999999999838e-02 -3.577985049813207918e-02 7.104633836740718335e-03 9.993344417542993074e-01 1.731479800000000013e+00
9.991897087338333927e-01 -1.511215878525863296e-02 3.730346655803210010e-02 6.862070000000000669e-02 1.540262597357781524e-02 9.998531573189237687e-01 -7.511518654539210173e-03 -1.909630000000000008e-02 -3.718447355436345358e-02 8.080003479489027141e-03 9.992757519675218303e-01 1.868055900000000102e+00
9.991195702920566690e-01 -1.325678262541108397e-02 3.980379346040548161e-02 7.317269999999999330e-02 1.358188379697325941e-02 9.998764879225068292e-01 -7.908307801203710852e-03 -2.031449999999999922e-02 -3.969403849372767079e-02 8.441955589533922666e-03 9.991762190394058996e-01 2.006137600000000187e+00
9.990899710200306094e-01 -1.084513231960246467e-02 4.125061105201781320e-02 7.840990000000000459e-02 1.111095811126243914e-02 9.999189235591285918e-01 -6.220363189024804944e-03 -2.268519999999999912e-02 -4.117980593742898154e-02 6.673036289719806551e-03 9.991294681719841142e-01 2.145498299999999858e+00
9.988991687007008347e-01 -9.755268714398416391e-03 4.588339025571930296e-02 8.367900000000000338e-02 1.014986645034268373e-02 9.999134168306650361e-01 -8.374906152605686438e-03 -2.441770000000000052e-02 -4.579771806639458542e-02 8.831397077168710169e-03 9.989116955194670133e-01 2.288970200000000066e+00
9.984915498783547561e-01 -7.803495534755412397e-03 5.434823160839685058e-02 9.093779999999999919e-02 8.271490348359398018e-03 9.999305807632288268e-01 -8.391430267172199364e-03 -2.668420000000000167e-02 -5.427897630701864623e-02 8.828313086364163176e-03 9.984867818950390328e-01 2.433176800000000028e+00
9.979245199271946642e-01 -4.360937668709962897e-03 6.424667112565228544e-02 9.900760000000000116e-02 4.920954199107492599e-03 9.999512455490066065e-01 -8.561000803671817497e-03 -2.911189999999999958e-02 -6.420620482358681269e-02 8.859387543154984349e-03 9.978973266396257147e-01 2.578873600000000099e+00
9.972474431773773462e-01 -4.207694704387372753e-03 7.402588994033322545e-02 1.081777000000000016e-01 5.079346657628425882e-03 9.999199254056255759e-01 -1.159064339628220960e-02 -3.228810000000000013e-02 -7.397119245838405799e-02 1.193474264836958884e-02 9.971889613329070201e-01 2.726130700000000129e+00
9.964388776333058528e-01 -1.426899351709979636e-03 8.430615101591203142e-02 1.188902000000000014e-01 2.440383019273855911e-03 9.999259806434607212e-01 -1.191963778530031118e-02 -3.514599999999999669e-02 -8.428290260543307155e-02 1.208292979593975427e-02 9.963686040497008456e-01 2.874952099999999788e+00
9.958923641246272274e-01 -7.516482576384474115e-05 9.054498013976111648e-02 1.240387000000000017e-01 1.108798155854227342e-03 9.999347965251845771e-01 -1.136544168905029815e-02 -3.662039999999999740e-02 -9.053822201098463140e-02 1.141915270002972181e-02 9.958275118245644153e-01 2.949559900000000123e+00
9.948132680490761048e-01 9.037123145907823354e-04 1.017140354993820023e-01 1.375734000000000123e-01 2.054299001405029620e-04 9.999406428361347077e-01 -1.089351196877189239e-02 -3.919849999999999723e-02 -1.017178426436247812e-01 1.085790534634121542e-02 9.947540331053785767e-01 3.100651000000000046e+00
9.935770386596600723e-01 8.854842560863455643e-04 1.131542494382447445e-01 1.529743000000000075e-01 6.658429606723963818e-04 9.999063214883109341e-01 -1.367131672028496642e-02 -4.176710000000000145e-02 -1.131557550522818562e-01 1.365884934197765868e-02 9.934833722479713414e-01 3.252764899999999848e+00
9.928365202904760878e-01 3.486815941363512195e-04 1.194802176037726010e-01 1.611403999999999892e-01 1.263817412205373763e-03 9.999091502377522866e-01 -1.341991193580060332e-02 -4.324630000000000141e-02 -1.194740421306969419e-01 1.347477984836663312e-02 9.927458806587868834e-01 3.329537399999999980e+00
9.907579000458799356e-01 4.092484579539156647e-03 1.355803638682400725e-01 1.899242999999999904e-01 -1.957300576940409435e-03 9.998720202939576085e-01 -1.587803538637574258e-02 -4.657150000000000178e-02 -1.356279929480992408e-01 1.546591747183870443e-02 9.906391133635016333e-01 3.560848200000000130e+00
9.901325564133272028e-01 1.994817448645940568e-03 1.401197396292045982e-01 2.003570000000000073e-01 1.257650407378123336e-05 9.998974071873876213e-01 -1.432392899211630370e-02 -4.887709999999999971e-02 -1.401339379745001334e-01 1.418435064732335125e-02 9.900309508416758053e-01 3.638892900000000097e+00
9.889880254326778308e-01 -3.297169124732654295e-04 1.479951919405853855e-01 2.232068000000000108e-01 2.521522573078902908e-03 9.998899046342299979e-01 -1.462260354601816435e-02 -5.170389999999999708e-02 -1.479740770361029634e-01 1.483475302484670889e-02 9.888799738229131497e-01 3.796169499999999974e+00
9.880419337858480366e-01 2.856090272502575340e-04 1.541851338754990641e-01 2.465788999999999898e-01 2.076976900237081404e-03 9.998828969542910006e-01 -1.516174611483437837e-02 -5.526520000000000044e-02 -1.541714086582784693e-01 1.530067991229040053e-02 9.879256378627613300e-01 3.952926600000000068e+00
9.866774167926914973e-01 2.374513552240288192e-03 1.626715613642762959e-01 2.710265000000000035e-01 3.764734775035672842e-04 9.998574790613706798e-01 -1.687838359444907010e-02 -5.913469999999999838e-02 -1.626884552112473070e-01 1.671476145300489907e-02 9.865359006597514968e-01 4.110943800000000259e+00
9.859094535814718618e-01 3.652802501496273460e-03 1.672399664331727653e-01 2.840031000000000083e-01 -8.562712079547578261e-04 9.998586591834376369e-01 -1.679072528263049480e-02 -6.106639999999999985e-02 -1.672776618030695495e-01 1.641093202055878691e-02 9.857732321238564799e-01 4.189902299999999968e+00
9.850845043065509232e-01 3.708190091375276366e-03 1.720313015162160397e-01 2.968830000000000080e-01 -7.521191122045760204e-04 9.998510053409713771e-01 -1.724533083156276278e-02 -6.305220000000000269e-02 -1.720696187360164497e-01 1.685872014404471084e-02 9.849405209773567371e-01 4.269359099999999962e+00
9.843133361359848177e-01 4.426569710887577960e-03 1.763736425474125846e-01 3.110961999999999894e-01 -1.379508358955508105e-03 9.998477431106086444e-01 -1.739504392952029299e-02 -6.569010000000000127e-02 -1.764237888198056659e-01 1.687886480830454172e-02 9.841695741391559560e-01 4.347184699999999680e+00
9.835061902414813373e-01 5.234798074929619509e-03 1.807987020025358660e-01 3.253044999999999964e-01 -2.101286549034893890e-03 9.998443280837275848e-01 -1.751868127565757091e-02 -6.775399999999999479e-02 -1.808622634811526686e-01 1.684982159887585609e-02 9.833640857589625028e-01 4.425659200000000126e+00
9.826915391253893128e-01 5.130672541938836005e-03 1.851783333185633984e-01 3.397320999999999813e-01 -2.038252873095687707e-03 9.998553405959448304e-01 -1.688618983052432229e-02 -6.992370000000000529e-02 -1.852381830417230424e-01 1.621647560459981222e-02 9.825598411610187988e-01 4.504530400000000157e+00
9.818556720405151594e-01 4.219128172903081550e-03 1.895828004839278103e-01 3.542351000000000250e-01 -1.052212374415142839e-03 9.998582792941950181e-01 -1.680220747313973181e-02 -7.187939999999999607e-02 -1.896268233425516259e-01 1.629786134165831304e-02 9.817209621805478292e-01 4.584086400000000339e+00
9.810359485986965833e-01 3.476802894285116637e-03 1.937946836182299348e-01 3.696498999999999757e-01 -1.186932257132798912e-04 9.998496941257455362e-01 -1.733710092752285825e-02 -7.405609999999999971e-02 -1.938258328215661797e-01 1.698531713825899431e-02 9.808889058057181920e-01 4.664393900000000315e+00
9.802725801813899631e-01 3.509156293699564923e-03 1.976192155804358253e-01 3.850867000000000040e-01 9.028600215219917749e-05 9.998343244309273459e-01 -1.820207510667675929e-02 -7.650260000000000393e-02 -1.976503488308538059e-01 1.786083737840068672e-02 9.801098561361293315e-01 4.744217899999999766e+00
9.795080348519898950e-01 3.974483128228187626e-03 2.013658688662413876e-01 4.011392999999999764e-01 7.839549349240599457e-05 9.997976704916110569e-01 -2.011496790190050662e-02 -7.839079999999999659e-02 -2.014050732095383489e-01 1.971855885736371536e-02 9.793095398912690097e-01 4.824859599999999915e+00
9.787549518864920861e-01 3.113667405883601118e-03 2.050098759400536541e-01 4.172020000000000173e-01 1.190470701650867078e-03 9.997815287605826828e-01 -2.086809834797345720e-02 -8.088480000000000669e-02 -2.050300634960131041e-01 2.066881284538905905e-02 9.785374153492462090e-01 4.905169500000000404e+00
9.781301594696125701e-01 3.351490218129899064e-03 2.079667248606566210e-01 4.341445999999999916e-01 1.224942623845815632e-03 9.997600086790671137e-01 -2.187291845181789027e-02 -8.323229999999999518e-02 -2.079901215238804391e-01 2.164930851896590056e-02 9.778913113373756127e-01 4.985632400000000075e+00
9.773288980510604906e-01 3.453975168143655870e-03 2.116985949170131776e-01 4.511855000000000171e-01 1.175934288340136497e-03 9.997629560621112965e-01 -2.174048905840177473e-02 -8.547910000000000230e-02 -2.117235041577795462e-01 2.149655185109529063e-02 9.770931665126226795e-01 5.066501099999999980e+00
9.764196245171616884e-01 3.619015366813047550e-03 2.158509198162932297e-01 4.682734000000000063e-01 1.180868418338464195e-03 9.997549810900445699e-01 -2.210392126802895527e-02 -8.792039999999999578e-02 -2.158780266899427702e-01 2.183759403916610622e-02 9.761761096641512481e-01 5.147520499999999721e+00
9.756092019502383694e-01 1.481260540516790266e-03 2.195096602366971572e-01 4.867631000000000041e-01 3.421597898922877287e-03 9.997531345873309494e-01 -2.195364549737164120e-02 -9.073299999999999421e-02 -2.194879899626337449e-01 2.216925235584834772e-02 9.753632895040419415e-01 5.228821800000000408e+00
9.742087844823610343e-01 -1.671273269568575390e-03 2.256423078304664875e-01 5.236429000000000222e-01 6.547134697295686062e-03 9.997609225490723395e-01 -2.086223312791183476e-02 -9.568649999999999378e-02 -2.255534953501187323e-01 2.180148135990535307e-02 9.739868151807075103e-01 5.392396899999999604e+00
9.729141858388957731e-01 -3.575426081132257634e-04 2.311663019488825188e-01 5.611789000000000360e-01 5.454739663499160243e-03 9.997558742598485759e-01 -2.141115826220863980e-02 -1.002394999999999953e-01 -2.311022129029533800e-01 2.209217160464945970e-02 9.726786227450199274e-01 5.555055600000000204e+00
9.714080826014751535e-01 1.760773724853163585e-03 2.374094284825594980e-01 6.006660000000000332e-01 4.445543709301306642e-03 9.996622807357002927e-01 -2.560393749848981562e-02 -1.057982999999999979e-01 -2.373743334854346576e-01 2.592728582377546234e-02 9.710721917819281623e-01 5.720312599999999748e+00
9.697782534247043618e-01 4.307625717504488805e-03 2.439499611502483067e-01 6.412512999999999685e-01 2.551223335741819361e-03 9.996104480537745252e-01 -2.779286601311996979e-02 -1.123868999999999979e-01 -2.439746512325018934e-01 2.757528789351013782e-02 9.693894847034235651e-01 5.885589099999999796e+00
9.678056701472569356e-01 4.479271460500552568e-03 2.516587390852978445e-01 6.836214000000000457e-01 2.475786837693225335e-03 9.996238523569332957e-01 -2.731344501556809412e-02 -1.181679000000000063e-01 -2.516864225784798959e-01 2.705716035113998885e-02 9.674305426041600597e-01 6.052272300000000271e+00
9.657690059011583283e-01 4.826900532177370168e-03 2.593586865172263778e-01 7.270691999999999711e-01 2.095227318016300647e-03 9.996490961807300568e-01 -2.640633498869937243e-02 -1.240590000000000026e-01 -2.593951373159764096e-01 2.604583529668488481e-02 9.654200004145987446e-01 6.217771499999999563e+00
9.647402279273121772e-01 5.857961091290098815e-03 2.631387027987534544e-01 7.493083000000000382e-01 1.297525804080532086e-03 9.996342989376078014e-01 -2.701082772343686364e-02 -1.268678000000000028e-01 -2.632007010734309094e-01 2.639986135134749987e-02 9.643798205453513184e-01 6.300916199999999634e+00
9.627539377265850185e-01 6.856195984728988280e-03 2.702921529911179177e-01 7.942643000000000342e-01 8.491398941823072484e-04 9.995968404135645580e-01 -2.838019726250837552e-02 -1.331399000000000055e-01 -2.703777623130182994e-01 2.755266251812637027e-02 9.623599723776791182e-01 6.466361000000000026e+00
9.612502013084791574e-01 4.554275261659911610e-03 2.756398176266438016e-01 8.416027000000000369e-01 3.326075799280901833e-03 9.995991588780567261e-01 -2.811509896939985015e-02 -1.401390000000000136e-01 -2.756573737526095691e-01 2.794244347086959762e-02 9.608497448345872938e-01 6.633040000000000269e+00
9.597698274299893972e-01 1.606325391640099284e-03 2.807833650231875700e-01 8.890991000000000311e-01 6.348221359968717406e-03 9.996038980234354110e-01 -2.741800762123588683e-02 -1.461413000000000018e-01 -2.807161884191455847e-01 2.809745139847179621e-02 9.593794633951350237e-01 6.796533100000000438e+00
9.580505431079032741e-01 3.487157490323282254e-03 2.865780811284933116e-01 9.365847000000000477e-01 4.923298650685193657e-03 9.995781803948076139e-01 -2.862206157846762869e-02 -1.522889000000000048e-01 -2.865570065118767107e-01 2.883229112025462518e-02 9.576292502882882696e-01 6.961355199999999854e+00
9.562103948470556114e-01 5.051239739041686258e-03 2.926365762572010198e-01 9.845099000000000489e-01 4.306426123328854424e-03 9.995000042073990398e-01 -3.132405279419387539e-02 -1.587488999999999983e-01 -2.926484845005731805e-01 3.121260268718167169e-02 9.557105408820234516e-01 7.125186000000000242e+00
9.545140353289714996e-01 6.226266073331134833e-03 2.981009727773243356e-01 1.034887799999999913e+00 3.684428370247737859e-03 9.994593164487740600e-01 -3.267261469998906237e-02 -1.668544999999999889e-01 -2.981432228771727089e-01 3.228480098333445097e-02 9.539750050592934461e-01 7.290320399999999701e+00
9.528314828484076848e-01 3.382201331594549172e-03 3.034810142448076675e-01 1.086214800000000036e+00 6.128886360232499268e-03 9.995195687935076734e-01 -3.038203993848579906e-02 -1.739332000000000100e-01 -3.034379706709230407e-01 3.080896481534149342e-02 9.523529837419102417e-01 7.455801000000000123e+00
9.508011794617974299e-01 5.852633666713141607e-03 3.097464508484608636e-01 1.138421899999999987e+00 4.019836703641910085e-03 9.995043008060923162e-01 -3.122488723759633128e-02 -1.808861999999999970e-01 -3.097756576087455915e-01 3.093378976601168090e-02 9.503063414519453689e-01 7.620974099999999751e+00
9.483686902248928963e-01 7.756134763460325807e-03 3.170751800041311519e-01 1.192081699999999911e+00 2.089419020558958961e-03 9.995264800342947842e-01 -3.069934915285638111e-02 -1.882189999999999974e-01 -3.171631468649497299e-01 2.977680445889886729e-02 9.479034128997209097e-01 7.786447500000000410e+00
9.458487490479765558e-01 9.310499015474956244e-03 3.244741261371399954e-01 1.246572100000000072e+00 9.270080028559064822e-04 9.995070269373168559e-01 -3.138222042954252194e-02 -1.948953999999999964e-01 -3.246063532658294282e-01 2.998362404727945157e-02 9.453738401862255003e-01 7.950246800000000391e+00
9.429699720901116855e-01 1.043344209376719824e-02 3.327142543120897300e-01 1.302699999999999969e+00 6.186294001372417972e-05 9.995031725116204635e-01 -3.151831708995012082e-02 -2.022519999999999873e-01 -3.328777972610227898e-01 2.974140926859377212e-02 9.425008332438584713e-01 8.113753300000000834e+00
9.401939825318859079e-01 1.090565195440622304e-02 3.404648909451327699e-01 1.359271499999999966e+00 9.838544068272066234e-05 9.994786456673534492e-01 -3.228664081718656681e-02 -2.101567000000000018e-01 -3.406394949666536887e-01 3.038920220081981621e-02 9.397027353681912665e-01 8.275584200000000834e+00
9.373232026712181586e-01 1.205158364916329543e-02 3.482527430842687899e-01 1.417423400000000111e+00 -4.398000028519848809e-04 9.994418734487530154e-01 -3.340281684535438556e-02 -2.170625999999999944e-01 -3.484609308231383373e-01 3.115607370632601791e-02 9.368053579912306583e-01 8.437660199999999833e+00
9.342007011194420896e-01 1.101704290205552175e-02 3.565777261602820492e-01 1.474968400000000068e+00 1.164684807962771372e-03 9.994235275306716515e-01 -3.393016544974170740e-02 -2.241248999999999880e-01 -3.567459790064085867e-01 3.211288501276416546e-02 9.336493287519227469e-01 8.600634599999999352e+00
9.317908412359813264e-01 7.802761865170494346e-03 3.629117593796287733e-01 1.537496999999999892e+00 5.589087304849804649e-03 9.993420371257413226e-01 -3.583650284935877700e-02 -2.318842999999999877e-01 -3.629526006131391092e-01 3.542047064408904850e-02 9.311341471385904400e-01 8.760897599999999841e+00
9.294609524880851348e-01 5.198200789367651148e-03 3.688838794370050134e-01 1.600762400000000030e+00 9.237833936662245143e-03 9.992592678246400295e-01 -3.735743688642042398e-02 -2.396067000000000058e-01 -3.688048267364461563e-01 3.812996689111664700e-02 9.287244507391749782e-01 8.924278299999999220e+00
9.271285248036343907e-01 3.821915687543928422e-03 3.747240203882236664e-01 1.665446200000000099e+00 1.185328772382519304e-02 9.991485681431974131e-01 -3.951757011171838641e-02 -2.470999000000000112e-01 -3.745560012408995498e-01 4.107957811219181687e-02 9.262938357759655794e-01 9.085560799999999659e+00
9.242717065415897437e-01 4.956629368992622638e-03 3.817030839697206912e-01 1.731223600000000085e+00 1.153487196443469393e-02 9.990964618756676963e-01 -4.090484807802841072e-02 -2.550240999999999758e-01 -3.815609508524965832e-01 4.221008994092438626e-02 9.233794177323413344e-01 9.248373000000000843e+00
9.213548799996714722e-01 5.490728654296563385e-03 3.886837236103872772e-01 1.798784699999999903e+00 1.200427570285552380e-02 9.990214454749088979e-01 -4.256816705090121083e-02 -2.630895999999999790e-01 -3.885371056484063779e-01 4.388625502442063814e-02 9.203873717920573183e-01 9.411460899999999796e+00
9.201800420173512629e-01 7.352374666716734834e-03 3.914264079743546287e-01 1.833257600000000043e+00 1.041809761630233325e-02 9.990096918396345060e-01 -4.325620016293202363e-02 -2.673071000000000197e-01 -3.913568109986114707e-01 4.388141061131314857e-02 9.191921824557465204e-01 9.492720600000000175e+00
9.190784010250291347e-01 5.531369065594619536e-03 3.940359079139055254e-01 1.867768499999999943e+00 1.260740774107234514e-02 9.989769289214082137e-01 -4.342981410047787316e-02 -2.711029999999999829e-01 -3.938730075028320510e-01 4.488317545597571290e-02 9.180683822688058271e-01 9.573296499999999654e+00
9.182269951148676057e-01 3.429760101551698921e-03 3.960396724924999390e-01 1.902239100000000072e+00 1.448685086083738999e-02 9.990024762498213029e-01 -4.223959752247734983e-02 -2.758999999999999786e-01 -3.957894851994638863e-01 4.452290637829951075e-02 9.172613554561057647e-01 9.653439499999999285e+00
9.162725115714785984e-01 2.284082893859736008e-03 4.005489576866086976e-01 1.971781400000000017e+00 1.556135503074490556e-02 9.990258472092367059e-01 -4.129407751087359191e-02 -2.846377999999999964e-01 -4.002530808977012855e-01 4.406971265167158869e-02 9.153443787224004868e-01 9.816232700000000477e+00
9.150994590373668913e-01 2.683723029228723446e-03 4.032192675210606869e-01 2.006690299999999816e+00 1.499907276992700975e-02 9.990592485189604410e-01 -4.068962723806256176e-02 -2.885058999999999818e-01 -4.029491380876260576e-01 4.328297100976821743e-02 9.141983245089693177e-01 9.897527699999999484e+00
9.138379891069803307e-01 1.216335728925680912e-03 4.060771480794074795e-01 2.041907500000000208e+00 1.657465284217866930e-02 9.990504602751044683e-01 -4.029216682263442317e-02 -2.920998000000000205e-01 -4.057405704980360794e-01 4.355110046251739475e-02 9.129501032917581860e-01 9.979731599999999148e+00
9.128352028475701374e-01 1.535940175592230388e-03 4.083252788280593570e-01 2.078027500000000138e+00 1.619962393107981027e-02 9.990694218255484760e-01 -3.997327304156984146e-02 -2.960163000000000100e-01 -4.080066967915195741e-01 4.310372676395058528e-02 9.119608566777039904e-01 1.006141470000000027e+01
9.116605080662495419e-01 2.539256603658905133e-03 4.109363335217371405e-01 2.113233300000000092e+00 1.563325552083504391e-02 9.990427527613873204e-01 -4.085559296803532164e-02 -3.001314999999999955e-01 -4.106467086854683202e-01 4.367070334732738729e-02 9.107481267150330240e-01 1.014294149999999917e+01
9.103205090201127447e-01 4.399671854988626736e-03 4.138806757326697339e-01 2.149059999999999970e+00 1.518082731942465777e-02 9.989158038836560838e-01 -4.400862680619614664e-02 -3.040592999999999768e-01 -4.136255714281464879e-01 4.634500662463710008e-02 9.092667524009121482e-01 1.022512049999999917e+01
9.086223259071027902e-01 5.320270834787560466e-03 4.175849178088346103e-01 2.185785800000000112e+00 1.419463785884916146e-02 9.989476444607947592e-01 -4.361325351639828291e-02 -3.093060000000000254e-01 -4.173775043281833796e-01 4.555544253405963834e-02 9.075906128515781601e-01 1.030813979999999930e+01
9.066205996615638307e-01 6.496110599998970031e-03 4.218967750722666388e-01 2.224632699999999907e+00 1.277647618704096100e-02 9.990003524131235713e-01 -4.283757153127001893e-02 -3.137801000000000062e-01 -4.217533045816572734e-01 4.422777888982536154e-02 9.056313011645105160e-01 1.039209750000000021e+01
9.040209318679456318e-01 8.268253613799151844e-03 4.274082249171032855e-01 2.262145499999999920e+00 1.048024214626488114e-02 9.990837710327179488e-01 -4.149437291488061730e-02 -3.179449999999999776e-01 -4.273597071193854235e-01 4.199112336222290964e-02 9.031059884031396034e-01 1.047527499999999989e+01
9.017147037412706068e-01 9.006975115970665760e-03 4.322377441363176587e-01 2.300908100000000012e+00 9.311533963020942814e-03 9.991464323115527568e-01 -4.024552315911833489e-02 -3.225207999999999964e-01 -4.322312903898190006e-01 4.031477642696171260e-02 9.008611604512628546e-01 1.055824759999999962e+01
8.995121057319603874e-01 9.232969512694288658e-03 4.367982645519922769e-01 2.340651999999999955e+00 9.426666733112631577e-03 9.991337662357424598e-01 -4.053214923839570938e-02 -3.264926000000000217e-01 -4.367941272452702806e-01 4.057671058080498938e-02 8.986458818480638211e-01 1.064169309999999946e+01
8.971154933880554072e-01 7.208342086832787016e-03 4.417372876806586190e-01 2.381075899999999912e+00 1.200444333579631789e-02 9.990999857872984169e-01 -4.068306453572077819e-02 -3.306966000000000072e-01 -4.416329752897800165e-01 4.180021775277206753e-02 8.962215445594450269e-01 1.072577000000000069e+01
8.952209213703785640e-01 6.818589548034560341e-03 4.455704307708781564e-01 2.422310599999999869e+00 1.289028197243971378e-02 9.990682853919563566e-01 -4.118739800773449367e-02 -3.349095000000000266e-01 -4.454361262531829069e-01 4.261534888455061065e-02 8.942989374185830176e-01 1.080947210000000069e+01
8.928528038622951524e-01 5.978747115008710422e-03 4.503089219837562718e-01 2.463420600000000071e+00 1.370284391371508204e-02 9.990882347446303768e-01 -4.043428326970457953e-02 -3.395680999999999838e-01 -4.501400923089546868e-01 4.227237606041474305e-02 8.919568058590576776e-01 1.089375309999999963e+01
8.884675650634233923e-01 5.869731066199942657e-03 4.589018763172383331e-01 2.547814100000000082e+00 1.258526913688980294e-02 9.992305604795346241e-01 -3.714697840345938112e-02 -3.490698999999999885e-01 -4.587668218507343632e-01 3.877928907246128848e-02 8.877100708609827473e-01 1.106063649999999932e+01
8.839518800048938862e-01 6.477317616902669370e-03 4.675330129437959559e-01 2.634977800000000148e+00 1.202275672191363033e-02 9.992585838635631434e-01 -3.657507205450189619e-02 -3.583541000000000087e-01 -4.674232847822405446e-01 3.795163937797795678e-02 8.832186286033059108e-01 1.122843740000000068e+01
8.796990716967630908e-01 3.477559929391927859e-03 4.755180857052557220e-01 2.727706200000000081e+00 1.460725646194118398e-02 9.993037544052444376e-01 -3.433124655817135912e-02 -3.683540000000000147e-01 -4.753063973002135678e-01 3.714718035760403853e-02 8.790357874836332019e-01 1.140125560000000071e+01
8.778266724648171593e-01 4.553482776132173476e-03 4.789567818748933226e-01 2.775963299999999911e+00 1.331730942317102193e-02 9.993362080528475078e-01 -3.390859100999772668e-02 -3.729199999999999737e-01 -4.787932564051776696e-01 3.614428127883090314e-02 8.771833380495565047e-01 1.148933030000000066e+01
8.742473264652945719e-01 3.184247366615557649e-03 4.854703623672539936e-01 2.872564999999999813e+00 1.416484442800836074e-02 9.993854564752752134e-01 -3.206347716696036909e-02 -3.813688000000000078e-01 -4.852741177423487984e-01 3.490802134773711429e-02 8.736649590632389328e-01 1.166766739999999913e+01
8.726048170535005699e-01 5.383163874666802365e-03 4.883972305426447225e-01 2.923073800000000055e+00 1.196005665949529360e-02 9.994039323638818084e-01 -3.238420942853516976e-02 -3.861852000000000062e-01 -4.882804422662537780e-01 3.409987569343980035e-02 8.720203026179857986e-01 1.175919339999999913e+01
8.712521429950947915e-01 8.426227948430706910e-03 4.907633869891028788e-01 2.974636600000000186e+00 9.142672500898927496e-03 9.994005691394283186e-01 -3.339032709225836504e-02 -3.911468000000000167e-01 -4.907505627770549217e-01 3.357828295711055844e-02 8.706528493306939787e-01 1.185051920000000081e+01
8.692542793822738423e-01 1.255660531296109821e-02 4.942057561771395213e-01 3.024936199999999964e+00 5.527880758063921304e-03 9.993680063957829374e-01 -3.511453156234475154e-02 -3.952959999999999807e-01 -4.943343406136461726e-01 3.325536731916813732e-02 8.686355048203697748e-01 1.194130039999999937e+01
8.680144589274189082e-01 1.353132589617054952e-02 4.963545127350326713e-01 3.075881700000000052e+00 3.704879745039099323e-03 9.994242922980731691e-01 -3.372473618236662696e-02 -3.994410999999999934e-01 -4.965250980152109972e-01 3.111249241039769353e-02 8.674646043827943798e-01 1.203032209999999935e+01
8.662637754064731466e-01 1.181383803332109080e-02 4.994471990605673373e-01 3.127204900000000176e+00 4.953588187533117596e-03 9.994681072360080965e-01 -3.223297352308362312e-02 -4.038887999999999923e-01 -4.995623418379250280e-01 3.039631308224623532e-02 8.657444950840947895e-01 1.211923499999999976e+01
8.643351970923834893e-01 1.304499997095745489e-02 5.027469493125026334e-01 3.177517400000000158e+00 4.253406079320607748e-03 9.994381670707206400e-01 -3.324543185224890229e-02 -4.079703000000000079e-01 -5.028981761788312577e-01 3.087358382300064985e-02 8.637940994345407741e-01 1.220790479999999967e+01
8.627736452504074505e-01 1.402728006122725204e-02 5.053957582681201099e-01 3.228883300000000123e+00 2.964349667734960010e-03 9.994575227888485847e-01 -3.280049956670521433e-02 -4.124862999999999724e-01 -5.055816943802173835e-01 2.979757632529742711e-02 8.622640284464884175e-01 1.229547209999999957e+01
8.608231684351647095e-01 1.441219189948679362e-02 5.087000701886096321e-01 3.280055500000000013e+00 9.543845155490799509e-04 9.995514302968548925e-01 -2.993371580188578310e-02 -4.168216000000000143e-01 -5.089032932055367331e-01 2.625313154966381693e-02 8.604232744692553725e-01 1.238375570000000003e+01
8.589944808634104589e-01 1.498579930835222326e-02 5.117654811193205200e-01 3.331378700000000137e+00 -5.748456846954843810e-04 9.995991413211720023e-01 -2.830593970201996518e-02 -4.208966000000000096e-01 -5.119845226162981211e-01 2.402045980129009078e-02 8.586587599927550940e-01 1.247123619999999988e+01
8.568618709526256705e-01 1.578198170464674421e-02 5.153044373581893156e-01 3.382127800000000128e+00 -1.582647470786857809e-03 9.996071513308055767e-01 -2.798282035991242478e-02 -4.248892000000000224e-01 -5.155436250547077437e-01 2.316186654365560982e-02 8.565502312203674418e-01 1.255803200000000075e+01
8.550829804803663503e-01 1.562058206012740917e-02 5.182558189822052963e-01 3.433416600000000152e+00 -9.764180258044295041e-04 9.995928196441623559e-01 -2.851738984675756400e-02 -4.286615999999999760e-01 -5.184902536216591251e-01 2.387870038205373163e-02 8.547500597060007088e-01 1.264400009999999952e+01
8.532441357868656429e-01 1.505259579095382001e-02 5.212944121178347823e-01 3.485066400000000009e+00 -7.812752637785750492e-04 9.996191382815033943e-01 -2.758564826692999281e-02 -4.328848000000000140e-01 -5.215111066451864064e-01 2.313001818630347137e-02 8.529309279797598897e-01 1.273019410000000029e+01
8.513174840200802285e-01 1.490963640027672538e-02 5.244389803820193041e-01 3.536706899999999987e+00 -6.878385495164346039e-04 9.996269800640689152e-01 -2.730252014227755805e-02 -4.365689999999999849e-01 -5.246504248352898969e-01 2.288238340735545065e-02 8.510101810494093977e-01 1.281594280000000019e+01
8.493188610829227603e-01 1.834344568806507009e-02 5.275613615581564719e-01 3.588380100000000184e+00 -4.502017682189924860e-03 9.996114187278870578e-01 -2.750896918479523237e-02 -4.405924999999999980e-01 -5.278609703753405213e-01 2.098879579942049614e-02 8.490714141962936168e-01 1.290123559999999969e+01
8.470257438030285302e-01 2.868371208440591985e-02 5.307773864775939821e-01 3.640297700000000081e+00 -1.441075168120682821e-02 9.994151109365938535e-01 -3.101235669178186924e-02 -4.445680000000000187e-01 -5.313564900995459972e-01 1.861936337941281702e-02 8.469436815611982583e-01 1.298679160000000010e+01
8.445031001304864615e-01 4.007521068946939824e-02 5.340491469501589261e-01 3.691981800000000202e+00 -2.178194170576958077e-02 9.989414146537299866e-01 -4.051662751428435766e-02 -4.488100999999999896e-01 -5.351075227330710504e-01 2.258379015576097298e-02 8.444820374268930951e-01 1.307141490000000061e+01
8.430596771219583951e-01 3.408474648011440566e-02 5.367388665528197711e-01 3.743967800000000068e+00 -1.134399025879799169e-02 9.988946762115518130e-01 -4.561512601349962392e-02 -4.544209000000000165e-01 -5.377003763212627740e-01 3.236751293512497851e-02 8.425144802377979580e-01 1.315405370000000040e+01
8.423823808645880540e-01 2.552851717284653627e-02 5.382752262735707172e-01 3.796624899999999858e+00 -3.821955397506810598e-03 9.991351656840822271e-01 -4.140426729675260320e-02 -4.596608999999999834e-01 -5.388666969351952885e-01 3.282096135699177908e-02 8.417514285284909414e-01 1.323699949999999959e+01
8.386980501316454450e-01 2.086790850955030918e-02 5.441967577079203089e-01 3.900112399999999813e+00 -1.070450276361072095e-02 9.997042251059704565e-01 -2.183748900068134546e-02 -4.678742000000000179e-01 -5.444915006921224876e-01 1.248970374781027681e-02 8.386733648890563053e-01 1.340013500000000057e+01
8.362810686448652886e-01 2.361357190904340292e-02 5.477922721688383012e-01 3.951637299999999797e+00 -1.599655034256902697e-02 9.996976725830524213e-01 -1.867280935386313179e-02 -4.706547999999999843e-01 -5.480675912725910814e-01 6.852930302031399155e-03 8.364059736413504975e-01 1.348027040000000021e+01
8.326466151389259052e-01 2.089316354155124761e-02 5.534104173350148370e-01 4.056193399999999727e+00 -1.120787119164753758e-02 9.997191693072738916e-01 -2.087980227218453125e-02 -4.770275999999999961e-01 -5.536912478277408178e-01 1.118294401309774880e-02 8.326469502989601867e-01 1.363925739999999998e+01
8.293144442491797719e-01 2.059454768399565996e-02 5.584025583442160379e-01 4.157669099999999673e+00 -5.501836897161409799e-03 9.995730906814577210e-01 -2.869435791711057171e-02 -4.837366000000000166e-01 -5.587551184109467162e-01 2.072440569014807193e-02 8.290737100272562721e-01 1.379421229999999987e+01
8.248927305942441723e-01 1.926412483415793769e-02 5.649609513118101223e-01 4.262006799999999984e+00 -4.832598525015241800e-03 9.996229610057432158e-01 -2.702927711956448070e-02 -4.916126000000000107e-01 -5.652686343715416228e-01 1.956602474914541367e-02 8.246748096499905145e-01 1.395137019999999950e+01
8.215301920688635740e-01 1.760602253721469529e-02 5.698931228657837522e-01 4.370762799999999615e+00 -3.589415531228970849e-03 9.996630297012183419e-01 -2.570881453364198127e-02 -4.981978000000000240e-01 -5.701537157779823506e-01 1.907498411533066485e-02 8.213165561253221725e-01 1.411007210000000001e+01
8.195415920724482550e-01 1.685306251031057703e-02 5.727718159506282047e-01 4.476189100000000032e+00 -2.253053547466615097e-03 9.996544498845861826e-01 -2.618977998490210762e-02 -5.045195999999999570e-01 -5.730152725827374338e-01 2.017312841303735976e-02 8.192963702329958409e-01 1.425353909999999935e+01
8.178563038753703385e-01 1.162259498917700765e-02 5.753051203466169605e-01 4.583843700000000076e+00 7.352726949790616348e-04 9.997740675852498926e-01 -2.124319086455939837e-02 -5.104958000000000551e-01 -5.754220412752554248e-01 1.779688370928009244e-02 8.176629778489769018e-01 1.440574259999999995e+01
