1.000000000000000000e+00 0.000000000000000000e+00 0.000000000000000000e+00 0.000000000000000000e+00 0.000000000000000000e+00 1.000000000000000000e+00 0.000000000000000000e+00 0.000000000000000000e+00 0.000000000000000000e+00 0.000000000000000000e+00 1.000000000000000000e+00 0.000000000000000000e+00
9.999473024390490572e-01 -3.278271048752588583e-04 1.026084179091610316e-02 3.311999999999999732e-04 3.629628228296814915e-04 9.999940770910329402e-01 -3.422578098819638575e-03 -2.363999999999999999e-04 -1.025965900301490513e-02 3.426122041402706545e-03 9.999414988312562702e-01 3.851500000000000062e-02
9.998030614427079188e-01 -1.504306984139191106e-03 1.978826395332343793e-02 9.958000000000000271e-04 1.623924674458906373e-03 9.999804995813887931e-01 -6.030201124997912852e-03 -4.359000000000000244e-04 -1.977880680022465684e-02 6.061148195986681454e-03 9.997860077457104699e-01 7.756620000000000181e-02
9.996340930864090479e-01 -1.152953585090071408e-03 2.702500022836617707e-02 2.249099999999999971e-03 1.345202031456985657e-03 9.999739138292770280e-01 -7.096625427080653463e-03 -8.490000000000000368e-04 -2.701611316986823538e-02 7.130382807981043396e-03 9.996095674163010258e-01 1.174089999999999995e-01
9.994597974146736119e-01 -1.048165990626799332e-03 3.284835916565424091e-02 3.456799999999999890e-03 1.307497563932408279e-03 9.999681422214107274e-01 -7.874324884141198008e-03 -1.307599999999999908e-03 -3.283905909035821774e-02 7.913020303069355846e-03 9.994293273202179417e-01 1.580734000000000028e-01
9.992898443492671534e-01 -2.254374713698973579e-03 3.761282726766931178e-02 5.217699999999999595e-03 2.610706797550031624e-03 9.999521543358945719e-01 -9.427260950055749156e-03 -1.785600000000000034e-03 -3.758977507826456038e-02 9.518762191243913123e-03 9.992479181744198247e-01 1.992122000000000059e-01
9.991015730626253699e-01 -1.296341350282327349e-03 4.235995990190635774e-02 6.581400000000000271e-03 1.768122452049049245e-03 9.999368091891338572e-01 -1.110186343134719929e-02 -2.311800000000000140e-03 -4.234289133706065078e-02 1.116678681435588107e-02 9.990407311143327806e-01 2.409302000000000110e-01
9.989276651724796618e-01 -1.549021359437413462e-03 4.627224098621623982e-02 8.690800000000000261e-03 2.110329812499371800e-03 9.999247567365187050e-01 -1.208417864385069075e-02 -2.880900000000000041e-03 -4.625004066096526090e-02 1.216887004787327829e-02 9.988557715409253079e-01 2.835068000000000032e-01
9.987856827696877104e-01 -1.273102536404604893e-03 4.924976247882335845e-02 1.073149999999999972e-02 1.825507750347460248e-03 9.999359131842761039e-01 -1.117304997667340274e-02 -3.366200000000000182e-03 -4.923238178010624910e-02 1.124938817267945312e-02 9.987239978342355995e-01 3.272049000000000207e-01
9.986459706761038335e-01 -1.682628863018618189e-03 5.199417287054142883e-02 1.248609999999999998e-02 2.154831975883992386e-03 9.999569329335978862e-01 -9.027124524888019419e-03 -4.027099999999999604e-03 -5.197674433377024589e-02 9.126940239831942553e-03 9.986065877062499929e-01 3.709496999999999933e-01
9.985412415061989400e-01 -1.982888058480186764e-03 5.395792032877617245e-02 1.490589999999999971e-02 2.416670870455929227e-03 9.999652771753370084e-01 -7.975220721426288378e-03 -4.597999999999999657e-03 -5.394023278743715483e-02 8.093985334747904464e-03 9.985113613215615969e-01 4.156804000000000054e-01
9.984125311688356597e-01 -4.329569176154877269e-03 5.615756792977812800e-02 1.730459999999999984e-02 4.820309988988266334e-03 9.999513483807094261e-01 -8.606130559729899612e-03 -4.965999999999999928e-03 -5.611757493556555204e-02 8.863165481358592848e-03 9.983848266480221945e-01 4.610032000000000019e-01
9.983710683730550040e-01 -4.426036209992072722e-03 5.688251083692130727e-02 2.003479999999999844e-02 4.922865455064242592e-03 9.999509260058520033e-01 -8.597149280458132523e-03 -5.501800000000000267e-03 -5.684166809089935546e-02 8.863170059690025568e-03 9.983438630978491712e-01 5.070932999999999691e-01
9.983266016962952794e-01 -6.337714391445000914e-03 5.747895024980084061e-02 2.282299999999999954e-02 6.898186944497619599e-03 9.999305298054776969e-01 -9.557749725510378269e-03 -6.045299999999999979e-03 -5.741438288796085060e-02 9.938256347529077911e-03 9.983009664917517068e-01 5.537204999999999488e-01
9.983324172359536730e-01 -6.275627659446859734e-03 5.738467733896870232e-02 2.553630000000000136e-02 6.847534649576982220e-03 9.999287778024399387e-01 -9.774998298793840384e-03 -6.687300000000000189e-03 -5.731924602644739714e-02 1.015164124654557506e-02 9.983042863851486759e-01 6.007476000000000482e-01
9.983770825034847807e-01 -6.085216799051902832e-03 5.662306304270885160e-02 2.832660000000000039e-02 6.744956404256285433e-03 9.999114957321048047e-01 -1.146761814370051216e-02 -7.349699999999999810e-03 -5.654826871739511429e-02 1.183092723727027090e-02 9.983297663927345189e-01 6.484299000000000035e-01
9.984369232512266823e-01 -6.280409980817251887e-03 5.553617504921400105e-02 3.088060000000000110e-02 6.919409959534145345e-03 9.999119719960417596e-01 -1.132122011088094148e-02 -7.895400000000000335e-03 -5.546018440679753581e-02 1.168780173770784213e-02 9.983924895731658422e-01 6.968060000000000365e-01
9.985154341471786932e-01 -5.408641720524423602e-03 5.420031701577311678e-02 3.313549999999999829e-02 5.967781849375545719e-03 9.999305811786273201e-01 -1.015964583885496479e-02 -8.732099999999999584e-03 -5.414160460929806629e-02 1.046801884368297499e-02 9.984783959765072270e-01 7.458451000000000386e-01
9.985763536559953968e-01 -6.162955161446244737e-03 5.298380793010484119e-02 3.575980000000000131e-02 6.754643418263438920e-03 9.999167330574562085e-01 -1.099553291095256222e-02 -9.284199999999999398e-03 -5.291163115410777579e-02 1.133776589023311951e-02 9.985348338206483376e-01 7.956248000000000209e-01
9.986346290491665556e-01 -6.490362344433063188e-03 5.183389682892276806e-02 3.841119999999999951e-02 7.098362456495314193e-03 9.999080513399141168e-01 -1.155431157845200618e-02 -1.008359999999999985e-02 -5.175413910277767982e-02 1.190647144429018631e-02 9.985888768775048607e-01 8.462885999999999465e-01
9.986731782141964331e-01 -6.945730697715255149e-03 5.102587520690471390e-02 4.111240000000000033e-02 7.574375021301521689e-03 9.998976547786695424e-01 -1.213708412895413320e-02 -1.073499999999999975e-02 -5.093635203459785654e-02 1.250746949592293315e-02 9.986235783558368162e-01 8.981223000000000400e-01
9.987698326026882567e-01 -9.026217519781007739e-03 4.875806476967226716e-02 4.641839999999999855e-02 9.533419660119153358e-03 9.999027370152678840e-01 -1.017990269894641052e-02 -1.210420000000000072e-02 -4.866143639867211851e-02 1.063221080780291962e-02 9.987587399872686067e-01 1.002166200000000007e+00
9.988084083940937941e-01 -1.178130783645795453e-02 4.735994200713966595e-02 5.139549999999999674e-02 1.224124972962073628e-02 9.998805748450785291e-01 -9.433337295585366919e-03 -1.310930000000000081e-02 -4.724314898812395636e-02 1.000184148733801980e-02 9.988333434765521712e-01 1.108802700000000030e+00
9.988725899598415170e-01 -1.303077142219026888e-02 4.564808893109201932e-02 5.630639999999999951e-02 1.352375215301246381e-02 9.998533400572180430e-01 -1.050744993464028040e-02 -1.509210000000000065e-02 -4.550447400665286884e-02 1.111293717105026405e-02 9.989023202860277673e-01 1.215799000000000074e+00
9.988501403181714311e-01 -1.457063113292167422e-02 4.567377688299319172e-02 6.013319999999999776e-02 1.500612559718788805e-02 9.998450158396623433e-01 -9.206546320233261263e-03 -1.693450000000000163e-02 -4.553255298059326328e-02 9.881346516214870382e-03 9.989139830886820670e-01 1.324869899999999934e+00
9.988104960983038572e-01 -1.641253839320666250e-02 4.591537288699253788e-02 6.491610000000000436e-02 1.684320229492309098e-02 9.998175611702955212e-01 -9.008380094930623985e-03 -1.820029999999999912e-02 -4.575914575592893857e-02 9.771026505642184737e-03 9.989047139846291001e-01 1.436871900000000091e+00
9.987917284961932429e-01 -1.572973622542509983e-02 4.655811944081520576e-02 6.982399999999999718e-02 1.625568455814004401e-02 9.998080205935794273e-01 -1.093959214481680063e-02 -1.956300000000000053e-02 -4.637710434182919922e-02 1.168320825061504829e-02 9.988556786832820666e-01 1.550166799999999956e+00
9.986865884164486395e-01 -1.382755626624248939e-02 4.933453967372903454e-02 7.464360000000000439e-02 1.445657508958152725e-02 9.998184075130545079e-01 -1.241609579292071198e-02 -2.147380000000000122e-02 -4.915389662879370708e-02 1.311299682618701119e-02 9.987051335406473829e-01 1.665787200000000023e+00
9.985750598015524782e-01 -1.361373407737591530e-02 5.159957545170800602e-02 7.983279999999999543e-02 1.423583123717936903e-02 9.998301182078241922e-01 -1.170793890976777434e-02 -2.306590000000000029e-02 -5.143142085644301226e-02 1.242581864501489559e-02 9.985992229016046329e-01 1.783643499999999937e+00
9.985093857679860907e-01 -9.735777535813460587e-03 5.370494548002383711e-02 8.547090000000000243e-02 1.041111058680478305e-02 9.998700344163146125e-01 -1.230947004006421007e-02 -2.451959999999999903e-02 -5.357812342354390661e-02 1.285024949528479170e-02 9.984809741694232743e-01 1.902884800000000043e+00
9.981368852861037810e-01 -9.371197778332672132e-03 6.029045433196445619e-02 9.293440000000000034e-02 1.025911771532634319e-02 9.998431824414479863e-01 -1.443471610598831556e-02 -2.638820000000000054e-02 -6.014572915060881902e-02 1.502634944212246498e-02 9.980765001177939189e-01 2.024443100000000051e+00
9.975524779153862598e-01 -5.246356956261160297e-03 6.972466954787463755e-02 1.011554999999999954e-01 6.171199264896205273e-03 9.998957306523474919e-01 -1.305542503486541162e-02 -2.908379999999999993e-02 -6.964890598211699591e-02 1.345375642322753362e-02 9.974808400834568323e-01 2.147737499999999855e+00
9.971604805668041749e-01 -3.081311870778083960e-03 7.524281701886985363e-02 1.041942000000000007e-01 4.161753965228225279e-03 9.998904168009651316e-01 -1.420683615465432800e-02 -3.001639999999999864e-02 -7.519079597738699550e-02 1.447963765939218328e-02 9.970640321932887629e-01 2.208635300000000079e+00
9.964435130212639935e-01 -2.924512056979288680e-03 8.421266286652313859e-02 1.139843999999999996e-01 4.407075672111588488e-03 9.998384694520212612e-01 -1.742448529683748512e-02 -3.302800000000000180e-02 -8.414810183160630064e-02 1.773364691957089387e-02 9.962954455005149645e-01 2.332070799999999888e+00
9.959982323196168164e-01 -1.709014058238975727e-03 8.935659173864804461e-02 1.187358000000000025e-01 3.324137353658708233e-03 9.998337305535839326e-01 -1.792934349488123358e-02 -3.459439999999999737e-02 -8.931109296751826854e-02 1.815462801194699799e-02 9.958383092423664928e-01 2.393839100000000109e+00
9.955216667398979480e-01 6.569044882796034202e-05 9.453362754163462112e-02 1.239864999999999995e-01 1.637064361145205461e-03 9.998378238105229965e-01 -1.793449464342568994e-02 -3.603909999999999753e-02 -9.451947456314511997e-02 1.800893563213910170e-02 9.953601092899516667e-01 2.456511499999999959e+00
9.949457867213654660e-01 1.526502987152901850e-03 1.004019485569544873e-01 1.293748999999999871e-01 1.770599194925833375e-04 9.998562154331216423e-01 -1.695632948311442609e-02 -3.798229999999999662e-02 -1.004133961938746128e-01 1.688840573841235773e-02 9.948024585898583849e-01 2.519152399999999847e+00
9.943890771642273085e-01 2.262584594684140249e-03 1.057603135747447048e-01 1.358433000000000002e-01 -4.970400047504690321e-04 9.998601342004523884e-01 -1.671720634218539642e-02 -3.940099999999999852e-02 -1.057833454174621352e-01 1.657084028060810260e-02 9.942511207359459036e-01 2.582809399999999922e+00
9.937445836301993518e-01 2.363797080902699417e-03 1.116517575723818129e-01 1.423864999999999992e-01 -4.736535211739398201e-04 9.998561853612597528e-01 -1.695241124949092848e-02 -4.065989999999999882e-02 -1.116757724754276343e-01 1.679348261053385111e-02 9.936027882327153060e-01 2.646550400000000192e+00
9.930570797786806292e-01 2.113929812374079099e-03 1.176144872121950430e-01 1.491283999999999943e-01 3.443567463348967510e-05 9.998332509976378679e-01 -1.826113396476083603e-02 -4.227120000000000183e-02 -1.176334778692849220e-01 1.813839850270649798e-02 9.928914157067395552e-01 2.710314799999999913e+00
9.923540357383129340e-01 2.110216914693265403e-03 1.234058942614013332e-01 1.565720999999999918e-01 2.985761420805770625e-04 9.998098607022283257e-01 -1.949752022381620251e-02 -4.383970000000000228e-02 -1.234235739482964500e-01 1.938528893681195839e-02 9.921647201783914127e-01 2.774332799999999821e+00
9.915668662914062237e-01 1.873278647477245786e-03 1.295825624848865321e-01 1.640361999999999931e-01 5.864583745964550799e-04 9.998204265456633877e-01 -1.894124411496192484e-02 -4.566499999999999726e-02 -1.295947751246765423e-01 1.885750484970426244e-02 9.913877086040697728e-01 2.837901599999999913e+00
9.908016798640832956e-01 3.151725814573109671e-03 1.352852460651204902e-01 1.723678999999999906e-01 -5.970563259586197935e-04 9.998208225333587995e-01 -1.891999874369707305e-02 -4.726679999999999771e-02 -1.353206366459088206e-01 1.866519362630935860e-02 9.906260322869767654e-01 2.902526599999999846e+00
9.900261224959080453e-01 3.937054180485278360e-03 1.408288904312502143e-01 1.807085999999999970e-01 -1.161137707472972153e-03 9.998035238396036917e-01 -1.978801347116905876e-02 -4.895189999999999958e-02 -1.408791273927455789e-01 1.942712851377699154e-02 9.898361774267333546e-01 2.966769900000000071e+00
9.893294916469898004e-01 5.064283095504664226e-03 1.456073830347801301e-01 1.902197999999999944e-01 -2.041501582338540056e-03 9.997794503344198391e-01 -2.090174538871472990e-02 -5.028119999999999812e-02 -1.456811217309844364e-01 2.038145543708628007e-02 9.891216341004114287e-01 3.031562099999999926e+00
9.886423664315477922e-01 3.252081034551189149e-03 1.502521056943092181e-01 1.994797000000000098e-01 -2.529491569602487604e-04 9.998004384799930033e-01 -1.997546575020398354e-02 -5.206319999999999698e-02 -1.502870829890351756e-01 1.971058558638711863e-02 9.884458940693154894e-01 3.097081900000000054e+00
9.880985435913801629e-01 6.903201993378683867e-04 1.538206475432209730e-01 2.099305999999999950e-01 2.383175897829265324e-03 9.998012045509404588e-01 -1.979575336097471466e-02 -5.361559999999999937e-02 -1.538037341069241892e-01 1.992673672508677579e-02 9.879004689432309139e-01 3.162258399999999803e+00
9.874559501788398030e-01 -2.637749383976300405e-04 1.578945118716495732e-01 2.197330000000000116e-01 3.497376362690440138e-03 9.997898015989603593e-01 -2.020200428890836508e-02 -5.536569999999999686e-02 -1.578559939152844038e-01 2.050080587423946249e-02 9.872493110372497771e-01 3.228240500000000068e+00
9.869884263940235103e-01 -3.016090454651947517e-04 1.607910295888200225e-01 2.304142999999999886e-01 3.639295729180525713e-03 9.997839704403864713e-01 -2.046382117425805947e-02 -5.741099999999999676e-02 -1.607501218999372039e-01 2.078272076606279412e-02 9.867763053634370785e-01 3.293804600000000082e+00
9.864727674053065387e-01 4.727861510911478358e-04 1.639245425217692731e-01 2.412429000000000101e-01 2.929502831641899938e-03 9.997852974684380278e-01 -2.051284912210468714e-02 -5.925070000000000336e-02 -1.638990456984890931e-01 2.071558445234324836e-02 9.862595841764593141e-01 3.359843300000000088e+00
9.857916993430091424e-01 1.907008955324041629e-03 1.679615694832198303e-01 2.520505000000000106e-01 1.681825997813084402e-03 9.997733700660106360e-01 -2.122215748138684896e-02 -6.119089999999999946e-02 -1.679639752081834025e-01 2.120310882149166812e-02 9.855650821780207460e-01 3.426226600000000122e+00
9.850573011773647858e-01 2.737965156383693512e-03 1.722051594580398526e-01 2.633447999999999900e-01 1.110580726722737010e-03 9.997518591745716554e-01 -2.224829628167111772e-02 -6.322550000000000392e-02 -1.722233433876370345e-01 2.210709442215366693e-02 9.848098275142231905e-01 3.492626399999999798e+00
9.842453238285409078e-01 3.906190523107125681e-03 1.767650536651627358e-01 2.750769000000000131e-01 1.743842265405221026e-05 9.997537745142601739e-01 -2.218986346040078411e-02 -6.506080000000000196e-02 -1.768082074383202917e-01 2.184335185100955840e-02 9.840029094277926713e-01 3.559607999999999883e+00
9.833940454337295467e-01 3.854374637356714102e-03 1.814422640997372382e-01 2.868663000000000185e-01 2.584285631200544924e-04 9.997436900135447946e-01 -2.263818660535456620e-02 -6.700710000000000000e-02 -1.814830146877708938e-01 2.230914777072383684e-02 9.831409956387651139e-01 3.626582599999999879e+00
9.825273071189506435e-01 4.697209787743862261e-03 1.860592029054010943e-01 2.991905999999999732e-01 -4.753123079309961099e-04 9.997415439548693605e-01 -2.272926239331037046e-02 -6.956299999999999983e-02 -1.861178788934400863e-01 2.224368474295450315e-02 9.822755996385448274e-01 3.692125299999999832e+00
9.816437720796514776e-01 5.337098469425486519e-03 1.906489447050808139e-01 3.116496000000000266e-01 -9.649640915723048731e-04 9.997345761640115125e-01 -2.301838540094094596e-02 -7.160320000000000573e-02 -1.907211933203420418e-01 2.241188528642629532e-02 9.813883705324680795e-01 3.758634799999999831e+00
9.807668115942248521e-01 5.238321417328939411e-03 1.951128423862128758e-01 3.243189000000000211e-01 -9.011628658883896921e-04 9.997506699836062882e-01 -2.231111321336179398e-02 -7.379449999999999898e-02 -1.951810676802121225e-01 2.170617092117023417e-02 9.805269975697524787e-01 3.825012899999999938e+00
9.799273198889997261e-01 4.162240496190706789e-03 1.993116240694801089e-01 3.373886999999999858e-01 2.848879455909223476e-04 9.997517614039974632e-01 -2.227856387792708989e-02 -7.593700000000000450e-02 -1.993548759725238262e-01 2.188815487098652243e-02 9.796828783347819591e-01 3.891930799999999913e+00
9.790707470640801491e-01 3.327993904874785788e-03 2.034929893140134116e-01 3.511862000000000039e-01 1.308774501705312890e-03 9.997426655150664088e-01 -2.264707173419605590e-02 -7.823940000000000061e-02 -2.035159928671153307e-01 2.243941187730311843e-02 9.788144428041063438e-01 3.959743000000000013e+00
9.782694059619553295e-01 3.435870831235817748e-03 2.073093440983166114e-01 3.649207999999999896e-01 1.499017557440261326e-03 9.997193488084574753e-01 -2.364268521882063184e-02 -8.053169999999999773e-02 -2.073323956963929737e-01 2.343967597098595840e-02 9.779897030568213134e-01 4.027118699999999940e+00
9.774892353061152006e-01 3.992421523196660813e-03 2.109475181912488229e-01 3.793706000000000023e-01 1.409693080996996710e-03 9.996750456720461253e-01 -2.545222634682077142e-02 -8.254169999999999563e-02 -2.109805858985217830e-01 2.517664852543968421e-02 9.771659678595765453e-01 4.095439400000000063e+00
9.766859027891232614e-01 3.277231856763621227e-03 2.146483334301763912e-01 3.938976000000000144e-01 2.422334428514966512e-03 9.996515648245301033e-01 -2.628461983336645089e-02 -8.489330000000000487e-02 -2.146596831939141803e-01 2.619176769951168590e-02 9.763376525136491235e-01 4.163550899999999722e+00
9.760269273950817892e-01 3.529879071255247885e-03 2.176211776308963064e-01 4.089423999999999837e-01 2.434606449838799640e-03 9.996288557803857389e-01 -2.713343661667651577e-02 -8.741730000000000333e-02 -2.176361865387973771e-01 2.701278669332567509e-02 9.756560867764372258e-01 4.231249799999999617e+00
9.742922896812801214e-01 3.821756114614406011e-03 2.252552517652118003e-01 4.387098999999999860e-01 2.430519417415666610e-03 9.996196031311138652e-01 -2.747256106292124411e-02 -9.193250000000000033e-02 -2.252745588009665012e-01 2.731379168469252189e-02 9.739123830924603098e-01 4.366557099999999636e+00
9.725385496695292398e-01 2.211227537963649827e-04 2.327417463873130699e-01 4.706652000000000058e-01 6.263814715349220325e-03 9.996124572160492994e-01 -2.712379036388146841e-02 -9.667820000000000580e-02 -2.326575466901952549e-01 2.783678291792656551e-02 9.721602643005318178e-01 4.503853799999999907e+00
9.719005555064721413e-01 -6.473436275832912014e-04 2.353909326045476591e-01 4.873195000000000165e-01 7.045721260846933912e-03 9.996281627012046922e-01 -2.634187059660633712e-02 -9.906320000000000403e-02 -2.352863532339377339e-01 2.726017756438375156e-02 9.715437276319749405e-01 4.572873099999999802e+00
9.704794300773903482e-01 1.004790192369316854e-03 2.411818114894506149e-01 5.199441000000000201e-01 5.640947820887907450e-03 9.996232120017191081e-01 -2.686286907700343937e-02 -1.038212000000000024e-01 -2.411179286248651965e-01 2.743035588605306427e-02 9.701080971065125791e-01 4.710100699999999918e+00
9.689343576059101792e-01 3.077517481153724602e-03 2.472988870516312776e-01 5.545031000000000265e-01 4.783494581215207153e-03 9.995023265891637143e-01 -3.118039965171050601e-02 -1.091271999999999937e-01 -2.472717711960137343e-01 3.139471339257769028e-02 9.684374234510891855e-01 4.848291900000000432e+00
9.672863086616592110e-01 5.550811654322080138e-03 2.536264685825980192e-01 5.903916000000000164e-01 2.947932106796796129e-03 9.994471486114538950e-01 -3.311656426515565549e-02 -1.156868000000000063e-01 -2.536700746481442281e-01 3.278087281346715037e-02 9.667351796668993691e-01 4.986700500000000424e+00
9.652767160775916899e-01 5.241181328702557499e-03 2.611769350780042687e-01 6.273771999999999682e-01 3.445624534529866546e-03 9.994562836647751247e-01 -3.279122923227420494e-02 -1.213947999999999972e-01 -2.612067936904158283e-01 3.255252772483525903e-02 9.647338202160720133e-01 5.125956500000000027e+00
9.630911820623960784e-01 5.351896783863234822e-03 2.691221511404655597e-01 6.651361999999999552e-01 3.279160155634300300e-03 9.994948561847837309e-01 -3.161138353239688337e-02 -1.274495999999999962e-01 -2.691553866121397798e-01 3.132713936786228615e-02 9.625871327815971323e-01 5.265327000000000091e+00
9.620140576060929316e-01 6.805797005293644578e-03 2.729150675491986977e-01 6.849606999999999779e-01 2.067279586770380539e-03 9.994789371664778432e-01 -3.221149663827977544e-02 -1.303826999999999903e-01 -2.729920865581474398e-01 3.155210433062306113e-02 9.614987183501277901e-01 5.335848799999999947e+00
9.601137359310145669e-01 7.141545031772188190e-03 2.795185367934460707e-01 7.248213000000000017e-01 2.361432823771717621e-03 9.994310178698214697e-01 -3.364616106944843393e-02 -1.364620000000000000e-01 -2.795997813153806577e-01 3.296420565176148149e-02 9.595505840934804853e-01 5.475494399999999651e+00
9.584471964802264710e-01 5.260789346190596245e-03 2.852214852612774965e-01 7.655522999999999634e-01 4.516751594248100653e-03 9.994247547065905346e-01 -3.361188234400448033e-02 -1.427990000000000093e-01 -2.852342379768423863e-01 3.350348899930200713e-02 9.578720925628032568e-01 5.615414099999999742e+00
9.569476106185119679e-01 2.493690048979567593e-03 2.902499819835659967e-01 8.075463000000000502e-01 7.273119057063909786e-03 9.994431220240802549e-01 -3.256604946783075993e-02 -1.489840000000000053e-01 -2.901695577945807569e-01 3.327502590080204381e-02 9.563965706654318222e-01 5.754016899999999879e+00
9.552691580052330433e-01 3.962667095803453290e-03 2.957112325114838458e-01 8.502568999999999821e-01 6.453150125004228702e-03 9.993928511803853443e-01 -3.423866035644984596e-02 -1.543992999999999893e-01 -2.956673681985166335e-01 3.461540522697963140e-02 9.546635957778712989e-01 5.894261400000000428e+00
9.533120934305486793e-01 5.288659288545025788e-03 3.019405282534864399e-01 8.917055999999999871e-01 6.239981740958196188e-03 9.992881907592142676e-01 -3.720449485006695894e-02 -1.600262000000000073e-01 -3.019223660925723363e-01 3.735159825370042846e-02 9.526005159356973895e-01 6.033486400000000138e+00
9.514560633217833407e-01 6.642275539739946749e-03 3.077129177396825122e-01 9.356202000000000130e-01 5.586339421229108079e-03 9.992297327857114775e-01 -3.884242434331831861e-02 -1.669558999999999904e-01 -3.077338986528544429e-01 3.867584895835847469e-02 9.506860819046762945e-01 6.175485600000000019e+00
9.497137039787482138e-01 3.941202641380375446e-03 3.130947897948896386e-01 9.806683999999999957e-01 7.925820053022079870e-03 9.992978127850897785e-01 -3.662052347281189585e-02 -1.733075000000000032e-01 -3.130192675402804769e-01 3.726054595245794493e-02 9.490155898950611846e-01 6.314975699999999748e+00
9.476984750657452272e-01 6.452916379657763941e-03 3.191018022955341427e-01 1.026879499999999945e+00 5.849478353897590889e-03 9.992765085077036646e-01 -3.757982367761524695e-02 -1.800285000000000080e-01 -3.191134343161508569e-01 3.748092067773298869e-02 9.469750770870906109e-01 6.454120200000000196e+00
9.452054040614822350e-01 8.369716931731063098e-03 3.263689506853444944e-01 1.073726500000000028e+00 3.892341531310172190e-03 9.993113825870090228e-01 -3.690000419300969864e-02 -1.872931999999999930e-01 -3.264530499327181201e-01 3.614842279440681067e-02 9.445219413645736806e-01 6.593587399999999654e+00
9.425538308991708858e-01 1.032072250273398210e-02 3.338948315627524033e-01 1.121653400000000023e+00 2.386245381943553553e-03 9.992891072721461487e-01 -3.762427301908064653e-02 -1.935906000000000016e-01 -3.340457778363234431e-01 3.625965766880221569e-02 9.418591484587633955e-01 6.732322700000000104e+00
9.398860731450823236e-01 1.165236621434032581e-02 3.412893081676071083e-01 1.171516800000000025e+00 1.293928260914387063e-03 9.992889697563021034e-01 -3.768130402525793343e-02 -2.010171000000000041e-01 -3.414857175015854618e-01 3.585773675227164892e-02 9.392027083954943567e-01 6.868681900000000340e+00
9.370019035545035235e-01 1.161557821962697426e-02 3.491310800800477843e-01 1.221143400000000101e+00 2.058805547637693363e-03 9.992460274092116457e-01 -3.877032404592804793e-02 -2.081404000000000032e-01 -3.493181845466307722e-01 3.704666043698105760e-02 9.362715155848292392e-01 7.007192599999999771e+00
9.342043677960457648e-01 1.308942638223245872e-02 3.564980590519037928e-01 1.272932900000000034e+00 1.115004424570250653e-03 9.992146050321902839e-01 -3.960971920497859122e-02 -2.155921000000000087e-01 -3.567365357738448983e-01 3.740106960165949512e-02 9.334560536183416080e-01 7.144213200000000263e+00
9.313226645750541932e-01 1.180929785332883106e-02 3.640036193955117905e-01 1.324097400000000091e+00 3.066443037793068448e-03 9.991844514740612082e-01 -4.026200267715784875e-02 -2.221187000000000022e-01 -3.641822227620634123e-01 3.861311197884545465e-02 9.305269132096030127e-01 7.281219000000000108e+00
9.285796969332341666e-01 9.285670432218052356e-03 3.710168766619751923e-01 1.377495799999999937e+00 6.988383566273244363e-03 9.990722424338874808e-01 -4.249490432103893156e-02 -2.286849999999999994e-01 -3.710672566240704184e-01 4.205271361931169072e-02 9.276533082670155306e-01 7.418407400000000429e+00
9.253191759775279968e-01 6.295349368893782271e-03 3.791369029052592543e-01 1.426570499999999964e+00 1.121353523851874659e-02 9.989705768179997225e-01 -4.395501426876433776e-02 -2.358212000000000086e-01 -3.790233227595933840e-01 4.492388260420449725e-02 9.242960378450405523e-01 7.556414099999999578e+00
9.230542371164176529e-01 4.506111165332983559e-03 3.846434326796622782e-01 1.482712999999999948e+00 1.425287206667505413e-02 9.988441229139372046e-01 -4.590505155359687894e-02 -2.437367000000000006e-01 -3.844056854148741875e-01 4.785512597886515396e-02 9.219230748485839344e-01 7.692730400000000301e+00
9.201290890676006029e-01 5.597342093202555859e-03 3.915751897313197727e-01 1.539591699999999896e+00 1.406274603527271280e-02 9.987806979114836059e-01 -4.732184118773487963e-02 -2.514385000000000092e-01 -3.913626178182770809e-01 4.904882507197743519e-02 9.189284597472666682e-01 7.830479600000000318e+00
9.169932076542782751e-01 6.042170367705313599e-03 3.988570537086754686e-01 1.596431699999999898e+00 1.463476042396349985e-02 9.987025632890648152e-01 -4.877513574747532887e-02 -2.592083000000000026e-01 -3.986342696046725753e-01 5.056364560728467128e-02 9.157150412872172573e-01 7.967791100000000348e+00
9.157426872330319823e-01 7.726005336010027293e-03 4.016909752792229837e-01 1.626355999999999913e+00 1.325499995930399730e-02 9.986898203570241384e-01 -4.942618426839961998e-02 -2.633094999999999741e-01 -4.015465549040412863e-01 5.058608066259816238e-02 9.144404916056008137e-01 8.037201899999999455e+00
9.146954860639873175e-01 6.081482562883798633e-03 4.040979873050637439e-01 1.656798999999999911e+00 1.526075836480128914e-02 9.986539205417258591e-01 -4.957273686989234485e-02 -2.670270000000000143e-01 -4.038555150400910954e-01 5.151080038669343664e-02 9.133714252237284947e-01 8.105973199999999323e+00
9.136314577106431356e-01 3.914219546613358774e-03 4.065245851936462596e-01 1.687064799999999920e+00 1.729298169995810083e-02 9.986744269795753137e-01 -4.848032261589912961e-02 -2.716109999999999913e-01 -4.061754697977835726e-01 5.132317003418296331e-02 9.123526839727015281e-01 8.175359699999999563e+00
9.116927733767189457e-01 2.719648359806517771e-03 4.108635910925492185e-01 1.749316099999999929e+00 1.840886138945952571e-02 9.987035181419521290e-01 -4.745942133266167068e-02 -2.802901999999999894e-01 -4.104599868379500416e-01 5.083194235602685879e-02 9.104607146062390077e-01 8.315296200000000582e+00
9.106676507269175769e-01 3.283378226989405561e-03 4.131266746978889959e-01 1.780478000000000005e+00 1.766859629136046869e-02 9.987440166687118204e-01 -4.688507090258951099e-02 -2.840170000000000194e-01 -4.127617359017303755e-01 4.999608580545535780e-02 9.094658546528966436e-01 8.384708399999999173e+00
9.093257517864516970e-01 1.931630715730792494e-03 4.160804560908653027e-01 1.811690199999999917e+00 1.928966179988698265e-02 9.987183307651874564e-01 -4.679321255528081508e-02 -2.874841000000000202e-01 -4.156375657777463539e-01 5.057632446486947514e-02 9.081230364427355095e-01 8.455130600000000385e+00
9.082423909321400979e-01 2.096426101650072232e-03 4.184392002567037805e-01 1.842926899999999923e+00 1.912813658907041095e-02 9.987340934339065113e-01 -4.652230651400268008e-02 -2.912589999999999901e-01 -4.180070259032727664e-01 5.025749307668728877e-02 9.070525402010334304e-01 8.524578999999999240e+00
9.070008463556562539e-01 3.353860459085622990e-03 4.211154429965067725e-01 1.873726599999999909e+00 1.835024377326849657e-02 9.987037724760940982e-01 -4.747676690213471773e-02 -2.951887000000000261e-01 -4.207288120197912318e-01 5.078903879814025690e-02 9.057636227373984106e-01 8.594299299999999420e+00
9.057711170760593955e-01 5.483350913138378829e-03 4.237317740429091262e-01 1.906005299999999902e+00 1.752392652666942899e-02 9.985762985238799683e-01 -5.038142540098395489e-02 -2.991616000000000275e-01 -4.234047655257029974e-01 5.305948444067661723e-02 9.043854795611294684e-01 8.664802599999999799e+00
9.041366835011060976e-01 6.138141742923581765e-03 4.271992284210780477e-01 1.938221699999999936e+00 1.699726639938178852e-02 9.985884207558305414e-01 -5.032155469900343597e-02 -3.039804999999999868e-01 -4.269050836925804004e-01 5.275878266525988597e-02 9.027560912943821680e-01 8.735519399999999379e+00
9.021084909915705330e-01 7.141664935468959932e-03 4.314501907553884852e-01 1.973018500000000008e+00 1.565860340541888607e-02 9.986627066000659525e-01 -4.927074776804606787e-02 -3.085393000000000163e-01 -4.312250904345703573e-01 5.120346734528927884e-02 9.007902787616640650e-01 8.807857500000000783e+00
8.994190997583252356e-01 9.237133886551262760e-03 4.369896547373699480e-01 2.006343799999999788e+00 1.321229640933609638e-02 9.987452273071388831e-01 -4.830534292190916817e-02 -3.123217999999999828e-01 -4.368875349715481970e-01 4.922038489054430394e-02 8.981684894816288622e-01 8.879254299999999489e+00
8.969878947671802161e-01 1.002733537432524101e-02 4.419413639686071704e-01 2.040407200000000199e+00 1.213031280077494882e-02 9.988078962715727371e-01 -4.728257455882350219e-02 -3.167319000000000107e-01 -4.418886422533367941e-01 4.777278399723166452e-02 8.957969574388252587e-01 8.950250600000000389e+00
8.945868568618328132e-01 1.039293426084483656e-02 4.467732561910083278e-01 2.075314800000000126e+00 1.188199463062137619e-02 9.988229710600826650e-01 -4.702648919818840090e-02 -3.208364000000000216e-01 -4.467361343496454862e-01 4.737783659222108423e-02 8.934104134529529118e-01 9.021779999999999688e+00
8.922668053769615693e-01 8.413520442104442318e-03 4.514301282548180971e-01 2.110374699999999937e+00 1.444812378379931560e-02 9.987822862367489174e-01 -4.717198764967218266e-02 -3.249731000000000147e-01 -4.512772980568812153e-01 4.861231709621650215e-02 8.910587202227570058e-01 9.092764900000000594e+00
8.902557292092121433e-01 8.094642785596430773e-03 4.553890791052718767e-01 2.146179899999999918e+00 1.544145725610588174e-02 9.987308679781617959e-01 -4.793969905407548249e-02 -3.288953000000000015e-01 -4.551991849816757196e-01 4.971046273935762760e-02 8.890008840750706076e-01 9.163979499999999945e+00
8.880874466321632132e-01 6.273074830149471745e-03 4.596317391853395051e-01 2.181827300000000136e+00 1.735209084283773767e-02 9.987367149532346833e-01 -4.715802315410635298e-02 -3.332869999999999999e-01 -4.593469190902955690e-01 4.985602006374625222e-02 8.868566880762961402e-01 9.234758400000000478e+00
8.860031457911516917e-01 6.379340358890788452e-03 4.636353412594520496e-01 2.219394700000000054e+00 1.664595567660072384e-02 9.988232039810766016e-01 -4.555347789784314899e-02 -3.375057000000000196e-01 -4.633803381756672612e-01 4.807817805992722210e-02 8.848543105995710922e-01 9.306283999999999779e+00
8.843295921532248194e-01 6.564982464092417730e-03 4.668169592542212309e-01 2.256962300000000088e+00 1.604275297200111888e-02 9.988832930933736476e-01 -4.443868647942655209e-02 -3.417003000000000124e-01 -4.665874007291564429e-01 4.678747465063249483e-02 8.832367347979963590e-01 9.376765300000000636e+00
8.795319821214050426e-01 8.200901682107464286e-03 4.757691011795457392e-01 2.331928000000000001e+00 1.455960975528714993e-02 9.989195118630381787e-01 -4.413418837005411016e-02 -3.505596999999999741e-01 -4.756169784494306274e-01 4.574444262323106719e-02 8.784622563205113366e-01 9.518419299999999694e+00
8.775895221551288650e-01 5.925390955090106826e-03 4.793761783250830577e-01 2.371152400000000160e+00 1.703526260789817517e-02 9.989067232921569062e-01 -4.353341233588491066e-02 -3.548843999999999888e-01 -4.791100400027247241e-01 4.637076561536984665e-02 8.765291333805351748e-01 9.589793200000000795e+00
8.754741637787845088e-01 4.879306440177005010e-03 4.832402931508307797e-01 2.410402100000000214e+00 1.802450462702612569e-02 9.989235943313817812e-01 -4.274072906518121273e-02 -3.592849000000000181e-01 -4.829286756745641562e-01 4.612857093749772597e-02 8.744438513446566308e-01 9.661097500000000338e+00
8.711559848354505364e-01 5.582785395498910362e-03 4.909746252023663438e-01 2.490115600000000207e+00 1.681237726713387046e-02 9.990098556298697696e-01 -4.119043972834544182e-02 -3.680627000000000204e-01 -4.907184468266949651e-01 4.413774871484387602e-02 8.701995547472898274e-01 9.806863800000000353e+00
8.696181221571289699e-01 5.276293675466789748e-03 4.936967513980207722e-01 2.531223499999999849e+00 1.668622974366851947e-02 9.990575756619555214e-01 -4.006906848677132399e-02 -3.724017000000000022e-01 -4.934428957365283863e-01 4.308272551158164737e-02 8.687105314255395561e-01 9.879971499999999907e+00
8.670567548070509112e-01 1.002243590625407146e-02 4.981085571659762401e-01 2.617138100000000023e+00 1.234573711456456863e-02 9.990583906264337566e-01 -4.159224559960886247e-02 -3.816073999999999855e-01 -4.980563890952144357e-01 4.221235479602090945e-02 8.661165916803644782e-01 1.002899649999999987e+01
8.652060230813537478e-01 1.400974837964420738e-02 5.012207742842340608e-01 2.659166599999999825e+00 8.884689598467124250e-03 9.990243106794153283e-01 -4.326070922046810346e-02 -3.858156999999999837e-01 -5.013378101784133900e-01 4.188261718013883833e-02 8.642373785388219876e-01 1.010290999999999961e+01
8.634954578729469032e-01 1.510871360929848251e-02 5.041302619421512698e-01 2.700824499999999961e+00 6.848725719026637661e-03 9.991077922482483054e-01 -4.167390580275299322e-02 -3.899872999999999812e-01 -5.043101121223085848e-01 3.943787826320509921e-02 8.626215650963527937e-01 1.017525389999999952e+01
8.620417280372525415e-01 1.384583958016642052e-02 5.066481538986081778e-01 2.743569899999999784e+00 7.845957935974864211e-03 9.991424600451553895e-01 -4.065446444096874196e-02 -3.940772000000000164e-01 -5.067765780564591482e-01 3.902098488294953454e-02 8.611938589377831077e-01 1.024746610000000047e+01
8.600245814969834646e-01 1.484628334617420914e-02 5.100365742686926440e-01 2.785099300000000166e+00 7.316318846345627736e-03 9.991150648543531965e-01 -4.141930298327346077e-02 -3.980934999999999890e-01 -5.102001476866476759e-01 3.935320891473411548e-02 8.591548953760527185e-01 1.031909749999999981e+01
8.585219558757856140e-01 1.615741423936218821e-02 5.125221841484652874e-01 2.827312000000000047e+00 5.835543014659651424e-03 9.991308664669565909e-01 -4.127297070375154919e-02 -4.024331999999999909e-01 -5.127435984163426497e-01 3.842459678495446784e-02 8.576814983692804262e-01 1.038983439999999980e+01
8.563174562131239398e-01 1.649067492042981947e-02 5.161864700138443229e-01 2.868716699999999786e+00 3.741427945246461259e-03 9.992657661003044867e-01 -3.813043950575579349e-02 -4.067933000000000243e-01 -5.164362650914584574e-01 3.458303544572512850e-02 8.556270202358878807e-01 1.046051220000000015e+01
8.542807585035651075e-01 1.704949269151668709e-02 5.195321938528306704e-01 2.910001499999999908e+00 2.072290918746211991e-03 9.993423097585869552e-01 -3.620294928207462570e-02 -4.109851999999999950e-01 -5.198077445180299128e-01 3.200410482007433333e-02 8.536835748763965670e-01 1.052936550000000082e+01
8.522928241573768382e-01 1.760475531392400109e-02 5.227686051018936020e-01 2.951237700000000075e+00 1.337680599141341520e-03 9.993568169780605581e-01 -3.583521968809127989e-02 -4.147340999999999944e-01 -5.230632394849186184e-01 3.124139801314833320e-02 8.517210943435219450e-01 1.059815880000000021e+01
8.502063402227290068e-01 1.750941179169234266e-02 5.261583407528405143e-01 2.992371100000000173e+00 1.909376079216534329e-03 9.993376196702785652e-01 -3.634110888140059531e-02 -4.183420999999999945e-01 -5.264461352579781206e-01 3.190207533140505120e-02 8.496097482147247915e-01 1.066617010000000043e+01
8.481486136894338390e-01 1.720946398931971766e-02 5.294787658120879703e-01 3.033667799999999914e+00 1.825573818662320699e-03 9.993713250461409014e-01 -3.540652419757241154e-02 -4.222718999999999778e-01 -5.297552230765868453e-01 3.099659698613661807e-02 8.475839867519647797e-01 1.073365309999999972e+01
8.460116449730585853e-01 1.710296039630029505e-02 5.328900311655886401e-01 3.075038900000000019e+00 1.627956759998164075e-03 9.993978381502103270e-01 -3.465993158495198068e-02 -4.259930000000000105e-01 -5.331619325559233680e-01 3.019022766341054528e-02 8.454743661559848134e-01 1.080113889999999977e+01
8.435318469118544549e-01 2.048635664465762660e-02 5.366883010061832548e-01 3.116513700000000053e+00 -2.005137748661140612e-03 9.993854131529810170e-01 -3.499679127655006688e-02 -4.296678999999999915e-01 -5.370754161829459639e-01 2.844477400988464771e-02 8.430545013007415545e-01 1.086827749999999959e+01
8.411580475658384515e-01 3.058600339605196602e-02 5.399237311060545164e-01 3.158430800000000094e+00 -1.166403079639661070e-02 9.991931629326059605e-01 -3.843141337910181699e-02 -4.333798999999999846e-01 -5.406635639663608384e-01 2.602920561583454626e-02 8.408361261590758806e-01 1.093565459999999945e+01
8.381935554166131119e-01 4.193485732624686879e-02 5.437582472009822032e-01 3.199138599999999943e+00 -1.894598727948416592e-02 9.986765862502922086e-01 -4.781344624128683329e-02 -4.375017999999999962e-01 -5.450436801065238202e-01 2.977488566712089071e-02 8.378787758139283337e-01 1.100211720000000071e+01
8.364646681749433599e-01 3.602310513093219535e-02 5.468356195345247528e-01 3.241334199999999832e+00 -8.214353463332135438e-03 9.985492945107213858e-01 -5.321494930299221215e-02 -4.423123999999999945e-01 -5.479592898128118339e-01 4.002052384547702402e-02 8.355471108076266695e-01 1.106840039999999981e+01
