7.200764e-03 -1.011089e-02 9.999230e-01 2.602348e+01 8.125250e-02 9.966483e-01 9.492647e-03 -9.509506e-01 -9.966675e-01 8.117787e-02 7.998165e-03 2.124027e+01
-3.162964e-02 -1.065186e-02 9.994429e-01 2.824249e+01 9.165357e-02 9.956992e-01 1.351254e-02 -9.456288e-01 -9.952885e-01 9.202989e-02 -3.051732e-02 2.116969e+01
-4.749041e-02 -1.030237e-02 9.988186e-01 2.937022e+01 9.488928e-02 9.953781e-01 1.477854e-02 -9.414386e-01 -9.943544e-01 9.547900e-02 -4.629333e-02 2.110741e+01
-7.560868e-02 -1.193509e-02 9.970662e-01 3.164196e+01 9.751631e-02 9.950466e-01 1.930569e-02 -9.296868e-01 -9.923577e-01 9.868987e-02 -7.407029e-02 2.093984e+01
-8.805539e-02 -1.198809e-02 9.960435e-01 3.278682e+01 9.729037e-02 9.950433e-01 2.057702e-02 -9.216773e-01 -9.913530e-01 9.871733e-02 -8.645259e-02 2.083696e+01
-9.947788e-02 -9.193596e-03 9.949973e-01 3.394232e+01 9.735338e-02 9.950699e-01 1.892746e-02 -9.117462e-01 -9.902658e-01 9.874920e-02 -9.809240e-02 2.071859e+01
-1.097967e-01 -5.360682e-03 9.939396e-01 3.511473e+01 9.798071e-02 9.950566e-01 1.619026e-02 -9.007201e-01 -9.891129e-01 9.916453e-02 -1.087287e-01 2.058533e+01
-1.194554e-01 -2.512059e-03 9.928364e-01 3.630912e+01 9.905114e-02 9.949776e-01 1.443504e-02 -8.891584e-01 -9.878862e-01 1.000659e-01 -1.186066e-01 2.043698e+01
-1.270885e-01 -1.278670e-03 9.918906e-01 3.752680e+01 9.888957e-02 9.950006e-01 1.395315e-02 -8.781568e-01 -9.869495e-01 9.986090e-02 -1.263266e-01 2.027890e+01
-1.329871e-01 -7.149781e-04 9.911175e-01 3.876733e+01 9.839198e-02 9.950504e-01 1.391994e-02 -8.670199e-01 -9.862218e-01 9.936917e-02 -1.322585e-01 2.011085e+01
-1.381591e-01 8.940047e-04 9.904097e-01 4.002403e+01 9.941083e-02 9.949619e-01 1.296938e-02 -8.564479e-01 -9.854083e-01 1.002493e-01 -1.375519e-01 1.993253e+01
-1.426852e-01 2.815813e-03 9.897642e-01 4.130550e+01 9.869170e-02 9.950528e-01 1.139661e-02 -8.460362e-01 -9.848354e-01 9.930761e-02 -1.422571e-01 1.974648e+01
-1.468253e-01 3.917606e-03 9.891547e-01 4.260679e+01 9.897322e-02 9.950320e-01 1.075021e-02 -8.375480e-01 -9.841984e-01 9.947820e-02 -1.464836e-01 1.955065e+01
-1.499193e-01 3.009372e-03 9.886937e-01 4.393278e+01 9.873932e-02 9.950416e-01 1.194351e-02 -8.295496e-01 -9.837554e-01 9.941348e-02 -1.494731e-01 1.934786e+01
-1.522300e-01 5.817954e-04 9.883450e-01 4.528137e+01 9.933371e-02 9.949454e-01 1.471420e-02 -8.187903e-01 -9.833406e-01 1.004159e-01 -1.515183e-01 1.913753e+01
-1.545076e-01 -3.897853e-04 9.879916e-01 4.664850e+01 9.937378e-02 9.949226e-01 1.593314e-02 -8.059921e-01 -9.829813e-01 1.006422e-01 -1.536843e-01 1.892231e+01
-1.565155e-01 3.425744e-04 9.876755e-01 4.803559e+01 1.016061e-01 9.946999e-01 1.575634e-02 -7.907530e-01 -9.824353e-01 1.028199e-01 -1.557207e-01 1.869944e+01
-1.575241e-01 8.739825e-04 9.875148e-01 4.944201e+01 1.013351e-01 9.947349e-01 1.528416e-02 -7.765930e-01 -9.823020e-01 1.024775e-01 -1.567833e-01 1.847318e+01
-1.580662e-01 1.736308e-03 9.874270e-01 5.087125e+01 1.033930e-01 9.945304e-01 1.480223e-02 -7.612088e-01 -9.820004e-01 1.044328e-01 -1.573812e-01 1.823994e+01
-1.581475e-01 2.246276e-03 9.874130e-01 5.231634e+01 1.029209e-01 9.945878e-01 1.422156e-02 -7.488661e-01 -9.820370e-01 1.038745e-01 -1.575227e-01 1.800571e+01
-1.564353e-01 3.535458e-03 9.876819e-01 5.527561e+01 1.033158e-01 9.945662e-01 1.280369e-02 -7.282464e-01 -9.822697e-01 1.040460e-01 -1.559505e-01 1.752865e+01
-1.538084e-01 3.054216e-03 9.880960e-01 5.831970e+01 1.033843e-01 9.945563e-01 1.301875e-02 -7.090229e-01 -9.826773e-01 1.041560e-01 -1.532869e-01 1.704698e+01
-1.516316e-01 4.600354e-03 9.884264e-01 6.144932e+01 1.043179e-01 9.944789e-01 1.137458e-02 -6.898538e-01 -9.829169e-01 1.048353e-01 -1.512744e-01 1.656009e+01
-1.505876e-01 4.530984e-03 9.885863e-01 6.304564e+01 1.038798e-01 9.945260e-01 1.126540e-02 -6.822340e-01 -9.831237e-01 1.043906e-01 -1.502339e-01 1.631483e+01
-1.489502e-01 1.053388e-03 9.888442e-01 6.629273e+01 1.069190e-01 9.941539e-01 1.504623e-02 -6.659320e-01 -9.830473e-01 1.079674e-01 -1.481921e-01 1.581429e+01
-1.471094e-01 3.907489e-03 9.891125e-01 6.959146e+01 1.108431e-01 9.937585e-01 1.255970e-02 -6.495479e-01 -9.828899e-01 1.114840e-01 -1.466243e-01 1.531065e+01
-1.462604e-01 3.233250e-03 9.892409e-01 7.294957e+01 1.105105e-01 9.937887e-01 1.309099e-02 -6.411509e-01 -9.830540e-01 1.112362e-01 -1.457092e-01 1.480708e+01
-1.456358e-01 1.966691e-03 9.893363e-01 7.637583e+01 1.116862e-01 9.936382e-01 1.446557e-02 -6.266393e-01 -9.830139e-01 1.126019e-01 -1.449289e-01 1.429583e+01
-1.456043e-01 3.177492e-03 9.893378e-01 7.986417e+01 1.128566e-01 9.935207e-01 1.341856e-02 -6.121849e-01 -9.828849e-01 1.136071e-01 -1.450194e-01 1.377611e+01
-1.470604e-01 4.142622e-03 9.891189e-01 8.340315e+01 1.112117e-01 9.937197e-01 1.237285e-02 -6.037449e-01 -9.828556e-01 1.118211e-01 -1.465975e-01 1.324930e+01
-1.492423e-01 4.338053e-03 9.887912e-01 8.700538e+01 1.094671e-01 9.939160e-01 1.216177e-02 -5.994816e-01 -9.827226e-01 1.100551e-01 -1.488091e-01 1.270711e+01
-1.506723e-01 2.811838e-03 9.885798e-01 9.066661e+01 1.070118e-01 9.941663e-01 1.348224e-02 -5.892579e-01 -9.827748e-01 1.078211e-01 -1.500942e-01 1.214861e+01
-1.546860e-01 5.230309e-03 9.879499e-01 9.438417e+01 1.057142e-01 9.943325e-01 1.128785e-02 -5.761580e-01 -9.822915e-01 1.061864e-01 -1.543622e-01 1.156935e+01
-1.632049e-01 4.743000e-03 9.865808e-01 9.815387e+01 1.041819e-01 9.944803e-01 1.245328e-02 -5.670654e-01 -9.810760e-01 1.048163e-01 -1.627982e-01 1.095901e+01
-1.727782e-01 4.875200e-03 9.849487e-01 1.019553e+02 1.009596e-01 9.948083e-01 1.278618e-02 -5.641477e-01 -9.797728e-01 1.016492e-01 -1.723734e-01 1.030991e+01
-1.820546e-01 7.979443e-03 9.832561e-01 1.057910e+02 1.011783e-01 9.948112e-01 1.066042e-02 -5.643553e-01 -9.780690e-01 1.014249e-01 -1.819173e-01 9.611618e+00
-1.918873e-01 7.633132e-03 9.813873e-01 1.096683e+02 9.794174e-02 9.951267e-01 1.141021e-02 -5.717942e-01 -9.765176e-01 9.830823e-02 -1.916997e-01 8.871585e+00
-1.972643e-01 7.480826e-03 9.803218e-01 1.116206e+02 9.606302e-02 9.953061e-01 1.173501e-02 -5.733449e-01 -9.756324e-01 9.648755e-02 -1.970570e-01 8.486629e+00
-2.084031e-01 6.469213e-03 9.780216e-01 1.155478e+02 9.502287e-02 9.953813e-01 1.366404e-02 -5.705380e-01 -9.734160e-01 9.578203e-02 -2.080553e-01 7.674193e+00
-2.195383e-01 8.856306e-03 9.755637e-01 1.194963e+02 9.521901e-02 9.953792e-01 1.239164e-02 -5.658779e-01 -9.709460e-01 9.561263e-02 -2.193671e-01 6.808278e+00
-2.310452e-01 9.190854e-03 9.728996e-01 1.234817e+02 9.472620e-02 9.954172e-01 1.309209e-02 -5.636678e-01 -9.683207e-01 9.518392e-02 -2.308570e-01 5.883248e+00
-2.414041e-01 9.719218e-03 9.703760e-01 1.274889e+02 9.294890e-02 9.955840e-01 1.315154e-02 -5.591517e-01 -9.659630e-01 9.337020e-02 -2.412414e-01 4.911013e+00
-2.497010e-01 8.595703e-03 9.682849e-01 1.315233e+02 9.625855e-02 9.952279e-01 1.598823e-02 -5.494115e-01 -9.635267e-01 9.719796e-02 -2.493368e-01 3.880107e+00
-2.532929e-01 9.879226e-03 9.673392e-01 1.335486e+02 9.768544e-02 9.950979e-01 1.541572e-02 -5.427542e-01 -9.624449e-01 9.839963e-02 -2.530163e-01 3.348158e+00
-2.597614e-01 1.013191e-02 9.656197e-01 1.376250e+02 9.708426e-02 9.951527e-01 1.567485e-02 -5.295973e-01 -9.607802e-01 9.781817e-02 -2.594859e-01 2.257989e+00
-2.637027e-01 1.035061e-02 9.645485e-01 1.396797e+02 9.579549e-02 9.952802e-01 1.550960e-02 -5.224538e-01 -9.598354e-01 9.648930e-02 -2.634496e-01 1.699296e+00
-2.681714e-01 1.125920e-02 9.633055e-01 1.417304e+02 9.446872e-02 9.954198e-01 1.466427e-02 -5.179993e-01 -9.587282e-01 9.493475e-02 -2.680067e-01 1.132152e+00
-2.726489e-01 1.108767e-02 9.620497e-01 1.437927e+02 9.357615e-02 9.954984e-01 1.504669e-02 -5.127373e-01 -9.575521e-01 9.412736e-02 -2.724590e-01 5.515872e-01
-2.772301e-01 1.132109e-02 9.607369e-01 1.458618e+02 9.373713e-02 9.954791e-01 1.531828e-02 -5.061993e-01 -9.562200e-01 9.430339e-02 -2.770379e-01 -4.137210e-02
-2.817308e-01 1.185782e-02 9.594203e-01 1.479305e+02 9.322617e-02 9.955309e-01 1.507145e-02 -5.006247e-01 -9.549537e-01 9.368914e-02 -2.815771e-01 -6.449311e-01
-2.862852e-01 1.239653e-02 9.580643e-01 1.500068e+02 9.286516e-02 9.955677e-01 1.486782e-02 -4.959689e-01 -9.536335e-01 9.322721e-02 -2.861674e-01 -1.261108e+00
-2.904967e-01 1.139404e-02 9.568082e-01 1.520968e+02 9.253122e-02 9.955774e-01 1.623769e-02 -4.898301e-01 -9.523915e-01 9.325161e-02 -2.902662e-01 -1.892338e+00
-2.947361e-01 1.147144e-02 9.555099e-01 1.541812e+02 9.310741e-02 9.955148e-01 1.676813e-02 -4.829921e-01 -9.510318e-01 9.390720e-02 -2.944822e-01 -2.533182e+00
-2.986660e-01 1.208825e-02 9.542812e-01 1.562753e+02 9.410159e-02 9.954201e-01 1.684205e-02 -4.753909e-01 -9.497070e-01 9.482950e-02 -2.984357e-01 -3.187653e+00
-3.022573e-01 1.327702e-02 9.531339e-01 1.583734e+02 9.424427e-02 9.954202e-01 1.602063e-02 -4.676840e-01 -9.485560e-01 9.466974e-02 -3.021243e-01 -3.851462e+00
-3.058439e-01 1.542536e-02 9.519567e-01 1.604737e+02 9.475529e-02 9.953977e-01 1.431362e-02 -4.608735e-01 -9.473547e-01 9.458065e-02 -3.058979e-01 -4.525316e+00
-3.092558e-01 1.602772e-02 9.508438e-01 1.625875e+02 9.539849e-02 9.953371e-01 1.425001e-02 -4.555311e-01 -9.461818e-01 9.511594e-02 -3.093428e-01 -5.211974e+00
-3.126266e-01 1.689296e-02 9.497259e-01 1.647037e+02 9.518253e-02 9.953665e-01 1.362698e-02 -4.525483e-01 -9.450952e-01 9.465745e-02 -3.127859e-01 -5.908582e+00
-3.161339e-01 1.703662e-02 9.485616e-01 1.668257e+02 9.503047e-02 9.953788e-01 1.379400e-02 -4.495307e-01 -9.439430e-01 9.450299e-02 -3.162920e-01 -6.614701e+00
-3.201365e-01 1.695749e-02 9.472197e-01 1.689537e+02 9.501387e-02 9.953733e-01 1.429274e-02 -4.456125e-01 -9.425948e-01 9.457461e-02 -3.202665e-01 -7.331463e+00
-3.271325e-01 1.815461e-02 9.448041e-01 1.732245e+02 9.878847e-02 9.949941e-01 1.508585e-02 -4.365523e-01 -9.398006e-01 9.827080e-02 -3.272883e-01 -8.806086e+00
-3.298961e-01 1.768240e-02 9.438517e-01 1.753665e+02 9.945702e-02 9.949112e-01 1.612335e-02 -4.294089e-01 -9.387634e-01 9.919169e-02 -3.299759e-01 -9.557829e+00
-3.353595e-01 1.698544e-02 9.419371e-01 1.796714e+02 9.814417e-02 9.950270e-01 1.699965e-02 -4.118277e-01 -9.369641e-01 9.814661e-02 -3.353588e-01 -1.108560e+01
-3.416162e-01 2.028947e-02 9.396206e-01 1.839969e+02 9.708227e-02 9.951806e-01 1.380682e-02 -3.985802e-01 -9.348119e-01 9.593711e-02 -3.419395e-01 -1.264986e+01
-3.481357e-01 2.308833e-02 9.371598e-01 1.883440e+02 9.427365e-02 9.954910e-01 1.049532e-02 -4.000549e-01 -9.326918e-01 9.200325e-02 -3.487425e-01 -1.425545e+01
-3.519011e-01 2.312204e-02 9.357516e-01 1.905195e+02 9.504064e-02 9.954110e-01 1.114501e-02 -4.013833e-01 -9.311997e-01 9.285635e-02 -3.524837e-01 -1.507493e+01
-3.592385e-01 2.119195e-02 9.330052e-01 1.949010e+02 9.384472e-02 9.954950e-01 1.352206e-02 -4.035663e-01 -9.285154e-01 9.241523e-02 -3.596089e-01 -1.675316e+01
-3.631389e-01 2.128419e-02 9.314919e-01 1.970930e+02 9.410306e-02 9.954648e-01 1.393979e-02 -4.021162e-01 -9.269707e-01 9.271829e-02 -3.634949e-01 -1.760738e+01
-3.703490e-01 2.201051e-02 9.286319e-01 2.014804e+02 9.212319e-02 9.956609e-01 1.314053e-02 -4.011965e-01 -9.243132e-01 9.041510e-02 -3.707697e-01 -1.934449e+01
-3.763962e-01 2.270051e-02 9.261807e-01 2.058770e+02 9.308605e-02 9.955675e-01 1.342863e-02 -4.061955e-01 -9.217705e-01 9.126896e-02 -3.768409e-01 -2.112723e+01
-3.816064e-01 2.250176e-02 9.240510e-01 2.102746e+02 9.526666e-02 9.953372e-01 1.510471e-02 -4.072563e-01 -9.194024e-01 9.379529e-02 -3.819707e-01 -2.295396e+01
-3.866127e-01 2.432739e-02 9.219213e-01 2.146697e+02 9.675317e-02 9.952055e-01 1.431277e-02 -4.036944e-01 -9.171529e-01 9.473228e-02 -3.871128e-01 -2.480688e+01
-3.920958e-01 2.535895e-02 9.195748e-01 2.190854e+02 9.548806e-02 9.953421e-01 1.326659e-02 -4.089666e-01 -9.149551e-01 9.301017e-02 -3.926909e-01 -2.669513e+01
-3.974300e-01 2.654920e-02 9.172484e-01 2.234748e+02 9.359537e-02 9.955411e-01 1.173812e-02 -4.227878e-01 -9.128468e-01 9.051527e-02 -3.981427e-01 -2.859890e+01
-4.029066e-01 2.696929e-02 9.148437e-01 2.278686e+02 9.567667e-02 9.953302e-01 1.279497e-02 -4.418329e-01 -9.102265e-01 9.268435e-02 -4.036054e-01 -3.054211e+01
-4.086398e-01 2.546329e-02 9.123405e-01 2.322584e+02 9.487381e-02 9.953805e-01 1.471329e-02 -4.502008e-01 -9.077513e-01 9.256963e-02 -4.091678e-01 -3.251137e+01
-4.185234e-01 2.430782e-02 9.078807e-01 2.388266e+02 9.099928e-02 9.957336e-01 1.528968e-02 -4.565040e-01 -9.036356e-01 8.901555e-02 -4.189498e-01 -3.551552e+01
-4.257271e-01 2.389500e-02 9.045361e-01 2.431866e+02 8.957398e-02 9.958540e-01 1.585137e-02 -4.598154e-01 -9.004071e-01 8.777123e-02 -4.261024e-01 -3.755871e+01
-4.336948e-01 2.386280e-02 9.007439e-01 2.475244e+02 8.796735e-02 9.959953e-01 1.596872e-02 -4.614750e-01 -8.967556e-01 8.616158e-02 -4.340571e-01 -3.963198e+01
-4.410215e-01 2.505593e-02 8.971467e-01 2.518424e+02 8.852924e-02 9.959498e-01 1.570406e-02 -4.628392e-01 -8.931196e-01 8.634953e-02 -4.414534e-01 -4.174631e+01
-4.483033e-01 2.521558e-02 8.935258e-01 2.561425e+02 8.717879e-02 9.960700e-01 1.563027e-02 -4.599411e-01 -8.896201e-01 8.490359e-02 -4.487397e-01 -4.389031e+01
-4.553868e-01 2.592550e-02 8.899162e-01 2.604446e+02 8.760414e-02 9.960298e-01 1.581181e-02 -4.515860e-01 -8.859731e-01 8.516081e-02 -4.558499e-01 -4.607408e+01
-4.621008e-01 2.899750e-02 8.863532e-01 2.647340e+02 9.121464e-02 9.957186e-01 1.497936e-02 -4.443228e-01 -8.821240e-01 8.777034e-02 -4.627673e-01 -4.830007e+01
-4.678605e-01 3.190777e-02 8.832262e-01 2.690255e+02 9.402770e-02 9.954733e-01 1.384527e-02 -4.394885e-01 -8.787863e-01 8.952536e-02 -4.687428e-01 -5.056793e+01
-4.732870e-01 3.502027e-02 8.802119e-01 2.733318e+02 9.677821e-02 9.952282e-01 1.244098e-02 -4.312748e-01 -8.755760e-01 9.107347e-02 -4.744177e-01 -5.288771e+01
-4.797661e-01 3.625912e-02 8.766469e-01 2.776580e+02 9.648349e-02 9.952665e-01 1.163754e-02 -4.182424e-01 -8.720753e-01 9.016523e-02 -4.809935e-01 -5.525311e+01
-4.863612e-01 3.769826e-02 8.729443e-01 2.820168e+02 9.634686e-02 9.952903e-01 1.069788e-02 -4.105826e-01 -8.684296e-01 8.930846e-02 -4.877027e-01 -5.767414e+01
-4.918877e-01 3.780488e-02 8.698375e-01 2.863724e+02 9.587566e-02 9.953330e-01 1.095791e-02 -4.079618e-01 -8.653637e-01 8.878629e-02 -4.932166e-01 -6.012956e+01
-4.938980e-01 3.783481e-02 8.686964e-01 2.885702e+02 9.748770e-02 9.951633e-01 1.208380e-02 -4.045488e-01 -8.640375e-01 9.065535e-02 -4.951976e-01 -6.138495e+01
-4.959533e-01 3.775471e-02 8.675281e-01 2.907704e+02 9.815965e-02 9.950882e-01 1.281034e-02 -3.986685e-01 -8.627832e-01 9.150956e-02 -4.972233e-01 -6.264929e+01
-4.981567e-01 3.777312e-02 8.662639e-01 2.929827e+02 9.815975e-02 9.950850e-01 1.305774e-02 -3.908822e-01 -8.615130e-01 9.153703e-02 -4.994160e-01 -6.392341e+01
-5.004590e-01 3.710110e-02 8.649649e-01 2.951953e+02 9.755645e-02 9.951348e-01 1.376055e-02 -3.821466e-01 -8.602462e-01 9.126948e-02 -5.016436e-01 -6.520624e+01
-5.030179e-01 3.703289e-02 8.634823e-01 2.974212e+02 9.842723e-02 9.950362e-01 1.466339e-02 -3.713999e-01 -8.586531e-01 9.236610e-02 -5.041660e-01 -6.650521e+01
-5.071269e-01 3.780852e-02 8.610417e-01 3.018763e+02 9.853901e-02 9.950298e-01 1.434445e-02 -3.470056e-01 -8.562198e-01 9.212063e-02 -5.083320e-01 -6.912560e+01
-5.093585e-01 4.004183e-02 8.596224e-01 3.041141e+02 9.794371e-02 9.951234e-01 1.168175e-02 -3.372516e-01 -8.549625e-01 9.014478e-02 -5.107963e-01 -7.045170e+01
-5.126685e-01 3.931280e-02 8.576862e-01 3.063593e+02 9.633206e-02 9.952774e-01 1.196155e-02 -3.307952e-01 -8.531654e-01 8.875497e-02 -5.140344e-01 -7.179168e+01
-5.171586e-01 3.690592e-02 8.550936e-01 3.086134e+02 9.360376e-02 9.955160e-01 1.364476e-02 -3.233356e-01 -8.507557e-01 8.709646e-02 -5.182942e-01 -7.314403e+01
-5.220571e-01 3.451451e-02 8.522120e-01 3.108714e+02 9.114758e-02 9.957166e-01 1.550971e-02 -3.126191e-01 -8.480262e-01 8.577399e-02 -5.229668e-01 -7.451245e+01
-5.268235e-01 3.309434e-02 8.493302e-01 3.131301e+02 8.979367e-02 9.958171e-01 1.689507e-02 -2.971879e-01 -8.452184e-01 8.516518e-02 -5.275914e-01 -7.590012e+01
-5.311682e-01 3.348928e-02 8.466043e-01 3.153852e+02 9.017544e-02 9.957776e-01 1.718683e-02 -2.796424e-01 -8.424540e-01 8.547199e-02 -5.319453e-01 -7.730725e+01
-5.353072e-01 3.467362e-02 8.439455e-01 3.176383e+02 9.238538e-02 9.955660e-01 1.769624e-02 -2.578412e-01 -8.395898e-01 8.744113e-02 -5.361370e-01 -7.872988e+01
-5.390292e-01 3.588530e-02 8.415223e-01 3.198954e+02 9.381170e-02 9.954336e-01 1.764160e-02 -2.381554e-01 -8.370465e-01 8.845395e-02 -5.399342e-01 -8.017271e+01
-5.426799e-01 3.583575e-02 8.391748e-01 3.221579e+02 9.420860e-02 9.953821e-01 1.841670e-02 -2.197853e-01 -8.346396e-01 8.905184e-02 -5.435499e-01 -8.163211e+01
-5.466164e-01 3.426157e-02 8.366820e-01 3.244120e+02 9.455334e-02 9.952979e-01 2.101626e-02 -2.016825e-01 -8.320277e-01 9.059888e-02 -5.472856e-01 -8.310009e+01
-5.505309e-01 3.288636e-02 8.341668e-01 3.266626e+02 9.308915e-02 9.954104e-01 2.219342e-02 -1.825361e-01 -8.296084e-01 8.987002e-02 -5.510655e-01 -8.457972e+01
-5.542889e-01 3.278444e-02 8.316784e-01 3.289055e+02 9.233886e-02 9.954779e-01 2.229974e-02 -1.608324e-01 -8.271864e-01 8.915672e-02 -5.548096e-01 -8.606826e+01
-5.583189e-01 3.221365e-02 8.290008e-01 3.311477e+02 9.187847e-02 9.955000e-01 2.319514e-02 -1.383913e-01 -8.245231e-01 8.911758e-02 -5.587662e-01 -8.757051e+01
-5.624024e-01 3.172657e-02 8.262548e-01 3.333840e+02 9.317394e-02 9.953308e-01 2.520143e-02 -1.125608e-01 -8.215973e-01 9.115875e-02 -5.627325e-01 -8.908675e+01
-5.662656e-01 3.200649e-02 8.236012e-01 3.356133e+02 9.376371e-02 9.952604e-01 2.578962e-02 -8.455148e-02 -8.188722e-01 9.182766e-02 -5.665827e-01 -9.061426e+01
-5.734629e-01 2.980165e-02 8.186893e-01 3.400560e+02 9.146806e-02 9.954189e-01 2.783523e-02 -1.599584e-02 -8.141093e-01 9.084638e-02 -5.735616e-01 -9.370014e+01
-5.764348e-01 2.883221e-02 8.166344e-01 3.422752e+02 9.162022e-02 9.953561e-01 2.952944e-02 2.333862e-02 -8.119905e-01 9.184199e-02 -5.763994e-01 -9.526502e+01
-5.821727e-01 2.738547e-02 8.126039e-01 3.467010e+02 8.552969e-02 9.959502e-01 2.771149e-02 1.024766e-01 -8.085540e-01 8.563461e-02 -5.821572e-01 -9.841195e+01
-5.852817e-01 2.656025e-02 8.103950e-01 3.489103e+02 8.243732e-02 9.962335e-01 2.688668e-02 1.402984e-01 -8.066284e-01 8.254305e-02 -5.852667e-01 -9.999813e+01
-5.884897e-01 2.360915e-02 8.081600e-01 3.511094e+02 7.975283e-02 9.963937e-01 2.896666e-02 1.754218e-01 -8.045616e-01 8.149961e-02 -5.882502e-01 -1.015909e+02
-5.915552e-01 2.271379e-02 8.059445e-01 3.533107e+02 8.013301e-02 9.963101e-01 3.073798e-02 2.141195e-01 -8.022725e-01 8.276596e-02 -5.911925e-01 -1.032033e+02
-5.945947e-01 2.268037e-02 8.037057e-01 3.554996e+02 7.939344e-02 9.963730e-01 3.061917e-02 2.539708e-01 -8.000961e-01 8.201493e-02 -5.942387e-01 -1.048170e+02
-5.974407e-01 2.308157e-02 8.015809e-01 3.576809e+02 7.813459e-02 9.965050e-01 2.954148e-02 2.903191e-01 -7.980974e-01 8.028046e-02 -5.971561e-01 -1.064411e+02
-6.007205e-01 1.876716e-02 7.992389e-01 3.598670e+02 7.511391e-02 9.966269e-01 3.305469e-02 3.297903e-01 -7.959226e-01 7.989057e-02 -6.001039e-01 -1.080781e+02
-6.038752e-01 1.623428e-02 7.969136e-01 3.620386e+02 7.242569e-02 9.967743e-01 3.457609e-02 3.801369e-01 -7.937816e-01 7.859665e-02 -6.031030e-01 -1.097167e+02
-6.068475e-01 1.634159e-02 7.946503e-01 3.642051e+02 7.194258e-02 9.968139e-01 3.444111e-02 4.335940e-01 -7.915556e-01 7.806967e-02 -6.060897e-01 -1.113631e+02
-6.095901e-01 1.605467e-02 7.925543e-01 3.663626e+02 7.126306e-02 9.968566e-01 3.461851e-02 4.855505e-01 -7.895071e-01 7.758292e-02 -6.088179e-01 -1.130176e+02
-6.122075e-01 1.580857e-02 7.905392e-01 3.685148e+02 7.108644e-02 9.968518e-01 3.511634e-02 5.357534e-01 -7.874952e-01 7.769508e-02 -6.114039e-01 -1.146817e+02
-6.150181e-01 1.428418e-02 7.883836e-01 3.706543e+02 7.043109e-02 9.968345e-01 3.688232e-02 5.857535e-01 -7.853612e-01 7.820999e-02 -6.140773e-01 -1.163494e+02
-6.177963e-01 1.359792e-02 7.862206e-01 3.727925e+02 6.786551e-02 9.970417e-01 3.608321e-02 6.347512e-01 -7.834041e-01 7.564932e-02 -6.168915e-01 -1.180262e+02
-6.206707e-01 1.085791e-02 7.839962e-01 3.749322e+02 5.885749e-02 9.977281e-01 3.277805e-02 6.806409e-01 -7.818591e-01 6.648841e-02 -6.198996e-01 -1.197055e+02
-6.239941e-01 1.192773e-02 7.813381e-01 3.770444e+02 4.951205e-02 9.984779e-01 2.429889e-02 7.141844e-01 -7.798589e-01 5.384800e-02 -6.236348e-01 -1.213733e+02
-6.266260e-01 2.205789e-02 7.790079e-01 3.791489e+02 5.900870e-02 9.980727e-01 1.920520e-02 7.322390e-01 -7.770829e-01 5.800271e-02 -6.267199e-01 -1.230734e+02
-6.274763e-01 2.388148e-02 7.782693e-01 3.812460e+02 6.664289e-02 9.975089e-01 2.312160e-02 7.514499e-01 -7.757784e-01 6.637436e-02 -6.275047e-01 -1.247861e+02
-6.322787e-01 3.794990e-03 7.747318e-01 3.854625e+02 6.029882e-02 9.971956e-01 4.432671e-02 8.581189e-01 -7.723909e-01 7.474223e-02 -6.307344e-01 -1.282062e+02
-6.354821e-01 -2.169544e-03 7.721126e-01 3.875638e+02 5.428748e-02 9.973957e-01 4.748350e-02 9.375737e-01 -7.702048e-01 7.209095e-02 -6.337093e-01 -1.299140e+02
-6.407552e-01 2.180977e-03 7.677422e-01 3.917168e+02 5.798493e-02 9.972772e-01 4.556100e-02 1.088896e+00 -7.655524e-01 7.371091e-02 -6.391370e-01 -1.333507e+02
-6.427141e-01 9.281153e-03 7.660500e-01 3.937800e+02 6.314894e-02 9.971656e-01 4.090054e-02 1.154913e+00 -7.634991e-01 7.466258e-02 -6.414785e-01 -1.350831e+02
-6.480120e-01 1.202720e-02 7.615352e-01 3.978934e+02 6.400803e-02 9.971980e-01 3.871714e-02 1.272858e+00 -7.589357e-01 7.383352e-02 -6.469661e-01 -1.385702e+02
-6.532311e-01 1.121137e-02 7.570756e-01 4.019775e+02 6.522569e-02 9.970066e-01 4.151452e-02 1.399861e+00 -7.543439e-01 7.649933e-02 -6.520070e-01 -1.420688e+02
-6.564592e-01 1.172668e-02 7.542705e-01 4.060396e+02 6.614536e-02 9.969228e-01 4.206862e-02 1.530570e+00 -7.514560e-01 7.750781e-02 -6.552147e-01 -1.456094e+02
-6.619843e-01 1.147200e-02 7.494300e-01 4.161297e+02 7.086687e-02 9.963615e-01 4.734596e-02 1.902123e+00 -7.461600e-01 8.445202e-02 -6.603886e-01 -1.545063e+02
-6.647307e-01 1.113233e-02 7.470002e-01 4.201401e+02 6.397313e-02 9.970645e-01 4.206859e-02 2.051261e+00 -7.443390e-01 7.575220e-02 -6.634915e-01 -1.580701e+02
-6.684511e-01 6.991256e-03 7.437233e-01 4.281288e+02 5.725191e-02 9.974725e-01 4.208085e-02 2.325413e+00 -7.415493e-01 7.070856e-02 -6.671618e-01 -1.652378e+02
-6.688562e-01 4.782552e-03 7.433765e-01 4.320961e+02 5.962807e-02 9.971024e-01 4.723569e-02 2.471810e+00 -7.409965e-01 7.591998e-02 -6.672033e-01 -1.688310e+02
-6.664665e-01 2.245014e-03 7.455316e-01 4.360531e+02 6.807604e-02 9.960011e-01 5.785718e-02 2.650572e+00 -7.424204e-01 8.931269e-02 -6.639541e-01 -1.724221e+02
-6.640222e-01 7.332386e-04 7.477126e-01 4.400300e+02 5.667972e-02 9.971716e-01 4.935776e-02 2.843910e+00 -7.455615e-01 7.515477e-02 -6.621855e-01 -1.759705e+02
-6.571388e-01 -2.384720e-03 7.537658e-01 4.460460e+02 5.118087e-02 9.975460e-01 4.777584e-02 3.098726e+00 -7.520300e-01 6.997374e-02 -6.554041e-01 -1.812884e+02
-6.502861e-01 -5.694727e-03 7.596681e-01 4.520924e+02 4.340385e-02 9.980600e-01 4.463606e-02 3.358861e+00 -7.584485e-01 6.199872e-02 -6.487773e-01 -1.865327e+02
-6.487774e-01 -1.541144e-02 7.608223e-01 4.561580e+02 2.766377e-02 9.986564e-01 4.381885e-02 3.516788e+00 -7.604753e-01 4.947588e-02 -6.474793e-01 -1.899924e+02
-6.471136e-01 -1.651054e-02 7.622149e-01 4.602152e+02 2.716600e-02 9.986312e-01 4.469530e-02 3.669483e+00 -7.619095e-01 4.962925e-02 -6.457792e-01 -1.934519e+02
-6.444217e-01 -1.938661e-02 7.644245e-01 4.642791e+02 2.790781e-02 9.984163e-01 4.884760e-02 3.835891e+00 -7.641608e-01 5.281186e-02 -6.428600e-01 -1.969059e+02
-6.425776e-01 -1.892421e-02 7.659869e-01 4.683509e+02 2.470557e-02 9.986634e-01 4.539785e-02 4.004216e+00 -7.658222e-01 4.809577e-02 -6.412512e-01 -2.003376e+02
-6.403523e-01 -1.703864e-02 7.678924e-01 4.724259e+02 2.727744e-02 9.986188e-01 4.490509e-02 4.154116e+00 -7.675968e-01 4.970120e-02 -6.390030e-01 -2.037656e+02
-6.382048e-01 -1.757702e-02 7.696660e-01 4.765113e+02 2.911652e-02 9.984730e-01 4.694565e-02 4.309712e+00 -7.693159e-01 5.237092e-02 -6.367184e-01 -2.071855e+02
-6.364662e-01 -1.871761e-02 7.710775e-01 4.806060e+02 2.856500e-02 9.984476e-01 4.781518e-02 4.471449e+00 -7.707754e-01 5.245856e-02 -6.349435e-01 -2.105886e+02
-6.352032e-01 -1.912085e-02 7.721084e-01 4.847071e+02 2.761545e-02 9.984920e-01 4.744597e-02 4.640076e+00 -7.718512e-01 5.145993e-02 -6.337172e-01 -2.139826e+02
-6.342247e-01 -1.826709e-02 7.729330e-01 4.888066e+02 2.810945e-02 9.985151e-01 4.666338e-02 4.799764e+00 -7.726376e-01 5.132177e-02 -6.327694e-01 -2.173707e+02
-6.336457e-01 -2.085277e-02 7.733423e-01 4.929166e+02 2.629011e-02 9.984788e-01 4.846451e-02 4.960767e+00 -7.731765e-01 5.104058e-02 -6.321335e-01 -2.207576e+02
-6.344122e-01 -2.200092e-02 7.726818e-01 5.011328e+02 2.608151e-02 9.984165e-01 4.984264e-02 5.267707e+00 -7.725548e-01 5.177347e-02 -6.328337e-01 -2.275274e+02
-6.349280e-01 -2.408225e-02 7.721959e-01 5.052390e+02 2.462954e-02 9.983750e-01 5.138734e-02 5.432770e+00 -7.721786e-01 5.164608e-02 -6.333031e-01 -2.309143e+02
-6.346300e-01 -2.317670e-02 7.724686e-01 5.154974e+02 2.483037e-02 9.984226e-01 5.035575e-02 5.857608e+00 -7.724171e-01 5.113794e-02 -6.330534e-01 -2.393843e+02
-6.342276e-01 -2.435609e-02 7.727627e-01 5.216574e+02 2.402674e-02 9.984000e-01 5.118716e-02 6.115358e+00 -7.727729e-01 5.103127e-02 -6.326276e-01 -2.444639e+02
-6.337744e-01 -2.490629e-02 7.731169e-01 5.257627e+02 2.433043e-02 9.983450e-01 5.210735e-02 6.299720e+00 -7.731352e-01 5.183455e-02 -6.321195e-01 -2.478455e+02
-6.338700e-01 -2.930732e-02 7.728842e-01 5.422136e+02 2.279970e-02 9.981395e-01 5.654772e-02 7.066817e+00 -7.731035e-01 5.346542e-02 -6.320225e-01 -2.613661e+02
-6.344558e-01 -2.524481e-02 7.725468e-01 5.483760e+02 2.236926e-02 9.984482e-01 5.099748e-02 7.357150e+00 -7.726354e-01 4.963694e-02 -6.329065e-01 -2.664366e+02
-6.343774e-01 -2.825764e-02 7.725069e-01 5.524956e+02 2.358501e-02 9.981589e-01 5.587963e-02 7.551427e+00 -7.726636e-01 5.366835e-02 -6.325429e-01 -2.698319e+02
-6.344310e-01 -2.582120e-02 7.725481e-01 5.586591e+02 2.523755e-02 9.982171e-01 5.408937e-02 7.857401e+00 -7.725674e-01 5.381318e-02 -6.326482e-01 -2.749141e+02
-6.332114e-01 -2.777469e-02 7.734804e-01 5.710150e+02 2.817505e-02 9.978663e-01 5.889766e-02 8.483450e+00 -7.734659e-01 5.908751e-02 -6.310777e-01 -2.850936e+02
-6.322726e-01 -2.939367e-02 7.741882e-01 5.772007e+02 2.522994e-02 9.979688e-01 5.849503e-02 8.816896e+00 -7.743350e-01 5.651752e-02 -6.302467e-01 -2.901677e+02
-6.302434e-01 -2.707487e-02 7.759254e-01 5.833713e+02 2.843217e-02 9.979165e-01 5.791490e-02 9.137328e+00 -7.758768e-01 5.856172e-02 -6.281605e-01 -2.952267e+02
-6.284360e-01 -2.762615e-02 7.773706e-01 5.895489e+02 2.792536e-02 9.979236e-01 5.803934e-02 9.456599e+00 -7.773598e-01 5.818235e-02 -6.263596e-01 -3.002630e+02
-6.267515e-01 -2.929572e-02 7.786683e-01 5.957370e+02 2.626936e-02 9.979306e-01 5.868924e-02 9.775807e+00 -7.787763e-01 5.723867e-02 -6.246849e-01 -3.052800e+02
-6.260867e-01 -3.038338e-02 7.791613e-01 6.019345e+02 2.246797e-02 9.981227e-01 5.697568e-02 1.009861e+01 -7.794296e-01 5.317788e-02 -6.242287e-01 -3.102813e+02
-6.265124e-01 -3.312816e-02 7.787071e-01 6.081333e+02 2.244936e-02 9.979148e-01 6.051553e-02 1.043016e+01 -7.790881e-01 5.539520e-02 -6.244622e-01 -3.152902e+02
-6.266057e-01 -2.915437e-02 7.787910e-01 6.143316e+02 2.264969e-02 9.981966e-01 5.559156e-02 1.075646e+01 -7.790073e-01 5.247334e-02 -6.248153e-01 -3.203039e+02
-6.264904e-01 -3.068870e-02 7.788248e-01 6.205350e+02 2.368425e-02 9.980136e-01 5.837730e-02 1.106765e+01 -7.790692e-01 5.501868e-02 -6.245190e-01 -3.253171e+02
-6.259098e-01 -3.013968e-02 7.793129e-01 6.267459e+02 2.363144e-02 9.980612e-01 5.757943e-02 1.139641e+01 -7.795373e-01 5.445581e-02 -6.239840e-01 -3.303270e+02
-6.249644e-01 -3.121197e-02 7.800291e-01 6.329587e+02 2.325251e-02 9.980128e-01 5.856440e-02 1.172232e+01 -7.803069e-01 5.473828e-02 -6.229967e-01 -3.353308e+02
-6.237826e-01 -3.043697e-02 7.810051e-01 6.391659e+02 2.287771e-02 9.981023e-01 5.716983e-02 1.204805e+01 -7.812630e-01 5.352914e-02 -6.219025e-01 -3.403234e+02
-6.226340e-01 -3.036108e-02 7.819241e-01 6.453750e+02 2.387978e-02 9.980444e-01 5.776784e-02 1.237656e+01 -7.821488e-01 5.464038e-02 -6.206913e-01 -3.453101e+02
-6.205815e-01 -3.013895e-02 7.835626e-01 6.536623e+02 2.582840e-02 9.979332e-01 5.884059e-02 1.280042e+01 -7.837165e-01 5.675353e-02 -6.185204e-01 -3.519355e+02
-6.192251e-01 -3.037229e-02 7.846259e-01 6.598779e+02 2.531333e-02 9.979601e-01 5.860753e-02 1.313000e+01 -7.848054e-01 5.615274e-02 -6.171931e-01 -3.568806e+02
-6.181475e-01 -2.899896e-02 7.855271e-01 6.661120e+02 2.486200e-02 9.980980e-01 5.641076e-02 1.345227e+01 -7.856689e-01 5.439993e-02 -6.162508e-01 -3.618289e+02
-6.188770e-01 -3.062233e-02 7.848909e-01 6.744325e+02 2.193799e-02 9.981761e-01 5.624143e-02 1.387413e+01 -7.851815e-01 5.202544e-02 -6.170764e-01 -3.684192e+02
-6.199262e-01 -3.124605e-02 7.840378e-01 6.806657e+02 2.229805e-02 9.981017e-01 5.740779e-02 1.418850e+01 -7.843432e-01 5.307110e-02 -6.180527e-01 -3.733743e+02
-6.206549e-01 -3.096139e-02 7.834724e-01 6.868945e+02 2.296153e-02 9.980738e-01 5.763181e-02 1.451349e+01 -7.837476e-01 5.375918e-02 -6.187484e-01 -3.783370e+02
-6.184733e-01 -2.691439e-02 7.853448e-01 6.993457e+02 2.789353e-02 9.980315e-01 5.616999e-02 1.513859e+01 -7.853106e-01 5.664566e-02 -6.165050e-01 -3.882646e+02
-6.128317e-01 -2.458664e-02 7.898309e-01 7.201441e+02 2.991372e-02 9.980776e-01 5.427927e-02 1.621513e+01 -7.896470e-01 5.689083e-02 -6.109181e-01 -4.046980e+02
-6.106438e-01 -2.477735e-02 7.915177e-01 7.264057e+02 2.932406e-02 9.981174e-01 5.386772e-02 1.654399e+01 -7.913623e-01 5.610449e-02 -6.087676e-01 -4.095850e+02
-6.082262e-01 -2.245372e-02 7.934462e-01 7.347664e+02 2.985769e-02 9.982452e-01 5.113711e-02 1.698171e+01 -7.932020e-01 5.479338e-02 -6.064884e-01 -4.160734e+02
-6.082645e-01 -2.631943e-02 7.932980e-01 7.431419e+02 2.598236e-02 9.982542e-01 5.304138e-02 1.737146e+01 -7.933090e-01 5.287493e-02 -6.065187e-01 -4.225508e+02
-6.064594e-01 -2.383008e-02 7.947573e-01 7.515173e+02 3.164025e-02 9.980358e-01 5.406908e-02 1.775413e+01 -7.944846e-01 5.793701e-02 -6.045142e-01 -4.290362e+02
-6.004185e-01 -2.003886e-02 7.994349e-01 7.683468e+02 3.292078e-02 9.982191e-01 4.974691e-02 1.842281e+01 -7.990080e-01 5.618697e-02 -5.986895e-01 -4.419355e+02
-5.974656e-01 -2.224858e-02 8.015859e-01 7.852706e+02 2.912478e-02 9.983534e-01 4.941828e-02 1.907913e+01 -8.013655e-01 5.287172e-02 -5.958338e-01 -4.547110e+02
-5.992125e-01 -2.052399e-02 8.003270e-01 7.937097e+02 3.030339e-02 9.983735e-01 4.829123e-02 1.940541e+01 -8.000163e-01 5.318931e-02 -5.976158e-01 -4.610817e+02
-6.006924e-01 -2.038464e-02 7.992204e-01 8.021083e+02 2.956262e-02 9.984248e-01 4.768468e-02 1.973792e+01 -7.989335e-01 5.227086e-02 -5.991435e-01 -4.674543e+02
-5.993871e-01 -1.845460e-02 8.002466e-01 8.104902e+02 3.014063e-02 9.985049e-01 4.560208e-02 2.003686e+01 -7.998916e-01 5.145323e-02 -5.979347e-01 -4.738196e+02
-5.876351e-01 -2.378478e-02 8.087764e-01 8.422623e+02 3.150144e-02 9.981375e-01 5.224166e-02 2.130359e+01 -8.085126e-01 5.617664e-02 -5.857914e-01 -4.974854e+02
-5.876245e-01 -2.492353e-02 8.087498e-01 8.508213e+02 2.758645e-02 9.983273e-01 5.080966e-02 2.167907e+01 -8.086633e-01 5.216753e-02 -5.859540e-01 -5.037670e+02
-5.864304e-01 -2.422785e-02 8.096372e-01 8.572619e+02 2.689668e-02 9.984189e-01 4.935861e-02 2.195643e+01 -8.095529e-01 5.072193e-02 -5.848515e-01 -5.084874e+02
-5.855253e-01 -2.740359e-02 8.101909e-01 8.658589e+02 2.941737e-02 9.980519e-01 5.501766e-02 2.233432e+01 -8.101202e-01 5.604790e-02 -5.835784e-01 -5.147848e+02
-5.699506e-01 -2.781134e-02 8.212082e-01 8.958952e+02 3.468735e-02 9.977217e-01 5.786358e-02 2.373415e+01 -8.209465e-01 6.146490e-02 -5.676873e-01 -5.363697e+02
-5.667491e-01 -3.057614e-02 8.233229e-01 9.044565e+02 3.453723e-02 9.975510e-01 6.082085e-02 2.415887e+01 -8.231662e-01 6.290544e-02 -5.643051e-01 -5.423632e+02
-5.650646e-01 -3.086228e-02 8.244693e-01 9.108623e+02 3.262427e-02 9.976827e-01 5.970578e-02 2.447974e+01 -8.244014e-01 6.063531e-02 -5.627483e-01 -5.468143e+02
-5.630537e-01 -3.359089e-02 8.257374e-01 9.300863e+02 2.975654e-02 9.977016e-01 6.087675e-02 2.541005e+01 -8.258844e-01 5.884795e-02 -5.607600e-01 -5.600649e+02
-5.613193e-01 -3.387633e-02 8.269057e-01 9.386325e+02 3.342527e-02 9.974186e-01 6.355154e-02 2.589232e+01 -8.269240e-01 6.331224e-02 -5.587380e-01 -5.659327e+02
-5.582337e-01 -3.325722e-02 8.290170e-01 9.472049e+02 3.304581e-02 9.975122e-01 6.226864e-02 2.638159e+01 -8.290254e-01 6.215598e-02 -5.557459e-01 -5.717862e+02
-5.543396e-01 -3.248722e-02 8.316563e-01 9.558153e+02 3.432931e-02 9.974950e-01 6.184758e-02 2.686169e+01 -8.315823e-01 6.283473e-02 -5.518357e-01 -5.776191e+02
-5.503592e-01 -3.822153e-02 8.340527e-01 9.839617e+02 3.237353e-02 9.972235e-01 6.706108e-02 2.855465e+01 -8.343001e-01 6.390890e-02 -5.475938e-01 -5.964211e+02
-5.497537e-01 -3.514821e-02 8.345870e-01 9.904617e+02 3.858719e-02 9.969792e-01 6.740518e-02 2.894540e+01 -8.344350e-01 6.926060e-02 -5.467367e-01 -6.007664e+02
-5.444560e-01 -3.796338e-02 8.379299e-01 1.016458e+03 3.427748e-02 9.971337e-01 6.744854e-02 3.047099e+01 -8.380887e-01 6.544487e-02 -5.415942e-01 -6.179592e+02
-5.435794e-01 -3.612226e-02 8.385802e-01 1.022925e+03 3.759495e-02 9.970231e-01 6.731684e-02 3.084525e+01 -8.385154e-01 6.811841e-02 -5.406031e-01 -6.222172e+02
-5.404372e-01 -3.945466e-02 8.404588e-01 1.035804e+03 3.349250e-02 9.970994e-01 6.834458e-02 3.158219e+01 -8.407175e-01 6.508500e-02 -5.375481e-01 -6.306416e+02
-5.379388e-01 -3.805643e-02 8.421245e-01 1.042231e+03 2.958728e-02 9.975126e-01 6.397856e-02 3.194674e+01 -8.424645e-01 5.933271e-02 -5.354747e-01 -6.347988e+02
-5.321070e-01 -3.374254e-02 8.460045e-01 1.055084e+03 3.484134e-02 9.974865e-01 6.169830e-02 3.265961e+01 -8.459599e-01 6.230601e-02 -5.295939e-01 -6.430515e+02
-5.285037e-01 -4.307558e-02 8.478375e-01 1.067966e+03 2.679502e-02 9.973678e-01 6.737548e-02 3.341620e+01 -8.485080e-01 5.832600e-02 -5.259583e-01 -6.511855e+02
-5.278709e-01 -3.886398e-02 8.484350e-01 1.074401e+03 2.956622e-02 9.975062e-01 6.408765e-02 3.377429e+01 -8.488098e-01 5.891501e-02 -5.254054e-01 -6.552353e+02
-5.273678e-01 -3.935569e-02 8.487251e-01 1.080840e+03 3.402209e-02 9.971472e-01 6.737820e-02 3.412492e+01 -8.489556e-01 6.440848e-02 -5.245244e-01 -6.592934e+02
-5.253784e-01 -3.101834e-02 8.503032e-01 1.087270e+03 3.918553e-02 9.973929e-01 6.059569e-02 3.448078e+01 -8.499659e-01 6.515523e-02 -5.227932e-01 -6.633284e+02
-5.172653e-01 -3.497892e-02 8.551100e-01 1.106668e+03 3.945567e-02 9.971273e-01 6.465540e-02 3.554872e+01 -8.549151e-01 6.718292e-02 -5.143992e-01 -6.753171e+02
-5.146440e-01 -3.737188e-02 8.565891e-01 1.113157e+03 3.924913e-02 9.969754e-01 6.707787e-02 3.590472e+01 -8.565051e-01 6.814158e-02 -5.116206e-01 -6.792720e+02
-5.121516e-01 -3.677019e-02 8.581077e-01 1.119659e+03 3.949030e-02 9.970185e-01 6.629190e-02 3.626861e+01 -8.579867e-01 6.783841e-02 -5.091725e-01 -6.832010e+02
-5.095496e-01 -3.781413e-02 8.596100e-01 1.126198e+03 3.824837e-02 9.970509e-01 6.653256e-02 3.663445e+01 -8.595907e-01 6.678030e-02 -5.066005e-01 -6.871319e+02
-5.065972e-01 -3.485421e-02 8.614781e-01 1.132753e+03 3.822998e-02 9.972917e-01 6.283040e-02 3.699032e+01 -8.613348e-01 6.476399e-02 -5.038927e-01 -6.910464e+02
-5.049198e-01 -3.308991e-02 8.625318e-01 1.137143e+03 3.883964e-02 9.973818e-01 6.099969e-02 3.721242e+01 -8.622920e-01 6.430036e-02 -5.023126e-01 -6.936540e+02
-5.027135e-01 -3.389140e-02 8.637885e-01 1.143749e+03 3.903632e-02 9.973218e-01 6.184930e-02 3.754673e+01 -8.635713e-01 6.481158e-02 -5.000441e-01 -6.975560e+02
-5.022953e-01 -3.581665e-02 8.639541e-01 1.150376e+03 3.555618e-02 9.974412e-01 6.202263e-02 3.789135e+01 -8.639648e-01 6.187256e-02 -4.997365e-01 -7.014450e+02
-5.028628e-01 -3.664102e-02 8.635893e-01 1.154800e+03 3.577497e-02 9.973627e-01 6.314841e-02 3.812449e+01 -8.636255e-01 6.264986e-02 -5.002258e-01 -7.040408e+02
-5.031328e-01 -3.599091e-02 8.634594e-01 1.159229e+03 3.680543e-02 9.973335e-01 6.301739e-02 3.836214e+01 -8.634250e-01 6.348609e-02 -5.004665e-01 -7.066378e+02
-5.036455e-01 -3.330733e-02 8.632681e-01 1.165886e+03 3.899425e-02 9.973616e-01 6.123095e-02 3.871705e+01 -8.630299e-01 6.450117e-02 -5.010179e-01 -7.105384e+02
-5.039031e-01 -3.504066e-02 8.630492e-01 1.170337e+03 3.829730e-02 9.972878e-01 6.285128e-02 3.895544e+01 -8.629108e-01 6.472339e-02 -5.011944e-01 -7.131505e+02
-5.031224e-01 -3.041031e-02 8.636800e-01 1.174790e+03 4.071460e-02 9.974369e-01 5.883752e-02 3.919328e+01 -8.632556e-01 6.476685e-02 -5.005947e-01 -7.157678e+02
-5.020098e-01 -3.281038e-02 8.642394e-01 1.179271e+03 4.146768e-02 9.972177e-01 6.194611e-02 3.941873e+01 -8.638672e-01 6.693554e-02 -4.992524e-01 -7.183940e+02
-5.016674e-01 -3.743195e-02 8.642504e-01 1.183758e+03 4.127892e-02 9.968894e-01 6.713771e-02 3.967071e+01 -8.640752e-01 6.935610e-02 -4.985617e-01 -7.210223e+02
-5.011283e-01 -3.664291e-02 8.645969e-01 1.188272e+03 3.934465e-02 9.971052e-01 6.506332e-02 3.993274e+01 -8.644781e-01 6.662232e-02 -4.982359e-01 -7.236591e+02
-5.002405e-01 -3.607974e-02 8.651345e-01 1.192784e+03 3.954090e-02 9.971373e-01 6.444826e-02 4.018605e+01 -8.649832e-01 6.644781e-02 -4.973818e-01 -7.262948e+02
-4.978729e-01 -3.237222e-02 8.666457e-01 1.199585e+03 4.102389e-02 9.973053e-01 6.082032e-02 4.055332e+01 -8.662792e-01 6.583395e-02 -4.952032e-01 -7.302584e+02
-4.956990e-01 -3.323065e-02 8.678584e-01 1.206417e+03 4.220870e-02 9.971651e-01 6.229041e-02 4.090637e+01 -8.674681e-01 6.750846e-02 -4.928911e-01 -7.342126e+02
-4.936828e-01 -3.478054e-02 8.689463e-01 1.213283e+03 4.165409e-02 9.971073e-01 6.357565e-02 4.126512e+01 -8.686439e-01 6.758135e-02 -4.908059e-01 -7.381592e+02
-4.897948e-01 -3.214880e-02 8.712448e-01 1.220173e+03 4.339884e-02 9.971819e-01 6.119374e-02 4.161726e+01 -8.707569e-01 6.778338e-02 -4.870193e-01 -7.421052e+02
-4.852072e-01 -2.865753e-02 8.739295e-01 1.227101e+03 4.392202e-02 9.974023e-01 5.709198e-02 4.194350e+01 -8.732953e-01 6.608618e-02 -4.826881e-01 -7.460279e+02
-4.824974e-01 -3.015414e-02 8.753782e-01 1.234074e+03 4.149738e-02 9.974980e-01 5.723362e-02 4.226955e+01 -8.749138e-01 6.394096e-02 -4.800389e-01 -7.499294e+02
-4.806926e-01 -2.658732e-02 8.764861e-01 1.241082e+03 4.127268e-02 9.977465e-01 5.290087e-02 4.258650e+01 -8.759173e-01 6.160397e-02 -4.785120e-01 -7.538235e+02
-4.789601e-01 -2.763047e-02 8.774018e-01 1.248123e+03 4.198479e-02 9.976396e-01 5.433576e-02 4.288754e+01 -8.768321e-01 6.286217e-02 -4.766694e-01 -7.577175e+02
-4.770816e-01 -3.079840e-02 8.783192e-01 1.255209e+03 4.074245e-02 9.975362e-01 5.710906e-02 4.320690e+01 -8.779141e-01 6.303055e-02 -4.746514e-01 -7.616116e+02
-4.750737e-01 -2.886688e-02 8.794724e-01 1.262318e+03 4.213284e-02 9.975692e-01 5.550249e-02 4.354782e+01 -8.789367e-01 6.342243e-02 -4.727026e-01 -7.655015e+02
-4.720049e-01 -1.949420e-02 8.813804e-01 1.271868e+03 4.262014e-02 9.980819e-01 4.489970e-02 4.389318e+01 -8.805651e-01 5.875742e-02 -4.702687e-01 -7.706928e+02
-4.706896e-01 -2.523269e-02 8.819380e-01 1.279074e+03 4.141190e-02 9.978575e-01 5.065069e-02 4.415904e+01 -8.813265e-01 6.036346e-02 -4.686361e-01 -7.745821e+02
-4.691742e-01 -2.447601e-02 8.827664e-01 1.286290e+03 4.199495e-02 9.978666e-01 4.998688e-02 4.443881e+01 -8.821066e-01 6.052427e-02 -4.671453e-01 -7.784617e+02
-4.675683e-01 -2.099316e-02 8.837076e-01 1.293510e+03 4.225906e-02 9.980440e-01 4.606851e-02 4.469610e+01 -8.829462e-01 5.888481e-02 -4.657666e-01 -7.823282e+02
-4.664224e-01 -2.271908e-02 8.842704e-01 1.298329e+03 4.184723e-02 9.979841e-01 4.771364e-02 4.485866e+01 -8.835717e-01 5.925897e-02 -4.645313e-01 -7.848990e+02
-4.649276e-01 -2.138350e-02 8.850905e-01 1.305561e+03 4.229027e-02 9.980307e-01 4.632668e-02 4.510370e+01 -8.843381e-01 5.896925e-02 -4.631077e-01 -7.887421e+02
-4.633665e-01 -1.774400e-02 8.859891e-01 1.312794e+03 4.306842e-02 9.981671e-01 4.251513e-02 4.532493e+01 -8.851195e-01 5.785823e-02 -4.617530e-01 -7.925713e+02
