1.000000000000000000e+00 0.000000000000000000e+00 0.000000000000000000e+00 0.000000000000000000e+00 0.000000000000000000e+00 1.000000000000000000e+00 0.000000000000000000e+00 0.000000000000000000e+00 0.000000000000000000e+00 0.000000000000000000e+00 1.000000000000000000e+00 0.000000000000000000e+00
9.992289797185207600e-01 -1.021955714310093452e-02 3.790787177464508689e-02 1.974599999999999966e-03 1.018970714594263222e-02 9.999476028111773385e-01 9.805612983451443988e-04 -5.506999999999999959e-04 -3.791590641095059916e-02 -5.935351537873088034e-04 9.992807572234427838e-01 5.784260000000000096e-02
9.984860010925076246e-01 -1.342346527544123307e-02 5.334338011686007297e-02 3.571099999999999795e-03 1.337718332855963345e-02 9.999097716012583792e-01 1.224590753452253506e-03 -7.383000000000000023e-04 -5.335500528054425151e-02 -5.091525492011215581e-04 9.985754774553572410e-01 8.714420000000000499e-02
9.965712016296950360e-01 -1.650037647611733715e-02 8.107760269329655767e-02 7.949299999999999422e-03 1.628945175727390671e-02 9.998619960018676478e-01 3.262317061323398871e-03 -1.107700000000000091e-03 -8.112024311966220536e-02 -1.930421536232240342e-03 9.967024529060312110e-01 1.465849999999999931e-01
9.955134106215250966e-01 -1.607429494182785121e-02 9.324519459372590524e-02 1.065499999999999954e-02 1.583182965856643962e-02 9.998690918998754951e-01 3.339495917129364257e-03 -1.317999999999999944e-03 -9.328666808478486283e-02 -1.848270932930362251e-03 9.956375753516927274e-01 1.764670000000000127e-01
9.943973375976786766e-01 -1.596459357069756127e-02 1.044943382713665464e-01 1.364250000000000011e-02 1.598815832069641965e-02 9.998719938300328902e-01 6.121665354029208169e-04 -1.428100000000000072e-03 -1.044907353412764667e-01 1.061935250927955460e-03 9.945252930526011781e-01 2.066325999999999996e-01
9.932953088455015456e-01 -1.602415711764212242e-02 1.144886711172288379e-01 1.737649999999999958e-02 1.645001678571068882e-02 9.998608362647090075e-01 -2.775797504611052582e-03 -1.613300000000000020e-03 -1.144282586307670130e-01 4.640527201287333349e-03 9.934206758136375770e-01 2.374684999999999990e-01
9.921287777120085805e-01 -1.687437102946033260e-02 1.240795875155781131e-01 2.108230000000000173e-02 1.762418338794729741e-02 9.998324398794368184e-01 -4.947759557656116088e-03 -1.857099999999999983e-03 -1.239753063943941219e-01 7.095616047425676136e-03 9.922599335039803403e-01 2.686919999999999864e-01
9.912105662017649532e-01 -1.643075122868767682e-02 1.312693561500080930e-01 2.535779999999999978e-02 1.737570026860226977e-02 9.998306887198461501e-01 -6.056313579550556651e-03 -2.088099999999999852e-03 -1.311476209854848529e-01 8.283978999196688064e-03 9.913282388804368628e-01 3.006256999999999957e-01
9.904092339305029524e-01 -1.612405672296001943e-02 1.372208589828417535e-01 2.974919999999999995e-02 1.722303096701978745e-02 9.998283772157570137e-01 -6.825197316922300764e-03 -2.380600000000000077e-03 -1.370872588882834364e-01 9.123097549660079755e-03 9.905169622684893982e-01 3.332098000000000004e-01
9.897245026573825433e-01 -1.709689993200183555e-02 1.419616316203500539e-01 3.453459999999999863e-02 1.845899818301299788e-02 9.997953045285145057e-01 -8.283382691539775688e-03 -2.751500000000000039e-03 -1.417909525522569603e-01 1.081873631484257803e-02 9.898375021784502348e-01 3.660458999999999796e-01
9.890501082669327371e-01 -1.585525620880936029e-02 1.467259151878827494e-01 3.916979999999999768e-02 1.751647820944357212e-02 9.997961976572636855e-01 -1.003673957099182265e-02 -3.057400000000000048e-03 -1.465368770252281627e-01 1.249695965548568502e-02 9.891262657876710440e-01 3.995307000000000164e-01
9.884662476875913928e-01 -1.611731357762165306e-02 1.505812384909016310e-01 4.457719999999999738e-02 1.797968782663892512e-02 9.997776805736774408e-01 -1.101454730682826372e-02 -3.436699999999999998e-03 -1.503702364434857108e-01 1.359491190697307422e-02 9.885362767051960597e-01 4.336845999999999757e-01
9.880273148202602940e-01 -1.601764073001913855e-02 1.534453008550938080e-01 4.982759999999999967e-02 1.775108702636781985e-02 9.997930919125026517e-01 -9.933391838651963596e-03 -3.856200000000000166e-03 -1.532544422796564276e-01 1.253828335466675159e-02 9.881072145127114403e-01 4.683518999999999877e-01
9.876004292038776944e-01 -1.662540241008816227e-02 1.561056957033250536e-01 5.519149999999999751e-02 1.809129189426386675e-02 9.998045397072368168e-01 -7.974179481109960541e-03 -4.255199999999999781e-03 -1.559426092955771281e-01 1.069945678541893951e-02 9.877081675427129559e-01 5.035802999999999807e-01
9.872703492673474690e-01 -1.690544619564763457e-02 1.581501291382831076e-01 6.090689999999999993e-02 1.818685122804031967e-02 9.998124329336006699e-01 -6.658633028123134637e-03 -4.717599999999999745e-03 -1.580078982201164883e-01 9.450123825651543172e-03 9.873926266990963319e-01 5.395208999999999699e-01
9.868662121789339992e-01 -1.932487471860941386e-02 1.603796385976518912e-01 6.666999999999999316e-02 2.076045424908196102e-02 9.997579719407965193e-01 -7.280184077155956411e-03 -5.048500000000000036e-03 -1.602001335797668957e-01 1.051412183377913728e-02 9.870285560423717186e-01 5.758480000000000265e-01
9.867542872134941190e-01 -1.924001205536194845e-02 1.610769958805374491e-01 7.276470000000000160e-02 2.065921527962785373e-02 9.997610772188485484e-01 -7.140399305187117296e-03 -5.383500000000000264e-03 -1.609011295479902681e-01 1.037354396130139508e-02 9.869160126859143345e-01 6.126070999999999600e-01
9.866159866025451253e-01 -2.106138921843863504e-02 1.616951231932367006e-01 7.888399999999999579e-02 2.270087601095577973e-02 9.997078607195595268e-01 -8.298400078154181958e-03 -5.664100000000000038e-03 -1.614731098623599648e-01 1.185795512351661002e-02 9.868058693034141848e-01 6.498688000000000242e-01
9.865947577651958955e-01 -2.097528332778092475e-02 1.618357854108716520e-01 8.494809999999999861e-02 2.262250244212524880e-02 9.997092732659860204e-01 -8.342141766356173799e-03 -6.251999999999999745e-03 -1.616137566344227616e-01 1.189144378590179310e-02 9.867824416917825303e-01 6.876569999999999627e-01
9.869296467926305105e-01 -2.055451050599138921e-02 1.598354916144493487e-01 9.751830000000000220e-02 2.246386141820928481e-02 9.996961519265368246e-01 -1.014784476911569609e-02 -6.944900000000000378e-03 -1.595783419263313296e-01 1.360573118702814062e-02 9.870915037963345906e-01 7.648306999999999745e-01
9.873369376634617556e-01 -2.050008264478167183e-02 1.573070822846018568e-01 1.099818000000000046e-01 2.229588998873570718e-02 9.997047489822968869e-01 -9.659614477451197029e-03 -8.185400000000000661e-03 -1.570626143133609653e-01 1.304459557824278609e-02 9.875024930152088709e-01 8.442064999999999708e-01
9.875527201970060176e-01 -2.102265453538407214e-02 1.558771080941009080e-01 1.225757999999999986e-01 2.301157537946221798e-02 9.996750562871052903e-01 -1.096582126100278595e-02 -9.056800000000000267e-03 -1.555959261357746926e-01 1.441630443833744751e-02 9.877155855489432312e-01 9.264807000000000459e-01
9.877742660220897308e-01 -2.111153302650628505e-02 1.544548560511862234e-01 1.291507000000000072e-01 2.306194560523637527e-02 9.996751954840848997e-01 -1.084666763379155824e-02 -9.707199999999999163e-03 -1.541756986344574309e-01 1.427608864947108383e-02 9.879403055060813621e-01 9.681075000000000097e-01
9.879680610651713213e-01 -2.499293664248721306e-02 1.526252385194225569e-01 1.425616000000000105e-01 2.637093541917362796e-02 9.996276425157750722e-01 -7.010712051690114535e-03 -1.069660000000000055e-02 -1.523931890874515860e-01 1.095122990072617576e-02 9.882592708815929328e-01 1.052781299999999920e+00
9.881118682895129179e-01 -2.843548108749940212e-02 1.510839473959126600e-01 1.555326999999999960e-01 3.022117797910878201e-02 9.994977483942429908e-01 -9.535793432832357502e-03 -1.194319999999999930e-02 -1.507369103669153609e-01 1.398836552857703544e-02 9.884749412518637479e-01 1.138440600000000025e+00
9.881707264176189387e-01 -2.795059619851434501e-02 1.507891893453340015e-01 1.684445999999999999e-01 2.966013727467556316e-02 9.995186198940435585e-01 -9.099711091789542891e-03 -1.337810000000000041e-02 -1.504622600791400699e-01 1.346449617528378863e-02 9.885240592087898293e-01 1.226383999999999919e+00
9.881996802893486809e-01 -2.946273895063942008e-02 1.503108076272475224e-01 1.818325000000000080e-01 3.104910830428312882e-02 9.994840796248445347e-01 -8.217508745732710063e-03 -1.456589999999999968e-02 -1.499911489039864598e-01 1.278755606063066569e-02 9.886046397121845963e-01 1.315769900000000048e+00
9.880986213483479164e-01 -3.092334992778427924e-02 1.506813223951061487e-01 1.951140000000000096e-01 3.257312496482781677e-02 9.994332753730648111e-01 -8.492326365211862182e-03 -1.616640000000000091e-02 -1.503333163989933052e-01 1.329941751774736669e-02 9.885459116673179780e-01 1.406472600000000073e+00
9.878831185155303451e-01 -2.940497117262872578e-02 1.523886210396554197e-01 2.093270999999999882e-01 3.123380326781566990e-02 9.994658032354453159e-01 -9.620691053843867524e-03 -1.784820000000000156e-02 -1.520243193882420407e-01 1.426379449035205388e-02 9.882738236345627314e-01 1.499305000000000110e+00
9.875534120096978175e-01 -2.790450616465414702e-02 1.547888786822580465e-01 2.234644000000000075e-01 2.982868420308183721e-02 9.995037751155988470e-01 -1.012191327660611449e-02 -1.889750000000000110e-02 -1.544296215974022002e-01 1.461307857274085110e-02 9.878957181342118421e-01 1.593032199999999898e+00
9.874521601174337526e-01 -2.496665642944480637e-02 1.559323492612997020e-01 2.385340999999999989e-01 2.669133066570738080e-02 9.996034230412128574e-01 -8.976052115710005802e-03 -2.023449999999999901e-02 -1.556464080751873980e-01 1.302546394659842913e-02 9.877269526252020482e-01 1.687819699999999923e+00
9.866969607037550105e-01 -2.358881410236449844e-02 1.608498541721956054e-01 2.531930000000000014e-01 2.568344726836379460e-02 9.996100946662906939e-01 -1.095532645166809142e-02 -2.162230000000000055e-02 -1.605287147970284045e-01 1.494076606113395149e-02 9.869180843591431884e-01 1.785438400000000092e+00
9.853446746156183655e-01 -2.177271530241731839e-02 1.691798483123836960e-01 2.695658000000000221e-01 2.403310695168336258e-02 9.996470213243523473e-01 -1.132442173353066621e-02 -2.317989999999999981e-02 -1.688735680232114622e-01 1.522437603679689493e-02 9.855201349528075472e-01 1.882757900000000095e+00
9.837221582011782539e-01 -1.844141162252867575e-02 1.787473910337839533e-01 2.865764000000000089e-01 2.082015694418863291e-02 9.997177728583962475e-01 -1.144096568770986561e-02 -2.506790000000000060e-02 -1.784859561109370940e-01 1.497628019290721604e-02 9.838284781925903388e-01 1.981339799999999984e+00
9.819266579450085519e-01 -1.821308230666092778e-02 1.883834442031387113e-01 3.046661999999999981e-01 2.126322817910310595e-02 9.996733087726726863e-01 -1.418276612300931917e-02 -2.766880000000000034e-02 -1.880635890978093749e-01 1.793207629883890319e-02 9.819931400449103398e-01 2.080614999999999881e+00
9.799921595061410473e-01 -1.506032101165526507e-02 1.984654983555483587e-01 3.234195000000000264e-01 1.824912471020593077e-02 9.997319475778198017e-01 -1.424789246066586121e-02 -2.980460000000000054e-02 -1.981977213637977908e-01 1.758464453110277284e-02 9.800043079103852861e-01 2.180749200000000165e+00
9.788943139801596915e-01 -1.364981053028473459e-02 2.039107763944809082e-01 3.334817999999999949e-01 1.680807903860940047e-02 9.997639847024852866e-01 -1.376456940266158890e-02 -3.082069999999999949e-02 -2.036747665675464058e-01 1.690140716911335203e-02 9.788927070416651999e-01 2.230984400000000090e+00
9.764586855345653849e-01 -1.334355471627467725e-02 2.152913955355453823e-01 3.545356000000000063e-01 1.649685219448945861e-02 9.997812603143346744e-01 -1.285633664593817393e-02 -3.313320000000000154e-02 -2.150727535318735506e-01 1.610531191297791265e-02 9.764652219185298021e-01 2.332560099999999803e+00
9.737926236872266328e-01 -1.294420850338339965e-02 2.270690941510278282e-01 3.768723999999999963e-01 1.687455717461969554e-02 9.997393752700007852e-01 -1.537630823406387418e-02 -3.521350000000000174e-02 -2.268108801898795490e-01 1.880502594971318955e-02 9.737572570340734535e-01 2.434872400000000159e+00
9.710267951548468002e-01 -1.222339038623882802e-02 2.386578132363842419e-01 4.005854999999999833e-01 1.631655564813343923e-02 9.997515976838855511e-01 -1.518265261078074850e-02 -3.733079999999999732e-02 -2.384129465928572777e-01 1.863683599712909894e-02 9.709850334793670434e-01 2.537247199999999925e+00
9.684278801288793703e-01 -1.014589185413316760e-02 2.490873378306673880e-01 4.258121999999999741e-01 1.486400528466762239e-02 9.997438394448142640e-01 -1.706800629947050063e-02 -3.910589999999999899e-02 -2.488503613338388654e-01 2.023156866448140578e-02 9.683306156955857613e-01 2.639886900000000036e+00
9.662511869186801716e-01 -1.437026358293875573e-02 2.572005818477061667e-01 4.533505999999999925e-01 1.899604106087770736e-02 9.996992605337240434e-01 -1.550931695268273521e-02 -4.180009999999999976e-02 -2.569003585093940223e-01 1.987168872748836662e-02 9.662335751695149133e-01 2.744564299999999957e+00
9.653364539017372792e-01 -1.561309681511715078e-02 2.605412865099518416e-01 4.674381000000000230e-01 2.041700783787761195e-02 9.996676163777116209e-01 -1.574174566725142915e-02 -4.315829999999999667e-02 -2.602089094542442971e-01 2.051555442941193491e-02 9.653343645945102747e-01 2.796636100000000180e+00
9.636273746067949286e-01 -1.444322312612157655e-02 2.668589069417484083e-01 4.954815000000000191e-01 1.945119176291072033e-02 9.996806464688616778e-01 -1.613245841777912956e-02 -4.556960000000000177e-02 -2.665406799109999447e-01 2.073640232364248534e-02 9.636005747047133863e-01 2.901018399999999886e+00
9.625408040443729218e-01 -1.262114697154381217e-02 2.708429567087443646e-01 5.098850999999999800e-01 1.789711442759950311e-02 9.996949813886832903e-01 -1.701873912619869186e-02 -4.672919999999999852e-02 -2.705455485584220554e-01 2.122853823047849212e-02 9.624730932965449570e-01 2.953506200000000081e+00
9.614004985342686771e-01 -1.158173738854732619e-02 2.749089754393664875e-01 5.246131000000000544e-01 1.721397233678139196e-02 9.996882793758689045e-01 -1.808378375515490993e-02 -4.804900000000000143e-02 -2.746138390075198443e-01 2.211803421593801222e-02 9.613001778778440531e-01 3.005925200000000075e+00
9.601527483594529677e-01 -1.059470881562206597e-02 2.792748681190294069e-01 5.395758999999999972e-01 1.619856243061276041e-02 9.997109556493753990e-01 -1.776546452514305222e-02 -4.942320000000000046e-02 -2.790059253725100663e-01 2.158141097622571017e-02 9.600468406839869351e-01 3.058748200000000139e+00
9.588720044017492450e-01 -1.092234333353446843e-02 2.836285979774891830e-01 5.550395000000000190e-01 1.669578381721636973e-02 9.996995470621621305e-01 -1.794620869255468196e-02 -5.114069999999999727e-02 -2.833473662790966241e-01 2.194351885665433641e-02 9.587662655740903928e-01 3.112208100000000144e+00
9.575324150378716759e-01 -1.018075061616687330e-02 2.881458423587484052e-01 5.703306000000000209e-01 1.608052230472003727e-02 9.997065827055540144e-01 -1.811533321776839442e-02 -5.283240000000000158e-02 -2.878768676954587269e-01 2.197955441028774312e-02 9.574151702546689346e-01 3.164431599999999900e+00
9.561046479019887911e-01 -9.710098726138540262e-03 2.928645015069985535e-01 5.854791000000000301e-01 1.577733211948122855e-02 9.997069165760144038e-01 -1.836182837490185626e-02 -5.414850000000000219e-02 -2.926003726098203583e-01 2.217644995950451142e-02 9.559776289306083363e-01 3.217330000000000023e+00
9.547855778218852230e-01 -9.561198122874297461e-03 2.971415216252751845e-01 6.013104000000000227e-01 1.547327815409533028e-02 9.997262354298451781e-01 -1.755083634576446588e-02 -5.563160000000000327e-02 -2.968923677808082973e-01 2.135503883688708721e-02 9.546721344366243533e-01 3.269900799999999830e+00
9.535734425937006931e-01 -1.050634051371299518e-02 3.009772522783209503e-01 6.185127000000000264e-01 1.650087418213782089e-02 9.997127589354960486e-01 -1.738162169660986689e-02 -5.714179999999999954e-02 -3.007081820157598839e-01 2.154104061062776104e-02 9.534729009458988713e-01 3.323473900000000203e+00
9.522580068638799577e-01 -1.126594482493721572e-02 3.050864907707849794e-01 6.351599999999999469e-01 1.753725297922787904e-02 9.996873432185615638e-01 -1.782303471792889490e-02 -5.863430000000000031e-02 -3.047903100847750846e-01 2.232250648595282896e-02 9.521578506647998541e-01 3.377036299999999880e+00
9.510948034145079166e-01 -1.127365125797355309e-02 3.086933425022836408e-01 6.520854999999999846e-01 1.797510335836034062e-02 9.996602805971873673e-01 -1.887376633343303828e-02 -6.016699999999999826e-02 -3.083756971247488821e-01 2.349953581810412806e-02 9.509743431024618721e-01 3.430461600000000111e+00
9.499041525208101744e-01 -1.047768349462574466e-02 3.123656818094902032e-01 6.693940999999999919e-01 1.777454407829731284e-02 9.996313936496509234e-01 -2.052175462442673917e-02 -6.159370000000000123e-02 -3.120355213858350130e-01 2.504585751462628032e-02 9.497402478650818214e-01 3.484354999999999869e+00
9.487183089181190354e-01 -1.114712613365391979e-02 3.159261177910190899e-01 6.869148999999999949e-01 1.880312337618404717e-02 9.995985157591600334e-01 -2.119551469967715165e-02 -6.332559999999999578e-02 -3.155630093576312634e-01 2.604897063311022512e-02 9.485470142560730178e-01 3.538172199999999989e+00
9.477160739583012639e-01 -1.063417369790657652e-02 3.189375448435420313e-01 7.047814999999999497e-01 1.866285585969877647e-02 9.995809423812459515e-01 -2.212775269611531523e-02 -6.488449999999999773e-02 -3.185685812697537922e-01 2.692311233834386239e-02 9.475173903680044196e-01 3.591940899999999992e+00
9.463998522396813717e-01 -1.058676476140027987e-02 3.228238530415556973e-01 7.229330000000000478e-01 1.864161356070975079e-02 9.995870202018510842e-01 -2.186959734053504911e-02 -6.650319999999999843e-02 -3.224590050294181554e-01 2.671534120820373559e-02 9.462063625972755299e-01 3.646599099999999982e+00
9.451182763504211159e-01 -1.009811043457287463e-02 3.265723072675640326e-01 7.410246000000000333e-01 1.830963492898843997e-02 9.995885241011888134e-01 -2.208030239770946909e-02 -6.813610000000000499e-02 -3.262149613018634486e-01 2.684791706740577780e-02 9.449142756737065607e-01 3.700291899999999856e+00
9.426399117618485812e-01 -1.426361309323157314e-02 3.335064408600545982e-01 7.784575000000000244e-01 2.270988776376791848e-02 9.995121609633190740e-01 -2.144064094642061935e-02 -7.174389999999999934e-02 -3.330379223922878551e-01 2.778469773027694711e-02 9.425039802678106815e-01 3.808349799999999785e+00
9.416557407734337248e-01 -1.544374743987406845e-02 3.362230755517073288e-01 7.978977999999999904e-01 2.388498924501177706e-02 9.994944497194030442e-01 -2.098457216322033650e-02 -7.313699999999999368e-02 -3.357290174488964385e-01 2.779092738864813797e-02 9.415485601909641122e-01 3.863537299999999952e+00
9.395624943461404754e-01 -1.398434878582226204e-02 3.420917379988810403e-01 8.362960000000000393e-01 2.265144841233103501e-02 9.995153510110010853e-01 -2.135357061895824110e-02 -7.647400000000000031e-02 -3.416273278045568462e-01 2.781188742951118398e-02 9.394239020882564351e-01 3.972969299999999926e+00
9.374478468710786272e-01 -1.147530646583043434e-02 3.479365628074950201e-01 8.762541000000000357e-01 2.172611854176057650e-02 9.994368050165977069e-01 -2.557437294098520442e-02 -8.017000000000000515e-02 -3.474471329136103459e-01 3.153395185717291355e-02 9.371691948150993046e-01 4.082828000000000124e+00
9.350994259670114550e-01 -8.211122599255413906e-03 3.542903343612773814e-01 9.175102000000000535e-01 1.935613380532174091e-02 9.994226028607869905e-01 -2.792491674258183385e-02 -8.432599999999999818e-02 -3.538564732208189789e-01 3.297026473399392033e-02 9.347184378213013733e-01 4.193490999999999858e+00
9.336882990092604251e-01 -8.300839012912005627e-03 3.579905813912924728e-01 9.382150999999999685e-01 1.965036378496289732e-02 9.994125961849243955e-01 -2.807713999017565076e-02 -8.622630000000000572e-02 -3.575472325390206541e-01 3.324994223440125296e-02 9.333029614466550328e-01 4.248508900000000033e+00
9.308549928150517960e-01 -8.406406863007765892e-03 3.652920950074656781e-01 9.807407000000000208e-01 1.932113905968966400e-02 9.994690828306916908e-01 -2.623444398137928305e-02 -9.055130000000000123e-02 -3.648776177524813424e-01 3.147832252883830950e-02 9.305232072732224635e-01 4.359117999999999604e+00
9.292999727051167724e-01 -7.701473016739795660e-03 3.692455118801604153e-01 1.002455799999999897e+00 1.863771935097180421e-02 9.994866259132489938e-01 -2.605993165653844312e-02 -9.239640000000000353e-02 -3.688552509422411418e-01 3.109938799914673674e-02 9.289664320729865699e-01 4.414480700000000368e+00
9.263368471766132428e-01 -5.642407714581613824e-03 3.766539642670369559e-01 1.046048400000000100e+00 1.708288767394747915e-02 9.994883568106549543e-01 -2.704070170421179684e-02 -9.671050000000000479e-02 -3.763086771675763775e-01 3.148313572564365170e-02 9.259592818549148285e-01 4.524301999999999602e+00
9.239240070912103642e-01 -6.338163949003577068e-03 3.825235375741952160e-01 1.090439299999999889e+00 1.841719192956571549e-02 9.994403806952225633e-01 -2.792369025071974459e-02 -1.007065999999999933e-01 -3.821324850911667070e-01 3.284437719829914892e-02 9.235236925626244542e-01 4.633443399999999990e+00
9.218695157636109805e-01 -9.877598324727676626e-03 3.873745331808750025e-01 1.136338700000000035e+00 2.175952949051850743e-02 9.994172701186665453e-01 -2.629910768265040361e-02 -1.048784999999999995e-01 -3.868890264431349424e-01 3.267343324304507191e-02 9.215472467421275127e-01 4.742516000000000176e+00
9.197296601577918951e-01 -9.755229367992697756e-03 3.924311248181143741e-01 1.182092900000000002e+00 2.223742445591950917e-02 9.993806165895577909e-01 -2.727416614018854032e-02 -1.090933999999999932e-01 -3.919219937431425160e-01 3.381151704749709580e-02 9.193769260403193977e-01 4.851674599999999948e+00
9.173099159757400756e-01 -8.242095581587921549e-03 3.980886658936730882e-01 1.228570699999999905e+00 2.162551988595578373e-02 9.993413573551480633e-01 -2.914083679704989466e-02 -1.134840000000000015e-01 -3.975862861596746178e-01 3.534005291442183366e-02 9.168839761484345319e-01 4.961896900000000166e+00
9.148346070077623127e-01 -5.259206629976581962e-03 4.037944806043990975e-01 1.274295399999999967e+00 1.965746483030798852e-02 9.993097868987939059e-01 -3.152037253479594153e-02 -1.173389999999999989e-01 -4.033500042114768758e-01 3.677350342176177039e-02 9.143065588459328152e-01 5.070269599999999599e+00
9.125789589170535399e-01 -7.890076850677069792e-03 4.088244004816212196e-01 1.323998699999999973e+00 2.240206838618836668e-02 9.992769381164221532e-01 -3.072048633548518995e-02 -1.224441000000000002e-01 -4.082864081424792402e-01 3.719338161499438633e-02 9.120958618972866416e-01 5.178879300000000185e+00
9.100092937172072904e-01 -7.908525114635744924e-03 4.145124130575836285e-01 1.372667599999999988e+00 2.205564238100731975e-02 9.993257148146500457e-01 -2.935411980199609250e-02 -1.272024999999999961e-01 -4.140007656846431128e-01 3.585485937359120245e-02 9.095701155336125554e-01 5.288502699999999557e+00
9.053280936442154037e-01 -4.308171180349683500e-03 4.246910436065393646e-01 1.447270199999999951e+00 1.852964209949312102e-02 9.993970772065065011e-01 -2.936212585554255974e-02 -1.349484999999999990e-01 -4.243084906317518556e-01 3.445173046702927622e-02 9.048620795710424769e-01 5.453095900000000107e+00
9.020012402141213137e-01 -2.485666257025448758e-03 4.317262837903730333e-01 1.497956300000000018e+00 1.693783859866186681e-02 9.994173010254405742e-01 -2.963390009144150489e-02 -1.397544000000000008e-01 -4.314010573419966299e-01 3.404232474850302920e-02 9.015177468302688624e-01 5.560820099999999933e+00
8.983237247379333157e-01 -1.371950849248029791e-03 4.393319966993446402e-01 1.549859799999999899e+00 1.601131022222728600e-02 9.994330431502445045e-01 -2.961807226017747555e-02 -1.445509000000000099e-01 -4.390422798751087985e-01 3.364089788202363068e-02 8.978363806795522928e-01 5.668092699999999873e+00
8.946799950966206616e-01 -1.345591072333710350e-03 4.467056030078163653e-01 1.602022899999999916e+00 1.687909780075848298e-02 9.993831689556023079e-01 -3.079574103168354962e-02 -1.493330999999999964e-01 -4.463886226499765852e-01 3.509232099653916692e-02 8.941508410641532123e-01 5.775496500000000033e+00
8.910873012790736514e-01 1.642728411950684919e-05 4.538319305969135686e-01 1.654887400000000008e+00 1.594444536020578340e-02 9.993815142093065429e-01 -3.134268206246804134e-02 -1.543902000000000052e-01 -4.535517568716196934e-01 3.516516439401186356e-02 8.905359145210312022e-01 5.880951399999999829e+00
8.875207975021485174e-01 -6.858706012812208763e-04 4.607671468135165482e-01 1.709086200000000000e+00 1.720501370823463577e-02 9.993508461074009919e-01 -3.165239150081998465e-02 -1.593430000000000124e-01 -4.604463285817901874e-01 3.601966082488869403e-02 8.869564603347844800e-01 5.987286600000000014e+00
8.839138673748695441e-01 -2.815731940274807804e-03 4.676412585690468138e-01 1.763631299999999902e+00 2.111098920483645697e-02 9.992026917130730768e-01 -3.388667891875346561e-02 -1.634453999999999907e-01 -4.671729885140993854e-01 3.982527497695312335e-02 8.832685584100767873e-01 6.093220200000000197e+00
8.806895414410044198e-01 -5.638866801057438455e-03 4.736603580389995849e-01 1.819267699999999932e+00 2.510580863668103804e-02 9.990793926570401551e-01 -3.478599633096839810e-02 -1.694013000000000047e-01 -4.730281492354674877e-01 4.252728946499797352e-02 8.800203404931210560e-01 6.200056100000000292e+00
8.778363219018093799e-01 -6.821695261587433154e-03 4.789121594025997353e-01 1.876778499999999905e+00 2.794529003024637942e-02 9.989246622501685158e-01 -3.699432272000863220e-02 -1.742074999999999874e-01 -4.781448030827360474e-01 4.585829938129815098e-02 8.770829856192781104e-01 6.305625000000000036e+00
8.742918505975474375e-01 -5.384109591323840358e-03 4.853707565795702950e-01 1.935037399999999908e+00 2.743171972385145818e-02 9.988884637032727776e-01 -3.833194273067360575e-02 -1.793500000000000094e-01 -4.846248659857518293e-01 4.682785970364432976e-02 8.734677388569470624e-01 6.411975400000000214e+00
8.707832703685138842e-01 -4.168323235065203233e-03 4.916493884138611326e-01 1.993828200000000050e+00 2.738196382450441141e-02 9.988232527354770074e-01 -4.002921248332168974e-02 -1.842708999999999875e-01 -4.909039866444651623e-01 4.831909432439106949e-02 8.698727154131467021e-01 6.517551899999999954e+00
8.675226427432485288e-01 -5.352056155921268085e-03 4.973688971203103493e-01 2.052735100000000035e+00 2.882966466921920573e-02 9.988020992558728217e-01 -3.953753858198424953e-02 -1.908815000000000095e-01 -4.965614914215865094e-01 4.863868847908406345e-02 8.666377347082252491e-01 6.623519400000000168e+00
8.663608801276733162e-01 -7.366589376578426204e-03 4.993641544457915193e-01 2.084137699999999871e+00 3.095215763703146328e-02 9.987610357815671636e-01 -3.896610504199175817e-02 -1.935169999999999946e-01 -4.984584128310162177e-01 4.921510708601641026e-02 8.655155018325761951e-01 6.677432099999999870e+00
8.653320503590019586e-01 -8.415285282604186359e-03 5.011283524159235725e-01 2.115345500000000101e+00 3.204749005145435953e-02 9.987419808002435673e-01 -3.856700881074184850e-02 -1.961748000000000103e-01 -5.001733709454030397e-01 4.943317469896396643e-02 8.645131347968600943e-01 6.731081999999999788e+00
8.642645977423232262e-01 -8.386949594541840552e-03 5.029675577667001019e-01 2.146640800000000127e+00 3.207778389864930635e-02 9.987448945025754199e-01 -3.846623825110877942e-02 -1.988408000000000120e-01 -5.020136660186171884e-01 4.937909255482651055e-02 8.634488892511299474e-01 6.784813399999999994e+00
8.628709967460412855e-01 -7.866451806007918393e-03 5.053630001399755933e-01 2.178051500000000029e+00 3.134074197802193956e-02 9.987874734152196732e-01 -3.796499494414288384e-02 -2.014479000000000131e-01 -5.044515842642980363e-01 4.859734442153702122e-02 8.620712831595854775e-01 6.838752699999999685e+00
8.614710956527936725e-01 -9.085401294722818960e-03 5.077253261736004442e-01 2.208792400000000100e+00 3.246021414330763077e-02 9.987803691448147170e-01 -3.720361150101251374e-02 -2.037889999999999979e-01 -5.067680789597405200e-01 4.853070877559390733e-02 8.607153329952897947e-01 6.892146099999999720e+00
8.579521040539006549e-01 -7.281958839303437347e-03 5.136780706093531101e-01 2.268436900000000200e+00 3.110646590589494914e-02 9.988012321604787802e-01 -3.779532264123060953e-02 -2.086715000000000098e-01 -5.127870658746476185e-01 4.840528597345556544e-02 8.571501346680742150e-01 6.999127399999999888e+00
8.557789606340361344e-01 -5.408260251690022793e-03 5.173133685274129423e-01 2.296873999999999860e+00 3.098027637268718770e-02 9.986865558560096279e-01 -4.080913657912063619e-02 -2.110917999999999961e-01 -5.164131998816459124e-01 5.095011161431731161e-02 8.548224921669339560e-01 7.051695800000000069e+00
8.538502759457187175e-01 -4.829173244017416489e-03 5.204962875498723163e-01 2.328928499999999957e+00 3.045678877300597720e-02 9.987072358443269682e-01 -4.069694202050568033e-02 -2.143527000000000071e-01 -5.196268760226482319e-01 5.060174066139593030e-02 8.528935300241058393e-01 7.105902200000000057e+00
8.515544941189983064e-01 -4.084434273544374286e-03 5.242501892631054039e-01 2.363164199999999937e+00 2.906032882273412721e-02 9.987999868692004624e-01 -3.942186599844746397e-02 -2.177103999999999984e-01 -5.234600661315543801e-01 4.880475004290131535e-02 8.506513125475082537e-01 7.161020800000000186e+00
8.485649615232223608e-01 -2.216539342499263335e-03 5.290865647778588698e-01 2.396940700000000035e+00 2.637023137049000765e-02 9.989255993132817313e-01 -3.810850212311901741e-02 -2.201729000000000047e-01 -5.284336448150885879e-01 4.628967476602201259e-02 8.477117134011401545e-01 7.216119800000000417e+00
8.456795944542134791e-01 -1.815057755125724231e-03 5.336878573558728744e-01 2.430457800000000113e+00 2.530853279194146543e-02 9.990055718260478779e-01 -3.670620694692103975e-02 -2.232260000000000078e-01 -5.330905192288418748e-01 4.454854684337670317e-02 8.448845632880667145e-01 7.270439599999999558e+00
8.430812323169112332e-01 -1.511875659640345149e-03 5.377841109097480921e-01 2.464971300000000198e+00 2.528851488223085586e-02 9.990012951180026191e-01 -3.683616928515426325e-02 -2.257426999999999906e-01 -5.371913315849852211e-01 4.465564448693065680e-02 8.422774760643948477e-01 7.325114700000000312e+00
8.400791737581637664e-01 -3.249191585967604531e-03 5.424540760026037578e-01 2.499416599999999988e+00 2.759048942801588244e-02 9.989437297238950020e-01 -3.674492806410635526e-02 -2.284519999999999884e-01 -5.417617065748774330e-01 4.583522225703158537e-02 8.392814698834504261e-01 7.379793600000000175e+00
8.376077204846166246e-01 -3.197184923731253431e-03 5.462628347170690457e-01 2.534304399999999902e+00 2.816349639536953539e-02 9.989057528113201023e-01 -3.733784234845384520e-02 -2.310056000000000054e-01 -5.455457121592584002e-01 4.665913639378092836e-02 8.367812144973345578e-01 7.434326200000000107e+00
8.350428435928111126e-01 -5.021019796337889557e-03 5.501620113426924918e-01 2.569332399999999961e+00 3.002310426470487445e-02 9.988842666207924381e-01 -3.645319063885152366e-02 -2.340397999999999923e-01 -5.493651450308280060e-01 4.695754739811881795e-02 8.342619050200067443e-01 7.488602199999999876e+00
8.323991663713441458e-01 -5.370685429553106668e-03 5.541505062366253176e-01 2.605445599999999917e+00 2.961287247724980060e-02 9.989554597187249030e-01 -3.480039197763562520e-02 -2.368012999999999924e-01 -5.533847717528351806e-01 4.537780554596851368e-02 8.316887333347102729e-01 7.543326399999999765e+00
8.299215906763489636e-01 -4.934274715485919421e-03 5.578582313296728268e-01 2.641977799999999821e+00 2.843758639165010552e-02 9.990350695377164802e-01 -3.346988966201443899e-02 -2.396302999999999905e-01 -5.571547872983378946e-01 4.364152571579161394e-02 8.292610929157002708e-01 7.598174099999999598e+00
8.272601033034275853e-01 -3.629272939765166087e-03 5.618073956974320993e-01 2.678572200000000070e+00 2.725090802403698498e-02 9.990613190388606402e-01 -3.367296856823787099e-02 -2.423387999999999931e-01 -5.611578293976373644e-01 4.316606512366800985e-02 8.265824709776221635e-01 7.652935499999999891e+00
8.241099080999403359e-01 -3.541264802638978415e-03 5.664188545723963797e-01 2.715366599999999853e+00 2.727872087604692186e-02 9.990682872975807927e-01 -3.344291709234067933e-02 -2.450263000000000024e-01 -5.657726847055047914e-01 4.301182116437340941e-02 8.234386756044734801e-01 7.708072699999999777e+00
8.216957425853216312e-01 -5.032148152011481704e-03 5.699041885283289144e-01 2.753666200000000064e+00 2.894748480563718446e-02 9.990388427178857889e-01 -3.291555657033461840e-02 -2.478864000000000067e-01 -5.691907850102497779e-01 4.354386553676305865e-02 8.210516317708235201e-01 7.763245600000000302e+00
8.193798130533805901e-01 -6.178870215096611898e-03 5.732177104063272965e-01 2.792394199999999937e+00 2.965538899614535845e-02 9.990598795075025240e-01 -3.162143358454728298e-02 -2.510302999999999840e-01 -5.724834319559776175e-01 4.290895852056567789e-02 8.187927340997755987e-01 7.817821000000000353e+00
8.147026334659226432e-01 -6.236766276477520923e-03 5.798454292051489212e-01 2.871054200000000112e+00 2.887438315432887259e-02 9.991380622279486534e-01 -2.982285373395487243e-02 -2.568968999999999836e-01 -5.791596403593293196e-01 4.103943656767779918e-02 8.141804932722596089e-01 7.930324099999999987e+00
8.127992769105707449e-01 -6.957789322112082481e-03 5.825022958078384105e-01 2.911120899999999789e+00 2.922987406303948280e-02 9.991562449178428285e-01 -2.885156328406768972e-02 -2.594889000000000223e-01 -5.818100634364381518e-01 4.047699852292428041e-02 8.123168486955463230e-01 7.987051000000000123e+00
8.095126560210563760e-01 -2.278415289484150841e-03 5.870980059287406183e-01 2.994422000000000139e+00 2.467369262808790861e-02 9.992410118124852580e-01 -3.014314522499910928e-02 -2.657964999999999911e-01 -5.865837268743735455e-01 3.888713329276653058e-02 8.089544623960245318e-01 8.102523800000000165e+00
8.074397986126734539e-01 1.896183323274805432e-03 5.899469265155381503e-01 3.035398199999999935e+00 2.103659155480188878e-02 9.992663385453507408e-01 -3.200385079837955726e-02 -2.682861999999999747e-01 -5.895747903634294129e-01 3.825165537559173379e-02 8.068075219213968197e-01 8.159421899999999894e+00
8.056792040047875414e-01 2.216251330938820430e-03 5.923479623196572508e-01 3.076291599999999793e+00 1.941009907527156686e-02 9.993572192263743270e-01 -3.013961569125528026e-02 -2.711111999999999966e-01 -5.920340094015714705e-01 3.578039421480053162e-02 8.051183112448341284e-01 8.215546599999999700e+00
8.039935991190279019e-01 6.229049872403767674e-04 5.946376245790446768e-01 3.117889400000000144e+00 2.060746525421528266e-02 9.993695827240569596e-01 -2.890967834031978739e-02 -2.737452000000000218e-01 -5.942807627304019791e-01 3.549717052556888158e-02 8.034739111715143434e-01 8.271166799999999597e+00
8.014321432708103599e-01 1.857733596164531237e-03 5.980828275065595001e-01 3.158052899999999941e+00 1.989069988045586226e-02 9.993592133723704363e-01 -2.975773354982910734e-02 -2.763329999999999953e-01 -5.977548659698397326e-01 3.574509020330866871e-02 8.008816446490307772e-01 8.326572399999999874e+00
7.998090263146337975e-01 2.477252817289138376e-03 6.002494353551001138e-01 3.199175400000000113e+00 1.900775949560828265e-02 9.993854652532234706e-01 -2.945160300484630025e-02 -2.790604999999999891e-01 -5.999535202868587769e-01 3.496505482731567666e-02 7.992704288514171918e-01 8.381187399999999954e+00
7.973167732292593124e-01 2.501728731006354345e-03 6.035558834777757786e-01 3.239677700000000105e+00 1.683745657416510152e-02 9.995100254402189410e-01 -2.638577458794699043e-02 -2.817702999999999736e-01 -6.033261664998420537e-01 3.120016663175538552e-02 7.968839855454216137e-01 8.435872099999999207e+00
7.948035379501618980e-01 3.147996675239728842e-03 6.068586542011559226e-01 3.279970899999999912e+00 1.476571375160170424e-02 9.995901917515205293e-01 -2.452391183241706130e-02 -2.843491000000000213e-01 -6.066871597119155579e-01 2.845239306439942967e-02 7.944313384865916428e-01 8.489678400000000735e+00
7.926093254135501143e-01 3.420812725829914906e-03 6.097202270777735134e-01 3.320284800000000036e+00 1.416890834973852722e-02 9.996108913293966225e-01 -2.402723396119474733e-02 -2.867854000000000236e-01 -6.095651723184762893e-01 2.768327971798284839e-02 7.922524450706366350e-01 8.542937300000000178e+00
7.900376725610199768e-01 3.417272939076400687e-03 6.130487730841867045e-01 3.360480100000000192e+00 1.455794643950184160e-02 9.995979084180474095e-01 -2.433285190292336711e-02 -2.891288000000000191e-01 -6.128854233295415455e-01 2.814860088751946696e-02 7.896702565870414858e-01 8.596141799999999833e+00
7.880492435883499347e-01 2.728726328115859030e-03 6.156061595959348987e-01 3.401591799999999832e+00 1.501289448729294443e-02 9.996075886164882407e-01 -2.364913908460715419e-02 -2.915491000000000055e-01 -6.154291207596068736e-01 2.787871648688174109e-02 7.876990380139494707e-01 8.649352099999999766e+00
7.857508049782919723e-01 2.415139878156088819e-03 6.185384705702106078e-01 3.442472500000000046e+00 1.525870472912864081e-02 9.996123747577864149e-01 -2.328673787991940997e-02 -2.937230000000000119e-01 -6.183549501750233990e-01 2.773566892050282479e-02 7.854093762259122258e-01 8.702084499999999778e+00
7.832469388642370189e-01 5.765428475082179718e-03 6.216839973767226413e-01 3.482953100000000024e+00 1.107922575310316994e-02 9.996687701692613670e-01 -2.322930702772636399e-02 -2.962092000000000058e-01 -6.216120039996927416e-01 2.508206097543249150e-02 7.829236276296116515e-01 8.754191399999999845e+00
7.807320937731412336e-01 1.573946554872294318e-02 6.246676452137149838e-01 3.523817799999999778e+00 1.215145062203598983e-03 9.996425854104405984e-01 -2.670626998305434402e-02 -2.984672999999999909e-01 -6.248647223000229900e-01 2.160950388534060851e-02 7.804339229984461612e-01 8.806760799999999278e+00
7.777889472682157912e-01 2.753181037109942234e-02 6.279222507007461429e-01 3.564517700000000122e+00 -6.420847105801427007e-03 9.993360719196399122e-01 -3.586346445434647479e-02 -3.013383000000000034e-01 -6.284927415888307278e-01 2.386241349725701927e-02 7.774493288904693600e-01 8.859053599999999307e+00
7.756417105181374616e-01 2.284620898925301263e-02 6.307598494191883898e-01 3.605414199999999791e+00 3.844675211828737366e-03 9.991551391291569884e-01 -4.091731203672152595e-02 -3.048656000000000144e-01 -6.311617505655846561e-01 3.416224065564583967e-02 7.748985649337417625e-01 8.909981699999999449e+00
7.745699875214064889e-01 1.468835898587046891e-02 6.323176310537216294e-01 3.646689199999999964e+00 1.097893828490717656e-02 9.992674394964866647e-01 -3.666125033699295377e-02 -3.080134999999999956e-01 -6.323929137373570653e-01 3.533888046384130177e-02 7.738413055545290131e-01 8.961056700000000319e+00
7.702775294656259986e-01 7.411166052590166878e-03 6.376657448993733324e-01 3.730684300000000064e+00 4.929404001821490952e-03 9.998333972619604104e-01 -1.757494511495717379e-02 -3.126026000000000082e-01 -6.376897588769311342e-01 1.668089737837463379e-02 7.701126664885687978e-01 9.063949600000000828e+00
7.677689005979222436e-01 9.624457334063144659e-03 6.406545754895399680e-01 3.772680999999999951e+00 -5.766826015480060880e-04 9.998971511068075468e-01 -1.433020047547321763e-02 -3.142141999999999991e-01 -6.407266052785968169e-01 1.063282791711495437e-02 7.676954866733620708e-01 9.114554399999999390e+00
7.630791796258004078e-01 7.148377913664388100e-03 6.462654766539978057e-01 3.855301100000000147e+00 4.560490832364490210e-03 9.998543836416220465e-01 -1.644425236975131932e-02 -3.179181999999999841e-01 -6.462889195591886571e-01 1.549555438942368420e-02 7.629354627025676239e-01 9.211941700000000566e+00
