1.000000000000000000e+00 0.000000000000000000e+00 0.000000000000000000e+00 0.000000000000000000e+00 0.000000000000000000e+00 1.000000000000000000e+00 0.000000000000000000e+00 0.000000000000000000e+00 0.000000000000000000e+00 0.000000000000000000e+00 1.000000000000000000e+00 0.000000000000000000e+00
9.992298353638557895e-01 -1.034106054416429610e-02 3.785232602553635639e-02 2.005900000000000131e-03 1.030895944814686979e-02 9.999463171584022092e-01 1.043147374300053103e-03 -6.103000000000000352e-04 -3.786108125526833901e-02 -6.521258850667918097e-04 9.992827994406847658e-01 5.842930000000000346e-02
9.984785021693097784e-01 -1.351403322034999167e-02 5.346074832857195674e-02 3.543900000000000002e-03 1.346409737929599691e-02 9.999085174706136003e-01 1.294129622772387678e-03 -7.529000000000000319e-04 -5.347334651480555728e-02 -5.723598858927790968e-04 9.985691130896592327e-01 8.815610000000000113e-02
9.965702189057114024e-01 -1.665845629638969261e-02 8.105735391711040017e-02 8.030600000000000585e-03 1.644909340174235263e-02 9.998594224727933577e-01 3.250018251163151392e-03 -1.095599999999999959e-03 -8.110009936173427636e-02 -1.905551414528584321e-03 9.967041400321980937e-01 1.482398000000000049e-01
9.954965326603725240e-01 -1.625820164551044708e-02 9.339338488581408471e-02 1.069409999999999979e-02 1.601057884938083056e-02 9.998660413284820025e-01 3.400112206671511775e-03 -1.380399999999999943e-03 -9.343615374191963086e-02 -1.889517759672799772e-03 9.956234804867512000e-01 1.784416000000000058e-01
9.943951620830659976e-01 -1.611961972478771071e-02 1.044912411914087208e-01 1.376209999999999933e-02 1.612949747659300076e-02 9.998696295087463604e-01 7.505312751200391916e-04 -1.529100000000000034e-03 -1.044897168957093919e-01 9.390665421514959085e-04 9.945255236629595430e-01 2.088177999999999979e-01
9.932780138573213957e-01 -1.617490249298366572e-02 1.146174494437795510e-01 1.742329999999999920e-02 1.659862580293128276e-02 9.998584697859475012e-01 -2.743359028235452940e-03 -1.620099999999999969e-03 -1.145568540468406560e-01 4.627410360666952237e-03 9.934059161612863731e-01 2.401120999999999950e-01
9.921168980843375618e-01 -1.706748293305389991e-02 1.241481436101329050e-01 2.121270000000000100e-02 1.780463319722151022e-02 9.998298161124615779e-01 -4.830512315852453914e-03 -1.962499999999999835e-03 -1.240445709099139426e-01 7.002845054056121288e-03 9.922519360469518324e-01 2.715110000000000023e-01
9.911962964395818476e-01 -1.660766044028601576e-02 1.313548154395439704e-01 2.549349999999999880e-02 1.755148759264238759e-02 9.998277727782262092e-01 -6.030759870610017358e-03 -2.113199999999999974e-03 -1.312320357524862091e-01 8.283139261886087595e-03 9.913170746013741930e-01 3.037016000000000160e-01
9.903909506570318655e-01 -1.641374407497549551e-02 1.373184396288490150e-01 2.988779999999999909e-02 1.751817136289677071e-02 9.998231614104250431e-01 -6.838097642140871305e-03 -2.342299999999999851e-03 -1.371819176450046196e-01 9.177957981189277872e-03 9.905033500996019979e-01 3.365735000000000254e-01
9.897015711698526896e-01 -1.732965795476537618e-02 1.420932193283543921e-01 3.478900000000000048e-02 1.868723961619694895e-02 9.997915448672060057e-01 -8.225198330271597802e-03 -2.756600000000000109e-03 -1.419210593937764719e-01 1.079582174807923456e-02 9.898191062680755659e-01 3.698833999999999733e-01
9.890544525336713022e-01 -1.611469172033849762e-02 1.466683559397810310e-01 3.963669999999999694e-02 1.775212374643848207e-02 9.997937799189411390e-01 -9.862035179775871171e-03 -3.141199999999999808e-03 -1.464791863228731283e-01 1.235776460993070862e-02 9.891365596458532305e-01 4.038057999999999925e-01
9.884657730225219208e-01 -1.650124710855326374e-02 1.505427660395893263e-01 4.500860000000000277e-02 1.834677300379934997e-02 9.997725023167172154e-01 -1.087839747925050705e-02 -3.542500000000000076e-03 -1.503290107841301904e-01 1.351489752946602625e-02 9.885436439841353007e-01 4.381712999999999858e-01
9.880157564810593263e-01 -1.633638599266044877e-02 1.534861148047560186e-01 5.023749999999999744e-02 1.805198134102044966e-02 9.997891141021579831e-01 -9.790469472166440923e-03 -3.956000000000000315e-03 -1.532938058592824560e-01 1.244386658240842145e-02 9.881023020262910128e-01 4.731999000000000066e-01
9.875980194089145625e-01 -1.717107156915618008e-02 1.560618670936507468e-01 5.565969999999999945e-02 1.861826076015221307e-02 9.997961141063786972e-01 -7.816046574325474436e-03 -4.433999999999999574e-03 -1.558958383853025487e-01 1.062471265267747773e-02 9.877163575921944494e-01 5.088394000000000528e-01
9.872540451025633157e-01 -1.712982224062369052e-02 1.582277460454727946e-01 6.123189999999999883e-02 1.839773962155698273e-02 9.998092799010651621e-01 -6.551870002601699675e-03 -4.822100000000000171e-03 -1.580853364656045201e-01 9.379393035705120910e-03 9.873809059227540708e-01 5.448787999999999965e-01
9.868734011625459601e-01 -1.954690342935999636e-02 1.603084796390751854e-01 6.720900000000000485e-02 2.094915609806610735e-02 9.997556032760539502e-01 -7.061627072589883765e-03 -5.132499999999999910e-03 -1.601312678293885239e-01 1.032725929067093013e-02 9.870417036675278588e-01 5.816388000000000114e-01
9.867259085394820550e-01 -1.958350147226648255e-02 1.612093914355466617e-01 7.310579999999999856e-02 2.097963301414581053e-02 9.997556589854050824e-01 -6.962565996096254511e-03 -5.527500000000000295e-03 -1.610336499478457750e-01 1.025225812901573233e-02 9.868956656038826436e-01 6.187382000000000160e-01
9.865951432815394107e-01 -2.140473850976657572e-02 1.617771937653982861e-01 7.934259999999999924e-02 2.301071624211453032e-02 9.997027294173881362e-01 -8.059760135977782000e-03 -5.875199999999999693e-03 -1.615565851065922653e-01 1.167432930635099904e-02 9.867943959325788938e-01 6.564545999999999992e-01
9.865808937249327393e-01 -2.132235081271259547e-02 1.618749439929868805e-01 8.554820000000000479e-02 2.296535010299198543e-02 9.997019289326101177e-01 -8.285287144422589026e-03 -6.315799999999999886e-03 -1.616500319565697674e-01 1.189162075741329559e-02 9.867764977563064921e-01 6.946792999999999996e-01
9.868785597735114656e-01 -2.090769732642037970e-02 1.601048920297767908e-01 9.794590000000000241e-02 2.276240397650660524e-02 9.996932715913481315e-01 -9.758878019393867065e-03 -7.193800000000000194e-03 -1.598517476431521867e-01 1.327519971578155003e-02 9.870517655361020770e-01 7.724674999999999736e-01
9.872896955176665434e-01 -2.120748175323251480e-02 1.575096817415350958e-01 1.106140000000000040e-01 2.296957703528778802e-02 9.996922054386719880e-01 -9.375122185013349749e-03 -8.436300000000000743e-03 -1.572623783854655566e-01 1.287389229604860193e-02 9.874729400047863592e-01 8.527759000000000311e-01
9.875339173632979861e-01 -2.167166826408874550e-02 1.559073470101720038e-01 1.233328999999999953e-01 2.363795225898859473e-02 9.996625839383117551e-01 -1.076872725903819765e-02 -9.177899999999999253e-03 -1.556213650823712324e-01 1.431981384058693581e-02 9.877129814179168577e-01 9.354759000000000269e-01
9.878248248934617948e-01 -2.375301965591903111e-02 1.537462499751689471e-01 1.365347000000000088e-01 2.547009605167243132e-02 9.996331767185071548e-01 -9.207942809584826471e-03 -9.929900000000000185e-03 -1.534711358246891866e-01 1.301176624795913339e-02 9.880674594418077383e-01 1.020526299999999997e+00
9.879836510142685491e-01 -2.680616815250674509e-02 1.522160789059273100e-01 1.498422000000000087e-01 2.837178732447561205e-02 9.995644387755464599e-01 -8.122463871353114567e-03 -1.099340000000000039e-02 -1.519320473518693815e-01 1.234350372893550790e-02 9.883138625472998040e-01 1.106878800000000052e+00
9.881741770004774938e-01 -2.753548979593942181e-02 1.508429405412353153e-01 1.628416000000000030e-01 2.930632362556744724e-02 9.995250586587144381e-01 -9.528720210337304070e-03 -1.222690000000000062e-02 -1.505089210146111078e-01 1.383668728385155366e-02 9.885118162065774650e-01 1.194163099999999922e+00
9.881584377967818078e-01 -2.916832064938293043e-02 1.506390084988561695e-01 1.756166999999999867e-01 3.074908367634851189e-02 9.994937067215406978e-01 -8.174599506994381648e-03 -1.370150000000000014e-02 -1.503243016417790956e-01 1.270981095569941391e-02 9.885550389540188609e-01 1.282394899999999893e+00
9.880913735973840817e-01 -3.137408063218105614e-02 1.506356680435287365e-01 1.893646999999999969e-01 3.292477388092732160e-02 9.994273120276353506e-01 -7.810713034377470866e-03 -1.508849999999999948e-02 -1.503043468676957262e-01 1.267734347964864089e-02 9.885584900626641636e-01 1.373116500000000073e+00
9.879639814429216349e-01 -3.077691320572383329e-02 1.515914014216429850e-01 2.027750000000000108e-01 3.263422032026553482e-02 9.994195226104132246e-01 -9.778828624225353525e-03 -1.608499999999999860e-02 -1.512024438808405036e-01 1.460819765408939881e-02 9.883948712563012107e-01 1.464714999999999989e+00
9.876083272669381463e-01 -2.894110016540428834e-02 1.542472192106442708e-01 2.166350999999999971e-01 3.102289603698673778e-02 9.994569697084230153e-01 -1.110610745197454854e-02 -1.761920000000000153e-02 -1.538420353300060106e-01 1.575367964865758211e-02 9.879698627706458014e-01 1.557711400000000079e+00
9.872791496903756681e-01 -2.874055088879272704e-02 1.563773043675376062e-01 2.309238000000000124e-01 3.072582072691943181e-02 9.994748569121757464e-01 -1.029244096621501937e-02 -1.898620000000000169e-02 -1.559993734836970236e-01 1.496633338511902701e-02 9.876437638833647226e-01 1.652611300000000005e+00
9.869450295799933048e-01 -2.496212379961737157e-02 1.591112848378729572e-01 2.447571000000000052e-01 2.705493989009264202e-02 9.995734214450532340e-01 -1.100024400517745499e-02 -1.990060000000000093e-02 -1.587688219232278319e-01 1.516138239220106779e-02 9.871993687543908491e-01 1.748537199999999903e+00
9.858082454178169751e-01 -2.401491123144674708e-02 1.661486903493098188e-01 2.606586000000000181e-01 2.651859628573620745e-02 9.995655125444823375e-01 -1.286663058925889211e-02 -2.111709999999999976e-02 -1.657675098361534871e-01 1.709006056841366403e-02 9.860167658374215938e-01 1.847066300000000050e+00
9.843227902735504076e-01 -1.984407115655119347e-02 1.752565473470986124e-01 2.779452000000000034e-01 2.220518848545344898e-02 9.996870437481008009e-01 -1.152146546703871656e-02 -2.318780000000000147e-02 -1.749730669343644296e-01 1.523244570370802832e-02 9.844553816427974446e-01 1.945896000000000070e+00
9.826811578680332282e-01 -1.844142746257647347e-02 1.843845322262260555e-01 2.957318999999999920e-01 2.141079708786480101e-02 9.996709619365720112e-01 -1.412606204400851037e-02 -2.500159999999999882e-02 -1.840633579482998383e-01 1.782923481115855288e-02 9.827526640242929545e-01 2.044608399999999993e+00
9.809035869018366549e-01 -1.641698659782761180e-02 1.938005050410283592e-01 3.143209000000000142e-01 1.982333916832458229e-02 9.996810008791466862e-01 -1.565029410219185083e-02 -2.757690000000000141e-02 -1.934817521817716046e-01 1.919320276332954836e-02 9.809161190134236818e-01 2.143644800000000128e+00
9.799974393897187275e-01 -1.486983931254376619e-02 1.984537897557359931e-01 3.243294999999999928e-01 1.831410628174182098e-02 9.997116460772046409e-01 -1.553120113536356380e-02 -2.859000000000000083e-02 -1.981656183617526434e-01 1.885504114090397892e-02 9.799871811013035616e-01 2.194116399999999967e+00
9.776753277514558249e-01 -1.315191985529717486e-02 2.097092761663234273e-01 3.447072999999999943e-01 1.655151606339764700e-02 9.997583886342088499e-01 -1.446415125519717390e-02 -3.067069999999999866e-02 -2.094683766636065425e-01 1.761225027218192227e-02 9.776567944929669407e-01 2.295637399999999939e+00
9.764681341197916087e-01 -1.322790754291365209e-02 2.152556747466806142e-01 3.555637999999999854e-01 1.661642367413451379e-02 9.997647611121814881e-01 -1.393975977498470437e-02 -3.206320000000000003e-02 -2.150206443876826468e-01 1.718851070740998188e-02 9.764582313579864836e-01 2.346697100000000091e+00
9.738549289899975925e-01 -1.253708711063604951e-02 2.268245990378186250e-01 3.779346000000000094e-01 1.674276651366998769e-02 9.997215713377511914e-01 -1.662707344803480286e-02 -3.405539999999999956e-02 -2.265529894999304406e-01 1.999002873329441821e-02 9.737936853871493881e-01 2.448973699999999809e+00
9.724461807348299125e-01 -1.269796586208577979e-02 2.327814151456421565e-01 3.897801000000000182e-01 1.696391906896764154e-02 9.997226883817226240e-01 -1.633314986898676269e-02 -3.524229999999999724e-02 -2.325094643752464996e-01 1.983199429675619463e-02 9.723919173759875134e-01 2.500242699999999818e+00
9.697532595661663146e-01 -1.061483996496931891e-02 2.438563936691303946e-01 4.141498000000000124e-01 1.534457675808691655e-02 9.997290383069898922e-01 -1.750411179970217182e-02 -3.727040000000000214e-02 -2.436045145823676761e-01 2.071654262417800887e-02 9.696533738077693920e-01 2.603327499999999795e+00
9.685577999519392467e-01 -9.113844664770548790e-03 2.486216522905549675e-01 4.272495000000000043e-01 1.417369903370790420e-02 9.997271094950932468e-01 -1.856913558266985731e-02 -3.805820000000000036e-02 -2.483845695850711299e-01 2.150916957978948885e-02 9.684226666161974695e-01 2.654650399999999966e+00
9.664046676284266946e-01 -1.341063100020111441e-02 2.566752293505676352e-01 4.541318999999999773e-01 1.839927350644869966e-02 9.996854376690623711e-01 -1.704383897043180648e-02 -4.062530000000000308e-02 -2.563659203568698919e-01 2.119388328248411960e-02 9.663474189912153456e-01 2.758539400000000086e+00
9.653494148205772341e-01 -1.470063192599665135e-02 2.605463465998812955e-01 4.682184999999999819e-01 1.991103818245781171e-02 9.996508612368768532e-01 -1.736969161692710276e-02 -4.207360000000000266e-02 -2.602000343275646665e-01 2.195556989346458474e-02 9.653050787634898100e-01 2.811311700000000080e+00
9.636197482280757232e-01 -1.372916425127944720e-02 2.669241294334800396e-01 4.962457000000000118e-01 1.913608076298454683e-02 9.996608094490192498e-01 -1.766568608246360528e-02 -4.473649999999999849e-02 -2.665910561851097538e-01 2.213088567348821950e-02 9.635556199106590780e-01 2.915530400000000188e+00
9.625422516543490348e-01 -1.154826109700979146e-02 2.708856796617554741e-01 5.105705000000000382e-01 1.715515853528735979e-02 9.996846293432908315e-01 -1.833963986550459987e-02 -4.602980000000000266e-02 -2.705884593174754382e-01 2.229976503020914338e-02 9.624368063222604741e-01 2.967886200000000141e+00
9.613769622602564846e-01 -1.074344578839810452e-02 2.750252984869448469e-01 5.251987999999999657e-01 1.676852620899261376e-02 9.996679495309757080e-01 -1.956545959881256236e-02 -4.743739999999999762e-02 -2.747237757530637814e-01 2.342155104014655154e-02 9.612378883413065234e-01 3.020293000000000117e+00
9.600867222614261065e-01 -9.465901219537310729e-03 2.795422731026798724e-01 5.400264999999999649e-01 1.541106746627939061e-02 9.996992329054837922e-01 -1.907728302817546934e-02 -4.906610000000000138e-02 -2.792776123087225004e-01 2.262389096263701938e-02 9.599438394098114280e-01 3.072830900000000032e+00
9.587775160866959245e-01 -9.580260602414729376e-03 2.839962909148908143e-01 5.555716000000000543e-01 1.573009628490748893e-02 9.996884045001036556e-01 -1.938189822758833170e-02 -5.074109999999999732e-02 -2.837221153126647244e-01 2.305021724034010677e-02 9.586294637489920500e-01 3.126097399999999915e+00
9.574627536620062829e-01 -8.962981290906680762e-03 2.884176491068935477e-01 5.711273999999999518e-01 1.514943254755386944e-02 9.997004093535800662e-01 -1.922462566011302193e-02 -5.285560000000000258e-02 -2.881589319168424423e-01 2.277622674332202557e-02 9.573116908572052441e-01 3.177729400000000037e+00
9.561255888524033963e-01 -8.195414831561352587e-03 2.928424380402943061e-01 5.868130000000000290e-01 1.455866191268400181e-02 9.997027530101812998e-01 -1.955635413815152990e-02 -5.416880000000000306e-02 -2.925951190723405926e-01 2.296172466526102268e-02 9.559606976729951855e-01 3.230040999999999940e+00
9.548181404152743523e-01 -8.373510011030149691e-03 2.970727235274432387e-01 6.027504999999999669e-01 1.461782155251285104e-02 9.997163197015890290e-01 -1.880423929248798559e-02 -5.574880000000000113e-02 -2.968309923626177294e-01 2.229718485382035931e-02 9.546696797953825309e-01 3.282411800000000213e+00
9.534902820925709177e-01 -9.425374045099643022e-03 3.012763586462428589e-01 6.189280999999999811e-01 1.572124437079271478e-02 9.997056308619821641e-01 -1.847955893088900139e-02 -5.746500000000000219e-02 -3.010134954291308618e-01 2.235651911537981165e-02 9.533577825887720181e-01 3.335206499999999963e+00
9.522318844820746309e-01 -9.953066236099339728e-03 3.052136540985948554e-01 6.359192999999999651e-01 1.648510401212736204e-02 9.996867550751258324e-01 -1.883170393445239565e-02 -5.908189999999999970e-02 -3.049306142738478775e-01 2.296362775924890021e-02 9.520976800090988901e-01 3.388710000000000111e+00
9.510353383600542720e-01 -1.004434548067427435e-02 3.089189154361412504e-01 6.528796999999999517e-01 1.692602071869054106e-02 9.996645261716743391e-01 -1.960471720255742636e-02 -6.080479999999999913e-02 -3.086183646723043017e-01 2.387354682125491720e-02 9.508863016939332891e-01 3.441961099999999885e+00
9.498969805567848423e-01 -9.320697426471406116e-03 3.124241522811372906e-01 6.702974000000000432e-01 1.688757730436450319e-02 9.996257188617454492e-01 -2.152282330290188408e-02 -6.217620000000000091e-02 -3.121066100900334872e-01 2.572055189188196186e-02 9.496988560319975514e-01 3.495737600000000000e+00
9.487181090708706188e-01 -9.936708512546530217e-03 3.159671048462613929e-01 6.878520999999999663e-01 1.782774905753433531e-02 9.995969440848757603e-01 -2.209345468050197270e-02 -6.395910000000000484e-02 -3.156202162164731262e-01 2.659344280296359331e-02 9.485128717710437085e-01 3.549612999999999907e+00
9.477846334493426061e-01 -9.401553077232876338e-03 3.187724884569421158e-01 7.058556999999999748e-01 1.770597445773898493e-02 9.995748844510558007e-01 -2.316352397974714289e-02 -6.555189999999999628e-02 -3.184192002153721224e-01 2.759820962298821512e-02 9.475481791232613915e-01 3.603089300000000161e+00
9.465217631154454470e-01 -9.377799156853008911e-03 3.225036570828343496e-01 7.239400000000000279e-01 1.771387136290039632e-02 9.995802928791813757e-01 -2.292284556743681354e-02 -6.721520000000000272e-02 -3.221533341596316546e-01 2.740976049774363280e-02 9.462906183193876553e-01 3.657188199999999778e+00
9.438342882095362985e-01 -1.168505186722198705e-02 3.302125012213473210e-01 7.610415999999999848e-01 2.046726015085491637e-02 9.995229046668882011e-01 -2.313124095641840017e-02 -7.095039999999999680e-02 -3.297846686277505213e-01 2.859060351106624404e-02 9.436231502718434028e-01 3.765749500000000083e+00
9.427219273587520432e-01 -1.361923285404587416e-02 3.333014914060047351e-01 7.792987000000000108e-01 2.235397305262971576e-02 9.994994664135267159e-01 -2.238563217417948240e-02 -7.285469999999999446e-02 -3.328297876779692244e-01 2.855403886567769653e-02 9.425545073356209613e-01 3.818949499999999997e+00
9.407508515498781421e-01 -1.420830995388901175e-02 3.388007662866679981e-01 8.182217000000000517e-01 2.273543081976604763e-02 9.995164402567909834e-01 -2.121286972176127800e-02 -7.622099999999999709e-02 -3.383355368471051561e-01 2.765880663815781237e-02 9.406189743577014761e-01 3.928395699999999824e+00
9.386483041253901316e-01 -1.175255216406839893e-02 3.446755556754206307e-01 8.571029000000000009e-01 2.149448960689039761e-02 9.994698006873853346e-01 -2.445617366755454755e-02 -7.967340000000000533e-02 -3.442053864759649917e-01 3.036437108766059864e-02 9.384032485501009324e-01 4.037427400000000333e+00
9.375310951714880270e-01 -1.044986517118789114e-02 3.477445124002022103e-01 8.773260999999999976e-01 2.101247173377723820e-02 9.994248345091398811e-01 -2.661721619583334170e-02 -8.133490000000000164e-02 -3.472663554365548189e-01 3.226143958788129512e-02 9.372114371354683948e-01 4.091974699999999743e+00
9.352338246345197614e-01 -7.565406236241377369e-03 3.539497957168061260e-01 9.181394000000000499e-01 1.899861805491310715e-02 9.994035289818435919e-01 -2.883814783651615643e-02 -8.589289999999999425e-02 -3.535205026182946519e-01 3.369496827595883093e-02 9.348197170264385125e-01 4.201496599999999582e+00
9.324700488520426545e-01 -7.653027458556721854e-03 3.611662209628520026e-01 9.596683999999999770e-01 1.906043952075241882e-02 9.994252533280235662e-01 -2.803324197254986050e-02 -9.005340000000000567e-02 -3.607441027087550101e-01 3.302414542322584801e-02 9.320799848617717931e-01 4.310991300000000415e+00
9.310117239352454499e-01 -7.835570611678376388e-03 3.649051571686974249e-01 9.811050000000000049e-01 1.905426730366825694e-02 9.994496570720838857e-01 -2.715359784658885611e-02 -9.210899999999999643e-02 -3.644915702628014342e-01 3.223331834737649948e-02 9.306486492740823069e-01 4.366111300000000028e+00
9.279974649597062530e-01 -6.664491461268146760e-03 3.725268977965504602e-01 1.023918000000000106e+00 1.805991701824711040e-02 9.994693466542151628e-01 -2.710838423606903164e-02 -9.645070000000000032e-02 -3.721485515565697844e-01 3.188431671149644792e-02 9.276253801628048246e-01 4.475936400000000148e+00
9.266404374915806486e-01 -5.887071070761346232e-03 3.759027028362790790e-01 1.045799600000000051e+00 1.773521266097942417e-02 9.994487099850474232e-01 -2.806667670199906872e-02 -9.847440000000000360e-02 -3.755302409091469396e-01 3.267443195271352990e-02 9.262339983283304212e-01 4.530313500000000104e+00
9.240599878157371716e-01 -5.872190939202590922e-03 3.822023760935472914e-01 1.089980799999999972e+00 1.833542749686773235e-02 9.994119591134795755e-01 -2.897495607354495448e-02 -1.027216999999999991e-01 -3.818074789949600922e-01 3.378244151227527414e-02 9.236242718925173900e-01 4.639551199999999653e+00
9.220135192872211949e-01 -9.249701788981323780e-03 3.870471718904658354e-01 1.135187500000000016e+00 2.144546592971930538e-02 9.993998632832469253e-01 -2.720303770692740486e-02 -1.071765999999999969e-01 -3.865632706849554956e-01 3.338197546943831584e-02 9.216585492855299266e-01 4.748129800000000067e+00
9.198903186838073287e-01 -9.130551566539558961e-03 3.920694257652517778e-01 1.180721499999999979e+00 2.202224299870690280e-02 9.993541216309826947e-01 -2.839648556552641298e-02 -1.113008999999999943e-01 -3.915569210282324186e-01 3.475590032293807835e-02 9.194972566504114875e-01 4.856587900000000069e+00
9.174235526486974601e-01 -7.885495838893953613e-03 3.978339402323757823e-01 1.226898700000000009e+00 2.160919766749409138e-02 9.993155575620146225e-01 -3.002430666455003713e-02 -1.158041999999999960e-01 -3.973248892551408118e-01 3.614187833932489685e-02 9.169660282739462431e-01 4.966257599999999606e+00
9.150459276982565449e-01 -5.023039155953369986e-03 4.033183845059320483e-01 1.273406000000000038e+00 1.984427740860493505e-02 9.992721957976271607e-01 -3.257734427357406731e-02 -1.199218999999999979e-01 -4.028612104149112971e-01 3.781332811888418050e-02 9.144796320091586050e-01 5.075329299999999932e+00
9.126608744165072284e-01 -7.329824265333125671e-03 4.086519325606274844e-01 1.322264899999999965e+00 2.240448536970423427e-02 9.992330672911940992e-01 -3.211411320822488841e-02 -1.244824999999999959e-01 -4.081031332207767370e-01 3.846493088608517880e-02 9.121251458803850687e-01 5.184914599999999929e+00
9.102666900954277107e-01 -7.537758405955969666e-03 4.139537837741406046e-01 1.371396499999999907e+00 2.229904555250165551e-02 9.992756024085085453e-01 -3.083866077766449915e-02 -1.294598000000000138e-01 -4.134214622756805513e-01 3.730217995407033443e-02 9.097753799155658960e-01 5.293950999999999851e+00
9.072762629331220241e-01 -4.319825306557010039e-03 4.205129270634010985e-01 1.420870800000000100e+00 1.931424903778183183e-02 9.993200921011504700e-01 -3.140562540460917901e-02 -1.345149999999999957e-01 -4.200913501873312916e-01 3.661546984908044949e-02 9.067428328172856267e-01 5.403245400000000309e+00
9.042397529062983219e-01 -3.006155676662197566e-03 4.270145574708245073e-01 1.471599899999999961e+00 1.815332193654090043e-02 9.993418464668051282e-01 -3.140590395108542460e-02 -1.396984000000000004e-01 -4.266391052946562068e-01 3.615019956188584432e-02 9.036991960298575988e-01 5.511830299999999738e+00
9.005064489862829591e-01 -1.756619482568614471e-03 4.348391077422870676e-01 1.522162400000000027e+00 1.700908200073142015e-02 9.993688354810098540e-01 -3.118688504520288063e-02 -1.441520000000000024e-01 -4.345098692361397674e-01 3.548020514771250966e-02 8.999679597513841056e-01 5.619255100000000169e+00
8.968359333731635852e-01 -8.520011308260459770e-04 4.423625014676983991e-01 1.573675200000000052e+00 1.680913459805331509e-02 9.993415791920355895e-01 -3.215371039293618560e-02 -1.491580000000000128e-01 -4.420438457944538824e-01 3.627233369996141210e-02 8.962597593349863612e-01 5.726697899999999564e+00
8.933833308833118991e-01 -1.361016825957251861e-03 4.492931912827504704e-01 1.626234200000000074e+00 1.777393299647433283e-02 9.993196872971717992e-01 -3.231485550206840418e-02 -1.541615000000000069e-01 -4.489435503553599327e-01 3.685526032308251987e-02 8.927997414766887241e-01 5.832993499999999720e+00
8.895479555219427681e-01 -2.540113098899524080e-05 4.568418043278376639e-01 1.679070499999999910e+00 1.699168167693650144e-02 9.993099093947059863e-01 -3.303010353199393317e-02 -1.592440999999999995e-01 -4.565257030885790379e-01 3.714437158341923201e-02 8.889345184428105728e-01 5.939095499999999639e+00
8.862560158510797148e-01 -1.761640211217380472e-03 4.631923693148850552e-01 1.734990599999999938e+00 1.994282591287242085e-02 9.992106063271216643e-01 -3.435764686346661628e-02 -1.640861999999999876e-01 -4.627662023769448796e-01 3.968703600865192832e-02 8.855915430436699376e-01 6.046267499999999906e+00
8.828639073928812309e-01 -3.990948927570967322e-03 4.696119603988290758e-01 1.789290100000000105e+00 2.345065887607239441e-02 9.990910741639663639e-01 -3.559623750018973964e-02 -1.690783999999999898e-01 -4.690430551892352251e-01 4.243934321533908427e-02 8.821550399596426173e-01 6.151935100000000212e+00
8.796923399700411483e-01 -5.121448883332140739e-03 4.755156756189735656e-01 1.845183000000000018e+00 2.679252064827554805e-02 9.988874628018349355e-01 -3.880718354408738135e-02 -1.743862999999999941e-01 -4.747878977347097518e-01 4.687864565714515430e-02 8.788508660438394404e-01 6.258789499999999784e+00
8.782441063724776287e-01 -6.502701344773162764e-03 4.781683850875432240e-01 1.873960300000000023e+00 2.859315118609766920e-02 9.988326349412498528e-01 -3.893326446072623709e-02 -1.771083999999999992e-01 -4.773570166314278218e-01 4.786525098169414766e-02 8.774048076123142081e-01 6.311460499999999918e+00
8.744674705544438487e-01 -5.258517584410746237e-03 4.850556575640854184e-01 1.930950500000000014e+00 2.824913188307136974e-02 9.987962615213349382e-01 -4.010005634482231157e-02 -1.827091999999999883e-01 -4.842609105533562941e-01 4.876859608210520197e-02 8.735633889685481268e-01 6.418081800000000392e+00
8.710344770877684883e-01 -4.726760268574570559e-03 4.911991423667199097e-01 1.990699100000000055e+00 2.878320434586403853e-02 9.987267270481315906e-01 -4.143008360251207445e-02 -1.884927000000000130e-01 -4.903778817116672961e-01 5.022531649567109346e-02 8.700614637546520980e-01 6.524858000000000047e+00
8.679862486996696713e-01 -5.487706973600823407e-03 4.965579091510347043e-01 2.051040200000000091e+00 3.010435406290487906e-02 9.986813103520632007e-01 -4.158567325343470733e-02 -1.947030999999999901e-01 -4.956748933875212426e-01 5.104434763671747421e-02 8.670068480926845789e-01 6.631981399999999915e+00
8.654778185047862227e-01 -7.808755598822538987e-03 5.008863833367743768e-01 2.075203699999999873e+00 3.255061776911348514e-02 9.986420681059644533e-01 -4.067526388225833900e-02 -1.973773000000000055e-01 -4.998885905469790947e-01 5.150769986167247350e-02 8.645567383902079683e-01 6.684524999999999828e+00
8.655462153575229634e-01 -8.262114318027702353e-03 5.007609075669389176e-01 2.111875799999999970e+00 3.298859139057796347e-02 9.986330763482264006e-01 -4.054296068792848096e-02 -2.001474000000000031e-01 -4.997414350625070667e-01 5.161120314692606292e-02 8.646356352773072462e-01 6.739366500000000038e+00
8.640926262236191535e-01 -7.944718096117152351e-03 5.032701210685391890e-01 2.142549999999999955e+00 3.278304263302148774e-02 9.986406834770791274e-01 -4.052230768544252959e-02 -2.027229999999999865e-01 -5.022640793663134540e-01 5.151375310347137970e-02 8.631785028715116548e-01 6.793878600000000212e+00
8.603877927500058753e-01 -9.725235182829770897e-03 5.095471184173369084e-01 2.199941400000000158e+00 3.441925769288902565e-02 9.986439765471984975e-01 -3.905794164915734473e-02 -2.078482000000000107e-01 -5.084763129061603548e-01 5.114320978035236803e-02 8.595558221004145905e-01 6.900332900000000436e+00
8.569867053495782150e-01 -9.939815351860130724e-03 5.152426485888431662e-01 2.261008700000000093e+00 3.485100936355159384e-02 9.986428899838324380e-01 -3.870123294005964332e-02 -2.143480000000000107e-01 -5.141587245203730339e-01 5.112316848073918119e-02 8.561700927059254784e-01 7.009243999999999808e+00
8.559319640975080468e-01 -8.309328652534626533e-03 5.170216899642861019e-01 2.294357799999999781e+00 3.496663768924267862e-02 9.985122750492082533e-01 -4.183982343131441989e-02 -2.171209000000000056e-01 -5.159048430523709428e-01 5.389055235751904344e-02 8.549491220427739568e-01 7.063810799999999723e+00
8.538297891521957617e-01 -7.724702033808364052e-03 5.204949760898809341e-01 2.326835400000000220e+00 3.433817063378276357e-02 9.985478728226225842e-01 -4.150946541381413807e-02 -2.206915999999999878e-01 -5.194185029375080198e-01 5.331486340509829919e-02 8.528551718470455123e-01 7.119096800000000336e+00
8.513969710758915177e-01 -5.870301165776831143e-03 5.244890248680336153e-01 2.360619499999999871e+00 3.190905776576805769e-02 9.986650175750848568e-01 -4.062012683702869581e-02 -2.235155000000000058e-01 -5.235503888598485034e-01 5.131980354579020881e-02 8.504476868618804364e-01 7.174457099999999699e+00
8.483756833025105637e-01 -4.302137532442785323e-03 5.293771732835202970e-01 2.394848800000000111e+00 2.956453582673667854e-02 9.987914502601805689e-01 -3.926292282185382676e-02 -2.263000000000000012e-01 -5.285684801445768022e-01 4.896049938284120773e-02 8.474775697903955685e-01 7.230287999999999826e+00
8.453188690753457024e-01 -3.307983826261247373e-03 5.342518758302902127e-01 2.428422900000000162e+00 2.802181318090805895e-02 9.988789506096341642e-01 -3.815258857601318276e-02 -2.291536000000000128e-01 -5.335267449446493560e-01 4.722180928343849837e-02 8.444639205772890289e-01 7.285268300000000252e+00
8.424321873578891617e-01 -3.407852218954657633e-03 5.387916074389578203e-01 2.463058000000000192e+00 2.856127651942444445e-02 9.988565155839291831e-01 -3.833946738170482954e-02 -2.318491000000000024e-01 -5.380448523933514249e-01 4.768697745491529832e-02 8.415662118896118926e-01 7.340660599999999647e+00
8.398578113664432188e-01 -4.936511741619308696e-03 5.427840155518517395e-01 2.498441199999999807e+00 3.072227831143658008e-02 9.987880096166406041e-01 -3.845326333855327711e-02 -2.345559999999999867e-01 -5.419363415587872268e-01 4.897083517619795628e-02 8.389915726632914961e-01 7.395970300000000108e+00
8.372844515972353019e-01 -5.026588243166809841e-03 5.467444380367764145e-01 2.533849200000000135e+00 3.152324521508403227e-02 9.987382296690908712e-01 -3.909262857061424068e-02 -2.371859000000000051e-01 -5.458580695791045434e-01 4.996680906445778725e-02 8.363864452914629988e-01 7.451596300000000284e+00
8.345672116518157990e-01 -5.954890431115725594e-03 5.508739497522703310e-01 2.569295200000000001e+00 3.249484798544830660e-02 9.987326879843294591e-01 -3.843309519149681885e-02 -2.401309000000000082e-01 -5.499469557058354052e-01 4.997556634545981258e-02 8.337030578559336824e-01 7.506811100000000181e+00
8.319532034449832469e-01 -7.265745408533020450e-03 5.547982301893985557e-01 2.606272199999999817e+00 3.290385618320099126e-02 9.988005252556930724e-01 -3.626081903689998970e-02 -2.435253000000000001e-01 -5.538693018446732008e-01 4.842230573413418976e-02 8.311943676309918594e-01 7.562385599999999819e+00
8.294444343374067774e-01 -7.073218148777640421e-03 5.585444475882999082e-01 2.642866399999999949e+00 3.178657125977565889e-02 9.988972198272759728e-01 -3.455369891756625289e-02 -2.467260000000000009e-01 -5.576840899956232445e-01 4.641458613796332899e-02 8.287545728135653489e-01 7.617659599999999642e+00
8.265224734045487631e-01 -5.588364184001982232e-03 5.628759820271013181e-01 2.679587600000000069e+00 3.048077380255830374e-02 9.989279693293932061e-01 -3.484012801141803117e-02 -2.494763999999999871e-01 -5.620778623870753554e-01 4.595304426478928617e-02 8.258067536277322596e-01 7.673279299999999914e+00
8.236038056860240930e-01 -5.739265580670723649e-03 5.671365197993269991e-01 2.717452799999999780e+00 3.067689472705311879e-02 9.989358247858304285e-01 -3.444047167734765047e-02 -2.524163999999999852e-01 -5.663353241582262942e-01 4.576329085683647491e-02 8.229034097757460531e-01 7.729006299999999996e+00
8.213214670478238277e-01 -7.098504764980915691e-03 5.704214748731958329e-01 2.756464699999999990e+00 3.217839639815827518e-02 9.989070271411220059e-01 -3.390135592168302958e-02 -2.552343000000000250e-01 -5.695573707464888225e-01 4.619915971299891344e-02 8.206522034760884710e-01 7.784595999999999627e+00
8.156497078825877267e-01 -6.723585203090094026e-03 5.785069986033581912e-01 2.835389099999999996e+00 3.102709735187467524e-02 9.990018297435883099e-01 -3.213508050215203166e-02 -2.614336999999999911e-01 -5.777134871724620702e-01 4.416036198877097002e-02 8.150441639371783786e-01 7.898482800000000026e+00
8.134103362891589306e-01 -8.200234410931241114e-03 5.816325136833075948e-01 2.875371900000000203e+00 3.216872731220632442e-02 9.990045873101770502e-01 -3.090319589194034586e-02 -2.643888999999999823e-01 -5.808001358480128218e-01 4.384735669146438974e-02 8.128644484230451717e-01 7.955112899999999598e+00
8.116166144201171218e-01 -8.780354742673244714e-03 5.841244529788321982e-01 2.917002399999999884e+00 3.219445355019004418e-02 9.990397880639114714e-01 -2.971563604938439601e-02 -2.672985999999999973e-01 -5.833026558810029405e-01 4.292327149469892661e-02 8.111199691823403057e-01 8.012915599999999472e+00
8.099791284707692496e-01 -6.819750432922117717e-03 5.864190502070731892e-01 2.959263599999999883e+00 3.002979715696444882e-02 9.991029238417040714e-01 -2.985898279697059288e-02 -2.705373999999999834e-01 -5.856893568475056711e-01 4.179519798961209287e-02 8.094573112280625260e-01 8.071024899999999391e+00
8.082553031676872335e-01 -3.513451656068563092e-03 5.888217222205464063e-01 3.001539900000000038e+00 2.704552623446191545e-02 9.991483525024870138e-01 -3.116262508626304467e-02 -2.735653000000000112e-01 -5.882107652976192869e-01 4.111235032233535175e-02 8.076619777103306586e-01 8.129287700000000783e+00
8.058860356236481337e-01 2.836583683122131938e-04 5.920706183596092798e-01 3.043010000000000215e+00 2.351862240194199996e-02 9.991952922409516047e-01 -3.249065040645021663e-02 -2.764120999999999939e-01 -5.916033907839904904e-01 4.010844675937200177e-02 8.052308616238176286e-01 8.187358899999999551e+00
8.040441706567488245e-01 9.107467859953179146e-04 5.945688708410428180e-01 3.084940200000000132e+00 2.171596713901727260e-02 9.992866260677812917e-01 -3.089750367403790512e-02 -2.792022000000000115e-01 -5.941728607098426540e-01 3.775459577802234984e-02 8.034508087577733049e-01 8.244637499999999619e+00
8.018087933893774943e-01 -3.515660718843207494e-04 5.975805679946156745e-01 3.126922099999999816e+00 2.261714973109272414e-02 9.993011935941590318e-01 -2.975884774869948235e-02 -2.817980999999999958e-01 -5.971525126644882109e-01 3.737647498876858765e-02 8.012564356907856400e-01 8.301406899999999922e+00
7.994813447727037170e-01 7.563588980010922669e-04 6.006904421427450291e-01 3.168507299999999915e+00 2.174211659845446537e-02 9.993075110996710864e-01 -3.019567229918829893e-02 -2.846834999999999782e-01 -6.002973094444521429e-01 3.720115832871567080e-02 7.989112679720780097e-01 8.358048399999999489e+00
7.974119008282043453e-01 1.867246844742031023e-03 6.034324931645385082e-01 3.210337599999999902e+00 2.038083478180106184e-02 9.993413497052520134e-01 -3.002479546778184100e-02 -2.875062999999999924e-01 -6.030911058796564195e-01 3.624058717109873012e-02 7.968486291952486811e-01 8.413926099999999408e+00
7.947179316386895342e-01 1.813435801630560937e-03 6.069762108868159700e-01 3.252110000000000056e+00 1.814062043631359256e-02 9.994778695648057765e-01 -2.673772878130510275e-02 -2.904656999999999933e-01 -6.067077772882993880e-01 3.225987756936461726e-02 7.942700883686233393e-01 8.470212899999999934e+00
7.925289595272105858e-01 2.270928995597006061e-03 6.098300510734232516e-01 3.294029200000000213e+00 1.632267449376052434e-02 9.995558093761721663e-01 -2.493500029509097132e-02 -2.931564999999999865e-01 -6.096157958977833635e-01 2.971576725986398160e-02 7.921398579594829403e-01 8.525139799999999823e+00
7.899103450959837902e-01 2.575373783261946346e-03 6.132169389051644881e-01 3.335651200000000038e+00 1.571716590259070526e-02 9.995776430564616843e-01 -2.444393989681812110e-02 -2.956887999999999739e-01 -6.130208947550925824e-01 2.894655336245239088e-02 7.895362433999471019e-01 8.580283200000000221e+00
7.877846922431431809e-01 2.575120360447541792e-03 6.159453282739512092e-01 3.377442100000000114e+00 1.622293069163825013e-02 9.995576129756201800e-01 -2.492779296798066854e-02 -2.980854000000000004e-01 -6.157370341202083042e-01 2.963017208200811534e-02 7.873944105181596154e-01 8.634544399999999342e+00
7.857059793717146023e-01 2.135431487543761574e-03 6.185964386511587643e-01 3.419948799999999789e+00 1.634300927167066722e-02 9.995733351473625738e-01 -2.420854622492704666e-02 -3.005865999999999816e-01 -6.183842009846959309e-01 2.913052685312007145e-02 7.853358468692096528e-01 8.689109800000000661e+00
7.811283665305711610e-01 5.008165520936573578e-03 6.243503770154996690e-01 3.504623399999999833e+00 1.267889836902570330e-02 9.996344021652493472e-01 -2.388111270172271761e-02 -3.054492999999999792e-01 -6.242417164347713321e-01 2.657028953247154296e-02 7.807792896694500939e-01 8.797313700000000125e+00
7.788148470024442993e-01 1.485423821981760213e-02 6.270779741750369674e-01 3.547606899999999897e+00 2.860536820583467824e-03 9.996250513765250201e-01 -2.723185615373775390e-02 -3.078106999999999926e-01 -6.272473606302839677e-01 2.300235351847041906e-02 7.784803403522493337e-01 8.851584400000000130e+00
7.756934624451959914e-01 2.660851253095768837e-02 6.305486812139670105e-01 3.589385699999999790e+00 -4.583708148442076913e-03 9.993219879727103239e-01 -3.653154765240650137e-02 -3.107768000000000197e-01 -6.310932117677966469e-01 2.544703155890700591e-02 7.752894986038743053e-01 8.905161899999999520e+00
7.736114499009142387e-01 2.198016937202695170e-02 6.332789249111188123e-01 3.632073199999999780e+00 5.845897592038505966e-03 9.991081054210464441e-01 -4.181888524710600241e-02 -3.142756999999999912e-01 -6.336332930517056816e-01 3.605365219148026767e-02 7.727929762233266553e-01 8.958310100000000276e+00
7.726259912962500920e-01 1.364937980092120751e-02 6.347147170221727475e-01 3.675162600000000168e+00 1.305150809899998168e-02 9.992160675628981581e-01 -3.737523860096839123e-02 -3.177463999999999844e-01 -6.347272923940079359e-01 3.716106504377644781e-02 7.718421597289071290e-01 9.011313400000000584e+00
7.680020238862494963e-01 6.400952911528587537e-03 6.404154269756852091e-01 3.762117899999999793e+00 6.865017322411878613e-03 9.998103278157782769e-01 -1.822580396221216981e-02 -3.226643000000000150e-01 -6.404106204957782378e-01 1.839391732966084991e-02 7.678124126122746196e-01 9.118265199999999737e+00
7.654374905270728835e-01 8.759269212973307475e-03 6.434506378102921031e-01 3.805545299999999909e+00 1.006105840476476804e-03 9.998898448100873582e-01 -1.480830836717245136e-02 -3.244692000000000132e-01 -6.435094683426615392e-01 1.198221384027878603e-02 7.653443608630241535e-01 9.171264600000000655e+00
