1.000000000000000000e+00 0.000000000000000000e+00 0.000000000000000000e+00 0.000000000000000000e+00 0.000000000000000000e+00 1.000000000000000000e+00 0.000000000000000000e+00 0.000000000000000000e+00 0.000000000000000000e+00 0.000000000000000000e+00 1.000000000000000000e+00 0.000000000000000000e+00
9.992318259544928916e-01 -1.021336909563894113e-02 3.783444318826863217e-02 2.099800000000000191e-03 1.017711205114887885e-02 9.999475496716351275e-01 1.150780600801693020e-03 -6.267999999999999483e-04 -3.784421210632399335e-02 -7.648512332922477019e-04 9.992833585188150014e-01 5.739419999999999938e-02
9.984794749498741018e-01 -1.341617965219586879e-02 5.346722573094400688e-02 3.609799999999999814e-03 1.336643041935979721e-02 9.999098357856294195e-01 1.287958462027001365e-03 -7.475999999999999573e-04 -5.347968438265252034e-02 -5.713341364731011054e-04 9.985687742642648246e-01 8.662980000000000680e-02
9.965846973246901275e-01 -1.650296402533643278e-02 8.091102048938884905e-02 8.138199999999999948e-03 1.628657474102277250e-02 9.998618074476803841e-01 3.333690246981698378e-03 -1.110799999999999895e-03 -8.095485495917419116e-02 -2.004541303189670727e-03 9.967157534988111411e-01 1.455683000000000116e-01
9.944113686964980436e-01 -1.605257863256286111e-02 1.043472305641257869e-01 1.378799999999999991e-02 1.606724933633559699e-02 9.998706683588012289e-01 7.000389190450523498e-04 -1.438800000000000062e-03 -1.043449725953362051e-01 9.804463114015005577e-04 9.945406806255382426e-01 2.051205999999999863e-01
9.933030865049405911e-01 -1.631303532656828981e-02 1.143803445448236117e-01 1.739579999999999946e-02 1.674022970026103896e-02 9.998560209547130428e-01 -2.775260382524284697e-03 -1.626300000000000011e-03 -1.143186032513559131e-01 4.671427944691601553e-03 9.934331556333403368e-01 2.357761999999999913e-01
9.912293155414786394e-01 -1.658857014764898719e-02 1.311078310080226184e-01 2.542190000000000075e-02 1.751299737280529595e-02 9.998292223431812786e-01 -5.900938200777403053e-03 -2.141099999999999948e-03 -1.309875525925719708e-01 8.145274033806850639e-03 9.913505513070148822e-01 2.984410000000000118e-01
9.904288630655554426e-01 -1.633492949445258455e-02 1.370541399779021119e-01 2.975279999999999939e-02 1.744806470154714254e-02 9.998237934367856239e-01 -6.924385593420118515e-03 -2.269900000000000043e-03 -1.369168807884613703e-01 9.249440852667935656e-03 9.905393559062007913e-01 3.307835000000000081e-01
9.897105917412574172e-01 -1.740511944717484244e-02 1.420211477639848341e-01 3.441290000000000321e-02 1.877861629855496345e-02 9.997889114340636763e-01 -8.336434693666860268e-03 -2.672400000000000123e-03 -1.418460720819638698e-01 1.091761835382162524e-02 9.898285192114837372e-01 3.632662999999999864e-01
9.890755791532253038e-01 -1.616517246980107847e-02 1.465202577179462451e-01 3.920579999999999898e-02 1.783583117304044646e-02 9.997899590719293572e-01 -1.009558642756777994e-02 -2.955900000000000021e-03 -1.463262855712486044e-01 1.259860857282571120e-02 9.891561520877024671e-01 3.964175999999999811e-01
9.884912541015780096e-01 -1.629008084054814343e-02 1.503983837376519639e-01 4.443579999999999752e-02 1.813977414009466937e-02 9.997756638114744243e-01 -1.093483628008052808e-02 -3.397700000000000026e-03 -1.501865145705031934e-01 1.353718273992852994e-02 9.885649981284133636e-01 4.300279000000000185e-01
9.880634967213314246e-01 -1.616375006242717557e-02 1.531968003279929325e-01 4.970610000000000306e-02 1.791115130219823534e-02 9.997892433719873795e-01 -1.003292064648939746e-02 -3.690899999999999997e-03 -1.530023434652074688e-01 1.265709372598529045e-02 9.881447671634790986e-01 4.644904000000000255e-01
9.876122959369660892e-01 -1.684367772243295161e-02 1.560071903307580499e-01 5.472210000000000268e-02 1.832091510124346859e-02 9.997998643620176207e-01 -8.035875281782629831e-03 -4.121599999999999570e-03 -1.558406140387273431e-01 1.079452372613780645e-02 9.877232311095848205e-01 4.991607000000000127e-01
9.872840672981690879e-01 -1.696885678684385487e-02 1.580576741526076301e-01 6.028889999999999944e-02 1.825394163048192978e-02 9.998110529666016655e-01 -6.682213762376363643e-03 -4.590799999999999916e-03 -1.579144200956178468e-01 9.482418740106170196e-03 9.874072714238547599e-01 5.345554999999999612e-01
9.869183358239587145e-01 -1.942934174292669861e-02 1.600459280766135528e-01 6.619110000000000271e-02 2.088773240103087084e-02 9.997541824695883594e-01 -7.434868506432907621e-03 -4.826999999999999694e-03 -1.598621313807961353e-01 1.068060457097766425e-02 9.870815688869828408e-01 5.705966000000000093e-01
9.867575351159502128e-01 -1.946726115996941578e-02 1.610297880357046962e-01 7.204939999999999956e-02 2.089723850910771633e-02 9.997557660486948716e-01 -7.191222085352640472e-03 -5.235100000000000343e-03 -1.608504656958999746e-01 1.046107046706713610e-02 9.869233474237476544e-01 6.070505000000000484e-01
9.866282963937929029e-01 -2.117085076713734818e-02 1.616056924519601867e-01 7.816660000000000275e-02 2.280961376849535358e-02 9.997054407322304437e-01 -8.291760374542383669e-03 -5.598399999999999904e-03 -1.613825463760378554e-01 1.186704884005976811e-02 9.868205748143953349e-01 6.439896000000000509e-01
9.866218711710533773e-01 -2.097796194053312691e-02 1.616700604309624090e-01 8.420619999999999494e-02 2.265597705926923611e-02 9.997068229948369300e-01 -8.542526620366107382e-03 -6.058299999999999970e-03 -1.614434576885026840e-01 1.209103677900870075e-02 9.868078925501099219e-01 6.813561000000000201e-01
9.867483409526507376e-01 -2.062977574321404536e-02 1.609413681437314725e-01 9.040779999999999650e-02 2.256442418353961712e-02 9.996933337376953110e-01 -1.020221748828751412e-02 -6.565800000000000108e-03 -1.606815433970457396e-01 1.369857048008019107e-02 9.869112375377765423e-01 7.192513000000000378e-01
9.869658515375360208e-01 -2.086220867883087360e-02 1.595718526176449215e-01 9.668110000000000592e-02 2.278288146284812576e-02 9.996882359656036332e-01 -1.021622162198070408e-02 -6.880599999999999737e-03 -1.593089709057098069e-01 1.371856847562924822e-02 9.871334523092322177e-01 7.575863000000000458e-01
9.871816576595093817e-01 -2.019556774708678240e-02 1.583177621873051721e-01 1.026315000000000005e-01 2.190465130065226071e-02 9.997190337362650281e-01 -9.057584491764187132e-03 -7.490499999999999763e-03 -1.580903571759521287e-01 1.240937664838334502e-02 9.873466697868477082e-01 7.965735999999999928e-01
9.873677189271594656e-01 -2.098178533452814756e-02 1.570501585632868569e-01 1.088297000000000014e-01 2.281887540781466286e-02 9.996905630709853607e-01 -9.903384872809792641e-03 -7.922200000000000769e-03 -1.567937707490332788e-01 1.336199053255712234e-02 9.875409716377885339e-01 8.358442999999999845e-01
9.875300448361992167e-01 -2.084423630497581059e-02 1.560446357894965941e-01 1.153156000000000042e-01 2.275956659865809029e-02 9.996858537007076162e-01 -1.049743011067679789e-02 -8.490400000000000377e-03 -1.557768040308169788e-01 1.391803590847591997e-02 9.876942217115551870e-01 8.762712000000000279e-01
9.878442695858091760e-01 -2.139000538805253121e-02 1.539680704431219682e-01 1.279839000000000115e-01 2.336763018946297343e-02 9.996659148568729503e-01 -1.104592833128120039e-02 -9.493200000000000249e-03 -1.536803595317488280e-01 1.450952593541173299e-02 9.880140792272760208e-01 9.581150000000000500e-01
9.880208861405901377e-01 -2.556970389715094993e-02 1.521871176958644878e-01 1.410868000000000122e-01 2.698881417576070446e-02 9.996093279792817032e-01 -7.266039237094891641e-03 -1.052510000000000077e-02 -1.519418719752693436e-01 1.128634836520510387e-02 9.883249900114992048e-01 1.042153200000000002e+00
9.881667519434618185e-01 -2.861308328271179244e-02 1.506909480312780270e-01 1.538294000000000050e-01 3.045389461107399567e-02 9.994869276056361773e-01 -9.921786556026913895e-03 -1.160549999999999950e-02 -1.503297397607217811e-01 1.439350584473279154e-02 9.885311306848010293e-01 1.126713800000000099e+00
9.882356284103108734e-01 -2.846340667620248302e-02 1.502670197377424799e-01 1.665681999999999996e-01 3.025567960937130055e-02 9.994955689497687645e-01 -9.654092456217532037e-03 -1.285080000000000076e-02 -1.499164320274900541e-01 1.408694893024158706e-02 9.885983113873823003e-01 1.213890899999999995e+00
9.882698047994690205e-01 -2.994894668533269050e-02 1.497526410920971829e-01 1.798542999999999947e-01 3.158727149214414498e-02 9.994642295162793344e-01 -8.573108952511905578e-03 -1.420459999999999952e-02 -1.494156524641945261e-01 1.320282204186521910e-02 9.886863245179584592e-01 1.302150499999999989e+00
9.881298842545866989e-01 -3.139512869458333660e-02 1.503784483803031480e-01 1.925453000000000026e-01 3.310516034726542628e-02 9.994124151240092457e-01 -8.881039037008923998e-03 -1.575760000000000008e-02 -1.500112669148514211e-01 1.375392272210300762e-02 9.885886148486414671e-01 1.391797500000000021e+00
9.879879483555884523e-01 -2.986943656195872876e-02 1.516167229021463947e-01 2.068838000000000066e-01 3.176303255946200110e-02 9.994445741271794637e-01 -1.008231175709792954e-02 -1.740119999999999861e-02 -1.512313580800677681e-01 1.477700941367641324e-02 9.883879381730872327e-01 1.483331699999999920e+00
9.876733648630046103e-01 -2.852688092195920788e-02 1.539075742289979509e-01 2.206574000000000035e-01 3.052743238736358583e-02 9.994771865926301846e-01 -1.065032171888821017e-02 -1.853190000000000046e-02 -1.535232888262399731e-01 1.521744215514673690e-02 9.880278484143195650e-01 1.575560199999999966e+00
9.875730419739724431e-01 -2.567205229890058560e-02 1.550497742566460668e-01 2.354230999999999963e-01 2.749387804050566070e-02 9.995757137589484920e-01 -9.616607176253622047e-03 -1.986250000000000168e-02 -1.547371107283840863e-01 1.376002158614168455e-02 9.878598525951850506e-01 1.668936699999999940e+00
9.868644347222369495e-01 -2.479537679476872397e-02 1.596363892411916396e-01 2.504781999999999842e-01 2.692159861299866369e-02 9.995751399356764821e-01 -1.116992169594250607e-02 -2.171899999999999872e-02 -1.592916036973713034e-01 1.532086525553773108e-02 9.871126866165490510e-01 1.765528200000000103e+00
9.854243731601469714e-01 -2.233938366787865948e-02 1.686409105741268621e-01 2.658752999999999811e-01 2.465690722935906520e-02 9.996279651179089676e-01 -1.166054373137945244e-02 -2.307920000000000110e-02 -1.683176809126543383e-01 1.564874728430196149e-02 9.856085810303286676e-01 1.861668199999999995e+00
9.838452019404415605e-01 -1.914754300100298540e-02 1.779943544492254281e-01 2.829053999999999736e-01 2.152029984930640266e-02 9.997033088693105807e-01 -1.140924757149485227e-02 -2.502000000000000057e-02 -1.777230860444632687e-01 1.505542536019690431e-02 9.839653646618136129e-01 1.959409699999999921e+00
9.820201394546705931e-01 -1.938679215541547554e-02 1.877780551484975191e-01 3.003680000000000239e-01 2.248508472548529577e-02 9.996437032718226146e-01 -1.438358348548545232e-02 -2.761310000000000153e-02 -1.874322988983414262e-01 1.834717413987513659e-02 9.821061625561484654e-01 2.057710399999999940e+00
9.800917211711631660e-01 -1.655006461850341143e-02 1.978542732742215871e-01 3.191710999999999854e-01 1.976542289279850650e-02 9.997025576180390560e-01 -1.428720930833402361e-02 -3.005760000000000029e-02 -1.975589687906267600e-01 1.791344894415006564e-02 9.801273193811657070e-01 2.156912999999999858e+00
9.789870933544585485e-01 -1.551295143501586760e-02 2.033313044839961947e-01 3.290699999999999736e-01 1.868015248060145295e-02 9.997321030969436029e-01 -1.366652628371666650e-02 -3.122159999999999866e-02 -2.030648244987058593e-01 1.717761261458873936e-02 9.790146100422469910e-01 2.207191700000000090e+00
9.766165337975248883e-01 -1.426143735083827691e-02 2.145151680371251979e-01 3.499343999999999788e-01 1.742482120200915252e-02 9.997654338400392415e-01 -1.286284978984280139e-02 -3.317959999999999660e-02 -2.142814073114742979e-01 1.629996022468035294e-02 9.766359556033598066e-01 2.308588299999999816e+00
9.739654040748784158e-01 -1.400940957582947656e-02 2.262634042628089426e-01 3.716709000000000263e-01 1.800331747027678411e-02 9.997162569245651165e-01 -1.559763446171722259e-02 -3.498509999999999814e-02 -2.259806899390367496e-01 1.926504824996759166e-02 9.739412639839238883e-01 2.409993599999999958e+00
9.725931595178910483e-01 -1.415014839435690605e-02 2.320825701327521307e-01 3.836051999999999795e-01 1.818833795892584385e-02 9.997179794856845270e-01 -1.526911442593375037e-02 -3.608309999999999990e-02 -2.318010578519822396e-01 1.907183246250971839e-02 9.725762359759896336e-01 2.461472500000000174e+00
9.700183049665532797e-01 -1.195793918386052479e-02 2.427375037366288069e-01 4.081706999999999974e-01 1.635545259081959760e-02 9.997364621222476488e-01 -1.610917359274082264e-02 -3.817410000000000247e-02 -2.424809006919189380e-01 1.959627499722074381e-02 9.699582459084870045e-01 2.563834400000000180e+00
9.686306533002715380e-01 -1.092449342850631937e-02 2.482646026529350958e-01 4.204951000000000105e-01 1.560498570121243885e-02 9.997355253175925771e-01 -1.689271556683945297e-02 -3.921229999999999855e-02 -2.480143985907958815e-01 2.023696769003960338e-02 9.685449515796147324e-01 2.615467499999999834e+00
9.663504295948730505e-01 -1.528613523270344783e-02 2.567745729067656968e-01 4.469548999999999883e-01 1.993036514078581206e-02 9.996813081955392422e-01 -1.549395333058431121e-02 -4.160570000000000240e-02 -2.564558982888858751e-01 2.009019945403422644e-02 9.663471198895031700e-01 2.719224899999999945e+00
9.655768577280299247e-01 -1.600903979425326307e-02 2.596248109579084584e-01 4.612516999999999867e-01 2.093121907678234528e-02 9.996495764502666415e-01 -1.620519579524259610e-02 -4.250629999999999686e-02 -2.592744026856940165e-01 2.108162583076601468e-02 9.655735855771470089e-01 2.770940099999999795e+00
9.638718868048027355e-01 -1.533556290345323113e-02 2.659244372707852966e-01 4.893987000000000198e-01 2.035484137415681516e-02 9.996627126095385396e-01 -1.612890110243330941e-02 -4.530340000000000061e-02 -2.655873985338583765e-01 2.095904407584920845e-02 9.638589379216463415e-01 2.875356700000000210e+00
9.615918160786206537e-01 -1.248433375208667789e-02 2.741994176897294966e-01 5.182206999999999786e-01 1.810482558429933261e-02 9.996744749934663998e-01 -1.797663308574281443e-02 -4.784569999999999795e-02 -2.738857326353132948e-01 2.225051588848744183e-02 9.615048205815266424e-01 2.980079200000000039e+00
9.603403874427918208e-01 -1.164768467333006721e-02 2.785869194488124756e-01 5.332611999999999908e-01 1.721436666153151537e-02 9.996978939088292382e-01 -1.754384492331938564e-02 -4.934700000000000197e-02 -2.782984114699019185e-01 2.164376020939519710e-02 9.602507702768727782e-01 3.032901999999999987e+00
9.589222864250637191e-01 -1.187286633521566701e-02 2.834203303263795881e-01 5.482304999999999540e-01 1.760019754393326447e-02 9.996889530049523076e-01 -1.767003922680718611e-02 -5.097779999999999673e-02 -2.831223792704182785e-01 2.193244821830161659e-02 9.588329813222994380e-01 3.085926300000000122e+00
9.576659064586334758e-01 -1.130640120381897970e-02 2.876598284407855255e-01 5.640370999999999579e-01 1.710736088489473589e-02 9.996976806526762793e-01 -1.766028032658362515e-02 -5.277790000000000259e-02 -2.873731890944558609e-01 2.183374886449470156e-02 9.575698082125418953e-01 3.137832200000000071e+00
9.563377867007796240e-01 -1.061200774790872770e-02 2.920709212157426293e-01 5.797470000000000123e-01 1.655903440232456281e-02 9.997027046621086432e-01 -1.789694585473778493e-02 -5.411959999999999688e-02 -2.917941673644571798e-01 2.195193801975373754e-02 9.562291965367194502e-01 3.190268999999999799e+00
9.536267339027599821e-01 -1.140128477975026026e-02 3.007757687901827515e-01 6.114747999999999850e-01 1.730738360961886491e-02 9.997060420156654859e-01 -1.697892899925687940e-02 -5.694289999999999768e-02 -3.004937717466769076e-01 2.139720221765792005e-02 9.535437341195801553e-01 3.295484300000000033e+00
9.524191713770615575e-01 -1.228689193844939402e-02 3.045435178754004601e-01 6.284486999999999712e-01 1.844174106605808716e-02 9.996795318351929804e-01 -1.734173625165597726e-02 -5.844819999999999877e-02 -3.042328453337738159e-01 2.213291477104630672e-02 9.523405430327187560e-01 3.348640200000000178e+00
9.500736507677327580e-01 -1.122655877090783516e-02 3.118237041904214912e-01 6.625250999999999779e-01 1.834335207351073596e-02 9.996337015684597649e-01 -1.989934981969967639e-02 -6.129160000000000164e-02 -3.114860824364057423e-01 2.462573992193746106e-02 9.499315729997175328e-01 3.455307499999999976e+00
9.488697321710489740e-01 -1.193010975557739876e-02 3.154423938706743535e-01 6.799357000000000317e-01 1.941355367167937190e-02 9.995994607082493433e-01 -2.059203937481015115e-02 -6.283930000000000071e-02 -3.150703815078125802e-01 2.566302073016316423e-02 9.487212783866105781e-01 3.508960500000000149e+00
9.467209343494196183e-01 -1.201157525690270053e-02 3.218310030503736541e-01 7.158527000000000085e-01 1.995190988214238029e-02 9.995722035154589458e-01 -2.138530456422807480e-02 -6.624770000000000658e-02 -3.214364536834873332e-01 2.666705868853345290e-02 9.465555843289318316e-01 3.615992299999999826e+00
9.439543411317583566e-01 -1.399536096341552974e-02 3.297792166435168371e-01 7.522318000000000060e-01 2.236169198564249769e-02 9.995168041398085901e-01 -2.158964968874526810e-02 -6.968549999999999744e-02 -3.293177137507898866e-01 2.775406481305380327e-02 9.438111862530056406e-01 3.723894599999999944e+00
9.428336808839109517e-01 -1.577761564221995955e-02 3.328899473332618819e-01 7.707464000000000537e-01 2.420122488732714267e-02 9.994828690275924243e-01 -2.117298359526965934e-02 -7.129560000000000064e-02 -3.323837404339275436e-01 2.801894653656551715e-02 9.427279500100400611e-01 3.777334000000000191e+00
9.419822376239361805e-01 -1.686627515300129915e-02 3.352387101208115228e-01 7.898454000000000308e-01 2.515458394248953899e-02 9.994754744510778721e-01 -2.039663887685549265e-02 -7.297309999999999908e-02 -3.347188535288719846e-01 2.764606180373357924e-02 9.419124080078049577e-01 3.830942199999999964e+00
9.409555550492403331e-01 -1.646006242911182693e-02 3.381297232820648646e-01 8.091525999999999996e-01 2.466010559041265093e-02 9.994964218433874947e-01 -1.996952464469046659e-02 -7.440099999999999492e-02 -3.376307489169872444e-01 2.712874982550693079e-02 9.408876172629010437e-01 3.885521199999999897e+00
9.389402661282171270e-01 -1.370408255050970317e-02 3.438071767205005402e-01 8.477358999999999867e-01 2.302425643659706048e-02 9.994693618924995748e-01 -2.304079542336773950e-02 -7.769189999999999430e-02 -3.433089865683892628e-01 2.954983518817796279e-02 9.387575549532142238e-01 3.993838799999999800e+00
9.377464580373533476e-01 -1.232995819133079346e-02 3.471016458753810041e-01 8.678190000000000071e-01 2.246456829663939780e-02 9.994302669652349591e-01 -2.518897864235110709e-02 -7.940350000000000186e-02 -3.465933115477620174e-01 3.141836413308673331e-02 9.374891800898593752e-01 4.048451400000000255e+00
9.366532199171005990e-01 -1.093934917964946990e-02 3.500872409249632389e-01 8.879934999999999912e-01 2.152736328636877666e-02 9.994205155570027310e-01 -2.636675394719004140e-02 -8.126379999999999715e-02 -3.495959356869932089e-01 3.223296020071166751e-02 9.363459392915820523e-01 4.102823299999999840e+00
9.341318039686206109e-01 -1.018840420280933343e-02 3.567828040056452710e-01 9.288518000000000052e-01 2.140338572840147849e-02 9.993926504405608036e-01 -2.749955135547196491e-02 -8.547040000000000193e-02 -3.562859355822114993e-01 3.332456549140824786e-02 9.337825257741316776e-01 4.211806300000000114e+00
9.327035321756987907e-01 -1.020027194946639820e-02 3.604997580014888681e-01 9.499720999999999860e-01 2.121847377042149901e-02 9.994204315404929817e-01 -2.661911700768415656e-02 -8.765950000000000131e-02 -3.600193014795582402e-01 3.247699911586312410e-02 9.323794008291899083e-01 4.267261000000000415e+00
9.297264587260233304e-01 -9.831696691515699749e-03 3.681196132847773250e-01 9.924323999999999923e-01 2.075453337061255663e-02 9.994535989651089913e-01 -2.572455753281528701e-02 -9.148480000000000500e-02 -3.676655562999287530e-01 3.155695257557410843e-02 9.294225075038837769e-01 4.377000299999999733e+00
9.282151196781629476e-01 -8.952189832688988227e-03 3.719362175132360226e-01 1.013774500000000023e+00 1.998091787106216766e-02 9.994671964285465338e-01 -2.580864553383298982e-02 -9.369280000000000663e-02 -3.715070046740486243e-01 3.138760201832355157e-02 9.278994363171343407e-01 4.431221999999999994e+00
9.255417091620081749e-01 -8.043951964731503590e-03 3.785602190382102439e-01 1.057652999999999954e+00 1.983822515925358354e-02 9.994313502581498865e-01 -2.726574671088506305e-02 -9.778159999999999630e-02 -3.781256265105545911e-01 3.274554867398733748e-02 9.251749778382681866e-01 4.540125399999999978e+00
9.243831298811889807e-01 -8.915752003947466364e-03 3.813611655075289653e-01 1.079991200000000040e+00 2.103285900669430580e-02 9.993972791328052940e-01 -2.761697492395029027e-02 -9.985729999999999607e-02 -3.808850850756186901e-01 3.354978134279994889e-02 9.240135086343645998e-01 4.594900599999999891e+00
9.223098723348485128e-01 -1.199226194767251744e-02 3.862650450753394304e-01 1.125400500000000026e+00 2.377586303870634840e-02 9.993858014725315320e-01 -2.574350698468547832e-02 -1.040576000000000001e-01 -3.857190787742295068e-01 3.292727544884754831e-02 9.220285173469828788e-01 4.703517899999999585e+00
9.202007705497243784e-01 -1.150609219426570670e-02 3.912775890874795603e-01 1.170610900000000010e+00 2.408675380879988018e-02 9.993381451161178486e-01 -2.725986072655428236e-02 -1.078109000000000012e-01 -3.907049656334657950e-01 3.450915180490430473e-02 9.198688755855686239e-01 4.811149600000000248e+00
9.178338478027513458e-01 -9.759812154850002267e-03 3.968447730464620959e-01 1.216174099999999925e+00 2.306019110282059303e-02 9.993203873223946987e-01 -2.875745239273679379e-02 -1.123148000000000063e-01 -3.962944049742531116e-01 3.554587948723693380e-02 9.174351394172677310e-01 4.919485100000000166e+00
9.153413227367777072e-01 -7.034009395812917953e-03 4.026174184040051118e-01 1.261280900000000038e+00 2.143887648504831656e-02 9.992806264070334121e-01 -3.128265114445517858e-02 -1.158382000000000023e-01 -4.021077436030608965e-01 3.726596838117125776e-02 9.148336516192813184e-01 5.026881200000000049e+00
9.129624691986844010e-01 -9.642742832536065414e-03 4.079295862588380173e-01 1.309893799999999997e+00 2.398269017078087650e-02 9.992605375279879354e-01 -3.005343094305500118e-02 -1.219128000000000017e-01 -4.073381401327569318e-01 3.722090340040418166e-02 9.125186266281057890e-01 5.135484700000000124e+00
9.105466574257350398e-01 -9.568151616531213668e-03 4.132955784005730715e-01 1.358884999999999899e+00 2.362085589241823269e-02 9.993030282062905778e-01 -2.890524147360023013e-02 -1.262554999999999927e-01 -4.127309533070312453e-01 3.608196630424399809e-02 9.101380400191437792e-01 5.245101000000000013e+00
9.074420001589843521e-01 -6.437353792508359110e-03 4.201280481277249179e-01 1.407791699999999979e+00 2.074998850446751336e-02 9.993492088253544958e-01 -2.950587733321050066e-02 -1.309936999999999907e-01 -4.196646927304301111e-01 3.549252451274884090e-02 9.069850199309719141e-01 5.354265200000000391e+00
9.043709259150471969e-01 -5.486960247752149453e-03 4.267119890825658568e-01 1.458185800000000087e+00 1.994926790250822063e-02 9.993677570474035488e-01 -2.942979585718755869e-02 -1.360748999999999986e-01 -4.262807233147121733e-01 3.512804351627580451e-02 9.039086046105571093e-01 5.462772400000000417e+00
9.006060144564116410e-01 -3.872011694343941574e-03 4.346191600129664101e-01 1.508367400000000025e+00 1.843414590479381873e-02 9.994008102237548208e-01 -2.929509837606170813e-02 -1.401451999999999976e-01 -4.342453096922272993e-01 3.439517480027138446e-02 9.001377577686431319e-01 5.570219999999999949e+00
8.970703607535366331e-01 -3.140850086950221047e-03 4.418765697774107437e-01 1.560124599999999973e+00 1.847553004521311493e-02 9.993669134482141558e-01 -3.040439268490932948e-02 -1.447477000000000069e-01 -4.415013280241273375e-01 3.543878335554206255e-02 8.965604664422868186e-01 5.677701500000000401e+00
8.932893759106883547e-01 -3.540029409931704993e-03 4.494680846032004240e-01 1.612061699999999931e+00 1.920890859797594330e-02 9.993560893336049800e-01 -3.030551999749059658e-02 -1.496955000000000091e-01 -4.490713848772458494e-01 3.570539040005745596e-02 8.927821774547316513e-01 5.784387100000000004e+00
8.898065968056014796e-01 -2.074912038300888439e-03 4.563331184795456630e-01 1.666565999999999992e+00 1.837982396262642648e-02 9.993411856001094273e-01 -3.129499695591179964e-02 -1.545860000000000012e-01 -4.559675452840220022e-01 3.623381712435193303e-02 8.892585159245102178e-01 5.890654600000000407e+00
8.861871795923603745e-01 -3.981900968948987041e-03 4.633102925586816134e-01 1.721763600000000061e+00 2.131549182890061372e-02 9.992546836326996473e-01 -3.218271346865241717e-02 -1.596539999999999904e-01 -4.628368314365546299e-01 3.839559483569428971e-02 8.856115659604855139e-01 5.997938200000000109e+00
8.827327056712924724e-01 -5.972351147167161145e-03 4.698375265557384606e-01 1.776544300000000076e+00 2.463889564982464642e-02 9.991319022461335742e-01 -3.359117049433686664e-02 -1.643353999999999926e-01 -4.692290433886167622e-01 4.122830260631023258e-02 8.821135595289338882e-01 6.104322899999999663e+00
8.797333998155970614e-01 -6.590758548233087780e-03 4.754216098902633858e-01 1.832984600000000075e+00 2.750141349492723347e-02 9.989352452705184682e-01 -3.704116645180193651e-02 -1.687616999999999867e-01 -4.746712730982062256e-01 4.566111757379526931e-02 8.789779546935406751e-01 6.210360500000000172e+00
8.766014293450374861e-01 -8.090583462596055361e-03 4.811491208861053415e-01 1.890850900000000001e+00 2.998102932843500074e-02 9.988344619607604224e-01 -3.782665039315140365e-02 -1.743843999999999950e-01 -4.802822836110496874e-01 4.758424170660859043e-02 8.758222810539603165e-01 6.316839200000000432e+00
8.728700680317011962e-01 -7.584722607601967342e-03 4.878937551530035943e-01 1.949090400000000001e+00 3.061544061680197479e-02 9.987604466501902589e-01 -3.924621004570410382e-02 -1.796995000000000120e-01 -4.869913131978560461e-01 4.919392432077548255e-02 8.720203086395117431e-01 6.423203499999999622e+00
8.694656204564260582e-01 -5.004325953380630090e-03 4.939681078430817607e-01 2.008527799999999974e+00 2.833107160375616246e-02 9.988079898480778374e-01 -3.974858233226644805e-02 -1.858225000000000016e-01 -4.931803779816316124e-01 4.855467163306167316e-02 8.685709865270083707e-01 6.530054599999999709e+00
8.680785125246952560e-01 -6.924757056563854429e-03 4.963786295083825184e-01 2.038887499999999964e+00 3.057355681245416817e-02 9.987503546243042818e-01 -3.953462737477254907e-02 -1.885947000000000040e-01 -4.954845645595310488e-01 4.949522075447332359e-02 8.672054366790592494e-01 6.582988699999999582e+00
8.668688053264939075e-01 -8.937685283738250677e-03 4.984562088424481230e-01 2.069238400000000144e+00 3.247746206662020102e-02 9.987278263897585440e-01 -3.857386748174969349e-02 -1.914795999999999998e-01 -4.974773249199692104e-01 4.962707503527877262e-02 8.660562710435819600e-01 6.636141300000000243e+00
8.647015824870669665e-01 -9.855184492938519336e-03 5.021892557422668046e-01 2.131785199999999936e+00 3.336134084338650274e-02 9.987266065628976897e-01 -3.784423708426899735e-02 -1.969584000000000057e-01 -5.011768093013614367e-01 4.947767862348750878e-02 8.639292593358194328e-01 6.744159200000000354e+00
8.631681326507457674e-01 -9.876114650875563589e-03 5.048200046904117722e-01 2.161967999999999890e+00 3.309108122027371035e-02 9.987656955745037868e-01 -3.704140503883185387e-02 -1.997490000000000099e-01 -5.038310779615503554e-01 4.867800019495778507e-02 8.624295317167205432e-01 6.797682299999999955e+00
8.615956332716622201e-01 -1.101837818099300932e-02 5.074756743622929056e-01 2.192935199999999973e+00 3.423100381666344810e-02 9.987496686589709682e-01 -3.643264650418993195e-02 -2.021555999999999909e-01 -5.064397329445103901e-01 4.876161088249964665e-02 8.608955233936558260e-01 6.851757499999999723e+00
8.602487778821336084e-01 -1.102963919183855279e-02 5.097552228389558016e-01 2.223855299999999868e+00 3.418078475639907410e-02 9.987644737347329826e-01 -3.607214935124492677e-02 -2.046065999999999996e-01 -5.087275440800628212e-01 4.845485594529883727e-02 8.595629196455534249e-01 6.905228600000000050e+00
8.589398238521643858e-01 -9.588210978302822221e-03 5.119867627302959745e-01 2.255114299999999794e+00 3.325759919291276789e-02 9.987583334749340347e-01 -3.709074561526136404e-02 -2.071057000000000037e-01 -5.109954120114351683e-01 4.888616905227914644e-02 8.581921879035346867e-01 6.958835599999999566e+00
8.570732668897010909e-01 -7.288972177926792556e-03 5.151429763353126967e-01 2.285551499999999958e+00 3.274047835517164551e-02 9.986493828531317618e-01 -4.034192861197260366e-02 -2.094495000000000107e-01 -5.141531642031288429e-01 5.144201601461947243e-02 8.561543334751403611e-01 7.012544600000000017e+00
8.553966437046401916e-01 -6.474132772543798528e-03 5.179330724559692012e-01 2.318512899999999988e+00 3.179237312029677132e-02 9.986928336885231294e-01 -4.002335506385767960e-02 -2.128375000000000128e-01 -5.169969312773690095e-01 5.070216508228485297e-02 8.544843260737742252e-01 7.067127199999999831e+00
8.527922894835729961e-01 -5.697943301438102362e-03 5.222191536505526033e-01 2.351697399999999938e+00 3.046050665554311115e-02 9.987808771504943506e-01 -3.884478050879823507e-02 -2.158608999999999944e-01 -5.213611689909917191e-01 4.903358931000965926e-02 8.519261931574377833e-01 7.122193799999999797e+00
8.496524004998117219e-01 -4.067066684404827340e-03 5.273274668491032546e-01 2.384618300000000080e+00 2.792287135735038034e-02 9.989144338162403436e-01 -3.728628660433767894e-02 -2.185450999999999921e-01 -5.266033721692906511e-01 4.640487993912444098e-02 8.488436107657092444e-01 7.176875599999999800e+00
8.465351777016077994e-01 -3.202403640673921401e-03 5.323231514077041426e-01 2.417722499999999997e+00 2.658231395291626997e-02 9.989886719241188873e-01 -3.626312110386773618e-02 -2.212667000000000106e-01 -5.316686689081987494e-01 4.484838880280297285e-02 8.457641802081574678e-01 7.231315600000000288e+00
8.439731832302405090e-01 -3.278411271544446823e-03 5.363753517899098044e-01 2.451833000000000151e+00 2.698396172535650478e-02 9.989746479631133047e-01 -3.635269641413356456e-02 -2.238669000000000076e-01 -5.357061991407411350e-01 4.515423287476240388e-02 8.431962781320090361e-01 7.285708900000000376e+00
8.409336573674441873e-01 -4.667802876579535062e-03 5.411180975747523769e-01 2.486038699999999935e+00 2.886591441831139887e-02 9.989260396101049544e-01 -3.624260439959648555e-02 -2.265388999999999875e-01 -5.403677848386306826e-01 4.609749456506637838e-02 8.401652683272589073e-01 7.340272399999999919e+00
8.383870989021894315e-01 -5.059758918154631455e-03 5.450518060093559880e-01 2.520940500000000029e+00 2.989546777159487329e-02 9.988786198147827644e-01 -3.671190384101950810e-02 -2.291161999999999921e-01 -5.442548423313181560e-01 4.707336525685076878e-02 8.375982120816084509e-01 7.394947100000000439e+00
8.355912007796476582e-01 -6.142165172032903325e-03 5.493174118727950361e-01 2.555645900000000026e+00 3.091405931251289471e-02 9.988787111485049053e-01 -3.585584124133949641e-02 -2.320953000000000044e-01 -5.484812358836435031e-01 4.694245648984694125e-02 8.348441409402415081e-01 7.449342699999999873e+00
8.333819477225641315e-01 -6.487343905858412169e-03 5.526594282007613046e-01 2.592323100000000213e+00 3.068533662924006686e-02 9.989319204720454870e-01 -3.454603273866769381e-02 -2.344549999999999967e-01 -5.518450319846102126e-01 4.574858064550204467e-02 8.326908958568157715e-01 7.503797500000000120e+00
8.312926906838984387e-01 -6.361532342607863558e-03 5.557985186394240884e-01 2.628572699999999873e+00 2.988591066515988021e-02 9.989996277312731543e-01 -3.326523916179831980e-02 -2.373029000000000110e-01 -5.550308953195655093e-01 4.426369504494074431e-02 8.306512087162276625e-01 7.558055399999999757e+00
8.256128514801480689e-01 -5.500490111994243980e-03 5.642102126684228613e-01 2.701061999999999852e+00 2.879672857759714433e-02 9.990600974021698333e-01 -3.239861419868315245e-02 -2.432689000000000101e-01 -5.635017017667712791e-01 4.299612060750094417e-02 8.249952519370387094e-01 7.666862000000000066e+00
8.227145446828257880e-01 -6.471298871167591518e-03 5.684178922749094642e-01 2.738713999999999871e+00 2.997327378073202930e-02 9.990380571343998595e-01 -3.200879966491591844e-02 -2.457818999999999976e-01 -5.676639682296171774e-01 4.337145014918759867e-02 8.221171063089252051e-01 7.722616200000000042e+00
8.204039180733402326e-01 -8.035192596652585006e-03 5.717279483196939793e-01 2.777103199999999994e+00 3.117870282997650677e-02 9.990422629011440625e-01 -3.069927405007035967e-02 -2.488995999999999986e-01 -5.709337086735657429e-01 4.301154051293684666e-02 8.198687136871073422e-01 7.777409999999999712e+00
8.172807022628352236e-01 -6.211403486891600711e-03 5.762062757168564531e-01 2.815092599999999834e+00 2.927733778421719862e-02 9.990980354287228860e-01 -3.075635047815970455e-02 -2.514441000000000037e-01 -5.754955179678080679e-01 4.200635748538044528e-02 8.167253973826054114e-01 7.833841299999999563e+00
8.135155722275375645e-01 -8.424194957647753931e-03 5.814821120916943142e-01 2.896155400000000046e+00 3.030143042774995077e-02 9.991508521067177240e-01 -2.791770134613730248e-02 -2.573741999999999974e-01 -5.807531636223209892e-01 4.033122455040795418e-02 8.130800423506471253e-01 7.947271800000000219e+00
8.120094217750604138e-01 -6.368700058289706104e-03 5.836095772073138788e-01 2.937808799999999998e+00 2.821406021079819748e-02 9.991997461953125992e-01 -2.835196659218305534e-02 -2.601785999999999821e-01 -5.829619762514134385e-01 3.948805974963002369e-02 8.115392950327520172e-01 8.004523300000000674e+00
8.102888571212494284e-01 -2.997812329746512086e-03 5.860230210037612464e-01 2.978684200000000004e+00 2.501721990537936202e-02 9.992522724598306150e-01 -2.947939436403579708e-02 -2.630109999999999948e-01 -5.854964617598855670e-01 3.854749155392701854e-02 8.097579787575759358e-01 8.061728499999999187e+00
8.078037209978242705e-01 1.642968524212133630e-03 5.894492760166032408e-01 3.019512900000000055e+00 2.081396260655471453e-02 9.992929949648918786e-01 -3.130957001795964256e-02 -2.654946000000000250e-01 -5.890839730485648573e-01 3.756076235282004849e-02 8.071984030142730360e-01 8.119019500000000278e+00
8.060280593859693310e-01 1.858014657255643853e-03 5.918744083536825462e-01 3.060101500000000030e+00 1.937590204987546527e-02 9.993762655627063118e-01 -2.952379124863362472e-02 -2.681754000000000082e-01 -5.915600915395172743e-01 3.526510472794156664e-02 8.054893112178990178e-01 8.174985899999999361e+00
8.037567030071879337e-01 4.926955608507629925e-04 5.949579141604045551e-01 3.101206299999999860e+00 2.030743822188138190e-02 9.993942532236512744e-01 -2.826189265432857770e-02 -2.707315000000000138e-01 -5.946114448308906786e-01 3.479775674701802296e-02 8.032598245907085488e-01 8.230890300000000437e+00
8.013720071244911924e-01 1.807833313829830188e-03 5.981635545032594203e-01 3.141805399999999970e+00 1.930852869125333771e-02 9.993961349224782520e-01 -2.888851366530719583e-02 -2.733518999999999810e-01 -5.978545700394398699e-01 3.470010433299878377e-02 8.008531799538760598e-01 8.286580999999999975e+00
7.994055431085084207e-01 2.833685053571563701e-03 6.007851095661475016e-01 3.183101199999999853e+00 1.789214991135591390e-02 9.994330429660073234e-01 -2.852128326805349057e-02 -2.760836999999999875e-01 -6.005253105564661853e-01 3.354940918591781118e-02 7.989016137950502028e-01 8.341805499999999540e+00
7.965698571790126303e-01 2.987033775593693485e-03 6.045391139231860445e-01 3.224274600000000213e+00 1.554704039168771507e-02 9.995558474799034476e-01 -2.542434470721545089e-02 -2.789638999999999869e-01 -6.043465497286027999e-01 2.965106065481546913e-02 7.961696191347531482e-01 8.397945399999999339e+00
7.944137482000446226e-01 3.281669102612886149e-03 6.073681151646479481e-01 3.265716799999999864e+00 1.395565115190294282e-02 9.996227809414806043e-01 -2.365450535832696113e-02 -2.815038000000000262e-01 -6.072166305954427301e-01 2.726768179955319990e-02 7.940682823646816324e-01 8.452680600000000766e+00
7.919260791084888895e-01 3.794318277640054693e-03 6.106051820748521486e-01 3.306436300000000106e+00 1.306359927813002808e-02 9.996465385670120218e-01 -2.315470373146168853e-02 -2.839414000000000105e-01 -6.104772130077877890e-01 2.631351515475064545e-02 7.915965963282338702e-01 8.507103900000000607e+00
7.895979965223534069e-01 3.604926808244547295e-03 6.136138919472022835e-01 3.347648400000000191e+00 1.377312086377280136e-02 9.996266961955311281e-01 -2.359596141036070932e-02 -2.862361999999999962e-01 -6.134698892607179932e-01 2.708270215311842088e-02 7.892535854936155726e-01 8.560947399999999874e+00
7.874589206231010774e-01 2.974580996257511489e-03 6.163599599252023165e-01 3.389546199999999843e+00 1.399091061147887671e-02 9.996444403727482442e-01 -2.269905839713295959e-02 -2.886695000000000233e-01 -6.162083273953395945e-01 2.649801312837526956e-02 7.871373149259830448e-01 8.615326899999999455e+00
7.851736331515428713e-01 2.828743328162086797e-03 6.192692177193935832e-01 3.431055499999999814e+00 1.381124890616865913e-02 9.996608557559575337e-01 -2.207765551226916617e-02 -2.909279000000000170e-01 -6.191216481494231649e-01 2.588767429588746671e-02 7.848682775550888113e-01 8.668915699999999447e+00
7.825610648581102780e-01 5.984052403558261582e-03 6.225450753840816587e-01 3.472650799999999816e+00 1.015991836585140341e-02 9.996978942936149970e-01 -2.238071052740391725e-02 -2.932586999999999833e-01 -6.224909283089511414e-01 2.383927980757140352e-02 7.822638512109048037e-01 8.722668600000000438e+00
7.800833994587451636e-01 1.581280947201469528e-02 6.254756949278601486e-01 3.514891899999999847e+00 3.880494359283078940e-04 9.996681624238882291e-01 -2.575683314543993074e-02 -2.956373999999999946e-01 -6.256754264844697211e-01 2.033519344999008827e-02 7.798184023225076533e-01 8.776542700000000252e+00
7.768795030257643619e-01 2.776416157660376721e-02 6.290368742056299256e-01 3.556046999999999958e+00 -7.169244944345952095e-03 9.993526421099764301e-01 -3.525476754620965325e-02 -2.982556000000000096e-01 -6.296084812844956469e-01 2.287898686038230406e-02 7.765756320249002087e-01 8.829940799999999257e+00
7.745749244153398161e-01 2.311783465018081574e-02 6.320595321550475099e-01 3.597830999999999779e+00 2.879404854189778276e-03 9.991925449154568373e-01 -4.007452074645819623e-02 -3.018655000000000088e-01 -6.324756086163767499e-01 3.286067416319298634e-02 7.738829243489510068e-01 8.882407199999999392e+00
7.734881196450994478e-01 1.464361517156962875e-02 6.336416126664938808e-01 3.640174399999999810e+00 1.049542926675183646e-02 9.993000621605817591e-01 -3.590587320152537759e-02 -3.050043000000000060e-01 -6.337238947147210144e-01 3.442310707307497802e-02 7.727930350145766347e-01 8.934747700000000847e+00
7.688135818029799839e-01 7.579125884182346187e-03 6.394280516884635057e-01 3.725736400000000170e+00 3.523396280268101949e-03 9.998643764402297407e-01 -1.608770973267546409e-02 -3.099083999999999728e-01 -6.394632609571285764e-01 1.462140816140309642e-02 7.686826083042681557e-01 9.040180199999999999e+00
7.659415974779695269e-01 9.824678814922830489e-03 6.428350837804979179e-01 3.768533899999999992e+00 -2.056983760485839308e-03 9.999155615106463113e-01 -1.283115998878651270e-02 -3.113697000000000270e-01 -6.429068657828327371e-01 8.505617851299510090e-03 7.658971317313196803e-01 9.092250800000000410e+00
7.610352042697314801e-01 7.692015325669218119e-03 6.486649757481575129e-01 3.853344700000000067e+00 2.620532571051123992e-03 9.998850870766475829e-01 -1.493135796801121039e-02 -3.150159000000000153e-01 -6.487052879938410843e-01 1.306313675785802757e-02 7.609275943129367725e-01 9.193184900000000326e+00
