9.999999955966399900e-01 1.640169087839596352e-05 9.239969964562169181e-05 2.300000000000000002e-06 -1.639830903840454139e-05 9.999999991957400081e-01 -3.660075758715961985e-05 6.990000000000000499e-05 -9.240029988562015748e-05 3.659924222716345719e-05 9.999999950613399635e-01 8.415999999999999653e-04
9.999981751763453719e-01 -2.694340453277460417e-04 1.891308878683311406e-03 -3.272999999999999868e-04 2.681656725192501462e-04 9.999997390211065040e-01 6.708538521972048484e-04 -2.510599999999999984e-03 -1.891489135958834139e-03 -6.703454438898328021e-04 9.999979864508899974e-01 1.483567000000000080e-01
9.999959363265085166e-01 -4.457038616827771992e-04 2.815790925689010561e-03 8.350200000000000330e-03 4.430951194038027213e-04 9.999994721458644875e-01 9.270246531532032146e-04 -8.268299999999999261e-03 -2.816202617829911218e-03 -9.257732228112598542e-04 9.999956059637238326e-01 2.436643000000000003e-01
9.999960626775908912e-01 -2.512796678911900523e-03 1.249192605712863644e-03 -9.187000000000000504e-04 2.511197405995704238e-03 9.999960275189301306e-01 1.280169499453960667e-03 -1.028349999999999924e-02 -1.252404448985556997e-03 -1.277027489782847983e-03 9.999984003406637845e-01 5.899081000000000463e-01
9.999971004087260251e-01 -2.305492361647163303e-03 -6.956141966516686884e-04 -1.479400000000000073e-03 2.306103748540577498e-03 9.999969542672924039e-01 8.793984532599300082e-04 -1.153810000000000079e-02 6.935846315799230367e-04 -8.810000618702849926e-04 9.999993713894272940e-01 6.633963999999999972e-01
9.999961947599140810e-01 -1.768272081690149640e-04 -2.753034295180615751e-03 -2.770100000000000166e-03 1.779724562309901439e-04 9.999998977366144626e-01 4.157554153986291971e-04 -1.378290000000000071e-02 2.752960496776622051e-03 -4.162437976250580761e-04 9.999961239672903179e-01 8.100450999999999624e-01
9.999947831890083627e-01 -6.844882024514285833e-04 -3.156750016825426736e-03 -3.409800000000000157e-03 6.859099350073723711e-04 9.999996638204198263e-01 4.493179367552543337e-04 -1.500160000000000035e-02 3.156441402763672955e-03 -4.514808389473783990e-04 9.999949165084405234e-01 8.830835000000000212e-01
9.999915480556729186e-01 -1.282896016826310043e-03 -3.906148362362659322e-03 -3.544799999999999861e-03 1.287498140309950708e-03 9.999984798171591693e-01 1.175887711231422524e-03 -1.661889999999999895e-02 3.904633882641971466e-03 -1.180906931446269086e-03 9.999916796119164841e-01 9.563070999999999655e-01
9.999898243477784998e-01 -1.589536081389899711e-03 -4.221916146134207203e-03 -4.387399999999999634e-03 1.594455234655248405e-03 9.999980536894732541e-01 1.162036905611761551e-03 -1.762829999999999953e-02 4.220060829384993280e-03 -1.168756737427820809e-03 9.999904125011824796e-01 1.029013900000000037e+00
9.999866724273707153e-01 -1.367025273237814547e-03 -4.978575050819482144e-03 -4.851799999999999863e-03 1.366965530041628360e-03 9.999990655835596653e-01 -1.540283251678128788e-05 -1.881820000000000020e-02 4.978591454818434743e-03 8.597086751216745709e-06 9.999876066998111268e-01 1.102315300000000109e+00
9.999847437271062178e-01 -1.382676251997495571e-03 -5.347945345248245573e-03 -5.727600000000000226e-03 1.379313177831986183e-03 9.999988487246959101e-01 -6.324906640527924468e-04 -2.022490000000000052e-02 5.348813718111637867e-03 6.251045231135928318e-04 9.999854996129413642e-01 1.175261600000000017e+00
9.999807352087374257e-01 -5.824733605574582574e-04 -6.179800658368731110e-03 -6.343500000000000180e-03 5.831210035746839816e-04 9.999998246805661406e-01 1.029986996180744165e-04 -2.167029999999999998e-02 6.179739580930878988e-03 -1.066002869314254401e-04 9.999808995451316962e-01 1.247930200000000101e+00
9.999757369774232574e-01 -6.742043108918726550e-04 -6.933318469988388431e-03 -7.307300000000000080e-03 6.733875563187973531e-04 9.999997660583447301e-01 -1.201351516867521762e-04 -2.304259999999999989e-02 6.933397843633546699e-03 1.154634264631690751e-04 9.999759570422375177e-01 1.320809499999999970e+00
9.999698736842314029e-01 -6.783956893960308614e-04 -7.732496571667956189e-03 -8.259499999999999481e-03 6.727940490446863856e-04 9.999995094046372213e-01 -7.270066384680382975e-04 -2.443750000000000089e-02 7.732985976310694995e-03 7.217823587588052380e-04 9.999698395242312410e-01 1.393795700000000082e+00
9.999629161205705330e-01 8.996730529461119353e-05 -8.611520744253906012e-03 -9.020399999999999599e-03 -9.003103113830481755e-05 9.999999959226197888e-01 -7.012409586447534752e-06 -2.579580000000000067e-02 8.611520078253866173e-03 7.787453631370003067e-06 9.999629201431907699e-01 1.466773499999999952e+00
9.999573500861118625e-01 -1.844580926460384716e-03 -9.049614907112122492e-03 -1.010160000000000051e-02 1.859378352833444391e-03 9.999969477814008023e-01 1.627003387632061345e-03 -2.699309999999999904e-02 9.046586146293073699e-03 -1.643760654137446002e-03 9.999577277715341328e-01 1.539498999999999951e+00
9.999458011256947554e-01 -1.943781314636475188e-03 -1.022822200059496020e-02 -1.071530000000000052e-02 1.960164649199327459e-03 9.999968116458126666e-01 1.591996468961998611e-03 -2.813119999999999857e-02 1.022509489641117847e-02 -1.611959183735211989e-03 9.999464230757313388e-01 1.612104100000000040e+00
9.999228515383211668e-01 -2.863712166470683187e-03 -1.208677476004756460e-02 -1.259680000000000001e-02 2.863777436272340379e-03 9.999958993100959148e-01 -1.190747982233520460e-05 -3.109390000000000071e-02 1.208675929552717118e-02 -2.270727165654580764e-05 9.999269521990652443e-01 1.757691499999999962e+00
9.999140901889397304e-01 -2.357915747331137436e-03 -1.289389293244201651e-02 -1.375260000000000024e-02 2.357583076956343976e-03 9.999972200566363822e-01 -4.100041950319516888e-05 -3.245399999999999674e-02 1.289395376368472276e-02 1.059847339128994443e-05 9.999168694666633606e-01 1.831011500000000014e+00
9.999039310075277243e-01 -2.933875814384393106e-03 -1.354699702513420707e-02 -1.483319999999999951e-02 2.942382954148672729e-03 9.999954862980806602e-01 6.080838892942893974e-04 -3.379769999999999996e-02 1.354515183541181618e-02 -6.478859244143640207e-04 9.999080503254209606e-01 1.903274099999999969e+00
9.998960275344040971e-01 -3.621308449963465525e-03 -1.395780233519666388e-02 -1.630650000000000155e-02 3.634901983236075735e-03 9.999929437445499447e-01 9.486562505123162731e-04 -3.503629999999999939e-02 1.395426846848177305e-02 -9.992928597727709222e-04 9.999021351138770441e-01 1.975858200000000009e+00
9.998835765746051374e-01 -4.273037809615863429e-03 -1.464835978030631924e-02 -1.743060000000000095e-02 4.283911889260861618e-03 9.999905712135577218e-01 7.110435342891298274e-04 -3.619920000000000082e-02 1.464518334814391906e-02 -7.737130347862878742e-04 9.998924542033703622e-01 2.048163900000000037e+00
9.998769544521520780e-01 -4.161832826208031536e-03 -1.512465216180823233e-02 -1.878420000000000090e-02 4.174309630036652369e-03 9.999909727427275241e-01 7.934558375667239696e-04 -3.758809999999999929e-02 1.512121339713107943e-02 -8.564931875284881270e-04 9.998853010844883649e-01 2.119981500000000185e+00
9.998732919074878600e-01 -4.754860070382302926e-03 -1.519182134553798309e-02 -2.019119999999999943e-02 4.770836701516957025e-03 9.999881037742562873e-01 1.015592011936509997e-03 -3.830580000000000096e-02 1.518681162229644326e-02 -1.087941027048088417e-03 9.998840818500265293e-01 2.193367199999999961e+00
9.998794225585873052e-01 -4.390333627666933788e-03 -1.489514399203888985e-02 -2.171220000000000094e-02 4.428192937658177730e-03 9.999870461898116014e-01 2.509693184919656317e-03 -3.969929999999999987e-02 1.488393265278601003e-02 -2.575349143967636638e-03 9.998859115547003018e-01 2.265781899999999904e+00
9.998792775768859942e-01 -3.698564387754565540e-03 -1.509141788548360591e-02 -2.304559999999999942e-02 3.752798699142306880e-03 9.999865964755740855e-01 3.566983476430891399e-03 -4.118030000000000301e-02 1.507802288923771813e-02 -3.623187914951264861e-03 9.998797556381889828e-01 2.338488599999999806e+00
9.998834619187927375e-01 -3.489196649899186081e-03 -1.486230426376137712e-02 -2.457849999999999965e-02 3.536189974857043092e-03 9.999888278332572655e-01 3.136808749357054317e-03 -4.245650000000000118e-02 1.485119327704033029e-02 -3.188999123025077626e-03 9.998846295162464592e-01 2.410396800000000006e+00
9.998878146429756031e-01 -2.345619315965369062e-03 -1.479378918732194084e-02 -2.610229999999999842e-02 2.395840920287058574e-03 9.999914246037947541e-01 3.377967607547130609e-03 -4.375389999999999835e-02 1.478573889864931434e-02 -3.413032214546147212e-03 9.998848599395449011e-01 2.482577599999999940e+00
9.999194522601525525e-01 6.415173914692083720e-04 -1.267586080678208098e-02 -2.875180000000000097e-02 -5.392492620708029928e-04 9.999672939207561173e-01 8.069714928891334044e-03 -4.547860000000000097e-02 1.268062309154513283e-02 -8.062229483006430608e-03 9.998870947530893449e-01 2.627798999999999996e+00
9.999552044976269816e-01 1.461304472865267634e-03 -9.351662277182627714e-03 -3.073559999999999834e-02 -1.329795514523772699e-03 9.999003614201047441e-01 1.405342932644314084e-02 -4.646959999999999980e-02 9.371266829967497131e-03 -1.404036399746686099e-02 9.998575136172254130e-01 2.773016500000000217e+00
9.999654149063451625e-01 5.772540978083855493e-04 -8.296732422314151770e-03 -3.111140000000000086e-02 -4.495066759428074390e-04 9.998814513824720862e-01 1.539094295452636540e-02 -4.675979999999999720e-02 8.304633341045123199e-03 -1.538668122071050470e-02 9.998471298684029618e-01 2.845622999999999791e+00
9.999768782432798542e-01 -6.758179300783734734e-04 -6.766553698150057534e-03 -3.151749999999999691e-02 7.685397914856757686e-04 9.999057215114268704e-01 1.370975693809604878e-02 -4.663640000000000146e-02 6.756650458138765102e-03 -1.371464031019968902e-02 9.998831213275620744e-01 2.917791799999999824e+00
9.999836600951000909e-01 -4.986081617334177493e-05 -5.716384933364842581e-03 -3.231429999999999719e-02 1.193353594300122783e-04 9.999261317093350865e-01 1.215388348954522975e-02 -4.715500000000000247e-02 5.715356671230568085e-03 -1.215436706309550897e-02 9.999097989615944870e-01 2.989560099999999832e+00
9.999873537862322692e-01 2.822038628271993587e-04 -5.021217839183639807e-03 -3.286920000000000119e-02 -2.233858706033453460e-04 9.999314036544519890e-01 1.171059709793370422e-02 -4.751380000000000187e-02 5.024178177726722032e-03 -1.170932733410096245e-02 9.999188213485239451e-01 3.061209199999999964e+00
9.999874172243736759e-01 -1.245044667902900956e-04 -5.014966756042131719e-03 -3.351470000000000143e-02 1.810897177762440136e-04 9.999363127090937775e-01 1.128440216651100531e-02 -4.815400000000000236e-02 5.013242407920666215e-03 -1.128516833632497648e-02 9.999237532813091134e-01 3.133150800000000125e+00
9.999831337964906197e-01 -7.502870383430972328e-04 -5.759270084826417085e-03 -3.415449999999999736e-02 8.088862219340459906e-04 9.999478636200144210e-01 1.017918193416517993e-02 -4.852290000000000075e-02 5.751332509066694673e-03 -1.018366884423113107e-02 9.999316051926957494e-01 3.204829199999999823e+00
9.999728283520403771e-01 -7.743092503641587016e-04 -7.330961929078839458e-03 -3.514830000000000038e-02 8.520568608046168385e-04 9.999433684443159720e-01 1.060819981622729453e-02 -4.903600000000000320e-02 7.322332738052719607e-03 -1.061415797036437299e-02 9.999168580906381276e-01 3.276677100000000120e+00
9.999616584997323976e-01 -7.654946653959114654e-04 -8.723276241284994015e-03 -3.591180000000000067e-02 8.660625325384159424e-04 9.999331437388186972e-01 1.153074101229506487e-02 -4.933019999999999766e-02 8.713866314917276951e-03 -1.153785380909901764e-02 9.998954677681689551e-01 3.348872399999999860e+00
9.999498941535344132e-01 -1.194670322827220358e-03 -9.938910662388843881e-03 -3.692030000000000312e-02 1.315251851957733448e-03 9.999255081266809064e-01 1.213459147086382722e-02 -5.010420000000000151e-02 9.923673458004978604e-03 -1.214705562754181400e-02 9.998769773050483201e-01 3.420553700000000141e+00
9.999424077489894591e-01 -1.644738759139704738e-06 -1.073224964527448588e-02 -3.816989999999999966e-02 1.307509613914701295e-04 9.999276397630380009e-01 1.202905408193443750e-02 -5.063240000000000102e-02 1.073145327249553499e-02 -1.202976455359134299e-02 9.998700518944676485e-01 3.492223500000000147e+00
9.999363248179257146e-01 4.565014242469458950e-04 -1.127554504534339017e-02 -3.923499999999999904e-02 -3.246727995189306322e-04 9.999316096928053677e-01 1.169061695243182701e-02 -5.090929999999999761e-02 1.128011069064306302e-02 -1.168621168749284754e-02 9.998680870790916941e-01 3.564148700000000058e+00
9.999365923281907653e-01 -4.989979446498584922e-04 -1.124999218386064578e-02 -4.054109999999999658e-02 6.249665764832856071e-04 9.999371220820764128e-01 1.119648601092946075e-02 -5.156970000000000304e-02 1.124369778426871289e-02 -1.120280693691967297e-02 9.998740302542465930e-01 3.636079800000000084e+00
9.999286738430348542e-01 -1.542341112990403516e-03 -1.184349654454597625e-02 -4.124429999999999763e-02 1.664359043362334794e-03 9.999455726919437293e-01 1.029959041687031687e-02 -5.215349999999999847e-02 1.182696645316418452e-02 -1.031856761724651156e-02 9.998768174264487385e-01 3.707505900000000132e+00
9.999246458182809993e-01 -2.166284729702390617e-03 -1.208345545177516925e-02 -4.261550000000000060e-02 2.307554113360282821e-03 9.999290131382935209e-01 1.168947724631871909e-02 -5.298329999999999707e-02 1.205727494913717487e-02 -1.171647962265745177e-02 9.998586631249701817e-01 3.778769500000000114e+00
9.999213085554168323e-01 -2.543580473527478226e-03 -1.228441676261213256e-02 -4.400020000000000320e-02 2.707399344625510077e-03 9.999073884478197893e-01 1.333733542539383005e-02 -5.356969999999999787e-02 1.224935449775120186e-02 -1.336954471309451803e-02 9.998355907790805741e-01 3.849414100000000172e+00
9.999201557402588314e-01 -2.253149856683219778e-04 -1.263453115606848372e-02 -4.631709999999999994e-02 3.602649577771663389e-04 9.999429045749108624e-01 1.067978461630968677e-02 -5.454060000000000158e-02 1.263140346662356382e-02 -1.068348367564627734e-02 9.998631460470055465e-01 3.990086300000000197e+00
9.999148189907665074e-01 2.326400798263222186e-03 -1.284299894838857904e-02 -4.769910000000000122e-02 -2.185835492295438477e-03 9.999376786077599499e-01 1.094810594234466548e-02 -5.510990000000000333e-02 1.286766823721731921e-02 -1.091910068870239996e-02 9.998575880365597746e-01 4.060940699999999737e+00
9.999096712697863598e-01 4.032618354894482691e-03 -1.282136070593189146e-02 -4.901459999999999845e-02 -3.890280804440303299e-03 9.999307452891197379e-01 1.110722021066556063e-02 -5.562559999999999727e-02 1.286526394639649594e-02 -1.105633821612663457e-02 9.998561108323738011e-01 4.130924699999999561e+00
9.999073968327555351e-01 5.698479155044084560e-03 -1.235819948300646322e-02 -5.054560000000000303e-02 -5.557077803869011831e-03 9.999190482070816621e-01 1.144621854262331019e-02 -5.604579999999999979e-02 1.242242510237029189e-02 -1.137648311049048976e-02 9.998581194282579743e-01 4.201219599999999943e+00
9.999144089742610930e-01 6.264552139485668296e-03 -1.148608341192495358e-02 -5.153420000000000223e-02 -6.122949370750792840e-03 9.999053319917939886e-01 1.232219726280035441e-02 -5.641050000000000231e-02 1.156218909451210003e-02 -1.225081388609783675e-02 9.998581066043675802e-01 4.271885400000000388e+00
9.999264885684986393e-01 7.880102451603166261e-03 -9.215283198278880622e-03 -5.286069999999999658e-02 -7.758876020170853323e-03 9.998838586114694449e-01 1.311751238393649849e-02 -5.682999999999999857e-02 9.317580263988121947e-03 -1.304504785699720990e-02 9.998714964556359996e-01 4.341976200000000397e+00
9.999565018588726373e-01 6.712089830653249385e-03 -6.476282905456015593e-03 -5.369340000000000224e-02 -6.641568797276090237e-03 9.999190817173407853e-01 1.084986550427895907e-02 -5.731039999999999746e-02 6.548584127680516856e-03 -1.080638087683083448e-02 9.999201659023921884e-01 4.411976300000000073e+00
9.999834488660865883e-01 4.071722433905329910e-03 -4.064857968989989655e-03 -5.423080000000000261e-02 -4.048210235555779746e-03 9.999751255949195228e-01 5.775827673483452038e-03 -5.785330000000000333e-02 4.088274425178767442e-03 -5.759276677350022230e-03 9.999750580611389550e-01 4.481088599999999644e+00
9.999861652825166036e-01 5.077562513677680994e-03 -1.373900464791691844e-03 -5.490330000000000210e-02 -5.069964308763668867e-03 9.999721404645953715e-01 5.478481227820519717e-03 -5.869889999999999830e-02 1.401679519477318876e-03 -5.471439808260206844e-03 9.999840491932605602e-01 4.550122700000000187e+00
9.999881506999166447e-01 4.646397067325834171e-03 1.452395969961272747e-03 -5.502110000000000334e-02 -4.659084247707619142e-03 9.999499170632834000e-01 8.857556045853330617e-03 -5.939900000000000041e-02 -1.411167507270694697e-03 -8.864217925198817488e-03 9.999597163120327314e-01 4.619853499999999613e+00
9.999804040247697312e-01 4.302063134206409074e-03 4.547946706756044941e-03 -5.487369999999999748e-02 -4.348580211363380250e-03 9.999378247603386560e-01 1.026822592795485940e-02 -6.026279999999999831e-02 -4.503489380861229116e-03 -1.028780182310525156e-02 9.999369378701062905e-01 4.688883800000000157e+00
9.999502419065454673e-01 4.688049894867854853e-03 8.805447133704709731e-03 -5.490010000000000029e-02 -4.762548279399619888e-03 9.999528834825274215e-01 8.458661174522727130e-03 -6.085659999999999681e-02 -8.765377626071034836e-03 -8.500176654765474391e-03 9.999254547974614216e-01 4.757557900000000117e+00
9.998747836234708197e-01 2.716428350363587433e-03 1.558967898754529124e-02 -5.359850000000000031e-02 -2.745798509316190166e-03 9.999944951678915173e-01 1.862853848228136202e-03 -6.250360000000000638e-02 -1.558453285997393051e-02 -1.905426705743977359e-03 9.998767382455726604e-01 4.894082100000000324e+00
9.998146315492529856e-01 2.474014536296208471e-03 1.909402503679023116e-02 -5.281469999999999915e-02 -2.484955513241312360e-03 9.999967616273177651e-01 5.493004409662213990e-04 -6.348789999999999989e-02 -1.909260422594541429e-02 -5.966464207796244069e-04 9.998175415929247967e-01 4.961938400000000193e+00
9.997411580441045720e-01 2.042895721790777622e-03 2.265929146514976400e-02 -5.119279999999999664e-02 -2.099233071915227941e-03 9.999947639726471937e-01 2.462772380766700513e-03 -6.481739999999999724e-02 -2.265414163331944120e-02 -2.509702045976546295e-03 9.997402118863168985e-01 5.029478499999999741e+00
9.996408214108921664e-01 3.414995610120204455e-03 2.658130873263261917e-02 -5.015000000000000013e-02 -3.490777082415859756e-03 9.999899730344595783e-01 2.805050071145328248e-03 -6.581950000000000300e-02 -2.657146296908680788e-02 -2.896831980562892053e-03 9.996427190352354941e-01 5.096923399999999660e+00
9.995310912286098359e-01 2.932298724960174206e-03 3.047948968621221402e-02 -4.863259999999999805e-02 -2.962609630565797222e-03 9.999951608214904253e-01 9.493565075569050833e-04 -6.716650000000000398e-02 -3.047655839364410077e-02 -1.039210175642438574e-03 9.995349415756757949e-01 5.163785899999999707e+00
9.992139367312041776e-01 9.449449165830390391e-04 3.963099445173901697e-02 -4.124490000000000101e-02 -9.266871917825602505e-04 9.999994558757782093e-01 -4.790605347868651391e-04 -7.065130000000000021e-02 -3.963142557337209076e-02 4.419584279409072649e-04 9.992142687030496351e-01 5.365725000000000300e+00
9.989741915799427163e-01 -2.861146428165929970e-04 4.528225585823995869e-02 -3.607960000000000333e-02 1.709677259762120392e-04 9.999967424805548122e-01 2.546723054395885668e-03 -7.269249999999999323e-02 -4.528283700516803900e-02 -2.536368800131975649e-03 9.989709863184581540e-01 5.499918899999999944e+00
9.985156695004904215e-01 -3.780852228095053173e-03 5.433381008558774844e-02 -9.835099999999999398e-03 3.933876163761216606e-03 9.999885910282948487e-01 -2.709692154832766056e-03 -8.134500000000000064e-02 -5.432294524706478972e-02 2.919412556505088241e-03 9.985191508679287509e-01 6.033897900000000369e+00
9.986204662392736964e-01 -3.531809944811390919e-03 5.238979601572566619e-02 -6.493999999999999773e-03 3.634113810503624732e-03 9.999916712130846319e-01 -1.857611712471001798e-03 -8.250290000000000401e-02 -5.238279894075840298e-02 2.045439555629543701e-03 9.986249839414976792e-01 6.102136599999999689e+00
9.992482299843737925e-01 -1.465706177499442875e-03 3.874050307491342521e-02 4.790299999999999940e-03 1.517332415665800967e-03 9.999979996214284350e-01 -1.303248050809298515e-03 -8.750220000000000220e-02 -3.873851540052233172e-02 1.361050529116543482e-03 9.992484550731217663e-01 6.377307400000000293e+00
9.998660471228136837e-01 1.158382975680524122e-03 1.632623532480767178e-02 1.165850000000000046e-02 -1.174738562374876092e-03 9.999988177206337037e-01 9.922432388105670992e-04 -9.334670000000000467e-02 -1.632506662496094677e-02 -1.011289383188318167e-03 9.998662257989685553e-01 6.725396599999999836e+00
9.999755734364894622e-01 2.589220642625790839e-03 6.492185058055478103e-03 1.247239999999999981e-02 -2.590347653802289006e-03 9.999966313995702905e-01 1.651924467951659012e-04 -9.566829999999999778e-02 -6.491735468784853164e-03 -1.820054280445570507e-04 9.999789118999597992e-01 6.865034600000000431e+00
9.999698936771963531e-01 7.758939160167600824e-03 -1.029675937717368486e-04 1.118989999999999915e-02 -7.758943621687362097e-03 9.999698980193361120e-01 -4.300085959131180117e-05 -9.925620000000000276e-02 1.026308531898162396e-04 4.379848474848782678e-05 9.999999937743002665e-01 7.075917200000000129e+00
9.999359990752797467e-01 1.110354411127762939e-02 -2.170037209589783557e-03 9.822700000000000181e-03 -1.110129912053876150e-02 9.999378338227240537e-01 1.043861942345843379e-03 -1.015245000000000036e-01 2.181492873794837854e-03 -1.019704902049897634e-03 9.999971006411739749e-01 7.217573599999999701e+00
9.998815582570180771e-01 1.462423958914590982e-02 -4.795943489729004305e-03 6.881100000000000237e-03 -1.459435679645106759e-02 9.998742263699716970e-01 6.207752471592156360e-03 -1.050055000000000016e-01 4.886123945961566920e-03 -6.137023504104699087e-03 9.999692308942784713e-01 7.500557399999999930e+00
9.998846768639382265e-01 1.412934604257622649e-02 -5.567275195905816744e-03 6.466999999999999658e-03 -1.410336335580037077e-02 9.998895950396616827e-01 4.678982098241678614e-03 -1.056929000000000063e-01 5.632771498301695871e-03 -4.599925198362938422e-03 9.999735559370644955e-01 7.571990999999999694e+00
9.999324279113289693e-01 9.282638419637336338e-03 -6.998016527939584543e-03 4.946299999999999829e-03 -9.228511921371808716e-03 9.999275570309834604e-01 7.727564801833368933e-03 -1.070500000000000063e-01 7.069241760764808334e-03 -7.662461355185320143e-03 9.999456547767524572e-01 7.715133699999999983e+00
9.999652609863431962e-01 3.771405234401357075e-03 -7.433257904335592928e-03 3.500000000000000073e-03 -3.693227726576848481e-03 9.999380208313096707e-01 1.050307407014363856e-02 -1.083317000000000030e-01 7.472408545715465700e-03 -1.047525648951899008e-02 9.999172126291279161e-01 7.858626400000000345e+00
9.999725146839245626e-01 -4.419286411742290137e-04 -7.400984784771722641e-03 3.099800000000000211e-03 5.076554333241597343e-04 9.999604316641594881e-01 8.881294499622089875e-03 -1.089519000000000043e-01 7.396767041710121740e-03 -8.884807544573545754e-03 9.999331717831080324e-01 7.930963000000000207e+00
9.999694377452619243e-01 -2.925167900464743353e-03 -7.250308143708721585e-03 2.498999999999999919e-03 2.981142742449407069e-03 9.999657443009885016e-01 7.721593910528234961e-03 -1.094080000000000052e-01 7.227472820687710041e-03 -7.742972124711297588e-03 9.999439034362388457e-01 8.003075600000000733e+00
9.999686977558858159e-01 -4.473267716296258807e-03 -6.526360726788982443e-03 8.871000000000000413e-04 4.523794483948208149e-03 9.999597523162530033e-01 7.747840414259441616e-03 -1.106620999999999994e-01 6.491439891490309415e-03 -7.777121804123541746e-03 9.999486874758019006e-01 8.146786699999999826e+00
9.999847762700413423e-01 -1.715909186253938325e-03 -5.244319195090162665e-03 -5.320000000000000293e-04 1.776019990074414589e-03 9.999325369095448668e-01 1.147899745781128487e-02 -1.122357999999999967e-01 5.224268479923085441e-03 -1.148813672037860174e-02 9.999203616956420237e-01 8.289708100000000357e+00
9.999893785275321134e-01 -1.511650486018399370e-03 -4.354049256503487314e-03 -1.512399999999999899e-03 1.546317089913329564e-03 9.999670467150998387e-01 7.969591416045283122e-03 -1.133329000000000003e-01 4.341858539540435422e-03 -7.976239508025135400e-03 9.999587630836249685e-01 8.432921399999999679e+00
9.999919134633505902e-01 -2.564536465218957614e-03 -3.097767038558218219e-03 -2.621099999999999906e-03 2.567852089908170560e-03 9.999961340029622781e-01 1.066824621871296066e-03 -1.147977000000000025e-01 3.095019151955241427e-03 -1.074770602518903108e-03 9.999946328478973578e-01 8.574796700000000271e+00
9.999923780497013137e-01 -2.877368750599386404e-03 -2.639051264433568689e-03 -3.445199999999999825e-03 2.869013387673476773e-03 9.999908776638637420e-01 -3.164387971909540537e-03 -1.178633000000000042e-01 2.648132301185998974e-03 3.156792379693276664e-03 9.999915109925618939e-01 8.715909999999999158e+00
9.999901526481030922e-01 -3.437425364082453451e-03 -2.806904645674135508e-03 -3.674699999999999928e-03 3.429751382935735185e-03 9.999903803832063121e-01 -2.734217712943316520e-03 -1.195010999999999990e-01 2.816276313644462334e-03 2.724563803049064471e-03 9.999923226404332510e-01 8.786590600000000251e+00
9.999932656212116022e-01 -1.724311038122725969e-03 -3.239670302464915143e-03 -4.789599999999999760e-03 1.720082442252359248e-03 9.999976657620431864e-01 -1.307588183150131065e-03 -1.222555000000000031e-01 3.241917429041052227e-03 1.302006877350050332e-03 9.999938973561161015e-01 8.927213699999999363e+00
9.999940002154987795e-01 -1.016479171410187513e-03 -3.311540894984760317e-03 -5.470400000000000262e-03 1.013517581009575324e-03 9.999990850906798068e-01 -8.958794094652501507e-04 -1.235215999999999953e-01 3.312448507984947898e-03 8.925177294645549562e-04 9.999941155311787844e-01 8.997444200000000336e+00
9.999918918548873492e-01 -1.106746917499550542e-03 -3.871864633991487382e-03 -5.947299999999999982e-03 1.101648251765625702e-03 9.999985236532338284e-01 -1.318735182721738263e-03 -1.250368000000000035e-01 3.873318423875131335e-03 1.314459057320401707e-03 9.999916347658983629e-01 9.067011799999999511e+00
9.999901102910455641e-01 -7.209520310826674373e-04 -4.388570185329294070e-03 -6.681900000000000166e-03 7.158441133090216561e-04 9.999990647355780915e-01 -1.165373405647144277e-03 -1.261020999999999948e-01 4.389406259179507060e-03 1.162220348310327462e-03 9.999896911251404674e-01 9.137014399999999981e+00
9.999853803784678474e-01 -1.111353473218866690e-03 -5.291873277837549731e-03 -7.355800000000000012e-03 1.112238262075511235e-03 9.999993679725338591e-01 1.642576672724804169e-04 -1.274734999999999896e-01 5.291687384899264150e-03 -1.701410898252170170e-04 9.999859844500972317e-01 9.207248699999999175e+00
9.999761909379902836e-01 -5.229766238058445465e-05 -6.900349418880473776e-03 -8.611600000000000504e-03 4.970173174469336640e-05 9.999999279362756788e-01 -3.763737256020325563e-04 -1.301132000000000122e-01 6.900368605081625903e-03 3.760218051808990433e-04 9.999761214752660443e-01 9.346491800000000794e+00
9.999670649882733686e-01 9.809490832302825321e-04 -8.056468062027167046e-03 -1.051309999999999918e-02 -9.962337791653125794e-04 9.999977112715658922e-01 -1.893401670862149104e-03 -1.323413999999999979e-01 8.054592292326417588e-03 1.901365437280074042e-03 9.999657535898308636e-01 9.486754400000000587e+00
9.999540277278733402e-01 6.270447935041305624e-04 -9.568136998944938576e-03 -1.224150000000000064e-02 -6.645378655309427994e-04 9.999921121908847965e-01 -3.915858199458143937e-03 -1.350858000000000059e-01 9.565606108810631447e-03 3.922036567897775952e-03 9.999465569763872352e-01 9.627007499999999496e+00
9.999491397291406791e-01 8.270030565975233089e-04 -1.005156808144624936e-02 -1.339380000000000084e-02 -8.629727212230778322e-04 9.999932383672207603e-01 -3.574702494082389066e-03 -1.366990999999999901e-01 1.004854382654499570e-02 3.583194912805103254e-03 9.999430921213381396e-01 9.696656199999999615e+00
9.999386787266206778e-01 9.816291099869211851e-04 -1.103064779377809293e-02 -1.417189999999999943e-02 -1.004339469986551122e-03 9.999973872347929227e-01 -2.053491128924140631e-03 -1.383116000000000068e-01 1.102860320661607288e-02 2.064443721192053133e-03 9.999370520104917670e-01 9.766776099999999516e+00
9.999311200759906093e-01 1.041161719227548261e-03 -1.169064095117416414e-02 -1.529660000000000047e-02 -1.060001321539802682e-03 9.999981494927057124e-01 -1.605430896177504957e-03 -1.396318000000000004e-01 1.168894780436584464e-02 1.617712409077266085e-03 9.999303733289575113e-01 9.836506800000000439e+00
9.999244451718354298e-01 1.615688827861677321e-03 -1.218579079948187496e-02 -1.672130000000000144e-02 -1.631049239244826941e-03 9.999978877299873226e-01 -1.250685389237046101e-03 -1.409555000000000113e-01 1.218374434139082862e-02 1.270466518730465960e-03 9.999249683294484381e-01 9.906401600000000585e+00
9.999146318448186577e-01 1.986989196571585167e-03 -1.291436783484199539e-02 -1.794979999999999840e-02 -2.000525232643599223e-03 9.999974630190565650e-01 -1.035303938080822878e-03 -1.423413000000000039e-01 1.291227793359676738e-02 1.061051074810819136e-03 9.999160701024772946e-01 9.975978899999999427e+00
9.999051715666417151e-01 2.149984664213283082e-03 -1.360240567798383718e-02 -1.919080000000000091e-02 -2.174311054738831475e-03 9.999960629006573454e-01 -1.773853044013772810e-03 -1.438676000000000121e-01 1.359853836712018524e-02 1.803260693345283636e-03 9.999059095760709504e-01 1.004581360000000068e+01
9.998949488738890778e-01 3.215792406579114863e-03 -1.413329033454505113e-02 -2.053779999999999842e-02 -3.249633278922725663e-03 9.999919064892587306e-01 -2.372096020461178945e-03 -1.451243000000000116e-01 1.412554777823764318e-02 2.417774839714800870e-03 9.998973063594026600e-01 1.011584760000000038e+01
9.998915956417686601e-01 3.057951318440726637e-03 -1.440298228464441388e-02 -2.197899999999999854e-02 -3.085879455785483713e-03 9.999934007714454953e-01 -1.917227566951372215e-03 -1.466475999999999891e-01 1.439702444750634233e-02 1.961465598261619842e-03 9.998944335977497655e-01 1.018572810000000040e+01
9.998865100862909250e-01 2.950072475076442793e-03 -1.477376119509207254e-02 -2.323450000000000168e-02 -2.995751896825913935e-03 9.999907979290020288e-01 -3.070753635617342464e-03 -1.481115000000000070e-01 1.476456630011447300e-02 3.114663659175664727e-03 9.998861467448481033e-01 1.025540160000000078e+01
9.998812901978937351e-01 -1.356648839556150090e-03 -1.534812744674569386e-02 -2.536969999999999850e-02 1.282865028051107231e-03 9.999875792863852642e-01 -4.816173821101115034e-03 -1.509097000000000077e-01 1.535447066867565331e-02 4.795912518112402205e-03 9.998706113560911213e-01 1.039438149999999972e+01
9.998767638580787764e-01 -1.002064535081320391e-03 -1.566693854469646680e-02 -2.674479999999999913e-02 9.838739862811089927e-04 9.999988330149487403e-01 -1.168743222413598905e-03 -1.523123000000000116e-01 1.566809141774717917e-02 1.153184897729180513e-03 9.998765829220708223e-01 1.046404079999999936e+01
9.998704422423688731e-01 -1.606788977473344072e-03 -1.601614682848189267e-02 -2.770070000000000171e-02 1.659500655198983560e-03 9.999932490141986152e-01 3.278411749957363744e-03 -1.537140999999999924e-01 1.601077098783861355e-02 -3.304565812438076643e-03 9.998663585985709812e-01 1.053372959999999914e+01
9.998703690737199556e-01 -9.733907272322496560e-04 -1.607163833823996996e-02 -2.904199999999999837e-02 1.017742924589486652e-03 9.999956961419587120e-01 2.751707996657130461e-03 -1.548151999999999862e-01 1.606889068114207564e-02 -2.767708086405976358e-03 9.998670564351171963e-01 1.060300450000000083e+01
9.998687759029161182e-01 7.588725818524142937e-04 -1.618193705366298071e-02 -3.202390000000000098e-02 -7.954753576728375514e-04 9.999971396583441363e-01 -2.255636071174505191e-03 -1.572208999999999968e-01 1.618017902742530448e-02 2.268212409533316900e-03 9.998665196010444456e-01 1.073921200000000020e+01
9.998704173609408441e-01 7.270343290889946537e-04 -1.608166370566777720e-02 -3.381900000000000184e-02 -7.613166600585800046e-04 9.999974507973778959e-01 -2.125745913551539169e-03 -1.585996000000000072e-01 1.608007721999441669e-02 2.137713692286676188e-03 9.998684219919983240e-01 1.080741019999999963e+01
9.998685996049930802e-01 2.429008686555927639e-04 -1.620877919888291316e-02 -3.487389999999999934e-02 -2.574826663812749888e-04 9.999995640598580149e-01 -8.975426288029209531e-04 -1.601003000000000009e-01 1.620855411894121453e-02 9.015981710338744374e-04 9.998682262648971308e-01 1.087658120000000039e+01
9.998855363398531093e-01 -8.651325870382521122e-05 -1.512966403527838885e-02 -3.789259999999999851e-02 1.178807713405195898e-04 9.999978456986909903e-01 2.072366304675538236e-03 -1.628490999999999966e-01 1.512945215426110893e-02 -2.073912590509741603e-03 9.998833924833828712e-01 1.101227470000000075e+01
9.999201002629697355e-01 -1.107873019242503095e-03 -1.259228761844744492e-02 -3.992729999999999890e-02 1.106482796137598767e-03 9.999993809599710959e-01 -1.173690608395283554e-04 -1.652415000000000134e-01 1.259240985333315126e-02 1.034265334686031905e-04 9.999207071148381587e-01 1.114780329999999964e+01
9.999497224795782513e-01 -1.812162998988072144e-03 -9.862483372834665932e-03 -4.210789999999999672e-02 1.792590055004719468e-03 9.999964071520239806e-01 -1.993063957342658919e-03 -1.681636999999999993e-01 9.866059695189355674e-03 1.975284361417048960e-03 9.999493782776117667e-01 1.128197959999999966e+01
9.999623022057744226e-01 -1.690213903830142762e-03 -8.516885832667931214e-03 -4.298489999999999950e-02 1.677753480669989415e-03 9.999975121800400713e-01 -1.469958158852144054e-03 -1.695288000000000073e-01 8.519349187907499302e-03 1.455613509821724032e-03 9.999626502418600404e-01 1.134862610000000060e+01
9.999717851072884578e-01 -2.101226228835114795e-03 -7.212061957456971859e-03 -4.361690000000000011e-02 2.104744047431261148e-03 9.999976697210030130e-01 4.802135550749660848e-04 -1.709391000000000105e-01 7.211036114023102253e-03 -4.953795503756940229e-04 9.999738774374374861e-01 1.141512389999999932e+01
9.999854839213421220e-01 -1.914193488378427340e-03 -5.036646690834770124e-03 -4.510100000000000220e-02 1.919792068642741691e-03 9.999975445057991408e-01 1.106969189003263092e-03 -1.737682000000000115e-01 5.034515370164603654e-03 -1.116622434521064152e-03 9.999867033162622709e-01 1.154552170000000011e+01
9.999949231387672555e-01 -1.460312820430926172e-03 -2.832169337725088179e-03 -4.628440000000000332e-02 1.464082846419833108e-03 9.999980444062642748e-01 1.329528136580503811e-03 -1.761415000000000064e-01 2.830222272169500772e-03 -1.333667917296168896e-03 9.999951055739105810e-01 1.167572979999999916e+01
9.999986530432298792e-01 -1.185131254613229664e-03 -1.135506774649071120e-03 -4.727150000000000102e-02 1.186867419778277546e-03 9.999981259457154659e-01 1.529526326942255623e-03 -1.787536999999999876e-01 1.133691957192921752e-03 -1.530871962732183091e-03 9.999981855851439727e-01 1.180374529999999922e+01
9.999970838258707140e-01 -2.353599877921861133e-03 -5.412091731918136075e-04 -4.778749999999999665e-02 2.354794061976704916e-03 9.999947708826695258e-01 2.216563160148061432e-03 -1.813829999999999887e-01 5.359894403624160817e-04 -2.217831132411236892e-03 9.999973969668061180e-01 1.192898369999999986e+01
9.999951097210608708e-01 -2.756858893958646743e-03 -1.476571367156351636e-03 -4.846500000000000113e-02 2.761527534788786771e-03 9.999911651526002254e-01 3.169161153950489276e-03 -1.839620999999999895e-01 1.467821391759990997e-03 -3.173223248355925858e-03 9.999938880586111134e-01 1.205041890000000038e+01
9.999953210796439507e-01 -1.996283139886022209e-03 -2.317902596130416021e-03 -4.930230000000000029e-02 1.999311399506999241e-03 9.999971500115649725e-01 1.304884161691336397e-03 -1.861777000000000015e-01 2.315291071883334925e-03 -1.309512265325660620e-03 9.999964622961821092e-01 1.216822149999999958e+01
9.999931509110370209e-01 -2.103005288483015926e-03 -3.045570516743810550e-03 -4.968100000000000294e-02 2.106986493035462212e-03 9.999969293172400464e-01 1.304593426667004837e-03 -1.875479999999999925e-01 3.042817597887330101e-03 -1.311001467332931474e-03 9.999945112530461699e-01 1.222611050000000077e+01
9.999868712089000633e-01 -2.608984644947944399e-03 -4.410284453074959053e-03 -5.011689999999999895e-02 2.615397104271684810e-03 9.999955302745233698e-01 1.448837106685008829e-03 -1.889186999999999950e-01 4.406484746549807659e-03 -1.460352730392884242e-03 9.999892250729910392e-01 1.228355879999999978e+01
9.999780738385959378e-01 -2.834305639711935405e-03 -5.984860365303467863e-03 -5.074220000000000119e-02 2.845661053297338528e-03 9.999941656175860283e-01 1.889694143975997062e-03 -1.898138000000000047e-01 5.979469476569800393e-03 -1.906683594288158994e-03 9.999803050572796392e-01 1.234034250000000021e+01
9.999583899531767628e-01 -4.220887047681452960e-03 -8.087179655544275009e-03 -5.101109999999999672e-02 4.249411975852160177e-03 9.999847996772005532e-01 3.513248127926485009e-03 -1.909152000000000071e-01 8.072227704284517386e-03 -3.547467699586517951e-03 9.999611265508326907e-01 1.239663029999999999e+01
9.999098151270601198e-01 -3.758209275320513985e-03 -1.289331127412063349e-02 -5.251909999999999912e-02 3.829190548216152706e-03 9.999776256965359211e-01 5.485016505367519210e-03 -1.931819999999999926e-01 1.287240895535577204e-02 -5.533892785516981647e-03 9.999018337408549506e-01 1.250642009999999971e+01
9.998286831277606312e-01 -3.406382734952697992e-03 -1.819343155292817843e-02 -5.496199999999999697e-02 3.497699910065182015e-03 9.999814339279347042e-01 4.989779030256015317e-03 -1.950083999999999984e-01 1.817609667522696038e-02 -5.052559360825840430e-03 9.998220347409624287e-01 1.261172009999999943e+01
9.997729592372940344e-01 -2.928081111099594281e-03 -2.110583613389351021e-02 -5.631030000000000063e-02 3.048355808507306666e-03 9.999792863093973638e-01 5.668728165382262187e-03 -1.961851000000000012e-01 2.108880045826890676e-02 -5.731779231188178191e-03 9.997611760826063954e-01 1.266277219999999915e+01
9.996290094695381434e-01 -2.465871417528712681e-03 -2.712494986358912272e-02 -5.940829999999999722e-02 2.593245297420939538e-03 9.999857719697622382e-01 4.661645296035900506e-03 -1.978559000000000012e-01 2.711306891108811526e-02 -4.730257518451230596e-03 9.996211813272224411e-01 1.276129060000000059e+01
9.995300854198289064e-01 -2.844564438940345389e-03 -3.052076004594793043e-02 -6.092700000000000199e-02 2.970739706232471394e-03 9.999872251368938647e-01 4.089531588455624055e-03 -1.988602999999999899e-01 3.050873721128800550e-02 -4.178279091669029159e-03 9.995257670203427924e-01 1.280863949999999996e+01
9.993261251558837044e-01 -1.347826817731904644e-03 -3.668077076339126830e-02 -6.463019999999999876e-02 1.462496164553692482e-03 9.999941271126521203e-01 3.099491115257914115e-03 -2.007161000000000084e-01 3.667637776411027117e-02 -3.151047932720113087e-03 9.993222274176782882e-01 1.290027240000000042e+01
9.992357806342158089e-01 5.589302604917415840e-04 -3.908378560596672407e-02 -6.661279999999999979e-02 -4.496759497419619621e-04 9.999959673372005309e-01 2.804122122318145668e-03 -2.013974000000000042e-01 3.908519530294671945e-02 -2.784404119476371810e-03 9.992320023907510507e-01 1.294443129999999975e+01
9.992097492815298354e-01 1.234937053553442901e-03 -3.972847682980223255e-02 -7.039600000000000024e-02 -1.056604317160166019e-03 9.999892740651203926e-01 4.509472478069992060e-03 -2.031928000000000067e-01 3.973361961940203441e-02 -4.463931584071708508e-03 9.992003366626501792e-01 1.302983090000000033e+01
9.992211600208160682e-01 1.208334353018374009e-03 -3.944126385837538884e-02 -7.208570000000000255e-02 -1.000027799035117055e-03 9.999854509507402067e-01 5.300738745293039240e-03 -2.040717999999999976e-01 3.944709509020695448e-02 -5.257167957751540492e-03 9.992078306708811475e-01 1.307101439999999926e+01
