9.999999998110999933e-01 1.199930159871115331e-06 1.940000431791624069e-05 -3.728000000000000085e-04 -1.200069839871100247e-06 9.999999999733599765e-01 7.199988359226646863e-06 3.419999999999999782e-05 -1.939999567791624323e-05 -7.200011639226644913e-06 9.999999997858999290e-01 -1.812500000000000092e-03
9.999991070806719673e-01 -4.425370825213405181e-04 1.260951541170093719e-03 -6.911000000000000476e-04 4.422626889373369361e-04 9.999998784662470497e-01 2.178788769782781271e-04 -1.188199999999999933e-03 -1.261047807404481764e-03 -2.173210106108001635e-04 9.999991812646676914e-01 7.121600000000000152e-02
9.999979476648438448e-01 -4.000160796788488054e-04 1.986115111513211528e-03 -8.088000000000000354e-04 3.991834646972151728e-04 9.999998322956117347e-01 4.195966037462529690e-04 -2.362700000000000130e-03 -1.986282623821468678e-03 -4.188029182818903801e-04 9.999979396406044607e-01 1.432029999999999970e-01
9.999953331310330595e-01 -6.383920315252719722e-04 2.987669956389343677e-03 -8.245999999999999858e-04 6.372064724530228548e-04 9.999997178804523879e-01 3.977523440794922976e-04 -3.520800000000000145e-03 -2.987923035436227705e-03 -3.958467251876564437e-04 9.999954578003364958e-01 2.159380999999999939e-01
9.999910347560371227e-01 3.354789533061525533e-04 4.221120872720228630e-03 -1.099200000000000047e-03 -3.337195570160583400e-04 9.999998571602894959e-01 -4.175052789913840669e-04 -4.896499999999999811e-03 -4.221260334010541564e-03 4.160928653669466256e-04 9.999910038734948214e-01 2.882068999999999881e-01
9.999883323958141945e-01 -2.097926702509648230e-05 4.830593349559745946e-03 -8.794000000000000167e-04 2.422059979892581986e-05 9.999997746241078289e-01 -6.709434372020055184e-04 -6.313499999999999668e-03 -4.830578184958933020e-03 6.710526087678602303e-04 9.999881075306821243e-01 3.605475000000000207e-01
9.999953129183413170e-01 -2.657350538405107987e-03 1.520733199637502300e-03 -1.601400000000000002e-03 2.655442362123548207e-03 9.999956862634651333e-01 1.255420376895889645e-03 -1.004389999999999970e-02 -1.524062731609608255e-03 -1.251376273278262223e-03 9.999980556432160883e-01 5.752215999999999996e-01
9.999968549168946064e-01 -2.438344105906258864e-03 -5.870556536730065205e-04 -1.848400000000000043e-03 2.438851699126502910e-03 9.999966514636664527e-01 8.654847451373405250e-04 -1.135850000000000054e-02 5.849433382687629218e-04 -8.669137647943327618e-04 9.999994531507582218e-01 6.472947000000000006e-01
9.999971009872887784e-01 -4.117781054619590580e-04 -2.372436681971849121e-03 -3.311699999999999887e-03 4.122212697561533374e-04 9.999998976808859297e-01 1.863111439910107234e-04 -1.336329999999999983e-02 2.372359720376330736e-03 -1.872885727340945525e-04 9.999971684121649051e-01 7.913944000000000534e-01
9.999926833931923609e-01 -1.266401383326089735e-03 -3.609624304400105461e-03 -4.034099999999999665e-03 1.269993782263731082e-03 9.999987004236778887e-01 9.931096356400408685e-04 -1.614099999999999910e-02 3.608361938001458658e-03 -9.976865698702163526e-04 9.999929921482614281e-01 9.350424000000000513e-01
9.999893794493421861e-01 -1.973181733745217430e-03 -4.165038098893520356e-03 -4.586200000000000346e-03 1.977607232977660751e-03 9.999974841254816171e-01 1.058684249121118973e-03 -1.728390000000000135e-02 4.162938643758128977e-03 -1.066909814781419850e-03 9.999907657800123362e-01 1.006461499999999898e+00
9.999889256728220488e-01 -1.662172448746345810e-03 -4.402921128715437359e-03 -5.403999999999999949e-03 1.661818447524676190e-03 9.999986156458352538e-01 -8.405867302547260654e-05 -1.842859999999999984e-02 4.403054753523617630e-03 7.674088657752991041e-05 9.999903035628264769e-01 1.078643800000000041e+00
9.999798111600473050e-01 -5.226067711303075073e-04 -6.332784101719904357e-03 -6.460500000000000097e-03 5.229880057302032596e-04 9.999998615280455416e-01 5.854430518660650302e-05 -2.118319999999999925e-02 6.332752629156611010e-03 -6.185509337307737356e-05 9.999799460079613622e-01 1.221107200000000059e+00
9.999751443043671806e-01 -8.731765651269604491e-04 -6.996308751479340254e-03 -7.481800000000000256e-03 8.724125582705436529e-04 9.999996131477718597e-01 -1.122525484550107724e-04 -2.271919999999999842e-02 6.996404061236399102e-03 1.061460907235036978e-04 9.999755192319556008e-01 1.292958899999999911e+00
9.999682933975837518e-01 -9.449981852695512816e-04 -7.906906977689365235e-03 -8.311499999999999444e-03 9.377866369116348924e-04 9.999991410110726786e-01 -9.157146610446950923e-04 -2.389140000000000014e-02 7.907765534436735078e-03 9.082706351410301318e-04 9.999683206425620252e-01 1.364169100000000023e+00
9.999601022825638230e-01 -7.146160413908155288e-04 -8.904109554466037649e-03 -9.031600000000000739e-03 7.145697395484525019e-04 9.999997446598870576e-01 -8.381419087750247802e-06 -2.543739999999999890e-02 8.904113270386227255e-03 2.018477443014086841e-06 9.999603575956368395e-01 1.436023400000000061e+00
9.999499783590862778e-01 -2.228960807451664441e-03 -9.750513493233074758e-03 -9.724399999999999364e-03 2.244981987195276540e-03 9.999961475332814764e-01 1.632474953156608406e-03 -2.656489999999999893e-02 9.746837207014621973e-03 -1.654283021238913721e-03 9.999511300619373655e-01 1.507476000000000038e+00
9.999374302018120275e-01 -2.234479928183850245e-03 -1.096096623692349031e-02 -1.033419999999999998e-02 2.253448110897541060e-03 9.999959843978168950e-01 1.718476026245816315e-03 -2.776800000000000102e-02 1.095708232185582665e-02 -1.743068470207869997e-03 9.999384501354572352e-01 1.578783499999999895e+00
9.999283007718733352e-01 -2.889555931443438686e-03 -1.162083396289398385e-02 -1.148859999999999985e-02 2.899539663259044931e-03 9.999954415332572566e-01 8.423671688021569385e-04 -2.892079999999999998e-02 1.161834692265977659e-02 -8.760018407219133689e-04 9.999321210140015292e-01 1.650089499999999987e+00
9.999141857175807280e-01 -3.315665901942448004e-03 -1.267389286581575326e-02 -1.258090000000000076e-02 3.315392139197184066e-03 9.999945031645326443e-01 -4.261082829229170213e-05 -3.020959999999999965e-02 1.267396448278236380e-02 5.882468942856879069e-07 9.999196820864879598e-01 1.721816400000000025e+00
9.999025714842062484e-01 -3.127357881993299889e-03 -1.360393957461187783e-02 -1.348470000000000051e-02 3.124490032100960945e-03 9.999950918433165858e-01 -2.320588634619144834e-04 -3.142489999999999867e-02 1.360459853546066786e-02 1.895308807130920105e-04 9.999074352042464087e-01 1.792988999999999944e+00
9.998905489330108809e-01 -3.922243215891619422e-03 -1.426555861498035073e-02 -1.460299999999999966e-02 3.929141769996818620e-03 9.999921771125807046e-01 4.555859878073855807e-04 -3.263859999999999678e-02 1.426366009807140088e-02 -5.115875256613720487e-04 9.998981379514666479e-01 1.864101199999999903e+00
9.998808951491487962e-01 -4.466874313552205052e-03 -1.477303454283765589e-02 -1.604049999999999920e-02 4.479258823870961755e-03 9.999896437828651452e-01 8.053368284236009063e-04 -3.386789999999999939e-02 1.476928421169154855e-02 -8.714131542321225431e-04 9.998905484516737996e-01 1.935431099999999960e+00
9.998695053326591697e-01 -4.986374708741933212e-03 -1.536581833445068573e-02 -1.737429999999999877e-02 4.994499721405705472e-03 9.999874071400711717e-01 4.904424638067020337e-04 -3.495279999999999915e-02 1.536317930495509007e-02 -5.671230390711223118e-04 9.998818185631250799e-01 2.006834500000000077e+00
9.998613945273578940e-01 -4.845233468476387896e-03 -1.592844770977485183e-02 -1.863209999999999866e-02 4.854430064833302645e-03 9.999880720544682688e-01 5.387555410690807352e-04 -3.609339999999999771e-02 1.592564731973925354e-02 -6.160044020511285748e-04 9.998729890821252964e-01 2.076559800000000067e+00
9.998582446228702070e-01 -5.672328581102295542e-03 -1.585292869285174003e-02 -2.055250000000000132e-02 5.688467663020750284e-03 9.999833470251697776e-01 9.731433531041460642e-04 -3.714869999999999978e-02 1.584714470557390883e-02 -1.063184277034586464e-03 9.998738608663962912e-01 2.147258499999999959e+00
9.995732682743303510e-01 -8.524599553887391573e-03 -2.793944440785032374e-02 -2.245139999999999983e-02 8.861627118083265781e-03 9.998891939248473193e-01 1.196124730699547715e-02 -5.070700000000000207e-02 2.783438370421639080e-02 -1.220373200151978789e-02 9.995380513062228633e-01 2.144413000000000125e+00
9.998713759010091628e-01 -4.150159998178718987e-03 -1.549218595977656585e-02 -2.533039999999999944e-02 4.193962858344000774e-03 9.999872964517370066e-01 2.795999050213307004e-03 -4.106590000000000240e-02 1.548038531063138448e-02 -2.860613069864555678e-03 9.998760796036171294e-01 2.362495200000000128e+00
9.998737788486748990e-01 -3.266758295472241974e-03 -1.554846169594202403e-02 -2.639149999999999829e-02 3.311827148354207218e-03 9.999903866637676053e-01 2.873739895687339990e-03 -4.226529999999999870e-02 1.553892440970857693e-02 -2.924870986488863674e-03 9.998749856646589329e-01 2.434823999999999877e+00
9.998914151661567606e-01 -4.483071013172214335e-04 -1.472945680475804681e-02 -2.829730000000000092e-02 5.152642221110925172e-04 9.999895508770052510e-01 4.542316544107478926e-03 -4.321610000000000035e-02 1.472726654208909164e-02 -4.549412879522896427e-03 9.998811981743880306e-01 2.506521000000000221e+00
9.999334699463902076e-01 2.506960276218854781e-04 -1.153225183879064315e-02 -3.016510000000000025e-02 -1.296924145634121000e-04 9.999449471740816664e-01 1.049217808182107033e-02 -4.494449999999999834e-02 1.153424730310393005e-02 -1.048998439106447848e-02 9.998784532965124816e-01 2.650593499999999825e+00
9.999515322840190068e-01 2.329769470341487201e-04 -9.842703113707027690e-03 -3.131459999999999799e-02 -9.661115196432197235e-05 9.999040419283108383e-01 1.385271098782161169e-02 -4.542859999999999954e-02 9.844985989210117139e-03 -1.385108866367362919e-02 9.998556013713697510e-01 2.722500800000000165e+00
9.999615108665580454e-01 -3.469747428912144755e-04 -8.766777857241813895e-03 -3.184220000000000106e-02 4.789938893220055090e-04 9.998864556775013401e-01 1.506141817818513681e-02 -4.558639999999999914e-02 8.760556507689564940e-03 -1.506503771027371472e-02 9.998481371130636397e-01 2.794607399999999853e+00
9.999713871225621720e-01 -2.094534978324758337e-03 -7.268965497470606871e-03 -3.229039999999999688e-02 2.190540385130390622e-03 9.999101484957890751e-01 1.322484283271747711e-02 -4.546619999999999828e-02 7.240612474090628303e-03 -1.324038739439069821e-02 9.998861263527194509e-01 2.866480399999999928e+00
9.999795406616126536e-01 -1.006422322332324766e-03 -6.317069914074483448e-03 -3.292010000000000075e-02 1.079132394394473685e-03 9.999330918685862546e-01 1.151725919674062223e-02 -4.566800000000000026e-02 6.305056023982835538e-03 -1.152384051601935272e-02 9.999137199620254934e-01 2.937599399999999861e+00
9.999840215432673762e-01 -6.913985322348550075e-04 -5.610581629731803931e-03 -3.422410000000000035e-02 7.517747986118835215e-04 9.999417604262275105e-01 1.076617807531085776e-02 -4.672040000000000221e-02 5.602811152130023932e-03 -1.077022394227509193e-02 9.999263026760656370e-01 3.079844700000000213e+00
9.999792666505870065e-01 -1.280799275136899158e-03 -6.310770331020365900e-03 -3.471500000000000280e-02 1.341156988843816541e-03 9.999533137347738077e-01 9.569307643516567277e-03 -4.704719999999999736e-02 6.298219342429531645e-03 -9.577572973451990365e-03 9.999342991062226682e-01 3.151342399999999877e+00
9.999673658544266930e-01 -1.021600187167152332e-03 -8.013960270464026703e-03 -3.561489999999999795e-02 1.101955674274489707e-03 9.999491017369152024e-01 1.002893958643095648e-02 -4.776430000000000259e-02 8.003306807247242971e-03 -1.003744332954999499e-02 9.999175950104863819e-01 3.222844400000000054e+00
9.999565548655805491e-01 -9.356912474558198292e-04 -9.274312009446660302e-03 -3.651809999999999778e-02 1.036258364635568889e-03 9.999406569890523233e-01 1.084475305869577258e-02 -4.789940000000000170e-02 9.263614303329710184e-03 -1.085389249033742037e-02 9.998981840506798724e-01 3.293980799999999931e+00
9.999456039304465138e-01 -1.676023343482431092e-03 -1.029466492541892056e-02 -3.751589999999999786e-02 1.794272040120564607e-03 9.999324017396251651e-01 1.148793014737152680e-02 -4.880049999999999666e-02 1.027471498488352966e-02 -1.150577667856229371e-02 9.998810165889752133e-01 3.365294899999999867e+00
9.999352790307418637e-01 -3.198672875856158494e-04 -1.137257379095493216e-02 -3.856899999999999912e-02 4.465084390631811860e-04 9.999379057377556501e-01 1.113486861193738880e-02 -4.906359999999999888e-02 1.136830593915504235e-02 -1.113922590261979401e-02 9.998733316107416558e-01 3.436620200000000125e+00
9.999277853483380385e-01 1.077489937076772728e-04 -1.201717431521918435e-02 -3.957959999999999950e-02 2.295178176807796444e-05 9.999408597680572441e-01 1.087549720859371828e-02 -4.946049999999999752e-02 1.201763544062318424e-02 -1.087498765391350063e-02 9.998686469141552235e-01 3.507801800000000192e+00
9.999255738069862121e-01 -1.129732537201611799e-03 -1.214786199969895668e-02 -4.079390000000000099e-02 1.256990426590013244e-03 9.999443643069975129e-01 1.047321659005208058e-02 -5.023169999999999719e-02 1.213535421142716321e-02 -1.048770685464983296e-02 9.998713623177204468e-01 3.578948700000000205e+00
9.999175940556705999e-01 -2.781444757548835398e-03 -1.253270373781379711e-02 -4.183529999999999888e-02 2.903970174029143168e-03 9.999480665570028570e-01 9.768886637699732492e-03 -5.128989999999999938e-02 1.250488125283310929e-02 -9.804476221225861751e-03 9.998737421249144219e-01 3.649999900000000075e+00
9.999095977457216344e-01 -3.206842244254971396e-03 -1.305804345258414212e-02 -4.482769999999999810e-02 3.376469232324077942e-03 9.999099389770991220e-01 1.298897187374857369e-02 -5.267469999999999791e-02 1.301521384811954105e-02 -1.303188772336242966e-02 9.998303726687108872e-01 3.790488700000000044e+00
9.999053506165973548e-01 -2.174402723720143468e-03 -1.358535171037838357e-02 -4.524740000000000012e-02 2.325021297614574510e-03 9.999359019412412675e-01 1.108089729769467895e-02 -5.276290000000000147e-02 1.356038658244082193e-02 -1.111143472966011868e-02 9.998463141573226132e-01 3.861359600000000114e+00
9.999030628140523902e-01 1.625583801112787975e-03 -1.382832066386678604e-02 -4.801729999999999887e-02 -1.480298073087618974e-03 9.999436711972536918e-01 1.051014510715119095e-02 -5.404520000000000157e-02 1.384462685275332852e-02 -1.048865624682784360e-02 9.998491458202302118e-01 4.001060500000000353e+00
9.999009034008713437e-01 3.306728729548703664e-03 -1.368389283905014318e-02 -4.951040000000000302e-02 -3.157815405196657925e-03 9.999357190881480451e-01 1.088971503460986305e-02 -5.482419999999999655e-02 1.371902255950230819e-02 -1.084542469327424118e-02 9.998470708979620980e-01 4.070848500000000314e+00
9.998967758345528312e-01 4.950113744991341096e-03 -1.348829305648600874e-02 -5.087049999999999905e-02 -4.800685759085003036e-03 9.999269989034157424e-01 1.108829474044334407e-02 -5.516270000000000201e-02 1.354219671650501791e-02 -1.102239710408189216e-02 9.998475462140072878e-01 4.140629299999999624e+00
9.999065057318397010e-01 5.514403226944814690e-03 -1.251283949362592962e-02 -5.200720000000000343e-02 -5.364749385347269972e-03 9.999140585322709995e-01 1.196223279971471952e-02 -5.548909999999999954e-02 1.257772869698660020e-02 -1.189398615153116658e-02 9.998501556904675347e-01 4.210924600000000240e+00
9.999200368670513317e-01 7.119852941727978016e-03 -1.045119925572987780e-02 -5.322009999999999935e-02 -6.985979285156110330e-03 9.998937939108770712e-01 1.279050397521254781e-02 -5.598759999999999848e-02 1.054115578208438160e-02 -1.271646934493712855e-02 9.998635784156643114e-01 4.280598200000000020e+00
9.999516012333293791e-01 6.079612478609958820e-03 -7.735211891757611848e-03 -5.416170000000000012e-02 -5.998878147019971740e-03 9.999277368912398156e-01 1.041798716358605451e-02 -5.636130000000000306e-02 7.797990246061131843e-03 -1.037108035227611233e-02 9.999158124764548905e-01 4.350206899999999877e+00
9.999807887205977019e-01 3.141221420948657906e-03 -5.343680165957495100e-03 -5.471449999999999925e-02 -3.111524167814816357e-03 9.999797204423065411e-01 5.556718589208820176e-03 -5.711519999999999792e-02 5.361026681949880753e-03 -5.539984847553992668e-03 9.999702835388681876e-01 4.419176099999999607e+00
9.999883609776012428e-01 4.070371909572368524e-03 -2.590363265754276698e-03 -5.562990000000000296e-02 -4.056776483251233953e-03 9.999780828141143774e-01 5.232251520435733834e-03 -5.798369999999999913e-02 2.611603701893669156e-03 -5.221682097363501869e-03 9.999829566358510169e-01 4.487800100000000292e+00
9.999944143988444001e-01 3.341503686130312730e-03 7.432514977464562507e-05 -5.573940000000000144e-02 -3.342023551405230459e-03 9.999566285883610961e-01 8.693205437599566682e-03 -5.878230000000000260e-02 -4.527354817395259234e-05 -8.693405277222236022e-03 9.999622106134770094e-01 4.557156599999999891e+00
9.999899947340296080e-01 3.155275445311244396e-03 3.170909758998643416e-03 -5.570399999999999657e-02 -3.187027992345604389e-03 9.999443276914130596e-01 1.005904420628555077e-02 -5.959269999999999845e-02 -3.138994171944645573e-03 -1.006904934103598770e-02 9.999443789336266430e-01 4.626033800000000085e+00
9.999672446631215905e-01 3.485648334391761721e-03 7.304783127079819346e-03 -5.568429999999999908e-02 -3.546632311034939207e-03 9.999588298862283064e-01 8.352241125320201964e-03 -6.035909999999999886e-02 -7.275369412960489002e-03 -8.377874924712057358e-03 9.999384382108984504e-01 4.694560100000000347e+00
9.999353075668090396e-01 2.846310936566985323e-03 1.101268338432789470e-02 -5.558470000000000077e-02 -2.906774614026226122e-03 9.999807694673455982e-01 5.478262209734260577e-03 -6.128829999999999695e-02 -1.099687876691951213e-02 -5.509919196116127085e-03 9.999243518625986482e-01 4.762158900000000195e+00
9.998413236478234101e-01 1.316777674506486133e-03 1.776495490352567388e-02 -5.401569999999999983e-02 -1.329117384149525009e-03 9.999988836007640547e-01 6.828207704647632761e-04 -6.322029999999999317e-02 -1.776403594759735569e-02 -7.063241333466239264e-04 9.998419575778318968e-01 4.897657399999999939e+00
9.997741509750310840e-01 7.041765193076354561e-04 2.124031962060613996e-02 -5.254989999999999661e-02 -7.585397128272994890e-04 9.999964572627175752e-01 2.551485747180272986e-03 -6.453399999999999415e-02 -2.123844767538141456e-02 -2.567021122557424772e-03 9.997711431837270624e-01 4.965216200000000413e+00
9.996869945478168429e-01 1.852252694926528626e-03 2.494959101683311142e-02 -5.124669999999999920e-02 -1.925447479914842944e-03 9.999939122486501963e-01 2.910003031074460261e-03 -6.561490000000000378e-02 -2.494404906897017271e-02 -2.957131311408131916e-03 9.996844751172501153e-01 5.032902199999999659e+00
9.995843301926778945e-01 1.306979356352023190e-03 2.880032357834785145e-02 -4.978029999999999955e-02 -1.338345389564706781e-03 9.999985321394951887e-01 1.069836657287240268e-03 -6.698070000000000412e-02 -2.879888304906460389e-02 -1.107936738769093330e-03 9.995846121321142475e-01 5.099811100000000152e+00
9.994777390576609077e-01 1.076777037705795850e-03 3.229689891300992211e-02 -4.809730000000000255e-02 -1.035346747320307773e-03 9.999986196893431156e-01 -1.299490869993866812e-03 -6.811459999999999737e-02 -3.229825359518569139e-02 1.265373707429425128e-03 9.994774743054900545e-01 5.166746599999999745e+00
9.993762466048355941e-01 1.046762093392984445e-03 3.529903697200133944e-02 -4.562089999999999895e-02 -9.881198234566817250e-04 9.999981027846026604e-01 -1.678703788572299613e-03 -6.934440000000000048e-02 -3.530072720561679839e-02 1.642777013203737362e-03 9.993753848992077415e-01 5.234151400000000010e+00
9.992692181211557667e-01 -1.093340961240725761e-05 3.822341685399936045e-02 -4.332919999999999827e-02 2.825942558093301785e-05 9.999998971128077896e-01 -4.527425081701403091e-04 -7.042950000000000599e-02 -3.822340797128003648e-02 4.534918239534216442e-04 9.992691156181235934e-01 5.301382099999999653e+00
9.991612615710545597e-01 -7.569193768610667618e-04 4.094142704884091294e-02 -4.072239999999999888e-02 7.143719062874253093e-04 9.999991895385852425e-01 1.053847689250884782e-03 -7.168470000000000397e-02 -4.094219154513028397e-02 -1.023716381408646889e-03 9.991609925113430490e-01 5.368840699999999799e+00
9.989319792426171185e-01 -3.108001206485071655e-03 4.610033812162453448e-02 -3.484860000000000041e-02 2.941173222122556077e-03 9.999888806855279366e-01 3.686191175511020334e-03 -7.343669999999999365e-02 -4.611128220408851341e-02 -3.546665166805775416e-03 9.989300129737265221e-01 5.503494299999999839e+00
9.988218517144628050e-01 -3.969215921001223099e-03 4.836479983070481742e-02 -3.150270000000000153e-02 3.906861713442630682e-03 9.999914108487563125e-01 1.383712493931697676e-03 -7.443769999999999554e-02 -4.836987667178520994e-02 -1.193127690692398230e-03 9.988287798602271117e-01 5.570111299999999765e+00
9.986024052024045083e-01 -4.746959195263925069e-03 5.263746481709953573e-02 -2.484379999999999922e-02 5.027988573348551524e-03 9.999737986056228545e-01 -5.207824223955792066e-03 -7.650969999999999993e-02 -5.261136431303761740e-02 5.465206367544011949e-03 9.986001080835517074e-01 5.704838299999999585e+00
9.987057585625511713e-01 -4.940825060726035563e-03 5.062011518871288585e-02 -8.620600000000000832e-03 5.016348946577864169e-03 9.999864863684545524e-01 -1.365036160274762456e-03 -8.320629999999999693e-02 -5.061268672225795184e-02 1.617197635415068774e-03 9.987170473234961987e-01 6.046285600000000038e+00
9.989731044039122931e-01 -3.935654947953724433e-03 4.513587594963582028e-02 -3.245699999999999801e-03 3.987508722410900916e-03 9.999914892600114680e-01 -1.058858693692942042e-03 -8.542220000000000368e-02 -4.513132450747443791e-02 1.237751055406338630e-03 9.989802958619984352e-01 6.183438299999999721e+00
9.993136300942068173e-01 -2.477878955241125548e-03 3.696117995711233756e-02 2.254700000000000107e-03 2.517262740852189203e-03 9.999963124597822661e-01 -1.019046186912173904e-03 -8.780540000000000567e-02 -3.695851858817377628e-02 1.111387745440835717e-03 9.993161825573759760e-01 6.323400000000000354e+00
9.995809093831962144e-01 -1.475909346565056892e-03 2.891067775516891966e-02 5.709699999999999845e-03 1.456583096599151647e-03 9.999987014563282983e-01 6.895297962351938040e-04 -9.004669999999999341e-02 -2.891165789686227575e-02 -6.471300162381808229e-04 9.995817611683381898e-01 6.462217299999999831e+00
9.998954967866805488e-01 -1.827919648117122043e-04 1.445552118793731917e-02 9.275000000000000258e-03 1.663988603819830541e-04 9.999993417794027506e-01 1.135232214359000076e-03 -9.318120000000000569e-02 -1.445571918434251056e-02 -1.132708196692835262e-03 9.998948690512441395e-01 6.672390899999999903e+00
9.999770804397384305e-01 6.428381306383647992e-03 -2.124737394739892489e-03 8.544599999999999418e-03 -6.428744544559265861e-03 9.999793219319079718e-01 -1.641711982202316350e-04 -9.881750000000000256e-02 2.123638104213680829e-03 1.778268294236159583e-04 9.999977292668323914e-01 7.024800299999999886e+00
9.999450790391375410e-01 9.748829040673864105e-03 -3.846977742175059379e-03 6.705000000000000022e-03 -9.744901541161893332e-03 9.999519781996055734e-01 1.038358632039421961e-03 -1.012929999999999942e-01 3.856915784164462787e-03 -1.000813185057093267e-03 9.999920612552894994e-01 7.167361299999999602e+00
9.999418613063065786e-01 9.885887989046257540e-03 -4.306184616014003923e-03 5.563099999999999642e-03 -9.879820179069857128e-03 9.999501736106030103e-01 1.428092908090920331e-03 -1.023874000000000034e-01 4.320088020909849079e-03 -1.385465550970675554e-03 9.999897086093929577e-01 7.238733299999999815e+00
9.998881943087363222e-01 1.317149512654684600e-02 -7.078883961901466688e-03 2.464599999999999951e-03 -1.313809661322085966e-02 9.999024375750688032e-01 4.744022430081168244e-03 -1.055915999999999938e-01 7.140679197134381338e-03 -4.650488959968761098e-03 9.999636911673527306e-01 7.525971900000000048e+00
9.999156552789967289e-01 1.032360497180679661e-02 -7.880704813701781830e-03 1.892000000000000019e-03 -1.027707129445322616e-02 9.999296498594020255e-01 5.922595517374980648e-03 -1.065371999999999986e-01 7.941292941539300487e-03 -5.841105412487498233e-03 9.999514074963727905e-01 7.597803599999999768e+00
9.999270654951711856e-01 8.505449405038154054e-03 -8.574439960376777775e-03 9.525000000000000046e-04 -8.438112304974144245e-03 9.999335145058840801e-01 7.859060289849201242e-03 -1.072782999999999931e-01 8.640714724165700356e-03 -7.786135005840622708e-03 9.999323547874258145e-01 7.670026799999999589e+00
9.999521607276949942e-01 3.018546633652295554e-03 -9.304011620494934132e-03 -3.751000000000000102e-04 -2.919698717815983387e-03 9.999393483102346769e-01 1.061956026868118505e-02 -1.085235999999999978e-01 9.335502954368451317e-03 -1.059188732584682990e-02 9.999003251861984243e-01 7.814669099999999702e+00
9.999584569185131500e-01 -1.277284873071190272e-03 -9.025130497622785991e-03 -1.015099999999999900e-03 1.358261036304607037e-03 9.999588294646473141e-01 8.971872861877760660e-03 -1.092309000000000058e-01 9.013299290678976339e-03 -8.983758625734855965e-03 9.999190229797867424e-01 7.887696700000000227e+00
9.999526706408828902e-01 -3.917667360682126204e-03 -8.905524162960407053e-03 -1.828699999999999944e-03 3.987378986328721578e-03 9.999614446933534628e-01 7.823677881963586600e-03 -1.096007999999999982e-01 8.874530240266798042e-03 -7.858817292213125805e-03 9.999297383835437092e-01 7.960035300000000369e+00
9.999496166812595899e-01 -5.316262052570629691e-03 -8.514778728218160009e-03 -2.844800000000000193e-03 5.381524531087246606e-03 9.999561798527730749e-01 7.660128456485123562e-03 -1.104727999999999960e-01 8.473682359129656311e-03 -7.705565004394193500e-03 9.999344083364866131e-01 8.032625200000000021e+00
9.999600749431579727e-01 -5.116058248010624775e-03 -7.326286076648961046e-03 -4.785300000000000144e-03 5.189309553201521506e-03 9.999363877572311488e-01 1.001456466259979979e-02 -1.115564000000000000e-01 7.274584939018129484e-03 -1.005218319686343974e-02 9.999230140500526831e-01 8.179136299999999693e+00
9.999740896085114183e-01 -2.771143625686772576e-03 -6.643859919861212597e-03 -5.778000000000000150e-03 2.849521915183402844e-03 9.999261189516555071e-01 1.181680426911704482e-02 -1.125939999999999996e-01 6.610623002698926519e-03 -1.183542991553533999e-02 9.999081069089452711e-01 8.250245100000000775e+00
9.999766939372493058e-01 -2.971312871243368941e-03 -6.146778192681232392e-03 -6.495500000000000405e-03 3.033774254366447976e-03 9.999436067492805114e-01 1.017740315668709365e-02 -1.130947000000000063e-01 6.116191306882198461e-03 -1.019581389891874128e-02 9.999293162933249324e-01 8.323039100000000801e+00
9.999796939085128233e-01 -2.545882358381215075e-03 -5.842110376768478580e-03 -7.138099999999999654e-03 2.594846292651336369e-03 9.999614450753289141e-01 8.388988948470654447e-03 -1.137818000000000024e-01 5.820527755674416090e-03 -8.403977979345998370e-03 9.999477459401406865e-01 8.395558400000000532e+00
9.999797574154632995e-01 -4.073461849915572391e-03 -4.887910378531736856e-03 -8.264999999999999777e-03 4.082892853410888256e-03 9.999898197624247365e-01 1.921030312299309463e-03 -1.156693000000000027e-01 4.880035374753154305e-03 -1.940948240033435034e-03 9.999862088922379932e-01 8.539080600000000132e+00
9.999833757626325204e-01 -3.861999938373044707e-03 -4.281723349978540372e-03 -9.023599999999999677e-03 3.854765144552560474e-03 9.999911310276600185e-01 -1.696658982101173800e-03 -1.168248999999999954e-01 4.288237872376896714e-03 1.680125738511409556e-03 9.999893940404831483e-01 8.610499400000000136e+00
9.999819740565808468e-01 -4.393808499460175390e-03 -4.092188750991290064e-03 -9.669199999999999323e-03 4.383744795077720857e-03 9.999873532508101182e-01 -2.464978704017410389e-03 -1.183411999999999936e-01 4.102967642487218708e-03 2.446995159313128648e-03 9.999885888705005721e-01 8.681792299999999685e+00
9.999837409167942059e-01 -3.486402531542237733e-03 -4.512526946382574081e-03 -1.064569999999999926e-02 3.477966113999993343e-03 9.999921920559764477e-01 -1.876054048531506117e-03 -1.211634999999999934e-01 4.519032392408882381e-03 1.860329129804602155e-03 9.999880586895850687e-01 8.825111400000000828e+00
9.999850848721003604e-01 -2.872709658989531113e-03 -4.645166579705807715e-03 -1.127779999999999928e-02 2.870068872426720635e-03 9.999957159914758531e-01 -5.750681377343482090e-04 -1.227438000000000001e-01 4.646798683566430617e-03 5.617276125118723148e-04 9.999890458020446182e-01 8.896683700000000528e+00
9.999854584559215720e-01 -2.371626297873793716e-03 -4.843373349604700867e-03 -1.194190000000000008e-02 2.369956155801655317e-03 9.999971302104484483e-01 -3.505405640080477728e-04 -1.238477999999999940e-01 4.844190801362540516e-03 3.390568841222435840e-04 9.999882093584451237e-01 8.967353799999999708e+00
9.999811008488818098e-01 -1.659879223948627176e-03 -5.919691378809725270e-03 -1.354179999999999967e-02 1.659305003378458128e-03 9.999986181594917589e-01 -1.019117888456428403e-04 -1.267755000000000132e-01 5.919852360001362675e-03 9.208728927602941462e-05 9.999824732803904714e-01 9.109677299999999533e+00
9.999718194025376539e-01 -1.635815332217148638e-03 -7.326971337292627687e-03 -1.467360000000000018e-02 1.644961111714861876e-03 9.999978752923849301e-01 1.242382250595724718e-03 -1.290520000000000000e-01 7.324923461686833406e-03 -1.254399822438121955e-03 9.999723856074056449e-01 9.250675199999999876e+00
9.999628338505551772e-01 -1.193615901015947917e-03 -8.538512671879522342e-03 -1.498870000000000063e-02 1.196361850431185061e-03 9.999992342742268780e-01 3.164953122658389711e-04 -1.302861999999999909e-01 8.538128359882986990e-03 -3.266987001738246217e-04 9.999634961497692043e-01 9.322114900000000759e+00
9.999526048706889325e-01 -4.455742444727901698e-04 -9.725712103308787812e-03 -1.713260000000000130e-02 4.380151976410471778e-04 9.999996003864793925e-01 -7.793391867526367790e-04 -1.329573000000000005e-01 9.726055470252058591e-03 7.750422401619728660e-04 9.999524004443989256e-01 9.464198100000000835e+00
9.999343177178666719e-01 -3.484571901210194471e-04 -1.145595162747690444e-02 -1.899570000000000078e-02 3.175312460334522033e-04 9.999963011755534925e-01 -2.701260653742607390e-03 -1.356453999999999993e-01 1.145685052762015523e-02 2.697445606183460770e-03 9.999307297824132634e-01 9.605985600000000346e+00
9.999266557233134067e-01 -2.179240681779755630e-04 -1.210932215654056746e-02 -2.024799999999999864e-02 1.884681892336017824e-04 9.999970210698559958e-01 -2.433584014518827034e-03 -1.371242000000000016e-01 1.210981642024446664e-02 2.431123303039836592e-03 9.999237180834112948e-01 9.676814099999999641e+00
9.999189665254699655e-01 -1.461025123738802264e-04 -1.272945547507891607e-02 -2.144460000000000116e-02 1.306918177813651673e-04 9.999992576466020244e-01 -1.211456104709021046e-03 -1.384220999999999924e-01 1.272962302210491926e-02 1.209694300536210809e-03 9.999182433266303738e-01 9.748069799999999674e+00
9.999091670817614741e-01 5.881711351257557624e-05 -1.347791253886191330e-02 -2.259320000000000078e-02 -6.678003483513860633e-05 9.999998235057431240e-01 -5.903633708156935797e-04 -1.398135000000000072e-01 1.347787543661836153e-02 5.912098018567513375e-04 9.999089945313449634e-01 9.818920099999999707e+00
9.998996073927615136e-01 5.580957359643932579e-04 -1.415851916518810934e-02 -2.397670000000000010e-02 -5.618761355086072636e-04 9.999998075555028842e-01 -2.630288304185834014e-04 -1.410957999999999934e-01 1.415836964519031661e-02 2.709577583015792450e-04 9.998997285482597031e-01 9.890003200000000660e+00
9.998911860621690906e-01 9.148011143974132259e-04 -1.472342263571508117e-02 -2.551259999999999986e-02 -9.155490834311644146e-04 9.999995799141635500e-01 -4.406100699189805154e-05 -1.424815000000000109e-01 1.472337614355546942e-02 5.753622863932107126e-05 9.998916035673656166e-01 9.960773500000000169e+00
9.998804074556760790e-01 1.277990483447656806e-03 -1.541225248285824426e-02 -2.698479999999999976e-02 -1.290332573732321788e-03 9.999988547748113188e-01 -7.908798360004758513e-04 -1.439152999999999960e-01 1.541122409545452737e-02 8.106721840818529711e-04 9.998809114001975251e-01 1.003195859999999939e+01
9.998698077896164271e-01 2.266760148003774643e-03 -1.597589650651564872e-02 -2.842360000000000025e-02 -2.286690556283650297e-03 9.999966298382908514e-01 -1.229373157377056667e-03 -1.452642000000000100e-01 1.597305597108080247e-02 1.265745034237925623e-03 9.998716214456998541e-01 1.010308069999999958e+01
9.998621498179898204e-01 1.857851862565422290e-03 -1.649938628569349794e-02 -2.973829999999999876e-02 -1.871219515870696124e-03 9.999979334211734905e-01 -7.947898500396018140e-04 -1.467365999999999948e-01 1.649787558660790673e-02 8.255542617317929675e-04 9.998635599727043743e-01 1.017422580000000032e+01
9.998529397554165588e-01 5.092207337737621360e-04 -1.714174893923196136e-02 -3.233250000000000013e-02 -5.731375856084760297e-04 9.999929015766138019e-01 -3.724017950085543698e-03 -1.493873000000000006e-01 1.713973091268728571e-02 3.733294875695109157e-03 9.998461342294682197e-01 1.031608680000000078e+01
9.998459773192026612e-01 -2.531830261938941562e-03 -1.736696502366085956e-02 -3.360980000000000217e-02 2.468769170085250569e-03 9.999902855490182541e-01 -3.651573137399869665e-03 -1.506180000000000019e-01 1.737604147650339062e-02 3.608135684487757001e-03 9.998425148689613629e-01 1.038664250000000067e+01
9.998410607315291188e-01 -2.287038453469844492e-03 -1.768114052777668491e-02 -3.506829999999999670e-02 2.290779880469826554e-03 9.999973578519093520e-01 1.913550096228573477e-04 -1.520596999999999921e-01 1.768065617531972347e-02 -2.318281967824001658e-04 9.998436581050546001e-01 1.045749089999999981e+01
9.998345684239994258e-01 -2.727775696223695874e-03 -1.798318726327291159e-02 -3.637180000000000274e-02 2.807981861667292398e-03 9.999862170415553253e-01 4.436323340792915418e-03 -1.532989999999999908e-01 1.797083810676055118e-02 -4.486085896481237234e-03 9.998284472903689046e-01 1.052802660000000046e+01
9.998337264918373268e-01 -2.247204313787357251e-03 -1.809611677178113442e-02 -3.785190000000000082e-02 2.318596921947204369e-03 9.999896084978260324e-01 3.925175751236070244e-03 -1.543493999999999977e-01 1.808710805406380656e-02 -3.966480699140006831e-03 9.998285470784998852e-01 1.059833429999999943e+01
9.998357355585071327e-01 -6.131915682390274647e-04 -1.811424567238609576e-02 -3.941730000000000234e-02 6.243575306363360585e-04 9.999996185688110328e-01 6.107699291890119134e-04 -1.552523000000000097e-01 1.811386424407711651e-02 -6.219793671050639471e-04 9.998357370407471301e-01 1.066838360000000030e+01
9.998336060153713012e-01 -4.808705664240003636e-04 -1.823537895952546256e-02 -4.114489999999999814e-02 4.606901642642898149e-04 9.999992768918312125e-01 -1.110846698352035890e-03 -1.565475000000000061e-01 1.823589994685502480e-02 1.102261000415299952e-03 9.998331045598636280e-01 1.073762229999999995e+01
9.998361844904538609e-01 -5.845591004449335239e-04 -1.809039729329292231e-02 -4.322730000000000322e-02 5.681936185977021821e-04 9.999994247308905404e-01 -9.097768406496816460e-04 -1.578536000000000106e-01 1.809091870477775796e-02 8.993489567930111487e-04 9.998359414583329885e-01 1.080648899999999912e+01
9.998365904825422534e-01 -6.215399599694866606e-04 -1.806671027949436140e-02 -4.470060000000000006e-02 6.244090627660328543e-04 9.999997933268032213e-01 1.531655085925892417e-04 -1.591808999999999863e-01 1.806661134710551772e-02 -1.644214975236234721e-04 9.998367719383017826e-01 1.087585160000000073e+01
9.998528622711959635e-01 -1.346834367470649708e-03 -1.710087264684087907e-02 -4.796720000000000150e-02 1.404660440326595348e-03 9.999933353017563809e-01 3.369908176253456726e-03 -1.619769000000000070e-01 1.709621996653798784e-02 -3.393433254920205124e-03 9.998480903985366153e-01 1.101441190000000070e+01
9.998912652411323654e-01 -2.260633396861612323e-03 -1.457213886608020766e-02 -5.031940000000000024e-02 2.275242682217790743e-03 9.999969254846796662e-01 9.860486422635693707e-04 -1.641207000000000082e-01 1.456986496932438473e-02 -1.019096576821531663e-03 9.998933345497121872e-01 1.115248390000000001e+01
9.999253138358920046e-01 -3.033308531552827980e-03 -1.183916338029924499e-02 -5.294290000000000107e-02 3.025377832073710381e-03 9.999951870520675801e-01 -6.877220903882706390e-04 -1.674905999999999895e-01 1.184119247230644260e-02 6.518527846223109903e-04 9.999296781518093313e-01 1.128925319999999921e+01
9.999512474316282207e-01 -3.259789631582502359e-03 -9.320758096233505707e-03 -5.442570000000000047e-02 3.277327593653155298e-03 9.999928867890417461e-01 1.866948087777002465e-03 -1.701168999999999876e-01 9.314605937695639992e-03 -1.897404246965258678e-03 9.999548179659664138e-01 1.142447849999999931e+01
9.999623514942453939e-01 -2.220303196471724166e-03 -8.388435361563898254e-03 -5.527080000000000187e-02 2.239252203951445745e-03 9.999949610994002258e-01 2.250227849860218267e-03 -1.710944000000000076e-01 8.383396904984087225e-03 -2.268926954515149315e-03 9.999622846021787304e-01 1.149143220000000021e+01
9.999794496818856793e-01 -2.211807245149452917e-03 -6.017318557578980182e-03 -5.702789999999999943e-02 2.224567466145930660e-03 9.999952896254012957e-01 2.114716670936253595e-03 -1.731754000000000071e-01 6.012612868100279673e-03 -2.128059143932570577e-03 9.999796597185256486e-01 1.162468050000000019e+01
9.999888557236187303e-01 -2.026805803026656468e-03 -4.263858206417481776e-03 -5.819590000000000179e-02 2.037179754629299660e-03 9.999949723365900711e-01 2.430061766641092909e-03 -1.759353999999999918e-01 4.258911505883251729e-03 -2.438720930975865533e-03 9.999879570839870224e-01 1.175633999999999979e+01
9.999905224198889497e-01 -3.147306451919155632e-03 -3.008244088394665481e-03 -5.872469999999999773e-02 3.154274118739168985e-03 9.999923473498170123e-01 2.314259403521741563e-03 -1.781583999999999945e-01 3.000937383802873126e-03 -2.323726296413720308e-03 9.999927973095195100e-01 1.188609119999999919e+01
9.999898817882479918e-01 -3.420662533960335244e-03 -2.921538799086104143e-03 -5.915490000000000331e-02 3.430111541454827166e-03 9.999888832200523048e-01 3.235393504000352340e-03 -1.793782999999999905e-01 2.910439131640413755e-03 -3.245381971557331421e-03 9.999904983748193477e-01 1.194925980000000010e+01
9.999856244287927964e-01 -4.130608394001201479e-03 -3.418919427650114404e-03 -5.957370000000000027e-02 4.145342321188640565e-03 9.999821038226669456e-01 4.313718979382841559e-03 -1.806456999999999924e-01 3.401039958236149081e-03 -4.327829558604657373e-03 9.999848512945154200e-01 1.201164340000000053e+01
9.999853219880335820e-01 -3.488467964083020751e-03 -4.145648290947630613e-03 -6.090249999999999830e-02 3.501897296491401652e-03 9.999886306689141913e-01 3.236548815422252406e-03 -1.830817999999999890e-01 4.134310560842855212e-03 -3.251018943862283520e-03 9.999861690803593106e-01 1.213369849999999950e+01
9.999700758118539312e-01 -3.867561700946604408e-03 -6.699958755426257788e-03 -6.235229999999999939e-02 3.885573391375844298e-03 9.999888668598252428e-01 2.677400945497486646e-03 -1.868474999999999997e-01 6.689529150491383726e-03 -2.703354007911251342e-03 9.999739706996640942e-01 1.231216910000000020e+01
9.999311415760223642e-01 -5.272939529052746849e-03 -1.048371189968721334e-02 -6.384099999999999497e-02 5.321649221715261946e-03 9.999751500863081066e-01 4.623771126121088877e-03 -1.884495999999999949e-01 1.045907051480711794e-02 -4.679243377800168351e-03 9.999343541079972475e-01 1.242720989999999937e+01
9.999062631577184668e-01 -4.949834254368971377e-03 -1.276573690867651573e-02 -6.452869999999999440e-02 5.031081077146047111e-03 9.999672444900703505e-01 6.340202688471521623e-03 -1.895238999999999951e-01 1.273393580800740582e-02 -6.403833835289147146e-03 9.998984137356391466e-01 1.248384380000000071e+01
9.998764086480156354e-01 -4.663291324487567856e-03 -1.501403154284291531e-02 -6.584080000000000488e-02 4.761167100037177503e-03 9.999676062219070571e-01 6.489822391607353441e-03 -1.905036999999999980e-01 1.498328124918058869e-02 -6.560504618704540714e-03 9.998662215827455180e-01 1.253950120000000013e+01
