9.999999994009199922e-01 1.540183204159086238e-05 -3.099908974244060332e-05 -8.310000000000000058e-05 -1.539816784160476113e-05 9.999999928957999940e-01 1.182002382517433260e-04 4.087000000000000138e-04 3.100091002243370551e-05 -1.181997608517451305e-04 9.999999925338800555e-01 1.909300000000000060e-03
9.999994987731394280e-01 -3.310469836735396377e-04 9.449134164714592318e-04 -2.038999999999999960e-04 3.305529376334939750e-04 9.999998086257445573e-01 5.229562408290496130e-04 -1.202699999999999906e-03 -9.450863587254774208e-04 -5.226436348037108350e-04 9.999994168275327944e-01 7.373910000000000187e-02
9.999988272095284847e-01 -3.853788950420941194e-04 1.482249194630976636e-03 -8.799999999999999771e-05 3.842208440914109753e-04 9.999996208277368570e-01 7.814849489789342128e-04 -2.373300000000000062e-03 -1.482549800409324646e-03 -7.809145214241174906e-04 9.999985961083143193e-01 1.461924000000000001e-01
9.999954687814791576e-01 -5.968848463395410925e-04 2.950617730239083608e-03 -3.433999999999999986e-04 5.951137761010305343e-04 9.999996422719641398e-01 6.010786448054496016e-04 -3.567700000000000038e-03 -2.950975449454940926e-03 -5.993199679274884440e-04 9.999954662694590102e-01 2.177807999999999966e-01
9.999918549743246343e-01 1.586832614337165112e-04 4.032964744672402728e-03 -6.325999999999999809e-04 -1.573160745721407627e-04 9.999999300575070915e-01 -3.393178946449115427e-04 -4.818199999999999913e-03 -4.033018306666980198e-03 3.386806807094279014e-04 9.999918099958292617e-01 2.898468000000000155e-01
9.999899762138648729e-01 -1.693754345007144441e-04 4.474235549919346189e-03 1.056000000000000054e-04 1.718237170179672012e-04 9.999998357338814037e-01 -5.468169899436228342e-04 -6.230600000000000201e-03 -4.474142197588773864e-03 5.475802885500616508e-04 9.999898410521096404e-01 3.627825000000000077e-01
9.999882913890409952e-01 -8.459845486145068337e-04 4.764598091120849678e-03 -2.291000000000000122e-04 8.416102788988161654e-04 9.999992226388304539e-01 9.200075397033187410e-04 -7.339299999999999990e-03 -4.765372699470503577e-03 -9.159868329646481382e-04 9.999882260262652478e-01 4.345250999999999975e-01
9.999947706472314124e-01 -2.934111620415669457e-03 1.360024701960764080e-03 -7.529000000000000319e-04 2.932279185738816563e-03 9.999947931186499162e-01 1.347395400549505169e-03 -1.007019999999999964e-02 -1.363971028975554658e-03 -1.343400382417986620e-03 9.999981674275431054e-01 5.787544999999999495e-01
9.999964489324367767e-01 -2.613177046199134743e-03 -5.229036637321556264e-04 -1.187399999999999914e-03 2.613617967219399128e-03 9.999962280575466211e-01 8.443173577440236683e-04 -1.126770000000000028e-02 5.206953406306631628e-04 -8.456810299266967913e-04 9.999995068498572781e-01 6.506361999999999979e-01
9.999961917736397421e-01 -2.017231458462142354e-03 -1.883405283286838754e-03 -1.808200000000000042e-03 2.018364527508198936e-03 9.999977831599482503e-01 5.998998444864767163e-04 -1.234580000000000052e-02 1.882190971240348294e-03 -6.036989583467829591e-04 9.999980464504496513e-01 7.222914000000000279e-01
9.999344780646372000e-01 -7.839482676913003562e-04 1.142037664506212469e-02 -2.562470000000000026e-02 8.060250273568773244e-04 9.999978153561518424e-01 -1.928628159835452755e-03 -1.543459999999999971e-02 -1.141883975090161873e-02 1.937706901783587234e-03 9.999329254458551031e-01 6.761534999999999629e-01
9.999929540520117177e-01 -9.903070445984075987e-04 -3.620930583216961773e-03 -1.717800000000000013e-03 9.956888335122269021e-04 9.999984019858405571e-01 1.484799485437505485e-03 -1.621620000000000006e-02 3.619454389528374647e-03 -1.488394343766190082e-03 9.999923420867778967e-01 8.693117999999999679e-01
9.999943113923118743e-01 -1.063171305586461208e-03 -3.201070100915760861e-03 -3.478000000000000189e-03 1.064825478842721046e-03 9.999993004109577477e-01 5.150963936648027307e-04 -1.598720000000000002e-02 3.200520225776839599e-03 -5.185020444865143024e-04 9.999947438991437787e-01 9.423517000000000143e-01
9.983115384223333333e-01 -6.672080701917843665e-03 -5.770230144406161832e-02 5.150180000000000036e-02 7.539913385562143494e-03 9.998615235382790623e-01 1.483520993615166858e-02 -2.572910000000000127e-02 5.759532931560058799e-02 -1.524523160921367748e-02 9.982236026833912756e-01 1.091302999999999912e+00
9.999883846389299169e-01 -1.515427621413636657e-03 -4.575376088135785918e-03 -4.649300000000000307e-03 1.515363565814132349e-03 9.999988516834288355e-01 -1.746673984484254378e-05 -1.808600000000000138e-02 4.575397303735621868e-03 1.053317873849436820e-05 9.999895327595009764e-01 1.084515200000000013e+00
9.999960560077687521e-01 -7.134816557829981847e-04 -2.716415438426720945e-03 -8.338099999999999332e-03 7.029143053107907678e-04 9.999921901763814125e-01 -3.889151285710119171e-03 -1.614830000000000085e-02 2.719169061800191280e-03 3.887226539656825006e-03 9.999887477314145512e-01 1.152373799999999893e+00
9.999937257452339301e-01 -4.569314925539963890e-04 -3.512788604102523842e-03 -8.226600000000000579e-03 4.506667538885062124e-04 9.999983071315450278e-01 -1.783993699845765318e-03 -1.876500000000000043e-02 3.513597820317484761e-03 1.782399409577483957e-03 9.999922388112328919e-01 1.222923999999999900e+00
9.999724053926746237e-01 -1.075516843569723725e-03 -7.350626960178682084e-03 -1.764699999999999906e-03 1.062867679818799019e-03 9.999979481733717313e-01 -1.724517712810333826e-03 -2.775259999999999880e-02 7.352466625813711826e-03 1.716657381598844442e-03 9.999714967547578270e-01 1.380223299999999931e+00
9.999597025989315213e-01 -1.765274119774086102e-03 -8.802101200205299930e-03 -5.366999999999999809e-04 1.781088798668158417e-03 9.999968132762402373e-01 1.789178598063202253e-03 -3.385509999999999908e-02 8.798914759665453500e-03 -1.804783822668082219e-03 9.999596601135496421e-01 1.452109300000000047e+00
9.999512985466668669e-01 -2.565804012899872664e-03 -9.529805066313006001e-03 -3.160000000000000238e-05 2.588929366665757882e-03 9.999937323693901536e-01 2.415091441511149108e-03 -3.467429999999999818e-02 9.523548685702917793e-03 -2.439645815242793246e-03 9.999516739066579563e-01 1.528116299999999983e+00
9.999378836611908516e-01 -3.099845659135479214e-03 -1.070606258473357116e-02 1.541000000000000052e-04 3.124853353711362636e-03 9.999924266335168399e-01 2.319906706772871616e-03 -3.620450000000000057e-02 1.069879015106343749e-02 -2.353217478234816227e-03 9.999399973282414589e-01 1.601398899999999959e+00
9.999128568970401254e-01 -3.971175537450845512e-03 -1.259001099483570731e-02 -7.154999999999999902e-04 3.981850670765333354e-03 9.999917337738215561e-01 8.229515550821584488e-04 -4.005530000000000201e-02 1.258663883787318645e-02 -8.730113842547925157e-04 9.999204040191838061e-01 1.746126499999999915e+00
9.998350175899655135e-01 -3.999306184163880541e-03 -1.771844098443045926e-02 -1.014399999999999937e-03 4.046754364729693125e-03 9.999883194829128907e-01 2.642853921700594449e-03 -4.280470000000000108e-02 1.770766444184488156e-02 -2.714120075681172254e-03 9.998395232097148089e-01 1.795650500000000038e+00
9.998924603314616188e-01 -4.289380257288216529e-03 -1.402387212238100263e-02 -2.371700000000000023e-03 4.307986654887238816e-03 9.999898796948892832e-01 1.296826427132316334e-03 -4.253160000000000274e-02 1.401816761484262104e-02 -1.357101620801253383e-03 9.999008197075912596e-01 1.888532000000000100e+00
9.998856654964847213e-01 -5.070321588148431029e-03 -1.424597394510618807e-02 -3.838700000000000011e-03 5.093784187335747247e-03 9.999857286588645922e-01 1.611161460686083959e-03 -4.383589999999999709e-02 1.423760152921610227e-02 -1.683543166155172322e-03 9.998972229109864829e-01 1.959949299999999894e+00
9.998704549615722303e-01 -5.719444808693685545e-03 -1.504530644483080548e-02 -4.612200000000000327e-03 5.739381475239412056e-03 9.999827074995605303e-01 1.282264454005883859e-03 -4.496150000000000146e-02 1.503771243308766117e-02 -1.368449096106676968e-03 9.998859907768741229e-01 2.031763600000000114e+00
9.998692251892808969e-01 -5.653504003378989964e-03 -1.515158116734536924e-02 -6.350599999999999648e-03 5.675323184604326096e-03 9.999829187757544036e-01 1.397448916116336790e-03 -4.628589999999999788e-02 1.514342187674799257e-02 -1.483256284881291805e-03 9.998842316611739056e-01 2.102393399999999968e+00
9.998652481210440479e-01 -6.057898000175862725e-03 -1.525737433710054256e-02 -7.727399999999999720e-03 6.082488886114502565e-03 9.999802755280304822e-01 1.565849237487267715e-03 -4.701690000000000036e-02 1.524758763848375193e-02 -1.658441046197057329e-03 9.998823734042435740e-01 2.174296899999999866e+00
9.998748933861029142e-01 -5.625515103181908533e-03 -1.478347577375175095e-02 -9.328200000000000033e-03 5.671318225157831461e-03 9.999792416581244625e-01 3.058169784567914880e-03 -4.840400000000000258e-02 1.476596511299635081e-02 -3.141628982888302907e-03 9.998860417275639012e-01 2.245760900000000060e+00
9.998812465350154222e-01 -4.742156311991925326e-03 -1.466304133174722683e-02 -1.197649999999999930e-02 4.791946564800941312e-03 9.999828657397843434e-01 3.362361516632445934e-03 -5.067209999999999770e-02 1.464684524749219723e-02 -3.432226735091015429e-03 9.998868384692014555e-01 2.388960799999999995e+00
9.998845994348786181e-01 -3.840833709054378240e-03 -1.469815666577902608e-02 -1.324189999999999916e-02 3.892531215065244115e-03 9.999863329521148092e-01 3.490287913895785774e-03 -5.190209999999999962e-02 1.468455016989405476e-02 -3.547098166323550249e-03 9.998858845292828423e-01 2.460291900000000087e+00
9.999048022185497153e-01 -9.699928350326093894e-04 -1.376392437435566135e-02 -1.515219999999999935e-02 1.038353202514265446e-03 9.999871582593939934e-01 4.960356734013822780e-03 -5.255350000000000299e-02 1.375893611111792675e-02 -4.974176334010819295e-03 9.998929688956155193e-01 2.532285700000000084e+00
9.999253893783356384e-01 -9.527443631932228357e-04 -1.217817534617979952e-02 -1.610850000000000129e-02 1.052401580877468422e-03 9.999659937309667290e-01 8.179476300646104994e-03 -5.364889999999999937e-02 1.216996826193332895e-02 -8.191682355820946101e-03 9.998923883162051940e-01 2.604169600000000084e+00
9.999457905455572115e-01 -4.438089116950876597e-04 -1.040283633777683465e-02 -1.710539999999999977e-02 5.573625467897038409e-04 9.999402711606094618e-01 1.091528553168616585e-02 -5.425930000000000336e-02 1.039737068744335004e-02 -1.092049197136746481e-02 9.998863123064998248e-01 2.675443200000000132e+00
9.999629492656597618e-01 -9.562462027049096667e-05 -8.607610112892042850e-03 -1.810169999999999835e-02 2.171646882187484525e-04 9.999002807985476471e-01 1.412024427846934535e-02 -5.451319999999999777e-02 8.605401525887916916e-03 -1.412159038201623792e-02 9.998632545251679993e-01 2.747130400000000083e+00
9.999726142258377193e-01 -9.053108219629050655e-04 -7.345148784036321238e-03 -1.834140000000000076e-02 1.015421982461734438e-03 9.998869608004916643e-01 1.500115126760028471e-02 -5.465260000000000257e-02 7.330737789713043587e-03 -1.500819887499925918e-02 9.998604973945049990e-01 2.819541500000000145e+00
9.999813498488329122e-01 -2.519234973571165929e-03 -5.563578853033856672e-03 -1.865850000000000147e-02 2.591831894613376604e-03 9.999110918127345204e-01 1.308017114931145711e-02 -5.492029999999999829e-02 5.530132180703683023e-03 -1.309434706326172149e-02 9.998989727532731075e-01 2.891478799999999794e+00
9.999876988063457484e-01 -1.375142020492161124e-03 -4.765629067879354440e-03 -1.545659999999999916e-02 1.431599991520599545e-03 9.999285976399711062e-01 1.186381655391913204e-02 -5.839459999999999790e-02 4.748974358050180207e-03 -1.187049308934738992e-02 9.999182659779559668e-01 3.043053899999999867e+00
9.999894295303214387e-01 -1.369249397457956855e-03 -4.389303328527716097e-03 -1.660129999999999939e-02 1.420695202569672655e-03 9.999300850055871104e-01 1.173911094848192893e-02 -5.958870000000000139e-02 4.372922679817124042e-03 -1.174522272274705625e-02 9.999214605609929585e-01 3.115035799999999799e+00
9.999864114237047019e-01 -2.003142030507536024e-03 -4.812939844514494379e-03 -1.744659999999999961e-02 2.054386303522264673e-03 9.999410068684468911e-01 1.066594017574030648e-02 -6.032969999999999999e-02 4.791290521060185582e-03 -1.067568287849471331e-02 9.999315343213357465e-01 3.187000299999999786e+00
9.999778986704433992e-01 -1.676505900347942694e-03 -6.433622510738278011e-03 -1.810830000000000078e-02 1.748221814162868740e-03 9.999362230937536289e-01 1.115766397986310728e-02 -6.099290000000000267e-02 6.414506304702246448e-03 -1.116866477987176788e-02 9.999170540779379612e-01 3.258411399999999958e+00
9.999683035807455100e-01 -1.384503072600045803e-03 -7.840598515925686560e-03 -1.890170000000000045e-02 1.478622624615941617e-03 9.999267711126286207e-01 1.201108185829828472e-02 -6.125629999999999964e-02 7.823394977881975923e-03 -1.202229443636818225e-02 9.998971241720346903e-01 3.329725700000000010e+00
9.999585664800126894e-01 -2.293369983713147795e-03 -8.809414132392582794e-03 -1.988679999999999962e-02 2.409279304672311533e-03 9.999103766182685371e-01 1.316943826988994232e-02 -6.227080000000000115e-02 8.778422208476436769e-03 -1.319011695286162467e-02 9.998744721805330471e-01 3.401279699999999906e+00
9.999527831723636906e-01 -1.162845754821411563e-03 -9.647757024006737431e-03 -2.097200000000000106e-02 1.289872032551612081e-03 9.999124313085846483e-01 1.317064708715712934e-02 -6.288910000000000333e-02 9.631596751495500458e-03 -1.318246958294587781e-02 9.998667185378815603e-01 3.472286200000000100e+00
9.999487243601047348e-01 -5.957434674309416414e-04 -1.010909196319284727e-02 -2.192559999999999995e-02 7.190151949071059033e-04 9.999253809946446747e-01 1.219489482792292419e-02 -6.290909999999999558e-02 1.010107260387576623e-02 -1.220153811761541703e-02 9.998745375294920690e-01 3.543664500000000217e+00
9.999487629205401351e-01 -1.622149148826288129e-03 -9.992005095099044942e-03 -2.316760000000000000e-02 1.744544439261673909e-03 9.999234096654184833e-01 1.225281060749558969e-02 -6.356180000000000163e-02 9.971363917787991887e-03 -1.226961430619061440e-02 9.998750064215008448e-01 3.615298500000000193e+00
9.999410801772290469e-01 -3.095337586257385174e-03 -1.040456915127209447e-02 -2.389200000000000004e-02 3.214465879188317752e-03 9.999292517093963939e-01 1.145245759643273922e-02 -6.432169999999999555e-02 1.036838382333691785e-02 -1.148522795218528611e-02 9.998802859121577180e-01 3.686197299999999899e+00
9.999380310097835123e-01 -3.634744805355688904e-03 -1.052248879672772371e-02 -2.543389999999999887e-02 3.775772823273818198e-03 9.999029015241708285e-01 1.341383849356109388e-02 -6.550190000000000179e-02 1.047271119931928070e-02 -1.345273777876660783e-02 9.998546625217044070e-01 3.757053099999999812e+00
9.999371719813815451e-01 -3.353801447461696606e-03 -1.069598549587645608e-02 -2.800599999999999964e-02 3.498333644020509402e-03 9.999024431172787164e-01 1.352279223431403395e-02 -6.642770000000000619e-02 1.064958926870468101e-02 -1.355936074998794448e-02 9.998513539444048304e-01 3.899380199999999963e+00
9.999405218468564449e-01 -1.858245764253444940e-03 -1.074707826881883543e-02 -2.924240000000000173e-02 1.994818978294303838e-03 9.999172194644376788e-01 1.271121220621383024e-02 -6.698550000000000337e-02 1.072256806368328957e-02 -1.273189464247944172e-02 9.998614530988443327e-01 3.969749900000000054e+00
9.999428853700216280e-01 2.211787294312539398e-03 -1.045628972631077770e-02 -3.208280000000000159e-02 -2.073658576157637150e-03 9.999106923983598350e-01 1.320254397993763686e-02 -6.800040000000000251e-02 1.048455711918069334e-02 -1.318010714665769460e-02 9.998581693608434851e-01 4.111474000000000295e+00
9.999402547438150934e-01 3.632330005761333271e-03 -1.030985555686478664e-02 -3.310219999999999829e-02 -3.492199681092036153e-03 9.999017232809468414e-01 1.357749318468400024e-02 -6.833559999999999635e-02 1.035816027398449302e-02 -1.354067791958754596e-02 9.998546687180175363e-01 4.182414999999999772e+00
9.999470781786102824e-01 4.228730267504319032e-03 -9.378629024807844453e-03 -3.408819999999999906e-02 -4.092140667326021886e-03 9.998859788598140064e-01 1.453559989509753403e-02 -6.857879999999999532e-02 9.439026794065786749e-03 -1.449645197543991335e-02 9.998503676317295197e-01 4.253680199999999800e+00
9.999580195890995782e-01 5.818779130381530711e-03 -7.078196724992745666e-03 -3.511330000000000007e-02 -5.708755851973852831e-03 9.998640956099584809e-01 1.546610541482029179e-02 -6.897509999999999752e-02 7.167228618400279215e-03 -1.542504844438472543e-02 9.998553388937920783e-01 4.324618799999999652e+00
9.999788653249156445e-01 4.751424935241594857e-03 -4.437664315734924335e-03 -3.580769999999999786e-02 -4.692721879280783992e-03 9.999025705293963506e-01 1.314639912939777507e-02 -6.919359999999999400e-02 4.499696085081984938e-03 -1.312529656009629210e-02 9.999037350292034887e-01 4.394997100000000323e+00
9.999961314086611708e-01 2.007326577984741914e-03 -1.925566857076525069e-03 -3.621280000000000332e-02 -1.991435770115812867e-03 9.999642383690050540e-01 8.219255846437812166e-03 -6.977289999999999881e-02 1.941996726376937201e-03 -8.215389406778900519e-03 9.999643673779630149e-01 4.464807000000000414e+00
9.999947963467419321e-01 3.151531590098274015e-03 6.892953464933391540e-04 -3.656949999999999784e-02 -3.156812190035404239e-03 9.999646055116013788e-01 7.798862790447752547e-03 -7.029040000000000288e-02 -6.646925867862564508e-04 -7.800998183822328846e-03 9.999693508358649119e-01 4.534746199999999838e+00
9.999905495674645817e-01 2.568719292753299157e-03 3.507485845334599051e-03 -3.656620000000000009e-02 -2.607986903292197189e-03 9.999334610537811141e-01 1.123707565688755218e-02 -7.086069999999999869e-02 -3.478387567888597143e-03 -1.124611693881027823e-02 9.999307104363412968e-01 4.605460599999999793e+00
9.999744712228183507e-01 2.309357121237956903e-03 6.761935546236485031e-03 -3.634230000000000099e-02 -2.394918367258853757e-03 9.999168296943379275e-01 1.267272898939138248e-02 -7.157209999999999961e-02 -6.732107297053067235e-03 -1.268859975375462995e-02 9.998968337621786384e-01 4.675394100000000108e+00
9.999381602344865616e-01 2.548172805007797859e-03 1.082508763133807617e-02 -3.592390000000000166e-02 -2.666068935047127136e-03 9.999371417447580068e-01 1.089057554756709539e-02 -7.197820000000000606e-02 -1.079665611677553538e-02 -1.091876250678200030e-02 9.998820994707409149e-01 4.745734699999999862e+00
9.997772958097005391e-01 1.591313921885702124e-04 2.110292540484346585e-02 -3.324339999999999934e-02 -2.308463223149512505e-04 9.999942071061249660e-01 3.395948198627723839e-03 -7.448950000000000016e-02 -2.110226275587149397e-02 -3.400063439453644525e-03 9.997715409408239884e-01 4.953617999999999633e+00
9.996965977242860957e-01 -4.361692128553059495e-04 2.462767254339202905e-02 -3.147060000000000135e-02 3.069718618038958370e-04 9.999861738459461247e-01 5.249560478861409196e-03 -7.552470000000000017e-02 -2.462962173405935928e-02 -5.240407747773083783e-03 9.996829096567941830e-01 5.022355100000000405e+00
9.995977754763333278e-01 6.429884531247281052e-04 2.835266880939133621e-02 -2.996269999999999836e-02 -8.024604359162772075e-04 9.999839218429090737e-01 5.613565081449742832e-03 -7.649659999999999793e-02 -2.834860349320003636e-02 -5.634059062880958542e-03 9.995822197590658043e-01 5.091461699999999979e+00
9.993646414552722623e-01 6.722495747054840830e-05 3.564139292704819606e-02 -2.613510000000000139e-02 -1.167457705118320394e-04 9.999990308296674568e-01 1.387339234245737844e-03 -7.872450000000000281e-02 -3.564126512064653973e-02 -1.390618758288207114e-03 9.993636807489398866e-01 5.228100799999999992e+00
9.992484784466307834e-01 6.561640917468052362e-05 3.876175971986045576e-02 -2.359860000000000083e-02 -1.087508026468903726e-04 9.999993772586411866e-01 1.110700496398446492e-03 -7.988879999999999593e-02 -3.876166270113129420e-02 -1.114081153517605801e-03 9.992478633091126383e-01 5.296667600000000142e+00
9.991310077442067117e-01 -1.110616398400805869e-03 4.166528405353275843e-02 -2.089099999999999985e-02 1.013720618227963253e-03 9.999967328402769029e-01 2.346631475086901307e-03 -8.074810000000000321e-02 -4.166775413379208981e-02 -2.302355312998459469e-03 9.991288692783621972e-01 5.365222900000000017e+00
9.990230212991013659e-01 -1.678165242644694393e-03 4.416091796864917568e-02 -1.766010000000000149e-02 1.511449565898372645e-03 9.999916061314091387e-01 3.808304994940547687e-03 -8.179920000000000246e-02 -4.416693825278279056e-02 -3.737837361780575914e-03 9.990171720932687904e-01 5.433498400000000395e+00
9.988990253630086746e-01 -2.623569101768800059e-03 4.683859534614285419e-02 -1.460820000000000000e-02 2.363438287876618200e-03 9.999814804634920007e-01 5.608287573062302467e-03 -8.259320000000000550e-02 -4.685244164705688191e-02 -5.491412861095973375e-03 9.988867268597065863e-01 5.501890200000000064e+00
9.987801286757123087e-01 -4.178136638003513564e-03 4.920160298975755075e-02 -1.122199999999999934e-02 3.871368536207225788e-03 9.999724804873482142e-01 6.328568055803103151e-03 -8.306940000000000157e-02 -4.922669060768163074e-02 -6.130370479362519734e-03 9.987688178400451200e-01 5.570014999999999716e+00
9.984142720275116512e-01 -5.876213554305828590e-03 5.598581540031370013e-02 -8.015000000000000206e-04 6.024255687608665380e-03 9.999787889654833117e-01 -2.475876114743964015e-03 -8.567969999999999753e-02 -5.597007910646655676e-02 2.809222915583147167e-03 9.984284944408519102e-01 5.774405500000000302e+00
9.983407952450594758e-01 -5.236092463432633765e-03 5.734317644826232574e-02 9.995999999999999677e-03 5.301131760385104433e-03 9.999854665838560086e-01 -9.821522930566408283e-04 -8.931260000000000587e-02 -5.733720041579637439e-02 1.284506435213175974e-03 9.983540431588868724e-01 5.979684800000000244e+00
9.984180832307198994e-01 -5.819425677790938424e-03 5.592374596426786387e-02 1.359010000000000079e-02 5.805573301434993790e-03 9.999830633998056939e-01 4.101611656229313635e-04 -9.048140000000000349e-02 -5.592518570856035848e-02 -8.484291831053857166e-05 9.984349585251621750e-01 6.048727000000000409e+00
9.990008927355056301e-01 -2.908117364776683679e-03 4.459550613072432029e-02 2.584629999999999914e-02 2.860440125466242114e-03 9.999952672212614191e-01 1.132880120147478509e-03 -9.436509999999999343e-02 -4.459858961841068475e-02 -1.004185476237838114e-03 9.990044831809204995e-01 6.328471200000000074e+00
9.993325714315498542e-01 -2.604640124092112100e-03 3.643662341422753553e-02 3.114659999999999998e-02 2.517301407055018165e-03 9.999938482484049818e-01 2.442674553036951017e-03 -9.610760000000000136e-02 -3.644276155332227402e-02 -2.349322278867859402e-03 9.993329804500589164e-01 6.467946500000000043e+00
9.996218245891823617e-01 -2.460182183853707859e-03 2.738896326289366051e-02 3.531089999999999923e-02 2.360153911632633782e-03 9.999904293554849888e-01 3.683866304051366600e-03 -9.777239999999999542e-02 -2.739776411511156418e-02 -3.617830987617953395e-03 9.996180639726542916e-01 6.609956699999999685e+00
9.997424378571766468e-01 -1.869372151559516677e-03 2.261776724498380450e-02 3.655599999999999822e-02 1.786786097675512703e-03 9.999916654031765217e-01 3.671037948951684851e-03 -9.848450000000000260e-02 -2.262444127112185968e-02 -3.629679316477369723e-03 9.997374455752016109e-01 6.680379900000000148e+00
9.999838951712047841e-01 5.555357829038571650e-03 1.160774575935516343e-03 3.788989999999999719e-02 -5.558586459597505795e-03 9.999806393157262274e-01 2.796982352923755698e-03 -1.049955000000000055e-01 -1.145213864733440846e-03 -2.803389573842258748e-03 9.999954147355383238e-01 7.107053800000000088e+00
9.999587173182937772e-01 9.072505654338194545e-03 -5.032894839581134646e-04 3.622469999999999857e-02 -9.070472087240348188e-03 9.999512355540496333e-01 3.905515336573116194e-03 -1.068629999999999997e-01 5.386977512994396353e-04 -3.900789033210533708e-03 9.999922467947695015e-01 7.250718599999999903e+00
9.999149069205065521e-01 1.286315088072037711e-02 -2.172157354911794479e-03 3.517649999999999944e-02 -1.284897006972812554e-02 9.998968329473293393e-01 6.420858980516728348e-03 -1.087145000000000056e-01 2.254525737689766322e-03 -6.392402625013081374e-03 9.999770268873069412e-01 7.394714399999999799e+00
9.999471058536606449e-01 9.280763544091501921e-03 -4.433161730283781930e-03 3.276300000000000046e-02 -9.241210720653692673e-03 9.999180405180212450e-01 8.860715039842795640e-03 -1.107865999999999990e-01 4.515032591761196888e-03 -8.819278578176515185e-03 9.999509161984181382e-01 7.683511300000000155e+00
9.999588947325385169e-01 7.318476003703900008e-03 -5.352453107042188553e-03 3.218010000000000315e-02 -7.260765395397237275e-03 9.999161437404305852e-01 1.072318857147618217e-02 -1.113442999999999933e-01 5.430481668588651480e-03 -1.068388488564181275e-02 9.999281796572179193e-01 7.756230399999999747e+00
9.999779193587970960e-01 3.657942785268527251e-03 -5.547995082074092324e-03 3.152689999999999659e-02 -3.589480341409697316e-03 9.999179070710610961e-01 1.230019306789083798e-02 -1.116430000000000061e-01 5.592533033398168138e-03 -1.228000705245963810e-02 9.999089583562404959e-01 7.829188300000000211e+00
9.999814141172728155e-01 1.991465576889722613e-03 -5.762420053708469832e-03 3.095950000000000091e-02 -1.914429466701741750e-03 9.999091391032050025e-01 1.334348146865863352e-02 -1.118707000000000035e-01 5.788469559075379821e-03 -1.333220172152655217e-02 9.998943674295901474e-01 7.901893099999999670e+00
9.999814989477557869e-01 -2.230635047703057126e-03 -5.659154484842576251e-03 3.070530000000000134e-02 2.296866011809642946e-03 9.999286341203642570e-01 1.172395294712908105e-02 -1.123935999999999963e-01 5.632598753963282377e-03 -1.173673436125491180e-02 9.999152578582898299e-01 7.975463900000000272e+00
9.999749901850571998e-01 -4.432647879607472426e-03 -5.510956103075014684e-03 3.019729999999999984e-02 4.490373043334082610e-03 9.999347202763568809e-01 1.050674715482703865e-02 -1.125803999999999971e-01 5.464023638886181949e-03 -1.053123063175329284e-02 9.999296163365971601e-01 8.048718499999999665e+00
9.999686204577867832e-01 -5.743293112649226762e-03 -5.456435097486016586e-03 2.978110000000000132e-02 5.798865597950252082e-03 9.999309178186903679e-01 1.022412578407312297e-02 -1.130044000000000048e-01 5.397338003848780458e-03 -1.025544608946074923e-02 9.999328450290941861e-01 8.122073200000000881e+00
9.999659499965855014e-01 -6.362516673031191027e-03 -5.255209701967900743e-03 2.930560000000000109e-02 6.419582947917236958e-03 9.999198285362712602e-01 1.091446080980299459e-02 -1.137447999999999931e-01 5.185344945234374864e-03 -1.094782542696563603e-02 9.999266259662353828e-01 8.195351600000000403e+00
9.999753723100149871e-01 -5.633949433644166657e-03 -4.184899906331273657e-03 2.813320000000000057e-02 5.686156349868690812e-03 9.999048302309195835e-01 1.256972978392202622e-02 -1.137568999999999941e-01 4.113684408376376382e-03 -1.259321621568966140e-02 9.999122404020930333e-01 8.268706299999999842e+00
9.999871094775154567e-01 -3.983867773068129788e-03 -3.147963845117076730e-03 2.714499999999999899e-02 4.023544777352659231e-03 9.999112584930950343e-01 1.269985142352075824e-02 -1.149122000000000060e-01 3.097089961252860648e-03 -1.271235368928875023e-02 9.999143983849069217e-01 8.414244699999999355e+00
9.999911010349669116e-01 -3.213465031105265483e-03 -2.733403257566342955e-03 2.665330000000000130e-02 3.242826075568843586e-03 9.999363569924973882e-01 1.080583377701268069e-02 -1.153052999999999995e-01 2.698505126587947937e-03 -1.081460156763442565e-02 9.999378793020169409e-01 8.487671900000000491e+00
9.999919244632271553e-01 -3.458695787612853321e-03 -2.046565850477301187e-03 2.599649999999999878e-02 3.476027041125555241e-03 9.999576081198119359e-01 8.526382545606175575e-03 -1.161910000000000026e-01 2.016988929308907112e-03 -8.533427608728090183e-03 9.999615554454609478e-01 8.559972800000000603e+00
9.999882366388859189e-01 -4.589749477871058435e-03 -1.568688491032792058e-03 2.569940000000000072e-02 4.596601707501772084e-03 9.999797870886575346e-01 4.392797157372281373e-03 -1.170042000000000026e-01 1.548494944811955754e-03 -4.399956119509437942e-03 9.999891212156022391e-01 8.632493999999999446e+00
9.999868615954518036e-01 -5.013412601123918948e-03 -1.068798657143719575e-03 2.484360000000000041e-02 5.013754361125691457e-03 9.999873807074545207e-01 3.173216832459063242e-04 -1.204980999999999969e-01 1.067194305135398110e-03 -3.226762080736795277e-04 9.999993784879968040e-01 8.849006700000000336e+00
9.999923547735373175e-01 -3.614974456203289953e-03 -1.490756236550335291e-03 2.434520000000000087e-02 3.617409687505328524e-03 9.999921219908123327e-01 1.634106320015282039e-03 -1.227744999999999947e-01 1.484837239753431437e-03 -1.639486502954207474e-03 9.999975536681967592e-01 8.992202799999999385e+00
9.999950180793194532e-01 -2.408064970502778960e-03 -2.040842874745112025e-03 2.330760000000000123e-02 2.411527260621460726e-03 9.999956544904118338e-01 1.695740712523471265e-03 -1.249769000000000019e-01 2.036750552433948345e-03 -1.700653812704839727e-03 9.999964797057020460e-01 9.135350199999999532e+00
9.999908382085348491e-01 -2.504933694551325293e-03 -3.471139031740151995e-03 2.221290000000000070e-02 2.515848439514076391e-03 9.999918939943932550e-01 3.143636769021125859e-03 -1.271008000000000138e-01 3.463236293001547249e-03 -3.152340827392946260e-03 9.999890343107201707e-01 9.278598799999999258e+00
9.999864631045499719e-01 -1.320059200287043840e-03 -5.032996260705614733e-03 2.121489999999999834e-02 1.332329777927238187e-03 9.999961467242735047e-01 2.435453544652780525e-03 -1.292321999999999915e-01 5.029761924324801375e-03 -2.442126186963107948e-03 9.999843686351660432e-01 9.421956099999999168e+00
9.999796109831989854e-01 -3.810325587614932989e-04 -6.374357385591639981e-03 1.967680000000000123e-02 3.873634139409949770e-04 9.999994329720833797e-01 9.919703107229812036e-04 -1.311640000000000028e-01 6.373975798167340855e-03 -9.944192782622126095e-04 9.999791915649162144e-01 9.564604799999999685e+00
9.999690985653018060e-01 -4.463497635910248476e-04 -7.848737884937052184e-03 1.811750000000000166e-02 4.392432793869721305e-04 9.999994920895283190e-01 -9.071306559379999036e-04 -1.336191999999999935e-01 7.849138796034715870e-03 9.036551189316441085e-04 9.999687867266591201e-01 9.707701699999999434e+00
9.999643724701884340e-01 -5.200939902011502509e-04 -8.425158309709057311e-03 1.718539999999999998e-02 5.146966795896039176e-04 9.999996609644794532e-01 -6.427738747965155205e-04 -1.350015999999999994e-01 8.425489756110465453e-03 6.384145733441051740e-04 9.999643011373967605e-01 9.779059399999999513e+00
9.999565498942133424e-01 -3.320410038747980937e-04 -9.316011616221874653e-03 1.645579999999999959e-02 3.383516620230642711e-04 9.999997143851114823e-01 6.758312277809166340e-04 -1.361894999999999911e-01 9.315784551750933701e-03 -6.789539508563502976e-04 9.999563766383602337e-01 9.850696599999999137e+00
9.999499868965592286e-01 -2.870862160448585799e-04 -9.997063922758160290e-03 1.534059999999999938e-02 3.001063084441623718e-04 9.999991087766674225e-01 1.300915859884028275e-03 -1.375126999999999877e-01 9.996681538129928088e-03 -1.303850978993699537e-03 9.999491818741839122e-01 9.921634700000000251e+00
9.999405403579365581e-01 3.642605393515115715e-04 -1.089876428488226710e-02 1.433790000000000064e-02 -3.477286345310437042e-04 9.999987862910076908e-01 1.518716994116451734e-03 -1.384578999999999949e-01 1.089930426562544900e-02 -1.514836879324727922e-03 9.999394533849308431e-01 9.992793999999999954e+00
9.999341406985926550e-01 1.051424247734110157e-03 -1.142841950658229216e-02 1.299950000000000064e-02 -1.034140710810465841e-03 9.999983129098314327e-01 1.518133881147007425e-03 -1.393932999999999978e-01 1.142999642858204615e-02 -1.506215304038174829e-03 9.999335410401536395e-01 1.006393910000000069e+01
9.999265214630276288e-01 1.329972769401848885e-03 -1.204918450692470631e-02 1.170640000000000049e-02 -1.319178378756592123e-03 9.999987214885235343e-01 9.037641967243576586e-04 -1.408043999999999962e-01 1.205037108367563482e-02 -8.878027657702303567e-04 9.999269975168160185e-01 1.013530160000000002e+01
9.999194468612404574e-01 2.332122171146991819e-03 -1.247641755031274162e-02 1.045450000000000025e-02 -2.328583694290523465e-03 9.999972444037075192e-01 2.981324710959461590e-04 -1.420043000000000000e-01 1.247707845168857972e-02 -2.690560731188149242e-04 9.999221220285807732e-01 1.020698359999999916e+01
9.999164538295166604e-01 2.068165125900714180e-03 -1.275962593558565943e-02 9.103699999999999293e-03 -2.056948382327029260e-03 9.999974865200361718e-01 8.921417837616143608e-04 -1.434439999999999882e-01 1.276143896104606039e-02 -8.658213568047518852e-04 9.999181946684546629e-01 1.027828880000000034e+01
9.999122180829259632e-01 2.140138004937804702e-03 -1.307577675715895435e-02 7.908300000000000052e-03 -2.143367727193209050e-03 9.999976758421280643e-01 -2.329916916209328530e-04 -1.447116999999999987e-01 1.307524773261539708e-02 2.609974370728576241e-04 9.999144812318044861e-01 1.034914110000000065e+01
9.999050685245637338e-01 -2.169521296020921093e-03 -1.360687753430542962e-02 5.872099999999999889e-03 2.144374219276443463e-03 9.999959664935637038e-01 -1.862432766885573944e-03 -1.471909000000000134e-01 1.361086323842748344e-02 1.833077726005696330e-03 9.999056876665695093e-01 1.049131769999999975e+01
9.998932401521429814e-01 -2.666839320139911818e-03 -1.436649804543257102e-02 4.055399999999999804e-03 2.757389140818372435e-03 9.999764366432996043e-01 6.286729141217667349e-03 -1.495762999999999954e-01 1.434939382604572163e-02 -6.325671996673096209e-03 9.998770328248446360e-01 1.063334940000000017e+01
9.998914214173671988e-01 -1.804021674870403972e-03 -1.462500877789665345e-02 2.941699999999999784e-03 1.884264276554866108e-03 9.999832381962500127e-01 5.474748823282317087e-03 -1.503587999999999869e-01 1.461488707082800494e-02 -5.501711764399307147e-03 9.998780606871862098e-01 1.070407769999999914e+01
9.998928646817100141e-01 -3.076649817683668265e-04 -1.463436028197439599e-02 1.602399999999999918e-03 3.403172546247375556e-04 9.999974583853130650e-01 2.228768063404052303e-03 -1.511649999999999938e-01 1.463363737318377523e-02 -2.233509608942535560e-03 9.998904280430216396e-01 1.077384570000000075e+01
9.998907936949114061e-01 1.910242697381827508e-04 -1.477715107483176631e-02 1.482999999999999997e-04 -1.837655116325540721e-04 9.999998618018812735e-01 4.925712691236667357e-04 -1.522412999999999961e-01 1.477724312572426500e-02 -4.898019465076348510e-04 9.998906906155574648e-01 1.084316830000000031e+01
9.998935332361230666e-01 -1.006540040982387184e-04 -1.459150647991402754e-02 -2.654899999999999968e-03 1.265398567577149332e-04 9.999984200095529685e-01 1.773123250735325227e-03 -1.547012000000000109e-01 1.459130495351823424e-02 -1.774780879180712064e-03 9.998919661506358025e-01 1.098153590000000079e+01
9.998967598331990336e-01 5.604856161715844837e-05 -1.436894337203594926e-02 -4.068399999999999794e-03 4.050017304362759924e-06 9.999912534270674058e-01 4.182469720159521717e-03 -1.561317000000000121e-01 1.436905211443660277e-02 -4.182096115757275023e-03 9.998880139362663622e-01 1.105143640000000005e+01
9.999249416988200689e-01 -7.781475591707119870e-04 -1.222724232962168166e-02 -6.461599999999999636e-03 8.298186805384415339e-04 9.999907455634755582e-01 4.221396494238853492e-03 -1.584028000000000103e-01 1.222384430400538964e-02 -4.231226037485978989e-03 9.999163336782987965e-01 1.118889240000000029e+01
9.999391468082613477e-01 -1.761081141703236446e-03 -1.089042118463843384e-02 -7.286100000000000215e-03 1.790461865072778521e-03 9.999947825851027705e-01 2.688689063987014655e-03 -1.593446000000000029e-01 1.088562936518621543e-02 -2.708024332501553916e-03 9.999370828594859040e-01 1.125765709999999942e+01
9.999648215961706166e-01 -2.536723679396380576e-03 -7.995036154577373974e-03 -9.650300000000000544e-03 2.542431538671681424e-03 9.999965203176301998e-01 7.038426688499222665e-04 -1.621405999999999958e-01 7.993222880026381108e-03 -7.241447408605029617e-04 9.999677914824979252e-01 1.139355559999999912e+01
9.999831192008900027e-01 -2.392510805636452118e-03 -5.295017025811065911e-03 -1.103669999999999998e-02 2.409462752086036046e-03 9.999919854323322532e-01 3.197430272673633909e-03 -1.641360000000000041e-01 5.287324702061169113e-03 -3.210134443790885889e-03 9.999808694341846271e-01 1.152869130000000020e+01
9.999913728741153252e-01 -2.569997983573350017e-03 -3.263324640081884803e-03 -1.188540000000000083e-02 2.581982463910151206e-03 9.999899190045228314e-01 3.673588965025931762e-03 -1.664682000000000106e-01 3.253850626288353615e-03 -3.681983119506218941e-03 9.999879276553340635e-01 1.166138169999999974e+01
9.999977957796840622e-01 -1.664489851169674356e-03 -1.279808309320168772e-03 -1.253650000000000077e-02 1.669102929728561715e-03 9.999920840041073289e-01 3.611928090684880539e-03 -1.682391000000000025e-01 1.273786160712749374e-03 -3.614056260998181006e-03 9.999926580061271331e-01 1.179337499999999928e+01
9.999984959075718383e-01 -1.701215205925404829e-03 3.377120330418793403e-04 -1.296660000000000000e-02 1.699977829344461464e-03 9.999919626258836347e-01 3.631082347337844136e-03 -1.704481999999999942e-01 -3.438865712271846472e-04 -3.630502782885505417e-03 9.999933505736774420e-01 1.192392060000000065e+01
9.999961920824964601e-01 -2.596399671035273457e-03 9.351626891130770556e-04 -1.328529999999999989e-02 2.593187742476629060e-03 9.999907907774333582e-01 3.419610746263995488e-03 -1.714113999999999916e-01 -9.440327532084055078e-04 -3.417172672245749523e-03 9.999937158467991916e-01 1.198763180000000084e+01
9.999952614053216893e-01 -2.857923062387755613e-03 1.144308818399462913e-03 -1.351729999999999945e-02 2.852856280315074072e-03 9.999862274991773159e-01 4.405226782742173094e-03 -1.726764000000000077e-01 -1.156882857622767210e-03 -4.401941359558791955e-03 9.999896422135184926e-01 1.205019659999999959e+01
9.999941043853024514e-01 -3.346478800388594764e-03 7.695935781295608824e-04 -1.369150000000000054e-02 3.342287129401854025e-03 9.999799159197119147e-01 5.384874552912377772e-03 -1.737661000000000067e-01 -7.875984900844217517e-04 -5.382270603055765677e-03 9.999852053164456356e-01 1.211230950000000028e+01
9.999964065848825356e-01 -2.596386715637921758e-03 -6.675277860076355048e-04 -1.454510000000000004e-02 2.598800235771125348e-03 9.999899963392563373e-01 3.640530009314773240e-03 -1.772903999999999869e-01 6.580688845320612455e-04 -3.642251698746862450e-03 9.999931504504949720e-01 1.229277710000000035e+01
9.999959450011551843e-01 -2.551514291801486138e-03 -1.264814636757148050e-03 -1.493489999999999922e-02 2.556071930677319970e-03 9.999901991559552172e-01 3.614981095161041991e-03 -1.783906000000000103e-01 1.255578564577252169e-03 -3.618199393607401775e-03 9.999926660509147469e-01 1.235177230000000037e+01
9.999921759504788454e-01 -2.958605758897477414e-03 -2.625774131550836187e-03 -1.527740000000000001e-02 2.967773666196584816e-03 9.999894903213030206e-01 3.494505173403312723e-03 -1.793987999999999972e-01 2.615407672377854931e-03 -3.502270535542781164e-03 9.999904468262700297e-01 1.240956970000000048e+01
9.999847637490464347e-01 -3.476146454861967806e-03 -4.288201906178493519e-03 -1.580049999999999857e-02 3.493412533004157730e-03 9.999857955411792787e-01 4.025516705837533203e-03 -1.803262999999999949e-01 4.274147708965118225e-03 -4.040435830337881125e-03 9.999827031202404015e-01 1.246699620000000053e+01
9.999689134328333395e-01 -4.634427613819134401e-03 -6.379204390117292935e-03 -1.604939999999999839e-02 4.671859888500615524e-03 9.999718843124684176e-01 5.865518711378807544e-03 -1.814307000000000003e-01 6.351841712514572948e-03 -5.895139121648154852e-03 9.999624500157971996e-01 1.252358820000000073e+01
9.999304844923049274e-01 -4.019539359460340758e-03 -1.108465093370338342e-02 -1.735810000000000131e-02 4.103061706143355455e-03 9.999632874931646542e-01 7.522536174601826726e-03 -1.831282999999999939e-01 1.105400685814343642e-02 -7.567494248452539922e-03 9.999102669555802736e-01 1.263469410000000082e+01
