9.999999979516399629e-01 -2.059746080274338115e-05 6.060086297154231868e-05 -1.910000000000000009e-05 2.060253908272926550e-05 9.999999962765999673e-01 -8.379937558705531447e-05 1.580000000000000119e-05 -6.059913669154711971e-05 8.380062394705185282e-05 9.999999946526000327e-01 2.574000000000000224e-04
9.999991395823837337e-01 -3.046669833699604799e-04 1.275935939441129232e-03 -5.927000000000000410e-04 3.041328498094945649e-04 9.999998660573499176e-01 4.187940924828002288e-04 -1.590400000000000060e-03 -1.276063361271697911e-03 -4.184056781115489039e-04 9.999990982990867305e-01 8.551849999999999730e-02
9.999978710887000855e-01 -3.027015683808881460e-04 2.041124647862407882e-03 -6.570999999999999801e-04 3.016981143855021930e-04 9.999998335022874940e-01 4.919081673153045085e-04 -2.952800000000000216e-03 -2.041273209393569023e-03 -4.912913166289626689e-04 9.999977959158343754e-01 1.703602999999999923e-01
9.999960742606047726e-01 -4.260271090617318056e-04 2.769470036205933221e-03 -6.126999999999999851e-04 4.243719961880496874e-04 9.999997310396140371e-01 5.981881881631459117e-04 -4.398799999999999585e-03 -2.769724135712681428e-03 -5.970105543045622432e-04 9.999959860952493118e-01 2.554513999999999951e-01
9.999925865522180102e-01 2.660151298945486560e-04 3.841363892608797622e-03 -7.734000000000000423e-04 -2.651838510330010133e-04 9.999999413138469517e-01 -2.169097227103382092e-04 -5.872200000000000163e-03 -3.841421368441990270e-03 2.158894469911743863e-04 9.999925984094165665e-01 3.402918999999999805e-01
9.999895651530267271e-01 2.867842211294497094e-04 4.559313530675462509e-03 -4.920999999999999810e-04 -2.844142452108471561e-04 9.999998241203149618e-01 -5.204496866128621377e-04 -7.515100000000000252e-03 -4.559461985542847748e-03 5.191475220835183122e-04 9.999894708406947830e-01 4.256042999999999910e-01
9.999955328971975588e-01 -2.703169066627549889e-03 1.275563658572503346e-03 -1.074000000000000085e-03 2.701623910066711445e-03 9.999956167090976455e-01 1.211524180557736361e-03 -1.197469999999999958e-02 -1.278833022094278283e-03 -1.208072675275862493e-03 9.999984525720591044e-01 6.787387999999999755e-01
9.999968773850994586e-01 -2.343798378294263771e-03 -8.670808568522641625e-04 -1.337000000000000081e-03 2.344597523114882922e-03 9.999968265831781222e-01 9.217841546637087430e-04 -1.357449999999999976e-02 8.649176290364490004e-04 -9.238142319160884538e-04 9.999991992420593778e-01 7.637281999999999682e-01
9.999960773896463540e-01 -2.088478887938572011e-03 -1.866403293796096595e-03 -2.504500000000000216e-03 2.089916892548223520e-03 9.999975205551364654e-01 7.688504156800377671e-04 -1.493270000000000014e-02 1.864792938290905791e-03 -7.727480275514488290e-04 9.999979627018164008e-01 8.480138000000000398e-01
9.999959143786852911e-01 -2.929947328530993662e-04 -2.843480266109339651e-03 -2.917299999999999841e-03 2.946046660571329098e-04 9.999997965495442953e-01 5.657817253093402670e-04 -1.614360000000000100e-02 2.843313916536523416e-03 -5.666171162937010683e-04 9.999957972466761991e-01 9.324814000000000158e-01
9.999947138995705087e-01 -5.596140687608735674e-04 -3.202968156281742369e-03 -3.834900000000000028e-03 5.615844314436868297e-04 9.999996536282783621e-01 6.143014321695495356e-04 -1.751839999999999994e-02 3.202623275140245585e-03 -6.160969219614629080e-04 9.999946818002285465e-01 1.016691699999999976e+00
9.999917677240268699e-01 -1.227405293182589957e-03 -3.867552252002176300e-03 -4.125700000000000374e-03 1.232189298626688986e-03 9.999984784639059932e-01 1.234819584072850696e-03 -1.958139999999999881e-02 3.866030743288212997e-03 -1.239574975194054213e-03 9.999917585961259903e-01 1.100906600000000068e+00
9.999889691973895545e-01 -1.836017075572178407e-03 -4.323253964360814286e-03 -4.828400000000000053e-03 1.841971927231765734e-03 9.999973598730536040e-01 1.373821801347202684e-03 -2.072960000000000080e-02 4.320720190135459576e-03 -1.381769959426736331e-03 9.999897109914770432e-01 1.184827899999999934e+00
9.999864331787706728e-01 -1.684666769986305863e-03 -4.929031981449748245e-03 -5.374300000000000258e-03 1.686121751738728402e-03 9.999985361419077012e-01 2.910454950442438004e-04 -2.233989999999999934e-02 4.928534451372338851e-03 -2.993524945209812015e-04 9.999878098938235205e-01 1.269018399999999991e+00
9.999843596184351258e-01 -1.576310746213099813e-03 -5.366168366669119699e-03 -6.343599999999999586e-03 1.574876844187667263e-03 9.999987230444485897e-01 -2.714265975107928641e-04 -2.389399999999999857e-02 5.366589366973099212e-03 2.629712979925613722e-04 9.999855651781492938e-01 1.353151800000000016e+00
9.999787633632892803e-01 -7.463375933478432096e-04 -6.474241470896343990e-03 -6.735399999999999894e-03 7.476544455900632682e-04 9.999997003097286230e-01 2.009808025139331452e-04 -2.514589999999999881e-02 6.474089531100703059e-03 -2.058170297751835240e-04 9.999790216820018118e-01 1.436667200000000033e+00
9.999702299370908376e-01 -8.375888602689802965e-04 -7.670572629388880057e-03 -9.348099999999999812e-03 8.307984916188893660e-04 9.999992602657198359e-01 -8.883928631546858566e-04 -2.797519999999999868e-02 7.671311063169079444e-03 8.819937154729123310e-04 9.999701860923944086e-01 1.604866300000000079e+00
9.999622406869734803e-01 -5.262626704804392866e-04 -8.674113665903102413e-03 -1.021339999999999922e-02 5.261273529712386489e-04 9.999998614351111037e-01 -1.788203395288458401e-05 -2.975300000000000167e-02 8.674121874622449033e-03 1.331767027715375856e-05 9.999623790085023778e-01 1.688856399999999924e+00
9.999540159467582567e-01 -2.064257386535791119e-03 -9.365085872133943612e-03 -1.109399999999999969e-02 2.080493523047353792e-03 9.999963492009150690e-01 1.724277107127917619e-03 -3.123410000000000075e-02 9.361492330332187722e-03 -1.743681818377376897e-03 9.999546599896744770e-01 1.772772299999999968e+00
9.999436026777452913e-01 -2.232364906775933557e-03 -1.038306365069148821e-02 -1.201269999999999942e-02 2.249170316188468625e-03 9.999961791511662312e-01 1.607145281936774419e-03 -3.257940000000000141e-02 1.037943624384736127e-02 -1.630407921800629918e-03 9.999448030132804810e-01 1.856587299999999940e+00
9.999352021732718088e-01 -2.719096767332082262e-03 -1.105431895088586358e-02 -1.337890000000000086e-02 2.728014650791770260e-03 9.999959655382463231e-01 7.917343591976527340e-04 -3.393689999999999901e-02 1.105212155032216439e-02 -8.218394005843724119e-04 9.999385857087605967e-01 1.940209899999999932e+00
9.999207325192023266e-01 -3.323738880024857800e-03 -1.214419359691334792e-02 -1.456610000000000023e-02 3.322529277909146064e-03 9.999944732110024326e-01 -1.197774908944753395e-04 -3.548400000000000165e-02 1.214452458762122801e-02 7.941855765217449624e-05 9.999262493880403113e-01 2.024405999999999928e+00
9.999103288368684783e-01 -3.049733739780321421e-03 -1.303968594184440853e-02 -1.552420000000000015e-02 3.046129373419228115e-03 9.999953166497783652e-01 -2.962673618904737658e-04 -3.684529999999999750e-02 1.304052840899791628e-02 2.565202248839211540e-04 9.999149357901342405e-01 2.108606800000000003e+00
9.998996445570422775e-01 -3.680282026240085189e-03 -1.368050945352515882e-02 -1.693180000000000032e-02 3.685133025112607031e-03 9.999931556215669870e-01 3.294003760360695080e-04 -3.848270000000000163e-02 1.367920353265793948e-02 -3.797818161029727318e-04 9.999063631943164721e-01 2.192540199999999828e+00
9.998921878944984076e-01 -4.358709569679942650e-03 -1.402191992704035148e-02 -1.867490000000000122e-02 4.367054868918770691e-03 9.999903049839349300e-01 5.645971207269238077e-04 -3.969489999999999824e-02 1.401932306942826889e-02 -6.257707440115487614e-04 9.999015286475219089e-01 2.276641800000000160e+00
9.998791875645794969e-01 -4.831168928584874192e-03 -1.477396635909986565e-02 -1.976390000000000091e-02 4.836138767448826953e-03 9.999882606067157509e-01 3.006835162288486163e-04 -4.114349999999999952e-02 1.477234026883746630e-02 -3.720961413791899135e-04 9.998908137929076734e-01 2.360602399999999879e+00
9.998695171953574379e-01 -5.046127703191564083e-03 -1.534552634241709290e-02 -2.106119999999999867e-02 5.049942569410609781e-03 9.999872269381397949e-01 2.098585593451286952e-04 -4.257810000000000067e-02 1.534427135996977928e-02 -2.873252031383110813e-04 9.998822284552612016e-01 2.443752299999999877e+00
9.998645555396629137e-01 -5.356470421994272320e-03 -1.556209497756341070e-02 -2.234279999999999947e-02 5.363566420569104883e-03 9.999855301596235480e-01 4.142784436671125632e-04 -4.342429999999999901e-02 1.555965072630318899e-02 -4.976906620022470340e-04 9.998788174440342846e-01 2.527975599999999989e+00
9.998712035945319654e-01 -4.893326044041458774e-03 -1.528501169932777737e-02 -2.400479999999999975e-02 4.925152058494713762e-03 9.999857798690914290e-01 2.045222923187949016e-03 -4.518110000000000182e-02 1.527478640186456793e-02 -2.120240512662121754e-03 9.998810856699639205e-01 2.611756100000000025e+00
9.998752047179462199e-01 -4.283301973315934569e-03 -1.520619329255779723e-02 -2.737670000000000034e-02 4.322022469153518134e-03 9.999874988424191091e-01 2.514414575813082517e-03 -4.816170000000000173e-02 1.519523320062492536e-02 -2.579822297817620236e-03 9.998812176478215630e-01 2.778326299999999804e+00
9.998815985124014372e-01 -3.105739209722647391e-03 -1.507127533574606319e-02 -2.903659999999999922e-02 3.143670889973963333e-03 9.999919491609872146e-01 2.493781575250846559e-03 -4.940520000000000328e-02 1.506340896411587603e-02 -2.540865437350358844e-03 9.998833120485655090e-01 2.861836199999999941e+00
9.998978013645068996e-01 -4.757786807463367938e-04 -1.428847301400452789e-02 -3.125920000000000087e-02 5.361932160829602483e-04 9.999909322984473770e-01 4.224667764112845572e-03 -5.070899999999999713e-02 1.428633344354019417e-02 -4.231897391130235928e-03 9.998889896989620052e-01 2.944768400000000064e+00
9.999175281667681547e-01 -2.126111246594387244e-04 -1.284101481076066302e-02 -3.237160000000000037e-02 3.081745095915629923e-04 9.999722714393693979e-01 7.440522888873145856e-03 -5.189780000000000088e-02 1.283907680996346744e-02 -7.443866528752260230e-03 9.998898674142917553e-01 3.028513199999999905e+00
9.999394912361598831e-01 1.496094150157930636e-04 -1.099961287466946075e-02 -3.379820000000000046e-02 -3.718532333684619980e-05 9.999477714365108127e-01 1.022022584912493301e-02 -5.288550000000000195e-02 1.100056742270069665e-02 -1.021919841173131102e-02 9.998872713962310144e-01 3.111824499999999993e+00
9.999553410008155119e-01 3.396106419508561434e-04 -9.444610556004829835e-03 -3.494560000000000027e-02 -2.115705858062049587e-04 9.999081092619632738e-01 1.355464016685609986e-02 -5.347559999999999814e-02 9.448345983818847924e-03 -1.355203662840389657e-02 9.998635262181496675e-01 3.195034000000000152e+00
9.999638692637563553e-01 -2.786590124506264704e-04 -8.496029438034858813e-03 -3.545519999999999922e-02 4.049159638244606129e-04 9.998894634093871137e-01 1.486260427886785737e-02 -5.367190000000000155e-02 8.490948717276238303e-03 -1.486550745998134818e-02 9.998534495003944533e-01 3.278669799999999857e+00
9.999749473108703324e-01 -1.560375307083934583e-03 -6.904344974228957682e-03 -3.605819999999999859e-02 1.649138134881790495e-03 9.999158294933269131e-01 1.286912087456215312e-02 -5.337159999999999821e-02 6.883683173577685027e-03 -1.288018468707089262e-02 9.998933521873184516e-01 3.362039300000000175e+00
9.999811902484220250e-01 -7.911482301203718497e-04 -6.082206328896835705e-03 -3.675019999999999676e-02 8.608169844334878857e-04 9.999339563754068294e-01 1.146044857521878041e-02 -5.414839999999999931e-02 6.072737724338681843e-03 -1.146546867353885266e-02 9.999158288999266953e-01 3.444347099999999884e+00
9.999855092742927498e-01 -4.656274302525304138e-04 -5.363248318844193382e-03 -3.731439999999999757e-02 5.251536725679953202e-04 9.999382234442281137e-01 1.110286038916585317e-02 -5.444800000000000334e-02 5.357747199483845618e-03 -1.110551603021292348e-02 9.999239781396629390e-01 3.527529700000000101e+00
9.999855541082967036e-01 -8.160935977089110597e-04 -5.312773848243686030e-03 -3.821850000000000247e-02 8.722766400860449939e-04 9.999436352535079342e-01 1.058137275890048100e-02 -5.532240000000000074e-02 5.303839004529049307e-03 -1.058585411005741501e-02 9.999299020354249778e-01 3.610370399999999869e+00
9.999819047482219059e-01 -1.428987953545505412e-03 -5.843643516395951969e-03 -3.914600000000000024e-02 1.484565967869696254e-03 9.999536046209362983e-01 9.517597884086004961e-03 -5.584120000000000056e-02 5.829771865616847383e-03 -9.526100935048773671e-03 9.999376316355785832e-01 3.693365800000000032e+00
9.999709945809607259e-01 -1.313379530468427800e-03 -7.502335034717774395e-03 -4.014279999999999932e-02 1.389765685890160911e-03 9.999471603898989480e-01 1.018552794487759781e-02 -5.672460000000000002e-02 7.488561150349876128e-03 -1.019565899716672226e-02 9.999199817932987733e-01 3.776598900000000203e+00
9.999601375710281959e-01 -1.241348381847512351e-03 -8.842076855873324398e-03 -4.119790000000000257e-02 1.338586824670174496e-03 9.999386041340243558e-01 1.099982489913742777e-02 -5.708719999999999767e-02 8.827879374068585416e-03 -1.101122230698067632e-02 9.999004058050297017e-01 3.859916399999999914e+00
9.999493288960765724e-01 -1.931591168388776310e-03 -9.879706263055499510e-03 -4.223020000000000246e-02 2.044693222222745185e-03 9.999323485602931161e-01 1.145065641452515208e-02 -5.779399999999999815e-02 9.856919899900371679e-03 -1.147027716555760156e-02 9.998856303957128766e-01 3.942855100000000057e+00
9.999410329712689061e-01 -8.010811237102396804e-04 -1.082999766319950492e-02 -4.367560000000000192e-02 9.248652460161902508e-04 9.999342525750790633e-01 1.142957354386760389e-02 -5.861070000000000169e-02 1.082012960312320020e-02 -1.143891586432918724e-02 9.998760303153688689e-01 4.025846999999999731e+00
9.999359072980353869e-01 -3.757583907785536298e-04 -1.131548062109971435e-02 -4.495720000000000272e-02 5.014140760233596391e-04 9.999382233049557422e-01 1.110397035536409872e-02 -5.903449999999999670e-02 1.131060917807212053e-02 -1.110893241316187642e-02 9.998743229729728510e-01 4.109092200000000084e+00
9.999340704409188652e-01 -1.236495600944528079e-03 -1.141603477939727267e-02 -4.639630000000000143e-02 1.355826335888276257e-03 9.999444666791904579e-01 1.045109049890425267e-02 -5.974759999999999793e-02 1.140247808164852709e-02 -1.046587962372106696e-02 9.998802172546965572e-01 4.192334200000000344e+00
9.999237824907307726e-01 -2.477611043089453235e-03 -1.209506729823379631e-02 -4.716320000000000234e-02 2.594233256437718758e-03 9.999502076606224810e-01 9.635982217140603642e-03 -6.070899999999999908e-02 1.207059084058588819e-02 -9.666625212400583103e-03 9.998804214473658858e-01 4.274895700000000076e+00
9.999197663353200927e-01 -3.144812818435739621e-03 -1.227073935245392294e-02 -4.881339999999999985e-02 3.284952990116399296e-03 9.999294248296506371e-01 1.141728705502347528e-02 -6.195529999999999787e-02 1.223396811225141087e-02 -1.145667980616913058e-02 9.998595273897465940e-01 4.357523900000000339e+00
9.999144376617553620e-01 -3.480989784854632545e-03 -1.260952281783009332e-02 -5.033409999999999968e-02 3.643908349924470432e-03 9.999098881447749942e-01 1.292043042011306077e-02 -6.259449999999999736e-02 1.256341066402713591e-02 -1.296527286335964237e-02 9.998370179244543410e-01 4.439654400000000223e+00
9.999136210839525418e-01 -2.735326889115854455e-03 -1.285567413974893214e-02 -5.143690000000000068e-02 2.881260885942911118e-03 9.999314702918938869e-01 1.134694036286558634e-02 -6.321820000000000217e-02 1.282375555306888848e-02 -1.138300077751787202e-02 9.998529784857442815e-01 4.521944000000000408e+00
9.999138305275359073e-01 -1.124879602185067072e-03 -1.307922649206404685e-02 -5.267730000000000329e-02 1.258238179815733115e-03 9.999472639192130696e-01 1.019245883790913416e-02 -6.392209999999999559e-02 1.306707145587625470e-02 -1.020803734124273339e-02 9.998625143574524365e-01 4.603764499999999593e+00
9.999139521346961379e-01 1.224871428116154929e-03 -1.306093474285453457e-02 -5.453899999999999720e-02 -1.084645627822515080e-03 9.999417581849019410e-01 1.073795985972730502e-02 -6.468029999999999613e-02 1.307332667053667102e-02 -1.072286939543954515e-02 9.998570438826211992e-01 4.685948400000000014e+00
9.999114607673234012e-01 2.866623512412900306e-03 -1.299434860989412237e-02 -5.612559999999999771e-02 -2.723568542530757728e-03 9.999356418121586598e-01 1.101337405613319817e-02 -6.554550000000000654e-02 1.302508351418572331e-02 -1.097700794134050251e-02 9.998549157233284079e-01 4.766943000000000374e+00
9.999214363687154439e-01 5.032021603711286060e-03 -1.148041153028783734e-02 -5.927810000000000024e-02 -4.894004909011889608e-03 9.999157984789600606e-01 1.201851355760366440e-02 -6.623740000000000183e-02 1.153992228204117967e-02 -1.196138414914923141e-02 9.998618682012835324e-01 4.929470499999999866e+00
9.999328580676155598e-01 7.055516990519615506e-03 -9.192335760083537172e-03 -6.076480000000000076e-02 -6.937964390385256697e-03 9.998945454638383801e-01 1.275784471537430922e-02 -6.666229999999999378e-02 9.281379576731450115e-03 -1.269321203085913355e-02 9.998763615375113600e-01 5.010455600000000231e+00
9.999606988601345003e-01 5.897669520880020021e-03 -6.619533924220905030e-03 -6.175830000000000208e-02 -5.828456894560163880e-03 9.999286523690520401e-01 1.042685291157630784e-02 -6.711920000000000386e-02 6.680555768772735922e-03 -1.038786145623227242e-02 9.999237283458105585e-01 5.091123099999999901e+00
9.999870724100398123e-01 3.167482757895685990e-03 -3.977696038673339020e-03 -6.258469999999999311e-02 -3.146074469492753708e-03 9.999805956322681544e-01 5.376855434778975672e-03 -6.783859999999999890e-02 3.994649950878039792e-03 -5.364271797041966598e-03 9.999776334297969527e-01 5.171102000000000309e+00
9.999915282385740678e-01 3.902591086514641764e-03 -1.308905608713374375e-03 -6.329799999999999316e-02 -3.895766580026550820e-03 9.999790129801789940e-01 5.176543435628146866e-03 -6.904430000000000289e-02 1.329080070956258942e-03 -5.171400390460314730e-03 9.999857449804804288e-01 5.251064799999999977e+00
9.999936443474868319e-01 3.293098471428273100e-03 1.366296852633030285e-03 -6.340120000000000478e-02 -3.304828964252596712e-03 9.999569183409305895e-01 8.674074453585780414e-03 -6.999220000000000441e-02 -1.337673408973679085e-03 -8.678534701595030237e-03 9.999614460894400425e-01 5.331562500000000426e+00
9.999845787833986366e-01 3.175252378766390583e-03 4.556310757634684204e-03 -6.334299999999999653e-02 -3.220642753214498707e-03 9.999449163987812472e-01 9.989575991529621099e-03 -7.090589999999999393e-02 -4.524340354699909160e-03 -1.000409618933746810e-02 9.999397223851992367e-01 5.411394600000000388e+00
9.999547232353508397e-01 3.400829650120183126e-03 8.887397650814782279e-03 -6.339569999999999927e-02 -3.475032678223993320e-03 9.999591235354339247e-01 8.347179531567081728e-03 -7.172539999999999472e-02 -8.858647029773795284e-03 -8.377685595544900887e-03 9.999256666157060325e-01 5.491149400000000291e+00
9.999187205554526114e-01 2.874637834054923416e-03 1.242130186693741339e-02 -6.295800000000000007e-02 -2.941222972305442170e-03 9.999813865933920853e-01 5.345621964202961450e-03 -7.269620000000000248e-02 -1.240570393705031291e-02 -5.381721293415928607e-03 9.999085636125666365e-01 5.570534699999999617e+00
9.998755610110506842e-01 1.212714520233391892e-03 1.572869404397861381e-02 -6.199349999999999999e-02 -1.243207967846210156e-03 9.999973665351752361e-01 1.929081818645526176e-03 -7.380209999999999548e-02 -1.572631319748391682e-02 -1.948395803413702871e-03 9.998744355302859876e-01 5.649662000000000184e+00
9.998119600035240140e-01 1.020509143588169956e-03 1.936499922539425614e-02 -6.121290000000000064e-02 -1.032194347642079136e-03 9.999992912056785421e-01 5.934332054313802216e-04 -7.487009999999999499e-02 -1.936437989558051700e-02 -6.133100589960673032e-04 9.998123047062539293e-01 5.728202800000000039e+00
9.997360776971193630e-01 5.805446910387325335e-04 2.296601660368917039e-02 -5.940469999999999778e-02 -6.369741257031667379e-04 9.999967962563788282e-01 2.449845085177552052e-03 -7.630180000000000295e-02 -2.296452078190190996e-02 -2.463827274767990943e-03 9.997332445909846710e-01 5.806992100000000434e+00
9.996393900494877638e-01 1.886472804756253539e-03 2.678677064979934422e-02 -5.804340000000000194e-02 -1.959176997748904737e-03 9.999944675944310024e-01 2.688197541484481628e-03 -7.743419999999999470e-02 -2.678155124296440273e-02 -2.739708175603142257e-03 9.996375555730852014e-01 5.885699699999999979e+00
9.995292789424873314e-01 1.454261639089263593e-03 3.064483088216550175e-02 -5.623449999999999976e-02 -1.480992651196063421e-03 9.999985424151084379e-01 8.496048645126048470e-04 -7.898109999999999853e-02 -3.064355066696015581e-02 -8.945897069459467655e-04 9.995299757945119712e-01 5.963613500000000123e+00
9.994166851588526246e-01 1.240810107421729241e-03 3.412843120285621867e-02 -5.413239999999999719e-02 -1.185635259507765524e-03 9.999979574556010498e-01 -1.636873134168903262e-03 -8.023160000000000014e-02 -3.413039254274966017e-02 1.595454450390875909e-03 9.994161149541138656e-01 6.041591200000000050e+00
9.992049530827837867e-01 -2.680211125101886801e-04 3.986715314033937446e-02 -4.783599999999999658e-02 2.914676113510946461e-04 9.999997879839904735e-01 -5.823045643133661778e-04 -8.335059999999999691e-02 -3.986698861794751164e-02 5.934615887618108860e-04 9.992048193548103141e-01 6.198258899999999905e+00
9.990842525558495391e-01 -9.308783798167832770e-04 4.277604189685459829e-02 -4.494680000000000203e-02 8.971029495493546089e-04 9.999992705429138207e-01 8.087768159618292279e-04 -8.464000000000000690e-02 -4.277676356641980232e-02 -7.696616673040090765e-04 9.990843588605020642e-01 6.276294199999999712e+00
9.988465082890539692e-01 -3.046584658837041965e-03 4.792046745057315649e-02 -3.813880000000000048e-02 2.883696151852375988e-03 9.999898288987267847e-01 3.467909398901843770e-03 -8.678220000000000378e-02 -4.793054532621858488e-02 -3.325721126573713549e-03 9.988451343445187147e-01 6.431955300000000264e+00
9.986095498592516551e-01 -5.251180290610185479e-03 5.245371326663366557e-02 -3.034279999999999963e-02 5.393108070961907981e-03 9.999821684580538772e-01 -2.564595730967477762e-03 -8.888219999999999454e-02 -5.243931078148948016e-02 2.843918332842595466e-03 9.986200632939828958e-01 6.586727100000000057e+00
9.984982422065176166e-01 -4.841417621540085661e-03 5.456941438121048343e-02 -2.645110000000000169e-02 5.141194881816715107e-03 9.999724485500082194e-01 -5.354461325704592232e-03 -9.052200000000000524e-02 -5.454198773130295580e-02 5.626972215599229492e-03 9.984956228036271364e-01 6.665025199999999650e+00
9.984965951642841286e-01 -4.981358146404669604e-03 5.458695371926414880e-02 -1.055419999999999969e-02 5.118035868764251456e-03 9.999841076637722148e-01 -2.364345307990712262e-03 -9.679799999999999516e-02 -5.457430855428111599e-02 2.640168726923144971e-03 9.985062214903398514e-01 6.977561999999999820e+00
9.990575370662677646e-01 -2.278955111630934574e-03 4.334563409020970870e-02 3.065399999999999809e-03 2.356350308894600114e-03 9.999957195052193715e-01 -1.734527157628681839e-03 -1.017311000000000049e-01 -4.334149563991708531e-02 1.835029928352762459e-03 9.990586306222759561e-01 7.296097800000000078e+00
9.993753206575113346e-01 -1.587390141013127112e-03 3.530507970868490553e-02 8.387399999999999717e-03 1.604911061804043318e-03 9.999986026463357769e-01 -4.679378799261437512e-04 -1.044394000000000017e-01 -3.530428757502521164e-02 5.243070817613278579e-04 9.993764717967418276e-01 7.456662699999999866e+00
9.998603005262876042e-01 7.863543054332697811e-05 1.671446223935253023e-02 1.488959999999999936e-02 -9.695841443420731847e-05 9.999993953183305972e-01 1.095427788140706940e-03 -1.097701999999999983e-01 -1.671436599298785353e-02 -1.096895365212061839e-03 9.998597035534586563e-01 7.780800300000000114e+00
9.999755596810149250e-01 1.462996567021132999e-03 6.836642574079232482e-03 1.609160000000000104e-02 -1.463785510642572063e-03 9.999989225716653385e-01 1.103969532427703679e-04 -1.122690999999999967e-01 -6.836473697723204762e-03 -1.204016334473974559e-04 9.999766237921899892e-01 7.943211999999999939e+00
9.999881469218304675e-01 3.472622599832253174e-03 3.412756675000477684e-03 1.598290000000000127e-02 -3.472557074067446001e-03 9.999939703398577073e-01 -2.512558888321797044e-05 -1.133117000000000013e-01 -3.412823348925369225e-03 1.327429873380507312e-05 9.999941762133327527e-01 8.024632499999999169e+00
9.999853404484926322e-01 5.240128336407384735e-03 1.363797320121652419e-03 1.540419999999999984e-02 -5.240233606334618321e-03 9.999862671711162720e-01 7.362695105972509027e-05 -1.148501999999999995e-01 -1.363392776653851854e-03 -8.077248827077426817e-05 9.999990673175359612e-01 8.105978999999999601e+00
9.999636055686127456e-01 8.500958762612942712e-03 -7.219683763054768203e-04 1.441979999999999998e-02 -8.500886522612929527e-03 9.999638614994927899e-01 1.030696512207685391e-04 -1.176810999999999968e-01 7.228184763056480977e-04 -9.692852881953111085e-05 9.999997340691200165e-01 8.270894099999999582e+00
9.998880217593256736e-01 1.441186270819517883e-02 -4.030155766504904362e-03 1.191230000000000067e-02 -1.438598500112972002e-02 9.998761750173997820e-01 6.377936039296832130e-03 -1.221787000000000012e-01 4.121574671097237054e-03 -6.319244088830862707e-03 9.999715394831876214e-01 8.601168599999999387e+00
9.999021433311355844e-01 1.289284157107612946e-02 -5.429401258360153949e-03 1.111000000000000008e-02 -1.286685538701720644e-02 9.999057252308657384e-01 4.794234348249171336e-03 -1.243978000000000028e-01 5.490700706716572684e-03 -4.723905879616686378e-03 9.999737681154390323e-01 8.766666400000000081e+00
9.999426957890460432e-01 8.143824541681086299e-03 -6.948615687287548054e-03 9.506600000000000467e-03 -8.089419306213509880e-03 9.999366855633615714e-01 7.822158260168863078e-03 -1.261201000000000128e-01 7.011878024007966656e-03 -7.765499751669605391e-03 9.999452637920653864e-01 8.932388299999999504e+00
9.999682793603895670e-01 3.071919230080881642e-03 -7.348713170726491745e-03 7.733799999999999876e-03 -2.995551269562401857e-03 9.999416337233688612e-01 1.038055004473978880e-02 -1.271033000000000024e-01 7.380172465001940546e-03 -1.035820731998464243e-02 9.999191170267237583e-01 9.099292800000000625e+00
9.999724181132901846e-01 -1.664062058492021996e-03 -7.238363773985167886e-03 7.282499999999999911e-03 1.727881414149748905e-03 9.999596144218012572e-01 8.819521031278226841e-03 -1.279766999999999988e-01 7.223395218156719762e-03 -8.831784806482230465e-03 9.999349089509047550e-01 9.183152200000000320e+00
9.999681374411580892e-01 -3.916350459090973436e-03 -6.956026275310817249e-03 6.376500000000000223e-03 3.970327680564134619e-03 9.999619854834425059e-01 7.762994661887912158e-03 -1.286461999999999883e-01 6.925359237626794832e-03 -7.790365016681305259e-03 9.999456733304749045e-01 9.266172400000000309e+00
9.999671790315222131e-01 -5.460195019515865639e-03 -5.985576838406379309e-03 4.336399999999999803e-03 5.506034164522163182e-03 9.999554361083038412e-01 7.668727745253739111e-03 -1.298504000000000047e-01 5.943437348767756194e-03 -7.701432840748785938e-03 9.999526806227786446e-01 9.433128399999999303e+00
9.999848413122789381e-01 -2.885353350529429057e-03 -4.689550266185619348e-03 2.679599999999999864e-03 2.938131533142097820e-03 9.999319857557313895e-01 1.128677304165261880e-02 -1.315396000000000065e-01 4.656664981555907329e-03 -1.130038046449803602e-02 9.999253056466803624e-01 9.599102999999999497e+00
9.999873305460713624e-01 -3.048190880865860389e-03 -4.005905602497298289e-03 1.643600000000000052e-03 3.079343283808423822e-03 9.999648881227960473e-01 7.793597789508451869e-03 -1.328256999999999910e-01 3.982008573920577284e-03 -7.805834607392939974e-03 9.999616055398323766e-01 9.766037900000000604e+00
9.999882084658726633e-01 -3.957909391283055342e-03 -2.813873214047070588e-03 4.439000000000000020e-04 3.960866280245133042e-03 9.999916086443071395e-01 1.046030248615550766e-03 -1.347937999999999914e-01 2.809709508891495428e-03 -1.057163289844580047e-03 9.999954939589749126e-01 9.930263500000000576e+00
9.999879540710725490e-01 -4.466664501782333964e-03 -2.034851586494723294e-03 -7.395000000000000314e-04 4.460498869184770405e-03 9.999854779361125878e-01 -3.024544052014212919e-03 -1.384290999999999994e-01 2.048331659801191570e-03 3.015431165371005792e-03 9.999933557340761059e-01 1.009358600000000017e+01
9.999889994886240752e-01 -4.034607858024239282e-03 -2.392246051838616949e-03 -1.688000000000000047e-03 4.028964839979986071e-03 9.999891011643157190e-01 -2.359024141925728478e-03 -1.417299999999999949e-01 2.401737716482263852e-03 2.349359916222380600e-03 9.999943560660355946e-01 1.025622839999999947e+01
9.999914769470362730e-01 -3.180300960348931942e-03 -2.632815809484184699e-03 -2.122399999999999981e-03 3.177685000908377945e-03 9.999944539544900479e-01 -9.971851865975300041e-04 -1.435375000000000123e-01 2.635972556774467991e-03 9.888104282274178414e-04 9.999960369434556240e-01 1.033726309999999948e+01
9.999931336986997987e-01 -2.577307773159904190e-03 -2.662712920430878021e-03 -2.925899999999999942e-03 2.575483207069515119e-03 9.999964464688438914e-01 -6.884300506248452111e-04 -1.448865000000000014e-01 2.664477754518307807e-03 6.815675512448767870e-04 9.999962180048326266e-01 1.041816999999999993e+01
9.999914354583836484e-01 -2.622540090478048258e-03 -3.201764100484258673e-03 -3.638900000000000034e-03 2.619047961766145238e-03 9.999959714355770579e-01 -1.094394988353570913e-03 -1.465378999999999987e-01 3.204621296703088259e-03 1.086000041620718967e-03 9.999942754867421346e-01 1.049872399999999928e+01
9.999897056943362061e-01 -2.238816611039945448e-03 -3.946670183481839310e-03 -4.161100000000000042e-03 2.235571683567633486e-03 9.999971596258416806e-01 -8.264136353120621987e-04 -1.478428999999999993e-01 3.948509162036165955e-03 8.175820638509227788e-04 9.999918703844378198e-01 1.057947640000000078e+01
9.999845542868467385e-01 -2.883964607519354847e-03 -4.751203624261061964e-03 -4.737599999999999797e-03 2.886013066302129792e-03 9.999957454206496177e-01 4.243455908241088384e-04 -1.495202999999999949e-01 4.749959612222938790e-03 -4.380510722441145104e-04 9.999886229327513698e-01 1.066030499999999925e+01
9.999845725224790760e-01 -1.969494095184697383e-03 -5.193824221495457055e-03 -5.767800000000000010e-03 1.972890447914450035e-03 9.999978433273246647e-01 6.488790180591507382e-04 -1.507158000000000109e-01 5.192535056722121650e-03 -6.591158536874209325e-04 9.999863014791633420e-01 1.074119190000000046e+01
9.999762713231391542e-01 -1.420251731508872552e-03 -6.740895763234363083e-03 -7.545099999999999897e-03 1.410130641390011739e-03 9.999978718038190495e-01 -1.505961289928069938e-03 -1.537729999999999930e-01 6.743020261415350047e-03 1.496420011793103428e-03 9.999761459179425938e-01 1.090330220000000061e+01
9.999727451444581083e-01 -7.259375944396585876e-04 -7.347243215366381676e-03 -8.510200000000000750e-03 7.156521452065364632e-04 9.999987605038054284e-01 -1.402438183960175210e-03 -1.553970000000000073e-01 7.348252191087989611e-03 1.397141890341633717e-03 9.999720252008424959e-01 1.098344799999999921e+01
9.999585968501393252e-01 -1.094113759516811930e-03 -9.033686987142500527e-03 -1.017720000000000083e-02 1.063860766752948916e-03 9.999938126585254938e-01 -3.353035182455308544e-03 -1.585940000000000127e-01 9.037299694565606792e-03 3.343285771072413912e-03 9.999535737495434118e-01 1.114527799999999935e+01
9.999522347371684328e-01 -1.046699336849170412e-03 -9.717647073288379969e-03 -1.120280000000000060e-02 1.016073506377421481e-03 9.999945037063275866e-01 -3.155970811822977895e-03 -1.602852999999999917e-01 9.720897014802111838e-03 3.145946222312167966e-03 9.999478022294933099e-01 1.122601509999999969e+01
9.999436790672667774e-01 -1.253854654381978935e-03 -1.053881121971161385e-02 -1.221060000000000027e-02 1.232909167851117685e-03 9.999972524961568965e-01 -1.993723933055096056e-03 -1.618664999999999965e-01 1.054128210432029970e-02 1.980618247692539184e-03 9.999424776070641174e-01 1.130723000000000056e+01
9.999378647815762022e-01 -1.235045697412219057e-03 -1.107886448096168791e-02 -1.364169999999999966e-02 1.221315609962908685e-03 9.999984779541387647e-01 -1.245984585246006282e-03 -1.636052000000000062e-01 1.108038646632290847e-02 1.232376375590387005e-03 9.999378512108768602e-01 1.138771249999999924e+01
9.999313391318944699e-01 -6.288921591605036061e-04 -1.170134678353271056e-02 -1.513439999999999924e-02 6.194862531882611937e-04 9.999994821400077782e-01 -8.074382319284375588e-04 -1.652113000000000054e-01 1.170184851544642073e-02 8.001339690423044798e-04 9.999312108975062507e-01 1.146859360000000017e+01
9.999239375327169110e-01 1.261145887358044440e-04 -1.233301439947362931e-02 -1.667710000000000026e-02 -1.354804210427421182e-04 9.999997031014927762e-01 -7.585789225606557858e-04 -1.664290999999999965e-01 1.233291506995122348e-02 7.601921051597438977e-04 9.999236577428501915e-01 1.154910180000000075e+01
9.999174809076923909e-01 2.824011567010286674e-04 -1.284334943857213564e-02 -1.830949999999999939e-02 -3.015866272786963342e-04 9.999988416488005960e-01 -1.491893616559679826e-03 -1.681894999999999918e-01 1.284291324897991922e-02 1.495643889292762752e-03 9.999164078204915151e-01 1.162999920000000031e+01
9.999104481586564841e-01 1.209197045021532255e-03 -1.332792203087409914e-02 -1.989250000000000046e-02 -1.235946999858698577e-03 9.999972381986548253e-01 -1.999007272689156105e-03 -1.698347000000000051e-01 1.332546802811399554e-02 2.015300863155437567e-03 9.999091811080957903e-01 1.171067910000000012e+01
9.999057582227317553e-01 1.013513796979209581e-03 -1.369114541618978061e-02 -2.129939999999999958e-02 -1.036837102042424295e-03 9.999980233560928911e-01 -1.696541402619631623e-03 -1.714095999999999953e-01 1.368939888555191324e-02 1.710577005079603205e-03 9.999048326138152420e-01 1.179165360000000007e+01
9.999018542286229883e-01 1.120361834256099805e-03 -1.396519600728740769e-02 -2.285430000000000100e-02 -1.158380223443987358e-03 9.999956446081206263e-01 -2.714575481959738933e-03 -1.731360000000000121e-01 1.396209387661992950e-02 2.730486064726461888e-03 9.998987970691987082e-01 1.187200449999999918e+01
9.998988865063020981e-01 -1.164124474657758407e-04 -1.421981756561222464e-02 -2.417450000000000154e-02 5.318285459121851718e-05 9.999901111670124187e-01 -4.446879779137075106e-03 -1.747549999999999937e-01 1.422019462036988070e-02 4.445673889096645945e-03 9.998890048643551687e-01 1.195231060000000056e+01
9.998852120751849926e-01 -2.797515160476428137e-03 -1.489082208238803363e-02 -2.682450000000000112e-02 2.789524113810028499e-03 9.999959539300101730e-01 -5.573857079606696656e-04 -1.781536999999999982e-01 1.489232112804793513e-02 5.157834195386549201e-04 9.998889702056339424e-01 1.211276909999999951e+01
9.998793605435740695e-01 -3.428916787836408259e-03 -1.514948476468865740e-02 -2.799859999999999849e-02 3.486461700312197282e-03 9.999868018113057255e-01 3.773696862315133790e-03 -1.796204999999999885e-01 1.513634512640671392e-02 -3.826059703988497849e-03 9.998781187341564403e-01 1.219314959999999992e+01
9.998864542689908097e-01 -9.071233388477916446e-04 -1.504179831780568834e-02 -3.509269999999999751e-02 8.812253078378282740e-04 9.999981182497394983e-01 -1.728276290699450133e-03 -1.850247999999999893e-01 1.504333777265705503e-02 1.714824838951593735e-03 9.998853721124384419e-01 1.250788209999999978e+01
9.998927465840924400e-01 -6.854870920498005397e-04 -1.462960819593135849e-02 -3.850880000000000275e-02 7.108749533086711637e-04 9.999982504517656023e-01 1.730245707579275817e-03 -1.883694999999999953e-01 1.462839653962755108e-02 -1.740459954859985324e-03 9.998914845191075873e-01 1.266502670000000030e+01
9.999192741876657964e-01 -1.542633827995978273e-03 -1.261211278432042455e-02 -4.129759999999999681e-02 1.564902333068831806e-03 9.999972338278019235e-01 1.755966238989924719e-03 -1.911549999999999916e-01 1.260936908412359746e-02 -1.775561211909960869e-03 9.999189223100457546e-01 1.282123849999999976e+01
9.999354770270314496e-01 -2.632933295492986912e-03 -1.105031424822201271e-02 -4.270920000000000272e-02 2.635382020121473847e-03 9.999965059414598345e-01 2.070422177428680077e-04 -1.926783999999999997e-01 1.104973050942847403e-02 -2.361506582499056672e-04 9.999389219790054684e-01 1.289857860000000045e+01
9.999484962189414405e-01 -2.894159097459602769e-03 -9.727731112459904114e-03 -4.417979999999999824e-02 2.883766150688885695e-03 9.999952563131083716e-01 -1.082240300938029859e-03 -1.944581999999999977e-01 9.730817142761938668e-03 1.054132059765402639e-03 9.999520988544075006e-01 1.297538379999999947e+01
9.999611366581074856e-01 -3.418159537849592162e-03 -8.126583464130452544e-03 -4.527219999999999855e-02 3.404171747696374106e-03 9.999927016248948419e-01 -1.734448516457949953e-03 -1.960241000000000067e-01 8.132452775015446000e-03 1.706716824158370288e-03 9.999654745687694968e-01 1.305285549999999972e+01
9.999804151763791449e-01 -3.512674964432365918e-03 -5.179804848709447865e-03 -4.710349999999999954e-02 3.516890182209044674e-03 9.999934917922072009e-01 8.048954435768705716e-04 -1.991769999999999929e-01 5.176943801389527477e-03 -8.230964846597598568e-04 9.999862607881441212e-01 1.320507910000000074e+01
9.999881912998643818e-01 -3.694398674545652621e-03 -3.157321532448475760e-03 -4.809050000000000130e-02 3.698378391935098521e-03 9.999923727477936231e-01 1.255565015386805048e-03 -2.019330000000000014e-01 3.152658893032199861e-03 -1.267227158528036511e-03 9.999942274219550953e-01 1.335533239999999999e+01
9.999945463205048846e-01 -3.155200153995839883e-03 -9.757260044465211699e-04 -4.933040000000000341e-02 3.156389747956976632e-03 9.999942743104720533e-01 1.220061486672786204e-03 -2.042761999999999911e-01 9.718708795517210647e-04 -1.223134604405723457e-03 9.999987797036219428e-01 1.350398350000000036e+01
9.999951315302608723e-01 -2.988863956156821711e-03 8.964418709545489243e-04 -5.020609999999999656e-02 2.987928240068563057e-03 9.999949918502476498e-01 1.043340431210373637e-03 -2.067480999999999902e-01 -8.995557840482605767e-04 -1.040656847757251598e-03 9.999990539159108183e-01 1.365053649999999941e+01
9.999891766634682044e-01 -4.322956816216487821e-03 1.720058221100503795e-03 -5.066520000000000051e-02 4.319816033146569451e-03 9.999890032738554257e-01 1.825519323612630673e-03 -2.098607000000000111e-01 -1.727930947294439856e-03 -1.818069230321190570e-03 9.999968544345102517e-01 1.379339030000000044e+01
9.999896050416645643e-01 -4.474512960018960962e-03 8.766654927735393092e-04 -5.130030000000000007e-02 4.471854279011839607e-03 9.999854663927931764e-01 3.011564791809123471e-03 -2.131165999999999894e-01 -8.901280373525022891e-04 -3.007613166383466593e-03 9.999950809554607467e-01 1.393194770000000027e+01
9.999925115952281729e-01 -3.854090196974383105e-03 3.503458589012260283e-04 -5.137370000000000131e-02 3.853493178648938026e-03 9.999911487642331176e-01 1.689077710259484456e-03 -2.141648999999999914e-01 -3.568526157524679531e-04 -1.687715006384455469e-03 9.999985121360269735e-01 1.400061230000000023e+01
9.999921732835751476e-01 -3.956382844983418780e-03 -2.015877625686196727e-05 -5.181270000000000320e-02 3.956400866624166200e-03 9.999916832011547241e-01 9.901619584451184456e-04 -2.155671999999999866e-01 1.624114881422741952e-05 -9.902339649281077707e-04 9.999995095863396521e-01 1.406773379999999918e+01
9.999916837736451125e-01 -4.015485605323102468e-03 -7.129227894066918723e-04 -5.213890000000000191e-02 4.016096383796065490e-03 9.999915679076615271e-01 8.573700558625894962e-04 -2.170151999999999914e-01 7.094740208581501451e-04 -8.602260924155969444e-04 9.999993783286486027e-01 1.413394259999999925e+01
9.999878618314690382e-01 -4.621511643343822681e-03 -1.708162713891629454e-03 -5.276349999999999790e-02 4.623259406143465436e-03 9.999887918057727143e-01 1.020654346188505559e-03 -2.186613000000000029e-01 1.703426602527420824e-03 -1.028539236648262807e-03 9.999980202204644675e-01 1.419978140000000089e+01
