9.999999999134199236e-01 -9.000184316292555116e-06 -9.599827196045543216e-06 6.820000000000000433e-05 8.999815676292708655e-06 9.999999992222199374e-01 -3.840004318418186889e-05 -4.940000000000000136e-05 9.600172796045400967e-06 3.839995678418190784e-05 9.999999992166399565e-01 1.121000000000000008e-04
9.999963324513961860e-01 1.071401237366538246e-04 2.706215946762954155e-03 2.979999999999999929e-05 -1.080596906229645544e-04 9.999999364790912448e-01 3.396541132945290293e-04 -1.768500000000000107e-03 -2.706179384277931921e-03 -3.399453004545261933e-04 9.999962805082490691e-01 1.146414999999999934e-01
9.999944754731986407e-01 -7.829299521659501687e-04 3.230486615397802456e-03 -2.249999999999999938e-04 7.770672627996422829e-04 9.999980497762912535e-01 1.815656928809302384e-03 -4.678899999999999726e-03 -3.231901847418636696e-03 -1.813136592772199079e-03 9.999931336494989331e-01 2.679887000000000241e-01
9.999971946000583145e-01 -2.118242213306062698e-03 1.060114115901921329e-03 -4.177000000000000157e-04 2.116954098228587908e-03 9.999970214725533157e-01 1.214722753419953489e-03 -5.258900000000000380e-03 -1.062684035336687940e-03 -1.212475132714563265e-03 9.999987003025021526e-01 3.062095000000000233e-01
9.999975318554603643e-01 -2.023531408157175013e-03 -9.173895725338623418e-04 -7.016000000000000318e-04 2.024066085960428592e-03 9.999977820554806218e-01 5.822719289439241526e-04 -5.817000000000000122e-03 9.162092922783814791e-04 -5.841273489340215825e-04 9.999994096777122810e-01 3.445385000000000253e-01
9.999961523494058646e-01 -1.665376942937949823e-03 -2.218514372704257637e-03 -1.047900000000000047e-03 1.666219858971728631e-03 9.999985403551215901e-01 3.781520963739840231e-04 -6.440999999999999677e-03 2.217881368678890908e-03 -3.818471740820597398e-04 9.999974675942785440e-01 3.826662000000000119e-01
9.999956684114034156e-01 -2.707857302330789849e-05 -2.943199820134198043e-03 -1.409899999999999955e-03 2.772136791762930293e-05 9.999999757753393892e-01 2.183594427850265543e-04 -7.048900000000000304e-03 2.943193835974064476e-03 -2.184400864668232872e-04 9.999956449375029255e-01 4.209095999999999949e-01
9.999941230666321568e-01 -3.131484873802720093e-04 -3.414054806573494326e-03 -1.745299999999999976e-03 3.144505870130388987e-04 9.999998780317969072e-01 3.808637808843037278e-04 -7.750499999999999577e-03 3.413935123250482623e-03 -3.819350941112629127e-04 9.999940995688715306e-01 4.592456999999999789e-01
9.999906432619404262e-01 -1.098657034809135888e-03 -4.184057993207521142e-03 -1.871599999999999956e-03 1.103737355530018654e-03 9.999986562956633129e-01 1.212093526909981817e-03 -8.689000000000000543e-03 4.182720695990464060e-03 -1.216700286773154081e-03 9.999905121989866030e-01 4.975010999999999739e-01
9.999874777178568985e-01 -1.643868120978555017e-03 -4.726743602050356013e-03 -2.162900000000000152e-03 1.650520820947098868e-03 9.999976524155581581e-01 1.403903270210696448e-03 -9.361299999999999483e-03 4.724424673789778817e-03 -1.411687278868307797e-03 9.999878434013727002e-01 5.355109999999999593e-01
9.999851518166872344e-01 -1.271140600880739076e-03 -5.299089330232389927e-03 -2.569399999999999896e-03 1.272049909252125554e-03 9.999991767934659492e-01 1.682302555862615534e-04 -9.959199999999999650e-03 5.298871123679256209e-03 -1.749684637742288551e-04 9.999859455766623162e-01 5.737948999999999966e-01
9.999819979328231634e-01 -1.563882184202991131e-03 -5.792933867499343303e-03 -2.962300000000000176e-03 1.562103671846771591e-03 9.999987313910312370e-01 -3.115259966313794170e-04 -1.074459999999999998e-02 5.793413708487531524e-03 3.024712252542744459e-04 9.999831722927942090e-01 6.121680000000000454e-01
9.999791393016629337e-01 -4.941334754243850887e-04 -6.440247946604749085e-03 -3.389300000000000038e-03 4.962613173816769405e-04 9.999998228064101990e-01 3.288036694385994057e-04 -1.142909999999999933e-02 6.440084332534184650e-03 -3.319928562946859035e-04 9.999792073310990181e-01 6.502440999999999915e-01
9.999744927197673494e-01 -6.207569762123429273e-04 -7.115375648587667252e-03 -3.923699999999999584e-03 6.212351311139508976e-04 9.999998049215712559e-01 6.499024115694407723e-05 -1.209939999999999974e-02 7.115333917385780783e-03 -6.940890475662585778e-05 9.999746832823559473e-01 6.884776999999999703e-01
9.999600588133992218e-01 -1.258160597924673127e-04 -8.936719097199861961e-03 -4.787600000000000362e-03 1.269814185416667340e-04 9.999999835094395273e-01 1.298338934931387580e-04 -1.348410000000000060e-02 8.936702614639448206e-03 -1.309635050414425042e-04 9.999600582997991705e-01 7.649654999999999649e-01
9.999525147819802173e-01 -1.720682032445218891e-03 -9.592050590823318623e-03 -5.237399999999999695e-03 1.738075545213196805e-03 9.999968600152302489e-01 1.805284764002447343e-03 -1.409849999999999992e-02 9.588914150873685538e-03 -1.821870748222198565e-03 9.999523656216749989e-01 8.032673000000000174e-01
9.999419463642132966e-01 -1.638416644277491561e-03 -1.064985879007869334e-02 -5.649699999999999687e-03 1.656734366605439350e-03 9.999971631630057978e-01 1.711402109139809925e-03 -1.472610000000000065e-02 1.064702458846462745e-02 -1.728946743082099627e-03 9.999418241130691998e-01 8.413547000000000109e-01
9.999295834259096516e-01 -2.731959249485770101e-03 -1.154835868622963550e-02 -6.121399999999999932e-03 2.745143614948971755e-03 9.999955981811117223e-01 1.125968442578966725e-03 -1.547770000000000049e-02 1.154523175254490962e-02 -1.157591058849350221e-03 9.999326815374725008e-01 8.795899000000000356e-01
9.999177508771658340e-01 -2.884142215283541991e-03 -1.249692779975620366e-02 -6.768200000000000258e-03 2.885739331996831948e-03 9.999958302207843097e-01 1.097704526064496075e-04 -1.604540000000000133e-02 1.249655909673004842e-02 -1.458243001638906964e-04 9.999219043235404447e-01 9.178547000000000233e-01
9.999040346705633242e-01 -2.640744594182407694e-03 -1.359955578381528279e-02 -7.049599999999999617e-03 2.639528754164459541e-03 9.999965106757484623e-01 -1.073512159847079113e-04 -1.670019999999999838e-02 1.359979181769876630e-02 7.144449545465649790e-05 9.999075160024547548e-01 9.559531000000000001e-01
9.998941646926422511e-01 -3.356280101805967850e-03 -1.415608694101163495e-02 -7.688900000000000248e-03 3.363541924721087303e-03 9.999942236154084618e-01 4.892050052552007235e-04 -1.729970000000000119e-02 1.415436326098431022e-02 -5.367678220091979657e-04 9.998996779082296449e-01 9.939135000000000053e-01
9.998845560530662535e-01 -4.156493488179143631e-03 -1.461499669672708217e-02 -8.483400000000000316e-03 4.169265775680389835e-03 9.999909527767198991e-01 8.435565183327165635e-04 -1.795149999999999871e-02 1.461135823441336683e-02 -9.043929403781248268e-04 9.998928394002803977e-01 1.032074500000000006e+00
9.998732507431375982e-01 -4.538334164463504218e-03 -1.526060193316172188e-02 -9.122699999999999212e-03 4.546977314700877994e-03 9.999895210801851286e-01 5.317209057091831738e-04 -1.858730000000000104e-02 1.525802889138539765e-02 -6.010431212782929621e-04 9.998834088540103915e-01 1.070187100000000058e+00
9.998627239475996742e-01 -4.918062136840766103e-03 -1.582232362531629105e-02 -1.048729999999999975e-02 4.935198578636750509e-03 9.999872766589017470e-01 1.044191219358654374e-03 -1.979629999999999931e-02 1.581698691519629191e-02 -1.122134185976501452e-03 9.998742739663788459e-01 1.146483700000000105e+00
9.998687674168701411e-01 -4.418122542148614218e-03 -1.558615210600329710e-02 -1.127240000000000013e-02 4.457978738025673154e-03 9.999868795090789408e-01 2.523338119694344683e-03 -2.048399999999999874e-02 1.557479919100801004e-02 -2.592489710210983678e-03 9.998753445441398435e-01 1.184524300000000085e+00
9.998724823403645212e-01 -3.775866302575525951e-03 -1.551650386468111757e-02 -1.211600000000000003e-02 3.829879719982633417e-03 9.999867050405100155e-01 3.452790690821200010e-03 -2.117689999999999850e-02 1.550326029737149162e-02 -3.511776742509469581e-03 9.998736501899941898e-01 1.222709299999999999e+00
9.998795780434894809e-01 -2.412905394483229413e-03 -1.532994778630071726e-02 -1.365399999999999947e-02 2.458542472863538015e-03 9.999926003885107884e-01 2.958840504895625216e-03 -2.234799999999999981e-02 1.532269494842727030e-02 -2.996173523272424068e-03 9.998781115534712827e-01 1.298594800000000049e+00
9.998906912400601366e-01 3.164349425987988051e-04 -1.478192952228869587e-02 -1.448879999999999960e-02 -2.507481598219650889e-04 9.999900878836529561e-01 4.445363855117318887e-03 -2.276020000000000126e-02 1.478318967053976300e-02 -4.441171396280503038e-03 9.998808595526736953e-01 1.336682200000000043e+00
9.999325616523025984e-01 1.153559953267701936e-03 -1.155601345180707132e-02 -1.551169999999999979e-02 -1.034374218863804047e-03 9.999462700205872245e-01 1.031441427761054484e-02 -2.355929999999999830e-02 1.156729084269427638e-02 -1.030176544816680494e-02 9.998800285090264639e-01 1.413134300000000065e+00
9.999513336463862201e-01 1.417585603149470758e-03 -9.763236649359715094e-03 -1.622749999999999887e-02 -1.287121378797020672e-03 9.999099742472162822e-01 1.335614912643824648e-02 -2.361260000000000095e-02 9.781291191345907118e-03 -1.334293266074429440e-02 9.998631368795636298e-01 1.451160999999999923e+00
9.999624443472576729e-01 5.713711773543961314e-04 -8.647741325643687818e-03 -1.652280000000000068e-02 -4.437917269371131727e-04 9.998911489066208969e-01 1.474765700376640988e-02 -2.386330000000000048e-02 8.655226395690591643e-03 -1.474326534982420105e-02 9.998538509116539075e-01 1.489435999999999982e+00
9.999743651570121017e-01 -1.075568088758911732e-03 -7.078995841019497352e-03 -1.677079999999999890e-02 1.168768751493975923e-03 9.999125246808500123e-01 1.317486113680646671e-02 -2.390729999999999938e-02 7.064206143386463251e-03 -1.318279711044077589e-02 9.998881491706503866e-01 1.527322800000000091e+00
9.999814755083678008e-01 3.349112580942866847e-04 -6.077538527791044760e-03 -1.721800000000000067e-02 -2.646759520471420458e-04 9.999332191575269757e-01 1.155366486901660168e-02 -2.407820000000000099e-02 6.081002117084879401e-03 -1.155184226495246762e-02 9.999147845459319672e-01 1.565009400000000106e+00
9.999854817260344086e-01 6.851046821555184518e-04 -5.344807641574193975e-03 -1.753100000000000144e-02 -6.248698166607705943e-04 9.999363714157517569e-01 1.126333243813819676e-02 -2.434040000000000162e-02 5.352184120820924727e-03 -1.125982910502101517e-02 9.999222821668005690e-01 1.602762900000000101e+00
9.999866876899566881e-01 3.338442623861984592e-04 -5.149076701475881548e-03 -1.800540000000000126e-02 -2.789449787863602210e-04 9.999431523174709957e-01 1.065900197476319332e-02 -2.458199999999999968e-02 5.152342435050276045e-03 -1.065742376973288948e-02 9.999299338883822497e-01 1.640625100000000058e+00
9.999836922384676141e-01 -3.037455993164357932e-04 -5.702893628032806861e-03 -1.841260000000000119e-02 3.582441418116295720e-04 9.999542598906330237e-01 9.557708287624686050e-03 -2.478680000000000119e-02 5.699729665222636257e-03 -9.559595451030751534e-03 9.999380616901009100e-01 1.678329699999999924e+00
9.999741709323407557e-01 -2.711404511147799809e-04 -7.182196811107622106e-03 -1.894909999999999997e-02 3.428479166922020378e-04 9.999500927797428940e-01 9.984708563081007293e-03 -2.509470000000000103e-02 7.179131109245397505e-03 -9.986913068581935310e-03 9.999243579610793686e-01 1.716133799999999932e+00
9.999642945247007031e-01 -1.327647207407758228e-04 -8.449381589594618519e-03 -1.945469999999999838e-02 2.256266575774299376e-04 9.999395785100856360e-01 1.099037859601457653e-02 -2.530560000000000101e-02 8.447411930824984955e-03 -1.099189258504974440e-02 9.999039051474244433e-01 1.753997599999999935e+00
9.999528565710561478e-01 -1.003932502889691176e-03 -9.657989175520942035e-03 -1.997200000000000017e-02 1.114407709627115734e-03 9.999339381761221945e-01 1.144016516698807308e-02 -2.564980000000000038e-02 9.645865997491448809e-03 -1.145038877597111433e-02 9.998879166516803085e-01 1.791866100000000017e+00
9.999439710729979280e-01 1.850131941107970826e-04 -1.058397301968112651e-02 -2.057470000000000132e-02 -6.497928982180684206e-05 9.999356943852022450e-01 1.134032063370655347e-02 -2.595750000000000141e-02 1.058539051973177679e-02 -1.133899750865927786e-02 9.998796810832007997e-01 1.829488599999999909e+00
9.999378512942397323e-01 6.454394656514410560e-04 -1.113000255862675245e-02 -2.111319999999999864e-02 -5.213243125812198984e-04 9.999376930962907695e-01 1.115070160255253288e-02 -2.618039999999999951e-02 1.113650618551303983e-02 -1.114420625994671198e-02 9.998758847461097776e-01 1.867339599999999988e+00
9.999361095848351422e-01 -2.263027254744742257e-04 -1.130157225438259937e-02 -2.170980000000000132e-02 3.456801456276346906e-04 9.999441600565478483e-01 1.056206769728400968e-02 -2.646820000000000075e-02 1.129855095052045323e-02 -1.056529961153654731e-02 9.998803514373791890e-01 1.905007600000000023e+00
9.999283985353067949e-01 -1.545064733263651693e-03 -1.186636328395143485e-02 -2.205949999999999925e-02 1.659240816291231418e-03 9.999523692099804295e-01 9.618015973190934681e-03 -2.684430000000000149e-02 1.185093762240941630e-02 -9.637016463461482718e-03 9.998833347901907587e-01 1.942595599999999978e+00
9.999232930779563544e-01 -2.297471480464783992e-03 -1.217084980319160792e-02 -2.281649999999999998e-02 2.435960981174081254e-03 9.999323216879356657e-01 1.137620929277414171e-02 -2.740400000000000127e-02 1.214388958421459136e-02 -1.140498437400307326e-02 9.998612165081687264e-01 1.980170200000000102e+00
9.999231324327512160e-01 -2.286578462673774341e-03 -1.218608980800468464e-02 -2.365659999999999985e-02 2.444830855184409665e-03 9.999126728840022071e-01 1.298727870109340175e-02 -2.772000000000000158e-02 1.215532920015980137e-02 -1.301607332894112561e-02 9.998414023269547313e-01 2.017393799999999793e+00
9.999208260573309026e-01 -1.674310035417746461e-03 -1.247149961834631560e-02 -2.417199999999999904e-02 1.816364391519768428e-03 9.999335081804470171e-01 1.138771435983928874e-02 -2.795339999999999978e-02 1.245160380121098503e-02 -1.140946553741104506e-02 9.998573806593260560e-01 2.055007199999999923e+00
9.999207612285837543e-01 -3.423604474369594671e-05 -1.258849045528689405e-02 -2.477499999999999841e-02 1.629574752309498938e-04 9.999477157343574785e-01 1.022444338348177037e-02 -2.821890000000000162e-02 1.258748223080673363e-02 -1.022568459977121064e-02 9.998684866849015807e-01 2.092132799999999904e+00
9.999144651680056395e-01 2.206673503967308565e-03 -1.289158406977175542e-02 -2.546369999999999884e-02 -2.067172682713071339e-03 9.999392777542799315e-01 1.082439842895853259e-02 -2.866720000000000032e-02 1.291468717704571945e-02 -1.079682343543154031e-02 9.998583096913398194e-01 2.129677800000000065e+00
9.999105554451763744e-01 3.873156933413366993e-03 -1.280155321388521533e-02 -2.614620000000000138e-02 -3.731757701436537369e-03 9.999319727468389818e-01 1.105096661258709104e-02 -2.900909999999999947e-02 1.284348448734034392e-02 -1.100220586900179168e-02 9.998569879598979693e-01 2.166935200000000172e+00
9.999082573444146860e-01 5.549114182179171011e-03 -1.235654588664605001e-02 -2.695639999999999842e-02 -5.407254621471509030e-03 9.999194308705887657e-01 1.148448365823364140e-02 -2.929930000000000034e-02 1.241927904164434431e-02 -1.141661505135381852e-02 9.998577010799361009e-01 2.204031000000000073e+00
9.999157613561547864e-01 6.156079686618990028e-03 -1.142684884092147815e-02 -2.749710000000000001e-02 -6.017842198987881537e-03 9.999087704993789849e-01 1.209281826905559722e-02 -2.937179999999999999e-02 1.150025072810815716e-02 -1.202303461328799346e-02 9.998615858567015957e-01 2.241476500000000094e+00
9.999260367796166671e-01 7.996274127799969655e-03 -9.164091350583651596e-03 -2.817909999999999859e-02 -7.877503464107191156e-03 9.998854501455743948e-01 1.292406771706127409e-02 -2.961580000000000115e-02 9.266385993565370849e-03 -1.285092165003284999e-02 9.998744860748087770e-01 2.278632200000000108e+00
9.999553971345029879e-01 6.769213774031019454e-03 -6.586462363044695394e-03 -2.858240000000000086e-02 -6.699650980762490021e-03 9.999221471613175538e-01 1.052683680106743409e-02 -2.980640000000000026e-02 6.657207996923619232e-03 -1.048224027495116110e-02 9.999228991379804921e-01 2.315648299999999882e+00
9.999849137388817644e-01 3.561807824113237889e-03 -4.181604914997431345e-03 -2.887649999999999939e-02 -3.537334929673533086e-03 9.999766590494081342e-01 5.845392884920899181e-03 -3.028909999999999936e-02 4.202327478476242627e-03 -5.830512962669583306e-03 9.999741724476466365e-01 2.352267499999999956e+00
9.999880427259979498e-01 4.649754150054955307e-03 -1.514658830171196433e-03 -2.918660000000000004e-02 -4.641382776875608435e-03 9.999741896182836598e-01 5.484310638137921030e-03 -3.073139999999999900e-02 1.540120432398491869e-03 -5.477214949325708536e-03 9.999838139417320804e-01 2.389000199999999907e+00
9.999922257124821412e-01 3.780010503896433574e-03 1.122512889249616640e-03 -2.920009999999999967e-02 -3.789898768334197358e-03 9.999528411122967642e-01 8.941600459176407903e-03 -3.114219999999999836e-02 -1.088660609132994887e-03 -8.945785154819975785e-03 9.999593930485586313e-01 2.425724999999999909e+00
9.999833630336542045e-01 3.824653054826737675e-03 4.318064950083137093e-03 -2.914939999999999892e-02 -3.869211635191469739e-03 9.999388650235503384e-01 1.035835009719959093e-02 -3.155050000000000215e-02 -4.278183869941885528e-03 -1.037488527282399986e-02 9.999370274664053371e-01 2.462152000000000118e+00
9.999526405134830931e-01 4.300085354659548623e-03 8.730750028229474977e-03 -2.924300000000000163e-02 -4.373734709080187577e-03 9.999548669178670579e-01 8.434131369934384434e-03 -3.187009999999999843e-02 -8.694088497788238570e-03 -8.471917918238256948e-03 9.999263170013974467e-01 2.498531799999999858e+00
9.999173643322778471e-01 3.552638036326309905e-03 1.235488849701186533e-02 -2.907240000000000171e-02 -3.622784796007241011e-03 9.999774201469407986e-01 5.659914009102142915e-03 -3.241979999999999862e-02 -1.233450189965396883e-02 -5.704205400532090520e-03 9.999076567881836075e-01 2.534757899999999786e+00
9.998159527294588900e-01 1.833711999680847238e-03 1.909707223598566123e-02 -2.817410000000000053e-02 -1.849318231634557858e-03 9.999979703467851699e-01 7.995776311459064714e-04 -3.341670000000000057e-02 -1.909556728045469498e-02 -8.347470349221587475e-04 9.998173145668288742e-01 2.606774300000000100e+00
9.997448507563161391e-01 1.352655729453084007e-03 2.254780939933338779e-02 -2.725740000000000107e-02 -1.413565275618244898e-03 9.999953945979146441e-01 2.685631428989121525e-03 -3.409000000000000224e-02 -2.254407282286534364e-02 -2.716818992569358052e-03 9.997421585964647583e-01 2.642742900000000006e+00
9.996527717370760069e-01 2.404667855958229298e-03 2.624030355929518610e-02 -2.648779999999999885e-02 -2.486501421010875370e-03 9.999921455748811416e-01 3.086437951606400484e-03 -3.467359999999999887e-02 -2.623267559866414300e-02 -3.150612805205785412e-03 9.996508992492764145e-01 2.678782700000000183e+00
9.995453089813945979e-01 2.011305822976133979e-03 3.008537754748631665e-02 -2.563340000000000063e-02 -2.047031835251809061e-03 9.999972358087466651e-01 1.156734857803309912e-03 -3.534640000000000004e-02 -3.008296783819371101e-02 -1.217794626467833463e-03 9.995466632540442875e-01 2.714545999999999903e+00
9.994352370249588446e-01 1.993189314412640700e-03 3.354451056762234457e-02 -2.467420000000000030e-02 -1.947453139514827890e-03 9.999971292108896792e-01 -1.396064557449868630e-03 -3.588390000000000329e-02 -3.354719688936484007e-02 1.329949749458649196e-03 9.994362494999519120e-01 2.750172099999999897e+00
9.993279079733479175e-01 1.660529402061103809e-03 3.661932533126092265e-02 -2.336270000000000013e-02 -1.601721407207802811e-03 9.999973802911272802e-01 -1.635206230445683962e-03 -3.666380000000000333e-02 -3.662194470731353763e-02 1.575453264075681991e-03 9.993279497306513104e-01 2.785924399999999856e+00
9.991069954740049441e-01 -1.585146539565210496e-05 4.225176142645076932e-02 -2.064639999999999878e-02 -2.624914203280012508e-05 9.999995037792601682e-01 9.958675695268435438e-04 -3.796429999999999944e-02 -4.225175624621076848e-02 -9.960873277667832166e-04 9.991064992803050382e-01 2.857612599999999947e+00
9.989895374347473878e-01 -8.385123144121901014e-04 4.493552039320458658e-02 -1.913679999999999895e-02 7.134939509198673108e-04 9.999958306639237238e-01 2.798138872775427811e-03 -3.841270000000000101e-02 -4.493767931582055841e-02 -2.763250236210121856e-03 9.989859705850931970e-01 2.893441399999999941e+00
9.988797370098656536e-01 -2.395559313386682720e-03 4.726026117868668136e-02 -1.747260000000000132e-02 2.231137281793417384e-03 9.999912751558818202e-01 3.531520712578082710e-03 -3.888069999999999721e-02 -4.726830880760834325e-02 -3.422120349961826295e-03 9.988763667615622177e-01 2.929368699999999937e+00
9.987651771675346568e-01 -3.259734539186578441e-03 4.957312788434008882e-02 -1.566999999999999990e-02 3.199869012569744875e-03 9.999940523001835668e-01 1.286935336434284847e-03 -3.940649999999999709e-02 -4.957702810582233915e-02 -1.126718683523692584e-03 9.987696675356149134e-01 2.965068099999999873e+00
9.987723856528003541e-01 -3.590756741658659469e-03 4.940473786425814140e-02 -1.440700000000000053e-03 3.643021219446361016e-03 9.999928957789857575e-01 -9.678780673311049168e-04 -4.459960000000000313e-02 -4.940091146738583017e-02 1.146672394709986973e-03 9.987783713560335341e-01 3.254240799999999822e+00
9.993945476433685471e-01 -1.373627437959976539e-03 3.476566248999685832e-02 3.761800000000000040e-03 1.379955723829761737e-03 9.999990353734589110e-01 -1.580327561371939625e-04 -4.698270000000000224e-02 -3.476541187598617549e-02 2.059121497783705497e-04 9.993954791459083165e-01 3.401718900000000101e+00
9.999791513222282546e-01 1.731883962670967281e-03 6.220731373066089483e-03 7.459799999999999938e-03 -1.734497774571898583e-03 9.999984097249688952e-01 4.148071879021194295e-04 -5.052809999999999940e-02 -6.220003082475983498e-03 -4.255883844435142055e-04 9.999805650292313830e-01 3.624776600000000126e+00
9.999897653303255751e-01 3.657801742710523746e-03 2.662653002429268227e-03 7.453099999999999829e-03 -3.658179803539867575e-03 9.999932994354798765e-01 1.371301118437375692e-04 -5.089819999999999761e-02 -2.662133566388950618e-03 -1.468691717996620000e-04 9.999964457308441190e-01 3.662338500000000163e+00
9.999626791719500307e-01 8.517602793903603434e-03 -1.445927349877494010e-03 6.638299999999999756e-03 -8.517038808886328791e-03 9.999636510508487230e-01 3.957612720705346748e-04 -5.288969999999999783e-02 1.449245729254483453e-03 -3.834314825784140737e-04 9.999988763329259456e-01 3.775601099999999821e+00
9.999438149461561398e-01 1.015770924315603958e-02 -3.031153882433883315e-03 5.916099999999999658e-03 -1.015279939612654704e-02 9.999471291639381310e-01 1.630809989131849552e-03 -5.416279999999999706e-02 3.047558916494322399e-03 -1.599943664677659855e-03 9.999940762649148773e-01 3.851683899999999827e+00
9.998933598113778354e-01 1.406791140684154721e-02 -3.919550199143450805e-03 5.484300000000000112e-03 -1.405369362638796311e-02 9.998946469159188943e-01 3.631633839658199303e-03 -5.469990000000000269e-02 3.970226765560160714e-03 -3.576162403888521503e-03 9.999857240790445134e-01 3.889826100000000064e+00
9.998929802158136315e-01 1.367272002307644806e-02 -5.204309974345983081e-03 4.862700000000000182e-03 -1.363880462467129302e-02 9.998858766882365856e-01 6.497430862013046232e-03 -5.550669999999999910e-02 5.292553594301868322e-03 -6.425754941418095056e-03 9.999653486745849751e-01 3.965845600000000193e+00
9.998915019082047495e-01 1.346436659949193371e-02 -5.974549675824095477e-03 4.594499999999999626e-03 -1.343482384067460830e-02 9.998974583278692485e-01 4.957654469290707563e-03 -5.587059999999999943e-02 6.040688712758248910e-03 -4.876849550818953757e-03 9.999698627550402952e-01 4.004002599999999745e+00
9.999237065767818677e-01 1.037609466190795790e-02 -6.702065749972752409e-03 4.267100000000000233e-03 -1.033581666326784457e-02 9.999284824054560650e-01 6.016724044268317514e-03 -5.628060000000000007e-02 6.764016532589744307e-03 -5.946993684937536620e-03 9.999594398506662651e-01 4.042290200000000056e+00
9.999586059585264808e-01 4.741845652609505239e-03 -7.765389190969563225e-03 3.426300000000000179e-03 -4.667549693882598084e-03 9.999434285392568844e-01 9.557913005009585974e-03 -5.694720000000000337e-02 7.810272039790616162e-03 -9.521272024421068361e-03 9.999241696397289658e-01 4.119431500000000135e+00
9.999628759511599574e-01 3.137633902659209013e-03 -8.025083985729956557e-03 3.052200000000000139e-03 -3.053824816716126708e-03 9.999408968799200492e-01 1.043440946914836812e-02 -5.713859999999999773e-02 8.057349035132123014e-03 -1.040951490098976362e-02 9.999133568095048830e-01 4.157855500000000148e+00
9.999690099461168158e-01 -1.136165544459223761e-03 -7.790267982459964970e-03 2.766900000000000089e-03 1.205393095527996236e-03 9.999597790057996871e-01 8.887485480018480349e-03 -5.757140000000000174e-02 7.779856995357344214e-03 -8.896600391602938612e-03 9.999301597244699691e-01 4.196637599999999857e+00
9.999653526095361178e-01 -3.578790820426989028e-03 -7.515706004753731732e-03 2.377600000000000113e-03 3.636293649736512933e-03 9.999641164990509257e-01 7.651345160525018993e-03 -5.779310000000000003e-02 7.488053751085770558e-03 -7.678409375400039802e-03 9.999424838861906695e-01 4.235236600000000351e+00
9.999620770544642712e-01 -4.691469521056479408e-03 -7.337204280567032229e-03 2.066899999999999987e-03 4.743980213001363147e-03 9.999631437833971237e-01 7.155817672618898159e-03 -5.806220000000000131e-02 7.303362558467478734e-03 -7.190353854860795021e-03 9.999474784741354538e-01 4.273841400000000235e+00
9.999587356200755339e-01 -5.569050504379614332e-03 -7.177237182889931004e-03 1.779500000000000049e-03 5.626742513672609337e-03 9.999518219924179441e-01 8.043224647391931589e-03 -5.858859999999999763e-02 7.132098273623119732e-03 -8.083277214301942334e-03 9.999418952137629768e-01 4.312594899999999676e+00
9.999830896430917937e-01 -2.275875710589700049e-03 -5.351711652009374758e-03 5.331999999999999500e-04 2.335233647345926790e-03 9.999355393631240707e-01 1.111142665864925730e-02 -5.910220000000000057e-02 5.326078451225491582e-03 -1.112373625757936621e-02 9.999239447978047757e-01 4.388761500000000204e+00
9.999852277539069689e-01 -2.479068131074958683e-03 -4.837199103643104008e-03 2.362999999999999975e-04 2.524857321444850481e-03 9.999518475347480839e-01 9.483022057884784445e-03 -5.942519999999999747e-02 4.813457122811366264e-03 -9.495095209921360080e-03 9.999433352932961538e-01 4.427581299999999942e+00
9.999906418933769414e-01 -2.214247806835146788e-03 -3.716615708133899545e-03 -5.523000000000000348e-04 2.233726538826025145e-03 9.999837498611536812e-01 5.245043314916673048e-03 -6.021350000000000313e-02 3.704941486955794488e-03 -5.253296134383965942e-03 9.999793379306908259e-01 4.503941499999999820e+00
9.999881568630679674e-01 -3.370362802969072754e-03 -3.510952602996151185e-03 -6.348000000000000344e-04 3.373616718855687504e-03 9.999938849576917033e-01 9.212803357788507033e-04 -6.062839999999999896e-02 3.507826084397625954e-03 -9.331140333302589875e-04 9.999934122054816577e-01 4.541995000000000005e+00
9.999903835385913764e-01 -3.571671424545139716e-03 -2.544797354568973692e-03 -1.246799999999999948e-03 3.563101246964895524e-03 9.999879927009638347e-01 -3.364336992749301057e-03 -6.218579999999999941e-02 2.556783104725694235e-03 3.355237269105107618e-03 9.999911025819295807e-01 4.617355800000000343e+00
9.999923369815835184e-01 -2.797147876714025858e-03 -2.738967299354127128e-03 -1.644599999999999968e-03 2.789636443931704617e-03 9.999923484925246076e-01 -2.742423183237252971e-03 -6.374430000000000374e-02 2.746617305309404736e-03 2.734761445000878210e-03 9.999924885583977296e-01 4.692571199999999720e+00
9.999919380026575100e-01 -2.458331908476463993e-03 -3.174985656172172981e-03 -1.869599999999999908e-03 2.453656929467460269e-03 9.999959012286068205e-01 -1.475497766435637705e-03 -6.457540000000000502e-02 3.178599905871906835e-03 1.467695545420339299e-03 9.999938711674308811e-01 4.730184999999999640e+00
9.999942722622735536e-01 -1.449579893004665325e-03 -3.058457254844254743e-03 -2.309900000000000148e-03 1.445615522023394051e-03 9.999981126780803642e-01 -1.298012341889148583e-03 -6.516239999999999533e-02 3.060333055142512235e-03 1.293583553933840479e-03 9.999944804863577508e-01 4.767400699999999603e+00
9.999900325739142781e-01 -1.115792287103320067e-03 -4.323165552471624345e-03 -2.868599999999999796e-03 1.109401415933123540e-03 9.999982888188422292e-01 -1.480401258381769001e-03 -6.648129999999999318e-02 4.324809975058109546e-03 1.475590376606423495e-03 9.999895592713556880e-01 4.842003300000000010e+00
9.999849389457682314e-01 -1.941351384670626746e-03 -5.133520860907484114e-03 -3.020600000000000021e-03 1.941034128168893152e-03 9.999981139615308212e-01 -6.678244189487442348e-05 -6.732459999999999833e-02 5.133640827075702275e-03 5.681709689220693305e-05 9.999868211649971528e-01 4.879194700000000218e+00
9.999782326816906153e-01 -8.172885043800337231e-04 -6.547228597148750141e-03 -3.751500000000000060e-03 8.119024489047281480e-04 9.999993298780753825e-01 -8.252622695585591769e-04 -6.864839999999999831e-02 6.547898687073331302e-03 8.199285948804847573e-04 9.999782261328908906e-01 4.953258499999999565e+00
9.999708133270269750e-01 6.928675105278402774e-04 -7.608707426174949641e-03 -4.916600000000000137e-03 -7.095214226722460112e-04 9.999973582987571330e-01 -2.186315361057496274e-03 -6.986749999999999905e-02 7.607172499361640298e-03 2.191650090703753818e-03 9.999686633072283337e-01 5.027461500000000250e+00
9.999592329803680402e-01 4.026422653762448895e-04 -9.020546353755674873e-03 -5.862400000000000250e-03 -4.393474422981844939e-04 9.999916313706812554e-01 -4.067451588974448778e-03 -7.143510000000000137e-02 9.018833136224892882e-03 4.071248925064323287e-03 9.999510415920627171e-01 5.101620200000000160e+00
9.999527993822024952e-01 5.453018086956872273e-04 -9.700600684187639031e-03 -6.367699999999999576e-03 -5.842825596870668617e-04 9.999917651240745053e-01 -4.016005220154383014e-03 -7.218700000000000117e-02 9.698330866034320444e-03 4.021483554025173136e-03 9.999448835053048601e-01 5.138536900000000074e+00
9.999427315578816033e-01 6.991214561778382646e-04 -1.067917757843940205e-02 -6.745499999999999760e-03 -7.272569053420706439e-04 9.999962745872482683e-01 -2.630952112544349478e-03 -7.300249999999999795e-02 1.067729843902301759e-02 2.638567947652869887e-03 9.999395147993850319e-01 5.175750700000000037e+00
9.999356606031876149e-01 7.303939728368124889e-04 -1.131994605602012691e-02 -7.381099999999999814e-03 -7.527814833233026056e-04 9.999977691681837255e-01 -1.973570037831879568e-03 -7.379860000000000586e-02 1.131847931946370484e-02 1.981964505309268942e-03 9.999339797419599662e-01 5.212581600000000037e+00
9.999245247673613779e-01 1.099468769801757425e-03 -1.223666364622538576e-02 -7.894200000000000522e-03 -1.119288642722208104e-03 9.999980727397883573e-01 -1.612981600442508524e-03 -7.452300000000000590e-02 1.223486664009446577e-02 1.626556218925005216e-03 9.999238282755171792e-01 5.249594199999999766e+00
9.999195182454994058e-01 1.599339062047209136e-03 -1.258567226067412725e-02 -8.779199999999999157e-03 -1.616995537623254270e-03 9.999977226417283704e-01 -1.392852033893723310e-03 -7.525990000000000457e-02 1.258341595592384066e-02 1.413090910601774632e-03 9.999198271946400096e-01 5.286506700000000336e+00
9.999097703282500138e-01 1.960181022326001801e-03 -1.328942784570191597e-02 -9.423199999999999632e-03 -1.988927413709673433e-03 9.999957103280066040e-01 -2.150230994246567825e-03 -7.607740000000000336e-02 1.328515599642693910e-02 2.176468686964603671e-03 9.999093797010834006e-01 5.323613199999999601e+00
9.999017398800085221e-01 3.023373864869193395e-03 -1.368830871235914189e-02 -1.016519999999999924e-02 -3.061671030969738676e-03 9.999914552106893284e-01 -2.777710587139246585e-03 -7.678229999999999777e-02 1.367979369105184854e-02 2.819346747211253727e-03 9.999024525064877933e-01 5.360718300000000269e+00
9.998976995069348561e-01 2.551670626195465513e-03 -1.407407182569843720e-02 -1.088869999999999942e-02 -2.584994517240734365e-03 9.999938974748133758e-01 -2.350067334845882313e-03 -7.761619999999999631e-02 1.406798934053273345e-02 2.386208320303474188e-03 9.998981936606180509e-01 5.397713200000000100e+00
9.998921327499122880e-01 2.470576353401723619e-03 -1.447822908072406850e-02 -1.156019999999999964e-02 -2.522081351832725516e-03 9.999905528872952143e-01 -3.540231887377706058e-03 -7.837049999999999572e-02 1.446934589007566399e-02 3.576365283871397929e-03 9.998889176507906873e-01 5.434528799999999826e+00
9.998937882848979442e-01 1.646620204454152941e-03 -1.448104938109873868e-02 -1.224929999999999942e-02 -1.723678380839145999e-03 9.999844139504011631e-01 -5.310441517617573749e-03 -7.910910000000000164e-02 1.447207939844736072e-02 5.334838158266102214e-03 9.998810421343681254e-01 5.471544699999999928e+00
9.998885529118597404e-01 -1.474321272826141895e-03 -1.485624894148767500e-02 -1.274199999999999985e-02 1.397989336131338347e-03 9.999857763338717564e-01 -5.147111399599274030e-03 -7.989100000000000368e-02 1.486362612699284810e-02 5.125768891426342629e-03 9.998763919163351499e-01 5.508329899999999668e+00
9.998841361435442110e-01 -1.006378079104915807e-03 -1.518886077493220715e-02 -1.341340000000000067e-02 9.851637255377933104e-04 9.999985289454299542e-01 -1.404122291628969073e-03 -8.070510000000000184e-02 1.519025150918382888e-02 1.388996089937618097e-03 9.998836567065939596e-01 5.545309999999999739e+00
9.998802107226304470e-01 -1.764749632617573913e-03 -1.537692635094090217e-02 -1.403189999999999993e-02 1.809539499203413398e-03 9.999941595910609715e-01 2.899370719406465461e-03 -8.142789999999999750e-02 1.537171987999089336e-02 -2.926848561491530911e-03 9.998775643974762151e-01 5.582258699999999685e+00
9.998781632661122298e-01 -1.094497905007294197e-03 -1.557114953758661005e-02 -1.471229999999999934e-02 1.129033053961263182e-03 9.999969221882237802e-01 2.209275547044553881e-03 -8.200359999999999594e-02 1.556868356506136905e-02 -2.226586718643753030e-03 9.998763215536387028e-01 5.618876900000000063e+00
9.998810505088209233e-01 5.068669852331114797e-04 -1.541518469678716634e-02 -1.545930000000000047e-02 -5.215023674423978741e-04 9.999994171189423575e-01 -9.454084072202021240e-04 -8.256910000000000638e-02 1.541469651525882202e-02 9.533350066851432490e-04 9.998807320294293977e-01 5.655192399999999786e+00
9.998780544761988187e-01 6.601514477171791830e-04 -1.560257597186195597e-02 -1.712309999999999874e-02 -6.998059996863247815e-04 9.999965389346808786e-01 -2.536215728646346469e-03 -8.399800000000000322e-02 1.560084768384237958e-02 2.546825224766514819e-03 9.998750558108848718e-01 5.727273499999999906e+00
9.998810236840800503e-01 6.105401116565927367e-04 -1.541316700902709176e-02 -1.797170000000000017e-02 -6.318226589464121749e-04 9.999988537509206799e-01 -1.375971283264697427e-03 -8.487509999999999499e-02 1.541230925603767794e-02 1.385545963433031449e-03 9.998802633244540106e-01 5.763303299999999574e+00
9.998954660435289687e-01 -9.224599758922100992e-05 -1.445850878444315465e-02 -1.937269999999999964e-02 1.177484278706336158e-04 9.999984389923508576e-01 1.762994092206350344e-03 -8.643249999999999544e-02 1.445832358545156779e-02 -1.764512266137379043e-03 9.998939160608794063e-01 5.835630400000000328e+00
9.999312402082733975e-01 -1.104509458093583512e-03 -1.167454129296568131e-02 -2.071310000000000165e-02 1.099052563283530164e-03 9.999992837870249618e-01 -4.738237017268650988e-04 -8.775639999999999830e-02 1.167505627426775570e-02 4.609601871746258467e-04 9.999317379584961030e-01 5.907163599999999626e+00
9.999443822035529728e-01 -1.433804634160755053e-03 -1.044876566040118041e-02 -2.127630000000000146e-02 1.414954563825389540e-03 9.999973586951595994e-01 -1.811216797298810348e-03 -8.856300000000000283e-02 1.045133499306330135e-02 1.796331532754129844e-03 9.999437698140267727e-01 5.942546799999999685e+00
9.999583714741641094e-01 -1.984868058428465500e-03 -8.905931592390786342e-03 -2.179609999999999881e-02 1.963487899591274174e-03 9.999951712674426396e-01 -2.408766710633778937e-03 -8.939999999999999336e-02 8.910669672133093508e-03 2.391179748310285486e-03 9.999574402070346979e-01 5.977955800000000153e+00
9.999784538811062884e-01 -2.091551950739820726e-03 -6.222313395308784988e-03 -2.253399999999999848e-02 2.092425547639025461e-03 9.999978019118717087e-01 1.338908235834009746e-04 -9.080209999999999670e-02 6.222019678502328614e-03 -1.469076662695579117e-04 9.999806322570742312e-01 6.048358900000000204e+00
9.999892918806189135e-01 -1.996010166972197672e-03 -4.175172752303601791e-03 -2.321650000000000102e-02 1.996779202000999003e-03 9.999979902286246780e-01 1.800320244023451350e-04 -9.186249999999999971e-02 4.174805015409828977e-03 -1.883669947144965410e-04 9.999912677223529167e-01 6.117427799999999749e+00
9.999941290043180553e-01 -1.542204881826638547e-03 -3.059993627060973460e-03 -2.350719999999999893e-02 1.542990638504365642e-03 9.999987772194413038e-01 2.544396032765333508e-04 -9.254339999999999788e-02 3.059597487361953149e-03 -2.591596509831592681e-04 9.999952858386336185e-01 6.151989000000000374e+00
9.999984570994999711e-01 -1.470437228802565222e-03 -9.610478530139628800e-04 -2.409129999999999952e-02 1.470761594882583415e-03 9.999988616809399877e-01 3.368933887389166551e-04 -9.388580000000000536e-02 9.605513784539351004e-04 -3.383063412189959529e-04 9.999994814447999980e-01 6.219785700000000084e+00
9.999965911716652833e-01 -2.584458706687451160e-03 3.717771412179306885e-04 -2.425630000000000147e-02 2.584336997279071402e-03 9.999966069735863883e-01 3.274806850879916011e-04 -9.532599999999999407e-02 -3.726222400761181356e-04 -3.265187713417610593e-04 9.999998772690714688e-01 6.286606299999999869e+00
9.999956560474351219e-01 -2.912867043721921456e-03 4.506571261866394035e-04 -2.442969999999999864e-02 2.912325792323936825e-03 9.999950426937920245e-01 1.197057358808216497e-03 -9.603029999999999899e-02 -4.541417610711874367e-04 -1.195739698475744390e-03 9.999991819805825743e-01 6.319266800000000295e+00
9.999933473380266946e-01 -3.647342799806259882e-03 -4.658529197251538764e-05 -2.449700000000000141e-02 3.647440107802066810e-03 9.999907147245201688e-01 2.294917297725886530e-03 -9.677209999999999979e-02 3.821450933323475822e-05 -2.295071947479222340e-03 9.999973655887335333e-01 6.351465700000000325e+00
9.999946736159430749e-01 -3.240578475962595326e-03 -3.890898153624148615e-04 -2.473519999999999885e-02 3.241409058343388497e-03 9.999924281016749905e-01 2.153370992803942292e-03 -9.740150000000000197e-02 3.821087015238509811e-04 -2.154620722375042915e-03 9.999976057983752664e-01 6.383173499999999834e+00
9.999953841048642156e-01 -2.934345830483403930e-03 -7.882788288842894429e-04 -2.492640000000000133e-02 2.935246330131354407e-03 9.999950381911365538e-01 1.143644214216444580e-03 -9.806189999999999352e-02 7.849190699638669728e-04 -1.145952727814281927e-03 9.999990353467342885e-01 6.414446400000000104e+00
9.999833475117680948e-01 -3.195510414465810994e-03 -4.805560565599805226e-03 -2.592049999999999910e-02 3.200861847470420386e-03 9.999942652605894322e-01 1.106313412826384233e-03 -1.006459999999999994e-01 4.801997770929889928e-03 -1.121676925425432953e-03 9.999878412552239970e-01 6.535007499999999858e+00
9.999638031317895637e-01 -5.001453786845583803e-03 -6.883159610657415932e-03 -2.613040000000000154e-02 5.019646518926276953e-03 9.999839473449159133e-01 2.628345735544612444e-03 -1.012286000000000019e-01 6.869903567938117663e-03 -2.662801625839262155e-03 9.999728565878519548e-01 6.564592400000000438e+00
9.999462541533025162e-01 -4.729863493463423718e-03 -9.225898119544412301e-03 -2.645650000000000085e-02 4.770386333551415378e-03 9.999790501141120336e-01 4.375242519789213080e-03 -1.017804999999999960e-01 9.205010538162194944e-03 -4.419018466979693013e-03 9.999478686695526530e-01 6.593659899999999574e+00
