9.999999999883000257e-01 -5.999975999963399196e-07 -4.800000299970719366e-06 1.799999999999999919e-06 6.000023999963399674e-07 9.999999999993199884e-01 9.999985599939001173e-07 -3.080000000000000326e-05 4.799999699970719730e-06 -1.000001439993899977e-06 9.999999999879799484e-01 -3.074999999999999934e-04
9.999990036191085396e-01 -4.411393277129281977e-04 1.340953721627274409e-03 -5.138999999999999688e-04 4.408603997433332197e-04 9.999998811275129240e-01 2.082956261944144880e-04 -1.152699999999999992e-03 -1.341045449617275396e-03 -2.077042452588788956e-04 9.999990792276003404e-01 7.255609999999999837e-02
9.999976404396475615e-01 -4.868250438346767486e-04 2.117100969278686625e-03 -7.376000000000000395e-04 4.859743528918108449e-04 9.999998009859040193e-01 4.023146538568318211e-04 -2.292600000000000107e-03 -2.117296404794750519e-03 -4.012848477975734796e-04 9.999976780105067631e-01 1.442803000000000002e-01
9.999950438099115546e-01 -6.063280895320371112e-04 3.089453327170556089e-03 -5.737000000000000129e-04 6.048704161554594588e-04 9.999997053266804770e-01 4.727349488608744116e-04 -3.464899999999999924e-03 -3.089739049269486261e-03 -4.708638869769079583e-04 9.999951158879764046e-01 2.181937999999999933e-01
9.999925553546256118e-01 1.268380338978780425e-04 3.856571980282477198e-03 -8.381000000000000429e-04 -1.255614992336892186e-04 9.999999372562767830e-01 -3.312427392160906671e-04 -4.920700000000000074e-03 -3.856613752484577308e-03 3.307560362716174666e-04 9.999925085373432276e-01 2.890482999999999802e-01
9.999895235502721524e-01 -6.160934158023324099e-05 4.577007099481939303e-03 -7.917999999999999474e-04 6.439032697343877436e-05 9.999998134266070426e-01 -6.074542261821353059e-04 -6.297099999999999920e-03 -4.576968820679280445e-03 6.077425772021682058e-04 9.999893409458794347e-01 3.609200000000000186e-01
9.999918864067576241e-01 -1.491364266958117735e-03 3.742052014281380817e-03 -1.035300000000000066e-03 1.484628393444454957e-03 9.999972740080005362e-01 1.802180651622572755e-03 -8.795900000000000593e-03 -3.744729521303962264e-03 -1.796610472791667929e-03 9.999913745586115343e-01 5.041181999999999608e-01
9.999954395638047666e-01 -2.767752943840525327e-03 1.208468135572851208e-03 -9.925999999999999494e-04 2.766239467828314914e-03 9.999953898556482867e-01 1.252272596733095900e-03 -1.004239999999999994e-02 -1.211928545526400882e-03 -1.248923973571584986e-03 9.999984857079078360e-01 5.760165999999999897e-01
9.999962683910071926e-01 -2.597039089742811911e-03 -8.476980753468587714e-04 -1.419700000000000085e-03 2.597755482630703834e-03 9.999962687295671504e-01 8.450996365033187820e-04 -1.128099999999999936e-02 8.455001555653677767e-04 -8.472985952447632200e-04 9.999992836070320523e-01 6.480114000000000152e-01
9.999956163527399244e-01 -2.235676486681784959e-03 -1.941397937215454854e-03 -2.192599999999999844e-03 2.236718308055250966e-03 9.999973556278288767e-01 5.346293668966761335e-04 -1.225060000000000038e-02 1.940197545132116156e-03 -5.389693835795072779e-04 9.999979725706894529e-01 7.197902000000000466e-01
9.999962410442368999e-01 -4.770312912172880167e-04 -2.700062692540534503e-03 -2.848199999999999951e-03 4.777678512923554913e-04 9.999998488346846237e-01 2.721552649370712496e-04 -1.334710000000000063e-02 2.699932457807261658e-03 -2.734442450684393573e-04 9.999963177897046585e-01 7.914067000000000185e-01
9.999947346100958034e-01 -3.696849431728999220e-04 -3.223985906722158252e-03 -1.065450000000000078e-02 3.695140711786068857e-04 9.999999302934222678e-01 -5.359572450995746473e-05 -1.012410000000000046e-02 3.224005495521503877e-03 5.240413414975536572e-05 9.999948015076736141e-01 8.415413999999999950e-01
9.999912211313383148e-01 -1.592085210793242047e-03 -3.875941812822036175e-03 -3.685900000000000201e-03 1.596707311046843608e-03 9.999980175582912079e-01 1.189708052555937942e-03 -1.632689999999999836e-02 3.874040012397690115e-03 -1.195886352894923741e-03 9.999917808011290488e-01 9.346913999999999501e-01
9.999884590160601494e-01 -2.194504130286503707e-03 -4.273872518847816014e-03 -4.279599999999999724e-03 2.200282123886175209e-03 9.999966712238322897e-01 1.347701684283730784e-03 -1.748330000000000023e-02 4.270900755170277223e-03 -1.357089855783226310e-03 9.999899588065185307e-01 1.005697099999999899e+00
9.999870069877385692e-01 -1.652919971653077748e-03 -4.822210206101376802e-03 -5.084700000000000157e-03 1.653069459868511610e-03 9.999986333148588313e-01 2.701435218905356823e-05 -1.859490000000000101e-02 4.822158963096086388e-03 -3.498544961201677087e-05 9.999883727118795695e-01 1.076899800000000074e+00
9.999829185830660938e-01 -7.050061162851026329e-04 -5.802198589256492289e-03 -6.932200000000000341e-03 7.053879010673190942e-04 9.999997491816454698e-01 6.375386504990944165e-05 -2.128750000000000087e-02 5.802152187093791505e-03 -6.784557672801077850e-05 9.999831650717804221e-01 1.219371200000000099e+00
9.999715415182882650e-01 -1.146677587820764529e-03 -7.456626854542978099e-03 -8.764900000000000815e-03 1.142506141635003586e-03 9.999991884811649800e-01 -5.636636655456599794e-04 -2.432180000000000106e-02 7.457267143842189090e-03 5.551283825563465201e-04 9.999720401087343058e-01 1.361793800000000054e+00
9.999654933283007585e-01 -4.233077102746085965e-04 -8.296563340958474850e-03 -9.598600000000000534e-03 4.246849457915615389e-04 9.999998963340062108e-01 1.642396832963717384e-04 -2.565250000000000169e-02 8.296492956962718199e-03 -1.677574414842514326e-04 9.999655694382961757e-01 1.433564899999999920e+00
9.999568966823946248e-01 -2.134348127453803475e-03 -9.036002179374291038e-03 -1.041609999999999932e-02 2.150403705423624846e-03 9.999961258417477961e-01 1.767502588123936059e-03 -2.676670000000000091e-02 9.032194706632648562e-03 -1.786857455467254392e-03 9.999576124012534706e-01 1.505354400000000092e+00
9.999482719365069272e-01 -2.000714886031573856e-03 -9.972491721650244764e-03 -1.120039999999999925e-02 2.016832011762949208e-03 9.999966759865254184e-01 1.606363762175702517e-03 -2.784779999999999894e-02 9.969244697062019586e-03 -1.626393508630285091e-03 9.999489832008056078e-01 1.576673500000000061e+00
9.999376226411512691e-01 -2.796429977099773069e-03 -1.081345486630698113e-02 -1.210140000000000000e-02 2.805882177368990149e-03 9.999956945263738239e-01 8.590424448165690690e-04 -2.915070000000000161e-02 1.081100605721796101e-02 -8.893301403028773056e-04 9.999411638891222420e-01 1.648171899999999912e+00
9.999242162908645870e-01 -3.077532194774239716e-03 -1.192017074921816223e-02 -1.303200000000000018e-02 3.075951523050810075e-03 9.999952578590096675e-01 -1.509361472456897414e-04 -3.032750000000000029e-02 1.192057873294034322e-02 1.142588413735255140e-04 9.999289408490930064e-01 1.719754599999999911e+00
9.999142490993598864e-01 -2.733564652638351741e-03 -1.280711022647826672e-02 -1.390489999999999955e-02 2.725918156970826445e-03 9.999960958913434173e-01 -6.144690981782337464e-04 -3.131269999999999887e-02 1.280873991713528393e-02 5.795052725949654962e-04 9.999177967990039440e-01 1.791070799999999963e+00
9.999015641537121191e-01 -3.477272100642564596e-03 -1.359303430798455663e-02 -1.498859999999999949e-02 3.480156535156646302e-03 9.999939264610409051e-01 1.885511100636318377e-04 -3.287919999999999732e-02 1.359229610664654427e-02 -2.358384370550851441e-04 9.999075926638325562e-01 1.862307099999999993e+00
9.998968934992236157e-01 -3.951103557609838592e-03 -1.380547540939058675e-02 -1.661429999999999851e-02 3.961092422600411521e-03 9.999919124413684246e-01 6.962748553207673188e-04 -3.422340000000000104e-02 1.380261270274084524e-02 -7.508878288913899829e-04 9.999044574608347835e-01 1.933732299999999960e+00
9.998839349942393318e-01 -4.750624875310708629e-03 -1.447577644653009685e-02 -1.779040000000000135e-02 4.756698668760813396e-03 9.999886126615810111e-01 3.851816989206451112e-04 -3.537169999999999898e-02 1.447378175220441487e-02 -4.539938993570298499e-04 9.998951462685119473e-01 2.004971299999999790e+00
9.998757195931536890e-01 -4.715698792057362344e-03 -1.504352196048956702e-02 -1.894799999999999957e-02 4.722007826351091141e-03 9.999887775711533422e-01 3.838930038631911852e-04 -3.666660000000000058e-02 1.504154281186016393e-02 -4.548809219178018195e-04 9.998867661256377604e-01 2.075565099999999941e+00
9.998730446925943038e-01 -5.164981392366576642e-03 -1.507373425458490360e-02 -2.049940000000000095e-02 5.177889052365990639e-03 9.999862605670921667e-01 8.173995381815131467e-04 -3.794650000000000106e-02 1.506930529661960547e-02 -8.953458885469593991e-04 9.998860507045876922e-01 2.147045900000000174e+00
9.998766225006717745e-01 -4.339152904412718961e-03 -1.509673900951151969e-02 -2.436769999999999908e-02 4.384967966283150748e-03 9.999858769574966333e-01 3.002988758065741962e-03 -4.157399999999999984e-02 1.508349537023334803e-02 -3.068816973774306234e-03 9.998815282471207322e-01 2.287075999999999887e+00
9.998862673261561529e-01 -2.708717432027538119e-03 -1.483628196145652528e-02 -2.537170000000000050e-02 2.749122527169403293e-03 9.999925661909219166e-01 2.703680496135870207e-03 -4.220480000000000065e-02 1.482884816487848104e-02 -2.744159756283502324e-03 9.998862809586572808e-01 2.433401599999999831e+00
9.998987610456319119e-01 2.492247933910960779e-04 -1.422693032289808202e-02 -2.694119999999999848e-02 -1.871631283639452702e-04 9.999904626721606293e-01 4.363431525920120034e-03 -4.313480000000000092e-02 1.422788211131996786e-02 -4.360327019888729332e-03 9.998892713290337131e-01 2.504971999999999976e+00
9.999217809424841841e-01 5.682226149461504878e-04 -1.249436352401973351e-02 -2.812610000000000110e-02 -4.769499521186013036e-04 9.999731906986489838e-01 7.306873661588152505e-03 -4.385549999999999865e-02 1.249818048972189781e-02 -7.300342938732422987e-03 9.998952447518805187e-01 2.577028799999999897e+00
9.999408502596136561e-01 1.114692522630381273e-03 -1.081912393222598731e-02 -2.906509999999999996e-02 -1.004848938110539363e-03 9.999479535443356326e-01 1.015285581039647618e-02 -4.462320000000000175e-02 1.082987814762711651e-02 -1.014138368641652639e-02 9.998899269800813894e-01 2.648374299999999959e+00
9.999584264538958767e-01 1.101190767938984693e-03 -9.051670715452630675e-03 -3.012369999999999978e-02 -9.787402484328247380e-04 9.999081045431125192e-01 1.352126238654737314e-02 -4.513459999999999694e-02 9.065728397347585718e-03 -1.351184102527738795e-02 9.998676125971542872e-01 2.720090200000000014e+00
9.999680805501156566e-01 5.622030778714393832e-04 -7.970057002084677059e-03 -3.058469999999999939e-02 -4.461622291315294527e-04 9.998939867081226840e-01 1.455390958477386677e-02 -4.512189999999999951e-02 7.977394322869058377e-03 -1.454988909358789946e-02 9.998623214759028155e-01 2.792172199999999993e+00
9.999793065462506680e-01 -1.120237721886492045e-03 -6.334946465929127898e-03 -3.113490000000000008e-02 1.202101680237431178e-03 9.999156350597909748e-01 1.293358861744175678e-02 -4.523649999999999893e-02 6.319923324700682868e-03 -1.294093622661479648e-02 9.998962899914913827e-01 2.863421199999999889e+00
9.999855938728373639e-01 -4.298027179531970860e-05 -5.367513342789178958e-03 -3.179400000000000281e-02 1.042168067171022651e-04 9.999349100838942350e-01 1.140897604395635888e-02 -4.570980000000000182e-02 5.366673610904724133e-03 -1.140937106989727175e-02 9.999205093736918126e-01 2.934191900000000075e+00
9.999885528181564620e-01 4.428881517325904734e-04 -4.764250490278223657e-03 -3.218349999999999683e-02 -3.910971380673916933e-04 9.999408845991740735e-01 1.086620219072964404e-02 -4.596700000000000091e-02 4.768781361905460175e-03 -1.086421451860543515e-02 9.999296113063239622e-01 3.005325599999999930e+00
9.999892360541330349e-01 1.112535936610642369e-04 -4.638469414511502478e-03 -3.299219999999999930e-02 -6.274356675376153525e-05 9.999453217865958976e-01 1.045703114397506309e-02 -4.660190000000000166e-02 4.639379173584780996e-03 -1.045662755094255505e-02 9.999345654097294700e-01 3.076481100000000080e+00
9.999862014184168757e-01 -4.946486979005263081e-04 -5.229942201497321877e-03 -3.355969999999999787e-02 5.433364739771413387e-04 9.999564937463796266e-01 9.312110390381040173e-03 -4.698780000000000318e-02 5.225108443026175650e-03 -9.314823514820972164e-03 9.999429645258004484e-01 3.147559900000000077e+00
9.999758902718590692e-01 -2.649396966460228838e-04 -6.938925130004738179e-03 -3.425489999999999785e-02 3.322496801500508736e-04 9.999528890760511768e-01 9.700991630157342061e-03 -4.756660000000000055e-02 6.936028053050992750e-03 -9.703063197541470647e-03 9.999288685098713936e-01 3.218901600000000141e+00
9.999675938860120850e-01 -3.332810689773083447e-04 -8.043637333250835963e-03 -3.526060000000000305e-02 4.195020368806333497e-04 9.999424528048872496e-01 1.071984592178958605e-02 -4.798720000000000069e-02 8.039601722775718134e-03 -1.072287285548593865e-02 9.999101883678674918e-01 3.290239099999999972e+00
9.999572467979910284e-01 -8.242358279268375328e-04 -9.210060340824640160e-03 -3.618360000000000326e-02 9.273178841285624474e-04 9.999369188931342967e-01 1.119367303645824041e-02 -4.872850000000000098e-02 9.200253133661294089e-03 -1.120173512476163938e-02 9.998949327166686274e-01 3.361568699999999854e+00
9.999489753113957047e-01 3.315048206599585439e-04 -1.009637946215113588e-02 -3.731570000000000026e-02 -2.188795972422654659e-04 9.999377674286333839e-01 1.115407376532776690e-02 -4.939020000000000216e-02 1.009944876771891667e-02 -1.115129474071694174e-02 9.998868184750682175e-01 3.432417899999999911e+00
9.999424191031353049e-01 6.013457371711193773e-04 -1.071432972584068603e-02 -3.823759999999999659e-02 -4.846225041899975688e-04 9.999405478157770144e-01 1.089339134117864837e-02 -4.975430000000000130e-02 1.072024342998235437e-02 -1.088757168463287163e-02 9.998832617678995449e-01 3.503554799999999858e+00
9.999436891371503711e-01 -3.401834703235740104e-04 -1.060673512408457156e-02 -3.958980000000000138e-02 4.489950041490618380e-04 9.999472842453003274e-01 1.025802777998135670e-02 -5.036279999999999923e-02 1.060268637054873758e-02 -1.026221251266697804e-02 9.998911290915989403e-01 3.574899199999999944e+00
9.999372435416477023e-01 -1.457236301610543390e-03 -1.110789992271011759e-02 -4.038459999999999966e-02 1.563082126247491337e-03 9.999534034381295511e-01 9.526160127148646309e-03 -5.116129999999999983e-02 1.109350046641188053e-02 -9.542924858906702210e-03 9.998929276840291536e-01 3.645729300000000173e+00
9.999352833760697390e-01 -2.014889359753460705e-03 -1.119684243379483364e-02 -4.190309999999999868e-02 2.139778830272201417e-03 9.999355113542468532e-01 1.115322730327251641e-02 -5.224039999999999934e-02 1.117364784556929176e-02 -1.117646427046124769e-02 9.998751103214013058e-01 3.716216300000000139e+00
9.999335192485057089e-01 -2.364387532615534922e-03 -1.128568805585166909e-02 -4.332249999999999990e-02 2.507832975889909451e-03 9.999160391042291041e-01 1.271320242404799621e-02 -5.278359999999999996e-02 1.125468156206207299e-02 -1.274065986145901837e-02 9.998554934235402980e-01 3.786647100000000155e+00
9.999300693457555678e-01 -1.711623762652388515e-03 -1.170157093246664351e-02 -4.399200000000000332e-02 1.842658349407826079e-03 9.999356201120200849e-01 1.119643878191663861e-02 -5.336309999999999665e-02 1.168165349596460983e-02 -1.121721780500730889e-02 9.998688478977205696e-01 3.857271400000000128e+00
9.999308398307765744e-01 1.213986089541710162e-04 -1.176013680599253229e-02 -4.512649999999999995e-02 -3.797662843654988631e-06 9.999500040393387579e-01 9.999470351188534736e-03 -5.383670000000000122e-02 1.176076276844631972e-02 -9.998734125092315420e-03 9.998808477888753155e-01 3.927521899999999899e+00
9.999280940655452810e-01 2.396737326691937304e-03 -1.174999355884661159e-02 -4.665919999999999790e-02 -2.275516397660497844e-03 9.999441663338964892e-01 1.031921702131092210e-02 -5.446020000000000028e-02 1.177406996624673699e-02 -1.029173770535260317e-02 9.998777182293013821e-01 3.997738399999999803e+00
9.999233742674614733e-01 4.110477095809543860e-03 -1.167688193050828160e-02 -4.796890000000000182e-02 -3.986053337655059980e-03 9.999352472345848231e-01 1.065892662039381530e-02 -5.517690000000000095e-02 1.171993909385089794e-02 -1.061156519814094798e-02 9.998750110447215400e-01 4.067486800000000180e+00
9.999214919213846864e-01 5.528022010740026547e-03 -1.124504185679055940e-02 -4.944099999999999884e-02 -5.404398538437546647e-03 9.999249545955922747e-01 1.099443738626675222e-02 -5.565010000000000095e-02 1.130497545994382097e-02 -1.093280154633659122e-02 9.998763280427227507e-01 4.137370100000000050e+00
9.999325587620615519e-01 8.314320003267584164e-03 -8.108638013848114973e-03 -5.150710000000000011e-02 -8.212278229839296839e-03 9.998876789499017148e-01 1.253746268006544762e-02 -5.651110000000000161e-02 8.211967719862621473e-03 -1.247002674662692559e-02 9.998885247961927236e-01 4.277412899999999851e+00
9.999597946753133737e-01 7.021164513246198023e-03 -5.577838450785652623e-03 -5.208539999999999698e-02 -6.963308878002464654e-03 9.999224504796706547e-01 1.032498698304890397e-02 -5.695950000000000318e-02 5.649899324294432347e-03 -1.028573165159044761e-02 9.999311388100766695e-01 4.346784600000000331e+00
9.999860040092956037e-01 5.284443571362647946e-03 -2.577628020758469048e-04 -5.332970000000000071e-02 -5.283085915661164811e-03 9.999734916826835684e-01 5.010482526642202200e-03 -5.846579999999999833e-02 2.842335813950363902e-04 -5.009050616946106316e-03 9.999874142323933457e-01 4.483958699999999631e+00
9.999875856878245317e-01 4.344321919243354993e-03 2.440355977682733338e-03 -5.341549999999999770e-02 -4.364773286576962424e-03 9.999548681628906976e-01 8.438624976433398150e-03 -5.924940000000000068e-02 -2.403585736480865626e-03 -8.449171817289737735e-03 9.999614163912572407e-01 4.553515400000000213e+00
9.999741204050274224e-01 4.498601301869291358e-03 5.614366083399105305e-03 -5.321739999999999804e-02 -4.553630789582714666e-03 9.999413400176796474e-01 9.827561766753091857e-03 -6.000370000000000009e-02 -5.569826462625796122e-03 -9.852873183696356577e-03 9.999359469102019338e-01 4.622376000000000040e+00
9.999413092036139039e-01 4.381002370768310311e-03 9.908832746089085708e-03 -5.325760000000000216e-02 -4.463590860754389558e-03 9.999553582680913433e-01 8.328134698773371689e-03 -6.087660000000000293e-02 -9.871904820774702466e-03 -8.371874889201677203e-03 9.999162250939072072e-01 4.690535500000000191e+00
9.999027210199857851e-01 3.922645965831595902e-03 1.338511656487111241e-02 -5.270770000000000316e-02 -3.993533461382278368e-03 9.999781213277532110e-01 5.273381866511440454e-03 -6.174349999999999977e-02 -1.336413810618784261e-02 -5.326322788188556610e-03 9.998965096939955721e-01 4.758812400000000054e+00
9.997887247553394197e-01 2.196731270356312802e-03 2.043722642185285404e-02 -5.117580000000000046e-02 -2.209835860220665370e-03 9.999973669453504632e-01 6.186500117398774021e-04 -6.374870000000000536e-02 -2.043581360169260258e-02 -6.636822221377475066e-04 9.997909466725255490e-01 4.893925199999999975e+00
9.997144430788749148e-01 1.607803280754208607e-03 2.384213220551563428e-02 -4.935679999999999928e-02 -1.667560371012451886e-03 9.999955177848945942e-01 2.486695101847580854e-03 -6.506290000000000684e-02 -2.383802722340753327e-02 -2.525743203676878313e-03 9.997126432527324580e-01 4.961596499999999743e+00
9.996089334103451796e-01 2.820457651425689605e-03 2.782130954625386052e-02 -4.823220000000000285e-02 -2.899377430984497080e-03 9.999918859104940383e-01 2.796734468275917113e-03 -6.609149999999999747e-02 -2.781319573052797381e-02 -2.876305235864080444e-03 9.996090000652482210e-01 5.029222999999999999e+00
9.994942877543810944e-01 2.349836356857451687e-03 3.171193805900839047e-02 -4.669430000000000108e-02 -2.380764626418230279e-03 9.999967264611597795e-01 9.375642687154893103e-04 -6.743670000000000220e-02 -3.170963112614193224e-02 -1.012588791349798437e-03 9.994966102782858464e-01 5.096043100000000159e+00
9.991672840484182583e-01 9.415392869254929397e-04 4.079034188479718076e-02 -3.907759999999999706e-02 -9.096751102545059175e-04 9.999992664666461639e-01 -7.997233042986587673e-04 -7.070350000000000246e-02 -4.079106493463056232e-02 7.619514031949458244e-04 9.991674076207439636e-01 5.297876800000000053e+00
9.990479673387890891e-01 3.326973011523490058e-04 4.362394146268376571e-02 -3.651250000000000329e-02 -3.655363995918843936e-04 9.999996558263050117e-01 7.448022637228947883e-04 -7.202490000000000281e-02 -4.362367865476761419e-02 -7.600393261399632401e-04 9.990477451057323544e-01 5.364893900000000215e+00
9.988114471523336091e-01 -1.962347033095003003e-03 4.870156292751562366e-02 -3.036449999999999913e-02 1.802129051023388826e-03 9.999928200861610827e-01 3.333482714837634857e-03 -7.375610000000000499e-02 -4.870775470440531774e-02 -3.241754193082348190e-03 9.988078121747983040e-01 5.498577100000000328e+00
9.986938816689657772e-01 -2.948797430923274458e-03 5.100818866304872301e-02 -2.690139999999999892e-02 2.894893133600436649e-03 9.999951706288507935e-01 1.130624924847773881e-03 -7.486310000000000187e-02 -5.101127630944775337e-02 -9.814849397898506734e-04 9.986975950589819240e-01 5.565029599999999910e+00
9.984637254648485172e-01 -3.714374183943311425e-03 5.528464845937984540e-02 -1.999400000000000135e-02 4.020224119904114608e-03 9.999772191051089498e-01 -5.422090817994598341e-03 -7.711160000000000236e-02 -5.526324935145685013e-02 5.636017675140454070e-03 9.984559121843509244e-01 5.699350400000000150e+00
9.983857589459474990e-01 -3.547332726017574881e-03 5.668591328059709861e-02 -9.759500000000000813e-03 3.773696883094092205e-03 9.999853260456640358e-01 -3.886760242356849387e-03 -8.103649999999999742e-02 -5.667129384228822980e-02 4.094401528668708753e-03 9.983844952373625015e-01 5.900701999999999892e+00
9.984655297666749085e-01 -3.870922700473227764e-03 5.524130542628601787e-02 -6.074099999999999812e-03 4.015243993910603930e-03 9.999888093145502532e-01 -2.501811611094939894e-03 -8.247820000000000151e-02 -5.523100291885545826e-02 2.719779975477004154e-03 9.984698989521229029e-01 5.968230700000000333e+00
9.990229810530315557e-01 -1.233099913537818396e-03 4.417649592846131096e-02 5.684299999999999770e-03 1.309877860483118443e-03 9.999976816353240983e-01 -1.709076934371170624e-03 -8.707639999999999825e-02 -4.417428604861364100e-02 1.765272947794877326e-03 9.990222801637184125e-01 6.242011999999999894e+00
9.992047849910107304e-01 -1.272509610797053353e-03 3.985195566541743090e-02 8.584899999999999476e-03 1.326972953087801436e-03 9.999982214753667664e-01 -1.340219715188701579e-03 -8.834119999999999473e-02 -3.985017934526444844e-02 1.392036419651503142e-03 9.992046964665231013e-01 6.310696599999999989e+00
9.993445649933175856e-01 -7.317831296396671214e-04 3.619260852395033562e-02 1.037760000000000071e-02 7.455747203065280068e-04 9.999996545067733056e-01 -3.675658722522306032e-04 -8.951280000000000348e-02 -3.619232704114488247e-02 3.943092506897026886e-04 9.993447653255415064e-01 6.379324000000000439e+00
9.999187674981242502e-01 1.713123082749777506e-03 1.263026580621487600e-02 1.651450000000000140e-02 -1.720807175447485078e-03 9.999983408800694473e-01 5.975447878964394808e-04 -9.501149999999999873e-02 -1.262922118332002706e-02 -6.192304998654794314e-04 9.999200564674612934e-01 6.727710700000000266e+00
9.999663082409825376e-01 2.679730258944797855e-03 7.758957960940536698e-03 1.670920000000000044e-02 -2.681024426716327805e-03 9.999963938169907918e-01 1.564002468454072400e-04 -9.642799999999999983e-02 -7.758510870244191525e-03 -1.771969332651269244e-04 9.999698866017532328e-01 6.797377100000000283e+00
9.999703042044476575e-01 7.620987515452802910e-03 1.145101983957179338e-03 1.593620000000000106e-02 -7.620900465039692415e-03 9.999709572871260388e-01 -8.036398880315504022e-05 -1.001220000000000027e-01 -1.145681180044408809e-03 7.163489408851662801e-05 9.999993411413208300e-01 7.008869599999999700e+00
9.999375512721758730e-01 1.108987740250550608e-02 -1.381367077237218455e-03 1.429199999999999915e-02 -1.108817213762866918e-02 9.999377603385154467e-01 1.236077602706766795e-03 -1.032624999999999932e-01 1.394989050491946252e-03 -1.220683575295326753e-03 9.999982819671031642e-01 7.221705000000000041e+00
9.998888622620329958e-01 1.477054277295841885e-02 -2.023410618100633836e-03 1.324250000000000080e-02 -1.476379527252505257e-02 9.998855304922328324e-01 3.310024383175043730e-03 -1.044344999999999996e-01 2.072069856014391483e-03 -3.279783294434590948e-03 9.999924747457119567e-01 7.292863800000000118e+00
9.998860687254327306e-01 1.468452011985046761e-02 -3.494915971653621625e-03 1.245519999999999960e-02 -1.466331301506154476e-02 9.998743765563972152e-01 6.018168938993415963e-03 -1.057865999999999945e-01 3.582850851143468476e-03 -5.966236234481939703e-03 9.999757833092622894e-01 7.434750600000000098e+00
9.998865017113354181e-01 1.449050233887889255e-02 -4.124201429928512144e-03 1.212440000000000045e-02 -1.447139899893672144e-02 9.998845884367493220e-01 4.624761365315903199e-03 -1.067188000000000025e-01 4.190740564775190247e-03 -4.564553498370976271e-03 9.999808010881405806e-01 7.506159799999999827e+00
9.999366140284207116e-01 9.887929253670848379e-03 -5.384865871275301002e-03 1.061669999999999975e-02 -9.846815535102547423e-03 9.999225703618069838e-01 7.608778144674743608e-03 -1.081664999999999988e-01 5.459683983060591161e-03 -7.555272073963794320e-03 9.999565539135656378e-01 7.649360699999999902e+00
9.999651019815216646e-01 6.094739803979540120e-03 -5.713927353992085366e-03 1.014269999999999929e-02 -6.041824981427670362e-03 9.999391254670271234e-01 9.232643777961015499e-03 -1.088712000000000013e-01 5.769850082862472938e-03 -9.197799027958435472e-03 9.999410529241523626e-01 7.720727899999999977e+00
9.999829495975465221e-01 -2.210776211940201436e-05 -5.839522706301807607e-03 9.283899999999999444e-03 7.189098805729610088e-05 9.999636576691400824e-01 8.525149420430646122e-03 -1.100780999999999982e-01 5.839122012460131426e-03 -8.525423872259190947e-03 9.999466094756869206e-01 7.864082299999999748e+00
9.999789565424863635e-01 -3.778261382413960947e-03 -5.273633768707208791e-03 8.258400000000000810e-03 3.815650885779537250e-03 9.999675295619667725e-01 7.097931392672696474e-03 -1.110373000000000054e-01 5.246644691432753027e-03 -7.117904373015843458e-03 9.999609033141338976e-01 8.007170699999999641e+00
9.999802665669504931e-01 -4.065494960357744943e-03 -4.789386956367052035e-03 7.550199999999999967e-03 4.101606452199812146e-03 9.999630535436337953e-01 7.554361137975747903e-03 -1.117284999999999945e-01 4.758497788355685841e-03 -7.573856244938316495e-03 9.999599959000256000e-01 8.078825999999999397e+00
9.999842824270278596e-01 -3.746534130975197417e-03 -4.171136644560837631e-03 6.876099999999999574e-03 3.785353672851033986e-03 9.999492347688702099e-01 9.338039554552559490e-03 -1.122053999999999968e-01 4.135939611937474586e-03 -9.353682010651894613e-03 9.999476999505374497e-01 8.150197000000000358e+00
9.999927932781979001e-01 -1.389690426802991669e-03 -3.533008942100054894e-03 6.183400000000000354e-03 1.429060566000613791e-03 9.999366424493025818e-01 1.116552162302375702e-02 -1.132771999999999946e-01 3.517268480797113538e-03 -1.117049003997412811e-02 9.999314221358887034e-01 8.219903000000000404e+00
9.999952808198218079e-01 -1.254677234231625681e-03 -2.804304392134096113e-03 5.687000000000000215e-03 1.280892088408293978e-03 9.999553184986319510e-01 9.365912756241269801e-03 -1.135160000000000058e-01 2.792427894090507030e-03 -9.369460568120812141e-03 9.999522066354565863e-01 8.291227299999999190e+00
9.999962616024339335e-01 -9.993118107389713060e-04 -2.545222399197809987e-03 5.597000000000000412e-03 1.018671688104535230e-03 9.999704755204005258e-01 7.616455573031277217e-03 -1.143533999999999939e-01 2.537536038820909987e-03 -7.619019845690294147e-03 9.999677552038579442e-01 8.362166399999999555e+00
9.999966805524382885e-01 -2.178094750917674172e-03 -1.376512753574809416e-03 4.555700000000000201e-03 2.179501235068572167e-03 9.999971035596716407e-01 1.021100697151400673e-03 -1.161796999999999969e-01 1.374284712519133677e-03 -1.024097418907685087e-03 9.999985312819242855e-01 8.503578199999999754e+00
9.999971711922562845e-01 -2.172920702444609917e-03 -9.674828711625522298e-04 4.276199999999999966e-03 2.170673406346395034e-03 9.999949578610396461e-01 -2.317850180778559428e-03 -1.177740000000000037e-01 9.725144976224528535e-04 2.315743534686491578e-03 9.999968457687421486e-01 8.573748600000000053e+00
9.999960901118434276e-01 -2.717684881350836655e-03 -6.587487470295669105e-04 3.598599999999999976e-03 2.715905012479534995e-03 9.999926995140875352e-01 -2.687894806537442002e-03 -1.208932999999999952e-01 6.660487889220076136e-04 2.686095198145349843e-03 9.999961706284665741e-01 8.712725600000000625e+00
9.999985606556042184e-01 -1.228189871925104357e-03 -1.170570953973997354e-03 3.192899999999999818e-03 1.226608716165832492e-03 9.999983357645586546e-01 -1.350518111843425784e-03 -1.235113999999999934e-01 1.172227698535146688e-03 1.349080335447715075e-03 9.999984029309603173e-01 8.853503200000000462e+00
9.999981264589139496e-01 -8.784917821342015502e-05 -1.933742791523951430e-03 2.267599999999999824e-03 8.535070849870790457e-05 9.999991616181814758e-01 -1.292082888463414120e-03 -1.262544999999999917e-01 1.933854678729088599e-03 1.291915421375725145e-03 9.999972955766557314e-01 8.992426899999999890e+00
9.999964676929847807e-01 -9.743477759164260814e-05 -2.656145330621528799e-03 1.721899999999999950e-03 9.456501927800436383e-05 9.999994117599541044e-01 -1.080526354561185155e-03 -1.273622000000000087e-01 2.656249049015515888e-03 1.080271359375967188e-03 9.999958886689384041e-01 9.061838200000000398e+00
9.999936961138973235e-01 -4.398204578395363573e-04 -3.523391892948134988e-03 1.395799999999999992e-03 4.397781770375060639e-04 9.999999032159754275e-01 -1.277477707342614589e-05 -1.283416000000000001e-01 3.523397170548388507e-03 1.122518567901702954e-05 9.999937927539219729e-01 9.131125499999999562e+00
9.999868672362225430e-01 8.834942412915340300e-04 -5.048246528353401985e-03 2.159999999999999919e-04 -8.864998203261716938e-04 9.999994311369513333e-01 -5.931642625450336478e-04 -1.308580000000000021e-01 5.047719599382393535e-03 5.976317422992400308e-04 9.999870815981307670e-01 9.268730200000000252e+00
9.999819283524956637e-01 1.459213899739942059e-03 -5.832123388524865747e-03 -1.836799999999999978e-03 -1.471571273888899268e-03 9.999966803731032972e-01 -2.115117197554316347e-03 -1.334377999999999953e-01 5.829017619636949095e-03 2.123661359146220354e-03 9.999807561228474251e-01 9.406527499999999264e+00
9.999756374208031984e-01 9.478263462326302685e-04 -6.915648203579866440e-03 -2.172400000000000112e-03 -9.665602212825678873e-04 9.999958714599682663e-01 -2.706071757572103137e-03 -1.351490999999999942e-01 6.913054765942790170e-03 2.712690221142561968e-03 9.999724251125963193e-01 9.475596400000000585e+00
9.999679428393449809e-01 9.699694000905747073e-04 -7.948110027623836796e-03 -2.735500000000000084e-03 -9.988116557753036907e-04 9.999929284796895690e-01 -3.625653856976626763e-03 -1.366668000000000049e-01 7.944537049105760904e-03 3.633476293745429523e-03 9.999618403624700447e-01 9.544932400000000428e+00
9.999620801420300298e-01 1.232718860255593157e-03 -8.620828396149965780e-03 -3.452000000000000207e-03 -1.262053806287787797e-03 9.999934297505090885e-01 -3.398187164316691326e-03 -1.380585000000000007e-01 8.616582745748451941e-03 3.408938254832779690e-03 9.999570658992117389e-01 9.613758100000000084e+00
9.999560569161620727e-01 1.429621489734687542e-03 -9.265010473671656324e-03 -4.378400000000000174e-03 -1.449145455395229112e-03 9.999967430745562158e-01 -2.100908786473590535e-03 -1.394742999999999955e-01 9.261976793874191968e-03 2.114242813884761353e-03 9.999548718633224365e-01 9.682887100000000302e+00
9.999504341061431489e-01 1.512861301184394375e-03 -9.840761231689320460e-03 -5.460399999999999802e-03 -1.529500066481906178e-03 9.999974132345160749e-01 -1.683494527192653904e-03 -1.408781000000000061e-01 9.838188882226886478e-03 1.698462528239711930e-03 9.999501613903353237e-01 9.751651799999999426e+00
9.999400484573023329e-01 1.799653929289757141e-03 -1.080096000097085888e-02 -6.337899999999999610e-03 -1.813091289786809314e-03 9.999975944426110486e-01 -1.234426573821821712e-03 -1.423580000000000123e-01 1.079871247800772392e-02 1.253935694543470121e-03 9.999409059809940548e-01 9.820513699999999346e+00
9.999232419959059870e-01 2.502238646449481130e-03 -1.213461652270195895e-02 -8.698900000000000729e-03 -2.522063644685296202e-03 9.999955094468923056e-01 -1.618728211396935814e-03 -1.453934000000000060e-01 1.213051158727336890e-02 1.649208236224362651e-03 9.999250625926048297e-01 9.957661599999999780e+00
9.999163570965631243e-01 3.548406931665012542e-03 -1.243734774723400348e-02 -1.016859999999999986e-02 -3.575040132091875881e-03 9.999913627081118417e-01 -2.119810658392341264e-03 -1.467636999999999969e-01 1.242971837139713980e-02 2.164097368607281226e-03 9.999204062243088886e-01 1.002679539999999925e+01
9.999118049577023770e-01 3.329052813952077059e-03 -1.285689362138658573e-02 -1.138020000000000004e-02 -3.351997563370935195e-03 9.999928270825638732e-01 -1.763489653148842765e-03 -1.482136000000000009e-01 1.285093064975796270e-02 1.806430398195698998e-03 9.999157916498027099e-01 1.009573460000000011e+01
9.999090859822696853e-01 3.290307935358955348e-03 -1.307645379269799756e-02 -1.269220000000000070e-02 -3.329533788531950644e-03 9.999900195507657186e-01 -2.979094427892887628e-03 -1.495319999999999983e-01 1.306652114577847544e-02 3.022362081186214661e-03 9.999100616318435941e-01 1.016432670000000016e+01
9.999083718814535393e-01 2.176601679826529936e-03 -1.336077267631651487e-02 -1.367020000000000041e-02 -2.238485371352027815e-03 9.999868290531004345e-01 -4.618539116158802693e-03 -1.509483000000000075e-01 1.335054398229048277e-02 4.648023822295050886e-03 9.999000744324025858e-01 1.023285289999999925e+01
9.999073795457438241e-01 -8.034130194647041544e-04 -1.358627459916911077e-02 -1.455030000000000039e-02 7.409471442895803305e-04 9.999891356490148153e-01 -4.602127906276974600e-03 -1.522509999999999974e-01 1.358982440259042836e-02 4.591634943733961458e-03 9.998971114876021860e-01 1.030129999999999946e+01
9.999004976910108589e-01 -6.923318482818403017e-04 -1.408954910139188603e-02 -1.579020000000000076e-02 6.800339210112856013e-04 9.999993836748243270e-01 -8.776125783270682544e-04 -1.537678000000000100e-01 1.409014801678649086e-02 8.679438825284262410e-04 9.999003522363024699e-01 1.036973189999999967e+01
9.998968695948720065e-01 -3.505304962339089378e-04 -1.435713421079297739e-02 -1.800950000000000120e-02 3.906497003202968367e-04 9.999960269918145572e-01 2.791664986660856874e-03 -1.560178999999999871e-01 1.435609860606814475e-02 -2.796985691296705306e-03 9.998930339310577731e-01 1.050627899999999926e+01
9.998981389749309612e-01 1.569565310489972471e-03 -1.418619537458177572e-02 -2.109120000000000092e-02 -1.601152024050667491e-03 9.999962639341910542e-01 -2.215497654137724756e-03 -1.584617000000000109e-01 1.418266500575887136e-02 2.237986236713225812e-03 9.998969164023553402e-01 1.064014530000000036e+01
9.998976331016169450e-01 1.258916846155181627e-03 -1.425266452838764263e-02 -2.237329999999999874e-02 -1.286616641075009893e-03 9.999973011999468975e-01 -1.934479372247150221e-03 -1.598581000000000030e-01 1.425019071462559593e-02 1.952619060955710370e-03 9.998965543211956186e-01 1.070739080000000065e+01
9.999021091931692418e-01 1.636709405235286380e-03 -1.389579840722612869e-02 -2.501290000000000111e-02 -1.615210126238162888e-03 9.999974814573597826e-01 1.558260307367081987e-03 -1.627151000000000014e-01 1.389831382936619272e-02 -1.535663133708825741e-03 9.999022345266761480e-01 1.084274860000000018e+01
9.999119681133235016e-01 5.011782819334326729e-04 -1.325914190547644415e-02 -2.647839999999999916e-02 -4.707996258410394636e-04 9.999972575618527593e-01 2.294170108300876403e-03 -1.641632000000000091e-01 1.326025533133322505e-02 -2.287725749129814173e-03 9.999094618711459326e-01 1.090983489999999989e+01
9.999462436043444757e-01 -4.171158828706377289e-04 -1.036030481699766297e-02 -2.886539999999999939e-02 4.192729183896072489e-04 9.999998908807478104e-01 2.060308524853525774e-04 -1.666503000000000012e-01 1.036021774774801597e-02 -2.103635722453576584e-04 9.999463093763517607e-01 1.104311940000000014e+01
9.999708213782296795e-01 -1.456185703048565577e-03 -7.499060964342214690e-03 -3.074220000000000078e-02 1.444992403966167786e-03 9.999978342508234475e-01 -1.497828633429692255e-03 -1.699806000000000095e-01 7.501225839898722873e-03 1.486948842724166798e-03 9.999707598695263266e-01 1.117548850000000016e+01
9.999869615821634916e-01 -1.454138590189851202e-03 -4.895114567931817783e-03 -3.207859999999999878e-02 1.459051589051719566e-03 9.999984353509547841e-01 1.000232024442799768e-03 -1.723613999999999979e-01 4.893652432809596393e-03 -1.007361207688662946e-03 9.999875186167395125e-01 1.130637650000000072e+01
9.999945816480929617e-01 -1.422964053300352499e-03 -2.968475662451468180e-03 -3.282439999999999664e-02 1.426631413046700395e-03 9.999982213718218160e-01 1.233683915820843816e-03 -1.744844000000000117e-01 2.966714894771660480e-03 -1.237912151916163543e-03 9.999948330747701064e-01 1.143419650000000054e+01
9.999991079959915652e-01 -1.019093138168866318e-03 -8.633981682208434266e-04 -3.368639999999999829e-02 1.020106065378417097e-03 9.999987910699085214e-01 1.173559686025306891e-03 -1.765772999999999926e-01 8.622011578095569199e-04 -1.174439396913601373e-03 9.999989386500699462e-01 1.156143860000000068e+01
9.999991254338582714e-01 -9.021988552600722876e-04 9.670412319503308768e-04 -3.445720000000000033e-02 9.010003859250192634e-04 9.999988264937644811e-01 1.239035672848567970e-03 -1.790594000000000074e-01 -9.681579536870854466e-04 -1.238163284706727402e-03 9.999987648101658078e-01 1.168735120000000016e+01
9.999969693648030900e-01 -1.671283700970714603e-03 1.807780960156200357e-03 -3.476280000000000342e-02 1.669513443210753328e-03 9.999981258571153386e-01 9.803097060799028338e-04 -1.802081000000000099e-01 -1.809415947750051597e-03 -9.772886205034426663e-04 9.999978854582044496e-01 1.174910069999999962e+01
9.999964358378177209e-01 -2.071859760638970760e-03 1.683956292040123329e-03 -3.470899999999999680e-02 2.068534631287598062e-03 9.999959123493739055e-01 1.973942507381403616e-03 -1.815607999999999944e-01 -1.688039140665990260e-03 -1.970452150022509313e-03 9.999966339154268136e-01 1.180978009999999934e+01
9.999955503884566665e-01 -2.656645198083483223e-03 1.356996528817849606e-03 -3.502860000000000001e-02 2.652543143656294154e-03 9.999919344505801000e-01 3.015799837165908208e-03 -1.827990999999999921e-01 -1.364997494051071276e-03 -3.012186926189658852e-03 9.999945317409305590e-01 1.186966900000000003e+01
9.999969008607244580e-01 -2.374716338414715328e-03 7.476571797350149446e-04 -3.516400000000000081e-02 2.372474757560104341e-03 9.999927308833428397e-01 2.984885927280149422e-03 -1.840307999999999944e-01 -7.547400023075721571e-04 -2.983102878916709440e-03 9.999952657211645946e-01 1.192883780000000016e+01
9.999979640239210488e-01 -1.956479835075340158e-03 4.940998559619633234e-04 -3.553959999999999758e-02 1.955516404637976796e-03 9.999962005729726711e-01 1.942883220948042047e-03 -1.851511000000000129e-01 -4.978991905093074375e-04 -1.941913044910417155e-03 9.999979905330420582e-01 1.198701480000000075e+01
9.999977692332139290e-01 -1.987932267433161967e-03 -7.139004803807599700e-04 -3.604279999999999984e-02 1.988864775845855352e-03 9.999971669155799381e-01 1.307890560105678121e-03 -1.878084999999999893e-01 7.112984599937261258e-04 -1.309307494025745448e-03 9.999988898835772133e-01 1.210110659999999960e+01
9.999900191257962145e-01 -2.648856804136649843e-03 -3.597944749548596857e-03 -3.675169999999999826e-02 2.656326910175537456e-03 9.999943232305960050e-01 2.073025308226458720e-03 -1.901819999999999899e-01 3.592433177653081827e-03 -2.082561935081186661e-03 9.999913786426614104e-01 1.221344279999999927e+01
