9.999999999912799753e-01 -1.200005999992068071e-06 -3.999998199973559932e-06 -9.700000000000000302e-06 1.199993999992068164e-06 9.999999999947800644e-01 -3.000002399980169576e-06 4.699999999999999893e-06 4.000001799973559439e-06 2.999997599980169952e-06 9.999999999874999990e-01 -2.780000000000000149e-05
9.999989566646256822e-01 -8.102624705353483848e-04 1.195886444812087291e-03 -3.177000000000000245e-04 8.093370900962353022e-04 9.999993728834192241e-01 7.740841315785458804e-04 -1.556000000000000091e-03 -1.196512906172724150e-03 -7.731154486938588690e-04 9.999989853241694204e-01 7.658529999999999505e-02
9.999951360288928948e-01 -1.933087521708248108e-04 3.112964870102322840e-03 -3.279999999999999767e-05 1.922908010270078165e-04 9.999999279495698223e-01 3.272997143411818266e-04 -5.337999999999999863e-03 -3.113027915711229915e-03 -3.266995278563869748e-04 9.999951011503078746e-01 3.051405999999999841e-01
9.999931729211843923e-01 -5.820461082558818153e-04 3.649018135057466479e-03 4.208999999999999851e-04 5.823518944512039077e-04 9.999998270103626075e-01 -8.273763237428300170e-05 -6.677899999999999635e-03 -3.648969346698212844e-03 8.486208014178329376e-05 9.999933388883818219e-01 3.830586000000000269e-01
9.999873398981756756e-01 -1.359813874210099140e-03 4.844682610650926854e-03 -1.294000000000000011e-03 1.353376978984870702e-03 9.999981974948880525e-01 1.331682292240582910e-03 -8.491900000000000143e-03 -4.846484718142784684e-03 -1.325108751091422102e-03 9.999873777566767874e-01 4.581922999999999968e-01
9.999944439661954121e-01 -3.064378547815709442e-03 1.312105504686611121e-03 -1.264399999999999942e-03 3.062411416653693010e-03 9.999941878840794551e-01 1.498610815215067156e-03 -1.062399999999999976e-02 -1.316690189410987463e-03 -1.494584282005311437e-03 9.999980162704169562e-01 6.069474000000000258e-01
9.999960635599075554e-01 -2.554127572419572466e-03 -1.161592455736811923e-03 -9.493999999999999835e-04 2.554667205207575807e-03 9.999966295008749784e-01 4.633166957000759106e-04 -1.113079999999999972e-02 1.160405170643206366e-03 -4.662823540341468260e-04 9.999992180199974712e-01 6.829429000000000194e-01
9.999944406512106809e-01 -2.189462116369258939e-03 -2.514939822965835993e-03 -1.397900000000000097e-03 2.189331839366698198e-03 9.999976019221528123e-01 -5.455309905212605702e-05 -1.184939999999999952e-02 2.515053233888064899e-03 4.904675794391054669e-05 9.999968360458177941e-01 7.581592000000000331e-01
9.999958579048345841e-01 -3.906206834655063555e-04 -2.851594055201711955e-03 -2.771599999999999932e-03 3.905784797885071416e-04 9.999999236063055186e-01 -1.535690158807070748e-05 -1.362009999999999957e-02 2.851599836081301215e-03 1.424306670726825500e-05 9.999959340794891682e-01 8.340942999999999552e-01
9.999940725940655861e-01 -8.876620392066321896e-04 -3.326684962371521340e-03 -3.764899999999999844e-03 8.883353430641740449e-04 9.999995852451092349e-01 2.009226912347232942e-04 -1.509540000000000014e-02 3.326505231166839143e-03 -2.038767121116856159e-04 9.999944463831953456e-01 9.097009000000000345e-01
9.999911707784836512e-01 -1.508223610655776755e-03 -3.922196657204996342e-03 -4.128599999999999631e-03 1.511369518252860585e-03 9.999985384895241358e-01 7.992377586836028718e-04 -1.671999999999999875e-02 3.920985495615319713e-03 -8.051585905086801939e-04 9.999919887641036675e-01 9.849438999999999833e-01
9.999883774949446247e-01 -2.102978001748976537e-03 -4.338474219391213679e-03 -4.907599999999999810e-03 2.105809717821748809e-03 9.999975726762004857e-01 6.482338617261133298e-04 -1.770590000000000011e-02 4.337100466958287992e-03 -6.573623287964915378e-04 9.999903786708691511e-01 1.060550499999999952e+00
9.999872263077281831e-01 -1.708650163825810265e-03 -4.756861990226431483e-03 -5.529199999999999740e-03 1.705738635260167649e-03 9.999983554622123849e-01 -6.160589086516380384e-04 -1.883929999999999980e-02 4.757906796542331340e-03 6.079370760253877170e-04 9.999884963015459594e-01 1.135449799999999954e+00
9.999785970513669353e-01 -8.700749674641063093e-04 -6.484474437525020174e-03 -6.601700000000000276e-03 8.687157951851590858e-04 9.999996001057049888e-01 -2.124177423696155243e-04 -2.180949999999999903e-02 6.484656663780967792e-03 2.067800306362344573e-04 9.999789530134980398e-01 1.285230300000000048e+00
9.999663477105881215e-01 -9.752900846654577720e-04 -8.145689387521349439e-03 -8.676599999999999591e-03 9.678933353046204925e-04 9.999991157647486473e-01 -9.119496764734748989e-04 -2.500170000000000170e-02 8.146571600292824150e-03 9.040348288093895662e-04 9.999664074818661597e-01 1.435178199999999960e+00
9.999582487150366905e-01 -5.799326161837977962e-04 -9.119457490306813463e-03 -9.493299999999999655e-03 5.784552411054054606e-04 9.999998191416948901e-01 -1.646393378079829010e-04 -2.642009999999999845e-02 9.119551320699088859e-03 1.593572659227679900e-04 9.999584033293439367e-01 1.510402800000000045e+00
9.999496526744393599e-01 -2.287381733307689100e-03 -9.770363405428502193e-03 -1.041109999999999952e-02 2.301759454364391607e-03 9.999962843074855501e-01 1.460573393139752690e-03 -2.767429999999999890e-02 9.766986212862710168e-03 -1.482988883516644148e-03 9.999512021715305510e-01 1.585789899999999975e+00
9.999356914438786159e-01 -2.394934475914794591e-03 -1.108500182717234855e-02 -1.089580000000000062e-02 2.411386673140601591e-03 9.999960105936205323e-01 1.471057835778764996e-03 -2.895750000000000060e-02 1.108143451746837135e-02 -1.497693459851157831e-03 9.999374774071303484e-01 1.660731799999999980e+00
9.999234286965305030e-01 -3.258622585632665273e-03 -1.193809543515573189e-02 -1.195530000000000030e-02 3.266852091272845395e-03 9.999944394319268959e-01 6.699124121985280695e-04 -3.028000000000000136e-02 1.193584606084661416e-02 -7.088611081700689053e-04 9.999285139922459154e-01 1.735600100000000090e+00
9.999123607158235671e-01 -3.367409416715457741e-03 -1.280357143647720304e-02 -1.318289999999999913e-02 3.363242865149598023e-03 9.999942840991062898e-01 -3.469388214543752021e-04 -3.147969999999999935e-02 1.280466653758617797e-02 3.038468957022447733e-04 9.999179707315621890e-01 1.810343500000000105e+00
9.998993970996650216e-01 -3.136972199163429696e-03 -1.383311552572254015e-02 -1.404960000000000063e-02 3.130470124885843634e-03 9.999949791985656145e-01 -4.916649849701320955e-04 -3.285140000000000282e-02 1.383458841178542183e-02 4.483113671592819927e-04 9.999041970010900116e-01 1.885103699999999938e+00
9.998876925955686445e-01 -3.750573813212967986e-03 -1.450983776550704776e-02 -1.518539999999999994e-02 3.754015537881189111e-03 9.999929316149777092e-01 2.099700545222942286e-04 -3.427349999999999841e-02 1.450894769619906141e-02 -2.644166297543112639e-04 9.998947047167491275e-01 1.959910500000000111e+00
9.998761633210112576e-01 -4.515994792348305628e-03 -1.507527158925988514e-02 -1.659060000000000049e-02 4.524924866845478691e-03 9.999896066190131494e-01 5.583089653520896967e-04 -3.560780000000000195e-02 1.507259358583872694e-02 -6.264542975126621057e-04 9.998862057642405876e-01 2.034953400000000023e+00
9.998633423722405045e-01 -4.815008762770664301e-03 -1.581493821759509186e-02 -1.774469999999999867e-02 4.819462210674206430e-03 9.999883566787556299e-01 2.434972727424113278e-04 -3.675280000000000213e-02 1.581358163768699712e-02 -3.196834940865992932e-04 9.998749063949209370e-01 2.109898299999999782e+00
9.998538751630249299e-01 -5.435216967242743023e-03 -1.620761358131435001e-02 -2.082439999999999986e-02 5.444785344352573962e-03 9.999850278251648517e-01 5.462948455244427898e-04 -3.908879999999999993e-02 1.620440168707663539e-02 -6.344619951736703680e-04 9.998684987656829559e-01 2.259960200000000086e+00
9.998584508557970540e-01 -5.051297846375311582e-03 -1.604875827946642547e-02 -2.240589999999999943e-02 5.086337506685021867e-03 9.999847676910175176e-01 2.143258432777295219e-03 -4.068309999999999982e-02 1.603768758311581444e-02 -2.224584457552901753e-03 9.998689133086283709e-01 2.334711099999999817e+00
9.998584250561264319e-01 -4.476655188333972940e-03 -1.622003090648111573e-02 -2.383659999999999946e-02 4.525815425653769916e-03 9.999852721883023543e-01 2.995396671541745385e-03 -4.200770000000000198e-02 1.620638266286941742e-02 -3.068381464507225886e-03 9.998639598446245058e-01 2.409824400000000200e+00
9.998631011521422751e-01 -4.056497399608096667e-03 -1.604131488587302520e-02 -2.560940000000000091e-02 4.098016151760632171e-03 9.999883359455941090e-01 2.556215245505502782e-03 -4.328959999999999753e-02 1.603075849860722754e-02 -2.621602870081302800e-03 9.998680622863952427e-01 2.483802799999999866e+00
9.998858492309699031e-01 -4.342165326251991721e-04 -1.510297863551541588e-02 -2.927520000000000122e-02 5.017544737971584966e-04 9.999898910947468966e-01 4.468327513090974458e-03 -4.572240000000000332e-02 1.510088573925598247e-02 -4.475395437167109004e-03 9.998759593497439369e-01 2.633328199999999786e+00
9.999057783766738261e-01 -6.194901544590348023e-05 -1.372700008223381660e-02 -3.024330000000000074e-02 1.636441189067437522e-04 9.999725514437013407e-01 7.407400338617937258e-03 -4.657929999999999710e-02 1.372616441474125426e-02 -7.408948744167094536e-03 9.998783425442147044e-01 2.708531900000000103e+00
9.999282332181954613e-01 4.456333862155941405e-04 -1.197204343557038350e-02 -3.145280000000000298e-02 -3.219426189696036823e-04 9.999465760285377591e-01 1.033157498901764171e-02 -4.746249999999999775e-02 1.197600793621083487e-02 -1.032697921411164163e-02 9.998749565491792390e-01 2.782938999999999830e+00
9.999474277094927421e-01 7.701925418040090482e-04 -1.022490198571280803e-02 -3.278709999999999958e-02 -6.321571063624630525e-04 9.999087209365292717e-01 1.349630217751760473e-02 -4.774339999999999834e-02 1.023436341751452969e-02 -1.348912890154662682e-02 9.998566403274600223e-01 2.857543499999999792e+00
9.999577449763621395e-01 -4.800967388993244360e-05 -9.192712160178140302e-03 -3.331300000000000233e-02 1.843814826576910856e-04 9.998899457298965343e-01 1.483450139820605140e-02 -4.807700000000000168e-02 9.190988263376633632e-03 -1.483556953189655442e-02 9.998477042086993949e-01 2.932565499999999936e+00
9.999704052569404755e-01 -1.733989831023979898e-03 -7.495457927043402621e-03 -3.401320000000000038e-02 1.830309987596500038e-03 9.999155960060748249e-01 1.286276910954688504e-02 -4.789349999999999857e-02 7.472521369623298312e-03 -1.287610745070552967e-02 9.998891774998359683e-01 3.006918399999999991e+00
9.999785214158914970e-01 -6.112291810342441534e-04 -6.525573214336423400e-03 -3.483170000000000016e-02 6.859426081597196729e-04 9.999341742698815150e-01 1.145323578507793580e-02 -4.850959999999999994e-02 6.518143111786042776e-03 -1.145746595450019070e-02 9.999131163677551504e-01 3.080377299999999874e+00
9.999827329453766511e-01 -4.298200802345486884e-04 -5.860807605973493602e-03 -3.545539999999999803e-02 4.937621718502359933e-04 9.999403291247559444e-01 1.091303756029990239e-02 -4.884159999999999890e-02 5.855767243774237345e-03 -1.091574296937656251e-02 9.999232753293690878e-01 3.154803300000000199e+00
9.999827902424328618e-01 -7.410189414907296422e-04 -5.819803251561986648e-03 -3.627380000000000188e-02 8.029525615395270146e-04 9.999429992752053575e-01 1.064675855322028998e-02 -4.954139999999999933e-02 5.811582068805070181e-03 -1.065124835101521027e-02 9.999263855016641278e-01 3.228819800000000129e+00
9.999776014342867114e-01 -1.468467999426101766e-03 -6.529948810330357331e-03 -3.698440000000000061e-02 1.529882046875444485e-03 9.999545550853675691e-01 9.409953503991999590e-03 -4.991919999999999691e-02 6.515833841767418311e-03 -9.419732785982022627e-03 9.999344041203838129e-01 3.302793499999999938e+00
9.999674768198291153e-01 -1.154735441165052022e-03 -7.981972728941605366e-03 -3.820160000000000222e-02 1.234015681783185662e-03 9.999498888782817341e-01 9.934633239788180636e-03 -5.065200000000000258e-02 7.970100870237674384e-03 -9.944160013440471457e-03 9.999187922895265146e-01 3.377378199999999886e+00
9.999557217931109854e-01 -1.188440028604012847e-03 -9.334991350661006257e-03 -3.903100000000000319e-02 1.288297095862669028e-03 9.999419410922151252e-01 1.069835199111009334e-02 -5.080359999999999737e-02 9.321735021512676453e-03 -1.070990452951421819e-02 9.998991965199078846e-01 3.451569999999999805e+00
9.999437611558728012e-01 -1.738256214859048611e-03 -1.046197833960328498e-02 -4.013370000000000132e-02 1.855636505470000842e-03 9.999353267026915848e-01 1.122047348113678483e-02 -5.154279999999999973e-02 1.044179767120544632e-02 -1.123925608360405032e-02 9.998823170674040473e-01 3.525698699999999963e+00
9.999345580180221127e-01 -7.252904615496106678e-04 -1.141725164166765803e-02 -4.137720000000000287e-02 8.530589461502132613e-04 9.999370268114915472e-01 1.118993752569336607e-02 -5.218790000000000234e-02 1.140841670597505554e-02 -1.119894482265684950e-02 9.998722076661206160e-01 3.599265299999999890e+00
9.999302433068359974e-01 -1.029677127556693101e-04 -1.181092367183544066e-02 -4.266020000000000229e-02 2.306216167697240789e-04 9.999415731652294692e-01 1.080726929042972323e-02 -5.253889999999999949e-02 1.180912079714960781e-02 -1.080923926537463373e-02 9.998718442943086426e-01 3.673510299999999784e+00
9.999280735816332699e-01 -9.950755345843108422e-04 -1.195230053188330553e-02 -4.395020000000000177e-02 1.118858084252794547e-03 9.999457682872201492e-01 1.035416056802485919e-02 -5.318620000000000292e-02 1.194134916629140293e-02 -1.036678875841552140e-02 9.998749591178525131e-01 3.747425799999999807e+00
9.999196141056115872e-01 -2.231955975665530015e-03 -1.248133403957946835e-02 -4.480060000000000292e-02 2.348702006405889962e-03 9.999535591244288479e-01 9.346827979182922505e-03 -5.386910000000000309e-02 1.245989268693671950e-02 -9.375391560357501999e-03 9.998784191627100304e-01 3.821162499999999795e+00
9.999165452281809641e-01 -2.837524743042583314e-03 -1.260361187405219761e-02 -4.642380000000000118e-02 2.976664932070731753e-03 9.999346852730748303e-01 1.103470224876742893e-02 -5.499140000000000278e-02 1.257147743192138685e-02 -1.107129807969208825e-02 9.998596823124780153e-01 3.894637599999999811e+00
9.999145567816621893e-01 -2.198014438636715796e-03 -1.288595625708306713e-02 -4.925960000000000061e-02 2.339020797979138745e-03 9.999374448077131827e-01 1.093779928176222618e-02 -5.590690000000000243e-02 1.286110873286338413e-02 -1.096700524067722657e-02 9.998571481357786395e-01 4.041299300000000372e+00
9.999132182767939137e-01 -4.723126913097502899e-04 -1.316559288700253245e-02 -5.030160000000000187e-02 6.016509778453223069e-04 9.999515846139981345e-01 9.821733251061325401e-03 -5.644439999999999874e-02 1.316031654047583078e-02 -9.828801995959307938e-03 9.998650912597552010e-01 4.113923999999999914e+00
9.999123576290522841e-01 1.919690088953064904e-03 -1.309930725926776798e-02 -5.205819999999999892e-02 -1.786180746185076461e-03 9.999464221912965911e-01 1.019619071845754080e-02 -5.721960000000000240e-02 1.311817895335658235e-02 -1.017189936971347325e-02 9.998622134295105379e-01 4.187330700000000405e+00
9.999083921676787945e-01 3.449837881728183391e-03 -1.308838764849551244e-02 -5.326419999999999766e-02 -3.313916635286475419e-03 9.999405063594287713e-01 1.039238654899028724e-02 -5.796930000000000138e-02 1.312346102146336353e-02 -1.034806069942846227e-02 9.998603364523362957e-01 4.260345499999999674e+00
9.999063250334361275e-01 5.186032083980238704e-03 -1.266673712336041993e-02 -5.490899999999999948e-02 -5.051184530150971096e-03 9.999304791173883045e-01 1.065469224861450778e-02 -5.845829999999999776e-02 1.272111209646204291e-02 -1.058971214406936173e-02 9.998630062682262176e-01 4.333503200000000000e+00
9.999150581899615142e-01 5.539017818858779640e-03 -1.179812216279310308e-02 -5.598469999999999835e-02 -5.401364033021402097e-03 9.999173437780891627e-01 1.166751380343620560e-02 -5.897990000000000177e-02 1.186177354144849969e-02 -1.160279679098778945e-02 9.998623272406448326e-01 4.406857500000000094e+00
9.999275591602501123e-01 7.457898064909625549e-03 -9.447549326559331190e-03 -5.736379999999999951e-02 -7.341153931053669493e-03 9.998970084595147911e-01 1.233206927784283140e-02 -5.933309999999999973e-02 9.538547624503936062e-03 -1.226182001851099622e-02 9.998793246582552419e-01 4.479685800000000384e+00
9.999562520729005088e-01 6.302068112353331579e-03 -6.912154354838257082e-03 -5.816070000000000267e-02 -6.233642873257254878e-03 9.999317955724138507e-01 9.876532785189207422e-03 -5.972829999999999806e-02 6.973925497633252056e-03 -9.833012805620032840e-03 9.999273354710921380e-01 4.552362399999999809e+00
9.999869902493614404e-01 4.709588832484782293e-03 -1.959363430421974528e-03 -5.932620000000000254e-02 -4.700354749883205348e-03 9.999779503149207605e-01 4.691007268721118784e-03 -6.139329999999999787e-02 1.981412942521252121e-03 -4.681736536679376864e-03 9.999870775893818786e-01 4.696740600000000043e+00
9.999923390033131909e-01 3.851140994665906356e-03 7.004625057246294945e-04 -5.955839999999999745e-02 -3.856778949584501251e-03 9.999586624348437702e-01 8.233995242424034869e-03 -6.231420000000000015e-02 -6.687232736821762877e-04 -8.236633690860814885e-03 9.999658547543639475e-01 4.768906600000000218e+00
9.999862681478699500e-01 3.516448419355802830e-03 3.885628161608937082e-03 -5.938949999999999785e-02 -3.553844627108231242e-03 9.999470296041271800e-01 9.659615636719525930e-03 -6.321609999999999729e-02 -3.851454798209674821e-03 -9.673291911071043789e-03 9.999457953907003871e-01 4.840882800000000152e+00
9.999605236229335281e-01 3.725205419958637406e-03 8.066848227630016993e-03 -5.926119999999999999e-02 -3.789460376192877334e-03 9.999611007748997471e-01 7.964730196814800295e-03 -6.392960000000000309e-02 -8.036864177387279679e-03 -7.994984779841684402e-03 9.999357424517658632e-01 4.912348299999999668e+00
9.998331909619972979e-01 1.271068329953041216e-03 1.822017113122116963e-02 -5.716559999999999697e-02 -1.274825458849587496e-03 9.999991684762941091e-01 1.945938589735217721e-04 -6.683429999999999926e-02 -1.821990863862560026e-02 -2.177889369817822109e-04 9.998339799672639749e-01 5.126993200000000250e+00
9.997645505898636875e-01 6.809775500526442024e-04 2.168823767446848017e-02 -5.548650000000000110e-02 -7.257388958037257632e-04 9.999976229789834248e-01 2.056049473609091512e-03 -6.827160000000000173e-02 -2.168678599753839226e-02 -2.071305375635117043e-03 9.997626683404106096e-01 5.197189800000000304e+00
9.996729188676438671e-01 1.851043828613571770e-03 2.550742870988109007e-02 -5.420819999999999805e-02 -1.914245576216027115e-03 9.999951577850898499e-01 2.453583144566860285e-03 -6.945099999999999885e-02 -2.550276350749172694e-02 -2.501608106382141161e-03 9.996716215889911439e-01 5.267782699999999707e+00
9.995676189866898875e-01 1.447952746307148856e-03 2.936798437284947674e-02 -5.264640000000000292e-02 -1.462532410496830649e-03 9.999988176990154409e-01 4.749731776922940462e-04 -7.075040000000000495e-02 -2.936726191233557728e-02 -5.177194372846851680e-04 9.995685548747301752e-01 5.337802400000000169e+00
9.994612589676654668e-01 1.286095942543453345e-03 3.279539266415144178e-02 -5.068380000000000107e-02 -1.224764636596476853e-03 9.999974636584594290e-01 -1.890139739075543486e-03 -7.191309999999999369e-02 -3.279774038488395688e-02 1.848954806062909221e-03 9.994602991573857675e-01 5.407852600000000010e+00
9.993536684683081983e-01 1.098574147875696445e-03 3.593102355592374397e-02 -4.821910000000000085e-02 -1.020682124063940948e-03 9.999970896005023757e-01 -2.186092067220671894e-03 -7.331429999999999891e-02 -3.593332056652076556e-02 2.148004973543594497e-03 9.993518812448882738e-01 5.478155100000000388e+00
9.992391167196592594e-01 -2.312167273636695357e-05 3.900239842244841715e-02 -4.587309999999999999e-02 6.806096190171371249e-05 9.999993354083264174e-01 -1.150891224628568590e-03 -7.441109999999999391e-02 -3.900234589124892959e-02 1.152670071491363780e-03 9.992384542073456943e-01 5.548166300000000106e+00
9.991333569131466419e-01 -4.842038998190772124e-04 4.162091601647196354e-02 -4.313120000000000148e-02 4.731886016648579468e-04 9.999998503686978735e-01 2.745088870232506085e-04 -7.567889999999999340e-02 -4.162104270695373559e-02 -2.545764427441872427e-04 9.991334365312877219e-01 5.618775799999999876e+00
9.989002691498470865e-01 -2.687108680864093522e-03 4.680845798891775794e-02 -3.725540000000000102e-02 2.557843591913662364e-03 9.999927489550394233e-01 2.821253888426137474e-03 -7.750219999999999332e-02 -4.681569959449884827e-02 -2.698422554174607912e-03 9.988998992828044265e-01 5.758632699999999716e+00
9.987763585569287006e-01 -3.541468848618498696e-03 4.932791893193635285e-02 -3.418120000000000186e-02 3.519570069380832753e-03 9.999936654212693288e-01 5.307954985743003644e-04 -7.863199999999999357e-02 -4.932948625607343901e-02 -3.565329281467618204e-04 9.987824961772122645e-01 5.828187899999999644e+00
9.986605453944145117e-01 -4.533391798601638274e-03 5.154186096107786497e-02 -3.071600000000000025e-02 4.716294748869133586e-03 9.999830040593093994e-01 -3.427558367292333086e-03 -7.918060000000000376e-02 -5.152544649367436780e-02 3.666053916649024327e-03 9.986649530309491540e-01 5.897968800000000122e+00
9.986598860128551580e-01 -4.143601116132661008e-03 5.158742713667333751e-02 -9.572100000000000053e-03 4.284765654535387103e-03 9.999873720580185754e-01 -2.626120291151804939e-03 -8.746500000000000108e-02 -5.157589409866696756e-02 2.843641026618772341e-03 9.986650293535038747e-01 6.321306200000000430e+00
9.991038085704928573e-01 -1.978292481124709068e-03 4.228080012009032690e-02 -1.238799999999999971e-03 2.082794084857151479e-03 9.999948841051533588e-01 -2.427701036142441461e-03 -9.148040000000000338e-02 -4.227578111325665938e-02 2.513587551673596848e-03 9.991028176363452307e-01 6.536958699999999567e+00
9.994132788832955638e-01 -1.297428373407901380e-03 3.422593565347714639e-02 3.374499999999999895e-03 1.336984795851979850e-03 9.999984645228109370e-01 -1.132882904820511905e-03 -9.401270000000000460e-02 -3.422441326590922039e-02 1.177977774090007562e-03 9.994134789490123350e-01 6.682540399999999714e+00
9.996758998056779477e-01 -1.174090603975564253e-03 2.543062836348771588e-02 6.885099999999999901e-03 1.169319411007920884e-03 9.999992958455461434e-01 2.024858686638151921e-04 -9.622609999999999497e-02 -2.543084819315332562e-02 -1.726837155748789734e-04 9.996765687663741184e-01 6.827289600000000291e+00
9.997889005331567214e-01 -3.191502893936354985e-04 2.054391671016961296e-02 8.099699999999999608e-03 3.192160333967571356e-04 9.999999490505575572e-01 7.915096375818227807e-08 -9.704350000000000476e-02 -2.054391568872956236e-02 6.478813347621767866e-06 9.997889514723591331e-01 6.900860299999999725e+00
9.999766292207564744e-01 6.793374813688148571e-03 -7.688113777273722707e-04 8.172799999999999163e-03 -6.794144499975690414e-03 9.999764165236433300e-01 -1.002994041092193775e-03 -1.050221999999999961e-01 7.619795320253878058e-04 1.008194015933382018e-03 9.999992014656907680e-01 7.340044999999999931e+00
9.999599963927995327e-01 8.755861710137355369e-03 -1.827703429213450772e-03 7.385000000000000071e-03 -8.757162650029726852e-03 9.999614067909796677e-01 -7.050042025778084382e-04 -1.063332000000000027e-01 1.821459972970143355e-03 7.209814960722532497e-04 9.999980812327836643e-01 7.413657699999999906e+00
9.998963632320823081e-01 1.386846917571098702e-02 -3.863723330930843823e-03 4.549700000000000272e-03 -1.385919191583699119e-02 9.999010340216177850e-01 2.417635609331757370e-03 -1.097787000000000068e-01 3.896869858697318834e-03 -2.363836970238135729e-03 9.999896132860993658e-01 7.636069299999999949e+00
9.998963969389715878e-01 1.327953315563455347e-02 -5.554222504636096083e-03 2.043999999999999810e-03 -1.325933488652716527e-02 9.999054011152127552e-01 3.657712262131690949e-03 -1.121446999999999999e-01 5.602269792640045612e-03 -3.583688015721717135e-03 9.999778856321656084e-01 7.858774699999999669e+00
9.999240784151584016e-01 1.050370411465168657e-02 -6.442794849140298825e-03 1.660299999999999970e-03 -1.047303898070939612e-02 9.999337551450421246e-01 4.775015816051343329e-03 -1.130203000000000041e-01 6.492523400404580196e-03 -4.707177647683184751e-03 9.999678442922493860e-01 7.933002000000000109e+00
9.999358295158611298e-01 8.496021656762211757e-03 -7.493628389132555613e-03 1.055399999999999958e-03 -8.445210848227994657e-03 9.999413104567538291e-01 6.786313856490019947e-03 -1.139459000000000027e-01 7.550845260999466436e-03 -6.722593103679839685e-03 9.999488944330139351e-01 8.007835399999999382e+00
9.999591855270464347e-01 4.826077943298026293e-03 -7.637817212474770287e-03 1.897000000000000032e-04 -4.763343820207138063e-03 9.999549472369889669e-01 8.210606062963737156e-03 -1.144618000000000024e-01 7.677098132527553423e-03 -8.173889401985733050e-03 9.999371228713872517e-01 8.082898099999999530e+00
9.999633830162655279e-01 3.158929401569678976e-03 -7.953225238946485393e-03 -3.906000000000000075e-04 -3.085346770791190518e-03 9.999524833225146292e-01 9.247255400398795080e-03 -1.149488000000000038e-01 7.982058755075981116e-03 -9.222378335989852086e-03 9.999256144713257743e-01 8.157533600000000718e+00
9.999697079388367715e-01 -1.388098627597789646e-03 -7.658745779659886788e-03 -1.076899999999999993e-03 1.447058891497182264e-03 9.999693209373903269e-01 7.698259840956256719e-03 -1.158581999999999945e-01 7.647824872598478832e-03 -7.709109300976478563e-03 9.999410384660205597e-01 8.232666000000000039e+00
9.999642077833396092e-01 -3.672743554041236948e-03 -7.621949030546817938e-03 -1.609299999999999923e-03 3.721552333743609938e-03 9.999725982230484034e-01 6.399441481321432867e-03 -1.162481999999999960e-01 7.598236668149559517e-03 -6.427577913327734913e-03 9.999504752945032049e-01 8.307439799999999153e+00
9.999591661367571716e-01 -5.142943637473328111e-03 -7.430759706996313378e-03 -2.323599999999999884e-03 5.188502887081603704e-03 9.999677816536868269e-01 6.124956521912265119e-03 -1.170772000000000063e-01 7.399019994032533971e-03 -6.163260934468240033e-03 9.999536332839547015e-01 8.382236499999999424e+00
9.999603349358372473e-01 -5.543790791573999753e-03 -6.971007005259949145e-03 -3.183300000000000018e-03 5.590036701399983717e-03 9.999623823677453727e-01 6.632144381717049869e-03 -1.179797000000000068e-01 6.933977551530229495e-03 -6.670849502289731905e-03 9.999537087896782639e-01 8.457243000000000066e+00
9.999705123195496981e-01 -4.818485811542825084e-03 -5.979689445229465980e-03 -4.307199999999999744e-03 4.868159081906403909e-03 9.999535346216382736e-01 8.320434174093614341e-03 -1.183213999999999932e-01 5.939319702683161853e-03 -8.349298903269254321e-03 9.999475054668086615e-01 8.532056799999999441e+00
9.999819099528397537e-01 -2.606841833342430585e-03 -5.420714226611959320e-03 -4.997699999999999886e-03 2.661068165462447069e-03 9.999462526347474567e-01 1.002050687064707027e-02 -1.193976000000000065e-01 5.394301001002793118e-03 -1.003475048926771862e-02 9.999351005436946105e-01 8.606326100000000423e+00
9.999850587022818260e-01 -2.710240183282782659e-03 -4.747311907062040648e-03 -5.720199999999999937e-03 2.749692009738690952e-03 9.999615774347047070e-01 8.323631908529891682e-03 -1.200163999999999953e-01 4.724570461490962617e-03 -8.336561188286035345e-03 9.999540890368460166e-01 8.680867199999999784e+00
9.999901083090393383e-01 -2.147297467201350792e-03 -3.895176204360948496e-03 -6.872900000000000363e-03 2.163882318726681984e-03 9.999885909611305745e-01 4.258586723716208458e-03 -1.221089000000000063e-01 3.885987311658536253e-03 -4.266973302009350114e-03 9.999833458820469589e-01 8.829547899999999672e+00
9.999873694387563239e-01 -3.428021714778462826e-03 -3.675544868351375387e-03 -7.092300000000000167e-03 3.428356911286159839e-03 9.999941195631740776e-01 8.489971203528865547e-05 -1.231590000000000046e-01 3.675232216485540930e-03 -9.749971935643105382e-05 9.999932415581415102e-01 8.903819999999999624e+00
9.999901403214640494e-01 -3.219865426086670427e-03 -3.058059269625329566e-03 -7.782999999999999988e-03 3.209709643193660918e-03 9.999893372557862037e-01 -3.320111254118436085e-03 -1.247539000000000009e-01 3.068716973759444151e-03 3.310263036561593084e-03 9.999898125154894624e-01 8.977747900000000669e+00
9.999893384388381934e-01 -3.579221655794059733e-03 -2.917564222673526414e-03 -8.200199999999999503e-03 3.566742753598536788e-03 9.999845174587462804e-01 -4.271204622593569381e-03 -1.262766999999999917e-01 2.932806639446602914e-03 4.260752883834871205e-03 9.999866222255567871e-01 9.051336299999999113e+00
9.999890404323219517e-01 -3.683379216228203391e-03 -2.889936468748137595e-03 -8.721599999999999492e-03 3.672588056318744874e-03 9.999862975997823034e-01 -3.730510641748014788e-03 -1.281084000000000112e-01 2.903637755045772144e-03 3.719856210805518124e-03 9.999888657167931294e-01 9.125043899999999653e+00
9.999922656517564734e-01 -2.467358814760435559e-03 -3.062805437208356799e-03 -9.973900000000000821e-03 2.459427685485085502e-03 9.999936200627176364e-01 -2.590569304425020813e-03 -1.309197000000000000e-01 3.069177760710280114e-03 2.583016519572346563e-03 9.999919540543977803e-01 9.271488200000000290e+00
9.999922759596834299e-01 -1.121486746319262564e-03 -3.766999927007243145e-03 -1.106739999999999981e-02 1.112107198820634201e-03 9.999962788184201257e-01 -2.491097527336865423e-03 -1.339330999999999994e-01 3.769779642177200751e-03 2.486888978262350065e-03 9.999898020203301652e-01 9.417471900000000673e+00
9.999857189612914032e-01 -1.673672601779433756e-03 -5.075499334183127161e-03 -1.232560000000000079e-02 1.668314969321231089e-03 9.999980469449570863e-01 -1.059637407086391281e-03 -1.365764999999999896e-01 5.077262907549618710e-03 1.051154742847565686e-03 9.999865581471953924e-01 9.561353699999999733e+00
9.999780631100589900e-01 -4.385906236677770227e-04 -6.609155537569418905e-03 -1.398459999999999981e-02 4.262042338431160007e-04 9.999981505772059798e-01 -1.875417851808172708e-03 -1.392169000000000045e-01 6.609965855131779387e-03 1.872559860900924319e-03 9.999764006570162067e-01 9.705935500000000715e+00
9.999698560112043610e-01 9.388265266767191908e-04 -7.707507618170413889e-03 -1.608920000000000142e-02 -9.643565042665521066e-04 9.999940592443155030e-01 -3.309303946332392207e-03 -1.418524999999999925e-01 7.704354967421064328e-03 3.316636975814578857e-03 9.999648207980652570e-01 9.849416700000000802e+00
9.999551750230561975e-01 1.035997820129723121e-03 -9.411410793584965365e-03 -1.751319999999999960e-02 -1.084771151197621263e-03 9.999860018865287525e-01 -5.178735612552380629e-03 -1.448083000000000009e-01 9.405913892783121857e-03 5.188712702768901938e-03 9.999423013575980956e-01 9.994068099999999788e+00
9.999416992462929477e-01 9.289838901525533177e-04 -1.075802478933902094e-02 -1.971089999999999995e-02 -9.697850687649922077e-04 9.999923551363003593e-01 -3.788031926418268785e-03 -1.480550999999999950e-01 1.075442352507080361e-02 3.798244053111997105e-03 9.999349557430005087e-01 1.013695049999999931e+01
9.999267125314699189e-01 1.470924524935471800e-03 -1.201690255636147023e-02 -2.241989999999999955e-02 -1.508617359090580696e-03 9.999939692354847809e-01 -3.128188984723880624e-03 -1.507245000000000112e-01 1.201222875535568752e-02 3.146088635471133623e-03 9.999229012712064213e-01 1.028019049999999979e+01
9.999169575067152760e-01 2.261258880422317014e-03 -1.268719034260732716e-02 -2.371919999999999931e-02 -2.299841070277168151e-03 9.999927731584520307e-01 -3.027269713835724872e-03 -1.520016999999999896e-01 1.268025321376918708e-02 3.056196843227194405e-03 9.999149318013459409e-01 1.035197259999999986e+01
9.999124499274826272e-01 2.155509825566354325e-03 -1.305550678493861208e-02 -2.547850000000000115e-02 -2.203587437593537268e-03 9.999908402171452382e-01 -3.669289333481216657e-03 -1.538698000000000010e-01 1.304747801012023922e-02 3.697737037676691180e-03 9.999080408009406451e-01 1.042338280000000061e+01
9.999007236297856593e-01 3.633291534647390894e-03 -1.361403971109855990e-02 -2.671209999999999904e-02 -3.691310077955802134e-03 9.999842025648726374e-01 -4.238968106050626690e-03 -1.553315999999999864e-01 1.359842323725404811e-02 4.288800918670871744e-03 9.998983393686282639e-01 1.049570270000000072e+01
9.998966629749584945e-01 3.148840369996632697e-03 -1.402669511562018231e-02 -2.981850000000000125e-02 -3.220174653711908083e-03 9.999819832531006147e-01 -5.065929766113539193e-03 -1.586847999999999870e-01 1.401049059604534200e-02 5.110574676089104512e-03 9.998887879058042660e-01 1.063850399999999929e+01
9.998967995593563973e-01 1.894161212270750782e-03 -1.424087020720113742e-02 -3.099930000000000047e-02 -1.989716571343832369e-03 9.999755834777069863e-01 -6.698766780936614949e-03 -1.602963000000000027e-01 1.422783395046975374e-02 6.726410760694678630e-03 9.998761544008120117e-01 1.071016599999999919e+01
9.998944519481561821e-01 -1.069057391484820466e-03 -1.448937816436645515e-02 -3.201169999999999710e-02 9.736776425163585266e-04 9.999778235905737445e-01 -6.588192385446900619e-03 -1.618072999999999873e-01 1.449609999775013786e-02 6.573389031002835510e-03 9.998733187966875047e-01 1.078191849999999974e+01
9.998816720991985374e-01 -1.608762529217584161e-03 -1.529881313159355168e-02 -3.434620000000000034e-02 1.632740614920431777e-03 9.999974581322466083e-01 1.554955668149192883e-03 -1.651418000000000053e-01 1.529627268962027546e-02 -1.579750667069172460e-03 9.998817572241402996e-01 1.092512229999999995e+01
9.998812491013929771e-01 1.078740089940193655e-03 -1.537283367686172707e-02 -3.700049999999999867e-02 -1.115193251386985881e-03 9.999965865264593967e-01 -2.362896409365107531e-03 -1.674501999999999935e-01 1.537023225101556874e-02 2.379759493664311207e-03 9.998790390368736958e-01 1.106695560000000000e+01
9.998816035655152534e-01 1.008193977377880128e-03 -1.535455620191478188e-02 -4.045259999999999828e-02 -1.068540475459496195e-03 9.999917360550492074e-01 -3.922504666806128810e-03 -1.705766999999999978e-01 1.535047466712627373e-02 3.938447221023793320e-03 9.998744178950579320e-01 1.120650769999999952e+01
9.998918764725550634e-01 1.160045730121990601e-03 -1.465911518805221476e-02 -4.377570000000000072e-02 -1.167891334478981949e-03 9.999991793324258804e-01 -5.266538763842099676e-04 -1.740174999999999916e-01 1.465849221521116526e-02 5.437171863086082829e-04 9.998924107010702667e-01 1.134562209999999993e+01
9.999202622565178666e-01 2.708252872899981974e-04 -1.262520425657781900e-02 -4.648719999999999936e-02 -2.759638255489702224e-04 9.999998798017093460e-01 -4.052660040181852450e-04 -1.768258000000000052e-01 1.262509298276787845e-02 4.087177886864971433e-04 9.999202168057937934e-01 1.148488240000000005e+01
9.999523475143523576e-01 -1.020826622431834224e-03 -9.708790529357120766e-03 -4.898319999999999758e-02 9.883466083099837381e-04 9.999939015460423963e-01 -3.349633070352764277e-03 -1.798826000000000036e-01 9.712150715358686473e-03 3.339877801820472208e-03 9.999472582815311927e-01 1.162176509999999929e+01
9.999746662286366217e-01 -1.716516778245601388e-03 -6.908000512218959166e-03 -5.099709999999999660e-02 1.694257092795750696e-03 9.999933583853227725e-01 -3.226868163836053589e-03 -1.829984000000000055e-01 6.913493605285777818e-03 3.215082486230907716e-03 9.999709330029430410e-01 1.175824549999999924e+01
9.999903214270210450e-01 -8.721598400591619449e-04 -4.312353127515538599e-03 -5.243939999999999713e-02 8.678358263060905690e-04 9.999991189465236019e-01 -1.004473571135023474e-03 -1.857714000000000032e-01 4.313225389610969747e-03 1.000721434724518959e-03 9.999901972736274791e-01 1.189356800000000014e+01
9.999932924459737915e-01 -1.871901208021042916e-03 -3.148181844888849317e-03 -5.313829999999999942e-02 1.868491884260552053e-03 9.999976651647092263e-01 -1.085542817451685006e-03 -1.870925999999999978e-01 3.150206523314122518e-03 1.079653183887238199e-03 9.999944552585594559e-01 1.196057129999999979e+01
9.999985862746232357e-01 -1.273664033371062513e-03 -1.097829078248596657e-03 -5.401639999999999914e-02 1.272334507748129747e-03 9.999984574435926143e-01 -1.210898565393506501e-03 -1.894250000000000100e-01 1.099369662736120103e-03 1.209500047695610987e-03 9.999986642470976017e-01 1.209313769999999977e+01
9.999994426380188761e-01 -1.046881660073758179e-03 -1.369760612769101388e-04 -5.431430000000000285e-02 1.046717640879317891e-03 9.999987416729226863e-01 -1.192071621832240707e-03 -1.909647999999999901e-01 1.382238468346138336e-04 1.191927582157123250e-03 9.999992801011443611e-01 1.215865520000000011e+01
9.999989709312087083e-01 -1.277423239583698336e-03 6.529367433199564875e-04 -5.466820000000000013e-02 1.278175617468161338e-03 9.999985182171700071e-01 -1.153182793511924997e-03 -1.924396999999999913e-01 -6.514626733095809459e-04 1.154016174632562213e-03 9.999991219211414872e-01 1.222377009999999942e+01
9.999964334640200070e-01 -2.383817843005183769e-03 1.204355317632654822e-03 -5.487090000000000023e-02 2.384177839003160694e-03 9.999971135715162163e-01 -2.975645612279667683e-04 -1.954029999999999934e-01 -1.203642501636660155e-03 3.004348972118382212e-04 9.999992304915042984e-01 1.235118869999999980e+01
9.999954673310330611e-01 -2.883695455172569262e-03 8.658047763140577086e-04 -5.510149999999999770e-02 2.883097709883736259e-03 9.999956052280750685e-01 6.908488482487216802e-04 -1.967820999999999876e-01 -8.677931689834402548e-04 -6.883495170917888675e-04 9.999993865547909255e-01 1.241317650000000050e+01
9.999965056774741123e-01 -2.640041903531560857e-03 1.371553466421526150e-04 -5.520350000000000257e-02 2.639953611118272311e-03 9.999963105274247699e-01 6.399816165185070061e-04 -1.982118999999999964e-01 -1.388444188963613383e-04 -6.396172964636761844e-04 9.999997858059478384e-01 1.247460650000000015e+01
9.999974173367002228e-01 -2.271812653084878501e-03 -6.470856802431178181e-05 -5.558489999999999959e-02 2.271784447563133039e-03 9.999973258908345652e-01 -4.326737846348272269e-04 -1.995154000000000094e-01 6.569134876512846318e-05 4.325256632656611540e-04 9.999999043030941559e-01 1.253479289999999935e+01
9.999865768147040423e-01 -2.758396890110659857e-03 -4.386050274077036952e-03 -5.679309999999999914e-02 2.754784469201146824e-03 9.999958615839479315e-01 -8.294440944800817806e-04 -2.045394000000000101e-01 4.388320058786911344e-03 8.173503375221460822e-04 9.999900372431154150e-01 1.276967619999999926e+01
9.999701590458728306e-01 -4.314477588512865766e-03 -6.408299377371185629e-03 -5.708130000000000148e-02 4.320257443031990524e-03 9.999902730454609534e-01 8.883637150935221353e-04 -2.059238999999999931e-01 6.404404218795249973e-03 -9.160227085549169481e-04 9.999790720355099527e-01 1.282722000000000051e+01
9.999532019411959682e-01 -3.890103479682969351e-03 -8.857822670786379138e-03 -5.753679999999999906e-02 3.913398739227743478e-03 9.999889258446276186e-01 2.614096099165307691e-03 -2.070358999999999949e-01 8.847555473550271915e-03 -2.648637956614498246e-03 9.999573518301254627e-01 1.288348479999999974e+01
9.999331277202292423e-01 -3.685871283614648979e-03 -1.096149809653013292e-02 -5.872870000000000174e-02 3.717197826247290848e-03 9.999890615650895986e-01 2.838871341191577351e-03 -2.084322999999999870e-01 1.095091448054230816e-02 -2.879427556289851364e-03 9.999358911295203045e-01 1.293884180000000050e+01
9.998579538775217435e-01 -3.451174184595024157e-03 -1.649731689103432417e-02 -6.087730000000000224e-02 3.492173976738754872e-03 9.999908837012789764e-01 2.457078600954165030e-03 -2.106220000000000037e-01 1.648868669032831427e-02 -2.514341083199157865e-03 9.998608909744123308e-01 1.304558469999999915e+01
9.997429107401851756e-01 -2.537254828456751189e-03 -2.253163914759961570e-02 -6.314960000000000018e-02 2.598810200646520241e-03 9.999929697160662156e-01 2.703091560350610444e-03 -2.128594000000000042e-01 2.252462231166565618e-02 -2.760952078196216106e-03 9.997424761073917532e-01 1.314870829999999913e+01
9.995765674735868078e-01 -2.776563094216089479e-03 -2.896509028306049754e-02 -6.633210000000000495e-02 2.817243224657687509e-03 9.999951016665009629e-01 1.363738837733860986e-03 -2.147650999999999866e-01 2.896116189546146108e-02 -1.444763090703981819e-03 9.995794934677664223e-01 1.324561600000000006e+01
