9.999981e-01 1.430880e-03 -1.366265e-03 -2.787365e-02 -1.431233e-03 9.999989e-01 -2.576187e-04 -5.608120e-02 1.365895e-03 2.595743e-04 9.999990e-01 2.384181e+00
9.999956e-01 2.145639e-03 -2.049036e-03 -4.180320e-02 -2.146435e-03 9.999976e-01 -3.863468e-04 -8.410629e-02 2.048203e-03 3.907438e-04 9.999978e-01 3.575628e+00
9.999878e-01 3.576816e-03 -3.416746e-03 -6.970674e-02 -3.579038e-03 9.999934e-01 -6.441878e-04 -1.402442e-01 3.414420e-03 6.564092e-04 9.999940e-01 5.962283e+00
9.999824e-01 4.290400e-03 -4.098979e-03 -8.362554e-02 -4.293603e-03 9.999905e-01 -7.727885e-04 -1.682458e-01 4.095625e-03 7.903748e-04 9.999913e-01 7.152769e+00
9.999760e-01 5.005068e-03 -4.782444e-03 -9.756958e-02 -5.009436e-03 9.999870e-01 -9.016141e-04 -1.962977e-01 4.777870e-03 9.255504e-04 9.999882e-01 8.345400e+00
9.999511e-01 7.145767e-03 -6.830869e-03 -1.393621e-01 -7.154725e-03 9.999736e-01 -1.287669e-03 -2.803697e-01 6.821488e-03 1.336480e-03 9.999758e-01 1.191983e+01
9.999409e-01 7.859281e-03 -7.514028e-03 -1.533004e-01 -7.870140e-03 9.999680e-01 -1.416404e-03 -3.084073e-01 7.502657e-03 1.475458e-03 9.999708e-01 1.311191e+01
9.999063e-01 1.021484e-02 -9.110264e-03 -1.818140e-01 -1.023202e-02 9.999459e-01 -1.840097e-03 -3.654237e-01 9.090976e-03 1.933142e-03 9.999568e-01 1.549659e+01
9.999049e-01 9.942671e-03 -9.559126e-03 -1.950729e-01 -9.960151e-03 9.999488e-01 -1.782531e-03 -3.924445e-01 9.540914e-03 1.877572e-03 9.999527e-01 1.668758e+01
9.999045e-01 9.373887e-03 -1.015134e-02 -2.081761e-01 -9.389118e-03 9.999548e-01 -1.453538e-03 -4.191514e-01 1.013726e-02 1.548712e-03 9.999474e-01 1.788104e+01
9.999026e-01 9.037036e-03 -1.063812e-02 -2.220687e-01 -9.048731e-03 9.999585e-01 -1.051573e-03 -4.450814e-01 1.062817e-02 1.147733e-03 9.999429e-01 1.907663e+01
9.998928e-01 9.270131e-03 -1.133310e-02 -2.372951e-01 -9.293058e-03 9.999548e-01 -1.971849e-03 -4.715143e-01 1.131431e-02 2.076957e-03 9.999338e-01 2.027019e+01
9.998895e-01 9.007105e-03 -1.182761e-02 -2.531559e-01 -9.043321e-03 9.999545e-01 -3.011911e-03 -4.977817e-01 1.179995e-02 3.118539e-03 9.999255e-01 2.146468e+01
9.998739e-01 9.613273e-03 -1.263921e-02 -2.707637e-01 -9.644484e-03 9.999506e-01 -2.410510e-03 -5.247441e-01 1.261541e-02 2.532105e-03 9.999172e-01 2.265883e+01
9.998622e-01 9.849565e-03 -1.336112e-02 -2.887908e-01 -9.880847e-03 9.999486e-01 -2.277132e-03 -5.527301e-01 1.333801e-02 2.408838e-03 9.999082e-01 2.385296e+01
9.998496e-01 9.852334e-03 -1.427518e-02 -3.071147e-01 -9.896726e-03 9.999464e-01 -3.042267e-03 -5.812326e-01 1.424445e-02 3.183087e-03 9.998935e-01 2.504684e+01
9.998348e-01 1.011489e-02 -1.510546e-02 -3.273512e-01 -1.015685e-02 9.999447e-01 -2.703181e-03 -6.069839e-01 1.507729e-02 2.856158e-03 9.998823e-01 2.624310e+01
9.998322e-01 9.254980e-03 -1.580829e-02 -3.472488e-01 -9.264587e-03 9.999569e-01 -5.344808e-04 -6.329432e-01 1.580266e-02 6.808490e-04 9.998749e-01 2.744168e+01
9.998234e-01 8.611256e-03 -1.670535e-02 -3.677985e-01 -8.617934e-03 9.999628e-01 -3.276812e-04 -6.565642e-01 1.670191e-02 4.715896e-04 9.998604e-01 2.863712e+01
9.998146e-01 7.984938e-03 -1.751954e-02 -3.892136e-01 -8.016013e-03 9.999664e-01 -1.704144e-03 -6.824261e-01 1.750535e-02 1.844266e-03 9.998451e-01 2.982830e+01
9.998008e-01 7.461297e-03 -1.851044e-02 -4.112762e-01 -7.508905e-03 9.999686e-01 -2.503665e-03 -7.087202e-01 1.849118e-02 2.642160e-03 9.998255e-01 3.102794e+01
9.997835e-01 7.872528e-03 -1.925948e-02 -4.357161e-01 -7.922232e-03 9.999655e-01 -2.505745e-03 -7.356474e-01 1.923909e-02 2.657781e-03 9.998114e-01 3.223193e+01
9.997742e-01 7.403986e-03 -1.991672e-02 -4.596533e-01 -7.444296e-03 9.999704e-01 -1.950489e-03 -7.632533e-01 1.990169e-02 2.098315e-03 9.997997e-01 3.342024e+01
9.997630e-01 7.159487e-03 -2.056208e-02 -4.846981e-01 -7.195731e-03 9.999727e-01 -1.689150e-03 -7.915945e-01 2.054943e-02 1.836709e-03 9.997872e-01 3.461480e+01
9.997578e-01 6.402722e-03 -2.105455e-02 -5.098190e-01 -6.438109e-03 9.999779e-01 -1.613319e-03 -8.182722e-01 2.104376e-02 1.748481e-03 9.997770e-01 3.581256e+01
9.997447e-01 6.469361e-03 -2.164904e-02 -5.367057e-01 -6.505831e-03 9.999775e-01 -1.614507e-03 -8.457827e-01 2.163811e-02 1.754941e-03 9.997643e-01 3.700928e+01
9.997456e-01 5.595697e-03 -2.184987e-02 -5.627412e-01 -5.621433e-03 9.999836e-01 -1.116570e-03 -8.734675e-01 2.184326e-02 1.239114e-03 9.997606e-01 3.820690e+01
9.997469e-01 5.730089e-03 -2.175759e-02 -5.904619e-01 -5.729521e-03 9.999836e-01 8.851327e-05 -9.001114e-01 2.175774e-02 3.617047e-05 9.997633e-01 3.940549e+01
9.997473e-01 6.200803e-03 -2.160647e-02 -6.181703e-01 -6.179958e-03 9.999803e-01 1.031475e-03 -9.268582e-01 2.161244e-02 -8.976860e-04 9.997660e-01 4.060244e+01
9.997432e-01 6.994168e-03 -2.155419e-02 -6.466319e-01 -6.982521e-03 9.999754e-01 6.156644e-04 -9.531287e-01 2.155797e-02 -4.650029e-04 9.997675e-01 4.179871e+01
9.997393e-01 7.822383e-03 -2.144963e-02 -6.756680e-01 -7.813016e-03 9.999693e-01 5.205581e-04 -9.776312e-01 2.145304e-02 -3.528353e-04 9.997698e-01 4.299592e+01
9.997217e-01 1.079817e-02 -2.097680e-02 -7.080160e-01 -1.075808e-02 9.999401e-01 2.023359e-03 -1.000412e+00 2.099740e-02 -1.797125e-03 9.997779e-01 4.419563e+01
9.997773e-01 1.163716e-02 -1.760589e-02 -7.617275e-01 -1.150000e-02 9.999029e-01 7.871628e-03 -1.037444e+00 1.769578e-02 -7.667405e-03 9.998140e-01 4.659612e+01
9.998038e-01 1.191970e-02 -1.582127e-02 -7.844470e-01 -1.174383e-02 9.998687e-01 1.116292e-02 -1.051207e+00 1.595226e-02 -1.097492e-02 9.998125e-01 4.780149e+01
9.998273e-01 1.160707e-02 -1.451319e-02 -8.050204e-01 -1.141471e-02 9.998468e-01 1.326758e-02 -1.064092e+00 1.466497e-02 -1.309962e-02 9.998067e-01 4.900454e+01
9.998655e-01 9.923126e-03 -1.305597e-02 -8.220020e-01 -9.772672e-03 9.998857e-01 1.153769e-02 -1.073850e+00 1.316897e-02 -1.140854e-02 9.998482e-01 5.020348e+01
9.998740e-01 1.039847e-02 -1.199806e-02 -8.402902e-01 -1.028811e-02 9.999045e-01 9.223321e-03 -1.085315e+00 1.209283e-02 -9.098718e-03 9.998855e-01 5.140457e+01
9.998708e-01 1.154741e-02 -1.118360e-02 -8.594630e-01 -1.144656e-02 9.998936e-01 9.040290e-03 -1.098286e+00 1.128680e-02 -8.911106e-03 9.998966e-01 5.260583e+01
9.998820e-01 1.057346e-02 -1.114335e-02 -8.753783e-01 -1.047818e-02 9.999083e-01 8.574574e-03 -1.112635e+00 1.123299e-02 -8.456798e-03 9.999012e-01 5.381125e+01
9.998803e-01 9.904895e-03 -1.188406e-02 -8.928730e-01 -9.811863e-03 9.999209e-01 7.861425e-03 -1.127883e+00 1.196099e-02 -7.743878e-03 9.998985e-01 5.501520e+01
9.998592e-01 1.007197e-02 -1.341953e-02 -9.118602e-01 -9.967695e-03 9.999198e-01 7.815017e-03 -1.143152e+00 1.349716e-02 -7.680153e-03 9.998794e-01 5.622027e+01
9.998373e-01 1.009708e-02 -1.494468e-02 -9.332309e-01 -9.958179e-03 9.999068e-01 9.339764e-03 -1.160687e+00 1.503759e-02 -9.189421e-03 9.998447e-01 5.742777e+01
9.998225e-01 1.009404e-02 -1.590911e-02 -9.562150e-01 -9.940127e-03 9.999033e-01 9.724525e-03 -1.175655e+00 1.600573e-02 -9.564658e-03 9.998262e-01 5.863262e+01
9.997987e-01 1.105266e-02 -1.674529e-02 -9.814360e-01 -1.089512e-02 9.998958e-01 9.469924e-03 -1.190278e+00 1.684822e-02 -9.285574e-03 9.998149e-01 5.983857e+01
9.997821e-01 1.144537e-02 -1.745778e-02 -1.006715e+00 -1.128333e-02 9.998926e-01 9.352647e-03 -1.205600e+00 1.756296e-02 -9.153625e-03 9.998039e-01 6.104209e+01
9.997955e-01 9.508883e-03 -1.785067e-02 -1.053863e+00 -9.370520e-03 9.999255e-01 7.818952e-03 -1.237483e+00 1.792369e-02 -7.650080e-03 9.998101e-01 6.344747e+01
9.997930e-01 9.088420e-03 -1.820103e-02 -1.078473e+00 -8.930260e-03 9.999218e-01 8.752215e-03 -1.251701e+00 1.827916e-02 -8.587861e-03 9.997960e-01 6.464755e+01
9.997792e-01 9.523957e-03 -1.872882e-02 -1.129538e+00 -9.347320e-03 9.999112e-01 9.496443e-03 -1.281112e+00 1.881760e-02 -9.319280e-03 9.997795e-01 6.704761e+01
9.997624e-01 1.103353e-02 -1.880211e-02 -1.157680e+00 -1.088822e-02 9.999102e-01 7.813077e-03 -1.293922e+00 1.888663e-02 -7.606496e-03 9.997927e-01 6.824107e+01
9.997347e-01 1.319593e-02 -1.887929e-02 -1.186930e+00 -1.304722e-02 9.998830e-01 7.978688e-03 -1.309417e+00 1.898237e-02 -7.730246e-03 9.997899e-01 6.943527e+01
9.997104e-01 1.500435e-02 -1.881231e-02 -1.215316e+00 -1.485154e-02 9.998558e-01 8.236958e-03 -1.324678e+00 1.893319e-02 -7.955179e-03 9.997891e-01 7.062616e+01
9.996883e-01 1.665714e-02 -1.859770e-02 -1.243226e+00 -1.649733e-02 9.998259e-01 8.713768e-03 -1.339456e+00 1.873961e-02 -8.404237e-03 9.997891e-01 7.181600e+01
9.996991e-01 1.706543e-02 -1.762360e-02 -1.268567e+00 -1.689744e-02 9.998108e-01 9.637712e-03 -1.355743e+00 1.778473e-02 -9.337016e-03 9.997983e-01 7.300219e+01
9.997036e-01 1.873150e-02 -1.555211e-02 -1.292838e+00 -1.857394e-02 9.997753e-01 1.021438e-02 -1.371470e+00 1.573995e-02 -9.922484e-03 9.998269e-01 7.418749e+01
9.998364e-01 1.463832e-02 -1.062524e-02 -1.320138e+00 -1.459781e-02 9.998859e-01 3.880945e-03 -1.407515e+00 1.068084e-02 -3.725203e-03 9.999360e-01 7.654079e+01
9.998511e-01 1.519312e-02 -8.185862e-03 -1.330920e+00 -1.517584e-02 9.998825e-01 2.169593e-03 -1.427085e+00 8.217863e-03 -2.045042e-03 9.999642e-01 7.771630e+01
9.998917e-01 1.459305e-02 -1.933843e-03 -1.340942e+00 -1.457722e-02 9.998620e-01 7.962398e-03 -1.468534e+00 2.049772e-03 -7.933343e-03 9.999664e-01 8.006843e+01
9.998850e-01 1.502471e-02 2.051608e-03 -1.342290e+00 -1.503622e-02 9.998706e-01 5.712941e-03 -1.485826e+00 -1.965507e-03 -5.743131e-03 9.999816e-01 8.123454e+01
9.998850e-01 1.413375e-02 5.503277e-03 -1.335651e+00 -1.415117e-02 9.998949e-01 3.138992e-03 -1.506096e+00 -5.458334e-03 -3.216507e-03 9.999799e-01 8.239913e+01
9.998797e-01 1.272917e-02 8.863339e-03 -1.323865e+00 -1.272312e-02 9.999188e-01 -7.394368e-04 -1.530312e+00 -8.872032e-03 6.265791e-04 9.999605e-01 8.355801e+01
9.998558e-01 1.187376e-02 1.214485e-02 -1.309268e+00 -1.185235e-02 9.999281e-01 -1.833271e-03 -1.555472e+00 -1.216575e-02 1.689062e-03 9.999246e-01 8.471745e+01
9.998073e-01 1.167643e-02 1.578168e-02 -1.292993e+00 -1.167891e-02 9.999318e-01 6.528232e-05 -1.580587e+00 -1.577984e-02 -2.495819e-04 9.998755e-01 8.587696e+01
9.997260e-01 1.277107e-02 1.961989e-02 -1.273121e+00 -1.279238e-02 9.999177e-01 9.604842e-04 -1.605074e+00 -1.960601e-02 -1.211205e-03 9.998071e-01 8.703114e+01
9.996514e-01 1.244423e-02 2.328416e-02 -1.247131e+00 -1.241599e-02 9.999220e-01 -1.357177e-03 -1.630673e+00 -2.329923e-02 1.067609e-03 9.997280e-01 8.818383e+01
9.995737e-01 1.212483e-02 2.656002e-02 -1.216671e+00 -1.202445e-02 9.999199e-01 -3.935727e-03 -1.656163e+00 -2.660561e-02 3.614679e-03 9.996395e-01 8.933336e+01
9.994807e-01 1.221273e-02 2.981802e-02 -1.182745e+00 -1.208868e-02 9.999175e-01 -4.336840e-03 -1.683163e+00 -2.986853e-02 3.974127e-03 9.995459e-01 9.048344e+01
9.993189e-01 1.010851e-02 3.549009e-02 -1.101750e+00 -1.005139e-02 9.999479e-01 -1.787571e-03 -1.736086e+00 -3.550631e-02 1.429629e-03 9.993684e-01 9.279129e+01
9.991384e-01 8.157564e-03 4.069360e-02 -1.006119e+00 -8.214536e-03 9.999655e-01 1.232957e-03 -1.785071e+00 -4.068214e-02 -1.566173e-03 9.991709e-01 9.510262e+01
9.990531e-01 6.863193e-03 4.296190e-02 -9.539660e-01 -6.830006e-03 9.999762e-01 -9.192473e-04 -1.809543e+00 -4.296719e-02 6.249473e-04 9.990763e-01 9.625538e+01
9.989556e-01 5.748434e-03 4.532808e-02 -5.505715e-01 -5.583725e-03 9.999773e-01 -3.759517e-03 -2.012875e+00 -4.534867e-02 3.502491e-03 9.989651e-01 1.044700e+02
9.991887e-01 6.377172e-03 3.976665e-02 -4.483272e-01 -6.255912e-03 9.999754e-01 -3.173039e-03 -2.069739e+00 -3.978591e-02 2.921688e-03 9.992040e-01 1.068672e+02
9.998512e-01 9.347451e-03 1.450220e-02 -2.537792e-01 -9.343926e-03 9.999563e-01 -3.109408e-04 -2.240145e+00 -1.450447e-02 1.753877e-04 9.998948e-01 1.141425e+02
9.998370e-01 1.671111e-02 -6.828606e-03 -2.562318e-01 -1.672110e-02 9.998592e-01 -1.409243e-03 -2.417424e+00 6.804096e-03 1.523196e-03 9.999757e-01 1.215013e+02
9.996672e-01 2.356820e-02 -1.049308e-02 -3.168152e-01 -2.354959e-02 9.997208e-01 1.894705e-03 -2.521615e+00 1.053481e-02 -1.646965e-03 9.999432e-01 1.264702e+02
9.996376e-01 2.417676e-02 -1.184163e-02 -3.532043e-01 -2.411481e-02 9.996949e-01 5.347020e-03 -2.561295e+00 1.196730e-02 -5.059522e-03 9.999156e-01 1.289699e+02
9.996900e-01 2.116355e-02 -1.311680e-02 -3.845450e-01 -2.111080e-02 9.997685e-01 4.147837e-03 -2.596170e+00 1.320155e-02 -3.869644e-03 9.999054e-01 1.314756e+02
9.997230e-01 1.881769e-02 -1.413891e-02 -3.976226e-01 -1.873314e-02 9.998060e-01 6.088651e-03 -2.614808e+00 1.425075e-02 -5.822097e-03 9.998815e-01 1.327335e+02
9.997891e-01 1.427647e-02 -1.476542e-02 -4.299121e-01 -1.413295e-02 9.998523e-01 9.779037e-03 -2.646140e+00 1.490285e-02 -9.568293e-03 9.998432e-01 1.352593e+02
9.998429e-01 9.895168e-03 -1.470929e-02 -4.438867e-01 -9.781329e-03 9.999218e-01 7.791337e-03 -2.660056e+00 1.478524e-02 -7.646234e-03 9.998615e-01 1.365226e+02
9.998650e-01 7.231494e-03 -1.475431e-02 -4.570556e-01 -7.142445e-03 9.999560e-01 6.079343e-03 -2.675992e+00 1.479762e-02 -5.973139e-03 9.998727e-01 1.377895e+02
9.998778e-01 5.644588e-03 -1.457692e-02 -4.720570e-01 -5.557022e-03 9.999663e-01 6.040789e-03 -2.693213e+00 1.461053e-02 -5.959045e-03 9.998755e-01 1.390568e+02
9.998820e-01 5.598248e-03 -1.430578e-02 -4.908150e-01 -5.506331e-03 9.999640e-01 6.456574e-03 -2.711316e+00 1.434142e-02 -6.377037e-03 9.998768e-01 1.403306e+02
9.998897e-01 5.971145e-03 -1.360251e-02 -5.099508e-01 -5.859504e-03 9.999489e-01 8.232571e-03 -2.728134e+00 1.365098e-02 -8.151956e-03 9.998736e-01 1.416060e+02
9.998800e-01 8.591962e-03 -1.289361e-02 -5.316574e-01 -8.463478e-03 9.999143e-01 9.986780e-03 -2.744134e+00 1.297831e-02 -9.876454e-03 9.998670e-01 1.428802e+02
9.998866e-01 8.660587e-03 -1.231871e-02 -5.501461e-01 -8.547757e-03 9.999213e-01 9.182760e-03 -2.759529e+00 1.239727e-02 -9.076419e-03 9.998820e-01 1.441530e+02
9.998925e-01 9.105110e-03 -1.149425e-02 -5.862240e-01 -9.053901e-03 9.999489e-01 4.499613e-03 -2.794830e+00 1.153464e-02 -4.395060e-03 9.999238e-01 1.466940e+02
9.999110e-01 7.891193e-03 -1.075911e-02 -6.184009e-01 -7.925180e-03 9.999637e-01 -3.119781e-03 -2.844547e+00 1.073410e-02 3.204771e-03 9.999373e-01 1.492270e+02
9.999151e-01 7.470657e-03 -1.068148e-02 -6.492857e-01 -7.512242e-03 9.999643e-01 -3.858175e-03 -2.908757e+00 1.065227e-02 3.938089e-03 9.999355e-01 1.517562e+02
9.999008e-01 8.932264e-03 -1.088975e-02 -6.841745e-01 -8.957684e-03 9.999572e-01 -2.287657e-03 -2.969914e+00 1.086885e-02 2.384978e-03 9.999381e-01 1.542883e+02
9.998850e-01 9.671333e-03 -1.168366e-02 -7.212308e-01 -9.694938e-03 9.999510e-01 -1.965176e-03 -3.024885e+00 1.166408e-02 2.078223e-03 9.999298e-01 1.568169e+02
9.998709e-01 9.437093e-03 -1.300483e-02 -7.581397e-01 -9.446748e-03 9.999551e-01 -6.809684e-04 -3.079341e+00 1.299782e-02 8.037345e-04 9.999152e-01 1.593422e+02
9.998535e-01 1.030765e-02 -1.366465e-02 -7.785169e-01 -1.031359e-02 9.999467e-01 -3.643023e-04 -3.107330e+00 1.366017e-02 5.051812e-04 9.999066e-01 1.606037e+02
9.998251e-01 1.103635e-02 -1.510106e-02 -8.210143e-01 -1.107364e-02 9.999358e-01 -2.387686e-03 -3.162340e+00 1.507374e-02 2.554492e-03 9.998831e-01 1.631262e+02
9.998060e-01 1.187481e-02 -1.571594e-02 -8.448485e-01 -1.191344e-02 9.999262e-01 -2.366601e-03 -3.191224e+00 1.568668e-02 2.553373e-03 9.998737e-01 1.643903e+02
9.997825e-01 1.181146e-02 -1.718910e-02 -8.915914e-01 -1.188598e-02 9.999203e-01 -4.239466e-03 -3.252329e+00 1.713766e-02 4.442854e-03 9.998433e-01 1.669143e+02
9.997696e-01 1.198696e-02 -1.780678e-02 -9.159259e-01 -1.206133e-02 9.999189e-01 -4.074819e-03 -3.282708e+00 1.775650e-02 4.288653e-03 9.998332e-01 1.681765e+02
9.997523e-01 1.233623e-02 -1.852434e-02 -9.418036e-01 -1.238731e-02 9.999198e-01 -2.645128e-03 -3.313952e+00 1.849023e-02 2.873939e-03 9.998249e-01 1.694414e+02
9.997374e-01 1.240974e-02 -1.926473e-02 -9.682551e-01 -1.245386e-02 9.999201e-01 -2.172174e-03 -3.344600e+00 1.923624e-02 2.411524e-03 9.998121e-01 1.707047e+02
9.997203e-01 1.277294e-02 -1.990499e-02 -9.957698e-01 -1.281257e-02 9.999162e-01 -1.864756e-03 -3.373848e+00 1.987950e-02 2.119268e-03 9.998001e-01 1.719707e+02
9.997000e-01 1.321051e-02 -2.062505e-02 -1.024319e+00 -1.324422e-02 9.999111e-01 -1.498835e-03 -3.402447e+00 2.060342e-02 1.771549e-03 9.997862e-01 1.732343e+02
9.996846e-01 1.341994e-02 -2.122912e-02 -1.053647e+00 -1.347116e-02 9.999067e-01 -2.271637e-03 -3.431925e+00 2.119666e-02 2.556902e-03 9.997721e-01 1.744983e+02
9.996607e-01 1.445123e-02 -2.167176e-02 -1.083166e+00 -1.451821e-02 9.998903e-01 -2.936385e-03 -3.461238e+00 2.162695e-02 3.250024e-03 9.997608e-01 1.757590e+02
9.996489e-01 1.465281e-02 -2.207794e-02 -1.111965e+00 -1.470976e-02 9.998889e-01 -2.418874e-03 -3.491932e+00 2.204005e-02 2.742786e-03 9.997533e-01 1.770264e+02
9.996424e-01 1.457372e-02 -2.241892e-02 -1.140940e+00 -1.465169e-02 9.998871e-01 -3.317459e-03 -3.523533e+00 2.236804e-02 3.644748e-03 9.997432e-01 1.782891e+02
9.996589e-01 1.325812e-02 -2.250071e-02 -1.167498e+00 -1.337849e-02 9.998969e-01 -5.207424e-03 -3.555449e+00 2.242935e-02 5.506673e-03 9.997333e-01 1.795492e+02
9.996814e-01 1.024882e-02 -2.306885e-02 -1.220912e+00 -1.028926e-02 9.999457e-01 -1.634951e-03 -3.617217e+00 2.305085e-02 1.871792e-03 9.997326e-01 1.820722e+02
9.996814e-01 1.002918e-02 -2.316311e-02 -1.249819e+00 -9.950237e-03 9.999443e-01 3.520889e-03 -3.644685e+00 2.319713e-02 -3.289288e-03 9.997255e-01 1.833367e+02
9.996511e-01 1.188341e-02 -2.358974e-02 -1.371475e+00 -1.194447e-02 9.999256e-01 -2.448977e-03 -3.752664e+00 2.355889e-02 2.729890e-03 9.997187e-01 1.883388e+02
9.996551e-01 1.202913e-02 -2.334368e-02 -1.429913e+00 -1.200463e-02 9.999272e-01 1.189625e-03 -3.811043e+00 2.335630e-02 -9.089811e-04 9.997268e-01 1.908308e+02
9.997053e-01 1.146956e-02 -2.139564e-02 -1.482347e+00 -1.143659e-02 9.999332e-01 1.663004e-03 -3.868861e+00 2.141328e-02 -1.417820e-03 9.997697e-01 1.933035e+02
9.997487e-01 1.007974e-02 -2.002253e-02 -1.504387e+00 -1.008263e-02 9.999491e-01 -4.303345e-05 -3.897568e+00 2.002108e-02 2.449032e-04 9.997995e-01 1.945344e+02
9.998066e-01 9.130046e-03 -1.742092e-02 -1.543340e+00 -9.171383e-03 9.999553e-01 -2.294297e-03 -3.962116e+00 1.739919e-02 2.453627e-03 9.998456e-01 1.969816e+02
9.998506e-01 8.954749e-03 -1.478447e-02 -1.577337e+00 -8.947165e-03 9.999598e-01 5.791481e-04 -4.025379e+00 1.478906e-02 -4.467817e-04 9.998905e-01 1.994115e+02
9.998606e-01 9.654808e-03 -1.362211e-02 -1.593225e+00 -9.642126e-03 9.999530e-01 9.965228e-04 -4.055718e+00 1.363109e-02 -8.650369e-04 9.999067e-01 2.006192e+02
9.998851e-01 9.829830e-03 -1.154091e-02 -1.619569e+00 -9.817733e-03 9.999512e-01 1.104585e-03 -4.112611e+00 1.155120e-02 -9.911520e-04 9.999328e-01 2.030155e+02
9.999026e-01 1.007774e-02 -9.652882e-03 -1.639698e+00 -1.006681e-02 9.999486e-01 1.180268e-03 -4.168995e+00 9.664281e-03 -1.082978e-03 9.999527e-01 2.053821e+02
9.999265e-01 8.942437e-03 -8.192095e-03 -1.655974e+00 -8.930852e-03 9.999590e-01 1.449907e-03 -4.223531e+00 8.204726e-03 -1.376637e-03 9.999654e-01 2.077094e+02
9.999313e-01 8.300880e-03 -8.282961e-03 -1.670517e+00 -8.272806e-03 9.999599e-01 3.418130e-03 -4.277047e+00 8.311003e-03 -3.349370e-03 9.999599e-01 2.099818e+02
9.999233e-01 8.543601e-03 -8.972630e-03 -1.680916e+00 -8.513509e-03 9.999580e-01 3.386803e-03 -4.301812e+00 9.001190e-03 -3.310153e-03 9.999540e-01 2.110937e+02
9.999105e-01 9.129603e-03 -9.785277e-03 -1.705386e+00 -9.115221e-03 9.999573e-01 1.513563e-03 -4.351615e+00 9.798678e-03 -1.424232e-03 9.999510e-01 2.132749e+02
9.999054e-01 9.064680e-03 -1.034486e-02 -1.717659e+00 -9.051482e-03 9.999581e-01 1.322076e-03 -4.376802e+00 1.035641e-02 -1.228314e-03 9.999456e-01 2.143453e+02
9.998981e-01 8.510470e-03 -1.146091e-02 -1.730641e+00 -8.494998e-03 9.999629e-01 1.398205e-03 -4.402081e+00 1.147238e-02 -1.300701e-03 9.999334e-01 2.154046e+02
9.998818e-01 8.129220e-03 -1.304707e-02 -1.744177e+00 -8.101782e-03 9.999648e-01 2.154590e-03 -4.426871e+00 1.306412e-02 -2.048630e-03 9.999126e-01 2.164482e+02
9.998623e-01 7.075987e-03 -1.501205e-02 -1.758097e+00 -7.022485e-03 9.999688e-01 3.613773e-03 -4.450451e+00 1.503715e-02 -3.507852e-03 9.998808e-01 2.174854e+02
9.997825e-01 7.515842e-03 -1.945529e-02 -1.796549e+00 -7.402042e-03 9.999551e-01 5.914789e-03 -4.494237e+00 1.949887e-02 -5.769491e-03 9.997932e-01 2.195114e+02
9.996589e-01 7.966565e-03 -2.487172e-02 -1.844527e+00 -7.835822e-03 9.999550e-01 5.349820e-03 -4.532452e+00 2.491322e-02 -5.153103e-03 9.996763e-01 2.214612e+02
9.994888e-01 8.894846e-03 -3.070881e-02 -1.900504e+00 -8.713670e-03 9.999438e-01 6.028646e-03 -4.574348e+00 3.076072e-02 -5.757976e-03 9.995102e-01 2.233228e+02
9.993905e-01 8.840090e-03 -3.377245e-02 -1.931080e+00 -8.663861e-03 9.999481e-01 5.360979e-03 -4.594192e+00 3.381809e-02 -5.065110e-03 9.994152e-01 2.242192e+02
9.992779e-01 8.632605e-03 -3.700289e-02 -1.963226e+00 -8.456524e-03 9.999522e-01 4.912510e-03 -4.613875e+00 3.704353e-02 -4.596045e-03 9.993031e-01 2.250932e+02
9.991469e-01 9.829968e-03 -4.011115e-02 -1.999321e+00 -9.647864e-03 9.999422e-01 4.731100e-03 -4.634336e+00 4.015535e-02 -4.340075e-03 9.991840e-01 2.259462e+02
9.988931e-01 1.204947e-02 -4.546860e-02 -2.076063e+00 -1.187886e-02 9.999213e-01 4.020761e-03 -4.674144e+00 4.551348e-02 -3.476194e-03 9.989577e-01 2.275885e+02
9.988454e-01 1.285424e-02 -4.628840e-02 -2.113952e+00 -1.267270e-02 9.999108e-01 4.213335e-03 -4.692285e+00 4.633843e-02 -3.621870e-03 9.989192e-01 2.283820e+02
9.988768e-01 1.301272e-02 -4.556029e-02 -2.182836e+00 -1.274276e-02 9.998995e-01 6.210896e-03 -4.728951e+00 4.563653e-02 -5.623355e-03 9.989423e-01 2.299166e+02
9.988935e-01 1.280984e-02 -4.525061e-02 -2.215172e+00 -1.256706e-02 9.999051e-01 5.645617e-03 -4.746558e+00 4.531864e-02 -5.070702e-03 9.989597e-01 2.306577e+02
9.989018e-01 1.327722e-02 -4.493224e-02 -2.247910e+00 -1.312331e-02 9.999069e-01 3.718701e-03 -4.762455e+00 4.497743e-02 -3.124956e-03 9.989831e-01 2.313882e+02
9.991906e-01 1.328640e-02 -3.796862e-02 -2.389577e+00 -1.331778e-02 9.999111e-01 -5.736147e-04 -4.847959e+00 3.795763e-02 1.078809e-03 9.992788e-01 2.349915e+02
9.993419e-01 1.311040e-02 -3.382173e-02 -2.437161e+00 -1.314953e-02 9.999131e-01 -9.347198e-04 -4.881579e+00 3.380654e-02 1.378845e-03 9.994275e-01 2.364085e+02
9.995398e-01 1.231020e-02 -2.772615e-02 -2.475218e+00 -1.231979e-02 9.999241e-01 -1.750582e-04 -4.912132e+00 2.772190e-02 5.165588e-04 9.996156e-01 2.378114e+02
9.997013e-01 1.098992e-02 -2.182982e-02 -2.501543e+00 -1.098202e-02 9.999396e-01 4.818198e-04 -4.947554e+00 2.183380e-02 -2.419396e-04 9.997616e-01 2.391999e+02
9.998182e-01 1.038177e-02 -1.599609e-02 -2.520293e+00 -1.038785e-02 9.999460e-01 -2.970442e-04 -4.981740e+00 1.599214e-02 4.631559e-04 9.998720e-01 2.405753e+02
9.999093e-01 1.129863e-02 -7.336242e-03 -2.538348e+00 -1.130652e-02 9.999355e-01 -1.034001e-03 -5.032044e+00 7.324087e-03 1.116855e-03 9.999726e-01 2.426535e+02
9.999189e-01 1.181599e-02 -4.762593e-03 -2.543393e+00 -1.181795e-02 9.999301e-01 -3.816016e-04 -5.048170e+00 4.757752e-03 4.378554e-04 9.999886e-01 2.433559e+02
9.999351e-01 1.139254e-02 -1.714107e-04 -2.546852e+00 -1.139283e-02 9.999335e-01 -1.782130e-03 -5.080295e+00 1.510966e-04 1.783967e-03 9.999984e-01 2.447634e+02
9.999381e-01 1.084619e-02 2.490505e-03 -2.545576e+00 -1.083126e-02 9.999237e-01 -5.935101e-03 -5.109038e+00 -2.554688e-03 5.907758e-03 9.999793e-01 2.461863e+02
9.999384e-01 1.077194e-02 2.672936e-03 -2.543734e+00 -1.075364e-02 9.999193e-01 -6.767155e-03 -5.126143e+00 -2.745615e-03 6.737994e-03 9.999735e-01 2.469081e+02
9.999458e-01 1.001294e-02 2.848720e-03 -2.542056e+00 -9.992817e-03 9.999256e-01 -6.991832e-03 -5.145191e+00 -2.918517e-03 6.962986e-03 9.999715e-01 2.476359e+02
9.999358e-01 1.092501e-02 3.021948e-03 -2.541896e+00 -1.090312e-02 9.999148e-01 -7.169908e-03 -5.164585e+00 -3.100022e-03 7.136498e-03 9.999697e-01 2.483695e+02
9.999253e-01 1.176096e-02 3.320979e-03 -2.542204e+00 -1.173454e-02 9.999002e-01 -7.865426e-03 -5.185382e+00 -3.413152e-03 7.825868e-03 9.999636e-01 2.491114e+02
9.999323e-01 1.108684e-02 3.527473e-03 -2.540944e+00 -1.105160e-02 9.998903e-01 -9.858624e-03 -5.205979e+00 -3.636387e-03 9.818971e-03 9.999452e-01 2.498573e+02
9.999656e-01 7.322526e-03 3.910257e-03 -2.535403e+00 -7.276476e-03 9.999055e-01 -1.166438e-02 -5.227370e+00 -3.995300e-03 1.163553e-02 9.999243e-01 2.506100e+02
9.999829e-01 4.023655e-03 4.247560e-03 -2.529259e+00 -3.969773e-03 9.999125e-01 -1.261880e-02 -5.246305e+00 -4.297962e-03 1.260172e-02 9.999114e-01 2.513708e+02
9.999320e-01 9.753806e-03 6.386489e-03 -2.531730e+00 -9.761918e-03 9.999516e-01 1.239967e-03 -5.300222e+00 -6.374086e-03 -1.302226e-03 9.999788e-01 2.537160e+02
9.999315e-01 8.282980e-03 8.265151e-03 -2.522827e+00 -8.277616e-03 9.999655e-01 -6.832156e-04 -5.316153e+00 -8.270525e-03 6.147536e-04 9.999656e-01 2.545107e+02
9.998814e-01 9.412307e-03 1.219179e-02 -2.516895e+00 -9.326539e-03 9.999315e-01 -7.072959e-03 -5.328791e+00 -1.225752e-02 6.958412e-03 9.999007e-01 2.553056e+02
9.997287e-01 1.301807e-02 1.931264e-02 -2.495854e+00 -1.279623e-02 9.998512e-01 -1.156648e-02 -5.364407e+00 -1.946034e-02 1.131621e-02 9.997466e-01 2.569296e+02
9.996371e-01 8.632262e-03 2.551858e-02 -2.451908e+00 -8.485886e-03 9.999469e-01 -5.838899e-03 -5.406872e+00 -2.556763e-02 5.620232e-03 9.996573e-01 2.585928e+02
9.995828e-01 6.150285e-03 2.821921e-02 -2.426274e+00 -6.038441e-03 9.999736e-01 -4.046954e-03 -5.425049e+00 -2.824336e-02 3.874865e-03 9.995936e-01 2.594295e+02
9.994894e-01 5.930202e-03 3.139750e-02 -2.401831e+00 -5.823188e-03 9.999769e-01 -3.498755e-03 -5.445288e+00 -3.141752e-02 3.314135e-03 9.995009e-01 2.602685e+02
9.993904e-01 8.171329e-03 3.394327e-02 -2.377452e+00 -7.988728e-03 9.999529e-01 -5.511768e-03 -5.467449e+00 -3.398671e-02 5.237244e-03 9.994086e-01 2.611028e+02
9.992037e-01 8.956979e-03 3.888208e-02 -2.315586e+00 -8.641401e-03 9.999284e-01 -8.276839e-03 -5.509575e+00 -3.895343e-02 7.934251e-03 9.992095e-01 2.627787e+02
9.990772e-01 9.860672e-03 4.180323e-02 -2.282743e+00 -9.602689e-03 9.999336e-01 -6.367741e-03 -5.533299e+00 -4.186324e-02 5.960441e-03 9.991056e-01 2.636212e+02
9.989173e-01 1.138173e-02 4.510767e-02 -2.249292e+00 -1.119240e-02 9.999274e-01 -4.447533e-03 -5.557575e+00 -4.515502e-02 3.937854e-03 9.989722e-01 2.644631e+02
9.986533e-01 1.179716e-02 5.052105e-02 -2.169031e+00 -1.154917e-02 9.999198e-01 -5.197782e-03 -5.601556e+00 -5.057832e-02 4.607306e-03 9.987095e-01 2.661456e+02
9.984643e-01 7.188352e-03 5.493063e-02 -2.070929e+00 -6.923578e-03 9.999635e-01 -5.008957e-03 -5.642388e+00 -5.496464e-02 4.620948e-03 9.984776e-01 2.678345e+02
9.983947e-01 4.968563e-03 5.642066e-02 -1.972336e+00 -4.699585e-03 9.999769e-01 -4.899074e-03 -5.683949e+00 -5.644370e-02 4.626055e-03 9.983951e-01 2.695293e+02
9.983677e-01 4.824387e-03 5.690876e-02 -1.875688e+00 -4.582192e-03 9.999799e-01 -4.385600e-03 -5.726987e+00 -5.692878e-02 4.117674e-03 9.983698e-01 2.712341e+02
9.983956e-01 5.374549e-03 5.636852e-02 -1.829452e+00 -5.169485e-03 9.999795e-01 -3.783122e-03 -5.750154e+00 -5.638770e-02 3.485656e-03 9.984029e-01 2.720891e+02
9.984601e-01 5.007634e-03 5.524747e-02 -1.783337e+00 -4.765767e-03 9.999785e-01 -4.508777e-03 -5.773108e+00 -5.526886e-02 4.238538e-03 9.984625e-01 2.729432e+02
9.986284e-01 5.918529e-03 5.202125e-02 -1.700845e+00 -5.597716e-03 9.999644e-01 -6.310512e-03 -5.814912e+00 -5.205675e-02 6.010657e-03 9.986260e-01 2.746511e+02
9.988683e-01 8.613455e-03 4.677598e-02 -1.585579e+00 -8.338551e-03 9.999468e-01 -6.069013e-03 -5.879709e+00 -4.682577e-02 5.672100e-03 9.988870e-01 2.772037e+02
9.997660e-01 4.426975e-03 2.117290e-02 -1.431895e+00 -4.481629e-03 9.999867e-01 2.534527e-03 -5.994410e+00 -2.116140e-02 -2.628822e-03 9.997726e-01 2.822031e+02
9.998582e-01 3.417936e-03 1.649028e-02 -1.419054e+00 -3.464110e-03 9.999901e-01 2.772280e-03 -6.010847e+00 -1.648064e-02 -2.829010e-03 9.998602e-01 2.830036e+02
9.999905e-01 2.663619e-03 -3.440635e-03 -1.423417e+00 -2.657059e-03 9.999946e-01 1.909798e-03 -6.085125e+00 3.445704e-03 -1.900636e-03 9.999923e-01 2.867440e+02
9.999577e-01 3.814336e-03 -8.374917e-03 -1.435822e+00 -3.810160e-03 9.999926e-01 5.145885e-04 -6.101380e+00 8.376818e-03 -4.826561e-04 9.999648e-01 2.874331e+02
9.965471e-01 1.023420e-02 -8.239691e-02 -1.665044e+00 -1.047295e-02 9.999421e-01 -2.465836e-03 -6.196964e+00 8.236691e-02 3.320260e-03 9.965966e-01 2.912300e+02
9.914480e-01 1.338096e-02 -1.298146e-01 -1.834488e+00 -1.378449e-02 9.999025e-01 -2.210401e-03 -6.224247e+00 1.297724e-01 3.980927e-03 9.915358e-01 2.923790e+02
4.030798e-01 3.874929e-02 -9.143441e-01 -7.620091e+00 -1.025936e-03 9.991217e-01 4.188984e-02 -6.315633e+00 9.151643e-01 -1.594688e-02 4.027656e-01 3.000619e+02
3.453982e-01 4.091513e-02 -9.375639e-01 -8.027228e+00 7.942996e-04 9.990360e-01 4.389040e-02 -6.304576e+00 9.384559e-01 -1.590437e-02 3.450328e-01 3.001811e+02
1.658405e-01 5.158130e-02 -9.848027e-01 -9.270289e+00 8.732677e-03 9.985151e-01 5.377012e-02 -6.271213e+00 9.861140e-01 -1.751722e-02 1.651438e-01 3.003291e+02
-9.567329e-02 7.433318e-02 -9.926335e-01 -1.103111e+01 1.756901e-02 9.971786e-01 7.298020e-02 -6.199526e+00 9.952578e-01 -1.045732e-02 -9.670932e-02 3.000970e+02
-2.916010e-01 9.114715e-02 -9.521875e-01 -1.240289e+01 3.022664e-02 9.958306e-01 8.606815e-02 -6.123531e+00 9.560624e-01 -3.683863e-03 -2.931403e-01 2.996328e+02
-5.195944e-01 9.466394e-02 -8.491528e-01 -1.421251e+01 4.594067e-02 9.955010e-01 8.286797e-02 -5.989762e+00 8.531771e-01 4.047087e-03 -5.216057e-01 2.985219e+02
-5.661043e-01 9.480093e-02 -8.188643e-01 -1.466311e+01 4.852789e-02 9.954749e-01 8.169868e-02 -5.950116e+00 8.229040e-01 6.512222e-03 -5.681432e-01 2.981811e+02
-6.444110e-01 9.890993e-02 -7.582554e-01 -1.556917e+01 5.533819e-02 9.950313e-01 8.276627e-02 -5.871992e+00 7.626744e-01 1.137501e-02 -6.466826e-01 2.973601e+02
-6.809154e-01 1.056329e-01 -7.247040e-01 -1.602426e+01 6.436168e-02 9.943458e-01 8.446317e-02 -5.830931e+00 7.295285e-01 1.086911e-02 -6.838641e-01 2.969179e+02
-7.164120e-01 1.114214e-01 -6.887228e-01 -1.647064e+01 7.174229e-02 9.936971e-01 8.613348e-02 -5.783464e+00 6.939791e-01 1.229651e-02 -7.198902e-01 2.964013e+02
-8.072322e-01 1.073610e-01 -5.803876e-01 -1.772918e+01 7.840312e-02 9.941082e-01 7.484467e-02 -5.645499e+00 5.850036e-01 1.491282e-02 -8.108936e-01 2.946844e+02
-8.323704e-01 1.024434e-01 -5.446696e-01 -1.812343e+01 7.772816e-02 9.946330e-01 6.828905e-02 -5.596317e+00 5.487422e-01 1.450562e-02 -8.358658e-01 2.940467e+02
-8.757636e-01 9.783343e-02 -4.727227e-01 -1.887203e+01 7.850299e-02 9.950761e-01 6.050415e-02 -5.509383e+00 4.763144e-01 1.587719e-02 -8.791317e-01 2.926362e+02
-8.954302e-01 9.445256e-02 -4.350672e-01 -1.921381e+01 7.670849e-02 9.953527e-01 5.821294e-02 -5.472940e+00 4.385437e-01 1.875228e-02 -8.985142e-01 2.918625e+02
-9.288132e-01 9.558846e-02 -3.580067e-01 -1.984548e+01 8.161866e-02 9.952013e-01 5.396910e-02 -5.397191e+00 3.614476e-01 2.090719e-02 -9.321580e-01 2.902408e+02
-9.546984e-01 9.969512e-02 -2.803781e-01 -2.038184e+01 8.826347e-02 9.946786e-01 5.314125e-02 -5.330467e+00 2.841840e-01 2.598672e-02 -9.584175e-01 2.885047e+02
-9.646218e-01 1.026359e-01 -2.428389e-01 -2.061251e+01 9.255909e-02 9.943180e-01 5.257907e-02 -5.296130e+00 2.468556e-01 2.824196e-02 -9.686407e-01 2.875677e+02
-9.731786e-01 1.019882e-01 -2.062084e-01 -2.081155e+01 9.328698e-02 9.943057e-01 5.151404e-02 -5.265003e+00 2.102880e-01 3.089581e-02 -9.771512e-01 2.866208e+02
-9.893987e-01 9.801091e-02 -1.071642e-01 -2.122691e+01 9.424259e-02 9.947576e-01 3.969274e-02 -5.169612e+00 1.104928e-01 2.917251e-02 -9.934487e-01 2.835931e+02
-9.924318e-01 9.622513e-02 -7.628790e-02 -2.130702e+01 9.351779e-02 9.948803e-01 3.830874e-02 -5.143301e+00 7.958360e-02 3.088454e-02 -9.963496e-01 2.825205e+02
-9.943661e-01 9.483394e-02 -4.735592e-02 -2.135871e+01 9.316416e-02 9.949885e-01 3.630859e-02 -5.118237e+00 5.056189e-02 3.169215e-02 -9.982180e-01 2.814312e+02
-9.957527e-01 9.196279e-02 4.401056e-03 -2.137724e+01 9.206004e-02 9.951590e-01 3.440270e-02 -5.068634e+00 -1.215982e-03 3.466174e-02 -9.993984e-01 2.791733e+02
-9.955379e-01 9.014441e-02 2.789736e-02 -2.134556e+01 9.107603e-02 9.952583e-01 3.414826e-02 -5.044246e+00 -2.468681e-02 3.653666e-02 -9.990274e-01 2.780075e+02
-9.949989e-01 8.744165e-02 4.828300e-02 -2.128976e+01 8.906838e-02 9.954908e-01 3.263150e-02 -5.021530e+00 -4.521193e-02 3.676879e-02 -9.983005e-01 2.768295e+02
-9.944714e-01 8.274355e-02 6.465401e-02 -2.120924e+01 8.478673e-02 9.959617e-01 2.951923e-02 -5.001358e+00 -6.195040e-02 3.483783e-02 -9.974710e-01 2.756388e+02
-9.939989e-01 7.766700e-02 7.703248e-02 -2.111193e+01 8.002149e-02 9.964009e-01 2.795927e-02 -4.983245e+00 -7.458373e-02 3.395574e-02 -9.966365e-01 2.744313e+02
-9.937177e-01 7.283445e-02 8.497212e-02 -2.100190e+01 7.555378e-02 9.967131e-01 2.923372e-02 -4.965436e+00 -8.256361e-02 3.547002e-02 -9.959544e-01 2.732075e+02
-9.937315e-01 6.743772e-02 8.916219e-02 -2.077685e+01 7.031330e-02 9.970883e-01 2.950970e-02 -4.927465e+00 -8.691252e-02 3.559400e-02 -9.955799e-01 2.707050e+02
-9.940577e-01 6.528026e-02 8.710749e-02 -2.066591e+01 6.797206e-02 9.972858e-01 2.829890e-02 -4.906062e+00 -8.502371e-02 3.405161e-02 -9.957969e-01 2.694279e+02
-9.943053e-01 6.465090e-02 8.471917e-02 -2.055522e+01 6.734172e-02 9.972998e-01 2.929534e-02 -4.883412e+00 -8.259645e-02 3.483364e-02 -9.959741e-01 2.681360e+02
-9.945887e-01 6.358020e-02 8.216374e-02 -2.044759e+01 6.626821e-02 9.973383e-01 3.041031e-02 -4.861751e+00 -8.001156e-02 3.569059e-02 -9.961548e-01 2.668306e+02
-9.949224e-01 6.316236e-02 7.835820e-02 -2.034586e+01 6.577420e-02 9.973463e-01 3.120866e-02 -4.838516e+00 -7.617905e-02 3.620413e-02 -9.964367e-01 2.655097e+02
-9.954163e-01 6.153648e-02 7.321024e-02 -2.024967e+01 6.409009e-02 9.973965e-01 3.305593e-02 -4.817703e+00 -7.098549e-02 3.759645e-02 -9.967686e-01 2.641794e+02
-9.958434e-01 6.098343e-02 6.765249e-02 -2.015628e+01 6.348814e-02 9.973506e-01 3.551046e-02 -4.799526e+00 -6.530771e-02 3.965798e-02 -9.970768e-01 2.628481e+02
-9.962213e-01 6.036625e-02 6.244236e-02 -2.007085e+01 6.277692e-02 9.973269e-01 3.739114e-02 -4.780284e+00 -6.001828e-02 4.116978e-02 -9.973479e-01 2.615173e+02
-9.965353e-01 6.012226e-02 5.746893e-02 -1.999327e+01 6.235652e-02 9.973338e-01 3.790726e-02 -4.760491e+00 -5.503663e-02 4.135948e-02 -9.976274e-01 2.601902e+02
-9.972498e-01 5.752394e-02 4.673083e-02 -1.985530e+01 5.926837e-02 9.975620e-01 3.684197e-02 -4.717988e+00 -4.449761e-02 3.951030e-02 -9.982279e-01 2.575113e+02
-9.977634e-01 5.628839e-02 3.605180e-02 -1.974591e+01 5.768839e-02 9.975707e-01 3.904651e-02 -4.673674e+00 -3.376635e-02 4.103895e-02 -9.985868e-01 2.548239e+02
-9.979769e-01 5.761641e-02 2.687747e-02 -1.966817e+01 5.872767e-02 9.973659e-01 4.257070e-02 -4.618642e+00 -2.435391e-02 4.406302e-02 -9.987319e-01 2.521232e+02
-9.980481e-01 5.913679e-02 2.007311e-02 -1.961368e+01 5.992960e-02 9.973393e-01 4.150632e-02 -4.556415e+00 -1.756515e-02 4.262827e-02 -9.989366e-01 2.494162e+02
-9.981369e-01 5.919834e-02 1.477775e-02 -1.956928e+01 5.969545e-02 9.975733e-01 3.583310e-02 -4.501374e+00 -1.262063e-02 3.664849e-02 -9.992485e-01 2.467060e+02
-9.982308e-01 5.812437e-02 1.252122e-02 -1.955134e+01 5.856403e-02 9.975526e-01 3.819790e-02 -4.473848e+00 -1.027035e-02 3.886361e-02 -9.991918e-01 2.453382e+02
-9.981876e-01 5.921292e-02 1.073651e-02 -1.953800e+01 5.960278e-02 9.973957e-01 4.061157e-02 -4.445003e+00 -8.303821e-03 4.117788e-02 -9.991173e-01 2.439698e+02
-9.981870e-01 5.937727e-02 9.849455e-03 -1.952666e+01 5.972852e-02 9.973989e-01 4.034601e-02 -4.411335e+00 -7.428201e-03 4.086115e-02 -9.991372e-01 2.425957e+02
-9.981139e-01 6.061611e-02 9.718180e-03 -1.951383e+01 6.096378e-02 9.973087e-01 4.072748e-02 -4.378260e+00 -7.223285e-03 4.124311e-02 -9.991230e-01 2.412224e+02
-9.980956e-01 6.087736e-02 9.953914e-03 -1.950318e+01 6.123455e-02 9.972920e-01 4.072925e-02 -4.346093e+00 -7.447471e-03 4.126120e-02 -9.991206e-01 2.398385e+02
-9.979809e-01 6.267143e-02 1.031297e-02 -1.949325e+01 6.303017e-02 9.972411e-01 3.920854e-02 -4.316996e+00 -7.827265e-03 3.977940e-02 -9.991778e-01 2.384577e+02
-9.977711e-01 6.561590e-02 1.214200e-02 -1.946668e+01 6.603224e-02 9.970998e-01 3.783881e-02 -4.255713e+00 -9.623957e-03 3.855623e-02 -9.992101e-01 2.356839e+02
-9.977320e-01 6.601196e-02 1.316213e-02 -1.945014e+01 6.650327e-02 9.969333e-01 4.124696e-02 -4.223798e+00 -1.039897e-02 4.202873e-02 -9.990623e-01 2.342911e+02
-9.977923e-01 6.485151e-02 1.431108e-02 -1.943040e+01 6.540146e-02 9.969723e-01 4.205776e-02 -4.186692e+00 -1.154024e-02 4.290086e-02 -9.990127e-01 2.328928e+02
-9.978634e-01 6.355648e-02 1.513812e-02 -1.940660e+01 6.415142e-02 9.970246e-01 4.273659e-02 -4.152924e+00 -1.237689e-02 4.361641e-02 -9.989717e-01 2.314922e+02
-9.979663e-01 6.174237e-02 1.585104e-02 -1.938129e+01 6.236575e-02 9.971515e-01 4.241971e-02 -4.121142e+00 -1.318680e-02 4.332199e-02 -9.989741e-01 2.300914e+02
-9.980544e-01 6.016142e-02 1.637221e-02 -1.935555e+01 6.080140e-02 9.972703e-01 4.189278e-02 -4.091351e+00 -1.380719e-02 4.280672e-02 -9.989880e-01 2.286877e+02
-9.980329e-01 6.046357e-02 1.656546e-02 -1.933238e+01 6.109387e-02 9.973047e-01 4.063085e-02 -4.061083e+00 -1.406413e-02 4.156297e-02 -9.990369e-01 2.272832e+02
-9.980343e-01 6.040561e-02 1.669300e-02 -1.930936e+01 6.101503e-02 9.973827e-01 3.879221e-02 -4.031202e+00 -1.430604e-02 3.973447e-02 -9.991079e-01 2.258709e+02
-9.979659e-01 6.149586e-02 1.680165e-02 -1.928821e+01 6.211767e-02 9.972907e-01 3.940344e-02 -4.003413e+00 -1.433298e-02 4.036697e-02 -9.990821e-01 2.244541e+02
-9.979743e-01 6.125772e-02 1.717213e-02 -1.926526e+01 6.190904e-02 9.972645e-01 4.038287e-02 -3.975161e+00 -1.465140e-02 4.136416e-02 -9.990367e-01 2.230339e+02
-9.979633e-01 6.139365e-02 1.732551e-02 -1.924098e+01 6.206277e-02 9.972230e-01 4.116377e-02 -3.945563e+00 -1.475020e-02 4.215519e-02 -9.990022e-01 2.216106e+02
-9.980303e-01 6.028357e-02 1.736234e-02 -1.921490e+01 6.096642e-02 9.972587e-01 4.192965e-02 -3.915755e+00 -1.478708e-02 4.290557e-02 -9.989697e-01 2.201863e+02
-9.979836e-01 6.110581e-02 1.716889e-02 -1.919066e+01 6.178213e-02 9.972016e-01 4.209496e-02 -3.884537e+00 -1.454860e-02 4.307080e-02 -9.989661e-01 2.187565e+02
-9.980152e-01 6.056504e-02 1.725168e-02 -1.916474e+01 6.122045e-02 9.973062e-01 4.040353e-02 -3.851913e+00 -1.475817e-02 4.137948e-02 -9.990345e-01 2.173282e+02
-9.979114e-01 6.221097e-02 1.739951e-02 -1.914051e+01 6.288757e-02 9.971574e-01 4.149915e-02 -3.816692e+00 -1.476835e-02 4.250668e-02 -9.989870e-01 2.158915e+02
-9.978891e-01 6.255050e-02 1.745961e-02 -1.911492e+01 6.325307e-02 9.970663e-01 4.310101e-02 -3.783819e+00 -1.471241e-02 4.411439e-02 -9.989182e-01 2.144523e+02
-9.978702e-01 6.285014e-02 1.745980e-02 -1.908395e+01 6.354393e-02 9.970727e-01 4.252177e-02 -3.744539e+00 -1.473619e-02 4.354066e-02 -9.989430e-01 2.130109e+02
-9.978354e-01 6.341608e-02 1.740589e-02 -1.905320e+01 6.406733e-02 9.971504e-01 3.982862e-02 -3.706671e+00 -1.483052e-02 4.085755e-02 -9.990549e-01 2.115703e+02
-9.978256e-01 6.360738e-02 1.726781e-02 -1.902208e+01 6.424687e-02 9.971551e-01 3.942191e-02 -3.670204e+00 -1.471116e-02 4.044559e-02 -9.990734e-01 2.101235e+02
-9.978662e-01 6.293656e-02 1.737925e-02 -1.899038e+01 6.359881e-02 9.971484e-01 4.062271e-02 -3.634175e+00 -1.477303e-02 4.164132e-02 -9.990234e-01 2.086722e+02
-9.979070e-01 6.225054e-02 1.750851e-02 -1.892786e+01 6.290267e-02 9.972355e-01 3.955449e-02 -3.559153e+00 -1.499782e-02 4.057303e-02 -9.990640e-01 2.057582e+02
-9.980022e-01 6.077958e-02 1.724760e-02 -1.886476e+01 6.145568e-02 9.972328e-01 4.183091e-02 -3.487637e+00 -1.465741e-02 4.280730e-02 -9.989758e-01 2.028318e+02
-9.979145e-01 6.217060e-02 1.736122e-02 -1.880904e+01 6.283352e-02 9.971945e-01 4.068185e-02 -3.419171e+00 -1.478330e-02 4.168787e-02 -9.990213e-01 1.999091e+02
-9.979418e-01 6.201566e-02 1.631736e-02 -1.875193e+01 6.270247e-02 9.969889e-01 4.562410e-02 -3.350644e+00 -1.343882e-02 4.655333e-02 -9.988254e-01 1.969762e+02
-9.980821e-01 6.026172e-02 1.416547e-02 -1.869718e+01 6.085354e-02 9.970899e-01 4.591840e-02 -3.276436e+00 -1.135713e-02 4.669235e-02 -9.988448e-01 1.940556e+02
