9.999999999997399858e-01 4.000009599989240796e-07 -5.999993599983861711e-07 5.370999999999999906e-04 -3.999990399989241029e-07 9.999999999947999374e-01 3.200000119991392742e-06 1.559999999999999972e-05 6.000006399983861556e-07 -3.199999879991392718e-06 9.999999999947000173e-01 -2.305699999999999937e-03
9.999993029823719404e-01 -5.120125971440890079e-04 1.063897490647951367e-03 -3.320999999999999950e-04 5.115872099391838550e-04 9.999997891103575842e-01 4.000722022532886757e-04 -1.546800000000000085e-03 -1.064102108290310676e-03 -3.995276470470092867e-04 9.999993540319724872e-01 8.461639999999999440e-02
9.999958203926383460e-01 -4.396489123309041858e-04 2.857604956620022046e-03 2.164000000000000125e-03 4.371500522131842163e-04 9.999995216150786570e-01 8.750253970876566796e-04 1.030499999999999949e-03 -2.857988293548991646e-03 -8.737725376690741756e-04 9.999955342022615046e-01 2.644411999999999874e-01
9.999930643220370508e-01 5.670489549266477346e-05 3.723988772417603961e-03 -6.342999999999999680e-04 -5.609490433813945043e-05 9.999999849943010943e-01 -1.639047261209452264e-04 -5.945800000000000217e-03 -3.723998010736914895e-03 1.636946925366031594e-04 9.999930524972978629e-01 3.371804999999999941e-01
9.999891858731910776e-01 -1.228937632195687152e-05 4.650589816763320283e-03 -6.878999999999999698e-04 1.411055119925990756e-05 9.999999232376034497e-01 -3.915682309394425526e-04 -7.545900000000000350e-03 -4.650584647643554378e-03 3.916296188566549953e-04 9.999891092850344831e-01 4.209905999999999926e-01
9.999961791659738308e-01 -2.545118790150322201e-03 1.078899345442649012e-03 -8.934000000000000318e-04 2.543675324607543985e-03 9.999958708333204216e-01 1.337173194515294157e-03 -1.157649999999999998e-02 -1.082298155110467423e-03 -1.334423715755715927e-03 9.999985239709359153e-01 6.719564000000000092e-01
9.999966310002054160e-01 -2.431599790807977696e-03 -9.084661227791436490e-04 -1.315699999999999942e-03 2.432395943665937449e-03 9.999966577722088079e-01 8.762958320208587022e-04 -1.307460000000000046e-02 9.063322857165927822e-04 -8.785026290923866627e-04 9.999992033971419891e-01 7.560634999999999994e-01
9.999957031258687179e-01 -3.042684285699184940e-04 -2.915673253779355739e-03 -2.940700000000000085e-03 3.057308935133357369e-04 9.999998276862218649e-01 5.011548135574356863e-04 -1.571710000000000121e-02 2.915520265781090282e-03 -5.020440715473524539e-04 9.999956238370896200e-01 9.235583000000000542e-01
9.999939270958463355e-01 -6.703018276417837661e-04 -3.420009778782163654e-03 -3.843699999999999808e-03 6.724959710159917389e-04 9.999995687858000970e-01 6.404509214820266246e-04 -1.719290000000000054e-02 3.419579008602198662e-03 -6.427469748820316842e-04 9.999939466595436643e-01 1.007150900000000071e+00
9.999907705856342366e-01 -1.286879648943717877e-03 -4.099107746621282432e-03 -4.321300000000000141e-03 1.292713846922444306e-03 9.999981548893548400e-01 1.420953481185564891e-03 -1.912159999999999901e-02 4.097271587196909572e-03 -1.426239339961176984e-03 9.999905890591599400e-01 1.090510099999999927e+00
9.999699514429220004e-01 -1.852513074135007237e-03 -7.527576406153793989e-03 -6.867500000000000340e-03 1.875454685564557303e-03 9.999936151609489787e-01 3.041760519558902535e-03 -1.936739999999999989e-02 7.521893442659126350e-03 -3.055786747486178862e-03 9.999670411000510795e-01 1.154148500000000022e+00
9.999869990200787040e-01 -1.651154455454576127e-03 -4.824466787268514613e-03 -6.144600000000000062e-03 1.651634965741195261e-03 9.999986314788072983e-01 9.561617351665628486e-05 -2.148419999999999844e-02 4.824302307812556624e-03 -1.035831884496140145e-04 9.999883576211104907e-01 1.259121699999999899e+00
9.999827002758233663e-01 -1.881418501640075335e-03 -5.573097298122954221e-03 -6.416100000000000102e-03 1.879765430988272886e-03 9.999981876858077268e-01 -3.018394016537075618e-04 -2.331159999999999830e-02 5.573655084154421555e-03 2.913580642707676066e-04 9.999844246184442786e-01 1.340664700000000042e+00
9.999796344449162211e-01 -8.973003787730915231e-04 -6.318666587343083584e-03 -7.428200000000000254e-03 8.986904707801761849e-04 9.999995725979978767e-01 2.171618277067652997e-04 -2.459220000000000156e-02 6.318469027342077556e-03 -2.228359305356833692e-04 9.999800134469181145e-01 1.423745899999999898e+00
9.999756076380287295e-01 -8.154481846652579958e-04 -6.936798484411728707e-03 -8.508899999999999797e-03 8.161418646661471044e-04 9.999996622351795539e-01 9.716986940455430756e-05 -2.622139999999999888e-02 6.936716904411624474e-03 -1.028289108518081748e-04 9.999759354028492364e-01 1.507643300000000020e+00
9.999683499635014794e-01 -9.916378498028271399e-04 -7.894031013818173306e-03 -9.400999999999999635e-03 9.867464791766880627e-04 9.999993187895462876e-01 -6.234996626609087995e-04 -2.762300000000000172e-02 7.894643922186557819e-03 6.156905215644321687e-04 9.999686472697649764e-01 1.590937899999999905e+00
9.999620664207415910e-01 -3.323752039265445300e-04 -8.703748978690976218e-03 -1.045530000000000070e-02 3.340184814063270192e-04 9.999999266661582231e-01 1.873481578555528167e-04 -2.926710000000000075e-02 8.703686070529452479e-03 -1.902482640857621409e-04 9.999621041091425466e-01 1.674218699999999949e+00
9.999537643776612583e-01 -1.902589523132048417e-03 -9.425988545038543540e-03 -1.134340000000000001e-02 1.919364956640947023e-03 9.999965898391932617e-01 1.770973785093619361e-03 -3.059250000000000164e-02 9.422586964732580436e-03 -1.788983815113566120e-03 9.999540061381829714e-01 1.757558900000000035e+00
9.999401787903405836e-01 -2.152830005028385802e-03 -1.072399942703164064e-02 -1.187339999999999923e-02 2.172303665924716406e-03 9.999960122891426995e-01 1.804578232081156201e-03 -3.189870000000000205e-02 1.072007171265824607e-02 -1.827766063297103435e-03 9.999408679185450843e-01 1.840830699999999931e+00
9.999310082104002628e-01 -2.859039759875176522e-03 -1.139318704243412472e-02 -1.331779999999999943e-02 2.870060379240685529e-03 9.999954291026349473e-01 9.510663785851389100e-04 -3.324819999999999859e-02 1.139041582875483655e-02 -9.836998975374206759e-04 9.999346432451270417e-01 1.923817899999999970e+00
9.999171638603964185e-01 -3.023189541857302428e-03 -1.251102483312840387e-02 -1.442459999999999923e-02 3.023885164563896392e-03 9.999954273759281698e-01 3.668441621302049997e-05 -3.470589999999999786e-02 1.251085672097164252e-02 -7.451327980398527546e-05 9.999217333931084140e-01 2.007165200000000205e+00
9.999049118471424746e-01 -2.757926325047089459e-03 -1.351151754407419261e-02 -1.526630000000000001e-02 2.756342718564859257e-03 9.999961920559622408e-01 -1.358248608927928097e-04 -3.595919999999999672e-02 1.351184068793097326e-02 9.856957255828813224e-05 9.999087060553395467e-01 2.090696299999999841e+00
9.998931837117203125e-01 -3.555304398248285494e-03 -1.417677599017275365e-02 -1.659019999999999939e-02 3.562905677594862923e-03 9.999935222916873645e-01 5.109577252600782651e-04 -3.749559999999999699e-02 1.417486754690514168e-02 -5.614136623177751412e-04 9.998993739095586308e-01 2.173597800000000024e+00
9.998857653879203999e-01 -4.039868439545164433e-03 -1.456487684822047046e-02 -1.834679999999999991e-02 4.053499782801893089e-03 9.999913736563378341e-01 9.065056102137505640e-04 -3.889780000000000321e-02 1.456108904318240832e-02 -9.654407810378178890e-04 9.998935156355275300e-01 2.257122799999999874e+00
9.998706573503699513e-01 -4.804290018150584457e-03 -1.534885556517917755e-02 -1.966319999999999873e-02 4.814198558062712796e-03 9.999882264358642692e-01 6.086722421594256390e-04 -4.026119999999999699e-02 1.534575061646643694e-02 -6.824859532086668739e-04 9.998820141151359975e-01 2.340382299999999915e+00
9.998655932856206352e-01 -4.758103431859160050e-03 -1.568935356620802454e-02 -2.127429999999999946e-02 4.769176164205030620e-03 9.999884040271369567e-01 6.684085383992802382e-04 -4.170039999999999858e-02 1.568599127592939027e-02 -7.431439908635154067e-04 9.998766911048082573e-01 2.422974599999999867e+00
9.998631400268918057e-01 -5.173935857631413102e-03 -1.571405750610793337e-02 -2.307170000000000054e-02 5.192107894816559016e-03 9.999858983566148884e-01 1.115842068786696744e-03 -4.290530000000000038e-02 1.570806261678170043e-02 -1.197278436708233999e-03 9.998759039466708076e-01 2.506676399999999916e+00
9.998700973127663261e-01 -4.725458791821694239e-03 -1.540968977513361253e-02 -2.487620000000000109e-02 4.767024406872359503e-03 9.999850951618345363e-01 2.661753647684889871e-03 -4.443899999999999934e-02 1.539688208902522011e-02 -2.734866245993695325e-03 9.998777207881737183e-01 2.590137700000000098e+00
9.998740571855725401e-01 -3.898454958834813178e-03 -1.538414171139415067e-02 -2.648040000000000116e-02 3.953685147138395403e-03 9.999858426814631773e-01 3.561293360738293501e-03 -4.589069999999999955e-02 1.537004037143749162e-02 -3.621668894015251348e-03 9.998753149135158891e-01 2.674065800000000159e+00
9.998797517615517494e-01 -3.506417552135844377e-03 -1.510586155132170351e-02 -2.858549999999999980e-02 3.553761581125898170e-03 9.999888541042645240e-01 3.108447500658482413e-03 -4.732220000000000176e-02 1.509479366808765856e-02 -3.161756345753113148e-03 9.998810681780748721e-01 2.756798700000000046e+00
9.998822163917482353e-01 -2.705948498245646684e-03 -1.510732227265980561e-02 -3.019000000000000156e-02 2.756683172058467524e-03 9.999906276138922356e-01 3.338470048222665944e-03 -4.879420000000000285e-02 1.509814695298898439e-02 -3.379722932258251433e-03 9.998803045522434152e-01 2.839352400000000110e+00
9.998962450737407526e-01 2.857072792883560603e-05 -1.440480028141092640e-02 -3.228400000000000020e-02 4.217033478967582470e-05 9.999879419974421202e-01 4.910609064390029574e-03 -4.975360000000000199e-02 1.440476688796782888e-02 -4.910707019759111280e-03 9.998841871174227736e-01 2.922720200000000101e+00
9.999390512333304892e-01 8.130450178198961450e-04 -1.101057566096104272e-02 -3.464459999999999762e-02 -6.933097666872656750e-04 9.999406357217858199e-01 1.087402197341070902e-02 -5.131789999999999963e-02 1.101876309547335404e-02 -1.086572547554009831e-02 9.998802542653475456e-01 3.088987799999999950e+00
9.999568041586037737e-01 1.090196298834627707e-03 -9.230454427701310915e-03 -3.616740000000000232e-02 -9.601307959849998208e-04 9.999003597259719101e-01 1.408363478390788591e-02 -5.153970000000000079e-02 9.244888629208285885e-03 -1.407416398589650570e-02 9.998582149196613145e-01 3.171947700000000037e+00
9.999662403214268913e-01 1.229673332414896907e-04 -8.216026805293088695e-03 -3.650819999999999760e-02 3.771881833414952867e-06 9.998810421614016120e-01 1.542405627590757652e-02 -5.193640000000000062e-02 8.216946099570477877e-03 -1.542356655460765807e-02 9.998472860349886249e-01 3.255763799999999986e+00
9.999832009922832166e-01 -1.456991569038327888e-03 -5.610250332623523128e-03 -3.821270000000000222e-02 1.534923407724568404e-03 9.999020478991712535e-01 1.391181573971739596e-02 -5.226829999999999671e-02 5.589431398574484788e-03 -1.392019333957616664e-02 9.998874869074168004e-01 3.337525100000000133e+00
9.999905444293448742e-01 -3.508616158883213544e-04 -4.334506664998852114e-03 -3.962109999999999937e-02 4.059212724839985861e-04 9.999191639914727370e-01 1.270829298194037747e-02 -5.309819999999999818e-02 4.329697428570293376e-03 -1.270993228623922867e-02 9.999098516073617882e-01 3.418890199999999879e+00
9.999941439990913672e-01 6.470548297941663106e-05 -3.421663444139957586e-03 -4.046029999999999766e-02 -2.289275160272417420e-05 9.999253495080293597e-01 1.221862869421909761e-02 -5.338869999999999727e-02 3.422198627551499908e-03 -1.221847881062706684e-02 9.999194954255605783e-01 3.500656400000000001e+00
9.999951985407803390e-01 -5.601365292525867755e-04 -3.047809451707730096e-03 -4.162509999999999821e-02 5.966413227467923675e-04 9.999279430805031454e-01 1.198968998457106833e-02 -5.426399999999999973e-02 3.040873972612654404e-03 -1.199145086562629706e-02 9.999234761678614802e-01 3.581952799999999826e+00
9.999930188610266502e-01 -1.111354095871722181e-03 -3.567509114794705817e-03 -4.244789999999999675e-02 1.150208255774154680e-03 9.999398487804738167e-01 1.090760477151075589e-02 -5.474380000000000218e-02 3.555172313531812164e-03 -1.091163200244236672e-02 9.999341463500805993e-01 3.663267600000000179e+00
9.999877321244123873e-01 -8.540663613602813295e-04 -4.879156825196550792e-03 -4.381100000000000272e-02 9.098993510138396685e-04 9.999340048123505076e-01 1.145242782579650002e-02 -5.544980000000000048e-02 4.869053690964381120e-03 -1.145672687046549697e-02 9.999225148608116287e-01 3.744601700000000033e+00
9.999824426694694512e-01 -8.701119769162689267e-04 -5.861506457292541342e-03 -4.500919999999999921e-02 9.430449464340680309e-04 9.999220329952069886e-01 1.245144959276489952e-02 -5.580369999999999775e-02 5.850215297769858006e-03 -1.245675864259185653e-02 9.999052975882716243e-01 3.826117299999999943e+00
9.999764597938576305e-01 -1.470247362529019655e-03 -6.702106447705942840e-03 -4.624810000000000032e-02 1.557670180989579158e-03 9.999135329202094580e-01 1.305757813043386881e-02 -5.663880000000000303e-02 6.682329066325678329e-03 -1.306771042371636729e-02 9.998922849099952659e-01 3.907662900000000050e+00
9.999715218549156681e-01 -2.183711746443217367e-04 -7.543725418783141234e-03 -4.746750000000000275e-02 3.164137521913809939e-04 9.999154746385519044e-01 1.299782522951383953e-02 -5.729900000000000271e-02 7.540249432302262300e-03 -1.299984201402643036e-02 9.998870679962357233e-01 3.988712500000000105e+00
9.999687788801420174e-01 1.332236025051339681e-04 -7.900855423902229321e-03 -4.866089999999999999e-02 -3.357178139807929227e-05 9.999204702929073152e-01 1.261158047774619574e-02 -5.755099999999999799e-02 7.901907231369112786e-03 -1.261092148428935057e-02 9.998892561286094605e-01 4.069942499999999797e+00
9.999639749608464356e-01 -2.217904978247928552e-03 -8.193270287937648444e-03 -5.088209999999999955e-02 2.312378785842144312e-03 9.999307470407734488e-01 1.153923857243369967e-02 -5.927240000000000286e-02 8.167109945049474962e-03 -1.155776881531282198e-02 9.998998531328811001e-01 4.231462500000000126e+00
9.999640464886840885e-01 -2.571167412614988254e-03 -8.080521524817500453e-03 -5.280819999999999959e-02 2.676673170187805761e-03 9.999109591651099693e-01 1.307322310104877365e-02 -6.014449999999999658e-02 8.046188583219321053e-03 -1.309438198794068108e-02 9.998818910299541729e-01 4.311916400000000316e+00
9.999638391806426885e-01 -2.285163368780587009e-03 -8.191358830359747253e-03 -5.559089999999999865e-02 2.394290073980659145e-03 9.999081887957425030e-01 1.333721688581335565e-02 -6.133190000000000169e-02 8.160129052372086175e-03 -1.335634709026276359e-02 9.998775026403249333e-01 4.472329099999999613e+00
9.999667139549589523e-01 -6.892106853743461400e-04 -8.129942850503951365e-03 -5.673620000000000052e-02 7.895488479745118400e-04 9.999234851498250976e-01 1.234505805754328167e-02 -6.189390000000000169e-02 8.120812443219988311e-03 -1.235106612639645662e-02 9.998907458171634177e-01 4.552171699999999710e+00
9.999667275709293035e-01 1.688693420856228347e-03 -7.980730894916849075e-03 -5.833479999999999915e-02 -1.586812667668800183e-03 9.999173928606431838e-01 1.275497864881644343e-02 -6.257530000000000037e-02 8.001610878095062954e-03 -1.274189033481274401e-02 9.998868028202247960e-01 4.632454400000000305e+00
9.999669418648305941e-01 3.024056583934072763e-03 -7.547864550689642807e-03 -6.002579999999999721e-02 -2.923763561448352449e-03 9.999077619621095092e-01 1.326345258829785857e-02 -6.351039999999999464e-02 7.587277781598563559e-03 -1.324094595194932715e-02 9.998835485026055236e-01 4.711908799999999786e+00
9.999643108062257202e-01 4.768208928698438806e-03 -6.974331325829632652e-03 -6.155730000000000229e-02 -4.673088739947298467e-03 9.998967058633796423e-01 1.359190366323955075e-02 -6.381779999999999398e-02 7.038419954701894549e-03 -1.355882690996855315e-02 9.998833026195441676e-01 4.791763800000000018e+00
9.999684135836172105e-01 5.375409300787926080e-03 -5.854640032738955141e-03 -6.256280000000000174e-02 -5.290630898476557202e-03 9.998823028600755114e-01 1.440102954404627426e-02 -6.407010000000000483e-02 5.931362386503801973e-03 -1.436959992767408885e-02 9.998791594678622108e-01 4.872332600000000014e+00
9.999672669184557217e-01 7.314882874747359598e-03 -3.457973418460320685e-03 -6.383129999999999360e-02 -7.261375662870585279e-03 9.998574844759712255e-01 1.524083858800539398e-02 -6.441779999999999728e-02 3.568965552750700578e-03 -1.521523006436942618e-02 9.998778721718826201e-01 4.952534700000000178e+00
9.999932464109836383e-01 3.034329235022599578e-03 2.073638954856174207e-03 -6.476780000000000037e-02 -3.051209639483118841e-03 9.999618359078735752e-01 8.186381831477606771e-03 -6.543060000000000542e-02 -2.048719638587753918e-03 -8.192653651187051592e-03 9.999643409512131154e-01 5.111666200000000160e+00
9.999802419674060916e-01 3.984722513978725469e-03 4.861857802781669076e-03 -6.537729999999999930e-02 -4.022775842063128562e-03 9.999611562739894044e-01 7.842398721728300812e-03 -6.625060000000000671e-02 -4.830419167359206213e-03 -7.861801935475318595e-03 9.999574286543376767e-01 5.190394900000000256e+00
9.999342121080110335e-01 3.161079276007286269e-03 1.102628830305102392e-02 -6.490319999999999423e-02 -3.300684101641692368e-03 9.999143358647467617e-01 1.266595502216637768e-02 -6.753480000000000594e-02 -1.098530565766708128e-02 -1.270151605018744224e-02 9.998589873325310906e-01 5.348695799999999778e+00
9.998790697746013922e-01 3.328757722467064802e-03 1.519095779412597998e-02 -6.428129999999999955e-02 -3.498129452819703170e-03 9.999318673844067584e-01 1.113659191424781238e-02 -6.837400000000000422e-02 -1.515285177810158333e-02 -1.118838510055362480e-02 9.998225898237310671e-01 5.428148700000000382e+00
9.998177586620002888e-01 2.726210422476503178e-03 1.889489986283341902e-02 -6.352480000000000626e-02 -2.878688456482991070e-03 9.999634763645937063e-01 8.047303250603408259e-03 -6.907599999999999851e-02 -1.887227111040516367e-02 -8.100229229413270088e-03 9.997890895931833555e-01 5.506864099999999596e+00
9.997516278671544354e-01 1.338212137027076833e-03 2.224616293321503985e-02 -6.241920000000000107e-02 -1.440807747589490425e-03 9.999883983127572096e-01 4.596445683454528433e-03 -7.005219999999999503e-02 -2.223975382078954843e-02 -4.627356498344933899e-03 9.997419571678622940e-01 5.585642799999999575e+00
9.996631120635991463e-01 9.000163886444625429e-04 2.593939763795881370e-02 -6.131110000000000032e-02 -9.890217171255239782e-04 9.999936672986657893e-01 3.418654502637349848e-03 -7.106179999999999441e-02 -2.593615652642129732e-02 -3.443157426769784518e-03 9.996576716314297117e-01 5.663582299999999847e+00
9.995590090036655662e-01 5.942715680852959838e-04 2.968896025315420281e-02 -5.926039999999999780e-02 -7.475760161767968943e-04 9.999864445293618065e-01 5.152852377638602981e-03 -7.219050000000000467e-02 -2.968549561166263992e-02 -5.172774770765108630e-03 9.995459037740391794e-01 5.741667299999999585e+00
9.994414898748246179e-01 1.761218230884183458e-03 3.337074208246217089e-02 -5.705299999999999955e-02 -1.945849993186178628e-03 9.999829757736445890e-01 5.501075412195550497e-03 -7.321080000000000643e-02 -3.336048537708988238e-02 -5.562937464132261707e-03 9.994279022231544740e-01 5.819787500000000335e+00
9.992992325940581733e-01 1.284094805697498249e-03 3.740848616900079027e-02 -5.481899999999999967e-02 -1.422626175063109160e-03 9.999922285199317473e-01 3.676823970023515575e-03 -7.454510000000000303e-02 -3.740347405913477252e-02 -3.727465663221444028e-03 9.992932933468717804e-01 5.897114799999999768e+00
9.991604720759310609e-01 1.134860862210639379e-03 4.095196126959094185e-02 -5.221680000000000071e-02 -1.189050675133867738e-03 9.999984494811509084e-01 1.298920238552226866e-03 -7.566130000000000078e-02 -4.095042367906122360e-02 -1.346523715936487255e-03 9.991602722658601277e-01 5.974026199999999953e+00
9.990264997589427542e-01 9.531476742313648581e-04 4.410378996079683533e-02 -4.889809999999999990e-02 -1.001576018067543237e-03 9.999989195668196329e-01 1.075969643327861439e-03 -7.707730000000000137e-02 -4.410271675163569827e-02 -1.119095484951333937e-03 9.990263750274166465e-01 6.051439799999999813e+00
9.987561161877284155e-01 -4.852517301657117673e-04 4.985965210832445094e-02 -4.216629999999999684e-02 2.953039842582939152e-04 9.999926718391219937e-01 3.816944276645222855e-03 -7.942979999999999485e-02 -4.986113890758667178e-02 -3.797472687525840166e-03 9.987489404390004211e-01 6.206639299999999970e+00
9.984793584594674476e-01 -2.797991059362352380e-03 5.505580783534201605e-02 -3.443840000000000096e-02 2.455184894542564167e-03 9.999771837534490171e-01 6.293174052453853230e-03 -8.093390000000000306e-02 -5.507215991319015791e-02 -6.148432202813720361e-03 9.984634464936327225e-01 6.360722499999999613e+00
9.983362878365910076e-01 -3.573253452286469321e-03 5.754900736260432775e-02 -3.016980000000000009e-02 3.349452287332126566e-03 9.999864509010620850e-01 3.984869341986203503e-03 -8.184560000000000446e-02 -5.756246657354294888e-02 -3.785482012047976502e-03 9.983347297214028027e-01 6.437335000000000029e+00
9.981775139134193564e-01 -4.022453634377155460e-03 6.021188075774515369e-02 5.490000000000000088e-04 3.954308334464915961e-03 9.999913993450085803e-01 1.250872338649477696e-03 -9.057619999999999560e-02 -6.021639447211711571e-02 -1.010496299302040884e-03 9.981848349549333754e-01 6.983388899999999566e+00
9.985108126497063141e-01 -3.300167082790727516e-03 5.445425528688155326e-02 8.752499999999999863e-03 3.211805063533104427e-03 9.999933798820157538e-01 1.710117065118036545e-03 -9.283710000000000573e-02 -5.445953846533282960e-02 -1.532673927555810826e-03 9.985148018836650374e-01 7.141402700000000436e+00
9.995837040221965397e-01 -1.806641978212817116e-04 2.885110073660092367e-02 2.608270000000000033e-02 6.930930653664124099e-05 9.999925454757956356e-01 3.860594391923465648e-03 -9.914349999999999552e-02 -2.885158313656108892e-02 -3.856987592221304637e-03 9.995762651229908036e-01 7.624924700000000222e+00
9.999401782054594401e-01 7.444598456938317232e-03 8.013611186542217782e-03 2.911530000000000021e-02 -7.466365048364519835e-03 9.999685089009868744e-01 2.689721045317637615e-03 -1.062268999999999991e-01 -7.993334935975324532e-03 -2.749392687852274947e-03 9.999642730800183399e-01 8.111647599999999514e+00
9.998816915403899719e-01 1.466341761428024276e-02 4.646192656129280625e-03 2.823909999999999962e-02 -1.469197293996335127e-02 9.998730142788073705e-01 6.172620848817530342e-03 -1.105447999999999986e-01 -4.555090938723217568e-03 -6.240152312330857903e-03 9.999701553774786866e-01 8.439626699999999815e+00
9.998898159879611169e-01 1.439586329614984082e-02 3.621464278409950929e-03 2.790919999999999859e-02 -1.442745834138821522e-02 9.998567081667200096e-01 8.855031327888319981e-03 -1.114142000000000049e-01 -3.493469531674934896e-03 -8.906304170021469430e-03 9.999542356611438310e-01 8.604150799999999322e+00
9.999346625204285077e-01 1.120376702244059094e-02 2.268544613513259235e-03 2.780960000000000029e-02 -1.122246810071284018e-02 9.999016934160190884e-01 8.405933232294039020e-03 -1.128297000000000050e-01 -2.174143483100882991e-03 -8.430842679363392822e-03 9.999620962775692679e-01 8.769620899999999608e+00
9.999543161189026197e-01 9.457017649044162019e-03 1.389421593139083264e-03 2.785320000000000157e-02 -9.470912772880835453e-03 9.999014833256484325e-01 1.035979992165116277e-02 -1.134842999999999963e-01 -1.291311901244833601e-03 -1.037248573649672718e-02 9.999453705344206744e-01 8.852449399999999358e+00
9.999923001005693868e-01 3.780171304389877592e-03 1.053586485396201550e-03 2.757410000000000069e-02 -3.793651671158573477e-03 9.999069850084559841e-01 1.310074571531299331e-02 -1.142332999999999960e-01 -1.003965423039036853e-03 -1.310464178101955132e-02 9.999136264784176387e-01 9.018430699999999689e+00
9.999990128182690841e-01 -5.277487908766520129e-04 1.302245637760120591e-03 2.763960000000000028e-02 5.130344862050566787e-04 9.999363175549936811e-01 1.127375847598699639e-02 -1.147299999999999986e-01 -1.308112419978246571e-03 -1.127307924981691030e-02 9.999356011894586782e-01 9.101985900000000740e+00
9.999947007967416868e-01 -2.841484654764560303e-03 1.588818237444223442e-03 2.755909999999999957e-02 2.825235259746100222e-03 9.999446207247962848e-01 1.013772801323111969e-02 -1.150135999999999936e-01 -1.617536448425576550e-03 -1.013318550604404636e-02 9.999473496776407622e-01 9.185075799999999902e+00
9.999902244828184905e-01 -4.067858128405813477e-03 1.733051946571710980e-03 2.758959999999999885e-02 4.050825821846077389e-03 9.999445486531098881e-01 9.720618760622665860e-03 -1.153985000000000011e-01 -1.772497944545575917e-03 -9.713503444971183232e-03 9.999512518627401425e-01 9.268186599999999942e+00
9.999878057277196142e-01 -4.489448099246023775e-03 2.057486725276753883e-03 2.754600000000000104e-02 4.468005436735550222e-03 9.999368633604880374e-01 1.031049078395220725e-02 -1.161552000000000001e-01 -2.103645235731387442e-03 -1.030117219314569468e-02 9.999447287366284298e-01 9.351654999999999163e+00
9.999866818295204407e-01 -4.206013021644501061e-03 2.990922608031497572e-03 2.694449999999999970e-02 4.169405383622736168e-03 9.999175874805856790e-01 1.214225291090397993e-02 -1.165169000000000066e-01 -3.041746592419358915e-03 -1.212962082948577935e-02 9.999218069810260623e-01 9.434559800000000607e+00
9.999920190878694992e-01 -1.649704829857026730e-03 3.638713308342086689e-03 2.668430000000000107e-02 1.599411482689901522e-03 9.999037499223414338e-01 1.378160999842284115e-02 -1.172866000000000047e-01 -3.661098670481185546e-03 -1.377568020875684709e-02 9.998984083352223662e-01 9.516386000000000678e+00
9.999890630463899033e-01 -1.582185612965151351e-03 4.401190326428544054e-03 2.661149999999999974e-02 1.529350150497627231e-03 9.999270391227897958e-01 1.198238370475944274e-02 -1.174726999999999993e-01 -4.419827566828256511e-03 -1.197552169289663355e-02 9.999185226829546691e-01 9.599367100000000264e+00
9.999853026087106578e-01 -1.427224416404922853e-03 5.230449027626857261e-03 2.670940000000000120e-02 1.386343822333883881e-03 9.999685311476373961e-01 7.811194866523011801e-03 -1.190782999999999980e-01 -5.241432759433414454e-03 -7.803828861638138076e-03 9.999558128426109249e-01 9.763310399999999944e+00
9.999774757928683311e-01 -2.570338227585472739e-03 6.200102282968083731e-03 2.711409999999999862e-02 2.570033177703601613e-03 9.999966958252064497e-01 5.716760442684423797e-05 -1.209713000000000038e-01 -6.200228736825441275e-03 -4.123184819949708100e-05 9.999807775470215265e-01 9.926650000000000418e+00
9.999748177018321638e-01 -3.198513033356810420e-03 6.335098780824150073e-03 2.785239999999999938e-02 3.200646526595105762e-03 9.999948245629011190e-01 -3.266637786945136412e-04 -1.237911000000000011e-01 -6.334021155565214799e-03 3.469319644583197153e-04 9.999798797046932641e-01 1.008906750000000052e+01
9.999789708326546345e-01 -1.933194899367444725e-03 6.190367512991816999e-03 2.819690000000000044e-02 1.926784323696066874e-03 9.999976015233783544e-01 1.041369127932809634e-03 -1.265442999999999985e-01 -6.192365835026536654e-03 -1.029419725725200154e-03 9.999802972560976055e-01 1.025023170000000050e+01
9.999858540090308390e-01 -1.751157261494351439e-05 5.318973131537884161e-03 2.883149999999999949e-02 1.208831985106896210e-05 9.999994800983650345e-01 1.019635656492719417e-03 -1.290428000000000130e-01 -5.318988221618897033e-03 -1.019556935287437580e-03 9.999853343264359928e-01 1.040883730000000007e+01
9.999924863544535913e-01 -9.066703093581152334e-04 3.768976464259639683e-03 2.891530000000000142e-02 8.965247008253467544e-04 9.999959728180879415e-01 2.692692159678310507e-03 -1.317921999999999982e-01 -3.771402669939217037e-03 -2.689292947246818555e-03 9.999892720551281089e-01 1.056620790000000021e+01
9.999952587866983711e-01 2.597241271234546891e-04 3.068378643833910742e-03 2.875629999999999853e-02 -2.686747112326784339e-04 9.999957094873641594e-01 2.916988303495285026e-03 -1.329578999999999900e-01 -3.067607866675613193e-03 -2.917798869177624065e-03 9.999910380757096595e-01 1.064512629999999938e+01
9.999979268350003281e-01 7.708838566971653412e-04 1.884691959167886796e-03 2.775079999999999908e-02 -7.723152469646038043e-04 9.999994138206287353e-01 7.588725572669193040e-04 -1.355909999999999893e-01 -1.884105851796651727e-03 -7.603265603347913407e-04 9.999979360222004399e-01 1.080291270000000026e+01
9.999982899875802245e-01 1.141288750031102398e-03 1.455157003440858817e-03 2.744390000000000024e-02 -1.142709894098028036e-03 9.999988706536058203e-01 9.761688434927304377e-04 -1.372540999999999900e-01 -1.454041269545334721e-03 -9.778299965371821389e-04 9.999984648050638247e-01 1.088186169999999997e+01
9.999993580466755017e-01 1.100667909825985870e-03 -2.691400922710478595e-04 2.731319999999999928e-02 -1.100931513876065269e-03 9.999989125466585138e-01 -9.812519056599034502e-04 -1.400848000000000093e-01 2.680597671097397329e-04 9.815475805512090344e-04 9.999994823540202527e-01 1.103980059999999952e+01
9.999987338083554667e-01 1.174587444043412006e-03 -1.073650791600393086e-03 2.704789999999999972e-02 -1.175411661659441333e-03 9.999990147754809211e-01 -7.673692027238193441e-04 -1.415140000000000009e-01 1.072748391582843078e-03 7.686302127483435375e-04 9.999991292088631356e-01 1.111854839999999989e+01
9.999976293435299812e-01 1.335324460661439045e-03 -1.719946483110749080e-03 2.664220000000000130e-02 -1.334673881035158003e-03 9.999990373699002566e-01 3.793479985805255994e-04 -1.426517999999999953e-01 1.720451380100102229e-03 -3.770515316289522242e-04 9.999984489383927366e-01 1.119814490000000085e+01
9.999958553682202211e-01 1.107428029644041490e-03 -2.657602216441021584e-03 2.631069999999999937e-02 -1.104569401253808732e-03 9.999988101393741946e-01 1.076868735645630706e-03 -1.442816000000000098e-01 2.658791608886885982e-03 -1.073928766332261139e-03 9.999958887436415367e-01 1.127652169999999998e+01
9.999928525565000559e-01 1.767484060463431943e-03 -3.342280061551100578e-03 2.576940000000000133e-02 -1.762508783301539603e-03 9.999973353153061018e-01 1.490947710648703141e-03 -1.456031999999999882e-01 3.344906381742134352e-03 -1.485046256219442430e-03 9.999933030970328263e-01 1.135571099999999944e+01
9.999888901710203282e-01 2.663321601545830686e-03 -3.889248330711456147e-03 2.489979999999999971e-02 -2.657061895517239414e-03 9.999951678710088387e-01 1.613770961538741038e-03 -1.466729999999999978e-01 3.893527528423657187e-03 -1.603419059277608454e-03 9.999911347060561617e-01 1.143448069999999994e+01
9.999857792256936495e-01 2.708739811818068870e-03 -4.593917175358535297e-03 2.417259999999999895e-02 -2.704440542393840140e-03 9.999958994842498283e-01 9.418152890855061108e-04 -1.483101000000000003e-01 4.596449470497727431e-03 -9.293779198854027705e-04 9.999890043940219408e-01 1.151355460000000086e+01
9.999805898582622143e-01 3.937274426556607032e-03 -4.828848393977948524e-03 2.307309999999999917e-02 -3.935487474448173123e-03 9.999921839270458079e-01 3.795038287485617487e-04 -1.495614000000000110e-01 4.830304862066327719e-03 -3.604925901549463048e-04 9.999882690312081879e-01 1.159271910000000005e+01
9.999786829387135034e-01 3.739001949234474053e-03 -5.352899455388963022e-03 2.254619999999999888e-02 -3.735357880621052989e-03 9.999927850597150059e-01 6.906012005845145983e-04 -1.509157999999999888e-01 5.355442993774169914e-03 -6.705914838315378806e-04 9.999854346626265711e-01 1.167203809999999997e+01
9.999782536600778649e-01 3.555509411893649930e-03 -5.554328020819511783e-03 2.158389999999999961e-02 -3.557252194511733006e-03 9.999936267736487805e-01 -3.039225379958048422e-04 -1.525775000000000048e-01 5.553212022385475496e-03 3.236740743340818364e-04 9.999845284159790681e-01 1.175048349999999964e+01
9.999797960772413008e-01 2.596280741742081673e-03 -5.802306750691345154e-03 2.102700000000000055e-02 -2.608490059540482121e-03 9.999943978236558451e-01 -2.097641750468327154e-03 -1.538502999999999954e-01 5.796828178265910243e-03 2.112734629358008209e-03 9.999809663865896203e-01 1.182939149999999984e+01
9.999802883140836984e-01 -1.117611680618053809e-06 -6.278772334873314147e-03 1.966390000000000152e-02 1.168232094457783031e-05 9.999985844080886421e-01 1.682571051210722621e-03 -1.565898000000000012e-01 6.278761566232923287e-03 -1.682611235532183256e-03 9.999788727631322427e-01 1.198669529999999916e+01
9.999782809653127158e-01 -7.674117840792874607e-04 -6.545890070255506663e-03 1.919010000000000160e-02 8.065726121116034578e-04 9.999817825971655250e-01 5.981965765254267618e-03 -1.578623000000000109e-01 6.541180190118971519e-03 -5.987115578384875035e-03 9.999606829314698908e-01 1.206530859999999983e+01
9.999755816972966116e-01 1.613361340043563408e-03 -6.799490741211850625e-03 1.549589999999999995e-02 -1.609418700411142326e-03 9.999985336111366641e-01 5.852751686537952577e-04 -1.625736000000000125e-01 6.800425030844745727e-03 -5.743176496753835559e-04 9.999767119181511843e-01 1.237602520000000084e+01
9.999773105962026509e-01 1.722011196011191724e-03 -6.512524105640464696e-03 1.385450000000000050e-02 -1.694361657441726407e-03 9.999895386537407393e-01 4.248731769904869407e-03 -1.656619000000000008e-01 6.519772339547398078e-03 -4.237600797576353273e-03 9.999697671970493307e-01 1.253164199999999973e+01
9.999896378855700485e-01 8.724587317950921895e-04 -4.467990291833963054e-03 1.230900000000000050e-02 -8.539331964087907862e-04 9.999910385871844110e-01 4.146509787811857896e-03 -1.679395999999999944e-01 4.471567910999351553e-03 -4.142651455971522491e-03 9.999814215870871381e-01 1.268579199999999929e+01
9.999952545097825496e-01 5.013072125226443156e-05 -3.080331934395829762e-03 1.172310000000000019e-02 -4.186908821292864238e-05 9.999964023798958435e-01 2.682065294698224561e-03 -1.691795000000000104e-01 3.080455306399403851e-03 -2.681923596294119670e-03 9.999916590056784349e-01 1.276227279999999986e+01
9.999994673384852151e-01 -1.000091335174612501e-03 -2.552255220471442662e-04 1.052200000000000010e-02 1.000308169964338493e-03 9.999991376995208681e-01 8.508723640047654788e-04 -1.723214999999999886e-01 2.543743518874735606e-04 -8.511272149526903294e-04 9.999996054379987065e-01 1.291448689999999999e+01
9.999968529917205862e-01 -1.278009996474226357e-03 2.158864772047947196e-03 1.084760000000000064e-02 1.270784476646074452e-03 9.999935981216379055e-01 3.344969738900195524e-03 -1.745939999999999992e-01 -2.163125856022494325e-03 -3.342215760413236227e-03 9.999920752087697595e-01 1.306518750000000040e+01
9.999951986202696430e-01 -7.714447751338646283e-05 3.097867837253352827e-03 1.097180000000000030e-02 6.645513806766142960e-05 9.999940447921631392e-01 3.450501981439657757e-03 -1.754686000000000023e-01 -3.098115575979048120e-03 -3.450279545034544079e-03 9.999892485676727949e-01 1.313952450000000027e+01
9.999870539165595096e-01 -3.912648274234139102e-04 5.073353044553479026e-03 1.124009999999999940e-02 3.747317046223660434e-04 9.999946180698290332e-01 3.259356919135820551e-03 -1.773944000000000076e-01 -5.074601011844137415e-03 -3.257413576994646742e-03 9.999818186753992588e-01 1.328765680000000060e+01
9.999744007365506393e-01 -1.594025189200534958e-04 7.153493021832414700e-03 1.138759999999999946e-02 1.349951818782136931e-04 9.999941689759339614e-01 3.412299874291113179e-03 -1.801072999999999980e-01 -7.153995238837720233e-03 -3.411246834836115759e-03 9.999685913803265658e-01 1.343332200000000043e+01
9.999647680622514301e-01 -1.361029384623928121e-03 8.283129434082221743e-03 1.256909999999999972e-02 1.334143262930002080e-03 9.999938269749198971e-01 3.250549770114825789e-03 -1.823036000000000101e-01 -8.287502395869790484e-03 -3.239384365617218892e-03 9.999604110628431686e-01 1.357765479999999947e+01
9.999667345946072761e-01 -2.329604379205569165e-03 7.816818255192939380e-03 1.341200000000000031e-02 2.288341182918375485e-03 9.999834235567243157e-01 5.283569475602946028e-03 -1.850904999999999911e-01 -7.828997306736737438e-03 -5.265506168389673392e-03 9.999554896323944453e-01 1.371809290000000026e+01
9.999709162723878775e-01 -2.105047065713627763e-03 7.330442429493605125e-03 1.367130000000000081e-02 2.066508124914218612e-03 9.999840256140634098e-01 5.260994284521491177e-03 -1.864075000000000037e-01 -7.341399970758518898e-03 -5.245692856356986775e-03 9.999592924479105971e-01 1.378664110000000065e+01
9.999787196236067377e-01 -1.305322262263807929e-03 6.391903763650452763e-03 1.412740000000000003e-02 1.283060212663523223e-03 9.999931017530074850e-01 3.485714114764933667e-03 -1.887156000000000111e-01 -6.396409650953428783e-03 -3.477438740054257689e-03 9.999734963304709456e-01 1.392106910000000042e+01
9.999828162167413437e-01 -1.421601391832097785e-03 5.687382589345101741e-03 1.424540000000000008e-02 1.402382386243647937e-03 9.999932983618768922e-01 3.381797595500292929e-03 -1.900717000000000101e-01 -5.692152042733778991e-03 -3.373763598256260612e-03 9.999781083225299794e-01 1.398658849999999987e+01
9.999889684899354592e-01 -1.791079876922707734e-03 4.342226538224589275e-03 1.443520000000000046e-02 1.775704980267106981e-03 9.999921503113871069e-01 3.542059772389501062e-03 -1.913977000000000039e-01 -4.348536565079561336e-03 -3.534310184832099421e-03 9.999842993173739814e-01 1.405200390000000077e+01
9.999935613483831309e-01 -2.364763225275749205e-03 2.699102937257798814e-03 1.435439999999999980e-02 2.354019945993868039e-03 9.999893226616803910e-01 3.976575502568758733e-03 -1.923179000000000138e-01 -2.708477777533584759e-03 -3.970196156633874762e-03 9.999884507786109822e-01 1.411626719999999935e+01
9.999931942223110326e-01 -3.665974697419979202e-03 4.148958631236355837e-04 1.481400000000000078e-02 3.663584222792027993e-03 9.999774811763326721e-01 5.622747627253911994e-03 -1.933549999999999991e-01 -4.354993706883446020e-04 -5.621189354145318499e-03 9.999841061589644919e-01 1.417974850000000053e+01
9.999859289173239629e-01 -2.978656331382095474e-03 -4.389712270320100113e-03 1.442069999999999984e-02 3.011281282755175811e-03 9.999677562842593792e-01 7.444365443761833366e-03 -1.954229000000000105e-01 4.367396523423289906e-03 -7.457479351876498790e-03 9.999626552273457314e-01 1.430443859999999923e+01
9.999493051675487632e-01 -2.734641005448074178e-03 -9.690657021469005483e-03 1.267079999999999942e-02 2.802055068808915941e-03 9.999719235129054251e-01 6.949868580871269158e-03 -1.971346999999999960e-01 9.671379546258480203e-03 -6.976670013075099083e-03 9.999288927184777354e-01 1.442361350000000009e+01
9.998738084334438669e-01 -1.903314278947028804e-03 -1.577163921589194023e-02 1.092480000000000014e-02 2.016536793236634127e-03 9.999722900741524478e-01 7.166077254436575839e-03 -1.992270999999999903e-01 1.575756288777636904e-02 -7.196977046690276880e-03 9.998499401076279547e-01 1.453854469999999921e+01
9.998219342397384191e-01 -1.991025393258343424e-03 -1.876527726924485245e-02 9.535999999999999338e-03 2.115569043075045137e-03 9.999758536150351595e-01 6.619407413492451979e-03 -2.000277000000000027e-01 1.875164474738735126e-02 -6.657927963354420657e-03 9.998020043061038864e-01 1.459328750000000063e+01
9.997512840032691805e-01 -2.146365399732759818e-03 -2.219827131525039729e-02 8.264999999999999777e-03 2.277740276589597032e-03 9.999800322519593054e-01 5.894658310949653715e-03 -2.008727999999999903e-01 2.218517597511996883e-02 -5.943754111777867222e-03 9.997362100844461308e-01 1.464674759999999942e+01
9.996787979834828031e-01 -9.014197350068063781e-04 -2.532761940570756737e-02 6.683800000000000158e-03 1.044816140435865905e-03 9.999834984516249303e-01 5.648998467143075651e-03 -2.018540000000000056e-01 2.532210934206940989e-02 -5.673646702998026183e-03 9.996632435533266969e-01 1.469915289999999963e+01
9.995273485406346303e-01 1.368174829194054995e-03 -3.071168534882951287e-02 3.118300000000000065e-03 -1.225911761218761520e-03 9.999884346282303937e-01 4.650564496395656611e-03 -2.034674999999999956e-01 3.071769294205629539e-02 -4.610716584023582046e-03 9.995174658968692949e-01 1.480028719999999964e+01
