9.999999987831599269e-01 -1.219915392875591568e-05 4.780021589594206404e-05 8.012699999999999337e-03 1.220084604875435685e-05 9.999999992989999642e-01 -3.539970838737173576e-05 2.180000000000000134e-04 -4.779978401594245997e-05 3.540029154737119233e-05 9.999999982309999425e-01 1.216060000000000058e-02
9.999972878470571036e-01 -5.517788680364803158e-04 2.262706037226103889e-03 4.283000000000000023e-04 5.510203774644708598e-04 9.999997917994967178e-01 3.358236246371962015e-04 -1.523899999999999907e-03 -2.262890866509030367e-03 -3.345759166974408708e-04 9.999973836885185374e-01 7.183130000000000071e-02
9.999898025986388994e-01 -5.436453151116336620e-04 4.483207390514101429e-03 2.601299999999999966e-03 5.439519660223366511e-04 9.999998498014849302e-01 -6.718084680637680041e-05 -5.199699999999999808e-03 -4.483170194590376662e-03 6.961881121047417049e-05 9.999899481185935413e-01 1.906747000000000025e-01
9.999879910985419729e-01 -9.732010721082032332e-04 4.803180027391279992e-03 -2.625999999999999862e-04 9.691929481820929677e-04 9.999991802735823665e-01 8.367300594962670101e-04 -4.081900000000000285e-03 -4.803990396688690746e-03 -8.320648030760388093e-04 9.999881146015846545e-01 2.154615000000000002e-01
9.999929322976319757e-01 -1.407219843120730918e-03 3.486414647833491892e-03 1.121800000000000054e-03 1.400373988575622083e-03 9.999970883805601174e-01 1.965243774796040892e-03 -5.256900000000000114e-03 -3.489170026757290599e-03 -1.960347600651744793e-03 9.999919913328351173e-01 2.595461000000000018e-01
9.999960749146648009e-01 -2.587391368031679434e-03 1.074970312472989286e-03 -4.711000000000000127e-04 2.586202591951885198e-03 9.999960443834667867e-01 1.105790926313557701e-03 -5.486800000000000010e-03 -1.077827174200239905e-03 -1.103006494981420126e-03 9.999988108319202151e-01 2.870387999999999828e-01
9.999968022933363176e-01 -2.317332541540009522e-03 -1.012607028371696923e-03 -5.856999999999999793e-04 2.317863436704091593e-03 9.999971767627310326e-01 5.234268393073635310e-04 -6.328900000000000151e-03 1.011391215493953350e-03 -5.257722503486838206e-04 9.999993503254639426e-01 3.227327999999999864e-01
9.999943013055763164e-01 -2.195583552229654883e-03 -2.564521249142655453e-03 1.756900000000000042e-03 2.199608685643809122e-03 9.999963518851808786e-01 1.567781221793725826e-03 -9.380400000000000543e-03 2.561069698810617898e-03 -1.573413230701751825e-03 9.999954826361983073e-01 3.704645999999999773e-01
9.999958524720801156e-01 -3.832531741722309030e-04 -2.854497441300383933e-03 -1.648999999999999967e-04 3.847460254585963776e-04 9.999997895074878018e-01 5.224514101252246369e-04 -8.066699999999999565e-03 2.854296609288764931e-03 -5.235474997886364413e-04 9.999957894355764321e-01 3.998912000000000022e-01
9.999909384901143339e-01 -1.491935166546854439e-03 -3.987112629346784010e-03 -1.790399999999999934e-03 1.496857325755848603e-03 9.999981210190103109e-01 1.231818409945357150e-03 -8.447100000000000788e-03 3.985267344433352302e-03 -1.237775386558509581e-03 9.999912927402346829e-01 4.648995000000000211e-01
9.999878849248511337e-01 -2.150361410179050387e-03 -4.427860581385430726e-03 -2.109799999999999783e-03 2.156424693343876771e-03 9.999967432579610627e-01 1.365029674923996274e-03 -8.976100000000000745e-03 4.424910853849027721e-03 -1.374561485383287655e-03 9.999892653147124388e-01 5.003579000000000221e-01
9.999845688395451182e-01 -1.785678700340729598e-03 -5.260554568501482620e-03 -2.358999999999999986e-03 1.786707634657735445e-03 9.999983856149792238e-01 1.909011882071022406e-04 -9.520400000000000043e-03 5.260205187755334286e-03 -2.002973153903111949e-04 9.999861449652031054e-01 5.357404000000000055e-01
9.999757131526590959e-01 -7.166521346827097773e-04 -6.932496992345102589e-03 -3.030300000000000094e-03 7.193391329737115151e-04 9.999996671211137667e-01 3.851089113497176424e-04 -1.075929999999999942e-02 6.932218695539819724e-03 -3.900863746441944027e-04 9.999758957977825657e-01 6.062174000000000174e-01
9.999743200067422455e-01 -9.909140436411751664e-04 -7.097705010178029586e-03 -3.683899999999999935e-03 9.930731334247796041e-04 9.999994616992139429e-01 3.006776245253495747e-04 -1.143169999999999950e-02 7.097403243797092282e-03 -3.077184432805612482e-04 9.999747657698940806e-01 6.419491999999999976e-01
9.999675856338841040e-01 -9.175756638153173940e-04 -7.999108477942305090e-03 -4.151400000000000402e-03 9.136095607745782629e-04 9.999994579294289032e-01 -4.994581253375632865e-04 -1.206420000000000062e-02 7.999562432481909652e-03 4.921338737359080189e-04 9.999678818867829833e-01 6.773690999999999462e-01
9.999602689090698604e-01 -3.244952906517222023e-04 -8.908159524105093222e-03 -4.521299999999999798e-03 3.270982669858886970e-04 9.999999042367491153e-01 2.907459650776579477e-04 -1.271120000000000062e-02 8.908064325334334385e-03 -2.936482569656505043e-04 9.999602792914710214e-01 7.129986999999999853e-01
9.999502658735822669e-01 -2.103969234610002671e-03 -9.748799557478775649e-03 -4.870700000000000376e-03 2.123575895943718896e-03 9.999957426578357511e-01 2.001272499609203521e-03 -1.330240000000000068e-02 9.744547437734120757e-03 -2.021875283824360516e-03 9.999504766815057177e-01 7.485553999999999819e-01
9.999399964269036767e-01 -2.179496875158750107e-03 -1.073561079468513153e-02 -5.269000000000000246e-03 2.200835272170800164e-03 9.999956254399364752e-01 1.976214840278635310e-03 -1.386949999999999988e-02 1.073125667704186333e-02 -1.999723571232253465e-03 9.999404188429278362e-01 7.839528000000000052e-01
9.999304602352848681e-01 -2.855460557560206107e-03 -1.144207317995987044e-02 -5.899299999999999683e-03 2.868839196376681173e-03 9.999952201569796140e-01 1.153006877291792420e-03 -1.444939999999999940e-02 1.143872612298554164e-02 -1.185752165491309879e-03 9.999338725818249785e-01 8.193713999999999720e-01
9.999153211347314718e-01 -3.235153850482577753e-03 -1.260493314502689199e-02 -6.340700000000000329e-03 3.236709307570170661e-03 9.999947565379248005e-01 1.030024997204230015e-04 -1.499389999999999924e-02 1.260453382260440583e-02 -1.437922820174351564e-04 9.999205493692459035e-01 8.549394999999999634e-01
9.999039985628606075e-01 -2.967999788162993015e-03 -1.353457185360601445e-02 -6.726600000000000114e-03 2.967057752165353814e-03 9.999955942530510677e-01 -8.968156237528219067e-05 -1.550409999999999983e-02 1.353477839856549736e-02 4.951509647592852649e-05 9.999083994656495777e-01 8.903349999999999875e-01
9.998936236058807436e-01 -3.642142962982871084e-03 -1.412360672556156084e-02 -7.287300000000000028e-03 3.652862014957966499e-03 9.999930594675425777e-01 7.332229152512555973e-04 -1.625100000000000156e-02 1.412083819752958831e-02 -7.847365041634543278e-04 9.998999880574147570e-01 9.256351999999999913e-01
9.998838577160005237e-01 -4.322399141114044267e-03 -1.461464828977516138e-02 -7.972299999999999873e-03 4.337748427034867314e-03 9.999900730133820526e-01 1.018731208190619842e-03 -1.688250000000000167e-02 1.461009984745785355e-02 -1.082007558051959091e-03 9.998926813624008370e-01 9.611785999999999941e-01
9.998704226133631190e-01 -4.860006764151551112e-03 -1.534660604912244271e-02 -8.585900000000000476e-03 4.873277120460513603e-03 9.999877831890755520e-01 8.274313902644062947e-04 -1.745520000000000058e-02 1.534239724038445087e-02 -9.021124380031437899e-04 9.998818915452302170e-01 9.966407000000000460e-01
9.998675136779997530e-01 -4.837301678054971125e-03 -1.554205918952156380e-02 -9.320399999999999519e-03 4.849976591281063808e-03 9.999879361992274340e-01 7.779351347212864250e-04 -1.805479999999999932e-02 1.553810858628329981e-02 -8.532106922060167607e-04 9.998789122754192515e-01 1.031967300000000032e+00
9.998609666498381454e-01 -5.371845016896797421e-03 -1.578577369550165227e-02 -9.962300000000000322e-03 5.390178781004304441e-03 9.999848466868368480e-01 1.119093120437444563e-03 -1.848330000000000112e-02 1.577952289392685337e-02 -1.204025671586996145e-03 9.998747706485158204e-01 1.067630800000000102e+00
9.998694082913486270e-01 -4.957952999371423135e-03 -1.538132195763516549e-02 -1.081559999999999987e-02 4.997713785011023181e-03 9.999842660595094079e-01 2.547644077826523388e-03 -1.910709999999999839e-02 1.536844884923382892e-02 -2.624182821412730880e-03 9.998784548356306479e-01 1.103126300000000004e+00
9.998732330070492225e-01 -4.219766585872665281e-03 -1.535289829289153418e-02 -1.164049999999999981e-02 4.274750587598322334e-03 9.999845608520285811e-01 3.550290831667520658e-03 -1.980370000000000047e-02 1.533767985860139821e-02 -3.615470582973564356e-03 9.998758342659446186e-01 1.138692500000000107e+00
9.998768337979732079e-01 -3.042685265070340511e-03 -1.539673018916476281e-02 -1.306129999999999965e-02 3.095116569411931855e-03 9.999894888399137871e-01 3.382671002280220572e-03 -2.109520000000000145e-02 1.538627594845372142e-02 -3.429909046263412455e-03 9.998757413980861042e-01 1.209133000000000013e+00
9.998955003775064077e-01 -2.589980058659942979e-04 -1.445410823430036754e-02 -1.403079999999999952e-02 3.305847877072226691e-04 9.999876914323534427e-01 4.950524971189956998e-03 -2.145899999999999891e-02 1.445264814883586574e-02 -4.954785951501456363e-03 9.998832787169014136e-01 1.244768899999999956e+00
9.999170173849822874e-01 -1.034061474712798088e-04 -1.288206703481997034e-02 -1.461750000000000028e-02 2.093847146890076951e-04 9.999661460054615203e-01 8.225752307552005801e-03 -2.197980000000000073e-02 1.288078033203675365e-02 -8.227767021045726339e-03 9.998831878514035099e-01 1.280338200000000093e+00
9.999544442145191780e-01 7.039437597500212019e-04 -9.519136453220911412e-03 -1.565209999999999865e-02 -5.688096433794837849e-04 9.998991364858685893e-01 1.419131108826183867e-02 -2.242200000000000096e-02 9.528166204549997839e-03 -1.418525001532697401e-02 9.998539857053033719e-01 1.351069700000000040e+00
9.999639884483265684e-01 2.505036880876869909e-04 -8.482868289524251107e-03 -1.586550000000000113e-02 -1.218822504428189316e-04 9.998850789673862094e-01 1.515961751170033858e-02 -2.234529999999999850e-02 8.485690969637570483e-03 -1.515803767927362961e-02 9.998491020861506318e-01 1.386919299999999966e+00
9.999772123235042276e-01 -1.336050871800224544e-03 -6.617386325527024882e-03 -1.622169999999999862e-02 1.423872547445636638e-03 9.999107437190580816e-01 1.328447146742555048e-02 -2.230379999999999863e-02 6.599046952548592859e-03 -1.329359105991209482e-02 9.998898604426639247e-01 1.422263300000000008e+00
9.999829245072409112e-01 -5.712447707853842436e-04 -5.815872536235309337e-03 -1.650679999999999856e-02 6.403286284189811444e-04 9.999291827634019247e-01 1.188357847463502801e-02 -2.261550000000000019e-02 5.808672240152032776e-03 -1.188709962636101680e-02 9.999124742642625518e-01 1.457270899999999925e+00
9.999863903051435798e-01 -1.227891554667269144e-04 -5.215757597168880003e-03 -1.676350000000000062e-02 1.816049681921299891e-04 9.999363895202569852e-01 1.127758541658766163e-02 -2.269049999999999886e-02 5.214041055136894171e-03 -1.127837913958395534e-02 9.999228029902403891e-01 1.492379499999999970e+00
9.999869715185367713e-01 -5.601806306022211234e-04 -5.073755103109609498e-03 -1.724080000000000057e-02 6.161975755944721191e-04 9.999388044885816340e-01 1.104570407416554517e-02 -2.308609999999999829e-02 5.067257022597551792e-03 -1.104868660100846375e-02 9.999261219863494476e-01 1.527357499999999924e+00
9.999704135675677730e-01 -7.864056714467440199e-04 -7.652029510357378182e-03 -1.778549999999999923e-02 8.639609878805959995e-04 9.999482436332055579e-01 1.013723957883923971e-02 -2.342500000000000138e-02 7.643661486413704832e-03 -1.014355070906045042e-02 9.999193381558802995e-01 1.597332600000000102e+00
9.999614401001236663e-01 -7.408459159071285275e-04 -8.750397717579015341e-03 -1.826929999999999873e-02 8.387141462823733198e-04 9.999370822949216198e-01 1.118606320829792188e-02 -2.359980000000000064e-02 8.741560013393155290e-03 -1.119297095717193026e-02 9.998991461790954771e-01 1.632489300000000032e+00
9.999416348500977936e-01 -2.906092473423913013e-05 -1.080398300518840490e-02 -1.931319999999999912e-02 1.521334896559534404e-04 9.999351116222051639e-01 1.139075943427055905e-02 -2.410829999999999917e-02 1.080295092625489090e-02 -1.139173825852544085e-02 9.998767546806627271e-01 1.702358999999999956e+00
9.999356962807873783e-01 3.834436389501227047e-04 -1.133385523256939635e-02 -1.978069999999999828e-02 -2.569361319996141279e-04 9.999376781609889964e-01 1.116126237638400548e-02 -2.435680000000000137e-02 1.133742860092909650e-02 -1.115763258877799577e-02 9.998734769698277569e-01 1.737416499999999919e+00
9.999336569686977372e-01 -7.176503997490388991e-04 -1.149637504217970729e-02 -2.034230000000000066e-02 8.395018312195452184e-04 9.999434893319480988e-01 1.059780068332362782e-02 -2.462019999999999834e-02 1.148811985844905292e-02 -1.060674882100145697e-02 9.998777525185597037e-01 1.772552099999999964e+00
9.999266494331829902e-01 -1.958793566081324083e-03 -1.195235880877332235e-02 -2.076669999999999905e-02 2.073885880778010993e-03 9.999515331032216015e-01 9.624470991697248179e-03 -2.496790000000000120e-02 1.193292716317720728e-02 -9.648552859470201082e-03 9.998822484057990900e-01 1.807248399999999977e+00
9.999222680598648383e-01 -2.419490470190374751e-03 -1.223126746827618051e-02 -2.156069999999999862e-02 2.557932987345603020e-03 9.999327026221052073e-01 1.131579452291852327e-02 -2.549869999999999914e-02 1.220306587903640001e-02 -1.134620168679023773e-02 9.998611648076120018e-01 1.841907500000000031e+00
9.999176682258390514e-01 -2.636096466242115761e-03 -1.255817523454380580e-02 -2.213149999999999840e-02 2.801273861475956067e-03 9.999095638029349420e-01 1.315359571285826083e-02 -2.583109999999999920e-02 1.252236537375647427e-02 -1.318769164201898624e-02 9.998346239026738580e-01 1.876604600000000067e+00
9.999141435949769896e-01 -1.921163492161221970e-03 -1.296204341761525956e-02 -2.251159999999999967e-02 2.068286535263000065e-03 9.999334878578534092e-01 1.134645544812091893e-02 -2.601320000000000021e-02 1.293938288836859150e-02 -1.137229050211653776e-02 9.998516106799066883e-01 1.911526300000000012e+00
9.999145899650940805e-01 -2.499561986391436166e-04 -1.306714570350272359e-02 -2.307050000000000073e-02 3.816222684390103590e-04 9.999491771753892255e-01 1.007459332709160875e-02 -2.623709999999999931e-02 1.306396338719759478e-02 -1.007871956950927121e-02 9.998638668701140819e-01 1.945980299999999996e+00
9.999121112963538227e-01 1.970584518650698828e-03 -1.311054840664826159e-02 -2.380169999999999855e-02 -1.830077462415237444e-03 9.999408593254164312e-01 1.072047890858444930e-02 -2.669490000000000057e-02 1.313089864974110836e-02 -1.069554338043179550e-02 9.998565821418827770e-01 1.980456599999999900e+00
9.999083379261209936e-01 3.465227380650462950e-03 -1.308846610656410649e-02 -2.445189999999999864e-02 -3.319712455955050462e-03 9.999326245945220348e-01 1.112320910171049268e-02 -2.711480000000000140e-02 1.312612871459304005e-02 -1.107873958133273259e-02 9.998524722549106958e-01 2.014584800000000175e+00
9.999062041889199559e-01 5.086393135153633761e-03 -1.271658088404644359e-02 -2.518590000000000065e-02 -4.940407825051877470e-03 9.999218394228902573e-01 1.148509537034055755e-02 -2.737209999999999990e-02 1.277400465899396730e-02 -1.142119302079751611e-02 9.998531797993911452e-01 2.049105400000000188e+00
9.999119555087863098e-01 5.829483148328335612e-03 -1.192050153383551053e-02 -2.563829999999999928e-02 -5.684050366453181555e-03 9.999094470288230063e-01 1.219792252578225100e-02 -2.746260000000000021e-02 1.199052968081236459e-02 -1.212909183478790356e-02 9.998545455861251874e-01 2.083657500000000162e+00
9.999251195323343167e-01 7.600669929908421968e-03 -9.590888637845519996e-03 -2.632050000000000015e-02 -7.475530489754883545e-03 9.998873330786605118e-01 1.301681960928116263e-02 -2.769370000000000165e-02 9.688744611337089460e-03 -1.294414792330524089e-02 9.998692800873500985e-01 2.117839299999999980e+00
9.999552436030304525e-01 6.422787206445814551e-03 -6.946840670746246872e-03 -2.673930000000000057e-02 -6.348488430667879184e-03 9.999229740621672358e-01 1.066501933032812550e-02 -2.788150000000000003e-02 7.014804733539935742e-03 -1.062044006486136290e-02 9.999189961028738249e-01 2.151863599999999987e+00
9.999839390841168685e-01 3.439548048708652300e-03 -4.504562468628106088e-03 -2.696969999999999923e-02 -3.413195424238142824e-03 9.999770934384261123e-01 5.844886263496510727e-03 -2.823339999999999878e-02 4.524563051733087975e-03 -5.829417437263769396e-03 9.999727727401046540e-01 2.185701400000000127e+00
9.999877012760651773e-01 4.543461562658854778e-03 -1.988530522690123894e-03 -2.723549999999999929e-02 -4.532476871777335777e-03 9.999746354209608779e-01 5.494103031724585813e-03 -2.864639999999999895e-02 2.013442330396437909e-03 -5.485022492665212433e-03 9.999829301434286499e-01 2.219434000000000129e+00
9.999929121765834816e-01 3.684396564231166068e-03 7.751248631508443924e-04 -2.734740000000000087e-02 -3.691118166653490230e-03 9.999539662101635251e-01 8.856698439210901677e-03 -2.901410000000000100e-02 -7.424575919159369158e-04 -8.859496741960111096e-03 9.999604782561176686e-01 2.253306900000000113e+00
9.999856669557819489e-01 3.580732836751950379e-03 3.980481798930781898e-03 -2.733150000000000163e-02 -3.621546195417463254e-03 9.999404583123371326e-01 1.029389300836224680e-02 -2.941269999999999996e-02 -3.943385113613707624e-03 -1.030816096425342734e-02 9.999390939109145116e-01 2.287198300000000017e+00
9.999581478537339363e-01 3.877597021857275526e-03 8.286542238231145788e-03 -2.735339999999999994e-02 -3.949048094652887232e-03 9.999550178497190744e-01 8.623647506364831919e-03 -2.981110000000000010e-02 -8.252730461854649799e-03 -8.656010542045197362e-03 9.999284804031836060e-01 2.320789299999999944e+00
9.999253896100873673e-01 3.221376171713794846e-03 1.178295161134737881e-02 -2.715209999999999846e-02 -3.288075873125090136e-03 9.999786570287282350e-01 5.645710236420128231e-03 -3.024330000000000074e-02 -1.176451317172163766e-02 -5.684032246685526493e-03 9.999146403604914912e-01 2.354207000000000161e+00
9.998836702540000454e-01 1.907809342175194323e-03 1.513295155956084596e-02 -2.676610000000000100e-02 -1.939276600138249186e-03 9.999959875136283927e-01 2.064984966398010404e-03 -3.067409999999999928e-02 -1.512895124118860367e-02 -2.094091726071857767e-03 9.998833580044147462e-01 2.387743200000000066e+00
9.997513692648479777e-01 1.195653524129042114e-03 2.226589467575159839e-02 -2.573749999999999996e-02 -1.257391577249425624e-03 9.999954035164905219e-01 2.758969429455059193e-03 -3.186139999999999806e-02 -2.226249355941260430e-02 -2.786280413282765135e-03 9.997482773288361990e-01 2.454169499999999893e+00
9.996619682021679054e-01 2.114418157133277163e-03 2.591290346573970824e-02 -2.501000000000000098e-02 -2.199211268457677056e-03 9.999923193753913475e-01 3.244173241674266905e-03 -3.245959999999999818e-02 -2.590584489964858558e-02 -3.300064557261215593e-03 9.996589402260919188e-01 2.487483699999999853e+00
9.995516165617384097e-01 1.617733350957983266e-03 2.989897602963251591e-02 -2.432039999999999896e-02 -1.659098675887012934e-03 9.999977005969704624e-01 1.358746611958392032e-03 -3.307319999999999705e-02 -2.989670919012678632e-02 -1.407742724021936610e-03 9.995520021689836554e-01 2.520445300000000000e+00
9.994451680291204232e-01 1.354610963274922950e-03 3.327944008515627133e-02 -2.333669999999999842e-02 -1.317817943174550387e-03 9.999984960628508501e-01 -1.127487430115469216e-03 -3.356560000000000099e-02 -3.328091734180380762e-02 1.083005620759454855e-03 9.994454500570371103e-01 2.553238599999999803e+00
9.991225498049883802e-01 -3.030392277212204714e-04 4.188124447058497873e-02 -1.951829999999999884e-02 2.560379786590872837e-04 9.999993314699788804e-01 1.127609927608176589e-03 -3.521930000000000199e-02 -4.188155818175736539e-02 -1.115897316879324022e-03 9.991219594511203672e-01 2.652386900000000214e+00
9.990039935449013253e-01 -1.108797648578713430e-03 4.460707846422250905e-02 -1.804870000000000085e-02 9.750810200360373204e-04 9.999949665040118729e-01 3.019301847180678317e-03 -3.572689999999999894e-02 -4.461020172946052881e-02 -2.972799087481273021e-03 9.990000462298499473e-01 2.685165200000000141e+00
9.988920736051604132e-01 -2.529397009702840596e-03 4.699178055309372742e-02 -1.658159999999999842e-02 2.355640875218507468e-03 9.999901844402133699e-01 3.752596340543816640e-03 -3.607710000000000083e-02 -4.700081110842462689e-02 -3.637742980938783559e-03 9.988882272712773513e-01 2.717937699999999790e+00
9.987666406811818165e-01 -3.264570024789144754e-03 4.954331483641669087e-02 -1.512130000000000071e-02 3.197434967368199734e-03 9.999938596176266570e-01 1.434272174977587648e-03 -3.655449999999999672e-02 -4.954769290346937305e-02 -1.274091674767566891e-03 9.987709461224569818e-01 2.750569599999999948e+00
9.984374165239280341e-01 -3.921351836690570129e-03 5.574359411445552887e-02 -8.692999999999999339e-03 4.227432347372022357e-03 9.999766241595553495e-01 -5.374006904345167944e-03 -3.889499999999999902e-02 -5.572121768924894608e-02 5.601261842874368131e-03 9.984306544597851829e-01 2.881870999999999849e+00
9.984674358532097393e-01 -4.047893707245240995e-03 5.519414912154567421e-02 -7.130000000000000053e-03 4.255308668943187482e-03 9.999843179397375215e-01 -3.640909602010796581e-03 -3.961189999999999850e-02 -5.517854554850638860e-02 3.870197815724906593e-03 9.984690028638939507e-01 2.914985399999999949e+00
9.985318084429449792e-01 -4.569342571568260278e-03 5.397544475153027294e-02 -5.644800000000000165e-03 4.692850103066496456e-03 9.999866520243896328e-01 -2.161696315958226006e-03 -4.027479999999999949e-02 -5.396484675760685606e-02 2.411821203143498307e-03 9.985399233044777167e-01 2.947788000000000075e+00
9.990998935387654933e-01 -1.809756310176707057e-03 4.238074460088141898e-02 2.245000000000000088e-04 1.869414588825386468e-03 9.999973168126178313e-01 -1.368085033896316314e-03 -4.247080000000000299e-02 -4.237815498487931126e-02 1.446080793959958520e-03 9.991005959513861168e-01 3.082237199999999788e+00
9.993997328991299778e-01 -1.281859565612718764e-03 3.461980238536489091e-02 2.295800000000000184e-03 1.281755690608155605e-03 9.999991782334639590e-01 2.519417580679249400e-05 -4.359980000000000105e-02 -3.461980623136506202e-02 1.919507614324910370e-05 9.994005546566661069e-01 3.149259600000000159e+00
9.995413059817739310e-01 -1.010165918646528790e-03 3.026808882414863330e-02 3.148199999999999870e-03 9.836052645884830938e-04 9.999991180800782420e-01 8.923899087480657811e-04 -4.421630000000000005e-02 -3.026896359199006750e-02 -8.622087233185333740e-04 9.995414180708992458e-01 3.183235199999999931e+00
9.999901776702522227e-01 3.526420138298846929e-03 2.684943952016555398e-03 5.104100000000000303e-03 -3.527562533868593142e-03 9.999936895675451964e-01 4.208653676266876941e-04 -4.740939999999999738e-02 -2.683442860751190234e-03 -4.303325414389381847e-04 9.999963069673392102e-01 3.387127899999999858e+00
9.999850120008505483e-01 5.448036945941603544e-03 5.428324736398965457e-04 4.942900000000000071e-03 -5.448322047192055186e-03 9.999850199040507537e-01 5.251231904306853876e-04 -4.798440000000000344e-02 -5.399634514147200236e-04 -5.280728460188179171e-04 9.999997147892295546e-01 3.421460399999999957e+00
9.999484552331898701e-01 9.888208760257352625e-03 -2.304388046933662781e-03 3.970099999999999844e-03 -9.885131894905696548e-03 9.999502392806819406e-01 1.342806734961941558e-03 -4.962640000000000107e-02 2.317551332246842177e-03 -1.319958340520933264e-03 9.999964433265758901e-01 3.524920900000000135e+00
9.998997703025349626e-01 1.365761879210756341e-02 -3.730790515076382909e-03 3.181400000000000027e-03 -1.364324751532830157e-02 9.998995117495080853e-01 3.850740231541882087e-03 -5.073479999999999657e-02 3.783007556614401828e-03 -3.799454174588432105e-03 9.999856263976006909e-01 3.594293400000000194e+00
9.998934158696756169e-01 1.376591680883831881e-02 -4.863788120791134005e-03 2.495100000000000096e-03 -1.373360248833762134e-02 9.998838019963954826e-01 6.615940441486582377e-03 -5.134350000000000025e-02 4.954297444051275652e-03 -6.548437954589904353e-03 9.999662858802744747e-01 3.663420700000000085e+00
9.999284399686603209e-01 1.017480653524767929e-02 -6.291919723856084432e-03 1.895299999999999936e-03 -1.013553192131187893e-02 9.999291469088033013e-01 6.242768208477733442e-03 -5.210680000000000173e-02 6.354992880659743326e-03 -6.178549522581612725e-03 9.999607190241442956e-01 3.732761099999999832e+00
9.999601513046398882e-01 4.731951926719816202e-03 -7.569969205016714719e-03 1.382800000000000001e-03 -4.658644963376804525e-03 9.999423690295485834e-01 9.672416796195001942e-03 -5.261330000000000173e-02 7.615302351639935061e-03 -9.636765564094824932e-03 9.999245671147178882e-01 3.802511700000000161e+00
9.999701344394563707e-01 -1.491201170923523540e-03 -7.583307207508752437e-03 9.018000000000000191e-04 1.561143462455490865e-03 9.999562241391949380e-01 9.225651000000320567e-03 -5.325819999999999860e-02 7.569217940134261718e-03 -9.237214101232620045e-03 9.999286878650011090e-01 3.872289700000000057e+00
9.999642706963015604e-01 -3.575382377331194281e-03 -7.659893711380779020e-03 7.709000000000000357e-04 3.635697033858117933e-03 9.999623848201838472e-01 7.874684235482248135e-03 -5.332329999999999709e-02 7.631450575858861156e-03 -7.902251931343803187e-03 9.999396558675537339e-01 3.907267299999999999e+00
9.999592316992277352e-01 -5.684493856060961366e-03 -7.015801386197720833e-03 1.102999999999999977e-04 5.742093054805249945e-03 9.999497511482364764e-01 8.217271197287424195e-03 -5.401059999999999889e-02 6.968737822599297728e-03 -8.257221577517303429e-03 9.999416257887155934e-01 3.976824800000000160e+00
9.999668075439894777e-01 -5.250319897354898541e-03 -6.230405384670294373e-03 -3.461000000000000101e-04 5.312658927770663730e-03 9.999355691915642330e-01 1.003160608574858378e-02 -5.415969999999999812e-02 6.177334813580045818e-03 -1.006437313089536545e-02 9.999302720330467409e-01 4.011573799999999856e+00
9.999785153710639696e-01 -2.808949211921912131e-03 -5.922719021505287035e-03 -5.473999999999999699e-04 2.878122623862305884e-03 9.999273715001024687e-01 1.170333862870321859e-02 -5.459060000000000301e-02 5.889414779489489382e-03 -1.172013349842604066e-02 9.999139729318388126e-01 4.046162599999999721e+00
9.999815066448660694e-01 -2.845732564704067484e-03 -5.374772035530929644e-03 -8.731000000000000262e-04 2.898969749879547718e-03 9.999465602979655809e-01 9.923332235509755780e-03 -5.476729999999999793e-02 5.346245659621880024e-03 -9.938730021346113899e-03 9.999363176237323625e-01 4.080970299999999717e+00
9.999848071128389915e-01 -2.421467187188866901e-03 -4.951973360142485417e-03 -1.183500000000000090e-03 2.461274630682672160e-03 9.999645814929971621e-01 8.048471080112718293e-03 -5.509929999999999689e-02 4.932308860011820270e-03 -8.060536967002913597e-03 9.999553490397024014e-01 4.115721200000000302e+00
9.999876202520737722e-01 -2.589509960655418750e-03 -4.248974082992021221e-03 -1.621199999999999941e-03 2.613653150519834514e-03 9.999804164045588140e-01 5.686442171869389266e-03 -5.561809999999999671e-02 4.234165774157792363e-03 -5.697477119647193465e-03 9.999748049799395133e-01 4.150176499999999713e+00
9.999866443289135987e-01 -3.730477623722268116e-03 -3.576968059366923951e-03 -1.965199999999999846e-03 3.724294618467455156e-03 9.999915619803181333e-01 -1.733665988130679613e-03 -5.683450000000000307e-02 3.583405279015767098e-03 1.720321150964038278e-03 9.999920998196654143e-01 4.218995099999999887e+00
9.999836300853358617e-01 -4.442153503574840581e-03 -3.606498801458773561e-03 -2.341399999999999992e-03 4.434204812143679314e-03 9.999877289898319033e-01 -2.209003721700089629e-03 -5.823930000000000079e-02 3.616267279697069157e-03 2.192975606157253517e-03 9.999910566944849588e-01 4.287470800000000359e+00
9.999884903777402911e-01 -2.827822529559232637e-03 -3.875891096179255330e-03 -2.938300000000000026e-03 2.825360761696170831e-03 9.999958035539534551e-01 -6.404772043127445391e-04 -5.960000000000000020e-02 3.877685987079412203e-03 6.295190420423044672e-04 9.999922835988092062e-01 4.355981299999999834e+00
9.999865460360964908e-01 -2.172553187842268894e-03 -4.710388459964898016e-03 -3.510099999999999939e-03 2.168231891491357363e-03 9.999972240538259616e-01 -9.223096589016769892e-04 -6.076349999999999807e-02 4.712379150969698595e-03 9.120840357006096411e-04 9.999884807263778042e-01 4.423551999999999929e+00
9.999778291473657710e-01 -2.673026402777947501e-03 -6.098864121440606550e-03 -4.230700000000000432e-03 2.678943514286127175e-03 9.999959486735994219e-01 9.622359560550241891e-04 -6.212150000000000311e-02 6.096267330835141232e-03 -9.785531349460888702e-04 9.999809387975318042e-01 4.491118400000000399e+00
9.999754333365038494e-01 -1.757555599616559801e-03 -6.785552430401516760e-03 -4.621899999999999967e-03 1.765222197596653551e-03 9.999978102850257677e-01 1.124017680861521618e-03 -6.267699999999999660e-02 6.783562048406684836e-03 -1.135968075270492967e-03 9.999763461514814544e-01 4.524879000000000318e+00
9.999670691458242278e-01 -1.281303355345844892e-03 -8.013668674324228233e-03 -5.603099999999999747e-03 1.275475429092445909e-03 9.999989184367974460e-01 -7.323166425636692652e-04 -6.411530000000000007e-02 8.014598326806366205e-03 7.220712892601141445e-04 9.999676218891855317e-01 4.593038599999999860e+00
9.999622269339748515e-01 -7.796363457185353976e-04 -8.656608597727056750e-03 -6.031800000000000356e-03 7.727488368275707478e-04 9.999993822671277011e-01 -7.989521876518540337e-04 -6.473520000000000663e-02 8.657226142419349388e-03 7.922326245533538314e-04 9.999622116875155342e-01 4.626874400000000165e+00
9.999546669861589798e-01 -1.159375381040688834e-03 -9.450916427826736022e-03 -6.373900000000000052e-03 1.143397719937215735e-03 9.999979084129003715e-01 -1.695821770929726224e-03 -6.536640000000000505e-02 9.452862754423703440e-03 1.684938737923018454e-03 9.999539011210444306e-01 4.660902499999999726e+00
9.999442010340894305e-01 -9.937681314447623180e-04 -1.051699782245261831e-02 -6.770899999999999835e-03 9.670030086219866131e-04 9.999962819130367997e-01 -2.549718667537180777e-03 -6.614860000000000184e-02 1.051949254849607156e-02 2.539406427336186964e-03 9.999414441313646540e-01 4.694870500000000391e+00
9.999389850299509330e-01 -8.451828507037760724e-04 -1.101416738661428057e-02 -7.314099999999999595e-03 8.171905140450266792e-04 9.999964257042818216e-01 -2.545737285064355541e-03 -6.673830000000000040e-02 1.101627963221868400e-02 2.536581283871709117e-03 9.999361016277265035e-01 4.728946699999999836e+00
9.999321680938710877e-01 -4.572657501608973695e-04 -1.163830396252454706e-02 -7.922600000000000128e-03 4.419188277277276335e-04 9.999990295768923509e-01 -1.321193787159262922e-03 -6.735140000000000571e-02 1.163889680511363996e-02 1.315960982422456236e-03 9.999313998109333745e-01 4.762998099999999901e+00
9.999234446496109152e-01 -7.209663832812284465e-04 -1.235253202912458756e-02 -8.491600000000000190e-03 7.130061099367971571e-04 9.999995353298115619e-01 -6.488161897921340248e-04 -6.806969999999999688e-02 1.235299406393296912e-02 6.399590886314305942e-04 9.999234940684318396e-01 4.796778200000000325e+00
9.999088672127033339e-01 -2.754418437472380059e-04 -1.349745906454936743e-02 -8.860500000000000320e-03 2.721456809273173024e-04 9.999999326999587934e-01 -2.460422855327855938e-04 -6.868810000000000193e-02 1.349752592651058160e-02 2.423465878256017526e-04 9.999088748791034043e-01 4.830803399999999748e+00
9.999036800643585909e-01 6.145874997625830859e-04 -1.386552833317099449e-02 -9.655499999999999153e-03 -6.173828451244646378e-04 9.999997899507139243e-01 -1.973244808200563197e-04 -6.919229999999999825e-02 1.386540414756735722e-02 2.058658138702502277e-04 9.999038494710835723e-01 4.864507699999999879e+00
9.998957998000507219e-01 8.770147700024257149e-04 -1.440903838949683137e-02 -1.034020000000000078e-02 -8.905390584705093378e-04 9.999991689637343084e-01 -9.322081452013340460e-04 -6.992510000000000392e-02 1.440820885475131881e-02 9.449428204070577661e-04 9.998957498662868204e-01 4.898325400000000052e+00
9.998854307788106466e-01 2.135144352807400326e-03 -1.498554219455577180e-02 -1.092949999999999998e-02 -2.159931217202302935e-03 9.999963257181880838e-01 -1.638062044128391504e-03 -7.047209999999999586e-02 1.498198963452757743e-02 1.670242113028459156e-03 9.998863686828992625e-01 4.932215199999999911e+00
9.998769122447528357e-01 1.688946763803060927e-03 -1.559832743366283518e-02 -1.233219999999999976e-02 -1.722146542067027903e-03 9.999962799948846071e-01 -2.115232299284443458e-03 -7.199730000000000019e-02 1.559469689305842226e-02 2.141834545740809760e-03 9.998761013113536267e-01 4.999535599999999747e+00
9.998735509030435287e-01 4.044432614757076123e-04 -1.589712647578166160e-02 -1.287040000000000059e-02 -4.671275286968556246e-04 9.999921306253743980e-01 -3.939603938984244380e-03 -7.255730000000000512e-02 1.589540802907194600e-02 3.946531765027806379e-03 9.998658714500745504e-01 5.033367600000000053e+00
9.998685527551298691e-01 -2.447348916444219355e-03 -1.602771645130515385e-02 -1.346390000000000087e-02 2.387283636548422072e-03 9.999900603324750614e-01 -3.765649093017436888e-03 -7.320160000000000555e-02 1.603677299835994455e-02 3.726891403603572843e-03 9.998644569101678981e-01 5.067011400000000165e+00
9.998642738877582259e-01 -2.003146201494823350e-03 -1.635301832083125781e-02 -1.421180000000000013e-02 2.002717737202408706e-03 9.999979936524091562e-01 -4.257723947882154807e-05 -7.387449999999999573e-02 1.635307079942787886e-02 9.820980787712392345e-06 9.998662795489090538e-01 5.100643200000000377e+00
9.998577101096147723e-01 -2.621805593609663216e-03 -1.666390319783784754e-02 -1.473600000000000083e-02 2.691193654609155220e-03 9.999877967937200740e-01 4.142914475932277241e-03 -7.446730000000000016e-02 1.665283792844285057e-02 -4.187170771632664490e-03 9.998525644263048795e-01 5.134352699999999992e+00
9.998594137201306520e-01 4.280405172956624871e-06 -1.676761094834122723e-02 -1.599590000000000040e-02 2.805456244442632906e-07 9.999999630059968059e-01 2.720072175003016772e-04 -7.541620000000000268e-02 1.676761149234127363e-02 -2.719736810973796197e-04 9.998593767301273694e-01 5.201170900000000152e+00
9.998578947806082695e-01 1.453689174449391327e-04 -1.685731629791212619e-02 -1.682120000000000143e-02 -1.710197450858928422e-04 9.999988298531382602e-01 -1.520212025013408614e-03 -7.606259999999999410e-02 1.685707558080000099e-02 1.522878928886173570e-03 9.998567496609856997e-01 5.233849000000000196e+00
9.998540554907618949e-01 -3.395836352726415842e-04 -1.708076115491470592e-02 -1.808459999999999929e-02 3.379916487540464659e-04 9.999999382641585610e-01 -9.609018968954716091e-05 -7.750849999999999407e-02 1.708079273107546842e-02 9.030301122924662383e-05 9.998541085403631623e-01 5.299804700000000146e+00
9.998710450539065597e-01 -8.233817182770336454e-04 -1.603793332555470547e-02 -1.960469999999999921e-02 8.713618172529669819e-04 9.999951655225953751e-01 2.984905362076520179e-03 -7.877380000000000493e-02 1.603539807402250272e-02 -2.998495286493996388e-03 9.998669286633219411e-01 5.365535699999999686e+00
9.999118518742080575e-01 -1.861735537052874824e-03 -1.314619421284463248e-02 -2.089720000000000119e-02 1.871381925004443137e-03 9.999979886710184118e-01 7.215148012656430595e-04 -7.990750000000000630e-02 1.314482450177719038e-02 -7.460527513206957400e-04 9.999133247407545610e-01 5.430438999999999794e+00
9.999422548666297983e-01 -2.637789178988755433e-03 -1.041772530292805858e-02 -2.196700000000000041e-02 2.625733933278473920e-03 9.999958674899107613e-01 -1.170693987547332315e-03 -8.143859999999999988e-02 1.042077029550539553e-02 1.143272210831413607e-03 9.999450487277289357e-01 5.495455299999999710e+00
9.999685697813444074e-01 -2.542431347646827936e-03 -7.509693222434069004e-03 -2.284210000000000060e-02 2.555126698865366631e-03 9.999953220689206113e-01 1.681418397837933449e-03 -8.292059999999999709e-02 7.505383201763573750e-03 -1.700553768142967466e-03 9.999703882315097436e-01 5.559275200000000083e+00
9.999815511784321265e-01 -2.434643237470249418e-03 -5.565053017085134016e-03 -2.347449999999999884e-02 2.444132603326936923e-03 9.999955697867867199e-01 1.699006361666805095e-03 -8.374159999999999937e-02 5.560891888364874816e-03 -1.712576744519896848e-03 9.999830716378652617e-01 5.622458499999999582e+00
9.999878978476817171e-01 -1.802575240277624674e-03 -4.577650126164949096e-03 -2.377009999999999887e-02 1.811012469913016567e-03 9.999966679373299971e-01 1.839659770449459872e-03 -8.436490000000000655e-02 4.574318747995100715e-03 -1.847927688068087826e-03 9.999878303115750100e-01 5.653671700000000300e+00
9.999952594590703070e-01 -1.868349289124795120e-03 -2.447515131813414284e-03 -2.437260000000000121e-02 1.872844669458110503e-03 9.999965613058710012e-01 1.835709475228976002e-03 -8.542769999999999531e-02 2.444076969064416273e-03 -1.840284588641108703e-03 9.999953199092493916e-01 5.715447400000000400e+00
9.999967314554306652e-01 -1.959357112448600023e-03 -1.642558419379861042e-03 -2.453380000000000144e-02 1.962637656097474675e-03 9.999960780395528159e-01 1.997988724539990091e-03 -8.607090000000000574e-02 1.638637203912688680e-03 -2.001205941031009451e-03 9.999966550158532197e-01 5.746113300000000201e+00
9.999948675789187558e-01 -3.085589394224226307e-03 -8.625276291759997969e-04 -2.486489999999999881e-02 3.087996817024314059e-03 9.999913012587815508e-01 2.803869188610514859e-03 -8.725560000000000260e-02 8.538685372401911677e-04 -2.806518280546672732e-03 9.999956971725738608e-01 5.806030800000000269e+00
9.999924384369318631e-01 -3.655857419821525404e-03 -1.325811255347816766e-03 -2.502429999999999932e-02 3.660915809816011387e-03 9.999859521390557227e-01 3.833173617187034168e-03 -8.781490000000000129e-02 1.311779094325806177e-03 -3.837998315788511677e-03 9.999917744684381216e-01 5.835360500000000172e+00
9.999922323968672977e-01 -3.522693381191960293e-03 -1.767986784976516334e-03 -2.526279999999999845e-02 3.529280665041458626e-03 9.999867906097202885e-01 3.736680887998700216e-03 -8.838089999999999835e-02 1.754800249917284937e-03 -3.742891584520794974e-03 9.999914556828320977e-01 5.864435199999999959e+00
9.999936095432498950e-01 -2.947013211194454783e-03 -2.023854193178555028e-03 -2.558879999999999835e-02 2.952572105372126051e-03 9.999918620366557986e-01 2.749214146736208078e-03 -8.893320000000000392e-02 2.015735752716482296e-03 -2.755172153438225843e-03 9.999941729009125257e-01 5.892940499999999915e+00
9.999838970950151174e-01 -3.248183468030729597e-03 -4.653477712881603189e-03 -2.600330000000000003e-02 3.258186547946812645e-03 9.999923945142238368e-01 2.143626396496946859e-03 -9.071719999999999784e-02 4.646479429100311941e-03 -2.158753776370041840e-03 9.999868749193900896e-01 5.976591599999999893e+00
9.999730555821489952e-01 -3.512141884176281110e-03 -6.446159250741488253e-03 -2.626720000000000096e-02 3.529004704901033459e-03 9.999903762492603487e-01 2.606440994070666293e-03 -9.112560000000000104e-02 6.436943023927721441e-03 -2.629119291359825663e-03 9.999758264559491794e-01 6.003879500000000036e+00
9.999546824788908550e-01 -4.763532904732609152e-03 -8.242678133115341477e-03 -2.658160000000000037e-02 4.797937775074083422e-03 9.999798399556830697e-01 4.159263794591311868e-03 -9.161089999999999511e-02 8.222699170413887843e-03 -4.198623163849152413e-03 9.999573784826436551e-01 6.030828999999999773e+00
9.999059998137146410e-01 -4.305906557353572119e-03 -1.301732327535718749e-02 -2.724350000000000036e-02 4.383051031105742769e-03 9.999729679133666504e-01 5.903584181805055300e-03 -9.249200000000000477e-02 1.299155110810635248e-02 -5.960084835996505570e-03 9.998978432762785085e-01 6.083583400000000196e+00
9.997639597399948785e-01 -3.770356085596016267e-03 -2.139647681263616777e-02 -2.894949999999999954e-02 3.902354761632552405e-03 9.999735922224322060e-01 6.130781767368268832e-03 -9.391960000000000586e-02 2.137279654888970745e-02 -6.212831299217816579e-03 9.997522714627494755e-01 6.158576499999999676e+00
