9.999999259020831976e-01 -9.597263240725545104e-05 3.728070305793669569e-04 -1.629000000000000023e-04 9.602735944493302680e-05 9.999999846168806661e-01 -1.467820993710784825e-04 1.469999999999999986e-05 -3.727929377799650014e-04 1.468178881695597225e-04 9.999999197349633828e-01 2.131000000000000027e-04
9.999987001225451033e-01 -4.151799122383694829e-04 1.558004769099769534e-03 -3.631999999999999920e-04 4.152197970363711308e-04 9.999999134768042808e-01 -2.527655025357683391e-05 -8.907999999999999686e-04 -1.557994139980302135e-03 2.592343182116632421e-05 9.999987859903808340e-01 5.717049999999999910e-02
9.999972245714937591e-01 -3.709668483403327408e-04 2.326635533770411192e-03 -3.378000000000000252e-04 3.714326336613878372e-04 9.999999110652597611e-01 -1.997680433525245484e-04 -1.621599999999999951e-03 -2.326561219530242502e-03 2.006316772744809072e-04 9.999972734261938223e-01 1.136637000000000064e-01
9.999915252175933800e-01 3.859100560385054840e-04 4.098849401955486152e-03 -4.533000000000000137e-04 -3.828882731577087570e-04 9.999996543863907128e-01 -7.379862256923566677e-04 -3.800700000000000172e-03 -4.099132781643062898e-03 7.364105700502267000e-04 9.999913273673480818e-01 2.270963000000000009e-01
9.999878741543200000e-01 4.083531758394929280e-06 4.924584007665331123e-03 -3.946999999999999988e-04 4.835428390163892165e-07 9.999995699629474766e-01 -9.274015776493348389e-04 -4.926200000000000370e-03 -4.924585676985534025e-03 9.273927133682528974e-04 9.999874441205075515e-01 2.840575000000000183e-01
9.999948308230983685e-01 -2.671192094626473074e-03 1.789709439138461927e-03 -8.245000000000000375e-04 2.670000987381660005e-03 9.999962127019030866e-01 6.675901268548334105e-04 -7.601799999999999703e-03 -1.791485922444614612e-03 -6.628081499937438529e-04 9.999981756301088431e-01 4.522822000000000231e-01
9.999973155605010877e-01 -2.305350057148028344e-03 -2.328795944307388076e-04 -1.182399999999999901e-03 2.305446782029428685e-03 9.999972559541602246e-01 4.159318272002678909e-04 -8.823400000000000340e-03 2.319200869368507191e-04 -4.164676021680227568e-04 9.999998863838982510e-01 5.086460000000000425e-01
9.999971206120434886e-01 -1.913052691402961514e-03 -1.448791573019428186e-03 -1.673900000000000084e-03 1.913344439428422451e-03 9.999981495519921770e-01 2.000141182922903643e-04 -9.717999999999999208e-03 1.448406254558630641e-03 -2.027855796741744965e-04 9.999989304980932969e-01 5.651093000000000366e-01
9.999973922270863902e-01 -1.411840894679103299e-04 -2.279387215817832261e-03 -2.036899999999999909e-03 1.408157383949117558e-04 9.999999770022179879e-01 -1.617605990712472496e-04 -1.049010000000000047e-02 2.279410001419873710e-03 1.614392036424552044e-04 9.999973891103061119e-01 6.216648999999999647e-01
9.999960559298713969e-01 -5.148569281747063155e-04 -2.760986607173688493e-03 -2.591700000000000167e-03 5.147420705715441587e-04 9.999998666251962431e-01 -4.231064096486907125e-05 -1.145089999999999997e-02 2.761008022854278491e-03 4.088927812573702809e-05 9.999961875741150141e-01 6.778918999999999917e-01
9.999935197780788210e-01 -1.233741324835141429e-03 -3.382053251007610846e-03 -2.780900000000000212e-03 1.236254530009928305e-03 9.999989612143573847e-01 7.411106147159594610e-04 -1.281730000000000022e-02 3.381135398987602028e-03 -7.452868908070008156e-04 9.999940062174693667e-01 7.340605999999999520e-01
9.999912469437376439e-01 -1.751724363595792439e-03 -3.799670730830767215e-03 -3.302999999999999946e-03 1.754667829011808105e-03 9.999981629872252142e-01 7.714680711766067978e-04 -1.374359999999999991e-02 3.798312351371077936e-03 -7.781284784654016315e-04 9.999924836414283424e-01 7.902477999999999447e-01
9.999891477165472331e-01 -1.560929677565665863e-03 -4.389527044603980938e-03 -3.749900000000000021e-03 1.559461728525089481e-03 9.999987269763689346e-01 -3.378235618220055384e-04 -1.475409999999999916e-02 4.390048775455752256e-03 3.309745962325698191e-04 9.999903089168243886e-01 8.465916999999999470e-01
9.999867758119705963e-01 -1.449895338160002043e-03 -4.934167071350577076e-03 -4.213599999999999637e-03 1.445694836371610179e-03 9.999985896668505125e-01 -8.547694134174804942e-04 -1.583270000000000163e-02 4.935399438718907593e-03 8.476248099291893096e-04 9.999874616036752428e-01 9.028378999999999710e-01
9.999826346490588991e-01 -4.696850462675807632e-04 -5.874503918129935463e-03 -4.591099999999999869e-03 4.679109168999166530e-04 9.999998445112653345e-01 -3.033757061105181885e-04 -1.669939999999999966e-02 5.874645495743314842e-03 3.006216933702502607e-04 9.999826989337849970e-01 9.590195000000000247e-01
9.999782319987579049e-01 -8.287151224776409270e-04 -6.545896415628763010e-03 -5.222700000000000259e-03 8.244758033104878682e-04 9.999994486733339016e-01 -6.503019898931855893e-04 -1.767229999999999843e-02 6.546431721794717870e-03 6.448909009129990015e-04 9.999783639396594426e-01 1.015646499999999897e+00
9.999716261441626841e-01 -9.290393195424320044e-04 -7.475546303890582417e-03 -5.963500000000000051e-03 9.193471739316779173e-04 9.999987326007090394e-01 -1.299845279013189933e-03 -1.876130000000000159e-02 7.476744436762022827e-03 1.292935775022555295e-03 9.999712128905057229e-01 1.071874400000000005e+00
9.999639111340786757e-01 -3.830487750229095469e-04 -8.487031464081098986e-03 -6.481999999999999915e-03 3.789443647047047864e-04 9.999998104850016389e-01 -4.852124579147012767e-04 -1.989549999999999999e-02 8.487215715698975121e-03 4.819788344009792312e-04 9.999638667800944125e-01 1.128161900000000051e+00
9.999573254203524275e-01 -1.838565662160783140e-03 -9.053563634358793508e-03 -7.206599999999999638e-03 1.848994256639291921e-03 9.999976366489435886e-01 1.143641887338348127e-03 -2.083199999999999982e-02 9.051439576905745063e-03 -1.160333070063586380e-03 9.999583616675007391e-01 1.184657700000000036e+00
9.999461785608735331e-01 -1.919136975355839169e-03 -1.019592540063317399e-02 -7.657399999999999970e-03 1.930410606168658696e-03 9.999975361757008629e-01 1.095973274923139245e-03 -2.176610000000000003e-02 1.019379695682851375e-02 -1.115596610597325471e-03 9.999474195915529773e-01 1.241124700000000081e+00
9.999355760283068495e-01 -2.595507225362321188e-03 -1.105020973471259292e-02 -8.470300000000000051e-03 2.598808965248191466e-03 9.999965826354780818e-01 2.844456494877009036e-04 -2.272189999999999974e-02 1.104943369137941812e-02 -3.131447084956739762e-04 9.999389041113918575e-01 1.297404400000000013e+00
9.999232903420297580e-01 -2.755901342010104102e-03 -1.207553060374589281e-02 -9.215100000000000374e-03 2.746793018515608295e-03 9.999959304897825252e-01 -7.707995767825334818e-04 -2.361040000000000014e-02 1.207760570983879532e-02 7.375714658533941799e-04 9.999267910345489563e-01 1.354018900000000025e+00
9.999124374594863252e-01 -2.691230539883015214e-03 -1.295664663444975363e-02 -9.871899999999999425e-03 2.677051456916723811e-03 9.999957988978603884e-01 -1.111567419016634478e-03 -2.441369999999999998e-02 1.295958368643905338e-02 1.076784477599964469e-03 9.999154412878435982e-01 1.410402699999999898e+00
9.999036878821038199e-01 -3.150411123059024005e-03 -1.351628164563069799e-02 -1.077960000000000029e-02 3.147037279765276582e-03 9.999950113790614381e-01 -2.708751569666833147e-04 -2.565639999999999935e-02 1.351706758613253727e-02 2.283128261840233948e-04 9.999086142028806856e-01 1.466840900000000003e+00
9.998977068294375714e-01 -3.748803152054553615e-03 -1.380298345138482145e-02 -1.204610000000000056e-02 3.749805264426106597e-03 9.999929683640782496e-01 4.672128480354379457e-05 -2.665549999999999864e-02 1.380271124493081918e-02 -9.847500554597773438e-05 9.999047331945990491e-01 1.523373700000000053e+00
9.998857819035913419e-01 -4.259482213760148669e-03 -1.450103300852505391e-02 -1.292830000000000021e-02 4.257074914759741494e-03 9.999909192359639487e-01 -1.968725013495550326e-04 -2.759249999999999897e-02 1.450173990298390427e-02 1.351180310885206903e-04 9.998948351116250244e-01 1.579858100000000043e+00
9.998803397601417897e-01 -4.376573614534644448e-03 -1.483751207379494126e-02 -1.394890000000000019e-02 4.373564387138920671e-03 9.999904082489561308e-01 -2.352544104043763709e-04 -2.866700000000000151e-02 1.483839936431829813e-02 1.703334454055063926e-04 9.998898903833474128e-01 1.635804400000000047e+00
9.998772112973626225e-01 -4.612156313972986567e-03 -1.497632606297778779e-02 -1.500779999999999996e-02 4.615960268729531364e-03 9.999893223213019988e-01 2.194406086732180014e-04 -2.940829999999999833e-02 1.497515405619117765e-02 -2.885437899238171042e-04 9.998878244600614140e-01 1.692391299999999932e+00
9.998816862955678397e-01 -4.267155041904212645e-03 -1.477852491218356948e-02 -1.619220000000000034e-02 4.291788587487544229e-03 9.999894527345551953e-01 1.635533663708288194e-03 -3.050260000000000124e-02 1.477138996343914032e-02 -1.698766462219821003e-03 9.998894540053190338e-01 1.748793499999999890e+00
9.998843505461429970e-01 -3.756518225258117204e-03 -1.473682814384310626e-02 -1.728069999999999953e-02 3.796056502577782252e-03 9.999892680105824105e-01 2.655902612837625180e-03 -3.168880000000000308e-02 1.472669304178978074e-02 -2.711537291453759539e-03 9.998878797533101714e-01 1.805264800000000003e+00
9.998854415527169692e-01 -3.370456075499411817e-03 -1.475614437348696240e-02 -1.836629999999999860e-02 3.403345970363978300e-03 9.999917790026839892e-01 2.204350982322280696e-03 -3.269869999999999721e-02 1.474859339510277076e-02 -2.254318719788095393e-03 9.998886923252885417e-01 1.861451900000000048e+00
9.998901625948320993e-01 -2.262100460958415930e-03 -1.464737681581904268e-02 -1.955039999999999903e-02 2.295371425993639712e-03 9.999948229977104752e-01 2.255049399527244910e-03 -3.357600000000000168e-02 1.464219983802957960e-02 -2.288422880961468731e-03 9.998901785219319605e-01 1.917823199999999950e+00
9.999030036530233145e-01 5.369259785603117206e-04 -1.391743497041198450e-02 -2.095230000000000009e-02 -4.822473622858221027e-04 9.999921539903021683e-01 3.931843755467236481e-03 -3.430760000000000060e-02 1.391943688313818962e-02 -3.924750734681807865e-03 9.998954173354965835e-01 1.974153199999999941e+00
9.999432262597321985e-01 1.335610461937593091e-03 -1.057167924087211268e-02 -2.249260000000000148e-02 -1.232722661394230730e-03 9.999518739885413510e-01 9.732939003423538710e-03 -3.561870000000000314e-02 1.058416988327420295e-02 -9.719354479503301142e-03 9.998967494178504500e-01 2.087305499999999814e+00
9.999593597760023655e-01 1.592087621975265405e-03 -8.873784613760289999e-03 -2.335589999999999888e-02 -1.477016730887121924e-03 9.999149375834450737e-01 1.295901304389593042e-02 -3.588680000000000342e-02 8.893661672457258902e-03 -1.294537965836222576e-02 9.998766523564577291e-01 2.143739500000000131e+00
9.999697918475610736e-01 5.900084139510766972e-04 -7.750308536868163664e-03 -2.377160000000000037e-02 -4.787560331779004176e-04 9.998969390001393176e-01 1.434859473301394739e-02 -3.624850000000000294e-02 7.757975573941977565e-03 -1.434445078150595534e-02 9.998670164310706765e-01 2.200504299999999969e+00
9.999802378879761866e-01 -1.067935503227690963e-03 -6.195429546653286566e-03 -2.401340000000000072e-02 1.146009653157617101e-03 9.999198080603575178e-01 1.261206209994045202e-02 -3.624789999999999957e-02 6.181463854255583694e-03 -1.261891288102230321e-02 9.999012713974914091e-01 2.256937300000000146e+00
9.999871698351092686e-01 3.317173617765646474e-05 -5.065477746898652822e-03 -2.466760000000000133e-02 2.317192262368419724e-05 9.999381416441531778e-01 1.112260528381298075e-02 -3.666119999999999796e-02 5.065533360901734380e-03 -1.112257995581157621e-02 9.999253115042624485e-01 2.312948700000000191e+00
9.999903354798194144e-01 5.330426623482852240e-04 -4.364036259975937436e-03 -2.514250000000000165e-02 -4.869406125094016477e-04 9.999441406080495920e-01 1.055834042210994361e-02 -3.685390000000000194e-02 4.369420533452585652e-03 -1.055611335432641434e-02 9.999347361878436757e-01 2.369148500000000102e+00
9.999907242350379866e-01 7.689734406960123956e-05 -4.306452215304646183e-03 -2.569180000000000075e-02 -3.270096093526061873e-05 9.999473441746520308e-01 1.026195930157858954e-02 -3.743690000000000212e-02 4.307014572924169546e-03 -1.026172328893039734e-02 9.999380714127300562e-01 2.425177600000000044e+00
9.999873790658302397e-01 -4.989150875474456957e-04 -4.999279226748005490e-03 -2.610739999999999936e-02 5.438711002044481707e-04 9.999593946630208618e-01 8.995178118937786210e-03 -3.769680000000000253e-02 4.994588399251635551e-03 -8.997783554880182250e-03 9.999470455868259000e-01 2.481470100000000123e+00
9.999775985470972239e-01 -3.131333514995887114e-04 -6.686131279348962904e-03 -2.667599999999999832e-02 3.768549746446025811e-04 9.999545052524181354e-01 9.531285627858519099e-03 -3.823320000000000191e-02 6.682842532081358609e-03 -9.533591815046173895e-03 9.999322228245249855e-01 2.537717100000000059e+00
9.999679654812162477e-01 -4.397031927797431252e-04 -7.992163190242741744e-03 -2.727419999999999844e-02 5.238757387851508207e-04 9.999443908198945019e-01 1.053284491675859393e-02 -3.855070000000000024e-02 7.987087427061511508e-03 -1.053669440253604019e-02 9.999125884323589730e-01 2.594023700000000154e+00
9.999587499190064621e-01 -1.096402077946105093e-03 -9.016449572934577550e-03 -2.801879999999999996e-02 1.195139838662608554e-03 9.999393025003653346e-01 1.095276019316149610e-02 -3.907370000000000287e-02 9.003893667954891711e-03 -1.096308430900433395e-02 9.998993652769511131e-01 2.650115700000000185e+00
9.999450497397026627e-01 5.646548009896031409e-04 -1.046798290116887631e-02 -2.972380000000000161e-02 -4.525166678403303756e-04 9.999425250358932038e-01 1.071176239034734440e-02 -3.997359999999999802e-02 1.047342970228812981e-02 -1.070643683947430577e-02 9.998878334495692188e-01 2.762448099999999851e+00
9.999435510422066686e-01 -1.502964542932787079e-04 -1.062413008568266655e-02 -3.051639999999999908e-02 2.560927681390298412e-04 9.999503905071326360e-01 9.957456559133508536e-03 -4.036660000000000248e-02 1.062210645756234313e-02 -9.959615233971185963e-03 9.998939828395785323e-01 2.818646199999999880e+00
9.999364467283745617e-01 -1.452118851264149954e-03 -1.118006507468873381e-02 -3.106110000000000121e-02 1.552603036483778728e-03 9.999584343724464697e-01 8.984372611199368044e-03 -4.087930000000000036e-02 1.116655399143231045e-02 -9.001159827909473513e-03 9.998971383065904384e-01 2.874326899999999796e+00
9.999338937845972941e-01 -2.086853789792126723e-03 -1.130721460102643988e-02 -3.229719999999999813e-02 2.210610566846682879e-03 9.999376743651807731e-01 1.094351799356876528e-02 -4.192699999999999899e-02 1.128367234969985741e-02 -1.096779040708965175e-02 9.998761854909290481e-01 2.929927600000000076e+00
9.999284038050199053e-01 -1.522114227441640584e-03 -1.186888504551586801e-02 -3.386129999999999696e-02 1.651781412678593507e-03 9.999389798489779491e-01 1.092282915503314973e-02 -4.271679999999999922e-02 1.185153501069713747e-02 -1.094165192573463320e-02 9.998699022227973687e-01 3.041195399999999882e+00
9.999267941975060747e-01 2.475104701444392694e-04 -1.209731310933565354e-02 -3.460780000000000106e-02 -1.292781208172006497e-04 9.999522323556024883e-01 9.773243791834716754e-03 -4.311969999999999692e-02 1.209915422935063309e-02 -9.770964415774255341e-03 9.998790620476658564e-01 3.096525199999999867e+00
9.999228207981945005e-01 2.439785758955423118e-03 -1.218194945121752956e-02 -3.579299999999999843e-02 -2.314059428515687165e-03 9.999440268835233514e-01 1.032415754067387940e-02 -4.382950000000000040e-02 1.220645632208293418e-02 -1.029517097545028410e-02 9.998724978109174710e-01 3.152185199999999909e+00
9.999188779351667611e-01 4.059618688887737734e-03 -1.207298823730019836e-02 -3.677350000000000063e-02 -3.932508960738493459e-03 9.999367872432535220e-01 1.053360768749409676e-02 -4.437719999999999859e-02 1.211498750106111515e-02 -1.048527604506227159e-02 9.998716347932408155e-01 3.207340700000000044e+00
9.999140830642775368e-01 5.763766830716269239e-03 -1.177308292870161456e-02 -3.779520000000000102e-02 -5.635821290998069451e-03 9.999250152020063842e-01 1.087205094005351189e-02 -4.475479999999999736e-02 1.183486409304658309e-02 -1.080476585532146386e-02 9.998715882685689227e-01 3.262549200000000038e+00
9.999213216269668969e-01 6.393675259999468709e-03 -1.079219497828599363e-02 -3.867860000000000048e-02 -6.267059897739786327e-03 9.999116149889313299e-01 1.172544969138521534e-02 -4.504009999999999958e-02 1.086620982761756123e-02 -1.165689181972341323e-02 9.998730131157083090e-01 3.318013899999999960e+00
9.999305191169549634e-01 8.150852548134664491e-03 -8.515899320419123911e-03 -3.966340000000000143e-02 -8.042543466165582786e-03 9.998873092018790709e-01 1.267621361530030764e-02 -4.549480000000000190e-02 8.618261604974959342e-03 -1.260684337034668860e-02 9.998833897345947852e-01 3.373153700000000033e+00
9.999579049262113939e-01 6.951188699867758870e-03 -5.989102707469445494e-03 -4.021269999999999706e-02 -6.889282677571775641e-03 9.999232641677021638e-01 1.029580304765813185e-02 -4.581520000000000037e-02 6.060211198489415252e-03 -1.025410902353236266e-02 9.999290610280127112e-01 3.428095799999999915e+00
9.999855006383835399e-01 5.333623233066827132e-03 -7.422777169738301950e-04 -4.115329999999999683e-02 -5.329906362543723047e-03 9.999736807837288355e-01 4.922381335052208179e-03 -4.695209999999999662e-02 7.685123082567128566e-04 -4.918353692938743152e-03 9.999876095161296385e-01 3.537049500000000180e+00
9.999874654923692763e-01 4.665516541524459583e-03 1.817089306680519769e-03 -4.116840000000000083e-02 -4.680374640247008354e-03 9.999549297263642389e-01 8.260303212891725172e-03 -4.758230000000000098e-02 -1.778468828690493242e-03 -8.268704332768123805e-03 9.999642321489717878e-01 3.591926599999999858e+00
9.999792545727096416e-01 4.131641516896713065e-03 4.941655854448061443e-03 -4.106239999999999890e-02 -4.179816120677571495e-03 9.999434543563977540e-01 9.778406158059717995e-03 -4.828509999999999747e-02 -4.900975556485592972e-03 -9.798858513649012780e-03 9.999399796039880606e-01 3.646639299999999917e+00
9.999480647146548051e-01 4.611135322914130912e-03 9.088746032883052162e-03 -4.097449999999999704e-02 -4.684268343972436584e-03 9.999566929939929238e-01 8.041751463394409410e-03 -4.885289999999999772e-02 -9.051270822273055350e-03 -8.083907938065723608e-03 9.999263597530323455e-01 3.701189299999999793e+00
9.999115332234247422e-01 3.966578724058983894e-03 1.269614035862150735e-02 -4.061590000000000339e-02 -4.030419228387062229e-03 9.999793440798726563e-01 5.006708942126097961e-03 -4.954349999999999726e-02 -1.267601860299293927e-02 -5.057436782952427073e-03 9.999068661058204688e-01 3.755116199999999793e+00
9.998703089551593814e-01 2.401056547740464901e-03 1.592482958680365920e-02 -3.999430000000000346e-02 -2.426785580051528824e-03 9.999957808967551154e-01 1.596527618739687019e-03 -5.036639999999999867e-02 -1.592092904521085275e-02 -1.634966710210728619e-03 9.998719172485013296e-01 3.809364299999999925e+00
9.998107820912971455e-01 2.178342492088711571e-03 1.933015359421356646e-02 -3.924330000000000179e-02 -2.186650783491989221e-03 9.999975257647419902e-01 4.086841632300786836e-04 -5.123019999999999657e-02 -1.932921551278739616e-02 -4.508751283691998682e-04 9.998130715985258377e-01 3.862859499999999890e+00
9.996441218196067124e-01 2.893935828682108000e-03 2.651895259860012621e-02 -3.689479999999999843e-02 -2.957939190537894631e-03 9.999928059443252693e-01 2.374585298581470549e-03 -5.294959999999999944e-02 -2.651188992230486818e-02 -2.452181684669639018e-03 9.996454904103418970e-01 3.970263200000000214e+00
9.995306112436346258e-01 2.588325576056690891e-03 3.052634530431750856e-02 -3.565089999999999926e-02 -2.605464669160349571e-03 9.999964696910539352e-01 5.216888793278468342e-04 -5.405410000000000076e-02 -3.052488723621847935e-02 -6.009793186025577140e-04 9.995338263826165637e-01 4.022765200000000263e+00
9.993184391220785168e-01 1.964399971629855919e-03 3.686188225476640101e-02 -3.198469999999999785e-02 -1.887341261467145089e-03 9.999959608271907774e-01 -2.125152292480471643e-03 -5.603609999999999841e-02 -3.686590801235696546e-02 2.054132920463527193e-03 9.993181101953318990e-01 4.128276800000000080e+00
9.992080780215216729e-01 6.308261317168677943e-04 3.978465627510600205e-02 -3.014410000000000006e-02 -5.969306240537456017e-04 9.999994487203699434e-01 -8.638476639006471836e-04 -5.697239999999999943e-02 -3.978517928031561485e-02 8.394148842514842328e-04 9.992079037378984729e-01 4.181168600000000346e+00
9.991041363987722690e-01 1.162969127569047799e-04 4.231915766991856120e-02 -2.779010000000000161e-02 -1.412453928698771677e-04 9.999998180090761135e-01 5.865420305680091794e-04 -5.797299999999999676e-02 -4.231908175518860060e-02 -5.919939549632429994e-04 9.991039709972906468e-01 4.234244799999999920e+00
9.987505203707311985e-01 -2.902944609432027596e-03 4.988958780936355447e-02 -2.056200000000000042e-02 2.860853552316498100e-03 9.999954890703690591e-01 9.150715084490290219e-04 -6.020679999999999782e-02 -4.989201916284632249e-02 -7.712013407318740353e-04 9.987543199768129654e-01 4.392740700000000054e+00
9.986424781608109758e-01 -4.183682394492112787e-03 5.192010799734638610e-02 -1.762589999999999990e-02 4.339414288479941963e-03 9.999864170137622299e-01 -2.887087045927895154e-03 -6.068019999999999664e-02 -5.190732411198858282e-02 3.108470620714514840e-03 9.986470683449348851e-01 4.445792700000000153e+00
9.984483869733029593e-01 -3.331631645805673090e-03 5.558523887675861919e-02 -7.446300000000000315e-03 3.568074485854234954e-03 9.999850023070996352e-01 -4.154997633390284349e-03 -6.496580000000000410e-02 -5.557056230481249859e-02 4.346882957562694764e-03 9.984453000608898288e-01 4.657750100000000337e+00
9.985330094524009770e-01 -3.921633315345972315e-03 5.400416489560172506e-02 -4.455699999999999938e-03 4.073824753223506331e-03 9.999880343284794915e-01 -2.708348527022004341e-03 -6.602410000000000223e-02 -5.399289754969070765e-02 2.924378909062125102e-03 9.985370373812805234e-01 4.711681399999999798e+00
9.990817469263637562e-01 -1.228753176349089375e-03 4.282701395377555564e-02 4.762399999999999967e-03 1.314261603149058637e-03 9.999971988550918622e-01 -1.968501564223269339e-03 -6.969889999999999419e-02 -4.282447518655380092e-02 2.022979881628439360e-03 9.990805632567348882e-01 4.928635100000000158e+00
9.992500932314837270e-01 -1.339792934004029306e-03 3.869697832861360154e-02 6.812999999999999612e-03 1.398892722083959136e-03 9.999978962333602173e-01 -1.500209320683914714e-03 -7.072870000000000545e-02 -3.869488694935414863e-02 1.553217224910680974e-03 9.992498652690572358e-01 4.983171500000000087e+00
9.993933252687602353e-01 -5.379142244849014929e-04 3.482372835491815560e-02 8.257699999999999763e-03 5.647184714187731278e-04 9.999995518368990366e-01 -7.598809441254817830e-04 -7.149469999999999437e-02 -3.482330399743930466e-02 7.790855462036222609e-04 9.993931811476470806e-01 5.038303899999999835e+00
9.999358017244975860e-01 1.107003534169888510e-03 1.127683345454482539e-02 1.279180000000000074e-02 -1.111360889965616865e-03 9.999993101851563093e-01 3.801396897347948732e-04 -7.579080000000000539e-02 -1.127640485963770506e-02 -3.926479170863008176e-04 9.999363422343717778e-01 5.314281000000000255e+00
9.999423909640747787e-01 1.056208006548498349e-02 -1.912385353363293657e-03 1.095040000000000076e-02 -1.056121457593327956e-02 9.999441220414981846e-01 4.621053327331683643e-04 -8.113570000000000504e-02 1.917159286696894184e-03 -4.418815992217119430e-04 9.999980646185879785e-01 5.648912900000000015e+00
9.998901136929156941e-01 1.437975673991014926e-02 -3.603211799098340277e-03 9.937700000000000700e-03 -1.436902284878790841e-02 9.998922976106545679e-01 2.987366943875548880e-03 -8.299120000000000108e-02 3.645781334524038960e-03 -2.935264040483914760e-03 9.999890461917437801e-01 5.761416399999999882e+00
9.998885748118490069e-01 1.418056560744471346e-02 -4.663638041529799896e-03 8.797799999999999718e-03 -1.415372908862117841e-02 9.998833671894082897e-01 5.737941343089260002e-03 -8.402199999999999946e-02 4.744461361984780856e-03 -5.671294122488306291e-03 9.999726628810213791e-01 5.873992399999999670e+00
9.999211065877048332e-01 1.110863871725649606e-02 -5.863339173978862097e-03 7.693099999999999591e-03 -1.107684382183235679e-02 9.999239196571994004e-01 5.427561913913874284e-03 -8.533799999999999719e-02 5.923185913541759683e-03 -5.362186422729446622e-03 9.999680809032863715e-01 5.986333400000000360e+00
9.999347833353001702e-01 9.127063088955882086e-03 -6.864823053537198912e-03 7.205600000000000373e-03 -9.077321674053694112e-03 9.999325724550205408e-01 7.242428785341772923e-03 -8.592990000000000350e-02 6.930462279813066027e-03 -7.179642251199651326e-03 9.999502094753182080e-01 6.043019300000000094e+00
9.999604415367172594e-01 5.447857676039107033e-03 -7.031088709090868062e-03 6.662300000000000340e-03 -5.385931698203906201e-03 9.999468049161713834e-01 8.796537823622850583e-03 -8.629939999999999833e-02 7.078636975842573544e-03 -8.758320882553162490e-03 9.999365903465491368e-01 6.100050399999999762e+00
9.999664745714501590e-01 3.743174250043246245e-03 -7.282745339447513691e-03 6.127699999999999814e-03 -3.671073435695766749e-03 9.999443685433908602e-01 9.888530638535350872e-03 -8.676200000000000578e-02 7.319354682973094883e-03 -9.861463628353382346e-03 9.999245864474638479e-01 6.156737299999999635e+00
9.999747372543366097e-01 -7.152142247477535431e-04 -7.072009737924571902e-03 5.786099999999999750e-03 7.743633791956597073e-04 9.999647159428046717e-01 8.364641700815826295e-03 -8.733340000000000547e-02 7.065777697999151181e-03 -8.369906692358335468e-03 9.999400079242173334e-01 6.213719399999999560e+00
9.999726502348521562e-01 -2.871237462630374555e-03 -6.815774183418491471e-03 5.156400000000000219e-03 2.919486442428485123e-03 9.999706771165323138e-01 7.079654371248651941e-03 -8.768389999999999518e-02 6.795246956413164389e-03 -7.099359304687414586e-03 9.999517106922035659e-01 6.270497800000000233e+00
9.999638289926782164e-01 -5.378104658573820349e-03 -6.589134737067666413e-03 4.629399999999999661e-03 5.427322238122258072e-03 9.999573368437774112e-01 7.474534475398098184e-03 -8.897069999999999979e-02 6.548654795100197594e-03 -7.510025471445333327e-03 9.999503560866372931e-01 6.384739899999999579e+00
9.999854577331634964e-01 -1.843870029258775365e-03 -5.067984363692172069e-03 3.132799999999999821e-03 1.897264392264370143e-03 9.999425358557243460e-01 1.055108403195099964e-02 -8.957160000000000122e-02 5.048238308684804311e-03 -1.056054590154537759e-02 9.999314927334972403e-01 6.498529000000000444e+00
9.999863477518136090e-01 -2.182704933885978252e-03 -4.747642484469426216e-03 2.861999999999999961e-03 2.224437236988239478e-03 9.999587816424067022e-01 8.802664097438408011e-03 -9.004260000000000042e-02 4.728233176086955869e-03 -8.813104754013810146e-03 9.999499852470759009e-01 6.555263000000000062e+00
9.999888392185365404e-01 -1.631723783807321419e-03 -4.433837599321767062e-03 2.712800000000000020e-03 1.662247364611649843e-03 9.999748869724773837e-01 6.889293002909780382e-03 -9.054449999999999998e-02 4.422484828989639918e-03 -6.896586247880726918e-03 9.999664387998543624e-01 6.612271299999999741e+00
9.999914044908029265e-01 -1.725651015849302260e-03 -3.770022955207026800e-03 2.004899999999999998e-03 1.742333022084730301e-03 9.999886868298502041e-01 4.426114317534043420e-03 -9.124029999999999641e-02 3.762342375627548280e-03 -4.432644908316594155e-03 9.999830980766450939e-01 6.668357399999999657e+00
9.999893368798241644e-01 -2.967357102854306997e-03 -3.538490988208662508e-03 1.785399999999999921e-03 2.969026944475575483e-03 9.999954835023224797e-01 4.667482825648281005e-04 -9.216169999999999918e-02 3.537089997790818924e-03 -4.772491806585748078e-04 9.999936305934988834e-01 6.724676599999999560e+00
9.999914982005336794e-01 -2.679086798107523874e-03 -3.134648398187083428e-03 1.543199999999999997e-03 2.668895091749125346e-03 9.999911540058745718e-01 -3.250985848710107907e-03 -9.302390000000000658e-02 3.143330342373881585e-03 3.242592161756073683e-03 9.999898024832208909e-01 6.780760299999999852e+00
9.999918685491703263e-01 -2.982059864414932440e-03 -2.714802848072642594e-03 1.121999999999999950e-03 2.971116261672909244e-03 9.999874808786766156e-01 -4.026233236913756564e-03 -9.428680000000000394e-02 2.726775329666992782e-03 4.018134502907017708e-03 9.999882095762019363e-01 6.836433900000000286e+00
9.999900178352629787e-01 -3.333510177327228454e-03 -2.975220954507465029e-03 8.670000000000000406e-04 3.322461705476132451e-03 9.999875957314818820e-01 -3.710745394925874224e-03 -9.545610000000000206e-02 2.987553856607300280e-03 3.700823295967363685e-03 9.999886891504752295e-01 6.892386000000000124e+00
9.999923948609162894e-01 -2.372955481250775718e-03 -3.095044848357677431e-03 5.320999999999999775e-04 2.362628993228441630e-03 9.999916449829800991e-01 -3.335857981662489809e-03 -9.662220000000000530e-02 3.102934831687552061e-03 3.328520169304503753e-03 9.999896463208570729e-01 6.947768199999999617e+00
9.999921681334895673e-01 -1.956902757791679180e-03 -3.440087684842111498e-03 1.341000000000000070e-04 1.949487569632818093e-03 9.999957722155361495e-01 -2.157556318955877912e-03 -9.788420000000000454e-02 3.444295268803498553e-03 2.150833013082752328e-03 9.999917553397383863e-01 7.003458499999999809e+00
9.999929414072934453e-01 -1.303879271071646225e-03 -3.523781269559852439e-03 -3.308000000000000176e-04 1.297315016047019673e-03 9.999974203253902960e-01 -1.864488217654832391e-03 -9.884519999999999418e-02 3.526203246888938870e-03 1.859903602637632712e-03 9.999920532930501871e-01 7.058713000000000015e+00
9.999922940453508380e-01 -9.694202640569998157e-04 -3.804217957531798571e-03 -9.108999999999999693e-04 9.601746635580047122e-04 9.999965831021565554e-01 -2.431429338344065147e-03 -9.982720000000000482e-02 3.806562035778876269e-03 2.427757888162376983e-03 9.999898079866136325e-01 7.114319300000000013e+00
9.999849295438127950e-01 -1.403514246613909652e-03 -5.307620277982643721e-03 -1.810999999999999893e-03 1.399275117647457486e-03 9.999986991579029594e-01 -8.023164256975587674e-04 -1.020379000000000008e-01 5.308739436140509811e-03 7.948775134341149254e-04 9.999855926238826465e-01 7.224450599999999945e+00
9.999818388266645819e-01 -5.502514465712771098e-04 -6.001603134837513870e-03 -2.394999999999999993e-03 5.465435344423867506e-04 9.999996587902917344e-01 -6.194428665300154898e-04 -1.031080999999999942e-01 6.001941936365636290e-03 6.161514793311105055e-04 9.999817983595236104e-01 7.279557200000000172e+00
9.999708342076636391e-01 1.685424366921869552e-04 -7.635596078650379315e-03 -3.497099999999999948e-03 -1.906545533305097290e-04 9.999957904642553519e-01 -2.895290073611602507e-03 -1.051559999999999995e-01 7.635075957091817106e-03 2.896661391342349613e-03 9.999666569280765138e-01 7.389853999999999701e+00
9.999658432742674075e-01 6.532266983752295234e-04 -8.239270578379146587e-03 -4.144300000000000067e-03 -6.767605090265664406e-04 9.999956988062297381e-01 -2.853833256132088693e-03 -1.063578000000000023e-01 8.237370939604245906e-03 2.859311791482904187e-03 9.999619843054446955e-01 7.444615399999999994e+00
9.999580291834039292e-01 1.293331868143320735e-04 -9.160957622951588705e-03 -4.520800000000000166e-03 -1.630632532630611785e-04 9.999932107506092072e-01 -3.681285517749941297e-03 -1.075484000000000023e-01 9.160419314538042687e-03 3.682624826743641222e-03 9.999512613084535761e-01 7.499651899999999927e+00
9.999483427845041739e-01 8.143056865473926979e-04 -1.013156793258837736e-02 -6.510400000000000388e-03 -8.608683293699918773e-04 9.999890848463689474e-01 -4.592286341367909745e-03 -1.098060000000000008e-01 1.012771782008583914e-02 4.600771062602781493e-03 9.999381292046954917e-01 7.609471799999999675e+00
9.999375500633025382e-01 9.519994653786908014e-04 -1.113506490408417912e-02 -7.144400000000000403e-03 -9.899672630631166630e-04 9.999937138483137034e-01 -3.404736212238347343e-03 -1.108762999999999971e-01 1.113175360032334776e-02 3.415546936404548293e-03 9.999322067524911706e-01 7.664337599999999640e+00
9.999237643260897590e-01 1.406287345094700200e-03 -1.226735064492269663e-02 -9.208499999999999672e-03 -1.437256033469705777e-03 9.999958019353296645e-01 -2.516029970228904518e-03 -1.132620000000000016e-01 1.226376088468434343e-02 2.533469482717649705e-03 9.999215877764332516e-01 7.773421299999999867e+00
9.999142221412069542e-01 1.958820801776765645e-03 -1.295034288393715795e-02 -1.019549999999999970e-02 -1.990691501127852051e-03 9.999950208375201210e-01 -2.448560294335818104e-03 -1.141825999999999952e-01 1.294548211123681784e-02 2.474130399592389725e-03 9.999131428137513211e-01 7.827753500000000031e+00
9.998957499195330056e-01 3.228781068105503454e-03 -1.407353067531714151e-02 -1.218669999999999996e-02 -3.278239231250808499e-03 9.999885273220197046e-01 -3.492616766972872835e-03 -1.168075999999999975e-01 1.406209231933630739e-02 3.538389061775911934e-03 9.998948631543468357e-01 7.937390299999999677e+00
9.998902904254391988e-01 3.284184755278495450e-03 -1.444372678445437867e-02 -1.331099999999999992e-02 -3.330824964045942926e-03 9.999893127957857342e-01 -3.206228200100383081e-03 -1.178937000000000040e-01 1.443304257561990427e-02 3.253985971916125309e-03 9.998905434382829860e-01 7.992068299999999681e+00
9.998867215682170073e-01 3.085130576105081773e-03 -1.473180236397468763e-02 -1.429339999999999951e-02 -3.149878168091791841e-03 9.999854734787833044e-01 -4.373911171918990620e-03 -1.191095999999999960e-01 1.471809427504143335e-02 4.419819084763604300e-03 9.998819144779892421e-01 8.046495399999999520e+00
9.998841947821331955e-01 1.808999593986529604e-03 -1.511041181947789594e-02 -1.509789999999999917e-02 -1.898876728089703841e-03 9.999805800911134579e-01 -5.935798835187914430e-03 -1.203385000000000010e-01 1.509938051897428274e-02 5.963804248066448960e-03 9.998682121894034713e-01 8.100917799999999502e+00
9.998793160784369416e-01 -4.966583256041697935e-04 -1.552760796210883934e-02 -1.713150000000000089e-02 4.633122064873306640e-04 9.999975791363676647e-01 -2.151060948360756890e-03 -1.226735999999999938e-01 1.552863871421631195e-02 2.143607219583592259e-03 9.998771256148285547e-01 8.209729199999999949e+00
9.998729050617145564e-01 -1.527902941609543845e-03 -1.586944347003407113e-02 -1.787460000000000090e-02 1.563996747814583701e-03 9.999962180395787215e-01 2.262260089406474290e-03 -1.239057999999999965e-01 1.586592693858167313e-02 -2.286792325576785748e-03 9.998715132171929199e-01 8.264184000000000196e+00
9.998703006045625008e-01 8.098971853648775964e-04 -1.608496302423123234e-02 -1.982019999999999962e-02 -8.368488775202497778e-04 9.999982571884575844e-01 -1.668923007134554990e-03 -1.256252999999999953e-01 1.608358333512594288e-02 1.682167232081280663e-03 9.998692357806121533e-01 8.372181899999999288e+00
9.998686564636682927e-01 1.120693251233411541e-03 -1.616829824612236663e-02 -2.230930000000000066e-02 -1.172828599466946026e-03 9.999941427566148011e-01 -3.215419963159714054e-03 -1.279045000000000043e-01 1.616460004501181838e-02 3.233960281118724786e-03 9.998641143706903378e-01 8.477573400000000703e+00
9.998699390963751155e-01 1.078092646353295001e-03 -1.609169374730048604e-02 -2.419469999999999954e-02 -1.072637323081935970e-03 9.999993642969582375e-01 3.476418450372801010e-04 -1.304744999999999933e-01 1.609205830787852412e-02 -3.303360791198180408e-04 9.998704598784237119e-01 8.583860400000000723e+00
9.999024628228331268e-01 3.943638739556602876e-04 -1.396099272859135758e-02 -2.628130000000000049e-02 -3.896169979465645959e-04 9.999998653679997851e-01 3.427281390567185485e-04 -1.324678999999999995e-01 1.396112600859161258e-02 -3.372552702462317063e-04 9.999024818548331028e-01 8.689473200000000119e+00
9.999203451218116045e-01 -7.172591562765593320e-04 -1.260114878810424284e-02 -2.715899999999999911e-02 7.031123747887570901e-04 9.999991176925496772e-01 -1.127052399276359937e-03 -1.335601999999999900e-01 1.260194605866976798e-02 1.118102600405313082e-03 9.999199671984300153e-01 8.741781200000000140e+00
9.999340584839219170e-01 -8.109179905538905142e-04 -1.145517768893756540e-02 -2.803430000000000158e-02 7.814544217586044976e-04 9.999963759552490394e-01 -2.576316237330478123e-03 -1.346882000000000079e-01 1.145722535604719837e-02 2.567194651874841072e-03 9.999310683735954663e-01 8.793939599999999857e+00
9.999629267949884381e-01 -1.359070825671036516e-03 -8.502820831422435582e-03 -2.967119999999999827e-02 1.337702165894542753e-03 9.999959343289943625e-01 -2.518308638134794056e-03 -1.369691000000000103e-01 8.506208821550440002e-03 2.506841034519962947e-03 9.999606793066974086e-01 8.897960700000000500e+00
9.999809314407875904e-01 -7.562982336474841473e-04 -6.129010343998262007e-03 -3.073110000000000078e-02 7.536945494338904853e-04 9.999996247599722832e-01 -4.271117427515784873e-04 -1.388652999999999971e-01 6.129331068004863041e-03 4.224841966563260324e-04 9.999811262257715105e-01 9.000692400000000148e+00
9.999857719482163620e-01 -1.957194539260016623e-03 -4.962387597249631223e-03 -3.136289999999999911e-02 1.955191553089405225e-03 9.999980051942097825e-01 -4.084526801976762992e-04 -1.399766000000000066e-01 4.963177119605348235e-03 3.987444503984931624e-04 9.999876038610392426e-01 9.050946200000000275e+00
9.999953597291559859e-01 -8.138840608676919247e-04 -2.935662257694282053e-03 -3.204280000000000322e-02 8.129140724966975318e-04 9.999996146081197024e-01 -3.315936108126122219e-04 -1.416868000000000016e-01 2.935931005068411100e-03 3.292056309670708582e-04 9.999956359568705766e-01 9.151718100000000078e+00
9.999984493894882309e-01 -9.451939979701946435e-04 -1.485875810871779661e-03 -3.252440000000000192e-02 9.448052603672456176e-04 9.999995192702163527e-01 -2.623020323498101241e-04 -1.438275999999999999e-01 1.486123022873655011e-03 2.608977623391574101e-04 9.999988616847114153e-01 9.251366600000000773e+00
9.999978618024432109e-01 -1.803588963663063476e-03 -1.011660709895015331e-03 -3.261010000000000297e-02 1.803208856502734343e-03 9.999983033367171315e-01 -3.765122933041725240e-04 -1.448199000000000014e-01 1.012338066864321151e-03 3.746872526946483134e-04 9.999994173903808958e-01 9.300151800000000080e+00
9.999974179822622711e-01 -2.142566103841787428e-03 -7.572577496102143998e-04 -3.298039999999999999e-02 2.143030958888583314e-03 9.999975154603636396e-01 6.135889576499461940e-04 -1.460175999999999974e-01 7.559412132709682599e-04 -6.152102001536469524e-04 9.999995250345330433e-01 9.348142599999999192e+00
9.999958367689102401e-01 -2.691548008902928512e-03 -1.040199097749477681e-03 -3.329499999999999821e-02 2.693244723788448900e-03 9.999950395322899643e-01 1.633200438278708264e-03 -1.470162000000000135e-01 1.035798100487653021e-03 -1.635995149619570753e-03 9.999981253193255260e-01 9.395579299999999634e+00
9.999953964519875393e-01 -2.444575828843082322e-03 -1.797532711629442562e-03 -3.334209999999999952e-02 2.447417186488303874e-03 9.999957565468134968e-01 1.580201721732392428e-03 -1.480210000000000137e-01 1.793662160949886352e-03 -1.584593759649613638e-03 9.999971359152330930e-01 9.442495299999999148e+00
9.999947653308988160e-01 -1.929299281548469856e-03 -2.597520949457169000e-03 -3.398969999999999769e-02 1.929095629712313355e-03 9.999981360204351910e-01 -8.090554151307537318e-05 -1.501695999999999864e-01 2.597672198734314250e-03 7.589425168765308869e-05 9.999966231639036973e-01 9.534061400000000575e+00
9.999927217219264364e-01 -1.942143875360052147e-03 -3.283988480696828100e-03 -3.430319999999999897e-02 1.941448938675032366e-03 9.999980923191960080e-01 -2.147882380883977833e-04 -1.511884000000000006e-01 3.284399365556146030e-03 2.084109788494041657e-04 9.999945846281725892e-01 9.579263700000000270e+00
9.999869668800628331e-01 -2.188131545226359564e-03 -4.612824552574469432e-03 -3.468340000000000312e-02 2.187454356773510609e-03 9.999975959902723810e-01 -1.518456881103548905e-04 -1.522268999999999983e-01 4.613145721639534506e-03 1.417533659227289628e-04 9.999893493395488608e-01 9.624087299999999345e+00
