1.000000000000000000e+00 0.000000000000000000e+00 0.000000000000000000e+00 0.000000000000000000e+00 0.000000000000000000e+00 1.000000000000000000e+00 0.000000000000000000e+00 0.000000000000000000e+00 0.000000000000000000e+00 0.000000000000000000e+00 1.000000000000000000e+00 0.000000000000000000e+00
9.999990199958458392e-01 1.362874654851499228e-03 3.202811626079129798e-04 -3.117999999999999895e-04 -1.362724678163207285e-03 9.999989619696025844e-01 -4.680183423761021368e-04 -5.412999999999999843e-04 -3.209186804831604947e-04 4.675814286719458214e-04 9.999998391893910599e-01 3.275600000000000039e-02
9.999949850745053492e-01 3.155711652645553332e-03 2.670389579869191085e-04 -3.375000000000000179e-04 -3.155480184460878433e-03 9.999946492268696474e-01 -8.628223661386936506e-04 -1.235299999999999940e-03 -2.697603477170250601e-04 8.619754030084055777e-04 9.999995921137965205e-01 6.497529999999999972e-02
9.999945140177896041e-01 3.208076172216810934e-03 8.247312277929295813e-04 -5.835999999999999825e-04 -3.207113679255687438e-03 9.999941777379171004e-01 -1.165723858948439955e-03 -1.816600000000000029e-03 -8.284661569268506704e-04 1.163072457005723650e-03 9.999989804526235870e-01 9.652489999999999681e-02
9.999848346917529218e-01 3.306493959715408465e-03 4.404257508587793371e-03 -6.250000000000000130e-04 -3.350597244337442070e-03 9.999439408605761415e-01 1.004433344363836120e-02 -4.181299999999999774e-03 -4.370799081841302697e-03 -1.005893801129717838e-02 9.999398551320329842e-01 2.131057000000000090e-01
9.999831688756688486e-01 2.315350850231148814e-03 5.319879304642647494e-03 -3.838000000000000049e-04 -2.381338348357346212e-03 9.999198930815763608e-01 1.243127698185739899e-02 -4.781600000000000433e-03 -5.290670377775764585e-03 -1.244373618208570106e-02 9.999085769393042389e-01 2.396443000000000045e-01
9.999755799479181917e-01 2.914084204748833284e-03 6.351977729208042010e-03 -1.802999999999999915e-04 -2.990173011260560676e-03 9.999234981919024046e-01 1.200235931103870064e-02 -5.067999999999999589e-03 -6.316515905738743532e-03 -1.202105972517322589e-02 9.999077936239403330e-01 2.654014000000000095e-01
9.999276107716513762e-01 -1.497549296434898692e-03 1.193861644419512598e-02 8.741000000000000505e-04 1.462793825758136341e-03 9.999946687084018127e-01 2.919381612096817215e-03 -6.521500000000000387e-03 -1.194292471382880395e-02 -2.901706545891999563e-03 9.999244704718458499e-01 3.547334999999999794e-01
9.999006886739942868e-01 -3.087827588478365883e-03 1.375056762667687879e-02 1.122399999999999960e-03 3.062017205764745297e-03 9.999935113733092740e-01 1.897699109631373511e-03 -7.099199999999999955e-03 -1.375633817204211656e-02 -1.855406171954520050e-03 9.999036556729020697e-01 3.736592000000000247e-01
9.997249381978849936e-01 6.297892661929195730e-03 2.259169080112554545e-02 1.534999999999999906e-03 -6.299641360239148329e-03 9.999801570430523201e-01 6.235762472082660994e-06 -8.251700000000000701e-03 -2.259120324301489013e-02 -1.485535970205243252e-04 9.997447751640723412e-01 4.235939000000000232e-01
9.991404667986295562e-01 3.610896190157806217e-04 4.145114256210068182e-02 5.253400000000000084e-03 -3.263625550864894856e-04 9.999995901138951648e-01 -8.445469343337794546e-04 -1.037049999999999951e-02 -4.145143052898407621e-02 8.302929174057824702e-04 9.991401751109661999e-01 5.036739000000000077e-01
9.987729647880039252e-01 -1.645168639976973346e-03 4.949604255621407184e-02 8.448400000000000007e-03 2.517791532887332477e-03 9.998424132165100175e-01 -1.757297525129337609e-02 -1.211940000000000066e-02 -4.945933212627762893e-02 1.767603330873996834e-02 9.986197135607182140e-01 5.622823999999999600e-01
9.993223351464298743e-01 -8.743365782570801034e-04 3.679817947989257043e-02 8.473400000000000723e-03 1.635503661993010279e-03 9.997852238559949978e-01 -2.065989561903654181e-02 -1.275049999999999968e-02 -3.677221240635478172e-02 2.070607869119113487e-02 9.991091345293446890e-01 5.785681999999999769e-01
9.997284355647901855e-01 -1.200055157941452236e-03 2.327262320399415760e-02 8.012299999999999978e-03 1.711570922921919376e-03 9.997571248225401996e-01 -2.197184315308082711e-02 -1.316310000000000049e-02 -2.324060343779819557e-02 2.200570912708051455e-02 9.994876803231050877e-01 5.892760999999999694e-01
9.839628358872560820e-01 -1.094479466660987829e-03 -1.783702321224192033e-01 -5.897799999999999918e-03 -2.629404394583401226e-03 9.997835244719854852e-01 -2.063953553024790860e-02 -1.556599999999999998e-02 1.783542088800777470e-01 2.077754338394406652e-02 9.837469541836914022e-01 6.666336999999999957e-01
9.410285131020792448e-01 8.807102746025984724e-03 -3.382126142977386341e-01 -2.508600000000000066e-02 -1.039138615190356510e-02 9.999418781174500559e-01 -2.873931242863383625e-03 -1.652280000000000068e-02 3.381676457361525445e-01 6.218949120841962830e-03 9.410653367588779350e-01 7.117868000000000528e-01
8.836369639682860599e-01 1.847634480064255097e-02 -4.678080168100132163e-01 -4.765189999999999704e-02 -1.239531405051912290e-02 9.997939689516838202e-01 1.607407345473929952e-02 -1.697130000000000166e-02 4.680086239573997831e-01 -8.405018182438411811e-03 8.836839274145784628e-01 7.481917000000000151e-01
8.310647170602625255e-01 2.687092298759363729e-02 -5.555262276034683699e-01 -6.710439999999999461e-02 -1.629949817271473395e-02 9.995798923021601556e-01 2.396591881233426855e-02 -1.721850000000000117e-02 5.559368331176334221e-01 -1.086243080514395429e-02 8.311535629353579147e-01 7.724841000000000069e-01
6.509809108163361335e-01 3.830244405908836414e-02 -7.581271506362462498e-01 -1.345677999999999874e-01 -1.691611183339834096e-02 9.992101507500015245e-01 3.595719397560277752e-02 -1.565570000000000156e-02 7.589055928856850430e-01 -1.058288322053919928e-02 6.511146624593606713e-01 8.312270000000000492e-01
5.639171097492202689e-01 3.702499566963041167e-02 -8.250009957737928223e-01 -1.697828999999999866e-01 -7.215957528627778977e-03 9.991772446453294210e-01 3.990944424459514500e-02 -1.451960000000000056e-02 8.257998687872448729e-01 -1.655244630353042840e-02 5.637203147238334378e-01 8.535584999999999978e-01
4.678772222780714918e-01 3.775707800350489723e-02 -8.829865842321689140e-01 -2.098190000000000055e-01 -5.010375918238288429e-03 9.991842781751828495e-01 4.007086698209519349e-02 -1.277610000000000030e-02 8.837792716547010485e-01 -1.432415122009244104e-02 4.676847417708962507e-01 8.726665000000000116e-01
3.085002443978141495e-01 3.477519951229834233e-02 -9.505883886863802923e-01 -2.792937999999999810e-01 7.225119413714805802e-03 9.992170268212050566e-01 3.889898404905393209e-02 -1.053950000000000026e-02 9.511968234050965920e-01 -1.886846070750965165e-02 3.080074420116868383e-01 8.952571000000000279e-01
2.552140391243780670e-01 4.066088088840225101e-02 -9.660292371347770635e-01 -3.054010999999999809e-01 8.114311052219800452e-03 9.989901053594277824e-01 4.419193761431118583e-02 -9.464800000000000643e-03 9.668505324971218284e-01 -1.911706461093107268e-02 2.546263647988817880e-01 9.007133999999999974e-01
2.041987522728233306e-01 4.582920606249536039e-02 -9.778561005801944539e-01 -3.326602000000000170e-01 1.094379912191769527e-02 9.987342533209211393e-01 4.909301889557517173e-02 -8.545099999999999918e-03 9.788682765474632230e-01 -2.072619393867397575e-02 2.034387427551970218e-01 9.048245999999999789e-01
1.562196443942979185e-01 4.710364281735739123e-02 -9.865985351391182157e-01 -3.607434999999999947e-01 1.638159919643840043e-02 9.986012775348480641e-01 5.027058497308860979e-02 -7.596000000000000321e-03 9.875864852827251905e-01 -2.401531467843152218e-02 1.552295034708593979e-01 9.081118999999999719e-01
7.132040830386088270e-02 4.673607719438511304e-02 -9.963579369121576823e-01 -4.210172999999999832e-01 1.854743804370235366e-02 9.986668355275477582e-01 4.817202673138010899e-02 -5.536700000000000302e-03 9.972809994687484858e-01 -2.191553571953586826e-02 7.035849197318078119e-02 9.115471000000000545e-01
3.585536236299116664e-02 4.235042537642214056e-02 -9.984592302444076362e-01 -4.521814000000000111e-01 1.575741807353762958e-02 9.989535005871491569e-01 4.293725003230165066e-02 -4.039300000000000009e-03 9.992327540495630211e-01 -1.727267017912223479e-02 3.515050638908234770e-02 9.113641000000000103e-01
7.124093964309562502e-03 4.241247806340549265e-02 -9.990747864848300575e-01 -4.850665000000000115e-01 1.367221266943735233e-02 9.990026193546635014e-01 4.250690677105403714e-02 -2.641199999999999798e-03 9.998811518805169607e-01 -1.396238615146245046e-02 6.537116110953311576e-03 9.108526999999999596e-01
-2.695565454073904632e-02 5.263538378110232951e-02 -9.982499231467520939e-01 -5.546598000000000361e-01 1.396367810095322862e-02 9.985351826640224138e-01 5.227336488136681558e-02 2.250000000000000142e-05 9.995390979757488026e-01 -1.253017782569842975e-02 -2.765115298650455689e-02 9.083396000000000248e-01
-3.492866941225608590e-02 5.529967331184495322e-02 -9.978586744548008092e-01 -5.913637000000000477e-01 1.360392916470771346e-02 9.984017316052898883e-01 5.485358182325480308e-02 1.429200000000000045e-03 9.992972136278428508e-01 -1.165883609808963245e-02 -3.562513686243096167e-02 9.069871999999999934e-01
-3.915801599308142700e-02 5.248882562954251818e-02 -9.978534827155319809e-01 -6.287443999999999811e-01 1.503190088045172970e-02 9.985373337515824899e-01 5.193491176656620661e-02 2.954899999999999888e-03 9.991199586332991656e-01 -1.296596653983895370e-02 -3.988974770892794730e-02 9.057663000000000242e-01
-3.420284312883359323e-02 4.692132434442487093e-02 -9.983128541913450782e-01 -7.064276000000000444e-01 3.395244243818369007e-02 9.983752602383916264e-01 4.576102486183662027e-02 6.381000000000000387e-03 9.988380234924911782e-01 -3.233000256246646581e-02 -3.574036597356955447e-02 9.041012999999999966e-01
-2.860376049887829522e-02 4.698363120059886877e-02 -9.984860355981594049e-01 -7.471700999999999482e-01 3.438929559669488822e-02 9.983496915829502827e-01 4.599206088654147345e-02 7.969699999999999701e-03 9.989990997161538600e-01 -3.302168553290866365e-02 -3.017228945373118254e-02 9.030595000000000150e-01
-2.340396541983772935e-02 4.564359447346714310e-02 -9.986835918779122245e-01 -7.889481999999999884e-01 3.265228618906237251e-02 9.984591521633945366e-01 4.486813644205559642e-02 9.313899999999999957e-03 9.991927154504551822e-01 -3.155921014057592316e-02 -2.485827117979777512e-02 9.017916000000000265e-01
-1.732211055614557918e-02 2.044455959653262989e-02 -9.996409177643659216e-01 -9.194731000000000432e-01 2.647896784668699738e-02 9.994496442933407110e-01 1.998181132151694017e-02 1.294619999999999972e-02 9.994992790130736715e-01 -2.612333257489197341e-02 -1.785392806994590131e-02 8.986151000000000000e-01
-2.247164323339021982e-02 2.377607204557776258e-02 -9.994647185611278406e-01 -1.011811599999999922e+00 1.145339681562914172e-02 9.996576820157179188e-01 2.352314792593830639e-02 1.447050000000000072e-02 9.996818718731348419e-01 -1.091866223698374945e-02 -2.273626757363000905e-02 8.955467000000000288e-01
-2.720237431317795718e-02 3.199723732540397242e-02 -9.991177146038737744e-01 -1.059796900000000042e+00 6.819994277114202474e-03 9.994702568313350577e-01 3.182284380072349095e-02 1.526669999999999937e-02 9.996066819053311958e-01 -5.948320186984771413e-03 -2.740618501665681439e-02 8.935952000000000339e-01
-3.181620089790952038e-02 4.176873552240122772e-02 -9.986205996740119550e-01 -1.108377900000000027e+00 5.431441988267393661e-03 9.991188937254941171e-01 4.161653083418936916e-02 1.646699999999999900e-02 9.994789786675614129e-01 -4.099869949723573131e-03 -3.201503190758059336e-02 8.914501000000000230e-01
-3.450883685483389224e-02 5.953002226267109509e-02 -9.976298495074877870e-01 -1.208646300000000062e+00 6.104929940816582884e-03 9.982183312651143892e-01 5.935396327717477882e-02 2.010889999999999900e-02 9.993857463508994954e-01 -4.042224102690783472e-03 -3.481078015442118367e-02 8.878496000000000166e-01
-3.615837282562341104e-02 6.038625511535648804e-02 -9.975199608367478765e-01 -1.258876399999999895e+00 7.165890066998789609e-03 9.981626987094144310e-01 6.016541302680918080e-02 2.226349999999999857e-02 9.993203801054751922e-01 -4.972634943562103532e-03 -3.652466026627976259e-02 8.860107999999999873e-01
-3.794330552816536917e-02 5.745807216375345416e-02 -9.976266212911627518e-01 -1.309355599999999953e+00 5.848859862609443599e-03 9.983412051182262159e-01 5.727677541024273067e-02 2.462409999999999946e-02 9.992627764526725853e-01 -3.661708114081601434e-03 -3.821642957921911332e-02 8.838804000000000105e-01
-4.547642737417062486e-02 4.753824593026333145e-02 -9.978336583454956443e-01 -1.410405799999999932e+00 5.320796275980289869e-03 9.988644320473262228e-01 4.734485735285126617e-02 2.853829999999999908e-02 9.989512418933523819e-01 -3.156194646425091593e-03 -4.567772712255480094e-02 8.790472999999999759e-01
-5.803436317170686948e-02 4.112101968659519213e-02 -9.974673300069477611e-01 -1.513540499999999955e+00 4.809027889855300997e-03 9.991512361135727049e-01 4.091064193427285806e-02 3.192799999999999805e-02 9.983030030717173764e-01 -2.422625157621663416e-03 -5.818285783060705985e-02 8.731421000000000321e-01
-7.116005801956148957e-02 4.849249575531298928e-02 -9.962854631068714939e-01 -1.618421300000000063e+00 4.221344081839478041e-03 9.988232519543842614e-01 4.831450723552133120e-02 3.513059999999999794e-02 9.974559771723238155e-01 -7.676006054426719183e-04 -7.128102407033143351e-02 8.657705999999999458e-01
-8.177430331949958608e-02 5.359942371275271122e-02 -9.952085535676784556e-01 -1.723485500000000004e+00 -1.875841992073939979e-03 9.985427875459066405e-01 5.393313134680111087e-02 3.928639999999999910e-02 9.966491080282120496e-01 6.277198237377157319e-03 -8.155459673652620811e-02 8.563323000000000462e-01
-8.590591666427449535e-02 5.643681291446955850e-02 -9.947035033768242274e-01 -1.828815099999999916e+00 -1.012256473139144450e-02 9.982933396149964445e-01 5.751470910642130646e-02 4.313560000000000311e-02 9.962518291904559620e-01 1.500980440893997375e-02 -8.518801914750595561e-02 8.461956000000000477e-01
-8.857544902868412506e-02 5.533238126080647357e-02 -9.945314059462254663e-01 -1.935241699999999954e+00 -1.205635514365212269e-02 9.983231676265611476e-01 5.661711120076153708e-02 4.718180000000000290e-02 9.959965030711791512e-01 1.700530987891774731e-02 -8.775981600883664413e-02 8.360514999999999475e-01
-9.067015639845531216e-02 5.371737160151077162e-02 -9.944311774712742968e-01 -2.041998099999999816e+00 -1.570495500749972614e-02 9.983429050326217968e-01 5.536062101564601101e-02 5.180329999999999657e-02 9.957571376228705473e-01 2.063705306604557421e-02 -8.967627843447312230e-02 8.256061999999999568e-01
-9.145915144564506494e-02 4.602071160213587475e-02 -9.947448505624318926e-01 -2.149515200000000181e+00 -2.559135677711511792e-02 9.984929979589599602e-01 4.854704404219297581e-02 5.630600000000000188e-02 9.954799375553222696e-01 2.989694182623461177e-02 -9.014358986799775320e-02 8.145386999999999489e-01
-8.884011747820613758e-02 4.937049744724792549e-02 -9.948215857671516282e-01 -2.258754500000000220e+00 -2.831948325718893628e-02 9.982418550583300743e-01 5.206923926609320630e-02 6.067589999999999789e-02 9.956432294725379162e-01 3.279867057542353026e-02 -8.728577669918802240e-02 8.038400999999999463e-01
-8.679258238599170394e-02 5.255214240585277113e-02 -9.948393437994527133e-01 -2.313349500000000170e+00 -2.828851380949479882e-02 9.980750020257227462e-01 5.519103475931067676e-02 6.268790000000000473e-02 9.958246871961051738e-01 3.293269894661517844e-02 -8.513888483454989942e-02 7.985301000000000204e-01
-8.531963652460627934e-02 5.222487479251624459e-02 -9.949839808138696284e-01 -2.367906099999999903e+00 -2.617427074717778440e-02 9.981632105707406444e-01 5.463618410874521159e-02 6.487880000000000036e-02 9.960097726298484666e-01 3.070451947217657518e-02 -8.379597430557284010e-02 7.938712999999999465e-01
-8.295391411901242851e-02 5.124666318275948595e-02 -9.952348605454736097e-01 -2.422822500000000101e+00 -2.585174434151087108e-02 9.982301726692075494e-01 5.355566904917888338e-02 6.719500000000000473e-02 9.962180160220134306e-01 3.017120954547264366e-02 -8.148228437965221449e-02 7.892845000000000555e-01
-7.877536014713240609e-02 5.205588357403913291e-02 -9.955323337888207780e-01 -2.477088900000000038e+00 -3.062750624077219611e-02 9.980379040945757119e-01 5.461041889582989028e-02 6.915469999999999950e-02 9.964217974809469469e-01 3.479262818231236565e-02 -7.702645343650660337e-02 7.843170000000000419e-01
-7.306567806866641479e-02 5.296204367116653933e-02 -9.959198906631695491e-01 -2.532538699999999920e+00 -3.546732808542465976e-02 9.978193541221260787e-01 5.566511634573462208e-02 7.154069999999999874e-02 9.966962803817654981e-01 3.938982697952318757e-02 -7.102792552001202520e-02 7.795744999999999481e-01
-6.711806076346452099e-02 5.254420738494362808e-02 -9.963605131626002143e-01 -2.587833600000000178e+00 -3.919312587602198639e-02 9.977027440123390489e-01 5.525516694676971957e-02 7.371729999999999949e-02 9.969749569590092841e-01 4.275910266290831180e-02 -6.490450166240158136e-02 7.752337000000000256e-01
-6.135071082532710107e-02 5.161853429216811673e-02 -9.967806264162416552e-01 -2.643471499999999974e+00 -4.059741877647513042e-02 9.977063600396743892e-01 5.416519846793910187e-02 7.597929999999999962e-02 9.972902986943742443e-01 4.378979394690037108e-02 -5.911441513009674242e-02 7.715052000000000021e-01
-5.548214208747005022e-02 5.090321712448777486e-02 -9.971612679981921579e-01 -2.699073100000000114e+00 -4.076239575839187695e-02 9.977514927506948572e-01 5.320137033758050998e-02 7.817720000000000224e-02 9.976272645639859826e-01 4.359840822939995558e-02 -5.328245300697564968e-02 7.680320000000000480e-01
-5.038229701571127206e-02 5.044069778354290379e-02 -9.974554426913162519e-01 -2.755114600000000191e+00 -3.869863135607054527e-02 9.978751993199579395e-01 5.241662439838313398e-02 8.032599999999999463e-02 9.979799797984865162e-01 4.124103040981772633e-02 -4.832325870788189981e-02 7.652942999999999829e-01
-4.483172452352851556e-02 5.136287638052637605e-02 -9.976732788875147806e-01 -2.810999400000000037e+00 -3.760202177971676274e-02 9.978829426414678183e-01 5.306336535956719669e-02 8.236630000000000340e-02 9.982866344063331399e-01 3.989345453986123391e-02 -4.280546519490080470e-02 7.623866999999999727e-01
-3.930689406664306801e-02 5.280614191399909257e-02 -9.978308872023315956e-01 -2.867614000000000107e+00 -3.677253752167228967e-02 9.978497381633981700e-01 5.425569584342965906e-02 8.459980000000000278e-02 9.985503235005488420e-01 3.882539662896098559e-02 -3.728055811750896620e-02 7.601328000000000529e-01
-3.363154544444469513e-02 5.410250244884944743e-02 -9.979688564177694454e-01 -2.924218699999999949e+00 -3.767258945420865618e-02 9.977554765434190065e-01 5.536050064287224154e-02 8.686869999999999314e-02 9.987240335322030704e-01 3.945793020911069621e-02 -3.151787728861277227e-02 7.578719999999999901e-01
-2.837841172083798921e-02 5.326598292020372910e-02 -9.981770388121274928e-01 -2.980912700000000193e+00 -3.740238105329510981e-02 9.978233486007791475e-01 5.431046748714395134e-02 8.914170000000000427e-02 9.988972557974854505e-01 3.887544277140228544e-02 -2.632436722089837033e-02 7.562086999999999559e-01
-2.338918092078257072e-02 4.874290736924686424e-02 -9.985374680987427753e-01 -3.037498999999999949e+00 -3.771771738562802040e-02 9.980565740310410883e-01 4.960291149356889362e-02 9.127830000000000665e-02 9.990146745724372002e-01 3.882272549182959331e-02 -2.150525457448138056e-02 7.545241000000000309e-01
-1.912283695083515089e-02 4.361677472414952211e-02 -9.988653032664689402e-01 -3.094380899999999990e+00 -3.749368133567882594e-02 9.983139803706491122e-01 4.431050052086654700e-02 9.312310000000000032e-02 9.991138778772170603e-01 3.829847985460958781e-02 -1.745524201996984104e-02 7.533007999999999926e-01
-1.560550928892747748e-02 4.336448914791904419e-02 -9.989374300529403339e-01 -3.150993600000000061e+00 -3.725817595748685818e-02 9.983400265564863485e-01 4.392060677535113145e-02 9.464799999999999602e-02 9.991838151232004250e-01 3.790398997644024714e-02 -1.396392279095570732e-02 7.524349999999999650e-01
-1.261348795900361225e-02 4.563715429312679983e-02 -9.988784460931837694e-01 -3.208029499999999867e+00 -3.679467223126008102e-02 9.982601771574616256e-01 4.607353684000740912e-02 9.642679999999999307e-02 9.992432396653491145e-01 3.733455302502922124e-02 -1.091233859074536294e-02 7.516637999999999931e-01
-1.014117983421665252e-02 4.513009400482829309e-02 -9.989296427109796150e-01 -3.265262599999999793e+00 -3.646754735550009757e-02 9.982997686896180056e-01 4.547185749592180110e-02 9.826290000000000024e-02 9.992833804589388302e-01 3.688965233463747245e-02 -8.478153642459074213e-03 7.506076999999999888e-01
-9.436982719229856237e-03 4.477593377864780982e-02 -9.989524809075789324e-01 -3.322691199999999956e+00 -3.858319735234654740e-02 9.982367325967078653e-01 4.510834265098506712e-02 1.001995999999999998e-01 9.992108287239618303e-01 3.896846736656377208e-02 -7.692744105598392501e-03 7.498648999999999454e-01
-8.612443091090811118e-03 4.585785177400389379e-02 -9.989108485018453054e-01 -3.380717999999999890e+00 -3.980246656377871284e-02 9.981405190108606496e-01 4.616565784399705163e-02 1.018229999999999968e-01 9.991704506636703842e-01 4.015671474863470591e-02 -6.771172804971414827e-03 7.491461999999999843e-01
-7.792452235372108148e-03 4.558833053987146333e-02 -9.989299183660215187e-01 -3.438137999999999916e+00 -4.046053699380200430e-02 9.981278130664588133e-01 4.586734927311088977e-02 1.035451000000000010e-01 9.991507507049836034e-01 4.077466004463788790e-02 -5.933334973822645964e-03 7.485688999999999815e-01
-6.580736903708341023e-03 4.337532301432101695e-02 -9.990371741107572090e-01 -3.496081100000000053e+00 -4.152453032299576602e-02 9.981852128561485848e-01 4.361185867146680911e-02 1.053795000000000009e-01 9.991158127480811446e-01 4.177154759796077726e-02 -4.767654351200523166e-03 7.478253999999999735e-01
-6.340877440089012079e-03 4.250906632141138175e-02 -9.990759593513254266e-01 -3.554045900000000202e+00 -3.987027391383458907e-02 9.982908488085350251e-01 4.272870748303012750e-02 1.068540000000000045e-01 9.991847449452604391e-01 4.010436965738773535e-02 -4.635191803801341770e-03 7.475207000000000379e-01
-6.148630359421344664e-03 4.209423444299344869e-02 -9.990947251243805782e-01 -3.612136800000000036e+00 -3.585903786048023206e-02 9.984617335787456804e-01 4.228824875360054358e-02 1.085118999999999945e-01 9.993379427142871085e-01 3.608659038457440182e-02 -4.629713381203548472e-03 7.473155999999999688e-01
-5.913841996038755357e-03 4.288428338162567077e-02 -9.990625429429784710e-01 -3.670237100000000030e+00 -3.397742730768182895e-02 9.984945079648580579e-01 4.306102643420472303e-02 1.100092000000000014e-01 9.994051035022772922e-01 3.420023103519192337e-02 -4.447841132775409712e-03 7.469171000000000005e-01
-6.123340234406476554e-03 4.625789541998354126e-02 -9.989107626888835689e-01 -3.729125699999999988e+00 -3.327976521589877390e-02 9.983667109266664008e-01 4.643670682385470094e-02 1.113700999999999997e-01 9.994273169828549186e-01 3.352786340916828756e-02 -4.573887150750688413e-03 7.467082000000000441e-01
-5.902629115243083688e-03 4.990798403711144832e-02 -9.987363776787543390e-01 -3.787346400000000113e+00 -3.575617829187229674e-02 9.981045609671062024e-01 5.008773393376922400e-02 1.131363999999999981e-01 9.993431115905526685e-01 3.600664530349426129e-02 -4.106922266202461813e-03 7.459885000000000543e-01
-5.073107323910719738e-03 4.977642014813010718e-02 -9.987475014133037066e-01 -3.844956199999999935e+00 -3.828272814410572933e-02 9.980185238621530619e-01 4.993454469456355682e-02 1.150511000000000034e-01 9.992540699481412547e-01 3.848810238561649333e-02 -3.157477922286044958e-03 7.450714999999999977e-01
-4.940374057601044575e-03 4.791427894816879807e-02 -9.988392335992056781e-01 -3.902774799999999988e+00 -3.898325571747161822e-02 9.980829136979956218e-01 4.807081399129420340e-02 1.168196999999999985e-01 9.992276509774126181e-01 3.917549306641153473e-02 -3.063048345413710294e-03 7.446186000000000194e-01
-4.797202818315224153e-03 4.564300992637449622e-02 -9.989462960990349583e-01 -3.960166200000000192e+00 -3.887434347263284823e-02 9.981941561128140350e-01 4.579532860236754793e-02 1.185504000000000002e-01 9.992325916745767866e-01 3.905307090470522963e-02 -3.014197773927529411e-03 7.443218000000000334e-01
-5.264431616277169892e-03 4.516608777279715325e-02 -9.989656201667090896e-01 -4.017806499999999836e+00 -3.628416854971644456e-02 9.983130021046869862e-01 4.532779435824010189e-02 1.201120999999999994e-01 9.993276464065293796e-01 3.648526201121651130e-02 -3.616736589741043062e-03 7.442185000000000050e-01
-4.864035427883690345e-03 4.663098749405134719e-02 -9.989003414578883078e-01 -4.074622200000000305e+00 -3.529365010351011994e-02 9.982818008392854159e-01 4.677397113186221311e-02 1.217821999999999932e-01 9.993651481924548108e-01 3.548234939237968066e-02 -3.209900289697587006e-03 7.434370999999999619e-01
-4.867895902371014404e-03 4.936479224426313511e-02 -9.987689526993539513e-01 -4.132611800000000279e+00 -3.456593563655430829e-02 9.981756139717155030e-01 4.950393687130710818e-02 1.235992999999999953e-01 9.993905641354901004e-01 3.476436334624169455e-02 -3.152674749672512711e-03 7.433357999999999910e-01
-4.207690470223288300e-03 5.166161496195072894e-02 -9.986557829805170483e-01 -4.189733999999999625e+00 -3.416105225245021776e-02 9.980743076079898746e-01 5.177546718125168590e-02 1.253992999999999913e-01 9.994074833869875940e-01 3.433298752445894386e-02 -2.434772624535730401e-03 7.428506000000000276e-01
-4.179518349902665124e-03 5.211921083895788148e-02 -9.986321242018439959e-01 -4.246536299999999819e+00 -3.562512649496923228e-02 9.979991614767257380e-01 5.223527595379917621e-02 1.270809999999999995e-01 9.993564839378289433e-01 3.579471404099165976e-02 -2.314402329623654886e-03 7.424302000000000401e-01
-3.703387714205925128e-03 4.983021938854109711e-02 -9.987508368733054587e-01 -4.303123499999999879e+00 -3.586489800510954395e-02 9.981085053209904911e-01 4.993115957977732611e-02 1.291575000000000084e-01 9.993497856158880532e-01 3.600501133992270453e-02 -1.909227040107985829e-03 7.418896999999999853e-01
-3.447478961334298105e-03 4.856196793141055734e-02 -9.988142220450407782e-01 -4.359415099999999654e+00 -3.415989737656745240e-02 9.982315006617830111e-01 4.865154157626432746e-02 1.307704000000000089e-01 9.994104343561925896e-01 3.428711648933529393e-02 -1.782510256131519810e-03 7.416156999999999888e-01
-3.370582930825671321e-03 4.990381251458988338e-02 -9.987483410084919688e-01 -4.415635599999999883e+00 -3.335024752999272285e-02 9.981928171918091897e-01 4.998860566536774547e-02 1.321605999999999892e-01 9.994380421819025750e-01 3.347699513379425590e-02 -1.700187171247535822e-03 7.410725999999999702e-01
-2.963164996346038561e-03 5.269544755295550026e-02 -9.986062334375838123e-01 -4.472364400000000018e+00 -3.077341798314472271e-02 9.981328524487919074e-01 5.276178169918860350e-02 1.341015000000000124e-01 9.995219939545298971e-01 3.088686888682444509e-02 -1.336013296723281840e-03 7.407624000000000430e-01
-3.105884160069477366e-03 5.538449138804874688e-02 -9.984602704150384866e-01 -4.528599299999999772e+00 -2.955979015430339890e-02 9.980236818726638814e-01 5.545222472872723962e-02 1.358177000000000134e-01 9.995581885461286564e-01 2.968650425730310835e-02 -1.462592001668983066e-03 7.408694999999999586e-01
-2.744041203854497533e-03 5.699524380147144575e-02 -9.983706788672643828e-01 -4.585345700000000413e+00 -3.002384793488506454e-02 9.979196540526601433e-01 5.705201670933270075e-02 1.381389000000000089e-01 9.995454160732539783e-01 3.013148252957212683e-02 -1.027116115949633368e-03 7.406433999999999518e-01
-2.377278835460263934e-03 5.896511934810480526e-02 -9.982572129694843310e-01 -4.641955900000000135e+00 -3.255327426198934004e-02 9.977263914598748507e-01 5.901128806660993487e-02 1.401367000000000029e-01 9.994671744885682552e-01 3.263682712397872332e-02 -4.523661319678629056e-04 7.401288000000000311e-01
-2.068079278546832746e-03 5.822909184296928831e-02 -9.983011048332263160e-01 -4.698099599999999931e+00 -3.446367175006048722e-02 9.977060461069161557e-01 5.826577804516354375e-02 1.423395000000000077e-01 9.994038114684181684e-01 3.452561983291865810e-02 -5.654689245437882761e-05 7.397076000000000207e-01
-2.065103763985371051e-03 5.442633052623524481e-02 -9.985156533033887616e-01 -4.754174199999999573e+00 -3.679210932936408107e-02 9.978375889731481152e-01 5.446546358336462612e-02 1.443105000000000082e-01 9.993208073674542113e-01 3.684997391727287686e-02 -5.817865771717833923e-05 7.392758000000000385e-01
-1.532216806138952774e-03 5.259331123054995089e-02 -9.986148386267176269e-01 -4.809970400000000090e+00 -3.770487001338867356e-02 9.979028734487498387e-01 5.261366685569325574e-02 1.462822000000000011e-01 9.992877438900830134e-01 3.773325822845040312e-02 4.540204099290345852e-04 7.386863000000000179e-01
-1.504487133639044807e-03 5.105525789197106618e-02 -9.986946966716350182e-01 -4.865922000000000303e+00 -3.792346396546842496e-02 9.979744971944898291e-01 5.107556979873032615e-02 1.481627000000000083e-01 9.992795141497321509e-01 3.795080487933664287e-02 4.347524421848270038e-04 7.383045999999999776e-01
-1.086145877973215563e-03 5.150190703871563441e-02 -9.986723055429679308e-01 -4.922241200000000205e+00 -3.655977701008986808e-02 9.980032038217698798e-01 5.150716325381782951e-02 1.502064999999999928e-01 9.993308776336814470e-01 3.656718108985747978e-02 7.989211708947507873e-04 7.380771999999999888e-01
-1.384971033275535571e-03 5.375782074513954512e-02 -9.985530424388933124e-01 -4.978623899999999658e+00 -3.701015876433140506e-02 9.978671233443829891e-01 5.377222607113208569e-02 1.521846000000000032e-01 9.993139296554791606e-01 3.703107961077286431e-02 6.075684197121011820e-04 7.379974999999999730e-01
-1.505447638920232728e-03 5.596647871168852068e-02 -9.984315133688542732e-01 -5.034729999999999706e+00 -3.563105301624661797e-02 9.977956489322816758e-01 5.598456066417184518e-02 1.540762999999999994e-01 9.993638785189106200e-01 3.565944801060484670e-02 4.920154662988451832e-04 7.380273000000000527e-01
-2.052116125081632648e-03 5.482932274662673244e-02 -9.984936325217879105e-01 -5.090887500000000010e+00 -3.944260621442624570e-02 9.977143019268255308e-01 5.486759103223797646e-02 1.564986999999999906e-01 9.992197304068923813e-01 3.949578582347055417e-02 1.151857788902477253e-04 7.374087999999999754e-01
-2.665408102579965542e-03 5.617404359716364481e-02 -9.984174339551521449e-01 -5.147318399999999627e+00 -4.344753819774409276e-02 9.974716694692837837e-01 5.623682095136037923e-02 1.586088999999999971e-01 9.990521543063717314e-01 4.352867367728719544e-02 -2.180451649879122655e-04 7.369666000000000272e-01
-2.807446451517199397e-03 5.531947194905330323e-02 -9.984647586508498263e-01 -5.204456799999999994e+00 -4.661240880779365936e-02 9.973761610735870642e-01 5.539022176566212735e-02 1.608834000000000097e-01 9.989091057696676268e-01 4.669635259195321214e-02 -2.215063227133384771e-04 7.363792000000000115e-01
-2.921566803394392686e-03 5.168595476939962657e-02 -9.986591142762324402e-01 -5.261873699999999765e+00 -4.788994491637974665e-02 9.975102869006169382e-01 5.176659833671792138e-02 1.630784000000000122e-01 9.988483456577978981e-01 4.797696954815455078e-02 -4.390554133961721561e-04 7.358293000000000195e-01
-3.596049240796845604e-03 4.752530092989631916e-02 -9.988635613542924396e-01 -5.319618700000000366e+00 -4.804408966573461837e-02 9.977083147722431988e-01 4.764330049987493959e-02 1.653309000000000029e-01 9.988387426797422641e-01 4.816081816013228351e-02 -1.304498408606469262e-03 7.353074000000000554e-01
-4.524208094605245561e-03 4.683941164330977791e-02 -9.988921869040848778e-01 -5.377897299999999881e+00 -4.467502957601690583e-02 9.978955904950032041e-01 4.699502317278732993e-02 1.672221999999999875e-01 9.989913279270740132e-01 4.483815325743668173e-02 -2.422135207600262241e-03 7.352984000000000187e-01
-5.700722248471314785e-03 4.613386153977050430e-02 -9.989190000121506152e-01 -5.435413399999999839e+00 -3.979848865953831971e-02 9.981333089209086795e-01 4.632470100296848248e-02 1.688400999999999930e-01 9.991914641680352815e-01 4.001955074744234508e-02 -3.854022795794498357e-03 7.356973999999999458e-01
-6.394057787672156531e-03 5.180596328402353734e-02 -9.986366998028974873e-01 -5.554639800000000349e+00 -3.816169979787617517e-02 9.979169984255576997e-01 5.201296878531774803e-02 1.733466999999999925e-01 9.992511199360973873e-01 3.844224787314166891e-02 -4.403735336648617604e-03 7.341303999999999608e-01
-7.400847155821200889e-03 4.731760645450835273e-02 -9.988524773863217687e-01 -5.674369300000000393e+00 -3.659327543054505943e-02 9.981979734301877905e-01 4.755773368370708881e-02 1.777947000000000000e-01 9.993028368090627334e-01 3.690325133755032599e-02 -5.656004426903282756e-03 7.326696999999999793e-01
-8.033400034455500521e-03 4.382212928165224453e-02 -9.990070497594641941e-01 -5.734514199999999562e+00 -3.680424787375881357e-02 9.983494309603498928e-01 4.408923949891106059e-02 1.797391999999999879e-01 9.992902040059900015e-01 3.712188958508950282e-02 -6.407299844637726061e-03 7.317219000000000362e-01
-8.951980650738575879e-03 4.249312188812182089e-02 -9.990566533658787884e-01 -5.795086900000000263e+00 -3.629931229755309352e-02 9.984243830012264898e-01 4.279148694944955034e-02 1.815893000000000090e-01 9.993008665908146293e-01 3.664813802666409825e-02 -7.395404655937687366e-03 7.310305000000000275e-01
-9.697537522317875580e-03 4.380788550197067810e-02 -9.989929063481127747e-01 -5.855692900000000201e+00 -3.794440518790241634e-02 9.983042375256205858e-01 4.414602420746163713e-02 1.833467000000000013e-01 9.992327956392040855e-01 3.833429934452606269e-02 -8.018828644181574816e-03 7.303083000000000213e-01
-1.042117143961297787e-02 5.139240990962923999e-02 -9.986241632313462846e-01 -5.979502700000000281e+00 -4.824840948333319196e-02 9.974893302750756918e-01 5.183750543486526779e-02 1.877859000000000056e-01 9.987810021061446220e-01 4.872223507867557563e-02 -7.915405282326148928e-03 7.276995000000000546e-01
-1.065144656905923221e-02 5.139461990630148081e-02 -9.986216198994857240e-01 -6.041507700000000369e+00 -5.557248428985803179e-02 9.971043705786377664e-01 5.190927819602182691e-02 1.899927999999999895e-01 9.983978393785915006e-01 5.604879318652011833e-02 -7.764477219667664798e-03 7.264950999999999492e-01
-1.041116271868508178e-02 4.935493890097780723e-02 -9.987270386331422722e-01 -6.103409300000000037e+00 -5.925963421843330470e-02 9.969952719691030918e-01 4.988710678674052740e-02 1.924005000000000021e-01 9.981883106123526916e-01 5.970358177978028064e-02 -7.455124380084998670e-03 7.253032999999999841e-01
-1.087132334546153135e-02 4.823416367780406638e-02 -9.987768918947919072e-01 -6.165139199999999597e+00 -6.136820515290272032e-02 9.969209010736332921e-01 4.881250248498223560e-02 1.943645999999999985e-01 9.980559892736626804e-01 6.182380170159353788e-02 -7.877805413462168893e-03 7.240832000000000379e-01
-1.248979883855650362e-02 4.670493068602157155e-02 -9.988306434899696384e-01 -6.287918099999999733e+00 -5.896784939243573248e-02 9.971356657161072334e-01 4.736303299965750890e-02 1.979932000000000081e-01 9.981817458073474203e-01 5.949044970841581292e-02 -9.699934560966849695e-03 7.230079000000000367e-01
-1.306919716696691193e-02 4.744664909121050489e-02 -9.987882716449102416e-01 -6.349810100000000013e+00 -5.918940075729552108e-02 9.970853179922810616e-01 4.814024804905159965e-02 1.998543999999999876e-01 9.981612148963731057e-01 5.974683367549685903e-02 -1.022276588547854637e-02 7.220723999999999476e-01
-1.406608456499838095e-02 5.260183129255170675e-02 -9.985164959126514583e-01 -6.411661099999999891e+00 -5.897282659197521093e-02 9.968333025147574356e-01 5.334390987990012684e-02 2.018321999999999894e-01 9.981604835840592882e-01 5.963568011008184983e-02 -1.091946285514322490e-02 7.212229000000000001e-01
-1.465813317101646689e-02 5.631447158337153647e-02 -9.983054740019343676e-01 -6.473817300000000330e+00 -5.745339625877796119e-02 9.967157602446728992e-01 5.706838475211562650e-02 2.043367000000000100e-01 9.982405754076884019e-01 5.819255596869159913e-02 -1.137453469633420422e-02 7.202851999999999588e-01
-1.455182845902620176e-02 5.537111493188801720e-02 -9.983597968266247902e-01 -6.535710299999999862e+00 -5.804650752562961341e-02 9.967348473045577473e-01 5.612706239272582248e-02 2.065838999999999870e-01 9.982078176675320824e-01 5.876805084363068837e-02 -1.129021467751323282e-02 7.189980999999999733e-01
-1.367672993683720709e-02 5.372429946859182126e-02 -9.984621408470347736e-01 -6.597483200000000103e+00 -5.785670373007514855e-02 9.968400214638414303e-01 5.442952729409354651e-02 2.093000999999999889e-01 9.982312101370730550e-01 5.851214621407448135e-02 -1.052520088633179807e-02 7.178428999999999505e-01
-1.241254313561183584e-02 5.348682168617342747e-02 -9.984914064121022115e-01 -6.659182099999999771e+00 -5.702032473239540544e-02 9.969055691332726621e-01 5.411070872274777177e-02 2.111771000000000065e-01 9.982958536127046756e-01 5.760595574224390558e-02 -9.324297437549033951e-03 7.165728000000000097e-01
-1.167058654613972388e-02 5.302513009403825306e-02 -9.985249786500985936e-01 -6.720780799999999999e+00 -5.730186438740685062e-02 9.969165076974199069e-01 5.360944896291512662e-02 2.133066000000000129e-01 9.982886825700253430e-01 5.784299662785881424e-02 -8.596161568584892443e-03 7.156843999999999983e-01
-1.054463747058552101e-02 5.516059634785781124e-02 -9.984218142804986984e-01 -6.782529399999999598e+00 -5.754517294111711340e-02 9.967890937006907981e-01 5.567814428060904874e-02 2.155880000000000019e-01 9.982872150297182889e-01 5.804146181742918242e-02 -7.336553571334669677e-03 7.145685999999999982e-01
-1.011447581496482430e-02 5.858162372517741745e-02 -9.982313813644161371e-01 -6.844071900000000319e+00 -5.809181024336766697e-02 9.965619946457736633e-01 5.907226430640349218e-02 2.180644999999999945e-01 9.982600056907204866e-01 5.858655297385876454e-02 -6.676589623766382431e-03 7.140461000000000169e-01
-8.862298848345351657e-03 5.965308176194103473e-02 -9.981798282350859974e-01 -6.905477000000000309e+00 -5.950930237798300604e-02 9.964183346489742243e-01 6.007616254264713102e-02 2.204834999999999989e-01 9.981884103663036800e-01 5.993339813215958073e-02 -5.280643779279947658e-03 7.132007000000000208e-01
-8.103827414939594048e-03 5.703954597108222557e-02 -9.983390296771140759e-01 -6.966670999999999836e+00 -6.168077305594887871e-02 9.964422032430561016e-01 5.743185380383070832e-02 2.228864000000000123e-01 9.980630291802464749e-01 6.204374095375656678e-02 -4.556752353787163479e-03 7.122846000000000455e-01
-7.923682374605164197e-03 5.433050479993038751e-02 -9.984915680694613771e-01 -7.027566900000000061e+00 -6.051262598799168890e-02 9.966668861383869427e-01 5.471142633169948089e-02 2.249324000000000046e-01 9.981359813941507175e-01 6.085486277526462595e-02 -4.609590322350420877e-03 7.116122999999999754e-01
-7.820776231679265819e-03 5.251980850251542626e-02 -9.985892574897815566e-01 -7.088808499999999846e+00 -5.748985604770553287e-02 9.969444549994641580e-01 5.288355223919220804e-02 2.273183000000000009e-01 9.983154571130049559e-01 5.782234309227173019e-02 -4.777523267501582183e-03 7.111674999999999525e-01
-8.390957189006538822e-03 5.231610868501081896e-02 -9.985953217442541385e-01 -7.148998299999999695e+00 -5.593894917899550762e-02 9.970421456221295609e-01 5.270477983987761905e-02 2.290328000000000086e-01 9.983989311904345465e-01 5.630261650472691282e-02 -5.439629814576907307e-03 7.108373000000000053e-01
-8.690800627150399582e-03 5.212439533555091736e-02 -9.986027825894349119e-01 -7.209686800000000062e+00 -5.369962126474784464e-02 9.971751561245600914e-01 5.251722273675400038e-02 2.315724000000000116e-01 9.985193141148956952e-01 5.408100793127277456e-02 -5.867190184053017177e-03 7.103648000000000184e-01
