1.000000000000000000e+00 0.000000000000000000e+00 0.000000000000000000e+00 0.000000000000000000e+00 0.000000000000000000e+00 1.000000000000000000e+00 0.000000000000000000e+00 0.000000000000000000e+00 0.000000000000000000e+00 0.000000000000000000e+00 1.000000000000000000e+00 0.000000000000000000e+00
9.999988371166211865e-01 1.427625878386479296e-03 5.363298953456054844e-04 -4.649000000000000246e-04 -1.427573311185630122e-03 9.999989761771034269e-01 -9.838285450959439820e-05 -7.954999999999999832e-04 -5.364698001478658551e-04 9.761708985722177185e-05 9.999998513355174978e-01 3.159569999999999740e-02
9.999943152348315101e-01 3.343315682367819282e-03 4.378792853177338623e-04 -5.592000000000000399e-04 -3.343074166876347075e-03 9.999942600374779333e-01 -5.511326624202540336e-04 -1.372100000000000012e-03 -4.397193823803817350e-04 5.496656664335354894e-04 9.999997522572292574e-01 6.295009999999999495e-02
9.999937566383052534e-01 3.397791777189394704e-03 9.704099385481106338e-04 -8.683000000000000180e-04 -3.396997427780999116e-03 9.999938947645605758e-01 -8.190494982245817871e-04 -2.022200000000000039e-03 -9.731869736171416775e-04 8.157479045371773861e-04 9.999991937309102852e-01 9.364200000000000301e-02
9.999863216882646233e-01 4.084630762026099891e-03 3.266837601178353492e-03 -9.443999999999999704e-04 -4.107291626814870734e-03 9.999673418466514807e-01 6.960272669540482071e-03 -3.877300000000000191e-03 -3.238300768436915174e-03 -6.973595319486628960e-03 9.999704407513519966e-01 1.804826999999999959e-01
9.999749936282320562e-01 2.975375590698810333e-03 6.415548169219667876e-03 -4.307000000000000065e-04 -3.056465282374266294e-03 9.999150987143312630e-01 1.266701950290109562e-02 -5.351200000000000401e-03 -6.377314340295993020e-03 -1.268631164694883524e-02 9.998991885978314453e-01 2.584626999999999897e-01
9.999570594440171378e-01 3.914685121345053143e-03 8.399673117156147492e-03 -1.353000000000000090e-04 -3.975977362424823122e-03 9.999655032461857163e-01 7.292730737941235768e-03 -6.069899999999999601e-03 -8.370834611186711224e-03 -7.325814494194295666e-03 9.999381288709361382e-01 3.043412999999999813e-01
9.999443593571422095e-01 2.204658549451043656e-03 1.031589407248788108e-02 -2.199999999999999943e-05 -2.264460413274059329e-03 9.999806798018657794e-01 5.788975905554897584e-03 -6.326599999999999932e-03 -1.030293205214772266e-02 -5.812013736968701764e-03 9.999300325960063240e-01 3.255228000000000010e-01
9.996711784691852953e-01 2.178550622725157048e-03 2.554973297736206142e-02 1.835299999999999996e-03 -2.216686852216442644e-03 9.999964709101100135e-01 1.464399783016563606e-03 -8.701399999999999760e-03 -2.554645254099851062e-02 -1.520554014006746850e-03 9.996724797042584321e-01 4.265541999999999945e-01
9.988967814350955265e-01 -1.360610603723349686e-03 4.694005514901030546e-02 6.449500000000000371e-03 1.624154129516765200e-03 9.999831306437115819e-01 -5.576786831619850483e-03 -1.121699999999999954e-02 -4.693167546519799033e-02 5.646872301264702250e-03 9.988821405307247714e-01 5.162794000000000549e-01
9.986874408819664817e-01 -1.273890892643387771e-03 5.120324820382469999e-02 7.678500000000000429e-03 2.082102922849912545e-03 9.998740427483434612e-01 -1.573415029490302791e-02 -1.186549999999999931e-02 -5.117675519264089368e-02 1.582010872521353445e-02 9.985643013285999681e-01 5.428302000000000405e-01
9.988000913688263038e-01 -1.783546714999961150e-03 4.894074419887503580e-02 7.983399999999999871e-03 2.601783914126703460e-03 9.998578219794247435e-01 -1.666032853893580773e-02 -1.208490000000000085e-02 -4.890407142650292360e-02 1.676767090792577464e-02 9.986627243520381780e-01 5.482706999999999997e-01
9.052328949314875084e-01 1.425364276533706495e-02 -4.246766294510172512e-01 -3.893690000000000345e-02 -1.081504947618449133e-02 9.998863171538560080e-01 1.050654430942842693e-02 -1.657480000000000064e-02 4.247781075323752153e-01 -4.917970762057822902e-03 9.052841393312915930e-01 7.167177999999999605e-01
8.836425183509827308e-01 1.852103130485734800e-02 -4.677957579561165535e-01 -4.702440000000000092e-02 -1.204780543566350524e-02 9.997858458284470951e-01 1.682595807914096658e-02 -1.668800000000000144e-02 4.680072116394335402e-01 -9.232219695236154947e-03 8.836764204011451351e-01 7.284192999999999918e-01
8.589403549348064715e-01 2.328980309143197092e-02 -5.115457474522011605e-01 -5.595839999999999842e-02 -1.474377816666015695e-02 9.996758285102194108e-01 2.075714088642319904e-02 -1.662349999999999939e-02 5.118633486291446211e-01 -1.028702893788251312e-02 8.590052906506397967e-01 7.401577000000000295e-01
6.511460090526348665e-01 3.768256992708168829e-02 -7.580164238448375835e-01 -1.313464000000000020e-01 -1.599483208661662062e-02 9.992261629376772980e-01 3.593383708105074570e-02 -1.516400000000000040e-02 7.587839219707720462e-01 -1.127382918697798081e-02 6.512448545164222224e-01 8.090133999999999936e-01
5.640989798782264364e-01 3.629398876422815223e-02 -8.249091388025269200e-01 -1.655023999999999940e-01 -6.288581206967482767e-03 9.991933747850568759e-01 3.966173889345218223e-02 -1.396400000000000072e-02 8.256832289969004979e-01 -1.718563834226365800e-02 5.638722011130015144e-01 8.306746000000000407e-01
4.680102863714615813e-01 3.717824455009810514e-02 -8.829406265331070092e-01 -2.045376000000000138e-01 -3.781053118820845022e-03 9.991897611232294363e-01 4.006900178212823016e-02 -1.245420000000000034e-02 8.837149288587440310e-01 -1.541425958898580417e-02 4.677716591602233409e-01 8.493446000000000051e-01
4.156281591291005051e-01 3.604955760516823093e-02 -9.088199286632236973e-01 -2.256199999999999872e-01 1.022383680771000308e-03 9.991950693156178565e-01 4.010197235756404049e-02 -1.171409999999999986e-02 9.095340499786495059e-01 -1.759667161224516552e-02 4.152567507911296696e-01 8.576534000000000102e-01
3.085626805504685377e-01 3.408200063137487718e-02 -9.505932302538621093e-01 -2.716119000000000172e-01 8.459317829957825607e-03 9.992200419448667992e-01 3.857133284643288890e-02 -1.019579999999999965e-02 9.511663955971957352e-01 -1.994304411722336995e-02 3.080337041266381082e-01 8.711881000000000208e-01
2.554540931181412677e-01 3.991478121813344521e-02 -9.659969029709652988e-01 -2.968496999999999941e-01 9.236684270021874865e-03 9.990010751177711423e-01 4.372111134490086481e-02 -9.135499999999999524e-03 9.667770632223769978e-01 -2.009134524729068449e-02 2.548302334364394017e-01 8.763628999999999447e-01
2.043808501169079861e-01 4.503154784638711133e-02 -9.778551159573938278e-01 -3.231668999999999792e-01 1.186775527026904392e-02 9.987539162858015684e-01 4.847443747604514991e-02 -8.232800000000000187e-03 9.788195055730830596e-01 -2.151219194625591385e-02 2.035917510788008977e-01 8.803261999999999476e-01
1.559983118952414372e-01 4.643999193853314694e-02 -9.866650160183974005e-01 -3.504507000000000039e-01 1.753538386554582412e-02 9.986065332613639489e-01 4.977451195550321172e-02 -7.438000000000000167e-03 9.876016590703577958e-01 -2.506628964305554139e-02 1.549665903509770404e-01 8.836935999999999680e-01
7.157519349701248201e-02 4.602402835396047359e-02 -9.963728119985705289e-01 -4.084905999999999815e-01 1.966556178546532280e-02 9.986755832170799430e-01 4.754308746481632902e-02 -5.472399999999999660e-03 9.972413235298299705e-01 -2.299713678045533366e-02 7.057530973629344562e-02 8.867589999999999639e-01
3.612400679092103717e-02 4.174369573113106274e-02 -9.984750973359706183e-01 -4.388294999999999835e-01 1.659372640746429456e-02 9.989644124666253733e-01 4.236450010473481742e-02 -4.055999999999999710e-03 9.992095397749580776e-01 -1.809879807933678988e-02 3.539391375363398762e-02 8.866106000000000265e-01
7.476970932649311397e-03 4.185673337750901724e-02 -9.990956454597511582e-01 -4.705001999999999795e-01 1.472352970609223238e-02 9.990106576504215186e-01 4.196335989724926663e-02 -2.780799999999999939e-03 9.998636469932619120e-01 -1.502397323734207431e-02 6.853294791375308392e-03 8.859976999999999991e-01
-1.367736390822987293e-02 4.590558716869747036e-02 -9.988521446056061182e-01 -5.034969999999999724e-01 1.325213186258313719e-02 9.988661704543164710e-01 4.572476925065101921e-02 -1.424099999999999975e-03 9.998186389128872475e-01 -1.261152602287645558e-02 -1.427020300331249825e-02 8.848983999999999739e-01
-2.658717136574346648e-02 5.195018794120216665e-02 -9.982956978228655354e-01 -5.377250000000000085e-01 1.487833606366671668e-02 9.985586688939085409e-01 5.156762446343605977e-02 -7.320000000000000389e-05 9.995357709630731113e-01 -1.348194161458758297e-02 -2.732178280339092602e-02 8.835724999999999829e-01
-3.462844344879006248e-02 5.462966256915196411e-02 -9.979060431082149574e-01 -5.731532999999999767e-01 1.466383607153628338e-02 9.984251763218303655e-01 5.414923081992235182e-02 1.235599999999999893e-03 9.992926712510110665e-01 -1.275802705369113305e-02 -3.537499017266609869e-02 8.823075000000000223e-01
-3.871643765377021096e-02 5.172435852857500127e-02 -9.979106313644570125e-01 -6.092197000000000306e-01 1.593292595917424059e-02 9.985643862086504008e-01 5.114008668472016378e-02 2.701900000000000135e-03 9.991232052783987072e-01 -1.391967422566533358e-02 -3.948497617664414872e-02 8.810329000000000077e-01
-3.380794130862695146e-02 4.642439550573938811e-02 -9.983495372896203923e-01 -6.842179000000000455e-01 3.496834211349598986e-02 9.983638995376300507e-01 4.524090129352306699e-02 5.770599999999999861e-03 9.988164186447406889e-01 -3.338112643311304251e-02 -3.537601226467712578e-02 8.794948000000000210e-01
-2.824814989463725334e-02 4.636964144555603962e-02 -9.985248611725904277e-01 -7.237689000000000483e-01 3.557559197425823327e-02 9.983372909124454964e-01 4.535450175319253457e-02 7.370299999999999768e-03 9.989676767960070647e-01 -3.424193227330816353e-02 -2.985080888316060665e-02 8.785781999999999758e-01
-2.297853316471950430e-02 4.506316555483495107e-02 -9.987198296438173362e-01 -7.642098999999999975e-01 3.360586844278471569e-02 9.984538585980518022e-01 4.427796129981427520e-02 8.601199999999999818e-03 9.991709726667423741e-01 -3.254540460401654511e-02 -2.445739191648865773e-02 8.774123000000000339e-01
-1.989635540549697726e-02 3.864138521566311962e-02 -9.990550427229685226e-01 -8.049728000000000439e-01 3.721042019812748763e-02 9.985891622290287151e-01 3.788231391303127638e-02 1.011970000000000057e-02 9.991093632181897721e-01 -3.642153795958359697e-02 -2.130614705669875431e-02 8.767690999999999679e-01
-1.856807331179678375e-02 1.682668766361719581e-02 -9.996859953184091818e-01 -9.331492999999999594e-01 2.199156419302530224e-02 9.996233529832561082e-01 1.641716403209434946e-02 1.295299999999999924e-02 9.995857130620822151e-01 -2.167982363359347367e-02 -1.893112488428760898e-02 8.731809999999999850e-01
-2.205731215858635144e-02 2.312075011483818998e-02 -9.994893225515049107e-01 -9.783564000000000149e-01 1.249892459593213156e-02 9.996607951808941239e-01 2.284888317287847928e-02 1.351390000000000056e-02 9.996785742748937054e-01 -1.198855672839129957e-02 -2.233881472429233295e-02 8.712769000000000208e-01
-2.664508121480736388e-02 3.123401610835761788e-02 -9.991568825188559266e-01 -1.024651600000000107e+00 7.841334540814435053e-03 9.994875322693445030e-01 3.103524304327216765e-02 1.440070000000000065e-02 9.996142021398430888e-01 -7.007786803178298399e-03 -2.687634283986295447e-02 8.693108999999999975e-01
-3.317256636781427959e-02 5.102914614879153904e-02 -9.981460850416127295e-01 -1.119906800000000091e+00 5.234223952021305193e-03 9.986909024873245055e-01 5.088304421586184456e-02 1.712819999999999968e-02 9.994359327841845220e-01 -3.536598984694001857e-03 -3.339623822271631237e-02 8.658978000000000508e-01
-3.574399277766161093e-02 5.950457137559041904e-02 -9.975878773149348122e-01 -1.216684499999999947e+00 7.856764591565236489e-03 9.982116468939722376e-01 5.926026708829802703e-02 2.114229999999999929e-02 9.993300947286952729e-01 -5.719614552656269307e-03 -3.614758330657585894e-02 8.623967999999999634e-01
-4.056376036159802662e-02 5.172633002970567634e-02 -9.978371450928175124e-01 -1.314397800000000061e+00 6.148282693405449084e-03 9.986531045337146972e-01 5.151869005608984697e-02 2.544079999999999953e-02 9.991580355305403893e-01 -4.045193052432598940e-03 -4.082715331638653300e-02 8.583988000000000174e-01
-5.055412517498263786e-02 4.228696039658690065e-02 -9.978256828766283171e-01 -1.412447999999999926e+00 6.345252869023907533e-03 9.990966481808015720e-01 4.201934506767020933e-02 2.862719999999999848e-02 9.987011656115258873e-01 -4.207205046736876841e-03 -5.077677847081651930e-02 8.528795000000000126e-01
-6.416287277592097604e-02 4.259834918622375927e-02 -9.970298422834440455e-01 -1.512492200000000064e+00 5.584483813248337924e-03 9.990882074577179806e-01 4.232690940126973556e-02 3.187500000000000056e-02 9.979238143754665114e-01 -2.852080912645830330e-03 -6.434225933853410240e-02 8.464627000000000123e-01
-7.061650990404902406e-02 4.733738458303460989e-02 -9.963796869415845192e-01 -1.563522800000000101e+00 4.340626196137079007e-03 9.988784616242727399e-01 4.714846622480683286e-02 3.354519999999999724e-02 9.974940939640682958e-01 -9.954516383127234858e-04 -7.074278466980943314e-02 8.427696999999999550e-01
-7.659942997516260010e-02 5.026394968400470231e-02 -9.957941869129603996e-01 -1.614591000000000109e+00 1.407163704707375257e-03 9.987329587938537090e-01 5.030404466027228044e-02 3.535449999999999704e-02 9.970609546150065450e-01 2.452015709239474539e-03 -7.657310494666735856e-02 8.382521000000000555e-01
-8.108503317513882092e-02 5.255707361767348457e-02 -9.953205370169616595e-01 -1.665533500000000000e+00 -1.831961036261042786e-03 9.985992230245589463e-01 5.287944490545275211e-02 3.731099999999999695e-02 9.967055038042823556e-01 6.111119986847053653e-03 -8.087516861656673939e-02 8.335831000000000213e-01
-8.539917017990686365e-02 5.518557800266966906e-02 -9.948173368579250608e-01 -1.767111400000000110e+00 -9.800698485964071116e-03 9.983700762332327061e-01 5.622399124249795321e-02 4.111329999999999846e-02 9.962986138913224599e-01 1.455138696346595581e-02 -8.471911883199056970e-02 8.239330999999999738e-01
-8.797431887880585721e-02 5.410132522872146410e-02 -9.946524849545728131e-01 -1.869841599999999993e+00 -1.169265265064314482e-02 9.983991406380539058e-01 5.533929749451747815e-02 4.501150000000000290e-02 9.960541155438302763e-01 1.649856301898463759e-02 -8.720089636297900793e-02 8.140062999999999604e-01
-9.008470727756250074e-02 5.244953909257787927e-02 -9.945520556329325856e-01 -1.972875799999999957e+00 -1.551623141681077178e-02 9.984171933818053457e-01 5.405880614866319378e-02 4.919950000000000018e-02 9.958132315235299625e-01 2.030157157894227002e-02 -8.912830142041994197e-02 8.042000999999999733e-01
-9.092851625474834831e-02 4.493577495325662419e-02 -9.948430936891810017e-01 -2.076403899999999858e+00 -2.533461209006165893e-02 9.985537539895311676e-01 4.741896059237335481e-02 5.336690000000000184e-02 9.955351135755867720e-01 2.951569959809914601e-02 -8.965858082347000213e-02 7.936839999999999451e-01
-8.831472435675205568e-02 4.807402545712685660e-02 -9.949318557258778339e-01 -2.181452300000000122e+00 -2.791903251800037164e-02 9.983227962272616107e-01 5.071609366108814632e-02 5.758629999999999999e-02 9.957012790415858960e-01 3.225651266533544059e-02 -8.682442228786391158e-02 7.834754999999999914e-01
-8.508524379362031320e-02 5.111504298835525817e-02 -9.950616833487653246e-01 -2.286256100000000124e+00 -2.598691313314238638e-02 9.982296559337346942e-01 5.349985383370658987e-02 6.129269999999999857e-02 9.960347291306617112e-01 3.041062963366678029e-02 -8.360629145520837024e-02 7.741911999999999683e-01
-8.280289567999600531e-02 5.038766385377806134e-02 -9.952912959522783876e-01 -2.339018799999999842e+00 -2.578843797917794098e-02 9.982781761875016979e-01 5.268433746712135324e-02 6.330289999999999528e-02 9.962322203851876612e-01 3.002942355614074757e-02 -8.136090453826150259e-02 7.698004000000000513e-01
-7.844698600703925440e-02 5.081578396638882639e-02 -9.956223312513099444e-01 -2.391660499999999967e+00 -3.041692282267286634e-02 9.981130731220736463e-01 5.333951695328378179e-02 6.544179999999999442e-02 9.964541540845777146e-01 3.446809195025720557e-02 -7.675330250157097467e-02 7.649650999999999534e-01
-7.307222817594193065e-02 5.196943729326608530e-02 -9.959716999276759797e-01 -2.444763899999999879e+00 -3.505721491074173524e-02 9.978904170731243140e-01 5.464162512524756848e-02 6.744070000000000620e-02 9.967103095444058702e-01 3.890877922843766906e-02 -7.109617251897282220e-02 7.605676000000000103e-01
-6.688475082386138859e-02 5.155868121192865028e-02 -9.964276855341368533e-01 -2.497952199999999845e+00 -3.902237507763556268e-02 9.977647482603192453e-01 5.424722455870092247e-02 6.952740000000000309e-02 9.969973341742345285e-01 4.251128698014814550e-02 -6.472330437146411874e-02 7.562761999999999540e-01
-6.116052341174049722e-02 5.061721149167684036e-02 -9.968436629064804100e-01 -2.551664099999999991e+00 -4.044028156913957034e-02 9.977675881901190147e-01 5.314530632033163948e-02 7.174079999999999346e-02 9.973083645506090056e-01 4.356303315977928803e-02 -5.897701365200946899e-02 7.527258999999999478e-01
-5.541620990306602573e-02 4.999580625445589066e-02 -9.972108418167875410e-01 -2.605193600000000220e+00 -4.038388686080789103e-02 9.978160923002274973e-01 5.227033220400668923e-02 7.370649999999999424e-02 9.976463227827747637e-01 4.316787351342038503e-02 -5.327616103227172939e-02 7.494034000000000528e-01
-5.004086219319296702e-02 4.960886661371700923e-02 -9.975143469967061582e-01 -2.659105799999999853e+00 -3.858567830594537840e-02 9.979239477932784208e-01 5.156490909861488614e-02 7.570029999999999815e-02 9.980015318328087082e-01 4.107012020898835603e-02 -4.802278298253104261e-02 7.466608999999999607e-01
-4.470281321071403052e-02 5.051281676622982469e-02 -9.977224633300534329e-01 -2.713069400000000186e+00 -3.738816877309276282e-02 9.979365747120646502e-01 5.219882841354385461e-02 7.759570000000000356e-02 9.983004474239423054e-01 3.963645032407862867e-02 -4.272199057703307545e-02 7.440193999999999974e-01
-3.919815914885813046e-02 5.220578471569141399e-02 -9.978667548132663656e-01 -2.767704699999999907e+00 -3.640772183705605347e-02 9.978965354101371199e-01 5.363750932957794121e-02 7.953970000000000484e-02 9.985679656938611926e-01 3.843254686673638204e-02 -3.721501352088651959e-02 7.418884999999999508e-01
-3.358667030988717050e-02 5.348169572491848905e-02 -9.980038295517119629e-01 -2.822249699999999972e+00 -3.722179205090660886e-02 9.978075167038980009e-01 5.472383215491609387e-02 8.164380000000000248e-02 9.987424461661846831e-01 3.898548231826301502e-02 -3.152234753945826196e-02 7.396996999999999600e-01
-2.826605000474450777e-02 5.247926959545486797e-02 -9.982218975157061136e-01 -2.877075200000000166e+00 -3.710409522384209430e-02 9.978776331280295731e-01 5.351182505224268138e-02 8.392529999999999435e-02 9.989115659230046740e-01 3.855068826271894344e-02 -2.625886326026549700e-02 7.380240999999999607e-01
-2.337109258475559420e-02 4.781129444168588649e-02 -9.985829320367964890e-01 -2.931623899999999949e+00 -3.733961977320804371e-02 9.981170649897705971e-01 4.866289522211245805e-02 8.599769999999999637e-02 9.990293012852962118e-01 3.842401202394748333e-02 -2.154183078098304005e-02 7.365488999999999509e-01
-1.900690143134825191e-02 4.285684826309808099e-02 -9.989004095779184800e-01 -2.986303100000000210e+00 -3.722838221994047986e-02 9.983577249745285709e-01 4.354194002303631711e-02 8.767160000000000231e-02 9.991260106989835466e-01 3.801504360956935863e-02 -1.738019574393534494e-02 7.351661999999999919e-01
-1.539895315410754958e-02 4.214495800608199227e-02 -9.989928301826910273e-01 -3.041285300000000191e+00 -3.691964418053787778e-02 9.984060114265822516e-01 4.268929866893700353e-02 8.946900000000000686e-02 9.991995857261649627e-01 3.753983033963813332e-02 -1.381843054514908520e-02 7.342843999999999482e-01
-1.266261535036540889e-02 4.459854977564324530e-02 -9.989247356685077017e-01 -3.096256700000000084e+00 -3.641994199942454047e-02 9.983213868668098234e-01 4.503328046109984772e-02 9.097089999999999343e-02 9.992563464883509328e-01 3.695102004328157386e-02 -1.101708312185034622e-02 7.337420999999999527e-01
-1.026404447798501263e-02 4.417542274759814896e-02 -9.989710613506405101e-01 -3.151360799999999962e+00 -3.603705219001917398e-02 9.983583652731254920e-01 4.451859564975439026e-02 9.259430000000000438e-02 9.992977435481419368e-01 3.645691312005836654e-02 -8.655242651060435222e-03 7.327603999999999784e-01
-9.516459772352674554e-03 4.389740226991561967e-02 -9.989907182088103577e-01 -3.206841199999999947e+00 -3.802140604746480357e-02 9.982976288307571222e-01 4.422914144612718340e-02 9.432730000000000281e-02 9.992316096259040714e-01 3.840393658000342686e-02 -7.831218269469641946e-03 7.320155999999999885e-01
-8.707345479873817781e-03 4.503665382908277753e-02 -9.989473869761980040e-01 -3.262195800000000201e+00 -3.914001577254221792e-02 9.982043637478499321e-01 4.534432004204268229e-02 9.578939999999999677e-02 9.991957972790015408e-01 3.949364514234424139e-02 -6.928974913457341955e-03 7.312823999999999991e-01
-7.938637575799553994e-03 4.488949188361126413e-02 -9.989604154078736142e-01 -3.317471999999999976e+00 -3.970612791967609995e-02 9.981898905748280981e-01 4.517040801054202775e-02 9.732910000000000172e-02 9.991798644083388359e-01 4.002344153922448439e-02 -6.141879866120691922e-03 7.307884000000000047e-01
-6.627531110908317126e-03 4.278601690028775717e-02 -9.990622766320335080e-01 -3.373143699999999967e+00 -4.064648898135907185e-02 9.982470029081296214e-01 4.302074056109334715e-02 9.898179999999999479e-02 9.991516094992100028e-01 4.089349511529843245e-02 -4.876811703650840712e-03 7.299626000000000170e-01
-6.530530606546752596e-03 4.217978927695265751e-02 -9.990886935335364649e-01 -3.429061700000000101e+00 -3.894923490318037002e-02 9.983411030728810420e-01 4.240281848745529325e-02 1.002086999999999978e-01 9.992198503184640535e-01 3.919065311748547165e-02 -4.876826608676387842e-03 7.297580999999999651e-01
-6.007930137668666265e-03 4.156656333246874085e-02 -9.991176735441070766e-01 -3.484877299999999956e+00 -3.490044487019645231e-02 9.985182882158730733e-01 4.175149154587098205e-02 1.018377000000000032e-01 9.993727351310538465e-01 3.512049132871610663e-02 -4.548336564757171629e-03 7.293361999999999901e-01
-5.904032039168231188e-03 4.220293212482779943e-02 -9.990916148811116448e-01 -3.541011600000000037e+00 -3.292759065703769472e-02 9.985590276425601042e-01 4.237501725152870158e-02 1.033430000000000043e-01 9.994403014583727041e-01 3.314786318319733194e-02 -4.505883618669326296e-03 7.289409999999999501e-01
-5.762559669877411785e-03 4.563122450621601156e-02 -9.989417321626493651e-01 -3.597757099999999930e+00 -3.261228952833622463e-02 9.984183570371073513e-01 4.579544631339652755e-02 1.046221999999999985e-01 9.994514652937235288e-01 3.284167598321564158e-02 -4.265306652798117604e-03 7.285260000000000069e-01
-5.602680410466830303e-03 4.918892379271335574e-02 -9.987737780640483232e-01 -3.653777400000000064e+00 -3.508755234392054584e-02 9.981647524732540910e-01 4.935575539407768830e-02 1.062666000000000027e-01 9.993685374488886497e-01 3.532105174144777038e-02 -3.866479166782399446e-03 7.277266999999999486e-01
-4.946563708756700206e-03 4.906926119548766368e-02 -9.987831291692927937e-01 -3.709741600000000084e+00 -3.746514825239413010e-02 9.980850182955425254e-01 4.922051320753022263e-02 1.081354000000000065e-01 9.992856919689689921e-01 3.766303041067642354e-02 -3.098703984430128955e-03 7.269790000000000418e-01
-4.880727348783735903e-03 4.722585756342744662e-02 -9.988723125995362384e-01 -3.765677900000000022e+00 -3.773327309060770657e-02 9.981641366655741310e-01 4.737674932431034519e-02 1.098704999999999959e-01 9.992759271604696458e-01 3.792195475008881128e-02 -3.089780820019871754e-03 7.266780000000000461e-01
-4.298798294514047207e-03 4.464426853636043607e-02 -9.989936984886722549e-01 -3.821273600000000048e+00 -3.775010327477849176e-02 9.982835924971690256e-01 4.477497798647903093e-02 1.117067000000000060e-01 9.992779643502434084e-01 3.790459388780549610e-02 -2.606094056993635277e-03 7.262401000000000550e-01
-4.793343604653681547e-03 4.412377129736975989e-02 -9.990145727984079960e-01 -3.876635999999999971e+00 -3.527104531512183228e-02 9.983969645610550891e-01 4.426572621848479105e-02 1.132079000000000002e-01 9.993662878141661432e-01 3.544846910331443668e-02 -3.229368168080837265e-03 7.262486000000000219e-01
-4.624892049779027493e-03 4.590419489219906002e-02 -9.989351406697168922e-01 -3.931325000000000180e+00 -3.364504758914742266e-02 9.983731110506690598e-01 4.603413845976091212e-02 1.144889000000000046e-01 9.994231441918142167e-01 3.382212326728527285e-02 -3.072919042321875516e-03 7.255633999999999695e-01
-4.443569223296869354e-03 4.850171531487699333e-02 -9.988132149226264245e-01 -3.987318000000000140e+00 -3.338388554816341253e-02 9.982591287091246990e-01 4.862332911891355941e-02 1.162776999999999977e-01 9.994327245384079239e-01 3.356032717977713159e-02 -2.816657828245583417e-03 7.253950000000000120e-01
-3.813182968782459666e-03 5.081646556898242878e-02 -9.987007291790283015e-01 -4.042152399999999979e+00 -3.294030805567178116e-02 9.981596210428049787e-01 5.091470342525343529e-02 1.179315999999999975e-01 9.994500466460761734e-01 3.309165675454302236e-02 -2.132255236944047283e-03 7.249693999999999861e-01
-3.922763182749536108e-03 5.124674947118069979e-02 -9.986783178770078928e-01 -4.097127000000000407e+00 -3.441737976703368451e-02 9.980873986986137369e-01 5.135161661531434385e-02 1.195668000000000009e-01 9.993998478581952449e-01 3.457333116250858873e-02 -2.151481662405529960e-03 7.247217999999999716e-01
-3.467032278461240277e-03 4.904962607539879726e-02 -9.987903252780554464e-01 -4.151556000000000246e+00 -3.456332406089265841e-02 9.981936722490875047e-01 4.914030231635777013e-02 1.212922000000000028e-01 9.993964960500121286e-01 3.469188469577397238e-02 -1.765451560733710679e-03 7.242387000000000130e-01
-3.192419742686513143e-03 4.776796106000046060e-02 -9.988533577819902476e-01 -4.205645600000000428e+00 -3.304559928432176941e-02 9.983078713415209915e-01 4.784749090079058742e-02 1.228994999999999949e-01 9.994487464718371239e-01 3.316045707965263600e-02 -1.608496857932184554e-03 7.239109000000000238e-01
-2.993165293240473025e-03 4.901056488943794642e-02 -9.987937752563064153e-01 -4.259910600000000436e+00 -3.231397657215091812e-02 9.982718990202016363e-01 4.908179443230349659e-02 1.243602000000000041e-01 9.994732852255839850e-01 3.242190857766720502e-02 -1.404266555739330791e-03 7.234420000000000295e-01
-2.754894406237484977e-03 5.195659739136186672e-02 -9.986455439966286374e-01 -4.314308200000000149e+00 -2.977683223397699364e-02 9.982022388413099856e-01 5.201567681291951323e-02 1.259378999999999915e-01 9.995527754045405722e-01 2.987979852188487467e-02 -1.202838880106749109e-03 7.232653999999999472e-01
-2.950721197201257827e-03 5.461407804235866859e-02 -9.985031776233861400e-01 -4.368557899999999883e+00 -2.872314090282222440e-02 9.980909133831774582e-01 5.467640989138840280e-02 1.275965000000000016e-01 9.995830502870148848e-01 2.884148230444563699e-02 -1.376400155965296079e-03 7.234234000000000497e-01
-2.409182316178848024e-03 5.637061707805748889e-02 -9.984070058702545492e-01 -4.423053300000000299e+00 -2.919691149945511169e-02 9.979802928937270279e-01 5.641697753906918522e-02 1.296601000000000004e-01 9.995707759831018446e-01 2.928631977544916831e-02 -7.584685555368508858e-04 7.230756000000000405e-01
-2.040513696450548149e-03 5.842274802249999843e-02 -9.982898470972012550e-01 -4.477646799999999594e+00 -3.168639237641625306e-02 9.977868637657411055e-01 5.845807929357756116e-02 1.315359999999999863e-01 9.994957773007455692e-01 3.175148831198126853e-02 -1.847916441030106327e-04 7.225329999999999808e-01
-1.738767729898733905e-03 5.759415863172472061e-02 -9.983385646053574147e-01 -4.531772100000000414e+00 -3.369047757959342526e-02 9.977699552114344117e-01 5.762003295582979190e-02 1.336697000000000024e-01 9.994308022105585776e-01 3.373469088157957096e-02 2.054845101134850083e-04 7.221855000000000357e-01
-1.749797326024704180e-03 5.372564011254758048e-02 -9.985542017355966138e-01 -4.585727200000000003e+00 -3.585654764697780023e-02 9.979102335850879024e-01 5.375382495223485907e-02 1.355580999999999869e-01 9.993554153553967367e-01 3.589876461178733574e-02 1.802753162201131687e-04 7.218276999999999610e-01
-1.296766192095831841e-03 5.187302453349600107e-02 -9.986528464502518743e-01 -4.639399499999999676e+00 -3.681841144092590223e-02 9.979740935725547324e-01 5.188557735059440984e-02 1.374709000000000070e-01 9.993211310566837424e-01 3.683609484982280219e-02 6.157432948271646111e-04 7.213209000000000426e-01
-1.201387162476431772e-03 5.033790508255500673e-02 -9.987315214715042355e-01 -4.693239199999999833e+00 -3.700998902117805245e-02 9.980457672593026075e-01 5.034786160744272182e-02 1.392127999999999977e-01 9.993141735117831992e-01 3.702352991935813770e-02 6.639659421051602450e-04 7.209335999999999522e-01
-9.826049828862792965e-04 5.071351090103992654e-02 -9.987127586546281632e-01 -4.747428400000000437e+00 -3.549193997473761020e-02 9.980822449004365104e-01 5.071641362847571777e-02 1.411234000000000099e-01 9.993694795641284712e-01 3.549608748292014393e-02 8.192002976383783164e-04 7.207905000000000006e-01
-1.142573217352978090e-03 5.272232759367715543e-02 -9.986085572933712795e-01 -4.801955200000000090e+00 -3.601183391536030148e-02 9.979593046147346991e-01 5.272925327489107888e-02 1.432210999999999901e-01 9.993507103837450112e-01 3.602197254426934420e-02 7.583861314737205817e-04 7.205557000000000212e-01
-1.194977284124963419e-03 5.485419303772747640e-02 -9.984936602379955728e-01 -4.856155399999999567e+00 -3.453560373181249060e-02 9.978964747692334880e-01 5.486271701270016565e-02 1.450972000000000095e-01 9.994027537005135686e-01 3.454914107928200306e-02 7.019590545216392030e-04 7.205947999999999798e-01
-1.839849284764502515e-03 5.363543076925544190e-02 -9.985588893604652183e-01 -4.910379899999999687e+00 -3.819913085918694856e-02 9.978280048586550821e-01 5.366655496115226714e-02 1.473543999999999965e-01 9.992684530976708723e-01 3.824282005804583578e-02 2.129736975864382487e-04 7.201336999999999877e-01
-2.406735614074239499e-03 5.513904765931693097e-02 -9.984757849076298930e-01 -4.965176099999999870e+00 -4.235468242278149498e-02 9.975770537732854271e-01 5.519150896539159329e-02 1.492854999999999877e-01 9.990997390153545377e-01 4.242295614682164290e-02 -6.550737039445753140e-05 7.197040000000000104e-01
-2.475062455320391295e-03 5.429405146689130629e-02 -9.985219226642713108e-01 -5.020270799999999589e+00 -4.547255632013156440e-02 9.974859781785745394e-01 5.435043660215395367e-02 1.513809999999999878e-01 9.989625221636470043e-01 4.553986509030139018e-02 4.921887797326718328e-08 7.191153999999999602e-01
-2.680290068150026090e-03 5.077301281679613004e-02 -9.987066221942541011e-01 -5.075653599999999877e+00 -4.674501860882123577e-02 9.976121043535924882e-01 5.084282134635951383e-02 1.533221999999999918e-01 9.989032582189388831e-01 4.682083314831476245e-02 -3.005043862180922787e-04 7.186449999999999783e-01
-3.491337829256070235e-03 4.669384849474395721e-02 -9.989031459920982847e-01 -5.131390099999999954e+00 -4.713593205810991810e-02 9.977912327835183337e-01 4.680662014459104764e-02 1.554319000000000117e-01 9.988823827003729949e-01 4.724764854568625633e-02 -1.282668206537218580e-03 7.182937999999999823e-01
-4.313109586598593351e-03 4.592760375947301660e-02 -9.989354595260928615e-01 -5.187286900000000145e+00 -4.370247570574081059e-02 9.979816748284034977e-01 4.607244647165968654e-02 1.572363999999999984e-01 9.990352800091109042e-01 4.385466816209709906e-02 -2.297254341430798874e-03 7.181252999999999664e-01
-4.997452429774664959e-03 4.522362702856041333e-02 -9.989643882679670739e-01 -5.243472099999999969e+00 -3.918120789084159755e-02 9.982008956811101452e-01 4.538507254201673558e-02 1.589451000000000058e-01 9.992196247159212952e-01 3.936744111332522722e-02 -3.216545159340888915e-03 7.180942999999999632e-01
-5.124956545654856324e-03 4.686360385075717672e-02 -9.988881506227432761e-01 -5.300704500000000152e+00 -3.842355696164910517e-02 9.981543747499405095e-01 4.702631644058851562e-02 1.611409000000000036e-01 9.992484000942006839e-01 3.862184358202954554e-02 -3.314831444460986098e-03 7.173832999999999460e-01
-5.957300903998978547e-03 5.098946275339152207e-02 -9.986814233047793810e-01 -5.358148599999999817e+00 -3.753675127520008509e-02 9.979838821495023993e-01 5.117776151329704593e-02 1.629336999999999869e-01 9.992774904247785361e-01 3.779213751468210591e-02 -4.031311502275536363e-03 7.169322999999999668e-01
-6.474444051649647439e-03 5.090782944550642508e-02 -9.986823691621723453e-01 -5.415606000000000364e+00 -3.616788238314568027e-02 9.980379290856752350e-01 5.110945499900757666e-02 1.652328999999999881e-01 9.993247549511324879e-01 3.645113177288009793e-02 -4.620512345523186681e-03 7.165070000000000050e-01
-7.378304167508430329e-03 4.621403650427903520e-02 -9.989043114621102282e-01 -5.472940000000000360e+00 -3.549727812259899362e-02 9.982898100108412720e-01 4.644780376299123548e-02 1.673283000000000131e-01 9.993425358071666986e-01 3.580109018590987846e-02 -5.725213358623859605e-03 7.162315000000000209e-01
-8.802802601447870870e-03 4.152510633167509624e-02 -9.990986819181092438e-01 -5.589186200000000326e+00 -3.545530487201346836e-02 9.984961893502267705e-01 4.181245280426373195e-02 1.706783000000000050e-01 9.993324932287516171e-01 3.579141513295164972e-02 -7.317279548315624993e-03 7.145027999999999935e-01
-9.970058675482241714e-03 4.720843136119411143e-02 -9.988353027093220815e-01 -5.707317800000000219e+00 -4.268179443070431456e-02 9.979545010737717048e-01 4.759283780963741162e-02 1.745420000000000027e-01 9.990389693871720711e-01 4.310658644586437549e-02 -7.934724368412582329e-03 7.126552000000000442e-01
-1.017628428477681223e-02 5.066585146419887858e-02 -9.986638146711652730e-01 -5.766467600000000360e+00 -4.786116106857316727e-02 9.975461999599415375e-01 5.109685124005633461e-02 1.763528000000000040e-01 9.988021588379372151e-01 4.831718577160808159e-02 -7.726387240386767274e-03 7.113258000000000081e-01
-1.030747662198202262e-02 4.861218143805038500e-02 -9.987645426933824400e-01 -5.885018299999999591e+00 -5.909147875367987829e-02 9.970424436324160089e-01 4.913820035577160655e-02 1.806385000000000074e-01 9.981993553716566048e-01 5.952496460590819133e-02 -7.404425992248331312e-03 7.090309000000000195e-01
-1.096400082664639869e-02 4.742162052310038012e-02 -9.988147879325954825e-01 -5.944841900000000123e+00 -6.123898037240674275e-02 9.969680014372910293e-01 4.800615994934077230e-02 1.825864000000000098e-01 9.980629128310603004e-01 6.169273877124254596e-02 -8.026706303456587754e-03 7.081074000000000535e-01
-1.131025681711789188e-02 4.684057095700697865e-02 -9.988383447801510995e-01 -6.004321100000000300e+00 -6.079104942740685275e-02 9.970223352017310026e-01 4.744377112331828183e-02 1.842826999999999937e-01 9.980864323295076668e-01 6.125703242329673393e-02 -8.429091199278815338e-03 7.070777000000000312e-01
-1.196507195181687605e-02 4.591129166133698508e-02 -9.988738610811553897e-01 -6.063826599999999623e+00 -5.878849828338201383e-02 9.971851076117710377e-01 4.653787303783379903e-02 1.858960000000000057e-01 9.981987525151354568e-01 5.927912326686687883e-02 -9.232335670834701524e-03 7.063797000000000548e-01
-1.263505689840925192e-02 4.671131545743734820e-02 -9.988285179876523756e-01 -6.123153199999999963e+00 -5.854265121723541826e-02 9.971602058387969425e-01 4.737385228145604005e-02 1.876068999999999931e-01 9.982049455525809911e-01 5.907264087345229925e-02 -9.864571688879664180e-03 7.056835999999999665e-01
-1.338737497536947665e-02 5.176635251114405922e-02 -9.985694882876009482e-01 -6.182942899999999575e+00 -5.849053567304703105e-02 9.969083931272118004e-01 5.246439696785320378e-02 1.895299000000000011e-01 9.981981944623768976e-01 5.910922483176751091e-02 -1.031814478667048007e-02 7.047160000000000091e-01
-1.397748258721797504e-02 5.574832662839085407e-02 -9.983470108427523471e-01 -6.242786399999999958e+00 -5.722101552466193897e-02 9.967637161537327151e-01 5.646104446188823095e-02 1.917453000000000074e-01 9.982636852870341304e-01 5.791561307225514404e-02 -1.074227162263241553e-02 7.038607999999999532e-01
-1.405721694626647922e-02 5.452633438528235732e-02 -9.984133780705413130e-01 -6.302154100000000092e+00 -5.754328117932584752e-02 9.968130744698122658e-01 5.524912087225938156e-02 1.939964999999999884e-01 9.982440410254609375e-01 5.822863062570559495e-02 -1.087479345148678611e-02 7.028316999999999481e-01
-1.328115876507295068e-02 5.301021536384190741e-02 -9.985056473996208881e-01 -6.361673800000000156e+00 -5.748222185477894902e-02 9.969018088967940283e-01 5.368964135601886345e-02 1.964362000000000053e-01 9.982581855374365043e-01 5.810938379796379283e-02 -1.019286623703274941e-02 7.017645000000000133e-01
-1.187593975789578461e-02 5.269278551311791514e-02 -9.985401506247686410e-01 -6.421318499999999929e+00 -5.657661088260612647e-02 9.969754252599717370e-01 5.328309796489540118e-02 1.982373000000000052e-01 9.983276261608236002e-01 5.712680441410158960e-02 -8.858840868193662565e-03 7.004700000000000371e-01
-1.080995056018206266e-02 5.230826786699899894e-02 -9.985724761286188800e-01 -6.480588899999999875e+00 -5.695356944155587769e-02 9.969774781378084594e-01 5.284126241718118538e-02 2.002581999999999973e-01 9.983183038974857704e-01 5.744347829588501014e-02 -7.798134681954116409e-03 6.993719000000000463e-01
-9.880728391769403457e-03 5.444752467995492978e-02 -9.984677452289950628e-01 -6.539805399999999658e+00 -5.707120381144605709e-02 9.968581516706146450e-01 5.492452224060057758e-02 2.023777999999999966e-01 9.983212152919319626e-01 5.752645047342606205e-02 -6.742298863740114889e-03 6.984093000000000107e-01
-9.230238204947820851e-03 5.779688528444605622e-02 -9.982856919510048055e-01 -6.598663300000000120e+00 -5.787290869083085154e-02 9.966239616239586097e-01 5.823577557334453508e-02 2.047073000000000087e-01 9.982812875849884637e-01 5.831122677823525474e-02 -5.854202701866761949e-03 6.977879000000000165e-01
-8.138074622301040909e-03 5.893705030425988589e-02 -9.982285288664493050e-01 -6.657412100000000166e+00 -5.924237442013517707e-02 9.964797346191432981e-01 5.931677306147111611e-02 2.069089000000000067e-01 9.982104551719076513e-01 5.962015258949521918e-02 -4.617855638598067358e-03 6.970817000000000263e-01
-7.358211651563417721e-03 5.628987694773839034e-02 -9.983873529219502441e-01 -6.716067800000000254e+00 -6.129455062023574097e-02 9.965115938315571853e-01 5.663586693565077212e-02 2.091857000000000022e-01 9.980925983021584624e-01 6.161244283825997869e-02 -3.882280508669455621e-03 6.963335999999999970e-01
-7.128206312804048067e-03 5.346903382921684711e-02 -9.985440656756876532e-01 -6.774850800000000284e+00 -6.012333244473569427e-02 9.967399710527418133e-01 5.380162638358675781e-02 2.112163999999999986e-01 9.981655040976429305e-01 6.041930591416398016e-02 -3.890231657469489512e-03 6.956902000000000363e-01
-7.339108789174574217e-03 5.191323224513846868e-02 -9.986246310801883963e-01 -6.833653899999999837e+00 -5.699449110538222507e-02 9.970064077902422994e-01 5.224797420796086639e-02 2.132237999999999911e-01 9.983475173835104632e-01 5.729955622044164559e-02 -4.358370236829500755e-03 6.954723999999999906e-01
-7.582368021425497581e-03 5.191737946448901631e-02 -9.986225980843455030e-01 -6.891707900000000109e+00 -5.547761454689290050e-02 9.970913853124299120e-01 5.225900515629626486e-02 2.147760999999999976e-01 9.984311403293542053e-01 5.579744658386866230e-02 -4.680061468216090148e-03 6.950395999999999797e-01
-8.029782902073644146e-03 5.017752924607831594e-02 -9.987080344852066194e-01 -7.008853900000000081e+00 -5.127084748190628011e-02 9.974059313015292139e-01 5.052433476074826013e-02 2.194133000000000056e-01 9.986525035191333721e-01 5.161030675444591709e-02 -5.436308644597320772e-03 6.942601999999999940e-01
