1.000000000000000000e+00 0.000000000000000000e+00 0.000000000000000000e+00 0.000000000000000000e+00 0.000000000000000000e+00 1.000000000000000000e+00 0.000000000000000000e+00 0.000000000000000000e+00 0.000000000000000000e+00 0.000000000000000000e+00 1.000000000000000000e+00 0.000000000000000000e+00
9.999988910314892010e-01 1.443648285091924093e-03 3.658079015792156923e-04 -3.825999999999999757e-04 -1.443550929089214892e-03 9.999989226314900392e-01 -2.662641064092433930e-04 -7.464000000000000365e-04 -3.661918991899011178e-04 2.657357487945409286e-04 9.999998976439972154e-01 3.457520000000000038e-02
9.999942499889609149e-01 3.355351448852698405e-03 4.915339969882658684e-04 -5.904000000000000394e-04 -3.355038647845132865e-03 9.999941697038389199e-01 -6.358254486381062845e-04 -1.429099999999999988e-03 -4.936645490397955022e-04 6.341726770781321802e-04 9.999996770601121687e-01 6.855659999999999532e-02
9.999937851429885338e-01 3.386430957534476791e-03 9.806940237891293571e-04 -8.425999999999999896e-04 -3.385558174531416980e-03 9.999938726964369140e-01 -8.902614387029850109e-04 -2.124299999999999973e-03 -9.837028236754658678e-04 8.869357091864872502e-04 9.999991228365164853e-01 1.016946999999999990e-01
9.999867888774229829e-01 4.026694694358654708e-03 3.194964860322464968e-03 -8.737999999999999890e-04 -4.048431196035519319e-03 9.999685053176387006e-01 6.826315086374053209e-03 -4.052400000000000273e-03 -3.167376749178710781e-03 -6.839159498499464834e-03 9.999715964075593932e-01 1.957033999999999996e-01
9.999836348522145313e-01 3.451028974793313425e-03 4.562940583446201646e-03 -7.611999999999999626e-04 -3.497650905243587707e-03 9.999413571500087583e-01 1.024932676538835991e-02 -4.498399999999999621e-03 -4.527302275966568583e-03 -1.026511860690340616e-02 9.999370634565398763e-01 2.250294999999999934e-01
9.999824818286683348e-01 2.361147894148955036e-03 5.427800327845992527e-03 -6.051999999999999654e-04 -2.429535369908017873e-03 9.999173170032542579e-01 1.262760923135216110e-02 -5.123800000000000403e-03 -5.397535888104405301e-03 -1.264057505160743819e-02 9.999055367726999988e-01 2.530096000000000012e-01
9.999550199650846238e-01 3.909812793268020205e-03 8.641262092350672497e-03 -1.982999999999999954e-04 -3.972047694847797607e-03 9.999662148009034190e-01 7.196672415997887491e-03 -6.449400000000000098e-03 -8.612832503709408338e-03 -7.230672214595838983e-03 9.999367662485403319e-01 3.298050000000000148e-01
9.999248051880659238e-01 -1.275671496709089798e-03 1.219658279358890908e-02 5.712000000000000063e-04 1.233477595029850880e-03 9.999932313406231232e-01 3.466382258431204878e-03 -7.112699999999999578e-03 -1.220092220411819577e-02 -3.451077392857371945e-03 9.999196105498668885e-01 3.744662999999999742e-01
9.998685179563747694e-01 1.305777962222298303e-03 1.616297446746378652e-02 1.132299999999999930e-03 -1.313335874566737066e-03 9.999990331490368201e-01 4.570009540777354305e-04 -8.088700000000000750e-03 -1.616236209850180350e-02 -4.781682808661810139e-04 9.998692661575772078e-01 4.137161999999999784e-01
9.987338313059341832e-01 6.487419257661013530e-04 5.030222001943204096e-02 7.350299999999999716e-03 -1.861848673547476134e-04 9.999576645311221146e-01 -9.199700030919712862e-03 -1.228010000000000039e-02 -5.030605868247645801e-02 9.178686146583799055e-03 9.986916702268311408e-01 5.709568999999999894e-01
9.986844056036484618e-01 7.394649411889736611e-04 5.127290898406405145e-02 7.513200000000000260e-03 -1.470285210639792929e-04 9.999332004527160533e-01 -1.155737924454967001e-02 -1.239700000000000003e-02 -5.127803025371936024e-02 1.153463584120045619e-02 9.986178026599112911e-01 5.765249999999999542e-01
9.993292955328993976e-01 -5.285487449463591517e-04 3.661529360722325793e-02 8.706200000000000744e-03 1.270257246883350248e-03 9.997944142306393056e-01 -2.023649474932355877e-02 -1.345140000000000051e-02 -3.659707005001478636e-02 2.026943288394806794e-02 9.991245190437062496e-01 6.112102999999999842e-01
9.411492628189932486e-01 9.250678616787112729e-03 -3.378646031184600051e-01 -2.787699999999999900e-02 -1.054228780926832337e-02 9.999424520893811508e-01 -1.988134105667520649e-03 -1.772529999999999939e-02 3.378267681268198874e-01 5.432996834573306129e-03 9.411926249617468265e-01 7.518774000000000290e-01
9.245620138645515018e-01 1.145117909347792388e-02 -3.808594924852129471e-01 -3.494860000000000327e-02 -1.107674326394275134e-02 9.999336099136606482e-01 3.175141524363231035e-03 -1.777979999999999838e-02 3.808705663048663204e-01 1.283067575824006247e-03 9.246274738835128515e-01 7.646867999999999999e-01
8.837170048631527441e-01 1.893690692859902394e-02 -4.676383740366867325e-01 -5.156619999999999954e-02 -1.239025832528660789e-02 9.997775007510928402e-01 1.707133534704632916e-02 -1.817989999999999884e-02 4.678576031383172573e-01 -9.292069084774701171e-03 8.837550116620513929e-01 7.902730000000000032e-01
8.311591562932287847e-01 2.681147099538454259e-02 -5.553877941879814539e-01 -7.169399999999999384e-02 -1.595158898557354210e-02 9.995754285633772218e-01 2.438256387618220264e-02 -1.811470000000000094e-02 5.558057247984797833e-01 -1.140647339910236605e-02 8.312339554215962822e-01 8.156181999999999599e-01
6.511518312007837928e-01 3.824787504286507323e-02 -7.579831085047814554e-01 -1.424099000000000059e-01 -1.652782372407297917e-02 9.992070959374823591e-01 3.622168509510242246e-02 -1.641480000000000022e-02 7.587675031040876927e-01 -1.105800537566217594e-02 6.512676844050377944e-01 8.773058999999999719e-01
5.645168453834842337e-01 3.713052004128238742e-02 -8.245859905187229444e-01 -1.795586000000000126e-01 -7.430592700319711696e-03 9.991758432105691812e-01 3.990514548989794463e-02 -1.510880000000000035e-02 8.253881011805304091e-01 -1.639996420459183951e-02 5.643274967637912365e-01 9.005058999999999703e-01
4.681290589402673508e-01 3.791238047102465925e-02 -8.828464394121551262e-01 -2.219999000000000000e-01 -4.989550168384860457e-03 9.991766875511053358e-01 4.026228313841574008e-02 -1.334899999999999975e-02 8.836460199451006137e-01 -1.444293811594626366e-02 4.679328081827155428e-01 9.210211000000000370e-01
3.086983099953840570e-01 3.484339980537115578e-02 -9.505215888637124078e-01 -2.946468999999999894e-01 7.192258047535132065e-03 9.992147244695044339e-01 3.896416080849252062e-02 -1.092459999999999959e-02 9.511328113519010863e-01 -1.886456713883092814e-02 3.082052940435856536e-01 9.447514999999999663e-01
2.554870411021326060e-01 4.086347599812946429e-02 -9.659485225198221059e-01 -3.221458999999999850e-01 8.343967992511604898e-03 9.989759813336470673e-01 4.446759400526083261e-02 -9.911400000000000765e-03 9.667764736623543076e-01 -1.942073757165428682e-02 2.548844540672415837e-01 9.504491999999999940e-01
2.043853386360904578e-01 4.593628804615251804e-02 -9.778120938049147393e-01 -3.505634999999999724e-01 1.096168173767578594e-02 9.987282928281336902e-01 4.921014771450697711e-02 -8.904399999999999815e-03 9.788291346726926134e-01 -2.077629767650139223e-02 2.036218813653505322e-01 9.547655999999999921e-01
1.560122479624688197e-01 4.713997207590592264e-02 -9.866296171909598733e-01 -3.800109999999999877e-01 1.676374700457170311e-02 9.985903175919723651e-01 5.036223186010010955e-02 -7.929000000000000284e-03 9.876128569799320633e-01 -2.439673429470795921e-02 1.550020776753961993e-01 9.584376000000000007e-01
7.152805143251667053e-02 4.685237633284215081e-02 -9.963375897205892784e-01 -4.428923000000000165e-01 1.882096110847068099e-02 9.986549311372039384e-01 4.831252361758626990e-02 -5.815100000000000130e-03 9.972610035899434067e-01 -2.220773170119202944e-02 7.055003452491848126e-02 9.617411000000000154e-01
3.609733834403862363e-02 4.251266078831431039e-02 -9.984436167541828056e-01 -4.756680999999999826e-01 1.582915151414136107e-02 9.989450862792428332e-01 4.310629375043027733e-02 -4.220200000000000340e-03 9.992229081275199043e-01 -1.736053775819604642e-02 3.538631941764913691e-02 9.615939999999999488e-01
7.244793471808252429e-03 4.271234918227057031e-02 -9.990611433715568257e-01 -5.099295000000000355e-01 1.388118550936818379e-02 9.989868022127010860e-01 4.280983174104058958e-02 -2.880300000000000134e-03 9.998774053134740214e-01 -1.417830145586876193e-02 6.644555020553166713e-03 9.610868000000000189e-01
-2.676757016451645349e-02 5.285499879220179748e-02 -9.982433802886768737e-01 -5.827590000000000270e-01 1.397193964156594886e-02 9.985234306811819893e-01 5.249517390518023546e-02 -2.949999999999999877e-05 9.995440370939842056e-01 -1.254222800618074590e-02 -2.746653284455191635e-02 9.584023999999999877e-01
-3.477359725220990905e-02 5.548933359157134926e-02 -9.978535617973733896e-01 -6.210577999999999932e-01 1.387027331571342656e-02 9.983880444940413934e-01 5.503569868286890820e-02 1.456199999999999942e-03 9.992989604979525264e-01 -1.192671241069563973e-02 -3.548719598367910955e-02 9.570798999999999834e-01
-3.789554771781575987e-02 4.900921647451435270e-02 -9.980791672826965222e-01 -7.003150000000000208e-01 2.242745120590257379e-02 9.985867244206189097e-01 4.818260311881952807e-02 4.549599999999999998e-03 9.990299979958428001e-01 -2.055846568820274278e-02 -3.894114267678061569e-02 9.542085999999999624e-01
-3.373253532847386715e-02 4.729711560111830859e-02 -9.983111233058198364e-01 -7.413707999999999965e-01 3.417994527931468574e-02 9.983498687048822928e-01 4.614402450640085751e-02 6.439199999999999958e-03 9.988462581403688700e-01 -3.256566462946396123e-02 -3.529348503938034565e-02 9.537071999999999772e-01
-2.814098538051883203e-02 4.732958727654712483e-02 -9.984828466779214207e-01 -7.839163999999999577e-01 3.476754158982940657e-02 9.983204076618427125e-01 4.634200791605496556e-02 8.155199999999999602e-03 9.989991506470929927e-01 -3.341068413133630594e-02 -2.973925339115235378e-02 9.526111000000000439e-01
-2.293411913384314077e-02 4.599226131545978286e-02 -9.986784958527168410e-01 -8.273064999999999447e-01 3.285744936831055257e-02 9.984362508802447911e-01 4.522655137427353950e-02 9.518999999999999684e-03 9.991968846031114015e-01 -3.177679699547072273e-02 -2.440944432274205766e-02 9.512646000000000157e-01
-1.800737719811722898e-02 2.895733859381486447e-02 -9.994184343446984586e-01 -9.165305000000000257e-01 3.418203846602422408e-02 9.990140211314464391e-01 2.832973401013769849e-02 1.245740000000000042e-02 9.992533825875958842e-01 -3.365201516018130612e-02 -1.897944316640931550e-02 9.499503000000000252e-01
-1.704672047738929608e-02 2.068605231031097474e-02 -9.996406837262981071e-01 -9.632540000000000546e-01 2.671089943201683525e-02 9.994385532398164518e-01 2.022637262178407849e-02 1.349400000000000079e-02 9.994978425051743720e-01 -2.635650845081062219e-02 -1.758969271431165549e-02 9.483730999999999689e-01
-1.840725040223555736e-02 1.775561397730791857e-02 -9.996729021559591644e-01 -1.010309099999999960e+00 2.129113003373462459e-02 9.996225413232877610e-01 1.736268010010182800e-02 1.437650000000000039e-02 9.996038519906351727e-01 -2.096456655074691033e-02 -1.877833951187646289e-02 9.466736000000000040e-01
-2.657318304498263936e-02 3.206646152646584758e-02 -9.991324276531260429e-01 -1.109464400000000017e+00 6.980180704204173164e-03 9.994669609461285242e-01 3.189155145875741115e-02 1.616070000000000007e-02 9.996225002570690021e-01 -6.126664857946970827e-03 -2.678284819663312444e-02 9.427086999999999550e-01
-3.295586593017994781e-02 5.175327445079244693e-02 -9.981159799764819374e-01 -1.212246799999999958e+00 4.333283643082431330e-03 9.986564557869109793e-01 5.163822196778297680e-02 1.926330000000000056e-02 9.994474141012424928e-01 -2.623337329888151409e-03 -3.313584988487572325e-02 9.387735999999999859e-01
-3.556986948016550160e-02 6.025583252532258627e-02 -9.975490058297107332e-01 -1.317672399999999966e+00 6.970066456195463805e-03 9.981713426507465847e-01 6.004489057698467191e-02 2.376110000000000028e-02 9.993428853795678357e-01 -4.817193943170625797e-03 -3.592481153400350902e-02 9.349391999999999703e-01
-4.038849424504457886e-02 5.253517563377252397e-02 -9.978019968178789556e-01 -1.422940700000000058e+00 5.378496860815262792e-03 9.986137793488891745e-01 5.236020880445793613e-02 2.845079999999999831e-02 9.991695758499336000e-01 -3.251924915631979746e-03 -4.061506715748341989e-02 9.305352999999999541e-01
-5.053697848668077530e-02 4.299412332213414789e-02 -9.977963315051817661e-01 -1.528440100000000079e+00 5.424213366142047882e-03 9.990700371374947597e-01 4.277427735734772030e-02 3.192450000000000149e-02 9.987074605282549866e-01 -3.250577463446324006e-03 -5.072319027189442497e-02 9.245387999999999940e-01
-6.408289458913767056e-02 4.353712048429968229e-02 -9.969944341675199828e-01 -1.636551400000000100e+00 4.975450120310757202e-03 9.990494201001116625e-01 4.330705593469753173e-02 3.521080000000000043e-02 9.979321758101490358e-01 -2.185254576998842124e-03 -6.423859544896615148e-02 9.176592999999999556e-01
-7.664795516962386035e-02 5.114883684201736169e-02 -9.957453928881738747e-01 -1.746891100000000030e+00 5.865876153217756961e-04 9.986854414511079359e-01 5.125470659925028538e-02 3.918560000000000099e-02 9.970580458946634028e-01 3.344476538169636332e-03 -7.657720021913017039e-02 9.090662999999999938e-01
-8.396862544291336383e-02 5.480045053180215148e-02 -9.949603914542223260e-01 -1.857073299999999927e+00 -6.597228281523037641e-03 9.984341918937945648e-01 5.554854666313742417e-02 4.345659999999999801e-02 9.964465597914567985e-01 1.122831594215220261e-02 -8.347561560643934619e-02 8.989394000000000551e-01
-8.698315096839480398e-02 5.533191976744459423e-02 -9.946719610517118504e-01 -1.967542899999999984e+00 -1.161006669100741323e-02 9.983322146209180348e-01 5.655082317281948101e-02 4.827950000000000297e-02 9.961421273086685790e-01 1.646717659291387081e-02 -8.619567446234177588e-02 8.881221000000000254e-01
-8.930983674094264413e-02 5.385122641283893175e-02 -9.945470318065102733e-01 -2.078930399999999956e+00 -1.354458149453187377e-02 9.983792945212867087e-01 5.527502675997368609e-02 5.281550000000000133e-02 9.959117919642505035e-01 1.840732693823253149e-02 -8.843569947450447000e-02 8.777816000000000507e-01
-9.076366243742282902e-02 5.052676810559535853e-02 -9.945898668726467218e-01 -2.191288000000000125e+00 -2.070338417917529789e-02 9.984005159338883439e-01 5.260969175422868654e-02 5.731889999999999902e-02 9.956572339236406943e-01 2.536642441789688923e-02 -8.957241231415002947e-02 8.663975999999999900e-01
-9.110819045674881100e-02 4.570151643017580922e-02 -9.947917716927893172e-01 -2.247137799999999963e+00 -2.611936127727946047e-02 9.984930615289452360e-01 4.826370318387369907e-02 5.943470000000000003e-02 9.954984061253756567e-01 3.038054434233324400e-02 -8.977720160096203106e-02 8.607810999999999657e-01
-9.007591784743959606e-02 4.479125553739879417e-02 -9.949271694206187622e-01 -2.304011299999999984e+00 -2.757030165820099910e-02 9.984931534118351992e-01 4.744787725668030143e-02 6.182889999999999914e-02 9.955532168048160102e-01 3.170435328267465214e-02 -8.870527883113976664e-02 8.550301999999999625e-01
-8.657744606830250489e-02 5.231517588044350825e-02 -9.948705786206004653e-01 -2.417369400000000113e+00 -2.825236727179556567e-02 9.980897061005973292e-01 5.494308254514586320e-02 6.565959999999999852e-02 9.958444404503294933e-01 3.286428074097162699e-02 -8.493403013838951576e-02 8.445078000000000307e-01
-8.512328458681230059e-02 5.202038420876349545e-02 -9.950115105102679269e-01 -2.474855199999999922e+00 -2.617546789750967162e-02 9.981747123307500580e-01 5.442507274933826300e-02 6.798060000000000214e-02 9.960265414643822979e-01 3.067773280731402041e-02 -8.360625220821737980e-02 8.395804999999999518e-01
-8.285588119172747346e-02 5.108249952597467003e-02 -9.952514663109629511e-01 -2.532072499999999948e+00 -2.605461483304755133e-02 9.982329912876214406e-01 5.340460795539140465e-02 7.037920000000000287e-02 9.962208891595499827e-01 3.035577946860060911e-02 -8.137853927793126108e-02 8.347980999999999874e-01
-7.837123144262923835e-02 5.178837959222568066e-02 -9.955781806675846335e-01 -2.589255599999999991e+00 -3.083705519717885868e-02 9.980459816614964952e-01 5.434422247218091001e-02 7.249479999999999813e-02 9.964472018671798326e-01 3.495972294729022406e-02 -7.662109149912132988e-02 8.294730000000000159e-01
-7.272178984287124004e-02 5.271891191674143995e-02 -9.959579597595292766e-01 -2.647516500000000050e+00 -3.595346816136676948e-02 9.978143563464384469e-01 5.544238808089197584e-02 7.496110000000000273e-02 9.967040129392571446e-01 3.984001249067956746e-02 -7.066741820332511637e-02 8.244730999999999588e-01
-6.667834655928511767e-02 5.236469165285967398e-02 -9.963994867362291341e-01 -2.705572399999999877e+00 -3.944330138251907203e-02 9.977029729797874946e-01 5.507271269277608239e-02 7.715420000000000611e-02 9.969945958109138751e-01 4.297344267561326037e-02 -6.445974828090894615e-02 8.199195000000000233e-01
-6.104057361208292676e-02 5.135996193169331536e-02 -9.968130229303200363e-01 -2.763781499999999891e+00 -4.065123143191567978e-02 9.977187506485022395e-01 5.389593665074018936e-02 7.959289999999999421e-02 9.973071371228507953e-01 4.381151577800958263e-02 -5.881347914429568835e-02 8.161720000000000086e-01
-5.517149886428190236e-02 5.082408291626132335e-02 -9.971825401142911938e-01 -2.821943999999999786e+00 -4.092044156886823214e-02 9.977495184799364258e-01 5.311700137304451591e-02 8.176769999999999872e-02 9.976380221176807117e-01 4.373569444716941118e-02 -5.296759251038740679e-02 8.124420999999999449e-01
-4.989435030604787158e-02 5.047919230312045147e-02 -9.974780222901964422e-01 -2.880262399999999889e+00 -3.935092146874871744e-02 9.978470827336416438e-01 5.246622208165430123e-02 8.395869999999999722e-02 9.979789871470727824e-01 4.186944738572127844e-02 -4.780052916565424859e-02 8.094953999999999761e-01
-4.444624427113053056e-02 5.134024688876247938e-02 -9.976916910647256609e-01 -2.939013699999999840e+00 -3.781242870159020469e-02 9.978765387944601439e-01 5.303426778296609079e-02 8.611950000000000160e-02 9.982959238652026057e-01 4.008231995517615165e-02 -4.241056497068551590e-02 8.066491999999999551e-01
-3.885186471598099656e-02 5.311925925546780169e-02 -9.978320885320542954e-01 -2.998289600000000110e+00 -3.681742971027944511e-02 9.978318850618221880e-01 5.455278199596238359e-02 8.819570000000000187e-02 9.985664772450654203e-01 3.885709008817777449e-02 -3.681191481381396180e-02 8.042211000000000221e-01
-3.349211997654015505e-02 5.418587778600253424e-02 -9.979690218378713951e-01 -3.057806300000000199e+00 -3.799132084892958838e-02 9.977385122171388288e-01 5.544836137239862045e-02 9.079399999999999971e-02 9.987166452200699762e-01 3.977124447752190123e-02 -3.135778488794216390e-02 8.021011999999999587e-01
-2.798764706521077866e-02 5.339825995943596471e-02 -9.981810043499412810e-01 -3.117436600000000002e+00 -3.761600565110215233e-02 9.978086389944001988e-01 5.443304205167145277e-02 9.313760000000000094e-02 9.989002591503364226e-01 3.907103507007817639e-02 -2.591768677840045054e-02 8.001713999999999771e-01
-2.327113921192596954e-02 4.865617638222113212e-02 -9.985444559856319069e-01 -3.176928499999999822e+00 -3.763329592044546007e-02 9.980643825761548182e-01 4.950983004458007347e-02 9.545510000000000106e-02 9.990206149614450082e-01 3.873066914915371944e-02 -2.139500290524509740e-02 7.986855000000000482e-01
-1.880854220553989514e-02 4.378130959751298790e-02 -9.988640726695644512e-01 -3.236476199999999803e+00 -3.761669393268751715e-02 9.983024826394072404e-01 4.446501426481916375e-02 9.725380000000000136e-02 9.991152201211214168e-01 3.841028619943853695e-02 -1.712970625551668569e-02 7.970618999999999899e-01
-1.521191317221865132e-02 4.311944073554979662e-02 -9.989541088199672680e-01 -3.296290899999999802e+00 -3.753427568180946194e-02 9.983409168350260154e-01 4.366453849568899953e-02 9.919870000000000076e-02 9.991795513553524133e-01 3.815924008222632696e-02 -1.356821836735400133e-02 7.961357999999999491e-01
-1.221860695026296025e-02 4.564892169468974525e-02 -9.988828167469430142e-01 -3.355967999999999840e+00 -3.687670290131271622e-02 9.982572479703022417e-01 4.607141909998864471e-02 1.008411000000000030e-01 9.992451222934857213e-01 3.739843342802701143e-02 -1.051393122509991507e-02 7.952546000000000337e-01
-9.960347518491558319e-03 4.505113173302471852e-02 -9.989350264190779427e-01 -3.416478199999999799e+00 -3.663674930740355717e-02 9.982974041677666888e-01 4.538767929830030828e-02 1.028320999999999957e-01 9.992790101255488722e-01 3.704980919616924356e-02 -8.292862053001281986e-03 7.943826000000000498e-01
-9.145903349383371558e-03 4.471599425114755610e-02 -9.989578731408321755e-01 -3.476547699999999796e+00 -3.863259384064564317e-02 9.982380221941723475e-01 4.503747038867505353e-02 1.048532999999999965e-01 9.992116268063875317e-01 3.900424212824053077e-02 -7.402293626582290287e-03 7.935252999999999890e-01
-8.155547253669020655e-03 4.576837458705806938e-02 -9.989187869575040235e-01 -3.537018799999999796e+00 -3.997086567916489919e-02 9.981387183776038174e-01 4.605897059610116612e-02 1.065706000000000014e-01 9.991675619964104360e-01 4.030328476902460960e-02 -6.310965930472201002e-03 7.925708000000000197e-01
-7.470743391014857820e-03 4.575976495025903257e-02 -9.989245376428005363e-01 -3.597211600000000065e+00 -4.031625725109683200e-02 9.981264070978047576e-01 4.602472004576104586e-02 1.081508999999999943e-01 9.991590400904398761e-01 4.061673750714527714e-02 -5.611883803739003973e-03 7.920443000000000344e-01
-6.136869525320044934e-03 4.341345063861298120e-02 -9.990383431761156174e-01 -3.657617600000000024e+00 -4.125947687398088398e-02 9.981953993464190988e-01 4.363026806849088640e-02 1.100959999999999994e-01 9.991296184182085760e-01 4.148755267898617677e-02 -4.334578663920174435e-03 7.912107999999999919e-01
-5.667220233254850054e-03 4.295410118838237368e-02 -9.990609730171257086e-01 -3.718608099999999972e+00 -3.995262005916522252e-02 9.982695776598305981e-01 4.314670867252066305e-02 1.114831000000000016e-01 9.991855036804905277e-01 4.015962537128040660e-02 -3.941284663994237825e-03 7.907813999999999677e-01
-5.480331888719412042e-03 4.227509740153542056e-02 -9.990909778904419891e-01 -3.779485499999999831e+00 -3.604031592599577644e-02 9.984485295610635580e-01 4.244560572431953227e-02 1.133761999999999964e-01 9.993353098886996744e-01 3.624017048857061662e-02 -3.948221449644906400e-03 7.905522999999999856e-01
-5.359378717590705318e-03 4.295624306411559290e-02 -9.990625797424195209e-01 -3.840328500000000034e+00 -3.405045011936370936e-02 9.984897227003991516e-01 4.311427267563081034e-02 1.150102999999999959e-01 9.994057453839408911e-01 3.424959625304424549e-02 -3.888605157803648460e-03 7.902574999999999461e-01
-5.668492152135064764e-03 4.643297449842125751e-02 -9.989053243806191862e-01 -3.902047200000000160e+00 -3.329996448850149754e-02 9.983585908755651106e-01 4.659652766055213946e-02 1.163697999999999955e-01 9.994293274473116107e-01 3.352764388061027501e-02 -4.112971435501822093e-03 7.901403000000000176e-01
-5.334265760875434199e-03 4.993543663168836105e-02 -9.987382028225390007e-01 -3.962867699999999882e+00 -3.641967017369186072e-02 9.980801035876077920e-01 5.009705028232320362e-02 1.183204000000000061e-01 9.993223470098283601e-01 3.664094691670449072e-02 -3.505392391072947866e-03 7.891456000000000026e-01
-4.815520157994575973e-03 5.003727092888142491e-02 -9.987357419676128334e-01 -4.023711699999999780e+00 -3.845197331097853499e-02 9.979994153893210207e-01 5.018578116424293745e-02 1.201971000000000012e-01 9.992488461409900768e-01 3.864503073570008107e-02 -2.881854496162516988e-03 7.884379999999999722e-01
-4.822846530575495422e-03 4.842130961595559474e-02 -9.988153567734219251e-01 -4.084066400000000208e+00 -3.917653512043903913e-02 9.980510116253320518e-01 4.857342163784847400e-02 1.219693000000000027e-01 9.992206659428632953e-01 3.936438706149210376e-02 -2.916467722007487495e-03 7.879648000000000208e-01
-4.392096350959110579e-03 4.635841875142030638e-02 -9.989152148708676515e-01 -4.143506099999999748e+00 -3.825409904603773587e-02 9.981858776363458086e-01 4.649276926075529559e-02 1.236449000000000020e-01 9.992583917064793431e-01 3.841680229048038964e-02 -2.610729008211021274e-03 7.876918000000000530e-01
-4.849685474526870335e-03 4.555559779527743047e-02 -9.989500328146109220e-01 -4.203713900000000336e+00 -3.591487507396551315e-02 9.983093529358447737e-01 4.570073948237917544e-02 1.255640000000000089e-01 9.993430853812012016e-01 3.609879984611336773e-02 -3.205362764280073051e-03 7.876117000000000257e-01
-4.573532348861347741e-03 4.753320662842010907e-02 -9.988591878085085751e-01 -4.262981899999999769e+00 -3.435381912075486516e-02 9.982725543760463394e-01 4.766258796311940993e-02 1.269308000000000103e-01 9.993992685176790181e-01 3.453261425295740816e-02 -2.932684637677041017e-03 7.869582000000000521e-01
-4.138142757085903553e-03 4.998997936091275490e-02 -9.987411465129579780e-01 -4.323070000000000412e+00 -3.394768654533310975e-02 9.981669972021757209e-01 5.010189891223151837e-02 1.290069000000000077e-01 9.994150440896624188e-01 3.411228019184840698e-02 -2.433513380082463762e-03 7.866273000000000293e-01
-3.554187476499368059e-03 5.244011058788124180e-02 -9.986177459633454045e-01 -4.382261299999999693e+00 -3.405266322506263210e-02 9.980385370963803515e-01 5.253089184277611595e-02 1.307444000000000106e-01 9.994137200772572616e-01 3.419229843177789413e-02 -1.761490644277552420e-03 7.860770999999999731e-01
-3.572626747458380967e-03 5.299729770911413423e-02 -9.985882648888152469e-01 -4.441337100000000149e+00 -3.558116630289413079e-02 9.979555724038059461e-01 5.309101725073476358e-02 1.325902999999999943e-01 9.993604039297580011e-01 3.572060950940719043e-02 -1.679617107352981975e-03 7.857321999999999917e-01
-3.225540295107821691e-03 5.081984646561207158e-02 -9.987026279604036549e-01 -4.500049100000000024e+00 -3.534714836699883594e-02 9.980779243813905355e-01 5.090221964567564344e-02 1.345583999999999947e-01 9.993698889761117865e-01 3.546547712560558369e-02 -1.423003909741704653e-03 7.852247999999999450e-01
-3.048335974549293802e-03 4.939256752392032906e-02 -9.987747903912981284e-01 -4.558693400000000118e+00 -3.388688935304657451e-02 9.982006987877272142e-01 4.946760222274049212e-02 1.365553999999999935e-01 9.994210255831929013e-01 3.399616468203246755e-02 -1.369090629388947100e-03 7.850114000000000258e-01
-2.869065590735036045e-03 5.048827589598207932e-02 -9.987205327115723508e-01 -4.617186099999999627e+00 -3.299341864673946412e-02 9.981761227930413538e-01 5.055553591697152516e-02 1.382826000000000055e-01 9.994514509412834036e-01 3.309625179536813955e-02 -1.198051944010569692e-03 7.845379999999999576e-01
-2.719183669910718928e-03 5.361138863218126160e-02 -9.985581730921329058e-01 -4.675579500000000444e+00 -3.091348509485999929e-02 9.980801060004843572e-01 5.366990260240535326e-02 1.399974999999999969e-01 9.995183652537149577e-01 3.101485152295646239e-02 -1.056648262103609959e-03 7.843489999999999629e-01
-2.817083833433367199e-03 5.630356989598536699e-02 -9.984097215350234977e-01 -4.734094100000000083e+00 -2.951187896938729793e-02 9.979741193971020108e-01 5.636227473474583055e-02 1.418793000000000137e-01 9.995604599214454877e-01 2.962372411677207523e-02 -1.149752617623733819e-03 7.845096999999999765e-01
-2.345335928052414906e-03 5.802984830949738104e-02 -9.983120935381686323e-01 -4.792860000000000120e+00 -2.994098235605220995e-02 9.978631855684018115e-01 5.807409459333612300e-02 1.441636000000000029e-01 9.995489167494200355e-01 3.002664803899872392e-02 -6.028537160354119351e-04 7.841398000000000534e-01
-2.068035710102587594e-03 6.009958249432297700e-02 -9.981902440979424362e-01 -4.851700300000000077e+00 -3.263108836707482446e-02 9.976567475357414061e-01 6.013506604624267726e-02 1.463288000000000089e-01 9.994653247113087779e-01 3.269639552632495894e-02 -1.020749931321951465e-04 7.837174999999999558e-01
-1.731215057837160332e-03 5.914710945490103677e-02 -9.982477760243462228e-01 -4.909937900000000077e+00 -3.461741339133647677e-02 9.976474125007931404e-01 5.917157274034244574e-02 1.488389999999999991e-01 9.993991382748519392e-01 3.465919464734106004e-02 3.203777159692666743e-04 7.832381999999999955e-01
-1.880473938043449034e-03 5.549762962319502307e-02 -9.984570481117226448e-01 -4.967766300000000079e+00 -3.665697360503077790e-02 9.977839286116690909e-01 5.552925436545650545e-02 1.507874999999999910e-01 9.993261380069512478e-01 3.670483497402161205e-02 1.580684706863344502e-04 7.829331000000000484e-01
-1.462887241538689612e-03 5.339996250369310332e-02 -9.985721325800770432e-01 -5.025679099999999622e+00 -3.791775113768305200e-02 9.978521270250945152e-01 5.341700796708357540e-02 1.531879999999999908e-01 9.992797927055162566e-01 3.794175267563301007e-02 5.650613434093898491e-04 7.824164999999999592e-01
-1.378835459917634055e-03 5.188134022002841711e-02 -9.986523045333387527e-01 -5.083481800000000383e+00 -3.781438613358114459e-02 9.979362909504893020e-01 5.189635252424477929e-02 1.551404999999999867e-01 9.992838290566475878e-01 3.783498038791513474e-02 5.858710875066286405e-04 7.819840000000000124e-01
-1.181923461232911327e-03 5.220330754096084991e-02 -9.986357783189604431e-01 -5.141784699999999653e+00 -3.626792334011158525e-02 9.979772366877850409e-01 5.221180699428445288e-02 1.573869999999999991e-01 9.993414035221036551e-01 3.628015621240462257e-02 7.137728461781289724e-04 7.818859000000000226e-01
-1.481755210929863384e-03 5.433948416922105423e-02 -9.985214193304609021e-01 -5.200258299999999778e+00 -3.672277316884673543e-02 9.978460452455614194e-01 5.435722508169934380e-02 1.595987000000000100e-01 9.993243929436951278e-01 3.674901968782389589e-02 5.169329740101202830e-04 7.817172999999999483e-01
-1.358422960041967553e-03 5.667832031747674360e-02 -9.983915678194860144e-01 -5.258816200000000052e+00 -3.555161552259124280e-02 9.977586082993331607e-01 5.669075937321553516e-02 1.615524000000000127e-01 9.993669182641556903e-01 3.557144318927023263e-02 6.596276502999209868e-04 7.815592000000000095e-01
-1.862406884371509228e-03 5.545394509283702034e-02 -9.984595091510909404e-01 -5.317475299999999905e+00 -3.930505206777747118e-02 9.976856256725492589e-01 5.548427892946906914e-02 1.642078999999999900e-01 9.992255222533831249e-01 3.934783729780380601e-02 3.215236215465822056e-04 7.808973000000000164e-01
-2.617157032692026767e-03 5.684778510939918206e-02 -9.983794267798299371e-01 -5.376247399999999566e+00 -4.340389660102150771e-02 9.974355127198172299e-01 5.690781778633802190e-02 1.664499000000000117e-01 9.990541788356196440e-01 4.348249410407352411e-02 -1.430299798860223959e-04 7.806239999999999846e-01
-2.772537925325673121e-03 5.605654870173260029e-02 -9.984237459020607330e-01 -5.435637500000000344e+00 -4.645875116915826331e-02 9.973422615603281249e-01 5.612484071720912071e-02 1.687484999999999957e-01 9.989163616005368729e-01 4.654112862168406639e-02 -1.608519971705302254e-04 7.800192999999999710e-01
-3.023948413274925827e-03 5.245213540434310456e-02 -9.986188608410709877e-01 -5.495177299999999931e+00 -4.755316719708337775e-02 9.974861392952280026e-01 5.253663677308630792e-02 1.710713000000000095e-01 9.988641309134692614e-01 4.764635773514516032e-02 -5.220814634587789271e-04 7.794398000000000160e-01
-3.919613731383210682e-03 4.852063562259626567e-02 -9.988144895559813996e-01 -5.555177200000000148e+00 -4.799781219798163884e-02 9.976618144029257840e-01 4.865299689093718905e-02 1.733280000000000098e-01 9.988397502364450009e-01 4.813161124501756649e-02 -1.581564590670270221e-03 7.792120999999999631e-01
-5.126648673118803026e-03 4.663499519893021111e-02 -9.988988410725971878e-01 -5.677655699999999861e+00 -3.971845172312860744e-02 9.981142207321378468e-01 4.680221111224036612e-02 1.777449999999999863e-01 9.991977592379295281e-01 3.991465388892867505e-02 -3.264711139920328797e-03 7.786391000000000284e-01
-5.682743609349494990e-03 4.857060735914435490e-02 -9.988035855591601564e-01 -5.739403199999999927e+00 -3.913402435934736079e-02 9.980437616029845804e-01 4.875631305592044440e-02 1.799001000000000072e-01 9.992178113717313792e-01 3.936427347390961118e-02 -3.770863476559416227e-03 7.782487000000000155e-01
-6.249747058666740678e-03 5.270637916140731571e-02 -9.985904957776219337e-01 -5.802047700000000141e+00 -3.834323051649951575e-02 9.978629891025992960e-01 5.290795453222770645e-02 1.820555000000000090e-01 9.992450837183344259e-01 3.861984690440476570e-02 -4.215458435220531541e-03 7.775461999999999652e-01
-6.808888411035945651e-03 5.269477620922460859e-02 -9.985874521537239090e-01 -5.864316500000000154e+00 -3.675556584344977229e-02 9.979226058865340310e-01 5.291031128387953947e-02 1.844935000000000047e-01 9.993010894711031877e-01 3.706390725340406173e-02 -4.857917349767593151e-03 7.769690000000000207e-01
-7.614483385806523896e-03 4.773803304009375387e-02 -9.988308664855278796e-01 -5.926528499999999866e+00 -3.625831369407873234e-02 9.981898061360739982e-01 4.798380574828184364e-02 1.872466999999999882e-01 9.993134414841167157e-01 3.658129477601879120e-02 -5.869799117598550886e-03 7.765208000000000110e-01
-8.260831643830677737e-03 4.418342703725507137e-02 -9.989892809413902786e-01 -5.989569699999999663e+00 -3.698435002838536267e-02 9.983263353600398959e-01 4.445993679225206108e-02 1.894521000000000122e-01 9.992817002795209014e-01 3.731424529367752263e-02 -6.612910451012310453e-03 7.754539999999999766e-01
-9.667368680725275595e-03 4.417623837867365455e-02 -9.989769776854225958e-01 -6.115822800000000115e+00 -3.819933461284810705e-02 9.982781304078295337e-01 4.451499954604274528e-02 1.930773000000000073e-01 9.992233748356401657e-01 3.859059875357107733e-02 -7.963219820793732140e-03 7.738243000000000205e-01
-1.005814271812310173e-02 4.872748146107008099e-02 -9.987614661747431510e-01 -6.180667399999999922e+00 -4.318257042748669533e-02 9.978590358279714190e-01 4.911832883706859776e-02 1.954008999999999885e-01 9.990165661170672395e-01 4.362312651486967285e-02 -7.932430694979730745e-03 7.725311999999999735e-01
-1.021656342000019577e-02 5.222287637898570534e-02 -9.985831928360253684e-01 -6.309426799999999780e+00 -5.616038322011975004e-02 9.970290946199584781e-01 5.271618193567385174e-02 1.999277000000000137e-01 9.983694873084085764e-01 5.661939300284798277e-02 -7.253354226469443944e-03 7.694904999999999662e-01
-1.013010315231760959e-02 4.989615895275028440e-02 -9.987030361082743779e-01 -6.373930500000000166e+00 -5.960849183854863981e-02 9.969480161803289109e-01 5.041310082548190741e-02 2.025543999999999956e-01 9.981704306935049731e-01 6.004187168858414470e-02 -7.124951457695205548e-03 7.684079999999999799e-01
-1.060240110247582038e-02 4.884885341230608968e-02 -9.987499079405040003e-01 -6.438643899999999753e+00 -6.200965023751342509e-02 9.968515598014604517e-01 4.941427930079220904e-02 2.047462999999999922e-01 9.980192344680955951e-01 6.245604247547615478e-02 -7.539919762043045814e-03 7.672482000000000468e-01
-1.084862497410606780e-02 4.838296867044568350e-02 -9.987699413172215213e-01 -6.503108000000000111e+00 -6.186161879763463212e-02 9.968830000277892900e-01 4.896350043992644951e-02 2.066714000000000051e-01 9.980257749456711291e-01 6.231671202999410075e-02 -7.821761046174269261e-03 7.660162999999999833e-01
-1.165311585349699738e-02 4.749481831373991020e-02 -9.988035077652910321e-01 -6.567288900000000318e+00 -6.004862956635888954e-02 9.970353363611722530e-01 4.811133062352550976e-02 2.085758000000000056e-01 9.981274302302822754e-01 6.053742875699966858e-02 -8.766569533403822945e-03 7.655098000000000180e-01
-1.224088307673715410e-02 4.814613267018848231e-02 -9.987652930946321339e-01 -6.631453999999999738e+00 -5.988591569385998126e-02 9.970118702409044298e-01 4.879557049816865555e-02 2.107046999999999948e-01 9.981301708109066029e-01 6.040927501334925065e-02 -9.321030487665638020e-03 7.647253000000000522e-01
-1.287746809559381367e-02 5.316858162121095022e-02 -9.985025151414670397e-01 -6.695721100000000092e+00 -5.960270058309607988e-02 9.967688995833375865e-01 5.384495247118537692e-02 2.128465999999999969e-01 9.981391129991092903e-01 6.020683309900167618e-02 -9.666868652267623929e-03 7.638150999999999691e-01
-1.370660271252409183e-02 5.701895363909148529e-02 -9.982790030687733740e-01 -6.760063200000000272e+00 -5.824287000592638652e-02 9.966321493839070955e-01 5.772457802259074733e-02 2.153982999999999870e-01 9.982083435513617875e-01 5.893384206308410755e-02 -1.033949341745865613e-02 7.630208000000000546e-01
-1.346369889348821881e-02 5.601127122359143146e-02 -9.983393542819108957e-01 -6.824060399999999582e+00 -5.865841131572258754e-02 9.966661128274898473e-01 5.670846782674426184e-02 2.177615999999999996e-01 9.981873168869764834e-01 5.932450621167157517e-02 -1.013328025470272564e-02 7.617365000000000386e-01
-1.279915610150755487e-02 5.436011597061925910e-02 -9.984393619017380983e-01 -6.888197899999999763e+00 -5.855423535288652864e-02 9.967668919795065197e-01 5.501967444245456362e-02 2.205610000000000070e-01 9.982021754761546406e-01 5.916705878422333365e-02 -9.574760022906358969e-03 7.606810000000000516e-01
-1.134186525052980829e-02 5.386359226571756781e-02 -9.984838884633399081e-01 -6.952290500000000151e+00 -5.766804946275517346e-02 9.968508968807934245e-01 5.443055629992251537e-02 2.228224000000000038e-01 9.982713850270376055e-01 5.819796230273310139e-02 -8.199940244270620404e-03 7.593364999999999698e-01
-1.024385438522450523e-02 5.338427206971411987e-02 -9.985214984881001232e-01 -7.016090900000000019e+00 -5.789517321911936965e-02 9.968671132588118322e-01 5.388977102355720777e-02 2.250248999999999999e-01 9.982701099227915265e-01 5.836161408520160881e-02 -7.121069870989704675e-03 7.582134999999999847e-01
-9.238893044801407134e-03 5.550812843866145124e-02 -9.984154899301909136e-01 -7.080059499999999950e+00 -5.821903652535540680e-02 9.967345483993410582e-01 5.595340752108828031e-02 2.274768000000000068e-01 9.982610814017369716e-01 5.864373542330594824e-02 -5.977094129695381675e-03 7.571993000000000196e-01
-8.694143965473414420e-03 5.917584317152922019e-02 -9.982097131593370420e-01 -7.143567100000000281e+00 -5.879698706321236784e-02 9.964900513196073284e-01 5.958600450890180061e-02 2.298655000000000004e-01 9.982321003519150082e-01 5.920977289253021719e-02 -5.184266680923532711e-03 7.566059000000000534e-01
-7.554577382352442062e-03 6.017783342812920572e-02 -9.981590838761481566e-01 -7.206911100000000125e+00 -6.032349756133228297e-02 9.963422190549156010e-01 6.052485580895308748e-02 2.324008999999999936e-01 9.981502912901157876e-01 6.066968676878889410e-02 -3.896807005107083555e-03 7.558899000000000035e-01
-6.640384454627576948e-03 5.771593363668632570e-02 -9.983109617242217348e-01 -7.269876000000000005e+00 -6.255242854732645519e-02 9.963538555259492391e-01 5.801886125569503255e-02 2.347889999999999977e-01 9.980195884736563494e-01 6.283204264562462782e-02 -3.005900838691677457e-03 7.548983000000000221e-01
-6.314466688133266864e-03 5.486119829925817371e-02 -9.984740239142999574e-01 -7.333063100000000389e+00 -6.115629104512132486e-02 9.966036904569093302e-01 5.514519229518700938e-02 2.370535000000000003e-01 9.981082283881086425e-01 6.141118048725502376e-02 -2.937913394387314803e-03 7.542529999999999513e-01
-6.409228090914162804e-03 5.305504102904621405e-02 -9.985710212181629908e-01 -7.396506300000000422e+00 -5.810587430258862957e-02 9.968845090601730075e-01 5.333838174700935436e-02 2.394838999999999996e-01 9.982898522807944763e-01 5.836470009572698042e-02 -3.306450653713155496e-03 7.539462000000000108e-01
-6.290324461194022124e-03 5.304176264872976360e-02 -9.985724827138431348e-01 -7.459409199999999629e+00 -5.671903934973159672e-02 9.969656962055345462e-01 5.331370522349224150e-02 2.412674999999999959e-01 9.983703633388845144e-01 5.697343244468987267e-02 -3.262759882960541979e-03 7.531875999999999571e-01
-6.606018112896260876e-03 5.289007153425226426e-02 -9.985784900836758293e-01 -7.522392700000000154e+00 -5.443186886162849902e-02 9.971007579372747065e-01 5.317189269851898409e-02 2.438760000000000094e-01 9.984956345307287595e-01 5.470574790654101488e-02 -3.707960229481610526e-03 7.529698999999999698e-01
