1.000000000000000000e+00 0.000000000000000000e+00 0.000000000000000000e+00 0.000000000000000000e+00 0.000000000000000000e+00 1.000000000000000000e+00 0.000000000000000000e+00 0.000000000000000000e+00 0.000000000000000000e+00 0.000000000000000000e+00 1.000000000000000000e+00 0.000000000000000000e+00
9.999937961022346000e-01 3.478772811839514218e-03 5.530793488587563847e-04 -5.584000000000000205e-04 -3.478416017881502068e-03 9.999937424318348089e-01 -6.447628863879809220e-04 -1.347300000000000060e-03 -5.553188715262798126e-04 6.428350462787211107e-04 9.999996391919619976e-01 5.754139999999999949e-02
9.999938242828136925e-01 3.358169450613376732e-03 1.036385147631653557e-03 -7.919999999999999523e-04 -3.357419680867172046e-03 9.999941015143085643e-01 -7.243408571529251017e-04 -2.011799999999999786e-03 -1.038811493867011467e-03 7.208568039370279222e-04 9.999992006177547132e-01 8.575839999999999852e-02
9.999929077371080277e-01 3.541249312392589013e-03 1.282196861320569542e-03 -6.936000000000000542e-04 -3.541538230124482295e-03 9.999937038401808254e-01 2.231299202049579660e-04 -2.694699999999999960e-03 -1.281398629727711165e-03 -2.276692869118172532e-04 9.999991530917651250e-01 1.131535000000000041e-01
9.999837849572269510e-01 3.182304483069201342e-03 4.722579887664385759e-03 -7.607000000000000046e-04 -3.232378654022825641e-03 9.999382365967331987e-01 1.063365976757082651e-02 -4.191300000000000234e-03 -4.688448661908551848e-03 -1.064875250874366616e-02 9.999323089685381305e-01 1.897867000000000026e-01
9.999812803717452736e-01 2.361560187471948950e-03 5.644638125340122395e-03 -5.540999999999999702e-04 -2.434716146062138042e-03 9.999126789080916566e-01 1.298871495305797125e-02 -4.666899999999999868e-03 -5.613471597256025972e-03 -1.300221490072498570e-02 9.998997106431736226e-01 2.133994999999999920e-01
9.999744953819118543e-01 2.909046217039621719e-03 6.522732234114758665e-03 -3.481000000000000045e-04 -2.992394976282062788e-03 9.999135342779659208e-01 1.280505915851456490e-02 -5.037899999999999670e-03 -6.484917732458454764e-03 -1.282425116154012855e-02 9.998967368804385636e-01 2.360648999999999942e-01
9.999542812054944552e-01 3.834676469862707739e-03 8.759609304905959654e-03 -1.597000000000000058e-04 -3.902376959549458488e-03 9.999625492350336931e-01 7.724738276369380596e-03 -5.821999999999999918e-03 -8.729659378732441966e-03 -7.758568408173634190e-03 9.999317965058351909e-01 2.779598999999999820e-01
9.998699534868409344e-01 1.045284000734101855e-03 1.609296416389554771e-02 1.072199999999999933e-03 -1.060247271528777816e-03 9.999990135420999682e-01 9.212982960498171218e-04 -7.201599999999999842e-03 -1.609198527049514674e-02 -9.382410057644171870e-04 9.998700754167360039e-01 3.485503999999999825e-01
9.996746191398518944e-01 1.714583780977128880e-03 2.545026620784192339e-02 2.033599999999999991e-03 -1.759932012298486958e-03 9.999969033152812381e-01 1.759545157173621937e-03 -8.212300000000000502e-03 -2.544717050880308112e-02 -1.803763373077611016e-03 9.996745410136189669e-01 3.891491999999999729e-01
9.988840022317677647e-01 -1.488836226375230953e-03 4.720734531973655446e-02 6.049599999999999596e-03 1.739451453871162373e-03 9.999846101617978489e-01 -5.268182627505646996e-03 -1.045779999999999973e-02 -4.719877534518714113e-02 5.344418232900524472e-03 9.988712193269292383e-01 4.707623000000000224e-01
9.993255379981259567e-01 -8.896112898606387508e-04 3.671072999150194749e-02 7.463899999999999875e-03 1.611046325003696357e-03 9.998060741818982633e-01 -1.962698547202830490e-02 -1.166230000000000044e-02 -3.668615044529338620e-02 1.967289050275709827e-02 9.991331761806190315e-01 5.145977000000000467e-01
9.997332994742637036e-01 -1.171860914846955181e-03 2.306418574973927854e-02 7.093000000000000346e-03 1.654195919887908048e-03 9.997801029175361620e-01 -2.090477089229679161e-02 -1.203689999999999968e-02 -2.303461651864099208e-02 2.093734826087217601e-02 9.995153995260114277e-01 5.243086000000000135e-01
9.412870632718053354e-01 8.566877662670590796e-03 -3.374985527735686608e-01 -2.322509999999999852e-02 -9.827794669092395144e-03 9.999496502718410174e-01 -2.027652131173153516e-03 -1.485820000000000023e-02 3.374641891654321935e-01 5.225469197663270247e-03 9.413238632386740079e-01 6.332164000000000126e-01
9.054864646612972301e-01 1.399885782947592194e-02 -4.241441904525575790e-01 -3.578900000000000137e-02 -1.039486620295118624e-02 9.998875422110721223e-01 1.080970340592763909e-02 -1.526079999999999971e-02 4.242478156358711061e-01 -5.379118010557220469e-03 9.055301519097088692e-01 6.549188999999999705e-01
8.840358555081141434e-01 1.818899242766541455e-02 -4.670650562079153301e-01 -4.338369999999999727e-02 -1.165898647198276676e-02 9.997897561294438740e-01 1.686747085586313630e-02 -1.526789999999999918e-02 4.672736609423678300e-01 -9.465943856457192593e-03 8.840620576047948376e-01 6.655465000000000408e-01
7.672044263233546157e-01 3.261278930046855595e-02 -6.405730045856564692e-01 -8.094890000000000418e-02 -1.876881104724082219e-02 9.994203249116941912e-01 2.840327243957117137e-02 -1.493150000000000033e-02 6.411279903121726020e-01 -9.768322652675636916e-03 7.673718003098810581e-01 7.081718000000000179e-01
6.917035752746645283e-01 3.762607499211147177e-02 -7.212006949753545504e-01 -1.060190000000000021e-01 -1.825771155525175021e-02 9.992337453419588567e-01 3.462048726760726114e-02 -1.399539999999999985e-02 7.219507046336416378e-01 -1.077964055844782797e-02 6.918605202122889430e-01 7.291786999999999574e-01
6.088393030793761707e-01 3.642442283685436155e-02 -7.924569164609653882e-01 -1.350456999999999907e-01 -1.086555189014422503e-02 9.992345186130173751e-01 3.758080087403704167e-02 -1.335730000000000077e-02 7.932191644230124350e-01 -1.427018686680320454e-02 6.087690193816077677e-01 7.494121000000000254e-01
4.680122018137913842e-01 3.707038823196925903e-02 -8.829441461778531064e-01 -1.869165000000000132e-01 -4.243468144969373551e-03 9.992025458946436345e-01 3.970220719009281279e-02 -1.129340000000000031e-02 8.837118149778862009e-01 -1.483437204580977282e-02 4.677962905736821053e-01 7.762763999999999776e-01
4.157879129507069949e-01 3.597754539376864236e-02 -9.087497057339466444e-01 -2.062092000000000092e-01 6.709734853940704791e-04 9.992048227613734568e-01 3.986567401906100649e-02 -1.069179999999999957e-02 9.094613577490124889e-01 -1.718541235616573987e-02 4.154331478872037575e-01 7.838673999999999920e-01
3.086406254432570440e-01 3.403436814973662128e-02 -9.505696324365950911e-01 -2.484293999999999947e-01 8.083757166668485011e-03 9.992296991179144827e-01 3.840131860746821141e-02 -9.312100000000000238e-03 9.511443724251673615e-01 -1.953638107148152753e-02 3.081277537297871794e-01 7.963312000000000168e-01
2.554706264557843332e-01 3.980188713233645537e-02 -9.659971888152646402e-01 -2.715480000000000116e-01 8.970731752606941195e-03 9.990116435960417762e-01 4.353460613532619816e-02 -8.348200000000000065e-03 9.667751987872424957e-01 -1.978751475653175648e-02 2.548610783733917806e-01 8.010779999999999568e-01
2.044219674279930399e-01 4.492205279433401921e-02 -9.778515574490901363e-01 -2.955882000000000231e-01 1.159026444885685389e-02 9.987653459135182876e-01 4.830579232613597951e-02 -7.537399999999999656e-03 9.788142443808599547e-01 -2.120832324803825428e-02 2.036489185390696344e-01 8.047258999999999940e-01
1.561251619378341282e-01 4.628123870628279846e-02 -9.866524113149967024e-01 -3.204267000000000087e-01 1.718756512293830377e-02 9.986231268891795354e-01 4.956246611320191259e-02 -6.790799999999999614e-03 9.875877284651880528e-01 -2.469610062114268451e-02 1.551147355962049224e-01 8.078045999999999838e-01
7.147267362008789815e-02 4.592034837077961507e-02 -9.963849549903402991e-01 -3.737769000000000230e-01 1.962218785634226026e-02 9.986816362716774975e-01 4.743373396070823395e-02 -5.016200000000000173e-03 9.972495307942375042e-01 -2.294146855000937096e-02 7.047738893746080535e-02 8.107651000000000163e-01
3.600110706358014556e-02 4.160815515820225075e-02 -9.984851935379550625e-01 -4.015176999999999774e-01 1.670225394661042570e-02 9.989682776605950387e-01 4.223049775845900966e-02 -3.721400000000000142e-03 9.992121671613589662e-01 -1.819729793555194611e-02 3.526901394347703445e-02 8.106784999999999686e-01
7.276529513154827121e-03 4.172231456269197281e-02 -9.991027477620988417e-01 -4.305318000000000200e-01 1.459540011824757982e-02 9.990183362895271868e-01 4.182508879480713315e-02 -2.556399999999999905e-03 9.998670043628965498e-01 -1.488664585583415571e-02 6.660432533291738011e-03 8.102046999999999999e-01
-2.684897048874730630e-02 5.186585842989754197e-02 -9.982930759616759353e-01 -4.926638999999999879e-01 1.477545136020421562e-02 9.985645847583500823e-01 5.148258058301007078e-02 -1.801999999999999891e-04 9.995302991009311633e-01 -1.336797650034260779e-02 -2.757677253577128784e-02 8.080020999999999454e-01
-3.478846930780286201e-02 5.452767069382251364e-02 -9.979060554641033809e-01 -5.253058999999999923e-01 1.444690900221450025e-02 9.984335610181370724e-01 5.405285425325459525e-02 1.055900000000000024e-03 9.992902727553699682e-01 -1.253624191486023276e-02 -3.552173158997617985e-02 8.067623000000000433e-01
-3.894292267346347730e-02 5.167466136187665038e-02 -9.979043932896497493e-01 -5.586088999999999638e-01 1.579421970519684360e-02 9.985690147998805832e-01 5.109271284145999736e-02 2.401900000000000215e-03 9.991166055058601225e-01 -1.377142166703542933e-02 -3.970335688220949510e-02 8.056202999999999559e-01
-3.397149929948854730e-02 4.625551620886015486e-02 -9.983518239857114285e-01 -6.274925000000000086e-01 3.484369654297091862e-02 9.983759426941730686e-01 4.507098690668515095e-02 5.233200000000000351e-03 9.988152251775932466e-01 -3.325513899795193296e-02 -3.552804080808136256e-02 8.040076000000000445e-01
-2.830085407983396611e-02 4.623286197641069545e-02 -9.985297111913209456e-01 -6.638513000000000330e-01 3.534876510304865022e-02 9.983513257178356914e-01 4.522272927554740751e-02 6.730200000000000418e-03 9.989742371372958285e-01 -3.401695034699790676e-02 -2.988846976759507168e-02 8.030844000000000316e-01
-2.314904989066832869e-02 4.489827087108502757e-02 -9.987233184230486227e-01 -7.008280999999999539e-01 3.340138651022207805e-02 9.984680396808645053e-01 4.411259587743834171e-02 7.906200000000000380e-03 9.991738932079612390e-01 -3.233757889264613633e-02 -2.461325096381594690e-02 8.020308999999999910e-01
-1.816803350720969795e-02 2.774232469730458089e-02 -9.994499917348894646e-01 -7.763350999999999447e-01 3.485131815455396603e-02 9.990250938265016201e-01 2.709700219285342618e-02 1.029739999999999996e-02 9.992273556010019542e-01 -3.433985039773426728e-02 -1.911717796355594245e-02 8.007227999999999568e-01
-1.720696822702065878e-02 1.959685464634060986e-02 -9.996598839267306635e-01 -8.160511000000000292e-01 2.732615960572042091e-02 9.994436554138471651e-01 1.912225546869243328e-02 1.103909999999999961e-02 9.994784646232438563e-01 -2.698782949733903244e-02 -1.773290200123944782e-02 7.993620999999999643e-01
-1.875593357048603929e-02 1.665976615100149202e-02 -9.996852840507823856e-01 -8.561636999999999720e-01 2.184489321844157797e-02 9.996293168911777327e-01 1.624898310517470384e-02 1.179280000000000085e-02 9.995854218605704222e-01 -2.153325343442817619e-02 -1.911291187533414870e-02 7.981348000000000331e-01
-2.694401299175896991e-02 3.102212400355339877e-02 -9.991554673754268201e-01 -9.402173000000000336e-01 7.525797992470236938e-03 9.994963172760689130e-01 3.082976023507697644e-02 1.316050000000000032e-02 9.996086146730009947e-01 -6.688764750232919012e-03 -2.716390799644974319e-02 7.947967999999999700e-01
-3.318024493653408402e-02 5.056128576403602637e-02 -9.981696387527716485e-01 -1.027846700000000002e+00 4.691389923468011064e-03 9.987164260980603281e-01 5.043303582478107783e-02 1.594850000000000087e-02 9.994383733910445766e-01 -3.009422503597210252e-03 -3.337485834662456963e-02 7.913687999999999834e-01
-3.416478156163599289e-02 5.846081944827309640e-02 -9.977049164408691162e-01 -1.072123200000000054e+00 6.575098023241163908e-03 9.982792467803677239e-01 5.826931897325199339e-02 1.751890000000000044e-02 9.993945846295295699e-01 -4.569249069401880997e-03 -3.449037802215715320e-02 7.896022999999999792e-01
-3.747247029665669305e-02 5.644157459002785426e-02 -9.977024419272836342e-01 -1.161548699999999990e+00 6.104379888445948810e-03 9.983979610447645259e-01 5.625164822326948061e-02 2.144199999999999925e-02 9.992790153485883176e-01 -3.982466503969890603e-03 -3.775697875229211409e-02 7.859806000000000292e-01
-4.516125269879270321e-02 4.633077581920900384e-02 -9.979047652289599890e-01 -1.251239800000000013e+00 6.004711024236122907e-03 9.989185010453744962e-01 4.610609194865236682e-02 2.494880000000000014e-02 9.989616632785219830e-01 -3.909920875461225104e-03 -4.539061377153241761e-02 7.819487999999999994e-01
-5.780311150084545962e-02 4.006587786168829685e-02 -9.975236968272950255e-01 -1.342382799999999987e+00 5.462534923717156377e-03 9.991920829759877165e-01 3.981635380486148179e-02 2.767680000000000140e-02 9.983130576192159600e-01 -3.147498892615022137e-03 -5.797527264009194603e-02 7.768182000000000142e-01
-7.073729931344745203e-02 4.725321608800096829e-02 -9.963751141288007540e-01 -1.435359400000000063e+00 4.402334957265215815e-03 9.988823830879306476e-01 4.705958142079803841e-02 3.064069999999999988e-02 9.974852650203732685e-01 -1.057509298949800558e-03 -7.086626659644801318e-02 7.700609999999999955e-01
-8.165147820086846031e-02 5.243178184955531174e-02 -9.952808369298054014e-01 -1.527636599999999900e+00 -1.294772087008563138e-03 9.986088468634906068e-01 5.271332403873078137e-02 3.399800000000000044e-02 9.966601023783665525e-01 5.592782675034976836e-03 -8.147000128325776469e-02 7.622468000000000021e-01
-8.572743376018417127e-02 5.491767530813997100e-02 -9.948039284399931015e-01 -1.620927800000000030e+00 -9.826795154038048957e-03 9.983845301198951416e-01 5.596216681184437020e-02 3.768629999999999897e-02 9.962701647635011648e-01 1.457322737165090559e-02 -8.504927892745683948e-02 7.531444000000000472e-01
-8.880668675697764303e-02 5.390538293853953250e-02 -9.945891524028890318e-01 -1.714347700000000030e+00 -1.178749627743604783e-02 9.984076796418750455e-01 5.516484536039657771e-02 4.114319999999999783e-02 9.959791299614452198e-01 1.662272307344518640e-02 -8.802986856099503932e-02 7.445557000000000425e-01
-9.066056461366349406e-02 5.228787952149366314e-02 -9.945082401262836935e-01 -1.808348999999999984e+00 -1.500194022157940246e-02 9.984356916462138187e-01 5.386196651195504503e-02 4.492619999999999947e-02 9.957688505941126866e-01 1.980270946341870786e-02 -8.973432389218471972e-02 7.351733999999999769e-01
-9.103180695454682336e-02 4.994298417338192964e-02 -9.945948463844198617e-01 -1.855717400000000072e+00 -1.967131012834130374e-02 9.984565847771053049e-01 5.193734564909698731e-02 4.664589999999999709e-02 9.956536795896577807e-01 2.429293409813806232e-02 -8.990886314751611597e-02 7.300043999999999977e-01
-9.153639568598787024e-02 4.496683137419135029e-02 -9.947859429751625404e-01 -1.903476100000000004e+00 -2.516406837875997254e-02 9.985564602596653794e-01 4.745276953262277803e-02 4.846949999999999870e-02 9.954837306191636204e-01 2.937651697959035163e-02 -9.027271084165189308e-02 7.254178999999999489e-01
-9.036010937234256746e-02 4.442835015540172461e-02 -9.949176711349976276e-01 -1.951160900000000087e+00 -2.674699438829382381e-02 9.985358280742510084e-01 4.701912741919430511e-02 5.021579999999999794e-02 9.955499228694715264e-01 3.085971086285265591e-02 -8.903948180470433460e-02 7.203445000000000542e-01
-8.689086235281047454e-02 5.177505519385828398e-02 -9.948715101455349874e-01 -2.047488500000000045e+00 -2.730881808034101715e-02 9.981494859450351642e-01 5.433076626292705769e-02 5.355270000000000169e-02 9.958434648551142132e-01 3.188961221675329361e-02 -8.531615402738990106e-02 7.114424999999999777e-01
-8.540431941611846545e-02 5.140134594152231257e-02 -9.950195997368442846e-01 -2.095764200000000077e+00 -2.539543259426440408e-02 9.982316018892362086e-01 5.374700915399406587e-02 5.551099999999999784e-02 9.960226775673433064e-01 2.985917991253772552e-02 -8.394793116289955837e-02 7.072083000000000119e-01
-8.313135726105017054e-02 5.062274430228419497e-02 -9.952519857801045422e-01 -2.143860300000000052e+00 -2.526692066175748388e-02 9.982807804772990679e-01 5.288729573259636635e-02 5.738999999999999657e-02 9.962182291848549198e-01 2.954354563927976546e-02 -8.170935534473211526e-02 7.032070999999999739e-01
-7.910149250754042183e-02 5.122429169793786541e-02 -9.955496099256551101e-01 -2.192144199999999987e+00 -2.970441515989465098e-02 9.981143189873832311e-01 5.371642162654570452e-02 5.913910000000000000e-02 9.964239065794677774e-01 3.382126804832692735e-02 -7.743074469818223005e-02 6.988868000000000302e-01
-7.356140977539450676e-02 5.226100978373829364e-02 -9.959204314844838368e-01 -2.240880499999999831e+00 -3.472392727353754149e-02 9.978862945270929874e-01 5.492897295316783585e-02 6.107069999999999860e-02 9.966859926107913825e-01 3.862292132104689496e-02 -7.159121511798538506e-02 6.948037000000000241e-01
-6.760333291642013631e-02 5.177973938664608838e-02 -9.963677272812695440e-01 -2.289958200000000055e+00 -3.847889032726822117e-02 9.977740677537855207e-01 5.446360910962599194e-02 6.304590000000000194e-02 9.969699917137794243e-01 4.202104600215329083e-02 -6.546042556469666707e-02 6.909570000000000434e-01
-6.208170499833236267e-02 5.066344161281166603e-02 -9.967843686517388058e-01 -2.339342400000000044e+00 -3.970765990151177427e-02 9.977947446676154186e-01 5.318786759058928559e-02 6.517670000000000408e-02 9.972808850317176343e-01 4.288196821081569077e-02 -5.993307227833966078e-02 6.879456999999999933e-01
-5.086462522456337843e-02 4.976197746128198374e-02 -9.974650547763103114e-01 -2.437841900000000006e+00 -3.821011844594214557e-02 9.979296655889959844e-01 5.173363882215963744e-02 6.888450000000000129e-02 9.979743367186914016e-01 4.074467003888305322e-02 -4.885790738775830366e-02 6.822156999999999805e-01
-4.543675356102327284e-02 5.061072636062214497e-02 -9.976843467766171036e-01 -2.487265799999999860e+00 -3.694600275101738579e-02 9.979473958224606145e-01 5.230667311052170781e-02 7.067800000000000471e-02 9.982837744381888312e-01 3.923709403637565957e-02 -4.347362585549952030e-02 6.797505999999999826e-01
-3.979179333810239916e-02 5.220681978059048267e-02 -9.978432046926682952e-01 -2.537100300000000086e+00 -3.620795790493211430e-02 9.979029258589838802e-01 5.365383813329792362e-02 7.254710000000000325e-02 9.985517497692807387e-01 3.826484719003089841e-02 -3.781804466430238598e-02 6.776252000000000386e-01
-3.430540552917812902e-02 5.356212499353979473e-02 -9.979750687856158153e-01 -2.587105999999999906e+00 -3.701635078212027474e-02 9.978095682996451776e-01 5.482567997253275094e-02 7.449479999999999991e-02 9.987256524823288073e-01 3.882221240284966512e-02 -3.224758747401690329e-02 6.756839999999999513e-01
-2.886957707007356544e-02 5.261203586016167943e-02 -9.981976363438475053e-01 -2.637081100000000067e+00 -3.681012063040381421e-02 9.978805671720258896e-01 5.365993551627726982e-02 7.651090000000000668e-02 9.989051819562105861e-01 3.829291505076332786e-02 -2.687173455407787515e-02 6.740294000000000008e-01
-2.397397364191106509e-02 4.799029780129114575e-02 -9.985600532290288545e-01 -2.686998099999999834e+00 -3.710489722604959351e-02 9.981161988724135403e-01 4.885980096489270230e-02 7.840199999999999947e-02 9.990237610736101281e-01 3.822283172958307329e-02 -2.214813637556722892e-02 6.726554000000000144e-01
-1.958845615583103619e-02 4.287446402676272500e-02 -9.988884185532681537e-01 -2.737158099999999816e+00 -3.699095726218096930e-02 9.983650030382790197e-01 4.357739998215297977e-02 8.006180000000000241e-02 9.991235966917498823e-01 3.780345278932698699e-02 -1.797046162307858186e-02 6.713533000000000417e-01
-1.591527572283252950e-02 4.230497154097154905e-02 -9.989779744226514602e-01 -2.787266499999999869e+00 -3.683791481557922159e-02 9.984013975492830317e-01 4.286743990114721958e-02 8.160850000000000048e-02 9.991945116095795054e-01 3.748251264998021803e-02 -1.433140658615639218e-02 6.704679999999999529e-01
-1.306465913772957704e-02 4.481183646299209677e-02 -9.989100129613425194e-01 -2.837512300000000209e+00 -3.650848978466643413e-02 9.983077948661251977e-01 4.526231195130761553e-02 8.294809999999999683e-02 9.992479396302292871e-01 3.706003268142958607e-02 -1.140653858072304683e-02 6.698323000000000471e-01
-1.073099287688989746e-02 4.442238863741974908e-02 -9.989552027892052433e-01 -2.888148300000000113e+00 -3.592217060822493202e-02 9.983507522343513241e-01 4.478139314378612457e-02 8.446259999999999879e-02 9.992969746029805034e-01 3.636518803541094469e-02 -9.117546187406233571e-03 6.689785999999999788e-01
-1.009897793647799961e-02 4.406072292988589406e-02 -9.989778092327847858e-01 -2.938937899999999992e+00 -3.786350012320918029e-02 9.982954498465775872e-01 4.441340083847569731e-02 8.611190000000000511e-02 9.992318880035093720e-01 3.827332635812051576e-02 -8.413470534002542855e-03 6.682953000000000365e-01
-8.844665843480790240e-03 4.527402371946751686e-02 -9.989354506985756998e-01 -2.989758500000000208e+00 -3.925526216079881087e-02 9.981887503519075722e-01 4.558775124508986781e-02 8.750460000000000182e-02 9.991900701462181900e-01 3.961668142520683583e-02 -7.051402275402351982e-03 6.674215000000000009e-01
-8.212036808785887904e-03 4.499501357534835266e-02 -9.989534579773000633e-01 -3.040706600000000037e+00 -3.957146029078792426e-02 9.981900040534954499e-01 4.528592869906998553e-02 8.898749999999999716e-02 9.991829972442014540e-01 3.990193680809081545e-02 -6.416654662469101211e-03 6.669273000000000007e-01
-7.097655004397539213e-03 4.275259674687541950e-02 -9.990604780316542088e-01 -3.091512199999999932e+00 -4.038085518949528080e-02 9.982584551060683653e-01 4.300515484695698054e-02 9.053880000000000261e-02 9.991591514006180619e-01 4.064815224145856831e-02 -5.358907701355275499e-03 6.663221000000000283e-01
-6.930217237313364941e-03 4.218425329535120671e-02 -9.990858125621431274e-01 -3.142890700000000148e+00 -3.893887780661621500e-02 9.983406542839907694e-01 4.242289239284265101e-02 9.167640000000000511e-02 9.992175618373635437e-01 3.919728023379870363e-02 -5.276110126598565486e-03 6.660844999999999683e-01
-6.742392431659381680e-03 4.163469158630434680e-02 -9.991101503842361176e-01 -3.194039099999999909e+00 -3.510428162900141452e-02 9.985071672459165937e-01 4.184646185577581279e-02 9.316670000000000507e-02 9.993609105601486409e-01 3.535518936519027600e-02 -5.270771228414239395e-03 6.658203000000000316e-01
-6.303192433978700195e-03 4.239345224718934352e-02 -9.990811103067185339e-01 -3.245289099999999927e+00 -3.333469297081343569e-02 9.985367721785707307e-01 4.258066288519575526e-02 9.452249999999999541e-02 9.994243683289305569e-01 3.357245617714561814e-02 -4.880796712812607296e-03 6.653170999999999946e-01
-6.359890423798453783e-03 4.568744059426320392e-02 -9.989355382434556008e-01 -3.297284100000000162e+00 -3.278888154897542651e-02 9.984090535030645253e-01 4.587211712884157327e-02 9.571749999999999703e-02 9.994420648744798408e-01 3.304572067697377630e-02 -4.851732100486616517e-03 6.649756000000000000e-01
-5.848806800889606167e-03 4.903901870722114642e-02 -9.987797385325948296e-01 -3.348761800000000122e+00 -3.587704346788550547e-02 9.981434960048211069e-01 4.921787414422811729e-02 9.743499999999999384e-02 9.993390962085938467e-01 3.612112993119732246e-02 -4.078573461915313558e-03 6.640658999999999867e-01
-5.198188052954424120e-03 4.910511207308422554e-02 -9.987800893135866387e-01 -3.399988899999999870e+00 -3.803741799807865143e-02 9.980610431645734471e-01 4.926772725915733869e-02 9.898890000000000466e-02 9.992627951009712683e-01 3.824711865661398896e-02 -3.320277316930964062e-03 6.633244999999999836e-01
-5.224102120433032036e-03 4.721245790190775615e-02 -9.988712092036172718e-01 -3.450949000000000044e+00 -3.895007643472597758e-02 9.981172160745102051e-01 4.738052892696135998e-02 1.006462000000000051e-01 9.992275017746282684e-01 3.915363066856260288e-02 -3.375337420984947379e-03 6.629369999999999985e-01
-4.975830968455490812e-03 4.492502598442377204e-02 -9.989779692998600469e-01 -3.501608599999999960e+00 -3.867717863787152599e-02 9.982341851910676578e-01 4.508422527380945982e-02 1.021750000000000019e-01 9.992393691997866201e-01 3.886198085821506581e-02 -3.229471317134025021e-03 6.626697999999999755e-01
-5.102735680973151736e-03 4.418164718036596272e-02 -9.990104824980564624e-01 -3.551922600000000152e+00 -3.622619073965129000e-02 9.983595615352166552e-01 4.433789570676796576e-02 1.036503000000000008e-01 9.993305885406812417e-01 3.641658885232786080e-02 -3.493832179138567362e-03 6.624352999999999492e-01
-4.886898786792212741e-03 4.582762736824051719e-02 -9.989374088450411193e-01 -3.601901499999999867e+00 -3.483974928886235389e-02 9.983350695525647911e-01 4.597043366083092969e-02 1.049152000000000001e-01 9.993809634417378795e-01 3.502738173591247312e-02 -3.282139392195682071e-03 6.619481999999999866e-01
-4.642357485937833976e-03 4.855727227119795153e-02 -9.988096114007680715e-01 -3.652853700000000092e+00 -3.472888393713378929e-02 9.982100146906309757e-01 4.868953883342244660e-02 1.064467999999999942e-01 9.993859880633977344e-01 3.491357731472118087e-02 -2.947707861226889214e-03 6.616775999999999769e-01
-4.146086514199042936e-03 5.080838028732176381e-02 -9.986998139877646397e-01 -3.702780999999999878e+00 -3.415047010206724576e-02 9.981186497660144985e-01 5.092058897023742092e-02 1.079656999999999978e-01 9.994081025078916936e-01 3.431718930575385074e-02 -2.403156201428835459e-03 6.612993000000000343e-01
-4.086905214595775229e-03 5.147711267293890447e-02 -9.986658120095148750e-01 -3.752534199999999931e+00 -3.571100213720886096e-02 9.980296330679574446e-01 5.159046272902073627e-02 1.092921000000000031e-01 9.993538019801206929e-01 3.587420227817988971e-02 -2.240553231025899095e-03 6.609091999999999745e-01
-3.740070988183529649e-03 4.925331577545680184e-02 -9.987793163427678422e-01 -3.802191300000000052e+00 -3.574277934752419228e-02 9.981415069539808504e-01 4.935570706767810484e-02 1.109972000000000042e-01 9.993540241543623637e-01 3.588374256901571274e-02 -1.972669694364270754e-03 6.604558999999999847e-01
-3.345357782058873582e-03 4.789250862650633322e-02 -9.988468932718217452e-01 -3.851484500000000200e+00 -3.445663033863392843e-02 9.982538307288869595e-01 4.797947541198512023e-02 1.125103999999999965e-01 9.994005949603075312e-01 3.457740667780868915e-02 -1.689301755365635316e-03 6.601019999999999666e-01
-3.373456015919935012e-03 4.924994697627779749e-02 -9.987807880197450139e-01 -3.900788299999999875e+00 -3.355477366296118202e-02 9.982184532850508774e-01 4.933555194408967975e-02 1.136921000000000043e-01 9.994311867051859366e-01 3.368029459542106613e-02 -1.714875222734946192e-03 6.598066999999999682e-01
-2.785016828750070707e-03 5.208127355110590828e-02 -9.986389661066495949e-01 -3.950222000000000122e+00 -3.125573622621947989e-02 9.981503848348141084e-01 5.214295932404820061e-02 1.152558000000000055e-01 9.995075400587131176e-01 3.135841512907228817e-02 -1.152027070949412924e-03 6.593639999999999501e-01
-3.215674809952573723e-03 5.484629255570860895e-02 -9.984896312072599756e-01 -3.999413000000000107e+00 -2.991732184928546853e-02 9.980425630984067764e-01 5.491808533924990438e-02 1.166734999999999994e-01 9.995472041323925083e-01 3.004873436363820344e-02 -1.568526142786796918e-03 6.597024000000000221e-01
-2.613725020184900528e-03 5.650974558101545114e-02 -9.983986263491589908e-01 -4.049025099999999711e+00 -3.029742177155093225e-02 9.979392198798630043e-01 5.656305914258139000e-02 1.186506999999999978e-01 9.995375103894378332e-01 3.039674456153672669e-02 -8.962391115527879037e-04 6.593483999999999456e-01
-2.472569466325661228e-03 5.852417718493214960e-02 -9.982829293767678802e-01 -4.098354299999999562e+00 -3.284453463318459665e-02 9.977426223352322543e-01 5.857385184827388486e-02 1.203136999999999956e-01 9.994574142728462895e-01 3.293296616523735260e-02 -5.447885788086859193e-04 6.589977000000000196e-01
-2.010046215679500009e-03 5.749627915252419896e-02 -9.983436971293133677e-01 -4.147498099999999965e+00 -3.463288821928713068e-02 9.977428029579524793e-01 5.753140185323975947e-02 1.223641000000000034e-01 9.993980802301960509e-01 3.469116644368718666e-02 -1.424693639273666435e-05 6.585480000000000222e-01
-2.344228966039084081e-03 5.388990749059448249e-02 -9.985441314539932334e-01 -4.196352499999999708e+00 -3.683208945329830009e-02 9.978646727930398086e-01 5.393970687855070834e-02 1.239263000000000031e-01 9.993187188165039148e-01 3.690491379606389288e-02 -3.543453768249937852e-04 6.583940999999999821e-01
-1.811776564396474620e-03 5.185757289990537006e-02 -9.986528473892275493e-01 -4.244976999999999556e+00 -3.785772267481211234e-02 9.979350312077212015e-01 5.188898074082271689e-02 1.257903999999999967e-01 9.992814970265173624e-01 3.790073378412948252e-02 1.551743111010139842e-04 6.578492999999999702e-01
-1.821988514727420922e-03 5.043046890984708569e-02 -9.987259124321272719e-01 -4.293752200000000130e+00 -3.814692412126807070e-02 9.979971299851151390e-01 5.046326110706292334e-02 1.273178000000000087e-01 9.992704801693774730e-01 3.819026508164534428e-02 1.054279623401432886e-04 6.574661000000000532e-01
-1.507846795478547369e-03 5.098463162026631995e-02 -9.986982996564013337e-01 -4.342977000000000309e+00 -3.658411783293965408e-02 9.980280687005887996e-01 5.100565074732844872e-02 1.290441999999999978e-01 9.993294395345446723e-01 3.661340498121691545e-02 3.603543456770497144e-04 6.573206999999999800e-01
-1.785837976008794806e-03 5.284317655307232964e-02 -9.986012264535351068e-01 -4.392223800000000011e+00 -3.689806540656175027e-02 9.979193205681906598e-01 5.287307827215844552e-02 1.309937999999999936e-01 9.993174388311136802e-01 3.694087611984222391e-02 1.676887650822189713e-04 6.571835999999999789e-01
-1.674346337809426866e-03 5.509583291513088510e-02 -9.984796671739133433e-01 -4.441435799999999823e+00 -3.571103630504431081e-02 9.978408970045395954e-01 5.512046943918085667e-02 1.326477000000000073e-01 9.993607549080365526e-01 3.574903440044002040e-02 2.967980378728585222e-04 6.571101999999999776e-01
-2.238834318213807611e-03 5.397641229768758431e-02 -9.985397010316442445e-01 -4.490798999999999985e+00 -3.953581541505864216e-02 9.977567157368416595e-01 5.402273134059265569e-02 1.346867999999999954e-01 9.992156458544682041e-01 3.959902924948388581e-02 -9.981050305141181411e-05 6.565779000000000476e-01
-3.071834548261478167e-03 5.538671145398550710e-02 -9.984602526023861335e-01 -4.540053799999999917e+00 -4.356165653937353610e-02 9.975097405493542624e-01 5.546800509037291133e-02 1.364792999999999978e-01 9.990460179151176012e-01 4.366497112644105588e-02 -6.514479820429741608e-04 6.563221000000000194e-01
-3.028439537287330036e-03 5.452128272601135250e-02 -9.985080161340118554e-01 -4.590104600000000090e+00 -4.682763411057926095e-02 9.974094693333699357e-01 5.460332561054394296e-02 1.383867000000000014e-01 9.988983938507336457e-01 4.692313090615019000e-02 -4.674915930608092296e-04 6.556610999999999967e-01
-3.186414970498969643e-03 5.079559523784640124e-02 -9.987039873075850283e-01 -4.640412800000000004e+00 -4.776662873723735298e-02 9.975613111049456139e-01 5.088987881357865534e-02 1.402932000000000068e-01 9.988534406702090918e-01 4.786687885181847152e-02 -7.523099564822333107e-04 6.552240999999999760e-01
-4.009652561660574654e-03 4.680523422965583713e-02 -9.988959869451082829e-01 -4.691118200000000016e+00 -4.812018626923669773e-02 9.977377896921915124e-01 4.694412309921612569e-02 1.421939999999999871e-01 9.988335048243769387e-01 4.825529057883132245e-02 -1.748305294798524478e-03 6.548121000000000080e-01
-4.720075596372672391e-03 4.616787559299785626e-02 -9.989225436186703888e-01 -4.742272400000000054e+00 -4.490530163367022209e-02 9.979161869149332231e-01 4.633354916633519727e-02 1.437014000000000069e-01 9.989800972850029215e-01 4.507561598458283136e-02 -2.637057461793101965e-03 6.546311000000000213e-01
-5.734582643233764217e-03 4.549111058495318438e-02 -9.989482836561940360e-01 -4.793140900000000038e+00 -4.020216471751103526e-02 9.981465980893006185e-01 4.568538797889519498e-02 1.452689000000000064e-01 9.991751100352401771e-01 4.042187007677440491e-02 -3.895113035886965669e-03 6.548036000000000412e-01
-5.959656131561017096e-03 4.700593862644632248e-02 -9.988768313624258877e-01 -4.845303099999999752e+00 -3.922774731794038960e-02 9.981147002505503796e-01 4.720412041457584806e-02 1.474077000000000026e-01 9.992125231096502525e-01 3.946500826809387630e-02 -4.104483310468531876e-03 6.542390999999999623e-01
-6.654790884181381594e-03 5.112996963628321789e-02 -9.986698353125922356e-01 -4.897456599999999938e+00 -3.862721384659918711e-02 9.979334397395948075e-01 5.134966601594942448e-02 1.490400000000000058e-01 9.992315307818986359e-01 3.891755458007621626e-02 -4.666030086687977807e-03 6.536497000000000002e-01
-7.111572262578434722e-03 5.106081623051567098e-02 -9.986702251423276167e-01 -4.949625000000000163e+00 -3.738967579254406925e-02 9.979835404217900496e-01 5.129196029903587001e-02 1.511433000000000082e-01 9.992754563602981310e-01 3.770472242389453360e-02 -5.188084700011752481e-03 6.531337000000000392e-01
-8.016418431447791537e-03 4.651382290783945272e-02 -9.988854795791305419e-01 -5.001691300000000062e+00 -3.685659689559729613e-02 9.982250896574714760e-01 4.677885893871625705e-02 1.529535999999999951e-01 9.992884109709302409e-01 3.719051837271183242e-02 -6.287848786476368801e-03 6.528456000000000259e-01
-9.525492984132872404e-03 4.194167808057341212e-02 -9.990746521773010702e-01 -5.107237800000000050e+00 -3.680302462386442902e-02 9.984283500385504606e-01 4.226543762736834770e-02 1.560002000000000055e-01 9.992771399176230140e-01 3.717156815475079062e-02 -7.966941632286062003e-03 6.512316000000000216e-01
-1.022438107960418723e-02 4.321386236593736940e-02 -9.990135254995082814e-01 -5.160425199999999712e+00 -3.851145592406857165e-02 9.983075037976233412e-01 4.357746692921274367e-02 1.575541000000000025e-01 9.992058495596127798e-01 3.891901798319079286e-02 -8.542847597640790269e-03 6.504590999999999568e-01
-1.067584841288243651e-02 4.757346811099436024e-02 -9.988106884653153994e-01 -5.214495699999999623e+00 -4.331889740634964348e-02 9.979078608363223246e-01 4.799348298022883957e-02 1.594810000000000116e-01 9.990042539389725196e-01 4.377974889109762652e-02 -8.592682867947898373e-03 6.493676999999999921e-01
-1.059228662350553477e-02 5.095215442740251566e-02 -9.986449225942582997e-01 -5.268810700000000402e+00 -4.872203288444207359e-02 9.974884374817892807e-01 5.140992707392113420e-02 1.612883999999999984e-01 9.987562099810410876e-01 4.920055944137902842e-02 -8.083190889894731335e-03 6.478863000000000261e-01
-1.074205579092695623e-02 5.083769861599606033e-02 -9.986491559285542996e-01 -5.322845499999999674e+00 -5.637527018726337658e-02 9.970875117722206582e-01 5.136460628871699491e-02 1.632752000000000092e-01 9.983518603922655332e-01 5.685087745418714728e-02 -7.844780684718277719e-03 6.467374000000000178e-01
-1.055233670635234190e-02 4.884918901634704991e-02 -9.987504217383242899e-01 -5.376887299999999925e+00 -5.978857511844234973e-02 9.969882096455647824e-01 4.939469721577136041e-02 1.653113999999999972e-01 9.981552857523432465e-01 6.023509409120694769e-02 -7.599931873464527143e-03 6.458158999999999983e-01
-1.179666118901299271e-02 4.712495215685447159e-02 -9.988193418576781779e-01 -5.485098800000000274e+00 -6.172717087741637354e-02 9.969494411145986001e-01 4.776576427484077042e-02 1.684942000000000106e-01 9.980233439956510688e-01 6.221776872810205056e-02 -8.851784805028573011e-03 6.442297000000000162e-01
-1.230775316680657316e-02 4.615415382253143517e-02 -9.988585051432016249e-01 -5.539272799999999997e+00 -5.968505962163420109e-02 9.971191460097500459e-01 4.680921190052964032e-02 1.700502000000000125e-01 9.981413791993333229e-01 6.019304565905285453e-02 -9.517582904301158386e-03 6.434332999999999858e-01
-1.288219574083117672e-02 4.694241765078679268e-02 -9.988145265553528551e-01 -5.593020000000000103e+00 -5.967755776212443214e-02 9.970806953396298411e-01 4.763062124923927998e-02 1.716204000000000063e-01 9.981345791687826763e-01 6.022039858834614401e-02 -1.004317984592062452e-02 6.426648000000000360e-01
-1.354622007955869935e-02 5.187942756360849200e-02 -9.985614777855333912e-01 -5.647325000000000372e+00 -5.948870230036967105e-02 9.968423332667597503e-01 5.259711879846803301e-02 1.735043000000000002e-01 9.981370618407945372e-01 6.011561862739555478e-02 -1.041720580920724171e-02 6.417521000000000475e-01
-1.437560622924829827e-02 5.593647013042333388e-02 -9.983308335691576385e-01 -5.701297799999999860e+00 -5.809083818662518633e-02 9.967008815114343223e-01 5.668163117893813135e-02 1.753987999999999936e-01 9.982077922278087545e-01 5.880870771984451212e-02 -1.107878296587561096e-02 6.410913000000000306e-01
-1.427386262203737995e-02 5.454007117955270850e-02 -9.984095539815193154e-01 -5.755195099999999897e+00 -5.858591803192374908e-02 9.967502380409507534e-01 5.528700727716085589e-02 1.775763999999999954e-01 9.981803179056395470e-01 5.928189943850862426e-02 -1.103219582669900944e-02 6.400177999999999701e-01
-1.349325205766538360e-02 5.319402552173317644e-02 -9.984930284171753545e-01 -5.809224099999999780e+00 -5.846211193541017703e-02 9.968337068967865200e-01 5.389566088715398717e-02 1.796638999999999875e-01 9.981984339884333313e-01 5.910123893121639604e-02 -1.034069339238863350e-02 6.390107999999999899e-01
-1.208516644587139845e-02 5.298805881051634609e-02 -9.985220149678565305e-01 -5.863404300000000013e+00 -5.786252101562439770e-02 9.968845521197571280e-01 5.360147765414208232e-02 1.813793999999999962e-01 9.982514099232174809e-01 5.842478385483620973e-02 -8.981493073184632081e-03 6.378388999999999864e-01
-1.127016361785287968e-02 5.247277649810738048e-02 -9.985587569785797646e-01 -5.917181499999999872e+00 -5.807916466994456767e-02 9.969019208300335944e-01 5.304121865710396261e-02 1.832592000000000110e-01 9.982483629053783281e-01 5.859324169192996895e-02 -8.187672731783557367e-03 6.370078000000000129e-01
-1.011748668559076664e-02 5.468578655799934823e-02 -9.984523530002317182e-01 -5.971003099999999897e+00 -5.851160223743775285e-02 9.967601999585935513e-01 5.518601437060409454e-02 1.851807000000000036e-01 9.982354576284967473e-01 5.897939069740877616e-02 -6.884955060684760930e-03 6.359968000000000288e-01
-9.772047145904469781e-03 5.815294228884717448e-02 -9.982598571502951934e-01 -6.024276699999999707e+00 -5.890994461859810211e-02 9.965401185366092873e-01 5.862943434892042144e-02 1.871684000000000125e-01 9.982154704870143114e-01 5.938036249628892566e-02 -6.312450411480430290e-03 6.356148999999999827e-01
-7.236910441394225901e-03 5.657851946968998902e-02 -9.983719238149085795e-01 -6.131964700000000157e+00 -6.268689207270056185e-02 9.964086902995793471e-01 5.692166070787688104e-02 1.914365000000000094e-01 9.980070043288921111e-01 6.299676999731791682e-02 -3.664188911095322965e-03 6.339166000000000523e-01
-7.338507527778230163e-03 5.364871959935457041e-02 -9.985329044115743846e-01 -6.184901199999999655e+00 -6.113727987599868602e-02 9.966676819772617435e-01 5.399782135823397167e-02 1.932945000000000080e-01 9.981023891949304394e-01 6.144384906092530130e-02 -4.034116501748674644e-03 6.337538000000000338e-01
-7.212410873319261354e-03 5.199383447367698918e-02 -9.986213608300786859e-01 -6.238438099999999764e+00 -5.825733687214550149e-02 9.969292958562137041e-01 5.232649199209950253e-02 1.952153000000000083e-01 9.982755450425295773e-01 5.855442118540474250e-02 -4.161241363156320539e-03 6.332927000000000417e-01
-7.508331876066483279e-03 5.175805413245537778e-02 -9.986314278976304859e-01 -6.291367100000000434e+00 -5.683213008750022388e-02 9.970233146243973055e-01 5.210200653619328354e-02 1.968364999999999976e-01 9.983555148053002704e-01 5.714555037622697647e-02 -4.544461468844240848e-03 6.328897999999999469e-01
