1.000000000000000000e+00 0.000000000000000000e+00 0.000000000000000000e+00 0.000000000000000000e+00 0.000000000000000000e+00 1.000000000000000000e+00 0.000000000000000000e+00 0.000000000000000000e+00 0.000000000000000000e+00 0.000000000000000000e+00 1.000000000000000000e+00 0.000000000000000000e+00
9.999991091467523852e-01 1.267848071655096158e-03 4.174529538889278752e-04 -3.504000000000000062e-04 -1.267751271980793910e-03 9.999991694760088645e-01 -2.320646566207903256e-04 -7.269000000000000504e-04 -4.177468299116304470e-04 2.315352233719524975e-04 9.999998859395067274e-01 3.379080000000000278e-02
9.999947080357387552e-01 3.209973257428056816e-03 5.291239968326315714e-04 -5.705000000000000435e-04 -3.209618023413211493e-03 9.999946241417553283e-01 -6.708500080155061895e-04 -1.366500000000000093e-03 -5.312745629225060088e-04 6.691481719843846848e-04 9.999996349939647144e-01 6.704069999999999474e-02
9.999944295504648029e-01 3.163837706384383351e-03 1.063484371335992728e-03 -8.367000000000000088e-04 -3.162953070507037306e-03 9.999946513356742228e-01 -8.324829831040517821e-04 -2.110200000000000010e-03 -1.066112524166942625e-03 8.291145946418521876e-04 9.999990879861214710e-01 9.966029999999999334e-02
9.999875129236693860e-01 3.812510983657672967e-03 3.230906487934540397e-03 -8.339000000000000492e-04 -3.834619842889672604e-03 9.999690860966095052e-01 6.864586059785605064e-03 -4.010599999999999582e-03 -3.204635298252312553e-03 -6.876889639304652364e-03 9.999712189365722592e-01 1.920006999999999964e-01
9.999845852650226519e-01 3.202082452539440575e-03 4.536066611911625593e-03 -7.092999999999999479e-04 -3.249005572292486526e-03 9.999408985643243319e-01 1.037513089858981344e-02 -4.483000000000000006e-03 -4.502576499269366622e-03 -1.038970867439504772e-02 9.999358883241111773e-01 2.207859000000000071e-01
9.999819952943528323e-01 2.188087903768721771e-03 5.587607578402104501e-03 -5.940999999999999667e-04 -2.259001926117803604e-03 9.999165878984822564e-01 1.271668808120288499e-02 -5.070899999999999713e-03 -5.559316272945052755e-03 -1.272908153725917785e-02 9.999035275894345709e-01 2.482301000000000091e-01
9.999595620476532387e-01 3.931755844080800366e-03 8.087988961918755534e-03 -5.331000000000000018e-04 -4.011267048226437384e-03 9.999435586025019473e-01 9.838157654393511753e-03 -5.901400000000000222e-03 -8.048851230666146869e-03 -9.870202903052467669e-03 9.999188942551886505e-01 2.998336999999999808e-01
9.999410275863891417e-01 2.138549098818811212e-03 1.064743899855872568e-02 -6.099999999999999872e-05 -2.199769075417709694e-03 9.999810987804393925e-01 5.741349830834162511e-03 -6.707399999999999647e-03 -1.063495959046972285e-02 -5.764433156618680061e-03 9.999268317956528929e-01 3.459422999999999804e-01
9.998640333157220450e-01 9.723434765526516943e-04 1.646114910266631773e-02 9.921000000000000998e-04 -9.827898801027933496e-04 9.999993207905978343e-01 6.265320379099835945e-04 -8.058499999999999691e-03 -1.646052871775916318e-02 -6.426247011791587404e-04 9.998643098079985636e-01 4.058213999999999988e-01
9.991337035533689459e-01 2.691153180618532773e-04 4.161454073607318005e-02 5.261599999999999958e-03 -2.555709989146750919e-04 9.999999126305418873e-01 -3.307905275284642936e-04 -1.090359999999999940e-02 -4.161462612103133951e-02 3.198684951245934593e-04 9.991336850376693057e-01 5.217876000000000181e-01
9.988586735713759213e-01 -1.625262431322247814e-03 4.773582253675621306e-02 6.896000000000000220e-03 1.909312965808173052e-03 9.999807397613236226e-01 -5.905474612128239556e-03 -1.172729999999999953e-02 -4.772530518739451916e-02 5.989877162782795278e-03 9.988425384495519532e-01 5.486102000000000478e-01
9.993069761566453213e-01 -1.037834084437732262e-03 3.720873963298474557e-02 8.702599999999999572e-03 1.789531519420705036e-03 9.997948712129152149e-01 -2.017456500872881822e-02 -1.325340000000000025e-02 -3.718016919815011340e-02 2.022716976651960444e-02 9.991038467655068978e-01 5.996797999999999851e-01
9.933235837736499318e-01 -2.100761020301573391e-03 -1.153422937270120463e-01 1.716999999999999993e-04 -7.926529296022827645e-04 9.996862895691847051e-01 -2.503386004453856187e-02 -1.567479999999999915e-02 1.153586998037249567e-01 2.495814998215878724e-02 9.930103026298681135e-01 6.701439999999999619e-01
9.839629955401043571e-01 -1.169441877447906231e-03 -1.783688756858659019e-01 -5.851199999999999977e-03 -2.459371968996048024e-03 9.997945078593984958e-01 -2.012196669566339302e-02 -1.617390000000000147e-02 1.783557537542950211e-01 2.023794603902632355e-02 9.837579227853053832e-01 6.911418000000000283e-01
9.411211163926985757e-01 8.794748008468772360e-03 -3.379551696412237960e-01 -2.618279999999999913e-02 -1.002236801156251855e-02 9.999479929358610075e-01 -1.887740179185463723e-03 -1.748999999999999860e-02 3.379209913858587933e-01 5.163703226448762042e-03 9.411603156475455423e-01 7.381522999999999834e-01
8.838060006999368667e-01 1.894080947033201581e-02 -4.674699978216697582e-01 -4.980829999999999980e-02 -1.224303830383307277e-02 9.997743145891864192e-01 1.736167908969171378e-02 -1.813110000000000069e-02 4.676933409188912538e-01 -9.621103072472686479e-03 8.838384316354401804e-01 7.758679000000000547e-01
7.669787165201742418e-01 3.329287271150205285e-02 -6.408082654208525630e-01 -9.371549999999999325e-02 -1.932266491410072548e-02 9.993985289014853945e-01 2.879609435607743267e-02 -1.759470000000000131e-02 6.413815424734979898e-01 -9.703868103104846751e-03 7.671607080124437372e-01 8.254224999999999479e-01
7.299038567518156828e-01 3.690835947040405074e-02 -6.825526594337086861e-01 -1.072736999999999996e-01 -2.054017811280910155e-02 9.992745559745463968e-01 3.206965645227888989e-02 -1.693089999999999873e-02 6.832411440932980584e-01 -9.388012733084196912e-03 7.301324566371532043e-01 8.377989999999999604e-01
5.175459417144566698e-01 3.803425290792730035e-02 -8.548096828070166353e-01 -1.950942999999999983e-01 -5.315788482402411530e-03 9.991352323986339989e-01 4.123748019142256527e-02 -1.403790000000000072e-02 8.556389078388773051e-01 -1.679830305308945698e-02 5.173005667953883835e-01 8.946129999999999916e-01
4.678498621016764503e-01 3.750196126479723308e-02 -8.830119531652649290e-01 -2.165990999999999889e-01 -4.104353681348295313e-03 9.991807641885467328e-01 4.026108240534805732e-02 -1.316630000000000057e-02 8.837984277041348591e-01 -1.521194849075792332e-02 4.676205040530342361e-01 9.043101999999999530e-01
4.156639407748391468e-01 3.640520075382371046e-02 -9.087893868755316795e-01 -2.389929000000000081e-01 8.298919550115448074e-04 9.991830052574056653e-01 4.040585705219225388e-02 -1.242399999999999928e-02 9.095178940619441654e-01 -1.754945477366693166e-02 4.152941331373138922e-01 9.129834999999999479e-01
3.085465276953697211e-01 3.443043906338495719e-02 -9.505859167445270819e-01 -2.881575000000000109e-01 8.203380872724052447e-03 9.992112106145764061e-01 3.885435785609702569e-02 -1.076109999999999914e-02 9.511738772639771744e-01 -1.978639552963495918e-02 3.080207034641622155e-01 9.274596999999999980e-01
2.555200627098387356e-01 4.034374095383411879e-02 -9.659616349103156141e-01 -3.150700000000000167e-01 9.159650335825454334e-03 9.989831056669863374e-01 4.414584235993503081e-02 -9.708800000000000069e-03 9.667603624262247619e-01 -2.012801922179003819e-02 2.548906912457216123e-01 9.329203000000000356e-01
2.043469535385699365e-01 4.527585360968990058e-02 -9.778509189336684893e-01 -3.430013000000000090e-01 1.141494074573907655e-02 9.987516790569690439e-01 4.862903154141848261e-02 -8.597300000000000428e-03 9.788319680656517585e-01 -2.109930474681423473e-02 2.035750417706557736e-01 9.371789999999999843e-01
1.562811904945985708e-01 4.669878952810942174e-02 -9.866080338990761422e-01 -3.719676000000000093e-01 1.720271047806036166e-02 9.986014842129594671e-01 4.999142406335725652e-02 -7.738199999999999766e-03 9.875627859785924834e-01 -2.478505162963596728e-02 1.552592830265464574e-01 9.406225999999999754e-01
7.164250547611397679e-02 4.629101387050103822e-02 -9.963556059178603208e-01 -4.336202000000000112e-01 1.938096318887601310e-02 9.986692619295195472e-01 4.779208661504684430e-02 -5.634700000000000299e-03 9.972420617257261588e-01 -2.273427614835772659e-02 7.065000363081241908e-02 9.440182000000000295e-01
3.608908719285820049e-02 4.203866398384744490e-02 -9.984639845863443330e-01 -4.657851000000000075e-01 1.670653155852107330e-02 9.989498299389214520e-01 4.266297069220514881e-02 -4.129400000000000084e-03 9.992089218921489380e-01 -1.822053773775581323e-02 3.534886724743235842e-02 9.440013999999999905e-01
7.362858990287215848e-03 4.200082039358772612e-02 -9.990904460526857100e-01 -4.993381000000000070e-01 1.454678182060523822e-02 9.990073071802640925e-01 4.210452872436863669e-02 -2.684199999999999867e-03 9.998670808893312945e-01 -1.484356044562960483e-02 6.744573162482891959e-03 9.434979999999999478e-01
-3.473789737064257588e-02 5.497515453952867004e-02 -9.978832651516018615e-01 -6.096673999999999705e-01 1.457714493897469335e-02 9.984075466010269295e-01 5.449658462276574938e-02 1.441400000000000016e-03 9.992901407157459559e-01 -1.265319222461604859e-02 -3.548395968366679920e-02 9.395814999999999584e-01
-3.879348448930639709e-02 5.220659199595819450e-02 -9.978825268103181934e-01 -6.482521999999999451e-01 1.590887252555042014e-02 9.985399459169054248e-01 5.162251624271561867e-02 2.900499999999999867e-03 9.991205999958883144e-01 -1.387256863133875043e-02 -3.956739192093738922e-02 9.381215000000000526e-01
-3.794832676115835607e-02 4.846514415608949022e-02 -9.981037292275578565e-01 -6.879840000000000400e-01 2.314565871925191795e-02 9.985978416289951198e-01 4.760912912839626587e-02 4.509400000000000214e-03 9.990116130348438706e-01 -2.129508149413512907e-02 -3.901687488354077527e-02 9.368279999999999941e-01
-3.390964315721459871e-02 4.683429299016364511e-02 -9.983269429906527215e-01 -7.283193000000000028e-01 3.490226492297034133e-02 9.983476006590106255e-01 4.564975532950352188e-02 6.289300000000000272e-03 9.988152822239941830e-01 -3.329590453056124888e-02 -3.548823378663112926e-02 9.363494999999999457e-01
-2.819138939289944981e-02 4.674945978854729012e-02 -9.985087548807854985e-01 -7.704402999999999668e-01 3.544950765740088883e-02 9.983241902834545378e-01 4.573995520037967694e-02 8.019200000000000633e-03 9.989737624036706398e-01 -3.410717086426055117e-02 -2.980139132138537317e-02 9.352260999999999491e-01
-1.993123633117429433e-02 3.901665182774350510e-02 -9.990397623210316436e-01 -8.574321000000000303e-01 3.705324512592877290e-02 9.985806267674720571e-01 3.825949385865586028e-02 1.105860000000000003e-02 9.991145093751510053e-01 -3.625510618982283328e-02 -2.134864003200098725e-02 9.334198999999999691e-01
-1.700310931307975545e-02 2.011590442449065486e-02 -9.996530621484995827e-01 -9.485019999999999563e-01 2.726368439923644582e-02 9.994351683840494438e-01 1.964779148213427126e-02 1.318859999999999998e-02 9.994836595896232634e-01 -2.692015204881566606e-02 -1.754193908900480992e-02 9.310796000000000072e-01
-2.209629972318526495e-02 2.329567203658146346e-02 -9.994843996796082264e-01 -1.043498400000000048e+00 1.219024028069501386e-02 9.996604445408205919e-01 2.303027707926708079e-02 1.502129999999999958e-02 9.996815250770826333e-01 -1.167507108384914331e-02 -2.237277664361281282e-02 9.279171000000000502e-01
-2.676326507176647607e-02 3.156254477318893442e-02 -9.991433998231380453e-01 -1.093509099999999901e+00 7.460153566422815519e-03 9.994798944029795740e-01 3.137334526272274327e-02 1.581279999999999838e-02 9.996139623632034343e-01 -6.614110042104104359e-03 -2.698480677876324840e-02 9.259408999999999557e-01
-3.300826444763158007e-02 5.109172830874515736e-02 -9.981483305484113444e-01 -1.194570899999999991e+00 4.890429794869137481e-03 9.986888401587646902e-01 5.095767104924180113e-02 1.897789999999999894e-02 9.994431140262944879e-01 -3.199350053784053710e-03 -3.321484584725142852e-02 9.217752000000000168e-01
-3.555074782862312904e-02 5.970159805306259754e-02 -9.975830108410709274e-01 -1.298381299999999960e+00 7.666068175383199124e-03 9.982009314571542724e-01 5.946538351679929446e-02 2.318699999999999928e-02 9.993384690521806002e-01 -5.533500517773595057e-03 -3.594446611738411068e-02 9.180205000000000171e-01
-4.050381147849525104e-02 5.209950307637607747e-02 -9.978201656786203078e-01 -1.402183200000000074e+00 5.965172508162541049e-03 9.986344772116095836e-01 5.189988093669548053e-02 2.753229999999999913e-02 9.991615775101956309e-01 -3.850026427180044258e-03 -4.075928512434479067e-02 9.139114000000000404e-01
-5.069041232675258746e-02 4.232292102190726713e-02 -9.978172440153142420e-01 -1.506954600000000033e+00 6.123915384130502321e-03 9.990960635802031975e-01 4.206605994041475588e-02 3.119490000000000110e-02 9.986956392007085848e-01 -3.978202447834568167e-03 -5.090377340406326834e-02 9.081972999999999852e-01
-6.426694591940658452e-02 4.293045603128546606e-02 -9.970088944473554093e-01 -1.613260899999999998e+00 5.334988833086810184e-03 9.990747409860906147e-01 4.267551777924613599e-02 3.438950000000000340e-02 9.979184824204545556e-01 -2.576406125163379496e-03 -6.443651585192444742e-02 9.013875999999999555e-01
-7.681529282891459698e-02 5.057770468871368441e-02 -9.957616715740917890e-01 -1.722045199999999943e+00 1.275231317261812242e-03 9.987166941233789341e-01 5.062942488668521757e-02 3.820180000000000103e-02 9.970445248697250573e-01 2.619287630310003501e-03 -7.678121358518719131e-02 8.927133999999999903e-01
-8.422714650819634885e-02 5.420979328245349727e-02 -9.949708971137600777e-01 -1.830630500000000049e+00 -6.147833742641127530e-03 9.984717780654261965e-01 5.492096637113216134e-02 4.239129999999999981e-02 9.964276149983799513e-01 1.074275193513495735e-02 -8.376515593909250601e-02 8.828369000000000355e-01
-8.734316555175876406e-02 5.511509340088548842e-02 -9.946524508142583487e-01 -1.939459100000000102e+00 -1.140632645947716600e-02 9.983475288879748444e-01 5.632146375915655229e-02 4.670869999999999883e-02 9.961129791083432883e-01 1.626462550093984299e-02 -8.657017274567657683e-02 8.722625999999999991e-01
-8.834705895039350609e-02 5.426021460954955078e-02 -9.946107913577759696e-01 -1.994450700000000021e+00 -1.198615673907094115e-02 9.983850273815368936e-01 5.553079458277360159e-02 4.887790000000000190e-02 9.960176349952054586e-01 1.682754322215217202e-02 -8.755400943226121502e-02 8.669006000000000212e-01
-8.940096177020963319e-02 5.349254283552432043e-02 -9.945582013615646977e-01 -2.049212900000000115e+00 -1.322476061896683819e-02 9.984049226431386259e-01 5.488821502398653213e-02 5.112699999999999884e-02 9.959079142878280999e-01 1.805985334763138966e-02 -8.855093424650872791e-02 8.616679000000000421e-01
-9.038124309629701203e-02 5.283393878154726830e-02 -9.945048043167995511e-01 -2.104105699999999857e+00 -1.538393509173823989e-02 9.983985880136124758e-01 5.443890147236761512e-02 5.304650000000000337e-02 9.957884139903724341e-01 2.021965294590090390e-02 -8.942371160540174557e-02 8.563665000000000305e-01
-9.101221484307905896e-02 4.536523263459400768e-02 -9.948159490163828167e-01 -2.214125199999999793e+00 -2.569332446481266061e-02 9.985223557381072146e-01 4.788484279150017481e-02 5.739059999999999995e-02 9.955182719705866212e-01 2.991823456071553838e-02 -8.971214752455169972e-02 8.448117000000000543e-01
-8.857920973266213138e-02 4.861665212102586620e-02 -9.948819752813296002e-01 -2.326787200000000055e+00 -2.784927355296435217e-02 9.982968068146196305e-01 5.126308092873610445e-02 6.171709999999999696e-02 9.956797384529370021e-01 3.224758347965221705e-02 -8.707440378213138210e-02 8.339526999999999912e-01
-8.514487759615854690e-02 5.144830041580225610e-02 -9.950394073620703050e-01 -2.439280999999999811e+00 -2.626030630946372957e-02 9.982031900787080581e-01 5.385896052862327449e-02 6.597329999999999861e-02 9.960224626642051327e-01 3.071585422898120282e-02 -8.364084030732632513e-02 8.237826999999999789e-01
-8.283219833306411373e-02 5.086355675351211802e-02 -9.952646509917318918e-01 -2.495659799999999873e+00 -2.605553660530637861e-02 9.982447258766872222e-01 5.318436115614429832e-02 6.802819999999999701e-02 9.962228344760629684e-01 3.033753209738562079e-02 -8.136152785388572894e-02 8.191844000000000348e-01
-7.860324191094314461e-02 5.126073194462606175e-02 -9.955871974476122599e-01 -2.552207000000000114e+00 -3.052691586829818157e-02 9.980850275746092626e-01 5.379949013662968516e-02 7.027780000000000138e-02 9.964384766600793419e-01 3.462102095393293499e-02 -7.688788681871638886e-02 8.140808999999999962e-01
-7.308921778905089206e-02 5.231345682901657190e-02 -9.959524428794696016e-01 -2.609206900000000218e+00 -3.529916226227253206e-02 9.978619663289054476e-01 5.500422981727928762e-02 7.247299999999999576e-02 9.967005244237440165e-01 3.917650301914324396e-02 -7.108632937931613771e-02 8.093761999999999901e-01
-6.708882123325382585e-02 5.187554047700689008e-02 -9.963975202527102226e-01 -2.666388800000000003e+00 -3.915778808705192016e-02 9.977411829430502532e-01 5.458204367309883037e-02 7.476820000000000688e-02 9.969783135543426322e-01 4.267856791904987152e-02 -6.490594843862163010e-02 8.048505000000000242e-01
-5.556820330649442363e-02 5.018555811558094576e-02 -9.971928522296555908e-01 -2.780701599999999996e+00 -4.033551525426267576e-02 9.978078746802087062e-01 5.246419193448081247e-02 7.928549999999999487e-02 9.976398252828828639e-01 4.313762838627716728e-02 -5.342213049613619980e-02 7.976037999999999739e-01
-5.041482879400435713e-02 4.997085190999528415e-02 -9.974774478638906983e-01 -2.838022000000000045e+00 -3.863621996865149177e-02 9.979022847605493185e-01 5.194489942438538371e-02 8.136119999999999464e-02 9.979807550971137031e-01 4.115755130064054773e-02 -4.837838801293337099e-02 7.947535000000000016e-01
-4.503665699885724127e-02 5.063992694120442867e-02 -9.977010059761173277e-01 -2.895850900000000117e+00 -3.732081841821412865e-02 9.979318943200532477e-01 5.233632401482505442e-02 8.368470000000000075e-02 9.982879624832514676e-01 3.959207115294099272e-02 -4.305359291462773630e-02 7.920152000000000303e-01
-3.928851262775115427e-02 5.249514046013930429e-02 -9.978480209949653901e-01 -2.953713899999999892e+00 -3.654300532422425501e-02 9.978755337737371667e-01 5.393540449141914772e-02 8.565889999999999616e-02 9.985594732099698501e-01 3.858340736442965324e-02 -3.728671531226257496e-02 7.893531999999999771e-01
-3.374866699009946430e-02 5.366885242152510949e-02 -9.979883174447224947e-01 -3.012201300000000082e+00 -3.736758117962117598e-02 9.977911849932348254e-01 5.492189933515236044e-02 8.801480000000000414e-02 9.987315411827023537e-01 3.914595035955502345e-02 -3.166864722831497225e-02 7.870627999999999513e-01
-2.839248436624490501e-02 5.285418739841210578e-02 -9.981985282026646367e-01 -3.070776500000000020e+00 -3.709623766374503528e-02 9.978575041049680960e-01 5.389128549773646026e-02 9.036020000000000163e-02 9.989082720564022022e-01 3.855951731877788058e-02 -2.637096208778488826e-02 7.851504000000000261e-01
-1.941909045168297224e-02 4.292424368628288550e-02 -9.988895876071539615e-01 -3.186834800000000190e+00 -3.712257117000728607e-02 9.983581223295914242e-01 4.362309352006356333e-02 9.453630000000000366e-02 9.991220213946629958e-01 3.792847060577413110e-02 -1.779374838952796356e-02 7.826878999999999920e-01
-1.600486399818857111e-02 4.205545007563671334e-02 -9.989870787189065737e-01 -3.245828899999999795e+00 -3.719893228725451584e-02 9.983983221516596895e-01 4.262663206774667396e-02 9.665920000000000067e-02 9.991797054409619072e-01 3.784348614605192312e-02 -1.441481152238333063e-02 7.818032999999999788e-01
-1.293810032306236257e-02 4.432774644640897349e-02 -9.989332592596030791e-01 -3.304591400000000068e+00 -3.697434615753437265e-02 9.983124416532274115e-01 4.477908626350056431e-02 9.843530000000000335e-02 9.992324570820613205e-01 3.751426042659082583e-02 -1.127727708237791227e-02 7.809120999999999979e-01
-1.046428215859423333e-02 4.380154112157758073e-02 -9.989854472384871453e-01 -3.363773600000000030e+00 -3.651464919542514453e-02 9.983570933535884651e-01 4.415647794728899678e-02 1.002408999999999939e-01 9.992783291921427669e-01 3.693966900161842204e-02 -8.847692411612539942e-03 7.797798999999999703e-01
-9.806018024587675325e-03 4.365088462349633880e-02 -9.989987198600843721e-01 -3.422743099999999927e+00 -3.822785362808409082e-02 9.983000644850259508e-01 4.399559587257407395e-02 1.019019000000000036e-01 9.992209331361562308e-01 3.862099844358363870e-02 -8.120668798163754865e-03 7.790692000000000172e-01
-9.152843195141636273e-03 4.465829676021471073e-02 -9.989603906021107260e-01 -3.482155800000000134e+00 -3.942661826308144213e-02 9.982092992561708567e-01 4.498596059707453410e-02 1.035728999999999955e-01 9.991805478659911977e-01 3.979737942353599178e-02 -7.375727573379564639e-03 7.783693999999999891e-01
-8.121519501619562514e-03 4.447396287130672698e-02 -9.989775310523787422e-01 -3.541318200000000083e+00 -4.013197077252247946e-02 9.981911140477059963e-01 4.476521817340924081e-02 1.052020000000000038e-01 9.991613812807709216e-01 4.045449867099033814e-02 -6.322000820992323966e-03 7.775606000000000462e-01
-6.597101555236776008e-03 4.229643043403145258e-02 -9.990833249652447678e-01 -3.600979300000000105e+00 -4.094343354815611208e-02 9.982558215091213993e-01 4.253175369576200210e-02 1.070587999999999956e-01 9.991396866806750987e-01 4.118648802323860575e-02 -4.853833943802010609e-03 7.765672999999999604e-01
-6.386178175275937161e-03 4.169306147236334636e-02 -9.991100566771285996e-01 -3.660319100000000159e+00 -3.953044476884806646e-02 9.983389193237190984e-01 4.191355508574472893e-02 1.083136999999999989e-01 9.991979586972196126e-01 3.976293234421270778e-02 -4.727424954336201246e-03 7.762297999999999698e-01
-5.942356986485704089e-03 4.125232198441142889e-02 -9.991310896595800850e-01 -3.720085099999999922e+00 -3.583972633254935841e-02 9.984980195309043349e-01 4.143934132282754701e-02 1.100305000000000033e-01 9.993398833279162341e-01 3.605483218316624106e-02 -4.454959751848064364e-03 7.758367000000000457e-01
-5.928032935451877164e-03 4.170620270941909763e-02 -9.991123315629116819e-01 -3.779588899999999807e+00 -3.398061444364274680e-02 9.985444600749796562e-01 4.188411507481062945e-02 1.116803999999999991e-01 9.994049110683563830e-01 3.419874133836396657e-02 -4.502202052660275733e-03 7.755294000000000354e-01
-5.999308788522222415e-03 4.519269551747034236e-02 -9.989602737676436250e-01 -3.840075500000000197e+00 -3.316299285045323092e-02 9.984197586590649598e-01 4.536740486710103687e-02 1.128490999999999939e-01 9.994319507596608476e-01 3.340068548757480632e-02 -4.491103394418938244e-03 7.752303999999999862e-01
-5.785536384251879424e-03 4.879558257768296797e-02 -9.987920297487613563e-01 -3.899719000000000158e+00 -3.580681054479129682e-02 9.981581102714784937e-01 4.897202484970818170e-02 1.146966999999999987e-01 9.993419834507881738e-01 3.604688641443994090e-02 -4.027665883429953908e-03 7.743345000000000367e-01
-5.199860610228082200e-03 4.858228248570393287e-02 -9.988056484011862413e-01 -3.959516999999999953e+00 -3.806323332064306258e-02 9.980857046746114403e-01 4.874542433257324225e-02 1.166346000000000049e-01 9.992618033922906484e-01 3.827124184898630932e-02 -3.340707787866548095e-03 7.735980000000000079e-01
-4.896425282764444928e-03 4.633708646553792027e-02 -9.989138598684752512e-01 -4.019080200000000325e+00 -3.904188359416656956e-02 9.981553520020689518e-01 4.649327472920593285e-02 1.187109999999999971e-01 9.992255783079564413e-01 3.922712948344721229e-02 -3.078305965789174259e-03 7.728977000000000208e-01
-4.477002478103471635e-03 4.429441294250819477e-02 -9.990084891685803159e-01 -4.078428699999999907e+00 -3.870796644900833389e-02 9.982621113716879657e-01 4.443478742069165155e-02 1.202441999999999955e-01 9.992405364986917116e-01 3.886852173440835667e-02 -2.754675296350761471e-03 7.724360000000000115e-01
-4.990080156104792324e-03 4.375625754741284401e-02 -9.990297738433427943e-01 -4.137931799999999605e+00 -3.637719218199199356e-02 9.983730177567389230e-01 4.390919384658150543e-02 1.217870000000000064e-01 9.993256721354607519e-01 3.656100847551565364e-02 -3.390231594331383214e-03 7.724609000000000059e-01
-4.774920519681933977e-03 4.547606930372249945e-02 -9.989540165867064614e-01 -4.196374900000000352e+00 -3.508169890662882207e-02 9.983428573859540744e-01 4.561593480652405969e-02 1.231778000000000040e-01 9.993730407289639350e-01 3.526281649459447193e-02 -3.171630024639937595e-03 7.717348000000000541e-01
-4.549753615244352123e-03 4.822816128557232823e-02 -9.988259829425009118e-01 -4.256475000000000009e+00 -3.483455285725763767e-02 9.982224637951555568e-01 4.835769537482326186e-02 1.249553999999999943e-01 9.993827363274169207e-01 3.501367209736935826e-02 -2.861659829959561918e-03 7.714973000000000525e-01
-3.858679080828673891e-03 5.049995943719912117e-02 -9.987166087998097241e-01 -4.315344800000000092e+00 -3.449734870886336791e-02 9.981228616057925551e-01 5.060322195199504214e-02 1.267564999999999942e-01 9.993973401644663523e-01 3.464833670906922181e-02 -2.109321095686622627e-03 7.709298999999999458e-01
-3.773856066621557141e-03 5.111173309637102175e-02 -9.986858108285477931e-01 -4.373797399999999946e+00 -3.606886780552435307e-02 9.980361131135189190e-01 5.121478005895356567e-02 1.283717000000000052e-01 9.993421810299093488e-01 3.621474369845395502e-02 -1.922902295816597551e-03 7.704396000000000022e-01
-3.509738080155682532e-03 4.901713632759474581e-02 -9.987917711339291404e-01 -4.431933899999999760e+00 -3.613437068903251059e-02 9.981394237177443340e-01 4.911209703644198871e-02 1.301641000000000048e-01 9.993407772094144992e-01 3.626308269647379040e-02 -1.732004570550671474e-03 7.701036999999999466e-01
-3.175415115733906841e-03 4.758712149799616126e-02 -9.988620438310679139e-01 -4.489702699999999602e+00 -3.455255881782024613e-02 9.982654110477023890e-01 4.766854083043347429e-02 1.319550999999999918e-01 9.993978374090991545e-01 3.466460692545903638e-02 -1.525650261224975601e-03 7.697133000000000447e-01
-3.060215404703773776e-03 4.888277366800738294e-02 -9.987998345615598517e-01 -4.547139200000000159e+00 -3.377276673454732842e-02 9.982296733007423040e-01 4.895834524355420492e-02 1.334152000000000116e-01 9.994248522569222359e-01 3.388205690945514381e-02 -1.403891311240079709e-03 7.692463000000000495e-01
-2.651725070445442624e-03 5.188019068269109080e-02 -9.986497955584220376e-01 -4.605079700000000109e+00 -3.156175099320629451e-02 9.981514358645251495e-01 5.193810697194998355e-02 1.350892999999999955e-01 9.994982862558562386e-01 3.165686175720030388e-02 -1.009393526775870242e-03 7.689926999999999735e-01
-2.947394534835743717e-03 5.450122423836592511e-02 -9.985093536977884821e-01 -4.662426499999999585e+00 -3.019476613143205410e-02 9.980535482384783608e-01 5.456547394508315385e-02 1.369252999999999998e-01 9.995396885385412489e-01 3.031058239464856294e-02 -1.296005853797299601e-03 7.691814000000000151e-01
-2.610127067726794071e-03 5.631093317508173435e-02 -9.984098687621443258e-01 -4.720269700000000235e+00 -3.073852887325882743e-02 9.979369581581857274e-01 5.636461997295298676e-02 1.390544999999999976e-01 9.995240517763435140e-01 3.083676939854525234e-02 -8.738270210911780467e-04 7.690348000000000184e-01
-2.292026234307124443e-03 5.823111094416337508e-02 -9.983004980134739803e-01 -4.777958899999999787e+00 -3.321914003139962712e-02 9.977477122545604926e-01 5.827513557568955727e-02 1.410833999999999977e-01 9.994454639205261337e-01 3.329625217647284863e-02 -3.524765030692433854e-04 7.684843000000000091e-01
-1.962416239283094888e-03 5.740020843670015638e-02 -9.983493201249383775e-01 -4.835333799999999904e+00 -3.519968315768784439e-02 9.977285959653905412e-01 5.743371047154136738e-02 1.433992000000000044e-01 9.993783724036165994e-01 3.525428859520255559e-02 6.251035103743696197e-05 7.680097999999999647e-01
-2.179803208951320345e-03 5.365072554768163943e-02 -9.985573834818795014e-01 -4.892541900000000332e+00 -3.738048908425854050e-02 9.978574927917375215e-01 5.369472148367347708e-02 1.453682000000000030e-01 9.992987278555856001e-01 3.744360729944404276e-02 -1.696426041658538608e-04 7.677348000000000505e-01
-1.556677177720411538e-03 5.166594275746569376e-02 -9.986632100538934687e-01 -4.949651199999999918e+00 -3.856188682401517909e-02 9.979185240450576533e-01 5.168752511298555646e-02 1.475085999999999897e-01 9.992550013088432603e-01 3.859079847212216335e-02 4.388992456640927742e-04 7.671103999999999701e-01
-1.534910950081148744e-03 5.012056664069808321e-02 -9.987419951358763592e-01 -5.006638500000000214e+00 -3.859186355709047500e-02 9.979961938051767900e-01 5.014244925779860057e-02 1.492892000000000108e-01 9.992538777085463453e-01 3.862027899944973225e-02 4.024107831910317401e-04 7.667036999999999880e-01
-1.369380551928205516e-03 5.045715595438689249e-02 -9.987252876591734552e-01 -5.064241899999999852e+00 -3.705295382832153595e-02 9.980378408276537883e-01 5.047322942581494720e-02 1.513637999999999928e-01 9.993123652839988047e-01 3.707483902958121080e-02 5.028930605684989175e-04 7.666853000000000140e-01
-1.636603270110329432e-03 5.259043416425585038e-02 -9.986148245265296097e-01 -5.121682599999999752e+00 -3.743162922539694515e-02 9.979130991035902731e-01 5.261482463147219152e-02 1.534174000000000093e-01 9.992978508249024117e-01 3.746588944471002797e-02 3.353577911602290129e-04 7.665332999999999730e-01
-1.663017950313982161e-03 5.497656533695429587e-02 -9.984862601133021043e-01 -5.179017100000000262e+00 -3.637910532101636812e-02 9.978233753222575109e-01 5.500065778279000089e-02 1.552389999999999881e-01 9.993366775353237363e-01 3.641550389942140725e-02 3.406000761769778507e-04 7.665075999999999556e-01
-2.160707713301548028e-03 5.378661360942869896e-02 -9.985501146855914056e-01 -5.236282300000000056e+00 -4.011574310738071081e-02 9.977439845456339551e-01 5.382999589396608719e-02 1.576472999999999902e-01 9.991927033846476069e-01 4.017389076790781055e-02 1.856850863846126742e-06 7.658199999999999452e-01
-2.733633456215674249e-03 5.512331051809150895e-02 -9.984758123688591835e-01 -5.293962999999999752e+00 -4.423104118623684411e-02 9.974956873021044723e-01 5.519029633263015933e-02 1.597663000000000000e-01 9.990175885557314173e-01 4.431449482086162461e-02 -2.886261653924915294e-04 7.653526999999999969e-01
-2.835429696086722972e-03 5.438531694986284415e-02 -9.985159976879199872e-01 -5.352508499999999891e+00 -4.743816285182383963e-02 9.973885300575586754e-01 5.445861561650355842e-02 1.619292999999999982e-01 9.988701522438655500e-01 4.752217808439766766e-02 -2.480855344458854361e-04 7.647563000000000555e-01
-3.038609653003439357e-03 5.073976159361331256e-02 -9.987072861678740754e-01 -5.410899599999999587e+00 -4.841129889491547350e-02 9.975334179397807866e-01 5.082741615197410717e-02 1.640477999999999936e-01 9.988228636703726515e-01 4.850316161655943842e-02 -5.747369085801201649e-04 7.642018999999999895e-01
-4.453060124725811281e-03 4.559090369780447599e-02 -9.989502689100907551e-01 -5.530653000000000041e+00 -4.496592315044351668e-02 9.979405974506343480e-01 4.574526986584852989e-02 1.686277999999999944e-01 9.989785963726919293e-01 4.512242746006047550e-02 -2.393852409317775987e-03 7.633822999999999581e-01
-5.426347100569666078e-03 4.661968667018924484e-02 -9.988979725537123766e-01 -5.651174100000000422e+00 -3.952102198042069248e-02 9.981222468845870610e-01 4.679817406359395443e-02 1.723127000000000131e-01 9.992040049853516681e-01 3.973141186563488442e-02 -3.573700098783438861e-03 7.627306999999999837e-01
-6.048946025130835270e-03 5.085474663388378502e-02 -9.986877414871923042e-01 -5.712696099999999610e+00 -3.887665591560512945e-02 9.979390209257587019e-01 5.105209240136693305e-02 1.741806999999999939e-01 9.992257081744869707e-01 3.913445104433621591e-02 -4.059416787391079140e-03 7.622096000000000426e-01
-6.902980989898730227e-03 5.084492003648088954e-02 -9.986827038453893746e-01 -5.773217700000000008e+00 -3.752534220660486142e-02 9.979898813764415122e-01 5.106902547056595132e-02 1.764590000000000047e-01 9.992718336597559148e-01 3.782843872961159926e-02 -4.981132155416512219e-03 7.619873999999999814e-01
-7.585181965283164032e-03 4.610155138971448047e-02 -9.989079597110113173e-01 -5.834487900000000060e+00 -3.711354643836018569e-02 9.982354660534245028e-01 4.635233525799992843e-02 1.789010000000000045e-01 9.992822672725267807e-01 3.742460784782996458e-02 -5.860805585831907472e-03 7.614005999999999830e-01
-9.052096435329053115e-03 4.120694290758979139e-02 -9.991096273214147283e-01 -5.956876799999999861e+00 -3.658440204492052761e-02 9.984679966499051540e-01 4.151194036588450736e-02 1.825710999999999862e-01 9.992895681818864118e-01 3.692759838028696756e-02 -7.530697226891369667e-03 7.594944999999999613e-01
-9.655411246269502215e-03 4.264806443846487494e-02 -9.990435003708887374e-01 -6.019000499999999754e+00 -3.869548966986477434e-02 9.983257976075707862e-01 4.299140507609808953e-02 1.843325000000000102e-01 9.992043995664124933e-01 3.907357714441194591e-02 -7.988958396742740220e-03 7.585393000000000274e-01
-9.955305414210947890e-03 4.724411938596004973e-02 -9.988337624838053985e-01 -6.082146200000000391e+00 -4.393977570779048630e-02 9.978977587464376020e-01 4.763779171608960999e-02 1.864017000000000035e-01 9.989845784619794111e-01 4.436278025869912905e-02 -7.858480951146273874e-03 7.572598000000000384e-01
-1.027618401963129383e-02 5.054893170595027574e-02 -9.986687166149653683e-01 -6.144640400000000113e+00 -4.923969296821824326e-02 9.974842837065920342e-01 5.099565074339851983e-02 1.884386999999999868e-01 9.987341251195888114e-01 4.969818167432544370e-02 -7.761318178986620353e-03 7.558519999999999683e-01
-1.028368691186973272e-02 4.837864366037287339e-02 -9.987761273784436789e-01 -6.270961299999999738e+00 -6.015261747911519047e-02 9.969901350973473519e-01 4.891148258828579426e-02 1.931947999999999999e-01 9.981362173540793137e-01 6.058198871080085895e-02 -7.342632357303036095e-03 7.533625999999999934e-01
-1.086723900622711854e-02 4.724390119652275427e-02 -9.988242672843483660e-01 -6.334839800000000132e+00 -6.266299999959569489e-02 9.968877815753577343e-01 4.783408174944574209e-02 1.952598000000000111e-01 9.979755766287232710e-01 6.310914945944988419e-02 -7.872973204108291156e-03 7.523260000000000502e-01
-1.133296412664404167e-02 4.666237371874532025e-02 -9.988464280373816617e-01 -6.397877199999999931e+00 -6.220816029593588536e-02 9.969427348736970007e-01 4.727925734557010540e-02 1.970233000000000123e-01 9.979988520618143788e-01 6.267221283380414176e-02 -8.395535826557387615e-03 7.512765000000000137e-01
-1.188487228398593144e-02 4.556236577623972578e-02 -9.988907951501332372e-01 -6.461042400000000185e+00 -6.016133676109363532e-02 9.971190590450250690e-01 4.619735542519752547e-02 1.989275000000000071e-01 9.981179105546155172e-01 6.064365518367013930e-02 -9.109539837581892563e-03 7.506099999999999994e-01
-1.254227111258582675e-02 4.631330647330250683e-02 -9.988482212422709061e-01 -6.523850900000000230e+00 -6.003800398237878200e-02 9.970896583922780332e-01 4.698564892583848018e-02 2.007251999999999925e-01 9.981172924627397247e-01 6.055816023196405884e-02 -9.725210340630230377e-03 7.497605000000000519e-01
-1.318034068715028331e-02 5.146570910835531615e-02 -9.985877825235719429e-01 -6.587221099999999829e+00 -6.001362862975029994e-02 9.968334492232886479e-01 5.216741212952581697e-02 2.026457999999999871e-01 9.981105364628012344e-01 6.061646059920963725e-02 -1.004996051551443337e-02 7.486677999999999944e-01
-1.389163846373866161e-02 5.532089084874820817e-02 -9.983719854926286219e-01 -6.650434500000000249e+00 -5.863797468766281107e-02 9.967048765163482038e-01 5.604442035617990953e-02 2.050261999999999918e-01 9.981826537790173814e-01 5.932106003968627000e-02 -1.060195880232250865e-02 7.477814999999999879e-01
-1.390800635240613259e-02 5.414606783280347807e-02 -9.984361625549964536e-01 -6.713443299999999780e+00 -5.889267973520765503e-02 9.967549140435096877e-01 5.487525493081249484e-02 2.073904000000000025e-01 9.981674306612633440e-01 5.956378655156877033e-02 -1.067406664451109322e-02 7.466629999999999656e-01
-1.297751933632509264e-02 5.273426267171295312e-02 -9.985242518498714803e-01 -6.776363800000000381e+00 -5.897618533651280415e-02 9.968294976739520141e-01 5.341125471517911560e-02 2.098694000000000115e-01 9.981750315225422776e-01 5.958229693094445334e-02 -9.826308432171693141e-03 7.454098000000000113e-01
-1.157332062258900965e-02 5.225946332466083200e-02 -9.985664758756850334e-01 -6.839381699999999675e+00 -5.827855144870312809e-02 9.969005610382316585e-01 5.284772315530541359e-02 2.119041000000000119e-01 9.982332736844666821e-01 5.880663138352145575e-02 -8.491843999686499167e-03 7.440580999999999445e-01
-1.058215818303016864e-02 5.171786672562336123e-02 -9.986056680139262509e-01 -6.902144400000000068e+00 -5.844666555453718187e-02 9.969222241345108149e-01 5.225003648090827124e-02 2.140807000000000127e-01 9.982344440129008456e-01 5.891808965038521084e-02 -7.526851812262980168e-03 7.429968999999999602e-01
-9.466127249144373063e-03 5.375765733620258002e-02 -9.985091420275662433e-01 -6.965120299999999709e+00 -5.869453623887042892e-02 9.968023393712694968e-01 5.422220614903271868e-02 2.164729999999999988e-01 9.982311074348499957e-01 5.912030532471648087e-02 -6.280577020096766994e-03 7.419590000000000352e-01
-9.103588393121524180e-03 5.731631833926928432e-02 -9.983145618142612587e-01 -7.027454399999999879e+00 -5.917787922476795692e-02 9.965752413235557938e-01 5.775609917017590633e-02 2.187518999999999991e-01 9.982059423229394657e-01 5.960392632140906755e-02 -5.680552635495828007e-03 7.415492999999999668e-01
-7.741321451662898714e-03 5.819156179672525797e-02 -9.982754199507467563e-01 -7.089784100000000144e+00 -6.066310246607858891e-02 9.964393133677941217e-01 5.855495516443505466e-02 2.212644000000000000e-01 9.981282782996242497e-01 6.101177682035538452e-02 -4.183676355918430900e-03 7.407245999999999553e-01
-7.031458768488554889e-03 5.578279337180833131e-02 -9.984181681796587826e-01 -7.151576999999999629e+00 -6.282680397610691803e-02 9.964456301970674446e-01 5.611504934789678795e-02 2.234248000000000067e-01 9.979996749948042423e-01 6.312199319418859700e-02 -3.501811739361038178e-03 7.399232000000000031e-01
-7.040422384471587552e-03 5.305671710110168582e-02 -9.985666814104611211e-01 -7.213375100000000373e+00 -6.143685154909971080e-02 9.966820198717306623e-01 5.338974186246892017e-02 2.254304000000000030e-01 9.980861414348870531e-01 6.172467930140136672e-02 -3.757424750682303305e-03 7.394560000000000022e-01
-7.133055634302246269e-03 5.149487585076934631e-02 -9.986477843956959033e-01 -7.275316199999999789e+00 -5.844604621062492872e-02 9.969444718683718731e-01 5.182450861743589932e-02 2.275713000000000041e-01 9.982650846341686313e-01 5.873668165811757325e-02 -4.101588488562679657e-03 7.392471999999999932e-01
-7.156430273336622516e-03 5.117526340017800046e-02 -9.986640465750558082e-01 -7.337246900000000238e+00 -5.702540861129930250e-02 9.970435114036380053e-01 5.150086543562114316e-02 2.294913000000000092e-01 9.983470780637648812e-01 5.731778767386271067e-02 -4.216982062656859931e-03 7.385631999999999753e-01
-7.387075386739704388e-03 5.113170727652294190e-02 -9.986645981650789095e-01 -7.399010200000000204e+00 -5.499306351928967551e-02 9.971597080576020122e-01 5.146143790491504444e-02 2.319344999999999879e-01 9.984594103327354420e-01 5.529977520267173596e-02 -4.554204709933284967e-03 7.381240000000000023e-01
-7.351649812548682016e-03 4.955151582603523758e-02 -9.987445121373011991e-01 -7.523402199999999596e+00 -5.209406589861118736e-02 9.973963015891520456e-01 4.986808472793425456e-02 2.363765999999999923e-01 9.986151218278164210e-01 5.239527512689912819e-02 -4.751168402797101287e-03 7.369189999999999907e-01
-7.551083975748587931e-03 5.187613976158507445e-02 -9.986249782847551604e-01 -7.585391000000000439e+00 -4.940334994987367889e-02 9.974145799560552028e-01 5.218682501183875139e-02 2.386408999999999891e-01 9.987503642775412693e-01 4.972948636897885771e-02 -4.968706165194070046e-03 7.364062999999999581e-01
