1.000000000000000000e+00 0.000000000000000000e+00 0.000000000000000000e+00 0.000000000000000000e+00 0.000000000000000000e+00 1.000000000000000000e+00 0.000000000000000000e+00 0.000000000000000000e+00 0.000000000000000000e+00 0.000000000000000000e+00 1.000000000000000000e+00 0.000000000000000000e+00
9.999989517753549162e-01 1.390047303796040782e-03 4.052365785376419003e-04 -3.958000000000000255e-04 -1.389952034790126146e-03 9.999990063374383231e-01 -2.352816971066100393e-04 -7.722999999999999613e-04 -4.055632285579207513e-04 2.347181910716268345e-04 9.999998902129131340e-01 3.471699999999999786e-02
9.999943644021631606e-01 3.333913320815028603e-03 3.952035969641768255e-04 -5.873999999999999664e-04 -3.333676630960359741e-03 9.999942644460139141e-01 -5.980595254139531910e-04 -1.446900000000000096e-03 -3.971952088710288520e-04 5.967386739953145069e-04 9.999997430694275158e-01 6.897730000000000528e-02
9.999941258801027244e-01 3.285571558009498568e-03 9.763323339502383421e-04 -9.037999999999999593e-04 -3.284818023993997440e-03 9.999943066646472811e-01 -7.724045834455585489e-04 -2.201100000000000105e-03 -9.788645658934903501e-04 7.691929722004582984e-04 9.999992250828663165e-01 1.025351000000000040e-01
9.999873312366762690e-01 3.935796736314841650e-03 3.137972307118618888e-03 -9.491000000000000304e-04 -3.957331350643150496e-03 9.999684595856793701e-01 6.886171826551815665e-03 -4.129800000000000311e-03 -3.110770761571279679e-03 -6.898502583459148983e-03 9.999713664737480689e-01 1.975581999999999894e-01
9.999842009987551794e-01 3.358210445875159638e-03 4.507790532225503487e-03 -8.260000000000000198e-04 -3.404074740916177792e-03 9.999421269722368333e-01 1.020563478658471392e-02 -4.538099999999999773e-03 -4.473256983391785645e-03 -1.022081840363610501e-02 9.999377604846815260e-01 2.272689999999999988e-01
9.999823140705620395e-01 2.331715726416295435e-03 5.471256515191362524e-03 -6.499000000000000219e-04 -2.401765692163560558e-03 9.999147843082462073e-01 1.283182151346297026e-02 -5.305400000000000046e-03 -5.440870118261149566e-03 -1.284473524696433389e-02 9.999027001207625442e-01 2.555781999999999776e-01
9.999262622480831197e-01 -1.588700361992449002e-03 1.203935620112493374e-02 8.203999999999999921e-04 1.545636742444225211e-03 9.999923780545847407e-01 3.585364667208546397e-03 -7.264200000000000171e-03 -1.204496050795380441e-02 -3.566491819178352080e-03 9.999210964183451456e-01 3.778212000000000237e-01
9.998975811641873657e-01 -2.925120339033625630e-03 1.400966998217578578e-02 1.096600000000000092e-03 2.892726961843750458e-03 9.999930971118471401e-01 2.331921821189320357e-03 -7.695600000000000357e-03 -1.401639442693903594e-02 -2.291156838387215476e-03 9.998991405574916280e-01 3.981299999999999839e-01
9.990861404076114560e-01 1.034068977894847963e-03 4.272955355221357693e-02 6.153200000000000162e-03 -9.770709154186536620e-04 9.999986049387373788e-01 -1.354788915460612263e-03 -1.170369999999999917e-02 -4.273089488705771738e-02 1.311801024609864953e-03 9.990857569799617144e-01 5.435151000000000288e-01
9.989378878090657832e-01 -1.161109629379607688e-03 4.606243723459359923e-02 7.043200000000000328e-03 1.364213436939810909e-03 9.999894854200770400e-01 -4.378124140299187797e-03 -1.213919999999999930e-02 -4.605686942531792699e-02 4.436313077089982723e-03 9.989289683981645851e-01 5.571346000000000354e-01
9.997358239662350599e-01 -1.701847941855030204e-03 2.292129996609633055e-02 9.134700000000000805e-03 2.194069787424045986e-03 9.997671621152084409e-01 -2.146642992838886793e-02 -1.406489999999999997e-02 -2.287943041950294895e-02 2.151104994381539126e-02 9.995067815647844522e-01 6.273478000000000110e-01
9.960316909040488609e-01 -3.414776558868538696e-03 -8.893373946863100676e-02 2.664800000000000155e-03 1.023212762720567817e-03 9.996369801464318749e-01 -2.692324199208508129e-02 -1.547800000000000044e-02 8.899339161119515507e-02 2.672540410873462668e-02 9.956736056684245550e-01 6.787687999999999500e-01
9.838478662367345917e-01 -1.516484061744626357e-03 -1.790002133448865551e-01 -5.556300000000000128e-03 -2.148284035645010685e-03 9.997920736424550370e-01 -2.027792783846348035e-02 -1.650460000000000121e-02 1.789937456368982105e-01 2.033493933628064548e-02 9.836400404950295107e-01 7.104049999999999532e-01
9.409222612915052464e-01 8.537878214788218942e-03 -3.385149964797271593e-01 -2.612559999999999882e-02 -9.893282959118456302e-03 9.999484639258235941e-01 -2.278693633808968021e-03 -1.771000000000000005e-02 3.384780955370244593e-01 5.493098212793020262e-03 9.409582374971025009e-01 7.583484000000000336e-01
8.834219883319043287e-01 1.858710268049058867e-02 -4.682094725073911445e-01 -5.018600000000000144e-02 -1.200398466860785190e-02 9.997827408222405010e-01 1.704040803632416931e-02 -1.843449999999999950e-02 4.684244815162636466e-01 -9.433491819760768393e-03 8.834531760927152311e-01 7.972114999999999618e-01
8.308232777817042836e-01 2.657062779254048060e-02 -5.559016845043511790e-01 -7.095880000000000243e-02 -1.567416538103042975e-02 9.995805753198375720e-01 2.435146777651238381e-02 -1.833840000000000123e-02 5.563155594046180763e-01 -1.151847133836296500e-02 8.308912824084473403e-01 8.232568000000000108e-01
6.506073747035711063e-01 3.778585541366254186e-02 -7.584736469462765029e-01 -1.433313999999999977e-01 -1.621168341362638765e-02 9.992248352735666472e-01 3.587352635872149281e-02 -1.637680000000000038e-02 7.592412168094033742e-01 -1.104344616373548714e-02 6.507156191414228408e-01 8.863026999999999989e-01
5.635970537605159425e-01 3.655231885085457461e-02 -8.252407460729819233e-01 -1.808098999999999956e-01 -6.770373618696480869e-03 9.991913555854435858e-01 3.963328101970498007e-02 -1.517259999999999963e-02 8.260221080779434066e-01 -1.675001223728238980e-02 5.633887770061819511e-01 9.099313999999999458e-01
4.672857813363758273e-01 3.741366664891999233e-02 -8.833143359578946585e-01 -2.238729999999999887e-01 -4.006528561296428259e-03 9.991835436546012694e-01 4.020191312264705108e-02 -1.352440000000000066e-02 8.840972493395397036e-01 -1.524675826911533506e-02 4.670541618191008659e-01 9.306408000000000458e-01
4.149617795629671479e-01 3.621160909654473625e-02 -9.091179466211051219e-01 -2.471181000000000072e-01 7.513029903952091193e-04 9.991936866966960595e-01 4.014239665592178596e-02 -1.265100000000000079e-02 9.098385335023749798e-01 -1.734058338418219269e-02 4.145999844695416048e-01 9.397995999999999572e-01
2.546515296248653137e-01 4.004769356841315908e-02 -9.662032812506727852e-01 -3.259111000000000091e-01 9.039540871179575082e-03 9.989998823756423008e-01 4.378951603170558315e-02 -9.848900000000000710e-03 9.669906334399286374e-01 -1.988510128973965119e-02 2.540348353792096781e-01 9.605489000000000388e-01
2.035802595472545606e-01 4.522455641517418579e-02 -9.780131990007717713e-01 -3.548830000000000040e-01 1.177717447076536902e-02 9.987471913064319695e-01 4.863482311059144636e-02 -8.883099999999999677e-03 9.789874238641463888e-01 -2.141932199123247615e-02 2.027925949369904224e-01 9.648970999999999520e-01
1.554048265007058338e-01 4.657176724404848978e-02 -9.867524564935482578e-01 -3.848939000000000110e-01 1.736461436541938616e-02 9.986049558386392855e-01 4.986594371361651595e-02 -7.964399999999999952e-03 9.876982383644440366e-01 -2.488398421224927853e-02 1.543793291263397816e-01 9.684673999999999783e-01
7.073290150793354325e-02 4.614320341670467840e-02 -9.964274491515744403e-01 -4.493653000000000231e-01 1.953299497956638431e-02 9.986738617679449259e-01 4.763381077163485883e-02 -5.726900000000000046e-03 9.973040252357338042e-01 -2.283249000753743291e-02 6.973778494230009617e-02 9.719910000000000494e-01
3.515616591857698842e-02 4.189513167225493440e-02 -9.985033009159608453e-01 -4.830446999999999935e-01 1.682580053921861260e-02 9.989544992473344820e-01 4.250648032619817884e-02 -4.229600000000000026e-03 9.992401795535045261e-01 -1.829498225392588856e-02 3.441449099156657088e-02 9.718974999999999698e-01
6.454690254121438209e-03 4.197845620813656087e-02 -9.990976659907201407e-01 -5.182383000000000406e-01 1.470107355897926245e-02 9.990065199618032299e-01 4.206960315977367748e-02 -2.773999999999999990e-03 9.998710993972855787e-01 -1.495935453784421124e-02 5.831149275593028314e-03 9.712391000000000219e-01
-1.470413241389701038e-02 4.606929228357403705e-02 -9.988300199725905770e-01 -5.548691000000000040e-01 1.342205728624477554e-02 9.988571072818047680e-01 4.587295075346678463e-02 -1.336600000000000071e-03 9.998017987922205307e-01 -1.273183180519798022e-02 -1.530567184820064153e-02 9.700341999999999576e-01
-2.763992515974575404e-02 5.213696748022267347e-02 -9.982573671950186744e-01 -5.925456000000000056e-01 1.505835633188590261e-02 9.985473037849077471e-01 5.173517187052860400e-02 1.244999999999999904e-04 9.995045174694040524e-01 -1.360215886752487446e-02 -2.838486977946186318e-02 9.685848000000000235e-01
-3.569915490906572231e-02 5.465098294444681315e-02 -9.978671456671894813e-01 -6.316644000000000148e-01 1.489348189622352950e-02 9.984218145831763591e-01 5.414853979050769650e-02 1.679600000000000060e-03 9.992515972145279424e-01 -1.292865915874948091e-02 -3.645675844848927927e-02 9.671539999999999582e-01
-3.875982941836753071e-02 4.824700684595860378e-02 -9.980831137504856398e-01 -7.134238999999999997e-01 2.333864335802953230e-02 9.986049168981230295e-01 4.736589145259979122e-02 4.806099999999999782e-03 9.989759673534021056e-01 -2.145801196054252652e-02 -3.983177592118458676e-02 9.640265999999999558e-01
-3.455677689499944694e-02 4.658447520767559913e-02 -9.983164407342264290e-01 -7.550976999999999828e-01 3.508627816264731081e-02 9.983538257305956121e-01 4.537170631326015169e-02 6.687099999999999642e-03 9.987866550246464747e-01 -3.345930840153230057e-02 -3.613436627323884931e-02 9.631798999999999777e-01
-2.899472259083736222e-02 4.650359633680520993e-02 -9.984972316384375102e-01 -7.988163999999999820e-01 3.563576393648432844e-02 9.983303001559105105e-01 4.546101757850250225e-02 8.473100000000000770e-03 9.989441417769779896e-01 -3.426408204451460160e-02 -3.060350128830391370e-02 9.620900000000000007e-01
-1.883757469221582562e-02 2.848136640106776335e-02 -9.994168087177859316e-01 -9.361616999999999855e-01 3.556089005857520496e-02 9.989808091619190034e-01 2.779866947246918685e-02 1.233989999999999913e-02 9.991899563536241757e-01 -3.501649174497341310e-02 -1.983119834798419134e-02 9.593475000000000197e-01
-1.776666263136987903e-02 2.001838039636978650e-02 -9.996417408978327535e-01 -9.843606000000000300e-01 2.779724655504915709e-02 9.994229756792812891e-01 1.951995820509602048e-02 1.354960000000000019e-02 9.994556812499998388e-01 -2.744048342644724026e-02 -1.831286669044418502e-02 9.575747999999999482e-01
-1.933667458614836410e-02 1.718105410996302249e-02 -9.996653962179645747e-01 -1.032918199999999898e+00 2.245084177677568807e-02 9.996076921169508855e-01 1.674579243085452460e-02 1.443879999999999990e-02 9.995609299684856675e-01 -2.211952170128468273e-02 -1.971481778365724580e-02 9.560560999999999643e-01
-3.219544243383477139e-02 4.129596890947638543e-02 -9.986281071741958115e-01 -1.186713099999999965e+00 6.411122335322590876e-03 9.991340496091738466e-01 4.111019851538717795e-02 1.740380000000000052e-02 9.994610302542521474e-01 -5.078765932839741926e-03 -3.243231628651066512e-02 9.496854999999999603e-01
-3.400451967595219394e-02 5.111285464859269267e-02 -9.981138055007952037e-01 -1.240339000000000080e+00 5.142001467320640729e-03 9.986870989328715531e-01 5.096703097056877463e-02 1.947219999999999854e-02 9.994084512663066189e-01 -3.399193244974497291e-03 -3.422269747938444517e-02 9.477617999999999876e-01
-3.483118039023348073e-02 5.874668924913126200e-02 -9.976650817658644366e-01 -1.294077399999999933e+00 7.120081567634637537e-03 9.982600740970442033e-01 5.853314362166182894e-02 2.159849999999999964e-02 9.993678468467420695e-01 -5.064678275060283119e-03 -3.518885793652426486e-02 9.457434000000000118e-01
-3.834930170857023257e-02 5.696896875063606203e-02 -9.976391470155698826e-01 -1.402003499999999958e+00 7.115577886130420443e-03 9.983638119697895164e-01 5.673682666925598805e-02 2.605820000000000011e-02 9.992390602902847530e-01 -4.922961368915845792e-03 -3.869192217438544024e-02 9.413375000000000492e-01
-4.594023914323487612e-02 4.703264037692249377e-02 -9.978363719401281973e-01 -1.511142100000000044e+00 6.520143209908693671e-03 9.988838513273688990e-01 4.678182649197420995e-02 3.029569999999999833e-02 9.989229110196566896e-01 -4.356867748506743077e-03 -4.619562255709241949e-02 9.362344999999999695e-01
-5.850953338632248341e-02 4.040998647321771692e-02 -9.974686298306072452e-01 -1.621651500000000024e+00 5.842406805215388799e-03 9.991771253458795465e-01 4.013649795718202823e-02 3.402899999999999675e-02 9.982697535163713720e-01 -3.479249743675395801e-03 -5.869747895424426432e-02 9.297214999999999785e-01
-6.527587842569705645e-02 4.298804982670961089e-02 -9.969408644788566587e-01 -1.677519699999999947e+00 6.120187980755628643e-03 9.990700849876188450e-01 4.267913520576819414e-02 3.551490000000000202e-02 9.978484869933079704e-01 -3.315547455302020330e-03 -6.547827235226821863e-02 9.260108000000000228e-01
-7.154336125875948582e-02 4.794453225865730195e-02 -9.962845322930078407e-01 -1.733957200000000087e+00 4.999630746617082094e-03 9.988487692500083170e-01 4.770890755551995127e-02 3.726709999999999745e-02 9.974249601610118976e-01 -1.567799171525822988e-03 -7.170070329893318828e-02 9.215959000000000234e-01
-7.767245889730278741e-02 5.084145838253256722e-02 -9.956817439515420753e-01 -1.790343599999999924e+00 2.138822816644656705e-03 9.987050813116735704e-01 5.082898778455446215e-02 3.915930000000000105e-02 9.969766369207485601e-01 1.818425632407208448e-03 -7.768062024992850034e-02 9.167397999999999936e-01
-8.508853981990478765e-02 5.428958686121040933e-02 -9.948932511328819617e-01 -1.903768200000000022e+00 -5.681697048822719615e-03 9.984717975423105241e-01 5.497079070990795735e-02 4.382040000000000241e-02 9.963571943384371687e-01 1.033006636310698778e-02 -8.465005031877970154e-02 9.064567999999999515e-01
-8.811574412159883796e-02 5.499031183670345657e-02 -9.945912131333149997e-01 -2.017568799999999829e+00 -1.092292960550582392e-02 9.983616652120490542e-01 5.616649396088146257e-02 4.866360000000000130e-02 9.960503527667314838e-01 1.581300221737418771e-02 -8.737072572746107380e-02 8.953691999999999762e-01
-9.031609373638622984e-02 5.335787436508841741e-02 -9.944827502050702650e-01 -2.132581000000000060e+00 -1.290906170307810560e-02 9.984171185472494603e-01 5.474133280943879049e-02 5.336849999999999927e-02 9.958294830633137584e-01 1.778186253031604352e-02 -8.948433397420196833e-02 8.843655999999999739e-01
-9.200890688445441390e-02 5.021984048077166030e-02 -9.944909897409899280e-01 -2.247186199999999801e+00 -1.979836445794808109e-02 9.984377158723296564e-01 5.225085921241352793e-02 5.762479999999999686e-02 9.955613420672371205e-01 2.449683950494531415e-02 -9.087089212476617828e-02 8.726570000000000160e-01
-9.141595800816175454e-02 4.469900147593247608e-02 -9.948090881613940173e-01 -2.363216200000000100e+00 -2.668698597274163711e-02 9.985233043535761688e-01 4.731823583467819477e-02 6.202799999999999980e-02 9.954551358052960985e-01 3.087409804140226616e-02 -9.008808283557367957e-02 8.609196999999999544e-01
-8.771301997109481885e-02 5.206883525566335935e-02 -9.947840280797981549e-01 -2.480377199999999949e+00 -2.723533212311753104e-02 9.981343063720878872e-01 5.464561398003049686e-02 6.608490000000000197e-02 9.957733993292317010e-01 3.188640522588914727e-02 -8.613126232719792164e-02 8.496882999999999520e-01
-8.638547823497441658e-02 5.179386655791874683e-02 -9.949145413235729318e-01 -2.539230799999999899e+00 -2.521984348400116774e-02 9.982139814115986720e-01 5.415539501330351307e-02 6.843130000000000046e-02 9.959425227616087728e-01 2.976982870936548814e-02 -8.492495895705687303e-02 8.447105000000000308e-01
-8.406406669033866796e-02 5.099837581029492695e-02 -9.951544595469560273e-01 -2.598114499999999882e+00 -2.512471640045213853e-02 9.982634834854734462e-01 5.328007287199212905e-02 7.072970000000000645e-02 9.961435545729736551e-01 2.948191316993974131e-02 -8.263676832113531212e-02 8.397459000000000451e-01
-7.979564033273033041e-02 5.161373374534967279e-02 -9.954740972384731323e-01 -2.656945700000000077e+00 -2.979113346765661224e-02 9.980889933726132535e-01 5.413732238627733812e-02 7.294829999999999370e-02 9.963659689845901779e-01 3.397622400013879801e-02 -7.810551870444615297e-02 8.342551999999999746e-01
-7.409011731140446866e-02 5.264263830011041423e-02 -9.958611384874831440e-01 -2.716360799999999909e+00 -3.462018952879718225e-02 9.978680539700025554e-01 5.532440097380306870e-02 7.534670000000000256e-02 9.966504387164902834e-01 3.857589271713265239e-02 -7.210966306469468456e-02 8.290258999999999823e-01
-6.809982124734038911e-02 5.218946260588308572e-02 -9.963125384832757225e-01 -2.775790699999999944e+00 -3.823087333005728561e-02 9.977608694427441138e-01 5.487848151398116991e-02 7.767280000000000018e-02 9.969457430926221830e-01 4.182711323732955788e-02 -6.595208812259256703e-02 8.243125000000000036e-01
-6.225112789123645601e-02 5.113622742077058442e-02 -9.967496593033979835e-01 -2.835484300000000069e+00 -3.961413225246341457e-02 9.977730327610258021e-01 5.366279549883153088e-02 8.027689999999999826e-02 9.972740433813331862e-01 4.282594237184170205e-02 -6.008677939289497338e-02 8.202323999999999726e-01
-5.639850336335647946e-02 5.046069243182372405e-02 -9.971323519662143031e-01 -2.894953999999999805e+00 -3.977613479910723643e-02 9.978155244391090362e-01 5.274503093893353339e-02 8.252929999999999988e-02 9.976156914958869137e-01 4.263681164916876404e-02 -5.426817090686386624e-02 8.163669999999999538e-01
-5.118907365367895979e-02 5.021065427571171080e-02 -9.974259716568859568e-01 -2.955114399999999808e+00 -3.786989926823276786e-02 9.979194457579990685e-01 5.217902363461522641e-02 8.466269999999999352e-02 9.979707157366352055e-01 4.044341695817484095e-02 -4.918109958973149176e-02 8.133470000000000422e-01
-4.568235410121356671e-02 5.092669747946575870e-02 -9.976570523018446490e-01 -3.015268799999999860e+00 -3.671889859731401057e-02 9.979391769445385973e-01 5.262244392896528455e-02 8.691490000000000327e-02 9.982809449296179416e-01 3.903678525560090595e-02 -4.371823861200940797e-02 8.102527000000000479e-01
-4.005589494214596008e-02 5.267272674243628217e-02 -9.978081524711553962e-01 -3.076100100000000115e+00 -3.552080144758211488e-02 9.979033334672734457e-01 5.410369413843182929e-02 8.907320000000000515e-02 9.985658706088974546e-01 3.761011715509766928e-02 -3.810093361946154111e-02 8.076995999999999620e-01
-3.457925934423917991e-02 5.402701147345231880e-02 -9.979405577760889212e-01 -3.137177499999999952e+00 -3.669422455290066720e-02 9.977958095785071091e-01 5.529065266419540270e-02 9.149359999999999438e-02 9.987280954832828961e-01 3.853056473527019521e-02 -3.252056078108134241e-02 8.053261999999999921e-01
-2.924041412957267480e-02 5.304365502390017556e-02 -9.981639989717303596e-01 -3.198262000000000160e+00 -3.632040876054896256e-02 9.978751689331097907e-01 5.409228349944423392e-02 9.403640000000000609e-02 9.989123215222632801e-01 3.783540522345543028e-02 -2.725171595659980905e-02 8.033964000000000105e-01
-2.443823035193104856e-02 4.850868708493794035e-02 -9.985237504308854817e-01 -3.259262099999999940e+00 -3.639918635170004413e-02 9.981165959501775431e-01 4.937975416873088136e-02 9.624630000000000685e-02 9.990384737987820785e-01 3.755220587562941442e-02 -2.262652654903474225e-02 8.017754000000000270e-01
-2.023813091484456123e-02 4.339197700238520139e-02 -9.988531195270393681e-01 -3.320306099999999816e+00 -3.628107841500706476e-02 9.983678400887495696e-01 4.410599988175144953e-02 9.819959999999999800e-02 9.991366780406560899e-01 3.713209135437194747e-02 -1.863079132868095122e-02 8.004984000000000544e-01
-1.387199787206735112e-02 4.539334924323115000e-02 -9.988728705493603588e-01 -3.443025800000000025e+00 -3.586989576374065986e-02 9.983034085799242785e-01 4.586561888389832642e-02 1.017191999999999957e-01 9.992601854636937730e-01 3.646571351539247552e-02 -1.222020805377654895e-02 7.987298000000000453e-01
-1.129735626709475575e-02 4.505574629021023847e-02 -9.989205921731750815e-01 -3.504906699999999820e+00 -3.509285649224876125e-02 9.983510826363795054e-01 4.542694378871867111e-02 1.035564999999999958e-01 9.993201995179467056e-01 3.556818135639182310e-02 -9.697593021469441688e-03 7.973436000000000412e-01
-9.794518042921140921e-03 4.548279233100645247e-02 -9.989171051784432320e-01 -3.629473899999999809e+00 -3.820591944596532508e-02 9.982185742678807427e-01 4.582560098774361018e-02 1.077349999999999974e-01 9.992218848361934525e-01 3.861338612934665099e-02 -8.039357936469815336e-03 7.958302999999999905e-01
-8.922468885182043355e-03 4.519008468260703876e-02 -9.989385595697923836e-01 -3.691339699999999890e+00 -3.876085228577266090e-02 9.982119188040041724e-01 4.550342281311022669e-02 1.095831000000000027e-01 9.992086798457433527e-01 3.912571282426650227e-02 -7.154908589182551459e-03 7.949384000000000450e-01
-7.958585658180326872e-03 4.309241963357905714e-02 -9.990393907571638588e-01 -3.753837799999999891e+00 -3.940315256182923276e-02 9.982815835303685548e-01 4.337362738218877856e-02 1.114329000000000014e-01 9.991916995664599233e-01 3.971049425810860289e-02 -6.246932308430097613e-03 7.942721000000000364e-01
-7.598000136174416948e-03 4.232630269160821829e-02 -9.990749493878771093e-01 -3.816690400000000150e+00 -3.785681528622370645e-02 9.983753883769646009e-01 4.258456785655787696e-02 1.129570000000000018e-01 9.992542879219060703e-01 3.814535336844322028e-02 -5.983317314096403550e-03 7.938840999999999815e-01
-7.480253369211853874e-03 4.178032387782008167e-02 -9.990988191095998561e-01 -3.879397899999999844e+00 -3.422357932940515296e-02 9.985307562642323775e-01 4.201280057630107229e-02 1.148951000000000000e-01 9.993862078433023433e-01 3.450700408677329772e-02 -6.039390825166357502e-03 7.935683999999999516e-01
-7.059246786734881159e-03 4.270945128838288252e-02 -9.990625955391629898e-01 -3.942033499999999968e+00 -3.240257672777770159e-02 9.985530714969647059e-01 4.291662178431689817e-02 1.164340999999999987e-01 9.994499687609201821e-01 3.267516143223892638e-02 -5.665136288976135859e-03 7.928992000000000262e-01
-7.463953219693651026e-03 4.601190552035416825e-02 -9.989130061985980191e-01 -4.005878000000000050e+00 -3.158210765765469275e-02 9.984316469139309369e-01 4.622571704836839213e-02 1.178437999999999986e-01 9.994732912280521742e-01 3.189280469199141932e-02 -5.999094151949657672e-03 7.927902999999999478e-01
-7.278319183564955878e-03 4.990367937019393740e-02 -9.987275148183205609e-01 -4.068684099999999582e+00 -3.421756783079478448e-02 9.981566463807133305e-01 5.012451832938193130e-02 1.195603999999999972e-01 9.993879047304938812e-01 3.453884872610070433e-02 -5.557320133699805709e-03 7.917769999999999531e-01
-6.619936143124740234e-03 4.982912132103445996e-02 -9.987358184794590255e-01 -4.131311400000000411e+00 -3.630947230615497873e-02 9.980871095127078485e-01 5.003742644677607737e-02 1.215471999999999941e-01 9.993186672259803949e-01 3.659481511008889215e-02 -4.798003829603936232e-03 7.907764000000000459e-01
-6.575552616922802907e-03 4.808986168409856016e-02 -9.988213690700588065e-01 -4.193702199999999713e+00 -3.747491607025763699e-02 9.981294635204404075e-01 4.830325783966298026e-02 1.234675999999999968e-01 9.992759342510503240e-01 3.774836758857376406e-02 -4.761089275437724311e-03 7.901631000000000071e-01
-6.226316581969759678e-03 4.579409368214323872e-02 -9.989314961325687081e-01 -4.256286099999999628e+00 -3.669522197296914978e-02 9.982675802771554530e-01 4.599237819408059924e-02 1.253576000000000135e-01 9.993071067825823883e-01 3.694237609336881167e-02 -4.535105555605323246e-03 7.896081000000000349e-01
-6.952072075891312444e-03 4.525492329291352922e-02 -9.989512803994020640e-01 -4.318982100000000379e+00 -3.442201442557904500e-02 9.983725567848605875e-01 4.546826125711826705e-02 1.271276000000000073e-01 9.993832065913141882e-01 3.470201401378379680e-02 -5.382992350943083260e-03 7.896847999999999645e-01
-6.858125807022334881e-03 4.702222702645203478e-02 -9.988703000269295584e-01 -4.380816000000000265e+00 -3.286115432819093629e-02 9.983436920076805832e-01 4.722305755340455713e-02 1.286663999999999863e-01 9.994363964988638438e-01 3.314789275272479740e-02 -5.301561979264346469e-03 7.888635000000000508e-01
-6.582703253778104079e-03 4.986438110793293271e-02 -9.987343047650838468e-01 -4.444177200000000383e+00 -3.266939850593254119e-02 9.982120737786062126e-01 5.005363287389920368e-02 1.306287999999999894e-01 9.994445349388494382e-01 3.295753721589844698e-02 -4.941894528356249872e-03 7.885109000000000146e-01
-6.098003161822510530e-03 5.205680018945760268e-02 -9.986255073407013239e-01 -4.506711499999999759e+00 -3.222736809384037227e-02 9.981150928938734568e-01 5.222698615848386794e-02 1.327077000000000118e-01 9.994619608085053564e-01 3.250155213969378731e-02 -4.408855330836458641e-03 7.879376000000000158e-01
-5.849703089864659485e-03 5.273956617108267741e-02 -9.985911671619404073e-01 -4.568876699999999680e+00 -3.361176601749395199e-02 9.980336150932854755e-01 5.290701587703683373e-02 1.344534000000000007e-01 9.994178456276162636e-01 3.387390299203475730e-02 -4.065530363993374863e-03 7.872249000000000052e-01
-5.701767972717417844e-03 5.038853396216161351e-02 -9.987134150932032162e-01 -4.631036299999999883e+00 -3.341238028755219580e-02 9.981623915504693745e-01 5.055148798767015311e-02 1.367038999999999893e-01 9.994253862522727294e-01 3.365762527855540448e-02 -4.007689496837496534e-03 7.867659000000000180e-01
-5.270894198516321363e-03 4.892447338521521694e-02 -9.987885730114895999e-01 -4.692195400000000127e+00 -3.197332467084916530e-02 9.982835229044582093e-01 4.906846652338416048e-02 1.386911999999999867e-01 9.994748241871032057e-01 3.219322601795868155e-02 -3.697568757455749200e-03 7.861536000000000080e-01
-5.369786935059300478e-03 5.028460957955241395e-02 -9.987204931449558121e-01 -4.753508100000000347e+00 -3.125181208403912669e-02 9.982386002372689582e-01 5.042837730684864017e-02 1.402829999999999910e-01 9.994971183699008499e-01 3.148261481786363003e-02 -3.788843424326504561e-03 7.856522000000000228e-01
-4.852729236721531336e-03 5.319905062092811221e-02 -9.985721366190760673e-01 -4.815443499999999766e+00 -2.889482227322870064e-02 9.981594737401615625e-01 5.331748520478384740e-02 1.422525000000000039e-01 9.995706779736754921e-01 2.911229973388818754e-02 -3.306620548333194520e-03 7.850892000000000426e-01
-5.002338990429451397e-03 5.593774009681529158e-02 -9.984217274466167247e-01 -4.876886800000000299e+00 -2.783491012633201520e-02 9.980395615136624654e-01 5.605578856706446012e-02 1.442315000000000125e-01 9.996000171983212557e-01 2.807138910844202140e-02 -3.435510244285899795e-03 7.850141999999999953e-01
-4.676899417641456128e-03 5.761205937403612171e-02 -9.983280909733631692e-01 -4.938565699999999836e+00 -2.841870413205913742e-02 9.979281211967192533e-01 5.772211170981524087e-02 1.466823999999999906e-01 9.995851658899763681e-01 2.864115115473611292e-02 -3.029949379083629601e-03 7.846836000000000366e-01
-4.414917773245943811e-03 5.962682535338757750e-02 -9.982109747940722810e-01 -5.000417699999999854e+00 -3.106922382725764431e-02 9.977306089153494817e-01 5.973554523211058870e-02 1.489388000000000101e-01 9.995074846302188787e-01 3.127736772304185592e-02 -2.552339415198723316e-03 7.839785000000000226e-01
-4.091795281133258667e-03 5.879186196354120597e-02 -9.982618765525594906e-01 -5.061749899999999691e+00 -3.305553294829256805e-02 9.977167340891759384e-01 5.889524819484943940e-02 1.514526999999999957e-01 9.994451405419317869e-01 3.323906565005232960e-02 -2.139056294226504562e-03 7.834396999999999611e-01
-4.138823042456901517e-03 5.498650333155037651e-02 -9.984785198466675782e-01 -5.122921899999999695e+00 -3.532056589598633889e-02 9.978560009675355724e-01 5.509862936466600886e-02 1.536937999999999915e-01 9.993674638333039928e-01 3.549486983279342284e-02 -2.187794995546443744e-03 7.828325999999999896e-01
-3.688057015484434275e-03 5.318987002752180449e-02 -9.985776063791463875e-01 -5.183661500000000366e+00 -3.645395693912280299e-02 9.979135119799303899e-01 5.328913239453061945e-02 1.559214999999999907e-01 9.993285281922711372e-01 3.659863842189446659e-02 -1.741380697123484644e-03 7.820350000000000357e-01
-3.540278856672638211e-03 5.172454586648110586e-02 -9.986551145318003364e-01 -5.244584999999999830e+00 -3.662947038631321484e-02 9.979844710034123656e-01 5.181966359652964010e-02 1.579685999999999868e-01 9.993226447573551052e-01 3.676366400327350098e-02 -1.638500600919190475e-03 7.813451000000000146e-01
-3.437145652393005894e-03 5.205558730067223749e-02 -9.986382737811256849e-01 -5.306341200000000313e+00 -3.512242838011382651e-02 9.980217349221999212e-01 5.214433476002763163e-02 1.602934000000000025e-01 9.993771065290859568e-01 3.525382892203544200e-02 -1.602027430428920596e-03 7.812993000000000299e-01
-3.851370526567885876e-03 5.401928134219973615e-02 -9.985324652650707788e-01 -5.367757300000000065e+00 -3.523586453508101984e-02 9.979124617456777147e-01 5.412164579118555058e-02 1.627297000000000049e-01 9.993716029563443071e-01 3.539259719141003152e-02 -1.939914563605982245e-03 7.810300000000000020e-01
-3.671395915381162837e-03 5.635107941936780968e-02 -9.984042651653208811e-01 -5.429413799999999846e+00 -3.438600778480457171e-02 9.978134380427794436e-01 5.644417888384831161e-02 1.648143999999999998e-01 9.994018827882282796e-01 3.453836576215803256e-02 -1.725679525146128768e-03 7.806058000000000163e-01
-4.309667777223395550e-03 5.510883989039830344e-02 -9.984710524244481133e-01 -5.491024999999999601e+00 -3.802959360233006125e-02 9.977489920000951473e-01 5.523313292975150224e-02 1.675309000000000104e-01 9.992673199770379933e-01 3.820948480061497898e-02 -2.204199895652236840e-03 7.799772999999999845e-01
-4.998861823222778417e-03 5.653305820261912001e-02 -9.983882134273879272e-01 -5.552900300000000122e+00 -4.202167129775805782e-02 9.975069022585429934e-01 5.669355420070925494e-02 1.698696000000000095e-01 9.991041940267367805e-01 4.223734457591835773e-02 -2.610785582853991649e-03 7.793529000000000151e-01
-5.006547878569692772e-03 5.568717708129656413e-02 -9.984357128964570505e-01 -5.615616799999999742e+00 -4.522477123065524879e-02 9.974140159818623008e-01 5.585696724732077539e-02 1.723362999999999978e-01 9.989642909260946224e-01 4.543367728513384579e-02 -2.475161181787033371e-03 7.785132999999999637e-01
-5.216545696875012073e-03 5.200244580352308271e-02 -9.986333327510371616e-01 -5.678260299999999816e+00 -4.620995893128491266e-02 9.975675503956255019e-01 5.218833292260083301e-02 1.747504000000000002e-01 9.989181284502554048e-01 4.641904811737208869e-02 -2.800825827451225436e-03 7.778414000000000161e-01
-6.186479549564641127e-03 4.797937695864608332e-02 -9.988291680049411481e-01 -5.741390199999999666e+00 -4.648359370254108447e-02 9.977547415986853796e-01 4.821567311401606798e-02 1.771582999999999908e-01 9.988998963796521524e-01 4.672745449947717650e-02 -3.942335439734656610e-03 7.772803999999999824e-01
-6.855684255237964354e-03 4.715624533396901852e-02 -9.988639988103461542e-01 -5.805653099999999789e+00 -4.291389638981012167e-02 9.979533549673911264e-01 4.740779267138385544e-02 1.792777999999999872e-01 9.990552522708827654e-01 4.319015901025140269e-02 -4.817994876717413000e-03 7.768909000000000509e-01
-7.874489094045629065e-03 4.662373244295328623e-02 -9.988814844587899922e-01 -5.868946099999999610e+00 -3.827307650373350245e-02 9.981664714541814698e-01 4.689207693894657802e-02 1.810176000000000007e-01 9.992362903920409822e-01 3.859951862130703293e-02 -6.075617314829195870e-03 7.769800000000000040e-01
-8.095763539484582619e-03 4.837290508578585835e-02 -9.987965361705427592e-01 -5.934037700000000193e+00 -3.766635752517417945e-02 9.981056726130012047e-01 4.864475108923951158e-02 1.835441999999999907e-01 9.992575764653969239e-01 3.801484382856078897e-02 -6.258396375400598899e-03 7.760987000000000302e-01
-9.346282774690357897e-03 5.237932165149011138e-02 -9.985835236281567218e-01 -6.065351999999999855e+00 -3.538069552742188068e-02 9.979845310132721137e-01 5.267904936703977914e-02 1.884718999999999978e-01 9.993302023767177689e-01 3.582293289987412144e-02 -7.474228800332549660e-03 7.747697999999999530e-01
-1.024786472839362729e-02 4.769717007530209496e-02 -9.988092717007167609e-01 -6.130691999999999808e+00 -3.498358936657529339e-02 9.982331405178335171e-01 4.802859197326166119e-02 1.911034000000000066e-01 9.993353439879625322e-01 3.543412393034320318e-02 -8.561139979564202918e-03 7.741708000000000478e-01
-1.082252997142746018e-02 4.417506200720843629e-02 -9.989651829476724476e-01 -6.197084399999999604e+00 -3.541689704110537879e-02 9.983799207301574663e-01 4.453287871701447354e-02 1.933072999999999875e-01 9.993140228421679705e-01 3.586220544673555943e-02 -9.240452992079761785e-03 7.728146000000000182e-01
-1.171798821829979527e-02 4.281278297204301614e-02 -9.990143914710660766e-01 -6.263192199999999765e+00 -3.469740430552328142e-02 9.984639104280260691e-01 4.319617699789665005e-02 1.953255000000000130e-01 9.993291644331083745e-01 3.516937854104484201e-02 -1.021449589856759932e-02 7.718840000000000146e-01
-1.235728097484634948e-02 4.424702071697961953e-02 -9.989441920170413214e-01 -6.329671399999999615e+00 -3.665141085966779760e-02 9.983290951892783704e-01 4.467316622484519828e-02 1.972449000000000008e-01 9.992517058724014190e-01 3.716475287457191023e-02 -1.071491739900376494e-02 7.709141000000000465e-01
-1.318282191821779081e-02 5.210992343688990863e-02 -9.985543395758060825e-01 -6.465210400000000135e+00 -4.681385971907903870e-02 9.975138837001022996e-01 5.267365910719684630e-02 2.019526000000000099e-01 9.988166376990699202e-01 4.744057024257047894e-02 -1.071058124402179956e-02 7.677595000000000391e-01
-1.313784475891789649e-02 5.185079794098877704e-02 -9.985684211850350822e-01 -6.533247900000000108e+00 -5.449613297574323889e-02 9.971332051946156794e-01 5.249326232005897125e-02 2.047912000000000066e-01 9.984275479601817382e-01 5.510776579752772047e-02 -1.027451327431860850e-02 7.659854999999999858e-01
-1.351845332158603356e-02 4.864786894118449528e-02 -9.987245046894932532e-01 -6.669059299999999801e+00 -6.053287081932822583e-02 9.969439994928247506e-01 4.938049640922038963e-02 2.097633999999999888e-01 9.980746580142003666e-01 6.112320936217144340e-02 -1.053234575512673743e-02 7.630869000000000124e-01
-1.428810872088647280e-02 4.805930126243135314e-02 -9.987422858332110076e-01 -6.736763500000000349e+00 -6.012094011733370991e-02 9.969957776115959680e-01 4.883535588133822158e-02 2.117716000000000043e-01 9.980888349784243774e-01 6.074309003348318803e-02 -1.135581369149973874e-02 7.621805000000000385e-01
-1.499143412074956279e-02 4.694812621684955889e-02 -9.987848268509739169e-01 -6.804342700000000299e+00 -5.818315848433595894e-02 9.971635339064467418e-01 4.774522715406642748e-02 2.138950000000000018e-01 9.981933565055368662e-01 5.882822529988067373e-02 -1.221732115795470808e-02 7.612856999999999541e-01
-1.564901538631748371e-02 4.782714300038581196e-02 -9.987330337531944435e-01 -6.871903399999999884e+00 -5.799334092691204451e-02 9.971304155688930360e-01 4.865908708084859535e-02 2.158177000000000012e-01 9.981943101047879852e-01 5.868133212383053188e-02 -1.283045340582122940e-02 7.602915000000000090e-01
-1.638506973667626376e-02 5.287805244080677480e-02 -9.984665447874514488e-01 -6.939957599999999616e+00 -5.773214054763455005e-02 9.968845634641341213e-01 5.374166981691966966e-02 2.180739999999999901e-01 9.981976404688164273e-01 5.852417190349584047e-02 -1.328125993637807589e-02 7.590643999999999725e-01
-1.717196059482071699e-02 5.674862365231603256e-02 -9.982408113691295659e-01 -7.008060000000000400e+00 -5.637239749053010729e-02 9.967449791388329761e-01 5.763331816490321891e-02 2.207712000000000008e-01 9.982621281860289963e-01 5.726290487824631237e-02 -1.391700953528862694e-02 7.579238999999999837e-01
-1.726929406347721060e-02 5.564030306102800416e-02 -9.983015216645848566e-01 -7.075584899999999955e+00 -5.673431087110529514e-02 9.967872130554780163e-01 5.653733155247019082e-02 2.233479999999999910e-01 9.982399458309255680e-01 5.761430867735996275e-02 -1.405709725014203659e-02 7.566534999999999789e-01
-1.644755982854022996e-02 5.399407513123340163e-02 -9.984057880573454780e-01 -7.143306299999999887e+00 -5.654832736925592684e-02 9.968923936687159593e-01 5.484379743596640849e-02 2.263180999999999943e-01 9.982643760284276579e-01 5.736022398997913524e-02 -1.334317265096174321e-02 7.551811000000000496e-01
-1.524896739657048868e-02 5.384387623609801499e-02 -9.984329251307820785e-01 -7.211144899999999858e+00 -5.578886085854725674e-02 9.969476983430595185e-01 5.461583811113550346e-02 2.283530000000000004e-01 9.983261350868480877e-01 5.653427067140662232e-02 -1.219853442869878180e-02 7.535950999999999622e-01
-1.434196248818329564e-02 5.321813010970473379e-02 -9.984799140391428240e-01 -7.278751899999999608e+00 -5.604971250011900330e-02 9.969697147895877354e-01 5.394272444938355560e-02 2.308650999999999898e-01 9.983249660509555534e-01 5.673815664960095428e-02 -1.131564135892415557e-02 7.523062000000000360e-01
-1.317458057316321651e-02 5.546948197374498846e-02 -9.983734606830684255e-01 -7.346583800000000330e+00 -5.646692738695462122e-02 9.968254934739029238e-01 5.612861722852569707e-02 2.334052000000000071e-01 9.983175429382168398e-01 5.711455269959082176e-02 -1.000056657035164331e-02 7.507451000000000541e-01
-1.264232660543721312e-02 5.889352505613919958e-02 -9.981842136021102929e-01 -7.413925200000000437e+00 -5.691046046350411308e-02 9.966034538676709076e-01 5.952104862030885984e-02 2.360827000000000064e-01 9.982992392403359228e-01 5.755960776005288743e-02 -9.247728730638060668e-03 7.499390999999999696e-01
-1.134970046372158967e-02 5.993993057598031443e-02 -9.981374599833083838e-01 -7.481151599999999569e+00 -5.833961462111974389e-02 9.964616983056339139e-01 6.050267081469089259e-02 2.387837999999999905e-01 9.982322744057332553e-01 5.891764194533143095e-02 -7.812669349120948681e-03 7.487652000000000196e-01
-1.086587262873535582e-02 5.763394240306120297e-02 -9.982786492233002296e-01 -7.547943100000000349e+00 -6.081846317144515290e-02 9.964511976205406851e-01 5.819042273479097666e-02 2.412378000000000022e-01 9.980896990498799859e-01 6.134606298427578569e-02 -7.322103990629824644e-03 7.477869000000000321e-01
-1.062637651971378230e-02 5.476806058138612709e-02 -9.984425570167844155e-01 -7.614600700000000444e+00 -5.945175407535117917e-02 9.966979653873858647e-01 5.530510582224160143e-02 2.435792999999999986e-01 9.981746185209404709e-01 5.994685423605643215e-02 -7.335230587770524835e-03 7.469202999999999815e-01
-1.080807989973760729e-02 5.295645654137609570e-02 -9.985383313220691504e-01 -7.681981600000000299e+00 -5.640435956999576006e-02 9.969744262425062065e-01 5.348403163491089601e-02 2.462039000000000033e-01 9.983495047479012952e-01 5.689997477158374034e-02 -7.788404240511415111e-03 7.463554000000000022e-01
-1.068446453782560118e-02 5.261662416177120827e-02 -9.985576263187613266e-01 -7.748705400000000409e+00 -5.498353009044751327e-02 9.970728981907126531e-01 5.312670808892286378e-02 2.483448000000000044e-01 9.984300945165530683e-01 5.547185372233096046e-02 -7.760142284489179865e-03 7.452452000000000520e-01
-1.123720670843681747e-02 5.248674760858373228e-02 -9.985583941417071063e-01 -7.815165000000000362e+00 -5.261967569009213391e-02 9.972067674705301643e-01 5.300785452407527631e-02 2.510583000000000120e-01 9.985513982342930639e-01 5.313947907581359487e-02 -8.443982939926986120e-03 7.448394000000000403e-01
-1.132337253667592414e-02 5.137228849658401902e-02 -9.986153760127165491e-01 -7.882429100000000410e+00 -5.083028691852035236e-02 9.973586775392683235e-01 5.188400783384649467e-02 2.531789999999999874e-01 9.986431110092215402e-01 5.134740803337093512e-02 -8.682195694521221974e-03 7.438915999999999862e-01
