1.000000000000000000e+00 0.000000000000000000e+00 0.000000000000000000e+00 0.000000000000000000e+00 0.000000000000000000e+00 1.000000000000000000e+00 0.000000000000000000e+00 0.000000000000000000e+00 0.000000000000000000e+00 0.000000000000000000e+00 1.000000000000000000e+00 0.000000000000000000e+00
9.999988759383517944e-01 1.412287902703552233e-03 5.035522938452150800e-04 -4.063000000000000097e-04 -1.412111270422273515e-03 9.999989413853923592e-01 -3.509556305405678008e-04 -6.419999999999999925e-04 -5.040474111687991837e-04 3.502441641754174993e-04 9.999998116325986564e-01 3.302150000000000224e-02
9.999946277843728693e-01 3.235194744229728889e-03 5.271786797337851002e-04 -5.710999999999999497e-04 -3.234796013601078882e-03 9.999944826770770234e-01 -7.554536090559072761e-04 -1.285499999999999967e-03 -5.296198106642980045e-04 7.537442351045648163e-04 9.999995756861520535e-01 6.537339999999999818e-02
9.999934362504226959e-01 3.419942796583000117e-03 1.196431084457452504e-03 -8.922000000000000026e-04 -3.418844949483810462e-03 9.999937339579153539e-01 -9.184465783834409218e-04 -1.997300000000000030e-03 -1.199564622329714640e-03 9.143501375595974737e-04 9.999988625036244638e-01 9.701859999999999651e-02
9.999867831071300728e-01 4.011445684956302382e-03 3.215884725902121849e-03 -7.812999999999999633e-04 -4.033280845605833817e-03 9.999686621334197278e-01 6.812297462622692035e-03 -3.843000000000000062e-03 -3.188456785674567175e-03 -6.825177991483587919e-03 9.999716249417832659e-01 1.866340999999999972e-01
9.999841378804324998e-01 3.308798448425351920e-03 4.558052254619967408e-03 -6.468000000000000008e-04 -3.355487195931189121e-03 9.999415925699158825e-01 1.027385781575949550e-02 -4.321900000000000047e-03 -4.523791905701457505e-03 -1.028898933657716383e-02 9.999368340076415507e-01 2.145320000000000005e-01
9.999815675767712575e-01 2.364955587146478320e-03 5.592091896066988393e-03 -5.257999999999999870e-04 -2.435725481158378461e-03 9.999166060719535398e-01 1.268259212172652937e-02 -4.926599999999999729e-03 -5.561631782460002213e-03 -1.269597915154513541e-02 9.999039355684623542e-01 2.411578000000000055e-01
9.999605055387481567e-01 3.926229571222769436e-03 7.973210397656149001e-03 -4.047000000000000250e-04 -4.004795621541293489e-03 9.999433515385266480e-01 9.861811493240321691e-03 -5.766000000000000292e-03 -7.934038991643532074e-03 -9.893353084398589375e-03 9.999195830615713598e-01 2.912704999999999878e-01
9.999414649044923165e-01 2.371234321182209576e-03 1.055670462085714877e-02 8.150000000000000235e-05 -2.431875725562030171e-03 9.999805964053185559e-01 5.735223911826089691e-03 -6.466300000000000346e-03 -1.054290022306012854e-02 -5.760560793656043302e-03 9.999278289927874264e-01 3.362209999999999921e-01
9.998651609350301950e-01 9.917471864300750079e-04 1.639135094750673524e-02 1.059299999999999999e-03 -1.001785401121358830e-03 9.999993156780782044e-01 6.042097195376654271e-04 -7.831899999999999279e-03 -1.639074050725658829e-02 -6.205488645479064185e-04 9.998654702232347979e-01 3.945657000000000192e-01
9.996645211925561103e-01 2.046404790193615333e-03 2.581970751755604393e-02 2.207199999999999874e-03 -2.078448150579848171e-03 9.999971028005009144e-01 1.214266811541448929e-03 -8.844100000000000572e-03 -2.581714783129264446e-02 -1.267524374097971258e-03 9.996658783112576385e-01 4.406501999999999919e-01
9.993201978677187514e-01 -1.365835091561125141e-03 3.684123543159225495e-02 8.759400000000000519e-03 2.110596210394089477e-03 9.997940522962716070e-01 -2.018411198533995657e-02 -1.287450000000000053e-02 -3.680607989531103214e-02 2.024814775486227444e-02 9.991172728940468373e-01 5.824462000000000250e-01
9.997361560932512825e-01 -1.536111672771957662e-03 2.291852003989742342e-02 8.604300000000000490e-03 2.033442329361328030e-03 9.997626232527937473e-01 -2.169244704927712417e-02 -1.314309999999999957e-02 -2.287975769503618889e-02 2.173332711807614628e-02 9.995019655709513895e-01 5.935072999999999599e-01
9.933662137206927811e-01 -2.273329897554862179e-03 -1.149712895004301599e-01 1.534999999999999906e-04 -6.857010476507181557e-04 9.996696957531180372e-01 -2.569103359037466436e-02 -1.490089999999999991e-02 1.149917181899987456e-01 2.559944069790181728e-02 9.930365418168993763e-01 6.509827000000000252e-01
9.671288135211879577e-01 9.791560987530184730e-04 -2.542850748872876876e-01 -1.431299999999999933e-02 -4.012818657153064197e-03 9.999268323788315094e-01 -1.141171219672979138e-02 -1.614080000000000029e-02 2.542552956056648439e-01 1.205699556981182537e-02 9.670619801824005268e-01 6.943380999999999581e-01
9.055880391996297130e-01 1.432204070775775807e-02 -4.239164804634696915e-01 -3.996430000000000121e-02 -1.094109127222315896e-02 9.998859725138947718e-01 1.040838564407600350e-02 -1.715770000000000142e-02 4.240172116557803794e-01 -4.787600642101935353e-03 9.056414760266608965e-01 7.417837000000000458e-01
8.591359924128331160e-01 2.334838400293108920e-02 -5.112144359319952258e-01 -5.771459999999999785e-02 -1.488929940973643742e-02 9.996762011166615558e-01 2.063496266163879558e-02 -1.714279999999999970e-02 5.115306983006040475e-01 -1.011661432553780104e-02 8.592054462180070962e-01 7.667351999999999501e-01
8.314926098553104827e-01 2.659937356828244448e-02 -5.548986511803568611e-01 -6.817199999999999649e-02 -1.591233833936612357e-02 9.995835907687348199e-01 2.407161304225444859e-02 -1.723869999999999916e-02 5.553078760872909303e-01 -1.118563327029153953e-02 8.315696268886716425e-01 7.787359000000000364e-01
6.919180793730097534e-01 3.791124659765068156e-02 -7.209799642279786092e-01 -1.204479999999999995e-01 -1.897323473187467746e-02 9.992302994195115806e-01 3.433402227823628000e-02 -1.573480000000000018e-02 7.217266711162713122e-01 -1.007700865363132282e-02 6.921048086063411597e-01 8.269233999999999751e-01
5.180948402540833664e-01 3.759271653171913224e-02 -8.544966495931166639e-01 -1.919668999999999959e-01 -5.604533001464725994e-03 9.991614275659066458e-01 4.055898019298626034e-02 -1.337329999999999942e-02 8.553048145029532590e-01 -1.622434369166808610e-02 5.178710698232170673e-01 8.714361999999999941e-01
4.686871904604035799e-01 3.694986305429287521e-02 -8.825910860180959938e-01 -2.130974999999999953e-01 -4.518969708632435134e-03 9.992120183717188020e-01 3.943248983120865164e-02 -1.246740000000000001e-02 8.833526455561818702e-01 -1.449310048902282926e-02 4.684848488767905383e-01 8.807329999999999881e-01
4.165523419584086229e-01 3.579575032350590380e-02 -9.084067429669059335e-01 -2.351517999999999942e-01 1.114950798532729492e-04 9.992225076885431490e-01 3.942547016164214130e-02 -1.165360000000000007e-02 9.091117279948665031e-01 -1.652405481098974394e-02 4.162244846651759200e-01 8.892953000000000108e-01
3.630076441128025078e-01 3.488532996333199021e-02 -9.311328928080148115e-01 -2.584833000000000269e-01 5.651561746661161109e-03 9.991980943661261660e-01 3.963871926444595406e-02 -1.103939999999999956e-02 9.317690218962509929e-01 -1.965151313388700804e-02 3.625193896415087602e-01 8.971103000000000272e-01
3.091554157391707136e-01 3.380482106035511553e-02 -9.504105234014498249e-01 -2.833398999999999779e-01 7.692973517795105923e-03 9.992464420333463382e-01 3.804426687626783626e-02 -1.012580000000000077e-02 9.509804136140739272e-01 -1.907307413018568404e-02 3.086623896195151984e-01 9.037325999999999970e-01
2.561945240345627761e-01 3.962094896795324839e-02 -9.658128940211878621e-01 -3.098316999999999877e-01 8.319467892887101590e-03 9.990322123855729375e-01 4.319056690953032573e-02 -8.983899999999999525e-03 9.665894435119197770e-01 -1.910023609451569696e-02 2.556169569344934889e-01 9.090702999999999978e-01
1.570158021069024135e-01 4.618376014685414421e-02 -9.865156350445862810e-01 -3.660468000000000055e-01 1.640887666389040378e-02 9.986460892949564627e-01 4.936331737757525956e-02 -7.211999999999999661e-03 9.874597645754255026e-01 -2.393843425514369933e-02 1.560453931074444744e-01 9.167007000000000350e-01
7.234265908422511659e-02 4.575326421213059963e-02 -9.963298542604044350e-01 -4.269683000000000228e-01 1.859232940103620196e-02 9.987118171269315781e-01 4.721262138947406040e-02 -5.204900000000000151e-03 9.972065307467992135e-01 -2.193957941614714871e-02 7.139880875039605890e-02 9.201046000000000502e-01
3.688401740677371005e-02 4.157421249632835963e-02 -9.984543825910358050e-01 -4.588367999999999891e-01 1.563413205424812186e-02 9.989879528866137948e-01 4.217397185851851082e-02 -3.796900000000000188e-03 9.991972493831470237e-01 -1.716551317971340418e-02 3.619671231520815713e-02 9.200019000000000391e-01
8.144761195670124562e-03 4.153363148068064253e-02 -9.991039086707109718e-01 -4.921291999999999889e-01 1.361503882257149127e-02 9.990398280487148286e-01 4.164195829033608132e-02 -2.379899999999999897e-03 9.998741388709506683e-01 -1.394200231032949149e-02 7.571458819368270809e-03 9.193725999999999843e-01
-1.302549059860179208e-02 4.562347850104778169e-02 -9.988737832199470201e-01 -5.270789000000000168e-01 1.216819430471834107e-02 9.988917919035440462e-01 4.546562564278086582e-02 -9.996000000000000111e-04 9.998411232000952165e-01 -1.156227820073981935e-02 -1.356621099571797551e-02 9.183274999999999633e-01
-2.596654131011100208e-02 5.168373955741401710e-02 -9.983258635324196995e-01 -5.627356999999999498e-01 1.389902667677431897e-02 9.985847337653891431e-01 5.133562649997687466e-02 3.521999999999999957e-04 9.995661837966649532e-01 -1.254274914315877884e-02 -2.664814541582916085e-02 9.169775999999999483e-01
-3.397625536620525050e-02 5.434306683164798202e-02 -9.979441092358939391e-01 -5.998765999999999821e-01 1.360877677699373275e-02 9.984531971006684881e-01 5.390746139531644998e-02 1.732699999999999995e-03 9.993299831716871973e-01 -1.174922494399601239e-02 -3.466324346178550897e-02 9.156564000000000370e-01
-3.717659071134659515e-02 4.784875786106800033e-02 -9.981625105533838971e-01 -6.771736999999999895e-01 2.207818322264719357e-02 9.986485240283089482e-01 4.704975325830305921e-02 4.750299999999999835e-03 9.990647901556076738e-01 -2.028846537402134373e-02 -3.818276108532359103e-02 9.130277999999999450e-01
-3.297761957396766475e-02 4.614495384468625394e-02 -9.983902642964358476e-01 -7.168387000000000508e-01 3.388020369588426450e-02 9.984110960265247803e-01 4.502682676625906905e-02 6.552699999999999844e-03 9.988816788813180692e-01 -3.234078795863033068e-02 -3.448862173898603611e-02 9.124292999999999987e-01
-2.745310080037369899e-02 4.616321072907356160e-02 -9.985566009153553635e-01 -7.581130999999999842e-01 3.446172574447599335e-02 9.983830176616572682e-01 4.520773720853119015e-02 8.150199999999999806e-03 9.990288868271816058e-01 -3.317089115453852877e-02 -2.899957352887649886e-02 9.114908000000000454e-01
-1.728201614832201860e-02 2.778042211385459148e-02 -9.994646467309514781e-01 -8.877013999999999738e-01 3.422092128091339808e-02 9.990447125983140664e-01 2.717702662245386966e-02 1.207240000000000049e-02 9.992648600168702044e-01 -3.373292718588317973e-02 -1.821617849432854985e-02 9.090232999999999786e-01
-1.641104683105268358e-02 1.961697188558079660e-02 -9.996728724717650616e-01 -9.329693000000000014e-01 2.671286749435112726e-02 9.994592392105123846e-01 1.917425010197671906e-02 1.296019999999999985e-02 9.995084293051953450e-01 -2.638945946366177617e-02 -1.692619795103189606e-02 9.075609000000000037e-01
-1.796393860168698023e-02 1.663955611384434347e-02 -9.997001660909375920e-01 -9.790105999999999531e-01 2.117468958243685223e-02 9.996435895212690825e-01 1.625811951364302538e-02 1.391449999999999979e-02 9.996143903681066201e-01 -2.087628083176419624e-02 -1.830987350123025603e-02 9.062156999999999574e-01
-2.614259313224665676e-02 3.116805005434299114e-02 -9.991722161269955826e-01 -1.075320999999999971e+00 7.098543431324731701e-03 9.994944139529888805e-01 3.099237257657129485e-02 1.519410000000000031e-02 9.996330204157299892e-01 -6.282446385078155685e-03 -2.635062355890671615e-02 9.024122999999999450e-01
-3.238042203785532896e-02 5.078605906643997997e-02 -9.981844942059311387e-01 -1.175368799999999991e+00 4.106546761874108054e-03 9.987065305146863858e-01 5.067940588651747430e-02 1.837130000000000013e-02 9.994671803227673790e-01 -2.458070751201107962e-03 -3.254709427643542874e-02 8.983683999999999559e-01
-3.487003995759720837e-02 5.929815013494345310e-02 -9.976310990060052175e-01 -1.277501100000000056e+00 6.916382878504215986e-03 9.982285855486003889e-01 5.909191688817112820e-02 2.258020000000000166e-02 9.993679222194565837e-01 -4.839461149166949389e-03 -3.521839937521575870e-02 8.946224999999999872e-01
-3.974830567548157806e-02 5.176784175265231047e-02 -9.978678082572866037e-01 -1.379961299999999946e+00 5.388392467050709400e-03 9.986536073215832587e-01 5.159397067691041949e-02 2.683409999999999962e-02 9.991951948556144769e-01 -3.326130463648296898e-03 -3.997373429627615327e-02 8.905794000000000210e-01
-4.435641181988536630e-02 4.644430764161307928e-02 -9.979355866077509463e-01 -1.431762900000000061e+00 5.041059906640422972e-03 9.989164404688473109e-01 4.626589106529209461e-02 2.883140000000000008e-02 9.990030512693554021e-01 -2.978464157751967850e-03 -4.454247754423401595e-02 8.880445000000000144e-01
-5.696582155198031544e-02 3.994302765035763481e-02 -9.975767888824550456e-01 -1.536142700000000083e+00 4.432235146649119578e-03 9.991996310310186091e-01 3.975490710693718732e-02 3.218929999999999708e-02 9.983662907302671696e-01 -2.156823961096839687e-03 -5.709726476713306020e-02 8.820685000000000331e-01
-6.351013031125592179e-02 4.250416649916438638e-02 -9.970756536883541576e-01 -1.588720399999999922e+00 4.719813557780713764e-03 9.990942471283718040e-01 4.228958163628122879e-02 3.372970000000000135e-02 9.979700329708439677e-01 -2.020194347882649233e-03 -6.365321756965391931e-02 8.785091999999999901e-01
-6.985563467767914869e-02 4.734783478499481058e-02 -9.964328240503478318e-01 -1.641941300000000048e+00 3.640449216233455215e-03 9.988784079481713984e-01 4.720882612849369026e-02 3.539099999999999885e-02 9.975504686146373645e-01 -3.296605817492484491e-04 -6.994965254108265196e-02 8.744998999999999967e-01
-8.048090584388233049e-02 5.239512310889431201e-02 -9.953781064846422000e-01 -1.748344399999999910e+00 -2.504206546667209904e-03 9.986036909437704390e-01 5.276738939013568552e-02 3.956869999999999832e-02 9.967530048834162271e-01 6.739399667803049054e-03 -8.023732141589623446e-02 8.652182000000000484e-01
-8.457314573901647536e-02 5.479486604377380859e-02 -9.949094962231748163e-01 -1.855779499999999915e+00 -1.084705042005153913e-02 9.983770068907781292e-01 5.590790292074995088e-02 4.385329999999999784e-02 9.963582310178360490e-01 1.552014069060023843e-02 -8.384152143152001635e-02 8.549613000000000351e-01
-8.748444974832933485e-02 5.372490003873384157e-02 -9.947160932487520979e-01 -1.963524300000000000e+00 -1.253357245931990480e-02 9.984062256400813018e-01 5.502652237361496668e-02 4.785079999999999889e-02 9.960870346579354662e-01 1.728131126260467818e-02 -8.667165434792367673e-02 8.449271999999999894e-01
-8.864768871068243183e-02 5.310800805721226092e-02 -9.946462319671497410e-01 -2.016816899999999801e+00 -1.376032974601949441e-02 9.984170007304563610e-01 5.453573120148690057e-02 4.981030000000000180e-02 9.959679917605458455e-01 1.852112665566265151e-02 -8.777657578118513992e-02 8.398889999999999967e-01
-8.958421738374117149e-02 5.239471846298085489e-02 -9.946001515548483773e-01 -2.070869899999999930e+00 -1.614683770659335396e-02 9.984076896731904904e-01 5.404965155779475894e-02 5.186729999999999813e-02 9.958483557388742025e-01 2.090164296477824493e-02 -8.859556249357747326e-02 8.344732000000000260e-01
-9.045017157183832257e-02 4.487046668230911667e-02 -9.948896459820741889e-01 -2.179416900000000101e+00 -2.571823940027021665e-02 9.985461028187005983e-01 4.737354438645488552e-02 5.602619999999999822e-02 9.955688517750922450e-01 2.987175530993800565e-02 -8.916467691820451069e-02 8.235095000000000054e-01
-8.781526053594936043e-02 4.851543708796825921e-02 -9.949546383535115002e-01 -2.290427699999999955e+00 -2.845741944863709044e-02 9.982834358765682037e-01 5.118942207915738729e-02 6.007950000000000096e-02 9.957302121033226872e-01 3.280905391255876935e-02 -8.628389586727724936e-02 8.128199999999999870e-01
-8.579908403158402475e-02 5.168340316696670711e-02 -9.949710262195690103e-01 -2.345561500000000077e+00 -2.856817975891778882e-02 9.981153521602090795e-01 5.431024661483456473e-02 6.202209999999999668e-02 9.959027945962415362e-01 3.308428054503778637e-02 -8.416088222098128124e-02 8.076221000000000094e-01
-8.452603395957024313e-02 5.146077644132077827e-02 -9.950915224596790232e-01 -2.401066300000000098e+00 -2.663040190145263969e-02 9.981920776879475987e-01 5.388318601925259910e-02 6.414259999999999406e-02 9.960653448833729495e-01 3.105421918314282825e-02 -8.300279629803231085e-02 8.029996999999999829e-01
-8.228904077586958465e-02 5.050199939535945926e-02 -9.953281176703785427e-01 -2.456315299999999979e+00 -2.624966499794213412e-02 9.982589378881572273e-01 5.282090508410552249e-02 6.629269999999999607e-02 9.962627509124706293e-01 3.047361126416404248e-02 -8.082010987890031473e-02 7.984660999999999564e-01
-7.819757361710208410e-02 5.125587364996100903e-02 -9.956193925877385720e-01 -2.511467199999999789e+00 -3.093988733330923710e-02 9.980716266190775565e-01 5.381218737192124124e-02 6.836630000000000484e-02 9.964576573303054463e-01 3.501233431703550114e-02 -7.646092854178598852e-02 7.934970000000000079e-01
-7.259211896199035952e-02 5.215873674395081483e-02 -9.959969128696550822e-01 -2.567895899999999898e+00 -3.550747721482387653e-02 9.978633726782881741e-01 5.484440289537831359e-02 7.066740000000000521e-02 9.967294534257762351e-01 3.934660910913484466e-02 -7.058499150078534345e-02 7.888479999999999936e-01
-6.657204699012291005e-02 5.170499525593284795e-02 -9.964410449319762719e-01 -2.624110500000000012e+00 -3.942279897626077556e-02 9.977403486570930458e-01 5.440624580413434830e-02 7.288300000000000334e-02 9.970025102678639062e-01 4.290443015827755113e-02 -6.438326174069841645e-02 7.844379999999999686e-01
-6.095722767023710464e-02 5.075203111793022415e-02 -9.968492602857080831e-01 -2.680681700000000056e+00 -4.086985604066568911e-02 9.977420106256257304e-01 5.329667062724349758e-02 7.524350000000000482e-02 9.973032995342862028e-01 4.398990304761149495e-02 -5.874535869230523843e-02 7.808600999999999459e-01
-5.507550902080360355e-02 5.014876437457529285e-02 -9.972220363278195832e-01 -2.737093400000000010e+00 -4.094428679197554405e-02 9.977844377441519308e-01 5.243835594946787831e-02 7.730130000000000334e-02 9.976423475801315943e-01 4.371861419681511568e-02 -5.290018041097965806e-02 7.773088000000000219e-01
-4.993524681178282409e-02 4.980772286434640567e-02 -9.975097302126506582e-01 -2.793929599999999791e+00 -3.910114253445946125e-02 9.978925260380230311e-01 5.178423630752294893e-02 7.935849999999999849e-02 9.979867593201557918e-01 4.158962876153088351e-02 -4.788247070830642382e-02 7.745948999999999751e-01
-4.441265671986373287e-02 5.067722639905599541e-02 -9.977270842507898196e-01 -2.850724500000000106e+00 -3.793838486095798407e-02 9.979065713460000264e-01 5.237512595318864067e-02 8.134819999999999551e-02 9.982926398993562378e-01 4.017827259812650070e-02 -4.239706987287283901e-02 7.716530999999999807e-01
-3.885318887455986581e-02 5.249697488394768075e-02 -9.978649694935243231e-01 -2.908041199999999993e+00 -3.695440189699464306e-02 9.978603725367939381e-01 5.393560142583034289e-02 8.336040000000000116e-02 9.985613661136271135e-01 3.897107323085675923e-02 -3.683006321637294356e-02 7.693259000000000070e-01
-3.317360918525715657e-02 5.356771616929665442e-02 -9.980130316974975546e-01 -2.965677700000000083e+00 -3.807678281556683281e-02 9.977699585538485350e-01 5.482032850929972889e-02 8.574339999999999740e-02 9.987240210709065202e-01 3.981971360842591345e-02 -3.105994436735137754e-02 7.670932000000000306e-01
-2.785227177654488184e-02 5.268447708509285676e-02 -9.982227190517934945e-01 -3.023442699999999927e+00 -3.787075877335142893e-02 9.978376018006870352e-01 5.372081591509968862e-02 8.809290000000000176e-02 9.988944171366741509e-01 3.929969856021452851e-02 -2.579684295141881911e-02 7.653737999999999930e-01
-2.301546155188716192e-02 4.810099517630794796e-02 -9.985772793292477800e-01 -3.080967900000000093e+00 -3.789942448610503223e-02 9.980818942660453219e-01 4.895064822783039282e-02 9.021139999999999715e-02 9.990164774182535012e-01 3.897212595370661004e-02 -2.114831542872386283e-02 7.638565000000000493e-01
-1.862460366551075761e-02 4.298910252143416794e-02 -9.989019277199858715e-01 -3.138709299999999924e+00 -3.772343740137284324e-02 9.983336355637485449e-01 4.366800170254051677e-02 9.203799999999999482e-02 9.991146412744270622e-01 3.849531356503022722e-02 -1.697187157041479821e-02 7.625326999999999522e-01
-1.484273679434963342e-02 4.249207285393666322e-02 -9.989865449089038174e-01 -3.196294099999999805e+00 -3.765635628606806007e-02 9.983640822595907238e-01 4.302508669627369553e-02 9.380670000000000675e-02 9.991805102161021024e-01 3.825680329746468378e-02 -1.321835866319009956e-02 7.614467000000000318e-01
-1.211078729667862397e-02 4.488766793580186570e-02 -9.989186283668654021e-01 -3.254411199999999837e+00 -3.722124005445735101e-02 9.982793018820717013e-01 4.531020550220626886e-02 9.539799999999999669e-02 9.992336604217568752e-01 3.772973232251837505e-02 -1.041917362404731762e-02 7.608409999999999895e-01
-9.656657253226699072e-03 4.449641544256405234e-02 -9.989628711736270317e-01 -3.312761300000000020e+00 -3.682524944352835727e-02 9.983159559201838507e-01 4.482357815471112172e-02 9.718609999999999749e-02 9.992750622196652222e-01 3.721990284689535855e-02 -8.001803418733244300e-03 7.598017000000000243e-01
-8.957410696562889685e-03 4.426457239181661590e-02 -9.989796856916473011e-01 -3.371243000000000212e+00 -3.859924094068573758e-02 9.982599014570144869e-01 4.457878129597826061e-02 9.904419999999999891e-02 9.992146232879179912e-01 3.895916803528274436e-02 -7.233245024372725318e-03 7.591061000000000059e-01
-8.146556312158711316e-03 4.530756876908035441e-02 -9.989398669752289628e-01 -3.430182199999999959e+00 -3.983999590255610929e-02 9.981651455845561571e-01 4.559733398616797745e-02 1.006338999999999984e-01 9.991728620948114870e-01 4.016922145619569035e-02 -6.326555213223783447e-03 7.584999000000000047e-01
-7.206657229616126453e-03 4.492836534026689588e-02 -9.989642166161036840e-01 -3.488574999999999982e+00 -4.047043892841227508e-02 9.981585753400575856e-01 4.518409065200141433e-02 1.024238999999999983e-01 9.991547466056076576e-01 4.075414657379213684e-02 -5.375116047621086857e-03 7.577983000000000358e-01
-6.031499934997926367e-03 4.281954357024504026e-02 -9.990646163772242128e-01 -3.547415500000000055e+00 -4.126769014035489708e-02 9.982210073248342086e-01 4.303252590625808449e-02 1.041229999999999933e-01 9.991299208606526649e-01 4.148863969605420809e-02 -4.253706284785052638e-03 7.571046000000000165e-01
-5.682472664673776999e-03 4.201421610256752398e-02 -9.991008533424952098e-01 -3.606771900000000031e+00 -3.966475931258572202e-02 9.983212276890189862e-01 4.220702801861773990e-02 1.055799000000000043e-01 9.991968856902477825e-01 3.986893515980198532e-02 -4.006449317491167506e-03 7.568011000000000044e-01
-5.432307854710126394e-03 4.147620292988384028e-02 -9.991247242571322795e-01 -3.666008900000000015e+00 -3.598425026408583194e-02 9.984842541101595081e-01 4.164526416064726760e-02 1.073637999999999953e-01 9.993375924902970775e-01 3.617898401831576988e-02 -3.931583790173998061e-03 7.565771999999999498e-01
-5.104837911279629104e-03 4.250437898225802730e-02 -9.990832389732259289e-01 -3.725144400000000022e+00 -3.410628542498402721e-02 9.985075785058462605e-01 4.265415525949150383e-02 1.087004000000000026e-01 9.994051740532511330e-01 3.429276066058063038e-02 -3.647552860076119785e-03 7.561881000000000297e-01
-5.704302778517496633e-03 4.560590480666915081e-02 -9.989432227992617319e-01 -3.785021500000000039e+00 -3.346674822799711180e-02 9.983911650256495074e-01 4.577180749948622090e-02 1.101157999999999998e-01 9.994235527006826159e-01 3.369247758018403122e-02 -4.168844162828366784e-03 7.562419999999999698e-01
-5.402509480182855067e-03 4.929882438774346731e-02 -9.987694622911250653e-01 -3.844162700000000044e+00 -3.624053105161870181e-02 9.981182615238163303e-01 4.946271243847443627e-02 1.118524999999999936e-01 9.993284929393403404e-01 3.646315848443443947e-02 -3.605727794193769320e-03 7.554737999999999731e-01
-4.513038315404145975e-03 4.904114867308228404e-02 -9.987865628961917208e-01 -3.902681100000000125e+00 -3.816529442953053158e-02 9.980605889368889816e-01 4.917795351636329582e-02 1.137457000000000051e-01 9.992612485162580827e-01 3.834092523368448635e-02 -2.632615800696402886e-03 7.545722000000000262e-01
-4.455214179291421862e-03 4.707696648497137343e-02 -9.988813294346778893e-01 -3.961790099999999981e+00 -3.898850405313799422e-02 9.981235525835333577e-01 4.721514936675633850e-02 1.157085000000000058e-01 9.992297271490251376e-01 3.915524236420394461e-02 -2.611393705546083410e-03 7.541603000000000057e-01
-4.063568124026971894e-03 4.479750206347375696e-02 -9.989878233607124569e-01 -4.020278499999999866e+00 -3.876316363591096603e-02 9.982381831897456648e-01 4.492156238346309283e-02 1.173888000000000015e-01 9.992401636038438228e-01 3.890647029619676012e-02 -2.319915958429952241e-03 7.537648999999999599e-01
-4.558445791955795592e-03 4.413797019001385741e-02 -9.990150450115691250e-01 -4.078887500000000443e+00 -3.647843811636911765e-02 9.983531601279815870e-01 4.427517605908671411e-02 1.191195000000000032e-01 9.993240436037513774e-01 3.664433448677086730e-02 -2.940854547512583572e-03 7.538177000000000350e-01
-4.463485349403069520e-03 4.591950101358595326e-02 -9.989351714326607512e-01 -4.136686799999999664e+00 -3.511557691484983035e-02 9.983218211098670025e-01 4.604821119018496361e-02 1.204332000000000041e-01 9.993732903957727176e-01 3.528372036140588891e-02 -2.843505052779193853e-03 7.532187000000000188e-01
-4.057472536030956069e-03 4.862925667749147529e-02 -9.988086565061470301e-01 -4.196141199999999571e+00 -3.508988521757382129e-02 9.981948334095729347e-01 4.874191737973100624e-02 1.223265999999999937e-01 9.993759237004048446e-01 3.524585010224154380e-02 -2.343753087138189528e-03 7.529112000000000027e-01
-3.596937269794257819e-03 5.095317921092690217e-02 -9.986945657059401737e-01 -4.254406900000000213e+00 -3.458368635356535992e-02 9.980972625900619288e-01 5.104726288865175238e-02 1.239955999999999975e-01 9.993953325288623679e-01 3.472215342578958280e-02 -1.827944474142140230e-03 7.524838000000000360e-01
-3.559992116905366134e-03 5.145117205891494572e-02 -9.986691661155319144e-01 -4.312679799999999730e+00 -3.610204689691656754e-02 9.980178455753350164e-01 5.154631046951348855e-02 1.256337999999999899e-01 9.993417676981087849e-01 3.623750552853450407e-02 -1.695443036206834009e-03 7.520250000000000545e-01
-3.156265268797678672e-03 4.927133521318174947e-02 -9.987804430984135173e-01 -4.370680799999999699e+00 -3.621545280700690095e-02 9.981245815762057605e-01 4.935342573021276463e-02 1.276027999999999885e-01 9.993390210371735360e-01 3.632705850512048945e-02 -1.365962235611029030e-03 7.515408000000000088e-01
-2.911108026659618882e-03 4.785771705573681201e-02 -9.988499208431015353e-01 -4.428454399999999680e+00 -3.465120108161710843e-02 9.982494755064695857e-01 4.792993756160943142e-02 1.293397000000000019e-01 9.993952269816274159e-01 3.475087868344453601e-02 -1.247684683750138745e-03 7.512377000000000082e-01
-2.833930884706614087e-03 4.908892593298092716e-02 -9.987903915169021873e-01 -4.485970000000000013e+00 -3.382420523124910622e-02 9.982181799034829384e-01 4.915677420917774487e-02 1.308421999999999918e-01 9.994237799733477479e-01 3.392259808629130569e-02 -1.168487424365372007e-03 7.507030000000000092e-01
-2.416478201255224407e-03 5.215107029097630631e-02 -9.986362833888063895e-01 -4.543907599999999825e+00 -3.161050019445151016e-02 9.981361558616698160e-01 5.220144288374632680e-02 1.325423000000000018e-01 9.994973421228089405e-01 3.169353607905082970e-02 -7.634528449506072789e-04 7.504140000000000255e-01
-2.690771340121011004e-03 5.477524996393385442e-02 -9.984950834836309186e-01 -4.601463299999999812e+00 -3.049342184765683333e-02 9.980298660693036616e-01 5.483190364841187409e-02 1.343635999999999997e-01 9.995313456683664333e-01 3.059507190833913454e-02 -1.015185356243009096e-03 7.506099999999999994e-01
-2.024499250492458290e-03 5.655721949624423206e-02 -9.983973068501528214e-01 -4.659517300000000084e+00 -3.113945040661264541e-02 9.979116113626016471e-01 5.659284880680736513e-02 1.366234000000000059e-01 9.995129994308020738e-01 3.120411560274858470e-02 -2.591105776220681278e-04 7.501373000000000069e-01
-1.578979103291887516e-03 5.855135423120826077e-02 -9.982831490828054655e-01 -4.717439200000000277e+00 -3.374076287778907113e-02 9.977128679248451482e-01 5.857127365531183266e-02 1.386481999999999992e-01 9.994293710640167472e-01 3.377531783525043046e-02 4.001995897499055488e-04 7.495197999999999583e-01
-1.352268513670658312e-03 5.780500992121930665e-02 -9.983269765952806907e-01 -4.774812700000000021e+00 -3.580345513636899041e-02 9.976850123616757271e-01 5.781633600619346530e-02 1.409134999999999971e-01 9.993579358619035791e-01 3.582173832871302782e-02 7.204810505939684973e-04 7.491714000000000429e-01
-1.409062055252164377e-03 5.405643920374714195e-02 -9.985368876134400606e-01 -4.832259200000000199e+00 -3.796162459285273849e-02 9.978152376121456335e-01 5.407094087667258658e-02 1.428476999999999941e-01 9.992782043066862352e-01 3.798227178077811378e-02 6.460866624072858500e-04 7.488209999999999589e-01
-9.178270750293772082e-04 5.206688346714535842e-02 -9.986431781369553562e-01 -4.889295100000000005e+00 -3.885074758519067861e-02 9.978877902787728349e-01 5.206320605398511575e-02 1.449860000000000038e-01 9.992446031905961590e-01 3.884581906160065184e-02 1.106948915370553621e-03 7.482722000000000540e-01
-7.743760247614843266e-04 5.047841010415297924e-02 -9.987248522266425343e-01 -4.946498400000000295e+00 -3.900601280226521916e-02 9.979635725942090918e-01 5.047017674104403717e-02 1.469145000000000034e-01 9.992386758462872276e-01 3.899535726672660740e-02 1.196162446558290959e-03 7.478529999999999900e-01
-5.784440697851741739e-04 5.093924660205469829e-02 -9.987015863400204863e-01 -5.004026900000000389e+00 -3.764495275419357107e-02 9.979927417344987006e-01 5.092489545784781302e-02 1.489389000000000129e-01 9.992910101339814721e-01 3.762553123709025393e-02 1.340322548523564805e-03 7.477441000000000226e-01
-8.206145736448090637e-04 5.294700678305798436e-02 -9.985969863085090159e-01 -5.061734200000000072e+00 -3.788426034980364732e-02 9.978788166976435559e-01 5.294006048219969396e-02 1.511746999999999952e-01 9.992817967968145032e-01 3.787455159900218749e-02 1.186984289998638253e-03 7.476135000000000419e-01
-7.517995565231110587e-04 5.506469355218655132e-02 -9.984825057663405667e-01 -5.119475800000000021e+00 -3.667088547311157104e-02 9.978096868346341131e-01 5.505519973251540855e-02 1.532641999999999893e-01 9.993271140902985072e-01 3.665662809060614424e-02 1.269118190807438928e-03 7.475751999999999953e-01
-1.420529365722739655e-03 5.386223696522102894e-02 -9.985473656894918726e-01 -5.176918500000000201e+00 -4.022248582846982973e-02 9.977372171052761862e-01 5.387575741274865104e-02 1.556249000000000104e-01 9.991897386032844164e-01 4.024058936100681494e-02 7.491580468507175183e-04 7.471497999999999751e-01
-2.040104341134163501e-03 5.540269393949317361e-02 -9.984620070280713078e-01 -5.234968699999999586e+00 -4.442609529101478744e-02 9.974732494318263587e-01 5.543860320306590733e-02 1.576778000000000068e-01 9.990105905502059125e-01 4.447086880374794687e-02 4.263758540037354550e-04 7.466897000000000117e-01
-2.091047669718856718e-03 5.448969444457324451e-02 -9.985121435010093638e-01 -5.293881400000000070e+00 -4.767808183580066195e-02 9.973733322053226491e-01 5.452739419878498833e-02 1.599897000000000125e-01 9.988605648598316566e-01 4.772116307245705819e-02 5.124089287884547872e-04 7.460892000000000079e-01
-2.235417850997102607e-03 5.098738823939569231e-02 -9.986967954026672034e-01 -5.352650599999999592e+00 -4.895147543253032529e-02 9.974964225512789051e-01 5.103567429140942746e-02 1.620773000000000075e-01 9.987986563667424766e-01 4.900176770204910104e-02 2.660865734928075099e-04 7.455389000000000044e-01
-2.976163186926066191e-03 4.685059388379105710e-02 -9.988974743713293636e-01 -5.411754600000000082e+00 -4.917095719117265534e-02 9.976867365482819938e-01 4.694030980450388663e-02 1.644092000000000053e-01 9.987859427432829174e-01 4.925644697270619571e-02 -6.655899911585105855e-04 7.450385000000000479e-01
-3.779647570842078596e-03 4.607170632777845415e-02 -9.989309846732590259e-01 -5.471702600000000416e+00 -4.580476418674053057e-02 9.978816541854027555e-01 4.619662128339464824e-02 1.663719999999999921e-01 9.989432605719090752e-01 4.593040513920206014e-02 -1.661337326205103437e-03 7.449814999999999632e-01
-4.648526044561980888e-03 4.534367551175434718e-02 -9.989606310043943616e-01 -5.531136000000000053e+00 -4.117843710847153560e-02 9.981154070721433014e-01 4.549692827557989122e-02 1.681304999999999883e-01 9.991409948165057564e-01 4.134713117369009233e-02 -2.772583774925729827e-03 7.450868000000000491e-01
-4.887231023382841363e-03 4.703544853146102156e-02 -9.988812649931763099e-01 -5.592137799999999714e+00 -4.039833799602199349e-02 9.980684456310429109e-01 4.719483152627106798e-02 1.704945999999999962e-01 9.991717015909141741e-01 4.058379500586687533e-02 -2.977637123379062167e-03 7.444587000000000288e-01
-5.576275560552098123e-03 5.104171671142849337e-02 -9.986809542121163341e-01 -5.653277400000000341e+00 -3.971414584074545867e-02 9.978972635666953916e-01 5.122341248141555614e-02 1.724998000000000087e-01 9.991955222933160963e-01 3.994739692710301548e-02 -3.537471941329140002e-03 7.438270000000000159e-01
-6.163100283656111969e-03 5.112117909399593180e-02 -9.986734407417335868e-01 -5.714340700000000162e+00 -3.841876556638696566e-02 9.979429671699099336e-01 5.132088004381107210e-02 1.748302999999999940e-01 9.992427205875699103e-01 3.868409652758921652e-02 -4.186409988947925598e-03 7.434328000000000047e-01
-6.879068401925182707e-03 4.644771107860059395e-02 -9.988970360119605596e-01 -5.775420200000000115e+00 -3.775369289802751188e-02 9.981964189994741998e-01 4.667513009288162817e-02 1.771011999999999864e-01 9.992633972534382680e-01 3.803313334692319525e-02 -5.113088824976408375e-03 7.429166000000000381e-01
-8.196354506793778263e-03 4.190918503143652857e-02 -9.990878039405743927e-01 -5.898263499999999659e+00 -3.743006589824655200e-02 9.984083251247277691e-01 4.218775282577723329e-02 1.803296000000000066e-01 9.992656353240871869e-01 3.774170811763520594e-02 -6.614645017787967873e-03 7.409877999999999743e-01
-8.750875548662499087e-03 4.323972195039197525e-02 -9.990264003632658429e-01 -5.960296200000000155e+00 -3.929497523356923622e-02 9.982781019045485760e-01 4.355153475188813794e-02 1.820992999999999917e-01 9.991893349603591101e-01 3.963783172052338932e-02 -7.036703629574647678e-03 7.400337999999999639e-01
-9.207651618217588957e-03 4.744287507211274180e-02 -9.988315136981658071e-01 -6.023616299999999590e+00 -4.420592509542360660e-02 9.978780031615058776e-01 4.780509379619907878e-02 1.844832000000000138e-01 9.989800074766936877e-01 4.459444372674132434e-02 -7.090856828844471771e-03 7.389493999999999785e-01
-9.385252818505536096e-03 5.109684836194382240e-02 -9.986496027721681878e-01 -6.150203699999999607e+00 -5.728683872890402706e-02 9.970258743991985417e-01 5.155214725850066487e-02 1.886190000000000089e-01 9.983136456735334230e-01 5.769330867605110963e-02 -6.430162986162057948e-03 7.362066999999999917e-01
-9.281874840713822197e-03 4.879974997944426518e-02 -9.987654535482219931e-01 -6.213409900000000263e+00 -6.049954335424340135e-02 9.969513236680657142e-01 4.927335477131217223e-02 1.910959000000000130e-01 9.981250683423243952e-01 6.088220296963060829e-02 -6.301214819013356561e-03 7.352216000000000307e-01
-9.755467934231827620e-03 4.768372639151666204e-02 -9.988148442443188779e-01 -6.277062400000000153e+00 -6.300774100029934988e-02 9.968481728794634789e-01 4.820523623958775095e-02 1.932403000000000037e-01 9.979653578253221413e-01 6.340333164979776448e-02 -6.720276503417332847e-03 7.341682000000000485e-01
-1.036626123777931174e-02 4.703986553937043735e-02 -9.988392221363698864e-01 -6.340099300000000326e+00 -6.268487788203540301e-02 9.968976587859847971e-01 4.759899150125515566e-02 1.950475000000000125e-01 9.979795322113899081e-01 6.310553824396240852e-02 -7.385413331383317015e-03 7.332849999999999646e-01
-1.094526112884729521e-02 4.612134411837342379e-02 -9.988758796144474594e-01 -6.403245899999999935e+00 -6.070827888961798785e-02 9.970623606990385301e-01 4.670282380671187533e-02 1.968814000000000120e-01 9.980955395817987519e-01 6.115121007776535417e-02 -8.113160478093628392e-03 7.325897999999999577e-01
-1.160649932552500554e-02 4.668831650203780076e-02 -9.988420747423550905e-01 -6.466158400000000306e+00 -6.052793474505489130e-02 9.970448115932055710e-01 4.730763987526327013e-02 1.988496999999999904e-01 9.980990222863187489e-01 6.100692401092492473e-02 -8.746252558682887646e-03 7.318424999999999514e-01
-1.225840317742648254e-02 5.193853080768347924e-02 -9.985750450362149699e-01 -6.529400800000000338e+00 -6.042296697584813997e-02 9.967866598906501840e-01 5.258725820840062792e-02 2.008000000000000063e-01 9.980975887223528797e-01 6.098150278224330478e-02 -9.080732627053111905e-03 7.308415999999999801e-01
-1.324971696778038874e-02 5.576119198826102324e-02 -9.983562162216060853e-01 -6.592503100000000060e+00 -5.890178148602450564e-02 9.966665155119570629e-01 5.644853403788683416e-02 2.032084000000000112e-01 9.981758488052326905e-01 5.955288679234737453e-02 -9.921115695904481058e-03 7.302203999999999917e-01
-1.311879648959873336e-02 5.463533591461025574e-02 -9.984201907254089958e-01 -6.655356399999999617e+00 -5.939076771317750025e-02 9.967006853646664943e-01 5.532160973836098422e-02 2.054578999999999989e-01 9.981486031093284028e-01 6.002269456715370738e-02 -9.830678908106627034e-03 7.291077000000000252e-01
-1.206266600171694223e-02 5.306660477765259148e-02 -9.985181157827350829e-01 -6.718461999999999712e+00 -5.925702031031330336e-02 9.967978120367702033e-01 5.369103707930078517e-02 2.080787000000000053e-01 9.981698741360983673e-01 5.981686531472669988e-02 -8.879470200733097229e-03 7.278400999999999899e-01
-1.078350494952301508e-02 5.274739461128768320e-02 -9.985496624518608311e-01 -6.781365400000000321e+00 -5.836455525707732322e-02 9.968720350802271479e-01 5.328906421255823200e-02 2.100950000000000040e-01 9.982370934355462300e-01 5.885454983879909174e-02 -7.671196296871296560e-03 7.266742999999999952e-01
-9.848801825914774849e-03 5.234518120578025152e-02 -9.985804840407844774e-01 -6.844090500000000077e+00 -5.885906806026990762e-02 9.968670823204207609e-01 5.283588073504611599e-02 2.121818000000000037e-01 9.982177173390932579e-01 5.929588679247096289e-02 -6.736957757333517094e-03 7.256542000000000270e-01
-8.911771511044918812e-03 5.441745390092844054e-02 -9.984785030432429265e-01 -6.907021000000000299e+00 -5.899658703111571728e-02 9.967501690448048457e-01 5.484982431907120537e-02 2.144735999999999865e-01 9.982184044823131375e-01 5.939563300524133838e-02 -5.672365705044812856e-03 7.247055000000000025e-01
-8.371125710295329592e-03 5.785948863272625392e-02 -9.982896392477996761e-01 -6.969736100000000434e+00 -5.974044421381959763e-02 9.965124936951186285e-01 5.825743930754050115e-02 2.169509000000000021e-01 9.981788434842114865e-01 6.012594685072059075e-02 -4.885379803698186585e-03 7.242596000000000034e-01
-7.132808124345978856e-03 5.869282056180839119e-02 -9.982506077447489412e-01 -7.032246599999999681e+00 -6.106041257249892468e-02 9.963876329304806045e-01 5.901958115464683852e-02 2.195102999999999915e-01 9.981085858085468887e-01 6.137456930759752072e-02 -3.523233964616734326e-03 7.235504999999999853e-01
