1.000000000000000000e+00 0.000000000000000000e+00 0.000000000000000000e+00 0.000000000000000000e+00 0.000000000000000000e+00 1.000000000000000000e+00 0.000000000000000000e+00 0.000000000000000000e+00 0.000000000000000000e+00 0.000000000000000000e+00 1.000000000000000000e+00 0.000000000000000000e+00
9.999990113896095600e-01 1.354647936105569852e-03 3.770262230879161736e-04 -4.017000000000000063e-04 -1.354551222036279833e-03 9.999990496590452915e-01 -2.566553978578452492e-04 -7.416999999999999765e-04 -3.773735424894538782e-04 2.561444427944286522e-04 9.999998959896115869e-01 3.387110000000000121e-02
9.999946743869631005e-01 3.245918400955535681e-03 3.394281162965577417e-04 -5.173000000000000514e-04 -3.245672555873828531e-03 9.999944718935216414e-01 -7.223517542350930921e-04 -1.344099999999999982e-03 -3.417709347528232974e-04 7.212462347474178333e-04 9.999996814981978455e-01 6.725079999999999947e-02
9.999941077132964429e-01 3.333379724965937572e-03 8.204378692455542577e-04 -7.699000000000000114e-04 -3.332609839739338661e-03 9.999940069455129921e-01 -9.379683968461518216e-04 -2.070999999999999924e-03 -8.235595571534064935e-04 9.352286707514962001e-04 9.999992235481931502e-01 1.001226999999999950e-01
9.999884274249384308e-01 3.853228482940991659e-03 2.880563565848304457e-03 -7.366000000000000152e-04 -3.873102766498030206e-03 9.999685143035413892e-01 6.926000038147501515e-03 -4.096999999999999947e-03 -2.853785408678399891e-03 -6.937076605208143502e-03 9.999718660427475703e-01 1.930058000000000051e-01
9.999852829899954498e-01 3.217447304333924830e-03 4.368276120242352463e-03 -8.249999999999999955e-04 -3.262441974114657899e-03 9.999412954730674263e-01 1.033257373597244212e-02 -4.544900000000000155e-03 -4.334775171145566382e-03 -1.034667291875059937e-02 9.999370760621530962e-01 2.219524999999999970e-01
9.999837107429480065e-01 2.237297284645238440e-03 5.250976063968314234e-03 -5.670000000000000127e-04 -2.304191711595074670e-03 9.999158290810804539e-01 1.276814213783058517e-02 -5.224300000000000298e-03 -5.221967954752852401e-03 -1.278003340980560405e-02 9.999046963569697688e-01 2.496480000000000088e-01
9.999324758742920150e-01 -1.506122377592370278e-03 1.152281594455837645e-02 8.274000000000000538e-04 1.466223053853149593e-03 9.999929035748649220e-01 3.470301120553097307e-03 -7.099099999999999681e-03 -1.152796087193233045e-02 -3.453171773120770199e-03 9.999275882396887472e-01 3.693998000000000004e-01
9.999078660411762076e-01 -3.141307057054099593e-03 1.320574189337822904e-02 1.239899999999999943e-03 3.111345040947510743e-03 9.999925404455547451e-01 2.288795596301386459e-03 -7.556700000000000396e-03 -1.321283319418640329e-02 -2.247497100950165971e-03 9.999101808641432942e-01 3.893159999999999954e-01
9.996953785253249736e-01 1.913926518504907668e-03 2.460664626455573087e-02 2.528400000000000092e-03 -1.942579379204984521e-03 9.999974627226733137e-01 1.140584749564082503e-03 -9.118299999999999322e-03 -2.460440083527128466e-02 -1.188037666580595919e-03 9.996965599750956555e-01 4.559173999999999727e-01
9.986959560684497417e-01 -1.567494020945070119e-03 5.102872029572481233e-02 7.919199999999999504e-03 2.372698076549173158e-03 9.998735758635123316e-01 -1.572267769021914660e-02 -1.287469999999999934e-02 -5.099762383055269493e-02 1.582325037428393075e-02 9.985734159846386682e-01 5.799216000000000371e-01
9.987907382670659917e-01 -2.093301001258423590e-03 4.911903137122528712e-02 8.034499999999999975e-03 2.924601541124525160e-03 9.998536090941683163e-01 -1.685844260872760431e-02 -1.304819999999999938e-02 -4.907655099693677275e-02 1.698170993405083429e-02 9.986506464574891329e-01 5.856706000000000412e-01
9.989325929881965882e-01 -1.681955383054825441e-03 4.616108417235858380e-02 8.190899999999999223e-03 2.503561316645599999e-03 9.998393817199091593e-01 -1.774663186871735035e-02 -1.320469999999999977e-02 -4.612382081540900708e-02 1.784325609409312743e-02 9.987763570316173789e-01 5.914724999999999566e-01
9.245411495341030461e-01 1.124902131287479866e-02 -3.809161618226009072e-01 -3.524200000000000249e-02 -1.073768207436454937e-02 9.999363368371009253e-01 3.467629805765301120e-03 -1.790579999999999949e-02 3.809309189365300830e-01 8.841901958573186206e-04 9.246030787347987445e-01 7.543256999999999879e-01
8.591467697482039201e-01 2.347333471208332134e-02 -5.111906010371484177e-01 -6.079890000000000294e-02 -1.471616127826924462e-02 9.996675658340294923e-01 2.117055541780332728e-02 -1.818439999999999987e-02 5.115176073494035469e-01 -1.066585097218299832e-02 8.592065973877182072e-01 7.913742999999999750e-01
8.311477509924530827e-01 2.668650599698970532e-02 -5.554108807161234340e-01 -7.110569999999999391e-02 -1.556997767261489307e-02 9.995729616102254633e-01 2.472792375103494839e-02 -1.830210000000000170e-02 5.558336008334342493e-01 -1.190482320050814669e-02 8.312083272977377479e-01 8.039602999999999611e-01
6.509610651758402922e-01 3.795111035063628707e-02 -7.581618592677220603e-01 -1.406931999999999905e-01 -1.641561403722387180e-02 9.992197225570208508e-01 3.592316340261785673e-02 -1.630730000000000027e-02 7.589336066092450261e-01 -1.093888825357091504e-02 6.510761257202259955e-01 8.648139000000000243e-01
5.171492665527451793e-01 3.819765938976765057e-02 -8.550424404210009710e-01 -1.969730000000000092e-01 -5.494003605491563913e-03 9.991312024417001725e-01 4.131169606522301641e-02 -1.443359999999999956e-02 8.558775917316333581e-01 -1.666670706965872259e-02 5.169098266110963014e-01 8.981268999999999503e-01
4.676077526537756879e-01 3.775445036752493599e-02 -8.831294305680968959e-01 -2.181330999999999964e-01 -4.265664842984601135e-03 9.991721854628893285e-01 4.045674110405817619e-02 -1.362520000000000051e-02 8.839257852113674430e-01 -1.515075162358493592e-02 4.673817079900621785e-01 9.075488000000000444e-01
4.153991185514366857e-01 3.663844107094554187e-02 -9.089010930473019334e-01 -2.404370000000000118e-01 3.561569647511572678e-04 9.991818849333945485e-01 4.044049917057271348e-02 -1.277969999999999974e-02 9.096391842147665274e-01 -1.712265916379474701e-02 4.150462252379301109e-01 9.161875000000000435e-01
3.081535496622832548e-01 3.466274479859777352e-02 -9.507049405328460434e-01 -2.892271000000000147e-01 7.959989090166368075e-03 9.992070673187941621e-01 3.901121882047601380e-02 -1.120059999999999979e-02 9.513033314375700655e-01 -1.958904651079047127e-02 3.076332895714943838e-01 9.306448999999999971e-01
2.550786515610483085e-01 4.051470052932946986e-02 -9.660711363863514478e-01 -3.159310000000000174e-01 8.888459336864083099e-03 9.989813122305963855e-01 4.424175747698649158e-02 -1.011519999999999954e-02 9.668794530904121221e-01 -1.987201185220880545e-02 2.544586927902668938e-01 9.360387999999999487e-01
2.038486233329256658e-01 4.558523313478110572e-02 -9.779405530426268367e-01 -3.438382999999999856e-01 1.141258680334115636e-02 9.987368330517779613e-01 4.893353827551211871e-02 -9.091500000000000623e-03 9.789358976090964948e-01 -2.113586586237860970e-02 2.030708830593896952e-01 9.403272000000000297e-01
1.557989417911934960e-01 4.693470402385958862e-02 -9.866731086306838039e-01 -3.726586000000000065e-01 1.705944917579042819e-02 9.985937049547222166e-01 5.019549400713024800e-02 -8.197499999999999926e-03 9.876414657812636611e-01 -2.465250459880138911e-02 1.547791623134172623e-01 9.437022000000000466e-01
7.114072798758735994e-02 4.655681016688271306e-02 -9.963791749371728734e-01 -4.343242999999999965e-01 1.913404525399436257e-02 9.986626255975211697e-01 4.802966319768640219e-02 -6.114099999999999917e-03 9.972827508453230294e-01 -2.248162942826747307e-02 7.015476608638826495e-02 9.471076999999999968e-01
3.562483428722711121e-02 4.230771255273723525e-02 -9.984692927879967872e-01 -4.663919999999999733e-01 1.629500701898304454e-02 9.989460764685516025e-01 4.290931197698188287e-02 -4.621199999999999787e-03 9.992323773418567701e-01 -1.779870126277834780e-02 3.489788396306392482e-02 9.469611999999999474e-01
7.036916653734232377e-03 4.227758401447048731e-02 -9.990811216782687909e-01 -4.998791000000000206e-01 1.416857421121222455e-02 9.990013490314727518e-01 4.237400309292104622e-02 -3.176800000000000023e-03 9.998748588242579727e-01 -1.445373734356966006e-02 6.430876143522779032e-03 9.462865999999999778e-01
-1.421910977655117987e-02 4.639783027284746092e-02 -9.988218350952959845e-01 -5.347066999999999792e-01 1.296242812506456094e-02 9.988474340824907705e-01 4.621448781417919482e-02 -1.816099999999999963e-03 9.998148790522498608e-01 -1.229002737167095988e-02 -1.480414985531608441e-02 9.453105000000000535e-01
-3.900565251620587842e-02 5.229348645270993912e-02 -9.978697060971462029e-01 -6.479633000000000198e-01 1.546251024146346256e-02 9.985416910182591810e-01 5.172428902776789877e-02 2.555599999999999886e-03 9.991193471496873091e-01 -1.341203090570834006e-02 -3.975735879263964101e-02 9.407529999999999504e-01
-3.824302017062879144e-02 4.865174468976803807e-02 -9.980834029012158881e-01 -6.874645000000000339e-01 2.281798016587281014e-02 9.985961481242973115e-01 4.780243437803639167e-02 4.068200000000000115e-03 9.990079134768549141e-01 -2.094613782916238814e-02 -3.929946718039589726e-02 9.396520999999999901e-01
-3.410483069596168676e-02 4.696953293349446362e-02 -9.983139403510347121e-01 -7.274397999999999698e-01 3.449676107096060623e-02 9.983551355351263368e-01 4.579297791422343167e-02 5.930300000000000328e-03 9.988227240100281401e-01 -3.287683571527036386e-02 -3.566902962709073144e-02 9.389988999999999697e-01
-2.852502485085983003e-02 4.693154718418713484e-02 -9.984907374814031567e-01 -7.693058000000000396e-01 3.500925502824903807e-02 9.983312812872416897e-01 4.592390298898023360e-02 7.612599999999999749e-03 9.989798171232615598e-01 -3.364643639782176343e-02 -3.012046311235083706e-02 9.379243000000000441e-01
-1.847279622107749972e-02 2.868076697640684763e-02 -9.994179152914057784e-01 -9.005547000000000413e-01 3.468562546622123294e-02 9.990051798252693738e-01 2.802780883869425421e-02 1.157640000000000058e-02 9.992275332404485511e-01 -3.414768349282880366e-02 -1.944922945214067056e-02 9.354799000000000309e-01
-1.752066246291126075e-02 2.036928138137650626e-02 -9.996389942188467215e-01 -9.463158000000000403e-01 2.704123157743881442e-02 9.994363971198841901e-01 1.989120174349784734e-02 1.265389999999999918e-02 9.994807642879558474e-01 -2.668296250478035744e-02 -1.806159822198538656e-02 9.338716999999999713e-01
-1.897585666914336500e-02 1.745340690134502409e-02 -9.996675924782242317e-01 -9.928719999999999768e-01 2.159850080317202853e-02 9.996214553697093663e-01 1.704261504580483963e-02 1.356779999999999965e-02 9.995866253740733898e-01 -2.126792307866939499e-02 -1.934564088347290323e-02 9.323040000000000216e-01
-2.728038792530435019e-02 3.185734220154377849e-02 -9.991200579422367944e-01 -1.090416700000000017e+00 7.259909426674164903e-03 9.994720023592967850e-01 3.167033651564367391e-02 1.512540000000000065e-02 9.996014576568810206e-01 -6.389542061162390915e-03 -2.749726536380014963e-02 9.284991999999999690e-01
-3.368284288322789810e-02 5.143221379135208549e-02 -9.981083074896353047e-01 -1.191813000000000011e+00 4.492699405174563343e-03 9.986726851945570971e-01 5.130968230605159608e-02 1.829220000000000151e-02 9.994224741055999228e-01 -2.755944631855404559e-03 -3.386920462348674832e-02 9.245181999999999567e-01
-3.448144229724293963e-02 5.923347366481737652e-02 -9.976484479688730866e-01 -1.243281999999999998e+00 6.305861715940580536e-03 9.982350882904794664e-01 5.905035659264235709e-02 2.021890000000000145e-02 9.993854442831960894e-01 -4.254891690533633974e-03 -3.479410368985647040e-02 9.224930000000000074e-01
-3.605515813776004330e-02 6.002862214565593546e-02 -9.975452822278071396e-01 -1.294923899999999906e+00 7.305334876109684933e-03 9.981834677790324406e-01 5.980298265950507314e-02 2.243730000000000030e-02 9.993230997300167617e-01 -5.131196343859299736e-03 -3.642819196819624405e-02 9.204345999999999917e-01
-3.793340221901119608e-02 5.724880014611512247e-02 -9.976390288465667444e-01 -1.346661799999999909e+00 6.172914450246817092e-03 9.983519531931663860e-01 5.705499699920885126e-02 2.474229999999999832e-02 9.992612031512483339e-01 -3.994050227521701857e-03 -3.822427814229301113e-02 9.183575000000000488e-01
-4.096508248556027937e-02 5.246706050607833488e-02 -9.977820751941792743e-01 -1.398729200000000006e+00 6.170060268791868752e-03 9.986145813982042485e-01 5.225751788182043944e-02 2.686559999999999990e-02 9.991415276992698935e-01 -4.015642008548894054e-03 -4.123205362370951921e-02 9.162521000000000138e-01
-5.104380814720942822e-02 4.291333748687555655e-02 -9.977740100421380598e-01 -1.502753100000000064e+00 6.141527609208045912e-03 9.990709876343665252e-01 4.265493296110915711e-02 3.041939999999999922e-02 9.986775311823413714e-01 -3.950586415825085157e-03 -5.125994126523059080e-02 9.104567000000000077e-01
-6.455724772644874654e-02 4.340357503020523394e-02 -9.969696542225262581e-01 -1.608962500000000073e+00 5.399591755018487427e-03 9.990542429969997418e-01 4.314468633065729475e-02 3.360780000000000017e-02 9.978993968205739362e-01 -2.597926921415423529e-03 -6.473055384318848748e-02 9.034071000000000184e-01
-7.116845497060116099e-02 4.816735324828209930e-02 -9.963006359017103630e-01 -1.663174900000000012e+00 4.112510069424247378e-03 9.988390469315782116e-01 4.799630804286300623e-02 3.553579999999999933e-02 9.974558327455036455e-01 -6.814733096159562853e-04 -7.128392045967923973e-02 8.997138999999999553e-01
-8.153673001908237628e-02 5.310171568308835743e-02 -9.952547259115668288e-01 -1.770929500000000045e+00 -1.869201014433156949e-03 9.985697556811946596e-01 5.343172396963244419e-02 3.995200000000000140e-02 9.966685847087602967e-01 6.216979195059337687e-03 -8.132085479337558542e-02 8.897718000000000016e-01
-8.587559181424038457e-02 5.542282090530099847e-02 -9.947631344463128134e-01 -1.879043500000000089e+00 -1.006400323549899375e-02 9.983523504125296766e-01 5.649159463719724550e-02 4.437939999999999940e-02 9.962550369104439252e-01 1.486254852562229542e-02 -8.517632348190240510e-02 8.796340999999999744e-01
-8.858170645814293642e-02 5.431283037186487861e-02 -9.945870488488979255e-01 -1.987880700000000056e+00 -1.175419246452942545e-02 9.983857627832891657e-01 5.556714524911883502e-02 4.850469999999999782e-02 9.959995583535516950e-01 1.661280014407272299e-02 -8.780031110937425165e-02 8.691875000000000018e-01
-9.081987264979497765e-02 5.275402773560623065e-02 -9.944690861407133875e-01 -2.097397599999999862e+00 -1.516255859717517002e-02 9.984069464298216401e-01 5.434764150785657832e-02 5.295500000000000207e-02 9.957519006000751238e-01 2.001454167224806999e-02 -8.987530569064894337e-02 8.588968999999999632e-01
-9.163206629333296716e-02 4.555307555378977635e-02 -9.947504620428204714e-01 -2.207224800000000098e+00 -2.525648126079009168e-02 9.985254483747190157e-01 4.805246198052311180e-02 5.694840000000000318e-02 9.954725885634105875e-01 2.952704278550394301e-02 -9.034643968195665842e-02 8.474220999999999560e-01
-9.079267770993545983e-02 4.475873928283583686e-02 -9.948634805500056189e-01 -2.263174799999999820e+00 -2.670997218146179547e-02 9.985206686596096448e-01 4.736086618329023862e-02 5.924460000000000143e-02 9.955115604855253597e-01 3.087279574928574605e-02 -8.946286057519936552e-02 8.419919000000000153e-01
-8.896047996303674266e-02 4.896035453172210145e-02 -9.948310995786543431e-01 -2.319507100000000044e+00 -2.758002951184563428e-02 9.982870931531443448e-01 5.159672098080648334e-02 6.117659999999999765e-02 9.956532403286156852e-01 3.202754014865254878e-02 -8.745777092491313631e-02 8.364483999999999808e-01
-8.576533856745613416e-02 5.166563248007927101e-02 -9.949748585370601361e-01 -2.431322799999999784e+00 -2.569632299735971626e-02 9.982076239098441883e-01 5.404848335224887029e-02 6.556120000000000003e-02 9.959839384672952711e-01 3.020268181298373794e-02 -8.428399804517272553e-02 8.265789999999999527e-01
-8.338845891258937770e-02 5.092731747398252656e-02 -9.952149382194220850e-01 -2.487827799999999812e+00 -2.539189071100580314e-02 9.982604218395568774e-01 5.321073270337799144e-02 6.776269999999999516e-02 9.961935639253568509e-01 2.970754994297235274e-02 -8.195025729112792590e-02 8.218661000000000438e-01
-7.909449059698166196e-02 5.145628629979744073e-02 -9.955382022591786617e-01 -2.543931199999999837e+00 -2.995665699832157636e-02 9.980931888326416423e-01 5.396837136113587924e-02 7.002690000000000303e-02 9.964169108654715723e-01 3.409159729496167440e-02 -7.740221401994440420e-02 8.166107999999999700e-01
-7.355150568808993539e-02 5.241729148882166844e-02 -9.959129497922952767e-01 -2.600746200000000119e+00 -3.476325356120298082e-02 9.978761587372264596e-01 5.508800255660925571e-02 7.231630000000000003e-02 9.966853526629427806e-01 3.867297993190313421e-02 -7.157309837035308320e-02 8.118514000000000008e-01
-6.756862211732846124e-02 5.216597432152215996e-02 -9.963499347258734096e-01 -2.657752299999999845e+00 -3.857383861490007448e-02 9.977489520161256786e-01 5.485515222141416902e-02 7.447099999999999553e-02 9.969686756762609070e-01 4.213952863771931734e-02 -6.540428003207066077e-02 8.073455999999999966e-01
-6.195388027118774177e-02 5.104377022777619594e-02 -9.967729180913160736e-01 -2.714745300000000139e+00 -3.994816785972870460e-02 9.977642987995805068e-01 5.357749458151558897e-02 7.698140000000000538e-02 9.972792290045924268e-01 4.313858553447692812e-02 -5.977626480544218079e-02 8.036725000000000119e-01
-5.610428262550057332e-02 5.037694770207164219e-02 -9.971531841253381545e-01 -2.771802399999999889e+00 -3.991631612659285455e-02 9.978146164326436862e-01 5.265623363152728553e-02 7.912589999999999901e-02 9.976266822704572546e-01 4.275692193784325079e-02 -5.397081107822376822e-02 8.000549000000000133e-01
-5.090168946662312899e-02 5.016626005953223055e-02 -9.974429128331518957e-01 -2.829066500000000151e+00 -3.814704961063299093e-02 9.979111104207839533e-01 5.213653522014929931e-02 8.117499999999999716e-02 9.979748597111288699e-01 4.070334200526222468e-02 -4.888166664666093730e-02 7.971806999999999643e-01
-4.548257928010368545e-02 5.074172473824910268e-02 -9.976756047697151741e-01 -2.886411199999999955e+00 -3.697562688204843184e-02 9.979392594704113995e-01 5.244079923424646572e-02 8.339409999999999878e-02 9.982805908153823404e-01 3.927482371997062516e-02 -4.351264440431779068e-02 7.944101999999999553e-01
-3.990205971163972992e-02 5.257056568602331420e-02 -9.978197037813094639e-01 -2.944253400000000020e+00 -3.593091095168560872e-02 9.978936555646912288e-01 5.401131198109618975e-02 8.542639999999999956e-02 9.985573570250987352e-01 3.800773351817724605e-02 -3.792910391586457042e-02 7.919646999999999659e-01
-3.439012481397937110e-02 5.375819433911802753e-02 -9.979616104122828180e-01 -3.002456899999999873e+00 -3.687927750958266276e-02 9.978039163176694037e-01 5.502057316579365975e-02 8.781100000000000017e-02 9.987278098689604811e-01 3.869626755281289909e-02 -3.233203785459570767e-02 7.897153000000000089e-01
-2.904468716442405035e-02 5.287420232146593929e-02 -9.981787038784134536e-01 -3.060809100000000171e+00 -3.665679633080656113e-02 9.978719451184023814e-01 5.392458092908777867e-02 9.021659999999999402e-02 9.989057440170631130e-01 3.815625603337750860e-02 -2.704467961046752578e-02 7.878821999999999770e-01
-2.423129458822836924e-02 4.832680187543429706e-02 -9.985376130036718312e-01 -3.118650399999999934e+00 -3.658430656331307373e-02 9.981189843575634102e-01 4.919432465546867694e-02 9.233500000000000041e-02 9.990367525150711803e-01 3.772284832192082660e-02 -2.241771260903602236e-02 7.862632999999999983e-01
-1.994444595848589991e-02 4.314380573037130545e-02 -9.988697768490690798e-01 -3.177015299999999876e+00 -3.676920995036837142e-02 9.983609950014582513e-01 4.385600140601078611e-02 9.430479999999999419e-02 9.991247390966930819e-01 3.760233618803848765e-02 -1.832539326090887322e-02 7.848368999999999485e-01
-1.642295440808525658e-02 4.244044569303024456e-02 -9.989640109322689421e-01 -3.235397799999999879e+00 -3.653947672627787940e-02 9.984059125328135220e-01 4.301744367218625353e-02 9.624459999999999960e-02 9.991972544042938553e-01 3.720809574402955677e-02 -1.484602310463578601e-02 7.839791999999999872e-01
-1.300551753195804128e-02 4.415651190968526707e-02 -9.989399676505567038e-01 -3.294704199999999972e+00 -3.659314900373729362e-02 9.983342288356328309e-01 4.460615407264598153e-02 9.850420000000000009e-02 9.992456144310645216e-01 3.713448520085037285e-02 -1.136802749607923602e-02 7.826815999999999773e-01
-1.104348796592626546e-02 4.388822373518470876e-02 -9.989754077007685362e-01 -3.353491800000000023e+00 -3.605812463426355530e-02 9.983690931433812921e-01 4.426020225803854735e-02 1.002113000000000032e-01 9.992886735180211977e-01 3.650996676844467381e-02 -9.442950024261875797e-03 7.819616999999999818e-01
-1.037107721902099863e-02 4.366768780995843036e-02 -9.989922791486671727e-01 -3.412478399999999912e+00 -3.803262537151384792e-02 9.983058932137149899e-01 4.403252186869211632e-02 1.019728000000000023e-01 9.992226779675623671e-01 3.845096378634450113e-02 -8.692710695406780097e-03 7.811890999999999696e-01
-9.483185128461012539e-03 4.461599490802372475e-02 -9.989591994662175845e-01 -3.471576699999999960e+00 -3.931189255891493622e-02 9.982151757928400260e-01 4.495595533748367179e-02 1.037073000000000023e-01 9.991819875794677452e-01 3.969730236724780537e-02 -7.712320111849413351e-03 7.803394999999999637e-01
-8.684021419936783365e-03 4.437908679289856440e-02 -9.989770189686081325e-01 -3.530612699999999826e+00 -3.970887873832212867e-02 9.982113932436912362e-01 4.469026010031783291e-02 1.053812999999999972e-01 9.991735548548729140e-01 4.005634848456866848e-02 -6.906245344576511513e-03 7.796999999999999487e-01
-6.882140131792455554e-03 4.237530924765232909e-02 -9.990780596696996474e-01 -3.589981299999999820e+00 -4.053266917008994941e-02 9.982688123733954866e-01 4.262019442187617302e-02 1.069985999999999993e-01 9.991545120136094971e-01 4.078861861814292444e-02 -5.152641465236418306e-03 7.784526999999999974e-01
-6.812879316360870643e-03 4.175207566341446186e-02 -9.991047737115548166e-01 -3.649378500000000081e+00 -3.897532636038347764e-02 9.983576749321010357e-01 4.198662690989758001e-02 1.083223999999999992e-01 9.992169477198242777e-01 3.922648444566314424e-02 -5.174389578670002265e-03 7.782297999999999716e-01
-6.368880075374813536e-03 4.112865090754309894e-02 -9.991335603617319538e-01 -3.708939599999999892e+00 -3.515172226281411405e-02 9.985271017180805675e-01 4.132775769924983134e-02 1.101118999999999987e-01 9.993616931764710554e-01 3.538447694986290859e-02 -4.913756449107853364e-03 7.778194999999999970e-01
-6.406090229435494610e-03 4.181447538328984803e-02 -9.991048551860771676e-01 -3.768228500000000203e+00 -3.323291332617556160e-02 9.985645487192310599e-01 4.200494629223331527e-02 1.116203999999999946e-01 9.994271036347907033e-01 3.347225253219075075e-02 -5.007277762818507227e-03 7.775294999999999845e-01
-6.616126212296454673e-03 4.527190576897619639e-02 -9.989527923891036165e-01 -3.828695300000000135e+00 -3.259953693889971332e-02 9.984339075315898926e-01 4.546429898909645079e-02 1.128847999999999935e-01 9.994465954043326716e-01 3.286619599597104951e-02 -5.129921582455176932e-03 7.772928000000000059e-01
-6.386943687392945476e-03 4.902219476758148953e-02 -9.987772681486616344e-01 -3.888093000000000021e+00 -3.520759283661067940e-02 9.981673570249995908e-01 4.921740318605341558e-02 1.145721999999999990e-01 9.993596111295400819e-01 3.547889217402944162e-02 -4.649285226578481200e-03 7.763544000000000000e-01
-5.696200214992595996e-03 4.879445305897942009e-02 -9.987925984176024841e-01 -3.947555299999999878e+00 -3.777602296103008128e-02 9.980853610617421712e-01 4.897534199471677285e-02 1.163922000000000012e-01 9.992699962434370420e-01 3.800938548472987399e-02 -3.842033669133937401e-03 7.754670999999999648e-01
-5.790797302897705487e-03 4.718593386114498106e-02 -9.988693379577971987e-01 -4.006967099999999782e+00 -3.882427518937308503e-02 9.981223454026046937e-01 4.737572441687180197e-02 1.180620000000000003e-01 9.992292741521419108e-01 3.905472127227648665e-02 -3.947964504426693111e-03 7.749162000000000550e-01
-5.583517670429334959e-03 4.487296389977369487e-02 -9.989770975559315591e-01 -4.065273300000000312e+00 -3.810709919098117376e-02 9.982574915617397071e-01 4.505362951097116597e-02 1.197685000000000000e-01 9.992580614244110926e-01 3.831967708257386085e-02 -3.863809857451494523e-03 7.746106000000000380e-01
-5.843979745900791667e-03 4.412533988041549005e-02 -9.990089100109004194e-01 -4.123995299999999808e+00 -3.575020622927881087e-02 9.983781083247761368e-01 4.430660867642285256e-02 1.214747000000000049e-01 9.993436699430749970e-01 3.597370148149128116e-02 -4.257011443138836171e-03 7.744377999999999540e-01
-5.644735144475652479e-03 4.603291421418533036e-02 -9.989239749721189332e-01 -4.181951999999999892e+00 -3.449728371074252398e-02 9.983363291498742464e-01 4.620077181319024590e-02 1.227937999999999946e-01 9.993888504389717431e-01 3.472095489043165034e-02 -4.047333661480134737e-03 7.737808999999999937e-01
-5.287691788132395029e-03 4.858389611739342973e-02 -9.988051087943073947e-01 -4.241191399999999945e+00 -3.406631651757449641e-02 9.982305642756446051e-01 4.873629679050985042e-02 1.247053000000000050e-01 9.994055865335546018e-01 3.428331349188046273e-02 -3.623261174590997058e-03 7.734337000000000018e-01
-4.736960834277511787e-03 5.070198063567964153e-02 -9.987025935490870809e-01 -4.299535800000000130e+00 -3.400055626189465996e-02 9.981281770115522090e-01 5.083408727888407558e-02 1.266220999999999874e-01 9.994105879847058338e-01 3.419724280135218869e-02 -3.004198536899593819e-03 7.728880999999999668e-01
-4.599438760058398995e-03 5.141878584559847476e-02 -9.986665878186057332e-01 -4.357664100000000040e+00 -3.551771521755700545e-02 9.980386194929343757e-01 5.155003303939028475e-02 1.282357000000000080e-01 9.993584627493864447e-01 3.570745668347428264e-02 -2.764139718034464011e-03 7.723927000000000431e-01
-4.022952131543694985e-03 4.916319143354953847e-02 -9.987826572704471273e-01 -4.415577899999999723e+00 -3.544874987042882786e-02 9.981559738011775984e-01 4.927512656144752978e-02 1.302094000000000029e-01 9.993633983635638041e-01 3.560382806793478683e-02 -2.272760026456599469e-03 7.717420000000000391e-01
-3.726348630337810580e-03 4.780786317473036812e-02 -9.988495995616913925e-01 -4.472983400000000387e+00 -3.418614992785917045e-02 9.982665871910042510e-01 4.790749472822639077e-02 1.319742999999999888e-01 9.994085358245620165e-01 3.432534219336152992e-02 -2.085522551669272140e-03 7.713440999999999770e-01
-3.703461951893163590e-03 4.911657434514357656e-02 -9.987861865755699453e-01 -4.530358800000000130e+00 -3.349350122592381629e-02 9.982265483275120088e-01 4.921324608040236748e-02 1.334108999999999989e-01 9.994320736024034924e-01 3.363510574889254368e-02 -2.051807998058374771e-03 7.708996999999999655e-01
-3.382872210670866912e-03 5.201748500965178157e-02 -9.986404445188854506e-01 -4.587771400000000277e+00 -3.113414040632809035e-02 9.981565459325184575e-01 5.209774575951534037e-02 1.351623000000000130e-01 9.995094904385677381e-01 3.126805183145733857e-02 -1.757116359259791594e-03 7.706893000000000216e-01
-3.637585625530215770e-03 5.465240891396260653e-02 -9.984988143061152011e-01 -4.644756799999999686e+00 -2.974943012698248040e-02 9.980575495263213082e-01 5.473663526957570080e-02 1.370451000000000030e-01 9.995507687846260092e-01 2.990387990572113130e-02 -2.004641775351645450e-03 7.708665999999999574e-01
-2.901182005004722744e-03 5.654466981205552578e-02 -9.983958550889621142e-01 -4.702216100000000232e+00 -3.054126875560031831e-02 9.979292956515405377e-01 5.660699411926283647e-02 1.391459999999999919e-01 9.995292962418721450e-01 3.065650332744557921e-02 -1.168228557384631827e-03 7.702742999999999673e-01
-2.721018346275141334e-03 5.856236320370019482e-02 -9.982800437127635762e-01 -4.759757999999999711e+00 -3.310181441675060648e-02 9.977313858137711877e-01 5.862040297073001227e-02 1.411562000000000094e-01 9.994482807736867480e-01 3.320438793487498486e-02 -7.763249268785132884e-04 7.698194999999999899e-01
-2.234630283525932803e-03 5.770352897416240051e-02 -9.983312622428610617e-01 -4.816560700000000139e+00 -3.515504139537350276e-02 9.977121191084722396e-01 5.774643234496350946e-02 1.434840000000000004e-01 9.993793721565329413e-01 3.522541877692688533e-02 -2.009477658547753620e-04 7.691837000000000257e-01
-2.321906787692774605e-03 5.394125277965957505e-02 -9.985414112581560975e-01 -4.873281500000000044e+00 -3.736361007100002379e-02 9.978421726485411369e-01 5.399036142221474988e-02 1.453804999999999958e-01 9.992990390225198194e-01 3.743447251665205089e-02 -3.014565781183087267e-04 7.688458999999999710e-01
-1.846990323145122383e-03 5.200622203555613915e-02 -9.986450528072196020e-01 -4.929771900000000429e+00 -3.828629443096207702e-02 9.979108793160051949e-01 5.203879900135084668e-02 1.475661000000000056e-01 9.992651041067589501e-01 3.833053368198448274e-02 1.479937916374352014e-04 7.682489000000000123e-01
-1.929557446473917012e-03 5.049243294884187688e-02 -9.987225796100576147e-01 -4.986466400000000299e+00 -3.842582227350552909e-02 9.979830897451137384e-01 5.052928621503825768e-02 1.493404999999999871e-01 9.992595923936211655e-01 3.847423550511427925e-02 1.454755237639826504e-05 7.678616999999999804e-01
-1.631821635650750882e-03 5.083948423766582875e-02 -9.987055041405336064e-01 -5.043512800000000240e+00 -3.702866025659688060e-02 9.980188509242977624e-01 5.086503238321677528e-02 1.514028000000000040e-01 9.993128716662017519e-01 3.706372946955414222e-02 2.539292357315314774e-04 7.677273000000000014e-01
-1.869154857554829706e-03 5.302576190761489061e-02 -9.985913953335646687e-01 -5.100505799999999645e+00 -3.749431256805689505e-02 9.978872513857079962e-01 5.305855300444643763e-02 1.534226999999999952e-01 9.992950929456060338e-01 3.754067255649182200e-02 1.229586879037958269e-04 7.675551000000000457e-01
-1.639985155999127732e-03 5.512114022043988065e-02 -9.984783274310399248e-01 -5.157556099999999866e+00 -3.623347990156967208e-02 9.978207431570235153e-01 5.514435111403392237e-02 1.554209000000000007e-01 9.993420062135439652e-01 3.626878032638970045e-02 3.608195192034147070e-04 7.673077999999999843e-01
-2.456890054800354561e-03 5.410381330822957441e-02 -9.985322934571354558e-01 -5.214259099999999592e+00 -3.988103630275138117e-02 9.977356013630720444e-01 5.415877321438945791e-02 1.577320999999999862e-01 9.992014144478966742e-01 3.995556479612423495e-02 -2.936105336464045479e-04 7.668038999999999827e-01
-3.056716404746799565e-03 5.548440972305806324e-02 -9.984548746751175097e-01 -5.271750899999999795e+00 -4.399939379595018546e-02 9.974851174161002421e-01 5.556522184764209338e-02 1.598095999999999961e-01 9.990268814353343574e-01 4.410125634347168699e-02 -6.077487289558591854e-04 7.664052000000000087e-01
-3.063595703376832159e-03 5.476702072692896800e-02 -9.984944605865684331e-01 -5.329783400000000171e+00 -4.730989018824690445e-02 9.973731387485557098e-01 5.485067358957467637e-02 1.619508000000000059e-01 9.988755621556382192e-01 4.740670357185972766e-02 -4.645263260051324394e-04 7.656631000000000409e-01
-3.224769200409790051e-03 5.119740836494093839e-02 -9.986833463317176252e-01 -5.388011500000000176e+00 -4.880228689705150280e-02 9.974904905506054575e-01 5.129384031957685136e-02 1.641510999999999942e-01 9.988032527265927607e-01 4.890344198342124610e-02 -7.181260002179223889e-04 7.650548000000000348e-01
-3.960750258831681643e-03 4.711866951368069711e-02 -9.988814461389536881e-01 -5.446466899999999889e+00 -4.880778473554733821e-02 9.976896672668081889e-01 4.725598351800471691e-02 1.662657999999999914e-01 9.988003367072897376e-01 4.894035974843256170e-02 -1.651841729211622756e-03 7.646404999999999452e-01
-4.793685464035291749e-03 4.629632115194657477e-02 -9.989162483549199889e-01 -5.505601399999999757e+00 -4.509262053442645440e-02 9.979015959692690840e-01 4.646568987246351562e-02 1.682026000000000077e-01 9.989713089738917473e-01 4.526649323485928272e-02 -2.696003933290835874e-03 7.644383999999999624e-01
-5.430519068715548847e-03 4.544089373499914097e-02 -9.989522684489030580e-01 -5.564627200000000329e+00 -4.063703071483923401e-02 9.981317740425917906e-01 4.562448225755220965e-02 1.701700999999999908e-01 9.991592171407547296e-01 4.084221863651629758e-02 -3.573790637610319010e-03 7.642615000000000380e-01
-5.916836026197780027e-03 4.724564969385203900e-02 -9.988657765868468319e-01 -5.624982400000000382e+00 -4.012843991101609081e-02 9.980674446622966878e-01 4.744559216177432481e-02 1.724027999999999949e-01 9.991770110254473147e-01 4.036365308392278473e-02 -4.009507198356354607e-03 7.637426999999999966e-01
-6.579779715589436674e-03 5.128548353456231085e-02 -9.986623581959626073e-01 -5.685296100000000408e+00 -3.932800131237628588e-02 9.978980445588687687e-01 5.150534902667526505e-02 1.743943000000000021e-01 9.992046911477490134e-01 3.961428838452166201e-02 -4.548993748061724851e-03 7.630324000000000551e-01
-7.173481406671282368e-03 5.128644117684784398e-02 -9.986582208723469023e-01 -5.745730899999999863e+00 -3.798065390243887673e-02 9.979493300256662147e-01 5.152285541841591238e-02 1.767762999999999973e-01 9.992527263378623292e-01 3.829929049914061051e-02 -5.210878391513573682e-03 7.625463999999999576e-01
-7.705849634023601707e-03 4.664203092351341950e-02 -9.988819453933222015e-01 -5.805981199999999731e+00 -3.743096082835180305e-02 9.981980866583877177e-01 4.689885886671661674e-02 1.790528000000000119e-01 9.992695047147612808e-01 3.775050652459950584e-02 -5.946108328306776158e-03 7.617880999999999680e-01
-9.060203761489160970e-03 4.199150217791906836e-02 -9.990768871576612975e-01 -5.927594199999999702e+00 -3.704172008234372926e-02 9.984180707613713457e-01 4.229972754619729103e-02 1.824965000000000059e-01 9.992726473196099635e-01 3.739077054545741907e-02 -7.490433690739317640e-03 7.599462000000000161e-01
-9.777078186799594700e-03 4.339082853381284050e-02 -9.990103326499072400e-01 -5.988808200000000248e+00 -3.917344566281943247e-02 9.982745396876406829e-01 4.374225150047866134e-02 1.841808000000000056e-01 9.991845925038232989e-01 3.956234839564313349e-02 -8.060439962583432205e-03 7.590565999999999702e-01
-1.032036001147523807e-02 4.771462432648791024e-02 -9.988076915976445980e-01 -6.051201299999999783e+00 -4.397775875720890543e-02 9.978727383376375659e-01 4.812436822689131199e-02 1.865255000000000107e-01 9.989792024381319857e-01 4.442198451135224990e-02 -8.200023667459865884e-03 7.578654999999999697e-01
-1.047949738091342314e-02 5.123519066242050723e-02 -9.986316314699975605e-01 -6.176624799999999915e+00 -5.702200602684083519e-02 9.970307315402738846e-01 5.175143662683381884e-02 1.906996999999999998e-01 9.983179207864188998e-01 5.748630795286550910e-02 -7.526847589127583227e-03 7.549846000000000057e-01
-1.027706741922492992e-02 4.898298405153413831e-02 -9.987467392480778861e-01 -6.239354600000000417e+00 -6.050765945524316097e-02 9.969387625884933435e-01 4.951693443431140484e-02 1.932330999999999910e-01 9.981148255749482390e-01 6.094071645403198456e-02 -7.281761157868826828e-03 7.538618999999999737e-01
-1.083956610627980453e-02 4.778240464041800389e-02 -9.987989515480116820e-01 -6.302283300000000033e+00 -6.281257593584331500e-02 9.968524615435782055e-01 4.837096462561904509e-02 1.953527999999999931e-01 9.979664744423691891e-01 6.326145525743406828e-02 -7.804112235235916017e-03 7.528032999999999531e-01
-1.123871845268474903e-02 4.727500490842965336e-02 -9.988186848064312118e-01 -6.364798999999999651e+00 -6.247832283449377550e-02 9.968968300484511991e-01 4.788704851145306196e-02 1.971330000000000027e-01 9.979830411301234827e-01 6.294270529821098525e-02 -8.250179780617261649e-03 7.517713000000000312e-01
-1.174845814073428515e-02 4.628359447140414223e-02 -9.988592506525239001e-01 -6.427503599999999651e+00 -6.045050254228261782e-02 9.970682208587891004e-01 4.691161578835659901e-02 1.989990000000000092e-01 9.981020541376018906e-01 6.093268282535665298e-02 -8.916147710956279226e-03 7.509388999999999648e-01
-1.239651222938674760e-02 4.703160591976281169e-02 -9.988164769011144140e-01 -6.489978299999999756e+00 -6.037526266704712485e-02 9.970355142752406197e-01 4.769707466702335225e-02 2.008427999999999880e-01 9.980987697329514186e-01 6.089508451849514475e-02 -9.520217384787144077e-03 7.501813999999999982e-01
-1.316469829315769849e-02 5.200442692818548623e-02 -9.985600784623429593e-01 -6.552688599999999752e+00 -6.012859042181763897e-02 9.967982217235522580e-01 5.270538665686155116e-02 2.029545000000000099e-01 9.981038239245128008e-01 6.073586048320214065e-02 -9.995594961260456657e-03 7.493094999999999617e-01
-1.373648524350665548e-02 5.590596797727167416e-02 -9.983415406150737414e-01 -6.615469499999999670e+00 -5.874054225738941509e-02 9.966662835426814970e-01 5.662038453178261377e-02 2.053518000000000010e-01 9.981787703955953273e-01 5.942088853040951302e-02 -1.040674482217551766e-02 7.483686000000000504e-01
-1.388661358434088375e-02 5.479238077993420220e-02 -9.984012004057416512e-01 -6.677453500000000375e+00 -5.912369185310620279e-02 9.967054401110545525e-01 5.552165986971278194e-02 2.076568000000000025e-01 9.981540717869250567e-01 5.980017275473231003e-02 -1.060133546710173569e-02 7.473572000000000548e-01
-1.288933733365987822e-02 5.322574023239103058e-02 -9.984993167548056325e-01 -6.739997899999999653e+00 -5.922738773809699264e-02 9.967883452385234433e-01 5.389908476372459734e-02 2.102969000000000088e-01 9.981613003542165741e-01 5.983322967515694590e-02 -9.695519677648922752e-03 7.460067000000000226e-01
-1.152165674918080064e-02 5.287029572621691764e-02 -9.985349183957344943e-01 -6.802283300000000033e+00 -5.815777428904707336e-02 9.968753175377720321e-01 5.345348046395483749e-02 2.122564999999999868e-01 9.982409151680259329e-01 5.868844105774590619e-02 -8.410836504960328419e-03 7.448403000000000107e-01
-1.066257832737883653e-02 5.236587126649477203e-02 -9.985710415137790674e-01 -6.864352199999999904e+00 -5.854571880881660056e-02 9.968820044613977416e-01 5.290243841435649658e-02 2.144244999999999901e-01 9.982277837410514776e-01 5.902613580039525049e-02 -7.563534881377176333e-03 7.438626000000000404e-01
-9.710533023940431593e-03 5.458624881493407549e-02 -9.984618405270705432e-01 -6.926621400000000150e+00 -5.874525977377764024e-02 9.967531953236016262e-01 5.506416317625642542e-02 2.166321999999999970e-01 9.982257760659672963e-01 5.918960257092557853e-02 -6.472321453198648378e-03 7.428997000000000517e-01
-8.972417418237269363e-03 5.787942703218555002e-02 -9.982832602283278067e-01 -6.988796699999999973e+00 -5.939991299745672054e-02 9.965296803001817416e-01 5.831163363096717595e-02 2.191847000000000101e-01 9.981939421082297592e-01 5.982113512165643937e-02 -5.503247331261285069e-03 7.422279000000000515e-01
-7.567536892567639298e-03 5.904319816646330654e-02 -9.982267443500277837e-01 -7.050546200000000319e+00 -6.083740603431188332e-02 9.963789593585565818e-01 5.939511237952224687e-02 2.214675000000000116e-01 9.981190021297040582e-01 6.117900046450211460e-02 -3.948099513506608815e-03 7.413049999999999917e-01
-6.658663686148516905e-03 5.655184668606510340e-02 -9.983774590976655094e-01 -7.112013799999999719e+00 -6.309860349691641390e-02 9.963862298379757565e-01 5.685989118881137894e-02 2.237765999999999922e-01 9.979850842746367245e-01 6.337483432451977705e-02 -3.066258254938114547e-03 7.403410999999999742e-01
-6.593797500782172874e-03 5.364201270774862640e-02 -9.985384601041568109e-01 -7.173476199999999636e+00 -6.193390374270565935e-02 9.966211946165945967e-01 5.394799355102283117e-02 2.258960999999999886e-01 9.980584719352411094e-01 6.219910701652931612e-02 -3.249259090682743434e-03 7.399255000000000138e-01
-6.654386804414465575e-03 5.192097688819868884e-02 -9.986290258625734051e-01 -7.234968699999999586e+00 -5.872471912201682187e-02 9.969073122303993006e-01 5.222277458735324202e-02 2.281794000000000044e-01 9.982520355603075046e-01 5.899171959297689477e-02 -3.584762079430037218e-03 7.396255999999999942e-01
