1.000000000000000000e+00 0.000000000000000000e+00 0.000000000000000000e+00 0.000000000000000000e+00 0.000000000000000000e+00 1.000000000000000000e+00 0.000000000000000000e+00 0.000000000000000000e+00 0.000000000000000000e+00 0.000000000000000000e+00 1.000000000000000000e+00 0.000000000000000000e+00
9.999942023987367090e-01 3.363999012043810723e-03 5.279010905875937409e-04 -4.474999999999999811e-04 -3.363590575503301768e-03 9.999940445874442307e-01 -7.726888669058731493e-04 -1.225500000000000027e-03 -5.304972713036993411e-04 7.709087440308237671e-04 9.999995621360808773e-01 5.540760000000000129e-02
9.999943761388595531e-01 3.163593398985900008e-03 1.113268817085020243e-03 -7.975000000000000318e-04 -3.162797494457710197e-03 9.999947420417416577e-01 -7.159615070892783213e-04 -1.936900000000000080e-03 -1.115527974661805312e-03 7.124364367958461227e-04 9.999991240154469940e-01 8.250359999999999638e-02
9.999904159929825509e-01 4.075424381156419161e-03 1.599636926040447216e-03 -6.285000000000000439e-04 -4.080147174174287954e-03 9.999872943109442414e-01 2.960340472633228668e-03 -3.037699999999999949e-03 -1.587551957812369328e-03 -2.966838854792853541e-03 9.999943387569706355e-01 1.343203000000000036e-01
9.999875773045898697e-01 3.894437835618572326e-03 3.111043304313054324e-03 -6.250000000000000130e-04 -3.915492963489213343e-03 9.999692772411680197e-01 6.790691321878004026e-03 -3.417900000000000191e-03 -3.084501799265971459e-03 -6.802788231355236769e-03 9.999721035713594608e-01 1.590044999999999931e-01
9.999833694333096767e-01 2.266320320699210730e-03 5.303267767047020916e-03 -3.695999999999999850e-04 -2.334365570410041821e-03 9.999145819470660612e-01 1.285999793965272517e-02 -4.430800000000000363e-03 -5.273669897585387019e-03 -1.287216383628541141e-02 9.999032432210545052e-01 2.056319000000000063e-01
9.999756922364004819e-01 2.792379013014766129e-03 6.388861853200423525e-03 -2.047999999999999907e-04 -2.873471644742546949e-03 9.999149809771185060e-01 1.271903998876195742e-02 -4.805099999999999649e-03 -6.352802298078024344e-03 -1.273708903072204822e-02 9.998986991020565318e-01 2.274731999999999865e-01
9.999288335520546411e-01 -1.465236492252246529e-03 1.183980207812332895e-02 8.903999999999999589e-04 1.423107624795094629e-03 9.999926295954121303e-01 3.565882715564740527e-03 -5.953599999999999864e-03 -1.184493967547370873e-02 -3.548779631744642012e-03 9.999235488612164824e-01 3.045165000000000233e-01
9.998715907642171663e-01 1.115560990028226750e-03 1.598616609169998745e-02 1.181500000000000042e-03 -1.123566978600994831e-03 9.999992478476513735e-01 4.918347039816963091e-04 -6.676099999999999916e-03 -1.598560539605831457e-02 -5.097330761982916611e-04 9.998720921159428565e-01 3.363463999999999898e-01
9.993568874259692869e-01 -5.498273494932140112e-03 3.543417196511552264e-02 3.638900000000000034e-03 5.416364409197588908e-03 9.999824341266071448e-01 2.407163229312066222e-03 -8.380200000000000843e-03 -3.544678477471870787e-02 -2.213690764470312503e-03 9.993691135022805261e-01 4.123066000000000231e-01
9.987881656850008394e-01 -6.245760777184610662e-04 4.921188872939555314e-02 5.722999999999999789e-03 9.837256420438464377e-04 9.999730592063791335e-01 -7.274142237853083517e-03 -9.902899999999999203e-03 -4.920601966682991435e-02 7.313738179513583001e-03 9.987618719506612397e-01 4.587823999999999791e-01
9.989233813496291026e-01 -1.752382561686471885e-03 4.635738720399140700e-02 7.285599999999999715e-03 2.578678943809737875e-03 9.998387635283465524e-01 -1.777068825374491720e-02 -1.082070000000000080e-02 -4.631877165823854170e-02 1.787109681761397603e-02 9.987668373001815647e-01 4.870895000000000086e-01
9.997327180089788934e-01 -9.460203610371543817e-04 2.309973133731309941e-02 6.751499999999999689e-03 1.441282679692441979e-03 9.997692490580554203e-01 -2.143294991663877852e-02 -1.145499999999999990e-02 -2.307412504553011529e-02 2.146051451779362046e-02 9.995033922253665493e-01 5.056954000000000171e-01
9.412973381575248100e-01 9.337017605535926495e-03 -3.374494647792353197e-01 -2.301150000000000070e-02 -1.054616537501777002e-02 9.999428560207475059e-01 -1.750168264347555210e-03 -1.470650000000000082e-02 3.374138402221242838e-01 5.206226589831179120e-03 9.413420184137401003e-01 6.109784000000000326e-01
9.246653804175165581e-01 1.153639197980930314e-02 -3.806058931722124949e-01 -2.859130000000000005e-02 -1.098389192737269163e-02 9.999331092770206153e-01 3.623684549981988617e-03 -1.485960000000000059e-02 3.806222384142277093e-01 8.298383446025659436e-04 9.247302433644444264e-01 6.212417999999999552e-01
8.839195103741920301e-01 1.890559521166175830e-02 -4.672567577355531965e-01 -4.198640000000000011e-02 -1.239065223562568936e-02 9.997785037538469144e-01 1.701220646756009675e-02 -1.495989999999999993e-02 4.674748880068579915e-01 -9.247805221343141299e-03 8.839579781763179378e-01 6.417840000000000211e-01
6.913773765808159943e-01 3.842790799184118283e-02 -7.214711491387575393e-01 -1.021034999999999998e-01 -1.910825098915529263e-02 9.992077746322685083e-01 3.490985331629280208e-02 -1.368340000000000008e-02 7.222410940235706178e-01 -1.034983100346195325e-02 6.915639399953092958e-01 7.028931000000000484e-01
6.084387003480257183e-01 3.709960125940733183e-02 -7.927332259374514356e-01 -1.299989000000000006e-01 -1.159837944974980058e-02 9.992157069833532690e-01 3.786091007750736620e-02 -1.291630000000000035e-02 7.935161154714786003e-01 -1.384162216470525252e-02 6.083918013771261180e-01 7.223222000000000254e-01
5.170817593307193150e-01 3.823280174624593686e-02 -8.550816961191953780e-01 -1.617310999999999888e-01 -5.399308697435909604e-03 9.991277153561329838e-01 4.140840340829275712e-02 -1.176589999999999928e-02 8.559189807645566361e-01 -1.679468004656154909e-02 5.168371475514272895e-01 7.400845000000000340e-01
4.675900301085318400e-01 3.777467572667426304e-02 -8.831379493696592808e-01 -1.791769000000000001e-01 -4.540270139336506638e-03 9.991759341911021775e-01 4.033408583816004700e-02 -1.102170000000000059e-02 8.839337925943119290e-01 -1.485013155102742587e-02 4.673762123843627769e-01 7.477591000000000099e-01
3.081842201526064917e-01 3.468370966464020405e-02 -9.506942340904506183e-01 -2.374700999999999895e-01 7.923713201489013605e-03 9.992069274390064093e-01 3.902218506184389202e-02 -9.082700000000000842e-03 9.512936987166634717e-01 -1.955905012517704031e-02 3.076649839357259442e-01 7.667395000000000183e-01
2.549986277115697808e-01 4.073893113819994360e-02 -9.660828325536754413e-01 -2.593062999999999896e-01 9.053996129065960963e-03 9.989676661766182519e-01 4.451547020683223332e-02 -8.304499999999999382e-03 9.668990252447826617e-01 -2.009829404097554506e-02 2.543665338784396601e-01 7.712058000000000524e-01
2.038762376491522477e-01 4.570257685335320230e-02 -9.779293196294861490e-01 -2.821138999999999730e-01 1.157714272118903417e-02 9.987273529985863929e-01 4.908812625116406453e-02 -7.418400000000000341e-03 9.789282146758461201e-01 -2.132952979791976483e-02 2.030876699116911377e-01 7.746743999999999852e-01
1.556950712432216832e-01 4.698797760640110316e-02 -9.866869689780183306e-01 -3.056765000000000176e-01 1.712810224330254399e-02 9.985894091077440748e-01 5.025753805539608793e-02 -6.620000000000000016e-03 9.876566573987700659e-01 -2.472492625483359990e-02 1.546706343091084346e-01 7.774670999999999665e-01
7.111385830409423792e-02 4.672206130175575456e-02 -9.963733578056069851e-01 -3.560277000000000025e-01 1.938028163853593513e-02 9.986490914728873847e-01 4.821199834053299660e-02 -4.956200000000000015e-03 9.972799124823060746e-01 -2.273853750995229184e-02 7.011230327975437326e-02 7.801318999999999892e-01
3.566091999621440883e-02 4.225744859663006781e-02 -9.984701331652975353e-01 -3.822875000000000023e-01 1.648257311686683949e-02 9.989448491422302512e-01 4.286622394909717082e-02 -3.671100000000000058e-03 9.992280138028911685e-01 -1.798600595769335453e-02 3.492678085966538504e-02 7.800251000000000268e-01
6.857039355933455121e-03 4.234330540625273753e-02 -9.990795891712249688e-01 -4.097512999999999850e-01 1.430894782581602215e-02 9.989966318421183988e-01 4.243799689218334670e-02 -2.530300000000000084e-03 9.998741095874965623e-01 -1.458677673016544121e-02 6.244271073155727159e-03 7.795665999999999984e-01
-2.717129569595919461e-02 5.249551595135233673e-02 -9.982514420200974126e-01 -4.679616999999999805e-01 1.452485075122046665e-02 9.985354500308027959e-01 5.211510090594421996e-02 -2.414999999999999883e-04 9.995252620123502574e-01 -1.308341839059236345e-02 -2.789399150998639332e-02 7.773784999999999723e-01
-3.927136370696107659e-02 5.253371968821535232e-02 -9.978466657198968859e-01 -5.299293000000000475e-01 1.572422248774493422e-02 9.985258537399864798e-01 5.195063271979555308e-02 2.034400000000000010e-03 9.991048537664860563e-01 -1.365019078808825739e-02 -4.003952386951314946e-02 7.750875000000000403e-01
-3.846103477054088615e-02 4.864802794613432013e-02 -9.980752066759958074e-01 -5.621572999999999709e-01 2.291369050618477163e-02 9.985945346094445840e-01 4.779035713963162429e-02 3.364300000000000190e-03 9.989973531455257350e-01 -2.103151980002623128e-02 -3.952168497337993358e-02 7.741198000000000246e-01
-3.441622952919170392e-02 4.692034291375898891e-02 -9.983055667308730063e-01 -5.949761000000000077e-01 3.463594130374360314e-02 9.983532710075007088e-01 4.572852325001852680e-02 4.856300000000000026e-03 9.988072260025945281e-01 -3.300344966028738447e-02 -3.598468556932599149e-02 7.737895999999999663e-01
-2.884750042020743643e-02 4.705250036428314242e-02 -9.984757803417043664e-01 -6.291282999999999737e-01 3.535649194659321037e-02 9.983144622786832567e-01 4.602339494707030632e-02 6.101600000000000426e-03 9.989583275576299215e-01 -3.397494098144486496e-02 -3.046248822028030379e-02 7.729025000000000478e-01
-2.049722648108702472e-02 3.923139169271026155e-02 -9.990199005087118111e-01 -6.996059000000000028e-01 3.691302323584440964e-02 9.985782451208335964e-01 3.845669105612867927e-02 8.671500000000000388e-03 9.991082486008077135e-01 -3.608858929425839274e-02 -2.191623372245565804e-02 7.712738999999999567e-01
-1.748941145883312412e-02 2.028275999089662260e-02 -9.996413007344060464e-01 -7.727593999999999852e-01 2.718492086908732772e-02 9.994342517850621777e-01 1.980294008914904730e-02 1.046960000000000078e-02 9.994774137338797715e-01 -2.682882789062260992e-02 -1.803090208087920754e-02 7.691198000000000201e-01
-2.273459606457893870e-02 2.359287927762113504e-02 -9.994631129707447492e-01 -8.499689000000000272e-01 1.216065359229551515e-02 9.996540702414038471e-01 2.332077087067862056e-02 1.173929999999999939e-02 9.996675730691619854e-01 -1.162393638945506333e-02 -2.301363632339048504e-02 7.666962000000000499e-01
-2.740058146808132394e-02 3.178305757237168822e-02 -9.991191347314707372e-01 -8.898601999999999901e-01 7.525480077174436302e-03 9.994726462158756153e-01 3.158791882734895279e-02 1.243329999999999956e-02 9.995962061176599800e-01 -6.653323799909528422e-03 -2.762531443430948919e-02 7.649605999999999906e-01
-3.197745927173301778e-02 4.132696440829856238e-02 -9.986338288438461053e-01 -9.304907999999999513e-01 5.986494438159323250e-03 9.991347984249905334e-01 4.115600151369609022e-02 1.356109999999999954e-02 9.994706618920170538e-01 -4.662251499939838728e-03 -3.219719596618264568e-02 7.632795999999999470e-01
-3.464902679212555209e-02 5.923253105369617744e-02 -9.976426976665198065e-01 -1.013643599999999978e+00 6.707045328218346619e-03 9.982334017419176586e-01 5.903466091818010408e-02 1.649749999999999828e-02 9.993770362007141639e-01 -4.645741246797303187e-03 -3.498509115243253476e-02 7.600909000000000137e-01
-3.629666842857555420e-02 5.998322039622110136e-02 -9.975392549327996017e-01 -1.055375500000000022e+00 7.707254656715564062e-03 9.981841234520008044e-01 5.974155935374735049e-02 1.838379999999999875e-02 9.993113379155883491e-01 -5.519869496568366452e-03 -3.669306411432915471e-02 7.585408999999999624e-01
-3.811054275727595447e-02 5.723336325661543267e-02 -9.976331633727307802e-01 -1.097154399999999974e+00 6.422718831567805070e-03 9.983518490543974444e-01 5.702923962737097008e-02 2.019960000000000158e-02 9.992528885189954080e-01 -4.234102030156731283e-03 -3.841532463017538479e-02 7.567460999999999771e-01
-4.083883705099062428e-02 5.260046035662874903e-02 -9.977802267827285965e-01 -1.139194999999999958e+00 6.253763981882889955e-03 9.986072191714505664e-01 5.238809268069623271e-02 2.182059999999999902e-02 9.991461754039704379e-01 -4.100413263689626359e-03 -4.111090836609454513e-02 7.547373000000000554e-01
-4.560718969211353252e-02 4.735085060867630369e-02 -9.978366004487019270e-01 -1.181540999999999952e+00 6.042315935952526779e-03 9.988707834680515818e-01 4.712375570825121096e-02 2.339290000000000119e-02 9.989411767799533104e-01 -3.880061926776850328e-03 -4.584179809875121858e-02 7.527424000000000337e-01
-5.815492265499164204e-02 4.091668779196688810e-02 -9.974687111038256226e-01 -1.267030600000000007e+00 5.370612600462242731e-03 9.991580828114070556e-01 4.067286654428386994e-02 2.614429999999999879e-02 9.982931240328605238e-01 -2.991690620381421556e-03 -5.832570870503184235e-02 7.477437999999999585e-01
-7.098613255059149640e-02 4.813721278346577703e-02 -9.963150996200694776e-01 -1.354402200000000001e+00 4.297519389339622686e-03 9.988403468108451033e-01 4.795302816182632488e-02 2.892899999999999985e-02 9.974680447576292908e-01 -8.776834452114377905e-04 -7.111068386087915361e-02 7.413627000000000411e-01
-8.158394541015363821e-02 5.333356276939762997e-02 -9.952384593320516837e-01 -1.441690300000000091e+00 -1.880744419513913357e-03 9.985571932010400831e-01 5.366558214432258500e-02 3.232530000000000125e-02 9.966646992101916291e-01 6.250039102540901753e-03 -8.136592873847858787e-02 7.334977000000000302e-01
-8.447339286571244055e-02 5.458923226211045976e-02 -9.949292746817676170e-01 -1.485661099999999957e+00 -6.192383085487959682e-03 9.984501293031294855e-01 5.530817015854620766e-02 3.421489999999999948e-02 9.964064935002568957e-01 1.083305199828272711e-02 -8.400443259093492987e-02 7.294604999999999562e-01
-8.731898907771604157e-02 5.509187386818484300e-02 -9.946558598732216927e-01 -1.573604699999999967e+00 -1.143046169816181248e-02 9.983484714512008695e-01 5.629985876019203556e-02 3.794379999999999975e-02 9.961148220420238397e-01 1.628542246129121435e-02 -8.654505372027165855e-02 7.207303000000000459e-01
-8.935812369772538899e-02 5.384317644146736220e-02 -9.945431303266413225e-01 -1.662506000000000039e+00 -1.346093060933382241e-02 9.983812350528682433e-01 5.526040934919201897e-02 4.144230000000000136e-02 9.959085947396740801e-01 1.832544255952862564e-02 -8.848869463747732755e-02 7.121374999999999789e-01
-9.081100380392183313e-02 5.033242485698390112e-02 -9.945953994444879376e-01 -1.751736799999999983e+00 -2.030142154932176521e-02 9.984208666651330777e-01 5.237962667603888317e-02 4.505880000000000302e-02 9.956611943182284152e-01 2.494834695246438833e-02 -8.964578134602119164e-02 7.029957000000000011e-01
-9.104578306784681663e-02 4.562863785159225471e-02 -9.948008307160638442e-01 -1.796316000000000024e+00 -2.580066656953036719e-02 9.985063584456210783e-01 4.815991848241334833e-02 4.667000000000000315e-02 9.955124263363719361e-01 3.005128202711198487e-02 -8.973254403167496562e-02 6.985316999999999776e-01
-9.000393633523914860e-02 4.489933778817466192e-02 -9.949288119812118580e-01 -1.841190600000000011e+00 -2.729201806882834355e-02 9.984969275199794270e-01 4.752926974919499670e-02 4.845420000000000282e-02 9.955673946016376785e-01 3.143143648235610654e-02 -8.864326035724678921e-02 6.939051999999999998e-01
-8.650837198316731202e-02 5.243394944620766163e-02 -9.948703345272159604e-01 -1.931762299999999932e+00 -2.796235298501144328e-02 9.980927960274922350e-01 5.503523719912843670e-02 5.162619999999999709e-02 9.958586287181346863e-01 3.257992424017047695e-02 -8.487720626965278292e-02 6.855303999999999842e-01
-8.500219759097830952e-02 5.206051185976603990e-02 -9.950197633763883109e-01 -1.977011999999999992e+00 -2.586303831434069722e-02 9.981822933522145336e-01 5.443539737399288175e-02 5.348979999999999707e-02 9.960450439884008800e-01 3.036136266725730087e-02 -8.350124551844750886e-02 6.816202000000000094e-01
-8.294289417166175737e-02 5.125300155889798287e-02 -9.952354526129142398e-01 -2.022167699999999790e+00 -2.569195699968106900e-02 9.982346759420498428e-01 5.354862362747767751e-02 5.530600000000000099e-02 9.962230672153477018e-01 3.001102427566113701e-02 -8.147968317298870389e-02 6.779558999999999447e-01
-7.844815023068797688e-02 5.176337202460146170e-02 -9.955734232300630371e-01 -2.067580899999999833e+00 -3.046423655332107516e-02 9.980602102613528315e-01 5.429315780360848692e-02 5.711499999999999910e-02 9.964526170453900100e-01 3.458858207135621227e-02 -7.671904570369958432e-02 6.737338000000000493e-01
-7.288633245128742222e-02 5.291450208043963627e-02 -9.959355591660432605e-01 -2.113626000000000005e+00 -3.546952273440468623e-02 9.978223192319521928e-01 5.561054036386986477e-02 5.891249999999999959e-02 9.967093335064107773e-01 3.937860729059877718e-02 -7.085075715233291049e-02 6.698790999999999496e-01
-6.687586247729332412e-02 5.238790046766093889e-02 -9.963850294451982448e-01 -2.159712799999999877e+00 -3.912202283773895395e-02 9.977150194047788023e-01 5.508363988704106234e-02 6.080990000000000006e-02 9.969940252313459483e-01 4.266436380297074921e-02 -6.467353179072699021e-02 6.662770999999999555e-01
-6.106230503480814670e-02 5.140733765569101971e-02 -9.968092498261590384e-01 -2.205971200000000021e+00 -4.053724473276069246e-02 9.977211376759050898e-01 5.393758637697684821e-02 6.282959999999999934e-02 9.973104464976351169e-01 4.370145386427487511e-02 -5.883924062083356610e-02 6.631960000000000077e-01
-5.518963166090993383e-02 5.066274585612325077e-02 -9.971897466076610206e-01 -2.252217100000000194e+00 -4.073833468185530937e-02 9.977660225272967365e-01 5.294669373442615484e-02 6.456530000000000602e-02 9.976444720663181220e-01 4.354595816348336840e-02 -5.300242337046412455e-02 6.603231000000000517e-01
-5.006043566429704134e-02 5.023319369303400062e-02 -9.974821196555347935e-01 -2.298743700000000167e+00 -3.900544964786624436e-02 9.978740599789246435e-01 5.221049050665112906e-02 6.633940000000000670e-02 9.979842321794809568e-01 4.152091849388047512e-02 -4.799464187340074517e-02 6.580787000000000164e-01
-4.454789630996030397e-02 5.118032006968553649e-02 -9.976953742360046284e-01 -2.345235800000000204e+00 -3.775256278934067955e-02 9.978872126681000987e-01 5.287584322095452427e-02 6.796439999999999426e-02 9.982936586682265023e-01 4.002106484158832189e-02 -4.252158783196446912e-02 6.557764999999999844e-01
-3.906215188947594757e-02 5.297553565579744134e-02 -9.978315193016026319e-01 -2.392225499999999894e+00 -3.671344148708142324e-02 9.978433277455001083e-01 5.441338519115655054e-02 6.963229999999999420e-02 9.985621019766061091e-01 3.875933301500247147e-02 -3.703299340174892595e-02 6.539441999999999755e-01
-3.362890584920652515e-02 5.427935419052969807e-02 -9.979593420576035045e-01 -2.439387099999999808e+00 -3.762200409690646258e-02 9.977476536433642629e-01 5.553561431094093670e-02 7.150600000000000012e-02 9.987260292488217006e-01 3.941283240037768421e-02 -3.151106381990587124e-02 6.521879999999999900e-01
-2.823565497652650094e-02 5.338361519074769773e-02 -9.981748030366286439e-01 -2.486537900000000079e+00 -3.720821346735723317e-02 9.978247811133407197e-01 5.441741492097214999e-02 7.340499999999999803e-02 9.989085526906924528e-01 3.867681250154720446e-02 -2.618792729686780785e-02 6.506895000000000318e-01
-2.350970497812555904e-02 4.867359420270559595e-02 -9.985380188051087291e-01 -2.533936699999999931e+00 -3.735176226707968145e-02 9.980739384396473124e-01 4.953038726998409969e-02 7.528229999999999644e-02 9.990255950812194641e-01 3.846159948521880867e-02 -2.164637931972823726e-02 6.495168999999999526e-01
-1.910889037592506529e-02 4.378375246014028915e-02 -9.988582648850186096e-01 -2.581119300000000116e+00 -3.712888018344049496e-02 9.983205008448657880e-01 4.447048289798591347e-02 7.668279999999999541e-02 9.991277678880337021e-01 3.793627041981718906e-02 -1.745115531160912337e-02 6.483512999999999638e-01
-1.531504738924410747e-02 4.323298172574829845e-02 -9.989476255613034539e-01 -2.628413699999999853e+00 -3.684469653496773300e-02 9.983618763867454504e-01 4.377250409541504766e-02 7.817899999999999849e-02 9.992036417371141788e-01 3.747630009269996981e-02 -1.369705335649062938e-02 6.474372999999999934e-01
-1.253374766486263156e-02 4.569182543699677745e-02 -9.988769505087745637e-01 -2.675813199999999892e+00 -3.645123669180218295e-02 9.982705631242606570e-01 4.612147160715641264e-02 7.951229999999999409e-02 9.992568301058101232e-01 3.698837503603712856e-02 -1.084654779557536752e-02 6.469194999999999807e-01
-1.009607601830871809e-02 4.529460137989117091e-02 -9.989226538300498559e-01 -2.723430399999999807e+00 -3.613090209025152794e-02 9.983047134000724299e-01 4.563175558033861351e-02 8.098130000000000606e-02 9.992960658199238067e-01 3.655267827445572021e-02 -8.442425468249248333e-03 6.460854000000000319e-01
-9.336238420182361303e-03 4.496071054762882518e-02 -9.989451282023523726e-01 -2.771232100000000198e+00 -3.813597184281291436e-02 9.982458898012559478e-01 4.528566159948341913e-02 8.257059999999999400e-02 9.992289438881191144e-01 3.851854101534851055e-02 -7.605241237674364996e-03 6.454145000000000021e-01
-8.453214294117571137e-03 4.614240853394709074e-02 -9.988991046661239714e-01 -2.819284199999999796e+00 -3.932837573885902827e-02 9.981465634790432917e-01 4.644046378665128011e-02 8.388750000000000373e-02 9.991905834373344675e-01 3.967765050582596625e-02 -6.622840817706365790e-03 6.447889999999999455e-01
-7.538315560478932656e-03 4.573428202153285299e-02 -9.989251970225225818e-01 -2.866973900000000075e+00 -3.991130670662163676e-02 9.981438350951500338e-01 4.599969628721410631e-02 8.538579999999999781e-02 9.991747902121432823e-01 4.021517014163755732e-02 -5.699008246925374443e-03 6.442067000000000210e-01
-6.291225698408947978e-03 4.388686029431295571e-02 -9.990166985454844717e-01 -2.914943000000000062e+00 -4.083977360718623467e-02 9.981916723240836786e-01 4.410780196930030178e-02 8.668679999999999441e-02 9.991459019437178846e-01 4.107710793564579160e-02 -4.487519662113137464e-03 6.435819999999999874e-01
-5.936797855120514930e-03 4.290407967893850733e-02 -9.990615568512934974e-01 -2.963239699999999921e+00 -3.931202841071926996e-02 9.982968179552802468e-01 4.310484523341866214e-02 8.797339999999999327e-02 9.992093468605374174e-01 3.953104105972254922e-02 -4.240040008336332100e-03 6.432936999999999683e-01
-5.642238261785254873e-03 4.258518882744304762e-02 -9.990769073699622416e-01 -3.011561899999999792e+00 -3.542278904339014184e-02 9.984572644205569336e-01 4.275882531367753564e-02 8.935410000000000574e-02 9.993564885283853227e-01 3.563134600810263092e-02 -4.125047619863653203e-03 6.430358999999999936e-01
-5.322237123855257275e-03 4.328391149691419165e-02 -9.990486358518912979e-01 -3.059736500000000081e+00 -3.375626176343676094e-02 9.984856222149972593e-01 4.343934877145353562e-02 9.065059999999999785e-02 9.994159237193271927e-01 3.395534178088837479e-02 -3.853074199553163659e-03 6.427186999999999761e-01
-5.746062380166668676e-03 4.666383388601362536e-02 -9.988941232053485386e-01 -3.108731300000000086e+00 -3.331185903807697135e-02 9.983472739671788165e-01 4.682991148539835530e-02 9.178790000000000560e-02 9.994284880943462568e-01 3.354410781883283149e-02 -4.182106656697603952e-03 6.425977000000000494e-01
-5.401929178930895900e-03 5.024800759578677833e-02 -9.987221620119378640e-01 -3.157284300000000155e+00 -3.580658337530003010e-02 9.980865446938756991e-01 5.040970033662026811e-02 9.334599999999999842e-02 9.993441387971079282e-01 3.603313799398991796e-02 -3.592383355458861338e-03 6.419622999999999857e-01
-4.721142477907090858e-03 5.021600077302117854e-02 -9.987272220581890902e-01 -3.205178999999999778e+00 -3.801146598461268428e-02 9.980075395875462885e-01 5.035950138864472847e-02 9.490510000000000612e-02 9.992661503660593691e-01 3.820084021034372834e-02 -2.802951983151280579e-03 6.412619000000000513e-01
-4.691704845702504220e-03 4.816974443531912148e-02 -9.988281451914924336e-01 -3.253073699999999846e+00 -3.897816461007850425e-02 9.980712573891403760e-01 4.831633116545587525e-02 9.652890000000000081e-02 9.992290481112280354e-01 3.915917382550890280e-02 -2.805087526823735189e-03 6.409200000000000452e-01
-4.291092444799896391e-03 4.602847324114981570e-02 -9.989309116133703315e-01 -3.300725200000000026e+00 -3.877445954107613252e-02 9.981812211516052358e-01 4.616049206396951460e-02 9.793930000000000691e-02 9.992387741740847984e-01 3.893108515542686304e-02 -2.498558723198263110e-03 6.405999999999999472e-01
-4.785532489291394187e-03 4.548648593935937512e-02 -9.989534915478708310e-01 -3.348298300000000172e+00 -3.586134334458281059e-02 9.983145502709094288e-01 4.562918770824118953e-02 9.926379999999999926e-02 9.993453170612827119e-01 3.604217410590578041e-02 -3.146260225043828740e-03 6.406032000000000393e-01
-4.763894348320541969e-03 4.694135780982909567e-02 -9.988862869404142586e-01 -3.395507600000000181e+00 -3.453821608396800968e-02 9.982939201119818140e-01 4.707824016665289324e-02 1.007226999999999983e-01 9.993920236525679623e-01 3.472402618391930151e-02 -3.134496004673525960e-03 6.402894000000000085e-01
-4.215111910838523213e-03 4.964625984570809891e-02 -9.987579695376209710e-01 -3.443354100000000084e+00 -3.429121594865634781e-02 9.981722642582091520e-01 4.976186666919216184e-02 1.022076999999999986e-01 9.994029944623648021e-01 3.445837705075897872e-02 -2.504977182731127350e-03 6.399080999999999797e-01
-3.880381316508016432e-03 5.203166510691906166e-02 -9.986378965706436128e-01 -3.490396300000000007e+00 -3.406236575850533910e-02 9.980590242684946878e-01 5.213385958428742861e-02 1.036551000000000000e-01 9.994121761714592767e-01 3.421826854798203088e-02 -2.100527982647704128e-03 6.396760999999999697e-01
-3.759307888602723881e-03 5.270354183015425048e-02 -9.986031265136092738e-01 -3.537291499999999811e+00 -3.561578265091389778e-02 9.979695558595866878e-01 5.280418168651297012e-02 1.050327000000000066e-01 9.993584860451034668e-01 3.576453908519711816e-02 -1.874596933172156810e-03 6.392427999999999999e-01
-3.172760037833804829e-03 5.052512275991180579e-02 -9.987177507002856780e-01 -3.583943600000000007e+00 -3.588869099166584753e-02 9.980736340704856602e-01 5.060654930183434291e-02 1.066025000000000028e-01 9.993507569680660785e-01 3.600323518005165563e-02 -1.353367622947909688e-03 6.387644000000000100e-01
-2.986604633248889432e-03 4.917797441422110810e-02 -9.987855660877756891e-01 -3.630471200000000120e+00 -3.441211633926797436e-02 9.981934053649186289e-01 4.925171809226552150e-02 1.080617999999999995e-01 9.994032651746825868e-01 3.451742050764399633e-02 -1.288890872469639071e-03 6.385399999999999965e-01
-2.741669741140873029e-03 5.052802034185260860e-02 -9.987188805701853189e-01 -3.676971899999999849e+00 -3.369162241346779219e-02 9.981509638410324126e-01 5.059177761619338548e-02 1.092962999999999990e-01 9.994285156158889682e-01 3.378716536721274727e-02 -1.034229311995815692e-03 6.380854999999999722e-01
-2.478764743172486712e-03 5.320906165722154996e-02 -9.985803179929524376e-01 -3.723517699999999930e+00 -3.109351886019184191e-02 9.980964463890499294e-01 5.326046179335556380e-02 1.109340000000000048e-01 9.995134060182679914e-01 3.118139610582868620e-02 -8.195893194229419976e-04 6.379053999999999558e-01
-2.828961753114659673e-03 5.618374803146172769e-02 -9.984164378817769192e-01 -3.769865499999999869e+00 -3.006733926681831245e-02 9.979642399839289135e-01 5.624349582585628365e-02 1.122004000000000057e-01 9.995438720160375601e-01 3.017883646591245500e-02 -1.133906852547328370e-03 6.381396999999999764e-01
-2.410096192036709477e-03 5.771344319690448199e-02 -9.983302809745394635e-01 -3.816638499999999823e+00 -3.049545436043914204e-02 9.978646166375410020e-01 5.776014305871857851e-02 1.141945000000000043e-01 9.995319998377719672e-01 3.058374302094076652e-02 -6.449520397313612818e-04 6.378926999999999792e-01
-2.113823515234253183e-03 5.985349111664114291e-02 -9.982049345456557310e-01 -3.863294400000000017e+00 -3.312215903331173356e-02 9.976552660647760584e-01 5.989067268108552722e-02 1.157852999999999938e-01 9.994490754066055471e-01 3.318930090211420769e-02 -1.263903100406915669e-04 6.374400000000000066e-01
-1.693895482398385510e-03 5.911665572014147829e-02 -9.982496439942069033e-01 -3.909590699999999863e+00 -3.513343676057682774e-02 9.976312661465751574e-01 5.913965191114897713e-02 1.176534999999999942e-01 9.993811947097489545e-01 3.517211712774172272e-02 3.870881904153300468e-04 6.370422000000000029e-01
-1.867936149844069606e-03 5.517168837291024086e-02 -9.984751352019850534e-01 -3.955861300000000025e+00 -3.720341604949727043e-02 9.977818083577834063e-01 5.520297767801781580e-02 1.193627000000000021e-01 9.993059674838272732e-01 3.724980150758130243e-02 1.887825672023391022e-04 6.368730999999999698e-01
-1.585956218031152505e-03 5.320407038123424470e-02 -9.985824010254452654e-01 -4.001871099999999792e+00 -3.834817424915867856e-02 9.978458992722974985e-01 5.322573472687863044e-02 1.211808000000000052e-01 9.992631796852272652e-01 3.837822560161639057e-02 4.577390531562697262e-04 6.365144999999999831e-01
-1.547667803478349358e-03 5.194937334602702655e-02 -9.986485204181322350e-01 -4.047858699999999921e+00 -3.827700085043612283e-02 9.979147938065473511e-01 5.197052537671541239e-02 1.226251000000000008e-01 9.992659685640582490e-01 3.830570337418703897e-02 4.440256107564044541e-04 6.361417999999999795e-01
-1.367951320844008108e-03 5.227358256093478373e-02 -9.986318647406706717e-01 -4.094379400000000224e+00 -3.677434484263090997e-02 9.979546879888535615e-01 5.228851004250485712e-02 1.243443999999999938e-01 9.993226587396981664e-01 3.679556070119056888e-02 5.571733176786830555e-04 6.361757000000000106e-01
-1.684008299132174185e-03 5.433755715587008234e-02 -9.985212035797643715e-01 -4.140697499999999920e+00 -3.726138007495357479e-02 9.978257874634671731e-01 5.436255538347650740e-02 1.261271999999999949e-01 9.993041347212361369e-01 3.729782507391349311e-02 3.443454623528463543e-04 6.359542999999999724e-01
-1.535678120029579548e-03 5.663067987641056539e-02 -9.983940142996888811e-01 -4.187349799999999789e+00 -3.600391422151948823e-02 9.977447482731144346e-01 5.664923171720142453e-02 1.277556999999999998e-01 9.993504689814486364e-01 3.603308743578908374e-02 5.067113612792217836e-04 6.358551999999999538e-01
-2.113986285125170859e-03 5.543716903641014021e-02 -9.984599397828710643e-01 -4.233836700000000342e+00 -3.975957572172498372e-02 9.976679991530277292e-01 5.547737921371923009e-02 1.297852999999999923e-01 9.992070392067975426e-01 3.981562199969852778e-02 9.510185278349680971e-05 6.354288999999999632e-01
-2.696481666647276582e-03 5.672225891616848592e-02 -9.983863552403291486e-01 -4.280645800000000278e+00 -4.384112871656718757e-02 9.974233358393667093e-01 5.678595386120942334e-02 1.316161000000000136e-01 9.990348764780332402e-01 4.392350699246545809e-02 -2.027658847387758811e-04 6.350896000000000319e-01
-2.931732556863362541e-03 5.589292264826792311e-02 -9.984324644872329957e-01 -4.327736400000000039e+00 -4.694280873253259267e-02 9.973283556221125279e-01 5.596895371894963084e-02 1.334587000000000134e-01 9.988932764077030901e-01 4.703331021656675243e-02 -3.001292326804128052e-04 6.346616000000000479e-01
-3.123997440707610481e-03 5.221291878852851037e-02 -9.986310889170101346e-01 -4.375184100000000242e+00 -4.783599945482076149e-02 9.974849128829723632e-01 5.230263594702910107e-02 1.352642000000000011e-01 9.988503180137399129e-01 4.793390952584192927e-02 -6.184831602882301382e-04 6.343210000000000237e-01
-3.987115597766476352e-03 4.817815851881023653e-02 -9.988308004616931468e-01 -4.423029900000000403e+00 -4.815777697106461003e-02 9.976705590293866166e-01 4.831443017563781528e-02 1.370371999999999979e-01 9.988317833481349384e-01 4.829410613861463697e-02 -1.657674834512956608e-03 6.340107999999999855e-01
-4.906697318004499264e-03 4.734643052530833340e-02 -9.988664774823219350e-01 -4.471442699999999881e+00 -4.459054387658385743e-02 9.978745812096112555e-01 4.751845507309023636e-02 1.386848999999999998e-01 9.989932971337796008e-01 4.477315816708708068e-02 -2.785065443587697587e-03 6.339858000000000438e-01
-5.273702521661350305e-03 4.672160806024668045e-02 -9.988940281140826771e-01 -4.520037699999999603e+00 -4.012960175637017568e-02 9.980933713547752717e-01 4.689602457068034469e-02 1.402976999999999974e-01 9.991805658261113665e-01 4.033253522806885816e-02 -3.388728004492191914e-03 6.336709999999999843e-01
-6.235400299442786856e-03 5.247201408199109185e-02 -9.986029278553539834e-01 -4.618864099999999695e+00 -3.848589843633345997e-02 9.978698841576648659e-01 5.267380670424903766e-02 1.439108000000000054e-01 9.992396886656645938e-01 3.876057312976284586e-02 -4.202685569772324214e-03 6.326308999999999960e-01
-6.909225236472549617e-03 5.264336328213048422e-02 -9.985894746636263530e-01 -4.668110800000000005e+00 -3.721527881235783819e-02 9.979079729163511381e-01 5.286492800427820132e-02 1.457546999999999870e-01 9.992833860469962914e-01 3.752804141338426241e-02 -4.935633507986092461e-03 6.323269999999999724e-01
-7.655285380413265513e-03 4.781467392829219509e-02 -9.988268886863608254e-01 -4.717420599999999631e+00 -3.677398573427444195e-02 9.981670382522181972e-01 4.806493233127721171e-02 1.478267000000000053e-01 9.992942862735482157e-01 3.709879652934811728e-02 -5.882917398214559945e-03 6.320086999999999788e-01
-8.260575956205766512e-03 4.424493322907490506e-02 -9.989865608547626730e-01 -4.767374499999999848e+00 -3.724596382569363845e-02 9.983137932592671682e-01 4.452312171207618852e-02 1.495401000000000091e-01 9.992719855292485631e-01 3.757600393666059302e-02 -6.598701734825684895e-03 6.311109999999999776e-01
-9.304617194209278269e-03 4.295483881222743328e-02 -9.990336860794457596e-01 -4.817146799999999729e+00 -3.634490066733710167e-02 9.984022660132855220e-01 4.326619251815411182e-02 1.510500999999999927e-01 9.992959883309602276e-01 3.671235544271349294e-02 -7.728561541272882529e-03 6.306277999999999606e-01
-1.026390325771844511e-02 4.881096141018706480e-02 -9.987552965246938586e-01 -4.918841800000000042e+00 -4.325386212424149612e-02 9.978513677885425537e-01 4.921129152818425057e-02 1.543174999999999963e-01 9.990113891749449193e-01 4.370512382716770783e-02 -8.130587309575720845e-03 6.287490000000000023e-01
-1.045598052083474873e-02 5.228960645529529688e-02 -9.985772226163075471e-01 -4.969930200000000298e+00 -4.861863071372638651e-02 9.974241323840051798e-01 5.273830567563591448e-02 1.559985000000000122e-01 9.987626851353982316e-01 4.910088792236704663e-02 -7.886798232801583985e-03 6.275988000000000122e-01
-1.062931630452760949e-02 5.204111551643086919e-02 -9.985883736208347461e-01 -5.021023800000000037e+00 -5.621878821656094150e-02 9.970341262670631144e-01 5.255852842627566773e-02 1.581029999999999935e-01 9.983618910427018989e-01 5.669808951525313195e-02 -7.672102642729106137e-03 6.264682000000000306e-01
-1.045242111730668687e-02 5.003849801986624823e-02 -9.986925931480129526e-01 -5.072003399999999829e+00 -5.973896423746571926e-02 9.969319801669795922e-01 5.057551850628637380e-02 1.600248999999999977e-01 9.981593074477749239e-01 6.018949772394487086e-02 -7.431104838310442773e-03 6.255958999999999826e-01
-1.192593971829437535e-02 4.832037024401916736e-02 -9.987606889447123715e-01 -5.174211500000000186e+00 -6.186048549475853253e-02 9.968828405399376980e-01 4.896817917155883715e-02 1.633052000000000115e-01 9.980135531625752288e-01 6.236781266411406399e-02 -8.899643099899878784e-03 6.241877000000000120e-01
-1.238725119011304526e-02 4.735177407496300728e-02 -9.988014645062884833e-01 -5.225195399999999601e+00 -5.968182917023824585e-02 9.970622683504517525e-01 4.800950217140573933e-02 1.649108999999999992e-01 9.981405889326649961e-01 6.020500414255757632e-02 -9.524820278991263933e-03 6.234758000000000244e-01
-1.304505805121196349e-02 4.815669772321531233e-02 -9.987546039567651857e-01 -5.276130700000000395e+00 -5.972352462785674582e-02 9.970187952383582353e-01 4.885307101379175038e-02 1.664184999999999970e-01 9.981297145493994716e-01 6.028643633395209395e-02 -1.013008033956508402e-02 6.227930000000000410e-01
-1.366666620311927406e-02 5.290781810376425642e-02 -9.985058763063899834e-01 -5.327502299999999913e+00 -5.945739121112315895e-02 9.967891309950915879e-01 5.363065317910692409e-02 1.683207999999999926e-01 9.981372855801250443e-01 6.010150674940847870e-02 -1.047702348908474690e-02 6.219664000000000303e-01
-1.431175297925250077e-02 5.691858886092512892e-02 -9.982762383071842605e-01 -5.378880500000000175e+00 -5.813207108150156288e-02 9.966424234488169276e-01 5.765884228671599998e-02 1.702317999999999887e-01 9.982063093561553968e-01 5.885706435212437193e-02 -1.095490471952098588e-02 6.211375000000000091e-01
-1.407557683641120008e-02 5.579437509556035846e-02 -9.983430601974541130e-01 -5.429903999999999620e+00 -5.864621720710615216e-02 9.966770756489937710e-01 5.652811763243781318e-02 1.721727000000000118e-01 9.981795927306962302e-01 5.934470981870006157e-02 -1.075667571859806326e-02 6.200274000000000063e-01
-1.346828087191455706e-02 5.437211034259716719e-02 -9.984299069174797925e-01 -5.480986099999999972e+00 -5.848347291326646408e-02 9.967682379002590354e-01 5.507053031536877918e-02 1.743089999999999917e-01 9.981975199359884865e-01 5.913335378705626699e-02 -1.024488474978557662e-02 6.191995999999999611e-01
-1.196359674645556398e-02 5.393213811282754344e-02 -9.984729324480792201e-01 -5.532212699999999650e+00 -5.772468318257784059e-02 9.968418729553147895e-01 5.453568808047835892e-02 1.760453999999999908e-01 9.982608543383630906e-01 5.828897667243017333e-02 -8.812598602096821665e-03 6.180938999999999739e-01
-1.108296630728853281e-02 5.353035665714240415e-02 -9.985047164505483908e-01 -5.583103200000000044e+00 -5.807233811675723695e-02 9.968461797433482152e-01 5.408601923552299601e-02 1.778150000000000008e-01 9.982508559492869749e-01 5.858493703377574274e-02 -7.939379652340594617e-03 6.172328000000000259e-01
-9.887564904790934611e-03 5.552348346264133344e-02 -9.984084228633227642e-01 -5.634086599999999834e+00 -5.818333271097728826e-02 9.967336482989082036e-01 5.600655446813496835e-02 1.797784000000000049e-01 9.982569488137298386e-01 5.864449789129618645e-02 -6.624727328765178669e-03 6.163397999999999932e-01
-9.476928205899499622e-03 5.913876535201182533e-02 -9.982047857350815345e-01 -5.684849700000000006e+00 -5.895890977104802783e-02 9.964798667412309019e-01 5.959632654776728100e-02 1.817383999999999944e-01 9.982154250413033392e-01 5.941785600321153327e-02 -5.956811025370489787e-03 6.158951999999999760e-01
-8.284455424148660235e-03 6.020424753717537603e-02 -9.981517000821104046e-01 -5.735145100000000440e+00 -6.030318758293878867e-02 9.963391590215351368e-01 6.059542695283998831e-02 1.837199999999999944e-01 9.981457275196151668e-01 6.069372931977885105e-02 -4.623619317723703936e-03 6.152862999999999527e-01
-7.412472203819525304e-03 5.764644140353362978e-02 -9.983095427017296686e-01 -5.785439499999999846e+00 -6.262052790764389976e-02 9.963507753179011717e-01 5.799829314717046269e-02 1.857147000000000103e-01 9.980098820855412001e-01 6.294458131504325482e-02 -3.775571834611635147e-03 6.145808999999999855e-01
-7.399312801409256568e-03 5.487330602846230559e-02 -9.984659085094359510e-01 -5.835716200000000242e+00 -6.138118518621742820e-02 9.965854541717098503e-01 5.522483715233558049e-02 1.874402000000000013e-01 9.980869702962772427e-01 6.169564667683955644e-02 -4.005858949638008148e-03 6.142419000000000073e-01
-7.261337213806397586e-03 5.316982144699579360e-02 -9.985590834142776817e-01 -5.886470799999999670e+00 -5.821142430590521555e-02 9.968695209823704717e-01 5.350316080996565110e-02 1.893450000000000133e-01 9.982778686629016907e-01 5.851605099178996267e-02 -4.143514713498386293e-03 6.138759999999999772e-01
