1.000000000000000000e+00 0.000000000000000000e+00 0.000000000000000000e+00 0.000000000000000000e+00 0.000000000000000000e+00 1.000000000000000000e+00 0.000000000000000000e+00 0.000000000000000000e+00 0.000000000000000000e+00 0.000000000000000000e+00 1.000000000000000000e+00 0.000000000000000000e+00
9.999990832379730410e-01 1.293458235119552885e-03 4.006107928090738989e-04 -3.643000000000000188e-04 -1.293341041208899726e-03 9.999991208094101136e-01 -2.926591155388171385e-04 -7.075000000000000126e-04 -4.009889829389111089e-04 2.921407208601620132e-04 9.999998769308098279e-01 3.404900000000000287e-02
9.999946858680613948e-01 3.227368004030376717e-03 4.607943183348630202e-04 -5.517000000000000202e-04 -3.227022982429167495e-03 9.999945137349407487e-01 -7.475444402997847475e-04 -1.308200000000000031e-03 -4.632043913033091916e-04 7.460534738945595471e-04 9.999996144228786576e-01 6.750380000000000269e-02
9.999945673662953283e-01 3.175404170410449801e-03 8.843337889029881339e-04 -7.050000000000000060e-04 -3.174586754112583651e-03 9.999945339071929507e-01 -9.242048887255084177e-04 -2.060699999999999945e-03 -8.872636791103983471e-04 9.213924735264143046e-04 9.999991818992020054e-01 1.002702000000000038e-01
9.999874680460200116e-01 3.789258185812565630e-03 3.271891396645818482e-03 -8.656000000000000066e-04 -3.811075925307808813e-03 9.999703730792828260e-01 6.687949160358399626e-03 -3.917499999999999975e-03 -3.246452094476628275e-03 -6.700334773819279117e-03 9.999722826472327020e-01 1.932095000000000062e-01
9.999843965941884738e-01 3.315125624446338751e-03 4.496277377001834177e-03 -7.355999999999999909e-04 -3.361160154147333108e-03 9.999416157354806822e-01 1.026974793918844844e-02 -4.435599999999999613e-03 -4.461969360604294346e-03 -1.028470040450534320e-02 9.999371559088174877e-01 2.220622999999999903e-01
9.999819089545350925e-01 2.242493708601465616e-03 5.581485967984778883e-03 -6.681999999999999789e-04 -2.312994506905306433e-03 9.999172224259527120e-01 1.265694877838717709e-02 -5.056500000000000231e-03 -5.552640818111146716e-03 -1.266962974733569676e-02 9.999043197536504612e-01 2.496335000000000082e-01
9.999606125270944501e-01 3.908010831741783909e-03 7.968741793851095642e-03 -5.624999999999999575e-04 -3.985816743474081443e-03 9.999443139984872664e-01 9.771497683671940757e-03 -5.904200000000000073e-03 -7.930110927693379344e-03 -9.802874753538031935e-03 9.999205053339195182e-01 3.014011999999999802e-01
9.999423166665811769e-01 2.116335647828277572e-03 1.053016917700799228e-02 -3.880000000000000121e-05 -2.176784542358687659e-03 9.999812004366885887e-01 5.732397600949400672e-03 -6.700600000000000132e-03 -1.051783953703545361e-02 -5.754988846640228355e-03 9.999281249944159677e-01 3.479737999999999998e-01
9.998665862631760382e-01 9.925857275907266387e-04 1.630412365004958036e-02 1.031699999999999978e-03 -1.001347712324368849e-03 9.999993585961072240e-01 5.292543179285821679e-04 -8.018100000000000227e-03 -1.630358786223896211e-02 -5.455098050507279153e-04 9.998669388683030235e-01 4.083538999999999919e-01
9.994368900642832676e-01 -6.641755048360745151e-03 3.289057415903922504e-02 4.423700000000000028e-03 6.540373505715015370e-03 9.999735264861302486e-01 3.189018861407681357e-03 -9.890299999999999439e-03 -3.291088411209010939e-02 -2.972106453384099761e-03 9.994538710166619433e-01 4.914666999999999786e-01
9.986807315379845340e-01 -1.717547517330999043e-03 5.132101407105793545e-02 8.699000000000000135e-03 2.546106670061844789e-03 9.998674084017742381e-01 -1.608362386853051662e-02 -1.245489999999999965e-02 -5.128658494753460251e-02 1.619307402704650567e-02 9.985526879228626695e-01 5.799233000000000304e-01
9.987955936006372992e-01 -2.333483531324887644e-03 4.900935684703174727e-02 9.053800000000000736e-03 3.184246560416925491e-03 9.998454756831994805e-01 -1.728830036987686128e-02 -1.263700000000000066e-02 -4.896144174545042499e-02 1.742353610624568575e-02 9.986486857808212214e-01 5.855567999999999884e-01
9.960322474203185950e-01 -3.600484210494632291e-03 -8.892018113049093841e-02 1.994300000000000066e-03 1.203107147596780419e-03 9.996347124058581057e-01 -2.699989419328918325e-02 -1.527599999999999965e-02 8.898491238418307359e-02 2.678578478796893661e-02 9.956727409652590399e-01 6.636840999999999990e-01
9.670967964800297745e-01 1.059140714595513920e-03 -2.544064945299364666e-01 -1.550829999999999917e-02 -4.060926021845286289e-03 9.999281974408893436e-01 -1.127425573858417858e-02 -1.694429999999999895e-02 2.543762864692953318e-01 1.193642256124440894e-02 9.670316575472234222e-01 7.178288999999999920e-01
9.551356673745995396e-01 5.082648358408644283e-03 -2.961250134563830905e-01 -2.090569999999999928e-02 -7.333612228031028725e-03 9.999520404425762399e-01 -6.491143690998023123e-03 -1.727570000000000147e-02 2.960778192309704293e-01 8.371588881035401872e-03 9.551271336628646136e-01 7.298480999999999996e-01
9.243890431833184929e-01 1.118384402666635670e-02 -3.812870552161666815e-01 -3.399159999999999682e-02 -1.080827143856696697e-02 9.999367011754261014e-01 3.126485393654139695e-03 -1.769089999999999899e-02 3.812978863187405087e-01 1.230965147221629733e-03 9.244514084654028574e-01 7.545979999999999910e-01
8.309743934829944001e-01 2.687319444023295381e-02 -5.556612176462805142e-01 -7.017410000000000314e-02 -1.599218070711637060e-02 9.995737166118232597e-01 2.442611747816700318e-02 -1.813760000000000025e-02 5.560807563041545443e-01 -1.141124355202856148e-02 8.310499238847181003e-01 8.047484999999999777e-01
7.670900111058314153e-01 3.323331040593049263e-02 -6.406781266292133070e-01 -9.472029999999999339e-02 -1.961487927152878730e-02 9.994054155423095498e-01 2.835616151503646959e-02 -1.772929999999999992e-02 6.412395584902873535e-01 -9.184904145746819806e-03 7.672857786789839540e-01 8.292728999999999795e-01
6.507891027863539346e-01 3.814864312611487840e-02 -7.582995613358672893e-01 -1.402866999999999864e-01 -1.660369009383018749e-02 9.992131681361535733e-01 3.601891306770352991e-02 -1.630529999999999827e-02 7.590769797390778395e-01 -1.085014520396234555e-02 6.509104494316038103e-01 8.660801999999999667e-01
5.635148906411511227e-01 3.696161440763410383e-02 -8.252786239119930256e-01 -1.770510999999999890e-01 -7.042695070971492430e-03 9.991772158375852309e-01 3.994110410578118053e-02 -1.512089999999999962e-02 8.260758854196318390e-01 -1.669522121545298499e-02 5.633115488934504755e-01 8.895014999999999450e-01
4.673086186471818726e-01 3.766732694252127034e-02 -8.832914736478938433e-01 -2.189792000000000127e-01 -4.596023239830722418e-03 9.991819738647268467e-01 4.017785054190122634e-02 -1.331449999999999995e-02 8.840823103695953922e-01 -1.471582769651874449e-02 4.670994678939002220e-01 9.096585999999999839e-01
3.078780507990917514e-01 3.476141551682404573e-02 -9.507905919956392005e-01 -2.914933000000000107e-01 7.556246504159211744e-03 9.992114782687179231e-01 3.897851760664755583e-02 -1.101749999999999952e-02 9.513958213987065982e-01 -1.918503811072723789e-02 3.073726164409732453e-01 9.332215999999999845e-01
2.546058930718198554e-01 4.058670294791610900e-02 -9.661928165521199707e-01 -3.187365999999999810e-01 8.440523457513143812e-03 9.989875541792582192e-01 4.418850708846010222e-02 -9.879900000000000487e-03 9.670080644838822126e-01 -1.940582744335668866e-02 2.540055453811480568e-01 9.388254000000000321e-01
2.035987102775790314e-01 4.570801033498791965e-02 -9.779868828182323170e-01 -3.471099000000000268e-01 1.117440077625661207e-02 9.987360684614581263e-01 4.900406433594212824e-02 -8.911900000000000377e-03 9.789906526318818969e-01 -2.090558167969015085e-02 2.028306158202842768e-01 9.430844999999999922e-01
1.553418133672314905e-01 4.713171950007670474e-02 -9.867357914035277400e-01 -3.764178000000000246e-01 1.693028501111533413e-02 9.985874615188282677e-01 5.036315266963579951e-02 -8.034299999999999428e-03 9.877156911121856009e-01 -2.452922164172212718e-02 1.543244336339150147e-01 9.466227000000000391e-01
7.077157822079153948e-02 4.675744797724432772e-02 -9.963960682252785972e-01 -4.391410000000000036e-01 1.889036822066662152e-02 9.986587988869066734e-01 4.820536686146445482e-02 -5.847500000000000267e-03 9.973136606427419615e-01 -2.223385851389806864e-02 6.979339389195760024e-02 9.499912000000000356e-01
3.533966544164918872e-02 4.248189302189496475e-02 -9.984720310613356409e-01 -4.717776000000000192e-01 1.614742117455763779e-02 9.989414119956326887e-01 4.307338145053309780e-02 -4.349500000000000068e-03 9.992448993294306137e-01 -1.764494730646575665e-02 3.461628227681723402e-02 9.497630999999999712e-01
6.648726611524642324e-03 4.252377945662536018e-02 -9.990733319507482113e-01 -5.059647999999999923e-01 1.412383721910564528e-02 9.989917610487826227e-01 4.261430016860720538e-02 -2.895599999999999910e-03 9.998781484044213519e-01 -1.439407994198439386e-02 6.041424167392395184e-03 9.491532000000000302e-01
-1.452145401718385985e-02 4.663709078536416863e-02 -9.988063421586312884e-01 -5.416718999999999840e-01 1.259098926169358382e-02 9.988409980975995195e-01 4.645565098890577782e-02 -1.437099999999999966e-03 9.998152801206026119e-01 -1.190135632895703705e-02 -1.509183073362752037e-02 9.479471000000000425e-01
-2.744877923032672598e-02 5.270287227356968557e-02 -9.982329246087211505e-01 -5.782264000000000292e-01 1.424999518269463167e-02 9.985283477247751671e-01 5.232663210377348773e-02 -3.759999999999999915e-05 9.995216366622876603e-01 -1.278851219439845754e-02 -2.815939984793280892e-02 9.464679000000000286e-01
-3.949765923784091803e-02 5.249378763076398280e-02 -9.978398354319736319e-01 -6.557142999999999722e-01 1.527829809468503677e-02 9.985340811439510356e-01 5.192554671195517141e-02 3.032799999999999992e-03 9.991028518236056977e-01 -1.319435690671377087e-02 -4.024177460993627609e-02 9.435628999999999822e-01
-3.869565746167279857e-02 4.877435851992821536e-02 -9.980599721682954506e-01 -6.958522000000000318e-01 2.260270034602972558e-02 9.985952083214344466e-01 4.792418861638089028e-02 4.620499999999999607e-03 9.989953773820361427e-01 -2.070439249145867439e-02 -3.974373033426981117e-02 9.423968999999999818e-01
-3.460067107151509891e-02 4.710271614296052123e-02 -9.982906028273317300e-01 -7.367704999999999949e-01 3.427686515791962540e-02 9.983569756497044922e-01 4.591781447892613610e-02 6.519200000000000168e-03 9.988132408395211659e-01 -3.262948518642257156e-02 -3.615835477621209826e-02 9.419286000000000048e-01
-2.895519561309121623e-02 4.711860236776724969e-02 -9.984695458339808427e-01 -7.791219000000000339e-01 3.480767736449110611e-02 9.983300930171388199e-01 4.610261351464230856e-02 8.207499999999999518e-03 9.989744852815297671e-01 -3.341949561706796662e-02 -3.054693223882976039e-02 9.407619000000000398e-01
-2.373807698157906140e-02 4.587010221846062052e-02 -9.986653280372183028e-01 -8.224103999999999859e-01 3.294481769225775236e-02 9.984401499428141591e-01 4.507666768290113923e-02 9.540299999999999822e-03 9.991752312224521093e-01 -3.183081376023516595e-02 -2.521223129595429047e-02 9.394390000000000240e-01
-1.881634573654797707e-02 2.873003014318185888e-02 -9.994100912543831816e-01 -9.110376999999999503e-01 3.436730475276482399e-02 9.990149510330185167e-01 2.807162226388375259e-02 1.239110000000000038e-02 9.992321219302114921e-01 -3.381882582922487307e-02 -1.978518441610466194e-02 9.378984999999999683e-01
-1.777643374284453362e-02 2.047827039318813810e-02 -9.996322518031764970e-01 -9.574416999999999511e-01 2.681923960946295746e-02 9.994402593062534645e-01 1.999741144796154946e-02 1.341889999999999923e-02 9.994822293518560441e-01 -2.645389422282331399e-02 -1.831569518995124213e-02 9.362175000000000358e-01
-1.923962053512859663e-02 1.766337577390050817e-02 -9.996588628917038033e-01 -1.004258899999999954e+00 2.137018672415309795e-02 9.996227802587627220e-01 1.725144362411602100e-02 1.425200000000000078e-02 9.995864905654934240e-01 -2.103098533143911431e-02 -1.960983260891602242e-02 9.345944999999999947e-01
-2.749050547555920848e-02 3.200452075574466287e-02 -9.991095949693872269e-01 -1.102792599999999901e+00 7.095727977123504962e-03 9.994684031484601938e-01 3.182077548303575976e-02 1.589520000000000169e-02 9.995968801237690160e-01 -6.214640702583878670e-03 -2.770298698272211091e-02 9.306314999999999449e-01
-3.405861298155277161e-02 5.147126363573296254e-02 -9.980935426609640615e-01 -1.205796199999999985e+00 4.070451781058713470e-03 9.986717966146611003e-01 5.136218520218077677e-02 1.943589999999999901e-02 9.994115480141656516e-01 -2.313366850699615646e-03 -3.422288751323010469e-02 9.268391999999999742e-01
-3.489954049966789706e-02 5.916498448589245507e-02 -9.976379737578636719e-01 -1.257619899999999902e+00 6.032474812975696654e-03 9.982403652757706469e-01 5.898968029856434953e-02 2.135199999999999945e-02 9.993726188567219060e-01 -3.959513212520214542e-03 -3.519504133506623500e-02 9.248686000000000407e-01
-3.835418668388207442e-02 5.733583986945664512e-02 -9.976179418145415534e-01 -1.362466500000000025e+00 6.027951011375137086e-03 9.983476324862635698e-01 5.714602799562541052e-02 2.586600000000000010e-02 9.992460258466991929e-01 -3.821802655340385269e-03 -3.863642910571896127e-02 9.207408000000000259e-01
-4.118008239796563247e-02 5.238895116161547405e-02 -9.977773291721369064e-01 -1.415109799999999973e+00 5.995641866947242632e-03 9.986193987601679201e-01 5.218571354771239790e-02 2.811690000000000023e-02 9.991337513527908110e-01 -3.833303544783846217e-03 -4.143733451410069879e-02 9.184014000000000344e-01
-5.135084810377111425e-02 4.285608925003507597e-02 -9.977607158097659967e-01 -1.520326000000000066e+00 5.819883692918109697e-03 9.990747024504098572e-01 4.261300127221764877e-02 3.171149999999999664e-02 9.986637168500839268e-01 -3.618637563800108231e-03 -5.155275074481979747e-02 9.126077000000000217e-01
-6.498058705604778384e-02 4.339076291044104833e-02 -9.969427089857776370e-01 -1.627507999999999955e+00 5.293069047316238673e-03 9.990551146653745551e-01 4.313770138771281376e-02 3.502020000000000133e-02 9.978724902140110320e-01 -2.473773434458148568e-03 -6.514885815640392153e-02 9.056591999999999976e-01
-7.731007500445118141e-02 5.087436682175074110e-02 -9.957082660615471648e-01 -1.737647699999999906e+00 6.576658161037002293e-04 9.986996546383150042e-01 5.097614443035783371e-02 3.911320000000000074e-02 9.970068805070911866e-01 3.286126259948115441e-03 -7.724300353898216898e-02 8.964921000000000140e-01
-8.464345883118239156e-02 5.444977604293869955e-02 -9.949224626904190627e-01 -1.846436900000000048e+00 -6.452008929530385350e-03 9.984549133673652488e-01 5.519200624492918983e-02 4.328420000000000184e-02 9.963904136722049332e-01 1.109089092187195980e-02 -8.416136691316244978e-02 8.863851000000000369e-01
-8.630123670132139324e-02 5.569356579136112984e-02 -9.947111758059553610e-01 -1.900823099999999988e+00 -1.024311264717032641e-02 9.983338779367582072e-01 5.678509317638966158e-02 4.547079999999999872e-02 9.962164298921797334e-01 1.508956239250183393e-02 -8.558697283864480365e-02 8.812524999999999942e-01
-8.913140396558967560e-02 5.467022015760306802e-02 -9.945183557154901877e-01 -2.011156600000000072e+00 -1.168153253110044282e-02 9.983664277194032044e-01 5.592868495255651218e-02 4.974819999999999937e-02 9.959513716165302455e-01 1.660250073683751729e-02 -8.834716941948739244e-02 8.707300000000000040e-01
-8.996642566560980603e-02 5.379046341623026223e-02 -9.944911403820658746e-01 -2.066456599999999977e+00 -1.331358656614286401e-02 9.983862454940927167e-01 5.520555425820171391e-02 5.214030000000000054e-02 9.958558081698879461e-01 1.820689028023804792e-02 -8.910509794968657360e-02 8.652921000000000085e-01
-9.159920853461217538e-02 5.054338707805342001e-02 -9.945124187351865874e-01 -2.177743700000000171e+00 -2.000888843107712090e-02 9.984159929947891143e-01 5.258468708647052320e-02 5.658300000000000135e-02 9.955949122909306670e-01 2.471580374795393636e-02 -9.044279775364805207e-02 8.539841000000000237e-01
-9.101711157412478714e-02 4.488971042031855013e-02 -9.948370717354090287e-01 -2.289722199999999930e+00 -2.707396588477430782e-02 9.985027291364947377e-01 4.753209734739371334e-02 6.100860000000000311e-02 9.954812332595593949e-01 3.126041914869313182e-02 -8.966549181638727717e-02 8.426517999999999509e-01
-8.925398488039781864e-02 4.901034848812140660e-02 -9.948023481697469972e-01 -2.346794800000000070e+00 -2.783817731007024593e-02 9.982756657326373739e-01 5.167911657635776423e-02 6.311429999999999818e-02 9.956197879045105559e-01 3.230605124636221070e-02 -8.773572240452920390e-02 8.371823000000000459e-01
-8.728490749428367834e-02 5.226017806050935188e-02 -9.948116498678521991e-01 -2.403326700000000038e+00 -2.772688690263470576e-02 9.981086746252195718e-01 5.486614056570843917e-02 6.515440000000000120e-02 9.957974516267867893e-01 3.237201610915559774e-02 -8.567081128730913431e-02 8.317364999999999897e-01
-8.338233978681466874e-02 5.104999712633776637e-02 -9.952091655552000038e-01 -2.517165199999999992e+00 -2.550828694596576213e-02 9.982503857374647183e-01 5.334317830880817846e-02 6.971499999999999919e-02 9.961911025043130863e-01 2.983395998529085949e-02 -8.193425488059069561e-02 8.219899999999999984e-01
-7.934437883116567114e-02 5.165035293185957915e-02 -9.955082674643694896e-01 -2.573894699999999869e+00 -3.024386623814073055e-02 9.980723073035129289e-01 5.419389217256394969e-02 7.186399999999999733e-02 9.963883671053500590e-01 3.440799959103087863e-02 -7.762932088636165240e-02 8.169631000000000531e-01
-7.369980948622442685e-02 5.262361782452749243e-02 -9.958911049551311123e-01 -2.631552899999999973e+00 -3.517121397654459497e-02 9.978484819950327323e-01 5.532985349361531358e-02 7.425279999999999381e-02 9.966600843763684381e-01 3.910449881109451242e-02 -7.169040649642577367e-02 8.120024999999999604e-01
-6.751435811552501665e-02 5.217555013041781653e-02 -9.963531118116893959e-01 -2.689117400000000213e+00 -3.903435285907690122e-02 9.977289807447937697e-01 5.489262499487532199e-02 7.651990000000000181e-02 9.969544276169907127e-01 4.259803928050202859e-02 -6.532439287383462467e-02 8.073567000000000382e-01
-6.186482882331821587e-02 5.123176988340737842e-02 -9.967688040409748984e-01 -2.747055099999999861e+00 -4.038339863984683614e-02 9.977354592941121147e-01 5.378786463006692692e-02 7.896939999999999515e-02 9.972672280131124056e-01 4.358048900346094684e-02 -5.965582041395844914e-02 8.035733000000000459e-01
-5.581050375959075577e-02 5.046836832406384477e-02 -9.971650472558725165e-01 -2.804830799999999957e+00 -4.057782931144482408e-02 9.977818867302865602e-01 5.277069528934591469e-02 8.125970000000000415e-02 9.976164731190394486e-01 4.340795217072990209e-02 -5.363881290513117239e-02 7.998142000000000307e-01
-5.068159116054066216e-02 5.019487702021981079e-02 -9.974526809018865459e-01 -2.863008499999999845e+00 -3.869291701976977638e-02 9.978876761347160729e-01 5.218279401256081806e-02 8.326770000000000005e-02 9.979650467275579251e-01 4.123906084504291858e-02 -4.863234901464075222e-02 7.969344999999999901e-01
-4.505595306701443842e-02 5.095093928753412910e-02 -9.976843002067042887e-01 -2.921276100000000042e+00 -3.744638788028572390e-02 9.979105007470022715e-01 5.265358994015736926e-02 8.550280000000000380e-02 9.982823894710065593e-01 3.973203096476521368e-02 -4.305388005131194351e-02 7.938937999999999828e-01
-3.966346603660648312e-02 5.241168210908776770e-02 -9.978375744781604606e-01 -2.980325699999999856e+00 -3.631163657006239442e-02 9.978881763493203660e-01 5.385770652219950411e-02 8.775789999999999980e-02 9.985530904822068621e-01 3.836929867385632104e-02 -3.767654983819157533e-02 7.916590999999999489e-01
-3.414031440897522668e-02 5.384980749447100534e-02 -9.979652484755493491e-01 -3.039359300000000097e+00 -3.717248592517455319e-02 9.977879953028727655e-01 5.511191086885830481e-02 9.003010000000000179e-02 9.987255104492921420e-01 3.897838711751290541e-02 -3.206306466197961225e-02 7.894073000000000340e-01
-2.872304872524197167e-02 5.280317811451535476e-02 -9.981917705796486961e-01 -3.098688800000000132e+00 -3.688268730034317128e-02 9.978677923950562967e-01 5.384734234966440103e-02 9.258030000000000426e-02 9.989067293043091267e-01 3.836265477809928937e-02 -2.671428211545079368e-02 7.874908000000000463e-01
-2.385460870181754442e-02 4.838609351011414345e-02 -9.985438115568657791e-01 -3.157719600000000071e+00 -3.692207130869266246e-02 9.981039579184302069e-01 4.924682566257655714e-02 9.459439999999999515e-02 9.990333919814485819e-01 3.804306957114375609e-02 -2.202286456495006206e-02 7.859255000000000546e-01
-1.957651957249801136e-02 4.338221523898285609e-02 -9.988667294901690807e-01 -3.216808599999999796e+00 -3.697401072546822182e-02 9.983433838510865632e-01 4.408412924891257773e-02 9.646670000000000245e-02 9.991244579191828068e-01 3.779512298856072677e-02 -1.794007430249400237e-02 7.844936000000000131e-01
-1.594576178645075448e-02 4.277665677446812476e-02 -9.989574016524674915e-01 -3.276084899999999855e+00 -3.675550141274225302e-02 9.983840846209106612e-01 4.333881276135839039e-02 9.835259999999999836e-02 9.991970605425878338e-01 3.740825057210680343e-02 -1.434771731624240321e-02 7.835090999999999584e-01
-1.295245200766990609e-02 4.508221929093188945e-02 -9.988993079839396660e-01 -3.335415600000000147e+00 -3.643150471729803691e-02 9.982985484915631869e-01 4.552750315656926144e-02 1.001153000000000043e-01 9.992522101306671178e-01 3.698109765058713722e-02 -1.128800095389970171e-02 7.825739999999999919e-01
-1.068032235402826234e-02 4.487941640749938677e-02 -9.989353175743340696e-01 -3.394980200000000004e+00 -3.551683482385108170e-02 9.983449123068895981e-01 4.523262666532013032e-02 1.018455999999999945e-01 9.993120059113214104e-01 3.596211970770391009e-02 -9.068670664405642512e-03 7.816528999999999838e-01
-9.947479681983032937e-03 4.434605979374243306e-02 -9.989667034635069109e-01 -3.454627799999999915e+00 -3.767133008549352485e-02 9.982903242182087356e-01 4.469115641705153491e-02 1.038745999999999975e-01 9.992406709785016661e-01 3.807696880101405640e-02 -8.259897660399806441e-03 7.808138999999999497e-01
-8.803793854444482911e-03 4.561506062023449465e-02 -9.989202968497440382e-01 -3.514735500000000012e+00 -3.896206504458717829e-02 9.981847849185540023e-01 4.592485867764088681e-02 1.055259999999999948e-01 9.992019068742962196e-01 3.932431056881051379e-02 -7.010556116167632190e-03 7.797034000000000464e-01
-8.072178052099343235e-03 4.539594912683322242e-02 -9.989364583117233964e-01 -3.574575199999999953e+00 -3.961532936868488591e-02 9.981702504639969886e-01 4.568125181791959227e-02 1.072271000000000057e-01 9.991823985742073200e-01 3.994194401272350287e-02 -6.259032511390372200e-03 7.791052000000000533e-01
-6.597712669930463035e-03 4.347530626112514063e-02 -9.990327161474875650e-01 -3.634742699999999882e+00 -4.063837378843457304e-02 9.982174688240051941e-01 4.370820873048533034e-02 1.089431000000000010e-01 9.991521369457988522e-01 4.088743914819773645e-02 -4.819186294999777687e-03 7.781599000000000155e-01
-6.385087695611306631e-03 4.277437052909635606e-02 -9.990643542239702191e-01 -3.695108400000000071e+00 -3.909247239022058118e-02 9.983103087877487347e-01 4.299192913244973685e-02 1.103584999999999983e-01 9.992151966706365185e-01 3.933040292126831899e-02 -4.702142970124834065e-03 7.778422000000000391e-01
-6.097200445500187624e-03 4.222696564156084437e-02 -9.990894391992307666e-01 -3.755316500000000168e+00 -3.498827734231534786e-02 9.984872482598371457e-01 4.241503873764122801e-02 1.121666000000000052e-01 9.993691232949636349e-01 3.521503138156806267e-02 -4.610528109724731927e-03 7.775490000000000457e-01
-5.784576224582801615e-03 4.285148316237587240e-02 -9.990647071479835661e-01 -3.815510699999999922e+00 -3.307086382538708402e-02 9.985267183224050269e-01 4.301988798371143147e-02 1.137655999999999945e-01 9.994362694257920010e-01 3.328878470405598894e-02 -4.358918350039653333e-03 7.770852000000000315e-01
-5.949886221434167594e-03 4.624108196071678722e-02 -9.989125893655832478e-01 -3.876693500000000014e+00 -3.238906801347740672e-02 9.983972388562437628e-01 4.641014670787837332e-02 1.151916000000000051e-01 9.994576264790671072e-01 3.262998288891264670e-02 -4.442644426346231690e-03 7.768635000000000401e-01
-5.920930265295352123e-03 4.986259156379069246e-02 -9.987385366287491184e-01 -3.937246800000000047e+00 -3.485187844795493983e-02 9.981389770903388303e-01 5.003927439223005563e-02 1.170274000000000036e-01 9.993749492324899286e-01 3.510419313407595748e-02 -4.172106298143907210e-03 7.761890000000000178e-01
-5.181471803069247380e-03 4.969180810837548617e-02 -9.987511584758608230e-01 -3.997437000000000129e+00 -3.721214819834559734e-02 9.980632095432069306e-01 4.985063472792466976e-02 1.189990999999999965e-01 9.992939549383945685e-01 3.742397578068093478e-02 -3.322297450356281878e-03 7.753124999999999600e-01
-5.066346383589800766e-03 4.765261625623411212e-02 -9.988511201867160683e-01 -4.057784599999999742e+00 -3.816386171555577467e-02 9.981270290982183768e-01 4.781164546969886991e-02 1.210181000000000034e-01 9.992586510975411951e-01 3.836224638235270074e-02 -3.238249407047644191e-03 7.747600999999999516e-01
-4.994024948907504341e-03 4.553853449083974936e-02 -9.989500996502459484e-01 -4.117817900000000364e+00 -3.783726426901941331e-02 9.982385911237467990e-01 4.569525822132257387e-02 1.227618999999999932e-01 9.992714351703676501e-01 3.802574217163368075e-02 -3.262174865080513797e-03 7.745904000000000122e-01
-5.108941646264594447e-03 4.509239169528380525e-02 -9.989697567626631969e-01 -4.177177900000000221e+00 -3.507361600345709068e-02 9.983600551997803274e-01 4.524424429619338522e-02 1.242383999999999988e-01 9.993716726902446279e-01 3.526863185169915732e-02 -3.519010032979275060e-03 7.741896000000000333e-01
-5.149922280070452427e-03 4.661439193698904693e-02 -9.988996830337140143e-01 -4.236818799999999996e+00 -3.382156180524853450e-02 9.983333042067867868e-01 4.676233172771521174e-02 1.260217999999999894e-01 9.994146187932029246e-01 3.402516974100051883e-02 -3.564767388359979527e-03 7.738658999999999955e-01
-5.035581997124876502e-03 4.923961604074917481e-02 -9.987743003932918473e-01 -4.296877399999999625e+00 -3.342884518149958489e-02 9.982204385177180228e-01 4.938085089714487619e-02 1.278843000000000063e-01 9.994284142567597673e-01 3.363653278288829263e-02 -3.380597367939275344e-03 7.735887999999999654e-01
-4.479080359736048109e-03 5.167960689807366004e-02 -9.986536717350972259e-01 -4.356565500000000313e+00 -3.349983020185832994e-02 9.980953968253702957e-01 5.180096729263899968e-02 1.297288000000000052e-01 9.994286864081786126e-01 3.368674912880391392e-02 -2.739291433079271698e-03 7.730801999999999952e-01
-4.410660157295101698e-03 5.218157550363342057e-02 -9.986278732615747611e-01 -4.415558800000000339e+00 -3.507739622619304720e-02 9.980149388648332787e-01 5.230447472840005219e-02 1.314335000000000087e-01 9.993748657790868517e-01 3.525996285564954313e-02 -2.571510927588449569e-03 7.725480000000000125e-01
-3.717212480249913308e-03 5.006064971906368927e-02 -9.987392621105279922e-01 -4.474409099999999917e+00 -3.542165232110413425e-02 9.981128052815183560e-01 5.016108531422186489e-02 1.333693999999999991e-01 9.993655431713761583e-01 3.556345431426810588e-02 -1.936966447172450145e-03 7.717726000000000308e-01
-3.538642274501272236e-03 4.869785959374633988e-02 -9.988072869587212299e-01 -4.533109200000000172e+00 -3.377075605898686994e-02 9.982379959061050689e-01 4.878974856019890199e-02 1.351806999999999870e-01 9.994233407550865422e-01 3.390312670463885986e-02 -1.887843635391517338e-03 7.715225999999999473e-01
-3.318739406376417130e-03 4.988775522223535402e-02 -9.987493168196105442e-01 -4.591795399999999638e+00 -3.287191339598351941e-02 9.982096141210395901e-01 4.997002687624039347e-02 1.369128000000000012e-01 9.994540626154057028e-01 3.299663854412381719e-02 -1.672891613021976198e-03 7.709399999999999586e-01
-2.952380143207338457e-03 5.280534406018796978e-02 -9.986004601892467525e-01 -4.650473100000000137e+00 -3.042993498263536420e-02 9.981376126550176586e-01 5.287083563075770098e-02 1.386525000000000118e-01 9.995325419957284963e-01 3.054344188245955438e-02 -1.340018481303828501e-03 7.706015000000000503e-01
-3.261256120343601975e-03 5.550526030705528469e-02 -9.984530686450733272e-01 -4.708793199999999679e+00 -2.895651432989128360e-02 9.980344508952426752e-01 5.557656974026208008e-02 1.403657000000000099e-01 9.995753520802622694e-01 2.909297001815812009e-02 -1.647607095830339041e-03 7.708686999999999623e-01
-2.647250395094015094e-03 5.715667281089383683e-02 -9.983617114145223459e-01 -4.767713099999999926e+00 -2.948888584962496701e-02 9.979265638770961067e-01 5.720995297847938921e-02 1.427690000000000070e-01 9.995616027422687955e-01 2.959202361516466429e-02 -9.562748904335949263e-04 7.704197000000000406e-01
-2.365560015267379867e-03 5.917990836036796098e-02 -9.982445304494651506e-01 -4.826336900000000263e+00 -3.211122727371167052e-02 9.977280306344192828e-01 5.922538281294208173e-02 1.448544999999999972e-01 9.994815021844030145e-01 3.219495818947354371e-02 -4.598460479829924452e-04 7.698528000000000038e-01
-2.105922463403512700e-03 5.834801263513994529e-02 -9.982940821782465557e-01 -4.884625400000000006e+00 -3.408081068773824440e-02 9.977121756919840045e-01 5.838589571835213488e-02 1.472084999999999921e-01 9.994168616915789505e-01 3.414562779474543397e-02 -1.125569101769752223e-04 7.694801000000000002e-01
-2.253970056161623634e-03 5.455640265757439461e-02 -9.985081464605336521e-01 -4.942519199999999557e+00 -3.627344207054131880e-02 9.978491012884247446e-01 5.460227521118767025e-02 1.491930999999999952e-01 9.993393602872555626e-01 3.634239930092406090e-02 -2.701734834952285169e-04 7.691875000000000240e-01
-1.610302440670082109e-03 5.262555750087000855e-02 -9.986130169508969923e-01 -5.000457299999999883e+00 -3.740191257241961414e-02 9.979124135602499557e-01 5.264894869113571213e-02 1.514146000000000103e-01 9.992990062348580116e-01 3.743481748425368100e-02 3.613557055913707572e-04 7.684467000000000381e-01
-1.714716719090781955e-03 5.127033584589014981e-02 -9.986833394068528325e-01 -5.058356800000000320e+00 -3.742157920544678107e-02 9.979820042550731074e-01 5.129858275622995595e-02 1.532012000000000096e-01 9.992980962437305603e-01 3.746027022429138792e-02 2.073605056989169526e-04 7.680831999999999660e-01
-1.332353644789042568e-03 5.153977411375662565e-02 -9.986700538806940752e-01 -5.116902800000000084e+00 -3.593593444187888342e-02 9.980234255997456616e-01 5.155434579099911485e-02 1.553779000000000132e-01 9.993532075545434878e-01 3.595683020584361511e-02 5.224097950184969363e-04 7.678253000000000439e-01
-1.601183696022213769e-03 5.364988503985079760e-02 -9.985585240966011744e-01 -5.175384000000000206e+00 -3.634784842312085984e-02 9.978968303563477971e-01 5.367261759746923266e-02 1.576184999999999947e-01 9.993379158852032651e-01 3.638139359569843301e-02 3.522417542675126967e-04 7.676576999999999984e-01
-1.390429108938830496e-03 5.587309986928149647e-02 -9.984369100839023403e-01 -5.233842799999999684e+00 -3.524145414410897320e-02 9.978149335694191935e-01 5.588737116437218766e-02 1.596026000000000111e-01 9.993778597791236340e-01 3.526407601019670990e-02 5.816583579637546464e-04 7.674360999999999544e-01
-2.363439371174874421e-03 5.468083470171991589e-02 -9.985010868650378013e-01 -5.291910599999999576e+00 -3.886376964382105836e-02 9.977444974396937338e-01 5.473139170425926625e-02 1.621017999999999903e-01 9.992417232899207802e-01 3.893487055502084515e-02 -2.330052638425117451e-04 7.670565999999999773e-01
-3.008140875406321076e-03 5.617439241510453762e-02 -9.984164405323401326e-01 -5.350945000000000285e+00 -4.291450213801817348e-02 9.974939008438656884e-01 5.625178473199088369e-02 1.642280999999999880e-01 9.990742197628361687e-01 4.301575776482444158e-02 -5.899060926970456364e-04 7.667275000000000063e-01
-3.006443403684827022e-03 5.527324483458496279e-02 -9.984667394077364477e-01 -5.410378500000000201e+00 -4.615216711163839386e-02 9.973996227996557717e-01 5.535313821278638885e-02 1.665997999999999923e-01 9.989298968240765131e-01 4.624781988981162967e-02 -4.476454843954646989e-04 7.660029999999999895e-01
-3.153245508576841931e-03 5.168653372490466386e-02 -9.986583796645713829e-01 -5.469722700000000160e+00 -4.737197235091721720e-02 9.975344311291060029e-01 5.177793881099149176e-02 1.688839000000000035e-01 9.988723408315733909e-01 4.747168570248097574e-02 -6.969779180776569660e-04 7.653750000000000275e-01
-3.878584843289435268e-03 4.758852487237582446e-02 -9.988594940631462249e-01 -5.529593900000000062e+00 -4.756955920049366765e-02 9.977274202759867094e-01 4.771930287520385200e-02 1.711893999999999916e-01 9.988603974615691827e-01 4.770038920067610350e-02 -1.606005298836032935e-03 7.648774000000000406e-01
-4.754723848188761176e-03 4.697178326257768488e-02 -9.988849003655329017e-01 -5.590270499999999920e+00 -4.389571395741102833e-02 9.979235486322475257e-01 4.713552143969072100e-02 1.729862000000000066e-01 9.990248039449753925e-01 4.407088225070857762e-02 -2.682990933187245908e-03 7.648681000000000507e-01
-5.519797187186968081e-03 4.594364066611555247e-02 -9.989287831078623725e-01 -5.650371999999999950e+00 -3.934522110728107952e-02 9.981604940885622224e-01 4.612571535376337045e-02 1.750547000000000075e-01 9.992104309979110699e-01 3.955767843567278147e-02 -3.701980787149450336e-03 7.648804000000000158e-01
-5.939958480750229947e-03 4.790884435865234992e-02 -9.988340500430820112e-01 -5.711946000000000190e+00 -3.866269349889185636e-02 9.980938193844238748e-01 4.810326223889368341e-02 1.771880999999999873e-01 9.992346636424590534e-01 3.890334611356013189e-02 -4.076350881712209606e-03 7.643035999999999719e-01
-6.379527608562141072e-03 5.187919933511882936e-02 -9.986329907948358064e-01 -5.774271500000000223e+00 -3.798981273534473430e-02 9.979198082819472626e-01 5.208483816673535605e-02 1.793868000000000129e-01 9.992577624195996266e-01 3.827015697470523281e-02 -4.395375900464904007e-03 7.634391999999999845e-01
-6.815046816968615973e-03 5.191178690888289399e-02 -9.986284201427521046e-01 -5.836559799999999854e+00 -3.654319799568359756e-02 9.979716265410899512e-01 5.212703040822071893e-02 1.818445999999999951e-01 9.993088360547656146e-01 3.684832423405488139e-02 -4.904200649562762138e-03 7.628637000000000334e-01
-7.546223528428441969e-03 4.727734785361868697e-02 -9.988532959801389444e-01 -5.898384100000000352e+00 -3.620437829078142211e-02 9.982139224983648251e-01 4.752060524663292984e-02 1.841707999999999956e-01 9.993159147652143082e-01 3.652146369405610826e-02 -5.821098402084778911e-03 7.623786000000000174e-01
-8.149194662494797098e-03 4.394502191339094699e-02 -9.990007135509882952e-01 -5.961135399999999862e+00 -3.677465452652396716e-02 9.983449084448363653e-01 4.421615730393443910e-02 1.860482999999999998e-01 9.992903559080349440e-01 3.709823218568580883e-02 -6.519644000201996192e-03 7.613041000000000391e-01
-9.090514468460805797e-03 4.257912526984517637e-02 -9.990517407211466638e-01 -6.023736999999999675e+00 -3.597603637635727464e-02 9.984322831035674639e-01 4.288007536426356042e-02 1.879599000000000131e-01 9.993113065273230289e-01 3.633172371155456853e-02 -7.544434955749856897e-03 7.606089000000000322e-01
-9.663481083328520974e-03 4.377431412430781571e-02 -9.989947079721187562e-01 -6.086471600000000315e+00 -3.788536459490359637e-02 9.983080413546184806e-01 4.411069843265602586e-02 1.899317000000000089e-01 9.992353658087086421e-01 3.827354163977933488e-02 -7.988725022473830428e-03 7.597787999999999764e-01
-1.031347200280218097e-02 5.185269283680959962e-02 -9.986014873515955959e-01 -6.213957299999999684e+00 -4.804701026772398298e-02 9.974754102328045047e-01 5.229044640497484964e-02 1.939984999999999904e-01 9.987918287108583648e-01 4.851911197115828245e-02 -7.796067851780330571e-03 7.569183000000000439e-01
-1.031045012014464649e-02 5.176574716683304128e-02 -9.986060294423317885e-01 -6.278366600000000020e+00 -5.560560372057831574e-02 9.970841525693507901e-01 5.226097521028070375e-02 1.965197999999999945e-01 9.983995750465790575e-01 5.606692532428619175e-02 -7.401920797394434537e-03 7.554094999999999560e-01
-1.002523452419155914e-02 4.963392864371425628e-02 -9.987171610621927709e-01 -6.342416300000000007e+00 -5.916514107530730648e-02 9.969881019716981818e-01 5.014190471461593690e-02 1.990470000000000017e-01 9.981978665346236124e-01 5.959192608282871950e-02 -7.058441149767835654e-03 7.542145999999999573e-01
-1.049080843260599173e-02 4.837225103420548372e-02 -9.987742829430054092e-01 -6.406643899999999725e+00 -6.139275951465488629e-02 9.969137767915653425e-01 4.892699380048550623e-02 2.012666999999999928e-01 9.980585513974652434e-01 6.183079308128596602e-02 -7.488725481220592783e-03 7.530057000000000000e-01
-1.113983953476389496e-02 4.781014794579616090e-02 -9.987943200321780512e-01 -6.470806600000000408e+00 -6.112083055854299063e-02 9.969560227538926123e-01 4.840385074117387054e-02 2.032068999999999959e-01 9.980682081135405781e-01 6.158634952764324710e-02 -8.183734165120859494e-03 7.521113000000000381e-01
-1.167739099974889755e-02 4.679063096339682731e-02 -9.988364607849905541e-01 -6.534615500000000132e+00 -5.901193870935039082e-02 9.971312694883417427e-01 4.740065926052160206e-02 2.051412999999999986e-01 9.981889749086606534e-01 5.949679203633931324e-02 -8.882685865307493600e-03 7.514020999999999617e-01
-1.248995065297678515e-02 4.752017778710924262e-02 -9.987921875123813020e-01 -6.598321900000000184e+00 -5.898564583137059364e-02 9.970956136640597434e-01 4.817707751356854751e-02 2.070016000000000078e-01 9.981806924192344610e-01 5.951613155249430021e-02 -9.650666634169469127e-03 7.506969999999999477e-01
-1.298341348050645848e-02 5.267420758507140172e-02 -9.985273450585510080e-01 -6.662613900000000200e+00 -5.884455578607782761e-02 9.968405378222043867e-01 5.335035528164196184e-02 2.091388000000000136e-01 9.981827233671864974e-01 5.945056778217559790e-02 -9.842802529948957435e-03 7.495981000000000449e-01
-1.379801549290247259e-02 5.652694512061168935e-02 -9.983057243368831379e-01 -6.726574399999999621e+00 -5.749421569221984524e-02 9.967040876306937358e-01 5.723090827693477767e-02 2.116271999999999875e-01 9.982504845630650880e-01 5.818647760088055398e-02 -1.050256606778077195e-02 7.487625999999999449e-01
-1.388433489628199818e-02 5.532421061266945550e-02 -9.983719031325815063e-01 -6.790155900000000244e+00 -5.785628505996923132e-02 9.967508626276331274e-01 5.603898759014733222e-02 2.140575000000000117e-01 9.982283684225505827e-01 5.854015349445282346e-02 -1.063836948495566759e-02 7.476996999999999671e-01
-1.291998472356688590e-02 5.383754469518851893e-02 -9.984661199940321197e-01 -6.854300499999999907e+00 -5.779246876533813970e-02 9.968400234408650862e-01 5.449769004666975281e-02 2.167229999999999990e-01 9.982450122834327644e-01 5.840793137587609041e-02 -9.767753254496858162e-03 7.463758999999999810e-01
-1.156208179106840532e-02 5.343309317525955088e-02 -9.985044931388044054e-01 -6.917958699999999794e+00 -5.700829212860242939e-02 9.969118276112113319e-01 5.400798642288294482e-02 2.188047999999999937e-01 9.983067529037538135e-01 5.754748059297135065e-02 -8.480246704254290613e-03 7.450255999999999545e-01
-1.069611523112519100e-02 5.303392833972801756e-02 -9.985354252923721585e-01 -6.981598899999999830e+00 -5.712606199321502987e-02 9.969292257845429051e-01 5.356054347912413138e-02 2.210417000000000076e-01 9.983096744798727329e-01 5.761528635256780995e-02 -7.633650398188862596e-03 7.440655999999999937e-01
-9.739553188296867434e-03 5.518833847951817168e-02 -9.984284593297421129e-01 -7.045439199999999680e+00 -5.740256439491498580e-02 9.967984305181676330e-01 5.565819362327006914e-02 2.234213999999999922e-01 9.983036044733986092e-01 5.785443986754963686e-02 -6.540419178623579910e-03 7.430280000000000218e-01
-9.172511681612989520e-03 5.861200410017211593e-02 -9.982386979098797353e-01 -7.109052700000000335e+00 -5.810454950559489073e-02 9.965627193887340862e-01 5.904750334504409170e-02 2.259362000000000037e-01 9.982683638963035788e-01 5.854382375530767235e-02 -5.735359091192604453e-03 7.424874000000000196e-01
