1.429603e-01 -6.748327e-02 9.874251e-01 1.785699e+01 -7.923195e-03 9.975628e-01 6.932325e-02 7.679911e-01 -9.896967e-01 -1.773403e-02 1.420772e-01 8.048258e+00
1.227354e-01 -6.585881e-02 9.902518e-01 1.867273e+01 -1.036799e-02 9.976561e-01 6.763631e-02 8.064539e-01 -9.923853e-01 -1.856829e-02 1.217649e-01 8.147356e+00
9.757047e-02 -6.460911e-02 9.931292e-01 1.949576e+01 -1.483434e-02 9.976852e-01 6.636292e-02 8.456493e-01 -9.951181e-01 -2.120748e-02 9.638618e-02 8.228210e+00
6.770294e-02 -6.432262e-02 9.956299e-01 2.032201e+01 -1.914779e-02 9.976520e-01 6.575532e-02 8.850078e-01 -9.975218e-01 -2.351593e-02 6.631234e-02 8.284769e+00
3.479944e-02 -6.389870e-02 9.973494e-01 2.115627e+01 -2.241608e-02 9.976529e-01 6.470029e-02 9.232781e-01 -9.991429e-01 -2.460820e-02 3.328541e-02 8.311045e+00
5.546900e-04 -6.357691e-02 9.979768e-01 2.199272e+01 -2.432321e-02 9.976808e-01 6.357158e-02 9.585630e-01 -9.997040e-01 -2.430926e-02 -9.929930e-04 8.306307e+00
-3.340201e-02 -6.247780e-02 9.974872e-01 2.283006e+01 -2.520042e-02 9.977795e-01 6.165225e-02 9.929263e-01 -9.991243e-01 -2.307779e-02 -3.490231e-02 8.271717e+00
-6.618836e-02 -6.032882e-02 9.959817e-01 2.366830e+01 -2.699712e-02 9.979134e-01 5.865173e-02 1.025646e+00 -9.974419e-01 -2.300657e-02 -6.767896e-02 8.211107e+00
-9.850067e-02 -5.772373e-02 9.934614e-01 2.450483e+01 -2.971433e-02 9.980417e-01 5.504372e-02 1.056280e+00 -9.946933e-01 -2.409820e-02 -1.000230e-01 8.124873e+00
-1.309164e-01 -5.342831e-02 9.899527e-01 2.533863e+01 -2.760771e-02 9.983560e-01 5.023087e-02 1.084175e+00 -9.910090e-01 -2.075428e-02 -1.321762e-01 8.006449e+00
-1.625338e-01 -4.777256e-02 9.855458e-01 2.616891e+01 -2.228189e-02 9.987502e-01 4.473795e-02 1.109162e+00 -9.864514e-01 -1.468840e-02 -1.633951e-01 7.855574e+00
-1.929807e-01 -4.087264e-02 9.803509e-01 2.699155e+01 -1.639380e-02 9.991268e-01 3.842835e-02 1.128261e+00 -9.810656e-01 -8.655744e-03 -1.934823e-01 7.679836e+00
-2.217761e-01 -3.548258e-02 9.744518e-01 2.781161e+01 -1.032218e-02 9.993671e-01 3.404059e-02 1.143099e+00 -9.750430e-01 -2.509075e-03 -2.220020e-01 7.478533e+00
-2.497958e-01 -2.943698e-02 9.678510e-01 2.863097e+01 -2.214569e-03 9.995525e-01 2.982961e-02 1.152061e+00 -9.682960e-01 5.307937e-03 -2.497493e-01 7.246691e+00
-2.760849e-01 -2.011543e-02 9.609227e-01 2.943803e+01 3.834841e-03 9.997499e-01 2.203001e-02 1.152695e+00 -9.611256e-01 9.767135e-03 -2.759387e-01 6.997717e+00
-3.015542e-01 -4.619937e-03 9.534378e-01 3.023007e+01 8.514457e-03 9.999353e-01 7.538199e-03 1.146023e+00 -9.534111e-01 1.039118e-02 -3.014953e-01 6.731675e+00
-3.514700e-01 2.863449e-02 9.357611e-01 3.178304e+01 9.904458e-03 9.995899e-01 -2.686759e-02 1.108614e+00 -9.361468e-01 -1.749435e-04 -3.516094e-01 6.157692e+00
-3.762472e-01 3.929353e-02 9.256857e-01 3.255086e+01 1.331029e-02 9.992264e-01 -3.700520e-02 1.070947e+00 -9.264237e-01 -1.601956e-03 -3.764792e-01 5.836955e+00
-4.223468e-01 4.311262e-02 9.054085e-01 3.406148e+01 1.953336e-02 9.990692e-01 -3.846071e-02 9.790894e-01 -9.062239e-01 1.441909e-03 -4.227958e-01 5.135804e+00
-4.426797e-01 3.912393e-02 8.958259e-01 3.480410e+01 2.306832e-02 9.992139e-01 -3.223987e-02 9.319901e-01 -8.963831e-01 6.393259e-03 -4.432343e-01 4.758144e+00
-4.745911e-01 3.835757e-02 8.793702e-01 3.624909e+01 3.368186e-02 9.991097e-01 -2.540263e-02 8.426907e-01 -8.795617e-01 1.756296e-02 -4.754606e-01 3.963231e+00
-4.858028e-01 4.150123e-02 8.730826e-01 3.695412e+01 3.666324e-02 9.989606e-01 -2.708449e-02 8.025500e-01 -8.732992e-01 1.885231e-02 -4.868194e-01 3.562206e+00
-4.957198e-01 4.472549e-02 8.673301e-01 3.764822e+01 3.863947e-02 9.988200e-01 -2.942176e-02 7.630243e-01 -8.676226e-01 1.892822e-02 -4.968630e-01 3.157985e+00
-5.178818e-01 4.212198e-02 8.544145e-01 3.902884e+01 3.066636e-02 9.990591e-01 -3.066523e-02 6.757535e-01 -8.549024e-01 1.032081e-02 -5.186863e-01 2.346023e+00
-5.337535e-01 4.751282e-02 8.443043e-01 4.038700e+01 3.698339e-02 9.987766e-01 -3.282548e-02 5.915961e-01 -8.448310e-01 1.370451e-02 -5.348577e-01 1.476584e+00
-5.375855e-01 5.280509e-02 8.415542e-01 4.178415e+01 3.775591e-02 9.985436e-01 -3.853724e-02 5.077496e-01 -8.423635e-01 1.105657e-02 -5.387963e-01 5.810905e-01
-5.288197e-01 5.163411e-02 8.471621e-01 4.325224e+01 3.804206e-02 9.985866e-01 -3.711657e-02 4.157685e-01 -8.478812e-01 1.259982e-02 -5.300365e-01 -3.378365e-01
-5.150921e-01 5.001533e-02 8.556743e-01 4.479847e+01 3.429061e-02 9.986993e-01 -3.773337e-02 3.229204e-01 -8.564487e-01 9.905426e-03 -5.161372e-01 -1.255569e+00
-5.044189e-01 4.647981e-02 8.622072e-01 4.641671e+01 2.735822e-02 9.989091e-01 -3.784371e-02 2.251199e-01 -8.630256e-01 4.499376e-03 -5.051402e-01 -2.182613e+00
-5.033481e-01 4.071247e-02 8.631241e-01 4.810244e+01 1.953136e-02 9.991702e-01 -3.573950e-02 1.191937e-01 -8.638630e-01 -1.131428e-03 -5.037257e-01 -3.132580e+00
-5.048517e-01 3.860670e-02 8.623423e-01 4.982913e+01 1.791862e-02 9.992528e-01 -3.424582e-02 1.543395e-02 -8.630201e-01 -1.837075e-03 -5.051663e-01 -4.119797e+00
-5.050733e-01 3.726614e-02 8.622715e-01 5.160092e+01 1.804432e-02 9.993049e-01 -3.261913e-02 -8.461152e-02 -8.628878e-01 -9.159473e-04 -5.053947e-01 -5.138527e+00
-5.053926e-01 3.521010e-02 8.621708e-01 5.339938e+01 1.608035e-02 9.993779e-01 -3.138742e-02 -1.889423e-01 -8.627397e-01 -1.998966e-03 -5.056444e-01 -6.170360e+00
-5.048319e-01 3.357890e-02 8.625643e-01 5.519750e+01 1.438190e-02 9.994316e-01 -3.048977e-02 -2.987033e-01 -8.630979e-01 -2.986898e-03 -5.050279e-01 -7.201418e+00
-5.016360e-01 2.992057e-02 8.645612e-01 5.699227e+01 1.431070e-02 9.995519e-01 -2.628895e-02 -4.067709e-01 -8.649605e-01 -8.150146e-04 -5.018394e-01 -8.225644e+00
-4.969069e-01 2.798481e-02 8.673525e-01 5.878294e+01 1.489235e-02 9.996077e-01 -2.372015e-02 -5.090484e-01 -8.676761e-01 1.130207e-03 -4.971287e-01 -9.236703e+00
-4.938511e-01 2.886037e-02 8.690674e-01 6.056830e+01 1.538354e-02 9.995826e-01 -2.445283e-02 -6.093983e-01 -8.694104e-01 1.293278e-03 -4.940889e-01 -1.023718e+01
-4.972170e-01 3.192219e-02 8.670388e-01 6.233532e+01 1.346887e-02 9.994865e-01 -2.907467e-02 -7.144474e-01 -8.675217e-01 -2.778388e-03 -4.973916e-01 -1.122461e+01
-5.070402e-01 3.135650e-02 8.613519e-01 6.407973e+01 1.295155e-02 9.995024e-01 -2.876170e-02 -8.195839e-01 -8.618252e-01 -3.427495e-03 -5.071940e-01 -1.222485e+01
-5.177335e-01 2.656506e-02 8.551294e-01 6.579473e+01 1.185191e-02 9.996446e-01 -2.387884e-02 -9.282033e-01 -8.554599e-01 -2.227959e-03 -5.178643e-01 -1.324559e+01
-5.226363e-01 2.941155e-02 8.520482e-01 6.663750e+01 1.399654e-02 9.995660e-01 -2.591837e-02 -9.805354e-01 -8.524408e-01 -1.620158e-03 -5.228212e-01 -1.375919e+01
-5.323119e-01 3.183277e-02 8.459496e-01 6.830616e+01 1.267510e-02 9.994804e-01 -2.963431e-02 -1.087156e+00 -8.464535e-01 -5.052202e-03 -5.324388e-01 -1.478945e+01
-5.360908e-01 3.225966e-02 8.435437e-01 6.913168e+01 1.171101e-02 9.994576e-01 -3.077968e-02 -1.141061e+00 -8.440791e-01 -6.621957e-03 -5.361778e-01 -1.530806e+01
-5.418385e-01 2.556549e-02 8.400937e-01 7.077487e+01 1.359325e-02 9.996731e-01 -2.165448e-02 -1.238526e+00 -8.403727e-01 -3.136271e-04 -5.420089e-01 -1.635928e+01
-5.439621e-01 1.656099e-02 8.389463e-01 7.159496e+01 1.328968e-02 9.998498e-01 -1.112041e-02 -1.282215e+00 -8.390046e-01 5.100239e-03 -5.441005e-01 -1.688675e+01
-5.467919e-01 1.945582e-02 8.370425e-01 7.320718e+01 1.388613e-02 9.998032e-01 -1.416795e-02 -1.352730e+00 -8.371534e-01 3.876361e-03 -5.469545e-01 -1.793042e+01
-5.478065e-01 2.543605e-02 8.362183e-01 7.399928e+01 1.563674e-02 9.996744e-01 -2.016444e-02 -1.391231e+00 -8.364589e-01 2.029515e-03 -5.480259e-01 -1.845101e+01
-5.479916e-01 3.041695e-02 8.359306e-01 7.558518e+01 2.480583e-02 9.994900e-01 -2.010701e-02 -1.475622e+00 -8.361160e-01 9.717477e-03 -5.484666e-01 -1.950011e+01
-5.474528e-01 2.758302e-02 8.363819e-01 7.638160e+01 2.401024e-02 9.995629e-01 -1.724870e-02 -1.517748e+00 -8.364921e-01 1.063888e-02 -5.478757e-01 -2.001769e+01
-5.459641e-01 1.677805e-02 8.376405e-01 7.797620e+01 2.007551e-02 9.997744e-01 -6.940643e-03 -1.590768e+00 -8.375680e-01 1.302671e-02 -5.461778e-01 -2.104565e+01
-5.455092e-01 1.006165e-02 8.380444e-01 7.877335e+01 1.161550e-02 9.999226e-01 -4.444298e-03 -1.622926e+00 -8.380244e-01 7.309898e-03 -5.455839e-01 -2.154511e+01
-5.440667e-01 5.812895e-03 8.390218e-01 7.957091e+01 4.337534e-03 9.999821e-01 -4.115375e-03 -1.647452e+00 -8.390308e-01 1.400245e-03 -5.440822e-01 -2.204329e+01
-5.420740e-01 5.488407e-03 8.403128e-01 8.035975e+01 6.576327e-03 9.999757e-01 -2.288938e-03 -1.672576e+00 -8.403051e-01 4.285396e-03 -5.420969e-01 -2.255003e+01
-5.389628e-01 7.989060e-03 8.422917e-01 8.114486e+01 1.078112e-02 9.999385e-01 -2.585744e-03 -1.699977e+00 -8.422606e-01 7.687229e-03 -5.390158e-01 -2.305551e+01
-5.339357e-01 1.250467e-02 8.454326e-01 8.193166e+01 1.321294e-02 9.998919e-01 -6.444587e-03 -1.723704e+00 -8.454219e-01 7.729654e-03 -5.340432e-01 -2.355204e+01
-5.262425e-01 1.515726e-02 8.501994e-01 8.272160e+01 1.899031e-02 9.998012e-01 -6.070036e-03 -1.744715e+00 -8.501225e-01 1.295124e-02 -5.264258e-01 -2.404556e+01
-5.181164e-01 1.686560e-02 8.551438e-01 8.351715e+01 2.586392e-02 9.996573e-01 -4.045287e-03 -1.770218e+00 -8.549190e-01 2.002144e-02 -5.183751e-01 -2.453507e+01
-4.974733e-01 1.516480e-02 8.673467e-01 8.513089e+01 2.234398e-02 9.997394e-01 -4.664016e-03 -1.805753e+00 -8.671915e-01 1.705975e-02 -4.976825e-01 -2.545724e+01
-4.858919e-01 1.153787e-02 8.739427e-01 8.594484e+01 2.212486e-02 9.997548e-01 -8.979555e-04 -1.822552e+00 -8.737389e-01 1.889955e-02 -4.860280e-01 -2.590591e+01
-4.747080e-01 1.005332e-02 8.800859e-01 8.675945e+01 2.184015e-02 9.997614e-01 3.599212e-04 -1.839846e+00 -8.798723e-01 1.939206e-02 -4.748143e-01 -2.633928e+01
-4.628420e-01 9.424718e-03 8.863907e-01 8.758352e+01 2.261341e-02 9.997436e-01 1.177951e-03 -1.851770e+00 -8.861524e-01 2.058951e-02 -4.629364e-01 -2.676347e+01
-4.508179e-01 1.059844e-02 8.925530e-01 8.840537e+01 2.496485e-02 9.996880e-01 7.388452e-04 -1.869075e+00 -8.922668e-01 2.261553e-02 -4.509418e-01 -2.717759e+01
-4.386412e-01 1.304329e-02 8.985676e-01 8.923085e+01 2.421538e-02 9.997031e-01 -2.690457e-03 -1.893883e+00 -8.983360e-01 2.057901e-02 -4.388269e-01 -2.757508e+01
-4.268339e-01 2.386630e-02 9.040150e-01 9.005203e+01 2.785083e-02 9.995244e-01 -1.323792e-02 -1.917750e+00 -9.039011e-01 1.952717e-02 -4.272957e-01 -2.796252e+01
-4.025051e-01 2.517720e-02 9.150714e-01 9.172222e+01 2.639237e-02 9.995253e-01 -1.589187e-02 -1.977509e+00 -9.150372e-01 1.775434e-02 -4.029785e-01 -2.870201e+01
-3.805729e-01 2.196923e-02 9.244899e-01 9.340903e+01 2.221502e-02 9.996464e-01 -1.461026e-02 -2.046250e+00 -9.244841e-01 1.497729e-02 -3.809264e-01 -2.939508e+01
-3.733046e-01 2.566433e-02 9.273538e-01 9.424877e+01 1.804085e-02 9.996290e-01 -2.040224e-02 -2.082058e+00 -9.275334e-01 9.113996e-03 -3.736291e-01 -2.972193e+01
-3.647887e-01 3.303496e-02 9.305041e-01 9.593682e+01 9.476799e-03 9.994503e-01 -3.176750e-02 -2.163160e+00 -9.310421e-01 -2.770224e-03 -3.649012e-01 -3.036357e+01
-3.562009e-01 3.299304e-02 9.338267e-01 9.762797e+01 7.842455e-03 9.994468e-01 -3.232003e-02 -2.254489e+00 -9.343765e-01 -4.188933e-03 -3.562626e-01 -3.099995e+01
-3.452582e-01 2.514112e-02 9.381709e-01 9.933337e+01 4.706859e-03 9.996749e-01 -2.505714e-02 -2.347890e+00 -9.384960e-01 -4.235346e-03 -3.452643e-01 -3.161656e+01
-3.394918e-01 2.250644e-02 9.403397e-01 1.001848e+02 3.820552e-03 9.997384e-01 -2.254878e-02 -2.394151e+00 -9.406013e-01 -4.062511e-03 -3.394890e-01 -3.191408e+01
-3.277148e-01 2.098731e-02 9.445436e-01 1.018913e+02 -1.177247e-02 9.995849e-01 -2.629484e-02 -2.479664e+00 -9.447034e-01 -1.973682e-02 -3.273317e-01 -3.246899e+01
-3.137758e-01 2.794270e-02 9.490858e-01 1.035885e+02 -7.876338e-03 9.994559e-01 -3.202967e-02 -2.567807e+00 -9.494645e-01 -1.752545e-02 -3.133850e-01 -3.302355e+01
-2.932163e-01 1.801806e-02 9.558763e-01 1.061709e+02 -1.095002e-02 9.996935e-01 -2.220294e-02 -2.704158e+00 -9.559835e-01 -1.697713e-02 -2.929291e-01 -3.380988e+01
-2.804609e-01 2.379786e-02 9.595704e-01 1.078896e+02 -1.253753e-02 9.995165e-01 -2.845300e-02 -2.790316e+00 -9.597836e-01 -2.001059e-02 -2.800269e-01 -3.429846e+01
-2.668961e-01 2.401130e-02 9.634261e-01 1.096205e+02 -1.457336e-02 9.994747e-01 -2.894697e-02 -2.882830e+00 -9.636151e-01 -2.176619e-02 -2.664060e-01 -3.476364e+01
-2.511015e-01 2.499321e-02 9.676380e-01 1.113535e+02 -7.608843e-03 9.995847e-01 -2.779286e-02 -2.973590e+00 -9.679309e-01 -1.434143e-02 -2.508071e-01 -3.521847e+01
-2.378125e-01 2.455726e-02 9.710006e-01 1.130945e+02 -1.164016e-02 9.995365e-01 -2.812981e-02 -3.062720e+00 -9.712414e-01 -1.799222e-02 -2.374164e-01 -3.563108e+01
-2.224437e-01 2.249694e-02 9.746859e-01 1.157147e+02 -1.189422e-02 9.995967e-01 -2.578643e-02 -3.193868e+00 -9.748730e-01 -1.732916e-02 -2.220865e-01 -3.621819e+01
-2.065606e-01 2.222651e-02 9.781813e-01 1.183368e+02 1.707797e-03 9.997486e-01 -2.235594e-02 -3.318375e+00 -9.784323e-01 -2.947323e-03 -2.065467e-01 -3.679450e+01
-1.937151e-01 2.500661e-02 9.807391e-01 1.209561e+02 1.453140e-03 9.996813e-01 -2.520258e-02 -3.438516e+00 -9.810568e-01 -3.456971e-03 -1.936897e-01 -3.731126e+01
-1.909599e-01 2.259668e-02 9.813377e-01 1.227039e+02 -1.834021e-03 9.997250e-01 -2.337697e-02 -3.521474e+00 -9.815962e-01 -6.263858e-03 -1.908659e-01 -3.763878e+01
-1.886932e-01 1.352981e-02 9.819429e-01 1.244524e+02 -7.890136e-04 9.999027e-01 -1.392890e-02 -3.596100e+00 -9.820358e-01 -3.403055e-03 -1.886641e-01 -3.797627e+01
-1.864555e-01 1.582892e-02 9.823359e-01 1.261781e+02 -7.433190e-04 9.998676e-01 -1.625252e-02 -3.664261e+00 -9.824632e-01 -3.760562e-03 -1.864191e-01 -3.830594e+01
-1.865559e-01 1.904350e-02 9.822597e-01 1.278916e+02 -3.457152e-03 9.997932e-01 -2.004004e-02 -3.731608e+00 -9.824383e-01 -7.134410e-03 -1.864515e-01 -3.862938e+01
-1.859169e-01 1.858096e-02 9.823898e-01 1.287490e+02 -5.010791e-03 9.997902e-01 -1.985837e-02 -3.773125e+00 -9.825527e-01 -8.614557e-03 -1.857848e-01 -3.878916e+01
-1.844108e-01 2.100880e-02 9.826247e-01 1.304485e+02 -2.083493e-03 9.997609e-01 -2.176619e-02 -3.847217e+00 -9.828471e-01 -6.061214e-03 -1.843230e-01 -3.911538e+01
-1.845558e-01 2.340401e-02 9.825433e-01 1.321343e+02 -1.690605e-02 9.994929e-01 -2.698330e-02 -3.932338e+00 -9.826767e-01 -2.159085e-02 -1.840665e-01 -3.939553e+01
-1.840457e-01 2.731460e-02 9.825381e-01 1.329698e+02 -1.452944e-02 9.994290e-01 -3.050578e-02 -3.974607e+00 -9.828103e-01 -1.989018e-02 -1.835437e-01 -3.954593e+01
-1.819559e-01 2.942864e-02 9.828662e-01 1.346231e+02 -1.360384e-02 9.993810e-01 -3.244158e-02 -4.063364e+00 -9.832126e-01 -1.927369e-02 -1.814430e-01 -3.984431e+01
-1.801141e-01 2.846824e-02 9.832337e-01 1.354495e+02 -6.217937e-03 9.995282e-01 -3.007907e-02 -4.105477e+00 -9.836261e-01 -1.153135e-02 -1.798521e-01 -3.999979e+01
-1.765192e-01 2.590211e-02 9.839563e-01 1.362673e+02 -3.216046e-05 9.996535e-01 -2.632111e-02 -4.146973e+00 -9.842972e-01 -4.677825e-03 -1.764572e-01 -4.015282e+01
-1.745228e-01 2.003470e-02 9.844493e-01 1.370908e+02 3.831228e-03 9.997992e-01 -1.966789e-02 -4.188573e+00 -9.846457e-01 3.391515e-04 -1.745645e-01 -4.030057e+01
-1.709157e-01 1.984713e-02 9.850857e-01 1.379023e+02 4.990895e-03 9.998017e-01 -1.927769e-02 -4.226372e+00 -9.852730e-01 1.621597e-03 -1.709809e-01 -4.043780e+01
-1.657101e-01 2.461578e-02 9.858672e-01 1.387057e+02 7.087553e-03 9.996923e-01 -2.376967e-02 -4.266655e+00 -9.861491e-01 3.048509e-03 -1.658336e-01 -4.057118e+01
-1.595131e-01 2.741188e-02 9.868151e-01 1.395060e+02 7.560578e-03 9.996190e-01 -2.654543e-02 -4.303913e+00 -9.871669e-01 3.226546e-03 -1.596596e-01 -4.069614e+01
-1.510622e-01 2.978881e-02 9.880753e-01 1.403054e+02 8.529771e-03 9.995479e-01 -2.883062e-02 -4.337506e+00 -9.884875e-01 4.072837e-03 -1.512480e-01 -4.081224e+01
-1.414671e-01 2.471475e-02 9.896344e-01 1.411082e+02 9.549968e-03 9.996758e-01 -2.360038e-02 -4.377901e+00 -9.898969e-01 6.112296e-03 -1.416573e-01 -4.091861e+01
-1.295920e-01 2.265996e-02 9.913084e-01 1.419062e+02 1.329475e-02 9.996887e-01 -2.111353e-02 -4.419464e+00 -9.914783e-01 1.044305e-02 -1.298529e-01 -4.101862e+01
-1.158117e-01 2.562887e-02 9.929405e-01 1.426964e+02 1.816665e-02 9.995545e-01 -2.368073e-02 -4.456348e+00 -9.931051e-01 1.529589e-02 -1.162257e-01 -4.110993e+01
-1.015031e-01 2.677699e-02 9.944748e-01 1.434862e+02 1.785896e-02 9.995256e-01 -2.509018e-02 -4.491871e+00 -9.946749e-01 1.521355e-02 -1.019332e-01 -4.118413e+01
-8.754946e-02 2.669749e-02 9.958023e-01 1.442760e+02 1.966065e-02 9.994924e-01 -2.506790e-02 -4.527880e+00 -9.959662e-01 1.738343e-02 -8.802991e-02 -4.124845e+01
-7.378080e-02 2.871236e-02 9.968611e-01 1.450550e+02 2.087230e-02 9.994109e-01 -2.724099e-02 -4.567642e+00 -9.970561e-01 1.879692e-02 -7.433664e-02 -4.130354e+01
-6.007383e-02 3.396391e-02 9.976159e-01 1.458274e+02 1.817545e-02 9.992925e-01 -3.292652e-02 -4.612403e+00 -9.980285e-01 1.615409e-02 -6.064864e-02 -4.134484e+01
-4.729335e-02 4.371848e-02 9.979238e-01 1.465903e+02 1.185184e-02 9.989960e-01 -4.320378e-02 -4.657895e+00 -9.988108e-01 9.783979e-03 -4.776401e-02 -4.136686e+01
-3.365131e-02 5.194575e-02 9.980828e-01 1.473502e+02 7.775331e-03 9.986317e-01 -5.171219e-02 -4.704613e+00 -9.994034e-01 6.020237e-03 -3.400917e-02 -4.138182e+01
-2.002613e-02 5.368971e-02 9.983568e-01 1.481169e+02 7.113446e-03 9.985394e-01 -5.355686e-02 -4.754981e+00 -9.997742e-01 6.029218e-03 -2.037880e-02 -4.139015e+01
-8.163869e-03 4.952903e-02 9.987393e-01 1.488864e+02 3.500342e-03 9.987679e-01 -4.950185e-02 -4.810016e+00 -9.999606e-01 3.091800e-03 -8.327181e-03 -4.138452e+01
2.646406e-03 4.615038e-02 9.989310e-01 1.496472e+02 -9.327185e-04 9.989342e-01 -4.614806e-02 -4.866196e+00 -9.999961e-01 -8.095969e-04 2.686629e-03 -4.136492e+01
1.878440e-02 6.076957e-02 9.979750e-01 1.511367e+02 -7.115607e-03 9.981340e-01 -6.064534e-02 -4.975189e+00 -9.997983e-01 -5.962013e-03 1.918176e-02 -4.130745e+01
2.218974e-02 6.436398e-02 9.976797e-01 1.518836e+02 -1.067848e-02 9.978838e-01 -6.413966e-02 -5.025972e+00 -9.996968e-01 -9.230458e-03 2.283008e-02 -4.127171e+01
2.219372e-02 6.086016e-02 9.978995e-01 1.526403e+02 -1.256480e-02 9.980835e-01 -6.059195e-02 -5.085267e+00 -9.996748e-01 -1.119365e-02 2.291588e-02 -4.124316e+01
2.045747e-02 5.497074e-02 9.982784e-01 1.533945e+02 -1.520047e-02 9.983890e-01 -5.466535e-02 -5.150084e+00 -9.996752e-01 -1.405598e-02 2.126009e-02 -4.121665e+01
1.481687e-02 5.255732e-02 9.985080e-01 1.548963e+02 -1.108381e-02 9.985649e-01 -5.239586e-02 -5.253941e+00 -9.998288e-01 -1.029093e-02 1.537814e-02 -4.117199e+01
6.389337e-03 5.045509e-02 9.987059e-01 1.563926e+02 -1.101256e-02 9.986692e-01 -5.038280e-02 -5.366278e+00 -9.999190e-01 -1.067639e-02 6.936472e-03 -4.113867e+01
-4.773199e-03 4.970055e-02 9.987527e-01 1.578857e+02 -1.210913e-02 9.986880e-01 -4.975521e-02 -5.470893e+00 -9.999153e-01 -1.233152e-02 -4.165108e-03 -4.112225e+01
-1.593767e-02 4.683018e-02 9.987757e-01 1.593643e+02 -1.069640e-02 9.988374e-01 -4.700378e-02 -5.577823e+00 -9.998158e-01 -1.143244e-02 -1.541823e-02 -4.112304e+01
-2.139593e-02 4.793854e-02 9.986211e-01 1.600952e+02 -1.220626e-02 9.987628e-01 -4.820688e-02 -5.628365e+00 -9.996966e-01 -1.322085e-02 -2.078431e-02 -4.112638e+01
-2.820504e-02 5.178909e-02 9.982597e-01 1.615415e+02 -1.324531e-02 9.985499e-01 -5.217840e-02 -5.738588e+00 -9.995144e-01 -1.469396e-02 -2.747818e-02 -4.114341e+01
-2.940260e-02 5.265598e-02 9.981797e-01 1.629748e+02 -6.988320e-03 9.985763e-01 -5.288276e-02 -5.840496e+00 -9.995433e-01 -8.530491e-03 -2.899277e-02 -4.117304e+01
-2.561126e-02 4.858595e-02 9.984906e-01 1.636911e+02 -4.532311e-03 9.988023e-01 -4.871738e-02 -5.895410e+00 -9.996617e-01 -5.773185e-03 -2.536039e-02 -4.118458e+01
-7.418425e-03 4.895510e-02 9.987734e-01 1.650989e+02 -6.486812e-04 9.988004e-01 -4.896126e-02 -6.001598e+00 -9.999723e-01 -1.011103e-03 -7.377772e-03 -4.118391e+01
7.121354e-03 4.909733e-02 9.987686e-01 1.657946e+02 2.005095e-03 9.987912e-01 -4.911275e-02 -6.048437e+00 -9.999727e-01 2.352372e-03 7.014299e-03 -4.116984e+01
2.243953e-02 4.734927e-02 9.986263e-01 1.664858e+02 1.627255e-03 9.988748e-01 -4.739763e-02 -6.093238e+00 -9.997469e-01 2.688598e-03 2.233723e-02 -4.113991e+01
3.841718e-02 4.215945e-02 9.983720e-01 1.671705e+02 -3.668784e-03 9.991088e-01 -4.204940e-02 -6.137223e+00 -9.992551e-01 -2.047394e-03 3.853761e-02 -4.109075e+01
5.491856e-02 3.570845e-02 9.978521e-01 1.678530e+02 -4.640811e-03 9.993586e-01 -3.550696e-02 -6.181673e+00 -9.984801e-01 -2.680854e-03 5.504906e-02 -4.103668e+01
7.192452e-02 2.868837e-02 9.969974e-01 1.685301e+02 -4.992049e-03 9.995841e-01 -2.840267e-02 -6.221562e+00 -9.973976e-01 -2.934213e-03 7.203782e-02 -4.097530e+01
8.957989e-02 2.108529e-02 9.957564e-01 1.692001e+02 -5.085528e-03 9.997725e-01 -2.071284e-02 -6.257878e+00 -9.959667e-01 -3.208495e-03 8.966674e-02 -4.090154e+01
1.069088e-01 1.506815e-02 9.941546e-01 1.698614e+02 -7.268466e-03 9.998703e-01 -1.437315e-02 -6.291791e+00 -9.942423e-01 -5.689364e-03 1.070044e-01 -4.081430e+01
1.247290e-01 1.224565e-02 9.921153e-01 1.705106e+02 -8.080796e-03 9.999032e-01 -1.132586e-02 -6.321698e+00 -9.921580e-01 -6.604419e-03 1.248159e-01 -4.071802e+01
1.428784e-01 1.125809e-02 9.896762e-01 1.711577e+02 -5.929431e-03 9.999271e-01 -1.051867e-02 -6.345942e+00 -9.897225e-01 -4.365327e-03 1.429347e-01 -4.061474e+01
1.765370e-01 1.027542e-02 9.842403e-01 1.724136e+02 -1.141853e-02 9.998996e-01 -8.390840e-03 -6.383917e+00 -9.842278e-01 -9.757280e-03 1.766366e-01 -4.036841e+01
2.033735e-01 2.554637e-03 9.790979e-01 1.736569e+02 -1.121446e-02 9.999371e-01 -2.796009e-04 -6.414475e+00 -9.790370e-01 -1.092319e-02 2.033893e-01 -4.010085e+01
2.242966e-01 4.603043e-03 9.745101e-01 1.748735e+02 -1.242665e-02 9.999210e-01 -1.862913e-03 -6.445461e+00 -9.744417e-01 -1.169205e-02 2.243360e-01 -3.980478e+01
2.422731e-01 2.126941e-02 9.699749e-01 1.760534e+02 -1.682542e-02 9.997014e-01 -1.771872e-02 -6.476780e+00 -9.700622e-01 -1.202746e-02 2.425587e-01 -3.948936e+01
2.574235e-01 2.646994e-02 9.659361e-01 1.772384e+02 -9.983700e-03 9.996442e-01 -2.473300e-02 -6.503706e+00 -9.662471e-01 -3.276763e-03 2.575962e-01 -3.917670e+01
2.676021e-01 8.850193e-03 9.634888e-01 1.784457e+02 -1.648521e-02 9.998535e-01 -4.605580e-03 -6.542753e+00 -9.633885e-01 -1.465085e-02 2.677088e-01 -3.881772e+01
2.708099e-01 -1.355699e-03 9.626319e-01 1.796497e+02 -1.465690e-02 9.998773e-01 5.531463e-03 -6.577018e+00 -9.625213e-01 -1.560717e-02 2.707568e-01 -3.846824e+01
2.737821e-01 6.608061e-04 9.617915e-01 1.808424e+02 -7.395574e-03 9.999716e-01 1.418172e-03 -6.589823e+00 -9.617633e-01 -7.501271e-03 2.737792e-01 -3.813009e+01
2.781485e-01 -4.482085e-03 9.605276e-01 1.820434e+02 -9.572413e-03 9.999265e-01 7.437898e-03 -6.599489e+00 -9.604904e-01 -1.126341e-02 2.780852e-01 -3.777364e+01
2.854496e-01 -1.319170e-02 9.583029e-01 1.832678e+02 -8.168759e-03 9.998354e-01 1.619665e-02 -6.618163e+00 -9.583590e-01 -1.245147e-02 2.852948e-01 -3.739323e+01
2.995581e-01 -1.794856e-02 9.539092e-01 1.844992e+02 -4.142437e-03 9.997891e-01 2.011269e-02 -6.624971e+00 -9.540691e-01 -9.976427e-03 2.994206e-01 -3.699420e+01
3.201495e-01 -1.842127e-02 9.471879e-01 1.857206e+02 -2.834842e-03 9.997878e-01 2.040244e-02 -6.626474e+00 -9.473628e-01 -9.216958e-03 3.200293e-01 -3.656856e+01
3.432085e-01 -1.111094e-02 9.391935e-01 1.869372e+02 -5.265825e-03 9.998915e-01 1.375330e-02 -6.630873e+00 -9.392445e-01 -9.665878e-03 3.431128e-01 -3.609759e+01
3.663260e-01 -1.341959e-02 9.303898e-01 1.881796e+02 -2.982954e-03 9.998739e-01 1.559630e-02 -6.641727e+00 -9.304818e-01 -8.488640e-03 3.662398e-01 -3.558666e+01
3.887283e-01 -1.568235e-02 9.212190e-01 1.894089e+02 -5.481008e-03 9.997981e-01 1.933287e-02 -6.647317e+00 -9.213362e-01 -1.256444e-02 3.885638e-01 -3.503211e+01
4.055952e-01 -1.546073e-02 9.139220e-01 1.906582e+02 -1.296926e-02 9.996589e-01 2.266684e-02 -6.645353e+00 -9.139608e-01 -2.104645e-02 4.052563e-01 -3.445351e+01
4.100166e-01 -1.801138e-02 9.119002e-01 1.912983e+02 -1.376782e-02 9.995688e-01 2.593337e-02 -6.646441e+00 -9.119742e-01 -2.318799e-02 4.095918e-01 -3.415828e+01
4.128004e-01 -2.084626e-02 9.105829e-01 1.925985e+02 -6.834500e-03 9.996390e-01 2.598338e-02 -6.636461e+00 -9.107959e-01 -1.694933e-02 4.125089e-01 -3.357701e+01
4.116063e-01 -2.110116e-02 9.111174e-01 1.932543e+02 -5.652744e-03 9.996536e-01 2.570531e-02 -6.629339e+00 -9.113443e-01 -1.573078e-02 4.113444e-01 -3.328043e+01
4.108463e-01 -1.998333e-02 9.114856e-01 1.939224e+02 -2.138460e-03 9.997359e-01 2.288202e-02 -6.624605e+00 -9.117021e-01 -1.135017e-02 4.106951e-01 -3.298431e+01
4.106521e-01 -2.116231e-02 9.115465e-01 1.946076e+02 1.910107e-03 9.997484e-01 2.234948e-02 -6.620022e+00 -9.117901e-01 -7.436712e-03 4.105892e-01 -3.268987e+01
4.099903e-01 -2.768885e-02 9.116695e-01 1.952935e+02 5.156070e-03 9.995935e-01 2.804049e-02 -6.613679e+00 -9.120753e-01 -6.795698e-03 4.099664e-01 -3.239218e+01
4.089264e-01 -3.061864e-02 9.120535e-01 1.959819e+02 5.803287e-03 9.995040e-01 3.095250e-02 -6.607632e+00 -9.125489e-01 -7.364387e-03 4.089013e-01 -3.209196e+01
4.073120e-01 -3.308073e-02 9.126897e-01 1.966689e+02 5.723554e-03 9.994166e-01 3.366989e-02 -6.601884e+00 -9.132712e-01 -8.490324e-03 4.072638e-01 -3.178881e+01
4.040100e-01 -3.358043e-02 9.141380e-01 1.980447e+02 4.209339e-03 9.993836e-01 3.485154e-02 -6.577998e+00 -9.147449e-01 -1.023246e-02 4.039023e-01 -3.117947e+01
4.010300e-01 -2.985148e-02 9.155784e-01 1.994136e+02 3.828128e-03 9.995148e-01 3.091139e-02 -6.558335e+00 -9.160570e-01 -8.891445e-03 4.009497e-01 -3.057849e+01
3.993286e-01 -1.998389e-02 9.165900e-01 2.007784e+02 2.298429e-03 9.997811e-01 2.079631e-02 -6.530959e+00 -9.168050e-01 -6.197846e-03 3.992871e-01 -2.998209e+01
3.967251e-01 -2.587147e-02 9.175728e-01 2.021490e+02 -1.166700e-03 9.995877e-01 2.868837e-02 -6.508843e+00 -9.179368e-01 -1.245193e-02 3.965313e-01 -2.937762e+01
3.943686e-01 -2.589240e-02 9.185875e-01 2.028328e+02 -4.853155e-03 9.995303e-01 3.025751e-02 -6.500732e+00 -9.189396e-01 -1.639066e-02 3.940577e-01 -2.907468e+01
3.833293e-01 -2.641000e-02 9.232341e-01 2.042052e+02 -7.201342e-03 9.994752e-01 3.158097e-02 -6.476282e+00 -9.235837e-01 -1.875443e-02 3.829380e-01 -2.849044e+01
3.647463e-01 -2.635402e-02 9.307339e-01 2.055855e+02 -5.491692e-03 9.995211e-01 3.045390e-02 -6.460876e+00 -9.310908e-01 -1.621925e-02 3.644269e-01 -2.794682e+01
3.427197e-01 -2.215805e-02 9.391763e-01 2.069776e+02 -8.461807e-03 9.996084e-01 2.667167e-02 -6.451620e+00 -9.393996e-01 -1.708803e-02 3.423980e-01 -2.742532e+01
3.230834e-01 -3.965624e-02 9.455392e-01 2.083951e+02 4.992930e-04 9.991286e-01 4.173320e-02 -6.431564e+00 -9.463704e-01 -1.301120e-02 3.228217e-01 -2.694940e+01
3.158376e-01 -4.520750e-02 9.477357e-01 2.090997e+02 1.448764e-03 9.988861e-01 4.716460e-02 -6.412693e+00 -9.488122e-01 -1.352331e-02 3.155513e-01 -2.671654e+01
3.087288e-01 -4.828838e-02 9.499235e-01 2.105114e+02 -3.849933e-03 9.986388e-01 5.201602e-02 -6.368113e+00 -9.511423e-01 -1.971599e-02 3.081227e-01 -2.624826e+01
3.070539e-01 -4.906204e-02 9.504266e-01 2.112267e+02 -2.654330e-03 9.986222e-01 5.240749e-02 -6.344077e+00 -9.516885e-01 -1.861467e-02 3.065006e-01 -2.601616e+01
3.056395e-01 -4.495687e-02 9.510854e-01 2.126531e+02 -5.827151e-03 9.987776e-01 4.908385e-02 -6.288388e+00 -9.521295e-01 -2.054408e-02 3.050039e-01 -2.554273e+01
3.060927e-01 -4.594010e-02 9.508926e-01 2.133746e+02 -6.699474e-03 9.987063e-01 5.040668e-02 -6.266484e+00 -9.519782e-01 -2.179959e-02 3.053890e-01 -2.530655e+01
3.078653e-01 -4.698159e-02 9.502693e-01 2.140992e+02 -7.345132e-03 9.986329e-01 5.175237e-02 -6.250693e+00 -9.514016e-01 -2.291261e-02 3.070993e-01 -2.507414e+01
3.092072e-01 -4.879533e-02 9.497420e-01 2.148260e+02 -5.912039e-03 9.985648e-01 5.322851e-02 -6.233950e+00 -9.509764e-01 -2.207354e-02 3.084749e-01 -2.484157e+01
3.107108e-01 -4.984750e-02 9.491965e-01 2.155565e+02 -2.315998e-03 9.985812e-01 5.319909e-02 -6.215613e+00 -9.505017e-01 -1.872787e-02 3.101545e-01 -2.461008e+01
3.137378e-01 -5.111714e-02 9.481327e-01 2.162920e+02 -1.125066e-03 9.985291e-01 5.420648e-02 -6.192151e+00 -9.495090e-01 -1.807333e-02 3.132188e-01 -2.436727e+01
3.180156e-01 -5.286120e-02 9.466107e-01 2.170259e+02 -1.996011e-03 9.984049e-01 5.642410e-02 -6.170889e+00 -9.480834e-01 -1.983319e-02 3.174028e-01 -2.411545e+01
3.230288e-01 -5.689908e-02 9.446771e-01 2.177641e+02 -4.223889e-03 9.980944e-01 6.156082e-02 -6.141465e+00 -9.463797e-01 -2.387613e-02 3.221729e-01 -2.385283e+01
3.282599e-01 -6.053182e-02 9.426459e-01 2.184996e+02 -4.871244e-03 9.978228e-01 6.577132e-02 -6.107629e+00 -9.445749e-01 -2.618194e-02 3.272503e-01 -2.358866e+01
3.327024e-01 -6.076179e-02 9.410723e-01 2.192373e+02 -5.425419e-03 9.977822e-01 6.634144e-02 -6.076588e+00 -9.430163e-01 -2.717766e-02 3.316349e-01 -2.331785e+01
3.371821e-01 -5.710597e-02 9.397059e-01 2.199730e+02 -1.173154e-02 9.978262e-01 6.484743e-02 -6.048783e+00 -9.413664e-01 -3.288959e-02 3.357792e-01 -2.303739e+01
3.464712e-01 -4.688015e-02 9.368884e-01 2.214455e+02 -1.903753e-02 9.981933e-01 5.698802e-02 -5.978570e+00 -9.378674e-01 -3.758074e-02 3.449528e-01 -2.246604e+01
3.550355e-01 -4.539201e-02 9.337501e-01 2.229246e+02 -2.339810e-02 9.980761e-01 5.741562e-02 -5.925935e+00 -9.345600e-01 -4.223256e-02 3.532904e-01 -2.188097e+01
3.636809e-01 -4.191318e-02 9.305802e-01 2.244110e+02 -2.353902e-02 9.982547e-01 5.416054e-02 -5.878524e+00 -9.312262e-01 -4.160210e-02 3.620596e-01 -2.128566e+01
3.725662e-01 -4.408715e-02 9.269578e-01 2.258876e+02 -2.003802e-02 9.982558e-01 5.553192e-02 -5.821468e+00 -9.277893e-01 -3.926371e-02 3.710330e-01 -2.068760e+01
3.810629e-01 -4.139743e-02 9.236218e-01 2.273444e+02 -1.705246e-02 9.985124e-01 5.178950e-02 -5.748608e+00 -9.243919e-01 -3.548508e-02 3.797901e-01 -2.008115e+01
3.853593e-01 -4.194035e-02 9.218130e-01 2.280720e+02 -2.167999e-02 9.982793e-01 5.448261e-02 -5.713135e+00 -9.225119e-01 -4.098027e-02 3.837870e-01 -1.976164e+01
3.940139e-01 -4.017104e-02 9.182262e-01 2.295083e+02 -2.259501e-02 9.983191e-01 5.337059e-02 -5.635042e+00 -9.188267e-01 -4.177608e-02 3.924440e-01 -1.912990e+01
4.012920e-01 -2.706310e-02 9.155503e-01 2.309318e+02 -2.680599e-02 9.987882e-01 4.127281e-02 -5.563405e+00 -9.155579e-01 -4.110468e-02 4.000803e-01 -1.848487e+01
4.070088e-01 -3.717350e-02 9.126675e-01 2.323801e+02 -3.365391e-02 9.978828e-01 5.565252e-02 -5.500836e+00 -9.128041e-01 -5.336589e-02 4.048961e-01 -1.781958e+01
4.105196e-01 -5.744662e-02 9.100404e-01 2.338426e+02 -3.020588e-02 9.966091e-01 7.653720e-02 -5.421735e+00 -9.113514e-01 -5.890858e-02 4.073923e-01 -1.715509e+01
4.126278e-01 -6.019533e-02 9.089086e-01 2.345679e+02 -3.229844e-02 9.962198e-01 8.064069e-02 -5.383327e+00 -9.103270e-01 -6.263091e-02 4.091237e-01 -1.681799e+01
4.195373e-01 -4.978536e-02 9.063718e-01 2.359993e+02 -2.995997e-02 9.971914e-01 6.864166e-02 -5.291877e+00 -9.072436e-01 -5.595260e-02 4.168674e-01 -1.615219e+01
4.237905e-01 -4.537694e-02 9.046229e-01 2.367130e+02 -2.966153e-02 9.975133e-01 6.393204e-02 -5.248129e+00 -9.052745e-01 -5.392628e-02 4.213907e-01 -1.580991e+01
4.320457e-01 -4.109249e-02 9.009150e-01 2.381367e+02 -2.748834e-02 9.978972e-01 5.869844e-02 -5.166998e+00 -9.014327e-01 -5.012507e-02 4.300077e-01 -1.511758e+01
4.393196e-01 -4.734676e-02 8.970822e-01 2.395718e+02 -2.499979e-02 9.975790e-01 6.489375e-02 -5.089701e+00 -8.979829e-01 -5.093596e-02 4.370724e-01 -1.440661e+01
4.447832e-01 -5.855616e-02 8.937220e-01 2.410170e+02 -2.093866e-02 9.969079e-01 7.573751e-02 -5.014917e+00 -8.953935e-01 -5.240011e-02 4.421819e-01 -1.368347e+01
4.482185e-01 -7.073476e-02 8.911211e-01 2.424684e+02 -1.738210e-02 9.959863e-01 8.780159e-02 -4.919889e+00 -8.937551e-01 -5.484384e-02 4.451900e-01 -1.294865e+01
4.526185e-01 -4.821999e-02 8.903995e-01 2.445980e+02 -2.810887e-02 9.972690e-01 6.829619e-02 -4.768203e+00 -8.912612e-01 -5.594024e-02 4.500270e-01 -1.183273e+01
4.534387e-01 -4.106321e-02 8.903410e-01 2.460241e+02 -2.764379e-02 9.978096e-01 6.009836e-02 -4.666974e+00 -8.908587e-01 -5.186331e-02 4.513104e-01 -1.109793e+01
4.550436e-01 -4.892877e-02 8.891239e-01 2.474682e+02 -2.710753e-02 9.972653e-01 6.875317e-02 -4.585009e+00 -8.900565e-01 -5.538763e-02 4.524729e-01 -1.034967e+01
4.588987e-01 -5.508335e-02 8.867795e-01 2.496451e+02 -1.905426e-02 9.972367e-01 7.180491e-02 -4.465693e+00 -8.882843e-01 -4.984810e-02 4.565810e-01 -9.231011e+00
4.609865e-01 -5.645078e-02 8.856098e-01 2.510879e+02 -2.218522e-02 9.969296e-01 7.509463e-02 -4.371330e+00 -8.871298e-01 -5.426505e-02 4.583187e-01 -8.470395e+00
4.637157e-01 -5.100456e-02 8.845147e-01 2.525224e+02 -2.060139e-02 9.974509e-01 6.831739e-02 -4.275557e+00 -8.857446e-01 -4.990207e-02 4.614828e-01 -7.707069e+00
4.689183e-01 -5.721110e-02 8.813867e-01 2.539607e+02 -1.701176e-02 9.971298e-01 7.377469e-02 -4.161421e+00 -8.830777e-01 -4.958824e-02 4.665992e-01 -6.938930e+00
4.767470e-01 -5.969675e-02 8.770112e-01 2.553919e+02 -1.410328e-02 9.970435e-01 7.553377e-02 -4.048806e+00 -8.789275e-01 -4.837922e-02 4.744955e-01 -6.152612e+00
4.849795e-01 -5.356906e-02 8.728833e-01 2.568048e+02 -1.933875e-02 9.972211e-01 7.194445e-02 -3.930085e+00 -8.743117e-01 -5.177205e-02 4.825959e-01 -5.350577e+00
4.972845e-01 -4.888727e-02 8.662091e-01 2.582150e+02 -1.424027e-02 9.978167e-01 6.449021e-02 -3.826391e+00 -8.674707e-01 -4.440502e-02 4.955026e-01 -4.543629e+00
5.156445e-01 -5.274343e-02 8.551777e-01 2.596187e+02 -4.228533e-03 9.979346e-01 6.409771e-02 -3.733326e+00 -8.567922e-01 -3.666777e-02 5.143565e-01 -3.705256e+00
5.412294e-01 -5.432145e-02 8.391185e-01 2.609917e+02 -1.111302e-03 9.978641e-01 6.531485e-02 -3.633918e+00 -8.408743e-01 -3.628282e-02 5.400130e-01 -2.820165e+00
5.668480e-01 -6.147190e-02 8.215257e-01 2.623444e+02 -2.856384e-04 9.971974e-01 7.481390e-02 -3.531769e+00 -8.238224e-01 -4.264277e-02 5.652419e-01 -1.883065e+00
5.864564e-01 -5.321575e-02 8.082308e-01 2.636556e+02 -9.523181e-03 9.973174e-01 7.257573e-02 -3.427591e+00 -8.099248e-01 -5.025942e-02 5.843764e-01 -9.077904e-01
5.946556e-01 -4.407459e-02 8.027716e-01 2.649518e+02 -2.023195e-02 9.973596e-01 6.974496e-02 -3.320578e+00 -8.037260e-01 -5.771585e-02 5.921938e-01 8.421701e-02
5.853289e-01 -3.061825e-02 8.102176e-01 2.662521e+02 -3.628460e-02 9.972964e-01 6.390123e-02 -3.231419e+00 -8.099837e-01 -6.680165e-02 5.826354e-01 1.068534e+00
5.656359e-01 -2.598869e-02 8.242455e-01 2.675830e+02 -3.503006e-02 9.978439e-01 5.550157e-02 -3.138958e+00 -8.239108e-01 -6.026704e-02 5.635059e-01 1.995215e+00
5.459804e-01 -2.916667e-02 8.372901e-01 2.689438e+02 -3.771547e-02 9.975250e-01 5.934191e-02 -3.057266e+00 -8.369486e-01 -6.397831e-02 5.435291e-01 2.900508e+00
5.283477e-01 -3.237317e-02 8.484107e-01 2.703249e+02 -3.129404e-02 9.978512e-01 5.756380e-02 -2.971910e+00 -8.484512e-01 -5.696389e-02 5.261993e-01 3.759467e+00
5.119463e-01 -3.011495e-02 8.584894e-01 2.717172e+02 -3.137230e-02 9.980631e-01 5.371943e-02 -2.897192e+00 -8.584444e-01 -5.443424e-02 5.100100e-01 4.604376e+00
5.003166e-01 -3.376182e-02 8.651840e-01 2.731286e+02 -3.707283e-02 9.974878e-01 6.036306e-02 -2.814492e+00 -8.650485e-01 -6.227546e-02 4.978081e-01 5.441538e+00
4.911350e-01 -4.299079e-02 8.700220e-01 2.745609e+02 -3.858977e-02 9.967270e-01 7.103600e-02 -2.721918e+00 -8.702283e-01 -6.846220e-02 4.878685e-01 6.266911e+00
4.856588e-01 -2.973000e-02 8.736427e-01 2.759847e+02 -4.794738e-02 9.970109e-01 6.058221e-02 -2.628431e+00 -8.728325e-01 -7.131115e-02 4.827817e-01 7.082604e+00
4.825352e-01 -1.147005e-02 8.758014e-01 2.774117e+02 -4.926215e-02 9.979761e-01 4.021181e-02 -2.538301e+00 -8.744902e-01 -6.254747e-02 4.809936e-01 7.884799e+00
4.801214e-01 -1.650999e-02 8.770467e-01 2.796088e+02 -5.127989e-02 9.975847e-01 4.685120e-02 -2.427851e+00 -8.757019e-01 -6.746911e-02 4.781152e-01 9.109342e+00
4.860385e-01 -2.433594e-02 8.735985e-01 2.818429e+02 -4.604933e-02 9.975104e-01 5.340795e-02 -2.327550e+00 -8.727234e-01 -6.618694e-02 4.837078e-01 1.035908e+01
4.939955e-01 -2.387450e-02 8.691366e-01 2.833375e+02 -4.600043e-02 9.975052e-01 5.354618e-02 -2.259848e+00 -8.682468e-01 -6.643221e-02 4.916649e-01 1.121977e+01
5.016344e-01 -1.975805e-02 8.648540e-01 2.848272e+02 -5.059172e-02 9.973580e-01 5.212948e-02 -2.201768e+00 -8.635991e-01 -6.990438e-02 4.993095e-01 1.210499e+01
5.112701e-01 -1.607064e-02 8.592698e-01 2.863278e+02 -4.316660e-02 9.980829e-01 4.435118e-02 -2.157485e+00 -8.583353e-01 -5.976718e-02 5.095963e-01 1.298766e+01
5.254471e-01 -1.602518e-02 8.506753e-01 2.878316e+02 -4.142560e-02 9.981549e-01 4.439129e-02 -2.116997e+00 -8.498172e-01 -5.856500e-02 5.238138e-01 1.391153e+01
5.392974e-01 -2.270148e-02 8.418093e-01 2.893351e+02 -4.694475e-02 9.972716e-01 5.696863e-02 -2.064174e+00 -8.408059e-01 -7.024155e-02 5.367603e-01 1.488867e+01
5.532461e-01 -2.825027e-02 8.325387e-01 2.908382e+02 -5.175452e-02 9.963283e-01 6.820047e-02 -1.994986e+00 -8.314086e-01 -8.081927e-02 5.497526e-01 1.590519e+01
5.608227e-01 -2.588634e-02 8.275312e-01 2.915808e+02 -5.138581e-02 9.964958e-01 6.599626e-02 -1.953998e+00 -8.263398e-01 -7.953554e-02 5.575273e-01 1.641665e+01
5.758419e-01 -1.320909e-02 8.174543e-01 2.930391e+02 -4.893020e-02 9.975203e-01 5.058680e-02 -1.864125e+00 -8.160956e-01 -6.912819e-02 5.737677e-01 1.744383e+01
5.895851e-01 -9.109082e-03 8.076549e-01 2.944939e+02 -3.839154e-02 9.984901e-01 3.928709e-02 -1.789217e+00 -8.067934e-01 -5.417019e-02 5.883452e-01 1.848161e+01
6.036051e-01 -2.152690e-02 7.969928e-01 2.959760e+02 -2.500545e-02 9.986325e-01 4.591118e-02 -1.733893e+00 -7.968912e-01 -4.764138e-02 6.022414e-01 1.954372e+01
6.180611e-01 -3.454457e-02 7.853707e-01 2.974645e+02 -1.769378e-02 9.981697e-01 5.782898e-02 -1.676369e+00 -7.859309e-01 -4.963802e-02 6.163187e-01 2.064190e+01
6.308958e-01 -3.437648e-02 7.751056e-01 2.989783e+02 -2.164473e-02 9.978493e-01 6.187302e-02 -1.657067e+00 -7.755656e-01 -5.581237e-02 6.287949e-01 2.180486e+01
6.369531e-01 -3.262160e-02 7.702120e-01 2.997788e+02 -2.645524e-02 9.975908e-01 6.413008e-02 -1.693639e+00 -7.704485e-01 -6.122398e-02 6.345556e-01 2.241695e+01
6.456476e-01 -3.398362e-02 7.628789e-01 3.013610e+02 -2.437635e-02 9.975829e-01 6.506933e-02 -1.747050e+00 -7.632464e-01 -6.060805e-02 6.432587e-01 2.363381e+01
6.497788e-01 -3.228642e-02 7.594373e-01 3.021279e+02 -2.202621e-02 9.978782e-01 6.126916e-02 -1.749939e+00 -7.598042e-01 -5.653892e-02 6.476890e-01 2.424501e+01
6.586639e-01 -2.976020e-02 7.518485e-01 3.036453e+02 -1.953136e-02 9.982046e-01 5.662227e-02 -1.757056e+00 -7.521838e-01 -5.197966e-02 6.569001e-01 2.548753e+01
6.626558e-01 -3.064605e-02 7.482968e-01 3.043940e+02 -2.313429e-02 9.978480e-01 6.135290e-02 -1.753708e+00 -7.485667e-01 -5.796716e-02 6.605208e-01 2.612871e+01
6.707627e-01 -3.321535e-02 7.409279e-01 3.058703e+02 -2.410462e-02 9.974926e-01 6.653893e-02 -1.718076e+00 -7.412803e-01 -6.249161e-02 6.682802e-01 2.742763e+01
6.790832e-01 -2.391463e-02 7.336716e-01 3.073026e+02 -2.665583e-02 9.980066e-01 5.720337e-02 -1.677575e+00 -7.335772e-01 -5.840246e-02 6.770921e-01 2.873554e+01
6.872044e-01 -3.069495e-02 7.258154e-01 3.087355e+02 -1.606567e-02 9.982205e-01 5.742607e-02 -1.635678e+00 -7.262865e-01 -5.112415e-02 6.854883e-01 3.004649e+01
6.913855e-01 -3.529827e-02 7.216232e-01 3.094386e+02 -9.641867e-03 9.982660e-01 5.806814e-02 -1.610963e+00 -7.224217e-01 -4.710526e-02 6.898464e-01 3.070690e+01
7.003373e-01 -4.387867e-02 7.124621e-01 3.108359e+02 2.317497e-03 9.982434e-01 5.920114e-02 -1.557699e+00 -7.138083e-01 -3.980964e-02 6.992088e-01 3.204009e+01
7.044055e-01 -4.415641e-02 7.084229e-01 3.115197e+02 1.498531e-03 9.981534e-01 6.072545e-02 -1.531653e+00 -7.097962e-01 -4.171375e-02 7.031709e-01 3.271633e+01
7.076251e-01 -4.369710e-02 7.052356e-01 3.121948e+02 -1.482076e-04 9.980767e-01 6.199054e-02 -1.502226e+00 -7.065881e-01 -4.397058e-02 7.062577e-01 3.339942e+01
7.116822e-01 -4.244890e-02 7.012179e-01 3.128629e+02 1.066596e-03 9.982368e-01 5.934672e-02 -1.471946e+00 -7.025008e-01 -4.148808e-02 7.104727e-01 3.407583e+01
7.154666e-01 -3.978370e-02 6.975133e-01 3.135266e+02 -1.535167e-03 9.982854e-01 5.851338e-02 -1.442106e+00 -6.986453e-01 -4.293516e-02 7.141788e-01 3.476541e+01
