1.000000000000000000e+00 0.000000000000000000e+00 0.000000000000000000e+00 0.000000000000000000e+00 0.000000000000000000e+00 1.000000000000000000e+00 0.000000000000000000e+00 0.000000000000000000e+00 0.000000000000000000e+00 0.000000000000000000e+00 1.000000000000000000e+00 0.000000000000000000e+00
9.997859152534763760e-01 1.335701718155917232e-03 2.064799171078806825e-02 9.657999999999999485e-04 -1.301356303346326614e-03 9.999977475297577856e-01 -1.676725136298274537e-03 -7.399000000000000412e-04 -2.065018480644660245e-02 1.649495780858203356e-03 9.997854014893039487e-01 4.733350000000000057e-02
9.989201627484458612e-01 4.388821173231930751e-03 4.625199134445887039e-02 3.345900000000000176e-03 -4.263234057790649296e-03 9.999869542297002978e-01 -2.813575265698402099e-03 -1.609500000000000037e-03 -4.626373623030247129e-02 2.613353997576114279e-03 9.989258416373542060e-01 9.511129999999999585e-02
9.970030531600596602e-01 6.550852559152810228e-03 7.708435846699127070e-02 6.823300000000000025e-03 -6.308285439826897406e-03 9.999743568830976592e-01 -3.389854133301950078e-03 -2.458300000000000068e-03 -7.710458821840004973e-02 2.893424784513573805e-03 9.970188115420327568e-01 1.432941000000000076e-01
9.938593088345802906e-01 7.638316669167863511e-03 1.103871838634899044e-01 1.219899999999999977e-02 -7.289095540853139828e-03 9.999670729473211228e-01 -3.566806325432689967e-03 -3.639199999999999987e-03 -1.104107935350829989e-01 2.740280939674642237e-03 9.938822603967357727e-01 1.911626999999999910e-01
9.894632383858421587e-01 7.498644931308597571e-03 1.445900072867974118e-01 1.941060000000000008e-02 -6.934356382111377289e-03 9.999662492188897689e-01 -4.406259714447196760e-03 -4.802599999999999751e-03 -1.446181682381844913e-01 3.357193366407265275e-03 9.894818415050035121e-01 2.392316999999999916e-01
9.840147336621457574e-01 6.905804945699676317e-03 1.779531224616987539e-01 2.838169999999999929e-02 -5.935321072823540947e-03 9.999644729922344544e-01 -5.985375270215967033e-03 -5.849799999999999618e-03 -1.779881341538780970e-01 4.833488534667890191e-03 9.840207627326804651e-01 2.868729999999999891e-01
9.776644585973051083e-01 7.704144838378676821e-03 2.100305990753430774e-01 3.901960000000000151e-02 -6.121104855897969294e-03 9.999477576130801904e-01 -8.186215237559482660e-03 -7.066099999999999638e-03 -2.100826943633894717e-01 6.717752368302359542e-03 9.776605409507621580e-01 3.349215999999999860e-01
9.702234707838954808e-01 8.876111217121883737e-03 2.420488202609401562e-01 5.083039999999999781e-02 -6.285925063456565889e-03 9.999144452547145123e-01 -1.147123868870735322e-02 -8.332300000000000817e-03 -2.421299318261752043e-01 9.608164268889812093e-03 9.701962581319482082e-01 3.822486999999999968e-01
9.619001934762450023e-01 6.414716848663577775e-03 2.733255736262412139e-01 6.450200000000000378e-02 -2.213648114500527900e-03 9.998746762533100574e-01 -1.567582691163301942e-02 -9.872600000000000472e-03 -2.733918754322950395e-01 1.447353429849742613e-02 9.617938444659138719e-01 4.289348000000000050e-01
9.528477141424460672e-01 1.129305197431304964e-03 3.034467965282983126e-01 8.013330000000000453e-02 5.363842777881180218e-03 9.997741571225958745e-01 -2.056365581449690755e-02 -1.164180000000000076e-02 -3.034014878740207699e-01 2.122167334528489435e-02 9.526264628574289128e-01 4.752410000000000245e-01
9.430064431554726623e-01 -3.555643928141766393e-03 3.327554741300594032e-01 9.699620000000000464e-02 1.273439539849501728e-02 9.995960712443243690e-01 -2.540727310725322818e-02 -1.347429999999999982e-02 -3.325307254090952847e-01 2.819666202173641556e-02 9.426708147119718939e-01 5.211335000000000273e-01
9.329226974509129411e-01 -8.338354838816813830e-03 3.599801555912416351e-01 1.155967999999999996e-01 2.021055829318324504e-02 9.993684048440889534e-01 -2.922883392916972647e-02 -1.573630000000000168e-02 -3.595090734799197829e-01 3.454364251151174903e-02 9.325019908009024583e-01 5.663072999999999579e-01
9.222059928642425408e-01 -1.491070609643877984e-02 3.864114097292965511e-01 1.353282000000000096e-01 2.977829739170867115e-02 9.990274270868674256e-01 -3.251850138989566263e-02 -1.808219999999999966e-02 -3.855507226419471190e-01 4.149543073519436354e-02 9.217530957357142896e-01 6.107607000000000452e-01
9.113853726701114377e-01 -1.741988103413435324e-02 4.111851775389266384e-01 1.562318000000000040e-01 3.734725826544112171e-02 9.984821704855210145e-01 -4.047885278237740164e-02 -2.106260000000000077e-02 -4.098559317406745284e-01 5.224847334879315769e-02 9.106526298483434978e-01 6.548268000000000422e-01
9.002022479878489802e-01 -1.546376819896722737e-02 4.351974087591879425e-01 1.782103999999999910e-01 4.356392283334167836e-02 9.975539278376119867e-01 -5.466576335443537604e-02 -2.399089999999999903e-02 -4.332875457995461477e-01 6.816914939209002544e-02 8.986739507330593346e-01 6.982950999999999464e-01
8.758164495011111494e-01 6.058638155829708383e-04 4.826439471414766813e-01 2.236252999999999991e-01 4.659148842026150650e-02 9.952227926939665181e-01 -8.579525691555860145e-02 -3.194149999999999767e-02 -4.803902371926934145e-01 9.762799717017160706e-02 8.716042646628621160e-01 7.825921999999999601e-01
8.629805613433660927e-01 2.933834870253341359e-03 5.052286050457188704e-01 2.484088999999999881e-01 5.201076695410424000e-02 9.941545884075756456e-01 -9.461254921525835693e-02 -3.675559999999999938e-02 -5.025529134970114775e-01 1.079261180674905563e-01 8.577834937643341595e-01 8.235835000000000239e-01
8.363765092540500490e-01 1.347044979230729855e-03 5.481537377760309360e-01 3.008968000000000198e-01 5.987126202245655199e-02 9.937897641429128681e-01 -9.379411851823105106e-02 -4.749670000000000281e-02 -5.448759186749293493e-01 1.112658534978164249e-01 8.311017645833477241e-01 9.039565999999999990e-01
8.237189911364733996e-01 -4.048566931257904095e-03 5.669838028964440113e-01 3.288840000000000097e-01 6.447631794962740970e-02 9.941568939771987523e-01 -8.657294370221821356e-02 -5.276530000000000109e-02 -5.633203600658944765e-01 1.078688057939458933e-01 8.191669504269682989e-01 9.435622999999999649e-01
8.026889553696592294e-01 -1.443261603315020361e-02 5.962232304447764308e-01 3.863024999999999931e-01 7.632796793637844357e-02 9.939721094536291268e-01 -7.869870989416587193e-02 -6.267190000000000261e-02 -5.914934338082448173e-01 1.086790928502007342e-01 7.989520464577264391e-01 1.019816400000000067e+00
7.948343368349811700e-01 -1.564244225022825424e-02 6.066248354531357245e-01 4.153820999999999763e-01 8.096292161051124592e-02 9.934638549453128631e-01 -8.046473911899869325e-02 -6.731209999999999971e-02 -6.014011824999897504e-01 1.130702565560306044e-01 7.909056421406839288e-01 1.057263899999999923e+00
7.879698288923497884e-01 -1.421254300891461320e-02 6.155497968292903410e-01 4.445980999999999961e-01 8.213928079951884897e-02 9.932240113056681752e-01 -8.221436562800757408e-02 -7.196199999999999819e-02 -6.102103631577381337e-01 1.153432572242420739e-01 7.837979623013853203e-01 1.093956099999999987e+00
7.724833112303381988e-01 -7.251871803225874713e-03 6.349936568391546521e-01 5.035832000000000086e-01 7.672407117086005313e-02 9.936756684815670759e-01 -8.198830874386589529e-02 -8.184719999999999496e-02 -6.303831777368279488e-01 1.120538987410087950e-01 7.681542638060134820e-01 1.166852599999999907e+00
7.604982221068284920e-01 -9.227717642424887456e-03 6.492744438213047253e-01 5.661909000000000525e-01 8.308119129230402689e-02 9.930636126246550344e-01 -8.319962099865922667e-02 -9.068740000000000134e-02 -6.440030821555160490e-01 1.172156581177644236e-01 7.559897616146762367e-01 1.238824499999999995e+00
7.577727824058000383e-01 -5.284047533594599111e-03 6.524971180676851779e-01 6.285070999999999852e-01 8.320270494365358815e-02 9.925872018390906604e-01 -8.858869360874273291e-02 -9.956950000000000522e-02 -6.471921817629068263e-01 1.214196260367618047e-01 7.525952127658410706e-01 1.311825400000000030e+00
7.648837358691611410e-01 -6.448408760628118741e-03 6.441360792777339750e-01 6.932566999999999480e-01 8.260734998115060179e-02 9.926755335552565063e-01 -8.815503848265451858e-02 -1.093608999999999970e-01 -6.388496664567706596e-01 1.206387297066844055e-01 7.598140565709682326e-01 1.388270899999999974e+00
7.756176134879347872e-01 -5.474086940834628490e-03 6.311793342778616589e-01 7.583347999999999756e-01 7.914772813883175218e-02 9.929134339032534839e-01 -8.864846250731567290e-02 -1.198633999999999949e-01 -6.262211708156647516e-01 1.187137192855718670e-01 7.705544095491533296e-01 1.468232900000000063e+00
7.836597852915736517e-01 -5.692126767644217766e-04 6.211900006549471165e-01 8.258788000000000240e-01 7.157751677515271360e-02 9.934215813858092714e-01 -8.938803459759428471e-02 -1.306391000000000080e-01 -6.170526719892455159e-01 1.145130456928231122e-01 7.785452860027386457e-01 1.553645699999999907e+00
7.847601497737871634e-01 3.945027985942133747e-03 6.197870150956805713e-01 8.951818999999999749e-01 6.415283193252477312e-02 9.940916934586399023e-01 -8.755637698974744199e-02 -1.417261999999999966e-01 -6.164705357777129358e-01 1.084718477335187559e-01 7.798704615301287335e-01 1.641649600000000042e+00
7.836493863948768013e-01 3.443949160048760672e-03 6.211938332091813120e-01 9.646833999999999687e-01 6.351987528148700379e-02 9.942989000903889041e-01 -8.564416339288567770e-02 -1.530171999999999921e-01 -6.179472992474015491e-01 1.065731509022134621e-01 7.789629637278120411e-01 1.730200900000000042e+00
7.831891502719675602e-01 2.460101211710405411e-03 6.217786606167033936e-01 1.037062399999999940e+00 6.362260709066817899e-02 9.944263974610597634e-01 -8.407320559848452390e-02 -1.644681000000000060e-01 -6.185199420901964507e-01 1.054044018750959488e-01 7.786674471827452759e-01 1.821700499999999945e+00
7.830399261935193644e-01 3.800367308530464006e-03 6.219598308533823561e-01 1.111643299999999890e+00 6.113477224350975792e-02 9.946687666878328837e-01 -8.304567537469828564e-02 -1.764160999999999924e-01 -6.189596219541156907e-01 1.030514521199281108e-01 7.786330230643908612e-01 1.915419100000000041e+00
7.834656615889115105e-01 4.870891091953304802e-03 6.214159891176115336e-01 1.186158400000000057e+00 5.925090225935396304e-02 9.948281759760905230e-01 -8.249988403347609245e-02 -1.879566000000000014e-01 -6.186039829264774470e-01 1.014552842589031972e-01 7.791251103663926481e-01 2.009463300000000174e+00
7.861590916532555928e-01 1.208758574092382021e-03 6.180229943243517043e-01 1.261449499999999890e+00 6.003348130754054129e-02 9.951196832234404654e-01 -7.831217774635504392e-02 -1.997990000000000044e-01 -6.151015068531576757e-01 9.866790239986397704e-02 7.822498202639522891e-01 2.103596399999999811e+00
7.894772914061470859e-01 -2.147773850449188893e-04 6.137797326604131909e-01 1.334888000000000075e+00 5.982044447710274659e-02 9.952660723995512271e-01 -7.659608053244729153e-02 -2.110222999999999960e-01 -6.108576927374945731e-01 9.718744260986680872e-02 7.857528111450690078e-01 2.198332300000000128e+00
7.915679929685663918e-01 -1.635007082513503796e-04 6.110810795428328612e-01 1.406892299999999985e+00 5.994806323281370170e-02 9.951971412474820422e-01 -7.738785284186275315e-02 -2.225593999999999906e-01 -6.081334904627028193e-01 9.789087455098988144e-02 7.877760052561211257e-01 2.291366099999999850e+00
7.888759705616937845e-01 4.328116976657473552e-03 6.145372002359026364e-01 1.478678799999999960e+00 5.827215552291592493e-02 9.949428936089943498e-01 -8.181072269375505579e-02 -2.345801000000000136e-01 -6.117835066108423536e-01 1.003489205741534551e-01 7.846343321436703988e-01 2.384568900000000102e+00
7.816742285133339019e-01 4.608433360712128890e-03 6.236699149550537502e-01 1.551797599999999999e+00 5.826198543072644981e-02 9.950604888371304968e-01 -8.037514919974024508e-02 -2.464150999999999980e-01 -6.209596939671317983e-01 9.916343024104480597e-02 7.775446434585446820e-01 2.476946100000000150e+00
7.740661605880503338e-01 3.140960495861783858e-03 6.330969225952992607e-01 1.626057599999999992e+00 5.737196870898343681e-02 9.955252764256335984e-01 -7.508582558726584200e-02 -2.581405999999999978e-01 -6.304998304828720590e-01 9.444341355981006325e-02 7.704222254038628481e-01 2.568035599999999974e+00
7.703834434275294019e-01 3.544728461346791093e-03 6.375710038833933835e-01 1.663653499999999896e+00 5.949184324783020339e-02 9.952221912343722776e-01 -7.741776709276770863e-02 -2.637420999999999793e-01 -6.347992365147568927e-01 9.757164021778944041e-02 7.664918162286483705e-01 2.612962700000000194e+00
7.630590989775903887e-01 7.067998515089855133e-03 6.462900702196332503e-01 1.737124799999999913e+00 5.877340324973524821e-02 9.950385504287629912e-01 -8.027434354181908760e-02 -2.750143999999999922e-01 -6.436509135688006644e-01 9.923873516735623457e-02 7.588578094112437000e-01 2.700008899999999823e+00
7.601912871589157072e-01 8.827246235605386293e-03 6.496393512184794883e-01 1.774380700000000033e+00 5.786362608518817036e-02 9.950142581395402530e-01 -8.123070155608556886e-02 -2.805017000000000205e-01 -6.471174605154341730e-01 9.934136008187276212e-02 7.558903931610317928e-01 2.743753700000000073e+00
7.554143301611456751e-01 1.703610170355890352e-03 6.552452117334204296e-01 1.849654799999999932e+00 5.957741967892996732e-02 9.956759325018567086e-01 -7.127389775337611422e-02 -2.911197999999999841e-01 -6.525333101471435526e-01 9.287914270139191464e-02 7.520463709103756278e-01 2.831099500000000102e+00
7.537264849642896225e-01 -4.508614835301752444e-03 6.571727765630919205e-01 1.887379899999999999e+00 5.918534991711536797e-02 9.963787289721255380e-01 -6.104525212561751762e-02 -2.962193000000000187e-01 -6.545177462976579097e-01 8.490642404528939147e-02 7.512638810280155566e-01 2.874536500000000050e+00
7.512246750462733269e-01 -3.085505118961332643e-03 6.600393679620798482e-01 1.960872799999999971e+00 6.022078123854401888e-02 9.961387115048790930e-01 -6.388368295909974126e-02 -3.053908000000000178e-01 -6.572936521134525867e-01 8.773908535858013225e-02 7.485097913800455860e-01 2.959496000000000127e+00
7.499650121628022026e-01 1.548111747645998515e-04 6.614774800136040689e-01 1.997315900000000033e+00 6.203281843234166593e-02 9.955765343695167635e-01 -7.056411021278888307e-02 -3.097031000000000089e-01 -6.585623812282235257e-01 9.395392618875836321e-02 7.466379643339395855e-01 3.001554500000000125e+00
7.497985558544117968e-01 -7.008518701641305859e-03 6.616290549123787779e-01 2.072928899999999963e+00 7.150207427845373109e-02 9.949464501809328620e-01 -7.049123808133142544e-02 -3.198332999999999871e-01 -6.577914403612418193e-01 1.001620783428998629e-01 7.465105351229235353e-01 3.085038400000000181e+00
7.502955910169611942e-01 -7.248815420314604768e-03 6.610627661391247356e-01 2.110346799999999856e+00 6.927523486604977854e-02 9.952969235000239667e-01 -6.771245015239972520e-02 -3.242473000000000161e-01 -6.574629023258745653e-01 9.659963119178967272e-02 7.472690568455566673e-01 3.127126899999999932e+00
7.510901124492214143e-01 -1.089112994211742513e-02 6.601098592428383816e-01 2.183079000000000214e+00 6.450324158741224667e-02 9.962908114069853882e-01 -5.695569269815532742e-02 -3.331591999999999887e-01 -6.570410754326793112e-01 8.535808335825427473e-02 7.490066907576149458e-01 3.211249099999999856e+00
7.515218929763686218e-01 -5.034612539192757225e-03 6.596889396176016662e-01 2.218932600000000033e+00 5.587043327205210019e-02 9.968640843624594350e-01 -5.604009273893537091e-02 -3.372046000000000210e-01 -6.573380706023413955e-01 7.897246345895198028e-02 7.494464697041515189e-01 3.253636800000000218e+00
7.528718701587833184e-01 -3.674399224326621582e-04 6.581670092852723863e-01 2.255081399999999903e+00 4.822638410405168802e-02 9.973425068289157869e-01 -5.460897314968089084e-02 -3.413026000000000115e-01 -6.563978694358055810e-01 7.285457473705753140e-02 7.508888386039692664e-01 3.295876300000000203e+00
7.543689411991888472e-01 -3.972892178345163727e-03 6.564386617817036251e-01 2.291090000000000071e+00 5.168536667146627489e-02 9.972368202811470184e-01 -5.336053923624854006e-02 -3.454250999999999849e-01 -6.544128081158334664e-01 7.418180641698057798e-02 7.524898246293186821e-01 3.337321999999999900e+00
7.566158757665620849e-01 -6.254578563873288560e-03 6.538297154343679640e-01 2.327674899999999880e+00 5.577179564556979108e-02 9.969273788741276343e-01 -5.500280048897832758e-02 -3.495453000000000032e-01 -6.514767251011097660e-01 7.808124933778844146e-02 7.546399109200248034e-01 3.379072199999999970e+00
7.608035279004574658e-01 -6.339978928135887176e-03 6.489513052621196376e-01 2.362914299999999912e+00 5.754121607801582217e-02 9.966730636275462629e-01 -5.772185627250978751e-02 -3.533940999999999888e-01 -6.464263302082311480e-01 8.125643916928662613e-02 7.586371930686282017e-01 3.420453100000000024e+00
7.663501424313978738e-01 -1.041132767398022033e-02 6.423387450959511247e-01 2.398316599999999799e+00 6.215304382130723559e-02 9.963797921875648944e-01 -5.800266255967672507e-02 -3.573168999999999929e-01 -6.394094606268528880e-01 8.437365688608071401e-02 7.642228913638657861e-01 3.462523700000000204e+00
7.722496054417133937e-01 -1.728294860350181039e-02 6.350841255949376540e-01 2.433448999999999973e+00 6.971704469100506452e-02 9.958982951329907740e-01 -5.767251885217700158e-02 -3.618567999999999785e-01 -6.314824467668679331e-01 8.881376829507361959e-02 7.702869815767099393e-01 3.504213800000000045e+00
7.871756226579120774e-01 -1.396119978258381425e-02 6.165708588587033301e-01 2.500356399999999812e+00 6.343769220186785962e-02 9.962737416114698652e-01 -5.843193462126067272e-02 -3.695685000000000220e-01 -6.134575766108274486e-01 8.511002688351701484e-02 7.851280691853130822e-01 3.590035400000000099e+00
7.949615489601417062e-01 -1.623653087632360645e-02 6.064425040677758894e-01 2.532668800000000164e+00 6.261942273788066726e-02 9.964983788329807579e-01 -5.540567551447918987e-02 -3.735731999999999942e-01 -6.034193761977375559e-01 8.202046115661235093e-02 7.931946169640775590e-01 3.633325600000000044e+00
8.024690819362362282e-01 -1.632678553076585826e-02 5.964702914736379480e-01 2.564719000000000193e+00 6.155575716957284449e-02 9.965573538903960138e-01 -5.553673708683785903e-02 -3.776453000000000171e-01 -5.935101189497065111e-01 8.128269484462448402e-02 8.007114725187224336e-01 3.677036999999999889e+00
8.101576393205981441e-01 -1.789670173533165071e-02 5.859388257467431638e-01 2.596021400000000146e+00 6.172572046442229704e-02 9.965817460380457238e-01 -5.490682013109351306e-02 -3.816277000000000141e-01 -5.829532870510497622e-01 8.065067594730272738e-02 8.084930015687332716e-01 3.721063599999999916e+00
8.183171406675946447e-01 -1.893970233310094883e-02 5.744548241290569068e-01 2.627439299999999811e+00 6.259008178996229577e-02 9.964496749201288139e-01 -5.630743301816806823e-02 -3.855666999999999844e-01 -5.713488767391933232e-01 8.203251201263547787e-02 8.165972863179002950e-01 3.765092099999999942e+00
8.260949657225447051e-01 -1.708738388536478608e-02 5.632718073184754815e-01 2.657726300000000208e+00 6.225196490978781444e-02 9.961898003570611726e-01 -6.107842933007691377e-02 -3.903109000000000162e-01 -5.600819587102749963e-01 8.552135976767925862e-02 8.240111022011469277e-01 3.809391699999999936e+00
8.329472932117879536e-01 -1.508612417578758871e-02 5.531466492608523300e-01 2.686858899999999828e+00 6.516842442599374285e-02 9.953461672716431563e-01 -7.098650403762490901e-02 -3.944753999999999761e-01 -5.495014860662246203e-01 9.517571200155483524e-02 8.300540347808735842e-01 3.853752599999999973e+00
8.474080058756758849e-01 -1.237601997710591206e-02 5.307979895471880427e-01 2.743844999999999867e+00 6.117493637645106397e-02 9.953460499799139383e-01 -7.445715512104701672e-02 -4.038765999999999745e-01 -5.274061989938566564e-01 9.556712258359968681e-02 8.442213136044028898e-01 3.944353099999999834e+00
8.596603390007426793e-01 -1.183066597187751312e-02 5.107290249161390294e-01 2.798275199999999963e+00 5.742645431958071089e-02 9.956332911436318600e-01 -7.359722760254713836e-02 -4.142505000000000215e-01 -5.076281157436114411e-01 9.259797464935112798e-02 8.565858457839639062e-01 4.035849599999999704e+00
8.635098485972524385e-01 -4.495450623165826026e-03 5.043119394771899966e-01 2.824602099999999893e+00 5.218282487007069870e-02 9.953895511046699784e-01 -8.047729083550904383e-02 -4.195231999999999850e-01 -5.016250533656885224e-01 9.580935484251136558e-02 8.597632658822612628e-01 4.082060300000000197e+00
8.681032217308591870e-01 9.934496851528019229e-03 4.962842957346219608e-01 2.875735499999999778e+00 4.132963709267284402e-02 9.948815516997523423e-01 -9.220932265926737315e-02 -4.296273999999999926e-01 -4.946601434503195005e-01 1.005584599116349787e-01 8.632492911215794429e-01 4.173613099999999854e+00
8.728194446469599299e-01 1.007733564973122692e-02 4.879392014917177667e-01 2.927119699999999991e+00 4.034889802940857390e-02 9.948741071321068885e-01 -9.272258293374707749e-02 -4.413379000000000052e-01 -4.863724740093593457e-01 1.006178824280051787e-01 8.679388562921465100e-01 4.266139500000000417e+00
8.781719462654606900e-01 9.866545970095869089e-03 4.782433314359467169e-01 2.976988299999999921e+00 3.543506973510019559e-02 9.956984300542393029e-01 -8.560953346673329245e-02 -4.524954999999999949e-01 -4.770308046921094003e-01 9.212647642313868956e-02 8.740448064697001751e-01 4.359492300000000320e+00
8.810748241131147740e-01 1.046827212291398697e-02 4.728610468127021904e-01 3.002003199999999872e+00 3.298176386259864951e-02 9.959615570589898104e-01 -8.350317426986955671e-02 -4.579335999999999962e-01 -4.718255584075068954e-01 8.916833596850984311e-02 8.771713916299659353e-01 4.406629999999999825e+00
8.867453501352134948e-01 2.593073976327410490e-02 4.615303681762522592e-01 3.049085100000000104e+00 1.647505828196214189e-02 9.960182241712798312e-01 -8.761432287757543735e-02 -4.685089000000000059e-01 -4.619645619181016460e-01 8.529533313153449259e-02 8.827873184849207577e-01 4.500976999999999784e+00
8.933704586077518828e-01 2.470663999471817140e-02 4.486410654712144064e-01 3.096282700000000165e+00 1.961249864816763666e-02 9.953912529507553675e-01 -9.387014139704361049e-02 -4.800853999999999955e-01 -4.488926080743039781e-01 9.265978355951803858e-02 8.887685811992639406e-01 4.594216300000000253e+00
9.030103119523278377e-01 2.233483577313643414e-02 4.290379139641933848e-01 3.165484900000000046e+00 1.597420190031537818e-02 9.962116358067025779e-01 -8.548217098893592936e-02 -4.968991999999999853e-01 -4.293217923439334727e-01 8.404482015163541875e-02 8.992325988442988471e-01 4.738638899999999765e+00
9.085410184510055442e-01 2.621785139562669148e-02 4.169722317615484064e-01 3.208931699999999942e+00 1.344506970800969821e-02 9.956774298088064690e-01 -9.190041278403522640e-02 -5.080818999999999752e-01 -4.175792713875490225e-01 8.910151534921358085e-02 9.042612852875641094e-01 4.834487000000000201e+00
9.145582209352121072e-01 2.704405016000404477e-02 4.035491046586065500e-01 3.251426200000000044e+00 1.134308047246033319e-02 9.956544829173761268e-01 -9.243097517568281407e-02 -5.196661000000000197e-01 -4.042951830596242524e-01 8.911099818471111822e-02 9.102772297258179268e-01 4.930534800000000217e+00
9.211526666543272679e-01 2.045462911126149502e-02 3.886635728538790913e-01 3.293918099999999960e+00 1.667578854471778171e-02 9.956267136127464612e-01 -9.192042872557767974e-02 -5.313328999999999969e-01 -3.888440340188257238e-01 9.115401959652069674e-02 9.167831051668454689e-01 5.028102399999999861e+00
9.260548214629410468e-01 2.574014485208633157e-02 3.765101759424757666e-01 3.332990399999999909e+00 9.836595916606946655e-03 9.956859940096269845e-01 -9.226398383895291488e-02 -5.431154000000000259e-01 -3.772607970966686541e-01 8.914508554067794577e-02 9.218066200119910958e-01 5.127910100000000249e+00
9.319126458386616241e-01 2.369843683337951451e-02 3.619077294251112353e-01 3.391633999999999816e+00 1.018670555509935266e-02 9.957589383590460530e-01 -9.143504638812746665e-02 -5.597917000000000032e-01 -3.625397241074678756e-01 8.889612347970879402e-02 9.277189378655377183e-01 5.276255599999999824e+00
9.379704603156638898e-01 7.581045244758182269e-03 3.466322883521072984e-01 3.449310999999999794e+00 2.413655127621387037e-02 9.959077076047957444e-01 -8.709342584748504257e-02 -5.774928000000000283e-01 -3.458740268764224912e-01 9.005756873443566957e-02 9.339490306467105318e-01 5.425804600000000200e+00
9.422993719548703462e-01 1.023529331578030069e-02 3.346149016170630319e-01 3.502927099999999960e+00 2.135790181662243839e-02 9.956582383506672462e-01 -9.060084124574852016e-02 -5.938603000000000076e-01 -3.340894096547334935e-01 9.251978801956775578e-02 9.379895282898236264e-01 5.576480899999999963e+00
9.430836372388586852e-01 1.248276353331630173e-02 3.323212809720377248e-01 3.537298400000000065e+00 1.828410316475660366e-02 9.958374878420730436e-01 -8.929383730050796664e-02 -6.052946999999999633e-01 -3.320526234556584466e-01 9.028775344951472936e-02 9.389298039966855747e-01 5.676734399999999958e+00
9.439107179734531616e-01 8.880190348363455749e-03 3.300813516607942200e-01 3.572724299999999964e+00 1.837752925458120343e-02 9.966760838721263616e-01 -7.936655628045725941e-02 -6.162254999999999816e-01 -3.296889790595631808e-01 8.098102281830484028e-02 9.406100419567952065e-01 5.776757199999999592e+00
9.446816084530362811e-01 8.249208449574729068e-03 3.278850548752411109e-01 3.606852500000000017e+00 1.968910028905859755e-02 9.964545402759085180e-01 -8.179662886290135770e-02 -6.268825999999999565e-01 -3.273973090610119430e-01 8.372753264896380665e-02 9.411698583657069905e-01 5.875131099999999940e+00
9.445526875936557376e-01 1.459635027139553898e-02 3.280353135233406436e-01 3.639930699999999852e+00 1.426575473208082506e-02 9.962440720612456557e-01 -8.540630611817583151e-02 -6.366481000000000501e-01 -3.280498568838672857e-01 8.535042730755469653e-02 9.407967878117420302e-01 5.972961899999999602e+00
9.447692593271035388e-01 1.633532051672120095e-02 3.273288926051780012e-01 3.656482899999999869e+00 1.213536489502287964e-02 9.963285157521372115e-01 -8.474798887293931438e-02 -6.421470999999999707e-01 -3.275114952934947143e-01 8.403955022939608999e-02 9.411023187984716154e-01 6.021327000000000318e+00
9.450903544237365672e-01 1.556795904559025653e-02 3.264381421132814265e-01 3.689176100000000069e+00 1.385572091025665670e-02 9.960578791867807924e-01 -8.761689510585060625e-02 -6.523567000000000116e-01 -3.265152997537376645e-01 8.732891824068000908e-02 9.411489887715119851e-01 6.117484100000000424e+00
9.448812443447585085e-01 3.039707011997137137e-02 3.259991598357616094e-01 3.720493600000000178e+00 -1.376841845887911975e-04 9.957178348456334760e-01 -9.244443960233171553e-02 -6.635820000000000052e-01 -3.274132177059537185e-01 8.730413219570644368e-02 9.408392920010242300e-01 6.213821900000000120e+00
9.450637142741307173e-01 2.947640985891082296e-02 3.255544765845091448e-01 3.737054099999999934e+00 2.020662780451373125e-03 9.953802717265582967e-01 -9.598974726235386112e-02 -6.688332999999999640e-01 -3.268799364970445542e-01 9.137426289383886180e-02 9.406382148287915079e-01 6.261651999999999774e+00
9.456950705118241096e-01 2.974887902071451234e-02 3.236909603412598813e-01 3.768420199999999998e+00 2.099831325842153526e-03 9.952234039822747125e-01 -9.760105980130028003e-02 -6.803755999999999693e-01 -3.250483415094425066e-01 9.298053754923592262e-02 9.411153995759584667e-01 6.355311900000000236e+00
9.462107695205560498e-01 2.162837703406086595e-02 3.228271874396420049e-01 3.783938399999999813e+00 9.799299863778410807e-03 9.953898473290526683e-01 -9.540977704839755102e-02 -6.858843999999999497e-01 -3.234024634499511608e-01 9.344123897465018980e-02 9.416366504620481415e-01 6.401596099999999900e+00
9.475470583650332790e-01 1.531009274275163534e-02 3.192493903580404524e-01 3.800686799999999810e+00 1.467411039251538887e-02 9.957149007321351997e-01 -9.130447384538388500e-02 -6.914962000000000053e-01 -3.192792549915518530e-01 9.119998640461775274e-02 9.432620631679391465e-01 6.448648900000000239e+00
9.481717028108168632e-01 1.009413234776610976e-02 3.175980643533296566e-01 3.816603399999999979e+00 1.807511133497787317e-02 9.961636325145984960e-01 -8.562305533878099284e-02 -6.970503999999999589e-01 -3.172439319184278683e-01 8.692597855339669055e-02 9.443517151535598675e-01 6.495603100000000296e+00
9.494314458077445229e-01 6.861581632413912314e-03 3.138994240340650110e-01 3.831832900000000208e+00 2.086132069817146772e-02 9.961733320127892366e-01 -8.487342272623049633e-02 -7.022279999999999633e-01 -3.132806010753683701e-01 8.712985300136283362e-02 9.456551452330901331e-01 6.541578300000000290e+00
9.510634730384682767e-01 7.679132847546651756e-03 3.089001475731541491e-01 3.846816800000000036e+00 2.123906853178596579e-02 9.957021466629805140e-01 -9.014508915428834368e-02 -7.074593000000000131e-01 -3.082647761582708035e-01 9.229445297222485523e-02 9.468128440883388786e-01 6.587297900000000261e+00
9.530223146103220522e-01 6.473474223598833788e-03 3.028309131945755572e-01 3.861194100000000073e+00 2.283011002709916387e-02 9.953926080941780663e-01 -9.312540914068741238e-02 -7.126877000000000351e-01 -3.020384974319245686e-01 9.566425603613025463e-02 9.484835771831365836e-01 6.633088100000000153e+00
9.556319849873439187e-01 7.178211115618481249e-03 2.944757758361941646e-01 3.875649699999999864e+00 2.150696462228011627e-02 9.953344960780889927e-01 -9.405685190198947998e-02 -7.176430000000000309e-01 -2.937770578889455364e-01 9.621701617778635751e-02 9.510190986809669011e-01 6.679670800000000241e+00
9.583481243372331537e-01 3.567303660853530720e-03 2.855803685898216093e-01 3.889086700000000008e+00 2.299095532434306671e-02 9.957132715143569568e-01 -8.959071884659929041e-02 -7.229221000000000119e-01 -2.846757603881672205e-01 9.242486286042085608e-02 9.541579304143791296e-01 6.725939799999999913e+00
9.617222886883545208e-01 -1.343516167719981461e-03 2.740226895794222739e-01 3.902245300000000139e+00 2.638472441246863393e-02 9.957958017326056233e-01 -8.771868426621137749e-02 -7.282686000000000437e-01 -2.727527923921429509e-01 9.159102694054846450e-02 9.577144658123653009e-01 6.771684600000000387e+00
9.654058684858836115e-01 -5.650375234917303507e-03 2.606905873880398516e-01 3.914985199999999832e+00 3.013047709742536565e-02 9.954855001708196038e-01 -9.000429600599368918e-02 -7.334384999999999932e-01 -2.590051417306191706e-01 9.474540732593658698e-02 9.612177923591219697e-01 6.817809600000000358e+00
9.690799714810981458e-01 -5.044683046400079418e-03 2.466952777155564658e-01 3.926839800000000213e+00 2.851594476866730482e-02 9.953816971601231467e-01 -9.166306700401875840e-02 -7.383537999999999490e-01 -2.450935530938022910e-01 9.586359127215234033e-02 9.647483205998657052e-01 6.863703300000000063e+00
9.724324962107018244e-01 -7.748816312006552923e-03 2.330557790727065259e-01 3.937946300000000122e+00 2.991331949389618161e-02 9.953353842895408254e-01 -9.172058710043368146e-02 -7.435264999999999791e-01 -2.312579374427600198e-01 9.616355144728658266e-02 9.681282651295569641e-01 6.909519200000000083e+00
9.755145266506584090e-01 -7.827970890012947089e-03 2.197956577489349750e-01 3.947967799999999805e+00 2.915501293993801729e-02 9.951493557266061218e-01 -9.395608025770701976e-02 -7.487169999999999659e-01 -2.179940217391612423e-01 9.806366640436073312e-02 9.710108772909397112e-01 6.954672300000000362e+00
9.783937257648498420e-01 -4.442591671368168599e-03 2.067026385008600420e-01 3.956452399999999869e+00 2.571515641180664377e-02 9.946206879215611085e-01 -1.003415063129746432e-01 -7.543646000000000518e-01 -2.051449441606886526e-01 1.034888908901911986e-01 9.732448825180772811e-01 6.998574699999999815e+00
9.810140977687439312e-01 3.454466723593738534e-03 1.939056642768149374e-01 3.964341199999999787e+00 1.828527158458458091e-02 9.937397621421693028e-01 -1.102131298017737931e-01 -7.597293999999999992e-01 -1.930724962858647586e-01 1.116662518278474375e-01 9.748095503126056327e-01 7.042741300000000315e+00
9.835952094779544241e-01 8.107116236470908108e-03 1.802074875202119286e-01 3.971782399999999935e+00 1.350627888960333374e-02 9.928757727423626056e-01 -1.183861492397337983e-01 -7.652522000000000491e-01 -1.798834186982647965e-01 1.188779818451870390e-01 9.764783567032297995e-01 7.086978900000000081e+00
9.859018034906555927e-01 8.033274521944189228e-03 1.671319848931610563e-01 3.979166699999999945e+00 1.212888133162279281e-02 9.927882058900827644e-01 -1.192663761635860964e-01 -7.710204000000000502e-01 -1.668847629698893553e-01 1.196120593669622034e-01 9.786942480379038356e-01 7.131745300000000398e+00
9.878614040427552423e-01 1.033739253943653791e-02 1.549934989545105890e-01 3.985790699999999909e+00 7.709064385748708864e-03 9.932912273218158505e-01 -1.153824425630567974e-01 -7.771219999999999795e-01 -1.551464364043617095e-01 1.151767165750366417e-01 9.811543748208133575e-01 7.176262399999999708e+00
9.893773995805474897e-01 1.327513105404178398e-02 1.447623296812105553e-01 3.991408799999999868e+00 3.239381521257293783e-03 9.935610150397425899e-01 -1.132520013092751937e-01 -7.832841999999999860e-01 -1.453336423770945629e-01 1.125179109684069229e-01 9.829638101704011310e-01 7.220850000000000435e+00
9.914069702426671071e-01 2.249246382021329732e-02 1.288654663808407874e-01 4.001823899999999767e+00 -5.917912062464288081e-03 9.918100918711881819e-01 -1.275841682156770851e-01 -7.953949999999999632e-01 -1.306797523378283588e-01 1.257252191637049377e-01 9.834205466610722590e-01 7.308760200000000040e+00
9.917539172268304837e-01 2.532497433653869284e-02 1.256296674360423693e-01 4.007052400000000070e+00 -8.777366846464252845e-03 9.914015334177751493e-01 -1.305601676167991720e-01 -8.011968000000000423e-01 -1.278558778331271850e-01 1.283808599898667024e-01 9.834486409018941000e-01 7.352767499999999679e+00
9.917554804936969948e-01 2.697024115970315591e-02 1.252743908486635971e-01 4.012601400000000318e+00 -1.110284440923628782e-02 9.920097633295252848e-01 -1.256716209210480273e-01 -8.074980000000000491e-01 -1.276628127402046897e-01 1.232446167209211574e-01 9.841305658765877595e-01 7.397069899999999976e+00
9.915015733150402966e-01 2.778871046939311931e-02 1.270921621668625878e-01 4.018113600000000396e+00 -1.225769836963363016e-02 9.925293314434936454e-01 -1.213889412385269345e-01 -8.141040000000000498e-01 -1.295159408894477893e-01 1.187994688320604536e-01 9.844350193185639197e-01 7.440947500000000048e+00
9.907926096884173139e-01 2.487423152841888169e-02 1.330837224933467677e-01 4.029781800000000302e+00 -8.940691547972187334e-03 9.928529896887978712e-01 -1.190084236542098550e-01 -8.257491000000000136e-01 -1.350928148402406048e-01 1.167228061343904277e-01 9.839337975222998134e-01 7.527694699999999628e+00
9.897387703963231864e-01 2.472512897248861294e-02 1.407332028046977546e-01 4.042502899999999677e+00 -8.040811280649321630e-03 9.929919836155740587e-01 -1.179078700899836435e-01 -8.374443999999999777e-01 -1.426622295084559733e-01 1.155663812382358852e-01 9.830014749730415780e-01 7.614338899999999910e+00
9.881133000247723785e-01 2.705847323254663428e-02 1.513272789039631638e-01 4.055809499999999623e+00 -9.378120223756442400e-03 9.931640538862945844e-01 -1.163495291318798336e-01 -8.487078999999999596e-01 -1.534410543994763898e-01 1.135473517721348885e-01 9.816123683666134747e-01 7.700224900000000261e+00
9.863525676466534664e-01 2.519830476050646459e-02 1.627072762172928622e-01 4.069303999999999810e+00 -6.620358842429643204e-03 9.934899489082515966e-01 -1.137272714307213800e-01 -8.602043000000000328e-01 -1.645137779812112511e-01 1.110980056323071369e-01 9.800981838565320237e-01 7.784023300000000312e+00
9.853574196365985083e-01 2.771280589515416615e-02 1.682342294437186025e-01 4.075895299999999999e+00 -8.306062193036643435e-03 9.933330568330565047e-01 -1.149802049639023910e-01 -8.656198999999999977e-01 -1.702990454992324987e-01 1.118992340997609497e-01 9.790182820100640226e-01 7.825385100000000094e+00
9.842493426232377107e-01 2.974684783515588182e-02 1.742651904127631712e-01 4.090543699999999561e+00 -8.807153719332562122e-03 9.927684459881849222e-01 -1.197215381356608738e-01 -8.769673999999999525e-01 -1.765663206534263674e-01 1.163010648879731351e-01 9.773936754025140949e-01 7.908367199999999819e+00
9.842521875323926306e-01 2.381652254751425238e-02 1.751582273016132341e-01 4.105742000000000225e+00 -2.731339524167833432e-03 9.928128315177111585e-01 -1.196462341997802381e-01 -8.879730999999999597e-01 -1.767488928454817310e-01 1.172836511519345926e-01 9.772432522408982525e-01 7.990282500000000176e+00
9.849344430097535241e-01 2.088924208449122188e-02 1.716618260948024888e-01 4.112864000000000075e+00 -8.675141695391706820e-04 9.932615746401070034e-01 -1.158908614284184097e-01 -8.937032999999999783e-01 -1.729259679522781867e-01 1.139959819844135885e-01 9.783156574946436645e-01 8.030987700000000729e+00
9.880353905192469366e-01 1.575009602740071527e-02 1.534209945105514672e-01 4.125550699999999793e+00 2.187152861913285035e-03 9.932408754076432755e-01 -1.160507638140176601e-01 -9.050097000000000280e-01 -1.542118135676953661e-01 1.149978169122611860e-01 9.813226883454678751e-01 8.111336700000000732e+00
9.902453327994593657e-01 1.195297915755562553e-02 1.388211336870108781e-01 4.131322400000000172e+00 4.302795324382357664e-03 9.932150936871592117e-01 -1.162121492117070276e-01 -9.104250999999999872e-01 -1.392683266980844214e-01 1.156758572964411980e-01 9.834751797668556117e-01 8.151052500000000478e+00
9.922335898706641233e-01 1.223565028276367081e-02 1.237852656600633011e-01 4.135860899999999951e+00 1.948904957380966606e-03 9.934988885838406114e-01 -1.138251297040347998e-01 -9.156117000000000283e-01 -1.243732483367771396e-01 1.131823627816240518e-01 9.857591226325663758e-01 8.191020999999999219e+00
9.941460814428403348e-01 1.518684125635278923e-02 1.069716252307111731e-01 4.139699499999999865e+00 -3.463248095106160294e-03 9.940423957679994649e-01 -1.089390716338617116e-01 -9.209026999999999630e-01 -1.079887710110506299e-01 1.079308819035138256e-01 9.882759483398615430e-01 8.231019999999999115e+00
9.957353194339836344e-01 1.522893711387201740e-02 9.099040117553164331e-02 4.142687800000000031e+00 -5.886604773570599212e-03 9.947595312192583084e-01 -1.020726355723279161e-01 -9.259505000000000097e-01 -9.206802656700227572e-02 1.011017038571715571e-01 9.906068463125189405e-01 8.270926499999999848e+00
9.971142404527044700e-01 1.432804626932056812e-02 7.455131505567413885e-02 4.144961799999999918e+00 -7.200537134524927566e-03 9.954503024198808614e-01 -9.500972411886100810e-02 -9.304090999999999889e-01 -7.557343284118106519e-02 9.419873938791305246e-02 9.926808418350419050e-01 8.310424799999999834e+00
9.982862561705577731e-01 1.384350787645903871e-02 5.685866715502541080e-02 4.146740900000000174e+00 -8.821053017968649712e-03 9.961121397475712902e-01 -8.765154916582597322e-02 -9.347999999999999643e-01 -5.785101351424826177e-02 8.699978354679648029e-02 9.945271730315792258e-01 8.349873499999999282e+00
9.990868481846707505e-01 1.489049447478798735e-02 4.004675965314715563e-02 4.147462799999999561e+00 -1.158713734176488458e-02 9.966067999769331331e-01 -8.149002692329981867e-02 -9.391026000000000096e-01 -4.112429978302006156e-02 8.095158685308992408e-02 9.958692848729309155e-01 8.388928399999999286e+00
9.996372737899990035e-01 1.561308815232676124e-02 2.194430058230111003e-02 4.147641700000000320e+00 -1.383818989376121335e-02 9.967921516220139555e-01 -7.882836396386969091e-02 -9.432509000000000032e-01 -2.310466078874372914e-02 7.849610145162483343e-02 9.966466458613771895e-01 8.427665700000000371e+00
9.998982767614869038e-01 1.370055671872887765e-02 3.966216711924500093e-03 4.147338399999999758e+00 -1.335333421986704266e-02 9.969219452159817640e-01 -7.725492613416801158e-02 -9.470070999999999906e-01 -5.012443976902286602e-03 7.719410529554779354e-02 9.970034832000329583e-01 8.465681999999999263e+00
