1.000000000000000000e+00 0.000000000000000000e+00 0.000000000000000000e+00 0.000000000000000000e+00 0.000000000000000000e+00 1.000000000000000000e+00 0.000000000000000000e+00 0.000000000000000000e+00 0.000000000000000000e+00 0.000000000000000000e+00 1.000000000000000000e+00 0.000000000000000000e+00
9.994564044326754715e-01 7.289866655597026634e-04 3.296003969885133444e-02 2.324000000000000111e-03 -6.660231290511458169e-04 9.999979326269720081e-01 -1.921237875331852476e-03 -1.222699999999999959e-03 -3.296137211494674923e-02 1.898241350165166775e-03 9.994548237054422524e-01 6.516489999999999783e-02
9.978381484002191160e-01 1.589427281599840478e-03 6.570010135562015519e-02 6.519900000000000348e-03 -1.261821565471586215e-03 9.999865655541431142e-01 -5.027575714617876432e-03 -2.525299999999999854e-03 -6.570720967716683902e-02 4.933805037272019980e-03 9.978267485712611906e-01 1.302732000000000057e-01
9.951994968867190483e-01 -1.719389666666313286e-03 9.785195499117776974e-02 1.355570000000000039e-02 2.642117764514157092e-03 9.999532538387977398e-01 -9.301040313831459086e-03 -4.040400000000000415e-03 -9.783138867531093741e-02 9.514927029422788271e-03 9.951575179605914867e-01 1.945968999999999893e-01
9.915998453485943553e-01 -8.134414459370218481e-03 1.290874819881733804e-01 2.314280000000000156e-02 1.003720911325060514e-02 9.998502585021209477e-01 -1.409663103222366133e-02 -5.906599999999999698e-03 -1.289534843959661004e-01 1.527389520210744624e-02 9.915330085213978073e-01 2.590385000000000049e-01
9.870522555627765371e-01 -1.390162293178097419e-02 1.597954619765459827e-01 3.449909999999999782e-02 1.712228093517232860e-02 9.996767235493692061e-01 -1.879563484362670178e-02 -7.974800000000000638e-03 -1.594825140384117379e-01 2.128833655926411911e-02 9.869711923063039238e-01 3.232202000000000131e-01
9.818996128937469425e-01 -1.993640814376016271e-02 1.883499132716427438e-01 4.813080000000000136e-02 2.459010579758776419e-02 9.994465585052396683e-01 -2.240320041637138340e-02 -1.061220000000000045e-02 -1.877990332668764695e-01 2.662923811073226663e-02 9.818464272897613476e-01 3.867509000000000086e-01
9.759514146445292804e-01 -2.737909729668614595e-02 2.162619274966370853e-01 6.338370000000000115e-02 3.372950877352680343e-02 9.990997989484219355e-01 -2.572765008934205927e-02 -1.315340000000000086e-02 -2.153628484470770932e-01 3.240334508105047195e-02 9.759963456572569029e-01 4.494556000000000107e-01
9.695994740392938072e-01 -3.186263921485911477e-02 2.426141631582718061e-01 8.012759999999999327e-02 4.125376861841219267e-02 9.985793530042920141e-01 -3.372539589549938127e-02 -1.663600000000000148e-02 -2.411949139544682097e-01 4.270887467252420383e-02 9.695364694052015508e-01 5.116526999999999603e-01
9.626703594671845998e-01 -3.256665287317916935e-02 2.687102382194610506e-01 9.819830000000000225e-02 4.697538178838653322e-02 9.977724118571940082e-01 -4.736589112972813126e-02 -2.039349999999999843e-02 -2.665691139445021118e-01 5.822050547114638458e-02 9.620557573412922281e-01 5.735616999999999521e-01
9.552476378675558433e-01 -2.822175320902858137e-02 2.944579477519053134e-01 1.172027000000000069e-01 4.908777978189751007e-02 9.967603035444930759e-01 -6.371253529701971507e-02 -2.511139999999999900e-02 -2.917059139348035512e-01 7.531553573930636902e-02 9.535382686876087144e-01 6.343383000000000216e-01
9.471096689325679829e-01 -2.258938572291618180e-02 3.201140338490375270e-01 1.380898999999999877e-01 5.027629231326209008e-02 9.956462375573799095e-01 -7.849117191802344740e-02 -2.975469999999999851e-02 -3.169472660328100377e-01 9.043389458878016429e-02 9.441218889867094566e-01 6.946103999999999612e-01
9.383622491462219051e-01 -2.188030777481726058e-02 3.449602027900072199e-01 1.608430999999999889e-01 5.534619675854602489e-02 9.946288988174443180e-01 -8.746514815377812169e-02 -3.547170000000000184e-02 -3.411936222756925541e-01 1.011662284009704482e-01 9.345332023794096221e-01 7.539761999999999853e-01
9.290333297724652217e-01 -2.160576424058702552e-02 3.693646749805213902e-01 1.847142999999999979e-01 5.867643912163268693e-02 9.942636439594758624e-01 -8.942528609084841873e-02 -4.216589999999999921e-02 -3.653137660476146742e-01 1.047520751680124235e-01 9.249718131295157075e-01 8.130325000000000468e-01
9.196955321025578334e-01 -2.424559973782143205e-02 3.918829916237069888e-01 2.107294999999999863e-01 6.308899700732642501e-02 9.942481047208158174e-01 -8.654758642316515149e-02 -4.869029999999999886e-02 -3.875305235555034367e-01 1.043209334334151694e-01 9.159351702824706232e-01 8.715619000000000005e-01
9.104635705175282423e-01 -2.910688848155750658e-02 4.125637839212211722e-01 2.381507999999999958e-01 6.764321195910122375e-02 9.945682553241019797e-01 -7.910993222995457708e-02 -5.527350000000000319e-02 -4.080201988092378995e-01 9.993385084391612216e-02 9.074870482927984705e-01 9.298539999999999583e-01
9.016852265464357918e-01 -3.764414450279793267e-02 4.307512862575750279e-01 2.668756999999999935e-01 7.630328750601296506e-02 9.944219580826703098e-01 -7.282017302096031874e-02 -6.153870000000000173e-02 -4.256072844109667908e-01 9.852861344645187647e-02 8.995279605374376652e-01 9.869314000000000142e-01
8.947850404017561043e-01 -3.980542592327880602e-02 4.447193042136736718e-01 2.954804999999999793e-01 7.959258305692959445e-02 9.942852557689757509e-01 -7.114668567648327335e-02 -6.758999999999999730e-02 -4.393458230091114025e-01 9.905734817512990009e-02 8.928397894230283294e-01 1.042664800000000058e+00
8.836515792430202909e-01 -4.032284232308257221e-02 4.664053546951451579e-01 3.537646999999999875e-01 8.461972174621128218e-02 9.936305444421137389e-01 -7.441669062288702730e-02 -7.903699999999999615e-02 -4.604339140342619818e-01 1.052255175261995468e-01 8.814353074777714347e-01 1.152808700000000020e+00
8.783389010492379523e-01 -3.312066680481931535e-02 4.768897108703658017e-01 3.830966000000000093e-01 7.895605432723749872e-02 9.939468727211825394e-01 -7.639080895536901061e-02 -8.479290000000000438e-02 -4.714729222221476501e-01 1.047503491077022841e-01 8.756372810548459507e-01 1.206402399999999986e+00
8.719875176933654659e-01 -3.303477039994526243e-02 4.884121957236384204e-01 4.122302999999999940e-01 7.922757105704145153e-02 9.940903446490313433e-01 -7.421171511272083021e-02 -9.075300000000000034e-02 -4.830742810079669547e-01 1.034074011867288506e-01 8.694516366126656681e-01 1.259879399999999983e+00
8.624753024745303032e-01 -3.537603727148792843e-02 5.048612567908471460e-01 4.752446000000000170e-01 8.486020491674786670e-02 9.935395370246423719e-01 -7.535206692816637242e-02 -1.015749999999999986e-01 -4.989339618055229075e-01 1.078319264217495188e-01 8.599053304877342097e-01 1.366375799999999918e+00
8.604680575325992509e-01 -3.304054292073776988e-02 5.084319467633582335e-01 5.388564000000000132e-01 8.562636821148145172e-02 9.930797880305847203e-01 -8.037822884364052844e-02 -1.126778999999999975e-01 -5.022577495997322394e-01 1.126980795250377559e-01 8.573425778756009752e-01 1.474717599999999962e+00
8.659648327441090698e-01 -3.380134244586224107e-02 4.989612987991400850e-01 6.043515999999999888e-01 8.485124262170579135e-02 9.931783849893037752e-01 -7.998101159394405135e-02 -1.242983000000000005e-01 -4.928541113514420813e-01 1.115982295509016786e-01 8.629256399511400222e-01 1.587923600000000102e+00
8.743332782104006329e-01 -3.198603173912037412e-02 4.842708048059866099e-01 6.700599000000000416e-01 8.117705787823263630e-02 9.934071374509256813e-01 -8.094778894937000591e-02 -1.365979999999999972e-01 -4.784888754068249428e-01 1.100870248264601975e-01 8.711654510348596503e-01 1.706944100000000075e+00
8.807345568580249306e-01 -2.626637981052356088e-02 4.728812934000962698e-01 7.379480999999999957e-01 7.341304773761483937e-02 9.939642430951273200e-01 -8.152059782782093700e-02 -1.498676999999999926e-01 -4.678858458833449752e-01 1.065136645692934397e-01 8.773469521700333340e-01 1.833904699999999943e+00
8.817493690435638243e-01 -2.091258521686100574e-02 4.712544047229953459e-01 8.070650999999999797e-01 6.618674442803271218e-02 9.946189501459662408e-01 -7.970231409786192323e-02 -1.631218999999999864e-01 -4.670517798416953803e-01 1.014682600130872719e-01 8.783887676630554031e-01 1.963842300000000041e+00
8.808417037571997232e-01 -2.083462865474093942e-02 4.729522292694397501e-01 8.756146999999999680e-01 6.545611478952480244e-02 9.947956044246127894e-01 -7.808458525297995445e-02 -1.765280999999999934e-01 -4.688639354426550887e-01 9.973777452043128267e-02 8.776212089363710778e-01 2.093761900000000065e+00
8.805474654723134398e-01 -2.163915692020127249e-02 4.734637345542613840e-01 9.482715000000000449e-01 6.549684514751492881e-02 9.949284124278879871e-01 -7.633883297146346059e-02 -1.908517000000000130e-01 -4.694106137764756381e-01 9.823034679520098456e-02 8.774989883996944240e-01 2.230191000000000034e+00
8.805168187164311711e-01 -2.029453276994237082e-02 4.735802613044015064e-01 1.022576499999999999e+00 6.339023981622807224e-02 9.951504763253912200e-01 -7.521440663455357389e-02 -2.053242999999999874e-01 -4.697571813751617031e-01 9.624791638781911296e-02 8.775332068574196454e-01 2.368475699999999851e+00
8.809008541341112331e-01 -1.869513312524341900e-02 4.729314719737129358e-01 1.096657599999999899e+00 6.126795881836324953e-02 9.953165051842108868e-01 -7.477494052234376354e-02 -2.190841000000000038e-01 -4.693185724090031541e-01 9.484485492275335217e-02 8.779205721969710607e-01 2.507564799999999927e+00
8.828513093143289803e-01 -2.142744851834732858e-02 4.691635430124218020e-01 1.170913899999999952e+00 6.169540845867495238e-02 9.955931563746016622e-01 -7.062537472590983689e-02 -2.333713000000000037e-01 -4.655826910625997517e-01 9.129694096765510192e-02 8.802826968382692074e-01 2.645778400000000197e+00
8.853606828111336702e-01 -2.217805067837859759e-02 4.643754896636022589e-01 1.243684900000000093e+00 6.124688291658142436e-02 9.957197858059324558e-01 -6.921652611616975481e-02 -2.461611999999999967e-01 -4.608527754773814045e-01 8.972314206878352627e-02 8.829294859229128711e-01 2.784510099999999877e+00
8.870166969369063237e-01 -2.240483140003190349e-02 4.611934549460525168e-01 1.315189100000000000e+00 6.157894448483692412e-02 9.956398238866930317e-01 -7.006693005268752050e-02 -2.604119999999999768e-01 -4.576127325056348893e-01 9.055034301873723934e-02 8.845288137917922677e-01 2.921997100000000014e+00
8.850097610151554939e-01 -1.855212081324565318e-02 4.652026888585535369e-01 1.385759200000000080e+00 6.001985597296792541e-02 9.954142073927529921e-01 -7.448605647798541007e-02 -2.748591000000000228e-01 -4.616874914884326886e-01 9.384228542607102319e-02 8.820647854149548106e-01 3.058308400000000038e+00
8.796058293603329359e-01 -1.837959971998502293e-02 4.753480569745227036e-01 1.458899699999999910e+00 6.015934895857365239e-02 9.955284006882172410e-01 -7.282895135892615557e-02 -2.894501999999999908e-01 -4.718839239560948529e-01 9.265739979782185165e-02 8.767782892923986493e-01 3.194659199999999810e+00
8.738898093674687395e-01 -1.870746826931039136e-02 4.857639670813818089e-01 1.533829600000000015e+00 5.892869549155354408e-02 9.959668594231786409e-01 -6.765666100535916438e-02 -3.036773999999999862e-01 -4.825391278760229330e-01 8.774990348532057949e-02 8.714676956186983015e-01 3.330103400000000047e+00
8.710451823113511960e-01 -1.908521196718352200e-02 4.908319926984716641e-01 1.571806599999999943e+00 6.114695987302554148e-02 9.956853636251148387e-01 -6.979760712953939072e-02 -3.104704999999999826e-01 -4.873821290019479946e-01 9.080975358897633298e-02 8.684539417739076672e-01 3.396426200000000062e+00
8.680309230837852663e-01 -1.777455175067116366e-02 4.961918801032262349e-01 1.608761000000000108e+00 6.115331913065617797e-02 9.955772816688196469e-01 -7.131723343083327948e-02 -3.170778000000000207e-01 -4.927297313229798137e-01 9.224934436074087862e-02 8.652788396438443330e-01 3.461343100000000117e+00
8.631658825721469919e-01 -1.414545561454661968e-02 5.047222654578490397e-01 1.684020400000000084e+00 5.953252853674712020e-02 9.954862884211280738e-01 -7.391162027413565594e-02 -3.302141000000000104e-01 -5.013985811801505710e-01 9.384538161776274923e-02 8.601119154735321626e-01 3.590903799999999979e+00
8.611129138187137988e-01 -1.523812928948209064e-02 5.081853491300210024e-01 1.722256500000000079e+00 6.037856652468737151e-02 9.955421302072787748e-01 -7.245892413483269456e-02 -3.368766000000000260e-01 -5.048157865588873694e-01 9.307881820323336830e-02 8.581942409750960010e-01 3.655922700000000081e+00
8.595489826873436989e-01 -1.998754023371308516e-02 5.106623587034375689e-01 1.760632900000000056e+00 6.120813352929488360e-02 9.960685419463246593e-01 -6.403923902407704372e-02 -3.429528000000000021e-01 -5.073747241940740338e-01 8.630155259512176102e-02 8.573931019483762572e-01 3.720819699999999841e+00
8.583128918085550785e-01 -2.432053146602776092e-02 5.125499892736762320e-01 1.798704499999999928e+00 6.040335605512842099e-02 9.967200697823792588e-01 -5.385663441291393960e-02 -3.489462999999999870e-01 -5.095590391039226397e-01 7.718558312417442280e-02 8.569667271401312236e-01 3.784746199999999838e+00
8.570304978035362398e-01 -2.689180331530883691e-02 5.145634623144880182e-01 1.836570299999999989e+00 6.197103770081630048e-02 9.967677752987917916e-01 -5.112330791509166888e-02 -3.548207999999999918e-01 -5.115254796399754111e-01 7.570226575438818162e-02 8.559268956159428177e-01 3.848933699999999902e+00
8.562974453066460878e-01 -2.346879493512907255e-02 5.159495138340615128e-01 1.873469000000000051e+00 6.147484421993273940e-02 9.964968589877274407e-01 -5.669967862103245798e-02 -3.597972999999999866e-01 -5.128113968014424984e-01 8.026970594119692270e-02 8.547404551199546674e-01 3.911397700000000199e+00
8.554063111133494157e-01 -2.194838946143937847e-02 5.174923295156177439e-01 1.910778800000000111e+00 6.369699636754447281e-02 9.959757368723083371e-01 -6.304779310503672018e-02 -3.654508000000000201e-01 -5.140260066973312281e-01 8.689418715720553799e-02 8.533619775201399804e-01 3.973460400000000003e+00
8.551260353689248417e-01 -2.923500512262373202e-02 5.175951874870017289e-01 1.988116999999999912e+00 7.244503124139337058e-02 9.953509818330747994e-01 -6.346763279316056106e-02 -3.768881000000000037e-01 -5.133334014874326723e-01 9.177002473255685411e-02 8.532684697549347552e-01 4.097761600000000115e+00
8.554879023047720077e-01 -2.937216407833085838e-02 5.169890956176315111e-01 2.026037200000000205e+00 7.080995173916161678e-02 9.956469442440942785e-01 -6.060621380762187121e-02 -3.822231999999999852e-01 -5.129584776030888804e-01 8.845585562727423246e-02 8.538437572883977866e-01 4.160280199999999873e+00
8.562272685515578408e-01 -3.066280620961634937e-02 5.156885270239101038e-01 2.099647500000000111e+00 6.581446065172365245e-02 9.965774161925206043e-01 -5.001909939375464437e-02 -3.926486000000000143e-01 -5.123898138701249438e-01 7.676747911968387350e-02 8.553148150194451738e-01 4.284965500000000205e+00
8.568930567164564360e-01 -2.399892541635038207e-02 5.149352783894187713e-01 2.136075700000000133e+00 5.732316632561591102e-02 9.971565436099694146e-01 -4.891709453989329798e-02 -3.977042000000000077e-01 -5.122971246781826693e-01 7.143443927602102783e-02 8.558322130720407150e-01 4.347676299999999827e+00
8.592233788083133428e-01 -2.255377619237525222e-02 5.111032307554803644e-01 2.208941199999999938e+00 5.375570450319000493e-02 9.974776715057301901e-01 -4.635319925174687106e-02 -4.072503000000000095e-01 -5.087686208313080272e-01 6.730246672277827302e-02 8.582685293254308512e-01 4.471502799999999667e+00
8.640457701462483930e-01 -2.647436137437471707e-02 5.027166351755185669e-01 2.281570700000000063e+00 5.997802312858721563e-02 9.969170348010131244e-01 -5.058717688448589184e-02 -4.168336000000000263e-01 -4.998275140825713669e-01 7.386158618236290940e-02 8.629698269653824916e-01 4.594657400000000003e+00
8.683716436548184481e-01 -3.135900576368762238e-02 4.949215101950428797e-01 2.317445999999999895e+00 6.496200045907044029e-02 9.965920958935157170e-01 -5.083436730131793424e-02 -4.215907999999999878e-01 -4.916407499308663165e-01 7.629421446009243546e-02 8.674494601112693326e-01 4.656743500000000147e+00
8.727010804566535107e-01 -3.813810745868098651e-02 4.867630932283790735e-01 2.352464400000000122e+00 7.172285575850981254e-02 9.961432719708459560e-01 -5.054120763358584817e-02 -4.268857999999999819e-01 -4.829582343553462387e-01 7.901940563359952097e-02 8.720706837187448546e-01 4.718336599999999770e+00
8.783033383781967407e-01 -3.551710273764571713e-02 4.767827400471186250e-01 2.385733800000000127e+00 6.838211971866631211e-02 9.963160741866348147e-01 -5.175100018467349017e-02 -4.314791000000000043e-01 -4.731882622133570804e-01 7.805649063630523687e-02 8.774964688094463172e-01 4.780554300000000367e+00
8.842799834972070450e-01 -3.424564898901086285e-02 4.656996309978144732e-01 2.418246299999999849e+00 6.557352140659798712e-02 9.965317103037890645e-01 -5.123147127833990039e-02 -4.360038999999999998e-01 -4.623299947835069479e-01 7.584052929882802163e-02 8.834586521389420355e-01 4.843609800000000298e+00
8.903774609983251542e-01 -3.640465601404663243e-02 4.537650030210295671e-01 2.450266399999999845e+00 6.530095749825416684e-02 9.967022766058120098e-01 -4.817008157147445457e-02 -4.408054000000000139e-01 -4.505149963053252660e-01 7.252084410216305677e-02 8.898185013106451047e-01 4.906722499999999876e+00
8.960530137387575644e-01 -3.610343439922397007e-02 4.424765966627735581e-01 2.480987100000000112e+00 6.409441340271307408e-02 9.967662218148662934e-01 -4.846653711045358082e-02 -4.454886000000000124e-01 -4.392959170539283975e-01 7.178886455083260953e-02 8.954694054998474373e-01 4.969930200000000298e+00
9.016678326862241910e-01 -3.770603474905737801e-02 4.307822819504421030e-01 2.510702799999999790e+00 6.451181069573574955e-02 9.967723162397830183e-01 -4.778258949382782617e-02 -4.502153999999999878e-01 -4.275901609949471771e-01 7.087456893329927010e-02 9.011900186413708269e-01 5.033730499999999886e+00
9.074359533224729546e-01 -3.892531035426925051e-02 4.183835690267467822e-01 2.540234599999999787e+00 6.546128706051294877e-02 9.966387368525938539e-01 -4.925492971517991814e-02 -4.548220000000000041e-01 -4.150600083290558739e-01 7.208362101538749733e-02 9.069339232089591585e-01 5.097238499999999561e+00
9.130013812402605344e-01 -3.741621206869381183e-02 4.062370058571806442e-01 2.568500300000000180e+00 6.492409783149075131e-02 9.964204758317609656e-01 -5.413960531786476960e-02 -4.604290999999999801e-01 -4.027571717227931836e-01 7.580410554605657159e-02 9.121624845433070616e-01 5.161075099999999694e+00
9.178573168346094713e-01 -3.701948645258243409e-02 3.951803430789015970e-01 2.595291399999999804e+00 6.778493855203249208e-02 9.956341249867791676e-01 -6.417079762094186901e-02 -4.653262000000000231e-01 -3.910794651201574545e-01 8.568691139606891827e-02 9.163594301237554252e-01 5.224423899999999676e+00
9.232475344660308059e-01 -3.518911984548912103e-02 3.825907943833658509e-01 2.621771799999999875e+00 6.688224112690546730e-02 9.953127555536567250e-01 -6.985187509315128607e-02 -4.708367999999999998e-01 -3.783394718030853587e-01 9.007910122046365597e-02 9.212735747860544278e-01 5.288542699999999819e+00
9.328325806347550486e-01 -3.780760418116281552e-02 3.583210314402210939e-01 2.672020900000000143e+00 6.498635792523772825e-02 9.958246802494920003e-01 -6.410912173482045950e-02 -4.832185999999999981e-01 -3.544011142616741994e-01 8.308905627143479966e-02 9.313946848345260321e-01 5.418141799999999897e+00
9.393473182041377489e-01 -2.791472730832156302e-02 3.418294659358617205e-01 2.718600299999999859e+00 5.646253435655920749e-02 9.956697093896891282e-01 -7.384992903101729456e-02 -4.956519999999999815e-01 -3.382877443785523575e-01 8.867129074933986776e-02 9.368558075819978237e-01 5.549092800000000381e+00
9.427639544108081804e-01 -1.456826563813915301e-02 3.331424498619054986e-01 2.763258500000000062e+00 4.557599971520837068e-02 9.952993604808826333e-01 -8.545180674687549716e-02 -5.081752999999999965e-01 -3.303315826766415886e-01 9.574418344026253136e-02 9.389963241800802773e-01 5.678298999999999985e+00
9.458684025322734445e-01 -1.311680816684376687e-02 3.242852362266273047e-01 2.806355500000000003e+00 4.333674284091454387e-02 9.953397236869210296e-01 -8.614384000486721704e-02 -5.219006000000000478e-01 -3.216440451974600379e-01 9.553420222285807784e-02 9.420288341630824736e-01 5.806576299999999691e+00
9.476906015444016562e-01 -1.134198012968929727e-02 3.189888449948490856e-01 2.827207299999999979e+00 3.982387473556209256e-02 9.957611562147846707e-01 -8.290825516703027864e-02 -5.286718000000000250e-01 -3.166963573289979794e-01 9.127474601735617588e-02 9.441251707236761881e-01 5.872257699999999581e+00
9.513348043548842670e-01 -1.134621576493872498e-02 3.079502450248569612e-01 2.868332600000000010e+00 3.681380447789728977e-02 9.963498889348167964e-01 -7.701715795484365135e-02 -5.421087999999999463e-01 -3.059523391362078404e-01 8.460592300420605172e-02 9.482800240275491843e-01 6.002932500000000005e+00
9.553905236556881064e-01 4.262920679755932002e-03 2.953147047070093234e-01 2.907962100000000216e+00 2.058357047294161885e-02 9.965035002317361723e-01 -8.097586462942868435e-02 -5.553354999999999819e-01 -2.946273305983262980e-01 8.344220474781466335e-02 9.519622547828923143e-01 6.136946199999999685e+00
9.575595072149288844e-01 3.122105572612837374e-03 2.882187408880553248e-01 2.928058599999999956e+00 2.217054651920718350e-02 9.961811200884996831e-01 -8.444905473871078261e-02 -5.627130999999999661e-01 -2.873817269927616547e-01 8.725496224293241565e-02 9.538334836619242196e-01 6.203023899999999813e+00
9.635903110751848910e-01 5.769937264042401814e-04 2.673824591858412481e-01 2.984428199999999975e+00 2.192406182006420914e-02 9.964599275986277815e-01 -8.116001603898036210e-02 -5.834886000000000239e-01 -2.664827347415558156e-01 8.406711466665926780e-02 9.601664815625904348e-01 6.401971299999999587e+00
9.656227899045631835e-01 -2.342720378040868967e-04 2.599472499057071118e-01 3.002530099999999980e+00 2.150167862082574821e-02 9.966447787688501592e-01 -7.897381065439526560e-02 -5.900233000000000283e-01 -2.590565680182893016e-01 8.184821359933186491e-02 9.623879490606600529e-01 6.469436599999999871e+00
9.690078517662129576e-01 2.481313187634079029e-03 2.470174615291271802e-01 3.036533599999999833e+00 1.940862623926819380e-02 9.960937475632641869e-01 -8.614262181334135515e-02 -6.033555999999999919e-01 -2.462662957916355588e-01 8.826714649424687031e-02 9.651745036037937542e-01 6.603226199999999935e+00
9.705786896873328518e-01 4.716151361209199727e-03 2.407379592859387463e-01 3.051495300000000022e+00 1.678702595418516894e-02 9.960499915740385068e-01 -8.719294722035407508e-02 -6.103123000000000298e-01 -2.401982574550316218e-01 8.866889083379865533e-02 9.666657255297046447e-01 6.667528199999999572e+00
9.741852015282692623e-01 1.422594046643891122e-03 2.257458069367042630e-01 3.082117100000000054e+00 1.832928619290684347e-02 9.961801904465711344e-01 -8.537602373905479880e-02 -6.245256999999999614e-01 -2.250049563698182653e-01 8.730981839410494050e-02 9.704379244552453487e-01 6.798897300000000143e+00
9.759820424183458520e-01 -7.627853108960139933e-04 2.178496523648442151e-01 3.097443600000000075e+00 2.002078192880288321e-02 9.960760754022426333e-01 -8.620684602875333669e-02 -6.313351000000000379e-01 -2.169290694394674923e-01 8.849785404084861695e-02 9.721676340334990396e-01 6.865011199999999647e+00
9.789242807748370634e-01 2.913714135392281128e-03 2.042027491964911734e-01 3.124983999999999984e+00 1.515225162162503469e-02 9.961060485983900259e-01 -8.685130520894221440e-02 -6.452394999999999659e-01 -2.036606534907094423e-01 8.811498292367245244e-02 9.750682478699109756e-01 6.998442599999999736e+00
9.810524821500917758e-01 2.821975459756855854e-03 1.937216139764693090e-01 3.150290299999999988e+00 1.399288954304390986e-02 9.962505497337836857e-01 -8.537588182484510957e-02 -6.593238999999999628e-01 -1.932361930627382041e-01 8.646894592649014000e-02 9.773345870688204817e-01 7.130589999999999762e+00
9.828618794187019558e-01 8.918384391832538324e-04 1.843413426492692686e-01 3.175541899999999806e+00 1.537756502578556742e-02 9.961063304069532887e-01 -8.680846166746217230e-02 -6.727151999999999576e-01 -1.837009974916158361e-01 8.815544876745798342e-02 9.790212257010536545e-01 7.263768699999999967e+00
9.855872653595640909e-01 -1.551614258097726295e-02 1.684547170027093921e-01 3.212230400000000152e+00 2.947211873350599753e-02 9.963053893004689687e-01 -8.066576391629251552e-02 -6.933626999999999985e-01 -1.665807209085560514e-01 8.446786708712195058e-02 9.824031977000777793e-01 7.463700300000000176e+00
9.869556391609572987e-01 -1.115903611499881321e-02 1.606052372787707405e-01 3.233248000000000122e+00 2.514671971663084288e-02 9.960356487552108895e-01 -8.532660134025774057e-02 -7.062627000000000210e-01 -1.590163790805189659e-01 8.825226525007850986e-02 9.833236134977896281e-01 7.597151799999999788e+00
9.874016820061422006e-01 -7.897844258950020499e-03 1.580365224481439512e-01 3.253159000000000134e+00 2.133891631533964273e-02 9.962763094816886600e-01 -8.353541653714013915e-02 -7.203475000000000295e-01 -1.567882936380400605e-01 8.585533892314411997e-02 9.838934351628045860e-01 7.729634299999999847e+00
9.877106006617130118e-01 -9.413939026652114184e-03 1.560100865087910293e-01 3.274332799999999821e+00 2.118997957292335227e-02 9.970336586461017170e-01 -7.399235293236507138e-02 -7.333402999999999450e-01 -1.548507478386109415e-01 7.638888190549104895e-02 9.849801950369619918e-01 7.863658400000000270e+00
9.880650789211773422e-01 -9.155460519806361830e-03 1.537646817678162137e-01 3.294445500000000138e+00 2.114565277247948405e-02 9.968434718765998293e-01 -7.652420496700616803e-02 -7.459021999999999597e-01 -1.525787048880454244e-01 7.886234918943833827e-02 9.851398219009370738e-01 7.994529199999999669e+00
9.881003867541867658e-01 -5.216454535290664801e-03 1.537218731941156491e-01 3.313801499999999844e+00 1.775840699972386014e-02 9.966102038491667647e-01 -8.032895221870187119e-02 -7.578536999999999635e-01 -1.527817550529469715e-01 8.210292434379895532e-02 9.848435637892638539e-01 8.124651899999999927e+00
9.882252062072172105e-01 -3.141683297143290157e-03 1.529740881416309373e-01 3.323433200000000198e+00 1.541759022187795362e-02 9.967452009312838257e-01 -7.912839144204041053e-02 -7.647880000000000233e-01 -1.522275918762865943e-01 8.055516275518888325e-02 9.850571689120544150e-01 8.189381600000000816e+00
9.883661618582908481e-01 -5.964377113627236833e-03 1.519761701687379618e-01 3.342914100000000222e+00 1.863459241291318472e-02 9.964513081556810592e-01 -8.208253432025905405e-02 -7.774046999999999485e-01 -1.509472823840010414e-01 8.395961338928584206e-02 9.849698986570128989e-01 8.318369900000000428e+00
9.883719274934372745e-01 9.832871531127126627e-03 1.517374297276709028e-01 3.360275000000000123e+00 3.450424246190908050e-03 9.961996597776093809e-01 -8.703064076229945212e-02 -7.908095000000000541e-01 -1.520165369801220190e-01 8.654220066780986265e-02 9.845818503243616293e-01 8.447111100000000761e+00
9.884591074262562005e-01 7.717077409722530347e-03 1.512912411950584068e-01 3.370218799999999959e+00 6.119380850057076597e-03 9.958524057535004248e-01 -9.077741532439417838e-02 -7.972124000000000432e-01 -1.513642828546448993e-01 9.065557165016363550e-02 9.843121563836754184e-01 8.511284800000000317e+00
9.887737176580091436e-01 6.951232207724602173e-03 1.492588879750679498e-01 3.388584900000000122e+00 6.920551878837715755e-03 9.957148235889754506e-01 -9.221765583047340786e-02 -8.114166000000000434e-01 -1.492603136485110837e-01 9.221534826681306030e-02 9.844885414841446636e-01 8.637342500000000811e+00
9.890140670499977249e-01 -1.797576040523803445e-03 1.478104999572127931e-01 3.398098000000000063e+00 1.526194870783233355e-02 9.958240453468242270e-01 -9.000857531772089859e-02 -8.182599999999999874e-01 -1.470314527536953908e-01 9.127562341318122552e-02 9.849114236679727963e-01 8.699797600000000131e+00
9.895436011852877245e-01 -8.101668468386818284e-03 1.440063343095729365e-01 3.408466100000000054e+00 2.064413461129895044e-02 9.960969952579904474e-01 -8.581722288767798523e-02 -8.251602999999999577e-01 -1.427490142151696673e-01 8.789276993035990970e-02 9.858486597518738570e-01 8.763115900000000735e+00
9.897691825657158882e-01 -1.201960763555270928e-02 1.421706519485717579e-01 3.417771300000000068e+00 2.362679564120369335e-02 9.964956227145110867e-01 -8.023869664038499327e-02 -8.318712000000000328e-01 -1.407079946944144733e-01 8.277682612365791504e-02 9.865846427377482630e-01 8.826070800000000105e+00
9.902606004782849025e-01 -1.528482863173500836e-02 1.383846709505250072e-01 3.426506799999999853e+00 2.648281910739641240e-02 9.964875331516178658e-01 -7.944341738324321722e-02 -8.383175999999999961e-01 -1.366843203608647250e-01 8.233450240999677650e-02 9.871871282995877683e-01 8.888063400000000058e+00
9.909770775309312274e-01 -1.527255693573495963e-02 1.331584800637925503e-01 3.435070500000000138e+00 2.672732299030634168e-02 9.960509097852675575e-01 -8.466543168089568638e-02 -8.447763000000000355e-01 -1.313395675873289536e-01 8.746047176059199013e-02 9.874718142131390097e-01 8.949551599999999496e+00
9.917813546622311627e-01 -1.714900335791146729e-02 1.267898112159648594e-01 3.442836499999999855e+00 2.843469310946093731e-02 9.957371056420660782e-01 -8.774442817257155358e-02 -8.511100999999999805e-01 -1.247445901517193756e-01 9.062851720838829839e-02 9.880411221687528389e-01 9.010825199999999313e+00
9.928550628370009790e-01 -1.695304731785635816e-02 1.181161224624876216e-01 3.450364099999999823e+00 2.753896610354755747e-02 9.956886615153027753e-01 -8.857592605111508366e-02 -8.572893999999999792e-01 -1.161052520124843668e-01 9.119585251810233273e-02 9.890413979903035502e-01 9.073461500000000513e+00
9.939018851206274929e-01 -1.966643852688536309e-02 1.085001103655251209e-01 3.456876999999999978e+00 2.889375459509137267e-02 9.960350256001455627e-01 -8.413904398741367530e-02 -8.637061999999999795e-01 -1.064151948692550753e-01 8.676092999377965631e-02 9.905293268387124206e-01 9.134593000000000629e+00
9.950201374408927935e-01 -2.412252888487267932e-02 9.671106290029839181e-02 3.462873699999999832e+00 3.215155036107524011e-02 9.960854096178087813e-01 -8.234157246434808952e-02 -8.701632000000000255e-01 -9.434619174342030734e-02 8.504093335988691105e-02 9.919006178830584997e-01 9.195406000000000191e+00
9.961280505397412943e-01 -2.890429624988129220e-02 8.302679438707537274e-02 3.467963699999999871e+00 3.596727049855315272e-02 9.957423581587877548e-01 -8.487350364666448876e-02 -8.762997000000000147e-01 -8.022008714018265263e-02 8.753112490237721643e-02 9.929265027143479028e-01 9.255849800000000016e+00
9.972279514821640323e-01 -2.877325045835734188e-02 6.861860418827600561e-02 3.472215400000000063e+00 3.467871059313438337e-02 9.956493627350688769e-01 -8.648545263134575778e-02 -8.823974999999999458e-01 -6.583160194226081452e-02 8.862531547651474051e-02 9.938871936202839930e-01 9.316269899999999993e+00
9.980122250717200494e-01 -3.180200523872913493e-02 5.440800557078358246e-02 3.475929499999999894e+00 3.645059032628219370e-02 9.955675419658240877e-01 -8.669846509017778424e-02 -8.887806999999999791e-01 -5.140965932838026387e-02 8.850933197648189199e-02 9.947477796310062459e-01 9.377181099999999603e+00
9.986481528723712975e-01 -3.178736185793316904e-02 4.112700318177563846e-02 3.477814400000000195e+00 3.534931427393725456e-02 9.954042638421010114e-01 -8.899875002115116562e-02 -8.950129000000000001e-01 -3.810895885436105940e-02 9.033224867719032158e-02 9.951822908914521593e-01 9.436078999999999439e+00
9.991769896317633792e-01 -2.976716062691543707e-02 2.755466455281714577e-02 3.478758599999999923e+00 3.227132016023869648e-02 9.949148918770853722e-01 -9.540922291017145396e-02 -9.020801000000000514e-01 -2.457448444061917370e-02 9.621992553218292055e-02 9.950566921764100181e-01 9.494054800000000682e+00
9.996122954398051208e-01 -2.362183779263455491e-02 1.473999948651313896e-02 3.478516299999999895e+00 2.504681054856872785e-02 9.941084124902012098e-01 -1.054567280810296964e-01 -9.086090000000000000e-01 -1.216207576477190341e-02 1.057850320012741346e-01 9.943146438213517069e-01 9.551790199999999231e+00
9.997977056245409555e-01 -2.009110214590359433e-02 9.462782183165391586e-04 3.477719500000000075e+00 2.006833925319730094e-02 9.933078858813566558e-01 -1.137396395524808562e-01 -9.154736999999999458e-01 1.345209099795570884e-03 1.137356208954457409e-01 9.935101403367784245e-01 9.609571499999999489e+00
9.997125417910724954e-01 -2.065225835578734723e-02 -1.217858819563878876e-02 3.476725300000000018e+00 1.912256311281015572e-02 9.932303319579626200e-01 -1.145767657890202351e-01 -9.227414999999999923e-01 1.446241216497902264e-02 1.143109439357457846e-01 9.933397438595161777e-01 9.667990700000000714e+00
9.995369703953205232e-01 -1.768452983083172031e-02 -2.476090098535841527e-02 3.475040700000000093e+00 1.483398857916801671e-02 9.937192619095639445e-01 -1.109142970619421548e-01 -9.302413000000000487e-01 2.656685144644380103e-02 1.104956375363935345e-01 9.935214725860980201e-01 9.725956000000000046e+00
9.992671340129224422e-01 -1.467265780498194089e-02 -3.535403788166155414e-02 3.471845899999999929e+00 1.074783399353682750e-02 9.940108055777628904e-01 -1.087520227816207857e-01 -9.380064999999999653e-01 3.673797689105147424e-02 1.082923427929449317e-01 9.934400281578993352e-01 9.783648499999999970e+00
9.989391753553698017e-01 -1.148279429738142260e-02 -4.459449938566107524e-02 3.468524200000000057e+00 6.262002175841378804e-03 9.932885139985084821e-01 -1.154933560313511354e-01 -9.456105000000000205e-01 4.562139047731293001e-02 1.150915869807984659e-01 9.923067143465057471e-01 9.840709699999999671e+00
9.986497026783227593e-01 -8.713202251421896943e-03 -5.121378180747204745e-02 3.464950099999999811e+00 2.332731683195437503e-03 9.923608770218765862e-01 -1.233468610028900653e-01 -9.529870999999999759e-01 5.189729957706619434e-02 1.230608380554020082e-01 9.910412203504506135e-01 9.897422799999999299e+00
9.984974279556489973e-01 -6.619645737068963545e-03 -5.439730375918687411e-02 3.461364999999999803e+00 -3.063102087024769174e-04 9.919871887672846444e-01 -1.263381315978498176e-01 -9.603277000000000063e-01 5.479774210685679769e-02 1.261649619026426750e-01 9.904946288840213997e-01 9.954675699999999239e+00
9.984829285873733085e-01 -4.066951979515073291e-03 -5.491175849650618834e-02 3.457983700000000216e+00 -2.637752085350075250e-03 9.925906233768293507e-01 -1.214779677486145515e-01 -9.682908999999999544e-01 5.499894165816768266e-02 1.214385206019635566e-01 9.910740649065981067e-01 1.001226139999999987e+01
9.985771372896992126e-01 -2.276142794504684361e-03 -5.327776324404241703e-02 3.454649900000000162e+00 -3.993753844141938701e-03 9.930906992703357750e-01 -1.172813410265584888e-01 -9.765534000000000159e-01 5.317660023489292898e-02 1.173272440515609194e-01 9.916685771923620107e-01 1.006985090000000049e+01
9.987319446827421787e-01 -3.612744163151612210e-03 -5.021404932725263143e-02 3.451784400000000197e+00 -2.166392507406027408e-03 9.934137991449308869e-01 -1.145614700147426362e-01 -9.839094999999999924e-01 5.029721079475483331e-02 1.145249830737666424e-01 9.921462688728015511e-01 1.012678239999999974e+01
9.990338350420533420e-01 -6.363813710922359458e-03 -4.348446062928747191e-02 3.446660300000000010e+00 1.329576089184051485e-03 9.933840054870616276e-01 -1.148322684174822028e-01 -9.986945999999999879e-01 4.392753884057751246e-02 1.146635056045919310e-01 9.924326938457214142e-01 1.024006649999999929e+01
9.992283586052036481e-01 -5.086108318763354896e-03 -3.894635876844216443e-02 3.444303000000000115e+00 6.343282027465643041e-04 9.935407113121234035e-01 -1.134744578886851402e-01 -1.006072899999999937e+00 3.927193637804999443e-02 1.133621915259650642e-01 9.927772804338084178e-01 1.029628469999999929e+01
9.996087736548670000e-01 -2.409245170595033722e-03 -2.786566291909932380e-02 3.440339300000000211e+00 -7.228623524688745135e-04 9.937251109963460838e-01 -1.118475804178134247e-01 -1.020075199999999960e+00 2.796027722023309431e-02 1.118239657363654105e-01 9.933345980004723019e-01 1.040872569999999975e+01
9.997557754015329312e-01 -4.859143762506002578e-03 -2.155871687218311253e-02 3.438988199999999829e+00 2.479443978044391147e-03 9.940315167833417842e-01 -1.090650998210183908e-01 -1.027712500000000029e+00 2.196000703186119438e-02 1.089850098100847431e-01 9.938007978100320550e-01 1.046449469999999948e+01
9.999334475824591673e-01 -1.869598840482456729e-03 -1.138441944207256931e-02 3.437288800000000144e+00 6.005719342681396788e-04 9.938794044918327630e-01 -1.104688582375671496e-01 -1.041428000000000020e+00 1.152127246484270506e-02 1.104546691051836310e-01 9.938143822433116448e-01 1.057444289999999931e+01
9.999894246570877332e-01 -4.357067443772274519e-04 -4.578289377000936688e-03 3.435964300000000193e+00 -9.387644978766192987e-05 9.933607788273722816e-01 -1.150406635702721087e-01 -1.055655800000000033e+00 4.598017094229934001e-03 1.150398767693587981e-01 9.933502327938982246e-01 1.068323419999999935e+01
9.999722389016727497e-01 -6.115355794128382247e-03 -4.257211468459993348e-03 3.436653399999999969e+00 5.585530206259061922e-03 9.933560143599697856e-01 -1.149462073632295800e-01 -1.069259900000000041e+00 4.931863571808782487e-03 1.149192375470131089e-01 9.933625952104911949e-01 1.079174609999999923e+01
9.998316019047905900e-01 -1.002097449533014689e-02 -1.537361059297461148e-02 3.435076000000000018e+00 8.252351665842212747e-03 9.937775205510144261e-01 -1.110771729000226277e-01 -1.083579199999999965e+00 1.639105013364762151e-02 1.109315992746980756e-01 9.936928669150615345e-01 1.089782809999999991e+01
9.990156118863284807e-01 -1.693092494144444668e-02 -4.100184127587407079e-02 3.431614399999999954e+00 1.223474660309492763e-02 9.936112889581316665e-01 -1.121914320726777048e-01 -1.097150400000000081e+00 4.263939707527363010e-02 1.115793450222189453e-01 9.928403353920860486e-01 1.100166130000000031e+01
9.972674774550538412e-01 -1.197275723169691913e-02 -7.289877567356317645e-02 3.423570600000000130e+00 4.245237651220003933e-03 9.944368526288621668e-01 -1.052488674090474030e-01 -1.110099799999999970e+00 7.375334817971521129e-02 1.046517998788048798e-01 9.917703587093175122e-01 1.110382459999999938e+01
9.959533319656040939e-01 -1.121467288467086279e-02 -8.916945474040433028e-02 3.418126800000000021e+00 2.397415898442158307e-03 9.951459985392706598e-01 -9.838035367027198053e-02 -1.116356700000000091e+00 8.983992956153230569e-02 9.776846476941186692e-02 9.911458592724944339e-01 1.115464210000000023e+01
9.922841813556093626e-01 -1.029608242908275177e-02 -1.235560363480548568e-01 3.405254100000000061e+00 -1.247850412975318873e-04 9.964624881146600943e-01 -8.403864711568378998e-02 -1.127516200000000079e+00 1.239842242388998067e-01 8.340563810051748739e-02 9.887726794733578961e-01 1.125533199999999923e+01
9.899835944767149121e-01 -8.546834688260587093e-03 -1.409235050790850208e-01 3.397302900000000125e+00 -2.517836937888601277e-03 9.969383696652250881e-01 -7.815080029274991402e-02 -1.132846000000000020e+00 1.411599913719094879e-01 7.772283259155331192e-02 9.869311111368552769e-01 1.130507369999999945e+01
9.843036222347504305e-01 -8.547234440940937317e-03 -1.762762719113419863e-01 3.378890800000000194e+00 -4.652545295624772176e-03 9.972226779121980966e-01 -7.433225733082982067e-02 -1.142778400000000083e+00 1.764220311577381906e-01 7.398564347923275442e-02 9.815301276482255588e-01 1.140219309999999986e+01
9.810762049930188411e-01 -7.939334096332449978e-03 -1.934591609890906894e-01 3.368460699999999974e+00 -6.387396981190582822e-03 9.972880497437170977e-01 -7.331948580137472027e-02 -1.147328499999999973e+00 1.935166172614144753e-01 7.316770334293760947e-02 9.783648634488153473e-01 1.144964120000000030e+01
