1.000000000000000000e+00 0.000000000000000000e+00 0.000000000000000000e+00 0.000000000000000000e+00 0.000000000000000000e+00 1.000000000000000000e+00 0.000000000000000000e+00 0.000000000000000000e+00 0.000000000000000000e+00 0.000000000000000000e+00 1.000000000000000000e+00 0.000000000000000000e+00
9.994621746467413637e-01 5.243985526633616109e-04 3.278851104525246085e-02 2.492999999999999990e-03 -4.626682575365156144e-04 9.999981064646716877e-01 -1.890239443723856425e-03 -1.268999999999999946e-03 -3.278944019787691233e-02 1.874052621754768513e-03 9.994605247523689062e-01 6.452140000000000652e-02
9.978509986262139586e-01 1.448558768359621335e-03 6.550790958473795556e-02 6.695200000000000110e-03 -1.116053984620660059e-03 9.999863103059398739e-01 -5.112105653830616853e-03 -2.511400000000000004e-03 -6.551441798696686081e-02 5.028009368241378313e-03 9.978389550211105297e-01 1.290632999999999919e-01
9.952179005426794456e-01 -1.952407411306301271e-03 9.766021986828446466e-02 1.374410000000000041e-02 2.863771803761801238e-03 9.999536455633115661e-01 -9.192689252833945168e-03 -4.185600000000000258e-03 -9.763774500917851706e-02 9.428405482554622075e-03 9.951773590268114811e-01 1.929374000000000089e-01
9.916112683412079409e-01 -8.052161017320758063e-03 1.290048650310990086e-01 2.313470000000000110e-02 9.949478917693026919e-03 9.998515157439443746e-01 -1.406962450825152006e-02 -6.025499999999999606e-03 -1.288724189576936630e-01 1.523512938861858873e-02 9.915441444860156883e-01 2.568614000000000175e-01
9.870765887634108671e-01 -1.417735123132440531e-02 1.596208339385934150e-01 3.452619999999999995e-02 1.738338244331071383e-02 9.996738828191076287e-01 -1.870684431427857217e-02 -8.079799999999999829e-03 -1.593035653399444140e-01 2.123983807454106129e-02 9.870011364474456927e-01 3.206066000000000193e-01
9.819130189982804291e-01 -1.973555176680404782e-02 1.883011713137819343e-01 4.798899999999999694e-02 2.436949070225876562e-02 9.994536969436375040e-01 -2.232567106736258258e-02 -1.062770000000000034e-02 -1.877576923712980239e-01 2.651067072247220366e-02 9.818575422602047187e-01 3.838997000000000104e-01
9.759702619070871332e-01 -2.761303358462468757e-02 2.161470986371692715e-01 6.327480000000000604e-02 3.393758527126508606e-02 9.990959559285097491e-01 -2.560295204176474271e-02 -1.320920000000000080e-02 -2.152447169594817467e-01 3.232323040093120631e-02 9.760250614597356655e-01 4.460228999999999999e-01
9.696571049775704054e-01 -3.201407781639202532e-02 2.423637711954552132e-01 8.004600000000000604e-02 4.133812381083833143e-02 9.985840226276614384e-01 -3.348296988855529316e-02 -1.673979999999999912e-02 -2.409486631760316966e-01 4.248586322912711183e-02 9.696074943704586779e-01 5.080004000000000186e-01
9.627234135426626649e-01 -3.278061300815775930e-02 2.684940603208434418e-01 9.787540000000000129e-02 4.711884545931521034e-02 9.977767192812494468e-01 -4.713207891582858050e-02 -2.050580000000000111e-02 -2.663521042142232842e-01 5.802628603621052400e-02 9.621275937782366450e-01 5.694544999999999746e-01
9.553451834208431803e-01 -2.839764229696003020e-02 2.941243859773773894e-01 1.171906000000000059e-01 4.924423803434588298e-02 9.967524960131757261e-01 -6.371394440717664809e-02 -2.500140000000000001e-02 -2.913598900586901741e-01 7.535274118091536688e-02 9.536411163857764217e-01 6.302529999999999522e-01
9.471575005003696202e-01 -2.281511123218570025e-02 3.199564657033131532e-01 1.376793000000000045e-01 5.041890243222429957e-02 9.956575154143975093e-01 -7.825628585844565666e-02 -2.983879999999999866e-02 -3.167816338164545220e-01 9.025288193898248212e-02 9.441947965215048422e-01 6.902188999999999686e-01
9.384042309144466909e-01 -2.193943165187994121e-02 3.448422258666393736e-01 1.603576999999999919e-01 5.529669902871515302e-02 9.946553799664008544e-01 -8.719489767424802584e-02 -3.556159999999999877e-02 -3.410861686999248077e-01 1.008926976678063553e-01 9.346019950112021135e-01 7.495022000000000073e-01
9.292013994061014692e-01 -2.162758893641954921e-02 3.689403837187519852e-01 1.844223000000000112e-01 5.858278528641825550e-02 9.942841112282511107e-01 -8.925896832885892029e-02 -4.211789999999999978e-02 -3.649011052461038074e-01 1.045531135636050130e-01 9.251571919594679949e-01 8.082664999999999988e-01
9.197547372977891156e-01 -2.465118120405652632e-02 3.917187032597750362e-01 2.103364000000000067e-01 6.331777529925509962e-02 9.942724545898067312e-01 -8.609962470948161195e-02 -4.893890000000000046e-02 -3.873526591485179638e-01 1.039932945396255110e-01 9.160476582260154155e-01 8.668911999999999729e-01
9.105774985531930321e-01 -2.928559355610841838e-02 4.122996157391807248e-01 2.376059000000000088e-01 6.761096611876069029e-02 9.946049946197481617e-01 -7.867440459220864657e-02 -5.549430000000000335e-02 -4.077712304578358093e-01 9.951511788425498883e-02 9.076449553230522271e-01 9.248807000000000000e-01
9.018073105581041471e-01 -3.770451593089205189e-02 4.304903530886332597e-01 2.662889999999999979e-01 7.617702375487860056e-02 9.944565658044061118e-01 -7.247896094975073145e-02 -6.157680000000000098e-02 -4.253711740066640212e-01 9.815553069961946431e-02 8.996804188806536429e-01 9.818491999999999775e-01
8.948975306835762478e-01 -3.946641653255412996e-02 4.445231282425208263e-01 2.945236999999999994e-01 7.911944024153012844e-02 9.943335236009239742e-01 -7.099970436021242615e-02 -6.733569999999999833e-02 -4.392021445215228415e-01 9.870788119218019963e-02 8.929491757307611577e-01 1.037494899999999998e+00
8.889324302806693723e-01 -4.162509702605214634e-02 4.561430539785459315e-01 3.236646000000000245e-01 8.372216859674487532e-02 9.938508356916982978e-01 -7.246457672802153471e-02 -7.340119999999999978e-02 -4.503218103542855344e-01 1.026053979695261409e-01 8.869511820989666173e-01 1.092932199999999909e+00
8.785124782991687864e-01 -3.307384184250455883e-02 4.765731281329544933e-01 3.824415999999999927e-01 7.882443751451137515e-02 9.939624308718751911e-01 -7.632426917955800749e-02 -8.442399999999999904e-02 -4.711714481196556115e-01 1.046174316309176622e-01 8.758154254611967282e-01 1.201830600000000082e+00
8.722102640928435235e-01 -3.289628458244411857e-02 4.880236568771672001e-01 4.115407999999999844e-01 7.896230624438431434e-02 9.941188112751103700e-01 -7.411304380154436211e-02 -9.042459999999999387e-02 -4.827154538686950769e-01 1.031776309557086851e-01 8.696781974194290887e-01 1.254734800000000039e+00
8.627091612254952357e-01 -3.565615899368684144e-02 5.044418117716048533e-01 4.747467000000000215e-01 8.503908514549354813e-02 9.935351144547782676e-01 -7.520857891855135813e-02 -1.012860000000000010e-01 -4.984990041466680344e-01 1.077804002179774540e-01 8.601640123799836335e-01 1.361585499999999893e+00
8.607233834387272298e-01 -3.353959422180079891e-02 5.079668816185033409e-01 5.383525000000000116e-01 8.602618651135460204e-02 9.930598049482499690e-01 -8.019799891803666703e-02 -1.124470000000000053e-01 -5.017516840391303967e-01 1.127267466734524493e-01 8.576350786601000253e-01 1.469789100000000071e+00
8.661870725038529617e-01 -3.406034368276290858e-02 4.985577683833811724e-01 6.037069000000000463e-01 8.505779178986214162e-02 9.931650344454189261e-01 -7.992738210940135424e-02 -1.238274999999999931e-01 -4.924277891052022404e-01 1.116382879806111367e-01 8.631638113207252827e-01 1.583010900000000110e+00
8.745347974063429897e-01 -3.241414586859969055e-02 4.838783021308724619e-01 6.689081999999999528e-01 8.151373642005579900e-02 9.933934094933171144e-01 -8.077774910261217856e-02 -1.363255999999999912e-01 -4.780631745912755637e-01 1.100856808256734098e-01 8.713993022586485893e-01 1.700946800000000092e+00
8.810356723506816978e-01 -2.700747689923489389e-02 4.722782445096529447e-01 7.371973000000000553e-01 7.411909626506306414e-02 9.939191479251677785e-01 -8.143148627256423244e-02 -1.493547000000000069e-01 -4.672071313822516725e-01 1.067488809273699074e-01 8.776799945346376308e-01 1.827900599999999987e+00
8.819905468167646978e-01 -2.118442639722865201e-02 4.707907129543709712e-01 8.061907999999999852e-01 6.640497792927535503e-02 9.946086167797045796e-01 -7.964972274763640336e-02 -1.627730000000000010e-01 -4.665651661151709040e-01 1.015131494230343268e-01 8.786421491495498559e-01 1.958439400000000052e+00
8.813222968426452919e-01 -2.144428338991406779e-02 4.720287616214686177e-01 8.764963999999999533e-01 6.596929279015745218e-02 9.947700294133940968e-01 -7.797846490949600362e-02 -1.764034999999999909e-01 -4.678878727823266304e-01 9.986356337908275371e-02 8.781276713624626140e-01 2.090160099999999854e+00
8.810708859763848322e-01 -2.251778909128250919e-02 4.724479262937119062e-01 9.487333000000000016e-01 6.624289786863553353e-02 9.948959319668230217e-01 -7.611808614141574170e-02 -1.906375999999999904e-01 -4.683225089260110163e-01 9.836174932516697500e-02 8.780654838353112446e-01 2.225027600000000216e+00
8.809215068971314455e-01 -2.163028467784496728e-02 4.727678388710916946e-01 1.021840300000000035e+00 6.450497853574838070e-02 9.951202359449865531e-01 -7.466474239490131226e-02 -2.051124000000000003e-01 -4.688458237312024823e-01 9.626965668137452137e-02 8.780180788413530779e-01 2.361949399999999866e+00
8.814156362607307171e-01 -2.018293275503505249e-02 4.719100818805390674e-01 1.096277200000000063e+00 6.260966504764456375e-02 9.952630543806687546e-01 -7.437393647968260080e-02 -2.186632000000000020e-01 -4.681735853267601222e-01 9.510048270260168524e-02 8.785040649832072113e-01 2.500512800000000091e+00
8.832888969908034849e-01 -2.284459533293385983e-02 4.682721953275085225e-01 1.169639600000000002e+00 6.299331947408430554e-02 9.955380579917928463e-01 -7.025536841811981514e-02 -2.328851999999999867e-01 -4.645778364864231458e-01 9.155380687882012924e-02 8.807867700480008777e-01 2.637896099999999855e+00
8.858146240290020179e-01 -2.371328825967326803e-02 4.634329852484298518e-01 1.242608300000000110e+00 6.262664756251117015e-02 9.956656724338563969e-01 -6.875879399696907535e-02 -2.458134999999999903e-01 -4.597938177829697382e-01 8.993079948910862043e-02 8.834602970319668236e-01 2.778423300000000040e+00
8.870330229972119840e-01 -2.273070261309731790e-02 4.611461062083713203e-01 1.349306600000000023e+00 6.263088427589864893e-02 9.954791948278571834e-01 -7.140409651903850685e-02 -2.668428999999999940e-01 -4.574382892229798547e-01 9.221978000188521540e-02 8.844465635238555334e-01 2.983822599999999881e+00
8.830454403032637067e-01 -1.761645097333568166e-02 4.689567261642796914e-01 1.420163899999999924e+00 5.981232783926276886e-02 9.953703490274631305e-01 -7.523532225886225833e-02 -2.809114999999999807e-01 -4.654602408348791909e-01 9.448560171820022391e-02 8.800109290627508019e-01 3.121114299999999897e+00
8.770346929305474770e-01 -2.241423236279885614e-02 4.799038961956933469e-01 1.493889199999999917e+00 6.314829811589628417e-02 9.956227094817314827e-01 -6.890364873736068430e-02 -2.950793999999999917e-01 -4.762587950277519799e-01 9.073600471611120710e-02 8.746110779122749923e-01 3.256217200000000034e+00
8.715217074820582610e-01 -2.063564792695421132e-02 4.899225279798760657e-01 1.568286099999999905e+00 6.263706337919047740e-02 9.956142947394136522e-01 -6.948938337452208180e-02 -3.088469999999999827e-01 -4.863399137216571355e-01 9.124881448640755066e-02 8.689920265319103221e-01 3.388695999999999930e+00
8.658036088092253557e-01 -1.731693504740260819e-02 5.000842276391908037e-01 1.642365800000000098e+00 6.190931980865520962e-02 9.954294519269930586e-01 -7.271480149980454055e-02 -3.219777999999999807e-01 -4.965393711416564715e-01 9.391661193255622375e-02 8.629184914633352133e-01 3.518739000000000061e+00
8.615106473444260615e-01 -1.647423413703245215e-02 5.074721707855379682e-01 1.717245200000000027e+00 6.153463507341636746e-02 9.954939764100849686e-01 -7.214729113153597884e-02 -3.350767000000000051e-01 -5.039969178462994082e-01 9.338277432607883233e-02 8.586423960302653757e-01 3.647546300000000130e+00
8.599492706696627575e-01 -2.143788848995343069e-02 5.099290821396710305e-01 1.755319199999999968e+00 6.264470457326497266e-02 9.959963705455248117e-01 -6.377202246338109504e-02 -3.408698000000000006e-01 -5.065203775403744890e-01 8.678506091046978010e-02 8.578493226313830267e-01 3.711595299999999931e+00
8.576327485353490987e-01 -2.810137303034521486e-02 5.134942857262504434e-01 1.831249700000000091e+00 6.302651479302097404e-02 9.967222069032121157e-01 -5.071982550281164265e-02 -3.530609000000000108e-01 -5.103858609647683453e-01 7.586273854666690519e-02 8.565927374356219204e-01 3.839283200000000118e+00
8.559605464087776117e-01 -2.303488120612089476e-02 5.165277700563706276e-01 1.905069099999999960e+00 6.500968040343861609e-02 9.958737261177361688e-01 -6.331874195069701894e-02 -3.629050999999999805e-01 -5.129378953103678196e-01 8.777765020890047898e-02 8.539261090272238786e-01 3.963667599999999958e+00
8.556185890929273175e-01 -3.060287365077462435e-02 5.167013587392076390e-01 1.981485500000000011e+00 7.389359127372982505e-02 9.952477631062619512e-01 -6.341630074872642298e-02 -3.745476999999999834e-01 -5.123051504399497302e-01 9.244108478537388374e-02 8.538138431042237020e-01 4.087117700000000298e+00
8.563330242571119966e-01 -3.246326360946459599e-02 5.154026465613956720e-01 2.056011699999999998e+00 7.115891272533036993e-02 9.959197472881120561e-01 -5.550014505685554878e-02 -3.855297999999999781e-01 -5.114979576757050506e-01 8.420209900831215899e-02 8.551490196545729061e-01 4.211353299999999855e+00
8.568665815262070939e-01 -3.274481347223248684e-02 5.144972678783246156e-01 2.092442800000000158e+00 6.790463106102792579e-02 9.964545044133690244e-01 -4.967274619721325640e-02 -3.907765000000000266e-01 -5.110465952768470377e-01 7.749966338620950523e-02 8.560520893210685767e-01 4.273157099999999708e+00
8.585639828555524655e-01 -2.096122814454952354e-02 5.122777706068094572e-01 2.164393200000000128e+00 5.233557360977486583e-02 9.975277974563291350e-01 -4.689649279914863411e-02 -4.007691999999999921e-01 -5.100283081145070563e-01 6.707399061183781652e-02 8.575384566917431117e-01 4.397738499999999995e+00
8.597734740298578204e-01 -2.468458745553944039e-02 5.100786650084271345e-01 2.201323299999999872e+00 5.572777182698240156e-02 9.974011774062989666e-01 -4.566515910109526788e-02 -4.055919000000000052e-01 -5.076258354357362501e-01 6.768723993987628418e-02 8.589146923574496606e-01 4.459528899999999574e+00
8.615201508224075155e-01 -2.767953416002035677e-02 5.069683156920365974e-01 2.238130299999999906e+00 5.985582778403602394e-02 9.970868241802215426e-01 -4.727731936656134892e-02 -4.103956999999999744e-01 -5.041828136769677116e-01 7.107537150718441776e-02 8.606671725806043227e-01 4.521033300000000033e+00
8.646376285615251511e-01 -2.831467680914158402e-02 5.015974983517123009e-01 2.273441099999999881e+00 6.164319017888733598e-02 9.968457034084484691e-01 -4.998760547060658588e-02 -4.148982999999999977e-01 -4.985999281789675885e-01 7.414123463572311334e-02 8.636557120442259761e-01 4.582140899999999739e+00
8.688525422934251230e-01 -3.267311637368922050e-02 4.939916266665692612e-01 2.308831500000000148e+00 6.611834602754149137e-02 9.965391461507917548e-01 -5.037950483711776256e-02 -4.193551999999999835e-01 -4.906359384195516649e-01 7.643427016386199202e-02 8.680058630422283761e-01 4.643987700000000274e+00
8.731136599616985405e-01 -3.969683943910259916e-02 4.858978264273606795e-01 2.343730700000000056e+00 7.316038952637866910e-02 9.960617038977043203e-01 -5.008631981639892483e-02 -4.246433000000000013e-01 -4.819959483155806801e-01 7.927952426035465849e-02 8.725793160741410759e-01 4.705403800000000025e+00
8.788138714042691424e-01 -3.718031409732443227e-02 4.757139935623767579e-01 2.377032499999999882e+00 6.992972860252719136e-02 9.962307908612941798e-01 -5.132294221356886732e-02 -4.291972000000000009e-01 -4.720127249185318563e-01 7.836986400080542259e-02 8.781014474031333394e-01 4.767446999999999768e+00
8.847945980688723955e-01 -3.604950183113217466e-02 4.645847098709443013e-01 2.409273600000000126e+00 6.721778899324387657e-02 9.964495568473260567e-01 -5.069565564845973649e-02 -4.338230000000000142e-01 -4.611076751378164196e-01 7.608359926090946246e-02 8.840763529540325294e-01 4.830195899999999654e+00
8.906634387631752192e-01 -3.760475549190576972e-02 4.531054195382677174e-01 2.440490500000000118e+00 6.641146581338894239e-02 9.966453163801533011e-01 -4.782918090476955680e-02 -4.383967999999999754e-01 -4.497867895559768958e-01 7.269109781739496734e-02 8.901729316481317156e-01 4.893153700000000050e+00
8.963016938030412550e-01 -3.755031267811041046e-02 4.418520654060311137e-01 2.471205499999999944e+00 6.541762803016382133e-02 9.967029923249398626e-01 -4.799665648165574172e-02 -4.430677000000000088e-01 -4.385929862967561932e-01 7.192439856048210567e-02 8.958030326265961074e-01 4.956296000000000035e+00
9.018550361486766809e-01 -3.900393326426133261e-02 4.302745483562631090e-01 2.500535999999999870e+00 6.569532937905495085e-02 9.967158420052494305e-01 -4.734610853643697603e-02 -4.478346000000000271e-01 -4.270147743006635910e-01 7.096635460331633671e-02 9.014555779644772837e-01 5.019811599999999707e+00
9.076550874711039052e-01 -4.015406224586618583e-02 4.177916866968248710e-01 2.530131100000000188e+00 6.661773457833750078e-02 9.965773181372694633e-01 -4.894615831684717006e-02 -4.522872000000000003e-01 -4.143963315806172831e-01 7.225856530185743865e-02 9.072234455265385522e-01 5.083467999999999876e+00
9.133256721208452555e-01 -3.828786692129670238e-02 4.054260177783650110e-01 2.558524400000000032e+00 6.578682029025489930e-02 9.963657008593230779e-01 -5.410623279445247319e-02 -4.576451000000000269e-01 -4.018809661094983610e-01 7.608830000549922368e-02 9.125252104359469207e-01 5.147071399999999741e+00
9.180363983750750023e-01 -3.811976721987112016e-02 3.946594159596644724e-01 2.584821900000000117e+00 6.883533405420434736e-02 9.955756503224114651e-01 -6.395952838126284234e-02 -4.625833999999999779e-01 -3.904751823665195687e-01 8.588368781212360470e-02 9.165986712425581162e-01 5.210151699999999941e+00
9.236027267407456165e-01 -3.566719776690522453e-02 3.816881635059121702e-01 2.611471900000000179e+00 6.727045497954201037e-02 9.952920574054311409e-01 -6.977396615149045189e-02 -4.679209999999999758e-01 -3.774025556933933157e-01 9.011976181238159911e-02 9.216538067446879978e-01 5.273950600000000044e+00
9.285102123107707994e-01 -3.504176839130414972e-02 3.696496450730306638e-01 2.636878299999999786e+00 6.442964262189057600e-02 9.956398377705110159e-01 -6.745468550016481268e-02 -4.737133000000000038e-01 -3.656741811862341818e-01 8.644875888247835483e-02 9.267194857676492870e-01 5.338466200000000050e+00
9.331977680053274993e-01 -3.798227860175978909e-02 3.573503495200379687e-01 2.661492599999999875e+00 6.501592108670793679e-02 9.958336779582931397e-01 -6.393915740221797761e-02 -4.803069999999999840e-01 -3.534329579922081965e-01 8.290134110059341199e-02 9.317792184034805469e-01 5.403217800000000182e+00
9.369102658533059458e-01 -3.458354177589244294e-02 3.478550450646401559e-01 2.684686399999999917e+00 6.148075748439139898e-02 9.958850417633993146e-01 -6.658152935355306223e-02 -4.862138999999999767e-01 -3.441210109799068828e-01 8.376731003289826505e-02 9.351811415827520069e-01 5.467685699999999649e+00
9.396343038680171622e-01 -2.812743379427228019e-02 3.410223195959695697e-01 2.707210499999999964e+00 5.651043749298442775e-02 9.956868442877266911e-01 -7.358178148631405735e-02 -4.925981999999999861e-01 -3.374817705429706272e-01 8.841128649950186214e-02 9.371710083921102052e-01 5.532431599999999783e+00
9.430198548202486375e-01 -1.376233463854040565e-02 3.324517281652992207e-01 2.751542600000000061e+00 4.466895164789549955e-02 9.953361004054044336e-01 -8.550281859939239115e-02 -5.046585999999999572e-01 -3.297244882829832857e-01 9.548112575299612381e-02 9.392364539621880226e-01 5.661515200000000192e+00
9.460769476202013362e-01 -1.325929855189414072e-02 3.236705117608870697e-01 2.794815100000000108e+00 4.334538856824418640e-02 9.953585488714631335e-01 -8.592168805582810209e-02 -5.188768999999999743e-01 -3.210289495847855057e-01 9.531815247059106933e-02 9.422605071518610487e-01 5.790293199999999807e+00
9.479881177330541364e-01 -1.165042335880873449e-02 3.180924335354451404e-01 2.815671000000000035e+00 4.000339935379608469e-02 9.957672578418899079e-01 -8.274839122414309744e-02 -5.253797000000000050e-01 -3.157819764918222694e-01 9.116927029215304845e-02 9.444415850000013046e-01 5.855048700000000217e+00
9.517001104086875163e-01 -1.172836389882168234e-02 3.068050607932483187e-01 2.857022300000000126e+00 3.703529094279138512e-02 9.963588948208298435e-01 -7.679413998605209846e-02 -5.388182999999999723e-01 -3.047872816783449013e-01 8.444760619266473978e-02 9.486692335769374429e-01 5.985461700000000107e+00
9.556829854071113850e-01 3.162238722378002409e-03 2.943807596457582165e-01 2.895251800000000042e+00 2.147486388329998205e-02 9.965296161036615308e-01 -8.042110698991158935e-02 -5.520741000000000120e-01 -2.936134561367116924e-01 8.317887036111851207e-02 9.522984899184202545e-01 6.116819399999999796e+00
9.599274748490074227e-01 4.036634653568679093e-04 2.802482472484260079e-01 2.933887700000000098e+00 2.502396204029076754e-02 9.958809947799591722e-01 -8.714841111509158411e-02 -5.657183999999999546e-01 -2.791290818847335098e-01 9.066907571981566716e-02 9.559634273100097168e-01 6.245646500000000323e+00
9.657893925551643832e-01 -1.019480201250604415e-03 2.593256830474875430e-01 2.987410800000000144e+00 2.211116303256369792e-02 9.966744698317947515e-01 -7.842893378631551893e-02 -5.861235999999999668e-01 -2.583833309199223272e-01 8.147982477662879530e-02 9.626001726870277997e-01 6.443281700000000001e+00
9.675659862096208652e-01 1.786519682358019348e-03 2.526120952718384216e-01 3.004468899999999998e+00 1.963261975252423436e-02 9.964187817048609785e-01 -8.224458466946835133e-02 -5.930459000000000147e-01 -2.518543677839569228e-01 8.453649988747524713e-02 9.640658471364486060e-01 6.509032699999999672e+00
9.708720869438139944e-01 3.279331239300998201e-03 2.395759520068451998e-01 3.036081600000000158e+00 1.794205780277903853e-02 9.961037893677731070e-01 -8.634421444986860317e-02 -6.067120000000000291e-01 -2.389256649151886014e-01 8.812767325753077807e-02 9.670305268454811864e-01 6.640131000000000228e+00
9.725960502522260631e-01 2.659354793404844486e-03 2.324862380138920936e-01 3.051791399999999932e+00 1.779420809973533690e-02 9.961503619176443891e-01 -8.583602163106950067e-02 -6.137382000000000115e-01 -2.318195185739816144e-01 8.762068410728664214e-02 9.688045863458215612e-01 6.706864799999999960e+00
9.761721332014812180e-01 -3.829065648918925091e-03 2.169638325093052045e-01 3.082351000000000063e+00 2.286531099375898463e-02 9.960931643457237028e-01 -8.529704272061158776e-02 -6.280310000000000059e-01 -2.157895824965335441e-01 8.822554165308038598e-02 9.724459418836567393e-01 6.841319099999999764e+00
9.790485535654829263e-01 1.791345410394963415e-03 2.036190581526110543e-01 3.109453400000000034e+00 1.594826903923899850e-02 9.962150444545190275e-01 -8.544728150814806522e-02 -6.427517000000000369e-01 -2.030014346648510437e-01 8.690440888758929616e-02 9.753143294548229925e-01 6.974726699999999724e+00
9.811307546335780172e-01 2.194747189655117496e-03 1.933329392445043704e-01 3.135086300000000215e+00 1.442486621192344901e-02 9.963178719968700525e-01 -8.451402945308304770e-02 -6.560730000000000173e-01 -1.928065495436133425e-01 8.570811527738771141e-02 9.774864466726298495e-01 7.108405600000000213e+00
9.830960417093073112e-01 3.618125986896468874e-04 1.830902560682440838e-01 3.162020899999999912e+00 1.570964651969754267e-02 9.961435217492101701e-01 -8.632086122894545854e-02 -6.692778000000000338e-01 -1.824154044529077701e-01 8.773798019514771063e-02 9.792990692579860434e-01 7.243393900000000052e+00
9.857287432998789178e-01 -1.571369318172332816e-02 1.676064571519609026e-01 3.198550200000000121e+00 2.945538219525764903e-02 9.963740221809206377e-01 -7.981972427129636893e-02 -6.906624000000000096e-01 -1.657444571989445115e-01 8.361750875029190511e-02 9.826173655794111506e-01 7.445953799999999845e+00
9.870777465480263801e-01 -1.145227359014880722e-02 1.598323111867137047e-01 3.219882999999999829e+00 2.524955754521337678e-02 9.960982806338855022e-01 -8.456166484872407185e-02 -7.034342000000000095e-01 -1.582402670417396018e-01 8.750463272212138932e-02 9.835156110294973608e-01 7.580812500000000398e+00
9.874418438126526532e-01 -8.202645793208798719e-03 1.577698377062616841e-01 3.239631199999999822e+00 2.157558796558381453e-02 9.962961432609853674e-01 -8.323754517779463624e-02 -7.172718999999999623e-01 -1.565027127298704301e-01 8.559621209654783014e-02 9.839614775909240052e-01 7.715238099999999655e+00
9.878305563683199564e-01 -1.018166575690568343e-02 1.552002757325837423e-01 3.261261499999999813e+00 2.181820978014516882e-02 9.970594948220741216e-01 -7.345971349753431523e-02 -7.305618000000000389e-01 -1.539959662687465924e-01 7.595194182879659583e-02 9.851479812218010279e-01 7.849985600000000119e+00
9.881695791566148523e-01 -1.001786572757102853e-02 1.530376594035048610e-01 3.281242799999999793e+00 2.186725900877063353e-02 9.968724069013584765e-01 -7.594226321446892469e-02 -7.431320999999999621e-01 -1.517982404801917762e-01 7.839034841711509105e-02 9.852980500651369322e-01 7.981238399999999622e+00
9.881322703502103399e-01 -5.054225680231415330e-03 1.535222169437116813e-01 3.300141099999999827e+00 1.748159697124467352e-02 9.966650513653390053e-01 -7.970676981449570375e-02 -7.548521000000000258e-01 -1.526073722330404114e-01 8.144464494182121483e-02 9.849252559206850277e-01 8.111774399999999829e+00
9.883273679342735596e-01 -3.469058491893642696e-03 1.523055462722575637e-01 3.309925300000000181e+00 1.564314431978754832e-02 9.967671690503365767e-01 -7.880674298033125968e-02 -7.616150000000000420e-01 -1.515397829875088087e-01 8.026939850626459150e-02 9.851865396134588115e-01 8.175619100000000472e+00
9.884645204793158779e-01 -5.836656107765058991e-03 1.513400977899632405e-01 3.329141900000000209e+00 1.839570561611473046e-02 9.964856277656880534e-01 -8.171897987192261459e-02 -7.739949999999999886e-01 -1.503312667693623428e-01 8.356032014001704700e-02 9.850980576214819484e-01 8.303721400000000585e+00
9.884839988294638058e-01 3.324716222851883778e-03 1.512888968832481751e-01 3.337869899999999834e+00 9.531543288076614606e-03 9.964055102407928244e-01 -8.417368261121047079e-02 -7.806189999999999518e-01 -1.510249441008342519e-01 8.464635505337947396e-02 9.848992135419324390e-01 8.368023900000000737e+00
9.885055205597902406e-01 9.391126891488514594e-03 1.508928181144683911e-01 3.346331600000000073e+00 3.785054224705728786e-03 9.962187592504004874e-01 -8.679779422375107079e-02 -7.871848000000000178e-01 -1.511373851412486091e-01 8.637123626127253539e-02 9.847321972797300482e-01 8.431508100000000283e+00
9.885636240007777964e-01 7.371630197356523161e-03 1.506241028875600629e-01 3.355847400000000036e+00 6.274309145458313412e-03 9.959291940553121059e-01 -8.992037295898926141e-02 -7.938302000000000413e-01 -1.506738011307741654e-01 8.983707195011382540e-02 9.844931214367289574e-01 8.494782400000000067e+00
9.886227273367831359e-01 6.073322917587990755e-03 1.502937714674799363e-01 3.365121400000000040e+00 7.660328445713038628e-03 9.958550505716566859e-01 -9.063132802197522431e-02 -8.007796000000000358e-01 -1.502212447068795587e-01 9.075149034402558990e-02 9.844784124799558223e-01 8.557784099999999228e+00
9.888401075260653261e-01 7.258701016191007084e-03 1.488037398972120728e-01 3.373994600000000066e+00 6.507212026801820377e-03 9.957547811055723619e-01 -9.181542406933593248e-02 -8.076978000000000213e-01 -1.488384961610330071e-01 9.175907129516566729e-02 9.845950309114762655e-01 8.620274500000000728e+00
9.890889523845450837e-01 -1.455749561874691844e-03 1.473123384651006951e-01 3.383640499999999829e+00 1.480609354139219430e-02 9.958704467694066143e-01 -8.957026764136670482e-02 -8.145025000000000182e-01 -1.465736124440099319e-01 9.077408244931821357e-02 9.850260108700671369e-01 8.682512300000000849e+00
9.896341994967507993e-01 -7.382703966967295306e-03 1.434212218207664702e-01 3.393740199999999874e+00 1.982147755097418348e-02 9.961414141254788523e-01 -8.549498284570559992e-02 -8.212730999999999781e-01 -1.422366345711314761e-01 8.745157943815191903e-02 9.859619470545762931e-01 8.744827300000000747e+00
9.898761790601052768e-01 -1.213589567673704905e-02 1.414138259347004212e-01 3.403009400000000184e+00 2.359483309838339427e-02 9.965445162808521662e-01 -7.963862707017219100e-02 -8.280364000000000058e-01 -1.399586866915584760e-01 8.216901549054780873e-02 9.867420224723827404e-01 8.807011599999999163e+00
9.903570548478168867e-01 -1.538302452912500978e-02 1.376817579401664327e-01 3.411656900000000103e+00 2.645900361055199268e-02 9.965248939005957318e-01 -7.898137099559116026e-02 -8.343968999999999969e-01 -1.359883268560027336e-01 8.186268009748245977e-02 9.873224785074845578e-01 8.869022400000000417e+00
9.910496533696782073e-01 -1.543824596153288778e-02 1.325980584981243937e-01 3.419992199999999816e+00 2.675560057838799119e-02 9.961066467022055004e-01 -8.399813232076953906e-02 -8.408877999999999631e-01 -1.307850235827121566e-01 8.679406061084456170e-02 9.876042064760308659e-01 8.930172900000000524e+00
9.918448668449055816e-01 -1.708476575945351919e-02 1.263007161197274297e-01 3.427571100000000204e+00 2.827081863718738583e-02 9.957797588095922414e-01 -8.731227152407375347e-02 -8.470638000000000334e-01 -1.242759869282663576e-01 9.017085296288887553e-02 9.881420425975966371e-01 8.991262400000000099e+00
9.928948629662651681e-01 -1.661079852204639176e-02 1.178298454028576109e-01 3.434859299999999838e+00 2.711114155734857187e-02 9.957444320554161843e-01 -8.807957784920339428e-02 -8.532174000000000147e-01 -1.158653403682859268e-01 9.064826199710865340e-02 9.891198691251958941e-01 9.053725200000000584e+00
9.939437594166270484e-01 -1.926018839071536037e-02 1.081889470320160362e-01 3.441300899999999885e+00 2.842303421532189900e-02 9.960771274000016495e-01 -8.380028279519990964e-02 -8.595093999999999790e-01 -1.061505263422506951e-01 8.636782626484812431e-02 9.905920776704950637e-01 9.114835700000000429e+00
9.950569439238298175e-01 -2.409263189728042681e-02 9.633910647930229998e-02 3.447090399999999999e+00 3.204837827642889603e-02 9.961246920954720530e-01 -8.190542868181399649e-02 -8.660742999999999636e-01 -9.399244543482801473e-02 8.458807768215886869e-02 9.919729216643052849e-01 9.175320599999999160e+00
9.961583199513577291e-01 -2.883274376811233164e-02 8.268781336140595961e-02 3.452379699999999829e+00 3.581779269217563733e-02 9.957985037331221756e-01 -8.427589032181959094e-02 -8.722896999999999457e-01 -7.991049567077315730e-02 8.691382427253685483e-02 9.930056897278957129e-01 9.236176499999999123e+00
9.972707655246889624e-01 -2.840493609978584147e-02 6.814821960233409526e-02 3.456572500000000048e+00 3.423303826020118734e-02 9.957122585101185752e-01 -8.593717091081361226e-02 -8.782626000000000044e-01 -6.541497780536557893e-02 8.803554883026441791e-02 9.939671135509854372e-01 9.296332400000000717e+00
9.980503238813388522e-01 -3.057292067458442300e-02 5.441367035755136777e-02 3.459775200000000162e+00 3.519833105853147071e-02 9.956573228874356918e-01 -8.618336771859487488e-02 -8.844271000000000216e-01 -5.154249209194986664e-02 8.793060844808302245e-02 9.947922293659622328e-01 9.356064800000000403e+00
9.986739093967336167e-01 -3.124908347166718836e-02 4.091353654263313322e-02 3.461923099999999920e+00 3.476467335911910539e-02 9.954920831292404237e-01 -8.824358284452794854e-02 -8.907975999999999672e-01 -3.797157063486253370e-02 8.954890959239029946e-02 9.952583346118411001e-01 9.415164900000000614e+00
9.992040617369358779e-01 -2.886218773405263560e-02 2.753574272856769076e-02 3.462574699999999783e+00 3.135554263514372941e-02 9.949937500349267383e-01 -9.489081798303461435e-02 -8.976300000000000390e-01 -2.465913531463037253e-02 9.567868890530442649e-02 9.951067859958029338e-01 9.472435000000000827e+00
9.996395994815013841e-01 -2.245490158334157924e-02 1.471219029736488618e-02 3.462349199999999794e+00 2.387592300072547899e-02 9.942009661489501493e-01 -1.048540853250719829e-01 -9.041559999999999597e-01 -1.227238564122158995e-02 1.051675629810660262e-01 9.943787871064510009e-01 9.529973999999999279e+00
9.998216415841507665e-01 -1.886188953164055077e-02 9.561083987540600461e-04 3.461499199999999998e+00 1.884889815334098162e-02 9.933960852366895411e-01 -1.131765738782755104e-01 -9.108787000000000411e-01 1.184929693677385862e-03 1.131744094736790163e-01 9.935744305193773274e-01 9.587476699999999852e+00
9.997436783192831244e-01 -1.904666044992351856e-02 -1.223937851098178854e-02 3.460452800000000106e+00 1.752767126231244768e-02 9.933175440859762784e-01 -1.140747007496614451e-01 -9.179766999999999788e-01 1.433033149477254235e-02 1.138309331276425029e-01 9.933967788666017151e-01 9.645607000000000042e+00
9.995781240567490622e-01 -1.559651546075806194e-02 -2.450148184646456367e-02 3.458568300000000040e+00 1.280401801414778398e-02 9.938203681505799469e-01 -1.102593894946782976e-01 -9.253715999999999609e-01 2.606973398183565910e-02 1.098991562957975093e-01 9.936007973102619628e-01 9.703216599999999303e+00
9.992981214331571049e-01 -1.260498316223552379e-02 -3.527575512505749106e-02 3.455541100000000032e+00 8.720805576258823522e-03 9.940939309695679960e-01 -1.081721034258502495e-01 -9.329969000000000179e-01 3.643092162249473437e-02 1.077885467429239991e-01 9.935061233534416836e-01 9.760482800000000125e+00
9.989605795387698217e-01 -9.698409387765593789e-03 -4.453876270073679061e-02 3.452338500000000199e+00 4.526362841894174954e-03 9.933796247979648220e-01 -1.147886452384478395e-01 -9.406132000000000382e-01 4.535716665521296459e-02 1.144677329713575387e-01 9.923909842100588907e-01 9.817232100000000017e+00
9.986711249127061540e-01 -6.494689498870076863e-03 -5.112536820310616820e-02 3.448637499999999800e+00 1.724594264727436453e-04 9.924430745086521011e-01 -1.227058031128115539e-01 -9.478111999999999648e-01 5.153595369580476343e-02 1.225339253763100406e-01 9.911253617018064288e-01 9.873555200000000198e+00
9.985207769269618394e-01 -4.399564720279811394e-03 -5.419319030513433666e-02 3.444873999999999992e+00 -2.447371064646240019e-03 9.920737891742414938e-01 -1.256328269535258169e-01 -9.550573999999999453e-01 5.431637340662913427e-02 1.255796188230187960e-01 9.905955233677451455e-01 9.930422800000000549e+00
9.985013736166650222e-01 -1.555178928532425153e-03 -5.470455469276142707e-02 3.441570299999999971e+00 -5.072186230122694567e-03 9.926638082344473313e-01 -1.208008143529305384e-01 -9.628833999999999449e-01 5.449109847011739810e-02 1.208972507544504998e-01 9.911682879044988459e-01 9.988041900000000695e+00
9.986024601770209230e-01 3.704263583266731094e-04 -5.284873993497247319e-02 3.438106100000000165e+00 -6.534533154241145385e-03 9.931678029191177703e-01 -1.165118668688669701e-01 -9.711752000000000162e-01 5.244450786171437479e-02 1.166943787383330489e-01 9.917822319269573583e-01 1.004533479999999912e+01
9.987542084478264748e-01 -1.456178717617726773e-03 -4.987896000617930703e-02 3.435240299999999802e+00 -4.231191931664178563e-03 9.935029038797658085e-01 -1.137280835911263777e-01 -9.785450999999999455e-01 4.972050002356269427e-02 1.137974495584816170e-01 9.922590449834114423e-01 1.010177799999999948e+01
9.989056473168950179e-01 -2.683972399877153706e-03 -4.669372603007394124e-02 3.432434300000000160e+00 -2.668801458686171670e-03 9.934545349717202045e-01 -1.141970421810355740e-01 -9.856707999999999581e-01 4.669459558866551757e-02 1.141966866256626523e-01 9.923601823463752414e-01 1.015824319999999936e+01
9.992425850694823808e-01 -3.011122946237284898e-03 -3.879676948227662320e-02 3.428021399999999996e+00 -1.376438073606000862e-03 9.936427741703246497e-01 -1.125706123165844119e-01 -1.000741600000000009e+00 3.888909361103438239e-02 1.125387510047266282e-01 9.928860296732995305e-01 1.027130599999999916e+01
9.994463376934186183e-01 -1.742647894404545381e-03 -3.322621328904493132e-02 3.425983899999999860e+00 -2.018168613387326046e-03 9.936134332352714038e-01 -1.128196449642738242e-01 -1.007595100000000077e+00 3.321061677627978881e-02 1.128242370802168826e-01 9.930597899726915090e-01 1.032778740000000006e+01
9.997577856048565081e-01 -3.250585616846995204e-03 -2.176703506730478382e-02 3.423411399999999993e+00 8.742866211306596531e-04 9.941177721177677507e-01 -1.083009269697634003e-01 -1.022079200000000077e+00 2.199103784221746738e-02 1.082556642987029250e-01 9.938798244264085424e-01 1.043957230000000003e+01
9.999386047509867259e-01 3.763476974663933087e-04 -1.107452441689987625e-02 3.421152399999999982e+00 -1.586664933060896125e-03 9.939872971847785177e-01 -1.094839510142421868e-01 -1.035914299999999955e+00 1.096673255988740887e-02 1.094948007793493383e-01 9.939268682248459941e-01 1.054952530000000088e+01
9.999878110050762769e-01 1.091394079419362017e-03 -4.815257027323709138e-03 3.420268500000000156e+00 -1.635307572369474206e-03 9.934286365928051143e-01 -1.144415561171026746e-01 -1.049874500000000044e+00 4.658713386712372284e-03 1.144480356158357887e-01 9.934183124611991600e-01 1.065883539999999918e+01
9.999823431555111553e-01 -4.463169124529181575e-03 -3.923454928930844403e-03 3.420565100000000136e+00 3.986153186850060690e-03 9.934551441176640019e-01 -1.141533495300178225e-01 -1.063555500000000098e+00 4.407262186944114167e-03 1.141356944497088632e-01 9.934553937105069510e-01 1.076768490000000078e+01
9.998452948143793373e-01 -8.561433481890505168e-03 -1.536516496110987978e-02 3.419238299999999953e+00 6.815283595439713266e-03 9.938750577349458881e-01 -1.102992362705737667e-01 -1.077945500000000001e+00 1.621537378726389117e-02 1.101774544500520175e-01 9.937796487068177864e-01 1.087471870000000074e+01
9.990440496939220205e-01 -1.552875642015256324e-02 -4.086373080387798590e-02 3.415592900000000043e+00 1.089110652976873692e-02 9.937205491215864717e-01 -1.113591219974814639e-01 -1.091608399999999923e+00 4.233639769424726168e-02 1.108076169653345600e-01 9.929397269989443942e-01 1.097992709999999938e+01
9.972819326899238224e-01 -1.028460463779726566e-02 -7.295871186975844136e-02 3.407470899999999858e+00 2.622585430409720211e-03 9.945375710683710402e-01 -1.043462590564945003e-01 -1.104770400000000041e+00 7.363334011105590604e-02 1.038712984460532229e-01 9.918613232620880904e-01 1.108437160000000077e+01
9.959677726122901920e-01 -9.058400737973166389e-03 -8.925324248330523957e-02 3.401983299999999932e+00 2.993391793960327799e-04 9.952192523906475685e-01 -9.766550090516196159e-02 -1.111043000000000003e+00 8.971123850315007586e-02 9.724497440521437386e-02 9.912090135986255657e-01 1.113625809999999916e+01
9.922953616020164791e-01 -7.844925828719940750e-03 -1.236461583789212199e-01 3.388737700000000075e+00 -2.501922651171549581e-03 9.965209998421414861e-01 -8.330448521337921464e-02 -1.122381099999999909e+00 1.238695108821010055e-01 8.297200740225851856e-02 9.888235384847331444e-01 1.123857779999999984e+01
9.900546567070775961e-01 -6.028852309477880297e-03 -1.405540098057012632e-01 3.380519399999999841e+00 -4.896933658476182449e-03 9.969990692358869921e-01 -7.725850104370038385e-02 -1.127693700000000021e+00 1.405979970460999873e-01 7.717842238997552062e-02 9.870540483398158038e-01 1.128882029999999936e+01
9.843611955016751125e-01 -5.812174124616853975e-03 -1.760660541457610695e-01 3.361768500000000159e+00 -7.294911682554520126e-03 9.972533690816405283e-01 -7.370550941999530481e-02 -1.137489699999999937e+00 1.760108549324633509e-01 7.383722968301574541e-02 9.816151193103541672e-01 1.138742159999999970e+01
9.812047436340277651e-01 -4.904593532399744576e-03 -1.929072213069372987e-01 3.350942400000000099e+00 -9.254265660421114731e-03 9.973307290931924252e-01 -7.242772517156267909e-02 -1.142152899999999915e+00 1.927475282258324929e-01 7.285164218274703396e-02 9.785402539467187299e-01 1.143551830000000002e+01
