1.000000000000000000e+00 0.000000000000000000e+00 0.000000000000000000e+00 0.000000000000000000e+00 0.000000000000000000e+00 1.000000000000000000e+00 0.000000000000000000e+00 0.000000000000000000e+00 0.000000000000000000e+00 0.000000000000000000e+00 1.000000000000000000e+00 0.000000000000000000e+00
9.994412189691478376e-01 1.264732142455901208e-03 3.340135144080045443e-02 1.742099999999999899e-03 -1.265714278845834042e-03 9.999991989492482691e-01 8.259916535331974076e-06 -9.076000000000000517e-04 -3.340131423804083149e-02 -5.053186850202459878e-05 9.994420191555396515e-01 4.872880000000000267e-02
9.976889137286039100e-01 5.624763700008500672e-04 6.794494126402210454e-02 5.203499999999999792e-03 -5.208971097425560632e-04 9.999996660907102264e-01 -6.296702860496667352e-04 -1.918599999999999906e-03 -6.794527275123181387e-02 5.928227401700144825e-04 9.976888735833228106e-01 9.720330000000000636e-02
9.948374720056587517e-01 2.282698850349135396e-04 1.014807971305394518e-01 1.061490000000000003e-02 -3.419059179648931861e-05 9.999981673171026708e-01 -1.914208306124387049e-03 -2.767899999999999788e-03 -1.014810481045281265e-01 1.900856463647146747e-03 9.948356565887207514e-01 1.459150999999999920e-01
9.909723623293905659e-01 7.976617048099227374e-04 1.340639430835595114e-01 1.739960000000000118e-02 -2.970573044776318402e-04 9.999929094713534417e-01 -3.754033028013127778e-03 -3.891499999999999994e-03 -1.340659869477156541e-01 3.680318304472678971e-03 9.909655727627033617e-01 1.944056999999999868e-01
9.860741461489658244e-01 1.831013887847386364e-03 1.662961986478663778e-01 2.575529999999999833e-02 -6.658324987161604817e-04 9.999748410820518130e-01 -7.062143442955471674e-03 -4.926800000000000276e-03 -1.663049456981715024e-01 6.853071652021125969e-03 9.860505567389841186e-01 2.428840999999999917e-01
9.801335003326359097e-01 -1.028344583470035571e-03 1.983362398380905112e-01 3.575980000000000131e-02 3.285200431114811657e-03 9.999335478587109138e-01 -1.105021831542988935e-02 -6.206999999999999844e-03 -1.983116965381072072e-01 1.148226345756388732e-02 9.800717466808585021e-01 2.908160000000000189e-01
9.733653506722990123e-01 -6.597813292620480913e-03 2.291644888946542391e-01 4.779490000000000127e-02 1.057920303048914129e-02 9.998136229198824054e-01 -1.614929989376726396e-02 -7.495400000000000153e-03 -2.290152278208418268e-01 1.814354660960371471e-02 9.732537372867329228e-01 3.385233999999999743e-01
9.657703123108457577e-01 -1.200628768419704714e-02 2.591207303846136956e-01 6.118790000000000340e-02 1.803998776673724005e-02 9.996183855834582799e-01 -2.091989591026534312e-02 -9.093900000000000247e-03 -2.587706758896520798e-01 2.487834921301379509e-02 9.656183537195468514e-01 3.856783999999999768e-01
9.577295934187604054e-01 -1.718959651338563405e-02 2.871559570366649106e-01 7.621440000000000159e-02 2.525953542167837934e-02 9.993825789199812792e-01 -2.442164657693011998e-02 -1.119069999999999961e-02 -2.865588626446876064e-01 3.064275971505353580e-02 9.575724722008400747e-01 4.324857999999999758e-01
9.489842506210580675e-01 -2.428224051255589711e-02 3.143871258001498803e-01 9.249110000000000664e-02 3.465838456334503770e-02 9.990220078733279552e-01 -2.745585846779499684e-02 -1.335910000000000049e-02 -3.134129679075965957e-01 3.695132718096459656e-02 9.488977347253586547e-01 4.783529000000000253e-01
9.400911803107775411e-01 -2.767772656453744082e-02 3.397977577237787372e-01 1.098975999999999981e-01 4.222801569327015031e-02 9.984771349771351945e-01 -3.549937490239167548e-02 -1.598779999999999993e-02 -3.382977496119329297e-01 4.772163429798191581e-02 9.398283238056999167e-01 5.237435000000000285e-01
9.306464493668312743e-01 -2.679103118400842642e-02 3.649375657958598418e-01 1.282157999999999909e-01 4.806105684032116465e-02 9.976257869787299448e-01 -4.932467912172516095e-02 -1.877430000000000071e-02 -3.627496672587053328e-01 6.344312258367505730e-02 9.297245017210912232e-01 5.687545999999999990e-01
9.207884764879208372e-01 -2.086719146562451832e-02 3.895037122896144455e-01 1.473308000000000118e-01 5.039565740804609340e-02 9.965629708986364355e-01 -6.574589529464500148e-02 -2.237739999999999868e-02 -3.867930445101935844e-01 8.016735840740008001e-02 9.186753155302013196e-01 6.129689000000000387e-01
9.100811668179240588e-01 -1.335963220399726328e-02 4.142146666050103843e-01 1.676254000000000077e-01 5.121679367444718911e-02 9.954440565750595216e-01 -8.042369224985085330e-02 -2.604160000000000155e-02 -4.112530970692319654e-01 9.440683479898864805e-02 9.066191260359564019e-01 6.568585999999999592e-01
8.988411822654402972e-01 -1.165175823152561976e-02 4.381195791034447895e-01 1.892636000000000041e-01 5.634429533202699181e-02 9.944233651067054813e-01 -8.914870337471683670e-02 -3.054849999999999927e-02 -4.346376070328048513e-01 1.048160648945093976e-01 8.944851832718231366e-01 6.999862999999999502e-01
8.872313587648626987e-01 -1.094197496243197454e-02 4.611949579171232827e-01 2.119054999999999966e-01 5.966805094353141992e-02 9.940430847662371505e-01 -9.120345018157866024e-02 -3.563009999999999788e-02 -4.574497127781979033e-01 1.084371652725442392e-01 8.825990830874453907e-01 7.424975999999999798e-01
8.755772675857749210e-01 -1.423927226439822627e-02 4.828681927942744534e-01 2.359471999999999958e-01 6.477189207974635987e-02 9.940001629548549378e-01 -8.813783547450770861e-02 -4.078520000000000062e-02 -4.787160436871089053e-01 1.084477716281069537e-01 8.712462512662306757e-01 7.845794999999999852e-01
8.642472952640709583e-01 -1.946425783272409671e-02 5.026905164171679985e-01 2.608100999999999892e-01 6.930919762754755853e-02 9.943291179945252800e-01 -8.065878893496392088e-02 -4.584420000000000162e-02 -4.982698543489896270e-01 1.045502165241695702e-01 8.606953029218795681e-01 8.262266999999999806e-01
8.538685335621056804e-01 -2.756455132366445251e-02 5.197583312490761109e-01 2.868335000000000190e-01 7.745219877902514982e-02 9.942076583879730922e-01 -7.451368268310029630e-02 -5.047290000000000110e-02 -5.146937772081507934e-01 1.038813145518887593e-01 8.510575704323286583e-01 8.668181999999999832e-01
8.455319345331312464e-01 -2.938287049438860488e-02 5.331157422231787013e-01 3.124179999999999735e-01 8.044225299285420738e-02 9.940976990237827549e-01 -7.279291675056227817e-02 -5.501700000000000340e-02 -5.278302678116275626e-01 1.044337671308022825e-01 8.429049748724792845e-01 9.066119999999999735e-01
8.384710772106284127e-01 -3.020967257143361215e-02 5.441081035643331454e-01 3.384630000000000138e-01 8.430874001243737759e-02 9.936318133617545456e-01 -7.475196206753741135e-02 -5.918509999999999743e-02 -5.383848893113212242e-01 1.085504268004418432e-01 8.356784763308663377e-01 9.459731000000000112e-01
8.257882140715017139e-01 -2.138145668067025634e-02 5.635748919272508539e-01 3.903941000000000217e-01 7.925580833502077205e-02 9.937642945365423586e-01 -7.842859012790395767e-02 -6.796249999999999514e-02 -5.583836873922466415e-01 1.094319889908838550e-01 8.223334466259638598e-01 1.023224099999999970e+00
8.124390028184037549e-01 -2.291292366387728471e-02 5.825957986705800895e-01 4.442244000000000193e-01 8.265681556259132923e-02 9.936616476528499220e-01 -7.618648715405769434e-02 -7.657379999999999742e-02 -5.771574460582566957e-01 1.100523871299344952e-01 8.091833874632582413e-01 1.098246000000000056e+00
8.046389063140403364e-01 -2.295724160535101560e-02 5.933204829631442134e-01 5.000900000000000345e-01 8.702734961189964591e-02 9.930206488501335249e-01 -7.960044834539675707e-02 -8.523010000000000308e-02 -5.873520842435764333e-01 1.156847268014820074e-01 8.010209567293438138e-01 1.174386300000000105e+00
8.071555558463573421e-01 -2.306688088850325502e-02 5.898879789183989475e-01 5.581966999999999901e-01 8.815422188737112585e-02 9.927421998173773243e-01 -8.180316537388068743e-02 -9.400350000000000372e-02 -5.837197459652961884e-01 1.180289951996116027e-01 8.033308250418255136e-01 1.253241100000000108e+00
8.163162143698069473e-01 -2.197726234065645184e-02 5.771870044421976154e-01 6.175125999999999671e-01 8.460504924469181010e-02 9.930475026797777049e-01 -8.184523849168114096e-02 -1.039940000000000031e-01 -5.713753790628808282e-01 1.156445301839514189e-01 8.125001654395416217e-01 1.336539700000000108e+00
8.255339952879238163e-01 -1.868569856422877193e-02 5.640429658218643061e-01 6.772681999999999869e-01 7.938881400535514887e-02 9.933584202297280896e-01 -8.328544392342555891e-02 -1.136722000000000010e-01 -5.587405827705566042e-01 1.135336673760947296e-01 8.215345808530235550e-01 1.423603299999999905e+00
8.296521160258303329e-01 -1.285898203765757988e-02 5.581326123376212367e-01 7.378381999999999996e-01 7.083473532405294704e-02 9.940795212242808931e-01 -8.239141796374152560e-02 -1.240156000000000036e-01 -5.537687302885868634e-01 1.078913901266444209e-01 8.256510408708431781e-01 1.515039900000000106e+00
8.290702004206136344e-01 -1.063726863951622303e-02 5.590433357892877764e-01 8.014702999999999689e-01 6.691991693311934164e-02 9.945202014211892427e-01 -8.031994573467821086e-02 -1.349364999999999870e-01 -5.551255060724448187e-01 1.040020071010555602e-01 8.252389078483660656e-01 1.610308999999999990e+00
8.287501937867796098e-01 -1.155525522349186429e-02 5.594994123098747663e-01 8.674053999999999931e-01 6.709276781140012524e-02 9.946271086670438466e-01 -7.883828519217066233e-02 -1.458348999999999895e-01 -5.555822862599030243e-01 1.028756082915500830e-01 8.250726831091080848e-01 1.707236799999999999e+00
8.284131599502367882e-01 -1.132642587413836693e-02 5.600029897225382580e-01 9.323487000000000302e-01 6.636358906767284016e-02 9.947379947610520690e-01 -7.805251965707606099e-02 -1.561427999999999983e-01 -5.561721949786060382e-01 1.018235427378110930e-01 8.248057078348820514e-01 1.804533600000000071e+00
8.285853726715157741e-01 -1.118718888847420809e-02 5.597509508697408043e-01 9.999088000000000420e-01 6.497717793059246127e-02 9.949655643728165799e-01 -7.629870287533624396e-02 -1.676349000000000034e-01 -5.560793527393202984e-01 9.959102628779520350e-02 8.251408249141247708e-01 1.903993499999999894e+00
8.297524242733620436e-01 -1.096866773336009279e-02 5.580238370720678187e-01 1.065765499999999921e+00 6.338646648748298695e-02 9.951901639541820277e-01 -7.469065159094069595e-02 -1.783537000000000039e-01 -5.545205769660037642e-01 9.734590847592537732e-02 8.264567162436802228e-01 2.002442600000000184e+00
8.325699073068820733e-01 -1.429219877485349288e-02 5.537355709191795761e-01 1.131821600000000094e+00 6.400167811757991043e-02 9.954538500297162029e-01 -7.053664054339989220e-02 -1.893275000000000097e-01 -5.502100822823436932e-01 9.416669005118100122e-02 8.296996443531003962e-01 2.101695100000000149e+00
8.358046366831530793e-01 -1.423875197527201680e-02 5.488422972413196099e-01 1.229160199999999925e+00 6.392301210128031874e-02 9.953886249874341896e-01 -7.152156157079254950e-02 -2.054217999999999877e-01 -5.452930018098911535e-01 9.486170559193939089e-02 8.328606119809882635e-01 2.252444500000000183e+00
8.332703558147542822e-01 -1.072389637637046617e-02 5.527617137310267825e-01 1.292434000000000083e+00 6.314375103735619943e-02 9.951155152825321704e-01 -7.588134124350319476e-02 -2.160831000000000002e-01 -5.492480139475108825e-01 9.813312025248900616e-02 8.298774065391980592e-01 2.349826600000000099e+00
8.233114471464921813e-01 -1.319058159703036248e-02 5.674365775614758078e-01 1.391275800000000062e+00 6.450046907736865787e-02 9.954280662675845104e-01 -7.044610972634823831e-02 -2.328568000000000027e-01 -5.639130699729772989e-01 9.459901396901221338e-02 8.203981204694110740e-01 2.494582400000000089e+00
8.165595781650005769e-01 -1.136606759734693634e-02 5.771492595632161660e-01 1.458311200000000030e+00 6.404276091763003165e-02 9.954178774909794303e-01 -7.100545011054144873e-02 -2.435306999999999888e-01 -5.736976382041705236e-01 9.494241243367397554e-02 8.135459164916449826e-01 2.590164899999999992e+00
8.132071583506532697e-01 -1.029246416774773007e-02 5.818833068482125448e-01 1.491835800000000045e+00 6.453696722613637415e-02 9.952717555859654786e-01 -7.258865196490972560e-02 -2.485127000000000030e-01 -5.783849042536535201e-01 9.658259529638775487e-02 8.100263605693990288e-01 2.636644599999999894e+00
8.072532599539837816e-01 -6.617863056778378744e-03 5.901680931584047940e-01 1.557915099999999997e+00 6.294637323519480798e-02 9.951993042414508661e-01 -7.494063606527300025e-02 -2.588346999999999731e-01 -5.868389288298803130e-01 9.764501383016889469e-02 8.037944531308390816e-01 2.728454099999999993e+00
8.048974344292961769e-01 -8.142745574305214340e-03 5.933580839119402262e-01 1.592247600000000096e+00 6.408510470675410353e-02 9.952507146528409843e-01 -7.327424061519685616e-02 -2.640741999999999812e-01 -5.899434035599188109e-01 9.700366321702255656e-02 8.015965755407250537e-01 2.775110000000000188e+00
8.016538386568442531e-01 -1.825119919518964490e-02 5.975098465252968172e-01 1.660523699999999936e+00 6.364547544380219635e-02 9.964584282359926215e-01 -5.495320057091831328e-02 -2.731748999999999983e-01 -5.943907607140934690e-01 8.208224244861195285e-02 7.999763303075464460e-01 2.867095700000000136e+00
7.991143924569716894e-01 -1.693421996628183615e-02 6.009404462692277127e-01 1.726913200000000037e+00 6.454583872147633128e-02 9.962418804793229388e-01 -5.775768591939500762e-02 -2.816485000000000238e-01 -5.977039588892364419e-01 8.494320321930351469e-02 7.972042584902427897e-01 2.957450399999999924e+00
7.977938666987810512e-01 -1.864365420245287994e-02 6.026419836153028564e-01 1.794591400000000059e+00 7.261425716757691218e-02 9.952174808927684024e-01 -6.534015137305135279e-02 -2.902770000000000072e-01 -5.985416576261076704e-01 9.588837199281058377e-02 7.953321973884621698e-01 3.045634699999999917e+00
7.989524641577466779e-01 -2.458536859350060957e-02 6.008914375054666968e-01 1.895553800000000066e+00 7.325466634639707375e-02 9.957023911374485170e-01 -5.666129315189927240e-02 -3.033859999999999890e-01 -5.969160023610881050e-01 8.928778155094424518e-02 7.973198719403450374e-01 3.178327100000000183e+00
8.001197052171254986e-01 -1.866812742854564305e-02 5.995497963818949838e-01 1.960644199999999948e+00 6.077246609462772647e-02 9.968953977944717826e-01 -5.006269290578610476e-02 -3.109679000000000193e-01 -5.967538560311425044e-01 7.649226676281273285e-02 7.987701599568233224e-01 3.267178499999999985e+00
8.028769366641838046e-01 -1.770642367261622205e-02 5.958817895635525330e-01 2.025593300000000152e+00 5.725721851263786133e-02 9.972281395601929610e-01 -4.751471979831526499e-02 -3.183305000000000162e-01 -5.933887726448253686e-01 7.226700651087042404e-02 8.016652944147113491e-01 3.355291400000000035e+00
8.087152851769838779e-01 -2.041299764134096514e-02 5.878459807197840004e-01 2.089663999999999966e+00 6.311530744466939402e-02 9.966390630097272663e-01 -5.222103071807201319e-02 -3.253903000000000212e-01 -5.848042796417232125e-01 7.933402555264398859e-02 8.072856166824340374e-01 3.442206399999999888e+00
8.190203402071831729e-01 -3.189563965153237313e-02 5.728772560489110433e-01 2.152552399999999810e+00 7.513797906100409818e-02 9.958175135733478012e-01 -5.197849327581091639e-02 -3.332276000000000127e-01 -5.688233174101937628e-01 8.561628251573999426e-02 8.179913726553886821e-01 3.529494800000000154e+00
8.256563686907377742e-01 -2.943719542979410936e-02 5.634048387843795247e-01 2.182347299999999990e+00 7.179061905724107295e-02 9.960016630183494701e-01 -5.316760555131596483e-02 -3.367803999999999798e-01 -5.595870511866787300e-01 8.434535428765674303e-02 8.244684307808801682e-01 3.573741899999999916e+00
8.326317665194065132e-01 -2.875877103845066521e-02 5.530798084102606094e-01 2.211686600000000169e+00 6.931841886467708658e-02 9.962092936085984451e-01 -5.255473464835066361e-02 -3.403746000000000271e-01 -5.494718356648262692e-01 8.209735937419267160e-02 8.314690164972540209e-01 3.618732500000000130e+00
8.396054222559484748e-01 -3.121080785905007426e-02 5.422993826210721346e-01 2.240088500000000149e+00 6.890674707721786141e-02 9.964023403556989678e-01 -4.933798071386950868e-02 -3.441711000000000076e-01 -5.388084957808728648e-01 7.879252252892586517e-02 8.387354429543810719e-01 3.663739699999999822e+00
8.463922944414086214e-01 -3.124316223522522265e-02 5.316426889591835403e-01 2.268139399999999917e+00 6.793473527312576810e-02 9.964563090176559168e-01 -4.959532197980168894e-02 -3.478169999999999873e-01 -5.282091968657666170e-01 7.809410369837965771e-02 8.455154376556164308e-01 3.708989900000000173e+00
8.603130148236419750e-01 -3.348068781832852503e-02 5.086654697030923433e-01 2.322345499999999952e+00 6.871667531580714916e-02 9.963500893422866378e-01 -5.064107030029435519e-02 -3.550148000000000192e-01 -5.051133883185021656e-01 7.852097178989217441e-02 8.594736307360296701e-01 3.799770800000000115e+00
8.671111891025643503e-01 -3.203093212714844262e-02 4.970837003163578460e-01 2.348758000000000123e+00 6.858088144470766978e-02 9.961036312356343903e-01 -5.544563589183691688e-02 -3.593914000000000275e-01 -4.933709035131719212e-01 8.216796958821127872e-02 8.659293137088888148e-01 3.845659299999999892e+00
8.732994938470522994e-01 -3.081111687458674975e-02 4.862084626201221838e-01 2.374042999999999903e+00 7.150063122071999289e-02 9.952972561530549767e-01 -6.535313021760058572e-02 -3.631730000000000236e-01 -4.819083458309482149e-01 9.183706752254566785e-02 8.713956043309711852e-01 3.891185300000000069e+00
8.800965815205616938e-01 -2.761895281108578404e-02 4.739907178853192127e-01 2.399030699999999960e+00 6.984383847138231349e-02 9.949772612566020191e-01 -7.170835244164418254e-02 -3.670858000000000176e-01 -4.696294767403390580e-01 9.621560698727944783e-02 8.776051000015124837e-01 3.937302100000000138e+00
8.861690762900068519e-01 -2.765089684172724119e-02 4.625362646659870736e-01 2.423162200000000155e+00 6.719698566681234220e-02 9.953343104151902709e-01 -6.923998575687209667e-02 -3.716549000000000103e-01 -4.584636663298522485e-01 9.243937696764184531e-02 8.838925433791282593e-01 3.983859100000000097e+00
8.919984972968482140e-01 -3.032198907475606650e-02 4.510202410077789326e-01 2.446213999999999889e+00 6.719641663887084004e-02 9.955567160012667172e-01 -6.596564875500152136e-02 -3.766070000000000251e-01 -4.470160203069459826e-01 8.914820358999572814e-02 8.900726236581016915e-01 4.030174299999999654e+00
8.964997976783819489e-01 -2.651286305843384566e-02 4.422501338101153534e-01 2.468192800000000187e+00 6.336329669069157289e-02 9.956190821875384733e-01 -6.875853268163095722e-02 -3.810853000000000157e-01 -4.384896867602562365e-01 8.966443707785295980e-02 8.942522481539557644e-01 4.076603900000000280e+00
8.999846519777787712e-01 -1.986553472423108202e-02 4.354686977666210601e-01 2.490326200000000156e+00 5.861000072471363176e-02 9.954050908279825638e-01 -7.572036033184784132e-02 -3.860192000000000068e-01 -4.319635332056231403e-01 9.366998283258184954e-02 8.970136232503151952e-01 4.123505100000000034e+00
9.025306390986231886e-01 -1.111519872978764326e-02 4.304821690214685748e-01 2.512220600000000026e+00 5.207923339937239882e-02 9.951466355385402140e-01 -8.349207881504389084e-02 -3.907498999999999834e-01 -4.274648511126553641e-01 9.777334060735132226e-02 8.987291999983723079e-01 4.170476400000000083e+00
9.041996562358312062e-01 -6.368566847609939685e-03 4.270625516470770155e-01 2.534107699999999852e+00 4.827087386217772391e-02 9.950062890830989604e-01 -8.736365045980171162e-02 -3.956533999999999884e-01 -4.243735434727128886e-01 9.960886527507584187e-02 8.999917608284119241e-01 4.217662299999999753e+00
9.058792851331314289e-01 -5.604283582816418224e-03 4.234988934722384024e-01 2.555440200000000051e+00 4.704135231731197686e-02 9.950571286688121297e-01 -8.745525631737496863e-02 -4.011669999999999958e-01 -4.209154688756941431e-01 9.914586572773773088e-02 9.016652734636352307e-01 4.264433399999999708e+00
9.080587469339969076e-01 -3.820334331828226238e-03 4.188254017633747384e-01 2.576655600000000046e+00 4.481339376177434497e-02 9.951045551970547631e-01 -8.808339211011226300e-02 -4.063617999999999952e-01 -4.164385571200286962e-01 9.875388231185991406e-02 9.037845976072638177e-01 4.311410399999999754e+00
9.128830371315898029e-01 -5.069445906513838501e-03 4.081897368082707533e-01 2.618890299999999893e+00 4.165698321485870881e-02 9.958599001121853922e-01 -8.079452393563130164e-02 -4.170182000000000055e-01 -4.060902070560694632e-01 9.075990340865977557e-02 9.093147879950096435e-01 4.406815500000000441e+00
9.153551800424429841e-01 -4.230171727886998523e-03 4.026251358479986941e-01 2.639678700000000156e+00 3.923953000934572027e-02 9.961222977016517266e-01 -7.874406203789355296e-02 -4.222279999999999922e-01 -4.007307745283764100e-01 8.787760618459378170e-02 9.119716951074484657e-01 4.454845399999999955e+00
9.204447285184195193e-01 1.139953565593588777e-02 3.907064784841454697e-01 2.678781700000000043e+00 2.295129510313203072e-02 9.962737339699386796e-01 -8.313774747180015245e-02 -4.320047000000000192e-01 -3.901983339223041303e-01 8.549092108770912912e-02 9.167532724871143568e-01 4.551237600000000327e+00
9.232263242237532808e-01 1.114354180298681579e-02 3.840950087366175603e-01 2.698478499999999780e+00 2.402790604762251175e-02 9.959490670672974666e-01 -8.664938279495398854e-02 -4.375684000000000240e-01 -3.835046466358183470e-01 8.922598995732650140e-02 9.192186403271374040e-01 4.598791099999999687e+00
9.288414593620856197e-01 9.902635010529221501e-03 3.703450839284346263e-01 2.737700900000000104e+00 2.455935131307237368e-02 9.957979862641268554e-01 -8.822249608456425585e-02 -4.480759000000000269e-01 -3.696625239771975102e-01 9.104014703502025241e-02 9.246952524992489986e-01 4.695117500000000277e+00
9.341679916254942428e-01 7.792498531120209578e-03 3.567484273112257465e-01 2.774847999999999981e+00 2.274109219912094637e-02 9.964290552308452398e-01 -8.131408621731031627e-02 -4.587790999999999952e-01 -3.561081382782223526e-01 8.407386548986303665e-02 9.306549193947296628e-01 4.792568199999999834e+00
9.388658238371854203e-01 1.107923945240725516e-02 3.441049480662538573e-01 2.809903100000000098e+00 2.057292367801660110e-02 9.958906037298598246e-01 -8.819671316956120832e-02 -4.689981999999999762e-01 -3.436680369802544432e-01 8.988412460346692501e-02 9.347797197748819453e-01 4.888272800000000196e+00
9.436451078020149374e-01 1.237881995074713998e-02 3.307274940762420790e-01 2.843408099999999994e+00 1.796406537272859580e-02 9.959113453404775385e-01 -8.853182804734457956e-02 -4.801465999999999790e-01 -3.304711831258635990e-01 8.948383674579024616e-02 9.395644949042321059e-01 4.985024499999999748e+00
9.490156838421577312e-01 5.632333725822120940e-03 3.151785345457441267e-01 2.877232100000000070e+00 2.342551991520207266e-02 9.958157088237028498e-01 -8.833073687368823979e-02 -4.910473000000000199e-01 -3.143572439730065171e-01 9.121047569631048069e-02 9.449127855442259749e-01 5.083256699999999739e+00
9.549612288188629172e-01 1.329586471894665667e-02 2.964325748532755656e-01 2.922556900000000013e+00 1.337961972366676425e-02 9.960501717313413605e-01 -8.777836390600678163e-02 -5.075536999999999965e-01 -2.964288063411135710e-01 8.779108938463377199e-02 9.510114023479644407e-01 5.230450199999999938e+00
9.592122797829427672e-01 7.125169089357467379e-03 2.825969466909678540e-01 2.966696000000000222e+00 1.846201625179838199e-02 9.959690741186291163e-01 -8.777674723523865019e-02 -5.238051000000000235e-01 -2.820832435107197278e-01 8.941384324996162758e-02 9.552142211911123226e-01 5.377539200000000186e+00
9.635669505983653904e-01 -9.302589862970646328e-03 2.673054311764140323e-01 3.009226799999999979e+00 3.243391133156882378e-02 9.960837549018232151e-01 -8.225080313541367760e-02 -5.391842999999999497e-01 -2.654934521043846862e-01 8.792391621467961216e-02 9.600951056260889072e-01 5.524294900000000119e+00
9.661774502546593979e-01 -3.211034421850689560e-03 2.578581468120542675e-01 3.047827700000000029e+00 2.639430220600848254e-02 9.959024952338056957e-01 -8.649601608246267059e-02 -5.547760000000000469e-01 -2.565238301414961009e-01 9.037648612897845879e-02 9.623032865601756081e-01 5.670948499999999726e+00
9.666350012325839458e-01 -4.508846888996748126e-03 2.561180288300959895e-01 3.073331599999999941e+00 2.594805671553058329e-02 9.964256093504136880e-01 -8.039094092834243865e-02 -5.649465000000000181e-01 -2.548400924987470062e-01 8.435446242131010297e-02 9.632968659374127052e-01 5.768898000000000081e+00
9.671782504990366069e-01 -5.811884046136186685e-03 2.540323872372515779e-01 3.098894099999999874e+00 2.529294699694853432e-02 9.969752720346328756e-01 -7.348859628322859661e-02 -5.745339000000000418e-01 -2.528369011711547043e-01 7.750179969074313946e-02 9.643997990723887082e-01 5.866484599999999716e+00
9.676633627742607935e-01 -4.529775516974480359e-03 2.522044755316113496e-01 3.124100400000000111e+00 2.599561947163072859e-02 9.963058941594215012e-01 -8.184615465299409365e-02 -5.841954000000000313e-01 -2.509020607980242956e-01 8.575573681662045089e-02 9.642064662147536991e-01 5.961678000000000033e+00
9.677920467101510660e-01 1.029987903800473267e-03 2.517488698077807729e-01 3.147776100000000188e+00 2.005011271538163081e-02 9.964997899379500756e-01 -8.115517009853431829e-02 -5.935494999999999521e-01 -2.509512847241022193e-01 8.358892138638690517e-02 9.643839198767175658e-01 6.056173799999999829e+00
9.680609660137168282e-01 -1.622661583110165257e-04 2.507148574581952727e-01 3.172317000000000053e+00 2.194872981717496674e-02 9.962152451108655660e-01 -8.410373753948503783e-02 -6.031414999999999971e-01 -2.497523159852616248e-01 8.692041807533944231e-02 9.644006540756835388e-01 6.151423000000000307e+00
9.679952207403061948e-01 1.538309055772166950e-02 2.504967328106671998e-01 3.195024500000000156e+00 7.272319395569382117e-03 9.959812725154905122e-01 -8.926599671225982080e-02 -6.132273999999999781e-01 -2.508632416168911083e-01 8.823075044063316552e-02 9.639932409940165092e-01 6.245991700000000257e+00
9.680979313171058642e-01 1.379613060355469947e-02 2.501920505529900973e-01 3.207175299999999840e+00 9.665643542270785371e-03 9.956839046386379843e-01 -9.230459023509868244e-02 -6.184334000000000220e-01 -2.503856439863396677e-01 9.177815003542716399e-02 9.637861798457273421e-01 6.293296800000000246e+00
9.686473991021846697e-01 1.386665276587082524e-02 2.480522770579696168e-01 3.230343299999999918e+00 9.833276309999534892e-03 9.955188453569800977e-01 -9.405070555884471883e-02 -6.291240999999999639e-01 -2.482448849212892661e-01 9.354113790293590303e-02 9.641703856841070674e-01 6.385559999999999903e+00
9.689841882099393677e-01 4.868277131707007994e-03 2.470747718341431420e-01 3.241768599999999889e+00 1.837957608133285528e-02 9.956171564336659952e-01 -9.169879496488285431e-02 -6.343851999999999824e-01 -2.464382969065390394e-01 9.339581196558026377e-02 9.646478052248367296e-01 6.431086500000000150e+00
9.703009213315425541e-01 -5.360065814527891978e-03 2.418416667111432106e-01 3.265566800000000214e+00 2.596672493904839812e-02 9.962857006959692230e-01 -8.210074168167773301e-02 -6.446465999999999585e-01 -2.405033289979570110e-01 8.594226133402414758e-02 9.668361166494013892e-01 6.523500000000000298e+00
9.711942883869704168e-01 -8.488178500890524239e-03 2.381377858095249933e-01 3.276567700000000194e+00 2.878061305587024249e-02 9.962276949741014631e-01 -8.186608625503556669e-02 -6.491253000000000162e-01 -2.365445634899573379e-01 8.636162685085126134e-02 9.677749422727476292e-01 6.568768500000000010e+00
9.738735784399457085e-01 -8.714175322028878609e-03 2.269235914686525968e-01 3.297832500000000167e+00 2.983837173740840759e-02 9.955103580546306175e-01 -8.982649151559587986e-02 -6.593632000000000382e-01 -2.251220219983714466e-01 9.425067720922822301e-02 9.697612515753383233e-01 6.659153899999999737e+00
9.757836997412402402e-01 -8.259591987075477065e-03 2.185816791487889543e-01 3.308038900000000115e+00 2.876887172086274938e-02 9.954522896955098066e-01 -9.081349547217809626e-02 -6.639266000000000334e-01 -2.168375505746309440e-01 9.490267688623860165e-02 9.715837372973162855e-01 6.705436699999999917e+00
9.802326456305139324e-01 -1.587109338342974213e-02 1.972107219068424122e-01 3.326862300000000161e+00 3.306880346252045327e-02 9.958982943212258965e-01 -8.422019713602134361e-02 -6.741650000000000142e-01 -1.950651549553653052e-01 8.907690925760476663e-02 9.767368578892433595e-01 6.796280399999999666e+00
9.826496970495705030e-01 -2.045600554499125978e-02 1.843396992661389122e-01 3.335057500000000008e+00 3.702038673968300470e-02 9.955316195174881422e-01 -8.686935884724572565e-02 -6.788823999999999970e-01 -1.817389992655168984e-01 9.218647611244576434e-02 9.790161335585526592e-01 6.841416800000000187e+00
9.853162803844180972e-01 -1.906846874591747870e-02 1.696709200455418232e-01 3.343118000000000034e+00 3.452827887683237312e-02 9.954652770307976795e-01 -8.863791617474443829e-02 -6.834352000000000205e-01 -1.672113200929242482e-01 9.319482671094624082e-02 9.815065454224430885e-01 6.886653400000000147e+00
9.895017763746487560e-01 -2.124730687448975197e-02 1.429502938157031777e-01 3.356006900000000126e+00 3.450895477124037158e-02 9.952581434848185582e-01 -9.094151894348741216e-02 -6.931794999999999485e-01 -1.403401816730016072e-01 9.491985976461118912e-02 9.855429232815055007e-01 6.975749999999999673e+00
9.930949599721253795e-01 -9.746931270029696864e-03 1.169076464940599219e-01 3.365003600000000095e+00 2.243877667327436390e-02 9.939254007686125769e-01 -1.077441367702196284e-01 -7.033238000000000545e-01 -1.151473046986757759e-01 1.096234237641307840e-01 9.872810153056019722e-01 7.062206299999999715e+00
9.959056773880307079e-01 -6.024729591502135835e-03 9.019747435287119031e-02 3.371959700000000115e+00 1.655784498920890094e-02 9.930537461104297359e-01 -1.164907511580015598e-01 -7.141756000000000215e-01 -8.886911452018021740e-02 1.175072762402030735e-01 9.890876202415070928e-01 7.146672200000000252e+00
9.977386072698407604e-01 -2.105689815660892125e-04 6.721329648174158289e-02 3.377144599999999830e+00 7.677919473008641867e-03 9.938063315811246357e-01 -1.108603845466617915e-01 -7.256107000000000529e-01 -6.677365585172410911e-02 1.111257439568875821e-01 9.915605618993847958e-01 7.233063699999999763e+00
9.986660583380909673e-01 6.524493333928634009e-03 5.122045402177023699e-02 3.380752100000000038e+00 -6.752609484699011524e-05 9.921486824191243503e-01 -1.250639333070178161e-01 -7.371258000000000532e-01 -5.163428476978521031e-02 1.248936465987409844e-01 9.908256545303929519e-01 7.317005599999999887e+00
9.988206068286422656e-01 1.016392056054702536e-02 4.747725869615518346e-02 3.384537200000000023e+00 -4.226642578813164138e-03 9.923332198513753477e-01 -1.235188903444038172e-01 -7.484355000000000313e-01 -4.836869718085982928e-02 1.231725436054674633e-01 9.912058280875800653e-01 7.402848699999999837e+00
9.985524845013404871e-01 1.091328336870055725e-02 5.266721885874251635e-02 3.388172599999999868e+00 -4.716082768478636542e-03 9.931928340895681551e-01 -1.163862228807710092e-01 -7.600926000000000071e-01 -5.357886019244061798e-02 1.159693690559972373e-01 9.918066400167084851e-01 7.487268900000000116e+00
9.978957111845653261e-01 9.109803278251079814e-03 6.419627001377911646e-02 3.395088200000000001e+00 -1.638119690950049726e-03 9.933070529727570097e-01 -1.154920563435184594e-01 -7.766345999999999528e-01 -6.481871769272046224e-02 1.151438665270881206e-01 9.912317709990249304e-01 7.611675700000000155e+00
9.970982699371909730e-01 1.172522790242871288e-02 7.521674759584318082e-02 3.401124999999999954e+00 -3.068207989544873004e-03 9.934539337022257888e-01 -1.141922401536398929e-01 -7.871690000000000076e-01 -7.606330381986814437e-02 1.136301044715254255e-01 9.906071739947155397e-01 7.696262800000000404e+00
9.961851145729447854e-01 1.065232366337732182e-02 8.661261746338907996e-02 3.407807800000000054e+00 -9.301041971397621538e-04 9.937614006437383019e-01 -1.115231522903553929e-01 -7.980249999999999844e-01 -8.726025675799484183e-02 1.110171454828756954e-01 9.899802225294012104e-01 7.778220700000000321e+00
9.952771593289306828e-01 1.420548446316981066e-02 9.602905981681313097e-02 3.414943500000000132e+00 -3.076549086497229121e-03 9.933538399513704986e-01 -1.150594780953981267e-01 -8.086130999999999736e-01 -9.702531094437578940e-02 1.142206323964005676e-01 9.887060919055336017e-01 7.859397399999999756e+00
9.949345791507777648e-01 1.192544577233638561e-02 9.981466301699229438e-02 3.423328199999999821e+00 3.252910299057429344e-05 9.929000222719006619e-01 -1.189518588098419372e-01 -8.191439000000000359e-01 -1.005245350743892985e-01 1.183525644656260867e-01 9.878701778738376849e-01 7.940428299999999773e+00
9.954157381930991422e-01 5.410430846099769167e-03 9.548945175016486375e-02 3.431537399999999849e+00 5.501377924592583055e-03 9.935067181079559884e-01 -1.136403797744858918e-01 -8.298307999999999796e-01 -9.548425523832866635e-02 1.136447460836538109e-01 9.889224583804149260e-01 8.020609900000000181e+00
9.970249389726723033e-01 1.471794294984599474e-03 7.706558822258062491e-02 3.437805200000000116e+00 7.337007332256778938e-03 9.934657427623038162e-01 -1.138946279731859468e-01 -8.406521000000000132e-01 -7.672965130864024819e-02 1.141212152901346921e-01 9.904993229834926360e-01 8.099110599999999494e+00
9.988933851404461217e-01 -1.816438582274031155e-03 4.699686876311202216e-02 3.441826799999999853e+00 7.084574592010541016e-03 9.936633738983849939e-01 -1.121735627308355493e-01 -8.506099999999999772e-01 -4.649531079055808230e-02 1.123823826218117022e-01 9.925766399380624438e-01 8.176862699999999151e+00
9.995319031593260517e-01 1.714746610060201640e-03 3.054560869845328666e-02 3.442324199999999834e+00 1.573767185299110478e-03 9.942242799537281961e-01 -1.073107842080061325e-01 -8.556399000000000088e-01 -3.055319661741163692e-02 1.073086240455727314e-01 9.937561880974145057e-01 8.215567599999999970e+00
9.998984906118918436e-01 2.041640159015149520e-03 1.410107008427441931e-02 3.442330600000000018e+00 -6.161312741773391577e-04 9.949504366139316769e-01 -1.003655770869661401e-01 -8.605260000000000131e-01 -1.423477622983596556e-02 1.003467009283706413e-01 9.948506977222656422e-01 8.254075999999999524e+00
9.999958326924278662e-01 1.526836511456426638e-03 -2.450177145691133200e-03 3.441614400000000185e+00 -1.748782160274420195e-03 9.956365393244088757e-01 -9.329964267386443855e-02 -8.647829000000000210e-01 2.297032593127383213e-03 9.330353869163894587e-02 9.956350603051722370e-01 8.292272600000000438e+00
9.997903717649467836e-01 1.522602375094711221e-03 -2.041798736695155450e-02 3.440478099999999984e+00 -3.276277647682065280e-03 9.962782916136324607e-01 -8.613263994675443569e-02 -8.689095000000000013e-01 2.021085180997911693e-02 8.618147910908291465e-02 9.960744320218674064e-01 8.330318500000000626e+00
9.993005538495360884e-01 3.005928706739897233e-03 -3.727421989284700893e-02 3.438240299999999916e+00 -5.986442919949479247e-03 9.967680431976283506e-01 -8.011011522359108572e-02 -8.729911000000000199e-01 3.691294592926038648e-02 8.027722250165890416e-02 9.960888524475327577e-01 8.367888499999999397e+00
9.984486419333467033e-01 3.798376524290976528e-03 -5.555071338187574786e-02 3.435586499999999877e+00 -8.101604938602294942e-03 9.969636129886513265e-01 -7.744622892067490327e-02 -8.770210000000000505e-01 5.508786997946470837e-02 7.777613202258443215e-02 9.954477383914893673e-01 8.405048400000000086e+00
9.972925769960896414e-01 2.220399653840957142e-03 -7.350228359633291519e-02 3.432380900000000068e+00 -7.829036273218332662e-03 9.970690134563787721e-01 -7.610577242335869741e-02 -8.805281000000000358e-01 7.311786416144251677e-02 7.647517394880939956e-02 9.943869094622918015e-01 8.441762000000000654e+00
9.958431104910183684e-01 3.151836270711079729e-03 -9.103057297246933133e-02 3.428432499999999994e+00 -1.002898260552230296e-02 9.971188331467645272e-01 -7.518944135936157791e-02 -8.839542000000000233e-01 9.053131389453908384e-02 7.578983119230027488e-02 9.930055300411831931e-01 8.477886200000000372e+00
9.942080905435942695e-01 7.500363804917378752e-03 -1.072101545584843441e-01 3.423581099999999822e+00 -1.543212336772414525e-02 9.971871236283220696e-01 -7.334637031398973106e-02 -8.870972000000000302e-01 1.063584611867977314e-01 7.457603510959441573e-02 9.915272526367134853e-01 8.513991400000000098e+00
9.925633050302827831e-01 9.945777052807563273e-03 -1.213225742645517302e-01 3.418286600000000064e+00 -1.844847985986626179e-02 9.974347837807523431e-01 -6.916289247207718649e-02 -8.905298999999999854e-01 1.203234769204328258e-01 7.088676620540571016e-02 9.902006500092384034e-01 8.549743700000000501e+00
9.894434035714564368e-01 4.525907316171150913e-03 -1.448491190580644405e-01 3.408179500000000139e+00 -1.409771325953961332e-02 9.977776412619767665e-01 -6.512321459002044788e-02 -8.966581000000000135e-01 1.442324707192652322e-01 6.647777644184167667e-02 9.873083103213325940e-01 8.620818099999999262e+00
9.863918845151263826e-01 1.187416649460122306e-02 -1.639818719638123923e-01 3.395355700000000088e+00 -2.430423814761283399e-02 9.969616953743485332e-01 -7.400460772390364539e-02 -9.029608000000000079e-01 1.626049020502204623e-01 7.698299894368383633e-02 9.836835180599882156e-01 8.690410599999999874e+00
9.834431206277844950e-01 3.092646739593859356e-03 -1.811906841590622541e-01 3.382794899999999938e+00 -1.989148895908536552e-02 9.956549428638107324e-01 -9.097012376518125165e-02 -9.092947999999999587e-01 1.801220618271830443e-01 9.306809489296473392e-02 9.792315214269394774e-01 8.758005100000000098e+00
9.800709874498934049e-01 1.392430290468303980e-02 -1.981589597964461824e-01 3.360669600000000035e+00 -2.812766439188032694e-02 9.972170537809613711e-01 -6.904333526327394166e-02 -9.188830000000000053e-01 1.966461137547566296e-01 7.324111848570946659e-02 9.777351607199741279e-01 8.861756299999999698e+00
9.796000897457114442e-01 1.202439575067877978e-02 -2.005968047527804665e-01 3.345762999999999820e+00 -2.465274386962001615e-02 9.978591565649949091e-01 -6.057512591068997532e-02 -9.255484000000000488e-01 1.994389791136451651e-01 6.428466042710413719e-02 9.777993536732774160e-01 8.931304000000000798e+00
9.791262426545590536e-01 5.306045621419616838e-03 -2.031837759887066830e-01 3.331234900000000110e+00 -1.865686894416566932e-02 9.977851429563984187e-01 -6.384927357989048091e-02 -9.308281999999999945e-01 2.023949658128031404e-01 6.630727241670320016e-02 9.770566121972110718e-01 8.999971399999999733e+00
9.781768919371305326e-01 9.041471805518430313e-03 -2.075770215312987832e-01 3.315897000000000094e+00 -2.144707077482710389e-02 9.981098417275364731e-01 -5.759137957899410076e-02 -9.356383999999999812e-01 2.066639572721736540e-01 6.078647575096154942e-02 9.765218958786243686e-01 9.069877599999999873e+00
9.766127982188196333e-01 8.545176035153966357e-03 -2.148358031654302447e-01 3.300120800000000187e+00 -1.967401784307351575e-02 9.985695642044516429e-01 -4.971678254314217810e-02 -9.409248000000000056e-01 2.141036556836844185e-01 5.278072954270234679e-02 9.753839342596444251e-01 9.139688500000000104e+00
9.733687151381383851e-01 6.403844970908370744e-03 -2.291557006926035200e-01 3.283379800000000071e+00 -1.707027611284212334e-02 9.988593080600151053e-01 -4.459471241413062031e-02 -9.457389000000000490e-01 2.286087270069995514e-01 4.731884900815166300e-02 9.723677166919841852e-01 9.210436800000000090e+00
9.681634051741132563e-01 5.877295878729577212e-03 -2.502500315181192536e-01 3.264641999999999822e+00 -1.756263104437845099e-02 9.988555659782732965e-01 -4.448721507380011542e-02 -9.506586999999999676e-01 2.497021723423022976e-01 4.746594260496027340e-02 9.671586268136979081e-01 9.280582400000000121e+00
9.618095441737207763e-01 7.111681262588895845e-03 -2.736271637209267693e-01 3.243359599999999787e+00 -2.181514627777709700e-02 9.984741041791320715e-01 -5.073029347992048799e-02 -9.549796999999999869e-01 2.728488594977422910e-01 5.476209704986667592e-02 9.604970653768194477e-01 9.351013200000000580e+00
