1.000000000000000000e+00 0.000000000000000000e+00 0.000000000000000000e+00 0.000000000000000000e+00 0.000000000000000000e+00 1.000000000000000000e+00 0.000000000000000000e+00 0.000000000000000000e+00 0.000000000000000000e+00 0.000000000000000000e+00 1.000000000000000000e+00 0.000000000000000000e+00
9.994603362035829885e-01 6.751920694816167723e-04 3.284174891034387367e-02 2.413199999999999894e-03 -6.134335120456488625e-04 9.999980247981695713e-01 -1.890528784651932014e-03 -1.258299999999999957e-03 -3.284296051130383698e-02 1.869362305334977417e-03 9.994587762531400577e-01 6.400970000000000271e-02
9.978397829902212468e-01 1.536343955109709765e-03 6.567653408394519277e-02 6.491000000000000242e-03 -1.214560947422988748e-03 9.999870646909707617e-01 -4.939159082394695491e-03 -2.617899999999999828e-03 -6.568327278488042542e-02 4.848721273470449691e-03 9.978287416076363492e-01 1.281411000000000078e-01
9.951966023912368620e-01 -1.782186200165034994e-03 9.788026563759674725e-02 1.339459999999999956e-02 2.679998821438070184e-03 9.999555302799112422e-01 -9.041850968620326889e-03 -4.253599999999999742e-03 -9.785979866756139289e-02 9.260738359849668422e-03 9.951571225338111670e-01 1.915789999999999993e-01
9.915916727918020479e-01 -8.060026782975029946e-03 1.291549086106037192e-01 2.278279999999999889e-02 9.951906489637219605e-03 9.998523363408644560e-01 -1.400946362057882422e-02 -5.938900000000000429e-03 -1.290229204722060097e-01 1.517700503961602262e-02 9.915254633698774578e-01 2.551667000000000241e-01
9.870689581175112748e-01 -1.390921518407368593e-02 1.596915954387517766e-01 3.412199999999999955e-02 1.712478859391624100e-02 9.996770195713001739e-01 -1.877759720134414279e-02 -7.947499999999999704e-03 -1.593788365386838435e-01 2.126946811759487799e-02 9.869883465317967897e-01 3.183326000000000211e-01
9.818984336243820055e-01 -1.976434134473983167e-02 1.883741937134533473e-01 4.742910000000000181e-02 2.440503173771227385e-02 9.994523355762283678e-01 -2.234778148057081290e-02 -1.058929999999999941e-02 -1.878293386877201987e-01 2.654052980689524180e-02 9.818430321623222712e-01 3.811668999999999752e-01
9.759475365770498012e-01 -2.735630304042356922e-02 2.162823121134698767e-01 6.258769999999999611e-02 3.370533648025981349e-02 9.991007932306152917e-01 -2.572071652788383150e-02 -1.301760000000000070e-02 -2.153842058785656599e-01 3.239193803889791473e-02 9.759920113444289225e-01 4.431907999999999959e-01
9.696069658445916062e-01 -3.199208485869725616e-02 2.425671830484056879e-01 7.922410000000000563e-02 4.133256961166748011e-02 9.985831849191472154e-01 -3.351479503187966558e-02 -1.655380000000000046e-02 -2.411513020386609751e-01 4.252210370061855482e-02 9.695555271473276227e-01 5.047580999999999873e-01
9.626743047662910113e-01 -3.258604747453243411e-02 2.686937521654085281e-01 9.704880000000000451e-02 4.699567885546993007e-02 9.977712454012609422e-01 -4.737032846973343592e-02 -2.010630000000000056e-02 -2.665512879572184413e-01 5.822964331338824351e-02 9.620601434047373335e-01 5.658267999999999631e-01
9.552821858996840554e-01 -2.834555616725030480e-02 2.943339510628885103e-01 1.160545999999999939e-01 4.921991621623203472e-02 9.967510317797099173e-01 -6.375563107483817049e-02 -2.470110000000000014e-02 -2.915704805881224049e-01 7.539171102749314679e-02 9.535736703359412036e-01 6.260869999999999491e-01
9.471461392625899478e-01 -2.254084883877626594e-02 3.200095326917590799e-01 1.365350999999999926e-01 5.018962210799688545e-02 9.956565098096806787e-01 -7.841630127889069601e-02 -2.936920000000000155e-02 -3.168520044320803364e-01 9.033285452830948359e-02 9.441635359831156427e-01 6.853852000000000277e-01
9.383399715567887212e-01 -2.169669194668811391e-02 3.450323917219590975e-01 1.587645000000000028e-01 5.515227100205891825e-02 9.946414952174941204e-01 -8.744439944800941333e-02 -3.500500000000000139e-02 -3.412862798035108947e-01 1.010818952635836598e-01 9.345084941656771615e-01 7.440162000000000164e-01
9.291592366480062593e-01 -2.131006650874381000e-02 3.690650268138220835e-01 1.826676000000000133e-01 5.835325756575074352e-02 9.942759260601441440e-01 -8.950016865184003134e-02 -4.149139999999999773e-02 -3.650452167652104563e-01 1.046960549525891709e-01 9.250841722752610741e-01 8.021490999999999483e-01
9.197908204097259288e-01 -2.420349474544513865e-02 3.916618918558592011e-01 2.083538000000000057e-01 6.300500394706644303e-02 9.942557487984128306e-01 -8.652095387209758626e-02 -4.805569999999999981e-02 -3.873179781105360320e-01 1.042578381869426057e-01 9.160322521663479822e-01 8.598124999999999796e-01
9.105143517541540721e-01 -2.899993261594425997e-02 4.124592333285597157e-01 2.349862000000000062e-01 6.750243394087600268e-02 9.945798320697655237e-01 -7.908463221217290617e-02 -5.447239999999999721e-02 -4.079301860144334269e-01 9.984969478344776772e-02 9.075367771004555495e-01 9.170703999999999523e-01
9.017057347385986077e-01 -3.736817721536603298e-02 4.307323847484944568e-01 2.631197000000000119e-01 7.597156754438183501e-02 9.944512370134277468e-01 -7.276715005627795718e-02 -6.059180000000000121e-02 -4.256231770761239042e-01 9.833797096780289015e-02 8.995413023322287316e-01 9.731783999999999990e-01
8.948267556904716535e-01 -3.884308893971855081e-02 4.447204647214766382e-01 2.912622000000000266e-01 7.862594257960643651e-02 9.943472275343960831e-01 -7.135511367889831036e-02 -6.623279999999999446e-02 -4.394349080966752918e-01 9.881703059838008174e-02 8.928225781250076487e-01 1.028276299999999921e+00
8.888869819704975361e-01 -4.065249579824370407e-02 4.563193047294342164e-01 3.199598000000000164e-01 8.291503050890944304e-02 9.938814059730757267e-01 -7.297156005382426924e-02 -7.186589999999999645e-02 -4.505607961186671173e-01 1.026991988593681515e-01 8.868189463213766999e-01 1.083061000000000051e+00
8.783890899264898966e-01 -3.239936371595722453e-02 4.768468180966651260e-01 3.778517000000000126e-01 7.828041708028574130e-02 9.939793793777765840e-01 -7.666270066666486249e-02 -8.312550000000000494e-02 -4.714920815876438298e-01 1.046674476739127557e-01 8.756368781621634012e-01 1.190662499999999957e+00
8.720129721655313082e-01 -3.194447701276027785e-02 4.884392764340491633e-01 4.067844999999999933e-01 7.822385526751696183e-02 9.941380912505982659e-01 -7.463567506027947440e-02 -8.894660000000000066e-02 -4.831918923596740800e-01 1.032908801056428988e-01 8.694001318408450807e-01 1.243438199999999938e+00
8.626623788170396656e-01 -3.489736828308132033e-02 5.045748644756705703e-01 4.697670999999999930e-01 8.440847485639975389e-02 9.935595532294325682e-01 -7.559512920120502188e-02 -9.985239999999999394e-02 -4.986871058551071156e-01 1.078034687449589552e-01 8.600520813185744684e-01 1.349147799999999897e+00
8.605615254652040358e-01 -3.205748106626866989e-02 5.083366785868266291e-01 5.322424000000000044e-01 8.476996717107192214e-02 9.931127111311610633e-01 -8.087765856854776947e-02 -1.106174999999999936e-01 -5.022428830305276648e-01 1.126918847894604475e-01 8.573521012674913955e-01 1.456075699999999973e+00
8.659609368079491665e-01 -3.322881434514918242e-02 4.990065148070860213e-01 5.967881999999999909e-01 8.441500896898342099e-02 9.931853608373173437e-01 -8.035511980710459412e-02 -1.223647999999999958e-01 -4.929358601110953586e-01 1.117080342484966099e-01 8.628647361555989992e-01 1.568079199999999895e+00
8.744097807417333668e-01 -3.151648630451083649e-02 4.841634501221787068e-01 6.615992000000000539e-01 8.082172596786427188e-02 9.934073290610132556e-01 -8.130022865551582434e-02 -1.343202000000000007e-01 -4.784092222718634990e-01 1.102206408023528178e-01 8.711923016110446616e-01 1.685054800000000075e+00
8.807350606353294697e-01 -2.620041916187761805e-02 4.728840143242573069e-01 7.275175999999999865e-01 7.341589704587345167e-02 9.939521931959569567e-01 -8.166482536500466183e-02 -1.475989000000000051e-01 -4.678844505095591799e-01 1.066422790298900136e-01 8.773320724188069519e-01 1.809104700000000010e+00
8.817028812600288257e-01 -2.046238878636506830e-02 4.713611352486744566e-01 7.951555000000000151e-01 6.581708016147140572e-02 9.946247292665604256e-01 -7.993597369419976062e-02 -1.605166000000000093e-01 -4.671917605617439961e-01 1.015033919461659634e-01 8.783102642498498147e-01 1.936802600000000041e+00
8.809238759152128173e-01 -2.075339627645705551e-02 4.728027298837337855e-01 8.643838999999999828e-01 6.544084905250190098e-02 9.947825334133472142e-01 -7.826369842404820587e-02 -1.739892000000000105e-01 -4.687116598910317511e-01 9.988497263710413576e-02 8.776858049002949080e-01 2.067494200000000060e+00
8.807097554072167434e-01 -2.196129215642281945e-02 4.731469416337601430e-01 9.364377000000000395e-01 6.588440264524955681e-02 9.948936698552480751e-01 -7.645803535296549769e-02 -1.880911000000000111e-01 -4.690517798907058999e-01 9.851034122759361189e-02 8.776594672494474336e-01 2.201626800000000106e+00
8.806704595940935132e-01 -2.045178837076731815e-02 4.732877200506742099e-01 1.009746400000000044e+00 6.364005346579658384e-02 9.951191974741266932e-01 -7.541701673575093579e-02 -2.023541000000000090e-01 -4.694352832853518898e-01 9.653759459861910308e-02 8.776736338958315287e-01 2.338412500000000005e+00
8.811969654839422184e-01 -1.879236201241803531e-02 4.723756504646340892e-01 1.084017500000000078e+00 6.152924325333460065e-02 9.952694382973464871e-01 -7.518575274582467438e-02 -2.157602000000000131e-01 -4.687281304195043963e-01 9.531837347163729657e-02 8.781846886800962482e-01 2.476842899999999847e+00
8.829499180494043697e-01 -2.154715881895183718e-02 4.689724535229984337e-01 1.155770500000000034e+00 6.188734802753587116e-02 9.955705898790772057e-01 -7.077539630369356072e-02 -2.303665000000000018e-01 -4.653701734862997208e-01 9.151459181276552779e-02 8.803724672629614778e-01 2.612438000000000038e+00
8.854064651672185482e-01 -2.245905291720813254e-02 4.642746841926157497e-01 1.226975699999999891e+00 6.170342149362530171e-02 9.956712986423970069e-01 -6.950793361726891051e-02 -2.428752999999999884e-01 -4.607038953775745016e-01 9.019011033270048217e-02 8.829596054079168477e-01 2.749102600000000063e+00
8.871653499490874673e-01 -2.250773263556823944e-02 4.609024233189915609e-01 1.298160999999999898e+00 6.177352930716831225e-02 9.956124254997407164e-01 -7.028463037862187068e-02 -2.567566000000000015e-01 -4.572982319303777743e-01 9.082565806053294333e-02 8.846632279637385299e-01 2.885278700000000196e+00
8.852750736656826991e-01 -1.874606577579295344e-02 4.646898201641065373e-01 1.368153500000000022e+00 6.028413574301058619e-02 9.953828179094167394e-01 -7.469182544580860172e-02 -2.712317000000000200e-01 -4.611440847760472916e-01 9.413623547093069588e-02 8.823176878241890675e-01 3.019848599999999994e+00
8.797621562134668727e-01 -1.837164139825338618e-02 4.750589766407593006e-01 1.439448000000000061e+00 6.035220959886200554e-02 9.954844664608878402e-01 -7.326860058453743552e-02 -2.852488000000000246e-01 -4.715677674429907262e-01 9.312980096303993816e-02 8.768983298429857687e-01 3.153989800000000177e+00
8.739993475696812286e-01 -1.846897854415910020e-02 4.855759850726834026e-01 1.512974700000000006e+00 5.890099645047276733e-02 9.959357765119737360e-01 -6.813663978090850337e-02 -2.994385999999999992e-01 -4.823440816107448237e-01 8.815228808730538046e-02 8.715350601324423074e-01 3.286968499999999960e+00
8.710639869202708718e-01 -1.911159245641785853e-02 4.907975934378061567e-01 1.549857599999999946e+00 6.135687647007032064e-02 9.956494255541888938e-01 -7.012528148571116338e-02 -3.062885000000000191e-01 -4.873221361690835973e-01 9.119741458722109562e-02 8.684469858156038669e-01 3.352135699999999829e+00
8.654328936335363709e-01 -1.607285661825897868e-02 5.007669816363825577e-01 1.623491800000000040e+00 6.083850044539407254e-02 9.954605580647016838e-01 -7.319121669345636516e-02 -3.195384000000000002e-01 -4.973173870684997055e-01 9.380799868690083143e-02 8.624821597585183852e-01 3.480858599999999914e+00
8.632113906728449138e-01 -1.436701894298398827e-02 5.046381711477492260e-01 1.660600300000000029e+00 5.971615920891144846e-02 9.954830940226530034e-01 -7.380643497976066558e-02 -3.264386000000000232e-01 -5.012983895266260870e-01 9.384560875063702179e-02 8.601702891731574097e-01 3.544771700000000081e+00
8.596729267415813558e-01 -2.031591153936974925e-02 5.104407142518004870e-01 1.736361999999999961e+00 6.142003278003266287e-02 9.960709847234455738e-01 -6.379790721775334406e-02 -3.389854999999999952e-01 -5.071390722482970181e-01 8.619661901948273697e-02 8.575430626322777528e-01 3.672514399999999846e+00
8.583742237903753125e-01 -2.479691664873586235e-02 5.124244381925849856e-01 1.773977300000000090e+00 6.084361970006862963e-02 9.967023464399688004e-01 -5.368879345686508597e-02 -3.449195999999999929e-01 -5.094033233834110996e-01 7.726283405218931088e-02 8.570523371417638758e-01 3.735797600000000163e+00
8.564597412298338153e-01 -2.434350382309522984e-02 5.156395111646712159e-01 1.847933800000000071e+00 6.230497142242533148e-02 9.964598581287589241e-01 -5.644326066116692880e-02 -3.558640000000000136e-01 -5.124400474090378133e-01 8.046828542741929491e-02 8.549444735488933578e-01 3.860066400000000009e+00
8.552012557959427497e-01 -2.705371141131870591e-02 5.175895176526622565e-01 1.923021000000000091e+00 7.007835061191691750e-02 9.955020281252983105e-01 -6.375528820365336524e-02 -3.669027999999999734e-01 -5.135365973916131699e-01 9.079542222651285077e-02 8.532504640737990087e-01 3.982512499999999900e+00
8.555120590025651062e-01 -3.049932347036023172e-02 5.168838439814518182e-01 1.997732300000000016e+00 7.186454093175206892e-02 9.955960770190430686e-01 -6.019916262673599694e-02 -3.779518000000000044e-01 -5.127714936088589859e-01 8.864672973179557602e-02 8.539362696653642892e-01 4.105255099999999935e+00
8.563426993827421008e-01 -3.172943290975720199e-02 5.154322693633993646e-01 2.069728599999999918e+00 6.691169694491665154e-02 9.965141584273431441e-01 -4.982325627451279770e-02 -3.879216999999999804e-01 -5.120546904636557040e-01 7.715422957342886467e-02 8.554806945998842949e-01 4.227342100000000436e+00
8.579599760035652167e-01 -1.950598055131948921e-02 5.133460784876937577e-01 2.140257599999999982e+00 5.098848189293912064e-02 9.975779497285445219e-01 -4.731182653044528619e-02 -3.975369999999999737e-01 -5.111798649107917036e-01 6.676639078252674664e-02 8.568765341469327668e-01 4.349796300000000393e+00
8.591052523481365055e-01 -2.302886360822922751e-02 5.112805852257235051e-01 2.176258300000000201e+00 5.426148469986738498e-02 9.974551358194050366e-01 -4.624871139456989549e-02 -4.021063999999999750e-01 -5.089143903113869660e-01 6.747535452597294703e-02 8.581685264944080016e-01 4.410238299999999612e+00
8.639808588093274011e-01 -2.669277426904044515e-02 5.028166379635017336e-01 2.247138500000000150e+00 6.026890627932379729e-02 9.968969510466280104e-01 -5.063721882006400055e-02 -4.112830000000000097e-01 -4.999047254697550624e-01 7.405379663298169990e-02 8.629086282204215808e-01 4.530611999999999639e+00
8.683005579504271543e-01 -3.117146088451793265e-02 4.950580583015509739e-01 2.282658800000000099e+00 6.486576813188750512e-02 9.965888790959001042e-01 -5.101997831279093953e-02 -4.158034999999999926e-01 -4.917789881518293549e-01 7.641299685722592605e-02 8.673606405202282099e-01 4.591773500000000396e+00
8.726648123914764188e-01 -3.805945691569267986e-02 4.868342664121248498e-01 2.317019499999999788e+00 7.178249948872096609e-02 9.961259302113721903e-01 -5.079767640040548649e-02 -4.209887999999999963e-01 -4.830149045121702733e-01 7.927552522570298354e-02 8.720160509527837833e-01 4.652141099999999696e+00
8.782506427874062771e-01 -3.546315213455851489e-02 4.768838152885762072e-01 2.349645600000000112e+00 6.839526688683712774e-02 9.963089871478463255e-01 -5.186992959230643518e-02 -4.255921999999999761e-01 -4.732841597930212418e-01 7.817139482645593662e-02 8.774345201323573429e-01 4.713212000000000401e+00
8.841577676127665431e-01 -3.419993011671357275e-02 4.659349812474063990e-01 2.381396300000000021e+00 6.556548838339358587e-02 9.965302036918536333e-01 -5.127104312299213262e-02 -4.301169000000000242e-01 -4.625648156778205955e-01 7.588094563119615610e-02 8.833322553756651763e-01 4.775086400000000175e+00
8.901567454832074455e-01 -3.676919592864719144e-02 4.541684651112459781e-01 2.412725700000000195e+00 6.563260981374414993e-02 9.966912745550901009e-01 -4.794646759446115347e-02 -4.350452000000000208e-01 -4.509027932933894478e-01 7.248813321165509249e-02 8.896247194990190010e-01 4.837136700000000289e+00
8.958199884136854863e-01 -3.658346222173151224e-02 4.429087926993271473e-01 2.443026999999999838e+00 6.454882993694673055e-02 9.967485758808553031e-01 -4.822577146358619782e-02 -4.396706000000000225e-01 -4.397044426797113159e-01 7.179085437127809277e-02 8.952687173784005248e-01 4.899318199999999734e+00
9.014857877956183874e-01 -3.787869474997065944e-02 4.311479779455680283e-01 2.472175399999999801e+00 6.467819613166179982e-02 9.967672119618228299e-01 -4.766399168144515308e-02 -4.442878000000000105e-01 -4.279487181283146979e-01 7.085428456976423928e-02 9.010214009724957229e-01 4.961622199999999872e+00
9.072722158728439013e-01 -3.899477526355626944e-02 4.187320549078185628e-01 2.501087200000000177e+00 6.561043503916846875e-02 9.966243497668850759e-01 -4.934750516190834768e-02 -4.486647000000000274e-01 -4.153942670754505184e-01 7.224481264338813991e-02 9.067680463751306430e-01 5.023829499999999726e+00
9.128464362947924515e-01 -3.769247033903842803e-02 4.065595422857986030e-01 2.528857700000000097e+00 6.525539492227450111e-02 9.963987739031502366e-01 -5.414071294171098753e-02 -4.542270999999999948e-01 -4.030547322355059192e-01 7.595236035857917678e-02 9.120187069235614619e-01 5.086403400000000019e+00
9.178243031334000213e-01 -3.714788860914781943e-02 3.952449657485481160e-01 2.555440899999999793e+00 6.787892374527806916e-02 9.956355445245992364e-01 -6.404931061602016362e-02 -4.590247000000000077e-01 -3.911406400374056180e-01 8.561481677307412885e-02 9.163400585263320464e-01 5.148454700000000273e+00
9.231875638743887169e-01 -3.520026413565972845e-02 3.827344553505095393e-01 2.581188000000000038e+00 6.688724216444347226e-02 9.953162031638839169e-01 -6.979794090849060495e-02 -4.643439999999999790e-01 -3.784848989633622374e-01 9.003664323046388362e-02 9.212179894750663900e-01 5.210901699999999970e+00
9.328246051569096808e-01 -3.666491368926842048e-02 3.584605140291103331e-01 2.630344599999999922e+00 6.387954389835628910e-02 9.958793783225549090e-01 -6.437132671632292413e-02 -4.762649999999999939e-01 -3.546232647263762305e-01 8.294545156933028074e-02 9.313229258311890302e-01 5.337648899999999585e+00
9.366144666594280466e-01 -3.351293891324196722e-02 3.487552490926442150e-01 2.653404699999999838e+00 6.060239007495054481e-02 9.959072064825349457e-01 -6.705360835448714862e-02 -4.820327999999999835e-01 -3.450807023892795700e-01 8.393878127272710876e-02 9.348120612384986927e-01 5.401049600000000339e+00
9.393702974030457842e-01 -2.691296735589678718e-02 3.418466564777456473e-01 2.675476100000000024e+00 5.539863929967680373e-02 9.957302452877614396e-01 -7.383948390203451395e-02 -4.882945000000000202e-01 -3.383998154855550333e-01 8.830045757115273508e-02 9.368503584202054757e-01 5.464303499999999758e+00
9.413687467505177375e-01 -1.871095095745454323e-02 3.368601830962324462e-01 2.697201300000000135e+00 4.909105055588267735e-02 9.954311647013820430e-01 -8.189545223374521121e-02 -4.941460999999999770e-01 -3.337887826106192835e-01 9.363063951248866423e-02 9.379863282307493444e-01 5.527526899999999799e+00
9.427320519566588786e-01 -1.435072002099486640e-02 3.332421567696176035e-01 2.719230200000000153e+00 4.539755298635528291e-02 9.952976297235707204e-01 -8.556687705819940315e-02 -5.005043999999999604e-01 -3.304471824610378250e-01 9.579501605783552476e-02 9.389504643494461789e-01 5.591555600000000403e+00
9.440644629340239069e-01 -1.365440435440610015e-02 3.294781435343162035e-01 2.740666599999999953e+00 4.420829652057467474e-02 9.953636838898977102e-01 -8.542109406862420651e-02 -5.076884999999999870e-01 -3.267842045507127202e-01 9.520868676154596588e-02 9.402911196120591342e-01 5.654860000000000220e+00
9.475930311052440658e-01 -1.160036773993204824e-02 3.192692889538145673e-01 2.782218199999999975e+00 4.012251480338784038e-02 9.957495079790827930e-01 -8.290416856386872979e-02 -5.208137999999999934e-01 -3.169505185460782526e-01 9.136929915301297833e-02 9.440307304138246813e-01 5.782235100000000294e+00
9.495017218630121825e-01 -1.303708897425425589e-02 3.134908523230821031e-01 2.803600499999999940e+00 3.976174348038626766e-02 9.960807995032707751e-01 -7.900661121909255402e-02 -5.276039999999999619e-01 -3.112322025989197605e-01 8.748185624460799725e-02 9.462988116305666164e-01 5.846850899999999740e+00
9.535015863233814448e-01 -3.291506919574639992e-03 3.013700231625459636e-01 2.843443900000000024e+00 2.817063130369449470e-02 9.965360842982033951e-01 -7.824479678263177029e-02 -5.404900000000000260e-01 -3.000685595172317144e-01 8.309632166228794747e-02 9.502914610346927526e-01 5.975384700000000215e+00
9.575464563845811350e-01 2.386923397332476812e-03 2.882691215895777925e-01 2.880885099999999976e+00 2.294153241616588706e-02 9.961632824227710792e-01 -8.445354251355327579e-02 -5.539072000000000440e-01 -2.873646985204159621e-01 8.748152576050446938e-02 9.538178613838622644e-01 6.104168900000000342e+00
9.636236586378919000e-01 -6.845934619527701409e-04 2.672619985054281999e-01 2.936031600000000186e+00 2.318037049494641594e-02 9.964424539388790913e-01 -8.102534425710192223e-02 -5.742424999999999891e-01 -2.662557322144269989e-01 8.427317081999888271e-02 9.602113922167881954e-01 6.298183899999999724e+00
9.655950228272807134e-01 -1.332813862678552258e-04 2.600504453510036340e-01 2.953442599999999807e+00 2.128575632956004882e-02 9.966848392128849765e-01 -7.852545995194240569e-02 -5.810340999999999978e-01 -2.591778703297444864e-01 8.135916370795356900e-02 9.623967570664816451e-01 6.364073799999999892e+00
9.689389111032327140e-01 2.302885435548648538e-03 2.472894726201509963e-01 2.986324300000000154e+00 1.953413005843188111e-02 9.961195096027967155e-01 -8.581573487154900426e-02 -5.939031999999999645e-01 -2.465274920022956229e-01 8.798078942220546872e-02 9.651339680996123827e-01 6.494178800000000251e+00
9.706531793006467623e-01 3.220599407337128642e-03 2.404621243626610394e-01 3.001454400000000078e+00 1.815887608111394630e-02 9.960740726189769578e-01 -8.664119733542274826e-02 -6.009716999999999976e-01 -2.397971241133161346e-01 8.846507557054578141e-02 9.667839829410085351e-01 6.557392100000000390e+00
9.742712951954671796e-01 -1.020050289946032238e-03 2.253761363932590134e-01 3.031678900000000176e+00 2.070194748064765888e-02 9.961673025992341390e-01 -8.498314305010375158e-02 -6.147985000000000255e-01 -2.244256507814011148e-01 8.746236178821077678e-02 9.705583251622608154e-01 6.686465700000000290e+00
9.760877575725175337e-01 -3.917641042523106049e-03 2.173415321693400182e-01 3.046773400000000187e+00 2.296569646747231158e-02 9.961004695020692079e-01 -8.518469019443146439e-02 -6.223505999999999760e-01 -2.161602791976783566e-01 8.813913288896867149e-02 9.723714449482576683e-01 6.751737099999999714e+00
9.789711426463036936e-01 7.316494309726924439e-04 2.039974670305998716e-01 3.073721899999999785e+00 1.725549478474872056e-02 9.961127590199173598e-01 -8.638066460418901416e-02 -6.351664000000000199e-01 -2.032676800810301609e-01 8.808425515855851373e-02 9.751530209293503004e-01 6.883522499999999766e+00
9.810875748662882812e-01 4.038586503372441211e-04 1.935639618864413991e-01 3.098501000000000172e+00 1.634729451065199124e-02 9.962523317810486612e-01 -8.493560727401387733e-02 -6.489825999999999651e-01 -1.928728503578645281e-01 8.649351605186401948e-02 9.774041821456560530e-01 7.013812500000000227e+00
9.829105527495494155e-01 -1.948957228387209611e-03 1.840734822273354943e-01 3.123558800000000080e+00 1.811803385231802732e-02 9.961131458451335519e-01 -8.619940558865715752e-02 -6.623381000000000407e-01 -1.831900164935347797e-01 8.806135497613853946e-02 9.791254340567734360e-01 7.145296100000000372e+00
9.855595527490388363e-01 -1.821402112402838169e-02 1.683467178759600613e-01 3.159808899999999809e+00 3.210423673422515417e-02 9.962648827006680419e-01 -8.015984955784882793e-02 -6.827102000000000448e-01 -1.662578899445902314e-01 8.440694836278336832e-02 9.824631194600920159e-01 7.343298400000000115e+00
9.869277194998952174e-01 -1.399826805232713862e-02 1.605544299428434962e-01 3.180530500000000149e+00 2.790227876863334011e-02 9.960178425131493984e-01 -8.467538151652227729e-02 -6.955109000000000430e-01 -1.587297682296982260e-01 8.804831563968913699e-02 9.833882014701823548e-01 7.475039500000000281e+00
9.873550637054524515e-01 -1.077257031359784428e-02 1.581579270983296259e-01 3.200378900000000026e+00 2.419767322200083032e-02 9.962385656700680769e-01 -8.320572625899487484e-02 -7.091806999999999972e-01 -1.566666869051720756e-01 8.598064898850273086e-02 9.839018636092080605e-01 7.606297500000000156e+00
9.877351790896937711e-01 -1.253493556663810155e-02 1.556344800453638155e-01 3.221719999999999917e+00 2.424384750906578845e-02 9.969957129653234107e-01 -7.356482982189037345e-02 -7.220552999999999555e-01 -1.542447789930267710e-01 7.643574896020026432e-02 9.850716341638742213e-01 7.738273600000000307e+00
9.880512008482156272e-01 -1.212332712949458664e-02 1.536484605901093092e-01 3.241414300000000193e+00 2.408268394819648717e-02 9.968004964814645152e-01 -7.621544822512849038e-02 -7.342756999999999756e-01 -1.522328769886794053e-01 7.900503245754172954e-02 9.851818898102686628e-01 7.867110699999999568e+00
9.880594823287193185e-01 -7.771248643537517244e-03 1.538767918655166156e-01 3.260235799999999795e+00 2.024946451289050958e-02 9.966138431982033419e-01 -7.969194898261759696e-02 -7.461634999999999796e-01 -1.527364349696705426e-01 8.185630849377008300e-02 9.848711216156804671e-01 7.994994600000000062e+00
9.882393872582303507e-01 -5.742798433556968452e-03 1.528068510821063430e-01 3.269920299999999891e+00 1.799704124039927869e-02 9.967174905701505772e-01 -7.893256931161631018e-02 -7.526869999999999949e-01 -1.518519673170843354e-01 8.075434513196970421e-02 9.850988355308506472e-01 8.058135000000000048e+00
9.883478930363888137e-01 -7.811835603850030355e-03 1.520112415416352836e-01 3.288784999999999847e+00 2.045317962118179539e-02 9.964408679670733182e-01 -8.177569375070634083e-02 -7.650487999999999733e-01 -1.508313951865281888e-01 8.393194784778951201e-02 9.849900092673841145e-01 8.184813500000000630e+00
9.884358737882164014e-01 7.640329000176219673e-03 1.514468513416313833e-01 3.306004800000000188e+00 5.567123398055439515e-03 9.962282059311151627e-01 -8.659312238476223056e-02 -7.782829999999999471e-01 -1.515372249501618640e-01 8.643487189809824500e-02 9.846651625676432484e-01 8.311080900000000327e+00
9.885029915109447840e-01 5.644961707708465171e-03 1.510958973011230499e-01 3.315785899999999842e+00 8.094152420079051696e-03 9.958943576634783357e-01 -9.016048508436697029e-02 -7.846410000000000329e-01 -1.509845040741384925e-01 9.034690244477858179e-02 9.843988605987514795e-01 8.374256100000000202e+00
9.888003472666841986e-01 5.209987980286909064e-03 1.491533749887348492e-01 3.333775000000000155e+00 8.619524858050967020e-03 9.957287505592447019e-01 -9.192365909246043298e-02 -7.985704999999999609e-01 -1.489952248782031863e-01 9.217977725602675976e-02 9.845320267154964444e-01 8.498384500000000230e+00
9.890234130959204562e-01 -3.533815663184135258e-03 1.477166222703286402e-01 3.342962700000000176e+00 1.695361346867879648e-02 9.958255766415388122e-01 -8.968832642491043894e-02 -8.052654000000000201e-01 -1.467830485391652673e-01 9.120818523249592247e-02 9.849547216030509755e-01 8.559656099999999768e+00
9.894962414559577146e-01 -9.172262207173067367e-03 1.442673135208936974e-01 3.352711400000000008e+00 2.170804447495658027e-02 9.960964697973073712e-01 -8.556040943342495264e-02 -8.120481000000000504e-01 -1.429193791954271042e-01 8.779346481000092906e-02 9.858328248679127936e-01 8.621807099999999835e+00
9.897170523008110843e-01 -1.311941503028207258e-02 1.424360815743570818e-01 3.361838600000000010e+00 2.472311712595735150e-02 9.964878417514885234e-01 -8.000467936962639415e-02 -8.186381000000000352e-01 -1.408862089225552394e-01 8.270345936370339379e-02 9.865653622262979816e-01 8.683743500000000282e+00
9.901925002205778092e-01 -1.708816655245128449e-02 1.386607625494563623e-01 3.370242800000000205e+00 2.831907411870324479e-02 9.964379870716957299e-01 -7.943153002156461140e-02 -8.247459999999999791e-01 -1.368095119060821485e-01 8.257924972039290545e-02 9.871493427884336924e-01 8.744427699999999248e+00
9.909095161664280837e-01 -1.697293306055129569e-02 1.334550497888237763e-01 3.378511000000000042e+00 2.842703604116336713e-02 9.960266816538088097e-01 -8.439640428132308414e-02 -8.312178999999999540e-01 -1.314923358706878709e-01 8.742293164281425555e-02 9.874548073862652320e-01 8.804623599999999328e+00
9.917191507885089186e-01 -1.901161687414741966e-02 1.270105679979002256e-01 3.385981099999999966e+00 3.029442010050251502e-02 9.957036347509836682e-01 -8.750154201186394198e-02 -8.374120999999999926e-01 -1.248013384146695604e-01 9.062466644082259326e-02 9.880343090006524776e-01 8.864522900000000760e+00
9.927716352404185596e-01 -1.876771108815005265e-02 1.185422004291172698e-01 3.393208000000000002e+00 2.938656723538495344e-02 9.956447004185320360e-01 -8.847632561658366757e-02 -8.433675999999999950e-01 -1.163654155158889286e-01 9.132033480558024441e-02 9.889993359567088582e-01 8.925726900000000796e+00
9.938277428764804577e-01 -2.100692326930485992e-02 1.089271621947336399e-01 3.399620099999999923e+00 3.029687056811639773e-02 9.959758983350944783e-01 -8.434518106792165959e-02 -8.495549999999999491e-01 -1.067169954731629067e-01 8.712473305760670694e-02 9.904649230370663471e-01 8.986448299999999278e+00
9.949497182618084468e-01 -2.543871003102600448e-02 9.709752912770412692e-02 3.405567899999999870e+00 3.350688250788389638e-02 9.960368145507668691e-01 -8.238903376156354874e-02 -8.560891999999999946e-01 -9.461684287351189437e-02 8.522638142921808158e-02 9.918589198838363430e-01 9.046678500000000511e+00
9.960432802397749530e-01 -3.018614959410923990e-02 8.358576590467503564e-02 3.410641700000000220e+00 3.731967207002346437e-02 9.956697538884946574e-01 -8.514096116564766337e-02 -8.621064000000000505e-01 -8.065374117655663144e-02 8.792347561548320700e-02 9.928567049025345259e-01 9.106804800000000810e+00
9.971442431821917474e-01 -3.065573175626913269e-02 6.901872498895976482e-02 3.415077699999999883e+00 3.659674223039023622e-02 9.955769621851845441e-01 -8.652855496448558226e-02 -8.683842999999999979e-01 -6.606085638815438477e-02 8.880731094120181135e-02 9.938557364007395423e-01 9.167165799999999365e+00
9.985614374468658738e-01 -3.366295025028852306e-02 4.173561338348318744e-02 3.420224699999999896e+00 3.726764322914168093e-02 9.953487618109223556e-01 -8.883673299716279836e-02 -8.810050000000000381e-01 -3.855098458138769141e-02 9.026432374925535962e-02 9.951714291748409158e-01 9.285126699999999289e+00
9.991460924386411646e-01 -2.990882105598063542e-02 2.850523439011999616e-02 3.421082499999999804e+00 3.251402436564949927e-02 9.948691110242405822e-01 -9.580339320393231606e-02 -8.875024000000000246e-01 -2.549361065334412868e-02 9.664840584758056796e-02 9.949920409043366831e-01 9.342851599999999479e+00
9.997922199909384799e-01 -2.031025990740970705e-02 1.734989361446728166e-03 3.420277599999999918e+00 2.037573295271274260e-02 9.932915568255989980e-01 -1.138275566179719755e-01 -9.011441000000000034e-01 5.885169756291324696e-04 1.138392572071310893e-01 9.934990071289946378e-01 9.456815699999999936e+00
9.997091198741381302e-01 -2.121547254074719960e-02 -1.147080491286079154e-02 3.419266900000000220e+00 1.976151154869533119e-02 9.932051016236844720e-01 -1.146870034921017023e-01 -9.083054999999999879e-01 1.382600093255062501e-02 1.144269628783328718e-01 9.933354478043425750e-01 9.513743399999999184e+00
9.995750391164501814e-01 -1.724861902599952521e-02 -2.349949610189469920e-02 3.417387499999999800e+00 1.453275705087433457e-02 9.936914049984189035e-01 -1.112033749702254631e-01 -9.154546000000000072e-01 2.526935194751340000e-02 1.108146054180775969e-01 9.935197950107428344e-01 9.570340200000000408e+00
9.989863571423611699e-01 -1.124359636008809629e-02 -4.358715159684339174e-02 3.411583900000000114e+00 6.129600672893746605e-03 9.932615202131780396e-01 -1.157323656519526067e-01 -9.304670000000000440e-01 4.459468846203159392e-02 1.153478825323543400e-01 9.923236265232611153e-01 9.682846100000000789e+00
9.987060214163281380e-01 -8.350301831095068711e-03 -5.016527928855051000e-02 3.407969500000000096e+00 2.094285469742807569e-03 9.923438916146547495e-01 -1.234877109005324547e-01 -9.377322000000000157e-01 5.081236813158671040e-02 1.232228600317809009e-01 9.910773077870607128e-01 9.737854999999999706e+00
9.985648121639189023e-01 -6.469090556739547082e-03 -5.316452553541730491e-02 3.404248200000000057e+00 -3.069160458633759907e-04 9.919706111547805794e-01 -1.264682268704352130e-01 -9.448009000000000546e-01 5.355578129929696590e-02 1.263030382555375419e-01 9.905449615322073909e-01 9.793421699999999674e+00
9.985459744597980913e-01 -3.814906816487211028e-03 -5.377158521109216827e-02 3.401047900000000013e+00 -2.768444740251634409e-03 9.925473426982102110e-01 -1.218281913862380023e-01 -9.524949000000000332e-01 5.383560721169958208e-02 1.217999137466984488e-01 9.910935921533567949e-01 9.849847799999999154e+00
9.986432032606635811e-01 -2.033361304159876128e-03 -5.203477705427303479e-02 3.397865499999999983e+00 -4.107041400726821161e-03 9.930493493890172330e-01 -1.176270457377147499e-01 -9.606031999999999904e-01 5.191227978247410502e-02 1.176811587292395239e-01 9.916936321707071622e-01 9.905968700000000737e+00
9.987888164544310721e-01 -3.577974547909976762e-03 -4.907237740003342341e-02 3.395177799999999912e+00 -2.076116150263463810e-03 9.933995169688414340e-01 -1.146869191660627174e-01 -9.679655000000000342e-01 4.915882288346028195e-02 1.146498922119288111e-01 9.921888995289686042e-01 9.961334199999999583e+00
9.989320384647853990e-01 -4.800993668009253743e-03 -4.595359603326098358e-02 3.392575700000000083e+00 -5.260736882426570414e-04 9.933404649392821861e-01 -1.152147731876659031e-01 -9.748917999999999751e-01 4.620071184584653018e-02 1.151159032193662390e-01 9.922770898549087004e-01 1.001645569999999985e+01
9.990890949150565969e-01 -6.206992746666934596e-03 -4.221911489901249148e-02 3.390139599999999920e+00 1.310792734686121695e-03 9.933619031418554624e-01 -1.150235245886586793e-01 -9.823539999999999495e-01 4.265281050786558226e-02 1.148634085661482535e-01 9.924651808140909637e-01 1.007155990000000045e+01
9.992734437748238552e-01 -5.087825632523346880e-03 -3.777166393921269766e-02 3.388137799999999977e+00 7.600059874801005227e-04 9.935126344706818324e-01 -1.137192487577379230e-01 -9.896253000000000410e-01 3.810520905732937141e-02 1.136079186388797568e-01 9.927946584592600709e-01 1.012695880000000059e+01
9.994688644682907519e-01 -4.132865040085614838e-03 -3.232504269178980427e-02 3.386079300000000014e+00 4.263016014652931760e-04 9.934988676810617703e-01 -1.138411972152114510e-01 -9.964520000000000044e-01 3.258538361612739465e-02 1.137669518929311924e-01 9.929729469787086371e-01 1.018155959999999993e+01
9.996366782857746269e-01 -2.992017697376296928e-03 -2.678729653924388776e-02 3.384514300000000198e+00 -2.736280803570276081e-05 9.937066762637950523e-01 -1.120135741775877269e-01 -1.003533999999999926e+00 2.695386200639041802e-02 1.119736101894540092e-01 9.933455591807317520e-01 1.023647210000000030e+01
9.997793237108886233e-01 -4.765429028863945801e-03 -2.045958372912488887e-02 3.383195399999999964e+00 2.499251118785143257e-03 9.939955408464011821e-01 -1.093920404842858851e-01 -1.010751100000000013e+00 2.085803499957419871e-02 1.093167666172085994e-01 9.937880996028857217e-01 1.029138949999999930e+01
9.999519490805283128e-01 -1.327704055103831951e-03 -9.712709817278203372e-03 3.381178600000000145e+00 2.466627323669542222e-04 9.938798363325278551e-01 -1.104663301152172261e-01 -1.024454699999999940e+00 9.799933037988210055e-03 1.104586263429423176e-01 9.938324069876577349e-01 1.039913370000000015e+01
9.999810262463463273e-01 -5.250379922446002942e-04 -6.137709866955076178e-03 3.380926399999999887e+00 -1.708064996025905169e-04 9.936148290518115322e-01 -1.128252733809188696e-01 -1.031437200000000054e+00 6.157757095234550095e-03 1.128241810227137848e-01 9.935958867689167473e-01 1.045302769999999981e+01
9.999940038064978332e-01 -1.470350181968606892e-04 -3.459874528559669926e-03 3.380478099999999930e+00 -2.524590076709258145e-04 9.933444184437062452e-01 -1.151816070871749947e-01 -1.038266399999999923e+00 3.453782781154304295e-03 1.151817899124611549e-01 9.933384250380442593e-01 1.050595279999999931e+01
9.999936746632094309e-01 -3.026460327337884577e-03 -1.868467676539675802e-03 3.380611700000000219e+00 2.787993102967856792e-03 9.931768348091413179e-01 -1.165847412526760940e-01 -1.045045299999999955e+00 2.208557907103042301e-03 1.165787945399277270e-01 9.931789903816875542e-01 1.055936720000000051e+01
9.999397409124969327e-01 -9.163540997306729788e-03 -6.045168338359254746e-03 3.380248299999999873e+00 8.434440971993183503e-03 9.937586825567492621e-01 -1.112319245925558059e-01 -1.058938300000000110e+00 7.026716824974881502e-03 1.111742342427630009e-01 9.937760889109764628e-01 1.066505620000000043e+01
9.995985310036267224e-01 -1.389585985776847776e-02 -2.469173736707773112e-02 3.377958800000000039e+00 1.104803956025711062e-02 9.936532354856836280e-01 -1.119427908831449464e-01 -1.072751999999999928e+00 2.609056605875920490e-02 1.116250540319949219e-01 9.934078365279226386e-01 1.076904009999999978e+01
9.983596763217863490e-01 -1.683998196446553908e-02 -5.472085253442687813e-02 3.372739600000000060e+00 1.072162265095603396e-02 9.938473504734844921e-01 -1.102383361837679654e-01 -1.085937399999999942e+00 5.624058590011775383e-02 1.094708132986661198e-01 9.923976710640448617e-01 1.087193579999999926e+01
9.960437077094381753e-01 -1.239196489166404999e-02 -8.799642912390842620e-02 3.363146500000000039e+00 3.674980612377511113e-03 9.951263485194637992e-01 -9.853956058262725026e-02 -1.099174300000000049e+00 8.878866397200671501e-02 9.782632410779004695e-02 9.912348780494074640e-01 1.097499280000000077e+01
9.924090812862170763e-01 -1.231611538808616638e-02 -1.223622845585757013e-01 3.350225700000000195e+00 2.004761641083097935e-03 9.964606038257992626e-01 -8.403717007304566111e-02 -1.110252100000000075e+00 1.229642074402504670e-01 8.315394353168649444e-02 9.889212432563677657e-01 1.107544520000000077e+01
9.901579104378658291e-01 -9.926718091571553465e-03 -1.396021943425301559e-01 3.342448699999999828e+00 -1.035126911359874648e-03 9.969347161478933073e-01 -7.823106960406824018e-02 -1.115530399999999922e+00 1.399508517644550698e-01 7.760561839873229839e-02 9.871125199709269715e-01 1.112496190000000063e+01
9.844750869429910178e-01 -1.007790351356246603e-02 -1.752348111802036756e-01 3.324517699999999909e+00 -3.065023073321882039e-03 9.972110815257644312e-01 -7.456986332142075125e-02 -1.125281999999999893e+00 1.754976034655468253e-01 7.394927141619918320e-02 9.816985771787911652e-01 1.122121620000000064e+01
9.812902150571921611e-01 -9.165582202789991639e-03 -1.923161614006825282e-01 3.314185900000000018e+00 -5.100735959018969611e-03 9.972780714395665935e-01 -7.355563009352313053e-02 -1.129809700000000028e+00 1.924668707224332920e-01 7.316037403309753884e-02 9.785724619800271196e-01 1.126824380000000048e+01
9.749527550180702162e-01 -1.906282044040859963e-03 -2.224038928873399990e-01 3.291240699999999908e+00 -1.348927068198572075e-02 9.976156294640937672e-01 -6.768378997535640096e-02 -1.138328199999999901e+00 2.220026239915712518e-01 6.898856381842286001e-02 9.726023920406161594e-01 1.136099339999999991e+01
