1.000000000000000000e+00 0.000000000000000000e+00 0.000000000000000000e+00 0.000000000000000000e+00 0.000000000000000000e+00 1.000000000000000000e+00 0.000000000000000000e+00 0.000000000000000000e+00 0.000000000000000000e+00 0.000000000000000000e+00 1.000000000000000000e+00 0.000000000000000000e+00
9.994460990722563443e-01 1.297510911961533182e-03 3.325374437086435486e-02 1.806499999999999946e-03 -1.294930060047059031e-03 9.999991566626156292e-01 -9.914735014103859072e-05 -7.546999999999999672e-04 -3.325384497150725427e-02 5.603115913685924104e-05 9.994469363878805135e-01 4.580750000000000099e-02
9.977014372771765283e-01 6.068085531392665086e-04 6.776041498128533569e-02 5.062600000000000433e-03 -5.577216399339367421e-04 9.999995682005953235e-01 -7.433338383617221594e-04 -1.708600000000000006e-03 -6.776083678370943553e-02 7.038337891442840531e-04 9.977013449005512902e-01 9.124870000000000203e-02
9.948616868265914848e-01 2.441529171041263951e-04 1.012430959320290008e-01 1.018600000000000061e-02 -3.828341872009306205e-05 9.999979279287855016e-01 -2.035355623803518799e-03 -2.498699999999999966e-03 -1.012433830871371371e-01 2.021021397355073339e-03 9.948596347493361414e-01 1.370570000000000122e-01
9.909991840930441054e-01 7.673407178235570327e-04 1.338657100050039961e-01 1.656550000000000036e-02 -2.471667550047815113e-04 9.999923552005960392e-01 -3.902364534528697526e-03 -3.522099999999999797e-03 -1.338676810717070731e-01 3.834152916603222536e-03 9.909917977641873321e-01 1.825849999999999973e-01
9.860911749365909307e-01 1.830883932427207657e-03 1.661951942030805429e-01 2.427850000000000147e-02 -6.480354268186427511e-04 9.999740768294376192e-01 -7.171172791087394340e-03 -4.502800000000000379e-03 -1.662040154817544524e-01 6.963729829626080607e-03 9.860667988045236365e-01 2.279741999999999880e-01
9.801818804182726996e-01 -1.253495606175158983e-03 1.980957093136154479e-01 3.376320000000000016e-02 3.532534438568958428e-03 9.999315773499152238e-01 -1.115176304226533216e-02 -5.705400000000000228e-03 -1.980681763942392093e-01 1.163053598402972316e-02 9.801192417928467071e-01 2.729360000000000119e-01
9.734507037001227658e-01 -6.789217217383576586e-03 2.287960532773914701e-01 4.509509999999999907e-02 1.076602323905467146e-02 9.998118151916585150e-01 -1.613774912362862107e-02 -7.003200000000000223e-03 -2.286434346517562111e-01 1.817252686712070991e-02 9.733406079363543517e-01 3.174156000000000200e-01
9.658536483621220636e-01 -1.229497148216002200e-02 2.587963748235878603e-01 5.755260000000000237e-02 1.832534064173986857e-02 9.996135682689899493e-01 -2.090205786283926004e-02 -8.438299999999999274e-03 -2.584393774871436289e-01 2.493086057058912369e-02 9.657057214054742822e-01 3.614554999999999851e-01
9.578188895128146862e-01 -1.770260131933215630e-02 2.868267644397348715e-01 7.157750000000000223e-02 2.581549071714708127e-02 9.993657759279924724e-01 -2.452766484756017246e-02 -1.029309999999999947e-02 -2.862106485291405766e-01 3.089763438145589486e-02 9.576684190564908050e-01 4.051080000000000236e-01
9.490546491883488089e-01 -2.454819388389305537e-02 3.141538779499927769e-01 8.669350000000000667e-02 3.501084652139169889e-02 9.990028521917519999e-01 -2.770454725491774267e-02 -1.226649999999999963e-02 -3.131605235016631794e-01 3.729192258094520679e-02 9.489677544734494985e-01 4.480348000000000108e-01
9.401555598060574725e-01 -2.802981933156670213e-02 3.395907133506427256e-01 1.030512999999999985e-01 4.264694998614405874e-02 9.984537648257247877e-01 -3.565553480478776682e-02 -1.478630000000000048e-02 -3.380662080460541397e-01 4.800425745260344934e-02 9.398972445133489950e-01 4.905714999999999937e-01
9.307507147789465529e-01 -2.695782993910744718e-02 3.646592688297587981e-01 1.202360999999999985e-01 4.826617717083316050e-02 9.976099547678053403e-01 -4.944445661033383677e-02 -1.742840000000000014e-02 -3.624548014301836596e-01 6.362117220824843600e-02 9.298273298667094622e-01 5.326853000000000282e-01
9.208640675326560388e-01 -2.110292985500387269e-02 3.893122596049946038e-01 1.380338000000000120e-01 5.065514586649037115e-02 9.965462929885237076e-01 -6.579925628816939154e-02 -2.079980000000000023e-02 -3.865791320343824333e-01 8.031284008405133179e-02 9.187526448360174847e-01 5.739775999999999767e-01
9.101967011363781834e-01 -1.366093831747371840e-02 4.139508956443276322e-01 1.570128000000000079e-01 5.149382751921439266e-02 9.954337653698037691e-01 -8.037415311601102397e-02 -2.430090000000000028e-02 -4.109627123813986982e-01 9.447220504455670909e-02 9.067439834408294042e-01 6.150891000000000552e-01
8.990222128581667471e-01 -1.197467816619488326e-02 4.377392692807228203e-01 1.772735000000000005e-01 5.676172051154200482e-02 9.943793681198148660e-01 -8.937437743675413770e-02 -2.842420000000000016e-02 -4.342086685824854131e-01 1.051963846358507371e-01 8.946488432828667570e-01 6.553271000000000512e-01
8.873749622595523689e-01 -1.156039788718673730e-02 4.609034970094584294e-01 1.983553000000000122e-01 6.041053475188748467e-02 9.939823019630215084e-01 -9.137697015815204882e-02 -3.316890000000000116e-02 -4.570735648075142654e-01 1.089290621688387695e-01 8.827333775094087231e-01 6.950893999999999684e-01
8.757521191772055236e-01 -1.436541534692936661e-02 4.825472625541915583e-01 2.207435000000000092e-01 6.495425237781651817e-02 9.939745988796885312e-01 -8.829179961922371811e-02 -3.801140000000000074e-02 -4.783713733645362787e-01 1.086652272986737972e-01 8.714084561911565885e-01 7.346289000000000291e-01
8.539776724640287808e-01 -2.805892001638090119e-02 5.195525304918016118e-01 2.682132999999999878e-01 7.793830713418749279e-02 9.941771275553329401e-01 -7.441410704217468752e-02 -4.725560000000000177e-02 -5.144392629008571749e-01 1.040410306241797700e-01 8.511919341327673916e-01 8.114698999999999662e-01
8.456529451417382770e-01 -2.969366121143198964e-02 5.329065423289198744e-01 2.922289000000000136e-01 8.074601965267654002e-02 9.940767102066593308e-01 -7.274320954532496886e-02 -5.150810000000000111e-02 -5.275899702262674129e-01 1.045455915309975309e-01 8.430415426348100150e-01 8.489084000000000074e-01
8.323713737781738287e-01 -2.957307388438985829e-02 5.534287031006469570e-01 3.409736999999999907e-01 8.590424900644665074e-02 9.933913191107518470e-01 -7.611929530702962743e-02 -5.979109999999999980e-02 -5.475201878627619090e-01 1.109013995242115469e-01 8.294109496903794287e-01 9.222118000000000260e-01
8.185718529787477937e-01 -2.245289294797193219e-02 5.739651462494967937e-01 3.908356000000000052e-01 8.057741641997709370e-02 9.938437250228800979e-01 -7.603900443672054199e-02 -6.820220000000000449e-02 -5.687243633554139866e-01 1.084920173603243221e-01 8.153416956681819316e-01 9.945317000000000185e-01
8.075424965246684739e-01 -2.458221007178461662e-02 5.892968956771217348e-01 4.431391000000000080e-01 8.651555879209987809e-02 9.932608292472646649e-01 -7.712316882705794185e-02 -7.618999999999999384e-02 -5.834296653355882656e-01 1.132635865184518364e-01 8.042270733912038061e-01 1.065504299999999960e+00
8.050968760726717743e-01 -2.178962369859361453e-02 5.927429733342257645e-01 4.959090999999999916e-01 8.727631026024049166e-02 9.927995932435877968e-01 -8.204762837964824085e-02 -8.423319999999999419e-02 -5.866871958764594552e-01 1.177887089429216494e-01 8.012015690450040584e-01 1.137613800000000008e+00
8.115785659919683148e-01 -2.262864632818940153e-02 5.838049122675947888e-01 5.504227000000000425e-01 8.648231644330384160e-02 9.928945702080173019e-01 -8.173849395503292314e-02 -9.262309999999999988e-02 -5.778070959801555606e-01 1.168260108742501663e-01 8.077689292230724183e-01 1.213059700000000074e+00
8.213254675386078008e-01 -2.127568616766944976e-02 5.700629978788150920e-01 6.051404999999999701e-01 8.307048397513266957e-02 9.931128784494051009e-01 -8.262024782142794732e-02 -1.013827999999999951e-01 -5.643791022571834626e-01 1.152135228001981565e-01 8.174362807579216295e-01 1.291705799999999904e+00
8.286839747832808190e-01 -1.614846913670866385e-02 5.594837771391799608e-01 6.615389999999999882e-01 7.560569178782677868e-02 9.936519580967790866e-01 -8.330405476158378453e-02 -1.108779000000000015e-01 -5.545869177204479916e-01 1.113328932300673424e-01 8.246443703672241554e-01 1.375723500000000099e+00
8.296450047454230203e-01 -1.146211178681212292e-02 5.581736164441611914e-01 7.195603000000000415e-01 6.834268761770227740e-02 9.943550307488379092e-01 -8.116249055855079275e-02 -1.206985000000000002e-01 -5.540924500028457933e-01 1.054831399696856964e-01 8.257450357295401666e-01 1.462423699999999993e+00
8.287267444961980978e-01 -1.132173675121718459e-02 5.595389184262963278e-01 7.781791000000000125e-01 6.741550818047771509e-02 9.945346107952535153e-01 -7.972488436555826008e-02 -1.302639999999999909e-01 -5.555781963085856257e-01 1.037917444080685564e-01 8.249606909297126922e-01 1.549890400000000001e+00
8.283138507105971549e-01 -1.258543473710063698e-02 5.601229968082552801e-01 8.383053000000000310e-01 6.775488477743381310e-02 9.946602784035873945e-01 -7.784732593284532376e-02 -1.405995999999999913e-01 -5.561523535055652445e-01 1.024330874208922992e-01 8.247436100338363385e-01 1.639668200000000020e+00
8.281270895757028017e-01 -1.087920047824085870e-02 5.604348012996964723e-01 9.007650999999999852e-01 6.514973387358079238e-02 9.949037006366906466e-01 -7.695543278820489441e-02 -1.508182999999999885e-01 -5.567414441974636308e-01 1.002410567401030711e-01 8.246154830322736107e-01 1.732404000000000055e+00
8.286854550943325570e-01 -1.021852288599108677e-02 5.596212990095421613e-01 9.638042999999999472e-01 6.377445997593828020e-02 9.950457503125949010e-01 -7.626777195921297103e-02 -1.611445999999999990e-01 -5.560694513906301317e-01 9.889153945041781468e-02 8.252316212162802422e-01 1.825677500000000064e+00
8.309380990867188954e-01 -1.330247130055960472e-02 5.562058249815871047e-01 1.026171200000000061e+00 6.421704037595193926e-02 9.953256671615792195e-01 -7.213174068820564500e-02 -1.715809000000000084e-01 -5.526464034185905039e-01 9.565490341145597986e-02 8.279082631800709358e-01 1.918301899999999893e+00
8.339187551337189364e-01 -1.460126846052333185e-02 5.516940391154976364e-01 1.087615500000000068e+00 6.401869260433097619e-02 9.954608726980522793e-01 -7.042199886728743585e-02 -1.813712000000000102e-01 -5.481615791292386852e-01 9.404495673121328336e-02 8.310682458618928736e-01 2.011434299999999897e+00
8.359188358569181743e-01 -1.453622752865797035e-02 5.486605489269751335e-01 1.148504699999999934e+00 6.417209209553279003e-02 9.953814289735413157e-01 -7.139855356149267529e-02 -1.912985000000000102e-01 -5.450886555925531507e-01 9.489209104991820631e-02 8.329909054728490414e-01 2.103671799999999870e+00
8.335097984935103677e-01 -1.023967361486975702e-02 5.524097798732104936e-01 1.208213200000000098e+00 6.245201234824790393e-02 9.951665350376267538e-01 -7.578465342573205421e-02 -2.018823999999999896e-01 -5.489637164412254355e-01 9.766635359971707897e-02 8.301205463097349746e-01 2.195028999999999897e+00
8.269819681935453026e-01 -1.017656507139293176e-02 5.621363373827364951e-01 1.269513099999999950e+00 6.260086864304906240e-02 9.952857756798368927e-01 -7.407668981887005621e-02 -2.123924000000000090e-01 -5.587324543355841611e-01 9.645030975965332432e-02 8.237204515000227101e-01 2.286265100000000050e+00
8.202916553865483573e-01 -1.109940273966522270e-02 5.718377421629486923e-01 1.332540899999999917e+00 6.153323188074455441e-02 9.957212194384491566e-01 -6.894138477227070017e-02 -2.225764000000000076e-01 -5.686257657524030895e-01 9.173906702616103914e-02 8.174647895191955449e-01 2.376675800000000116e+00
8.169281798340018996e-01 -1.119846222192089416e-02 5.766306820114317500e-01 1.364182500000000076e+00 6.386903542189430183e-02 9.954184716889499240e-01 -7.115344358997734153e-02 -2.274596000000000118e-01 -5.731920230667741922e-01 9.495609861562072374e-02 8.139006352303204128e-01 2.421088500000000199e+00
8.134830304673299484e-01 -9.744323827269214117e-03 5.815070139687383843e-01 1.395218700000000034e+00 6.389438744777117818e-02 9.953047272077120144e-01 -7.270493278076900490e-02 -2.322040999999999966e-01 -5.780682194986705991e-01 9.629926350253853462e-02 8.102861133294247953e-01 2.464735999999999816e+00
8.075311184119935426e-01 -6.230290481772624706e-03 5.897920618970617923e-01 1.457403999999999922e+00 6.257000186457721547e-02 9.952067486721430933e-01 -7.515665149598285688e-02 -2.417285999999999879e-01 -5.864967925427568840e-01 9.759462525126344490e-02 8.040502480934409446e-01 2.550967200000000101e+00
8.052629686014631805e-01 -7.894863078275745488e-03 5.928652650781072175e-01 1.489516400000000074e+00 6.371153070511541283e-02 9.952740492839279307e-01 -7.328306541885687420e-02 -2.468313000000000035e-01 -5.894848532866387991e-01 9.678449234742411700e-02 8.019603293097989916e-01 2.594466699999999904e+00
8.018464894915331431e-01 -1.805821185100166953e-02 5.972571542265935340e-01 1.553163400000000083e+00 6.329384101678756092e-02 9.964867305502952410e-01 -5.484601650552908825e-02 -2.553884000000000154e-01 -5.941684079277912423e-01 8.178078516331016568e-02 8.001723603065943324e-01 2.680636199999999914e+00
7.994608726579445213e-01 -1.664092326444970710e-02 6.004876291497639462e-01 1.615361000000000047e+00 6.422293739926496214e-02 9.962547884812856802e-01 -5.789482481119473389e-02 -2.631409000000000109e-01 -5.972752526271348783e-01 8.484972658185488403e-02 7.975354515619832441e-01 2.765209399999999818e+00
7.982925635849079660e-01 -1.875150653662131794e-02 6.019778766097991785e-01 1.679328600000000060e+00 7.254598158616890058e-02 9.952314480755641846e-01 -6.520310818599824032e-02 -2.714327999999999741e-01 -5.978846573384659635e-01 9.572223233932018738e-02 7.958462104924809433e-01 2.848377900000000018e+00
7.986718644290174973e-01 -2.198081219633963440e-02 6.013651942577540321e-01 1.742714600000000003e+00 7.378691282381488747e-02 9.953688796379773773e-01 -6.161399957938535482e-02 -2.795741999999999949e-01 -5.972258739081954815e-01 9.358224908296980393e-02 7.965950151684138003e-01 2.931663799999999931e+00
7.992570291092038204e-01 -2.424599973438638922e-02 6.005000690394710627e-01 1.773898600000000103e+00 7.288811504635586691e-02 9.957208478090362469e-01 -5.680947036756632540e-02 -2.835037000000000251e-01 -5.965530354499242183e-01 8.917468662874201979e-02 7.976041318600017860e-01 2.973192899999999916e+00
8.004011827934630618e-01 -1.826152870856538601e-02 5.991865011430511645e-01 1.834737800000000085e+00 6.032094145938070306e-02 9.969162039038451661e-01 -5.019428668086617362e-02 -2.906534000000000062e-01 -5.964221077427288575e-01 7.631906028754059657e-02 7.990344613547950559e-01 3.056614199999999837e+00
8.017262723232103649e-01 -1.316989209842921518e-02 5.975462644924200983e-01 1.865084299999999917e+00 5.284829321186711171e-02 9.974033938988713377e-01 -4.892369306997793738e-02 -2.939687999999999746e-01 -5.953503524575440853e-01 7.080271026682960489e-02 8.003405113122472603e-01 3.098255400000000215e+00
8.050977658654125957e-01 -2.002248121875476947e-02 5.928040887547638693e-01 1.926496599999999892e+00 6.087186117210859060e-02 9.969422040766875437e-01 -4.899855353130153773e-02 -3.013289000000000106e-01 -5.900103422110198892e-01 7.553371417162602075e-02 8.038547468961505515e-01 3.180593700000000190e+00
8.087035729154429253e-01 -1.976178522862812731e-02 5.878843449169014468e-01 1.956077599999999972e+00 6.240400390435676264e-02 9.966775823151268199e-01 -5.234058852533676753e-02 -3.042924000000000184e-01 -5.848968041035117471e-01 7.901435790444141793e-02 8.072499363855328847e-01 3.221687300000000143e+00
8.136620072403902837e-01 -2.423878517028740451e-02 5.808326947297367537e-01 1.985640300000000025e+00 6.709215535090487514e-02 9.963694975498570416e-01 -5.240674615558062188e-02 -3.077103999999999950e-01 -5.774537043468584985e-01 8.161069565757954336e-02 8.123342376696780498e-01 3.262962100000000198e+00
8.188645089675873345e-01 -3.088073983111784895e-02 5.731555599143698387e-01 2.015069700000000186e+00 7.403121854672560509e-02 9.958934885241285118e-01 -5.211082608948415518e-02 -3.116157999999999983e-01 -5.691926691672679617e-01 8.510311053495238365e-02 8.177879712636502152e-01 3.304135599999999950e+00
8.255275174618683653e-01 -2.824758296159019660e-02 5.636544969838106489e-01 2.043112999999999957e+00 7.065318655423466487e-02 9.960619276712653347e-01 -5.356083899208063243e-02 -3.148682999999999899e-01 -5.599218205633507139e-01 8.403993277383764449e-02 8.242723121374341266e-01 3.345728600000000164e+00
8.324974004844108988e-01 -2.730238362189487192e-02 5.533558150369988216e-01 2.070644399999999941e+00 6.781070565916573478e-02 9.962968533046118180e-01 -5.286102811462092127e-02 -3.183485999999999816e-01 -5.498634252109375620e-01 8.153011679061694661e-02 8.312659343864656769e-01 3.388113999999999848e+00
8.395807030088404677e-01 -2.961770486166720104e-02 5.424269855878379731e-01 2.097728699999999780e+00 6.738739096275454810e-02 9.964785737945909272e-01 -4.989380229578425224e-02 -3.217921000000000253e-01 -5.390391290754449338e-01 7.844261295383468668e-02 8.386200413766420336e-01 3.430635699999999844e+00
8.463404164343993896e-01 -2.946639838537911879e-02 5.318266925191339478e-01 2.124289500000000164e+00 6.628400071826864859e-02 9.965337054363239133e-01 -5.026932641413235647e-02 -3.251742000000000243e-01 -5.285019685473535400e-01 7.779656352014625853e-02 8.453599020216348015e-01 3.473470900000000139e+00
8.531261169610300232e-01 -3.087456426701344972e-02 5.207903511398008778e-01 2.149904700000000002e+00 6.643273131819023292e-02 9.965500423999235080e-01 -4.974640893889570314e-02 -3.285954999999999848e-01 -5.174577478100026440e-01 7.703748616117189751e-02 8.522339496625132016e-01 3.516428499999999957e+00
8.602512192066442687e-01 -3.200903597064777562e-02 5.088646789370548928e-01 2.175571399999999933e+00 6.737950340632457846e-02 9.964113057364394344e-01 -5.122999435214447422e-02 -3.320243999999999973e-01 -5.053986964508311308e-01 7.835771446917932925e-02 8.593207935392737085e-01 3.559304500000000093e+00
8.669137399747522954e-01 -2.975850221654850053e-02 4.975690896637524618e-01 2.200172900000000098e+00 6.641649749879011133e-02 9.962116153257136730e-01 -5.613614121157317616e-02 -3.360680999999999807e-01 -4.940135790673986227e-01 8.171198832460360717e-02 8.656059927363367601e-01 3.602636799999999972e+00
8.731319127965196936e-01 -2.840806134775651984e-02 4.866555711247459448e-01 2.224148299999999967e+00 6.921355464024504800e-02 9.954113851369223998e-01 -6.607312762277253726e-02 -3.396606999999999821e-01 -4.825454866749376293e-01 9.137371826874221559e-02 8.710916696303506734e-01 3.645717400000000108e+00
8.798455497413506521e-01 -2.552344681835884421e-02 4.745738743998144660e-01 2.247682100000000016e+00 6.775137786666494966e-02 9.950942851667973210e-01 -7.209101487390182084e-02 -3.435138999999999831e-01 -4.704057391205052063e-01 9.558199250324905805e-02 8.772585270669074342e-01 3.689314599999999889e+00
8.860026581237508969e-01 -2.522805337882003812e-02 4.629933424147298915e-01 2.270670200000000083e+00 6.484300130932588169e-02 9.954481585413664790e-01 -6.984517762738801094e-02 -3.477469999999999728e-01 -4.591238122542182776e-01 9.190489094339879261e-02 8.836055771903181810e-01 3.733452999999999911e+00
8.917988589246511610e-01 -2.821802786365589302e-02 4.515512574715920824e-01 2.292777800000000088e+00 6.509202858065393782e-02 9.956720642389320641e-01 -6.633376447510924701e-02 -3.525995000000000101e-01 -4.477251646221657166e-01 8.854876282405008125e-02 8.897759794276224321e-01 3.777726900000000221e+00
8.965597483565337367e-01 -2.483473818654934745e-02 4.422260207247808994e-01 2.314175800000000116e+00 6.172378402492733479e-02 9.956900208675564246e-01 -6.922107215587665341e-02 -3.569165000000000254e-01 -4.386009485996501533e-01 8.935669042646164628e-02 8.942284885662704630e-01 3.821991199999999811e+00
8.999704159738669551e-01 -1.799606466409614178e-02 4.355793751182789886e-01 2.335171499999999956e+00 5.673286169685003155e-02 9.954856859860647944e-01 -7.608962741753981518e-02 -3.616235999999999895e-01 -4.322437191857284033e-01 9.319007808484554289e-02 8.969286351605848528e-01 3.866502000000000105e+00
9.025509853427349238e-01 -9.127360750225358560e-03 4.304862484941808232e-01 2.356012600000000123e+00 5.016329397621849262e-02 9.951963167445568859e-01 -8.407101210002855540e-02 -3.660709999999999797e-01 -4.276509824545172700e-01 9.747298304557479309e-02 8.986732747678009003e-01 3.911019099999999860e+00
9.058905384057551746e-01 -3.885540264006035610e-03 4.234940790657972243e-01 2.396822699999999973e+00 4.532819633898513279e-02 9.951035555745686434e-01 -8.783090742731594625e-02 -3.761025000000000063e-01 -4.210791933159193090e-01 9.876141078228944936e-02 9.016310202608972535e-01 3.999881300000000195e+00
9.079266165086736784e-01 -2.296486335453845617e-03 4.191228759989399366e-01 2.416503200000000184e+00 4.333673069120776156e-02 9.951395971579122257e-01 -8.842573121770477829e-02 -3.810297999999999741e-01 -4.168827014978067069e-01 9.844749016048662260e-02 9.036132496112434520e-01 4.044272399999999656e+00
9.128822872605732996e-01 -4.109792976528317543e-03 4.082022038250090468e-01 2.456060400000000143e+00 4.074772106404344479e-02 9.958727205160006202e-01 -8.109961627619900748e-02 -3.910315999999999792e-01 -4.061841366104677054e-01 9.066771274136063707e-02 9.092820316228947819e-01 4.133291700000000013e+00
9.153957136171420039e-01 -3.514528600467674985e-03 4.025398558901711610e-01 2.475537500000000168e+00 3.856447011933100688e-02 9.961283606188856554e-01 -7.900044819585871902e-02 -3.959083999999999937e-01 -4.007037173970046107e-01 8.784040789663846716e-02 9.119871674561949026e-01 4.178178800000000415e+00
9.205028200646924175e-01 1.240932237246445032e-02 3.905388162157568122e-01 2.511999400000000104e+00 2.181970441008248413e-02 9.963034247884703376e-01 -8.308661898417529779e-02 -4.052718000000000154e-01 -3.901262087484062002e-01 8.500290861506532014e-02 9.168293444118015278e-01 4.267749799999999816e+00
9.261521374955311581e-01 1.043389373938290177e-02 3.770057719371072147e-01 2.548594700000000213e+00 2.531974388698681605e-02 9.956419303278353228e-01 -8.975554101312784028e-02 -4.152166999999999941e-01 -3.762992542936489104e-01 9.267297575073947524e-02 9.218517184360761618e-01 4.356135799999999669e+00
9.315621535640510320e-01 8.827202862352750978e-03 3.634749434785489175e-01 2.583793200000000123e+00 2.307344291113086476e-02 9.962548223930866031e-01 -8.333033715728128954e-02 -4.253409000000000217e-01 -3.628492390502345843e-01 8.601400669743423932e-02 9.278696138857654985e-01 4.445985300000000251e+00
9.341690897231208490e-01 8.613990396575170461e-03 3.567266614304621664e-01 2.600873200000000107e+00 2.187114946606006846e-02 9.964467377783239321e-01 -8.133604116238654647e-02 -4.298620000000000219e-01 -3.561597459384049369e-01 8.378363766502316956e-02 9.306613441164873768e-01 4.491984399999999766e+00
9.388293880124020108e-01 1.185847729580024983e-02 3.441783792170618472e-01 2.633825799999999884e+00 1.973201021721202042e-02 9.959128674064496867e-01 -8.813743987121011592e-02 -4.395818000000000225e-01 -3.438168523749911554e-01 8.953735003052262775e-02 9.347582762257123923e-01 4.582290200000000091e+00
9.412639031507753495e-01 1.375786883186105695e-02 3.373914427939350702e-01 2.649653700000000001e+00 1.746773128973795608e-02 9.958480178340793909e-01 -8.933982168957255166e-02 -4.447026000000000034e-01 -3.372197250887873921e-01 8.998581233250280142e-02 9.371154734555940946e-01 4.627120999999999817e+00
9.464409141186101992e-01 9.972516236536251369e-03 3.227230159165000445e-01 2.679975300000000171e+00 1.917563744403161241e-02 9.960225089119393305e-01 -8.701411764409726357e-02 -4.552180000000000115e-01 -3.223071376977937885e-01 8.854214059236294176e-02 9.424852244615709029e-01 4.713750799999999685e+00
9.491120610141157155e-01 7.093143750097776964e-03 3.148586713896853184e-01 2.695327799999999829e+00 2.164463665501613343e-02 9.959133646354795255e-01 -8.768169617719935582e-02 -4.598848999999999854e-01 -3.141938976835955688e-01 9.003475691186606233e-02 9.450798575814699509e-01 4.758293199999999779e+00
9.532681593526306507e-01 1.198882011289305848e-02 3.018875362726132217e-01 2.723888899999999946e+00 1.553965981302137152e-02 9.959441694067958650e-01 -8.862127508393839725e-02 -4.697663000000000255e-01 -3.017255960924483116e-01 8.917106939421666489e-02 9.492155630022869328e-01 4.849262200000000078e+00
9.564456981691595860e-01 1.250228750583367091e-02 2.916424510609360032e-01 2.751337100000000202e+00 1.354291944067875092e-02 9.961061302112165228e-01 -8.711582341146968667e-02 -4.797864000000000018e-01 -2.915959804022206781e-01 8.727124476456470104e-02 9.525521056879310278e-01 4.940578499999999984e+00
9.592196617302454209e-01 1.049628178106710649e-02 2.824667566615335912e-01 2.778471500000000205e+00 1.515044718957766698e-02 9.959646534880425284e-01 -8.845831194635819794e-02 -4.895473000000000185e-01 -2.822553887883620383e-01 8.913044974202607995e-02 9.551898546512702648e-01 5.032199399999999656e+00
9.622465994472875206e-01 -3.744712796977984343e-03 2.721533739974568156e-01 2.804832900000000073e+00 2.758683081211669649e-02 9.960979461532486479e-01 -8.383226368781518389e-02 -4.993013000000000035e-01 -2.707774891269122963e-01 8.817515974098305565e-02 9.585951661607610141e-01 5.124055399999999594e+00
9.647404099591576632e-01 -3.721340244860264074e-03 2.631769234158237158e-01 2.830224999999999991e+00 2.690455995775990414e-02 9.960567039749927964e-01 -8.454103808182622526e-02 -5.090848000000000040e-01 -2.618245329324883630e-01 8.864081505297360941e-02 9.610362739571429724e-01 5.216018199999999716e+00
9.657142895618006095e-01 -1.937907103128626296e-03 2.595999912407673249e-01 2.842206000000000010e+00 2.536565267192636072e-02 9.958917753926337380e-01 -8.692614894170400119e-02 -5.136230000000000517e-01 -2.583650413671981227e-01 9.053074738102936947e-02 9.617960746322259391e-01 5.261646299999999776e+00
9.661457569929116085e-01 4.606615973633369776e-04 2.579964419047023338e-01 2.853959300000000088e+00 2.281244096679352698e-02 9.959290357153472995e-01 -8.720635502206873502e-02 -5.184033999999999587e-01 -2.569863202229454857e-01 9.013957848798299921e-02 9.622021033069292351e-01 5.307651500000000411e+00
9.666404727314328316e-01 -1.744051460317379634e-03 2.561311280614987917e-01 2.877963799999999850e+00 2.324739388054541944e-02 9.964469520986592999e-01 -8.095078956412281312e-02 -5.281921000000000532e-01 -2.550798995517186696e-01 8.420469071136048311e-02 9.632464974796893786e-01 5.399642000000000053e+00
9.668918209507955108e-01 -1.789664311448882147e-03 2.551803356062279371e-01 2.889937399999999990e+00 2.200205473623155494e-02 9.968363183086795809e-01 -7.637580826531838174e-02 -5.326874999999999805e-01 -2.542363391921749760e-01 7.946163604186066987e-02 9.638722592915059950e-01 5.445656800000000075e+00
9.671438317041430865e-01 -2.595312313126974663e-03 2.542165870879110057e-01 2.901825699999999841e+00 2.213216914651185141e-02 9.970110420519132655e-01 -7.402127474873824997e-02 -5.373830000000000551e-01 -2.532646360736103275e-01 7.721558379339844846e-02 9.643105193525300933e-01 5.490916300000000305e+00
9.675255925838017745e-01 -1.798031734342080482e-03 2.527666805123757188e-01 2.913593500000000169e+00 2.244031346659904058e-02 9.966373506316276165e-01 -7.880624123437794670e-02 -5.418182999999999749e-01 -2.517750186712015559e-01 8.191921879420295538e-02 9.643124916567572535e-01 5.535865300000000211e+00
9.674799564228688808e-01 -9.553699651036577645e-04 2.529458858891238116e-01 2.924909099999999817e+00 2.250085034194101649e-02 9.963536315285602685e-01 -8.229916569285204708e-02 -5.463440000000000518e-01 -2.519449258347812304e-01 8.531429076115983057e-02 9.639736646496245287e-01 5.580539199999999589e+00
9.674352206608376470e-01 3.262153373731449708e-03 2.530977127124672266e-01 2.936332900000000024e+00 1.807912844913132575e-02 9.964725553078782605e-01 -8.194871342923720769e-02 -5.507682999999999884e-01 -2.524722538011576201e-01 8.385585771759587748e-02 9.639636695368815067e-01 5.625861600000000351e+00
9.677305850882647054e-01 4.643367335408841133e-03 2.519443466809944132e-01 2.947914100000000204e+00 1.634000846511933849e-02 9.965696056150601390e-01 -8.112968191484049019e-02 -5.556275999999999993e-01 -2.514567931237581266e-01 8.262844730497981294e-02 9.643350148614762141e-01 5.670370600000000039e+00
9.677802914666058243e-01 7.474158199235036298e-04 2.517950532047913415e-01 2.959533899999999829e+00 2.035375281556001809e-02 9.964909544690113696e-01 -8.118806813665287170e-02 -5.601684000000000108e-01 -2.509721741451323984e-01 8.369718651801168197e-02 9.643690936430068250e-01 5.715078799999999681e+00
9.679887900717029092e-01 2.166669754709672768e-03 2.509840788530114386e-01 2.970807999999999893e+00 1.960048613631618086e-02 9.962565028381051846e-01 -8.419502061291202211e-02 -5.645603999999999623e-01 -2.502269434708035423e-01 8.641924609114932931e-02 9.643226590028343148e-01 5.759352200000000366e+00
9.679107401822512058e-01 1.112225074066488552e-02 2.510479925797222123e-01 2.981576399999999794e+00 1.102275616375809029e-02 9.961793952667437058e-01 -8.663204541357047428e-02 -5.693783999999999512e-01 -2.510523807622641046e-01 8.661932800735863691e-02 9.640901379690348660e-01 5.804090999999999667e+00
9.679331041589285256e-01 1.751098863128946331e-02 2.505970294125924314e-01 2.992251399999999784e+00 5.095232263217211802e-03 9.959937572248002136e-01 -8.927751215961181319e-02 -5.741859999999999742e-01 -2.511564143744784428e-01 8.769150954556899358e-02 9.639661065992800593e-01 5.848287599999999919e+00
9.680531205238996906e-01 1.555929368036816640e-02 2.502619911694705657e-01 3.003595600000000143e+00 7.900072411172673337e-03 9.956848296879026172e-01 -9.246247230779941484e-02 -5.790697000000000205e-01 -2.506207188159796928e-01 9.148567270092294867e-02 9.637528868909400748e-01 5.892236699999999772e+00
9.681961767615522296e-01 1.385037236045616113e-02 2.498085877022440116e-01 3.014768800000000137e+00 9.732923388887381594e-03 9.956256506009005802e-01 -9.292380786342849253e-02 -5.841811000000000087e-01 -2.500028669967988004e-01 9.239984334948864175e-02 9.638261437844330981e-01 5.935956000000000010e+00
9.686537709367774029e-01 1.517402327112951470e-02 2.479508440552851412e-01 3.025756400000000124e+00 8.532723025390839475e-03 9.955113070237480155e-01 -9.425725555966966984e-02 -5.891792000000000140e-01 -2.482681306324536485e-01 9.341834191226118522e-02 9.641763058210001125e-01 5.979627599999999710e+00
9.691396103125464734e-01 7.083954849019404205e-03 2.464107004716771243e-01 3.037135800000000163e+00 1.616804667183177266e-02 9.956081586408560558e-01 -9.221165172895150197e-02 -5.939425999999999872e-01 -2.459817269434113607e-01 9.334994392853714074e-02 9.647687691765711726e-01 6.022976899999999745e+00
9.699848019630197271e-01 4.082971469765855899e-04 2.431652056816541174e-01 3.048385600000000029e+00 2.168185677809134765e-02 9.958702420054048599e-01 -8.816097875336191547e-02 -5.989299000000000150e-01 -2.421969881055826002e-01 9.078708267995048986e-02 9.659701468322134943e-01 6.065936100000000053e+00
9.704435529936690230e-01 -4.460475907522003930e-03 2.412869963502016768e-01 3.059410600000000091e+00 2.509928477464604124e-02 9.962724054293558007e-01 -8.253072206037316561e-02 -6.037555999999999479e-01 -2.400194499552589233e-01 8.614753818121421991e-02 9.669380876294465521e-01 6.109254400000000196e+00
9.712750562533053467e-01 -7.518971874650285520e-03 2.378407664007306799e-01 3.069877899999999826e+00 2.774433768849897744e-02 9.962621273980739600e-01 -8.180479960546574447e-02 -6.083933999999999731e-01 -2.363366599289354053e-01 8.605369587770236861e-02 9.678531627263624593e-01 6.152538800000000307e+00
9.740113149424218797e-01 -8.646642799067445415e-03 2.263342526716618508e-01 3.090285300000000124e+00 2.972263566369701820e-02 9.955092107671283941e-01 -8.987756231124849338e-02 -6.179082000000000185e-01 -2.245406940697776133e-01 9.426901318097355431e-02 9.698942364302141073e-01 6.238504899999999687e+00
9.759780925648681160e-01 -7.468224338206232854e-03 2.177406449395154486e-01 3.100022300000000008e+00 2.796171384379124783e-02 9.954408387469578789e-01 -9.119034550691808294e-02 -6.222149000000000152e-01 -2.160669002701706143e-01 9.508818107413448406e-02 9.717372754132944657e-01 6.282170299999999763e+00
9.779888165529037058e-01 -1.070019382638719499e-02 2.083827741189962501e-01 3.108956099999999889e+00 2.934656783081815087e-02 9.958111292184412822e-01 -8.659661587639608249e-02 -6.269285999999999470e-01 -2.065832850305223678e-01 9.080584109390019143e-02 9.742061617384830674e-01 6.324830999999999648e+00
9.803622976072703388e-01 -1.557019345278614665e-02 1.965892532821588712e-01 3.117570600000000081e+00 3.280495664553349788e-02 9.958646727677715749e-01 -8.471946855725617787e-02 -6.317452999999999541e-01 -1.944571938748440032e-01 8.950487477775759260e-02 9.768189582217061684e-01 6.367496499999999671e+00
9.854134896253836651e-01 -1.902862058228771414e-02 1.691099230177201262e-01 3.132954600000000145e+00 3.441038530001139240e-02 9.954818489302708073e-01 -8.849753575029220554e-02 -6.409371000000000373e-01 -1.666618728078760603e-01 9.302580313603758810e-02 9.816160247790715054e-01 6.453194100000000155e+00
9.896293328020322466e-01 -2.068031434581360517e-02 1.421481911821703692e-01 3.145443400000000000e+00 3.394799652391991551e-02 9.952211443246359313e-01 -9.155548820892189799e-02 -6.496688000000000462e-01 -1.395754892157518023e-01 9.543164301069353983e-02 9.856020922879897839e-01 6.538214700000000157e+00
9.931432862313169796e-01 -9.505742820025463516e-03 1.165163244661445580e-01 3.153314799999999973e+00 2.218770267866723017e-02 9.938994883794617374e-01 -1.080347761088402830e-01 -6.596393999999999869e-01 -1.147785644774467623e-01 1.098792421364641475e-01 9.872955146682339533e-01 6.619148299999999985e+00
9.959697153005740988e-01 -6.168506752061705262e-03 8.947779461152949310e-02 3.160495000000000054e+00 1.665547026387480603e-02 9.929999907605558951e-01 -1.169342279224735576e-01 -6.699540999999999968e-01 -8.813013964803681488e-02 1.179532444402678765e-01 9.891006574720451194e-01 6.701624899999999663e+00
9.977807326900941520e-01 -1.123208007219574436e-04 6.658526005398375525e-02 3.165418100000000123e+00 7.529509651101148893e-03 9.937747370647136425e-01 -1.111534005614455839e-01 -6.811498000000000275e-01 -6.615826446357926660e-02 1.114080758113922404e-01 9.915701309978887101e-01 6.784629299999999752e+00
9.986856267531077913e-01 7.052547866075318389e-03 5.076692314242754051e-02 3.168573100000000142e+00 -6.337208306369849185e-04 9.921114063480739320e-01 -1.253577113382172703e-01 -6.922161000000000008e-01 -5.125053477439279331e-02 1.251607724594399618e-01 9.908118710041251553e-01 6.865229099999999640e+00
9.988242090450104582e-01 9.383105540005973189e-03 4.756213573878151357e-02 3.170100899999999999e+00 -3.198269276650912794e-03 9.917069457808530553e-01 -1.284799780652464141e-01 -6.973956999999999518e-01 -4.837324156228522964e-02 1.281767959516748046e-01 9.905709154221717938e-01 6.905781300000000122e+00
9.987406699533362131e-01 1.268388043343893733e-02 4.854063615478634852e-02 3.174159299999999906e+00 -6.811978231510308970e-03 9.928380005724743995e-01 -1.192740607668943131e-01 -7.092834000000000083e-01 -4.970584607201206095e-02 1.187931976015529079e-01 9.916740921642875906e-01 6.988344699999999854e+00
9.986003274199668489e-01 1.161182197740293423e-02 5.159991925478320945e-02 3.176178000000000168e+00 -5.533822309236106213e-03 9.931861075010814943e-01 -1.164076143450250705e-01 -7.145553999999999517e-01 -5.260002744661684132e-02 1.159591370147923656e-01 9.918602298990517596e-01 7.028502500000000097e+00
9.982425309112883394e-01 8.916824854397724723e-03 5.858617340586107919e-02 3.180566100000000063e+00 -2.017626509941780871e-03 9.931557151369181380e-01 -1.167803693869101100e-01 -7.253408000000000078e-01 -5.922650304628839651e-02 1.164569264809645621e-01 9.914282654894983615e-01 7.108786600000000178e+00
9.975975109518534500e-01 1.136029971513903038e-02 6.833849378680305342e-02 3.185841799999999946e+00 -3.391675779912145527e-03 9.932890281697893675e-01 -1.156088363963564819e-01 -7.356527999999999956e-01 -6.919322711126187075e-02 1.150993054188328840e-01 9.909411926113635971e-01 7.189045899999999989e+00
9.971781287648212588e-01 1.255810683409350204e-02 7.401400857832954316e-02 3.188797699999999846e+00 -4.059519637052214948e-03 9.934869374670242115e-01 -1.138737256030094569e-01 -7.408046000000000353e-01 -7.496198912386151103e-02 1.132519272910469943e-01 9.907344251369574195e-01 7.229141199999999934e+00
9.962973287422662860e-01 1.153502240176611238e-02 8.519727694718538802e-02 3.195382799999999968e+00 -2.001425527391009589e-03 9.938018435144481133e-01 -1.111480549678790231e-01 -7.512330999999999870e-01 -8.595130619649103687e-02 1.105659942544501562e-01 9.901452084808782805e-01 7.307754499999999709e+00
9.957665841613108082e-01 1.362686503446220582e-02 9.090224649065509199e-02 3.198400299999999863e+00 -3.335854261617931388e-03 9.936558620288059585e-01 -1.124139668018875188e-01 -7.562181000000000042e-01 -9.185740005062473235e-02 1.116348350879920320e-01 9.894947608000844719e-01 7.346509900000000037e+00
9.951673772512246163e-01 1.476385838239312881e-02 9.707687541625643901e-02 3.205858699999999839e+00 -3.316760969691411563e-03 9.931220234223970822e-01 -1.170369415615157560e-01 -7.666049999999999809e-01 -9.813709977163918852e-02 1.161493653838382434e-01 9.883716075289409320e-01 7.424532400000000365e+00
9.950422118300014107e-01 1.202023206526878912e-02 9.872441793981742708e-02 3.209898900000000221e+00 -2.328706386552593585e-04 9.929480921959479289e-01 -1.185497025542154859e-01 -7.715942000000000078e-01 -9.945321738246737375e-02 1.179389682230788383e-01 9.880280650501539474e-01 7.463385099999999994e+00
9.955199695665427617e-01 5.350136751376815929e-03 9.440003300302077238e-02 3.217513100000000126e+00 5.403590041679627413e-03 9.935467706434828461e-01 -1.132943765531542885e-01 -7.818977000000000288e-01 -9.439698834651083503e-02 1.132969133765259345e-01 9.890667409282655198e-01 7.540410500000000127e+00
9.971082847071214283e-01 1.361899537547195307e-03 7.598166751310388156e-02 3.223432100000000133e+00 7.300710211850832201e-03 9.934980489299676254e-01 -1.136148159473509417e-01 -7.922628000000000448e-01 -7.564237039401140728e-02 1.138409943825047649e-01 9.906151925945704262e-01 7.615942000000000434e+00
9.989401509995117223e-01 -1.979691991459130510e-03 4.598538398982470604e-02 3.227207700000000123e+00 7.115564465407656428e-03 9.937061699778257928e-01 -1.117918444714949555e-01 -8.018849000000000116e-01 -4.547464638027767098e-02 1.120005739611152351e-01 9.926670781127826526e-01 7.690776800000000080e+00
9.995672585516026665e-01 1.278874633076944756e-03 2.938809472059265501e-02 3.227731200000000022e+00 1.869962068049790815e-03 9.942712604211092486e-01 -1.068698458054607586e-01 -8.067372999999999905e-01 -2.935641111406004852e-02 1.068785534159766709e-01 9.938386065887210297e-01 7.728087399999999718e+00
9.999170769724491370e-01 1.736998015859688143e-03 1.276017306959585824e-02 3.227783899999999928e+00 -4.522077960129367068e-04 9.949865307257527158e-01 -1.000079955925515518e-01 -8.114147000000000443e-01 -1.286991402389173027e-02 9.999393237703718684e-02 9.949048089142971119e-01 7.765173400000000115e+00
9.999919541786848054e-01 1.270945960865132573e-03 -3.804769935201373753e-03 3.227069399999999977e+00 -1.618722423400877249e-03 9.956792330813817316e-01 -9.284527208311434132e-02 -8.154987999999999682e-01 3.670329087592943702e-03 9.285068393305519197e-02 9.956732793329108322e-01 7.801867999999999803e+00
9.997679200579516756e-01 1.329200144863758575e-03 -2.150207548056663059e-02 3.225862300000000182e+00 -3.165605451408080775e-03 9.963246418954911920e-01 -8.559898886054176370e-02 -8.194926000000000155e-01 2.130926946479174550e-02 8.564719013952548643e-02 9.960976226535633860e-01 7.838386100000000134e+00
