6.770294e-02 -6.432262e-02 9.956299e-01 2.032201e+01 -1.914779e-02 9.976520e-01 6.575532e-02 8.850078e-01 -9.975218e-01 -2.351593e-02 6.631234e-02 8.284769e+00
3.479944e-02 -6.389870e-02 9.973494e-01 2.115627e+01 -2.241608e-02 9.976529e-01 6.470029e-02 9.232781e-01 -9.991429e-01 -2.460820e-02 3.328541e-02 8.311045e+00
5.546900e-04 -6.357691e-02 9.979768e-01 2.199272e+01 -2.432321e-02 9.976808e-01 6.357158e-02 9.585630e-01 -9.997040e-01 -2.430926e-02 -9.929930e-04 8.306307e+00
-3.340201e-02 -6.247780e-02 9.974872e-01 2.283006e+01 -2.520042e-02 9.977795e-01 6.165225e-02 9.929263e-01 -9.991243e-01 -2.307779e-02 -3.490231e-02 8.271717e+00
-6.618836e-02 -6.032882e-02 9.959817e-01 2.366830e+01 -2.699712e-02 9.979134e-01 5.865173e-02 1.025646e+00 -9.974419e-01 -2.300657e-02 -6.767896e-02 8.211107e+00
-9.850067e-02 -5.772373e-02 9.934614e-01 2.450483e+01 -2.971433e-02 9.980417e-01 5.504372e-02 1.056280e+00 -9.946933e-01 -2.409820e-02 -1.000230e-01 8.124873e+00
-1.309164e-01 -5.342831e-02 9.899527e-01 2.533863e+01 -2.760771e-02 9.983560e-01 5.023087e-02 1.084175e+00 -9.910090e-01 -2.075428e-02 -1.321762e-01 8.006449e+00
-1.625338e-01 -4.777256e-02 9.855458e-01 2.616891e+01 -2.228189e-02 9.987502e-01 4.473795e-02 1.109162e+00 -9.864514e-01 -1.468840e-02 -1.633951e-01 7.855574e+00
-1.929807e-01 -4.087264e-02 9.803509e-01 2.699155e+01 -1.639380e-02 9.991268e-01 3.842835e-02 1.128261e+00 -9.810656e-01 -8.655744e-03 -1.934823e-01 7.679836e+00
-2.217761e-01 -3.548258e-02 9.744518e-01 2.781161e+01 -1.032218e-02 9.993671e-01 3.404059e-02 1.143099e+00 -9.750430e-01 -2.509075e-03 -2.220020e-01 7.478533e+00
-2.497958e-01 -2.943698e-02 9.678510e-01 2.863097e+01 -2.214569e-03 9.995525e-01 2.982961e-02 1.152061e+00 -9.682960e-01 5.307937e-03 -2.497493e-01 7.246691e+00
-2.760849e-01 -2.011543e-02 9.609227e-01 2.943803e+01 3.834841e-03 9.997499e-01 2.203001e-02 1.152695e+00 -9.611256e-01 9.767135e-03 -2.759387e-01 6.997717e+00
-3.015542e-01 -4.619937e-03 9.534378e-01 3.023007e+01 8.514457e-03 9.999353e-01 7.538199e-03 1.146023e+00 -9.534111e-01 1.039118e-02 -3.014953e-01 6.731675e+00
-3.263613e-01 1.306862e-02 9.451547e-01 3.101165e+01 9.918866e-03 9.998967e-01 -1.040056e-02 1.131823e+00 -9.451931e-01 5.980519e-03 -3.264572e-01 6.452447e+00
-3.514700e-01 2.863449e-02 9.357611e-01 3.178304e+01 9.904458e-03 9.995899e-01 -2.686759e-02 1.108614e+00 -9.361468e-01 -1.749435e-04 -3.516094e-01 6.157692e+00
-3.762472e-01 3.929353e-02 9.256857e-01 3.255086e+01 1.331029e-02 9.992264e-01 -3.700520e-02 1.070947e+00 -9.264237e-01 -1.601956e-03 -3.764792e-01 5.836955e+00
-3.998266e-01 4.341498e-02 9.155620e-01 3.331009e+01 1.623309e-02 9.990563e-01 -4.028520e-02 1.026378e+00 -9.164471e-01 -1.244695e-03 -4.001541e-01 5.495463e+00
-4.426797e-01 3.912393e-02 8.958259e-01 3.480410e+01 2.306832e-02 9.992139e-01 -3.223987e-02 9.319901e-01 -8.963831e-01 6.393259e-03 -4.432343e-01 4.758144e+00
-4.606858e-01 3.664421e-02 8.868065e-01 3.553210e+01 2.965531e-02 9.992250e-01 -2.588393e-02 8.869767e-01 -8.870678e-01 1.437416e-02 -4.614155e-01 4.363872e+00
-4.745911e-01 3.835757e-02 8.793702e-01 3.624909e+01 3.368186e-02 9.991097e-01 -2.540263e-02 8.426907e-01 -8.795617e-01 1.756296e-02 -4.754606e-01 3.963231e+00
-4.858028e-01 4.150123e-02 8.730826e-01 3.695412e+01 3.666324e-02 9.989606e-01 -2.708449e-02 8.025500e-01 -8.732992e-01 1.885231e-02 -4.868194e-01 3.562206e+00
-5.063042e-01 4.474437e-02 8.611933e-01 3.833941e+01 3.299499e-02 9.989269e-01 -3.250242e-02 7.189929e-01 -8.617235e-01 1.195895e-02 -5.072372e-01 2.756405e+00
-5.266306e-01 4.415413e-02 8.489468e-01 3.970737e+01 3.331460e-02 9.989550e-01 -3.128996e-02 6.348350e-01 -8.494412e-01 1.180406e-02 -5.275513e-01 1.915654e+00
-5.377401e-01 5.089544e-02 8.415731e-01 4.107846e+01 3.782421e-02 9.986276e-01 -3.622503e-02 5.487043e-01 -8.422618e-01 1.235218e-02 -5.389272e-01 1.032647e+00
-5.344232e-01 5.341072e-02 8.435278e-01 4.250745e+01 3.972003e-02 9.984858e-01 -3.805750e-02 4.621972e-01 -8.442832e-01 1.316614e-02 -5.357355e-01 1.215434e-01
-5.150921e-01 5.001533e-02 8.556743e-01 4.479847e+01 3.429061e-02 9.986993e-01 -3.773337e-02 3.229204e-01 -8.564487e-01 9.905426e-03 -5.161372e-01 -1.255569e+00
-5.044189e-01 4.647981e-02 8.622072e-01 4.641671e+01 2.735822e-02 9.989091e-01 -3.784371e-02 2.251199e-01 -8.630256e-01 4.499376e-03 -5.051402e-01 -2.182613e+00
-5.033481e-01 4.071247e-02 8.631241e-01 4.810244e+01 1.953136e-02 9.991702e-01 -3.573950e-02 1.191937e-01 -8.638630e-01 -1.131428e-03 -5.037257e-01 -3.132580e+00
-5.048517e-01 3.860670e-02 8.623423e-01 4.982913e+01 1.791862e-02 9.992528e-01 -3.424582e-02 1.543395e-02 -8.630201e-01 -1.837075e-03 -5.051663e-01 -4.119797e+00
-5.050733e-01 3.726614e-02 8.622715e-01 5.160092e+01 1.804432e-02 9.993049e-01 -3.261913e-02 -8.461152e-02 -8.628878e-01 -9.159473e-04 -5.053947e-01 -5.138527e+00
-5.053926e-01 3.521010e-02 8.621708e-01 5.339938e+01 1.608035e-02 9.993779e-01 -3.138742e-02 -1.889423e-01 -8.627397e-01 -1.998966e-03 -5.056444e-01 -6.170360e+00
-5.048319e-01 3.357890e-02 8.625643e-01 5.519750e+01 1.438190e-02 9.994316e-01 -3.048977e-02 -2.987033e-01 -8.630979e-01 -2.986898e-03 -5.050279e-01 -7.201418e+00
-5.016360e-01 2.992057e-02 8.645612e-01 5.699227e+01 1.431070e-02 9.995519e-01 -2.628895e-02 -4.067709e-01 -8.649605e-01 -8.150146e-04 -5.018394e-01 -8.225644e+00
-4.969069e-01 2.798481e-02 8.673525e-01 5.878294e+01 1.489235e-02 9.996077e-01 -2.372015e-02 -5.090484e-01 -8.676761e-01 1.130207e-03 -4.971287e-01 -9.236703e+00
-4.972170e-01 3.192219e-02 8.670388e-01 6.233532e+01 1.346887e-02 9.994865e-01 -2.907467e-02 -7.144474e-01 -8.675217e-01 -2.778388e-03 -4.973916e-01 -1.122461e+01
-5.070402e-01 3.135650e-02 8.613519e-01 6.407973e+01 1.295155e-02 9.995024e-01 -2.876170e-02 -8.195839e-01 -8.618252e-01 -3.427495e-03 -5.071940e-01 -1.222485e+01
-5.226363e-01 2.941155e-02 8.520482e-01 6.663750e+01 1.399654e-02 9.995660e-01 -2.591837e-02 -9.805354e-01 -8.524408e-01 -1.620158e-03 -5.228212e-01 -1.375919e+01
-5.323119e-01 3.183277e-02 8.459496e-01 6.830616e+01 1.267510e-02 9.994804e-01 -2.963431e-02 -1.087156e+00 -8.464535e-01 -5.052202e-03 -5.324388e-01 -1.478945e+01
-5.393463e-01 3.139766e-02 8.414985e-01 6.995241e+01 1.242015e-02 9.994925e-01 -2.933216e-02 -1.192211e+00 -8.419925e-01 -5.368650e-03 -5.394625e-01 -1.583039e+01
-5.439621e-01 1.656099e-02 8.389463e-01 7.159496e+01 1.328968e-02 9.998498e-01 -1.112041e-02 -1.282215e+00 -8.390046e-01 5.100239e-03 -5.441005e-01 -1.688675e+01
-5.478065e-01 2.543605e-02 8.362183e-01 7.399928e+01 1.563674e-02 9.996744e-01 -2.016444e-02 -1.391231e+00 -8.364589e-01 2.029515e-03 -5.480259e-01 -1.845101e+01
-5.479916e-01 3.041695e-02 8.359306e-01 7.558518e+01 2.480583e-02 9.994900e-01 -2.010701e-02 -1.475622e+00 -8.361160e-01 9.717477e-03 -5.484666e-01 -1.950011e+01
-5.467379e-01 2.340864e-02 8.369765e-01 7.717766e+01 2.306230e-02 9.996509e-01 -1.289336e-02 -1.553839e+00 -8.369861e-01 1.225331e-02 -5.470869e-01 -2.053358e+01
-5.459641e-01 1.677805e-02 8.376405e-01 7.797620e+01 2.007551e-02 9.997744e-01 -6.940643e-03 -1.590768e+00 -8.375680e-01 1.302671e-02 -5.461778e-01 -2.104565e+01
-5.440667e-01 5.812895e-03 8.390218e-01 7.957091e+01 4.337534e-03 9.999821e-01 -4.115375e-03 -1.647452e+00 -8.390308e-01 1.400245e-03 -5.440822e-01 -2.204329e+01
-5.420740e-01 5.488407e-03 8.403128e-01 8.035975e+01 6.576327e-03 9.999757e-01 -2.288938e-03 -1.672576e+00 -8.403051e-01 4.285396e-03 -5.420969e-01 -2.255003e+01
-5.339357e-01 1.250467e-02 8.454326e-01 8.193166e+01 1.321294e-02 9.998919e-01 -6.444587e-03 -1.723704e+00 -8.454219e-01 7.729654e-03 -5.340432e-01 -2.355204e+01
-5.262425e-01 1.515726e-02 8.501994e-01 8.272160e+01 1.899031e-02 9.998012e-01 -6.070036e-03 -1.744715e+00 -8.501225e-01 1.295124e-02 -5.264258e-01 -2.404556e+01
-5.181164e-01 1.686560e-02 8.551438e-01 8.351715e+01 2.586392e-02 9.996573e-01 -4.045287e-03 -1.770218e+00 -8.549190e-01 2.002144e-02 -5.183751e-01 -2.453507e+01
-5.083152e-01 1.723890e-02 8.609985e-01 8.431881e+01 2.451954e-02 9.996840e-01 -5.539851e-03 -1.788533e+00 -8.608220e-01 1.829529e-02 -5.085773e-01 -2.500280e+01
-4.974733e-01 1.516480e-02 8.673467e-01 8.513089e+01 2.234398e-02 9.997394e-01 -4.664016e-03 -1.805753e+00 -8.671915e-01 1.705975e-02 -4.976825e-01 -2.545724e+01
-4.858919e-01 1.153787e-02 8.739427e-01 8.594484e+01 2.212486e-02 9.997548e-01 -8.979555e-04 -1.822552e+00 -8.737389e-01 1.889955e-02 -4.860280e-01 -2.590591e+01
-4.747080e-01 1.005332e-02 8.800859e-01 8.675945e+01 2.184015e-02 9.997614e-01 3.599212e-04 -1.839846e+00 -8.798723e-01 1.939206e-02 -4.748143e-01 -2.633928e+01
-4.628420e-01 9.424718e-03 8.863907e-01 8.758352e+01 2.261341e-02 9.997436e-01 1.177951e-03 -1.851770e+00 -8.861524e-01 2.058951e-02 -4.629364e-01 -2.676347e+01
-4.508179e-01 1.059844e-02 8.925530e-01 8.840537e+01 2.496485e-02 9.996880e-01 7.388452e-04 -1.869075e+00 -8.922668e-01 2.261553e-02 -4.509418e-01 -2.717759e+01
-4.268339e-01 2.386630e-02 9.040150e-01 9.005203e+01 2.785083e-02 9.995244e-01 -1.323792e-02 -1.917750e+00 -9.039011e-01 1.952717e-02 -4.272957e-01 -2.796252e+01
-4.141655e-01 2.921613e-02 9.097326e-01 9.088071e+01 2.820888e-02 9.994166e-01 -1.925396e-02 -1.943851e+00 -9.097644e-01 1.768821e-02 -4.147480e-01 -2.833927e+01
-4.025051e-01 2.517720e-02 9.150714e-01 9.172222e+01 2.639237e-02 9.995253e-01 -1.589187e-02 -1.977509e+00 -9.150372e-01 1.775434e-02 -4.029785e-01 -2.870201e+01
-3.905536e-01 2.123822e-02 9.203352e-01 9.256728e+01 2.516643e-02 9.996065e-01 -1.238791e-02 -2.011590e+00 -9.202362e-01 1.832341e-02 -3.909344e-01 -2.905556e+01
-3.805729e-01 2.196923e-02 9.244899e-01 9.340903e+01 2.221502e-02 9.996464e-01 -1.461026e-02 -2.046250e+00 -9.244841e-01 1.497729e-02 -3.809264e-01 -2.939508e+01
-3.683183e-01 3.118118e-02 9.291767e-01 9.509156e+01 1.232014e-02 9.995133e-01 -2.865793e-02 -2.119871e+00 -9.296181e-01 8.923471e-04 -3.685233e-01 -3.004218e+01
-3.647887e-01 3.303496e-02 9.305041e-01 9.593682e+01 9.476799e-03 9.994503e-01 -3.176750e-02 -2.163160e+00 -9.310421e-01 -2.770224e-03 -3.649012e-01 -3.036357e+01
-3.610781e-01 3.266680e-02 9.319632e-01 9.678367e+01 7.428916e-03 9.994553e-01 -3.215427e-02 -2.209948e+00 -9.325060e-01 -4.686727e-03 -3.611241e-01 -3.068310e+01
-3.562009e-01 3.299304e-02 9.338267e-01 9.762797e+01 7.842455e-03 9.994468e-01 -3.232003e-02 -2.254489e+00 -9.343765e-01 -4.188933e-03 -3.562626e-01 -3.099995e+01
-3.505397e-01 2.979465e-02 9.360738e-01 9.847826e+01 5.777884e-03 9.995436e-01 -2.965117e-02 -2.300639e+00 -9.365301e-01 -4.985387e-03 -3.505519e-01 -3.131096e+01
-3.452582e-01 2.514112e-02 9.381709e-01 9.933337e+01 4.706859e-03 9.996749e-01 -2.505714e-02 -2.347890e+00 -9.384960e-01 -4.235346e-03 -3.452643e-01 -3.161656e+01
-3.394918e-01 2.250644e-02 9.403397e-01 1.001848e+02 3.820552e-03 9.997384e-01 -2.254878e-02 -2.394151e+00 -9.406013e-01 -4.062511e-03 -3.394890e-01 -3.191408e+01
-3.337775e-01 2.063786e-02 9.424259e-01 1.010383e+02 -3.821443e-03 9.997224e-01 -2.324602e-02 -2.436801e+00 -9.426442e-01 -1.136043e-02 -3.336060e-01 -3.219559e+01
-3.277148e-01 2.098731e-02 9.445436e-01 1.018913e+02 -1.177247e-02 9.995849e-01 -2.629484e-02 -2.479664e+00 -9.447034e-01 -1.973682e-02 -3.273317e-01 -3.246899e+01
-3.137758e-01 2.794270e-02 9.490858e-01 1.035885e+02 -7.876338e-03 9.994559e-01 -3.202967e-02 -2.567807e+00 -9.494645e-01 -1.752545e-02 -3.133850e-01 -3.302355e+01
-3.003027e-01 2.118723e-02 9.536086e-01 1.053065e+02 -9.618011e-03 9.996352e-01 -2.523868e-02 -2.657199e+00 -9.537955e-01 -1.675106e-02 -2.999894e-01 -3.355357e+01
-2.867608e-01 2.111858e-02 9.577694e-01 1.070286e+02 -1.249763e-02 9.995894e-01 -2.578256e-02 -2.745462e+00 -9.579207e-01 -1.936328e-02 -2.863791e-01 -3.405765e+01
-2.737320e-01 2.547350e-02 9.614686e-01 1.087523e+02 -1.377364e-02 9.994429e-01 -3.040099e-02 -2.835895e+00 -9.617074e-01 -2.156465e-02 -2.732286e-01 -3.453399e+01
-2.589284e-01 2.418283e-02 9.655937e-01 1.104870e+02 -1.125545e-02 9.995431e-01 -2.805129e-02 -2.928512e+00 -9.658310e-01 -1.813147e-02 -2.585379e-01 -3.499323e+01
-2.511015e-01 2.499321e-02 9.676380e-01 1.113535e+02 -7.608843e-03 9.995847e-01 -2.779286e-02 -2.973590e+00 -9.679309e-01 -1.434143e-02 -2.508071e-01 -3.521847e+01
-2.378125e-01 2.455726e-02 9.710006e-01 1.130945e+02 -1.164016e-02 9.995365e-01 -2.812981e-02 -3.062720e+00 -9.712414e-01 -1.799222e-02 -2.374164e-01 -3.563108e+01
-2.272133e-01 2.240141e-02 9.735873e-01 1.148418e+02 -1.347358e-02 9.995674e-01 -2.614362e-02 -3.150123e+00 -9.737518e-01 -1.905788e-02 -2.268132e-01 -3.602323e+01
-2.178083e-01 2.499013e-02 9.756716e-01 1.165857e+02 -1.117689e-02 9.995427e-01 -2.809667e-02 -3.239438e+00 -9.759276e-01 -1.702466e-02 -2.174294e-01 -3.640785e+01
-2.065606e-01 2.222651e-02 9.781813e-01 1.183368e+02 1.707797e-03 9.997486e-01 -2.235594e-02 -3.318375e+00 -9.784323e-01 -2.947323e-03 -2.065467e-01 -3.679450e+01
-1.973516e-01 2.314005e-02 9.800596e-01 1.200850e+02 2.787658e-03 9.997306e-01 -2.304316e-02 -3.401094e+00 -9.803288e-01 -1.815536e-03 -1.973629e-01 -3.714466e+01
-1.918428e-01 2.395892e-02 9.811332e-01 1.218304e+02 -1.259154e-03 9.996951e-01 -2.465841e-02 -3.481415e+00 -9.814249e-01 -5.965936e-03 -1.917541e-01 -3.747460e+01
-1.897881e-01 1.940018e-02 9.816334e-01 1.235754e+02 1.819514e-04 9.998054e-01 -1.972415e-02 -3.558368e+00 -9.818251e-01 -3.564802e-03 -1.897548e-01 -3.780867e+01
-1.878979e-01 1.059726e-02 9.821314e-01 1.253205e+02 -1.241330e-03 9.999384e-01 -1.102690e-02 -3.631060e+00 -9.821878e-01 -3.291082e-03 -1.878732e-01 -3.814146e+01
-1.863838e-01 2.013241e-02 9.822707e-01 1.270337e+02 -5.057937e-04 9.997879e-01 -2.058742e-02 -3.697685e+00 -9.824769e-01 -4.333989e-03 -1.863341e-01 -3.846973e+01
-1.859169e-01 1.858096e-02 9.823898e-01 1.287490e+02 -5.010791e-03 9.997902e-01 -1.985837e-02 -3.773125e+00 -9.825527e-01 -8.614557e-03 -1.857848e-01 -3.878916e+01
-1.844108e-01 2.100880e-02 9.826247e-01 1.304485e+02 -2.083493e-03 9.997609e-01 -2.176619e-02 -3.847217e+00 -9.828471e-01 -6.061214e-03 -1.843230e-01 -3.911538e+01
-1.845558e-01 2.340401e-02 9.825433e-01 1.321343e+02 -1.690605e-02 9.994929e-01 -2.698330e-02 -3.932338e+00 -9.826767e-01 -2.159085e-02 -1.840665e-01 -3.939553e+01
-1.840457e-01 2.731460e-02 9.825381e-01 1.329698e+02 -1.452944e-02 9.994290e-01 -3.050578e-02 -3.974607e+00 -9.828103e-01 -1.989018e-02 -1.835437e-01 -3.954593e+01
-1.819559e-01 2.942864e-02 9.828662e-01 1.346231e+02 -1.360384e-02 9.993810e-01 -3.244158e-02 -4.063364e+00 -9.832126e-01 -1.927369e-02 -1.814430e-01 -3.984431e+01
-1.801141e-01 2.846824e-02 9.832337e-01 1.354495e+02 -6.217937e-03 9.995282e-01 -3.007907e-02 -4.105477e+00 -9.836261e-01 -1.153135e-02 -1.798521e-01 -3.999979e+01
-1.745228e-01 2.003470e-02 9.844493e-01 1.370908e+02 3.831228e-03 9.997992e-01 -1.966789e-02 -4.188573e+00 -9.846457e-01 3.391515e-04 -1.745645e-01 -4.030057e+01
-1.709157e-01 1.984713e-02 9.850857e-01 1.379023e+02 4.990895e-03 9.998017e-01 -1.927769e-02 -4.226372e+00 -9.852730e-01 1.621597e-03 -1.709809e-01 -4.043780e+01
-1.657101e-01 2.461578e-02 9.858672e-01 1.387057e+02 7.087553e-03 9.996923e-01 -2.376967e-02 -4.266655e+00 -9.861491e-01 3.048509e-03 -1.658336e-01 -4.057118e+01
-1.510622e-01 2.978881e-02 9.880753e-01 1.403054e+02 8.529771e-03 9.995479e-01 -2.883062e-02 -4.337506e+00 -9.884875e-01 4.072837e-03 -1.512480e-01 -4.081224e+01
-1.414671e-01 2.471475e-02 9.896344e-01 1.411082e+02 9.549968e-03 9.996758e-01 -2.360038e-02 -4.377901e+00 -9.898969e-01 6.112296e-03 -1.416573e-01 -4.091861e+01
-1.158117e-01 2.562887e-02 9.929405e-01 1.426964e+02 1.816665e-02 9.995545e-01 -2.368073e-02 -4.456348e+00 -9.931051e-01 1.529589e-02 -1.162257e-01 -4.110993e+01
-1.015031e-01 2.677699e-02 9.944748e-01 1.434862e+02 1.785896e-02 9.995256e-01 -2.509018e-02 -4.491871e+00 -9.946749e-01 1.521355e-02 -1.019332e-01 -4.118413e+01
-7.378080e-02 2.871236e-02 9.968611e-01 1.450550e+02 2.087230e-02 9.994109e-01 -2.724099e-02 -4.567642e+00 -9.970561e-01 1.879692e-02 -7.433664e-02 -4.130354e+01
-4.729335e-02 4.371848e-02 9.979238e-01 1.465903e+02 1.185184e-02 9.989960e-01 -4.320378e-02 -4.657895e+00 -9.988108e-01 9.783979e-03 -4.776401e-02 -4.136686e+01
-3.365131e-02 5.194575e-02 9.980828e-01 1.473502e+02 7.775331e-03 9.986317e-01 -5.171219e-02 -4.704613e+00 -9.994034e-01 6.020237e-03 -3.400917e-02 -4.138182e+01
-8.163869e-03 4.952903e-02 9.987393e-01 1.488864e+02 3.500342e-03 9.987679e-01 -4.950185e-02 -4.810016e+00 -9.999606e-01 3.091800e-03 -8.327181e-03 -4.138452e+01
1.878440e-02 6.076957e-02 9.979750e-01 1.511367e+02 -7.115607e-03 9.981340e-01 -6.064534e-02 -4.975189e+00 -9.997983e-01 -5.962013e-03 1.918176e-02 -4.130745e+01
2.218974e-02 6.436398e-02 9.976797e-01 1.518836e+02 -1.067848e-02 9.978838e-01 -6.413966e-02 -5.025972e+00 -9.996968e-01 -9.230458e-03 2.283008e-02 -4.127171e+01
2.045747e-02 5.497074e-02 9.982784e-01 1.533945e+02 -1.520047e-02 9.983890e-01 -5.466535e-02 -5.150084e+00 -9.996752e-01 -1.405598e-02 2.126009e-02 -4.121665e+01
1.481687e-02 5.255732e-02 9.985080e-01 1.548963e+02 -1.108381e-02 9.985649e-01 -5.239586e-02 -5.253941e+00 -9.998288e-01 -1.029093e-02 1.537814e-02 -4.117199e+01
6.389337e-03 5.045509e-02 9.987059e-01 1.563926e+02 -1.101256e-02 9.986692e-01 -5.038280e-02 -5.366278e+00 -9.999190e-01 -1.067639e-02 6.936472e-03 -4.113867e+01
-4.773199e-03 4.970055e-02 9.987527e-01 1.578857e+02 -1.210913e-02 9.986880e-01 -4.975521e-02 -5.470893e+00 -9.999153e-01 -1.233152e-02 -4.165108e-03 -4.112225e+01
-1.593767e-02 4.683018e-02 9.987757e-01 1.593643e+02 -1.069640e-02 9.988374e-01 -4.700378e-02 -5.577823e+00 -9.998158e-01 -1.143244e-02 -1.541823e-02 -4.112304e+01
-2.558249e-02 4.989856e-02 9.984266e-01 1.608215e+02 -1.305593e-02 9.986516e-01 -5.024435e-02 -5.683305e+00 -9.995875e-01 -1.432077e-02 -2.489653e-02 -4.113308e+01
-2.992572e-02 5.385780e-02 9.981001e-01 1.622559e+02 -1.048767e-02 9.984754e-01 -5.419251e-02 -5.787286e+00 -9.994971e-01 -1.208949e-02 -2.931525e-02 -4.115910e+01
-2.940260e-02 5.265598e-02 9.981797e-01 1.629748e+02 -6.988320e-03 9.985763e-01 -5.288276e-02 -5.840496e+00 -9.995433e-01 -8.530491e-03 -2.899277e-02 -4.117304e+01
-1.844503e-02 4.780467e-02 9.986864e-01 1.643994e+02 -3.509500e-03 9.988470e-01 -4.787719e-02 -5.950404e+00 -9.998238e-01 -4.387988e-03 -1.825599e-02 -4.118595e+01
-7.418425e-03 4.895510e-02 9.987734e-01 1.650989e+02 -6.486812e-04 9.988004e-01 -4.896126e-02 -6.001598e+00 -9.999723e-01 -1.011103e-03 -7.377772e-03 -4.118391e+01
7.121354e-03 4.909733e-02 9.987686e-01 1.657946e+02 2.005095e-03 9.987912e-01 -4.911275e-02 -6.048437e+00 -9.999727e-01 2.352372e-03 7.014299e-03 -4.116984e+01
2.243953e-02 4.734927e-02 9.986263e-01 1.664858e+02 1.627255e-03 9.988748e-01 -4.739763e-02 -6.093238e+00 -9.997469e-01 2.688598e-03 2.233723e-02 -4.113991e+01
3.841718e-02 4.215945e-02 9.983720e-01 1.671705e+02 -3.668784e-03 9.991088e-01 -4.204940e-02 -6.137223e+00 -9.992551e-01 -2.047394e-03 3.853761e-02 -4.109075e+01
7.192452e-02 2.868837e-02 9.969974e-01 1.685301e+02 -4.992049e-03 9.995841e-01 -2.840267e-02 -6.221562e+00 -9.973976e-01 -2.934213e-03 7.203782e-02 -4.097530e+01
8.957989e-02 2.108529e-02 9.957564e-01 1.692001e+02 -5.085528e-03 9.997725e-01 -2.071284e-02 -6.257878e+00 -9.959667e-01 -3.208495e-03 8.966674e-02 -4.090154e+01
1.069088e-01 1.506815e-02 9.941546e-01 1.698614e+02 -7.268466e-03 9.998703e-01 -1.437315e-02 -6.291791e+00 -9.942423e-01 -5.689364e-03 1.070044e-01 -4.081430e+01
1.247290e-01 1.224565e-02 9.921153e-01 1.705106e+02 -8.080796e-03 9.999032e-01 -1.132586e-02 -6.321698e+00 -9.921580e-01 -6.604419e-03 1.248159e-01 -4.071802e+01
1.428784e-01 1.125809e-02 9.896762e-01 1.711577e+02 -5.929431e-03 9.999271e-01 -1.051867e-02 -6.345942e+00 -9.897225e-01 -4.365327e-03 1.429347e-01 -4.061474e+01
1.603230e-01 1.051115e-02 9.870086e-01 1.717857e+02 -7.327816e-03 9.999284e-01 -9.458462e-03 -6.364809e+00 -9.870374e-01 -5.716209e-03 1.603886e-01 -4.049872e+01
1.909880e-01 6.265987e-03 9.815724e-01 1.730350e+02 -1.417264e-02 9.998930e-01 -3.625324e-03 -6.398487e+00 -9.814901e-01 -1.321907e-02 1.910563e-01 -4.023437e+01
2.033735e-01 2.554637e-03 9.790979e-01 1.736569e+02 -1.121446e-02 9.999371e-01 -2.796009e-04 -6.414475e+00 -9.790370e-01 -1.092319e-02 2.033893e-01 -4.010085e+01
2.242966e-01 4.603043e-03 9.745101e-01 1.748735e+02 -1.242665e-02 9.999210e-01 -1.862913e-03 -6.445461e+00 -9.744417e-01 -1.169205e-02 2.243360e-01 -3.980478e+01
2.422731e-01 2.126941e-02 9.699749e-01 1.760534e+02 -1.682542e-02 9.997014e-01 -1.771872e-02 -6.476780e+00 -9.700622e-01 -1.202746e-02 2.425587e-01 -3.948936e+01
2.633123e-01 1.927849e-02 9.645180e-01 1.778409e+02 -1.299897e-02 9.997804e-01 -1.643461e-02 -6.523425e+00 -9.646231e-01 -8.210305e-03 2.635051e-01 -3.899819e+01
2.697649e-01 -2.181280e-04 9.629262e-01 1.790512e+02 -1.869834e-02 9.998102e-01 5.464843e-03 -6.563672e+00 -9.627447e-01 -1.947935e-02 2.697096e-01 -3.863782e+01
2.721595e-01 1.350028e-03 9.622512e-01 1.802453e+02 -1.118572e-02 9.999359e-01 1.760825e-03 -6.587494e+00 -9.621872e-01 -1.124270e-02 2.721571e-01 -3.829850e+01
2.737821e-01 6.608061e-04 9.617915e-01 1.808424e+02 -7.395574e-03 9.999716e-01 1.418172e-03 -6.589823e+00 -9.617633e-01 -7.501271e-03 2.737792e-01 -3.813009e+01
2.781485e-01 -4.482085e-03 9.605276e-01 1.820434e+02 -9.572413e-03 9.999265e-01 7.437898e-03 -6.599489e+00 -9.604904e-01 -1.126341e-02 2.780852e-01 -3.777364e+01
2.812820e-01 -9.933839e-03 9.595737e-01 1.826545e+02 -9.451389e-03 9.998692e-01 1.312150e-02 -6.610135e+00 -9.595786e-01 -1.276015e-02 2.811513e-01 -3.758509e+01
2.915850e-01 -1.483620e-02 9.564299e-01 1.838831e+02 -6.154848e-03 9.998299e-01 1.738584e-02 -6.622539e+00 -9.565252e-01 -1.095613e-02 2.914440e-01 -3.719587e+01
3.090409e-01 -2.005231e-02 9.508373e-01 1.851118e+02 -1.794040e-03 9.997636e-01 2.166722e-02 -6.625315e+00 -9.510471e-01 -8.401897e-03 3.089318e-01 -3.678729e+01
3.316651e-01 -1.467498e-02 9.432830e-01 1.863264e+02 -4.382711e-03 9.998442e-01 1.709592e-02 -6.629118e+00 -9.433870e-01 -9.804256e-03 3.315492e-01 -3.633625e+01
3.549344e-01 -1.035464e-02 9.348339e-01 1.875555e+02 -4.155489e-03 9.999113e-01 1.265321e-02 -6.636302e+00 -9.348820e-01 -8.375752e-03 3.548599e-01 -3.584729e+01
3.773306e-01 -1.499536e-02 9.259572e-01 1.887952e+02 -4.478456e-03 9.998276e-01 1.801664e-02 -6.647005e+00 -9.260678e-01 -1.094509e-02 3.771984e-01 -3.531167e+01
3.983480e-01 -1.704230e-02 9.170760e-01 1.900333e+02 -9.711319e-03 9.996929e-01 2.279587e-02 -6.646563e+00 -9.171830e-01 -1.798671e-02 3.980602e-01 -3.474499e+01
4.100166e-01 -1.801138e-02 9.119002e-01 1.912983e+02 -1.376782e-02 9.995688e-01 2.593337e-02 -6.646441e+00 -9.119742e-01 -2.318799e-02 4.095918e-01 -3.415828e+01
4.128004e-01 -2.084626e-02 9.105829e-01 1.925985e+02 -6.834500e-03 9.996390e-01 2.598338e-02 -6.636461e+00 -9.107959e-01 -1.694933e-02 4.125089e-01 -3.357701e+01
4.116063e-01 -2.110116e-02 9.111174e-01 1.932543e+02 -5.652744e-03 9.996536e-01 2.570531e-02 -6.629339e+00 -9.113443e-01 -1.573078e-02 4.113444e-01 -3.328043e+01
4.106521e-01 -2.116231e-02 9.115465e-01 1.946076e+02 1.910107e-03 9.997484e-01 2.234948e-02 -6.620022e+00 -9.117901e-01 -7.436712e-03 4.105892e-01 -3.268987e+01
4.089264e-01 -3.061864e-02 9.120535e-01 1.959819e+02 5.803287e-03 9.995040e-01 3.095250e-02 -6.607632e+00 -9.125489e-01 -7.364387e-03 4.089013e-01 -3.209196e+01
4.059481e-01 -3.360882e-02 9.132779e-01 1.973577e+02 5.665259e-03 9.993969e-01 3.425984e-02 -6.590085e+00 -9.138786e-01 -8.733760e-03 4.058937e-01 -3.148450e+01
4.022820e-01 -3.283317e-02 9.149269e-01 1.987286e+02 3.350705e-03 9.994028e-01 3.439143e-02 -6.568027e+00 -9.155097e-01 -1.076940e-02 4.021517e-01 -3.087810e+01
4.002981e-01 -2.379988e-02 9.160759e-01 2.000964e+02 4.663276e-03 9.997026e-01 2.393481e-02 -6.544179e+00 -9.163732e-01 -5.309144e-03 4.002900e-01 -3.028273e+01
3.978412e-01 -2.255812e-02 9.171769e-01 2.014645e+02 9.054686e-04 9.997068e-01 2.419520e-02 -6.520036e+00 -9.174539e-01 -8.795372e-03 3.977450e-01 -2.967879e+01
3.943686e-01 -2.589240e-02 9.185875e-01 2.028328e+02 -4.853155e-03 9.995303e-01 3.025751e-02 -6.500732e+00 -9.189396e-01 -1.639066e-02 3.940577e-01 -2.907468e+01
3.833293e-01 -2.641000e-02 9.232341e-01 2.042052e+02 -7.201342e-03 9.994752e-01 3.158097e-02 -6.476282e+00 -9.235837e-01 -1.875443e-02 3.829380e-01 -2.849044e+01
3.647463e-01 -2.635402e-02 9.307339e-01 2.055855e+02 -5.491692e-03 9.995211e-01 3.045390e-02 -6.460876e+00 -9.310908e-01 -1.621925e-02 3.644269e-01 -2.794682e+01
3.427197e-01 -2.215805e-02 9.391763e-01 2.069776e+02 -8.461807e-03 9.996084e-01 2.667167e-02 -6.451620e+00 -9.393996e-01 -1.708803e-02 3.423980e-01 -2.742532e+01
3.230834e-01 -3.965624e-02 9.455392e-01 2.083951e+02 4.992930e-04 9.991286e-01 4.173320e-02 -6.431564e+00 -9.463704e-01 -1.301120e-02 3.228217e-01 -2.694940e+01
3.111929e-01 -4.623932e-02 9.492212e-01 2.098040e+02 -4.290689e-03 9.987371e-01 5.005805e-02 -6.390837e+00 -9.503371e-01 -1.965052e-02 3.106015e-01 -2.647707e+01
3.087288e-01 -4.828838e-02 9.499235e-01 2.105114e+02 -3.849933e-03 9.986388e-01 5.201602e-02 -6.368113e+00 -9.511423e-01 -1.971599e-02 3.081227e-01 -2.624826e+01
3.060417e-01 -4.754023e-02 9.508304e-01 2.119378e+02 -2.550289e-03 9.987079e-01 5.075491e-02 -6.316282e+00 -9.520147e-01 -1.795801e-02 3.055251e-01 -2.578235e+01
3.056395e-01 -4.495687e-02 9.510854e-01 2.126531e+02 -5.827151e-03 9.987776e-01 4.908385e-02 -6.288388e+00 -9.521295e-01 -2.054408e-02 3.050039e-01 -2.554273e+01
3.060927e-01 -4.594010e-02 9.508926e-01 2.133746e+02 -6.699474e-03 9.987063e-01 5.040668e-02 -6.266484e+00 -9.519782e-01 -2.179959e-02 3.053890e-01 -2.530655e+01
3.078653e-01 -4.698159e-02 9.502693e-01 2.140992e+02 -7.345132e-03 9.986329e-01 5.175237e-02 -6.250693e+00 -9.514016e-01 -2.291261e-02 3.070993e-01 -2.507414e+01
3.092072e-01 -4.879533e-02 9.497420e-01 2.148260e+02 -5.912039e-03 9.985648e-01 5.322851e-02 -6.233950e+00 -9.509764e-01 -2.207354e-02 3.084749e-01 -2.484157e+01
3.107108e-01 -4.984750e-02 9.491965e-01 2.155565e+02 -2.315998e-03 9.985812e-01 5.319909e-02 -6.215613e+00 -9.505017e-01 -1.872787e-02 3.101545e-01 -2.461008e+01
3.137378e-01 -5.111714e-02 9.481327e-01 2.162920e+02 -1.125066e-03 9.985291e-01 5.420648e-02 -6.192151e+00 -9.495090e-01 -1.807333e-02 3.132188e-01 -2.436727e+01
3.180156e-01 -5.286120e-02 9.466107e-01 2.170259e+02 -1.996011e-03 9.984049e-01 5.642410e-02 -6.170889e+00 -9.480834e-01 -1.983319e-02 3.174028e-01 -2.411545e+01
3.230288e-01 -5.689908e-02 9.446771e-01 2.177641e+02 -4.223889e-03 9.980944e-01 6.156082e-02 -6.141465e+00 -9.463797e-01 -2.387613e-02 3.221729e-01 -2.385283e+01
3.282599e-01 -6.053182e-02 9.426459e-01 2.184996e+02 -4.871244e-03 9.978228e-01 6.577132e-02 -6.107629e+00 -9.445749e-01 -2.618194e-02 3.272503e-01 -2.358866e+01
3.371821e-01 -5.710597e-02 9.397059e-01 2.199730e+02 -1.173154e-02 9.978262e-01 6.484743e-02 -6.048783e+00 -9.413664e-01 -3.288959e-02 3.357792e-01 -2.303739e+01
3.464712e-01 -4.688015e-02 9.368884e-01 2.214455e+02 -1.903753e-02 9.981933e-01 5.698802e-02 -5.978570e+00 -9.378674e-01 -3.758074e-02 3.449528e-01 -2.246604e+01
3.550355e-01 -4.539201e-02 9.337501e-01 2.229246e+02 -2.339810e-02 9.980761e-01 5.741562e-02 -5.925935e+00 -9.345600e-01 -4.223256e-02 3.532904e-01 -2.188097e+01
3.636809e-01 -4.191318e-02 9.305802e-01 2.244110e+02 -2.353902e-02 9.982547e-01 5.416054e-02 -5.878524e+00 -9.312262e-01 -4.160210e-02 3.620596e-01 -2.128566e+01
3.725662e-01 -4.408715e-02 9.269578e-01 2.258876e+02 -2.003802e-02 9.982558e-01 5.553192e-02 -5.821468e+00 -9.277893e-01 -3.926371e-02 3.710330e-01 -2.068760e+01
3.810629e-01 -4.139743e-02 9.236218e-01 2.273444e+02 -1.705246e-02 9.985124e-01 5.178950e-02 -5.748608e+00 -9.243919e-01 -3.548508e-02 3.797901e-01 -2.008115e+01
3.853593e-01 -4.194035e-02 9.218130e-01 2.280720e+02 -2.167999e-02 9.982793e-01 5.448261e-02 -5.713135e+00 -9.225119e-01 -4.098027e-02 3.837870e-01 -1.976164e+01
3.940139e-01 -4.017104e-02 9.182262e-01 2.295083e+02 -2.259501e-02 9.983191e-01 5.337059e-02 -5.635042e+00 -9.188267e-01 -4.177608e-02 3.924440e-01 -1.912990e+01
4.012920e-01 -2.706310e-02 9.155503e-01 2.309318e+02 -2.680599e-02 9.987882e-01 4.127281e-02 -5.563405e+00 -9.155579e-01 -4.110468e-02 4.000803e-01 -1.848487e+01
4.070088e-01 -3.717350e-02 9.126675e-01 2.323801e+02 -3.365391e-02 9.978828e-01 5.565252e-02 -5.500836e+00 -9.128041e-01 -5.336589e-02 4.048961e-01 -1.781958e+01
4.088937e-01 -4.922212e-02 9.112536e-01 2.331128e+02 -2.952598e-02 9.973080e-01 6.711920e-02 -5.462204e+00 -9.121043e-01 -5.435027e-02 4.063396e-01 -1.749136e+01
4.105196e-01 -5.744662e-02 9.100404e-01 2.338426e+02 -3.020588e-02 9.966091e-01 7.653720e-02 -5.421735e+00 -9.113514e-01 -5.890858e-02 4.073923e-01 -1.715509e+01
4.126278e-01 -6.019533e-02 9.089086e-01 2.345679e+02 -3.229844e-02 9.962198e-01 8.064069e-02 -5.383327e+00 -9.103270e-01 -6.263091e-02 4.091237e-01 -1.681799e+01
4.153935e-01 -5.591546e-02 9.079216e-01 2.352837e+02 -3.137485e-02 9.966343e-01 7.573362e-02 -5.338707e+00 -9.091006e-01 -5.994514e-02 4.122411e-01 -1.648612e+01
4.195373e-01 -4.978536e-02 9.063718e-01 2.359993e+02 -2.995997e-02 9.971914e-01 6.864166e-02 -5.291877e+00 -9.072436e-01 -5.595260e-02 4.168674e-01 -1.615219e+01
4.279680e-01 -4.341347e-02 9.027506e-01 2.374264e+02 -2.812720e-02 9.977220e-01 6.131496e-02 -5.210063e+00 -9.033562e-01 -5.163268e-02 4.257720e-01 -1.546516e+01
4.359106e-01 -4.248065e-02 8.989868e-01 2.388518e+02 -2.558671e-02 9.978966e-01 5.956129e-02 -5.126556e+00 -8.996262e-01 -4.896550e-02 4.339068e-01 -1.476521e+01
4.422831e-01 -5.300698e-02 8.953077e-01 2.402931e+02 -2.285280e-02 9.972618e-01 7.033252e-02 -5.054711e+00 -8.965844e-01 -5.156716e-02 4.398606e-01 -1.404673e+01
4.467101e-01 -6.400536e-02 8.923863e-01 2.417404e+02 -1.891004e-02 9.965394e-01 8.094161e-02 -4.967915e+00 -8.944789e-01 -5.303249e-02 4.439539e-01 -1.331751e+01
4.499426e-01 -7.212526e-02 8.901402e-01 2.431894e+02 -1.735029e-02 9.958393e-01 8.945985e-02 -4.866153e+00 -8.928890e-01 -5.569598e-02 4.468191e-01 -1.257871e+01
4.526185e-01 -4.821999e-02 8.903995e-01 2.445980e+02 -2.810887e-02 9.972690e-01 6.829619e-02 -4.768203e+00 -8.912612e-01 -5.594024e-02 4.500270e-01 -1.183273e+01
4.534387e-01 -4.106321e-02 8.903410e-01 2.460241e+02 -2.764379e-02 9.978096e-01 6.009836e-02 -4.666974e+00 -8.908587e-01 -5.186331e-02 4.513104e-01 -1.109793e+01
4.550436e-01 -4.892877e-02 8.891239e-01 2.474682e+02 -2.710753e-02 9.972653e-01 6.875317e-02 -4.585009e+00 -8.900565e-01 -5.538763e-02 4.524729e-01 -1.034967e+01
4.588987e-01 -5.508335e-02 8.867795e-01 2.496451e+02 -1.905426e-02 9.972367e-01 7.180491e-02 -4.465693e+00 -8.882843e-01 -4.984810e-02 4.565810e-01 -9.231011e+00
4.609865e-01 -5.645078e-02 8.856098e-01 2.510879e+02 -2.218522e-02 9.969296e-01 7.509463e-02 -4.371330e+00 -8.871298e-01 -5.426505e-02 4.583187e-01 -8.470395e+00
4.637157e-01 -5.100456e-02 8.845147e-01 2.525224e+02 -2.060139e-02 9.974509e-01 6.831739e-02 -4.275557e+00 -8.857446e-01 -4.990207e-02 4.614828e-01 -7.707069e+00
4.689183e-01 -5.721110e-02 8.813867e-01 2.539607e+02 -1.701176e-02 9.971298e-01 7.377469e-02 -4.161421e+00 -8.830777e-01 -4.958824e-02 4.665992e-01 -6.938930e+00
4.767470e-01 -5.969675e-02 8.770112e-01 2.553919e+02 -1.410328e-02 9.970435e-01 7.553377e-02 -4.048806e+00 -8.789275e-01 -4.837922e-02 4.744955e-01 -6.152612e+00
4.849795e-01 -5.356906e-02 8.728833e-01 2.568048e+02 -1.933875e-02 9.972211e-01 7.194445e-02 -3.930085e+00 -8.743117e-01 -5.177205e-02 4.825959e-01 -5.350577e+00
5.057966e-01 -4.954606e-02 8.612287e-01 2.589184e+02 -9.935480e-03 9.979485e-01 6.324655e-02 -3.779890e+00 -8.625956e-01 -4.054661e-02 5.042667e-01 -4.128435e+00
5.156445e-01 -5.274343e-02 8.551777e-01 2.596187e+02 -4.228533e-03 9.979346e-01 6.409771e-02 -3.733326e+00 -8.567922e-01 -3.666777e-02 5.143565e-01 -3.705256e+00
5.412294e-01 -5.432145e-02 8.391185e-01 2.609917e+02 -1.111302e-03 9.978641e-01 6.531485e-02 -3.633918e+00 -8.408743e-01 -3.628282e-02 5.400130e-01 -2.820165e+00
5.668480e-01 -6.147190e-02 8.215257e-01 2.623444e+02 -2.856384e-04 9.971974e-01 7.481390e-02 -3.531769e+00 -8.238224e-01 -4.264277e-02 5.652419e-01 -1.883065e+00
5.776212e-01 -5.889584e-02 8.141775e-01 2.630049e+02 -4.370990e-03 9.971564e-01 7.523316e-02 -3.480155e+00 -8.162933e-01 -4.701503e-02 5.757212e-01 -1.397703e+00
5.926812e-01 -4.779757e-02 8.040176e-01 2.643027e+02 -1.453795e-02 9.974401e-01 7.001289e-02 -3.373096e+00 -8.053059e-01 -5.318408e-02 5.904692e-01 -4.142628e-01
5.946556e-01 -4.407459e-02 8.027716e-01 2.649518e+02 -2.023195e-02 9.973596e-01 6.974496e-02 -3.320578e+00 -8.037260e-01 -5.771585e-02 5.921938e-01 8.421701e-02
5.922340e-01 -3.778080e-02 8.048798e-01 2.656004e+02 -2.829378e-02 9.973090e-01 6.763205e-02 -3.277874e+00 -8.052691e-01 -6.282708e-02 5.895714e-01 5.815620e-01
5.761849e-01 -2.499829e-02 8.169370e-01 2.669119e+02 -3.996739e-02 9.974746e-01 5.871170e-02 -3.186902e+00 -8.163416e-01 -6.647963e-02 5.737307e-01 1.539702e+00
5.558069e-01 -3.000140e-02 8.307699e-01 2.682659e+02 -3.320856e-02 9.977496e-01 5.824891e-02 -3.095292e+00 -8.306479e-01 -5.996381e-02 5.535598e-01 2.447327e+00
5.365247e-01 -3.174459e-02 8.432873e-01 2.696322e+02 -3.595926e-02 9.975245e-01 6.042904e-02 -3.014796e+00 -8.431181e-01 -6.274565e-02 5.340551e-01 3.337088e+00
5.194005e-01 -3.215099e-02 8.539259e-01 2.710177e+02 -2.861656e-02 9.980770e-01 5.498443e-02 -2.933541e+00 -8.540517e-01 -5.299536e-02 5.174817e-01 4.180200e+00
5.054989e-01 -3.047835e-02 8.622887e-01 2.724197e+02 -3.372885e-02 9.979140e-01 5.504499e-02 -2.857745e+00 -8.621678e-01 -5.690918e-02 5.034165e-01 5.022290e+00
4.952874e-01 -3.802937e-02 8.678964e-01 2.738426e+02 -3.878304e-02 9.970774e-01 6.582235e-02 -2.772449e+00 -8.678631e-01 -6.626063e-02 4.923650e-01 5.855792e+00
4.882423e-01 -3.974586e-02 8.718026e-01 2.752745e+02 -4.200052e-02 9.967346e-01 6.896345e-02 -2.673153e+00 -8.716969e-01 -7.028702e-02 4.849786e-01 6.675117e+00
4.839855e-01 -1.764901e-02 8.748980e-01 2.766939e+02 -4.997074e-02 9.976077e-01 4.776775e-02 -2.585559e+00 -8.736481e-01 -6.683819e-02 4.819458e-01 7.483336e+00
4.801612e-01 -1.374213e-02 8.770726e-01 2.788724e+02 -5.340214e-02 9.975647e-01 4.486550e-02 -2.463622e+00 -8.755533e-01 -6.838022e-02 4.782580e-01 8.703796e+00
4.826335e-01 -2.267670e-02 8.755288e-01 2.810976e+02 -4.698729e-02 9.975546e-01 5.173890e-02 -2.361052e+00 -8.745611e-01 -6.610964e-02 4.803878e-01 9.935075e+00
4.939955e-01 -2.387450e-02 8.691366e-01 2.833375e+02 -4.600043e-02 9.975052e-01 5.354618e-02 -2.259848e+00 -8.682468e-01 -6.643221e-02 4.916649e-01 1.121977e+01
5.016344e-01 -1.975805e-02 8.648540e-01 2.848272e+02 -5.059172e-02 9.973580e-01 5.212948e-02 -2.201768e+00 -8.635991e-01 -6.990438e-02 4.993095e-01 1.210499e+01
5.112701e-01 -1.607064e-02 8.592698e-01 2.863278e+02 -4.316660e-02 9.980829e-01 4.435118e-02 -2.157485e+00 -8.583353e-01 -5.976718e-02 5.095963e-01 1.298766e+01
5.254471e-01 -1.602518e-02 8.506753e-01 2.878316e+02 -4.142560e-02 9.981549e-01 4.439129e-02 -2.116997e+00 -8.498172e-01 -5.856500e-02 5.238138e-01 1.391153e+01
5.392974e-01 -2.270148e-02 8.418093e-01 2.893351e+02 -4.694475e-02 9.972716e-01 5.696863e-02 -2.064174e+00 -8.408059e-01 -7.024155e-02 5.367603e-01 1.488867e+01
5.532461e-01 -2.825027e-02 8.325387e-01 2.908382e+02 -5.175452e-02 9.963283e-01 6.820047e-02 -1.994986e+00 -8.314086e-01 -8.081927e-02 5.497526e-01 1.590519e+01
5.683204e-01 -2.044952e-02 8.225532e-01 2.923119e+02 -4.939916e-02 9.970398e-01 5.891843e-02 -1.909983e+00 -8.213231e-01 -7.411797e-02 5.656279e-01 1.693296e+01
5.826618e-01 -1.010083e-02 8.126519e-01 2.937666e+02 -4.424486e-02 9.980456e-01 4.412822e-02 -1.824438e+00 -8.115095e-01 -6.166749e-02 5.810762e-01 1.795966e+01
5.961290e-01 -1.514967e-02 8.027457e-01 2.952267e+02 -3.015847e-02 9.986938e-01 4.124373e-02 -1.755458e+00 -8.023221e-01 -4.879616e-02 5.948935e-01 1.901274e+01
6.109151e-01 -3.001720e-02 7.911269e-01 2.967209e+02 -2.065474e-02 9.983365e-01 5.382899e-02 -1.707063e+00 -7.914267e-01 -4.922546e-02 6.092788e-01 2.009092e+01
6.243285e-01 -3.673856e-02 7.802975e-01 2.981922e+02 -1.761822e-02 9.979771e-01 6.108415e-02 -1.635982e+00 -7.809632e-01 -5.188402e-02 6.224183e-01 2.121228e+01
6.369531e-01 -3.262160e-02 7.702120e-01 2.997788e+02 -2.645524e-02 9.975908e-01 6.413008e-02 -1.693639e+00 -7.704485e-01 -6.122398e-02 6.345556e-01 2.241695e+01
6.456476e-01 -3.398362e-02 7.628789e-01 3.013610e+02 -2.437635e-02 9.975829e-01 6.506933e-02 -1.747050e+00 -7.632464e-01 -6.060805e-02 6.432587e-01 2.363381e+01
6.547488e-01 -2.877270e-02 7.552987e-01 3.028926e+02 -2.040539e-02 9.982381e-01 5.571625e-02 -1.762461e+00 -7.555710e-01 -5.189230e-02 6.530081e-01 2.486059e+01
6.626558e-01 -3.064605e-02 7.482968e-01 3.043940e+02 -2.313429e-02 9.978480e-01 6.135290e-02 -1.753708e+00 -7.485667e-01 -5.796716e-02 6.605208e-01 2.612871e+01
6.707627e-01 -3.321535e-02 7.409279e-01 3.058703e+02 -2.410462e-02 9.974926e-01 6.653893e-02 -1.718076e+00 -7.412803e-01 -6.249161e-02 6.682802e-01 2.742763e+01
6.831266e-01 -2.639334e-02 7.298229e-01 3.080194e+02 -2.041417e-02 9.982661e-01 5.520935e-02 -1.655528e+00 -7.300146e-01 -5.261370e-02 6.814033e-01 2.938700e+01
6.913855e-01 -3.529827e-02 7.216232e-01 3.094386e+02 -9.641867e-03 9.982660e-01 5.806814e-02 -1.610963e+00 -7.224217e-01 -4.710526e-02 6.898464e-01 3.070690e+01
7.003373e-01 -4.387867e-02 7.124621e-01 3.108359e+02 2.317497e-03 9.982434e-01 5.920114e-02 -1.557699e+00 -7.138083e-01 -3.980964e-02 6.992088e-01 3.204009e+01
7.044055e-01 -4.415641e-02 7.084229e-01 3.115197e+02 1.498531e-03 9.981534e-01 6.072545e-02 -1.531653e+00 -7.097962e-01 -4.171375e-02 7.031709e-01 3.271633e+01
7.076251e-01 -4.369710e-02 7.052356e-01 3.121948e+02 -1.482076e-04 9.980767e-01 6.199054e-02 -1.502226e+00 -7.065881e-01 -4.397058e-02 7.062577e-01 3.339942e+01
7.116822e-01 -4.244890e-02 7.012179e-01 3.128629e+02 1.066596e-03 9.982368e-01 5.934672e-02 -1.471946e+00 -7.025008e-01 -4.148808e-02 7.104727e-01 3.407583e+01
7.154666e-01 -3.978370e-02 6.975133e-01 3.135266e+02 -1.535167e-03 9.982854e-01 5.851338e-02 -1.442106e+00 -6.986453e-01 -4.293516e-02 7.141788e-01 3.476541e+01
7.191300e-01 -4.455700e-02 6.934455e-01 3.141892e+02 4.010424e-03 9.981915e-01 5.997936e-02 -1.405865e+00 -6.948640e-01 -4.035194e-02 7.180082e-01 3.544723e+01
7.238531e-01 -4.465185e-02 6.885077e-01 3.148435e+02 2.703820e-03 9.980795e-01 6.188593e-02 -1.378314e+00 -6.899489e-01 -4.293471e-02 7.225837e-01 3.613799e+01
7.271832e-01 -4.346411e-02 6.850660e-01 3.154894e+02 3.627232e-03 9.982228e-01 5.948216e-02 -1.346387e+00 -6.864339e-01 -4.076953e-02 7.260485e-01 3.682740e+01
7.311242e-01 -4.614559e-02 6.806820e-01 3.161388e+02 7.954301e-03 9.982187e-01 5.912866e-02 -1.312849e+00 -6.821981e-01 -3.781604e-02 7.301889e-01 3.751735e+01
7.342365e-01 -4.643443e-02 6.773039e-01 3.167807e+02 5.424386e-03 9.980276e-01 6.254218e-02 -1.280517e+00 -6.788721e-01 -4.224679e-02 7.330402e-01 3.821802e+01
7.369502e-01 -4.334372e-02 6.745560e-01 3.174141e+02 -1.518780e-03 9.978333e-01 6.577524e-02 -1.250716e+00 -6.759454e-01 -4.949757e-02 7.352876e-01 3.892525e+01
7.397091e-01 -4.321833e-02 6.715375e-01 3.180491e+02 -2.442881e-03 9.977564e-01 6.690378e-02 -1.209970e+00 -6.729223e-01 -5.112981e-02 7.379440e-01 3.962810e+01
7.414072e-01 -4.827190e-02 6.693169e-01 3.186872e+02 3.698828e-04 9.974386e-01 7.152670e-02 -1.166319e+00 -6.710553e-01 -5.278283e-02 7.395260e-01 4.032863e+01
7.434182e-01 -4.754144e-02 6.671351e-01 3.193144e+02 -2.349887e-03 9.972786e-01 7.368676e-02 -1.130942e+00 -6.688228e-01 -5.634776e-02 7.412834e-01 4.102951e+01
7.447923e-01 -4.316427e-02 6.658988e-01 3.199432e+02 -1.898620e-03 9.977646e-01 6.679974e-02 -1.094331e+00 -6.672937e-01 -5.101621e-02 7.430455e-01 4.172857e+01
7.450255e-01 -3.981065e-02 6.658470e-01 3.211979e+02 8.200026e-04 9.982713e-01 5.876862e-02 -1.019788e+00 -6.670356e-01 -4.323812e-02 7.437702e-01 4.311884e+01
7.429743e-01 -4.369747e-02 6.678920e-01 3.224645e+02 -1.029784e-03 9.977907e-01 6.642698e-02 -9.469468e-01 -6.693192e-01 -5.004132e-02 7.412879e-01 4.452778e+01
7.372966e-01 -4.455575e-02 6.740983e-01 3.237484e+02 -1.958221e-03 9.976776e-01 6.808512e-02 -8.650478e-01 -6.755664e-01 -5.151895e-02 7.354970e-01 4.593426e+01
