1.000000000000000000e+00 0.000000000000000000e+00 0.000000000000000000e+00 0.000000000000000000e+00 0.000000000000000000e+00 1.000000000000000000e+00 0.000000000000000000e+00 0.000000000000000000e+00 0.000000000000000000e+00 0.000000000000000000e+00 1.000000000000000000e+00 0.000000000000000000e+00
9.994449841908109589e-01 1.210353665338444662e-03 3.329051846749373628e-02 1.738299999999999915e-03 -1.206910941416846012e-03 9.999992640554483669e-01 -1.235092756274548871e-04 -8.323999999999999585e-04 -3.329064345742250436e-02 8.326203504304239167e-05 9.994457094438018441e-01 4.747889999999999749e-02
9.976981810020676411e-01 6.315406478712831933e-04 6.780811737229948399e-02 5.133200000000000089e-03 -5.813607097100515278e-04 9.999995423927897642e-01 -7.597591304162250618e-04 -1.799400000000000045e-03 -6.780856616158952022e-02 7.185893271763179940e-04 9.976980916011055633e-01 9.470950000000000202e-02
9.948522308960482397e-01 2.674161888985297146e-04 1.013359125371539743e-01 1.041459999999999955e-02 -5.896279485495433932e-05 9.999978763705387186e-01 -2.060043155261235409e-03 -2.637000000000000021e-03 -1.013362482261141867e-01 2.043463480131406558e-03 9.948501339661470766e-01 1.422075999999999896e-01
9.910218828458344786e-01 6.135731545918890559e-04 1.336983591847001329e-01 1.721659999999999857e-02 -9.842202251434105939e-05 9.999925466412822317e-01 -3.859659957625441278e-03 -3.771500000000000113e-03 -1.336997308666050266e-01 3.811848615432831058e-03 9.910145567933553723e-01 1.895033999999999885e-01
9.861289521456805263e-01 1.730122519268781573e-03 1.659719747913190879e-01 2.527400000000000133e-02 -5.638667701468090630e-04 9.999748221943425275e-01 -7.073685860891444632e-03 -4.853599999999999581e-03 -1.659800343243953424e-01 6.881980344448129089e-03 9.861050991411671740e-01 2.366264999999999896e-01
9.802095130481230933e-01 -1.275459513449832402e-03 1.979587930176150701e-01 3.506080000000000307e-02 3.534087858492176645e-03 9.999326274245166069e-01 -1.105670994967952389e-02 -6.142599999999999796e-03 -1.979313536379971039e-01 1.153749604257502462e-02 9.801479813946961661e-01 2.832302999999999904e-01
9.734775529737810240e-01 -6.982752499471855424e-03 2.286759607473216327e-01 4.685570000000000013e-02 1.096118683335420285e-02 9.998097842515998313e-01 -1.613219445623782777e-02 -7.435800000000000222e-03 -2.285198158571456750e-01 1.821088911340375954e-02 9.733689214672490708e-01 3.297308999999999934e-01
9.658630227430439197e-01 -1.261359755289687481e-02 2.587460501233664334e-01 5.989320000000000060e-02 1.861193792151493234e-02 9.996115290191216474e-01 -2.074576628759306970e-02 -9.101800000000000168e-03 -2.583838560445984034e-01 2.485333395798866932e-02 9.657225764818263558e-01 3.757411999999999974e-01
9.578262917016934219e-01 -1.769643772043098112e-02 2.868024250542336451e-01 7.460239999999999927e-02 2.577072911681101836e-02 9.993700040999051737e-01 -2.440213978616013676e-02 -1.099980000000000055e-02 -2.861899097553412541e-01 3.076411866708126872e-02 9.576789151677441714e-01 4.214793000000000012e-01
9.490747936736595447e-01 -2.465322874125344677e-02 3.140847884344801222e-01 9.053769999999999873e-02 3.501012088523038773e-02 9.990119376615622659e-01 -2.737589898601616029e-02 -1.311499999999999992e-02 -3.130995487842521130e-01 3.697792209308738837e-02 9.490001611321124964e-01 4.664648000000000128e-01
9.402190990529957215e-01 -2.797256977103813186e-02 3.394194766308755717e-01 1.077044000000000057e-01 4.252194353084842032e-02 9.984645407565366781e-01 -3.550274876960528986e-02 -1.565199999999999925e-02 -3.379052087410497895e-01 4.781313828063134957e-02 9.399648789786907432e-01 5.109837999999999880e-01
9.308038862713378103e-01 -2.690683805749943813e-02 3.645272930356820429e-01 1.256198000000000037e-01 4.814984762603760626e-02 9.976221815175962959e-01 -4.931100402203837663e-02 -1.836909999999999932e-02 -3.623337101012875094e-01 6.345080779485494371e-02 9.298861637396356183e-01 5.550718000000000041e-01
9.209200990938661846e-01 -2.117896856187501814e-02 3.891755675470890408e-01 1.443547000000000025e-01 5.067160288310610522e-02 9.965537525086300974e-01 -6.567348797060276744e-02 -2.193350000000000161e-02 -3.864434754866493682e-01 8.020018486028085425e-02 9.188195527970528520e-01 5.982855999999999730e-01
9.101847339336025522e-01 -1.360948934229496560e-02 4.139789027402955290e-01 1.640034999999999965e-01 5.135055217842739855e-02 9.954572138863934105e-01 -8.017515894907775720e-02 -2.555230000000000001e-02 -4.110071421583664786e-01 9.423225096208429075e-02 9.067488141560655635e-01 6.412314000000000069e-01
8.990321466827693175e-01 -1.197825544835190437e-02 4.377187688772159468e-01 1.852132999999999974e-01 5.658271267874774579e-02 9.944228908971802783e-01 -8.900286897403310304e-02 -2.996390000000000164e-02 -4.342114644466286144e-01 1.047837556881249382e-01 8.946959085002040846e-01 6.833664999999999878e-01
8.874417443715516551e-01 -1.147641549582237991e-02 4.607769983778973732e-01 2.075777000000000039e-01 6.017971506005315857e-02 9.940174587153954855e-01 -9.114655047931256859e-02 -3.485719999999999791e-02 -4.569743452777939585e-01 1.086166822194192666e-01 8.828232349126167167e-01 7.251182000000000460e-01
8.644795002861656030e-01 -1.971294959348844633e-02 5.022813884699552922e-01 2.551053999999999822e-01 6.943900066803411486e-02 9.943339474001711142e-01 -8.048742904217144611e-02 -4.495389999999999803e-02 -4.978487910713516040e-01 1.044576501072009139e-01 8.609501614860615160e-01 8.068752000000000146e-01
8.540128823248633871e-01 -2.792496874746735330e-02 5.195018700097545628e-01 2.806409000000000264e-01 7.769564787630772740e-02 9.942059604908581871e-01 -7.428253109265159360e-02 -4.944420000000000065e-02 -5.144175182906000066e-01 1.038012728481829405e-01 8.512343464821172656e-01 8.467913999999999719e-01
8.456984403810322570e-01 -2.985169313925700729e-02 5.328255102318293357e-01 3.058050999999999964e-01 8.079672945771385062e-02 9.940869837476352666e-01 -7.254624216639793399e-02 -5.398449999999999777e-02 -5.275092761705963973e-01 1.044028024539968846e-01 8.431097309328869915e-01 8.859814000000000300e-01
8.386569270452096658e-01 -3.142534206839826816e-02 5.437527072070261758e-01 3.314358000000000026e-01 8.534808213316481817e-02 9.935834074247109626e-01 -7.421399710628320823e-02 -5.837939999999999796e-02 -5.379314673778402556e-01 1.086483334717335547e-01 8.359576999098331518e-01 9.243888999999999578e-01
8.260320752436212111e-01 -2.255726779985969474e-02 5.631715372230046146e-01 3.826957999999999749e-01 8.032566374791916264e-02 9.937108996633101654e-01 -7.801561147482556635e-02 -6.678030000000000077e-02 -5.578698758780338274e-01 1.096805249793240261e-01 8.226490041494531891e-01 1.000622399999999912e+00
8.126412720419202707e-01 -2.403239336541189430e-02 5.822685008166077480e-01 4.353438000000000030e-01 8.364217735796160291e-02 9.936144849028188952e-01 -7.572477506156818916e-02 -7.526819999999999344e-02 -5.767305689322432816e-01 1.102392827463781755e-01 8.094622606389102470e-01 1.074056899999999981e+00
8.048916126757291734e-01 -2.427005348012014480e-02 5.929253379206661512e-01 4.903028999999999860e-01 8.822078077540834729e-02 9.929541563109828273e-01 -7.911470978346307747e-02 -8.373790000000000400e-02 -5.868275604329106221e-01 1.159871025968678970e-01 8.013615952536921050e-01 1.148897999999999975e+00
8.074927063832086915e-01 -2.411086142175710573e-02 5.893845904835158800e-01 5.476952000000000487e-01 8.913292810625150775e-02 9.926790461809986699e-01 -8.150848054275439125e-02 -9.214920000000000055e-02 -5.831044934358907694e-01 1.183510778771515726e-01 8.037301612482821156e-01 1.226674400000000054e+00
8.214571431002380963e-01 -2.086256645687695546e-02 5.698885113514986500e-01 6.347504000000000479e-01 8.269998010638369978e-02 9.931246460034981460e-01 -8.285017073506920071e-02 -1.058916000000000024e-01 -5.642418589044937427e-01 1.151876331090224692e-01 8.175346682794207842e-01 1.350586099999999901e+00
8.287382353339594054e-01 -1.591359233295689193e-02 5.594101311869631443e-01 6.937782999999999589e-01 7.535459966050654657e-02 9.936657371543565764e-01 -8.336718248503982576e-02 -1.158794999999999964e-01 -5.545400090214948063e-01 1.112436981790411450e-01 8.246879519005297920e-01 1.438601299999999972e+00
8.297179524744879853e-01 -1.117986581118275355e-02 5.580709004615695967e-01 7.544975000000000431e-01 6.811619101030037815e-02 9.943550437526273988e-01 -8.135251370399457227e-02 -1.262089000000000127e-01 -5.540111044589191014e-01 1.055133051522617049e-01 8.257957608101740288e-01 1.529850200000000049e+00
8.287948599202593636e-01 -1.132719493518415804e-02 5.594379097135426804e-01 8.170389000000000124e-01 6.739743476634985075e-02 9.945369517680260341e-01 -7.971096132200848616e-02 -1.366218999999999906e-01 -5.554787718326175128e-01 1.037687150487248550e-01 8.250305375078327286e-01 1.623200900000000058e+00
8.284555871239568381e-01 -1.244526793170602427e-02 5.599164718680884612e-01 8.808804999999999552e-01 6.756403296358036437e-02 9.946723048056804739e-01 -7.785953700255072996e-02 -1.474199999999999955e-01 -5.559644247726611699e-01 1.023333834027947559e-01 8.248826807665078364e-01 1.718269899999999906e+00
8.284997279385417635e-01 -1.135573206628347209e-02 5.598743146055201736e-01 9.472713000000000383e-01 6.553448979170123367e-02 9.948905450567635533e-01 -7.679865887108575095e-02 -1.584099999999999953e-01 -5.561415570279778509e-01 1.003187455358906244e-01 8.250107380153313130e-01 1.816075700000000070e+00
8.289140462897197636e-01 -1.080282855873906933e-02 5.592716716934041932e-01 1.013016600000000045e+00 6.422210078447336545e-02 9.950400816459538111e-01 -7.596550328170340038e-02 -1.693011000000000099e-01 -5.556770875557434097e-01 9.888647436906644606e-02 8.254964806420573842e-01 1.913671700000000087e+00
8.312177972191292508e-01 -1.336426453191328842e-02 5.557862628922198844e-01 1.078315399999999924e+00 6.412902695010419540e-02 9.953426298087275637e-01 -7.197580974104658691e-02 -1.802188000000000123e-01 -5.522358567574288113e-01 9.546960625752876073e-02 8.282035455082410458e-01 2.010714099999999949e+00
8.338973817066597238e-01 -1.435569738285522728e-02 5.517327892516714627e-01 1.142232099999999972e+00 6.358027115933953533e-02 9.955050837179908463e-01 -7.019385593441219984e-02 -1.908237000000000128e-01 -5.482451148000155872e-01 9.361379302372081768e-02 8.310618219203849133e-01 2.108941100000000013e+00
8.337185186405290382e-01 -1.047198260575004508e-02 5.520903633067205662e-01 1.269266800000000028e+00 6.268589355774312200e-02 9.951516642719094863e-01 -7.578683161154083081e-02 -2.117564000000000113e-01 -5.486200054907851564e-01 9.779316273213385646e-02 8.303328169463961572e-01 2.302618499999999901e+00
8.271708957104169091e-01 -9.809931714777089112e-03 5.618648187325648857e-01 1.333616099999999971e+00 6.229997861793531988e-02 9.952850203155467756e-01 -7.434003631749451502e-02 -2.227860000000000118e-01 -5.584863668468832421e-01 9.649608062109575612e-02 8.238819602776452644e-01 2.399254800000000021e+00
8.173442069391697595e-01 -1.128656708602590944e-02 5.760391139379272829e-01 1.432874900000000062e+00 6.389391933382661259e-02 9.954167108559365262e-01 -7.115573638794923939e-02 -2.386014999999999942e-01 -5.725958561281614401e-01 9.496412560625987209e-02 8.143192251154927064e-01 2.539747199999999872e+00
8.106250091425615256e-01 -8.005598509848384919e-03 5.855108922514774550e-01 1.498017699999999897e+00 6.345861259708220070e-02 9.952185864190776776e-01 -7.424937530556137422e-02 -2.487215999999999871e-01 -5.821169118311849688e-01 9.734410941865860589e-02 8.072570998892563132e-01 2.630819999999999936e+00
8.056433129637070589e-01 -7.524907013587874699e-03 5.923531278311099380e-01 1.563957899999999901e+00 6.328042872160984100e-02 9.952912843011261224e-01 -7.342238578951400252e-02 -2.590211000000000041e-01 -5.890114087330325932e-01 9.663661401690266939e-02 8.023259469901722341e-01 2.721218299999999868e+00
8.022762133182681499e-01 -1.853616564665292593e-02 5.966651390074840799e-01 1.630752999999999897e+00 6.382514600644539904e-02 9.964518917723865776e-01 -5.486326749736983310e-02 -2.681881999999999877e-01 -5.935311519043936501e-01 8.209773411216580996e-02 8.006127239637723658e-01 2.811536300000000210e+00
7.991898880294869834e-01 -1.398994673961910171e-02 6.009158046362557126e-01 1.729276899999999895e+00 6.621506359629175664e-02 9.956936638721006760e-01 -6.488214760541934079e-02 -2.797985000000000055e-01 -5.974203614075730417e-01 9.164283449989422958e-02 7.966746529546863131e-01 2.943663799999999942e+00
7.988756012140912910e-01 -2.114620321904313316e-02 6.011244562270305902e-01 1.795828900000000061e+00 7.530712416199897286e-02 9.950345344201678710e-01 -6.507774090800207134e-02 -2.886523999999999757e-01 -5.967634462961630692e-01 9.725797345543811534e-02 7.965012716650664570e-01 3.030152999999999874e+00
7.996263582561905503e-01 -2.334393825129374433e-02 6.000439548306959470e-01 1.861309099999999939e+00 7.225839927488822423e-02 9.957239234312954546e-01 -5.755512176008648756e-02 -2.967661999999999800e-01 -5.961345577268384321e-01 8.938080808264900479e-02 7.978938903327430499e-01 3.117944500000000119e+00
8.003120580411710039e-01 -2.404972530935977834e-02 5.991011771532833707e-01 1.893847800000000081e+00 6.874711424045194808e-02 9.962862131744172345e-01 -5.184221949521232442e-02 -3.007607999999999948e-01 -5.956294519560930700e-01 8.267643044498150517e-02 7.989932188769566235e-01 3.161827999999999861e+00
8.020451867360333109e-01 -1.339107412103019909e-02 5.971132200575085536e-01 1.957293399999999961e+00 5.318407040485963189e-02 9.973783819290904518e-01 -4.906952124975638013e-02 -3.084470000000000267e-01 -5.948907236532877674e-01 7.111288486901957973e-02 8.006547224096497439e-01 3.249682400000000193e+00
8.033074291250413834e-01 -1.655004372470194121e-02 5.953345869048992656e-01 1.989273199999999964e+00 5.608070345924688616e-02 9.972742563209389122e-01 -4.794801746719306451e-02 -3.121558999999999862e-01 -5.929183156321219395e-01 7.190378107046033196e-02 8.020459570721235609e-01 3.292985199999999946e+00
8.090270847424685385e-01 -1.968490757048510509e-02 5.874416401371665986e-01 2.052779699999999874e+00 6.243047567972567768e-02 9.966632294788334567e-01 -5.258177166305331995e-02 -3.192752999999999841e-01 -5.844464148743716558e-01 7.921433846699570125e-02 8.075564851586112258e-01 3.379584100000000202e+00
8.141986099964655388e-01 -2.411049011113030813e-02 5.800856038089761135e-01 2.084562500000000096e+00 6.711343914770942498e-02 9.963479678323841071e-01 -5.278743488790935134e-02 -3.229114000000000151e-01 -5.766943815970380083e-01 8.191099598271073257e-02 8.128432683928250579e-01 3.423385099999999959e+00
8.192832770756103278e-01 -3.041956069249407771e-02 5.725814895991000464e-01 2.115310700000000210e+00 7.381080150555219266e-02 9.958785943020725950e-01 -5.270475303078330648e-02 -3.268785000000000163e-01 -5.686183935517358234e-01 8.544282145507342552e-02 8.181519704654141023e-01 3.466815200000000097e+00
8.258364368810533485e-01 -2.800786672779068467e-02 5.632137595273789543e-01 2.144978800000000074e+00 7.046561048199245780e-02 9.960628466434868766e-01 -5.379036415449922615e-02 -3.305356999999999879e-01 -5.594897472331428201e-01 8.410924406884082161e-02 8.245585836089284193e-01 3.510924099999999992e+00
8.329810054618076443e-01 -2.715371016347236169e-02 5.526348890218517607e-01 2.174293299999999984e+00 6.784222078071105999e-02 9.962709920146479714e-01 -5.330613050757455895e-02 -3.341048999999999825e-01 -5.491266498899662896e-01 8.189497233962199363e-02 8.317169806407196386e-01 3.555714099999999878e+00
8.400603497064806913e-01 -2.952298558879565965e-02 5.416890271852931038e-01 2.202879199999999926e+00 6.739420556903624737e-02 9.964623747948007093e-01 -5.020713768006235256e-02 -3.378654999999999853e-01 -5.382904698271592236e-01 7.868372728989150855e-02 8.390782091992534664e-01 3.600656700000000043e+00
8.467629867330559446e-01 -2.956897931528673987e-02 5.311479264396754552e-01 2.230736299999999783e+00 6.644366496581817494e-02 9.965139686043501532e-01 -5.044947732453158168e-02 -3.415987999999999802e-01 -5.278045885408964022e-01 7.801016497008876616e-02 8.457758157316361824e-01 3.645736499999999936e+00
8.535177862104607049e-01 -3.095576193478734306e-02 5.201433739128384914e-01 2.257834400000000130e+00 6.653631354812486465e-02 9.965367794270612034e-01 -4.987350226890301108e-02 -3.452601000000000142e-01 -5.167981304163355993e-01 7.717634386376066857e-02 8.526215481361015813e-01 3.691232199999999963e+00
8.606097783514309318e-01 -3.206035546280414095e-02 5.082548012695006223e-01 2.284763599999999784e+00 6.757040632403063518e-02 9.963811727028037968e-01 -5.156354208732047417e-02 -3.487330000000000152e-01 -5.047623694324948618e-01 7.871907196470315227e-02 8.596617114388133141e-01 3.736399899999999885e+00
8.734712035733618318e-01 -2.868465879225653645e-02 4.860300884493412577e-01 2.336146400000000067e+00 6.968159048552330370e-02 9.953513272953177227e-01 -6.648466890086034142e-02 -3.567916999999999894e-01 -4.818636036011751944e-01 9.193979335098061145e-02 8.714095144781633939e-01 3.827896400000000199e+00
8.801602332832264564e-01 -2.572848435193180253e-02 4.739789118091317643e-01 2.360813100000000109e+00 6.802511989266324388e-02 9.950599955340494462e-01 -7.230621239814943868e-02 -3.609969000000000094e-01 -4.697771246137950607e-01 9.588352507459196872e-02 8.775624210327519492e-01 3.873859200000000058e+00
8.861962556449196615e-01 -2.521087918260794120e-02 4.626236138069089177e-01 2.384931299999999865e+00 6.487338921092172805e-02 9.954336090437253537e-01 -7.002409127201759953e-02 -3.654227999999999921e-01 -4.587457246157312096e-01 9.206704924685883695e-02 8.837850522552211929e-01 3.920594700000000099e+00
8.920721044664727817e-01 -2.805694514550769250e-02 4.510212503439948173e-01 2.408219599999999794e+00 6.502524302870364703e-02 9.956535813456407480e-01 -6.667581062617432275e-02 -3.704763999999999835e-01 -4.471902036067164077e-01 8.880739711702738404e-02 8.900191953073157691e-01 3.967149699999999779e+00
8.968793480540403484e-01 -2.351752983777805062e-02 4.416495905403838851e-01 2.430877000000000177e+00 6.040537758074657204e-02 9.957412704296231265e-01 -6.964562242185499963e-02 -3.748868000000000200e-01 -4.381308313660281506e-01 8.914173070750518180e-02 8.944803667230397659e-01 4.013998499999999581e+00
9.029187258284236961e-01 -8.029048467070042799e-03 4.297363248889827791e-01 2.475253599999999832e+00 4.903603564874543796e-02 9.952216660047380481e-01 -8.443519836305650450e-02 -3.847465999999999942e-01 -4.270049668987831448e-01 9.731068746785818957e-02 8.989979912926958638e-01 4.108390299999999939e+00
9.044077888215207306e-01 -3.841461464451439989e-03 4.266518424814134125e-01 2.496450900000000139e+00 4.575149643988465908e-02 9.950671429440692828e-01 -8.802375592212846600e-02 -3.897110999999999770e-01 -4.242090900634719608e-01 9.912933070965604387e-02 9.001222270895085087e-01 4.155207200000000434e+00
9.061260657876180069e-01 -3.245203178089496598e-03 4.229952973220699741e-01 2.517930499999999849e+00 4.467036019239817995e-02 9.951133354378151052e-01 -8.805684842252770039e-02 -3.952927999999999997e-01 -4.206424988283219424e-01 9.868595791782905358e-02 9.018430960479243419e-01 4.202096000000000053e+00
9.082656008750601417e-01 -2.436174816951745120e-03 4.183869779514261533e-01 2.538920399999999855e+00 4.344022208070121016e-02 9.951276947404797957e-01 -8.850885981684486481e-02 -4.006202999999999848e-01 -4.161328458228757410e-01 9.856437598219647267e-02 9.039460815859510223e-01 4.248757799999999918e+00
9.106951180808892099e-01 -1.386646615788245107e-03 4.130768440796436236e-01 2.559735100000000152e+00 4.029022112991766796e-02 9.955245343808166725e-01 -8.548449875363599293e-02 -4.056178999999999757e-01 -4.111095960749853173e-01 9.449327307814552046e-02 9.066752016891392874e-01 4.295990899999999613e+00
9.129914261942975173e-01 -3.413233214283484945e-03 4.079644660196858896e-01 2.580426199999999781e+00 4.017470124139488341e-02 9.958571018041764145e-01 -8.157589206592058551e-02 -4.108520999999999979e-01 -4.059958732251686686e-01 9.086794057978297978e-02 9.093461212865658894e-01 4.343060999999999616e+00
9.153875924136931630e-01 -1.908948547650609479e-03 4.025691388699645934e-01 2.600922300000000131e+00 3.709193447544474609e-02 9.961350775580247729e-01 -7.961843791068350107e-02 -4.158728999999999898e-01 -4.008612528692836463e-01 8.781379831160061877e-02 9.119204969591141463e-01 4.390912100000000429e+00
9.181176627071203633e-01 6.003202535334917905e-03 3.962624370092807102e-01 2.621347899999999953e+00 2.832901761598257198e-02 9.963332843470578126e-01 -8.073074546365933968e-02 -4.211364000000000218e-01 -3.952940983446727174e-01 8.534604889228646074e-02 9.145811214716537130e-01 4.439252899999999613e+00
9.206017759324662819e-01 1.369948236601305561e-02 3.902623403979589845e-01 2.640524600000000000e+00 2.058501834084714224e-02 9.962924791455352036e-01 -8.353174856274818427e-02 -4.261557000000000262e-01 -3.899597763486589153e-01 8.493303350844412514e-02 9.169066215537748921e-01 4.487543099999999896e+00
9.263165185680741764e-01 1.195107133165834723e-02 3.765566083896925709e-01 2.679865400000000175e+00 2.383581734028107635e-02 9.956352636502399100e-01 -9.023455872246555209e-02 -4.368334999999999857e-01 -3.759914377211845404e-01 9.256129682617320054e-02 9.219885276348147585e-01 4.582480900000000190e+00
9.315661183145073077e-01 1.099374733799343695e-02 3.634057026628915166e-01 2.717401999999999873e+00 2.098995399948129503e-02 9.962493067737555608e-01 -8.394486633446468504e-02 -4.478682999999999970e-01 -3.629655480063379569e-01 8.582806226567069041e-02 9.278413413338397753e-01 4.679645100000000113e+00
9.366333116012857118e-01 1.400641835778033625e-02 3.500312269549614164e-01 2.753718099999999946e+00 1.712586051087149064e-02 9.961748156254283115e-01 -8.568804826465654945e-02 -4.580841999999999969e-01 -3.498924756272576153e-01 8.625286637805594514e-02 9.328106445259928270e-01 4.777268399999999637e+00
9.411991466908838921e-01 1.611630774319467233e-02 3.374676738490351435e-01 2.787899700000000092e+00 1.501012960306531696e-02 9.958806088976343007e-01 -8.942320074218065851e-02 -4.690214999999999801e-01 -3.375186843385878377e-01 8.923047375422704652e-02 9.370800714325029368e-01 4.874495999999999718e+00
9.461979009980984179e-01 1.251227460464887642e-02 3.233465248475863030e-01 2.820170599999999972e+00 1.691481470517189681e-02 9.959735275686468770e-01 -8.803761369980177276e-02 -4.793846999999999969e-01 -3.231461297776635488e-01 8.877035184499205978e-02 9.421764184286474109e-01 4.969422299999999737e+00
9.490969190391165267e-01 9.639208257221199005e-03 3.148366623102056838e-01 2.837054499999999813e+00 1.929716695122724729e-02 9.958747475117920578e-01 -8.866288183891130048e-02 -4.844555999999999862e-01 -3.143925215683620600e-01 9.022512362140716613e-02 9.449956452012827635e-01 5.014618900000000323e+00
9.533690987505586412e-01 1.345508762678434243e-02 3.015067530993345568e-01 2.867165299999999917e+00 1.405888746772559865e-02 9.959413806857053686e-01 -8.889945962164580440e-02 -4.954191000000000011e-01 -3.014792019869983464e-01 8.899284721148301158e-02 9.493105729499046186e-01 5.110508000000000273e+00
9.564562502161073620e-01 1.362135895517401288e-02 2.915577129879388663e-01 2.895969200000000132e+00 1.254121138948328593e-02 9.960699959353335187e-01 -8.767714191434923532e-02 -5.058776000000000383e-01 -2.916061718129905334e-01 8.751583729588001404e-02 9.525265449230134740e-01 5.207328300000000354e+00
9.593216560446469199e-01 1.113149577066852372e-02 2.820958171360641864e-01 2.924873799999999857e+00 1.451304396834883492e-02 9.959566695247223933e-01 -8.865485877263461212e-02 -5.165016999999999525e-01 -2.819420717071663973e-01 8.914259493155111957e-02 9.552812496696145850e-01 5.303926500000000210e+00
9.623652789976442357e-01 -3.114880898287182912e-03 2.717413610343040187e-01 2.952746600000000221e+00 2.693269890296931535e-02 9.961047967612035592e-01 -8.396346585940453466e-02 -5.267853000000000119e-01 -2.704213370087288348e-01 8.812225250361499507e-02 9.587005627953395503e-01 5.400723499999999788e+00
9.648625966392238018e-01 -2.759262691492967226e-03 2.627404728548949908e-01 2.979485799999999962e+00 2.601049692732883972e-02 9.960364240852321860e-01 -8.505819152260937765e-02 -5.368979000000000390e-01 -2.614643831503784543e-01 8.890347779981846998e-02 9.611100602838830165e-01 5.497030699999999825e+00
9.662722092966510301e-01 1.458824369182560449e-03 2.575187165478053930e-01 3.004283000000000037e+00 2.167316733865689432e-02 9.959755773823391056e-01 -8.696506813328516716e-02 -5.471451000000000509e-01 -2.566092191611198392e-01 8.961317475335997540e-02 9.623519042180693761e-01 5.593046199999999857e+00
9.668657930955760760e-01 -1.492782592592544269e-03 2.552808448391573615e-01 3.029824000000000073e+00 2.288547783515645223e-02 9.964634409708157392e-01 -8.085088566526774101e-02 -5.574038999999999522e-01 -2.542573362676467941e-01 8.401417980753539405e-02 9.634805781879299813e-01 5.689483599999999974e+00
9.673083611674436755e-01 -1.723711340662252914e-03 2.535972461103794262e-01 3.054638399999999976e+00 2.115005094952555204e-02 9.970415976683035808e-01 -7.389673784321755534e-02 -5.668636000000000230e-01 -2.527196267811164243e-01 7.684452705463688804e-02 9.644831304389737126e-01 5.785068500000000391e+00
9.677343942282784495e-01 -1.370399880531348799e-03 2.519687763033235384e-01 3.079147299999999809e+00 2.279419289331140880e-02 9.963612118226201630e-01 -8.212648991465736070e-02 -5.765143999999999824e-01 -2.509393691670746551e-01 8.522005385780535847e-02 9.642442509149345975e-01 5.879264400000000279e+00
9.679562932177990797e-01 4.057922320184294274e-03 2.510859368552954551e-01 3.102867799999999843e+00 1.694563947800695192e-02 9.965348111235224904e-01 -8.143227567547607626e-02 -5.859497999999999651e-01 -2.505463225089115120e-01 8.307769547507122543e-02 9.645333777489568661e-01 5.973226999999999620e+00
9.682152416113340987e-01 2.067721638450231714e-03 2.501099167140953816e-01 3.127126699999999815e+00 1.965393345851222662e-02 9.962449045227044220e-01 -8.431970773286562304e-02 -5.956472999999999907e-01 -2.493450797812425401e-01 8.655526985558642528e-02 9.645388620730179774e-01 6.067819599999999980e+00
9.681944954510086632e-01 1.728590294403097374e-02 2.496009145371392013e-01 3.150051599999999841e+00 5.190367689664268820e-03 9.960081779070639740e-01 -8.911099609754373485e-02 -6.059288000000000451e-01 -2.501449161218609052e-01 8.757229642792237201e-02 9.642399150816809428e-01 6.162464100000000222e+00
9.683418822164758799e-01 1.580098750130664795e-02 2.491271320820681867e-01 3.162224500000000216e+00 7.533924341815775340e-03 9.956901305753067533e-01 -9.243594462621262942e-02 -6.109575999999999896e-01 -2.495140058783564541e-01 9.138650156840452676e-02 9.640494117013004294e-01 6.209233799999999803e+00
9.689623691977710118e-01 1.465578595904527132e-02 2.467734487674173582e-01 3.185380199999999995e+00 8.974937613907271045e-03 9.954974424133971045e-01 -9.436255954143843439e-02 -6.215351000000000070e-01 -2.470452945786844601e-01 9.364854556429422217e-02 9.644680255665417645e-01 6.300807500000000339e+00
9.693520872595440263e-01 5.850548966877157017e-03 2.456059893454383969e-01 3.196939200000000092e+00 1.728036267010010785e-02 9.956166101446536354e-01 -9.191819553308577806e-02 -6.268131999999999593e-01 -2.450671744472426028e-01 9.334525526696552111e-02 9.650019395460248672e-01 6.346089799999999670e+00
9.706735813560569692e-01 -5.497599192158177106e-03 2.403384589709447461e-01 3.220436799999999877e+00 2.602085459110584087e-02 9.962675658260048417e-01 -8.230341675456451234e-02 -6.370335999999999776e-01 -2.389889402958945142e-01 8.614356439252665587e-02 9.671936583383887731e-01 6.437482799999999727e+00
9.715556412181497459e-01 -9.782546215579447993e-03 2.366092513126440700e-01 3.231422900000000098e+00 2.989472442545551556e-02 9.962196550845346943e-01 -8.156411143865086033e-02 -6.418932000000000526e-01 -2.349168820428109983e-01 8.631744095367188674e-02 9.681752723130732097e-01 6.482809500000000114e+00
9.728001457960323561e-01 -8.384305853935193273e-03 2.314942326594028876e-01 3.242238799999999976e+00 2.921757325727397658e-02 9.958047311934253853e-01 -8.671372870396919230e-02 -6.467954000000000203e-01 -2.297960177030357598e-01 9.111882762710137029e-02 9.689639567598418157e-01 6.526991800000000232e+00
9.761738320386881274e-01 -9.281854556244932900e-03 2.167913670303778240e-01 3.262572800000000051e+00 2.958493620998964291e-02 9.954481867527177341e-01 -9.059602110566120081e-02 -6.565480999999999678e-01 -2.149636741227552439e-01 9.485122385464134220e-02 9.720050741333209343e-01 6.617939899999999653e+00
9.781680962302981008e-01 -1.362236174558252924e-02 2.073682877820687553e-01 3.271948800000000102e+00 3.208375557762473129e-02 9.957847777166836112e-01 -8.592618399399738760e-02 -6.616963000000000150e-01 -2.053236667927728909e-01 9.070340527349317339e-02 9.744819567988741715e-01 6.662931000000000381e+00
9.830004173373327880e-01 -2.387924386315076752e-02 1.820438442440549531e-01 3.289631400000000205e+00 4.019784502865256237e-02 9.954418323720410910e-01 -8.648521040528091286e-02 -6.718043999999999683e-01 -1.791488564565288932e-01 9.233276816124084962e-02 9.794796308009678931e-01 6.752892499999999742e+00
9.855679567036219613e-01 -2.312883184159084116e-02 1.676927543356925010e-01 3.297394300000000111e+00 3.836929525264091284e-02 9.953616836809358048e-01 -8.822083564367436126e-02 -6.764103999999999672e-01 -1.648744974241412586e-01 9.338188152685697463e-02 9.818840177442755834e-01 6.797999899999999762e+00
9.897192044194250693e-01 -2.667063341774222884e-02 1.405153860489188333e-01 3.310703000000000173e+00 3.974909428550105206e-02 9.950475251595920501e-01 -9.110670764138859012e-02 -6.860032999999999825e-01 -1.373896135334204405e-01 9.575541753273031365e-02 9.858777784828450796e-01 6.887576600000000049e+00
9.933263423144355064e-01 -1.502677788259604297e-02 1.143545959316545763e-01 3.319856600000000046e+00 2.743515698831110183e-02 9.938025231927571923e-01 -1.077212005908584347e-01 -6.962909000000000459e-01 -1.120271834210411349e-01 1.101396424643568406e-01 9.875824873561559469e-01 6.973906999999999634e+00
9.948523338525445681e-01 -1.052144085655954200e-02 1.007875642648793785e-01 3.323431300000000199e+00 2.225250138216587972e-02 9.930013138281230667e-01 -1.159880033359408369e-01 -7.015158000000000227e-01 -9.886182281539206140e-02 1.176337112307668242e-01 9.881238029577541493e-01 7.016963999999999757e+00
9.971394421873984726e-01 -8.209952364521818508e-03 7.513673879252524834e-02 3.329988999999999866e+00 1.671037629931610216e-02 9.934300476341718644e-01 -1.132144150782152248e-01 -7.126139000000000223e-01 -7.371360904296533900e-02 1.141461218777906350e-01 9.907254749435493446e-01 7.102401699999999707e+00
9.987934549206538559e-01 2.745576711563683849e-03 4.903158386371755939e-02 3.334786900000000109e+00 3.435198516664353646e-03 9.920839755080043121e-01 -1.255292195123701438e-01 -7.296878999999999449e-01 -4.898809874668495767e-02 1.255461960744116701e-01 9.908775498680099103e-01 7.227615400000000356e+00
9.989555591209540175e-01 4.109022098950287569e-03 4.550721743561724625e-02 3.336597199999999930e+00 1.781684820306745015e-03 9.916879246761847178e-01 -1.286541318832894742e-01 -7.349394999999999678e-01 -4.565760068754485396e-02 1.286008397672118442e-01 9.906448442860966708e-01 7.269231300000000395e+00
9.988926047270865194e-01 7.616283514683607966e-03 4.642797052381877898e-02 3.340706299999999906e+00 -2.016960680303254635e-03 9.928351474921224273e-01 -1.194751094325076091e-01 -7.469525999999999666e-01 -4.700527726916135796e-02 1.192491598700783917e-01 9.917510482873863609e-01 7.352732200000000162e+00
9.985674100837957923e-01 5.341964588961538654e-03 5.324087652237524670e-02 3.343633699999999820e+00 9.055492728573411726e-04 9.931744232659158733e-01 -1.166350931363704935e-01 -7.575910999999999618e-01 -5.350053737164660317e-02 1.165162151150889169e-01 9.917467741899639311e-01 7.431844700000000081e+00
9.981331384845535393e-01 3.515672359116967134e-03 6.097440370219696371e-02 3.349021899999999885e+00 3.536827114275634294e-03 9.933393893538750019e-01 -1.151709529874373056e-01 -7.688154999999999850e-01 -6.097318027574807897e-02 1.151716006918984819e-01 9.914725279507884403e-01 7.513880300000000290e+00
9.973959803573794192e-01 6.899785022452184502e-03 7.178893601096095201e-02 3.354738000000000220e+00 1.322522761105063543e-03 9.934957679527713914e-01 -1.138613630406706267e-01 -7.788315999999999573e-01 -7.210762304006601564e-02 1.136598083166471818e-01 9.908995603354230353e-01 7.595847100000000296e+00
9.965220970147734558e-01 5.555599488495338405e-03 8.314352335330764399e-02 3.361384600000000056e+00 3.720449189964611554e-03 9.938136981401011205e-01 -1.109977100976454190e-01 -7.896218999999999877e-01 -8.324583124159116998e-02 1.109210020844541289e-01 9.903366411869638508e-01 7.676436400000000049e+00
9.956906551887318990e-01 8.306700708991187135e-03 9.236405087026572369e-02 3.368124499999999966e+00 2.334220351533747989e-03 9.934198581668923778e-01 -1.145056191416903985e-01 -7.999302999999999830e-01 -9.270744622296675508e-02 1.142277729932725944e-01 9.891194797858412491e-01 7.755598499999999618e+00
9.953364222118094018e-01 5.710527568368963837e-03 9.629536070593125441e-02 3.376024500000000206e+00 5.742832693837278228e-03 9.929678739482533656e-01 -1.182447511703425547e-01 -8.102230999999999739e-01 -9.629343950262189700e-02 1.182463157209412974e-01 9.883042964225028371e-01 7.834635699999999758e+00
9.953950002654333717e-01 2.586423825426007947e-03 9.582329496721159190e-02 3.379974600000000162e+00 8.647777677595561846e-03 9.931368572385498306e-01 -1.166378957953857348e-01 -8.153087999999999447e-01 -9.546732104661181939e-02 1.169294368674186763e-01 9.885410954563556007e-01 7.873772100000000052e+00
9.964132713633820915e-01 -1.860875650812161657e-03 8.459982146987761464e-02 3.386741900000000083e+00 1.140074740036082709e-02 9.935951234126394471e-01 -1.124222117258633497e-01 -8.260821000000000414e-01 -8.384876629763919620e-02 1.129834849543679826e-01 9.900525827035299153e-01 7.951161899999999783e+00
9.972776563059996269e-01 -5.403272984642905168e-03 7.353965511114329834e-02 3.389483699999999988e+00 1.374284641967560630e-02 9.934572886290354843e-01 -1.133743791256666689e-01 -8.310573999999999462e-01 -7.244591365355043666e-02 1.140763792855410685e-01 9.908270127948690664e-01 7.989307400000000392e+00
9.982075153679978996e-01 -9.119327632581364015e-03 5.914891483685794787e-02 3.391745300000000185e+00 1.581419756544832911e-02 9.933861526153752175e-01 -1.137271425271185465e-01 -8.360322000000000031e-01 -5.772059786773871964e-02 1.144586809969091179e-01 9.917497380520140515e-01 8.027349499999999694e+00
9.990036145630261100e-01 -8.878345030547806632e-03 4.373731907110033068e-02 3.393136699999999895e+00 1.371095341601855436e-02 9.936739465921008430e-01 -1.114634362493026470e-01 -8.409181000000000017e-01 -4.247102360942645038e-02 1.119520560489941780e-01 9.928055949177413408e-01 8.065126400000000473e+00
9.996223957861575249e-01 -5.086916231898110444e-03 2.700350210606289672e-02 3.393609000000000098e+00 7.949469016106535182e-03 9.942291041636120985e-01 -1.069826826004254827e-01 -8.457116999999999551e-01 -2.630345576353901663e-02 1.071569489919859119e-01 9.938941173473281321e-01 8.102930999999999884e+00
9.999667890305287132e-01 -5.314463124288900525e-03 -6.178779626659354311e-03 3.392626799999999943e+00 4.714488275873014722e-03 9.956211165749271341e-01 -9.336147937126983154e-02 -8.545812999999999882e-01 6.647889610312669902e-03 9.332924896191953368e-02 9.956131060065115390e-01 8.177985200000000177e+00
9.996989008608292426e-01 -5.407650701904295060e-03 -2.393459695787992017e-02 3.391311599999999871e+00 3.322341112795196283e-03 9.962617054938457395e-01 -8.632251279952506129e-02 -8.586698999999999860e-01 2.431192438249575247e-02 8.621700226973870451e-02 9.959796980121832233e-01 8.215285299999999680e+00
9.991585944355441118e-01 -3.638105735632846290e-03 -4.085177293881107896e-02 3.388975900000000152e+00 3.454344734481360965e-04 9.967690833049172028e-01 -8.031983094167723103e-02 -8.627097999999999711e-01 4.101199630123332496e-02 8.023813777831222127e-02 9.959316529788859729e-01 8.252123799999999676e+00
9.982323704950735177e-01 -3.046503172362758066e-03 -5.935362932632616551e-02 3.386363699999999977e+00 -1.562277079690970339e-03 9.969951106302854527e-01 -7.744874866407593095e-02 -8.667464999999999753e-01 5.941122609501013618e-02 7.740457478551067416e-02 9.952280331743885711e-01 8.288601899999999745e+00
9.970018816788259741e-01 -4.710258007478693165e-03 -7.723380994346486228e-02 3.383011600000000119e+00 -1.198658701615086357e-03 9.970855177692040661e-01 -7.628258957478621649e-02 -8.701951999999999465e-01 7.736802405514379977e-02 7.614646232374307211e-02 9.940904914188554153e-01 8.324527700000000863e+00
9.954906882155331038e-01 -3.794085658430488509e-03 -9.478340883393487903e-02 3.378984500000000057e+00 -3.371664658973468152e-03 9.971531888457701998e-01 -7.532695302572027518e-02 -8.735920000000000352e-01 9.479937528059867446e-02 7.530685817857581121e-02 9.926439218358615868e-01 8.359963399999999822e+00
9.921085839786579763e-01 3.324501006838712427e-03 -1.253375653541975721e-01 3.368938899999999848e+00 -1.212455301422639582e-02 9.975073241277077063e-01 -6.951354922449014262e-02 -8.799677000000000193e-01 1.247940415647615514e-01 7.048465084425069305e-02 9.896758869373835088e-01 8.429963100000000153e+00
9.905273725496689385e-01 1.250050013748178757e-04 -1.373153618631182404e-01 3.363738800000000140e+00 -9.334371667344255538e-03 9.977477318298639819e-01 -6.642539524863860789e-02 -8.829316000000000386e-01 1.369977873376988231e-01 6.707792484947347478e-02 9.882976061199698625e-01 8.464807499999999152e+00
9.872990973970293682e-01 1.876302176851312939e-03 -1.588614861102344289e-01 3.352780800000000117e+00 -1.285743666758490909e-02 9.975939798545783166e-01 -6.812442792598254193e-02 -8.892710000000000337e-01 1.583514401619072753e-01 6.930173769859231114e-02 9.849477603155435412e-01 8.533293699999999760e+00
9.842561711271897718e-01 3.633980732459924506e-03 -1.767104518190145412e-01 3.339474399999999843e+00 -1.883250645154992478e-02 9.962533568466960254e-01 -8.440726078035099000e-02 -8.956912000000000207e-01 1.757416464552340740e-01 8.640626803494036445e-02 9.806369514481276806e-01 8.599046700000000598e+00
9.804514232174671440e-01 4.617193713606516231e-04 -1.967607519960861140e-01 3.318262799999999846e+00 -1.677965328198871564e-02 9.965505511030717800e-01 -8.127387238159750060e-02 -9.051690999999999487e-01 1.960445101158903580e-01 8.298666104492974371e-02 9.770771536281228631e-01 8.700322200000000450e+00
9.791270050009601711e-01 8.941548533797374909e-03 -2.030525961116170230e-01 3.303122800000000137e+00 -2.170200785669058191e-02 9.979198696511324407e-01 -6.070384345702636852e-02 -9.119954000000000116e-01 2.020874338815698557e-01 6.384342147226108877e-02 9.772843427589932297e-01 8.768798800000000782e+00
9.786917465283606621e-01 2.338484186735443129e-03 -2.053216909363825560e-01 3.289057000000000119e+00 -1.584435968015356078e-02 9.978138568361464289e-01 -6.415967091639561415e-02 -9.174063999999999552e-01 2.047227919494869763e-01 6.604573110718546525e-02 9.765892380417288132e-01 8.836699499999999929e+00
9.784667154834496561e-01 -4.360477118306154559e-04 -2.064042067241437517e-01 3.281616699999999831e+00 -1.323392382249864892e-02 9.978076652989641415e-01 -6.484386116580789783e-02 -9.196615000000000206e-01 2.059799746365902628e-01 6.617909740260344287e-02 9.763158183270853607e-01 8.870623600000000053e+00
9.775191908566329690e-01 3.557514780258594182e-03 -2.108164500118096252e-01 3.266332100000000072e+00 -1.621939894136397234e-02 9.981636842208877480e-01 -5.836257876897471553e-02 -9.247288999999999648e-01 2.102216987015718963e-01 6.046985688069832221e-02 9.757818576935387567e-01 8.938898099999999403e+00
