1.000000000000000000e+00 0.000000000000000000e+00 0.000000000000000000e+00 0.000000000000000000e+00 0.000000000000000000e+00 1.000000000000000000e+00 0.000000000000000000e+00 0.000000000000000000e+00 0.000000000000000000e+00 0.000000000000000000e+00 1.000000000000000000e+00 0.000000000000000000e+00
9.999329264867812261e-01 8.465769153028000586e-04 1.155101013365648216e-02 5.550999999999999945e-04 -8.897908970641964753e-04 9.999926233293728872e-01 3.736516960815998000e-03 -4.521999999999999869e-04 -1.154776167665665099e-02 -3.746544323165058605e-03 9.999263035873662275e-01 5.103069999999999828e-02
9.997169108325443254e-01 6.337665521165972496e-04 2.378437586719754290e-02 1.975999999999999892e-03 -8.197194371529301776e-04 9.999691706289285387e-01 7.809343873668576561e-03 -1.099099999999999990e-03 -2.377869330890712216e-02 -7.826629648211897231e-03 9.996866096996951390e-01 1.015503999999999990e-01
9.993139667757223732e-01 7.766193045545809756e-04 3.702691817349035991e-02 3.845499999999999960e-03 -1.156223779284856756e-03 9.999469851869388082e-01 1.023181128267592992e-02 -1.688999999999999963e-03 -3.701700897618247915e-02 -1.026760332345729755e-02 9.992618862782916000e-01 1.532499999999999973e-01
9.986819607033750046e-01 5.225193192742183263e-04 5.132317545927411045e-02 6.516400000000000317e-03 -1.067334068899482985e-03 9.999433701944566710e-01 1.058854107689613175e-02 -2.051100000000000145e-03 -5.131473632055238293e-02 -1.062936393735464460e-02 9.986259632408118758e-01 2.044958000000000053e-01
9.978225673282552499e-01 8.102694266085914065e-04 6.595049350767606677e-02 9.891300000000000439e-03 -1.440078902032059308e-03 9.999538108658020397e-01 9.502752638881029404e-03 -2.583900000000000086e-03 -6.593974752154910246e-02 -9.577034949092627300e-03 9.977776456196932875e-01 2.557530000000000081e-01
9.965759864424131864e-01 1.774749997512221314e-04 8.268174979374484646e-02 1.426209999999999978e-02 -8.540322163808457614e-04 9.999664449181586701e-01 8.147371767175932630e-03 -2.810200000000000111e-03 -8.267752944606138188e-02 -8.190087933817020646e-03 9.965426978229944277e-01 3.075887999999999955e-01
9.946834936268289518e-01 1.496729371907092390e-03 1.029684772516004654e-01 1.998180000000000095e-02 -2.209911927934917874e-03 9.999743527918176778e-01 6.812492044478631568e-03 -3.431500000000000088e-03 -1.029556399406893197e-01 -7.003824653186591261e-03 9.946612904122842380e-01 3.589297000000000182e-01
9.917107026012601523e-01 4.640750416297923127e-03 1.284069537902390035e-01 2.679339999999999847e-02 -5.398735547768511965e-03 9.999699942484239212e-01 5.555560934086522726e-03 -4.037599999999999696e-03 -1.283773188713653035e-01 -6.202744423295091306e-03 9.917059997605233157e-01 4.106033000000000044e-01
9.872688092546575422e-01 6.767456845772385973e-03 1.589166441903776261e-01 3.484720000000000178e-02 -7.667521279389393624e-03 9.999578459373907879e-01 5.051283567900292058e-03 -4.735299999999999579e-03 -1.588757608646472475e-01 -6.205471464267412439e-03 9.872790814828324990e-01 4.625603999999999827e-01
9.814069738998933978e-01 7.942370929160415954e-03 1.917740084700677861e-01 4.503650000000000014e-02 -8.997471020795566599e-03 9.999487956824494317e-01 4.631579476696083032e-03 -5.402500000000000184e-03 -1.917274030906483129e-01 -6.270945482352393262e-03 9.814281828778269601e-01 5.140875999999999779e-01
9.741907467853310187e-01 7.678709877551218900e-03 2.255957142599466503e-01 5.717850000000000016e-02 -8.737883193392527795e-03 9.999549902181417149e-01 3.696881812384036729e-03 -6.204199999999999993e-03 -2.255571729631707656e-01 -5.572697053716883960e-03 9.742139943423158144e-01 5.656539999999999901e-01
9.660531920393385930e-01 7.317205825302870552e-03 2.582395954332233345e-01 7.133230000000000126e-02 -8.166471465468770966e-03 9.999641980337623526e-01 2.216166622346303280e-03 -7.023100000000000002e-03 -2.582141338006275766e-01 -4.249841126968303788e-03 9.660783611881528232e-01 6.168354000000000337e-01
9.570580061477080847e-01 8.042385393007455557e-03 2.897849080020625800e-01 8.714239999999999486e-02 -8.429478181165139111e-03 9.999644674761624108e-01 8.765105936631590461e-05 -7.965800000000000311e-03 -2.897739062893116557e-01 -2.526622707348193976e-03 9.570917925734855336e-01 6.680038999999999838e-01
9.361752509692646829e-01 7.862185085820769595e-03 3.514457077818859410e-01 1.237511000000000028e-01 -5.639808826164723066e-03 9.999571076840533257e-01 -7.346791717948775169e-03 -1.037309999999999968e-02 -3.514883952978231085e-01 4.895797975703620672e-03 9.361794374654585082e-01 7.690215999999999719e-01
9.246210909919801990e-01 3.299065734461751297e-03 3.808739348630724719e-01 1.450412000000000090e-01 1.708744611585685845e-03 9.999164974231895542e-01 -1.280930805285173356e-02 -1.154280000000000063e-02 -3.808843896573507748e-01 1.249457267057083910e-02 9.245382454875120670e-01 8.183717999999999826e-01
9.002617725678510041e-01 -5.974505196993699745e-03 4.353079899802461128e-01 1.923211999999999977e-01 1.702415201538333075e-02 9.996241496677685801e-01 -2.148808156043158224e-02 -1.552680000000000032e-02 -4.350159986726328532e-01 2.675564778961136286e-02 9.000251197662264557e-01 9.148924000000000500e-01
8.746954979205102676e-01 -1.322721058936173789e-02 4.844923392765002612e-01 2.444655000000000022e-01 3.329097936553496867e-02 9.989062957219642103e-01 -3.283173860622464607e-02 -2.079090000000000105e-02 -4.835281756117985053e-01 4.484699841738144094e-02 8.741791865072499057e-01 1.007805300000000015e+00
8.478132017725396041e-01 -3.260840480517439299e-04 5.302948883115775613e-01 2.996105000000000018e-01 4.015912515324078502e-02 9.971676684146101310e-01 -6.359155396353083356e-02 -2.716340000000000074e-02 -5.287721811585034404e-01 7.520993775934078918e-02 8.454250089127448575e-01 1.097968899999999914e+00
8.185901015188928875e-01 1.144401734937240678e-02 5.742641205596914489e-01 3.597965000000000191e-01 4.760200588201492222e-02 9.950103845738428321e-01 -8.768342845841498034e-02 -3.626830000000000331e-02 -5.724022141215887594e-01 9.911291064801105999e-02 8.139608935394759825e-01 1.184845900000000007e+00
7.743893291951143842e-01 4.563280555135093564e-03 6.326929297054897372e-01 4.586354000000000264e-01 5.926362516530710167e-02 9.950546041357843929e-01 -7.971296958741046212e-02 -5.269780000000000297e-02 -6.299277653517161291e-01 9.922454967775147516e-02 7.702892308608765282e-01 1.308840000000000003e+00
7.510762997782630679e-01 -5.585536219750469877e-03 6.601917855415430081e-01 5.282871000000000095e-01 7.094596729544951075e-02 9.948567744919584177e-01 -7.229569815673439481e-02 -6.270009999999999473e-02 -6.563924600693596956e-01 1.011375302872009885e-01 7.476096162647318799e-01 1.387754099999999990e+00
7.347861349671621634e-01 -4.473504879331659245e-03 6.782841024335701796e-01 5.992851999999999624e-01 7.602282350409003686e-02 9.942208655527690064e-01 -7.579842218653898289e-02 -7.250579999999999525e-02 -6.740251228006901574e-01 1.072607022799935972e-01 7.308797955751118458e-01 1.464593100000000092e+00
7.178484266381007783e-01 2.069156566833034450e-03 6.961963479969607294e-01 6.711392000000000468e-01 7.078081032136368522e-02 9.945971408350974263e-01 -7.593816124255772793e-02 -8.244680000000000064e-02 -6.925920251226217461e-01 1.037894312237594430e-01 7.138235361087459374e-01 1.539223900000000089e+00
7.047159603602417555e-01 7.002103793257719033e-04 7.094892000016399525e-01 7.456030999999999631e-01 7.677175570583746889e-02 9.940526394519765274e-01 -7.723630962443814307e-02 -9.170570000000000110e-02 -7.053236935899613869e-01 1.088983916501228555e-01 7.004710040798484139e-01 1.612123100000000031e+00
7.016417324359326413e-01 4.401196100191739902e-03 7.125163217619585598e-01 8.200646999999999798e-01 7.743345476089948110e-02 9.935874951712401204e-01 -8.238901336423823385e-02 -1.010915000000000008e-01 -7.083099176124070251e-01 1.129801704381284411e-01 6.968016516195096877e-01 1.686167100000000030e+00
7.094480785852278482e-01 3.115991513500247778e-03 7.047508172316057085e-01 8.978855999999999504e-01 7.686927242377472602e-02 9.936820162487193242e-01 -8.177509120092393835e-02 -1.111999999999999933e-01 -7.005530235098325065e-01 1.121888638892814261e-01 7.047262731518275647e-01 1.763996799999999920e+00
7.211340555401046792e-01 4.467962979466139073e-03 6.927811423870423591e-01 9.763591000000000353e-01 7.305941929745801700e-02 9.939128476142110591e-01 -8.245952097440555073e-02 -1.218576999999999994e-01 -6.889325040903496733e-01 1.100785567411942806e-01 7.164179758727277081e-01 1.845704800000000034e+00
7.298813908956750529e-01 8.785290227954961617e-03 6.835173544978982996e-01 1.058458099999999957e+00 6.564741007009120000e-02 9.943948372298528904e-01 -8.288139261440717609e-02 -1.331101000000000090e-01 -6.804142655583318433e-01 1.053647301815214682e-01 7.252135553466241280e-01 1.933864400000000039e+00
7.308510154087891619e-01 1.328444675647550560e-02 6.824077349725133912e-01 1.142971600000000088e+00 5.783456560066525115e-02 9.950094673742966300e-01 -8.131004155269466738e-02 -1.441523000000000110e-01 -6.800823158248742173e-01 9.889228134638694545e-02 7.264353793644573454e-01 2.024925500000000156e+00
7.297464176756074394e-01 1.245060251983534649e-02 6.836045263063366129e-01 1.227983599999999953e+00 5.732889961182699445e-02 9.951990090321121141e-01 -7.932420620970000169e-02 -1.560390999999999861e-01 -6.813101813116511085e-01 9.707685057929628381e-02 7.255291323735320042e-01 2.116148900000000221e+00
7.293876247905695109e-01 1.131592551731840784e-02 6.840070486713261122e-01 1.317207100000000075e+00 5.750479388817549692e-02 9.953102751302590478e-01 -7.778595567328648597e-02 -1.682162000000000102e-01 -6.816794638847865073e-01 9.606979780250678169e-02 7.253162775423804831e-01 2.211132500000000167e+00
7.292169967325039526e-01 1.204738459097963454e-02 6.841764627645007257e-01 1.407585700000000051e+00 5.540338078430841195e-02 9.955229287222003842e-01 -7.658043997028016192e-02 -1.805319999999999980e-01 -6.820359499865796815e-01 9.374944753378433582e-02 7.252847744252006734e-01 2.307447400000000037e+00
7.297927697159114491e-01 1.291772503738963795e-02 6.835463741767907608e-01 1.498628000000000071e+00 5.357739250054059654e-02 9.956659374643810345e-01 -7.601844503815087528e-02 -1.925996000000000097e-01 -6.815658268158856226e-01 9.210034393548020837e-02 7.259377041893777527e-01 2.404629200000000022e+00
7.327909114680299929e-01 9.680597494169898565e-03 6.803850131374217236e-01 1.589783399999999958e+00 5.373077830958064571e-02 9.959534427169032256e-01 -7.203987369918675443e-02 -2.047126999999999974e-01 -6.783291852280132206e-01 8.934778101611674794e-02 7.293054850303783976e-01 2.501488399999999945e+00
7.362699562328096636e-01 8.030923490193634523e-03 6.766402706141801948e-01 1.678489200000000015e+00 5.378653980951127178e-02 9.960713146560857822e-01 -7.034873314151986190e-02 -2.160555000000000114e-01 -6.745469291934077516e-01 8.818979752324852817e-02 7.329454276605811280e-01 2.598627599999999926e+00
7.387615208285407409e-01 8.540834559883289656e-03 6.739128055528564865e-01 1.766169399999999889e+00 5.357843546863614442e-02 9.960108023470710670e-01 -7.135707996181520074e-02 -2.276190999999999909e-01 -6.718338831852965765e-01 8.882305867827564039e-02 7.353568505502623420e-01 2.693839300000000048e+00
7.358763664820706651e-01 1.275571988464768020e-02 6.769957642876132109e-01 1.853855800000000054e+00 5.227235553682459818e-02 9.957686356819961393e-01 -7.558058638729797662e-02 -2.402202999999999977e-01 -6.750952333558406515e-01 9.100613057503550984e-02 7.320958339575376339e-01 2.790040700000000040e+00
7.277855310386845966e-01 1.277192175516997374e-02 6.856858601615024584e-01 1.942338700000000085e+00 5.250057337072655539e-02 9.958549940994609884e-01 -7.427328269914723613e-02 -2.522273999999999905e-01 -6.837923007803500264e-01 9.005392130186393174e-02 7.240983225030098724e-01 2.885315400000000086e+00
7.192842965370910280e-01 1.118882059436095838e-02 6.946257345138094896e-01 2.032250900000000193e+00 5.124500242770860942e-02 9.962918572104544346e-01 -6.911211892517638011e-02 -2.644101999999999841e-01 -6.928232462044893181e-01 8.530735929479230095e-02 7.160437165207325094e-01 2.979098599999999930e+00
7.154352305970196335e-01 1.160147410816511973e-02 6.985827342692536579e-01 2.077650799999999798e+00 5.349922767941930890e-02 9.960169391787996318e-01 -7.133084540786607808e-02 -2.702159000000000089e-01 -6.966277797061317667e-01 8.840623658663912532e-02 7.119649386551927250e-01 3.024829099999999826e+00
7.110716080746396495e-01 1.350480833565594410e-02 7.029898920624415570e-01 2.121703099999999953e+00 5.337829405451496867e-02 9.958934177201140825e-01 -7.312358214406655676e-02 -2.757815000000000127e-01 -7.010905261904312180e-01 8.952050431922015106e-02 7.074306703786998884e-01 3.069726900000000036e+00
7.039999832278976966e-01 1.724545518382982964e-02 7.099905759167668418e-01 2.209945700000000013e+00 5.185379353142187397e-02 9.957887665880286177e-01 -7.560368002612988247e-02 -2.869860000000000189e-01 -7.083044597569045919e-01 9.004069420320612305e-02 7.001410327040433756e-01 3.157838100000000203e+00
6.989026918160240465e-01 9.416910376433031138e-03 7.151547728787650549e-01 2.300127499999999880e+00 5.374473133448941925e-02 9.963947151471364005e-01 -6.564354865971658293e-02 -2.979623000000000133e-01 -7.131945956231715567e-01 8.431425398957909101e-02 6.958768392094117905e-01 3.246332900000000077e+00
6.970559300496150801e-01 2.732404226948318554e-03 7.170115510574475159e-01 2.344908999999999910e+00 5.303507257154543852e-02 9.970570212122465970e-01 -5.535862650655686695e-02 -3.031325999999999743e-01 -7.150526634171758822e-01 7.661481853076534954e-02 6.948595959771303177e-01 3.290174700000000119e+00
6.943974247158479773e-01 4.354663002386918724e-03 7.195785248728130412e-01 2.432792200000000182e+00 5.406747684877651755e-02 9.968392741361836729e-01 -5.820798473451456456e-02 -3.124147999999999925e-01 -7.175576105757677237e-01 7.932526993198389664e-02 6.919671791747155076e-01 3.376104100000000052e+00
6.930077290183822569e-01 4.075299785401272773e-03 7.209186358060413191e-01 2.521492999999999984e+00 6.232613770486514215e-02 9.959013916757410989e-01 -6.554289143085094416e-02 -3.221730999999999900e-01 -7.182309796155961212e-01 9.035380451304324267e-02 6.899133640758381425e-01 3.460431600000000163e+00
6.941051748072483152e-01 -1.818444178291880181e-03 7.198713076422545987e-01 2.655074599999999840e+00 6.212195286031856056e-02 9.964177012835493397e-01 -5.738142157203597604e-02 -3.362159000000000120e-01 -7.171881686688782453e-01 8.454855308979446205e-02 6.917316480339776863e-01 3.588215599999999839e+00
6.951263425922341588e-01 1.745336863966318736e-03 7.188854718476198613e-01 2.740803699999999843e+00 4.986075389739441643e-02 9.974718275697469494e-01 -5.063455762078371974e-02 -3.446512999999999938e-01 -7.171563797771913773e-01 7.104158643991756450e-02 6.932819195255076616e-01 3.673345100000000141e+00
6.984189217699271479e-01 1.724053023032558196e-03 7.156871085571586688e-01 2.827416200000000046e+00 4.663196791458862345e-02 9.977625241841863168e-01 -4.791038407291176027e-02 -3.530920000000000170e-01 -7.141683760025679950e-01 6.683541706890824829e-02 6.967758303379071316e-01 3.758210699999999793e+00
7.059592650534345371e-01 -6.161456921260216602e-05 7.082524354274112310e-01 2.912862300000000015e+00 5.269160726619490087e-02 9.972332947219385568e-01 -5.243424855695327791e-02 -3.610784000000000216e-01 -7.062896789624774074e-01 7.433540274776306855e-02 7.040093303993976148e-01 3.841405400000000192e+00
7.120825830002601720e-01 -4.297615867622246039e-03 7.020825631544567180e-01 2.955292000000000030e+00 5.770779041520501806e-02 9.969559700611821951e-01 -5.242713691173590818e-02 -3.651623999999999981e-01 -6.997200911172067883e-01 7.784808448010453741e-02 7.101629882144705475e-01 3.883986499999999786e+00
7.264089839863636655e-01 -7.926818996494566089e-03 6.872169624830978263e-01 3.036721000000000004e+00 6.110866913618938356e-02 9.967178390548940836e-01 -5.309689130397486634e-02 -3.736593999999999749e-01 -6.845405163613783595e-01 8.056497285011147980e-02 7.245091901483087238e-01 3.969001800000000024e+00
7.351628383892225838e-01 -7.497436065716140546e-03 6.778490905090470697e-01 3.076716400000000018e+00 5.860039345368857344e-02 9.968985462112539553e-01 -5.252887252703253990e-02 -3.775310000000000055e-01 -6.753529410157141921e-01 7.833949843041401739e-02 7.333221175220999699e-01 4.012635699999999694e+00
7.439123820236140938e-01 -1.040016709036787126e-02 6.681962319531927763e-01 3.116051699999999869e+00 5.831875888361906513e-02 9.970746021706949902e-01 -4.940809719494081848e-02 -3.815839999999999788e-01 -6.657276396802426222e-01 7.572367021376370799e-02 7.423426671929416187e-01 4.056727399999999761e+00
7.522862941946246718e-01 -1.049887695038814045e-02 6.587526889126900098e-01 3.154283500000000018e+00 5.725985110093529534e-02 9.971315071144912778e-01 -4.949815119256412155e-02 -3.855145999999999851e-01 -6.563433865125918310e-01 7.495686160962067301e-02 7.507295304427679117e-01 4.100943100000000285e+00
7.696922056870340034e-01 -1.267015292709187252e-02 6.382894137688895908e-01 3.229465199999999925e+00 5.822818159860664727e-02 9.970290234027139320e-01 -5.042425369155321274e-02 -3.932482999999999951e-01 -6.357541878527802615e-01 7.597758694137723978e-02 7.681432281223451453e-01 4.190762000000000320e+00
7.781887979116834941e-01 -1.043936111275092088e-02 6.279436396240720697e-01 3.266251099999999852e+00 5.794437354041991756e-02 9.967905039214237650e-01 -5.523713304546474384e-02 -3.979808000000000234e-01 -6.253516165964370099e-01 7.937071898144600068e-02 7.762961062562345749e-01 4.236297600000000330e+00
7.860737753831155139e-01 -7.398249659279675094e-03 6.180884124111325484e-01 3.301666700000000176e+00 6.046525007912865318e-02 9.960532286054519790e-01 -6.497629812111135883e-02 -4.022157000000000093e-01 -6.151682478702908963e-01 8.844903440193158106e-02 7.834186589082252627e-01 4.281553699999999907e+00
7.947735180012864831e-01 -4.167968505205007362e-03 6.068918215978844621e-01 3.337087200000000031e+00 5.934431265548664736e-02 9.957181267177419581e-01 -7.087781515508570496e-02 -4.066414999999999891e-01 -6.039977712204793736e-01 9.234738850801504917e-02 7.916177437352216462e-01 4.327524699999999669e+00
8.023415618095511848e-01 -4.584041331557434790e-03 5.968475557109039764e-01 3.371459199999999878e+00 5.662689964292508260e-02 9.960445683675256401e-01 -6.847344056186867312e-02 -4.115254999999999885e-01 -5.941728809276304313e-01 8.873671388224967094e-02 7.994275346643618940e-01 4.374261899999999592e+00
8.101702934782167853e-01 -7.981575970474868303e-03 5.861402477312468440e-01 3.405264400000000080e+00 5.695916020806975066e-02 9.962476412589682528e-01 -6.516357383027329697e-02 -4.169961999999999835e-01 -5.834207312341680440e-01 8.617964800908375911e-02 8.075848677601749070e-01 4.420923700000000345e+00
8.160517683189241200e-01 -3.964948358092686836e-03 5.779652157423269543e-01 3.437760100000000207e+00 5.282408867954910270e-02 9.963029709588863136e-01 -6.774958091141013161e-02 -4.219184999999999741e-01 -5.755598379653779073e-01 8.581765111568968873e-02 8.132442460160745901e-01 4.467894099999999646e+00
8.205034028469634366e-01 3.077999177676662979e-03 5.716333543781502158e-01 3.470312799999999864e+00 4.822142055703191460e-02 9.960485485697262442e-01 -7.457870669033930811e-02 -4.273514999999999953e-01 -5.696041261402655653e-01 8.875705500524463942e-02 8.171127980094183840e-01 4.515313599999999816e+00
8.236514650703509188e-01 1.271313197193961464e-02 5.669538256003997523e-01 3.502008700000000196e+00 4.144405198693717346e-02 9.957259442311421349e-01 -8.253626196953964267e-02 -4.323342000000000018e-01 -5.655799277223055865e-01 9.147797691501749484e-02 8.196042490721769935e-01 4.562378400000000056e+00
8.257200824749513224e-01 1.722866622571398235e-02 5.638169192722427558e-01 3.534218099999999918e+00 3.806155106630898510e-02 9.955537290395983785e-01 -8.616316455293895893e-02 -4.378019000000000216e-01 -5.627945128801333796e-01 9.260640180588503023e-02 8.213929574914680121e-01 4.610090699999999764e+00
8.309105208118524599e-01 1.928654234190976119e-02 5.560717001328784326e-01 3.597193199999999980e+00 3.495472567349739573e-02 9.956155968920785693e-01 -8.676260933328762415e-02 -4.495019000000000098e-01 -5.553070083811896263e-01 9.152929864105736890e-02 8.265933183452486288e-01 4.705003300000000444e+00
8.372513064920855674e-01 1.776611656137522949e-02 5.465296102496400854e-01 3.659053600000000017e+00 3.086320456648865979e-02 9.963434794358789759e-01 -7.966889976329108447e-02 -4.607882999999999840e-01 -5.459466204503723441e-01 8.357054557638041170e-02 8.336415605827741659e-01 4.800606700000000338e+00
8.405542686959156518e-01 1.755702261411540982e-02 5.414427692138866766e-01 3.689583799999999858e+00 2.885116482291756601e-02 9.966053890871666709e-01 -7.710582812458535718e-02 -4.666404000000000107e-01 -5.409585304489018531e-01 8.043288754822056075e-02 8.371943734493321188e-01 4.848752499999999799e+00
8.471969572396825798e-01 3.237876462028817931e-02 5.302913644832313311e-01 3.748427200000000070e+00 1.268825955333168463e-02 9.966233232384964502e-01 -8.112311413254953696e-02 -4.773720000000000185e-01 -5.311274081737175079e-01 7.545572992635711518e-02 8.439254167922364269e-01 4.945748799999999612e+00
8.508894257632455549e-01 3.268063230488645748e-02 5.243273418356581006e-01 3.777567100000000178e+00 1.404167488389635073e-02 9.962918357977892381e-01 -8.488468229972781498e-02 -4.829480999999999913e-01 -5.251571350469773636e-01 7.958991264490483664e-02 8.472752972407653349e-01 4.993645199999999562e+00
8.586449888545198972e-01 3.170919037830281090e-02 5.115890053163515416e-01 3.836069600000000079e+00 1.478427965222312880e-02 9.961372721450171275e-01 -8.655610965523516387e-02 -4.938159999999999772e-01 -5.123575003746762002e-01 8.188444473180961358e-02 8.548594794004316100e-01 5.090454099999999649e+00
8.659946983033083301e-01 2.841142667022052495e-02 4.992454039298955260e-01 3.892565700000000017e+00 1.296804844453225067e-02 9.967728384883710602e-01 -7.921955674816580362e-02 -5.055401000000000478e-01 -4.998849990048732095e-01 7.507795472972261797e-02 8.628315527862315815e-01 5.188470800000000160e+00
8.727260775545759852e-01 3.289964297039438962e-02 4.871004075635996799e-01 3.947955100000000161e+00 1.045703901604426965e-02 9.962382406313498029e-01 -8.602335868105731587e-02 -5.165011999999999937e-01 -4.880981908296949112e-01 8.016845636641314887e-02 8.690990592059142372e-01 5.286725500000000189e+00
8.794932534759977161e-01 3.391325580481696633e-02 4.747014937525702583e-01 4.000775299999999923e+00 8.161984631949672012e-03 9.962362564118334429e-01 -8.629428380491681316e-02 -5.283487999999999518e-01 -4.758413591703354872e-01 7.976974671673940642e-02 8.759062669096934206e-01 5.386369700000000371e+00
8.873946841231717952e-01 2.725439868481537714e-02 4.602041637602436452e-01 4.053403399999999657e+00 1.377406560204608686e-02 9.962378358884079743e-01 -8.555962518134306583e-02 -5.400700999999999974e-01 -4.608046763073553320e-01 8.226403890346327408e-02 8.836807558143171537e-01 5.484389799999999759e+00
8.959774592883793520e-01 3.528109103172981376e-02 4.426958742328093166e-01 4.127912499999999874e+00 2.898767575976419347e-03 9.963534727003017233e-01 -8.527223806485756397e-02 -5.573945999999999623e-01 -4.440900692356011259e-01 7.768527565542951430e-02 8.926079813404420582e-01 5.636167000000000371e+00
9.026732676583545389e-01 2.906584748350932168e-02 4.293438579565962976e-01 4.201697300000000190e+00 8.460018640075743848e-03 9.963248518369609563e-01 -8.523624637832932782e-02 -5.744704999999999950e-01 -4.302434194030144154e-01 8.057273808257395253e-02 8.991099120453954763e-01 5.787325400000000286e+00
9.098318444536221961e-01 1.250438043938529101e-02 4.147886875120233574e-01 4.273877599999999610e+00 2.256131191293083912e-02 9.965770415819793504e-01 -7.953104674576566557e-02 -5.909879999999999578e-01 -4.143633695476559575e-01 8.171805590894118398e-02 9.064354126552954805e-01 5.940432500000000005e+00
9.136864449488354412e-01 1.920530405728706688e-02 4.059658071966477655e-01 4.341460200000000214e+00 1.622428862627713422e-02 9.963630436621265796e-01 -8.365080802308152985e-02 -6.076772000000000284e-01 -4.060958664839250387e-01 8.301711582806486911e-02 9.100518148458689449e-01 6.094197799999999887e+00
9.143289863515829952e-01 1.705547494678628928e-02 4.046129205693096420e-01 4.386248600000000053e+00 1.565054032085566593e-02 9.968782465283956284e-01 -7.738748081011946611e-02 -6.188569999999999904e-01 -4.046696990200182587e-01 7.709002771312827018e-02 9.112077492659053091e-01 6.196665300000000265e+00
9.152432519164824809e-01 1.421928899105102603e-02 4.026507191623173720e-01 4.431171899999999830e+00 1.531847525543192021e-02 9.974263563023989532e-01 -7.004290163298912408e-02 -6.294937000000000449e-01 -4.026103999367019459e-01 7.027428814231309606e-02 9.126699240628564080e-01 6.298336499999999560e+00
9.159679099752300324e-01 1.701919040340089950e-02 4.008904277400765492e-01 4.475471999999999895e+00 1.577719528794485626e-02 9.967998140281506547e-01 -7.836587817596563088e-02 -6.397656999999999927e-01 -4.009412276187805935e-01 7.810555621373566071e-02 9.127681272284260405e-01 6.398443699999999623e+00
9.162097965403558364e-01 2.170000953751634321e-02 4.001108825182732032e-01 4.518321000000000254e+00 1.014017823305163324e-02 9.969570984875049113e-01 -7.728984772127094061e-02 -6.501639000000000168e-01 -4.005705749413973615e-01 7.487091131705959912e-02 9.132018184003311001e-01 6.497985400000000134e+00
9.166529529284638267e-01 2.114799555558911914e-02 3.991241989299924575e-01 4.561281199999999814e+00 1.208261890655937254e-02 9.966765591803189439e-01 -8.055958478566707659e-02 -6.601192000000000171e-01 -3.995014070161533870e-01 7.866764687252955635e-02 9.133509879162844403e-01 6.597221399999999569e+00
9.161881218635583579e-01 3.739069817579222799e-02 3.990003271252449690e-01 4.602247199999999872e+00 -3.379572648237651883e-03 9.963233198563310467e-01 -8.560619603261458710e-02 -6.708096999999999532e-01 -4.007342059830192871e-01 7.708292937081438756e-02 9.129459557688905935e-01 6.696278099999999789e+00
9.165076228061355135e-01 3.596229977966006186e-02 3.983974025176422185e-01 4.623776900000000190e+00 -4.831528602109169679e-04 9.960494209840279334e-01 -8.879931036160292057e-02 -6.763033999999999990e-01 -4.000169295186892793e-01 8.119275800180993097e-02 9.129042623114974608e-01 6.745416600000000429e+00
9.175276959209893723e-01 3.472331766481153575e-02 3.961530240049531693e-01 4.665417699999999890e+00 1.476054990207378848e-03 9.958763909582541984e-01 -9.070851775675925488e-02 -6.876236000000000015e-01 -3.976691444902235584e-01 8.381232094573573543e-02 9.136929168917217181e-01 6.842041000000000039e+00
9.183459392748491990e-01 2.612527213585276106e-02 3.949154415482161173e-01 4.686088599999999715e+00 9.569566628632102806e-03 9.960615225789789529e-01 -8.814684697813206238e-02 -6.933344999999999647e-01 -3.956629363636869900e-01 8.472846861282042064e-02 9.144790469959337420e-01 6.889594100000000054e+00
9.206374316142686975e-01 1.405113492951520597e-02 3.901657149441445371e-01 4.727736000000000161e+00 1.796414809447833064e-02 9.967691384278163369e-01 -7.828520972130369182e-02 -7.043139999999999956e-01 -3.900051395737272886e-01 7.908128909585003530e-02 9.174105628457829287e-01 6.985474599999999867e+00
9.221752663800154570e-01 1.058778564326736185e-02 3.866273100443369248e-01 4.747673500000000324e+00 2.119131830538189751e-02 9.967405557790188775e-01 -7.784081508959481144e-02 -7.092374000000000178e-01 -3.861912817574052470e-01 7.997601678318774776e-02 9.189451184015657859e-01 7.033236500000000113e+00
9.242828111237020305e-01 1.242791996944536854e-02 3.815060050202355724e-01 4.767272900000000035e+00 2.084652405636602812e-02 9.963346579890949295e-01 -8.296186909972828871e-02 -7.145955000000000501e-01 -3.811386985023094143e-01 8.463330369887588078e-02 9.206359195735193124e-01 7.079644199999999721e+00
9.300041389026619809e-01 1.129424479552350313e-02 3.673754777586781262e-01 4.805432800000000171e+00 2.209477523270137606e-02 9.960022377641153390e-01 -8.655266186716054078e-02 -7.250632000000000188e-01 -3.668843448981363164e-01 8.861141237658617942e-02 9.260366596767602987e-01 7.175363499999999561e+00
9.335093447055843319e-01 6.998041719516600798e-03 3.584847706101925713e-01 4.823545900000000053e+00 2.399174742140648686e-02 9.963496479468504363e-01 -8.192542396505858582e-02 -7.304247999999999852e-01 -3.577494925265694015e-01 8.507882491124960089e-02 9.299338117031248352e-01 7.223012899999999625e+00
9.424234147745180756e-01 -2.459404049156945979e-03 3.344130060515883573e-01 4.858656899999999723e+00 3.182177191404900879e-02 9.960950873548419793e-01 -8.235260639348351841e-02 -7.410626000000000158e-01 -3.329046141419294558e-01 8.825263893659368586e-02 9.388215962597687980e-01 7.318687899999999580e+00
9.472366109470845563e-01 -1.570136343549799474e-03 3.205313363048056252e-01 4.874434499999999559e+00 3.000571921505933159e-02 9.960312335061843880e-01 -8.379402541074151833e-02 -7.459135999999999544e-01 -3.191276542323913668e-01 8.899054192447442002e-02 9.435243630940961523e-01 7.365567699999999718e+00
9.555220554616818962e-01 -3.406399013242604121e-03 2.948999796067223178e-01 4.903577799999999876e+00 3.020781500351445159e-02 9.958045818718084252e-01 -8.637547473575042656e-02 -7.558540000000000258e-01 -2.933685215543687663e-01 9.144195518948287915e-02 9.516161407795311611e-01 7.459683400000000297e+00
9.595449635305338676e-01 8.575983093167677263e-04 2.815541288781366336e-01 4.916726599999999614e+00 2.640407960881291372e-02 9.953143000438013921e-01 -9.301757204060573381e-02 -7.613505999999999885e-01 -2.803146224213036164e-01 9.668872040449011385e-02 9.550261796429165839e-01 7.505790199999999857e+00
9.666543764946446959e-01 1.495751355860423099e-02 2.556473923041147622e-01 4.939850299999999805e+00 1.397182431860824123e-02 9.937253667936239987e-01 -1.109715437221963363e-01 -7.721788000000000540e-01 -2.557031570570839629e-01 1.108429888582113110e-01 9.603799910931186679e-01 7.597039200000000214e+00
9.699739955947580539e-01 1.464910175451369749e-02 2.427670729067807620e-01 4.951238199999999701e+00 1.293608947874778405e-02 9.936638496482357308e-01 -1.116459201728672995e-01 -7.780898000000000536e-01 -2.428643766774743196e-01 1.114340958595452930e-01 9.636385924302884876e-01 7.643559500000000284e+00
9.750897993503057082e-01 2.063003065858178692e-02 2.208490095925415286e-01 4.970982600000000140e+00 2.970285475893962718e-03 9.943616875858645177e-01 -1.060000550263218433e-01 -7.898444999999999494e-01 -2.217905782651107549e-01 1.040155569922958378e-01 9.695306613492996606e-01 7.735434500000000213e+00
9.784025442851662646e-01 2.909868978578387944e-02 2.046502567529883132e-01 4.989548199999999767e+00 -4.369962667014297766e-03 9.927325781650477854e-01 -1.202619294542800754e-01 -8.018792000000000142e-01 -2.066624415867630016e-01 1.167702637769053586e-01 9.714192404594783614e-01 7.825985000000000191e+00
9.790531411324508992e-01 3.238896030595048159e-02 2.010121938813185238e-01 5.008312700000000284e+00 -8.520756106129474122e-03 9.929190375998107054e-01 -1.184870519814109902e-01 -8.139277000000000317e-01 -2.034265065178603726e-01 1.142923445475036992e-01 9.723964810836028816e-01 7.917898199999999775e+00
9.781195381133936939e-01 3.134850758045173297e-02 2.056682771681613286e-01 5.027223099999999611e+00 -8.447088187644875498e-03 9.937512378785088307e-01 -1.112974569165058464e-01 -8.263776999999999928e-01 -2.078721142000326538e-01 1.071249190777276011e-01 9.722723054014235089e-01 8.008698499999999498e+00
9.757395382985294408e-01 2.898143328827861367e-02 2.170079029103081369e-01 5.056329700000000038e+00 -5.013220066882945886e-03 9.938974509969186188e-01 -1.101940312648041209e-01 -8.439902999999999711e-01 -2.188771825146094696e-01 1.064327648160315332e-01 9.699303302547465089e-01 8.143005399999999838e+00
9.745668286883965026e-01 3.072889772377501022e-02 2.219802497181304624e-01 5.066804900000000167e+00 -6.139666934868143189e-03 9.938434384443325387e-01 -1.106233445122467990e-01 -8.494178000000000006e-01 -2.240129480859771038e-01 1.064469572408161119e-01 9.687555132147642745e-01 8.187783200000000150e+00
9.720393487198911719e-01 2.810816426485450437e-02 2.331296541452194671e-01 5.088133299999999970e+00 -3.310284027119449191e-03 9.943515047100887072e-01 -1.060854707320575546e-01 -8.610487000000000002e-01 -2.347946902292926130e-01 1.023475265086675051e-01 9.666418350442360641e-01 8.275852199999999215e+00
9.706944481670113367e-01 2.970495597813602867e-02 2.384741157611835194e-01 5.098396300000000103e+00 -4.381332333691109401e-03 9.943537752558009313e-01 -1.060253439584988300e-01 -8.664764000000000355e-01 -2.402771154827756661e-01 1.018733783913797208e-01 9.653438364388119419e-01 8.318724599999999469e+00
9.684420869284009470e-01 3.270341025527161161e-02 2.470838141672553612e-01 5.120130500000000140e+00 -5.595654025013543573e-03 9.939571953075869715e-01 -1.096256473290243699e-01 -8.776774000000000520e-01 -2.491758674546869778e-01 1.047834951409365584e-01 9.627729775104063581e-01 8.405055000000000831e+00
9.675198919574461431e-01 3.121370239818588993e-02 2.508604461632983895e-01 5.142710700000000301e+00 -2.719843048474107974e-03 9.935756413536325216e-01 -1.131372943043517654e-01 -8.889523000000000286e-01 -2.527802625215096466e-01 1.087802817210698492e-01 9.613890935455016162e-01 8.490691200000000549e+00
9.677380037183292982e-01 2.790961366711938382e-02 2.504080861797696178e-01 5.153922099999999951e+00 2.428607862920324767e-04 9.937422115874620099e-01 -1.116976182731685141e-01 -8.943514000000000186e-01 -2.519585227332095112e-01 1.081548444324715863e-01 9.616753259015677902e-01 8.533200300000000738e+00
9.705991342284586709e-01 2.296488979367974220e-02 2.396037029591374656e-01 5.175126999999999811e+00 2.988321561212680874e-03 9.942118562277557636e-01 -1.073957860924123486e-01 -9.059610000000000163e-01 -2.406831746699656938e-01 1.049542699127793688e-01 9.649125404190072031e-01 8.617743499999999557e+00
9.732946983050324574e-01 1.939310230469113577e-02 2.287385796806382376e-01 5.184891699999999659e+00 5.645263520867834298e-03 9.941018307681931399e-01 -1.083036521226626164e-01 -9.113246000000000402e-01 -2.294897846334251479e-01 1.067026599777463197e-01 9.674445622890117669e-01 8.659387600000000518e+00
9.765629004662738089e-01 1.607811219179115444e-02 2.146308359515163300e-01 5.194113699999999945e+00 7.542330131761165214e-03 9.940371038380902968e-01 -1.087811998893436771e-01 -9.165889999999999871e-01 -2.151000108997720983e-01 1.078505007013411676e-01 9.706184908651740439e-01 8.701161400000000157e+00
9.797297946630912913e-01 1.604548920466410469e-02 1.996799231910910410e-01 5.202252399999999888e+00 5.400021409648157050e-03 9.943093885067136872e-01 -1.063939833645698441e-01 -9.217895000000000394e-01 -2.002507658367187193e-01 1.053156313354671469e-01 9.740678870480330431e-01 8.742750199999999694e+00
9.828114846205470156e-01 1.875162943020454789e-02 1.836571863327668697e-01 5.209295299999999962e+00 -6.052861841278345256e-06 9.948313410397495726e-01 -1.015411386996252080e-01 -9.270380000000000287e-01 -1.846119867758299893e-01 9.979468562386449582e-02 9.777317807353481660e-01 8.784689900000000051e+00
9.857120658046311101e-01 1.820591604765075394e-02 1.674522855861709791e-01 5.215903800000000423e+00 -2.287402246641243031e-03 9.954967055095541584e-01 -9.476854494285574804e-02 -9.320163999999999671e-01 -1.684235468042658557e-01 9.303146747466634059e-02 9.813147583427965781e-01 8.826539999999999608e+00
9.883560350728062271e-01 1.672246201166964485e-02 1.512372546677243634e-01 5.221610100000000365e+00 -3.430422805255566900e-03 9.961387510576683590e-01 -8.772582767147775462e-02 -9.364662000000000264e-01 -1.521202817987760136e-01 8.618554348344560634e-02 9.845971114927790646e-01 8.868199300000000562e+00
9.908990474056227349e-01 1.554155744427171415e-02 1.337069102284387523e-01 5.226810500000000026e+00 -4.787662519509752745e-03 9.967530103893769144e-01 -8.037732620157141128e-02 -9.408543999999999796e-01 -1.345219541124371976e-01 7.900567240344795461e-02 9.877560162255911713e-01 8.909805300000000372e+00
9.930164445294458186e-01 1.634458206490013027e-02 1.168383307447592168e-01 5.230881700000000301e+00 -7.658120171725970281e-03 9.971981948473030988e-01 -7.441178259332022205e-02 -9.450619999999999576e-01 -1.177272019948380766e-01 7.299736180440972999e-02 9.903593747120601476e-01 8.951166199999999407e+00
9.966095873042084552e-01 1.497110349217175250e-02 8.090238904730816250e-02 5.236946599999999563e+00 -9.281066944312682879e-03 9.974858305805686109e-01 -7.025581532776148386e-02 -9.528682000000000540e-01 -8.175079381700529890e-02 6.926675863081815931e-02 9.942428897704370661e-01 9.031935700000000011e+00
9.986899954024885950e-01 1.981528649669906869e-02 4.717676869001168061e-02 5.239540599999999770e+00 -1.660625087082843662e-02 9.975832600395543315e-01 -6.746756050777330538e-02 -9.596635000000000026e-01 -4.839964374860873664e-02 6.659574843718388260e-02 9.966054790011437126e-01 9.111629499999999382e+00
9.996063043174050478e-01 1.913054862836253631e-02 2.052458228752196065e-02 5.240558100000000330e+00 -1.786925129768551432e-02 9.980402751560568664e-01 -5.996915060664399777e-02 -9.662539999999999463e-01 -2.163160250558355049e-02 5.957878209228552324e-02 9.979891995895748824e-01 9.190818800000000621e+00
9.998118540597727977e-01 1.688314079890375005e-02 9.550708786477176554e-03 5.240596299999999985e+00 -1.629212942240211223e-02 9.981310200560187251e-01 -5.889850015760417917e-02 -9.694914999999999505e-01 -1.052725037430952970e-02 5.873181726028909450e-02 9.982182880717326290e-01 9.229987100000000666e+00
9.996168202558572968e-01 2.583241273968302915e-02 -9.944803347261749193e-03 5.238246900000000039e+00 -2.644943040785124183e-02 9.973389229325416716e-01 -6.793747445157229115e-02 -9.760254999999999903e-01 8.163350578609281788e-03 6.817447657154739049e-02 9.976400154622538929e-01 9.306028400000000644e+00
9.994355698264697496e-01 1.959188773097698261e-02 -2.728918651730764117e-02 5.235679099999999586e+00 -2.183762586353762275e-02 9.961767497223319445e-01 -8.458724140965105665e-02 -9.828953999999999747e-01 2.552762939020707805e-02 8.513542886358903272e-02 9.960423178208489547e-01 9.381433499999999981e+00
9.989784973397964896e-01 2.143751235344852277e-02 -3.977932775724133535e-02 5.231636499999999579e+00 -2.435190131883564410e-02 9.969394609905071203e-01 -7.428792648953679023e-02 -9.893499999999999517e-01 3.806503323103737485e-02 7.518074343908069668e-02 9.964431288643958995e-01 9.458526600000000784e+00
9.985967041754177931e-01 2.751548282190104458e-02 -4.524953718073657788e-02 5.226517199999999974e+00 -2.994451187685570961e-02 9.980967380300829195e-01 -5.390944019524754327e-02 -9.962571999999999539e-01 4.368007118183350052e-02 5.518876460644678295e-02 9.975200507472339329e-01 9.537219000000000335e+00
9.986509354746274658e-01 2.103620248372164991e-02 -4.747406935070153794e-02 5.223038200000000408e+00 -2.374515214328382778e-02 9.980781133929487181e-01 -5.723851252141778922e-02 -1.001860299999999926e+00 4.617874863336662167e-02 5.828857307428327028e-02 9.972311494451124858e-01 9.615734099999999174e+00
9.985125150799311067e-01 2.137005813770890411e-02 -5.016052077023690214e-02 5.218098600000000253e+00 -2.415184579628765899e-02 9.981652501006932354e-01 -5.552316485983992828e-02 -1.006389999999999896e+00 4.888195549876016288e-02 5.665204415210065708e-02 9.971966206922312503e-01 9.695122700000000648e+00
9.981987865799840653e-01 2.157318726179115534e-02 -5.598017561257905700e-02 5.213167699999999627e+00 -2.418707291864972617e-02 9.986280509527037941e-01 -4.644352865612193237e-02 -1.011952900000000044e+00 5.490143872318301727e-02 4.771387053857389926e-02 9.973511009591120580e-01 9.775238999999999123e+00
