1.000000000000000000e+00 0.000000000000000000e+00 0.000000000000000000e+00 0.000000000000000000e+00 0.000000000000000000e+00 1.000000000000000000e+00 0.000000000000000000e+00 0.000000000000000000e+00 0.000000000000000000e+00 0.000000000000000000e+00 1.000000000000000000e+00 0.000000000000000000e+00
9.999322796514912293e-01 9.332350375776337454e-04 1.160022341753004331e-02 5.186999999999999771e-04 -9.779290840377964644e-04 9.999921190683248584e-01 3.847785850045861225e-03 -5.069000000000000155e-04 -1.159654110838951625e-02 -3.858869472508448181e-03 9.999253118912010407e-01 5.037450000000000261e-02
9.997193059417915917e-01 7.337000227163880143e-04 2.368060412107872437e-02 2.159499999999999961e-03 -9.197711781515836545e-04 9.999687841185721515e-01 7.847598957919848378e-03 -1.079700000000000061e-03 -2.367410712661464217e-02 -7.867176920672944163e-03 9.996887736586104189e-01 1.000708000000000014e-01
9.993196609696534116e-01 7.419963921200766182e-04 3.687363069797969933e-02 4.080000000000000293e-03 -1.121261919749671956e-03 9.999466752644627920e-01 1.026593392021111530e-02 -1.654199999999999985e-03 -3.686404713544389616e-02 -1.030029460262679546e-02 9.992672044853142532e-01 1.510461999999999916e-01
9.986842555805022226e-01 4.303346085797914232e-04 5.127935713074834728e-02 6.567599999999999827e-03 -9.779819073992615779e-04 9.999427548748175409e-01 1.065507037749801635e-02 -2.036300000000000002e-03 -5.127183639198982373e-02 -1.069120131160640301e-02 9.986275066347350959e-01 2.016423999999999994e-01
9.978294877349251912e-01 6.827282542039424685e-04 6.584715095421853071e-02 9.986599999999999991e-03 -1.297774627179330625e-03 9.999559287076037473e-01 9.298194638246319588e-03 -2.263799999999999840e-03 -6.583790084498275519e-02 -9.363467554521383990e-03 9.977863981272151461e-01 2.524985000000000146e-01
9.965863950904245705e-01 -3.910842685369718321e-05 8.255637825875833391e-02 1.434170000000000063e-02 -6.301984974844229053e-04 9.999671480094419751e-01 8.081197418476295316e-03 -2.577900000000000157e-03 -8.255398216031739622e-02 -8.105638308829760455e-03 9.965536305975110087e-01 3.033289000000000124e-01
9.947031660571320488e-01 1.610501962190992540e-03 1.027765426512649016e-01 1.997689999999999882e-02 -2.291499369346453388e-03 9.999761954071034742e-01 6.508275483921261567e-03 -2.912000000000000092e-03 -1.027636145070704443e-01 -6.709314612097474345e-03 9.946831780174418824e-01 3.538485000000000102e-01
9.917194626158249982e-01 4.512628270545885473e-03 1.283438493075190756e-01 2.660279999999999936e-02 -5.241876124081034857e-03 9.999719776748404731e-01 5.344773125976481562e-03 -3.589900000000000035e-03 -1.283161338401336282e-01 -5.973278091654639008e-03 9.917153269689648054e-01 4.047955999999999777e-01
9.872896897769922742e-01 6.542799970588020729e-03 1.587962853110716777e-01 3.453409999999999813e-02 -7.399434753745781808e-03 9.999610847338051833e-01 4.803892517201563406e-03 -4.286899999999999739e-03 -1.587586748035378081e-01 -5.917836305326419633e-03 9.872996821573922777e-01 4.558520999999999823e-01
9.814048308821637923e-01 7.583692482559854439e-03 1.917994930376031859e-01 4.441330000000000278e-02 -8.596901608080345300e-03 9.999531397473998551e-01 4.451021462329098066e-03 -4.948300000000000094e-03 -1.917567500869072905e-01 -6.017135335613935793e-03 9.814240382619840997e-01 5.064378000000000490e-01
9.741924275058475580e-01 7.432835214801944944e-03 2.255966913563527687e-01 5.631350000000000244e-02 -8.462365233812859169e-03 9.999577244105918306e-01 3.596910652271950899e-03 -5.885699999999999786e-03 -2.255604188790964193e-01 -5.413164717655663018e-03 9.742141423130882272e-01 5.571751999999999816e-01
9.660516439788155996e-01 7.155778173764301350e-03 2.582499099797626596e-01 7.024279999999999413e-02 -7.963824270327790958e-03 9.999661187714279365e-01 2.082981564416895841e-03 -6.646700000000000177e-03 -2.582262548015188952e-01 -4.068924665589307432e-03 9.660759003221468522e-01 6.074353000000000113e-01
9.570115682288409253e-01 8.180057424939825642e-03 2.899343803978742806e-01 8.567779999999999840e-02 -8.532183461535185545e-03 9.999635990334033719e-01 -4.953323570342556964e-05 -7.564399999999999770e-03 -2.899242316908907102e-01 -2.426369445781210391e-03 9.570465258333886727e-01 6.577916999999999792e-01
9.470346962880989983e-01 9.547580073121330127e-03 3.209892953686392381e-01 1.026341999999999949e-01 -8.911028903906598533e-03 9.999543372055589296e-01 -3.452110610220815272e-03 -8.590399999999999772e-03 -3.210075974028993584e-01 4.089236344288369948e-04 9.470765307994277737e-01 7.075917999999999930e-01
9.361750157025571228e-01 7.353788644519698020e-03 3.514573398961654549e-01 1.216345999999999955e-01 -5.089908496132552335e-03 9.999599247239381317e-01 -7.364901737101088586e-03 -1.002199999999999966e-02 -3.514974150770073802e-01 5.105951299012763400e-03 9.361749283416610501e-01 7.568863000000000119e-01
9.246201341910734728e-01 2.977603936011225666e-03 3.808789063774490891e-01 1.426422999999999996e-01 2.053154114241864843e-03 9.999159522351784846e-01 -1.280128992716995581e-02 -1.126850000000000074e-02 -3.808850115279735493e-01 1.261833350393552419e-02 9.245363084557138844e-01 8.056098000000000425e-01
9.125122007390664702e-01 -1.547840828227803160e-03 4.090465593194936300e-01 1.649483999999999950e-01 9.602228137704962863e-03 9.997983348552171856e-01 -1.763765391219817083e-02 -1.291559999999999930e-02 -4.089367686050461304e-01 2.002233276882300558e-02 9.123430415547418848e-01 8.532178000000000262e-01
9.002694510603256317e-01 -6.303192871234082270e-03 4.352874742594461943e-01 1.891146999999999967e-01 1.743778844621676066e-02 9.996148192366216545e-01 -2.159019908757570452e-02 -1.484289999999999915e-02 -4.349837227088446112e-01 2.702744757027917069e-02 9.000325983297441379e-01 9.003885000000000360e-01
8.746912554942914975e-01 -1.412350385405584420e-02 4.844746992369206029e-01 2.404662999999999939e-01 3.441664955831112704e-02 9.988619968738479127e-01 -3.301825910567476874e-02 -2.007190000000000016e-02 -4.834570320049141334e-01 4.555477845488375976e-02 8.741819377938014890e-01 9.922311000000000325e-01
8.616016201642643368e-01 -1.139252670742139061e-02 5.074572479190099239e-01 2.689026999999999945e-01 4.084562666516488444e-02 9.980620573923255634e-01 -4.694426883154255437e-02 -2.320389999999999953e-02 -5.059390110602707269e-01 6.117466737971573310e-02 8.603972205663709127e-01 1.037937200000000004e+00
8.333489938563982680e-01 6.971764664424427022e-03 5.527032195817143112e-01 3.254187000000000052e-01 4.359377658325140625e-02 9.959768364919373562e-01 -7.829255274112852103e-02 -3.096930000000000169e-02 -5.510254414105926202e-01 8.933944072455744789e-02 8.296923690436625032e-01 1.125480299999999989e+00
8.036087898720694067e-01 1.149941686819275569e-02 5.950467849270676401e-01 3.869709000000000065e-01 5.230902907510402711e-02 9.945794532839572488e-01 -8.986365551547800812e-02 -4.086179999999999674e-02 -5.928546856672115561e-01 1.033415430360709319e-01 7.986512675538403050e-01 1.209040499999999962e+00
7.744224446957154173e-01 3.287608534498342311e-03 6.326603107368404810e-01 4.530162999999999829e-01 6.086777945508274612e-02 9.949606545865397056e-01 -7.967690536743869678e-02 -5.164679999999999965e-02 -6.297340633757388950e-01 1.002122121043551722e-01 7.703197530697448725e-01 1.289935499999999902e+00
7.510767598546068680e-01 -6.407427968776982508e-03 6.601837968877530827e-01 5.214765999999999568e-01 7.193324525991073859e-02 9.947941407029857741e-01 -7.218189419366637105e-02 -6.130379999999999857e-02 -6.562844726432910392e-01 1.017033061892928386e-01 7.476276670091096532e-01 1.367220199999999997e+00
7.349996666995142203e-01 -5.571576109234727125e-03 6.780445763305401607e-01 5.910429000000000377e-01 7.728369811330157435e-02 9.941382638188127618e-01 -7.560649718938616815e-02 -7.100149999999999517e-02 -6.736488105515624492e-01 1.079725425790075410e-01 7.311218845661024979e-01 1.441906799999999933e+00
7.178944850423378821e-01 9.744567950336971429e-04 6.961512470575279554e-01 6.614271999999999929e-01 7.200416365701559074e-02 9.945316484810178270e-01 -7.564522843962398491e-02 -8.073879999999999946e-02 -6.924181603351045045e-01 1.044310806397396041e-01 7.138986206980413307e-01 1.515567499999999956e+00
7.048232456532078638e-01 -4.940384166075909023e-04 7.093827939222382417e-01 7.351556000000000202e-01 7.808294002302743064e-02 9.939774460997586880e-01 -7.688882313029316018e-02 -8.991820000000000368e-02 -7.050725117775037409e-01 1.095837240243464350e-01 7.006169856381714300e-01 1.587605500000000003e+00
7.017664165767885098e-01 3.408464273546928103e-03 7.123989605103795419e-01 8.080962000000000423e-01 7.853309937766314586e-02 9.935239109565784377e-01 -8.211449725646996489e-02 -9.904019999999999491e-02 -7.080652857379123866e-01 1.135720948509830186e-01 6.969540375118346009e-01 1.660318900000000042e+00
7.095015470245459310e-01 2.279029767074607082e-03 7.047001921335744878e-01 8.845899999999999874e-01 7.779688506451695740e-02 9.936291115371892468e-01 -8.154037883205091097e-02 -1.089384000000000047e-01 -7.003964587603468406e-01 1.126765047786663781e-01 7.048040903874130958e-01 1.736861599999999894e+00
7.211546634780161558e-01 3.514470053682931805e-03 6.927651837701944704e-01 9.619697000000000386e-01 7.416873953209060510e-02 9.938480391097570532e-01 -8.225006525171696392e-02 -1.193796000000000024e-01 -6.887923848447587982e-01 1.106965385995992424e-01 7.164574843784781155e-01 1.817305299999999901e+00
7.301711873931614472e-01 7.636259074486183990e-03 6.832215780024868401e-01 1.043764399999999926e+00 6.709123825285828735e-02 9.943040159566484126e-01 -8.281479096260060957e-02 -1.303908000000000011e-01 -6.799623539951009654e-01 1.063071559201371752e-01 7.254998178839280332e-01 1.904264900000000038e+00
7.312150087098677753e-01 1.180562811744157586e-02 6.820448945503373439e-01 1.127164199999999949e+00 5.945144257119055337e-02 9.949427908281167632e-01 -8.095905727812503783e-02 -1.418150999999999995e-01 -6.795514233769454071e-01 9.974703065209998554e-02 7.268152398391605207e-01 1.993888600000000011e+00
7.299705525645237003e-01 1.145315138730864865e-02 6.833826290680378168e-01 1.210685400000000023e+00 5.856864593001595565e-02 9.951335777158439866e-01 -7.923936027246025748e-02 -1.530854000000000104e-01 -6.809645410023699164e-01 9.786719483955652610e-02 7.257474120323598177e-01 2.084152899999999864e+00
7.297198662270096836e-01 9.418266312528303374e-03 6.836813681045443847e-01 1.298381100000000066e+00 5.948888499663626539e-02 9.952388932502503893e-01 -7.720503820265701977e-02 -1.653679999999999872e-01 -6.811534257386453461e-01 9.700949243080823903e-02 7.256853098849560535e-01 2.177476200000000084e+00
7.296078987686990258e-01 1.056226961445700524e-02 6.837841417544833211e-01 1.387644799999999901e+00 5.692645020112611226e-02 9.954724480759359340e-01 -7.611822639290527492e-02 -1.775609999999999966e-01 -6.814922547775744688e-01 9.446186311043408557e-02 7.257032886075982514e-01 2.272510099999999866e+00
7.301908602754169086e-01 1.186904199863027601e-02 6.831401272156991666e-01 1.477243700000000048e+00 5.465140748828416217e-02 9.956307762646718906e-01 -7.571380993026549655e-02 -1.892349999999999866e-01 -6.810539855472519388e-01 9.262010147177340835e-02 7.263518331866190003e-01 2.367892499999999956e+00
7.330287756846245451e-01 8.066549167846562285e-03 6.801497958559004076e-01 1.566483099999999906e+00 5.546772629248498954e-02 9.958905614841269127e-01 -7.159134645173431677e-02 -2.013147000000000131e-01 -6.779322572043922079e-01 9.020487975355323540e-02 7.295690058592159133e-01 2.463557699999999961e+00
7.365238842654603380e-01 7.309857435425816397e-03 6.763720380757860529e-01 1.654337799999999969e+00 5.467288944733943862e-02 9.960265246724693267e-01 -7.029962523628335846e-02 -2.121200000000000030e-01 -6.741983707085013044e-01 8.875656670442269580e-02 7.331976737557517332e-01 2.559699100000000005e+00
7.389506126200017233e-01 6.999480483771955419e-03 6.737232364862306699e-01 1.740812199999999921e+00 5.528703927807729346e-02 9.959438801050111145e-01 -7.098683659129798040e-02 -2.238272000000000039e-01 -6.714874052403281279e-01 8.970392942526317359e-02 7.355663597863071335e-01 2.653985000000000039e+00
7.359969673812787327e-01 1.157273185760871251e-02 6.768859105365636619e-01 1.826890300000000078e+00 5.367741971526414357e-02 9.957084376322458130e-01 -7.538860550947527883e-02 -2.359854000000000118e-01 -6.748534645523220910e-01 9.181927414929723363e-02 7.322171961081109792e-01 2.748674600000000190e+00
7.281105968917773730e-01 1.153502019336026183e-02 6.853626062188094004e-01 1.914313799999999954e+00 5.358769024086081079e-02 9.958403738227356028e-01 -7.369063250674250110e-02 -2.483898999999999968e-01 -6.833617769150901466e-01 9.038192946453950383e-02 7.244637939039587637e-01 2.842017199999999910e+00
7.196503092194818096e-01 1.003356976395562011e-02 6.942641859682061600e-01 2.002695600000000020e+00 5.231283012677521299e-02 9.962701106125416706e-01 -6.862386249841286034e-02 -2.603335999999999983e-01 -6.923631996607209071e-01 8.570410829047665768e-02 7.164412087378160265e-01 2.934256799999999998e+00
7.156253215882925067e-01 1.040781926120840431e-02 6.984068129678282499e-01 2.047129200000000093e+00 5.454367648655612799e-02 9.960030643326526212e-01 -7.073106244992921621e-02 -2.662030000000000229e-01 -6.963514819808909184e-01 8.871061457453613408e-02 7.121973324892654222e-01 2.979344600000000121e+00
7.114887031428063224e-01 1.204846799894797663e-02 7.025942354723997418e-01 2.091081899999999827e+00 5.477243973732108528e-02 9.958601496840716605e-01 -7.254338092782766645e-02 -2.713877000000000095e-01 -7.005596371083542273e-01 9.009659644013587321e-02 7.078833224229216237e-01 3.023915300000000084e+00
7.073468768586672617e-01 1.419830259126214286e-02 7.067239942168486166e-01 2.134581799999999863e+00 5.419218256042544757e-02 9.957664673715727055e-01 -7.424520056997732653e-02 -2.768764000000000225e-01 -7.047862109516807028e-01 9.081602645935132889e-02 7.035828637697960630e-01 3.068115500000000218e+00
7.042285057722166286e-01 1.574924857230782307e-02 7.097986847178844316e-01 2.178233099999999922e+00 5.329597895103405092e-02 9.957603819097490261e-01 -7.497199774983775988e-02 -2.827086999999999795e-01 -7.079701620022428310e-01 9.062683371032226320e-02 7.004034742390701229e-01 3.111595400000000122e+00
7.015599200894540033e-01 1.412070495255024483e-02 7.124705497181774705e-01 2.222938800000000104e+00 5.429769595678413108e-02 9.958378749145937459e-01 -7.320305389374597016e-02 -2.885478000000000209e-01 -7.105388368962414214e-01 9.004183792676086207e-02 6.978732182029250275e-01 3.155273199999999889e+00
6.995479446892282072e-01 7.630835583976935260e-03 7.145449205119066560e-01 2.267535899999999938e+00 5.532390775698398100e-02 9.963632912433038058e-01 -6.480321823264684200e-02 -2.935912999999999995e-01 -7.124408314460740632e-01 8.486437539451777146e-02 6.965817249090913155e-01 3.198695700000000031e+00
6.977225227942475128e-01 1.187422332136506276e-03 7.163671343758282184e-01 2.311594200000000043e+00 5.443178706757097196e-02 9.970198691559865045e-01 -5.466773330594879021e-02 -2.985828999999999844e-01 -7.142971802704118911e-01 7.713605211822077701e-02 6.955785848639632896e-01 3.241799400000000109e+00
6.959226425986729803e-01 -1.666893895671404252e-03 7.181148215872029672e-01 2.355671200000000187e+00 5.621848005771612478e-02 9.970547181028082129e-01 -5.216676728464035573e-02 -3.034198000000000173e-01 -7.159128145371332907e-01 7.667535832110745908e-02 6.939666644788131666e-01 3.285148599999999863e+00
6.947569040027227194e-01 2.815564041963765363e-03 7.192391236158367507e-01 2.398641099999999859e+00 5.564494917627486881e-02 9.967847221650367739e-01 -5.765290356556356660e-02 -3.076247999999999760e-01 -7.170888954458304321e-01 8.007677726717020439e-02 6.923663956105775563e-01 3.327488199999999896e+00
6.936382794019578801e-01 2.683929250891180923e-03 7.203184947452534459e-01 2.487313299999999838e+00 6.371097895829637425e-02 9.958453118840688845e-01 -6.506170885165153683e-02 -3.171483999999999970e-01 -7.175004170789498481e-01 9.102148824479726341e-02 6.905854329257425928e-01 3.410916299999999790e+00
6.938386867541492808e-01 1.574973548379432486e-05 7.201304579832904507e-01 2.531191300000000144e+00 6.695401525152060163e-02 9.956670471863836580e-01 -6.453131789175589605e-02 -3.220056000000000029e-01 -7.170111830403881337e-01 9.298995052742817236e-02 6.908312619561521872e-01 3.452342699999999986e+00
6.943124723899297690e-01 -1.180085246564183121e-03 7.196727020546171971e-01 2.575253700000000201e+00 6.538016853495387526e-02 9.959669551862123660e-01 -6.144312605529057142e-02 -3.267547000000000090e-01 -7.166977216694105923e-01 8.971305131315143733e-02 6.915894332463154992e-01 3.494593899999999920e+00
6.951495226465702615e-01 -5.847521547274466686e-03 7.188413925588870157e-01 2.661175300000000021e+00 6.093022556149579883e-02 9.968478022817874873e-01 -5.081305638313460965e-02 -3.356822999999999890e-01 -7.162783319194228060e-01 7.912184008050200668e-02 6.933145647143184043e-01 3.578926800000000075e+00
6.959074209216726814e-01 -6.765833802682696962e-05 7.181315039242429643e-01 2.703853099999999898e+00 5.156947104529116532e-02 9.974229883740486358e-01 -4.987957416709994790e-02 -3.396986000000000172e-01 -7.162774959205785441e-01 7.174522761363047452e-02 6.941175485120756328e-01 3.621222299999999894e+00
6.989862002244143779e-01 -1.278968723170612054e-04 7.151351449469010024e-01 2.788531299999999824e+00 4.836462681927911761e-02 9.977189055389009686e-01 -4.709403786987752250e-02 -3.478480999999999934e-01 -7.134978309486770254e-01 6.750532699459829700e-02 6.973979323591987800e-01 3.705024499999999943e+00
7.062114117910546218e-01 -2.126718304551970112e-03 7.079978240964718283e-01 2.872888999999999804e+00 5.446419821370940273e-02 9.971954389990332901e-01 -5.133135058093701159e-02 -3.558262999999999843e-01 -7.059030336873636235e-01 7.481131938937030101e-02 7.043466288143915843e-01 3.787711600000000178e+00
7.125379730504027842e-01 -6.219687833699166779e-03 7.016059809070007702e-01 2.914991099999999946e+00 5.927353244842162305e-02 9.969196822623904719e-01 -5.135947302046928870e-02 -3.598358999999999863e-01 -6.991253716697094500e-01 7.818223967823982601e-02 7.107117925619251819e-01 3.829689999999999817e+00
7.269228357930365148e-01 -1.034666815562701458e-02 6.866411997984734894e-01 2.995636900000000047e+00 6.348175738942521407e-02 9.966175008577448091e-01 -5.218834604404520155e-02 -3.681704000000000088e-01 -6.837786610310093716e-01 8.152609056087618822e-02 7.251208446021253362e-01 3.913917999999999786e+00
7.354591915287558290e-01 -9.746799050464518416e-03 6.774989132863157293e-01 3.035023900000000108e+00 6.085115408371821744e-02 9.968061701692740861e-01 -5.171649793966954373e-02 -3.718917999999999946e-01 -6.748310267337657153e-01 7.926196452734518560e-02 7.337033639944126051e-01 3.957340499999999928e+00
7.527332941542516087e-01 -1.290856081331754474e-02 6.581990253178878758e-01 3.111829999999999874e+00 5.953226046265928245e-02 9.970460791061036554e-01 -4.852861118300624138e-02 -3.799327000000000121e-01 -6.556283229360174714e-01 7.571317716800812780e-02 7.512782553536543340e-01 4.044663899999999757e+00
7.700839843949204289e-01 -1.466138498950729160e-02 6.377740201424273447e-01 3.186072100000000074e+00 6.018032347703033969e-02 9.969471275039450964e-01 -4.974689566025692483e-02 -3.874057000000000195e-01 -6.350976189883283940e-01 7.669073445874638462e-02 7.686153430705986445e-01 4.133703200000000244e+00
7.865342934300042499e-01 -9.401928882289849188e-03 6.174750270187906454e-01 3.257446799999999865e+00 6.261958997969535590e-02 9.959446146955104329e-01 -6.459962391365769996e-02 -3.960107999999999961e-01 -6.143635667984704840e-01 8.947585256539075660e-02 7.839333387465784453e-01 4.223436799999999991e+00
7.949663483638932382e-01 -7.208208930016616472e-03 6.066107044002755355e-01 3.292387000000000175e+00 6.244163089048895832e-02 9.955908217874964716e-01 -6.999970217246234694e-02 -4.008316000000000101e-01 -6.034314772206643696e-01 9.352516932098398073e-02 7.919112923824033201e-01 4.269086399999999948e+00
8.102851925192833260e-01 -1.101469504734697846e-02 5.859322343727146887e-01 3.359503500000000198e+00 6.008549294933562823e-02 9.961157927836976622e-01 -6.436661327070697380e-02 -4.108746999999999816e-01 -5.829473735432926240e-01 8.736134076305929197e-02 8.077997003088435157e-01 4.361659500000000023e+00
8.208169920109307238e-01 1.253851761584438146e-03 5.711898926643291796e-01 3.424207700000000187e+00 4.998518300117028856e-02 9.960035270138682950e-01 -7.401659041238038694e-02 -4.210034999999999750e-01 -5.689999535206197168e-01 8.930510641444046327e-02 8.174739450660419848e-01 4.455401400000000400e+00
8.261883135761357577e-01 1.500770693351669537e-02 5.631941399222992750e-01 3.487707100000000171e+00 4.025335572444172644e-02 9.955179518917336434e-01 -8.557847167488680240e-02 -4.313688999999999996e-01 -5.619542133155888131e-01 9.337438724771116028e-02 8.218811872423971154e-01 4.549534300000000364e+00
8.312254182425988791e-01 1.705590105254247910e-02 5.556738254648156961e-01 3.549517900000000115e+00 3.722573549285994321e-02 9.955783439030556625e-01 -8.624387380135818681e-02 -4.427176999999999918e-01 -5.546877938844807510e-01 9.237346691845473023e-02 8.269151068429170248e-01 4.643074499999999993e+00
8.342948753083482272e-01 1.713336078359075504e-02 5.510521835384439848e-01 3.580059799999999903e+00 3.425793246712932616e-02 9.959743961525359124e-01 -8.283354556982963635e-02 -4.484065999999999885e-01 -5.502530827694699367e-01 8.798551106205357297e-02 8.303493811317281814e-01 4.690654799999999902e+00
8.409939504913612751e-01 1.441675571581035702e-02 5.408524127630053302e-01 3.640791699999999853e+00 3.223971477747094444e-02 9.965332998659753860e-01 -7.669408744679902246e-02 -4.594604999999999939e-01 -5.400831195547598496e-01 8.193619110539972217e-02 8.376136845581849677e-01 4.785012700000000230e+00
8.476796895475158244e-01 2.894356644326573358e-02 5.297182400957810566e-01 3.699021300000000068e+00 1.631074524853282082e-02 9.966166300600585171e-01 -8.055589535949542190e-02 -4.701255999999999768e-01 -5.302575822353366997e-01 7.692569563726267545e-02 8.443395844283616558e-01 4.881206999999999852e+00
8.552940227436347520e-01 2.850935793143245106e-02 5.173580492940533793e-01 3.756399899999999903e+00 1.961912364496270350e-02 9.959872088525242306e-01 -8.731878257031523705e-02 -4.811501000000000250e-01 -5.177714019202049878e-01 8.483334434345844721e-02 8.513025778423849443e-01 4.975668399999999991e+00
8.627480128896364286e-01 2.609619376670766627e-02 5.049602508375031773e-01 3.813376199999999994e+00 1.704236780674896201e-02 9.965990732079840209e-01 -8.062161608729191686e-02 -4.928154000000000146e-01 -5.053468353067259722e-01 7.816185739782320618e-02 8.593691291253131581e-01 5.072638999999999676e+00
8.664001081279273375e-01 2.536984918310915965e-02 4.987055477817968763e-01 3.841347499999999915e+00 1.609476203611818340e-02 9.967708971870427037e-01 -7.866852709907980190e-02 -4.979024000000000227e-01 -4.990909849625783101e-01 7.618496750254750982e-02 8.631940914161305711e-01 5.122223400000000204e+00
8.730367694558731628e-01 2.976510839114263757e-02 4.867451463553758018e-01 3.895500399999999974e+00 1.364502745135652041e-02 9.962536296048846163e-01 -8.539624537967123452e-02 -5.089268999999999599e-01 -4.874634472490264603e-01 8.119571307376284575e-02 8.693599046278466247e-01 5.219467200000000418e+00
8.763289205649076319e-01 3.131649057680566117e-02 4.806941859430967634e-01 3.921512400000000120e+00 1.176283101163081747e-02 9.961958656125042832e-01 -8.634485012521017633e-02 -5.148298000000000041e-01 -4.815695783457832890e-01 8.132081378408625993e-02 8.726268769968974492e-01 5.267854200000000375e+00
8.839783312820408412e-01 2.608672755706301430e-02 4.667995206394089380e-01 3.973421599999999998e+00 1.516303001480607052e-02 9.963172006503612232e-01 -8.439264309759364480e-02 -5.264046999999999477e-01 -4.672819195566937922e-01 8.167936296024411180e-02 8.803272626255648214e-01 5.362913599999999725e+00
8.877817754717363119e-01 2.437044320718236359e-02 4.596189733226176966e-01 3.999282599999999910e+00 1.666097365939599520e-02 9.962411727661942829e-01 -8.500551536317325907e-02 -5.319867000000000345e-01 -4.599629670929743508e-01 8.312404696189466813e-02 8.840387218440740602e-01 5.412142300000000184e+00
8.938818628474920480e-01 2.871187031595456851e-02 4.473822121802087382e-01 4.048228700000000124e+00 1.094085080273340428e-02 9.962525549117681178e-01 -8.579711309529561292e-02 -5.430682000000000009e-01 -4.481690674912870986e-01 8.158722531582027204e-02 8.902179573617102770e-01 5.510756999999999906e+00
8.983920801178628679e-01 2.884673036937944121e-02 4.382459771960214301e-01 4.095512399999999609e+00 9.141353827192905818e-03 9.963963325121268921e-01 -8.432546594350479041e-02 -5.543150999999999495e-01 -4.390991983956534783e-01 7.976349229678603159e-02 8.948908756183153734e-01 5.610104100000000038e+00
9.029041864356598390e-01 2.674776734636236455e-02 4.290088426349089601e-01 4.144060600000000427e+00 1.103016100418309844e-02 9.962916016920578821e-01 -8.533100225648204695e-02 -5.657276999999999445e-01 -4.297003207645777034e-01 8.177775577660967299e-02 8.992608258981151792e-01 5.710368199999999561e+00
9.075831392945094001e-01 1.272564031932875948e-02 4.196795245741521407e-01 4.190496399999999788e+00 2.335669987949327148e-02 9.964626856496735519e-01 -8.072534099388577189e-02 -5.764839999999999964e-01 -4.192222678234811539e-01 8.306728710089748835e-02 9.040755034700556081e-01 5.810378100000000323e+00
9.115259694554314063e-01 1.291372333933897901e-02 4.110397094659479778e-01 4.236316699999999713e+00 2.248485046063021173e-02 9.964467627640740677e-01 -8.116822331898203291e-02 -5.877134000000000524e-01 -4.106273718447163712e-01 8.322910985053279254e-02 9.079967383010738580e-01 5.910666499999999601e+00
9.129615942132344175e-01 1.524814281916231536e-02 4.077604954286228600e-01 4.258145800000000314e+00 2.069616962342762240e-02 9.962849607369494986e-01 -8.359393262847163164e-02 -5.926023000000000263e-01 -4.075203014017189651e-01 8.475713037816683115e-02 9.092543278948473917e-01 5.960430599999999579e+00
9.136775365702505258e-01 1.765336301484644529e-02 4.060562989798145450e-01 4.279862399999999845e+00 1.787461165843210950e-02 9.963444066577955560e-01 -8.353634885357169582e-02 -5.980731000000000241e-01 -4.060466197679506450e-01 8.358338409032883831e-02 9.100219560422868614e-01 6.010394599999999699e+00
9.139536129495732242e-01 1.727204193443846597e-02 4.054509464088555393e-01 4.301385400000000025e+00 1.773842923361435703e-02 9.964387136515980847e-01 -8.243323398164474625e-02 -6.034859000000000195e-01 -4.054308097625854423e-01 8.253221494521718882e-02 9.103923835311291679e-01 6.060195000000000221e+00
9.144424868366433090e-01 1.387157514232338282e-02 4.044780805817373426e-01 4.323829700000000109e+00 1.918481235380578229e-02 9.968032156898916085e-01 -7.755831461062577536e-02 -6.088008000000000308e-01 -4.042609073889840698e-01 7.868245416458756469e-02 9.112530878760701780e-01 6.110714899999999616e+00
9.148271189925617497e-01 1.323082791675335088e-02 4.036288983068563874e-01 4.345807999999999893e+00 1.766828865886874156e-02 9.971949363121215271e-01 -7.273300880158176107e-02 -6.139274000000000120e-01 -4.034590114641588010e-01 7.366956078395839325e-02 9.120272045735601241e-01 6.160920599999999858e+00
9.152723253174387397e-01 1.201632808935768418e-02 4.026564023671515558e-01 4.367521799999999566e+00 1.799135727203690985e-02 9.973382595701522080e-01 -7.065909043491469532e-02 -6.190288000000000457e-01 -4.024336983547954216e-01 7.191664520004004135e-02 9.126199179130669581e-01 6.210037200000000368e+00
9.158781270812842434e-01 1.321244708395315215e-02 4.012389407524308838e-01 4.388857400000000020e+00 1.860265366606900922e-02 9.969879295098129646e-01 -7.529282627393250882e-02 -6.240166000000000324e-01 -4.010251832624221469e-01 7.642316176258366622e-02 9.128736510249108038e-01 6.258756199999999659e+00
9.160161724212670942e-01 1.426690450205895730e-02 4.008875494432579956e-01 4.410526800000000414e+00 1.900403071795163032e-02 9.967018081476550773e-01 -7.889456541274537937e-02 -6.290607000000000282e-01 -4.006909266244528256e-01 7.988717713828634437e-02 9.127238466533639238e-01 6.307929999999999815e+00
9.161402269797844777e-01 1.963647369713936164e-02 4.003766893940887694e-01 4.452207099999999862e+00 1.264952412739657472e-02 9.968858581195214619e-01 -7.783685130229676952e-02 -6.392474000000000212e-01 -4.006583008609450047e-01 7.637404521201558716e-02 9.130388442827466200e-01 6.405311099999999591e+00
9.161913937894576865e-01 1.718639473012341379e-02 4.003722739929816421e-01 4.473102599999999818e+00 1.539975827312410443e-02 9.968320601431733818e-01 -7.803006674254532593e-02 -6.439527000000000445e-01 -4.004449742364862286e-01 7.765611184508995624e-02 9.130242882321601972e-01 6.453617999999999633e+00
9.162324892710229651e-01 2.787222018725675488e-02 3.996763252258732635e-01 4.513761999999999830e+00 6.053636841593773230e-03 9.965002329235043144e-01 -8.337049396754142583e-02 -6.542670000000000430e-01 -4.006012719465765759e-01 7.880625054673542906e-02 9.128571606716738840e-01 6.550189999999999735e+00
9.162062392673706590e-01 3.519634582102493248e-02 3.991582948760910576e-01 4.533947900000000253e+00 -8.276756063602605518e-04 9.962990841282496346e-01 -8.595027584773511087e-02 -6.595423000000000258e-01 -4.007061792393926125e-01 7.841780541470121102e-02 9.128445682115383653e-01 6.598507900000000426e+00
9.164920261722518946e-01 3.339832178063763951e-02 3.986563909746303480e-01 4.554759500000000294e+00 2.419458627056640318e-03 9.960280906713939730e-01 -8.900667847666961230e-02 -6.650411000000000517e-01 -4.000456376247993884e-01 8.253844374431994202e-02 9.127709970861439537e-01 6.646107699999999952e+00
9.166917943099974764e-01 3.235174303930508227e-02 3.982832145183072825e-01 4.575173900000000238e+00 3.798787445614347155e-03 9.959666556389357162e-01 -8.964368393443375438e-02 -6.706269000000000258e-01 -3.995769305886668343e-01 8.368862274952545977e-02 9.128715632352819576e-01 6.693422799999999562e+00
9.173369189935219881e-01 3.347177516231385208e-02 3.967021771038772848e-01 4.595322600000000257e+00 2.963615671894804723e-03 9.958575649485914560e-01 -9.087864059728940902e-02 -6.762337999999999960e-01 -3.981007335256013246e-01 8.454200495697690443e-02 9.134377129088949721e-01 6.740659199999999629e+00
9.182479520059108058e-01 2.465026416902122916e-02 3.952379828829054587e-01 4.616049300000000244e+00 1.143731250470664609e-02 9.959935794627119421e-01 -8.869034644043435889e-02 -6.816824999999999690e-01 -3.958407337801658210e-01 8.596018930558527171e-02 9.142871317780469909e-01 6.787584800000000307e+00
9.199041199727477913e-01 1.743973497807050493e-02 3.917553646104404708e-01 4.636952400000000196e+00 1.710654449301930030e-02 9.962749323649834343e-01 -8.451996969152307526e-02 -6.872291999999999845e-01 -3.917700552526607316e-01 8.445184891429134699e-02 9.161790813057700822e-01 6.834226600000000040e+00
9.205739600420960178e-01 1.202531112173206920e-02 3.903831143695113415e-01 4.656846999999999959e+00 2.036019056469093660e-02 9.966893154173716018e-01 -7.871385629621169278e-02 -6.926227000000000356e-01 -3.900372376230030191e-01 8.041020100258886028e-02 9.172813923993772267e-01 6.880901299999999665e+00
9.221679281535759554e-01 8.889391993874454917e-03 3.866875883641993084e-01 4.676564700000000130e+00 2.317176850758194059e-02 9.966705784275748936e-01 -7.817178033711627561e-02 -6.977235000000000520e-01 -3.860950419639861964e-01 8.104774399588532408e-02 9.188916594267275695e-01 6.927561299999999811e+00
9.242323035206775339e-01 1.066919834129412617e-02 3.816815653599429092e-01 4.695787000000000155e+00 2.285559960255210618e-02 9.962713073771576333e-01 -8.319317077631330215e-02 -7.029132000000000158e-01 -3.811459965625639823e-01 8.561337689732334555e-02 9.205422744233785481e-01 6.973654699999999984e+00
9.266707827929512309e-01 9.428305343033602931e-03 3.757557283345890897e-01 4.714326899999999654e+00 2.476772008939892925e-02 9.959810348541349168e-01 -8.607170413358737615e-02 -7.080568999999999891e-01 -3.750570894670199329e-01 8.906674614717403904e-02 9.227130075875611404e-01 7.019775899999999957e+00
9.299102103187100177e-01 1.030018720034580303e-02 3.676423627503368485e-01 4.732879200000000175e+00 2.345530927903621138e-02 9.959120394935929710e-01 -8.722991492794654467e-02 -7.127790000000000514e-01 -3.670379397441593805e-01 8.973915385911473974e-02 9.258671800280064978e-01 7.066791099999999659e+00
9.333581562349733129e-01 6.447744347626438097e-03 3.588885325313123098e-01 4.750439199999999751e+00 2.492677371999826863e-02 9.962605803760641310e-01 -8.272552170074269628e-02 -7.179098000000000424e-01 -3.580798907249095886e-01 8.615847364929173080e-02 9.297072169650298923e-01 7.113460500000000408e+00
9.375153589387413833e-01 1.868055320494931351e-03 3.479388769931903713e-01 4.767445999999999628e+00 2.807097868867328150e-02 9.963198778191221239e-01 -8.098593222251404544e-02 -7.230779999999999985e-01 -3.468097056159514802e-01 8.569254011761559542e-02 9.340127497303063464e-01 7.159633600000000264e+00
9.423709194765819142e-01 -2.685146614522938846e-03 3.345591728118061936e-01 4.784817699999999618e+00 3.244412816129243343e-02 9.959884130154282866e-01 -8.339340313755166934e-02 -7.281746000000000052e-01 -3.329931360744769475e-01 8.944199867325805520e-02 9.386776338022643218e-01 7.206753299999999918e+00
9.471070327590813687e-01 -2.547808083518615999e-03 3.209077393461522987e-01 4.800663000000000125e+00 3.138197846473107788e-02 9.959111740869761586e-01 -8.471189264996911716e-02 -7.331528000000000489e-01 -3.193797738209601111e-01 9.030194905244456893e-02 9.433144322395381476e-01 7.253350700000000373e+00
9.514719852892307150e-01 -4.959639415003434457e-03 3.076954065088447487e-01 4.815741499999999675e+00 3.263707496058620289e-02 9.958573549244499334e-01 -8.487019489134742245e-02 -7.381923999999999708e-01 -3.059998080845593993e-01 9.079389087241146461e-02 9.476922426782132813e-01 7.299892400000000059e+00
9.555208804635771935e-01 -4.704151528715568020e-03 2.948859405880604467e-01 4.829604599999999692e+00 3.175338144767084897e-02 9.957015295449086478e-01 -8.700682058648126493e-02 -7.432484999999999786e-01 -2.932090888167502851e-01 9.250045956817895543e-02 9.515629749075604771e-01 7.345956300000000105e+00
9.594574218144518163e-01 -9.753488089434565050e-04 2.818519193120142541e-01 4.842217899999999631e+00 2.847319665340625194e-02 9.952137228425728122e-01 -9.348220653238333011e-02 -7.488491000000000453e-01 -2.804117201500353485e-01 9.771742199079756774e-02 9.548929639713399364e-01 7.391249700000000367e+00
9.629950274102321295e-01 8.326414339193267955e-03 2.693905120961357924e-01 4.854114100000000320e+00 2.038596218229466947e-02 9.944091029009611837e-01 -1.036095971115014586e-01 -7.540215000000000112e-01 -2.687470738986161289e-01 1.052673116022142669e-01 9.574412793372626407e-01 7.436977399999999960e+00
9.666629727871988154e-01 1.324751228730081110e-02 2.557092107461390040e-01 4.865540000000000198e+00 1.594669730498225746e-02 9.936073369311051451e-01 -1.117593971070919567e-01 -7.595570000000000377e-01 -2.555550819046234490e-01 1.121113884263111593e-01 9.602721680325042586e-01 7.482505299999999693e+00
9.699496041492632337e-01 1.348765809987919478e-02 2.429317774389924689e-01 4.876953600000000222e+00 1.439921974245641362e-02 9.935300901275609942e-01 -1.126526630041605886e-01 -7.652377999999999680e-01 -2.428794513364517793e-01 1.127654339330154826e-01 9.634799058768184210e-01 7.528474300000000063e+00
9.728304824647669991e-01 1.562720314076672043e-02 2.309905688753672581e-01 4.887587100000000184e+00 9.889371883354227538e-03 9.940038437665401627e-01 -1.088970105241474362e-01 -7.711750000000000549e-01 -2.313072690408178589e-01 1.082226829243332078e-01 9.668426956798804595e-01 7.574269300000000094e+00
9.751558625953130610e-01 1.828034935513462092e-02 2.207642916629524721e-01 4.897098100000000009e+00 5.511387153295622260e-03 9.942785751436676867e-01 -1.066758624147208928e-01 -7.773086999999999636e-01 -2.214512773899428577e-01 1.052423101121036791e-01 9.694758315216684963e-01 7.619915500000000286e+00
9.771032428294733618e-01 2.282926036799944741e-02 2.115374144759672725e-01 4.906393999999999700e+00 1.314088234366461716e-03 9.935604605336220141e-01 -1.132955622975992671e-01 -7.833423999999999943e-01 -2.127616648370645180e-01 1.109794401466640545e-01 9.707811482720982710e-01 7.665064799999999678e+00
9.784157277499018202e-01 2.779555467750939243e-02 2.047683345436970836e-01 4.915236900000000020e+00 -2.847944066053199191e-03 9.926321497185642828e-01 -1.211334163626964916e-01 -7.891755999999999771e-01 -2.066266026101830078e-01 1.179356709620602434e-01 9.712860673398451272e-01 7.710037699999999994e+00
9.790036855354521395e-01 3.051551034686031394e-02 2.015454969387114048e-01 4.924097999999999864e+00 -5.360086529566307489e-03 9.922431549499119985e-01 -1.241965817864581212e-01 -7.949205000000000298e-01 -2.037720618249641846e-01 1.205086099966117819e-01 9.715732714192416575e-01 7.755229500000000442e+00
9.789944577906155576e-01 3.138734784074365125e-02 2.014564121858197498e-01 4.933413500000000340e+00 -7.283646980132008064e-03 9.928327367578093643e-01 -1.192900050660875150e-01 -8.012816999999999856e-01 -2.037567179307900600e-01 1.153169164412686382e-01 9.722063611602991262e-01 7.800991999999999926e+00
9.785986367661803076e-01 3.226627280390200608e-02 2.032328609224345328e-01 4.942727600000000443e+00 -8.844615521646935832e-03 9.933127830153667404e-01 -1.151151070648029212e-01 -8.078883999999999510e-01 -2.055881341314417798e-01 1.108539703285857519e-01 9.723399181185257145e-01 7.846689200000000142e+00
9.774013386901140299e-01 2.889563221756613273e-02 2.094078927966188941e-01 4.961322799999999589e+00 -5.243631576598063032e-03 9.936228280640296839e-01 -1.126329431291248767e-01 -8.195421000000000511e-01 -2.113270627597468587e-01 1.089895315559569061e-01 9.713198003523613178e-01 7.935526399999999647e+00
9.757829041286336658e-01 2.769872824738879927e-02 2.169804241487395258e-01 4.981657000000000224e+00 -3.522594896782558355e-03 9.938114867166205624e-01 -1.110239622572231910e-01 -8.316375999999999769e-01 -2.187128604711729429e-01 1.075709501844130112e-01 9.698418300635107681e-01 8.025009199999999510e+00
9.746020414817303523e-01 2.911863844999090789e-02 2.220427112842536244e-01 4.991933799999999977e+00 -4.281154077501410360e-03 9.937519176165557910e-01 -1.115293591534662482e-01 -8.369543000000000399e-01 -2.239029532172552295e-01 1.077461420573232603e-01 9.686373090132109898e-01 8.069562899999999317e+00
9.732381967147017976e-01 3.049405334730271103e-02 2.277663828706230631e-01 5.002345599999999948e+00 -5.489886023242542684e-03 9.939588359401455575e-01 -1.096161192889192892e-01 -8.426690999999999487e-01 -2.297330485737026362e-01 1.054321827857254978e-01 9.675261139762947327e-01 8.114216799999999452e+00
9.705441285275088203e-01 2.950241133914572461e-02 2.391102304502137899e-01 5.023281599999999791e+00 -3.884707615048802951e-03 9.942613148012584556e-01 -1.069081238092713937e-01 -8.540613999999999706e-01 -2.408920995539788890e-01 1.028301785219143116e-01 9.650890895443938744e-01 8.201252000000000209e+00
9.682175626837323801e-01 3.240984487129574404e-02 2.480007122292015309e-01 5.044894199999999884e+00 -5.004234482877727153e-03 9.938804401993308613e-01 -1.103477604051144728e-01 -8.654891000000000112e-01 -2.500594108367310553e-01 1.055995859111327900e-01 9.624546838721208530e-01 8.287617700000000198e+00
9.673339119388653096e-01 3.059916256142811847e-02 2.516521290662787069e-01 5.067620800000000258e+00 -1.728364066018032649e-03 9.934615226164954516e-01 -1.141543509384108923e-01 -8.766211000000000420e-01 -2.534997348533268302e-01 1.099904283610800004e-01 9.610619075263774347e-01 8.373562800000000195e+00
