1.000000000000000000e+00 0.000000000000000000e+00 0.000000000000000000e+00 0.000000000000000000e+00 0.000000000000000000e+00 1.000000000000000000e+00 0.000000000000000000e+00 0.000000000000000000e+00 0.000000000000000000e+00 0.000000000000000000e+00 1.000000000000000000e+00 0.000000000000000000e+00
9.994650296318438043e-01 6.321194492603684871e-04 3.269946433841788153e-02 2.589600000000000062e-03 -5.725189467346320383e-04 9.999981579861174641e-01 -1.832006121099195948e-03 -1.315100000000000036e-03 -3.270056215225092960e-02 1.812304989228309335e-03 9.994635505037453571e-01 6.594650000000000512e-02
9.978549821199953485e-01 1.575375935572632339e-03 6.544427285076503953e-02 6.806900000000000277e-03 -1.241503258344279267e-03 9.999860092152874635e-01 -5.141988267443877055e-03 -2.521300000000000190e-03 -6.545145779861044621e-02 5.049709332687239184e-03 9.978429771801233805e-01 1.319135999999999920e-01
9.952170007769033377e-01 -1.767031502462245492e-03 9.767291827469068433e-02 1.386569999999999990e-02 2.661217305778891800e-03 9.999557292181584511e-01 -9.025382331646718964e-03 -4.300799999999999589e-03 -9.765264608333212859e-02 9.242142795384836185e-03 9.951776441969911735e-01 1.971832000000000029e-01
9.916238755382198455e-01 -8.049407368994888207e-03 1.289080932430899107e-01 2.357220000000000149e-02 9.946302304845944242e-03 9.998514282280676069e-01 -1.407808725480680541e-02 -6.025400000000000200e-03 -1.287756208799701596e-01 1.524232630871378245e-02 9.915566100610074818e-01 2.626648999999999790e-01
9.870891602371494322e-01 -1.410768894976000692e-02 1.595492489948347470e-01 3.514599999999999669e-02 1.729966425409219105e-02 9.996766788933055814e-01 -1.863489451396213234e-02 -8.239200000000000343e-03 -1.592347680596629123e-01 2.115445081649794043e-02 9.870140717596875835e-01 3.276409000000000127e-01
9.819235003706947573e-01 -1.985120710254460741e-02 1.882343459529478014e-01 4.883839999999999709e-02 2.446222056674288853e-02 9.994541299486489061e-01 -2.220454668605906581e-02 -1.095439999999999955e-02 -1.876908074059733256e-01 2.640779629505722245e-02 9.818731023457830664e-01 3.922741000000000144e-01
9.759635591309533398e-01 -2.763703855578933388e-02 2.161742939118986850e-01 6.442140000000000366e-02 3.394809219092485147e-02 9.990973381685090970e-01 -2.553499365961073991e-02 -1.350220000000000066e-02 -2.152734500235424231e-01 3.225992815344924658e-02 9.760208188099758209e-01 4.560738999999999765e-01
9.696441505265993577e-01 -3.216734895380228554e-02 2.423953031946658454e-01 8.162439999999999973e-02 4.150525423043251172e-02 9.985760286354165016e-01 -3.351460735242309252e-02 -1.699350000000000166e-02 -2.409720631542520142e-01 4.255792165983017517e-02 9.695985190186601210e-01 5.195705000000000462e-01
9.627521365634068573e-01 -3.279214963605071864e-02 2.683896392650842455e-01 9.997019999999999518e-02 4.715332531302027230e-02 9.977701258806932483e-01 -4.723705973015221438e-02 -2.075050000000000158e-02 -2.662421594235587219e-01 5.813304415108798417e-02 9.621515793902788438e-01 5.823450999999999489e-01
9.553330484178296222e-01 -2.843206383153475125e-02 2.941604738012507658e-01 1.194391000000000064e-01 4.925672754912223394e-02 9.967573977151941156e-01 -6.362754820976558590e-02 -2.545779999999999918e-02 -2.913975658646591471e-01 7.527488190833668547e-02 9.536357537140884855e-01 6.443305999999999756e-01
9.472066156270149140e-01 -2.271912394548517011e-02 3.198178680429942800e-01 1.406092999999999926e-01 5.034177331325211113e-02 9.956525773329502060e-01 -7.836868704993509016e-02 -3.023090000000000152e-02 -3.166470166796042651e-01 9.033153744624967951e-02 9.442324291033977746e-01 7.056521999999999517e-01
9.383612948004959042e-01 -2.218605832406538025e-02 3.449432695913606239e-01 1.635063999999999962e-01 5.555892677879645247e-02 9.946433491995554377e-01 -8.716543780811131237e-02 -3.620199999999999807e-02 -3.411616714631426350e-01 1.009573509415364889e-01 9.345674546095333879e-01 7.662854000000000054e-01
9.292015698318397687e-01 -2.200087457131390950e-02 3.689178826516028575e-01 1.881014000000000019e-01 5.895497162269962982e-02 9.942676917037777118e-01 -8.919679677549095798e-02 -4.292590000000000294e-02 -3.648407240742337354e-01 1.046313468905894634e-01 9.251721609002563351e-01 8.262595999999999830e-01
9.197492100898262413e-01 -2.485583264648708393e-02 3.917187487504146248e-01 2.144114000000000020e-01 6.359091011777266711e-02 9.942443863427629092e-01 -8.622236587044092293e-02 -4.971649999999999681e-02 -3.873210382738510593e-01 1.042127046446480326e-01 9.160360939947254089e-01 8.860160999999999731e-01
9.105353317525147760e-01 -2.945442009564481003e-02 4.123807061044044153e-01 2.420979000000000048e-01 6.785270794999823107e-02 9.945801438686772133e-01 -7.878037475166997650e-02 -5.633330000000000282e-02 -4.078252317527572557e-01 9.971346227561546371e-02 9.075989234165161568e-01 9.451804999999999790e-01
9.018263254365971315e-01 -3.799017999131672207e-02 4.304254000099808075e-01 2.714314999999999922e-01 7.647708548548938501e-02 9.944346334646453345e-01 -7.246388867347329510e-02 -6.263259999999999661e-02 -4.252770087192226378e-01 9.826752256093433668e-02 8.997127096271155811e-01 1.003297600000000012e+00
8.948508550683742513e-01 -3.974939637842676843e-02 4.445918720252879930e-01 3.000861000000000223e-01 7.937196718527561590e-02 9.943235991706095289e-01 -7.085669310336488447e-02 -6.857459999999999944e-02 -4.392516795739532243e-01 9.869430388809487253e-02 8.929263107174664205e-01 1.060113099999999919e+00
8.888363615191456901e-01 -4.201452949211899324e-02 4.562945339941760770e-01 3.294449999999999878e-01 8.418729829337288917e-02 9.938100925721105039e-01 -7.248447218456981200e-02 -7.455489999999999340e-02 -4.504247120745809019e-01 1.028410385661720355e-01 8.868716364498088200e-01 1.116267399999999910e+00
8.836623158940987155e-01 -4.035784620373309567e-02 4.663819847705034105e-01 3.590902999999999734e-01 8.457280130781652527e-02 9.936464476026762860e-01 -7.425751440447238283e-02 -8.002689999999999804e-02 -4.604219290472889581e-01 1.050617980827363435e-01 8.814610971767248282e-01 1.171550599999999998e+00
8.721378788906494206e-01 -3.330185923084343080e-02 4.881255026895113258e-01 4.194993000000000194e-01 7.946790731992786627e-02 9.940745535870962879e-01 -7.416625659157038974e-02 -9.203060000000000407e-02 -4.827632669438617907e-01 1.034735139172551222e-01 8.696165016875572196e-01 1.281249400000000094e+00
8.669898726403481026e-01 -3.469747737166863771e-02 4.971163302518994964e-01 4.507399999999999740e-01 8.217476492772857188e-02 9.938708484064520121e-01 -7.394622841573310346e-02 -9.755419999999999370e-02 -4.915036813169821883e-01 1.049610487365754546e-01 8.645272173274666239e-01 1.335036600000000018e+00
8.603486173315304519e-01 -3.500750624918887860e-02 5.085024396814009640e-01 5.157040000000000513e-01 8.621646177877251294e-02 9.932581521774150879e-01 -7.749170827550763696e-02 -1.086152999999999980e-01 -5.023614021539405394e-01 1.105111652246953957e-01 8.575665012036133295e-01 1.445039200000000079e+00
8.625301437084990086e-01 -3.545572900554708196e-02 5.047619661532368740e-01 5.822401999999999855e-01 8.742159727756208809e-02 9.929832323728162713e-01 -7.963519671523022758e-02 -1.202726999999999963e-01 -4.983966447756605911e-01 1.128148549931208000e-01 8.595775665809602950e-01 1.557979500000000073e+00
8.703184662700094165e-01 -3.319149894427299297e-02 4.913696080011978329e-01 6.493229000000000362e-01 8.309919457708181412e-02 9.933178524216980110e-01 -8.008850055398765433e-02 -1.326883000000000090e-01 -4.854279463834553776e-01 1.105349196325672995e-01 8.672610566673468746e-01 1.677176500000000070e+00
8.781306888524567089e-01 -2.998835516761493014e-02 4.774800434048011577e-01 7.173190000000000399e-01 7.817198068436723157e-02 9.936143591196366920e-01 -8.136121180978339584e-02 -1.457262000000000002e-01 -4.719911384034584656e-01 1.087713377026066630e-01 8.748675107483376845e-01 1.802271799999999979e+00
8.818269837709783454e-01 -2.407289263055509623e-02 4.709582428769842899e-01 7.860958999999999586e-01 7.000267660520370638e-02 9.943136405102491748e-01 -8.024967017603382158e-02 -1.597129999999999939e-01 -4.663483633095392156e-01 1.037346621706202454e-01 8.784977654512624579e-01 1.932581199999999999e+00
8.811951199977056115e-01 -2.087672241195923789e-02 4.722915656176416288e-01 8.567145000000000454e-01 6.568414907909880807e-02 9.947414052352683278e-01 -7.858199075054238258e-02 -1.734292000000000056e-01 -4.681674412557795817e-01 1.002681363739129500e-01 8.779325417001687670e-01 2.067368699999999837e+00
8.808039171242222354e-01 -2.149838899353099381e-02 4.729928951361838663e-01 9.295259999999999634e-01 6.567645350470410759e-02 9.948591117588515553e-01 -7.708405286071395857e-02 -1.874187999999999965e-01 -4.689041085698339439e-01 9.896043159299441894e-02 8.776877405690806100e-01 2.203944900000000207e+00
8.807438745418052495e-01 -2.175233783505467824e-02 4.730930809637767243e-01 1.004637100000000061e+00 6.538207526851318174e-02 9.949640002671534811e-01 -7.597251085732462106e-02 -2.015629999999999922e-01 -4.690580046120857438e-01 9.784413099973590655e-02 8.777306616145040818e-01 2.343819599999999781e+00
8.807743768333459178e-01 -2.112602158394794732e-02 4.730646766837127704e-01 1.080556999999999990e+00 6.376157014513450516e-02 9.951976081823604714e-01 -7.427100942316512688e-02 -2.166137999999999952e-01 -4.692237838030572927e-01 9.557934860702575752e-02 8.778915814799674866e-01 2.485565400000000036e+00
8.818798822869560183e-01 -2.117950801166575830e-02 4.709981970856452205e-01 1.155717399999999895e+00 6.260684714212030877e-02 9.954042485617554670e-01 -7.246216002942497403e-02 -2.307830999999999910e-01 -4.672988935450925196e-01 9.339063328616310777e-02 8.791529637702085731e-01 2.626090500000000105e+00
8.844139548251535032e-01 -2.403658290140748763e-02 4.660838971611818149e-01 1.231171500000000085e+00 6.307506944646472380e-02 9.956662160946950779e-01 -6.833975228222295695e-02 -2.453470000000000095e-01 -4.624213361479495576e-01 8.983890476901258693e-02 8.820972049978671459e-01 2.767987999999999893e+00
8.865990711978153360e-01 -2.445067231394620552e-02 4.618920345433197294e-01 1.303403400000000101e+00 6.318868253383969069e-02 9.956421423459653752e-01 -6.858509156058682776e-02 -2.585042000000000173e-01 -4.582022232058775568e-01 8.999382761130055031e-02 8.842804044199208402e-01 2.908918599999999799e+00
8.868015454769478945e-01 -2.310108468319715253e-02 4.615727015608229178e-01 1.376226900000000031e+00 6.281046973950377144e-02 9.955073624879712257e-01 -7.085150755873882711e-02 -2.733900000000000219e-01 -4.578622760512157108e-01 9.182282460642830768e-02 8.842684575684567339e-01 3.049169500000000088e+00
8.828942682753713189e-01 -1.812596492086892414e-02 4.692218669693305477e-01 1.449254299999999995e+00 6.006804064439327101e-02 9.954048272692350707e-01 -7.457251733881407885e-02 -2.876417000000000002e-01 -4.657140126082102149e-01 9.402488630565654371e-02 8.799260078072292934e-01 3.188237200000000104e+00
8.768413135550926496e-01 -2.224770399190078088e-02 4.802648753657385861e-01 1.524311399999999983e+00 6.288042324786928539e-02 9.956550409095916709e-01 -6.868108825206528656e-02 -3.017806000000000100e-01 -4.766501476084408218e-01 9.042167427341699093e-02 8.744304189622199575e-01 3.326622200000000085e+00
8.712173400165919013e-01 -2.061174393750556111e-02 4.904645781973137053e-01 1.600536100000000017e+00 6.266885327584002796e-02 9.956130356430695771e-01 -6.947875996794362907e-02 -3.155610999999999833e-01 -4.868808491648705106e-01 9.126795313496734174e-02 8.686870549553781240e-01 3.462851999999999819e+00
8.655399709869665559e-01 -1.746597432799463015e-02 5.005352119128632093e-01 1.676464100000000013e+00 6.201279371542815777e-02 9.954387602244909594e-01 -7.249888315233653235e-02 -3.290493999999999919e-01 -4.969858871632964470e-01 9.379026806392133653e-02 8.626751495070488218e-01 3.595742500000000064e+00
8.613238434157446388e-01 -1.692531353358101703e-02 5.077743303134963915e-01 1.753467399999999898e+00 6.176514009300491242e-02 9.955201135518859656e-01 -7.158750577392247738e-02 -3.428433000000000175e-01 -5.042879179921141430e-01 9.302277826118657278e-02 8.585106047637086624e-01 3.727400999999999964e+00
8.599244363526356016e-01 -2.158384743293633237e-02 5.099648039753270634e-01 1.792586100000000071e+00 6.255141780942395646e-02 9.960310303483969063e-01 -6.332066576672853997e-02 -3.486236999999999808e-01 -5.065740655557022798e-01 8.635000934048933652e-02 8.578615226207926270e-01 3.792750799999999867e+00
8.576697225849190254e-01 -2.851772566555662788e-02 5.134095697237947009e-01 1.870964300000000025e+00 6.340484169380111723e-02 9.967064680998641846e-01 -5.055731893285416584e-02 -3.608288000000000051e-01 -5.102768591763612305e-01 7.591413419619806591e-02 8.566531218750969012e-01 3.923846000000000167e+00
8.560494056176332078e-01 -2.334619291814067979e-02 5.163665078390790031e-01 1.946694099999999983e+00 6.507399080113102086e-02 9.958989167759021433e-01 -6.285477933935376682e-02 -3.710587000000000191e-01 -5.127814260120105994e-01 8.740882587481366151e-02 8.540579057044523914e-01 4.051315800000000245e+00
8.558179615052062816e-01 -3.060393448317396542e-02 5.163710061179103139e-01 2.025812600000000074e+00 7.377649204059244514e-02 9.952645992097245431e-01 -6.328828313432796615e-02 -3.826997999999999789e-01 -5.119889119768685770e-01 9.225929088203560502e-02 8.540231713827712845e-01 4.178463500000000330e+00
8.565375759314134418e-01 -3.240586504691558151e-02 5.150662490671459315e-01 2.102273700000000023e+00 7.104153220020908988e-02 9.959292586096241129e-01 -5.547983911234130594e-02 -3.938561999999999896e-01 -5.111716753891833998e-01 8.411166242469420018e-02 8.553529952738632147e-01 4.305951099999999698e+00
8.579288206719138943e-01 -2.585867825452597274e-02 5.131174012050535582e-01 2.177062999999999970e+00 5.903849963526758976e-02 9.970785832164317242e-01 -4.846395002401081287e-02 -4.042193000000000036e-01 -5.103651577266178352e-01 7.187230099309617481e-02 8.569491105827943267e-01 4.433070700000000031e+00
8.600772456751110129e-01 -2.430063322900543471e-02 5.095847433907181312e-01 2.251108400000000120e+00 5.543438334972723008e-02 9.974021900235379157e-01 -4.599891823603959040e-02 -4.138336000000000237e-01 -5.071431362194998016e-01 6.781113891478102174e-02 8.591900190438260809e-01 4.560381399999999807e+00
8.650042432515137047e-01 -2.830940789027727375e-02 5.009653047684820004e-01 2.325108100000000011e+00 6.167906310859996855e-02 9.968343785455172634e-01 -5.016886408737578074e-02 -4.235494000000000203e-01 -4.979591874149140174e-01 7.429535096272274486e-02 8.640120650166895899e-01 4.686007000000000033e+00
8.692007934745378250e-01 -3.331813913926877369e-02 4.933354662169851523e-01 2.361300500000000024e+00 6.671963285166945812e-02 9.965055124418389365e-01 -5.025190807488284783e-02 -4.284164999999999779e-01 -4.899372115030376507e-01 7.659415955100214168e-02 8.683863561268700959e-01 4.749329999999999607e+00
8.734022190836174815e-01 -4.005221604097423949e-02 4.853497539816206685e-01 2.396775700000000064e+00 7.353273647438997307e-02 9.960321106608408526e-01 -5.012954417405319357e-02 -4.337262000000000062e-01 -4.814161405337387678e-01 7.947235068070881980e-02 8.728818047770739996e-01 4.812250099999999975e+00
8.791451022252145808e-01 -3.764503694285431523e-02 4.750649854777639902e-01 2.430738700000000030e+00 7.025020913627075259e-02 9.962217000509785425e-01 -5.106106602733961192e-02 -4.385669999999999846e-01 -4.713478517504107179e-01 7.826350069546625376e-02 8.784680000484728080e-01 4.875612699999999577e+00
8.849842882891620910e-01 -3.663246828091536178e-02 4.641776295223337678e-01 2.463725300000000118e+00 6.775976412709659724e-02 9.964201592650503425e-01 -5.055176135063930293e-02 -4.432715999999999879e-01 -4.606641117416956366e-01 7.619008123016726697e-02 8.842983928942622640e-01 4.940188899999999883e+00
8.909310983101043080e-01 -3.856773267985191128e-02 4.524978542047317642e-01 2.495973300000000172e+00 6.724207179352290065e-02 9.966077333718794673e-01 -4.745028518649258703e-02 -4.481182000000000221e-01 -4.491328109199614893e-01 7.270182789517914967e-02 8.905021967271242733e-01 5.004719299999999649e+00
8.965865610363039639e-01 -3.847070648510886315e-02 4.411944506809107880e-01 2.527312999999999921e+00 6.620937085409528411e-02 9.966676693504583628e-01 -4.764321654370493042e-02 -4.529555000000000109e-01 -4.378913766908397731e-01 7.192747468152962953e-02 8.961459594316871780e-01 5.069406999999999996e+00
9.021974444287358397e-01 -3.980692007528368465e-02 4.294824564291050972e-01 2.557494600000000062e+00 6.641317981412531157e-02 9.966783342098204379e-01 -4.713372108919727799e-02 -4.576702000000000270e-01 -4.261796109778538399e-01 7.104721831892898964e-02 9.018443501823957265e-01 5.134346500000000368e+00
9.079689005178492867e-01 -4.078681365811101522e-02 4.170478527987241946e-01 2.587425899999999945e+00 6.721088312967761491e-02 9.965414032557311508e-01 -4.886643823757728239e-02 -4.621615000000000029e-01 -4.136123461422985259e-01 7.239936069273447683e-02 9.075699200006281941e-01 5.199233099999999830e+00
9.135589794478151671e-01 -3.863408754588562588e-02 4.048671366630826607e-01 2.616530200000000139e+00 6.598860015517137023e-02 9.963677572032445529e-01 -5.382190126089182736e-02 -4.677018000000000009e-01 -4.013172008770958255e-01 7.588609678507070300e-02 9.127901207807298523e-01 5.264674199999999971e+00
9.184323966814684770e-01 -3.844998659422546594e-02 3.937048783757163828e-01 2.643802200000000102e+00 6.902657041565662954e-02 9.955729547266003454e-01 -6.379517531599782076e-02 -4.727263999999999911e-01 -3.895090054191124307e-01 8.576765327237526049e-02 9.170205255879300132e-01 5.329291300000000398e+00
9.239257643667955211e-01 -3.648441810776575922e-02 3.808281360070057686e-01 2.670966099999999788e+00 6.799228783406022214e-02 9.952546549809617726e-01 -6.960761836047227313e-02 -4.782661999999999747e-01 -3.764813816569460569e-01 9.020564823814850031e-02 9.220220769003377725e-01 5.394635199999999742e+00
9.288216328550298329e-01 -3.567313683156932841e-02 3.688059132512823690e-01 2.697071300000000171e+00 6.498581648255316590e-02 9.956099295997399290e-01 -6.736253957873690468e-02 -4.841446999999999834e-01 -3.647837962363627562e-01 8.653493740101224352e-02 9.270622884210050207e-01 5.460911799999999872e+00
9.335094338350471421e-01 -3.865185459918059341e-02 3.564634217938966732e-01 2.721978700000000195e+00 6.561855246235817618e-02 9.957988136669642110e-01 -6.386648786500841168e-02 -4.908795000000000242e-01 -3.524972943353104071e-01 8.301058267179144134e-02 9.321238655086432345e-01 5.526759099999999592e+00
9.372500929143943171e-01 -3.531415900047980144e-02 3.468647769751898591e-01 2.745760000000000201e+00 6.212794004215126814e-02 9.958512368727713282e-01 -6.648633758217026291e-02 -4.969686999999999855e-01 -3.430778080816044295e-01 8.386432014307562688e-02 9.355556602409401679e-01 5.592779600000000073e+00
9.399672302077042296e-01 -2.856287522812107210e-02 3.400672996545824889e-01 2.769045399999999990e+00 5.687257531264213600e-02 9.956669882921739267e-01 -7.357145236095238849e-02 -5.033381000000000105e-01 -3.364923718495927973e-01 8.849525740905456184e-02 9.375187854667982323e-01 5.659258799999999923e+00
9.420231992929758436e-01 -1.998882201104404399e-02 3.349518457755341627e-01 2.791436200000000145e+00 5.017030921205550831e-02 9.953935901505162054e-01 -8.169786264543822674e-02 -5.093488999999999933e-01 -3.317758762589485544e-01 9.376591961836110156e-02 9.386866997303892068e-01 5.724931699999999957e+00
9.434363982754955247e-01 -1.604493511884651918e-02 3.311650985022311366e-01 2.814693899999999971e+00 4.684643428640853507e-02 9.952587285365417369e-01 -8.523775493568287731e-02 -5.161141999999999674e-01 -3.282273206233899399e-01 9.593030453854677064e-02 9.397149582014389102e-01 5.791892999999999958e+00
9.447042183710411267e-01 -1.467521869457481115e-02 3.275951430473697523e-01 2.836637699999999818e+00 4.506923324861090985e-02 9.953285051784549475e-01 -8.538109271732569061e-02 -5.232925000000000493e-01 -3.248117978250521509e-01 9.542434037230052013e-02 9.409524383613492304e-01 5.857641199999999770e+00
9.463445802994597811e-01 -1.295536548518052763e-02 3.228995104409183026e-01 2.858285700000000151e+00 4.297483182139395785e-02 9.953667023581130868e-01 -8.601332261143357361e-02 -5.302135000000000042e-01 -3.202890868696000592e-01 9.527479384328804701e-02 9.425166388400560979e-01 5.923805200000000326e+00
9.500556256855773318e-01 -1.340206346311064584e-02 3.117927080579609989e-01 2.901057699999999961e+00 4.000910271989543271e-02 9.960637986666124322e-01 -7.909602193149206650e-02 -5.436098999999999792e-01 -3.095053792791572222e-01 8.762016708936917753e-02 9.468522199987154941e-01 6.056382700000000341e+00
9.519626354531117718e-01 -1.244632562322751240e-02 3.059611571419587617e-01 2.922142500000000087e+00 3.773430996600438125e-02 9.963263581984833639e-01 -7.687593778509015097e-02 -5.506543999999999883e-01 -3.038803424911774020e-01 8.472825347797592610e-02 9.489351192310339078e-01 6.123314899999999561e+00
9.560205872441359665e-01 3.011209445765888545e-03 2.932841103487385803e-01 2.961323000000000150e+00 2.158225097839806123e-02 9.965141970517096270e-01 -8.058325829284740394e-02 -5.641781000000000157e-01 -2.925044328007402328e-01 8.336898519269653196e-02 9.526230991844870655e-01 6.257063900000000345e+00
9.581626307251530639e-01 2.172950211892782715e-03 2.862160920864349478e-01 2.981322099999999864e+00 2.301029007699114531e-02 9.961497728688976094e-01 -8.459406931822424647e-02 -5.709250999999999632e-01 -2.852979138241755752e-01 8.764079130530738615e-02 9.544234867536280920e-01 6.323533499999999918e+00
9.622066190178142353e-01 7.441248825415733292e-04 2.723194238325024052e-01 3.019736799999999999e+00 2.356240817975069346e-02 9.960185021841941877e-01 -8.597648648046310460e-02 -5.847246999999999861e-01 -2.712991618842154340e-01 8.914364579101316521e-02 9.583580620916217763e-01 6.457377000000000145e+00
9.660870271690205069e-01 -1.138702187387421669e-03 2.582141733000971051e-01 3.055806599999999928e+00 2.227992948061408712e-02 9.966285038811804053e-01 -7.896347252938362704e-02 -5.986816999999999833e-01 -2.572536893380986678e-01 8.203858000287608809e-02 9.628552387109126087e-01 6.592663299999999893e+00
9.678101676536412512e-01 9.665863718842128416e-04 2.516794490955044372e-01 3.072836600000000029e+00 2.056164690307932946e-02 9.963461905482956515e-01 -8.289443441228340481e-02 -6.055690999999999713e-01 -2.508399849762075196e-01 8.540102043116905295e-02 9.642540991079326940e-01 6.659727099999999567e+00
9.695386154256289135e-01 1.095055984010245842e-03 2.449360611485096317e-01 3.090001599999999904e+00 2.054326170569260521e-02 9.961031099785446763e-01 -8.577044181746287799e-02 -6.126028000000000029e-01 -2.440754956914888418e-01 8.818954100948278585e-02 9.657379340480991559e-01 6.727482799999999763e+00
9.711706768745411722e-01 2.624265696606693093e-03 2.383707817845953647e-01 3.105500500000000219e+00 1.863790445970068058e-02 9.960426622485550885e-01 -8.690019273949829703e-02 -6.195289000000000490e-01 -2.376555172858325071e-01 8.883765086023208413e-02 9.672785156785189686e-01 6.794056399999999662e+00
9.728847771848871950e-01 1.935283368263858092e-03 2.312822193775320445e-01 3.121504999999999974e+00 1.853637720837444242e-02 9.960960524120237025e-01 -8.630792019954920680e-02 -6.267665999999999515e-01 -2.305463359975629400e-01 8.825479617260138798e-02 9.690508128630981322e-01 6.862000499999999725e+00
9.747344156933764880e-01 -2.136059917090605761e-03 2.233567910561990721e-01 3.137393199999999993e+00 2.170637584261712189e-02 9.961273348002739336e-01 -8.520074008764240425e-02 -6.340867000000000031e-01 -2.223098110985455567e-01 8.789636005963812060e-02 9.710059617621281669e-01 6.930153800000000253e+00
9.764423272325253311e-01 -5.020559526031873401e-03 2.157201325114914969e-01 3.152548100000000186e+00 2.411703634549802050e-02 9.960046125600690026e-01 -8.598360493127020499e-02 -6.411883999999999917e-01 -2.144265611966945928e-01 8.916056157916681102e-02 9.726621428390476165e-01 6.998151799999999589e+00
9.778298239397960057e-01 -6.366383499331417992e-03 2.093043348213481369e-01 3.166780000000000150e+00 2.489669552711664541e-02 9.959824650671723623e-01 -8.601792737882547890e-02 -6.486279000000000350e-01 -2.079158242310998883e-01 8.932188108105586222e-02 9.740598603753488627e-01 7.066451999999999956e+00
9.793671743007207331e-01 -9.351434105117628626e-06 2.020889354090728562e-01 3.180376100000000150e+00 1.779153399872519109e-02 9.961210932599475765e-01 -8.617557009140686120e-02 -6.559492999999999574e-01 -2.013042454102594303e-01 8.799299673927152288e-02 9.755684667436973490e-01 7.134583000000000119e+00
9.805931980728869179e-01 3.468941306473989107e-03 1.960228209658257392e-01 3.193738499999999814e+00 1.359936589184310846e-02 9.962316105173275593e-01 -8.565999914424149431e-02 -6.627659000000000189e-01 -1.955812801382783572e-01 8.666339857323804297e-02 9.768507655764049336e-01 7.203059200000000217e+00
9.823720802329597435e-01 -1.437720314415748615e-03 1.869305457624964861e-01 3.219829299999999783e+00 1.766776602385621703e-02 9.962083247226113381e-01 -8.518699312156970127e-02 -6.771222999999999548e-01 -1.860992907630052151e-01 8.698796878687080347e-02 9.786726456092664783e-01 7.338988299999999576e+00
9.842908553052110987e-01 -8.793864758240501830e-03 1.763354193154335614e-01 3.245162500000000172e+00 2.393512334072836478e-02 9.961846402892324814e-01 -8.392420581975514049e-02 -6.913877999999999968e-01 -1.749246181450744841e-01 8.682643833779131459e-02 9.807459138698327861e-01 7.474891200000000069e+00
9.859386115880843793e-01 -1.893654689710376135e-02 1.660315071646773777e-01 3.269764400000000126e+00 3.261324540432040953e-02 9.962580787723442910e-01 -8.003884497564404954e-02 -7.053049999999999597e-01 -1.638945710020869029e-01 8.432821397641122874e-02 9.828668892192831130e-01 7.610632400000000075e+00
9.872393281219601358e-01 -1.489421957995363914e-02 1.585454863198723363e-01 3.290492500000000042e+00 2.862923184775510721e-02 9.959948319322978749e-01 -8.470337565859581419e-02 -7.184009999999999563e-01 -1.566488943245632759e-01 8.816153916112084987e-02 9.837116787553321640e-01 7.746861899999999856e+00
9.876819829199763312e-01 -1.184898976444657623e-02 1.560253250495748922e-01 3.310891900000000110e+00 2.510451366719123820e-02 9.962113189251814438e-01 -8.326326584325348390e-02 -7.325199000000000016e-01 -1.544476092686360436e-01 8.615456741759273951e-02 9.842374340088322349e-01 7.882988899999999965e+00
9.880396052012750951e-01 -1.291733995314003902e-02 1.536583251315832011e-01 3.332414400000000221e+00 2.443948580722117569e-02 9.970078889085116636e-01 -7.333471884224718185e-02 -7.460508000000000139e-01 -1.522512728590042219e-01 7.621293710865512105e-02 9.853989740861744950e-01 8.020165399999999778e+00
9.883911364014165146e-01 -1.372526670285368830e-02 1.513095454260964534e-01 3.352563599999999866e+00 2.544163801601862993e-02 9.968005911620100301e-01 -7.577139641137245474e-02 -7.589171999999999585e-01 -1.497854617049942105e-01 7.874133928885770906e-02 9.855780623313501465e-01 8.152289400000000796e+00
9.883773671520856841e-01 -8.569577756870658258e-03 1.517785967736567099e-01 3.371468800000000154e+00 2.085738326176685142e-02 9.966124200173468450e-01 -7.955283672276705631e-02 -7.708319000000000143e-01 -1.505827004173556916e-01 8.179392767336957082e-02 9.852078987354803141e-01 8.284816700000000367e+00
9.885461632353217398e-01 -6.858443566277880148e-03 1.507628764138331245e-01 3.381110399999999849e+00 1.893211747016078361e-02 9.967110398494326562e-01 -7.879516463818536653e-02 -7.776739000000000290e-01 -1.497266111311565395e-01 8.074691817097967572e-02 9.854247191567038211e-01 8.350057599999999525e+00
9.886341285708937221e-01 -9.464866673737741543e-03 1.500432475112351005e-01 3.400495999999999963e+00 2.193689923860528412e-02 9.964165639114266337e-01 -8.168723042643248611e-02 -7.904269000000000434e-01 -1.487324183783235165e-01 8.405026747009296251e-02 9.852990511827062203e-01 8.481371899999999187e+00
9.887560302550926217e-01 5.538910777624713941e-03 1.494350464301729409e-01 3.418500900000000176e+00 7.488748765341567831e-03 9.962257841164777750e-01 -8.647604121049082271e-02 -8.042565000000000408e-01 -1.493500293810484381e-01 8.662278873891340880e-02 9.849827720295282196e-01 8.613067600000000823e+00
9.887990418396848114e-01 4.062617935289451060e-03 1.491976876242825933e-01 3.428285799999999828e+00 9.456691776079906644e-03 9.959156225248607663e-01 -8.979222567444876402e-02 -8.108115000000000183e-01 -1.489530994560817057e-01 9.019738325711439131e-02 9.847219943801376330e-01 8.678295099999999707e+00
9.891380207058289020e-01 3.017051447729153426e-03 1.469587472548568308e-01 3.446746599999999994e+00 1.059582146324398490e-02 9.957248091997252804e-01 -9.175964751288871735e-02 -8.249410999999999827e-01 -1.466073141479448394e-01 9.232010476993775250e-02 9.848772988010199292e-01 8.806713099999999628e+00
9.893177053828129397e-01 -5.770230179206069579e-03 1.456611899572592683e-01 3.456166699999999814e+00 1.897494662758554551e-02 9.958125281727641109e-01 -8.942796058643011359e-02 -8.319602999999999859e-01 -1.445352179109509472e-01 9.123657806958125616e-02 9.852844551730161049e-01 8.870191600000000065e+00
9.900272244868064675e-01 -1.647328901437396936e-02 1.399097048956915723e-01 3.475737099999999913e+00 2.784861285267565406e-02 9.964265735032836746e-01 -7.974044380793839093e-02 -8.457388000000000128e-01 -1.380961604720869207e-01 8.284150146849160457e-02 9.869481932185263373e-01 8.998754500000000434e+00
9.904662655319247389e-01 -2.027327347583061587e-02 1.362555364960146842e-01 3.484195699999999896e+00 3.130672461275415402e-02 9.963568656644243848e-01 -7.932770787931137102e-02 -8.519849999999999923e-01 -1.341509069565456902e-01 8.283713313447277349e-02 9.874925536614429511e-01 9.062266299999999219e+00
9.919552288969132325e-01 -2.075338370944033312e-02 1.248764226292591595e-01 3.500293699999999841e+00 3.185030123946659686e-02 9.956522360364374880e-01 -8.753389735752335754e-02 -8.654509000000000229e-01 -1.225168648596096088e-01 9.080705886796984483e-02 9.883034432221317056e-01 9.188404099999999630e+00
9.929764844071317098e-01 -2.055977567737752448e-02 1.165117892685079981e-01 3.507496399999999959e+00 3.098952398835379263e-02 9.956006670080707055e-01 -8.842489047807738922e-02 -8.717352999999999907e-01 -1.141812191975044022e-01 9.141448176946939674e-02 9.892451878606187687e-01 9.252943000000000140e+00
9.951032028187573042e-01 -2.703399186295687637e-02 9.507249351839298923e-02 3.520101499999999994e+00 3.491095898705107170e-02 9.960050284496672068e-01 -8.219007388719272444e-02 -8.850816999999999712e-01 -9.247075582288562245e-02 8.510667768707307068e-02 9.920715764150351834e-01 9.378872899999999291e+00
9.961389729141535421e-01 -3.188249022651384185e-02 8.179641470438443751e-02 3.525065699999999858e+00 3.881874051796949804e-02 9.956533792947358519e-01 -8.466081551444935849e-02 -8.915682000000000329e-01 -7.874167909140585009e-02 8.750917161034794944e-02 9.930467727443339498e-01 9.441558799999999252e+00
9.972549899188016820e-01 -3.132962228210142697e-02 6.708904418540853620e-02 3.529563200000000123e+00 3.708198999007117358e-02 9.955797793176957011e-01 -8.628921735712138941e-02 -8.977865999999999902e-01 -6.408908721792741514e-02 8.854014785050412506e-02 9.940086675266890381e-01 9.504239999999999355e+00
9.986454343350456009e-01 -3.329121944590580223e-02 3.998738788133866795e-02 3.534576899999999799e+00 3.674278907889883677e-02 9.953594785075678963e-01 -8.893523483887641468e-02 -9.106691999999999565e-01 -3.684106312895489566e-02 9.028401438209915364e-02 9.952344109879748268e-01 9.627252600000000271e+00
9.991849679060966771e-01 -3.029147381193513303e-02 2.668007730111635056e-02 3.535257099999999930e+00 3.271692635496056822e-02 9.948690661726751205e-01 -9.573475806933207100e-02 -9.176537000000000166e-01 -2.364323667302729165e-02 9.652962129320877271e-02 9.950492598724010040e-01 9.687357900000000299e+00
9.997902304383332606e-01 -2.048030211661608715e-02 2.287909016537992410e-04 3.533887599999999907e+00 2.037272714352545214e-02 9.932644853670720142e-01 -1.140640789083973011e-01 -9.316497999999999724e-01 2.108816919509684876e-03 1.140448128311750825e-01 9.934733683181962149e-01 9.805934000000000594e+00
9.996992772910793246e-01 -2.085664264002185311e-02 -1.289788515533075129e-02 3.532723400000000069e+00 1.923832070802937791e-02 9.931898310972637756e-01 -1.149079911116878405e-01 -9.392304000000000208e-01 1.520664328603413447e-02 1.146253020182505244e-01 9.932924031407852627e-01 9.867075899999999677e+00
9.992450406589397094e-01 -1.436408212965053187e-02 -3.609739413152548287e-02 3.527553999999999856e+00 1.034599404353172582e-02 9.939735640387065141e-01 -1.091307216114812823e-01 -9.549364000000000186e-01 3.744741814551761500e-02 1.086748689291322650e-01 9.933717651199226450e-01 9.985629100000000591e+00
9.986047054341973261e-01 -9.380305510241951361e-03 -5.196779919541025944e-02 3.520658000000000065e+00 2.881808672418544916e-03 9.923107420562675696e-01 -1.237379746824524840e-01 -9.703304999999999847e-01 5.272890538836864233e-02 1.234155625043867888e-01 9.909532085160581705e-01 1.010179899999999975e+01
9.984422954236511494e-01 -4.945803512995284625e-03 -5.557447018876129907e-02 3.513399099999999997e+00 -1.858368756173681829e-03 9.925628036706025670e-01 -1.217194612012357235e-01 -9.861858000000000013e-01 5.576315248187418971e-02 1.216331360985315191e-01 9.910074929222884021e-01 1.021859839999999942e+01
9.987022909436326090e-01 -3.677598551606871963e-03 -5.079576097306876675e-02 3.506752999999999787e+00 -2.164186234477218258e-03 9.934238915514577162e-01 -1.144739620730418767e-01 -1.001939700000000100e+00 5.088271181730014830e-02 1.144353396624091385e-01 9.921267573624182878e-01 1.033372020000000013e+01
9.991930425238744196e-01 -5.766821019509777574e-03 -3.974930876395085105e-02 3.499028200000000144e+00 1.216049381802926377e-03 9.935289465067477233e-01 -1.135726801528124802e-01 -1.024231600000000020e+00 4.014704217976682726e-02 1.134326947071300357e-01 9.927342236347526105e-01 1.050572299999999970e+01
9.993952754065592581e-01 -4.399227284339358827e-03 -3.449246721167272683e-02 3.497089599999999798e+00 4.445500069533078746e-04 9.934998996900568091e-01 -1.138321206476379244e-01 -1.031331900000000079e+00 3.476903608584672872e-02 1.137479499382199888e-01 9.929010615436532072e-01 1.056321999999999939e+01
9.997347417335366027e-01 -5.122491506494086973e-03 -2.245453744223498138e-02 3.493710000000000093e+00 2.636939187591673568e-03 9.939992746342173335e-01 -1.093548745066757616e-01 -1.046099499999999960e+00 2.287996334568261764e-02 1.092666559725141290e-01 9.937491158083535669e-01 1.067769149999999989e+01
9.998497823891520087e-01 -3.654177040982821943e-03 -1.694283466597232626e-02 3.492337200000000141e+00 1.781467755611698981e-03 9.940121150850305121e-01 -1.092553954586213266e-01 -1.053149899999999972e+00 1.724062147954752086e-02 1.092088002604971880e-01 9.938693067585203655e-01 1.073385050000000085e+01
9.999679462484162284e-01 -1.060500536401245714e-03 -7.936108261407486680e-03 3.490913599999999839e+00 1.587404462919945591e-04 9.936204658170780801e-01 -1.127756388185125191e-01 -1.067620400000000025e+00 8.005078212934495230e-03 1.127707641548338913e-01 9.935887848978266490e-01 1.084645839999999950e+01
9.999850423042710990e-01 -7.605817030739477763e-04 -5.416334849136292609e-03 3.490534499999999873e+00 1.319274928879926806e-04 9.933500873812790566e-01 -1.151329079574638231e-01 -1.074912400000000101e+00 5.467884678889946976e-03 1.151304712709809303e-01 9.933353294945570511e-01 1.090220359999999999e+01
9.999863708505325466e-01 -3.523246619939620315e-03 -3.852901041607914318e-03 3.490600300000000100e+00 3.050726498090535962e-03 9.931944902831473243e-01 -1.164276493751935510e-01 -1.082013099999999950e+00 4.236883408259845517e-03 1.164143084180559035e-01 9.931917023488117113e-01 1.095812699999999928e+01
9.999701321539599119e-01 -6.454513517399351925e-03 -4.251359223323000411e-03 3.490381999999999874e+00 5.923245999308569647e-03 9.933570559966019564e-01 -1.149202961125472267e-01 -1.089060499999999987e+00 4.964872286746108143e-03 1.148916818443248833e-01 9.933656182323600259e-01 1.101330470000000084e+01
9.999210886523497432e-01 -9.372787929597873116e-03 -8.364646718559760191e-03 3.490178799999999804e+00 8.385727770005077866e-03 9.937732195257922285e-01 -1.111056601758385193e-01 -1.096542700000000092e+00 9.353931690305090224e-03 1.110267490281883623e-01 9.937733971898043972e-01 1.106861969999999928e+01
9.998263431633286347e-01 -1.028274484653353416e-02 -1.554183628361993641e-02 3.488886799999999955e+00 8.497876414045407029e-03 9.938022405537283444e-01 -1.108372354709418334e-01 -1.103926299999999916e+00 1.658522273282357629e-02 1.106859152232590321e-01 9.937170414952599673e-01 1.112324519999999950e+01
9.995433820646407730e-01 -1.380866474056336411e-02 -2.687653528382072388e-02 3.487405799999999889e+00 1.072211003824769839e-02 9.936757116028526182e-01 -1.117748474697784905e-01 -1.110923600000000011e+00 2.825002171870751033e-02 1.114356359009417569e-01 9.933700394738333994e-01 1.117747310000000027e+01
9.990050947307805851e-01 -1.724942071329766888e-02 -4.112515272919518156e-02 3.484974900000000098e+00 1.253581223159931646e-02 9.936024906362653786e-01 -1.122361083301811752e-01 -1.117778799999999961e+00 4.279806203133568882e-02 1.116089068419977709e-01 9.928301857819876730e-01 1.123109250000000081e+01
9.982694697654673766e-01 -1.671291682429353748e-02 -5.638035247669936217e-02 3.481423400000000168e+00 1.042949996862166384e-02 9.938820138715235286e-01 -1.099534812231478809e-01 -1.124569200000000047e+00 5.787306164855229168e-02 1.091751845151124889e-01 9.923363783624552514e-01 1.128479860000000023e+01
9.972529695345425660e-01 -1.248630167081726978e-02 -7.301100619168315875e-02 3.476626200000000111e+00 4.745137169650017958e-03 9.944340483144101794e-01 -1.052540128748283010e-01 -1.131325200000000031e+00 7.391886381552315033e-02 1.046184296555758009e-01 9.917615569019719857e-01 1.133817960000000014e+01
9.959093981949559415e-01 -1.163267441417989434e-02 -8.960553260225805061e-02 3.471139200000000091e+00 2.764684249144817516e-03 9.951369825654280410e-01 -9.846188324208250686e-02 -1.137955899999999909e+00 9.031515436494129412e-02 9.781138388014272433e-02 9.910984341000081965e-01 1.139149570000000011e+01
9.942737373881043172e-01 -1.127762803158238215e-02 -1.062664116561401750e-01 3.464726199999999867e+00 1.501381701948174482e-03 9.957918227501190156e-01 -9.163182633223408702e-02 -1.143688999999999956e+00 1.068526134134118177e-01 9.094757198505588891e-02 9.901065892906415478e-01 1.144402499999999989e+01
9.900087822676330029e-01 -8.240470449973212944e-03 -1.407647174533504519e-01 3.449026299999999878e+00 -2.810271135243286224e-03 9.969394990209160534e-01 -7.812642106273261222e-02 -1.155173299999999958e+00 1.409777053618935794e-01 7.774143000156409633e-02 9.869557014639547265e-01 1.154784680000000030e+01
9.872900925514793702e-01 -6.872171367492836344e-03 -1.587798677741834585e-01 3.439895400000000159e+00 -5.230607509404719760e-03 9.971184206264758210e-01 -7.568022193707481249e-02 -1.160533400000000048e+00 1.588424184365559433e-01 7.554884848929301067e-02 9.844091921539375178e-01 1.159877679999999955e+01
9.842616182777428335e-01 -8.542731831593205344e-03 -1.765108736540962064e-01 3.430109299999999806e+00 -4.659624184045377260e-03 9.972290187882361101e-01 -7.424669682292517336e-02 -1.165367400000000053e+00 1.766560349598685076e-01 7.390064830233489257e-02 9.814944419061945036e-01 1.164881519999999959e+01
9.778005359295524057e-01 -1.660067418815872921e-03 -2.095312771689353259e-01 3.407173600000000135e+00 -1.368862212811351037e-02 9.973264786989030073e-01 -7.178103168860359984e-02 -1.174077999999999955e+00 2.090902521881733422e-01 7.305572573187936458e-02 9.751636413329172193e-01 1.174734589999999912e+01
