-4.220821e-01 2.436985e-02 9.062300e-01 2.410098e+02 9.041717e-02 9.957859e-01 1.533419e-02 -4.583595e-01 -9.020374e-01 8.841102e-02 -4.225068e-01 -3.653355e+01
-4.257271e-01 2.389500e-02 9.045361e-01 2.431866e+02 8.957398e-02 9.958540e-01 1.585137e-02 -4.598154e-01 -9.004071e-01 8.777123e-02 -4.261024e-01 -3.755871e+01
-4.295873e-01 2.463815e-02 9.026892e-01 2.453571e+02 8.910321e-02 9.959061e-01 1.522154e-02 -4.618584e-01 -8.986186e-01 8.697147e-02 -4.300239e-01 -3.859114e+01
-4.336948e-01 2.386280e-02 9.007439e-01 2.475244e+02 8.796735e-02 9.959953e-01 1.596872e-02 -4.614750e-01 -8.967556e-01 8.616158e-02 -4.340571e-01 -3.963198e+01
-4.375346e-01 2.399626e-02 8.988814e-01 2.496839e+02 8.785629e-02 9.960018e-01 1.617549e-02 -4.614460e-01 -8.948993e-01 8.604970e-02 -4.378935e-01 -4.068364e+01
-4.410215e-01 2.505593e-02 8.971467e-01 2.518424e+02 8.852924e-02 9.959498e-01 1.570406e-02 -4.628392e-01 -8.931196e-01 8.634953e-02 -4.414534e-01 -4.174631e+01
-4.446551e-01 2.500281e-02 8.953529e-01 2.539896e+02 8.810197e-02 9.959839e-01 1.594074e-02 -4.623208e-01 -8.913584e-01 8.597047e-02 -4.450721e-01 -4.281371e+01
-4.483033e-01 2.521558e-02 8.935258e-01 2.561425e+02 8.717879e-02 9.960700e-01 1.563027e-02 -4.599411e-01 -8.896201e-01 8.490359e-02 -4.487397e-01 -4.389031e+01
-4.519337e-01 2.507050e-02 8.916992e-01 2.582951e+02 8.700532e-02 9.960779e-01 1.609113e-02 -4.566041e-01 -8.877984e-01 8.485468e-02 -4.523424e-01 -4.497777e+01
-4.553868e-01 2.592550e-02 8.899162e-01 2.604446e+02 8.760414e-02 9.960298e-01 1.581181e-02 -4.515860e-01 -8.859731e-01 8.516081e-02 -4.558499e-01 -4.607408e+01
-4.588898e-01 2.701655e-02 8.880824e-01 2.625925e+02 8.903314e-02 9.959048e-01 1.570853e-02 -4.468931e-01 -8.840210e-01 8.627723e-02 -4.594159e-01 -4.718398e+01
-4.621008e-01 2.899750e-02 8.863532e-01 2.647340e+02 9.121464e-02 9.957186e-01 1.497936e-02 -4.443228e-01 -8.821240e-01 8.777034e-02 -4.627673e-01 -4.830007e+01
-4.649723e-01 2.982926e-02 8.848226e-01 2.668920e+02 9.212184e-02 9.956371e-01 1.484476e-02 -4.426920e-01 -8.805193e-01 8.841387e-02 -4.656915e-01 -4.943452e+01
-4.678605e-01 3.190777e-02 8.832262e-01 2.690255e+02 9.402770e-02 9.954733e-01 1.384527e-02 -4.394885e-01 -8.787863e-01 8.952536e-02 -4.687428e-01 -5.056793e+01
-4.704908e-01 3.425764e-02 8.817397e-01 2.711744e+02 9.593141e-02 9.953092e-01 1.251830e-02 -4.357941e-01 -8.771747e-01 9.047625e-02 -4.715702e-01 -5.172041e+01
-4.732870e-01 3.502027e-02 8.802119e-01 2.733318e+02 9.677821e-02 9.952282e-01 1.244098e-02 -4.312748e-01 -8.755760e-01 9.107347e-02 -4.744177e-01 -5.288771e+01
-4.764989e-01 3.618638e-02 8.784301e-01 2.754870e+02 9.750257e-02 9.951642e-01 1.189447e-02 -4.244063e-01 -8.737517e-01 9.131687e-02 -4.777228e-01 -5.406212e+01
-4.797661e-01 3.625912e-02 8.766469e-01 2.776580e+02 9.648349e-02 9.952665e-01 1.163754e-02 -4.182424e-01 -8.720753e-01 9.016523e-02 -4.809935e-01 -5.525311e+01
-4.830450e-01 3.738275e-02 8.747972e-01 2.798273e+02 9.727560e-02 9.951946e-01 1.118587e-02 -4.128268e-01 -8.701752e-01 9.049968e-02 -4.843602e-01 -5.645514e+01
-4.863612e-01 3.769826e-02 8.729443e-01 2.820168e+02 9.634686e-02 9.952903e-01 1.069788e-02 -4.105826e-01 -8.684296e-01 8.930846e-02 -4.877027e-01 -5.767414e+01
-4.918877e-01 3.780488e-02 8.698375e-01 2.863724e+02 9.587566e-02 9.953330e-01 1.095791e-02 -4.079618e-01 -8.653637e-01 8.878629e-02 -4.932166e-01 -6.012956e+01
-4.938980e-01 3.783481e-02 8.686964e-01 2.885702e+02 9.748770e-02 9.951633e-01 1.208380e-02 -4.045488e-01 -8.640375e-01 9.065535e-02 -4.951976e-01 -6.138495e+01
-4.981567e-01 3.777312e-02 8.662639e-01 2.929827e+02 9.815975e-02 9.950850e-01 1.305774e-02 -3.908822e-01 -8.615130e-01 9.153703e-02 -4.994160e-01 -6.392341e+01
-5.030179e-01 3.703289e-02 8.634823e-01 2.974212e+02 9.842723e-02 9.950362e-01 1.466339e-02 -3.713999e-01 -8.586531e-01 9.236610e-02 -5.041660e-01 -6.650521e+01
-5.051574e-01 3.705698e-02 8.622313e-01 2.996423e+02 9.892841e-02 9.949785e-01 1.519721e-02 -3.587114e-01 -8.573384e-01 9.297614e-02 -5.062867e-01 -6.780874e+01
-5.093585e-01 4.004183e-02 8.596224e-01 3.041141e+02 9.794371e-02 9.951234e-01 1.168175e-02 -3.372516e-01 -8.549625e-01 9.014478e-02 -5.107963e-01 -7.045170e+01
-5.126685e-01 3.931280e-02 8.576862e-01 3.063593e+02 9.633206e-02 9.952774e-01 1.196155e-02 -3.307952e-01 -8.531654e-01 8.875497e-02 -5.140344e-01 -7.179168e+01
-5.171586e-01 3.690592e-02 8.550936e-01 3.086134e+02 9.360376e-02 9.955160e-01 1.364476e-02 -3.233356e-01 -8.507557e-01 8.709646e-02 -5.182942e-01 -7.314403e+01
-5.220571e-01 3.451451e-02 8.522120e-01 3.108714e+02 9.114758e-02 9.957166e-01 1.550971e-02 -3.126191e-01 -8.480262e-01 8.577399e-02 -5.229668e-01 -7.451245e+01
-5.268235e-01 3.309434e-02 8.493302e-01 3.131301e+02 8.979367e-02 9.958171e-01 1.689507e-02 -2.971879e-01 -8.452184e-01 8.516518e-02 -5.275914e-01 -7.590012e+01
-5.311682e-01 3.348928e-02 8.466043e-01 3.153852e+02 9.017544e-02 9.957776e-01 1.718683e-02 -2.796424e-01 -8.424540e-01 8.547199e-02 -5.319453e-01 -7.730725e+01
-5.353072e-01 3.467362e-02 8.439455e-01 3.176383e+02 9.238538e-02 9.955660e-01 1.769624e-02 -2.578412e-01 -8.395898e-01 8.744113e-02 -5.361370e-01 -7.872988e+01
-5.426799e-01 3.583575e-02 8.391748e-01 3.221579e+02 9.420860e-02 9.953821e-01 1.841670e-02 -2.197853e-01 -8.346396e-01 8.905184e-02 -5.435499e-01 -8.163211e+01
-5.466164e-01 3.426157e-02 8.366820e-01 3.244120e+02 9.455334e-02 9.952979e-01 2.101626e-02 -2.016825e-01 -8.320277e-01 9.059888e-02 -5.472856e-01 -8.310009e+01
-5.505309e-01 3.288636e-02 8.341668e-01 3.266626e+02 9.308915e-02 9.954104e-01 2.219342e-02 -1.825361e-01 -8.296084e-01 8.987002e-02 -5.510655e-01 -8.457972e+01
-5.542889e-01 3.278444e-02 8.316784e-01 3.289055e+02 9.233886e-02 9.954779e-01 2.229974e-02 -1.608324e-01 -8.271864e-01 8.915672e-02 -5.548096e-01 -8.606826e+01
-5.583189e-01 3.221365e-02 8.290008e-01 3.311477e+02 9.187847e-02 9.955000e-01 2.319514e-02 -1.383913e-01 -8.245231e-01 8.911758e-02 -5.587662e-01 -8.757051e+01
-5.624024e-01 3.172657e-02 8.262548e-01 3.333840e+02 9.317394e-02 9.953308e-01 2.520143e-02 -1.125608e-01 -8.215973e-01 9.115875e-02 -5.627325e-01 -8.908675e+01
-5.662656e-01 3.200649e-02 8.236012e-01 3.356133e+02 9.376371e-02 9.952604e-01 2.578962e-02 -8.455148e-02 -8.188722e-01 9.182766e-02 -5.665827e-01 -9.061426e+01
-5.699347e-01 3.105914e-02 8.211028e-01 3.378389e+02 9.197118e-02 9.954173e-01 2.618521e-02 -5.242768e-02 -8.165266e-01 9.044163e-02 -5.701793e-01 -9.215154e+01
-5.734629e-01 2.980165e-02 8.186893e-01 3.400560e+02 9.146806e-02 9.954189e-01 2.783523e-02 -1.599584e-02 -8.141093e-01 9.084638e-02 -5.735616e-01 -9.370014e+01
-5.764348e-01 2.883221e-02 8.166344e-01 3.422752e+02 9.162022e-02 9.953561e-01 2.952944e-02 2.333862e-02 -8.119905e-01 9.184199e-02 -5.763994e-01 -9.526502e+01
-5.792285e-01 2.833649e-02 8.146726e-01 3.444892e+02 8.960529e-02 9.955527e-01 2.908096e-02 6.337510e-02 -8.102254e-01 8.984348e-02 -5.791916e-01 -9.683616e+01
-5.821727e-01 2.738547e-02 8.126039e-01 3.467010e+02 8.552969e-02 9.959502e-01 2.771149e-02 1.024766e-01 -8.085540e-01 8.563461e-02 -5.821572e-01 -9.841195e+01
-5.852817e-01 2.656025e-02 8.103950e-01 3.489103e+02 8.243732e-02 9.962335e-01 2.688668e-02 1.402984e-01 -8.066284e-01 8.254305e-02 -5.852667e-01 -9.999813e+01
-5.884897e-01 2.360915e-02 8.081600e-01 3.511094e+02 7.975283e-02 9.963937e-01 2.896666e-02 1.754218e-01 -8.045616e-01 8.149961e-02 -5.882502e-01 -1.015909e+02
-5.915552e-01 2.271379e-02 8.059445e-01 3.533107e+02 8.013301e-02 9.963101e-01 3.073798e-02 2.141195e-01 -8.022725e-01 8.276596e-02 -5.911925e-01 -1.032033e+02
-5.945947e-01 2.268037e-02 8.037057e-01 3.554996e+02 7.939344e-02 9.963730e-01 3.061917e-02 2.539708e-01 -8.000961e-01 8.201493e-02 -5.942387e-01 -1.048170e+02
-5.974407e-01 2.308157e-02 8.015809e-01 3.576809e+02 7.813459e-02 9.965050e-01 2.954148e-02 2.903191e-01 -7.980974e-01 8.028046e-02 -5.971561e-01 -1.064411e+02
-6.007205e-01 1.876716e-02 7.992389e-01 3.598670e+02 7.511391e-02 9.966269e-01 3.305469e-02 3.297903e-01 -7.959226e-01 7.989057e-02 -6.001039e-01 -1.080781e+02
-6.038752e-01 1.623428e-02 7.969136e-01 3.620386e+02 7.242569e-02 9.967743e-01 3.457609e-02 3.801369e-01 -7.937816e-01 7.859665e-02 -6.031030e-01 -1.097167e+02
-6.068475e-01 1.634159e-02 7.946503e-01 3.642051e+02 7.194258e-02 9.968139e-01 3.444111e-02 4.335940e-01 -7.915556e-01 7.806967e-02 -6.060897e-01 -1.113631e+02
-6.122075e-01 1.580857e-02 7.905392e-01 3.685148e+02 7.108644e-02 9.968518e-01 3.511634e-02 5.357534e-01 -7.874952e-01 7.769508e-02 -6.114039e-01 -1.146817e+02
-6.150181e-01 1.428418e-02 7.883836e-01 3.706543e+02 7.043109e-02 9.968345e-01 3.688232e-02 5.857535e-01 -7.853612e-01 7.820999e-02 -6.140773e-01 -1.163494e+02
-6.177963e-01 1.359792e-02 7.862206e-01 3.727925e+02 6.786551e-02 9.970417e-01 3.608321e-02 6.347512e-01 -7.834041e-01 7.564932e-02 -6.168915e-01 -1.180262e+02
-6.206707e-01 1.085791e-02 7.839962e-01 3.749322e+02 5.885749e-02 9.977281e-01 3.277805e-02 6.806409e-01 -7.818591e-01 6.648841e-02 -6.198996e-01 -1.197055e+02
-6.239941e-01 1.192773e-02 7.813381e-01 3.770444e+02 4.951205e-02 9.984779e-01 2.429889e-02 7.141844e-01 -7.798589e-01 5.384800e-02 -6.236348e-01 -1.213733e+02
-6.266260e-01 2.205789e-02 7.790079e-01 3.791489e+02 5.900870e-02 9.980727e-01 1.920520e-02 7.322390e-01 -7.770829e-01 5.800271e-02 -6.267199e-01 -1.230734e+02
-6.274763e-01 2.388148e-02 7.782693e-01 3.812460e+02 6.664289e-02 9.975089e-01 2.312160e-02 7.514499e-01 -7.757784e-01 6.637436e-02 -6.275047e-01 -1.247861e+02
-6.293392e-01 1.350458e-02 7.770134e-01 3.833531e+02 6.579098e-02 9.971854e-01 3.595595e-02 7.912642e-01 -7.743408e-01 7.374895e-02 -6.284563e-01 -1.264979e+02
-6.322787e-01 3.794990e-03 7.747318e-01 3.854625e+02 6.029882e-02 9.971956e-01 4.432671e-02 8.581189e-01 -7.723909e-01 7.474223e-02 -6.307344e-01 -1.282062e+02
-6.354821e-01 -2.169544e-03 7.721126e-01 3.875638e+02 5.428748e-02 9.973957e-01 4.748350e-02 9.375737e-01 -7.702048e-01 7.209095e-02 -6.337093e-01 -1.299140e+02
-6.382772e-01 -2.563005e-03 7.698024e-01 3.896489e+02 5.281065e-02 9.974927e-01 4.710871e-02 1.015440e+00 -7.679930e-01 7.072216e-02 -6.365415e-01 -1.316273e+02
-6.407552e-01 2.180977e-03 7.677422e-01 3.917168e+02 5.798493e-02 9.972772e-01 4.556100e-02 1.088896e+00 -7.655524e-01 7.371091e-02 -6.391370e-01 -1.333507e+02
-6.427141e-01 9.281153e-03 7.660500e-01 3.937800e+02 6.314894e-02 9.971656e-01 4.090054e-02 1.154913e+00 -7.634991e-01 7.466258e-02 -6.414785e-01 -1.350831e+02
-6.451251e-01 1.299057e-02 7.639665e-01 3.958385e+02 6.465990e-02 9.971970e-01 3.764505e-02 1.214067e+00 -7.613361e-01 7.368375e-02 -6.441568e-01 -1.368244e+02
-6.480120e-01 1.202720e-02 7.615352e-01 3.978934e+02 6.400803e-02 9.971980e-01 3.871714e-02 1.272858e+00 -7.589357e-01 7.383352e-02 -6.469661e-01 -1.385702e+02
-6.508502e-01 1.161103e-02 7.591174e-01 3.999429e+02 6.462644e-02 9.971011e-01 4.015815e-02 1.334967e+00 -7.564505e-01 7.519598e-02 -6.497138e-01 -1.403176e+02
-6.550600e-01 1.168809e-02 7.554865e-01 4.040132e+02 6.588239e-02 9.969556e-01 4.170082e-02 1.463950e+00 -7.526991e-01 7.708978e-02 -6.538357e-01 -1.438398e+02
-6.576740e-01 1.232267e-02 7.532019e-01 4.080639e+02 6.689873e-02 9.968710e-01 4.210482e-02 1.596786e+00 -7.503263e-01 7.807948e-02 -6.564404e-01 -1.473861e+02
-6.597711e-01 1.115265e-02 7.513839e-01 4.120999e+02 6.999913e-02 9.964545e-01 4.667426e-02 1.739480e+00 -7.481993e-01 8.339053e-02 -6.582125e-01 -1.509391e+02
-6.619843e-01 1.147200e-02 7.494300e-01 4.161297e+02 7.086687e-02 9.963615e-01 4.734596e-02 1.902123e+00 -7.461600e-01 8.445202e-02 -6.603886e-01 -1.545063e+02
-6.647307e-01 1.113233e-02 7.470002e-01 4.201401e+02 6.397313e-02 9.970645e-01 4.206859e-02 2.051261e+00 -7.443390e-01 7.575220e-02 -6.634915e-01 -1.580701e+02
-6.666894e-01 8.669528e-03 7.452853e-01 4.241424e+02 6.129618e-02 9.971829e-01 4.323230e-02 2.186326e+00 -7.428109e-01 7.450564e-02 -6.653426e-01 -1.616509e+02
-6.676013e-01 8.285427e-03 7.444729e-01 4.261357e+02 5.852154e-02 9.974282e-01 4.137817e-02 2.256082e+00 -7.422154e-01 7.119181e-02 -6.663692e-01 -1.634423e+02
-6.688990e-01 5.516573e-03 7.433329e-01 4.301109e+02 5.777251e-02 9.973336e-01 4.458581e-02 2.396912e+00 -7.411049e-01 7.276759e-02 -6.674341e-01 -1.670320e+02
-6.679607e-01 3.317931e-03 7.441892e-01 4.340721e+02 6.413589e-02 9.965262e-01 5.312338e-02 2.549279e+00 -7.414277e-01 8.321354e-02 -6.658531e-01 -1.706280e+02
-6.664665e-01 2.245014e-03 7.455316e-01 4.360531e+02 6.807604e-02 9.960011e-01 5.785718e-02 2.650572e+00 -7.424204e-01 8.931269e-02 -6.639541e-01 -1.724221e+02
-6.640222e-01 7.332386e-04 7.477126e-01 4.400300e+02 5.667972e-02 9.971716e-01 4.935776e-02 2.843910e+00 -7.455615e-01 7.515477e-02 -6.621855e-01 -1.759705e+02
-6.599321e-01 -2.489415e-03 7.513212e-01 4.440392e+02 4.941883e-02 9.976851e-01 4.671333e-02 3.006852e+00 -7.496982e-01 6.795703e-02 -6.582813e-01 -1.795200e+02
-6.571388e-01 -2.384720e-03 7.537658e-01 4.460460e+02 5.118087e-02 9.975460e-01 4.777584e-02 3.098726e+00 -7.520300e-01 6.997374e-02 -6.554041e-01 -1.812884e+02
-6.542341e-01 -2.031108e-03 7.562894e-01 4.480532e+02 5.211326e-02 9.974985e-01 4.775987e-02 3.192574e+00 -7.544945e-01 7.065882e-02 -6.524916e-01 -1.830447e+02
-6.471136e-01 -1.651054e-02 7.622149e-01 4.602152e+02 2.716600e-02 9.986312e-01 4.469530e-02 3.669483e+00 -7.619095e-01 4.962925e-02 -6.457792e-01 -1.934519e+02
-6.457730e-01 -1.750312e-02 7.633289e-01 4.622462e+02 2.915962e-02 9.984425e-01 4.756317e-02 3.750848e+00 -7.629724e-01 5.297338e-02 -6.442568e-01 -1.951830e+02
-6.434782e-01 -2.002168e-02 7.652026e-01 4.663135e+02 2.551058e-02 9.985416e-01 4.757953e-02 3.921999e+00 -7.650392e-01 5.013714e-02 -6.420289e-01 -1.986214e+02
-6.415126e-01 -1.754977e-02 7.669117e-01 4.703839e+02 2.511503e-02 9.987218e-01 4.386287e-02 4.079549e+00 -7.667012e-01 4.739958e-02 -6.402518e-01 -2.020483e+02
-6.391027e-01 -1.702761e-02 7.689330e-01 4.744683e+02 2.897557e-02 9.985121e-01 4.619471e-02 4.230210e+00 -7.685754e-01 5.180342e-02 -6.376583e-01 -2.054787e+02
-6.372622e-01 -1.757278e-02 7.704467e-01 4.785558e+02 2.893845e-02 9.984892e-01 4.671006e-02 4.389454e+00 -7.701035e-01 5.206208e-02 -6.357909e-01 -2.088868e+02
-6.357276e-01 -1.991678e-02 7.716565e-01 4.826545e+02 2.804295e-02 9.984112e-01 4.887253e-02 4.555624e+00 -7.714039e-01 5.270913e-02 -6.341590e-01 -2.122853e+02
-6.337660e-01 -1.964247e-02 7.732754e-01 4.908629e+02 2.766558e-02 9.984623e-01 4.803691e-02 4.880930e+00 -7.730299e-01 5.183726e-02 -6.322480e-01 -2.190659e+02
-6.337949e-01 -2.127668e-02 7.732085e-01 4.949713e+02 2.566601e-02 9.984927e-01 4.851420e-02 5.038016e+00 -7.730752e-01 5.059322e-02 -6.322934e-01 -2.224476e+02
-6.341946e-01 -2.049598e-02 7.729018e-01 4.990722e+02 2.633335e-02 9.984960e-01 4.808582e-02 5.193552e+00 -7.727248e-01 5.084886e-02 -6.327010e-01 -2.258270e+02
-6.346633e-01 -2.373341e-02 7.724243e-01 5.031867e+02 2.489555e-02 9.983816e-01 5.113160e-02 5.349108e+00 -7.723877e-01 5.168127e-02 -6.330452e-01 -2.292205e+02
-6.349925e-01 -2.411289e-02 7.721420e-01 5.072915e+02 2.397188e-02 9.984163e-01 5.089305e-02 5.519275e+00 -7.721463e-01 5.082639e-02 -6.334088e-01 -2.326072e+02
-6.344472e-01 -2.404252e-02 7.725922e-01 5.196014e+02 2.355973e-02 9.984503e-01 5.041814e-02 6.026971e+00 -7.726070e-01 5.018971e-02 -6.328975e-01 -2.427680e+02
-6.339935e-01 -2.575882e-02 7.729093e-01 5.237106e+02 2.390444e-02 9.983148e-01 5.287899e-02 6.206642e+00 -7.729689e-01 5.200088e-02 -6.323092e-01 -2.461557e+02
-6.335759e-01 -2.408283e-02 7.733057e-01 5.278159e+02 2.550849e-02 9.983218e-01 5.198975e-02 6.392878e+00 -7.732599e-01 5.266529e-02 -6.318982e-01 -2.495367e+02
-6.330458e-01 -2.523112e-02 7.737031e-01 5.319262e+02 2.543230e-02 9.982513e-01 5.336260e-02 6.582378e+00 -7.736964e-01 5.345801e-02 -6.312970e-01 -2.529158e+02
-6.333535e-01 -2.499187e-02 7.734590e-01 5.360377e+02 2.464368e-02 9.983201e-01 5.243722e-02 6.771372e+00 -7.734701e-01 5.227216e-02 -6.316735e-01 -2.562925e+02
-6.335756e-01 -2.797597e-02 7.731749e-01 5.401536e+02 2.391813e-02 9.981601e-01 5.571629e-02 6.964906e+00 -7.733110e-01 5.379337e-02 -6.317407e-01 -2.596746e+02
-6.341505e-01 -2.755763e-02 7.727184e-01 5.442679e+02 2.260292e-02 9.982769e-01 5.415140e-02 7.168745e+00 -7.728792e-01 5.180582e-02 -6.324348e-01 -2.630547e+02
-6.343588e-01 -2.722893e-02 7.725591e-01 5.504365e+02 2.286776e-02 9.982811e-01 5.396156e-02 7.450904e+00 -7.727004e-01 5.189768e-02 -6.326457e-01 -2.681343e+02
-6.343860e-01 -2.725994e-02 7.725357e-01 5.545493e+02 2.445367e-02 9.981701e-01 5.530245e-02 7.654529e+00 -7.726295e-01 5.397442e-02 -6.325585e-01 -2.715254e+02
-6.344310e-01 -2.582120e-02 7.725481e-01 5.586591e+02 2.523755e-02 9.982171e-01 5.408937e-02 7.857401e+00 -7.725674e-01 5.381318e-02 -6.326482e-01 -2.749141e+02
-6.339634e-01 -2.711272e-02 7.728877e-01 5.648386e+02 2.651517e-02 9.980357e-01 5.675999e-02 8.161795e+00 -7.729084e-01 5.647699e-02 -6.319991e-01 -2.800085e+02
-6.328038e-01 -2.864444e-02 7.737822e-01 5.730773e+02 2.691291e-02 9.978980e-01 5.895046e-02 8.593947e+00 -7.738443e-01 5.812879e-02 -6.307027e-01 -2.867871e+02
-6.309177e-01 -2.685553e-02 7.753849e-01 5.813141e+02 2.800142e-02 9.979614e-01 5.734878e-02 9.031620e+00 -7.753443e-01 5.789422e-02 -6.288795e-01 -2.935428e+02
-6.296791e-01 -2.867949e-02 7.763258e-01 5.854383e+02 2.819705e-02 9.978161e-01 5.973258e-02 9.245509e+00 -7.763434e-01 5.950244e-02 -6.274952e-01 -2.969139e+02
-6.284360e-01 -2.762615e-02 7.773706e-01 5.895489e+02 2.792536e-02 9.979236e-01 5.803934e-02 9.456599e+00 -7.773598e-01 5.818235e-02 -6.263596e-01 -3.002630e+02
-6.272855e-01 -2.848438e-02 7.782683e-01 5.936716e+02 2.691617e-02 9.979409e-01 5.821879e-02 9.666809e+00 -7.783241e-01 5.746779e-02 -6.252271e-01 -3.036091e+02
-6.263289e-01 -3.020898e-02 7.789734e-01 5.978027e+02 2.504597e-02 9.979532e-01 5.883918e-02 9.883665e+00 -7.791565e-01 5.636281e-02 -6.242903e-01 -3.069488e+02
-6.260867e-01 -3.038338e-02 7.791613e-01 6.019345e+02 2.246797e-02 9.981227e-01 5.697568e-02 1.009861e+01 -7.794296e-01 5.317788e-02 -6.242287e-01 -3.102813e+02
-6.263989e-01 -3.193005e-02 7.788485e-01 6.060701e+02 2.349138e-02 9.979336e-01 5.980501e-02 1.031717e+01 -7.791486e-01 5.575801e-02 -6.243544e-01 -3.136242e+02
-6.266982e-01 -3.264678e-02 7.785779e-01 6.102041e+02 2.151846e-02 9.980160e-01 5.916888e-02 1.054205e+01 -7.789649e-01 5.383482e-02 -6.247523e-01 -3.169635e+02
-6.266057e-01 -2.915437e-02 7.787910e-01 6.143316e+02 2.264969e-02 9.981966e-01 5.559156e-02 1.075646e+01 -7.790073e-01 5.247334e-02 -6.248153e-01 -3.203039e+02
-6.265290e-01 -3.015212e-02 7.788147e-01 6.184658e+02 2.294946e-02 9.981044e-01 5.710404e-02 1.096062e+01 -7.790601e-01 5.365070e-02 -6.246494e-01 -3.236462e+02
-6.216649e-01 -2.849663e-02 7.827648e-01 6.495155e+02 2.497983e-02 9.981084e-01 5.617498e-02 1.258629e+01 -7.828849e-01 5.447533e-02 -6.197771e-01 -3.486239e+02
-6.205815e-01 -3.013895e-02 7.835626e-01 6.536623e+02 2.582840e-02 9.979332e-01 5.884059e-02 1.280042e+01 -7.837165e-01 5.675353e-02 -6.185204e-01 -3.519355e+02
-6.192251e-01 -3.037229e-02 7.846259e-01 6.598779e+02 2.531333e-02 9.979601e-01 5.860753e-02 1.313000e+01 -7.848054e-01 5.615274e-02 -6.171931e-01 -3.568806e+02
-6.183042e-01 -2.895769e-02 7.854053e-01 6.640361e+02 2.521061e-02 9.980760e-01 5.664565e-02 1.334665e+01 -7.855344e-01 5.482478e-02 -6.163845e-01 -3.601819e+02
-6.181211e-01 -2.959064e-02 7.855258e-01 6.681904e+02 2.430014e-02 9.980944e-01 5.671956e-02 1.355813e+01 -7.857072e-01 5.414793e-02 -6.162241e-01 -3.634752e+02
-6.188770e-01 -3.062233e-02 7.848909e-01 6.744325e+02 2.193799e-02 9.981761e-01 5.624143e-02 1.387413e+01 -7.851815e-01 5.202544e-02 -6.170764e-01 -3.684192e+02
-6.199262e-01 -3.124605e-02 7.840378e-01 6.806657e+02 2.229805e-02 9.981017e-01 5.740779e-02 1.418850e+01 -7.843432e-01 5.307110e-02 -6.180527e-01 -3.733743e+02
-6.206549e-01 -3.096139e-02 7.834724e-01 6.868945e+02 2.296153e-02 9.980738e-01 5.763181e-02 1.451349e+01 -7.837476e-01 5.375918e-02 -6.187484e-01 -3.783370e+02
-6.204054e-01 -2.873466e-02 7.837548e-01 6.910408e+02 2.516469e-02 9.980847e-01 5.651249e-02 1.472406e+01 -7.838775e-01 5.478359e-02 -6.184940e-01 -3.816488e+02
-6.184733e-01 -2.691439e-02 7.853448e-01 6.993457e+02 2.789353e-02 9.980315e-01 5.616999e-02 1.513859e+01 -7.853106e-01 5.664566e-02 -6.165050e-01 -3.882646e+02
-6.176405e-01 -2.677779e-02 7.860046e-01 7.035065e+02 2.660958e-02 9.981364e-01 5.491448e-02 1.534668e+01 -7.860103e-01 5.483265e-02 -6.157768e-01 -3.915686e+02
-6.167027e-01 -2.825224e-02 7.866891e-01 7.076613e+02 2.705064e-02 9.980050e-01 5.704677e-02 1.554996e+01 -7.867312e-01 5.646132e-02 -6.147080e-01 -3.948665e+02
-6.155892e-01 -2.809754e-02 7.875662e-01 7.118243e+02 2.864569e-02 9.979060e-01 5.799218e-02 1.576531e+01 -7.875464e-01 5.825973e-02 -6.134953e-01 -3.981607e+02
-6.121955e-01 -2.349402e-02 7.903574e-01 7.222296e+02 3.054747e-02 9.981095e-01 5.333110e-02 1.632798e+01 -7.901162e-01 5.679246e-02 -6.103204e-01 -4.063296e+02
-6.101021e-01 -2.603302e-02 7.918951e-01 7.284983e+02 2.725090e-02 9.981793e-01 5.380946e-02 1.666273e+01 -7.918540e-01 5.440910e-02 -6.082818e-01 -4.112077e+02
-6.053864e-01 -1.987480e-02 7.956836e-01 7.557109e+02 3.322671e-02 9.981856e-01 5.021309e-02 1.794006e+01 -7.952379e-01 5.683625e-02 -6.036276e-01 -4.322706e+02
-6.037548e-01 -1.753328e-02 7.969773e-01 7.599091e+02 3.433796e-02 9.982581e-01 4.797432e-02 1.809594e+01 -7.964302e-01 5.633129e-02 -6.021010e-01 -4.354976e+02
-6.011824e-01 -1.958408e-02 7.988719e-01 7.662346e+02 3.373856e-02 9.981862e-01 4.985979e-02 1.833932e+01 -7.983993e-01 5.692760e-02 -5.994312e-01 -4.403295e+02
-5.993871e-01 -1.845460e-02 8.002466e-01 8.104902e+02 3.014063e-02 9.985049e-01 4.560208e-02 2.003686e+01 -7.998916e-01 5.145323e-02 -5.979347e-01 -4.738196e+02
-5.934821e-01 -1.771187e-02 8.046523e-01 8.231164e+02 3.443497e-02 9.982836e-01 4.737201e-02 2.051693e+01 -8.041102e-01 5.582260e-02 -5.918535e-01 -4.833404e+02
-5.912662e-01 -1.944743e-02 8.062420e-01 8.273472e+02 3.392734e-02 9.982244e-01 4.895922e-02 2.068385e+01 -8.057625e-01 5.630156e-02 -5.895565e-01 -4.864927e+02
-5.892913e-01 -2.045812e-02 8.076616e-01 8.315909e+02 3.198517e-02 9.983049e-01 4.862434e-02 2.085797e+01 -8.072872e-01 5.448708e-02 -5.876380e-01 -4.896319e+02
-5.873742e-01 -2.061282e-02 8.090530e-01 8.379860e+02 3.284056e-02 9.982452e-01 4.927531e-02 2.112295e+01 -8.086489e-01 5.551278e-02 -5.856665e-01 -4.943446e+02
-5.655556e-01 -3.067740e-02 8.241394e-01 9.087272e+02 3.299448e-02 9.976662e-01 5.977874e-02 2.437286e+01 -8.240499e-01 6.100024e-02 -5.632235e-01 -5.453321e+02
-5.639883e-01 -2.826633e-02 8.252989e-01 9.172617e+02 3.514762e-02 9.976866e-01 5.818957e-02 2.478905e+01 -8.250344e-01 6.182552e-02 -5.616901e-01 -5.512578e+02
-5.613193e-01 -3.387633e-02 8.269057e-01 9.386325e+02 3.342527e-02 9.974186e-01 6.355154e-02 2.589232e+01 -8.269240e-01 6.331224e-02 -5.587380e-01 -5.659327e+02
-5.571162e-01 -3.320684e-02 8.297704e-01 9.493532e+02 3.399055e-02 9.974510e-01 6.273890e-02 2.650083e+01 -8.297386e-01 6.315719e-02 -5.545673e-01 -5.732481e+02
-5.553392e-01 -3.263775e-02 8.309833e-01 9.536604e+02 3.456643e-02 9.974601e-01 6.227676e-02 2.674228e+01 -8.309052e-01 6.330884e-02 -5.528005e-01 -5.761661e+02
-5.304844e-01 -3.806809e-02 8.468395e-01 1.059374e+03 3.788884e-02 9.969279e-01 6.854968e-02 3.289861e+01 -8.468475e-01 6.845029e-02 -5.274124e-01 -6.457840e+02
-5.291392e-01 -4.250205e-02 8.474700e-01 1.063674e+03 3.172423e-02 9.970556e-01 6.981184e-02 3.316135e+01 -8.479418e-01 6.382550e-02 -5.262328e-01 -6.484919e+02
-5.279950e-01 -4.015087e-02 8.482979e-01 1.072257e+03 2.790603e-02 9.975221e-01 6.458301e-02 3.365737e+01 -8.487888e-01 5.777212e-02 -5.255662e-01 -6.538847e+02
-5.182364e-01 -3.465334e-02 8.545351e-01 1.104507e+03 4.023702e-02 9.970844e-01 6.483594e-02 3.543368e+01 -8.542904e-01 6.798427e-02 -5.153310e-01 -6.739958e+02
-5.164039e-01 -3.575465e-02 8.555984e-01 1.108829e+03 3.949356e-02 9.970705e-01 6.550331e-02 3.566545e+01 -8.554340e-01 6.761678e-02 -5.134789e-01 -6.766374e+02
-5.138482e-01 -3.859073e-02 8.570127e-01 1.115326e+03 3.938384e-02 9.968733e-01 6.850235e-02 3.602658e+01 -8.569766e-01 6.895225e-02 -5.107217e-01 -6.805868e+02
-5.065972e-01 -3.485421e-02 8.614781e-01 1.132753e+03 3.822998e-02 9.972917e-01 6.283040e-02 3.699032e+01 -8.613348e-01 6.476399e-02 -5.038927e-01 -6.910464e+02
-5.049198e-01 -3.308991e-02 8.625318e-01 1.137143e+03 3.883964e-02 9.973818e-01 6.099969e-02 3.721242e+01 -8.622920e-01 6.430036e-02 -5.023126e-01 -6.936540e+02
-5.033773e-01 -3.346126e-02 8.634186e-01 1.141541e+03 3.941136e-02 9.973208e-01 6.162757e-02 3.743261e+01 -8.631674e-01 6.505041e-02 -5.007099e-01 -6.962551e+02
-5.022953e-01 -3.581665e-02 8.639541e-01 1.150376e+03 3.555618e-02 9.974412e-01 6.202263e-02 3.789135e+01 -8.639648e-01 6.187256e-02 -4.997365e-01 -7.014450e+02
-5.028628e-01 -3.664102e-02 8.635893e-01 1.154800e+03 3.577497e-02 9.973627e-01 6.314841e-02 3.812449e+01 -8.636255e-01 6.264986e-02 -5.002258e-01 -7.040408e+02
-5.031328e-01 -3.599091e-02 8.634594e-01 1.159229e+03 3.680543e-02 9.973335e-01 6.301739e-02 3.836214e+01 -8.634250e-01 6.348609e-02 -5.004665e-01 -7.066378e+02
-5.034927e-01 -3.274506e-02 8.633788e-01 1.163663e+03 3.877204e-02 9.974186e-01 6.043925e-02 3.860075e+01 -8.631291e-01 6.390566e-02 -5.009233e-01 -7.092369e+02
-5.038034e-01 -3.526568e-02 8.630982e-01 1.168110e+03 3.807084e-02 9.972889e-01 6.297115e-02 3.883461e+01 -8.629790e-01 6.458394e-02 -5.010949e-01 -7.118436e+02
-5.037058e-01 -3.305809e-02 8.632426e-01 1.172562e+03 3.933438e-02 9.973535e-01 6.114568e-02 3.907728e+01 -8.629793e-01 6.475453e-02 -5.010724e-01 -7.144590e+02
-5.017803e-01 -3.616806e-02 8.642386e-01 1.181516e+03 4.143355e-02 9.969736e-01 6.577945e-02 3.954154e+01 -8.640021e-01 6.881529e-02 -4.987631e-01 -7.197105e+02
-5.014015e-01 -3.761285e-02 8.643968e-01 1.186021e+03 4.043427e-02 9.969444e-01 6.683473e-02 3.980234e+01 -8.642694e-01 6.846227e-02 -4.983486e-01 -7.223448e+02
-5.011283e-01 -3.664291e-02 8.645969e-01 1.188272e+03 3.934465e-02 9.971052e-01 6.506332e-02 3.993274e+01 -8.644781e-01 6.662232e-02 -4.982359e-01 -7.236591e+02
-5.008074e-01 -3.594900e-02 8.648120e-01 1.190524e+03 3.913494e-02 9.971749e-01 6.411394e-02 4.006015e+01 -8.646736e-01 6.595308e-02 -4.979856e-01 -7.249743e+02
-4.994819e-01 -3.515332e-02 8.656108e-01 1.195054e+03 3.989960e-02 9.971826e-01 6.351978e-02 4.030956e+01 -8.654050e-01 6.626449e-02 -4.966721e-01 -7.276201e+02
-4.978729e-01 -3.237222e-02 8.666457e-01 1.199585e+03 4.102389e-02 9.973053e-01 6.082032e-02 4.055332e+01 -8.662792e-01 6.583395e-02 -4.952032e-01 -7.302584e+02
-4.963348e-01 -3.341418e-02 8.674879e-01 1.204142e+03 4.194541e-02 9.971689e-01 6.240841e-02 4.079001e+01 -8.671172e-01 6.736258e-02 -4.935280e-01 -7.328978e+02
-4.956990e-01 -3.323065e-02 8.678584e-01 1.206417e+03 4.220870e-02 9.971651e-01 6.229041e-02 4.090637e+01 -8.674681e-01 6.750846e-02 -4.928911e-01 -7.342126e+02
-4.951215e-01 -3.371898e-02 8.681692e-01 1.208709e+03 4.247196e-02 9.971126e-01 6.294901e-02 4.102557e+01 -8.677850e-01 6.804024e-02 -4.922597e-01 -7.355340e+02
-4.936828e-01 -3.478054e-02 8.689463e-01 1.213283e+03 4.165409e-02 9.971073e-01 6.357565e-02 4.126512e+01 -8.686439e-01 6.758135e-02 -4.908059e-01 -7.381592e+02
-4.914235e-01 -3.376637e-02 8.702660e-01 1.217874e+03 4.315538e-02 9.970765e-01 6.305569e-02 4.150237e+01 -8.698509e-01 6.854369e-02 -4.885296e-01 -7.407904e+02
-4.882299e-01 -3.093513e-02 8.721666e-01 1.222478e+03 4.327920e-02 9.972837e-01 5.960019e-02 4.172981e+01 -8.716412e-01 6.684526e-02 -4.855648e-01 -7.434152e+02
-4.852072e-01 -2.865753e-02 8.739295e-01 1.227101e+03 4.392202e-02 9.974023e-01 5.709198e-02 4.194350e+01 -8.732953e-01 6.608618e-02 -4.826881e-01 -7.460279e+02
-4.830361e-01 -3.069926e-02 8.750622e-01 1.231744e+03 4.274072e-02 9.973671e-01 5.858296e-02 4.215831e+01 -8.745567e-01 6.569845e-02 -4.804522e-01 -7.486314e+02
-4.824974e-01 -3.015414e-02 8.753782e-01 1.234074e+03 4.149738e-02 9.974980e-01 5.723362e-02 4.226955e+01 -8.749138e-01 6.394096e-02 -4.800389e-01 -7.499294e+02
-4.818709e-01 -2.891977e-02 8.757649e-01 1.236405e+03 4.054171e-02 9.976490e-01 5.525187e-02 4.237920e+01 -8.753038e-01 6.212926e-02 -4.795655e-01 -7.512267e+02
-4.806926e-01 -2.658732e-02 8.764861e-01 1.241082e+03 4.127268e-02 9.977465e-01 5.290087e-02 4.258650e+01 -8.759173e-01 6.160397e-02 -4.785120e-01 -7.538235e+02
-4.795872e-01 -2.704466e-02 8.770774e-01 1.245771e+03 4.237194e-02 9.976452e-01 5.393140e-02 4.278686e+01 -8.764706e-01 6.302826e-02 -4.773119e-01 -7.564194e+02
-4.783352e-01 -2.882378e-02 8.777042e-01 1.250478e+03 4.131594e-02 9.976158e-01 5.527822e-02 4.299082e+01 -8.772049e-01 6.270468e-02 -4.760038e-01 -7.590137e+02
-4.770816e-01 -3.079840e-02 8.783192e-01 1.255209e+03 4.074245e-02 9.975362e-01 5.710906e-02 4.320690e+01 -8.779141e-01 6.303055e-02 -4.746514e-01 -7.616116e+02
-4.757567e-01 -3.155398e-02 8.790108e-01 1.259949e+03 4.252331e-02 9.973626e-01 5.881783e-02 4.343590e+01 -8.785484e-01 6.536141e-02 -4.731602e-01 -7.642087e+02
-4.743670e-01 -2.406703e-02 8.799982e-01 1.264716e+03 4.159496e-02 9.978970e-01 4.971339e-02 4.365179e+01 -8.793439e-01 6.018586e-02 -4.723683e-01 -7.668074e+02
-4.727143e-01 -1.714449e-02 8.810490e-01 1.269473e+03 4.211108e-02 9.982289e-01 4.201881e-02 4.381598e+01 -8.802090e-01 5.696480e-02 -4.711551e-01 -7.693932e+02
-4.720049e-01 -1.949420e-02 8.813804e-01 1.271868e+03 4.262014e-02 9.980819e-01 4.489970e-02 4.389318e+01 -8.805651e-01 5.875742e-02 -4.702687e-01 -7.706928e+02
-4.710468e-01 -2.340182e-02 8.817978e-01 1.276670e+03 4.182801e-02 9.979310e-01 4.882791e-02 4.406634e+01 -8.811159e-01 5.988406e-02 -4.690933e-01 -7.732870e+02
-4.702340e-01 -2.543327e-02 8.821753e-01 1.281478e+03 4.185084e-02 9.978175e-01 5.107540e-02 4.425252e+01 -8.815489e-01 6.093715e-02 -4.681433e-01 -7.758763e+02
-4.691742e-01 -2.447601e-02 8.827664e-01 1.286290e+03 4.199495e-02 9.978666e-01 4.998688e-02 4.443881e+01 -8.821066e-01 6.052427e-02 -4.671453e-01 -7.784617e+02
-4.681761e-01 -2.201472e-02 8.833609e-01 1.291103e+03 4.169577e-02 9.980256e-01 4.697086e-02 4.461411e+01 -8.826508e-01 5.882303e-02 -4.663338e-01 -7.810407e+02
-4.670401e-01 -2.177379e-02 8.839681e-01 1.295919e+03 4.229333e-02 9.980025e-01 4.692813e-02 4.477631e+01 -8.832241e-01 5.930326e-02 -4.651862e-01 -7.836147e+02
-4.659909e-01 -2.233297e-02 8.845077e-01 1.300742e+03 4.178726e-02 9.980103e-01 4.721386e-02 4.494119e+01 -8.838022e-01 5.896236e-02 -4.641304e-01 -7.861825e+02
-4.649276e-01 -2.138350e-02 8.850905e-01 1.305561e+03 4.229027e-02 9.980307e-01 4.632668e-02 4.510370e+01 -8.843381e-01 5.896925e-02 -4.631077e-01 -7.887421e+02
-4.637683e-01 -1.810327e-02 8.857716e-01 1.310380e+03 4.307176e-02 9.981483e-01 4.295132e-02 4.525492e+01 -8.849089e-01 5.807119e-02 -4.621298e-01 -7.912954e+02
-4.628104e-01 -1.850341e-02 8.862642e-01 1.315208e+03 4.257494e-02 9.981644e-01 4.307244e-02 4.539321e+01 -8.854343e-01 5.766701e-02 -4.611730e-01 -7.938437e+02
-4.616834e-01 -1.965204e-02 8.868271e-01 1.320032e+03 4.395773e-02 9.980194e-01 4.500050e-02 4.553831e+01 -8.859549e-01 5.975888e-02 -4.599051e-01 -7.963846e+02
-4.604053e-01 -1.812090e-02 8.875239e-01 1.324867e+03 4.409868e-02 9.980903e-01 4.325468e-02 4.570716e+01 -8.866128e-01 5.905331e-02 -4.587269e-01 -7.989070e+02
-4.594641e-01 -1.777702e-02 8.880185e-01 1.329709e+03 4.256761e-02 9.982101e-01 4.200755e-02 4.586664e+01 -8.871757e-01 5.710177e-02 -4.578849e-01 -8.014285e+02
-4.584249e-01 -1.394862e-02 8.886237e-01 1.334542e+03 4.163794e-02 9.984417e-01 3.715267e-02 4.596958e+01 -8.877572e-01 5.403216e-02 -4.571297e-01 -8.039500e+02
-4.574775e-01 -1.539285e-02 8.890880e-01 1.339380e+03 4.295617e-02 9.983003e-01 3.938660e-02 4.606417e+01 -8.881830e-01 5.621028e-02 -4.560386e-01 -8.064689e+02
-4.566051e-01 -1.532619e-02 8.895375e-01 1.344212e+03 4.242098e-02 9.983393e-01 3.897573e-02 4.616921e+01 -8.886575e-01 5.553156e-02 -4.551966e-01 -8.089741e+02
-4.558015e-01 -1.351150e-02 8.899789e-01 1.349058e+03 4.146560e-02 9.984768e-01 3.639524e-02 4.627189e+01 -8.891150e-01 5.349250e-02 -4.545470e-01 -8.114819e+02
-4.553181e-01 -1.245396e-02 8.902417e-01 1.351478e+03 4.176598e-02 9.985026e-01 3.532985e-02 4.632033e+01 -8.893486e-01 5.326813e-02 -4.541161e-01 -8.127339e+02
-4.542477e-01 -1.307768e-02 8.907795e-01 1.356319e+03 4.258238e-02 9.984306e-01 3.637274e-02 4.641171e+01 -8.898572e-01 5.445373e-02 -4.529779e-01 -8.152327e+02
-4.536658e-01 -1.372142e-02 8.910663e-01 1.358741e+03 4.260303e-02 9.984043e-01 3.706465e-02 4.645846e+01 -8.901530e-01 5.477708e-02 -4.523573e-01 -8.164808e+02
-4.527136e-01 -1.390433e-02 8.915476e-01 1.363568e+03 4.179714e-02 9.984483e-01 3.679544e-02 4.655681e+01 -8.906758e-01 5.392192e-02 -4.514299e-01 -8.189605e+02
-4.506717e-01 -1.260549e-02 8.926008e-01 1.373206e+03 4.172711e-02 9.985099e-01 3.516905e-02 4.674966e+01 -8.917140e-01 5.309534e-02 -4.494741e-01 -8.238932e+02
-4.493873e-01 -1.021222e-02 8.932787e-01 1.378014e+03 4.308524e-02 9.985232e-01 3.309056e-02 4.684358e+01 -8.922974e-01 5.335759e-02 -4.482837e-01 -8.263424e+02
-4.475542e-01 -8.030314e-03 8.942208e-01 1.382830e+03 4.359172e-02 9.985750e-01 3.078492e-02 4.692624e+01 -8.931937e-01 5.275853e-02 -4.465663e-01 -8.287850e+02
-4.431812e-01 -7.331661e-03 8.964021e-01 1.397297e+03 4.064830e-02 9.987736e-01 2.826547e-02 4.710779e+01 -8.955099e-01 4.896394e-02 -4.423397e-01 -8.360545e+02
-4.415503e-01 -7.757886e-03 8.972030e-01 1.402118e+03 4.109353e-02 9.987384e-01 2.885964e-02 4.716495e+01 -8.962949e-01 4.961221e-02 -4.406744e-01 -8.384586e+02
-4.400229e-01 -6.675482e-03 8.979618e-01 1.406940e+03 4.260319e-02 9.986911e-01 2.830089e-02 4.722089e+01 -8.969753e-01 5.070907e-02 -4.391625e-01 -8.408560e+02
-4.383762e-01 -4.929933e-03 8.987781e-01 1.411748e+03 4.373426e-02 9.986834e-01 2.680917e-02 4.727064e+01 -8.977269e-01 5.105988e-02 -4.375834e-01 -8.432372e+02
-4.367389e-01 -3.102551e-03 8.995830e-01 1.416545e+03 4.374984e-02 9.987375e-01 2.468465e-02 4.731261e+01 -8.985238e-01 5.013735e-02 -4.360518e-01 -8.456026e+02
-4.358876e-01 -1.574316e-03 8.999997e-01 1.418942e+03 4.471321e-02 9.987257e-01 2.340249e-02 4.732869e+01 -8.988897e-01 5.044272e-02 -4.352618e-01 -8.467820e+02
-4.343995e-01 -2.052241e-03 9.007180e-01 1.423739e+03 4.460160e-02 9.987216e-01 2.378605e-02 4.735820e+01 -8.996153e-01 5.050610e-02 -4.337526e-01 -8.491316e+02
-4.339416e-01 -1.842975e-03 9.009391e-01 1.426137e+03 4.385551e-02 9.987692e-01 2.316631e-02 4.737431e+01 -8.998729e-01 4.956396e-02 -4.333267e-01 -8.503038e+02
-4.334386e-01 -1.343399e-03 9.011822e-01 1.428540e+03 4.357482e-02 9.987979e-01 2.244694e-02 4.739107e+01 -9.001290e-01 4.899821e-02 -4.328590e-01 -8.514737e+02
-4.329478e-01 7.404537e-05 9.014190e-01 1.430939e+03 4.315982e-02 9.988548e-01 2.064743e-02 4.740614e+01 -9.003851e-01 4.784433e-02 -4.324551e-01 -8.526428e+02
-4.323331e-01 1.401061e-03 9.017129e-01 1.433338e+03 4.286540e-02 9.989002e-01 1.900006e-02 4.741639e+01 -9.006945e-01 4.686663e-02 -4.319176e-01 -8.538098e+02
-4.312015e-01 1.795337e-03 9.022539e-01 1.438134e+03 4.309415e-02 9.988977e-01 1.860773e-02 4.742352e+01 -9.012259e-01 4.690553e-02 -4.308036e-01 -8.561389e+02
-4.302672e-01 3.617582e-04 9.027015e-01 1.442936e+03 4.193924e-02 9.989281e-01 1.958976e-02 4.743237e+01 -9.017268e-01 4.628744e-02 -4.298211e-01 -8.584621e+02
-4.297253e-01 1.296619e-03 9.029588e-01 1.445330e+03 4.221789e-02 9.989342e-01 1.865738e-02 4.743887e+01 -9.019722e-01 4.613855e-02 -4.293220e-01 -8.596177e+02
-4.289482e-01 8.136587e-04 9.033288e-01 1.447721e+03 4.221544e-02 9.989250e-01 1.914635e-02 4.744620e+01 -9.023421e-01 4.634720e-02 -4.285214e-01 -8.607713e+02
-4.279515e-01 1.090654e-03 9.038011e-01 1.452509e+03 4.158581e-02 9.989639e-01 1.848546e-02 4.745636e+01 -9.028444e-01 4.549616e-02 -4.275534e-01 -8.630706e+02
-4.274579e-01 5.215355e-04 9.040351e-01 1.454899e+03 4.122704e-02 9.989707e-01 1.891721e-02 4.745953e+01 -9.030947e-01 4.535699e-02 -4.270394e-01 -8.642129e+02
-4.269578e-01 -1.631143e-04 9.042716e-01 1.457288e+03 4.163262e-02 9.989360e-01 1.983730e-02 4.746458e+01 -9.033126e-01 4.611687e-02 -4.264967e-01 -8.653539e+02
-4.257562e-01 -1.093507e-03 9.048373e-01 1.462058e+03 4.241997e-02 9.988756e-01 2.116716e-02 4.747405e+01 -9.038430e-01 4.739521e-02 -4.252311e-01 -8.676272e+02
-4.251587e-01 -8.591846e-04 9.051184e-01 1.464432e+03 4.309736e-02 9.988461e-01 2.119215e-02 4.747977e+01 -9.040922e-01 4.801823e-02 -4.246311e-01 -8.687581e+02
-4.240617e-01 -8.900667e-04 9.056329e-01 1.469182e+03 4.262046e-02 9.988719e-01 2.093868e-02 4.746689e+01 -9.046298e-01 4.747777e-02 -4.235454e-01 -8.710138e+02
-4.228103e-01 6.555064e-06 9.062182e-01 1.473920e+03 4.267192e-02 9.988909e-01 1.990202e-02 4.745073e+01 -9.052129e-01 4.708484e-02 -4.223416e-01 -8.732573e+02
-4.222627e-01 -1.799469e-04 9.064735e-01 1.476283e+03 4.245951e-02 9.988984e-01 1.997721e-02 4.743923e+01 -9.054785e-01 4.692404e-02 -4.217899e-01 -8.743734e+02
-4.216964e-01 -3.894153e-04 9.067370e-01 1.478642e+03 4.232400e-02 9.989015e-01 2.011262e-02 4.742685e+01 -9.057487e-01 4.685814e-02 -4.212167e-01 -8.754851e+02
-4.213238e-01 -1.291479e-03 9.069094e-01 1.483348e+03 4.156309e-02 9.989208e-01 2.073150e-02 4.742592e+01 -9.059574e-01 4.642862e-02 -4.208153e-01 -8.776953e+02
-4.216268e-01 -3.387924e-03 9.067632e-01 1.488042e+03 4.161059e-02 9.988673e-01 2.308014e-02 4.744804e+01 -9.058142e-01 4.746214e-02 -4.210082e-01 -8.798970e+02
-4.216739e-01 -4.360895e-03 9.067371e-01 1.492712e+03 4.118089e-02 9.988645e-01 2.395495e-02 4.746804e+01 -9.058119e-01 4.744141e-02 -4.210155e-01 -8.820850e+02
-4.214202e-01 -3.904039e-03 9.068571e-01 1.497363e+03 4.026236e-02 9.989241e-01 2.301046e-02 4.749161e+01 -9.059713e-01 4.620927e-02 -4.208096e-01 -8.842612e+02
-4.210012e-01 -4.289538e-03 9.070500e-01 1.501996e+03 4.116449e-02 9.988681e-01 2.382997e-02 4.753210e+01 -9.061255e-01 4.737068e-02 -4.203481e-01 -8.864270e+02
-4.198049e-01 -2.796147e-03 9.076101e-01 1.506608e+03 4.168256e-02 9.988807e-01 2.235713e-02 4.755386e+01 -9.066567e-01 4.721713e-02 -4.192184e-01 -8.885793e+02
-4.186422e-01 -5.166499e-03 9.081366e-01 1.511216e+03 4.348520e-02 9.987227e-01 2.572810e-02 4.758029e+01 -9.071095e-01 5.026136e-02 -4.178827e-01 -8.907229e+02
-4.180522e-01 -3.871311e-03 9.084148e-01 1.513510e+03 4.362082e-02 9.987518e-01 2.433057e-02 4.759751e+01 -9.073751e-01 4.979723e-02 -4.173615e-01 -8.917874e+02
-4.168562e-01 -1.810196e-03 9.089707e-01 1.518096e+03 4.425264e-02 9.987718e-01 2.228339e-02 4.762399e+01 -9.078946e-01 4.951331e-02 -4.162640e-01 -8.939096e+02
-4.157740e-01 -4.596890e-03 9.094564e-01 1.522676e+03 4.362042e-02 9.987356e-01 2.498999e-02 4.764596e+01 -9.084213e-01 5.006105e-02 -4.150477e-01 -8.960191e+02
-4.146836e-01 -6.265259e-03 9.099442e-01 1.527242e+03 4.329189e-02 9.987081e-01 2.660558e-02 4.768706e+01 -9.089353e-01 5.042608e-02 -4.138766e-01 -8.981170e+02
-4.134721e-01 -3.057610e-03 9.105117e-01 1.531795e+03 4.374900e-02 9.987726e-01 2.322083e-02 4.772020e+01 -9.094651e-01 4.943512e-02 -4.128308e-01 -9.002017e+02
-4.120512e-01 -2.077011e-03 9.111583e-01 1.536337e+03 4.372837e-02 9.988000e-01 2.205198e-02 4.773818e+01 -9.101107e-01 4.893000e-02 -4.114659e-01 -9.022742e+02
-4.109377e-01 -8.137194e-03 9.116271e-01 1.540873e+03 4.298603e-02 9.986750e-01 2.829116e-02 4.776928e+01 -9.106494e-01 5.081312e-02 -4.100434e-01 -9.043349e+02
-4.098924e-01 -7.215828e-03 9.121054e-01 1.545392e+03 4.264259e-02 9.987237e-01 2.706429e-02 4.781679e+01 -9.111365e-01 4.998797e-02 -4.090615e-01 -9.063787e+02
-4.087268e-01 -1.094511e-02 9.125912e-01 1.561071e+03 4.029120e-02 9.987368e-01 3.002371e-02 4.792615e+01 -9.117670e-01 4.904088e-02 -4.077694e-01 -9.134263e+02
-4.102545e-01 -9.769812e-03 9.119188e-01 1.565507e+03 4.114888e-02 9.987259e-01 2.921189e-02 4.797397e+01 -9.110422e-01 4.950873e-02 -4.093298e-01 -9.154256e+02
-4.115826e-01 -9.531422e-03 9.113227e-01 1.569920e+03 4.036102e-02 9.987736e-01 2.867439e-02 4.801985e+01 -9.104783e-01 4.858378e-02 -4.106931e-01 -9.174222e+02
