1.000000000000000000e+00 0.000000000000000000e+00 0.000000000000000000e+00 0.000000000000000000e+00 0.000000000000000000e+00 1.000000000000000000e+00 0.000000000000000000e+00 0.000000000000000000e+00 0.000000000000000000e+00 0.000000000000000000e+00 1.000000000000000000e+00 0.000000000000000000e+00
9.999917365140622572e-01 7.331898449042531995e-04 3.998666808015011349e-03 -1.337999999999999997e-04 -7.340071587915005186e-04 9.999997100258232186e-01 2.029328960111489446e-04 -5.335000000000000115e-04 -3.998516860166342370e-03 -2.058662691407214254e-04 9.999919847088766245e-01 4.803650000000000281e-02
9.999631108609650099e-01 1.397854777951398637e-03 8.474840369071937052e-03 -2.846999999999999813e-04 -1.401719195177941572e-03 9.999989163120847069e-01 4.500643887658046160e-04 -8.792999999999999601e-04 -8.474202060333623637e-03 -4.619271326993897768e-04 9.999639866129003130e-01 9.639349999999999308e-02
9.999174732627688078e-01 2.225866696593502888e-03 1.265275389980744999e-02 1.030999999999999988e-04 -2.226041307982355114e-03 9.999975223669382851e-01 -2.830732619276918484e-07 -1.250999999999999942e-03 -1.265272318100940999e-02 -2.788250293989123286e-05 9.999199507053906366e-01 1.442432999999999910e-01
9.998590346470993540e-01 2.027957626106671653e-03 1.666727999516978351e-02 6.497999999999999653e-04 -2.015899561044533998e-03 9.999976941042540979e-01 -7.402264076613125545e-04 -1.801499999999999933e-03 -1.666874270994820814e-02 7.065224989584611461e-04 9.998608172352930756e-01 1.921965999999999952e-01
9.997946190851838555e-01 1.387471693258110136e-03 2.021866886352015336e-02 1.438100000000000099e-03 -1.367186586856476444e-03 9.999985481794197995e-01 -1.017074180917550445e-03 -2.367100000000000020e-03 -2.022005067127655847e-02 9.892226004175402269e-04 9.997950644954685107e-01 2.402026999999999912e-01
9.997026574160536860e-01 1.334902806682784814e-03 2.434778819065951810e-02 2.189400000000000200e-03 -1.312899967744192041e-03 9.999987152656240053e-01 -9.196525301025307427e-04 -2.871900000000000147e-03 -2.434898455696266062e-02 8.874128679127378473e-04 9.997031256575357183e-01 2.877437999999999940e-01
9.996020114192429862e-01 2.049790759092146898e-03 2.813569129144721792e-02 3.242699999999999836e-03 -1.997004990644969842e-03 9.999961932082580551e-01 -1.904085097739171596e-03 -3.413699999999999981e-03 -2.813948716076782736e-02 1.847140177689215491e-03 9.996022995849364046e-01 3.356948000000000154e-01
9.994790604951561130e-01 1.633809496100130116e-03 3.223256580309240282e-02 4.475299999999999764e-03 -1.568571864026385970e-03 9.999966702802423058e-01 -2.049148783241010446e-03 -3.956000000000000315e-03 -3.223580639642219248e-02 1.997522204864407829e-03 9.994782952575876900e-01 3.833769000000000204e-01
9.993371770358021600e-01 1.344069022581149443e-03 3.637856611490380282e-02 5.831000000000000245e-03 -1.255897992191421213e-03 9.999962187912653233e-01 -2.446451185926572409e-03 -4.339400000000000202e-03 -3.638171675920611609e-02 2.399141853757240719e-03 9.993350863469262491e-01 4.312591000000000063e-01
9.992014335919900958e-01 -1.072081780705253466e-04 3.995602099957240583e-02 7.594799999999999641e-03 2.255249907655746755e-04 9.999956035798447385e-01 -2.956680479938589463e-03 -5.032400000000000241e-03 -3.995552835578897177e-02 2.963330455495049795e-03 9.991970648607917393e-01 4.793044000000000193e-01
9.990373443523143937e-01 -2.233952274493565017e-03 4.381088959049248693e-02 9.146100000000000757e-03 2.427314036944495934e-03 9.999875454694723276e-01 -4.360854561438088674e-03 -5.572800000000000149e-03 -4.380060200546437993e-02 4.462999347439812643e-03 9.990303243149246670e-01 5.273544000000000009e-01
9.988822654520848054e-01 -3.810571483864732580e-03 4.711368495752644991e-02 1.106530000000000014e-02 4.031214711288204529e-03 9.999813446506224945e-01 -4.589080374584907085e-03 -6.146200000000000101e-03 -4.709531901646055174e-02 4.773876380810853151e-03 9.988789921862599730e-01 5.752549999999999608e-01
9.987018754535473830e-01 -5.085411309799001307e-03 5.068236929522342005e-02 1.286699999999999997e-02 5.407528348894627586e-03 9.999660313750563523e-01 -6.220509076900391371e-03 -6.656800000000000044e-03 -5.064901383761719056e-02 6.486500430129302913e-03 9.986954504299330182e-01 6.231605000000000061e-01
9.985191099005354953e-01 -7.120774394957254255e-03 5.393404987073165124e-02 1.486029999999999990e-02 7.565260802070228677e-03 9.999390477337032346e-01 -8.041619638577281182e-03 -7.442200000000000377e-03 -5.387349990894509111e-02 8.437736037054797966e-03 9.985121184132569327e-01 6.711749000000000187e-01
9.983331751563979672e-01 -8.509574966523747105e-03 5.708290914130052102e-02 1.739090000000000080e-02 8.978985630704818324e-03 9.999279109287150247e-01 -7.971873229015097664e-03 -8.172000000000000444e-03 -5.701095683452834378e-02 8.471132133605495731e-03 9.983376135963156761e-01 7.197647000000000350e-01
9.981049475017148565e-01 -8.303294947312727520e-03 6.097187110149170086e-02 1.997739999999999932e-02 8.865582189083356934e-03 9.999205805789000978e-01 -8.957342641876527706e-03 -8.818700000000000497e-03 -6.089265329288580386e-02 9.480919141797515548e-03 9.980992921283828867e-01 7.676625999999999728e-01
9.978733579456978697e-01 -7.262787471467345782e-03 6.477664255209264477e-02 2.259480000000000169e-02 7.892568855722861473e-03 9.999239936827104547e-01 -9.471758784750426360e-03 -9.495399999999999327e-03 -6.470292774701122407e-02 9.962869855775506947e-03 9.978548353168420482e-01 8.163707999999999521e-01
9.976076702545163544e-01 -8.471858096151529960e-03 6.860877399979377345e-02 2.567940000000000153e-02 9.191724018375202476e-03 9.999059004297207176e-01 -1.018344221761859937e-02 -1.024279999999999982e-02 -6.851604526624498204e-02 1.078971298173515662e-02 9.975916667829807238e-01 8.649769999999999959e-01
9.973331401785529016e-01 -7.329084942116420934e-03 7.261468181778582553e-02 2.863889999999999839e-02 8.121971862339901274e-03 9.999105160122320202e-01 -1.062984201290174610e-02 -1.117549999999999967e-02 -7.253027695145242149e-02 1.119126811684603012e-02 9.973034214537130904e-01 9.134217000000000031e-01
9.969106742003972510e-01 -6.693191686077603827e-03 7.825796349486129067e-02 3.657570000000000265e-02 7.637864911061116591e-03 9.999014638158525425e-01 -1.177818655463644393e-02 -1.219920000000000032e-02 -7.817141859343477994e-02 1.233952365242917126e-02 9.968635641205476627e-01 1.012566000000000077e+00
9.967219993730244143e-01 -7.840424534164064027e-03 8.052194551154780167e-02 4.084039999999999893e-02 8.776858542918873282e-03 9.998978341690240024e-01 -1.128219740177165142e-02 -1.280990000000000080e-02 -8.042526170276469155e-02 1.195194407697046032e-02 9.966889827387592771e-01 1.062197400000000069e+00
9.963264147585964015e-01 -7.873750071956325119e-03 8.527414211873284022e-02 4.877589999999999704e-02 8.756731805792717510e-03 9.999118005193040615e-01 -9.985531048715435079e-03 -1.463799999999999997e-02 -8.518799740786782426e-02 1.069557114173009214e-02 9.963074876038969796e-01 1.160619000000000067e+00
9.959367341253060335e-01 -9.874722013670690288e-03 8.951263310266455164e-02 5.862169999999999881e-02 1.066458031841523331e-02 9.999082678478475872e-01 -8.350006955038014045e-03 -1.615489999999999982e-02 -8.942196791869200245e-02 9.270693321960350730e-03 9.959506844713138518e-01 1.260520000000000085e+00
9.956244233276750899e-01 -9.020406645134754556e-03 9.300881644979124008e-02 6.250300000000000300e-02 9.816779587165874385e-03 9.999189392866659754e-01 -8.108371868988242109e-03 -1.683089999999999933e-02 -9.292813627729522297e-02 8.985940116938529593e-03 9.956322686455292281e-01 1.309766800000000009e+00
9.951554629501084825e-01 -6.000570159633665870e-03 9.813051369637471044e-02 7.206999999999999518e-02 7.295007859315336823e-03 9.998909847262621442e-01 -1.283750456585088656e-02 -1.815889999999999865e-02 -9.804278362474005970e-02 1.349117566800717496e-02 9.950907500113782556e-01 1.411442000000000085e+00
9.949258962671493345e-01 -3.198672234334376183e-03 1.005595815074164789e-01 7.814429999999999987e-02 4.601224289998533112e-03 9.998953084625497034e-01 -1.371863147750729782e-02 -1.839850000000000166e-02 -1.005051723646229467e-01 1.411171890734168842e-02 9.948364537538004759e-01 1.462276099999999968e+00
9.943236249858511400e-01 -1.479044556753776867e-03 1.063876930015669048e-01 8.254580000000000251e-02 2.793597704061588204e-03 9.999215736781339459e-01 -1.220828836946605614e-02 -1.962859999999999952e-02 -1.063612928036528488e-01 1.243619396130967933e-02 9.942497756966768296e-01 1.511426200000000053e+00
9.936603714216039052e-01 3.101879241010044048e-03 1.123808017921843344e-01 8.788229999999999653e-02 -1.858963455986362753e-03 9.999359642494424216e-01 -1.116295907934477215e-02 -2.018819999999999990e-02 -1.124082315542297844e-01 1.088327826125977567e-02 9.936025079140745619e-01 1.562060800000000027e+00
9.929677484366554729e-01 5.176072741286761453e-03 1.182719697798926828e-01 9.323460000000000081e-02 -3.956507844668121637e-03 9.999365830301732982e-01 -1.054400130958036731e-02 -2.077539999999999942e-02 -1.183190458477164086e-01 1.000190926364866693e-02 9.929252566033194283e-01 1.613628999999999980e+00
9.922991024613131428e-01 6.027441433064773847e-03 1.237180714537834403e-01 9.952400000000000135e-02 -4.670142580037810708e-03 9.999257210816681063e-01 -1.125797884116907024e-02 -2.100729999999999958e-02 -1.237767386173775630e-01 1.059350126620404661e-02 9.922535445682058031e-01 1.665879200000000004e+00
9.916754720695341030e-01 3.229942067788719486e-03 1.287218923489918398e-01 1.056884000000000018e-01 -1.841396772948687829e-03 9.999388462714041692e-01 -1.090472261626840994e-02 -2.225179999999999866e-02 -1.287492421476386650e-01 1.057691787109601989e-02 9.916207750217604922e-01 1.718118500000000104e+00
9.904417209444581482e-01 2.725287771946822719e-03 1.379049318158719062e-01 1.197102000000000027e-01 -1.315768379790285738e-03 9.999459737430456130e-01 -1.031107892721449919e-02 -2.452060000000000003e-02 -1.379255819859062371e-01 1.003107180876400446e-02 9.903917969330201521e-01 1.820002200000000014e+00
9.899373274594854832e-01 4.005902391829365382e-03 1.414497806587151074e-01 1.283742999999999967e-01 -2.816010686417149116e-03 9.999589571147670108e-01 -8.611281540032919568e-03 -2.574239999999999862e-02 -1.414784711049192345e-01 8.126304939815087724e-03 9.899079782393107596e-01 1.872045299999999912e+00
9.891796670673563829e-01 5.991329600521915280e-03 1.465868010092724882e-01 1.354654000000000136e-01 -4.936917234306517632e-03 9.999592671841333047e-01 -7.555846795210599369e-03 -2.687109999999999846e-02 -1.466260996846596443e-01 6.750403113073834456e-03 9.891689536924798132e-01 1.924923200000000056e+00
9.885629527205825884e-01 7.022896822316862867e-03 1.506451706115606859e-01 1.438547000000000020e-01 -6.018381366352748216e-03 9.999565201719600172e-01 -7.122980507734459621e-03 -2.837469999999999923e-02 -1.506886445426206533e-01 6.134874555157484449e-03 9.885622366447648357e-01 1.978029599999999943e+00
9.878089602611791475e-01 7.569510119014436107e-03 1.554868500686998056e-01 1.518402000000000085e-01 -6.548388002348067526e-03 9.999535061838138450e-01 -7.078423925430555458e-03 -2.922840000000000160e-02 -1.555332010932035380e-01 5.973942354554645506e-03 9.878126013422007246e-01 2.031128400000000056e+00
9.869946578623721711e-01 6.128468652002961800e-03 1.606361952460287346e-01 1.603790999999999967e-01 -5.162588656453205235e-03 9.999660039274825829e-01 -6.429515352353847718e-03 -3.042380000000000084e-02 -1.606701373295706947e-01 5.516598706024404900e-03 9.869927426831535122e-01 2.085910800000000176e+00
9.862294806406147751e-01 5.515894526938430742e-03 1.652906120229184761e-01 1.694017999999999913e-01 -4.671617887636177538e-03 9.999739837643391027e-01 -5.496160549794204021e-03 -3.147180000000000116e-02 -1.653166280252993670e-01 4.648300984756375577e-03 9.862295908135690903e-01 2.140997200000000156e+00
9.854547634395727229e-01 7.033535882192633662e-03 1.697923396012012143e-01 1.784874999999999934e-01 -6.268993135613454976e-03 9.999676560823325122e-01 -5.038503177683021673e-03 -3.264969999999999678e-02 -1.698222863446413600e-01 3.900789945613479005e-03 9.854669831600035845e-01 2.196893699999999949e+00
9.849520079139596485e-01 6.793885284728479884e-03 1.726944852304121703e-01 1.887080999999999897e-01 -6.237993588183469648e-03 9.999734691335729897e-01 -3.761444531150336893e-03 -3.381069999999999909e-02 -1.727154583187413273e-01 2.627575252031550627e-03 9.849682564966457665e-01 2.252786200000000072e+00
9.842820166177119745e-01 7.087061572668355847e-03 1.764615689639963125e-01 1.981973999999999958e-01 -6.699633250933421588e-03 9.999736616031816849e-01 -2.791238833998172745e-03 -3.450729999999999770e-02 -1.764767029306503476e-01 1.565138393446321736e-03 9.843035729207408879e-01 2.309706700000000001e+00
9.837965516935427424e-01 9.580862691421528424e-03 1.790322650976146068e-01 2.085236000000000034e-01 -9.049984157764050588e-03 9.999518968492072668e-01 -3.781768688901627172e-03 -3.522369999999999668e-02 -1.790598856881089329e-01 2.100251832582005103e-03 9.838359346352424373e-01 2.367074300000000076e+00
9.832385913593751914e-01 1.351359401689956191e-02 1.818220427736362832e-01 2.189812999999999898e-01 -1.270737032927771529e-02 9.999035856286135893e-01 -5.598409270176259341e-03 -3.611899999999999833e-02 -1.818801671456956592e-01 3.194092013111003540e-03 9.833155152723186410e-01 2.425310399999999866e+00
9.825865528381270142e-01 1.689710950674919512e-02 1.850355475901957480e-01 2.293440999999999952e-01 -1.590463630598280484e-02 9.998500709568954870e-01 -6.846762115437846942e-03 -3.702679999999999860e-02 -1.851234958768364636e-01 3.784613297010319156e-03 9.827079769578198620e-01 2.483159500000000186e+00
9.818880279887199913e-01 1.880866193164213926e-02 1.885262176164469727e-01 2.395484999999999975e-01 -1.815835201631103499e-02 9.998217249601164536e-01 -5.176152029161324233e-03 -3.796549999999999925e-02 -1.885899645911055800e-01 1.659076284699921404e-03 9.820545161656796251e-01 2.541053999999999924e+00
9.811931514536961219e-01 1.757099369292455110e-02 1.922271045430572201e-01 2.500806999999999891e-01 -1.709562937301552926e-02 9.998453236541164912e-01 -4.131370636419369989e-03 -3.862360000000000099e-02 -1.922699638443423897e-01 7.674292398555670764e-04 9.813417712783131241e-01 2.598193900000000056e+00
9.804779679375429380e-01 1.809249090959018369e-02 1.957948318055224568e-01 2.607518999999999809e-01 -1.749410700662720058e-02 9.998355152427540471e-01 -4.785256450516544094e-03 -3.950420000000000320e-02 -1.958492037489739379e-01 1.266582781712096133e-03 9.806332062289905283e-01 2.654262800000000144e+00
9.797937431421785970e-01 1.996252033564720543e-02 1.990118556299785568e-01 2.716660000000000186e-01 -1.936007474202960585e-02 9.998002092811106856e-01 -4.972828916248190484e-03 -4.025689999999999824e-02 -1.990713651066410572e-01 1.019462258310087788e-03 9.799844653316103216e-01 2.709449999999999914e+00
9.788603414828712657e-01 2.208683434090637221e-02 2.033337247503078926e-01 2.823483999999999994e-01 -2.209619661288569903e-02 9.997533746462231585e-01 -2.224405253809682952e-03 -4.117790000000000339e-02 -2.033327075688545482e-01 -2.315519873772747123e-03 9.791069647390078234e-01 2.765556600000000032e+00
9.782045881076661953e-01 2.375439342522000716e-02 2.062801798479701465e-01 2.937392999999999810e-01 -2.404101579159879584e-02 9.997103486288397844e-01 -1.117320057857131834e-03 -4.184969999999999662e-02 -2.062469717712702155e-01 -3.866217454238320486e-03 9.784923295549011746e-01 2.820338700000000198e+00
9.773594445813706955e-01 2.455760086762793712e-02 2.101557525437285912e-01 3.046672999999999742e-01 -2.500582966373987928e-02 9.996871677393749378e-01 -5.245379441178033009e-04 -4.266690000000000066e-02 -2.101028904380485285e-01 -4.742456837238715785e-03 9.776677782011250484e-01 2.874283300000000096e+00
9.758156402744344593e-01 2.436438636065736685e-02 2.172330842046486798e-01 3.274562999999999779e-01 -2.473402082853565914e-02 9.996935493063652256e-01 -1.017688014732453421e-03 -4.379999999999999866e-02 -2.171913083192993088e-01 -4.379971747669054137e-03 9.761192301343317723e-01 2.982253800000000066e+00
9.749328230417732000e-01 2.445105232365817061e-02 2.211518405893657946e-01 3.389413000000000009e-01 -2.497860609949145022e-02 9.996879013348741738e-01 -4.112930844210093209e-04 -4.452049999999999758e-02 -2.210928759438552660e-01 -5.123081586367161239e-03 9.752393010138251661e-01 3.036953200000000130e+00
9.741010100324397625e-01 2.756089550313548311e-02 2.244273140525588905e-01 3.509605000000000086e-01 -2.805860891625958434e-02 9.996058072830327212e-01 -9.718599286461467902e-04 -4.516570000000000307e-02 -2.243656317698079494e-01 -5.350428497023052010e-03 9.744903468969988714e-01 3.089938599999999980e+00
9.729428606141967695e-01 3.819115649046636585e-02 2.278675614162411212e-01 3.626405999999999796e-01 -3.819524024463230583e-02 9.992606371206516069e-01 -4.393486529441214226e-03 -4.595500000000000279e-02 -2.278668769315069509e-01 -4.428844900227363497e-03 9.736822231767052749e-01 3.143527699999999925e+00
9.715954186364851308e-01 4.762455125263582306e-02 2.318064809330797060e-01 3.740394000000000219e-01 -4.565507178463711763e-02 9.988611556843910444e-01 -1.385662603890847749e-02 -4.699339999999999767e-02 -2.322024050369264070e-01 2.879892850018637290e-03 9.726632250230495824e-01 3.195382599999999851e+00
9.712144740479956573e-01 3.911651972424459028e-02 2.349730692746251348e-01 3.860781999999999825e-01 -3.557715070669380947e-02 9.991808438720872765e-01 -1.928490566885276980e-02 -4.862620000000000137e-02 -2.355349480380102833e-01 1.037010721864230905e-02 9.718105520774126260e-01 3.247335000000000083e+00
9.711025289430050833e-01 3.104511328452640856e-02 2.366349070227191653e-01 3.984262000000000081e-01 -2.830719910226462549e-02 9.994873224148187463e-01 -1.495977309456634000e-02 -5.022900000000000281e-02 -2.369780174604487755e-01 7.829002056908906243e-03 9.714834666464006174e-01 3.299408199999999791e+00
9.703168110235604882e-01 2.966554436792457825e-02 2.400109200066172510e-01 4.107567999999999775e-01 -2.952823862521377143e-02 9.995552524015456353e-01 -4.168995103732646597e-03 -5.134310000000000263e-02 -2.400278512355608906e-01 -3.041853684385788237e-03 9.707612362251607507e-01 3.351815199999999884e+00
9.691398434521195648e-01 3.323456844934939008e-02 2.442609819303663277e-01 4.233345000000000025e-01 -3.554063430994949119e-02 9.993555310336998954e-01 5.038442735438275130e-03 -5.194379999999999831e-02 -2.439361128378651489e-01 -1.356414583884144910e-02 9.696964405427169753e-01 3.404229899999999809e+00
9.680070599955949984e-01 3.804627300638924181e-02 2.480217992616935985e-01 4.361964999999999870e-01 -4.125090407493482714e-02 9.991188791513632150e-01 7.734871448470642501e-03 -5.193890000000000312e-02 -2.475089790526498468e-01 -1.771853362011480137e-02 9.687235719516005261e-01 3.456466700000000003e+00
9.671081465639099761e-01 3.898446282628535708e-02 2.513603877063067538e-01 4.491325999999999929e-01 -4.229662268482600740e-02 9.990747612929824495e-01 7.785695654700873838e-03 -5.209350000000000092e-02 -2.508242981833624929e-01 -1.816130517105368769e-02 9.678622517875710152e-01 3.507756000000000096e+00
9.664932870897919859e-01 3.376459815960153321e-02 2.544615450740829177e-01 4.624377000000000071e-01 -3.622402961778896369e-02 9.993312655891174456e-01 4.984104162469865304e-03 -5.225919999999999871e-02 -2.541230916084141755e-01 -1.403472576053533573e-02 9.670700495745941927e-01 3.559579400000000060e+00
9.658420846372264279e-01 3.083687902398108555e-02 2.572900200856556019e-01 4.761556000000000122e-01 -3.209256376257776239e-02 9.994846686242838674e-01 6.815688888825634922e-04 -5.284769999999999746e-02 -2.571364130082738342e-01 -8.915384291536028114e-03 9.663339904133417813e-01 3.611763999999999974e+00
9.650643172940808201e-01 3.011947924381620442e-02 2.602761619046028430e-01 4.903527999999999776e-01 -3.066216550595792303e-02 9.995278521226794721e-01 -1.975964956208098571e-03 -5.378050000000000191e-02 -2.602127881027274658e-01 -6.073697482114434609e-03 9.655321926827198364e-01 3.663904899999999909e+00
9.640034254912339673e-01 3.015029972874075717e-02 2.641748569933068391e-01 5.041375000000000162e-01 -3.063436685755180702e-02 9.995280389094091111e-01 -2.288012488559361662e-03 -5.431910000000000210e-02 -2.641191610020067748e-01 -5.887177607136299951e-03 9.644720887259611297e-01 3.715869399999999878e+00
9.628977599280563737e-01 2.974595882751283546e-02 2.682220756368925429e-01 5.183128999999999653e-01 -3.064547636410405382e-02 9.995299697077614232e-01 -8.333273178111463494e-04 -5.503750000000000309e-02 -2.681207912563816076e-01 -7.417384271654115825e-03 9.633567478907377746e-01 3.767371699999999990e+00
9.614183078243760949e-01 2.755790701276020563e-02 2.737067758408426310e-01 5.477984999999999660e-01 -2.880312252614661631e-02 9.995849628773204598e-01 5.311518517320985844e-04 -5.657269999999999660e-02 -2.735785399348000246e-01 -8.394268915270394066e-03 9.618130373084580187e-01 3.869717599999999980e+00
9.605354327618973453e-01 2.711752802393502595e-02 2.768326607949027074e-01 5.776432000000000233e-01 -2.820671303880117539e-02 9.996021103764618498e-01 -4.764945496271667455e-05 -5.759299999999999836e-02 -2.767238040871461968e-01 -7.762770432966121723e-03 9.609181420114534244e-01 3.972638799999999915e+00
9.596364254394189608e-01 2.408278992563114493e-02 2.802105461956283516e-01 6.072286999999999546e-01 -2.618420522667751563e-02 9.996500722217448454e-01 3.757725869131135505e-03 -5.895609999999999740e-02 -2.800219962190501066e-01 -1.094314106909997052e-02 9.599312107109759795e-01 4.076737900000000359e+00
9.577837614615958284e-01 2.500022547291800429e-02 2.864005150253403076e-01 6.264503999999999628e-01 -2.727119684144778400e-02 9.996202965837228671e-01 3.942648945178402545e-03 -5.897730000000000333e-02 -2.861932006587716848e-01 -1.158668995758364330e-02 9.581018737652666761e-01 4.149870899999999807e+00
9.544318016255680659e-01 3.230422956352121955e-02 2.966755345458732540e-01 6.402362999999999804e-01 -3.353333715181751329e-02 9.994371514457235373e-01 -9.463664832267525834e-04 -5.980189999999999811e-02 -2.965391227902902660e-01 -9.045278457038286035e-03 9.549778696872508466e-01 4.202196100000000101e+00
9.506666402468244570e-01 3.285447953291786849e-02 3.084696456645873996e-01 6.498331999999999997e-01 -3.456287617568225279e-02 9.994025225442833005e-01 7.431411630738540136e-05 -6.023959999999999732e-02 -3.082829004539166529e-01 -1.073224611833456521e-02 9.512341836692876917e-01 4.240769900000000092e+00
9.492560249997297195e-01 3.444323303700876082e-02 3.126126400190353816e-01 6.555429999999999868e-01 -3.607138278756644167e-02 9.993490503398549940e-01 -5.752639592214890338e-04 -6.100590000000000179e-02 -3.124289588778632054e-01 -1.073029742310213641e-02 9.498805221561847922e-01 4.253363099999999619e+00
9.451817158476253367e-01 3.479439434423198946e-02 3.246858083587224608e-01 6.650804999999999634e-01 -3.744653349971605732e-02 9.992967854138269379e-01 1.921403249340319572e-03 -6.198120000000000018e-02 -3.243906305000093249e-01 -1.397443321963397385e-02 9.458199797318707081e-01 4.283507300000000129e+00
9.432384603391218425e-01 2.632269388414870681e-02 3.310714767595729913e-01 6.754700999999999622e-01 -3.129934703437958765e-02 9.994629041730093144e-01 9.708452877545403759e-03 -6.207909999999999817e-02 -3.306381070177854542e-01 -1.951970718877325123e-02 9.435557340289761896e-01 4.315572300000000361e+00
9.423707884044811856e-01 2.187371937572580444e-02 3.338545155641728934e-01 6.800382999999999845e-01 -2.818719198036600398e-02 9.995035260736689908e-01 1.407776880633113993e-02 -6.206930000000000086e-02 -3.333808323377013272e-01 -2.267689941271772147e-02 9.425194846064705034e-01 4.330749499999999585e+00
9.398999818583688715e-01 3.465059659335354564e-02 3.396871505641074762e-01 6.896641999999999495e-01 -3.877569438751445746e-02 9.992335561568240765e-01 5.361508645275006243e-03 -6.199349999999999999e-02 -3.392410199657523995e-01 -1.821088701606690674e-02 9.405232022479211862e-01 4.360787900000000050e+00
9.388845968596866154e-01 4.134022334635360091e-02 3.417406907485519563e-01 7.001796000000000131e-01 -4.488342320897723697e-02 9.989891935903069120e-01 2.463617428121268882e-03 -6.230510000000000215e-02 -3.412934105731718626e-01 -1.765154450641360367e-02 9.397910570312267842e-01 4.388984200000000335e+00
9.398886830405996928e-01 4.106676366026858205e-02 3.390026318698408647e-01 7.029144999999999976e-01 -4.512444765104667299e-02 9.989729904390861615e-01 4.092505024727133289e-03 -6.245239999999999819e-02 -3.384864069891066474e-01 -1.914380567340550482e-02 9.407765234039079383e-01 4.396237400000000406e+00
9.417705331972263672e-01 3.888423704669453224e-02 3.340004175307396128e-01 7.054852000000000345e-01 -4.244652721163814230e-02 9.990930530462508452e-01 3.371006139581337983e-03 -6.207300000000000317e-02 -3.335664178676918112e-01 -1.735187206090168036e-02 9.425668981069187380e-01 4.399214299999999689e+00
9.451650854057133122e-01 6.321825325692048692e-02 3.204160011378247019e-01 7.010207000000000521e-01 -6.754991874325066981e-02 9.977129853471662368e-01 2.409843859158640120e-03 -6.221209999999999934e-02 -3.195308589288222145e-01 -2.392177511785348321e-02 9.472738668766388370e-01 4.388355299999999737e+00
9.459847569485342333e-01 6.221453005686758408e-02 3.181857820060881581e-01 7.007341999999999738e-01 -6.741156083624894046e-02 9.977109786053079965e-01 5.337099967154031871e-03 -6.217899999999999816e-02 -3.171254027772664186e-01 -2.649821541617108575e-02 9.480133561786536767e-01 4.388128299999999982e+00
9.467334108767254675e-01 6.535985997595539221e-02 3.153156155880084133e-01 7.028638999999999859e-01 -7.047419361527024195e-02 9.975018983582261134e-01 4.832267171059048336e-03 -6.207039999999999780e-02 -3.142120888253642774e-01 -2.679648252399179087e-02 9.489745580153046145e-01 4.393604299999999796e+00
9.474594677053816971e-01 6.732533617776469137e-02 3.127104989666733004e-01 7.052009999999999668e-01 -7.153358881127540314e-02 9.974362052824966574e-01 1.990493263659118273e-03 -6.209710000000000230e-02 -3.117747628131792292e-01 -2.425521593810838969e-02 9.498463990417511660e-01 4.398373600000000216e+00
9.488290951528467465e-01 6.241088277271679419e-02 3.095613507900500383e-01 7.071737999999999635e-01 -6.724000725545591084e-02 9.977245814649009503e-01 4.943780433492072149e-03 -6.219700000000000228e-02 -3.085484234536232662e-01 -2.550571018847631877e-02 9.508666200535514923e-01 4.405273000000000216e+00
9.495640496223103355e-01 6.247131062753205621e-02 3.072872451198663812e-01 7.093283999999999700e-01 -6.725971266324004549e-02 9.977229419467854576e-01 5.006212691211296001e-03 -6.227139999999999759e-02 -3.062747895556159339e-01 -2.542177140817802883e-02 9.516036395585787400e-01 4.410515300000000138e+00
9.506731663027498946e-01 6.096099250623694676e-02 3.041451762967128380e-01 7.116734000000000115e-01 -6.641260848469594802e-02 9.977632877525892674e-01 7.601779226086706129e-03 -6.245110000000000244e-02 -3.030014790494635624e-01 -2.742588204230073101e-02 9.525953625165510807e-01 4.415140199999999737e+00
9.513650071919588225e-01 6.222449335906769796e-02 3.017163162920620256e-01 7.133095000000000407e-01 -6.761733740275825688e-02 9.976834978942048515e-01 7.452094480466749105e-03 -6.260939999999999561e-02 -3.005536870065076971e-01 -2.749091587764209560e-02 9.533686227115945044e-01 4.420074900000000362e+00
9.513373630556738458e-01 6.356486123604560001e-02 3.015240124274007893e-01 7.145599000000000256e-01 -6.913256249709867629e-02 9.975768417302964819e-01 7.818800802672868158e-03 -6.256340000000000512e-02 -3.002963710351189697e-01 -2.828344497138564340e-02 9.534265237991278452e-01 4.424425099999999667e+00
9.510448444987418259e-01 6.336225758520945550e-02 3.024878973877627719e-01 7.153540000000000454e-01 -6.870822322218479716e-02 9.976118610179123269e-01 7.053709522517792943e-03 -6.255779999999999674e-02 -3.013185752887042601e-01 -2.749180005170995950e-02 9.531271253699069579e-01 4.427606100000000211e+00
9.509854178027792315e-01 6.348401705534340023e-02 3.026491610842332869e-01 7.165747000000000089e-01 -6.983857683532199156e-02 9.975060638507271538e-01 1.020910214689879983e-02 -6.259900000000000186e-02 -3.012462585860447573e-01 -3.084529396108677199e-02 9.530473542948241228e-01 4.430918199999999807e+00
9.507527434574765124e-01 6.501112258286567691e-02 3.030557287836634917e-01 7.175399999999999556e-01 -7.138466189520828453e-02 9.973988445644399459e-01 9.988739040888419338e-03 -6.262660000000000449e-02 -3.016180545892247489e-01 -3.113035178143322423e-02 9.529204847959642510e-01 4.433832599999999680e+00
9.505270026522990578e-01 6.485026697328644119e-02 3.037973997622918088e-01 7.202619000000000105e-01 -7.089496751621671145e-02 9.974441019299665756e-01 8.897589898229321670e-03 -6.270399999999999585e-02 -3.024439134942391583e-01 -2.999510624445207024e-02 9.526951100911944526e-01 4.442531100000000066e+00
9.503404674503562743e-01 6.423248554201269056e-02 3.045113852179149871e-01 7.210640000000000382e-01 -7.111918256119750814e-02 9.974007694925128842e-01 1.156576359650775439e-02 -6.271599999999999397e-02 -3.029769921925843379e-01 -3.264801398000152788e-02 9.524384753804816528e-01 4.445511800000000235e+00
9.502503167646267901e-01 6.309055198016427779e-02 3.050310111112714551e-01 7.219012999999999680e-01 -6.941872364367002168e-02 9.975381559253351238e-01 9.933190865251680796e-03 -6.268490000000000173e-02 -3.036533818293651321e-01 -3.061388122927149666e-02 9.522906142452889355e-01 4.448498200000000402e+00
9.498501052771218811e-01 6.336019340483471651e-02 3.062193060483651141e-01 7.227109999999999923e-01 -7.022744574558230368e-02 9.974652989957153437e-01 1.144915557757543792e-02 -6.273489999999999622e-02 -3.047177109540757378e-01 -3.237998133245560684e-02 9.518921438061237472e-01 4.451346400000000259e+00
9.494145354930981773e-01 6.408212541478849888e-02 3.074175027495148482e-01 7.235776999999999903e-01 -7.079809457105118442e-02 9.974329351169761715e-01 1.073171696620171464e-02 -6.273239999999999372e-02 -3.059406308412354614e-01 -3.195342151096634831e-02 9.515142191550315376e-01 4.454225100000000381e+00
9.489882874827844095e-01 6.395601761771328719e-02 3.087569562471020879e-01 7.244688000000000239e-01 -7.165244928090085119e-02 9.973363809899898902e-01 1.364073553140062768e-02 -6.271500000000000685e-02 -3.070621382270046773e-01 -3.506809039957026197e-02 9.510431495485299758e-01 4.457156699999999638e+00
9.484617874689441619e-01 6.566806547955905682e-02 3.100128108439837993e-01 7.254118000000000510e-01 -7.301426891968529342e-02 9.972570162987745013e-01 1.213919177662368606e-02 -6.272320000000000673e-02 -3.083652935162114472e-01 -3.414891827039498451e-02 9.506548780370416285e-01 4.460077300000000022e+00
9.487895907068023549e-01 6.473086847259273968e-02 3.092058007754743265e-01 7.271223999999999466e-01 -7.179034196771422183e-02 9.973535020482132696e-01 1.149516212688154841e-02 -6.272869999999999835e-02 -3.076433964293351364e-01 -3.310448034554450136e-02 9.509256721818348801e-01 4.464545199999999880e+00
9.486698858377200505e-01 6.305981152782964838e-02 3.099175823904183336e-01 7.282613999999999477e-01 -7.062125337487497323e-02 9.974154965770076764e-01 1.322746233420333574e-02 -6.273689999999999822e-02 -3.082824780560984301e-01 -3.443526329383384682e-02 9.506714081981615383e-01 4.467093900000000062e+00
9.491635309361343698e-01 6.233442083502858944e-02 3.085498525684484683e-01 7.296133999999999675e-01 -6.933889793619889275e-02 9.975236396311631948e-01 1.177733458770108439e-02 -6.273080000000000322e-02 -3.070516386112328577e-01 -3.257312321775149289e-02 9.511352600287711345e-01 4.469819099999999601e+00
9.484138777161000844e-01 6.106513116303885491e-02 3.110983225791344453e-01 7.307721999999999829e-01 -6.906687192051938484e-02 9.975028594512951319e-01 1.475847517883501978e-02 -6.283149999999999846e-02 -3.094202381206259678e-01 -3.548373067379724521e-02 9.502631325579481425e-01 4.473904600000000009e+00
9.492350265048937752e-01 5.954781779263620956e-02 3.088801091886438366e-01 7.332271999999999679e-01 -6.802500251831664069e-02 9.975431925980539072e-01 1.673851647144627280e-02 -6.278859999999999997e-02 -3.071245081211145811e-01 -3.690035633184133440e-02 9.509536793208943628e-01 4.479771099999999784e+00
9.507867069011448624e-01 5.720144541426224610e-02 3.045203320348176534e-01 7.355101000000000555e-01 -6.483387465330243959e-02 9.977832912559647660e-01 1.500241273443667610e-02 -6.269039999999999335e-02 -3.029871394589485067e-01 -3.400732763587425989e-02 9.523876810362206236e-01 4.484742599999999690e+00
9.517156217999688250e-01 5.685499594911382071e-02 3.016701587123342687e-01 7.366190000000000238e-01 -6.488060686226618246e-02 9.977542437683105669e-01 1.664259281213847919e-02 -6.260749999999999649e-02 -3.000464665265744069e-01 -3.541155853606046955e-02 9.532670871518456046e-01 4.487010500000000235e+00
9.520186768075897810e-01 5.682426321871621167e-02 3.007182104881177542e-01 7.369727000000000361e-01 -6.443027293123052002e-02 9.978029486915260815e-01 1.542775137545852882e-02 -6.261949999999999461e-02 -2.991808465452509003e-01 -3.406286382772115429e-02 9.535882457163160630e-01 4.488373799999999747e+00
9.523863343315017715e-01 5.813687124117068727e-02 2.992998068507436438e-01 7.375441000000000358e-01 -6.596143953721145259e-02 9.976923121851969389e-01 1.609778558480607497e-02 -6.262860000000000649e-02 -2.976732414456894071e-01 -3.507355711705233831e-02 9.540233157100371786e-01 4.490351200000000098e+00
9.527745934338311962e-01 5.945814033705645180e-02 2.978007784654978507e-01 7.379752000000000534e-01 -6.751545556313934271e-02 9.975762134519174928e-01 1.683334830139567376e-02 -6.263169999999999848e-02 -2.960780933589977626e-01 -3.614454180914795922e-02 9.544796146227050304e-01 4.492005299999999757e+00
9.521544037795874882e-01 6.262493942308591799e-02 2.991322589180125946e-01 7.383191000000000059e-01 -7.015386646247567803e-02 9.974309941897679943e-01 1.448609160457154169e-02 -6.259439999999999449e-02 -2.974565957976108010e-01 -3.477828046160026665e-02 9.541016952215476410e-01 4.493720999999999854e+00
9.513389719627600716e-01 6.116517706407714056e-02 3.020148697325332199e-01 7.386755000000000404e-01 -6.947810355132612303e-02 9.974411832739970007e-01 1.684871021413814063e-02 -6.261410000000000586e-02 -3.002115146888109098e-01 -3.701225504733384603e-02 9.531543103949963180e-01 4.495379400000000025e+00
9.502520775837642875e-01 6.357535829901457547e-02 3.049248478968083487e-01 7.390409000000000006e-01 -7.184761279756966823e-02 9.972877212955533199e-01 1.597252291948364836e-02 -6.256490000000000662e-02 -3.030823478578557606e-01 -3.708604549254133909e-02 9.522424668364118938e-01 4.496993100000000076e+00
9.502817633083672222e-01 6.364515600226743064e-02 3.048177561117255130e-01 7.394851999999999537e-01 -7.088677142040501755e-02 9.974030422075940150e-01 1.273723017880278550e-02 -6.256589999999999374e-02 -3.032154942629607386e-01 -3.371150415634991543e-02 9.523255213037109534e-01 4.498362499999999820e+00
9.509358217649065415e-01 6.236243450315166054e-02 3.030379343368451717e-01 7.399850999999999512e-01 -6.997755265844857187e-02 9.974457060112016382e-01 1.432500205060160438e-02 -6.258070000000000299e-02 -3.013705443606525258e-01 -3.482801060433687174e-02 9.528708226559926553e-01 4.499751599999999740e+00
9.498782884174747920e-01 5.962357928388577200e-02 3.068815178313393788e-01 7.427466000000000346e-01 -6.736359767205733762e-02 9.976204668768996475e-01 1.468161356915427540e-02 -6.257129999999999637e-02 -3.052759127441365128e-01 -3.461838906845567110e-02 9.516344803739192892e-01 4.507636100000000035e+00
9.504856447597661573e-01 5.783835335944072231e-02 3.053387692158989752e-01 7.431893000000000526e-01 -6.612288321985934636e-02 9.976691852346281086e-01 1.685114678489729734e-02 -6.260480000000000211e-02 -3.036524385219133704e-01 -3.620665289614303367e-02 9.520946774695013826e-01 4.508610199999999679e+00
9.509338348929143869e-01 5.846205854613967939e-02 3.038207191196861667e-01 7.439926000000000039e-01 -6.705655784120263807e-02 9.975881888441633372e-01 1.792270987076208591e-02 -6.268110000000000348e-02 -3.020401624061689883e-01 -3.741648285408188945e-02 9.525606264718720073e-01 4.510092300000000165e+00
9.503568199745907608e-01 5.927707969927661913e-02 3.054638154513702464e-01 7.442206000000000099e-01 -6.732030437008051926e-02 9.976054284702003949e-01 1.585514762806080474e-02 -6.267359999999999598e-02 -3.037925136459140862e-01 -3.563196471026389145e-02 9.520716736378536105e-01 4.510904799999999604e+00
9.503984740232144235e-01 5.913841140664589241e-02 3.053610794954783048e-01 7.443619999999999681e-01 -6.727324230943353134e-02 9.976034424973095893e-01 1.617659997321503618e-02 -6.267949999999999910e-02 -3.036726056850070909e-01 -3.591684582219704935e-02 9.520992221101027830e-01 4.511351099999999725e+00
9.507833258784799124e-01 6.030631763503090104e-02 3.039312673693824740e-01 7.446954000000000073e-01 -6.833166468253694392e-02 9.975370858828547238e-01 1.582864144693009456e-02 -6.267520000000000036e-02 -3.022281436815069666e-01 -3.581773780747326413e-02 9.525624592777028887e-01 4.512237999999999971e+00
9.503025564585473317e-01 6.006987148941062005e-02 3.054777597920925181e-01 7.449346999999999497e-01 -6.835454452455591579e-02 9.975248599672542626e-01 1.648666097639155809e-02 -6.267240000000000311e-02 -3.037313079535762239e-01 -3.654810920630044424e-02 9.520564732631433547e-01 4.513004800000000039e+00
9.500184536022221460e-01 6.039076271432515519e-02 3.062970675570116375e-01 7.451946000000000403e-01 -6.871183300890908174e-02 9.975009676655564039e-01 1.644699093555607866e-02 -6.266940000000000011e-02 -3.045383749542876495e-01 -3.667117785210267933e-02 9.517938867712595341e-01 4.513769100000000201e+00
9.488437401929098458e-01 5.925662786622259981e-02 3.101357908250091944e-01 7.452596000000000220e-01 -6.731247167061521486e-02 9.976141956153419255e-01 1.532800914493219827e-02 -6.266399999999999748e-02 -3.084875813615881590e-01 -3.541989216074087343e-02 9.505686947217434346e-01 4.514231699999999847e+00
9.469513501981488002e-01 5.673327611491994771e-02 3.163296946844718072e-01 7.454366000000000048e-01 -6.454970829775993901e-02 9.978123569508822177e-01 1.427709616130657874e-02 -6.264720000000000011e-02 -3.148276917880271641e-01 -3.393870500466018847e-02 9.485418750830295620e-01 4.515158699999999747e+00
9.469017251280634762e-01 5.899802939002907198e-02 3.160638471536893479e-01 7.456102000000000007e-01 -6.638259462698256619e-02 9.977141953124267770e-01 1.263865509721686167e-02 -6.264260000000000661e-02 -3.145957311854170046e-01 -3.294870255670118153e-02 9.486537349948835907e-01 4.515591099999999969e+00
9.468934095224171843e-01 5.723548639452231968e-02 3.164126579329506472e-01 7.457523000000000346e-01 -6.533147652697626762e-02 9.977504406778385793e-01 1.502851629350713744e-02 -6.264279999999999848e-02 -3.148407044488008011e-01 -3.490210916780690786e-02 9.485025954618265809e-01 4.516018400000000099e+00
9.472426325497059763e-01 5.576133293820924319e-02 3.156296387053293961e-01 7.459073000000000508e-01 -6.418103803829404430e-02 9.978045559018946520e-01 1.633592904458704836e-02 -6.264060000000000461e-02 -3.140257782995365399e-01 -3.573152628109958762e-02 9.487418345329742264e-01 4.516435600000000328e+00
9.492049523341855588e-01 5.492692737230532585e-02 3.098273569485012202e-01 7.463298000000000432e-01 -6.185618308924545339e-02 9.980058232793560524e-01 1.257733334712154288e-02 -6.264480000000000048e-02 -3.085186721705612256e-01 -3.110320481770915968e-02 9.507096399911917350e-01 4.517452699999999766e+00
9.492863041445774863e-01 5.750505720504921897e-02 3.091094970384647977e-01 7.465483000000000535e-01 -6.462578760314321991e-02 9.978269886141335476e-01 1.283777122101403996e-02 -6.264619999999999911e-02 -3.076995618134710231e-01 -3.216316509757229103e-02 9.509398038102644390e-01 4.518088299999999613e+00
