1.000000000000000000e+00 0.000000000000000000e+00 0.000000000000000000e+00 0.000000000000000000e+00 0.000000000000000000e+00 1.000000000000000000e+00 0.000000000000000000e+00 0.000000000000000000e+00 0.000000000000000000e+00 0.000000000000000000e+00 1.000000000000000000e+00 0.000000000000000000e+00
9.999884101481504306e-01 4.778446445628137685e-04 4.790744604977950974e-03 -1.029999999999999964e-04 -4.689521778618691321e-04 9.999981655783229950e-01 -1.857127848015868114e-03 -4.585999999999999799e-04 -4.791623235328642053e-03 1.854859694063159311e-03 9.999867998340208342e-01 6.363359999999999850e-02
9.999509308210164926e-01 1.842131572027439195e-03 9.733575984918599322e-03 8.459999999999999638e-05 -1.819821013809749897e-03 9.999956980044248933e-01 -2.300483453723147029e-03 -1.122399999999999960e-03 -9.737771904318813510e-03 2.282657204771938991e-03 9.999499813862816611e-01 1.269398999999999944e-01
9.998790466268311361e-01 3.461720534879537525e-03 1.516273746912581537e-02 3.021000000000000248e-04 -3.430067422219963604e-03 9.999918847572283331e-01 -2.113068187534007051e-03 -1.812800000000000045e-03 -1.516992927136655810e-02 2.060803392984466523e-03 9.998828063004570055e-01 1.909667999999999921e-01
9.997650862595268695e-01 5.392693013452509558e-03 2.099264534410946043e-02 9.118000000000000453e-04 -5.371473847702834016e-03 9.999850042276752227e-01 -1.067046615577240537e-03 -2.902800000000000085e-03 -2.099808479800823607e-02 9.540345062055313567e-04 9.997790607194054768e-01 2.550983000000000001e-01
9.996252420264453153e-01 6.279919694717412196e-03 2.664466385974259555e-02 1.989700000000000062e-03 -6.267703976969787524e-03 9.999802108878376172e-01 -5.419590139954422355e-04 -3.498199999999999921e-03 -2.664754004458666503e-02 3.747550448948757935e-04 9.996448210080560726e-01 3.196475999999999762e-01
9.994670405621045584e-01 6.208425115965083077e-03 3.204824936884761999e-02 3.582899999999999974e-03 -6.205521131993270781e-03 9.999807275034633403e-01 -1.900766280402015648e-04 -4.061900000000000233e-03 -3.204881179558413673e-02 -8.900763794409731152e-06 9.994863048502803382e-01 3.841386999999999996e-01
9.992547775016714651e-01 5.498164961489715799e-03 3.820549465903125275e-02 5.278299999999999659e-03 -5.448193452047120702e-03 9.999841616562961111e-01 -1.411957741506513452e-03 -4.704100000000000122e-03 -3.821265272385691858e-02 1.202754592997298290e-03 9.992689060273990398e-01 4.493489999999999984e-01
9.990141760769216672e-01 5.289633183486922886e-03 4.407602271228134444e-02 7.614199999999999788e-03 -5.204174078669556759e-03 9.999843498905148786e-01 -2.053423045367147506e-03 -5.619700000000000042e-03 -4.408619477238074486e-02 1.822019436914719057e-03 9.990260695675881042e-01 5.145958999999999950e-01
9.987198164227609753e-01 5.018863184541754417e-03 5.033427556666990321e-02 1.037320000000000082e-02 -4.921949558921328606e-03 9.999857875642906846e-01 -2.049166163259756243e-03 -6.105099999999999590e-03 -5.034384467863023405e-02 1.798800088966521571e-03 9.987303247730159317e-01 5.801505999999999608e-01
9.983760787134343673e-01 5.763538339590757766e-03 5.667439526447908688e-02 1.314749999999999946e-02 -5.677011384821492417e-03 9.999824615850047005e-01 -1.687620849372479170e-03 -6.957900000000000369e-03 -5.668312795288337619e-02 1.363139098807210218e-03 9.983912884522151421e-01 6.462025000000000130e-01
9.980469990326340524e-01 6.170931043104561746e-03 6.216194440342623362e-02 1.667770000000000016e-02 -6.007107641723596382e-03 9.999779753184120379e-01 -2.821973754336570828e-03 -7.717199999999999581e-03 -6.217798951183731160e-02 2.443048945614250712e-03 9.980620868122960232e-01 7.122756000000000087e-01
9.977190280591804461e-01 7.159348448944406230e-03 6.712290800040547623e-02 2.091950000000000059e-02 -6.932988211326350687e-03 9.999694695655436671e-01 -3.604665208695850484e-03 -8.321000000000000271e-03 -6.714666576313309265e-02 3.131080738622012138e-03 9.977382029421858478e-01 7.785866000000000176e-01
9.973803740725776246e-01 6.066098060582060872e-03 7.208045414094149672e-02 2.508120000000000141e-02 -5.896451442320973721e-03 9.999793232093936446e-01 -2.566128225803175622e-03 -8.990899999999999587e-03 -7.209453013393815612e-02 2.134387031987265877e-03 9.973955199000866800e-01 8.453928000000000553e-01
9.970255196080795024e-01 4.473763621021552284e-03 7.694217757057804363e-02 2.957100000000000006e-02 -4.358059208930498835e-03 9.999891064318470191e-01 -1.671627221467178979e-03 -9.712699999999999459e-03 -7.694881786077416297e-02 1.331336433557700830e-03 9.970341553693785608e-01 9.122706000000000426e-01
9.967321004373838056e-01 2.871199817627859575e-03 8.072717119587595469e-02 3.482029999999999847e-02 -2.700639062091207080e-03 9.999938848106926237e-01 -2.221911311382401225e-03 -1.041090000000000071e-02 -8.073305708529386615e-02 1.996635376476055702e-03 9.967337593062833845e-01 9.792471999999999843e-01
9.964706473101746509e-01 2.041712937686364533e-03 8.391710467789931238e-02 4.034750000000000142e-02 -1.791695820120702302e-03 9.999937297973953143e-01 -3.054536295762849164e-03 -1.106329999999999987e-02 -8.392281498692466535e-02 2.893401834183206324e-03 9.964680573658627472e-01 1.046194899999999928e+00
9.961413967048877716e-01 2.539699331681232689e-03 8.772609473890899401e-02 4.569220000000000226e-02 -2.316405859204699689e-03 9.999938136610780903e-01 -2.647055622480111014e-03 -1.201370000000000042e-02 -8.773227476094996868e-02 2.433632445074508741e-03 9.961411172110060663e-01 1.113911400000000107e+00
9.957780687084252236e-01 3.619415952724213282e-03 9.172206772353024007e-02 5.174220000000000208e-02 -3.268090422337643127e-03 9.999867385778806739e-01 -3.980232827959930865e-03 -1.263320000000000068e-02 -9.173525747666556873e-02 3.663672547391540277e-03 9.957766918537285239e-01 1.181173999999999946e+00
9.953466080096540214e-01 5.379138039913602259e-03 9.620912013745712421e-02 5.794880000000000170e-02 -4.950398393842671968e-03 9.999767274937024775e-01 -4.694467672468694355e-03 -1.350469999999999969e-02 -9.623213329973696883e-02 4.196349000401205370e-03 9.953500726757639194e-01 1.248272499999999896e+00
9.948878523710663613e-01 6.638300028942205160e-03 1.007675254097920026e-01 6.360499999999999488e-02 -6.192838504859626315e-03 9.999696239327124925e-01 -4.732859930555247292e-03 -1.410160000000000059e-02 -1.007958826328737567e-01 4.084627840486003240e-03 9.948987415107451993e-01 1.314045799999999931e+00
9.944967469007272021e-01 4.185242684506829298e-03 1.046838294463036806e-01 7.204639999999999656e-02 -3.581617064691872566e-03 9.999758636389064481e-01 -5.953499712365931118e-03 -1.305539999999999999e-02 -1.047062196007138984e-01 5.545798706680158188e-03 9.944877333047562606e-01 1.375139099999999948e+00
9.940715323713087415e-01 7.098722744871395485e-03 1.084960675063819519e-01 8.161190000000000111e-02 -6.513806828362951606e-03 9.999622843103685987e-01 -5.744586790387167484e-03 -1.595480000000000162e-02 -1.085327547312824742e-01 5.003807768186552436e-03 9.940802799866106376e-01 1.432145999999999919e+00
9.930063820729140289e-01 8.242995343219029075e-03 1.177725697700173213e-01 9.551010000000000055e-02 -7.657082142451458566e-03 9.999559597554429358e-01 -5.426568218944426494e-03 -1.710549999999999918e-02 -1.178121142138009447e-01 4.486822633309243274e-03 9.930257671214436366e-01 1.561034899999999892e+00
9.925388027442249017e-01 7.644934485747345923e-03 1.216892765356475947e-01 1.041611000000000065e-01 -7.111427129861222496e-03 9.999631071083571188e-01 -4.817886090075850815e-03 -1.902869999999999909e-02 -1.217216194898727011e-01 3.916554469033150902e-03 9.925565515122318772e-01 1.625350199999999967e+00
9.920122577481348403e-01 6.319682706951214660e-03 1.259831023904859626e-01 1.116541000000000061e-01 -5.659083785522914592e-03 9.999683025917606161e-01 -5.600766238785269413e-03 -1.953620000000000009e-02 -1.260145041182031689e-01 4.843079829669031527e-03 9.920165771445590419e-01 1.691087500000000077e+00
9.915601284187123277e-01 6.785888952754224809e-03 1.294699325765934494e-01 1.210612999999999967e-01 -5.976235667210559252e-03 9.999600894872532342e-01 -6.641087252426152408e-03 -2.064240000000000172e-02 -1.295098310458195345e-01 5.811294499959964756e-03 9.915611088171610854e-01 1.755103700000000044e+00
9.910759245769933390e-01 6.701634430180369341e-03 1.331300109660555342e-01 1.293033000000000099e-01 -5.654211928977728209e-03 9.999500305384365628e-01 -8.244168462738845141e-03 -2.189699999999999980e-02 -1.331786079343077467e-01 7.417851585468183094e-03 9.910642935080125060e-01 1.821219799999999944e+00
9.906634017108896240e-01 6.154763819525085541e-03 1.361915687292514499e-01 1.388082999999999956e-01 -4.956301995284399797e-03 9.999459722197644451e-01 -9.137161047149715970e-03 -2.287640000000000159e-02 -1.362404476693323818e-01 8.376844501115868896e-03 9.906403832345338500e-01 1.887252300000000105e+00
9.901505746377625705e-01 6.285803505524629499e-03 1.398653932136127986e-01 1.467947000000000002e-01 -4.927550920994017321e-03 9.999373028719977796e-01 -1.005532530531436097e-02 -2.418949999999999920e-02 -1.399198298542047580e-01 9.267092282081720173e-03 9.901194686572958314e-01 1.953228100000000023e+00
9.896620853673624429e-01 6.083710155764539274e-03 1.432897248830635184e-01 1.565132999999999941e-01 -4.693400426938748593e-03 9.999385954112063324e-01 -1.003879472327631923e-02 -2.547550000000000162e-02 -1.433419993538383452e-01 9.262498464470409268e-03 9.896298688618082595e-01 2.020315899999999942e+00
9.890499487929621525e-01 6.066809564153652877e-03 1.474564092006555582e-01 1.661683999999999939e-01 -4.598141659196918439e-03 9.999363933357965362e-01 -1.029885313426355531e-02 -2.656179999999999999e-02 -1.475095111710456597e-01 9.508054707008484902e-03 9.890149346747841852e-01 2.087587599999999988e+00
9.884679362803461267e-01 4.220554812030295928e-03 1.513714829905301873e-01 1.762335999999999903e-01 -2.710888632945957204e-03 9.999445257916244056e-01 -1.017823276327179706e-02 -2.794759999999999953e-02 -1.514060435666076121e-01 9.650505501901078184e-03 9.884245432581408863e-01 2.154161199999999887e+00
9.879527293524500431e-01 2.344926851986953859e-03 1.547381849547915800e-01 1.863557999999999881e-01 -8.685141948080016792e-04 9.999534623017418689e-01 -9.608273198248661051e-03 -2.931869999999999962e-02 -1.547535144936549312e-01 9.358127420461697515e-03 9.879087889086949348e-01 2.220983499999999999e+00
9.874758433094174004e-01 1.834532039954269757e-03 1.577596062766051244e-01 1.965899000000000119e-01 -4.051991489579781893e-04 9.999585858919258774e-01 -9.091881800248047957e-03 -3.039570000000000119e-02 -1.577697521516870927e-01 8.914089589766256705e-03 9.874356912289432575e-01 2.288042299999999862e+00
9.870059664937973487e-01 1.875723415650039708e-03 1.606726602982383734e-01 2.070941000000000032e-01 -4.829547217412872434e-04 9.999619769440570849e-01 -8.706975414559744650e-03 -3.158219999999999777e-02 -1.606828829103519596e-01 8.516239064339502576e-03 9.869693434001975962e-01 2.355149700000000124e+00
9.865433346027990824e-01 2.991175302989480290e-03 1.634726332481873379e-01 2.178241999999999956e-01 -1.464510191844179028e-03 9.999541932310360703e-01 -9.458681174751619458e-03 -3.278369999999999895e-02 -1.634934376685729940e-01 9.091991529604607353e-03 9.865025248469149188e-01 2.422775999999999819e+00
9.860588833429736466e-01 3.659877902271429628e-03 1.663564963388813323e-01 2.287962000000000051e-01 -1.711211152332695312e-03 9.999282553731615453e-01 -1.185562578599987787e-02 -3.403470000000000106e-02 -1.663879512969611008e-01 1.140567403207711633e-02 9.859944017402300087e-01 2.490091800000000077e+00
9.855034826251010127e-01 4.770176937667064757e-03 1.695881220657292909e-01 2.403411000000000020e-01 -2.417458299919635067e-03 9.998979930439658714e-01 -1.407691024399036761e-02 -3.530260000000000342e-02 -1.696379722502172893e-01 1.346287185679788390e-02 9.854144861185073490e-01 2.558171699999999937e+00
9.849281121944157835e-01 5.833349734008569029e-03 1.728658029803034901e-01 2.519384000000000068e-01 -3.216895077330712144e-03 9.998760524769332303e-01 -1.541204948105655108e-02 -3.689610000000000112e-02 -1.729342805669419614e-01 1.462366964977779467e-02 9.848247980685540526e-01 2.626189899999999966e+00
9.835724464669418632e-01 6.926132779896909848e-03 1.803809059622165922e-01 2.754135999999999806e-01 -3.956526351937702211e-03 9.998507464610086881e-01 -1.681757118581675772e-02 -4.019020000000000231e-02 -1.804704642047036123e-01 1.582761782703983114e-02 9.834530482253130979e-01 2.762859100000000012e+00
9.829291788378811123e-01 6.899105640889646902e-03 1.838549203324311432e-01 2.880924999999999736e-01 -4.034000424691775062e-03 9.998646053867983330e-01 -1.595298515249274698e-02 -4.193990000000000218e-02 -1.839400886964620840e-01 1.493898376924990452e-02 9.828239265169931294e-01 2.831639299999999970e+00
9.821866984296275804e-01 7.256415128872487769e-03 1.877674994970780220e-01 3.007117999999999736e-01 -4.456346848425066232e-03 9.998725538360773157e-01 -1.533026608011779472e-02 -4.351060000000000344e-02 -1.878548120242711506e-01 1.422042632265814628e-02 9.820938596053473413e-01 2.900275000000000158e+00
9.813688142639805934e-01 7.064506384997697695e-03 1.920034977276324217e-01 3.137140999999999957e-01 -4.285557239115640217e-03 9.998800301623361753e-01 -1.488486754109206653e-02 -4.547840000000000216e-02 -1.920856173409630774e-01 1.378470282965575666e-02 9.812813549531240742e-01 2.968511100000000180e+00
9.806161127069864536e-01 8.435909007120826614e-03 1.957571836195606263e-01 3.269896999999999943e-01 -5.533115705768699467e-03 9.998665545228407892e-01 -1.537067913950393785e-02 -4.737589999999999857e-02 -1.958607263593836745e-01 1.398958848024428256e-02 9.805319307825359765e-01 3.037272900000000053e+00
9.791385633388046683e-01 9.439087264940358366e-03 2.029743269835533603e-01 3.542816999999999772e-01 -6.141297184063837511e-03 9.998388135045553904e-01 -1.687102482660521319e-02 -5.108259999999999884e-02 -2.031008573387089455e-01 1.527254534803418502e-02 9.790387076652657949e-01 3.174746799999999869e+00
9.785341732333580067e-01 7.980078683472535336e-03 2.059300613283890913e-01 3.683588999999999891e-01 -4.509506175600854101e-03 9.998398797649615810e-01 -1.731702011431486901e-02 -5.285249999999999670e-02 -2.060352789416431962e-01 1.601665307712429528e-02 9.784134763256515654e-01 3.243977099999999947e+00
9.780023048575263722e-01 6.702175533382805257e-03 2.084863845350238276e-01 3.825347000000000053e-01 -3.323101632118988409e-03 9.998574560006199263e-01 -1.655369069153663289e-02 -5.497660000000000047e-02 -2.085676117926958950e-01 1.549672620549847994e-02 9.778851685080427458e-01 3.311780699999999911e+00
9.768589742490223493e-01 3.648783221652920905e-03 2.138532927269286288e-01 4.127152000000000043e-01 -2.276693389369247554e-04 9.998716468219940312e-01 -1.601992659614212208e-02 -5.818489999999999773e-02 -2.138842972165561906e-01 1.560052122446739867e-02 9.767344220112778030e-01 3.451023600000000080e+00
9.756132159966556250e-01 4.438063534754444622e-03 2.194519454566861150e-01 4.420531999999999795e-01 -6.059075511693485898e-04 9.998462135084238422e-01 -1.752661430244737903e-02 -6.180770000000000014e-02 -2.194959809397481476e-01 1.696622895427265729e-02 9.754658689192404752e-01 3.586718600000000201e+00
9.742900367973900133e-01 5.371656456602973140e-03 2.252333667649015769e-01 4.731947000000000236e-01 -8.786654145752129628e-04 9.997987196290136769e-01 -2.004365673409185325e-02 -6.611859999999999959e-02 -2.252956993473902436e-01 1.933043028742795558e-02 9.740986512260826347e-01 3.725172500000000220e+00
9.736099997099133541e-01 7.700810070088579679e-03 2.280882855149008459e-01 4.886355000000000004e-01 -2.969113025853566037e-03 9.997733642999526715e-01 -2.108090140847369148e-02 -6.779390000000000416e-02 -2.281989325844935301e-01 1.984735651462188333e-02 9.734122095015448339e-01 3.793989400000000067e+00
9.722847310787269270e-01 5.417940958740981999e-03 2.337371336072537609e-01 5.206522000000000094e-01 -6.615756326224055996e-04 9.997912137079495443e-01 -2.042281347090585397e-02 -7.256819999999999937e-02 -2.337989820954101405e-01 1.970215491139713088e-02 9.720853157326250216e-01 3.930629999999999846e+00
9.708560699495331070e-01 5.509975748914512292e-03 2.395999407541528070e-01 5.538511000000000406e-01 -1.045843850493071662e-03 9.998235670005684028e-01 -1.875476155274408141e-02 -7.700930000000000275e-02 -2.396610056992742321e-01 1.795758996932148716e-02 9.706905414753489447e-01 4.067631699999999739e+00
9.692033693903928659e-01 8.335298843972525212e-03 2.461206036793577301e-01 5.881311000000000178e-01 -3.600772209525630700e-03 9.997998382792586680e-01 -1.968039166945915325e-02 -8.088320000000000232e-02 -2.462353817017467472e-01 1.818807768704212846e-02 9.690393854886627523e-01 4.205927400000000205e+00
9.672649263439063727e-01 9.610329003134895909e-03 2.535866791481144467e-01 6.226922000000000290e-01 -4.700422089563026373e-03 9.997897171527169169e-01 -1.996064898419163541e-02 -8.489710000000000312e-02 -2.537251826230442764e-01 1.811527124118396392e-02 9.671066997238521035e-01 4.342920300000000289e+00
9.662981303334611249e-01 9.669433182078768577e-03 2.572439025049860772e-01 6.405480000000000063e-01 -4.725458301301969574e-03 9.997921931446422938e-01 -1.983029427086384702e-02 -8.703700000000000325e-02 -2.573821931639795890e-01 1.794638094334658276e-02 9.661430194609575972e-01 4.411229600000000417e+00
9.651277740454404785e-01 1.050751273470749633e-02 2.615682930751035418e-01 6.583426999999999474e-01 -5.569742494465703547e-03 9.997921567405430032e-01 -1.961176403689354406e-02 -8.898999999999999966e-02 -2.617199987288679752e-01 1.747099013288622507e-02 9.649857028832800054e-01 4.479367299999999830e+00
9.629200039135206168e-01 1.119021987850740869e-02 2.695549017218128451e-01 6.953057999999999739e-01 -5.843204019826487086e-03 9.997700889502346699e-01 -2.063071029369896447e-02 -9.315560000000000507e-02 -2.697237902558248246e-01 1.829065935144248700e-02 9.627640047023576786e-01 4.615348299999999959e+00
9.607369529254119467e-01 1.138298139564497026e-02 2.772272263291275518e-01 7.331233000000000333e-01 -5.766872431542393110e-03 9.997614739578905008e-01 -2.106509843092595896e-02 -9.774639999999999718e-02 -2.774008840396029463e-01 1.863928443081127456e-02 9.605734363441215118e-01 4.750885499999999873e+00
9.584470013430018698e-01 1.199582667739985085e-02 2.850183253037136821e-01 7.713043000000000537e-01 -5.941458994561546123e-03 9.997381717178784877e-01 -2.209721872113707894e-02 -1.025443999999999939e-01 -2.852087738510576398e-01 1.948558832880365951e-02 9.582673255234452903e-01 4.885377400000000314e+00
9.561673255192555398e-01 1.037710959166559047e-02 2.926369101905578196e-01 8.116571000000000202e-01 -3.781827673927724582e-03 9.997261409578263036e-01 -2.309417383274492072e-02 -1.070413000000000059e-01 -2.927964196994197188e-01 2.097519206336112899e-02 9.559447148915601877e-01 5.021378499999999967e+00
9.540591125098389913e-01 7.616383598677993472e-03 2.995216194831622492e-01 8.525127999999999595e-01 -1.822664113322412099e-04 9.996914210396707912e-01 -2.484007807232060591e-02 -1.113172999999999940e-01 -2.996183849764458840e-01 2.364431010965369409e-02 9.537660981517139813e-01 5.156354399999999671e+00
9.521775757253710948e-01 5.661948479102809489e-03 3.054927276142190284e-01 8.944969000000000392e-01 3.056338584359858269e-03 9.996017754150740009e-01 -2.805261808619449737e-02 -1.162119000000000069e-01 -3.055299053778748886e-01 2.764476309271104992e-02 9.517810903739025719e-01 5.291116200000000269e+00
9.511909779686598121e-01 3.741290398666637009e-03 3.085801778746934398e-01 9.164974000000000176e-01 5.197435508979364981e-03 9.995904736756140441e-01 -2.814021323820251400e-02 -1.183941000000000021e-01 -3.085590868782745466e-01 2.837054252414557623e-02 9.507819951080958010e-01 5.359779800000000094e+00
9.489998701914380552e-01 5.398266404850538165e-03 3.152302414053195223e-01 9.609615999999999714e-01 4.181426602983237366e-03 9.995499540138124139e-01 -2.970530428306414686e-02 -1.231035999999999936e-01 -3.152487304466072837e-01 2.950844202610207814e-02 9.485502041542105411e-01 5.495149099999999898e+00
9.466366994617767539e-01 6.188314448836170802e-03 3.222431752518523096e-01 1.006195200000000067e+00 4.192941479970295655e-03 9.994945932862083771e-01 -3.151154127272324385e-02 -1.284753999999999896e-01 -3.222753147137695784e-01 3.118112820151511949e-02 9.461323156780035992e-01 5.631440600000000352e+00
9.456860822045395354e-01 7.130772419405879449e-03 3.250030553846094961e-01 1.029611000000000054e+00 3.355994097783368373e-03 9.994919633484076193e-01 -3.169467629683327126e-02 -1.314746999999999999e-01 -3.250639494441740496e-01 3.106392258952564780e-02 9.451817081837267098e-01 5.698986500000000177e+00
9.447282598974868773e-01 5.395421905392293327e-03 3.278100126193971842e-01 1.053088999999999942e+00 5.251078059294068956e-03 9.994873123267854487e-01 -3.158383569160000404e-02 -1.341992999999999936e-01 -3.278123565857176680e-01 3.155949809869604272e-02 9.442155775825119557e-01 5.767090800000000073e+00
9.437699444571201468e-01 4.655485512649784607e-03 3.305701414133556670e-01 1.075970199999999988e+00 5.844261323788010193e-03 9.995096664474325543e-01 -3.076152284464281697e-02 -1.368290000000000062e-01 -3.305512616054940289e-01 3.096373899876618888e-02 9.432799745135229674e-01 5.834820699999999860e+00
9.431182755527540706e-01 4.138675696247859359e-03 3.324316315904378705e-01 1.100560299999999936e+00 6.307291568035470683e-03 9.995198057988110563e-01 -3.033769748980184866e-02 -1.392930000000000001e-01 -3.323975577399375103e-01 3.070878016770167696e-02 9.426392917914765412e-01 5.903591200000000150e+00
9.421016292974172535e-01 5.079768316120965473e-03 3.352890037400664824e-01 1.123840299999999903e+00 5.332399306682943617e-03 9.995318730396726137e-01 -3.012640528569571555e-02 -1.417994999999999950e-01 -3.352850810769633649e-01 3.017003035561020494e-02 9.416335187723277045e-01 5.971851799999999599e+00
9.412560816292671051e-01 5.048826997771036981e-03 3.376558871719326227e-01 1.148064699999999938e+00 5.153640797757739339e-03 9.995570150620182170e-01 -2.931234597973699993e-02 -1.444797999999999916e-01 -3.376543036634450656e-01 2.933058107598100414e-02 9.408130995215251424e-01 6.041121000000000407e+00
9.402438213965027547e-01 3.520811743927553666e-03 3.404837150442959759e-01 1.172680299999999898e+00 6.703803934158180863e-03 9.995613125123069542e-01 -2.884859687206153822e-02 -1.468469000000000024e-01 -3.404359195774057101e-01 2.940725103334507901e-02 9.398077453650549584e-01 6.110025399999999607e+00
9.390929534742087359e-01 3.417555136703953351e-03 3.436462498732895665e-01 1.196860199999999930e+00 6.765016627520818726e-03 9.995729588102771901e-01 -2.842770770388203944e-02 -1.493211999999999873e-01 -3.435966520283880166e-01 2.902103258251807760e-02 9.386688022847714530e-01 6.179346100000000064e+00
9.376344781488257230e-01 6.022619544513339689e-03 3.475705877090309315e-01 1.249277799999999994e+00 5.734855731947429390e-03 9.994458439915259174e-01 -3.278896701331327629e-02 -1.542264000000000135e-01 -3.475754548530618493e-01 3.273733315174653241e-02 9.370803435147909699e-01 6.320631999999999806e+00
9.360758275578886511e-01 8.897715282653300556e-03 3.516857627549951348e-01 1.273993600000000059e+00 2.886995461674488842e-03 9.994521526328148386e-01 -3.297059075656270932e-02 -1.572031999999999874e-01 -3.517864555650461189e-01 3.187828822853111532e-02 9.355373132166351358e-01 6.391128499999999768e+00
9.343787522282438474e-01 1.013126791371149991e-02 3.561371993977190953e-01 1.300254000000000021e+00 1.421730233538866586e-03 9.994816248071941578e-01 -3.216302777902380755e-02 -1.598761999999999961e-01 -3.562784389596614365e-01 3.055878078771821077e-02 9.338799895325068379e-01 6.460959400000000130e+00
9.321835321294358323e-01 1.287988788329619619e-02 3.617567842001069289e-01 1.326400900000000105e+00 -1.937007767909867777e-03 9.995299663640854204e-01 -3.059565886064893533e-02 -1.626722999999999919e-01 -3.619808149993533064e-01 2.782004364345729355e-02 9.317703229573691681e-01 6.530795099999999742e+00
9.299770350681930697e-01 1.534580584328111043e-02 3.672971827945228918e-01 1.353164400000000045e+00 -4.566407575159284540e-03 9.995334765828016721e-01 -3.019895879257277968e-02 -1.653229999999999977e-01 -3.675892574159783099e-01 2.640710952221579991e-02 9.296132542079267314e-01 6.601801899999999890e+00
9.278886326720617861e-01 1.400435166430380983e-02 3.725943685731630262e-01 1.380744100000000030e+00 -3.113387669755844980e-03 9.995505629363833355e-01 -2.981575004552096397e-02 -1.679467000000000043e-01 -3.728444611030038991e-01 2.650566482889425701e-02 9.275152061054250385e-01 6.672385199999999905e+00
9.259814878670773464e-01 1.331501025007966049e-02 3.773340623764492308e-01 1.408713300000000057e+00 -2.256095844535768204e-03 9.995552743704445575e-01 -2.973488708177110876e-02 -1.712638999999999967e-01 -3.775621725742848711e-01 2.668265317140864137e-02 9.255997201062240443e-01 6.740588699999999989e+00
9.241479611991511023e-01 1.284461788769770962e-02 3.818187549122898372e-01 1.437599899999999931e+00 -1.544108093259566501e-03 9.995520549321037507e-01 -2.988821191046643622e-02 -1.745758000000000032e-01 -3.820316237455330666e-01 2.703156067132738566e-02 9.237538271563608960e-01 6.812424700000000222e+00
9.224985563766793240e-01 1.239815697071348921e-02 3.858013727122702741e-01 1.467475800000000108e+00 -1.241381201555274809e-03 9.995741570491525341e-01 -2.915413404971121253e-02 -1.780084999999999862e-01 -3.859985394475670684e-01 2.641572000165155754e-02 9.221211077082768215e-01 6.883560700000000310e+00
9.207172573565953755e-01 1.258142481090646254e-02 3.900274858974381864e-01 1.497757599999999911e+00 -2.072634770421936598e-03 9.996236909374527357e-01 -2.735289201697677433e-02 -1.811317000000000066e-01 -3.902248533741249359e-01 2.437589518995068524e-02 9.203968598071330387e-01 6.955263600000000324e+00
9.189103171561805450e-01 1.348817152382183332e-02 3.942358409034770750e-01 1.527955200000000069e+00 -3.243715810713808899e-03 9.996398168794952133e-01 -2.664047328537121062e-02 -1.837953999999999977e-01 -3.944531750812345638e-01 2.320141672556255003e-02 9.186230929659126021e-01 7.026384400000000419e+00
9.170488714237853278e-01 1.453109944328394645e-02 3.985099930608152485e-01 1.558678000000000008e+00 -4.253992407036230085e-03 9.996354802937600370e-01 -2.666102185709610592e-02 -1.868676999999999977e-01 -3.987521422750760491e-01 2.275420152044608721e-02 9.167764042252639634e-01 7.098289499999999919e+00
9.149478711213162585e-01 1.556234984536403708e-02 4.032718765273147210e-01 1.589879299999999995e+00 -5.326289384292403131e-03 9.996348414364237822e-01 -2.649178038129474527e-02 -1.897772000000000070e-01 -4.035368927024715613e-01 2.209065534714796386e-02 9.146966596497264623e-01 7.171835399999999971e+00
9.126231682474303941e-01 1.464037166994335351e-02 4.085396092123604883e-01 1.621913299999999891e+00 -4.458720226432989764e-03 9.996555444980512739e-01 -2.586333637114373793e-02 -1.927806999999999993e-01 -4.087775343533016081e-01 2.178191616158801566e-02 9.123740874972090520e-01 7.245894899999999694e+00
9.108714817229879301e-01 1.383290026153154682e-02 4.124582338299513928e-01 1.655600100000000019e+00 -3.924776534523810242e-03 9.996832477452390897e-01 -2.485961195765059098e-02 -1.960075000000000012e-01 -4.126714672871416578e-01 2.102510518131677289e-02 9.106372521697057021e-01 7.320087000000000010e+00
9.088867804857788668e-01 1.473862037972646123e-02 4.167824292451611234e-01 1.689091600000000026e+00 -5.028551184321191150e-03 9.996899696387496759e-01 -2.438602625813109798e-02 -1.992440000000000044e-01 -4.170126304216481006e-01 2.006832511640942174e-02 9.086791118958550406e-01 7.395291799999999860e+00
9.075450503366447874e-01 1.427536327042589100e-02 4.197120389182971700e-01 1.724370600000000087e+00 -5.071345722348625032e-03 9.997217497704484757e-01 -2.303702429736055254e-02 -2.026439999999999908e-01 -4.199241158376370575e-01 1.877863252236806543e-02 9.073649210205166904e-01 7.470466599999999957e+00
9.061342527326613494e-01 1.364847097551303429e-02 4.227699554895688605e-01 1.759321799999999936e+00 -4.736448824573508305e-03 9.997440273286876122e-01 -2.212342363081537186e-02 -2.053843999999999947e-01 -4.229636888400157835e-01 1.804436368085342648e-02 9.059669524117308637e-01 7.546410999999999980e+00
9.046789539077728648e-01 1.686562856455243314e-02 4.257599569351963598e-01 1.794636099999999956e+00 -7.884795471006122991e-03 9.997078712883125107e-01 -2.284736493714484631e-02 -2.080919999999999992e-01 -4.260209153981974750e-01 1.731250003070692808e-02 9.045476532421985461e-01 7.623152300000000103e+00
9.033152355557330093e-01 2.091324324118653752e-02 4.284672933492422175e-01 1.830902599999999936e+00 -1.162694701839942987e-02 9.996376003167418700e-01 -2.427925320139006499e-02 -2.111946000000000101e-01 -4.288197748657610053e-01 1.695005280584230972e-02 9.032310315716335358e-01 7.700717000000000034e+00
9.016805095878702714e-01 2.475339405102305532e-02 4.316937897541650582e-01 1.866871799999999970e+00 -1.518389460648556996e-02 9.995569439098218600e-01 -2.560010207472557253e-02 -2.141891999999999963e-01 -4.321362146059244402e-01 1.652832007833846678e-02 9.016568674731260113e-01 7.777974099999999780e+00
9.000815662500687431e-01 2.606774461472662063e-02 4.349409693136812027e-01 1.902689899999999934e+00 -1.725390422320049327e-02 9.995581928952712580e-01 -2.420169012685716159e-02 -2.170121999999999884e-01 -4.353796927807724870e-01 1.427906532799617413e-02 9.001336741881613701e-01 7.854775400000000296e+00
8.983214867008465498e-01 2.488705088244873298e-02 4.386332650745439210e-01 1.938338300000000070e+00 -1.648740107900247692e-02 9.996006783575616117e-01 -2.294884382191478972e-02 -2.195998000000000117e-01 -4.390292383625956640e-01 1.338351693229161699e-02 8.983730902789119899e-01 7.930556300000000114e+00
8.965940385651133271e-01 2.532883725856742430e-02 4.421284655081926251e-01 1.974820299999999973e+00 -1.647960295227086924e-02 9.995798241714127785e-01 -2.384528875864404610e-02 -2.222552999999999890e-01 -4.425466672522069267e-01 1.409344218339216373e-02 8.966347206033167261e-01 8.007290799999999820e+00
8.949101194454827102e-01 2.681954936491705299e-02 4.454397713338299480e-01 2.010839900000000124e+00 -1.812868358067953878e-02 9.995532867104699459e-01 -2.376084716353081550e-02 -2.249051999999999996e-01 -4.458780426817444686e-01 1.318858590447996582e-02 8.949965543264044587e-01 8.080704700000000074e+00
8.930881686020061272e-01 2.810588327310688250e-02 4.490028757464178399e-01 2.046448499999999893e+00 -2.084598371667099187e-02 9.995599147941073293e-01 -2.110501598391267830e-02 -2.276284000000000085e-01 -4.493984513391194868e-01 9.488733436840363425e-03 8.932810284965004843e-01 8.154149999999999565e+00
8.913176896501496804e-01 2.912994945231235991e-02 4.524425070234064927e-01 2.083071200000000012e+00 -2.253922669597025960e-02 9.995468475936167829e-01 -1.995201056562095204e-02 -2.300734999999999864e-01 -4.528186826718473279e-01 7.585875728530969662e-03 8.915703534285805976e-01 8.227911000000000641e+00
8.894735701771178116e-01 2.953334913668348091e-02 4.560313029224448145e-01 2.119661300000000193e+00 -2.327129375263894615e-02 9.995420592897348300e-01 -1.934214563885580662e-02 -2.328525999999999929e-01 -4.563937059638862315e-01 6.591888925571951288e-03 8.897535232618878354e-01 8.301409700000000669e+00
8.877706195946500900e-01 2.954006034933603225e-02 4.593372528100552743e-01 2.156419300000000039e+00 -2.296981521752874261e-02 9.995383557317559786e-01 -1.988625178182392220e-02 -2.353544999999999943e-01 -4.597126434778617265e-01 7.103538246190782557e-03 8.880393151043377564e-01 8.374293299999999718e+00
8.861004848845969173e-01 2.890677173093237837e-02 4.625908875403599851e-01 2.193260200000000104e+00 -2.240451685890720510e-02 9.995579175640818548e-01 -1.954500087682639262e-02 -2.378582999999999947e-01 -4.629513671127898911e-01 6.954709415350895062e-03 8.863563976783531695e-01 8.446873699999999374e+00
8.844291530511197985e-01 2.906721734044115033e-02 4.657683652947701147e-01 2.230531000000000041e+00 -2.293239869068474865e-02 9.995595936608971943e-01 -1.883411295372042910e-02 -2.404889000000000054e-01 -4.661106932087810129e-01 5.976252717679917704e-03 8.847062258625085773e-01 8.519446399999999642e+00
8.826676594413402910e-01 3.199999078831813198e-02 4.689070308343580851e-01 2.268831699999999785e+00 -2.606168108762690200e-02 9.994769012670513542e-01 -1.914974183897898141e-02 -2.431915000000000049e-01 -4.692745377231039572e-01 4.682352310566406661e-03 8.830399106618039839e-01 8.592341400000000462e+00
8.803628568582444469e-01 4.242207036911561924e-02 4.723998393416195540e-01 2.305550600000000117e+00 -3.592447458646208513e-02 9.990950430111987801e-01 -2.277119136403309152e-02 -2.457804000000000100e-01 -4.729383388879324635e-01 3.076195060229163988e-03 8.810901569271299971e-01 8.664668100000000095e+00
8.777789881790876159e-01 5.392627810651493686e-02 4.760210126043553647e-01 2.341803300000000032e+00 -4.378114019263800588e-02 9.985161004836150545e-01 -3.238531825422746868e-02 -2.488867999999999914e-01 -4.770610649327081676e-01 7.586409201580737033e-03 8.788374063048843832e-01 8.735451700000000486e+00
8.763955914138308323e-01 4.710966707104500412e-02 4.792822202198375736e-01 2.379310100000000094e+00 -3.307227083410319707e-02 9.987419067674926376e-01 -3.769387971950733524e-02 -2.528541999999999734e-01 -4.804549846263199697e-01 1.718379861637868433e-02 8.768510277195519231e-01 8.806508100000000283e+00
8.760299053292840421e-01 3.835713065351047113e-02 4.807289626148973372e-01 2.417875500000000066e+00 -2.536048118712308161e-02 9.991167482358350727e-01 -3.350476665504073526e-02 -2.565059000000000089e-01 -4.815895046226852938e-01 1.715965974839478783e-02 8.762289056602710069e-01 8.877612100000000339e+00
8.743416808958072162e-01 3.416770124841184142e-02 4.841065928488206271e-01 2.455833399999999944e+00 -2.632847192187262944e-02 9.993890850827439332e-01 -2.298408544482966054e-02 -2.593862000000000112e-01 -4.845961582746541874e-01 7.350157064671625218e-03 8.747071158831229987e-01 8.949299800000000360e+00
8.721090424367919924e-01 3.522426759231444410e-02 4.880420771537702374e-01 2.494671100000000141e+00 -3.268890574015744649e-02 9.993714600119265601e-01 -1.371569739901289109e-02 -2.619500000000000162e-01 -4.882184485878147129e-01 -3.991977732304311660e-03 8.727123297927513734e-01 9.020850199999999930e+00
8.696853933756700794e-01 3.879813312771501072e-02 4.920792836675915716e-01 2.532751600000000103e+00 -3.852034800011331500e-02 9.992004989220273359e-01 -1.070260453916499314e-02 -2.635306000000000037e-01 -4.921011068255751741e-01 -9.647166411734164546e-03 8.704845965560035204e-01 9.090898499999999771e+00
8.679839467191601265e-01 3.995730516605949800e-02 4.949821027084683744e-01 2.571113299999999935e+00 -3.991100441945122368e-02 9.991462751283098909e-01 -1.066923724800374930e-02 -2.653355000000000019e-01 -4.949858381449522837e-01 -1.049450623374157364e-02 8.688376634186900649e-01 9.160018900000000741e+00
8.663531137676837579e-01 3.651534915620886085e-02 4.980952835964608805e-01 2.611209899999999973e+00 -3.448628837180880286e-02 9.993169781592035061e-01 -1.327678715255962288e-02 -2.672057999999999933e-01 -4.982398801575151359e-01 -5.675071696294633344e-03 8.670206545301367695e-01 9.230877899999999414e+00
8.649251986240992229e-01 3.467015449230412966e-02 5.007018885250407170e-01 2.650673600000000185e+00 -2.993282765486818958e-02 9.993987990719054304e-01 -1.749474898982789767e-02 -2.695507999999999793e-01 -5.010074117352421030e-01 1.442259092185853991e-04 8.654429805511398843e-01 9.300119399999999814e+00
8.628563318635880108e-01 3.491354107238984344e-02 5.042420006432428714e-01 2.691210499999999950e+00 -2.857330403805265553e-02 9.993854962909197726e-01 -2.030261312494211282e-02 -2.722013999999999823e-01 -5.046409781807881245e-01 3.110378295097762646e-03 8.633236986713609395e-01 9.370928799999999725e+00
8.608050770758880477e-01 3.547455893674011929e-02 5.076969321835794746e-01 2.732978300000000083e+00 -2.895764296491437281e-02 9.993656348231768627e-01 -2.073120470173041990e-02 -2.742726999999999804e-01 -5.081102972724435007e-01 3.143819764594622812e-03 8.612862719229865682e-01 9.441545500000000146e+00
8.588024719653244432e-01 3.414168648135833262e-02 5.111679365829363553e-01 2.774139599999999817e+00 -2.826323216254609388e-02 9.994147961177368700e-01 -1.926797884233094268e-02 -2.768087000000000186e-01 -5.115266404147239543e-01 2.100129793876213957e-03 8.592648518360765930e-01 9.510857599999999579e+00
8.556767001683236451e-01 3.214803651973130449e-02 5.165112666118472085e-01 2.859705899999999801e+00 -2.634998598109124582e-02 9.994805457675839389e-01 -1.855577729249804908e-02 -2.803694999999999937e-01 -5.168394944543663883e-01 2.267681648405180800e-03 8.560793155964558920e-01 9.651524500000000728e+00
8.533454929017235679e-01 3.220335060660654142e-02 5.203502800556779606e-01 2.941633899999999802e+00 -2.589119797996691091e-02 9.994765968146794854e-01 -1.939531610746935558e-02 -2.846270000000000189e-01 -5.207025212263493019e-01 3.078413463860391400e-03 8.537326324787338772e-01 9.785050399999999371e+00
8.514317025741832134e-01 2.805668066399772884e-02 5.237145009656939409e-01 3.015366100000000049e+00 -2.368374819514740617e-02 9.996062504582663433e-01 -1.504739566152919761e-02 -2.884727000000000263e-01 -5.239304685958398045e-01 4.083073403844022023e-04 8.517609390915150680e-01 9.901704799999999196e+00
8.506165604039256367e-01 2.582435586816496376e-02 5.251519492590588367e-01 3.052553399999999861e+00 -2.234149943305885344e-02 9.996662510273208735e-01 -1.297088894656061447e-02 -2.904159000000000046e-01 -5.253116451875756709e-01 -6.994290355363278963e-04 8.509096228327347466e-01 9.962346999999999397e+00
8.466005885120883034e-01 3.295615108131187687e-02 5.312074318351461821e-01 3.125267700000000204e+00 -2.709057155365296454e-02 9.994555937298570392e-01 -1.883127969617037073e-02 -2.931576000000000182e-01 -5.315388456772299763e-01 1.551859531251318161e-03 8.470324948123969522e-01 1.008153440000000067e+01
8.449057031839063425e-01 3.582806749830501347e-02 5.337140641829160037e-01 3.159822199999999803e+00 -2.969926909086120781e-02 9.993573557398686136e-01 -2.007059899669845146e-02 -2.955421999999999771e-01 -5.340901666786025404e-01 1.106845948882124314e-03 8.454267968010407142e-01 1.013846870000000067e+01
8.411407586050669849e-01 3.781541795680968404e-02 5.394925563694501491e-01 3.228426499999999866e+00 -3.233811653081763299e-02 9.992843001696302130e-01 -1.962482238726430406e-02 -3.003149999999999986e-01 -5.398485624992732657e-01 -9.389351650707835478e-04 8.417616336993650750e-01 1.025179289999999988e+01
8.392308996548851763e-01 4.072363733512392170e-02 5.422481742031496355e-01 3.263621800000000128e+00 -3.509732058171538549e-02 9.991690975647922190e-01 -2.071937642746878722e-02 -3.025597999999999899e-01 -5.426413872461594012e-01 -1.643117085344940678e-03 8.399628712114646234e-01 1.030891420000000025e+01
8.353199493296463718e-01 3.937758052536072251e-02 5.483520661070639957e-01 3.333985300000000151e+00 -3.505882067817316095e-02 9.992168001293092461e-01 -1.834844494772437315e-02 -3.071462999999999832e-01 -5.486451142082400256e-01 -3.897754650142380706e-03 8.360462583877248388e-01 1.042310619999999943e+01
8.338285190303574845e-01 2.870826394394260239e-02 5.512765516807018873e-01 3.402374000000000009e+00 -2.852564657992583130e-02 9.995533811375894029e-01 -8.906500076351997128e-03 -3.106267999999999807e-01 -5.512860313293252990e-01 -8.299026312635566019e-03 8.342750372769308642e-01 1.053232189999999946e+01
8.337960548598685184e-01 2.344011206475310471e-02 5.515747456569335405e-01 3.436096899999999899e+00 -2.481490260359336258e-02 9.996797021618856194e-01 -4.971286986063465363e-03 -3.116241000000000150e-01 -5.515146049824004582e-01 -9.542234115522664484e-03 8.341106558839728180e-01 1.058543399999999934e+01
