1.000000000000000000e+00 0.000000000000000000e+00 0.000000000000000000e+00 0.000000000000000000e+00 0.000000000000000000e+00 1.000000000000000000e+00 0.000000000000000000e+00 0.000000000000000000e+00 0.000000000000000000e+00 0.000000000000000000e+00 1.000000000000000000e+00 0.000000000000000000e+00
9.988800543206648452e-01 -2.865050302570055010e-03 4.722741330106284413e-02 1.517899999999999978e-03 2.925327019906899181e-03 9.999949925032908249e-01 -1.207240725778546252e-03 -1.028000000000000051e-04 -4.722371800453948470e-02 1.344044309953702863e-03 9.988834336411435144e-01 4.803720000000000212e-02
9.956249582550369404e-01 -3.893707951185752282e-03 9.335835012491842944e-02 5.688099999999999754e-03 4.241765052720281905e-03 9.999847730157488401e-01 -3.530037659676259557e-03 -4.140999999999999824e-04 -9.334318362308789696e-02 3.910597784493386950e-03 9.956263140837903203e-01 9.228409999999999391e-02
9.901683912288384848e-01 -7.216060130822830702e-03 1.396942571743101935e-01 1.201449999999999914e-02 7.742610138479267580e-03 9.999648211936565945e-01 -3.226199526060863614e-03 -1.275799999999999894e-03 -1.396660624473156920e-01 4.276078966388071126e-03 9.901894294270847663e-01 1.370292999999999928e-01
9.608459380457166077e-01 -1.045269923437984992e-02 2.768859411739108545e-01 4.261809999999999904e-02 1.291412735234383387e-02 9.998916312688536090e-01 -7.067604490791971200e-03 -4.199099999999999881e-03 -2.767820598517437558e-01 1.036661937308459847e-02 9.608767998796720056e-01 2.664478000000000124e-01
9.468727152619824672e-01 -9.221145483792795791e-03 3.214763312724087108e-01 5.668349999999999778e-02 1.263947751992451803e-02 9.998835828768074530e-01 -8.547765875467190633e-03 -5.089999999999999906e-03 -3.213600857300483726e-01 1.215693914623275362e-02 9.468790335254925195e-01 3.087938000000000072e-01
9.309369552599400244e-01 -1.018398299310708036e-02 3.650379046369684466e-01 7.272149999999999448e-02 1.526978984648667131e-02 9.998223688374376916e-01 -1.104827092076868245e-02 -6.266700000000000048e-03 -3.648605471264281808e-01 1.585929578167568146e-02 9.309270991264100292e-01 3.498683000000000209e-01
9.131418472321459756e-01 -1.197385810505507270e-02 4.074660642992790627e-01 9.107030000000000680e-02 1.966955336899676304e-02 9.996984243872163445e-01 -1.470268506026337768e-02 -7.544000000000000358e-03 -4.071671346065745545e-01 2.144031249299110931e-02 9.131019863610386755e-01 3.900658000000000181e-01
8.734533502076383682e-01 -1.613134624434262032e-02 4.866405497689210713e-01 1.329682000000000086e-01 2.677420157535142370e-02 9.995301092407025134e-01 -1.492323193117876812e-02 -9.709799999999999334e-03 -4.861711500501187389e-01 2.606415910046663148e-02 8.734748264657262729e-01 4.699384999999999812e-01
8.319868323354712158e-01 -1.722710469707979669e-02 5.545278511347689898e-01 1.818996999999999975e-01 3.207431951147503985e-02 9.993395886189264665e-01 -1.707702101745573603e-02 -1.188540000000000083e-02 -5.538674470017753704e-01 3.199396009734750690e-02 8.319899264228052260e-01 5.464674999999999949e-01
8.116449236398098899e-01 -1.766498841517066126e-02 5.838839491834134643e-01 2.087670000000000081e-01 3.263413230499496304e-02 9.993528490311944790e-01 -1.512932721354929948e-02 -1.296789999999999922e-02 -5.832388287300728225e-01 3.133418767937738714e-02 8.116961484102572788e-01 5.839950000000000419e-01
7.905048870984373588e-01 -1.979001087977490594e-02 6.121359154165562089e-01 2.372508999999999868e-01 3.511805468821746490e-02 9.992980380678621044e-01 -1.304428413662300952e-02 -1.413230000000000042e-02 -6.114480727816566930e-01 3.180859291292179036e-02 7.906449694448816068e-01 6.211392000000000024e-01
7.472212773494555371e-01 -1.623972132627268805e-02 6.643768765749550331e-01 2.990719000000000016e-01 3.360354230050528745e-02 9.993458595861256510e-01 -1.336618393281037778e-02 -1.622320000000000012e-02 -6.637252177076792270e-01 3.231291350702641951e-02 7.472782018763701739e-01 6.937868999999999842e-01
7.257206445199200218e-01 -1.481619022920043459e-02 6.878299401921118550e-01 3.318643000000000010e-01 3.379498090852696424e-02 9.993288871245040728e-01 -1.413062715849227290e-02 -1.695489999999999844e-02 -6.871589666030591959e-01 3.350008754603735206e-02 7.257343169173025021e-01 7.289185999999999721e-01
6.814712377824908573e-01 -1.647503763652972616e-02 7.316594325299679014e-01 4.020506999999999831e-01 3.778048173212683603e-02 9.992054907717130563e-01 -1.268946065632776087e-02 -1.906909999999999855e-02 -7.308690630169594193e-01 3.628994828509663623e-02 6.815522374537235084e-01 7.966765999999999570e-01
6.360167186192874356e-01 -1.635512515520896881e-02 7.715019400610159117e-01 4.780078999999999856e-01 3.693215792481963772e-02 9.992748459611354717e-01 -9.262717763433478066e-03 -2.127539999999999987e-02 -7.707909894048905475e-01 3.438447484703372609e-02 6.361595385921077206e-01 8.624235999999999569e-01
6.146688493167566936e-01 -1.767420114282636234e-02 7.885872356902418057e-01 5.180141999999999802e-01 3.998869749071268243e-02 9.991615939109553812e-01 -8.775723691831821896e-03 -2.211899999999999977e-02 -7.877709754443930068e-01 3.692874039663449764e-02 6.148602754936339787e-01 8.939483999999999764e-01
5.943001521474176041e-01 -1.943873510623472106e-02 8.040083735478296134e-01 5.598539000000000154e-01 4.430045692274129504e-02 9.989812961453254925e-01 -8.592989482244829669e-03 -2.278780000000000042e-02 -8.030222902721897427e-01 4.072475327457816818e-02 5.945558811387976483e-01 9.251890999999999865e-01
5.440701776759709896e-01 -2.748933646414122856e-02 8.385892785770626690e-01 6.939737999999999740e-01 5.893123028288553555e-02 9.982468319241956101e-01 -5.511138779985182840e-03 -2.504800000000000082e-02 -8.369675930769259198e-01 5.241754414380721261e-02 5.447363116269643424e-01 1.015091799999999989e+00
5.186822874150832652e-01 -3.120014992500599535e-02 8.543975862363577534e-01 7.869787999999999784e-01 6.503459480395318293e-02 9.978783758471312382e-01 -3.041133896598772340e-03 -2.633090000000000083e-02 -8.524899918477299998e-01 5.714278310818055040e-02 5.196109276546335698e-01 1.072680099999999914e+00
4.965493590226977560e-01 -3.230555270487887876e-02 8.674071047199118922e-01 8.834231000000000167e-01 6.544281692779538306e-02 9.978562764025616927e-01 -2.989256918792780604e-04 -2.783609999999999904e-02 -8.655379666812443862e-01 5.691399571675230529e-02 4.975990608158845641e-01 1.129248599999999936e+00
4.867237452443102241e-01 -2.987503121970302641e-02 8.730449463372284002e-01 9.326459000000000277e-01 6.555846026907556634e-02 9.978458360209672140e-01 -2.403294148646567541e-03 -2.840339999999999879e-02 -8.710924658740312188e-01 5.840522275651937462e-02 4.876338235318192771e-01 1.157149800000000006e+00
4.697126383471832978e-01 -2.537582878842223333e-02 8.824545907242075105e-01 1.034113499999999908e+00 6.711270515525546987e-02 9.977206178882496168e-01 -7.032314514662706129e-03 -2.960990000000000150e-02 -8.802646887065682657e-01 6.252708176454480071e-02 4.703450242772192480e-01 1.211854699999999951e+00
4.631386999664685589e-01 -2.431277657533805273e-02 8.859522749497101834e-01 1.086807400000000090e+00 6.704826664489696442e-02 9.977202515164388386e-01 -7.670049145140661606e-03 -3.015599999999999878e-02 -8.837460464031983154e-01 6.295386095524060921e-02 4.637129897442425763e-01 1.239436699999999947e+00
4.578898390056340140e-01 -2.331491337939535849e-02 8.887031620003981169e-01 1.140322899999999917e+00 6.642193455437674088e-02 9.977591767713395177e-01 -8.046848987831693722e-03 -3.099160000000000109e-02 -8.865241237244753103e-01 6.271395365219900597e-02 4.584124104688497292e-01 1.267376199999999953e+00
4.534559634668552386e-01 -2.249118388332101495e-02 8.909948573610696476e-01 1.195207099999999967e+00 6.762213091157760758e-02 9.976682981178256471e-01 -9.231161446906312185e-03 -3.182270000000000237e-02 -8.887097032255940610e-01 6.443689609383765338e-02 4.539195411242706868e-01 1.295423699999999956e+00
4.387728703079784576e-01 -2.351644915859718923e-02 8.982902342231430248e-01 1.490459399999999990e+00 6.710004486791104616e-02 9.977240528354783811e-01 -6.655702237309678304e-03 -3.702260000000000273e-02 -8.960892546283670823e-01 6.319565659535880675e-02 4.393522012316077863e-01 1.442528999999999950e+00
4.369192681005400480e-01 -2.439131123403107462e-02 8.991699600736073883e-01 1.550942400000000054e+00 6.969982794200924037e-02 9.975447768069460874e-01 -6.808248676006489752e-03 -3.792469999999999869e-02 -8.967962350207221434e-01 6.564664653632099056e-02 4.375466039762994086e-01 1.471650700000000089e+00
4.355087034967455306e-01 -2.443522954640782105e-02 8.998528150401031711e-01 1.676575699999999891e+00 7.195981003290159717e-02 9.973774734455114199e-01 -7.743461982650124559e-03 -3.932879999999999709e-02 -8.973037138664993195e-01 6.812558271649786501e-02 4.361249248333842754e-01 1.532572899999999905e+00
4.357488282915175093e-01 -2.261188718549281620e-02 8.997842303577452405e-01 1.804871700000000079e+00 7.131435570475042063e-02 9.974089246588793145e-01 -9.470991565534554735e-03 -4.118079999999999657e-02 -8.972386646333214699e-01 6.829450613869786357e-02 4.362323224135110644e-01 1.596113799999999916e+00
4.380836187938615955e-01 -2.328240888334350001e-02 8.986326682138053856e-01 1.936548399999999948e+00 7.060334245244874463e-02 9.974676031790484787e-01 -8.576050535449911832e-03 -4.360839999999999855e-02 -8.961573025864469910e-01 6.720349726638599752e-02 4.386180331178257674e-01 1.660386899999999999e+00
4.398772707497780043e-01 -2.212611451771665308e-02 8.977852871004712298e-01 2.071661499999999823e+00 7.033221399267598761e-02 9.974747251188520458e-01 -9.876863062679781119e-03 -4.603669999999999984e-02 -8.952995958630916018e-01 6.748783449940726209e-02 4.403226383482521378e-01 1.726309099999999930e+00
4.415323397542892936e-01 -2.265046234467417430e-02 8.969593912249737011e-01 2.208417900000000156e+00 7.132404784242629692e-02 9.974038405698196774e-01 -9.922651658954444176e-03 -4.878699999999999704e-02 -8.944059889951957443e-01 6.835594613598852676e-02 4.420015740666312087e-01 1.794086099999999906e+00
4.429623335530885053e-01 -2.796607787557749136e-02 8.961039390279789130e-01 2.349794900000000020e+00 7.478640973186838348e-02 9.971824284320629506e-01 -5.847849668958619851e-03 -5.094560000000000061e-02 -8.934155606282104811e-01 6.960677348211719018e-02 4.438057380349985648e-01 1.863577400000000051e+00
4.437419905859687486e-01 -2.661345701643335823e-02 8.957593257658200692e-01 2.490514800000000140e+00 7.774473469941577120e-02 9.969336264659350855e-01 -8.893854507289120082e-03 -5.269589999999999691e-02 -8.927758968617598434e-01 7.358714783923768488e-02 4.444503680452595029e-01 1.934882900000000072e+00
4.443463313251036495e-01 -2.692370688143948254e-02 8.954504184183977866e-01 2.564642399999999878e+00 7.742098572460898165e-02 9.969627455193850185e-01 -8.442453190849762146e-03 -5.386490000000000028e-02 -8.925034054878173695e-01 7.307802716420391809e-02 4.450811983654631154e-01 1.971942400000000095e+00
4.448915847534859469e-01 -2.861434363510878889e-02 8.951271960754312307e-01 2.710908199999999990e+00 7.797928633644322927e-02 9.969311831241562949e-01 -6.888179522115990550e-03 -5.675179999999999808e-02 -8.921831138942222239e-01 7.286587303396432902e-02 4.457576200459251181e-01 2.044328900000000004e+00
4.451764256766354566e-01 -2.959710835787366517e-02 8.949536084058364871e-01 2.785191300000000147e+00 7.980389752221955790e-02 9.967878504960023811e-01 -6.731942054288002353e-03 -5.806139999999999912e-02 -8.918796375980551083e-01 7.441768795395015124e-02 4.461084170440525742e-01 2.081006100000000192e+00
4.451394222194328676e-01 -2.958699196375827109e-02 8.949723485631754238e-01 2.936346100000000181e+00 8.112323169909464726e-02 9.966766107424717136e-01 -7.399653883426490775e-03 -6.033659999999999718e-02 -8.917790735741922825e-01 7.589692685106563808e-02 4.460602430498816773e-01 2.156119299999999850e+00
4.449333173670023678e-01 -2.900066514698670939e-02 8.950940199318878632e-01 3.011897100000000105e+00 8.108792870666525765e-02 9.966747222607104106e-01 -8.015349312324372699e-03 -6.170470000000000121e-02 -8.918851332513942909e-01 7.614761603338712770e-02 4.458053943791783214e-01 2.193445899999999948e+00
4.430625851435287532e-01 -2.704557285676511061e-02 8.960826315886177840e-01 3.166957399999999812e+00 7.972261480778876364e-02 9.967733874971616004e-01 -9.333738031585159245e-03 -6.429680000000000117e-02 -8.929388838739983347e-01 7.557348057541567188e-02 4.437891376538806165e-01 2.269699600000000039e+00
4.420556755486866329e-01 -2.722180708494141912e-02 8.965744547633645034e-01 3.244586500000000040e+00 7.884624116936603255e-02 9.968496174304393165e-01 -8.608744522223550633e-03 -6.563280000000000503e-02 -8.935155566461370213e-01 7.449707006196268355e-02 4.428093682201479364e-01 2.308305499999999899e+00
4.412955401241408504e-01 -2.743543173013567385e-02 8.969423300036206692e-01 3.323690700000000220e+00 7.869695623218561642e-02 9.968646369784014416e-01 -8.227066409688822690e-03 -6.686759999999999926e-02 -8.939043770707985059e-01 7.421719900199030828e-02 4.420710033761168223e-01 2.347355600000000209e+00
4.408881397038281191e-01 -2.670474574064768056e-02 8.971647032866513216e-01 3.403526799999999852e+00 7.586006489196053804e-02 9.970895070022781637e-01 -7.600367132015811711e-03 -6.803660000000000263e-02 -8.943505458281363341e-01 7.140988433600246876e-02 4.416307616052503882e-01 2.387471699999999863e+00
4.393798413442279172e-01 -2.612723369944553592e-02 8.979213343492488120e-01 3.482893699999999981e+00 7.602659367000885737e-02 9.970721558036808041e-01 -8.189821483757665777e-03 -6.930450000000000499e-02 -8.950783832018603947e-01 7.186434289837351219e-02 4.400797702059576766e-01 2.426369199999999893e+00
4.368139327142823158e-01 -2.469586143634840483e-02 8.992128238713008592e-01 3.562997600000000098e+00 7.489218324688048933e-02 9.971510669703543828e-01 -8.995027982140271078e-03 -7.056610000000000660e-02 -8.964288867920300330e-01 7.127316513106803086e-02 4.374190060536937708e-01 2.465964099999999881e+00
4.330088832973422730e-01 -2.425729676555348283e-02 9.010632000804472685e-01 3.644348100000000201e+00 7.592837501704959025e-02 9.970666173602084070e-01 -9.645849529317525317e-03 -7.182370000000000421e-02 -8.981860546973876591e-01 7.259300310291497138e-02 4.335805196819171314e-01 2.505857499999999849e+00
4.287787165583497595e-01 -2.394341419846054281e-02 9.030922019058161831e-01 3.726147899999999957e+00 7.359807003549906357e-02 9.972517286213301579e-01 -8.503754983461220968e-03 -7.352849999999999664e-02 -9.004066505272071419e-01 7.011207227211248283e-02 4.293625053589169571e-01 2.545528200000000130e+00
4.242224662117997647e-01 -2.377031811620275784e-02 9.052459727266577438e-01 3.808592299999999931e+00 7.160422234257086960e-02 9.974059287957595110e-01 -7.365361212045794942e-03 -7.503600000000000547e-02 -9.027226232370018089e-01 6.794398560375124185e-02 4.248240580715541004e-01 2.584923700000000046e+00
4.157500924322639069e-01 -2.129372170789175719e-02 9.092295849005306296e-01 3.975206599999999924e+00 7.106025368910448559e-02 9.974302092827200816e-01 -9.133343082873116719e-03 -7.831580000000000485e-02 -9.066985722875074982e-01 6.840727319559093689e-02 4.161948389705711904e-01 2.662464400000000175e+00
4.115300497245493738e-01 -1.979068345485874431e-02 9.111812920720552267e-01 4.059812499999999602e+00 7.105242208782844293e-02 9.974180853971938987e-01 -1.042670792000336202e-02 -8.009639999999999815e-02 -9.086223481123296697e-01 6.903254139161886516e-02 4.118736902739132955e-01 2.701121099999999942e+00
4.071817701922918475e-01 -1.880072781218759120e-02 9.131536227036519682e-01 4.144906500000000271e+00 6.955547274193552010e-02 9.975230615610300999e-01 -1.047749328585756423e-02 -8.175699999999999634e-02 -9.106948128954711619e-01 6.778107617647687044e-02 4.074808995249239452e-01 2.739475000000000104e+00
4.020383421081071829e-01 -1.823604404258558076e-02 9.154412150283826044e-01 4.229507899999999765e+00 6.790289325698851963e-02 9.976423410896788635e-01 -9.947680756586356476e-03 -8.355400000000000327e-02 -9.131015105464970194e-01 6.616045618631882785e-02 4.023287529805986695e-01 2.778192300000000170e+00
3.966892353192381648e-01 -1.727719845337128898e-02 9.177903622262771899e-01 4.315184600000000259e+00 6.546167963219226560e-02 9.978097614824094075e-01 -9.510435854863170946e-03 -8.515749999999999709e-02 -9.156158687362131454e-01 6.385278618838857723e-02 3.969513857066248042e-01 2.816385499999999986e+00
3.912889032555293412e-01 -1.722411431680466107e-02 9.201066916804196971e-01 4.401682899999999954e+00 6.438880200412538946e-02 9.978869448945794085e-01 -8.702148323035466260e-03 -8.672470000000000179e-02 -9.180125687405149559e-01 6.264962166656887210e-02 3.915711283272519383e-01 2.854488799999999937e+00
3.861573709515954689e-01 -1.756278143815342627e-02 9.222657065986502589e-01 4.488400500000000015e+00 6.462544500544359360e-02 9.978770701280033073e-01 -8.056349706939077565e-03 -8.828460000000000474e-02 -9.201663092711015457e-01 6.271285052449589170e-02 3.864725884994846261e-01 2.891632099999999816e+00
3.807765857922468244e-01 -1.696643246510018757e-02 9.245114017046013322e-01 4.576446100000000072e+00 6.576294256143791483e-02 9.977966962670705708e-01 -8.774297930911334475e-03 -9.015670000000000628e-02 -9.223255537488163069e-01 6.413963741655054340e-02 3.810533818430336117e-01 2.928640800000000155e+00
3.752823523669230332e-01 -1.618786117265762214e-02 9.267691779254441098e-01 4.664397199999999799e+00 6.588144609247409411e-02 9.977845869357988562e-01 -9.249493722452727107e-03 -9.190959999999999408e-02 -9.245662718608727015e-01 6.452806539802682928e-02 3.755174266439240682e-01 2.965223099999999778e+00
3.694989769026155724e-01 -1.631803013999746574e-02 9.290878472783240527e-01 4.753402200000000022e+00 6.640144631945259224e-02 9.977534388704770718e-01 -8.883870148873568295e-03 -9.334670000000000467e-02 -9.268556273738671747e-01 6.497535774805188180e-02 3.697524156660879635e-01 3.001450100000000010e+00
3.637984801247219901e-01 -1.601301213960029321e-02 9.313400288300505148e-01 4.842889300000000397e+00 6.621384587915352116e-02 9.977674460040458770e-01 -8.709208256491681593e-03 -9.483070000000000388e-02 -9.291213012695566098e-01 6.483600185684071371e-02 3.640465634920699856e-01 3.037693500000000046e+00
3.582410662442921390e-01 -1.518974180376884628e-02 9.335055490997831162e-01 4.932300999999999824e+00 6.506386076679521180e-02 9.978428946721490389e-01 -8.732214749159781381e-03 -9.693430000000000102e-02 -9.313592392188266844e-01 6.386571299407213520e-02 3.584566057774455361e-01 3.073372599999999899e+00
3.533670832842176757e-01 -1.415120632849832874e-02 9.353777032892396370e-01 5.022655499999999940e+00 6.420238547760305503e-02 9.978948824395009742e-01 -9.157363159753410115e-03 -9.844269999999999410e-02 -9.332790355248476999e-01 6.328939058406719831e-02 3.535317452355690726e-01 3.107945400000000191e+00
3.482885424490010373e-01 -1.544738531713176280e-02 9.372600863610988098e-01 5.114048999999999623e+00 6.559989272542890437e-02 9.978144828587597326e-01 -7.931700430431534027e-03 -9.981089999999999407e-02 -9.350891643437874157e-01 6.424668150317142112e-02 3.485406986890733361e-01 3.143410199999999932e+00
3.437517020915650812e-01 -1.692077158888023042e-02 9.389081184002984193e-01 5.205979799999999713e+00 6.739217357089022364e-02 9.977041128068203646e-01 -6.693147969856885759e-03 -1.015392999999999990e-01 -9.366392380476823432e-01 6.557583988933987640e-02 3.441028145369705582e-01 3.177883399999999803e+00
3.402529126542248594e-01 -1.724250271485273239e-02 9.401758620228689578e-01 5.297163499999999914e+00 6.852136638796496593e-02 9.976284613538907164e-01 -6.501957012692238802e-03 -1.033719000000000027e-01 -9.378340886204993287e-01 6.663444452231090387e-02 3.406274695683840781e-01 3.210884800000000094e+00
3.371819851618933495e-01 -1.677252727384551459e-02 9.412900675196421707e-01 5.389167800000000064e+00 6.904224748817071322e-02 9.975894850955766557e-01 -6.956097219305294038e-03 -1.047492000000000006e-01 -9.389044024521701060e-01 6.733425246923255281e-02 3.375272159402005201e-01 3.244080299999999806e+00
3.335614534014559873e-01 -1.667782583185472775e-02 9.425808224922842538e-01 5.481649400000000227e+00 6.817480648349977246e-02 9.976523890184574306e-01 -6.473518880939829051e-03 -1.064102999999999993e-01 -9.402600451819944638e-01 6.641958153501756335e-02 3.339153884190836363e-01 3.277777899999999800e+00
3.302833187157463990e-01 -1.514343046295466705e-02 9.437603540581296357e-01 5.573818700000000348e+00 6.701196365207473526e-02 9.977244136006921948e-01 -7.442528646079648452e-03 -1.078558000000000017e-01 -9.415000404172086945e-01 6.570137760327676713e-02 3.305465214995098044e-01 3.309939400000000198e+00
3.254598567611995952e-01 -1.369587205069956043e-02 9.454566646471693758e-01 5.665549300000000343e+00 6.560747807964867340e-02 9.978123870431253595e-01 -8.130134274941941408e-03 -1.092614999999999975e-01 -9.432770221186390636e-01 6.467505973766884964e-02 3.256464281869542177e-01 3.342628700000000119e+00
3.210530043002439160e-01 -1.356769200660244701e-02 9.469640363622060519e-01 5.757783400000000107e+00 6.508690307421181875e-02 9.978493490596687110e-01 -7.769918236609617973e-03 -1.108019999999999977e-01 -9.448220274093930282e-01 6.412951204250207093e-02 3.212456104092239473e-01 3.374257099999999898e+00
3.170594034123644378e-01 -1.266128286866416083e-02 9.483211621723491858e-01 5.852716000000000030e+00 6.489109860133014662e-02 9.978572243476222514e-01 -8.372881198935297475e-03 -1.122522999999999993e-01 -9.461831112581263747e-01 6.419230275803095020e-02 3.172016207974248658e-01 3.406333899999999915e+00
3.122890007082032016e-01 -1.200417373980976199e-02 9.499113010431534665e-01 5.943722700000000359e+00 6.433813874540497690e-02 9.978916046177100929e-01 -8.541038360097518573e-03 -1.139691000000000037e-01 -9.478059843340560509e-01 6.378279741682783832e-02 3.124028982167659230e-01 3.437426799999999893e+00
3.093974759467272850e-01 -1.185970628939445395e-02 9.508588482232910311e-01 6.035903499999999866e+00 6.293490789424673049e-02 9.979853229256695490e-01 -8.030728067223696226e-03 -1.163002000000000064e-01 -9.488479326246840317e-01 6.232690102737589721e-02 3.095205294680575259e-01 3.463193400000000199e+00
3.048075074962107722e-01 -1.249832061914803519e-02 9.523319669924182884e-01 6.128800899999999885e+00 6.257800285797081308e-02 9.980160085003703108e-01 -6.931113568301960209e-03 -1.180395999999999945e-01 -9.503559211854551991e-01 6.170768800311579594e-02 3.049848919357398547e-01 3.494245999999999963e+00
3.007249034971687385e-01 -1.281056412592677246e-02 9.536248852999769099e-01 6.223513099999999909e+00 6.339215674702788905e-02 9.979669732456855069e-01 -6.584434205417443592e-03 -1.196601000000000053e-01 -9.516017900779605299e-01 6.243244154781024680e-02 3.009256110117589644e-01 3.524785500000000127e+00
2.969679688773030346e-01 -1.283026692187353920e-02 9.548012409457805605e-01 6.318623999999999796e+00 6.493834370196054084e-02 9.978661869559858344e-01 -6.788552656309364275e-03 -1.214887999999999940e-01 -9.526767746608159060e-01 6.401919384555634918e-02 2.971674710348187753e-01 3.554601900000000203e+00
2.929879239813820146e-01 -1.192461593734228664e-02 9.560417772962783722e-01 6.412811800000000062e+00 6.496905035552168195e-02 9.978593631745387160e-01 -7.464169130296651605e-03 -1.230123999999999940e-01 -9.539062317109483491e-01 6.430003778887588561e-02 2.931354742151954795e-01 3.584497700000000009e+00
2.894270614819156040e-01 -1.013156640820333382e-02 9.571464503638195120e-01 6.508217799999999720e+00 6.520760951984266862e-02 9.978297160793050402e-01 -9.155619574957529760e-03 -1.244214000000000014e-01 -9.549764100451126891e-01 6.506311605825366995e-02 2.894595778103379313e-01 3.614136900000000097e+00
2.830522927410952239e-01 -8.731555488597719794e-03 9.590647316593174931e-01 6.700810899999999570e+00 6.628808394060077547e-02 9.977454869760105094e-01 -1.048013103389003331e-02 -1.278846999999999900e-01 -9.568109998852925013e-01 6.654098855407228341e-02 2.829929457438005169e-01 3.671905000000000197e+00
2.797345337243972718e-01 -8.735565200378322265e-03 9.600376453778384223e-01 6.798264500000000155e+00 6.641210518042781064e-02 9.977393993385809123e-01 -1.027245311459928229e-02 -1.297523999999999900e-01 -9.577776479577596591e-01 6.663168096422142361e-02 2.796823129273361408e-01 3.701022899999999893e+00
2.756922346422804315e-01 -8.488682711725689667e-03 9.612084758384963346e-01 6.896197800000000377e+00 6.653251548649651015e-02 9.977313868205364145e-01 -1.027152063758294057e-02 -1.311518000000000128e-01 -9.589406739423375070e-01 6.678339628222601521e-02 2.756315690192731038e-01 3.729891299999999799e+00
2.717654141851204574e-01 -8.955374270860259889e-03 9.623218593196656290e-01 6.992881299999999634e+00 6.846023102798329263e-02 9.976032261444939264e-01 -1.004987331725435903e-02 -1.331747000000000070e-01 -9.599253910697356229e-01 6.861198479687437290e-02 2.717271409370959345e-01 3.757404600000000094e+00
2.684777836962682906e-01 -1.013324198523397196e-02 9.632325768309586422e-01 7.090359199999999973e+00 7.038861313462085878e-02 9.974779026181752606e-01 -9.125619399836845669e-03 -1.352578999999999865e-01 -9.607107383612012441e-01 7.025063128054216677e-02 2.685139214308279731e-01 3.785125499999999921e+00
2.655087456100194143e-01 -1.075336448028666250e-02 9.640484796715091953e-01 7.188221500000000042e+00 7.090739671803847344e-02 9.974475101971006508e-01 -8.402707437218045333e-03 -1.368301000000000101e-01 -9.614973983819534720e-01 7.058916031487327825e-02 2.655935303255265723e-01 3.812782799999999916e+00
2.626493844289577995e-01 -1.109329562426190560e-02 9.648275699062928146e-01 7.286009800000000425e+00 7.052921725769582817e-02 9.974797544707171282e-01 -7.731037062046895031e-03 -1.384980000000000100e-01 -9.623102048570960632e-01 7.007908541947971415e-02 2.627698449492692490e-01 3.839903099999999903e+00
2.600680396002078010e-01 -1.019495258523334807e-02 9.655364714604465215e-01 7.385034600000000005e+00 6.981428207697507049e-02 9.975257105180778128e-01 -8.271811982918972350e-03 -1.401193000000000022e-01 -9.630631239937398336e-01 6.955946950048604027e-02 2.601363092807877919e-01 3.866763100000000009e+00
2.573243003540464091e-01 -7.749550824105423674e-03 9.662940281867239412e-01 7.482306999999999597e+00 6.955521167558692541e-02 9.975226053096759582e-01 -1.052256741298189871e-02 -1.418623999999999996e-01 -9.638185913210354228e-01 6.991849796885700463e-02 2.572258281466193175e-01 3.893089999999999939e+00
2.540824122946875874e-01 -5.425865293213476270e-03 9.671673525033467334e-01 7.581824799999999698e+00 6.899618530268220029e-02 9.975382377741437434e-01 -1.252958866578655558e-02 -1.436246999999999940e-01 -9.647184325885925782e-01 6.991440598528865513e-02 2.538312858170440611e-01 3.919580499999999912e+00
2.507322182270947941e-01 -3.944353871777578346e-03 9.680484475559345547e-01 7.681162800000000068e+00 6.842936800938398401e-02 9.975624539480539843e-01 -1.365913858824414906e-02 -1.457722999999999935e-01 -9.656349084083264422e-01 6.966772958601964716e-02 2.503909565411107652e-01 3.946233499999999950e+00
2.434866004412472862e-01 -2.514210392930815718e-03 9.699010022428393718e-01 7.880970999999999727e+00 6.747219568668916256e-02 9.976179193408932777e-01 -1.435234542379854386e-02 -1.504356000000000027e-01 -9.675545350081211637e-01 6.893595401564400760e-02 2.430762350152139151e-01 3.998120800000000141e+00
2.397133297083426096e-01 -3.353521092468711440e-03 9.708379233715694889e-01 7.981366200000000077e+00 6.731665624178641283e-02 9.976446658793793887e-01 -1.317529638553226884e-02 -1.529299000000000075e-01 -9.685070920507315995e-01 6.851185692056396825e-02 2.393744725502943149e-01 4.023808999999999969e+00
2.358093608787797668e-01 -3.941659165935314235e-03 9.717913400751010400e-01 8.081855799999999590e+00 6.692512054016475087e-02 9.976834965297451951e-01 -1.219298949669274726e-02 -1.551796000000000009e-01 -9.694921214546436961e-01 6.791247363483118860e-02 2.355269036907939872e-01 4.049004100000000328e+00
2.277314837919850177e-01 -3.573254339095256749e-03 9.737174144192600744e-01 8.284558300000000486e+00 6.588626168100472635e-02 9.977579803783032109e-01 -1.174789824231601415e-02 -1.600463000000000025e-01 -9.714923426417746422e-01 6.682996666793858398e-02 2.274563337072836866e-01 4.097933300000000223e+00
2.240649356453236207e-01 -2.820549683461695545e-03 9.745701355539989619e-01 8.385692600000000496e+00 6.543362904175008266e-02 9.977828754730297955e-01 -1.215621664824175635e-02 -1.627419999999999978e-01 -9.723751049901901977e-01 6.649344262598735900e-02 2.237527145825518593e-01 4.121926799999999780e+00
2.207031166641584830e-01 -1.864167370509720034e-03 9.753392533753277860e-01 8.487315199999999393e+00 6.506594982341215583e-02 9.977986599728911887e-01 -1.281625256773167784e-02 -1.648178999999999894e-01 -9.731683083970132930e-01 6.628996180657674431e-02 2.203385678799300029e-01 4.145688500000000332e+00
2.152832141027192225e-01 -2.970527890269705762e-03 9.765471384882841166e-01 8.691447300000000098e+00 6.786461159208420635e-02 9.976232538607271438e-01 -1.192635106773329637e-02 -1.697007000000000099e-01 -9.741907062885882818e-01 6.884053544524769419e-02 2.149731342762469799e-01 4.191385699999999659e+00
2.125681476752198928e-01 -3.820012551500849562e-03 9.771387772972845998e-01 8.795284300000000499e+00 6.901873967233548846e-02 9.975534466688659174e-01 -1.111461259371796656e-02 -1.712249999999999883e-01 -9.747056972070946568e-01 6.980349950519978974e-02 2.123117408172691123e-01 4.213974999999999582e+00
2.097664598132002178e-01 -4.238846571944981934e-03 9.777423303289964895e-01 8.893509899999999746e+00 7.080921835147631349e-02 9.974306772145680178e-01 -1.086732477389010243e-02 -1.739429000000000114e-01 -9.751841297590368995e-01 7.151277040520641337e-02 2.095276514808540602e-01 4.236010099999999667e+00
2.041481952437750602e-01 -2.827410787248185731e-03 9.789359121653211648e-01 9.096666300000000760e+00 7.035667672396238304e-02 9.974522053579512049e-01 -1.179135560143155029e-02 -1.785629999999999995e-01 -9.764084454873733776e-01 7.128186147120257887e-02 2.038269947924733483e-01 4.279862399999999845e+00
2.012719669229358910e-01 -1.366607353008461589e-03 9.795344443741196283e-01 9.198769600000000324e+00 7.025082620884842699e-02 9.974440798955634957e-01 -1.304334689667783348e-02 -1.808826000000000045e-01 -9.770130074609788551e-01 7.143836410245971158e-02 2.008535371518700430e-01 4.301217600000000196e+00
1.982202374880491225e-01 9.077800460184637377e-05 9.801575022462128972e-01 9.302052500000000279e+00 6.996717705574906354e-02 9.974476216889291980e-01 -1.424205469545460415e-02 -1.832843000000000111e-01 -9.776570623613530797e-01 7.140191696623235385e-02 1.977079529723485551e-01 4.322576999999999892e+00
1.900015061291754626e-01 6.455574336701186411e-04 9.817835866036084269e-01 9.611652400000000540e+00 7.102524115699236640e-02 9.973705547398279414e-01 -1.440109914412423739e-02 -1.894695999999999880e-01 -9.792113371419044476e-01 7.246764652979735544e-02 1.894560566970514559e-01 4.384191500000000019e+00
1.871287100617135546e-01 -6.397723750720604730e-04 9.823351956241551663e-01 9.714373600000000053e+00 7.125747036138327384e-02 9.973742172833810482e-01 -1.292453542916427098e-02 -1.922898000000000107e-01 -9.797475280848305657e-01 7.241727273013830180e-02 1.866829392901050433e-01 4.404076100000000160e+00
1.838483720527748222e-01 -6.045704959673214862e-04 9.829544295581863489e-01 9.817917800000000028e+00 7.050873400681416381e-02 9.974319059927474473e-01 -1.257423303551385291e-02 -1.946147000000000016e-01 -9.804225081679328602e-01 7.161862468792937197e-02 1.834188596505514912e-01 4.423905799999999999e+00
1.808269144593392663e-01 3.011002559575384763e-04 9.835148887260173334e-01 9.920422600000000202e+00 6.949434845601543120e-02 9.974965587657769195e-01 -1.308246089643988475e-02 -1.969430000000000069e-01 -9.810566561314327805e-01 7.071438742624328033e-02 1.803533001393167190e-01 4.442624999999999602e+00
1.734824170437217206e-01 4.306295453887776237e-04 9.848368725504049737e-01 1.012827489999999919e+01 6.701582322741821141e-02 9.976768162590169409e-01 -1.224131269199692576e-02 -2.013153000000000026e-01 -9.825541870114947729e-01 6.812330627227695945e-02 1.730505265196090603e-01 4.480846900000000410e+00
1.660866136229124934e-01 8.875604740812836901e-04 9.861107691388822927e-01 1.033423709999999929e+01 6.619321354298865479e-02 9.977341009007587580e-01 -1.204667508514224716e-02 -2.062230999999999925e-01 -9.838870337879880301e-01 6.727463218895761432e-02 1.656515276347151344e-01 4.516628700000000052e+00
1.616262317642306601e-01 5.433133875795900791e-04 9.868518966979078488e-01 1.043692399999999942e+01 6.583173100216621609e-02 9.977663988534021255e-01 -1.133121848576008547e-02 -2.083387999999999907e-01 -9.846538195726219911e-01 6.679759074754477999e-02 1.612294559668607796e-01 4.534066700000000338e+00
1.529991221409189028e-01 2.088512934837971624e-03 9.882241176665489402e-01 1.064367580000000046e+01 6.492915533010278073e-02 9.978157687836129996e-01 -1.216126452663862309e-02 -2.126577000000000051e-01 -9.860910066582229128e-01 6.602522003362432113e-02 1.525293313015039232e-01 4.568324099999999888e+00
1.452806638366258007e-01 2.142429905813987567e-03 9.893881638211001750e-01 1.085061450000000072e+01 6.548574238203638820e-02 9.977840109123433665e-01 -1.177646433996046640e-02 -2.179203000000000112e-01 -9.872209206960025352e-01 6.650171096878239319e-02 1.448184248580326461e-01 4.600573999999999941e+00
1.372861672418418666e-01 3.418535427949769695e-03 9.905255281412858048e-01 1.105702020000000019e+01 6.499194634354529820e-02 9.978081012065003197e-01 -1.245150903127787215e-02 -2.224595000000000045e-01 -9.883969623559772932e-01 6.608560192815163270e-02 1.367630725863934193e-01 4.631674300000000244e+00
1.327820641178861505e-01 3.654629362235237849e-03 9.911385206583479546e-01 1.115924739999999993e+01 6.571693244756296459e-02 9.977602202903231854e-01 -1.248309240085654359e-02 -2.247573999999999961e-01 -9.889642097863179382e-01 6.679211398384216070e-02 1.322444905139470439e-01 4.646810499999999955e+00
1.257712496350057996e-01 4.884605776864309190e-03 9.920472435280758283e-01 1.136775489999999955e+01 6.922099544377399716e-02 9.975074494897356869e-01 -1.368729345983102363e-02 -2.298505999999999883e-01 -9.896413726977171255e-01 7.039196572682948627e-02 1.251196411683265231e-01 4.674194299999999913e+00
1.224743730690930898e-01 4.720993830281822179e-03 9.924604476545083598e-01 1.147131919999999994e+01 7.100396880175004199e-02 9.973845832468458683e-01 -1.350664710116970813e-02 -2.324399000000000048e-01 -9.899285147705024768e-01 7.212284879821283246e-02 1.218188422432975315e-01 4.687812300000000043e+00
1.188741690335132078e-01 6.223917823146712935e-03 9.928898200623887949e-01 1.157488159999999944e+01 7.243829070756567512e-02 9.972612333208638047e-01 -1.492402608935788216e-02 -2.345864000000000005e-01 -9.902634124191189713e-01 7.369732262626876862e-02 1.180977504517410903e-01 4.701936199999999566e+00
1.129731233153469933e-01 7.704504042998758240e-03 9.935681728124275969e-01 1.178368380000000037e+01 7.601907835681386005e-02 9.969719013212446912e-01 -1.637460539014310573e-02 -2.392206000000000055e-01 -9.906857085545118791e-01 7.738002709584512750e-02 1.120453402533557741e-01 4.725930700000000151e+00
1.090786416547266380e-01 8.892539555516540406e-03 9.939933463937338232e-01 1.188834480000000049e+01 7.606439163846503981e-02 9.969534031467339741e-01 -1.726615993253118736e-02 -2.414657000000000053e-01 -9.911185894026153242e-01 7.749086845815517099e-02 1.080699173968914240e-01 4.738284600000000069e+00
1.054648498676885454e-01 9.409390399038639052e-03 9.943785138541080260e-01 1.199291709999999966e+01 7.565366329744696583e-02 9.969813157596869591e-01 -1.745792816344278464e-02 -2.434806999999999944e-01 -9.915410675670789376e-01 7.706957505009277842e-02 1.044346299344028894e-01 4.749501200000000090e+00
1.016909871728528397e-01 1.025325907696712779e-02 9.947631948389080714e-01 1.209872820000000004e+01 7.626635061583737774e-02 9.969236922377583410e-01 -1.807195669476598446e-02 -2.461882999999999988e-01 -9.918882935550520363e-01 7.770471371375051173e-02 1.005961757479439944e-01 4.760657799999999717e+00
9.802954798270904768e-02 1.112529918305023291e-02 9.951213169460261243e-01 1.220476719999999915e+01 7.554940190260099608e-02 9.969687866848971902e-01 -1.858833634845283647e-02 -2.486775999999999986e-01 -9.923116927631484563e-01 7.700302652579031626e-02 9.689188981232343956e-02 4.771900200000000147e+00
9.498951325183180305e-02 1.166622680176128413e-02 9.954099113050811631e-01 1.231052779999999913e+01 7.394988316345584012e-02 9.970858163157397813e-01 -1.874272344367600499e-02 -2.513550999999999980e-01 -9.927277608449815993e-01 7.539080881768518705e-02 9.384998025318891379e-02 4.781714400000000253e+00
9.177002985839323446e-02 1.148711877108951618e-02 9.957139688294669444e-01 1.241606239999999950e+01 7.557509360061344383e-02 9.969690947255965829e-01 -1.846698105492473874e-02 -2.540826999999999947e-01 -9.929081865142659336e-01 7.694589179653008038e-02 9.062374351453683641e-02 4.792557699999999699e+00
8.964846172904378241e-02 1.086521971773200812e-02 9.959142032876636685e-01 1.252378649999999993e+01 7.680171626831371057e-02 9.968876763338965219e-01 -1.778924258775189948e-02 -2.563698999999999839e-01 -9.930078799726907990e-01 7.808269830179959126e-02 8.853497917802055639e-02 4.801742599999999861e+00
8.712651588520799184e-02 1.013494380724549310e-02 9.961456987528125584e-01 1.263073160000000073e+01 7.735328919808950876e-02 9.968603685917684087e-01 -1.690781420883037331e-02 -2.588361000000000134e-01 -9.931895281767433303e-01 7.852826526230904935e-02 8.606899950011670519e-02 4.811328399999999839e+00
8.462986608405896616e-02 1.005732781203743514e-02 9.963616993461136273e-01 1.273849389999999993e+01 7.700105589529182559e-02 9.968927602043617942e-01 -1.660307330403035589e-02 -2.608985999999999805e-01 -9.934327471739615723e-01 7.812601877358195390e-02 8.359247593525109821e-02 4.820480800000000343e+00
8.207483470199196385e-02 9.229422834611235305e-03 9.965834331669281010e-01 1.284605119999999978e+01 7.668296906273042168e-02 9.969342918344142879e-01 -1.554799087789943829e-02 -2.634887000000000201e-01 -9.936716981802216075e-01 7.769707535522088482e-02 8.111547766536364445e-02 4.830451000000000050e+00
7.932882792778159220e-02 8.694449826054960473e-03 9.968105856188660407e-01 1.295567609999999981e+01 7.831711800263430057e-02 9.968167374737788577e-01 -1.492718727332775080e-02 -2.655577000000000076e-01 -9.937672595167170719e-01 7.925148853083932576e-02 7.839537918959493812e-02 4.838818100000000122e+00
7.630620639017617057e-02 8.510680637247365621e-03 9.970481087597680148e-01 1.306490040000000086e+01 7.788929197789834502e-02 9.968569982302523114e-01 -1.447008205064365810e-02 -2.677132999999999874e-01 -9.940375350365402429e-01 7.876352832664013093e-02 7.540348495936388673e-02 4.848308099999999676e+00
7.390891939032412372e-02 9.868808870682352352e-03 9.972161642522791025e-01 1.317426589999999997e+01 7.711593332062018080e-02 9.969003764642847543e-01 -1.558114994013458030e-02 -2.696336999999999762e-01 -9.942789369501116026e-01 7.805284118365733714e-02 7.291878715745714334e-02 4.857054699999999947e+00
7.063455621812755880e-02 1.288096151360602210e-02 9.974190895999299755e-01 1.328458599999999912e+01 7.634827989377396262e-02 9.969136057560139541e-01 -1.828121483393836330e-02 -2.719705000000000039e-01 -9.945761406876449939e-01 7.744251732109214137e-02 6.943311087544767890e-02 4.865731199999999923e+00
6.192082782298296423e-02 1.295599814091090776e-02 9.979969705334227337e-01 1.350406839999999953e+01 6.939119539840546413e-02 9.974403020319873026e-01 -1.725415554346616462e-02 -2.769162000000000012e-01 -9.956659445230097161e-01 7.032059438393936657e-02 6.086329700724946168e-02 4.881369600000000197e+00
