1.000000000000000000e+00 0.000000000000000000e+00 0.000000000000000000e+00 0.000000000000000000e+00 0.000000000000000000e+00 1.000000000000000000e+00 0.000000000000000000e+00 0.000000000000000000e+00 0.000000000000000000e+00 0.000000000000000000e+00 1.000000000000000000e+00 0.000000000000000000e+00
9.988809808462659756e-01 -3.113172111250024372e-03 4.719209958252730541e-02 1.439200000000000071e-03 3.182664372725821974e-03 9.999939588424361370e-01 -1.397471331631018610e-03 9.270000000000000353e-05 -4.718746391884205693e-02 1.546104148459568391e-03 9.988848546308378706e-01 4.442370000000000346e-02
9.956340941587280557e-01 -4.172387394908907282e-03 9.324881625069472713e-02 5.290399999999999790e-03 4.537673550964809246e-03 9.999828387218290260e-01 -3.705641722739892209e-03 -1.212000000000000051e-04 -9.323175460900592904e-02 4.112595927056475996e-03 9.956359407370078962e-01 8.482589999999999575e-02
9.902014613013069289e-01 -7.821850846513316025e-03 1.394269869361430547e-01 1.093550000000000078e-02 8.359933237431380060e-03 9.999596954416571926e-01 -3.273989690571601358e-03 -1.078500000000000032e-03 -1.393957587339808291e-01 4.407509678171786516e-03 9.902269418196086859e-01 1.240982000000000057e-01
9.608847174291115234e-01 -1.051715682721866135e-02 2.767488920003980946e-01 3.852420000000000150e-02 1.297426626375141473e-02 9.998909850598859395e-01 -7.048858835883091770e-03 -3.728099999999999817e-03 -2.766445882826801261e-01 1.036375454372657177e-02 9.609164190321984877e-01 2.412516000000000105e-01
9.469698745776248261e-01 -9.330344084419524286e-03 3.211868635571882291e-01 5.126610000000000195e-02 1.270684641480933005e-02 9.998838301910532023e-01 -8.417967489812654136e-03 -4.618599999999999615e-03 -3.210710088074411606e-01 1.205283376370192353e-02 9.469784245174948101e-01 2.793032999999999766e-01
9.310462785644317840e-01 -1.037175994424574532e-02 3.647536891752866106e-01 6.582699999999999663e-02 1.543882518697643758e-02 9.998205441029018870e-01 -1.097826337009691344e-02 -5.493399999999999846e-03 -3.645743680624964345e-01 1.585263969931093725e-02 9.310393246079324836e-01 3.167907999999999835e-01
9.132554814491089523e-01 -1.245792059682686997e-02 4.071967900383786643e-01 8.241850000000000565e-02 2.013082437243927936e-02 9.996912687727979030e-01 -1.456423872090913986e-02 -6.630600000000000382e-03 -4.068896355441389834e-01 2.149807791028726656e-02 9.132243191751525657e-01 3.528804999999999858e-01
8.735721228295084684e-01 -1.648146988584089923e-02 4.864155706446375294e-01 1.202183000000000002e-01 2.707931673003633605e-02 9.995242339969216960e-01 -1.476537362552702085e-02 -8.639400000000000204e-03 -4.859407955919944899e-01 2.607042008232997657e-02 8.736028138554444711e-01 4.249599000000000015e-01
8.321790000190705250e-01 -1.779842145338135159e-02 5.542213710432208895e-01 1.647085000000000077e-01 3.262418142226384404e-02 9.993249079188879502e-01 -1.689352537018683903e-02 -1.060230000000000027e-02 -5.535465425000747341e-01 3.213945560636873033e-02 8.321978614966150101e-01 4.945631999999999806e-01
8.118503834179058298e-01 -1.828227081709567908e-02 5.835792264277144259e-01 1.888720000000000121e-01 3.319073220907093474e-02 9.993384636526136955e-01 -1.486641718301891582e-02 -1.167259999999999999e-02 -5.829213756928330881e-01 3.143872831722349659e-02 8.119201168354992504e-01 5.281128999999999962e-01
7.906919701727844751e-01 -2.057506429002167736e-02 6.118683477952930883e-01 2.145685999999999982e-01 3.590685730845929319e-02 9.992731805856637228e-01 -1.279875620680781187e-02 -1.259500000000000029e-02 -6.111602947693102195e-01 3.209014321677036707e-02 7.908560657956773543e-01 5.617092000000000196e-01
7.474228624490532047e-01 -1.659359614283191162e-02 6.641413383124951109e-01 2.703321000000000196e-01 3.377976648696304207e-02 9.993441364124485693e-01 -1.304700709524889493e-02 -1.445049999999999980e-02 -6.634892554250971797e-01 3.218617071205924496e-02 7.474931828119533161e-01 6.273066999999999949e-01
7.260097145116914952e-01 -1.525883602096977758e-02 6.875151360936990752e-01 2.998572999999999933e-01 3.401156815184847720e-02 9.993270322611965684e-01 -1.373665985171179139e-02 -1.519779999999999916e-02 -6.868428551470158183e-01 3.335641640396371649e-02 7.260401103370122122e-01 6.588547000000000153e-01
6.816657058860705609e-01 -1.698065111340509026e-02 7.314666929577927634e-01 3.639225999999999850e-01 3.814690845570042899e-02 9.991957742459599556e-01 -1.235387001262742979e-02 -1.696960000000000135e-02 -7.306686518485089321e-01 3.632440249723729170e-02 6.817652521132924193e-01 7.208234999999999504e-01
6.587966795649971008e-01 -1.629611741935649977e-02 7.521445150708665484e-01 3.977260000000000240e-01 3.676039509850370646e-02 9.992684415993755565e-01 -1.054774742575015009e-02 -1.780069999999999916e-02 -7.514223901018231011e-01 3.459795052615197153e-02 6.589137830346649682e-01 7.509736000000000189e-01
6.149712643411072710e-01 -1.800722258367481315e-02 7.883438868726779791e-01 4.694060999999999928e-01 4.025879392103486748e-02 9.991524250416299324e-01 -8.582601322075774503e-03 -1.949820000000000025e-02 -7.875211575232270445e-01 3.701582726688737446e-02 6.151749791604210760e-01 8.093822999999999990e-01
5.760544887409486670e-01 -2.204093214016686342e-02 8.171140821891375028e-01 5.471637000000000306e-01 4.950113943477991996e-02 9.987423673074090624e-01 -7.957445560654651667e-03 -2.075110000000000149e-02 -8.159110632881886316e-01 4.503200035069356011e-02 5.764210750383373938e-01 8.653764000000000456e-01
5.593693546686335782e-01 -2.522617457732587859e-02 8.285345890026503124e-01 5.875563999999999787e-01 5.507223287393778893e-02 9.984593458411413769e-01 -6.781140667968053870e-03 -2.157670000000000074e-02 -8.270870415040216805e-01 4.942241210902480197e-02 5.598968217068664988e-01 8.921434000000000308e-01
5.444153160874098951e-01 -2.807082358319380744e-02 8.383459861374696898e-01 6.284575000000000022e-01 5.934920460540855924e-02 9.982241683907406848e-01 -5.116791310920198316e-03 -2.218610000000000027e-02 -8.367135922895901912e-01 5.254082702028363416e-02 5.451145072128182889e-01 9.188439000000000467e-01
5.189590611427610245e-01 -3.173729595984881025e-02 8.542097148259206740e-01 7.136162000000000338e-01 6.525032513092679509e-02 9.978656252097465318e-01 -2.566923269201208668e-03 -2.339750000000000163e-02 -8.523050439415058577e-01 5.706958971219776300e-02 5.199222768856409660e-01 9.713661999999999574e-01
4.967027444984511986e-01 -3.254148964824210566e-02 8.673104605959621738e-01 8.007653000000000132e-01 6.540522719117858319e-02 9.978587855759790681e-01 -1.746146260541217576e-05 -2.440669999999999992e-02 -8.654527947056250836e-01 5.673531087696369324e-02 4.977675809410629926e-01 1.022768700000000086e+00
4.781328918535993622e-01 -2.725391117524302020e-02 8.778645465294552253e-01 8.908407000000000409e-01 6.597185154556542419e-02 9.978091855601858295e-01 -4.954191696785566895e-03 -2.548660000000000161e-02 -8.758062871042682218e-01 6.028311154353750700e-02 4.788833823920655153e-01 1.072747099999999953e+00
4.698991449523384767e-01 -2.543981758741509572e-02 8.823534491654578815e-01 9.376132000000000355e-01 6.701945544606958960e-02 9.977276360513558373e-01 -6.925088525453548111e-03 -2.592349999999999863e-02 -8.801722480087483813e-01 6.238894085086009456e-02 4.705363257972059454e-01 1.097843399999999914e+00
4.634110292396024233e-01 -2.429899014737938595e-02 8.858102376112559906e-01 9.858257000000000270e-01 6.685049296989600820e-02 9.977340312960988333e-01 -7.603577008037615964e-03 -2.637540000000000023e-02 -8.836182600924304964e-01 6.274043250929046966e-02 4.639853538203257965e-01 1.123186599999999924e+00
4.580137024253278510e-01 -2.358133183581411288e-02 8.886323025748571469e-01 1.034481500000000054e+00 6.649313693234848444e-02 9.977564383683559246e-01 -7.794384862789240781e-03 -2.714859999999999843e-02 -8.864547992602550552e-01 6.265788444675213231e-02 4.585541171826050810e-01 1.148871100000000034e+00
4.493940182931430161e-01 -2.060444493497885082e-02 8.930960044537560316e-01 1.135875100000000026e+00 6.669019240888540700e-02 9.977180654324944165e-01 -1.053945663242724859e-02 -2.857070000000000096e-02 -8.908408581552643701e-01 6.429711314330056882e-02 4.497426449455617092e-01 1.200351699999999910e+00
4.459090779384757286e-01 -2.008756924420362563e-02 8.948528279968263055e-01 1.188677200000000100e+00 6.755225841761385019e-02 9.976521241819502617e-01 -1.126638797141267870e-02 -2.934869999999999840e-02 -8.925255103327512929e-01 6.547311415460393969e-02 4.462190994659013255e-01 1.226548200000000088e+00
4.412423874514838085e-01 -2.337189904421462655e-02 8.970835578981379843e-01 1.296784200000000054e+00 6.861312904337080187e-02 9.976131833088931478e-01 -7.757255389280934971e-03 -3.082779999999999895e-02 -8.947610820990106184e-01 6.497453980878833968e-02 4.417928418814001112e-01 1.280046199999999912e+00
4.391601259524363643e-01 -2.393187061076844022e-02 8.980900006917510447e-01 1.351513900000000046e+00 6.817527274702164797e-02 9.976505089200774501e-01 -6.752350507755567471e-03 -3.152019999999999822e-02 -8.958183498674879841e-01 6.419289384799393983e-02 4.397598849600889981e-01 1.306998399999999894e+00
4.361767436470403436e-01 -2.469288501306526190e-02 8.995221563314577118e-01 1.462869999999999893e+00 7.004382297166356075e-02 9.975222067008042703e-01 -6.581033526145366880e-03 -3.345209999999999850e-02 -8.971308216558933069e-01 6.587646445043578158e-02 4.368255719008814486e-01 1.360502199999999995e+00
4.357654707837673724e-01 -2.419631849975137014e-02 8.997349568865600222e-01 1.578867999999999938e+00 7.175567612424174624e-02 9.973907098489367407e-01 -7.930627401853195674e-03 -3.497990000000000127e-02 -8.971953953384705915e-01 6.801698374738981978e-02 4.363646554263450605e-01 1.416758299999999915e+00
4.374323604274535371e-01 -2.315983790547018056e-02 8.989530310083273523e-01 1.694334699999999971e+00 7.169959494752620177e-02 9.973839023606195786e-01 -9.193443112507748705e-03 -3.722459999999999658e-02 -8.963883634537137546e-01 6.847607772130781534e-02 4.379485456588232406e-01 1.473038899999999929e+00
4.396761875126441454e-01 -2.345578662413914939e-02 8.978500299093323811e-01 1.815520999999999940e+00 7.153929005364975668e-02 9.973973911149948135e-01 -8.976311916476107516e-03 -3.916639999999999705e-02 -8.953027309871035566e-01 6.817822431572237440e-02 4.402098926832394010e-01 1.532271600000000067e+00
4.411687573915699101e-01 -2.245694653860044743e-02 8.971431396682140180e-01 1.939570800000000039e+00 7.226608028290752717e-02 9.973293574453573340e-01 -1.057196378044004265e-02 -4.055070000000000202e-02 -8.945097769963851198e-01 6.949703828072828493e-02 4.416134288357685955e-01 1.594251300000000038e+00
4.428057565550582164e-01 -2.516273939846364743e-02 8.962644132775033912e-01 2.067025199999999785e+00 7.369872109486652612e-02 9.972450601680324933e-01 -8.413588974891497013e-03 -4.295170000000000238e-02 -8.935835497986092113e-01 6.977912665276303494e-02 4.434403150514103498e-01 1.657268399999999975e+00
4.440636664081034635e-01 -2.817849185778390636e-02 8.955520268375329884e-01 2.195727300000000159e+00 7.753354973017831386e-02 9.969646331424604213e-01 -7.075940174790400217e-03 -4.521229999999999694e-02 -8.926343085734664839e-01 7.257749554607165199e-02 4.449005487722277330e-01 1.721180699999999897e+00
4.452907244234716178e-01 -2.752193093281877709e-02 8.949629679825579220e-01 2.325793500000000069e+00 7.867315559033818961e-02 9.968643246763519983e-01 -8.488390720225467978e-03 -4.740799999999999875e-02 -8.919230377851432578e-01 7.418936248068130901e-02 4.460596744414717651e-01 1.785726200000000041e+00
4.462086320854604660e-01 -2.924794749423158952e-02 8.944509009553273104e-01 2.458381199999999822e+00 7.987750699159315571e-02 9.967782922464850648e-01 -7.253963260778928390e-03 -4.961480000000000057e-02 -8.913570780160048335e-01 7.468328911848630403e-02 4.471073314062457005e-01 1.850945199999999957e+00
4.466026975263506227e-01 -3.091924035061862155e-02 8.941979820701495552e-01 2.594915199999999977e+00 8.221138358503439492e-02 9.965930589668799966e-01 -6.600244546326523853e-03 -5.161090000000000122e-02 -8.909474277258009334e-01 7.646094032365580162e-02 4.476230619992686011e-01 1.918798400000000015e+00
4.456228213029439500e-01 -2.936297162084074153e-02 8.947391335085317365e-01 2.730725300000000022e+00 8.236821863513182906e-02 9.965672467804775891e-01 -8.318605847968812972e-03 -5.402740000000000320e-02 -8.914234558799087882e-01 7.740502917751818091e-02 4.465116837946662143e-01 1.988466899999999926e+00
4.444785798623410167e-01 -2.832448560816348826e-02 8.953415636273061029e-01 2.800562600000000124e+00 8.149137898621017229e-02 9.966340740538229825e-01 -8.926230212404642761e-03 -5.538470000000000198e-02 -8.920750793484157892e-01 7.693013681199274700e-02 4.452906992691467725e-01 2.023778399999999866e+00
4.416257686813029881e-01 -2.732308273863610221e-02 8.967832121456701389e-01 2.940593999999999930e+00 7.927751460432869157e-02 9.968148825715575923e-01 -8.669807495694355215e-03 -5.790349999999999664e-02 -8.936899664395975273e-01 7.492355459740010493e-02 4.423852448394743897e-01 2.094584499999999849e+00
4.411173063647243486e-01 -2.743565988504853212e-02 8.970299920249054093e-01 3.013330700000000029e+00 7.904019479321036656e-02 9.968362065534017713e-01 -8.380030505617974690e-03 -5.902519999999999989e-02 -8.939620627479565318e-01 7.459800178889289257e-02 4.418902222232611310e-01 2.130092400000000108e+00
4.396264303041815258e-01 -2.643091546555453863e-02 8.977917400408936821e-01 3.158465899999999937e+00 7.672227084987033596e-02 9.970186440011612472e-01 -8.216852787091298571e-03 -6.153070000000000067e-02 -8.948979243096064629e-01 7.249296670531771292e-02 4.403435872641043858e-01 2.201131600000000077e+00
4.371485851997550243e-01 -2.471301072323827536e-02 8.990497102823878928e-01 3.232101699999999855e+00 7.540713266932067005e-02 9.971098593655454145e-01 -9.257035087639760296e-03 -6.245259999999999700e-02 -8.962225609749198130e-01 7.184146057128454332e-02 4.377487015886404320e-01 2.237401499999999821e+00
4.333151217063201943e-01 -2.442415462305553078e-02 9.009114640027543475e-01 3.306097700000000028e+00 7.661282832680636756e-02 9.970125656902619760e-01 -9.819286709753974329e-03 -6.359199999999999575e-02 -8.979802224082690243e-01 7.327622074500110549e-02 4.338918248099699060e-01 2.273670399999999869e+00
4.291416230161789747e-01 -2.409593834256669453e-02 9.029157508596420412e-01 3.381206000000000156e+00 7.448668664560263719e-02 9.971832614503249870e-01 -8.790710770620626530e-03 -6.486269999999999536e-02 -9.001606528323705669e-01 7.102766248923110537e-02 4.297276698721137489e-01 2.310194500000000151e+00
4.245442142831657439e-01 -2.406314430457197687e-02 9.050873853970492489e-01 3.456103300000000100e+00 7.285120468385283821e-02 9.973134289695656518e-01 -7.656786080237010239e-03 -6.633379999999999832e-02 -9.024715574990719302e-01 6.918735060070213549e-02 4.251566751470035044e-01 2.346191399999999927e+00
4.201706813186629752e-01 -2.250053971458547061e-02 9.071660951957821739e-01 3.531362300000000065e+00 7.142917301912857231e-02 9.974107663061245743e-01 -8.344848616521613471e-03 -6.778760000000000341e-02 -9.046294665784516686e-01 6.830438469953177549e-02 4.206899561777109886e-01 2.381867900000000038e+00
4.158276189892375907e-01 -2.141180039826392698e-02 9.091913583451211034e-01 3.608083699999999894e+00 7.218667744431463140e-02 9.973456330952117366e-01 -9.527420714012663217e-03 -6.929169999999999774e-02 -9.065740316627716178e-01 6.959326799063415836e-02 4.162695066481472139e-01 2.417403699999999933e+00
4.116840988752714647e-01 -1.982902081634418945e-02 9.111108673848207218e-01 3.685104599999999841e+00 7.211469139377116311e-02 9.973370102181157160e-01 -1.087930762371303040e-02 -7.101899999999999880e-02 -9.084688624374732679e-01 7.018331698242269434e-02 4.120177520434137319e-01 2.452446000000000126e+00
4.070212961700923615e-01 -1.860117636600547644e-02 9.132292487113070623e-01 3.762350800000000106e+00 7.084994630988453168e-02 9.974234142296317662e-01 -1.126134336528789373e-02 -7.242719999999999714e-02 -9.106667609899375959e-01 6.928584981296825873e-02 4.072904632369758193e-01 2.487775300000000023e+00
4.020135164781103443e-01 -1.820241316124314446e-02 9.154527867257883367e-01 3.840140100000000167e+00 6.927704897214331803e-02 9.975412715764976346e-01 -1.058782259274899940e-02 -7.416509999999999769e-02 -9.130092130173800280e-01 6.767631533004490885e-02 4.022860838864961153e-01 2.523328100000000074e+00
3.967196215309460317e-01 -1.804997067019220580e-02 9.177623551067825014e-01 3.918619899999999934e+00 6.735798838106037134e-02 9.976836913654065775e-01 -9.494913625359532178e-03 -7.606359999999999510e-02 -9.154651513266901519e-01 6.558544459177892416e-02 3.970165061607625612e-01 2.558077299999999887e+00
3.909161521829874197e-01 -1.789515692914658493e-02 9.202523161182093459e-01 3.997366400000000208e+00 6.631871326279320522e-02 9.977599547648010603e-01 -8.769318041300155908e-03 -7.745019999999999682e-02 -9.180339809797973816e-01 6.445801754803875960e-02 3.912272661001043872e-01 2.593249800000000160e+00
3.856625359868030012e-01 -1.812113138428350992e-02 9.224619411843405503e-01 4.076724999999999710e+00 6.651983115243599587e-02 9.977513220434683916e-01 -8.210446027015701892e-03 -7.880310000000000092e-02 -9.202388387802807879e-01 6.452847400849230641e-02 3.860007197434430770e-01 2.627262800000000009e+00
3.801352605951052732e-01 -1.722165715867725669e-02 9.247705651549472661e-01 4.157507899999999701e+00 6.714398458247383683e-02 9.977025205807470432e-01 -9.020297179836159890e-03 -8.035309999999999675e-02 -9.224905793484722283e-01 6.552171358819169900e-02 3.804182383401025769e-01 2.661397700000000199e+00
3.746327980073637098e-01 -1.656442215385355368e-02 9.270252890703051252e-01 4.238285099999999694e+00 6.730283368512551823e-02 9.976885794739492885e-01 -9.371604195944408661e-03 -8.215100000000000180e-02 -9.247273085808195292e-01 6.590233915394835829e-02 3.748816966176287124e-01 2.694883599999999824e+00
3.685621075339001740e-01 -1.662715908520622995e-02 9.294544154884224474e-01 4.319927700000000037e+00 6.784875668393000603e-02 9.976545053560806897e-01 -9.057271065770314961e-03 -8.336449999999999416e-02 -9.271237884482387281e-01 6.640049339778449078e-02 3.688257791558449128e-01 2.728287499999999977e+00
3.629020956045306834e-01 -1.620045825721068075e-02 9.316864355340248594e-01 4.402338499999999932e+00 6.715343076351416862e-02 9.977037762422802381e-01 -8.808609912126189045e-03 -8.475960000000000438e-02 -9.294043714888209351e-01 6.576260353841287265e-02 3.631567075427900582e-01 2.761499399999999937e+00
3.580833063242437331e-01 -1.544395053782905008e-02 9.335619048160024303e-01 4.484351600000000104e+00 6.645607165564568208e-02 9.977489005573579872e-01 -8.984540983435311545e-03 -8.669169999999999654e-02 -9.313216073258461236e-01 6.525807098258751271e-02 3.583035694765460688e-01 2.793585999999999903e+00
3.537601533749156202e-01 -1.430310160546969037e-02 9.352268041328904991e-01 4.567104299999999562e+00 6.597063217739813912e-02 9.977744701540347538e-01 -9.694451967473087517e-03 -8.786739999999999828e-02 -9.330067682360460024e-01 6.512701431279352415e-02 3.539164342502768568e-01 2.824805700000000197e+00
3.495319764478668212e-01 -1.552945362467120574e-02 9.367957266718113241e-01 4.650798799999999567e+00 6.719202521486219992e-02 9.977035886342591198e-01 -8.531176580421937633e-03 -8.920340000000000213e-02 -9.345119738066350878e-01 6.592712109928813846e-02 3.497727626839839399e-01 2.856518499999999960e+00
3.456168273236915889e-01 -1.684652274824174900e-02 9.382244951726630422e-01 4.734790300000000229e+00 6.927349012252648208e-02 9.975687074567405332e-01 -7.606409753104184657e-03 -9.079439999999999733e-02 -9.358152553987082456e-01 6.762298850524772753e-02 3.459435491357937265e-01 2.887516999999999889e+00
3.414784699368447196e-01 -1.645352266224128085e-02 9.397455699079378943e-01 4.819357899999999972e+00 7.082890752402173917e-02 9.974541675374110072e-01 -8.273422581006790316e-03 -9.200569999999999582e-02 -9.372170081835612399e-01 6.938634775122155818e-02 3.417745079978925515e-01 2.919185199999999814e+00
3.390591307353482131e-01 -1.645822870135357427e-02 9.406210887349933936e-01 4.903378499999999640e+00 7.126643800489504410e-02 9.974233052230471186e-01 -8.236808364081037864e-03 -9.373389999999999500e-02 -9.380618320127328547e-01 6.982747959038823615e-02 3.393583981795196269e-01 2.949244499999999825e+00
3.353210705330485486e-01 -1.649771357845507269e-02 9.419594498189683973e-01 4.989005999999999830e+00 7.054361789389244908e-02 9.974794208048506361e-01 -7.642188512463159861e-03 -9.540859999999999619e-02 -9.394590877898892911e-01 6.901181433278497090e-02 3.356396756217691069e-01 2.980543899999999802e+00
3.318062256741401428e-01 -1.538965427308817274e-02 9.432220243109448177e-01 5.074429499999999926e+00 6.977513417069225454e-02 9.975284667456659760e-01 -8.269745068774127239e-03 -9.686999999999999778e-02 -9.407635511941050410e-01 6.855739619760539694e-02 3.320599707451367122e-01 3.010770599999999853e+00
3.273120426240179182e-01 -1.394244745987022541e-02 9.448134392101551482e-01 5.159859199999999646e+00 6.837345058505012174e-02 9.976195172011577128e-01 -8.964940291077739404e-03 -9.826039999999999774e-02 -9.424393338610111970e-01 6.753448791660182637e-02 3.274861751791295905e-01 3.040666299999999822e+00
3.231567608724159602e-01 -1.383487213652860592e-02 9.462443152882948905e-01 5.245875800000000311e+00 6.768815572792052926e-02 9.976700639889238831e-01 -8.529771068980524645e-03 -9.975760000000000183e-02 -9.439216182907355090e-01 6.680598575952863272e-02 3.233402832776898217e-01 3.070187799999999800e+00
3.190022076281552321e-01 -1.303741920087203576e-02 9.476642956389906836e-01 5.331391799999999570e+00 6.802955421975752370e-02 9.976411165014296145e-01 -9.175097734735272736e-03 -1.005367999999999956e-01 -9.453092463744467988e-01 6.739605601488565800e-02 3.191366484009851012e-01 3.098056099999999979e+00
3.150762998337200971e-01 -1.225818902591514423e-02 9.489871769865475537e-01 5.417883899999999642e+00 6.737847309086816838e-02 9.976824180976807677e-01 -9.483352925400735656e-03 -1.021562000000000026e-01 -9.466715727468714148e-01 6.692928671791958939e-02 3.151720227628012072e-01 3.126116999999999813e+00
3.109883529569899552e-01 -1.235076594912368209e-02 9.503334693177801773e-01 5.504006399999999743e+00 6.720744004030365648e-02 9.976981899988749403e-01 -9.026720124050195693e-03 -1.036814999999999959e-01 -9.480344953261602425e-01 6.667668448145055993e-02 3.111025802178977173e-01 3.153695299999999868e+00
3.062927506874507655e-01 -1.290405045997023575e-02 9.518499022209547800e-01 5.590558999999999834e+00 6.627396905023086315e-02 9.977709801820324742e-01 -7.799495683389730261e-03 -1.058218999999999965e-01 -9.496275648393130986e-01 6.547179994709720341e-02 3.064652207168753195e-01 3.182770500000000169e+00
3.025197646946732877e-01 -1.325873296361661929e-02 9.530508894960849631e-01 5.679104299999999661e+00 6.732713316852334540e-02 9.977028308945473656e-01 -7.491219147393469308e-03 -1.073149000000000047e-01 -9.507622463625631237e-01 6.643242600722824853e-02 3.027174981173151869e-01 3.211148300000000066e+00
2.984891639396781149e-01 -1.319810958530441905e-02 9.543217638270472536e-01 5.767881899999999895e+00 6.862064220286813454e-02 9.976133713380733736e-01 -7.666080559783700760e-03 -1.090364000000000055e-01 -9.519429743814794564e-01 6.777441427896988002e-02 2.986824439013525678e-01 3.239564699999999853e+00
2.946865612815074420e-01 -1.221447206799384719e-02 9.555159011090190724e-01 5.856919800000000009e+00 6.895652640385450949e-02 9.975833314128080831e-01 -8.514361610716038309e-03 -1.102883000000000058e-01 -9.531027374141756159e-01 6.839812540869608104e-02 2.948166690914565402e-01 3.267651600000000212e+00
2.912040550597257971e-01 -1.051579182490732650e-02 9.566031656016341644e-01 5.945851300000000172e+00 6.896525959560595442e-02 9.975686612024281530e-01 -1.002791881228800100e-02 -1.118896000000000057e-01 -9.541718877045598513e-01 6.889255626764309581e-02 2.912212636557068857e-01 3.295408500000000185e+00
2.879871116612569559e-01 -9.901247034837544481e-03 9.575830976078064660e-01 6.035924399999999856e+00 6.950115120564706594e-02 9.975256832331578227e-01 -1.058778878291400868e-02 -1.135720999999999953e-01 -9.551089013814583195e-01 6.960227436928290157e-02 2.879626883895317624e-01 3.322501400000000160e+00
2.847905248727966021e-01 -9.014691834104218010e-03 9.585473865562480489e-01 6.125445400000000262e+00 7.007707905672742876e-02 9.974759845311188533e-01 -1.143954870405008983e-02 -1.153221999999999997e-01 -9.560248741186362365e-01 7.043007606705600776e-02 2.847034324549574391e-01 3.349965800000000105e+00
2.814713829915208021e-01 -9.191725214628472529e-03 9.595255977536083503e-01 6.216382499999999922e+00 6.997427807497061392e-02 9.974884630263604057e-01 -1.097116845172279448e-02 -1.173558999999999991e-01 -9.570148697720048947e-01 7.023018095440272668e-02 2.814076415422732680e-01 3.377015600000000006e+00
2.773039102421508972e-01 -8.924893267266548885e-03 9.607408014884039060e-01 6.309028099999999917e+00 6.956110299114844076e-02 9.975191074384071044e-01 -1.081125552091067449e-02 -1.190342000000000067e-01 -9.582608174787633493e-01 6.982819327070893811e-02 2.772367744536798906e-01 3.404374799999999812e+00
2.734881928208219848e-01 -9.390691146781149357e-03 9.618295188376090321e-01 6.399922400000000344e+00 7.189335752792826162e-02 9.973548785323120835e-01 -1.070473779027394934e-02 -1.207069000000000059e-01 -9.591848380426800658e-01 7.207677287159022783e-02 2.734399116468823054e-01 3.430574399999999802e+00
2.701866845470059508e-01 -1.062277989008283963e-02 9.627493505793205397e-01 6.491726899999999745e+00 7.382758915249400256e-02 9.972236905659215278e-01 -9.715866096948695685e-03 -1.227672000000000069e-01 -9.599732509676648373e-01 7.370256115963771948e-02 2.702208169351181244e-01 3.456697699999999873e+00
2.671946034522404978e-01 -1.130032304220192352e-02 9.635763314782807010e-01 6.583907100000000234e+00 7.441368134790780908e-02 9.971873846064435165e-01 -8.940022931342099521e-03 -1.244114999999999943e-01 -9.607651367083692717e-01 7.409198796700466882e-02 2.672839864354863426e-01 3.482989299999999844e+00
2.643322945528360779e-01 -1.167185208826873599e-02 9.643610350513249774e-01 6.676587099999999886e+00 7.460710425154863656e-02 9.971777883198028603e-01 -8.380839863929893940e-03 -1.259863999999999984e-01 -9.615415841510088768e-01 7.416351090971798343e-02 2.644570959492538176e-01 3.508882799999999857e+00
2.617392085265297097e-01 -1.064414391187005343e-02 9.650799391347275602e-01 6.769455899999999637e+00 7.347710091165995938e-02 9.972569349364891478e-01 -8.928682024613589230e-03 -1.275816999999999923e-01 -9.623376238937786376e-01 7.324826224192843016e-02 2.618033416842002747e-01 3.534411400000000203e+00
2.590204348733284867e-01 -8.359274015963175097e-03 9.658356676246524497e-01 6.861746300000000076e+00 7.330749222320885605e-02 9.972484045665416241e-01 -1.102865238511202550e-02 -1.294038999999999884e-01 -9.630858870848311160e-01 7.365963703015042385e-02 2.589205128424755253e-01 3.559416800000000158e+00
2.559343967969127664e-01 -6.094247522594874178e-03 9.666749426168722570e-01 6.955854399999999771e+00 7.268045034061551557e-02 9.972711295031174705e-01 -1.295555471068753073e-02 -1.312207999999999986e-01 -9.639580575286900155e-01 7.357414224243216672e-02 2.556789176267856289e-01 3.584614000000000189e+00
2.525641021285691123e-01 -4.423324799519269546e-03 9.675700535432604221e-01 7.049833300000000413e+00 7.185788699707271188e-02 9.973138267799438461e-01 -1.419771072602597425e-02 -1.330345000000000000e-01 -9.649081916909535428e-01 7.311337163106310100e-02 2.522035219746789902e-01 3.610034699999999930e+00
2.449221480913634508e-01 -2.776199266749358741e-03 9.695387738981581238e-01 7.238511100000000198e+00 7.105254132490526620e-02 9.973583762433455568e-01 -1.509323386520919352e-02 -1.374294000000000071e-01 -9.669357154152417033e-01 7.258486105840919467e-02 2.444724119395613737e-01 3.659938599999999820e+00
2.414028644215858999e-01 -3.601838027099610318e-03 9.704183035227024190e-01 7.333787000000000056e+00 7.072469796792198171e-02 9.973991378650344242e-01 -1.389161198105313619e-02 -1.398432000000000008e-01 -9.678443439657017366e-01 7.198601634284582107e-02 2.410297477588355664e-01 3.684086999999999890e+00
2.375216512022207960e-01 -4.325608420832773027e-03 9.713726135330151834e-01 7.428556000000000381e+00 7.021402943159760213e-02 9.974507559867132889e-01 -1.272711485423412212e-02 -1.422201999999999911e-01 -9.688412951981091314e-01 7.122695061087300217e-02 2.372198689518374426e-01 3.708005200000000112e+00
2.333613891371743576e-01 -4.414241613781004492e-03 9.723800576579836319e-01 7.523830900000000099e+00 7.015284837714616528e-02 9.974603220175967122e-01 -1.230787817317045840e-02 -1.444054999999999922e-01 -9.698561954870120738e-01 7.108741429766332609e-02 2.330783979778713322e-01 3.731282699999999952e+00
2.296084778106931568e-01 -3.798802263895409426e-03 9.732756629130394632e-01 7.619846299999999850e+00 6.918547803744122537e-02 9.975263940687941755e-01 -1.242830498657895508e-02 -1.467537999999999898e-01 -9.708209497874400462e-01 7.019018619058157993e-02 2.293033388687227836e-01 3.754202100000000097e+00
2.223405624657031621e-01 -2.000972491789626551e-03 9.749670098990641520e-01 7.811020400000000308e+00 6.836255469428201281e-02 9.975686227351282520e-01 -1.354267514233178579e-02 -1.512805000000000122e-01 -9.725693987567705090e-01 6.966232154778170815e-02 2.219367602684769736e-01 3.799523100000000042e+00
2.169270070179783183e-01 -2.959160948412496717e-03 9.761833418946992413e-01 8.004414600000000490e+00 7.071178253942872471e-02 9.974160653129264809e-01 -1.269001441199292188e-02 -1.559617000000000087e-01 -9.736233961015514637e-01 7.178047103607940183e-02 2.165757293454648735e-01 3.843200400000000183e+00
2.143365132527478012e-01 -4.114361718356246422e-03 9.767512124969720544e-01 8.102059399999999911e+00 7.190623348892866140e-02 9.973441966335127029e-01 -1.157786797683273139e-02 -1.577311999999999881e-01 -9.741095178018178702e-01 7.271606059945642797e-02 2.140631258736680476e-01 3.864661499999999972e+00
2.116579376883329922e-01 -4.292436611542625735e-03 9.773343810597566739e-01 8.198454899999999768e+00 7.340577926497668382e-02 9.972356497880624504e-01 -1.151739390150027104e-02 -1.599874000000000018e-01 -9.745832488730880039e-01 7.417973968488084102e-02 2.113879306778417844e-01 3.885721000000000203e+00
2.089807694232043433e-01 -3.302172550237257587e-03 9.779141750009219258e-01 8.294660600000000272e+00 7.351488551110602065e-02 9.972177377898817641e-01 -1.234281351716666822e-02 -1.621624999999999872e-01 -9.751526032470887451e-01 7.447065928054510953e-02 2.086420889627653708e-01 3.906505800000000139e+00
2.061183861989647204e-01 -2.854347870021145539e-03 9.785228988475288547e-01 8.391059900000000127e+00 7.310032758436800504e-02 9.972463915352625108e-01 -1.248906229290487960e-02 -1.643715000000000037e-01 -9.757927817819683769e-01 7.410456981951166200e-02 2.057594706303275123e-01 3.927256600000000208e+00
2.030906953527393533e-01 -1.410261665814156740e-03 9.791589148974618739e-01 8.487669900000000212e+00 7.262969907642000122e-02 9.972658640108097439e-01 -1.362803327123696465e-02 -1.669223999999999986e-01 -9.764625421762013202e-01 7.388374409034238754e-02 2.026378446539128797e-01 3.947910799999999831e+00
2.001193305546817569e-01 1.564724269047038097e-04 9.797715188015649890e-01 8.585711500000000385e+00 7.244835602149032883e-02 9.972600094141764737e-01 -1.495691589265711260e-02 -1.689799999999999913e-01 -9.770892944087194998e-01 7.397600380945330845e-02 1.995596693028286461e-01 3.968030499999999794e+00
1.917668294313538691e-01 3.964876134325140411e-04 9.814404342227899258e-01 8.877484300000000772e+00 7.287069900748711915e-02 9.972339210350072980e-01 -1.464131016354222256e-02 -1.764238999999999946e-01 -9.787314975804172201e-01 7.432596810480993077e-02 1.912074949087417819e-01 4.026948899999999831e+00
1.889743495166905651e-01 -9.905258034326597238e-04 9.819815243085667777e-01 8.975001300000000626e+00 7.330016412178204377e-02 9.972238829978514740e-01 -1.310011902263598371e-02 -1.790981000000000101e-01 -9.792424526972181020e-01 7.445499336726951745e-02 1.885223403159858035e-01 4.046042899999999776e+00
1.855714196567426200e-01 -1.068531124663367471e-03 9.826301982169165505e-01 9.072635699999999304e+00 7.228452811867483452e-02 9.973048823265958651e-01 -1.256657002508446141e-02 -1.814592999999999900e-01 -9.799684664320793548e-01 7.336095643304052505e-02 1.851485211120734720e-01 4.065069699999999564e+00
1.791352478290052508e-01 3.172915668468376249e-04 9.838244062388890043e-01 9.267744999999999678e+00 6.975529937083746468e-02 9.974791253571037020e-01 -1.302277568386731380e-02 -1.855803000000000036e-01 -9.813484402570402665e-01 7.095980413508122531e-02 1.786615375568709752e-01 4.101379399999999897e+00
1.712338689058723329e-01 5.927167214479223123e-04 9.852302323956642072e-01 9.462225899999999967e+00 6.841853478896960106e-02 9.975785033612790675e-01 -1.249134615648206034e-02 -1.901568999999999898e-01 -9.828519045292921641e-01 6.954695046052428165e-02 1.707786738582551811e-01 4.136829900000000393e+00
1.629025419612632475e-01 6.193395290843839440e-04 9.866419706464479855e-01 9.657378200000000135e+00 6.742592710647642151e-02 9.976549877504953256e-01 -1.175881670880112376e-02 -1.941336999999999924e-01 -9.843355658394097318e-01 6.844079072531794594e-02 1.624787739629464101e-01 4.171084900000000317e+00
1.550978865523122974e-01 1.796065924623349574e-03 9.878974743029764749e-01 9.853298199999999341e+00 6.675681754454844408e-02 9.976935256422890808e-01 -1.229455988569140221e-02 -1.983176000000000105e-01 -9.856409959505183505e-01 6.785575169912562432e-02 1.546202576088161473e-01 4.202146499999999563e+00
1.473871814958034043e-01 2.250494479261302971e-03 9.890763135397194761e-01 1.004866220000000077e+01 6.761879524761311988e-02 9.976348381748421090e-01 -1.234618115524040161e-02 -2.022818999999999867e-01 -9.867647730132972361e-01 6.869981757221378660e-02 1.468864112352128437e-01 4.232502900000000068e+00
1.391973735980693017e-01 3.397695235745297471e-03 9.902588282113341522e-01 1.024328990000000061e+01 6.646183532043148379e-02 9.977073041084605354e-01 -1.276556988417099081e-02 -2.074335999999999958e-01 -9.880318393803103616e-01 6.759135296554434624e-02 1.386524192902808261e-01 4.262140800000000063e+00
1.311445565852701334e-01 3.714225998204569168e-03 9.913562981104659944e-01 1.043931959999999926e+01 6.900371432368010427e-02 9.975334381891753921e-01 -1.286573371473660396e-02 -2.123550999999999911e-01 -9.889588427672755255e-01 7.009453773095893070e-02 1.305647850405856625e-01 4.290221200000000401e+00
1.242023982367179702e-01 5.083436323684874247e-03 9.922438827966593156e-01 1.063732429999999951e+01 7.263743349302800856e-02 9.972573007597539396e-01 -1.420138503511838082e-02 -2.164033999999999958e-01 -9.895946480897082065e-01 7.383789512515097353e-02 1.234925006455597218e-01 4.316474000000000366e+00
1.202981783957914608e-01 6.147378590568047807e-03 9.927187708566401758e-01 1.073530769999999990e+01 7.447237139665725814e-02 9.971072417699657908e-01 -1.519915485970870991e-02 -2.188251999999999975e-01 -9.899405104213144790e-01 7.575855163844730233e-02 1.194923749886662723e-01 4.330708500000000072e+00
1.145253032703942297e-01 7.167070407562911583e-03 9.933944775428323881e-01 1.093317129999999970e+01 7.845477353575977530e-02 9.967854482520674964e-01 -1.623633771444461804e-02 -2.239073000000000035e-01 -9.903175265642208958e-01 7.979601026804464259e-02 1.135948648708436926e-01 4.353571900000000383e+00
1.069988417447343132e-01 9.480821888971695255e-03 9.942139417055037010e-01 1.113183880000000059e+01 7.704999831753298056e-02 9.968683542127335651e-01 -1.779837432082055637e-02 -2.275920999999999916e-01 -9.912691590201690994e-01 7.850858797294392455e-02 1.059332619621479177e-01 4.376581700000000019e+00
9.965831637248009911e-02 1.085878284564557178e-02 9.949624650271557957e-01 1.132952019999999926e+01 7.645453953422701177e-02 9.969007230998928604e-01 -1.853784419829311927e-02 -2.332085000000000130e-01 -9.920800992673990404e-01 7.791684745946786395e-02 9.851924441227732920e-02 4.395763900000000390e+00
9.410161202524541801e-02 1.146832556842829892e-02 9.954965414921876921e-01 1.153196239999999939e+01 7.730188291356057673e-02 9.968306393071423299e-01 -1.879083384345285948e-02 -2.371766999999999903e-01 -9.925569532839255693e-01 7.872200484725104530e-02 9.291684691465285084e-02 4.414061499999999860e+00
9.148090726232678549e-02 1.073849441480872330e-02 9.957489283670680758e-01 1.162831590000000048e+01 7.767394514943867789e-02 9.968183623882171940e-01 -1.788604625385456504e-02 -2.397199000000000135e-01 -9.927728853324829794e-01 7.897997938323454703e-02 9.035574694085757308e-02 4.423328399999999938e+00
8.641903676778921184e-02 9.979186910717668946e-03 9.962088967243408755e-01 1.183108140000000041e+01 7.717498265918765199e-02 9.968780154596569298e-01 -1.668065780387546077e-02 -2.446180000000000021e-01 -9.932652073518338787e-01 7.832393070969348448e-02 8.537909429422141372e-02 4.442173999999999623e+00
8.544836822247554864e-02 9.196200214472170786e-03 9.963001587221248512e-01 1.193381789999999931e+01 7.639577227693800099e-02 9.969531012155098404e-01 -1.575436304608146543e-02 -2.466214999999999935e-01 -9.934094132563503488e-01 7.745930465988479230e-02 8.448546487580388398e-02 4.446346300000000085e+00
8.251864862283492252e-02 8.577518712909001919e-03 9.965526071423377319e-01 1.203617859999999951e+01 7.802809489603856896e-02 9.968376919780826961e-01 -1.504101920428726341e-02 -2.487320000000000086e-01 -9.935302154621951098e-01 7.900026597764486791e-02 8.158841179423370615e-02 4.455183500000000407e+00
7.987959223282577181e-02 8.079411644388578839e-03 9.967717762116854452e-01 1.213931559999999976e+01 7.833358201660195475e-02 9.968238140892955457e-01 -1.435735326994294625e-02 -2.511588000000000154e-01 -9.937218427070857452e-01 7.922756320845772415e-02 7.899299054273145604e-02 4.463704100000000174e+00
7.714125618574663168e-02 9.465051407746748191e-03 9.969752451269456861e-01 1.224175450000000076e+01 7.683773486557227139e-02 9.969245192590413529e-01 -1.540991242211976059e-02 -2.530589999999999784e-01 -9.940549225746094786e-01 7.779405955455784283e-02 7.617673662745660934e-02 4.472337200000000124e+00
7.405827467508216411e-02 1.238216754880725606e-02 9.971770423946509920e-01 1.234329319999999974e+01 7.616822881677182133e-02 9.969318453937461300e-01 -1.803597956130649493e-02 -2.555981999999999976e-01 -9.943408735796120945e-01 7.728892266433294578e-02 7.288792466740146025e-02 4.480987100000000112e+00
7.056362783243447234e-02 1.317034579533113425e-02 9.974203308629502329e-01 1.244830040000000082e+01 7.330839421333427974e-02 9.971404360024996860e-01 -1.835293509516254876e-02 -2.576964999999999950e-01 -9.948098580960021975e-01 7.441433249298333441e-02 6.939634972126174084e-02 4.488889699999999650e+00
6.515209525288723214e-02 1.259707267356388952e-02 9.977958299392793995e-01 1.255146500000000032e+01 7.138516293239619004e-02 9.972996179043706055e-01 -1.725197498582525454e-02 -2.599484000000000239e-01 -9.953187243276767626e-01 7.235182021105786287e-02 6.407691561609996089e-02 4.496524800000000432e+00
5.899766335475491175e-02 1.131338394410432227e-02 9.981940107325891764e-01 1.265565969999999929e+01 6.745624149504005074e-02 9.976050115958543518e-01 -1.529366935035404718e-02 -2.624386000000000219e-01 -9.959763708050718423e-01 6.823670700267125966e-02 5.809320627568892448e-02 4.504212899999999742e+00
5.348803090022385964e-02 1.038658756593555110e-02 9.985144712767820563e-01 1.276088050000000074e+01 6.666708677208309231e-02 9.976777649605169662e-01 -1.394908042527658737e-02 -2.647803000000000240e-01 -9.963405693294536958e-01 6.731415974460680518e-02 5.267137558615031523e-02 4.510529000000000011e+00
