1.000000000000000000e+00 0.000000000000000000e+00 0.000000000000000000e+00 0.000000000000000000e+00 0.000000000000000000e+00 1.000000000000000000e+00 0.000000000000000000e+00 0.000000000000000000e+00 0.000000000000000000e+00 0.000000000000000000e+00 1.000000000000000000e+00 0.000000000000000000e+00
9.999993606691376380e-01 -1.125787245964121087e-03 -1.061338434457781134e-04 3.399999999999999973e-05 1.125812452765789611e-03 9.999993380127161213e-01 2.377403007777755537e-04 -2.790000000000000054e-04 1.058661281880560824e-04 -2.378596355856751963e-04 9.999999661075776869e-01 6.098320000000000130e-02
9.999978917769395403e-01 -2.004774064157529082e-03 -4.442101169425675586e-04 4.045000000000000201e-04 2.004423493160778676e-03 9.999976804750214665e-01 -7.882455435136654157e-04 -6.643000000000000467e-04 4.457893408079296039e-04 7.873534965219339959e-04 9.999995906730837492e-01 1.219940000000000052e-01
9.999982416124691964e-01 -1.875213046879415204e-03 -1.865471763459574506e-05 3.403999999999999799e-04 1.875184350879238867e-03 9.999972124869428436e-01 -1.434817756454071164e-03 -1.192399999999999927e-03 2.134525461112368820e-05 1.434780252453840685e-03 9.999989704744736141e-01 1.832330000000000070e-01
9.999985026498811047e-01 -1.258907624758779514e-03 1.187370872173326491e-03 1.185999999999999961e-04 1.261490021329363283e-03 9.999968354123910386e-01 -2.176650667781489419e-03 -1.801400000000000093e-03 -1.184626912512070718e-03 2.178145265080216712e-03 9.999969261664169995e-01 2.453519999999999868e-01
9.999968554621698758e-01 -3.567184005204809935e-04 2.482300899313195312e-03 1.489999999999999897e-04 3.636803463012691965e-04 9.999960005542182229e-01 -2.804748147982286718e-03 -2.358400000000000080e-03 -2.481290466212123739e-03 2.805642092396318146e-03 9.999929857604360484e-01 3.075885999999999898e-01
9.999938920647226670e-01 4.080333648478237478e-04 3.471216216395686151e-03 2.181999999999999912e-04 -4.015650792223269356e-04 9.999981823112179535e-01 -1.863899071103786729e-03 -2.998199999999999910e-03 -3.471970439814628731e-03 1.862493767313962373e-03 9.999922382389935249e-01 3.702743000000000007e-01
9.999900072612729618e-01 8.219857276563890397e-04 4.394282314876691783e-03 3.419000000000000164e-04 -8.144096261961338880e-04 9.999981795310494137e-01 -1.725593100311367594e-03 -3.372200000000000111e-03 -4.395692728122376283e-03 1.721997111092907944e-03 9.999888562436030082e-01 4.339129999999999932e-01
9.999835222678283841e-01 3.492684276975153990e-03 4.555913670048337104e-03 1.830000000000000029e-04 -3.487285781718930597e-03 9.999932085482492461e-01 -1.192348629497917310e-03 -3.680899999999999971e-03 -4.560047226091387164e-03 1.176441209332246924e-03 9.999889109162045653e-01 4.977243000000000084e-01
9.999761870701240341e-01 2.977789352111680742e-03 6.225597422789808620e-03 5.772000000000000438e-04 -2.965372016394871545e-03 9.999935975768809993e-01 -2.002841494320856813e-03 -4.142700000000000028e-03 -6.231521603956694834e-03 1.984332588413919261e-03 9.999786150526810413e-01 5.620011999999999786e-01
9.999474608684699728e-01 4.609404525015777486e-03 9.155811958781281609e-03 7.397000000000000363e-04 -4.580463473083619917e-03 9.999844552416549126e-01 -3.179407086627948284e-03 -4.541800000000000351e-03 -9.170324807308899082e-03 3.137302181097216015e-03 9.999530301358924289e-01 6.260765000000000358e-01
9.999042970344620418e-01 3.185272113704896036e-03 1.346294223340517744e-02 1.188299999999999990e-03 -3.129763073334995444e-03 9.999865234619382814e-01 -4.142158569038722343e-03 -5.036900000000000405e-03 -1.347595470173224876e-02 4.099626332719383606e-03 9.999007909331849575e-01 6.914358999999999922e-01
9.998169977901030236e-01 5.565933669803836865e-03 1.830276788817325473e-02 1.498500000000000049e-03 -5.503944162813111281e-03 9.999789516673039946e-01 -3.435523397128054622e-03 -5.774099999999999892e-03 -1.832150454077496188e-02 3.334157276272792757e-03 9.998265878974309517e-01 7.572012000000000187e-01
9.996981774827087275e-01 7.314919587820357082e-03 2.345305713919492580e-02 2.295600000000000071e-03 -7.255968639827646387e-03 9.999703010279449300e-01 -2.597687660033457142e-03 -6.559200000000000273e-03 -2.347136248385375823e-02 2.426728972294685260e-03 9.997215643016043041e-01 8.230769000000000002e-01
9.995644508763409375e-01 8.903740500646489808e-03 2.813595474434998217e-02 3.756400000000000017e-03 -8.807503824578320067e-03 9.999549382774565176e-01 -3.542497834610129626e-03 -7.400099999999999734e-03 -2.816622837120726780e-02 3.293147373763676000e-03 9.995978285089037740e-01 8.892233000000000498e-01
9.994316262287609165e-01 8.105162110406766152e-03 3.272202378976975939e-02 5.841999999999999971e-03 -7.938505074001043355e-03 9.999548657609266256e-01 -5.219825498739885314e-03 -8.218700000000000658e-03 -3.276285443798038904e-02 4.957094734949287623e-03 9.994508605133443080e-01 9.560971000000000330e-01
9.992566808397643774e-01 8.525454716712604214e-03 3.759524463240504488e-02 7.924099999999999894e-03 -8.262521356665063904e-03 9.999403478718439375e-01 -7.143629243336955918e-03 -9.082599999999999701e-03 -3.765390468368122467e-02 6.827687735162470649e-03 9.992675148038503430e-01 1.022997600000000062e+00
9.990529633681450861e-01 9.679040537212208611e-03 4.242042620727261293e-02 1.014690000000000036e-02 -9.363117493317307805e-03 9.999269800910535189e-01 -7.639798216717462280e-03 -1.005220000000000072e-02 -4.249127458824922265e-02 7.235375613250961783e-03 9.990706386054997168e-01 1.090160400000000029e+00
9.987745243338398415e-01 1.150308831779633424e-02 4.813656095801918666e-02 1.236340000000000008e-02 -1.114621468997635360e-02 9.999084189247938737e-01 -7.675653809549003517e-03 -1.101290000000000081e-02 -4.822044628367799790e-02 7.129707039708315514e-03 9.988112713810006760e-01 1.157514799999999955e+00
9.984649307583158828e-01 1.373562087956550250e-02 5.365738313451759445e-02 1.560530000000000077e-02 -1.334660226463585224e-02 9.998820343785850273e-01 -7.601679744089381331e-03 -1.197420000000000082e-02 -5.375546719898531556e-02 6.873866888071510604e-03 9.985304700910352382e-01 1.225376100000000079e+00
9.981056963247019187e-01 1.428628303142690653e-02 5.984079779989430470e-02 1.851380000000000040e-02 -1.387740533864541964e-02 9.998774721899023055e-01 -7.242805271298946579e-03 -1.299059999999999972e-02 -5.993693840403267747e-02 6.398650191797002409e-03 9.981816571598950416e-01 1.293337299999999912e+00
9.977690369268943371e-01 1.427795069385392156e-02 6.521571186425632882e-02 2.256500000000000172e-02 -1.386300000341635606e-02 9.998807075725858473e-01 -6.810863018031825498e-03 -1.410110000000000009e-02 -6.530517729003655625e-02 5.891582820345630210e-03 9.978479458669983204e-01 1.361210699999999996e+00
9.973646012570592800e-01 1.367980993514986317e-02 7.125106988309190537e-02 2.673230000000000051e-02 -1.313751015757438044e-02 9.998810994432264510e-01 -8.074206033063359780e-03 -1.526059999999999917e-02 -7.135305169512162760e-02 7.116865626306418183e-03 9.974257326926403433e-01 1.429872800000000055e+00
9.969084872327137470e-01 1.365998828737533324e-02 7.737488483591380140e-02 3.123679999999999859e-02 -1.299434064373511041e-02 9.998741618829526390e-01 -9.099863191150267192e-03 -1.644800000000000081e-02 -7.748945215070711379e-02 8.066295237086630945e-03 9.969605406868073949e-01 1.498343299999999934e+00
9.964099421815467705e-01 1.293043263188862514e-02 8.366618811514565934e-02 3.650250000000000022e-02 -1.220314336111164889e-02 9.998832301725385507e-01 -9.198332013927385323e-03 -1.748130000000000170e-02 -8.377535684122693060e-02 8.144318982117199415e-03 9.964513834876453924e-01 1.567452899999999927e+00
9.958681495661704242e-01 1.353629672610387642e-02 8.979642170261890877e-02 4.183669999999999750e-02 -1.276025201690923934e-02 9.998761614143575338e-01 -9.210743930578670080e-03 -1.870700000000000141e-02 -8.990998080367197665e-02 8.026861543131140475e-03 9.959175492206424618e-01 1.636620399999999975e+00
9.953293906082034681e-01 1.436688248409905867e-02 9.546201799244687092e-02 4.779800000000000021e-02 -1.348304242162127846e-02 9.998601169524343746e-01 -9.897176108418901178e-03 -2.016400000000000137e-02 -9.559085604051741070e-02 8.563831826488921620e-03 9.953838701857131710e-01 1.705784699999999932e+00
9.948345171340758908e-01 1.515032999307570211e-02 1.003730592325997734e-01 5.456199999999999939e-02 -1.413660235669941118e-02 9.998417109665881375e-01 -1.080321642911075998e-02 -2.130819999999999936e-02 -1.005208435719609078e-01 9.328478574052617364e-03 9.948912199306387816e-01 1.775076600000000004e+00
9.942677999386724252e-01 1.412425320046304181e-02 1.059813543819917159e-01 6.092790000000000011e-02 -1.319065233543751520e-02 9.998678227572145305e-01 -9.504930600116940492e-03 -2.277529999999999832e-02 -1.061015961052317047e-01 8.052483236656384630e-03 9.943226884757511153e-01 1.845565799999999923e+00
9.938636019805645594e-01 1.181044429742316229e-02 1.099802439700661300e-01 6.856130000000000557e-02 -1.090283806513856965e-02 9.999013962861319493e-01 -8.850187973655495449e-03 -2.406550000000000009e-02 -1.100739241616431469e-01 7.596782907332261248e-03 9.938943706999832095e-01 1.915231799999999929e+00
9.934248342381439834e-01 1.036323903727139235e-02 1.140162356665596344e-01 7.616599999999999759e-02 -9.310532112210020625e-03 9.999090083222244019e-01 -9.761611949529359553e-03 -2.513589999999999922e-02 -1.141070230560047305e-01 8.635875909371480350e-03 9.934309281155757620e-01 1.985133999999999954e+00
9.930652347725581475e-01 1.013165943345453908e-02 1.171272340800742495e-01 8.419250000000000345e-02 -9.040806431114703154e-03 9.999107056971597851e-01 -9.840957843780636510e-03 -2.666819999999999954e-02 -1.172164805187356218e-01 8.713788460391051760e-03 9.930681580765080563e-01 2.054758500000000154e+00
9.925848654690674344e-01 1.094937056390904440e-02 1.210594735078897172e-01 9.214650000000000618e-02 -9.823389165239108933e-03 9.999028004612230403e-01 -9.893970644380158802e-03 -2.802079999999999849e-02 -1.211560393338339120e-01 8.631391200600028318e-03 9.925959466061106129e-01 2.125820399999999832e+00
9.920953425352833088e-01 1.193830476155958824e-02 1.249172053770775531e-01 1.006897999999999960e-01 -1.068497071641267594e-02 9.998856799090729552e-01 -1.069852856986874649e-02 -2.940359999999999849e-02 -1.250306471253678497e-01 9.279223684717266898e-03 9.921094865422973585e-01 2.195948599999999917e+00
9.914687536562923897e-01 1.373207191767325704e-02 1.296192143321587276e-01 1.094974999999999976e-01 -1.228705204457679508e-02 9.998532055238570360e-01 -1.194134647859202911e-02 -3.062070000000000070e-02 -1.297641663761306408e-01 1.024683387763120415e-02 9.914919382023195116e-01 2.266795600000000022e+00
9.909565365341338472e-01 1.397391806208799457e-02 1.334536335746155933e-01 1.190244000000000024e-01 -1.248484535788716744e-02 9.998501931266230436e-01 -1.198832519763236293e-02 -3.194349999999999967e-02 -1.336011651770423470e-01 1.021376123906343747e-02 9.909825466397922389e-01 2.336846599999999885e+00
9.903829802672139415e-01 1.480317477731401578e-02 1.375587816663976504e-01 1.290628000000000053e-01 -1.316045063648283060e-02 9.998309046429518787e-01 -1.284385689352005554e-02 -3.352759999999999768e-02 -1.377256509735062251e-01 1.091000171259464725e-02 9.904103275544713370e-01 2.406646999999999981e+00
9.896960235146138318e-01 1.522486797335589719e-02 1.423726955372928982e-01 1.381676000000000015e-01 -1.344962262626756867e-02 9.998194478954861575e-01 -1.342308687210735582e-02 -3.506460000000000132e-02 -1.425513545729110432e-01 1.136991667335478934e-02 9.897221005435157259e-01 2.474993899999999858e+00
9.891275956234953926e-01 1.563239765911009563e-02 1.462266313621104208e-01 1.485619999999999996e-01 -1.382783485116335052e-02 9.998152770922374977e-01 -1.334925751873009339e-02 -3.676539999999999669e-02 -1.464083008555595311e-01 1.118212128354315743e-02 9.891610433110414879e-01 2.544582399999999911e+00
9.884255863101232276e-01 1.605418727549648428e-02 1.508546432776011748e-01 1.585102999999999929e-01 -1.429349608543147541e-02 9.998165677883464886e-01 -1.274859778903296437e-02 -3.822470000000000034e-02 -1.510316400531516723e-01 1.044479999109929405e-02 9.884737476817485602e-01 2.613750200000000135e+00
9.877855582738447326e-01 1.559349817310981372e-02 1.550372009562679398e-01 1.690496999999999972e-01 -1.380063705910965048e-02 9.998249502863501004e-01 -1.263373268913034475e-02 -3.982240000000000085e-02 -1.552070658262429403e-01 1.033980655635743928e-02 9.878278469034903475e-01 2.683760599999999830e+00
9.871829088272516817e-01 1.394409223610155665e-02 1.589825990826585211e-01 1.798070999999999975e-01 -1.195082281685802897e-02 9.998376276977493093e-01 -1.348688524964030376e-02 -4.122529999999999945e-02 -1.591448470839263718e-01 1.141404973915883907e-02 9.871892610412583702e-01 2.753743200000000169e+00
9.865527747742116604e-01 1.387228123540982724e-02 1.628532541849545823e-01 1.908086999999999978e-01 -1.165048744395077301e-02 9.998256826307854173e-01 -1.459008204920250393e-02 -4.265800000000000147e-02 -1.630272637555512383e-01 1.249656613673580732e-02 9.865424203282736615e-01 2.823717400000000044e+00
9.859445330155396370e-01 1.426183584472651839e-02 1.664631426325583752e-01 2.018881999999999899e-01 -1.168213549805614468e-02 9.997961775924935068e-01 -1.646605543669372312e-02 -4.419499999999999817e-02 -1.666640498937142223e-01 1.428997235047318841e-02 9.859101841259416688e-01 2.893377999999999783e+00
9.848322663755213480e-01 1.367408606275041794e-02 1.729694379825600092e-01 2.257657999999999887e-01 -1.064902232199142762e-02 9.997739025370762089e-01 -1.840494850225781950e-02 -4.751480000000000287e-02 -1.731820008812691436e-01 1.628383173990472985e-02 9.847552139464033072e-01 3.033675899999999981e+00
9.841957483642490567e-01 1.337700211480767967e-02 1.765779848003601049e-01 2.380810999999999900e-01 -1.033666430767838859e-02 9.997822630992145854e-01 -1.812676924339504808e-02 -4.962249999999999994e-02 -1.767820190877062714e-01 1.601506186792157893e-02 9.841197262125379597e-01 3.104732499999999895e+00
9.834173270935613331e-01 1.370079491856996366e-02 1.808387375280935128e-01 2.502431999999999990e-01 -1.053317671988075570e-02 9.997740221363433655e-01 -1.846501691052704688e-02 -5.135939999999999950e-02 -1.810508573863796322e-01 1.625401119470437986e-02 9.833394094409819708e-01 3.175143199999999943e+00
9.827118698056992452e-01 1.156625214306705556e-02 1.847798764864546084e-01 2.634461000000000164e-01 -8.288193369069026331e-03 9.997944526305087010e-01 -1.850292787475579098e-02 -5.328660000000000341e-02 -1.849559049980922798e-01 1.665155550164883203e-02 9.826057393002100016e-01 3.245451000000000086e+00
9.821418464805212745e-01 9.596611126524965535e-03 1.878970421446772010e-01 2.767144000000000270e-01 -6.312074106327323665e-03 9.998167802786060987e-01 -1.807107063230596611e-02 -5.504880000000000190e-02 -1.880360367384628917e-01 1.656233462431599274e-02 9.820224732456399597e-01 3.316240300000000030e+00
9.815371603643351373e-01 9.170268061869756362e-03 1.910515872940885540e-01 2.899469000000000074e-01 -5.918254135289837889e-03 9.998278505996960330e-01 -1.758531868297836392e-02 -5.678860000000000158e-02 -1.911799599641850755e-01 1.612995191763554742e-02 9.814224613076814041e-01 3.387089000000000016e+00
9.810058979684105340e-01 8.970381553991366164e-03 1.937703806208996016e-01 3.037095000000000211e-01 -5.774992733191774280e-03 9.998379743258741792e-01 -1.704918047485505170e-02 -5.870369999999999755e-02 -1.938919224983961798e-01 1.560632406136717130e-02 9.808987537147590974e-01 3.457803699999999925e+00
9.804437964692815921e-01 9.830737069214562016e-03 1.965536022910236436e-01 3.175417999999999852e-01 -6.502630081888225930e-03 9.998244809768749297e-01 -1.757051625140042955e-02 -6.073220000000000007e-02 -1.966918345201956742e-01 1.594878829248714408e-02 9.803356355784896836e-01 3.529113300000000120e+00
9.798336536614823400e-01 1.055923303645244123e-02 1.995357455446819528e-01 3.314501000000000253e-01 -6.700675387510819994e-03 9.997774634577335506e-01 -2.000311254208559514e-02 -6.264340000000000186e-02 -1.997025590765961756e-01 1.826269858761368076e-02 9.796863588611186557e-01 3.600118900000000011e+00
9.792162717234632607e-01 1.145229283020229340e-02 2.024952794040685011e-01 3.463546000000000125e-01 -7.065642041336741772e-03 9.997247335348669051e-01 -2.237261408917518707e-02 -6.455360000000000265e-02 -2.026957569722271646e-01 2.047686859778033441e-02 9.790276441234359028e-01 3.672349200000000202e+00
9.784780976814710929e-01 1.263030648917395221e-02 2.059638019547101739e-01 3.606795999999999891e-01 -7.912112384594716108e-03 9.996874384370623146e-01 -2.371547825278123162e-02 -6.677379999999999427e-02 -2.061989593457325964e-01 2.157546729816359893e-02 9.782721954423537758e-01 3.744225699999999879e+00
9.768241387343506998e-01 1.392495477458114556e-02 2.135900222866692344e-01 3.907013999999999765e-01 -8.766355922612246998e-03 9.996470084093572739e-01 -2.508006343812947680e-02 -7.151559999999999861e-02 -2.138638655540764377e-01 2.262640521047008108e-02 9.766013991376008008e-01 3.888567399999999896e+00
9.759660879694436186e-01 1.397684222183503272e-02 2.174737754652873445e-01 4.060996000000000050e-01 -8.933501409744908084e-03 9.996682723379720636e-01 -2.415652775910233363e-02 -7.420119999999999494e-02 -2.177392653753161822e-01 2.163314961627468141e-02 9.757671951605554339e-01 3.961375499999999938e+00
9.751556492804236420e-01 1.434335273894237622e-02 2.210559384153286122e-01 4.223066999999999793e-01 -9.386771741317728041e-03 9.996807883340627088e-01 -2.345655456505063574e-02 -7.661089999999999567e-02 -2.213218204171285008e-01 2.079879006079615733e-02 9.749790059992343716e-01 4.033951799999999643e+00
9.741301232061866378e-01 1.432313872695906848e-02 2.255334803511621078e-01 4.381062000000000012e-01 -9.315018694813548272e-03 9.996861867590624007e-01 -2.325421316321688026e-02 -7.918600000000000638e-02 -2.257957782798761803e-01 2.055178094796994426e-02 9.739578485801383412e-01 4.106383300000000069e+00
9.732238381504749736e-01 1.540928269316871844e-02 2.293423529628578483e-01 4.547263000000000277e-01 -1.023447236218794250e-02 9.996658698660180198e-01 -2.373613701689887903e-02 -8.176540000000000197e-02 -2.296314796170718375e-01 2.075337639757436972e-02 9.730563606168837198e-01 4.178982300000000372e+00
9.723592365689727179e-01 1.635728055160071831e-02 2.329161961563878669e-01 4.716422000000000114e-01 -1.091720238147863946e-02 9.996371101615302290e-01 -2.462646300358056761e-02 -8.438070000000000292e-02 -2.332344951999308358e-01 2.140297551419218652e-02 9.721849530248719562e-01 4.252142899999999948e+00
9.714919568465045785e-01 1.679114071412691686e-02 2.364771349963198932e-01 4.884577999999999975e-01 -1.110943471274027268e-02 9.996171960289899072e-01 -2.533854501551904143e-02 -8.698690000000000588e-02 -2.368120736848370322e-01 2.198906538847235359e-02 9.713066059491353155e-01 4.324984599999999624e+00
9.701779759192135089e-01 1.445110564378099781e-02 2.419625189713693336e-01 5.238237000000000032e-01 -8.643091756000786594e-03 9.996488839099541002e-01 -2.504807103312877564e-02 -9.202960000000000307e-02 -2.422395343584430871e-01 2.220978260261893128e-02 9.699622330537148729e-01 4.470379799999999904e+00
9.688833378337411428e-01 1.117054901702279820e-02 2.472656395514892802e-01 5.604468999999999701e-01 -5.284358770703604519e-03 9.996869411679571993e-01 -2.445598517000870803e-02 -9.691389999999999727e-02 -2.474614176402681331e-01 2.238835619047296194e-02 9.686390495362848796e-01 4.616045999999999871e+00
9.681707908483740965e-01 1.133724801691192788e-02 2.500335708568689475e-01 5.786016999999999966e-01 -5.142756579501354952e-03 9.996637821455691686e-01 -2.541406542015738415e-02 -9.951010000000000411e-02 -2.502376306689261254e-01 2.331929402488571237e-02 9.679035792491847978e-01 4.687874800000000342e+00
9.674615210469038606e-01 1.210844319101983535e-02 2.527282946112308082e-01 5.970330999999999833e-01 -5.791537049663998855e-03 9.996523104545280702e-01 -2.572384694259733165e-02 -1.022065000000000057e-01 -2.529518993647084102e-01 2.342314680852361844e-02 9.671952712877439629e-01 4.760070800000000268e+00
9.667048436880774087e-01 1.256238985605424852e-02 2.555854681923726002e-01 6.159923999999999955e-01 -5.789297922831792426e-03 9.996122828772148194e-01 -2.723541720928276608e-02 -1.048907000000000034e-01 -2.558285152588946065e-01 2.484894931596717468e-02 9.664027630849997275e-01 4.833284899999999773e+00
9.659407101669195139e-01 1.345184520894585414e-02 2.584136070386032213e-01 6.353476999999999597e-01 -6.266958030307610145e-03 9.995710762974714392e-01 -2.860749318903721417e-02 -1.078435999999999978e-01 -2.586875908876833940e-01 2.601367505734259594e-02 9.656106974504463647e-01 4.906257599999999996e+00
9.643881891137743301e-01 1.477103321757907914e-02 2.640780893515025096e-01 6.738326000000000038e-01 -6.978720311264925182e-03 9.995127974044142327e-01 -3.042146097115416142e-02 -1.129471999999999976e-01 -2.643987862314653436e-01 2.749517053024936458e-02 9.640214195944197817e-01 5.052203699999999742e+00
9.636881310853427918e-01 1.272174781172321842e-02 2.667270948701201960e-01 6.940294999999999659e-01 -5.076206024008870187e-03 9.995567697872778101e-01 -2.933421389477918265e-02 -1.158411000000000024e-01 -2.669820558345466499e-01 2.691507207937135840e-02 9.633255736028817351e-01 5.125844999999999985e+00
9.619632511539047970e-01 1.320047717633255312e-02 2.728597640395642454e-01 7.335051000000000210e-01 -5.810762293365854744e-03 9.995945867966736786e-01 -2.787287370109853973e-02 -1.218242999999999965e-01 -2.731170783216961828e-01 2.522715697625312059e-02 9.616499633858028862e-01 5.270201199999999808e+00
9.600939047212668775e-01 1.588253935418862395e-02 2.792265013581868294e-01 7.755022000000000304e-01 -8.186178778659387520e-03 9.995543268834140571e-01 -2.870773564126405386e-02 -1.274195999999999940e-01 -2.795580093541851774e-01 2.527632394766939766e-02 9.597960339851471234e-01 5.417183900000000385e+00
9.589774500595430462e-01 1.658537202565803573e-02 2.829967768580892162e-01 7.964231000000000504e-01 -8.907919248614365459e-03 9.995571045231899099e-01 -2.839443205766123413e-02 -1.303739999999999899e-01 -2.833423710848005372e-01 2.470870761467491850e-02 9.587004644392614905e-01 5.490620100000000114e+00
9.568152835629748498e-01 1.728922264191490310e-02 2.901820048189454604e-01 8.392697999999999547e-01 -9.308746944829615275e-03 9.995401312172238484e-01 -2.885954463556570163e-02 -1.363147000000000109e-01 -2.905475182661543809e-01 2.491202253317423634e-02 9.565362150816274500e-01 5.635096500000000397e+00
9.542141919705723341e-01 1.902742937684986577e-02 2.985183960382621904e-01 8.828226999999999602e-01 -1.079239881814755483e-02 9.995150109952283257e-01 -2.921073300960832370e-02 -1.417015000000000080e-01 -2.989294230578479206e-01 2.465156641103288804e-02 9.539567601855887258e-01 5.779390300000000202e+00
9.517319105799953993e-01 1.885555183562743348e-02 3.063508422523524843e-01 9.270966999999999958e-01 -1.001696862663279536e-02 9.994876826884027121e-01 -3.039790278456695749e-02 -1.477477000000000096e-01 -3.067670626440929804e-01 2.586194731919652656e-02 9.514331973173809631e-01 5.923471499999999779e+00
9.492875406303147301e-01 2.061171812970393619e-02 3.137328836443357694e-01 9.737829999999999542e-01 -1.127459782839910357e-02 9.994386794047243061e-01 -3.154694206335401790e-02 -1.531802999999999915e-01 -3.142070155929949649e-01 2.640990695709454286e-02 9.489870748153850233e-01 6.065490699999999791e+00
9.466568246562063749e-01 1.941129495837341096e-02 3.216582937837412781e-01 1.020652399999999904e+00 -9.450434810170781769e-03 9.994270595233271104e-01 -3.249987652983930830e-02 -1.588204000000000005e-01 -3.221048674170064463e-01 2.772641918090244101e-02 9.462978918214272062e-01 6.207758400000000343e+00
9.443780920645988841e-01 1.627553322795884105e-02 3.284587131536834681e-01 1.069587199999999960e+00 -5.394883385708447443e-03 9.994069120275814733e-01 -3.401057813017563380e-02 -1.656619000000000008e-01 -3.288174485359356414e-01 3.034684843010525268e-02 9.439057973805847768e-01 6.350083399999999934e+00
9.431840448113277819e-01 1.521243959358958495e-02 3.319223392526551297e-01 1.093090300000000070e+00 -4.038982685149922897e-03 9.994024987212859479e-01 -3.432684326469686437e-02 -1.688222000000000056e-01 -3.322462102601206890e-01 3.103590229494533961e-02 9.426819339186076618e-01 6.420081599999999611e+00
9.413905008878321601e-01 1.285306782309366541e-02 3.370737656443935637e-01 1.144548499999999969e+00 -1.675139477193710730e-04 9.992914832018522375e-01 -3.763646555296683294e-02 -1.757000999999999979e-01 -3.373186872635934308e-01 3.537414660139935607e-02 9.407256629724676245e-01 6.562316400000000272e+00
9.402126117423564855e-01 1.140755440726006625e-02 3.403969923825154731e-01 1.169617700000000093e+00 1.464984668810224988e-03 9.992942287982905514e-01 -3.753529153143700392e-02 -1.790467000000000031e-01 -3.405849358684806538e-01 3.578983085843263912e-02 9.395323248651894499e-01 6.634192500000000159e+00
9.376741383596624013e-01 1.274795228567088268e-02 3.472818739352616646e-01 1.221866499999999967e+00 9.950100356233776769e-04 9.992243675620865462e-01 -3.936588910690452803e-02 -1.851994999999999891e-01 -3.475143453247560021e-01 3.725792509883439629e-02 9.369341635413002134e-01 6.779401299999999964e+00
9.364485454731228398e-01 1.215757030930328386e-02 3.505942315062341441e-01 1.248824699999999899e+00 2.198196605835115065e-03 9.991763123064133501e-01 -4.051993160703569463e-02 -1.882012000000000129e-01 -3.507980752697407167e-01 3.871550606580137499e-02 9.356504796007504288e-01 6.850791499999999701e+00
9.350964454447627805e-01 1.345579850339619077e-02 3.541377969141473181e-01 1.275336299999999978e+00 1.286867180999862366e-03 9.991434244704808787e-01 -4.136135044046574533e-02 -1.916230999999999907e-01 -3.543910011405881355e-01 3.913258008407510119e-02 9.342781488863662887e-01 6.922442000000000206e+00
9.340256733717192672e-01 1.466951816387240121e-02 3.569045344617328697e-01 1.302980699999999992e+00 2.942588805709038871e-04 9.991244407612932532e-01 -4.183617197048653674e-02 -1.952770000000000061e-01 -3.572057598838764836e-01 3.918108102481012572e-02 9.332035619282159633e-01 6.994297999999999682e+00
9.329286219472121555e-01 1.339047067579476197e-02 3.598122866812034082e-01 1.330273299999999992e+00 1.776080578204454995e-03 9.991249360933499579e-01 -4.178764906331997736e-02 -1.987707999999999975e-01 -3.600569842253522057e-01 3.962394946923063904e-02 9.320884672277650607e-01 7.066140200000000426e+00
9.319682521841312628e-01 1.259707957857176402e-02 3.623209771831417680e-01 1.357469899999999896e+00 2.491691255503298945e-03 9.991499821616779409e-01 -4.114735253945098203e-02 -2.023380999999999930e-01 -3.625313343637248109e-01 3.925081823872904330e-02 9.311446745119940083e-01 7.138080099999999817e+00
9.311455033371544010e-01 1.185309587618893837e-02 3.644551491379249275e-01 1.386046600000000018e+00 3.116555543588953384e-03 9.991763602126576549e-01 -4.045847591950258587e-02 -2.058750000000000024e-01 -3.646345275704714894e-01 3.880857263975471400e-02 9.303416340211394520e-01 7.210899799999999971e+00
9.301303904943799550e-01 1.216272808861427503e-02 3.670279617743242850e-01 1.413397000000000014e+00 2.812440875380498376e-03 9.991861332510419969e-01 -4.023880335141133413e-02 -2.093066000000000093e-01 -3.672186635440727320e-01 3.845957831637648872e-02 9.293391813437286153e-01 7.282542199999999966e+00
9.283837028268254743e-01 1.042435092309461700e-02 3.714768273168392310e-01 1.471123600000000087e+00 4.353672326531164358e-03 9.992328082124691813e-01 -3.892095231486424750e-02 -2.161267000000000049e-01 -3.715975590108549498e-01 3.775086621065689568e-02 9.276260702662033619e-01 7.427083500000000171e+00
9.274005233931600367e-01 9.899150690575789918e-03 3.739388666957449980e-01 1.500317200000000017e+00 4.930065762439447483e-03 9.992395062293520924e-01 -3.867949898975966277e-02 -2.194223999999999897e-01 -3.740373827061553302e-01 3.771493081163041633e-02 9.266464376083269894e-01 7.500194500000000097e+00
9.264624491117237071e-01 1.167643826986839058e-02 3.762060488286131932e-01 1.529634500000000008e+00 3.702501210892583314e-03 9.991876038876710275e-01 -4.013008499864002820e-02 -2.226627999999999941e-01 -3.763689969573613681e-01 3.857192018223473684e-02 9.256665625930133867e-01 7.573287500000000172e+00
9.253366595613008450e-01 1.318733563287390401e-02 3.789170894151375202e-01 1.558620799999999917e+00 3.202672350283279103e-03 9.990874141744381376e-01 -4.259203831764191150e-02 -2.266612000000000071e-01 -3.791329705548571183e-01 4.062552174607336752e-02 9.244499757267070628e-01 7.645942699999999981e+00
9.240788084552920001e-01 1.475906998232277834e-02 3.819169093102643409e-01 1.589030699999999907e+00 1.782902518570492374e-03 9.990767961884641224e-01 -4.292291435123519322e-02 -2.304325000000000123e-01 -3.821978244606542008e-01 4.034507616861190277e-02 9.231993813941232752e-01 7.720103700000000124e+00
9.217933697467552978e-01 1.708181608866873175e-02 3.873050413434279693e-01 1.618550799999999956e+00 -7.768009593535577656e-04 9.991081984511344105e-01 -4.221616240254456170e-02 -2.341323999999999905e-01 -3.876807708298040667e-01 3.861371967113978038e-02 9.209845821630063822e-01 7.793225800000000092e+00
9.193498775021243796e-01 2.001753546930980232e-02 3.929314202383968335e-01 1.649309799999999937e+00 -4.205385358456331310e-03 9.991477810657515279e-01 -4.106125089877245282e-02 -2.377753999999999979e-01 -3.934185016884889641e-01 3.609722794232245180e-02 9.186505715798931604e-01 7.867637600000000120e+00
9.174870268138229923e-01 2.123325716820341491e-02 3.971985705139941536e-01 1.681841399999999931e+00 -5.544143227557430872e-03 9.991598451512777590e-01 -4.060623490483956932e-02 -2.411598000000000075e-01 -3.977270648374381934e-01 3.505356796823427823e-02 9.168339158585335769e-01 7.942223499999999881e+00
9.151263635470094915e-01 2.045363654521160229e-02 4.026479696872977687e-01 1.713198900000000080e+00 -4.697377940114710881e-03 9.991854173816782092e-01 -4.008037340506276358e-02 -2.453085000000000127e-01 -4.031397690401113953e-01 3.478721667334026824e-02 9.144769959787987235e-01 8.015557299999999330e+00
9.128367453023606970e-01 2.093406209308369681e-02 4.077877407059657400e-01 1.744766800000000062e+00 -4.901563998000700584e-03 9.991747504465411378e-01 -4.032112027791169562e-02 -2.493989000000000067e-01 -4.082952988906026204e-01 3.480780249276352323e-02 9.121860368310064082e-01 8.088379899999999623e+00
9.110249564353047891e-01 2.128750131755841046e-02 4.118013732853572639e-01 1.778436300000000081e+00 -4.855513845319252633e-03 9.991511228443256121e-01 -4.090791737819724633e-02 -2.533790000000000209e-01 -4.123226318519869205e-01 3.526862637782265247e-02 9.103549699189171784e-01 8.164767299999999395e+00
9.094237775939302271e-01 1.921805685132025460e-02 4.154263581402184990e-01 1.812779399999999930e+00 -2.816588466915263475e-03 9.991933928036565993e-01 -4.005784076714220820e-02 -2.575009999999999799e-01 -4.158611061113958729e-01 3.525946778352025135e-02 9.087443591876810389e-01 8.238210699999999775e+00
9.076209540178762358e-01 1.921872560661710277e-02 4.193505030564977365e-01 1.847899799999999981e+00 -3.378861045100654478e-03 9.992535617346973709e-01 -3.848249808106633113e-02 -2.616273000000000071e-01 -4.197770683657196522e-01 3.351059454230755769e-02 9.070084084106955213e-01 8.313810300000000097e+00
9.055181790325368407e-01 2.067259840559592873e-02 4.238035761019005587e-01 1.881587399999999910e+00 -5.286052753639536479e-03 9.992845439661171003e-01 -3.744940368971517997e-02 -2.653782000000000085e-01 -4.242745397592038170e-01 3.167086777450951740e-02 9.049795970332841222e-01 8.387528400000000772e+00
9.033868732454156669e-01 2.175492799030187899e-02 4.282743050382640249e-01 1.915947599999999973e+00 -6.285942303603617165e-03 9.992768332200389070e-01 -3.750063358246619183e-02 -2.694567999999999963e-01 -4.287804148713266761e-01 3.118547254519970016e-02 9.028703240913977801e-01 8.461060500000000317e+00
9.009572830229627405e-01 2.258789714041791255e-02 4.333194676802034073e-01 1.949874200000000002e+00 -7.162106244954003810e-03 9.992822218968612225e-01 -3.719872625518649140e-02 -2.734946999999999795e-01 -4.338486814570455263e-01 3.041098327325524736e-02 9.004723725325152195e-01 8.534845400000000026e+00
8.988943564400692088e-01 2.089679087595475160e-02 4.376668368648468643e-01 1.986255600000000010e+00 -5.458471167670900931e-03 9.993186516530885299e-01 -3.650256909814460909e-02 -2.775586999999999915e-01 -4.381314198419300476e-01 3.042296154781336595e-02 8.983959607867538777e-01 8.609944300000000439e+00
8.966825528955895130e-01 2.012575097410239378e-02 4.422164102341485936e-01 2.022749399999999920e+00 -4.887795978976212929e-03 9.993552074541725005e-01 -3.557075743775561100e-02 -2.816100999999999743e-01 -4.426471605953394839e-01 2.973421399593671050e-02 8.962027492341939627e-01 8.685237900000000622e+00
8.946368750433377759e-01 2.112513666563901882e-02 4.462942867812103032e-01 2.059973999999999972e+00 -6.183088325890370891e-03 9.993713249511495533e-01 -3.491023179725414455e-02 -2.859148000000000245e-01 -4.467511961164125633e-01 2.847250368762554301e-02 8.942050577481166496e-01 8.761514699999999323e+00
8.931388516603829819e-01 2.058188457986637881e-02 4.493098904786242964e-01 2.098565799999999815e+00 -6.103351404742327242e-03 9.994150850871612590e-01 -3.364872660075397814e-02 -2.902162999999999826e-01 -4.497396366303536008e-01 2.731068888481425622e-02 8.927420599009739943e-01 8.837497700000000123e+00
8.914879494890662892e-01 2.034235694229691999e-02 4.525874771022859733e-01 2.136786900000000156e+00 -6.139279483125982886e-03 9.994421331510812134e-01 -3.282882467960936135e-02 -2.938811000000000062e-01 -4.530028092222034841e-01 2.648794058526719036e-02 8.911155053304499196e-01 8.914479299999999995e+00
8.900236691954246382e-01 2.308606156221266331e-02 4.553294434071432084e-01 2.175919299999999890e+00 -8.755781588511193578e-03 9.993984635174562037e-01 -3.355662986239594386e-02 -2.976642999999999928e-01 -4.558302365581811122e-01 2.587942967867108007e-02 8.896904240008538522e-01 8.992260899999999779e+00
8.883755010010382369e-01 2.721626304502107116e-02 4.583102052616965238e-01 2.215883499999999895e+00 -1.251077921970840737e-02 9.993057690807938265e-01 -3.509216843056033736e-02 -3.016946999999999823e-01 -4.589471098334424459e-01 2.544120491854352795e-02 8.880992599185199010e-01 9.071322399999999675e+00
8.866403370451921839e-01 3.131485956194383913e-02 4.613981927738812772e-01 2.255393999999999899e+00 -1.608913390603068649e-02 9.991895474736502969e-01 -3.689699160576123682e-02 -3.053838999999999859e-01 -4.621796755532872059e-01 2.529086376574623055e-02 8.864255861128110814e-01 9.149194700000000680e+00
8.848440516644678899e-01 3.287687519985610374e-02 4.647258496265316841e-01 2.294694199999999906e+00 -1.859735903989101491e-02 9.992044567658414644e-01 -3.527877288145280649e-02 -3.094593999999999956e-01 -4.655159959343502796e-01 2.257353885355223994e-02 8.847515430180821205e-01 9.226908699999999186e+00
8.827426152461045339e-01 3.171950565400240285e-02 4.687849700977341771e-01 2.333699499999999816e+00 -1.766847359450545926e-02 9.992539394607086178e-01 -3.434224094456617832e-02 -3.128606999999999916e-01 -4.695245470359436513e-01 2.203264471914535144e-02 8.826444710625971357e-01 9.303878799999999671e+00
8.810195938355369627e-01 3.273257848841439749e-02 4.719460282525589356e-01 2.373621899999999840e+00 -1.834313209040593085e-02 9.992168668536524079e-01 -3.505969909003877477e-02 -3.167766000000000193e-01 -4.727240260267921990e-01 2.223131351652296583e-02 8.809300561998952839e-01 9.380133600000000627e+00
8.791142781127899708e-01 3.410445577966423475e-02 4.753892848121432646e-01 2.413031099999999984e+00 -1.983415800149190139e-02 9.991903481957957744e-01 -3.500363193636120418e-02 -3.205264999999999920e-01 -4.761981648374969955e-01 2.134324643387969928e-02 8.790789348159030459e-01 9.454773899999999287e+00
8.770726934925141549e-01 3.503787076669996614e-02 4.790781125682139208e-01 2.452372299999999949e+00 -2.230153664048519641e-02 9.992309542435940939e-01 -3.225122547918739951e-02 -3.244161999999999879e-01 -4.798396938491638619e-01 1.760249111837078329e-02 8.771795828182323840e-01 9.529389399999999455e+00
8.752650124180656466e-01 3.629390577310817600e-02 4.822799088087084685e-01 2.492485799999999863e+00 -2.432371772280460948e-02 9.992217489779132711e-01 -3.105242543927056939e-02 -3.279483000000000259e-01 -4.830315877796655388e-01 1.544826117247123307e-02 8.754666392466375902e-01 9.604078299999999402e+00
8.733309083465252698e-01 3.672576929271330337e-02 4.857410239999206958e-01 2.532677399999999857e+00 -2.493807947750638007e-02 9.992171423572201450e-01 -3.071147361238626972e-02 -3.316443000000000030e-01 -4.864886604213983778e-01 1.470783088457029014e-02 8.735630847237446650e-01 9.678032899999999827e+00
8.716068108019627836e-01 3.650773395824442880e-02 4.888443031527169857e-01 2.573291799999999796e+00 -2.446751530937448654e-02 9.992199276710591604e-01 -3.099801347875223712e-02 -3.352351000000000081e-01 -4.895946364679835128e-01 1.505727419812188765e-02 8.718201479866736214e-01 9.751377099999999132e+00
8.699991913896744089e-01 3.592669948006185082e-02 4.917424928209702117e-01 2.613770699999999891e+00 -2.380137029803703480e-02 9.992392194223759239e-01 -3.089461344792081982e-02 -3.385987999999999776e-01 -4.924783261761356834e-01 1.517414355507594632e-02 8.701924175802278061e-01 9.824505800000000733e+00
8.681985467559603098e-01 3.629033100786849958e-02 4.948881644232140942e-01 2.654729800000000139e+00 -2.466071350709942572e-02 9.992452819876482817e-01 -3.001192487572281603e-02 -3.424245000000000205e-01 -4.956038060993474548e-01 1.385201432155640927e-02 8.684382471304887829e-01 9.897971200000000636e+00
8.661867125563820213e-01 3.913079863748330361e-02 4.981860692439726290e-01 2.695259800000000094e+00 -2.748473701522826523e-02 9.991509142320117443e-01 -3.069266721122374669e-02 -3.459441999999999795e-01 -4.989640951230572274e-01 1.289306741345606737e-02 8.665267454560768856e-01 9.969820000000000348e+00
8.639783243212623143e-01 4.917143835810697944e-02 5.011223650495141291e-01 2.734952700000000014e+00 -3.684888959771159128e-02 9.987262827244034469e-01 -3.446696289072564284e-02 -3.493024000000000129e-01 -5.021788669771353186e-01 1.131290613811859920e-02 8.646897731072519244e-01 1.004093459999999993e+01
8.612306885990120842e-01 6.064838792737096973e-02 5.045824749801390841e-01 2.773666899999999824e+00 -4.454671145131376686e-02 9.980411038224855647e-01 -4.392659308059323336e-02 -3.532869000000000148e-01 -5.062581273561392869e-01 1.535344009027790613e-02 8.622453133321452690e-01 1.011025519999999922e+01
8.596595105581155138e-01 4.635048790560233889e-02 5.087604133360749126e-01 2.856129199999999813e+00 -2.729542669375339611e-02 9.986204261151190309e-01 -4.485759943715157683e-02 -3.629845999999999906e-01 -5.101377123763611854e-01 2.467542941005522461e-02 8.597387030923071549e-01 1.025017260000000086e+01
8.581588406276953185e-01 4.175788136000058853e-02 5.116831867443506487e-01 2.897465200000000074e+00 -2.835894695101547763e-02 9.990205164456661402e-01 -3.396730558145660828e-02 -3.672910999999999815e-01 -5.126004041944948186e-01 1.463854722841986464e-02 8.585024976985693446e-01 1.032123570000000079e+01
8.558562734663363036e-01 4.241920460722554270e-02 5.154712894515137700e-01 2.937907200000000163e+00 -3.423317093796814786e-02 9.990915929303222365e-01 -2.537871043775223254e-02 -3.701424999999999854e-01 -5.160795763986866236e-01 4.074311775227316967e-03 8.565309514592631679e-01 1.039049050000000030e+01
8.534143203130544197e-01 4.565177251520231155e-02 5.192301161824374178e-01 2.978481500000000004e+00 -3.986620513785182202e-02 9.989560287089891411e-01 -2.230556867403025653e-02 -3.726271999999999918e-01 -5.197063435946437382e-01 -1.663842596335996654e-03 8.543433431913076692e-01 1.045953560000000060e+01
