1.000000000000000000e+00 0.000000000000000000e+00 0.000000000000000000e+00 0.000000000000000000e+00 0.000000000000000000e+00 1.000000000000000000e+00 0.000000000000000000e+00 0.000000000000000000e+00 0.000000000000000000e+00 0.000000000000000000e+00 1.000000000000000000e+00 0.000000000000000000e+00
9.998964665582271705e-01 -2.353935209100230762e-03 1.419560331242114386e-02 6.721999999999999677e-04 2.346342867715545642e-03 9.999970952745730335e-01 5.514685518898201390e-04 -2.618000000000000210e-04 -1.419686019933225594e-02 -5.181037038675948610e-04 9.998990852726252765e-01 4.187670000000000281e-02
9.996196010300228973e-01 -2.829213325545715512e-03 2.743444529303171522e-02 1.853999999999999962e-03 2.787450862632238121e-03 9.999948976409572809e-01 1.560387688945262920e-03 -6.558999999999999509e-04 -2.743871998228427159e-02 -1.483321950877724985e-03 9.996223869050372413e-01 8.409039999999999571e-02
9.991983614512144340e-01 -2.733058118791426797e-03 3.993951510130613197e-02 3.222200000000000151e-03 2.677856034386651238e-03 9.999953840960885687e-01 1.435574301564374608e-03 -1.000400000000000031e-03 -3.994325425234217936e-02 -1.327471218340085151e-03 9.992010679837652898e-01 1.262645000000000017e-01
9.986979410861249740e-01 -3.057043617120712778e-03 5.092226384065938471e-02 5.406700000000000395e-03 3.131339751727925912e-03 9.999941461107241247e-01 -1.379295342911873159e-03 -1.498100000000000039e-03 -5.091774918134100991e-02 1.536954328128002948e-03 9.987016674611589595e-01 1.690165999999999891e-01
9.975002908454807526e-01 -4.023448758287792582e-03 7.054772585470485413e-02 1.080369999999999941e-02 4.547930185514898957e-03 9.999631919619669240e-01 -7.275372998135416769e-03 -2.294299999999999985e-03 -7.051585704087302842e-02 7.578032813583478536e-03 9.974818731808950956e-01 2.555939999999999879e-01
9.969514073959120370e-01 -3.770648847384026371e-03 7.793377636544986109e-02 1.427630000000000045e-02 4.436614137826539427e-03 9.999550961694229079e-01 -8.373893944411386209e-03 -2.781200000000000165e-03 -7.789870182681009336e-02 8.694127447302201633e-03 9.969233693728057899e-01 3.006512000000000073e-01
9.964836770410867572e-01 -3.164929832607789057e-03 8.372732295869660113e-02 1.790589999999999890e-02 3.952326358245890348e-03 9.999494974696867544e-01 -9.240217880487431451e-03 -3.281699999999999808e-03 -8.369384987580107127e-02 9.538643995643934781e-03 9.964458609295796521e-01 3.461668999999999996e-01
9.960439867796843094e-01 -4.181619042385258632e-03 8.876311431116176709e-02 2.208689999999999959e-02 5.160186205713725334e-03 9.999283866414832023e-01 -1.079787325738875564e-02 -3.900799999999999840e-03 -8.871160509400319305e-02 1.121319092607588053e-02 9.959942346574607308e-01 3.927335000000000131e-01
9.956377610938776934e-01 -2.596212072610042630e-03 9.326686639340198148e-02 2.641869999999999982e-02 3.789881041789107917e-03 9.999131371925014111e-01 -1.262358394193650174e-02 -4.653400000000000244e-03 -9.322599147051077728e-02 1.292198718170171554e-02 9.955611165376118121e-01 4.397992000000000012e-01
9.952706219191225223e-01 -3.448890158978464536e-03 9.707983467947584044e-02 3.123309999999999975e-02 4.782765070158082922e-03 9.998972887539935295e-01 -1.351062917470839848e-02 -5.483499999999999659e-03 -9.702326681269154984e-02 1.391104234355238813e-02 9.951848916648148302e-01 4.879960999999999882e-01
9.949498223682186060e-01 -3.337985169221017318e-03 1.003180383802449865e-01 3.590320000000000317e-02 4.616191412061369792e-03 9.999110649618206947e-01 -1.251211188268990838e-02 -6.048399999999999783e-03 -1.002673513477714967e-01 1.291201076237933308e-02 9.948767452462514704e-01 5.370196999999999887e-01
9.947279083797514465e-01 -4.335196527149205725e-03 1.024577686733210008e-01 4.090789999999999704e-02 5.438953469074334773e-03 9.999301246250220654e-01 -1.049588741122817193e-02 -7.012299999999999957e-03 -1.024051076636610519e-01 1.099781516751973873e-02 9.946819803263428073e-01 5.863871999999999973e-01
9.945071067845909774e-01 -4.124466350991774950e-03 1.045877781208767593e-01 4.649140000000000217e-02 5.131489043029793633e-03 9.999430159055088252e-01 -9.361237204382803767e-03 -7.814700000000000812e-03 -1.045432081731925561e-01 9.846507965517125455e-03 9.944716003515342573e-01 6.363847999999999727e-01
9.941649210518567203e-01 -6.404535168204984058e-03 1.076805074246715566e-01 5.737699999999999745e-02 7.484584329479199855e-03 9.999256292055389572e-01 -9.628969587755864187e-03 -9.281599999999999226e-03 -1.076108300654280703e-01 1.037872762848310489e-02 9.941389195004103341e-01 7.358521999999999563e-01
9.940770507040044279e-01 -9.083330480372154084e-03 1.082973239328312992e-01 6.300060000000000382e-02 1.029560641070541814e-02 9.998903886819811015e-01 -1.064007095994139868e-02 -9.942299999999999402e-03 -1.081888060395533452e-01 1.169203698168496883e-02 9.940616070037887608e-01 7.876064999999999872e-01
9.940855042081319093e-01 -8.096326548178973612e-03 1.082980139231057293e-01 6.847229999999999983e-02 9.348329607737562372e-03 9.998951590059390604e-01 -1.105801655057572254e-02 -1.073939999999999964e-02 -1.081971305387025850e-01 1.200501948823747868e-02 9.940569704248735095e-01 8.399459000000000231e-01
9.941332777338405258e-01 -7.895159159541744950e-03 1.078735026038195877e-01 7.348929999999999352e-02 9.301596821166121729e-03 9.998780956988079227e-01 -1.254089463722526596e-02 -1.156989999999999928e-02 -1.077613400007035871e-01 1.347071652032724026e-02 9.940855261986675240e-01 8.921854000000000173e-01
9.944296471220757105e-01 -7.401260032405786171e-03 1.051422763430419349e-01 8.536570000000000269e-02 8.652851979108439756e-03 9.998969774661434773e-01 -1.145262444587098576e-02 -1.368190000000000031e-02 -1.050466804677402666e-01 1.229860984027199809e-02 9.943912404676065186e-01 1.000157500000000033e+00
9.946378223094628490e-01 -7.409222272452422632e-03 1.031537971031934314e-01 9.644149999999999945e-02 8.748332951787987991e-03 9.998831593363116665e-01 -1.253532393680343270e-02 -1.556229999999999940e-02 -1.030488675437729457e-01 1.337053106474576751e-02 9.945864265095278878e-01 1.111256500000000091e+00
9.948023376368598791e-01 -8.241685635018026340e-03 1.014908057418633519e-01 1.076055999999999957e-01 9.577527520884757811e-03 9.998737115013064392e-01 -1.268195628398809810e-02 -1.778630000000000141e-02 -1.013734679234453290e-01 1.358807074222928915e-02 9.947556405141306790e-01 1.225221300000000069e+00
9.948718680803977366e-01 -1.064476263490457021e-02 1.005815844509632961e-01 1.137589999999999990e-01 1.180482691108392275e-02 9.998704136015105215e-01 -1.094541300928306496e-02 -1.855920000000000139e-02 -1.004520391222551157e-01 1.207663168234312037e-02 9.948686057984692521e-01 1.283535000000000093e+00
9.949514774695281671e-01 -1.214727462457732693e-02 9.961928126822691687e-02 1.196813000000000043e-01 1.307974873225197648e-02 9.998764979387712026e-01 -8.712579572065609970e-03 -1.954480000000000106e-02 -9.950114398490178536e-02 9.971589085673452160e-03 9.949874822111091088e-01 1.341707100000000041e+00
9.950399884762176628e-01 -1.588622197110187498e-02 9.819902893987093873e-02 1.310663999999999996e-01 1.708739603122090903e-02 9.997889729006610438e-01 -1.140309445341276991e-02 -2.143660000000000010e-02 -9.799715419399150640e-02 1.302450067089396153e-02 9.951014622399833032e-01 1.457868699999999906e+00
9.951097158672171927e-01 -1.545200650061365547e-02 9.755966831519634341e-02 1.367179000000000033e-01 1.659459184406586116e-02 9.998027645422210563e-01 -1.091107397376327864e-02 -2.242409999999999889e-02 -9.737182810338416983e-02 1.247667859797089301e-02 9.951698646879174603e-01 1.518691199999999908e+00
9.950981862225277697e-01 -1.576910992208875942e-02 9.762650740910709668e-02 1.422983999999999916e-01 1.690701661089441879e-02 9.997983098309773942e-01 -1.083939336124641398e-02 -2.353440000000000046e-02 -9.743588951692440381e-02 1.243683365595819532e-02 9.951640933045462489e-01 1.579377999999999949e+00
9.951371093946659308e-01 -1.723260193695478823e-02 9.698026054878956803e-02 1.544325000000000003e-01 1.823971325788617884e-02 9.997884358543088767e-01 -9.507701734092360163e-03 -2.565680000000000044e-02 -9.679590056349875182e-02 1.123035896473633527e-02 9.952408917802887389e-01 1.702180299999999979e+00
9.951429477995411554e-01 -1.824246699424482074e-02 9.673533916208477967e-02 1.608642000000000127e-01 1.922826297863619235e-02 9.997721615014317775e-01 -9.268170778498107179e-03 -2.651370000000000116e-02 -9.654422482812781425e-02 1.108320732996030504e-02 9.952669868771981676e-01 1.765003199999999994e+00
9.951053922041949162e-01 -1.857847422469202647e-02 9.705719294116248175e-02 1.730257000000000045e-01 1.976021118445826091e-02 9.997416928172148110e-01 -1.122861064047176761e-02 -2.860359999999999986e-02 -9.682351191772169130e-02 1.309152162478293725e-02 9.952154639079251464e-01 1.890329399999999938e+00
9.949932655985289642e-01 -1.747727670364734517e-02 9.840196244282654880e-02 1.790317999999999909e-01 1.872180248468678296e-02 9.997558250184895856e-01 -1.173816226346993154e-02 -2.986259999999999956e-02 -9.817278403559549782e-02 1.352165450761553221e-02 9.950775192587143492e-01 1.954462200000000038e+00
9.947653948041658145e-01 -1.555875470612425038e-02 1.009937347170946076e-01 1.911503999999999981e-01 1.682015507163784479e-02 9.997906541476297981e-01 -1.165033314633404093e-02 -3.233729999999999938e-02 -1.007913274219477684e-01 1.328807853111842879e-02 9.948188454615606302e-01 2.083496300000000190e+00
9.946942292746032699e-01 -1.399834091736049807e-02 1.019187750091430228e-01 2.047171000000000129e-01 1.517719136178599312e-02 9.998264882144578536e-01 -1.080029291789306491e-02 -3.438179999999999709e-02 -1.017499047182389010e-01 1.228982979157617304e-02 9.947340936016637603e-01 2.215819100000000041e+00
9.945045516462837076e-01 -1.411419904039098137e-02 1.037375830655052344e-01 2.115574000000000066e-01 1.537944669655099718e-02 9.998166614635386473e-01 -1.140684352534574938e-02 -3.570879999999999888e-02 -1.035575655089106539e-01 1.293958443505825728e-02 9.945392892090868520e-01 2.282021799999999878e+00
9.942235253479706492e-01 -1.243962332231221025e-02 1.066059914650774182e-01 2.181454999999999922e-01 1.384456501016968245e-02 9.998266616827710118e-01 -1.244887978755164666e-02 -3.691520000000000218e-02 -1.064326531865684572e-01 1.385288272832455210e-02 9.942234094889250695e-01 2.348986099999999855e+00
9.937662487836846914e-01 -1.328732321326894436e-02 1.106891585487476820e-01 2.253466000000000080e-01 1.485121703582131109e-02 9.998010403288314363e-01 -1.331619727779970695e-02 -3.808140000000000136e-02 -1.104901992529591231e-01 1.487705613394241753e-02 9.937658622984736345e-01 2.416844100000000051e+00
9.932270953913125977e-01 -1.086810814169287751e-02 1.156798219481559725e-01 2.323187999999999920e-01 1.241823813601915932e-02 9.998423897073950295e-01 -1.268791179835256598e-02 -3.937480000000000147e-02 -1.155236960200534818e-01 1.403851735854338111e-02 9.932055153331762476e-01 2.485058299999999942e+00
9.926836763311672751e-01 -9.042382296907186187e-03 1.204049586521873383e-01 2.404786999999999897e-01 1.055209317199574427e-02 9.998734312218542364e-01 -1.190692514150337201e-02 -4.075129999999999725e-02 -1.202820521745779081e-01 1.309033456533574731e-02 9.926534496316625766e-01 2.553748600000000035e+00
9.920874304199402971e-01 -7.365509841487800566e-03 1.253326759769179954e-01 2.481257000000000046e-01 9.052742339436233368e-03 9.998758395193886317e-01 -1.289780607442599265e-02 -4.227530000000000177e-02 -1.252221156940576119e-01 1.393035570876306924e-02 9.920309304305644504e-01 2.621873400000000132e+00
9.914930200101776947e-01 -8.144063544264718360e-03 1.299048324739472682e-01 2.571395000000000208e-01 1.010088992885037514e-02 9.998451243425834356e-01 -1.441177820426700097e-02 -4.377099999999999741e-02 -1.297673429401348943e-01 1.560133190951063474e-02 9.914217241663139113e-01 2.691202399999999884e+00
9.908682875728607176e-01 -7.912739643625368510e-03 1.346009852629572456e-01 2.661140000000000172e-01 1.012971508395187938e-02 9.998239562073741871e-01 -1.579384266582318716e-02 -4.570550000000000307e-02 -1.344523170300333248e-01 1.701308746721236567e-02 9.907740051596470865e-01 2.760147799999999929e+00
9.901942978607325418e-01 -6.648895466456575774e-03 1.395386852208623796e-01 2.752756000000000092e-01 9.002834306482658186e-03 9.998275095216204722e-01 -1.624500471664419576e-02 -4.724060000000000065e-02 -1.394066047880831438e-01 1.734195470152965352e-02 9.900833576768115485e-01 2.829685200000000123e+00
9.894414533738848938e-01 -4.881813663415798463e-03 1.448508827751143757e-01 2.845795999999999881e-01 7.310644692496058583e-03 9.998413916873758467e-01 -1.624025685854797729e-02 -4.878609999999999891e-02 -1.447486263131858575e-01 1.712773668665017179e-02 9.893202089396730958e-01 2.899218100000000131e+00
9.885910053398746511e-01 -2.728302759161660342e-03 1.506000681445739675e-01 2.944678000000000018e-01 5.133325876722752770e-03 9.998653980577961731e-01 -1.558315539832468184e-02 -5.075469999999999982e-02 -1.505372815170359646e-01 1.617844648844004446e-02 9.884719443376637216e-01 2.969269999999999854e+00
9.876661182793321503e-01 -1.926901318329668142e-03 1.565628495344463245e-01 3.044601000000000113e-01 4.328336810479839827e-03 9.998781404274452722e-01 -1.499899315984822186e-02 -5.245949999999999919e-02 -1.565148692728307589e-01 1.549165409707910744e-02 9.875541019862380532e-01 3.039254699999999865e+00
9.867535260531548058e-01 -2.128688826188282826e-03 1.622126613601635736e-01 3.151975000000000193e-01 4.593942364565377183e-03 9.998795636550983357e-01 -1.482409789636660556e-02 -5.398039999999999783e-02 -1.621615691685822924e-01 1.537292648688825571e-02 9.866444641389378045e-01 3.109409299999999821e+00
9.857720851311184695e-01 -2.647201598751303814e-03 1.680666192316087326e-01 3.266094999999999970e-01 5.434817463593928644e-03 9.998551556058350442e-01 -1.612856371686150966e-02 -5.567790000000000239e-02 -1.679995801643099085e-01 1.681249928258781237e-02 9.856436886281414456e-01 3.180519299999999827e+00
9.847657329019846584e-01 -2.407538196350849508e-03 1.738696496282493009e-01 3.384448999999999930e-01 5.468785654860012016e-03 9.998383209112412517e-01 -1.712963574776231457e-02 -5.750000000000000250e-02 -1.738002982893822601e-01 1.781953414719169432e-02 9.846196831859999055e-01 3.251456000000000124e+00
9.836930810583119911e-01 -3.016012909839296124e-03 1.798299917814961679e-01 3.510168000000000177e-01 6.179112991029092616e-03 9.998358542872497479e-01 -1.703182445686713883e-02 -5.916930000000000106e-02 -1.797491052568813141e-01 1.786527771441364168e-02 9.835502483409465091e-01 3.322649199999999858e+00
9.825853761230963768e-01 -2.467605446581105748e-03 1.857952893708374464e-01 3.636890999999999874e-01 5.707058474315592107e-03 9.998408498577810999e-01 -1.690279382945150677e-02 -6.106339999999999685e-02 -1.857240105979944822e-01 1.766878261313451631e-02 9.824430802893192594e-01 3.394409399999999799e+00
9.815439659609596079e-01 -1.839497384094354029e-03 1.912277676881798671e-01 3.769000000000000128e-01 5.263614080341650660e-03 9.998347615337569438e-01 -1.739954009589272585e-02 -6.317520000000000080e-02 -1.911641630966531558e-01 1.808496276217508650e-02 9.813914595458057555e-01 3.465678200000000153e+00
9.806472151165358531e-01 -5.548205220688696114e-04 1.957823578833674250e-01 3.911992000000000247e-01 4.201392243053457543e-03 9.998253416645939140e-01 -1.821083382214923677e-02 -6.491619999999999335e-02 -1.957380591183091323e-01 1.868096195237856430e-02 9.804782679249607336e-01 3.537010700000000174e+00
9.797035188294904717e-01 -1.924497037608691391e-03 2.004427886062914443e-01 4.052736000000000116e-01 5.521529390533846428e-03 9.998335724659085377e-01 -1.738792923979860100e-02 -6.659020000000000217e-02 -2.003759663889451703e-01 1.814176620979907756e-02 9.795510953556662015e-01 3.609083699999999784e+00
9.788141234098033383e-01 -3.988427634387860070e-03 2.047120032106165000e-01 4.198669999999999902e-01 7.512938337634147458e-03 9.998365852440346258e-01 -1.644258389314325053e-02 -6.871099999999999430e-02 -2.046129701925885058e-01 1.763222199705408860e-02 9.786841355495722317e-01 3.681223600000000040e+00
9.780564578274409948e-01 -5.471751396844259235e-03 2.082681570444469832e-01 4.348867000000000149e-01 9.207655641667209304e-03 9.998135556496353660e-01 -1.697271389077389947e-02 -7.055509999999999560e-02 -2.081364561522650869e-01 1.851793389891885633e-02 9.779244867291603249e-01 3.752831899999999887e+00
9.774533707385995029e-01 -6.204674585009467384e-03 2.110602047877433163e-01 4.505455999999999905e-01 1.010987813220260920e-02 9.997969935894899240e-01 -1.742876856148078274e-02 -7.240340000000000664e-02 -2.109092183758264072e-01 1.916960152720413590e-02 9.773176699422692071e-01 3.824556600000000195e+00
9.765777100264251276e-01 -5.367704212459646282e-03 2.150980335359462259e-01 4.656592999999999982e-01 9.248154225674353954e-03 9.998120710042018855e-01 -1.703802563992551714e-02 -7.444839999999999791e-02 -2.149661552965062838e-01 1.862821585058968207e-02 9.764438241144557384e-01 3.897481899999999833e+00
9.757900388922325918e-01 -3.963339138004836476e-03 2.186734824837535673e-01 4.817266000000000048e-01 8.140574698497391251e-03 9.998011355697581370e-01 -1.820495418836327178e-02 -7.623549999999999771e-02 -2.185578436988100948e-01 1.954434077423386484e-02 9.756282528204209825e-01 3.969684099999999827e+00
9.746739976667536665e-01 -2.475522634678654649e-03 2.236167928846001796e-01 4.975247999999999893e-01 7.008561726728002386e-03 9.997856804998748181e-01 -1.948007006981422595e-02 -7.804200000000000026e-02 -2.235206440909466297e-01 2.055394986583897882e-02 9.744824558759798139e-01 4.041860100000000067e+00
9.736700825977564477e-01 -1.643278966353693867e-03 2.279558507437719206e-01 5.142501999999999907e-01 6.239114269693362726e-03 9.997915206023280099e-01 -1.944193366963046024e-02 -7.995670000000000555e-02 -2.278763781246485320e-01 2.035227176320475104e-02 9.734773450506533088e-01 4.114729900000000384e+00
9.727322431352444232e-01 -1.618503873811781048e-03 2.319253405953864977e-01 5.318192999999999948e-01 6.433601029810683165e-03 9.997791490823139116e-01 -2.000654487994871916e-02 -8.217119999999999980e-02 -2.318417390006916046e-01 2.095312638855213044e-02 9.725278271348745118e-01 4.186087599999999576e+00
9.715427443058711754e-01 -5.134987460535130575e-04 2.368637420663081694e-01 5.483325999999999478e-01 5.533077188139539498e-03 9.997739763102119204e-01 -2.052757534873331235e-02 -8.440739999999999355e-02 -2.367996643651482103e-01 2.125400225617837119e-02 9.713259938582141650e-01 4.256450199999999739e+00
9.707737681717079070e-01 5.374520010733648163e-04 2.399958378285955152e-01 5.686276999999999582e-01 4.453905270821244960e-03 9.997849295116109092e-01 -2.025481299103088981e-02 -8.694159999999999389e-02 -2.399551077963157919e-01 2.073175985799626322e-02 9.705625896229715943e-01 4.325570100000000195e+00
9.696265079925767694e-01 1.315006828673253355e-03 2.445868061755619716e-01 5.858638999999999930e-01 3.582674252757060609e-03 9.998019070149347653e-01 -1.957833431368212473e-02 -8.924940000000000651e-02 -2.445641008883356060e-01 1.985994678593611118e-02 9.694297205421028574e-01 4.398091800000000440e+00
9.686021077601568718e-01 5.838876544894608389e-04 2.486153975878974687e-01 6.041104999999999947e-01 4.372405218557150891e-03 9.998025726813489777e-01 -1.938292373097164067e-02 -9.148109999999999575e-02 -2.485776315664507408e-01 1.986138804220047988e-02 9.684083262497544808e-01 4.470872400000000191e+00
9.676166180546081907e-01 -5.962073514170782365e-04 2.524237013462812818e-01 6.230537999999999910e-01 5.852588639401774297e-03 9.997813803567215940e-01 -2.007333301239076426e-02 -9.353749999999999565e-02 -2.523565486980285377e-01 2.090062268934846437e-02 9.674085674111104760e-01 4.543872799999999934e+00
9.665040873510880592e-01 -5.441475289012561584e-04 2.566506439444621313e-01 6.409116000000000257e-01 6.148690027721863925e-03 9.997598265395961636e-01 -2.103527628674113983e-02 -9.576389999999999902e-02 -2.565775569775798903e-01 2.190874576472444032e-02 9.662753045144191200e-01 4.616069300000000375e+00
9.656151994560112639e-01 -3.611331002517348919e-04 2.599752991389980838e-01 6.603993000000000224e-01 6.519658013430537288e-03 9.997181719314567339e-01 -2.282697460054926991e-02 -9.788639999999999841e-02 -2.598937872264659443e-01 2.373702367421225840e-02 9.653454164537035309e-01 4.689274300000000117e+00
9.646806110820593805e-01 -6.744076823430237948e-04 2.634214565608171688e-01 6.797024999999999872e-01 7.129963214057774556e-03 9.996972026686419266e-01 -2.355136091733275178e-02 -1.001389000000000029e-01 -2.633258100280158054e-01 2.459772653661883302e-02 9.643933168693772373e-01 4.761896600000000035e+00
9.638136804388354184e-01 -7.936773436503842018e-04 2.665756168054772002e-01 6.993222999999999523e-01 7.611344468605596089e-03 9.996698055528794313e-01 -2.454276474337093936e-02 -1.024935000000000013e-01 -2.664681159807428812e-01 2.568365126189032718e-02 9.635014754651550772e-01 4.834669100000000164e+00
9.628449727756109855e-01 -4.684852268847499585e-04 2.700543258722679085e-01 7.195894999999999930e-01 7.312782987013836423e-03 9.996770258834088985e-01 -2.433859334240639355e-02 -1.051239999999999952e-01 -2.699557030435136284e-01 2.540914092397416474e-02 9.625374247019113927e-01 4.908950299999999878e+00
9.616677876991721607e-01 -3.170886684732846308e-04 2.742170044992766065e-01 7.400461999999999874e-01 7.344976935399041666e-03 9.996703280414881432e-01 -2.460257196396263210e-02 -1.072966000000000059e-01 -2.741188016455609611e-01 2.567361852563502037e-02 9.613530818051200244e-01 4.982851000000000141e+00
9.605544982074677440e-01 -2.162512281593205465e-03 2.780834038809791298e-01 7.610286000000000550e-01 9.351663172082830267e-03 9.996553860781879353e-01 -2.452866651053301622e-02 -1.098925000000000041e-01 -2.779345289259967378e-01 2.616166327856454810e-02 9.602437008411892627e-01 5.056151899999999699e+00
9.595926749503257414e-01 -4.267711484734540255e-03 2.813604180057341364e-01 7.820776999999999868e-01 1.148301617276965489e-02 9.996459932225414402e-01 -2.400059527791701536e-02 -1.122815999999999953e-01 -2.811583868947435394e-01 2.626166165347362108e-02 9.593019788397937342e-01 5.129355399999999676e+00
9.587454940404241954e-01 -4.898960613800577152e-03 2.842236405404863220e-01 8.032685999999999993e-01 1.205882946733307509e-02 9.996523593015050890e-01 -2.344664527842929211e-02 -1.145754999999999968e-01 -2.840099686438152249e-01 2.590676992292056599e-02 9.584712708178060314e-01 5.202939500000000272e+00
9.578945126859251813e-01 -4.919847813768534958e-03 2.870782082702958982e-01 8.249296000000000406e-01 1.200463178285049275e-02 9.996651342716503796e-01 -2.292396426016522770e-02 -1.170119000000000020e-01 -2.868692932015419195e-01 2.540500775698590480e-02 9.576328076036844106e-01 5.276386699999999763e+00
9.570909664180154985e-01 -3.961629444055704899e-03 2.897605692518860354e-01 8.470421000000000200e-01 1.125642779429335966e-02 9.996601579255296466e-01 -2.351300681786378313e-02 -1.195438999999999946e-01 -2.895689465988038891e-01 2.576575534411983462e-02 9.568103004343160300e-01 5.350640300000000238e+00
9.562779989671057468e-01 -2.856100452821290318e-03 2.924452621973410715e-01 8.690288999999999930e-01 1.090999578247059398e-02 9.996046763950112712e-01 -2.591260159172231042e-02 -1.219401999999999986e-01 -2.922556426888874292e-01 2.797022737534055059e-02 9.559311197450772735e-01 5.423691700000000004e+00
9.553014231496532727e-01 -1.541433254467532155e-03 2.956295230719845346e-01 8.918257000000000545e-01 1.029749806988971422e-02 9.995530941424618510e-01 -2.806374037314666309e-02 -1.244368000000000002e-01 -2.954541461238064937e-01 2.985357556060556916e-02 9.548903662538960058e-01 5.498224699999999743e+00
9.542511927376865488e-01 -4.516329639094153817e-04 2.990057811922178788e-01 9.144274000000000013e-01 9.693479307531401024e-03 9.995199529629564816e-01 -2.942618031351850599e-02 -1.273108000000000017e-01 -2.988489545198661501e-01 3.097837401470829310e-02 9.537974851748078908e-01 5.572760599999999620e+00
9.518721785354276044e-01 1.102911456701159785e-03 3.064932940808616779e-01 9.603428999999999993e-01 8.745859568912314752e-03 9.994885801469258757e-01 -3.075854509372825951e-02 -1.330465000000000120e-01 -3.063704712772099548e-01 3.195875063579187159e-02 9.513757262970184980e-01 5.721690699999999907e+00
9.507391605592487860e-01 1.139193870895881602e-03 3.099899205077794040e-01 9.843174999999999564e-01 8.516126034214465193e-03 9.995198368829192326e-01 -2.979213444706159050e-02 -1.361136000000000013e-01 -3.098750137982477781e-01 3.096446212784799076e-02 9.502729491618020496e-01 5.796462100000000284e+00
9.495180075253286667e-01 1.176521522975838667e-03 3.137103268657822075e-01 1.008359900000000087e+00 8.337958603566175686e-03 9.995450582169417286e-01 -2.898542807025144413e-02 -1.391866999999999965e-01 -3.136017089102914324e-01 3.013788962745198724e-02 9.490762223221843596e-01 5.870953599999999994e+00
9.481595193339523719e-01 1.008246249376939640e-03 3.177931864214668667e-01 1.032688700000000015e+00 8.483003157379927911e-03 9.995583405004372368e-01 -2.848091630274601077e-02 -1.423779000000000017e-01 -3.176815458188285146e-01 2.970029251560931532e-02 9.477322027190206999e-01 5.945632500000000320e+00
9.469622523920138146e-01 2.269264162795215246e-03 3.213368061470757708e-01 1.057589399999999902e+00 7.485681481234079601e-03 9.995479320238130905e-01 -2.911865655692634156e-02 -1.453419999999999990e-01 -3.212576179912399188e-01 2.997969357879052069e-02 9.465171740943301160e-01 6.020170199999999916e+00
9.457041223037565558e-01 3.023033349214157214e-03 3.250147294001473619e-01 1.082756499999999900e+00 7.084260108911465126e-03 9.995274883355816931e-01 -2.991008726621716129e-02 -1.484862000000000126e-01 -3.249515753406816976e-01 3.058858170842478769e-02 9.452358501203158569e-01 6.095736999999999739e+00
9.434520326569685311e-01 2.051199733048056795e-03 3.315027219422029270e-01 1.133960499999999927e+00 8.676621861033193342e-03 9.994855021947666174e-01 -3.087793930228910008e-02 -1.548043000000000058e-01 -3.313955013401887473e-01 3.200817836319887200e-02 9.429488311723784877e-01 6.245918800000000104e+00
9.416656973289780908e-01 -1.159542769373141102e-03 3.365477231158986449e-01 1.185699300000000012e+00 1.164712485235290355e-02 9.995073316390902241e-01 -2.914512793555027945e-02 -1.611628999999999978e-01 -3.363481216784230954e-01 3.136478057107820044e-02 9.412152737727564888e-01 6.393853199999999681e+00
9.398080430903588134e-01 -2.136054657611536484e-03 3.416961799803589495e-01 1.238524200000000075e+00 1.336043209876971831e-02 9.994455030201646606e-01 -3.049894009476573215e-02 -1.669001999999999986e-01 -3.414415630774969568e-01 3.322835781782845083e-02 9.393154609820525414e-01 6.542115199999999575e+00
9.377590549489455141e-01 -2.792189283614635725e-04 3.472864479043926700e-01 1.292442300000000044e+00 1.219181507931605887e-02 9.994097425666479406e-01 -3.211738015371368854e-02 -1.736335999999999991e-01 -3.470724917165464163e-01 3.435241621278545959e-02 9.372089398816100259e-01 6.691058599999999856e+00
9.367429711239954049e-01 2.449253008595421444e-04 3.500179224859585325e-01 1.320111999999999952e+00 1.225403628914526616e-02 9.993637783890372273e-01 -3.349443294954580763e-02 -1.768971000000000016e-01 -3.498034371535159170e-01 3.566480696126515804e-02 9.361439936783240157e-01 6.765651199999999754e+00
9.356909224698213290e-01 2.480248834003218918e-03 3.528120547448688749e-01 1.347417499999999935e+00 1.024818175967055420e-02 9.993623064730452477e-01 -3.420460746004763686e-02 -1.801427999999999918e-01 -3.526719047190968181e-01 3.562062277103836272e-02 9.350688203844719215e-01 6.839584399999999675e+00
9.346942493120455886e-01 2.289923032428167922e-03 3.554453777382640678e-01 1.375096300000000049e+00 1.087080507796477080e-02 9.993273322027970140e-01 -3.502440162797439832e-02 -1.836836000000000024e-01 -3.552864842629797626e-01 3.660108420451934491e-02 9.340406172833733978e-01 6.913323899999999966e+00
9.337122851857615480e-01 2.575410041649591961e-04 3.580241642205370667e-01 1.403305599999999931e+00 1.271297369030968336e-02 9.993452592908795840e-01 -3.387378090491221377e-02 -1.871005000000000029e-01 -3.577984751129221763e-01 3.617991715683820803e-02 9.330976716300345419e-01 6.987472099999999742e+00
9.326954291232121275e-01 -8.289708105265764654e-04 3.606640393774551145e-01 1.431405800000000061e+00 1.341807229676392731e-02 9.993848186974170211e-01 -3.240276983484447620e-02 -1.909032999999999980e-01 -3.604153046535427118e-01 3.506133147110054166e-02 9.321327755244783742e-01 7.060699900000000362e+00
9.314617929826838338e-01 3.662642977901326563e-05 3.638391497241445505e-01 1.459664099999999909e+00 1.249758278773544645e-02 9.994066663238212467e-01 -3.209557184363505400e-02 -1.942518000000000022e-01 -3.636244472501093394e-01 3.444290879137361372e-02 9.309086675909949982e-01 7.134383200000000258e+00
9.290517638098909625e-01 3.055954299703294783e-03 3.699371315575778474e-01 1.518151299999999981e+00 9.847144348208386119e-03 9.994073117253216010e-01 -3.298573961807416133e-02 -2.007780000000000120e-01 -3.698186770701503145e-01 3.428828390695522199e-02 9.284710332998008520e-01 7.283667600000000242e+00
9.260769094510631350e-01 4.103436420729064671e-03 3.773124959381926047e-01 1.576324199999999953e+00 8.947024463086801147e-03 9.994209447052604389e-01 -3.282873798521253328e-02 -2.077276999999999874e-01 -3.772287217787432256e-01 3.377776034591169207e-02 9.255039461672703860e-01 7.431183800000000339e+00
9.228168551377022855e-01 4.804475145236668937e-03 3.852089937843348744e-01 1.635766000000000053e+00 8.347537767059815331e-03 9.994380795596975453e-01 -3.246295949619001225e-02 -2.143461999999999867e-01 -3.851485044589793572e-01 3.317291281456252044e-02 9.222581999464189995e-01 7.577971500000000304e+00
9.196016672166135164e-01 5.863247969126723566e-03 3.928083450942423394e-01 1.697203400000000029e+00 7.949282338540697435e-03 9.994061765858678337e-01 -3.352764698453051390e-02 -2.209878999999999871e-01 -3.927716672097505413e-01 3.395462450491338463e-02 9.190089776014178646e-01 7.724371900000000402e+00
9.166082672766864281e-01 5.424263997836011215e-03 3.997497488681041600e-01 1.759281799999999896e+00 8.824135797765985528e-03 9.993898565840018122e-01 -3.379421821008540827e-02 -2.278834999999999888e-01 -3.996891529519573383e-01 3.450350586665162922e-02 9.160011403352381620e-01 7.869562600000000074e+00
9.132142057948566816e-01 6.986537896196415819e-03 4.074199340026137817e-01 1.821417000000000064e+00 7.890508570890773093e-03 9.993623269052558378e-01 -3.482354716288159346e-02 -2.352665999999999924e-01 -4.074034293043713451e-01 3.501610844651002752e-02 9.125767463289322645e-01 8.014118200000000414e+00
9.098943700141065571e-01 5.343792921429488252e-03 4.148055921679999480e-01 1.886529899999999982e+00 1.036069236542516703e-02 9.993123966013565118e-01 -3.560042208404628344e-02 -2.425258000000000136e-01 -4.147106117165815231e-01 3.669029675631024084e-02 9.092133581583548008e-01 8.160697900000000615e+00
9.068235949359489956e-01 2.943120590998046099e-03 4.215000660837777136e-01 1.951178400000000090e+00 1.410180152327568034e-02 9.992040172662204345e-01 -3.731582871711352362e-02 -2.492102999999999957e-01 -4.212743842927554883e-01 3.978278421922801927e-02 9.060602757093626503e-01 8.305768000000000484e+00
9.039955156414348769e-01 1.425943341172606488e-03 4.275395588548082104e-01 2.017279100000000103e+00 1.748248775229657020e-02 9.990347823428851193e-01 -4.029722435968757788e-02 -2.571192999999999951e-01 -4.271843516822299014e-01 4.390296521525582918e-02 9.030980341707874892e-01 8.450648299999999224e+00
9.012213075761976722e-01 2.392451274845636133e-04 4.333590861311408249e-01 2.086443899999999907e+00 1.960921552668870929e-02 9.989530585357261350e-01 -4.133116872949595816e-02 -2.640956999999999888e-01 -4.329152728156820951e-01 4.574636164644319686e-02 9.002730902115404499e-01 8.594242100000000661e+00
8.980235399340557034e-01 3.915026584182645236e-04 4.399472337110167941e-01 2.156154200000000021e+00 2.045226113395609557e-02 9.988813041485138378e-01 -4.263619632510418089e-02 -2.715053000000000050e-01 -4.394717587499974987e-01 4.728622366221275908e-02 8.970109176107898818e-01 8.739669799999999711e+00
8.963924503711063752e-01 1.575096459301116025e-03 4.432584956758611194e-01 2.191545699999999819e+00 1.962877418847022368e-02 9.988716842364864235e-01 -4.324430198792657276e-02 -2.754452000000000012e-01 -4.428264740748248385e-01 4.746448674228809228e-02 8.953501194263334684e-01 8.812478099999999870e+00
8.950244457501267403e-01 2.810225183342729416e-03 4.460082332694064178e-01 2.227707399999999893e+00 1.857558914526829738e-02 9.988776618192179990e-01 -4.357022155644960787e-02 -2.794324000000000252e-01 -4.456301033341267814e-01 4.728127909639100873e-02 8.939677240535166547e-01 8.884186700000000769e+00
8.925890117537685908e-01 5.654490942807455234e-04 4.508708643988346698e-01 2.300721199999999911e+00 2.107073228812981688e-02 9.988542993299441841e-01 -4.296641654743976746e-02 -2.869808999999999832e-01 -4.503785966687055553e-01 4.785153056494556578e-02 8.915544574984297643e-01 9.030821800000000010e+00
8.915243658367582036e-01 -3.952477589251653795e-04 4.529725696977414673e-01 2.338647100000000201e+00 2.190767931716371825e-02 9.988670086379815016e-01 -4.224633287691199196e-02 -2.909171999999999869e-01 -4.524426579206501930e-01 4.758721292342726200e-02 8.905229353923894697e-01 9.104897499999999866e+00
8.905372069402724966e-01 1.734608436747449300e-05 4.549104117891034638e-01 2.375827300000000086e+00 2.141061332891405766e-02 9.988902035514322097e-01 -4.195172089268736637e-02 -2.948050999999999866e-01 -4.544062815277733480e-01 4.709947927622523678e-02 8.895485205203875756e-01 9.177328100000000433e+00
8.889750061445854667e-01 3.392246495991044913e-04 4.579555910531843965e-01 2.411054599999999937e+00 2.078028893098276403e-02 9.989398157508152520e-01 -4.107826797312887773e-02 -2.986906999999999757e-01 -4.574840085097829911e-01 4.603400302346532386e-02 8.880254796589208688e-01 9.250245100000000775e+00
8.878044523393376908e-01 -1.072055397342258631e-03 4.602196270300450975e-01 2.448838900000000152e+00 2.223422695063047294e-02 9.989294932507465363e-01 -4.056484519524942295e-02 -3.022228000000000137e-01 -4.596834710519365763e-01 4.624627780731895704e-02 8.868778880040992796e-01 9.322678599999999705e+00
8.866037592197897332e-01 -1.700444154614864922e-03 4.625266291004381247e-01 2.487302300000000077e+00 2.275518585969127372e-02 9.989426918570534220e-01 -3.994621260989408146e-02 -3.062972999999999946e-01 -4.619696696254291246e-01 4.594134167676201114e-02 8.857050397683818854e-01 9.396213499999999996e+00
8.853321323345625382e-01 2.682749017509505896e-04 4.649590772148811668e-01 2.524996799999999819e+00 2.141437677771986306e-02 9.989151447713673360e-01 -4.135163858446375823e-02 -3.098164999999999947e-01 -4.644657575356428980e-01 4.656674322921187242e-02 8.843659302018967994e-01 9.469844800000000618e+00
8.838053090976791815e-01 2.690290533501555129e-03 4.678471309601044403e-01 2.563129399999999780e+00 2.048449251659621717e-02 9.988019951702790111e-01 -4.444052216398323985e-02 -3.136684000000000139e-01 -4.674062057537247128e-01 4.886038048066473904e-02 8.826913968325461601e-01 9.543970099999999235e+00
8.822747395041885543e-01 5.968506611176477641e-03 4.706969948508792356e-01 2.602733600000000092e+00 1.721773577735232624e-02 9.988413741739247120e-01 -4.493838907934899485e-02 -3.176252999999999993e-01 -4.704198482287047511e-01 4.775234200725671230e-02 8.811497490354885942e-01 9.618681000000000481e+00
8.799128831138069984e-01 6.865403175267850537e-03 4.750854495452253023e-01 2.642688500000000218e+00 1.589092414313820686e-02 9.989109910981434082e-01 -4.386696243418164443e-02 -3.219069999999999987e-01 -4.748692416447129472e-01 4.614865222913772103e-02 8.788455525501676080e-01 9.693250700000000109e+00
8.769142736557620221e-01 9.305232343936134867e-03 4.805567285033189306e-01 2.681994700000000176e+00 1.255858210769001358e-02 9.990276567025526688e-01 -4.226136721464360951e-02 -3.260675000000000101e-01 -4.804827142304201604e-01 4.309470726704046212e-02 8.759447514149145686e-01 9.767803199999999464e+00
8.741178835634210165e-01 9.728675639712356868e-03 4.856163902762167250e-01 2.721682799999999958e+00 1.178579012988545220e-02 9.990801737651477943e-01 -4.122986224105477937e-02 -3.301633999999999958e-01 -4.855708195367797186e-01 4.176313278119024586e-02 8.731991868724344741e-01 9.841458299999999326e+00
8.716587538661624279e-01 9.185738355639535765e-03 4.900271819188712352e-01 2.764818200000000115e+00 1.246320530492972013e-02 9.990856039053067628e-01 -4.089773322197345906e-02 -3.342040000000000011e-01 -4.899547788541468996e-01 4.175617654946717217e-02 8.707472287627183727e-01 9.917817100000000607e+00
8.687948686144985055e-01 8.549873691096242234e-03 4.950983497538469780e-01 2.805730800000000080e+00 1.370618811575596493e-02 9.990526031035218413e-01 -4.130419638986269903e-02 -3.381620000000000181e-01 -4.949824407758843248e-01 4.267078499328477714e-02 8.678545888751209025e-01 9.992285700000000048e+00
8.663611616480194622e-01 8.143332726179295170e-03 4.993516033017268430e-01 2.848853800000000103e+00 1.460505440685040852e-02 9.990262896523128822e-01 -4.163129795365715785e-02 -3.425694000000000239e-01 -4.992043969895170741e-01 4.336079699041493069e-02 8.653986430025695231e-01 1.006839369999999967e+01
8.647530939260564820e-01 8.039238125072633440e-03 5.021329078995732109e-01 2.893376099999999784e+00 1.406773440525356869e-02 9.990917112046131532e-01 -4.022252417416277703e-02 -3.479820000000000135e-01 -5.020001846553606706e-01 4.184642460959170363e-02 8.638545545133032855e-01 1.013869090000000028e+01
8.624367723097111638e-01 7.973393812900148730e-03 5.061020043026027704e-01 2.938669899999999835e+00 1.295364192208616969e-02 9.992007598834463655e-01 -3.781593062847534575e-02 -3.539171999999999874e-01 -5.059990285849980118e-01 3.916971329289625076e-02 8.616441937549341734e-01 1.021606730000000063e+01
8.600182123172805948e-01 9.100350323397017605e-03 5.101821812907427756e-01 2.983812599999999815e+00 1.129828856843273499e-02 9.992562066118262365e-01 -3.686980096457948691e-02 -3.580763000000000140e-01 -5.101382392626663265e-01 3.747288582074687763e-02 8.592757180732224498e-01 1.029302880000000009e+01
8.582259106955859584e-01 1.017109486089310365e-02 5.131713505643732409e-01 3.030910500000000063e+00 1.054424288860543978e-02 9.992432751559844339e-01 -3.743923072724186091e-02 -3.618379999999999930e-01 -5.131638190214097284e-01 3.754232125045375151e-02 8.574692233325285073e-01 1.036854360000000064e+01
8.551322344797565034e-01 1.080985497257103654e-02 5.182972203177736992e-01 3.075354799999999944e+00 9.759509709345257425e-03 9.992697040274204356e-01 -3.694334288048095605e-02 -3.662749000000000144e-01 -5.183180621239164010e-01 3.664977010055545104e-02 8.544022359683315360e-01 1.044619080000000011e+01
8.526662965567379793e-01 8.928074340346744964e-03 5.223796284358629416e-01 3.124190299999999976e+00 1.143808335669399198e-02 9.992953343756375562e-01 -3.574919501482765744e-02 -3.716829999999999856e-01 -5.223306969395368204e-01 3.645715545206593827e-02 8.519633318699822988e-01 1.052567580000000014e+01
8.500650645774991965e-01 8.138118359777792368e-03 5.266148089585160896e-01 3.173184399999999794e+00 1.213840727026747023e-02 9.993123004000078469e-01 -3.503691393638429935e-02 -3.757078999999999835e-01 -5.265377907176209682e-01 3.617592153362136215e-02 8.493816913775572575e-01 1.060543249999999915e+01
8.478558460693644827e-01 8.756936855869186173e-03 5.301544872420722587e-01 3.222874200000000133e+00 1.109880686774368692e-02 9.993514305552311239e-01 -3.425689322349044497e-02 -3.807931999999999984e-01 -5.301106306914762367e-01 3.492898945167781377e-02 8.472087611231188253e-01 1.068570710000000012e+01
