1.000000000000000000e+00 0.000000000000000000e+00 0.000000000000000000e+00 0.000000000000000000e+00 0.000000000000000000e+00 1.000000000000000000e+00 0.000000000000000000e+00 0.000000000000000000e+00 0.000000000000000000e+00 0.000000000000000000e+00 1.000000000000000000e+00 0.000000000000000000e+00
9.999911336560277642e-01 -4.657437623249088355e-04 4.185175274736370986e-03 -6.889999999999999424e-05 4.690540973593446518e-04 9.999995779281155572e-01 -7.900201544182005589e-04 -3.650999999999999840e-04 -4.184805561332524508e-03 7.919762234385485959e-04 9.999909300469056461e-01 5.581549999999999706e-02
9.999614369329627994e-01 1.262220825908383663e-03 8.690882898238170076e-03 1.123999999999999945e-04 -1.261754988253575025e-03 9.999992022414261328e-01 -5.908350803155403686e-05 -7.791000000000000182e-04 -8.690950541446128622e-03 4.811546474109332211e-05 9.999622318185763525e-01 1.120817999999999953e-01
9.999028261069484724e-01 2.982802890060660267e-03 1.361768079581046446e-02 6.581000000000000044e-04 -2.993851562109537366e-03 9.999952055475105350e-01 7.910340171451769094e-04 -1.331600000000000058e-03 -1.361525600793439365e-02 -8.317264642130409169e-04 9.999069621894465243e-01 1.689506000000000063e-01
9.998225538901001075e-01 4.348402362594428784e-03 1.832899696030557482e-02 1.240599999999999906e-03 -4.346811318796352068e-03 9.999905445516600322e-01 -1.266437256873585802e-04 -1.909399999999999899e-03 -1.832937434929768003e-02 4.694856180165192354e-05 9.998320018042010648e-01 2.253779999999999950e-01
9.997316940179182820e-01 3.444647821667683879e-03 2.290577170601571302e-02 2.367499999999999813e-03 -3.406089957599580526e-03 9.999927163882983416e-01 -1.722127043276769050e-03 -2.425099999999999912e-03 -2.291153699043713479e-02 1.643645867310224292e-03 9.997361451408059985e-01 2.824383999999999784e-01
9.996110495823792297e-01 3.675746386900762865e-03 2.764486283766324701e-02 3.746499999999999830e-03 -3.581137207391399922e-03 9.999875636006980706e-01 -3.471037343734060913e-03 -3.042700000000000179e-03 -2.765727768808537781e-02 3.370687235408451228e-03 9.996117813723711665e-01 3.395127000000000006e-01
9.994598314747707990e-01 4.974473881775452223e-03 3.248537945018145634e-02 5.120399999999999778e-03 -4.855781768878378486e-03 9.999812481734651204e-01 -3.731579404469366045e-03 -3.855799999999999939e-03 -3.250333293426639625e-02 3.571821809436390941e-03 9.994652447369672954e-01 3.967881999999999798e-01
9.992425547313235068e-01 6.475334887243474995e-03 3.837169337045364531e-02 6.347900000000000070e-03 -6.339018242808583219e-03 9.999731621120148128e-01 -3.673132643322905757e-03 -4.457000000000000024e-03 -3.839444831919595208e-02 3.427111582098236412e-03 9.992567844375480623e-01 4.547683000000000142e-01
9.989968842379366443e-01 8.810819549480503748e-03 4.390438180593313894e-02 8.472900000000000223e-03 -8.684772556324979464e-03 9.999576020251986774e-01 -3.060862241164999560e-03 -5.304900000000000414e-03 -4.392948905393238151e-02 2.676492271794800142e-03 9.990310487570340792e-01 5.126846999999999932e-01
9.987092643191964880e-01 9.581950898224290622e-03 4.987977125041085508e-02 1.060819999999999992e-02 -9.459487626620939962e-03 9.999516380484845257e-01 -2.690661255975168153e-03 -5.873699999999999928e-03 -4.990314075137055466e-02 2.215351244525180872e-03 9.987516051361381431e-01 5.710663999999999740e-01
9.984101652220875867e-01 9.342859740205549865e-03 5.558644576763970002e-02 1.324310000000000070e-02 -9.215747618199517446e-03 9.999543014280837250e-01 -2.542646517048040636e-03 -6.449800000000000325e-03 -5.560766113622792051e-02 2.026333473999997192e-03 9.984506407407481854e-01 6.291866999999999877e-01
9.980655971367087265e-01 8.870025852715178113e-03 6.153362051364380525e-02 1.635330000000000117e-02 -8.643868615802184283e-03 9.999548766923084253e-01 -3.940572880052888895e-03 -7.140099999999999919e-03 -6.156579689647256881e-02 3.401061693416139974e-03 9.980972324537623619e-01 6.881798999999999555e-01
9.976550552490769386e-01 8.731801461525409008e-03 6.788332916996456246e-02 1.957280000000000131e-02 -8.426888616793002523e-03 9.999530838570602764e-01 -4.776780609913757088e-03 -8.024999999999999148e-03 -6.792185424590102549e-02 4.193534069443842667e-03 9.976818310402405521e-01 7.470362999999999865e-01
9.972241835220246875e-01 8.486750284183176493e-03 7.397231149859506694e-02 2.352349999999999927e-02 -8.157646602480960255e-03 9.999554440814768519e-01 -4.750016181600162125e-03 -8.588500000000000648e-03 -7.400932779549004858e-02 4.133391032838449990e-03 9.972489831921761416e-01 8.061091999999999702e-01
9.967803065923598327e-01 8.598614953520530846e-03 7.971878204364550580e-02 2.771250000000000102e-02 -8.212987973433047428e-03 9.999529389992506401e-01 -5.163972822269379502e-03 -9.237499999999999184e-03 -7.975943341191314706e-02 4.492617014835094923e-03 9.968040174348058446e-01 8.658983000000000096e-01
9.963265566408703311e-01 1.001761100040260248e-02 8.504728097941342824e-02 3.232349999999999807e-02 -9.569509173663394777e-03 9.999381080832622226e-01 -5.674900619506108822e-03 -1.026969999999999966e-02 -8.509886618705243821e-02 4.840193457984038293e-03 9.963607557009496185e-01 9.254033999999999871e-01
9.958753264785163983e-01 1.074559468547243643e-02 9.009365297380195203e-02 3.742809999999999887e-02 -1.021106988665524892e-02 9.999274367131476549e-01 -6.391819775612661743e-03 -1.103819999999999975e-02 -9.015579938682896644e-02 5.445503018970540392e-03 9.959127865098390542e-01 9.850039000000000433e-01
9.954880723992798330e-01 9.544591945999254465e-03 9.440550023886654096e-02 4.295410000000000200e-02 -9.059525690622695013e-03 9.999434741616376465e-01 -5.565381910996229295e-03 -1.178719999999999941e-02 -9.445328318818363433e-02 4.685002255993357331e-03 9.955182710773490262e-01 1.045077800000000057e+00
9.950717276882475870e-01 7.418481882673971448e-03 9.887984062528837326e-02 4.853600000000000275e-02 -6.977712274202931692e-03 9.999641220950905574e-01 -4.802713192908984047e-03 -1.274070000000000064e-02 -9.891192186457822833e-02 4.089089036856778658e-03 9.950877906315122035e-01 1.105463599999999991e+00
9.946922179433016487e-01 6.050859059061847872e-03 1.027169833459040948e-01 5.458110000000000045e-02 -5.515323065858772356e-03 9.999696821008574599e-01 -5.496916461933572251e-03 -1.349000000000000025e-02 -1.027471302495333860e-01 4.901222679866654511e-03 9.946954334074967763e-01 1.165817600000000009e+00
9.943967761707903641e-01 5.512467958255939937e-03 1.055682918216840627e-01 6.108740000000000003e-02 -4.926039249871333806e-03 9.999709600462031167e-01 -5.814912001372381581e-03 -1.447080000000000068e-02 -1.055972806394547825e-01 5.262296198826049015e-03 9.943950535678806046e-01 1.226103200000000060e+00
9.939286886496923046e-01 6.527140022810579666e-03 1.098324101630553246e-01 6.712339999999999973e-02 -5.931861057768154054e-03 9.999658990575365225e-01 -5.745758996344127109e-03 -1.530480000000000035e-02 -1.098661681478621949e-01 5.059364107806442815e-03 9.939335128323877333e-01 1.287384199999999979e+00
9.935571385877335349e-01 7.687758985335244218e-03 1.130712639141296105e-01 7.396930000000000172e-02 -6.960514188959070724e-03 9.999524833496232779e-01 -6.825121621386849059e-03 -1.611689999999999998e-02 -1.131183610364853709e-01 5.994114171820555219e-03 9.935634388360486957e-01 1.347689700000000101e+00
9.929428860972907556e-01 9.238428932282201009e-03 1.182331441671315431e-01 8.058099999999999985e-02 -8.393468096953704896e-03 9.999355687096251888e-01 -7.642520700904343114e-03 -1.711649999999999977e-02 -1.182961311374465807e-01 6.596200438244902153e-03 9.929564519643802045e-01 1.408156500000000033e+00
9.923599407519850812e-01 9.830466462610553541e-03 1.229841856493920776e-01 8.786430000000000629e-02 -8.966212219743707051e-03 9.999310816335464924e-01 -7.578853580598504149e-03 -1.810049999999999853e-02 -1.230502134461666369e-01 6.418248382005894460e-03 9.923796909744574402e-01 1.469022300000000003e+00
9.918484860261269631e-01 9.518921527963165874e-03 1.270667970030897043e-01 9.640630000000000033e-02 -8.549212771799416521e-03 9.999300402442451441e-01 -8.174691316790508311e-03 -1.926610000000000128e-02 -1.271357216861666584e-01 7.021734122479132700e-03 9.918604758337993266e-01 1.528482300000000071e+00
9.912234870113499907e-01 1.048173334581229722e-02 1.317806209695772113e-01 1.042031999999999958e-01 -9.424284217639295261e-03 9.999182160896149529e-01 -8.645461187652388538e-03 -2.045560000000000087e-02 -1.318604628539019052e-01 7.327646158851794725e-03 9.912412037126611120e-01 1.587317300000000042e+00
9.907445498404924278e-01 1.075003895329964924e-02 1.353132426034587554e-01 1.141350000000000003e-01 -9.689544643564135598e-03 9.999169831486148796e-01 -8.493499606939416968e-03 -2.166010000000000157e-02 -1.353933147757315492e-01 7.103764739575953689e-03 9.907664643297957596e-01 1.646117400000000064e+00
9.900789828719561703e-01 1.137316607289408539e-02 1.400509149156513866e-01 1.220119999999999955e-01 -1.039810221954618093e-02 9.999163527699642673e-01 -7.692004514052969144e-03 -2.295909999999999965e-02 -1.401266824893264984e-01 6.159428276286151721e-03 9.901144248509081702e-01 1.707196799999999959e+00
9.894981421258729481e-01 1.097814700868672555e-02 1.441280923959704363e-01 1.310437999999999881e-01 -9.991657573929533381e-03 9.999214536664342567e-01 -7.566589491329160817e-03 -2.430039999999999978e-02 -1.441998387945390980e-01 6.047047697895145159e-03 9.895301105604458192e-01 1.767728399999999978e+00
9.889232841747722658e-01 9.579219483104453939e-03 1.481181169576402390e-01 1.398079000000000127e-01 -8.454104024973608730e-03 9.999304462490620216e-01 -8.223794093160409491e-03 -2.519729999999999887e-02 -1.481865923156262255e-01 6.880495494242187468e-03 9.889354845689561913e-01 1.830045600000000050e+00
9.883151059378696424e-01 9.288223617973941082e-03 1.521413167980348868e-01 1.486663000000000012e-01 -7.956613948451062013e-03 9.999245484467657041e-01 -9.358937333211156048e-03 -2.609519999999999895e-02 -1.522167654021488459e-01 8.039049418567511748e-03 9.883144388376369216e-01 1.891625200000000007e+00
9.877633217759766993e-01 9.414337245522532913e-03 1.556759146699186747e-01 1.580197999999999880e-01 -7.749467477442854683e-03 9.999061469807793978e-01 -1.129791944864083804e-02 -2.707949999999999940e-02 -1.557676664391692556e-01 9.953265005991180844e-03 9.877435733062586154e-01 1.953302000000000094e+00
9.872562371728735853e-01 9.049623928993427019e-03 1.588811709108493009e-01 1.678719999999999934e-01 -7.227999185969675999e-03 9.999013987902406475e-01 -1.203946531568849364e-02 -2.825139999999999943e-02 -1.589744576686026312e-01 1.073764425113041786e-02 9.872243031879379682e-01 2.015347199999999894e+00
9.867125943409136291e-01 8.922310411786035095e-03 1.622302331439469669e-01 1.776054999999999995e-01 -6.910128710380224887e-03 9.998920958693274796e-01 -1.296328427712072941e-02 -2.976509999999999920e-02 -1.623283902779474874e-01 1.167000406851690340e-02 9.866677782895371118e-01 2.077719699999999836e+00
9.860758158915970961e-01 9.085350066589597401e-03 1.660480103099359894e-01 1.875292000000000070e-01 -7.008815720641302545e-03 9.998897930741702522e-01 -1.308733006717281190e-02 -3.089470000000000063e-02 -1.661486136442768546e-01 1.174129976878857291e-02 9.860308210516668392e-01 2.140917099999999795e+00
9.853715372846511000e-01 9.569207990468932279e-03 1.701510028407669239e-01 1.979626999999999915e-01 -7.409214464830546354e-03 9.998837668449581662e-01 -1.332502686494880205e-02 -3.206540000000000085e-02 -1.702587356064224899e-01 1.186941693482064346e-02 9.853279047562439885e-01 2.204268700000000081e+00
9.847064066544269911e-01 7.304799658972634113e-03 1.740687582413008583e-01 2.087478000000000111e-01 -5.035881923279517808e-03 9.998965575663424366e-01 -1.347271539938827561e-02 -3.348210000000000075e-02 -1.741491676321795246e-01 1.239007945577431241e-02 9.846413323358402803e-01 2.266529600000000144e+00
9.841082489478683026e-01 5.139217985468557195e-03 1.774951908961430180e-01 2.196550999999999920e-01 -2.916825603743389977e-03 9.999140842381519789e-01 -1.277952544405025655e-02 -3.499180000000000346e-02 -1.775456180286006380e-01 1.205871388978183543e-02 9.840386887405223604e-01 2.329288200000000142e+00
9.835542399642852596e-01 4.614752980419765949e-03 1.805540392879840805e-01 2.307536000000000032e-01 -2.439933661811067786e-03 9.999217990974036407e-01 -1.226549687284098772e-02 -3.619909999999999795e-02 -1.805965220373946245e-01 1.162324157631672641e-02 9.834885848261053498e-01 2.392299700000000140e+00
9.830113995235066904e-01 4.796003886385451220e-03 1.834818431168557529e-01 2.421881999999999924e-01 -2.682704489361517619e-03 9.999272001497300222e-01 -1.176424656934936530e-02 -3.745779999999999943e-02 -1.835249070384165904e-01 1.107216092022981699e-02 9.829527027019646646e-01 2.455774299999999855e+00
9.825257245010686757e-01 5.722889626219031592e-03 1.860388379558853278e-01 2.542242000000000113e-01 -3.429091094463519035e-03 9.999141168384562128e-01 -1.264912176539635322e-02 -3.866710000000000286e-02 -1.860952498800437227e-01 1.179014340438942071e-02 9.824609663954023686e-01 2.519419699999999818e+00
9.819995971017536629e-01 6.375216695742022543e-03 1.887753900911761373e-01 2.658912999999999971e-01 -3.601710252060465536e-03 9.998805337269430771e-01 -1.503149883357308633e-02 -4.010179999999999995e-02 -1.888486668612029129e-01 1.408101154057614726e-02 9.819052429530766846e-01 2.581900099999999920e+00
9.813457501995384025e-01 7.343666625885669243e-03 1.921108771667884019e-01 2.782280999999999782e-01 -4.134026947679722737e-03 9.998451912834032118e-01 -1.710272752079414552e-02 -4.150990000000000235e-02 -1.922067334577559905e-01 1.598949742620213096e-02 9.812241882391385950e-01 2.645889299999999889e+00
9.806673861868769881e-01 8.437862038040699897e-03 1.955000771192317577e-01 2.904418999999999751e-01 -4.919364765966072542e-03 9.998172019672155741e-01 -1.847599796350232054e-02 -4.322000000000000147e-02 -1.956202380115563411e-01 1.715707243893788841e-02 9.805296310390761994e-01 2.709841700000000131e+00
9.799556174356509608e-01 1.054656621178333246e-02 1.989365672707076316e-01 3.026568000000000036e-01 -6.668491815463592834e-03 9.997746487702838802e-01 -2.015397958624257774e-02 -4.457780000000000076e-02 -1.991042919507748921e-01 1.842339863858070970e-02 9.798051129226590383e-01 2.773828299999999913e+00
9.791648485073388697e-01 9.859772021372887121e-03 2.028274743304928629e-01 3.156506000000000034e-01 -5.915063094103766364e-03 9.997815693097051870e-01 -2.004559046813213577e-02 -4.668520000000000308e-02 -2.029808155373136747e-01 1.842820024608618143e-02 9.790092900271668563e-01 2.837867699999999882e+00
9.783835647551588632e-01 1.009808118834661442e-02 2.065517585819626467e-01 3.288016000000000272e-01 -6.262870528514521452e-03 9.997957929887520967e-01 -1.921324477373051107e-02 -4.854030000000000150e-02 -2.067035961702913538e-01 1.750431599080006298e-02 9.782470149466152565e-01 2.902599299999999882e+00
9.775443591183964331e-01 1.037752308278130225e-02 2.104740672160587966e-01 3.418675999999999937e-01 -6.639458231295404696e-03 9.998075711531730914e-01 -1.845909692232194574e-02 -5.039710000000000023e-02 -2.106251256384161497e-01 1.664715229278368805e-02 9.774251525157015008e-01 2.966729899999999809e+00
9.757553463667685278e-01 1.175256449275484741e-02 2.185483499468963975e-01 3.694721000000000255e-01 -7.830058566365052930e-03 9.997925007213396276e-01 -1.880546952929736115e-02 -5.410090000000000038e-02 -2.187240138153896118e-01 1.663829105448261930e-02 9.756449011045317254e-01 3.095585600000000159e+00
9.748755971734153203e-01 1.253822520280513213e-02 2.223968591157271801e-01 3.833387999999999796e-01 -8.447413620898893902e-03 9.997773561875693549e-01 -1.933595763626553415e-02 -5.627830000000000332e-02 -2.225897824224964683e-01 1.697147499063489384e-02 9.747644627281750740e-01 3.160237099999999799e+00
9.734461037184620746e-01 1.164393175400981958e-02 2.286199947700399970e-01 4.128452000000000233e-01 -7.131255048753355058e-03 9.997632906541760178e-01 -2.055499602927018249e-02 -6.024020000000000069e-02 -2.288052192516044359e-01 1.837883330469170656e-02 9.732987157751640250e-01 3.289750600000000080e+00
9.721733597957488149e-01 8.639090851824812387e-03 2.341032349471049157e-01 4.427858000000000072e-01 -4.321241560210121319e-03 9.998110776233928298e-01 -1.895088211477843204e-02 -6.399299999999999433e-02 -2.342227259998991007e-01 1.741192610838424720e-02 9.720270260925732986e-01 3.417850500000000125e+00
9.715732549876119339e-01 7.064797314498150009e-03 2.366336806789806901e-01 4.582223000000000268e-01 -2.620400737460751479e-03 9.998143163198315309e-01 -1.909100264216000847e-02 -6.618799999999999684e-02 -2.367246157304978282e-01 1.792823250666124996e-02 9.714113622901655587e-01 3.481667999999999985e+00
9.701854577028400373e-01 8.161941056365348834e-03 2.422262586511280125e-01 4.892233000000000276e-01 -3.316555189408436962e-03 9.997863041073551393e-01 -2.040457255202551487e-02 -7.045419999999999461e-02 -2.423410368130134995e-01 1.899286280547729175e-02 9.700052025833912905e-01 3.610362799999999872e+00
9.688150973807254651e-01 9.514034326801234717e-03 2.476020804395712427e-01 5.218758999999999482e-01 -3.866337692933265527e-03 9.997213722263308400e-01 -2.328581857582319101e-02 -7.430960000000000343e-02 -2.477546337004006005e-01 2.160233933467383891e-02 9.685819430565748567e-01 3.739362199999999969e+00
9.680087817005800233e-01 1.199394666193119401e-02 2.506294950599980975e-01 5.376020999999999717e-01 -6.100715909965843606e-03 9.996866445689082115e-01 -2.427743676633298611e-02 -7.617730000000000334e-02 -2.508421412281930385e-01 2.197175263897162625e-02 9.677786225527132968e-01 3.803710000000000147e+00
9.665624629094720088e-01 9.070409321052632159e-03 2.562708195817935408e-01 5.704782999999999937e-01 -3.127500182878129812e-03 9.997168723390061906e-01 -2.358800337716737347e-02 -8.111329999999999929e-02 -2.564122150697616398e-01 2.199779160424345306e-02 9.663171700469543879e-01 3.931711899999999815e+00
9.648941455090597197e-01 9.531041957207386783e-03 2.624660877171590134e-01 6.042600999999999667e-01 -3.905876056708157233e-03 9.997515414392523780e-01 -2.194537586983660860e-02 -8.586059999999999526e-02 -2.626100380689418423e-01 2.014980469008881975e-02 9.646916363669689742e-01 4.059365299999999621e+00
9.631454468922225898e-01 1.244744212971765629e-02 2.686929647668658827e-01 6.397275000000000045e-01 -6.542379599356679815e-03 9.997172400841243256e-01 -2.286125866524633607e-02 -8.986950000000000494e-02 -2.689015533610001896e-01 2.026082582247596894e-02 9.629545438581369465e-01 4.188285399999999825e+00
9.610649229734434806e-01 1.337176144488599720e-02 2.759989308419694698e-01 6.757999999999999563e-01 -7.296806190993985683e-03 9.997082370585874678e-01 -2.302601521371111515e-02 -9.435219999999999718e-02 -2.762263029645444234e-01 2.011558483047520829e-02 9.608820909963239343e-01 4.317132499999999595e+00
9.599710492914169668e-01 1.368709442906161124e-02 2.797646295878478684e-01 6.939967999999999693e-01 -7.552620308292542009e-03 9.997070838650716773e-01 -2.299357293839698196e-02 -9.644709999999999395e-02 -2.799973972179287118e-01 1.996020831766456144e-02 9.597932317093619270e-01 4.381322899999999798e+00
9.574908094277460036e-01 1.537284765066770746e-02 2.880538585343181968e-01 7.313878999999999797e-01 -8.998442365188723605e-03 9.996847399635289122e-01 -2.344032250315712315e-02 -1.002051999999999943e-01 -2.883233911710946229e-01 1.985185732270403416e-02 9.573272825238184902e-01 4.509643600000000419e+00
9.550930916847467644e-01 1.495687296605876897e-02 2.959281638626999889e-01 7.693588000000000093e-01 -8.028654052708134384e-03 9.996648086706828584e-01 -2.461322854704009813e-02 -1.047991999999999951e-01 -2.961971082407351408e-01 2.113201969722905069e-02 9.548930363204781724e-01 4.637544199999999783e+00
9.527734508067945418e-01 1.721946790245539732e-02 3.031934058697003387e-01 8.097463999999999773e-01 -9.893832185986750280e-03 9.996212227611773748e-01 -2.568118163410728488e-02 -1.091570000000000040e-01 -3.035207793914413976e-01 2.146860336875189290e-02 9.525829284356334137e-01 4.765644599999999897e+00
9.503725492885591875e-01 1.572555204822972258e-02 3.107164697462038716e-01 8.508537000000000461e-01 -7.881292874025875791e-03 9.996181372354078221e-01 -2.648518326625542985e-02 -1.136759999999999993e-01 -3.110143128240226429e-01 2.272194364027262797e-02 9.501335750807932135e-01 4.893733000000000111e+00
9.479992082095066719e-01 1.280896169701789024e-02 3.180148294252844177e-01 8.919057999999999709e-01 -4.034878607339238352e-03 9.995932103030183979e-01 -2.823355575781701099e-02 -1.186630000000000046e-01 -3.182471068034593009e-01 2.548223727128477029e-02 9.476652545043937614e-01 5.020324699999999751e+00
9.468664686305049427e-01 1.170449384406141782e-02 3.214139004571072711e-01 9.121428999999999787e-01 -2.624639846534875844e-03 9.995855278659521170e-01 -2.866851490087997043e-02 -1.208758999999999945e-01 -3.216162338080478245e-01 2.630165973470731042e-02 9.465047389455198967e-01 5.083174200000000198e+00
9.448732634857086587e-01 9.627868573677568487e-03 3.272946991574940401e-01 9.549298999999999982e-01 9.179907220977206322e-04 9.994857954799269972e-01 -3.205155108402309161e-02 -1.262025999999999981e-01 -3.274349908652108287e-01 3.058510716975814878e-02 9.443785670887039352e-01 5.209896600000000433e+00
9.425538043368962837e-01 8.516555668970877263e-03 3.339457953165172466e-01 9.991031000000000217e-01 2.664487268023712271e-03 9.994514938739049725e-01 -3.300926992252795761e-02 -1.314848999999999879e-01 -3.340437492868897351e-01 3.200280726369312406e-02 9.420141155468958472e-01 5.337934999999999874e+00
9.400570119465839758e-01 8.524349216911168356e-03 3.409107650991506366e-01 1.043978099999999909e+00 3.459986329707117041e-03 9.993976571624252347e-01 -3.453044095944627495e-02 -1.363465000000000094e-01 -3.409997694788933220e-01 3.364012973642805521e-02 9.394612812067658636e-01 5.465799800000000097e+00
9.386342549380793931e-01 1.007524756321878309e-02 3.447669137886877344e-01 1.066836099999999954e+00 2.219086135192339417e-03 9.993761807036447564e-01 -3.524663244794719319e-02 -1.392235000000000000e-01 -3.449069600828043036e-01 3.384876406511677649e-02 9.380263589354528309e-01 5.530229099999999676e+00
9.365393702254412034e-01 1.062801677322984181e-02 3.504012746512231713e-01 1.113788500000000070e+00 2.046910686579312376e-03 9.993575083772873180e-01 -3.578240638332091245e-02 -1.446500000000000008e-01 -3.505564407829003803e-01 3.422887245306076992e-02 9.359158969246205162e-01 5.657792099999999991e+00
9.355561716496535452e-01 1.056334312201884923e-02 3.530199222003350124e-01 1.138115200000000105e+00 2.054414734364572691e-03 9.993729333690853922e-01 -3.534854211093883813e-02 -1.471327000000000051e-01 -3.531719539662560581e-01 3.379579606039910533e-02 9.349478141053118030e-01 5.722758800000000257e+00
9.335828915676608331e-01 1.026159893405749653e-02 3.582145783737475941e-01 1.184671800000000053e+00 2.334244530185516225e-03 9.993946064175475152e-01 -3.471270611733707351e-02 -1.524597000000000036e-01 -3.583539254349511483e-01 3.324334897136359962e-02 9.329937533952354922e-01 5.850820999999999827e+00
9.329019677855047155e-01 9.621216403626335623e-03 3.600018759629562415e-01 1.210223700000000013e+00 2.643522804579584527e-03 9.994331853697815404e-01 -3.356068784744229566e-02 -1.556391000000000024e-01 -3.601207162731891454e-01 3.226050490191350456e-02 9.323477513966335062e-01 5.914922699999999978e+00
9.317918155706512717e-01 7.950728684456884188e-03 3.629060461730219123e-01 1.235166100000000045e+00 4.235088470205147955e-03 9.994539305131427964e-01 -3.277048683616803904e-02 -1.584747999999999990e-01 -3.629684235043028062e-01 3.207221063812225326e-02 9.312493204526836044e-01 5.980309499999999723e+00
9.307157254433425786e-01 7.721942653529821274e-03 3.656618793559537339e-01 1.260803700000000083e+00 4.511496056723353701e-03 9.994586438293747710e-01 -3.258934915086642709e-02 -1.610737999999999892e-01 -3.657155791264607991e-01 3.198110186348347012e-02 9.301770392284443023e-01 6.046002399999999888e+00
9.288929524483250377e-01 1.063352588878501218e-02 3.701956388438502055e-01 1.311910499999999979e+00 3.193146812551990107e-03 9.993206100236614597e-01 -3.671678356515897801e-02 -1.665940999999999950e-01 -3.703345605061284518e-01 3.528805051444154628e-02 9.282279174780421194e-01 6.177495500000000028e+00
9.275898289366298899e-01 1.237707883648661404e-02 3.733951220527514381e-01 1.338344100000000036e+00 1.559505589490856395e-03 9.993140931963065965e-01 -3.699879837994408255e-02 -1.694722999999999924e-01 -3.735969448424733552e-01 3.490202084004307564e-02 9.269342866382983548e-01 6.243557499999999649e+00
9.251113192555898701e-01 1.505624653429995380e-02 3.793973595394152798e-01 1.363143299999999947e+00 -1.515022926437532141e-03 9.993519114133091463e-01 -3.596473078027845327e-02 -1.725318999999999880e-01 -3.796929702940447515e-01 3.269658384088344749e-02 9.245345757268474962e-01 6.308607099999999690e+00
9.228204609646608603e-01 1.933643728024559555e-02 3.847447192857596510e-01 1.390398599999999929e+00 -6.263086867838469664e-03 9.993605385749820824e-01 -3.520351803453200534e-02 -1.747988000000000042e-01 -3.851794004978157937e-01 3.007683714137573960e-02 9.223514586640574331e-01 6.374893700000000329e+00
9.210920738599990276e-01 2.264520125747021204e-02 3.886857166558796428e-01 1.420225599999999977e+00 -9.449187215400046275e-03 9.993132750815127974e-01 -3.582863529119001411e-02 -1.763003999999999960e-01 -3.892301431457415029e-01 2.932870787930241807e-02 9.206735157268706171e-01 6.441588900000000173e+00
9.186457957321761958e-01 1.931530864580361523e-02 3.946097069707157901e-01 1.446482800000000069e+00 -6.554081499810447166e-03 9.994118081129647058e-01 -3.366128072531527488e-02 -1.812701999999999924e-01 -3.950277787691527931e-01 2.833648983716902103e-02 9.182320498351259630e-01 6.506562699999999921e+00
9.169949024442175523e-01 1.934770736420819703e-02 3.984294355479633953e-01 1.475618499999999944e+00 -6.700972390179868801e-03 9.994292571508949230e-01 -3.310977076085297455e-02 -1.853937999999999975e-01 -3.988426329523284686e-01 2.769162636175693040e-02 9.166011826138427132e-01 6.568873400000000196e+00
9.150090209515204798e-01 2.065688041051262636e-02 4.029041881999314567e-01 1.505428900000000070e+00 -7.807828399271744303e-03 9.994079586261380710e-01 -3.350776104759753404e-02 -1.893013000000000057e-01 -4.033578180635991606e-01 2.751409686762676388e-02 9.146285831311697923e-01 6.637999500000000275e+00
9.134259351952080941e-01 2.080663442759718429e-02 4.064728095168923527e-01 1.536355499999999985e+00 -8.513968683132745047e-03 9.994507235105060117e-01 -3.202754457632756013e-02 -1.939524999999999999e-01 -4.069159289706193450e-01 2.579409308586641178e-02 9.131013588380293422e-01 6.705629300000000015e+00
9.116255159610826553e-01 1.881901436183041135e-02 4.105907492225551181e-01 1.567153800000000041e+00 -6.290940761166755567e-03 9.994731100696567783e-01 -3.184220959712437404e-02 -1.949873000000000023e-01 -4.109736520910183266e-01 2.644516867287727627e-02 9.112635789610126213e-01 6.773777499999999563e+00
9.099767536283782654e-01 2.019495758556977966e-02 4.141672024002804320e-01 1.598445799999999917e+00 -8.326827074717955968e-03 9.995018795567405245e-01 -3.044103666780443793e-02 -1.987642000000000020e-01 -4.145756526942043219e-01 2.425193704964425864e-02 9.096916355241013719e-01 6.840957600000000305e+00
9.080125328060627554e-01 2.103283860176795306e-02 4.184146985557160026e-01 1.629636599999999991e+00 -9.103722357530003723e-03 9.994937271604084073e-01 -3.048625274172052022e-02 -2.021079000000000070e-01 -4.188440789916406670e-01 2.387276832181457406e-02 9.077443078457154702e-01 6.909307499999999713e+00
9.057509385443092143e-01 2.140492569559693942e-02 4.232694962811151540e-01 1.660873499999999892e+00 -9.392348214066221362e-03 9.994922787537299236e-01 -3.044615750307253649e-02 -2.050320999999999949e-01 -4.237062911040249680e-01 2.360114123601116803e-02 9.054921120646104438e-01 6.978730200000000217e+00
9.037006477200890675e-01 2.010600592702231973e-02 4.276925155248266219e-01 1.693170800000000087e+00 -8.177439105263219904e-03 9.995251268592603155e-01 -2.970943060139774605e-02 -2.085262999999999978e-01 -4.280867538244686465e-01 2.335100217639706627e-02 9.034359201943359396e-01 7.047595000000000276e+00
9.014913072802726024e-01 1.940523802734201581e-02 4.323619544261581016e-01 1.726044300000000087e+00 -7.781322116074209511e-03 9.995595666028554982e-01 -2.863780436481782807e-02 -2.117616999999999972e-01 -4.327272511920539078e-01 2.245238405635098869e-02 9.012452588091407479e-01 7.117654299999999878e+00
8.993719368509600631e-01 2.086782708497855049e-02 4.366859890100713293e-01 1.759645499999999974e+00 -9.550185058938304855e-03 9.995595856059081852e-01 -2.809677541436185130e-02 -2.153259999999999896e-01 -4.370799848658055153e-01 2.109901931598937366e-02 8.991751321147681830e-01 7.189116499999999910e+00
8.980244446674499059e-01 2.021532319319193499e-02 4.394808727213426192e-01 1.794973699999999894e+00 -9.420670078703551401e-03 9.995983052274730607e-01 -2.672974301469931493e-02 -2.187752000000000030e-01 -4.398446859460579672e-01 1.986375831907052567e-02 8.978541548327629851e-01 7.259999800000000114e+00
8.963622626513610969e-01 1.989492099817263826e-02 4.428757006350753644e-01 1.829869500000000038e+00 -9.339919807352228820e-03 9.996182744713838497e-01 -2.600136998016485540e-02 -2.215820000000000012e-01 -4.432239388757387988e-01 1.917022329889920412e-02 8.962059152595154288e-01 7.332325899999999841e+00
8.951774629884834411e-01 2.262888572993640435e-02 4.451350843150018721e-01 1.865908700000000087e+00 -1.192424145161617190e-02 9.995687778261100886e-01 -2.683413611465987336e-02 -2.245285999999999949e-01 -4.455503587960691347e-01 1.871341566465126172e-02 8.950612749141010349e-01 7.405018300000000053e+00
8.936965748136421750e-01 2.607864017939511003e-02 4.479133138150258597e-01 1.902320900000000092e+00 -1.500982756668167196e-02 9.994883471478585024e-01 -2.824445064186023938e-02 -2.278445000000000054e-01 -4.484207145558539720e-01 1.851886719093895697e-02 8.936307483044558797e-01 7.478691099999999814e+00
8.920103883654619814e-01 3.006522627398517528e-02 4.510139124430550539e-01 1.938303099999999946e+00 -1.862528781746822237e-02 9.993828338806513001e-01 -2.978338460274438174e-02 -2.309679000000000038e-01 -4.516310061342269644e-01 1.816682453739762795e-02 8.920198432683060785e-01 7.551712000000000202e+00
8.903584891412059665e-01 3.143155367202766365e-02 4.541737753855362159e-01 1.974516200000000055e+00 -2.074649355884508953e-02 9.993787083919366543e-01 -2.849175701632522539e-02 -2.340173000000000114e-01 -4.547871412201556773e-01 1.594536442440129542e-02 8.904574114095357151e-01 7.624787800000000004e+00
8.886751269212940230e-01 2.945428578016811086e-02 4.575903887109104562e-01 2.010726500000000083e+00 -1.902224534977159723e-02 9.994438219462520312e-01 -2.738979655494948665e-02 -2.367335999999999885e-01 -4.581426338742936033e-01 1.563623428606186402e-02 8.887411519695014306e-01 7.697232699999999816e+00
8.870797953060437502e-01 3.004012385399364160e-02 4.606376316787677561e-01 2.047149399999999897e+00 -1.938791568520811803e-02 9.994243527715154229e-01 -2.784011157701427736e-02 -2.399505999999999861e-01 -4.612087873026387563e-01 1.576559691461334317e-02 8.871515656688856444e-01 7.768305299999999747e+00
8.853379332830539905e-01 3.202038510734816351e-02 4.638441967165997659e-01 2.083371599999999990e+00 -2.142092221101718139e-02 9.993754744505313203e-01 -2.810347235494315560e-02 -2.426190000000000013e-01 -4.644543981724364445e-01 1.494509967690477864e-02 8.854709233023562165e-01 7.839141800000000160e+00
8.833721113481696197e-01 3.289703086505844226e-02 4.675163080070475208e-01 2.119279099999999971e+00 -2.361502522202683918e-02 9.993906817565713085e-01 -2.570205832027247506e-02 -2.455639000000000016e-01 -4.680769631973358824e-01 1.166407211907759776e-02 8.836107208185971507e-01 7.909244100000000444e+00
8.816039565328893657e-01 3.421991360660310566e-02 4.707477682775690897e-01 2.155614599999999825e+00 -2.594644545115447343e-02 9.993738652327235350e-01 -2.405534157430401845e-02 -2.483782999999999963e-01 -4.712761884436827420e-01 8.993053016789872428e-03 8.819398387664726391e-01 7.979294799999999910e+00
8.797005927167127481e-01 3.449707481529703385e-02 4.742750457309051204e-01 2.191972499999999879e+00 -2.619686582660364638e-02 9.993662671815701781e-01 -2.409954855256793427e-02 -2.509780999999999818e-01 -4.748058459988959146e-01 8.775867407980376608e-03 8.800468128210625629e-01 8.049181000000000807e+00
8.776967243829960630e-01 3.439640897811961640e-02 4.779804881548711526e-01 2.228531100000000098e+00 -2.591048853068238927e-02 9.993679529619489132e-01 -2.433806025026070616e-02 -2.538382000000000138e-01 -4.785155238771887642e-01 8.976727803263060551e-03 8.780332065283668053e-01 8.117924699999999660e+00
8.759325247013964866e-01 3.394482138725385401e-02 4.812379466243542070e-01 2.265152699999999797e+00 -2.559743390325981000e-02 9.993865534823503927e-01 -2.390163375665939685e-02 -2.566976000000000258e-01 -4.817540695705700426e-01 8.617761870501405158e-03 8.762640872662404989e-01 8.186385200000000140e+00
8.740255341695191138e-01 3.402844498578098259e-02 4.846869407685094333e-01 2.302408499999999858e+00 -2.614589668390979865e-02 9.993931409949338152e-01 -2.301612084767445249e-02 -2.596823999999999799e-01 -4.851760069359172811e-01 7.444102641025117720e-03 8.743848281103628883e-01 8.255398800000000037e+00
8.721585946488344954e-01 3.704398853808921199e-02 4.878187457379636882e-01 2.339763899999999897e+00 -2.919360678191401312e-02 9.992930126899122190e-01 -2.368983140889902722e-02 -2.623836999999999975e-01 -4.883514299182845075e-01 6.420101425132588094e-03 8.726234372250484261e-01 8.323808700000000727e+00
8.697659318401295137e-01 4.728492811583384636e-02 4.911938104082252399e-01 2.376427399999999857e+00 -3.901306341884491768e-02 9.988718110153506080e-01 -2.707556170406743429e-02 -2.652658999999999989e-01 -4.919199169508673974e-01 4.386425879232965300e-03 8.706294013959428035e-01 8.390995000000000203e+00
8.670457885248676888e-01 5.879282952917436189e-02 4.947474141390170166e-01 2.412228300000000214e+00 -4.665850531907651810e-02 9.982307935699281654e-01 -3.685466931260275580e-02 -2.684101999999999877e-01 -4.960388941229108006e-01 8.870510960764223241e-03 8.682549910899532986e-01 8.456738500000000158e+00
8.656421256692529154e-01 5.251690572765987941e-02 4.979012802550416006e-01 2.449557299999999938e+00 -3.626244349587300075e-02 9.984480373945465725e-01 -4.226762135117981267e-02 -2.725739999999999830e-01 -4.993483207727106854e-01 1.853351655164712369e-02 8.662030727870363433e-01 8.524079300000000359e+00
8.650216317350387651e-01 4.436865113251684672e-02 4.997689460412000351e-01 2.487349700000000219e+00 -2.934391032911472935e-02 9.988511092688843185e-01 -3.788662612210440261e-02 -2.768499999999999850e-01 -5.008757446283935710e-01 1.810757601116894794e-02 8.653297661203802615e-01 8.591490699999999592e+00
8.629606604816590920e-01 4.011298542862347383e-02 5.036763314481452758e-01 2.524684699999999893e+00 -3.025878035105875399e-02 9.991573659628127935e-01 -2.773020472193252206e-02 -2.796281999999999934e-01 -5.043642579254851155e-01 8.689444300814022290e-03 8.634472704716935620e-01 8.660029400000000877e+00
8.606391675670369557e-01 4.046038867839954478e-02 5.076053390159628309e-01 2.563185700000000011e+00 -3.607634057807022898e-02 9.991782331006936468e-01 -1.847582605111323245e-02 -2.825793999999999806e-01 -5.079357448536309105e-01 -2.411523536843204057e-03 8.613915855487668249e-01 8.726618800000000675e+00
8.582662296139299540e-01 4.396020886516156106e-02 5.113184713471830012e-01 2.601880599999999877e+00 -4.223607317732559069e-02 9.989951559321551544e-01 -1.499308329359289732e-02 -2.848641000000000090e-01 -5.114637750875894451e-01 -8.728027304058305624e-03 8.592605124829904018e-01 8.793526599999999860e+00
8.561748496159635735e-01 4.492406528081053368e-02 5.147294971572230482e-01 2.640725600000000117e+00 -4.329187784451058590e-02 9.989472023582005589e-01 -1.517564540374568074e-02 -2.868716000000000044e-01 -5.148693428412475237e-01 -9.290600592519713402e-03 8.572183178997355713e-01 8.859369299999999114e+00
8.543929514813696224e-01 4.113428410393804580e-02 5.179967713511451910e-01 2.679999399999999810e+00 -3.740827004149710477e-02 9.991443508662354311e-01 -1.764050635870719266e-02 -2.890013000000000165e-01 -5.182791774627421022e-01 -4.305438809885560499e-03 8.552006533002637356e-01 8.926176999999999140e+00
8.529325510988763348e-01 3.957760223331951294e-02 5.205186612191957662e-01 2.720141599999999826e+00 -3.296652571665436432e-02 9.992152710715664909e-01 -2.195564254466504661e-02 -2.916081999999999841e-01 -5.209791468553571780e-01 1.566990375555065221e-03 8.535679662938546741e-01 8.992431599999999747e+00
8.506653165788690130e-01 3.996548292982329137e-02 5.241863021330857020e-01 2.760770099999999783e+00 -3.171815236460589355e-02 9.991914079828040363e-01 -2.470807608692585089e-02 -2.944197000000000064e-01 -5.247499194667382127e-01 4.392082368043009541e-03 8.512451066714710191e-01 9.060083399999999898e+00
8.482514543888114433e-01 4.037365099537117141e-02 5.280524959060132195e-01 2.801404999999999923e+00 -3.184448259313234220e-02 9.991740882775953514e-01 -2.524025045461837993e-02 -2.969671999999999867e-01 -5.286354122224899976e-01 4.594520643128770232e-03 8.488365515954281459e-01 9.126624100000000794e+00
8.455358670634720575e-01 3.941134407651788324e-02 5.324620582419978820e-01 2.842152599999999918e+00 -3.158029274376124990e-02 9.992175642975517080e-01 -2.381059238000086259e-02 -2.997264000000000039e-01 -5.329838483663842386e-01 3.317402199090983828e-03 8.461189113967425568e-01 9.192914999999999281e+00
8.435750753484327902e-01 3.836569641169807615e-02 5.356390254543926810e-01 2.884169800000000006e+00 -3.105312763736468168e-02 9.992606667687508049e-01 -2.266766668206533081e-02 -3.020669000000000270e-01 -5.361126705412059268e-01 2.488611604307537986e-03 8.441427671297428992e-01 9.259206799999999404e+00
8.418938423138352389e-01 3.792870742167845505e-02 5.383086209855533211e-01 2.924697399999999892e+00 -3.041391548918476531e-02 9.992763596607648902e-01 -2.284186436669578477e-02 -3.046470000000000011e-01 -5.387854415429801369e-01 2.858352051534788357e-03 8.424381744703202113e-01 9.323671300000000883e+00
8.402332967981642753e-01 3.766620984470880201e-02 5.409152092404337919e-01 2.963928699999999861e+00 -3.010229686485463990e-02 9.992861815731813868e-01 -2.282496528695587140e-02 -3.073336999999999875e-01 -5.413888239289282867e-01 2.895505625092085339e-03 8.407673622186024875e-01 9.387351000000000667e+00
8.391726672469018711e-01 3.801543796463582175e-02 5.425348477490432586e-01 3.005251900000000198e+00 -2.999187115656512179e-02 9.992708217193165821e-01 -2.362863781367815358e-02 -3.096870999999999929e-01 -5.430374961365453945e-01 3.556871765879312738e-03 8.397009148815979263e-01 9.451869000000000298e+00
8.378614783021338663e-01 3.542768623398474814e-02 5.447320646202764571e-01 3.045868599999999926e+00 -2.819109161263771632e-02 9.993684029588487672e-01 -2.163463707039934431e-02 -3.123270000000000213e-01 -5.451544785939583804e-01 2.770237460283439881e-03 8.383310326197896956e-01 9.515417100000000517e+00
8.366684220839960551e-01 3.287701932535504190e-02 5.467220985910085096e-01 3.086547599999999836e+00 -2.674156594251629604e-02 9.994583874450492234e-01 -1.917864480832470395e-02 -3.147289999999999810e-01 -5.470565237143399928e-01 1.425961437788107744e-03 8.370944549425469727e-01 9.578007700000000568e+00
8.355473264967050451e-01 3.035536618092101943e-02 5.485792713256952835e-01 3.128483300000000078e+00 -2.493656005839492776e-02 9.995388507038316384e-01 -1.732783616373969465e-02 -3.170388000000000095e-01 -5.488522871927042912e-01 7.985472343818925123e-04 8.359189728470408642e-01 9.641745600000000138e+00
