1.000000000000000000e+00 0.000000000000000000e+00 0.000000000000000000e+00 0.000000000000000000e+00 0.000000000000000000e+00 1.000000000000000000e+00 0.000000000000000000e+00 0.000000000000000000e+00 0.000000000000000000e+00 0.000000000000000000e+00 1.000000000000000000e+00 0.000000000000000000e+00
9.988980297305638523e-01 -1.106138102076211632e-03 4.692017326158063467e-02 2.250499999999999896e-03 1.165235376753798874e-03 9.999985619597627773e-01 -1.232195164418716871e-03 -5.490000000000000088e-04 -4.691874281046299472e-02 1.285510367749196020e-03 9.988978821862523061e-01 4.653050000000000241e-02
9.956020833021376193e-01 -3.567263909753062585e-03 9.361498999968766166e-02 6.286599999999999827e-03 3.799017619549168497e-03 9.999901444145582463e-01 -2.297507100589238176e-03 -9.516999999999999852e-04 -9.360587155499276724e-02 2.643047852210832216e-03 9.956058231591863317e-01 9.214509999999999368e-02
9.825630861339945676e-01 -7.693002586277999238e-03 1.857702868546198816e-01 2.077450000000000130e-02 8.527780680762202248e-03 9.999568112130242659e-01 -3.694951331332344512e-03 -2.663599999999999909e-03 -1.857338383911263935e-01 5.214731046527300469e-03 9.825862546650097062e-01 1.824546999999999974e-01
9.609208204144131793e-01 -6.850444685981027862e-03 2.767385919991923182e-01 4.365510000000000224e-02 8.900470737752947878e-03 9.999414631409075938e-01 -6.152390776546574208e-03 -4.674300000000000156e-03 -2.766802459785257517e-01 8.375064132604966710e-03 9.609255433102178445e-01 2.704153000000000251e-01
9.468195390167108982e-01 -1.009505017511444502e-02 3.216066704814205535e-01 5.812250000000000055e-02 1.319393011282301437e-02 9.998851463933187134e-01 -7.457494900399267573e-03 -5.667400000000000389e-03 -3.214944490101828700e-01 1.130415781796506938e-02 9.468439867642743923e-01 3.138102999999999865e-01
9.307889794824896201e-01 -8.735876222333002761e-03 3.654525415708224090e-01 7.453840000000000465e-02 1.287269031458817409e-02 9.998776701396570044e-01 -8.884739734846432840e-03 -6.646700000000000177e-03 -3.653302198258587818e-01 1.297417522308559612e-02 9.307875704258573579e-01 3.566360000000000086e-01
9.128155858795219402e-01 -9.440169030522750984e-03 4.082628924897537814e-01 9.309249999999999470e-02 1.548659211027542289e-02 9.998138567901874163e-01 -1.150726879587252865e-02 -7.772900000000000122e-03 -4.080782665619856475e-01 1.682661519752756685e-02 9.127918675036271745e-01 3.983761000000000108e-01
8.930650791528363941e-01 -1.103140018497269711e-02 4.497922549440986906e-01 1.140141999999999961e-01 2.000953563000109486e-02 9.996840682699403846e-01 -1.521125015023097951e-02 -9.027900000000000161e-03 -4.494823499111058052e-01 2.258477047083210301e-02 8.930036647523739157e-01 4.391151999999999833e-01
8.497449006933895932e-01 -1.497064100248966974e-02 5.269814832169684715e-01 1.610254999999999881e-01 2.712414018414906897e-02 9.995143259437534455e-01 -1.534253083669564685e-02 -1.142220000000000041e-02 -5.264958544612218239e-01 2.733115696744106357e-02 8.497382674058930885e-01 5.190027999999999864e-01
8.274657184454671244e-01 -1.707350919336232328e-02 5.612566080513895495e-01 1.875313000000000119e-01 3.102755084763249641e-02 9.994007732209653216e-01 -1.534228059103668641e-02 -1.253300000000000074e-02 -5.606583414932168052e-01 3.010962917673835199e-02 8.274996280028860118e-01 5.576508999999999494e-01
8.053310039920728025e-01 -1.596071127398083350e-02 5.926105210884705654e-01 2.152253000000000083e-01 3.262042101769282304e-02 9.993160752912256806e-01 -1.741521740230966842e-02 -1.366719999999999914e-02 -5.919272608536866320e-01 3.335621921276250151e-02 8.053008633411997685e-01 5.952644000000000268e-01
7.610267589238466357e-01 -1.868003268013511756e-02 6.484514851405110969e-01 2.754861000000000115e-01 3.575082175105150084e-02 9.992739359792222054e-01 -1.317116611078015566e-02 -1.622060000000000168e-02 -6.477346300345457886e-01 3.320628331599766170e-02 7.611420312939942701e-01 6.691787999999999625e-01
7.153256821244080577e-01 -1.483354615650008673e-02 6.986337627123908600e-01 3.422469000000000205e-01 3.394073518671256867e-02 9.993322109340322390e-01 -1.353361314226122179e-02 -1.825109999999999927e-02 -6.979664712493256484e-01 3.339308458531370372e-02 7.153514569172571003e-01 7.405768000000000351e-01
6.927488217051959163e-01 -1.352869687707304938e-02 7.210520399991050544e-01 3.777414000000000049e-01 3.431370001008647586e-02 9.993099811179834147e-01 -1.421730036235235341e-02 -1.892550000000000135e-02 -7.203621589295764460e-01 3.459098146603861029e-02 6.927350315838918249e-01 7.752151000000000458e-01
6.464982028272081571e-01 -1.489643883516487619e-02 7.627700635520642258e-01 4.534865000000000146e-01 3.812980176403185650e-02 9.991907611995134442e-01 -1.280394279011618126e-02 -2.110479999999999995e-02 -7.619620672701663544e-01 3.736199731769069415e-02 6.465430296568104307e-01 8.416261999999999910e-01
6.227462408018624718e-01 -1.454403070300115501e-02 7.822886875943300122e-01 4.935073999999999850e-01 3.707151138574989874e-02 9.992528040702796099e-01 -1.093327952902262319e-02 -2.212969999999999868e-02 -7.815451507179385082e-01 3.580928271543133701e-02 6.228200965452876936e-01 8.740012000000000336e-01
5.562381509430777138e-01 -1.790962941324319990e-02 8.308299252011246416e-01 6.234844999999999970e-01 4.511365831073826937e-02 9.989442379711978015e-01 -8.669905303110458927e-03 -2.494789999999999855e-02 -8.297974917226780267e-01 4.230430945451350844e-02 5.564588647261619059e-01 9.666886000000000090e-01
5.369181978817407774e-01 -1.981325139898009596e-02 8.434016148030691884e-01 6.693499000000000532e-01 4.978202809593765960e-02 9.987262003438538427e-01 -8.229606636013811483e-03 -2.567099999999999937e-02 -8.421642348509459364e-01 4.640486844856972493e-02 5.372206155037163589e-01 9.960655999999999954e-01
5.197287082643925471e-01 -2.259771272591548294e-02 8.540324427007343067e-01 7.167677999999999550e-01 5.529653122431381351e-02 9.984437825740760664e-01 -7.232335288805027962e-03 -2.641069999999999876e-02 -8.525399482959051811e-01 5.098388391176377626e-02 5.201694725191852164e-01 1.024403699999999917e+00
4.783244444184636679e-01 -2.882845868214646903e-02 8.777098870593742497e-01 8.645941999999999794e-01 6.559829647255888130e-02 9.978416777880594335e-01 -2.974822517204902400e-03 -2.860139999999999905e-02 -8.757297467664701962e-01 5.899920371600259061e-02 4.791831639250395680e-01 1.107741800000000110e+00
4.555207410578413496e-01 -2.939569484457903864e-02 8.897397077745374805e-01 9.662406000000000050e-01 6.581325901193871286e-02 9.978316920097407561e-01 -7.275707561718580685e-04 -2.974790000000000073e-02 -8.877890906089926926e-01 5.888809341099571215e-02 4.564676582739189969e-01 1.161299800000000104e+00
4.363956177359086808e-01 -2.414859719185104628e-02 8.994307700287779150e-01 1.070721599999999940e+00 6.642683584007579023e-02 9.977764654108314257e-01 -5.440638983031508003e-03 -3.096799999999999900e-02 -8.972994708017888454e-01 6.212061112009268499e-02 4.370293918867425020e-01 1.212908400000000109e+00
4.213067558934163737e-01 -2.170323398222948758e-02 9.066584732264283408e-01 1.181156000000000095e+00 6.828080600099717401e-02 9.976352760083055937e-01 -7.847776480390908360e-03 -3.219559999999999783e-02 -9.043441540533226908e-01 6.521369256946418780e-02 4.217923960090271818e-01 1.264566800000000102e+00
4.114048732735397507e-01 -1.978819495480596893e-02 9.112378710233753898e-01 1.295958500000000013e+00 6.898927583720375345e-02 9.975723179967127541e-01 -9.484207195312840261e-03 -3.344550000000000300e-02 -9.088379999022054845e-01 6.676748989662559253e-02 4.117712863066863571e-01 1.317296699999999987e+00
4.034892966516767654e-01 -1.680209560159427046e-02 9.148300809827638602e-01 1.416187800000000108e+00 6.794418272979346751e-02 9.976211688667591115e-01 -1.164437469775829459e-02 -3.524940000000000018e-02 -9.124582048076042007e-01 6.685576274575172340e-02 4.036710684046704856e-01 1.370619400000000043e+00
3.981791240291326361e-01 -2.001400832770175442e-02 9.170893220717659666e-01 1.538802299999999956e+00 6.942453890581284925e-02 9.975520706277318794e-01 -8.372561378686051853e-03 -3.664800000000000002e-02 -9.146767836701157339e-01 6.700228247592220077e-02 3.985938729558055060e-01 1.426450400000000007e+00
3.943430404355421914e-01 -2.153165198660670840e-02 9.187110287913060613e-01 1.665262100000000078e+00 7.126834126665812508e-02 9.974310892233141379e-01 -7.214276394214159949e-03 -3.882940000000000003e-02 -9.161956068401286846e-01 6.831991081317814740e-02 3.948645334710726429e-01 1.480250499999999914e+00
3.933378989546381099e-01 -2.181598771897502731e-02 9.191351151630517968e-01 1.730442800000000059e+00 7.138134681609364929e-02 9.974254187185448428e-01 -6.872948483441068679e-03 -3.974250000000000005e-02 -9.166187869407169675e-01 6.831249354240415128e-02 3.938824731482063468e-01 1.508275199999999927e+00
3.926386104116181830e-01 -2.070670739341935046e-02 9.194597075907984252e-01 1.863026300000000024e+00 7.230293311956603741e-02 9.973472191775107909e-01 -8.414883314326545433e-03 -4.126010000000000094e-02 -9.168463379849105532e-01 6.978364183538635079e-02 3.930941819155422401e-01 1.565148200000000100e+00
3.943416564255678991e-01 -2.020177913967440356e-02 9.187418277879434436e-01 1.996419200000000060e+00 7.314648458022263156e-02 9.972762722180239514e-01 -9.467241650930380281e-03 -4.426650000000000029e-02 -9.160481700222399271e-01 7.093606269390537178e-02 3.947452662267043610e-01 1.622442200000000057e+00
3.964961593843677190e-01 -2.051547459637444865e-02 9.178071207478899485e-01 2.140016999999999836e+00 7.318751516872465390e-02 9.972745974605677910e-01 -9.325496409853750723e-03 -4.627470000000000194e-02 -9.151144099055996683e-01 7.086954608255940924e-02 3.969170243529221986e-01 1.684694600000000042e+00
3.984916020810796988e-01 -1.994522808003000927e-02 9.169550866578417558e-01 2.285302600000000073e+00 7.449748655409456355e-02 9.971639526137568987e-01 -1.068532193392508420e-02 -4.824529999999999791e-02 -9.141414373979428465e-01 7.256886029520308312e-02 3.988473303752682053e-01 1.747522000000000020e+00
3.999836535068886367e-01 -2.224260250477450365e-02 9.162523361831586000e-01 2.430810500000000207e+00 7.527545439826095752e-02 9.971252150715496088e-01 -8.655139146840962194e-03 -5.079779999999999712e-02 -9.134257949567751167e-01 7.243322512721936390e-02 4.005081085387073303e-01 1.811085000000000056e+00
4.010827097098071392e-01 -2.507216805774282672e-02 9.156986656977952332e-01 2.577897500000000175e+00 7.874605604430615080e-02 9.968687305600646420e-01 -7.196713766179967109e-03 -5.330700000000000022e-02 -9.126509292326969724e-01 7.499413590708028932e-02 4.018011460290336068e-01 1.876697199999999954e+00
4.020882860925238389e-01 -2.409459019169106139e-02 9.152838144044015412e-01 2.730090399999999917e+00 7.962579287390410265e-02 9.967865108776757799e-01 -8.739842190292217150e-03 -5.549520000000000147e-02 -9.121319769070583838e-01 7.639438759361549813e-02 4.027147306069367438e-01 1.944893999999999901e+00
4.021105442389544260e-01 -2.432631731773904349e-02 9.152679064064297432e-01 2.806789600000000107e+00 7.970681320730631236e-02 9.967818936396776186e-01 -8.525282425473915127e-03 -5.692690000000000250e-02 -9.121150882099187118e-01 7.638119400647769286e-02 4.027554829694530714e-01 1.979290699999999958e+00
4.027320183023892497e-01 -2.606714784477877703e-02 9.149466789039252257e-01 2.963134800000000180e+00 8.124263225354970419e-02 9.966671404975735449e-01 -7.365171885601547175e-03 -5.949659999999999671e-02 -9.117053011464825163e-01 7.729886710443054088e-02 4.035075327745110130e-01 2.047498500000000110e+00
4.029368159559923446e-01 -2.671520333918135301e-02 9.148378109029997596e-01 3.042868599999999812e+00 8.192203934154856926e-02 9.966143050586260266e-01 -6.978998684176569711e-03 -6.065700000000000258e-02 -9.115540037854961142e-01 7.775747464429488831e-02 4.037611587554866821e-01 2.082080400000000164e+00
4.026493413575982228e-01 -2.526501469931966351e-02 9.150055666150538336e-01 3.201565500000000064e+00 8.245715551306941060e-02 9.965560341414566592e-01 -8.768598573624081238e-03 -6.306849999999999956e-02 -9.116327799113994601e-01 7.897942674200057744e-02 4.033459120190995284e-01 2.151742899999999903e+00
4.015391049143313684e-01 -2.424686780511536507e-02 9.155208553748184208e-01 3.282348600000000172e+00 8.151919046714574402e-02 9.966278328701992928e-01 -9.358650224858593158e-03 -6.461619999999999864e-02 -9.122066480848400882e-01 7.839038302044001871e-02 4.021616329782465860e-01 2.187640200000000146e+00
3.993190817554656546e-01 -2.385762073175400066e-02 9.165015465775231407e-01 3.445310099999999931e+00 8.004420921079620499e-02 9.967513254979101234e-01 -8.928588353018282464e-03 -6.779240000000000266e-02 -9.133111164974344609e-01 7.692599723876933360e-02 3.999314884214930643e-01 2.259469999999999867e+00
3.985407342266701347e-01 -2.422812951157140432e-02 9.168305628099651106e-01 3.528888699999999989e+00 8.037942491735616812e-02 9.967272301107308330e-01 -8.600977022711342457e-03 -6.898819999999999952e-02 -9.136216017652067922e-01 7.712215308301907657e-02 3.991838452290091821e-01 2.295781900000000153e+00
3.982914334321981942e-01 -2.357875537089876294e-02 9.169558202823535620e-01 3.611586099999999799e+00 7.735078531913866517e-02 9.969721474197293931e-01 -7.961989688890835914e-03 -7.026119999999999588e-02 -9.139916794287774593e-01 7.409844508795575269e-02 3.989093009325677119e-01 2.332234099999999977e+00
3.967748943276196982e-01 -2.308179461024645329e-02 9.176256938364772964e-01 3.696774200000000121e+00 7.794364842349091327e-02 9.969204487316732921e-01 -8.625924360582536143e-03 -7.156859999999999611e-02 -9.146007166527594379e-01 7.494564469140049812e-02 3.973520849826371881e-01 2.368995200000000079e+00
3.943859158658451491e-01 -2.135144453211929721e-02 9.186968298535976851e-01 3.781838200000000150e+00 7.641917210208554190e-02 9.970292363624739806e-01 -9.633897118711563790e-03 -7.265729999999999411e-02 -9.157619010975998064e-01 7.400552448874286871e-02 3.948459482421666777e-01 2.405734499999999887e+00
3.901846961318594098e-01 -2.084217352645722707e-02 9.205006826217903004e-01 3.867478800000000216e+00 7.743841329415915298e-02 9.969444280437337325e-01 -1.025180662301587720e-02 -7.398939999999999684e-02 -9.174743566176506437e-01 7.528221035042584330e-02 3.906064435640850263e-01 2.443095399999999806e+00
3.860301120478540349e-01 -2.061935102586601523e-02 9.222557101778192656e-01 3.954935799999999890e+00 7.520308918479295945e-02 9.971259389632847192e-01 -9.184618862632977498e-03 -7.563380000000000103e-02 -9.194157100949416073e-01 7.290201787234612540e-02 3.864712768379492402e-01 2.480565100000000189e+00
3.814198033538661048e-01 -2.074993996748751915e-02 9.241690178754338181e-01 4.042580599999999968e+00 7.338322332089526612e-02 9.972725649854758956e-01 -7.895167023269825113e-03 -7.741960000000000508e-02 -9.214845826949757956e-01 7.082987447846690598e-02 3.819022031054951638e-01 2.517437199999999820e+00
3.770302639445989867e-01 -1.913023734410616503e-02 9.260033553335668133e-01 4.130369199999999630e+00 7.189711349605328039e-02 9.973743811663069447e-01 -8.668844447909863915e-03 -7.889169999999999516e-02 -9.234061864319523805e-01 6.984538504643375556e-02 3.774157350282494328e-01 2.553978199999999976e+00
3.726273849442783281e-01 -1.797212969899446636e-02 9.278070028533257352e-01 4.219188199999999611e+00 7.263575507434812117e-02 9.973098578596792940e-01 -9.853654179319465412e-03 -8.065229999999999622e-02 -9.251339789859455154e-01 7.106370360450424417e-02 3.729303835243827914e-01 2.590301300000000140e+00
3.683953162854878283e-01 -1.610037742456249532e-02 9.295298105954978851e-01 4.308947599999999767e+00 7.233136233764170253e-02 9.973155930257434632e-01 -1.139218723909014505e-02 -8.239889999999999715e-02 -9.268511557749152807e-01 7.143098595495052383e-02 3.685709555624364642e-01 2.625984900000000177e+00
3.637831916213084549e-01 -1.527044710900898189e-02 9.313584717706204774e-01 4.398888600000000260e+00 7.119356563054368703e-02 9.973967458385621931e-01 -1.145458875106716498e-02 -8.421670000000000544e-02 -9.287589922615147042e-01 7.047371734013727074e-02 3.639233290923221675e-01 2.661925600000000003e+00
3.587722688558388495e-01 -1.467914450136398666e-02 9.333096923405124201e-01 4.489261199999999619e+00 6.961052817864929465e-02 9.975128222526508104e-01 -1.106995068827355821e-02 -8.596639999999999837e-02 -9.308258878365616162e-01 6.893977196262988938e-02 3.589017614543252854e-01 2.697849800000000187e+00
3.531334140482099149e-01 -1.394271435784338875e-02 9.354690762387558589e-01 4.579849199999999954e+00 6.708485724511295545e-02 9.976925059847502331e-01 -1.045396720254733111e-02 -8.793209999999999915e-02 -9.331647302652723575e-01 6.644745456527817451e-02 3.532539058110142349e-01 2.733477099999999993e+00
3.472334292711626857e-01 -1.442821200296987363e-02 9.376677302194982300e-01 4.670997100000000124e+00 6.626739131081692269e-02 9.977596061304986330e-01 -9.187013833185781603e-03 -8.999849999999999517e-02 -9.354344330018258269e-01 6.532683271603971498e-02 3.474116095956538697e-01 2.769239199999999901e+00
3.419328508063364525e-01 -1.455687933454828317e-02 9.396116340294488056e-01 4.762764899999999635e+00 6.627421463405520907e-02 9.977638666027053294e-01 -8.659964010205710438e-03 -9.152000000000000413e-02 -9.373844750229708422e-01 6.523314928821294378e-02 3.421329890844361232e-01 2.803631799999999785e+00
3.366676065333790713e-01 -1.374381133317740741e-02 9.415232500374719482e-01 4.856051899999999755e+00 6.734023542431531728e-02 9.976846914135695243e-01 -9.515734969428014944e-03 -9.336079999999999379e-02 -9.392125507062198952e-01 6.660603703155315580e-02 3.368136286240028809e-01 2.837645100000000031e+00
3.307488790873188700e-01 -1.287525738789724317e-02 9.436309695689717447e-01 4.949670300000000189e+00 6.739992182728840597e-02 9.976758097573963369e-01 -1.001145157302170061e-02 -9.523500000000000021e-02 -9.413088916610516943e-01 6.691192996857095454e-02 3.308479471112425463e-01 2.871682600000000196e+00
3.248398298937532624e-01 -1.323092072710943187e-02 9.456764920686727693e-01 5.044062099999999660e+00 6.799943575768897797e-02 9.976410775410063936e-01 -9.399847842152229266e-03 -9.705569999999999475e-02 -9.433213459109431875e-01 6.735891284405227941e-02 3.249732530674394049e-01 2.904853300000000083e+00
3.190115194549527633e-01 -1.283330534700242651e-02 9.476639471505249324e-01 5.139431000000000083e+00 6.800514267518387168e-02 9.976408524647031317e-01 -9.382433758267312573e-03 -9.867460000000000120e-02 -9.453078604479973057e-01 6.743912638350965660e-02 3.191316549762164279e-01 2.938242699999999985e+00
3.140061053329462060e-01 -1.201194800604982876e-02 9.493449736100858516e-01 5.234643000000000157e+00 6.705897301284913237e-02 9.977032446483831141e-01 -9.556660324126376588e-03 -1.007625000000000048e-01 -9.470497663544912292e-01 6.666294865357154376e-02 3.140904190272518770e-01 2.970440899999999829e+00
3.091527565040338987e-01 -1.085038747124881034e-02 9.509504941045465731e-01 5.330951200000000334e+00 6.629321845466078222e-02 9.977483808254536957e-01 -1.016748479753374831e-02 -1.021713999999999956e-01 -9.486989945883153030e-01 6.618487479711072929e-02 3.091759693365747630e-01 3.002034399999999881e+00
3.049700231786283133e-01 -1.161754188520184791e-02 9.522910887344123720e-01 5.427870799999999996e+00 6.750513590155170218e-02 9.976741984791115403e-01 -9.447238537024126720e-03 -1.034603000000000050e-01 -9.499664949825018523e-01 6.716566391846341688e-02 3.050449671786965578e-01 3.033571199999999912e+00
3.003911233755422461e-01 -1.310081763176867281e-02 9.537261355203384694e-01 5.525559900000000191e+00 6.993276227852721072e-02 9.975169765200289085e-01 -8.324080395771083635e-03 -1.054529000000000022e-01 -9.512489588731621870e-01 6.919718297531625428e-02 3.005614215281227075e-01 3.065004800000000085e+00
2.967328320416679488e-01 -1.316794170840472275e-02 9.548697459338084670e-01 5.622838500000000295e+00 7.121013199454392928e-02 9.974261821065295575e-01 -8.374267114900184328e-03 -1.073864000000000068e-01 -9.523018132345708597e-01 7.048132064282083831e-02 2.969067866361309038e-01 3.095725100000000118e+00
2.938364895255343723e-01 -1.282515175858487191e-02 9.557696547315571722e-01 5.721109399999999567e+00 7.152470998497555132e-02 9.974017062598004024e-01 -8.605359469770753472e-03 -1.093007000000000006e-01 -9.531759193794585583e-01 7.088971598481758063e-02 2.939903312742040420e-01 3.125833500000000154e+00
2.902925205217449789e-01 -1.291137032375319973e-02 9.568508499476263696e-01 5.819739799999999796e+00 7.094590078169667191e-02 9.974475629732243442e-01 -8.064631488757405264e-03 -1.111614999999999964e-01 -9.543044229654423782e-01 7.022574766521685885e-02 2.904675759417140180e-01 3.156372300000000131e+00
2.866438054298156568e-01 -1.148015012559316927e-02 9.579684415270725006e-01 5.918674000000000213e+00 6.985685297398272486e-02 9.975168892077824756e-01 -8.948510367657310643e-03 -1.128299999999999997e-01 -9.554869695088915593e-01 6.948569563818550454e-02 2.867340042624734187e-01 3.186134299999999975e+00
2.820781728275553735e-01 -1.021358186251532588e-02 9.593370560756036003e-01 6.017245800000000422e+00 6.848267913244578120e-02 9.976069279705132020e-01 -9.515246926787540582e-03 -1.146693000000000018e-01 -9.569441086464300916e-01 6.838201525820193638e-02 2.821025928915166237e-01 3.215759799999999835e+00
2.778337852630138327e-01 -1.037256799296024448e-02 9.605731609823672246e-01 6.117668600000000012e+00 6.792808692413787597e-02 9.976507504660990788e-01 -8.874407093211827968e-03 -1.163937000000000027e-01 -9.582244845406800993e-01 6.771550729087610909e-02 2.778856730727350399e-01 3.244741400000000109e+00
2.734326963014108713e-01 -9.605812398741218894e-03 9.618431727477720905e-01 6.216891300000000342e+00 6.784132223998831646e-02 9.976525678803965791e-01 -9.322488851207698379e-03 -1.181992999999999933e-01 -9.594957611110486173e-01 6.780178588953991725e-02 2.734425026218830768e-01 3.272190800000000177e+00
2.690328174243265535e-01 -8.748452727953898861e-03 9.630912769429466058e-01 6.316619900000000065e+00 6.729185139266023741e-02 9.976858424593624264e-01 -9.734808282680851993e-03 -1.197422999999999960e-01 -9.607773674920100371e-01 6.742717798498745752e-02 2.689989326820902971e-01 3.300062699999999793e+00
2.649602831225194577e-01 -8.448300115369608565e-03 9.642223159587186565e-01 6.417459499999999650e+00 6.653028586992319748e-02 9.977387981579254328e-01 -9.540005893334348175e-03 -1.215436000000000016e-01 -9.619614178488140599e-01 6.667770898538133428e-02 2.649232222640366397e-01 3.327504600000000146e+00
2.605355288712351003e-01 -9.090912616105423227e-03 9.654214590030574250e-01 6.517555200000000326e+00 6.591603537251967959e-02 9.977898757539518382e-01 -8.392861471639329746e-03 -1.237354999999999983e-01 -9.632114588586218051e-01 6.582339364329166387e-02 2.605589498994914655e-01 3.355114700000000116e+00
2.566561897993992480e-01 -9.372484168018078987e-03 9.664573227919456277e-01 6.619945500000000038e+00 6.676485533825635144e-02 9.977362270944362121e-01 -8.054516436211054536e-03 -1.255422999999999956e-01 -9.641939920624461591e-01 6.659262484599734466e-02 2.567009310205239370e-01 3.382660200000000117e+00
2.526570969891631102e-01 -9.611517186483380798e-03 9.675081447090677633e-01 6.722309100000000370e+00 6.870866465126884703e-02 9.976044320378428809e-01 -8.032221379681125928e-03 -1.275918000000000052e-01 -9.651132113606403218e-01 6.850559039835116271e-02 2.527122342533602017e-01 3.409866099999999900e+00
2.486922368405051487e-01 -8.674823983660633758e-03 9.685437103012534132e-01 6.824677000000000326e+00 6.891185102385136152e-02 9.975842960204464038e-01 -8.759516074355627735e-03 -1.292862999999999929e-01 -9.661280081457800373e-01 6.892256352054010327e-02 2.486892681923056347e-01 3.437087099999999840e+00
2.449828006295706184e-01 -6.756529763352336904e-03 9.695038817360399630e-01 6.927849300000000099e+00 6.889749624922399118e-02 9.975689326941468149e-01 -1.045751089165517997e-02 -1.309769000000000072e-01 -9.670762960626635429e-01 6.935830036136882149e-02 2.448527389364920648e-01 3.464221000000000217e+00
2.386595958106647597e-01 -5.094168959155355447e-03 9.710899272313071595e-01 7.135276799999999753e+00 6.964974718831484779e-02 9.975007097070778261e-01 -1.188473182196230285e-02 -1.348591000000000095e-01 -9.686023487706880708e-01 7.047257322172729987e-02 2.384179237796821837e-01 3.516109000000000151e+00
2.350220453800297427e-01 -5.295808883772408493e-03 9.719756131681772660e-01 7.240139000000000102e+00 6.991097995903197693e-02 9.974872953505983242e-01 -1.146954643027370616e-02 -1.371141999999999916e-01 -9.694725849999862310e-01 7.064736387449238597e-02 2.348017395826317300e-01 3.542186000000000057e+00
2.309458132941673569e-01 -5.190847994326480697e-03 9.729527667975433891e-01 7.346072699999999678e+00 6.987634912966539380e-02 9.974920586183509963e-01 -1.126449402473680625e-02 -1.391755000000000075e-01 -9.704541860150864840e-01 7.058787495330920425e-02 2.307293322388188628e-01 3.567936200000000113e+00
2.271484766759506169e-01 -5.701099525222186326e-03 9.738434509755655721e-01 7.450607299999999711e+00 7.225151122389864011e-02 9.973256286975404894e-01 -1.101405778622788906e-02 -1.414556999999999898e-01 -9.711762397575725014e-01 7.286348747664381231e-02 2.269529103648662005e-01 3.592315900000000006e+00
2.239635318514804074e-01 -6.585294952803813495e-03 9.745752768724412762e-01 7.556087500000000290e+00 7.418621893597343586e-02 9.971911058811419037e-01 -1.031034778895075638e-02 -1.435047999999999879e-01 -9.717699014275934521e-01 7.460919676507637988e-02 2.238229801371507399e-01 3.616857299999999942e+00
2.209524261979012583e-01 -7.309893164641645402e-03 9.752571921391722798e-01 7.661888099999999646e+00 7.448919760046460170e-02 9.971774982403337484e-01 -9.401938310163789059e-03 -1.455440000000000067e-01 -9.724357998336444764e-01 7.472350677712277789e-02 2.208732956625344412e-01 3.641556299999999968e+00
2.181063427032818025e-01 -7.790068581545434023e-03 9.758939174439471564e-01 7.768613799999999792e+00 7.452332621780954902e-02 9.971813585754826237e-01 -8.695513727695496076e-03 -1.474716000000000082e-01 -9.730754837740147600e-01 7.462340746072521069e-02 2.180721209529499216e-01 3.665625799999999934e+00
2.152294567644941758e-01 -6.738838124321272494e-03 9.765402546754509139e-01 7.875236000000000125e+00 7.349140512784170520e-02 9.972523403826915045e-01 -9.315737951436149633e-03 -1.494715000000000071e-01 -9.737942772029397620e-01 7.377233669864727283e-02 2.151333261603726177e-01 3.690178899999999818e+00
2.124542492263635507e-01 -4.442322988343926082e-03 9.771609170203899852e-01 7.981815799999999683e+00 7.325413084473844649e-02 9.972482267928280963e-01 -1.139326435847352881e-02 -1.514413000000000009e-01 -9.744213792296657628e-01 7.400162109729324644e-02 2.121950418250353465e-01 3.713816399999999796e+00
2.091524340175254792e-01 -2.097947955493263683e-03 9.778807994632682243e-01 8.090345400000000353e+00 7.269595331053621545e-02 9.972640067588907087e-01 -1.340892223392993812e-02 -1.533950000000000036e-01 -9.751771929843401354e-01 7.389248566382973504e-02 2.087327066983124535e-01 3.737282299999999946e+00
2.058481540006026622e-01 -6.696465907339368973e-04 9.785837159221421055e-01 8.198230699999999871e+00 7.186498032075053222e-02 9.973099157197479192e-01 -1.443456305425901837e-02 -1.557813999999999865e-01 -9.759415771950913365e-01 7.329722764547619285e-02 2.053425292564716731e-01 3.760692399999999935e+00
1.983614478497717215e-01 7.102422473438327333e-04 9.801286811245205621e-01 8.416316000000000130e+00 7.112251862962953863e-02 9.973530328859506744e-01 -1.511671713613023729e-02 -1.612890999999999908e-01 -9.775450492691987181e-01 7.270779428057121130e-02 1.977858774031499012e-01 3.807280500000000067e+00
1.946525498817786304e-01 -1.034694969827970601e-05 9.808722570842046684e-01 8.526264199999999960e+00 7.065782160313086036e-02 9.974022020162742752e-01 -1.401141175567798339e-02 -1.640162000000000009e-01 -9.783240041370863116e-01 7.203365398220230864e-02 1.941476129730945743e-01 3.829518300000000153e+00
1.906851104893841353e-01 -6.609785939950332811e-04 9.816510335882856486e-01 8.635491399999999373e+00 7.045012454466226259e-02 9.974304157351976396e-01 -1.301329005104172321e-02 -1.666085999999999956e-01 -9.791199970326890378e-01 7.163887822690447049e-02 1.902416950542068497e-01 3.851916099999999954e+00
1.825110901530548890e-01 -2.461845155948411135e-04 9.832037639087473080e-01 8.854245199999999372e+00 6.919997950732444114e-02 9.975232879063605784e-01 -1.259575010350797233e-02 -1.718144000000000060e-01 -9.807655503775248862e-01 7.033654439669627390e-02 1.820760986922836944e-01 3.894338600000000206e+00
1.787658131604814016e-01 3.674171567644088365e-04 9.838915839917041772e-01 8.964185699999999812e+00 6.882893019106717247e-02 9.975453522263085793e-01 -1.287822272066259724e-02 -1.748264999999999958e-01 -9.814812083854815850e-01 7.002239110686456214e-02 1.783017171253609146e-01 3.915122000000000213e+00
1.752946074450496550e-01 1.272479598546365220e-03 9.845152012012599041e-01 9.074036599999999453e+00 6.850200192921801490e-02 9.975598213257241831e-01 -1.348623773624659655e-02 -1.772170999999999885e-01 -9.821299691651688146e-01 6.980532696191912856e-02 1.747796898823321676e-01 3.935543500000000083e+00
1.724181856686511360e-01 1.289971953897517398e-03 9.850229973067069489e-01 9.186045599999999922e+00 7.011363897816569324e-02 9.974465853715456243e-01 -1.357891600546819524e-02 -1.799678999999999862e-01 -9.825253415968312476e-01 7.140479887936296288e-02 1.718874859232857322e-01 3.955254099999999884e+00
1.700155136672853451e-01 4.022272159532186420e-04 9.854413038460057006e-01 9.295318599999999876e+00 7.116815353996860938e-02 9.973836627598546833e-01 -1.268555010427349639e-02 -1.826710000000000000e-01 -9.828681595382773306e-01 7.228877833386954110e-02 1.695420699792122843e-01 3.974076699999999907e+00
1.669657102281408290e-01 -7.772123200168110091e-04 9.859623966201864764e-01 9.407578499999999622e+00 7.245509673581215782e-02 9.973055629398912547e-01 -1.148360074848468401e-02 -1.849494999999999889e-01 -9.832968578028795648e-01 7.335536837993596182e-02 1.665721446245658210e-01 3.993557500000000093e+00
1.619278003413225642e-01 3.965551278873116758e-04 9.868025284831060118e-01 9.631327600000000544e+00 7.420305830274534498e-02 9.971638413051583383e-01 -1.257695241544803944e-02 -1.892916000000000043e-01 -9.840087873668305063e-01 7.526032379395942995e-02 1.614391217991730798e-01 4.030992000000000353e+00
1.556933079221314575e-01 2.088206712680180932e-03 9.878032361057487165e-01 9.851782800000000506e+00 7.309936475408723711e-02 9.972315242155566084e-01 -1.362974626567451178e-02 -1.954067999999999916e-01 -9.850969884944391630e-01 7.432984934360406526e-02 1.551096281851770398e-01 4.068018900000000215e+00
1.530508077021308089e-01 3.497041858804054992e-03 9.882121335826449249e-01 9.964228600000000213e+00 7.339310065219334378e-02 9.971918428248561783e-01 -1.489568327483747553e-02 -1.977974999999999872e-01 -9.854891694170883065e-01 7.480774894223878035e-02 1.523643582331923874e-01 4.084284799999999827e+00
1.500056297800803351e-01 4.677288007573818240e-03 9.886740787596162150e-01 1.007583619999999947e+01 7.138398193966848104e-02 9.973277089446919152e-01 -1.554889364453099221e-02 -2.000518000000000018e-01 -9.861047805161065050e-01 7.290791416592617979e-02 1.492708876347138558e-01 4.102547600000000294e+00
1.445587798857834450e-01 3.950440397958637773e-03 9.894883289754337063e-01 1.030148510000000073e+01 7.389133987173836238e-02 9.971568254838586443e-01 -1.477617281005734473e-02 -2.053325000000000011e-01 -9.867334133644676264e-01 7.525064392824559745e-02 1.438558707126390557e-01 4.135252999999999624e+00
1.417070986052819670e-01 2.822045847918425165e-03 9.899046086679791356e-01 1.041215990000000069e+01 7.427526108399798432e-02 9.971467294934306391e-01 -1.347536461320752652e-02 -2.078622999999999998e-01 -9.871181711405055959e-01 7.543497807905293062e-02 1.410931617281148132e-01 4.151197899999999663e+00
1.351460293536326240e-01 3.785285695738188627e-03 9.908184608504976287e-01 1.063631149999999970e+01 7.168578327246447057e-02 9.973347054067046580e-01 -1.358800456045331645e-02 -2.134725000000000095e-01 -9.882290722431518182e-01 7.286396231006989077e-02 1.345144742022820195e-01 4.182884200000000163e+00
1.279809294029384259e-01 3.584167775713964499e-03 9.917701525305728794e-01 1.086176299999999983e+01 6.974070433957572923e-02 9.974855207342951946e-01 -1.260436764189293637e-02 -2.189402000000000015e-01 -9.893215432140252119e-01 7.077986766579638656e-02 1.274091616243996361e-01 4.213145700000000105e+00
1.203257108347197124e-01 3.808366139985558396e-03 9.927271627488911676e-01 1.108533380000000079e+01 6.900955640162041715e-02 9.975415046564867216e-01 -1.219129250424168601e-02 -2.244294000000000011e-01 -9.903329765474697677e-01 6.997458706570708342e-02 1.197670769769922927e-01 4.241692500000000088e+00
1.121475545945593011e-01 4.437354107114585555e-03 9.936816572157244343e-01 1.131022549999999960e+01 6.744767289863833060e-02 9.976498346623819957e-01 -1.206726226946355784e-02 -2.284700000000000064e-01 -9.913998877441022595e-01 6.837482933543456709e-02 1.115847000907004283e-01 4.267920000000000158e+00
1.037119498301099368e-01 5.291443008720975172e-03 9.945932998433691941e-01 1.153529550000000015e+01 6.795632095110799853e-02 9.976113144747823513e-01 -1.239369495698385004e-02 -2.345942000000000027e-01 -9.922831097550873780e-01 6.887427576956599296e-02 1.031046275973634962e-01 4.294627700000000381e+00
9.613152188367352080e-02 6.582608989465520144e-03 9.953468740892399413e-01 1.176120279999999951e+01 6.680884032601536182e-02 9.976804414583008151e-01 -1.305050136442778216e-02 -2.385136999999999952e-01 -9.931240150930911170e-01 6.775253493753392864e-02 9.546876271805593284e-02 4.316425299999999687e+00
8.737288126522457787e-02 7.031154844491412093e-03 9.961508633138684843e-01 1.198558620000000019e+01 6.832891811073182886e-02 9.975776980551036566e-01 -1.303438885784097279e-02 -2.438555000000000028e-01 -9.938295319466159405e-01 6.920476287534904625e-02 8.668080656141152751e-02 4.340012599999999665e+00
8.018550647734121184e-02 8.435053213603466160e-03 9.967442673164744749e-01 1.221173860000000033e+01 7.179108694773647659e-02 9.973183867367608757e-01 -1.421531961115762507e-02 -2.489277000000000017e-01 -9.941912916465495131e-01 7.269721696233287511e-02 7.936491832098546695e-02 4.358653999999999584e+00
7.322481418563600575e-02 1.010685312584651968e-02 9.972642468811220295e-01 1.243715100000000007e+01 7.540055559836655874e-02 9.970306519143604662e-01 -1.564082346562746181e-02 -2.539764999999999939e-01 -9.944611017043033518e-01 7.633957468520409517e-02 7.224532188277266176e-02 4.378298299999999976e+00
6.772332893924896957e-02 1.179783960468331477e-02 9.976343827766004368e-01 1.266064929999999933e+01 7.798035233833794377e-02 9.968085476569094050e-01 -1.708168514261940857e-02 -2.594679999999999764e-01 -9.946520071696306475e-01 7.895270925550990082e-02 6.658719347321950810e-02 4.391466600000000220e+00
5.972376319726965810e-02 1.328172629296179436e-02 9.981265790751366884e-01 1.289247510000000041e+01 7.613900154259564679e-02 9.969379306643606498e-01 -1.782175206760344688e-02 -2.663627000000000078e-01 -9.953069499172869650e-01 7.706074324415355947e-02 5.852962751466617153e-02 4.410069499999999643e+00
5.568969158035275147e-02 1.390534018924405313e-02 9.983512907618773413e-01 1.300863359999999957e+01 7.738080799311913838e-02 9.968354661788858539e-01 -1.820065719295031401e-02 -2.693480999999999792e-01 -9.954450606668442392e-01 7.826681852576261589e-02 5.443745320859638692e-02 4.417482900000000434e+00
5.164043916664358413e-02 1.481409026098341741e-02 9.985558611176521548e-01 1.312448310000000085e+01 7.635349049417776424e-02 9.969047213333963597e-01 -1.873822490362845802e-02 -2.720555000000000057e-01 -9.957426422183754955e-01 7.721087561297884649e-02 5.034949011703515609e-02 4.424629699999999666e+00
4.602328951304650306e-02 1.561769689176998807e-02 9.988182739448627778e-01 1.335472009999999976e+01 7.648150038158567365e-02 9.968878204629936235e-01 -1.911160673317426409e-02 -2.770521000000000233e-01 -9.960082514325769854e-01 7.727069920958914984e-02 4.468559188241083557e-02 4.435607000000000077e+00
4.363236074904767309e-02 1.481112211880534352e-02 9.989378598076293914e-01 1.347109219999999929e+01 7.790201234044724643e-02 9.967952100418769890e-01 -1.818201613900519847e-02 -2.796564000000000272e-01 -9.960057698471299625e-01 7.861259376939597199e-02 4.233871197939487185e-02 4.440781099999999704e+00
4.091708002674853545e-02 1.425750221827682546e-02 9.990608170639968533e-01 1.358853339999999932e+01 7.865913526243592524e-02 9.967489033040921598e-01 -1.744603685240369781e-02 -2.825811999999999768e-01 -9.960615106517524131e-01 7.929910083087605976e-02 3.966257184757548959e-02 4.446542299999999948e+00
3.837585863262125974e-02 1.398343184494380692e-02 9.991655303842537084e-01 1.370556260000000037e+01 7.835076486065817303e-02 9.967815898396882313e-01 -1.695935737029647880e-02 -2.853708999999999829e-01 -9.961869559073532887e-01 7.893621342895405790e-02 3.715673679885911351e-02 4.451366900000000015e+00
3.599776439501050501e-02 1.329226476433988113e-02 9.992634670876323622e-01 1.382350540000000017e+01 7.810232336901580530e-02 9.968157686054057720e-01 -1.607328665754595431e-02 -2.879488000000000048e-01 -9.962952313661461723e-01 7.862340082347395176e-02 3.484498242255762435e-02 4.456040400000000012e+00
3.325071239237387816e-02 1.235449610310151991e-02 9.993706802540478495e-01 1.394222549999999927e+01 7.993229613222410657e-02 9.966877161008483865e-01 -1.498080801242428206e-02 -2.908452000000000259e-01 -9.962455611747689233e-01 8.038011569855528504e-02 3.215305335200380199e-02 4.459992899999999594e+00
3.010872508190920449e-02 1.209275066992370612e-02 9.994734764140452699e-01 1.406011870000000030e+01 7.981695196748372911e-02 9.967045979091765373e-01 -1.446370233816842571e-02 -2.932415999999999912e-01 -9.963547153762873920e-01 8.021041009708032576e-02 2.904429822694620800e-02 4.465326300000000082e+00
2.730301629114188777e-02 1.382769568615192096e-02 9.995315603488550416e-01 1.417902759999999951e+01 7.845156463759356269e-02 9.967905996969468330e-01 -1.593274495227926801e-02 -2.949469000000000118e-01 -9.965439766048054260e-01 7.884982680901764240e-02 2.613058562047165800e-02 4.470062300000000377e+00
2.365819615555277144e-02 1.677421991266987711e-02 9.995793691853520624e-01 1.429614450000000048e+01 7.711006746026127789e-02 9.968499417010212582e-01 -1.855346940451800195e-02 -2.982357999999999953e-01 -9.967418558738962986e-01 7.751657420830605771e-02 2.229021022935484542e-02 4.475372300000000081e+00
2.064626097624421355e-02 1.736880854340610777e-02 9.996359619368859750e-01 1.442250250000000023e+01 7.449875175994694065e-02 9.970426995270921244e-01 -1.886243107180015505e-02 -3.006191999999999753e-01 -9.970073559878636082e-01 7.486107005320663532e-02 1.929124922285407884e-02 4.476830500000000157e+00
1.561252359595408264e-02 1.635960126722692254e-02 9.997442735786703505e-01 1.454226210000000030e+01 7.296708732370434103e-02 9.971815540955517587e-01 -1.745715724495513002e-02 -3.037163999999999975e-01 -9.972121405570937291e-01 7.322097799099334947e-02 1.437480808852020786e-02 4.479777799999999921e+00
9.520749966307770137e-03 1.492925659739827854e-02 9.998432240194099485e-01 1.466411399999999965e+01 6.951892890791105950e-02 9.974593428623690361e-01 -1.555563756545534290e-02 -3.065706999999999738e-01 -9.975351993005439066e-01 6.965613134548916119e-02 8.458695076907774002e-03 4.482335100000000239e+00
3.844050546561300890e-03 1.416920207039011961e-02 9.998922226860673668e-01 1.478800580000000053e+01 6.739910990721986739e-02 9.976222285531318734e-01 -1.439614810973308470e-02 -3.091529000000000083e-01 -9.977186894406209205e-01 6.744718533320220866e-02 2.879918665291580915e-03 4.484208100000000030e+00
