-1.456358e-01 1.966691e-03 9.893363e-01 7.637583e+01 1.116862e-01 9.936382e-01 1.446557e-02 -6.266393e-01 -9.830139e-01 1.126019e-01 -1.449289e-01 1.429583e+01
-1.456204e-01 2.152571e-03 9.893382e-01 7.811207e+01 1.123679e-01 9.935626e-01 1.437762e-02 -6.192733e-01 -9.829385e-01 1.132635e-01 -1.449248e-01 1.403765e+01
-1.456043e-01 3.177492e-03 9.893378e-01 7.986417e+01 1.128566e-01 9.935207e-01 1.341856e-02 -6.121849e-01 -9.828849e-01 1.136071e-01 -1.450194e-01 1.377611e+01
-1.459369e-01 3.866772e-03 9.892864e-01 8.162656e+01 1.123299e-01 9.935899e-01 1.268701e-02 -6.069533e-01 -9.828959e-01 1.129779e-01 -1.454358e-01 1.351471e+01
-1.470604e-01 4.142622e-03 9.891189e-01 8.340315e+01 1.112117e-01 9.937197e-01 1.237285e-02 -6.037449e-01 -9.828556e-01 1.118211e-01 -1.465975e-01 1.324930e+01
-1.482341e-01 4.952492e-03 9.889399e-01 8.519377e+01 1.106078e-01 9.937964e-01 1.160240e-02 -6.018080e-01 -9.827474e-01 1.111043e-01 -1.478623e-01 1.298000e+01
-1.492423e-01 4.338053e-03 9.887912e-01 8.700538e+01 1.094671e-01 9.939160e-01 1.216177e-02 -5.994816e-01 -9.827226e-01 1.100551e-01 -1.488091e-01 1.270711e+01
-1.502286e-01 3.835819e-03 9.886439e-01 8.882747e+01 1.096199e-01 9.938911e-01 1.280101e-02 -5.948763e-01 -9.825552e-01 1.102981e-01 -1.497313e-01 1.242843e+01
-1.506723e-01 2.811838e-03 9.885798e-01 9.066661e+01 1.070118e-01 9.941663e-01 1.348224e-02 -5.892579e-01 -9.827748e-01 1.078211e-01 -1.500942e-01 1.214861e+01
-1.520677e-01 3.896026e-03 9.883624e-01 9.251613e+01 1.068060e-01 9.942011e-01 1.251394e-02 -5.822604e-01 -9.825822e-01 1.074660e-01 -1.516020e-01 1.186127e+01
-1.546860e-01 5.230309e-03 9.879499e-01 9.438417e+01 1.057142e-01 9.943325e-01 1.128785e-02 -5.761580e-01 -9.822915e-01 1.061864e-01 -1.543622e-01 1.156935e+01
-1.584947e-01 5.190445e-03 9.873462e-01 9.626377e+01 1.064537e-01 9.942469e-01 1.186186e-02 -5.690865e-01 -9.816043e-01 1.069867e-01 -1.581354e-01 1.126751e+01
-1.632049e-01 4.743000e-03 9.865808e-01 9.815387e+01 1.041819e-01 9.944803e-01 1.245328e-02 -5.670654e-01 -9.810760e-01 1.048163e-01 -1.627982e-01 1.095901e+01
-1.680724e-01 3.613141e-03 9.857681e-01 1.000527e+02 1.019229e-01 9.946975e-01 1.373188e-02 -5.652429e-01 -9.804914e-01 1.027803e-01 -1.675495e-01 1.063988e+01
-1.727782e-01 4.875200e-03 9.849487e-01 1.019553e+02 1.009596e-01 9.948083e-01 1.278618e-02 -5.641477e-01 -9.797728e-01 1.016492e-01 -1.723734e-01 1.030991e+01
-1.774521e-01 6.239531e-03 9.841097e-01 1.038698e+02 1.014658e-01 9.947668e-01 1.198894e-02 -5.624452e-01 -9.788848e-01 1.019809e-01 -1.771565e-01 9.966128e+00
-1.820546e-01 7.979443e-03 9.832561e-01 1.057910e+02 1.011783e-01 9.948112e-01 1.066042e-02 -5.643553e-01 -9.780690e-01 1.014249e-01 -1.819173e-01 9.611618e+00
-1.868758e-01 8.786952e-03 9.823443e-01 1.077248e+02 1.001207e-01 9.949235e-01 1.014694e-02 -5.687973e-01 -9.772682e-01 1.002492e-01 -1.868069e-01 9.246382e+00
-1.918873e-01 7.633132e-03 9.813873e-01 1.096683e+02 9.794174e-02 9.951267e-01 1.141021e-02 -5.717942e-01 -9.765176e-01 9.830823e-02 -1.916997e-01 8.871585e+00
-1.972643e-01 7.480826e-03 9.803218e-01 1.116206e+02 9.606302e-02 9.953061e-01 1.173501e-02 -5.733449e-01 -9.756324e-01 9.648755e-02 -1.970570e-01 8.486629e+00
-2.028929e-01 6.576712e-03 9.791789e-01 1.135815e+02 9.508165e-02 9.953844e-01 1.301604e-02 -5.728043e-01 -9.745737e-01 9.574279e-02 -2.025817e-01 8.086921e+00
-2.084031e-01 6.469213e-03 9.780216e-01 1.155478e+02 9.502287e-02 9.953813e-01 1.366404e-02 -5.705380e-01 -9.734160e-01 9.578203e-02 -2.080553e-01 7.674193e+00
-2.138450e-01 7.858298e-03 9.768360e-01 1.175182e+02 9.558616e-02 9.953373e-01 1.291820e-02 -5.680584e-01 -9.721798e-01 9.613447e-02 -2.135991e-01 7.246929e+00
-2.195383e-01 8.856306e-03 9.755637e-01 1.194963e+02 9.521901e-02 9.953792e-01 1.239164e-02 -5.658779e-01 -9.709460e-01 9.561263e-02 -2.193671e-01 6.808278e+00
-2.254576e-01 8.853206e-03 9.742128e-01 1.214861e+02 9.566882e-02 9.953271e-01 1.309511e-02 -5.645652e-01 -9.695444e-01 9.615416e-02 -2.252510e-01 6.351224e+00
-2.310452e-01 9.190854e-03 9.728996e-01 1.234817e+02 9.472620e-02 9.954172e-01 1.309209e-02 -5.636678e-01 -9.683207e-01 9.518392e-02 -2.308570e-01 5.883248e+00
-2.362092e-01 9.550857e-03 9.716553e-01 1.254794e+02 9.420289e-02 9.954666e-01 1.311579e-02 -5.607338e-01 -9.671251e-01 9.463079e-02 -2.360381e-01 5.403529e+00
-2.414041e-01 9.719218e-03 9.703760e-01 1.274889e+02 9.294890e-02 9.955840e-01 1.315154e-02 -5.591517e-01 -9.659630e-01 9.337020e-02 -2.412414e-01 4.911013e+00
-2.458159e-01 9.821942e-03 9.692668e-01 1.295004e+02 9.457506e-02 9.954207e-01 1.389822e-02 -5.556139e-01 -9.646917e-01 9.508485e-02 -2.456191e-01 4.402279e+00
-2.497010e-01 8.595703e-03 9.682849e-01 1.315233e+02 9.625855e-02 9.952279e-01 1.598823e-02 -5.494115e-01 -9.635267e-01 9.719796e-02 -2.493368e-01 3.880107e+00
-2.532929e-01 9.879226e-03 9.673392e-01 1.335486e+02 9.768544e-02 9.950979e-01 1.541572e-02 -5.427542e-01 -9.624449e-01 9.839963e-02 -2.530163e-01 3.348158e+00
-2.563419e-01 1.033140e-02 9.665310e-01 1.355837e+02 9.797856e-02 9.950701e-01 1.534925e-02 -5.360354e-01 -9.616075e-01 9.863395e-02 -2.560904e-01 2.806947e+00
-2.597614e-01 1.013191e-02 9.656197e-01 1.376250e+02 9.708426e-02 9.951527e-01 1.567485e-02 -5.295973e-01 -9.607802e-01 9.781817e-02 -2.594859e-01 2.257989e+00
-2.637027e-01 1.035061e-02 9.645485e-01 1.396797e+02 9.579549e-02 9.952802e-01 1.550960e-02 -5.224538e-01 -9.598354e-01 9.648930e-02 -2.634496e-01 1.699296e+00
-2.681714e-01 1.125920e-02 9.633055e-01 1.417304e+02 9.446872e-02 9.954198e-01 1.466427e-02 -5.179993e-01 -9.587282e-01 9.493475e-02 -2.680067e-01 1.132152e+00
-2.726489e-01 1.108767e-02 9.620497e-01 1.437927e+02 9.357615e-02 9.954984e-01 1.504669e-02 -5.127373e-01 -9.575521e-01 9.412736e-02 -2.724590e-01 5.515872e-01
-2.772301e-01 1.132109e-02 9.607369e-01 1.458618e+02 9.373713e-02 9.954791e-01 1.531828e-02 -5.061993e-01 -9.562200e-01 9.430339e-02 -2.770379e-01 -4.137210e-02
-2.817308e-01 1.185782e-02 9.594203e-01 1.479305e+02 9.322617e-02 9.955309e-01 1.507145e-02 -5.006247e-01 -9.549537e-01 9.368914e-02 -2.815771e-01 -6.449311e-01
-2.862852e-01 1.239653e-02 9.580643e-01 1.500068e+02 9.286516e-02 9.955677e-01 1.486782e-02 -4.959689e-01 -9.536335e-01 9.322721e-02 -2.861674e-01 -1.261108e+00
-2.904967e-01 1.139404e-02 9.568082e-01 1.520968e+02 9.253122e-02 9.955774e-01 1.623769e-02 -4.898301e-01 -9.523915e-01 9.325161e-02 -2.902662e-01 -1.892338e+00
-2.947361e-01 1.147144e-02 9.555099e-01 1.541812e+02 9.310741e-02 9.955148e-01 1.676813e-02 -4.829921e-01 -9.510318e-01 9.390720e-02 -2.944822e-01 -2.533182e+00
-2.986660e-01 1.208825e-02 9.542812e-01 1.562753e+02 9.410159e-02 9.954201e-01 1.684205e-02 -4.753909e-01 -9.497070e-01 9.482950e-02 -2.984357e-01 -3.187653e+00
-3.022573e-01 1.327702e-02 9.531339e-01 1.583734e+02 9.424427e-02 9.954202e-01 1.602063e-02 -4.676840e-01 -9.485560e-01 9.466974e-02 -3.021243e-01 -3.851462e+00
-3.058439e-01 1.542536e-02 9.519567e-01 1.604737e+02 9.475529e-02 9.953977e-01 1.431362e-02 -4.608735e-01 -9.473547e-01 9.458065e-02 -3.058979e-01 -4.525316e+00
-3.126266e-01 1.689296e-02 9.497259e-01 1.647037e+02 9.518253e-02 9.953665e-01 1.362698e-02 -4.525483e-01 -9.450952e-01 9.465745e-02 -3.127859e-01 -5.908582e+00
-3.161339e-01 1.703662e-02 9.485616e-01 1.668257e+02 9.503047e-02 9.953788e-01 1.379400e-02 -4.495307e-01 -9.439430e-01 9.450299e-02 -3.162920e-01 -6.614701e+00
-3.201365e-01 1.695749e-02 9.472197e-01 1.689537e+02 9.501387e-02 9.953733e-01 1.429274e-02 -4.456125e-01 -9.425948e-01 9.457461e-02 -3.202665e-01 -7.331463e+00
-3.239253e-01 1.718208e-02 9.459266e-01 1.710871e+02 9.640571e-02 9.952300e-01 1.493575e-02 -4.416744e-01 -9.411579e-01 9.603078e-02 -3.240366e-01 -8.063072e+00
-3.271325e-01 1.815461e-02 9.448041e-01 1.732245e+02 9.878847e-02 9.949941e-01 1.508585e-02 -4.365523e-01 -9.398006e-01 9.827080e-02 -3.272883e-01 -8.806086e+00
-3.298961e-01 1.768240e-02 9.438517e-01 1.753665e+02 9.945702e-02 9.949112e-01 1.612335e-02 -4.294089e-01 -9.387634e-01 9.919169e-02 -3.299759e-01 -9.557829e+00
-3.325870e-01 1.703682e-02 9.429187e-01 1.775169e+02 9.930238e-02 9.949112e-01 1.704978e-02 -4.209330e-01 -9.378299e-01 9.930458e-02 -3.325864e-01 -1.031827e+01
-3.353595e-01 1.698544e-02 9.419371e-01 1.796714e+02 9.814417e-02 9.950270e-01 1.699965e-02 -4.118277e-01 -9.369641e-01 9.814661e-02 -3.353588e-01 -1.108560e+01
-3.383518e-01 1.880925e-02 9.408317e-01 1.818303e+02 9.724016e-02 9.951467e-01 1.507538e-02 -4.043634e-01 -9.359820e-01 9.658739e-02 -3.385386e-01 -1.186225e+01
-3.416162e-01 2.028947e-02 9.396206e-01 1.839969e+02 9.708227e-02 9.951806e-01 1.380682e-02 -3.985802e-01 -9.348119e-01 9.593711e-02 -3.419395e-01 -1.264986e+01
-3.448185e-01 2.159976e-02 9.384208e-01 1.861699e+02 9.545937e-02 9.953590e-01 1.216580e-02 -3.990509e-01 -9.338028e-01 9.377604e-02 -3.452801e-01 -1.344797e+01
-3.519011e-01 2.312204e-02 9.357516e-01 1.905195e+02 9.504064e-02 9.954110e-01 1.114501e-02 -4.013833e-01 -9.311997e-01 9.285635e-02 -3.524837e-01 -1.507493e+01
-3.555047e-01 2.192990e-02 9.344172e-01 1.927087e+02 9.415617e-02 9.954795e-01 1.245931e-02 -4.038655e-01 -9.299198e-01 9.241047e-02 -3.559625e-01 -1.590879e+01
-3.592385e-01 2.119195e-02 9.330052e-01 1.949010e+02 9.384472e-02 9.954950e-01 1.352206e-02 -4.035663e-01 -9.285154e-01 9.241523e-02 -3.596089e-01 -1.675316e+01
-3.631389e-01 2.128419e-02 9.314919e-01 1.970930e+02 9.410306e-02 9.954648e-01 1.393979e-02 -4.021162e-01 -9.269707e-01 9.271829e-02 -3.634949e-01 -1.760738e+01
-3.666020e-01 2.143330e-02 9.301310e-01 1.992958e+02 9.312059e-02 9.955597e-01 1.376156e-02 -4.006638e-01 -9.257059e-01 9.165934e-02 -3.669700e-01 -1.847484e+01
-3.703490e-01 2.201051e-02 9.286319e-01 2.014804e+02 9.212319e-02 9.956609e-01 1.314053e-02 -4.011965e-01 -9.243132e-01 9.041510e-02 -3.707697e-01 -1.934449e+01
-3.735992e-01 2.206369e-02 9.273278e-01 2.036882e+02 9.207681e-02 9.956616e-01 1.340610e-02 -4.030819e-01 -9.230089e-01 9.039387e-02 -3.740100e-01 -2.023459e+01
-3.763962e-01 2.270051e-02 9.261807e-01 2.058770e+02 9.308605e-02 9.955675e-01 1.342863e-02 -4.061955e-01 -9.217705e-01 9.126896e-02 -3.768409e-01 -2.112723e+01
-3.789168e-01 2.285844e-02 9.251484e-01 2.080748e+02 9.433619e-02 9.954413e-01 1.404241e-02 -4.083230e-01 -9.206100e-01 9.259586e-02 -3.793458e-01 -2.203665e+01
-3.816064e-01 2.250176e-02 9.240510e-01 2.102746e+02 9.526666e-02 9.953372e-01 1.510471e-02 -4.072563e-01 -9.194024e-01 9.379529e-02 -3.819707e-01 -2.295396e+01
-3.840978e-01 2.314782e-02 9.230022e-01 2.124744e+02 9.628035e-02 9.952396e-01 1.510660e-02 -4.051777e-01 -9.182586e-01 9.466937e-02 -3.844980e-01 -2.387896e+01
-3.866127e-01 2.432739e-02 9.219213e-01 2.146697e+02 9.675317e-02 9.952055e-01 1.431277e-02 -4.036944e-01 -9.171529e-01 9.473228e-02 -3.871128e-01 -2.480688e+01
-3.920958e-01 2.535895e-02 9.195748e-01 2.190854e+02 9.548806e-02 9.953421e-01 1.326659e-02 -4.089666e-01 -9.149551e-01 9.301017e-02 -3.926909e-01 -2.669513e+01
-3.949738e-01 2.652036e-02 9.183096e-01 2.212752e+02 9.548710e-02 9.953543e-01 1.232452e-02 -4.145729e-01 -9.137165e-01 9.255456e-02 -3.956712e-01 -2.764230e+01
-4.003449e-01 2.717994e-02 9.159614e-01 2.256743e+02 9.384581e-02 9.955206e-01 1.147700e-02 -4.323730e-01 -9.115464e-01 9.055388e-02 -4.011023e-01 -2.956630e+01
-4.054481e-01 2.628911e-02 9.137400e-01 2.300656e+02 9.575560e-02 9.953085e-01 1.385312e-02 -4.485622e-01 -9.090889e-01 9.311242e-02 -4.060633e-01 -3.152450e+01
-4.116808e-01 2.580665e-02 9.109627e-01 2.344478e+02 9.367349e-02 9.955027e-01 1.413118e-02 -4.516442e-01 -9.065011e-01 9.115057e-02 -4.122467e-01 -3.350409e+01
-4.185234e-01 2.430782e-02 9.078807e-01 2.388266e+02 9.099928e-02 9.957336e-01 1.528968e-02 -4.565040e-01 -9.036356e-01 8.901555e-02 -4.189498e-01 -3.551552e+01
-4.257271e-01 2.389500e-02 9.045361e-01 2.431866e+02 8.957398e-02 9.958540e-01 1.585137e-02 -4.598154e-01 -9.004071e-01 8.777123e-02 -4.261024e-01 -3.755871e+01
-4.336948e-01 2.386280e-02 9.007439e-01 2.475244e+02 8.796735e-02 9.959953e-01 1.596872e-02 -4.614750e-01 -8.967556e-01 8.616158e-02 -4.340571e-01 -3.963198e+01
-4.410215e-01 2.505593e-02 8.971467e-01 2.518424e+02 8.852924e-02 9.959498e-01 1.570406e-02 -4.628392e-01 -8.931196e-01 8.634953e-02 -4.414534e-01 -4.174631e+01
-4.483033e-01 2.521558e-02 8.935258e-01 2.561425e+02 8.717879e-02 9.960700e-01 1.563027e-02 -4.599411e-01 -8.896201e-01 8.490359e-02 -4.487397e-01 -4.389031e+01
-4.553868e-01 2.592550e-02 8.899162e-01 2.604446e+02 8.760414e-02 9.960298e-01 1.581181e-02 -4.515860e-01 -8.859731e-01 8.516081e-02 -4.558499e-01 -4.607408e+01
-4.621008e-01 2.899750e-02 8.863532e-01 2.647340e+02 9.121464e-02 9.957186e-01 1.497936e-02 -4.443228e-01 -8.821240e-01 8.777034e-02 -4.627673e-01 -4.830007e+01
-4.649723e-01 2.982926e-02 8.848226e-01 2.668920e+02 9.212184e-02 9.956371e-01 1.484476e-02 -4.426920e-01 -8.805193e-01 8.841387e-02 -4.656915e-01 -4.943452e+01
-4.678605e-01 3.190777e-02 8.832262e-01 2.690255e+02 9.402770e-02 9.954733e-01 1.384527e-02 -4.394885e-01 -8.787863e-01 8.952536e-02 -4.687428e-01 -5.056793e+01
-4.732870e-01 3.502027e-02 8.802119e-01 2.733318e+02 9.677821e-02 9.952282e-01 1.244098e-02 -4.312748e-01 -8.755760e-01 9.107347e-02 -4.744177e-01 -5.288771e+01
-4.797661e-01 3.625912e-02 8.766469e-01 2.776580e+02 9.648349e-02 9.952665e-01 1.163754e-02 -4.182424e-01 -8.720753e-01 9.016523e-02 -4.809935e-01 -5.525311e+01
-4.863612e-01 3.769826e-02 8.729443e-01 2.820168e+02 9.634686e-02 9.952903e-01 1.069788e-02 -4.105826e-01 -8.684296e-01 8.930846e-02 -4.877027e-01 -5.767414e+01
-4.891485e-01 3.754739e-02 8.713920e-01 2.841885e+02 9.474989e-02 9.954479e-01 1.029420e-02 -4.095589e-01 -8.670387e-01 8.759967e-02 -4.904794e-01 -5.889251e+01
-4.918877e-01 3.780488e-02 8.698375e-01 2.863724e+02 9.587566e-02 9.953330e-01 1.095791e-02 -4.079618e-01 -8.653637e-01 8.878629e-02 -4.932166e-01 -6.012956e+01
-4.938980e-01 3.783481e-02 8.686964e-01 2.885702e+02 9.748770e-02 9.951633e-01 1.208380e-02 -4.045488e-01 -8.640375e-01 9.065535e-02 -4.951976e-01 -6.138495e+01
-4.959533e-01 3.775471e-02 8.675281e-01 2.907704e+02 9.815965e-02 9.950882e-01 1.281034e-02 -3.986685e-01 -8.627832e-01 9.150956e-02 -4.972233e-01 -6.264929e+01
-4.981567e-01 3.777312e-02 8.662639e-01 2.929827e+02 9.815975e-02 9.950850e-01 1.305774e-02 -3.908822e-01 -8.615130e-01 9.153703e-02 -4.994160e-01 -6.392341e+01
-5.004590e-01 3.710110e-02 8.649649e-01 2.951953e+02 9.755645e-02 9.951348e-01 1.376055e-02 -3.821466e-01 -8.602462e-01 9.126948e-02 -5.016436e-01 -6.520624e+01
-5.030179e-01 3.703289e-02 8.634823e-01 2.974212e+02 9.842723e-02 9.950362e-01 1.466339e-02 -3.713999e-01 -8.586531e-01 9.236610e-02 -5.041660e-01 -6.650521e+01
-5.051574e-01 3.705698e-02 8.622313e-01 2.996423e+02 9.892841e-02 9.949785e-01 1.519721e-02 -3.587114e-01 -8.573384e-01 9.297614e-02 -5.062867e-01 -6.780874e+01
-5.071269e-01 3.780852e-02 8.610417e-01 3.018763e+02 9.853901e-02 9.950298e-01 1.434445e-02 -3.470056e-01 -8.562198e-01 9.212063e-02 -5.083320e-01 -6.912560e+01
-5.093585e-01 4.004183e-02 8.596224e-01 3.041141e+02 9.794371e-02 9.951234e-01 1.168175e-02 -3.372516e-01 -8.549625e-01 9.014478e-02 -5.107963e-01 -7.045170e+01
-5.126685e-01 3.931280e-02 8.576862e-01 3.063593e+02 9.633206e-02 9.952774e-01 1.196155e-02 -3.307952e-01 -8.531654e-01 8.875497e-02 -5.140344e-01 -7.179168e+01
-5.171586e-01 3.690592e-02 8.550936e-01 3.086134e+02 9.360376e-02 9.955160e-01 1.364476e-02 -3.233356e-01 -8.507557e-01 8.709646e-02 -5.182942e-01 -7.314403e+01
-5.220571e-01 3.451451e-02 8.522120e-01 3.108714e+02 9.114758e-02 9.957166e-01 1.550971e-02 -3.126191e-01 -8.480262e-01 8.577399e-02 -5.229668e-01 -7.451245e+01
-5.268235e-01 3.309434e-02 8.493302e-01 3.131301e+02 8.979367e-02 9.958171e-01 1.689507e-02 -2.971879e-01 -8.452184e-01 8.516518e-02 -5.275914e-01 -7.590012e+01
-5.311682e-01 3.348928e-02 8.466043e-01 3.153852e+02 9.017544e-02 9.957776e-01 1.718683e-02 -2.796424e-01 -8.424540e-01 8.547199e-02 -5.319453e-01 -7.730725e+01
-5.353072e-01 3.467362e-02 8.439455e-01 3.176383e+02 9.238538e-02 9.955660e-01 1.769624e-02 -2.578412e-01 -8.395898e-01 8.744113e-02 -5.361370e-01 -7.872988e+01
-5.390292e-01 3.588530e-02 8.415223e-01 3.198954e+02 9.381170e-02 9.954336e-01 1.764160e-02 -2.381554e-01 -8.370465e-01 8.845395e-02 -5.399342e-01 -8.017271e+01
-5.426799e-01 3.583575e-02 8.391748e-01 3.221579e+02 9.420860e-02 9.953821e-01 1.841670e-02 -2.197853e-01 -8.346396e-01 8.905184e-02 -5.435499e-01 -8.163211e+01
-5.466164e-01 3.426157e-02 8.366820e-01 3.244120e+02 9.455334e-02 9.952979e-01 2.101626e-02 -2.016825e-01 -8.320277e-01 9.059888e-02 -5.472856e-01 -8.310009e+01
-5.505309e-01 3.288636e-02 8.341668e-01 3.266626e+02 9.308915e-02 9.954104e-01 2.219342e-02 -1.825361e-01 -8.296084e-01 8.987002e-02 -5.510655e-01 -8.457972e+01
-5.542889e-01 3.278444e-02 8.316784e-01 3.289055e+02 9.233886e-02 9.954779e-01 2.229974e-02 -1.608324e-01 -8.271864e-01 8.915672e-02 -5.548096e-01 -8.606826e+01
-5.583189e-01 3.221365e-02 8.290008e-01 3.311477e+02 9.187847e-02 9.955000e-01 2.319514e-02 -1.383913e-01 -8.245231e-01 8.911758e-02 -5.587662e-01 -8.757051e+01
-5.624024e-01 3.172657e-02 8.262548e-01 3.333840e+02 9.317394e-02 9.953308e-01 2.520143e-02 -1.125608e-01 -8.215973e-01 9.115875e-02 -5.627325e-01 -8.908675e+01
-5.662656e-01 3.200649e-02 8.236012e-01 3.356133e+02 9.376371e-02 9.952604e-01 2.578962e-02 -8.455148e-02 -8.188722e-01 9.182766e-02 -5.665827e-01 -9.061426e+01
-5.699347e-01 3.105914e-02 8.211028e-01 3.378389e+02 9.197118e-02 9.954173e-01 2.618521e-02 -5.242768e-02 -8.165266e-01 9.044163e-02 -5.701793e-01 -9.215154e+01
-5.734629e-01 2.980165e-02 8.186893e-01 3.400560e+02 9.146806e-02 9.954189e-01 2.783523e-02 -1.599584e-02 -8.141093e-01 9.084638e-02 -5.735616e-01 -9.370014e+01
-5.764348e-01 2.883221e-02 8.166344e-01 3.422752e+02 9.162022e-02 9.953561e-01 2.952944e-02 2.333862e-02 -8.119905e-01 9.184199e-02 -5.763994e-01 -9.526502e+01
-5.792285e-01 2.833649e-02 8.146726e-01 3.444892e+02 8.960529e-02 9.955527e-01 2.908096e-02 6.337510e-02 -8.102254e-01 8.984348e-02 -5.791916e-01 -9.683616e+01
-5.821727e-01 2.738547e-02 8.126039e-01 3.467010e+02 8.552969e-02 9.959502e-01 2.771149e-02 1.024766e-01 -8.085540e-01 8.563461e-02 -5.821572e-01 -9.841195e+01
-5.884897e-01 2.360915e-02 8.081600e-01 3.511094e+02 7.975283e-02 9.963937e-01 2.896666e-02 1.754218e-01 -8.045616e-01 8.149961e-02 -5.882502e-01 -1.015909e+02
-5.915552e-01 2.271379e-02 8.059445e-01 3.533107e+02 8.013301e-02 9.963101e-01 3.073798e-02 2.141195e-01 -8.022725e-01 8.276596e-02 -5.911925e-01 -1.032033e+02
-5.945947e-01 2.268037e-02 8.037057e-01 3.554996e+02 7.939344e-02 9.963730e-01 3.061917e-02 2.539708e-01 -8.000961e-01 8.201493e-02 -5.942387e-01 -1.048170e+02
-5.974407e-01 2.308157e-02 8.015809e-01 3.576809e+02 7.813459e-02 9.965050e-01 2.954148e-02 2.903191e-01 -7.980974e-01 8.028046e-02 -5.971561e-01 -1.064411e+02
-6.007205e-01 1.876716e-02 7.992389e-01 3.598670e+02 7.511391e-02 9.966269e-01 3.305469e-02 3.297903e-01 -7.959226e-01 7.989057e-02 -6.001039e-01 -1.080781e+02
-6.038752e-01 1.623428e-02 7.969136e-01 3.620386e+02 7.242569e-02 9.967743e-01 3.457609e-02 3.801369e-01 -7.937816e-01 7.859665e-02 -6.031030e-01 -1.097167e+02
-6.068475e-01 1.634159e-02 7.946503e-01 3.642051e+02 7.194258e-02 9.968139e-01 3.444111e-02 4.335940e-01 -7.915556e-01 7.806967e-02 -6.060897e-01 -1.113631e+02
-6.095901e-01 1.605467e-02 7.925543e-01 3.663626e+02 7.126306e-02 9.968566e-01 3.461851e-02 4.855505e-01 -7.895071e-01 7.758292e-02 -6.088179e-01 -1.130176e+02
-6.122075e-01 1.580857e-02 7.905392e-01 3.685148e+02 7.108644e-02 9.968518e-01 3.511634e-02 5.357534e-01 -7.874952e-01 7.769508e-02 -6.114039e-01 -1.146817e+02
-6.150181e-01 1.428418e-02 7.883836e-01 3.706543e+02 7.043109e-02 9.968345e-01 3.688232e-02 5.857535e-01 -7.853612e-01 7.820999e-02 -6.140773e-01 -1.163494e+02
-6.177963e-01 1.359792e-02 7.862206e-01 3.727925e+02 6.786551e-02 9.970417e-01 3.608321e-02 6.347512e-01 -7.834041e-01 7.564932e-02 -6.168915e-01 -1.180262e+02
-6.206707e-01 1.085791e-02 7.839962e-01 3.749322e+02 5.885749e-02 9.977281e-01 3.277805e-02 6.806409e-01 -7.818591e-01 6.648841e-02 -6.198996e-01 -1.197055e+02
-6.239941e-01 1.192773e-02 7.813381e-01 3.770444e+02 4.951205e-02 9.984779e-01 2.429889e-02 7.141844e-01 -7.798589e-01 5.384800e-02 -6.236348e-01 -1.213733e+02
-6.266260e-01 2.205789e-02 7.790079e-01 3.791489e+02 5.900870e-02 9.980727e-01 1.920520e-02 7.322390e-01 -7.770829e-01 5.800271e-02 -6.267199e-01 -1.230734e+02
-6.274763e-01 2.388148e-02 7.782693e-01 3.812460e+02 6.664289e-02 9.975089e-01 2.312160e-02 7.514499e-01 -7.757784e-01 6.637436e-02 -6.275047e-01 -1.247861e+02
-6.293392e-01 1.350458e-02 7.770134e-01 3.833531e+02 6.579098e-02 9.971854e-01 3.595595e-02 7.912642e-01 -7.743408e-01 7.374895e-02 -6.284563e-01 -1.264979e+02
-6.322787e-01 3.794990e-03 7.747318e-01 3.854625e+02 6.029882e-02 9.971956e-01 4.432671e-02 8.581189e-01 -7.723909e-01 7.474223e-02 -6.307344e-01 -1.282062e+02
-6.354821e-01 -2.169544e-03 7.721126e-01 3.875638e+02 5.428748e-02 9.973957e-01 4.748350e-02 9.375737e-01 -7.702048e-01 7.209095e-02 -6.337093e-01 -1.299140e+02
-6.382772e-01 -2.563005e-03 7.698024e-01 3.896489e+02 5.281065e-02 9.974927e-01 4.710871e-02 1.015440e+00 -7.679930e-01 7.072216e-02 -6.365415e-01 -1.316273e+02
-6.407552e-01 2.180977e-03 7.677422e-01 3.917168e+02 5.798493e-02 9.972772e-01 4.556100e-02 1.088896e+00 -7.655524e-01 7.371091e-02 -6.391370e-01 -1.333507e+02
-6.427141e-01 9.281153e-03 7.660500e-01 3.937800e+02 6.314894e-02 9.971656e-01 4.090054e-02 1.154913e+00 -7.634991e-01 7.466258e-02 -6.414785e-01 -1.350831e+02
-6.451251e-01 1.299057e-02 7.639665e-01 3.958385e+02 6.465990e-02 9.971970e-01 3.764505e-02 1.214067e+00 -7.613361e-01 7.368375e-02 -6.441568e-01 -1.368244e+02
-6.480120e-01 1.202720e-02 7.615352e-01 3.978934e+02 6.400803e-02 9.971980e-01 3.871714e-02 1.272858e+00 -7.589357e-01 7.383352e-02 -6.469661e-01 -1.385702e+02
-6.508502e-01 1.161103e-02 7.591174e-01 3.999429e+02 6.462644e-02 9.971011e-01 4.015815e-02 1.334967e+00 -7.564505e-01 7.519598e-02 -6.497138e-01 -1.403176e+02
-6.532311e-01 1.121137e-02 7.570756e-01 4.019775e+02 6.522569e-02 9.970066e-01 4.151452e-02 1.399861e+00 -7.543439e-01 7.649933e-02 -6.520070e-01 -1.420688e+02
-6.550600e-01 1.168809e-02 7.554865e-01 4.040132e+02 6.588239e-02 9.969556e-01 4.170082e-02 1.463950e+00 -7.526991e-01 7.708978e-02 -6.538357e-01 -1.438398e+02
-6.564592e-01 1.172668e-02 7.542705e-01 4.060396e+02 6.614536e-02 9.969228e-01 4.206862e-02 1.530570e+00 -7.514560e-01 7.750781e-02 -6.552147e-01 -1.456094e+02
-6.576740e-01 1.232267e-02 7.532019e-01 4.080639e+02 6.689873e-02 9.968710e-01 4.210482e-02 1.596786e+00 -7.503263e-01 7.807948e-02 -6.564404e-01 -1.473861e+02
-6.587023e-01 1.203487e-02 7.523075e-01 4.100865e+02 6.824368e-02 9.967064e-01 4.380791e-02 1.665192e+00 -7.493024e-01 8.019658e-02 -6.573540e-01 -1.491653e+02
-6.608928e-01 1.078191e-02 7.504029e-01 4.141199e+02 7.151847e-02 9.962510e-01 4.867325e-02 1.820766e+00 -7.470648e-01 8.583545e-02 -6.591862e-01 -1.527256e+02
-6.634470e-01 1.166464e-02 7.481324e-01 4.181369e+02 6.703205e-02 9.967844e-01 4.390275e-02 1.980352e+00 -7.452146e-01 7.927598e-02 -6.620955e-01 -1.562858e+02
-6.658022e-01 1.000833e-02 7.460613e-01 4.221413e+02 6.306201e-02 9.970870e-01 4.290216e-02 2.117805e+00 -7.434586e-01 7.561245e-02 -6.644938e-01 -1.598579e+02
-6.676013e-01 8.285427e-03 7.444729e-01 4.261357e+02 5.852154e-02 9.974282e-01 4.137817e-02 2.256082e+00 -7.422154e-01 7.119181e-02 -6.663692e-01 -1.634423e+02
-6.688990e-01 5.516573e-03 7.433329e-01 4.301109e+02 5.777251e-02 9.973336e-01 4.458581e-02 2.396912e+00 -7.411049e-01 7.276759e-02 -6.674341e-01 -1.670320e+02
-6.688562e-01 4.782552e-03 7.433765e-01 4.320961e+02 5.962807e-02 9.971024e-01 4.723569e-02 2.471810e+00 -7.409965e-01 7.591998e-02 -6.672033e-01 -1.688310e+02
-6.679607e-01 3.317931e-03 7.441892e-01 4.340721e+02 6.413589e-02 9.965262e-01 5.312338e-02 2.549279e+00 -7.414277e-01 8.321354e-02 -6.658531e-01 -1.706280e+02
-6.664665e-01 2.245014e-03 7.455316e-01 4.360531e+02 6.807604e-02 9.960011e-01 5.785718e-02 2.650572e+00 -7.424204e-01 8.931269e-02 -6.639541e-01 -1.724221e+02
-6.646993e-01 4.525680e-04 7.471109e-01 4.380420e+02 6.387629e-02 9.963726e-01 5.622671e-02 2.755615e+00 -7.443754e-01 8.509651e-02 -6.623170e-01 -1.742029e+02
-6.640222e-01 7.332386e-04 7.477126e-01 4.400300e+02 5.667972e-02 9.971716e-01 4.935776e-02 2.843910e+00 -7.455615e-01 7.515477e-02 -6.621855e-01 -1.759705e+02
-6.623343e-01 -1.685100e-03 7.492066e-01 4.420339e+02 5.114571e-02 9.975629e-01 4.745893e-02 2.921911e+00 -7.474606e-01 6.975236e-02 -6.606339e-01 -1.777475e+02
-6.599321e-01 -2.489415e-03 7.513212e-01 4.440392e+02 4.941883e-02 9.976851e-01 4.671333e-02 3.006852e+00 -7.496982e-01 6.795703e-02 -6.582813e-01 -1.795200e+02
-6.571388e-01 -2.384720e-03 7.537658e-01 4.460460e+02 5.118087e-02 9.975460e-01 4.777584e-02 3.098726e+00 -7.520300e-01 6.997374e-02 -6.554041e-01 -1.812884e+02
-6.518127e-01 -7.487279e-04 7.583797e-01 4.500640e+02 5.035348e-02 9.977501e-01 4.426288e-02 3.278015e+00 -7.567065e-01 6.703814e-02 -6.503084e-01 -1.847916e+02
-6.493819e-01 -1.250006e-02 7.603597e-01 4.541251e+02 3.451564e-02 9.983500e-01 4.589046e-02 3.436998e+00 -7.596787e-01 5.604473e-02 -6.478790e-01 -1.882652e+02
-6.482236e-01 -1.648422e-02 7.612716e-01 4.581873e+02 2.535380e-02 9.987440e-01 4.321512e-02 3.593514e+00 -7.610278e-01 4.731418e-02 -6.469915e-01 -1.917203e+02
-6.457730e-01 -1.750312e-02 7.633289e-01 4.622462e+02 2.915962e-02 9.984425e-01 4.756317e-02 3.750848e+00 -7.629724e-01 5.297338e-02 -6.442568e-01 -1.951830e+02
-6.434782e-01 -2.002168e-02 7.652026e-01 4.663135e+02 2.551058e-02 9.985416e-01 4.757953e-02 3.921999e+00 -7.650392e-01 5.013714e-02 -6.420289e-01 -1.986214e+02
-6.415126e-01 -1.754977e-02 7.669117e-01 4.703839e+02 2.511503e-02 9.987218e-01 4.386287e-02 4.079549e+00 -7.667012e-01 4.739958e-02 -6.402518e-01 -2.020483e+02
-6.391027e-01 -1.702761e-02 7.689330e-01 4.744683e+02 2.897557e-02 9.985121e-01 4.619471e-02 4.230210e+00 -7.685754e-01 5.180342e-02 -6.376583e-01 -2.054787e+02
-6.372622e-01 -1.757278e-02 7.704467e-01 4.785558e+02 2.893845e-02 9.984892e-01 4.671006e-02 4.389454e+00 -7.701035e-01 5.206208e-02 -6.357909e-01 -2.088868e+02
-6.357276e-01 -1.991678e-02 7.716565e-01 4.826545e+02 2.804295e-02 9.984112e-01 4.887253e-02 4.555624e+00 -7.714039e-01 5.270913e-02 -6.341590e-01 -2.122853e+02
-6.347825e-01 -1.785998e-02 7.724845e-01 4.867577e+02 2.769275e-02 9.985647e-01 4.584327e-02 4.720801e+00 -7.721945e-01 5.049271e-02 -6.333767e-01 -2.156770e+02
-6.337660e-01 -1.964247e-02 7.732754e-01 4.908629e+02 2.766558e-02 9.984623e-01 4.803691e-02 4.880930e+00 -7.730299e-01 5.183726e-02 -6.322480e-01 -2.190659e+02
-6.337949e-01 -2.127668e-02 7.732085e-01 4.949713e+02 2.566601e-02 9.984927e-01 4.851420e-02 5.038016e+00 -7.730752e-01 5.059322e-02 -6.322934e-01 -2.224476e+02
-6.341946e-01 -2.049598e-02 7.729018e-01 4.990722e+02 2.633335e-02 9.984960e-01 4.808582e-02 5.193552e+00 -7.727248e-01 5.084886e-02 -6.327010e-01 -2.258270e+02
-6.346300e-01 -2.317670e-02 7.724686e-01 5.154974e+02 2.483037e-02 9.984226e-01 5.035575e-02 5.857608e+00 -7.724171e-01 5.113794e-02 -6.330534e-01 -2.393843e+02
-6.344472e-01 -2.404252e-02 7.725922e-01 5.196014e+02 2.355973e-02 9.984503e-01 5.041814e-02 6.026971e+00 -7.726070e-01 5.018971e-02 -6.328975e-01 -2.427680e+02
-6.339935e-01 -2.575882e-02 7.729093e-01 5.237106e+02 2.390444e-02 9.983148e-01 5.287899e-02 6.206642e+00 -7.729689e-01 5.200088e-02 -6.323092e-01 -2.461557e+02
-6.335759e-01 -2.408283e-02 7.733057e-01 5.278159e+02 2.550849e-02 9.983218e-01 5.198975e-02 6.392878e+00 -7.732599e-01 5.266529e-02 -6.318982e-01 -2.495367e+02
-6.338700e-01 -2.930732e-02 7.728842e-01 5.422136e+02 2.279970e-02 9.981395e-01 5.654772e-02 7.066817e+00 -7.731035e-01 5.346542e-02 -6.320225e-01 -2.613661e+02
-6.343956e-01 -2.556962e-02 7.725856e-01 5.463253e+02 2.211949e-02 9.984430e-01 5.120768e-02 7.265256e+00 -7.726920e-01 4.957512e-02 -6.328422e-01 -2.647478e+02
-6.343860e-01 -2.725994e-02 7.725357e-01 5.545493e+02 2.445367e-02 9.981701e-01 5.530245e-02 7.654529e+00 -7.726295e-01 5.397442e-02 -6.325585e-01 -2.715254e+02
-6.341833e-01 -2.586426e-02 7.727501e-01 5.627775e+02 2.725792e-02 9.980711e-01 5.577597e-02 8.058037e+00 -7.727021e-01 5.643573e-02 -6.322549e-01 -2.783114e+02
-6.338899e-01 -2.726787e-02 7.729425e-01 5.668959e+02 2.672909e-02 9.980090e-01 5.712828e-02 8.267916e+00 -7.729613e-01 5.687308e-02 -6.318989e-01 -2.817021e+02
-6.325817e-01 -3.043971e-02 7.738953e-01 5.751384e+02 2.506042e-02 9.978996e-01 5.973487e-02 8.705148e+00 -7.740881e-01 5.718131e-02 -6.304902e-01 -2.884766e+02
-6.317201e-01 -2.792959e-02 7.746933e-01 5.792540e+02 2.653593e-02 9.979859e-01 5.761843e-02 8.924907e+00 -7.747422e-01 5.695591e-02 -6.297066e-01 -2.918529e+02
-6.302434e-01 -2.707487e-02 7.759254e-01 5.833713e+02 2.843217e-02 9.979165e-01 5.791490e-02 9.137328e+00 -7.758768e-01 5.856172e-02 -6.281605e-01 -2.952267e+02
-6.291126e-01 -2.733405e-02 7.768334e-01 5.875190e+02 2.864647e-02 9.978873e-01 5.831129e-02 9.353208e+00 -7.767861e-01 5.893789e-02 -6.270005e-01 -2.986121e+02
-6.279511e-01 -2.810392e-02 7.777453e-01 5.916108e+02 2.729992e-02 9.979373e-01 5.810251e-02 9.561344e+00 -7.777739e-01 5.771790e-02 -6.258885e-01 -3.019383e+02
-6.262648e-01 -3.113537e-02 7.789885e-01 6.040024e+02 2.281137e-02 9.980425e-01 5.822984e-02 1.020684e+01 -7.792766e-01 5.423708e-02 -6.243286e-01 -3.119523e+02
-6.265124e-01 -3.312816e-02 7.787071e-01 6.081333e+02 2.244936e-02 9.979148e-01 6.051553e-02 1.043016e+01 -7.790881e-01 5.539520e-02 -6.244622e-01 -3.152902e+02
-6.267867e-01 -3.057031e-02 7.785910e-01 6.122707e+02 2.202105e-02 9.981359e-01 5.691797e-02 1.065103e+01 -7.788797e-01 5.282080e-02 -6.249451e-01 -3.186358e+02
-6.265023e-01 -2.875580e-02 7.788890e-01 6.164014e+02 2.309928e-02 9.981952e-01 5.543235e-02 1.085851e+01 -7.790772e-01 5.272026e-02 -6.247073e-01 -3.219781e+02
-6.264904e-01 -3.068870e-02 7.788248e-01 6.205350e+02 2.368425e-02 9.980136e-01 5.837730e-02 1.106765e+01 -7.790692e-01 5.501868e-02 -6.245190e-01 -3.253171e+02
-6.261498e-01 -3.047621e-02 7.791070e-01 6.246751e+02 2.373232e-02 9.980279e-01 5.811281e-02 1.128685e+01 -7.793415e-01 5.487733e-02 -6.241916e-01 -3.286575e+02
-6.256200e-01 -3.038161e-02 7.795362e-01 6.288138e+02 2.390428e-02 9.980256e-01 5.808148e-02 1.150486e+01 -7.797616e-01 5.497117e-02 -6.236585e-01 -3.319942e+02
-6.242585e-01 -3.023636e-02 7.806325e-01 6.370951e+02 2.295669e-02 9.981092e-01 5.701798e-02 1.194090e+01 -7.808805e-01 5.351468e-02 -6.223840e-01 -3.386594e+02
-6.234237e-01 -3.101860e-02 7.812687e-01 6.412374e+02 2.321209e-02 9.980381e-01 5.814735e-02 1.215564e+01 -7.815396e-01 5.438530e-02 -6.214805e-01 -3.419886e+02
-6.226340e-01 -3.036108e-02 7.819241e-01 6.453750e+02 2.387978e-02 9.980444e-01 5.776784e-02 1.237656e+01 -7.821488e-01 5.464038e-02 -6.206913e-01 -3.453101e+02
-6.205815e-01 -3.013895e-02 7.835626e-01 6.536623e+02 2.582840e-02 9.979332e-01 5.884059e-02 1.280042e+01 -7.837165e-01 5.675353e-02 -6.185204e-01 -3.519355e+02
-6.197503e-01 -3.095389e-02 7.841885e-01 6.578057e+02 2.526742e-02 9.979168e-01 5.935931e-02 1.302023e+01 -7.843922e-01 5.660235e-02 -6.176770e-01 -3.552341e+02
-6.187172e-01 -2.938215e-02 7.850642e-01 6.619586e+02 2.526392e-02 9.980394e-01 5.726380e-02 1.323887e+01 -7.852075e-01 5.526388e-02 -6.167618e-01 -3.585328e+02
-6.181475e-01 -2.899896e-02 7.855271e-01 6.661120e+02 2.486200e-02 9.980980e-01 5.641076e-02 1.345227e+01 -7.856689e-01 5.439993e-02 -6.162508e-01 -3.618289e+02
-6.182589e-01 -2.961843e-02 7.854163e-01 6.702712e+02 2.373143e-02 9.981306e-01 5.632074e-02 1.366357e+01 -7.856161e-01 5.345984e-02 -6.164002e-01 -3.651232e+02
-6.188770e-01 -3.062233e-02 7.848909e-01 6.744325e+02 2.193799e-02 9.981761e-01 5.624143e-02 1.387413e+01 -7.851815e-01 5.202544e-02 -6.170764e-01 -3.684192e+02
-6.206549e-01 -3.096139e-02 7.834724e-01 6.868945e+02 2.296153e-02 9.980738e-01 5.763181e-02 1.451349e+01 -7.837476e-01 5.375918e-02 -6.187484e-01 -3.783370e+02
-6.204054e-01 -2.873466e-02 7.837548e-01 6.910408e+02 2.516469e-02 9.980847e-01 5.651249e-02 1.472406e+01 -7.838775e-01 5.478359e-02 -6.184940e-01 -3.816488e+02
-6.194259e-01 -2.764355e-02 7.845683e-01 6.951930e+02 2.762599e-02 9.979933e-01 5.697441e-02 1.492975e+01 -7.845689e-01 5.696589e-02 -6.174192e-01 -3.849613e+02
-6.176405e-01 -2.677779e-02 7.860046e-01 7.035065e+02 2.660958e-02 9.981364e-01 5.491448e-02 1.534668e+01 -7.860103e-01 5.483265e-02 -6.157768e-01 -3.915686e+02
-6.167027e-01 -2.825224e-02 7.866891e-01 7.076613e+02 2.705064e-02 9.980050e-01 5.704677e-02 1.554996e+01 -7.867312e-01 5.646132e-02 -6.147080e-01 -3.948665e+02
-6.155892e-01 -2.809754e-02 7.875662e-01 7.118243e+02 2.864569e-02 9.979060e-01 5.799218e-02 1.576531e+01 -7.875464e-01 5.825973e-02 -6.134953e-01 -3.981607e+02
-6.142781e-01 -2.593378e-02 7.886634e-01 7.159839e+02 2.957014e-02 9.980012e-01 5.584921e-02 1.599116e+01 -7.885354e-01 5.762782e-02 -6.122833e-01 -4.014338e+02
-6.121955e-01 -2.349402e-02 7.903574e-01 7.222296e+02 3.054747e-02 9.981095e-01 5.333110e-02 1.632798e+01 -7.901162e-01 5.679246e-02 -6.103204e-01 -4.063296e+02
-6.089475e-01 -2.434435e-02 7.928369e-01 7.326752e+02 2.817377e-02 9.982344e-01 5.229034e-02 1.688104e+01 -7.927100e-01 5.417927e-02 -6.071864e-01 -4.144501e+02
-6.077041e-01 -2.493766e-02 7.937719e-01 7.473289e+02 2.681944e-02 9.982923e-01 5.189571e-02 1.755500e+01 -7.937105e-01 5.282575e-02 -6.059975e-01 -4.257917e+02
-6.064594e-01 -2.383008e-02 7.947573e-01 7.515173e+02 3.164025e-02 9.980358e-01 5.406908e-02 1.775413e+01 -7.944846e-01 5.793701e-02 -6.045142e-01 -4.290362e+02
-6.053864e-01 -1.987480e-02 7.956836e-01 7.557109e+02 3.322671e-02 9.981856e-01 5.021309e-02 1.794006e+01 -7.952379e-01 5.683625e-02 -6.036276e-01 -4.322706e+02
-6.020180e-01 -1.978524e-02 7.982374e-01 7.641249e+02 3.417750e-02 9.981383e-01 5.051613e-02 1.825478e+01 -7.977507e-01 5.769337e-02 -6.002209e-01 -4.387221e+02
-6.004185e-01 -2.003886e-02 7.994349e-01 7.683468e+02 3.292078e-02 9.982191e-01 4.974691e-02 1.842281e+01 -7.990080e-01 5.618697e-02 -5.986895e-01 -4.419355e+02
-5.987543e-01 -1.969439e-02 8.006906e-01 7.725730e+02 3.265637e-02 9.982660e-01 4.897443e-02 1.858489e+01 -8.002667e-01 5.547129e-02 -5.970729e-01 -4.451404e+02
-5.974378e-01 -1.903383e-02 8.016893e-01 7.768050e+02 3.277318e-02 9.983035e-01 4.812521e-02 1.874823e+01 -8.012452e-01 5.502572e-02 -5.958004e-01 -4.483389e+02
-5.912662e-01 -1.944743e-02 8.062420e-01 8.273472e+02 3.392734e-02 9.982244e-01 4.895922e-02 2.068385e+01 -8.057625e-01 5.630156e-02 -5.895565e-01 -4.864927e+02
-5.885032e-01 -2.056920e-02 8.082332e-01 8.337229e+02 3.174578e-02 9.983175e-01 4.852198e-02 2.094602e+01 -8.078714e-01 5.421332e-02 -5.868600e-01 -4.912049e+02
-5.874257e-01 -2.070708e-02 8.090132e-01 8.401199e+02 3.293225e-02 9.982329e-01 4.946239e-02 2.121212e+01 -8.086078e-01 5.569809e-02 -5.857056e-01 -4.959132e+02
-5.879267e-01 -2.452503e-02 8.085424e-01 8.444038e+02 3.016698e-02 9.981802e-01 5.221293e-02 2.139780e+01 -8.083515e-01 5.508865e-02 -5.861169e-01 -4.990558e+02
-5.876245e-01 -2.492353e-02 8.087498e-01 8.508213e+02 2.758645e-02 9.983273e-01 5.080966e-02 2.167907e+01 -8.086633e-01 5.216753e-02 -5.859540e-01 -5.037670e+02
-5.864304e-01 -2.422785e-02 8.096372e-01 8.572619e+02 2.689668e-02 9.984189e-01 4.935861e-02 2.195643e+01 -8.095529e-01 5.072193e-02 -5.848515e-01 -5.084874e+02
-5.732515e-01 -2.867449e-02 8.188776e-01 8.894706e+02 3.329040e-02 9.977472e-01 5.824273e-02 2.343087e+01 -8.187029e-01 6.064848e-02 -5.710055e-01 -5.318310e+02
-5.699506e-01 -2.781134e-02 8.212082e-01 8.958952e+02 3.468735e-02 9.977217e-01 5.786358e-02 2.373415e+01 -8.209465e-01 6.146490e-02 -5.676873e-01 -5.363697e+02
-5.674666e-01 -2.987107e-02 8.228544e-01 9.023079e+02 3.527361e-02 9.975424e-01 6.053835e-02 2.404861e+01 -8.226405e-01 6.337853e-02 -5.650183e-01 -5.408662e+02
-5.655556e-01 -3.067740e-02 8.241394e-01 9.087272e+02 3.299448e-02 9.976662e-01 5.977874e-02 2.437286e+01 -8.240499e-01 6.100024e-02 -5.632235e-01 -5.453321e+02
-5.632295e-01 -2.787898e-02 8.258301e-01 9.279450e+02 2.946396e-02 9.981175e-01 5.379008e-02 2.530080e+01 -8.257750e-01 5.462837e-02 -5.613477e-01 -5.585951e+02
-5.606886e-01 -3.528829e-02 8.272745e-01 9.407719e+02 3.256962e-02 9.973784e-01 6.461844e-02 2.601411e+01 -8.273860e-01 6.317482e-02 -5.580693e-01 -5.673969e+02
-5.591300e-01 -3.379536e-02 8.283910e-01 9.450575e+02 3.244663e-02 9.975114e-01 6.259500e-02 2.626007e+01 -8.284448e-01 6.187722e-02 -5.566420e-01 -5.703220e+02
-5.535517e-01 -3.450245e-02 8.320999e-01 9.579804e+02 3.366854e-02 9.973975e-01 6.375429e-02 2.698219e+01 -8.321340e-01 6.330686e-02 -5.509494e-01 -5.790749e+02
-5.503592e-01 -3.822153e-02 8.340527e-01 9.839617e+02 3.237353e-02 9.972235e-01 6.706108e-02 2.855465e+01 -8.343001e-01 6.390890e-02 -5.475938e-01 -5.964211e+02
-5.499773e-01 -3.656917e-02 8.343786e-01 9.882929e+02 3.744759e-02 9.969564e-01 6.837806e-02 2.881455e+01 -8.343396e-01 6.885184e-02 -5.469339e-01 -5.993177e+02
-5.474074e-01 -3.461217e-02 8.361502e-01 1.001304e+03 3.781124e-02 9.971010e-01 6.602878e-02 2.958125e+01 -8.360116e-01 6.776051e-02 -5.445118e-01 -6.079732e+02
-5.409550e-01 -3.630774e-02 8.402675e-01 1.033658e+03 3.845124e-02 9.969555e-01 6.783267e-02 3.145684e+01 -8.401721e-01 6.900373e-02 -5.379119e-01 -6.292527e+02
-5.397773e-01 -4.008306e-02 8.408530e-01 1.037942e+03 3.015976e-02 9.973036e-01 6.690174e-02 3.170698e+01 -8.412674e-01 6.147195e-02 -5.371130e-01 -6.320242e+02
-5.379388e-01 -3.805643e-02 8.421245e-01 1.042231e+03 2.958728e-02 9.975126e-01 6.397856e-02 3.194674e+01 -8.424645e-01 5.933271e-02 -5.354747e-01 -6.347988e+02
-5.321070e-01 -3.374254e-02 8.460045e-01 1.055084e+03 3.484134e-02 9.974865e-01 6.169830e-02 3.265961e+01 -8.459599e-01 6.230601e-02 -5.295939e-01 -6.430515e+02
-5.291392e-01 -4.250205e-02 8.474700e-01 1.063674e+03 3.172423e-02 9.970556e-01 6.981184e-02 3.316135e+01 -8.479418e-01 6.382550e-02 -5.262328e-01 -6.484919e+02
-5.138482e-01 -3.859073e-02 8.570127e-01 1.115326e+03 3.938384e-02 9.968733e-01 6.850235e-02 3.602658e+01 -8.569766e-01 6.895225e-02 -5.107217e-01 -6.805868e+02
-5.103242e-01 -3.756592e-02 8.591613e-01 1.124019e+03 3.820478e-02 9.970688e-01 6.628863e-02 3.651109e+01 -8.591330e-01 6.665274e-02 -5.073931e-01 -6.858237e+02
-5.086589e-01 -3.613258e-02 8.602096e-01 1.128381e+03 3.915477e-02 9.971144e-01 6.503616e-02 3.675667e+01 -8.600773e-01 6.676252e-02 -5.057763e-01 -6.884392e+02
-5.049198e-01 -3.308991e-02 8.625318e-01 1.137143e+03 3.883964e-02 9.973818e-01 6.099969e-02 3.721242e+01 -8.622920e-01 6.430036e-02 -5.023126e-01 -6.936540e+02
-5.027135e-01 -3.389140e-02 8.637885e-01 1.143749e+03 3.903632e-02 9.973218e-01 6.184930e-02 3.754673e+01 -8.635713e-01 6.481158e-02 -5.000441e-01 -6.975560e+02
-5.021790e-01 -3.558053e-02 8.640314e-01 1.148163e+03 3.679896e-02 9.973689e-01 6.245905e-02 3.777645e+01 -8.639803e-01 6.316107e-02 -4.995483e-01 -7.001487e+02
-5.022953e-01 -3.581665e-02 8.639541e-01 1.150376e+03 3.555618e-02 9.974412e-01 6.202263e-02 3.789135e+01 -8.639648e-01 6.187256e-02 -4.997365e-01 -7.014450e+02
-5.028628e-01 -3.664102e-02 8.635893e-01 1.154800e+03 3.577497e-02 9.973627e-01 6.314841e-02 3.812449e+01 -8.636255e-01 6.264986e-02 -5.002258e-01 -7.040408e+02
-5.031328e-01 -3.599091e-02 8.634594e-01 1.159229e+03 3.680543e-02 9.973335e-01 6.301739e-02 3.836214e+01 -8.634250e-01 6.348609e-02 -5.004665e-01 -7.066378e+02
-5.033083e-01 -3.555327e-02 8.633752e-01 1.161448e+03 3.787397e-02 9.972853e-01 6.314639e-02 3.848244e+01 -8.632765e-01 6.448153e-02 -5.005954e-01 -7.079363e+02
-5.036455e-01 -3.330733e-02 8.632681e-01 1.165886e+03 3.899425e-02 9.973616e-01 6.123095e-02 3.871705e+01 -8.630299e-01 6.450117e-02 -5.010179e-01 -7.105384e+02
-5.039031e-01 -3.504066e-02 8.630492e-01 1.170337e+03 3.829730e-02 9.972878e-01 6.285128e-02 3.895544e+01 -8.629108e-01 6.472339e-02 -5.011944e-01 -7.131505e+02
