1.000000000000000000e+00 0.000000000000000000e+00 0.000000000000000000e+00 0.000000000000000000e+00 0.000000000000000000e+00 1.000000000000000000e+00 0.000000000000000000e+00 0.000000000000000000e+00 0.000000000000000000e+00 0.000000000000000000e+00 1.000000000000000000e+00 0.000000000000000000e+00
9.999991580213732911e-01 -1.283573751902689726e-03 -1.907746523020013407e-04 1.897000000000000032e-04 1.283625633220639812e-03 9.999991391391340745e-01 2.720776077295118060e-04 -2.800999999999999779e-04 1.904252563958068825e-04 -2.723222618798449299e-04 9.999999447894022397e-01 5.861510000000000331e-02
9.999979248043758817e-01 -2.006535967045880269e-03 -3.524207070568731101e-04 3.467000000000000247e-04 2.006261671922691600e-03 9.999976856257131175e-01 -7.769538733120497781e-04 -6.218999999999999919e-04 3.539788773149867354e-04 7.762452128238115853e-04 9.999996360710957655e-01 1.176605000000000012e-01
9.999984769458774014e-01 -1.743260773406701911e-03 -8.454467175931819746e-05 4.954999999999999552e-04 1.743137204231882346e-03 9.999974435385534655e-01 -1.440273947869937432e-03 -1.218899999999999975e-03 8.705522870040560419e-05 1.440124381292000018e-03 9.999989592310352116e-01 1.768317000000000083e-01
9.999985877172975490e-01 -1.267261674908966599e-03 1.103907268616588933e-03 1.890999999999999886e-04 1.269536118257363249e-03 9.999970680087117980e-01 -2.062098936571233384e-03 -1.869299999999999955e-03 -1.101290813017907332e-03 2.063497474453289664e-03 9.999972645646176828e-01 2.366121999999999947e-01
9.999968445841133091e-01 9.713504752001892318e-05 2.510256281571708430e-03 1.797000000000000040e-04 -8.966459913695302281e-05 9.999955679453625956e-01 -2.975911606782794937e-03 -2.237400000000000066e-03 -2.510534221294055159e-03 2.975677135420815109e-03 9.999924212530360013e-01 2.969538999999999929e-01
9.999935179521652895e-01 9.503683088660185279e-04 3.472873987033226438e-03 -8.999999999999999593e-07 -9.436277472268206172e-04 9.999976690193786988e-01 -1.942040803802447474e-03 -3.045200000000000077e-03 -3.474711545865721667e-03 1.938751115144273516e-03 9.999920837805599261e-01 3.573247999999999980e-01
9.999899454842875457e-01 1.159359188474820383e-03 4.331837555101305907e-03 2.907000000000000187e-04 -1.152234331465694546e-03 9.999979800373046679e-01 -1.646899315650374391e-03 -3.509200000000000080e-03 -4.333738152805134171e-03 1.641891464926007989e-03 9.999892613953613729e-01 4.186482999999999732e-01
9.999829877264859723e-01 3.596915443544177957e-03 4.591999227194946270e-03 2.302999999999999871e-04 -3.591852855593574700e-03 9.999929329423888902e-01 -1.110251477167054600e-03 -3.882800000000000053e-03 -4.595960255956297452e-03 1.093738803728172039e-03 9.999888403801088232e-01 4.805470000000000019e-01
9.999753682776392205e-01 3.183029332462668053e-03 6.255490569770799821e-03 6.675000000000000161e-04 -3.171729164642410684e-03 9.999933219684788988e-01 -1.815530928479269475e-03 -4.504600000000000097e-03 -6.261227683606936968e-03 1.795645486946214264e-03 9.999787861175751802e-01 5.422474000000000460e-01
9.999502597899190270e-01 4.562175228662779594e-03 8.869301170697774933e-03 1.102399999999999908e-03 -4.536502285281579158e-03 9.999854684903846103e-01 -2.912551301115439209e-03 -4.821999999999999897e-03 -8.882459855760690276e-03 2.872170825172128822e-03 9.999564253214545673e-01 6.050988000000000477e-01
9.999112831699037418e-01 3.281278214739203301e-03 1.290964766342928699e-02 1.680599999999999976e-03 -3.231765255279831286e-03 9.999873498008540196e-01 -3.854339320702116368e-03 -5.336399999999999824e-03 -1.292213151346067318e-02 3.812276425158893627e-03 9.999092384139707246e-01 6.684605000000000130e-01
9.998238660753999696e-01 5.885095274023148700e-03 1.782140509770379147e-02 2.038400000000000108e-03 -5.830374888743100094e-03 9.999781331517915151e-01 -3.120888802040039031e-03 -5.962499999999999918e-03 -1.783938212768329187e-02 3.016433634883324520e-03 9.998363153903887524e-01 7.321328000000000280e-01
9.997205892411069605e-01 7.101307664608743318e-03 2.254583945801280284e-02 3.275399999999999926e-03 -7.050494858427962426e-03 9.999724247270244115e-01 -2.332446742572763868e-03 -6.785000000000000232e-03 -2.256178117226560406e-02 2.172835706680682419e-03 9.997430894061366535e-01 7.959285000000000387e-01
9.995712458458201333e-01 9.167490426855523511e-03 2.780794126699006122e-02 3.965999999999999907e-03 -9.074528655952877193e-03 9.999528140846939417e-01 -3.467352559778203325e-03 -7.425799999999999762e-03 -2.783841604522689986e-02 3.213521958073836410e-03 9.996072708162530018e-01 8.594638000000000000e-01
9.994482159890279993e-01 8.089833785390640811e-03 3.221518501691164604e-02 6.137799999999999680e-03 -7.928305937401404838e-03 9.999553672953992445e-01 -5.138616748315208774e-03 -8.175599999999999881e-03 -3.225531772145581733e-02 4.880369499110911308e-03 9.994677465892733981e-01 9.240342000000000278e-01
9.992865554059283673e-01 8.668880013430845313e-03 3.675909009030470936e-02 8.343700000000000769e-03 -8.423174394764159148e-03 9.999411727668419125e-01 -6.833823145803078099e-03 -9.197699999999999626e-03 -3.681616924762525639e-02 6.519319365199379400e-03 9.993007896309021865e-01 9.889162999999999704e-01
9.990896126839988733e-01 9.863220525601876926e-03 4.150497208528679954e-02 1.066940000000000076e-02 -9.569834701413492545e-03 9.999278421843157405e-01 -7.261452224295722457e-03 -1.014649999999999927e-02 -4.157359848178544121e-02 6.857645768151999360e-03 9.991119099499283784e-01 1.053957000000000033e+00
9.988102437181706206e-01 1.143238660837815092e-02 4.740672505125285985e-02 1.252190000000000074e-02 -1.109156487998523392e-02 9.999107620064726643e-01 -7.446154185095045161e-03 -1.094969999999999971e-02 -4.748762188361918546e-02 6.911480309724266427e-03 9.988479149539065682e-01 1.119023000000000101e+00
9.984875347458229689e-01 1.371374589902740922e-02 5.324073751016195066e-02 1.535139999999999942e-02 -1.335466060559361255e-02 9.998856541199150350e-01 -7.094485555631221789e-03 -1.200760000000000022e-02 -5.333194162336922506e-02 6.372743412892358482e-03 9.985565042320213580e-01 1.184317199999999959e+00
9.981326132404886309e-01 1.449785017980819921e-02 5.933884668475589846e-02 1.824179999999999899e-02 -1.412343577262401007e-02 9.998776484321151292e-01 -6.724338468594491178e-03 -1.296510000000000024e-02 -5.942907493550354109e-02 5.873713137998032296e-03 9.982152496061572622e-01 1.249911699999999959e+00
9.977672967113073721e-01 1.448889896760255716e-02 6.519580830173456187e-02 2.167360000000000120e-02 -1.409220362136513749e-02 9.998793088272232010e-01 -6.540456886823795869e-03 -1.387219999999999946e-02 -6.528270376220564331e-02 5.607101381375501244e-03 9.978510555206098198e-01 1.315528299999999984e+00
9.973534415000344655e-01 1.365217717174282280e-02 7.141239938910279306e-02 2.562330000000000163e-02 -1.310790543332516003e-02 9.998814036800420801e-01 -8.084639137262943434e-03 -1.489809999999999919e-02 -7.151430306720740759e-02 7.127175688875858617e-03 9.974141104995013496e-01 1.382053299999999929e+00
9.969140152361385399e-01 1.377615106717245200e-02 7.728301163602827040e-02 3.006450000000000095e-02 -1.311643306484670118e-02 9.998731330885605173e-01 -9.037527943037028735e-03 -1.604289999999999883e-02 -7.739770932925232882e-02 7.995960820328112603e-03 9.969682337974186126e-01 1.448322200000000004e+00
9.963940648387610288e-01 1.322845429577752287e-02 8.380856490261262559e-02 3.491419999999999940e-02 -1.250167801691703419e-02 9.998796117899217961e-01 -9.190754789280435044e-03 -1.695280000000000051e-02 -8.392005481916847698e-02 8.109865829955088118e-03 9.964394886170298005e-01 1.515412299999999934e+00
9.958605794069251838e-01 1.363927427433904091e-02 8.986476829421345680e-02 4.011470000000000313e-02 -1.283861993840315976e-02 9.998726264679157483e-01 -9.481596818528115200e-03 -1.805860000000000104e-02 -8.998264400083248737e-02 8.288608895420199185e-03 9.959088425861064575e-01 1.582808599999999899e+00
9.953657983204272641e-01 1.428508292869713585e-02 9.509397425525359382e-02 4.603639999999999816e-02 -1.336450384873507334e-02 9.998575304420200816e-01 -1.031061856834532102e-02 -1.935759999999999911e-02 -9.522771430006987670e-02 8.991953297532611841e-03 9.954149020408923354e-01 1.650139500000000092e+00
9.948498684877730147e-01 1.524718357868484926e-02 1.002061004269623745e-01 5.259230000000000155e-02 -1.419602969859313189e-02 9.998365627950178691e-01 -1.119466118473130649e-02 -2.054809999999999970e-02 -1.003604100761712192e-01 9.714478429753753766e-03 9.949037224767935950e-01 1.717958899999999955e+00
9.943999638118203865e-01 1.405341677304301415e-02 1.047435604132937598e-01 5.951560000000000183e-02 -1.303266024628839739e-02 9.998607416713718443e-01 -1.042338866583141128e-02 -2.162069999999999964e-02 -1.048754582252443973e-01 8.999930076246253838e-03 9.944446387409746624e-01 1.786354900000000079e+00
9.938662373398471361e-01 1.174202563695985954e-02 1.099637536185249509e-01 6.634969999999999757e-02 -1.073559211880921460e-02 9.998949339949974036e-01 -9.740022227823280296e-03 -2.300069999999999892e-02 -1.100665677569408196e-01 8.499753236471485271e-03 9.938878733826698175e-01 1.855483100000000052e+00
9.934631150194324078e-01 1.039604454956499259e-02 1.136792036988708982e-01 7.402659999999999796e-02 -9.320633743658155931e-03 9.999066836765488908e-01 -9.987478439652404047e-03 -2.450569999999999832e-02 -1.137724258443253283e-01 8.862629219898611813e-03 9.934673064176837709e-01 1.923699599999999954e+00
9.930952812401456775e-01 1.027335226703221700e-02 1.168598331838328203e-01 8.197530000000000094e-02 -9.125240922356727194e-03 9.999047424435979492e-01 -1.035548245669308878e-02 -2.585039999999999907e-02 -1.169550869208548644e-01 9.217606630758126002e-03 9.930944282248973520e-01 1.992186000000000012e+00
9.926143706389828347e-01 1.106123533649434193e-02 1.208071201287685970e-01 8.969879999999999520e-02 -9.868557853920423978e-03 9.998965274211562004e-01 -1.046642331443308448e-02 -2.705089999999999925e-02 -1.209103914759185050e-01 9.196930136940903791e-03 9.926208207111094639e-01 2.061436899999999905e+00
9.921360105535730334e-01 1.233803840326165059e-02 1.245548448323072765e-01 9.829849999999999699e-02 -1.099601221132860858e-02 9.998739120099947586e-01 -1.145634310230150832e-02 -2.838939999999999866e-02 -1.246804887634340997e-01 9.996643946294170996e-03 9.921465833391366340e-01 2.130109800000000053e+00
9.915544730605547752e-01 1.366894924811366124e-02 1.289685495772441293e-01 1.069910000000000028e-01 -1.213194333040798836e-02 9.998458044216396168e-01 -1.269579975709417448e-02 -2.965860000000000024e-02 -1.291222014396957163e-01 1.102393790335179542e-02 9.915674106627696549e-01 2.198857299999999793e+00
9.909951140811374959e-01 1.380719135376107416e-02 1.331842533268630946e-01 1.161361000000000060e-01 -1.227985400136623155e-02 9.998491615174601721e-01 -1.228248340267978390e-02 -3.120869999999999894e-02 -1.333337506148332408e-01 1.053639785470347583e-02 9.910151841759181623e-01 2.268021800000000088e+00
9.904035077801633946e-01 1.435633423280038845e-02 1.374583116590045173e-01 1.258429000000000075e-01 -1.263574463935111108e-02 9.998306205761730014e-01 -1.338163352038768648e-02 -3.260249999999999954e-02 -1.376271402527750043e-01 1.151632865374105884e-02 9.904171567779821439e-01 2.338046100000000127e+00
9.896805915724308234e-01 1.542904522933826773e-02 1.424579630212169379e-01 1.346574000000000104e-01 -1.357282638141968888e-02 9.998099753783543653e-01 -1.399255223160812342e-02 -3.426440000000000041e-02 -1.426467842219487636e-01 1.191460017144838068e-02 9.897019436445961826e-01 2.406313700000000111e+00
9.890603031505993403e-01 1.617419667340383796e-02 1.466223451374807363e-01 1.448446999999999929e-01 -1.429590044943283150e-02 9.998018105438097880e-01 -1.385521070427003440e-02 -3.616230000000000139e-02 -1.468173830375149036e-01 1.160754044963294498e-02 9.890955065324711359e-01 2.475695400000000213e+00
9.883803664322157179e-01 1.633502583946788364e-02 1.511205418933610212e-01 1.547889000000000070e-01 -1.450123785366946513e-02 9.998073382230682205e-01 -1.322877681476013548e-02 -3.761930000000000135e-02 -1.513075191523226282e-01 1.088362835305157345e-02 9.884268214095782712e-01 2.543734800000000185e+00
9.877142621206810302e-01 1.560815388468596472e-02 1.554892984604098194e-01 1.649642000000000053e-01 -1.372040644356039597e-02 9.998186518692091518e-01 -1.320658250496666887e-02 -3.929110000000000241e-02 -1.556672311388043739e-01 1.091095352152815674e-02 9.877492922006215759e-01 2.614742500000000192e+00
9.871472483559262656e-01 1.410844660245206411e-02 1.591893897148577708e-01 1.762181999999999915e-01 -1.205253860012902439e-02 9.998311238931806288e-01 -1.387299563150154631e-02 -4.080330000000000068e-02 -1.593582328485588506e-01 1.177605319982123235e-02 9.871505853690304422e-01 2.683586800000000050e+00
9.864568893312254394e-01 1.425419465582392249e-02 1.634001940809011455e-01 1.868714999999999959e-01 -1.198427847889294885e-02 9.998176261847961932e-01 -1.486914387378917776e-02 -4.232319999999999832e-02 -1.635823418352440328e-01 1.270953598338584595e-02 9.864478116630318594e-01 2.752915100000000059e+00
9.858646391849590351e-01 1.448411289869685169e-02 1.669165170923726238e-01 1.983621999999999885e-01 -1.183834156485187410e-02 9.997881954689387118e-01 -1.683501915523682654e-02 -4.390310000000000046e-02 -1.671250037358396334e-01 1.462103534299448622e-02 9.858272964631251689e-01 2.822873799999999989e+00
9.847661870666432060e-01 1.364790370050235867e-02 1.733473147608781129e-01 2.222891999999999924e-01 -1.057555842619784837e-02 9.997704217966836282e-01 -1.863494739610141449e-02 -4.748840000000000006e-02 -1.735618459633315180e-01 1.651782143816808712e-02 9.846844404177094168e-01 2.962588799999999800e+00
9.841114463925805245e-01 1.380542866214899689e-02 1.770143248964823890e-01 2.344347999999999987e-01 -1.066940829209452046e-02 9.997690347613598094e-01 -1.865585321113753456e-02 -4.943220000000000253e-02 -1.772309927913278127e-01 1.647080058143018597e-02 9.840314466125597015e-01 3.033824699999999819e+00
9.833732023906425201e-01 1.399702827855900215e-02 1.810558698836954028e-01 2.468182999999999905e-01 -1.077437506366016838e-02 9.997657622471091132e-01 -1.877054821907513799e-02 -5.121049999999999908e-02 -1.812761916578125854e-01 1.650769026321570465e-02 9.832936684939111993e-01 3.104852199999999840e+00
9.826693763737153198e-01 1.197817883879746283e-02 1.849795122952792303e-01 2.600222999999999840e-01 -8.638269248647854545e-03 9.997849877577492661e-01 -1.885095643794285070e-02 -5.325420000000000154e-02 -1.851655395630662226e-01 1.692635477423118373e-02 9.825615611616279610e-01 3.175563599999999820e+00
9.820764602506301122e-01 9.836760232165345924e-03 1.882260990663287559e-01 2.732629999999999781e-01 -6.516030505847403807e-03 9.998121688300568577e-01 -1.825290129773158784e-02 -5.527959999999999818e-02 -1.883702937515344678e-01 1.669925769226751969e-02 9.819560923098791250e-01 3.246081100000000053e+00
9.815121502201045178e-01 9.177853277920087691e-03 1.911796693676292569e-01 2.866607999999999934e-01 -5.871935350166601446e-03 9.998234053772699914e-01 -1.785156673916397929e-02 -5.702900000000000330e-02 -1.913097471263566773e-01 1.639893499616158767e-02 9.813927122133326852e-01 3.317440700000000131e+00
9.808874811144412398e-01 9.716713924190038820e-03 1.943330513924022840e-01 3.000065000000000093e-01 -6.432984596650450498e-03 9.998257934493718357e-01 -1.752140012993450013e-02 -5.865820000000000062e-02 -1.944694477344600381e-01 1.593638051282229157e-02 9.807791115608063270e-01 3.387457400000000174e+00
9.803345731791096584e-01 1.038292684203694777e-02 1.970693265323802124e-01 3.140394000000000241e-01 -6.928663016720560536e-03 9.998101845422789902e-01 -1.820957205249127894e-02 -6.070459999999999745e-02 -1.972209883824075083e-01 1.648604609137835006e-02 9.802204303245976025e-01 3.458879500000000107e+00
9.797812445773143031e-01 1.099123443770985004e-02 1.997696311756727849e-01 3.280600000000000183e-01 -7.027697998486031987e-03 9.997643558651229112e-01 -2.053884618078552840e-02 -6.272129999999999372e-02 -1.999483039072127710e-01 1.871965563602049840e-02 9.796276079498258404e-01 3.529403400000000079e+00
9.791289954649428084e-01 1.171340454735090783e-02 2.029019625181635034e-01 3.426849000000000145e-01 -7.256085352614037587e-03 9.997160384876991879e-01 -2.269783284405792884e-02 -6.470130000000000325e-02 -2.031102150684886420e-01 2.075183231358893737e-02 9.789359539778181851e-01 3.600794300000000003e+00
9.784324417596441670e-01 1.296264553172263821e-02 2.061599542420386177e-01 3.572319999999999940e-01 -8.155516817435972884e-03 9.996750740524691370e-01 -2.415023527071472748e-02 -6.695520000000000638e-02 -2.064060184628855599e-01 2.194803269109251581e-02 9.782202407450428794e-01 3.672576199999999957e+00
9.767614074929651391e-01 1.449788115099004925e-02 2.138386407422509794e-01 3.870297999999999794e-01 -9.219302499835763456e-03 9.996281754546691989e-01 -2.566155292622753978e-02 -7.159039999999999848e-02 -2.141311684313571273e-01 2.309377143952071401e-02 9.765318839786649718e-01 3.817004400000000075e+00
9.758966555295276457e-01 1.464425098019385939e-02 2.177412768390771802e-01 4.024133999999999767e-01 -9.463042971110410470e-03 9.996471704937519576e-01 -2.481905198758545608e-02 -7.415140000000000620e-02 -2.180279077182769032e-01 2.216033476878548694e-02 9.756909095707133606e-01 3.889079999999999870e+00
9.750522034733127841e-01 1.489365587060740778e-02 2.214754603034954916e-01 4.183142000000000249e-01 -9.805602442966302595e-03 9.996625397434186766e-01 -2.405528620632559067e-02 -7.669789999999999941e-02 -2.217589922924610157e-01 2.128345950604991488e-02 9.748692033749380981e-01 3.961084599999999956e+00
9.741068568900372870e-01 1.474027992631364581e-02 2.256070821306507823e-01 4.346010000000000151e-01 -9.630441959122857526e-03 9.996719424890884165e-01 -2.373314112722323121e-02 -7.932820000000000149e-02 -2.258829031765889339e-01 2.094591959754080190e-02 9.739292492294957526e-01 4.033508300000000268e+00
9.731835981840571970e-01 1.608091415437911190e-02 2.294669658697983117e-01 4.511567000000000216e-01 -1.080243575705374173e-02 9.996477798764955569e-01 -2.424094820151203797e-02 -8.194210000000000382e-02 -2.297759595937887145e-01 2.111209103696629411e-02 9.730145363789794999e-01 4.105617999999999768e+00
9.722933566671481120e-01 1.706306824918066636e-02 2.331404732834985172e-01 4.678961999999999843e-01 -1.151566250366688540e-02 9.996177421338929836e-01 -2.513481904131043693e-02 -8.451000000000000179e-02 -2.334802306364106572e-01 2.175365056861914420e-02 9.721181824186331255e-01 4.178254599999999819e+00
9.714780588863147770e-01 1.751499829795274618e-02 2.364817243194507757e-01 4.850105000000000111e-01 -1.171133469799860195e-02 9.995953077126783493e-01 -2.592422493320444693e-02 -8.711960000000000537e-02 -2.368400847451070101e-01 2.241529909277673038e-02 9.712900332158834749e-01 4.250733399999999662e+00
9.707707845610998865e-01 1.638744484046328331e-02 2.394483983956195439e-01 5.025770000000000515e-01 -1.041205278892825235e-02 9.996025320600436803e-01 -2.619860789946587901e-02 -8.990330000000000543e-02 -2.397825535758328352e-01 2.293969378065360484e-02 9.705555612379451746e-01 4.323587400000000081e+00
9.701582446131258308e-01 1.505229195189728211e-02 2.420049770483514717e-01 5.201945999999999515e-01 -9.158828219083099687e-03 9.996339038518123887e-01 -2.545926423993537593e-02 -9.273699999999999999e-02 -2.422996002366318569e-01 2.248303309120843266e-02 9.699409347729314179e-01 4.394755800000000434e+00
9.695378746318339402e-01 1.343161441911434710e-02 2.445728958582334689e-01 5.384995000000000198e-01 -7.673129028835988172e-03 9.996708061849626237e-01 -2.448269495814843488e-02 -9.522569999999999646e-02 -2.448212260922098260e-01 2.186026064810645680e-02 9.693217712705641809e-01 4.467808200000000340e+00
9.688689052296968196e-01 1.203424136105990180e-02 2.472816643301165851e-01 5.566197999999999979e-01 -6.115921207110963653e-03 9.996765034746857292e-01 -2.468772789089728609e-02 -9.774529999999999330e-02 -2.474987676470270792e-01 2.240681671925605356e-02 9.686290799773216165e-01 4.539783500000000416e+00
9.682028720404221023e-01 1.214427120694046118e-02 2.498713974218141620e-01 5.749484000000000261e-01 -5.908669977334636905e-03 9.996524888493596439e-01 -2.569025411279356880e-02 -1.003879000000000021e-01 -2.500965537383049719e-01 2.339697019131407874e-02 9.679381672369831158e-01 4.611755399999999838e+00
9.667068292312132050e-01 1.371861238831083817e-02 2.555185042063945478e-01 6.119900000000000340e-01 -6.878323276595420602e-03 9.995941483191745913e-01 -2.764466159978743939e-02 -1.055405999999999983e-01 -2.557940479890739027e-01 2.496674428521670694e-02 9.664088506906174381e-01 4.756185999999999581e+00
9.660034031818597322e-01 1.431978161557396004e-02 2.581324638544086891e-01 6.316844000000000348e-01 -7.011622316325819178e-03 9.995487025589385732e-01 -2.921007300976450824e-02 -1.083346000000000031e-01 -2.584342512004911274e-01 2.640710259049336081e-02 9.656678532182878527e-01 4.828436400000000184e+00
9.644683065069591388e-01 1.588165117903097417e-02 2.637207972447868642e-01 6.692103999999999830e-01 -8.047851111513482439e-03 9.994944375945543635e-01 -3.075875989100533558e-02 -1.138973000000000069e-01 -2.640759698194541927e-01 2.754346335109641303e-02 9.641085207540391888e-01 4.970528599999999741e+00
9.630110080722977806e-01 1.271372236290176094e-02 2.691619579272966356e-01 7.096805999999999948e-01 -5.319059668650556044e-03 9.995885878727960305e-01 -2.818443894617896420e-02 -1.199192000000000036e-01 -2.694095505653392730e-01 2.571023644676583356e-02 9.626824387128048999e-01 5.117210899999999896e+00
9.611149790853318331e-01 1.512355845194851209e-02 2.757340656457825667e-01 7.494053999999999993e-01 -7.397238134435716456e-03 9.995508942957327392e-01 -2.903946591422550128e-02 -1.255716000000000054e-01 -2.760494119642073474e-01 2.587059512944206441e-02 9.607952094290769240e-01 5.261657699999999771e+00
9.588384782628783798e-01 1.787301386220991120e-02 2.833890046879181113e-01 7.902867999999999560e-01 -1.019502185789809834e-02 9.995405083276417413e-01 -2.854529280698436117e-02 -1.318310000000000037e-01 -2.837689802142661644e-01 2.448116801953586358e-02 9.585801157339717271e-01 5.405865200000000037e+00
9.567499086071724612e-01 1.853417797250048876e-02 2.903206789518286146e-01 8.330811000000000188e-01 -1.059649538299098706e-02 9.995264448261532708e-01 -2.888945099493690077e-02 -1.377302999999999999e-01 -2.907186383185042522e-01 2.456359786501740444e-02 9.564932320691873491e-01 5.549338800000000127e+00
9.541963030544580171e-01 2.037814125347240171e-02 2.984864261507690353e-01 8.765642999999999629e-01 -1.225419522251325680e-02 9.995024467416293579e-01 -2.906361396910074613e-02 -1.433203999999999867e-01 -2.989301756876570071e-01 2.407468206539602890e-02 9.539712572959400116e-01 5.690870300000000270e+00
9.517372507565426965e-01 2.002567388878646187e-02 3.062599841763166686e-01 9.205278999999999545e-01 -1.124599622516882225e-02 9.994743857182518676e-01 -3.040526043346002821e-02 -1.491232999999999864e-01 -3.067078953846497646e-01 2.549362034751081335e-02 9.514622127180331068e-01 5.833798899999999676e+00
9.491918946388610001e-01 2.135560479016449312e-02 3.139724276046157447e-01 9.659183999999999548e-01 -1.211491292597112121e-02 9.994349312392498685e-01 -3.135358198981727518e-02 -1.552182000000000006e-01 -3.144645862997700325e-01 2.595681727104384023e-02 9.489142572437575529e-01 5.974463000000000079e+00
9.466922302169382686e-01 2.101491568566406232e-02 3.214532540908616176e-01 1.013946999999999932e+00 -1.117786640427189532e-02 9.994119229945001015e-01 -3.241702452545150437e-02 -1.606568999999999914e-01 -3.219454558609701755e-01 2.709578371555075235e-02 9.463704042050936627e-01 6.116163300000000191e+00
9.443747531484497637e-01 1.817189046450772699e-02 3.283688596879283383e-01 1.062278300000000009e+00 -7.456249805609599726e-03 9.993986788026566481e-01 -3.386273979377178028e-02 -1.673296999999999979e-01 -3.287867545304111183e-01 2.953071628745704974e-02 9.439423747458892677e-01 6.256464000000000247e+00
9.433350398802669012e-01 1.691955490639800164e-02 3.314102158894089434e-01 1.086576900000000068e+00 -5.922628919748700038e-03 9.993986849216378587e-01 -3.416417778287406809e-02 -1.703771000000000035e-01 -3.317889766113006345e-01 3.026544628235726050e-02 9.428680065420373957e-01 6.326493300000000097e+00
9.421496040356200918e-01 1.587745590295725276e-02 3.348164123957693694e-01 1.110412100000000013e+00 -4.132001750572787679e-03 9.993517399839896287e-01 -3.576347791400581039e-02 -1.734602000000000088e-01 -3.351671973464251386e-01 3.231108455347739966e-02 9.416044517938094716e-01 6.396510600000000046e+00
9.403219003327929482e-01 1.327780310466985039e-02 3.400270925959260615e-01 1.162384499999999932e+00 -5.416275408900604257e-04 9.992955833362060503e-01 -3.752390923609271595e-02 -1.799673999999999996e-01 -3.402858069243144823e-01 3.510038560279921810e-02 9.396667135407121840e-01 6.538360100000000230e+00
9.377622486393591972e-01 1.571589951841654426e-02 3.469221462074447149e-01 1.214371300000000042e+00 -2.383544641021822889e-03 9.992432324154407741e-01 -3.882371938500610992e-02 -1.875217999999999885e-01 -3.472697564456151409e-01 3.558051396858227106e-02 9.370900401156415649e-01 6.681082199999999638e+00
9.353412651614320117e-01 1.580174124362712651e-02 3.533935803886101290e-01 1.268299300000000018e+00 -1.466166520791011528e-03 9.991664026417006461e-01 -4.079644822501301421e-02 -1.940489999999999993e-01 -3.537436473520689795e-01 3.764046766064828992e-02 9.345847351376667111e-01 6.824539699999999876e+00
9.341282821705308992e-01 1.757023654717089489e-02 3.565047534561209264e-01 1.294296499999999961e+00 -3.094883496505464876e-03 9.991488690524202854e-01 -4.113343126232851116e-02 -1.977907000000000137e-01 -3.569240453447710126e-01 3.732056080696143779e-02 9.333875945156855369e-01 6.893899000000000221e+00
9.330267955845216177e-01 1.618677931898997169e-02 3.594426058448796368e-01 1.321654600000000013e+00 -1.474514636545346501e-03 9.991511797731487121e-01 -4.116728998260139188e-02 -2.011150999999999911e-01 -3.598038695287556488e-01 3.788018127204908353e-02 9.322586912112597046e-01 6.965656799999999649e+00
9.320685589863261233e-01 1.521671869460465912e-02 3.619622256829055917e-01 1.348821899999999907e+00 -5.795004997633983537e-04 9.991788530245256927e-01 -4.051276154206207708e-02 -2.045722000000000096e-01 -3.622814727919773103e-01 3.755091398038774148e-02 9.313120118042681472e-01 7.036936800000000325e+00
9.312290747896729837e-01 1.426349071877056063e-02 3.641551360325501197e-01 1.376895100000000038e+00 2.527981233315977974e-04 9.992082644310471551e-01 -3.978417255395994695e-02 -2.080806000000000044e-01 -3.644342826347136688e-01 3.714023593368741966e-02 9.304881818246331093e-01 7.108623999999999832e+00
9.303523836102524092e-01 1.391904110302576505e-02 3.664023780019639576e-01 1.404507900000000031e+00 6.026018540739560073e-04 9.992198288833120667e-01 -3.948886472678214687e-02 -2.116148999999999947e-01 -3.666661685808049187e-01 3.695935417694568015e-02 9.296181619122422246e-01 7.179980300000000426e+00
9.292959891186534094e-01 1.457951411082004239e-02 3.690479675818252869e-01 1.432664200000000054e+00 -2.841426542405127084e-04 9.992484868557651723e-01 -3.876055700600591208e-02 -2.150706000000000007e-01 -3.693357332711467156e-01 3.591516789263544257e-02 9.286017536297830333e-01 7.252844800000000092e+00
9.283517334370594565e-01 1.290697806808096919e-02 3.714787597448296341e-01 1.462197799999999992e+00 1.412738111949456837e-03 9.992672048934584383e-01 -3.824993327369125007e-02 -2.185654999999999959e-01 -3.717002329773735902e-01 3.603419406015437310e-02 9.276532076498206214e-01 7.325922499999999893e+00
9.270719690877747832e-01 1.292062789716160939e-02 3.746606751534767299e-01 1.490254500000000037e+00 1.327686156456716303e-03 9.992864508288066272e-01 -3.774687324053407206e-02 -2.220871000000000095e-01 -3.748810496426644989e-01 3.549149989377855391e-02 9.263933031138037455e-01 7.398586800000000352e+00
9.260105800676955434e-01 1.490554594610979042e-02 3.772031684685833164e-01 1.518973700000000093e+00 -7.566098079721684383e-05 9.992274658696401746e-01 -3.929969118393797367e-02 -2.250223000000000084e-01 -3.774975494994716185e-01 3.636339026803354912e-02 9.252963330577446133e-01 7.471895700000000140e+00
9.248883892997410427e-01 1.757826304156055036e-02 3.798321629443355829e-01 1.548422799999999988e+00 -1.497173055372903391e-03 9.990914538609916296e-01 -4.259137582624270002e-02 -2.284132000000000107e-01 -3.802357503067969602e-01 3.882359450606927276e-02 9.240744032264152086e-01 7.545287599999999983e+00
9.233152981993699715e-01 2.072176697897512923e-02 3.834833353410257439e-01 1.577792800000000106e+00 -4.592022626746249808e-03 9.990675719200775573e-01 -4.292901193734000725e-02 -2.321330000000000060e-01 -3.840153296929745830e-01 3.787604930546329546e-02 9.225495279115404346e-01 7.618796800000000147e+00
9.214848151146451949e-01 2.132043948907359765e-02 3.878287951830304836e-01 1.608411100000000094e+00 -5.467245281533349502e-03 9.991054058901926993e-01 -4.193443871121717986e-02 -2.359609000000000012e-01 -3.883759064902968516e-01 3.652159335223519737e-02 9.207770242989635756e-01 7.692163899999999721e+00
9.188669037295107422e-01 2.416831330528190769e-02 3.938267459969164719e-01 1.637796199999999924e+00 -8.928129375909171772e-03 9.991402882243083372e-01 -4.048423091640768190e-02 -2.398678999999999950e-01 -3.944666040825117737e-01 3.368348377207626421e-02 9.182927208600681901e-01 7.765225899999999903e+00
9.166061162853569311e-01 2.505697343604424907e-02 3.990054832586892308e-01 1.668911100000000092e+00 -1.012234340366542987e-02 9.991685734399903263e-01 -3.949303753717883086e-02 -2.436724000000000112e-01 -3.996633154947962785e-01 3.216068923577537070e-02 9.160976609049861219e-01 7.838862899999999634e+00
9.141905904951753703e-01 2.551286393025228513e-02 4.044807263939272368e-01 1.700453500000000062e+00 -1.038611146413423794e-02 9.991636692365457595e-01 -3.954858741367749814e-02 -2.471688999999999969e-01 -4.051514444485385114e-01 3.195396457153857478e-02 9.136910042292326617e-01 7.912484599999999979e+00
9.120708687238703316e-01 2.491203131542773369e-02 4.092751166648466166e-01 1.732837100000000019e+00 -9.325647432386256416e-03 9.991547589089158077e-01 -4.003498532075761701e-02 -2.509225999999999956e-01 -4.099265333267065881e-01 3.269798839998568768e-02 9.115322697685162012e-01 7.985948600000000397e+00
9.102665593827066193e-01 2.368372195917124029e-02 4.133447376993326094e-01 1.766122500000000040e+00 -7.845922048785531136e-03 9.991699989934622606e-01 -3.997192287855349385e-02 -2.552405999999999842e-01 -4.139483450586241564e-01 3.314203411930711357e-02 9.096968578585181708e-01 8.061182999999999765e+00
9.083710175500262496e-01 2.304918753110610230e-02 4.175294354046023559e-01 1.799933000000000005e+00 -7.383306291245979661e-03 9.992081416028789631e-01 -3.909701449894523173e-02 -2.596047000000000216e-01 -4.180999656342245241e-01 3.243184713637183025e-02 9.078218955433843274e-01 8.134279299999999324e+00
9.064809727369059766e-01 2.285185101129548826e-02 4.216278441603570903e-01 1.834775899999999904e+00 -7.731590183981462867e-03 9.992653389926924312e-01 -3.753671270964443335e-02 -2.636973000000000233e-01 -4.221758739899518775e-01 3.076646214918078021e-02 9.059916976593346272e-01 8.209341000000000221e+00
9.044668995673824652e-01 2.413511877928755517e-02 4.258604508855878823e-01 1.869755700000000020e+00 -9.422778096023362582e-03 9.992848155722703352e-01 -3.662060375863207540e-02 -2.676851000000000091e-01 -4.264397247442124339e-01 2.910933541328823704e-02 9.040474587939932860e-01 8.284017600000000314e+00
9.026590824134504976e-01 2.508789869651623441e-02 4.296244619147061572e-01 1.905170999999999948e+00 -1.021684919499924946e-02 9.992672462414802226e-01 -3.688612993383168920e-02 -2.714385999999999743e-01 -4.302350484665726782e-01 2.890619186199057042e-02 9.022539748557518724e-01 8.358224899999999735e+00
9.003751157981475517e-01 2.638164666502771510e-02 4.343140103320569101e-01 1.940971999999999920e+00 -1.161469561833305963e-02 9.992617639835867926e-01 -3.662002029087321059e-02 -2.756782999999999872e-01 -4.349594805233769068e-01 2.792732997714108406e-02 9.000168412553078978e-01 8.434824900000000625e+00
8.981019891612687100e-01 2.519822513809342676e-02 4.390647634625924889e-01 1.977794800000000075e+00 -1.044518292231271309e-02 9.992977469305424076e-01 -3.598487367299075396e-02 -2.798294000000000059e-01 -4.396631838331380715e-01 2.773197485632122178e-02 8.977344943535792154e-01 8.511935199999999924e+00
8.960932127266145741e-01 2.444582595113965404e-02 4.431922333467284147e-01 2.015991699999999831e+00 -9.907498619299962700e-03 9.993350524943046542e-01 -3.508980375143250230e-02 -2.840200999999999976e-01 -4.437553330117880446e-01 2.705280853760038198e-02 8.957395547668000058e-01 8.589621499999999799e+00
8.941552593453906406e-01 2.521946789928148844e-02 4.470462511014428042e-01 2.054715199999999964e+00 -1.089836766479928068e-02 9.993425706931011732e-01 -3.457820097614994204e-02 -2.883893000000000151e-01 -4.476243936239623356e-01 2.604620585385268236e-02 8.938422665064562622e-01 8.668587699999999785e+00
8.926985714592795551e-01 2.468364059593865928e-02 4.499777532295257676e-01 2.094921400000000045e+00 -1.092152766432246368e-02 9.993905508811071758e-01 -3.315489470703417152e-02 -2.929432000000000147e-01 -4.505218981892433194e-01 2.468288266162629863e-02 8.924241001650915495e-01 8.747657800000000705e+00
8.910463407936765057e-01 2.419214705292442244e-02 4.532672043940185191e-01 2.134946300000000186e+00 -1.070155178004694382e-02 9.994207813172958366e-01 -3.230446812168479703e-02 -2.967002000000000250e-01 -4.537861780042427573e-01 2.393411565309349828e-02 8.907891236202909457e-01 8.828022000000000702e+00
8.896482407410147841e-01 2.724480554766911533e-02 4.558330048571375137e-01 2.175874499999999934e+00 -1.353890896792765870e-02 9.993534695543578872e-01 -3.330676858575794264e-02 -3.004423999999999984e-01 -4.564457313749090694e-01 2.345982651974994060e-02 8.894419210096224937e-01 8.909007100000000179e+00
8.880485674245278682e-01 3.154054083290816490e-02 4.586664759705154637e-01 2.217287499999999856e+00 -1.729948612536366323e-02 9.992299019541006633e-01 -3.521833074688203447e-02 -3.043364000000000069e-01 -4.594240630126399383e-01 2.334089382963041442e-02 8.879103181066158035e-01 8.990943899999999545e+00
8.847370356777926048e-01 3.533584724684914191e-02 4.647491318974351082e-01 2.299516199999999788e+00 -2.166276754759268591e-02 9.991619512421351379e-01 -3.472923397064801160e-02 -3.129462000000000077e-01 -4.655868363713166480e-01 2.065848710231198843e-02 8.847610551490115993e-01 9.152581200000000194e+00
8.830947905773871565e-01 3.418703080866803551e-02 4.679474733125161268e-01 2.340836499999999987e+00 -2.076819233509100832e-02 9.992125796153605854e-01 -3.380684731751017885e-02 -3.165698000000000123e-01 -4.687347576638770108e-01 2.013622762346414796e-02 8.831094265689176659e-01 9.232551600000000747e+00
8.814660280148693960e-01 3.487994484941157186e-02 4.709575680493854888e-01 2.382085800000000031e+00 -2.118214289736570360e-02 9.991851615602886927e-01 -3.435592729086848346e-02 -3.206128999999999785e-01 -4.717721465686217641e-01 2.030769226283157813e-02 8.814866075879956853e-01 9.311482399999999160e+00
8.795182996381448737e-01 3.656002004853448062e-02 4.744585603987740430e-01 2.422926200000000030e+00 -2.300193697578128277e-02 9.991450933907704002e-01 -3.435102980277180557e-02 -3.244082999999999828e-01 -4.753088169779607353e-01 1.929889341904058100e-02 8.796073449078355422e-01 9.389317500000000649e+00
8.774243281686906482e-01 3.730142965640942387e-02 4.782626388118874639e-01 2.463238500000000109e+00 -2.518539650301596100e-02 9.991792962357080032e-01 -3.172427740550270991e-02 -3.282378000000000240e-01 -4.790534877659360369e-01 1.579041859810428883e-02 8.776436740157071981e-01 9.465643899999999888e+00
8.755126426474086898e-01 3.836420795387332494e-02 4.816698040282602622e-01 2.504360199999999814e+00 -2.712159173639082377e-02 9.991732882736148458e-01 -3.028463739549028255e-02 -3.319467999999999863e-01 -4.824334480798727065e-01 1.345093114114237660e-02 8.758293444645486314e-01 9.542212499999999764e+00
8.735408765107282036e-01 3.845453454111164016e-02 4.852294156768476863e-01 2.545139999999999958e+00 -2.717765861699247484e-02 9.991725812499021586e-01 -3.025768911377568066e-02 -3.353223000000000176e-01 -4.859914731113775255e-01 1.324392885944862541e-02 8.738631966225600678e-01 9.618268000000000484e+00
8.715657059458002953e-01 3.831601742887107837e-02 4.887791965986166831e-01 2.586348099999999928e+00 -2.667544146296090338e-02 9.991707780027311303e-01 -3.075999363090013011e-02 -3.387891000000000097e-01 -4.895524905890632494e-01 1.377095471662433124e-02 8.718650811703825276e-01 9.693190599999999435e+00
8.696172498137764162e-01 3.767505639769191950e-02 4.922869376204844216e-01 2.627415399999999845e+00 -2.603198918862150921e-02 9.991962056451889618e-01 -3.048406408504067758e-02 -3.422958999999999863e-01 -4.930397289927125892e-01 1.369425973494394280e-02 8.698990130383551511e-01 9.768240900000000337e+00
8.676866014083645107e-01 3.810382391936645990e-02 4.956491302717315750e-01 2.669075299999999817e+00 -2.704962867969378654e-02 9.991998387185865305e-01 -2.946183791010578354e-02 -3.462647999999999837e-01 -4.963751397125894527e-01 1.215651707820028168e-02 8.680230064738114759e-01 9.843330399999999258e+00
8.656356039246256850e-01 4.099831676089948224e-02 4.989931254444509023e-01 2.710612799999999822e+00 -2.986255934928392503e-02 9.990951672849087695e-01 -3.028323392655714319e-02 -3.497948000000000168e-01 -4.997831817570085877e-01 1.131303366533641282e-02 8.660766631783400893e-01 9.916731800000000874e+00
8.631726998785077543e-01 5.128523547528036214e-02 5.022974365917993733e-01 2.751707999999999821e+00 -3.975334012133057565e-02 9.986427989837296515e-01 -3.364865505692701819e-02 -3.534966999999999970e-01 -5.033413971984079804e-01 9.076599593862021489e-03 8.640399604220670993e-01 9.990179100000000645e+00
8.604360104167696477e-01 6.308692201827791057e-02 5.056381238082552354e-01 2.791840099999999936e+00 -4.776407551487810849e-02 9.979227901861819072e-01 -4.322843875546015374e-02 -3.575683000000000056e-01 -5.073149564799777078e-01 1.304396785051502132e-02 8.616619927990517569e-01 1.006244949999999960e+01
8.589237474588723442e-01 5.663161323015347692e-02 5.089625294991347859e-01 2.832995400000000163e+00 -3.697029726197345600e-02 9.981304793054064373e-01 -4.866973805066897307e-02 -3.623604000000000269e-01 -5.107672592987618776e-01 2.298709778353332997e-02 8.594116593134640825e-01 1.013344670000000036e+01
8.584179812886996164e-01 4.832468786021609786e-02 5.106694566384859524e-01 2.875032899999999891e+00 -2.997865173025055299e-02 9.985771200815172222e-01 -4.410233202609137315e-02 -3.677601999999999816e-01 -5.120740667527210466e-01 2.254905303811986783e-02 8.586452645687938645e-01 1.020464899999999986e+01
8.564529858240392812e-01 4.382315700900214078e-02 5.143615595890232983e-01 2.916568999999999967e+00 -3.105312429989890918e-02 9.989593785535457737e-01 -3.340454267205014011e-02 -3.716741000000000072e-01 -5.152901964372144095e-01 1.263688686655607858e-02 8.569225884209255018e-01 1.027702709999999975e+01
8.537966727015704471e-01 4.395349978883941050e-02 5.187478496726901644e-01 2.958973400000000087e+00 -3.666951954398135066e-02 9.990320969604942203e-01 -2.429435282388574951e-02 -3.749596000000000040e-01 -5.193135738839694815e-01 1.720203194500630889e-03 8.545820340264758119e-01 1.034910870000000038e+01
8.512100590415037082e-01 4.772868183685786275e-02 5.226503690964694471e-01 3.001651999999999987e+00 -4.286514030773689449e-02 9.988515721206301379e-01 -2.140365899895687457e-02 -3.773709000000000091e-01 -5.230717112719418527e-01 -4.184471563004346639e-03 8.522784023221405825e-01 1.042102150000000016e+01
