1.000000000000000000e+00 0.000000000000000000e+00 0.000000000000000000e+00 0.000000000000000000e+00 0.000000000000000000e+00 1.000000000000000000e+00 0.000000000000000000e+00 0.000000000000000000e+00 0.000000000000000000e+00 0.000000000000000000e+00 1.000000000000000000e+00 0.000000000000000000e+00
9.988826457996015096e-01 -3.297077117402081366e-03 4.714434433598298224e-02 1.590300000000000004e-03 3.368658412314351567e-03 9.999932907263195947e-01 -1.438972844649583300e-03 2.356000000000000075e-04 -4.713928362723568410e-02 1.596178194437808265e-03 9.988870507491237616e-01 4.986979999999999885e-02
9.956363863294587224e-01 -4.543393093269693789e-03 9.320699435137326516e-02 5.934000000000000039e-03 4.922244665418221490e-03 9.999805314403550360e-01 -3.835133337833247173e-03 4.039999999999999944e-05 -9.318775522712550996e-02 4.277185928297642936e-03 9.956393664155029910e-01 9.533310000000000395e-02
9.902119366212784879e-01 -8.494081362521261822e-03 1.393132124191527599e-01 1.256290000000000011e-02 9.065953167976656749e-03 9.999528797699185345e-01 -3.470840388577364072e-03 -8.919999999999999978e-04 -1.392771663478732658e-01 4.699874642348965403e-03 9.902422845508330740e-01 1.399342000000000086e-01
9.728307699105031014e-01 -7.646753480345566331e-03 2.313910548758280894e-01 3.097719999999999987e-02 9.263896550279688766e-03 9.999396653280433478e-01 -5.903043651060924102e-03 -2.847600000000000044e-03 -2.313319548528550984e-01 7.886245294906668590e-03 9.728429132183187278e-01 2.281720000000000137e-01
9.608570849041141448e-01 -1.104171352279299974e-02 2.768243900960473125e-01 4.333050000000000096e-02 1.359176905846494303e-02 9.998810185848716614e-01 -7.294688995479447699e-03 -3.650399999999999825e-03 -2.767109072722456764e-01 1.077168678341438625e-02 9.608928371886277242e-01 2.715339999999999976e-01
9.310451089762945553e-01 -1.109893522143193603e-02 3.647352720649187918e-01 7.410709999999999520e-02 1.624878157017345393e-02 9.998068813197563687e-01 -1.105337790666627296e-02 -5.915899999999999978e-03 -3.645421541451751568e-01 1.621769720438891865e-02 9.310456509476762177e-01 3.563841999999999843e-01
8.939408314392078836e-01 -1.295117290031011850e-02 4.479978314749794022e-01 1.128018999999999966e-01 2.236660684476643110e-02 9.996260428897030259e-01 -1.573242749627161430e-02 -7.967200000000000670e-03 -4.476265461118558164e-01 2.408405068048289493e-02 8.938962097015461516e-01 4.380196000000000089e-01
8.735138637368011771e-01 -1.690940146325815505e-02 4.865055004845880715e-01 1.349808999999999870e-01 2.763973970405082456e-02 9.995070888621230276e-01 -1.488704481944959357e-02 -9.252800000000000261e-03 -4.860139654873072423e-01 2.645092543784333117e-02 8.735506704792710408e-01 4.778112999999999944e-01
8.321861380955652976e-01 -1.837332047424639764e-02 5.541918915469077334e-01 1.848471999999999893e-01 3.332216947926706224e-02 9.993016482467124151e-01 -1.690706457664692061e-02 -1.144799999999999984e-02 -5.534942317520425981e-01 3.253670091073378179e-02 8.322172183457041683e-01 5.554708999999999897e-01
7.690859821573177157e-01 -2.110443816104267539e-02 6.387968023863463962e-01 2.715540000000000176e-01 3.701404441000483853e-02 9.992479906040691029e-01 -1.155048874050394227e-02 -1.501470000000000062e-02 -6.380726546135073729e-01 3.252777218988481961e-02 7.692887828837976505e-01 6.682993999999999879e-01
7.473281181182938049e-01 -1.695757440720242759e-02 6.642387556744892008e-01 3.033205999999999958e-01 3.419574203336278595e-02 9.993311079610304182e-01 -1.296101416429453965e-02 -1.590540000000000009e-02 -6.635746642967595976e-01 3.240026746191350393e-02 7.474081131295267078e-01 7.045793000000000195e-01
7.258555040119578639e-01 -1.572306960185673383e-02 6.876674867825595117e-01 3.368720000000000048e-01 3.469939366098988287e-02 9.993028172576301493e-01 -1.377793527794019326e-02 -1.642700000000000063e-02 -6.869714254429409861e-01 3.386243498714500144e-02 7.258950310627805269e-01 7.405195999999999446e-01
6.814999503177917584e-01 -1.732615825666262988e-02 7.316130274652798970e-01 4.084325999999999790e-01 3.857391184232418502e-02 9.991804266222452657e-01 -1.226900078117606173e-02 -1.868950000000000125e-02 -7.308008422559650885e-01 3.658249984696204660e-02 6.816097488027287321e-01 8.098613000000000062e-01
6.360435857726089992e-01 -1.721856301839800457e-02 7.714610023099698344e-01 4.862608999999999959e-01 3.789339823011540070e-02 9.992418019372844018e-01 -8.939330607078965762e-03 -2.074230000000000171e-02 -7.707221596451575563e-01 3.491908287326900284e-02 6.362138086234800927e-01 8.770930999999999589e-01
6.147628420696303886e-01 -1.839911599747824644e-02 7.884973814420580540e-01 5.275855999999999879e-01 4.078955718670892322e-02 9.991317059926724253e-01 -8.487997684031880347e-03 -2.149650000000000172e-02 -7.876565622369836595e-01 3.738056461161692878e-02 6.149795389720977834e-01 9.093866999999999923e-01
5.757927757400543856e-01 -2.221944307126284823e-02 8.172936900252969483e-01 6.145264999999999755e-01 4.964225881195298562e-02 9.987364385297864411e-01 -7.821284605824280894e-03 -2.279089999999999935e-02 -8.160872046206890662e-01 4.507574405865240330e-02 5.761682495174029750e-01 9.722718999999999667e-01
5.592469367303585237e-01 -2.542779636727755810e-02 8.286110613126127511e-01 6.599732000000000376e-01 5.565635892780587679e-02 9.984259703946329889e-01 -6.924691504666995873e-03 -2.338360000000000091e-02 -8.271307233252851443e-01 4.999008715175269624e-02 5.597818840565944587e-01 1.002271099999999970e+00
5.074203264704107985e-01 -3.300403629027042623e-02 8.610664003857150250e-01 8.504422999999999844e-01 6.607762683371423695e-02 9.978142443133477535e-01 -6.935974389655000238e-04 -2.622970000000000163e-02 -8.591614280894402933e-01 5.724916972265575721e-02 5.084920580002999513e-01 1.120743999999999962e+00
4.964789409771827033e-01 -3.287963213048089584e-02 8.674258417623600392e-01 9.001514999999999933e-01 6.626376336015905866e-02 9.978021360030282505e-01 -1.051339296526850042e-04 -2.678760000000000169e-02 -8.655159009697762640e-01 5.753109749308256415e-02 4.975664759504175860e-01 1.149994100000000019e+00
4.869780601948743293e-01 -3.041963268350198271e-02 8.728843078187613624e-01 9.509446000000000287e-01 6.625806452160923343e-02 9.978001118842972916e-01 -2.192170051383130619e-03 -2.738060000000000146e-02 -8.708973749958646149e-01 5.890316350659555167e-02 4.879223089327108243e-01 1.178278699999999901e+00
4.779912511050158352e-01 -2.750726998391856207e-02 8.779337753868988736e-01 1.002013199999999937e+00 6.667949649513338350e-02 9.977617066668970081e-01 -5.041969487856762244e-03 -2.779890000000000139e-02 -8.758300112545912564e-01 6.095019940240389844e-02 4.787555373868692676e-01 1.206434800000000029e+00
4.630614580109759237e-01 -2.446156031163873590e-02 8.859885541991324720e-01 1.108645600000000009e+00 6.737567007725572821e-02 9.976982107855485449e-01 -7.668068658784048253e-03 -2.895479999999999929e-02 -8.837616223769789725e-01 6.324485957321038243e-02 4.636437021584299822e-01 1.263129100000000005e+00
4.580146581329255229e-01 -2.382726284441612566e-02 8.886252497429513175e-01 1.163870600000000088e+00 6.705329682046048956e-02 9.977188425621111856e-01 -7.808110016412208448e-03 -2.996400000000000105e-02 -8.864121097553251394e-01 6.316148147300124083e-02 4.585675511167892626e-01 1.291730499999999893e+00
4.534093201300968268e-01 -2.277857686117704117e-02 8.910112933377122291e-01 1.220422600000000024e+00 6.798120505072678676e-02 9.976452006606438827e-01 -9.088969063349914418e-03 -3.069940000000000169e-02 -8.887061067524034685e-01 6.469304471860126693e-02 4.538901472669599757e-01 1.320683400000000063e+00
4.494274298422522573e-01 -2.057537833264875410e-02 8.930798615531848617e-01 1.277881999999999962e+00 6.663112255560446617e-02 9.977219556195524586e-01 -1.054479879730904623e-02 -3.155609999999999665e-02 -8.908284227685864254e-01 6.424603552877081181e-02 4.497745747665917726e-01 1.349599200000000110e+00
4.457047475787731527e-01 -2.032981447536742758e-02 8.949491475101473137e-01 1.336489999999999956e+00 6.777741943230716770e-02 9.976388052458267097e-01 -1.109214509356206552e-02 -3.260079999999999922e-02 -8.926104970259084448e-01 6.560116547041419666e-02 4.460302542295579986e-01 1.379100800000000016e+00
4.411922330975212581e-01 -2.347071546448611240e-02 8.971056453785182239e-01 1.457562900000000106e+00 6.855534868558768591e-02 9.976182531930298802e-01 -7.614792359956726320e-03 -3.454639999999999794e-02 -8.947902422473212880e-01 6.486097757259674801e-02 4.417504679876492757e-01 1.438428999999999958e+00
4.390176223083152585e-01 -2.407764219879538273e-02 8.981557740441801219e-01 1.518208999999999920e+00 6.804801865210004241e-02 9.976607642495718409e-01 -6.516642884456913531e-03 -3.519930000000000281e-02 -8.958978705523732433e-01 6.397864192921638715e-02 4.396290924365858777e-01 1.468506099999999925e+00
4.368228606042113271e-01 -2.489674821765363102e-02 8.992029472714935245e-01 1.579694600000000060e+00 7.049166595452209527e-02 9.974903615375799726e-01 -6.625984499219510909e-03 -3.615310000000000051e-02 -8.967813075017285751e-01 6.628069528765209717e-02 4.374816064106873403e-01 1.498910299999999918e+00
4.358470542207593668e-01 -2.488080115211108168e-02 8.996767703242734004e-01 1.641750199999999937e+00 7.035276243771054761e-02 9.975010220933898664e-01 -6.496132697667980627e-03 -3.695269999999999805e-02 -8.972668689662341990e-01 6.612606639345602888e-02 4.365083151543149853e-01 1.529130799999999901e+00
4.355953177368671603e-01 -2.413473666294779427e-02 8.998190004950594734e-01 1.772926100000000060e+00 7.165376387528805957e-02 9.973980013785354037e-01 -7.935046856033082380e-03 -3.837809999999999833e-02 -8.972861624299253158e-01 6.793188744848137339e-02 4.361912440426385373e-01 1.592356399999999894e+00
4.368568029854938417e-01 -2.339033539448360371e-02 8.992269045660429283e-01 1.902858099999999997e+00 7.202918415076658976e-02 9.973614679876886546e-01 -9.049795799779786903e-03 -4.110690000000000177e-02 -8.966425878330054333e-01 6.872404516307464850e-02 4.373889291014980696e-01 1.656556700000000104e+00
4.392982208959292922e-01 -2.357854435186801725e-02 8.980318064322210247e-01 2.040706600000000037e+00 7.176619457986882500e-02 9.973816003004397635e-01 -8.919456130188845033e-03 -4.327750000000000347e-02 -8.954700924281031593e-01 6.836662656867711907e-02 4.398401049681842645e-01 1.723659199999999947e+00
4.402210544356544575e-01 -2.299293309950576833e-02 8.975949800767838438e-01 2.111951799999999935e+00 7.190625377880120739e-02 9.973640569541434298e-01 -9.717436054374115756e-03 -4.403409999999999963e-02 -8.950055384739578068e-01 6.882051237424686996e-02 4.407139924911471773e-01 1.758741600000000016e+00
4.418426730973240013e-01 -2.333960586078166408e-02 8.967888910041620365e-01 2.253172600000000081e+00 7.264918168938584719e-02 9.973090333326547485e-01 -9.838111249026552929e-03 -4.672629999999999839e-02 -8.941460443518575163e-01 6.949787645208294062e-02 4.423492924585469277e-01 1.829134299999999991e+00
4.436008551130800615e-01 -2.847783174432295950e-02 8.957718986673371964e-01 2.398154499999999967e+00 7.587921069789306527e-02 9.970996946570558350e-01 -5.877439805785540650e-03 -4.883710000000000134e-02 -8.930065099016964991e-01 7.057770195995272111e-02 4.444751525780076262e-01 1.900013200000000069e+00
4.439117718049634398e-01 -2.811762764792893193e-02 8.956292412982230777e-01 2.470356499999999844e+00 7.705037381612764302e-02 9.970033993811253659e-01 -6.889231980066183592e-03 -5.008420000000000233e-02 -8.927516892998709208e-01 7.206677901732944092e-02 4.447480192359425377e-01 1.936732600000000026e+00
4.445954175255388274e-01 -2.753655959008614526e-02 8.953081327683966029e-01 2.615632999999999875e+00 7.838579402763987125e-02 9.968888448546863179e-01 -8.264278489102293290e-03 -5.221970000000000084e-02 -8.922951204674088865e-01 7.385369923186418939e-02 4.453706872929796834e-01 2.010758200000000162e+00
4.449689924848924116e-01 -2.945804460898626340e-02 8.950613494810255588e-01 2.764880400000000016e+00 7.912478592056436388e-02 9.968433440579219651e-01 -6.528067129269871094e-03 -5.537369999999999792e-02 -8.920436446609574244e-01 7.372632511684255874e-02 4.458952399440490044e-01 2.085365799999999936e+00
4.453244363442234732e-01 -3.061909470001354314e-02 8.948455830110864095e-01 2.918570799999999910e+00 8.135521333868192539e-02 9.966647263142409674e-01 -6.383775025531945868e-03 -5.722030000000000172e-02 -8.916655626732015172e-01 7.564320432603749422e-02 4.463301804516159876e-01 2.161122999999999905e+00
4.452485854883140304e-01 -2.999729013397355384e-02 8.949043857894952714e-01 2.994924999999999837e+00 8.204851778449757937e-02 9.966007439190909256e-01 -7.416060226401191557e-03 -5.842239999999999933e-02 -8.916399149040056260e-01 7.672756873857555782e-02 4.461963047196207954e-01 2.199457199999999890e+00
4.449669635684722624e-01 -2.923053812659207745e-02 8.950698168151375311e-01 3.072502099999999903e+00 8.192672360157285394e-02 9.966047702611349202e-01 -8.181922308476481664e-03 -5.986339999999999717e-02 -8.917916871627394881e-01 7.697082261208013088e-02 4.458509607187746138e-01 2.238185200000000208e+00
4.424418579913173555e-01 -2.759927441990176963e-02 8.963724015991821892e-01 3.229801399999999933e+00 8.066104594697637298e-02 9.966998170440555249e-01 -9.125260055804385040e-03 -6.274079999999999935e-02 -8.931623581208124607e-01 7.633973248473725770e-02 4.432079052546649134e-01 2.317533000000000065e+00
4.414956829025600826e-01 -2.804765551902184753e-02 8.968248942788600298e-01 3.309570799999999924e+00 7.999825837254780081e-02 9.967612002524780523e-01 -8.209039444333272872e-03 -6.420720000000000593e-02 -8.936900137272213440e-01 7.536868508290306412e-02 4.423095303891981800e-01 2.356797900000000112e+00
4.406049295812088928e-01 -2.782209374537435165e-02 8.972698741896786290e-01 3.390512499999999818e+00 7.919178163070877963e-02 9.968274737764108995e-01 -7.978047799611802382e-03 -6.547530000000000017e-02 -8.942012959903894442e-01 7.457156712958604161e-02 4.414103800602626748e-01 2.396943300000000221e+00
4.404140420071213646e-01 -2.712953404830868026e-02 8.973847892544598581e-01 3.472233300000000078e+00 7.644565696591615334e-02 9.970464727911435565e-01 -7.375135645450434096e-03 -6.666500000000000203e-02 -8.945342548689788620e-01 7.184928306574102364e-02 4.411872022043930031e-01 2.437789700000000170e+00
4.390654495943980828e-01 -2.662882889757830704e-02 8.980603746096431639e-01 3.553387400000000085e+00 7.657775122243856702e-02 9.970325078311363942e-01 -7.875680648000468742e-03 -6.807960000000000400e-02 -8.951856673283946630e-01 7.222938321416347285e-02 4.398017021457717446e-01 2.476997100000000174e+00
4.363853457816823656e-01 -2.502784628954157764e-02 8.994117171224247365e-01 3.635252200000000045e+00 7.519397944899583464e-02 9.971306548101490641e-01 -8.736285967578610867e-03 -6.936449999999999561e-02 -8.966123440158659808e-01 7.144273334629910877e-02 4.370151489483906637e-01 2.517861799999999928e+00
4.325655861255266466e-01 -2.478653696826905659e-02 9.012616941183066999e-01 3.718452699999999833e+00 7.645636428209653945e-02 9.970297854590037812e-01 -9.275304217988403210e-03 -7.080480000000000107e-02 -8.983548508583025782e-01 7.291936980455544781e-02 4.331758620314196673e-01 2.558344400000000185e+00
4.281331675872049880e-01 -2.439762372065481730e-02 9.033862666481772274e-01 3.802336200000000055e+00 7.420352142109641613e-02 9.972091159369637081e-01 -8.235077469469023054e-03 -7.222080000000000166e-02 -9.006641039924124792e-01 7.056015199108213454e-02 4.287486871473080718e-01 2.599722100000000147e+00
4.237460131255167406e-01 -2.420122127156123029e-02 9.054576838534167393e-01 3.887409900000000196e+00 7.229565182133781964e-02 9.973574290007335419e-01 -7.176178981515075883e-03 -7.350829999999999864e-02 -9.028912753415867520e-01 6.850153068371375720e-02 4.243758772668764223e-01 2.640048499999999798e+00
4.192292919322004874e-01 -2.284811819076244810e-02 9.075928405850094416e-01 3.971633399999999980e+00 7.092232847784420147e-02 9.974525079176979059e-01 -7.649690972549354206e-03 -7.523710000000000120e-02 -9.051059739662014048e-01 6.757557209403175502e-02 4.197817503737599765e-01 2.680069899999999894e+00
4.150915685074119121e-01 -2.176139534122561656e-02 9.095193408756404585e-01 4.057792700000000252e+00 7.195655460378824753e-02 9.973673714713242600e-01 -8.976668309206979612e-03 -7.682750000000000690e-02 -9.069295694835451949e-01 6.917201744335901847e-02 4.155646616342720812e-01 2.719466399999999950e+00
4.108676366808843294e-01 -2.011460583408808747e-02 9.114730866901140649e-01 4.144884600000000141e+00 7.146403375138009328e-02 9.973909876967311794e-01 -1.020340831882711810e-02 -7.887289999999999579e-02 -9.088898046563437250e-01 6.932979369274347436e-02 4.112331488319919126e-01 2.759059199999999823e+00
4.063626778779452775e-01 -1.933742878046772196e-02 9.135072182944289354e-01 4.231754300000000413e+00 7.046550855213884468e-02 9.974617467198725329e-01 -1.023112579481510326e-02 -8.059189999999999410e-02 -9.109906619347717394e-01 6.852829837885385245e-02 4.066938482310066272e-01 2.798500999999999905e+00
4.013394145014752001e-01 -1.875673492705871165e-02 9.157373309320141486e-01 4.318893400000000327e+00 6.878309828797457559e-02 9.975843603623286704e-01 -9.712329812682746200e-03 -8.232399999999999440e-02 -9.133430679418989007e-01 6.688519159993153163e-02 4.016600694456949894e-01 2.838067800000000140e+00
3.961425339958581926e-01 -1.850312663279226125e-02 9.180025746500665162e-01 4.406881300000000223e+00 6.665210394869806876e-02 9.977387644264940070e-01 -8.651878403272521278e-03 -8.436490000000000655e-02 -9.157666677699903834e-01 6.461418006524510815e-02 3.964800347255127422e-01 2.876874700000000118e+00
3.901885140853267320e-01 -1.815351936698374885e-02 9.205560130760525039e-01 4.495038499999999715e+00 6.546291905312298653e-02 9.978223695890536815e-01 -8.070004754037535949e-03 -8.578790000000000027e-02 -9.184048833194046191e-01 6.341110693150267541e-02 3.905272100799027646e-01 2.916340100000000213e+00
3.850590516713212064e-01 -1.838407881029254301e-02 9.227088123412933163e-01 4.583474200000000387e+00 6.537760574177475803e-02 9.978331410494863940e-01 -7.402113940543474796e-03 -8.729580000000000672e-02 -9.205733514465080924e-01 6.317474392201902211e-02 3.854265900751159268e-01 2.954228899999999935e+00
3.795726839136486785e-01 -1.763275132988770255e-02 9.249938722538260105e-01 4.673604000000000092e+00 6.646663217202904150e-02 9.977545003231481635e-01 -8.254931411771089522e-03 -8.907120000000000315e-02 -9.227712416597610989e-01 6.461457393996491994e-02 3.798923431714033017e-01 2.992120299999999844e+00
3.742258534565883199e-01 -1.690097459917382430e-02 9.271835674030715069e-01 4.763752900000000068e+00 6.641048125499993127e-02 9.977551785605753842e-01 -8.616938843562821360e-03 -9.085600000000000620e-02 -9.249565711881650998e-01 6.479938821588117348e-02 3.745081850943716706e-01 3.029391500000000015e+00
3.680748335364758539e-01 -1.725125031794413552e-02 9.296361176716203545e-01 4.854462100000000113e+00 6.714911108242997695e-02 9.977102973935334518e-01 -8.072134522329434819e-03 -9.236629999999999840e-02 -9.273682730166774579e-01 6.539538850236104039e-02 3.683904577546630588e-01 3.066462000000000021e+00
3.623278386494021008e-01 -1.691484621910339242e-02 9.318972182150974115e-01 4.945935699999999713e+00 6.660222818166944281e-02 9.977492334521985695e-01 -7.785264721706430802e-03 -9.394360000000000210e-02 -9.296680485748068934e-01 6.488724930935424462e-02 3.626388897183754345e-01 3.103488399999999814e+00
3.573910878308692585e-01 -1.598763896255209899e-02 9.338179724868603815e-01 5.037815100000000434e+00 6.623205536646425973e-02 9.977700092043136904e-01 -8.265807544181501959e-03 -9.580990000000000339e-02 -9.316034162566179111e-01 6.480280960596476736e-02 3.576530031834929124e-01 3.139265799999999995e+00
3.529260511998022487e-01 -1.499245080982305328e-02 9.355310945143563428e-01 5.130331499999999600e+00 6.528514897133477768e-02 9.978292628804397157e-01 -8.637792731306180583e-03 -9.726279999999999648e-02 -9.333708007583615407e-01 6.412478895242787469e-02 3.531387259045677407e-01 3.174017699999999831e+00
3.486141626781376623e-01 -1.615545094173414728e-02 9.371270815556930200e-01 5.223709099999999772e+00 6.656962628403287341e-02 9.977531148968109553e-01 -7.563502503161380341e-03 -9.855890000000000484e-02 -9.348992728827129062e-01 6.502094369186248168e-02 3.489063290408966900e-01 3.209314800000000023e+00
3.439879175146850487e-01 -1.766229725277415619e-02 9.388079440757118865e-01 5.317769099999999582e+00 6.860416055300730398e-02 9.976236329434020611e-01 -6.368370876877769982e-03 -1.004738000000000020e-01 -9.364645117454944989e-01 6.659677355970719526e-02 3.443821830360996872e-01 3.244956300000000127e+00
3.403725846049429071e-01 -1.767917637529781844e-02 9.401244334512545153e-01 5.411473799999999557e+00 7.000536329144005365e-02 9.975248679109799399e-01 -6.586881630592855003e-03 -1.020486000000000032e-01 -9.376810506562370806e-01 6.805574642800601981e-02 3.407677546634106935e-01 3.279233899999999924e+00
3.374493280131801720e-01 -1.733075914103151399e-02 9.411841455374438947e-01 5.505647699999999922e+00 7.038573387146482285e-02 9.974962035680494665e-01 -6.868211900039861151e-03 -1.036318999999999990e-01 -9.387085807058697107e-01 6.856361028216113873e-02 3.378242617904277934e-01 3.313109600000000210e+00
3.337714297712923162e-01 -1.712455864777018624e-02 9.424984785980007329e-01 5.601016999999999690e+00 6.957810173878166415e-02 9.975552320484852853e-01 -6.515118657438576100e-03 -1.052667000000000047e-01 -9.400827199916265142e-01 6.775181550196153479e-02 3.341469303604824859e-01 3.347797599999999818e+00
3.304908107169193254e-01 -1.584287487291753324e-02 9.436762301485793758e-01 5.695867100000000072e+00 6.819193116774585617e-02 9.976467216703526208e-01 -7.132970209624858032e-03 -1.068300999999999973e-01 -9.413424905714641300e-01 6.670848563832837419e-02 3.307934300867447774e-01 3.380952600000000086e+00
3.258257082640982349e-01 -1.432340648117009715e-02 9.453213463478826739e-01 5.790702300000000413e+00 6.692677328295094930e-02 9.977262145135390448e-01 -7.950339012640781494e-03 -1.082421999999999968e-01 -9.430580124531739994e-01 6.585773226629208776e-02 3.260434698757362915e-01 3.414253200000000099e+00
3.214308036303719085e-01 -1.432559949134240562e-02 9.468247016616891942e-01 5.885037399999999863e+00 6.647745293106550879e-02 9.977599520559539137e-01 -7.471701620017260487e-03 -1.098087999999999981e-01 -9.445967323304326202e-01 6.534412959489359352e-02 3.216631125854416684e-01 3.446574899999999886e+00
3.171782760817302149e-01 -1.328242576170429734e-02 9.482729134314166197e-01 5.984150900000000384e+00 6.608473784888389824e-02 9.977809082200191915e-01 -8.128137245271255251e-03 -1.114080999999999960e-01 -9.460606474245011333e-01 6.524443545252336940e-02 3.173521940009482734e-01 3.480576500000000184e+00
3.130683372958483202e-01 -1.258148350607013119e-02 9.496472621218887689e-01 6.080310800000000349e+00 6.540413857516705343e-02 9.978239881990174087e-01 -8.341896178173748011e-03 -1.131553000000000003e-01 -9.474758650435657348e-01 6.472244469574345294e-02 3.132099779900907599e-01 3.511688899999999780e+00
3.088677075782644277e-01 -1.243210114524084114e-02 9.510237547382620615e-01 6.178193600000000174e+00 6.412484184009853427e-02 9.979115492104289054e-01 -7.781041795552785800e-03 -1.158205000000000068e-01 -9.489408537281602829e-01 6.338756040073076359e-02 3.090198590901782616e-01 3.543456799999999962e+00
3.045995307490545478e-01 -1.311939369470930747e-02 9.523901550186978371e-01 6.275029199999999641e+00 6.369918497573917593e-02 9.979471496684521048e-01 -6.625730302273112604e-03 -1.176713000000000064e-01 -9.503481150088542995e-01 6.268467099455110603e-02 3.048099281870958466e-01 3.575082800000000116e+00
3.005087398881378657e-01 -1.334867508205423228e-02 9.536856453383354415e-01 6.373214199999999607e+00 6.447384066090530719e-02 9.978992045565084901e-01 -6.348339619124877820e-03 -1.192079000000000055e-01 -9.515974049571992444e-01 6.339550787746164873e-02 3.007380728469259967e-01 3.606547799999999970e+00
2.965529144199747225e-01 -1.327171682780851208e-02 9.549242014324809125e-01 6.471926700000000032e+00 6.598369015449520592e-02 9.977987166379665984e-01 -6.623723214514768559e-03 -1.208276999999999962e-01 -9.527342344970156640e-01 6.497370705192519191e-02 2.967758342744838407e-01 3.637969500000000078e+00
2.927412639768121050e-01 -1.233786261321408867e-02 9.561120904535178600e-01 6.570412199999999814e+00 6.625830132699808694e-02 9.977749789751700904e-01 -7.411399082467913513e-03 -1.222421999999999953e-01 -9.538932801265134209e-01 6.551998532689348731e-02 2.929073943283858616e-01 3.668727399999999861e+00
2.892454252041335439e-01 -1.059044322592213316e-02 9.571963886845575864e-01 6.670100699999999883e+00 6.646092220866350875e-02 9.977480399053507698e-01 -9.044041364602239952e-03 -1.238299999999999956e-01 -9.549450402078929478e-01 6.623210231684616145e-02 2.892979066724072901e-01 3.699537299999999806e+00
2.859859859806278548e-01 -9.972507156801417583e-03 9.581819059675963368e-01 6.770036700000000351e+00 6.711941145489627725e-02 9.976982901519555469e-01 -9.649167519149251526e-03 -1.254203999999999875e-01 -9.558802228462709438e-01 6.707213228213199097e-02 2.859970780313877414e-01 3.729667200000000182e+00
2.827803301982581008e-01 -9.171125076151486616e-03 9.591408526998532746e-01 6.870395199999999925e+00 6.752259382489939066e-02 9.976638733261818937e-01 -1.036798837566318271e-02 -1.273910000000000042e-01 -9.568050920517312541e-01 6.769554139408159865e-02 2.827389776794851928e-01 3.759903700000000182e+00
2.793654649472906426e-01 -8.959649151829694735e-03 9.601430423024792660e-01 6.971936200000000028e+00 6.735470027013648608e-02 9.976760525006862501e-01 -1.028778976107152382e-02 -1.289306000000000063e-01 -9.578195452935298615e-01 6.754420000062219542e-02 2.793197087567788062e-01 3.789806599999999914e+00
2.756080832416418214e-01 -8.937308315788178303e-03 9.612285414884103041e-01 7.073406699999999603e+00 6.736232222693681881e-02 9.976780799729800808e-01 -1.003824116178320819e-02 -1.308456000000000063e-01 -9.589069308311741757e-01 6.751720715118722516e-02 2.755701811561640513e-01 3.819229800000000008e+00
2.715247022790928666e-01 -9.404831285845408756e-03 9.623855179712208496e-01 7.174186200000000291e+00 6.926793760220559260e-02 9.975500082342102504e-01 -9.794584843878639119e-03 -1.329044000000000059e-01 -9.599355649587044681e-01 6.932193174177828099e-02 2.715109222609677353e-01 3.848118499999999997e+00
2.683932053711022836e-01 -1.049070371804873211e-02 9.632523202391600758e-01 7.275265199999999766e+00 7.128570659862477898e-02 9.974153362065673045e-01 -8.999729700121982673e-03 -1.348849000000000020e-01 -9.606682233452712438e-01 7.108158858270256786e-02 2.684473363980341976e-01 3.876333999999999946e+00
2.652444046558288804e-01 -1.114726922068456916e-02 9.641167689588726608e-01 7.377254500000000270e+00 7.175978807804947457e-02 9.973881506742950931e-01 -8.210341619150143821e-03 -1.365981000000000001e-01 -9.615071183375442088e-01 7.136256219777495358e-02 2.653515519133068379e-01 3.905471799999999938e+00
2.623783200667091919e-01 -1.151012647426977523e-02 9.648964370063338736e-01 7.479078799999999916e+00 7.190620270005540493e-02 9.973820197813374477e-01 -7.655366102178373655e-03 -1.381944999999999979e-01 -9.622822429891503271e-01 7.139064088132386632e-02 2.625190683023307381e-01 3.933460499999999804e+00
2.597017473123688913e-01 -1.073064875863677034e-02 9.656292537097875828e-01 7.582212900000000033e+00 7.090921938019682791e-02 9.974508003672957202e-01 -7.986454378015768463e-03 -1.401128000000000096e-01 -9.630819721341447037e-01 7.054611274804428733e-02 2.598006176404255019e-01 3.961833700000000125e+00
2.569448906381219810e-01 -8.363859383107956347e-03 9.663898638909574901e-01 7.684709999999999930e+00 7.055497008171840445e-02 9.974564903105861413e-01 -1.012650650793787618e-02 -1.420185999999999948e-01 -9.638471452319249400e-01 7.078556204133075458e-02 2.568814606676813606e-01 3.989642599999999817e+00
2.537784269035845974e-01 -6.136941543922656839e-03 9.672429105384173775e-01 7.789027199999999596e+00 7.014118249266576566e-02 9.974639952460250258e-01 -1.207446505516641608e-02 -1.438337000000000088e-01 -9.647158776328256247e-01 7.090780025021473087e-02 2.535652959432799225e-01 4.017212899999999642e+00
2.503872671896624769e-01 -4.518933428752966441e-03 9.681352155923049763e-01 7.893056399999999861e+00 6.931965737559868390e-02 9.975062099981134578e-01 -1.327200499280428714e-02 -1.459614999999999940e-01 -9.656609143641582405e-01 7.043394249838577648e-02 2.500761048431294764e-01 4.045198400000000305e+00
2.430434815181808095e-01 -2.866827671957561385e-03 9.700111583845933971e-01 8.102431299999999226e+00 6.841622225697549520e-02 9.975558892291576107e-01 -1.419395633037828439e-02 -1.507930000000000104e-01 -9.675996520377658783e-01 6.981424756683876631e-02 2.426455938463962791e-01 4.099613200000000290e+00
2.391678134056388072e-01 -3.891126632123459439e-03 9.709704507163431364e-01 8.207535699999999323e+00 6.826593286614955625e-02 9.975848222092421613e-01 -1.281736742349982860e-02 -1.533953999999999873e-01 -9.685755104485557210e-01 6.934970534391196595e-02 2.388558120038796195e-01 4.126494899999999966e+00
2.354464900255976434e-01 -4.366053469874488224e-03 9.718775066394551576e-01 8.312490499999999116e+00 6.772630614064209520e-02 9.976326618472347585e-01 -1.192558057894709325e-02 -1.556047000000000124e-01 -9.695246762157061493e-01 6.862950963469818810e-02 2.351848052407524703e-01 4.152314200000000177e+00
2.313529891808379368e-01 -4.723550712629719095e-03 9.728584082310005599e-01 8.417889600000000527e+00 6.789234134325425329e-02 9.976286415189904444e-01 -1.130148697758919657e-02 -1.581778000000000073e-01 -9.704980290469538140e-01 6.866426792472765661e-02 2.311250612251710690e-01 4.177921300000000393e+00
2.274111075281238792e-01 -3.763607947697915346e-03 9.737915708343586330e-01 8.524032599999999960e+00 6.641244407989890797e-02 9.977242043193588206e-01 -1.165329938844043151e-02 -1.604385999999999868e-01 -9.715315617334138176e-01 6.732196796379583126e-02 2.271435167142467071e-01 4.203510800000000103e+00
2.237812806413483346e-01 -2.849430238929612225e-03 9.746352236513060596e-01 8.630677199999999161e+00 6.556716449441088446e-02 9.977743374711739444e-01 -1.213748013892338579e-02 -1.629026000000000085e-01 -9.724314296518190570e-01 6.662020888043934663e-02 2.234700480915634557e-01 4.228649100000000161e+00
2.204277181223748272e-01 -2.063857795473245105e-03 9.754011285488461969e-01 8.736541700000000077e+00 6.531898121203326413e-02 9.977842492574672262e-01 -1.265000502508482200e-02 -1.653196000000000110e-01 -9.732137749625129342e-01 6.650061973179416386e-02 2.200741143308372338e-01 4.253209599999999924e+00
2.174484594804816373e-01 -2.038699232908121328e-03 9.760696753690298877e-01 8.844025600000000153e+00 6.710321799413360155e-02 9.976630888417550302e-01 -1.286543032938416292e-02 -1.677185999999999955e-01 -9.737624585104918129e-01 6.829498420942928250e-02 2.170771050282288561e-01 4.277612200000000087e+00
2.148702607547649246e-01 -3.085987079254871868e-03 9.766377259388078214e-01 8.950005499999999614e+00 6.800660321301957301e-02 9.976149702000399744e-01 -1.180987519833065838e-02 -1.704758000000000107e-01 -9.742719707364090320e-01 6.895540527413281107e-02 2.145676562785590047e-01 4.301100700000000110e+00
2.122511383600908241e-01 -4.318074651330480740e-03 9.772056121902652492e-01 9.058326700000000287e+00 6.957802176565094920e-02 9.975190770962379938e-01 -1.070465862361218851e-02 -1.725552999999999948e-01 -9.747350168902439993e-01 7.026410933310839324e-02 2.120250027416596961e-01 4.324569699999999628e+00
2.069667761029416742e-01 -3.505943870215737224e-03 9.783416897726140427e-01 9.271754299999999560e+00 7.122303118936537669e-02 9.973942013297480980e-01 -1.149291007502173043e-02 -1.772305999999999881e-01 -9.757520348007240329e-01 7.205911123079956904e-02 2.066771663026027994e-01 4.370994099999999882e+00
2.038316128703371588e-01 -3.073802385117285763e-03 9.790011365333414206e-01 9.378856700000000046e+00 7.083169584899148830e-02 9.974206456888411454e-01 -1.161578309073823742e-02 -1.796648999999999885e-01 -9.764402411094253997e-01 7.171197454088379386e-02 2.035235815565721307e-01 4.393871800000000327e+00
1.981456055935388039e-01 -1.543779167240411088e-04 9.801725843704407470e-01 9.595397000000000176e+00 7.038205497748126205e-02 9.974208620108222512e-01 -1.407090483000493150e-02 -1.846354000000000051e-01 -9.776424117851663098e-01 7.177464867937062565e-02 1.976454261697860870e-01 4.439111699999999772e+00
1.950409491380604987e-01 8.589987216595651454e-04 9.807947238237574306e-01 9.701788900000000382e+00 6.830836626286793112e-02 9.975594959959126484e-01 -1.445749102986396487e-02 -1.872631999999999908e-01 -9.784135093393909743e-01 6.981628799626128645e-02 1.945062741214296231e-01 4.462058500000000372e+00
1.892130508245351839e-01 4.657603781026836698e-05 9.819360565883832326e-01 9.917521499999999435e+00 7.095187887539886051e-02 9.973853877418111802e-01 -1.371930038915464278e-02 -1.926149000000000056e-01 -9.793693135287231399e-01 7.226607883225595608e-02 1.887150274050468646e-01 4.505558999999999870e+00
1.831356664711542848e-01 -1.188955876978883830e-03 9.830869310748103773e-01 1.013443949999999916e+01 7.039393789772810384e-02 9.974482013465265640e-01 -1.190710451074621090e-02 -1.977111000000000007e-01 -9.805641341459604421e-01 7.138397589446550395e-02 1.827520364102174222e-01 4.547175400000000423e+00
1.769234551182260751e-01 2.637184483962953796e-04 9.842245787835257609e-01 1.035126780000000046e+01 6.770510005133767439e-02 9.976278451447733175e-01 -1.243792662924225398e-02 -2.018343999999999971e-01 -9.818931257810430413e-01 6.883758453327681881e-02 1.764859102012298342e-01 4.585913699999999871e+00
1.693008751885242968e-01 7.649773946875673691e-04 9.855641168741815505e-01 1.056807039999999986e+01 6.626085262339745374e-02 9.977282760134041917e-01 -1.215675338817090792e-02 -2.066595999999999989e-01 -9.833344868710851561e-01 6.736246768717739364e-02 1.688655822749972613e-01 4.624835499999999655e+00
1.609201020750115341e-01 4.389908234072731341e-04 9.869673388898059230e-01 1.078402140000000031e+01 6.569474117739491914e-02 9.977774135452598392e-01 -1.115499890481835843e-02 -2.111215999999999926e-01 -9.847786155932729546e-01 6.663362744131802462e-02 1.605336038473211824e-01 4.662270499999999984e+00
1.531408552254957256e-01 2.154244216653652955e-03 9.882020227122885192e-01 1.100132269999999934e+01 6.497282617176693142e-02 9.978119145610606644e-01 -1.224397889755772517e-02 -2.145102999999999871e-01 -9.860661287763903271e-01 6.608133164400892268e-02 1.526658026150499170e-01 4.696388699999999972e+00
1.454264765984732422e-01 2.262816858634400519e-03 9.893664738427404570e-01 1.121753310000000070e+01 6.525752611007626380e-02 9.977978036508460269e-01 -1.187427115829085139e-02 -2.198913000000000117e-01 -9.872145639070294409e-01 6.629044191595181990e-02 1.449585531124031323e-01 4.729136500000000076e+00
1.414030274761128025e-01 3.055976059906317932e-03 9.899473949816277596e-01 1.132715420000000073e+01 6.457210785072541037e-02 9.978371915304704576e-01 -1.230374277598250687e-02 -2.227280000000000093e-01 -9.878439283147433247e-01 6.566277643310960976e-02 1.408998689949408911e-01 4.746180500000000357e+00
1.374098230315593527e-01 3.325438461554461322e-03 9.905086985955620094e-01 1.143594650000000001e+01 6.477831724873032992e-02 9.978234218567053615e-01 -1.233646661724245239e-02 -2.251802999999999999e-01 -9.883938031720242989e-01 6.585863840996035445e-02 1.368953235064211960e-01 4.762226599999999976e+00
1.292409759666875158e-01 4.059124644368312940e-03 9.916049080345959998e-01 1.165371990000000046e+01 6.697381949089245556e-02 9.976724584778892124e-01 -1.281300501387952484e-02 -2.301196000000000075e-01 -9.893489160220368950e-01 6.806753339005190695e-02 1.286683071475439588e-01 4.793603400000000292e+00
1.225070724716806336e-01 5.379496514443860011e-03 9.924530609614087284e-01 1.187524600000000063e+01 7.057554954304290362e-02 9.974065225049956185e-01 -1.411809729351248474e-02 -2.348190000000000000e-01 -9.899551045381381753e-01 7.177248694132504214e-02 1.218096922134747073e-01 4.822353800000000135e+00
1.189816006206028676e-01 6.524338801789479614e-03 9.928750232113598972e-01 1.198491860000000031e+01 7.261032518953741688e-02 9.972437244358183239e-01 -1.525433542463797143e-02 -2.374324999999999908e-01 -9.902379104991025915e-01 7.390796355317334754e-02 1.181799201801804200e-01 4.837375200000000319e+00
1.128723133799859474e-01 7.933841142253116041e-03 9.935778253549039096e-01 1.220370199999999983e+01 7.571300304990163932e-02 9.969920928634943280e-01 -1.656224431757196899e-02 -2.422527999999999904e-01 -9.907206377387198781e-01 7.709617975229934861e-02 1.119321090044554934e-01 4.862478699999999598e+00
1.091532203112111771e-01 9.059738377254961117e-03 9.939836495819375228e-01 1.231425759999999947e+01 7.573826007009348826e-02 9.969758334138808520e-01 -1.740412451841660477e-02 -2.448116999999999932e-01 -9.911353542565451979e-01 7.718230839533993248e-02 1.081369539681951153e-01 4.874931799999999704e+00
1.017033584820273007e-01 1.015849349268269086e-02 9.947629023457976727e-01 1.253704740000000051e+01 7.638190785664651650e-02 9.969163333125229398e-01 -1.798967834324129156e-02 -2.502094999999999736e-01 -9.918781331522813494e-01 7.781149905170602066e-02 1.006138141095512806e-01 4.899102199999999740e+00
9.804348310661983867e-02 1.122642809652076024e-02 9.951188083502972015e-01 1.264875789999999967e+01 7.486234687665750676e-02 9.970199541221107520e-01 -1.862364364089878072e-02 -2.530938999999999828e-01 -9.923623856436926127e-01 7.632285630489618611e-02 9.691087227458650144e-02 4.910440900000000219e+00
9.570749664858137218e-02 1.183710494893790849e-02 9.953391171011461980e-01 1.275687980000000010e+01 7.283618051221665834e-02 9.971655325332297037e-01 -1.886243717317899471e-02 -2.560091999999999923e-01 -9.927411374037308223e-01 7.430197624658556321e-02 9.457404735020202846e-02 4.916524400000000128e+00
9.145625069066241897e-02 1.085842434867087536e-02 9.957498927091432694e-01 1.298023030000000055e+01 7.548730256077319789e-02 9.969877847091580536e-01 -1.780517601215755169e-02 -2.606012999999999802e-01 -9.929438158132133374e-01 7.679486806675181465e-02 9.036109160974759025e-02 4.934665200000000418e+00
8.924541321271912964e-02 1.022199921489306412e-02 9.959572114064647597e-01 1.309303670000000075e+01 7.657401565932508980e-02 9.969173653265890334e-01 -1.709347349422167539e-02 -2.631643000000000177e-01 -9.930617686459872751e-01 7.778995720748885234e-02 8.818756267955585315e-02 4.943799499999999902e+00
8.665141164627492010e-02 1.000916638124246805e-02 9.961884106172187447e-01 1.320569899999999919e+01 7.631582929963033612e-02 9.969445858018994855e-01 -1.665494036580836626e-02 -2.655820999999999876e-01 -9.933113444726269226e-01 7.746811878851554700e-02 8.562279785986293135e-02 4.953312900000000241e+00
8.392008422531700707e-02 9.227421617900112560e-03 9.964297637836301291e-01 1.331600090000000058e+01 7.570602898526021529e-02 9.970080053052209346e-01 -1.560879664124269206e-02 -2.682898000000000227e-01 -9.935924801642261883e-01 7.674563210756843445e-02 8.297042433006551754e-02 4.963961600000000196e+00
8.105435820933262758e-02 8.437022129570856399e-03 9.966739726073206018e-01 1.342889979999999994e+01 7.734239962166505888e-02 9.968957903858429725e-01 -1.472875866283793883e-02 -2.707418999999999798e-01 -9.937043545421524460e-01 7.827898676254432808e-02 8.015020895414781688e-02 4.973167899999999975e+00
7.794167995270526172e-02 8.122075762108250940e-03 9.969248348854914399e-01 1.354113010000000017e+01 7.693163685036336075e-02 9.969361428216237941e-01 -1.413684503228244960e-02 -2.727902999999999856e-01 -9.939852201002153942e-01 7.779690881556623749e-02 7.707803319408579323e-02 4.983154299999999814e+00
