9.999999998961400793e-01 -5.999740799668994036e-07 -1.440000107920554819e-05 3.000000000000000076e-06 6.000259199668964469e-07 9.999999999933399941e-01 3.599995679801387551e-06 -4.999999999999999774e-07 1.439999891920554883e-05 -3.600004319801386705e-06 9.999999998898400078e-01 -6.370000000000000336e-05
9.999971223196135739e-01 6.646123824251694116e-04 2.305134024921331841e-03 -6.174000000000000451e-04 -6.613863866738050896e-04 9.999988013350940008e-01 -1.399963007603597384e-03 -6.342999999999999680e-04 -2.306061694587862795e-03 1.398434394693967011e-03 9.999963632237391931e-01 5.804689999999999850e-02
9.999918757485475318e-01 1.022497250266892095e-03 3.899094289021919329e-03 -9.487999999999999689e-04 -1.018698260324499977e-03 9.999990046550989442e-01 -9.761878230299076776e-04 -1.601400000000000002e-03 -3.900088557443092459e-03 9.722078916655007641e-04 9.999919220279028798e-01 1.168637000000000009e-01
9.999889516559740121e-01 1.716182051554741069e-04 4.697564600712814988e-03 -7.835999999999999650e-04 -1.703808572431194583e-04 9.999999506897171431e-01 -2.638009227059119632e-04 -2.877100000000000057e-03 -4.697609642115448646e-03 2.629976330589391489e-04 9.999889315866927753e-01 1.754805000000000115e-01
9.999847993369768151e-01 -1.726238353463726714e-04 5.511015877097451277e-03 -6.442999999999999942e-04 1.749748278385956566e-04 9.999998939030048106e-01 -4.261194534853248437e-04 -3.798000000000000161e-03 -5.510941734020849414e-03 4.270772652414156815e-04 9.999847234464203094e-01 2.341661999999999910e-01
9.999779356485343218e-01 -2.218647845220948322e-04 6.639201165290479177e-03 -5.125999999999999914e-04 2.241327351028895990e-04 9.999999167902251518e-01 -3.408578294783850323e-04 -4.841699999999999997e-03 -6.639124988495154374e-03 3.423383709875104340e-04 9.999779021677563939e-01 2.933642000000000194e-01
9.999746869451620057e-01 1.355392084027072053e-04 7.113866603208963621e-03 -1.086999999999999994e-04 -1.260590910596764351e-04 9.999991035342108425e-01 -1.333056593045258082e-03 -5.877699999999999592e-03 -7.114040907306303299e-03 1.332126081752695859e-03 9.999738075880144628e-01 3.522174000000000138e-01
9.999696801219112308e-01 -4.304891905319099832e-05 7.786975258285921096e-03 8.069999999999999645e-05 5.455031914142736710e-05 9.999989080446767264e-01 -1.476798468631318516e-03 -7.105900000000000064e-03 -7.786903180679100554e-03 1.477178474267273672e-03 9.999685905480281134e-01 4.108202000000000242e-01
9.999689348027862579e-01 -5.421724249181276468e-04 7.863553804918758938e-03 4.779000000000000153e-04 5.426190773385145428e-04 9.999998512880199364e-01 -5.466694702379227991e-05 -8.046799999999999786e-03 -7.863522996602870935e-03 5.893216309452868390e-05 9.999690802885268237e-01 4.693579999999999974e-01
9.999783250128922996e-01 -1.160610571143867297e-03 6.480932611316662234e-03 7.904999999999999701e-04 1.155776742910649083e-03 9.999990511775377344e-01 7.495492943959734897e-04 -8.975000000000000339e-03 -6.481796396896893561e-03 -7.420425367401499873e-04 9.999787176177015180e-01 5.277036999999999978e-01
9.999882232399202042e-01 -2.233270480179256907e-03 4.308814736082745324e-03 6.114999999999999559e-04 2.229515782712636947e-03 9.999971309325241808e-01 8.760057618116602086e-04 -1.035769999999999920e-02 -4.310758731610847029e-03 -8.663888748430936381e-04 9.999903333180153453e-01 5.855436000000000529e-01
9.999986938777081225e-01 -1.532195291190810264e-03 5.144127402708887579e-04 9.020999999999999722e-04 1.532203933112079568e-03 9.999988260402875584e-01 -1.640591384950752739e-05 -1.208129999999999968e-02 -5.143869993071081229e-04 1.719407764526374865e-05 9.999998675551805549e-01 7.020526000000000266e-01
9.999998410146018202e-01 -2.460398344334371488e-04 -5.073806962764710335e-04 6.181000000000000079e-04 2.459601726243281720e-04 9.999999574174951444e-01 -1.570624124593093774e-04 -1.323150000000000021e-02 5.074193182808872703e-04 1.569375920450367804e-04 9.999998589481038369e-01 7.603758999999999935e-01
9.999981903507249026e-01 -1.078400848643539314e-03 -1.567273710952543468e-03 2.176000000000000037e-04 1.079198138267821201e-03 9.999992886565383099e-01 5.079545212701511983e-04 -1.528550000000000048e-02 1.566724817495826483e-03 -5.096450009216361163e-04 9.999986428167386698e-01 8.772305000000000241e-01
9.999972717870848626e-01 -1.688604575048991297e-03 -1.614011454783522304e-03 -5.012000000000000396e-04 1.689392979990235726e-03 9.999984542745568028e-01 4.872369611888907365e-04 -1.607530000000000070e-02 1.613186209403154499e-03 -4.899623315240556401e-04 9.999985787825738104e-01 9.357126000000000055e-01
9.999966624971773355e-01 -1.208511146051351789e-03 -2.283526946677024664e-03 -8.733000000000000311e-04 1.207486633493333114e-03 9.999991697471188878e-01 -4.499790027442669813e-04 -1.704320000000000140e-02 2.284068855412503627e-03 4.472201726727408695e-04 9.999972915081224434e-01 9.941651000000000238e-01
9.999962559541240026e-01 -1.494912034576347361e-03 -2.292011287738592116e-03 -1.503999999999999912e-03 1.491884357702998693e-03 9.999980131503544145e-01 -1.322110588019617195e-03 -1.806160000000000057e-02 2.293983172885848739e-03 1.318686222189066311e-03 9.999964993477977737e-01 1.052077099999999987e+00
9.999952920890368135e-01 -5.799566886374454226e-04 -3.013212571526914692e-03 -2.041100000000000119e-03 5.780419739996015167e-04 9.999996305128663332e-01 -6.362716456093022322e-04 -1.924009999999999956e-02 3.013580468180300162e-03 6.345268867561204128e-04 9.999952578429518457e-01 1.110789500000000096e+00
9.999870573150720920e-01 -4.311478452858681534e-04 -5.069449070488243891e-03 -2.637200000000000134e-03 4.232490975035203937e-04 9.999986950681820641e-01 -1.559077334366045344e-03 -2.114809999999999954e-02 5.070114648036198185e-03 1.556911515975404345e-03 9.999859348830798522e-01 1.226777999999999924e+00
9.999833097848862540e-01 -4.123478414176738453e-04 -5.762822305253982591e-03 -3.367799999999999787e-03 4.080486437799023193e-04 9.999996376100105389e-01 -7.471787951465253723e-04 -2.229420000000000013e-02 5.763128314428199797e-03 7.448148127457025541e-04 9.999831156589226167e-01 1.284316900000000095e+00
9.999774680453131781e-01 -1.930120112081892391e-03 -6.429466388244262261e-03 -3.992199999999999568e-03 1.937457487902723933e-03 9.999974788117791391e-01 1.135177769331327611e-03 -2.347029999999999950e-02 6.427259148905962484e-03 -1.147609009354390482e-03 9.999786864395633357e-01 1.342194799999999910e+00
9.999719965277281686e-01 -1.567030034907315609e-03 -7.317825989926945995e-03 -4.413099999999999662e-03 1.573347705462172083e-03 9.999983945061809987e-01 8.576491463020531961e-04 -2.417760000000000048e-02 7.316470279230881738e-03 -8.691386138781887188e-04 9.999728565619784293e-01 1.400106999999999990e+00
9.999501413586927567e-01 -2.979136987615120177e-03 -9.530977889978337059e-03 -5.263999999999999582e-03 2.970788511037543260e-03 9.999951911743011346e-01 -8.899684800193818695e-04 -2.615810000000000010e-02 9.533583395183561210e-03 8.616095877856613404e-04 9.999541831586911123e-01 1.515484899999999913e+00
9.999458596483420392e-01 -2.183450341519388698e-03 -1.017400200238382894e-02 -6.066300000000000164e-03 2.177290517365235416e-03 9.999974396732427273e-01 -6.164843569543889410e-04 -2.731319999999999928e-02 1.017532201659400622e-02 5.942992221910666081e-04 9.999480534659254127e-01 1.572802199999999928e+00
9.999267899677349858e-01 -3.432010632741826477e-03 -1.160327573739667814e-02 -7.379499999999999775e-03 3.436663355329880928e-03 9.999940220480922903e-01 3.810683161812179038e-04 -2.958349999999999869e-02 1.160189854305941279e-02 -4.209169706859945486e-04 9.999326071186499520e-01 1.688433999999999990e+00
9.999160947051103365e-01 -4.219359921090472774e-03 -1.224747123030739404e-02 -8.211599999999999455e-03 4.221263167128269829e-03 9.999910820369755093e-01 1.295522784155764100e-04 -3.060579999999999898e-02 1.224681538012058549e-02 -1.812412074884120396e-04 9.999249885189739340e-01 1.746173500000000045e+00
9.999053880764500191e-01 -4.730720187947787432e-03 -1.291646941649250702e-02 -9.031400000000000192e-03 4.733856241554728304e-03 9.999887727183158770e-01 2.122319499116318649e-04 -3.170680000000000026e-02 1.291532038968203067e-02 -2.733565796047258034e-04 9.999165564062894029e-01 1.803820800000000002e+00
9.999041861191421132e-01 -5.257032688249241477e-03 -1.280555304274279445e-02 -1.007480000000000007e-02 5.265114699231697275e-03 9.999859606806599244e-01 5.975021184257070387e-04 -3.237280000000000019e-02 1.280223217332643847e-02 -6.648675749860562473e-04 9.999178270250450584e-01 1.862435700000000027e+00
9.999005350528087366e-01 -5.011959610443490754e-03 -1.318333273380391940e-02 -1.052170000000000015e-02 5.035386958165632976e-03 9.999858007848076991e-01 1.744450328431318420e-03 -3.337930000000000064e-02 1.317440242623695718e-02 -1.810659998484477444e-03 9.999115744059978717e-01 1.920193000000000039e+00
9.999041911123682791e-01 -4.507745107337673106e-03 -1.308773586102297826e-02 -1.154039999999999927e-02 4.541630622376022740e-03 9.999864085242200495e-01 2.560538638973940389e-03 -3.423570000000000085e-02 1.307601572385602359e-02 -2.619732978579192555e-03 9.999110734519898180e-01 1.977883199999999952e+00
9.999080540585383314e-01 -3.789639356313188184e-03 -1.302006384071527530e-02 -1.243400000000000061e-02 3.818181280369053847e-03 9.999903606058450078e-01 2.167991490376650933e-03 -3.517850000000000144e-02 1.301172242931190708e-02 -2.217505116383816470e-03 9.999128850807360580e-01 2.035517200000000138e+00
9.999128046191338992e-01 -2.270327971816955837e-03 -1.300879585504022794e-02 -1.333490000000000023e-02 2.296370186766826665e-03 9.999953886398017522e-01 1.987305486607037191e-03 -3.577110000000000012e-02 1.300422403156200647e-02 -2.017005213715485513e-03 9.999134071744936181e-01 2.093296099999999882e+00
9.999269995591011373e-01 2.772710201506313758e-04 -1.207968019090877379e-02 -1.471210000000000052e-02 -2.319187835647876640e-04 9.999929205807708277e-01 3.755662660311858466e-03 -3.662619999999999765e-02 1.208063601020571351e-02 -3.752586990546061003e-03 9.999199849610304058e-01 2.151224099999999861e+00
9.999410018281346124e-01 -2.004771870699492242e-04 -1.086060181776299198e-02 -1.540580000000000074e-02 2.759129219409533324e-04 9.999758467822407182e-01 6.944762357350292743e-03 -3.750710000000000155e-02 1.085894723286002193e-02 -6.947349209448745906e-03 9.999169053496175241e-01 2.208836600000000150e+00
9.999615137906144868e-01 6.747024169094592181e-04 -8.747326118951488996e-03 -1.648989999999999831e-02 -5.892703153127346093e-04 9.999521422069749255e-01 9.765554576017321589e-03 -3.805490000000000261e-02 8.753496334503464357e-03 -9.760024197218884409e-03 9.999140554215604215e-01 2.266565799999999964e+00
9.999717993924270854e-01 8.522388901134050291e-04 -7.461508476546563871e-03 -1.702460000000000084e-02 -7.541150502365109951e-04 9.999133345006712137e-01 1.314362196046478526e-02 -3.857180000000000331e-02 7.472063326980356128e-03 -1.313762446650016194e-02 9.998857790232915654e-01 2.324441900000000061e+00
9.999808447572260395e-01 2.073889927849033050e-04 -6.186041418404359532e-03 -1.747819999999999929e-02 -1.186010453917147179e-04 9.998970283414257976e-01 1.434986577560717902e-02 -3.879380000000000328e-02 6.188380435669299517e-03 -1.434885722946541500e-02 9.998778996676503938e-01 2.382375699999999874e+00
9.999868823757227521e-01 -1.727622670758522131e-03 -4.821866484034654544e-03 -1.767619999999999955e-02 1.789892036322190657e-03 9.999146771585107896e-01 1.293965569439043360e-02 -3.911339999999999956e-02 4.799100226155517644e-03 -1.294811657726874059e-02 9.999046529115267479e-01 2.440172399999999797e+00
9.999925801135701731e-01 -9.111429329459341418e-04 -3.742931519633919783e-03 -1.798100000000000045e-02 9.528246359211015948e-04 9.999373888269371680e-01 1.114946416559676502e-02 -3.929699999999999860e-02 3.732538414820163984e-03 -1.115294779520137509e-02 9.999308375645085123e-01 2.497771999999999881e+00
9.999955834944560529e-01 -5.578864435243683327e-04 -2.919204394763436679e-03 -1.849080000000000168e-02 5.888961516632500951e-04 9.999432988747571915e-01 1.063260254079744470e-02 -3.953199999999999770e-02 2.913107087772546459e-03 -1.063427469008337324e-02 9.999392111568137231e-01 2.555597800000000142e+00
9.999940252817424158e-01 -8.502366737634621053e-04 -3.350596725458781979e-03 -1.852159999999999918e-02 8.845378987580835997e-04 9.999470843613319504e-01 1.024919850412531717e-02 -3.995970000000000077e-02 3.341705182048246205e-03 -1.025210099783901117e-02 9.999418620257911616e-01 2.613074500000000189e+00
9.999892303054084275e-01 -1.643581655163988244e-03 -4.340266413438511467e-03 -1.885759999999999867e-02 1.682775295772029984e-03 9.999577036358211490e-01 9.042079776202806632e-03 -4.019059999999999994e-02 4.325221439504959089e-03 -9.049286088862748892e-03 9.999497001753544501e-01 2.670294499999999793e+00
9.999809635087483217e-01 -1.123670072411170383e-03 -6.067123345033100835e-03 -1.931669999999999915e-02 1.180693422649952600e-03 9.999550903949396830e-01 9.403358777046564795e-03 -4.050739999999999896e-02 6.056284600081910698e-03 -9.410343182717354968e-03 9.999373814684729966e-01 2.727927900000000072e+00
9.999717387435218541e-01 -1.805067510726703810e-03 -7.298180974707250274e-03 -1.996409999999999851e-02 1.880457021120006443e-03 9.999448111551815233e-01 1.033627230775744678e-02 -4.084539999999999699e-02 7.279120527205222221e-03 -1.034970410737002210e-02 9.999199458102835392e-01 2.785815500000000000e+00
9.999631556517958320e-01 -1.749063613347405554e-03 -8.404053508796510003e-03 -2.058739999999999876e-02 1.841249237779749763e-03 9.999380886611727304e-01 1.097399862789548083e-02 -4.129000000000000031e-02 8.384338980899228022e-03 -1.098906825518617542e-02 9.999044670560964798e-01 2.844006999999999952e+00
9.999543483838758684e-01 -2.892222222698267336e-04 -9.550785239153826087e-03 -2.113589999999999913e-02 3.919601588849938741e-04 9.999420661050388848e-01 1.075689550102430780e-02 -4.184050000000000269e-02 9.547120791743453003e-03 -1.076014795866002405e-02 9.998965304972787793e-01 2.901698800000000134e+00
9.999469813853635314e-01 8.030468904557039322e-05 -1.029698836827393042e-02 -2.157190000000000149e-02 2.470614625374901730e-05 9.999480020464166508e-01 1.019767586197442739e-02 -4.182430000000000175e-02 1.029727186713979246e-02 -1.019738959422831180e-02 9.998949842046201963e-01 2.959220900000000043e+00
9.999360892282289637e-01 -1.926324314651379696e-03 -1.114032017449020397e-02 -2.297110000000000124e-02 2.025573214220106194e-03 9.999583019683863094e-01 8.904570604770506784e-03 -4.297379999999999950e-02 1.112270255419988384e-02 -8.926567040934150002e-03 9.998982957725023324e-01 3.074609000000000147e+00
9.999340978196390450e-01 -2.011529867472963435e-03 -1.130282111762328200e-02 -2.384910000000000155e-02 2.122352612777990335e-03 9.999497123370508778e-01 9.801449710957886585e-03 -4.307819999999999705e-02 1.128253681632641718e-02 -9.824792345981984976e-03 9.998880826464263682e-01 3.132301299999999955e+00
9.999355006498270582e-01 -1.759022995994759600e-03 -1.122053377871044984e-02 -2.498420000000000155e-02 1.885660181826580642e-03 9.999345373587406050e-01 1.128562283793180764e-02 -4.334009999999999946e-02 1.119994758283691071e-02 -1.130605303635781773e-02 9.998733591504880280e-01 3.189590899999999785e+00
9.999326829537977801e-01 3.527724810978995315e-04 -1.159763391370498276e-02 -2.682340000000000071e-02 -2.560119601567652377e-04 9.999651591902855019e-01 8.343552206528073029e-03 -4.417630000000000168e-02 1.160017321836172635e-02 -8.340021410247266259e-03 9.998979348034381376e-01 3.302988500000000105e+00
9.999185079547994182e-01 4.493239258797738882e-03 -1.194940376801279132e-02 -2.890010000000000148e-02 -4.391700044086324119e-03 9.999541442186762330e-01 8.510136932960857617e-03 -4.503979999999999789e-02 1.198709390013157940e-02 -8.456965227442466218e-03 9.998923888694078999e-01 3.415444100000000205e+00
9.999178351190455283e-01 6.834615835391221958e-03 -1.084486225010695970e-02 -3.087329999999999935e-02 -6.724934064638263612e-03 9.999261964628385346e-01 1.011814652924071176e-02 -4.623460000000000070e-02 1.091321550540642893e-02 -1.004438418936360461e-02 9.998899999867930655e-01 3.527531900000000054e+00
9.999564897367189120e-01 6.940521099310271655e-03 -6.232800356910761508e-03 -3.235709999999999975e-02 -6.886399235662126611e-03 9.999387607154749391e-01 8.663274459886138174e-03 -4.735869999999999663e-02 6.292546303854271161e-03 -8.619975966919646987e-03 9.999430483159246208e-01 3.639022100000000037e+00
9.999855362444021178e-01 5.232060227810420884e-03 -1.246133126141846497e-03 -3.318009999999999710e-02 -5.228290703399199151e-03 9.999818044839949849e-01 3.009265234883603569e-03 -4.856239999999999862e-02 1.261855109056972749e-03 -3.002706563368111661e-03 9.999946957234213674e-01 3.748790300000000020e+00
9.999900626799688164e-01 3.877309434422012042e-03 2.200230183815281206e-03 -3.379229999999999734e-02 -3.892226086638793728e-03 9.999691938722653495e-01 6.816295367888401159e-03 -4.952859999999999902e-02 -2.173733516905472594e-03 -6.824791425497959106e-03 9.999743482232912317e-01 3.803505200000000031e+00
9.999409056504875437e-01 4.709261293078400266e-03 9.798370525565102546e-03 -3.411549999999999999e-02 -4.768555506125027148e-03 9.999704079253805000e-01 6.036899198507631424e-03 -5.061969999999999664e-02 -9.769651235727611766e-03 -6.083266525597160780e-03 9.999337716984614266e-01 3.911565299999999912e+00
9.998550950840487950e-01 2.429058771476781328e-03 1.684899130371415865e-02 -3.324730000000000046e-02 -2.420765103985094910e-03 9.999969385574301040e-01 -5.126129912468515995e-04 -5.233410000000000145e-02 -1.685018488857768088e-02 4.717512609190599210e-04 9.998579142658063912e-01 4.017775499999999944e+00
9.997065974423746670e-01 1.771593622977982911e-03 2.415741058608853603e-02 -3.153709999999999847e-02 -1.776546218388253386e-03 9.999984050945478486e-01 1.835535193054872120e-04 -5.417720000000000175e-02 -2.415704687505840914e-02 -2.264164206562298016e-04 9.997081503228233412e-01 4.122538999999999731e+00
9.994928655417787411e-01 2.076782697313142231e-03 3.177575655608853855e-02 -2.896510000000000057e-02 -2.027095656276733070e-03 9.999966721277814274e-01 -1.595812195277502990e-03 -5.597479999999999817e-02 -3.177896496558638151e-02 1.530590405834674319e-03 9.994937491944236863e-01 4.226145299999999772e+00
9.992653990435160782e-01 1.938612807008588575e-03 3.827406504131893733e-02 -2.569019999999999984e-02 -1.764697530524990225e-03 9.999879674393440387e-01 -4.577206479429679446e-03 -5.765119999999999967e-02 -3.828247793741112320e-02 4.506301911110298201e-03 9.992567963872237558e-01 4.328328100000000234e+00
9.991544134224291662e-01 6.866441389537004687e-04 4.110944731211767927e-02 -2.350359999999999949e-02 -5.534919535081935481e-04 9.999945647066862398e-01 -3.250262103633385583e-03 -5.873180000000000067e-02 -4.111145564363710009e-02 3.224759977324540092e-03 9.991493627771323993e-01 4.379193299999999844e+00
9.989188585353772076e-01 -7.867553392417123972e-04 4.648112604504176654e-02 -1.909809999999999980e-02 7.980160885030573381e-04 9.999996565622200073e-01 -2.237091065749791975e-04 -6.052620000000000222e-02 -4.648093407733299570e-02 2.605599317795290735e-04 9.989191433123205677e-01 4.481069999999999887e+00
9.988066526646013354e-01 -2.456007223265845116e-03 4.877743967710720940e-02 -1.678719999999999865e-02 2.424135768518337081e-03 9.999968079127816711e-01 7.125517687751979764e-04 -6.139300000000000312e-02 -4.877903400755653762e-02 -5.934583108025752408e-04 9.988094180816093903e-01 4.531668699999999994e+00
9.985571388097733703e-01 -4.479285568348620288e-03 5.351239606704334684e-02 -1.175520000000000037e-02 4.745356900425702802e-03 9.999769980916786150e-01 -4.846119627362110473e-03 -6.345900000000000152e-02 -5.348945802610562128e-02 5.093062767363651551e-03 9.985554258986935050e-01 4.632960800000000212e+00
9.984531197197958896e-01 -3.895354402602562143e-03 5.546344684461273350e-02 -9.102000000000000715e-03 4.330199666568846847e-03 9.999608077585639965e-01 -7.722196428990060237e-03 -6.439150000000000429e-02 -5.543119241595569763e-02 7.950418914647493923e-03 9.984308557664005601e-01 4.683923199999999731e+00
9.983201950985232109e-01 -3.873440527473080534e-03 5.780816998423947417e-02 -3.908000000000000015e-03 4.344237814386091474e-03 9.999583972619433547e-01 -8.020682211481123744e-03 -6.681990000000000152e-02 -5.777469737055014598e-02 8.258341468215081929e-03 9.982954893917610484e-01 4.786228200000000044e+00
9.984350788843174840e-01 -4.119930464558419457e-03 5.577113434594894309e-02 1.183199999999999920e-03 4.395909262450785858e-03 9.999786895234238360e-01 -4.826642805520517387e-03 -6.899840000000000140e-02 -5.575006040376084132e-02 5.064254336325044875e-03 9.984319125974460141e-01 4.889091500000000146e+00
9.986756997732214591e-01 -3.473600758698946848e-03 5.133011572396550815e-02 6.308499999999999872e-03 3.663622571144282102e-03 9.999867788243923528e-01 -3.608330094659877897e-03 -7.094390000000000418e-02 -5.131690318133710904e-02 3.791605752842996252e-03 9.986752220685622961e-01 4.993692399999999587e+00
9.988207445528389794e-01 -2.825465859954656624e-03 4.846789652529505388e-02 8.323999999999999802e-03 3.014001072051856762e-03 9.999881721082843899e-01 -3.817255698788455352e-03 -7.181360000000000521e-02 -4.845653772660762915e-02 3.958836471299790292e-03 9.988174465663599566e-01 5.046495400000000409e+00
9.989972056017345503e-01 -1.400489696527763622e-03 4.475066288375767476e-02 1.027540000000000051e-02 1.591153233209916104e-03 9.999898077447363365e-01 -4.225238222118411421e-03 -7.279960000000000597e-02 -4.474428937098288983e-02 4.292206338833712623e-03 9.989892519609160360e-01 5.099058600000000219e+00
9.993289486291311308e-01 -6.655616046124854636e-04 3.662252666796698281e-02 1.401819999999999976e-02 7.785943855512913797e-04 9.999949775152539022e-01 -3.072252439110136416e-03 -7.461569999999999314e-02 -3.662029795862228182e-02 3.098704893547597761e-03 9.993244477172588125e-01 5.204938900000000146e+00
9.994795774712633696e-01 -4.431435443891380528e-04 3.225488864752056040e-02 1.551179999999999920e-02 5.111317739082921153e-04 9.999976651510571468e-01 -2.099627763163930665e-03 -7.571340000000000015e-02 -3.225388290073903652e-02 2.115021568025640761e-03 9.994774703421743789e-01 5.257467300000000066e+00
9.996143672746186093e-01 -6.985105086456226426e-04 2.776020211081015043e-02 1.684650000000000036e-02 7.361507673564480006e-04 9.999988235719002860e-01 -1.345710542105930420e-03 -7.676539999999999753e-02 -2.775922945997307684e-02 1.365627286167846698e-03 9.996137055092351176e-01 5.310111499999999651e+00
9.997344385147212131e-01 -1.007154636393443788e-04 2.304435514503460486e-02 1.779350000000000029e-02 1.364687182277020253e-04 9.999987895460241694e-01 -1.549929925983648069e-03 -7.762249999999999706e-02 -2.304417114899219576e-02 1.552663157899452761e-03 9.997332421267055569e-01 5.363563100000000361e+00
9.999147653700241056e-01 1.178273821872063108e-03 1.300283299170778596e-02 1.934090000000000115e-02 -1.154075603691262844e-03 9.999975887001789632e-01 -1.868342401373757414e-03 -7.953000000000000347e-02 -1.300500305692075219e-02 1.853176901565906348e-03 9.999137140928016088e-01 5.469088600000000078e+00
9.999815398342078998e-01 5.433725194543052167e-03 2.719305300372498995e-03 1.923390000000000169e-02 -5.426615833405446301e-03 9.999818566738299941e-01 -2.614988289871032073e-03 -8.222509999999999541e-02 -2.733465090883585840e-03 2.600183391554791897e-03 9.999928835821418893e-01 5.628880500000000175e+00
9.999761303624702391e-01 6.681094465747841604e-03 1.761159288595605301e-03 1.881549999999999889e-02 -6.676414939196989584e-03 9.999742019730232245e-01 -2.649692807689701946e-03 -8.354559999999999764e-02 -1.778816702114155348e-03 2.637871330298131693e-03 9.999949387101843001e-01 5.683023900000000239e+00
9.999506329289898909e-01 9.932041159068854402e-03 -2.937061920572786328e-04 1.806040000000000076e-02 -9.932507543892001023e-03 9.999493403681056769e-01 -1.631560995157928934e-03 -8.571289999999999465e-02 2.774865820522639907e-04 1.634397688738720242e-03 9.999986258717518117e-01 5.791541099999999886e+00
9.999027990664652865e-01 1.378136295292674632e-02 -2.113398733679295975e-03 1.752890000000000004e-02 -1.377916261852125263e-02 9.999045092316451999e-01 1.052186178856559648e-03 -8.774450000000000305e-02 2.127697483235252603e-03 -1.022963040548578598e-03 9.999972132211356612e-01 5.899933299999999825e+00
9.999014805550352492e-01 1.368561802536381704e-02 -3.119782542455657847e-03 1.659549999999999914e-02 -1.367406140878086283e-02 9.998996747250203931e-01 3.696015339141006922e-03 -8.896790000000000254e-02 3.170051803561578941e-03 -3.652991111693632605e-03 9.999883031453420390e-01 6.009017000000000053e+00
9.999336838631394109e-01 1.074604920226389891e-02 -4.141292362751057034e-03 1.568740000000000065e-02 -1.073316938091219662e-02 9.999375307824241998e-01 3.119873040558856624e-03 -9.023780000000000689e-02 4.174559968656065510e-03 -3.075216950246025937e-03 9.999865579545442751e-01 6.117922799999999661e+00
9.999704152633104304e-01 5.364976125024656893e-03 -5.512316146626164946e-03 1.544279999999999958e-02 -5.326882181318339481e-03 9.999619906195061914e-01 6.902292553999898016e-03 -9.153509999999999425e-02 5.549137261664490416e-03 -6.872724892832878137e-03 9.999609856030376998e-01 6.227648699999999593e+00
9.999828236409519233e-01 -6.787581054885067191e-04 -5.821658741556114645e-03 1.505830000000000016e-02 7.140295381708273775e-04 9.999813908646711935e-01 6.058719846332763156e-03 -9.260920000000000263e-02 5.817438000316172732e-03 -6.062772615887931926e-03 9.999646994785968968e-01 6.337757599999999769e+00
9.999728761756442319e-01 -4.565867642943301392e-03 -5.779253037966764969e-03 1.441289999999999932e-02 4.592845076903428851e-03 9.999785792546751484e-01 4.663347070613065720e-03 -9.386049999999999949e-02 5.757837016561743321e-03 -4.689763796669816492e-03 9.999724263340575847e-01 6.448020900000000388e+00
9.999782735559966662e-01 -4.500752041040827212e-03 -4.816185942571196178e-03 1.368370000000000003e-02 4.533147267154789134e-03 9.999670333041322801e-01 6.736681734113925471e-03 -9.471250000000000502e-02 4.785707034769329064e-03 -6.758367850119136044e-03 9.999657101481929100e-01 6.559415300000000393e+00
9.999925197059524873e-01 -1.625219217636425170e-03 -3.509871028238148710e-03 1.252729999999999989e-02 1.648756169379571920e-03 9.999761051014431912e-01 6.713481156700355258e-03 -9.597239999999999938e-02 3.498876281632871694e-03 -6.719217859398755703e-03 9.999713045763481967e-01 6.667173899999999875e+00
9.999949468470205050e-01 -1.715467935001869799e-03 -2.676462252393322066e-03 1.186560000000000045e-02 1.722524613486267880e-03 9.999950408871142171e-01 2.636495805926958400e-03 -9.755550000000000332e-02 2.671926155499043578e-03 -2.641092755417135795e-03 9.999929426949356603e-01 6.776626099999999653e+00
9.999950971626717644e-01 -2.605830419514973927e-03 -1.736461471896803008e-03 1.081020000000000071e-02 2.597347863133114311e-03 9.999847710204017304e-01 -4.869446719359405741e-03 -9.959329999999999572e-02 1.749123979747988248e-03 4.864912650760818379e-03 9.999866365058104334e-01 6.885378399999999566e+00
9.999919985398256772e-01 -3.548303985721592939e-03 -1.847266940665469098e-03 1.041130000000000007e-02 3.536847812263849145e-03 9.999747201497087845e-01 -6.168449486247425465e-03 -1.016176000000000024e-01 1.869107775931535447e-03 6.161866627606763652e-03 9.999792687029993576e-01 6.993269899999999595e+00
9.999951143090907157e-01 -2.503478792442856080e-03 -1.871884580912842660e-03 9.804099999999999621e-03 2.494901916153318029e-03 9.999864436884867702e-01 -4.570328618552139434e-03 -1.040270999999999973e-01 1.883300925833386813e-03 4.565636120911418551e-03 9.999878039978458144e-01 7.099692300000000067e+00
9.999945906390320660e-01 -1.818524731296695040e-03 -2.740740862685128384e-03 9.324799999999999409e-03 1.806261512569113650e-03 9.999883769834796432e-01 -4.470270382697736494e-03 -1.062744999999999940e-01 2.748838304255322301e-03 4.465295706655419278e-03 9.999862524166166500e-01 7.205180600000000268e+00
9.999928459323215169e-01 -1.426393037017839073e-03 -3.503353690446089040e-03 8.982900000000000260e-03 1.412396286072863539e-03 9.999910246194705365e-01 -3.994473336068254075e-03 -1.076410000000000006e-01 3.509019935466708810e-03 3.989496635594482789e-03 9.999858852482303995e-01 7.257441499999999657e+00
9.999883842405510315e-01 -5.070910542672584257e-04 -4.793145380094108489e-03 7.978000000000000716e-03 4.949052149516094826e-04 9.999966436175783402e-01 -2.543191382155772506e-03 -1.097622999999999932e-01 4.794418922064390930e-03 2.540789688411815295e-03 9.999852788591235830e-01 7.363045200000000179e+00
9.999860125685324785e-01 2.612322391017410329e-04 -5.282653216332530016e-03 7.420799999999999966e-03 -2.799650343435573698e-04 9.999936749109477052e-01 -3.545667451603890744e-03 -1.108467999999999953e-01 5.281693560433011261e-03 3.547096815012540112e-03 9.999797607038447556e-01 7.415834000000000259e+00
9.999817420123644496e-01 5.934191597207159061e-04 -6.013609200627097022e-03 6.769100000000000117e-03 -6.221719094031613129e-04 9.999883796129207525e-01 -4.780537756386732395e-03 -1.119797000000000015e-01 6.010702457462034111e-03 4.784191972106242863e-03 9.999704910461817420e-01 7.468430999999999820e+00
9.999760829354319425e-01 8.117224164137495836e-04 -6.868381456266458435e-03 6.304099999999999981e-03 -8.422636828154920780e-04 9.999897665721010354e-01 -4.444923279825363331e-03 -1.133500999999999953e-01 6.864703125314569263e-03 4.450601958568616186e-03 9.999665334365983593e-01 7.521478700000000295e+00
9.999643046471132779e-01 1.050525331876512236e-03 -8.383664362448417506e-03 5.062900000000000386e-03 -1.106243611235070397e-03 9.999773152537205778e-01 -6.644185656166047213e-03 -1.156631000000000048e-01 8.376494295807970086e-03 6.653222864754103696e-03 9.999427828475108138e-01 7.626395200000000152e+00
9.999576097958268184e-01 1.622268113304277046e-03 -9.063490364388006315e-03 4.489800000000000388e-03 -1.679680250327940903e-03 9.999785519783129795e-01 -6.330423178031065537e-03 -1.168939999999999979e-01 9.053026326784667510e-03 6.345378595864146695e-03 9.999388875750365724e-01 7.679302200000000411e+00
9.999497296602675167e-01 1.973727185744446940e-03 -9.830694449228348161e-03 3.639299999999999827e-03 -2.021410797455942387e-03 9.999862299635142726e-01 -4.842910462247735498e-03 -1.182237000000000010e-01 9.821000496169638230e-03 4.862538879399665517e-03 9.999399500294507970e-01 7.732087599999999838e+00
9.999342735701426399e-01 1.689724764819299126e-03 -1.133990167374391428e-02 2.039500000000000080e-03 -1.736211623651222769e-03 9.999901253559844161e-01 -4.090814065731249345e-03 -1.207502000000000020e-01 1.133287734641657760e-02 4.110233660224514411e-03 9.999273332949296655e-01 7.837412800000000068e+00
9.999233262799325228e-01 2.432050031793673434e-03 -1.214193946280476763e-02 1.222900000000000072e-03 -2.479446581184376400e-03 9.999893600101432689e-01 -3.890014287254032425e-03 -1.218487999999999932e-01 1.213234956332105013e-02 3.919821315677512324e-03 9.999187172440200388e-01 7.890169099999999602e+00
9.999082510428969339e-01 3.784594406733133350e-03 -1.300639617694118039e-02 -9.231000000000000490e-04 -3.853603758680526539e-03 9.999786098660272682e-01 -5.284841386325019909e-03 -1.240670999999999996e-01 1.298611698723329752e-02 5.334478004833717764e-03 9.999014471986775732e-01 7.995707999999999593e+00
9.998990935382814360e-01 3.258705755834878388e-03 -1.382691498924737417e-02 -2.562899999999999900e-03 -3.343496379538816229e-03 9.999757221111652550e-01 -6.113609425987842107e-03 -1.265499999999999958e-01 1.380665684671694704e-02 6.159222763499076249e-03 9.998857135701392229e-01 8.100923500000000388e+00
9.998972683634376191e-01 2.097400865218118204e-03 -1.417933809971775108e-02 -3.320399999999999827e-03 -2.202858896631856248e-03 9.999700011033146874e-01 -7.425921230281566643e-03 -1.280002000000000084e-01 1.416333760160559674e-02 7.456393434321910429e-03 9.998718928267438244e-01 8.153338400000000874e+00
9.998945488099336698e-01 -2.854142093678071102e-04 -1.451929057868104993e-02 -5.001900000000000096e-03 2.289712825076955821e-04 9.999924117614312769e-01 -3.888957663409526710e-03 -1.302145000000000108e-01 1.452029036661705609e-02 3.885223067610900100e-03 9.998870267232113918e-01 8.258950199999999242e+00
9.998919834130065576e-01 -1.263593720962037387e-03 -1.464325227919567769e-02 -5.988499999999999900e-03 1.273937678127070282e-03 9.999989455727301690e-01 6.970912566451682767e-04 -1.314080999999999999e-01 1.464235599881632231e-02 -7.156705500355899476e-04 9.998925388392834179e-01 8.311372799999999117e+00
9.998934230769963571e-01 -6.905315334827634779e-04 -1.458306050073026293e-02 -7.078899999999999949e-03 6.926315428846105057e-04 9.999997504767434986e-01 1.389532167686398313e-04 -1.324361000000000010e-01 1.458296091033965854e-02 -1.490390952569556240e-04 9.998936518642548288e-01 8.363400499999999127e+00
9.998935739852258253e-01 1.068201043894168858e-03 -1.454990204715133142e-02 -8.039299999999999224e-03 -1.113738159024940102e-03 9.999945064098462177e-01 -3.121976527988692095e-03 -1.333297999999999983e-01 1.454648721736649664e-02 3.137849049588587423e-03 9.998892706759969773e-01 8.415148699999999593e+00
9.998875062941332548e-01 8.736552616693413426e-04 -1.497369304424468056e-02 -9.938900000000000512e-03 -9.446884131315687284e-04 9.999883320128767350e-01 -4.737446770845462306e-03 -1.356352000000000113e-01 1.496937943608882618e-02 4.751059312222550950e-03 9.998766649515878902e-01 8.518347699999999634e+00
9.998885028590087654e-01 1.129858507303271083e-03 -1.488977065382029313e-02 -1.157809999999999916e-02 -1.150477347829871686e-03 9.999983911365062372e-01 -1.376272600571603732e-03 -1.379350000000000021e-01 1.488819170490573301e-02 1.393249493963017675e-03 9.998881940515176314e-01 8.621853800000000234e+00
9.999193703935229660e-01 4.206094707421807071e-04 -1.269156410746612867e-02 -1.348929999999999921e-02 -4.337731984706856146e-04 9.999993708581500496e-01 -1.034468035465301462e-03 -1.401331000000000104e-01 1.269112101561910982e-02 1.039889887071179971e-03 9.999189237515158091e-01 8.725099600000000066e+00
9.999500884801574285e-01 -8.250036150594667250e-04 -9.956903010497340431e-03 -1.499400000000000038e-02 7.865733730068907208e-04 9.999922294017392632e-01 -3.862957218010807953e-03 -1.424490999999999952e-01 9.960012593073804335e-03 3.854932577159300971e-03 9.999429671956152621e-01 8.825934399999999513e+00
9.999733461896364028e-01 -1.404983403037280689e-03 -7.164700408174387927e-03 -1.628879999999999911e-02 1.377793152353299017e-03 9.999918363019263401e-01 -3.798554400129982959e-03 -1.447176000000000018e-01 7.169978823611183189e-03 3.788581679020300123e-03 9.999671184856682160e-01 8.926749199999999718e+00
9.999805225393074704e-01 -2.072157253281896143e-03 -5.887334399474975812e-03 -1.682590000000000127e-02 2.059420403149716042e-03 9.999955278153884741e-01 -2.168671673124177111e-03 -1.457803000000000015e-01 5.891801898966123226e-03 2.156504936324464636e-03 9.999803178847286311e-01 8.976900099999999938e+00
9.999931319447750155e-01 -9.177110775856260573e-04 -3.590803483625885917e-03 -1.773440000000000086e-02 9.130853546112104079e-04 9.999987515494809243e-01 -1.289641273687561120e-03 -1.480878999999999945e-01 3.591982518768387263e-03 1.286353706287887179e-03 9.999927214513749663e-01 9.076831800000000783e+00
9.999984267780781533e-01 -8.096846573915041567e-04 -1.578243366603946426e-03 -1.828019999999999992e-02 8.075144386054873861e-04 9.999987283202607102e-01 -1.375237540538628688e-03 -1.500617999999999952e-01 1.579354868320676474e-03 1.373960922678616262e-03 9.999978089323910968e-01 9.175099400000000571e+00
9.999998731191152013e-01 -4.100022940752228546e-04 2.926770785355369909e-04 -1.914750000000000132e-02 4.103974433878006039e-04 9.999990027271197235e-01 -1.351339596304410593e-03 -1.521934000000000065e-01 -2.921227343220643294e-04 1.351459538770015964e-03 9.999990441102547534e-01 9.272069000000000116e+00
9.999981306803733538e-01 -1.440982424824811771e-03 1.289265453759347747e-03 -1.969279999999999989e-02 1.441816020632095052e-03 9.999987520079489656e-01 -6.458708130910818714e-04 -1.540951000000000126e-01 -1.288333156275938383e-03 6.477284893381723887e-04 9.999989603222008139e-01 9.366695399999999339e+00
9.999974284034914840e-01 -2.122788384125870887e-03 7.980951573080559804e-04 -1.976870000000000016e-02 2.122408889383955912e-03 9.999976343769633180e-01 4.760472490305718844e-04 -1.552601999999999871e-01 -7.991038168863037272e-04 -4.743521405726834725e-04 9.999995682114750650e-01 9.412796000000000163e+00
9.999982901927604306e-01 -1.846618970304870046e-03 -9.803027177476466159e-05 -2.046459999999999946e-02 1.846579570940732511e-03 9.999982148739524623e-01 -4.004906945780027888e-04 -1.574419999999999986e-01 9.876965049241140328e-05 4.003089891189207648e-04 9.999999149986310565e-01 9.503814699999999505e+00
9.999980402941470725e-01 -1.825321974017258099e-03 -7.665556448003844545e-04 -2.147690000000000016e-02 1.824275309103763404e-03 9.999974058954752554e-01 -1.363899525879189384e-03 -1.593555999999999861e-01 7.690432120498569106e-04 1.362498444501442129e-03 9.999987760845143736e-01 9.591613799999999301e+00
9.999957439360651623e-01 -1.978558669092475488e-03 -2.144158424357063986e-03 -2.124890000000000112e-02 1.975435963032283904e-03 9.999969866410935992e-01 -1.457518949654499447e-03 -1.603083999999999898e-01 2.147035749991384797e-03 1.453277098698749692e-03 9.999966391059336157e-01 9.635972999999999900e+00
9.999891489913325104e-01 -2.655980404044443362e-03 -3.827227153423872884e-03 -2.172899999999999832e-02 2.653204958924871952e-03 9.999962137367568449e-01 -7.300791713131320974e-04 -1.612462000000000062e-01 3.829151738506787663e-03 7.199168311553200486e-04 9.999924096295530473e-01 9.679002799999999240e+00
9.999762050365570420e-01 -3.517276423189398624e-03 -5.934486266612895057e-03 -2.189520000000000008e-02 3.523081075076050801e-03 9.999933254622784817e-01 9.679517716208480439e-04 -1.621528999999999887e-01 5.931042102715343260e-03 -9.888364155000303139e-04 9.999819223076581443e-01 9.721485100000000656e+00
9.999623963295055651e-01 -3.322045880272907984e-03 -8.010614091451088992e-03 -2.254870000000000138e-02 3.342686382291167133e-03 9.999911245119080805e-01 2.564633533095652014e-03 -1.630774000000000112e-01 8.002023163078082757e-03 -2.591314064098617850e-03 9.999646257326899601e-01 9.763712899999999806e+00
9.999428774823388988e-01 -2.692631407928151779e-03 -1.034366996966101099e-02 -2.320339999999999903e-02 2.717287534991641353e-03 9.999934988057084251e-01 2.370378613213195741e-03 -1.637831999999999899e-01 1.033722016755023176e-02 -2.398349936693626450e-03 9.999436933131728988e-01 9.804789500000000046e+00
9.999119864108433342e-01 -2.451030606337875617e-03 -1.303886041370763867e-02 -2.384920000000000095e-02 2.478058083245839038e-03 9.999948137947244353e-01 2.057088182459694808e-03 -1.646675999999999973e-01 1.303375080540583077e-02 -2.089218184190047654e-03 9.999128744582306272e-01 9.845162399999999536e+00
9.998274157602322632e-01 -1.882927964864937898e-03 -1.848224219338215346e-02 -2.568240000000000106e-02 1.930504423839253612e-03 9.999948682889482354e-01 2.556667447801635931e-03 -1.660715000000000108e-01 1.847733332722130417e-02 -2.591906257610610952e-03 9.998259199355988835e-01 9.923642199999999747e+00
9.996990905057272503e-01 -1.613068890558734233e-03 -2.447705968403894247e-02 -2.763140000000000041e-02 1.646285267789547200e-03 9.999977511513018502e-01 1.336950693169543410e-03 -1.674953000000000136e-01 2.447484804526377580e-02 -1.376844614769232814e-03 9.996994979052795660e-01 9.998761200000000571e+00
9.995074900683821317e-01 -6.746392610539628330e-04 -3.137390889051504955e-02 -2.972320000000000170e-02 6.907924473305428019e-04 9.999996343826098588e-01 5.040242467271765017e-04 -1.691126000000000018e-01 3.137355738512299236e-02 -5.254488690846915565e-04 9.995075906667684196e-01 1.007021240000000084e+01
