9.999999999715800669e-01 -2.799993699957943857e-06 -7.000002519894860060e-06 -7.999999999999999638e-06 2.800006299957943824e-06 9.999999999944599871e-01 1.799990199972964135e-06 -8.349999999999999675e-05 6.999997479894860412e-06 -1.800009799972963660e-06 9.999999999738800049e-01 -2.500000000000000052e-04
9.999997344897534335e-01 5.287721196588270620e-04 5.014184560831968195e-04 7.045000000000000481e-04 -5.284277211162570270e-04 9.999996245812590168e-01 -6.867324694644489887e-04 -1.305500000000000020e-03 -5.017813928248286270e-04 6.864673237178680080e-04 9.999996384889583423e-01 6.414129999999999832e-02
9.999994497325822573e-01 7.844273770991346635e-04 6.965688931173523750e-04 1.374100000000000061e-03 -7.843723457033551340e-04 9.999996892378438806e-01 -7.927319254022257384e-05 -2.371700000000000023e-03 -6.966308607125997745e-04 7.872677954212916273e-05 9.999997542537388817e-01 1.285785000000000122e-01
9.999989294655237115e-01 -1.729597872633405729e-04 1.452980632574293928e-03 1.436900000000000070e-03 1.726401272465159775e-04 9.999999608700780307e-01 2.201254847857985787e-04 -3.448699999999999856e-03 -1.453018648576294815e-03 -2.198744063725836437e-04 9.999989201954432305e-01 1.926776000000000044e-01
9.999978980465014100e-01 -6.278388214117478936e-04 1.951850658547794621e-03 1.690199999999999992e-03 6.281604780331667649e-04 9.999997892284921974e-01 -1.641870429154366855e-04 -4.230499999999999886e-03 -1.951747164153773244e-03 1.654127732446301175e-04 9.999980816589708610e-01 2.570176000000000127e-01
9.999957324209399756e-01 -6.055141392797706900e-04 2.858057475803847062e-03 1.832400000000000088e-03 6.060845961118585578e-04 9.999997965830885738e-01 -1.987341034186621415e-04 -5.274000000000000042e-03 -2.857936558117045358e-03 2.004654799160509497e-04 9.999958959976891215e-01 3.217343999999999760e-01
9.999915566637304076e-01 -4.308271623735635426e-04 4.086684378013641372e-03 1.814599999999999980e-03 4.363707721602921386e-04 9.999989858138229604e-01 -1.355710837450764105e-03 -6.370100000000000068e-03 -4.086096156301736310e-03 1.357482700345888187e-03 9.999907304864980029e-01 3.854175000000000240e-01
9.999879335303158978e-01 -2.749473574319890581e-04 4.904813729293674984e-03 1.831600000000000068e-03 2.830507366145282398e-04 9.999985961972424064e-01 -1.651510164980686361e-03 -7.494800000000000247e-03 -4.904352765547003237e-03 1.652878548222381540e-03 9.999866075685492905e-01 4.486106999999999734e-01
9.999853875171237361e-01 -9.510925091319539972e-04 5.321670345579421549e-03 1.687700000000000094e-03 9.521004200558191161e-04 9.999995292925941692e-01 -1.868672793485298071e-04 -8.551100000000000714e-03 -5.321490112560188501e-03 1.919313133250349467e-04 9.999858223521735923e-01 5.096503000000000005e-01
9.999905893113925082e-01 -1.357185669595993138e-03 4.120598950647928055e-03 1.472699999999999964e-03 1.354807852568844055e-03 9.999989141674876514e-01 5.797926598199219881e-04 -9.398800000000000557e-03 -4.121381362656861488e-03 -5.742045837561187815e-04 9.999913422149011577e-01 5.700973000000000290e-01
9.999951179951985791e-01 -2.446990289611937746e-03 1.943250959481191212e-03 1.177600000000000001e-03 2.445803671933799699e-03 9.999968212692307290e-01 6.127771476307809773e-04 -1.083759999999999932e-02 -1.944744242139522395e-03 -6.080213457176160321e-04 9.999979241377833228e-01 6.306635000000000435e-01
9.999978574560695055e-01 -1.683826970770647058e-03 -1.204080563354759494e-03 5.791999999999999840e-04 1.683370984979486217e-03 9.999985110766994589e-01 -3.796136339607906552e-04 -1.259670000000000060e-02 1.204717974246488502e-03 3.775859063379741242e-04 9.999992030414254218e-01 7.518918999999999464e-01
9.999973576549765486e-01 -3.080023714509830734e-04 -2.278117118159518270e-03 2.547000000000000110e-04 3.067972036402971539e-04 9.999998128321183621e-01 -5.293497937336175997e-04 -1.378210000000000025e-02 2.278279732760959790e-03 5.286494750474080538e-04 9.999972649818558157e-01 8.124358999999999886e-01
9.999947690862458494e-01 -1.291802907400236211e-03 -2.965306964622620514e-03 -7.234000000000000196e-04 1.291393682208510441e-03 9.999991563627370628e-01 -1.399148730909744256e-04 -1.579380000000000020e-02 2.965485205419016342e-03 1.360847625284177886e-04 9.999955936795090761e-01 9.334200000000000275e-01
9.999928828217196086e-01 -1.808248143230058386e-03 -3.311275367436930517e-03 -1.263299999999999970e-03 1.808545489001771528e-03 9.999983608126353785e-01 8.680585473943453758e-05 -1.676110000000000100e-02 3.311112973110533729e-03 -9.279382905531131768e-05 9.999945139450439058e-01 9.937899000000000038e-01
9.999916298342870213e-01 -1.272020789841214576e-03 -3.888730445328762979e-03 -1.759099999999999987e-03 1.267973480427054406e-03 9.999986521258952266e-01 -1.043067421476816725e-03 -1.768919999999999867e-02 3.890052007255019682e-03 1.038127883752443205e-03 9.999918948600923230e-01 1.054163299999999914e+00
9.999916971393739695e-01 -1.520419602790078336e-03 -3.780737566398470386e-03 -2.652100000000000117e-03 1.513172906642214341e-03 9.999970141304894700e-01 -1.918863689866353748e-03 -1.872539999999999968e-02 3.783643755578598115e-03 1.913126848155977762e-03 9.999910119524043628e-01 1.113514899999999974e+00
9.999885541803789080e-01 -6.499746892096647027e-04 -4.740152016405764848e-03 -3.026099999999999884e-03 6.436213369114739081e-04 9.999988927568289609e-01 -1.341728993051110675e-03 -1.991549999999999918e-02 4.741018857790076438e-03 1.338662772885113343e-03 9.999878652874596430e-01 1.173030400000000029e+00
9.999818461592026031e-01 -7.865630718032539867e-04 -5.973999545280022326e-03 -3.233100000000000036e-03 7.778294016207072410e-04 9.999986256519752814e-01 -1.464129633082729247e-03 -2.097660000000000149e-02 5.975142965227262827e-03 1.459456301014875820e-03 9.999810836480110821e-01 1.232298300000000069e+00
9.999789894119849309e-01 -3.956478515641386503e-04 -6.470254814368545625e-03 -4.331999999999999913e-03 3.787474163050770786e-04 9.999965142884973401e-01 -2.613036786924462229e-03 -2.162299999999999986e-02 6.471266103317717920e-03 2.610531293191286489e-03 9.999756536243207261e-01 1.290786900000000070e+00
9.999672216183831397e-01 -1.449705667364139345e-03 -7.965804560083784847e-03 -5.805000000000000264e-03 1.452670463613305605e-03 9.999988777428867603e-01 3.664170998456908637e-04 -2.426589999999999997e-02 7.965264423456689530e-03 -3.779767782895110460e-04 9.999682053426596218e-01 1.407293799999999928e+00
9.999509319406185703e-01 -2.106226172072481369e-03 -9.679748054590668963e-03 -7.366400000000000378e-03 2.101322081424349120e-03 9.999976586909961052e-01 -5.167765824369034353e-04 -2.633970000000000061e-02 9.680813839672437401e-03 4.964109568831337905e-04 9.999530166060620617e-01 1.523791899999999977e+00
9.999391875351961723e-01 -2.470399576492791731e-03 -1.074794665897942786e-02 -8.003100000000000838e-03 2.453924126388801023e-03 9.999957943541735172e-01 -1.545810579456924827e-03 -2.734340000000000034e-02 1.075172022672324715e-02 1.519341929289858830e-03 9.999410443182479291e-01 1.581633000000000067e+00
9.999352519930726491e-01 -1.850974758589936549e-03 -1.122789891267876941e-02 -8.963699999999999793e-03 1.837364967393852709e-03 9.999975649910375353e-01 -1.222334640018594596e-03 -2.859220000000000164e-02 1.123013408320951145e-02 1.201625748167259701e-03 9.999362180579491888e-01 1.639192100000000041e+00
9.999181327178430223e-01 -2.778021880385352603e-03 -1.249041458455617606e-02 -1.059919999999999959e-02 2.775064012023359568e-03 9.999961172096749618e-01 -2.541363869470111294e-04 -3.082079999999999889e-02 1.249107208333881391e-02 2.194538814828610564e-04 9.999219594339363582e-01 1.754606099999999946e+00
9.999062593052431280e-01 -3.749590648769477504e-03 -1.316864352021365411e-02 -1.136110000000000071e-02 3.745033966717564115e-03 9.999929186379177271e-01 -3.706677852813557638e-04 -3.200499999999999873e-02 1.316994012074224410e-02 3.213160213468441986e-04 9.999132209513136305e-01 1.812449200000000094e+00
9.998958422364699894e-01 -4.063095535076276764e-03 -1.384904086545508950e-02 -1.225970000000000011e-02 4.056292219547954873e-03 9.999916383744296144e-01 -5.193020831177343980e-04 -3.295130000000000281e-02 1.385103503893613669e-02 4.630722370634133070e-04 9.999039625846340984e-01 1.869755700000000020e+00
9.998892254726033935e-01 -4.589312899555076167e-03 -1.415891912920776499e-02 -1.287869999999999987e-02 4.591232859969231889e-03 9.999894549201623350e-01 1.030985078401020101e-04 -3.389659999999999895e-02 1.415829667096317468e-02 -1.680939819192863230e-04 9.998997521650809794e-01 1.927338199999999890e+00
9.998909966055479215e-01 -3.624098437655714263e-03 -1.431295978050734982e-02 -1.468320000000000042e-02 3.650500388884243917e-03 9.999916826477329712e-01 1.818923381137724530e-03 -3.549419999999999659e-02 1.430624877719507623e-02 -1.870974577559758991e-03 9.998959099326565347e-01 2.041207299999999947e+00
9.998927157753095818e-01 -1.746217206949449543e-03 -1.454330309600150237e-02 -1.637229999999999935e-02 1.767687606571703230e-03 9.999973665969877912e-01 1.463584509037187380e-03 -3.737200000000000244e-02 1.454070906116981809e-02 -1.489135506149284315e-03 9.998931694213351040e-01 2.154708900000000149e+00
9.999270711598705619e-01 4.495012955997130469e-04 -1.206856703293309081e-02 -1.876550000000000093e-02 -3.700793707900512696e-04 9.999782678295694449e-01 6.582317968105782895e-03 -3.940239999999999715e-02 1.207126351723219158e-02 -6.577371599597119610e-03 9.999055069254986217e-01 2.267922399999999783e+00
9.999598289166873322e-01 1.590871014421323506e-03 -8.820979669219405211e-03 -2.056629999999999917e-02 -1.478636076785532763e-03 9.999180603176823778e-01 1.271559223457727900e-02 -4.034689999999999804e-02 8.840485748064768473e-03 -1.270203841669075365e-02 9.998802448452509539e-01 2.380807599999999802e+00
9.999711486289466489e-01 1.391211069425377176e-03 -7.467693182335815791e-03 -2.104119999999999949e-02 -1.289908178891884145e-03 9.999073191072157529e-01 1.355320378030896653e-02 -4.027780000000000249e-02 7.485856436989981461e-03 -1.354318011328438723e-02 9.998802649446701940e-01 2.436894399999999905e+00
9.999835096094333853e-01 -5.895407569666486343e-05 -5.742563331581807158e-03 -2.118789999999999910e-02 1.190427520890162036e-04 9.999452442069933777e-01 1.046395798154638179e-02 -4.096940000000000304e-02 5.741632000001765067e-03 -1.046446903733543043e-02 9.999287617374266190e-01 2.547620100000000054e+00
9.999857301212633498e-01 5.089494039077497982e-05 -5.341999957783531358e-03 -2.180189999999999906e-02 -3.043041335771134602e-07 9.999551592203194117e-01 9.469928646678954162e-03 -4.159419999999999784e-02 5.342242389794348359e-03 -9.469791886352852198e-03 9.999408899969427500e-01 2.659105299999999783e+00
9.999778409525251766e-01 -1.035047660137191315e-03 -6.576190406882137345e-03 -2.197690000000000060e-02 1.090521533127220867e-03 9.999638083027329039e-01 8.437585405846655812e-03 -4.211779999999999691e-02 6.567219100358232149e-03 -8.444569914235724312e-03 9.999427787989928484e-01 2.714036199999999788e+00
9.999527865022224127e-01 -5.246777052790845691e-04 -9.703065481918540097e-03 -2.315000000000000044e-02 6.160961587450127994e-04 9.999554314343753747e-01 9.421017483020377448e-03 -4.245779999999999693e-02 9.697690032373463415e-03 -9.426550705203842057e-03 9.999085432927544703e-01 2.823069299999999782e+00
9.999307447973979635e-01 5.301921651829180930e-04 -1.175689181667544797e-02 -2.479719999999999841e-02 -4.125797059171088877e-04 9.999498748918190794e-01 1.000387334095192982e-02 -4.383580000000000115e-02 1.176160647646811927e-02 -9.998329865708675129e-03 9.998808419071690823e-01 2.931341399999999986e+00
9.999167941129838422e-01 3.221041043626361863e-04 -1.289577836963266312e-02 -2.640409999999999979e-02 -2.026793439784606125e-04 9.999570954787125876e-01 9.261000100436020746e-03 -4.469850000000000212e-02 1.289820808857793967e-02 -9.257615822807959208e-03 9.998739584454537921e-01 3.038947299999999796e+00
9.999096613842771708e-01 -1.414587569883107420e-03 -1.336667544258231081e-02 -2.722950000000000023e-02 1.525320872085053625e-03 9.999645757335320351e-01 8.277721564209023289e-03 -4.511840000000000295e-02 1.335449237587795802e-02 -8.297362235344529421e-03 9.998763980179340427e-01 3.092355500000000035e+00
9.998991871504895323e-01 -1.312557788820039890e-03 -1.413834247148942902e-02 -2.901099999999999859e-02 1.469329325181737127e-03 9.999374941400799299e-01 1.108372158581140236e-02 -4.580540000000000306e-02 1.412291071713883336e-02 -1.110337808545797979e-02 9.998386161716135145e-01 3.199993099999999924e+00
9.998893879275758678e-01 9.576792774734702160e-04 -1.484233001314599378e-02 -3.070989999999999831e-02 -8.406569880229621200e-04 9.999685311825049494e-01 7.888595599481084547e-03 -4.650599999999999873e-02 1.484941768710560002e-02 -7.875245717129216588e-03 9.998587276706888405e-01 3.305898000000000003e+00
9.998722969405546834e-01 4.983439434260628423e-03 -1.518404235453150487e-02 -3.286159999999999776e-02 -4.858963819608701218e-03 9.999543797016167135e-01 8.223684463458700439e-03 -4.752399999999999680e-02 1.522433188743874295e-02 -8.148855561356728450e-03 9.998508968199314451e-01 3.410869400000000162e+00
9.998760608296457519e-01 6.921305742583025444e-03 -1.414066853469559890e-02 -3.511059999999999875e-02 -6.779297425503105073e-03 9.999263564858598130e-01 1.006591929878400404e-02 -4.881769999999999859e-02 1.420929647121946596e-02 -9.968807939305105587e-03 9.998493480330234995e-01 3.515321500000000210e+00
9.999592125518342867e-01 5.398557742743114417e-03 -7.240773923675914228e-03 -3.732160000000000338e-02 -5.377720918426699172e-03 9.999813519889130253e-01 2.894096085014470805e-03 -4.998160000000000103e-02 7.256262842471503452e-03 -2.855039180825465900e-03 9.999695972382545150e-01 3.670315700000000181e+00
9.999840260990484619e-01 5.535322397381906533e-03 -1.143570152985583840e-03 -3.913069999999999743e-02 -5.528180761721194526e-03 9.999657674304180954e-01 6.156556241988500079e-03 -5.148380000000000317e-02 1.177609529297770144e-03 -6.150136035249473103e-03 9.999803943390812577e-01 3.772139099999999967e+00
9.999419968350569121e-01 5.082990458385584602e-03 9.495587055001282820e-03 -3.964460000000000206e-02 -5.102855761735036917e-03 9.999848399338533422e-01 2.069001097330645713e-03 -5.299639999999999906e-02 -9.484926388437306052e-03 -2.117335699833399702e-03 9.999527754153894055e-01 3.921734999999999971e+00
9.998561595198751650e-01 3.370501551471931628e-03 1.662227389551462070e-02 -3.850599999999999856e-02 -3.329652339120108082e-03 9.999913701471236926e-01 -2.484561647222455032e-03 -5.454620000000000302e-02 -1.663050466662312210e-02 2.428857873524523092e-03 9.998587535066958409e-01 4.017631500000000244e+00
9.996028449918797909e-01 3.695868447814196472e-03 2.793730195556492005e-02 -3.592700000000000060e-02 -3.630199105720836785e-03 9.999905284999180965e-01 -2.400950834015758584e-03 -5.706239999999999923e-02 -2.794591094583935217e-02 2.298579315792433683e-03 9.996067939917856471e-01 4.158776300000000425e+00
9.994033079167494726e-01 3.583419417070438529e-03 3.435385320950556931e-02 -3.303360000000000324e-02 -3.408314467408853337e-03 9.999809080821472351e-01 -5.154305355283368348e-03 -5.906859999999999888e-02 -3.437166736645379250e-02 5.034141087178017199e-03 9.993964408111349895e-01 4.251686099999999691e+00
9.992011590796217035e-01 1.862351744375400448e-03 3.991961096905606576e-02 -2.961580000000000115e-02 -1.766120917969690859e-03 9.999954495630224427e-01 -2.445745316174508053e-03 -6.097040000000000098e-02 -3.992398415543806089e-02 2.373288694765462049e-03 9.991999014160918291e-01 4.344512500000000443e+00
9.988483441113736871e-01 -7.688472251135874047e-04 4.797285002906633011e-02 -2.472979999999999970e-02 8.738785327103570791e-04 9.999972670642977013e-01 -2.168455728305316785e-03 -6.327460000000000029e-02 -4.797105171118225264e-02 2.207880857289922817e-03 9.988462862021578736e-01 4.480235600000000318e+00
9.986337728560579219e-01 -1.570917135394676823e-03 5.223140751146793798e-02 -2.042419999999999999e-02 2.009427691672977835e-03 9.999631685803147541e-01 -8.344080726424302902e-03 -6.522290000000000032e-02 -5.221637589518487305e-02 8.437636053473217268e-03 9.986001484008510953e-01 4.571521299999999677e+00
9.985554493552829536e-01 -1.380549065688401128e-03 5.371320738092459635e-02 -1.378569999999999969e-02 1.759896794189789613e-03 9.999738402541856752e-01 -7.015808618406538764e-03 -6.842879999999999796e-02 -5.370211658903945029e-02 7.100203629018948283e-03 9.985317570224212513e-01 4.709408299999999770e+00
9.988568024924199262e-01 -1.582035229402060147e-03 4.777640923250517369e-02 -7.361799999999999941e-03 1.784994478661936293e-03 9.999895627179905544e-01 -4.205740100533874107e-03 -7.136990000000000001e-02 -4.776925694764386221e-02 4.286212735623729647e-03 9.988492010664347109e-01 4.850091500000000444e+00
9.991553679795329712e-01 5.608952082142822440e-04 4.108814955981169442e-02 -3.934199999999999676e-03 -3.741048217475136713e-04 9.999895621639349752e-01 -4.553636872199221496e-03 -7.330129999999999979e-02 -4.109027480154394535e-02 4.534419449820374128e-03 9.991451487932004882e-01 4.944257699999999645e+00
9.994339663093054771e-01 1.341804434208636538e-03 3.361467756963225362e-02 -1.539699999999999966e-03 -1.231027981120386096e-03 9.999937444763945527e-01 -3.315958110249385069e-03 -7.498860000000000248e-02 -3.361891665951921571e-02 3.272700557577495374e-03 9.994293661253409455e-01 5.038370099999999852e+00
9.997044961882727288e-01 1.458254015339503730e-03 2.426507358691588900e-02 1.293199999999999992e-03 -1.413532576665955985e-03 9.999972709960974759e-01 -1.860087635645654453e-03 -7.677920000000000578e-02 -2.426771984769893892e-02 1.825238500668872107e-03 9.997038292803570592e-01 5.133078600000000158e+00
9.998111444556180283e-01 1.669079899389727369e-03 1.936206586696148993e-02 2.142199999999999920e-03 -1.635962901225791180e-03 9.999971720644903472e-01 -1.726119465121134450e-03 -7.775840000000000529e-02 -1.936489214359106079e-02 1.694117856440441544e-03 9.998110476069743680e-01 5.180718399999999946e+00
9.998912126680690182e-01 2.715501590388887023e-03 1.449789227063734941e-02 2.558700000000000124e-03 -2.690749069230752733e-03 9.999948894310080050e-01 -1.726551856282056976e-03 -7.858060000000000045e-02 -1.450250663247028456e-02 1.687353839179146471e-03 9.998934093884190855e-01 5.228157000000000387e+00
9.999525663192960767e-01 3.061249223897627696e-03 9.246289236387825530e-03 3.162199999999999993e-03 -3.041875012005606452e-03 9.999931501942347367e-01 -2.108687037473210447e-03 -7.940830000000000111e-02 -9.252681117659413909e-03 2.080460958503625984e-03 9.999550287759619849e-01 5.275745900000000432e+00
9.999801050654100187e-01 4.201137576533894163e-03 4.705307262497311800e-03 3.068599999999999887e-03 -4.188413165169366237e-03 9.999875541256234568e-01 -2.710864993160669919e-03 -8.035259999999999625e-02 -4.716637417621897220e-03 2.691103289794538004e-03 9.999852555385776443e-01 5.323323199999999922e+00
9.999812609117482154e-01 6.018703835732149530e-03 1.119387997054039274e-03 2.768399999999999854e-03 -6.015628419582116741e-03 9.999781772973383998e-01 -2.730777144035347655e-03 -8.139340000000000463e-02 -1.135799307853952020e-03 2.723992149513832037e-03 9.999956449038673867e-01 5.371540500000000051e+00
9.999679349495771419e-01 7.959122327816411935e-03 -8.839934666037322329e-04 2.542200000000000102e-03 -7.961535299955087297e-03 9.999644961658795683e-01 -2.760500568047927639e-03 -8.213479999999999392e-02 8.619909197392302842e-04 2.767449997647316706e-03 9.999957990872585523e-01 5.419689199999999651e+00
9.999571007251473187e-01 9.053757471247255578e-03 -1.956063651672266569e-03 2.132799999999999800e-03 -9.059628181397640090e-03 9.999544197329690576e-01 -3.013568269673098411e-03 -8.317520000000000469e-02 1.928690377532027173e-03 3.031160199162908145e-03 9.999935460898108364e-01 5.468072900000000125e+00
9.999332742433715282e-01 1.113523276628391144e-02 -3.074679198069721515e-03 1.702100000000000011e-03 -1.114277996876711190e-02 9.999349195123840017e-01 -2.448508592933045826e-03 -8.419279999999999820e-02 3.047214383335692528e-03 2.482605688123207428e-03 9.999922755469160540e-01 5.516616299999999917e+00
9.999145356942261698e-01 1.223517279711985005e-02 -4.606718357434542999e-03 7.255000000000000164e-04 -1.224149835612386820e-02 9.999241621977713601e-01 -1.347431290255096496e-03 -8.593280000000000363e-02 4.589882939370312429e-03 1.403709268174957447e-03 9.999884812211055074e-01 5.613639400000000279e+00
9.998342507038990856e-01 1.708720076667907470e-02 -6.284798272964020605e-03 -6.311999999999999469e-04 -1.706372627285341823e-02 9.998472966147247121e-01 3.769973197742141919e-03 -8.720419999999999561e-02 6.348256851906786472e-03 -3.662106249928337182e-03 9.999731439457544280e-01 5.711420999999999637e+00
9.998490516734886979e-01 1.587213899212776627e-02 -7.067465701372857567e-03 -1.971300000000000049e-03 -1.585904788566660020e-02 9.998724235740557020e-01 1.904514716250554256e-03 -8.858359999999999845e-02 7.096792781647072793e-03 -1.792143955952941537e-03 9.999732115173164404e-01 5.808946599999999627e+00
9.999036507707502741e-01 1.080402713457706033e-02 -8.715628089867505368e-03 -2.881299999999999834e-03 -1.076620213135523994e-02 9.999324709197601191e-01 4.375213362783399867e-03 -8.957660000000000622e-02 8.762309455409959119e-03 -4.280957600630861185e-03 9.999524465368486714e-01 5.907725300000000068e+00
9.999385987706456147e-01 5.746209657169393942e-03 -9.475218370756910077e-03 -3.778099999999999948e-03 -5.675135599123361588e-03 9.999556882494117227e-01 7.510950244593655838e-03 -9.089540000000000119e-02 9.517958002073700560e-03 -7.456715913929668101e-03 9.999269002598387690e-01 6.006262300000000387e+00
9.999562523480373111e-01 1.963129742505415748e-03 -9.145463994931175150e-03 -4.277099999999999826e-03 -1.914013742332160367e-03 9.999837164248821519e-01 5.376191633024800763e-03 -9.117970000000000241e-02 9.155869235777425869e-03 -5.358451893498052641e-03 9.999437269425927033e-01 6.055542499999999606e+00
9.999574496394916245e-01 -1.884060517759626090e-03 -9.030461031921482862e-03 -5.141500000000000237e-03 1.919891497164612605e-03 9.999903131299592296e-01 3.960765441830294345e-03 -9.215429999999999455e-02 9.022911233229999328e-03 -3.977934415183518452e-03 9.999513803733988127e-01 6.155034999999999812e+00
9.999706940505749264e-01 -1.371798157302088483e-03 -7.531879568004925217e-03 -6.656900000000000317e-03 1.418967601146633919e-03 9.999793937996308557e-01 6.260871111083981741e-03 -9.331680000000000530e-02 7.523135713132099618e-03 -6.271375123394581919e-03 9.999520349912306427e-01 6.253526700000000105e+00
9.999778908669401112e-01 9.447502544694591281e-04 -6.582189929096784325e-03 -7.914100000000000301e-03 -9.028301877029234904e-04 9.999793115916606467e-01 6.368774318548902323e-03 -9.458049999999999791e-02 6.588070655221871241e-03 -6.362690910700882600e-03 9.999580558650531525e-01 6.350894900000000121e+00
9.999829734303555817e-01 9.635498397798771073e-04 -5.755381924006216544e-03 -8.962799999999999934e-03 -9.516409992608933395e-04 9.999974015343565670e-01 2.071546268693300746e-03 -9.609929999999999861e-02 5.757363006919318134e-03 -2.066033939961195789e-03 9.999812919624874175e-01 6.449068999999999718e+00
9.999882848056225182e-01 5.626900647650758246e-05 -4.840153438504659483e-03 -1.032210000000000072e-02 -8.213009460358974747e-05 9.999857227124898662e-01 -5.342997831455652095e-03 -9.800910000000000177e-02 4.839783689062841787e-03 5.343332759457297514e-03 9.999740123067523134e-01 6.546203099999999608e+00
9.999885852246401807e-01 -7.699265634949799394e-04 -4.715573508002177464e-03 -1.133409999999999973e-02 7.400616212453931019e-04 9.999796805359694174e-01 -6.331731514939827055e-03 -1.000131999999999965e-01 4.720352658362169176e-03 6.328169424671511306e-03 9.999688357856525434e-01 6.642234799999999773e+00
9.999874940144573010e-01 6.282079366710820439e-04 -4.961569255184789841e-03 -1.212159999999999974e-02 -6.529841313707570542e-04 9.999873188029181348e-01 -4.993580386352801381e-03 -1.020284000000000052e-01 4.958369329716118788e-03 4.996757762699016031e-03 9.999752231857802487e-01 6.737260299999999980e+00
9.999833154190539419e-01 1.167484885206038128e-03 -5.657372407742820332e-03 -1.300929999999999968e-02 -1.192499457625697829e-03 9.999895196818805454e-01 -4.420234320212403784e-03 -1.044937999999999978e-01 5.652152559922349502e-03 4.426906983982906857e-03 9.999742275008864922e-01 6.831467599999999862e+00
9.999712184662423731e-01 1.534224579034835102e-03 -7.430235129498432255e-03 -1.407519999999999952e-02 -1.560148387615950104e-03 9.999927123383238747e-01 -3.484423517704285638e-03 -1.061021000000000047e-01 7.424835092254006806e-03 3.495915500008079258e-03 9.999663246323196031e-01 6.926149800000000134e+00
9.999597632828758353e-01 3.471605405082435914e-03 -8.271624457526837587e-03 -1.529009999999999918e-02 -3.506309276101768607e-03 9.999850967980895566e-01 -4.184731410242907047e-03 -1.080528000000000044e-01 8.256973447654802900e-03 4.213565903952768386e-03 9.999570332028561159e-01 7.019852600000000109e+00
9.999527522216772324e-01 4.261327330753983747e-03 -8.736956774132418474e-03 -1.633220000000000158e-02 -4.308940099744777361e-03 9.999759301941898437e-01 -5.438020548089223319e-03 -1.091436999999999963e-01 8.713573291692720824e-03 5.475410637093648669e-03 9.999470453573255924e-01 7.066347600000000284e+00
9.999399057285541792e-01 4.196691838068976853e-03 -1.012781857985305296e-02 -1.765109999999999943e-02 -4.259939681043707453e-03 9.999715103128620219e-01 -6.231490714715476158e-03 -1.114180000000000031e-01 1.010137839524887469e-02 6.274260134071681962e-03 9.999292954075733597e-01 7.160704599999999864e+00
9.999193726697078732e-01 5.166626746928331369e-03 -1.159974688843800131e-02 -1.903049999999999881e-02 -5.248698607950247862e-03 9.999613308720199933e-01 -7.056055809125764099e-03 -1.135489999999999972e-01 1.156284232966978825e-02 7.116370473529400921e-03 9.999078247261308228e-01 7.254741700000000293e+00
9.998987473524999503e-01 4.863951942643581286e-03 -1.337299571528941487e-02 -2.055649999999999838e-02 -4.932567665700517828e-03 9.999748156455623427e-01 -5.102729744651425016e-03 -1.159411999999999943e-01 1.334783949277114530e-02 5.168176286014090036e-03 9.998975573201246414e-01 7.348493099999999778e+00
9.998705960263623016e-01 5.801564111926938577e-03 -1.500443453590121455e-02 -2.230520000000000072e-02 -5.871226142382795013e-03 9.999721706779219899e-01 -4.602887492619868459e-03 -1.178783000000000053e-01 1.497731302577149683e-02 4.690386288986971020e-03 9.998768326003898421e-01 7.442365200000000236e+00
9.998423731141760085e-01 7.346602985827697073e-03 -1.616342630699083363e-02 -2.574169999999999930e-02 -7.432762425292453907e-03 9.999584532302062678e-01 -5.276917299193902185e-03 -1.212522000000000044e-01 1.612398735245275730e-02 5.396224422871864941e-03 9.998554384478968160e-01 7.582704099999999947e+00
9.998424539569690239e-01 5.869741010644001673e-03 -1.675151950643200341e-02 -2.776889999999999914e-02 -6.004494964321364057e-03 9.999499289059221585e-01 -8.005355786273652546e-03 -1.235213000000000005e-01 1.670369137435935916e-02 8.104678988667571998e-03 9.998276355817341532e-01 7.676688699999999699e+00
9.998456585446316991e-01 3.127824888256985729e-03 -1.728802478365723538e-02 -2.956809999999999994e-02 -3.203515718313927965e-03 9.999853975306937093e-01 -4.352265205955532269e-03 -1.257620000000000127e-01 1.727415921237448332e-02 4.406975930142542457e-03 9.998410783652853517e-01 7.770725699999999847e+00
9.998454019824423167e-01 2.088672838137675333e-03 -1.745879664649016907e-02 -3.046170000000000128e-02 -2.083166016806701007e-03 9.999977745632538939e-01 3.335983903164512518e-04 -1.269510000000000083e-01 1.745945457093927081e-02 -2.971772447983407552e-04 9.998475279420210304e-01 7.817837700000000112e+00
9.998457988956297449e-01 3.164073525384320570e-03 -1.727330511181538950e-02 -3.168119999999999964e-02 -3.172482119469878774e-03 9.999948621334010523e-01 -4.594170238673775798e-04 -1.277493000000000101e-01 1.727176273463567127e-02 5.141454328663127042e-04 9.998506997879795799e-01 7.864673599999999709e+00
9.998405089635923337e-01 4.460581897001760984e-03 -1.729334682948724389e-02 -3.260439999999999866e-02 -4.522645553264844145e-03 9.999834663798037315e-01 -3.551428477609976445e-03 -1.286478000000000066e-01 1.727721947028312138e-02 3.629073734740801208e-03 9.998441516112416272e-01 7.911204800000000148e+00
9.998343102449397390e-01 4.453323087555158787e-03 -1.764992834272927427e-02 -3.367099999999999954e-02 -4.551469088855561625e-03 9.999743820226214552e-01 -5.524439121714025923e-03 -1.295965000000000034e-01 1.762487407497773453e-02 5.603856882021551224e-03 9.998289656745732445e-01 7.957845200000000396e+00
9.998392117576727633e-01 4.588315396941752833e-03 -1.733487795208763643e-02 -3.505790000000000295e-02 -4.681278617830651745e-03 9.999748592629094102e-01 -5.326018459106547122e-03 -1.306554000000000049e-01 1.731000468797823377e-02 5.406311491459716255e-03 9.998355542456766054e-01 8.003906199999999416e+00
9.998379329303237473e-01 4.737231313366249350e-03 -1.736854953935569601e-02 -3.587760000000000254e-02 -4.809161728406277300e-03 9.999800226142957493e-01 -4.101991684843193584e-03 -1.317105000000000081e-01 1.734877047768582092e-02 4.184855050793592768e-03 9.998407408938266849e-01 8.050201400000000618e+00
9.998589440411540519e-01 4.042189140941608062e-03 -1.630192405384517720e-02 -3.805999999999999661e-02 -4.063923294832635404e-03 9.999908968068608184e-01 -1.300319523783671685e-03 -1.336317999999999950e-01 1.629651951682318037e-02 1.366385874879452213e-03 9.998662692786864925e-01 8.141916300000000106e+00
9.999076004038244259e-01 2.774009364573935734e-03 -1.330772432502443266e-02 -3.988649999999999834e-02 -2.818253813814477777e-03 9.999905601596354998e-01 -3.307119148015234041e-03 -1.356970000000000121e-01 1.329842472274483413e-02 3.344318116373645299e-03 9.999059792981687123e-01 8.232777600000000362e+00
9.999375270256157799e-01 1.373874274952828272e-03 -1.109299397693700069e-02 -4.113440000000000152e-02 -1.430872598682690578e-03 9.999858078656851390e-01 -5.131926618661941317e-03 -1.379395999999999955e-01 1.108578592171420053e-02 5.147478673060703128e-03 9.999253016169799002e-01 8.323447200000000379e+00
9.999636478950107987e-01 1.866857742155911791e-03 -8.319719386703755548e-03 -4.241670000000000162e-02 -1.889904705758261270e-03 9.999943965856359362e-01 -2.763160786683977691e-03 -1.398674000000000028e-01 8.314514339761196887e-03 2.778783816792477785e-03 9.999615728675744775e-01 8.412800799999999413e+00
9.999799258831462145e-01 2.475667669075971248e-03 -5.832572359573280282e-03 -4.354290000000000244e-02 -2.487904839828074689e-03 9.999947174335553912e-01 -2.091753927160409660e-03 -1.419343000000000132e-01 5.827363061053114288e-03 2.106222822049676636e-03 9.999808026483201218e-01 8.501642199999999150e+00
9.999918797614406607e-01 2.665009493502229401e-03 -3.022934928175081189e-03 -4.468960000000000293e-02 -2.672575403038013071e-03 9.999932997377984911e-01 -2.501563555945963361e-03 -1.445468000000000031e-01 3.016247983093249280e-03 2.509622264187142630e-03 9.999923019924681356e-01 8.633438099999999338e+00
9.999978328197308697e-01 1.636059218921667507e-03 -1.287503815044586681e-03 -4.545790000000000247e-02 -1.638737283247083476e-03 9.999964904325879811e-01 -2.081745090856697896e-03 -1.466686000000000101e-01 1.284093438215813503e-03 2.083850459843848268e-03 9.999970043311644519e-01 8.719212499999999366e+00
9.999984497329512667e-01 1.074703614211245870e-03 -1.394827529036734735e-03 -4.603220000000000228e-02 -1.075295482439312441e-03 9.999993321298334958e-01 -4.236502241981356131e-04 -1.484385000000000010e-01 1.394371299045933351e-03 4.251494191679080028e-04 9.999989374877613635e-01 8.802553200000000189e+00
9.999974458471339034e-01 1.090556326012556481e-03 -1.979642924410717018e-03 -4.639200000000000268e-02 -1.091442305517088167e-03 9.999993046865692792e-01 -4.465199565030534504e-04 -1.494364999999999999e-01 1.979154592775148307e-03 4.486794820603461813e-04 9.999979408147899873e-01 8.843527800000000383e+00
9.999947490500822322e-01 1.920884011834659861e-03 -2.609995570125641512e-03 -4.704110000000000236e-02 -1.926308651253797691e-03 9.999959866819497778e-01 -2.077487659145779014e-03 -1.513376999999999917e-01 2.605994482554071720e-03 2.082504407408593619e-03 9.999944359685958295e-01 8.923891100000000520e+00
9.999897574803187084e-01 1.477011494044791051e-03 -4.278243973858119296e-03 -4.763789999999999691e-02 -1.486579103827556821e-03 9.999963996023610857e-01 -2.234024369375468399e-03 -1.531470000000000053e-01 4.274928890807073827e-03 2.240361435429510332e-03 9.999883528139801303e-01 9.002014199999999633e+00
9.999801355255752977e-01 6.712811048491537994e-04 -6.267211176455510756e-03 -4.798750000000000238e-02 -6.795119202694240804e-04 9.999989094076001672e-01 -1.311276919796981960e-03 -1.540795000000000081e-01 6.266324106063148915e-03 1.315509516671392381e-03 9.999795010983522081e-01 9.040169699999999864e+00
9.999455050847066984e-01 5.456189359445038582e-04 -1.042540938608944347e-02 -4.888189999999999896e-02 -5.283659934261230890e-04 9.999984866341801171e-01 1.657576160073476407e-03 -1.555050000000000043e-01 1.042629801357192708e-02 -1.651977398813885998e-03 9.999442800878486359e-01 9.115267799999999809e+00
9.998797719772131165e-01 1.069513891022348803e-03 -1.546925114002714249e-02 -5.033100000000000074e-02 -1.049622049275021401e-03 9.999986119830004405e-01 1.293957351027159039e-03 -1.571149000000000018e-01 1.547061357380490401e-02 -1.277564914010929356e-03 9.998795067124540692e-01 9.188060800000000583e+00
9.997722657169025862e-01 1.387950800246522901e-03 -2.129531159357313935e-02 -5.188349999999999906e-02 -1.342292148733196470e-03 9.999967701753227356e-01 2.158214704388290196e-03 -1.586807000000000079e-01 2.129823830927630307e-02 -2.129138675352935939e-03 9.997708996632290734e-01 9.258212999999999582e+00
9.997034839153676744e-01 1.580184046072184365e-03 -2.429912068072857811e-02 -5.291069999999999801e-02 -1.534383740812224339e-03 9.999970113938950744e-01 1.903383779977810882e-03 -1.593884000000000134e-01 2.430205575691084252e-02 -1.865535220383275194e-03 9.997029208041403603e-01 9.292043700000000683e+00
9.996198282462667173e-01 1.603881576409915384e-03 -2.752501663565720333e-02 -5.376559999999999673e-02 -1.577415770691401519e-03 9.999982725325722299e-01 9.832046368387851575e-04 -1.599283999999999983e-01 2.752654603089038296e-02 -9.394124548780905274e-04 9.996206314236661949e-01 9.325245900000000532e+00
9.995175335342385559e-01 1.517944430770058533e-03 -3.102250799560522451e-02 -5.479210000000000330e-02 -1.503690812163453695e-03 9.999987529154453769e-01 4.827851441093927200e-04 -1.607177999999999940e-01 3.102320214893541581e-02 -4.359039562239332231e-04 9.995185695704543738e-01 9.357236900000000190e+00
9.994136574822756192e-01 2.553483530639013253e-03 -3.414412042738113051e-02 -5.604680000000000079e-02 -2.546168729189896528e-03 9.999967252991738276e-01 2.577124971319197789e-04 -1.614451000000000080e-01 3.414466668021882978e-02 -1.706246976196105689e-04 9.994168863014619708e-01 9.388600300000000232e+00
9.993090387915897210e-01 3.014036813864936701e-03 -3.704538529309121114e-02 -5.730670000000000208e-02 -3.033318154686030603e-03 9.999952916989971463e-01 -4.642852679197394445e-04 -1.621798999999999880e-01 3.704381149937683443e-02 5.763349045668430485e-04 9.993134762764266377e-01 9.419000600000000389e+00
9.992127680068761952e-01 4.824501918954200198e-03 -3.937725781806704350e-02 -5.879360000000000142e-02 -4.853992059263433252e-03 9.999880058811992933e-01 -6.533412822662074690e-04 -1.628020000000000023e-01 3.937363347628870802e-02 8.439638478708453477e-04 9.992242014242340709e-01 9.448773400000000322e+00
9.991849756931274751e-01 5.283969702662098117e-03 -4.001829598203422017e-02 -6.126519999999999883e-02 -5.242283294818725348e-03 9.999856018425580251e-01 1.146548487348469361e-03 -1.642634000000000039e-01 4.002377811977789884e-02 -9.358267779485429953e-04 9.991982893366363472e-01 9.506524100000000033e+00
9.992030865815008100e-01 5.288190236892010253e-03 -3.956294743848295242e-02 -6.252290000000000625e-02 -5.237709392586662079e-03 9.999853315758352457e-01 1.379504797257692303e-03 -1.646672999999999887e-01 3.956966219618932717e-02 -1.171186229976919294e-03 9.992161278504736455e-01 9.534158700000000763e+00
9.992170991060111973e-01 5.099109313662609881e-03 -3.923248575319885495e-02 -6.361659999999999537e-02 -5.058500862456529433e-03 9.999865624098756012e-01 1.134270119729929253e-03 -1.653229999999999977e-01 3.923774233046747190e-02 -9.349245356202981775e-04 9.992294658850491285e-01 9.561321299999999468e+00
9.992332211650004625e-01 5.730213527526523826e-03 -3.873156817308202188e-02 -6.495170000000000110e-02 -5.757182222951432934e-03 9.999832562917279066e-01 -5.847982934627724005e-04 -1.660381999999999969e-01 3.872756864391153214e-02 8.073345782617007225e-04 9.992494801789039149e-01 9.587979300000000649e+00
9.992688672784706405e-01 5.824867828799272333e-03 -3.778626473705954530e-02 -6.599499999999999811e-02 -5.932970136573547694e-03 9.999786201404938790e-01 -2.749386708379774474e-03 -1.665905000000000025e-01 3.776944205784164149e-02 2.971561322050776839e-03 9.992820618173572367e-01 9.614850999999999814e+00
9.993487120873271179e-01 6.565131112622957059e-03 -3.548310447064342149e-02 -6.805229999999999613e-02 -6.739862056652444998e-03 9.999657330485526296e-01 -4.806972865328234049e-03 -1.676567999999999947e-01 3.545033016570962175e-02 5.042993371478423498e-03 9.993587155316139281e-01 9.667979199999999551e+00
9.994673504953365262e-01 5.951051789291962255e-03 -3.208738500459697163e-02 -6.979269999999999918e-02 -6.116500829781391577e-03 9.999684893192505308e-01 -5.060512441944556988e-03 -1.688997999999999888e-01 3.205625853762963939e-02 5.254079479505143965e-03 9.994722562119429110e-01 9.720137599999999267e+00
9.995922496998220774e-01 5.705681830692832870e-03 -2.797819749189527777e-02 -7.138500000000000401e-02 -5.861894338315024738e-03 9.999676686566727479e-01 -5.504528690560926869e-03 -1.702570999999999946e-01 2.794588582985022690e-02 5.666289454809013935e-03 9.995933776436293217e-01 9.771732300000000038e+00
9.997501572603322284e-01 4.364431940182434723e-03 -2.192201614315008804e-02 -7.280259999999999510e-02 -4.452199918840987238e-03 9.999822621093764630e-01 -3.956435579798207175e-03 -1.716621000000000119e-01 2.190435969901174604e-02 4.053048291586994201e-03 9.997518551249217067e-01 9.823094400000000448e+00
9.998657102426848908e-01 3.565774924595212312e-03 -1.599520959782934834e-02 -7.377000000000000224e-02 -3.629569443305412802e-03 9.999855678665144909e-01 -3.961096355923351443e-03 -1.727324000000000082e-01 1.598085437476944384e-02 4.018620145250559501e-03 9.998642222749950514e-01 9.873590500000000603e+00
9.999450483068283990e-01 3.379554398776576322e-03 -9.923657527363410544e-03 -7.447850000000000303e-02 -3.425134286277381392e-03 9.999836474706580436e-01 -4.579655707544053045e-03 -1.738905000000000034e-01 9.908018054871200672e-03 4.613393907351028000e-03 9.999402721037291553e-01 9.923831899999999706e+00
9.999657375055702735e-01 4.195725051906332506e-03 -7.135804525747021371e-03 -7.474580000000000113e-02 -4.234571556740550705e-03 9.999762506202476420e-01 -5.437517742734794893e-03 -1.744844999999999868e-01 7.112820725402122651e-03 5.467548514692612341e-03 9.999597560374956506e-01 9.948922200000000160e+00
9.999884475913797255e-01 4.668565286101269800e-03 -1.144194892460814739e-03 -7.516090000000000271e-02 -4.674574691235790745e-03 9.999749921512454121e-01 -5.306922231647638079e-03 -1.755695999999999923e-01 1.119390565701289253e-03 5.312209548399640831e-03 9.999852635886568031e-01 9.999442099999999556e+00
9.999812413105664266e-01 4.656776413597708657e-03 3.978876777727648022e-03 -7.528450000000000419e-02 -4.636349901425643009e-03 9.999761055432413448e-01 -5.127631242949511753e-03 -1.766695000000000071e-01 -4.002659936858328320e-03 5.109087590351293895e-03 9.999789377469027185e-01 1.005047229999999914e+01
