9.999999847068001824e-01 -7.240034968603308464e-05 -1.591998395018919986e-04 9.490000000000000280e-05 7.239964920603843800e-05 9.999999973694400079e-01 -4.405763006289569309e-06 2.376000000000000020e-04 1.592001580618895525e-04 4.394236926377761142e-06 9.999999873180001053e-01 -2.075000000000000022e-04
9.999977882571904342e-01 8.547119368981967967e-04 1.921704512218068081e-03 -2.681000000000000115e-04 -8.524867982691636172e-04 9.999989656646822711e-01 -1.158419537282210851e-03 -5.934000000000000039e-04 -1.922692639537672103e-03 1.156778747429288400e-03 9.999974825548029189e-01 5.750569999999999987e-02
9.999931630895193546e-01 1.227035193996021305e-03 3.488288814113296721e-03 -5.871999999999999616e-04 -1.224160422762106100e-03 9.999989094643071397e-01 -8.261364631863945054e-04 -1.496099999999999991e-03 -3.489298708525210777e-03 8.218605898559496695e-04 9.999935746492041311e-01 1.155097999999999958e-01
9.999908417973839558e-01 2.835553562975993394e-04 4.270353348311085005e-03 -3.386999999999999928e-04 -2.824433441332165041e-04 9.999999260514197408e-01 -2.610036637087145557e-04 -2.652499999999999910e-03 -4.270427041511375317e-03 2.597951405039513576e-04 9.999908479378040171e-01 1.732850999999999975e-01
9.999868137878678009e-01 1.071229553115702795e-05 5.135380768236431220e-03 -1.573000000000000017e-04 -8.487640340216161182e-06 9.999999061228037611e-01 -4.332232030168707798e-04 -3.518999999999999993e-03 -5.135384926956265000e-03 4.331739031788443980e-04 9.999867200028316194e-01 2.310843999999999954e-01
9.999803945498567659e-01 -2.682152253185499704e-05 6.261772633897303222e-03 -7.729999999999999513e-05 2.837820598352374740e-05 9.999999687181405639e-01 -2.485123644971371664e-04 -4.592899999999999587e-03 -6.261765772537428859e-03 2.486851901739917429e-04 9.999803640297573182e-01 2.889641000000000015e-01
9.999766140144584758e-01 2.809270631617644359e-04 6.833191360119799176e-03 1.674000000000000032e-04 -2.726695830814174193e-04 9.999992315756446315e-01 -1.209338421913050410e-03 -5.601899999999999935e-03 -6.833525845220369405e-03 1.207446936902921170e-03 9.999759222083386412e-01 3.466005999999999809e-01
9.999708200381209888e-01 2.387845463131220425e-04 7.635578185598781639e-03 1.254000000000000123e-04 -2.280119584625656310e-04 9.999989775837850869e-01 -1.411680534415877663e-03 -6.700099999999999632e-03 -7.635907466355784656e-03 1.409898338495605384e-03 9.999698520974721339e-01 4.038547000000000109e-01
9.999706629441955652e-01 -3.293009017687813190e-04 7.652764981502561785e-03 5.278999999999999838e-04 3.302942351364723242e-04 9.999999371919645608e-01 -1.285370963832359391e-04 -7.500500000000000222e-03 -7.652722173465677409e-03 1.310609896395109738e-04 9.999707089041922625e-01 4.611265999999999976e-01
9.999794168626660040e-01 -7.579202446365846790e-04 6.371138666306582106e-03 5.555000000000000042e-04 7.540719189703915751e-04 9.999995318239919273e-01 6.064052588304556226e-04 -8.233600000000000640e-03 -6.371595290314435549e-03 -6.015884803476048053e-04 9.999795202226677837e-01 5.182297000000000153e-01
9.999903042975898382e-01 -1.723212675862883028e-03 4.052388047477702843e-03 4.501999999999999925e-04 1.720378818178086751e-03 9.999982732620082970e-01 7.026875007261878517e-04 -9.503299999999999248e-03 -4.053591930073726854e-03 -6.957090451173748727e-04 9.999915421549269157e-01 5.750589999999999868e-01
9.999993717622622791e-01 -1.020125274618052455e-03 4.645637791550568025e-04 4.513000000000000193e-04 1.020274439907015596e-03 9.999994280112256551e-01 -3.209630646062692919e-04 -1.107230000000000020e-02 -4.642360908953664070e-04 3.214368455147382240e-04 9.999998405815905267e-01 6.889501000000000097e-01
9.999999214256580782e-01 3.651432271140413427e-04 -1.543343820829344137e-04 -4.273999999999999804e-04 -3.652567183169114326e-04 9.999996624664715394e-01 -7.359717880918580264e-04 -1.174620000000000004e-02 1.540655948761371157e-04 7.360281019332822437e-04 9.999997172631729381e-01 7.453883999999999510e-01
9.999989912647053725e-01 -6.513970248920118028e-04 -1.262201048900819930e-03 -5.975000000000000493e-04 6.514025785714322274e-04 9.999997878293621634e-01 3.988900163668198775e-06 -1.415369999999999996e-02 1.262198182741119295e-03 -4.811097157853377375e-06 9.999992034159831400e-01 8.609887000000000512e-01
9.999983410276889195e-01 -9.393981919998246020e-04 -1.560600175202348601e-03 -1.062900000000000086e-03 9.394010010797418462e-04 9.999995587622130255e-01 1.066985428537640385e-06 -1.489380000000000044e-02 1.560598484282398534e-03 -2.533013025308665010e-06 9.999987822622358191e-01 9.180222000000000104e-01
9.999970619772072800e-01 -6.918416062848064358e-04 -2.323228818988336448e-03 -1.296700000000000023e-03 6.893572130525349581e-04 9.999991899414634178e-01 -1.070001425154113416e-03 -1.585080000000000169e-02 2.323967208541704438e-03 1.068396746921596724e-03 9.999967288470521520e-01 9.756162999999999919e-01
9.999964697236787270e-01 -1.022300104812923823e-03 -2.452639939990616108e-03 -1.961099999999999909e-03 1.017697151419982588e-03 9.999977201121025283e-01 -1.877248812753970876e-03 -1.689569999999999961e-02 2.454553459904538874e-03 1.874746140866550897e-03 9.999952302357345557e-01 1.032561700000000027e+00
9.999956925205908398e-01 1.293085514243579872e-04 -2.932272081930606053e-03 -2.656200000000000054e-03 -1.326911377284865684e-04 9.999993260229435021e-01 -1.153406572201554200e-03 -1.811909999999999910e-02 2.932120960313444949e-03 1.153790690445174799e-03 9.999950357045362948e-01 1.090386000000000077e+00
9.999903837259990214e-01 -1.969922785909404648e-04 -4.381055759909643042e-03 -2.567900000000000130e-03 1.910066835984817698e-04 9.999990479308511482e-01 -1.366621322098092494e-03 -1.909430000000000155e-02 4.381320802689826245e-03 1.365771369361643050e-03 9.999894692928473772e-01 1.147812499999999902e+00
9.999861836084762423e-01 -1.542836861685356056e-04 -5.254406598181386896e-03 -3.082500000000000170e-03 1.421150840841317240e-04 9.999973075536917611e-01 -2.316179757713840697e-03 -1.989940000000000112e-02 5.254749799724589034e-03 2.315401026031955588e-03 9.999835131254070086e-01 1.204814700000000016e+00
9.999815910485444492e-01 1.417754066612617568e-04 -6.066091307889440523e-03 -3.707100000000000065e-03 -1.518231281527888769e-04 9.999986173945250023e-01 -1.655946489516256894e-03 -2.095769999999999925e-02 6.065848148391426303e-03 1.656836978235742700e-03 9.999802299933074901e-01 1.261798399999999987e+00
9.999765974033896221e-01 -1.193407472243051800e-03 -6.736499398381870854e-03 -4.302499999999999901e-03 1.194978400542506683e-03 9.999992597521449866e-01 2.291763166610294726e-04 -2.208979999999999971e-02 6.736220910973877291e-03 -2.372209246164719374e-04 9.999772832690108082e-01 1.319323199999999918e+00
9.999707203287468982e-01 -1.324381448703666362e-03 -7.536875943356081790e-03 -4.903300000000000193e-03 1.323599108136980880e-03 9.999991181248175653e-01 -1.087887316274331324e-04 -2.282700000000000007e-02 7.537013374550228899e-03 9.880974405236984210e-05 9.999715914294897701e-01 1.376390800000000025e+00
9.999505641969519409e-01 -2.129584477484769509e-03 -9.712570831188645920e-03 -5.727600000000000226e-03 2.113961778852331292e-03 9.999964558286347227e-01 -1.618485640051675308e-03 -2.527149999999999883e-02 9.715983110069308787e-03 1.597873625402808839e-03 9.999515220609858090e-01 1.489523099999999989e+00
9.999446322369527351e-01 -1.628157837725020731e-03 -1.039622828533357142e-02 -6.467399999999999885e-03 1.614996807286758328e-03 9.999978840816559078e-01 -1.274212511133728703e-03 -2.662110000000000171e-02 1.039828090685036323e-02 1.257352085348702490e-03 9.999451459054720104e-01 1.546096200000000032e+00
9.999289884128415018e-01 -2.640314489245849505e-03 -1.162096687325588074e-02 -8.201099999999999363e-03 2.634791809679095948e-03 9.999964086254655715e-01 -4.905183896436105711e-04 -2.863929999999999948e-02 1.162222026082280341e-02 4.598647288160248245e-04 9.999323539723274923e-01 1.659917700000000051e+00
9.999191838112604369e-01 -3.481023498212200418e-03 -1.222735955256266591e-02 -9.061100000000000751e-03 3.474036075404468051e-03 9.999937898994576413e-01 -5.926515553766947483e-04 -2.981270000000000100e-02 1.222934665342099644e-02 5.501253713441945931e-04 9.999250674138068229e-01 1.717087599999999936e+00
9.999017152598463909e-01 -4.164184157138465896e-03 -1.338728466577597531e-02 -1.026859999999999926e-02 4.160411362238216997e-03 9.999912975071765242e-01 -3.096566010711063579e-04 -3.158110000000000084e-02 1.338845763013957885e-02 2.539295553195214470e-04 9.999103383414269519e-01 1.831043200000000093e+00
9.999083114553043439e-01 -3.115336100628301498e-03 -1.317813961005731387e-02 -1.206899999999999987e-02 3.139318330791739803e-03 9.999934531197691712e-01 1.799554949970541551e-03 -3.359729999999999661e-02 1.317244711585491453e-02 -1.840760326639664414e-03 9.999115452070747034e-01 1.944476499999999941e+00
9.999097934910825547e-01 -1.301818384524615216e-03 -1.336825155038255837e-02 -1.344910000000000029e-02 1.321321712223545415e-03 9.999980755122891418e-01 1.450200210590856615e-03 -3.552870000000000333e-02 1.336633792605134742e-02 -1.467733154120614636e-03 9.999095892978698830e-01 2.057166599999999956e+00
9.999229685294850345e-01 1.654174444946882516e-03 -1.230124847680577616e-02 -1.502520000000000071e-02 -1.616558658131920416e-03 9.999939894978171484e-01 3.067198452059613414e-03 -3.625280000000000169e-02 1.230624822142193167e-02 -3.047076491521477724e-03 9.999196325603210145e-01 2.114032700000000098e+00
9.999581812716958895e-01 2.190348014196966467e-03 -8.879081223803713882e-03 -1.679649999999999893e-02 -2.113166519531810457e-03 9.999599858956293996e-01 8.692590803284206552e-03 -3.739300000000000263e-02 8.897765734325111323e-03 -8.673464313024799310e-03 9.999227974107539607e-01 2.227243399999999873e+00
9.999694435698798234e-01 2.606979967740899722e-03 -7.369910582422212371e-03 -1.746520000000000017e-02 -2.516484715607830627e-03 9.999216554878198604e-01 1.226173687427477635e-02 -3.796630000000000144e-02 7.401299292773764506e-03 -1.224281593203276411e-02 9.998976618768709024e-01 2.283836800000000000e+00
9.999786346283664473e-01 1.701259113466340161e-03 -6.311576999193198832e-03 -1.784430000000000044e-02 -1.617049536336798501e-03 9.999099336409567051e-01 1.332327876067194994e-02 -3.824299999999999922e-02 6.333674887845906244e-03 -1.331278797120975105e-02 9.998913212138850204e-01 2.340344400000000213e+00
9.999892776667860250e-01 -1.953032767256285808e-05 -4.630785033421842660e-03 -1.823960000000000164e-02 7.446776880831394425e-05 9.999296216439953477e-01 1.186365093248098988e-02 -3.852730000000000044e-02 4.630227425394075648e-03 -1.186386857069182850e-02 9.999189015197814667e-01 2.396536400000000011e+00
9.999926539521738489e-01 8.024140089118382731e-04 -3.748089306039118114e-03 -1.846789999999999890e-02 -7.635622244397577592e-04 9.999460866491701738e-01 1.035571184128052796e-02 -3.900680000000000119e-02 3.756196802239117859e-03 -1.035277386831814916e-02 9.999393536904197521e-01 2.452411899999999978e+00
9.999951883065613112e-01 1.220553979212875154e-03 -2.851948756332683098e-03 -1.891750000000000029e-02 -1.193015075872895384e-03 9.999528417153932258e-01 9.638000847605869906e-03 -3.902930000000000288e-02 2.863577963607750847e-03 -9.634552054638508348e-03 9.999494863881639439e-01 2.508467200000000119e+00
9.999941572257133870e-01 8.074198205209523731e-04 -3.321684462544400879e-03 -1.884589999999999876e-02 -7.765607751503277468e-04 9.999566290261575618e-01 9.281003178858091007e-03 -3.957929999999999782e-02 3.329034063775391464e-03 -9.278369462190325795e-03 9.999514135158394934e-01 2.564725399999999933e+00
9.999909576001135836e-01 3.109305604348750683e-05 -4.252499409726462690e-03 -1.916690000000000060e-02 3.493344676984486000e-06 9.999669270555747724e-01 8.132944290182185162e-03 -3.995169999999999971e-02 4.252611645142430688e-03 -8.132885604293834877e-03 9.999578848461284641e-01 2.620565700000000220e+00
9.999811805081099125e-01 5.239555092437452564e-04 -6.112618115935877436e-03 -1.962090000000000015e-02 -4.724309794300877888e-04 9.999643754737400636e-01 8.427608936266458087e-03 -4.033649999999999736e-02 6.116816048943197331e-03 -8.424562542785033956e-03 9.999458041850999290e-01 2.676325299999999796e+00
9.999744826086029992e-01 -1.108524774977833941e-04 -7.142957607665163973e-03 -2.037660000000000166e-02 1.783424381213456343e-04 9.999553458587101540e-01 9.448517479584937762e-03 -4.073109999999999925e-02 7.141591253455631567e-03 -9.449550270541437480e-03 9.999298493764715579e-01 2.732782600000000173e+00
9.999651037518585417e-01 -1.416263406262060901e-05 -8.354105455084089027e-03 -2.088539999999999841e-02 9.863493964322823449e-05 9.999488761827358685e-01 1.011114691972055807e-02 -4.127560000000000257e-02 8.353535160849620556e-03 -1.011161808531598622e-02 9.999139831155543501e-01 2.789434200000000086e+00
9.999548715932040643e-01 1.447845381271923443e-03 -9.389276903511430822e-03 -2.148009999999999850e-02 -1.355288963969062625e-03 9.999505045397573122e-01 9.856554291889708594e-03 -4.182910000000000100e-02 9.403082943536512917e-03 -9.843384297931039376e-03 9.999073406154793675e-01 2.845378900000000044e+00
9.999469871865576120e-01 1.839912136752542204e-03 -1.013101869780584641e-02 -2.206740000000000090e-02 -1.745601683108603157e-03 9.999551367704468952e-01 9.310065583058215605e-03 -4.191160000000000024e-02 1.014769389024863105e-02 -9.291887306997832080e-03 9.999053380890532416e-01 2.901452299999999873e+00
9.999433040863017208e-01 1.145205513123133444e-03 -1.058664806738440073e-02 -2.267390000000000030e-02 -1.050741488845002023e-03 9.999596264863884754e-01 8.924199657453273093e-03 -4.250999999999999918e-02 1.059644068985247933e-02 -8.912569861447467573e-03 9.999041361766493052e-01 2.957494300000000020e+00
9.999398817342854962e-01 -4.803832167940458482e-04 -1.095454924623902662e-02 -2.337260000000000032e-02 5.723916189487206208e-04 9.999645764149610594e-01 8.397516482985206351e-03 -4.337520000000000264e-02 1.095012717085106294e-02 -8.403281931035849403e-03 9.999047352461781779e-01 3.013568600000000153e+00
9.999359295106956536e-01 -6.518713833090197720e-04 -1.130097063444712897e-02 -2.420419999999999863e-02 7.568908086149656479e-04 9.999565496813510590e-01 9.291171383169217687e-03 -4.363310000000000105e-02 1.129442295492991306e-02 -9.299129694074129496e-03 9.998929753713883262e-01 3.069788899999999821e+00
9.999362303258610973e-01 -1.878692082880883420e-04 -1.129158920910264437e-02 -2.532339999999999938e-02 3.089157283804801093e-04 9.999424992294112524e-01 1.071927263911879626e-02 -4.381630000000000247e-02 1.128892611275781298e-02 -1.072207722410069460e-02 9.998787912578309678e-01 3.125835400000000153e+00
9.999309104628638645e-01 4.619532737673061069e-04 -1.174567580350430879e-02 -2.610639999999999836e-02 -3.584246074471940900e-04 9.999610849070814655e-01 8.814771877568449224e-03 -4.405799999999999994e-02 1.174929073216537945e-02 -8.809952929820395393e-03 9.998921636339918040e-01 3.181550999999999796e+00
9.999247578022564253e-01 1.594162907996301724e-03 -1.216295106960297960e-02 -2.665980000000000086e-02 -1.497754498125984700e-03 9.999674243192324674e-01 7.931395326381344632e-03 -4.475280000000000230e-02 1.217519878942971943e-02 -7.912581436090830242e-03 9.998945722372208911e-01 3.237389100000000131e+00
9.999060474795264941e-01 5.955882412982252579e-03 -1.234599848345799798e-02 -2.863080000000000139e-02 -5.856143967359165280e-03 9.999500540303306595e-01 8.099075414653491081e-03 -4.576729999999999687e-02 1.239361899141575886e-02 -8.026014541564851709e-03 9.998909847072700030e-01 3.347383999999999915e+00
9.999009908149267822e-01 6.939060482711478794e-03 -1.224165049920949121e-02 -2.966279999999999958e-02 -6.831666465964066071e-03 9.999380042589676165e-01 8.792950124426183664e-03 -4.646340000000000192e-02 1.230190638175019356e-02 -8.708448668396472428e-03 9.998864065588473071e-01 3.401586500000000068e+00
9.999089092896031872e-01 9.830471832058136281e-03 -9.248510519816927067e-03 -3.140659999999999979e-02 -9.733214300624520518e-03 9.998974715001905933e-01 1.050290564099058341e-02 -4.734150000000000164e-02 9.350810801966383257e-03 -1.041193118900355513e-02 9.999020722182053733e-01 3.511416899999999952e+00
9.999739045482231026e-01 5.916777641973059582e-03 -4.145113378022893119e-03 -3.220830000000000221e-02 -5.904331428319212205e-03 9.999780437986218740e-01 3.008453268036171725e-03 -4.842590000000000089e-02 4.162822716112067264e-03 -2.983900637897185862e-03 9.999868835359878583e-01 3.618361199999999833e+00
9.999740025542677158e-01 7.001514224658446708e-03 -1.724243068466806963e-03 -3.239630000000000287e-02 -6.997184150683191661e-03 9.999723826977221508e-01 2.504646841692775502e-03 -4.902429999999999982e-02 1.741731770014642378e-03 -2.492516881001828957e-03 9.999953768543328181e-01 3.671597999999999917e+00
9.999815239306985015e-01 5.899225097977745837e-03 1.466608496254662901e-03 -3.273059999999999858e-02 -5.908263024763505018e-03 9.999630987795382620e-01 6.236465926601741580e-03 -4.984809999999999935e-02 -1.429764060294319268e-03 -6.245015809975310375e-03 9.999794775655473922e-01 3.724462299999999892e+00
9.999695677484150558e-01 6.250915492670676941e-03 4.667936648191086009e-03 -3.264059999999999878e-02 -6.285303736713495661e-03 9.999529481841197276e-01 7.388935973761450067e-03 -5.044119999999999854e-02 -4.621529398942637694e-03 -7.418050511460568160e-03 9.999618062669314300e-01 3.777520899999999848e+00
9.999388042575312330e-01 6.370772552524698110e-03 9.044390366562096023e-03 -3.269969999999999821e-02 -6.419784833781553776e-03 9.999648102361079482e-01 5.400430737706221965e-03 -5.094710000000000211e-02 -9.009667180684959031e-03 -5.458163294443631186e-03 9.999445156361149722e-01 3.830062400000000089e+00
9.999123880827551769e-01 5.101424549476565179e-03 1.221440240893763643e-02 -3.214009999999999784e-02 -5.132343036487688887e-03 9.999837011242828089e-01 2.501307805291835308e-03 -5.168289999999999690e-02 -1.220144309486709960e-02 -2.563777164067764305e-03 9.999222728957765094e-01 3.882401900000000072e+00
9.998700222593379650e-01 3.880108889287531802e-03 1.564874889945883779e-02 -3.153260000000000091e-02 -3.866038640174727925e-03 9.999920950603166103e-01 -9.292804266502084284e-04 -5.261419999999999986e-02 -1.565223090628675706e-02 8.686609729642114173e-04 9.998771189980147911e-01 3.934554799999999908e+00
9.998127941106627059e-01 3.441663624251104555e-03 1.904026481242253321e-02 -3.082539999999999933e-02 -3.401212466342056363e-03 9.999918906381769501e-01 -2.156481310661365145e-03 -5.335600000000000065e-02 -1.904753229130923958e-02 2.091317618617298101e-03 9.998163920961836704e-01 3.986309100000000161e+00
9.996357883088439200e-01 3.859953005613848964e-03 2.670938964017711276e-02 -2.888059999999999933e-02 -3.868543328049350166e-03 9.999924807196888255e-01 2.699566666799645045e-04 -5.540140000000000342e-02 -2.670814678474252996e-02 -3.731847763946317823e-04 9.996432041625888942e-01 4.089812300000000178e+00
9.995342354117322525e-01 3.373088049047308096e-03 3.033042230001267714e-02 -2.748329999999999870e-02 -3.318129546246518461e-03 9.999927611955627960e-01 -1.862141989297530931e-03 -5.645390000000000130e-02 -3.033648391290687946e-02 1.760634399116783530e-03 9.995381923219914810e-01 4.140889200000000159e+00
9.993207815916238523e-01 3.196830181437081836e-03 3.671179314467017812e-02 -2.416760000000000089e-02 -3.020495886018658392e-03 9.999836397167392033e-01 -4.857664404366393053e-03 -5.827029999999999710e-02 -3.672672165751448420e-02 4.743477169119388916e-03 9.993140884329798634e-01 4.243319500000000133e+00
9.992327898273545284e-01 2.087800911914562858e-03 3.910847505585262479e-02 -2.150749999999999884e-02 -1.949818252275809481e-03 9.999917408453697920e-01 -3.566013156150157296e-03 -5.933009999999999673e-02 -3.911559717842909983e-02 3.487022856098396812e-03 9.992286078415568706e-01 4.294468900000000033e+00
9.990093243425722802e-01 1.002925482901303794e-03 4.449004402192547475e-02 -1.721900000000000167e-02 -9.729849383571677725e-04 9.999992854003973974e-01 -6.946214827800304466e-04 -6.090009999999999868e-02 -4.449070888294374276e-02 6.506451954457332081e-04 9.990095862822953032e-01 4.396574000000000204e+00
9.988995734281790329e-01 -7.738759482998940542e-04 4.689395825710083315e-02 -1.503939999999999964e-02 7.577024166205498712e-04 9.999996471785219665e-01 3.626704834517847855e-04 -6.179130000000000039e-02 -4.689422237386946940e-02 -3.267397257186708029e-04 9.988998073626312868e-01 4.447304199999999597e+00
9.986706761729973181e-01 -2.915810739109668450e-03 5.146239986535890848e-02 -1.009220000000000082e-02 3.188538160634623534e-03 9.999813014037789438e-01 -5.218243689469862293e-03 -6.396910000000000096e-02 -5.144622217973422035e-02 5.375396779606878353e-03 9.986612996070766135e-01 4.549231500000000317e+00
9.985658283162736071e-01 -2.160158030957815001e-03 5.349411403430975182e-02 -7.587299999999999947e-03 2.598494901268087742e-03 9.999636079766074381e-01 -8.125918203736622394e-03 -6.474000000000000588e-02 -5.347461400779374846e-02 8.253268424510554549e-03 9.985351016449198758e-01 4.600677499999999753e+00
9.984499952932751610e-01 -2.258552348937663962e-03 5.561030336318878442e-02 -2.274400000000000206e-03 2.729468718968224017e-03 9.999610475261209164e-01 -8.393654208684967269e-03 -6.733830000000000371e-02 -5.558917969687042493e-02 8.532430588637040722e-03 9.984172678439006132e-01 4.703547499999999992e+00
9.985499810656599529e-01 -2.606810289129135334e-03 5.376932074972486791e-02 2.616100000000000109e-03 2.888777505891091963e-03 9.999824785736258770e-01 -5.166963350886159649e-03 -6.953950000000000409e-02 -5.375490934130352366e-02 5.314798760483181554e-03 9.985400155406111145e-01 4.807830799999999627e+00
9.987758816130407613e-01 -1.717488236238532730e-03 4.943468966476502469e-02 7.411499999999999685e-03 1.930986171801363921e-03 9.999890133542266302e-01 -4.271353795315469166e-03 -7.107180000000000442e-02 -4.942681054344448544e-02 4.361582854747368503e-03 9.987682248622569148e-01 4.912797900000000162e+00
9.989261773298246938e-01 -1.446831614239871408e-03 4.630765512853950161e-02 9.665800000000000433e-03 1.650329104551023730e-03 9.999891484391356666e-01 -4.356537365728635480e-03 -7.209240000000000093e-02 -4.630084944221203591e-02 4.428282088163990396e-03 9.989177251699347115e-01 4.965692999999999913e+00
9.992522350656607433e-01 1.601935262991745050e-04 3.866451932089291083e-02 1.335380000000000074e-02 2.623336291977384094e-06 9.999911340028139195e-01 -4.210927318807500090e-03 -7.421859999999999569e-02 -3.866485108466959780e-02 4.207879965054191380e-03 9.992433752779149581e-01 5.071708700000000292e+00
9.995396555096112134e-01 1.075459324317933150e-03 3.032029767283593580e-02 1.645200000000000135e-02 -1.005899832432354587e-03 9.999968276081460106e-01 -2.309315736555331636e-03 -7.638150000000000495e-02 -3.032268506011225745e-02 2.277753473431035243e-03 9.995375663825044610e-01 5.177832099999999826e+00
9.996666488305107068e-01 9.427699444256635274e-04 2.580120928965073945e-02 1.776149999999999951e-02 -8.962759412466515634e-04 9.999979539264928219e-01 -1.813513789618127064e-03 -7.723109999999999697e-02 -2.580286622477460934e-02 1.789784249534089131e-03 9.996654484210838465e-01 5.231002799999999731e+00
9.998704345869722232e-01 2.106406928505637731e-03 1.595860547512406233e-02 1.917249999999999857e-02 -2.077855891241188468e-03 9.999962114467982888e-01 -1.805438158829676546e-03 -7.905449999999999977e-02 -1.596234800254494116e-02 1.772044554086451380e-03 9.998710233346818077e-01 5.338293099999999569e+00
9.999727959195700011e-01 3.629394550935636718e-03 6.421441893508324575e-03 1.961500000000000049e-02 -3.610548601708099027e-03 9.999891483145973980e-01 -2.944009483810513823e-03 -8.084879999999999844e-02 -6.432057182019510280e-03 2.920744466690173343e-03 9.999750486347984690e-01 5.446252799999999894e+00
9.999728425273373134e-01 7.333471435600575836e-03 7.310297533891013319e-04 1.922530000000000072e-02 -7.331211288380060087e-03 9.999684813366608305e-01 -3.047896700576252418e-03 -8.294079999999999508e-02 -7.533583757007504371e-04 3.042454593824739807e-03 9.999950879485369759e-01 5.554261200000000009e+00
9.999642546984151004e-01 8.455092839769891636e-03 -2.702802179106132539e-05 1.856419999999999945e-02 -8.455136019973328795e-03 9.999593594727455015e-01 -3.128909992338493526e-03 -8.404490000000000571e-02 5.716988854994216860e-07 3.129026674107780043e-03 9.999951045838902930e-01 5.608631599999999828e+00
9.999441111646110159e-01 1.046261761190287604e-02 -1.519269536054761952e-03 1.841020000000000156e-02 -1.046667141671325796e-02 9.999416173149061615e-01 -2.685284175702252248e-03 -8.529449999999999532e-02 1.491085735510199253e-03 2.701035793324291310e-03 9.999952405231599117e-01 5.663305300000000209e+00
9.999272065999856851e-01 1.166735864186400039e-02 -3.074775353042068313e-03 1.767729999999999996e-02 -1.167220903407301287e-02 9.999306538731668192e-01 -1.564282917505608987e-03 -8.717600000000000349e-02 3.056311079464573300e-03 1.600058468686982142e-03 9.999940493700361088e-01 5.773085599999999928e+00
9.998602142928941783e-01 1.611543143864328440e-02 -4.454743956062924733e-03 1.603500000000000064e-02 -1.609979473363811267e-02 9.998641798656491275e-01 3.523979444830879163e-03 -8.867669999999999719e-02 4.510929361274674566e-03 -3.451766379588828895e-03 9.999838682824629954e-01 5.882469699999999690e+00
9.998719922832415286e-01 1.510027250536982030e-02 -5.289689764546402079e-03 1.471729999999999913e-02 -1.509315354576809196e-02 9.998851351893861539e-01 1.383164251578378016e-03 -9.010269999999999391e-02 5.309968322451910638e-03 -1.303149096054854583e-03 9.999850529077162209e-01 5.993075799999999731e+00
9.999255407081808489e-01 9.869478817137806309e-03 -7.176797846538733594e-03 1.382060000000000059e-02 -9.839310797162645339e-03 9.999426595137036466e-01 4.226777460210869551e-03 -9.155190000000000550e-02 7.218102416068468419e-03 -4.155847992814002724e-03 9.999653133609044398e-01 6.103921399999999942e+00
9.999610363843752792e-01 4.677712615880976095e-03 -7.486302008965719026e-03 1.253289999999999960e-02 -4.622934794851666675e-03 9.999625389700661504e-01 7.317727134943393698e-03 -9.297690000000000121e-02 7.520251788920765887e-03 -7.282833323794045237e-03 9.999452015744708655e-01 6.215379699999999730e+00
9.999710986477949870e-01 -1.954655433489371156e-03 -7.347189344102523015e-03 1.181469999999999916e-02 1.984907952057622573e-03 9.999895735668542507e-01 4.112529392329875369e-03 -9.394320000000000448e-02 7.339074161201915650e-03 -4.126994029223837041e-03 9.999645523271007974e-01 6.326389800000000285e+00
9.999689829579547773e-01 -3.712852943818461746e-03 -6.946066876378808805e-03 1.088090000000000064e-02 3.738676483452114084e-03 9.999861347977954118e-01 3.708437719249604945e-03 -9.489809999999999912e-02 6.932201683854158011e-03 -3.734291791364148082e-03 9.999689993417952838e-01 6.438181400000000387e+00
9.999763745091201361e-01 -2.993909277612146272e-03 -6.187643399011195228e-03 1.015429999999999978e-02 3.029630077761022618e-03 9.999787545491967133e-01 5.771636841431310172e-03 -9.544229999999999381e-02 6.170232182651204378e-03 -5.790246754229854548e-03 9.999641999978485796e-01 6.494248400000000032e+00
9.999876865242879331e-01 -4.584365936401429021e-04 -4.941319225865428363e-03 8.939600000000000671e-03 4.867566264036937533e-04 9.999834558262539197e-01 5.731591556372364268e-03 -9.685420000000000140e-02 4.938609904512381715e-03 -5.733926200435309276e-03 9.999713657013079571e-01 6.605063000000000351e+00
9.999913630928132235e-01 -3.447529979948250542e-04 -4.141845620952111680e-03 8.029700000000000726e-03 3.508452912328218409e-04 9.999988575971479055e-01 1.470276157996396309e-03 -9.843349999999999322e-02 4.141334007182512385e-03 -1.471716606390805274e-03 9.999903416547939461e-01 6.715565699999999971e+00
9.999944455530447307e-01 -1.075054154529189775e-03 -3.154856830914866579e-03 6.882899999999999956e-03 1.056533747278017585e-03 9.999822352681672077e-01 -5.866249612886590900e-03 -1.007162000000000057e-01 3.161107321747133950e-03 5.862883816404597728e-03 9.999778167508796001e-01 6.825572499999999820e+00
9.999935013694528640e-01 -1.883982790808784316e-03 -3.073731885826207211e-03 6.301700000000000357e-03 1.862789164252296121e-03 9.999745738551168994e-01 -6.883433722121911312e-03 -1.029236000000000040e-01 3.086622003348096777e-03 6.877663274778521123e-03 9.999715848525333461e-01 6.934590799999999611e+00
9.999938840934540218e-01 -1.565553304852769891e-03 -3.127430021149843649e-03 5.938999999999999835e-03 1.546427464818992932e-03 9.999801465923712218e-01 -6.108599118928358628e-03 -1.044319999999999971e-01 3.136931268545462698e-03 6.103725415628014593e-03 9.999764518218751119e-01 6.989206300000000205e+00
9.999930118163262716e-01 -1.658031516825868583e-04 -3.734812957497963843e-03 5.069899999999999581e-03 1.481954197552482464e-04 9.999888767780512611e-01 -4.714271766554751011e-03 -1.068753000000000064e-01 3.735553055461283533e-03 4.713685340183815589e-03 9.999819132433763746e-01 7.098107800000000189e+00
9.999905049967526827e-01 -1.921150161227593500e-04 -4.353505272781609502e-03 4.812499999999999938e-03 1.694829219124139642e-04 9.999864740523590756e-01 -5.198363960894058014e-03 -1.079067999999999972e-01 4.354445071273394495e-03 5.197576757617176219e-03 9.999770117377548839e-01 7.152273700000000289e+00
9.999881507469241537e-01 3.887743002168674673e-04 -4.852547814338402724e-03 4.111000000000000071e-03 -4.124210018415509467e-04 9.999880418201892995e-01 -4.872999645047403766e-03 -1.092416999999999971e-01 4.850595289672137919e-03 4.874943196272444115e-03 9.999763530474953255e-01 7.205702299999999560e+00
9.999846796367589663e-01 -1.737466460436130965e-04 -5.532657939133992647e-03 3.641899999999999998e-03 1.526515280116017394e-04 9.999927187227295455e-01 -3.813030164425320820e-03 -1.102907999999999944e-01 5.533280155519827714e-03 3.812127178729778597e-03 9.999774249937313231e-01 7.259995899999999835e+00
9.999813492212568100e-01 9.816121781095845690e-04 -6.028071596009457363e-03 2.971699999999999862e-03 -1.002375534736043867e-03 9.999935725780185747e-01 -3.442389568095251522e-03 -1.115436000000000066e-01 6.024653759527736317e-03 3.448367756338545972e-03 9.999759058631837449e-01 7.314132200000000417e+00
9.999762880212503813e-01 1.487024307300901724e-03 -6.723998360424491595e-03 2.533699999999999841e-03 -1.516150911753154709e-03 9.999894816869900893e-01 -4.328718262705263421e-03 -1.127988999999999936e-01 6.717490726028957880e-03 4.338810216474589358e-03 9.999680245109097143e-01 7.368091599999999630e+00
9.999712981842976411e-01 2.091613418634207140e-03 -7.282029999770681800e-03 1.628300000000000060e-03 -2.132339765958704038e-03 9.999821054037791868e-01 -5.589454297823188630e-03 -1.139610999999999957e-01 7.270208713171999113e-03 5.604821632481471125e-03 9.999578641321518191e-01 7.421966600000000192e+00
9.999646809030487971e-01 2.307886656918080575e-03 -8.081497735104884936e-03 9.619999999999999645e-04 -2.350855862983830449e-03 9.999831304262734033e-01 -5.311528930739871715e-03 -1.153478000000000003e-01 8.069102996935932984e-03 5.330339768666869649e-03 9.999532374340188712e-01 7.476405599999999652e+00
9.999587816736916768e-01 2.048345722436400659e-03 -8.845294425154600834e-03 4.005999999999999795e-04 -2.104790298973966724e-03 9.999774533683248867e-01 -6.376724299911993958e-03 -1.165994000000000058e-01 8.832033257616256003e-03 6.395078951906655283e-03 9.999405473095565045e-01 7.530509000000000341e+00
9.999515701682344382e-01 2.397185577388490779e-03 -9.545198761170037988e-03 -4.694000000000000256e-04 -2.470719589342823368e-03 9.999673065153877882e-01 -7.699444465110257332e-03 -1.176962000000000008e-01 9.526429698135552293e-03 7.722655091873517619e-03 9.999248010403274378e-01 7.584420200000000278e+00
9.999342720264901008e-01 3.345642693675413785e-03 -1.096623462358306371e-02 -2.121800000000000075e-03 -3.412214749825521771e-03 9.999758310785634707e-01 -6.057561327566642582e-03 -1.203353999999999951e-01 1.094570314572292959e-02 6.094582323868807071e-03 9.999215207449748677e-01 7.692543999999999826e+00
9.999275405843952580e-01 3.124000717762684832e-03 -1.162558387169790319e-02 -3.024999999999999911e-03 -3.189060572935134303e-03 9.999793356954806978e-01 -5.581941838391220150e-03 -1.216736999999999957e-01 1.160790564678292058e-02 5.618612065310253124e-03 9.999168404047182879e-01 7.746835700000000102e+00
9.999141033211046414e-01 3.365822042377842205e-03 -1.266717101527393800e-02 -3.532599999999999889e-03 -3.432008799428385316e-03 9.999805542701996064e-01 -5.206956602953774146e-03 -1.228825000000000056e-01 1.264939900358111151e-02 5.249983185062713151e-03 9.999062107924946430e-01 7.801167500000000032e+00
9.998945898391902176e-01 4.324901388091689780e-03 -1.386017454077607784e-02 -5.420600000000000245e-03 -4.404832041293438305e-03 9.999738153964167209e-01 -5.741600492995179751e-03 -1.254561999999999899e-01 1.383497976165811057e-02 5.802047010879037535e-03 9.998874584599398707e-01 7.909927399999999942e+00
9.998802492496097205e-01 5.223807654476544590e-03 -1.456705166214090040e-02 -7.892800000000000163e-03 -5.308632430748904188e-03 9.999691438941206156e-01 -5.790481963933208527e-03 -1.279896000000000089e-01 1.453635381564616184e-02 5.867119672246941774e-03 9.998771281134987143e-01 8.017169000000000878e+00
9.998742213391181854e-01 4.057358123383598102e-03 -1.533229749746346793e-02 -9.858999999999999708e-03 -4.187508399745998831e-03 9.999553940801652052e-01 -8.466086662883733419e-03 -1.306466000000000016e-01 1.529726364073549436e-02 8.529225934398398587e-03 9.998466112509787340e-01 8.124485999999999208e+00
9.998779842458658251e-01 1.642282688728959180e-03 -1.553446259110296407e-02 -1.162389999999999951e-02 -1.719604329174345128e-03 9.999861938905976189e-01 -4.965379053730300390e-03 -1.331203999999999998e-01 1.552609356455000519e-02 4.991486328383554563e-03 9.998670038974475371e-01 8.232555400000000745e+00
9.998744334873920225e-01 6.495038530332522759e-04 -1.583336360385259600e-02 -1.255700000000000045e-02 -6.524552733741245799e-04 9.999997707270184000e-01 -1.812402464217201801e-04 -1.345957999999999877e-01 1.583324225745173786e-02 1.915480502946163616e-04 9.998746280154133803e-01 8.286073699999999320e+00
9.998758552479483086e-01 1.337013496322920440e-03 -1.569988812362952887e-02 -1.367449999999999916e-02 -1.350502763701851711e-03 9.999987279885336200e-01 -8.486245341221017703e-04 -1.356254000000000071e-01 1.569873353073638136e-02 8.697219241404998595e-04 9.998763890348174588e-01 8.339201900000000833e+00
9.998734085160069229e-01 3.039753257643701152e-03 -1.561815746862948474e-02 -1.471480000000000010e-02 -3.103639193141236128e-03 9.999869097914664273e-01 -4.067882676810049940e-03 -1.365417999999999910e-01 1.560558766407276442e-02 4.115840843149572680e-03 9.998697542619302547e-01 8.391961099999999618e+00
9.998668864431647929e-01 2.969058396021466602e-03 -1.604350605984895817e-02 -1.576899999999999830e-02 -3.065912995348979951e-03 9.999772050389057476e-01 -6.015777595890912932e-03 -1.377435999999999938e-01 1.602527915377283119e-02 6.064164808057844955e-03 9.998531973911091164e-01 8.444904299999999253e+00
9.998720053116253448e-01 3.080552660845579938e-03 -1.569978310081939291e-02 -1.721050000000000010e-02 -3.174419366175193838e-03 9.999772156994548578e-01 -5.957444389461527372e-03 -1.388591000000000131e-01 1.568107317107693757e-02 6.006519563743379329e-03 9.998590028933748153e-01 8.497009300000000209e+00
9.998720234924302064e-01 3.039693987612575917e-03 -1.570658771390696581e-02 -1.894509999999999944e-02 -3.077705635594145481e-03 9.999923922195119719e-01 -2.396503936643009595e-03 -1.415378999999999943e-01 1.569918358302791958e-02 2.444537493961865867e-03 9.998737719688756131e-01 8.602893800000000368e+00
9.999023877789435799e-01 2.463941630141698244e-03 -1.375295988543554122e-02 -2.082550000000000026e-02 -2.493934438977359405e-03 9.999945484627590364e-01 -2.164101609645425160e-03 -1.437221999999999944e-01 1.374755269061468839e-02 2.198189347176878090e-03 9.999030816827262358e-01 8.708120299999999148e+00
9.999363808228388661e-01 1.042380555333400662e-03 -1.123155152685844337e-02 -2.236459999999999837e-02 -1.100378347335852301e-03 9.999860874368402541e-01 -5.158885563065890127e-03 -1.461455000000000115e-01 1.122601774519031530e-02 5.170916315118441985e-03 9.999236161577776949e-01 8.811824800000000124e+00
9.999637480655628741e-01 5.872519167327114493e-04 -8.494568256114909746e-03 -2.381650000000000086e-02 -6.283335261493571723e-04 9.999881170047858481e-01 -4.834360992155835139e-03 -1.488186999999999982e-01 8.491628327442156052e-03 4.839523159243582819e-03 9.999522344911979665e-01 8.915276499999999160e+00
9.999734613279225304e-01 -2.351516258838450620e-04 -7.281575623906069369e-03 -2.444270000000000123e-02 2.112448190213307350e-04 9.999945860461847413e-01 -3.283786525673074424e-03 -1.498695999999999917e-01 7.282308389532506435e-03 3.282161183214434962e-03 9.999680971923490258e-01 8.966626200000000324e+00
9.999882308671824704e-01 5.107297435789522316e-04 -4.824653588764088626e-03 -2.560039999999999885e-02 -5.232663551171768627e-04 9.999964894746853350e-01 -2.597543190638988003e-03 -1.523024000000000044e-01 4.823310009127840768e-03 2.600037198706274012e-03 9.999849876308749552e-01 9.069088900000000564e+00
9.999953218979399372e-01 6.339565020180930842e-04 -2.992370530040152233e-03 -2.621640000000000081e-02 -6.412410478624883548e-04 9.999968321206876842e-01 -2.434041599426583092e-03 -1.544957000000000136e-01 2.990817974073316145e-03 2.435949043545838130e-03 9.999925605523789507e-01 9.169935199999999398e+00
9.999985304379467310e-01 1.151946494896835581e-03 -1.269701232491083059e-03 -2.702260000000000079e-02 -1.155250663071730579e-03 9.999959405490691511e-01 -2.604665292906170170e-03 -1.565364999999999951e-01 1.266695643146690392e-03 2.606128288379632330e-03 9.999958017799335241e-01 9.269637100000000629e+00
9.999999668186994040e-01 -2.453142463444686629e-06 -2.575977138220064753e-04 -2.773259999999999961e-02 1.946855414478439564e-06 9.999980685989658946e-01 -1.965399335466848797e-03 -1.586638999999999966e-01 2.576020377020830508e-04 1.965398768746838467e-03 9.999980354225052048e-01 9.366322500000000773e+00
9.999989954510265511e-01 -6.423129314365930284e-04 -1.263539091590977579e-03 -2.829979999999999996e-02 6.412867257002211876e-04 9.999994643743088663e-01 -8.124053365800743432e-04 -1.611149000000000053e-01 1.264060233260231886e-03 8.115942296322868274e-04 9.999988717326301346e-01 9.461140600000000234e+00
9.999983016341242870e-01 5.025017251659898978e-04 -1.773195105794501828e-03 -2.921730000000000160e-02 -5.066971146378158051e-04 9.999970718184453267e-01 -2.366350052122301838e-03 -1.633452999999999988e-01 1.772000818573762080e-03 2.367244506037919152e-03 9.999956280737168912e-01 9.552879300000000740e+00
9.999938871258319262e-01 -1.482024766528177763e-04 -3.493386178888900889e-03 -2.985149999999999956e-02 1.381968053229663156e-04 9.999958884984979646e-01 -2.864242961541086686e-03 -1.652785999999999977e-01 3.493796303727014860e-03 2.863742677974593850e-03 9.999897961305717065e-01 9.642322500000000574e+00
9.999859943453217603e-01 -9.336279080087368006e-04 -5.209553927881320837e-03 -3.033879999999999910e-02 9.243648588237631924e-04 9.999979881930659564e-01 -1.780213309866931918e-03 -1.665253999999999901e-01 5.211205504092906310e-03 1.775372848232979620e-03 9.999848455793937108e-01 9.685698500000000877e+00
9.999716466068330201e-01 -1.853667078634771252e-03 -7.298623211310846168e-03 -3.069370000000000084e-02 1.851106589454006371e-03 9.999982227768133836e-01 -3.575578404339326173e-04 -1.672159000000000006e-01 7.299273033225963866e-03 3.440371729355034278e-04 9.999733007693806242e-01 9.728714000000000084e+00
9.999218095006823237e-01 -1.499218362010056125e-03 -1.241479879757072594e-02 -3.168100000000000083e-02 1.513122265881610123e-03 9.999982384807962754e-01 1.110628791719889090e-03 -1.690766999999999964e-01 1.241311185358631025e-02 -1.129327059587152335e-03 9.999223166198977220e-01 9.813701599999999914e+00
