9.999999998897400877e-01 1.040019927575079135e-05 -1.059980447566923815e-05 -8.249999999999999955e-05 -1.039980071575095494e-05 9.999999992390400383e-01 3.760005510463774379e-05 -2.050999999999999980e-04 1.060019551566907778e-05 -3.759994486463779452e-05 9.999999992369400514e-01 -1.673000000000000008e-04
9.999982714328858879e-01 6.618742734430980382e-04 1.737542427226297648e-03 -2.002999999999999898e-04 -6.605250455433136093e-04 9.999994800088077840e-01 -7.769741168385501653e-04 -1.238799999999999971e-03 -1.738055782898605822e-03 7.758250834957661343e-04 9.999981886271270826e-01 5.755529999999999674e-02
9.999934351438832802e-01 1.061404176823608223e-03 3.464547634162712473e-03 -6.470999999999999539e-04 -1.059792351761311207e-03 9.999993293582574161e-01 -4.670366222411796893e-04 -2.097400000000000132e-03 -3.465041025314025917e-03 4.633618551279551244e-04 9.999938893745721202e-01 1.157421000000000005e-01
9.999906607139693593e-01 2.502028923405853083e-04 4.314612769613423125e-03 -4.996999999999999489e-04 -2.509959157586546760e-04 9.999999517086037848e-01 1.832589435685247456e-04 -3.288300000000000077e-03 -4.314566709337019391e-03 -1.843401822440862096e-04 9.999906752229282825e-01 1.737294000000000060e-01
9.999860509181390800e-01 -8.393881595114843915e-05 5.281185796782234682e-03 -4.642000000000000076e-04 8.446059852315288832e-05 9.999999915744597345e-01 -9.857731794793089743e-05 -4.136299999999999873e-03 -5.281177477822043831e-03 9.902199499816141800e-05 9.999860495822390227e-01 2.315814999999999957e-01
9.999802840885599897e-01 -3.144003206259929714e-05 6.279366662903251156e-03 -3.787999999999999918e-04 3.055966023796972091e-05 9.999999896914806286e-01 1.402966348961329137e-04 -5.217600000000000189e-03 -6.279371009102977658e-03 -1.401019735083759959e-04 9.999802747410405646e-01 2.898377999999999788e-01
9.999757494381074086e-01 1.644542791033111223e-04 6.962290606216776749e-03 -7.969999999999999925e-05 -1.587437191572559168e-04 9.999996505787326351e-01 -8.207574819581085973e-04 -6.233800000000000278e-03 -6.962423150524384326e-03 8.196323582233090233e-04 9.999754261313976711e-01 3.478749999999999898e-01
9.999721909086848326e-01 2.343461119783141222e-04 7.454025166613540213e-03 2.702000000000000083e-04 -2.264506232204504003e-04 9.999994125055912120e-01 -1.060051219344423706e-03 -7.279700000000000060e-03 -7.454269206297183675e-03 1.058333771638785481e-03 9.999716564984368894e-01 4.059169000000000249e-01
9.999720859698680853e-01 -5.146927476680722814e-04 7.454017201903703239e-03 7.406000000000000040e-04 5.109000507906913185e-04 9.999997390793656793e-01 5.107076841548818368e-04 -8.389900000000000482e-03 -7.454278114538018772e-03 -5.068851704781503643e-04 9.999720880130680278e-01 4.634122999999999992e-01
9.999802940224806758e-01 -8.456739676838187286e-04 6.220643234715370930e-03 7.056999999999999688e-04 8.379173758468245635e-04 9.999988684313071419e-01 1.249412092371057076e-03 -9.141399999999999179e-03 -6.221692790911664307e-03 -1.244175086429140462e-03 9.999798710809982838e-01 5.214240999999999460e-01
9.999903936303652374e-01 -2.005852992432576899e-03 3.897332518534149959e-03 7.468000000000000463e-04 2.001737061226359880e-03 9.999974350356569675e-01 1.059703187063351952e-03 -1.025470000000000027e-02 -3.899448130824068829e-03 -1.051891572220561193e-03 9.999918438809365373e-01 5.791808000000000511e-01
9.999989825611924621e-01 -1.407448722191640637e-03 2.323029796823781220e-04 7.447999999999999976e-04 1.407350564987050988e-03 9.999989205705694939e-01 4.221635737601703731e-04 -1.218920000000000073e-02 -2.328969025101496905e-04 -4.218362125048630762e-04 9.999998839066145395e-01 6.943776999999999866e-01
9.999996793489420721e-01 -1.142298958713617885e-04 -7.926244659240863329e-04 4.548999999999999984e-04 1.145700797891918509e-04 9.999999013500006084e-01 4.291546176225515224e-04 -1.338109999999999994e-02 7.925753654443994664e-04 -4.292452910619731624e-04 9.999995937863025430e-01 7.521193999999999935e-01
9.999982912356151221e-01 -1.045715752232636219e-03 -1.524468568242274159e-03 -1.846999999999999901e-04 1.047083084956579183e-03 9.999990500396528370e-01 8.964021447381236409e-04 -1.528619999999999979e-02 1.523529738214496072e-03 -8.979968582494185546e-04 9.999984362281669759e-01 8.680417999999999745e-01
9.999970609385153697e-01 -1.433974983418756337e-03 -1.954950147191969554e-03 -6.156000000000000014e-04 1.436022594293416901e-03 9.999984214449916253e-01 1.046396977075426645e-03 -1.610719999999999860e-02 1.953446554107772428e-03 -1.049201254232458693e-03 9.999975416086223090e-01 9.255278000000000116e-01
9.999961692333374508e-01 -9.811447491876921188e-04 -2.588218234862829474e-03 -1.023999999999999954e-03 9.812534535968424516e-04 9.999995177412394076e-01 4.073019050845685398e-05 -1.701290000000000094e-02 2.588177024459360417e-03 -4.326973256222237183e-05 9.999966497280979860e-01 9.836994000000000016e-01
9.999950642932610156e-01 -1.537332023757835087e-03 -2.740072875942097582e-03 -1.699599999999999896e-03 1.535464030767946407e-03 9.999985874482174575e-01 -6.837044537795037040e-04 -1.804839999999999917e-02 2.741120086198853712e-03 6.794937958721317421e-04 9.999960122664761641e-01 1.040953000000000017e+00
9.999939610622604613e-01 -5.916737570782268493e-04 -3.424581897911851969e-03 -2.194600000000000110e-03 5.915244445212050660e-04 9.999998240542434802e-01 -4.461293039013176416e-05 -1.919289999999999885e-02 3.424607691671337044e-03 4.258693707054307735e-05 9.999941351070569251e-01 1.099225799999999920e+00
9.999897555030929919e-01 -4.223565178213386302e-04 -4.506717634385874055e-03 -2.496799999999999974e-03 4.208413315863560066e-04 9.999998546114927667e-01 -3.371491760046462622e-04 -2.000060000000000032e-02 4.506859376312889048e-03 3.352491090306168662e-04 9.999897878611545554e-01 1.157425799999999949e+00
9.999863799639866491e-01 -1.547849570925173145e-04 -5.216888741240727038e-03 -3.210100000000000019e-03 1.484139565833388161e-04 9.999992428439871128e-01 -1.221591073214149540e-03 -2.082310000000000064e-02 5.217073875163899706e-03 1.220800176000596008e-03 9.999856457905340612e-01 1.214934299999999912e+00
9.999813683680218723e-01 -3.388498708351452135e-04 -6.094923919424620994e-03 -3.702299999999999949e-03 3.371469280656462248e-04 9.999999038458330380e-01 -2.804287318027093518e-04 -2.203139999999999959e-02 6.095018356611838807e-03 2.783686220815544295e-04 9.999813864578394051e-01 1.272553199999999940e+00
9.999756667694201795e-01 -1.555362936662728303e-03 -6.800493745946016230e-03 -4.339499999999999608e-03 1.567016764284450683e-03 9.999973124295516991e-01 1.708681402121238089e-03 -2.320149999999999990e-02 6.797817849416566000e-03 -1.719296312088001858e-03 9.999754165441655518e-01 1.330234799999999940e+00
9.999603653401950565e-01 -2.636691870630113177e-03 -8.503858223369522087e-03 -5.826600000000000355e-03 2.644055295393892696e-03 9.999961391659389909e-01 8.547659392354064155e-04 -2.520879999999999996e-02 8.501571636980771382e-03 -8.772167322449709280e-04 9.999634762182596504e-01 1.445682899999999993e+00
9.999463961299948078e-01 -1.997477273161804047e-03 -1.015947593032084234e-02 -7.115200000000000344e-03 2.001668958894538275e-03 9.999979156806331204e-01 4.024372850209331884e-04 -2.739899999999999974e-02 1.015865089539770214e-02 -4.227516204333811221e-04 9.999483102106092591e-01 1.559961900000000012e+00
9.999414913675530592e-01 -2.192059219447509318e-03 -1.059286165359116239e-02 -7.985900000000000637e-03 2.201875884367470587e-03 9.999971571165768847e-01 9.151510006439213382e-04 -2.832849999999999951e-02 1.059082547413221775e-02 -9.384216230318745107e-04 9.999434752927955916e-01 1.617051800000000039e+00
9.999212500887919575e-01 -3.799776249715522500e-03 -1.196057362001467540e-02 -9.374199999999999200e-03 3.813672141346494560e-03 9.999920790157743600e-01 1.139214864527729725e-03 -3.037029999999999938e-02 1.195615011891414635e-02 -1.184738857867474824e-03 9.999278208291699777e-01 1.731485500000000011e+00
9.999104969470248294e-01 -4.372465804797524488e-03 -1.264435201739259884e-02 -1.018070000000000086e-02 4.386536572528966851e-03 9.999897901680502299e-01 1.085291000947428497e-03 -3.140420000000000017e-02 1.263947752289349205e-02 -1.140658776649700187e-03 9.999194680100511601e-01 1.788375599999999954e+00
9.999052326508055533e-01 -4.883411206817817041e-03 -1.287159712403153876e-02 -1.092790000000000081e-02 4.903953681578724841e-03 9.999867511145831278e-01 1.564874943751032570e-03 -3.202089999999999798e-02 1.286378466187852905e-02 -1.627848360804985163e-03 9.999159330433168291e-01 1.845542100000000074e+00
9.999085953018310713e-01 -4.116023348209305044e-03 -1.287864097317771052e-02 -1.247610000000000038e-02 4.161774160440796094e-03 9.999851174607335969e-01 3.527675279886280900e-03 -3.372359999999999941e-02 1.286392931248081690e-02 -3.580950829015850170e-03 9.999108440825130728e-01 1.959789199999999898e+00
9.999124525775517913e-01 -3.632468946099225680e-03 -1.272369245545516662e-02 -1.364579999999999960e-02 3.674161091160134569e-03 9.999879530373336767e-01 3.254891776934031207e-03 -3.473670000000000230e-02 1.271171588030455164e-02 -3.301355715304333735e-03 9.999137529456325613e-01 2.016765599999999825e+00
9.999315240883336342e-01 8.608047179024932646e-04 -1.167073903486900988e-02 -1.586919999999999997e-02 -8.039618752044960705e-04 9.999877970526325210e-01 4.874360586396167191e-03 -3.612660000000000177e-02 1.167479249004435560e-02 -4.864643980871727683e-03 9.999200140307492601e-01 2.130917100000000008e+00
9.999468688350515722e-01 -6.444299341108798663e-05 -1.030802377165053810e-02 -1.664569999999999939e-02 1.507522735468329810e-04 9.999649389682725431e-01 8.372461282736285218e-03 -3.719449999999999840e-02 1.030712281523475660e-02 -8.373570402134199522e-03 9.999118193810853095e-01 2.187746499999999816e+00
9.999748722720798177e-01 1.257453495553580115e-03 -6.976649277697309290e-03 -1.822949999999999918e-02 -1.156468265878116955e-03 9.998947807173682589e-01 1.445994727915411726e-02 -3.779640000000000083e-02 6.994097910916829280e-03 -1.445151566004132873e-02 9.998711098384330809e-01 2.301886800000000122e+00
9.999842808588425003e-01 3.809371849400705569e-04 -5.594007694387390268e-03 -1.866169999999999982e-02 -2.946401168597320534e-04 9.998810701528416667e-01 1.541942726594521494e-02 -3.775640000000000246e-02 5.599216233123371043e-03 -1.541753666671066315e-02 9.998654651205358679e-01 2.359026899999999927e+00
9.999914438947860029e-01 -1.151596928899375561e-03 -3.973155135972942023e-03 -1.904279999999999862e-02 1.207140238366229525e-03 9.999011868663724156e-01 1.400568868941489548e-02 -3.794680000000000275e-02 3.956633627981716306e-03 -1.401036501070677953e-02 9.998940217456051549e-01 2.415941999999999812e+00
9.999952769127995467e-01 -2.114202830192203966e-04 -3.066178983246836080e-03 -1.929499999999999965e-02 2.497701213631654642e-04 9.999216858356028137e-01 1.251238628609259267e-02 -3.829729999999999940e-02 3.063293485752019690e-03 -1.251309302889784363e-02 9.999170159247567913e-01 2.472855299999999978e+00
9.999974174281129891e-01 -7.386284334927271572e-06 -2.272681796291479289e-03 -1.967189999999999911e-02 3.421296571776114053e-05 9.999303278489543034e-01 1.180416356019759264e-02 -3.819700000000000178e-02 2.272436264753697338e-03 -1.180421083028101656e-02 9.999277457097072164e-01 2.529599399999999942e+00
9.999960723128855644e-01 -4.498161992769326468e-04 -2.766409982087339025e-03 -1.955099999999999894e-02 4.813677417994341760e-04 9.999347290767566232e-01 1.141515971375078008e-02 -3.865459999999999730e-02 2.761094692197159795e-03 -1.141644653910103314e-02 9.999310181730141078e-01 2.586746900000000071e+00
9.999933228853882250e-01 -1.038919487511634271e-03 -3.503545481108178306e-03 -1.998499999999999929e-02 1.074649401985581761e-03 9.999472807326722501e-01 1.021180121218249158e-02 -3.881830000000000003e-02 3.492751537475433186e-03 -1.021549810987150593e-02 9.999417204442790919e-01 2.643294299999999986e+00
9.999857586038946033e-01 -6.442176344338610122e-04 -5.297883825909245267e-03 -2.043299999999999977e-02 7.005585196752227729e-04 9.999431521156547653e-01 1.063963132673817653e-02 -3.914100000000000218e-02 5.290728414297675777e-03 -1.064319128118452855e-02 9.999293628412949664e-01 2.700079699999999860e+00
9.999789856713637848e-01 -1.249712063061642108e-03 -6.361323402402935083e-03 -2.121309999999999862e-02 1.323431174065452720e-03 9.999318691254439617e-01 1.159765654016622904e-02 -3.940620000000000234e-02 6.346396268594703578e-03 -1.160583159689933599e-02 9.999125101364351176e-01 2.757185000000000219e+00
9.999710623394514331e-01 -1.151975918862462207e-03 -7.519802869172892423e-03 -2.172150000000000122e-02 1.244761036065043791e-03 9.999230132588365905e-01 1.234577358174272083e-02 -3.992199999999999915e-02 7.505001910189906811e-03 -1.235477668154804157e-02 9.998955117608424592e-01 2.814847499999999947e+00
9.999649263281166212e-01 5.502217008827343128e-05 -8.375146933937111654e-03 -2.242879999999999874e-02 4.742237863685182649e-05 9.999251939690565472e-01 1.223128027078838539e-02 -4.054900000000000171e-02 8.375193414019873467e-03 -1.223124844426649524e-02 9.998901203116131731e-01 2.871509300000000042e+00
9.999582151341481762e-01 2.273347209811711839e-04 -9.138725548635274684e-03 -2.293999999999999859e-02 -1.198556397413571352e-04 9.999308455435497178e-01 1.175966688250411861e-02 -4.057630000000000264e-02 9.140766945626875237e-03 -1.175808017860391873e-02 9.998890908146559342e-01 2.928324499999999997e+00
9.999512073601559692e-01 -3.444309933416284152e-04 -9.872399214838159867e-03 -2.324060000000000015e-02 4.567462785878386236e-04 9.999351789372156185e-01 1.137670016461387636e-02 -4.108379999999999671e-02 9.867840787290175011e-03 -1.138065424698224241e-02 9.998865467777368066e-01 2.985194400000000137e+00
9.999470842777689050e-01 -1.772305030005907759e-03 -1.013348801100648344e-02 -2.398569999999999869e-02 1.882792129783735511e-03 9.999387766088023710e-01 1.090404181429214039e-02 -4.182670000000000138e-02 1.011354231635092429e-02 -1.092254407051868048e-02 9.998892010082132131e-01 3.042301699999999887e+00
9.999430126927528750e-01 -2.205193629339096718e-03 -1.044550084955477888e-02 -2.482670000000000016e-02 2.330659605313394576e-03 9.999251061330499679e-01 1.201458075061145360e-02 -4.207579999999999654e-02 1.041822406867349594e-02 -1.203824097889409812e-02 9.998732626495164810e-01 3.098822600000000094e+00
9.999437225758901482e-01 -1.624122096721830610e-03 -1.048398342645276253e-02 -2.580090000000000161e-02 1.762156782668064872e-03 9.999117129699266471e-01 1.317046198963163148e-02 -4.195410000000000111e-02 1.046166738835130859e-02 -1.318819521246082302e-02 9.998583024721520163e-01 3.155087200000000092e+00
9.999408943722749576e-01 -9.525594639448706517e-04 -1.083053057067453334e-02 -2.661490000000000036e-02 1.077776568319793044e-03 9.999325823134365132e-01 1.156154079918536581e-02 -4.235930000000000251e-02 1.081878734625315447e-02 -1.157253033913050594e-02 9.998745073167464303e-01 3.211364500000000177e+00
9.999360936623588048e-01 6.204546597492947933e-04 -1.128820744305749149e-02 -2.715050000000000102e-02 -5.055127312138553691e-04 9.999480293905418371e-01 1.018248372699830269e-02 -4.248849999999999849e-02 1.129393855751322298e-02 -1.017612666918017196e-02 9.998844400218817041e-01 3.268457199999999840e+00
9.999291593474304296e-01 2.701345104472232042e-03 -1.159219657215900499e-02 -2.798379999999999965e-02 -2.579689127369024643e-03 9.999415795436772392e-01 1.049679492521455280e-02 -4.296500000000000319e-02 1.161987481632935186e-02 -1.046614706195263776e-02 9.998777116602461934e-01 3.324880799999999859e+00
9.999209702055771309e-01 4.986643794735194993e-03 -1.154065538874173187e-02 -2.899780000000000066e-02 -4.866628756897029007e-03 9.999340326349477337e-01 1.040414835312519423e-02 -4.320190000000000141e-02 1.159177586393937524e-02 -1.034716203003141141e-02 9.998792761980039856e-01 3.380419299999999794e+00
9.999243923743845741e-01 6.462324636422948389e-03 -1.046173479931884059e-02 -3.071420000000000053e-02 -6.330782484331324254e-03 9.999011001598775428e-01 1.255830769661104088e-02 -4.462350000000000344e-02 1.054185599663937448e-02 -1.249112722536110595e-02 9.998664115834604571e-01 3.492688900000000096e+00
9.999565914116699261e-01 7.132404532165033569e-03 -5.995339685459732948e-03 -3.193250000000000255e-02 -7.067637450610516660e-03 9.999171799009926032e-01 1.075554925202168617e-02 -4.513369999999999882e-02 6.071556079064444750e-03 -1.071270948152185619e-02 9.999241841571505640e-01 3.603667300000000129e+00
9.999831371663574497e-01 5.708081268031186054e-03 -1.069201181946011952e-03 -3.235149999999999831e-02 -5.702229633575903178e-03 9.999691712521399101e-01 5.398251801689293687e-03 -4.615550000000000208e-02 1.099981879801700336e-03 -5.392063941203254114e-03 9.999848577285148643e-01 3.712839799999999801e+00
9.999878109741530130e-01 4.473587565552823546e-03 2.089238477273347352e-03 -3.271199999999999802e-02 -4.492293809652650981e-03 9.999490797032417611e-01 9.036442716448517265e-03 -4.689569999999999850e-02 -2.048706774856951570e-03 -9.045718044093025573e-03 9.999569879677913109e-01 3.767135099999999959e+00
9.999428660920848255e-01 4.665191365603925562e-03 9.617720159643294853e-03 -3.280020000000000158e-02 -4.748984343492930645e-03 9.999508077009523488e-01 8.708003555253232900e-03 -4.787439999999999751e-02 -9.576622538879430574e-03 -8.753180435438224702e-03 9.999158315243400486e-01 3.874954699999999974e+00
9.998634650113062960e-01 2.249810621730188257e-03 1.637039058027055238e-02 -3.143569999999999698e-02 -2.289631180747406496e-03 9.999944647457740254e-01 2.414138949819753365e-03 -4.908200000000000063e-02 -1.636486861054527869e-02 -2.451291492099135719e-03 9.998630817493864287e-01 3.980049399999999959e+00
9.997318250136953965e-01 1.524298637657049878e-03 2.310745698793281039e-02 -2.915200000000000083e-02 -1.602287363603026576e-03 9.999930819022860851e-01 3.356906726759903339e-03 -5.079890000000000100e-02 -2.310218019993710847e-02 -3.393031274681193501e-03 9.997273511356876696e-01 4.084732100000000088e+00
9.995182798742568986e-01 1.804728750039123059e-03 3.098307846785848529e-02 -2.702759999999999885e-02 -1.859628324133221454e-03 9.999967515176932942e-01 1.743197222619550331e-03 -5.260580000000000117e-02 -3.097983182173162653e-02 -1.799974499721946957e-03 9.995183890815103611e-01 4.189045000000000130e+00
9.993028723437999972e-01 1.728671123488220718e-03 3.729317660883407770e-02 -2.370449999999999988e-02 -1.679933899235922477e-03 9.999976935676885281e-01 -1.338163441922696206e-03 -5.397520000000000095e-02 -3.729540383914711765e-02 1.274580499583443608e-03 9.993034715725873651e-01 4.291959799999999881e+00
9.991978945729735884e-01 6.182697764353557463e-04 4.003979549673444827e-02 -2.143990000000000132e-02 -6.214816103341414162e-04 9.999998045839594285e-01 6.776910102831324595e-05 -5.497760000000000147e-02 -4.003974577272920166e-02 -9.259873964735395419e-05 9.991980835569734820e-01 4.343674199999999708e+00
9.989545860888523476e-01 -9.024387178672482659e-04 4.570471022127071958e-02 -1.735679999999999862e-02 7.611243748457858799e-04 9.999948767473180178e-01 3.109207101882533776e-03 -5.649620000000000336e-02 -4.570728193336209833e-02 -3.071169724530913893e-03 9.989501550601949109e-01 4.446471200000000401e+00
9.988417089793373282e-01 -2.450248114085885193e-03 4.805451786685904086e-02 -1.496690000000000000e-02 2.251579961417901968e-03 9.999886957962118572e-01 4.187919229013351702e-03 -5.726280000000000259e-02 -4.806423608998896396e-02 -4.074869810290506628e-03 9.988359347986610626e-01 4.497583399999999898e+00
9.986012765177262329e-01 -4.512239057657125088e-03 5.267950489378303569e-02 -9.962800000000000822e-03 4.589773890118942212e-03 9.999885544079319954e-01 -1.350936257552928484e-03 -5.911729999999999763e-02 -5.267280619831393729e-02 1.590833687392312823e-03 9.986105570918895058e-01 4.599342799999999620e+00
9.984957937987253285e-01 -3.862896478591565028e-03 5.469211823516273441e-02 -7.182499999999999649e-03 4.099689095167441746e-03 9.999827002618977279e-01 -4.218023974151111771e-03 -5.978889999999999899e-02 -5.467487828588464549e-02 4.435899877052373527e-03 9.984943567575654821e-01 4.650975200000000420e+00
9.983705514495258004e-01 -3.988179661779162402e-03 5.692395296670141325e-02 -1.867299999999999906e-03 4.245243347207269119e-03 9.999813276809801366e-01 -4.395702254179615319e-03 -6.198050000000000087e-02 -5.690535921416238485e-02 4.630195716141855163e-03 9.983688403492656516e-01 4.754662500000000236e+00
9.984748525967285238e-01 -4.177883377032008336e-03 5.505010465411649956e-02 3.194699999999999970e-03 4.254097765970504125e-03 9.999901481971020800e-01 -1.267344047743004971e-03 -6.379429999999999823e-02 -5.504426749570588695e-02 1.499599688485057491e-03 9.984827889436228565e-01 4.859167600000000142e+00
9.987030857456866695e-01 -3.515069451280015966e-03 5.079164113115788859e-02 8.270800000000000027e-03 3.512650980870145496e-03 9.999938212543904026e-01 1.368799799064614360e-04 -6.553489999999999316e-02 -5.079180844516410775e-02 4.171084972997558371e-05 9.987092622255362429e-01 4.965093600000000329e+00
9.988657168272597753e-01 -3.193243325134597754e-03 4.750876702494816889e-02 1.073920000000000083e-02 3.200542704130730515e-03 9.999948752412430864e-01 -7.757351107341760592e-05 -6.628610000000000058e-02 -4.750827584288188493e-02 2.295393584291011634e-04 9.988708179930573250e-01 5.018344899999999775e+00
9.990412926341203370e-01 -1.372744307747891584e-03 4.375627023652289144e-02 1.275450000000000021e-02 1.395791692132473038e-03 9.999989027877284054e-01 -4.961742553157345338e-04 -6.701089999999999824e-02 -4.375554110622158904e-02 5.567732078772455722e-04 9.990421125388543322e-01 5.071501300000000434e+00
9.992035472135801788e-01 -1.540665602877451393e-03 3.987351985088074396e-02 1.454770000000000021e-02 1.543919924897050591e-03 9.999988068634207972e-01 -5.082322617796499272e-05 -6.799620000000000664e-02 -3.987339397472926955e-02 1.123442696514135642e-04 9.992047336915999001e-01 5.124665700000000434e+00
9.993603006740505723e-01 -8.699496197134928312e-04 3.575237928208942900e-02 1.647279999999999925e-02 8.449759530836345629e-04 9.999993883798382610e-01 7.136214599161990954e-04 -6.857080000000000120e-02 -3.575297822993109970e-02 -6.829550559904165770e-04 9.993604245316508594e-01 5.178302799999999984e+00
9.995012397669809090e-01 -5.023848827482343526e-04 3.157561264168543685e-02 1.772169999999999995e-02 4.442966331661572029e-04 9.999981962501151012e-01 1.846644800193428812e-03 -6.955669999999999908e-02 -3.157648341360919791e-02 -1.831694828815721163e-03 9.994996601246467494e-01 5.231916400000000245e+00
9.996319994624384142e-01 -8.032312735992632076e-04 2.711494920239790329e-02 1.891680000000000098e-02 7.374257694877889117e-04 9.999967590484023505e-01 2.436820864541208720e-03 -7.040609999999999924e-02 -2.711681865488652782e-02 -2.415928850872915874e-03 9.996293520269527999e-01 5.285554399999999653e+00
9.998548673192230174e-01 6.583309773790027575e-04 1.702383324586582286e-02 2.073890000000000108e-02 -7.016185881440894102e-04 9.999965358840251506e-01 2.536917678270248638e-03 -7.199669999999999681e-02 -1.702210414183846082e-02 -2.548493726453455316e-03 9.998518656032555629e-01 5.393868000000000329e+00
9.999258009193733310e-01 1.050686173397776500e-03 1.213625619022161428e-02 2.121359999999999912e-02 -1.080072774718443974e-03 9.999965003880207925e-01 2.415088924318173780e-03 -7.304829999999999657e-02 -1.213367621749376207e-02 -2.428017766838424119e-03 9.999234363845928009e-01 5.447330000000000005e+00
9.999850824753160339e-01 3.828155379791570341e-03 3.896158778039465146e-03 2.123850000000000043e-02 -3.835012936034380704e-03 9.999911078037475587e-01 1.754134890527894773e-03 -7.476230000000000375e-02 -3.889409031712926044e-03 -1.769050542491991526e-03 9.999908714371157359e-01 5.555691200000000052e+00
9.999564303933050624e-01 9.332105933492462410e-03 -2.216166180002065382e-04 2.029289999999999913e-02 -9.331682595705338354e-03 9.999547659288756662e-01 1.840053276540392279e-03 -7.711719999999999686e-02 2.387781654782904228e-04 -1.837905050205723831e-03 9.999982825435322908e-01 5.720710799999999985e+00
9.999451277780251335e-01 1.028631895979681757e-02 -1.983198236798404054e-03 1.990190000000000015e-02 -1.028057870522198700e-02 9.999429967153117271e-01 2.883231084728116872e-03 -7.852019999999999833e-02 2.012743022557032628e-03 -2.862684449870566902e-03 9.999938769328868826e-01 5.831663599999999725e+00
9.998991035936436456e-01 1.389976872734393493e-02 -2.929003577033822536e-03 1.903439999999999993e-02 -1.388504437740217118e-02 9.998911525570046699e-01 4.988845644272278321e-03 -7.919009999999999938e-02 2.998028563155740161e-03 -4.947672943026219794e-03 9.999832660385788996e-01 5.887263299999999866e+00
9.998936817053643011e-01 1.400333301615332149e-02 -4.065950089501240219e-03 1.841310000000000169e-02 -1.397050123116343537e-02 9.998704525249209052e-01 7.993951648590182438e-03 -8.054089999999999860e-02 4.177365322983583179e-03 -7.936298384552278526e-03 9.999597815846943405e-01 5.997920500000000210e+00
9.999245078340031068e-01 1.116092102623481713e-02 -5.139306837766723784e-03 1.724169999999999869e-02 -1.112451961472310513e-02 9.999132119577828215e-01 7.057876140288733141e-03 -8.098990000000000355e-02 5.217633205602629706e-03 -7.000171006208748270e-03 9.999618862284779253e-01 6.109075100000000091e+00
9.999621069962404407e-01 5.778477077156706984e-03 -6.511050169374092873e-03 1.675830000000000028e-02 -5.706038214831165092e-03 9.999222266856210295e-01 1.108971180691355370e-02 -8.215310000000000668e-02 6.574625428890856597e-03 -1.105213928333722943e-02 9.999173088399517795e-01 6.220569099999999629e+00
9.999756697549498918e-01 -2.838160821564574129e-04 -6.969888562310379287e-03 1.643139999999999878e-02 3.545718262937537198e-04 9.999483992253844766e-01 1.015249552628517959e-02 -8.270919999999999661e-02 6.966647469157198624e-03 -1.015471983969775532e-02 9.999241708689803332e-01 6.332704099999999947e+00
9.999682248434579313e-01 -4.029371113217978737e-03 -6.878478891115734524e-03 1.567680000000000115e-02 4.090882832553750445e-03 9.999515610160860657e-01 8.952111434904815729e-03 -8.346169999999999978e-02 6.842074325369261988e-03 -8.979966031372337704e-03 9.999362710838134438e-01 6.445640100000000317e+00
9.999757117691561170e-01 -3.967169305309428337e-03 -5.730396100855838018e-03 1.463519999999999925e-02 4.031455080973123800e-03 9.999285815768687025e-01 1.125073844694655240e-02 -8.429369999999999918e-02 5.685353260773606462e-03 -1.127356702089077345e-02 9.999202885455048539e-01 6.558311500000000294e+00
9.999902397736269988e-01 -1.016010933881657903e-03 -4.299776653051361197e-03 1.321879999999999930e-02 1.064351070029765896e-03 9.999360922107889404e-01 1.125516108353656272e-02 -8.511520000000000197e-02 4.288066497107891409e-03 -1.125962770249808870e-02 9.999274140004951184e-01 6.668259599999999843e+00
9.999941345611738086e-01 -1.162921727538427643e-03 -3.221561159527761616e-03 1.216880000000000045e-02 1.185859858183965559e-03 9.999738962211806026e-01 7.127454849253608490e-03 -8.612720000000000098e-02 3.213188392501553897e-03 -7.131233363662971975e-03 9.999694099976594863e-01 6.779230599999999995e+00
9.999948334915571557e-01 -1.938531122369530806e-03 -2.564193300110948447e-03 1.138250000000000026e-02 1.937463735877882230e-03 9.999980354668320803e-01 -4.186845452190727482e-04 -8.781120000000000592e-02 2.564999895689524384e-03 4.137143505510890011e-04 9.999966248022895687e-01 6.889617399999999670e+00
9.999931115056107656e-01 -2.778436099840813581e-03 -2.461144889292003930e-03 1.062609999999999943e-02 2.775153413074267755e-03 9.999952565124303749e-01 -1.336217112802310031e-03 -8.965510000000000146e-02 2.464845808745249819e-03 1.329377853638636633e-03 9.999960786371421273e-01 6.999484100000000097e+00
9.999947304871042997e-01 -1.777553208919131636e-03 -2.716487182612852425e-03 9.998200000000000490e-03 1.778441949504453541e-03 9.999983658281805798e-01 3.247848528581769837e-04 -9.165829999999999811e-02 2.715905421048644530e-03 -3.296142561610563887e-04 9.999962575990902769e-01 7.108100399999999652e+00
9.999923326303653548e-01 -1.171205753626457929e-03 -3.736704104355845126e-03 9.558999999999999789e-03 1.173189782216569992e-03 9.999991719930007017e-01 5.288090846311739070e-04 -9.352309999999999790e-02 3.736081666096202538e-03 -5.331888931308528898e-04 9.999928786763376820e-01 7.215770199999999690e+00
9.999895368705381538e-01 -6.758768310332337152e-04 -4.524305466671989413e-03 9.117300000000000057e-03 6.801194380149960979e-04 9.999993304236144409e-01 9.362637837790590200e-04 -9.462339999999999640e-02 4.523669638304695685e-03 -9.393310556212801062e-04 9.999893269781290339e-01 7.269276600000000421e+00
9.999825789090410755e-01 1.579563141309575235e-04 -5.900587108594080449e-03 8.029500000000000179e-03 -1.436421532289760346e-04 9.999970463768058648e-01 2.426232593145540017e-03 -9.639200000000000546e-02 5.900952919240774752e-03 -2.425342752489253670e-03 9.999796480264874221e-01 7.377172899999999700e+00
9.999796628641614005e-01 1.063896021338457849e-03 -6.288241672678626312e-03 7.353900000000000020e-03 -1.055292669652070549e-03 9.999985029119745628e-01 1.371324611811954334e-03 -9.723199999999999898e-02 6.289691205425787524e-03 -1.364660787654866638e-03 9.999792885282550170e-01 7.431317800000000418e+00
9.999743466060114772e-01 1.431251266017708216e-03 -7.018379420767555284e-03 6.595700000000000347e-03 -1.429530305369591412e-03 9.999989469164439759e-01 2.502181229885766479e-04 -9.821240000000000525e-02 7.018730154832905112e-03 -2.401787179679150906e-04 9.999753395665300637e-01 7.484955300000000200e+00
9.999679498067729488e-01 1.659887830794310381e-03 -7.832249461574250504e-03 5.983300000000000424e-03 -1.655285278027406699e-03 9.999984535444123024e-01 5.940870576106758658e-04 -9.933880000000000488e-02 7.833223467225668146e-03 -5.811034097781037251e-04 9.999691509886390328e-01 7.539125399999999644e+00
9.999536634639426547e-01 1.636953550326571225e-03 -9.486374866834915154e-03 4.722600000000000409e-03 -1.651807373801393412e-03 9.999974217962722678e-01 -1.558182661989168313e-03 -1.012915999999999955e-01 9.483799736387271695e-03 1.573780125157749499e-03 9.999537893116250409e-01 7.646620799999999996e+00
9.999455400728608501e-01 2.321048541588197501e-03 -1.017495071546795256e-02 4.012800000000000394e-03 -2.334087026816491616e-03 9.999964698899839188e-01 -1.269742226460216601e-03 -1.022543999999999953e-01 1.017196766342960169e-02 1.293422296854549207e-03 9.999474276843839382e-01 7.700685000000000002e+00
9.999361624550067162e-01 2.612935548977939320e-03 -1.099288781763895113e-02 3.161300000000000134e-03 -2.611781262887653571e-03 9.999965821703525881e-01 1.193576471758866142e-04 -1.032712999999999964e-01 1.099316211966040562e-02 -9.063900924957937126e-05 9.999395692596532159e-01 7.754681099999999994e+00
9.999190966541210424e-01 2.635208305961632327e-03 -1.244410798693929010e-02 1.449299999999999937e-03 -2.623484551628357721e-03 9.999960994461083441e-01 9.583430368706383337e-04 -1.052902000000000005e-01 1.244658488155617540e-02 -9.256185786499254069e-04 9.999221098440783662e-01 7.862123999999999668e+00
9.999066770394646753e-01 3.241337771673019705e-03 -1.327143328151180260e-02 5.165999999999999802e-04 -3.226110297616719812e-03 9.999941132348072470e-01 1.168635135100382820e-03 -1.061615999999999949e-01 1.327514309690500799e-02 -1.125710967036171227e-03 9.999112477368056195e-01 7.915957500000000202e+00
9.998855278931588764e-01 4.466197383454570055e-03 -1.445628551014737501e-02 -1.444399999999999981e-03 -4.465546827478888287e-03 9.999900264098727787e-01 7.728074451126355814e-05 -1.081183000000000005e-01 1.445648648013986293e-02 -1.271667812465349481e-05 9.998954994582861522e-01 8.023411799999999872e+00
9.998789898885830363e-01 4.284235215709758168e-03 -1.495496265469566100e-02 -3.552500000000000102e-03 -4.295504398849344513e-03 9.999905139939749832e-01 -7.215012303204517731e-04 -1.101150000000000045e-01 1.495172971085069816e-02 7.856530292440560507e-04 9.998879079816753723e-01 8.130675300000000050e+00
9.998789721785272810e-01 3.163920858816671178e-03 -1.523255067318152536e-02 -4.533699999999999883e-03 -3.196682771985051574e-03 9.999926286977290912e-01 -2.126915480451963859e-03 -1.112405999999999950e-01 1.522570899719261420e-02 2.175351696815256385e-03 9.998817158196903199e-01 8.184305200000000724e+00
9.998775182455214017e-01 3.236075851486898175e-04 -1.564748495151857197e-02 -6.351100000000000148e-03 -3.003731376258019143e-04 9.999988490124719354e-01 1.487195249306160535e-03 -1.131107999999999975e-01 1.564794820912182235e-02 -1.482313010871932988e-03 9.998764646019939750e-01 8.291804300000000794e+00
9.998751724365486648e-01 -4.819330846006224418e-04 -1.579263389951426899e-02 -7.213100000000000067e-03 5.772290816645785951e-04 9.999816515618566992e-01 6.030202833136009966e-03 -1.139917000000000014e-01 1.578943797509590324e-02 -6.038566065172112918e-03 9.998571044745880876e-01 8.345727899999999977e+00
9.998724598583184076e-01 1.715113878004350962e-03 -1.587836267569299117e-02 -9.375599999999999559e-03 -1.679175629452389715e-03 9.999959991717857211e-01 2.276402782321404559e-03 -1.155207000000000039e-01 1.588220343909549012e-02 -2.249449889947392842e-03 9.998713395177960539e-01 8.451602899999999252e+00
9.998715772567769999e-01 1.858360970990122598e-03 -1.591777272568043952e-02 -1.180830000000000074e-02 -1.849519670261640667e-03 9.999981271075876199e-01 5.701388482182854133e-04 -1.171890000000000015e-01 1.591880243718825708e-02 -5.406253956604789709e-04 9.998731416800569205e-01 8.557058299999999562e+00
9.998854917346242654e-01 1.198508569933782715e-03 -1.508532385520382560e-02 -1.506180000000000019e-02 -1.120617175705319402e-03 9.999860035111408640e-01 5.170783205867264185e-03 -1.204505000000000020e-01 1.509130994162205183e-02 -5.153286235438507210e-03 9.998728399177675419e-01 8.715063999999999922e+00
9.999321981111198854e-01 1.564959318424668079e-04 -1.164365448162367478e-02 -1.704119999999999940e-02 -1.334990290001128617e-04 9.999980391747576025e-01 1.975809871704667028e-03 -1.234647999999999995e-01 1.164394085665906853e-02 -1.974121491495987694e-03 9.999302583108801157e-01 8.873508499999999799e+00
9.999485913073031806e-01 -1.192229994541572089e-03 -1.006942551390127560e-02 -1.795379999999999893e-02 1.204938835136837522e-03 9.999984851044526613e-01 1.256149355434363606e-03 -1.242515000000000008e-01 1.006791264083422774e-02 -1.268217820287386062e-03 9.999485130538555699e-01 8.924858999999999654e+00
9.999680873432871264e-01 -1.019091564319787261e-03 -7.923745792977809552e-03 -1.867529999999999885e-02 1.050087983857990633e-03 9.999918097993684141e-01 3.908663378963673531e-03 -1.259954000000000074e-01 7.919697610032744653e-03 -3.916859273375404744e-03 9.999609675398326569e-01 9.028569199999999739e+00
9.999804581704717643e-01 -1.402324528204629381e-04 -6.250088961971664650e-03 -1.978260000000000088e-02 1.673653377175772592e-04 9.999905642946951279e-01 4.340888206454566328e-03 -1.269107999999999903e-01 6.249421254573480147e-03 -4.341849425807120522e-03 9.999710461196097411e-01 9.079647100000000748e+00
9.999899419463127437e-01 2.884612506454549679e-04 -4.475801192729888210e-03 -2.047329999999999983e-02 -2.699361189350236393e-04 9.999913978473516929e-01 4.139005410872030263e-03 -1.281905000000000128e-01 4.476956633882054302e-03 -4.137755600130306466e-03 9.999814177462958975e-01 9.181290600000000524e+00
9.999951948648746480e-01 9.458915443041246679e-05 -3.098596465033553668e-03 -2.114709999999999854e-02 -8.101021287198479487e-05 9.999903951836094373e-01 4.382120248704006807e-03 -1.290219999999999978e-01 3.098981204632375933e-03 -4.381848174064839618e-03 9.999855977573240962e-01 9.231689499999999882e+00
9.999987040991294984e-01 1.747581551043800600e-04 -1.600393591832893325e-03 -2.159619999999999942e-02 -1.672407980116844071e-04 9.999889591710701131e-01 4.696122493648132411e-03 -1.306845000000000090e-01 1.601196607864159658e-03 -4.695848756837474498e-03 9.999876925112007875e-01 9.331025099999999739e+00
9.999990825823168450e-01 -1.053776266606047977e-03 -8.511110999861394751e-04 -2.212259999999999921e-02 1.057817129571231090e-03 9.999881052750754229e-01 4.761337132052747244e-03 -1.316331000000000029e-01 8.460835921866576449e-04 -4.762233083818599895e-03 9.999883025708902196e-01 9.379550000000000054e+00
9.999979861522078073e-01 -1.716398858254676151e-03 -1.040031965003531582e-03 -2.271099999999999855e-02 1.723181005605233570e-03 9.999770266411480701e-01 6.555672135687176140e-03 -1.330135000000000067e-01 1.028755923807196443e-03 -6.557451096888635735e-03 9.999779705055312773e-01 9.475187299999999979e+00
9.999969896719375084e-01 -1.252742770245359296e-03 -2.109806297853292038e-03 -2.333270000000000136e-02 1.264844995937714238e-03 9.999826994525761181e-01 5.744646436029566573e-03 -1.349366999999999928e-01 2.102573232759029007e-03 -5.747297720697428121e-03 9.999812737020181697e-01 9.569207199999999247e+00
9.999964718452265533e-01 -7.161370439096297752e-04 -2.558015800067532913e-03 -2.371710000000000138e-02 7.290571018248579761e-04 9.999869654442991029e-01 5.053455970358469024e-03 -1.355542000000000136e-01 2.554363490447963524e-03 -5.055303080569284457e-03 9.999839594403113763e-01 9.615034100000000805e+00
9.999896875746487890e-01 -1.544364933028852206e-03 -4.270793990579741656e-03 -2.445539999999999867e-02 1.566416608043054220e-03 9.999854352202925956e-01 5.164851042582310758e-03 -1.373381999999999936e-01 4.262755372571610732e-03 -5.171487623077859058e-03 9.999775420640195644e-01 9.705185900000000032e+00
9.999629988123478475e-01 -3.040889264908495492e-03 -8.046986932691945274e-03 -2.527719999999999967e-02 3.102209005729513521e-03 9.999661650320188500e-01 7.618732863266097083e-03 -1.384901000000000049e-01 8.023546940170623101e-03 -7.643414396433336963e-03 9.999385985703638235e-01 9.793699300000000108e+00
9.999115750112174128e-01 -2.483061265979342232e-03 -1.306432414386080043e-02 -2.642069999999999835e-02 2.599575922315063101e-03 9.999569339020867309e-01 8.909127126813611020e-03 -1.395946000000000131e-01 1.304163960591577312e-02 -8.942301039833060183e-03 9.998749676277041143e-01 9.878745099999999724e+00
9.998280049495841260e-01 -2.088507404907766034e-03 -1.842820271632866422e-02 -2.822260000000000046e-02 2.247665518401394114e-03 9.999603194727895161e-01 8.620178628902658291e-03 -1.406970999999999916e-01 1.840946816863124960e-02 -8.660116436656390554e-03 9.997930255133068433e-01 9.960644699999999574e+00
9.996998476327635386e-01 -1.288282677321877156e-03 -2.446538311109576827e-02 -3.039709999999999981e-02 1.507479499662467805e-03 9.999588730357850119e-01 8.943139413032310733e-03 -1.418430999999999997e-01 2.445285563257336772e-02 -8.977336172058330080e-03 9.996606750726300117e-01 1.003952600000000039e+01
9.996223698839047378e-01 -1.432830549259901404e-03 -2.744202296302000396e-02 -3.162630000000000302e-02 1.661650339453920894e-03 9.999640299808747468e-01 8.317311017240093876e-03 -1.423238000000000003e-01 2.742911857561599123e-02 -8.359769196886858780e-03 9.995887943115105978e-01 1.007753089999999929e+01
9.994131566347009832e-01 -7.187357077494696761e-04 -3.424654383211632458e-02 -3.412609999999999949e-02 9.782031028257899552e-04 9.999709420508546831e-01 7.560302415636684439e-03 -1.435806000000000027e-01 3.424011483847974602e-02 -7.589365777762049903e-03 9.993848188075197259e-01 1.015038870000000060e+01
9.993178880600219749e-01 1.274409065569297986e-04 -3.692888249152324193e-02 -3.573799999999999893e-02 1.138432981933503298e-04 9.999786625445529209e-01 6.531576785947876100e-03 -1.439860000000000029e-01 3.692892691320521364e-02 -6.531325625216727500e-03 9.992965506508147966e-01 1.018547820000000037e+01
9.991857988588278561e-01 2.426278936835717537e-03 -4.027223025071513529e-02 -3.879280000000000228e-02 -2.139962542325847452e-03 9.999721407029197318e-01 7.151110287046564921e-03 -1.451250000000000040e-01 4.028845888295294608e-02 -7.059106780657751871e-03 9.991631543908612301e-01 1.025323389999999968e+01
