9.999999996278000625e-01 -2.420136429164098564e-05 -1.259737898990235414e-05 1.008999999999999996e-04 2.419863513167350250e-05 9.999999762494002908e-01 -2.166001498792113704e-04 1.509999999999999942e-05 1.260262070983989828e-05 2.165998449592150001e-04 9.999999764628403343e-01 -1.361500000000000080e-03
9.999976778773914665e-01 9.287487599787448310e-04 1.944650499581679001e-03 -2.725000000000000100e-04 -9.264499224123659777e-04 9.999988714533986078e-01 -1.182701344497427091e-03 -8.339000000000000492e-04 -1.945746737360093924e-03 1.180896976815439155e-03 9.999974097726274103e-01 5.360380000000000006e-02
9.999925932882517410e-01 1.158517175313922200e-03 3.670314236090866516e-03 -6.798000000000000440e-04 -1.155478486693091358e-03 9.999989880489531524e-01 -8.299220062119504150e-04 -1.679900000000000013e-03 -3.671272000810900556e-03 8.256748900796704324e-04 9.999929199863726303e-01 1.088949000000000028e-01
9.999897557952658333e-01 1.815783648390279956e-04 4.522757325130034520e-03 -5.127999999999999963e-04 -1.800207124438895289e-04 9.999999243499964052e-01 -3.448079823129440204e-04 -2.765099999999999936e-03 -4.522819592653038595e-03 3.439902600334984956e-04 9.999897128339038099e-01 1.637376000000000109e-01
9.999849632465009908e-01 -3.662287409963778005e-05 5.483788805126726430e-03 -4.465000000000000110e-04 3.937683851074512875e-05 9.999998731755775916e-01 -5.020939087577282536e-04 -3.657800000000000114e-03 -5.483769721526371953e-03 5.023022931615953035e-04 9.999848378660786130e-01 2.186347999999999903e-01
9.999785035239410202e-01 -3.525695395282587446e-05 6.556771077803783682e-03 -3.203999999999999817e-04 3.754265448163140724e-05 9.999999385765387938e-01 -3.484787912409108377e-04 -4.738799999999999610e-03 -6.556758388763512038e-03 3.487174587660069698e-04 9.999784434254397336e-01 2.739998000000000156e-01
9.999737530238276273e-01 1.937957328677360311e-04 7.242631196940977657e-03 1.430000000000000031e-05 -1.846017218708495035e-04 9.999991764134393835e-01 -1.270076630466280285e-03 -5.769400000000000049e-03 -7.242871367438659912e-03 1.268706292605392477e-03 9.999729652339095498e-01 3.291397999999999824e-01
9.999694459234294008e-01 5.711057883771910324e-05 7.816902069959994967e-03 1.045000000000000058e-04 -4.608860855252892212e-05 9.999990046186941761e-01 -1.410190576088258228e-03 -6.881100000000000237e-03 -7.816974825961877857e-03 1.409787218877821269e-03 9.999684532046837493e-01 3.838410999999999906e-01
9.999704211318616309e-01 -6.393531712491300591e-04 7.664730190273829485e-03 7.460000000000000268e-04 6.390373814859447903e-04 9.999997948629579803e-01 4.364936564028941668e-05 -7.854800000000000323e-03 -7.664756525314094307e-03 -3.875002543086996141e-05 9.999706245714636843e-01 4.387269999999999781e-01
9.999782784458186580e-01 -1.119043325773245523e-03 6.495412117161537303e-03 7.772999999999999745e-04 1.114944475810714488e-03 9.999991770749674380e-01 6.346244589646620393e-04 -8.509900000000000797e-03 -6.496116944189485841e-03 -6.273686500769486531e-04 9.999787032098355066e-01 4.938093000000000066e-01
9.999891710104276132e-01 -2.194412375565194580e-03 4.103951291588400774e-03 8.379999999999999862e-04 2.192775540934013400e-03 9.999975145389349285e-01 4.033006072758081898e-04 -9.568600000000000022e-03 -4.104826099220930738e-03 -3.942971959243578425e-04 9.999914974300613268e-01 5.481587999999999461e-01
9.999985728254494610e-01 -1.650233731872814821e-03 3.620437742451634681e-04 9.894999999999999282e-04 1.650165203627506445e-03 9.999986205215531943e-01 1.894987902192319491e-04 -1.191090000000000031e-02 -3.623559921093489613e-04 -1.889010877329318401e-04 9.999999165072535057e-01 6.571955999999999909e-01
9.999997857074246488e-01 -3.104841455713247197e-04 -5.763546651910928052e-04 6.625999999999999512e-04 3.103158367592842842e-04 9.999999091939134610e-01 -2.920894489754102233e-04 -1.263809999999999933e-02 5.764453019975767679e-04 2.919105344026111273e-04 9.999997912495051100e-01 7.118813000000000502e-01
9.999979526001219199e-01 -1.307706988946004357e-03 -1.544246740463671701e-03 2.167000000000000089e-04 1.308291547311202707e-03 9.999990728990751920e-01 3.775900122202767331e-04 -1.467620000000000036e-02 1.543751531693153805e-03 -3.796095641000432510e-04 9.999987363630952197e-01 8.213848000000000260e-01
9.999970456341065184e-01 -1.728136939524045276e-03 -1.709463593348917133e-03 -3.845000000000000219e-04 1.728660638456072651e-03 9.999984593760870011e-01 3.049226945329476524e-04 -1.537039999999999934e-02 1.708934011536305175e-03 -3.078768761064346916e-04 9.999984923770502965e-01 8.759542999999999635e-01
9.999963364268275035e-01 -1.398170465571015562e-03 -2.317811957938769457e-03 -8.053999999999999528e-04 1.396226719025625042e-03 9.999986724588099118e-01 -8.400187895262174005e-04 -1.621219999999999953e-02 2.318983370409965009e-03 8.367795210705645777e-04 9.999969610534628073e-01 9.307801999999999465e-01
9.999951319084181556e-01 -1.621423310606063964e-03 -2.665923088402203257e-03 -1.245800000000000032e-03 1.616571310303194188e-03 9.999970350391815810e-01 -1.821156238374669169e-03 -1.705889999999999837e-02 2.668868049221857514e-03 1.816837718039130073e-03 9.999947881084392254e-01 9.849858999999999698e-01
9.999935460782873875e-01 -8.454552334645399660e-04 -3.491848682317669466e-03 -1.546199999999999962e-03 8.409416559055687881e-04 9.999988093580530757e-01 -1.293870011892737796e-03 -1.815009999999999887e-02 3.492938433949133257e-03 1.290925220343894881e-03 9.999930664225488153e-01 1.039931500000000009e+00
9.999894060785702310e-01 -1.392969049359538136e-03 -4.387182222785845215e-03 -2.092699999999999855e-03 1.386622834645465270e-03 9.999979884807999042e-01 -1.449245137442860525e-03 -1.917790000000000120e-02 4.389192151505962383e-03 1.443146417203876666e-03 9.999893261033717673e-01 1.094429000000000096e+00
9.999813676986006872e-01 -8.044613772680723812e-04 -6.051206287051304547e-03 -3.158999999999999916e-03 7.959307600982698386e-04 9.999986863539169768e-01 -1.412014399899781539e-03 -2.126590000000000077e-02 6.052334248956733193e-03 1.407171749602338347e-03 9.999806943725493280e-01 1.202559799999999957e+00
9.999763610598748631e-01 -1.977207970189745305e-03 -6.585436211319752563e-03 -3.957200000000000127e-03 1.980368770578192980e-03 9.999979269750252087e-01 4.734819791887526935e-04 -2.245760000000000117e-02 6.584486387203022754e-03 -4.865123787901286917e-04 9.999782036848212652e-01 1.256595399999999918e+00
9.999714334797474846e-01 -2.100586015264193328e-03 -7.260837613628045965e-03 -4.680300000000000085e-03 2.102584132579520503e-03 9.999977537709804354e-01 2.675686062363483771e-04 -2.326970000000000080e-02 7.260259253251507248e-03 -2.828274846879902989e-04 9.999736039737197046e-01 1.310883900000000102e+00
9.999517932213267679e-01 -3.225538281013995943e-03 -9.274003248364044022e-03 -5.778600000000000056e-03 3.212382490617713728e-03 9.999938133739194601e-01 -1.433112912820256723e-03 -2.547409999999999952e-02 9.278568434134992771e-03 1.403252181410278090e-03 9.999559685561801858e-01 1.417999000000000009e+00
9.999486876067557040e-01 -2.549806200575147584e-03 -9.804113517621162663e-03 -6.646899999999999857e-03 2.539327935805738533e-03 9.999961915522185274e-01 -1.081061835953886106e-03 -2.663669999999999927e-02 9.806832677339305873e-03 1.056110504742732064e-03 9.999513541485107737e-01 1.471254499999999910e+00
9.999312207089662285e-01 -3.652593799274266115e-03 -1.114506213594349503e-02 -7.986399999999999402e-03 3.650480593512001482e-03 9.999933149346328376e-01 -2.099463755849869382e-04 -2.881239999999999843e-02 1.114575447930423770e-02 1.692471025813719460e-04 9.999378698261733867e-01 1.578715099999999927e+00
9.999246201290523661e-01 -4.261208379477799714e-03 -1.151504072580944969e-02 -8.978800000000000323e-03 4.255030982284433404e-03 9.999907900035520658e-01 -5.609094504697567174e-04 -2.968540000000000068e-02 1.151732482437573847e-02 5.118703141371807762e-04 9.999335424005293405e-01 1.632747799999999971e+00
9.999129994081098483e-01 -5.139959369178103386e-03 -1.214802174678489104e-02 -1.059509999999999966e-02 5.139417550484606974e-03 9.999867902320956903e-01 -7.581920836607172504e-05 -3.164970000000000283e-02 1.214825098188752374e-02 1.337885588097231587e-05 9.999262071868539881e-01 1.740141200000000055e+00
9.999176847732411666e-01 -4.156960748569082063e-03 -1.213850711808670685e-02 -1.214430000000000023e-02 4.178864424170129592e-03 9.999896848752168887e-01 1.779672803835111693e-03 -3.338010000000000282e-02 1.213098387788026644e-02 -1.830251485223016034e-03 9.999247418729347858e-01 1.847274899999999942e+00
9.999251496449925725e-01 -2.252446744308526233e-03 -1.202587173984539029e-02 -1.361159999999999974e-02 2.266268050039246286e-03 9.999967869954979882e-01 1.135793909967155188e-03 -3.501230000000000314e-02 1.202327478537064051e-02 -1.162962744287660390e-03 9.999270415290761882e-01 1.953683400000000070e+00
9.999537656716660505e-01 6.383688990158986696e-05 -9.615739384263648562e-03 -1.555330000000000081e-02 -5.361991683401898582e-06 9.999815101202185197e-01 6.081068075279358505e-03 -3.689970000000000055e-02 9.615949786871630725e-03 -6.080735361666737664e-03 9.999352769890447190e-01 2.059853599999999840e+00
9.999706386491905574e-01 7.216149474034832265e-04 -7.628965290104127925e-03 -1.651740000000000153e-02 -6.571627016315287903e-04 9.999641033481053709e-01 8.447493853406609632e-03 -3.725420000000000120e-02 7.634787273625509921e-03 -8.442232352135422419e-03 9.999352172696984731e-01 2.113225700000000096e+00
9.999872587185449913e-01 4.192037852595737195e-04 -5.030573402320459922e-03 -1.745110000000000064e-02 -3.539775369784651138e-04 9.999159548342392290e-01 1.295985986942234033e-02 -3.815009999999999929e-02 5.035583429258685614e-03 -1.295791403421758456e-02 9.999033630123507210e-01 2.220209600000000005e+00
9.999949575660844747e-01 -1.342509799670553276e-03 -2.877934996240566132e-03 -1.812360000000000013e-02 1.376239759901044888e-03 9.999300142161114957e-01 1.175043122146027588e-02 -3.865609999999999880e-02 2.861958512638708776e-03 -1.175433269925560062e-02 9.999268197504590505e-01 2.272993299999999994e+00
9.999995072306180344e-01 3.527473271912318336e-04 -9.279589668909398121e-04 -1.870619999999999922e-02 -3.440449693636321712e-04 9.999561214017856914e-01 9.361458441735800301e-03 -3.909200000000000175e-02 9.312204787962063144e-04 -9.361134569081375895e-03 9.999557500149690581e-01 2.378988999999999798e+00
9.999992959506094348e-01 -3.489780278948449136e-04 -1.134157229612925682e-03 -1.890620000000000148e-02 3.590149027254030032e-04 9.999606715917901401e-01 8.861511044727096026e-03 -3.951729999999999826e-02 1.131020152365868128e-03 -8.861911985133110597e-03 9.999600928584013726e-01 2.431474399999999925e+00
9.999965190080325472e-01 -1.222261716615132346e-03 -2.338385792324544198e-03 -1.895640000000000172e-02 1.239719008616236001e-03 9.999712656214372331e-01 7.478704984208956602e-03 -3.976099999999999773e-02 2.329177665469904426e-03 -7.481577892213202297e-03 9.999692999905774871e-01 2.483959399999999818e+00
9.999914373315450522e-01 -6.373572930381818987e-04 -4.088892181463413961e-03 -1.935409999999999908e-02 6.690301653206217041e-04 9.999697492115394715e-01 7.749390972753055287e-03 -4.017249999999999988e-02 4.083829358397905729e-03 -7.752060209499570323e-03 9.999616132133671842e-01 2.536912000000000056e+00
9.999856861583724665e-01 -1.279904713488412126e-03 -5.195124858312070472e-03 -1.998149999999999926e-02 1.326060278023864347e-03 9.999595976960053978e-01 8.890699622755423789e-03 -4.071229999999999988e-02 5.183535714944881474e-03 -8.897461411403047651e-03 9.999469816634902752e-01 2.590040399999999909e+00
9.999745857759367862e-01 2.173882753084667788e-05 -7.129328837063123557e-03 -2.101700000000000096e-02 4.173850301282223073e-05 9.999603629005828775e-01 8.903419884063235035e-03 -4.142330000000000317e-02 7.129239801056526556e-03 -8.903491178068517753e-03 9.999349487765196720e-01 2.694717600000000157e+00
9.999674038596023662e-01 4.393449023510791521e-04 -8.062145765458559113e-03 -2.108459999999999848e-02 -3.710412119031290096e-04 9.999640457636980173e-01 8.471688634255876774e-03 -4.161129999999999690e-02 8.065577890380372719e-03 -8.468421101568394602e-03 9.999316138103347962e-01 2.747452299999999958e+00
9.999613269752587463e-01 -1.066277491860474465e-03 -8.729696798286262077e-03 -2.213209999999999830e-02 1.127287941218153801e-03 9.999749558802100147e-01 6.986904484064939552e-03 -4.258170000000000011e-02 8.722028191724778140e-03 -6.996475161266162146e-03 9.999374858257592535e-01 2.851509099999999908e+00
9.999574658780319147e-01 -1.455394259317829841e-03 -9.107593663241481466e-03 -2.267200000000000118e-02 1.528150419306577561e-03 9.999669384406703054e-01 7.986662750409883813e-03 -4.294880000000000225e-02 9.095668808875178105e-03 -8.000240817797694623e-03 9.999266297862942077e-01 2.903264000000000067e+00
9.999564066348843872e-01 -9.856301422875583980e-04 -9.285115135122076757e-03 -2.339319999999999941e-02 1.070725818471724659e-03 9.999574342887281864e-01 9.164232478799697393e-03 -4.309989999999999655e-02 9.275687363830074916e-03 -9.173774791569900763e-03 9.999148981188359375e-01 2.955259299999999811e+00
9.999491525406870585e-01 1.613362826964309877e-03 -9.954365552381005261e-03 -2.465859999999999927e-02 -1.552182224085507786e-03 9.999798791447257473e-01 6.150775239180988202e-03 -4.392150000000000221e-02 9.964088694160284226e-03 -6.135011498624816026e-03 9.999315369416081900e-01 3.058078099999999910e+00
9.999313424941661532e-01 6.121410812398342047e-03 -9.991928116264502113e-03 -2.638630000000000142e-02 -6.062728183770975735e-03 9.999642586798817012e-01 5.892765884068751694e-03 -4.464599999999999819e-02 1.002764303236076959e-02 -5.831782957259997596e-03 9.999327160778144208e-01 3.160008200000000045e+00
9.999241858537383232e-01 8.548983161890431198e-03 -8.862134711019790598e-03 -2.786599999999999841e-02 -8.484582165924285657e-03 9.999375099713395665e-01 7.279286900979198630e-03 -4.580889999999999962e-02 8.923811417114747499e-03 -7.203543517936270013e-03 9.999342351127782358e-01 3.261710599999999793e+00
9.999492666855187561e-01 9.061366654354731376e-03 -4.399510137358983268e-03 -2.886630000000000099e-02 -9.035525898246129367e-03 9.999420179668815356e-01 5.858325363360381878e-03 -4.706980000000000192e-02 4.452339478914408601e-03 -5.818276263311684786e-03 9.999731618070998307e-01 3.362392400000000059e+00
9.999694076759725325e-01 7.790928197695572502e-03 6.965270871379967499e-04 -2.931570000000000009e-02 -7.790951875293286588e-03 9.999696495844291322e-01 3.128691238049226828e-05 -4.836909999999999821e-02 -6.962621931635616527e-04 -3.671256425686124337e-05 9.999997569355434379e-01 3.461806099999999997e+00
9.999710450982634002e-01 6.463577463810125587e-03 4.016357984088898825e-03 -2.967699999999999852e-02 -6.479901712204472197e-03 9.999707436769738056e-01 4.064807980730054601e-03 -4.944029999999999953e-02 -3.989967278963365074e-03 -4.090715889592318188e-03 9.999836729690257942e-01 3.511302199999999818e+00
9.999081404817489194e-01 7.163527140743620146e-03 1.150627990424812376e-02 -2.948910000000000073e-02 -7.200524950696324429e-03 9.999690283061282159e-01 3.177242347087958461e-03 -5.067979999999999707e-02 -1.148316327348324235e-02 -3.259801742676822489e-03 9.999287527888338634e-01 3.610290099999999835e+00
9.998684039202229146e-01 6.457056177157875256e-03 1.488224672389642546e-02 -2.897179999999999894e-02 -6.454918949647018601e-03 9.999791484303892641e-01 -1.916397326601997205e-04 -5.136040000000000050e-02 -1.488317383421246080e-02 9.555081723125080260e-05 9.998892348688738219e-01 3.659456699999999785e+00
9.998218416881522463e-01 5.038771649363810168e-03 1.819053774843084822e-02 -2.813900000000000082e-02 -4.973166482903197683e-03 9.999809724088598584e-01 -3.649991145791138709e-03 -5.230370000000000158e-02 -1.820858309822179569e-02 3.558876296893863540e-03 9.998278761372172418e-01 3.708078400000000219e+00
9.997552178460450412e-01 4.560743132158360559e-03 2.164957301402451600e-02 -2.739029999999999937e-02 -4.464282362412788120e-03 9.999799018220129065e-01 -4.501792423700394334e-03 -5.340070000000000233e-02 -2.166966941593152784e-02 4.404040658293985853e-03 9.997554850328576048e-01 3.756840700000000144e+00
9.996676721485172612e-01 4.269132669502328711e-03 2.542281981635204427e-02 -2.641040000000000054e-02 -4.203756198700499963e-03 9.999877202568451251e-01 -2.624456008294961777e-03 -5.456069999999999670e-02 -2.543371178153911241e-02 2.516712492076978065e-03 9.996733428791855225e-01 3.805393500000000095e+00
9.995573331219951285e-01 5.273238780515945683e-03 2.928021097616128471e-02 -2.531550000000000120e-02 -5.209195012024956349e-03 9.999838711556502391e-01 -2.263120828955835807e-03 -5.553509999999999697e-02 -2.929167269671616863e-02 2.109592691355876605e-03 9.995686807465032908e-01 3.853641300000000047e+00
9.993340414183331522e-01 4.823460775844265469e-03 3.616915659294647756e-02 -2.223220000000000057e-02 -4.589322087112464657e-03 9.999679932743277266e-01 -6.553666889211599844e-03 -5.762810000000000155e-02 -3.619961029185167489e-02 6.383310509281104814e-03 9.993241924228895012e-01 3.949749499999999802e+00
9.992115953808710094e-01 4.140243330636233718e-03 3.948475707887187658e-02 -2.063970000000000041e-02 -3.855728281826785540e-03 9.999660732783232087e-01 -7.279124380572364952e-03 -5.847120000000000095e-02 -3.951355483667752522e-02 7.121142990717440821e-03 9.991936590604819646e-01 3.997625100000000042e+00
9.991024006450875961e-01 3.281216028047148799e-03 4.223300423365702883e-02 -1.850960000000000105e-02 -3.026139487322647252e-03 9.999768021949719810e-01 -6.102257919912309342e-03 -5.954899999999999777e-02 -4.225204734715316823e-02 5.968977575360153928e-03 9.990891530797832987e-01 4.045649499999999676e+00
9.988516169483592222e-01 2.014858997923072749e-03 4.786844119946745413e-02 -1.457239999999999924e-02 -1.869220948773638209e-03 9.999934880955564376e-01 -3.087034098765694193e-03 -6.143130000000000118e-02 -4.787434942318329056e-02 2.994012308051650917e-03 9.988488787387240775e-01 4.141392699999999927e+00
9.987416717213273287e-01 5.081051293618363621e-04 5.014793112847201056e-02 -1.217370000000000084e-02 -4.076061778024334483e-04 9.999978883123612494e-01 -2.014256195762035347e-03 -6.242999999999999938e-02 -5.014884868561065440e-02 1.991280993698440593e-03 9.987397697976745370e-01 4.188624899999999762e+00
9.984981567310478034e-01 -1.805272417058371472e-03 5.475556589242842193e-02 -7.416800000000000302e-03 2.236377993094222638e-03 9.999669770963615090e-01 -7.813023117642854329e-03 -6.444740000000000191e-02 -5.473965306952417037e-02 7.923743324024701620e-03 9.984692206941399029e-01 4.283594100000000182e+00
9.982798462120719973e-01 -8.049808711317076298e-04 5.862337974391153284e-02 -2.346700000000000175e-03 1.479598241007262045e-03 9.999331782942375568e-01 -1.146515309229325687e-02 -6.676920000000000077e-02 -5.861023320075559040e-02 1.153217031532336768e-02 9.982143304982008525e-01 4.379651499999999587e+00
9.982977442300338122e-01 -6.527469537907116138e-04 5.831970324547654932e-02 2.742500000000000146e-03 1.178854398323502016e-03 9.999589199323329902e-01 -8.987143599037062530e-03 -6.938030000000000586e-02 -5.831144113751334651e-02 9.040595620669937549e-03 9.982575035847663925e-01 4.475671300000000130e+00
9.984649651321465536e-01 -9.271399892526172156e-04 5.537918214547613710e-02 7.213500000000000294e-03 1.301191587498769404e-03 9.999765827325747258e-01 -6.718696818187795856e-03 -7.156800000000000661e-02 -5.537165614386223983e-02 6.780442310235596133e-03 9.984427901977976916e-01 4.573504400000000025e+00
9.987668873172714790e-01 -1.383364537702465010e-04 4.964560062678550351e-02 1.180250000000000049e-02 4.614753622533438945e-04 9.999787844763481370e-01 -6.497510115073599699e-03 -7.359200000000000463e-02 -4.964364852686353052e-02 6.512408174478076864e-03 9.987457617936159604e-01 4.671583199999999714e+00
9.991213093732376205e-01 1.519982402327265487e-03 4.188435041640137246e-02 1.566470000000000015e-02 -1.252194249083451874e-03 9.999786139507186311e-01 -6.419006991917567718e-03 -7.573159999999999614e-02 -4.189321145328737950e-02 6.360919327922633960e-03 9.991018454289001260e-01 4.770807699999999762e+00
9.992833711239579308e-01 2.098960444140987418e-03 3.779336661627388100e-02 1.743110000000000145e-02 -1.889909490797613001e-03 9.999827221482625594e-01 -5.566295632409844728e-03 -7.669389999999999541e-02 -3.780439706244164561e-02 5.490880621969783902e-03 9.992700724992921169e-01 4.820352999999999888e+00
9.995767965832448310e-01 2.348684870231564081e-03 2.899502391374467192e-02 2.003920000000000007e-02 -2.236021368675568735e-03 9.999898269338959311e-01 -3.917427364454433014e-03 -7.899349999999999428e-02 -2.900392974783082972e-02 3.850936002752514044e-03 9.995718795319752381e-01 4.919405900000000109e+00
9.997025575804137087e-01 2.988985565508474676e-03 2.420459321015036233e-02 2.117760000000000128e-02 -2.894165744187694733e-03 9.999880045946943907e-01 -3.951515072312599547e-03 -7.999649999999999817e-02 -2.421611388775757670e-02 3.880287619587643403e-03 9.996992163626839956e-01 4.969356999999999580e+00
9.998082911654386784e-01 3.671519756721659117e-03 1.923280685499143688e-02 2.178959999999999925e-02 -3.594917489007552758e-03 9.999854742257817675e-01 -4.015956384920445557e-03 -8.077399999999999858e-02 -1.924727214679084614e-02 3.946046136876530872e-03 9.998069669865242703e-01 5.019178400000000373e+00
9.999429710044958064e-01 4.963944129648385425e-03 9.455897492026058351e-03 2.292299999999999893e-02 -4.915883407641177122e-03 9.999749163260697182e-01 -5.099098841190448719e-03 -8.279770000000000185e-02 -9.480971945135875309e-03 5.052323955120152296e-03 9.999422909316456609e-01 5.119191599999999731e+00
9.999549725649639065e-01 8.601812253200075836e-03 4.007701156914787385e-03 2.262679999999999900e-02 -8.581136963277901514e-03 9.999499306812813515e-01 -5.147836333670837740e-03 -8.489919999999999412e-02 -4.051781215700669958e-03 5.113213907269373477e-03 9.999787188298152607e-01 5.220213399999999559e+00
9.999280899770555120e-01 1.183019493505456550e-02 1.965035021652324857e-03 2.210950000000000068e-02 -1.182050945394731885e-02 9.999182784863951401e-01 -4.869487144771570200e-03 -8.720849999999999436e-02 -2.022481418172458485e-03 4.845909264788481746e-03 9.999862132711183627e-01 5.321767300000000311e+00
9.999159548931526587e-01 1.296462209234375447e-02 4.152249288922547346e-05 2.204829999999999984e-02 -1.296439212926170891e-02 9.999096208916563588e-01 -3.560138343217391158e-03 -8.946429999999999660e-02 -8.767458833961822235e-05 3.559300817129944054e-03 9.999936618253436604e-01 5.423663099999999737e+00
9.998424601883613150e-01 1.770121188174750282e-02 -1.312212788579446418e-03 2.107859999999999942e-02 -1.769857728186310236e-02 9.998413817956104399e-01 1.992890173159351640e-03 -9.141810000000000214e-02 1.347281218955291267e-03 -1.969351914167933020e-03 9.999971532391256357e-01 5.526084899999999855e+00
9.998654710087842012e-01 1.623859719212534733e-02 -2.312540943215363968e-03 2.022940000000000155e-02 -1.623990998259556770e-02 9.998679726741980245e-01 -5.500401316610635744e-04 -9.256350000000000688e-02 2.303303744481276141e-03 5.875215920659071804e-04 9.999971748011288186e-01 5.628646400000000050e+00
9.999260391885563815e-01 1.142338518269445796e-02 -4.174017687224366308e-03 1.980180000000000134e-02 -1.141377639706940214e-02 9.999321724563596803e-01 2.318662343392090784e-03 -9.405529999999999446e-02 4.200221546914706741e-03 -2.270849548684318597e-03 9.999886006256691884e-01 5.731836799999999954e+00
9.999594392591206748e-01 7.941006209089031265e-03 -4.249736106182159037e-03 1.947799999999999879e-02 -7.924000969043280135e-03 9.999605904409587520e-01 4.003470196182111647e-03 -9.472559999999999314e-02 4.281360207641957127e-03 -3.969632899441300801e-03 9.999829558394564000e-01 5.783787300000000187e+00
9.999871429208508911e-01 2.168427245105713184e-03 -4.583875682908362947e-03 1.914779999999999954e-02 -2.153553060191304956e-03 9.999924084610515296e-01 3.247341910289813522e-03 -9.601469999999999450e-02 4.590882508910027957e-03 -3.237428539453384834e-03 9.999842213026369775e-01 5.887687699999999857e+00
9.999888267077637893e-01 -1.468573908386848741e-03 -4.493300602631903999e-03 1.864700000000000038e-02 1.477816235650142914e-03 9.999967979821443587e-01 2.054284457419093459e-03 -9.760380000000000444e-02 4.490269346448573680e-03 -2.060901776880740260e-03 9.999877950080502398e-01 5.991447400000000201e+00
9.999879634642336868e-01 -2.341511374347378296e-03 -4.311641350824003266e-03 1.836170000000000163e-02 2.351271258363214333e-03 9.999946820915561752e-01 2.259936299313221493e-03 -9.838610000000000411e-02 4.306326755359914452e-03 -2.270046935893688458e-03 9.999881511481947260e-01 6.043294399999999733e+00
9.999953543725625948e-01 9.061697812139416983e-04 -2.910341839155771229e-03 1.731529999999999875e-02 -8.890203674017159528e-04 9.999822675949806561e-01 5.888475047670468053e-03 -9.984329999999999594e-02 2.915626189941165382e-03 -5.885860338838110918e-03 9.999784276533131289e-01 6.146710900000000422e+00
9.999972371485800204e-01 1.041922495397025949e-03 -2.107152751996646100e-03 1.687599999999999864e-02 -1.036874564190100366e-03 9.999965937270494098e-01 2.395292348925508966e-03 -1.012137000000000037e-01 2.109641283440621875e-03 -2.393100877997233079e-03 9.999949112279736818e-01 6.250012899999999760e+00
9.999983548239571585e-01 8.210215672821607113e-04 -1.617489711016576294e-03 1.664550000000000057e-02 -8.213777187497985901e-04 9.999996385712726088e-01 -2.195357998598640838e-04 -1.019325999999999982e-01 1.617308882782852704e-03 2.208640086937616715e-04 9.999986677646462985e-01 6.301343899999999998e+00
9.999990203858107884e-01 -2.955410911313444632e-04 -1.368167709875035051e-03 1.651350000000000040e-02 2.896574406751935694e-04 9.999907190704943050e-01 -4.298589471311328736e-03 -1.029656999999999933e-01 1.369425421829644635e-03 4.298188960394832767e-03 9.999898250710728131e-01 6.352634899999999973e+00
9.999998614758125459e-01 -1.313095262044927929e-04 -5.097118441245160943e-04 1.596639999999999865e-02 1.274886387506321496e-04 9.999719490698610880e-01 -7.488979908503200396e-03 -1.043179999999999941e-01 5.106809206367260434e-04 7.488913888629181344e-03 9.999718272900322003e-01 6.403964000000000212e+00
9.999996183598701682e-01 -7.621945393915854341e-04 -4.270124097832224885e-04 1.555130000000000054e-02 7.585920443101162218e-04 9.999646489551580197e-01 -8.374089687722194655e-03 -1.068420000000000064e-01 4.333799998807333440e-04 8.373762563616637608e-03 9.999648455232332811e-01 6.506302400000000041e+00
9.999997802379719802e-01 -2.423727105175259213e-04 -6.170733157150506661e-04 1.531249999999999972e-02 2.376237507117395288e-04 9.999704461945500000e-01 -7.684417507238975459e-03 -1.082612000000000019e-01 6.189175719503076144e-04 7.684269187220055947e-03 9.999702840325294106e-01 6.556934400000000274e+00
9.999988494392558769e-01 1.123769380198827873e-03 -1.018951689047928886e-03 1.467519999999999936e-02 -1.129819918465062474e-03 9.999816186628924797e-01 -5.956999521016177399e-03 -1.109770000000000062e-01 1.012238665693859134e-03 5.958143899040615338e-03 9.999817377803267293e-01 6.658985600000000282e+00
9.999966747680671952e-01 1.022160171417681737e-03 -2.367623574922497753e-03 1.418099999999999916e-02 -1.037027992270595162e-03 9.999796992312446342e-01 -6.286946662151134992e-03 -1.130284000000000011e-01 2.361149243865925604e-03 6.289381048517687402e-03 9.999774340755268609e-01 6.759762300000000224e+00
9.999899053714214059e-01 2.002949712728495542e-03 -4.022107371028637961e-03 1.377450000000000029e-02 -2.021829082884473751e-03 9.999869329425274955e-01 -4.695332933520814447e-03 -1.155472000000000027e-01 4.012650298170100140e-03 4.703417549536027462e-03 9.999808880678366929e-01 6.859911399999999659e+00
9.999828751998364185e-01 2.759187444798329430e-03 -5.161026226728703502e-03 1.272460000000000084e-02 -2.794356387192935710e-03 9.999728420921348837e-01 -6.819578473757745458e-03 -1.179486000000000007e-01 5.142069568750338472e-03 6.833883436440312507e-03 9.999634279101048406e-01 6.958995800000000287e+00
9.999734358616367835e-01 2.806587166110045568e-03 -6.726859560890682821e-03 1.181959999999999955e-02 -2.858532737721684088e-03 9.999660761713384804e-01 -7.724978775644885526e-03 -1.204985999999999974e-01 6.704950533769311188e-03 7.744002516516699033e-03 9.999475356554281547e-01 7.058702900000000113e+00
9.999602913080954947e-01 3.622021223247864213e-03 -8.142282805645377486e-03 1.065140000000000010e-02 -3.690640729733158688e-03 9.999576698710185285e-01 -8.428382829886411215e-03 -1.232054000000000066e-01 8.111410360276505999e-03 8.458098390384888310e-03 9.999313304390384793e-01 7.158122500000000166e+00
9.999471111367543852e-01 3.548584441006605392e-03 -9.653107153885441896e-03 9.281700000000000367e-03 -3.613679892465746554e-03 9.999707941028718183e-01 -6.734408578844403720e-03 -1.255570000000000019e-01 9.628927608728668833e-03 6.768935642851850107e-03 9.999307302325340929e-01 7.257767199999999974e+00
9.999274840652537799e-01 3.850316667332898037e-03 -1.141059474755827703e-02 7.984599999999999684e-03 -3.918707303735465171e-03 9.999744573428031025e-01 -5.977323400497419614e-03 -1.280898000000000037e-01 1.138728870273325415e-02 6.021604730280974427e-03 9.999170315243525176e-01 7.357090999999999603e+00
9.999019768091256255e-01 5.188005595621199804e-03 -1.300466728304426438e-02 5.519500000000000101e-03 -5.275678337608999575e-03 9.999635277880081219e-01 -6.716421058837907833e-03 -1.319311999999999985e-01 1.296934814402643348e-02 6.784371135287434011e-03 9.998928784209925036e-01 7.505969999999999587e+00
9.998996559619600655e-01 5.155058789182574014e-03 -1.319482383489574591e-02 4.532800000000000024e-03 -5.260596270977604266e-03 9.999543519104261424e-01 -7.976228574551654654e-03 -1.331491999999999953e-01 1.315310358917764870e-02 8.044840848630212260e-03 9.998811311359429022e-01 7.555417499999999897e+00
9.999086469254072629e-01 1.098237266750422270e-03 -1.347188474962283944e-02 2.968399999999999945e-03 -1.222085182937595552e-03 9.999570400824063787e-01 -9.188280439694296656e-03 -1.358514999999999862e-01 1.346121508656793891e-02 9.203904852764668507e-03 9.998670330718252286e-01 7.654608200000000195e+00
9.999034690123767000e-01 1.287295908074083525e-03 -1.383457719846201313e-02 2.159799999999999914e-03 -1.365829467469350600e-03 9.999830002229656012e-01 -5.668666063750766107e-03 -1.369380000000000042e-01 1.382704476310616694e-02 5.687014535024764728e-03 9.998882291030321001e-01 7.704506900000000158e+00
9.999028917169845432e-01 4.335806640280343602e-04 -1.392907548332248183e-02 1.427799999999999903e-03 -4.471978500343400434e-04 9.999994251730364159e-01 -9.745089428964378089e-04 -1.382547000000000081e-01 1.392864494827975377e-02 9.806433626153177735e-04 9.999025108421821795e-01 7.754230999999999874e+00
9.999015648617185503e-01 1.226921797338414218e-03 -1.397695424581902983e-02 4.613999999999999937e-04 -1.251816204495537471e-03 9.999976456071267839e-01 -1.772494398719039665e-03 -1.392100000000000004e-01 1.397474662656411452e-02 1.789816500802207709e-03 9.999007465811877715e-01 7.803847799999999779e+00
9.999003293881427723e-01 2.642597981087658598e-03 -1.386895689639016868e-02 -5.588000000000000302e-04 -2.712451623607064263e-03 9.999837194683591779e-01 -5.020299235670344987e-03 -1.401206999999999869e-01 1.385546446977395374e-02 5.057417734025168587e-03 9.998912183983768021e-01 7.852780799999999672e+00
9.998940252916156401e-01 2.773015940032039824e-03 -1.429155585393536432e-02 -1.490400000000000015e-03 -2.872400047615508104e-03 9.999718048457487685e-01 -6.938215296616925647e-03 -1.412519999999999887e-01 1.427191311970068058e-02 6.978531086989502898e-03 9.998737983364558435e-01 7.901830200000000026e+00
9.998981551142949176e-01 2.610068573950137527e-03 -1.403092801879923628e-02 -2.713500000000000200e-03 -2.702567252449448836e-03 9.999747155230783724e-01 -6.577571343915645033e-03 -1.424571000000000032e-01 1.401340534186588764e-02 6.614820978498988854e-03 9.998799270983226295e-01 7.950278299999999909e+00
9.998970798571235052e-01 2.594389922000114607e-03 -1.411023862766933555e-02 -4.269799999999999811e-03 -2.639868961997077993e-03 9.999913780428671961e-01 -3.205453445430714917e-03 -1.448559000000000097e-01 1.410180077368248901e-02 3.242372720703684107e-03 9.998953076367942394e-01 8.047985999999999862e+00
9.999107758488708919e-01 1.850849488571278600e-03 -1.322931205617664842e-02 -5.329200000000000083e-03 -1.882264562856213923e-03 9.999954375898237879e-01 -2.362600188802895917e-03 -1.460731999999999864e-01 1.322487888127755508e-02 2.387290453080900734e-03 9.999096976341754761e-01 8.096327799999999186e+00
9.999426440854194409e-01 8.376581878276277140e-04 -1.067739988108366671e-02 -6.663800000000000105e-03 -8.867125719491660918e-04 9.999890712926072789e-01 -4.590319832365365692e-03 -1.481490000000000029e-01 1.067343807191232195e-02 4.599524335083448635e-03 9.999324587668989572e-01 8.193270699999999351e+00
9.999663324464247438e-01 -3.706670244479194176e-04 -8.197351987275525512e-03 -7.776599999999999832e-03 3.165234666462388266e-04 9.999781345601462812e-01 -6.605317138872655869e-03 -1.505366999999999955e-01 8.199621121818089289e-03 6.602500099735670105e-03 9.999445850675384717e-01 8.289112100000000538e+00
9.999834396930735725e-01 -3.005944229258568812e-04 -5.747171704581491812e-03 -8.736799999999999428e-03 2.770020005008844784e-04 9.999915344257868099e-01 -4.105404566200047782e-03 -1.527994000000000019e-01 5.748357113189364077e-03 4.103744601380983521e-03 9.999750575243093742e-01 8.384283099999999322e+00
9.999955414128867126e-01 6.892277697951184300e-04 -2.905532555129815113e-03 -9.997000000000000677e-03 -6.987687225824075390e-04 9.999943635702164269e-01 -3.283983871786438913e-03 -1.552811000000000052e-01 2.903252765419589952e-03 3.285999525130237423e-03 9.999903866190418267e-01 8.478564300000000387e+00
9.999989788029930438e-01 8.582074194820005046e-04 -1.142748002049006435e-03 -1.044969999999999927e-02 -8.617900458965206071e-04 9.999947041671403136e-01 -3.138304572597576305e-03 -1.573345999999999911e-01 1.140048633977789163e-03 3.139286176623473906e-03 9.999944225701528078e-01 8.571362499999999329e+00
9.999988818988679862e-01 1.337888468002832636e-03 6.680235482580070385e-04 -1.093820000000000035e-02 -1.335707235098446783e-03 9.999938102723442412e-01 -3.255042731019037495e-03 -1.594424000000000119e-01 -6.723742975068624584e-04 3.254146807665451308e-03 9.999944792054394904e-01 8.663186100000000778e+00
9.999992000021526994e-01 9.839065565755793479e-05 1.261076656464033170e-03 -1.122090000000000067e-02 -9.520915250853503246e-05 9.999968135594708984e-01 -2.522658542492675453e-03 -1.615083999999999964e-01 -1.261320844146260941e-03 2.522536458331561642e-03 9.999960229318637372e-01 8.752532999999999674e+00
9.999992573932738882e-01 -5.646066934234543391e-04 1.080014899225327897e-03 -1.129830000000000070e-02 5.661928418847154542e-04 9.999987608869895794e-01 -1.468894193298629809e-03 -1.626580999999999999e-01 -1.079184213471347546e-03 1.469504599192992048e-03 9.999983379574519660e-01 8.796587900000000459e+00
9.999996663368636574e-01 -7.329596625202191738e-04 3.606886390248968135e-04 -1.163900000000000004e-02 7.334398811548469054e-04 9.999988424977729329e-01 -1.333067535806680554e-03 -1.637797000000000003e-01 -3.597111367958323916e-04 1.333331634443725953e-03 9.999990464168706517e-01 8.839713100000000878e+00
9.999999143175759553e-01 -4.127642542491666766e-04 3.147238811515685417e-05 -1.190510000000000006e-02 4.128352070525374016e-04 9.999972954952315307e-01 -2.288792108173509209e-03 -1.649762999999999924e-01 -3.052757143027150336e-05 2.288804904974117097e-03 9.999973802166556291e-01 8.882301299999999955e+00
9.999994670640920402e-01 -4.070835708514149989e-04 -9.487647222479804422e-04 -1.243280000000000080e-02 4.041153664244669704e-04 9.999950305553930718e-01 -3.126588442552451306e-03 -1.669918999999999987e-01 9.500327902020251928e-04 3.126203365877819069e-03 9.999946621308598571e-01 8.965898499999999771e+00
9.999981588250044240e-01 -3.052775170743316597e-04 -1.894505803326154399e-03 -1.275410000000000085e-02 2.991214198215696096e-04 9.999946776363815015e-01 -3.248880620415173226e-03 -1.679067999999999949e-01 1.895487530286462914e-03 3.248307951391660522e-03 9.999929277862296129e-01 9.007103000000000748e+00
9.999800236986263746e-01 -2.220727497918191084e-03 -5.917818269836784030e-03 -1.334310000000000010e-02 2.218850244903214104e-03 9.999974859360936108e-01 -3.237670198642568107e-04 -1.702567000000000108e-01 5.918522390387397601e-03 3.106297996793730507e-04 9.999824371466942141e-01 9.087217300000000719e+00
9.999447128379377325e-01 -1.521600567480845640e-03 -1.040461432092444800e-02 -1.440750000000000017e-02 1.531956708133444577e-03 9.999983390304518771e-01 9.874436600066200612e-04 -1.717724999999999946e-01 1.040309454434347990e-02 -1.003328485753443274e-03 9.999453829864164423e-01 9.165773400000000848e+00
9.999180425069914557e-01 -9.334913504262791917e-04 -1.276858891518731914e-02 -1.532640000000000044e-02 9.348703808509887386e-04 9.999995578031720678e-01 1.020334813482338721e-04 -1.722676999999999958e-01 1.276848802158551260e-02 -1.139620945219705094e-04 9.999184730398191778e-01 9.203860300000000549e+00
9.998779009057062739e-01 -1.158826055894904110e-03 -1.558333733738978197e-02 -1.606269999999999920e-02 1.169902736871980108e-03 9.999990694679784520e-01 7.017056103257101685e-04 -1.733018000000000058e-01 1.558250968185057386e-02 -7.198509217068402603e-04 9.998783262010761952e-01 9.241117499999999652e+00
9.997655429246629089e-01 -4.279300295619949731e-04 -2.164892737398077180e-02 -1.777870000000000145e-02 4.476185387992623636e-04 9.999994906614196877e-01 9.046073981755184705e-04 -1.749921000000000115e-01 2.164852923867619308e-02 -9.140857678083266031e-04 9.997652252549151797e-01 9.313672999999999647e+00
9.996047768488799390e-01 -7.514937191713079510e-05 -2.811199838988415536e-02 -1.981190000000000034e-02 5.563769958065900334e-05 9.999997570434059346e-01 -6.948507578320966670e-04 -1.762591000000000019e-01 2.811204377748679692e-02 6.930120498049997628e-04 9.996045381694460552e-01 9.382538800000000734e+00
9.994145811590339212e-01 1.126895828793945085e-03 -3.419393327044745190e-02 -2.230880000000000016e-02 -1.183165217556229019e-03 9.999979790859158113e-01 -1.625405842376065942e-03 -1.778684000000000098e-01 3.419203250438224151e-02 1.664911371668754622e-03 9.994138947319792798e-01 9.447822600000000293e+00
9.992875076066476403e-01 3.578359477554039856e-03 -3.757223023382191829e-02 -2.483459999999999834e-02 -3.631154321057671486e-03 9.999925135327066839e-01 -1.337010409798938945e-03 -1.793260000000000132e-01 3.756716464667764210e-02 1.472488366217440366e-03 9.992930200488846504e-01 9.509929700000000707e+00
9.993135078914522351e-01 3.828573377259508834e-03 -3.684908372776143914e-02 -2.722250000000000017e-02 -3.813314909213748934e-03 9.999926119881168418e-01 4.843537827045124524e-04 -1.807764000000000038e-01 3.685066587029060814e-02 -3.435041172850020869e-04 9.993207245073213452e-01 9.569210999999999245e+00
9.993314828609072276e-01 3.864654767561128291e-03 -3.635452938146401664e-02 -2.943219999999999864e-02 -3.939636623146503848e-03 9.999902573287133833e-01 -1.991107965736678767e-03 -1.820704999999999962e-01 3.634648024634195423e-02 2.133000511304270971e-03 9.993369720382214716e-01 9.625458699999999368e+00
9.994094833189297589e-01 4.623028173745661468e-03 -3.404867490365338922e-02 -3.167090000000000183e-02 -4.813941485315590199e-03 9.999731374989184740e-01 -5.527227871657293228e-03 -1.833299999999999930e-01 3.402220774091357924e-02 5.687872280037723112e-03 9.994048916677165106e-01 9.681907700000000006e+00
9.995094302785882956e-01 4.502722422608095888e-03 -3.099393932621030689e-02 -3.371430000000000260e-02 -4.703300172273278644e-03 9.999684483896290610e-01 -6.401655467707938370e-03 -1.845285999999999871e-01 3.096413653989656817e-02 6.544288809540963446e-03 9.994990718016280029e-01 9.737152099999999422e+00
