9.999999999758000246e-01 -2.199996039972588467e-06 -6.600001319917765849e-06 2.799999999999999873e-06 2.200003959972588397e-06 9.999999999968600672e-01 1.199992739985048254e-06 -1.129000000000000066e-04 6.599998679917766437e-06 -1.200007259985047986e-06 9.999999999774999981e-01 -3.802999999999999740e-04
9.999942650945790046e-01 1.087523792128217148e-03 3.207346247973660077e-03 -1.742300000000000012e-03 -1.084872866309454040e-03 9.999990686163355846e-01 -8.281408849538711382e-04 -1.198499999999999913e-03 -3.208243883619379868e-03 8.246565727269345629e-04 9.999945135413095265e-01 5.850500000000000145e-02
9.999890668499474833e-01 1.377892129364338171e-03 4.468511368578280407e-03 -1.802199999999999896e-03 -1.376100140755692151e-03 9.999989715351098596e-01 -4.040756429515299578e-04 -2.134000000000000046e-03 -4.469063545519317768e-03 3.979221060086240687e-04 9.999899345138548723e-01 1.173002999999999962e-01
9.999889654592144517e-01 4.210801381418431254e-04 4.678851496603545976e-03 -1.269799999999999965e-03 -4.225174652993647596e-04 9.999998638564790987e-01 3.062123685034288229e-04 -3.319599999999999808e-03 -4.678721919661800108e-03 -3.081858860654166136e-04 9.999890072309085554e-01 1.759719999999999895e-01
9.999861121160821265e-01 1.672331531401778963e-04 5.267599836254725602e-03 -9.453000000000000465e-04 -1.683656871905641554e-04 9.999999628090783244e-01 2.145573054056222726e-04 -4.249799999999999758e-03 -5.267563759253120724e-03 -2.154412087249470207e-04 9.999861030820017538e-01 2.345365000000000089e-01
9.999807798222039024e-01 1.571929028375239075e-04 6.198005854166763716e-03 -5.948999999999999861e-04 -1.600055550642753963e-04 9.999998844558071198e-01 4.533062924380821591e-04 -5.302300000000000242e-03 -6.197933881491196097e-03 -4.542892951775329429e-04 9.999806894319694939e-01 2.939908999999999994e-01
9.999770506107880097e-01 4.966106690742608156e-04 6.756598966402303612e-03 -3.089999999999999756e-04 -4.921836136347942231e-04 9.999996631407939152e-01 -6.568664925908849475e-04 -6.248400000000000308e-03 -6.756922897288118214e-03 6.535259306109211840e-04 9.999769581829464071e-01 3.525132999999999739e-01
9.999676843784796043e-01 7.859391570405026295e-05 8.038906750161046305e-03 -6.620999999999999932e-04 -7.260486008497703269e-05 9.999997196297909507e-01 -7.452978422395149100e-04 -7.479399999999999764e-03 -8.038963072166869367e-03 7.446900937766935506e-04 9.999674097236311843e-01 4.100925999999999738e-01
9.999664708635812582e-01 -3.026879972894104477e-04 8.183246825735412261e-03 -3.468000000000000271e-04 2.981069301663207796e-04 9.999997981919087620e-01 5.610244202452067171e-04 -8.303800000000000070e-03 -8.183414989648182813e-03 -5.585661269908728192e-04 9.999663592956460345e-01 4.682579000000000047e-01
9.999763521054978455e-01 -8.707753464106213898e-04 6.821801820443447288e-03 -1.287999999999999865e-04 8.620140206484585600e-04 9.999988000907434893e-01 1.287147583365760850e-03 -9.006699999999999429e-03 -6.822914451283084054e-03 -1.281236656220193469e-03 9.999759028451741250e-01 5.262681000000000164e-01
9.999876760616720484e-01 -1.895327256280386705e-03 4.588622818242249664e-03 -2.150999999999999971e-04 1.890660551095821058e-03 9.999976913344271745e-01 1.021140781757578836e-03 -1.003420000000000006e-02 -4.590547620602888033e-03 -1.012452669135251388e-03 9.999889508450259257e-01 5.837904999999999900e-01
9.999984453426465913e-01 -1.332629751266410515e-03 1.154733837706511165e-03 -4.346999999999999953e-04 1.332169137274282237e-03 9.999990328344164903e-01 3.995692946516764938e-04 -1.192220000000000085e-02 -1.155265198817430772e-03 -3.980303726779754032e-04 9.999992534667927480e-01 6.992844999999999756e-01
9.999999861044601701e-01 -2.881571347588662491e-05 1.641972411953965412e-04 -7.751999999999999776e-04 2.878428559639281206e-05 9.999999812683002531e-01 1.914023613972237736e-04 -1.288459999999999953e-02 -1.642027535153077781e-04 -1.913976324372999285e-04 9.999999682022004954e-01 7.570533000000000401e-01
9.999994174042470263e-01 -8.857568411822529979e-04 -6.169489319709415848e-04 -1.513199999999999918e-03 8.862427219596429777e-04 9.999992970300326522e-01 7.877266519439829430e-04 -1.497369999999999951e-02 6.162507640034300092e-04 -7.882729595185610861e-04 9.999994994302432438e-01 8.733168000000000042e-01
9.999987364735868356e-01 -1.287411113525070445e-03 -9.325362484221966361e-04 -1.951999999999999959e-03 1.288187842320874174e-03 9.999988235078064447e-01 8.327995473410002751e-04 -1.570430000000000090e-02 9.314629959079947239e-04 -8.339997769345163783e-04 9.999992184102242110e-01 9.310981000000000396e-01
9.999978180605320066e-01 -1.117018055897177082e-03 -1.765260558095185133e-03 -2.164699999999999871e-03 1.116580589823688852e-03 9.999993456765295941e-01 -2.487856490087839005e-04 -1.661709999999999923e-02 1.765537301105761384e-03 2.468140504984068736e-04 9.999984109791689724e-01 9.892902000000000085e-01
9.999971164188422579e-01 -1.505971007109277839e-03 -1.870616295790853692e-03 -2.872800000000000006e-03 1.504026248446654413e-03 9.999983275193669030e-01 -1.040607280825559672e-03 -1.766159999999999952e-02 1.872180291616037289e-03 1.037790824140370771e-03 9.999977089629560334e-01 1.046651999999999916e+00
9.999966464028385849e-01 -1.713079255041407916e-04 -2.584151054181467715e-03 -3.345100000000000157e-03 1.698917838359893914e-04 9.999998352958120451e-01 -5.482199654429157883e-04 -1.875620000000000065e-02 2.584244542985966817e-03 5.477791009016994049e-04 9.999965108030119953e-01 1.105219100000000010e+00
9.999936500029970032e-01 -4.265471828696972977e-04 -3.538080155158259809e-03 -3.715800000000000006e-03 4.246514153983654556e-04 9.999997658915109611e-01 -5.365520465845916888e-04 -1.982679999999999859e-02 3.538308191627593993e-03 5.350461887350230119e-04 9.999935970298595711e-01 1.163140700000000027e+00
9.999903128602978253e-01 -4.526642739440230392e-04 -4.378273703025859984e-03 -4.207800000000000255e-03 4.465333578176464320e-04 9.999989186498282612e-01 -1.401180621614693447e-03 -2.063649999999999859e-02 4.378903232987587518e-03 1.399212002924207256e-03 9.999894336502995751e-01 1.220962000000000103e+00
9.999863558505729388e-01 -3.253952423051444521e-04 -5.213658085031878595e-03 -4.702600000000000356e-03 3.214025141401686820e-04 9.999996544813891663e-01 -7.666404151564889038e-04 -2.162740000000000148e-02 5.213905744759630284e-03 7.649542721837113146e-04 9.999861149195253818e-01 1.278788400000000047e+00
9.999790814530304939e-01 -1.726755297711665606e-03 -6.233375690217816262e-03 -5.011999999999999962e-03 1.734026015554999186e-03 9.999978223801390120e-01 1.161201428412376264e-03 -2.281619999999999829e-02 6.231357005576891248e-03 -1.171985973377320757e-03 9.999798981173307899e-01 1.336976299999999895e+00
9.999746962776716597e-01 -1.643125547477256726e-03 -6.921484148177670104e-03 -5.803599999999999905e-03 1.649253223503826821e-03 9.999982530462836472e-01 8.796977808347742570e-04 -2.357710000000000014e-02 6.920026602767465410e-03 -8.910908012492078055e-04 9.999756592982655956e-01 1.394978400000000063e+00
9.999667524561260956e-01 -2.721416058566404270e-03 -7.686863923915196462e-03 -6.580500000000000412e-03 2.722138617747581202e-03 9.999962914844766626e-01 8.353825150380682026e-05 -2.458360000000000059e-02 7.686608074721861666e-03 -1.044601831987850666e-04 9.999704521356497233e-01 1.453053399999999939e+00
9.999547709764365910e-01 -2.197991362201654787e-03 -9.253368869444949726e-03 -8.063100000000000128e-03 2.193558696520812347e-03 9.999974745108618501e-01 -4.891545186802143379e-04 -2.698640000000000067e-02 9.254420657569218875e-03 4.688345869432768089e-04 9.999570670245911952e-01 1.568397800000000064e+00
9.999494223696507866e-01 -2.769059322334524887e-03 -9.668764816215110955e-03 -8.980899999999999994e-03 2.769670390439544095e-03 9.999961632150452528e-01 4.981081183828367726e-05 -2.824230000000000143e-02 9.668589790150857941e-03 -7.658758414904974629e-05 9.999532551603659281e-01 1.626096100000000044e+00
9.999422960531807458e-01 -3.243567281030681083e-03 -1.024128093485195991e-02 -9.721499999999999239e-03 3.247538662914128006e-03 9.999946578463796421e-01 3.711756121156419832e-04 -2.923699999999999910e-02 1.024002229128496110e-02 -4.044131496115569270e-04 9.999474878179746007e-01 1.683070499999999914e+00
9.999306813594273091e-01 -3.844302685531242412e-03 -1.112896279684146006e-02 -1.026679999999999954e-02 3.846363739150685749e-03 9.999925893004054656e-01 1.637994411094186129e-04 -3.029569999999999833e-02 1.112825062881002761e-02 -2.065941257109623317e-04 9.999380577599842335e-01 1.740810900000000050e+00
9.999154312506042253e-01 -4.725786646629763672e-03 -1.211599304591718003e-02 -1.181210000000000072e-02 4.733213019187459784e-03 9.999886275571785443e-01 5.843379377681299537e-04 -3.196999999999999842e-02 1.211309380105561433e-02 -6.416360970648282962e-04 9.999264279244177711e-01 1.856012500000000065e+00
9.999226037982862358e-01 -3.978069649393912652e-03 -1.178818794895995954e-02 -1.371080000000000042e-02 4.005370356131155232e-03 9.999893489856901407e-01 2.293234284949433304e-03 -3.351969999999999950e-02 1.177893974709352289e-02 -2.340272855889404934e-03 9.999278872505728000e-01 1.970838000000000090e+00
9.999250315735179750e-01 -3.175003761715057375e-03 -1.182584389429187748e-02 -1.454180000000000056e-02 3.199273607057837032e-03 9.999928138837150815e-01 2.033919692819554682e-03 -3.469540000000000124e-02 1.181930120972675587e-02 -2.071601323312787304e-03 9.999280037017019840e-01 2.028318899999999925e+00
9.999435450662188529e-01 7.976186038469473176e-04 -1.059577675139934151e-02 -1.700000000000000122e-02 -7.579567718100503919e-04 9.999926939856847996e-01 3.746662085729364575e-03 -3.638310000000000155e-02 1.059868774588462216e-02 -3.738419427428103532e-03 9.999368440247863310e-01 2.142984600000000128e+00
9.999568488920604903e-01 -9.273300339884355198e-06 -9.289793747264156118e-03 -1.767760000000000165e-02 7.632521877904820747e-05 9.999739507656603132e-01 7.217476330249997067e-03 -3.750640000000000224e-02 9.289484825424158473e-03 -7.217873933689992159e-03 9.999308014895608165e-01 2.200363400000000080e+00
9.999813492056590647e-01 1.465407068313359261e-03 -5.929065942778618051e-03 -1.916930000000000023e-02 -1.387318037785097982e-03 9.999125293272086434e-01 1.315329020154949388e-02 -3.815980000000000066e-02 5.947822247824505887e-03 -1.314481938210940518e-02 9.998959131499238762e-01 2.315046800000000182e+00
9.999881457236434734e-01 6.195408166262328029e-04 -4.829552915732521906e-03 -1.937670000000000017e-02 -5.516268850412914954e-04 9.999011300841513794e-01 1.405082788367898773e-02 -3.811189999999999717e-02 4.837780479623486618e-03 -1.404799721005116873e-02 9.998896187351968834e-01 2.372622300000000184e+00
9.999945327454883293e-01 -8.492491397535620757e-04 -3.195818366413394427e-03 -1.973050000000000151e-02 8.895139038470735535e-04 9.999199822959565775e-01 1.261894489522902459e-02 -3.840350000000000014e-02 3.184846016268302969e-03 -1.262171862911670890e-02 9.999152708978397142e-01 2.429634099999999908e+00
9.999980171061150225e-01 7.488390751412756115e-05 -1.990019155293974717e-03 -2.015739999999999893e-02 -5.311410869548965463e-05 9.999401845985037562e-01 1.093729418100520059e-02 -3.867860000000000048e-02 1.990719148825120799e-03 -1.093716679541772985e-02 9.999382058006183183e-01 2.486577500000000107e+00
9.999990910616548545e-01 3.479738800405488539e-04 -1.302608937070442530e-03 -2.046059999999999893e-02 -3.344167298986927875e-04 9.999459304127629178e-01 1.039347951383658673e-02 -3.881090000000000234e-02 1.306155164936435636e-03 -1.039303445258344359e-02 9.999451378918507993e-01 2.543458199999999891e+00
9.999980567387041219e-01 5.063039251027767935e-05 -1.970775324320623873e-03 -2.018280000000000074e-02 -3.136859497698405092e-05 9.999522472968479514e-01 9.772519736213639008e-03 -3.905399999999999844e-02 1.971176000981641249e-03 -9.772438925201333559e-03 9.999503057165523012e-01 2.600730400000000220e+00
9.999962070575307838e-01 -8.075836689805581878e-04 -2.633188023982712365e-03 -2.060980000000000104e-02 8.307988300442969640e-04 9.999606941316825370e-01 8.827228613080492087e-03 -3.958430000000000282e-02 2.625955798570705352e-03 -8.829382781439812367e-03 9.999575722778655251e-01 2.657659999999999911e+00
9.999898710822444636e-01 -6.300724089449396192e-04 -4.456539203853165931e-03 -2.103659999999999905e-02 6.711105559433851219e-04 9.999573339286255136e-01 9.213030607627402044e-03 -4.002270000000000133e-02 4.450544184444779616e-03 -9.215928120100779983e-03 9.999476282912758140e-01 2.714439599999999952e+00
9.999841617395325288e-01 -1.038450265822660114e-03 -5.531536055185031116e-03 -2.177969999999999906e-02 1.094713611370834797e-03 9.999476027672618006e-01 1.017808047302743574e-02 -4.032979999999999898e-02 5.520676787630168954e-03 -1.018397471774924387e-02 9.999329021423161157e-01 2.771665299999999998e+00
9.999768121049219527e-01 -9.602224845657496635e-04 -6.741900715500354600e-03 -2.225759999999999891e-02 1.033736308255704325e-03 9.999399605740537655e-01 1.090901628951030343e-02 -4.090939999999999854e-02 6.731020852925927687e-03 -1.091573267994144607e-02 9.999177666880099125e-01 2.829152300000000064e+00
9.999716256433019979e-01 1.732813038097166520e-04 -7.531127530576534404e-03 -2.301299999999999873e-02 -9.271300564725086036e-05 9.999427803899805234e-01 1.069707204115872071e-02 -4.148550000000000154e-02 7.532550204986466005e-03 -1.069607028515172711e-02 9.999144237222825637e-01 2.886127500000000179e+00
9.999647094472490227e-01 5.427650527992428000e-04 -8.383630846852915472e-03 -2.345939999999999831e-02 -4.560127764155963090e-04 9.999463719940018258e-01 1.034626446507256464e-02 -4.163100000000000134e-02 8.388796840226234522e-03 -1.034207629690176919e-02 9.999113308416114343e-01 2.943066400000000193e+00
9.999597138003439856e-01 -2.178044546885322041e-04 -8.973479679245154397e-03 -2.390660000000000007e-02 3.053840543409469055e-04 9.999523272204495772e-01 9.759612030519492290e-03 -4.210950000000000110e-02 8.970926201550327370e-03 -9.761959210446658972e-03 9.999121094553560241e-01 2.999981200000000126e+00
9.999564090104555714e-01 -1.700536330137879162e-03 -9.180863527159160986e-03 -2.470079999999999845e-02 1.785388415797590968e-03 9.999556978749267744e-01 9.242006041602766897e-03 -4.290859999999999813e-02 9.164740428357801699e-03 -9.257994580802446360e-03 9.999151449344202414e-01 3.056956099999999843e+00
9.999505960324116538e-01 -2.219751086507125958e-03 -9.689076299554994984e-03 -2.532080000000000095e-02 2.319732309020134699e-03 9.999440571564804925e-01 1.031995152370478869e-02 -4.323110000000000147e-02 9.665626541468274810e-03 -1.034191774049083787e-02 9.998998051810039644e-01 3.113951399999999925e+00
9.999496878936314781e-01 -1.850210624527136739e-03 -9.858924995851123599e-03 -2.604700000000000071e-02 1.968073037862076626e-03 9.999265561760227738e-01 1.195863464099398109e-02 -4.373119999999999785e-02 9.836074925831517560e-03 -1.197743606136253934e-02 9.998798891144122791e-01 3.170841199999999915e+00
9.999471555643297815e-01 -1.271492096143900068e-03 -1.020144042062941236e-02 -2.708150000000000140e-02 1.374838799508192044e-03 9.999477451922633708e-01 1.012999028547391552e-02 -4.408050000000000163e-02 1.018802714373959889e-02 -1.014348030795508664e-02 9.998966516146359229e-01 3.227801299999999873e+00
9.999439163278166509e-01 3.039784599492876367e-04 -1.058639674697010001e-02 -2.764080000000000009e-02 -2.092091864965928496e-04 9.999599086707713358e-01 8.951942954408469849e-03 -4.443520000000000109e-02 1.058869352208560537e-02 -8.949226125123048436e-03 9.999038908421432614e-01 3.285032499999999800e+00
9.999374864574434030e-01 2.479230125195605854e-03 -1.090305439574983104e-02 -2.843489999999999907e-02 -2.379843597529012356e-03 9.999555889033540090e-01 9.119022173333910658e-03 -4.485700000000000104e-02 1.092517833363178259e-02 -9.092504546755968142e-03 9.998989783170325607e-01 3.341333899999999968e+00
9.999249133672198919e-01 5.856544320528437111e-03 -1.076422390046479806e-02 -3.033630000000000007e-02 -5.751500159430373085e-03 9.999357919349359802e-01 9.763823706337933922e-03 -4.595939999999999748e-02 1.082071501675022952e-02 -9.701180138213100906e-03 9.998943940389165563e-01 3.453563899999999798e+00
9.999310652678339295e-01 6.251615956487236066e-03 -9.938913938024221406e-03 -3.125540000000000262e-02 -6.143588592599787991e-03 9.999221253593565395e-01 1.086275913533336912e-02 -4.661440000000000028e-02 1.000604974701483837e-02 -1.080094971564931478e-02 9.998916033519335000e-01 3.509164999999999868e+00
9.999633069481576042e-01 6.716367868163669423e-03 -5.317439229960271505e-03 -3.247060000000000224e-02 -6.665760152938497544e-03 9.999328605478322585e-01 9.478504007122258088e-03 -4.761139999999999817e-02 5.380743339755132346e-03 -9.442711437348596040e-03 9.999409396568492703e-01 3.620578800000000097e+00
9.999875539265414837e-01 4.054245025289964291e-03 -2.907763623025883763e-03 -3.262299999999999922e-02 -4.042112466206934651e-03 9.999831515734626253e-01 4.166280837378531603e-03 -4.798480000000000106e-02 2.924605755142995703e-03 -4.154475475951764467e-03 9.999870934240585596e-01 3.675639599999999785e+00
9.999867902781836015e-01 5.126479610381609597e-03 -3.721235552910245620e-04 -3.289550000000000113e-02 -5.125068911531895088e-03 9.999800299224886890e-01 3.697759439254245072e-03 -4.859929999999999806e-02 3.910726123242146742e-04 -3.695803434016237989e-03 9.999930940257483192e-01 3.730511400000000144e+00
9.999888314568127212e-01 4.070559540345814603e-03 2.401563379706904595e-03 -3.299189999999999762e-02 -4.088559601244184938e-03 9.999632269905111004e-01 7.538457873512812574e-03 -4.948879999999999946e-02 -2.370789325377431478e-03 -7.548192614934582864e-03 9.999687015833158554e-01 3.785366100000000067e+00
9.999421055666812830e-01 4.099845797702360295e-03 9.948707418909004049e-03 -3.293890000000000012e-02 -4.169583294147091376e-03 9.999668129206848999e-01 6.999116544332436435e-03 -5.060769999999999852e-02 -9.919681951814899104e-03 -7.040193298698611130e-03 9.999260150572599759e-01 3.894069899999999862e+00
9.999054585050923816e-01 3.133186338514954827e-03 1.338869654182739573e-02 -3.256490000000000079e-02 -3.182653318057992401e-03 9.999881825718064388e-01 3.674974094112420236e-03 -5.113039999999999946e-02 -1.337702394324133924e-02 -3.717238236041134868e-03 9.999036140400325845e-01 3.947929600000000150e+00
9.998554408607674970e-01 2.096597740110334954e-03 1.687310460574632104e-02 -3.200680000000000192e-02 -2.098450461234904838e-03 9.999977940092850126e-01 9.209899681354808418e-05 -5.195580000000000337e-02 -1.687287428928564009e-02 -1.274930572042376920e-04 9.998576347954434285e-01 4.001308400000000098e+00
9.997901288866716252e-01 1.790513340693220684e-03 2.040814157999834566e-02 -3.135229999999999961e-02 -1.772499473487410167e-03 9.999980234592077410e-01 -9.007348635333092433e-04 -5.290210000000000051e-02 -2.040971402026359877e-02 8.643724050992823227e-04 9.997913264446518511e-01 4.054248799999999875e+00
9.996062569022466926e-01 2.467500995948145211e-03 2.795071735599316542e-02 -2.898620000000000016e-02 -2.505207969010649245e-03 9.999959985102652160e-01 1.314114336614667471e-03 -5.469369999999999787e-02 -2.794736293305019603e-02 -1.383619273024765117e-03 9.996084385912293868e-01 4.159753799999999835e+00
9.993862242436011289e-01 2.065752009211770795e-03 3.497009380535099493e-02 -2.602530000000000121e-02 -1.972024434500329118e-03 9.999943712882010116e-01 -2.714500238576164366e-03 -5.704370000000000274e-02 -3.497550445309322714e-02 2.643872264678066592e-03 9.993846727000067487e-01 4.263665699999999781e+00
9.991647913734563735e-01 9.364130577861021643e-04 4.085147255880389877e-02 -2.220820000000000086e-02 -8.472134804703504440e-04 9.999972194230537514e-01 -2.200767020703850267e-03 -5.869749999999999968e-02 -4.085341979511641214e-02 2.164319002854262451e-03 9.991628064606378201e-01 4.367298100000000183e+00
9.989278131234652358e-01 -4.512256284634658695e-04 4.629277010293911948e-02 -1.805160000000000098e-02 4.057444648814689694e-04 9.999994257926037022e-01 9.918598146811060962e-04 -6.046409999999999979e-02 -4.629319107385635595e-02 -9.720133203711449560e-04 9.989274226140277824e-01 4.470459899999999820e+00
9.986862068943626047e-01 -2.865976385438338912e-03 5.116293910936459133e-02 -1.334379999999999941e-02 2.878535809953012854e-03 9.999958422503812949e-01 -1.717950567042945032e-04 -6.231810000000000127e-02 -5.116223402609836046e-02 3.188437059119652987e-04 9.986903044228225834e-01 4.573073899999999803e+00
9.984546069751309982e-01 -3.436310162245362256e-03 5.546701346390909421e-02 -8.043399999999999161e-03 3.796455755960452452e-03 9.999723840275677178e-01 -6.388904907380591608e-03 -6.433120000000000505e-02 -5.544352742953553154e-02 6.589609600831167549e-03 9.984400794797246848e-01 4.675911400000000384e+00
9.983259205592168728e-01 -3.359844585244188900e-03 5.774138709760370802e-02 -2.619100000000000074e-03 3.765527586181146441e-03 9.999689771401253369e-01 -6.918494007317981150e-03 -6.615600000000000647e-02 -5.771635073001427085e-02 7.124338684719539773e-03 9.983076012215450490e-01 4.779839499999999575e+00
9.984402604433790795e-01 -4.132374232258127084e-03 5.567737250411435718e-02 2.914700000000000103e-03 4.337106956565466021e-03 9.999842692343285933e-01 -3.556794502505815012e-03 -6.847559999999999758e-02 -5.566179865046270298e-02 3.792725549036366113e-03 9.984424767626349784e-01 4.884949200000000324e+00
9.988336445844744338e-01 -2.741401263968286546e-03 4.820617351756596031e-02 1.019420000000000048e-02 2.867757688437912005e-03 9.999926310930936646e-01 -2.552200100370471611e-03 -7.124869999999999814e-02 -4.819882168617994206e-02 2.687466952697071740e-03 9.988341459468843553e-01 5.044513700000000433e+00
9.991785909926814702e-01 -1.257837828935136392e-03 4.050384112495712674e-02 1.426039999999999947e-02 1.368820118175375277e-03 9.999953845235480809e-01 -2.712427526261358603e-03 -7.310469999999999469e-02 -4.050024238648142205e-02 2.765641986454809003e-03 9.991757010611491685e-01 5.152054299999999643e+00
9.993365460641635556e-01 -4.328180261756159439e-04 3.641813242197138034e-02 1.585260000000000141e-02 4.938278877581369275e-04 9.999984898178045922e-01 -1.666282127202889764e-03 -7.411389999999999645e-02 -3.641735622701486319e-02 1.683160915177421427e-03 9.993352506215160691e-01 5.205160600000000137e+00
9.996192952933180553e-01 -2.596295831684689633e-04 2.758980010383908776e-02 1.884270000000000042e-02 2.651204709259960979e-04 9.999999457726184149e-01 -1.953609379246767539e-04 -7.593129999999999324e-02 -2.758974788623758806e-02 2.026011838923909324e-04 9.996193099196984955e-01 5.312886200000000336e+00
9.997417869253066858e-01 1.377955913581694280e-04 2.272312671640094872e-02 1.992709999999999967e-02 -1.353867835498276492e-04 9.999999850522186540e-01 -1.075452518817673572e-04 -7.695209999999999551e-02 -2.272314119600220284e-02 1.044410712532816343e-04 9.997417906370870133e-01 5.366609600000000313e+00
9.998414698556804536e-01 9.839965687702652633e-04 1.777827065788419036e-02 2.058969999999999897e-02 -9.831253978288480473e-04 9.999995150650525799e-01 -5.774176791710285307e-05 -7.773030000000000217e-02 -1.777831885428095282e-02 4.025434469306036757e-05 9.998419523896280303e-01 5.420407299999999928e+00
9.999167943459131846e-01 1.314401087864076672e-03 1.283264332758143542e-02 2.129409999999999983e-02 -1.308744213597317707e-03 9.999990427004495919e-01 -4.492068206340168578e-04 -7.857139999999999957e-02 -1.283322148083146375e-02 4.323747963865553524e-04 9.999175573408336515e-01 5.474040999999999713e+00
9.999645008805329027e-01 2.195757870314298064e-03 8.134840264057051351e-03 2.141819999999999835e-02 -2.186202716025699173e-03 9.999969101514938341e-01 -1.183302644964090607e-03 -7.933919999999999861e-02 -8.137413374728657417e-03 1.165476228882414683e-03 9.999662115135334872e-01 5.528262599999999694e+00
9.999814635922078532e-01 4.005855222708258091e-03 4.585367588391045003e-03 2.130340000000000011e-02 -4.001706559329913822e-03 9.999915758237125640e-01 -9.135787985723153306e-04 -8.072150000000000158e-02 -4.588988624847754709e-03 8.952125685477515691e-04 9.999890698291947766e-01 5.582360300000000386e+00
9.999706026964212402e-01 7.475147031085315440e-03 1.707606459281662582e-03 2.078400000000000039e-02 -7.473140224770046837e-03 9.999713811419683740e-01 -1.178589073937765484e-03 -8.255310000000000425e-02 -1.716367716151745871e-03 1.165793244078029527e-03 9.999978475016708668e-01 5.691665600000000325e+00
9.999567566195165513e-01 9.289700617181562495e-03 4.316867151820013757e-04 2.056209999999999982e-02 -9.289296183596492881e-03 9.999564214466488687e-01 -9.296149876383452866e-04 -8.343340000000000478e-02 -4.403037478238580843e-04 9.255647221878822266e-04 9.999994747311393706e-01 5.746395599999999604e+00
9.999431344603436633e-01 1.060245591635613008e-02 -1.147071996368096694e-03 1.989580000000000168e-02 -1.060204158698326016e-02 9.999437295446246265e-01 3.666859342688843192e-04 -8.545640000000000180e-02 1.150895221557746628e-03 -3.545037774665891995e-04 9.999992748833674838e-01 5.856946500000000277e+00
9.998804318703828908e-01 1.522530813854882162e-02 -2.704062644043261129e-03 1.866889999999999869e-02 -1.520925356457695013e-02 9.998671506297279743e-01 5.861714561225910870e-03 -8.697720000000000451e-02 2.792949821438706851e-03 -5.819886912571721992e-03 9.999791639567395807e-01 5.967207900000000009e+00
9.998977004487544784e-01 1.389693808550131193e-02 -3.385815875153658661e-03 1.736299999999999996e-02 -1.388511015900813911e-02 9.998974989057660689e-01 3.492190983549033935e-03 -8.793220000000000203e-02 3.433999587202707978e-03 -3.444821307573926218e-03 9.999881703565266511e-01 6.078150299999999895e+00
9.999505829963089010e-01 8.517403649365352936e-03 -5.126928945848880335e-03 1.670299999999999910e-02 -8.485906453713457087e-03 9.999451789841945493e-01 6.134200675400970637e-03 -8.892229999999999579e-02 5.178895345614705457e-03 -6.090390902154243016e-03 9.999680425801907857e-01 6.189988600000000396e+00
9.999792152222731767e-01 3.313075784855098842e-03 -5.531062492011071426e-03 1.558919999999999924e-02 -3.261619608873388663e-03 9.999515614208893677e-01 9.286369013366619490e-03 -9.032070000000000376e-02 5.561561019510398961e-03 -9.268135776368938150e-03 9.999415836428932058e-01 6.302739100000000150e+00
9.999854909379609635e-01 -6.340027532554690049e-04 -5.349388196230839797e-03 1.530869999999999974e-02 6.739833403851431008e-04 9.999718318829750041e-01 7.475372035160743334e-03 -9.065840000000000010e-02 5.344498107586214720e-03 -7.478868973049633551e-03 9.999577505369223740e-01 6.358726500000000392e+00
9.999749091541296764e-01 -4.568343568382017550e-03 -5.413991063099489985e-03 1.482260000000000001e-02 4.599560189334266080e-03 9.999727892746567148e-01 5.767560691299667384e-03 -9.143379999999999563e-02 5.387495545686308597e-03 -5.792317956082557694e-03 9.999687114827348067e-01 6.471865700000000388e+00
9.999726178387688957e-01 -5.455830653683154535e-03 -4.999748449446224201e-03 1.437470000000000067e-02 5.486443218131492605e-03 9.999661623010147604e-01 6.129697691955279457e-03 -9.219080000000000330e-02 4.966136676897609480e-03 -6.156960683557607603e-03 9.999687141714221905e-01 6.528339899999999751e+00
9.999926811486490319e-01 -1.719185061740446984e-03 -3.417901674979443531e-03 1.279899999999999961e-02 1.752766284176555988e-03 9.999499858475853209e-01 9.846502616003916311e-03 -9.338960000000000317e-02 3.400802771316310379e-03 -9.852421333733476713e-03 9.999456806918929352e-01 6.639990300000000012e+00
9.999946717628530601e-01 -1.793963060409151187e-03 -2.727295811155436463e-03 1.222799999999999929e-02 1.811214195745529387e-03 9.999782863896558016e-01 6.336107033862182700e-03 -9.436289999999999956e-02 2.715869849751352712e-03 -6.341012990470479976e-03 9.999762075195658406e-01 6.752492400000000394e+00
9.999941408131245435e-01 -2.913138937939975266e-03 -1.797765543379853696e-03 1.154879999999999969e-02 2.912852696321635831e-03 9.999957445429072944e-01 -1.618185585674463800e-04 -9.614730000000000498e-02 1.798229293009565325e-03 1.565809842318837059e-04 9.999983709255755304e-01 6.863262200000000313e+00
9.999946993909573090e-01 -3.176470488211100701e-03 -7.150001583301799453e-04 1.035319999999999990e-02 3.173104248282961407e-03 9.999841034525326355e-01 -4.660928197694147457e-03 -9.828660000000000174e-02 7.297940931638703622e-04 4.658634721896074207e-03 9.999888821997520161e-01 6.974119700000000144e+00
9.999948931334361468e-01 -3.102873117118060825e-03 -7.654315558001156860e-04 1.020450000000000003e-02 3.099503854458198621e-03 9.999856725237764588e-01 -4.364381173388301623e-03 -9.953019999999999923e-02 7.789627101134620783e-04 4.361986427018489133e-03 9.999901830975675976e-01 7.028727499999999573e+00
9.999970076353673631e-01 -2.317950217923867365e-03 -7.821937729077027210e-04 9.368400000000000685e-03 2.315641182532964665e-03 9.999929967709515477e-01 -2.940104584099341185e-03 -1.017761999999999972e-01 7.890033110869827063e-04 2.938284506121101401e-03 9.999953719682587172e-01 7.138514500000000318e+00
9.999987592624945965e-01 -1.267058780340233563e-03 -9.359676910710915251e-04 9.053000000000000283e-03 1.264938943765816538e-03 9.999966416566803407e-01 -2.261991341595492866e-03 -1.030495000000000022e-01 9.388306237606709173e-04 2.260804593075455872e-03 9.999970036753369484e-01 7.193182900000000046e+00
9.999973332385793112e-01 -1.403599428920488919e-03 -1.833964114352950063e-03 9.088699999999999904e-03 1.398796242015528822e-03 9.999955955449971734e-01 -2.617682119685691127e-03 -1.041561000000000015e-01 1.837630213868817657e-03 2.615109796840855028e-03 9.999948921449286487e-01 7.247738799999999593e+00
9.999939895893196207e-01 -1.406011867325166311e-03 -3.169213761272098029e-03 8.379599999999999202e-03 1.401583098337532427e-03 9.999980388684626131e-01 -1.399222658197314673e-03 -1.060245999999999966e-01 3.171174869689498063e-03 1.394772331851687908e-03 9.999939991120386784e-01 7.356238799999999856e+00
9.999925967764173862e-01 -3.704447584871601164e-04 -3.830034339086949013e-03 7.885599999999999554e-03 3.671538502725610179e-04 9.999995628809102977e-01 -8.599046683616327338e-04 -1.072136999999999951e-01 3.830351212083017882e-03 8.584920904408411017e-04 9.999922956707830712e-01 7.410901100000000241e+00
9.999890425001753957e-01 3.327462447474101390e-04 -4.669492426276388233e-03 7.661600000000000181e-03 -3.412516602472182156e-04 9.999982841020627067e-01 -1.820807577618393678e-03 -1.082261999999999946e-01 4.668878547020105865e-03 1.822381098162659729e-03 9.999874401712485206e-01 7.465251399999999649e+00
9.999854288081180265e-01 6.066051075617757537e-04 -5.364158991653223026e-03 7.026799999999999713e-03 -6.237887994678056620e-04 9.999946779567568944e-01 -3.202334413480698288e-03 -1.092505000000000004e-01 5.362187890955767526e-03 3.205633853949046725e-03 9.999804852358952223e-01 7.519629000000000119e+00
9.999822029599408912e-01 9.319508832153024008e-04 -5.892811802087193074e-03 6.321399999999999589e-03 -9.500386621165247481e-04 9.999948441947328348e-01 -3.067411040679269771e-03 -1.104395999999999989e-01 5.889922743468519947e-03 3.072954848882660482e-03 9.999779326358021470e-01 7.574276399999999576e+00
9.999717181563099189e-01 8.780793696144919332e-04 -7.469395165490089715e-03 5.372599999999999945e-03 -9.159022327531144304e-04 9.999867695693858138e-01 -5.061799016565090084e-03 -1.127881000000000022e-01 7.464851680886042638e-03 5.068497095265901004e-03 9.999592923347317974e-01 7.682759800000000361e+00
9.999645846224712864e-01 1.644999882957248402e-03 -8.253694699556581721e-03 4.890499999999999882e-03 -1.684560971630496857e-03 9.999871162906316391e-01 -4.788476488353080908e-03 -1.139147999999999966e-01 8.245711318089973818e-03 4.802210754613085893e-03 9.999544724719855449e-01 7.737156399999999934e+00
9.999497939923065459e-01 1.400286534082627451e-03 -9.922131442700656348e-03 3.623799999999999938e-03 -1.432074179849835089e-03 9.999938630995310884e-01 -3.197331202696610235e-03 -1.162809000000000065e-01 9.917593371739414146e-03 3.211379905709816924e-03 9.999456627141367626e-01 7.846360699999999966e+00
9.999415070371041603e-01 1.658433989364500654e-03 -1.068794185368639182e-02 2.755699999999999816e-03 -1.687913975894192583e-03 9.999947947118968949e-01 -2.749817361394623749e-03 -1.174764999999999976e-01 1.068332582929313462e-02 2.767696842858115378e-03 9.999391013473826195e-01 7.901174499999999767e+00
9.999258014252528914e-01 2.932338169421114769e-03 -1.182341054543996524e-02 1.026100000000000059e-03 -2.972743598222840969e-03 9.999897969801218034e-01 -3.401283750887860308e-03 -1.196403999999999940e-01 1.181331619677938004e-02 3.436179348489350367e-03 9.999243162519451111e-01 8.010117499999999779e+00
9.999127244079434318e-01 3.967978013022027510e-03 -1.260153631793827986e-02 -1.054899999999999892e-03 -4.009836900719559831e-03 9.999865214457144269e-01 -3.298201772101484481e-03 -1.219998000000000055e-01 1.258827927533272620e-02 3.348444024922528784e-03 9.999151579746644591e-01 8.119136799999999710e+00
9.999071180888249311e-01 3.626699889712245006e-03 -1.313781729248543299e-02 -1.842799999999999907e-03 -3.686710949738316364e-03 9.999828687158002216e-01 -4.546475260223994605e-03 -1.232083000000000067e-01 1.312110352347879531e-02 4.594488309780582133e-03 9.999033589900063745e-01 8.173416100000000739e+00
9.999111026275839809e-01 2.221716316907935106e-03 -1.314727419263474369e-02 -2.889899999999999934e-03 -2.303361500961448836e-03 9.999781383913221022e-01 -6.198166278962875114e-03 -1.243463000000000068e-01 1.313321620491428483e-02 6.227898203484776712e-03 9.998943603781761391e-01 8.227348299999999170e+00
9.999085034939751981e-01 -6.875377309941350153e-04 -1.350969771340512597e-02 -4.617699999999999756e-03 6.560305488084491442e-04 9.999970552306991500e-01 -2.336483222524145253e-03 -1.266315000000000079e-01 1.351126435083535408e-02 2.327406668067737161e-03 9.999060100398653450e-01 8.335448299999999477e+00
9.999059488678457841e-01 -1.594204342866316175e-03 -1.362174479302328926e-02 -5.457599999999999951e-03 1.622518433033829591e-03 9.999965458196771184e-01 2.067796568589627855e-03 -1.277802000000000104e-01 1.361840125079064913e-02 -2.089703621998050334e-03 9.999050816383246998e-01 8.389627499999999571e+00
9.999087723369404213e-01 -5.403158137289758908e-04 -1.349648333656133445e-02 -6.584099999999999848e-03 5.596588556040461501e-04 9.999988217187949502e-01 1.429455486176031557e-03 -1.286422000000000121e-01 1.349569507650448183e-02 -1.436878506711399125e-03 9.999078965557572918e-01 8.443323100000000636e+00
9.999066351321108659e-01 7.921906214375921572e-04 -1.364160741257994594e-02 -7.443899999999999822e-03 -8.169712276372844513e-04 9.999980262914583973e-01 -1.811069076769336117e-03 -1.294864000000000015e-01 1.364014577608548343e-02 1.822044787299047014e-03 9.999053088047887838e-01 8.496950099999999395e+00
9.999038759451052139e-01 1.179432096973304393e-03 -1.381476781868268451e-02 -9.599299999999999847e-03 -1.228106347980877045e-03 9.999930668493309804e-01 -3.515395862123576673e-03 -1.316449000000000091e-01 1.381052586810258519e-02 3.532023952072755289e-03 9.998983919289241573e-01 8.603369700000000009e+00
9.999035678991187170e-01 1.358138629802529843e-03 -1.382064984270906308e-02 -1.134280000000000010e-02 -1.357795869008283267e-03 9.999990776104954460e-01 3.418386074619587077e-05 -1.340575999999999990e-01 1.382068352110849691e-02 -1.541494306124754435e-05 9.999044896735832522e-01 8.709896099999999919e+00
9.999313876630722131e-01 6.227217415097329725e-04 -1.169752896279434469e-02 -1.307179999999999974e-02 -6.200569824550459337e-04 9.999997809845823094e-01 2.314306069452647704e-04 -1.359864000000000073e-01 1.169767051772574971e-02 -2.241615934396348731e-04 9.999315547856456599e-01 8.815921799999999919e+00
9.999592922425323271e-01 -6.050280075976359213e-04 -9.002655104129769076e-03 -1.454519999999999945e-02 5.793587436396560163e-04 9.999957605490209511e-01 -2.853634074556381326e-03 -1.380164999999999864e-01 9.004343466353315062e-03 2.848302142562022989e-03 9.999554034923980872e-01 8.919838900000000237e+00
9.999795302819295406e-01 -1.442914161577335064e-03 -6.233539592709867912e-03 -1.572089999999999946e-02 1.427068763878809468e-03 9.999957415389900683e-01 -2.545658780871392843e-03 -1.403574999999999962e-01 6.237186214530021817e-03 2.536710982312687102e-03 9.999773310458179854e-01 9.023887600000000120e+00
9.999941970963519555e-01 -8.141802115507714354e-04 -3.308003054055687342e-03 -1.714629999999999974e-02 8.126174178039532884e-04 9.999995576093211325e-01 -4.737447565952459367e-04 -1.425993000000000122e-01 3.308387304232116369e-03 4.710538666001953356e-04 9.999944163252613150e-01 9.126985499999999973e+00
9.999995843666862338e-01 -9.042098176098810596e-04 -1.169233103852488395e-04 -1.843699999999999853e-02 9.041899744101789677e-04 9.999995768291063403e-01 -1.696528761938988022e-04 -1.455819999999999892e-01 1.170766627029473704e-04 1.695470847954864773e-04 9.999999787734203949e-01 9.278793300000000244e+00
9.999971343679211477e-01 -6.958858744914150820e-04 2.290632837373941365e-03 -1.981650000000000078e-02 6.961131020033991569e-04 9.999997528716887407e-01 -9.840279828867008239e-05 -1.477353999999999890e-01 -2.290563794176376806e-03 9.999705583242986414e-05 9.999973716555927705e-01 9.377922099999999261e+00
9.999922806645873408e-01 -2.458273476914196471e-03 3.065208434982569317e-03 -2.057929999999999829e-02 2.453315654402171090e-03 9.999956781483233526e-01 1.620162638341134153e-03 -1.507790999999999992e-01 -3.069177990448476463e-03 -1.612630207924757369e-03 9.999939897670763189e-01 9.523261099999999146e+00
9.999939832875427426e-01 -2.520355503822761020e-03 2.383526137494937705e-03 -2.067719999999999975e-02 2.516435009110320597e-03 9.999954784493177984e-01 1.646400851842204751e-03 -1.517992999999999981e-01 -2.387664875709143500e-03 -1.640392957304168077e-03 9.999958040748906374e-01 9.570714999999999861e+00
9.999972092581886907e-01 -1.683352502459808508e-03 1.657648993848421810e-03 -2.099310000000000065e-02 1.683845081731211429e-03 9.999985385816255734e-01 -2.958045874772100969e-04 -1.534208999999999989e-01 -1.657148627937154745e-03 2.985949860685082127e-04 9.999985823487247405e-01 9.662768399999999147e+00
9.999973893518218082e-01 -2.282772877782972797e-03 1.011806769309784925e-04 -2.134950000000000042e-02 2.282824063064506012e-03 9.999972649732781216e-01 -5.086848342382137983e-04 -1.553727000000000025e-01 -1.000191882561848167e-04 5.089144839250932077e-04 9.999998655010959858e-01 9.751964600000000871e+00
9.999938814273482413e-01 -2.947748088253260203e-03 -1.883584103452134008e-03 -2.146479999999999916e-02 2.948242616535414525e-03 9.999956201689551571e-01 2.598237494160781941e-04 -1.562639000000000111e-01 1.882809958711378342e-03 -2.653754225912169969e-04 9.999981922996383776e-01 9.796011899999999883e+00
9.999848309266338164e-01 -4.080695742739663678e-03 -3.699437644657616216e-03 -2.194310000000000010e-02 4.087669339418406947e-03 9.999898792714364548e-01 1.879445149356850225e-03 -1.570451999999999959e-01 3.691730759833683657e-03 -1.894538717748649008e-03 9.999913908864634937e-01 9.839093200000000650e+00
9.999587052749627780e-01 -3.315325264233131945e-03 -8.461463420267710187e-03 -2.281139999999999904e-02 3.344595860249482445e-03 9.999884642132179646e-01 3.447480097287836803e-03 -1.587582999999999911e-01 8.449936292765350063e-03 -3.475637910072227818e-03 9.999582583877020259e-01 9.923152899999999832e+00
9.999345281494190774e-01 -2.855501473556038006e-03 -1.108086305001801559e-02 -2.355200000000000002e-02 2.886798425226399546e-03 9.999918866637705905e-01 2.809448608672722447e-03 -1.593747000000000080e-01 1.107275076260843226e-02 -2.841252886876141810e-03 9.999346586015418481e-01 9.964799899999999155e+00
9.999005213233707057e-01 -2.792974230042557203e-03 -1.382558324997359457e-02 -2.434300000000000005e-02 2.833679426635375004e-03 9.999917058786180757e-01 2.925480281696027016e-03 -1.601025000000000087e-01 1.381729778787066897e-02 -2.964366529605783236e-03 9.999001424206916955e-01 1.000506500000000010e+01
