9.999999999982999155e-01 1.800002239942021651e-06 3.999899199871163092e-07 -5.899999999999999754e-05 -1.799997759942021917e-06 9.999999999356599112e-01 -1.120000035963924862e-05 -1.442000000000000085e-04 -4.000100799871156418e-07 1.119999963963924770e-05 9.999999999371999015e-01 -1.800000000000000046e-05
9.999999094294319546e-01 4.255993768046628049e-04 -2.509634541743653332e-06 1.219299999999999985e-03 -4.256006132847720783e-04 9.999997767167803087e-01 -5.151994832814549329e-04 -1.454699999999999960e-03 2.290365402369701279e-06 5.152005047215452117e-04 9.999998672815882950e-01 5.940050000000000191e-02
9.999997871310027930e-01 5.736352563357725604e-04 -3.109349477542972581e-04 2.240600000000000144e-03 -5.735647215300799726e-04 9.999998097723846735e-01 2.268891904313053841e-04 -2.542800000000000008e-03 3.110650402447964454e-04 -2.267108008169082861e-04 9.999999259203740110e-01 1.188305999999999946e-01
9.999995279641579193e-01 -2.975945663672899103e-04 9.249372602803853771e-04 2.057300000000000188e-03 2.972053263985404499e-04 9.999998672403107580e-01 4.209374716245678212e-04 -3.458699999999999882e-03 -9.250624061903378083e-04 -4.206623766466541649e-04 9.999994836512214880e-01 1.778800000000000103e-01
9.999988406083604175e-01 -7.900761919794282474e-04 1.301753258405490042e-03 2.411099999999999789e-03 7.899233606568517065e-04 9.999996810586145868e-01 1.179141777678455384e-04 -4.239899999999999572e-03 -1.301846004407053664e-03 -1.168857557505079814e-04 9.999991457669855643e-01 2.369114999999999971e-01
9.999957144608636606e-01 -7.663286119089989879e-04 2.825561955658034349e-03 2.150000000000000001e-03 7.660697869347295923e-04 9.999997022734835594e-01 9.268239170973781142e-05 -5.191699999999999614e-03 -2.825632139581903991e-03 -9.051741687037907823e-05 9.999960037968196325e-01 2.963375999999999788e-01
9.999931754049783406e-01 -6.438497474924543759e-04 3.637939110411679122e-03 2.330200000000000153e-03 6.477477992650553483e-04 9.999992173079778057e-01 -1.070423383698401862e-03 -6.166699999999999786e-03 -3.637247071200456257e-03 1.072772545544935880e-03 9.999928097705546026e-01 3.555704000000000087e-01
9.999890072725040602e-01 -6.012422832813597287e-04 4.650144284727570666e-03 2.067600000000000167e-03 6.067541559386324885e-04 9.999991150054622358e-01 -1.183992266304168201e-03 -7.320799999999999703e-03 -4.649428303161698590e-03 1.186800745370299994e-03 9.999884870939488302e-01 4.135661999999999949e-01
9.999877239381055327e-01 -1.087384677223261461e-03 4.834208068645815155e-03 2.067499999999999893e-03 1.085808662767485380e-03 9.999993565121971795e-01 3.286255305502744817e-04 -8.250600000000000295e-03 -4.834562300258350882e-03 -3.233724713243652719e-04 9.999882611499045781e-01 4.712708999999999926e-01
9.999918720436071773e-01 -1.440623916098812945e-03 3.765693754727706191e-03 1.708799999999999902e-03 1.436969755181689498e-03 9.999984942834095891e-01 9.729074141254098144e-04 -9.003499999999999351e-03 -3.767089678349083877e-03 -9.674883183435531962e-04 9.999924364722511116e-01 5.280099999999999794e-01
9.999955787082829284e-01 -2.561049356746830565e-03 1.511155213261389371e-03 1.471099999999999925e-03 2.559344353904569134e-03 9.999960873977794540e-01 1.129134894867609871e-03 -1.038030000000000029e-02 -1.514041070908327428e-03 -1.125262336069917908e-03 9.999982207305724291e-01 5.849027999999999450e-01
9.999962535412976194e-01 -1.790205441073957097e-03 -2.070765039203453003e-03 1.232000000000000022e-03 1.790591400959532517e-03 9.999983798612487318e-01 1.845462342718892461e-04 -1.199809999999999939e-02 2.070431308604044843e-03 -1.882534369496492211e-04 9.999978389350848706e-01 6.992496000000000267e-01
9.999952379327697871e-01 -5.187887395724681073e-04 -3.042198222817992220e-03 7.010999999999999654e-04 5.188100349728716866e-04 9.999998653987774988e-01 6.210845037712530575e-06 -1.302580000000000057e-02 3.042194591217923811e-03 -7.789138427625515458e-06 9.999953724849923731e-01 7.563111999999999613e-01
9.999920719724559870e-01 -1.380568672926266345e-03 -3.734972874552439613e-03 -2.666999999999999774e-04 1.382625690524267280e-03 9.999988939004440525e-01 5.482190148662960914e-04 -1.496899999999999967e-02 3.734211889302774950e-03 -5.533787380206135753e-04 9.999928746913839817e-01 8.709850000000000092e-01
9.999903540481143160e-01 -1.674692307873640405e-03 -4.060445345155780025e-03 -9.181999999999999841e-04 1.676899323659874434e-03 9.999984480968503453e-01 5.401967690379399405e-04 -1.577370000000000161e-02 4.059534380364012915e-03 -5.470005163789466154e-04 9.999916104503326908e-01 9.281631999999999660e-01
9.999882845554379784e-01 -1.373884967726829573e-03 -4.641464420604548245e-03 -1.537500000000000021e-03 1.371707034976843908e-03 9.999989476356681006e-01 -4.723847651271008462e-04 -1.665689999999999879e-02 4.642108538420736639e-03 4.660125015312350768e-04 9.999891167711105755e-01 9.856082999999999927e-01
9.999878649120358398e-01 -1.650535827796225296e-03 -4.641741068731311017e-03 -2.358199999999999966e-03 1.644653400601388477e-03 9.999978400627688169e-01 -1.270820596709829314e-03 -1.772709999999999911e-02 4.643828577787529645e-03 1.263171119956701689e-03 9.999884195603776504e-01 1.042221199999999959e+00
9.999851344297846500e-01 -5.975608822392907554e-04 -5.419763872855887579e-03 -2.864999999999999925e-03 5.936346340978991901e-04 9.999995602526241534e-01 -7.260113494250336518e-04 -1.866670000000000135e-02 5.420195325511424286e-03 7.227831973087818973e-04 9.999850494217815688e-01 1.099716799999999939e+00
9.999744146752692631e-01 -1.461135542189380919e-04 -7.151828135653065001e-03 -4.146200000000000059e-03 1.334845522681127360e-04 9.999984312031163780e-01 -1.766287966426313607e-03 -2.058859999999999857e-02 7.152074994499922102e-03 1.765288116798538563e-03 9.999728654224262492e-01 1.213207600000000053e+00
9.999691246251933840e-01 2.192042800280918577e-04 -7.855045881990581000e-03 -4.943200000000000024e-03 -2.267922094890579296e-04 9.999995085575349441e-01 -9.651165641397213947e-04 -2.166109999999999911e-02 7.854830464005884208e-03 9.668682290152860780e-04 9.999686829117248044e-01 1.270102099999999901e+00
9.999618037300800344e-01 -1.344020033069419189e-03 -8.636242877292915968e-03 -5.727799999999999905e-03 1.350754230917877285e-03 9.999987882124186100e-01 7.739746133840914302e-04 -2.278329999999999939e-02 8.635192174615570135e-03 -7.856104920465851798e-04 9.999624074295304643e-01 1.327053000000000038e+00
9.999539913369689392e-01 -1.135712399257558314e-03 -9.524986436267169135e-03 -6.389299999999999667e-03 1.140661485971243344e-03 9.999992172581997352e-01 5.141734747951985304e-04 -2.355700000000000155e-02 9.524395027471444994e-03 -5.250146035433056902e-04 9.999545040945746477e-01 1.384091600000000088e+00
9.999462634233333702e-01 -2.338449514515869403e-03 -1.009959997136460237e-02 -7.532399999999999859e-03 2.337887965562441064e-03 9.999972648643422612e-01 -6.740693439413682382e-05 -2.469060000000000005e-02 1.009972997530160337e-02 4.379157894619080751e-05 9.999489954676306080e-01 1.440863299999999958e+00
9.999239930632491946e-01 -1.977038367683046308e-03 -1.216961033640435487e-02 -8.760199999999999237e-03 1.967686478188927866e-03 9.999977595997312507e-01 -7.803880071748771439e-04 -2.692220000000000030e-02 1.217112592863795091e-02 7.563827145692036090e-04 9.999256430249292560e-01 1.552440199999999937e+00
9.999051953627450251e-01 -3.157975029807442470e-03 -1.340251768519336827e-02 -1.048540000000000062e-02 3.158275252526539928e-03 9.999950126355150459e-01 1.235107636287389386e-06 -2.900399999999999853e-02 1.340244694151358253e-02 -4.356383046905146726e-05 9.999101822254700123e-01 1.664948499999999942e+00
9.998918414390063347e-01 -3.861049323160443796e-03 -1.419146651467013444e-02 -1.126270000000000049e-02 3.859942347029300148e-03 9.999925448409368034e-01 -1.053927162859277978e-04 -3.016280000000000003e-02 1.419176764150580951e-02 5.060307459497154681e-05 9.998992905140688947e-01 1.721151400000000109e+00
9.998801155114404038e-01 -4.436390575860826163e-03 -1.483485906528661698e-02 -1.215719999999999995e-02 4.435743752384355143e-03 9.999901591137451140e-01 -7.650509705365268526e-05 -3.119090000000000057e-02 1.483505248361752411e-02 1.069229186287268154e-05 9.998899544967352337e-01 1.777234100000000039e+00
9.998753016301182850e-01 -4.972153404522756427e-03 -1.498862504040499900e-02 -1.316239999999999945e-02 4.978736134133404136e-03 9.999875252539798254e-01 4.018991512100959264e-04 -3.193549999999999861e-02 1.498643975688146272e-02 -4.764734441307243206e-04 9.998875834794982431e-01 1.833550100000000072e+00
9.998735432220017261e-01 -4.530170158112118914e-03 -1.524385525444085787e-02 -1.378769999999999996e-02 4.553939708900832037e-03 9.999884680339323761e-01 1.524936810699414240e-03 -3.283830000000000082e-02 1.523677123958648572e-02 -1.594163569863617019e-03 9.998826428360004792e-01 1.889877900000000110e+00
9.998783293201061184e-01 -4.023249628272129209e-03 -1.507116513286601775e-02 -1.498150000000000003e-02 4.059298451520817509e-03 9.999889712763838645e-01 2.362079948069635386e-03 -3.372859999999999747e-02 1.506149567987817225e-02 -2.422970909482847525e-03 9.998836335093483907e-01 1.945638200000000095e+00
9.998801699456201231e-01 -3.306454477962174517e-03 -1.512326381119869292e-02 -1.585500000000000104e-02 3.338542565057903144e-03 9.999922282985256317e-01 2.097015996789373948e-03 -3.476669999999999761e-02 1.511621258977409107e-02 -2.147254371204729631e-03 9.998834379144432294e-01 2.001760500000000054e+00
9.998853755336180038e-01 -1.797438070215439960e-03 -1.503346302019482016e-02 -1.690820000000000170e-02 1.825656516223350245e-03 9.999965971127797726e-01 1.863529217808707322e-03 -3.536620000000000041e-02 1.503006228465458317e-02 -1.890761551490750120e-03 9.998852545409772086e-01 2.057878699999999839e+00
9.998994648940846552e-01 9.305429333418304945e-04 -1.414899976578950884e-02 -1.831790000000000154e-02 -8.798087621389639621e-04 9.999931634761510812e-01 3.591509084187318682e-03 -3.616559999999999914e-02 1.415224508921349676e-02 -3.578699597471700442e-03 9.998934477573727664e-01 2.114239700000000166e+00
9.999167544951741426e-01 3.192340125959631180e-04 -1.289892125268283542e-02 -1.915489999999999901e-02 -2.315513508514260702e-04 9.999768624723013311e-01 6.798595739126903070e-03 -3.704640000000000016e-02 1.290079314653288893e-02 -6.795043023951907041e-03 9.998936928126374024e-01 2.170392999999999795e+00
9.999417046854854885e-01 1.293237021201941927e-03 -1.071983062796170831e-02 -2.037150000000000072e-02 -1.191498770130362079e-03 9.999542437134566475e-01 9.491617887881156554e-03 -3.746610000000000218e-02 1.073161503996350984e-02 -9.478291906021908339e-03 9.998974919566395725e-01 2.226697699999999891e+00
9.999545016179360868e-01 1.708697037659894641e-03 -9.384830763451227839e-03 -2.103510000000000102e-02 -1.584793867735777469e-03 9.999116981798095161e-01 1.319409987707531248e-02 -3.817170000000000285e-02 9.406546785187182638e-03 -1.317862654463446137e-02 9.998689117479226951e-01 2.282952299999999823e+00
9.999667577446993416e-01 8.817930679937730117e-04 -8.105914293824040273e-03 -2.153129999999999974e-02 -7.673522143131497001e-04 9.999001478263755960e-01 1.411047651113911221e-02 -3.823689999999999728e-02 8.117547421036201694e-03 -1.410378735579411770e-02 9.998675855362497700e-01 2.339492599999999811e+00
9.999776242899840462e-01 -6.377232032020492417e-04 -6.659146227223296070e-03 -2.191049999999999942e-02 7.222416938190819253e-04 9.999191238089785161e-01 1.269740950037499295e-02 -3.849829999999999919e-02 6.650510228182036736e-03 -1.270193489987259637e-02 9.998972104989113374e-01 2.395520700000000058e+00
9.999826545187918692e-01 -1.248479747401496308e-04 -5.888554536880752366e-03 -2.214349999999999999e-02 1.899458444389908037e-04 9.999388656242259588e-01 1.105571954747552876e-02 -3.881110000000000115e-02 5.886814259580130590e-03 -1.105664628716390707e-02 9.999215449177769610e-01 2.451333299999999937e+00
9.999876581717607182e-01 2.169175103084013405e-04 -4.963511957443105145e-03 -2.283220000000000041e-02 -1.646760202248893565e-04 9.999446171407246897e-01 1.052309522421850281e-02 -3.901000000000000301e-02 4.965519707575630735e-03 -1.052214797858921046e-02 9.999323117171233788e-01 2.507224299999999850e+00
9.999863340041588167e-01 2.882075719377801362e-05 -5.227903431288380767e-03 -2.295370000000000049e-02 2.322084570607516833e-05 9.999504549566857747e-01 9.954249982269460298e-03 -3.929850000000000010e-02 5.227931303608220059e-03 -9.954235343869544464e-03 9.999367889686845423e-01 2.563152999999999793e+00
9.999801530643877001e-01 -6.807733257995099516e-04 -6.263387661861058615e-03 -2.329699999999999827e-02 7.352062504369526099e-04 9.999619495953765425e-01 8.692458408466906261e-03 -3.946149999999999658e-02 6.257231743606104894e-03 -8.696890771562468953e-03 9.999426039237523378e-01 2.618866899999999998e+00
9.999664452193683939e-01 1.061686228796528556e-05 -8.191966956849996984e-03 -2.375100000000000128e-02 6.341588044650281572e-05 9.999591641594154368e-01 9.036923814507378735e-03 -3.980050000000000254e-02 8.191728374768919574e-03 -9.037140083308354069e-03 9.999256100757438759e-01 2.674602999999999842e+00
9.999550146945477280e-01 -8.590569900642966829e-04 -9.446195441276271712e-03 -2.443419999999999967e-02 9.552991584732296046e-04 9.999476378240781393e-01 1.018867084383846301e-02 -4.023920000000000274e-02 9.436948169020921082e-03 -1.019723644592422478e-02 9.999034755305740152e-01 2.730759100000000217e+00
9.999321661515889748e-01 3.901924802209458341e-04 -1.164091255956677985e-02 -2.599030000000000090e-02 -2.677872864657639953e-04 9.999446821895983106e-01 1.051479199567946846e-02 -4.118000000000000133e-02 1.164437140254070795e-02 -1.051096144848684757e-02 9.998769565821927774e-01 2.842751300000000203e+00
9.999231109826857145e-01 9.064411775417466214e-04 -1.236731527451552688e-02 -2.659540000000000168e-02 -7.807045499892236633e-04 9.999480008885135440e-01 1.016789159418138994e-02 -4.136480000000000018e-02 1.237588878073952493e-02 -1.015745457568258819e-02 9.998718235321114589e-01 2.898774899999999821e+00
9.999121539338128306e-01 -2.953759344117466647e-04 -1.325130818072015569e-02 -2.820359999999999881e-02 4.098020152022802619e-04 9.999626493146148709e-01 8.633193963115704320e-03 -4.229920000000000208e-02 1.324826319754354546e-02 -8.637865983783939508e-03 9.998749275751916965e-01 3.009598500000000065e+00
9.999062954783481949e-01 -9.617300976359592635e-04 -1.365559731338812297e-02 -2.909279999999999852e-02 1.096596509797427826e-03 9.999506671283209247e-01 9.872222937139418092e-03 -4.285560000000000064e-02 1.364542922962894145e-02 -9.886272545564515207e-03 9.998580218592507673e-01 3.065369800000000033e+00
9.999027282211141454e-01 -6.482025619622241086e-04 -1.393247750443104595e-02 -3.009020000000000097e-02 8.029398399928595756e-04 9.999380318049997385e-01 1.110350564266981976e-02 -4.286210000000000020e-02 1.392441681314387190e-02 -1.111361252618220039e-02 9.998412865215318135e-01 3.121376300000000104e+00
9.998955366571871117e-01 -1.873043757959661577e-04 -1.445270528678697930e-02 -3.105520000000000155e-02 3.278761054536154067e-04 9.999526614965925653e-01 9.724570074847366241e-03 -4.365129999999999705e-02 1.445019966282076046e-02 -9.728292910472630811e-03 9.998482645115471801e-01 3.176687999999999956e+00
9.998862959279161133e-01 1.169692766373761064e-03 -1.503419550171740220e-02 -3.173700000000000132e-02 -1.043424956169364650e-03 9.999641429849459584e-01 8.403809180561846656e-03 -4.388159999999999977e-02 1.504348629515146231e-02 -8.387166578454579094e-03 9.998516634765742817e-01 3.232463099999999923e+00
9.998735608796206487e-01 3.879384966285201637e-03 -1.542117460477211016e-02 -3.254750000000000004e-02 -3.753110115254336063e-03 9.999592629793995213e-01 8.208930877941177789e-03 -4.403819999999999957e-02 1.545239199510171219e-02 -8.150015581543441912e-03 9.998473887687311379e-01 3.287935699999999795e+00
9.998620809290118538e-01 5.991895837439947803e-03 -1.548923189119942936e-02 -3.370780000000000304e-02 -5.866798761856906880e-03 9.999499091002796991e-01 8.109251668947456068e-03 -4.443529999999999702e-02 1.553704581295793988e-02 -8.017261042009461366e-03 9.998471501848621434e-01 3.342657599999999896e+00
9.998647669195900312e-01 7.691616844067153055e-03 -1.453571130554080944e-02 -3.584269999999999817e-02 -7.548484629865025858e-03 9.999227367619951679e-01 9.876278964997311713e-03 -4.571900000000000269e-02 1.461055278306251821e-02 -9.765220771995855933e-03 9.998455741816570930e-01 3.452461000000000002e+00
9.998702387687502524e-01 9.944313266006296614e-03 -1.267344697348787505e-02 -3.664119999999999877e-02 -9.815592201165807690e-03 9.999000180802437576e-01 1.017880115084932209e-02 -4.587170000000000136e-02 1.277340104524596689e-02 -1.005308294980448471e-02 9.998678791465108739e-01 3.507200000000000095e+00
9.999528311326794094e-01 6.216842406368999416e-03 -7.462330750745335348e-03 -3.801510000000000306e-02 -6.196200031163098809e-03 9.999769219712537627e-01 2.786149685635673588e-03 -4.699939999999999674e-02 7.479479588377907842e-03 -2.739780172080498542e-03 9.999682749916097846e-01 3.613681600000000049e+00
9.999598201193633518e-01 7.227857762012452995e-03 -5.302472915774096227e-03 -3.837220000000000214e-02 -7.215988570286767899e-03 9.999714237437528075e-01 2.254152799919285910e-03 -4.765679999999999916e-02 5.318614086760970958e-03 -2.215799644374367300e-03 9.999834011503051512e-01 3.667198200000000075e+00
9.999808708338736585e-01 5.896170382401844622e-03 -1.868994689495689183e-03 -3.910070000000000212e-02 -5.884516546103313837e-03 9.999635850499668521e-01 6.180698911652840119e-03 -4.859279999999999849e-02 1.905369084012889817e-03 -6.169582549861666460e-03 9.999791526926019580e-01 3.720456400000000219e+00
9.999757154620363409e-01 6.833827968936730113e-03 1.366485082075765420e-03 -3.944199999999999789e-02 -6.843598305082113434e-03 9.999500972759746142e-01 7.277920033052376163e-03 -4.921659999999999924e-02 -1.316680837270271754e-03 -7.287094967118650825e-03 9.999725819233810098e-01 3.773712900000000037e+00
9.999420068419454521e-01 6.214219860087324271e-03 8.795818576636039651e-03 -3.947910000000000308e-02 -6.231593779227035876e-03 9.999786836611559426e-01 1.949220939876093392e-03 -5.033250000000000224e-02 -8.783518194510573154e-03 -2.003919866723418569e-03 9.999594162331261193e-01 3.879276799999999970e+00
9.998653063913464090e-01 4.295754825019391064e-03 1.584031456197457916e-02 -3.846030000000000282e-02 -4.259151030021317112e-03 9.999881830200890720e-01 -2.343811571820872668e-03 -5.219460000000000072e-02 -1.585019581716420184e-02 2.276029583299764552e-03 9.998717872716949007e-01 3.981516800000000078e+00
9.997107669181882761e-01 4.946925300213883721e-03 2.353530195093711183e-02 -3.697969999999999730e-02 -4.943159316319980547e-03 9.999877587097648624e-01 -2.181893548331105472e-04 -5.395210000000000283e-02 -2.353609321491481957e-02 1.017875001524150551e-04 9.997229826084241822e-01 4.083187599999999584e+00
9.995265653050504628e-01 4.663988203720312309e-03 3.041204471133276618e-02 -3.435320000000000040e-02 -4.525299516395443755e-03 9.999790534775052642e-01 -4.627555566321426596e-03 -5.609009999999999690e-02 -3.043299054932749673e-02 4.487741109738732810e-03 9.995267346429290711e-01 4.182939099999999577e+00
9.993280778214204130e-01 3.718183745378156237e-03 3.646324159178468416e-02 -3.121190000000000075e-02 -3.574976619984589817e-03 9.999856422287022317e-01 -3.991851527357706368e-03 -5.789350000000000052e-02 -3.647756049836411996e-02 3.858814077603397574e-03 9.993270221173861101e-01 4.283098200000000411e+00
9.991174067086743271e-01 2.276873659188966437e-03 4.194309785976053917e-02 -2.746770000000000114e-02 -2.245727606099704159e-03 9.999971665517356501e-01 -7.896809605141009427e-04 -5.981290000000000218e-02 -4.194477701994087093e-02 6.947912206470579664e-04 9.991196889992245422e-01 4.382994700000000243e+00
9.988973778442181706e-01 -4.871923473771649362e-06 4.694708204148229092e-02 -2.326309999999999836e-02 9.789968640999015931e-05 9.999980364984580872e-01 -1.979246038270585963e-03 -6.166089999999999766e-02 -4.694698021807908184e-02 1.981659782346770898e-03 9.988954169846362419e-01 4.482167200000000129e+00
9.988010719968547502e-01 -1.611067871726639756e-03 4.892671088726932571e-02 -2.069210000000000146e-02 1.889468175901305507e-03 9.999822849900216193e-01 -5.644432314022710187e-03 -6.241789999999999838e-02 -4.891675058654249009e-02 5.730110509232590188e-03 9.987864222873706899e-01 4.531806900000000304e+00
9.987058104334212150e-01 -9.630446790269578481e-04 5.085053344331315339e-02 -1.823450000000000071e-02 1.398569265671226669e-03 9.999626416089647529e-01 -8.529911513627220013e-03 -6.344170000000000365e-02 -5.084041906330465099e-02 8.589990184359247091e-03 9.986698472759153455e-01 4.581395099999999942e+00
9.986011069571725240e-01 -9.055121350796783725e-04 5.286784686066690886e-02 -1.615000000000000116e-02 1.411650652031901316e-03 9.999535244191537497e-01 -9.537098308684051340e-03 -6.448320000000000440e-02 -5.285675383852400655e-02 9.598387858703653214e-03 9.985559746574887985e-01 4.631644200000000211e+00
9.985860928765850630e-01 -9.298336726112526370e-04 5.315026361945487249e-02 -1.353580000000000061e-02 1.402518330263048197e-03 9.999597945836549151e-01 -8.856757789843749257e-03 -6.588929999999999787e-02 -5.313989137935403589e-02 8.918779375898928247e-03 9.985472484157345008e-01 4.681596800000000336e+00
9.986820650967710433e-01 -1.403646872476191267e-03 5.130460631859560389e-02 -8.977300000000000557e-03 1.690121106340447023e-03 9.999832211829052797e-01 -5.540834170646961529e-03 -6.819989999999999386e-02 -5.129596811343552915e-02 5.620242709892009011e-03 9.986676807262699906e-01 4.782718199999999698e+00
9.987686537590626523e-01 -1.042632786591644834e-03 4.959928613580926599e-02 -6.887800000000000346e-03 1.273447659826189597e-03 9.999885066416192014e-01 -4.622219782964675193e-03 -6.922730000000000550e-02 -4.959389679554571800e-02 4.679690324868830860e-03 9.987585022912676136e-01 4.833859900000000209e+00
9.990453701295413103e-01 -1.468553349495511028e-04 4.368440060523066243e-02 -2.391599999999999802e-03 3.398272736085429513e-04 9.999902180842216159e-01 -4.410017380352000346e-03 -7.122090000000000365e-02 -4.368332565352358449e-02 4.420652596788372801e-03 9.990356474573200973e-01 4.936808100000000366e+00
9.991967335657864213e-01 1.435261486166120124e-03 4.004781711815431217e-02 -8.633999999999999531e-04 -1.242592768981803410e-03 9.999875371463202711e-01 -4.835443645325621098e-03 -7.210320000000000618e-02 -4.005425813410203734e-02 4.781796367786275009e-03 9.991860641686430844e-01 4.988373799999999747e+00
9.994838544627858701e-01 2.127109152793332531e-03 3.205464201741552166e-02 2.337999999999999801e-03 -2.010349989236401378e-03 9.999912289942652910e-01 -3.674292783602020520e-03 -7.394309999999999772e-02 -3.206217648777660856e-02 3.607955264544658678e-03 9.994793642180290760e-01 5.091767299999999885e+00
9.996189452779351559e-01 2.516608033444694536e-03 2.748874179431646039e-02 3.920100000000000147e-03 -2.440914851419469841e-03 9.999931377752153683e-01 -2.786814878567306017e-03 -7.495490000000000486e-02 -2.749556648110234799e-02 2.718655271505725397e-03 9.996182284939576501e-01 5.144111599999999562e+00
9.998286644514482457e-01 2.681806460994706938e-03 1.831528474633145262e-02 5.755099999999999973e-03 -2.644362830579590276e-03 9.999943647143961778e-01 -2.068304782076065777e-03 -7.700859999999999650e-02 -1.832072832759886957e-02 2.019518149726976571e-03 9.998301218006934166e-01 5.247367900000000418e+00
9.999038249972492798e-01 3.716323387592657731e-03 1.336150052760199519e-02 5.992199999999999610e-03 -3.689094985248196363e-03 9.999910695434960362e-01 -2.061895110024128484e-03 -7.789160000000000528e-02 -1.336904387232284996e-02 2.012404962664482173e-03 9.999086052696046778e-01 5.299837100000000412e+00
9.999796128252401717e-01 5.080479781492014055e-03 3.868159649296047838e-03 6.138099999999999633e-03 -5.069458144065149344e-03 9.999830780197658253e-01 -2.853816434270111096e-03 -7.998270000000000379e-02 -3.882592949069318608e-03 2.834148779579065674e-03 9.999884464696014996e-01 5.403545399999999610e+00
9.999615163484303348e-01 8.478633915990430384e-03 -2.253572511914148351e-03 5.653400000000000265e-03 -8.485184943735063837e-03 9.999597558726115443e-01 -2.913463859023163616e-03 -8.195280000000000620e-02 2.228779625366773733e-03 2.932473717842861653e-03 9.999932165466302036e-01 5.509094199999999830e+00
9.999215444812434850e-01 1.182147529756778087e-02 -4.142173829471502630e-03 4.128500000000000225e-03 -1.183323598718271155e-02 9.999259904132369314e-01 -2.826344313557126176e-03 -8.411359999999999670e-02 4.108455709412945495e-03 2.875137891671889802e-03 9.999874270078537020e-01 5.614761399999999902e+00
9.998965348621535743e-01 1.308037143567910079e-02 -5.985269731839167051e-03 3.383399999999999949e-03 -1.308934559268253375e-02 9.999132610599347215e-01 -1.462664842786968924e-03 -8.625120000000000009e-02 5.965618376457058891e-03 1.540856771952852072e-03 9.999810183987468681e-01 5.720989699999999623e+00
9.998151369718423220e-01 1.789910137455294481e-02 -7.022396454175110041e-03 1.359699999999999928e-03 -1.787238085348472755e-02 9.998328656035160300e-01 3.849527463130717527e-03 -8.787620000000000153e-02 7.090125852488572862e-03 -3.723308883893728435e-03 9.999679330290301982e-01 5.827264800000000022e+00
9.998297137449857486e-01 1.659577570293538709e-02 -8.069928217638728737e-03 1.579999999999999916e-04 -1.658239991692857587e-02 9.998610204214853914e-01 1.721584938652788270e-03 -8.909490000000000465e-02 8.097377699911830970e-03 -1.587472999395103928e-03 9.999659556224207435e-01 5.933294799999999647e+00
9.998803490374821301e-01 1.167179695668186731e-02 -1.015168776533634763e-02 -9.282999999999999585e-04 -1.162464375667285679e-02 9.999214254934584156e-01 4.691534574154652450e-03 -9.054560000000000386e-02 1.020564874044441010e-02 -4.572963473726159196e-03 9.999374644140776036e-01 6.040584100000000234e+00
9.999223974795410363e-01 6.234274033686496019e-03 -1.078577053527938166e-02 -2.128000000000000117e-03 -6.151395288607730202e-03 9.999514319260314199e-01 7.700267857862428886e-03 -9.193310000000000370e-02 1.083325227113691828e-02 -7.633322759613727498e-03 9.999121826584960182e-01 6.147944500000000367e+00
9.999446110469267790e-01 -4.460759750579569431e-04 -1.051550542935298684e-02 -3.084200000000000049e-03 4.943085503316133403e-04 9.999893682535853090e-01 4.584652533451565731e-03 -9.295979999999999521e-02 1.051334852781667627e-02 -4.589596498592321550e-03 9.999342003885619556e-01 6.255526500000000212e+00
9.999518463459378115e-01 -1.458592852892271656e-03 -9.704509067419877025e-03 -4.372100000000000292e-03 1.498565388368551824e-03 9.999904188462435117e-01 4.112969425045084372e-03 -9.389609999999999623e-02 9.698416939218834285e-03 -4.127314211937766798e-03 9.999444514503138537e-01 6.362917900000000238e+00
9.999655956872642859e-01 1.576114085449952223e-03 -8.143912217367989606e-03 -6.315799999999999886e-03 -1.509033042501438469e-03 9.999649404553543341e-01 8.236545355687720227e-03 -9.554429999999999867e-02 8.156608430664560525e-03 -8.223972550374204077e-03 9.999329157570518989e-01 6.469401399999999747e+00
9.999692903996458826e-01 2.010091313981795733e-03 -7.574812904498874448e-03 -7.161200000000000378e-03 -1.974267090378863283e-03 9.999868461403058628e-01 4.733900698175220849e-03 -9.667080000000000117e-02 7.584228839147374134e-03 -4.718800618143534180e-03 9.999601054010313073e-01 6.576182400000000428e+00
9.999773697927519800e-01 5.976385892751620316e-04 -6.700949968961811276e-03 -8.163200000000000664e-03 -6.107539512778016599e-04 9.999979017639532008e-01 -1.955363726287540418e-03 -9.831020000000000036e-02 6.699767307968139407e-03 1.959412107672027330e-03 9.999756366143184305e-01 6.681428000000000367e+00
9.999838765588414669e-01 5.336772170100465224e-04 -5.653477777427453645e-03 -9.764999999999999375e-03 -5.691128694821516237e-04 9.999801927847707939e-01 -6.268185437153498199e-03 -1.007017999999999941e-01 5.650020610016519458e-03 6.271301839394897298e-03 9.999643733855450023e-01 6.786712200000000195e+00
9.999825712381250620e-01 4.628557749185474883e-04 -5.885829127639215577e-03 -1.009159999999999918e-02 -4.991354540435374116e-04 9.999808782412547004e-01 -6.163928588771586982e-03 -1.018310000000000048e-01 5.882863570291121946e-03 6.166758985122045185e-03 9.999636808403756794e-01 6.838768499999999584e+00
9.999820116727179409e-01 1.435366817429126326e-03 -5.823749057399350490e-03 -1.142460000000000003e-02 -1.462612107863204983e-03 9.999879943198662913e-01 -4.676749079542717041e-03 -1.041659999999999947e-01 5.816966288888770348e-03 4.685182838534166991e-03 9.999721055934327474e-01 6.942981699999999812e+00
9.999735730235840281e-01 2.219335233697699011e-03 -6.922991085304047547e-03 -1.210549999999999994e-02 -2.250623966366074608e-03 9.999872745266573659e-01 -4.515027852571168628e-03 -1.063240000000000018e-01 6.912882626571202442e-03 4.530489583692114998e-03 9.999658427756036305e-01 7.046524999999999928e+00
9.999686184457294846e-01 2.666188431305511596e-03 -7.460131566382918050e-03 -1.284889999999999990e-02 -2.697357602909029612e-03 9.999876627584185496e-01 -4.171162058390011536e-03 -1.075500000000000067e-01 7.448918424912374936e-03 4.191153803440790006e-03 9.999634732549458338e-01 7.097889900000000196e+00
9.999615619582948867e-01 2.408051470137809354e-03 -8.430652053341638683e-03 -1.325540000000000052e-02 -2.435495875922915124e-03 9.999917640681961206e-01 -3.246560582451443744e-03 -1.084045000000000009e-01 8.422764734082802476e-03 3.266968609327632056e-03 9.999591911424885460e-01 7.149537099999999867e+00
9.999542524841480429e-01 3.429922002199898862e-03 -8.929085839417039150e-03 -1.412580000000000086e-02 -3.454792519735012338e-03 9.999901918141518298e-01 -2.771404723510848336e-03 -1.096469999999999945e-01 8.919492559245501689e-03 2.802126077595417340e-03 9.999562944158764122e-01 7.201412699999999667e+00
9.999464402676035979e-01 4.177688999417154651e-03 -9.469081833631353903e-03 -1.482149999999999961e-02 -4.212983803892403172e-03 9.999842413682707987e-01 -3.710496273012747585e-03 -1.107341000000000020e-01 9.453431314395780230e-03 3.750190628228127973e-03 9.999482830159946989e-01 7.253267799999999710e+00
9.999372521704115169e-01 4.920547722466655886e-03 -1.006379312176462759e-02 -1.575640000000000027e-02 -4.970066907925666487e-03 9.999756368019540043e-01 -4.901452586461396525e-03 -1.118600000000000011e-01 1.003943010421861834e-02 4.951162756112458506e-03 9.999373459525077168e-01 7.304616900000000079e+00
9.999295556857885625e-01 4.920449608888409661e-03 -1.080152034058202287e-02 -1.649979999999999850e-02 -4.972547076554523042e-03 9.999761088521570418e-01 -4.801614360861971437e-03 -1.130672000000000066e-01 1.077763617835869950e-02 4.854987182823117600e-03 9.999301333882590903e-01 7.356322300000000425e+00
9.999070154059509496e-01 5.213057626415908835e-03 -1.260097504747433560e-02 -1.785499999999999934e-02 -5.301831784802351483e-03 9.999612909029081953e-01 -7.021913949568308819e-03 -1.153890000000000055e-01 1.256388163304093634e-02 7.088069269776462247e-03 9.998959486628284932e-01 7.459417300000000139e+00
9.998947107103841603e-01 5.826584985783620635e-03 -1.328978558144168140e-02 -1.866949999999999860e-02 -5.917037317521944492e-03 9.999595295192416078e-01 -6.777019480574363736e-03 -1.165507999999999961e-01 1.324976085747614496e-02 6.854942090234796351e-03 9.998887206115285586e-01 7.511129900000000248e+00
9.998822673503097169e-01 6.055076762991792524e-03 -1.409920153050783255e-02 -1.965509999999999827e-02 -6.132119226698600975e-03 9.999664690668995659e-01 -5.427509158607958864e-03 -1.177823000000000064e-01 1.406586478653733090e-02 5.513328148359824057e-03 9.998858708175324406e-01 7.562975400000000015e+00
9.998708750047080596e-01 6.027773885897784109e-03 -1.489628340559771488e-02 -2.055680000000000007e-02 -6.103395206668931275e-03 9.999686917065080394e-01 -5.036285707316243490e-03 -1.190053999999999973e-01 1.486545943691643459e-02 5.126553301682905059e-03 9.998763606401415149e-01 7.614269700000000363e+00
9.998574827128913212e-01 6.065085540229443219e-03 -1.575528484128290579e-02 -2.143559999999999910e-02 -6.133650860100428419e-03 9.999719126854091922e-01 -4.307222702702609950e-03 -1.204020999999999980e-01 1.572871864350839505e-02 4.403246265425909099e-03 9.998666005183688421e-01 7.665791999999999717e+00
9.998437562289602676e-01 6.818837937208937529e-03 -1.630848181620699403e-02 -2.267440000000000080e-02 -6.888995108785433107e-03 9.999672408741288043e-01 -4.249579387790180900e-03 -1.213599000000000067e-01 1.627897037145176543e-02 4.361264468944866558e-03 9.998579771626954216e-01 7.717389100000000113e+00
9.998344442758470008e-01 7.239986643319984427e-03 -1.669331102605679448e-02 -2.371749999999999900e-02 -7.328159653397873022e-03 9.999594883426879965e-01 -5.226829777592008688e-03 -1.224549000000000054e-01 1.665479257458443371e-02 5.348295694345925680e-03 9.998469951034825165e-01 7.768968100000000376e+00
9.998070557370957179e-01 8.064808561518454696e-03 -1.791117419897496690e-02 -2.582430000000000142e-02 -8.158753155319843284e-03 9.999533096035883029e-01 -5.178161814854450110e-03 -1.248481000000000035e-01 1.786857703541405371e-02 5.323295567251255106e-03 9.998261731316265832e-01 7.872237700000000338e+00
9.998075901015911482e-01 6.727755265078918211e-03 -1.842607077870692112e-02 -2.796020000000000102e-02 -6.875479881231229794e-03 9.999446371958137236e-01 -7.965570898263208549e-03 -1.272741000000000011e-01 1.837146024820832807e-02 8.090726322505046447e-03 9.997984944957272191e-01 7.975468199999999896e+00
9.998253941978141324e-01 3.765341142242850485e-03 -1.830309600226448161e-02 -2.915960000000000080e-02 -3.908664711242256125e-03 9.999619318005313895e-01 -7.801108249775282229e-03 -1.285544999999999882e-01 1.827302540250700172e-02 7.871286796461922364e-03 9.998020501013223926e-01 8.026639899999999272e+00
9.998158250309273631e-01 3.024123061043284232e-03 -1.895179931926516126e-02 -3.098940000000000028e-02 -3.019998887836798304e-03 9.999954094782474989e-01 2.462298712088815023e-04 -1.308560000000000001e-01 1.895245695004997566e-02 -1.889501089632798715e-04 9.998203682029150885e-01 8.130206100000000546e+00
9.998091862268253527e-01 5.827895945653312204e-03 -1.864475168244171879e-02 -3.371670000000000222e-02 -5.891927869761602946e-03 9.999769259790761700e-01 -3.381226909691144224e-03 -1.330001000000000100e-01 1.862461603445295447e-02 3.490435257089109181e-03 9.998204541512867305e-01 8.231418599999999586e+00
9.998021613814749298e-01 6.086648318711315210e-03 -1.893649410993045873e-02 -3.619250000000000245e-02 -6.185902414433438155e-03 9.999674129105786680e-01 -5.187265969979447389e-03 -1.352231999999999879e-01 1.890430396100868660e-02 5.303379033081548344e-03 9.998072321515689698e-01 8.332704500000000181e+00
9.998048433487161102e-01 5.640141394650798577e-03 -1.893314610670049705e-02 -3.846530000000000088e-02 -5.670103165319535961e-03 9.999827555976216198e-01 -1.529195043817492723e-03 -1.376589000000000007e-01 1.892419473964361207e-02 1.636249502902641182e-03 9.998195824952721411e-01 8.432761199999999846e+00
9.998745400286959129e-01 4.271047328871768398e-03 -1.525327365250392711e-02 -4.172580000000000039e-02 -4.316274169889463760e-03 9.999863824686152647e-01 -2.933369158947883408e-03 -1.406447999999999865e-01 1.524053738206032627e-02 2.998838449609936285e-03 9.998793592170303057e-01 8.582822800000000640e+00
9.999143626878443936e-01 2.964480182358981454e-03 -1.274673086757628464e-02 -4.319209999999999716e-02 -3.027773063711359201e-03 9.999831698869917629e-01 -4.948993133786824990e-03 -1.428740000000000010e-01 1.273184514658755838e-02 4.987163523688197160e-03 9.999065097893659049e-01 8.681817099999999954e+00
9.999423042885429158e-01 3.192537772845616562e-03 -1.025650021635202656e-02 -4.447140000000000121e-02 -3.219764045982234906e-03 9.999913340351965774e-01 -2.639123717472297882e-03 -1.449890000000000068e-01 1.024798583172690201e-02 2.671994961986013870e-03 9.999439180420649498e-01 8.779890099999999364e+00
9.999626124644941383e-01 4.087007226799397978e-03 -7.620370405165191770e-03 -4.597459999999999741e-02 -4.101312725265989813e-03 9.999898549453142271e-01 -1.862589696906543539e-03 -1.472235000000000071e-01 7.612680678538885810e-03 1.893773581382062138e-03 9.999692298838545046e-01 8.875941299999999146e+00
9.999809990999994902e-01 4.069295462017771814e-03 -4.630580245455370898e-03 -4.753929999999999961e-02 -4.080659635990415215e-03 9.999886792544868674e-01 -2.447361804480017219e-03 -1.499195999999999862e-01 4.620568785549947384e-03 2.466211124301949647e-03 9.999862839793295377e-01 9.019641899999999879e+00
9.999896881888397093e-01 3.310616645701360602e-03 -3.108590261264234256e-03 -4.819559999999999816e-02 -3.317362569133348437e-03 9.999921486061172926e-01 -2.167448201476489342e-03 -1.521079999999999932e-01 3.101390264403168940e-03 2.177738172135426382e-03 9.999928193916601815e-01 9.112750099999999520e+00
9.999912886655015765e-01 2.380640464702662475e-03 -3.428577560335311497e-03 -4.876330000000000248e-02 -2.381749144602819147e-03 9.999971126494474616e-01 -3.193176794055466931e-04 -1.541991000000000056e-01 3.427807480241310857e-03 3.274809093939631843e-04 9.999940714284921706e-01 9.203590399999999505e+00
9.999884887251343502e-01 2.494332981393734654e-03 -4.098868160822596862e-03 -4.909179999999999794e-02 -2.495252707262950349e-03 9.999968628087003708e-01 -2.192867625657536667e-04 -1.552631999999999901e-01 4.098308327684813471e-03 2.295119501705618651e-04 9.999915755610723211e-01 9.248184200000000743e+00
9.999825045225672060e-01 3.256315271857196554e-03 -4.938325589120546102e-03 -4.983590000000000242e-02 -3.266452748829854445e-03 9.999925717662200286e-01 -2.046142424401226761e-03 -1.572012000000000131e-01 4.931626021258616113e-03 2.062237433357815529e-03 9.999857130187185250e-01 9.335608499999999310e+00
9.999812021808609508e-01 2.805656652851225893e-03 -5.451933204504983213e-03 -5.034109999999999974e-02 -2.817913182788176537e-03 9.999935169906142285e-01 -2.241727467039730890e-03 -1.581723999999999908e-01 5.445608341989068360e-03 2.257048401900901228e-03 9.999826253902099893e-01 9.378276800000000080e+00
9.999751346747230984e-01 2.457911349611313981e-03 -6.609743116570728286e-03 -5.067440000000000139e-02 -2.472855063531681150e-03 9.999944030313054899e-01 -2.253640143802719195e-03 -1.592002999999999890e-01 6.604166874358033748e-03 2.269929043041941930e-03 9.999756159037255232e-01 9.420731500000000480e+00
9.999636464907247779e-01 2.046194738471146524e-03 -8.277607387707049819e-03 -5.139839999999999687e-02 -2.058167090588333345e-03 9.999968479114847986e-01 -1.438094336943580897e-03 -1.601455999999999991e-01 8.274638674890189699e-03 1.455078756281953786e-03 9.999647059274707761e-01 9.462453800000000470e+00
9.999466739003093352e-01 9.151001727765158220e-04 -1.028649344442888851e-02 -5.182599999999999707e-02 -9.112755401455827943e-04 9.999995139152103585e-01 3.764920092429462788e-04 -1.611590999999999996e-01 1.028683297222359426e-02 -3.670981025227526584e-04 9.999470217498448443e-01 9.503609700000000160e+00
9.999213858069156968e-01 1.366019751181496780e-03 -1.246419656522533559e-02 -5.261280000000000123e-02 -1.341125551183112909e-03 9.999970898793241192e-01 2.005396504162208510e-03 -1.620796999999999932e-01 1.246689970414283782e-02 -1.988522799045627353e-03 9.999203079190084331e-01 9.544753999999999294e+00
9.998415144194533477e-01 2.053298501905106727e-03 -1.768417396081152851e-02 -5.408609999999999807e-02 -2.026938691337338335e-03 9.999968081458990854e-01 1.508382430124520154e-03 -1.636506000000000072e-01 1.768721467489242291e-02 -1.472298636833886329e-03 9.998424849813936088e-01 9.623688700000000651e+00
9.997896817501161770e-01 2.083616563700833781e-03 -2.040222556529069919e-02 -5.508199999999999902e-02 -2.050164607832680608e-03 9.999965199394378335e-01 1.660401787060305752e-03 -1.644558000000000131e-01 2.040561420497604556e-02 -1.618224653487369174e-03 9.997904741784093829e-01 9.661962499999999565e+00
