9.999999999676399964e-01 -4.599997359924834888e-06 -6.600001839892156000e-06 -2.300000000000000002e-06 4.600002639924835406e-06 9.999999999891000524e-01 7.999848199869281196e-07 -9.959999999999999507e-05 6.599998159892156203e-06 -8.000151799869277125e-07 9.999999999779000115e-01 -1.780999999999999923e-04
9.999984289579164631e-01 5.667005524676796283e-04 1.679563092792810781e-03 -1.939999999999999993e-04 -5.652989272910219571e-04 9.999994917102994485e-01 -8.348749999480685642e-04 -1.027899999999999994e-03 -1.680035363211901172e-03 8.339242331096357545e-04 9.999982410242289621e-01 5.463239999999999763e-02
9.999939564056927743e-01 9.278399166519759678e-04 3.350561919801906246e-03 -5.869000000000000085e-04 -9.261571450347605037e-04 9.999994442331271438e-01 -5.037522997561790774e-04 -1.812599999999999932e-03 -3.351027459162405058e-03 5.006461084197420331e-04 9.999942599677470456e-01 1.095388999999999946e-01
9.999908023958005154e-01 1.156479596929975011e-04 4.287394238040398084e-03 -5.146999999999999882e-04 -1.159515076129791314e-04 9.999999907888599271e-01 7.055159669572808848e-05 -2.921400000000000212e-03 -4.287386039400398544e-03 -7.104807761569803624e-05 9.999908065943005075e-01 1.641770999999999925e-01
9.999865382895952726e-01 -4.289089614629145537e-05 5.188583618177816312e-03 -4.532000000000000113e-04 4.310881736126105244e-05 9.999999981934999393e-01 -4.188830517742077179e-05 -3.827600000000000013e-03 -5.188581812177692557e-03 4.211141499274678138e-05 9.999865383320952761e-01 2.185779999999999945e-01
9.999792457970271276e-01 -8.034031551072039418e-05 6.442167387038118948e-03 -4.182999999999999761e-04 8.045885199342150008e-05 9.999999965986399175e-01 -1.814092829337860029e-05 -4.743299999999999773e-03 -6.442165907678085168e-03 1.865888118518122950e-05 9.999792488598271412e-01 2.735584999999999822e-01
9.999751327298218584e-01 1.819838399446741797e-04 7.049879705156933060e-03 -8.409999999999999778e-05 -1.760139000219401511e-04 9.999996254443848098e-01 -8.474256291921940720e-04 -5.771000000000000088e-03 -7.050031282354971007e-03 8.461636792085268062e-04 9.999747902152062995e-01 3.282668000000000252e-01
9.999716251613030016e-01 -2.040724381582982998e-05 7.533157094278220174e-03 2.714999999999999857e-04 2.759240986873485793e-05 9.999995448447868140e-01 -9.537027200250514742e-04 -6.866999999999999840e-03 -7.533134203078562137e-03 9.538835168223567086e-04 9.999711705820897301e-01 3.828159999999999896e-01
9.999706533204543168e-01 -3.839813407121189814e-04 7.651474119009927903e-03 6.465999999999999959e-04 3.812129921258945362e-04 9.999998613590147523e-01 3.632610713909421797e-04 -7.715500000000000136e-03 -7.651612543675237986e-03 -3.603335695416069718e-04 9.999706610622134395e-01 4.373428999999999789e-01
9.999800508667150423e-01 -1.047642673367343326e-03 6.228989760067710907e-03 9.150000000000000147e-04 1.040746506725627549e-03 9.999988420987737658e-01 1.110246738579186805e-03 -8.468099999999999239e-03 -6.230145689374131865e-03 -1.103741790785799570e-03 9.999799833190404774e-01 4.916714999999999836e-01
9.999893780055297832e-01 -2.150011467374707795e-03 4.076926146473574403e-03 7.311000000000000441e-04 2.145976693996100131e-03 9.999972035916961932e-01 9.937770456715979556e-04 -9.563399999999999679e-03 -4.079051377767652434e-03 -9.850175012838385813e-04 9.999911955014302301e-01 5.456634999999999680e-01
9.999987537317931441e-01 -1.489085747349079775e-03 5.245555238302920852e-04 6.266000000000000519e-04 1.488913507963254704e-03 9.999988375817057129e-01 3.285906315879001671e-04 -1.137649999999999946e-02 -5.250442137035648367e-04 -3.278092042707352874e-04 9.999998084348313832e-01 6.538298999999999639e-01
9.999997914214244776e-01 -3.103169011023549934e-04 -5.664455210644911984e-04 4.029999999999999837e-04 3.104830828746839647e-04 9.999999087841331402e-01 2.933120871407708902e-04 -1.252610000000000008e-02 5.663544496977347036e-04 -2.934878977138141915e-04 9.999997965537248401e-01 7.081750999999999463e-01
9.999984532670792570e-01 -1.170993771909082173e-03 -1.312340289492512158e-03 -1.593999999999999985e-04 1.172205088045394274e-03 9.999988873429250802e-01 9.226310982845286647e-04 -1.445480000000000029e-02 1.311258434037943432e-03 -9.241680031852252553e-04 9.999987132565827386e-01 8.170233000000000079e-01
9.999972550117808279e-01 -1.657421309170623632e-03 -1.656177377961939737e-03 -5.986999999999999700e-04 1.658976060861477690e-03 9.999981841380473080e-01 9.378267630470622784e-04 -1.517310000000000013e-02 1.654619996511067425e-03 -9.405717473462253415e-04 9.999981887770873490e-01 8.710544999999999538e-01
9.999969468086553626e-01 -1.087976262933304733e-03 -2.218711567252993656e-03 -1.066399999999999900e-03 1.087622142429566082e-03 9.999993956094594960e-01 -1.608066884197969625e-04 -1.598669999999999952e-02 2.218885180144632152e-03 1.583930776179987249e-04 9.999975257270341533e-01 9.254021999999999526e-01
9.999963366977063783e-01 -1.388348528885266497e-03 -2.323591945635637788e-03 -1.665100000000000087e-03 1.385648505761514441e-03 9.999983634581692815e-01 -1.163210729721703661e-03 -1.674950000000000050e-02 2.325203084885614242e-03 1.159986786821699811e-03 9.999966239249352684e-01 9.791777000000000397e-01
9.999955601017236351e-01 -4.145141781226536126e-04 -2.950924403674272996e-03 -2.147599999999999943e-03 4.134848693744955575e-04 9.999998534712873921e-01 -3.494104557216559724e-04 -1.801089999999999983e-02 2.951068806867000131e-03 3.481887417831885652e-04 9.999955849690024268e-01 1.033791099999999963e+00
9.999920189802414816e-01 -6.267217784850220028e-04 -3.945782005199701022e-03 -2.491000000000000159e-03 6.240755911574214941e-04 9.999995795852831826e-01 -6.718325038413068117e-04 -1.880499999999999880e-02 3.946201398396528316e-03 6.693646756953460127e-04 9.999919896906445116e-01 1.087842699999999940e+00
9.999882102825093932e-01 -4.660054777950988088e-04 -4.833439239149832888e-03 -2.963499999999999988e-03 4.587915150479433195e-04 9.999987794643030448e-01 -1.493512721689692173e-03 -1.959899999999999837e-02 4.834129324874166141e-03 1.491277572685213108e-03 9.999872035605613663e-01 1.141872800000000021e+00
9.999850027136447661e-01 -3.753311619010796891e-04 -5.463833298227720701e-03 -3.624200000000000164e-03 3.710659637185710494e-04 9.999996256927190519e-01 -7.816165762637372009e-04 -2.062390000000000057e-02 5.464124618132865964e-03 7.795774115677185385e-04 9.999847676845967648e-01 1.195666200000000012e+00
9.999796258277556804e-01 -1.550343738153532255e-03 -6.192282590074971865e-03 -4.151799999999999762e-03 1.557639682933897353e-03 9.999980982289754516e-01 1.173582996941638021e-03 -2.168060000000000126e-02 6.190451356720853837e-03 -1.183204431249756591e-03 9.999801389724067846e-01 1.249982499999999996e+00
9.999736434325993129e-01 -1.813076263334031284e-03 -7.030305441171629324e-03 -4.726300000000000119e-03 1.818899584265840476e-03 9.999980079486201490e-01 8.220116141113555054e-04 -2.229849999999999888e-02 7.028801066696245201e-03 -8.347773683510529815e-04 9.999749492373847248e-01 1.303840600000000016e+00
9.999553329633212861e-01 -2.848060309236310084e-03 -9.012248925106096376e-03 -5.709099999999999939e-03 2.842675823679431755e-03 9.999957734061365455e-01 -6.102163748068046385e-04 -2.452800000000000119e-02 9.013948767027227249e-03 5.845702161132291684e-04 9.999592026704328118e-01 1.411014599999999897e+00
9.999512728576290810e-01 -2.087032718123526739e-03 -9.648637460327158175e-03 -6.480800000000000102e-03 2.082916369441467630e-03 9.999977353937408164e-01 -4.366540824552981475e-04 -2.556479999999999864e-02 9.649526921318958908e-03 4.165355006407338886e-04 9.999533554763299081e-01 1.464734999999999898e+00
9.999455351207485743e-01 -2.642616557860065409e-03 -1.009670093683807078e-02 -7.365700000000000199e-03 2.642911384410383691e-03 9.999965073778747104e-01 1.585769083925500449e-05 -2.652240000000000153e-02 1.009662376708060465e-02 -4.254151300299456107e-05 9.999490268902339052e-01 1.518828899999999926e+00
9.999356425480757649e-01 -3.275839709940271943e-03 -1.086184312911995901e-02 -7.932700000000000862e-03 3.281255105120595237e-03 9.999945010891664321e-01 4.807872339008504464e-04 -2.767949999999999924e-02 1.086020841890025963e-02 -5.163967698780028408e-04 9.999408928569099020e-01 1.572076400000000040e+00
9.999269815352230806e-01 -3.924049119943152399e-03 -1.142949851751032427e-02 -8.768200000000000299e-03 3.927006996529535353e-03 9.999922613445774155e-01 2.363620262244978858e-04 -2.856420000000000139e-02 1.142848257235865202e-02 -2.812284880772984242e-04 9.999346532132140641e-01 1.625692700000000102e+00
9.999126235895431369e-01 -4.728000873136471542e-03 -1.234468282379713733e-02 -1.009509999999999921e-02 4.738191253334308496e-03 9.999884576018820415e-01 7.963709285014385162e-04 -3.041920000000000041e-02 1.234077509410804949e-02 -8.547928126492157670e-04 9.999234843723413535e-01 1.733434300000000094e+00
9.999186255733149009e-01 -3.669117416887915199e-03 -1.221801166122828651e-02 -1.164729999999999932e-02 3.702725701294301737e-03 9.999894205001764735e-01 2.729232511551165415e-03 -3.207430000000000003e-02 1.220786852623320477e-02 -2.774250367616990908e-03 9.999216326697527579e-01 1.841017600000000032e+00
9.999243191287278121e-01 -1.749750479289334353e-03 -1.217761833079259413e-02 -1.302350000000000035e-02 1.775380960607505013e-03 9.999962311079262367e-01 2.094228351405765659e-03 -3.351629999999999887e-02 1.217390805760177643e-02 -2.115689770109522617e-03 9.999236569955737286e-01 1.947588899999999956e+00
9.999518827273488064e-01 5.143981757185892055e-04 -9.796306678910238208e-03 -1.502380000000000035e-02 -4.443841594701948951e-04 9.999743552887523368e-01 7.147816978843725237e-03 -3.534169999999999673e-02 9.799732279468450352e-03 -7.143119721875874038e-03 9.999264678404555795e-01 2.053726000000000163e+00
9.999696245570819375e-01 1.367697138530183168e-03 -7.673289236424920244e-03 -1.603639999999999927e-02 -1.294252143083536415e-03 9.999533849121783335e-01 9.568328697684046896e-03 -3.561659999999999826e-02 7.686018121153622047e-03 -9.558106884423125255e-03 9.999247810301669093e-01 2.107147499999999951e+00
9.999893620545776685e-01 1.207564683968526944e-03 -4.451692398729368248e-03 -1.728539999999999938e-02 -1.143969364806980303e-03 9.998976577562972423e-01 1.426062227124246830e-02 -3.646810000000000329e-02 4.468457426367175404e-03 -1.425537796779536605e-02 9.998884023165905965e-01 2.214419599999999821e+00
9.999954776366253295e-01 -5.304485079158375227e-04 -2.960292329790214019e-03 -1.740859999999999977e-02 5.687272421934344612e-04 9.999160495086794054e-01 1.294490186444602516e-02 -3.676320000000000282e-02 2.953177207915563644e-03 -1.294652692178875457e-02 9.999118292054764989e-01 2.267221000000000153e+00
9.999990063179861055e-01 9.065749361305785970e-04 -1.079576271359949545e-03 -1.799649999999999861e-02 -8.949989659680230572e-04 9.999426164663741678e-01 1.067533377616837649e-02 -3.713249999999999884e-02 1.089192311494982914e-03 -1.067435694863465810e-02 9.999424342250116116e-01 2.372682600000000086e+00
9.999989688459239856e-01 7.115241131389692759e-04 -1.247413534155245593e-03 -1.814870000000000025e-02 -6.988574872507582894e-04 9.999484915061613854e-01 1.012550901262543497e-02 -3.736899999999999944e-02 1.254553825583196473e-03 -1.012462680737750108e-02 9.999479576591524532e-01 2.424924900000000161e+00
9.999977800074533185e-01 -2.125555394614663429e-04 -2.096377901873726270e-03 -1.841620000000000063e-02 2.314397030572976598e-04 9.999593654841913981e-01 9.011870844449458226e-03 -3.771279999999999771e-02 2.094377193503832880e-03 -9.012336023242457569e-03 9.999571947756440427e-01 2.477494200000000202e+00
9.999928198399089530e-01 2.462773382163522097e-04 -3.781483320094828661e-03 -1.879279999999999839e-02 -2.109168382206835757e-04 9.999562794510374886e-01 9.348513278916864566e-03 -3.813110000000000110e-02 3.783620318534792852e-03 -9.347648576589248637e-03 9.999491515489044025e-01 2.530152300000000132e+00
9.999888828477733194e-01 -2.815420543345099500e-04 -4.706900777989139230e-03 -1.942110000000000017e-02 3.300481443812579210e-04 9.999468196222456307e-01 1.030771534232666729e-02 -3.840459999999999707e-02 4.703748407874738975e-03 -1.030915425375365964e-02 9.999357959836659981e-01 2.583096999999999976e+00
9.999825552613759161e-01 -2.733193373383589644e-04 -5.900378756422788515e-03 -1.985140000000000168e-02 3.386686028993242457e-04 9.999385877090574137e-01 1.107727917826043136e-02 -3.894389999999999658e-02 5.896988766041413171e-03 -1.107908421105051507e-02 9.999212366064327284e-01 2.636087900000000150e+00
9.999762232804880746e-01 1.219997384695619335e-03 -6.787081852515196821e-03 -2.038500000000000034e-02 -1.146754220519201036e-03 9.999411826424031702e-01 1.078499932637458532e-02 -3.938640000000000196e-02 6.799840325266959772e-03 -1.077695977971128601e-02 9.999188063585249253e-01 2.688677999999999901e+00
9.999703683588190284e-01 1.546296442819256696e-03 -7.541311002662190975e-03 -2.070210000000000106e-02 -1.468841645640935707e-03 9.999462297675251188e-01 1.026547991726933610e-02 -3.949330000000000201e-02 7.556778979696318101e-03 -1.025409874258843661e-02 9.999188709842560252e-01 2.741590500000000041e+00
9.999683331937683217e-01 8.015388979145779457e-04 -7.917710847963374543e-03 -2.109379999999999936e-02 -7.240307923493213187e-04 9.999518418248309892e-01 9.787226907553235253e-03 -3.997540000000000121e-02 7.925174388526540908e-03 -9.781184310876362906e-03 9.999207568824581838e-01 2.794006800000000013e+00
9.999651094934722817e-01 -4.665591278863708891e-04 -8.340390775507001975e-03 -2.154649999999999968e-02 5.442211278675710296e-04 9.999564969845176066e-01 9.311711003688374552e-03 -4.070630000000000082e-02 8.335683479592955608e-03 -9.315925130249520444e-03 9.999218619071670311e-01 2.846444599999999880e+00
9.999621232109705549e-01 -9.413794120789841088e-04 -8.652511092749949964e-03 -2.212870000000000115e-02 1.030975468357436548e-03 9.999458406151310319e-01 1.035629886023643753e-02 -4.098740000000000022e-02 8.642293271539232616e-03 -1.036482712356569941e-02 9.999089364165655303e-01 2.898836100000000027e+00
9.999610122634980947e-01 -4.381842886699425957e-04 -8.819407434138176391e-03 -2.283750000000000016e-02 5.405896552136054420e-04 9.999324284556833087e-01 1.161233333764427264e-02 -4.100820000000000159e-02 8.813723151134539649e-03 -1.161664827947594264e-02 9.998936802315364636e-01 2.951175899999999963e+00
9.999579811460597156e-01 5.769210237966690771e-05 -9.166930452332121629e-03 -2.359740000000000101e-02 3.289266584704303908e-05 9.999511788911389365e-01 9.881232326698090665e-03 -4.144489999999999980e-02 9.167052981689615201e-03 -9.881118653420417966e-03 9.999091601909585458e-01 3.003251300000000068e+00
9.999539090010421960e-01 1.248815830596819746e-03 -9.519471233041639641e-03 -2.408209999999999865e-02 -1.164732934507699659e-03 9.999603085531255653e-01 8.833159996800309111e-03 -4.185740000000000294e-02 9.530124381493119273e-03 -8.821665225967879193e-03 9.999156739205132816e-01 3.055978999999999779e+00
9.999450546218552338e-01 3.774159643868187954e-03 -9.779747250186772434e-03 -2.471129999999999854e-02 -3.686864093939569431e-03 9.999533401299461888e-01 8.928863092061586210e-03 -4.219620000000000315e-02 9.812989883198602187e-03 -8.892315893318073622e-03 9.999123121292214922e-01 3.108122299999999782e+00
9.999326565113424437e-01 6.401654596452794818e-03 -9.679941146371684804e-03 -2.561319999999999916e-02 -6.319217163145556329e-03 9.999437109494588860e-01 8.523052684921176778e-03 -4.227439999999999670e-02 9.733957911071495703e-03 -8.461309062588970656e-03 9.999168246971008589e-01 3.159920200000000179e+00
9.999292700920212607e-01 8.094709475106123125e-03 -8.713810403671612415e-03 -2.696509999999999879e-02 -8.004391955956376148e-03 9.999143966186421206e-01 1.035032097049484387e-02 -4.360590000000000299e-02 8.796847313266801388e-03 -1.027984013934417351e-02 9.999084659927910401e-01 3.263232900000000214e+00
9.999249963623442206e-01 1.024002241390223680e-02 -6.718898029352373021e-03 -2.752860000000000029e-02 -1.016609038202573659e-02 9.998884007206980673e-01 1.094699550330140159e-02 -4.385950000000000265e-02 6.830245684493287985e-03 -1.087786951418323947e-02 9.999175064467678009e-01 3.314953599999999945e+00
9.999791498132333256e-01 6.221805874788009783e-03 -1.728892842111945383e-03 -2.794790000000000121e-02 -6.215709616164979967e-03 9.999745242576910664e-01 3.509385925180275988e-03 -4.493470000000000103e-02 1.750683515249604975e-03 -3.498566457964265731e-03 9.999923475407043183e-01 3.416909700000000161e+00
9.999756715783562067e-01 6.951251343708567988e-03 5.799622161577862789e-04 -2.802719999999999864e-02 -6.953046424814405928e-03 9.999708570775887040e-01 3.152798903678326239e-03 -4.553730000000000278e-02 -5.580294167482825101e-04 -3.156754705270822543e-03 9.999948617382495852e-01 3.467632500000000118e+00
9.999722107005296623e-01 6.316171598882682793e-03 3.960278150469714181e-03 -2.837709999999999885e-02 -6.342469697108324943e-03 9.999576848613878077e-01 6.663449916875847055e-03 -4.622790000000000232e-02 -3.918023077635284998e-03 -6.688382688432075764e-03 9.999699568647931747e-01 3.517957000000000001e+00
9.999103002684448516e-01 6.849539379212297822e-03 1.150978832824505263e-02 -2.834079999999999933e-02 -6.917292435670585778e-03 9.999589218980849958e-01 5.857096702202246874e-03 -4.730600000000000083e-02 -1.146919711347749518e-02 -5.936187893939506507e-03 9.999166061181602450e-01 3.618231800000000220e+00
9.998684545650403654e-01 6.094995473680263169e-03 1.503078826587639361e-02 -2.805799999999999961e-02 -6.133791900247541860e-03 9.999779714394443353e-01 2.536381828173131514e-03 -4.774110000000000159e-02 -1.501499792348463813e-02 -2.628243906041888810e-03 9.998838143361098441e-01 3.668335900000000205e+00
9.997502949211715118e-01 4.298620691357541920e-03 2.192874062006850561e-02 -2.663340000000000152e-02 -4.258841192091343889e-03 9.999892005078707680e-01 -1.860413752357851364e-03 -4.970379999999999937e-02 -2.193650101385714868e-02 1.766558173751730989e-03 9.997578052685999195e-01 3.767291100000000004e+00
9.995426371808121546e-01 5.065251178460954996e-03 2.981374998429969433e-02 -2.484470000000000081e-02 -5.083587772661727656e-03 9.999869330748568652e-01 5.392725649046570518e-04 -5.159509999999999791e-02 -2.981062885926552206e-02 -6.905867365614413739e-04 9.995553258809510844e-01 3.864378900000000172e+00
9.993120188484136968e-01 4.821215260996570932e-03 3.677288224377953108e-02 -2.183030000000000040e-02 -4.679933076632023480e-03 9.999813377612222220e-01 -3.927130717799110111e-03 -5.358720000000000150e-02 -3.679112952201912812e-02 3.752334297949690492e-03 9.993159324136738908e-01 3.959933299999999878e+00
9.990764352312228036e-01 3.688296274599138329e-03 4.280973062590941181e-02 -1.828650000000000067e-02 -3.552822395846194116e-03 9.999884391805237138e-01 -3.240209611039053961e-03 -5.533910000000000218e-02 -4.282118656337913221e-02 3.085121697870971211e-03 9.990779889505190248e-01 4.055632100000000406e+00
9.988384044223012070e-01 2.134673541592416873e-03 4.813818671265279042e-02 -1.416339999999999960e-02 -2.133286758069217505e-03 9.999977213264318321e-01 -8.018448609626187870e-05 -5.716519999999999935e-02 -4.813824818914002462e-02 -2.260121211975335803e-05 9.988406822664293028e-01 4.151263700000000334e+00
9.985946994252185016e-01 -2.411528812999740902e-04 5.299592555230490942e-02 -9.654400000000000481e-03 3.062545546734168423e-04 9.999992085248995410e-01 -1.220310502444257915e-03 -5.894810000000000327e-02 -5.299558932595566096e-02 1.234825842973287903e-03 9.985939829165466630e-01 4.245964999999999989e+00
9.983556116479160858e-01 -8.708449158962427040e-04 5.731766150365807944e-02 -4.716299999999999659e-03 1.297448123946102821e-03 9.999717335336300028e-01 -7.405995011657045407e-03 -6.093579999999999830e-02 -5.730959186280372430e-02 7.468183372111183646e-03 9.983285215386964451e-01 4.341236600000000223e+00
9.982232403560638012e-01 -7.874960746084887090e-04 5.957971351871764465e-02 2.652999999999999976e-04 1.259977855251905770e-03 9.999680552538846579e-01 -7.893093662700851124e-03 -6.297529999999999795e-02 -5.957159447961976606e-02 7.954138652070992174e-03 9.981923445956993879e-01 4.437209099999999573e+00
9.984279722477941155e-01 -8.051146987274356145e-04 5.604405430980114594e-02 7.484499999999999834e-03 1.025761742062509347e-03 9.999918361818442847e-01 -3.908373384419633854e-03 -6.582659999999999900e-02 -5.604045008747313844e-02 3.959717159774411334e-03 9.984206471192430543e-01 4.583216199999999851e+00
9.987238665543864968e-01 -1.881576838686277908e-04 5.050349464484524264e-02 1.187150000000000011e-02 3.668643202114130523e-04 9.999937048690966668e-01 -3.529253851529344423e-03 -6.767910000000000592e-02 -5.050251266250488369e-02 3.543277982882529330e-03 9.987176484852510194e-01 4.681104200000000048e+00
9.990731933269674236e-01 1.514803947308728752e-03 4.301697042397495396e-02 1.562940000000000162e-02 -1.359725254171917017e-03 9.999924722444046843e-01 -3.634088848220049916e-03 -6.956729999999999858e-02 -4.302215153486729782e-02 3.572229489381681129e-03 9.990677322653285231e-01 4.780240499999999670e+00
9.993938078810784553e-01 2.767459379510975488e-03 3.470386055672610576e-02 1.901699999999999918e-02 -2.704909071991471944e-03 9.999946319078493184e-01 -1.849222105980750843e-03 -7.137280000000000013e-02 -3.470879191026664951e-02 1.754230334860954355e-03 9.993959287690049598e-01 4.879744999999999777e+00
9.995426992147892209e-01 2.365583488342664579e-03 3.014625119601388112e-02 2.039300000000000140e-02 -2.332278692694594088e-03 9.999966305589940152e-01 -1.139888923771221552e-03 -7.231750000000000678e-02 -3.014884612241553949e-02 1.069058192342245547e-03 9.995448485145969064e-01 4.929157700000000197e+00
9.996763368500103386e-01 3.187749191768735144e-03 2.524004352680279950e-02 2.153949999999999962e-02 -3.160536373427418142e-03 9.999943805499190708e-01 -1.117979613314809594e-03 -7.324460000000000692e-02 -2.524346553024692241e-02 1.037845688878188564e-03 9.996807942160083060e-01 4.979290999999999912e+00
9.997881759112856592e-01 3.716518445784546248e-03 2.024329021246867519e-02 2.242639999999999911e-02 -3.694287898946163693e-03 9.999925314624414918e-01 -1.135454207649918461e-03 -7.391899999999999860e-02 -2.024735896120248915e-02 1.060429149030327678e-03 9.997944388448637421e-01 5.028815700000000000e+00
9.998796633278902446e-01 4.126508204103479863e-03 1.495429013180903099e-02 2.335440000000000085e-02 -4.102841656387492403e-03 9.999902825320123867e-01 -1.612926498224742699e-03 -7.466440000000000576e-02 -1.496080056840093722e-02 1.551377319523098352e-03 9.998868774390256009e-01 5.078507400000000338e+00
9.999513240760149468e-01 7.050111660447576367e-03 6.902565044953530744e-03 2.338300000000000101e-02 -7.034908779658920197e-03 9.999727808912080018e-01 -2.224305546906807374e-03 -7.661999999999999367e-02 -6.918058765757273930e-03 2.175638361342176370e-03 9.999737031845559176e-01 5.179275999999999769e+00
9.999461261243504095e-01 9.141127123693835316e-03 4.917788508398437258e-03 2.327540000000000164e-02 -9.130617537093224656e-03 9.999559923285501473e-01 -2.155279475147655992e-03 -7.749209999999999432e-02 -4.937273771646912002e-03 2.110260915890723593e-03 9.999855849593887180e-01 5.229738199999999892e+00
9.999173036977402340e-01 1.248204415518056054e-02 3.095858451110303135e-03 2.255520000000000094e-02 -1.247662900336598754e-02 9.999206107760026940e-01 -1.762349017114474628e-03 -7.976650000000000407e-02 -3.117610391558725807e-03 1.723577400026029671e-03 9.999936548730660180e-01 5.331078100000000042e+00
9.999059497594491308e-01 1.361701714989023947e-02 1.633548160731791233e-03 2.220930000000000126e-02 -1.361634098945646056e-02 9.999072032947234900e-01 -4.243316901929826412e-04 -8.164409999999999723e-02 -1.639174704747164675e-03 4.020488329162231990e-04 9.999985757304973299e-01 5.432455499999999660e+00
9.998452734737969250e-01 1.757946957753467668e-02 6.255889071878589607e-04 2.171189999999999926e-02 -1.758036279490763840e-02 9.998443989367459261e-01 1.452156608892487665e-03 -8.234299999999999953e-02 -5.999634219608991799e-04 -1.462930001693723159e-03 9.999987499390698975e-01 5.483521500000000160e+00
9.998495262845833453e-01 1.734666656952552413e-02 -1.339679811024047215e-04 2.087169999999999997e-02 -1.734595095771959347e-02 9.998407224830024864e-01 4.200910620334096998e-03 -8.365949999999999775e-02 2.068184388343317448e-04 -4.197954691674814914e-03 9.999911671622605525e-01 5.585882200000000353e+00
9.998921484914941038e-01 1.464205551256294972e-02 -1.140874853334638466e-03 2.019690000000000027e-02 -1.463831871971409300e-02 9.998876769224127603e-01 3.217633254569425560e-03 -8.454200000000000603e-02 1.187859471492444139e-03 -3.200585738246682251e-03 9.999941726034248246e-01 5.688437900000000269e+00
9.999567072336243978e-01 9.009294314445932123e-03 -2.327289075985122888e-03 1.984709999999999946e-02 -8.992800170733453863e-03 9.999350409764979908e-01 7.003097344632618244e-03 -8.583179999999999976e-02 2.390230862649850557e-03 -6.981865315575506124e-03 9.999727698058273884e-01 5.791271199999999730e+00
9.999737896626590405e-01 6.668392925320654717e-03 -2.820021895962630289e-03 1.957949999999999968e-02 -6.645007797850324520e-03 9.999441184631669977e-01 8.222154357974317471e-03 -8.652569999999999706e-02 2.874692864756791220e-03 -8.203199785046145706e-03 9.999622211134877592e-01 5.843047099999999716e+00
9.999966003033555761e-01 3.174046243011315960e-04 -2.588172334957371864e-03 1.956979999999999831e-02 -3.037926980434615693e-04 9.999861305850850091e-01 5.257979409041148473e-03 -8.748440000000000383e-02 2.589805345500296920e-03 -5.257175265649556388e-03 9.999828273607995754e-01 5.946592299999999831e+00
9.999967729942602634e-01 -5.876549441454498183e-04 -2.471570903803017860e-03 1.950160000000000088e-02 5.991408798909481472e-04 9.999890136184051981e-01 4.649050730538234130e-03 -8.775130000000000430e-02 2.468811712534546565e-03 -4.650516547190858968e-03 9.999861387362188880e-01 5.998905200000000271e+00
9.999963833041828343e-01 -1.565044090224900711e-03 -2.187239252916131291e-03 1.939859999999999848e-02 1.575743623458184060e-03 9.999867599619968184e-01 4.898666424744210594e-03 -8.837589999999999335e-02 2.179543664847271786e-03 -4.902095236063602236e-03 9.999856094223105174e-01 6.050973899999999794e+00
9.999974078620014195e-01 2.236868266325071301e-03 -4.250760370205785318e-04 1.820559999999999887e-02 -2.233086549876204478e-03 9.999596782649520232e-01 8.697997971634077730e-03 -8.954499999999999960e-02 4.445151728605466050e-04 -8.697026193642078129e-03 9.999620813519122242e-01 6.153383700000000012e+00
9.999978736604265839e-01 2.034506730280423101e-03 3.368337720058657342e-04 1.801540000000000086e-02 -2.036276605131593330e-03 9.999836675691369248e-01 5.340240871463969134e-03 -9.073040000000000271e-02 -3.259635146972600416e-04 -5.340915403028226142e-03 9.999856840827495708e-01 6.256040999999999741e+00
9.999990552699785651e-01 8.662839347761946279e-04 1.067244721132732050e-03 1.785329999999999903e-02 -8.649152288499586862e-04 9.999988038627994902e-01 -1.282261524540961048e-03 -9.231000000000000316e-02 -1.068354247120510562e-03 1.281337236937786029e-03 9.999986083960756833e-01 6.357419499999999779e+00
9.999982450299904624e-01 6.786558075917777533e-04 1.746242604520686827e-03 1.730980000000000019e-02 -6.685379257937052334e-04 9.999830249755156109e-01 -5.788161872219697510e-03 -9.442920000000000480e-02 -1.750141131679582799e-03 5.786984284760442881e-03 9.999817237424427629e-01 6.458766500000000299e+00
9.999985428986831737e-01 3.615378608409356895e-04 1.668379718641365599e-03 1.729750000000000038e-02 -3.520590075318436366e-04 9.999838165046937011e-01 -5.678272903111185495e-03 -9.551279999999999493e-02 -1.670405629064681879e-03 5.677677261184331005e-03 9.999824867096184233e-01 6.508848200000000084e+00
9.999974912320989118e-01 1.465008618245736572e-03 1.694484953222819478e-03 1.670709999999999903e-02 -1.457782953487434755e-03 9.999898736843741975e-01 -4.257628162467675878e-03 -9.769790000000000418e-02 -1.700705256284661083e-03 4.255147289787057988e-03 9.999895006064681846e-01 6.609513800000000217e+00
9.999960531746480141e-01 2.401152712654653319e-03 1.458801143805682011e-03 1.664260000000000045e-02 -2.396035138820564771e-03 9.999910053573116686e-01 -3.499745717438279644e-03 -9.893250000000000655e-02 -1.467191446333668660e-03 3.496236565752046128e-03 9.999928118137331179e-01 6.659479100000000429e+00
9.999971024950791154e-01 2.241931817882855584e-03 8.767800011204697833e-04 1.656519999999999868e-02 -2.238456364865791439e-03 9.999897131833375141e-01 -3.944976629708800073e-03 -9.995500000000000218e-02 -8.856153504722933008e-04 3.943002565345507526e-03 9.999918341747700001e-01 6.709301499999999585e+00
9.999958233914333361e-01 2.888579445684717056e-03 9.648044000063898961e-05 1.645519999999999969e-02 -2.888204495954638587e-03 9.999890455924742572e-01 -3.683336780981253354e-03 -1.010276999999999981e-01 -1.071189940316579029e-04 3.683042741884718675e-03 9.999932118378017654e-01 6.758751400000000409e+00
9.999969926814734622e-01 2.324404301630603274e-03 -7.821589682631304016e-04 1.628960000000000130e-02 -2.326388144584228251e-03 9.999940552001582716e-01 -2.545089889083505981e-03 -1.019721999999999990e-01 7.762385005983973201e-04 2.546901840538478082e-03 9.999964553661201405e-01 6.808354900000000320e+00
9.999891862148443389e-01 4.267059961093330051e-03 -1.849230288982109827e-03 1.580499999999999960e-02 -4.273304340594186873e-03 9.999851366471680381e-01 -3.386052976136464700e-03 -1.038802999999999949e-01 1.834754312139244645e-03 3.393918683907720495e-03 9.999925574685948337e-01 6.907697200000000315e+00
9.999850772253062736e-01 4.918312183537327034e-03 -2.378136237368273787e-03 1.521499999999999936e-02 -4.929225025235991001e-03 9.999772483579207893e-01 -4.604943775109646836e-03 -1.049563000000000024e-01 2.355433579790159118e-03 4.616597425225870202e-03 9.999865693902416641e-01 6.956628799999999835e+00
9.999809204795235829e-01 4.763193774444912480e-03 -3.933276241503971642e-03 1.461800000000000078e-02 -4.784724295143126700e-03 9.999735223337220535e-01 -5.482795355350246133e-03 -1.072739000000000054e-01 3.907056480825110527e-03 5.501510388636228488e-03 9.999772338874017841e-01 7.055839500000000264e+00
9.999708970005636299e-01 5.516310176421354919e-03 -5.270244199808205021e-03 1.369790000000000070e-02 -5.549554098222303500e-03 9.999646660995460401e-01 -6.314190505065044381e-03 -1.095770999999999967e-01 5.235226948185327939e-03 6.343254248480012167e-03 9.999661771901788843e-01 7.154568199999999933e+00
9.999605867086800437e-01 5.751494415568532068e-03 -6.763530233540318397e-03 1.264889999999999938e-02 -5.781962573623939880e-03 9.999731866190864071e-01 -4.493879356072556092e-03 -1.118456000000000033e-01 6.737502358407156632e-03 4.532808716172242319e-03 9.999670293100233476e-01 7.252881099999999748e+00
9.999393002728610425e-01 7.097399123324991607e-03 -8.427496396032465101e-03 1.056230000000000016e-02 -7.136745780494556032e-03 9.999637308908454481e-01 -4.647984781101400543e-03 -1.151164999999999966e-01 8.394202135135161655e-03 4.707847549037959441e-03 9.999536856984774236e-01 7.399811699999999881e+00
9.999239398419046410e-01 8.143797214499417722e-03 -9.262456368170520621e-03 9.051800000000000471e-03 -8.187846612459142789e-03 9.999553027462209087e-01 -4.727756081337735651e-03 -1.171227999999999991e-01 9.223540475001582029e-03 4.803236059459928091e-03 9.999459261502410268e-01 7.497289699999999613e+00
9.999293548457068859e-01 7.047038162854490570e-03 -9.572072449553910636e-03 7.442599999999999737e-03 -7.117414650717211744e-03 9.999477451444745979e-01 -7.338214303936725635e-03 -1.195834000000000064e-01 9.519859586043935909e-03 7.405824303345170251e-03 9.999272603743983856e-01 7.593902599999999836e+00
9.999410270085192787e-01 4.351359782405458086e-03 -9.950285080927129266e-03 6.262900000000000064e-03 -4.388895562401884907e-03 9.999833238542368274e-01 -3.753612816320854584e-03 -1.217063000000000034e-01 9.933785828675073537e-03 3.797062216580530773e-03 9.999434495098377118e-01 7.691458199999999579e+00
9.999427148600021908e-01 3.167763812866999928e-03 -1.022410244639100976e-02 5.809100000000000201e-03 -3.157744574856409525e-03 9.999945183445138053e-01 9.959568885529559209e-04 -1.229922999999999988e-01 1.022720135757447524e-02 -9.636147309902960787e-04 9.999472365075279257e-01 7.740018799999999644e+00
9.999392935701559848e-01 3.949964685186916138e-03 -1.028625069707669176e-02 5.072400000000000346e-03 -3.947915554551846909e-03 9.999921828588935746e-01 2.195082668016831631e-04 -1.237979000000000024e-01 1.028703733790551147e-02 -1.788856921134755187e-04 9.999470710306209709e-01 7.787641500000000327e+00
9.999347534297333695e-01 5.582224409790594033e-03 -9.966326005956540127e-03 4.191099999999999687e-03 -5.613179225649699705e-03 9.999795006214085014e-01 -3.080674591574620279e-03 -1.246473000000000025e-01 9.948924685562869977e-03 3.136416362216100373e-03 9.999455894147459833e-01 7.835121199999999675e+00
9.999303901200218281e-01 5.560545140981238907e-03 -1.040650047595340077e-02 3.575399999999999846e-03 -5.610827439719419385e-03 9.999726962987339762e-01 -4.808874346622627610e-03 -1.257090999999999903e-01 1.037947637709147816e-02 4.866928679878462088e-03 9.999342875786200180e-01 7.883221599999999718e+00
9.999319877130667944e-01 5.405189601618281582e-03 -1.033459595561821674e-02 2.219099999999999892e-03 -5.439411369605156275e-03 9.999798068273400009e-01 -3.286143865980585034e-03 -1.278546999999999878e-01 1.031662503668389318e-02 3.342134486562333036e-03 9.999411969635645381e-01 7.977897200000000133e+00
9.999464854835242722e-01 4.989867060985222341e-03 -9.062416667853456786e-03 4.836999999999999937e-04 -4.993999059346290736e-03 9.999874360001184126e-01 -4.333766311167036762e-04 -1.297458999999999973e-01 9.060140315874903871e-03 4.786111394905019287e-04 9.999588415474078840e-01 8.072090100000000490e+00
9.999732346514212944e-01 3.822367370461514022e-03 -6.238548585910489407e-03 -5.318000000000000244e-04 -3.837975559682181223e-03 9.999895302762363825e-01 -2.491842995753314628e-03 -1.317356000000000082e-01 6.228958530670829045e-03 2.515719697707544545e-03 9.999774353604313770e-01 8.165677999999999770e+00
9.999889779741989448e-01 2.664545999363822099e-03 -3.865763150325764782e-03 -1.181600000000000098e-03 -2.681825549904785864e-03 9.999864061334113874e-01 -4.471617168769545861e-03 -1.338325999999999960e-01 3.853795770019504460e-03 4.481935184876162381e-03 9.999825301049821702e-01 8.259115200000000101e+00
9.999947304792478064e-01 2.875955193350762402e-03 -1.505953340028406019e-03 -1.670899999999999903e-03 -2.878834723408564642e-03 9.999940255226540398e-01 -1.913433989648665942e-03 -1.359554000000000040e-01 1.500441392324628007e-03 1.917759297535656486e-03 9.999970354330580680e-01 8.352775599999999301e+00
9.999935896495406595e-01 3.367706399252006280e-03 1.216229186736428932e-03 -2.307099999999999863e-03 -3.366281836096578738e-03 9.999936479069837514e-01 -1.171448796805414248e-03 -1.380626000000000075e-01 -1.220166556744903177e-03 1.167347117188240234e-03 9.999985742461245941e-01 8.445292500000000757e+00
9.999858254511888589e-01 3.655976492295124388e-03 3.870753491549535664e-03 -2.559300000000000030e-03 -3.650395697610088041e-03 9.999922891126082902e-01 -1.447869668329023916e-03 -1.406738999999999906e-01 -3.876017022076559161e-03 1.433719363537676273e-03 9.999914604339534829e-01 8.582224800000000542e+00
9.999805267311254742e-01 2.975721348791145453e-03 5.485548376875193193e-03 -2.695200000000000026e-03 -2.968248335113277559e-03 9.999946563583814729e-01 -1.369947628029209198e-03 -1.424816000000000138e-01 -5.489595646474038255e-03 1.353638480833861332e-03 9.999840158735044948e-01 8.671051999999999538e+00
9.999833640158033443e-01 2.023686364638617712e-03 5.401516929066894901e-03 -2.705700000000000119e-03 -2.025496846976204777e-03 9.999978943177865176e-01 3.297309751728128642e-04 -1.442620000000000013e-01 -5.400838283110314525e-03 -3.406662452822343504e-04 9.999853573389707595e-01 8.757967000000000724e+00
9.999865493554755957e-01 2.893618165384700004e-03 4.304425866700020524e-03 -2.616400000000000062e-03 -2.890761963125691985e-03 9.999955975399557051e-01 -6.696237597028070060e-04 -1.462071000000000065e-01 -4.306344552112178169e-03 6.571716822630993288e-04 9.999905117159755275e-01 8.842593199999999598e+00
9.999877857806009906e-01 3.020139698087779233e-03 3.912421988336990501e-03 -2.817099999999999899e-03 -3.015040800297545329e-03 9.999945986613689719e-01 -1.308501838018557651e-03 -1.470989000000000047e-01 -3.916352714366984518e-03 1.296689743767207069e-03 9.999914903523554610e-01 8.883896800000000482e+00
9.999927863623541135e-01 2.767368624982561448e-03 2.601709850988289177e-03 -3.271299999999999989e-03 -2.763819918435461188e-03 9.999952468441587472e-01 -1.366597434688983153e-03 -1.491503000000000134e-01 -2.605479363519653570e-03 1.359396919042130071e-03 9.999956817493277361e-01 8.964340200000000536e+00
9.999988599048255100e-01 8.253448676321490599e-04 -1.264513700485130282e-03 -3.517699999999999907e-03 -8.238544445085729112e-04 9.999989659397142683e-01 1.178721068131771037e-03 -1.508598999999999912e-01 1.265485244285684133e-03 -1.177677949045282486e-03 9.999985058097561330e-01 9.044210400000000760e+00
9.999800288207139065e-01 1.692523961520236509e-03 -6.089115072312355735e-03 -4.061699999999999686e-03 -1.676256268170248044e-03 9.999950153459837843e-01 2.675714504423033768e-03 -1.525000999999999995e-01 6.093613431093378337e-03 -2.665454149941373814e-03 9.999778813701465374e-01 9.121439000000000519e+00
9.999322848098500804e-01 2.043896541809466123e-03 -1.145636425221316888e-02 -5.250300000000000279e-03 -2.016431613193108222e-03 9.999950668193241521e-01 2.408389620661391568e-03 -1.538677999999999990e-01 1.146123023511542473e-02 -2.385125561049855104e-03 9.999314733408264377e-01 9.195280099999999734e+00
9.998439246168565608e-01 2.614234242352614108e-03 -1.747261245743138985e-02 -6.739700000000000378e-03 -2.567158736375052454e-03 9.999930161375711890e-01 2.716131827695945737e-03 -1.553518000000000121e-01 1.747959103594041996e-02 -2.670852936662879672e-03 9.998436529987110299e-01 9.266659699999999944e+00
9.997855201984846563e-01 2.519121087318507493e-03 -2.055644984895657265e-02 -7.611200000000000257e-03 -2.479008527094968793e-03 9.999949737991519205e-01 1.976586237915080226e-03 -1.559392000000000000e-01 2.056132578818374232e-02 -1.925202685628731080e-03 9.997867399983114689e-01 9.300990099999999927e+00
9.996176255631179508e-01 3.283647167618206422e-03 -2.745578854873136077e-02 -9.421499999999999320e-03 -3.253726536486862934e-03 9.999940632059732826e-01 1.134379316453817173e-03 -1.574281999999999904e-01 2.745935045079938436e-02 -1.044611931020298159e-03 9.996223751290952420e-01 9.366790800000000417e+00
9.995356183166648201e-01 3.898425824277087191e-03 -3.022168083372085007e-02 -1.066229999999999956e-02 -3.885869944473130042e-03 9.999923375544037540e-01 4.741806133500820310e-04 -1.581648999999999972e-01 3.022329781968408763e-02 -3.565228913354341308e-04 9.995431082051091654e-01 9.398376499999999467e+00
9.994509533353422848e-01 5.846465987803476511e-03 -3.261304512812437939e-02 -1.192529999999999979e-02 -5.841129682730582598e-03 9.999829069420659300e-01 2.588971323597870420e-04 -1.587946000000000080e-01 3.261400130473328385e-02 -6.825795981065607774e-05 9.994680196283149964e-01 9.429351799999999173e+00
9.994217089046496527e-01 6.321297282261759132e-03 -3.341091095404174344e-02 -1.309210000000000061e-02 -6.295277869608597102e-03 9.999797938870433889e-01 8.839084627658652139e-04 -1.594843999999999984e-01 3.341582329756447728e-02 -6.730663380403003378e-04 9.994413087995964728e-01 9.459701499999999541e+00
9.994249031180116871e-01 6.306780322371891012e-03 -3.331797637189757438e-02 -1.407410000000000085e-02 -6.245009096862447900e-03 9.999785833457000006e-01 1.957731163113026005e-03 -1.601913000000000087e-01 3.332960979269165153e-02 -1.748534212493799839e-03 9.994428846808479650e-01 9.489378900000000172e+00
