1.000000e+00 1.197625e-11 1.704638e-10 0.000000e+00 1.197625e-11 1.000000e+00 3.562503e-10 -1.110223e-16 1.704638e-10 3.562503e-10 1.000000e+00 2.220446e-16
9.999995e-01 7.196824e-04 -6.870876e-04 -1.401751e-02 -7.197717e-04 9.999997e-01 -1.295633e-04 -2.820321e-02 6.869946e-04 1.300585e-04 9.999998e-01 1.198998e+00
9.999981e-01 1.430880e-03 -1.366265e-03 -2.787365e-02 -1.431233e-03 9.999989e-01 -2.576187e-04 -5.608120e-02 1.365895e-03 2.595743e-04 9.999990e-01 2.384181e+00
9.999956e-01 2.145639e-03 -2.049036e-03 -4.180320e-02 -2.146435e-03 9.999976e-01 -3.863468e-04 -8.410629e-02 2.048203e-03 3.907438e-04 9.999978e-01 3.575628e+00
9.999922e-01 2.860329e-03 -2.731935e-03 -5.573543e-02 -2.861747e-03 9.999957e-01 -5.150906e-04 -1.121362e-01 2.730451e-03 5.229053e-04 9.999961e-01 4.767291e+00
9.999878e-01 3.576816e-03 -3.416746e-03 -6.970674e-02 -3.579038e-03 9.999934e-01 -6.441878e-04 -1.402442e-01 3.414420e-03 6.564092e-04 9.999940e-01 5.962283e+00
9.999824e-01 4.290400e-03 -4.098979e-03 -8.362554e-02 -4.293603e-03 9.999905e-01 -7.727885e-04 -1.682458e-01 4.095625e-03 7.903748e-04 9.999913e-01 7.152769e+00
9.999760e-01 5.005068e-03 -4.782444e-03 -9.756958e-02 -5.009436e-03 9.999870e-01 -9.016141e-04 -1.962977e-01 4.777870e-03 9.255504e-04 9.999882e-01 8.345400e+00
9.999687e-01 5.718771e-03 -5.465184e-03 -1.114989e-01 -5.724485e-03 9.999831e-01 -1.030294e-03 -2.243193e-01 5.459201e-03 1.061548e-03 9.999845e-01 9.536762e+00
9.999604e-01 6.432384e-03 -6.148038e-03 -1.254307e-01 -6.439629e-03 9.999786e-01 -1.158988e-03 -2.523452e-01 6.140452e-03 1.198534e-03 9.999804e-01 1.072832e+01
9.999511e-01 7.145767e-03 -6.830869e-03 -1.393621e-01 -7.154725e-03 9.999736e-01 -1.287669e-03 -2.803697e-01 6.821488e-03 1.336480e-03 9.999758e-01 1.191983e+01
9.999311e-01 8.435908e-03 -8.163220e-03 -1.671408e-01 -8.448594e-03 9.999631e-01 -1.520606e-03 -3.362948e-01 8.150093e-03 1.589470e-03 9.999655e-01 1.430348e+01
9.999063e-01 1.021484e-02 -9.110264e-03 -1.818140e-01 -1.023202e-02 9.999459e-01 -1.840097e-03 -3.654237e-01 9.090976e-03 1.933142e-03 9.999568e-01 1.549659e+01
9.999045e-01 9.373887e-03 -1.015134e-02 -2.081761e-01 -9.389118e-03 9.999548e-01 -1.453538e-03 -4.191514e-01 1.013726e-02 1.548712e-03 9.999474e-01 1.788104e+01
9.999026e-01 9.037036e-03 -1.063812e-02 -2.220687e-01 -9.048731e-03 9.999585e-01 -1.051573e-03 -4.450814e-01 1.062817e-02 1.147733e-03 9.999429e-01 1.907663e+01
9.998928e-01 9.270131e-03 -1.133310e-02 -2.372951e-01 -9.293058e-03 9.999548e-01 -1.971849e-03 -4.715143e-01 1.131431e-02 2.076957e-03 9.999338e-01 2.027019e+01
9.998895e-01 9.007105e-03 -1.182761e-02 -2.531559e-01 -9.043321e-03 9.999545e-01 -3.011911e-03 -4.977817e-01 1.179995e-02 3.118539e-03 9.999255e-01 2.146468e+01
9.998739e-01 9.613273e-03 -1.263921e-02 -2.707637e-01 -9.644484e-03 9.999506e-01 -2.410510e-03 -5.247441e-01 1.261541e-02 2.532105e-03 9.999172e-01 2.265883e+01
9.998622e-01 9.849565e-03 -1.336112e-02 -2.887908e-01 -9.880847e-03 9.999486e-01 -2.277132e-03 -5.527301e-01 1.333801e-02 2.408838e-03 9.999082e-01 2.385296e+01
9.998496e-01 9.852334e-03 -1.427518e-02 -3.071147e-01 -9.896726e-03 9.999464e-01 -3.042267e-03 -5.812326e-01 1.424445e-02 3.183087e-03 9.998935e-01 2.504684e+01
9.998348e-01 1.011489e-02 -1.510546e-02 -3.273512e-01 -1.015685e-02 9.999447e-01 -2.703181e-03 -6.069839e-01 1.507729e-02 2.856158e-03 9.998823e-01 2.624310e+01
9.998234e-01 8.611256e-03 -1.670535e-02 -3.677985e-01 -8.617934e-03 9.999628e-01 -3.276812e-04 -6.565642e-01 1.670191e-02 4.715896e-04 9.998604e-01 2.863712e+01
9.998008e-01 7.461297e-03 -1.851044e-02 -4.112762e-01 -7.508905e-03 9.999686e-01 -2.503665e-03 -7.087202e-01 1.849118e-02 2.642160e-03 9.998255e-01 3.102794e+01
9.997742e-01 7.403986e-03 -1.991672e-02 -4.596533e-01 -7.444296e-03 9.999704e-01 -1.950489e-03 -7.632533e-01 1.990169e-02 2.098315e-03 9.997997e-01 3.342024e+01
9.997578e-01 6.402722e-03 -2.105455e-02 -5.098190e-01 -6.438109e-03 9.999779e-01 -1.613319e-03 -8.182722e-01 2.104376e-02 1.748481e-03 9.997770e-01 3.581256e+01
9.997456e-01 5.595697e-03 -2.184987e-02 -5.627412e-01 -5.621433e-03 9.999836e-01 -1.116570e-03 -8.734675e-01 2.184326e-02 1.239114e-03 9.997606e-01 3.820690e+01
9.997432e-01 6.994168e-03 -2.155419e-02 -6.466319e-01 -6.982521e-03 9.999754e-01 6.156644e-04 -9.531287e-01 2.155797e-02 -4.650029e-04 9.997675e-01 4.179871e+01
9.997217e-01 1.079817e-02 -2.097680e-02 -7.080160e-01 -1.075808e-02 9.999401e-01 2.023359e-03 -1.000412e+00 2.099740e-02 -1.797125e-03 9.997779e-01 4.419563e+01
9.998038e-01 1.191970e-02 -1.582127e-02 -7.844470e-01 -1.174383e-02 9.998687e-01 1.116292e-02 -1.051207e+00 1.595226e-02 -1.097492e-02 9.998125e-01 4.780149e+01
9.998273e-01 1.160707e-02 -1.451319e-02 -8.050204e-01 -1.141471e-02 9.998468e-01 1.326758e-02 -1.064092e+00 1.466497e-02 -1.309962e-02 9.998067e-01 4.900454e+01
9.998740e-01 1.039847e-02 -1.199806e-02 -8.402902e-01 -1.028811e-02 9.999045e-01 9.223321e-03 -1.085315e+00 1.209283e-02 -9.098718e-03 9.998855e-01 5.140457e+01
9.998820e-01 1.057346e-02 -1.114335e-02 -8.753783e-01 -1.047818e-02 9.999083e-01 8.574574e-03 -1.112635e+00 1.123299e-02 -8.456798e-03 9.999012e-01 5.381125e+01
9.998803e-01 9.904895e-03 -1.188406e-02 -8.928730e-01 -9.811863e-03 9.999209e-01 7.861425e-03 -1.127883e+00 1.196099e-02 -7.743878e-03 9.998985e-01 5.501520e+01
9.998373e-01 1.009708e-02 -1.494468e-02 -9.332309e-01 -9.958179e-03 9.999068e-01 9.339764e-03 -1.160687e+00 1.503759e-02 -9.189421e-03 9.998447e-01 5.742777e+01
9.998225e-01 1.009404e-02 -1.590911e-02 -9.562150e-01 -9.940127e-03 9.999033e-01 9.724525e-03 -1.175655e+00 1.600573e-02 -9.564658e-03 9.998262e-01 5.863262e+01
9.997821e-01 1.144537e-02 -1.745778e-02 -1.006715e+00 -1.128333e-02 9.998926e-01 9.352647e-03 -1.205600e+00 1.756296e-02 -9.153625e-03 9.998039e-01 6.104209e+01
9.997955e-01 9.508883e-03 -1.785067e-02 -1.053863e+00 -9.370520e-03 9.999255e-01 7.818952e-03 -1.237483e+00 1.792369e-02 -7.650080e-03 9.998101e-01 6.344747e+01
9.997889e-01 9.083060e-03 -1.842881e-02 -1.103193e+00 -8.882419e-03 9.999007e-01 1.094025e-02 -1.267101e+00 1.852635e-02 -1.077425e-02 9.997703e-01 6.585040e+01
9.997347e-01 1.319593e-02 -1.887929e-02 -1.186930e+00 -1.304722e-02 9.998830e-01 7.978688e-03 -1.309417e+00 1.898237e-02 -7.730246e-03 9.997899e-01 6.943527e+01
9.996991e-01 1.706543e-02 -1.762360e-02 -1.268567e+00 -1.689744e-02 9.998108e-01 9.637712e-03 -1.355743e+00 1.778473e-02 -9.337016e-03 9.997983e-01 7.300219e+01
9.998364e-01 1.463832e-02 -1.062524e-02 -1.320138e+00 -1.459781e-02 9.998859e-01 3.880945e-03 -1.407515e+00 1.068084e-02 -3.725203e-03 9.999360e-01 7.654079e+01
9.998810e-01 1.450242e-02 -5.257612e-03 -1.337950e+00 -1.447064e-02 9.998771e-01 6.033895e-03 -1.448797e+00 5.344472e-03 -5.957094e-03 9.999680e-01 7.889460e+01
9.998850e-01 1.413375e-02 5.503277e-03 -1.335651e+00 -1.415117e-02 9.998949e-01 3.138992e-03 -1.506096e+00 -5.458334e-03 -3.216507e-03 9.999799e-01 8.239913e+01
9.998558e-01 1.187376e-02 1.214485e-02 -1.309268e+00 -1.185235e-02 9.999281e-01 -1.833271e-03 -1.555472e+00 -1.216575e-02 1.689062e-03 9.999246e-01 8.471745e+01
9.996514e-01 1.244423e-02 2.328416e-02 -1.247131e+00 -1.241599e-02 9.999220e-01 -1.357177e-03 -1.630673e+00 -2.329923e-02 1.067609e-03 9.997280e-01 8.818383e+01
9.994807e-01 1.221273e-02 2.981802e-02 -1.182745e+00 -1.208868e-02 9.999175e-01 -4.336840e-03 -1.683163e+00 -2.986853e-02 3.974127e-03 9.995459e-01 9.048344e+01
9.993189e-01 1.010851e-02 3.549009e-02 -1.101750e+00 -1.005139e-02 9.999479e-01 -1.787571e-03 -1.736086e+00 -3.550631e-02 1.429629e-03 9.993684e-01 9.279129e+01
9.990531e-01 6.863193e-03 4.296190e-02 -9.539660e-01 -6.830006e-03 9.999762e-01 -9.192473e-04 -1.809543e+00 -4.296719e-02 6.249473e-04 9.990763e-01 9.625538e+01
9.988685e-01 5.748713e-03 4.720814e-02 -8.410031e-01 -5.394134e-03 9.999563e-01 -7.634949e-03 -1.861916e+00 -4.724997e-02 7.371663e-03 9.988559e-01 9.857222e+01
9.988645e-01 5.468002e-03 4.732677e-02 -6.077182e-01 -5.265287e-03 9.999764e-01 -4.406917e-03 -1.983093e+00 -4.734975e-02 4.152724e-03 9.988697e-01 1.032788e+02
9.991887e-01 6.377172e-03 3.976665e-02 -4.483272e-01 -6.255912e-03 9.999754e-01 -3.173039e-03 -2.069739e+00 -3.978591e-02 2.921688e-03 9.992040e-01 1.068672e+02
9.995691e-01 8.622270e-03 2.805899e-02 -3.290753e-01 -8.565552e-03 9.999610e-01 -2.141033e-03 -2.156853e+00 -2.807636e-02 1.899770e-03 9.996040e-01 1.104916e+02
9.998512e-01 9.347451e-03 1.450220e-02 -2.537792e-01 -9.343926e-03 9.999563e-01 -3.109408e-04 -2.240145e+00 -1.450447e-02 1.753877e-04 9.998948e-01 1.141425e+02
9.999330e-01 1.157952e-02 -4.926628e-05 -2.325711e-01 -1.157957e-02 9.999323e-01 -1.083758e-03 -2.327575e+00 3.671389e-05 1.084256e-03 9.999994e-01 1.178116e+02
9.998586e-01 1.576019e-02 -5.858555e-03 -2.464440e-01 -1.576711e-02 9.998750e-01 -1.137254e-03 -2.388148e+00 5.839900e-03 1.229467e-03 9.999822e-01 1.202714e+02
9.997912e-01 1.884223e-02 -7.907589e-03 -2.696789e-01 -1.885055e-02 9.998218e-01 -9.793676e-04 -2.444635e+00 7.887727e-03 1.128226e-03 9.999683e-01 1.227424e+02
9.997474e-01 2.029456e-02 -9.654303e-03 -2.970155e-01 -2.029377e-02 9.997940e-01 1.809995e-04 -2.498919e+00 9.655989e-03 1.496909e-05 9.999534e-01 1.252241e+02
9.996672e-01 2.356820e-02 -1.049308e-02 -3.168152e-01 -2.354959e-02 9.997208e-01 1.894705e-03 -2.521615e+00 1.053481e-02 -1.646965e-03 9.999432e-01 1.264702e+02
9.996212e-01 2.520161e-02 -1.106575e-02 -3.360760e-01 -2.514942e-02 9.996720e-01 4.830972e-03 -2.543289e+00 1.118387e-02 -4.550843e-03 9.999271e-01 1.277202e+02
9.996376e-01 2.417676e-02 -1.184163e-02 -3.532043e-01 -2.411481e-02 9.996949e-01 5.347020e-03 -2.561295e+00 1.196730e-02 -5.059522e-03 9.999156e-01 1.289699e+02
9.996900e-01 2.116355e-02 -1.311680e-02 -3.845450e-01 -2.111080e-02 9.997685e-01 4.147837e-03 -2.596170e+00 1.320155e-02 -3.869644e-03 9.999054e-01 1.314756e+02
9.997230e-01 1.881769e-02 -1.413891e-02 -3.976226e-01 -1.873314e-02 9.998060e-01 6.088651e-03 -2.614808e+00 1.425075e-02 -5.822097e-03 9.998815e-01 1.327335e+02
9.997671e-01 1.603321e-02 -1.444671e-02 -4.133731e-01 -1.591964e-02 9.998417e-01 7.941936e-03 -2.631357e+00 1.457176e-02 -7.710097e-03 9.998641e-01 1.339959e+02
9.997891e-01 1.427647e-02 -1.476542e-02 -4.299121e-01 -1.413295e-02 9.998523e-01 9.779037e-03 -2.646140e+00 1.490285e-02 -9.568293e-03 9.998432e-01 1.352593e+02
9.998429e-01 9.895168e-03 -1.470929e-02 -4.438867e-01 -9.781329e-03 9.999218e-01 7.791337e-03 -2.660056e+00 1.478524e-02 -7.646234e-03 9.998615e-01 1.365226e+02
9.998650e-01 7.231494e-03 -1.475431e-02 -4.570556e-01 -7.142445e-03 9.999560e-01 6.079343e-03 -2.675992e+00 1.479762e-02 -5.973139e-03 9.998727e-01 1.377895e+02
9.998778e-01 5.644588e-03 -1.457692e-02 -4.720570e-01 -5.557022e-03 9.999663e-01 6.040789e-03 -2.693213e+00 1.461053e-02 -5.959045e-03 9.998755e-01 1.390568e+02
9.998820e-01 5.598248e-03 -1.430578e-02 -4.908150e-01 -5.506331e-03 9.999640e-01 6.456574e-03 -2.711316e+00 1.434142e-02 -6.377037e-03 9.998768e-01 1.403306e+02
9.998897e-01 5.971145e-03 -1.360251e-02 -5.099508e-01 -5.859504e-03 9.999489e-01 8.232571e-03 -2.728134e+00 1.365098e-02 -8.151956e-03 9.998736e-01 1.416060e+02
9.998800e-01 8.591962e-03 -1.289361e-02 -5.316574e-01 -8.463478e-03 9.999143e-01 9.986780e-03 -2.744134e+00 1.297831e-02 -9.876454e-03 9.998670e-01 1.428802e+02
9.998866e-01 8.660587e-03 -1.231871e-02 -5.501461e-01 -8.547757e-03 9.999213e-01 9.182760e-03 -2.759529e+00 1.239727e-02 -9.076419e-03 9.998820e-01 1.441530e+02
9.998890e-01 8.954282e-03 -1.191151e-02 -5.681071e-01 -8.876444e-03 9.999390e-01 6.571729e-03 -2.775354e+00 1.196963e-02 -6.465265e-03 9.999075e-01 1.454241e+02
9.999061e-01 7.812498e-03 -1.125845e-02 -6.015689e-01 -7.808799e-03 9.999694e-01 3.725598e-04 -2.818864e+00 1.126102e-02 -2.846090e-04 9.999366e-01 1.479611e+02
9.999147e-01 7.643519e-03 -1.059073e-02 -6.344428e-01 -7.688832e-03 9.999614e-01 -4.244256e-03 -2.875057e+00 1.055788e-02 4.325325e-03 9.999349e-01 1.504924e+02
9.999104e-01 8.117233e-03 -1.064694e-02 -6.669047e-01 -8.155002e-03 9.999606e-01 -3.508696e-03 -2.939717e+00 1.061804e-02 3.595208e-03 9.999372e-01 1.530248e+02
9.998937e-01 9.403347e-03 -1.114181e-02 -7.034750e-01 -9.423055e-03 9.999541e-01 -1.717437e-03 -2.997619e+00 1.112515e-02 1.822245e-03 9.999365e-01 1.555533e+02
9.998742e-01 9.992074e-03 -1.232232e-02 -7.401339e-01 -1.001482e-02 9.999482e-01 -1.785279e-03 -3.051707e+00 1.230385e-02 1.908461e-03 9.999225e-01 1.580778e+02
9.998535e-01 1.030765e-02 -1.366465e-02 -7.785169e-01 -1.031359e-02 9.999467e-01 -3.643023e-04 -3.107330e+00 1.366017e-02 5.051812e-04 9.999066e-01 1.606037e+02
9.998251e-01 1.103635e-02 -1.510106e-02 -8.210143e-01 -1.107364e-02 9.999358e-01 -2.387686e-03 -3.162340e+00 1.507374e-02 2.554492e-03 9.998831e-01 1.631262e+02
9.997825e-01 1.181146e-02 -1.718910e-02 -8.915914e-01 -1.188598e-02 9.999203e-01 -4.239466e-03 -3.252329e+00 1.713766e-02 4.442854e-03 9.998433e-01 1.669143e+02
9.997523e-01 1.233623e-02 -1.852434e-02 -9.418036e-01 -1.238731e-02 9.999198e-01 -2.645128e-03 -3.313952e+00 1.849023e-02 2.873939e-03 9.998249e-01 1.694414e+02
9.997203e-01 1.277294e-02 -1.990499e-02 -9.957698e-01 -1.281257e-02 9.999162e-01 -1.864756e-03 -3.373848e+00 1.987950e-02 2.119268e-03 9.998001e-01 1.719707e+02
9.996607e-01 1.445123e-02 -2.167176e-02 -1.083166e+00 -1.451821e-02 9.998903e-01 -2.936385e-03 -3.461238e+00 2.162695e-02 3.250024e-03 9.997608e-01 1.757590e+02
9.996424e-01 1.457372e-02 -2.241892e-02 -1.140940e+00 -1.465169e-02 9.998871e-01 -3.317459e-03 -3.523533e+00 2.236804e-02 3.644748e-03 9.997432e-01 1.782891e+02
9.996874e-01 1.030641e-02 -2.277718e-02 -1.193384e+00 -1.041999e-02 9.999338e-01 -4.873750e-03 -3.587083e+00 2.272545e-02 5.109565e-03 9.997287e-01 1.808107e+02
9.996814e-01 1.002918e-02 -2.316311e-02 -1.249819e+00 -9.950237e-03 9.999443e-01 3.520889e-03 -3.644685e+00 2.319713e-02 -3.289288e-03 9.997255e-01 1.833367e+02
9.996734e-01 1.036281e-02 -2.336066e-02 -1.280267e+00 -1.030116e-02 9.999431e-01 2.757641e-03 -3.669131e+00 2.338791e-02 -2.516097e-03 9.997233e-01 1.845934e+02
9.996501e-01 1.230447e-02 -2.341722e-02 -1.342768e+00 -1.236717e-02 9.999203e-01 -2.534452e-03 -3.722358e+00 2.338417e-02 2.823170e-03 9.997226e-01 1.870923e+02
9.996511e-01 1.188341e-02 -2.358974e-02 -1.371475e+00 -1.194447e-02 9.999256e-01 -2.448977e-03 -3.752664e+00 2.355889e-02 2.729890e-03 9.997187e-01 1.883388e+02
9.996551e-01 1.202913e-02 -2.334368e-02 -1.429913e+00 -1.200463e-02 9.999272e-01 1.189625e-03 -3.811043e+00 2.335630e-02 -9.089811e-04 9.997268e-01 1.908308e+02
9.997053e-01 1.146956e-02 -2.139564e-02 -1.482347e+00 -1.143659e-02 9.999332e-01 1.663004e-03 -3.868861e+00 2.141328e-02 -1.417820e-03 9.997697e-01 1.933035e+02
9.997487e-01 1.007974e-02 -2.002253e-02 -1.504387e+00 -1.008263e-02 9.999491e-01 -4.303345e-05 -3.897568e+00 2.002108e-02 2.449032e-04 9.997995e-01 1.945344e+02
9.998066e-01 9.130046e-03 -1.742092e-02 -1.543340e+00 -9.171383e-03 9.999553e-01 -2.294297e-03 -3.962116e+00 1.739919e-02 2.453627e-03 9.998456e-01 1.969816e+02
9.998506e-01 8.954749e-03 -1.478447e-02 -1.577337e+00 -8.947165e-03 9.999598e-01 5.791481e-04 -4.025379e+00 1.478906e-02 -4.467817e-04 9.998905e-01 1.994115e+02
9.998768e-01 9.445742e-03 -1.253497e-02 -1.607052e+00 -9.436407e-03 9.999551e-01 8.038410e-04 -4.084508e+00 1.254200e-02 -6.854560e-04 9.999211e-01 2.018207e+02
9.999026e-01 1.007774e-02 -9.652882e-03 -1.639698e+00 -1.006681e-02 9.999486e-01 1.180268e-03 -4.168995e+00 9.664281e-03 -1.082978e-03 9.999527e-01 2.053821e+02
9.999265e-01 8.942437e-03 -8.192095e-03 -1.655974e+00 -8.930852e-03 9.999590e-01 1.449907e-03 -4.223531e+00 8.204726e-03 -1.376637e-03 9.999654e-01 2.077094e+02
9.999313e-01 8.300880e-03 -8.282961e-03 -1.670517e+00 -8.272806e-03 9.999599e-01 3.418130e-03 -4.277047e+00 8.311003e-03 -3.349370e-03 9.999599e-01 2.099818e+02
9.999233e-01 8.543601e-03 -8.972630e-03 -1.680916e+00 -8.513509e-03 9.999580e-01 3.386803e-03 -4.301812e+00 9.001190e-03 -3.310153e-03 9.999540e-01 2.110937e+02
9.999105e-01 9.129603e-03 -9.785277e-03 -1.705386e+00 -9.115221e-03 9.999573e-01 1.513563e-03 -4.351615e+00 9.798678e-03 -1.424232e-03 9.999510e-01 2.132749e+02
9.999054e-01 9.064680e-03 -1.034486e-02 -1.717659e+00 -9.051482e-03 9.999581e-01 1.322076e-03 -4.376802e+00 1.035641e-02 -1.228314e-03 9.999456e-01 2.143453e+02
9.998981e-01 8.510470e-03 -1.146091e-02 -1.730641e+00 -8.494998e-03 9.999629e-01 1.398205e-03 -4.402081e+00 1.147238e-02 -1.300701e-03 9.999334e-01 2.154046e+02
9.998818e-01 8.129220e-03 -1.304707e-02 -1.744177e+00 -8.101782e-03 9.999648e-01 2.154590e-03 -4.426871e+00 1.306412e-02 -2.048630e-03 9.999126e-01 2.164482e+02
9.998251e-01 7.305260e-03 -1.721456e-02 -1.775959e+00 -7.206667e-03 9.999573e-01 5.782506e-03 -4.472509e+00 1.725607e-02 -5.657433e-03 9.998351e-01 2.185077e+02
9.997825e-01 7.515842e-03 -1.945529e-02 -1.796549e+00 -7.402042e-03 9.999551e-01 5.914789e-03 -4.494237e+00 1.949887e-02 -5.769491e-03 9.997932e-01 2.195114e+02
9.997238e-01 7.888414e-03 -2.213934e-02 -1.820190e+00 -7.773002e-03 9.999557e-01 5.294275e-03 -4.513126e+00 2.218012e-02 -5.120721e-03 9.997409e-01 2.204950e+02
9.996589e-01 7.966565e-03 -2.487172e-02 -1.844527e+00 -7.835822e-03 9.999550e-01 5.349820e-03 -4.532452e+00 2.491322e-02 -5.153103e-03 9.996763e-01 2.214612e+02
9.995792e-01 8.537703e-03 -2.772305e-02 -1.871601e+00 -8.373634e-03 9.999467e-01 6.028901e-03 -4.553298e+00 2.777305e-02 -5.794219e-03 9.995975e-01 2.224026e+02
9.993905e-01 8.840090e-03 -3.377245e-02 -1.931080e+00 -8.663861e-03 9.999481e-01 5.360979e-03 -4.594192e+00 3.381809e-02 -5.065110e-03 9.994152e-01 2.242192e+02
9.991469e-01 9.829968e-03 -4.011115e-02 -1.999321e+00 -9.647864e-03 9.999422e-01 4.731100e-03 -4.634336e+00 4.015535e-02 -4.340075e-03 9.991840e-01 2.259462e+02
9.988931e-01 1.204947e-02 -4.546860e-02 -2.076063e+00 -1.187886e-02 9.999213e-01 4.020761e-03 -4.674144e+00 4.551348e-02 -3.476194e-03 9.989577e-01 2.275885e+02
9.988454e-01 1.285424e-02 -4.628840e-02 -2.113952e+00 -1.267270e-02 9.999108e-01 4.213335e-03 -4.692285e+00 4.633843e-02 -3.621870e-03 9.989192e-01 2.283820e+02
9.988768e-01 1.301272e-02 -4.556029e-02 -2.182836e+00 -1.274276e-02 9.998995e-01 6.210896e-03 -4.728951e+00 4.563653e-02 -5.623355e-03 9.989423e-01 2.299166e+02
9.988935e-01 1.280984e-02 -4.525061e-02 -2.215172e+00 -1.256706e-02 9.999051e-01 5.645617e-03 -4.746558e+00 4.531864e-02 -5.070702e-03 9.989597e-01 2.306577e+02
9.989383e-01 1.329114e-02 -4.410856e-02 -2.278813e+00 -1.323631e-02 9.999112e-01 1.535033e-03 -4.778921e+00 4.412505e-02 -9.495678e-04 9.990256e-01 2.321156e+02
9.989870e-01 1.331303e-02 -4.298534e-02 -2.309140e+00 -1.331792e-02 9.999113e-01 1.726322e-04 -4.795655e+00 4.298383e-02 4.000187e-04 9.990757e-01 2.328383e+02
9.991162e-01 1.347006e-02 -3.981679e-02 -2.364800e+00 -1.350330e-02 9.999086e-01 -5.659031e-04 -4.830531e+00 3.980553e-02 1.103062e-03 9.992068e-01 2.342776e+02
9.992651e-01 1.336426e-02 -3.592461e-02 -2.414706e+00 -1.339616e-02 9.999100e-01 -6.472486e-04 -4.864866e+00 3.591273e-02 1.128025e-03 9.993543e-01 2.357021e+02
9.994337e-01 1.322481e-02 -3.094321e-02 -2.458270e+00 -1.325259e-02 9.999119e-01 -6.927423e-04 -4.896919e+00 3.093133e-02 1.102428e-03 9.995209e-01 2.371116e+02
9.996282e-01 1.126815e-02 -2.483098e-02 -2.489243e+00 -1.126448e-02 9.999365e-01 2.877643e-04 -4.929647e+00 2.483264e-02 -7.948487e-06 9.996916e-01 2.385076e+02
9.997013e-01 1.098992e-02 -2.182982e-02 -2.501543e+00 -1.098202e-02 9.999396e-01 4.818198e-04 -4.947554e+00 2.183380e-02 -2.419396e-04 9.997616e-01 2.391999e+02
9.998182e-01 1.038177e-02 -1.599609e-02 -2.520293e+00 -1.038785e-02 9.999460e-01 -2.970442e-04 -4.981740e+00 1.599214e-02 4.631559e-04 9.998720e-01 2.405753e+02
9.998847e-01 1.126161e-02 -1.018625e-02 -2.534352e+00 -1.128179e-02 9.999345e-01 -1.926060e-03 -5.015660e+00 1.016389e-02 2.040757e-03 9.999463e-01 2.419573e+02
9.999093e-01 1.129863e-02 -7.336242e-03 -2.538348e+00 -1.130652e-02 9.999355e-01 -1.034001e-03 -5.032044e+00 7.324087e-03 1.116855e-03 9.999726e-01 2.426535e+02
9.999189e-01 1.181599e-02 -4.762593e-03 -2.543393e+00 -1.181795e-02 9.999301e-01 -3.816016e-04 -5.048170e+00 4.757752e-03 4.378554e-04 9.999886e-01 2.433559e+02
9.999351e-01 1.139254e-02 -1.714107e-04 -2.546852e+00 -1.139283e-02 9.999335e-01 -1.782130e-03 -5.080295e+00 1.510966e-04 1.783967e-03 9.999984e-01 2.447634e+02
9.999318e-01 1.157600e-02 1.542321e-03 -2.546619e+00 -1.156915e-02 9.999234e-01 -4.383648e-03 -5.094783e+00 -1.592948e-03 4.365505e-03 9.999892e-01 2.454715e+02
9.999381e-01 1.084619e-02 2.490505e-03 -2.545576e+00 -1.083126e-02 9.999237e-01 -5.935101e-03 -5.109038e+00 -2.554688e-03 5.907758e-03 9.999793e-01 2.461863e+02
9.999384e-01 1.077194e-02 2.672936e-03 -2.543734e+00 -1.075364e-02 9.999193e-01 -6.767155e-03 -5.126143e+00 -2.745615e-03 6.737994e-03 9.999735e-01 2.469081e+02
9.999458e-01 1.001294e-02 2.848720e-03 -2.542056e+00 -9.992817e-03 9.999256e-01 -6.991832e-03 -5.145191e+00 -2.918517e-03 6.962986e-03 9.999715e-01 2.476359e+02
9.999253e-01 1.176096e-02 3.320979e-03 -2.542204e+00 -1.173454e-02 9.999002e-01 -7.865426e-03 -5.185382e+00 -3.413152e-03 7.825868e-03 9.999636e-01 2.491114e+02
9.999323e-01 1.108684e-02 3.527473e-03 -2.540944e+00 -1.105160e-02 9.998903e-01 -9.858624e-03 -5.205979e+00 -3.636387e-03 9.818971e-03 9.999452e-01 2.498573e+02
9.999829e-01 4.023655e-03 4.247560e-03 -2.529259e+00 -3.969773e-03 9.999125e-01 -1.261880e-02 -5.246305e+00 -4.297962e-03 1.260172e-02 9.999114e-01 2.513708e+02
9.999347e-01 1.001002e-02 5.514964e-03 -2.534412e+00 -9.991019e-03 9.999441e-01 -3.461758e-03 -5.282956e+00 -5.549308e-03 3.406432e-03 9.999788e-01 2.529289e+02
9.998814e-01 9.412307e-03 1.219179e-02 -2.516895e+00 -9.326539e-03 9.999315e-01 -7.072959e-03 -5.328791e+00 -1.225752e-02 6.958412e-03 9.999007e-01 2.553056e+02
9.997287e-01 1.301807e-02 1.931264e-02 -2.495854e+00 -1.279623e-02 9.998512e-01 -1.156648e-02 -5.364407e+00 -1.946034e-02 1.131621e-02 9.997466e-01 2.569296e+02
9.996371e-01 8.632262e-03 2.551858e-02 -2.451908e+00 -8.485886e-03 9.999469e-01 -5.838899e-03 -5.406872e+00 -2.556763e-02 5.620232e-03 9.996573e-01 2.585928e+02
9.994894e-01 5.930202e-03 3.139750e-02 -2.401831e+00 -5.823188e-03 9.999769e-01 -3.498755e-03 -5.445288e+00 -3.141752e-02 3.314135e-03 9.995009e-01 2.602685e+02
9.993040e-01 8.631655e-03 3.629000e-02 -2.347909e+00 -8.351913e-03 9.999343e-01 -7.853110e-03 -5.488513e+00 -3.635540e-02 7.544553e-03 9.993105e-01 2.619398e+02
9.990772e-01 9.860672e-03 4.180323e-02 -2.282743e+00 -9.602689e-03 9.999336e-01 -6.367741e-03 -5.533299e+00 -4.186324e-02 5.960441e-03 9.991056e-01 2.636212e+02
9.987824e-01 1.192758e-02 4.786978e-02 -2.211671e+00 -1.172932e-02 9.999214e-01 -4.420534e-03 -5.580169e+00 -4.791874e-02 3.853672e-03 9.988438e-01 2.653026e+02
9.985364e-01 1.019645e-02 5.311482e-02 -2.120601e+00 -9.914560e-03 9.999353e-01 -5.568043e-03 -5.622751e+00 -5.316817e-02 5.033283e-03 9.985729e-01 2.669886e+02
9.984232e-01 5.720778e-03 5.584260e-02 -2.020152e+00 -5.456183e-03 9.999731e-01 -4.889568e-03 -5.662313e+00 -5.586908e-02 4.577170e-03 9.984276e-01 2.686821e+02
9.983947e-01 4.968563e-03 5.642066e-02 -1.972336e+00 -4.699585e-03 9.999769e-01 -4.899074e-03 -5.683949e+00 -5.644370e-02 4.626055e-03 9.983951e-01 2.695293e+02
9.983663e-01 4.848794e-03 5.693179e-02 -1.923826e+00 -4.581796e-03 9.999779e-01 -4.819406e-03 -5.705921e+00 -5.695390e-02 4.550683e-03 9.983664e-01 2.703816e+02
9.983677e-01 4.824387e-03 5.690876e-02 -1.875688e+00 -4.582192e-03 9.999799e-01 -4.385600e-03 -5.726987e+00 -5.692878e-02 4.117674e-03 9.983698e-01 2.712341e+02
9.984601e-01 5.007634e-03 5.524747e-02 -1.783337e+00 -4.765767e-03 9.999785e-01 -4.508777e-03 -5.773108e+00 -5.526886e-02 4.238538e-03 9.984625e-01 2.729432e+02
9.986284e-01 5.918529e-03 5.202125e-02 -1.700845e+00 -5.597716e-03 9.999644e-01 -6.310512e-03 -5.814912e+00 -5.205675e-02 6.010657e-03 9.986260e-01 2.746511e+02
9.986949e-01 7.010597e-03 5.059033e-02 -1.660663e+00 -6.694403e-03 9.999570e-01 -6.416858e-03 -5.835884e+00 -5.063314e-02 6.069810e-03 9.986989e-01 2.755035e+02
9.988683e-01 8.613455e-03 4.677598e-02 -1.585579e+00 -8.338551e-03 9.999468e-01 -6.069013e-03 -5.879709e+00 -4.682577e-02 5.672100e-03 9.988870e-01 2.772037e+02
9.991778e-01 7.024358e-03 3.992963e-02 -1.517863e+00 -6.940009e-03 9.999734e-01 -2.250700e-03 -5.921904e+00 -3.994438e-02 1.971738e-03 9.992000e-01 2.788967e+02
9.995223e-01 5.332099e-03 3.044189e-02 -1.466242e+00 -5.371251e-03 9.999848e-01 1.204461e-03 -5.960750e+00 -3.043501e-02 -1.367396e-03 9.995358e-01 2.805687e+02
9.997660e-01 4.426975e-03 2.117290e-02 -1.431895e+00 -4.481629e-03 9.999867e-01 2.534527e-03 -5.994410e+00 -2.116140e-02 -2.628822e-03 9.997726e-01 2.822031e+02
9.999190e-01 3.019938e-03 1.236106e-02 -1.412086e+00 -3.051025e-03 9.999922e-01 2.496810e-03 -6.026687e+00 -1.235343e-02 -2.534321e-03 9.999205e-01 2.837879e+02
9.999825e-01 3.782048e-03 4.558225e-03 -1.414317e+00 -3.793442e-03 9.999897e-01 2.493418e-03 -6.053988e+00 -4.548748e-03 -2.510664e-03 9.999865e-01 2.853052e+02
9.999905e-01 2.663619e-03 -3.440635e-03 -1.423417e+00 -2.657059e-03 9.999946e-01 1.909798e-03 -6.085125e+00 3.445704e-03 -1.900636e-03 9.999923e-01 2.867440e+02
9.998773e-01 5.429416e-03 -1.469453e-02 -1.454441e+00 -5.449682e-03 9.999842e-01 -1.339424e-03 -6.117454e+00 1.468703e-02 1.419340e-03 9.998911e-01 2.881005e+02
9.994316e-01 6.168463e-03 -3.314286e-02 -1.506373e+00 -6.306868e-03 9.999718e-01 -4.073051e-03 -6.149396e+00 3.311680e-02 4.279764e-03 9.994423e-01 2.893890e+02
9.979962e-01 7.563684e-03 -6.282002e-02 -1.597157e+00 -7.789806e-03 9.999640e-01 -3.355350e-03 -6.182453e+00 6.279239e-02 3.837983e-03 9.980192e-01 2.906281e+02
9.944339e-01 1.193309e-02 -1.046845e-01 -1.742378e+00 -1.224625e-02 9.999222e-01 -2.349099e-03 -6.210196e+00 1.046483e-01 3.618017e-03 9.945027e-01 2.918062e+02
9.874435e-01 1.494253e-02 -1.572642e-01 -1.942994e+00 -1.538155e-02 9.998804e-01 -1.574791e-03 -6.237015e+00 1.572219e-01 3.973984e-03 9.875553e-01 2.929374e+02
9.751946e-01 1.636349e-02 -2.207437e-01 -2.209538e+00 -1.633564e-02 9.998646e-01 1.951826e-03 -6.257666e+00 2.207458e-01 1.702582e-03 9.753299e-01 2.939981e+02
9.558056e-01 1.816575e-02 -2.934376e-01 -2.543375e+00 -1.687060e-02 9.998335e-01 6.944288e-03 -6.285270e+00 2.935149e-01 -1.686918e-03 9.559530e-01 2.949879e+02
8.432539e-01 1.998884e-02 -5.371437e-01 -3.968958e+00 -1.154593e-02 9.997513e-01 1.907818e-02 -6.332760e+00 5.373915e-01 -9.885924e-03 8.432750e-01 2.975634e+02
7.828475e-01 2.209783e-02 -6.218211e-01 -4.586321e+00 -1.043145e-02 9.996948e-01 2.239367e-02 -6.339444e+00 6.221262e-01 -1.104433e-02 7.828391e-01 2.982617e+02
7.092480e-01 2.101313e-02 -7.046458e-01 -5.270323e+00 -4.493999e-03 9.996701e-01 2.528766e-02 -6.347814e+00 7.049447e-01 -1.476854e-02 7.091085e-01 2.988694e+02
6.185955e-01 2.121490e-02 -7.854232e-01 -6.014393e+00 6.372302e-03 9.994670e-01 3.201520e-02 -6.339964e+00 7.856838e-01 -2.480940e-02 6.181306e-01 2.994337e+02
5.150100e-01 3.174472e-02 -8.565961e-01 -6.808874e+00 1.903388e-03 9.992692e-01 3.817644e-02 -6.331276e+00 8.571821e-01 -2.129168e-02 5.145733e-01 2.998050e+02
4.030798e-01 3.874929e-02 -9.143441e-01 -7.620091e+00 -1.025936e-03 9.991217e-01 4.188984e-02 -6.315633e+00 9.151643e-01 -1.594688e-02 4.027656e-01 3.000619e+02
2.869159e-01 4.417682e-02 -9.569366e-01 -8.436151e+00 3.484167e-03 9.988813e-01 4.715786e-02 -6.292308e+00 9.579495e-01 -1.686446e-02 2.864410e-01 3.002200e+02
1.658405e-01 5.158130e-02 -9.848027e-01 -9.270289e+00 8.732677e-03 9.985151e-01 5.377012e-02 -6.271213e+00 9.861140e-01 -1.751722e-02 1.651438e-01 3.003291e+02
3.728192e-02 6.091022e-02 -9.974467e-01 -1.013605e+01 1.207917e-02 9.980402e-01 6.139797e-02 -6.242546e+00 9.992318e-01 -1.433736e-02 3.647311e-02 3.002712e+02
-9.567329e-02 7.433318e-02 -9.926335e-01 -1.103111e+01 1.756901e-02 9.971786e-01 7.298020e-02 -6.199526e+00 9.952578e-01 -1.045732e-02 -9.670932e-02 3.000970e+02
-2.276266e-01 8.661270e-02 -9.698888e-01 -1.194318e+01 2.513975e-02 9.962270e-01 8.306463e-02 -6.150180e+00 9.734240e-01 -5.475042e-03 -2.289451e-01 2.997982e+02
-2.916010e-01 9.114715e-02 -9.521875e-01 -1.240289e+01 3.022664e-02 9.958306e-01 8.606815e-02 -6.123531e+00 9.560624e-01 -3.683863e-03 -2.931403e-01 2.996328e+02
-3.531290e-01 9.363637e-02 -9.308770e-01 -1.285980e+01 3.485062e-02 9.956049e-01 8.692672e-02 -6.094784e+00 9.349253e-01 -1.745286e-03 -3.548403e-01 2.994338e+02
-4.122464e-01 9.449474e-02 -9.061587e-01 -1.331090e+01 3.933185e-02 9.955253e-01 8.592039e-02 -6.063773e+00 9.102230e-01 -2.205223e-04 -4.141184e-01 2.991429e+02
-4.677578e-01 9.454540e-02 -8.787854e-01 -1.376340e+01 4.279433e-02 9.955188e-01 8.432590e-02 -6.028358e+00 8.828201e-01 1.837069e-03 -4.697077e-01 2.988742e+02
-5.195944e-01 9.466394e-02 -8.491528e-01 -1.421251e+01 4.594067e-02 9.955010e-01 8.286797e-02 -5.989762e+00 8.531771e-01 4.047087e-03 -5.216057e-01 2.985219e+02
-5.661043e-01 9.480093e-02 -8.188643e-01 -1.466311e+01 4.852789e-02 9.954749e-01 8.169868e-02 -5.950116e+00 8.229040e-01 6.512222e-03 -5.681432e-01 2.981811e+02
-6.071218e-01 9.561220e-02 -7.888355e-01 -1.511616e+01 5.049700e-02 9.953702e-01 8.178097e-02 -5.913525e+00 7.930027e-01 9.817187e-03 -6.091391e-01 2.978016e+02
-6.444110e-01 9.890993e-02 -7.582554e-01 -1.556917e+01 5.533819e-02 9.950313e-01 8.276627e-02 -5.871992e+00 7.626744e-01 1.137501e-02 -6.466826e-01 2.973601e+02
-7.164120e-01 1.114214e-01 -6.887228e-01 -1.647064e+01 7.174229e-02 9.936971e-01 8.613348e-02 -5.783464e+00 6.939791e-01 1.229651e-02 -7.198902e-01 2.964013e+02
-7.492835e-01 1.134759e-01 -6.524550e-01 -1.690392e+01 7.593209e-02 9.934337e-01 8.557864e-02 -5.737737e+00 6.578820e-01 1.458039e-02 -7.529799e-01 2.958766e+02
-8.072322e-01 1.073610e-01 -5.803876e-01 -1.772918e+01 7.840312e-02 9.941082e-01 7.484467e-02 -5.645499e+00 5.850036e-01 1.491282e-02 -8.108936e-01 2.946844e+02
-8.323704e-01 1.024434e-01 -5.446696e-01 -1.812343e+01 7.772816e-02 9.946330e-01 6.828905e-02 -5.596317e+00 5.487422e-01 1.450562e-02 -8.358658e-01 2.940467e+02
-8.757636e-01 9.783343e-02 -4.727227e-01 -1.887203e+01 7.850299e-02 9.950761e-01 6.050415e-02 -5.509383e+00 4.763144e-01 1.587719e-02 -8.791317e-01 2.926362e+02
-9.130170e-01 9.361816e-02 -3.970335e-01 -1.953852e+01 7.794413e-02 9.954132e-01 5.547255e-02 -5.435497e+00 4.004056e-01 1.970095e-02 -9.161262e-01 2.910794e+02
-9.426026e-01 9.921231e-02 -3.188373e-01 -2.012922e+01 8.684633e-02 9.948211e-01 5.280735e-02 -5.364689e+00 3.224252e-01 2.208649e-02 -9.463372e-01 2.893905e+02
-9.646218e-01 1.026359e-01 -2.428389e-01 -2.061251e+01 9.255909e-02 9.943180e-01 5.257907e-02 -5.296130e+00 2.468556e-01 2.824196e-02 -9.686407e-01 2.875677e+02
-9.799848e-01 1.002184e-01 -1.720061e-01 -2.097738e+01 9.367627e-02 9.945505e-01 4.575985e-02 -5.231887e+00 1.756548e-01 2.873107e-02 -9.840325e-01 2.856322e+02
-9.893987e-01 9.801091e-02 -1.071642e-01 -2.122691e+01 9.424259e-02 9.947576e-01 3.969274e-02 -5.169612e+00 1.104928e-01 2.917251e-02 -9.934487e-01 2.835931e+02
-9.943661e-01 9.483394e-02 -4.735592e-02 -2.135871e+01 9.316416e-02 9.949885e-01 3.630859e-02 -5.118237e+00 5.056189e-02 3.169215e-02 -9.982180e-01 2.814312e+02
-9.957527e-01 9.196279e-02 4.401056e-03 -2.137724e+01 9.206004e-02 9.951590e-01 3.440270e-02 -5.068634e+00 -1.215982e-03 3.466174e-02 -9.993984e-01 2.791733e+02
-9.949989e-01 8.744165e-02 4.828300e-02 -2.128976e+01 8.906838e-02 9.954908e-01 3.263150e-02 -5.021530e+00 -4.521193e-02 3.676879e-02 -9.983005e-01 2.768295e+02
-9.939989e-01 7.766700e-02 7.703248e-02 -2.111193e+01 8.002149e-02 9.964009e-01 2.795927e-02 -4.983245e+00 -7.458373e-02 3.395574e-02 -9.966365e-01 2.744313e+02
-9.937177e-01 7.283445e-02 8.497212e-02 -2.100190e+01 7.555378e-02 9.967131e-01 2.923372e-02 -4.965436e+00 -8.256361e-02 3.547002e-02 -9.959544e-01 2.732075e+02
-9.936305e-01 6.923457e-02 8.890975e-02 -2.088617e+01 7.224505e-02 9.969020e-01 3.109654e-02 -4.946924e+00 -8.648135e-02 3.732176e-02 -9.955542e-01 2.719630e+02
-9.937315e-01 6.743772e-02 8.916219e-02 -2.077685e+01 7.031330e-02 9.970883e-01 2.950970e-02 -4.927465e+00 -8.691252e-02 3.559400e-02 -9.955799e-01 2.707050e+02
-9.943053e-01 6.465090e-02 8.471917e-02 -2.055522e+01 6.734172e-02 9.972998e-01 2.929534e-02 -4.883412e+00 -8.259645e-02 3.483364e-02 -9.959741e-01 2.681360e+02
-9.945887e-01 6.358020e-02 8.216374e-02 -2.044759e+01 6.626821e-02 9.973383e-01 3.041031e-02 -4.861751e+00 -8.001156e-02 3.569059e-02 -9.961548e-01 2.668306e+02
-9.949224e-01 6.316236e-02 7.835820e-02 -2.034586e+01 6.577420e-02 9.973463e-01 3.120866e-02 -4.838516e+00 -7.617905e-02 3.620413e-02 -9.964367e-01 2.655097e+02
-9.954163e-01 6.153648e-02 7.321024e-02 -2.024967e+01 6.409009e-02 9.973965e-01 3.305593e-02 -4.817703e+00 -7.098549e-02 3.759645e-02 -9.967686e-01 2.641794e+02
-9.958434e-01 6.098343e-02 6.765249e-02 -2.015628e+01 6.348814e-02 9.973506e-01 3.551046e-02 -4.799526e+00 -6.530771e-02 3.965798e-02 -9.970768e-01 2.628481e+02
-9.962213e-01 6.036625e-02 6.244236e-02 -2.007085e+01 6.277692e-02 9.973269e-01 3.739114e-02 -4.780284e+00 -6.001828e-02 4.116978e-02 -9.973479e-01 2.615173e+02
-9.965353e-01 6.012226e-02 5.746893e-02 -1.999327e+01 6.235652e-02 9.973338e-01 3.790726e-02 -4.760491e+00 -5.503663e-02 4.135948e-02 -9.976274e-01 2.601902e+02
-9.968829e-01 5.910461e-02 5.226116e-02 -1.992130e+01 6.109617e-02 9.974321e-01 3.736753e-02 -4.738614e+00 -4.991837e-02 4.044400e-02 -9.979341e-01 2.588499e+02
-9.975286e-01 5.689094e-02 4.123285e-02 -1.979675e+01 5.839868e-02 9.976319e-01 3.633289e-02 -4.696286e+00 -3.906820e-02 3.865103e-02 -9.984888e-01 2.561702e+02
-9.977634e-01 5.628839e-02 3.605180e-02 -1.974591e+01 5.768839e-02 9.975707e-01 3.904651e-02 -4.673674e+00 -3.376635e-02 4.103895e-02 -9.985868e-01 2.548239e+02
-9.979769e-01 5.761641e-02 2.687747e-02 -1.966817e+01 5.872767e-02 9.973659e-01 4.257070e-02 -4.618642e+00 -2.435391e-02 4.406302e-02 -9.987319e-01 2.521232e+02
-9.980481e-01 5.913679e-02 2.007311e-02 -1.961368e+01 5.992960e-02 9.973393e-01 4.150632e-02 -4.556415e+00 -1.756515e-02 4.262827e-02 -9.989366e-01 2.494162e+02
-9.981369e-01 5.919834e-02 1.477775e-02 -1.956928e+01 5.969545e-02 9.975733e-01 3.583310e-02 -4.501374e+00 -1.262063e-02 3.664849e-02 -9.992485e-01 2.467060e+02
-9.981876e-01 5.921292e-02 1.073651e-02 -1.953800e+01 5.960278e-02 9.973957e-01 4.061157e-02 -4.445003e+00 -8.303821e-03 4.117788e-02 -9.991173e-01 2.439698e+02
-9.981139e-01 6.061611e-02 9.718180e-03 -1.951383e+01 6.096378e-02 9.973087e-01 4.072748e-02 -4.378260e+00 -7.223285e-03 4.124311e-02 -9.991230e-01 2.412224e+02
-9.979809e-01 6.267143e-02 1.031297e-02 -1.949325e+01 6.303017e-02 9.972411e-01 3.920854e-02 -4.316996e+00 -7.827265e-03 3.977940e-02 -9.991778e-01 2.384577e+02
-9.977711e-01 6.561590e-02 1.214200e-02 -1.946668e+01 6.603224e-02 9.970998e-01 3.783881e-02 -4.255713e+00 -9.623957e-03 3.855623e-02 -9.992101e-01 2.356839e+02
-9.977923e-01 6.485151e-02 1.431108e-02 -1.943040e+01 6.540146e-02 9.969723e-01 4.205776e-02 -4.186692e+00 -1.154024e-02 4.290086e-02 -9.990127e-01 2.328928e+02
-9.979663e-01 6.174237e-02 1.585104e-02 -1.938129e+01 6.236575e-02 9.971515e-01 4.241971e-02 -4.121142e+00 -1.318680e-02 4.332199e-02 -9.989741e-01 2.300914e+02
-9.980329e-01 6.046357e-02 1.656546e-02 -1.933238e+01 6.109387e-02 9.973047e-01 4.063085e-02 -4.061083e+00 -1.406413e-02 4.156297e-02 -9.990369e-01 2.272832e+02
-9.979659e-01 6.149586e-02 1.680165e-02 -1.928821e+01 6.211767e-02 9.972907e-01 3.940344e-02 -4.003413e+00 -1.433298e-02 4.036697e-02 -9.990821e-01 2.244541e+02
-9.979633e-01 6.139365e-02 1.732551e-02 -1.924098e+01 6.206277e-02 9.972230e-01 4.116377e-02 -3.945563e+00 -1.475020e-02 4.215519e-02 -9.990022e-01 2.216106e+02
-9.979836e-01 6.110581e-02 1.716889e-02 -1.919066e+01 6.178213e-02 9.972016e-01 4.209496e-02 -3.884537e+00 -1.454860e-02 4.307080e-02 -9.989661e-01 2.187565e+02
-9.979114e-01 6.221097e-02 1.739951e-02 -1.914051e+01 6.288757e-02 9.971574e-01 4.149915e-02 -3.816692e+00 -1.476835e-02 4.250668e-02 -9.989870e-01 2.158915e+02
-9.978891e-01 6.255050e-02 1.745961e-02 -1.911492e+01 6.325307e-02 9.970663e-01 4.310101e-02 -3.783819e+00 -1.471241e-02 4.411439e-02 -9.989182e-01 2.144523e+02
-9.978354e-01 6.341608e-02 1.740589e-02 -1.905320e+01 6.406733e-02 9.971504e-01 3.982862e-02 -3.706671e+00 -1.483052e-02 4.085755e-02 -9.990549e-01 2.115703e+02
-9.978515e-01 6.318628e-02 1.731718e-02 -1.896021e+01 6.381415e-02 9.972195e-01 3.848408e-02 -3.596747e+00 -1.483736e-02 3.950647e-02 -9.991092e-01 2.072186e+02
-9.979836e-01 6.106341e-02 1.732024e-02 -1.889614e+01 6.174706e-02 9.972015e-01 4.214746e-02 -3.524788e+00 -1.469810e-02 4.313194e-02 -9.989613e-01 2.042948e+02
-9.979399e-01 6.177544e-02 1.731352e-02 -1.883712e+01 6.245196e-02 9.971756e-01 4.171989e-02 -3.453039e+00 -1.468736e-02 4.271520e-02 -9.989793e-01 2.013684e+02
-9.978883e-01 6.268795e-02 1.700779e-02 -1.878081e+01 6.336644e-02 9.970713e-01 4.281826e-02 -3.384783e+00 -1.427379e-02 4.380556e-02 -9.989381e-01 1.984404e+02
-9.979418e-01 6.201566e-02 1.631736e-02 -1.875193e+01 6.270247e-02 9.969889e-01 4.562410e-02 -3.350644e+00 -1.343882e-02 4.655333e-02 -9.988254e-01 1.969762e+02
-9.980821e-01 6.026172e-02 1.416547e-02 -1.869718e+01 6.085354e-02 9.970899e-01 4.591840e-02 -3.276436e+00 -1.135713e-02 4.669235e-02 -9.988448e-01 1.940556e+02
-9.981659e-01 5.927435e-02 1.230079e-02 -1.864803e+01 5.978183e-02 9.971469e-01 4.608906e-02 -3.205048e+00 -9.533794e-03 4.673989e-02 -9.988616e-01 1.911441e+02
-9.980831e-01 6.092178e-02 1.089092e-02 -1.861037e+01 6.135043e-02 9.971150e-01 4.469666e-02 -3.138275e+00 -8.136504e-03 4.527914e-02 -9.989412e-01 1.882429e+02
-9.981119e-01 6.067060e-02 9.575214e-03 -1.857686e+01 6.104037e-02 9.971314e-01 4.475472e-02 -3.075839e+00 -6.832451e-03 4.525469e-02 -9.989521e-01 1.853525e+02
-9.981521e-01 6.018802e-02 8.358786e-03 -1.854600e+01 6.051800e-02 9.970409e-01 4.740273e-02 -3.011131e+00 -5.480976e-03 4.782098e-02 -9.988409e-01 1.824687e+02
-9.981994e-01 5.989496e-02 3.239115e-03 -1.851524e+01 5.998059e-02 9.971416e-01 4.594386e-02 -2.908289e+00 -4.780511e-04 4.605541e-02 -9.989388e-01 1.781753e+02
-9.981656e-01 6.053059e-02 1.230860e-03 -1.851072e+01 6.052063e-02 9.970345e-01 4.753230e-02 -2.873542e+00 1.649948e-03 4.751959e-02 -9.988690e-01 1.767507e+02
-9.980410e-01 6.249892e-02 -2.828214e-03 -1.851326e+01 6.228811e-02 9.968739e-01 4.860683e-02 -2.803213e+00 5.857247e-03 4.833544e-02 -9.988140e-01 1.739296e+02
-9.979973e-01 6.288849e-02 -6.819731e-03 -1.852671e+01 6.246779e-02 9.967776e-01 5.032034e-02 -2.736025e+00 9.962326e-03 4.979354e-02 -9.987099e-01 1.711562e+02
-9.979020e-01 6.380086e-02 -1.100312e-02 -1.855169e+01 6.312875e-02 9.965812e-01 5.329817e-02 -2.666950e+00 1.436598e-02 5.249173e-02 -9.985180e-01 1.684471e+02
-9.978216e-01 6.415528e-02 -1.536985e-02 -1.860503e+01 6.320942e-02 9.964465e-01 5.566746e-02 -2.565877e+00 1.888660e-02 5.457466e-02 -9.983311e-01 1.645390e+02
-9.978070e-01 6.424039e-02 -1.594981e-02 -1.864444e+01 6.329955e-02 9.965447e-01 5.377561e-02 -2.502804e+00 1.934926e-02 5.264806e-02 -9.984257e-01 1.620471e+02
-9.977987e-01 6.445013e-02 -1.561879e-02 -1.868207e+01 6.353464e-02 9.965528e-01 5.334611e-02 -2.447586e+00 1.900311e-02 5.223633e-02 -9.984539e-01 1.596532e+02
-9.978310e-01 6.411174e-02 -1.493438e-02 -1.871715e+01 6.321650e-02 9.965262e-01 5.421489e-02 -2.396857e+00 1.835831e-02 5.315319e-02 -9.984176e-01 1.573598e+02
-9.978108e-01 6.458533e-02 -1.422522e-02 -1.873344e+01 6.369579e-02 9.963979e-01 5.598298e-02 -2.370798e+00 1.778966e-02 5.495432e-02 -9.983304e-01 1.562503e+02
-9.978577e-01 6.396917e-02 -1.370752e-02 -1.874892e+01 6.309175e-02 9.963799e-01 5.697798e-02 -2.347373e+00 1.730273e-02 5.599107e-02 -9.982813e-01 1.551689e+02
-9.979400e-01 6.276388e-02 -1.328544e-02 -1.876231e+01 6.192651e-02 9.965023e-01 5.610902e-02 -2.322647e+00 1.676059e-02 5.517070e-02 -9.983363e-01 1.541173e+02
-9.979074e-01 6.335877e-02 -1.290651e-02 -1.877790e+01 6.255920e-02 9.965231e-01 5.502748e-02 -2.297427e+00 1.634811e-02 5.410489e-02 -9.984014e-01 1.530881e+02
