9.999999992314999586e-01 -2.659811347566712420e-05 -2.880174216536625985e-05 4.580000000000000195e-05 2.660188627564949012e-05 9.999999910657200175e-01 1.309996163476423274e-04 -1.045999999999999946e-04 2.879825756538254990e-05 -1.310003824276387502e-04 9.999999910047799867e-01 -1.480999999999999949e-04
9.999991245182404676e-01 5.377710997538447633e-04 1.209034737666524759e-03 3.304000000000000079e-04 -5.370286509033506909e-04 9.999996671025973560e-01 -6.143247696202642962e-04 -1.351900000000000063e-03 -1.209364701288965583e-03 6.136749454960697091e-04 9.999990804196173810e-01 6.310040000000000093e-02
9.999955615047871893e-01 8.299367287086002742e-04 2.861498864515813617e-03 -1.228000000000000033e-04 -8.292613911310032105e-04 9.999996280339322752e-01 -2.371867242118309014e-04 -2.340300000000000019e-03 -2.861694650109318505e-03 2.348127409305827984e-04 9.999958777748566563e-01 1.268728000000000078e-01
9.999948602303084799e-01 -1.290674616011918297e-04 3.203569034097654249e-03 3.199000000000000237e-04 1.277322011389736436e-04 9.999999048956013104e-01 4.170051237266885315e-04 -3.652199999999999978e-03 -3.203622551216941602e-03 -4.165937814921663769e-04 9.999947816124694633e-01 1.908108000000000026e-01
9.999939200554410768e-01 -3.243887237691554467e-04 3.471976973996260263e-03 8.252999999999999486e-04 3.240102757854078125e-04 9.999999415066824771e-01 1.095626429948421364e-04 -4.535899999999999828e-03 -3.472012311794742817e-03 -1.084370206431818986e-04 9.999939666677590822e-01 2.545563000000000131e-01
9.999910045557488525e-01 -5.121028771768312360e-04 4.210529447394550408e-03 1.190899999999999945e-03 5.110948594481812659e-04 9.999998404765259030e-01 2.404765420086830724e-04 -5.686700000000000262e-03 -4.210651924445320791e-03 -2.383223988592371825e-04 9.999911067668578735e-01 3.191438999999999804e-01
9.999910057482667147e-01 -3.074649687836142255e-04 4.230116767063350249e-03 1.928199999999999923e-03 3.109335685573524563e-04 9.999996159977050381e-01 -8.193441025529961050e-04 -6.740200000000000011e-03 -4.229863223079889135e-03 8.206520184676788319e-04 9.999907173506055180e-01 3.833707000000000087e-01
9.999863779378151962e-01 -2.995322581875862512e-04 5.210971045347603282e-03 1.989299999999999836e-03 3.060655592011414516e-04 9.999991681488633599e-01 -1.253006566128217741e-03 -7.743500000000000383e-03 -5.210591394709140033e-03 1.254584396361831371e-03 9.999856377745180991e-01 4.465645999999999782e-01
9.999860499693322691e-01 -8.307907306078160872e-04 5.216287328550520130e-03 2.235399999999999800e-03 8.296034779535427835e-04 9.999996294830955090e-01 2.297645338022430536e-04 -8.835400000000000198e-03 -5.216476282072791612e-03 -2.254338784701796642e-04 9.999863686844761013e-01 5.088023999999999880e-01
9.999909687250213564e-01 -1.304742779826134885e-03 4.044763858596265096e-03 2.298399999999999922e-03 1.300851104819891919e-03 9.999986886340105352e-01 9.646329158816761536e-04 -9.734400000000000691e-03 -4.046017152262684075e-03 -9.593625684823687714e-04 9.999913546469618719e-01 5.695843000000000433e-01
9.999953283617308841e-01 -2.523595666432633909e-03 1.724737552896097453e-03 2.116300000000000212e-03 2.521597417454170612e-03 9.999961482260127932e-01 1.159775669032590655e-03 -1.121250000000000024e-02 -1.727657714449261101e-03 -1.155421157221022451e-03 9.999978400980530369e-01 6.297118999999999911e-01
9.999966327076539319e-01 -1.779163030636594662e-03 -1.889220014682008262e-03 1.917899999999999943e-03 1.779633769389910372e-03 9.999983858176600959e-01 2.475191327929978703e-04 -1.298329999999999970e-02 1.888776588245983604e-03 -2.508804190596519257e-04 9.999981847893600895e-01 7.509497000000000533e-01
9.999951942418939810e-01 -4.190154693416956746e-04 -3.071794126108635340e-03 1.713399999999999906e-03 4.189835226217885071e-04 9.999999121654202794e-01 -1.104352958789049430e-05 -1.407180000000000063e-02 3.071798483708622785e-03 9.756445391632744094e-06 9.999952819683137761e-01 8.117360000000000131e-01
9.999923967490077503e-01 -1.289038948233439631e-03 -3.680329165322519542e-03 6.321000000000000230e-04 1.290956228483665152e-03 9.999990322293736966e-01 5.186254256861932066e-04 -1.607659999999999992e-02 3.679657075234804304e-03 -5.233726263057539253e-04 9.999930930785986272e-01 9.329545999999999673e-01
9.999904268568069465e-01 -1.785587726282214646e-03 -3.994730430557191618e-03 3.399999999999999973e-05 1.788003418253733762e-03 9.999982207814988033e-01 6.012300832899307402e-04 -1.693990000000000079e-02 3.993649774001508009e-03 -6.083669192930898353e-04 9.999918402922967076e-01 9.933779999999999832e-01
9.999883371544667776e-01 -1.385113093426475856e-03 -4.626771743115432912e-03 -4.798000000000000073e-04 1.383678723506021101e-03 9.999989936683758573e-01 -3.132018930309192180e-04 -1.797790000000000152e-02 4.627200907091633293e-03 3.067962745861524485e-04 9.999892473860962916e-01 1.053831500000000032e+00
9.999873699697241491e-01 -1.711281840782751191e-03 -4.725612711116726830e-03 -1.292799999999999982e-03 1.705906751468790278e-03 9.999978937311807536e-01 -1.141234137873950840e-03 -1.906180000000000027e-02 4.727555730962246933e-03 1.133158269423516695e-03 9.999881830147528960e-01 1.113601599999999969e+00
9.999842260456200949e-01 -3.081465701748383064e-04 -5.608271180458029338e-03 -1.652700000000000002e-03 3.042509755644858525e-04 9.999997118862021805e-01 -6.954558623472055674e-04 -1.996610000000000051e-02 5.608483866976410846e-03 6.937385702802749930e-04 9.999840316902615101e-01 1.174345299999999925e+00
9.999756636544778754e-01 -8.491734988184675929e-04 -6.924666284771122809e-03 -1.900599999999999902e-03 8.444160242285774377e-04 9.999994054804313137e-01 -6.899277948259681815e-04 -2.125940000000000121e-02 6.925248036320974174e-03 6.840637053314717764e-04 9.999757862050873136e-01 1.234069099999999919e+00
9.999704061563817747e-01 -5.794203374105863199e-04 -7.671445985833214368e-03 -2.742800000000000099e-03 5.661707926502486691e-04 9.999983446854849856e-01 -1.729183889430859931e-03 -2.193509999999999904e-02 7.672435211489981796e-03 1.724789367578676057e-03 9.999690789417255976e-01 1.293397300000000083e+00
9.999635184192627868e-01 -6.490306801971454462e-04 -8.517076361336164275e-03 -3.576000000000000185e-03 6.425574561018255592e-04 9.999995026711726576e-01 -7.627432876915932842e-04 -2.338859999999999897e-02 8.517567169343390199e-03 7.572427506905963666e-04 9.999634381480816403e-01 1.352700800000000037e+00
9.999439749767590202e-01 -2.076172691727287689e-03 -1.037961534127339151e-02 -4.905099999999999912e-03 2.081769157008690578e-03 9.999976935109156084e-01 5.284032794395707557e-04 -2.509010000000000060e-02 1.037849434434491395e-02 -5.499816387126366590e-04 9.999459907291700089e-01 1.471871300000000105e+00
9.999170637964801545e-01 -3.484755539508522029e-03 -1.239846794793006933e-02 -6.403299999999999791e-03 3.477099902711606842e-03 9.999937507278939819e-01 -6.389690330924109466e-04 -2.776810000000000042e-02 1.240061711740780663e-02 5.958053277311188599e-04 9.999229318858123827e-01 1.589240699999999951e+00
9.999070800503293555e-01 -2.658512754039829302e-03 -1.337024962971878304e-02 -8.584500000000000117e-03 2.666162952510648613e-03 9.999962921072279576e-01 5.543887682700632952e-04 -3.035730000000000026e-02 1.336872620465567700e-02 -5.899845187221930149e-04 9.999104605303080762e-01 1.706595700000000049e+00
9.998891680429068396e-01 -4.510906453596115820e-03 -1.418814129583294108e-02 -1.095020000000000021e-02 4.518042715225196668e-03 9.999896826897454183e-01 4.709608112019482559e-04 -3.231230000000000213e-02 1.418587045221461444e-02 -5.350112421177523380e-04 9.998992323441816543e-01 1.823836299999999966e+00
9.998453363749224554e-01 -5.213390952278035111e-03 -1.679654381403779262e-02 -1.045959999999999945e-02 5.237801837015086844e-03 9.999852890316057730e-01 1.409663893308755979e-03 -3.468190000000000162e-02 1.678894759162548322e-02 -1.497422837625547254e-03 9.998579343904868688e-01 1.939768699999999901e+00
9.998510726554759032e-01 -3.610910610469797704e-03 -1.687583580915478360e-02 -1.419890000000000041e-02 3.669207270647766635e-03 9.999874038869357440e-01 3.424760644424144906e-03 -3.777679999999999927e-02 1.686325673466960301e-02 -3.486171543364948236e-03 9.998517275977828467e-01 2.111932499999999990e+00
9.998763397073349157e-01 2.667766812853317334e-04 -1.572368034730994846e-02 -1.710350000000000065e-02 -1.860078207435774268e-04 9.999867830693963677e-01 5.138004243913780501e-03 -3.922950000000000048e-02 1.572484322823858999e-02 -5.134444149289791627e-03 9.998631740336899609e-01 2.226940899999999779e+00
9.999468326083758019e-01 9.218287572524669739e-04 -1.027045219156708447e-02 -2.085489999999999913e-02 -7.777069073183706877e-04 9.999013026273683158e-01 1.402783575817090518e-02 -4.053029999999999827e-02 1.028236978732393475e-02 -1.401910253312284478e-02 9.998488573958178582e-01 2.398599100000000206e+00
9.999555032901424889e-01 -5.883274300467944331e-04 -9.415163864363177218e-03 -2.117859999999999882e-02 7.292210668240503655e-04 9.998877055811490333e-01 1.496811492142911815e-02 -4.085740000000000205e-02 9.405300441424272254e-03 -1.497431462539983854e-02 9.998436428887799154e-01 2.455598800000000193e+00
9.999778773411760469e-01 -8.643833417926434851e-04 -6.595276315231041533e-03 -2.203870000000000134e-02 9.435740567419813145e-04 9.999273896481757351e-01 1.201353817094596640e-02 -4.131610000000000144e-02 6.584413127626458778e-03 -1.201949553116784045e-02 9.999060842053821840e-01 2.566942899999999916e+00
9.999765125865862636e-01 -1.210950419977181855e-03 -6.745952434553076187e-03 -2.239719999999999905e-02 1.285397025547688069e-03 9.999382050941206801e-01 1.104236150626351602e-02 -4.166949999999999821e-02 6.732163816753767259e-03 -1.105077337694761359e-02 9.999162756841774025e-01 2.677721000000000018e+00
9.999689230072627000e-01 -2.083632248862626445e-03 -7.603387162744290780e-03 -2.283970000000000097e-02 2.159082369459420624e-03 9.999483798351337382e-01 9.928546137934595936e-03 -4.201209999999999667e-02 7.582307235728087159e-03 -9.944653927749630071e-03 9.999218031802488138e-01 2.732811700000000066e+00
9.999397559534691782e-01 -1.992301118892264231e-03 -1.079422067442319111e-02 -2.411900000000000155e-02 2.111574081046795753e-03 9.999367217944210573e-01 1.104960007995109579e-02 -4.227399999999999908e-02 1.077152350490569177e-02 -1.107172720393094327e-02 9.998806884514296334e-01 2.842412899999999798e+00
9.999223510024582984e-01 -1.731083921749385166e-03 -1.234079876557044389e-02 -2.454740000000000047e-02 1.873985562657931418e-03 9.999312228562602378e-01 1.157746670454729357e-02 -4.262780000000000041e-02 1.231990843421305187e-02 -1.159969420458195968e-02 9.998568232254719801e-01 2.897713700000000170e+00
9.998958088913459941e-01 -1.368101999526814870e-04 -1.443442567233556816e-02 -2.590949999999999850e-02 2.995715207279174867e-04 9.999363975886882416e-01 1.127435294200016674e-02 -4.348520000000000163e-02 1.443196516157657476e-02 -1.127750239751727779e-02 9.998322540912796264e-01 3.006838800000000145e+00
9.998791464432815745e-01 -2.054635401285251958e-03 -1.541009348519724147e-02 -2.742640000000000008e-02 2.209981350794345146e-03 9.999468486193294758e-01 1.007054709045037376e-02 -4.465279999999999944e-02 1.538858311488989182e-02 -1.010338604823267546e-02 9.998305421920640201e-01 3.116031399999999785e+00
9.998669686080327024e-01 -2.689123402677636322e-03 -1.608768789815134825e-02 -2.962050000000000100e-02 2.895775236282933495e-03 9.999134237570612704e-01 1.283586678850982300e-02 -4.548959999999999809e-02 1.605177785680092506e-02 -1.288074554350835711e-02 9.997881909794089639e-01 3.224304399999999848e+00
9.998470110289509050e-01 8.669594098887934168e-04 -1.747005775189953980e-02 -3.227750000000000064e-02 -6.669569206338815366e-04 9.999342141216731594e-01 1.145087757937887467e-02 -4.750879999999999687e-02 1.747883591487484067e-02 -1.143747394547889144e-02 9.997818134397161716e-01 3.384958000000000133e+00
9.998547322605165766e-01 4.889431246531189199e-03 -1.632813027680023871e-02 -3.613260000000000083e-02 -4.679224157688458702e-03 9.999060053925838965e-01 1.288740629949119976e-02 -4.869330000000000186e-02 1.638960760765250518e-02 -1.280913119346917955e-02 9.997836300522907615e-01 3.543409099999999867e+00
9.999446616894435147e-01 2.709703439406077434e-03 -1.016518893354705945e-02 -3.788740000000000163e-02 -2.651800756189185218e-03 9.999802083614389714e-01 5.705334185004087844e-03 -4.926769999999999761e-02 1.018044751146584929e-02 -5.678062405748343991e-03 9.999320567397480541e-01 3.700107599999999941e+00
9.999841709736120299e-01 3.192973408162046688e-03 -4.632787825130965480e-03 -3.916859999999999786e-02 -3.150936694599208027e-03 9.999540577669616681e-01 9.052842279332350833e-03 -5.043469999999999898e-02 4.661480469179278725e-03 -9.038101360496528236e-03 9.999482903248712029e-01 3.802887000000000128e+00
9.999801214015616724e-01 2.348886370184137800e-03 5.851455762288260490e-03 -3.994310000000000221e-02 -2.379074353729047474e-03 9.999838702384349354e-01 5.157447835933081336e-03 -5.161770000000000247e-02 -5.839247120775247976e-03 -5.171266361434623433e-03 9.999695801359568259e-01 3.952555199999999935e+00
9.999179702681521009e-01 7.581203716336263644e-04 1.278585109881690864e-02 -3.895499999999999657e-02 -7.686481995137909359e-04 9.999993696164304335e-01 8.185027105522500995e-04 -5.293110000000000176e-02 -1.278522251524734539e-02 -8.282633904207437840e-04 9.999179226641513596e-01 4.048050400000000160e+00
9.997015491671034093e-01 1.072087800563700614e-03 2.440621274678374947e-02 -3.715630000000000321e-02 -1.091750563256554517e-03 9.999990901423138068e-01 7.923353154335163523e-04 -5.485389999999999711e-02 -2.440534108757785869e-02 -8.187443388119522826e-04 9.997018100334251756e-01 4.189184199999999691e+00
9.995167069771259127e-01 1.287407989430800707e-03 3.105954047102118046e-02 -3.488089999999999941e-02 -1.233486404690225559e-03 9.999976989430332530e-01 -1.755169486989411253e-03 -5.673879999999999896e-02 -3.106172862046955099e-02 1.716009704915457497e-03 9.995159950324962184e-01 4.281484100000000126e+00
9.993304440541208589e-01 -2.031100261184182990e-04 3.658718809789890392e-02 -3.162550000000000083e-02 1.708273286577427540e-04 9.999995933770802203e-01 8.854737138699552389e-04 -5.806780000000000275e-02 -3.658735306929880582e-02 -8.786307480740515249e-04 9.993300724002009972e-01 4.374132200000000026e+00
9.990230138162833340e-01 -3.131995451003950597e-03 4.408183832288622983e-02 -2.681619999999999837e-02 3.075686644581728489e-03 9.999943653646975461e-01 1.345135874165679854e-03 -6.014739999999999670e-02 -4.408580289724269019e-02 -1.208239773603086379e-03 9.990270177225213377e-01 4.508548700000000409e+00
9.988245468110733549e-01 -3.822058575482871565e-03 4.832097428549653184e-02 -2.262489999999999987e-02 4.060400459494671946e-03 9.999800664270448447e-01 -4.835276276640576229e-03 -6.184880000000000239e-02 -4.830153036667238220e-02 5.025795141913917685e-03 9.988201557574961642e-01 4.598670000000000258e+00
9.988018272965328848e-01 -4.634034360514282906e-03 4.871791779882041901e-02 -1.479630000000000008e-02 4.724356948843082098e-03 9.999873280757877181e-01 -1.739005252098961563e-03 -6.546820000000000417e-02 -4.870924183896694487e-02 1.967082456960733781e-03 9.988110633879064837e-01 4.779867600000000216e+00
9.991453720074068290e-01 -3.399032459021433892e-03 4.119432211510451469e-02 -9.643600000000000436e-03 3.426308181132464801e-03 9.999939552286386535e-01 -5.915390362332124778e-04 -6.777260000000000228e-02 -4.119206244446101117e-02 7.321779332933246558e-04 9.991509785347986172e-01 4.917653999999999748e+00
9.995655945502950335e-01 -9.194118145489808607e-04 2.945805277391079849e-02 -5.871699999999999663e-03 9.227880680088633132e-04 9.999995691287076882e-01 -1.010177239212814529e-04 -6.968449999999999644e-02 -2.945794720439267808e-02 1.281573808780335391e-04 9.995660122884276744e-01 5.057220899999999908e+00
9.998735774278624255e-01 -2.313584656274766287e-04 1.589891929876626267e-02 -3.464399999999999858e-03 2.062275587943069850e-04 9.999987269151469071e-01 1.582288936745025569e-03 -7.199740000000000306e-02 -1.589926513403350575e-02 -1.578810104393325083e-03 9.998723522164476574e-01 5.197708099999999831e+00
9.999966908717835556e-01 2.136545396856837434e-03 1.432975662659994112e-03 -3.249300000000000105e-03 -2.137050818093531868e-03 9.999976548091609185e-01 3.512690978226138067e-04 -7.382660000000000611e-02 -1.432221799684586360e-03 -3.543302772403263221e-04 9.999989115947932605e-01 5.336563599999999852e+00
9.999751936448753042e-01 5.536028802111370509e-03 -4.354822613632652883e-03 -3.828799999999999825e-03 -5.533902976219603684e-03 9.999845628133812170e-01 5.000527777314684895e-04 -7.542970000000000230e-02 4.357523694003372430e-03 -4.759412074221928816e-04 9.999903926874613713e-01 5.431294399999999634e+00
9.999399996238661492e-01 9.011829196185353399e-03 -6.227687111723552264e-03 -5.367700000000000422e-03 -9.007099715122557707e-03 9.999591255111488497e-01 7.870588925931951965e-04 -7.721110000000000473e-02 6.234525398503523892e-03 -7.309182699537223509e-04 9.999802980316853107e-01 5.526799200000000134e+00
9.999137994555783449e-01 1.041786901420298748e-02 -7.991349292344166258e-03 -6.326700000000000206e-03 -1.040207345902734691e-02 9.999438655229588857e-01 2.015606795883571802e-03 -7.865080000000000682e-02 8.011899029714440387e-03 -1.932306447104716485e-03 9.999660372561319788e-01 5.622616800000000303e+00
9.998621326583192470e-01 1.398719693166333884e-02 -8.948407565166871871e-03 -7.214299999999999879e-03 -1.395138568053731244e-02 9.998944646787054635e-01 4.051955389416282520e-03 -7.929840000000000499e-02 9.004138690089489097e-03 -3.926554071929854069e-03 9.999517526658822097e-01 5.670720600000000111e+00
9.998453943208994721e-01 1.492477485976814906e-02 -9.297233495516865620e-03 -8.171499999999999944e-03 -1.485828647975251209e-02 9.998638308659131280e-01 7.179905920422787781e-03 -7.970119999999999982e-02 9.403125978659006290e-03 -7.040654907446542744e-03 9.999310028198463707e-01 5.718778099999999753e+00
9.998572560455473157e-01 1.377601472195034982e-02 -9.782072962794072929e-03 -8.844199999999999978e-03 -1.371004909250436374e-02 9.998830339463430361e-01 6.778862746603865619e-03 -8.021899999999999864e-02 9.874314505318327467e-03 -6.643782404382356579e-03 9.999291765262243725e-01 5.766728900000000380e+00
9.998803765418652345e-01 1.102761954168180424e-02 -1.084546973357225670e-02 -1.034629999999999925e-02 -1.096081880020877662e-02 9.999207095884194985e-01 6.199595746558653891e-03 -8.107830000000000592e-02 1.091297657501857400e-02 -6.079978900923578566e-03 9.999219673548719323e-01 5.863412399999999636e+00
9.998907229052385048e-01 8.712208989989823557e-03 -1.194318477435026352e-02 -1.083560000000000079e-02 -8.618785274639344587e-03 9.999320319585626171e-01 7.851624265699498617e-03 -8.149729999999999475e-02 1.201077801098627759e-02 -7.747830517945117172e-03 9.998978509497037370e-01 5.911845200000000133e+00
9.999135662071549913e-01 5.435224815149809416e-03 -1.197156823888289277e-02 -1.151779999999999991e-02 -5.324427184804872426e-03 9.999428796544320708e-01 9.267572689534174513e-03 -8.154150000000000287e-02 1.202125575982645848e-02 -9.203029914700296132e-03 9.998853902574764696e-01 5.960454000000000363e+00
9.999197167374285211e-01 3.543037018684967385e-03 -1.216581145772418701e-02 -1.239709999999999944e-02 -3.411521885381098122e-03 9.999357072657512058e-01 1.081401189972876729e-02 -8.232720000000000315e-02 1.220334372892245209e-02 -1.077163978353052297e-02 9.998675163131401922e-01 6.009072800000000214e+00
9.999306898020494661e-01 -3.751841693619961931e-04 -1.176753282708770977e-02 -1.295600000000000050e-02 4.771930313500842005e-04 9.999623264625371322e-01 8.667060772901656607e-03 -8.252510000000000401e-02 1.176383775850201215e-02 -8.672075441865108314e-03 9.998931979110180501e-01 6.057539499999999855e+00
9.999251149950317830e-01 -2.968361310082934679e-03 -1.187237269063557907e-02 -1.346830000000000076e-02 3.061878975171922462e-03 9.999643708253631580e-01 7.866509834541086238e-03 -8.296710000000000196e-02 1.184859904435739408e-02 -7.902272519239906395e-03 9.998985772515719406e-01 6.106281300000000023e+00
9.999172260335733586e-01 -4.385906085873565383e-03 -1.209565662251272863e-02 -1.385160000000000037e-02 4.477447100115453105e-03 9.999614634990111606e-01 7.551422672677163446e-03 -8.337759999999999616e-02 1.206207066757223473e-02 -7.604955274138842751e-03 9.998983303848890669e-01 6.155442200000000419e+00
9.999175671096770524e-01 -5.045099405311360800e-03 -1.180703000144559325e-02 -1.444220000000000052e-02 5.136613608836872354e-03 9.999569041207093667e-01 7.733375844989251111e-03 -8.371699999999999975e-02 1.176750551722926738e-02 -7.793386511451765725e-03 9.999003895091675975e-01 6.204341900000000187e+00
9.999316546216386881e-01 -3.995289499504305931e-03 -1.098743589045669301e-02 -1.531910000000000042e-02 4.104471963065630009e-03 9.999422477345583093e-01 9.932497443422286937e-03 -8.424500000000000044e-02 1.094711813840306726e-02 -9.976916225684803047e-03 9.998903048570325636e-01 6.253103300000000253e+00
9.999471942457596185e-01 -1.682353145038928063e-03 -1.013796862929196296e-02 -1.634419999999999970e-02 1.799542487349125360e-03 9.999315450723493814e-01 1.156143659155096752e-02 -8.468649999999999789e-02 1.011782421617195629e-02 -1.157906978645547279e-02 9.998817703988862604e-01 6.301584700000000261e+00
9.999532518054257135e-01 -1.576933137377781007e-03 -9.539784359992305868e-03 -1.703359999999999944e-02 1.670989183261435869e-03 9.999499985264233004e-01 9.859424027574245283e-03 -8.498989999999999323e-02 9.523759704252163227e-03 -9.874903993777607927e-03 9.999058877075428509e-01 6.350071899999999658e+00
9.999559708997588503e-01 -1.298652417115992970e-03 -9.293533441057974520e-03 -1.758360000000000131e-02 1.372497053590279866e-03 9.999675052468305347e-01 7.943846817995250595e-03 -8.540620000000000156e-02 9.282915154111347905e-03 -7.956252404832697342e-03 9.999252599739203440e-01 6.398615799999999965e+00
9.999613570349257241e-01 -2.451176843381807323e-03 -8.442521480718789134e-03 -1.859289999999999901e-02 2.463574692146060577e-03 9.999959019053300535e-01 1.458414303871580133e-03 -8.663469999999999505e-02 8.438912051096800204e-03 -1.479156728676369811e-03 9.999632977558555735e-01 6.495554900000000131e+00
9.999693596043314203e-01 -2.557385671839675165e-03 -7.398623590152998523e-03 -2.032290000000000138e-02 2.536970404687037290e-03 9.999929526042344863e-01 -2.767403662477523670e-03 -8.871890000000000331e-02 7.405648767599055417e-03 2.748548779050693277e-03 9.999688004362636828e-01 6.593336100000000144e+00
9.999680333847362768e-01 -2.315215366245252683e-03 -7.653233726392011382e-03 -2.117569999999999869e-02 2.299945506149114229e-03 9.999953482764375456e-01 -2.003416121281559933e-03 -9.058599999999999985e-02 7.657836465453331590e-03 1.985750058332673863e-03 9.999687066790511336e-01 6.688623899999999622e+00
9.999662121077838028e-01 -7.125591158297949531e-04 -8.189438461646393261e-03 -2.227859999999999910e-02 7.058287386128546132e-04 9.999994108400970250e-01 -8.246970659410020029e-04 -9.216019999999999768e-02 8.190021282169756764e-03 8.188888601460955546e-04 9.999661259124892343e-01 6.785346500000000169e+00
9.999562910337344013e-01 -3.993366750058533767e-04 -9.341121574920558182e-03 -2.364809999999999829e-02 3.910545901892347235e-04 9.999995288787240089e-01 -8.884360626230242142e-04 -9.388889999999999736e-02 9.341471959222647989e-03 8.847443415317456181e-04 9.999559760954904730e-01 6.880305800000000360e+00
9.999384998468867636e-01 7.049168824140649792e-04 -1.106795446985045159e-02 -2.461599999999999899e-02 -6.962613945072931463e-04 9.999994488178769458e-01 7.858651366203761026e-04 -9.574839999999999740e-02 1.106850233899391370e-02 -7.781106163806261614e-04 9.999384395050729957e-01 6.975251700000000277e+00
9.999215521281689112e-01 1.761738925230468735e-03 -1.240104292198620541e-02 -2.607980000000000020e-02 -1.782590430343428990e-03 9.999970157640949431e-01 -1.670579020025764845e-03 -9.754290000000000183e-02 1.239806279026140455e-02 1.692553947095928662e-03 9.999217085853197018e-01 7.069538099999999936e+00
9.998880826113945020e-01 2.414693061887058286e-03 -1.476453552015280328e-02 -2.851789999999999881e-02 -2.467562580717493157e-03 9.999906056253489162e-01 -3.563677308348295152e-03 -1.003639000000000059e-01 1.475579162970330586e-02 3.599710886261315960e-03 9.998846476943807904e-01 7.212004699999999602e+00
9.998667473028390873e-01 2.884694031418416193e-03 -1.606755047870538425e-02 -3.044639999999999846e-02 -2.912310798751248288e-03 9.999943215783282380e-01 -1.695658252895487165e-03 -1.025414999999999938e-01 1.606256778513708364e-02 1.742226002628439931e-03 9.998694707634110390e-01 7.307253399999999566e+00
9.998363747247128730e-01 2.816858972888049845e-03 -1.786866203358067340e-02 -3.217160000000000158e-02 -2.834508982259749572e-03 9.999955195530210172e-01 -9.625137469233525055e-04 -1.043584000000000039e-01 1.786587070850329667e-02 1.013005138381692805e-03 9.998398794229087505e-01 7.401969000000000243e+00
9.997984932106668277e-01 5.116860966873129288e-03 -1.941109753532808263e-02 -3.574940000000000062e-02 -5.159815093458766655e-03 9.999843478249391682e-01 -2.163426294664038806e-03 -1.068917000000000062e-01 1.939972375786946229e-02 2.263148023620828366e-03 9.998092462460734797e-01 7.544461300000000037e+00
9.997833858205702473e-01 4.621837562868514986e-03 -2.029335001174343775e-02 -3.749899999999999761e-02 -4.685247238200628515e-03 9.999842863843535490e-01 -3.078220702302963616e-03 -1.087608000000000047e-01 2.027880409377246992e-02 3.172633278147790614e-03 9.997893300603926114e-01 7.639738099999999754e+00
9.997855751709806560e-01 -1.010902096566458543e-04 -2.070732867370586941e-02 -3.964639999999999831e-02 1.730320635126964918e-05 9.999918131889270478e-01 -4.046387984481456673e-03 -1.110469000000000039e-01 2.070756819692789671e-02 4.045162035248713386e-03 9.997773918645480595e-01 7.734116099999999605e+00
9.997733608081310619e-01 -5.012780879088775182e-04 -2.128322669834306277e-02 -4.170979999999999827e-02 5.854581887321837078e-04 9.999920305549704347e-01 3.949185391482419420e-03 -1.126801000000000053e-01 2.128107744273599958e-02 -3.960750790649941212e-03 9.997656866466515524e-01 7.828965199999999847e+00
9.997782219316511121e-01 1.555472854534998878e-04 -2.105903027749282327e-02 -4.331039999999999890e-02 -9.483857456605731845e-05 9.999958374709734255e-01 2.883755601896316207e-03 -1.131373999999999991e-01 2.105939117902380295e-02 -2.881118839736076468e-03 9.997740750776649143e-01 7.876723300000000094e+00
9.997685743143135406e-01 2.269257663115575255e-03 -2.139271565704561895e-02 -4.582169999999999993e-02 -2.309675329683907961e-03 9.999955939497783275e-01 -1.864800499114687956e-03 -1.147442999999999935e-01 2.138838968684325659e-02 1.913779163968532980e-03 9.997694105322063596e-01 7.969116200000000205e+00
9.997654975703623714e-01 2.321583870171425260e-03 -2.153044626150221047e-02 -4.676550000000000151e-02 -2.360539525560397759e-03 9.999956224274203498e-01 -1.784090565068673822e-03 -1.156114000000000031e-01 2.152621009453224016e-02 1.834495660899701725e-03 9.997666012148216375e-01 8.016023600000000471e+00
9.997656007543500589e-01 1.992664266060149066e-03 -2.155859080311646817e-02 -4.904889999999999944e-02 -1.954702912266112914e-03 9.999965022005231630e-01 1.781775306786779339e-03 -1.176489000000000007e-01 2.156206587547282102e-02 -1.739217019771745806e-03 9.997659988413988286e-01 8.108681699999999992e+00
9.998125083705365901e-01 1.509289155082906182e-03 -1.930466658769530719e-02 -5.140360000000000068e-02 -1.467369367749981560e-03 9.999965352784385697e-01 2.185465226678528529e-03 -1.193619999999999959e-01 1.930789820136618457e-02 -2.156728393836631827e-03 9.998112589832547359e-01 8.201002100000000183e+00
9.998414579962121573e-01 3.927628659056474282e-04 -1.780181477659078040e-02 -5.258519999999999861e-02 -3.856062215142051796e-04 9.999998434596977237e-01 4.054484209524332689e-04 -1.200124999999999942e-01 1.780197123497310671e-02 -3.985196498152459481e-04 9.998414529325326816e-01 8.246624900000000480e+00
9.998843233011589504e-01 -1.014814950336479383e-03 -1.517597335263782578e-02 -5.436060000000000197e-02 9.911263777189556652e-04 9.999982789472630085e-01 -1.568365714799273758e-03 -1.219641999999999948e-01 1.517753883496232407e-02 1.553142983933450969e-03 9.998836082573734352e-01 8.337249800000000377e+00
9.999174548143642260e-01 -1.102342342472922929e-03 -1.280110928490308352e-02 -5.581640000000000212e-02 1.115611652527081707e-03 9.999988477896528671e-01 1.029480455182010508e-03 -1.236862999999999990e-01 1.279995969543601571e-02 -1.043676543210239486e-03 9.999175324850887447e-01 8.427713400000000021e+00
9.999514269162727009e-01 -8.869239776357246998e-05 -9.855756783157650081e-03 -5.755099999999999799e-02 1.049051893601469333e-04 9.999986423023300430e-01 1.644502477291984741e-03 -1.253962999999999883e-01 9.855597547151789817e-03 -1.645456518767090268e-03 9.999500785888431054e-01 8.517466499999999385e+00
9.999753207383540454e-01 6.703173980187712884e-04 -6.993467581383975423e-03 -5.914309999999999706e-02 -6.600739863966151658e-04 9.999987062279982464e-01 1.466916719568197311e-03 -1.276197000000000026e-01 6.994441833229994229e-03 -1.462264311121482538e-03 9.999744694573587944e-01 8.649541899999999117e+00
9.999840101389425584e-01 -2.697620564658623644e-04 -5.648601142951583352e-03 -5.996680000000000066e-02 2.790356008023135671e-04 9.999986145985182429e-01 1.641018030859473344e-03 -1.292574999999999974e-01 5.648150632972487144e-03 -1.642567952022783032e-03 9.999827000328307403e-01 8.735686299999999349e+00
9.999843399596042293e-01 -8.731263300708305870e-04 -5.527882593396326455e-03 -6.102069999999999717e-02 8.920641982387207160e-04 9.999937390292857886e-01 3.424342812111391080e-03 -1.308284000000000113e-01 5.524858099612854970e-03 -3.429220412918260099e-03 9.999788579716767378e-01 8.819337799999999561e+00
9.999810058975057148e-01 -8.540622646105396933e-04 -6.103967714609994516e-03 -6.153139999999999998e-02 8.767265794447933434e-04 9.999927286430240203e-01 3.711335552631985380e-03 -1.317270000000000107e-01 6.100753618834961131e-03 -3.716616569879578700e-03 9.999744834577304342e-01 8.860521300000000267e+00
9.999746197597166875e-01 -8.885952524340451288e-05 -7.124039612097647287e-03 -6.237890000000000101e-02 1.019391901211869696e-04 9.999983100013065673e-01 1.835647823591188233e-03 -1.332089999999999941e-01 7.123864457685893242e-03 -1.836327453236798581e-03 9.999729388621839687e-01 8.941409099999999555e+00
9.999713724005738769e-01 -1.815760017478251082e-04 -7.564483423761228682e-03 -6.295040000000000358e-02 1.928212402907631740e-04 9.999988774881499731e-01 1.485881021249573809e-03 -1.338563000000000114e-01 7.564205132204034239e-03 -1.487297077118831124e-03 9.999702849325685650e-01 8.980551699999999471e+00
9.999622420403444512e-01 -4.795899309754446762e-04 -8.676663364772695813e-03 -6.339200000000000390e-02 4.920006536522943249e-04 9.999988589770892888e-01 1.428278641007557637e-03 -1.346237999999999879e-01 8.675968476446152544e-03 -1.432493636167242543e-03 9.999613370190759687e-01 9.019687700000000419e+00
9.999471092565507258e-01 -9.959459060327553650e-04 -1.023654146770708318e-02 -6.418160000000000531e-02 1.022025703442493464e-03 9.999962448077578392e-01 2.542800394148093945e-03 -1.355471000000000037e-01 1.023397053588356517e-02 -2.553127912039155657e-03 9.999443721452385692e-01 9.058231400000000377e+00
9.998919850874152804e-01 -1.765173129341058786e-03 -1.459117273461749305e-02 -6.543179999999999830e-02 1.846315472316825690e-03 9.999828971703124125e-01 5.549458175812889589e-03 -1.367339999999999944e-01 1.458112742982092293e-02 -5.575798659552309335e-03 9.998781431715484391e-01 9.134491000000000582e+00
9.998584420138034723e-01 -1.477833017204527311e-03 -1.676042789736489902e-02 -6.639720000000000344e-02 1.576445604370648249e-03 9.999815172182985323e-01 5.871970797448403979e-03 -1.375991000000000020e-01 1.675144032571432295e-02 -5.897561475973484534e-03 9.998422915718513382e-01 9.171533600000000064e+00
9.998062879019798954e-01 -9.821766765819696723e-04 -1.965761940417316486e-02 -6.715089999999999948e-02 1.082516628044481385e-03 9.999864375832401286e-01 5.094389789819174855e-03 -1.380287000000000042e-01 1.965234920851332071e-02 -5.114682644757643712e-03 9.997937913350082306e-01 9.208188099999999210e+00
9.997556657026062110e-01 -9.147704692439382734e-04 -2.208556294340612361e-02 -6.826419999999999710e-02 1.032303639902919321e-03 9.999853642102847218e-01 5.310905235389237929e-03 -1.386535000000000128e-01 2.208038144447685078e-02 -5.332406606105808376e-03 9.997419778098014520e-01 9.243764900000000395e+00
9.996851918706828322e-01 -5.273169743724334365e-04 -2.508463855199796755e-02 -6.935289999999999511e-02 6.709837847738226368e-04 9.999834200699444509e-01 5.719210258201148575e-03 -1.391477000000000130e-01 2.508120681379615025e-02 -5.734241190033895902e-03 9.996689709812633939e-01 9.278880100000000297e+00
9.995167426154907275e-01 -3.453355314234469141e-04 -3.108314615172793130e-02 -7.160510000000000486e-02 4.921609235211907860e-04 9.999887579943975702e-01 4.716106704433947229e-03 -1.402818000000000120e-01 3.108116807560972264e-02 -4.729125520958874819e-03 9.995056760033245169e-01 9.346366899999999589e+00
9.992818025409805349e-01 5.016133912151088479e-04 -3.788967530151869656e-02 -7.395859999999999934e-02 -3.510318437807400153e-04 9.999920151367709398e-01 3.980758639339374017e-03 -1.415773999999999921e-01 3.789136955948431418e-02 -3.964599186018285051e-03 9.992739994947336113e-01 9.410271599999999736e+00
9.990629762710032669e-01 2.772445059584563096e-03 -4.319123745525570851e-02 -7.694199999999999651e-02 -2.638680517117099160e-03 9.999915456324722784e-01 3.153732504118964258e-03 -1.427669000000000021e-01 4.319961585076059069e-02 -3.036809505144335338e-03 9.990618454221821265e-01 9.470969200000000754e+00
9.990329923999592410e-01 3.313090981208083406e-03 -4.384180110959525617e-02 -7.844629999999999659e-02 -3.152534168705276984e-03 9.999880711885534845e-01 3.730818799091599209e-03 -1.433508000000000004e-01 4.385363867113212938e-02 -3.588998292942922452e-03 9.990315197562863458e-01 9.500409100000000606e+00
9.990624399798687660e-01 3.228141725835527876e-03 -4.317198307315663758e-02 -8.118029999999999691e-02 -3.007975391577300071e-03 9.999821437827731696e-01 5.163738921820007662e-03 -1.443129999999999968e-01 4.318788146592362348e-02 -5.029037343962867827e-03 9.990543106747892255e-01 9.557131800000000510e+00
9.990785651368543352e-01 3.267443954712373477e-03 -4.279421098801891588e-02 -8.247670000000000001e-02 -3.061878843731049953e-03 9.999834624423844520e-01 4.868237842037460676e-03 -1.448945000000000094e-01 4.280940997059615172e-02 -4.732721388709343856e-03 9.990720473350389597e-01 9.584625199999999623e+00
9.991396434389160364e-01 4.169113801640309154e-03 -4.126246961664792323e-02 -8.504140000000000310e-02 -4.148296004916258474e-03 9.999912216550141952e-01 5.901297890356690511e-04 -1.457640000000000047e-01 4.126456771870289086e-02 -4.184531291360619782e-04 9.991481673645642436e-01 9.638471600000000805e+00
9.991882770603834896e-01 4.416410428273813936e-03 -4.004100777991703719e-02 -8.626670000000000171e-02 -4.440591290063254475e-03 9.999900079205382708e-01 -5.149835691226448435e-04 -1.463667999999999914e-01 4.003833330818050429e-02 6.923712955389170172e-04 9.991979045654030278e-01 9.665326099999999698e+00
9.993098734909380276e-01 4.451029188910006137e-03 -3.687770441181095066e-02 -8.856039999999999746e-02 -4.505022678546983378e-03 9.999888985276013109e-01 -1.381156117297795962e-03 -1.473321999999999965e-01 3.687114744880076039e-02 1.546337839556056028e-03 9.993188316673986549e-01 9.718308399999999736e+00
9.994382337373897141e-01 3.980710360450780486e-03 -3.327718270696650160e-02 -9.035659999999999525e-02 -4.034961135942894198e-03 9.999906375883941267e-01 -1.563273548784674827e-03 -1.484530000000000016e-01 3.327064821307304521e-02 1.696667493382017326e-03 9.994449385968687816e-01 9.771255500000000538e+00
9.995908864155022000e-01 3.968734576870246687e-03 -2.832505853354898642e-02 -9.207160000000000344e-02 -4.013646379936630822e-03 9.999907765010016547e-01 -1.528906687944962296e-03 -1.495198000000000083e-01 2.831872945256272076e-02 1.641967960094166748e-03 9.995975957871300333e-01 9.823040000000000660e+00
9.997527132264720784e-01 2.152293371494248993e-03 -2.213323359905845431e-02 -9.332759999999999667e-02 -2.164639717620295105e-03 9.999975146524135994e-01 -5.338762860237592249e-04 -1.506303999999999976e-01 2.213202953188814562e-02 5.816547420074152800e-04 9.997548874331951829e-01 9.874344799999999367e+00
9.998169127706809656e-01 1.703619278088309074e-03 -1.905881998078018391e-02 -9.385989999999999611e-02 -1.714624059848481085e-03 9.999983726223472535e-01 -5.610855464533672692e-04 -1.510563000000000045e-01 1.905783308872886772e-02 5.936615301466227753e-04 9.998182067575833720e-01 9.900087400000000315e+00
9.999126664353287230e-01 1.319922684060141930e-03 -1.314980251940164185e-02 -9.474599999999999689e-02 -1.333619099942522221e-03 9.999985773355125618e-01 -1.032853836364342826e-03 -1.520600000000000007e-01 1.314842052443664436e-02 1.050300461357374935e-03 9.999130041691894899e-01 9.950756099999999549e+00
9.999686812208620212e-01 2.472872483102046739e-03 -7.518076821388215529e-03 -9.528319999999999845e-02 -2.490685009003383837e-03 9.999941114107364637e-01 -2.360854090702802811e-03 -1.530778000000000139e-01 7.512194459404244497e-03 2.379505312870526870e-03 9.999689519624447298e-01 1.000173760000000023e+01
9.999856668490986200e-01 2.697799568646131775e-03 -4.624713380411518172e-03 -9.551990000000000480e-02 -2.705778754636188436e-03 9.999948602557332533e-01 -1.719948675828843849e-03 -1.534775999999999918e-01 4.620049533771691981e-03 1.732437474755929964e-03 9.999878268272577309e-01 1.002767470000000039e+01
9.999933167474535090e-01 2.899152852146709425e-03 -2.227414008929669547e-03 -9.564590000000000591e-02 -2.901636399655373871e-03 9.999951713353554261e-01 -1.112570077564957937e-03 -1.539919999999999900e-01 2.224177742780810308e-03 1.119025787543566222e-03 9.999969004025239805e-01 1.005354789999999987e+01
9.999930284666740388e-01 2.992679790370957309e-03 2.233133610426983693e-03 -9.569199999999999928e-02 -2.985702776944501157e-03 9.999906720024759332e-01 -3.121135524828357998e-03 -1.549561000000000133e-01 -2.242453338970357580e-03 3.114446292506091712e-03 9.999926357865410731e-01 1.010566430000000082e+01
9.999872366203728102e-01 3.117051367634499689e-03 3.976252899655413099e-03 -9.569229999999999403e-02 -3.095706661405990458e-03 9.999808274855479517e-01 -5.362952692797122445e-03 -1.554746999999999935e-01 -3.992893263914872558e-03 5.350574930807082755e-03 9.999777138273096000e-01 1.013188839999999935e+01
9.999859160922467405e-01 2.047377942605741255e-03 4.896515159806534914e-03 -9.562629999999999741e-02 -2.013383247192964548e-03 9.999739082680345614e-01 -6.937511877637793541e-03 -1.559593999999999980e-01 -4.910591110040262233e-03 6.927555608768090796e-03 9.999639468842050904e-01 1.015832999999999942e+01
9.999858516870593350e-01 1.804671235105322676e-03 5.003957178061578352e-03 -9.553150000000000530e-02 -1.767692000958353150e-03 9.999711710656206121e-01 -7.384599016949022418e-03 -1.565813000000000066e-01 -5.017139692737129265e-03 7.375649082254390546e-03 9.999602132634672902e-01 1.018507959999999990e+01
9.999853069152867535e-01 1.316016912253240544e-03 5.258712107201031494e-03 -9.546949999999999881e-02 -1.275154033372613398e-03 9.999690286262136185e-01 -7.766322845328947448e-03 -1.572101999999999944e-01 -5.268769849873195660e-03 7.759503066135628284e-03 9.999560141208390096e-01 1.021203709999999987e+01
9.999804616985239480e-01 2.704337321720180244e-03 5.635847838379557002e-03 -9.550129999999999730e-02 -2.655987666222593864e-03 9.999597594747241525e-01 -8.568848275517251811e-03 -1.583428000000000058e-01 -5.658794105097804568e-03 8.553712112428897563e-03 9.999474046460513632e-01 1.026634879999999939e+01
