9.999998596810837359e-01 6.626160139328333889e-05 -5.255922498237303522e-04 -2.640000000000000135e-05 -6.613840073897917361e-05 9.999999703370966442e-01 2.344174011369620011e-04 5.170000000000000306e-05 5.256077671055320744e-04 -2.343826064129221761e-04 9.999998344006207907e-01 6.399999999999999710e-06
9.999998277185363493e-01 5.815757848093485588e-04 -7.957703278702514353e-05 8.997999999999999705e-04 -5.816241235303734169e-04 9.999996455519924998e-01 -6.087768625060087802e-04 -1.138799999999999925e-03 7.922295469951872165e-05 6.088230415469877282e-04 9.999998115290960055e-01 6.908110000000000639e-02
9.999989248589351565e-01 9.458516570613481958e-04 1.120555940833521625e-03 8.185000000000000001e-04 -9.457478894950924198e-04 9.999995484437728122e-01 -9.312990957440365212e-05 -2.243499999999999835e-03 -1.120643521918801523e-03 9.207004603050902587e-05 9.999993678404018871e-01 1.382361000000000006e-01
9.999995630956526327e-01 -1.454953684427267560e-04 9.233848609481887931e-04 1.750400000000000046e-03 1.453045940082827098e-04 9.999999680876409114e-01 2.066671045012173906e-04 -3.377600000000000133e-03 -9.234149005873139304e-04 -2.065328421451275256e-04 9.999995523244530338e-01 2.072256000000000098e-01
9.999988108155957178e-01 -6.587416582968044516e-04 1.394427058755901786e-03 2.219899999999999912e-03 6.588579512572310774e-04 9.999997795134991652e-01 -8.294065992429433055e-05 -4.266700000000000007e-03 -1.394372114835700036e-03 8.385929064766462512e-05 9.999990243465364248e-01 2.758888999999999925e-01
9.999950381467783700e-01 -6.737425324462950225e-04 3.077296349569702376e-03 1.904700000000000056e-03 6.746558454949314705e-04 9.999997286820335729e-01 -2.957623187435496530e-04 -5.328300000000000224e-03 -3.077096246990282911e-03 2.978369671848930464e-04 9.999952213744961460e-01 3.439209999999999767e-01
9.999955926800557782e-01 -4.406852356736313940e-04 2.936054663475226156e-03 2.695299999999999866e-03 4.441136631035637523e-04 9.999992202626567517e-01 -1.167149147559187229e-03 -6.542799999999999658e-03 -2.935538028726604552e-03 1.168447945551139532e-03 9.999950086604834087e-01 4.116582999999999770e-01
9.999900428400090302e-01 -3.468701885626712732e-04 4.449033817488239236e-03 2.103400000000000061e-03 3.531278701844929395e-04 9.999989494882969288e-01 -1.405817559248090723e-03 -7.816699999999999343e-03 -4.448541507524285919e-03 1.407374639134083630e-03 9.999891148282969988e-01 4.778815000000000146e-01
9.999888447286716664e-01 -7.429517565970734537e-04 4.664594398647387008e-03 2.044900000000000103e-03 7.430441156791291408e-04 9.999997237794738814e-01 -1.806704606214732994e-05 -8.856199999999999836e-03 -4.664579687247059903e-03 2.153284393929117535e-05 9.999891205571578290e-01 5.425948000000000437e-01
9.999934359510114223e-01 -1.112021392282308129e-03 3.448400109246266883e-03 1.957400000000000199e-03 1.109574813581488094e-03 9.999991314375067386e-01 7.113142519636518743e-04 -9.688999999999999696e-03 -3.449188110760089635e-03 -7.074833249536843652e-04 9.999938012651485852e-01 6.067280000000000451e-01
9.999960974510625489e-01 -2.320291376756808410e-03 1.556062521893721582e-03 1.392999999999999924e-03 2.319303742888058351e-03 9.999971080324501216e-01 6.362050649064221811e-04 -1.116900000000000011e-02 -1.557534202937353946e-03 -6.325936004538260712e-04 9.999985869552733275e-01 6.703240999999999783e-01
9.999974731030938369e-01 -1.497930729097907880e-03 -1.676302764416042574e-03 8.957999999999999817e-04 1.497267466073288729e-03 9.999988003473231357e-01 -3.968551998241494632e-04 -1.299600000000000061e-02 1.676895215033763009e-03 3.943443234195239950e-04 9.999985162563954644e-01 7.978952999999999740e-01
9.999965215419738263e-01 -2.411364024292405423e-04 -2.626548531467736824e-03 4.958999999999999650e-04 2.400631736488151302e-04 9.999998875788379538e-01 -4.089156200223676872e-04 -1.432899999999999972e-02 2.626646840629607866e-03 4.082836600503404008e-04 9.999964670091727736e-01 8.614570000000000283e-01
9.999949618644723426e-01 -1.043211020050313674e-03 -2.997992068059349494e-03 -4.275999999999999853e-04 1.043186436448324513e-03 9.999994558332159222e-01 -9.763746930023231563e-06 -1.647030000000000022e-02 2.998000622300042023e-03 6.636233076963764471e-06 9.999955059640164290e-01 9.891539000000000303e-01
9.999922084691879043e-01 -1.646005849554547668e-03 -3.587989082957264084e-03 -8.867000000000000316e-04 1.645987909552677764e-03 9.999986453293587818e-01 -7.952914828890558283e-06 -1.733459999999999862e-02 3.587997312958121979e-03 2.047066213354964827e-06 9.999935631148291204e-01 1.051897300000000035e+00
9.999896975922465403e-01 -1.150693651951722367e-03 -4.390969538343812012e-03 -2.123900000000000180e-03 1.142899608272496563e-03 9.999977678221627642e-01 -1.777113158267846398e-03 -1.950390000000000110e-02 4.393004649748942850e-03 1.772076412358156118e-03 9.999887805647301731e-01 1.176339400000000035e+00
9.999868684288106824e-01 3.603152749787717356e-04 -5.112058571942458725e-03 -2.595699999999999830e-03 -3.680821443419316267e-04 9.999987793909302924e-01 -1.518463758020095321e-03 -2.044100000000000084e-02 5.111505206430884234e-03 1.520325475686320517e-03 9.999857804613886403e-01 1.238409899999999952e+00
9.999798566067573669e-01 -4.921444131431507900e-04 -6.328046665883831079e-03 -2.959700000000000004e-03 4.838504129420289571e-04 9.999990220919189321e-01 -1.312137181766810700e-03 -2.187719999999999942e-02 6.328686238619143575e-03 1.309048922879165822e-03 9.999791168426521715e-01 1.299524099999999960e+00
9.999737226612305241e-01 -5.649232685345389506e-04 -7.227368036918897266e-03 -3.677800000000000166e-03 5.498687904843156064e-04 9.999976756247539456e-01 -2.084799607281641234e-03 -2.291139999999999843e-02 7.228528989611924215e-03 2.080770720175248879e-03 9.999717089807372838e-01 1.360549800000000031e+00
9.999693138315306484e-01 -1.844640388176278106e-04 -7.831817689150722198e-03 -4.533099999999999977e-03 1.739331315663829541e-04 9.999990799690955390e-01 -1.345291131406375126e-03 -2.412720000000000142e-02 7.832058641471894081e-03 1.343887636999545332e-03 9.999684259132662900e-01 1.420896500000000007e+00
9.999603049902353602e-01 -1.598474226626784948e-03 -8.765461994804135334e-03 -5.237200000000000015e-03 1.602294101187553763e-03 9.999986243989557044e-01 4.287817739464072739e-04 -2.526830000000000048e-02 8.764764540410962049e-03 -4.428096014981619424e-04 9.999614906696197014e-01 1.481634700000000082e+00
9.999512968365942278e-01 -1.626150308932319865e-03 -9.734453759001619050e-03 -6.062299999999999633e-03 1.628210108048690598e-03 9.999986537227500971e-01 2.036775181916943424e-04 -2.614769999999999942e-02 9.734109443468853123e-03 -2.195173344589827725e-04 9.999525983392825168e-01 1.542184800000000022e+00
9.999408812403908220e-01 -2.624585137156714831e-03 -1.055204136878304735e-02 -6.883900000000000088e-03 2.619737180896642304e-03 9.999964565094437985e-01 -4.732289711102745681e-04 -2.737749999999999906e-02 1.055324600744815544e-02 4.455574192923309612e-04 9.999442136825895666e-01 1.602698299999999909e+00
9.999280788643561957e-01 -2.872065028142287580e-03 -1.164424068421724204e-02 -7.559599999999999653e-03 2.856230583066921968e-03 9.999949739232157908e-01 -1.376254033027718730e-03 -2.850340000000000165e-02 1.164813485044756750e-02 1.342896414915875419e-03 9.999312564290230299e-01 1.662717599999999907e+00
9.999216030873692151e-01 -2.236047348723032777e-03 -1.232021799481890570e-02 -8.489899999999999877e-03 2.223464531552453612e-03 9.999969925714390362e-01 -1.034917172561264755e-03 -2.988839999999999900e-02 1.232249506644328418e-02 1.007442470517633205e-03 9.999235676665522154e-01 1.722172999999999954e+00
9.999005561609701775e-01 -3.351579830358706203e-03 -1.369834667480288558e-02 -1.015950000000000013e-02 3.350653791408029266e-03 9.999943824439712081e-01 -9.055203295109685770e-05 -3.221790000000000070e-02 1.369857321594017581e-02 4.464461088735840045e-05 9.999061691472386215e-01 1.841642100000000060e+00
9.998871684855304975e-01 -4.088121936562724192e-03 -1.445467249784602309e-02 -1.104939999999999915e-02 4.084447323162915429e-03 9.999916183589740992e-01 -2.837285041996010339e-04 -3.338499999999999801e-02 1.445571126069204737e-02 2.246571422917502555e-04 9.998954855089184912e-01 1.901308199999999893e+00
9.998756265988983927e-01 -4.686172050913852728e-03 -1.505892177313973741e-02 -1.207010000000000027e-02 4.683536585901528111e-03 9.999890100749486699e-01 -2.102721399832914331e-04 -3.457070000000000282e-02 1.505974164814356982e-02 1.397169766533557249e-04 9.998865858989496314e-01 1.960944100000000079e+00
9.998713737738778029e-01 -5.252076254232042156e-03 -1.515426021150683561e-02 -1.298889999999999940e-02 5.256386052114908787e-03 9.999861551977312635e-01 2.445782695725229024e-04 -3.540560000000000235e-02 1.515276586004875650e-02 -3.242034523986007987e-04 9.998851376927812007e-01 2.021224999999999827e+00
9.998664094505252953e-01 -4.790460835752899903e-03 -1.562737141990683948e-02 -1.350550000000000014e-02 4.813216213581306656e-03 9.999874098465969530e-01 1.418836838948024908e-03 -3.633600000000000024e-02 1.562037778659407239e-02 -1.493865213249047363e-03 9.998768785028129269e-01 2.080283600000000011e+00
9.998708307989946364e-01 -4.329595223332652169e-03 -1.547825321315268211e-02 -1.472809999999999918e-02 4.364918817912071154e-03 9.999879444673555051e-01 2.249089519366874717e-03 -3.736069999999999669e-02 1.546832896732589467e-02 -2.316360324989166167e-03 9.998776751552178599e-01 2.139428899999999967e+00
9.998742662903414846e-01 -3.573194002630509115e-03 -1.544939788376933736e-02 -1.580830000000000082e-02 3.604976099736118423e-03 9.999914419638810115e-01 2.029814355654514530e-03 -3.850050000000000000e-02 1.544201274678215323e-02 -2.085253849691961776e-03 9.998785906092352294e-01 2.198516600000000043e+00
9.998795405762758159e-01 -1.919142471389952446e-03 -1.540198783112788940e-02 -1.693539999999999976e-02 1.948739345832170523e-03 9.999962831642089656e-01 1.906848900484131972e-03 -3.925039999999999779e-02 1.539827106975682168e-02 -1.936633662254997690e-03 9.998795640966569032e-01 2.257773199999999925e+00
9.998927003591585594e-01 6.187885678979439469e-04 -1.463573944760364516e-02 -1.840270000000000100e-02 -5.671777985712587967e-04 9.999936078372365644e-01 3.530239936867878969e-03 -4.005840000000000095e-02 1.463783036568980407e-02 -3.521560076910214710e-03 9.998866598454096977e-01 2.317333899999999947e+00
9.999096775779460211e-01 6.835746388706863321e-05 -1.343994096807078591e-02 -1.920559999999999976e-02 2.355873864037412243e-05 9.999766151576702233e-01 6.838755939103394188e-03 -4.104900000000000215e-02 1.344009415718246635e-02 -6.838454874159747079e-03 9.998862932373762114e-01 2.376554000000000055e+00
9.999363050023596378e-01 8.497658142659924620e-04 -1.125450293388342501e-02 -2.059280000000000138e-02 -7.425907084635311167e-04 9.999543735492988361e-01 9.523622140179967277e-03 -4.153430000000000316e-02 1.126208227938285678e-02 -9.514658043783142533e-03 9.998913124860332458e-01 2.435929100000000069e+00
9.999633384010467863e-01 6.160317825115797959e-04 -8.540629875877926713e-03 -2.190699999999999939e-02 -4.967309777529399419e-04 9.999023792667105504e-01 1.396370993350609831e-02 -4.222370000000000290e-02 8.548398222447503580e-03 -1.395895560614374316e-02 9.998660272487590595e-01 2.554778799999999794e+00
9.999721451115045623e-01 -1.133800116396848235e-03 -7.377228367888464915e-03 -2.196029999999999857e-02 1.226536834638035627e-03 9.999201376123828533e-01 1.257831485639081780e-02 -4.248600000000000293e-02 7.362377909968757274e-03 -1.258701293116378482e-02 9.998936755960512457e-01 2.613305800000000012e+00
9.999799320635667232e-01 9.461541746799324057e-05 -6.334549555189801333e-03 -2.236650000000000096e-02 -2.618221396850616283e-05 9.999416522534667617e-01 1.080237951095258490e-02 -4.268609999999999766e-02 6.335202020145028722e-03 -1.080199687695538278e-02 9.999215879651934813e-01 2.671428199999999809e+00
9.999803350790733569e-01 -4.539477938061373683e-04 -6.254869026981706506e-03 -2.279199999999999976e-02 5.152357757856016211e-04 9.999518429819505005e-01 9.800318826236864220e-03 -4.336829999999999852e-02 6.250118978031309405e-03 -9.803348836037643552e-03 9.999324128981715853e-01 2.788208200000000136e+00
9.999723800188164979e-01 -1.331389875247456205e-03 -7.312085920168415708e-03 -2.317610000000000156e-02 1.395764802243860177e-03 9.999602534377631802e-01 8.805872205599600891e-03 -4.379279999999999978e-02 7.300071240793049553e-03 -8.815834939733332640e-03 9.999344928615048200e-01 2.846328499999999817e+00
9.999585433382759403e-01 -3.068310357661179627e-04 -9.100409853888286743e-03 -2.382770000000000027e-02 3.903543968577664674e-04 9.999578085465916644e-01 9.177622248862787879e-03 -4.422249999999999792e-02 9.097209915029449978e-03 -9.180794160281457311e-03 9.999164734068283211e-01 2.904138999999999804e+00
9.999467307991281029e-01 -1.258504298850305096e-03 -1.024459521238803121e-02 -2.478309999999999888e-02 1.362626783217482001e-03 9.999474267186837517e-01 1.016302351331458374e-02 -4.455329999999999707e-02 1.023126641162113749e-02 -1.017644169699320929e-02 9.998958751900129949e-01 2.962730200000000202e+00
9.999312524880116237e-01 -1.157953184877724652e-03 -1.166830931104222147e-02 -2.540030000000000066e-02 1.285568104311424686e-03 9.999393811731892567e-01 1.093532320640967608e-02 -4.517680000000000307e-02 1.165493939948639146e-02 -1.094957183642796157e-02 9.998721264562751010e-01 3.020789100000000005e+00
9.999195265004789945e-01 2.170974677663325839e-04 -1.268437589113228375e-02 -2.626749999999999918e-02 -8.329230303470899473e-05 9.999443606804493401e-01 1.054839351559184145e-02 -4.560120000000000146e-02 1.268596017061001530e-02 -1.054648813857078475e-02 9.998639097409670606e-01 3.078841900000000020e+00
9.999093098788491840e-01 4.255431692998892269e-04 -1.346071805716733683e-02 -2.696809999999999832e-02 -2.896314950406811287e-04 9.999489795308541540e-01 1.009724956612344411e-02 -4.574860000000000038e-02 1.346432810059860000e-02 -1.009243519744178370e-02 9.998584172874601661e-01 3.136853900000000195e+00
9.999020569093378663e-01 -4.035369908024445044e-04 -1.398977292069115801e-02 -2.771679999999999977e-02 5.388289322479722712e-04 9.999531151913929605e-01 9.668354689953207945e-03 -4.630449999999999844e-02 1.398521547410771886e-02 -9.674945835818503717e-03 9.998553941301796533e-01 3.194672600000000084e+00
9.998940856331954841e-01 -1.879402105455849200e-03 -1.443209490967892715e-02 -2.865130000000000107e-02 2.013253128424573931e-03 9.999550465584927661e-01 9.265617844665440320e-03 -4.717539999999999928e-02 1.441403231565896621e-02 -9.293691942845001483e-03 9.998529206650719203e-01 3.252418000000000031e+00
9.998879318354718659e-01 -2.358558459240812661e-03 -1.478380775636447403e-02 -2.967919999999999933e-02 2.509241715083538552e-03 9.999450117045048936e-01 1.018220375424280441e-02 -4.748530000000000112e-02 1.475897949717673921e-02 -1.021815880048726130e-02 9.998388678956874331e-01 3.309989900000000151e+00
9.998835468683574534e-01 -2.112487873032279848e-03 -1.511390409323669706e-02 -3.069159999999999944e-02 2.290907249786883031e-03 9.999277836463784652e-01 1.179742497387634148e-02 -4.790200000000000014e-02 1.508789070500377721e-02 -1.183067567925259397e-02 9.998161784383398087e-01 3.367758799999999830e+00
9.998778692188707851e-01 -1.352100223008148149e-03 -1.556979355411571182e-02 -3.202590000000000298e-02 1.510175667785873792e-03 9.999473935013328818e-01 1.014542258080233968e-02 -4.829309999999999853e-02 1.555525685365784401e-02 -1.016769663579553291e-02 9.998273110539336317e-01 3.424612999999999907e+00
9.998648027337281308e-01 2.141281396836402368e-03 -1.630310302434380063e-02 -3.397499999999999826e-02 -1.990134492467098525e-03 9.999549442724353643e-01 9.281637237708268567e-03 -4.927859999999999879e-02 1.632224307332476657e-02 -9.247937018064211062e-03 9.998240145355407060e-01 3.538641000000000147e+00
9.998584935163169485e-01 4.452422951059389379e-03 -1.622248048684333394e-02 -3.540370000000000322e-02 -4.307179825491368359e-03 9.999504281152805651e-01 8.977166257686262918e-03 -4.939679999999999765e-02 1.626164644899197320e-02 -8.906022789783342442e-03 9.998281060326499325e-01 3.594891099999999895e+00
9.998663865661578942e-01 5.897653238084741255e-03 -1.524554693730881781e-02 -3.771019999999999928e-02 -5.730985529520939321e-03 9.999235920699107716e-01 1.095289125605300624e-02 -5.099279999999999785e-02 1.530897841120691140e-02 -1.086405579375443638e-02 9.998237882105602825e-01 3.708975999999999829e+00
9.998785863847886590e-01 7.890984861086343047e-03 -1.343669777433416541e-02 -3.860229999999999911e-02 -7.740296930956834867e-03 9.999069834604383811e-01 1.122997018995389867e-02 -5.107020000000000309e-02 1.352406346396343821e-02 -1.112460268812954720e-02 9.998466597046039572e-01 3.765664099999999959e+00
9.999550148256565185e-01 4.171669019402269966e-03 -8.518538760471589324e-03 -3.984660000000000285e-02 -4.138221791697299819e-03 9.999836745911316882e-01 3.940262887232421143e-03 -5.218849999999999878e-02 8.534837164458330613e-03 -3.904834031087477900e-03 9.999559534428333896e-01 3.877210600000000174e+00
9.999691620896496991e-01 4.656198450269845128e-03 -6.324135175310247915e-03 -4.028670000000000168e-02 -4.634916599187494969e-03 9.999835610405287678e-01 3.375677238944511417e-03 -5.279919999999999752e-02 6.339749036236995601e-03 -3.346261301012893978e-03 9.999743047286079323e-01 3.932769099999999796e+00
9.999871969612509348e-01 4.063022203010307684e-03 -3.016250015835746177e-03 -4.104959999999999859e-02 -4.041300456001832922e-03 9.999661068877616632e-01 7.173072309544722275e-03 -5.363989999999999730e-02 3.045292137792898843e-03 -7.160790899857581021e-03 9.999697241764292643e-01 3.987961799999999890e+00
9.999901634870503875e-01 4.427324741225758566e-03 2.678148201051775692e-04 -4.148940000000000267e-02 -4.429378350100069035e-03 9.999563479376614161e-01 8.226957311562555289e-03 -5.426720000000000155e-02 -2.313797177854661098e-04 -8.228062640156434335e-03 9.999661221504535513e-01 4.043115600000000143e+00
9.999633280008194403e-01 3.638130083173199067e-03 7.752848703764911482e-03 -4.166079999999999783e-02 -3.664992194886488620e-03 9.999873207831068145e-01 3.453419354092386595e-03 -5.548550000000000010e-02 -7.740186414872719974e-03 -3.481706840288097127e-03 9.999639829672573033e-01 4.152254600000000018e+00
9.999368262417127617e-01 2.293021852554715748e-03 1.100388915040632042e-02 -4.112760000000000027e-02 -2.291705750222481578e-03 9.999973652990155060e-01 -1.322111255889645465e-04 -5.637350000000000000e-02 -1.100416332144887009e-02 1.069850972744767424e-04 9.999394466385371771e-01 4.206200100000000219e+00
9.998363362225254347e-01 1.420157828520203199e-03 1.803562920608165962e-02 -3.958149999999999863e-02 -1.434525146912095850e-03 9.999986639788296383e-01 7.836951950434259059e-04 -5.829320000000000335e-02 -1.803449213923280156e-02 -8.094394961639227865e-04 9.998370376721309460e-01 4.312092800000000281e+00
9.997512338394506370e-01 2.382818479832528400e-03 2.217639764678136158e-02 -3.902640000000000275e-02 -2.412082192699571432e-03 9.999962550851235754e-01 1.292932799550984124e-03 -5.927770000000000261e-02 -2.217323377389195452e-02 -1.346102455484617533e-03 9.997532374102059416e-01 4.364734600000000242e+00
9.995748526816169433e-01 2.004444544270738478e-03 2.908773089453253399e-02 -3.626519999999999744e-02 -1.911134263436069279e-03 9.999929400517747480e-01 -3.235338071173687966e-03 -6.106779999999999847e-02 -2.909401059240406331e-02 3.178372016710516706e-03 9.995716264975573750e-01 4.468865400000000321e+00
9.994772940143723527e-01 1.412807413870471396e-03 3.229772011952449645e-02 -3.488610000000000322e-02 -1.288434688469174009e-03 9.999916764186492779e-01 -3.871308496231061404e-03 -6.188199999999999951e-02 -3.230292070016849842e-02 3.827671437147405886e-03 9.994707950938875873e-01 4.520820099999999897e+00
9.993845872066757785e-01 4.328260057763815222e-04 3.507505545812957676e-02 -3.300209999999999949e-02 -3.394544256431944029e-04 9.999963833678666703e-01 -2.667962121079081941e-03 -6.283790000000000209e-02 -3.507608336794535570e-02 2.654413840252722867e-03 9.993811197249673484e-01 4.573037099999999633e+00
9.991887083783569379e-01 -7.187262222787630392e-04 4.026671679946327437e-02 -2.905850000000000100e-02 7.061845886737221816e-04 9.999996976156736439e-01 3.256867943550725494e-04 -6.446190000000000253e-02 -4.026693870307859052e-02 -2.969868325472623102e-04 9.991889137927341125e-01 4.676914199999999688e+00
9.990873171041845247e-01 -2.625435853171176250e-03 4.263378810454800105e-02 -2.706479999999999997e-02 2.570577068292964704e-03 9.999957962265707545e-01 1.341515084774676366e-03 -6.535290000000000543e-02 -4.263713094356351430e-02 -1.230697268866311591e-03 9.990898660526658093e-01 4.728058800000000339e+00
9.988704134670537416e-01 -4.685619693789432397e-03 4.728574910310982121e-02 -2.257479999999999903e-02 4.895250060251829863e-03 9.999786935816094013e-01 -4.318438336406067030e-03 -6.737279999999999658e-02 -4.726450705344003439e-02 4.545035852763956025e-03 9.988720683961946900e-01 4.831342700000000434e+00
9.986885940879316470e-01 -3.970506316781982972e-03 5.104240509869008291e-02 -1.760470000000000090e-02 4.394677172822799086e-03 9.999567173634901218e-01 -8.200622670250247090e-03 -6.940159999999999385e-02 -5.100763522470982969e-02 8.414183217731028078e-03 9.986628173060021485e-01 4.935430000000000206e+00
9.986989753191477526e-01 -3.926984243338937225e-03 5.084226087849522818e-02 -1.287349999999999953e-02 4.226727335693672080e-03 9.999743086275354464e-01 -5.789374829141820215e-03 -7.177369999999999584e-02 -5.081821988730123724e-02 5.996739083466006738e-03 9.986899156634410080e-01 5.039194099999999565e+00
9.988355965153211669e-01 -4.255142019783239235e-03 4.805564379210999076e-02 -8.793600000000000375e-03 4.425915910712110643e-03 9.999842617719485460e-01 -3.447822031722406946e-03 -7.395050000000000234e-02 -4.804021650902490920e-02 3.656497614193129821e-03 9.988387095136849192e-01 5.144677599999999629e+00
9.991000606145643559e-01 -3.264513977976941320e-03 4.228961844781310708e-02 -4.279200000000000365e-03 3.406375166326260171e-03 9.999888095563363999e-01 -3.282890544558951431e-03 -7.561260000000000203e-02 -4.227842816614943433e-02 3.423990448133871611e-03 9.991000004009663593e-01 5.251218800000000186e+00
9.992579238489385229e-01 -1.759078816601866062e-03 3.847736044515059212e-02 -2.638099999999999994e-03 1.900635750971363348e-03 9.999915591354741062e-01 -3.642697015369014951e-03 -7.652660000000000018e-02 -3.847062787180872273e-02 3.713125303653431238e-03 9.992528326162645191e-01 5.304575899999999677e+00
9.995248180574104468e-01 -8.847010981956251324e-04 3.081161130592738329e-02 -1.760000000000000090e-05 9.578786592452353393e-04 9.999967556735492868e-01 -2.360320073644715713e-03 -7.848950000000000371e-02 -3.080942316524058755e-02 2.388712277093894571e-03 9.995224227089067881e-01 5.411658799999999658e+00
9.996509971623246393e-01 -5.152307423679693826e-04 2.641246693612935362e-02 1.301700000000000036e-03 5.526757953783049699e-04 9.999988526271331724e-01 -1.410423299016055681e-03 -7.954279999999999684e-02 -2.641170993773804196e-02 1.424528588454203977e-03 9.996501349454546270e-01 5.465867000000000253e+00
9.998492081861463099e-01 -3.325969241437051358e-04 1.736232325531821344e-02 2.793799999999999929e-03 3.509771827992332538e-04 9.999993812694478734e-01 -1.055592600591467997e-03 -8.109130000000000504e-02 -1.736196142586625760e-02 1.061527205171535404e-03 9.998487062828251837e-01 5.572800599999999882e+00
9.999259692678229561e-01 5.694743335523458350e-04 1.215449228837960603e-02 3.424799999999999980e-03 -5.573047459254082490e-04 9.999993400894118256e-01 -1.004605475364510120e-03 -8.202489999999999781e-02 -1.215505636453501591e-02 9.977573474489922611e-04 9.999256267768371620e-01 5.627028900000000000e+00
9.999949552332392244e-01 1.774591374088050960e-03 2.634451276229724317e-03 3.483800000000000004e-03 -1.769402278480446166e-03 9.999964927090393418e-01 -1.970732147512152012e-03 -8.391170000000000573e-02 -2.637939280712190207e-03 1.966060801537413208e-03 9.999945879259927173e-01 5.734417399999999887e+00
9.999790482347263865e-01 5.592422265740626224e-03 -3.260046743903405840e-03 2.912099999999999932e-03 -5.598315118357601906e-03 9.999827069735294227e-01 -1.801283355812439719e-03 -8.615140000000000298e-02 3.249916830682814464e-03 1.819496384719324414e-03 9.999930637126936972e-01 5.843563099999999899e+00
9.999471703918604293e-01 9.044980489667805643e-03 -4.883108974134790781e-03 1.084700000000000074e-03 -9.053573517259312295e-03 9.999575008000863852e-01 -1.740517225683714140e-03 -8.815330000000000388e-02 4.867158501562059147e-03 1.784634860930839209e-03 9.999865628329882572e-01 5.952847499999999847e+00
9.999236490239413744e-01 1.042262853966947032e-02 -6.638142584320942848e-03 6.480000000000000300e-05 -1.042577258160893618e-02 9.999455537008409278e-01 -4.392038196161636107e-04 -9.029790000000000039e-02 6.633203503758873000e-03 5.083780509242711784e-04 9.999778708366676705e-01 6.063060799999999695e+00
9.998575694005295000e-01 1.487945823281830275e-02 -7.965088521997393603e-03 -1.995900000000000105e-03 -1.484220223425942488e-02 9.998787255752110692e-01 4.716267054467102385e-03 -9.161560000000000537e-02 8.034298059120254312e-03 -4.597375859066008333e-03 9.999571561771573025e-01 6.173023699999999891e+00
9.998698693375687174e-01 1.347379241094337141e-02 -8.871375820011085864e-03 -3.675599999999999788e-03 -1.345091034538301381e-02 9.999060632480332167e-01 2.633949638954539464e-03 -9.293500000000000372e-02 8.906031762437231422e-03 -2.514278800548043653e-03 9.999571795833857024e-01 6.283857799999999827e+00
9.999075828033192614e-01 8.493043374299291681e-03 -1.061574616621901307e-02 -5.077299999999999869e-03 -8.435303391936863071e-03 9.999494497150321903e-01 5.472081074912927591e-03 -9.425540000000000307e-02 1.066168415914208259e-02 -5.382028320876125656e-03 9.999286785876501105e-01 6.395328499999999750e+00
9.999276624920632184e-01 5.017983386541646947e-03 -1.093113104352573528e-02 -5.573999999999999962e-03 -4.940573961617524511e-03 9.999626103402716737e-01 7.097087458930988017e-03 -9.470420000000000227e-02 1.096633539921731959e-02 -7.042568011905927551e-03 9.999150672550691787e-01 6.450897699999999624e+00
9.999393953610811181e-01 -7.885972369511736737e-04 -1.098106184817084982e-02 -6.856300000000000068e-03 8.601689169292048949e-04 9.999784102007577280e-01 6.514540797286953559e-03 -9.586600000000000676e-02 1.097568742037733497e-02 -6.523591553970886116e-03 9.999184851971120169e-01 6.562878600000000340e+00
9.999296264755140884e-01 -4.223336395020030852e-03 -1.108627648191670700e-02 -8.085999999999999438e-03 4.283283160306509095e-03 9.999763050902105155e-01 5.389131980107124929e-03 -9.727260000000000073e-02 1.106325367636641285e-02 -5.436238389261260733e-03 9.999240229788799450e-01 6.675211400000000239e+00
9.999299156169481062e-01 -5.170096781553868391e-03 -1.065053771188842827e-02 -8.868799999999999600e-03 5.229680780612329556e-03 9.999707887947356655e-01 5.574226059914967786e-03 -9.791560000000000541e-02 1.062140730863313232e-02 -5.629534306095617009e-03 9.999277444147055549e-01 6.731207399999999730e+00
9.999580454389472850e-01 -1.381648081709228437e-03 -9.055297372178234758e-03 -1.086480000000000085e-02 1.466690508827502796e-03 9.999548227482383256e-01 9.391553731443335121e-03 -9.923210000000000364e-02 9.041912456531757750e-03 -9.404441031639313928e-03 9.999148965327053773e-01 6.842454400000000270e+00
9.999665881301920134e-01 -1.131801108717543853e-03 -8.095779734728884500e-03 -1.217140000000000062e-02 1.177770315006791560e-03 9.999831997459435184e-01 5.675657050040235595e-03 -1.000544000000000017e-01 8.089220008630619921e-03 -5.685002384774202715e-03 9.999511214392117209e-01 6.953795000000000393e+00
9.999692700691538150e-01 -2.563655651118094524e-03 -7.408548242815470031e-03 -1.321899999999999985e-02 2.557904320263224961e-03 9.999964199088740013e-01 -7.856811842374637062e-04 -1.019265000000000032e-01 7.410535935545596933e-03 7.667066827518288427e-04 9.999722476739094645e-01 7.063969099999999557e+00
9.999773385891228550e-01 -2.532700685430011936e-03 -6.237606548416886262e-03 -1.511559999999999987e-02 2.501254654881902677e-03 9.999841507014149977e-01 -5.044013394231643826e-03 -1.043409000000000003e-01 6.250282662909133202e-03 5.028297247357097627e-03 9.999678245790840636e-01 7.174888600000000061e+00
9.999753158636829342e-01 -2.666636878331643534e-03 -6.500516216935946223e-03 -1.547330000000000060e-02 2.634113892313902014e-03 9.999839976877145098e-01 -5.006576924347027301e-03 -1.054703000000000029e-01 6.513762916306092832e-03 4.989330241245502028e-03 9.999663381716475952e-01 7.229537999999999798e+00
9.999766373855789592e-01 -1.726440538814386647e-03 -6.613931213448260779e-03 -1.692410000000000095e-02 1.703134141014331750e-03 9.999923267839283536e-01 -3.527847412075571336e-03 -1.077603000000000033e-01 6.619971082111935842e-03 3.516500580280803104e-03 9.999719047085977586e-01 7.339412199999999942e+00
9.999756231052969735e-01 -7.621690903496359084e-04 -6.940626301040015052e-03 -1.749269999999999992e-02 7.414200506067311668e-04 9.999952503379846425e-01 -2.991587835916187377e-03 -1.089717000000000047e-01 6.942873431190511695e-03 2.986368990791157113e-03 9.999714386465091698e-01 7.393919900000000212e+00
9.999692121036636294e-01 -9.440011794792434012e-04 -7.789974746514267794e-03 -1.787170000000000078e-02 9.179819099690436981e-04 9.999939908232113872e-01 -3.342996661671994527e-03 -1.101180999999999965e-01 7.793083727970451409e-03 3.335742681940906135e-03 9.999640696878906443e-01 7.448806799999999839e+00
9.999650274456085564e-01 -3.272750652972685414e-04 -8.356840116630064041e-03 -1.862199999999999966e-02 3.019187133844722956e-04 9.999953479353625996e-01 -3.035284619863301819e-03 -1.113704999999999973e-01 8.357794613041837767e-03 3.032655381790867136e-03 9.999604743541323781e-01 7.503065600000000224e+00
9.999599743929065143e-01 -6.231750422338349282e-04 -8.925315961047531124e-03 -1.936469999999999858e-02 6.060121283560467769e-04 9.999979625533721439e-01 -1.925522891318024203e-03 -1.122405999999999959e-01 8.926497714001743397e-03 1.920036971373522165e-03 9.999583146794622790e-01 7.557427399999999906e+00
9.999540244166268410e-01 9.259616556712578408e-04 -9.544194465967799704e-03 -2.018980000000000080e-02 -9.404163927887289678e-04 9.999984175622389504e-01 -1.510129142200652757e-03 -1.135041999999999995e-01 9.542781041193290278e-03 1.519035230064130900e-03 9.999533128411394189e-01 7.611839800000000267e+00
9.999409878688914066e-01 1.722747872981429717e-03 -1.072627239779831015e-02 -2.187419999999999989e-02 -1.765193795180648945e-03 9.999906447669405507e-01 -3.948983345611738541e-03 -1.155237000000000069e-01 1.071936894836107712e-02 3.967684257170813258e-03 9.999346741717601850e-01 7.720357400000000148e+00
9.999247934916997149e-01 1.364306915440043457e-03 -1.218794598044370923e-02 -2.357920000000000155e-02 -1.420433467604665734e-03 9.999884220708346039e-01 -4.597618192761103451e-03 -1.181646999999999975e-01 1.218153230697354046e-02 4.614584588322307238e-03 9.999151543404727338e-01 7.829104400000000297e+00
9.999056501779952644e-01 2.318054561243171243e-03 -1.353947433143706455e-02 -2.557349999999999901e-02 -2.389817828241675140e-03 9.999831705587047814e-01 -5.286527225709965541e-03 -1.208348000000000061e-01 1.352699201109994198e-02 5.318385319949485435e-03 9.998943620526721254e-01 7.937511899999999621e+00
9.998835909602533656e-01 2.431276475895033026e-03 -1.506298188030684784e-02 -2.761320000000000094e-02 -2.488171635524521856e-03 9.999898372940975166e-01 -3.759562532602018191e-03 -1.229449999999999987e-01 1.505368826370681243e-02 3.796604169798730062e-03 9.998794788705471781e-01 8.046420100000000630e+00
9.998609988345533717e-01 3.250069052182304012e-03 -1.635298323625444111e-02 -2.995139999999999955e-02 -3.297696375220701866e-03 9.999903970951060650e-01 -2.886332653868136418e-03 -1.254680999999999991e-01 1.634344541967905351e-02 2.939858623807623233e-03 9.998621150054071149e-01 8.155145600000000883e+00
9.998237484263072794e-01 4.152608990480641422e-03 -1.830923049557828600e-02 -3.319910000000000222e-02 -4.221406956124552391e-03 9.999841686385363415e-01 -3.720510127123759659e-03 -1.291210000000000135e-01 1.829349081172912048e-02 3.797145094334237071e-03 9.998254497076245473e-01 8.318126700000000540e+00
9.998187642614523307e-01 4.084091918123026153e-03 -1.859459125408812613e-02 -3.451860000000000345e-02 -4.180305416122139829e-03 9.999780609732652481e-01 -5.138347864486737977e-03 -1.301527000000000100e-01 1.857319782186762913e-02 5.215147682746644649e-03 9.998139019624185941e-01 8.371995000000000076e+00
9.998251706140096617e-01 -1.727636225013393339e-04 -1.869754955595235094e-02 -3.698359999999999842e-02 6.082512352396409594e-05 9.999820746859745535e-01 -5.987203607573820217e-03 -1.329310999999999965e-01 1.869824876748895151e-02 5.985019587681972807e-03 9.998072589422244416e-01 8.480827299999999624e+00
9.998130257443748059e-01 -6.192445955803218454e-04 -1.932692650187799524e-02 -3.922359999999999736e-02 6.578951344245505132e-04 9.999977964947558418e-01 1.993534455473824820e-03 -1.350146999999999875e-01 1.932564942945643946e-02 -2.005876806761915706e-03 9.998112300491357463e-01 8.589806599999999293e+00
9.998143772647194449e-01 -6.103381571779179892e-05 -1.926674050363474597e-02 -4.076799999999999868e-02 8.055960409083228748e-05 9.999994840038329835e-01 1.012670833891711345e-03 -1.357144999999999879e-01 1.926666875490544092e-02 -1.014034980148679045e-03 9.998138662811931754e-01 8.644270900000000424e+00
9.998073042498814011e-01 1.852366745825146039e-03 -1.954285306766054969e-02 -4.338480000000000114e-02 -1.927444099186657748e-03 9.999908326999559227e-01 -3.823542244218632383e-03 -1.378958000000000128e-01 1.953559130995831394e-02 3.860473220704306076e-03 9.998017090496907899e-01 8.751462899999999934e+00
9.998079592658708492e-01 2.134690000923049683e-03 -1.948044371195273294e-02 -4.460360000000000019e-02 -2.206694050404398033e-03 9.999908106489222570e-01 -3.675475354179898613e-03 -1.389994999999999981e-01 1.947241869882910398e-02 3.717756892433012484e-03 9.998034822872473582e-01 8.804911600000000504e+00
9.998117845900310607e-01 1.964359121244478156e-03 -1.930120949941352762e-02 -4.706620000000000248e-02 -1.966656059443265634e-03 9.999980611276522158e-01 -1.000243981565615434e-04 -1.414914999999999923e-01 1.930097559299328094e-02 1.379644126400611406e-04 9.998137093013775845e-01 8.911534299999999575e+00
9.998515420930460529e-01 1.155198488028775670e-03 -1.719183790672272616e-02 -4.942970000000000003e-02 -1.151515833262723018e-03 9.999993118934288328e-01 2.241070162315647856e-04 -1.436054999999999970e-01 1.719208496499239486e-02 -2.042770722205238822e-04 9.998521843179791757e-01 9.018009199999999836e+00
9.998946844275030665e-01 -8.304654105749811161e-05 -1.451251724877725136e-02 -5.148699999999999805e-02 4.295002332612331416e-05 9.999961814834531504e-01 -2.763181826809380046e-03 -1.457788999999999890e-01 1.451269130518302933e-02 2.762267507779021195e-03 9.998908698799564565e-01 9.122691200000000222e+00
9.999137190301707889e-01 -1.114439674443252169e-03 -1.308864085628148009e-02 -5.243670000000000275e-02 1.069910010665505243e-03 9.999936181085152809e-01 -3.408670534085056492e-03 -1.469417000000000084e-01 1.309235608367614358e-02 3.394372762807406317e-03 9.999085300394857656e-01 9.175450299999999615e+00
9.999434095469366124e-01 -9.941055159369517006e-04 -1.059195250511416053e-02 -5.382379999999999803e-02 9.834663079398228442e-04 9.999990067275479344e-01 -1.009622671389517065e-03 -1.491767999999999983e-01 1.059294565588616774e-02 9.991487079610416201e-04 9.999433939999757825e-01 9.280118899999999726e+00
9.999599275860878711e-01 3.139049814977436974e-04 -8.946769567191276834e-03 -5.510219999999999702e-02 -3.172886610138913981e-04 9.999998786807087203e-01 -3.767843858062004257e-04 -1.504597000000000018e-01 8.946650207279877726e-03 3.796079956827107184e-04 9.999599058701494902e-01 9.331539199999999923e+00
9.999687573649611583e-01 2.155117227995560108e-04 -7.901762377635070458e-03 -5.568120000000000014e-02 -2.172848866593256746e-04 9.999999514078415919e-01 -2.235432673267427031e-04 -1.514666000000000068e-01 7.901713817476721177e-03 2.252532167886595808e-04 9.999687556017612389e-01 9.382919299999999296e+00
9.999780815535926903e-01 5.295986457925103358e-04 -6.599692240609878260e-03 -5.647560000000000080e-02 -5.327954919752405727e-04 9.999997415916046517e-01 -4.826444733936704643e-04 -1.522219999999999962e-01 6.599434927334488221e-03 4.861501808508674567e-04 9.999781053186321822e-01 9.433916099999999361e+00
9.999842065427526627e-01 2.314710376540195984e-04 -5.615432861341936206e-03 -5.691090000000000038e-02 -2.341271219797148113e-04 9.999998610375734343e-01 -4.723444977929947886e-04 -1.531521999999999883e-01 5.615322746936725860e-03 4.736517629748591908e-04 9.999841217761685774e-01 9.484933899999999696e+00
9.999910189250073023e-01 6.787789102889742968e-04 -4.183458917765650945e-03 -5.753489999999999993e-02 -6.796181004123877118e-04 9.999997492234751206e-01 -1.991788757778962442e-04 -1.553961000000000092e-01 4.183322670232109131e-03 2.020202413403210937e-04 9.999912294611682517e-01 9.585948000000000135e+00
9.999931824830290417e-01 -4.777762408670765699e-04 -3.661518445535725825e-03 -5.801139999999999769e-02 4.766221045858546300e-04 9.999998364645654725e-01 -3.160731113001804919e-04 -1.564085000000000059e-01 3.661668858970671802e-03 3.143257958388889946e-04 9.999932466674268383e-01 9.635177600000000453e+00
9.999943248585859701e-01 -3.512148038892767355e-04 -3.350656470337926626e-03 -5.851979999999999682e-02 3.523841632097332371e-04 9.999998772178883000e-01 3.484101171600603600e-04 -1.572973000000000010e-01 3.350533692146278383e-03 -3.495888581598787306e-04 9.999943258397059331e-01 9.684181199999999379e+00
9.999899238569655013e-01 -1.103075097781294582e-03 -4.351483639960265944e-03 -5.938140000000000085e-02 1.110118719932358736e-03 9.999980771375148736e-01 1.616588290297391126e-03 -1.595519999999999994e-01 4.349692054369229226e-03 -1.621402664770749819e-03 9.999892255581710465e-01 9.780080800000000352e+00
9.999890215771259916e-01 -6.138572371318285923e-04 -4.645417582376741225e-03 -5.994719999999999910e-02 6.173392789484312545e-04 9.999995295682539975e-01 7.481680863435376900e-04 -1.608108000000000037e-01 4.644956128630443534e-03 -7.510276713786238423e-04 9.999889301087286908e-01 9.826929099999999195e+00
9.999831846014594072e-01 -1.020305692957939724e-03 -5.708720576153697261e-03 -6.089340000000000031e-02 1.019685717284552276e-03 9.999994739030256818e-01 -1.115110306906802050e-04 -1.626968000000000025e-01 5.708831348152515646e-03 1.056880547527850917e-04 9.999836989044739166e-01 9.918969199999999375e+00
9.999767714063138024e-01 -1.212707021023103548e-03 -6.707159569154665102e-03 -6.147799999999999793e-02 1.210478822836510157e-03 9.999992108343330743e-01 -3.362614020638616131e-04 -1.634579999999999922e-01 6.707562062657792396e-03 3.281347165645337287e-04 9.999774502151452804e-01 9.964181899999999814e+00
9.999431024658509415e-01 -2.407842190962175642e-03 -1.039202227442537381e-02 -6.268970000000000098e-02 2.431685864778955746e-03 9.999944387712894622e-01 2.282395747624927675e-03 -1.654040999999999983e-01 1.038646883323513827e-02 -2.307536018606123375e-03 9.999433966693810349e-01 1.005335999999999963e+01
9.998827506289134082e-01 -2.161280718779702657e-03 -1.515961280550859325e-02 -6.406699999999999895e-02 2.220582329867047764e-03 9.999899447581146461e-01 3.896074534612755345e-03 -1.670312999999999937e-01 1.515103986116435666e-02 -3.929280890647404191e-03 9.998774958677727476e-01 1.014003750000000004e+01
9.997902036842716278e-01 -1.480496576157309344e-03 -2.042931097346886021e-02 -6.615690000000000459e-02 1.550939796468986127e-03 9.999929054444246512e-01 3.432731647815938977e-03 -1.684817000000000120e-01 2.042408388913533046e-02 -3.463696104766536641e-03 9.997854067781662968e-01 1.022318459999999973e+01
