1.000000000000000000e+00 0.000000000000000000e+00 0.000000000000000000e+00 0.000000000000000000e+00 0.000000000000000000e+00 1.000000000000000000e+00 0.000000000000000000e+00 0.000000000000000000e+00 0.000000000000000000e+00 0.000000000000000000e+00 1.000000000000000000e+00 0.000000000000000000e+00
9.999988165829851727e-01 -1.525421816449672738e-03 1.998021800082546220e-04 -1.285000000000000064e-04 1.524570596838986701e-03 9.999900457242549834e-01 4.193344357141945249e-03 2.712999999999999808e-04 -2.061968100885308314e-04 -4.193034782138058310e-03 9.999911879322693764e-01 6.388829999999999509e-02
9.999923711105936919e-01 -3.889627641050121074e-03 -3.584932726362380058e-04 -2.523000000000000069e-04 3.893057652118048478e-03 9.999411808172847804e-01 1.012319158424711436e-02 6.524000000000000285e-04 3.190967405531991083e-04 -1.012450999051634805e-02 9.999486949212554876e-01 1.277947000000000111e-01
9.999702433518413702e-01 -7.516062485325035805e-03 -1.738164427133223264e-03 -1.133000000000000028e-04 7.533233825601996780e-03 9.999206877307512675e-01 1.009299936541478530e-02 1.234199999999999967e-03 1.662166955473376277e-03 -1.010579303064074348e-02 9.999475536988097213e-01 1.912664000000000031e-01
9.999427719148269444e-01 -1.037503672743686489e-02 -2.609886625253885623e-03 -4.889999999999999599e-04 1.039412320130133488e-02 9.999185304681418307e-01 7.409090990655504798e-03 1.719800000000000061e-03 2.532804407867350616e-03 -7.435794465689554537e-03 9.999691464552771247e-01 2.537074000000000273e-01
9.999357889573677882e-01 -1.095039791080382532e-02 -2.916632956273930433e-03 -1.111100000000000065e-03 1.096280106043857200e-02 9.999307850754896032e-01 4.271071437509731117e-03 1.937099999999999976e-03 2.869661149997836981e-03 -4.302771654425521092e-03 9.999866255110485547e-01 3.157157999999999909e-01
9.999356929577002395e-01 -1.075465603771836275e-02 -3.598238835053150890e-03 -1.601100000000000049e-03 1.076736291222650001e-02 9.999357963339894351e-01 3.530878902873433884e-03 2.353099999999999897e-03 3.560034426817518943e-03 -3.569395385876355988e-03 9.999872927049918703e-01 3.779500000000000082e-01
9.999341116185324063e-01 -1.035668220700467976e-02 -4.950914594244039228e-03 -1.679399999999999947e-03 1.038290226512446693e-02 9.999320505447046870e-01 5.299965472993843976e-03 2.879000000000000049e-03 4.895688124182252625e-03 -5.351021129202007676e-03 9.999736990594630948e-01 4.400232000000000032e-01
9.999350923809503522e-01 -1.004641564753917110e-02 -5.374063428838403260e-03 -2.513399999999999836e-03 1.009068523742013418e-02 9.999148480215068746e-01 8.274948795382271183e-03 3.237400000000000087e-03 5.290472241644376440e-03 -8.328639670664543526e-03 9.999513211475330454e-01 5.017312000000000438e-01
9.999328821834599923e-01 -1.003262506328044326e-02 -5.794614967220531113e-03 -3.372399999999999790e-03 1.008879634407410658e-02 9.999015991463565678e-01 9.747215647899057367e-03 3.731100000000000215e-03 5.696254612154909650e-03 -9.805022126364037333e-03 9.999357050453268059e-01 5.634360000000000479e-01
9.999184370070839378e-01 -1.111040167681206538e-02 -6.299071986418549110e-03 -4.044299999999999805e-03 1.117524358365076277e-02 9.998839488823733079e-01 1.035387358613256217e-02 4.440600000000000276e-03 6.183305277621646209e-03 -1.042342275701377968e-02 9.999265567999843229e-01 6.249422000000000033e-01
9.999106087748683702e-01 -1.128373474477141133e-02 -7.172990288697659277e-03 -4.443299999999999854e-03 1.135943840261255736e-02 9.998792694353481059e-01 1.060234467520195824e-02 4.705799999999999567e-03 7.052490244542243027e-03 -1.068287805996917354e-02 9.999180658922542930e-01 6.862344000000000221e-01
9.998988176351364388e-01 -1.160713563613279160e-02 -8.223678871435945864e-03 -4.712899999999999902e-03 1.168203062410863406e-02 9.998901855428208307e-01 9.118498540918951178e-03 5.406399999999999574e-03 8.116936143242336338e-03 -9.213645178091527110e-03 9.999246092032032518e-01 7.471240000000000103e-01
9.998843265685649628e-01 -1.191638390856522567e-02 -9.451628276178790020e-03 -5.693199999999999823e-03 1.198277758310513363e-02 9.999037065820125525e-01 6.999328892576948957e-03 5.898200000000000144e-03 9.367311456400269701e-03 -7.111776015617840563e-03 9.999308356671388065e-01 8.082656999999999758e-01
9.998498285733112834e-01 -1.325424668825755763e-02 -1.116446356287751490e-02 -6.309799999999999957e-03 1.331944059321614644e-02 9.998945550520470515e-01 5.785436850631783465e-03 6.406199999999999915e-03 1.108660471938059666e-02 -5.933272452506780162e-03 9.999209386115486264e-01 8.689185000000000381e-01
9.998335995243808894e-01 -1.129257124111940520e-02 -1.432658706336168916e-02 -8.385999999999999358e-03 1.135323683969477297e-02 9.999268955618948462e-01 4.160233793098867990e-03 7.231099999999999854e-03 1.427855998977617738e-02 -4.322194664251862405e-03 9.998887144867185661e-01 9.897578000000000209e-01
9.998345861551268809e-01 -9.916297283405848401e-03 -1.524688086768497680e-02 -1.031720000000000033e-02 9.981632900288070487e-03 9.999412983858947390e-01 4.215066663160267971e-03 7.577999999999999667e-03 1.520418799706670099e-02 -4.366558200472775084e-03 9.998748750902943794e-01 1.049882299999999935e+00
9.998092558092239734e-01 -1.063539005977435364e-02 -1.638110119870391998e-02 -1.185549999999999972e-02 1.071912234690170634e-02 9.999298861124961135e-01 5.032223679699724186e-03 7.963100000000000733e-03 1.632643299431564901e-02 -5.206854840192022202e-03 9.998531573427946739e-01 1.109604199999999929e+00
9.997799714436588214e-01 -9.992126648479832812e-03 -1.844359252308276978e-02 -1.241979999999999994e-02 1.010387505982740519e-02 9.999310988677494461e-01 5.975719698125082913e-03 8.588300000000000101e-03 1.838261159063567587e-02 -6.160756623654400563e-03 9.998120446708631537e-01 1.169482200000000027e+00
9.997617720155088650e-01 -9.640665715419336271e-03 -1.958205252196874163e-02 -1.410289999999999981e-02 9.768474524453613431e-03 9.999315383620687170e-01 6.441699646187308038e-03 9.159399999999999833e-03 1.951860962965100421e-02 -6.631451834261263382e-03 9.997875012844954501e-01 1.228812000000000015e+00
9.997136834069721978e-01 -1.082318593311077694e-02 -2.134033399742013212e-02 -1.531040000000000005e-02 1.096233802765565930e-02 9.999193377612546341e-01 6.414445888872010240e-03 9.419099999999999695e-03 2.126918789779118704e-02 -6.646549281481738819e-03 9.997516916858991687e-01 1.287499699999999914e+00
9.996770720921412945e-01 -1.112542909132956635e-02 -2.284680198228111747e-02 -1.679289999999999949e-02 1.126705382559149531e-02 9.999180429743045329e-01 6.079542131451659732e-03 9.680299999999999322e-03 2.277729201145278076e-02 -6.334995025307402390e-03 9.997204923410615285e-01 1.346010699999999893e+00
9.996464574505646850e-01 -1.096491927655419626e-02 -2.422252364628683929e-02 -1.832829999999999876e-02 1.112780342591582899e-02 9.999163027448930707e-01 6.599961810306338196e-03 1.002549999999999969e-02 2.414812823906753447e-02 -6.867171924597224343e-03 9.996848052522893102e-01 1.404416099999999945e+00
9.996194498623286462e-01 -1.112165463121880457e-02 -2.524409347152882510e-02 -1.995250000000000148e-02 1.133760158349524441e-02 9.999002138342825141e-01 8.427405561027601771e-03 1.056419999999999929e-02 2.514784776614732709e-02 -8.710405984797848361e-03 9.996457945594082739e-01 1.462097600000000108e+00
9.995819953790705537e-01 -1.252577407805788128e-02 -2.605646748392904943e-02 -2.156330000000000052e-02 1.282675145758686679e-02 9.998525630083563431e-01 1.141607168276924378e-02 1.095899999999999999e-02 2.590963066199307441e-02 -1.174551954433203718e-02 9.995952850076839091e-01 1.519358599999999893e+00
9.995661113465961201e-01 -1.232363914631047323e-02 -2.675288705234748696e-02 -2.322979999999999837e-02 1.267510645198318721e-02 9.998350537353541956e-01 1.300795904253649639e-02 1.145509999999999931e-02 2.658816887028950596e-02 -1.334141072799038645e-02 9.995574400883182609e-01 1.575666699999999976e+00
9.995527085127975386e-01 -1.238686157973523279e-02 -2.722037040407042710e-02 -2.521889999999999896e-02 1.269792029932689977e-02 9.998557017833606952e-01 1.128443314373063500e-02 1.236759999999999943e-02 2.707666384180769034e-02 -1.162502780675658126e-02 9.995657622206204351e-01 1.631318899999999905e+00
9.995424786193978228e-01 -1.036004052214291316e-02 -2.841659718844174662e-02 -2.687809999999999852e-02 1.061933971746733402e-02 9.999032069767478381e-01 8.989232535655434717e-03 1.278619999999999930e-02 2.832071784675698270e-02 -9.286885268733656787e-03 9.995557466708145933e-01 1.686185599999999951e+00
9.995256492105625279e-01 -9.971137175109395442e-03 -2.913851392296109427e-02 -2.856459999999999902e-02 1.018114134204635944e-02 9.999231934495472762e-01 7.067641942858974430e-03 1.355510000000000048e-02 2.906580346690455091e-02 -7.360952730070769931e-03 9.995503966502783388e-01 1.739602899999999952e+00
9.994956748697939597e-01 -9.298857140663769477e-03 -3.036325365392343253e-02 -3.029659999999999992e-02 9.508258245617785126e-03 9.999319491702994833e-01 6.759441812765991375e-03 1.386609999999999926e-02 3.029833232555233583e-02 -7.044734513312349636e-03 9.995160742949196209e-01 1.792999100000000068e+00
9.994002907964331106e-01 -9.208986420875236306e-03 -3.338043326718723863e-02 -3.423380000000000173e-02 9.393753018899289597e-03 9.999413909080091534e-01 5.382578673461589289e-03 1.435589999999999956e-02 3.332890877638999133e-02 -5.692918237267998588e-03 9.994282237968461491e-01 1.897795099999999957e+00
9.993425037849936743e-01 -8.640003364601236621e-03 -3.521236246831006139e-02 -3.630180000000000212e-02 8.817870887875384547e-03 9.999491206194507376e-01 4.899114755942405447e-03 1.502260000000000054e-02 3.516824251714508603e-02 -5.206391672436118390e-03 9.993678442915844284e-01 1.949437300000000040e+00
9.992602922479627559e-01 -8.940166758055752977e-03 -3.740242979880045726e-02 -3.820309999999999678e-02 9.175592294609933447e-03 9.999391294222937931e-01 6.127475518369332984e-03 1.536679999999999990e-02 3.734537243835085729e-02 -6.466132423889540091e-03 9.992814980219125731e-01 2.001199699999999915e+00
9.991875760879388446e-01 -9.190051243587651214e-03 -3.923940302361452609e-02 -4.048650000000000165e-02 9.529569911253810144e-03 9.999186840146481181e-01 8.474234816232818074e-03 1.572430000000000008e-02 3.915833358068166598e-02 -8.841284779621087775e-03 9.991939034014517551e-01 2.051870300000000036e+00
9.990548638034858486e-01 -6.894928506357008227e-03 -4.291665261283251348e-02 -4.569419999999999732e-02 7.335519955472755149e-03 9.999219130554714008e-01 1.011721001408092714e-02 1.652400000000000049e-02 4.284354394282969408e-02 -1.042246383435240821e-02 9.990274285474050053e-01 2.150163200000000163e+00
9.989747126773493857e-01 -4.626521365532316847e-03 -4.503463923760719911e-02 -4.793179999999999663e-02 5.059682468251595726e-03 9.999419860012144223e-01 9.509166381313256464e-03 1.668089999999999851e-02 4.498803223666961171e-02 -9.727277728188076997e-03 9.989401668886235264e-01 2.198534500000000058e+00
9.989002828317996574e-01 -3.254588412619454328e-03 -4.677213500381568329e-02 -5.044710000000000166e-02 3.677434185062672910e-03 9.999531201138199821e-01 8.957346283960436473e-03 1.698940000000000172e-02 4.674078985602670572e-02 -9.119497184641847665e-03 9.988654230349222063e-01 2.245915399999999895e+00
9.988280864013739935e-01 -3.035275761114702986e-03 -4.830363254273239981e-02 -5.305660000000000237e-02 3.535910157914399186e-03 9.999408845852588712e-01 1.028225044458516528e-02 1.747860000000000039e-02 4.826956758791697832e-02 -1.044099784043669120e-02 9.987797727271870984e-01 2.292812099999999909e+00
9.987790366017268440e-01 -1.849243892613177146e-03 -4.936614570687126308e-02 -5.569219999999999726e-02 2.442967799125021246e-03 9.999253808774531960e-01 1.196931850242361796e-02 1.826449999999999949e-02 4.934032785925576009e-02 -1.207530430695868441e-02 9.987090262296799414e-01 2.339256999999999920e+00
9.987827519390973796e-01 7.227766490485203936e-04 -4.932030031213398974e-02 -5.863050000000000206e-02 -1.225503680061247299e-04 9.999259121361279146e-01 1.217190289724443854e-02 1.899870000000000031e-02 4.932544384362694961e-02 -1.215104245109184695e-02 9.987088428350782143e-01 2.385000699999999973e+00
9.988143578146109203e-01 3.869586892526193957e-03 -4.852736259748448994e-02 -6.084450000000000275e-02 -3.376170378697528583e-03 9.999418123910872591e-01 1.024564812990118486e-02 1.933949999999999905e-02 4.856418533199700210e-02 -1.006966381310378002e-02 9.987693035800262464e-01 2.429570700000000194e+00
9.991278225805392266e-01 7.325817952917709243e-03 -4.110871606838736869e-02 -6.795660000000000589e-02 -7.091378452394383851e-03 9.999577683496732039e-01 5.845842008308595530e-03 2.080879999999999883e-02 4.114980555379937899e-02 -5.549225933578252543e-03 9.991375779112817712e-01 2.559285899999999891e+00
9.992057028689604881e-01 1.201988960479564474e-02 -3.799323108180251846e-02 -6.985239999999999505e-02 -1.170119130175850154e-02 9.998945592703570862e-01 8.599561829428300705e-03 2.111499999999999835e-02 3.809259083163509668e-02 -8.148165157078899115e-03 9.992409929182782813e-01 2.602065800000000095e+00
9.992895470722947815e-01 1.634014835167131932e-02 -3.396175295671880617e-02 -7.218689999999999829e-02 -1.593835458326467794e-02 9.998001457400073066e-01 1.206803345364554532e-02 2.141049999999999898e-02 3.415215901265909043e-02 -1.151816522305333830e-02 9.993502698777183557e-01 2.643568000000000140e+00
9.993885273288469762e-01 2.516924812711791512e-02 -2.427097839383219463e-02 -7.542400000000000493e-02 -2.485003602781209534e-02 9.996018446000810576e-01 1.336517794613153141e-02 2.243650000000000158e-02 2.459770625271264638e-02 -1.275387081755539713e-02 9.996160721128258819e-01 2.723629499999999926e+00
9.993496245383740595e-01 3.402864751475272870e-02 -1.193227066939217713e-02 -7.731649999999999634e-02 -3.383007384187965844e-02 9.992919410843528194e-01 1.646640785718956820e-02 2.331240000000000048e-02 1.248415150756725621e-02 -1.605202891173129406e-02 9.997932177850342716e-01 2.798731300000000033e+00
9.989472136208912278e-01 4.479991369995171835e-02 9.870771577464916569e-03 -7.779999999999999416e-02 -4.495160126053679428e-02 9.988654374820137294e-01 1.572232005714224376e-02 2.423099999999999907e-02 -9.155213988286527854e-03 -1.614947480082213824e-02 9.998276734120167264e-01 2.900595399999999824e+00
9.983653859373995409e-01 5.108721474816134422e-02 2.562523465926539942e-02 -7.721799999999999498e-02 -5.135545975695214593e-02 9.986311579952229511e-01 9.921039979363074565e-03 2.488080000000000153e-02 -2.508331946173071245e-02 -1.122081861520354655e-02 9.996223888621069698e-01 2.960674500000000098e+00
9.978574595105008660e-01 5.081400326173256959e-02 4.121198335151888409e-02 -7.452880000000000615e-02 -5.130024951715616427e-02 9.986245785848150147e-01 1.082753184148084989e-02 2.544010000000000021e-02 -4.060510926874543597e-02 -1.291851844513893822e-02 9.990917560376804119e-01 3.015509400000000007e+00
9.950442395237406590e-01 6.436508296849671740e-02 7.578982441646864299e-02 -6.877210000000000267e-02 -6.538965777227961906e-02 9.977979217902795961e-01 1.111305212006382000e-02 2.619830000000000075e-02 -7.490763677386147457e-02 -1.601384917681064612e-02 9.970618850339719730e-01 3.106432700000000047e+00
9.445291285852808194e-01 7.238431805592102086e-02 3.203517375534418177e-01 -1.563250000000000056e-02 -7.213523638021426820e-02 9.973144924948815770e-01 -1.266138744558949723e-02 2.446339999999999973e-02 -3.204079164538551350e-01 -1.114959906256663032e-02 9.472140484148465767e-01 3.337905899999999981e+00
9.234892155090752563e-01 7.506257717806394392e-02 3.762090886007672386e-01 -9.380000000000000317e-04 -7.471989815189625239e-02 9.970837029483988756e-01 -1.552501642122577907e-02 2.360239999999999908e-02 -3.762772988882042147e-01 -1.377311954846374004e-02 9.264047147544645089e-01 3.369586200000000087e+00
8.960369091915739714e-01 7.041929481684010284e-02 4.383594190660330958e-01 1.758200000000000041e-02 -6.834823716962033779e-02 9.974503766663920246e-01 -2.052473054337242489e-02 2.271000000000000102e-02 -4.386871047138454771e-01 -1.157017742178889294e-02 8.985653872435840350e-01 3.399913300000000138e+00
6.472844434045399442e-01 8.221737296202916156e-02 7.578015260671474573e-01 1.499061999999999895e-01 -6.663177763025410205e-02 9.964633016961372824e-01 -5.119662667271335232e-02 1.549460000000000073e-02 -7.593306628447894502e-01 -1.735488277273608201e-02 6.504734833239840253e-01 3.537483500000000003e+00
4.138667221734702029e-01 7.649905847365984224e-02 9.071175394236576928e-01 2.827510999999999775e-01 -5.568917764034772566e-02 9.967242024959883651e-01 -5.864792965210114534e-02 8.647800000000000625e-03 -9.086325174519835901e-01 -2.624420338626384103e-02 4.167711482546399004e-01 3.604129599999999822e+00
3.635896599614092950e-01 7.630045182760633593e-02 9.284292112057063173e-01 3.139340999999999937e-01 -5.871900708617270453e-02 9.965353058183838986e-01 -5.890214312123241008e-02 7.166699999999999807e-03 -9.297067480533637296e-01 -3.310023124335043782e-02 3.668102197535886289e-01 3.615062500000000068e+00
3.142191201340110429e-01 7.664072597180796032e-02 9.462518394511697517e-01 3.458747999999999823e-01 -5.659098799460372115e-02 9.964756900430418174e-01 -6.191655054214734860e-02 5.669900000000000287e-03 -9.476622840548222237e-01 -3.409396245316626689e-02 3.174488889636244426e-01 3.624149300000000018e+00
8.121275236124438079e-02 6.707652696095367517e-02 9.944371414950103905e-01 5.658109999999999529e-01 -3.662497712366055702e-03 9.977462114572847041e-01 -6.700062412501939235e-02 -7.324299999999999734e-03 -9.966900596295811265e-01 1.799181339296691828e-03 8.127538361699815361e-02 3.648480399999999957e+00
5.595796559117847263e-02 6.543719318796463458e-02 9.962864446706968247e-01 6.066704000000000541e-01 3.417446543212257493e-03 9.978315520001173056e-01 -6.573062370129738319e-02 -9.593799999999999550e-03 -9.984272768439476087e-01 7.082907645753002551e-03 5.561299554295706660e-02 3.649740200000000101e+00
3.621242985711429357e-02 6.447083239537251820e-02 9.972623384516691170e-01 6.485066999999999915e-01 7.656967576038821444e-03 9.978696651511335114e-01 -6.478813331702087952e-02 -1.174159999999999961e-02 -9.993147806228942498e-01 9.982141123645073277e-03 3.564163418257593197e-02 3.649794099999999819e+00
2.045150659541761923e-02 6.645819231512174741e-02 9.975795930912900733e-01 6.912072000000000216e-01 1.064485985435531523e-02 9.977172537357836823e-01 -6.668559482082223044e-02 -1.371889999999999915e-02 -9.997341760871529814e-01 1.198291584431896914e-02 1.969738285177102810e-02 3.649969299999999972e+00
-2.485783406770273457e-02 7.117667955621151399e-02 9.971539341409705326e-01 9.184122999999999593e-01 2.150239825205776945e-02 9.972694621709442542e-01 -7.064889730693271752e-02 -2.723269999999999857e-02 -9.994597215270220048e-01 1.968502244418341915e-02 -2.632042812150925393e-02 3.645194299999999998e+00
-2.836390351556619671e-02 6.853257237482962561e-02 9.972455943753517627e-01 9.663697999999999455e-01 1.946745283365121718e-02 9.974956412819884211e-01 -6.799605800047786586e-02 -2.985770000000000091e-02 -9.994080784432000097e-01 1.748519794350424095e-02 -2.962702474679590470e-02 3.643917099999999909e+00
-3.079098225126263022e-02 6.181098213990706552e-02 9.976128096104731613e-01 1.015853799999999918e+00 1.740406563325768569e-02 9.979678962236057105e-01 -6.129581230772369882e-02 -3.232539999999999719e-02 -9.993743112124883199e-01 1.547516054619543432e-02 -3.180417416997005642e-02 3.642300599999999999e+00
-3.173336966464850722e-02 5.589390221250199048e-02 9.979322947701342317e-01 1.167049400000000015e+00 2.478236734023916282e-02 9.981721791245452557e-01 -5.511928057195950720e-02 -4.020569999999999700e-02 -9.991890849677754760e-01 2.298200420364183288e-02 -3.306054996583651651e-02 3.636170400000000136e+00
-3.090753251189215858e-02 6.326567187101886369e-02 9.975180094598468106e-01 1.219159600000000010e+00 2.577903257977229301e-02 9.977132742561716228e-01 -6.247930739277056389e-02 -4.273180000000000034e-02 -9.991897547079220399e-01 2.378396804021245051e-02 -3.246778327796318031e-02 3.634507900000000014e+00
-2.645304412256495666e-02 7.192107543857492735e-02 9.970594743366156809e-01 1.324444200000000071e+00 2.737021523800729078e-02 9.970866942586874559e-01 -7.119687809242686294e-02 -4.816879999999999773e-02 -9.992752912858771097e-01 2.540635826011972132e-02 -2.834447363215020221e-02 3.631537199999999910e+00
-2.434809811874515811e-02 6.750085546336967446e-02 9.974220794777469701e-01 1.378861300000000067e+00 2.676846778357365106e-02 9.974041483729801927e-01 -6.684619615871904841e-02 -5.144420000000000243e-02 -9.993450951750949551e-01 2.507188305818772514e-02 -2.609178854346361209e-02 3.630512700000000148e+00
-2.168500862565003739e-02 6.122561599524703468e-02 9.978883626673415996e-01 1.433785400000000099e+00 2.634406136132820195e-02 9.978114850477566300e-01 -6.064841908723739294e-02 -5.460940000000000238e-02 -9.994177058827284910e-01 2.497327076682500160e-02 -2.325048204469715163e-02 3.629421199999999903e+00
-9.430830202156051736e-03 7.129695905006208645e-02 9.974105489074759356e-01 1.650694000000000106e+00 2.799770717142124193e-02 9.970826843124326322e-01 -7.100879549363597887e-02 -6.713159999999999961e-02 -9.995634986507070385e-01 2.725553658483794578e-02 -1.139946887495701944e-02 3.626292900000000152e+00
-6.282959057648682989e-03 6.778902507023432111e-02 9.976798948087041152e-01 1.705576399999999992e+00 2.353794264623962004e-02 9.974331836364861426e-01 -6.762403002458616808e-02 -7.048269999999999536e-02 -9.997032007958471800e-01 2.305845313135596042e-02 -7.862446039675896614e-03 3.627000300000000177e+00
2.076914145180663949e-03 6.507573729827020870e-02 9.978781663323033069e-01 1.815609800000000051e+00 3.263795242378635109e-02 9.973442743931479892e-01 -6.510885037218583360e-02 -7.800479999999999914e-02 -9.994650821760688864e-01 3.270392560980332763e-02 -5.254038678170758203e-05 3.626100999999999797e+00
8.262242169667352587e-03 7.029370778626853333e-02 9.974921202696231948e-01 1.925351999999999952e+00 2.835869176586341966e-02 9.971084763221808034e-01 -7.050156769737539464e-02 -8.491160000000000374e-02 -9.995636647836187993e-01 2.887007260326072272e-02 6.244914108611387960e-03 3.628053899999999832e+00
1.586009230644953860e-02 6.676681722679603248e-02 9.976425460000364343e-01 2.035837400000000130e+00 3.170790326059000352e-02 9.972326336441937888e-01 -6.724346262561342602e-02 -9.174359999999999460e-02 -9.993713355619362471e-01 3.269964086146538024e-02 1.369916583895591788e-02 3.629195199999999843e+00
2.310478549134908563e-02 6.801998780490696450e-02 9.974163875465549278e-01 2.145774799999999871e+00 3.889297372570064970e-02 9.968662958051659473e-01 -6.888341514805551569e-02 -9.916999999999999427e-02 -9.989762286872352348e-01 4.038402588533879234e-02 2.038688232961538560e-02 3.630766899999999797e+00
3.650129547765560561e-02 6.586269031857397427e-02 9.971608503408326829e-01 2.366725900000000049e+00 4.115621956094757394e-02 9.968801588284608162e-01 -6.735068318579881530e-02 -1.129464000000000024e-01 -9.984857640547029067e-01 4.349775808179530412e-02 3.367675788958401917e-02 3.636464600000000047e+00
4.217278946197877687e-02 6.765447173723186658e-02 9.968170987111686365e-01 2.478565199999999802e+00 4.022620571634302061e-02 9.967807645357625868e-01 -6.935387390165775878e-02 -1.198782999999999932e-01 -9.983002094573867335e-01 4.302301599675092264e-02 3.931554262478453854e-02 3.641362400000000221e+00
4.733589739871646440e-02 6.775681775505498772e-02 9.965783092487846551e-01 2.590877499999999944e+00 3.638882777407417835e-02 9.969174744824551571e-01 -6.950828932402333682e-02 -1.269097999999999893e-01 -9.982159916724869797e-01 3.955455371043432172e-02 4.472439211528100866e-02 3.646987699999999943e+00
5.329511737645512004e-02 6.979110455600684437e-02 9.961369545342058096e-01 2.703937799999999836e+00 3.211551412512823889e-02 9.969188382878764187e-01 -7.156412243037417464e-02 -1.342715999999999910e-01 -9.980622346408607459e-01 3.580546873877531178e-02 5.088952929717494023e-02 3.653603799999999957e+00
6.039166505733242069e-02 7.554765028798829385e-02 9.953117096304889833e-01 2.817417100000000119e+00 3.136818490991656605e-02 9.964955893514244600e-01 -7.754081105207989710e-02 -1.419793000000000027e-01 -9.976817547530175689e-01 3.590394044002546969e-02 5.781023519947692257e-02 3.659999599999999909e+00
6.575188251107165482e-02 7.726920240333975953e-02 9.948397661463889152e-01 2.932298400000000083e+00 2.132601937499704198e-02 9.966607182057104497e-01 -7.882013501190326954e-02 -1.495448000000000055e-01 -9.976080847927543127e-01 2.639854438466487582e-02 6.388447393931795393e-02 3.669213300000000011e+00
7.330479031259216904e-02 7.888615616941190012e-02 9.941847826646926789e-01 3.048393200000000025e+00 2.289981430261067707e-02 9.964708033366349582e-01 -8.075603136947367977e-02 -1.583446000000000020e-01 -9.970466419491782473e-01 2.868645085151919419e-02 7.123960496388603847e-02 3.677859999999999907e+00
8.069950292723986063e-02 7.789070954003411706e-02 9.936904083237628749e-01 3.165441799999999972e+00 1.724606107192866097e-02 9.966836016592074410e-01 -7.952591754348738162e-02 -1.664992999999999890e-01 -9.965892652466209478e-01 2.355494748413343789e-02 7.908856329596591905e-02 3.688981300000000019e+00
9.011042783415912361e-02 8.131039195411418619e-02 9.926070375308714278e-01 3.282786100000000040e+00 1.442009274191122931e-02 9.964506803739424656e-01 -8.293432647355229725e-02 -1.759090000000000098e-01 -9.958273804836154097e-01 2.178673317813854468e-02 8.861809373127538247e-02 3.700968699999999778e+00
1.038385298838238741e-01 9.486569426357477353e-02 9.900596243476735836e-01 3.401513599999999915e+00 1.064204640183224332e-02 9.952778509149012853e-01 -9.648184454391840748e-02 -1.851897000000000126e-01 -9.945372323648560275e-01 2.055479336080867636e-02 1.023386237446399782e-01 3.713296699999999895e+00
1.184002027671735291e-01 9.593681411527979486e-02 9.883205551247541409e-01 3.521529399999999921e+00 2.445787562319626240e-03 9.952904947607367214e-01 -9.690639381448484801e-02 -1.959507000000000054e-01 -9.929629449822848786e-01 1.389095879837953101e-02 1.176079553251799803e-01 3.728484599999999816e+00
1.329204169913514033e-01 9.073501204970987888e-02 9.869647006530597455e-01 3.643639299999999803e+00 2.033558447189678930e-03 9.957736625722160007e-01 -9.181872122588310980e-02 -2.069307999999999981e-01 -9.911246275756075974e-01 1.421163311704807392e-02 1.321741355078946967e-01 3.745593099999999787e+00
1.402738212659384864e-01 8.545210425554250477e-02 9.864183660829473066e-01 3.704225800000000124e+00 -3.066920690890859169e-04 9.962724275854089040e-01 -8.626213522195561034e-02 -2.117909000000000042e-01 -9.901127011645827203e-01 1.179779264846136239e-02 1.397771479219604984e-01 3.754876100000000161e+00
1.551845669734815691e-01 7.525897254543548187e-02 9.850146380763378229e-01 3.825409899999999919e+00 -2.469061176047768202e-03 9.971203716521657157e-01 -7.579490862291403397e-02 -2.214737999999999984e-01 -9.878824089486371030e-01 9.330138672728499616e-03 1.549235121025395179e-01 3.774257899999999832e+00
1.681624425853215643e-01 8.402380984681598330e-02 9.821717733077877099e-01 3.942674600000000140e+00 -2.209905716087333383e-03 9.963902788728127291e-01 -8.486181994562902453e-02 -2.302716999999999958e-01 -9.857568205295179631e-01 1.210006390828022305e-02 1.677411077611897783e-01 3.794928099999999915e+00
1.734761858972740378e-01 8.770039761545186940e-02 9.809254065343736562e-01 4.000860199999999978e+00 -2.913578995994529908e-03 9.960684490094956489e-01 -8.853900804307517081e-02 -2.346825999999999912e-01 -9.848337544905579888e-01 1.250140575732480719e-02 1.730496774632134249e-01 3.805490300000000214e+00
1.831108228295517393e-01 9.018195723778407724e-02 9.789472106050696176e-01 4.115760299999999816e+00 -7.501151942989336963e-03 9.958828225900323572e-01 -9.033900812848358330e-02 -2.450772999999999979e-01 -9.830636598319624220e-01 9.198818341097966811e-03 1.830333916500340719e-01 3.828558699999999870e+00
1.930942391245039913e-01 8.063968858062064982e-02 9.778608568925076794e-01 4.229162200000000205e+00 -2.463008009828633604e-03 9.966536707645528015e-01 -8.170308527274754151e-02 -2.544553999999999983e-01 -9.811771238713590249e-01 1.336791596184151720e-02 1.926466984258093929e-01 3.850629300000000033e+00
1.994895181870609546e-01 7.087088667296984057e-02 9.773337452250797641e-01 4.339573399999999914e+00 -7.858571983717040077e-03 9.974647804912302185e-01 -7.072661822792532249e-02 -2.635100000000000220e-01 -9.798684477927998016e-01 6.428771404321964589e-03 1.995407124332274629e-01 3.874350999999999878e+00
2.046921007560764671e-01 7.272383313433181118e-02 9.761210928887430471e-01 4.446025800000000139e+00 -1.104034019999075578e-02 9.973442585351010026e-01 -7.198986633782544775e-02 -2.716513999999999873e-01 -9.787641466545108360e-01 3.959048031960149538e-03 2.049513873150116128e-01 3.897955699999999801e+00
2.081176703410430873e-01 8.106633826162562562e-02 9.747385721785448709e-01 4.549656899999999560e+00 -1.664696581876570075e-02 9.967086672229569233e-01 -7.933921610191102536e-02 -2.797873000000000165e-01 -9.779621228968151669e-01 2.854531285255632045e-04 2.087821943932615110e-01 3.921429600000000182e+00
2.118747267154477421e-01 8.856609764237526050e-02 9.732754730946709953e-01 4.650892299999999757e+00 -1.655637536261878040e-02 9.960675842258193136e-01 -8.703593562082474755e-02 -2.877705999999999875e-01 -9.771565824442397519e-01 2.326801010299792138e-03 2.125078807549312110e-01 3.944148999999999905e+00
2.135796488367256163e-01 8.544223746603320235e-02 9.731820783694996591e-01 4.749917499999999571e+00 -1.861747707854427558e-02 9.963430781102263767e-01 -8.338980902406080420e-02 -2.961904000000000203e-01 -9.767482393892558123e-01 -3.078289093737252013e-04 2.143893236412478531e-01 3.967352399999999779e+00
2.143163584163408908e-01 8.287614206741268641e-02 9.732420272425461594e-01 4.798546299999999931e+00 -1.855713850897167116e-02 9.965595736814053529e-01 -8.077529767382125858e-02 -3.002380000000000049e-01 -9.765880048032116179e-01 -7.491194548429891409e-04 2.151169628237741271e-01 3.978325799999999912e+00
2.141101837877442959e-01 8.201522950766303166e-02 9.733603296452881803e-01 4.846573799999999821e+00 -1.760330520456881986e-02 9.966310761010993557e-01 -8.010381885677696212e-02 -3.038197000000000259e-01 -9.766508858564832973e-01 1.668442075898612931e-05 2.148326019890298699e-01 3.989154300000000042e+00
2.126759590749101869e-01 8.116356830028530200e-02 9.737460714233111547e-01 4.893750700000000009e+00 -1.777399332505602558e-02 9.967006869707542016e-01 -7.919485938687878535e-02 -3.076991000000000032e-01 -9.769611157015657410e-01 -4.645134998703531748e-04 2.134168752333339691e-01 3.999702200000000207e+00
2.108967313057134862e-01 8.207657012753130643e-02 9.740564692874157382e-01 4.940262299999999662e+00 -1.910385382314807451e-02 9.966244550272006508e-01 -7.984195896168397311e-02 -3.115134999999999987e-01 -9.773216520131279283e-01 -1.769824238694435448e-03 2.117528187025964348e-01 4.010313000000000017e+00
2.064326484685667096e-01 8.857865973669223902e-02 9.744431141351987957e-01 5.030429800000000284e+00 -1.838670061891924112e-02 9.960691844277904661e-01 -8.664934548919883683e-02 -3.194994999999999918e-01 -9.782880408584186949e-01 -2.953993236809449030e-05 2.072498690971577018e-01 4.029958200000000268e+00
2.026023882692700728e-01 8.799398397081038825e-02 9.752996109158111881e-01 5.118750999999999607e+00 -1.667761344868348705e-02 9.961202333152995303e-01 -8.640797410846703941e-02 -3.267830999999999930e-01 -9.791190578664292765e-01 1.240792012379372811e-03 2.032838679234970636e-01 4.048080900000000426e+00
1.980261591187109649e-01 8.087963191366079330e-02 9.768541986633427765e-01 5.204081999999999653e+00 -1.652963734685581471e-02 9.967237659494603275e-01 -7.917389393421805921e-02 -3.345627999999999935e-01 -9.800573510738401772e-01 -4.685435263930837202e-04 1.987142900575886717e-01 4.065760599999999947e+00
1.943068424701010766e-01 8.147871962066606522e-02 9.775510570902555818e-01 5.286550499999999708e+00 -9.746825184236265760e-03 9.966555675741128884e-01 -8.113371076408867899e-02 -3.411240999999999857e-01 -9.808923745080940781e-01 6.236815894328430476e-03 1.944511552019503320e-01 4.082092300000000229e+00
1.903759766017369681e-01 8.575533203991994591e-02 9.779585934791196200e-01 5.366865200000000335e+00 -6.362087454488914162e-03 9.962642815428018883e-01 -8.612203646701686865e-02 -3.471238999999999852e-01 -9.816906393442673684e-01 1.017370870075560985e-02 1.902103684742654233e-01 4.097068300000000107e+00
1.876080642550742306e-01 8.702299493270883313e-02 9.783814248949156411e-01 5.447512599999999594e+00 -5.434592646732655519e-03 9.961443499562134818e-01 -8.756083172901509004e-02 -3.533209999999999962e-01 -9.822289343270376172e-01 1.111001364781107059e-02 1.873576477422723707e-01 4.113127699999999720e+00
1.906684616438921176e-01 8.359634091868835271e-02 9.780885386913384938e-01 5.528333199999999614e+00 5.218310911921902884e-03 9.962670155997698229e-01 -8.616729576326706552e-02 -3.595211999999999852e-01 -9.816406200670273474e-01 2.153335582147514193e-02 1.895204675529468252e-01 4.127870999999999846e+00
1.959954307175339472e-01 8.255287936377667113e-02 9.771237451042718014e-01 5.610117899999999658e+00 5.228494097849666067e-03 9.963479442006298870e-01 -8.522579971257066012e-02 -3.664778000000000202e-01 -9.805908698266148082e-01 2.181275305705800832e-02 1.948480172256179532e-01 4.144514100000000312e+00
2.077198822089989239e-01 8.224154420699679446e-02 9.747249760530034557e-01 5.693163400000000429e+00 5.113792088532534419e-03 9.963544823860432942e-01 -8.515629489189255330e-02 -3.728459000000000079e-01 -9.781749841748943464e-01 2.267319641533360394e-02 2.065420695615225455e-01 4.163008200000000159e+00
2.237283353864568114e-01 8.053091986572027960e-02 9.713188986583067841e-01 5.777780100000000196e+00 3.381799609990514266e-03 9.965105407355360212e-01 -8.339847501224156856e-02 -3.792066000000000048e-01 -9.746456768367686152e-01 2.194340786091689491e-02 2.226753050404253198e-01 4.183183699999999838e+00
2.421857003479173931e-01 7.998679445381345898e-02 9.669271943946928793e-01 5.864451899999999718e+00 -1.459237044920007331e-03 9.966248429879450699e-01 -8.207796882538367922e-02 -3.860042000000000195e-01 -9.702288169160073750e-01 1.846713438130876545e-02 2.414850052767401056e-01 4.206291700000000411e+00
2.610095434379736123e-01 8.631590260382396296e-02 9.614694915554979904e-01 5.952385399999999827e+00 -1.029259433755507630e-02 9.961866447137922576e-01 -8.663850988838173173e-02 -3.923728000000000216e-01 -9.652813479686133125e-01 1.271746246559680299e-02 2.609026358861348260e-01 4.232000799999999785e+00
2.817899274080570282e-01 9.079397161023725071e-02 9.551706085985903760e-01 6.042980700000000205e+00 -1.573465398284874112e-02 9.958160561285636092e-01 -9.001557098965395909e-02 -3.998349999999999960e-01 -9.593470995814820101e-01 1.033620219388352302e-02 2.820395458952612566e-01 4.260376899999999800e+00
3.019093082045296583e-01 9.197779647644460654e-02 9.488892741383474494e-01 6.135451299999999719e+00 -1.987651778326344348e-02 9.957258826538628593e-01 -9.019362867740349232e-02 -4.072598000000000051e-01 -9.531294212541514543e-01 8.369681506692309980e-03 3.024471107007018489e-01 4.290972700000000195e+00
3.228062244810423476e-01 8.825325707851937318e-02 9.423415007582588432e-01 6.230623200000000139e+00 -2.346847341578146839e-02 9.960834154854339983e-01 -8.524705361714852991e-02 -4.145210999999999757e-01 -9.461740707670166506e-01 5.402963067151878018e-03 3.236130958386377321e-01 4.324480099999999716e+00
3.444168901293593321e-01 7.662964567662355897e-02 9.356841898830482451e-01 6.329524499999999776e+00 -1.818508406538581201e-02 9.970207758140143817e-01 -7.495915763104400720e-02 -4.222829000000000166e-01 -9.386406706035893555e-01 8.801704306324972804e-03 3.447843115487541077e-01 4.360967200000000155e+00
3.641843642749592602e-01 7.075250440307337407e-02 9.286354677365800114e-01 6.430344100000000118e+00 -1.241256943736081600e-02 9.973903137850209655e-01 -7.112306298086454315e-02 -4.292374999999999940e-01 -9.312441553844010844e-01 1.437515525169769798e-02 3.641121777335702969e-01 4.400636200000000109e+00
3.797873068271192531e-01 5.596817739394345514e-02 9.233792095841248937e-01 6.534991299999999725e+00 3.500507077319709587e-03 9.980740235601389676e-01 -6.193536909292407522e-02 -4.351774999999999949e-01 -9.250672127057606442e-01 2.675456248334433587e-02 3.788599284209397400e-01 4.442194500000000268e+00
3.943640754093671874e-01 5.127413093920861475e-02 9.175227188047953009e-01 6.639806700000000284e+00 1.116877927263135520e-02 9.981010031086611223e-01 -6.057760281691350335e-02 -4.421197000000000044e-01 -9.188864099528700757e-01 3.413723904936333264e-02 3.930425098052530153e-01 4.485957599999999879e+00
4.089996359971727613e-01 6.189391585289952258e-02 9.104331062382202688e-01 6.744314199999999815e+00 1.697492306948263432e-02 9.970084705564035144e-01 -7.540531563203219101e-02 -4.486009000000000246e-01 -9.123766490550737629e-01 4.629527858405697860e-02 4.067254570835949767e-01 4.532375799999999622e+00
4.185344240948605798e-01 6.539069202509217860e-02 9.058438017914915985e-01 6.847544700000000262e+00 8.185989194168238198e-03 9.970924825657997426e-01 -7.575995506653514233e-02 -4.566857999999999751e-01 -9.081640410347111558e-01 3.912337673629422141e-02 4.167822404616752241e-01 4.581354100000000429e+00
4.262698422691404421e-01 7.233319924971384762e-02 9.016994675933567294e-01 6.947882199999999564e+00 4.721584236850387417e-04 9.967799955966094583e-01 -8.018364823856680146e-02 -4.651138000000000217e-01 -9.045959311417803850e-01 3.460561608647462484e-02 4.248630987706634166e-01 4.630304299999999706e+00
4.338334630820577242e-01 7.918952211748778169e-02 8.975062929567863002e-01 7.046422999999999881e+00 -5.837124663436631111e-03 9.963561883272620268e-01 -8.508979937473729049e-02 -4.740950999999999915e-01 -9.009741695997128819e-01 3.167594621749214578e-02 4.327148947578927096e-01 4.679171099999999583e+00
4.420624039739112776e-01 7.443868769821154752e-02 8.938902129269422625e-01 7.143410199999999932e+00 -5.657938633933885797e-03 9.967621479880678370e-01 -8.020728189278023001e-02 -4.825653999999999777e-01 -8.969664535105094094e-01 3.039904787952085394e-02 4.410522408567918440e-01 4.727138000000000062e+00
4.487900057376983942e-01 7.062826117063716880e-02 8.908418375188544847e-01 7.236594199999999866e+00 -6.766410943929344890e-03 9.971118669988296990e-01 -7.564483044495436126e-02 -4.908976999999999924e-01 -8.936116306499679585e-01 2.792084193072058920e-02 4.479717403508676199e-01 4.775020099999999879e+00
4.552965110775494262e-01 7.263872292936301989e-02 8.873717952086386251e-01 7.327301000000000286e+00 -7.780257041567463505e-03 9.969528986145365090e-01 -7.761691532417994144e-02 -4.987687000000000093e-01 -8.903058769889020674e-01 2.843473008954033182e-02 4.544743243834099555e-01 4.821674299999999747e+00
4.591502317330191651e-01 7.015153342016350324e-02 8.855844550681285510e-01 7.415778600000000331e+00 -4.221745516926368735e-03 9.970382362978629232e-01 -7.679148536678426229e-02 -5.057694000000000356e-01 -8.883486036260229701e-01 3.152011609823818228e-02 4.580864991645665629e-01 4.867363499999999732e+00
4.627189060144548116e-01 6.927453574227360189e-02 8.837942366379625270e-01 7.500540299999999938e+00 -4.268553054114741785e-03 9.971046750138420345e-01 -7.592131795724331444e-02 -5.135115999999999570e-01 -8.864947791564317114e-01 3.135770660034123414e-02 4.616748864354185411e-01 4.912248599999999854e+00
4.683000650661199860e-01 7.067958185755907063e-02 8.807380119919363537e-01 7.583176599999999823e+00 -1.681599817122611529e-03 9.968648962829720350e-01 -7.910468242016063800e-02 -5.206825000000000481e-01 -8.835678928532446630e-01 3.556367904449741352e-02 4.669507505633727629e-01 4.956099000000000032e+00
