1.000000000000000000e+00 0.000000000000000000e+00 0.000000000000000000e+00 0.000000000000000000e+00 0.000000000000000000e+00 1.000000000000000000e+00 0.000000000000000000e+00 0.000000000000000000e+00 0.000000000000000000e+00 0.000000000000000000e+00 1.000000000000000000e+00 0.000000000000000000e+00
9.999990122078050714e-01 -1.403550770284020316e-03 7.502432427000630560e-05 -7.320000000000000389e-05 1.403243040165619944e-03 9.999911926396857220e-01 3.955445869818683367e-03 4.095999999999999815e-04 -8.057533260115087859e-05 -3.955336685299250775e-03 9.999921743790406437e-01 6.380370000000000485e-02
9.999921446861275154e-01 -3.876515998366715770e-03 -8.265529344410268726e-04 5.709999999999999879e-05 3.884572015573393901e-03 9.999426682774604780e-01 9.978489785958787744e-03 6.861000000000000345e-04 7.878237714427172109e-04 -9.981622206188065644e-03 9.999498720195117984e-01 1.276278999999999886e-01
9.999698128674447961e-01 -7.471027820030297882e-03 -2.134735852422133331e-03 3.929999999999999981e-05 7.491874608143167698e-03 9.999226269324271721e-01 9.930355653741103003e-03 1.292100000000000019e-03 2.060380718008878592e-03 -9.946049058106519805e-03 9.999484141391646874e-01 1.910553999999999863e-01
9.999419411078778186e-01 -1.037831014003798812e-02 -2.899153677640309117e-03 -4.335000000000000203e-04 1.039924897348205694e-02 9.999192563154067903e-01 7.303182212665149456e-03 1.688800000000000067e-03 2.823124899277926203e-03 -7.332907218903082780e-03 9.999691287422437513e-01 2.534570999999999907e-01
9.999362269925126112e-01 -1.079140288616120373e-02 -3.329800553612198566e-03 -9.928999999999999024e-04 1.080540472460194031e-02 9.999327317389026248e-01 4.216067588809243975e-03 1.889300000000000007e-03 3.284079279773029041e-03 -4.251778560133318528e-03 9.999855684970456737e-01 3.157884000000000246e-01
9.999364484963154664e-01 -1.049177640360338462e-02 -4.125723751343256251e-03 -1.393200000000000037e-03 1.050585794040019214e-02 9.999390099144438437e-01 3.406376411681490135e-03 2.401700000000000102e-03 4.089733183440809328e-03 -3.449504198971359292e-03 9.999856873992095663e-01 3.781279000000000168e-01
9.999347520809644951e-01 -1.018063021106173360e-02 -5.181346281190009513e-03 -1.860399999999999901e-03 1.020657316669274645e-02 9.999353837121934818e-01 5.005423512673586040e-03 2.961800000000000110e-03 5.130053115995195957e-03 -5.057980709126429567e-03 9.999740493563685773e-01 4.400003000000000108e-01
9.999353583126434630e-01 -9.901894523961174421e-03 -5.588531202540225791e-03 -2.788000000000000114e-03 9.946028424280030367e-03 9.999191284267847646e-01 7.925473159539090859e-03 3.431099999999999862e-03 5.509602049951672735e-03 -7.980544533771399482e-03 9.999529764914926178e-01 5.017977000000000132e-01
9.999296857577513187e-01 -9.950822725073719607e-03 -6.450168020975651818e-03 -3.282999999999999894e-03 1.001259370964620136e-02 9.999036340296958425e-01 9.616164589568126919e-03 3.775099999999999983e-03 6.353857695149762487e-03 -9.680071347994655823e-03 9.999329601083701835e-01 5.637102999999999975e-01
9.999137393671195806e-01 -1.115404949994108601e-02 -6.935488779951150609e-03 -3.848700000000000038e-03 1.122477253063779330e-02 9.998845323652224559e-01 1.024335972305108998e-02 4.460600000000000329e-03 6.820433014069088654e-03 -1.032032540830230168e-02 9.999234833610856077e-01 6.251006000000000062e-01
9.999039489322576468e-01 -1.141062941491198870e-02 -7.867048114293654151e-03 -4.323600000000000360e-03 1.149290270441637174e-02 9.998788946192631588e-01 1.049329702177825840e-02 4.751000000000000015e-03 7.746360248780385926e-03 -1.058270434794371731e-02 9.999139964374836875e-01 6.867509000000000530e-01
9.998921950729422470e-01 -1.173932356803475234e-02 -8.819666341659034708e-03 -4.718100000000000245e-03 1.181820377839887769e-02 9.998901486139438743e-01 8.945432590856054744e-03 5.402800000000000137e-03 8.713684161446747650e-03 -9.048700843231310964e-03 9.999210932475542934e-01 7.478753999999999680e-01
9.998721766152589563e-01 -1.212470281715013164e-02 -1.042218845829411510e-02 -5.315199999999999959e-03 1.219637462958152348e-02 9.999022196728332146e-01 6.841018874129967987e-03 5.913599999999999760e-03 1.033822405248152783e-02 -6.967257346839855585e-03 9.999222862045348270e-01 8.087906999999999735e-01
9.998390859774849426e-01 -1.334529907976333626e-02 -1.198770804528812191e-02 -6.262300000000000158e-03 1.341431279975559970e-02 9.998938048251057031e-01 5.695198370885145786e-03 6.346799999999999664e-03 1.191043088295762852e-02 -5.855088799077907621e-03 9.999119259071456156e-01 8.699086000000000318e-01
9.998172007626784374e-01 -1.152326474766963982e-02 -1.525711075653536815e-02 -8.221799999999999595e-03 1.158243599579569100e-02 9.999257175209838033e-01 3.795604898962016537e-03 7.347700000000000412e-03 1.521223966039745613e-02 -3.971625574099649225e-03 9.998763993388452009e-01 9.905040999999999984e-01
9.998160917426779370e-01 -1.009779228711276192e-02 -1.630390392891676796e-02 -1.008079999999999914e-02 1.016043819097172188e-02 9.999412966700806926e-01 3.764134631636820248e-03 7.833100000000000826e-03 1.626493738581446039e-02 -3.929097184337690396e-03 9.998599972031843031e-01 1.050745700000000005e+00
9.997915107195043394e-01 -1.064035122051167591e-02 -1.742750754168101782e-02 -1.155209999999999917e-02 1.072527145196472929e-02 9.999310262582543629e-01 4.786572719166504349e-03 7.954900000000000859e-03 1.737537468640211816e-02 -4.972489519179936097e-03 9.998366720132287888e-01 1.110530000000000017e+00
9.997633467920741257e-01 -1.014629186052899354e-02 -1.924326304429291659e-02 -1.255129999999999961e-02 1.025282262859711357e-02 9.999326111017037277e-01 5.445446122720719491e-03 8.800499999999999295e-03 1.918671517632482629e-02 -5.641455203215762874e-03 9.998000019723607412e-01 1.170730199999999943e+00
9.997414701387297153e-01 -9.808211853427018997e-03 -2.051321196423790821e-02 -1.417159999999999948e-02 9.932021984354196323e-03 9.999330186858276237e-01 5.942481060185387381e-03 9.308200000000000848e-03 2.045355284916937355e-02 -6.144682423579824262e-03 9.997719215169825757e-01 1.230205800000000016e+00
9.996893934316597452e-01 -1.122640891309961350e-02 -2.225049220030865527e-02 -1.538310000000000025e-02 1.136692447730188599e-02 9.999161805621302745e-01 6.198780361374352406e-03 9.345799999999999594e-03 2.217903713346082439e-02 -6.449774643902114919e-03 9.997332097709245025e-01 1.289101999999999970e+00
9.996535773476851183e-01 -1.138188380355307887e-02 -2.373137200117694801e-02 -1.697380000000000069e-02 1.152642631627867099e-02 9.999157890693985973e-01 5.962907520453173543e-03 9.537600000000000244e-03 2.366150443972715040e-02 -6.234379744970194870e-03 9.997005880346596651e-01 1.347798100000000110e+00
9.996223195270043105e-01 -1.128795036452931271e-02 -2.505594699905847739e-02 -1.860310000000000089e-02 1.144658736043920218e-02 9.999152832170362659e-01 6.196936888012421520e-03 1.010770000000000071e-02 2.498387362383060195e-02 -6.481401512180690570e-03 9.996668432498831969e-01 1.406373499999999943e+00
9.995964435799676862e-01 -1.142164357214247097e-02 -2.600953748899112461e-02 -2.037939999999999890e-02 1.163503431198955468e-02 9.998997631202275471e-01 8.067818086175054110e-03 1.054410000000000069e-02 2.591478263152372646e-02 -8.367184127514117054e-03 9.996291383662928576e-01 1.464211300000000104e+00
9.995598457672144610e-01 -1.285030589355042052e-02 -2.673919161576313042e-02 -2.204870000000000094e-02 1.315201765750342172e-02 9.998514693326389091e-01 1.113838879279980230e-02 1.086009999999999927e-02 2.659208832263897787e-02 -1.148516050410412596e-02 9.995803879262716851e-01 1.521565099999999893e+00
9.995390603546483455e-01 -1.243370124154765007e-02 -2.769602676888111362e-02 -2.358479999999999951e-02 1.278049441263883097e-02 9.998416875512438073e-01 1.237977371559656654e-02 1.157290000000000055e-02 2.753771573524482416e-02 -1.272803630246254793e-02 9.995397297276221726e-01 1.578130199999999927e+00
9.995279593577682808e-01 -1.263732720553520546e-02 -2.800279313203644579e-02 -2.573260000000000131e-02 1.294965165188605681e-02 9.998556407691796544e-01 1.100018836874621167e-02 1.229440000000000047e-02 2.785973769062071934e-02 -1.135762224910365908e-02 9.995473172554946162e-01 1.634159799999999940e+00
9.995183051885347947e-01 -1.064933074166423896e-02 -2.915046050740189437e-02 -2.750549999999999870e-02 1.090666219093144873e-02 9.999028206278233188e-01 8.682973014808538156e-03 1.273730000000000001e-02 2.905515983249547934e-02 -8.996724697223531728e-03 9.995373212801164087e-01 1.689066299999999909e+00
9.994917007551366028e-01 -1.037682676748204712e-02 -3.014401412954604426e-02 -2.910420000000000021e-02 1.057919079440240197e-02 9.999225105482570930e-01 6.561525813891861368e-03 1.353930000000000064e-02 3.007359046971670030e-02 -6.877089872061137137e-03 9.995240291214371187e-01 1.742520800000000092e+00
9.994653262549505479e-01 -9.462840484717991579e-03 -3.129722454221893491e-02 -3.085790000000000061e-02 9.660106709592108931e-03 9.999343797413144941e-01 6.157803968292917957e-03 1.388999999999999957e-02 3.123690049356021847e-02 -6.456846080975809851e-03 9.994911531305527008e-01 1.796035800000000071e+00
9.994346640259965664e-01 -9.899430150304588949e-03 -3.213026028439033149e-02 -3.295800000000000118e-02 1.009045610179429633e-02 9.999323347394500905e-01 5.788664627532895228e-03 1.400350000000000032e-02 3.207078170081285179e-02 -6.109601068116375482e-03 9.994669267844170646e-01 1.848424400000000078e+00
9.993052418663208591e-01 -9.069910656915045402e-03 -3.614927798960271277e-02 -3.713369999999999865e-02 9.239257181484666556e-03 9.999470998963574386e-01 4.520346844946981045e-03 1.481689999999999917e-02 3.610636654702852055e-02 -4.851198773480325070e-03 9.993361777526278411e-01 1.952804900000000066e+00
9.992250585647548533e-01 -9.237589107263067395e-03 -3.826159018843496712e-02 -3.908840000000000231e-02 9.466302064212579054e-03 9.999383682316964617e-01 5.800764032542331597e-03 1.513070000000000040e-02 3.820564698433272927e-02 -6.158464550318272501e-03 9.992509203662967021e-01 2.004414800000000163e+00
9.991406041307807628e-01 -9.777266313755193436e-03 -4.027974975851231904e-02 -4.134340000000000237e-02 1.011508354609972314e-02 9.999152884049438139e-01 8.191526043013753339e-03 1.539719999999999978e-02 4.019624686502320382e-02 -8.591919313393127366e-03 9.991548632021355347e-01 2.054893299999999812e+00
9.990533620501158563e-01 -8.831195217352828461e-03 -4.259565432521425499e-02 -4.326479999999999909e-02 9.262689629352558948e-03 9.999076624011353776e-01 9.943301882543170364e-03 1.551639999999999964e-02 4.250390990474198216e-02 -1.032843950120764832e-02 9.990429124818811513e-01 2.105500000000000149e+00
9.989269954576776023e-01 -5.144429567191530564e-03 -4.602599906927905271e-02 -4.892860000000000265e-02 5.570979320160578813e-03 9.999426730413129016e-01 9.144113976126889975e-03 1.627850000000000130e-02 4.597631928842731142e-02 -9.390712189299675605e-03 9.988983895218103148e-01 2.201764299999999785e+00
9.988433302499044597e-01 -3.693479544355634733e-03 -4.794121216798366558e-02 -5.132919999999999844e-02 4.114186993791613817e-03 9.999538663939034899e-01 8.679778180543025815e-03 1.652270000000000127e-02 4.790694188382634000e-02 -8.866977655252175280e-03 9.988124456706578558e-01 2.249339099999999814e+00
9.987721262765162367e-01 -3.182947237733010568e-03 -4.943792693841916885e-02 -5.414499999999999869e-02 3.682057171368282276e-03 9.999431405830502273e-01 1.000789967440580096e-02 1.702309999999999934e-02 4.940326131009409316e-02 -1.017764451078952311e-02 9.987270564694532560e-01 2.296244900000000033e+00
9.987132504679895328e-01 -2.051255526947368645e-03 -5.067184317178576730e-02 -5.663540000000000241e-02 2.647550542541391404e-03 9.999280071430627359e-01 1.170346132678929535e-02 1.778450000000000170e-02 5.064418837129856105e-02 -1.182255816928518000e-02 9.986467810505105236e-01 2.342924800000000030e+00
9.987583132309044709e-01 3.974077540596474174e-03 -4.965922331108083704e-02 -6.218200000000000116e-02 -3.463914777032687988e-03 9.999403846717674904e-01 1.035511452834089394e-02 1.832719999999999835e-02 4.969741488826075887e-02 -1.017024140219536382e-02 9.987125377921541869e-01 2.433247800000000183e+00
9.988275164417792507e-01 5.676169568788103428e-03 -4.807674591498101863e-02 -6.446029999999999816e-02 -5.343333548736835942e-03 9.999608814853556682e-01 7.048708081452185158e-03 1.898499999999999840e-02 4.811487488640309867e-02 -6.783553497758369570e-03 9.988187734602352874e-01 2.477224599999999999e+00
9.989294663147363362e-01 6.035724257094874159e-03 -4.586383499935770686e-02 -6.649639999999999718e-02 -5.804267423852017826e-03 9.999697483792562291e-01 5.178108341802508882e-03 1.945109999999999895e-02 4.589370117813993538e-02 -4.906359038976968248e-03 9.989342800370564213e-01 2.520627699999999916e+00
9.991423714090512664e-01 1.164223932596594735e-02 -3.973638029028929430e-02 -7.072639999999999483e-02 -1.130983873716565058e-02 9.998992328866357360e-01 8.579721467323719875e-03 2.034290000000000057e-02 3.983226334062460461e-02 -8.122951199809106543e-03 9.991733625657605034e-01 2.606234300000000115e+00
9.992709412818248094e-01 2.134721310116236698e-02 -3.165252600582666581e-02 -7.459499999999999464e-02 -2.094181672266420130e-02 9.996950726838805812e-01 1.308441683549820336e-02 2.078990000000000005e-02 3.192219012051512178e-02 -1.241201612890865946e-02 9.994132856999277115e-01 2.688443200000000033e+00
9.993220682983224856e-01 3.407464613568980671e-02 -1.393995346801411329e-02 -7.824000000000000399e-02 -3.384359632765489290e-02 9.992911306855576381e-01 1.648778701919723436e-02 2.229309999999999972e-02 1.449188737099565104e-02 -1.600483126768864964e-02 9.997668881176847711e-01 2.803860199999999914e+00
9.992896394129777704e-01 3.705558135493032534e-02 -6.862976929074783919e-03 -7.887349999999999917e-02 -3.694090256851946530e-02 9.991870410258990587e-01 1.614393890385524763e-02 2.253279999999999866e-02 7.455620651832077506e-03 -1.587894632387170865e-02 9.998461245533433184e-01 2.838991899999999902e+00
9.991828318893383187e-01 4.041510851484860639e-02 5.361542085125886549e-04 -7.915690000000000226e-02 -4.041847126760226422e-02 9.990490969173149161e-01 1.634775608723134169e-02 2.271880000000000080e-02 1.250519584168121060e-04 -1.635606775574774754e-02 9.998662227566130767e-01 2.873078099999999857e+00
9.981638194293386279e-01 5.173412849628453852e-02 3.150507151181428100e-02 -7.760559999999999681e-02 -5.205918892755464350e-02 9.985979936429461024e-01 9.585819760863773659e-03 2.417810000000000098e-02 -3.096498717002452855e-02 -1.120834693487467171e-02 9.994576241785079196e-01 2.995534199999999814e+00
9.968456281875183178e-01 5.605456835387576109e-02 5.618432993364450012e-02 -7.390249999999999597e-02 -5.681291511551224416e-02 9.983128299608312606e-01 1.199108884438174032e-02 2.469659999999999911e-02 -5.541738210624488903e-02 -1.514526005907213847e-02 9.983484035436894777e-01 3.071060399999999913e+00
9.951751666230140847e-01 6.443141112662985337e-02 7.399311452484887142e-02 -7.138319999999999388e-02 -6.545051762538002527e-02 9.977903592548655887e-01 1.142929221850950625e-02 2.484609999999999944e-02 -7.309321089831820328e-02 -1.621703543430369834e-02 9.971932562358695185e-01 3.113353699999999780e+00
9.909668565705969101e-01 6.232566931213745498e-02 1.187442635388507445e-01 -6.201430000000000137e-02 -6.299626208146405504e-02 9.980119570354821779e-01 1.898572613906209568e-03 2.462249999999999855e-02 -1.183898650322460916e-01 -9.361867281737535490e-03 9.929230560817114970e-01 3.185574299999999859e+00
9.837083902644542244e-01 6.618203411443701611e-02 1.671458682821430619e-01 -5.240090000000000026e-02 -6.660888003996087714e-02 9.977744782542674606e-01 -3.057391739099734988e-03 2.471840000000000148e-02 -1.669762259219501055e-01 -8.125817183502727359e-03 9.859274370215903582e-01 3.236702199999999863e+00
9.536852697227783393e-01 6.946123081577706970e-02 2.926765172120049940e-01 -2.295849999999999974e-02 -6.913396897086429571e-02 9.975413892528168791e-01 -1.147480117020531140e-02 2.359730000000000161e-02 -2.927539933939881656e-01 -9.290540410412877204e-03 9.561426594451035710e-01 3.333423600000000153e+00
9.243067876151764839e-01 7.502687770107345500e-02 3.742030598364226024e-01 -1.358100000000000106e-03 -7.482864404714588413e-02 9.970823625703644222e-01 -1.508099072229422168e-02 2.240759999999999974e-02 -3.742427506292922978e-01 -1.406164547727444501e-02 9.272241550606266092e-01 3.382172300000000131e+00
9.117167937399198729e-01 7.325321430339845619e-02 4.042356424250844738e-01 7.386499999999999837e-03 -7.245351446736317258e-02 9.972217681916141219e-01 -1.729836079280644423e-02 2.185700000000000143e-02 -4.043797426354688307e-01 -1.351708692769586738e-02 9.144912859656242343e-01 3.397589899999999830e+00
7.574104499239947552e-01 8.440094153703243951e-02 6.474611118929028963e-01 9.284320000000000073e-02 -7.269292421012969740e-02 9.963457425124673250e-01 -4.484306130339964225e-02 1.767410000000000161e-02 -6.488799188722919054e-01 -1.310123829805990778e-02 7.607780283626396356e-01 3.504103199999999863e+00
6.494042095634876555e-01 8.163034158562793019e-02 7.560493766506494184e-01 1.505143999999999926e-01 -6.635916072562486612e-02 9.965122618878861083e-01 -5.059420613943464012e-02 1.387410000000000032e-02 -7.575424967544807098e-01 -1.731471165519721939e-02 6.525561787089941834e-01 3.550329899999999927e+00
4.655411244253444547e-01 7.779690870973254846e-02 8.816003076587459741e-01 2.529564000000000257e-01 -5.514167285070395441e-02 9.967433574367580151e-01 -5.883940279205047974e-02 8.577200000000000102e-03 -8.833067742206055506e-01 -2.122075401367159650e-02 4.683148750734694721e-01 3.605363600000000002e+00
2.258860993316358090e-01 6.662627972735139792e-02 9.718726300181679267e-01 4.139015999999999806e-01 -3.158002137226181838e-02 9.976348529759304640e-01 -6.105245595241251544e-02 5.059999999999999665e-05 -9.736417063678328709e-01 -1.690085729738309214e-02 2.274559048337669864e-01 3.649212100000000181e+00
1.454413699482478284e-01 6.748253527018986675e-02 9.870627717329251150e-01 4.866610000000000102e-01 -1.894872954947328034e-02 9.976781360214088679e-01 -6.541622545904182684e-02 -3.355499999999999976e-03 -9.891853989804125780e-01 -9.189360062314182176e-03 1.463823831805156628e-01 3.657231100000000179e+00
1.129726552323416094e-01 6.804867205384697304e-02 9.912651297213386226e-01 5.243497999999999770e-01 -1.037474300628650828e-02 9.976784021439984995e-01 -6.730654205165614856e-02 -5.808500000000000295e-03 -9.935439315286000994e-01 -2.680322201869304866e-03 1.134163656426451228e-01 3.659374999999999822e+00
5.885380935785746587e-02 6.477374047752228192e-02 9.961629342977079693e-01 6.043178000000000161e-01 3.809839097608513914e-03 9.978708276093350982e-01 -6.510988045075011277e-02 -1.061490000000000003e-02 -9.982593421802369305e-01 7.627184986037170711e-03 5.848172192291767324e-02 3.662490599999999930e+00
2.339635369563883294e-02 6.573774460315190415e-02 9.975626093475232770e-01 6.882137000000000393e-01 1.107394936785361522e-02 9.977574888861974189e-01 -6.601030992888867743e-02 -1.471060000000000076e-02 -9.996649330046277759e-01 1.259135838583342465e-02 2.261591065716173077e-02 3.662740700000000071e+00
9.882780179527353784e-03 6.546489213937137230e-02 9.978059323100376687e-01 7.310358000000000134e-01 1.209357093227230590e-02 9.977738582583233207e-01 -6.558256870850277809e-02 -1.717460000000000167e-02 -9.998780306607546464e-01 1.271517492918841641e-02 9.069075393384862238e-03 3.663283600000000195e+00
-2.563522558165137050e-02 6.784326653564624887e-02 9.973665957887055677e-01 9.599955999999999490e-01 1.998853499576791481e-02 9.975297997818022289e-01 -6.734060451169561479e-02 -3.053969999999999949e-02 -9.994715071867236178e-01 1.820960551607037070e-02 -2.692798894920100938e-02 3.658210500000000032e+00
-2.813539514206003095e-02 6.097364934479206772e-02 9.977427592449762406e-01 1.009209999999999940e+00 1.778940751954297822e-02 9.980103683843835061e-01 -6.048835902362331707e-02 -3.323559999999999709e-02 -9.994458146994783521e-01 1.604738866125771102e-02 -2.916410116651579898e-02 3.656956399999999885e+00
-2.941232585713485920e-02 5.539004665706949437e-02 9.980314913964394297e-01 1.058805199999999891e+00 1.895894069177475605e-02 9.983147602877991966e-01 -5.484704148228748688e-02 -3.574700000000000100e-02 -9.993875492798172111e-01 1.730844079753176765e-02 -3.041289564705829118e-02 3.655606000000000133e+00
-2.913649633215455170e-02 5.517171117497490090e-02 9.980516754494787035e-01 1.159407099999999913e+00 2.505270057290507474e-02 9.982022367649310279e-01 -5.444866124610447250e-02 -4.082999999999999824e-02 -9.992614406527907667e-01 2.341744656263417684e-02 -3.046631617041128948e-02 3.651353600000000199e+00
-2.600972765998248865e-02 7.061357274800067474e-02 9.971645889274327601e-01 1.261989100000000086e+00 2.682310789435889825e-02 9.971922032515635470e-01 -6.991588272474279220e-02 -4.588169999999999749e-02 -9.993017637080106041e-01 2.492856028845671923e-02 -2.783077311185688796e-02 3.648244599999999949e+00
-2.166158317730780200e-02 6.704871807246565174e-02 9.975145338385256188e-01 1.368366799999999994e+00 2.708649421797339543e-02 9.974217513459530116e-01 -6.645428333035804935e-02 -5.144769999999999899e-02 -9.993983678419890992e-01 2.557966666731271640e-02 -2.342184894402876694e-02 3.646040900000000029e+00
-1.640906118857455784e-02 5.908141664214694444e-02 9.981182940505934909e-01 1.476380299999999979e+00 2.484757316309548283e-02 9.979684998308212540e-01 -5.866405588880457822e-02 -5.773339999999999722e-02 -9.995565720952539479e-01 2.383819525419682631e-02 -1.784375600058896172e-02 3.644858600000000060e+00
-9.498173252041927639e-03 6.988941386107908049e-02 9.975095260372350836e-01 1.582387400000000000e+00 3.418840778493701521e-02 9.969940039389918462e-01 -6.952775620447043670e-02 -6.403380000000000183e-02 -9.993702704593554476e-01 3.344287577126444505e-02 -1.185902956159234911e-02 3.642354999999999787e+00
-3.548319656131695282e-03 6.729820735488017958e-02 9.977265961747422418e-01 1.690200799999999948e+00 2.387992903553796606e-02 9.974540564597992320e-01 -6.719489743387807579e-02 -6.986370000000000080e-02 -9.997085367330197370e-01 2.358721133816531201e-02 -5.146362250478042633e-03 3.643109299999999884e+00
1.122307487510074749e-03 6.342181428551828259e-02 9.979861792122355357e-01 1.743838299999999952e+00 2.785706681119007669e-02 9.975975223056832153e-01 -6.342844250207266277e-02 -7.385799999999999310e-02 -9.996112865782278423e-01 2.787215388690072668e-02 -6.471345490334234896e-04 3.642811299999999974e+00
4.849202581127849340e-03 6.479884035564255351e-02 9.978865644565477755e-01 1.797771999999999926e+00 3.291742711676477751e-02 9.973471544519219023e-01 -6.492377452572094254e-02 -7.694620000000000626e-02 -9.994463108273201613e-01 3.316268679130390806e-02 2.703327290990986675e-03 3.642417000000000016e+00
1.507377126988618601e-02 6.938275986966210840e-02 9.974762222993447391e-01 1.959126499999999993e+00 2.774936014417998462e-02 9.971762889065518554e-01 -6.978124285326023357e-02 -8.703279999999999350e-02 -9.995012528412816621e-01 2.873119342153907657e-02 1.310588010331092956e-02 3.645160900000000037e+00
2.269751525659760572e-02 6.674772752382339414e-02 9.975116859824657567e-01 2.067166999999999977e+00 3.657140708939135565e-02 9.970454892339560837e-01 -6.754868304951003322e-02 -9.411809999999999621e-02 -9.990732480577577679e-01 3.801359320856919494e-02 2.018939688784404662e-02 3.646170600000000039e+00
3.605774592352126162e-02 6.475687506043244224e-02 9.972494101734643568e-01 2.283333499999999905e+00 4.300714733635214310e-02 9.968732901732332286e-01 -6.628746953370612260e-02 -1.080505999999999966e-01 -9.984238700256040655e-01 4.527902904877998541e-02 3.315999534824531914e-02 3.652497799999999906e+00
4.220498508914171526e-02 6.708322536063580921e-02 9.968543424737837944e-01 2.391367400000000032e+00 3.862296408405702791e-02 9.968880226248110210e-01 -6.872071734605149362e-02 -1.143756999999999968e-01 -9.983621616823162848e-01 4.140182631730646157e-02 3.948269112667757152e-02 3.657458999999999794e+00
4.469252708811497637e-02 6.702520751490106954e-02 9.967498179483467169e-01 2.446085899999999924e+00 4.034776709712136616e-02 9.968115773786916378e-01 -6.883848410650167393e-02 -1.179213000000000067e-01 -9.981856719632646868e-01 4.329319532431261108e-02 4.184571096129630075e-02 3.660227799999999920e+00
5.552001365086568080e-02 6.910597086750713824e-02 9.960631972293058078e-01 2.666778799999999894e+00 3.171810417129174164e-02 9.969763612450814882e-01 -7.093727501318297657e-02 -1.319941000000000031e-01 -9.979536512042964658e-01 3.553167472799616949e-02 5.316023080308351911e-02 3.673332199999999936e+00
5.926131949052135944e-02 7.274793630929433930e-02 9.955881848309475757e-01 2.722112899999999946e+00 3.090660561084361893e-02 9.967291632653431099e-01 -7.467099052500152101e-02 -1.354193999999999953e-01 -9.977639388862769021e-01 3.519535280556158885e-02 5.681909361327341923e-02 3.676304299999999969e+00
6.532004038717292849e-02 7.735204343243380631e-02 9.948617761783016267e-01 2.833673000000000108e+00 2.514003707573727806e-02 9.965469564059711294e-01 -7.913369834543418357e-02 -1.429205000000000059e-01 -9.975476283665101196e-01 3.017987831026646903e-02 6.314985420037688701e-02 3.684609700000000210e+00
7.183550845020918174e-02 7.727762816993548334e-02 9.944183364711902673e-01 2.946841500000000114e+00 2.361792482893522796e-02 9.965827419339343685e-01 -7.915195579526715375e-02 -1.509776999999999925e-01 -9.971368277987102680e-01 2.917201850867290336e-02 6.976489076645187026e-02 3.693084999999999951e+00
7.904982410130315107e-02 7.937214796089710200e-02 9.937057851485148197e-01 3.060324699999999787e+00 1.842909309237017110e-02 9.965384704349757872e-01 -8.106445257269997984e-02 -1.590026999999999968e-01 -9.967003029182571749e-01 2.472122713766913144e-02 7.731343409435376124e-02 3.703440899999999925e+00
8.800246388937627007e-02 7.705599552322925372e-02 9.931354086444219575e-01 3.175772900000000121e+00 1.799432594422854109e-02 9.967178662818392265e-01 -7.892844397547994773e-02 -1.678512000000000060e-01 -9.959577152586407411e-01 2.481669979069916002e-02 8.632705733596168773e-02 3.713860799999999962e+00
9.293655708552074624e-02 8.066399219070907733e-02 9.923991720678463357e-01 3.233149300000000004e+00 1.446999228679864830e-02 9.964982309271662730e-01 -8.235226215622654111e-02 -1.722458000000000045e-01 -9.955668815706505415e-01 2.201354407825101625e-02 9.144390737936103353e-02 3.719982400000000133e+00
9.873716462564118002e-02 8.937219215699745978e-02 9.910921166020549844e-01 3.290412200000000009e+00 1.244536127827192834e-02 9.957700256737068711e-01 -9.103388903281287026e-02 -1.765915000000000123e-01 -9.950357206172761870e-01 2.132292753910497440e-02 9.720723973459877154e-02 3.726656900000000050e+00
1.133935406311029764e-01 9.731380154366817137e-02 9.887729410599088720e-01 3.406448800000000166e+00 6.132942275063994753e-03 9.951042594767393057e-01 -9.864025441117380000e-02 -1.859522000000000119e-01 -9.935312234460440539e-01 1.724925506710145440e-02 1.122415753517249648e-01 3.740313800000000022e+00
1.279822074582414038e-01 9.375068507740021151e-02 9.873354868643354765e-01 3.523554999999999993e+00 2.250888162919711943e-03 9.954921787634611885e-01 -9.481695799410040648e-02 -1.966679000000000066e-01 -9.917739097579619800e-01 1.435726534877385108e-02 1.271942642382556388e-01 3.756267499999999870e+00
1.355122098161826716e-01 9.020974624462815838e-02 9.866603481812850074e-01 3.582819699999999941e+00 1.667924519882020562e-03 9.958241750811503978e-01 -9.127666926297260674e-02 -2.018234999999999890e-01 -9.907742724851764660e-01 1.401477814401315414e-02 1.347958715059300872e-01 3.764462700000000162e+00
1.429198526340914044e-01 8.487523563616430899e-02 9.860882871724799825e-01 3.641665699999999894e+00 -4.967808965282496936e-04 9.963222313864300572e-01 -8.568409685528516340e-02 -2.066394000000000009e-01 -9.897341405305722928e-01 1.175608867228503801e-02 1.424363908814700874e-01 3.773489200000000210e+00
1.573568675010993123e-01 7.445700675101296628e-02 9.847309126842320737e-01 3.759052000000000060e+00 -2.572070022982993198e-03 9.971811656772421317e-01 -7.498738076752334281e-02 -2.162032000000000120e-01 -9.875384553049253444e-01 9.266982478469847073e-03 1.571048131971308770e-01 3.793212399999999818e+00
1.647874968636098281e-01 7.661670673117668140e-02 9.833488501681866278e-01 3.816687299999999894e+00 -2.805976926202026489e-03 9.970108304688568568e-01 -7.721094754819471384e-02 -2.202743000000000062e-01 -9.863251022715155969e-01 9.964144592955269386e-03 1.645099038101210942e-01 3.803009299999999815e+00
1.760717604670871128e-01 8.721666173631040242e-02 9.805059862548493044e-01 3.929932800000000004e+00 -3.462968826091789021e-03 9.961159283484279925e-01 -8.798332306442496753e-02 -2.286719999999999864e-01 -9.843712424755866053e-01 1.209591691950084869e-02 1.756899137143231870e-01 3.823300800000000166e+00
1.806503391394317370e-01 8.976848739549234124e-02 9.794422257793125031e-01 3.985908499999999854e+00 -5.071823799636311636e-03 9.958979549870728976e-01 -9.034124116875792698e-02 -2.339111000000000107e-01 -9.835343062507548861e-01 1.135261746433702257e-02 1.803645932675110863e-01 3.834655800000000170e+00
1.858724368523595183e-01 8.938535630994320913e-02 9.784997165538220631e-01 4.041338900000000400e+00 -7.573288800743933902e-03 9.959543231254538442e-01 -8.954122818266219141e-02 -2.387929000000000024e-01 -9.825446974643474718e-01 9.232785336156422440e-03 1.857973981508629358e-01 3.845919100000000146e+00
1.956577358945065237e-01 7.995254169773652331e-02 9.774076127495157085e-01 4.151055799999999962e+00 -2.694490009499853067e-03 9.967110936257973508e-01 -8.099219448104637287e-02 -2.477142999999999984e-01 -9.806685424281866847e-01 1.321313434952640919e-02 1.952296672445996695e-01 3.867709899999999923e+00
2.018394071732978190e-01 7.032548647869193981e-02 9.768905668822208677e-01 4.258848699999999710e+00 -8.168483476558054124e-03 9.975049936346778168e-01 -7.012177658598350849e-02 -2.563290999999999764e-01 -9.793845667507860009e-01 6.173623362070494724e-03 2.019102691419096818e-01 3.891358400000000106e+00
2.070581500368335881e-01 7.228893286529211593e-02 9.756542587866470218e-01 4.363095300000000343e+00 -1.160286175160103739e-02 9.973776927920223745e-01 -7.143606596135804176e-02 -2.641122000000000192e-01 -9.782598305677778772e-01 3.471038181805774503e-03 2.073539384517282258e-01 3.914800899999999917e+00
2.104521737533791570e-01 8.089090965599776695e-02 9.742517863968754854e-01 4.464084599999999625e+00 -1.736976979686526840e-02 9.967229169669011846e-01 -7.900454347817958967e-02 -2.717579999999999996e-01 -9.774498317866148200e-01 -2.958513425222256132e-04 2.111675609848768786e-01 3.937989500000000032e+00
2.124101314534586615e-01 8.638459436573056593e-02 9.733548365895106080e-01 4.513719100000000317e+00 -1.820016678558020878e-02 9.962618393784985482e-01 -8.444584848971412039e-02 -2.755929999999999769e-01 -9.770111002362775743e-01 2.219334109187787174e-04 2.131883222896123753e-01 3.949332699999999807e+00
2.151705655514671578e-01 8.811891185797310344e-02 9.725927642611930102e-01 4.610806000000000182e+00 -1.975523800031189076e-02 9.961096912089902888e-01 -8.587906410226578413e-02 -2.837022000000000155e-01 -9.763766477603880167e-01 -7.351547434458760577e-04 2.160742956848185070e-01 3.972103399999999951e+00
2.165140137537197307e-01 8.258325006095298959e-02 9.727803907653689297e-01 4.706688899999999620e+00 -1.943917356269608127e-02 9.965829967109772758e-01 -8.027732679759325141e-02 -2.916490999999999945e-01 -9.760859595237774133e-01 -1.528880616109375146e-03 2.173795347879101669e-01 3.994165199999999860e+00
2.164027743468159293e-01 8.137234349850303028e-02 9.729071800375216350e-01 4.753840399999999633e+00 -1.843209361293141751e-02 9.966834666559111211e-01 -7.926112048034325563e-02 -2.954786999999999830e-01 -9.761301640560263726e-01 -7.803898493612196341e-04 2.171849299828093605e-01 4.004653900000000100e+00
2.132451212867340351e-01 8.153295612364055978e-02 9.735907226926243663e-01 4.845348399999999778e+00 -1.994488062253112898e-02 9.966673812910661345e-01 -7.909698355412496384e-02 -3.030050000000000243e-01 -9.767951269249652846e-01 -2.551104887894020679e-03 2.141606216826330567e-01 4.025431600000000110e+00
2.110617910367731942e-01 8.420386592117201641e-02 9.738391188118695752e-01 4.889752900000000402e+00 -2.042780015682347378e-02 9.964450427203072058e-01 -8.173115574172468145e-02 -3.067267000000000188e-01 -9.772592416268583992e-01 -2.643066789632095293e-03 2.120315751317316533e-01 4.035425199999999712e+00
2.087727180320018971e-01 8.818017323916202410e-02 9.739806000393652630e-01 4.933334399999999675e+00 -1.925239523867991465e-02 9.961042317255165424e-01 -8.605640485223754743e-02 -3.104953999999999770e-01 -9.777746660059792871e-01 -7.852299217004643506e-04 2.096570674479307783e-01 4.044919000000000153e+00
2.048703048375820901e-01 8.766953105218557030e-02 9.748549694805099808e-01 5.019911800000000035e+00 -1.754882463390246283e-02 9.961494933611798608e-01 -8.589659847882855082e-02 -3.174895999999999829e-01 -9.786317984562553640e-01 4.901034119671812683e-04 2.056199475948791155e-01 4.062926299999999991e+00
2.006051616387463932e-01 8.072500005972037262e-02 9.763406390646917066e-01 5.103769800000000245e+00 -1.725319906920327884e-02 9.967358856711551196e-01 -7.886635110880030330e-02 -3.248640999999999890e-01 -9.795202377928547977e-01 -1.024002293097257821e-03 2.013431279520929706e-01 4.080197799999999653e+00
1.968128714770811805e-01 8.129642617628662915e-02 9.770647802023719741e-01 5.184492099999999937e+00 -1.051055876079363266e-02 9.966740372632061362e-01 -8.081083838197049285e-02 -3.312711999999999879e-01 -9.803847315087490522e-01 5.635116363006995033e-03 1.970127500647953500e-01 4.096486600000000422e+00
1.927065235193148873e-01 8.557347956900096531e-02 9.775179667850374399e-01 5.263771499999999826e+00 -7.182827561410871919e-03 9.962864462472018623e-01 -8.580048958103006496e-02 -3.371977999999999920e-01 -9.812301477132278071e-01 9.512971069817625913e-03 1.926055570332850797e-01 4.111878400000000156e+00
1.899832446499323535e-01 8.654772179266417842e-02 9.779651622653966481e-01 5.342935599999999674e+00 -6.373670150799155831e-03 9.961946597200810327e-01 -8.692281791336964325e-02 -3.433238000000000123e-01 -9.817666439032712855e-01 1.028065161804481847e-02 1.898119203875658911e-01 4.127648800000000229e+00
1.931183346449435179e-01 8.305889339693928175e-02 9.776535833574382384e-01 5.422984099999999863e+00 4.428822940671955921e-03 9.963265986228097004e-01 -8.552014034169277967e-02 -3.496582999999999775e-01 -9.811654775578499965e-01 2.084536169939312650e-02 1.920410803559948754e-01 4.142358800000000230e+00
1.980098929945247055e-01 8.220554043822131396e-02 9.767468102827655541e-01 5.502270700000000403e+00 4.370189924636058709e-03 9.963930913521994448e-01 -8.474496413138789264e-02 -3.562064999999999815e-01 -9.801902793418834081e-01 2.104891034869910138e-02 1.969364355745603090e-01 4.159347999999999601e+00
2.099179913669879383e-01 8.182740350329743839e-02 9.742888241873441935e-01 5.584176499999999876e+00 4.470437712190022950e-03 9.964009128663153803e-01 -8.464771719210627265e-02 -3.625125000000000153e-01 -9.777087767260304041e-01 2.212457626898017837e-02 2.087966739146183137e-01 4.177572299999999572e+00
2.259165186852157836e-01 8.018238077479120096e-02 9.708411365400824167e-01 5.667599199999999726e+00 2.649977132447224604e-03 9.965524713795665956e-01 -8.292255066310716405e-02 -3.686518999999999768e-01 -9.741430614680526290e-01 2.130628077737789158e-02 2.249251835457414250e-01 4.197613200000000155e+00
2.441886218596659441e-01 7.964326113112152328e-02 9.664516893827012067e-01 5.752539600000000419e+00 -2.141490267763522526e-03 9.966635239146981462e-01 -8.159187531469638821e-02 -3.752825000000000188e-01 -9.697253894653424799e-01 1.785416070096474545e-02 2.435444476311335871e-01 4.220718899999999607e+00
2.628902515214356916e-01 8.596481557026761089e-02 9.609884318445076623e-01 5.838913899999999657e+00 -1.098032406207712780e-02 9.962248598008081046e-01 -8.611307216881852744e-02 -3.815393999999999730e-01 -9.647632601516746842e-01 1.208632280018422794e-02 2.628417254978396844e-01 4.246148100000000092e+00
2.838320828693932096e-01 9.057180663116723429e-02 9.545868722005285134e-01 5.928120599999999740e+00 -1.644546823820468295e-02 9.958423781337960579e-01 -8.959634193007966207e-02 -3.886360999999999843e-01 -9.587329635036275777e-01 9.731688260111906463e-03 2.841415121645548547e-01 4.274202299999999788e+00
3.039642064716756020e-01 9.160481751740015555e-02 9.482691171770005756e-01 6.019127400000000350e+00 -2.053323545350881074e-02 9.957651442192666513e-01 -8.961118122083738813e-02 -3.960869000000000195e-01 -9.524621501276862023e-01 7.767558534495046241e-03 3.045579051815234806e-01 4.304425199999999840e+00
3.246965527742568525e-01 8.807380529617001019e-02 9.417086351081029871e-01 6.112371900000000302e+00 -2.436488362860371459e-02 9.961034375897950266e-01 -8.476021512217826737e-02 -4.030468999999999857e-01 -9.455043633227075972e-01 4.576728356115535024e-03 3.255772604087630029e-01 4.337673200000000229e+00
3.463276830644144155e-01 7.655079262018088526e-02 9.349850865615219053e-01 6.209300500000000334e+00 -1.908493179067525039e-02 9.970337593011000532e-01 -7.456170727968475243e-02 -4.105322000000000138e-01 -9.379194535362724849e-01 7.978656725175073405e-03 3.467613584514313008e-01 4.373512700000000031e+00
3.661628744678729896e-01 7.082414052072615041e-02 9.278516532727227872e-01 6.309140199999999865e+00 -1.376466486431910871e-02 9.974025756174695889e-01 -7.070103360496793332e-02 -4.173792000000000058e-01 -9.304489687041399559e-01 1.311652664154130260e-02 3.661866646483239451e-01 4.412927200000000383e+00
3.819758059090725966e-01 5.558500417271901306e-02 9.224992092198416316e-01 6.411639700000000275e+00 2.744749747900902120e-03 9.981169730983791011e-01 -6.127784560304898320e-02 -4.233832000000000151e-01 -9.241682476956973868e-01 2.593868393054129043e-02 3.811039682645873672e-01 4.453368700000000402e+00
3.964772910709841724e-01 5.096695945524926108e-02 9.166286743872357201e-01 6.514282699999999870e+00 1.019528925858938576e-02 9.981517332176819135e-01 -5.990971166239537210e-02 -4.301363000000000270e-01 -9.179879159019185275e-01 3.309813466684547595e-02 3.952248723696771826e-01 4.496643500000000238e+00
4.109829329454509628e-01 6.152103535854527849e-02 9.095648360815008493e-01 6.616640099999999691e+00 1.611673499200456591e-02 9.970741373405598296e-01 -7.472225571927046395e-02 -4.363437000000000010e-01 -9.115005648274455696e-01 4.536878723297738808e-02 4.087889351049712738e-01 4.542514800000000186e+00
4.166614432542293800e-01 6.316291693048288469e-02 9.068647570779975187e-01 6.668106599999999773e+00 1.485652975115196728e-02 9.969768910861667166e-01 -7.626507827252847205e-02 -4.401554999999999773e-01 -9.089403309508581330e-01 4.524958082672894677e-02 4.144634485765296139e-01 4.565995199999999699e+00
4.248058837189152004e-01 6.860156418720372851e-02 9.026814424529067127e-01 6.768440199999999685e+00 1.056256846318735787e-03 9.970863980782455060e-01 -7.627318722083849256e-02 -4.484501000000000182e-01 -9.052838480163368784e-01 3.335476215504230846e-02 4.234957076078982308e-01 4.615471399999999669e+00
4.324188452169169250e-01 7.600770254546221349e-02 8.984635615621975324e-01 6.865445099999999634e+00 -3.156634587330696406e-03 9.965622360227576193e-01 -8.278735043111037917e-02 -4.565445000000000197e-01 -9.016673322014888692e-01 3.296268931810542729e-02 4.311722198305080189e-01 4.663658599999999765e+00
4.397659925778069634e-01 7.724740697452073257e-02 8.947841694441006632e-01 6.960323299999999769e+00 -7.362195029039418637e-03 9.965707899839242323e-01 -8.241637358663388147e-02 -4.653115999999999919e-01 -8.980822177598276612e-01 2.965634277064486957e-02 4.388266531069636711e-01 4.711225500000000288e+00
