1.000000000000000000e+00 0.000000000000000000e+00 0.000000000000000000e+00 0.000000000000000000e+00 0.000000000000000000e+00 1.000000000000000000e+00 0.000000000000000000e+00 0.000000000000000000e+00 0.000000000000000000e+00 0.000000000000000000e+00 1.000000000000000000e+00 0.000000000000000000e+00
9.999987057740522545e-01 -1.608105901913934460e-03 4.945329946262036654e-05 1.819999999999999854e-05 1.607886127189212064e-03 9.999900443809061068e-01 4.162432134639636877e-03 3.084000000000000153e-04 -5.614643880643819423e-05 -4.162347232237812583e-03 9.999913358190138934e-01 6.170500000000000290e-02
9.999920981914344198e-01 -3.935417517369900475e-03 -5.621776024297787727e-04 4.679999999999999915e-05 3.940867552615171313e-03 9.999417641378962607e-01 1.004678534281452582e-02 7.186000000000000113e-04 5.226065685010784648e-04 -1.004892142251227055e-02 9.999493717486994671e-01 1.235447999999999963e-01
9.999696245124813920e-01 -7.607123527668265342e-03 -1.697564137731313481e-03 -8.150000000000000235e-05 7.623769633737184984e-03 9.999206868210092081e-01 1.002487924978386936e-02 1.214800000000000038e-03 1.621169003719945137e-03 -1.003751657711389987e-02 9.999483087000174963e-01 1.843120000000000036e-01
9.999422487173625917e-01 -1.039963252822042640e-02 -2.710511638440013613e-03 -2.987999999999999988e-04 1.041912861109789944e-02 9.999192130587529759e-01 7.280735879674546732e-03 1.734599999999999987e-03 2.634575686811884820e-03 -7.308556577201735099e-03 9.999698215504847498e-01 2.446705999999999881e-01
9.999354331669741969e-01 -1.094131013062348695e-02 -3.068750527680000253e-03 -9.158999999999999824e-04 1.095389032804316987e-02 9.999315452099704071e-01 4.113050046161271026e-03 1.989700000000000062e-03 3.023538300869148699e-03 -4.146399236270045460e-03 9.999868327080695396e-01 3.045710999999999835e-01
9.999348246753582137e-01 -1.075619174558665667e-02 -3.827628586064309515e-03 -1.299500000000000091e-03 1.076942497331392912e-02 9.999360438830314779e-01 3.453640006759657512e-03 2.321500000000000213e-03 3.790235771669810821e-03 -3.494636273534352470e-03 9.999867107267530475e-01 3.647445999999999744e-01
9.999337210278149701e-01 -1.035853162364305802e-02 -5.025373027922929239e-03 -1.547500000000000047e-03 1.038385857178548283e-02 9.999333838369003358e-01 5.040175557187250369e-03 2.915200000000000170e-03 4.972829438955828074e-03 -5.092024262324105696e-03 9.999746708073574686e-01 4.244192999999999993e-01
9.999335162233898844e-01 -1.009204450555081442e-02 -5.577971927649363719e-03 -2.289999999999999935e-03 1.013705256550426204e-02 9.999158083382200246e-01 8.100395089639160495e-03 3.175600000000000211e-03 5.495752761166229454e-03 -8.156400739421056784e-03 9.999516337446358039e-01 4.839893000000000112e-01
9.999289578495023090e-01 -1.019749262904420459e-02 -6.171741900695456272e-03 -2.976599999999999819e-03 1.025630824638869634e-02 9.999015645711687439e-01 9.574409082755953870e-03 3.725700000000000192e-03 6.073499416585967543e-03 -9.637028183495655043e-03 9.999351180414793872e-01 5.435394000000000059e-01
9.999164845501452570e-01 -1.122524793958193379e-02 -6.404508847212816991e-03 -3.824800000000000161e-03 1.129078166091617916e-02 9.998833131435839183e-01 1.028972042842307352e-02 4.365400000000000183e-03 6.288256862170516284e-03 -1.036117298883190013e-02 9.999265492624600515e-01 6.030077000000000353e-01
9.998961965541006691e-01 -1.176955567629592476e-02 -8.311057443306461151e-03 -4.687799999999999780e-03 1.184279979444976920e-02 9.998909778351386946e-01 8.819327464088606156e-03 5.383800000000000217e-03 8.206351788215628801e-03 -8.916838176888569611e-03 9.999265701976597365e-01 7.218902000000000374e-01
9.998749134836079078e-01 -1.207408931418461548e-02 -1.021634736001953217e-02 -4.827299999999999647e-03 1.214420930795810302e-02 9.999029330986378694e-01 6.829535930460351421e-03 5.810300000000000013e-03 1.013289526403924473e-02 -6.952751108305117549e-03 9.999244889918408319e-01 7.804754000000000413e-01
9.998476489260577083e-01 -1.319002377662245422e-02 -1.143250671580965314e-02 -6.018700000000000092e-03 1.325446361733912011e-02 9.998965903956126278e-01 5.579221222099131280e-03 6.263399999999999697e-03 1.135773442423848936e-02 -5.729902966073866996e-03 9.999190817664936892e-01 8.392920999999999854e-01
9.998221918389301743e-01 -1.153365798659855730e-02 -1.491842618528040586e-02 -7.784899999999999980e-03 1.159167131156681012e-02 9.999255630195934552e-01 3.808093506420507333e-03 7.215899999999999918e-03 1.487339445459871616e-02 -3.980345889142590868e-03 9.998814624664269513e-01 9.555989999999999762e-01
9.998183614907317773e-01 -1.023801738056382381e-02 -1.607566565041113754e-02 -9.433199999999999225e-03 1.030500526432235990e-02 9.999385385455066277e-01 4.089743021122092641e-03 7.344700000000000013e-03 1.603280675648602327e-02 -4.254659985451418429e-03 9.998624140230082391e-01 1.013490400000000013e+00
9.997995900154544868e-01 -1.060026933737825625e-02 -1.698275875422288611e-02 -1.118779999999999948e-02 1.068140415510401148e-02 9.999319350566037157e-01 4.693917258685575272e-03 7.790599999999999956e-03 1.693184603652013454e-02 -4.874376260722790288e-03 9.998447644738979179e-01 1.070833600000000052e+00
9.997695480175962102e-01 -1.040239372908376841e-02 -1.877873961150298282e-02 -1.207339999999999976e-02 1.051390783348009686e-02 9.999276185942108652e-01 5.849385829264559279e-03 8.234000000000000000e-03 1.871653276546161870e-02 -6.045475764208624141e-03 9.998065531011606222e-01 1.128713599999999984e+00
9.996880362439214407e-01 -1.168453763788045337e-02 -2.207491270562086938e-02 -1.444119999999999952e-02 1.182830293248574201e-02 9.999096044013265905e-01 6.393299282832419668e-03 8.894199999999999676e-03 2.199821448457069117e-02 -6.652413559864675703e-03 9.997358770962054830e-01 1.242717999999999989e+00
9.996614816796809411e-01 -1.148166552043111514e-02 -2.334723544366563985e-02 -1.622960000000000028e-02 1.163225636304807305e-02 9.999123418187015888e-01 6.324499232703632325e-03 8.988799999999999915e-03 2.327257308269417568e-02 -6.593939301895679513e-03 9.997074108490912048e-01 1.299102399999999990e+00
9.996272969406272413e-01 -1.146068846840180705e-02 -2.477740565526156957e-02 -1.767120000000000149e-02 1.163062396156322106e-02 9.999097454942290630e-01 6.725284524154793130e-03 9.313399999999999457e-03 2.469809299196716601e-02 -7.010954677956944721e-03 9.996703710309032820e-01 1.355394699999999952e+00
9.996021904365907096e-01 -1.119912338978291955e-02 -2.588514071181395940e-02 -1.930760000000000115e-02 1.142640651843049998e-02 9.998973083817698226e-01 8.649273088966451251e-03 9.740399999999999753e-03 2.578561824827088275e-02 -8.941606465975082685e-03 9.996275054065699717e-01 1.411091000000000095e+00
9.995637212342791678e-01 -1.261023488234482362e-02 -2.670859727676202014e-02 -2.086110000000000048e-02 1.292134371404945331e-02 9.998502925650321060e-01 1.150788139681184312e-02 1.016880000000000041e-02 2.655948171376016145e-02 -1.184797171805314873e-02 9.995770202927158898e-01 1.466291999999999929e+00
9.995480480923624178e-01 -1.250662278988602313e-02 -2.733649467543008277e-02 -2.257160000000000069e-02 1.286994538254073589e-02 9.998306348369937480e-01 1.315546074086002340e-02 1.066390000000000046e-02 2.716733444044026891e-02 -1.350133429870524135e-02 9.995397190264906362e-01 1.520657399999999937e+00
9.995292031830038670e-01 -1.254820739654936672e-02 -2.799847273482278937e-02 -2.438999999999999849e-02 1.287436736540441447e-02 9.998509949537031094e-01 1.149950238186372813e-02 1.157590000000000008e-02 2.785000268025195763e-02 -1.185455107640367468e-02 9.995418185196089933e-01 1.574469099999999955e+00
9.995216432686704344e-01 -1.067920569088637306e-02 -2.902480324323392091e-02 -2.619550000000000003e-02 1.094597873272780408e-02 9.998991553233650409e-01 9.047913196086060025e-03 1.209799999999999938e-02 2.892525172024217051e-02 -9.361289944926272713e-03 9.995377411901401610e-01 1.627663599999999988e+00
9.994998046129612845e-01 -1.038797030743146728e-02 -2.987023018900551025e-02 -2.768910000000000121e-02 1.060486610891016139e-02 9.999184745495316440e-01 7.112036933944117754e-03 1.283439999999999928e-02 2.979391537653858918e-02 -7.425249317674039069e-03 9.995284829754008671e-01 1.679451900000000109e+00
9.994724788463260623e-01 -9.525416185045277803e-03 -3.104884016001278890e-02 -2.941560000000000008e-02 9.733534725551806419e-03 9.999311185073953556e-01 6.558699741240277790e-03 1.330940000000000074e-02 3.098422712489086461e-02 -6.857454852271770325e-03 9.994963496593782804e-01 1.731002699999999894e+00
9.994365711103703198e-01 -9.933041167943034572e-03 -3.206049001967416212e-02 -3.126280000000000031e-02 1.013962711537560665e-02 9.999288251905493752e-01 6.287488768087761727e-03 1.340700000000000051e-02 3.199575423562972531e-02 -6.609027629208316483e-03 9.994661537364282200e-01 1.781725400000000015e+00
9.993055735629018388e-01 -8.841111137903414838e-03 -3.619675952301502214e-02 -3.531139999999999973e-02 9.018934520430404653e-03 9.999480356251313484e-01 4.752354106880585412e-03 1.446109999999999930e-02 3.615286249020854131e-02 -5.075510150540154218e-03 9.993333826759095428e-01 1.882589499999999916e+00
9.992262172790198349e-01 -9.101060668461167721e-03 -3.826404836096065215e-02 -3.727570000000000189e-02 9.336883528267557117e-03 9.999384761814628098e-01 5.988861149968489721e-03 1.474149999999999940e-02 3.820718922193194061e-02 -6.341494035558580857e-03 9.992497166099955086e-01 1.932653399999999966e+00
9.991485094257995803e-01 -9.470478713128943973e-03 -4.015676960547374941e-02 -3.957039999999999863e-02 9.815635073883935066e-03 9.999164861439200358e-01 8.406785693240317534e-03 1.501259999999999921e-02 4.007379967384261388e-02 -8.793791590656565779e-03 9.991580254440038944e-01 1.981418300000000077e+00
9.990672726316954799e-01 -8.501904281760168380e-03 -4.233559235264276049e-02 -4.165279999999999677e-02 8.938594395629072265e-03 9.999086735815159166e-01 1.013637147522960212e-02 1.515179999999999999e-02 4.224554753457202688e-02 -1.050533769267832269e-02 9.990520264698264929e-01 2.030216900000000102e+00
9.989949468697000290e-01 -7.253919496094773933e-03 -4.423207863925791850e-02 -4.410680000000000156e-02 7.702528821302276341e-03 9.999205303178166915e-01 9.980185303558470819e-03 1.575469999999999995e-02 4.415616806927802340e-02 -1.031085354762314825e-02 9.989714305827556151e-01 2.077452899999999936e+00
9.989249624921280324e-01 -4.776153473131034347e-03 -4.610973506865716220e-02 -4.684200000000000169e-02 5.219843297690021991e-03 9.999411846097443490e-01 9.506868948747717457e-03 1.580459999999999851e-02 4.606161684144635671e-02 -9.737334299601781151e-03 9.988911411033184473e-01 2.124017499999999892e+00
9.988376612312882541e-01 -3.295044588537690382e-03 -4.808813977655684163e-02 -4.904059999999999669e-02 3.727643105112807449e-03 9.999533657108964357e-01 8.909044860764830584e-03 1.613349999999999854e-02 4.805654152028655118e-02 -9.077944955206756691e-03 9.988033638972684258e-01 2.170535800000000126e+00
9.987665770498075357e-01 -3.060486997229505853e-03 -4.955762290052569130e-02 -5.188310000000000144e-02 3.567381650748311685e-03 9.999421932568368643e-01 1.014317173592980438e-02 1.673790000000000000e-02 4.952371509053843379e-02 -1.030745186971300346e-02 9.987197595319643462e-01 2.215781699999999965e+00
9.987166068768411620e-01 8.893208090782077271e-04 -5.063939431813585523e-02 -5.718589999999999784e-02 -2.598880912878102131e-04 9.999226494602845294e-01 1.243493283073226693e-02 1.769240000000000049e-02 5.064653597818034869e-02 -1.240581334791705098e-02 9.986395867321641306e-01 2.305023900000000125e+00
9.988328192422579743e-01 5.506952420690556897e-03 -4.798617175394420675e-02 -6.196539999999999687e-02 -5.163064823108127858e-03 9.999601175212803339e-01 7.287395176579484005e-03 1.845549999999999968e-02 4.802438928497858306e-02 -7.031133753776903916e-03 9.988214160659257823e-01 2.391360999999999848e+00
9.990737817420379807e-01 7.331119490705046565e-03 -4.240086464537717176e-02 -6.672290000000000165e-02 -7.089481171469175572e-03 9.999577781575349489e-01 5.846465510489574566e-03 1.955700000000000147e-02 4.244193554000542240e-02 -5.540450275831798957e-03 9.990835728398095306e-01 2.474654899999999991e+00
9.992400717807126131e-01 1.639974383179348960e-02 -3.535996818335702951e-02 -7.081690000000000207e-02 -1.597191534602642599e-02 9.997961920896291099e-01 1.234796352670668868e-02 1.996799999999999964e-02 3.555526498081311437e-02 -1.177381354230924368e-02 9.992983540699019729e-01 2.557485300000000183e+00
9.993282777927137150e-01 3.403918622998147736e-02 -1.357670816691479779e-02 -7.576829999999999676e-02 -3.381070901288790731e-02 9.992884290031721628e-01 1.671740459575093637e-02 2.165740000000000026e-02 1.413609422346753797e-02 -1.624713701465132706e-02 9.997680737945838780e-01 2.708210499999999854e+00
9.992795042649329496e-01 3.741168750237307272e-02 -6.390461192645687655e-03 -7.646659999999999568e-02 -3.730194211295596862e-02 9.991677050324141440e-01 1.650643313560492056e-02 2.181670000000000137e-02 7.002675962202564025e-03 -1.625616370744638675e-02 9.998433375638831055e-01 2.742412799999999873e+00
9.991732011151319703e-01 4.063966612182012828e-02 1.153997767383328245e-03 -7.697719999999999563e-02 -4.065316604697492842e-02 9.990377513405014342e-01 1.645878145160288922e-02 2.227840000000000029e-02 -4.840079516134518324e-04 -1.649208701230768861e-02 9.998638791366959433e-01 2.775171799999999855e+00
9.986393420511926466e-01 4.961570580687563875e-02 1.605447740808409532e-02 -7.661160000000000192e-02 -4.982974281410017942e-02 9.986702531837254870e-01 1.321825015023845792e-02 2.311579999999999885e-02 -1.537729620712782394e-02 -1.400025511336182305e-02 9.997837424253902538e-01 2.837399000000000004e+00
9.979002180161750113e-01 5.111505217844289350e-02 3.977947113858568834e-02 -7.364310000000000300e-02 -5.159390066855859547e-02 9.986064044722794408e-01 1.110488004208781687e-02 2.384949999999999917e-02 -3.915640812272520171e-02 -1.313394029761488432e-02 9.991467736599990435e-01 2.919585699999999839e+00
9.951345356971258438e-01 6.463712624733851386e-02 7.435924806875997273e-02 -6.891049999999999953e-02 -6.568716675155335250e-02 9.977709560589576032e-01 1.176075547519756133e-02 2.414909999999999973e-02 -7.343331660097741909e-02 -1.658798226667091563e-02 9.971621667799582811e-01 3.007479700000000200e+00
9.935318063997556903e-01 6.287538904071712786e-02 9.455810449145481134e-02 -6.546929999999999417e-02 -6.412236578155988687e-02 9.978898712615510425e-01 1.020426578353348344e-02 2.428500000000000103e-02 -9.371697753669959441e-02 -1.620155198070926533e-02 9.954670450772351575e-01 3.042951099999999798e+00
9.924283659184115480e-01 6.171693326011549324e-02 1.061930255218199726e-01 -6.300519999999999732e-02 -6.269755478077353172e-02 9.980150294289912294e-01 5.917571998857801101e-03 2.412289999999999920e-02 -1.056170210951973554e-01 -1.253080934402138469e-02 9.943279256222066209e-01 3.059479200000000176e+00
9.803814527819780800e-01 6.577677198282637361e-02 1.858107190358440353e-01 -4.708699999999999691e-02 -6.617636857322740929e-02 9.977996911025321936e-01 -4.057669053980012160e-03 2.391789999999999888e-02 -1.856687784296499888e-01 -8.318215145723020787e-03 9.825771786548020970e-01 3.141960899999999945e+00
9.448916929993231850e-01 7.220488467660936271e-02 3.193213790677195685e-01 -1.662740000000000051e-02 -7.200034912668305809e-02 9.973267530307253770e-01 -1.246183834056094862e-02 2.297480000000000008e-02 -3.193675597591409399e-01 -1.121616324899319360e-02 9.475645410500878052e-01 3.235160800000000059e+00
9.239089692925924746e-01 7.493655411940862432e-02 3.752022512158056378e-01 -2.347699999999999874e-03 -7.472024793574917612e-02 9.970894685404816382e-01 -1.514847431526221595e-02 2.215759999999999952e-02 -3.752453877253120185e-01 -1.403939394592701277e-02 9.268191810749880633e-01 3.266023199999999793e+00
9.112487001380001894e-01 7.330825323830729434e-02 4.052797879292195926e-01 5.814399999999999950e-03 -7.250224253297556098e-02 9.972171119780508519e-01 -1.736249998834214076e-02 2.166279999999999942e-02 -4.054247542078487365e-01 -1.356213793263435878e-02 9.140278098013220331e-01 3.280640599999999907e+00
6.062438824735330023e-01 8.140507557170301167e-02 7.911014907295919052e-01 1.662421000000000038e-01 -6.446990999343521489e-02 9.965039853739093845e-01 -5.313603146033681057e-02 1.302949999999999942e-02 -7.926613310038881366e-01 -1.878884789125883845e-02 6.093726228885438800e-01 3.442937099999999973e+00
4.645533299726854470e-01 7.815718307815479327e-02 8.820893709509128877e-01 2.435997000000000023e-01 -5.532854913137523478e-02 9.967131611787604095e-01 -5.917453830879661203e-02 9.294699999999999490e-03 -8.838150005868344872e-01 -2.131499627797374743e-02 4.673507415971046575e-01 3.481371199999999888e+00
4.149916023648710373e-01 7.604409296265632334e-02 9.066417516815136191e-01 2.719218999999999942e-01 -5.529648431388530655e-02 9.967668994868386090e-01 -5.829276893336598347e-02 7.898900000000000365e-03 -9.081433085087181611e-01 -2.594309181422762428e-02 4.178548637959806911e-01 3.492708400000000157e+00
2.243501386976829437e-01 6.714637585501256889e-02 9.721925629605832064e-01 3.984710000000000196e-01 -3.166136544180343793e-02 9.975989421015789560e-01 -6.159471289137681549e-02 1.302800000000000008e-03 -9.739941340709865614e-01 -1.696216163547418707e-02 2.259374069691892917e-01 3.523702399999999901e+00
1.113668870609823142e-01 6.853743778920766416e-02 9.914131510564284655e-01 5.056135999999999964e-01 -1.043603072151151959e-02 9.976446265619408615e-01 -6.779593169848235901e-02 -4.364800000000000277e-03 -9.937245623054337118e-01 -2.796196233476481996e-03 1.118198352596614376e-01 3.533518299999999890e+00
8.252084845879592567e-02 6.697434335446310338e-02 9.943363348997554807e-01 5.436419000000000112e-01 -3.378696844708553582e-03 9.977523532792638150e-01 -6.692403106002089985e-02 -6.854899999999999709e-03 -9.965836111321878521e-01 2.163066788050858891e-03 8.256165674693327627e-02 3.535253299999999932e+00
5.725279115754275394e-02 6.538626755037081628e-02 9.962162184588755354e-01 5.827352999999999561e-01 3.816606386519538763e-03 9.978313568913521614e-01 -6.571161784687187812e-02 -8.948400000000000451e-03 -9.983524184476947338e-01 7.564338714935704699e-03 5.687907664022462395e-02 3.536584099999999786e+00
3.756779945536565385e-02 6.441268414728358593e-02 9.972159578371295741e-01 6.226175000000000459e-01 8.074256266539504151e-03 9.978682671826288875e-01 -6.475899733380696688e-02 -1.099589999999999942e-02 -9.992614606947591849e-01 1.048463022142664958e-02 3.696763042576944880e-02 3.536637499999999878e+00
2.171079277058637902e-02 6.637314471990948817e-02 9.975586434577480288e-01 6.632877999999999830e-01 1.101135347315129048e-02 9.977174339298089389e-01 -6.662336022152282045e-02 -1.296150000000000080e-02 -9.997036518748753098e-01 1.243091680076017363e-02 2.093037829401578342e-02 3.536995600000000017e+00
-2.718826494193399279e-02 6.844958120792341005e-02 9.972840383170217260e-01 9.278239999999999821e-01 1.964082848932802855e-02 9.974968296795267975e-01 -6.792873203252158820e-02 -2.845280000000000031e-02 -9.994373597708362533e-01 1.774062038805921532e-02 -2.846461456873727869e-02 3.532079700000000155e+00
-2.969112678425022897e-02 6.177049161882304518e-02 9.976486572714116097e-01 9.756548000000000442e-01 1.748847632148800915e-02 9.979680186118986551e-01 -6.126978883425263089e-02 -3.086109999999999895e-02 -9.994061187456451112e-01 1.562818585153336048e-02 -3.071106674727530628e-02 3.530606999999999829e+00
-3.100570761370833456e-02 5.614663994014368331e-02 9.979409806791207371e-01 1.023802899999999960e+00 1.879849286108281614e-02 9.982771731518961245e-01 -5.558149179368135351e-02 -3.337260000000000226e-02 -9.993424151718593995e-01 1.703644291778981870e-02 -3.200776235827551552e-02 3.529195500000000152e+00
-2.753360430010771964e-02 7.117004583632487169e-02 9.970841114017916507e-01 1.219575899999999935e+00 2.675105605629840913e-02 9.971574949040272751e-01 -7.043657683758793031e-02 -4.344239999999999907e-02 -9.992628691361036264e-01 2.473368012205353836e-02 -2.935921377527106468e-02 3.521925400000000206e+00
-2.559642393093925980e-02 7.193110608552433227e-02 9.970811095689560144e-01 1.270235900000000084e+00 2.747119621983598256e-02 9.970818418816824735e-01 -7.122593606322545623e-02 -4.590349999999999986e-02 -9.992948295974510842e-01 2.556788155370827431e-02 -2.749776304823059458e-02 3.520986800000000194e+00
-2.324323448522381402e-02 6.762318610844805788e-02 9.974401519646214354e-01 1.322517600000000071e+00 2.695347908678216026e-02 9.973894066727335694e-01 -6.699165188387991299e-02 -4.890449999999999658e-02 -9.993664303026108531e-01 2.532737960300573965e-02 -2.500523598492820909e-02 3.519667600000000007e+00
-1.452345178568282234e-02 6.493800209411862423e-02 9.977836064158668306e-01 1.478212999999999999e+00 3.244220023227298300e-02 9.973940718206071310e-01 -6.444043095137262644e-02 -5.823649999999999660e-02 -9.993680868390376615e-01 3.143439805585213076e-02 -1.659233638003365652e-02 3.516967999999999872e+00
-8.642848419721987918e-03 7.091566335085035255e-02 9.974448705881958643e-01 1.581469500000000084e+00 2.803141432168494707e-02 9.971073115952862054e-01 -7.064877192384047544e-02 -6.428960000000000230e-02 -9.995696779026063128e-01 2.734918380371988145e-02 -1.060571369359941674e-02 3.516214600000000079e+00
-4.445065787919031341e-04 6.380585908965559494e-02 9.979622311288801617e-01 1.686015000000000041e+00 2.765215340649912132e-02 9.975814992053130270e-01 -6.376919989511711795e-02 -7.105179999999999829e-02 -9.996175072625953506e-01 2.756745888019025356e-02 -2.207800943058502163e-03 3.516073899999999863e+00
6.222915665400514072e-03 6.952866164142691707e-02 9.975605447946371829e-01 1.790413299999999985e+00 3.213919316795159353e-02 9.970505871963258882e-01 -6.969360683717699956e-02 -7.724290000000000322e-02 -9.994640301597323973e-01 3.249448848364720754e-02 3.969966631057864070e-03 3.515851000000000059e+00
1.366820398151547683e-02 6.969234688054185001e-02 9.974748904038647224e-01 1.895107600000000003e+00 2.757793389046238330e-02 9.971623131982889632e-01 -7.004840254688735057e-02 -8.382030000000000036e-02 -9.995262066410529611e-01 2.846573243954415855e-02 1.170744696453129841e-02 3.517689900000000147e+00
2.416558179046825183e-02 6.775497566456709087e-02 9.974092880705603958e-01 2.053278699999999901e+00 3.883356193319190131e-02 9.968840133227920841e-01 -6.866016639234347185e-02 -9.456169999999999853e-02 -9.989534419202473758e-01 4.039216822773027821e-02 2.145911511581033437e-02 3.520528300000000055e+00
3.077029652456604245e-02 6.655139154430893267e-02 9.973084282885138485e-01 2.158603199999999944e+00 4.077569647919281753e-02 9.968666995908815887e-01 -6.777998099306217772e-02 -1.006169999999999981e-01 -9.986944134360753456e-01 4.275155588161924647e-02 2.796020459999826180e-02 3.522886499999999810e+00
4.061059208127588277e-02 6.740799999565448564e-02 9.968986615235244653e-01 2.317089100000000013e+00 3.820994660407014271e-02 9.968871537581811548e-01 -6.896377782884845209e-02 -1.109180000000000027e-01 -9.984441796071139574e-01 4.089210447627397021e-02 3.790852147181655862e-02 3.528674399999999878e+00
4.592631800517711638e-02 6.711294787430462094e-02 9.966878275278114874e-01 2.423582999999999821e+00 3.772399359598985896e-02 9.969123963519606058e-01 -6.886635105014030089e-02 -1.177592999999999973e-01 -9.982322743839018298e-01 4.076182316104511039e-02 4.325274732234507535e-02 3.533766500000000033e+00
5.449943318848907842e-02 6.953344437298468461e-02 9.960898111594967963e-01 2.584394000000000080e+00 3.181112945758680921e-02 9.969451154589036301e-01 -7.133364427299325461e-02 -1.278282000000000029e-01 -9.980069457798205201e-01 3.557438511432538253e-02 5.212100631196214806e-02 3.542897899999999822e+00
6.124618611482500474e-02 7.521377860705895368e-02 9.952847794445753848e-01 2.692782600000000137e+00 3.100900674361848144e-02 9.965320354495836863e-01 -7.721621477050029381e-02 -1.351428000000000074e-01 -9.976408903945161999e-01 3.559199109853404541e-02 5.870148194449131829e-02 3.549745999999999846e+00
6.672165639233465506e-02 7.664210092358662851e-02 9.948237074649367573e-01 2.801873899999999917e+00 2.085548961497569673e-02 9.967205443087995276e-01 -7.818698808427122782e-02 -1.426948000000000105e-01 -9.975536422274157156e-01 2.596430085307691385e-02 6.490443713667071179e-02 3.558352900000000041e+00
7.045724384218160496e-02 7.741133185733890809e-02 9.945065422058502191e-01 2.857255900000000182e+00 2.301127084468281014e-02 9.965928001477633025e-01 -7.920399047871853893e-02 -1.466996999999999884e-01 -9.972493460535715171e-01 2.846535426994070000e-02 6.843584880755670952e-02 3.562154299999999996e+00
7.755452338763751952e-02 7.947472522092602354e-02 9.938154073836722446e-01 2.967800099999999830e+00 1.817102345671439689e-02 9.965394561442177945e-01 -8.111058040922880519e-02 -1.547013999999999889e-01 -9.968225066724023531e-01 2.434913548454526941e-02 7.584200546203490045e-02 3.572115900000000011e+00
8.665274856354475419e-02 7.751367492047329943e-02 9.932184711163534185e-01 3.080060200000000137e+00 1.718906634655644264e-02 9.967037538929631735e-01 -7.928532634611032415e-02 -1.629215999999999998e-01 -9.960902756098550803e-01 2.394278964529245393e-02 8.503473207745471107e-02 3.581937299999999880e+00
9.746829487514073465e-02 8.968082464470189530e-02 9.911898310541622514e-01 3.192453899999999845e+00 1.177765411559841130e-02 9.957581548946442540e-01 -9.125230859735547484e-02 -1.715708999999999984e-01 -9.951689396065703797e-01 2.056809791545872318e-02 9.599861973213030808e-02 3.593841299999999794e+00
1.119733524263174795e-01 9.745582064129981736e-02 9.889207912515252108e-01 3.305297400000000163e+00 5.308915380622024338e-03 9.951063935078001688e-01 -9.866651416453603440e-02 -1.809186999999999879e-01 -9.936970281549066808e-01 1.629811716211396894e-02 1.109080141967969668e-01 3.607236599999999793e+00
1.191052459229858390e-01 9.577711914422339101e-02 9.882513262536298804e-01 3.362300900000000148e+00 1.298171656984745126e-03 9.953206222515073032e-01 -9.661870249191570337e-02 -1.860443999999999987e-01 -9.928807859677686309e-01 1.279071418277947375e-02 1.184235723440243415e-01 3.614809300000000114e+00
1.266090705668376781e-01 9.426355620286376580e-02 9.874636829889952283e-01 3.419559200000000132e+00 1.241945122662374557e-03 9.954587296022031628e-01 -9.518600333599452901e-02 -1.909923000000000037e-01 -9.919519145717264896e-01 1.327778711823657948e-02 1.259170343787089363e-01 3.622560700000000189e+00
1.412959041475833066e-01 8.526343932452615237e-02 9.862888083039721421e-01 3.534765199999999830e+00 -1.503897188407044005e-03 9.963014586235560133e-01 -8.591357190701298663e-02 -2.008464000000000083e-01 -9.899662649627830602e-01 1.065595885538412474e-02 1.409015428464455155e-01 3.639636299999999824e+00
1.559606056089097581e-01 7.465153637928140240e-02 9.849382912722575156e-01 3.648559999999999803e+00 -3.634229833679461508e-03 9.971766364045590025e-01 -7.500365446033963046e-02 -2.104685000000000028e-01 -9.877565903964486971e-01 8.118123250041041350e-03 1.557915729533502214e-01 3.658359499999999986e+00
1.636145459703852167e-01 7.669971272478770530e-02 9.835382221423017990e-01 3.704603399999999880e+00 -3.799977976871531105e-03 9.970146912467593436e-01 -7.711851661893212584e-02 -2.145655999999999952e-01 -9.865170249490274879e-01 8.880287498964065107e-03 1.634175632533289013e-01 3.667417299999999880e+00
1.692867531048116991e-01 8.350600226125717840e-02 9.820227812070212448e-01 3.759757800000000039e+00 -3.160845731673779524e-03 9.964449176999211621e-01 -8.418749933486419090e-02 -2.185522000000000020e-01 -9.855617709091049061e-01 1.114780589802800981e-02 1.689488743560275674e-01 3.677588000000000079e+00
1.842644319785826934e-01 8.973211264936159504e-02 9.787720710497890275e-01 3.923439300000000074e+00 -8.668362086570950698e-03 9.959334906297494516e-01 -8.967352865131883455e-02 -2.322977999999999987e-01 -9.828384804261313112e-01 8.039291108367922767e-03 1.842929493825755660e-01 3.709493600000000058e+00
1.939662711249314775e-01 8.032179012570100918e-02 9.777144244087290215e-01 4.031290499999999888e+00 -3.801640419092401635e-03 9.966965205017346285e-01 -8.112702108335535789e-02 -2.411237999999999992e-01 -9.810008324135170987e-01 1.201898709285025013e-02 1.936308620887909893e-01 3.730967500000000214e+00
2.002837032296585495e-01 7.052924535499885406e-02 9.771960211596588675e-01 4.136013000000000162e+00 -8.915640874908460634e-03 9.974954132448073940e-01 -7.016702860575180223e-02 -2.497078000000000075e-01 -9.796973765242018573e-01 5.340983544732384736e-03 2.004108887420320562e-01 3.753591300000000075e+00
2.057038230912385801e-01 7.268564221486878418e-02 9.759112329415318143e-01 4.237118699999999905e+00 -1.245107211922883567e-02 9.973515395701580966e-01 -7.165805830551873201e-02 -2.570978999999999903e-01 -9.785350826458549811e-01 2.589195405419533746e-03 2.060640388287640068e-01 3.775958500000000218e+00
2.090988655925175577e-01 8.107512652892168159e-02 9.745278283693293853e-01 4.335917900000000103e+00 -1.797964392661848682e-02 9.967075018327559155e-01 -7.906255874039817833e-02 -2.647131999999999818e-01 -9.777292042340731681e-01 -9.897720072022941906e-04 2.098681098670769352e-01 3.798338900000000073e+00
2.128296012932742731e-01 8.848958233219628156e-02 9.730740745863180052e-01 4.431855200000000217e+00 -1.800240271571351691e-02 9.960766749614238247e-01 -8.664393281849172568e-02 -2.723105000000000109e-01 -9.769234741318313375e-01 9.227223133176712389e-04 2.135876266868597106e-01 3.819979200000000130e+00
2.143650441164078324e-01 8.532739016321533310e-02 9.730194573331537589e-01 4.525716799999999651e+00 -2.018139880992641383e-02 9.963512313487633554e-01 -8.292728701626335408e-02 -2.802940999999999905e-01 -9.765451034146069853e-01 -1.860182178563249411e-03 2.153049017538090082e-01 3.842140000000000111e+00
2.149343247545883739e-01 8.161946586158225214e-02 9.732119495951326860e-01 4.617461699999999780e+00 -1.890472806293220370e-02 9.966626778966988232e-01 -7.941106814952103576e-02 -2.876172000000000173e-01 -9.764455168104134719e-01 -1.330142943934180255e-03 2.157600134885817589e-01 3.862855000000000150e+00
2.136186129221037955e-01 8.105610473543820027e-02 9.735486613921020549e-01 4.661977799999999839e+00 -1.933309163324251415e-02 9.967075319390762411e-01 -7.874215734799280830e-02 -2.911553000000000058e-01 -9.767258160718066407e-01 -2.000915048941849517e-03 2.144823455621228669e-01 3.872960599999999864e+00
2.096961179243226892e-01 8.468811788479631286e-02 9.740921213194363437e-01 4.749376299999999773e+00 -2.161298337126149605e-02 9.964000191677075957e-01 -8.197487878847745102e-02 -2.985301000000000204e-01 -9.775277065522297582e-01 -3.863222970893177843e-03 2.107715788027765269e-01 3.892417399999999805e+00
2.032232219897162906e-01 8.799319453835172111e-02 9.751705080441338547e-01 4.875445799999999608e+00 -1.839604903395952035e-02 9.961209733091253016e-01 -8.604993848702646719e-02 -3.090679000000000065e-01 -9.789596045925789136e-01 -4.519387311007067032e-04 2.040536408087948450e-01 3.919400700000000182e+00
2.007925320173999106e-01 8.504442161487249519e-02 9.759353490053700453e-01 4.916540099999999747e+00 -1.881644917436967740e-02 9.963756983981114645e-01 -8.295425776983325616e-02 -3.125596999999999959e-01 -9.794530618291567015e-01 -1.707042432801376963e-03 2.016650333588418942e-01 3.928249800000000125e+00
1.988722500810378435e-01 8.119893324216087560e-02 9.766558049732976254e-01 4.956872899999999582e+00 -1.843039418500338339e-02 9.966953366946748050e-01 -7.911211273423426893e-02 -3.160576999999999970e-01 -9.798521055332229945e-01 -2.266947600607770175e-03 1.997115726008024117e-01 3.936270500000000006e+00
1.968789220667969686e-01 8.010122966859041516e-02 9.771501844913071944e-01 4.996839999999999726e+00 -1.499914503394172982e-02 9.967863835955179663e-01 -7.868882466284410349e-02 -3.196298000000000195e-01 -9.803130702454531109e-01 8.357536411958965683e-04 1.974476786943426543e-01 3.944238200000000028e+00
1.895990310173256976e-01 8.816994944123961175e-02 9.778948141046769349e-01 5.150484999999999758e+00 -8.660064112299595274e-03 9.960713584703250190e-01 -8.812974596951933526e-02 -3.316009999999999791e-01 -9.818234111727334179e-01 8.240682654392143813e-03 1.896177218050242308e-01 3.974218399999999818e+00
1.888938018273476072e-01 8.547927201444163736e-02 9.782701189789513307e-01 5.227973900000000285e+00 -1.550244377977627597e-03 9.962289809910170879e-01 -8.674914510223268038e-02 -3.373322999999999738e-01 -9.819962975355758239e-01 1.486981807154232060e-02 1.883139934708516483e-01 3.989076400000000078e+00
1.933558449386960088e-01 8.264967090843224062e-02 9.776413192611953518e-01 5.305827599999999755e+00 6.402402749642058244e-03 9.963180413216092823e-01 -8.549485233687099950e-02 -3.437985000000000069e-01 -9.811078057313956657e-01 2.279018288210629684e-02 1.921147602271252586e-01 4.003463700000000181e+00
2.160927509980880290e-01 8.266900099563570525e-02 9.728667736337087701e-01 5.465406399999999998e+00 1.357081266627639671e-03 9.963826973827962785e-01 -8.496869239089607784e-02 -3.557031999999999972e-01 -9.763718970231139993e-01 1.968137776088182966e-02 2.151988895717619199e-01 4.038904200000000166e+00
2.329994098787603329e-01 8.013747196246134852e-02 9.691693663047832308e-01 5.547184500000000185e+00 -2.040643141858346221e-03 9.966369765496169153e-01 -8.191808560755084456e-02 -3.624359999999999804e-01 -9.724747352871009332e-01 1.710913678430805995e-02 2.323793593819787340e-01 4.059942200000000057e+00
2.522046787855362071e-01 8.425593460493406572e-02 9.639988264943756269e-01 5.630182699999999762e+00 -9.003180041546127166e-03 9.963633373527969184e-01 -8.472923184082439829e-02 -3.682809000000000221e-01 -9.676320285872227478e-01 1.269005370539229294e-02 2.520460667995639836e-01 4.083084099999999772e+00
2.721694521591982996e-01 8.921807175668247658e-02 9.581043392988998209e-01 5.715046899999999930e+00 -1.654225969824837245e-02 9.959790640927074223e-01 -8.804576953545381612e-02 -3.748207000000000066e-01 -9.621071369423664921e-01 8.114158060698407893e-03 2.725509447489191661e-01 4.108866199999999580e+00
2.921559736157102738e-01 9.158417725283748978e-02 9.519754332741876546e-01 5.802590399999999704e+00 -2.088529209366332684e-02 9.957778299730528637e-01 -8.938857817596224109e-02 -3.820915999999999757e-01 -9.561426105214738680e-01 6.233122097199166045e-03 2.928352037137997854e-01 4.136953799999999681e+00
3.128554874387530216e-01 9.312098884385525133e-02 9.452248015240622969e-01 5.893116499999999647e+00 -2.592334306144148531e-02 9.956486493045391128e-01 -8.950836509827284071e-02 -3.889346000000000192e-01 -9.494469043943316588e-01 3.499796392574826276e-03 3.139081508359276018e-01 4.167913399999999768e+00
3.231525130108757748e-01 8.838739705158751847e-02 9.422102320486658300e-01 5.939242799999999711e+00 -2.563959636211857879e-02 9.960810474515967572e-01 -8.464725634134581678e-02 -3.925124999999999864e-01 -9.459995055142171871e-01 3.196083568195805247e-03 3.241523108303898670e-01 4.184615599999999880e+00
3.339177296193371891e-01 8.126270370689858691e-02 9.390928190717424684e-01 5.986425900000000411e+00 -2.195889456641373499e-02 9.966771518491698290e-01 -7.843763083653190749e-02 -3.963341000000000225e-01 -9.423464101885721256e-01 5.570275403581813334e-03 3.345926108518236797e-01 4.201702599999999954e+00
3.551404731080407551e-01 7.336912308171698871e-02 9.319292978218985946e-01 6.082760300000000342e+00 -2.072849892290086482e-02 9.972882149069924873e-01 -7.061547804856667387e-02 -4.034113999999999756e-01 -9.345831015447477741e-01 5.760918836797454534e-03 3.556982402559162315e-01 4.238437700000000419e+00
3.646144789818555054e-01 7.099405346843122577e-02 9.284482355462320147e-01 6.131866500000000109e+00 -1.449447185482383160e-02 9.974012065937376548e-01 -7.057438183226216744e-02 -4.063501999999999947e-01 -9.310457518309396274e-01 1.227507464245109620e-02 3.646959425879077177e-01 4.257625599999999899e+00
3.805150523273693186e-01 5.557952204199156920e-02 9.231030341635126923e-01 6.233300700000000028e+00 2.260845909013455696e-03 9.981334321737069804e-01 -6.102901074826344585e-02 -4.125850999999999824e-01 -9.247719629876736125e-01 2.530945093674954668e-02 3.796791384382413037e-01 4.297617400000000032e+00
3.875854489896038424e-01 5.105459182211162517e-02 9.204188983204356633e-01 6.284033299999999933e+00 7.685340264767605983e-03 9.982514815464471614e-01 -5.860814905231306882e-02 -4.158054999999999946e-01 -9.218017440190388045e-01 2.978939818460546798e-02 3.865153767694852194e-01 4.318842899999999929e+00
3.948670960546502018e-01 5.103018729904171269e-02 9.173199531448079647e-01 6.335007199999999727e+00 9.506961309506411356e-03 9.981758422693389754e-01 -5.962051321948982213e-02 -4.193250000000000033e-01 -9.186890628172448281e-01 3.226310422325375654e-02 3.936616541725296292e-01 4.340723500000000179e+00
4.193524560818312485e-01 6.544884009466180042e-02 9.054611901723890188e-01 6.536754600000000082e+00 6.458551429172513375e-03 9.971574971582614078e-01 -7.506805561960931683e-02 -4.329697000000000129e-01 -9.078005313347048411e-01 3.732794116121880557e-02 4.177377408339975062e-01 4.433037299999999625e+00
4.271415668124223797e-01 7.229633730054826901e-02 9.012898099468085178e-01 6.633859199999999845e+00 -1.401701616964713681e-03 9.968500227279285530e-01 -7.929733551580002426e-02 -4.413109000000000059e-01 -9.041836744454114783e-01 3.260784875231290125e-02 4.258974184779010796e-01 4.480366199999999743e+00
4.311467030744088880e-01 7.633855323986782349e-02 8.990466871733142629e-01 6.681802300000000194e+00 -4.379308504667701885e-03 9.965797865109949916e-01 -8.252000227048343628e-02 -4.452716999999999925e-01 -9.022712131532781843e-01 3.164102411338023946e-02 4.300063993802510920e-01 4.504131300000000060e+00
4.384112377621949275e-01 7.785191333403027047e-02 8.953963737887545848e-01 6.775361499999999815e+00 -9.096223360960775661e-03 9.965747304229081172e-01 -8.219528820483253118e-02 -4.540116000000000152e-01 -8.987284602839659131e-01 2.789061262752414935e-02 4.376177194799973913e-01 4.551097900000000251e+00
4.461798881265873762e-01 7.180403291658848941e-02 8.920581193443952728e-01 6.868928000000000367e+00 -7.851735418227825947e-03 9.970518436839749254e-01 -7.632805026534141002e-02 -4.619704000000000033e-01 -8.949088543993002354e-01 2.705183659753647787e-02 4.454282663397464148e-01 4.597988100000000244e+00
4.528981434683699847e-01 7.250880156310907099e-02 8.886088820953712553e-01 6.957059400000000338e+00 -1.060725558284496273e-02 9.970550843259230467e-01 -7.595159609137099033e-02 -4.693494999999999751e-01 -8.914991630797552968e-01 2.497263533766967691e-02 4.523335160170953717e-01 4.643984299999999621e+00
4.581399321548193515e-01 7.107513854217323290e-02 8.860339312048881588e-01 7.043554799999999894e+00 -7.445557089690156560e-03 9.970699277599127663e-01 -7.613227197756873565e-02 -4.763705999999999774e-01 -8.888488995576253604e-01 2.828221770040699468e-02 4.573267430592105054e-01 4.688340199999999847e+00
4.616711762359388960e-01 6.979402820356846171e-02 8.843011470421399123e-01 7.127270199999999889e+00 -7.007834145586006036e-03 9.971557092005656209e-01 -7.504253373457654697e-02 -4.838721000000000272e-01 -8.870234581416168718e-01 2.844793904374430527e-02 4.608471541310099617e-01 4.732513400000000203e+00
4.660195880918144296e-01 7.084628141357005027e-02 8.819334146774373551e-01 7.208362100000000439e+00 -6.081094707017835332e-03 9.970219525967809471e-01 -7.687812645523231514e-02 -4.905670999999999782e-01 -8.847535045434404832e-01 3.046359220400065085e-02 4.650625826145643460e-01 4.775962800000000286e+00
4.721667961440732530e-01 6.990836404400926907e-02 8.787328019686821978e-01 7.287094599999999645e+00 -1.342763541368717506e-03 9.969062559922420297e-01 -7.858825452701152792e-02 -4.975475999999999788e-01 -8.815082039352288845e-01 3.592683398548567053e-02 4.707999033503152964e-01 4.817648900000000012e+00
