1.000000000000000000e+00 0.000000000000000000e+00 0.000000000000000000e+00 0.000000000000000000e+00 0.000000000000000000e+00 1.000000000000000000e+00 0.000000000000000000e+00 0.000000000000000000e+00 0.000000000000000000e+00 0.000000000000000000e+00 1.000000000000000000e+00 0.000000000000000000e+00
9.999987209359024742e-01 -1.560891635773207315e-03 3.489181285940896231e-04 -2.502000000000000101e-04 1.559501376488919280e-03 9.999909832173533575e-01 3.949865750591118226e-03 4.226999999999999746e-04 -3.550802948876873163e-04 -3.949316560157821628e-03 9.999921383774433847e-01 6.355760000000000576e-02
9.999925993406723057e-01 -3.832143989978101760e-03 -3.404942374470916618e-04 -2.009000000000000044e-04 3.835346226360665349e-03 9.999430163257164716e-01 9.962641253797048860e-03 6.587000000000000190e-04 3.022965590293232876e-04 -9.963873436971816197e-03 9.999503136870964148e-01 1.271924999999999861e-01
9.999711714699119902e-01 -7.401691509292804283e-03 -1.694459174217283334e-03 -1.819000000000000033e-04 7.418021481809741746e-03 9.999240425847177871e-01 9.842866367625179025e-03 1.273999999999999959e-03 1.621476607057753408e-03 -9.855152146810340630e-03 9.999501221509881077e-01 1.904945000000000110e-01
9.999431986719369281e-01 -1.036887883811281677e-02 -2.466937651410649156e-03 -6.166000000000000257e-04 1.038629272802412892e-02 9.999204691257880251e-01 7.154044075338025777e-03 1.744899999999999967e-03 2.392562037482907390e-03 -7.179260052722858873e-03 9.999713665260582252e-01 2.528058999999999723e-01
9.999398656947481312e-01 -1.061155862922239998e-02 -2.767637589625415208e-03 -1.241099999999999972e-03 1.062287791609331858e-02 9.999351383122910830e-01 4.107752811346646223e-03 1.903799999999999980e-03 2.723868416188427420e-03 -4.136906070715771870e-03 9.999877331992694796e-01 3.149835000000000274e-01
9.999401765371558337e-01 -1.042854898762256462e-02 -3.299804972194737840e-03 -1.862200000000000053e-03 1.043990861119533688e-02 9.999395709977396685e-01 3.444221399138761887e-03 2.259499999999999790e-03 3.263687336687477736e-03 -3.478465016232344491e-03 9.999886242483457810e-01 3.772126000000000090e-01
9.999402932873243666e-01 -9.899168003200727733e-03 -4.627778441562262375e-03 -1.946999999999999946e-03 9.922076291864267289e-03 9.999385047383876346e-01 4.953699992517039685e-03 2.903000000000000198e-03 4.578456346652934501e-03 -4.999321394133931368e-03 9.999770219975456786e-01 4.392111000000000209e-01
9.999387143322449045e-01 -9.774058552195485916e-03 -5.199553730412334769e-03 -2.733300000000000139e-03 9.816277495909908613e-03 9.999185475965844949e-01 8.157136045222231069e-03 3.135699999999999946e-03 5.119401888940077784e-03 -8.207676391965349622e-03 9.999532117917039331e-01 5.004427000000000181e-01
9.999324991335376556e-01 -9.959091791386541145e-03 -5.984452126011138504e-03 -3.286499999999999925e-03 1.001594139655013864e-02 9.999042739599608431e-01 9.545880501269561960e-03 3.791000000000000099e-03 5.888810957965560575e-03 -9.605176067849168983e-03 9.999365292348345591e-01 5.622835999999999945e-01
9.999156728628784130e-01 -1.129008341328092795e-02 -6.417256399615766348e-03 -3.853300000000000041e-03 1.135553865552899923e-02 9.998829196523756346e-01 1.025664317814284354e-02 4.356500000000000129e-03 6.300706707984213457e-03 -1.032864966789542871e-02 9.999268073669281831e-01 6.233104999999999896e-01
9.998993046483312108e-01 -1.157890113002205817e-02 -8.204243560794690152e-03 -4.908299999999999989e-03 1.165347013197070430e-02 9.998906843579182802e-01 9.100327913709974070e-03 5.238500000000000101e-03 8.097974911478419621e-03 -9.195019460281537299e-03 9.999249343923063416e-01 7.462024999999999908e-01
9.998803269173642816e-01 -1.194245766330496832e-02 -9.834101310488207667e-03 -5.446099999999999726e-03 1.201187510956328551e-02 9.999031401709976841e-01 7.030301027010877127e-03 5.735500000000000147e-03 9.749189708741516983e-03 -7.147585685971494587e-03 9.999269299898291274e-01 8.070201000000000180e-01
9.998510032503508116e-01 -1.315825457018661784e-02 -1.117280788043884671e-02 -6.397700000000000088e-03 1.322185443252181167e-02 9.998966939965329148e-01 5.637721185821477181e-03 6.356099999999999944e-03 1.109747109175043822e-02 -5.784606423087057005e-03 9.999216891656554917e-01 8.682883999999999602e-01
9.998302364736342263e-01 -1.140664685551865884e-02 -1.447019836042709277e-02 -8.561799999999999619e-03 1.147192381122838153e-02 9.999243548066575338e-01 4.436172737732244596e-03 6.786499999999999998e-03 1.441850190366502325e-02 -4.601420650528900876e-03 9.998854603057546475e-01 9.884593000000000407e-01
9.998292228414962235e-01 -9.887148135089531692e-03 -1.561311800777371792e-02 -1.026499999999999982e-02 9.951962836048138666e-03 9.999421581330095732e-01 4.079071464109039480e-03 7.522199999999999720e-03 1.557188453205934214e-02 -4.233756022043263026e-03 9.998697873833702898e-01 1.048687200000000042e+00
9.998053387785902357e-01 -1.040064394702928420e-02 -1.676636977152579089e-02 -1.174150000000000020e-02 1.048028084769967068e-02 9.999341801370337235e-01 4.668951384583949933e-03 8.078300000000000064e-03 1.671670611040793758e-02 -4.843758784806696284e-03 9.998485333977606970e-01 1.108433400000000013e+00
9.997772719408747344e-01 -9.927001951158649640e-03 -1.862420851268142483e-02 -1.261999999999999927e-02 1.003699983666518289e-02 9.999326790473797022e-01 5.822027774638458865e-03 8.527500000000000357e-03 1.856515943214401623e-02 -6.007662223491842639e-03 9.998096032994819859e-01 1.168117000000000072e+00
9.997619517730099714e-01 -9.362482936979556539e-03 -1.970745291194496082e-02 -1.427359999999999914e-02 9.489097701041360536e-03 9.999348720252690947e-01 6.341035611696484338e-03 8.984799999999999384e-03 1.964680156773241163e-02 -6.526532085531957204e-03 9.997856808171912135e-01 1.227376500000000092e+00
9.997165919342579921e-01 -1.070231747929363889e-02 -2.126490564109563552e-02 -1.564779999999999990e-02 1.083525180560809126e-02 9.999224090425523626e-01 6.145991608161648599e-03 9.331600000000000658e-03 2.119747932329128781e-02 -6.374660391811680198e-03 9.997549852715053031e-01 1.286094199999999965e+00
9.996530893263286810e-01 -1.059396029609012239e-02 -2.411366843870809892e-02 -1.882560000000000136e-02 1.075407088911670313e-02 9.999209175803682736e-01 6.519857709043334892e-03 9.946299999999999933e-03 2.404269035775600735e-02 -6.776916000599772852e-03 9.996879625412531389e-01 1.402870499999999909e+00
9.996340262533599530e-01 -1.073427674887201914e-02 -2.483120736443475765e-02 -2.073720000000000077e-02 1.094873711866608569e-02 9.999037887217506748e-01 8.516951062144858739e-03 1.031050000000000022e-02 2.473739501247608844e-02 -8.785704443426975777e-03 9.996553769601950190e-01 1.460344899999999946e+00
9.995971989860552576e-01 -1.202682825319283805e-02 -2.570593669565430367e-02 -2.227650000000000116e-02 1.232391065491744708e-02 9.998587288488538505e-01 1.142994186003263961e-02 1.078409999999999959e-02 2.556483924069142405e-02 -1.174213553500029657e-02 9.996042022959263917e-01 1.517629499999999965e+00
9.995787360325870674e-01 -1.167830881768802155e-02 -2.657005033217699555e-02 -2.385179999999999939e-02 1.202349068602441388e-02 9.998449011382745111e-01 1.286892922962452196e-02 1.134669999999999949e-02 2.641564201791795838e-02 -1.318297276613702301e-02 9.995641165457214150e-01 1.574019099999999893e+00
9.995640121793006871e-01 -1.186903919709231085e-02 -2.703537431878154720e-02 -2.583130000000000148e-02 1.217834507882884117e-02 9.998619328745657064e-01 1.130500329404252741e-02 1.224199999999999941e-02 2.689746209514406669e-02 -1.162932056808278769e-02 9.995705505045479056e-01 1.629742999999999942e+00
9.995572391555965774e-01 -9.991738906752825611e-03 -2.802660887907723261e-02 -2.761339999999999975e-02 1.024501268868370854e-02 9.999078401745040701e-01 8.907910673500779239e-03 1.270630000000000023e-02 2.793502043403939608e-02 -9.191099563036030443e-03 9.995674856267445785e-01 1.684498899999999910e+00
9.995414186331367246e-01 -9.628771428068467336e-03 -2.870956630885204003e-02 -2.933339999999999906e-02 9.834072943179377607e-03 9.999270140338737400e-01 7.018376924138817335e-03 1.334379999999999941e-02 2.863989256621936319e-02 -7.297490396504081531e-03 9.995631561775915053e-01 1.737738800000000028e+00
9.995150561845513870e-01 -8.741167816791300602e-03 -2.988719534502585345e-02 -3.105219999999999855e-02 8.940988344569371707e-03 9.999385189993650336e-01 6.558730729248282883e-03 1.377890000000000018e-02 2.982802688438036115e-02 -6.822771178575684665e-03 9.995317596783153125e-01 1.791023999999999949e+00
9.994050624259511739e-01 -8.519140681523042560e-03 -3.342073367580513515e-02 -3.456440000000000207e-02 8.696236685802901864e-03 9.999488880239755240e-01 5.157209237500767589e-03 1.427909999999999943e-02 3.337509048504846282e-02 -5.444775630206131860e-03 9.994280653220879440e-01 1.896150500000000072e+00
9.993491803253857775e-01 -8.201759313474114160e-03 -3.512758071862397830e-02 -3.671340000000000020e-02 8.369496990373696821e-03 9.999542529483546049e-01 4.630715994975319674e-03 1.494030000000000011e-02 3.508799371733482136e-02 -4.921702415001871431e-03 9.993721076467115827e-01 1.947751400000000022e+00
9.992759206026197161e-01 -8.296964861450819087e-03 -3.713212730069263834e-02 -3.871949999999999698e-02 8.519514037675640986e-03 9.999466592288783762e-01 5.839227480351886525e-03 1.522279999999999987e-02 3.708169877916653312e-02 -6.151347095823755766e-03 9.992933045630586486e-01 1.999478199999999983e+00
9.991964426841249969e-01 -8.751467061963922461e-03 -3.911369007973376777e-02 -4.095399999999999735e-02 9.083587235439120194e-03 9.999241175546347282e-01 8.321512814450929968e-03 1.546529999999999953e-02 3.903789659198188267e-02 -8.670118617888921547e-03 9.992001159291493684e-01 2.049820899999999835e+00
9.991104593800888001e-01 -7.840699696185348538e-03 -4.143444684778675030e-02 -4.299809999999999743e-02 8.266303900602362670e-03 9.999147201810394403e-01 1.011041963008342363e-02 1.553110000000000081e-02 4.135164056153894235e-02 -1.044393573073527752e-02 9.990900690274733265e-01 2.100122499999999892e+00
9.990375541369629353e-01 -6.512133280738081030e-03 -4.337692409759595635e-02 -4.530689999999999718e-02 6.948855440114853725e-03 9.999266020518710052e-01 9.924913957884820559e-03 1.627910000000000121e-02 4.330910795787744350e-02 -1.021678174049608576e-02 9.990094787031601475e-01 2.149035700000000215e+00
9.989645184461410921e-01 -4.152627423988788403e-03 -4.530614275290974907e-02 -4.791709999999999720e-02 4.579414233357537688e-03 9.999460786247975630e-01 9.320343779584154206e-03 1.647850000000000009e-02 4.526499586820729309e-02 -9.518168330505975480e-03 9.989296695066591791e-01 2.196921600000000030e+00
9.988185984459549971e-01 -2.426079283302308952e-03 -4.853371547459824076e-02 -5.318559999999999954e-02 2.908278447798630026e-03 9.999470887792860641e-01 9.867196070854462875e-03 1.759729999999999975e-02 4.850720889649491607e-02 -9.996688508788653671e-03 9.987728054487317042e-01 2.291708900000000160e+00
9.987609135750469269e-01 -1.341243101400030292e-03 -4.974774951372770704e-02 -5.568010000000000320e-02 1.914893804871590144e-03 9.999322079849853884e-01 1.148532176249536692e-02 1.835679999999999951e-02 4.972897240496441940e-02 -1.156635211356338115e-02 9.986957738983035515e-01 2.338100900000000149e+00
9.987583291809802866e-01 1.570711076863300039e-03 -4.979289867370383094e-02 -5.856739999999999863e-02 -9.804517641997026727e-04 9.999289912538851244e-01 1.187649629839465822e-02 1.878350000000000158e-02 4.980801748669380635e-02 -1.181293006415949469e-02 9.986889486107997094e-01 2.384014099999999914e+00
9.987972168203214096e-01 4.759350377656501423e-03 -4.880028950695435713e-02 -6.107220000000000010e-02 -4.279020881808425457e-03 9.999414165125336540e-01 9.942510910265557264e-03 1.915829999999999964e-02 4.884475050886129960e-02 -9.721734767540365571e-03 9.987590691557383105e-01 2.429262899999999892e+00
9.989711052200563879e-01 6.904019061692076749e-03 -4.482259983774694589e-02 -6.562400000000000178e-02 -6.696444306229122102e-03 9.999661562827502070e-01 4.779531646095920745e-03 2.020179999999999892e-02 4.485408085194224348e-02 -4.474461967460811006e-03 9.989835287035663258e-01 2.516623500000000124e+00
9.991033247447209664e-01 8.079398691455427425e-03 -4.156043552261114854e-02 -6.798089999999999689e-02 -7.861371412694504249e-03 9.999544816858738638e-01 5.406791640799838740e-03 2.076920000000000155e-02 4.160222738695946304e-02 -5.075221484808495852e-03 9.991213623996455517e-01 2.559426499999999827e+00
9.992543850758334179e-01 1.699725439637480434e-02 -3.466651481910246885e-02 -7.189619999999999345e-02 -1.659231360802488481e-02 9.997910979001555232e-01 1.193548024734016055e-02 2.090339999999999906e-02 3.486214330546941881e-02 -1.135138328956485781e-02 9.993276625119322798e-01 2.644411600000000195e+00
9.993563752503857867e-01 2.588405013894417434e-02 -2.483648918053452809e-02 -7.536809999999999343e-02 -2.556180249859972553e-02 9.995860156301646926e-01 1.320574154050717548e-02 2.164999999999999911e-02 2.516802533836862837e-02 -1.256237656722326325e-02 9.996043003086524381e-01 2.724382400000000093e+00
9.993181301435669628e-01 3.472372503794568521e-02 -1.255140174857813373e-02 -7.724849999999999772e-02 -3.451784135990164371e-02 9.992717398826467257e-01 1.626371727990817695e-02 2.258140000000000147e-02 1.310699791019018234e-02 -1.581938024693964329e-02 9.997889546371199199e-01 2.800207400000000124e+00
9.992585409237686456e-01 3.809151929052177754e-02 -5.603976181316210406e-03 -7.780529999999999391e-02 -3.799672946598912915e-02 9.991474018100475751e-01 1.614676457126319048e-02 2.266210000000000099e-02 6.214253035513268852e-03 -1.592185963922473912e-02 9.998539280539130436e-01 2.835361499999999868e+00
9.989118559241445539e-01 4.566423182554838617e-02 9.480613163915555322e-03 -7.816439999999999499e-02 -4.580880015778177744e-02 9.988278328281100515e-01 1.563694970272457019e-02 2.343869999999999981e-02 -8.755451004125771805e-03 -1.605422996234014132e-02 9.998327879090737058e-01 2.902715000000000156e+00
9.983280520065058727e-01 5.208269096773374823e-02 2.506978018361773197e-02 -7.759459999999999968e-02 -5.233982965489415023e-02 9.985821046969337589e-01 9.711972546228152259e-03 2.420150000000000079e-02 -2.452840819523416371e-02 -1.100788265751280817e-02 9.996385265238661999e-01 2.962889899999999965e+00
9.978313327383198095e-01 5.171888070201409449e-02 4.071595245845596733e-02 -7.519770000000000620e-02 -5.219453213992605867e-02 9.985795425147533377e-01 1.070645065930712903e-02 2.461230000000000015e-02 -4.010439153462670714e-02 -1.280838201947407523e-02 9.991133985337603551e-01 3.017656099999999952e+00
9.923079210280809637e-01 6.224107711015031824e-02 1.070095238055763787e-01 -6.350160000000000526e-02 -6.316907123531419199e-02 9.979887605415813656e-01 5.301157604328213258e-03 2.507720000000000088e-02 -1.064643522696479550e-01 -1.202007291352463758e-02 9.942438632161416656e-01 3.162813700000000061e+00
9.862367679482062499e-01 6.662141529629775349e-02 1.513229148906214960e-01 -5.416019999999999862e-02 -6.703379435458822755e-02 9.977478664236260064e-01 -2.380222999867130478e-03 2.510700000000000084e-02 -1.511406892980934891e-01 -7.796285719529837642e-03 9.884815172614390688e-01 3.213653100000000151e+00
9.667335031802735124e-01 6.780391740551203195e-02 2.466352825798907578e-01 -3.296530000000000293e-02 -6.769572099127268983e-02 9.976660669621135735e-01 -8.927944434148391006e-03 2.481179999999999844e-02 -2.466650019525831183e-01 -8.065210277108891129e-03 9.690672469931682631e-01 3.294819099999999779e+00
9.238035408222153855e-01 7.587546763780722570e-02 3.752731423577784220e-01 -5.272000000000000210e-04 -7.532447138812672915e-02 9.970280995984989181e-01 -1.616145479543802665e-02 2.315549999999999900e-02 -3.753841258956439608e-01 -1.333724190939708336e-02 9.267733681994824169e-01 3.374365300000000012e+00
8.965215419276056918e-01 7.115963376443371069e-02 4.372475630375315392e-01 1.802180000000000101e-02 -6.890004290304604928e-02 9.974014506975154015e-01 -2.105065876523359511e-02 2.199569999999999997e-02 -4.376093108558213318e-01 -1.125400679773914600e-02 8.990947883195017365e-01 3.404514999999999958e+00
8.597217505702211549e-01 7.251637347420744617e-02 5.055886541197534001e-01 3.939959999999999990e-02 -6.596515443442474425e-02 9.973440144713541233e-01 -3.087904141332561969e-02 2.115500000000000019e-02 -5.064850540706180571e-01 -6.803850109507833532e-03 8.622218958172951364e-01 3.434932700000000061e+00
7.861290065315046371e-01 8.117344693228825681e-02 6.127087861316503625e-01 7.855600000000000083e-02 -6.956841324160872864e-02 9.966594145903954205e-01 -4.278138832921471457e-02 1.922149999999999900e-02 -6.141346928555936335e-01 -8.993487725087036949e-03 7.891499833426498522e-01 3.481053399999999964e+00
4.643317990460213429e-01 7.946097421403704175e-02 8.820895271862381204e-01 2.536040999999999990e-01 -5.620352723193725725e-02 9.966033255773473210e-01 -6.019115362626653587e-02 9.060099999999999751e-03 -8.838762039569647566e-01 -2.162787611227861770e-02 4.672206021286923194e-01 3.597258800000000090e+00
4.146418461375959708e-01 7.737194833747712552e-02 9.066894292105037723e-01 2.834213999999999900e-01 -5.616004501729632281e-02 9.966552484712124516e-01 -5.936636285339443042e-02 7.452499999999999923e-03 -9.082500695156933146e-01 -2.630394086916272578e-02 4.176001842905365802e-01 3.609396900000000130e+00
3.643859582181865342e-01 7.716426486469106505e-02 9.280455536671170513e-01 3.141090999999999744e-01 -5.884023621643315327e-02 9.964776021818754215e-01 -5.975127573411685711e-02 6.055800000000000072e-03 -9.293872713005102426e-01 -3.283389373424841495e-02 3.676428094861093898e-01 3.620200899999999944e+00
2.242178424239608947e-01 6.830251080353791360e-02 9.721425441552676849e-01 4.143748999999999905e-01 -3.230388893481141166e-02 9.975136035920049160e-01 -6.263441073866549136e-02 2.703000000000000107e-04 -9.740034999415717598e-01 -1.736023233787701431e-02 2.258667847089157465e-01 3.641178399999999815e+00
1.112307532063552956e-01 6.956136857696768039e-02 9.913571180673725891e-01 5.246018999999999544e-01 -1.089615112013274725e-02 9.975726942660240182e-01 -6.877494853210043557e-02 -5.888700000000000184e-03 -9.937348707939730463e-01 -3.152087645527518189e-03 1.117187133454409231e-01 3.651256800000000080e+00
5.735247815410061262e-02 6.640420577358382981e-02 9.961431497054843431e-01 6.043688999999999867e-01 3.323662216684730719e-03 9.977672835905160298e-01 -6.670383096848453430e-02 -1.069860000000000082e-02 -9.983484594664594480e-01 7.136473357500266318e-03 5.700372118524277276e-02 3.654026700000000183e+00
3.762997801943989556e-02 6.541941436667483845e-02 9.971480757531338002e-01 6.455100999999999756e-01 7.701668476330015417e-03 9.978061918911129702e-01 -6.575323358159709808e-02 -1.284710000000000019e-02 -9.992620622524087670e-01 1.015399663564362995e-02 3.704358642715577243e-02 3.654091100000000036e+00
2.175680227983315188e-02 6.727049873764728849e-02 9.974975295980161860e-01 6.877216000000000440e-01 1.067962483940536680e-02 9.976611358593064915e-01 -6.751446962842777566e-02 -1.508780000000000017e-02 -9.997062504395211047e-01 1.212179836107398281e-02 2.098749238588693000e-02 3.654334299999999924e+00
-2.686464459784448922e-02 6.948848648858860222e-02 9.972209590237043342e-01 9.601461000000000023e-01 1.952113876150580324e-02 9.974272417788219158e-01 -6.897697078696252149e-02 -3.099350000000000022e-02 -9.994484559055986095e-01 1.761384691135597577e-02 -2.815202274966710494e-02 3.648575500000000194e+00
-2.923783622904163257e-02 6.267580457953303430e-02 9.976055796019547284e-01 1.009293599999999902e+00 1.729197054568740524e-02 9.979146192384065195e-01 -6.218842709791887191e-02 -3.366600000000000148e-02 -9.994229018224922712e-01 1.543231125185976979e-02 -3.026065237457553625e-02 3.646956900000000168e+00
-3.049397462998637218e-02 5.713452924249026732e-02 9.979006779632454416e-01 1.058906899999999984e+00 1.875639909622252646e-02 9.982218833123722712e-01 -5.657975936007320766e-02 -3.620199999999999807e-02 -9.993589520308551188e-01 1.699168162777286301e-02 -3.151139081747167392e-02 3.645408399999999993e+00
-3.016021715429316116e-02 5.683285361135342884e-02 9.979280475322842570e-01 1.159436499999999981e+00 2.466960081339869548e-02 9.981204335985586207e-01 -5.609822482693031798e-02 -4.153300000000000047e-02 -9.992405977025322628e-01 2.292655193036524652e-02 -3.150557283514821005e-02 3.640966699999999889e+00
-2.501984587328522427e-02 7.290902937595007682e-02 9.970247142112046435e-01 1.314783599999999941e+00 2.711340342415374804e-02 9.970195298315458476e-01 -7.222825270794305808e-02 -4.945630000000000165e-02 -9.993192035917434213e-01 2.522559354981056268e-02 -2.692208689577413327e-02 3.636791500000000177e+00
-2.281354257213843301e-02 6.846084569375725237e-02 9.973929290315852736e-01 1.368527499999999897e+00 2.669803380366349288e-02 9.973384959405044992e-01 -6.784644062993112901e-02 -5.282629999999999965e-02 -9.993831884048920422e-01 2.508061247314121237e-02 -2.458059420853053734e-02 3.635706400000000116e+00
-2.026736257148464143e-02 6.207595025047332044e-02 9.978656274343239430e-01 1.422653799999999968e+00 2.623974028466042469e-02 9.977598632334935269e-01 -6.153642295481521335e-02 -5.611850000000000172e-02 -9.994502038842104641e-01 2.493655390748892448e-02 -2.185081771992403166e-02 3.634728400000000192e+00
-1.047299310919371645e-02 7.151625497243091489e-02 9.973844502948966406e-01 1.583575399999999966e+00 3.394237624079018273e-02 9.968897824665852170e-01 -7.112437492767979819e-02 -6.560829999999999440e-02 -9.993689166221167985e-01 3.310871318010978614e-02 -1.286785145600466418e-02 3.631772300000000175e+00
-4.703767317515569583e-03 6.878627183811716894e-02 9.976203302758196445e-01 1.691694899999999890e+00 2.362846415815653134e-02 9.973604761193848312e-01 -6.865694689134374529e-02 -7.177479999999999971e-02 -9.997097430027125364e-01 2.324928991446258836e-02 -6.316665570052282241e-03 3.632509000000000210e+00
-7.283261736925461917e-05 6.510669848315459030e-02 9.978783054601566560e-01 1.746290099999999956e+00 2.768759839976831991e-02 9.974958777593078141e-01 -6.507972609070591941e-02 -7.564390000000000003e-02 -9.996166223059034239e-01 2.762411384663329694e-02 -1.875298356328602978e-03 3.632290600000000147e+00
3.539896645729980612e-03 6.618934462473924363e-02 9.978008016582693429e-01 1.800673699999999933e+00 3.248771572394861668e-02 9.972727271142123318e-01 -6.626957130706044585e-02 -7.915940000000000476e-02 -9.994658660798663163e-01 3.265085622658571440e-02 1.379901769466562733e-03 3.631864100000000040e+00
1.778082872604342876e-02 6.789513944487422792e-02 9.975340055204013900e-01 2.018984600000000018e+00 3.155967433650931631e-02 9.971564821577542093e-01 -6.843198847429371456e-02 -9.293189999999999784e-02 -9.993436991774093947e-01 3.269862582026154124e-02 1.558752013239883549e-02 3.634611099999999873e+00
2.144659865019877404e-02 6.836930026110109304e-02 9.974295374552252236e-01 2.073430500000000176e+00 3.600701678579082410e-02 9.969589401450665855e-01 -6.911126107237167138e-02 -9.667370000000000130e-02 -9.991213830904256410e-01 3.739666357622212917e-02 1.891960371788459216e-02 3.635275599999999940e+00
2.749220251746888749e-02 6.937214920552237096e-02 9.972119552609390869e-01 2.182583600000000068e+00 3.921816934897746215e-02 9.967461185492469955e-01 -7.042095107228686646e-02 -1.034256999999999954e-01 -9.988523985022277341e-01 4.104485438660052110e-02 2.468209745401228616e-02 3.638253000000000181e+00
3.506908409471044125e-02 6.653145946064890903e-02 9.971678515890864958e-01 2.292415899999999951e+00 4.267505674505599894e-02 9.967718105868849099e-01 -6.800586115291490374e-02 -1.109667000000000014e-01 -9.984733340818694458e-01 4.493909791461461745e-02 3.211664064089370108e-02 3.640914200000000100e+00
4.110218582046186453e-02 6.870735453144355409e-02 9.967898021920521545e-01 2.401601599999999781e+00 3.820486313472867823e-02 9.967952026674999910e-01 -7.028308738177575787e-02 -1.177789000000000058e-01 -9.984242578952279290e-01 4.097100648444213650e-02 3.834550656876145602e-02 3.645768400000000131e+00
4.876322918909981735e-02 6.880101726703426179e-02 9.964379396139392275e-01 2.567759300000000078e+00 3.593114902133516531e-02 9.968581785207856205e-01 -7.058841580761103518e-02 -1.283306999999999920e-01 -9.981638643073881267e-01 3.924527919690264099e-02 4.613792422399642934e-02 3.653935199999999828e+00
5.461414561340533630e-02 7.083987598578408984e-02 9.959914693757351278e-01 2.679614100000000221e+00 3.179863953095304896e-02 9.968508425240849569e-01 -7.264464387002399215e-02 -1.357698999999999989e-01 -9.980010729567868610e-01 3.563859886893470941e-02 5.218954538756681583e-02 3.660706499999999863e+00
6.172524603986952879e-02 7.642799712889719599e-02 9.951626777849852390e-01 2.791710399999999925e+00 3.088167611342747601e-02 9.964402859745519203e-01 -7.844156147973176119e-02 -1.435701000000000060e-01 -9.976153146788308002e-01 3.557411617761509215e-02 5.914529716248462243e-02 3.667265700000000184e+00
6.714066997859907682e-02 7.822464633972625592e-02 9.946723255122007501e-01 2.904921100000000145e+00 2.109131126589797872e-02 9.965878200069145931e-01 -7.979895740515967340e-02 -1.512216999999999867e-01 -9.975205697247098158e-01 2.633669908872853307e-02 6.526171356315979555e-02 3.676329099999999794e+00
7.481433310700646988e-02 7.978693082421439708e-02 9.940004332148985045e-01 3.019529100000000188e+00 2.261272039513544801e-02 9.964019124789469384e-01 -8.168166063828732892e-02 -1.599657999999999913e-01 -9.969410616671806613e-01 2.858801283665829418e-02 7.274094503074424178e-02 3.685002299999999842e+00
8.226695039156556311e-02 7.881687413086349570e-02 9.934888269253516757e-01 3.135475899999999871e+00 1.688764971132908702e-02 9.966145059099392745e-01 -8.046324562876527864e-02 -1.682481000000000115e-01 -9.964672378761376681e-01 2.339715713772057629e-02 8.065740435554369370e-02 3.695953400000000055e+00
9.200486970362230232e-02 8.217895375487575815e-02 9.923616898644231910e-01 3.252424200000000098e+00 1.396032438232365502e-02 9.963842638002167185e-01 -8.380637323283018914e-02 -1.775839999999999919e-01 -9.956606918493668967e-01 2.156428554471789827e-02 9.052495951386052564e-02 3.707305400000000084e+00
9.787624675208227154e-02 9.097808910000404481e-02 9.910313958828131931e-01 3.310491100000000131e+00 1.217064841977850281e-02 9.956288062390523663e-01 -9.260213552635621070e-02 -1.820393999999999901e-01 -9.951241709649945033e-01 2.112504415879945530e-02 9.634114837659513153e-02 3.714069100000000123e+00
1.121305474134104835e-01 9.865274772199085496e-02 9.887842917965826706e-01 3.428609799999999819e+00 6.101768256190964745e-03 9.949725342943832596e-01 -9.996211494341189496e-02 -1.921482999999999941e-01 -9.936747499865919986e-01 1.724213927311167571e-02 1.109648587273014408e-01 3.728440799999999999e+00
1.194509422680953559e-01 9.688938755936279956e-02 9.881011683879517005e-01 3.488216200000000100e+00 2.187778082057924289e-03 9.951987862028227605e-01 -9.784983171928302026e-02 -1.976353000000000137e-01 -9.928376936933485108e-01 1.385000067869788382e-02 1.186654602775055745e-01 3.736099700000000023e+00
1.270377496016473207e-01 9.540484710087518416e-02 9.872990050262419048e-01 3.548182499999999795e+00 2.146210437208299904e-03 9.953347882558098991e-01 -9.645751950222086757e-02 -2.027213999999999960e-01 -9.918955610128054046e-01 1.437269763895181185e-02 1.262403327216420346e-01 3.744134700000000038e+00
1.346011555910763269e-01 9.181825962086775927e-02 9.866366788812087618e-01 3.608155700000000188e+00 1.486108182947351586e-03 9.956778436205813154e-01 -9.286238854098954887e-02 -2.083267000000000035e-01 -9.908987437654844799e-01 1.396563365064606294e-02 1.338829364807946343e-01 3.752408299999999919e+00
1.489174184012831414e-01 7.902376667032709467e-02 9.856869923043170001e-01 3.728471499999999939e+00 -2.660703718196155698e-03 9.968301070312803880e-01 -7.951514554932342937e-02 -2.179953000000000030e-01 -9.888460563467000863e-01 9.218569153605832289e-03 1.486556249535786467e-01 3.771835100000000107e+00
1.636962640222060505e-01 7.799482374780634941e-02 9.834227679964099300e-01 3.846466100000000221e+00 -2.708903977479457104e-03 9.969015361435585865e-01 -7.861290653483038460e-02 -2.276846999999999899e-01 -9.865070678836583840e-01 1.020464125590925947e-02 1.634003375529720081e-01 3.791943100000000122e+00
1.746486731993973085e-01 8.878951280383448608e-02 9.806193264288380895e-01 3.961522099999999824e+00 -3.381972495415663804e-03 9.959741155843774285e-01 -8.957747120765124915e-02 -2.361213000000000062e-01 -9.846250063916366368e-01 1.232815890451815360e-02 1.742458415179386488e-01 3.813022099999999970e+00
1.843017393979577701e-01 9.090446857057546404e-02 9.786568583772297103e-01 4.074498700000000362e+00 -7.750270523958373292e-03 9.958171780749504043e-01 -9.103889914562952879e-02 -2.468703999999999898e-01 -9.828391537589928895e-01 9.193772062864050132e-03 1.842353722648378822e-01 3.835935399999999884e+00
1.942469143379068064e-01 8.133910015442089025e-02 9.775745941135494110e-01 4.186864400000000153e+00 -2.738783522039267559e-03 9.965974188355819496e-01 -8.237769015379625692e-02 -2.561179000000000094e-01 -9.809488444027145704e-01 1.332424693273666361e-02 1.938087436331347169e-01 3.858135900000000174e+00
1.974698765267609013e-01 7.520955877616525287e-02 9.774196489395947651e-01 4.241513300000000264e+00 -4.807888944420406208e-03 9.971149681907256479e-01 -7.575370891188354383e-02 -2.607005000000000017e-01 -9.802971651843150891e-01 1.025975042107789975e-02 1.972617688577623651e-01 3.869785999999999948e+00
2.038164826621406689e-01 7.162392191873390157e-02 9.763856078436491392e-01 4.349203600000000058e+00 -1.006809969312419048e-02 9.974208513477672566e-01 -7.106531267267138241e-02 -2.693190999999999780e-01 -9.789573406251176335e-01 4.653934429527599448e-03 2.040119264418701617e-01 3.893549199999999821e+00
2.072356061484167122e-01 7.789765354289103494e-02 9.751847820371328801e-01 4.453997600000000112e+00 -1.584274721386104076e-02 9.969612974393994298e-01 -7.627043181120182758e-02 -2.773084000000000104e-01 -9.781627732156934485e-01 3.563431789774251790e-04 2.078399916149988869e-01 3.917322599999999877e+00
2.111548835886581932e-01 8.780600433280141837e-02 9.735007553873639141e-01 4.555907699999999672e+00 -1.828651015717098344e-02 9.961375382721112670e-01 -8.588136230550694195e-02 -2.852729999999999988e-01 -9.772815452483137877e-01 3.323376086500282045e-04 2.119449713222325560e-01 3.940775200000000034e+00
2.137979735336067721e-01 8.931427885909061504e-02 9.727864031249630061e-01 4.655459399999999803e+00 -1.990484325041118330e-02 9.960032132569691665e-01 -8.707121451414913393e-02 -2.938313000000000175e-01 -9.766750860588689909e-01 -7.475116540986703750e-04 2.147212553480145614e-01 3.964094900000000088e+00
2.150858903950950973e-01 8.369158304434043405e-02 9.730024556394919477e-01 4.752924400000000382e+00 -1.974539925408280716e-02 9.964902283722283372e-01 -8.134705874806480441e-02 -3.022293999999999814e-01 -9.763955033495627100e-01 -1.715717399955137001e-03 2.159835117608691624e-01 3.986352199999999790e+00
2.138056688839622410e-01 8.200402147939325759e-02 9.734282081459774139e-01 4.847484599999999588e+00 -1.913976325841251769e-02 9.966307474192162008e-01 -7.975476638437539734e-02 -3.096611000000000224e-01 -9.766886942191422838e-01 -1.579164279479204624e-03 2.146548411396420608e-01 4.007075300000000340e+00
2.118329988594065960e-01 8.297358393319083369e-02 9.737772666084952844e-01 4.893551300000000381e+00 -2.039854852923209116e-02 9.965477680413865613e-01 -8.047636441609032354e-02 -3.134398999999999935e-01 -9.770929739856547558e-01 -2.816093218013515642e-03 2.127942428893607740e-01 4.017785499999999566e+00
2.075618071950938170e-01 8.958055586967289541e-02 9.741116056202117068e-01 4.983159999999999812e+00 -1.953765260933985198e-02 9.959791868876672893e-01 -8.742848172705361409e-02 -3.212442999999999826e-01 -9.780267768954096219e-01 -8.850404857434837624e-04 2.084774337402375277e-01 4.037257199999999990e+00
2.056014495711810386e-01 9.018581122225369229e-02 9.744714276921683238e-01 5.026949899999999971e+00 -1.694359215085262937e-02 9.959234981730309411e-01 -8.859627797948534111e-02 -3.247412000000000076e-01 -9.784891203377042990e-01 1.704476745718302988e-03 2.062913864895202787e-01 4.046583199999999714e+00
2.036523003004524490e-01 8.920863849028667913e-02 9.749705428375996519e-01 5.070470799999999834e+00 -1.792095120773845585e-02 9.960129081761420755e-01 -8.739065312900302918e-02 -3.283231999999999817e-01 -9.788792469401648155e-01 3.249080073055021778e-04 2.044390235367078423e-01 4.055490999999999957e+00
1.990340465910852286e-01 8.225690361406423623e-02 9.765343056469673044e-01 5.155096999999999596e+00 -1.793406478128092146e-02 9.966099808919010039e-01 -8.029268526500743519e-02 -3.357267999999999919e-01 -9.798284633638680852e-01 -1.532251438657046549e-03 1.998345180081013694e-01 4.073202600000000118e+00
1.912685916499894112e-01 8.723155504821572537e-02 9.776538148302290621e-01 5.317391899999999616e+00 -7.693705386747531905e-03 9.961456667528750808e-01 -8.737629831305451789e-02 -3.481870000000000243e-01 -9.815075816037549528e-01 9.190561100393686289e-03 1.912025126430308974e-01 4.104507899999999765e+00
1.897221910450314908e-01 8.968724875202375990e-02 9.777329326745443083e-01 5.357497699999999696e+00 -8.325202871751827272e-03 9.959303367472813751e-01 -8.974104603575197570e-02 -3.515350999999999893e-01 -9.818025164065411481e-01 8.886042861667449444e-03 1.896967501567801140e-01 4.112683800000000112e+00
1.886726651245487496e-01 8.833499035417433087e-02 9.780590753701579043e-01 5.397419000000000189e+00 -6.769996547418687116e-03 9.960395673836740515e-01 -8.865296020377069763e-02 -3.546348999999999752e-01 -9.820166966918373319e-01 1.010493370939850172e-02 1.885234673274943651e-01 4.120368499999999656e+00
1.914106155497712070e-01 8.497606551884012704e-02 9.778246491799004181e-01 5.478285299999999580e+00 3.746577302181808289e-03 9.961746587388959906e-01 -8.730413761651245608e-02 -3.608803999999999901e-01 -9.815028983214345581e-01 2.037443435734989650e-02 1.903600352259937623e-01 4.135472299999999990e+00
1.967243763304032389e-01 8.419467268083899447e-02 9.768371291313512339e-01 5.559257999999999811e+00 3.716700807676789897e-03 9.962349180054612674e-01 -8.661509269035184977e-02 -3.676517999999999731e-01 -9.804517866231464707e-01 2.066991143712069989e-02 1.956707665152398468e-01 4.152118200000000314e+00
2.086628508890665534e-01 8.393579923280489186e-02 9.743790824242880566e-01 5.641988800000000026e+00 3.535069951023185608e-03 9.962389851521682438e-01 -8.657590740742659996e-02 -3.740109999999999824e-01 -9.779812462104212623e-01 2.150967387312514856e-02 2.075813478869988904e-01 4.170360999999999763e+00
2.245461711338208599e-01 8.206702114905645162e-02 9.710015556469830944e-01 5.725871999999999851e+00 1.929149793347774422e-03 9.964079928752758164e-01 -8.466044008472277393e-02 -3.804834999999999745e-01 -9.744615412679022981e-01 2.088338511794550489e-02 2.235812801103882475e-01 4.190553699999999715e+00
2.428238324045613461e-01 8.162206723953702170e-02 9.666304488044570320e-01 5.811719899999999939e+00 -3.086802496369653315e-03 9.965138814411078627e-01 -8.336999307620207578e-02 -3.872820000000000151e-01 -9.700654916379150006e-01 1.726042394386861911e-02 2.422292709367883656e-01 4.213748899999999686e+00
2.523546331311968260e-01 8.526359734851503280e-02 9.638709758595334076e-01 5.855039599999999567e+00 -8.370233042399199963e-03 9.962653475789856605e-01 -8.593774730663443495e-02 -3.908403999999999767e-01 -9.675986142693853154e-01 1.361896400293818865e-02 2.521258524694596215e-01 4.226181000000000409e+00
2.722567266905182026e-01 9.033479646712995470e-02 9.579748949314939033e-01 5.943939199999999978e+00 -1.627263278237385535e-02 9.958732838292180256e-01 -8.928383939739395481e-02 -3.977066000000000212e-01 -9.620870419011444685e-01 8.719352180743038250e-03 2.726031854242603192e-01 4.253207699999999925e+00
2.921767466399096680e-01 9.337627934266556906e-02 9.517949459726283701e-01 6.034801500000000374e+00 -2.120587621162522973e-02 9.956099805551256177e-01 -9.116511083259656867e-02 -4.049446999999999908e-01 -9.561292065076850699e-01 6.452679686988767316e-03 2.928742108616629869e-01 4.282418700000000022e+00
3.128883360218780996e-01 9.467075639818031685e-02 9.450599647982431684e-01 6.128691199999999561e+00 -2.602776090485849764e-02 9.955009656992216405e-01 -9.110643750140146047e-02 -4.122719000000000245e-01 -9.494332229513247068e-01 3.908346826172061361e-03 3.139447084780161434e-01 4.314446000000000225e+00
3.339249055849474179e-01 8.304622405540060259e-02 9.389342267167727352e-01 6.225370400000000082e+00 -2.217760976141354423e-02 9.965277830897099065e-01 -8.025291991933070079e-02 -4.198453999999999797e-01 -9.423387453858375062e-01 5.975131835219658905e-03 3.346072126302679361e-01 4.349597900000000017e+00
3.553614480180222190e-01 7.541127145937473464e-02 9.316820173210467182e-01 6.325186699999999718e+00 -2.108743338538501474e-02 9.971333907959595289e-01 -7.266581805064267763e-02 -4.271756999999999915e-01 -9.344910708057898585e-01 6.175847847271827284e-03 3.559329957837793490e-01 4.387509299999999612e+00
3.645318361546300290e-01 7.289422463163278132e-02 9.283334381810701696e-01 6.375351399999999558e+00 -1.498063567170569710e-02 9.972614179283991742e-01 -7.242406275755530753e-02 -4.304350000000000120e-01 -9.310704167701846501e-01 1.249385155953725360e-02 3.646255376253871860e-01 4.407656700000000427e+00
3.804426162773978937e-01 5.811948618910613845e-02 9.229764574706781355e-01 6.479434999999999611e+00 9.434268688775088174e-04 9.979983796702575072e-01 -6.323246097759981088e-02 -4.364781999999999829e-01 -9.248040471720219147e-01 2.492708367729574992e-02 3.796262831174804786e-01 4.448512100000000302e+00
3.949724102817897542e-01 5.332918954563230229e-02 9.171438233224926684e-01 6.584552300000000358e+00 8.606286912797207062e-03 9.980551435007244399e-01 -6.174028148075608180e-02 -4.436728999999999812e-01 -9.186526693706213997e-01 3.227891067174354367e-02 3.937452793165620024e-01 4.492808799999999714e+00
4.098544393208084502e-01 6.384843021424865817e-02 9.099135764061343501e-01 6.688926200000000044e+00 1.462402305384084486e-02 9.969589899414518230e-01 -7.654351915505895609e-02 -4.500313000000000230e-01 -9.120337036089984917e-01 4.467829824530432370e-02 4.076743469328885094e-01 4.538574699999999851e+00
4.195574037077310914e-01 6.728694742067101164e-02 9.052314906701134367e-01 6.792241100000000031e+00 5.905401276292472634e-03 9.970253975898929477e-01 -7.684713915613124169e-02 -4.583923999999999777e-01 -9.077095963080888952e-01 3.758754138705656944e-02 4.179120308183079668e-01 4.587559699999999907e+00
4.232247161515287348e-01 7.115830442027241964e-02 9.032260710090744826e-01 6.842159699999999845e+00 -9.964807503070050032e-04 9.969469948638927104e-01 -7.807494129339961897e-02 -4.624776999999999916e-01 -9.060241976153684540e-01 3.214319747451035297e-02 4.220035167999698356e-01 4.612575999999999787e+00
4.310848873092308908e-01 7.857276273514121612e-02 8.988838305864416123e-01 6.941418200000000205e+00 -5.070333641541392711e-03 9.963965829333414348e-01 -8.466487604387297472e-02 -4.709116999999999886e-01 -9.022971304677583904e-01 3.194010762236293433e-02 4.299298987913270365e-01 4.661181400000000252e+00
4.384099865932870599e-01 7.974424596884764627e-02 8.952304389877132618e-01 7.037854199999999949e+00 -9.258096270468571531e-03 9.964039544097297307e-01 -8.422260557653053759e-02 -4.799972000000000127e-01 -8.987274176905479806e-01 2.863590179325635823e-02 4.375717242004633079e-01 4.709586100000000108e+00
4.461494300306910743e-01 7.393266968650948068e-02 8.918994598251053230e-01 7.132942199999999566e+00 -8.292613768554890630e-03 9.968806649507065964e-01 -7.848676579094464312e-02 -4.883828000000000058e-01 -8.949200627096114413e-01 2.762064808186994250e-02 4.453708355509624628e-01 4.757129199999999614e+00
