1.000000000000000000e+00 0.000000000000000000e+00 0.000000000000000000e+00 0.000000000000000000e+00 0.000000000000000000e+00 1.000000000000000000e+00 0.000000000000000000e+00 0.000000000000000000e+00 0.000000000000000000e+00 0.000000000000000000e+00 1.000000000000000000e+00 0.000000000000000000e+00
9.999998212786852525e-01 4.679803280187705677e-04 -3.720712434318444750e-04 -3.935000000000000238e-04 -4.668185340027477571e-04 9.999950347937296424e-01 3.116483329618655908e-03 -8.499999999999999933e-06 3.735278489122335487e-04 -3.116309082884254414e-03 9.999950745351929848e-01 4.745049999999999962e-02
9.999991183326442101e-01 3.423848605964742312e-04 -1.283006836068773622e-03 -5.517000000000000202e-04 -3.364131368161815726e-04 9.999891237130857924e-01 4.651804137756416352e-03 1.757999999999999906e-04 1.284585589029539751e-03 -4.651368416058284522e-03 9.999883572380843244e-01 9.472150000000000014e-02
9.999974136159824889e-01 -9.061515779614308895e-04 -2.086061040192301042e-03 -5.925999999999999844e-04 9.174405224014090757e-04 9.999849069488613296e-01 5.417026616602678771e-03 3.920999999999999898e-04 2.081120907949849524e-03 -5.418926443022090492e-03 9.999831519440572913e-01 1.420365000000000100e-01
9.999960577042715792e-01 -9.227258782192857044e-04 -2.652009213554458282e-03 -9.895999999999999849e-04 9.376647832722251287e-04 9.999836704609533777e-01 5.637339460555520695e-03 4.958999999999999650e-04 2.646764188461892160e-03 -5.639803932140708895e-03 9.999805934371615024e-01 1.891242999999999952e-01
9.999852803384009503e-01 -1.909171931942602171e-03 -5.078796025034918588e-03 -1.438499999999999892e-03 1.918812138952540438e-03 9.999963655815024000e-01 1.893933409995328040e-03 1.021399999999999999e-03 5.075161722057368666e-03 -1.903650787400542558e-03 9.999853093156791939e-01 2.829880000000000173e-01
9.999744582524711101e-01 -2.959754350630785028e-03 -6.505589662815836061e-03 -1.914799999999999922e-03 2.963407446128992623e-03 9.999954567656661464e-01 5.519640704520600415e-04 1.255899999999999898e-03 6.503926428338606056e-03 -5.712286851733757321e-04 9.999786860922607046e-01 3.301373000000000224e-01
9.999659186500888808e-01 -2.815387596172533573e-03 -7.761129490432809239e-03 -2.736000000000000151e-03 2.815364312573482176e-03 9.999960367570815967e-01 -1.392541517253724345e-05 1.226099999999999933e-03 7.761137936632465581e-03 -7.925466417036054184e-06 9.999698818840073722e-01 3.765127999999999808e-01
9.999436069260971838e-01 -8.163195682288335356e-05 -1.061961881850611439e-02 -4.396100000000000008e-03 7.316585188715170351e-05 9.999996792406857793e-01 -7.975997014180327780e-04 1.382999999999999898e-03 1.061968052178885111e-02 7.967777288615529585e-04 9.999432921575432953e-01 4.692339999999999844e-01
9.999278912433265942e-01 -3.109914902443637586e-04 -1.200481561569803450e-02 -5.179300000000000397e-03 3.133972925697698785e-04 9.999999311854906869e-01 1.985224191119220553e-04 1.379900000000000094e-03 1.200475305080957351e-02 -2.022703806188671529e-04 9.999279198976704919e-01 5.151780000000000248e-01
9.999071008584539122e-01 -6.209482591160544237e-05 -1.363032637445807035e-02 -5.724100000000000195e-03 7.990184038416669478e-05 9.999991441390857494e-01 1.305885443658262373e-03 1.490400000000000015e-03 1.363023362006519218e-02 -1.306853216183944842e-03 9.999062500385392793e-01 5.614582999999999657e-01
9.998907762738188376e-01 4.034068774605083663e-04 -1.477405785257437064e-02 -6.738700000000000245e-03 -3.781715175954243743e-04 9.999984650055908642e-01 1.710839783645865886e-03 1.716700000000000040e-03 1.477472533901312383e-02 -1.705065791470646583e-03 9.998893940040586292e-01 6.073108999999999869e-01
9.998639151698304195e-01 -9.549944379320058968e-04 -1.646933899346961216e-02 -7.479000000000000405e-03 9.857387697503438694e-04 9.999977866906115676e-01 1.858744994899832071e-03 1.592499999999999949e-03 1.646752745059533451e-02 -1.874726513860896712e-03 9.998626435366820830e-01 6.525923999999999614e-01
9.998368063220334223e-01 -1.049596287439178441e-03 -1.803494029349480068e-02 -8.466599999999999474e-03 1.079516018047964798e-03 9.999980571730882062e-01 1.649331748218783129e-03 1.614800000000000003e-03 1.803317412224776303e-02 -1.668531594635970462e-03 9.998359968681834742e-01 6.977571999999999663e-01
9.998174321410130405e-01 -1.032194339903234849e-03 -1.907975266599229794e-02 -9.543299999999999353e-03 1.069708647452041360e-03 9.999975147284105859e-01 1.956082925597407360e-03 1.797999999999999902e-03 1.907768618990087969e-02 -1.976135584143738112e-03 9.998160514703656743e-01 7.427321000000000062e-01
9.997980864713251759e-01 -1.015015953756207880e-03 -2.006878249645835388e-02 -1.059030000000000041e-02 1.092473641688048672e-03 9.999919957254325142e-01 3.849024085236837055e-03 1.953000000000000092e-03 2.006471503956010899e-02 -3.870171531099983811e-03 9.997911926911043912e-01 7.872346999999999539e-01
9.997739485520621416e-01 -2.582427904927772459e-03 -2.110409587578713705e-02 -1.145589999999999976e-02 2.728839741738523297e-03 9.999723901771266910e-01 6.911752101180139961e-03 2.053500000000000204e-03 2.108566409394007149e-02 -6.967779385149188050e-03 9.997533920023263798e-01 8.314375999999999989e-01
9.997588424179212341e-01 -2.209793572880384017e-03 -2.184888600234209319e-02 -1.257250000000000034e-02 2.391889065791557873e-03 9.999625965786840265e-01 8.311697198110160056e-03 2.326599999999999849e-03 2.182970164420555345e-02 -8.361952880839622348e-03 9.997267335978085034e-01 8.751157999999999992e-01
9.997490567133289208e-01 -2.203805841013963852e-03 -2.229275309655634474e-02 -1.385660000000000017e-02 2.357880634900358548e-03 9.999735009703861754e-01 6.887507237060701976e-03 2.737700000000000029e-03 2.227698363155280331e-02 -6.938342514182647969e-03 9.997277606445843512e-01 9.181589000000000000e-01
9.997240113243631709e-01 -3.490521854863889214e-04 -2.348998391009207015e-02 -1.500729999999999946e-02 4.500908119704121260e-04 9.999906699994286496e-01 4.296199757320550566e-03 3.016500000000000084e-03 2.348826515061418901e-02 -4.305586680770521688e-03 9.997148410039478073e-01 9.604675000000000296e-01
9.997022031915766549e-01 -1.385964686802233195e-04 -2.440257619445829890e-02 -1.602920000000000039e-02 2.001780210508310748e-04 9.999968018783468304e-01 2.521142962650037463e-03 3.279499999999999863e-03 2.440214873053932199e-02 -2.525277033733330616e-03 9.996990337662807757e-01 1.001676699999999975e+00
9.996787836175876629e-01 9.823295577489612670e-04 -2.532517746236406450e-02 -1.731179999999999872e-02 -9.307157545185855592e-04 9.999974661439340329e-01 2.049749715417859084e-03 3.382500000000000090e-03 2.532712682174096883e-02 -2.025520760579220970e-03 9.996771648450333281e-01 1.043077899999999891e+00
9.995860299811025751e-01 1.004217414002857561e-03 -2.875343829881404217e-02 -1.969740000000000033e-02 -9.819769036655892624e-04 9.999992077030566140e-01 7.876005457469766437e-04 3.458399999999999929e-03 2.875420643973608525e-02 -7.590392904237610846e-04 9.995862241304531715e-01 1.124548799999999904e+00
9.995322478863429838e-01 1.364232378119953045e-03 -3.055199347493894532e-02 -2.106689999999999952e-02 -1.353849518511528486e-03 9.999990185557764422e-01 3.605259562957846878e-04 3.763900000000000145e-03 3.055245533104416003e-02 -3.189945178620856949e-04 9.995331138665402015e-01 1.164450500000000055e+00
9.994699344234648786e-01 1.235399543076979309e-03 -3.253189160690912740e-02 -2.248879999999999976e-02 -1.182279305936010739e-03 9.999979364679482119e-01 1.652051902353159291e-03 3.842799999999999949e-03 3.253386542047340124e-02 -1.612714424279270689e-03 9.994693325725347854e-01 1.204253900000000099e+00
9.994040254698924874e-01 7.351295492284065170e-04 -3.451164237065869334e-02 -2.397310000000000066e-02 -5.958693341757949563e-04 9.999916402973019203e-01 4.045278142232667726e-03 3.913800000000000265e-03 3.451432766708605049e-02 -4.022302830131978951e-03 9.993961087905193219e-01 1.243351499999999943e+00
9.993230474276106889e-01 1.843279973974453791e-03 -3.674301564829514366e-02 -2.536959999999999910e-02 -1.631317353611486630e-03 9.999818612289996800e-01 5.797932103551364097e-03 3.873000000000000140e-03 3.675303638728537325e-02 -5.734067659448244952e-03 9.993079279103072032e-01 1.282318400000000080e+00
9.992491167605638269e-01 3.002438199750725144e-03 -3.862884955690183697e-02 -2.703099999999999947e-02 -2.779652077909486665e-03 9.999792017119547571e-01 5.819766133400701598e-03 4.130599999999999897e-03 3.864551963111442778e-02 -5.708021406615596850e-03 9.992366798231853142e-01 1.320106500000000072e+00
9.991702057878746324e-01 5.606021574991596965e-03 -4.034194328384538980e-02 -2.911499999999999852e-02 -5.398458718924775690e-03 9.999716351824406990e-01 5.252187545755173000e-03 4.066499999999999802e-03 4.037024286868156481e-02 -5.030044995469665041e-03 9.991721283833266964e-01 1.356854699999999969e+00
9.990768579984041775e-01 7.106687738773843736e-03 -4.236657646565325508e-02 -3.074910000000000143e-02 -6.911639370138010323e-03 9.999648397382893128e-01 4.748529076938654697e-03 4.194500000000000312e-03 4.239883315910522588e-02 -4.451323012423962985e-03 9.990908490573745526e-01 1.393566700000000047e+00
9.989574235145963765e-01 8.327998802260318592e-03 -4.488552596359885599e-02 -3.445870000000000183e-02 -7.997232862023856761e-03 9.999395670327257957e-01 7.543642949894902028e-03 5.034600000000000186e-03 4.494563684752862082e-02 -7.176818121875743611e-03 9.989636544990090350e-01 1.465924999999999923e+00
9.989301930472203050e-01 1.415690358809730195e-02 -4.402330632109026365e-02 -3.820819999999999772e-02 -1.390867434106965103e-02 9.998856272304633697e-01 5.939801008198497198e-03 5.382900000000000358e-03 4.410236044382770393e-02 -5.321140736744601335e-03 9.990128463961523986e-01 1.536128900000000019e+00
9.989738282278152193e-01 1.612568970502907192e-02 -4.232319278363468051e-02 -3.988450000000000328e-02 -1.602923635396641053e-02 9.998680978017636667e-01 2.617361303172907692e-03 5.699199999999999752e-03 4.235981701769106489e-02 -1.936266980502616888e-03 9.991005438755440338e-01 1.570312300000000105e+00
9.990556048832639480e-01 1.669103267602045637e-02 -4.011617852617008900e-02 -4.139600000000000224e-02 -1.667108816372638719e-02 9.998606818711663902e-01 8.316655357408804647e-04 5.885099999999999880e-03 4.012447097187444439e-02 -1.620997658686001682e-04 9.991946760030765429e-01 1.603850800000000021e+00
9.991864623494173259e-01 2.226115848680337156e-02 -3.362817688311361269e-02 -4.454930000000000001e-02 -2.212732407632528320e-02 9.997457110855755280e-01 4.346802873181769382e-03 6.098199999999999801e-03 3.371639047819071505e-02 -3.599165017396129766e-03 9.994249601767507540e-01 1.669943600000000083e+00
9.991689678456580070e-01 3.175712177177306139e-02 -2.555110390991180772e-02 -4.708040000000000141e-02 -3.154919820913171247e-02 9.994660561463376558e-01 8.500041390875161945e-03 6.492399999999999734e-03 2.580739790453995611e-02 -7.686860741450179252e-03 9.996373794458359718e-01 1.734055899999999983e+00
9.991132044776670496e-01 3.961000613637297163e-02 -1.427767671029974740e-02 -4.877059999999999729e-02 -3.945898287445585850e-02 9.991638078159338354e-01 1.070858633419283397e-02 7.005400000000000169e-03 1.468990499903722984e-02 -1.013570740698242247e-02 9.998407243788778320e-01 1.794381400000000015e+00
9.988555871177003942e-01 4.782350639156399130e-02 -6.544617407782012120e-04 -4.956320000000000170e-02 -4.781271204815994158e-02 9.987889220848268357e-01 1.160317573897430565e-02 7.128999999999999920e-03 1.208573685732897010e-03 -1.155860532442467073e-02 9.999324667159279478e-01 1.850082199999999899e+00
9.976524405558228059e-01 6.170742207638163501e-02 2.969514966619466595e-02 -4.883350000000000191e-02 -6.188184990619831349e-02 9.980710059246538091e-01 4.990369198413716588e-03 7.744799999999999601e-03 -2.932992507997856518e-02 -6.816244804657602650e-03 9.995465443397649752e-01 1.948498800000000086e+00
9.973489046184080831e-01 6.229398644197772783e-02 3.761145715906685089e-02 -4.798489999999999700e-02 -6.250950540600180849e-02 9.980338575338814078e-01 4.580496691085751866e-03 7.762800000000000256e-03 -3.725217027716178769e-02 -6.919426942074911359e-03 9.992819408657571678e-01 1.970222499999999988e+00
9.965835598096868253e-01 6.280388244370457840e-02 5.363656091743445459e-02 -4.580449999999999799e-02 -6.323967343208025671e-02 9.979774281696081051e-01 6.465026541200366225e-03 7.796700000000000158e-03 -5.312204835335477410e-02 -9.834897761132001606e-03 9.985395949909907642e-01 2.010409099999999949e+00
9.648249048096293468e-01 7.748490841099518744e-02 2.512150314523978745e-01 -1.356920000000000001e-02 -7.596531252295739278e-02 9.969859678752076571e-01 -1.575598785302681840e-02 6.658599999999999762e-03 -2.516787125530861591e-01 -3.881858894267703475e-03 9.678030568349874629e-01 2.204525499999999916e+00
9.424969758753907190e-01 8.263387578826082713e-02 3.238380660730813543e-01 5.276000000000000308e-04 -8.022523430859694604e-02 9.965596078717493533e-01 -2.080528150821007310e-02 5.800600000000000374e-03 -3.244431571876248976e-01 -6.371069825031667154e-03 9.458837387456298096e-01 2.242030399999999979e+00
9.213110524059509032e-01 8.541223658483179659e-02 3.793292693112619296e-01 1.219130000000000040e-02 -8.250874147651404700e-02 9.963028146038084287e-01 -2.393761041731200592e-02 4.853500000000000175e-03 -3.799713835206553481e-01 -9.243995570420503877e-03 9.249520507849544604e-01 2.266607800000000061e+00
8.763363543774820297e-01 8.022574760875877953e-02 4.749720238256143201e-01 3.448119999999999657e-02 -7.279957647453130787e-02 9.967654264604018932e-01 -3.404271255851922667e-02 3.275300000000000086e-03 -4.761667939509359737e-01 -4.744895555102454296e-03 8.793421804420950005e-01 2.301457899999999945e+00
7.525061547856715105e-01 9.489227297036195719e-02 6.517130837571095681e-01 8.597349999999999437e-02 -7.730458681989624270e-02 9.954514316119691397e-01 -5.568166806307341815e-02 -5.170000000000000306e-05 -6.540324822715520847e-01 -8.479612738768287084e-03 7.564189370325893336e-01 2.361342399999999841e+00
4.595287278945536791e-01 8.834986585337657738e-02 8.837576870632037895e-01 2.106192000000000064e-01 -5.580716091244551647e-02 9.959461032036692751e-01 -7.054729126138364892e-02 -8.843999999999999431e-03 -8.864078683261480407e-01 -1.690150043979668851e-02 4.625964010369923995e-01 2.439150600000000058e+00
4.099463113793358482e-01 8.632090703488151662e-02 9.080158163794023185e-01 2.339334999999999887e-01 -5.522585384182845253e-02 9.960342856739849982e-01 -6.975533549023717195e-02 -1.023819999999999938e-02 -9.104362288781779888e-01 -2.155000627818658490e-02 4.130877272148042456e-01 2.448287699999999845e+00
3.596256672239371288e-01 8.602951604165631760e-02 9.291223287831243960e-01 2.577473000000000125e-01 -5.747594636124644940e-02 9.958922508716944177e-01 -6.996527884307357503e-02 -1.167329999999999930e-02 -9.313248064255655878e-01 -2.824087504572610902e-02 3.630930430523758856e-01 2.456435700000000111e+00
1.066567365729971795e-01 7.865717824546543391e-02 9.911797964315349763e-01 4.222632000000000052e-01 -6.771285163010148933e-03 9.969003615620108949e-01 -7.838251600180458356e-02 -2.249349999999999961e-02 -9.942728449680395819e-01 1.648462311680920500e-03 1.068587494366628476e-01 2.479839800000000150e+00
7.788630643191893355e-02 7.721351375088378322e-02 9.939677039847096829e-01 4.532517999999999825e-01 7.172784463245276965e-04 9.969917339320081284e-01 -7.750463200917953599e-02 -2.468829999999999983e-02 -9.969619896375305768e-01 6.749501128970991637e-03 7.759662010994006209e-02 2.481159200000000009e+00
5.270207231420643429e-02 7.567583802679195282e-02 9.957387504324266558e-01 4.849583000000000088e-01 8.060143591646022621e-03 9.970597582455236196e-01 -7.620283835041896658e-02 -2.669749999999999901e-02 -9.985777514340432592e-01 1.204184480554310044e-02 5.193715735972670444e-02 2.482097899999999857e+00
-7.928151228903427064e-03 7.709025934895143151e-02 9.969925959261699555e-01 6.203094000000000108e-01 1.747512830582190549e-02 9.968823550214526152e-01 -7.694277183451110613e-02 -3.566849999999999882e-02 -9.998158652015814996e-01 1.681255960268928165e-02 -9.250596241287434296e-03 2.481283900000000209e+00
-2.316689901972992377e-02 8.196883609478360089e-02 9.963655979102631344e-01 6.916021999999999448e-01 2.663857623885008616e-02 9.963298307682432187e-01 -8.134650931226809767e-02 -4.045300000000000284e-02 -9.993766462379319870e-01 2.465721457485515675e-02 -2.526540566927315545e-02 2.478764099999999804e+00
-3.149682272679033695e-02 7.882131207870105016e-02 9.963910632479142659e-01 7.661402999999999963e-01 2.491787849574397459e-02 9.966377501899439384e-01 -7.805315001714083212e-02 -4.525549999999999712e-02 -9.991931992809941487e-01 2.236952521889921941e-02 -3.335498241781198470e-02 2.476725800000000088e+00
-3.405908964488400803e-02 7.203077733623663992e-02 9.968207188501345684e-01 8.045269999999999921e-01 2.311438149199968040e-02 9.971893738450822164e-01 -7.126765085713956949e-02 -4.762870000000000298e-02 -9.991524927561377112e-01 2.061358306530774662e-02 -3.562830914323045217e-02 2.475612899999999783e+00
-3.495177628724617513e-02 6.638661257408311200e-02 9.971816238806775479e-01 9.231359000000000092e-01 3.050849115779766599e-02 9.973971182539788094e-01 -6.533161918958568792e-02 -5.469650000000000206e-02 -9.989232229263874663e-01 2.813905061648400846e-02 -3.688615632946967704e-02 2.470374300000000023e+00
-3.188317226134620985e-02 8.169372653728303180e-02 9.961473778367362364e-01 1.003703000000000012e+00 3.216365955085540018e-02 9.962217567746438629e-01 -8.067038076728721974e-02 -5.971699999999999925e-02 -9.989739547810294606e-01 2.946771747682631198e-02 -3.439027908953273815e-02 2.467628200000000049e+00
-2.983773029603409288e-02 8.238490504205535359e-02 9.961538220937531385e-01 1.045252899999999929e+00 3.287294753962112515e-02 9.961393283661541531e-01 -8.139906511923025723e-02 -6.225460000000000022e-02 -9.990140535402085575e-01 3.031774898370412016e-02 -3.243077127856597297e-02 2.466508900000000004e+00
-2.490613763213363890e-02 7.162357944468680793e-02 9.971207284856633546e-01 1.129909000000000052e+00 3.196100473594582630e-02 9.969772999361098398e-01 -7.081495314107674743e-02 -6.812100000000000100e-02 -9.991787520181352189e-01 3.010525335609528369e-02 -2.712001541015873762e-02 2.464155900000000177e+00
-2.231003057507989149e-02 7.001325968196585314e-02 9.972965486776961264e-01 1.172398000000000051e+00 3.009076183758903345e-02 9.971399196800289078e-01 -6.932911821550222231e-02 -7.103650000000000242e-02 -9.992981580027915367e-01 2.846267818057887991e-02 -2.435297441825745590e-02 2.463802100000000106e+00
-1.520367168118177958e-02 8.111140127272424560e-02 9.965890772785872542e-01 1.255861200000000011e+00 3.936346905828277953e-02 9.959801667065106834e-01 -8.046132506346605207e-02 -7.676399999999999890e-02 -9.991092861499728528e-01 3.800589573798048015e-02 -1.833538158984737709e-02 2.461287299999999956e+00
-1.278219338470947160e-02 8.166249368309366763e-02 9.965780715316463478e-01 1.297929000000000110e+00 3.326287046232950795e-02 9.961426164948317119e-01 -8.120017888796171590e-02 -7.956340000000000634e-02 -9.993648968124120291e-01 3.211113090953639226e-02 -1.544921651179897992e-02 2.461340199999999978e+00
-7.765390894454700463e-04 7.560030734747882897e-02 9.971378994482202884e-01 1.425813400000000009e+00 3.761849637738343133e-02 9.964346076342751601e-01 -7.551768957689963813e-02 -8.917410000000000614e-02 -9.992918721361376821e-01 3.745218602024352750e-02 -3.617740310984496332e-03 2.460085199999999972e+00
5.353188838656853209e-03 8.079628305415369194e-02 9.967162605345067927e-01 1.510875900000000049e+00 3.335568337246726245e-02 9.961614625487560382e-01 -8.093045730427474160e-02 -9.531430000000000458e-02 -9.994292079762394643e-01 3.367938801932723880e-02 2.637625187589476283e-03 2.461428399999999961e+00
1.290150871913037928e-02 7.723557430133216883e-02 9.969293942577445167e-01 1.596657400000000004e+00 3.638844781937886075e-02 9.963156978347766923e-01 -7.765894097461295553e-02 -1.016375999999999946e-01 -9.992544380377134106e-01 3.727863074665531407e-02 1.004349299735807222e-02 2.462125100000000177e+00
2.021551412270961717e-02 7.842455588096551578e-02 9.967150656148565657e-01 1.682056100000000054e+00 4.345616636029982216e-02 9.959077272007057502e-01 -7.924241608627621836e-02 -1.083490000000000009e-01 -9.988507869516950466e-01 4.491534188668612482e-02 1.672475617704560769e-02 2.462958800000000004e+00
3.319949361703002089e-02 7.628325201126438804e-02 9.965333206100831509e-01 1.854191300000000098e+00 4.575152805235475906e-02 9.959217235899253673e-01 -7.776064661862600036e-02 -1.209159999999999957e-01 -9.984010172793532645e-01 4.817453626406965200e-02 2.957402156106703206e-02 2.467334000000000138e+00
3.908642655764157231e-02 7.812142201232868954e-02 9.961773409798707624e-01 1.940949700000000000e+00 4.486260008670282795e-02 9.957966832079075958e-01 -7.985181792289254565e-02 -1.272363999999999995e-01 -9.982282296010339673e-01 4.781222788055224104e-02 3.541740381060531906e-02 2.470600399999999919e+00
4.432303726823953738e-02 7.817520225350121921e-02 9.959538674657291146e-01 2.027972500000000178e+00 4.079383774366674570e-02 9.959604786130102916e-01 -7.999117353237691908e-02 -1.335400999999999949e-01 -9.981840166870346032e-01 4.417423223518009145e-02 4.095492689495050520e-02 2.474470600000000076e+00
4.993929170135890522e-02 8.017086471492235189e-02 9.955293564708315168e-01 2.116017600000000165e+00 3.642611852194287819e-02 9.959637077939774708e-01 -8.203310701599764165e-02 -1.402329999999999965e-01 -9.980877742131658570e-01 4.035994559132072279e-02 4.681740870737804983e-02 2.479693900000000006e+00
5.714291197220932456e-02 8.582651037317301501e-02 9.946700446522453998e-01 2.204257999999999829e+00 3.541769351696660156e-02 9.954965869086918051e-01 -8.793254482319795562e-02 -1.471297000000000021e-01 -9.977375780220341106e-01 4.025364046032506304e-02 5.384579679433043609e-02 2.484197099999999825e+00
6.251133585160371930e-02 8.731317677649524933e-02 9.942176532587040372e-01 2.293460099999999890e+00 2.569159760404403012e-02 9.956950161226155727e-01 -8.905827688169218326e-02 -1.541877000000000109e-01 -9.977135233635955336e-01 3.111019173487617612e-02 5.999901055533629624e-02 2.490684700000000085e+00
6.981089547978087950e-02 8.904986828264264964e-02 9.935776566686446154e-01 2.383557099999999984e+00 2.693150101992592207e-02 9.954763892585157814e-01 -9.111230806889786260e-02 -1.619049999999999934e-01 -9.971966371409025642e-01 3.311916948946663081e-02 6.709685154463762569e-02 2.497414399999999812e+00
7.329259697916401528e-02 9.009933620049173641e-02 9.932322512103001211e-01 2.428853800000000174e+00 2.256888089067143888e-02 9.955058929387577971e-01 -9.197098857546975870e-02 -1.654199000000000086e-01 -9.970550841570352540e-01 2.915693297377591059e-02 7.092977101450570476e-02 2.501455299999999937e+00
8.215079221859215852e-02 8.813874280462782873e-02 9.927148681039673628e-01 2.520332300000000192e+00 2.191675994017359269e-02 9.956810568260089367e-01 -9.021578970206184378e-02 -1.731709999999999916e-01 -9.963788952861166726e-01 2.916839204792601864e-02 7.986427194782397265e-02 2.509374900000000075e+00
9.295377902903234624e-02 1.003287101638849488e-01 9.906027179859102638e-01 2.611318100000000086e+00 1.629640811177904269e-02 9.946236819011483599e-01 -1.022651381657389419e-01 -1.811692000000000025e-01 -9.955370520713309190e-01 2.564919722436749538e-02 9.081903233832289146e-02 2.518868400000000118e+00
1.003572910590468242e-01 1.049293730419282589e-01 9.894029718998818002e-01 2.657203400000000215e+00 1.472938669392637873e-02 9.941576940447445221e-01 -1.069276603094671818e-01 -1.854900999999999911e-01 -9.948424293821163111e-01 2.530426929717344287e-02 9.822542774875342442e-02 2.523799400000000137e+00
1.074546271000250824e-01 1.079118841740702717e-01 9.883362425656547767e-01 2.703499100000000155e+00 1.015450484406258541e-02 9.939210702132715847e-01 -1.096256914116242598e-01 -1.900386000000000020e-01 -9.941581308555327290e-01 2.181585295391407636e-02 1.057056262160473992e-01 2.529382200000000136e+00
1.293532970934649085e-01 1.006317430551991465e-01 9.864790807821126606e-01 2.844342199999999821e+00 5.641214299334583460e-03 9.947463545317050126e-01 -1.022148073769763021e-01 -2.046061000000000130e-01 -9.915825236621904626e-01 1.878676224248778531e-02 1.281060355024908892e-01 2.547851599999999994e+00
1.367502227413490423e-01 9.531534279701549262e-02 9.860093113189544178e-01 2.891452300000000086e+00 3.622711955690471886e-03 9.953053863051072314e-01 -9.671640993196210789e-02 -2.088726999999999945e-01 -9.905989362695063472e-01 1.679801832147673202e-02 1.357629332409763245e-01 2.554890900000000187e+00
1.438981020942949329e-01 8.786908941078400148e-02 9.856837014680620568e-01 2.938651600000000030e+00 1.089091645601336644e-03 9.960354174878330857e-01 -8.895089088494548268e-02 -2.131582999999999950e-01 -9.895919108870320224e-01 1.387336426241463777e-02 1.432319087040140326e-01 2.562311400000000017e+00
1.586839527467182320e-01 8.686201624826517254e-02 9.835010896150363502e-01 3.031188699999999958e+00 1.105139613667933951e-03 9.961062796593636026e-01 -8.815360622014195568e-02 -2.215962999999999961e-01 -9.873288113932013887e-01 1.507546869810898194e-02 1.579700871570967058e-01 2.577360899999999955e+00
1.696183584225676999e-01 9.754424632895956904e-02 9.806705524762884263e-01 3.121122399999999963e+00 2.932679240076480065e-04 9.950845359290665382e-01 -9.902868447454436784e-02 -2.291273000000000060e-01 -9.855097800021865861e-01 1.708468211437880191e-02 1.687559988773510433e-01 2.593337500000000073e+00
1.793594930308894664e-01 9.985451391483679551e-02 9.787028396354707782e-01 3.209556599999999982e+00 -4.387716469115253426e-03 9.949067902855905920e-01 -1.007036572712752820e-01 -2.382797000000000109e-01 -9.837738155713887656e-01 1.376788634669397215e-02 1.788841108138325975e-01 2.610661299999999851e+00
1.893833241140900625e-01 9.038036781703488731e-02 9.777348033392055937e-01 3.297266500000000100e+00 5.471258432203363054e-04 9.957448783443461071e-01 -9.215116876261002232e-02 -2.464709999999999956e-01 -9.819030793315647321e-01 1.798683863998441768e-02 1.885280255954799866e-01 2.627543000000000184e+00
1.954390952083377153e-01 8.083894943520794629e-02 9.773784447788674834e-01 3.383126700000000042e+00 -5.001511679189558912e-03 9.966661771178164653e-01 -8.143412227242452506e-02 -2.543309000000000264e-01 -9.807030870477918549e-01 1.102704146945814728e-02 1.951918528303925315e-01 2.645922699999999850e+00
2.007638446703157165e-01 8.261406400443772891e-02 9.761499859662264855e-01 3.466106400000000143e+00 -8.337158154845245028e-03 9.965457920348472776e-01 -8.262551767789434731e-02 -2.616032999999999831e-01 -9.796041907153595352e-01 8.449899781038813784e-03 2.007591311163603454e-01 2.663838600000000056e+00
2.041689322850983312e-01 9.117109591930996904e-02 9.746809110464996762e-01 3.546990399999999877e+00 -1.402130625642637046e-02 9.958239043724502748e-01 -9.021172014363032510e-02 -2.686791000000000040e-01 -9.788352517458830393e-01 4.752131025251453422e-03 2.045946411573197343e-01 2.681694999999999940e+00
2.060141003025673379e-01 9.683340353637991116e-02 9.737461077899538520e-01 3.586536399999999958e+00 -1.495461883269309789e-02 9.952871421817931497e-01 -9.581160672469632433e-02 -2.721442000000000028e-01 -9.784347448103489775e-01 5.176540076114469202e-03 2.064912917794544667e-01 2.690562499999999968e+00
2.090083136485692550e-01 9.841632731363086917e-02 9.729489972983567103e-01 3.664296900000000079e+00 -1.651054197950096308e-02 9.951363235341437186e-01 -9.711384858243043983e-02 -2.795831999999999762e-01 -9.777744764664930699e-01 4.233686460328407730e-03 2.096166717358883824e-01 2.707970599999999894e+00
2.095372691687420463e-01 9.532837437750091292e-02 9.731426585387410455e-01 3.702491000000000199e+00 -1.618375365436586222e-02 9.954380307970035480e-01 -9.402772442550448584e-02 -2.833265999999999840e-01 -9.776667218162642392e-01 3.953211545925552906e-03 2.101241375271108991e-01 2.716639999999999944e+00
2.101974366882724266e-01 9.283074018643491798e-02 9.732417434975332293e-01 3.740154299999999932e+00 -1.619260534355403819e-02 9.956758637483447139e-01 -9.147335066113768121e-02 -2.868429000000000118e-01 -9.775248524420582230e-01 3.468144377930630629e-03 2.107916858718725805e-01 2.725086000000000119e+00
2.102175034882744487e-01 9.174430745274425592e-02 9.733404251736251789e-01 3.777541199999999932e+00 -1.514467098392775768e-02 9.957733039106360096e-01 -9.058789190440885708e-02 -2.902449999999999752e-01 -9.775373344112979757e-01 4.302239987799577614e-03 2.107184153393848458e-01 2.733119700000000041e+00
2.087355383162966815e-01 9.093260498883976028e-02 9.737354550357859573e-01 3.814155599999999868e+00 -1.522167999078802292e-02 9.958493769553994346e-01 -8.973471388376294544e-02 -2.936497000000000135e-01 -9.778536575081486770e-01 3.908934315947000526e-03 2.092533027946028579e-01 2.741334699999999902e+00
2.049326729087329324e-01 9.456980789058758163e-02 9.741966695744858074e-01 3.885465099999999783e+00 -1.734215940122375149e-02 9.955158843600530050e-01 -9.299125493359122752e-02 -3.004563000000000095e-01 -9.786224241666369172e-01 2.162272498776221519e-03 2.056537757879883799e-01 2.756656599999999901e+00
2.025514722789592548e-01 9.841766588065004040e-02 9.743135348132198059e-01 3.919872300000000198e+00 -1.587119400631165078e-02 9.951362117412780872e-01 -9.722152684478983786e-02 -3.038140999999999758e-01 -9.791429958276985923e-01 4.228844265624670529e-03 2.031283106751421430e-01 2.764048600000000189e+00
1.985880965411994659e-01 9.787557477539526873e-02 9.751836441278787238e-01 3.988216400000000217e+00 -1.426709336483267254e-02 9.951843029609646063e-01 -9.697759115908269334e-02 -3.102084999999999981e-01 -9.799791926153649246e-01 5.345559136802680023e-03 1.990281563961555644e-01 2.778105300000000000e+00
1.942031895592395141e-01 9.097503467783521480e-02 9.767336710845924141e-01 4.054683200000000376e+00 -1.413178257567173496e-02 9.958464304467888883e-01 -8.994542616288406234e-02 -3.167641999999999958e-01 -9.808595281110603636e-01 3.664700772992031397e-03 1.946821925138311205e-01 2.791414000000000062e+00
1.907250208347671672e-01 9.166532648140476858e-02 9.773543033867684304e-01 4.118938899999999848e+00 -7.083674278496827903e-03 9.957331887196207987e-01 -9.200673041127030438e-02 -3.225184999999999858e-01 -9.816179440017862579e-01 1.062472603474930860e-02 1.905605604798451536e-01 2.803567399999999932e+00
1.864790105476490101e-01 9.578302625233925394e-02 9.777787022159530883e-01 4.181698299999999868e+00 -3.769256853787782136e-03 9.952986206971393690e-01 -9.678041300357229093e-02 -3.281167999999999862e-01 -9.824517145020105202e-01 1.436201658248378171e-02 1.859633328152204834e-01 2.815483599999999864e+00
1.838605170554937218e-01 9.704936861391115499e-02 9.781496461788082852e-01 4.244795800000000341e+00 -2.639096475288274513e-03 9.951591593946296221e-01 -9.824094178481894424e-02 -3.336794000000000149e-01 -9.829488010257100283e-01 1.548119906904052434e-02 1.832266002454450149e-01 2.827552100000000124e+00
1.870474348933968134e-01 9.344010536329053207e-02 9.778968267713613605e-01 4.307997199999999971e+00 8.056495037727068320e-03 9.952865288291561363e-01 -9.664273598629292972e-02 -3.394544999999999924e-01 -9.823178457034708044e-01 2.595519679960839321e-02 1.854129924562624154e-01 2.838748499999999897e+00
1.923053553726089271e-01 9.239078894464396174e-02 9.769762496668999985e-01 4.371640199999999865e+00 8.125931039427006231e-03 9.953741564857633284e-01 -9.573013028821038273e-02 -3.455050000000000066e-01 -9.813014926819164652e-01 2.634825835689171003e-02 1.906650197120631773e-01 2.851577300000000204e+00
2.039774509204256847e-01 9.219683979553683351e-02 9.746245134654276665e-01 4.436572100000000241e+00 7.868445977829228999e-03 9.953689276122075213e-01 -9.580597842524195273e-02 -3.511267000000000138e-01 -9.789439652369789080e-01 2.721103959498898106e-02 2.023073707264780863e-01 2.865826799999999785e+00
2.199993557102141728e-01 9.047959704721957042e-02 9.712948707808889415e-01 4.502663599999999988e+00 5.962025494234871048e-03 9.955459306961470523e-01 -9.408907548886057126e-02 -3.567532999999999954e-01 -9.754817977487314495e-01 2.649042076893426412e-02 2.184800216687742269e-01 2.881207199999999968e+00
2.385363254814008849e-01 9.002814264217959273e-02 9.669515783937843167e-01 4.570078399999999874e+00 1.058109282058475320e-03 9.956690104721652723e-01 -9.296290652796118659e-02 -3.627442000000000166e-01 -9.711329990431685211e-01 2.319817056965036567e-02 2.374079675403565348e-01 2.898788199999999815e+00
2.570056135776786488e-01 9.625475674636650714e-02 9.616044594287500580e-01 4.638639500000000027e+00 -7.992444574338120056e-03 9.952051946780431368e-01 -9.748200508588385216e-02 -3.684667999999999832e-01 -9.663768599357533962e-01 1.736785218545930376e-02 2.565426325022353016e-01 2.918907200000000035e+00
2.777504112178291740e-01 1.010194837914010213e-01 9.553270502622889238e-01 4.709194199999999775e+00 -1.386932269014848340e-02 9.947736573931705850e-01 -1.011583533116830469e-01 -3.749047999999999825e-01 -9.605531484287809230e-01 1.484703509572304209e-02 2.776998642283121654e-01 2.940766800000000014e+00
2.978096746694652852e-01 1.018377257737282521e-01 9.491777890798446249e-01 4.781630999999999965e+00 -1.809233551611572066e-02 9.947171217322743342e-01 -1.010470936159572342e-01 -3.819359999999999977e-01 -9.544538045756009170e-01 1.291995905158576513e-02 2.980788647141320302e-01 2.964368100000000172e+00
3.185561248165000303e-01 9.812045243502559577e-02 9.428119495190120380e-01 4.856939800000000140e+00 -2.203183226604227274e-02 9.951258181428385141e-01 -9.612078044079278016e-02 -3.884527999999999870e-01 -9.476479270852099512e-01 9.847988601333373948e-03 3.191651976823484116e-01 2.990840700000000130e+00
3.402418861916312043e-01 8.674948398337692379e-02 9.363279264816247727e-01 4.934474899999999664e+00 -1.716112332438975846e-02 9.961425562506910358e-01 -8.605523500975401086e-02 -3.952844999999999831e-01 -9.401813414054792650e-01 1.321115645796149679e-02 3.404181408474541426e-01 3.018959000000000170e+00
3.601984951456581596e-01 8.092557827686883143e-02 9.293589698686712808e-01 5.014555500000000166e+00 -1.169240770588257650e-02 9.965436254792998660e-01 -8.224408865451887651e-02 -4.015650000000000053e-01 -9.328024076388541364e-01 1.875775298716026579e-02 3.598997290996895915e-01 3.049759900000000190e+00
3.761081001116818867e-01 6.605999244518111213e-02 9.242179258316319812e-01 5.096796999999999578e+00 4.495157068331690625e-03 9.973134662284162122e-01 -7.311390867948870664e-02 -4.072862999999999900e-01 -9.265648874165869353e-01 3.165323802716242529e-02 3.748007229569917387e-01 3.081916099999999936e+00
3.907383658543089333e-01 6.117995408041548844e-02 9.184664080238440498e-01 5.178753399999999729e+00 1.215061552915966403e-02 9.973591099750379607e-01 -7.160424772360035606e-02 -4.138044000000000167e-01 -9.204215838363236646e-01 3.913845894409274245e-02 3.889630947014315332e-01 3.115876899999999949e+00
4.053996569688074203e-01 7.191923877713057855e-02 9.113060634184825259e-01 5.260706400000000116e+00 1.765647264488529045e-02 9.960983689358735571e-01 -8.646553288468653009e-02 -4.198182999999999776e-01 -9.139690186780476955e-01 5.114354795094359224e-02 4.025480970016823701e-01 3.151796299999999995e+00
4.150830688202100105e-01 7.543973941913724446e-02 9.066503690481627631e-01 5.342003799999999636e+00 8.937073328917355397e-03 9.961699713484120089e-01 -8.697997990352408781e-02 -4.269947000000000048e-01 -9.097396191763392759e-01 4.420671781614839146e-02 4.128190782907362744e-01 3.189727099999999815e+00
4.227648461703484850e-01 8.237263223563806580e-02 9.024880244641109162e-01 5.420646699999999818e+00 1.027107374026219044e-03 9.958162896826912025e-01 -9.137210872602534451e-02 -4.346588000000000118e-01 -9.062388371135965404e-01 3.955586759471589609e-02 4.209115149836429870e-01 3.227618899999999957e+00
4.303277206379411690e-01 8.935803626182670101e-02 8.982389404863185822e-01 5.498171799999999720e+00 -5.564906303126615494e-03 9.953318682049789867e-01 -9.635094163226411157e-02 -4.425689999999999902e-01 -9.026555736649454209e-01 3.646386555230544946e-02 4.288161632221807462e-01 3.265612400000000193e+00
4.386957604022889146e-01 8.479034401054695580e-02 8.946265295460616995e-01 5.574492499999999851e+00 -5.722123156085154316e-03 9.957820491581728106e-01 -9.157165435295373801e-02 -4.502307999999999866e-01 -8.986174308968438718e-01 3.505293335690097545e-02 4.373305440412692535e-01 3.302810700000000210e+00
4.453561405263973816e-01 8.070494869713476516e-02 8.917088198236151619e-01 5.647472399999999837e+00 -6.789527752041495112e-03 9.962051027624981847e-01 -8.677151342960855163e-02 -4.577983999999999942e-01 -8.953277670263197763e-01 3.258994454971231303e-02 4.442140082279155688e-01 3.340246399999999838e+00
4.517083856428142363e-01 8.310206282325627303e-02 8.882868801769403522e-01 5.718897799999999698e+00 -7.881886321293760100e-03 9.959852770653282450e-01 -8.916952246770969148e-02 -4.644842000000000137e-01 -8.921308257245574858e-01 3.327724483217846252e-02 4.505499026394284012e-01 3.376768600000000120e+00
4.556920285955919359e-01 8.033108731019980575e-02 8.865053251312118299e-01 5.788373499999999616e+00 -4.057390892413401118e-03 9.960966360756783322e-01 -8.817612589507317633e-02 -4.710649000000000086e-01 -8.901282562943280130e-01 3.658425905056285343e-02 4.542392313926010283e-01 3.412261700000000175e+00
4.592720533858742904e-01 7.962062175222699156e-02 8.847201464703465801e-01 5.855108699999999722e+00 -4.263767685359534654e-03 9.961609807954682205e-01 -8.743638044736309900e-02 -4.778438999999999881e-01 -8.882854278123940572e-01 3.638484481758214040e-02 4.578483829869365307e-01 3.447391500000000164e+00
4.647670342255589282e-01 8.102706953888061392e-02 8.817177654437501344e-01 5.919861299999999993e+00 -1.911120882003944366e-03 9.958935240342081663e-01 -9.051207877239542121e-02 -4.843359999999999888e-01 -8.854309411321431567e-01 4.038196117906298760e-02 4.630133320944226361e-01 3.481541599999999903e+00
4.709579079898573717e-01 7.882904079597735647e-02 8.786265595968536513e-01 5.982509600000000205e+00 2.902330358059965199e-03 9.958555818637546686e-01 -9.090234622547037346e-02 -4.904205999999999843e-01 -8.821509085073313550e-01 4.536124334703296734e-02 4.687772735763771070e-01 3.515015099999999837e+00
4.775153388043247293e-01 7.750339829953827031e-02 8.751984486152921683e-01 6.042958299999999561e+00 5.458683002655451144e-03 9.958209814617114963e-01 -9.116345572931182362e-02 -4.964208999999999983e-01 -8.786064556935986314e-01 4.830937934456212834e-02 4.750967268681985933e-01 3.548210599999999992e+00
4.843694023068925159e-01 7.606218831750422016e-02 8.715508164285178383e-01 6.101895299999999800e+00 7.158923993677963893e-03 9.958354434927429999e-01 -9.088739896632913595e-02 -5.027884999999999716e-01 -8.748342882604204229e-01 5.026244116598865136e-02 4.818076951356413673e-01 3.581169599999999953e+00
4.925971777855918665e-01 7.765184303279309974e-02 8.667861395472823416e-01 6.160008000000000372e+00 8.644408560392280449e-03 9.955254361426786325e-01 -9.409771619742182680e-02 -5.085534000000000443e-01 -8.702145107031434845e-01 5.384512295965148548e-02 4.897217660010110274e-01 3.614424500000000151e+00
5.024500909279796534e-01 8.672498505347461806e-02 8.602457108837796573e-01 6.216331499999999899e+00 2.887394561267041249e-03 9.947828025315956779e-01 -1.019746965674918765e-01 -5.149614000000000136e-01 -8.646013931743993242e-01 5.372106434964853128e-02 4.995783003354212215e-01 3.648245800000000205e+00
5.256925638940125323e-01 1.049452273628845300e-01 8.441764196661099007e-01 6.328627100000000283e+00 -1.578111881256152871e-02 9.933934425332930918e-01 -1.136680457335163957e-01 -5.281787999999999483e-01 -8.505282385409453916e-01 4.643239801696043279e-02 5.238756988626512845e-01 3.720311399999999935e+00
