9.999968e-01 -1.383964e-03 2.129266e-03 -1.699529e-02 1.395070e-03 9.999853e-01 -5.223267e-03 -3.304158e-02 -2.122006e-03 5.226219e-03 9.999840e-01 1.924885e+00
9.999935e-01 -2.875213e-03 2.196984e-03 -3.106702e-02 2.877221e-03 9.999954e-01 -9.111935e-04 -6.341853e-02 -2.194353e-03 9.175076e-04 9.999971e-01 2.888054e+00
9.999894e-01 -4.378258e-03 1.426928e-03 -4.462738e-02 4.370282e-03 9.999750e-01 5.546374e-03 -9.503621e-02 -1.451175e-03 -5.540079e-03 9.999835e-01 3.848312e+00
9.999613e-01 -8.800744e-03 4.930361e-05 -5.337242e-02 8.800421e-03 9.999503e-01 4.659577e-03 -1.222173e-01 -9.030788e-05 -4.658963e-03 9.999891e-01 4.806551e+00
9.999329e-01 -1.154122e-02 -9.928825e-04 -6.458549e-02 1.154281e-02 9.999320e-01 1.608232e-03 -1.448705e-01 9.742552e-04 -1.619585e-03 9.999981e-01 5.738958e+00
9.999251e-01 -1.210851e-02 -1.791951e-03 -7.542792e-02 1.210590e-02 9.999256e-01 -1.463266e-03 -1.535673e-01 1.809537e-03 1.441462e-03 9.999973e-01 6.676395e+00
9.999307e-01 -1.148261e-02 -2.596193e-03 -8.936429e-02 1.147713e-02 9.999318e-01 -2.115606e-03 -1.678814e-01 2.620310e-03 2.085662e-03 9.999943e-01 7.606157e+00
9.999332e-01 -1.074628e-02 -4.252912e-03 -1.141317e-01 1.075959e-02 9.999372e-01 3.119014e-03 -1.865848e-01 4.219129e-03 -3.164566e-03 9.999860e-01 9.465868e+00
9.999267e-01 -1.090491e-02 -5.254531e-03 -1.275574e-01 1.092822e-02 9.999304e-01 4.428359e-03 -1.916301e-01 5.205877e-03 -4.485457e-03 9.999763e-01 1.038892e+01
9.999051e-01 -1.246298e-02 -5.868031e-03 -1.421945e-01 1.249287e-02 9.999090e-01 5.084305e-03 -1.997185e-01 5.804133e-03 -5.157132e-03 9.999698e-01 1.133952e+01
9.998969e-01 -1.263069e-02 -6.826217e-03 -1.548813e-01 1.266478e-02 9.999074e-01 4.973288e-03 -2.155601e-01 6.762771e-03 -5.059228e-03 9.999643e-01 1.222345e+01
9.998699e-01 -1.336574e-02 -9.034486e-03 -1.849063e-01 1.337692e-02 9.999098e-01 1.177817e-03 -2.602522e-01 9.017931e-03 -1.298518e-03 9.999584e-01 1.404136e+01
9.998368e-01 -1.468699e-02 -1.051998e-02 -1.992846e-01 1.468671e-02 9.998921e-01 -1.034110e-04 -2.760574e-01 1.052037e-02 -5.111081e-05 9.999446e-01 1.494552e+01
9.998231e-01 -1.432671e-02 -1.218625e-02 -2.169483e-01 1.431971e-02 9.998972e-01 -6.616172e-04 -2.851106e-01 1.219448e-02 4.869955e-04 9.999255e-01 1.584627e+01
9.998148e-01 -1.159649e-02 -1.536125e-02 -2.548521e-01 1.157275e-02 9.999316e-01 -1.633665e-03 -2.982439e-01 1.537915e-02 1.455589e-03 9.998806e-01 1.763484e+01
9.997832e-01 -1.213664e-02 -1.691845e-02 -2.730779e-01 1.212689e-02 9.999262e-01 -6.787551e-04 -3.044055e-01 1.692545e-02 4.734386e-04 9.998566e-01 1.852684e+01
9.997674e-01 -1.148423e-02 -1.825599e-02 -2.937433e-01 1.149904e-02 9.999336e-01 7.061475e-04 -3.138402e-01 1.824668e-02 -9.159104e-04 9.998330e-01 1.941419e+01
9.997407e-01 -1.132286e-02 -1.975877e-02 -3.146034e-01 1.134559e-02 9.999350e-01 1.038627e-03 -3.236882e-01 1.974573e-02 -1.262534e-03 9.998042e-01 2.029478e+01
9.996913e-01 -1.246784e-02 -2.149326e-02 -3.335669e-01 1.249154e-02 9.999214e-01 9.685078e-04 -3.220398e-01 2.147950e-02 -1.236693e-03 9.997685e-01 2.116890e+01
9.996529e-01 -1.268780e-02 -2.308809e-02 -3.517749e-01 1.269885e-02 9.999192e-01 3.318073e-04 -3.205089e-01 2.308202e-02 -6.248852e-04 9.997333e-01 2.203793e+01
9.996297e-01 -1.261378e-02 -2.411198e-02 -3.725490e-01 1.263650e-02 9.999198e-01 7.899130e-04 -3.172185e-01 2.410009e-02 -1.094312e-03 9.997089e-01 2.290089e+01
9.996068e-01 -1.236724e-02 -2.516463e-02 -3.933684e-01 1.244026e-02 9.999188e-01 2.747129e-03 -3.159266e-01 2.512862e-02 -3.059103e-03 9.996795e-01 2.375773e+01
9.995692e-01 -1.363816e-02 -2.598840e-02 -4.121035e-01 1.378817e-02 9.998892e-01 5.601313e-03 -3.140241e-01 2.590913e-02 -5.957232e-03 9.996465e-01 2.461543e+01
9.995560e-01 -1.327670e-02 -2.667519e-02 -4.280328e-01 1.346665e-02 9.998851e-01 6.953738e-03 -3.057383e-01 2.657980e-02 -7.309876e-03 9.996199e-01 2.544218e+01
9.995413e-01 -1.282492e-02 -2.743674e-02 -4.474023e-01 1.298763e-02 9.998990e-01 5.760451e-03 -2.988492e-01 2.736009e-02 -6.114147e-03 9.996069e-01 2.626621e+01
9.995372e-01 -1.142993e-02 -2.819322e-02 -4.690774e-01 1.151922e-02 9.999291e-01 3.006464e-03 -2.930490e-01 2.815686e-02 -3.329837e-03 9.995979e-01 2.708037e+01
9.995206e-01 -1.092301e-02 -2.896974e-02 -4.916230e-01 1.096822e-02 9.999388e-01 1.401950e-03 -2.934051e-01 2.895266e-02 -1.719025e-03 9.995792e-01 2.787697e+01
9.994551e-01 -1.042435e-02 -3.131936e-02 -5.377287e-01 1.044602e-02 9.999452e-01 5.283531e-04 -3.030386e-01 3.131214e-02 -8.552288e-04 9.995092e-01 2.945471e+01
9.993980e-01 -1.012000e-02 -3.318482e-02 -5.610502e-01 1.012245e-02 9.999487e-01 -9.415537e-05 -3.024561e-01 3.318408e-02 -2.418140e-04 9.994492e-01 3.022665e+01
9.993348e-01 -1.013992e-02 -3.503166e-02 -5.837097e-01 1.012933e-02 9.999485e-01 -4.799930e-04 -2.893166e-01 3.503473e-02 1.248256e-04 9.993860e-01 3.099325e+01
9.992572e-01 -1.045439e-02 -3.709050e-02 -6.098827e-01 1.048559e-02 9.999447e-01 6.466132e-04 -2.849460e-01 3.708169e-02 -1.035049e-03 9.993116e-01 3.175331e+01
9.991826e-01 -1.044167e-02 -3.905299e-02 -6.373473e-01 1.057814e-02 9.999386e-01 3.289435e-03 -2.859582e-01 3.901625e-02 -3.699855e-03 9.992317e-01 3.249745e+01
9.990483e-01 -8.212274e-03 -4.283877e-02 -7.070281e-01 8.425612e-03 9.999529e-01 4.801790e-03 -2.980989e-01 4.279733e-02 -5.158163e-03 9.990704e-01 3.396228e+01
9.989871e-01 -5.570437e-03 -4.465125e-02 -7.475972e-01 5.752148e-03 9.999756e-01 3.942093e-03 -3.011809e-01 4.462821e-02 -4.194941e-03 9.989948e-01 3.470353e+01
9.989142e-01 -4.076822e-03 -4.640854e-02 -7.861231e-01 4.225973e-03 9.999861e-01 3.116198e-03 -3.012987e-01 4.639521e-02 -3.308936e-03 9.989176e-01 3.539317e+01
9.988447e-01 -3.602322e-03 -4.792024e-02 -8.225011e-01 3.824192e-03 9.999823e-01 4.539097e-03 -2.935002e-01 4.790305e-02 -4.717109e-03 9.988408e-01 3.608573e+01
9.987977e-01 -2.421920e-03 -4.896157e-02 -8.579745e-01 2.724895e-03 9.999775e-01 6.122217e-03 -2.845601e-01 4.894565e-02 -6.248272e-03 9.987818e-01 3.677338e+01
9.988488e-01 3.748494e-03 -4.782370e-02 -9.356939e-01 -3.523552e-03 9.999823e-01 4.787030e-03 -2.753503e-01 4.784081e-02 -4.613010e-03 9.988443e-01 3.811124e+01
9.989248e-01 5.352123e-03 -4.605101e-02 -9.662440e-01 -5.291339e-03 9.999849e-01 1.441747e-03 -2.643952e-01 4.605804e-02 -1.196526e-03 9.989380e-01 3.876355e+01
9.990194e-01 5.712810e-03 -4.390410e-02 -9.940685e-01 -5.743068e-03 9.999833e-01 -5.630376e-04 -2.590333e-01 4.390016e-02 8.146287e-04 9.990355e-01 3.940063e+01
9.993476e-01 2.131604e-02 -2.915361e-02 -1.107347e+00 -2.108763e-02 9.997446e-01 8.120116e-03 -2.542439e-01 2.931926e-02 -7.500038e-03 9.995419e-01 4.189089e+01
9.994044e-01 2.501999e-02 -2.376615e-02 -1.127463e+00 -2.483055e-02 9.996577e-01 8.233076e-03 -2.504927e-01 2.396401e-02 -7.638046e-03 9.996836e-01 4.247569e+01
9.993683e-01 3.372431e-02 -1.120755e-02 -1.156523e+00 -3.359318e-02 9.993671e-01 1.169024e-02 -2.461265e-01 1.159470e-02 -1.130636e-02 9.998688e-01 4.359239e+01
9.993066e-01 3.700958e-02 -4.072654e-03 -1.163695e+00 -3.696271e-02 9.992556e-01 1.103952e-02 -2.463307e-01 4.478192e-03 -1.088133e-02 9.999307e-01 4.411947e+01
9.989309e-01 4.494697e-02 1.081107e-02 -1.165281e+00 -4.506496e-02 9.989242e-01 1.092935e-02 -2.401569e-01 -1.030820e-02 -1.140486e-02 9.998818e-01 4.511047e+01
9.978050e-01 5.099690e-02 4.224351e-02 -1.119110e+00 -5.130814e-02 9.986628e-01 6.315813e-03 -2.395256e-01 -4.186495e-02 -8.469386e-03 9.990873e-01 4.683267e+01
9.949463e-01 6.439773e-02 7.703781e-02 -1.036133e+00 -6.510727e-02 9.978555e-01 6.731622e-03 -2.443984e-01 -7.643911e-02 -1.171332e-02 9.970054e-01 4.817664e+01
9.932966e-01 6.279192e-02 9.705214e-02 -9.730963e-01 -6.358338e-02 9.979635e-01 5.080641e-03 -2.607772e-01 -9.653549e-02 -1.121749e-02 9.952663e-01 4.871656e+01
9.921379e-01 6.152264e-02 1.089836e-01 -9.369557e-01 -6.192852e-02 9.980805e-01 3.401550e-04 -2.675893e-01 -1.087535e-01 -7.086672e-03 9.940434e-01 4.897559e+01
9.830186e-01 6.669167e-02 1.709583e-01 -7.577117e-01 -6.621707e-02 9.977691e-01 -8.483377e-03 -2.915714e-01 -1.711427e-01 -2.981041e-03 9.852417e-01 4.998615e+01
9.334129e-01 7.549648e-02 3.507715e-01 -1.147140e-01 -7.333123e-02 9.971174e-01 -1.947297e-02 -3.439537e-01 -3.512306e-01 -7.546181e-03 9.362585e-01 5.190075e+01
8.771443e-01 7.145361e-02 4.748814e-01 4.279778e-01 -6.473981e-02 9.974359e-01 -3.050080e-02 -3.824345e-01 -4.758432e-01 -3.990132e-03 8.795210e-01 5.280031e+01
8.575413e-01 7.341493e-02 5.091494e-01 5.907911e-01 -6.409369e-02 9.972996e-01 -3.585139e-02 -3.919068e-01 -5.104066e-01 -1.889215e-03 8.599311e-01 5.301901e+01
6.014973e-01 8.478487e-02 7.943629e-01 2.612681e+00 -6.309072e-02 9.962879e-01 -5.856425e-02 -4.832195e-01 -7.963797e-01 -1.489068e-02 6.046137e-01 5.478988e+01
4.095444e-01 7.979453e-02 9.087938e-01 4.198361e+00 -5.480553e-02 9.965202e-01 -6.279926e-02 -5.166196e-01 -9.106425e-01 -2.408784e-02 4.124924e-01 5.548396e+01
3.597340e-01 7.961125e-02 9.296523e-01 4.641416e+00 -5.780824e-02 9.963408e-01 -6.295296e-02 -5.396177e-01 -9.312624e-01 -3.109524e-02 3.630199e-01 5.561845e+01
2.200748e-01 7.093645e-02 9.729003e-01 6.088519e+00 -3.059900e-02 9.973636e-01 -6.579850e-02 -6.266796e-01 -9.750030e-01 -1.528919e-02 2.216651e-01 5.585617e+01
1.074817e-01 7.204208e-02 9.915934e-01 7.658631e+00 -8.852841e-03 9.974009e-01 -7.150444e-02 -7.242890e-01 -9.941677e-01 -1.093003e-03 1.078401e-01 5.595413e+01
5.379933e-02 6.807411e-02 9.962286e-01 8.774944e+00 4.677949e-03 9.976453e-01 -6.842356e-02 -8.137508e-01 -9.985408e-01 8.341445e-03 5.335421e-02 5.597751e+01
3.425250e-02 6.829690e-02 9.970768e-01 9.351661e+00 1.011661e-02 9.975874e-01 -6.867942e-02 -8.573790e-01 -9.993620e-01 1.243947e-02 3.347893e-02 5.598323e+01
5.284248e-03 6.962217e-02 9.975594e-01 1.053767e+01 1.391943e-02 9.974715e-01 -6.968979e-02 -9.473740e-01 -9.998892e-01 1.425371e-02 4.301785e-03 5.597984e+01
-2.122260e-02 7.564821e-02 9.969086e-01 1.238276e+01 2.370387e-02 9.968910e-01 -7.514227e-02 -1.117194e+00 -9.994938e-01 2.203587e-02 -2.294978e-02 5.592954e+01
-2.969905e-02 7.235375e-02 9.969367e-01 1.367308e+01 2.153551e-02 9.971914e-01 -7.173070e-02 -1.217524e+00 -9.993269e-01 1.933920e-02 -3.117381e-02 5.588330e+01
-3.224636e-02 6.482052e-02 9.973757e-01 1.433357e+01 1.930001e-02 9.977490e-01 -6.422080e-02 -1.269538e+00 -9.992936e-01 1.717847e-02 -3.342481e-02 5.585852e+01
-3.403686e-02 5.685168e-02 9.978022e-01 1.569798e+01 2.332191e-02 9.981540e-01 -5.607618e-02 -1.366117e+00 -9.991485e-01 2.136199e-02 -3.529992e-02 5.577901e+01
-3.372396e-02 5.922088e-02 9.976750e-01 1.638718e+01 2.647752e-02 9.979454e-01 -5.834194e-02 -1.417061e+00 -9.990804e-01 2.444843e-02 -3.522269e-02 5.574074e+01
-2.869260e-02 7.658907e-02 9.966497e-01 1.850468e+01 2.970433e-02 9.966852e-01 -7.573665e-02 -1.545746e+00 -9.991469e-01 2.743173e-02 -3.087252e-02 5.564300e+01
-2.666061e-02 7.158414e-02 9.970781e-01 1.924155e+01 2.859289e-02 9.970792e-01 -7.081969e-02 -1.593908e+00 -9.992356e-01 2.662124e-02 -2.862953e-02 5.561503e+01
-2.419601e-02 6.403547e-02 9.976542e-01 1.997824e+01 2.815724e-02 9.975941e-01 -6.334873e-02 -1.647724e+00 -9.993107e-01 2.655840e-02 -2.594085e-02 5.559027e+01
-1.465585e-02 7.434465e-02 9.971248e-01 2.216714e+01 3.594039e-02 9.966267e-01 -7.377927e-02 -1.787932e+00 -9.992465e-01 3.475575e-02 -1.727839e-02 5.551011e+01
-1.252203e-02 7.473476e-02 9.971247e-01 2.290332e+01 2.917558e-02 9.968057e-01 -7.434447e-02 -1.839076e+00 -9.994959e-01 2.816074e-02 -1.466246e-02 5.550537e+01
1.859530e-03 7.309744e-02 9.973230e-01 2.583505e+01 3.365647e-02 9.967551e-01 -7.311859e-02 -2.059391e+00 -9.994318e-01 3.370233e-02 -6.067061e-04 5.546181e+01
1.307642e-02 7.048501e-02 9.974270e-01 2.804413e+01 3.351330e-02 9.969210e-01 -7.088863e-02 -2.226546e+00 -9.993528e-01 3.435404e-02 1.067398e-02 5.549768e+01
2.071775e-02 7.126874e-02 9.972419e-01 2.951232e+01 4.090596e-02 9.965603e-01 -7.206987e-02 -2.343893e+00 -9.989482e-01 4.228625e-02 1.773117e-02 5.552232e+01
2.700453e-02 7.039721e-02 9.971534e-01 3.098559e+01 4.270772e-02 9.965251e-01 -7.150946e-02 -2.445222e+00 -9.987226e-01 4.451722e-02 2.390419e-02 5.554859e+01
3.356629e-02 6.985875e-02 9.969919e-01 3.246495e+01 4.308927e-02 9.965254e-01 -7.127678e-02 -2.537443e+00 -9.985072e-01 4.535214e-02 3.043949e-02 5.558466e+01
3.950202e-02 7.135192e-02 9.966686e-01 3.395101e+01 4.213026e-02 9.964412e-01 -7.300545e-02 -2.620601e+00 -9.983310e-01 4.487376e-02 3.635537e-02 5.563975e+01
4.429263e-02 7.181466e-02 9.964340e-01 3.544252e+01 3.837120e-02 9.965546e-01 -7.352900e-02 -2.711893e+00 -9.982815e-01 4.149115e-02 4.138441e-02 5.570930e+01
5.077075e-02 7.342347e-02 9.960076e-01 3.695093e+01 3.333449e-02 9.966135e-01 -7.516735e-02 -2.812393e+00 -9.981539e-01 3.701770e-02 4.815128e-02 5.578704e+01
5.735005e-02 7.908020e-02 9.952171e-01 3.846575e+01 3.198206e-02 9.962007e-01 -8.100135e-02 -2.922992e+00 -9.978418e-01 3.647452e-02 5.460300e-02 5.586855e+01
6.297842e-02 8.056066e-02 9.947580e-01 4.000220e+01 2.229850e-02 9.963743e-01 -8.210329e-02 -3.024315e+00 -9.977658e-01 2.735234e-02 6.095370e-02 5.597631e+01
7.069430e-02 8.200656e-02 9.941213e-01 4.155550e+01 2.387540e-02 9.961901e-01 -8.387508e-02 -3.135919e+00 -9.972123e-01 2.966452e-02 6.846702e-02 5.607788e+01
7.831116e-02 8.192870e-02 9.935567e-01 4.313031e+01 1.900906e-02 9.963134e-01 -8.365431e-02 -3.244326e+00 -9.967478e-01 2.543764e-02 7.646507e-02 5.620333e+01
8.814603e-02 8.493966e-02 9.924794e-01 4.471372e+01 1.544655e-02 9.961213e-01 -8.662324e-02 -3.352539e+00 -9.959878e-01 2.296587e-02 8.649212e-02 5.634391e+01
1.017001e-01 9.855422e-02 9.899212e-01 4.630756e+01 1.204009e-02 9.948858e-01 -1.002854e-01 -3.461241e+00 -9.947423e-01 2.211777e-02 9.999338e-02 5.650810e+01
1.158008e-01 9.873063e-02 9.883533e-01 4.791411e+01 4.086353e-03 9.949918e-01 -9.987257e-02 -3.592468e+00 -9.932641e-01 1.560408e-02 1.148174e-01 5.670663e+01
1.381181e-01 8.777174e-02 9.865188e-01 5.035682e+01 1.418947e-03 9.960468e-01 -8.881813e-02 -3.792894e+00 -9.904148e-01 1.366721e-02 1.374476e-01 5.704097e+01
1.452465e-01 8.101518e-02 9.860729e-01 5.116788e+01 -7.262737e-04 9.966503e-01 -8.177725e-02 -3.850124e+00 -9.893953e-01 1.116169e-02 1.448188e-01 5.716787e+01
1.529056e-01 7.734363e-02 9.852095e-01 5.198907e+01 -1.273776e-03 9.969472e-01 -7.806743e-02 -3.912550e+00 -9.882400e-01 1.068200e-02 1.525373e-01 5.729726e+01
1.599738e-01 8.035847e-02 9.838449e-01 5.277379e+01 -1.057041e-03 9.966942e-01 -8.123612e-02 -3.968025e+00 -9.871207e-01 1.195568e-02 1.595299e-01 5.742490e+01
1.708588e-01 9.069896e-02 9.811120e-01 5.434318e+01 -1.860034e-03 9.957820e-01 -9.173122e-02 -4.082523e+00 -9.852938e-01 1.384818e-02 1.703068e-01 5.769851e+01
1.809517e-01 9.250328e-02 9.791320e-01 5.587053e+01 -5.855985e-03 9.956505e-01 -9.298165e-02 -4.204409e+00 -9.834746e-01 1.109141e-02 1.807064e-01 5.797950e+01
1.908189e-01 8.315480e-02 9.780968e-01 5.738911e+01 -1.183557e-03 9.964242e-01 -8.448206e-02 -4.318314e+00 -9.816246e-01 1.496313e-02 1.902350e-01 5.826251e+01
1.938017e-01 7.570595e-02 9.781152e-01 5.813668e+01 -3.606712e-03 9.970662e-01 -7.645814e-02 -4.369152e+00 -9.810341e-01 1.128994e-02 1.935062e-01 5.841357e+01
2.021928e-01 7.573447e-02 9.764129e-01 6.031245e+01 -1.049868e-02 9.971157e-01 -7.516624e-02 -4.516372e+00 -9.792895e-01 4.947024e-03 2.024047e-01 5.886609e+01
2.034632e-01 7.984969e-02 9.758210e-01 6.101319e+01 -1.476313e-02 9.968056e-01 -7.848865e-02 -4.564529e+00 -9.789713e-01 1.563375e-03 2.039921e-01 5.902108e+01
2.054345e-01 8.430510e-02 9.750329e-01 6.170436e+01 -1.627995e-02 9.964393e-01 -8.272590e-02 -4.614787e+00 -9.785355e-01 1.121269e-03 2.060755e-01 5.917238e+01
2.090407e-01 9.129393e-02 9.736361e-01 6.305593e+01 -1.639693e-02 9.958199e-01 -8.985360e-02 -4.706379e+00 -9.777695e-01 2.818410e-03 2.096638e-01 5.946843e+01
2.108260e-01 8.823281e-02 9.735334e-01 6.438160e+01 -1.866586e-02 9.960998e-01 -8.623582e-02 -4.814707e+00 -9.773454e-01 8.912483e-06 2.116507e-01 5.976019e+01
2.112869e-01 8.541374e-02 9.736849e-01 6.503281e+01 -1.865394e-02 9.963453e-01 -8.335373e-02 -4.867829e+00 -9.772461e-01 -5.515137e-04 2.121080e-01 5.990218e+01
2.110651e-01 8.443186e-02 9.738186e-01 6.567175e+01 -1.792305e-02 9.964292e-01 -8.250762e-02 -4.913385e+00 -9.773077e-01 -3.931829e-05 2.118247e-01 6.003522e+01
2.077765e-01 8.441024e-02 9.745274e-01 6.692208e+01 -1.912970e-02 9.964298e-01 -8.222878e-02 -5.018319e+00 -9.779893e-01 -1.557212e-03 2.086494e-01 6.029836e+01
2.031289e-01 9.132170e-02 9.748840e-01 6.812018e+01 -1.842777e-02 9.958213e-01 -8.944337e-02 -5.130339e+00 -9.789786e-01 2.035992e-04 2.039630e-01 6.055436e+01
1.991932e-01 9.078018e-02 9.757463e-01 6.930307e+01 -1.683966e-02 9.958700e-01 -8.921471e-02 -5.231855e+00 -9.798156e-01 1.339723e-03 1.998992e-01 6.080309e+01
1.965663e-01 8.799307e-02 9.765341e-01 6.988288e+01 -1.711964e-02 9.961210e-01 -8.631201e-02 -5.285896e+00 -9.803411e-01 2.481145e-04 1.973102e-01 6.091928e+01
1.945332e-01 8.356130e-02 9.773301e-01 7.044995e+01 -1.685792e-02 9.965024e-01 -8.184504e-02 -5.342758e+00 -9.807511e-01 -5.541834e-04 1.952615e-01 6.103300e+01
1.926949e-01 8.257239e-02 9.777782e-01 7.100066e+01 -1.386283e-02 9.965827e-01 -8.142841e-02 -5.393054e+00 -9.811608e-01 2.136068e-03 1.931811e-01 6.114039e+01
1.869668e-01 8.883578e-02 9.783412e-01 7.262287e+01 -6.447483e-03 9.959922e-01 -8.920640e-02 -5.532216e+00 -9.823451e-01 1.037080e-02 1.867903e-01 6.145078e+01
1.845375e-01 8.926813e-02 9.787630e-01 7.370114e+01 -4.887309e-03 9.959375e-01 -8.991310e-02 -5.630170e+00 -9.828134e-01 1.180882e-02 1.842241e-01 6.165701e+01
1.879927e-01 8.647239e-02 9.783563e-01 7.478759e+01 6.455634e-03 9.959864e-01 -8.927110e-02 -5.720800e+00 -9.821493e-01 2.309822e-02 1.866799e-01 6.184178e+01
1.934204e-01 8.506894e-02 9.774209e-01 7.588674e+01 5.714224e-03 9.961193e-01 -8.782713e-02 -5.817062e+00 -9.810994e-01 2.257276e-02 1.921837e-01 6.205821e+01
2.058044e-01 8.467054e-02 9.749232e-01 7.699260e+01 6.227646e-03 9.961163e-01 -8.782578e-02 -5.912287e+00 -9.785734e-01 2.414640e-02 2.044778e-01 6.229135e+01
2.221289e-01 8.323105e-02 9.714583e-01 7.812868e+01 5.261109e-03 9.962330e-01 -8.655665e-02 -6.008758e+00 -9.750032e-01 2.433767e-02 2.208542e-01 6.255305e+01
2.409914e-01 8.249252e-02 9.670150e-01 7.928502e+01 -1.509138e-04 9.963842e-01 -8.496031e-02 -6.107865e+00 -9.705273e-01 2.032877e-02 2.401325e-01 6.284580e+01
2.600305e-01 8.867053e-02 9.615204e-01 8.045340e+01 -8.288988e-03 9.959430e-01 -8.960332e-02 -6.192815e+00 -9.655649e-01 1.532956e-02 2.597105e-01 6.317985e+01
2.810514e-01 9.255691e-02 9.552189e-01 8.165468e+01 -1.440018e-02 9.956330e-01 -9.223596e-02 -6.285674e+00 -9.595847e-01 1.216772e-02 2.811569e-01 6.354111e+01
3.012086e-01 9.423417e-02 9.488905e-01 8.289509e+01 -1.847524e-02 9.954948e-01 -9.299781e-02 -6.371173e+00 -9.533793e-01 1.048075e-02 3.015926e-01 6.394808e+01
3.114761e-01 9.499952e-02 9.454933e-01 8.353476e+01 -2.182553e-02 9.954428e-01 -9.282824e-02 -6.414738e+00 -9.500033e-01 8.277883e-03 3.121301e-01 6.416680e+01
3.329780e-01 8.181771e-02 9.393782e-01 8.486139e+01 -1.796666e-02 9.965980e-01 -8.043286e-02 -6.498607e+00 -9.427634e-01 9.904888e-03 3.333152e-01 6.463735e+01
3.540944e-01 7.458960e-02 9.322303e-01 8.622445e+01 -1.650619e-02 9.971574e-01 -7.351492e-02 -6.585584e+00 -9.350641e-01 1.064365e-02 3.543190e-01 6.515377e+01
3.724555e-01 6.671889e-02 9.256486e-01 8.763165e+01 -3.810859e-03 9.975139e-01 -7.036543e-02 -6.624344e+00 -9.280423e-01 2.268047e-02 3.717838e-01 6.570333e+01
3.795424e-01 5.699201e-02 9.234172e-01 8.835787e+01 5.138607e-03 9.979555e-01 -6.370449e-02 -6.646336e+00 -9.251601e-01 2.892363e-02 3.784736e-01 6.599341e+01
3.941549e-01 5.312216e-02 9.175074e-01 8.979244e+01 1.280626e-02 9.979136e-01 -6.327904e-02 -6.725361e+00 -9.189548e-01 3.669158e-02 3.926523e-01 6.659944e+01
4.017997e-01 5.915111e-02 9.138151e-01 9.050245e+01 1.551673e-02 9.973284e-01 -7.137956e-02 -6.763694e+00 -9.155961e-01 4.285970e-02 3.998084e-01 6.690709e+01
4.144271e-01 6.513043e-02 9.077489e-01 9.192183e+01 1.705387e-02 9.967049e-01 -7.929882e-02 -6.870738e+00 -9.099228e-01 4.834421e-02 4.119508e-01 6.755932e+01
4.227454e-01 7.070038e-02 9.034864e-01 9.328887e+01 3.057782e-03 9.968352e-01 -7.943595e-02 -6.975179e+00 -9.062434e-01 3.634384e-02 4.211913e-01 6.824748e+01
4.311862e-01 7.836336e-02 8.988534e-01 9.463312e+01 -1.013917e-03 9.962626e-01 -8.636927e-02 -7.110019e+00 -9.022624e-01 3.632986e-02 4.296541e-01 6.892013e+01
4.428542e-01 7.591396e-02 8.933740e-01 9.658342e+01 -4.416793e-03 9.965817e-01 -8.249455e-02 -7.329268e+00 -8.965828e-01 3.258720e-02 4.416757e-01 6.991299e+01
4.462005e-01 7.354328e-02 8.919061e-01 9.720647e+01 -4.875929e-03 9.968026e-01 -7.975336e-02 -7.398532e+00 -8.949198e-01 3.123711e-02 4.451324e-01 7.023613e+01
4.559167e-01 7.493501e-02 8.868622e-01 9.903309e+01 -6.874789e-03 9.967160e-01 -8.068289e-02 -7.592121e+00 -8.899959e-01 3.068768e-02 4.549346e-01 7.119793e+01
4.580361e-01 7.309423e-02 8.859233e-01 9.962790e+01 -4.849071e-03 9.968042e-01 -7.973557e-02 -7.650212e+00 -8.889204e-01 3.222586e-02 4.569267e-01 7.150888e+01
4.597856e-01 7.210194e-02 8.850980e-01 1.002122e+02 -2.867504e-03 9.968137e-01 -7.971295e-02 -7.709739e+00 -8.880254e-01 3.411284e-02 4.585273e-01 7.181621e+01
4.635939e-01 7.154756e-02 8.831543e-01 1.013530e+02 -3.114287e-03 9.968598e-01 -7.912450e-02 -7.823540e+00 -8.860423e-01 3.393123e-02 4.623610e-01 7.243265e+01
4.693305e-01 7.307267e-02 8.799938e-01 1.024447e+02 -1.109730e-03 9.966180e-01 -8.216504e-02 -7.943074e+00 -8.830219e-01 3.758600e-02 4.678244e-01 7.303236e+01
4.724365e-01 7.237662e-02 8.783879e-01 1.029830e+02 1.234127e-03 9.965672e-01 -8.277804e-02 -8.002376e+00 -8.813639e-01 4.019140e-02 4.707254e-01 7.332849e+01
4.756810e-01 7.068726e-02 8.767729e-01 1.035115e+02 4.050499e-03 9.965791e-01 -8.254384e-02 -8.053690e+00 -8.796086e-01 4.281590e-02 4.737675e-01 7.362090e+01
4.823176e-01 6.935246e-02 8.732467e-01 1.045505e+02 6.467138e-03 9.965520e-01 -8.271724e-02 -8.139292e+00 -8.759726e-01 4.554338e-02 4.802060e-01 7.419588e+01
4.891732e-01 6.814586e-02 8.695203e-01 1.055640e+02 8.817026e-03 9.965056e-01 -8.305820e-02 -8.223750e+00 -8.721421e-01 4.829642e-02 4.868630e-01 7.476626e+01
4.974064e-01 6.960041e-02 8.647211e-01 1.065650e+02 1.039377e-02 9.962267e-01 -8.616388e-02 -8.308372e+00 -8.674554e-01 5.184617e-02 4.948061e-01 7.534311e+01
5.075846e-01 7.889659e-02 8.579820e-01 1.075403e+02 4.700685e-03 9.955302e-01 -9.432592e-02 -8.418748e+00 -8.615891e-01 5.191148e-02 5.049449e-01 7.592569e+01
5.311767e-01 9.671565e-02 8.417228e-01 1.094846e+02 -1.339558e-02 9.942978e-01 -1.057934e-01 -8.642339e+00 -8.471552e-01 4.491963e-02 5.294434e-01 7.716092e+01
5.422377e-01 9.312728e-02 8.350482e-01 1.104964e+02 -2.597826e-02 9.952217e-01 -9.412141e-02 -8.763095e+00 -8.398235e-01 2.934307e-02 5.420659e-01 7.782451e+01
5.540927e-01 8.923672e-02 8.276582e-01 1.115367e+02 -3.493499e-02 9.958545e-01 -8.398345e-02 -8.867411e+00 -8.317217e-01 1.762038e-02 5.549131e-01 7.851965e+01
5.664510e-01 9.677166e-02 8.183938e-01 1.125829e+02 -4.325482e-02 9.952038e-01 -8.773993e-02 -8.963221e+00 -8.229595e-01 1.430088e-02 5.679200e-01 7.924678e+01
5.788717e-01 1.020245e-01 8.090108e-01 1.136686e+02 -4.805454e-02 9.946856e-01 -9.105551e-02 -9.057118e+00 -8.140015e-01 1.383281e-02 5.806981e-01 8.001888e+01
5.912435e-01 1.049190e-01 7.996393e-01 1.147933e+02 -5.726240e-02 9.944606e-01 -8.814198e-02 -9.158005e+00 -8.044577e-01 6.324097e-03 5.939762e-01 8.084871e+01
6.059710e-01 1.007245e-01 7.890841e-01 1.159476e+02 -5.766546e-02 9.949036e-01 -8.271315e-02 -9.273702e+00 -7.933939e-01 4.618868e-03 6.086910e-01 8.172926e+01
6.209422e-01 1.032880e-01 7.770214e-01 1.171091e+02 -6.351949e-02 9.946507e-01 -8.145667e-02 -9.366338e+00 -7.812785e-01 1.223868e-03 6.241813e-01 8.266397e+01
6.355250e-01 1.046068e-01 7.649610e-01 1.182986e+02 -6.565811e-02 9.945124e-01 -8.144912e-02 -9.457628e+00 -7.692835e-01 1.537052e-03 6.389057e-01 8.365236e+01
6.444287e-01 1.017978e-01 7.578580e-01 1.195230e+02 -6.480563e-02 9.948039e-01 -7.851900e-02 -9.549903e+00 -7.619133e-01 1.486427e-03 6.476773e-01 8.468521e+01
6.517854e-01 9.553642e-02 7.523619e-01 1.207812e+02 -5.554669e-02 9.953831e-01 -7.827461e-02 -9.635230e+00 -7.563665e-01 9.227034e-03 6.540829e-01 8.574376e+01
6.594618e-01 8.305565e-02 7.471357e-01 1.220849e+02 -4.218349e-02 9.964003e-01 -7.353186e-02 -9.728697e+00 -7.505536e-01 1.697466e-02 6.605915e-01 8.685165e+01
6.663679e-01 7.623736e-02 7.417153e-01 1.233777e+02 -3.632067e-02 9.968970e-01 -6.983526e-02 -9.820354e+00 -7.447380e-01 1.959638e-02 6.670692e-01 8.797821e+01
6.726330e-01 8.244028e-02 7.353695e-01 1.246768e+02 -4.296094e-02 9.964489e-01 -7.241340e-02 -9.916275e+00 -7.387281e-01 1.711548e-02 6.737862e-01 8.916047e+01
6.752168e-01 8.584468e-02 7.326069e-01 1.253111e+02 -4.843845e-02 9.962211e-01 -7.209029e-02 -9.964397e+00 -7.360272e-01 1.319023e-02 6.768235e-01 8.975362e+01
6.781317e-01 8.261678e-02 7.302820e-01 1.259636e+02 -4.941746e-02 9.965384e-01 -6.684989e-02 -1.001373e+01 -7.332771e-01 9.244349e-03 6.798670e-01 9.035993e+01
6.816128e-01 7.975910e-02 7.273530e-01 1.266190e+02 -5.207611e-02 9.968084e-01 -6.050544e-02 -1.005780e+01 -7.298576e-01 3.363564e-03 6.835909e-01 9.097676e+01
6.851176e-01 7.449807e-02 7.246129e-01 1.272756e+02 -5.171768e-02 9.972208e-01 -5.362636e-02 -1.010087e+01 -7.265943e-01 -7.349427e-04 6.870664e-01 9.159686e+01
6.897845e-01 7.018655e-02 7.206047e-01 1.279271e+02 -4.896896e-02 9.975336e-01 -5.028476e-02 -1.014276e+01 -7.223569e-01 -6.016191e-04 6.915202e-01 9.221818e+01
7.000786e-01 6.446784e-02 7.111496e-01 1.292245e+02 -3.261729e-02 9.977637e-01 -5.834077e-02 -1.023342e+01 -7.133204e-01 1.764735e-02 7.006158e-01 9.346390e+01
7.055871e-01 6.626764e-02 7.055178e-01 1.298788e+02 -2.683090e-02 9.974021e-01 -6.685014e-02 -1.028691e+01 -7.081151e-01 2.823891e-02 7.055321e-01 9.410638e+01
7.112766e-01 6.627078e-02 6.997812e-01 1.305065e+02 -2.419601e-02 9.972640e-01 -6.984958e-02 -1.034070e+01 -7.024957e-01 3.275046e-02 7.109340e-01 9.474426e+01
7.170970e-01 6.227613e-02 6.941855e-01 1.311491e+02 -2.167839e-02 9.975111e-01 -6.709393e-02 -1.039963e+01 -6.966362e-01 3.306402e-02 7.166622e-01 9.540323e+01
7.284913e-01 5.352637e-02 6.829607e-01 1.324272e+02 -1.289581e-02 9.978376e-01 -6.444902e-02 -1.050523e+01 -6.849337e-01 3.814321e-02 7.276063e-01 9.674200e+01
7.331185e-01 5.473772e-02 6.778946e-01 1.330590e+02 -1.046941e-02 9.975460e-01 -6.922623e-02 -1.055248e+01 -6.800204e-01 4.365387e-02 7.318924e-01 9.741926e+01
7.399405e-01 5.339135e-02 6.705501e-01 1.343191e+02 -9.169455e-03 9.975529e-01 -6.931005e-02 -1.066004e+01 -6.726099e-01 4.513673e-02 7.386194e-01 9.879631e+01
7.438086e-01 4.422238e-02 6.669281e-01 1.356011e+02 -2.810458e-03 9.980069e-01 -6.304099e-02 -1.077139e+01 -6.683868e-01 4.501605e-02 7.424504e-01 1.001963e+02
7.444086e-01 3.981831e-02 6.665360e-01 1.362215e+02 6.075426e-04 9.981795e-01 -6.030895e-02 -1.081998e+01 -6.677241e-01 4.529944e-02 7.430292e-01 1.008793e+02
7.446767e-01 3.886854e-02 6.662926e-01 1.368528e+02 5.034860e-04 9.982697e-01 -5.879734e-02 -1.086978e+01 -6.674252e-01 4.412047e-02 7.433687e-01 1.015789e+02
7.439725e-01 4.142014e-02 6.669253e-01 1.381207e+02 -2.359997e-03 9.982335e-01 -5.936379e-02 -1.096869e+01 -6.682062e-01 4.259108e-02 7.427560e-01 1.029852e+02
7.425831e-01 4.566012e-02 6.681957e-01 1.387684e+02 -6.204824e-03 9.980995e-01 -6.130802e-02 -1.101807e+01 -6.697253e-01 4.138025e-02 7.414551e-01 1.037008e+02
7.386300e-01 5.214625e-02 6.720911e-01 1.400213e+02 -1.406987e-02 9.979789e-01 -6.196844e-02 -1.111507e+01 -6.739643e-01 3.631551e-02 7.378708e-01 1.050727e+02
7.338585e-01 5.302817e-02 6.772294e-01 1.413096e+02 -1.676349e-02 9.980585e-01 -5.998439e-02 -1.121534e+01 -6.790956e-01 3.266732e-02 7.333226e-01 1.064570e+02
7.287605e-01 4.794310e-02 6.830882e-01 1.425933e+02 -1.422739e-02 9.983907e-01 -5.489421e-02 -1.130940e+01 -6.846209e-01 3.028616e-02 7.282698e-01 1.078056e+02
7.258265e-01 5.210861e-02 6.859013e-01 1.432295e+02 -1.519369e-02 9.980978e-01 -5.974841e-02 -1.135965e+01 -6.877101e-01 3.294560e-02 7.252375e-01 1.084648e+02
7.223039e-01 6.290068e-02 6.887093e-01 1.438589e+02 -2.003347e-02 9.973403e-01 -7.007765e-02 -1.141070e+01 -6.912856e-01 3.682011e-02 7.216429e-01 1.091244e+02
7.151980e-01 6.636784e-02 6.957637e-01 1.451538e+02 -2.496307e-02 9.972717e-01 -6.946792e-02 -1.152141e+01 -6.984760e-01 3.231491e-02 7.149034e-01 1.104492e+02
7.079977e-01 6.419717e-02 7.032908e-01 1.464484e+02 -2.918610e-02 9.976687e-01 -6.168690e-02 -1.163357e+01 -7.056114e-01 2.314786e-02 7.082208e-01 1.117540e+02
7.047570e-01 6.385359e-02 7.065694e-01 1.470826e+02 -2.882029e-02 9.976960e-01 -6.141674e-02 -1.168264e+01 -7.088632e-01 2.292033e-02 7.049734e-01 1.123782e+02
6.988853e-01 6.118800e-02 7.126116e-01 1.483963e+02 -2.290297e-02 9.977374e-01 -6.320838e-02 -1.178416e+01 -7.148670e-01 2.785448e-02 6.987054e-01 1.136394e+02
6.954869e-01 6.096418e-02 7.159478e-01 1.490522e+02 -1.943465e-02 9.976256e-01 -6.607031e-02 -1.183500e+01 -7.182760e-01 3.203684e-02 6.950203e-01 1.142503e+02
6.876071e-01 6.194504e-02 7.234357e-01 1.503763e+02 -1.668900e-02 9.974392e-01 -6.954446e-02 -1.192783e+01 -7.258912e-01 3.574584e-02 6.868801e-01 1.154384e+02
6.834020e-01 6.347575e-02 7.272775e-01 1.510476e+02 -1.859951e-02 9.974033e-01 -6.957454e-02 -1.197578e+01 -7.298054e-01 3.402036e-02 6.828080e-01 1.160372e+02
6.725802e-01 6.631303e-02 7.370471e-01 1.524041e+02 -2.058202e-02 9.972679e-01 -7.094364e-02 -1.207204e+01 -7.397380e-01 3.254536e-02 6.721075e-01 1.172224e+02
6.661776e-01 7.294586e-02 7.422171e-01 1.530860e+02 -2.514374e-02 9.968361e-01 -7.540231e-02 -1.212501e+01 -7.453692e-01 3.156921e-02 6.659040e-01 1.178158e+02
6.599246e-01 7.911778e-02 7.471545e-01 1.537739e+02 -2.713381e-02 9.963010e-01 -8.153451e-02 -1.217933e+01 -7.508417e-01 3.353347e-02 6.596303e-01 1.183992e+02
6.534586e-01 8.079660e-02 7.526378e-01 1.544786e+02 -2.689334e-02 9.961374e-01 -8.358715e-02 -1.223831e+01 -7.564844e-01 3.437979e-02 6.531075e-01 1.189893e+02
6.397512e-01 7.181624e-02 7.652194e-01 1.559127e+02 -3.418701e-02 9.972984e-01 -6.501541e-02 -1.236503e+01 -7.678214e-01 1.543313e-02 6.404781e-01 1.201520e+02
6.324319e-01 6.652044e-02 7.717544e-01 1.566454e+02 -3.339659e-02 9.977209e-01 -5.862978e-02 -1.242646e+01 -7.738957e-01 1.130537e-02 6.332121e-01 1.207245e+02
6.251650e-01 6.886405e-02 7.774487e-01 1.573838e+02 -3.787701e-02 9.976031e-01 -5.790688e-02 -1.247643e+01 -7.795731e-01 6.753918e-03 6.262749e-01 1.212983e+02
6.172113e-01 6.988319e-02 7.836877e-01 1.581338e+02 -3.599040e-02 9.975127e-01 -6.060540e-02 -1.252578e+01 -7.859739e-01 9.201094e-03 6.181912e-01 1.218681e+02
6.108586e-01 7.059566e-02 7.885860e-01 1.589058e+02 -3.062857e-02 9.973783e-01 -6.556148e-02 -1.258374e+01 -7.911471e-01 1.589552e-02 6.114194e-01 1.224322e+02
6.038259e-01 7.815156e-02 7.932758e-01 1.596460e+02 -2.993338e-02 9.967033e-01 -7.540806e-02 -1.263933e+01 -7.965541e-01 2.178790e-02 6.041746e-01 1.229716e+02
5.963776e-01 7.929639e-02 7.987777e-01 1.604008e+02 -2.527590e-02 9.964702e-01 -8.005047e-02 -1.270216e+01 -8.023060e-01 2.755048e-02 5.962768e-01 1.235094e+02
5.891790e-01 7.493142e-02 8.045206e-01 1.611947e+02 -2.269531e-02 9.968324e-01 -7.622240e-02 -1.277762e+01 -8.076838e-01 2.664978e-02 5.890133e-01 1.240636e+02
5.822744e-01 6.889034e-02 8.100682e-01 1.619638e+02 -1.852015e-02 9.972687e-01 -7.149816e-02 -1.285193e+01 -8.127814e-01 2.662895e-02 5.819599e-01 1.245828e+02
5.757273e-01 6.846542e-02 8.147702e-01 1.627291e+02 -1.710626e-02 9.972784e-01 -7.171416e-02 -1.291940e+01 -8.174629e-01 2.735012e-02 5.753316e-01 1.250909e+02
5.624434e-01 6.760840e-02 8.240670e-01 1.642698e+02 -1.422680e-02 9.972951e-01 -7.211036e-02 -1.305527e+01 -8.267134e-01 2.883416e-02 5.618839e-01 1.261138e+02
5.573815e-01 6.199015e-02 8.279390e-01 1.650417e+02 -9.673814e-03 9.976259e-01 -6.818255e-02 -1.312226e+01 -8.302002e-01 2.999436e-02 5.566579e-01 1.266042e+02
5.523929e-01 5.872647e-02 8.315126e-01 1.658008e+02 -9.085324e-03 9.978801e-01 -6.444078e-02 -1.318289e+01 -8.335344e-01 2.804206e-02 5.517555e-01 1.270920e+02
5.433404e-01 6.094574e-02 8.372973e-01 1.672915e+02 -1.101350e-02 9.977929e-01 -6.548111e-02 -1.329978e+01 -8.394403e-01 2.635695e-02 5.428124e-01 1.280524e+02
5.365350e-01 6.953514e-02 8.410083e-01 1.687640e+02 -1.024792e-02 9.970627e-01 -7.590002e-02 -1.342431e+01 -8.438159e-01 3.210442e-02 5.356716e-01 1.289792e+02
5.330025e-01 7.208680e-02 8.430372e-01 1.694764e+02 -1.306140e-02 9.969463e-01 -7.698940e-02 -1.348459e+01 -8.460129e-01 3.002430e-02 5.323164e-01 1.294289e+02
5.302807e-01 6.709643e-02 8.451629e-01 1.701931e+02 -1.291596e-02 9.973871e-01 -7.107748e-02 -1.354899e+01 -8.477238e-01 2.677492e-02 5.297618e-01 1.298817e+02
5.280669e-01 5.862653e-02 8.471766e-01 1.709121e+02 -9.759284e-03 9.979671e-01 -6.297838e-02 -1.361181e+01 -8.491468e-01 2.498895e-02 5.275655e-01 1.303215e+02
5.230206e-01 5.247386e-02 8.507032e-01 1.723205e+02 4.771035e-04 9.980848e-01 -6.185813e-02 -1.372813e+01 -8.523200e-01 3.275894e-02 5.219938e-01 1.311750e+02
5.186716e-01 6.233329e-02 8.526982e-01 1.736861e+02 -2.165016e-04 9.973482e-01 -7.277570e-02 -1.384508e+01 -8.549736e-01 3.756207e-02 5.173097e-01 1.320073e+02
5.163968e-01 7.099758e-02 8.534012e-01 1.743545e+02 -2.460570e-03 9.966761e-01 -8.142826e-02 -1.390627e+01 -8.563459e-01 3.994943e-02 5.148550e-01 1.324182e+02
5.116812e-01 6.617294e-02 8.566232e-01 1.756897e+02 8.975473e-04 9.969878e-01 -7.755205e-02 -1.401825e+01 -8.591749e-01 4.045078e-02 5.100806e-01 1.332184e+02
5.045411e-01 5.525444e-02 8.616177e-01 1.770072e+02 -1.538348e-02 9.983669e-01 -5.501584e-02 -1.413400e+01 -8.632506e-01 1.450307e-02 5.045671e-01 1.340303e+02
5.000701e-01 6.042140e-02 8.638744e-01 1.782937e+02 -1.266980e-02 9.979666e-01 -6.246598e-02 -1.422293e+01 -8.658923e-01 2.029225e-02 4.998188e-01 1.347778e+02
4.975661e-01 6.193002e-02 8.652124e-01 1.789314e+02 -1.167629e-02 9.978358e-01 -6.470813e-02 -1.426465e+01 -8.673475e-01 2.209409e-02 4.972124e-01 1.351404e+02
4.949234e-01 6.121024e-02 8.667780e-01 1.795573e+02 -1.208720e-02 9.979042e-01 -6.356844e-02 -1.431261e+01 -8.688526e-01 2.098458e-02 4.946260e-01 1.355048e+02
4.828026e-01 6.205743e-02 8.735276e-01 1.819903e+02 -1.022615e-02 9.978174e-01 -6.523525e-02 -1.450312e+01 -8.756695e-01 2.256292e-02 4.823834e-01 1.368908e+02
4.784604e-01 6.412302e-02 8.757647e-01 1.825812e+02 -1.039562e-02 9.976738e-01 -6.736967e-02 -1.454745e+01 -8.780476e-01 2.312960e-02 4.780140e-01 1.372138e+02
4.736855e-01 6.600436e-02 8.782171e-01 1.831665e+02 -1.039294e-02 9.975370e-01 -6.936647e-02 -1.459096e+01 -8.806328e-01 2.373063e-02 4.732048e-01 1.375326e+02
4.496326e-01 7.711009e-02 8.898789e-01 1.855029e+02 -9.350031e-03 9.966184e-01 -8.163501e-02 -1.475510e+01 -8.931647e-01 2.838536e-02 4.488331e-01 1.387526e+02
4.427020e-01 7.909464e-02 8.931735e-01 1.860967e+02 -1.379913e-02 9.965849e-01 -8.141266e-02 -1.479763e+01 -8.965626e-01 2.371653e-02 4.422816e-01 1.390562e+02
4.295368e-01 8.152935e-02 8.993614e-01 1.873167e+02 -1.777900e-02 9.964866e-01 -8.184272e-02 -1.489366e+01 -9.028744e-01 1.916471e-02 4.294772e-01 1.396500e+02
4.148052e-01 9.003995e-02 9.054443e-01 1.885640e+02 -2.199096e-02 9.957932e-01 -8.894995e-02 -1.499292e+01 -9.096445e-01 1.698531e-02 4.150403e-01 1.402354e+02
3.997251e-01 9.636593e-02 9.115554e-01 1.898399e+02 -2.556744e-02 9.952436e-01 -9.400157e-02 -1.508795e+01 -9.162784e-01 1.426864e-02 4.002877e-01 1.408155e+02
3.922288e-01 9.906575e-02 9.145176e-01 1.904965e+02 -2.595899e-02 9.949799e-01 -9.664833e-02 -1.514579e+01 -9.195014e-01 1.416831e-02 3.928315e-01 1.410981e+02
3.847916e-01 1.008805e-01 9.174739e-01 1.911667e+02 -2.733209e-02 9.948186e-01 -9.792178e-02 -1.520551e+01 -9.225988e-01 1.260299e-02 3.855551e-01 1.413810e+02
3.707676e-01 1.006210e-01 9.232587e-01 1.925394e+02 -2.164634e-02 9.947797e-01 -9.972289e-02 -1.532526e+01 -9.284734e-01 1.698885e-02 3.710102e-01 1.419287e+02
3.633030e-01 9.808784e-02 9.264932e-01 1.932450e+02 -2.057046e-02 9.950445e-01 -9.727916e-02 -1.538822e+01 -9.314440e-01 1.628341e-02 3.635203e-01 1.422045e+02
3.558825e-01 9.574795e-02 9.296127e-01 1.939627e+02 -2.182126e-02 9.953177e-01 -9.416162e-02 -1.545199e+01 -9.342759e-01 1.322515e-02 3.563055e-01 1.424808e+02
3.492649e-01 9.144873e-02 9.325508e-01 1.946963e+02 -2.109748e-02 9.957413e-01 -8.974384e-02 -1.551367e+01 -9.367865e-01 1.166989e-02 3.497068e-01 1.427543e+02
3.382361e-01 8.240972e-02 9.374459e-01 1.962138e+02 -1.692004e-02 9.965297e-01 -8.149887e-02 -1.562684e+01 -9.409092e-01 1.170424e-02 3.384567e-01 1.432937e+02
3.326918e-01 7.692879e-02 9.398925e-01 1.969859e+02 -1.629127e-02 9.969872e-01 -7.583532e-02 -1.568196e+01 -9.428949e-01 9.917743e-03 3.329428e-01 1.435675e+02
3.280429e-01 7.676251e-02 9.415387e-01 1.977721e+02 -1.147022e-02 9.969431e-01 -7.728322e-02 -1.574033e+01 -9.445932e-01 1.455255e-02 3.279206e-01 1.438336e+02
3.230512e-01 8.427881e-02 9.426213e-01 1.985592e+02 -9.109144e-03 9.962575e-01 -8.595254e-02 -1.579846e+01 -9.463377e-01 1.918059e-02 3.226099e-01 1.440967e+02
3.186931e-01 9.624264e-02 9.429591e-01 1.993386e+02 -3.649873e-03 9.949489e-01 -1.003154e-01 -1.585428e+01 -9.478510e-01 2.852814e-02 3.174346e-01 1.443500e+02
3.148095e-01 1.023328e-01 9.436222e-01 2.001451e+02 2.326605e-03 9.940847e-01 -1.085816e-01 -1.592437e+01 -9.491521e-01 3.637793e-02 3.127092e-01 1.446074e+02
3.062511e-01 8.904936e-02 9.477765e-01 2.018244e+02 1.522725e-02 9.950294e-01 -9.840939e-02 -1.608857e+01 -9.518290e-01 4.457001e-02 3.033729e-01 1.451297e+02
3.014416e-01 8.371634e-02 9.498023e-01 2.026924e+02 1.738545e-02 9.954898e-01 -9.326097e-02 -1.617598e+01 -9.533262e-01 4.462547e-02 2.986266e-01 1.453976e+02
2.966921e-01 9.037361e-02 9.506873e-01 2.035316e+02 1.415046e-02 9.949866e-01 -9.900089e-02 -1.626124e+01 -9.548684e-01 4.282544e-02 2.939259e-01 1.456544e+02
2.868469e-01 1.037087e-01 9.523462e-01 2.052495e+02 6.313512e-03 9.938965e-01 -1.101351e-01 -1.642655e+01 -9.579557e-01 3.760455e-02 2.844414e-01 1.461719e+02
2.756989e-01 9.513302e-02 9.565248e-01 2.069819e+02 5.180705e-04 9.950756e-01 -9.911651e-02 -1.660980e+01 -9.612439e-01 2.782186e-02 2.742920e-01 1.466776e+02
2.651747e-01 1.011309e-01 9.588820e-01 2.087471e+02 -1.566681e-03 9.945281e-01 -1.044571e-01 -1.678439e+01 -9.641991e-01 2.619712e-02 2.638821e-01 1.471708e+02
2.606053e-01 1.013878e-01 9.601069e-01 2.096440e+02 1.688637e-03 9.944210e-01 -1.054698e-01 -1.687390e+01 -9.654440e-01 2.910725e-02 2.589801e-01 1.474068e+02
2.566684e-01 1.005347e-01 9.612565e-01 2.105492e+02 5.486179e-03 9.944076e-01 -1.054667e-01 -1.696319e+01 -9.664840e-01 3.234359e-02 2.546814e-01 1.476436e+02
2.493833e-01 9.838460e-02 9.633942e-01 2.123811e+02 9.511728e-03 9.945290e-01 -1.040264e-01 -1.714388e+01 -9.683582e-01 3.510598e-02 2.470831e-01 1.481148e+02
2.466281e-01 9.726272e-02 9.642170e-01 2.133004e+02 9.659479e-03 9.946547e-01 -1.028038e-01 -1.723376e+01 -9.690621e-01 3.466812e-02 2.443703e-01 1.483482e+02
2.437899e-01 9.602031e-02 9.650629e-01 2.142272e+02 8.511665e-03 9.948364e-01 -1.011329e-01 -1.732239e+01 -9.697908e-01 3.286945e-02 2.417138e-01 1.485829e+02
2.384371e-01 9.451012e-02 9.665482e-01 2.160841e+02 4.124666e-03 9.951458e-01 -9.832395e-02 -1.750032e+01 -9.711492e-01 2.743076e-02 2.368899e-01 1.490489e+02
2.367007e-01 9.694294e-02 9.667340e-01 2.170093e+02 2.825041e-03 9.949367e-01 -1.004628e-01 -1.758912e+01 -9.715785e-01 2.651067e-02 2.352284e-01 1.492778e+02
2.348880e-01 9.796276e-02 9.670733e-01 2.179343e+02 2.215985e-03 9.948519e-01 -1.013149e-01 -1.767768e+01 -9.720199e-01 2.594068e-02 2.334617e-01 1.495044e+02
2.328840e-01 9.866896e-02 9.674861e-01 2.188603e+02 2.613904e-03 9.947726e-01 -1.020810e-01 -1.776862e+01 -9.725010e-01 2.630194e-02 2.314087e-01 1.497262e+02
2.315539e-01 9.596294e-02 9.680773e-01 2.197937e+02 2.582563e-03 9.950586e-01 -9.925526e-02 -1.785886e+01 -9.728187e-01 2.548306e-02 2.301619e-01 1.499499e+02
