1.000000000000000000e+00 0.000000000000000000e+00 0.000000000000000000e+00 0.000000000000000000e+00 0.000000000000000000e+00 1.000000000000000000e+00 0.000000000000000000e+00 0.000000000000000000e+00 0.000000000000000000e+00 0.000000000000000000e+00 1.000000000000000000e+00 0.000000000000000000e+00
9.999990946330048480e-01 -1.337303871170107813e-03 1.495042703571146088e-04 -7.590000000000000175e-05 1.336690200719139196e-03 9.999909777027506941e-01 4.032092806986476916e-03 3.599000000000000202e-04 -1.548950548048475364e-04 -4.031889315569575985e-03 9.999918599049040235e-01 6.249029999999999863e-02
9.999929874154954712e-01 -3.730589218416489189e-03 -3.283655222126987609e-04 -2.050999999999999980e-04 3.733703299058505932e-03 9.999424496362626646e-01 1.005767742099485974e-02 6.583000000000000093e-04 2.908255617083822082e-04 -1.005883291011560980e-02 9.999493663686072065e-01 1.249708999999999959e-01
9.999719609796716702e-01 -7.289034663763280242e-03 -1.716749294571174797e-03 -5.679999999999999828e-05 7.305880013781381258e-03 9.999231141803833767e-01 1.001947329095176885e-02 1.180599999999999965e-03 1.643585012764187635e-03 -1.003173471909636454e-02 9.999483301285279069e-01 1.870377000000000012e-01
9.999457332433752121e-01 -1.010225461453524362e-02 -2.544606074026544481e-03 -4.247000000000000232e-04 1.012053647617304486e-02 9.999223057242593304e-01 7.277173662585435798e-03 1.715100000000000001e-03 2.470892511486949290e-03 -7.302531532563048475e-03 9.999702834201688040e-01 2.482241000000000031e-01
9.999389330995207548e-01 -1.061102688825337446e-02 -3.088070622404510794e-03 -8.861999999999999652e-04 1.062380413824339474e-02 9.999349496656450009e-01 4.151050806263486409e-03 1.951800000000000063e-03 3.043822830658244293e-03 -4.183604371914504891e-03 9.999866162089544597e-01 3.092339000000000060e-01
9.999382583105672628e-01 -1.039746771707945015e-02 -3.920743794455632328e-03 -1.149000000000000065e-03 1.041097920976751488e-02 9.999398815123776707e-01 3.441638113752107896e-03 2.317699999999999795e-03 3.884723764086747081e-03 -3.482244403331451361e-03 9.999863913549985606e-01 3.705203000000000246e-01
9.999361999151354929e-01 -9.790826834204168286e-03 -5.633454462483275180e-03 -2.337000000000000102e-03 9.837092129873882887e-03 9.999176277477680452e-01 8.244351866844312066e-03 3.076900000000000034e-03 5.552271400662833756e-03 -8.299242687052451467e-03 9.999501461838559146e-01 4.921174999999999855e-01
9.999317616402803033e-01 -9.786565227843517165e-03 -6.379279270168773490e-03 -2.903600000000000105e-03 9.847275219279793060e-03 9.999058540806131656e-01 9.555843556447259426e-03 3.681699999999999990e-03 6.285159800784618535e-03 -9.618010000031226511e-03 9.999339931465065501e-01 5.524269000000000540e-01
9.999168517912274678e-01 -1.089564020216797664e-02 -6.897429122889265664e-03 -3.509099999999999806e-03 1.096680914662783758e-02 9.998861326181121001e-01 1.036585235938369300e-02 4.264099999999999835e-03 6.783701132996645435e-03 -1.044063324612073095e-02 9.999224842838360106e-01 6.125810000000000421e-01
9.999042586372620667e-01 -1.129378854139966026e-02 -7.995242300862284365e-03 -3.817300000000000033e-03 1.137854545080506374e-02 9.998786945966597894e-01 1.063601406089344052e-02 4.558399999999999778e-03 7.874151541043089911e-03 -1.072596998232371208e-02 9.999114717340965575e-01 6.729785000000000350e-01
9.998721780893654598e-01 -1.201846742974866517e-02 -1.054437876160671007e-02 -4.819900000000000226e-03 1.209022172426756775e-02 9.999040068835215456e-01 6.767832513929561769e-03 6.000400000000000351e-03 1.046202759918939650e-02 -6.894451313819259866e-03 9.999215031789221442e-01 7.927237000000000311e-01
9.998414727393657442e-01 -1.317992905914312091e-02 -1.197158554127426659e-02 -5.859600000000000398e-03 1.324731771143764295e-02 9.998967515464161071e-01 5.567299199499707932e-03 6.399700000000000354e-03 1.189697288507975299e-02 -5.725008027983393560e-03 9.999128393611370624e-01 8.522796000000000260e-01
9.998254075560708554e-01 -1.268970371298709481e-02 -1.371589679945768060e-02 -6.861100000000000185e-03 1.275710879954147260e-02 9.999069201260031292e-01 4.838104919022283811e-03 6.834599999999999703e-03 1.365322600755709305e-02 -5.012235410214450383e-03 9.998942278640172709e-01 9.112985999999999587e-01
9.998145364370989441e-01 -1.010049992741167413e-02 -1.639733607282866171e-02 -9.762299999999999797e-03 1.017330911457315842e-02 9.999387322180773863e-01 4.362979688634510862e-03 7.151000000000000238e-03 1.635226316838968644e-02 -4.528985683401018196e-03 9.998560355260907029e-01 1.029228999999999949e+00
9.997897371709123515e-01 -1.063206605649520166e-02 -1.753398468940723515e-02 -1.126049999999999968e-02 1.072114224080466215e-02 9.999300558460765265e-01 4.994048929935344071e-03 7.619400000000000131e-03 1.747966123157078389e-02 -5.180983210981960317e-03 9.998337956161499340e-01 1.087599200000000099e+00
9.997716884540369664e-01 -9.963583303245560421e-03 -1.890232719861473579e-02 -1.261340000000000031e-02 1.007917921035569701e-02 9.999310219412572698e-01 6.030050245099646648e-03 8.139399999999999760e-03 1.884094244483905042e-02 -6.219193458333571213e-03 9.998031508854721139e-01 1.146215100000000042e+00
9.997521591841544986e-01 -9.553155011459691509e-03 -2.010864082796655003e-02 -1.421820000000000028e-02 9.687543741129952396e-03 9.999313173863314530e-01 6.596363111544036213e-03 8.589599999999999319e-03 2.004424363464070782e-02 -6.789531601124454592e-03 9.997760401998802005e-01 1.204363199999999967e+00
9.997107993482929889e-01 -1.089323764791653819e-02 -2.143956715848103697e-02 -1.570239999999999830e-02 1.103625462794830502e-02 9.999175559163469007e-01 6.563722576889378414e-03 8.791800000000000656e-03 2.136629940312768580e-02 -6.798436866316513900e-03 9.997485996519277496e-01 1.261691899999999977e+00
9.996699355822376010e-01 -1.101766063944484460e-02 -2.320842620771264297e-02 -1.701389999999999847e-02 1.116998796989557806e-02 9.999168492308257994e-01 6.444066499520160508e-03 9.033100000000000504e-03 2.313549787139242142e-02 -6.701177384003334341e-03 9.997098793949726891e-01 1.319409400000000065e+00
9.996437099402204485e-01 -1.105461086489437604e-02 -2.429503561590633937e-02 -1.879300000000000068e-02 1.122247207008542254e-02 9.999140142173288393e-01 6.783825795495369501e-03 9.532799999999999260e-03 2.421795403390945151e-02 -7.054059144438398418e-03 9.996818148551058769e-01 1.376418900000000001e+00
9.996105766129410597e-01 -1.122998092419284603e-02 -2.554569732823309958e-02 -2.020869999999999958e-02 1.145399122086255932e-02 9.998970760392209556e-01 8.639641967628274369e-03 1.003079999999999944e-02 2.544604504939489142e-02 -8.928877681918656953e-03 9.996363208360756758e-01 1.433010600000000023e+00
9.995795998607299726e-01 -1.240594703553641286e-02 -2.620526703573692467e-02 -2.195920000000000163e-02 1.271497350600808880e-02 9.998511874910129826e-01 1.165900173911597199e-02 1.040229999999999974e-02 2.605672640613795887e-02 -1.198729956923836118e-02 9.995885912004163210e-01 1.489446300000000001e+00
9.995621213480024858e-01 -1.198991669772564786e-02 -2.705194011272983243e-02 -2.361279999999999976e-02 1.234847921909030741e-02 9.998375892274053989e-01 1.312669908644033441e-02 1.099269999999999935e-02 2.689015855767340826e-02 -1.345500150545730737e-02 9.995478389287985044e-01 1.544957300000000089e+00
9.995493441133378454e-01 -1.214078755174257014e-02 -2.745377861460314081e-02 -2.550840000000000052e-02 1.246281320685797313e-02 9.998551737984883170e-01 1.158920684800024414e-02 1.177729999999999923e-02 2.730910048989447156e-02 -1.192613541840867666e-02 9.995558915460479588e-01 1.599632699999999907e+00
9.995336696245054053e-01 -1.029440116006917483e-02 -2.874836676622919210e-02 -2.707220000000000112e-02 1.056094280596733131e-02 9.999025030755384069e-01 9.135142599984281617e-03 1.229369999999999942e-02 2.865152306630751669e-02 -9.434492462688551587e-03 9.995449367476942903e-01 1.653505999999999920e+00
9.995125389898508184e-01 -9.841672314862682028e-03 -2.962812663853092374e-02 -2.864430000000000101e-02 1.005896765552235540e-02 9.999235288801371357e-01 7.193994828930749125e-03 1.305309999999999977e-02 2.955506000276628478e-02 -7.488516404495134185e-03 9.995351022101687244e-01 1.706175699999999962e+00
9.994526931020681904e-01 -9.372653833353495473e-03 -3.172487369782928807e-02 -3.224319999999999964e-02 9.571860470364131068e-03 9.999353798632321100e-01 6.133154564302300236e-03 1.379370000000000075e-02 3.166533969751433170e-02 -6.433463910978722521e-03 9.994778220670766933e-01 1.810243700000000011e+00
9.993753504400002541e-01 -9.216463438231781852e-03 -3.411694204670771141e-02 -3.393399999999999889e-02 9.414148576387903339e-03 9.999397902141521355e-01 5.638240244880416384e-03 1.380119999999999958e-02 3.406292323786038606e-02 -5.955900281992001881e-03 9.994019434203250674e-01 1.862026200000000076e+00
9.993249088805120639e-01 -8.758886485091590610e-03 -3.567924324446449663e-02 -3.624410000000000132e-02 8.945663685242804739e-03 9.999470899351361464e-01 5.078624959893300594e-03 1.451829999999999961e-02 3.563287235386607826e-02 -5.394370935892617638e-03 9.993503885875159032e-01 1.912650799999999984e+00
9.992526778475043781e-01 -8.711239267714396620e-03 -3.765899792894687043e-02 -3.831690000000000096e-02 8.951768644565061619e-03 9.999405674111119247e-01 6.223140981681039678e-03 1.492600000000000003e-02 3.760254848711688108e-02 -6.555604927413412157e-03 9.992712706724384830e-01 1.963152999999999926e+00
9.991660954772342285e-01 -9.411049762243463984e-03 -3.973091732078469496e-02 -4.037059999999999954e-02 9.761965093470718197e-03 9.999149583375067651e-01 8.647550544285500726e-03 1.522049999999999965e-02 3.964615600902957060e-02 -9.028191140792845779e-03 9.991729950706398355e-01 2.012738199999999811e+00
9.990130424395220476e-01 -7.080198181556145338e-03 -4.384987832867678903e-02 -4.476129999999999692e-02 7.541590978448037795e-03 9.999178357575584375e-01 1.036562296412009421e-02 1.592669999999999850e-02 4.377288477178149784e-02 -1.068609038097618341e-02 9.989843552484323208e-01 2.110456500000000180e+00
9.989455297790118538e-01 -4.777165475145587689e-03 -4.566187933662387011e-02 -4.743660000000000238e-02 5.223677242174630531e-03 9.999396550634129799e-01 9.664337935535526058e-03 1.624799999999999855e-02 4.561295573188507702e-02 -9.892670098902583281e-03 9.989102028449380333e-01 2.157543399999999778e+00
9.988666340490409690e-01 -3.480993764002317508e-03 -4.746925390138628797e-02 -4.982589999999999936e-02 3.922427567522928857e-03 9.999498996356803726e-01 9.209385461048531438e-03 1.651969999999999827e-02 4.743481786111164444e-02 -9.385142567250264953e-03 9.988302444126707647e-01 2.204144700000000068e+00
9.987971935285616665e-01 -2.950259169934060528e-03 -4.894345891229233414e-02 -5.253990000000000049e-02 3.464522075330162942e-03 9.999396482621542015e-01 1.042578151262001963e-02 1.695050000000000029e-02 4.890974633197946175e-02 -1.058280700899148948e-02 9.987471356201989003e-01 2.249879799999999985e+00
9.987384347382067817e-01 -1.980572852925010889e-03 -5.017585383280458167e-02 -5.487129999999999785e-02 2.586702666649994507e-03 9.999244348040200459e-01 1.201805521602677777e-02 1.786849999999999897e-02 5.014825965067042091e-02 -1.213268366996268256e-02 9.986680880257332582e-01 2.296041000000000221e+00
9.987808842700023337e-01 4.109277353135315849e-03 -4.919206294177191907e-02 -6.020129999999999926e-02 -3.601868798885327072e-03 9.999394413006922333e-01 1.039905151516035652e-02 1.860420000000000129e-02 4.923181652130924346e-02 -1.020919051121839567e-02 9.987352004766417712e-01 2.385342800000000096e+00
9.988525211285381733e-01 5.912188441248998790e-03 -4.752564637117891871e-02 -6.247420000000000057e-02 -5.567641860842058137e-03 9.999572763467278191e-01 7.378810564262924115e-03 1.903480000000000102e-02 4.756724082047001506e-02 -7.105737756844161118e-03 9.988427634476101380e-01 2.428816100000000144e+00
9.989566041922102180e-01 6.430094088042724934e-03 -4.521456436577587362e-02 -6.470380000000000575e-02 -6.188168559230640062e-03 9.999657906248849981e-01 5.488547151232540250e-03 1.943740000000000051e-02 4.524830947837190503e-02 -5.203025078516483257e-03 9.989622210170822081e-01 2.471248399999999901e+00
9.992896683095335852e-01 2.152329081954562628e-02 -3.093390958349231945e-02 -7.256060000000000287e-02 -2.111019503430686811e-02 9.996843874445024980e-01 1.361929386287802704e-02 2.065670000000000006e-02 3.121727847580472309e-02 -1.295659878236431195e-02 9.994286408106167752e-01 2.636648399999999892e+00
9.993554202992767088e-01 2.546582731458001472e-02 -2.530287646968049434e-02 -7.427849999999999731e-02 -2.511442029532956130e-02 9.995849989255434220e-01 1.411013168793647313e-02 2.105790000000000092e-02 2.565170192570970578e-02 -1.346556950913553596e-02 9.995802462164351532e-01 2.675502300000000222e+00
9.993335933421668704e-01 3.411633944823452835e-02 -1.297862090075094753e-02 -7.610139999999999960e-02 -3.389679765537080558e-02 9.992845400563071800e-01 1.677543183245699607e-02 2.250409999999999910e-02 1.354165154415890894e-02 -1.632431888647730214e-02 9.997750448407627388e-01 2.749952799999999975e+00
9.992677768374963465e-01 3.777019458603689955e-02 -6.109220505148546532e-03 -7.662239999999999329e-02 -3.766296622394047638e-02 9.991491717084471924e-01 1.680576239086507828e-02 2.241740000000000052e-02 6.738779523173105829e-03 -1.656336545683893824e-02 9.998401091050914680e-01 2.784391900000000142e+00
9.989237016839179750e-01 4.552942258316810403e-02 8.860580869342360097e-03 -7.689899999999999514e-02 -4.566932898636325705e-02 9.988238502416492137e-01 1.628583981202220976e-02 2.337320000000000023e-02 -8.108674616370692076e-03 -1.667296817278882126e-02 9.998281159920814343e-01 2.850708000000000020e+00
9.978696561805372456e-01 5.138322982831859675e-02 4.019841995087036768e-02 -7.364590000000000025e-02 -5.187853796445716925e-02 9.985886019837385552e-01 1.137634769304229909e-02 2.465190000000000090e-02 -3.955713049257640612e-02 -1.343754741657878643e-02 9.991269517667014100e-01 2.964182899999999954e+00
9.950944545543247699e-01 6.496488172400902150e-02 7.460958824317774629e-02 -6.857800000000000007e-02 -6.602800219118015734e-02 9.977471724023635469e-01 1.186940983072860140e-02 2.521419999999999911e-02 -7.367041089794813813e-02 -1.673750595739420532e-02 9.971421796576723784e-01 3.053369299999999953e+00
9.935031528830715608e-01 6.317942357590977664e-02 9.465646120583681711e-02 -6.470779999999999588e-02 -6.444112181280092777e-02 9.978680516997811001e-01 1.032924084289757981e-02 2.536240000000000022e-02 -9.380206304183327792e-02 -1.636190189124133582e-02 9.954564084557381287e-01 3.089281100000000002e+00
9.924046225354485884e-01 6.178524504013079011e-02 1.063750377936698299e-01 -6.226949999999999846e-02 -6.278813897367353791e-02 9.980082265404689457e-01 6.101586823982960844e-03 2.509600000000000025e-02 -1.057861747795823815e-01 -1.273433362524079362e-02 9.943073578992688288e-01 3.106060700000000008e+00
9.835585042901032748e-01 6.671254045055634296e-02 1.678156893298354269e-01 -4.984899999999999748e-02 -6.718514723715655890e-02 9.977364082771762455e-01 -2.866284857016299700e-03 2.524320000000000036e-02 -1.676270402689749583e-01 -8.455562949493591191e-03 9.858142212536146198e-01 3.173712999999999784e+00
9.350802341954690400e-01 7.490015156943521935e-02 3.464317002120653743e-01 -8.313700000000000256e-03 -7.477032724410451192e-02 9.971058333342012192e-01 -1.376064296163552816e-02 2.383630000000000124e-02 -3.464597433768550339e-01 -1.303550634934125610e-02 9.379742649952929057e-01 3.299603700000000028e+00
8.793591987300756196e-01 7.034122300132296390e-02 4.709347215437375000e-01 2.740050000000000124e-02 -6.646839308954040348e-02 9.974784271442083128e-01 -2.487448696979917620e-02 2.208610000000000087e-02 -4.714969271680291563e-01 -9.428665260498080708e-03 8.818172985049180790e-01 3.359718099999999819e+00
8.599688884757137330e-01 7.213439436896459944e-02 5.052228617183393000e-01 3.806480000000000280e-02 -6.600528158299481807e-02 9.973666826154803378e-01 -3.005001184261600969e-02 2.152369999999999978e-02 -5.060600889785670242e-01 -7.505301966908923400e-03 8.624655684636868269e-01 3.374041599999999974e+00
6.065059331259762265e-01 8.207167018430935879e-02 7.908317103127230352e-01 1.714278999999999942e-01 -6.506587026440185939e-02 9.964452594023717191e-01 -5.350960232777160486e-02 1.417020000000000085e-02 -7.924121311601209916e-01 -1.900226217317766211e-02 6.096900265073859071e-01 3.495636000000000188e+00
4.149458368174333001e-01 7.672577083816436994e-02 9.066052661424208736e-01 2.792937999999999810e-01 -5.606205524121447153e-02 9.967007412506337927e-01 -5.869138226833871264e-02 8.532100000000000795e-03 -9.081172823319745291e-01 -2.647240978314466600e-02 4.178782275379542277e-01 3.546991300000000180e+00
3.647314429683767845e-01 7.665645202184279139e-02 9.279519184061364445e-01 3.093219999999999859e-01 -5.881549020911483461e-02 9.965118091725009286e-01 -5.920263753592924783e-02 7.201700000000000115e-03 -9.292533091798313993e-01 -3.298488355553216844e-02 3.679677768978701913e-01 3.557578799999999930e+00
2.244545627345031491e-01 6.765567041122938496e-02 9.721331490741740300e-01 4.088041000000000036e-01 -3.245959052853231858e-02 9.975525187911392644e-01 -6.193018033377307996e-02 1.338699999999999959e-03 -9.739437993284740802e-01 -1.765453241127439357e-02 2.261012897684492318e-01 3.578454699999999988e+00
1.114795137851058854e-01 6.901399209691538861e-02 9.913674328426788085e-01 5.173149000000000219e-01 -1.117183241837060512e-02 9.976096454701461891e-01 -6.819226807597045248e-02 -4.514299999999999737e-03 -9.937039338588996573e-01 -3.473349935735885186e-03 1.119840509785732241e-01 3.588398499999999824e+00
5.732870703568165166e-02 6.576838154792122304e-02 9.961866990369747654e-01 5.962467999999999657e-01 3.129447720576931935e-03 9.978110288073572809e-01 -6.605571396455689470e-02 -9.350400000000000031e-03 -9.983504524497304189e-01 6.904402868477189925e-03 5.699739743574794293e-02 3.591543199999999825e+00
3.762803599724379167e-02 6.493932571378452367e-02 9.971795299156662740e-01 6.368414999999999493e-01 7.543146428582083590e-03 9.978393301167483020e-01 -6.526693047873481646e-02 -1.127979999999999955e-02 -9.992633445938798875e-01 9.977737619221965781e-03 3.705688739026613554e-02 3.591629499999999808e+00
8.479103152368919552e-03 6.653120355611071013e-02 9.977483168430336669e-01 7.214471999999999552e-01 1.143146247453270467e-02 9.977125349874490512e-01 -6.662596486814743868e-02 -1.590190000000000006e-02 -9.998987081076886607e-01 1.197065087176243589e-02 7.699158543732931292e-03 3.591615399999999791e+00
-1.866577173718201449e-02 7.210081964209943961e-02 9.972226736152728366e-01 8.537690000000000001e-01 2.088565400754165483e-02 9.972069218038932537e-01 -7.170874816283753783e-02 -2.381679999999999908e-02 -9.996076122269842434e-01 1.948914860483763264e-02 -2.011950954983443562e-02 3.588599700000000059e+00
-2.700704635053283870e-02 6.890587601545877794e-02 9.972575393036458014e-01 9.474175999999999709e-01 1.915826012457701177e-02 9.974738735663627454e-01 -6.840199281829968669e-02 -2.910669999999999924e-02 -9.994516399088149150e-01 1.725838355866220197e-02 -2.825893983366833950e-02 3.586444900000000047e+00
-2.960555085861557578e-02 6.211809511808076556e-02 9.976296174519175830e-01 9.960902000000000367e-01 1.703472794279974403e-02 9.979535175213388731e-01 -6.163274219683442801e-02 -3.167720000000000258e-02 -9.994164944617799362e-01 1.516967783730848937e-02 -3.060312846817381249e-02 3.585255899999999940e+00
-3.103923792893302155e-02 5.399599231713379799e-02 9.980586147729395563e-01 1.094846999999999904e+00 2.087993534432265250e-02 9.983568715831564466e-01 -5.336277038076089885e-02 -3.686230000000000062e-02 -9.993000520408310550e-01 1.918305961990774897e-02 -3.211566930348908055e-02 3.581759200000000032e+00
-3.041996154091881205e-02 5.630602170629685210e-02 9.979500277365890293e-01 1.144741900000000090e+00 2.461392260930618872e-02 9.981515178037769775e-01 -5.556709745703153347e-02 -3.937680000000000347e-02 -9.992340970731693472e-01 2.287311578307997528e-02 -3.174964284431736061e-02 3.579315400000000036e+00
-2.527759735263970103e-02 7.238530486541337738e-02 9.970563728855149632e-01 1.298296200000000011e+00 2.680730786327541193e-02 9.970654787420223375e-01 -7.170634104502515704e-02 -4.705609999999999654e-02 -9.993209751212076553e-01 2.491583312841551962e-02 -2.714387485816194268e-02 3.575244899999999948e+00
-2.305711142414791290e-02 6.796760601030760185e-02 9.974210616113952099e-01 1.351438799999999940e+00 2.631719887821749176e-02 9.973818216993300956e-01 -6.735656454221888856e-02 -5.039699999999999736e-02 -9.993876998722663885e-01 2.469628062995216783e-02 -2.478546079999066620e-02 3.574228300000000136e+00
-2.039234520486362182e-02 6.166026137599866369e-02 9.978888537427849093e-01 1.404933599999999894e+00 2.584527607029519364e-02 9.977953669095700473e-01 -6.112632394187132029e-02 -5.345950000000000008e-02 -9.994579400664621582e-01 2.454420381352574038e-02 -2.194101404366277652e-02 3.573055300000000045e+00
-1.076959285074671584e-02 7.087771320095553884e-02 9.974268723276069615e-01 1.563635700000000073e+00 3.349943049677012868e-02 9.969503774378397631e-01 -7.048214726397611374e-02 -6.302049999999999319e-02 -9.993807102532155096e-01 3.265416815587009192e-02 -1.311111268454923096e-02 3.570335899999999896e+00
-8.582816208006403824e-03 7.150887674146788608e-02 9.974030357950153247e-01 1.616791099999999926e+00 2.744533597292976926e-02 9.970808628421928832e-01 -7.124960692664385198e-02 -6.609829999999999872e-02 -9.995864588915118754e-01 2.676253913667018744e-02 -1.052034693751136007e-02 3.571092600000000061e+00
6.269106606439847108e-03 6.999475369708180184e-02 9.975276601464455606e-01 1.831045500000000104e+00 3.143760071041615950e-02 9.970403769204703170e-01 -7.015813603466783399e-02 -7.960910000000000208e-02 -9.994860557125997413e-01 3.179970511139012385e-02 4.050085295286609544e-03 3.570543999999999940e+00
1.723102227712233758e-02 6.727533782335876067e-02 9.975856458430214513e-01 1.993428200000000095e+00 3.054447891423238762e-02 9.972326837566305446e-01 -6.777912108759041876e-02 -8.954020000000000035e-02 -9.993848741496658139e-01 3.163863726997710735e-02 1.512844845169158958e-02 3.573531200000000130e+00
2.425136894913753477e-02 6.841288598695650924e-02 9.973622953245365741e-01 2.100822899999999827e+00 3.775026285098665585e-02 9.968815021562723588e-01 -6.929782329435214827e-02 -9.692370000000000152e-02 -9.989928872413326166e-01 3.933125588624811209e-02 2.159313667896001210e-02 3.575448800000000205e+00
3.075049185627794224e-02 6.712305630769002662e-02 9.972707268151970172e-01 2.208989900000000173e+00 3.978942360061056560e-02 9.968694885545191786e-01 -6.832294313466395763e-02 -1.033450000000000063e-01 -9.987348041497943196e-01 4.178179150019807608e-02 2.798343936877334404e-02 3.578168400000000027e+00
3.760407640510289584e-02 6.637378518211259348e-02 9.970859812866281757e-01 2.316543600000000147e+00 4.020386879516495843e-02 9.968833550800547671e-01 -6.787654453664013210e-02 -1.102777999999999953e-01 -9.984836415142817057e-01 4.263914873601608313e-02 3.481839490050553376e-02 3.581542499999999851e+00
4.335715639504846702e-02 6.806065567654984161e-02 9.967386338144087476e-01 2.425659700000000196e+00 3.919898721567145750e-02 9.967926872017049966e-01 -6.976946425528450513e-02 -1.172679999999999972e-01 -9.982903367210370638e-01 4.209615053757197189e-02 4.055018766068962943e-02 3.586432199999999959e+00
4.833651225364678922e-02 6.800178931340047916e-02 9.965135915948807321e-01 2.534924999999999873e+00 3.530975688625120901e-02 9.969398434993326230e-01 -6.974359835970617150e-02 -1.242039999999999950e-01 -9.982067935311734752e-01 3.855781494978761936e-02 4.578746831296798270e-02 3.592307299999999870e+00
5.417720153904142383e-02 7.003962101643618210e-02 9.960719262790573847e-01 2.645392399999999977e+00 3.108064992624886072e-02 9.969353384858152811e-01 -7.179083561524254864e-02 -1.314588999999999896e-01 -9.980475059001749916e-01 3.484798941182692955e-02 5.183428981275950420e-02 3.599186200000000113e+00
6.115186021633459146e-02 7.563265804038864226e-02 9.952588361978140785e-01 2.756153299999999806e+00 3.012291938791352222e-02 9.965309457533210180e-01 -7.758017713012009542e-02 -1.391169999999999907e-01 -9.976738243131524353e-01 3.472427384031495645e-02 5.866144463471456572e-02 3.605754099999999962e+00
6.675525715327761123e-02 7.712871550097938345e-02 9.947838443036600697e-01 2.867882300000000217e+00 2.028836726878324379e-02 9.966967296763419304e-01 -7.863848425581339285e-02 -1.467960000000000098e-01 -9.975630896319123142e-01 2.543207222492553307e-02 6.496993078632162799e-02 3.614479799999999798e+00
7.413779099290758456e-02 7.890449700197796346e-02 9.941215560984263400e-01 2.981501100000000015e+00 2.160117018100820435e-02 9.965039734571315977e-01 -8.070452484811194149e-02 -1.552222000000000046e-01 -9.970140306903924055e-01 2.745744410926203444e-02 7.217417383998014913e-02 3.623291299999999993e+00
8.153726703551347765e-02 7.796872049523333181e-02 9.936158979750250309e-01 3.095870300000000075e+00 1.585454897670524055e-02 9.967077878080928821e-01 -7.951238267995042186e-02 -1.631215000000000026e-01 -9.965441823427220180e-01 2.223655429768302966e-02 8.003267015314163846e-02 3.634167000000000147e+00
9.100290126691341908e-02 8.125981616746466574e-02 9.925297548373218648e-01 3.210526199999999886e+00 1.314368938272687110e-02 9.964804699732330295e-01 -8.278838319072946705e-02 -1.722860999999999976e-01 -9.957638853615925489e-01 2.057948586224915902e-02 8.961456004037893219e-02 3.645747200000000188e+00
1.048495032113011538e-01 9.477117211187569001e-02 9.899621238274141088e-01 3.325917500000000082e+00 9.468519094953949111e-03 9.953086873120522426e-01 -9.628584583056813695e-02 -1.813732999999999873e-01 -9.944430244224611304e-01 1.946899837435601965e-02 1.034602787537685087e-01 3.657751800000000220e+00
1.189864430777461540e-01 9.564506485826551607e-02 9.882784263212287534e-01 3.442759999999999820e+00 1.201376354695228577e-03 9.953349125785674323e-01 -9.647263081864163037e-02 -1.920484000000000080e-01 -9.928951520974209632e-01 1.266622952870045254e-02 1.183164551994591029e-01 3.673007999999999829e+00
1.411526571459621737e-01 8.531692213689420767e-02 9.863046943909988817e-01 3.620601399999999970e+00 -1.720584806756263185e-03 9.962992402075064868e-01 -8.593522880558399080e-02 -2.072893000000000097e-01 -9.899863468596713512e-01 1.043296501635288670e-02 1.407770800677807799e-01 3.698381900000000222e+00
1.483681416545997167e-01 7.770099013506318042e-02 9.858749670592066305e-01 3.679542099999999927e+00 -3.881945852781114314e-03 9.969466315593508154e-01 -7.798938593719176304e-02 -2.121684000000000070e-01 -9.889245800557073807e-01 7.744027020548327478e-03 1.482167500896856005e-01 3.707968199999999825e+00
1.560383564884176011e-01 7.490612259472403944e-02 9.849066474048279174e-01 3.738283899999999882e+00 -3.569634914858364760e-03 9.971566308616700569e-01 -7.527224744338209539e-02 -2.168942000000000092e-01 -9.877445464344353221e-01 8.229600623802485471e-03 1.558620693517335232e-01 3.717468000000000217e+00
1.633890614530738861e-01 7.681632547047133330e-02 9.835666051359704953e-01 3.795817099999999833e+00 -3.639165173255909380e-03 9.970042392372758799e-01 -7.726126726725740523e-02 -2.212376000000000065e-01 -9.865550015454410682e-01 9.044284610483899201e-03 1.631791342101041042e-01 3.727184499999999900e+00
1.742588905751990269e-01 8.720670064686888989e-02 9.808306838684178741e-01 3.909543300000000166e+00 -4.209303297954956891e-03 9.961275617997993326e-01 -8.781891816990683441e-02 -2.298451999999999995e-01 -9.846908757682518720e-01 1.117461341945941850e-02 1.739511632432476640e-01 3.748086699999999993e+00
1.842087380964157473e-01 8.955100492451206762e-02 9.787991409507549312e-01 4.021651300000000262e+00 -8.637125940685261294e-03 9.959498529459749339e-01 -8.949463934993968917e-02 -2.400200000000000111e-01 -9.828491953826948846e-01 8.031683130020006445e-03 1.842361289261368329e-01 3.770454599999999878e+00
1.942670479793509875e-01 7.992078465202323567e-02 9.776875688326990277e-01 4.132941699999999940e+00 -3.743402839838684548e-03 9.967286953693835772e-01 -8.073347981119965988e-02 -2.491242999999999930e-01 -9.809415380156797371e-01 1.202397637437898487e-02 1.939307169779485029e-01 3.792163599999999857e+00
1.972702440205719165e-01 7.391667045300340244e-02 9.775585796530078531e-01 4.187326900000000407e+00 -5.578714614675968353e-03 9.972219910362084550e-01 -7.427771224955832807e-02 -2.533321000000000045e-01 -9.803332743344540523e-01 9.199262085748075024e-03 1.971345855241177780e-01 3.803982700000000161e+00
2.057236694634945462e-01 7.253403734296055838e-02 9.759183291901044610e-01 4.346333500000000072e+00 -1.254316575768869846e-02 9.973628919239388990e-01 -7.148378001961286365e-02 -2.654560000000000253e-01 -9.785297342519797548e-01 2.464800163757913110e-03 2.060909603667825385e-01 3.838988800000000090e+00
2.072191885357347052e-01 7.668748684401197058e-02 9.752841828226996856e-01 4.397904900000000339e+00 -1.684903342219945532e-02 9.970547462907112246e-01 -7.481940237600927246e-02 -2.694387999999999783e-01 -9.781494354010173975e-01 -9.285799454368942607e-04 2.079009854809632518e-01 3.850702300000000022e+00
2.091910902253358295e-01 8.065907993760645933e-02 9.745425596627137477e-01 4.448710000000000164e+00 -1.808198563386211044e-02 9.967410544254372562e-01 -7.861496179738394763e-02 -2.734940000000000149e-01 -9.777075889885851190e-01 -1.176114996990530737e-03 2.099678241722803262e-01 3.862201199999999890e+00
2.127747487538084736e-01 8.800850321702811951e-02 9.731296982695841757e-01 4.548226399999999892e+00 -1.812054724488154633e-02 9.961194832424554724e-01 -8.612561101280738485e-02 -2.814244000000000190e-01 -9.769332382820740124e-01 6.917125716270136615e-04 2.135438350161824594e-01 3.884750599999999832e+00
2.143505711302665095e-01 8.494774601441859585e-02 9.730558633003546509e-01 4.645669899999999686e+00 -2.055616014632153515e-02 9.963826883936773848e-01 -8.245594308130121952e-02 -2.895862000000000158e-01 -9.765404635426876423e-01 -2.327813664757587275e-03 2.153213977926365930e-01 3.907650199999999963e+00
2.151854810242098959e-01 8.246370411539979961e-02 9.730852718338448559e-01 4.693997399999999764e+00 -2.041453069090601660e-02 9.965905109606572054e-01 -7.994123091275323612e-02 -2.935415000000000108e-01 -9.763597982777917350e-01 -2.662886919092381788e-03 2.161352663037817701e-01 3.918509499999999868e+00
2.150972567644680034e-01 8.143416121074517622e-02 9.731914752608055164e-01 4.741433599999999693e+00 -1.915046047945558744e-02 9.966774252738689333e-01 -7.916672162516458222e-02 -2.971930999999999878e-01 -9.764048494327675076e-01 -1.608520237315939905e-03 2.159420817414262617e-01 3.929196399999999922e+00
2.120912356659696851e-01 8.177059169630167268e-02 9.738228165776969814e-01 4.833929499999999990e+00 -2.072216434239576230e-02 9.966454205197321503e-01 -7.917384455748610605e-02 -3.045355000000000145e-01 -9.770301426561254221e-01 -3.387637920875118114e-03 2.130742223983657091e-01 3.949753999999999987e+00
2.076749070288423926e-01 8.818846726659977653e-02 9.742145180768606583e-01 4.923203899999999855e+00 -1.984975374725418684e-02 9.961026915787370983e-01 -8.593843788299168618e-02 -3.122993000000000019e-01 -9.779964827476299583e-01 -1.490661183271332901e-03 2.086160532233837239e-01 3.969183899999999987e+00
2.037419439063802296e-01 8.795149503281030068e-02 9.750660258745266207e-01 5.010297300000000398e+00 -1.851276075069582111e-02 9.961246159802229494e-01 -8.598271412115909840e-02 -3.191839000000000204e-01 -9.788495788335594971e-01 -5.328787357553668724e-04 2.045805906180155898e-01 3.987616500000000119e+00
2.013013222381892509e-01 8.483776360942454908e-02 9.758485187419757567e-01 5.052917500000000395e+00 -1.871313777533600148e-02 9.963934922848910469e-01 -8.276368169022048360e-02 -3.227917000000000147e-01 -9.793505991930356869e-01 -1.600749221534150668e-03 2.021629082254501331e-01 3.996612999999999971e+00
1.993492487561498994e-01 8.070445155407829363e-02 9.765995435795133961e-01 5.094594999999999985e+00 -1.818317137422065938e-02 9.967359106128921287e-01 -7.865682915973917777e-02 -3.266938999999999815e-01 -9.797597916321807432e-01 -2.077497062357137880e-03 2.001660178622273190e-01 4.005052599999999963e+00
1.971804850386166819e-01 7.989815971469808875e-02 9.771060026394988718e-01 5.135863800000000090e+00 -1.458658559767529728e-02 9.968022618689239556e-01 -7.856514655748307596e-02 -3.300833000000000239e-01 -9.802586841444136390e-01 1.238873359831124676e-03 1.977153948286798357e-01 4.013651399999999647e+00
1.914571616514981756e-01 8.532312309938926143e-02 9.777853138173626668e-01 5.255528899999999837e+00 -7.769964444765270484e-03 9.963148527099703333e-01 -8.541862748860583332e-02 -3.394064999999999999e-01 -9.814702149861089797e-01 8.756650848160546508e-03 1.914145714438799661e-01 4.036403199999999636e+00
1.886200652103802444e-01 8.669625160418811816e-02 9.782158406802738959e-01 5.335094500000000295e+00 -6.920501433821467374e-03 9.961882308241640782e-01 -8.695467455707303617e-02 -3.453777000000000097e-01 -9.820257520350146319e-01 9.631652257287792729e-03 1.885010705934009323e-01 4.052377700000000083e+00
1.916716556604831367e-01 8.292164003321586541e-02 9.779498852347040527e-01 5.415716200000000313e+00 4.043394684012109608e-03 9.963493145833924869e-01 -8.527422992108088518e-02 -3.520848999999999784e-01 -9.814507768481303129e-01 2.029889020133453931e-02 1.906366378238865122e-01 4.067208299999999888e+00
1.966850205971423238e-01 8.221389288154276609e-02 9.770137555275075769e-01 5.496563400000000321e+00 3.809475846944965216e-03 9.964066364747593552e-01 -8.461266266244232837e-02 -3.585013000000000227e-01 -9.804593263192888930e-01 2.036395360235657842e-02 1.956650679789517788e-01 4.084106399999999581e+00
2.086981797685935891e-01 8.185000749651921703e-02 9.745489449145668948e-01 5.578580399999999884e+00 3.523235452786259436e-03 9.964222024498821106e-01 -8.444158499738341206e-02 -3.647237999999999869e-01 -9.779737504520354952e-01 2.105637047892735397e-02 2.076631230840808584e-01 4.102108000000000310e+00
2.246094895163035232e-01 8.032764380567572471e-02 9.711323529055421178e-01 5.662465100000000362e+00 1.695305400703922549e-03 9.965628116108489198e-01 -8.282323619539494475e-02 -3.706958000000000197e-01 -9.744473834737431561e-01 2.024925072461497555e-02 2.237012844984753723e-01 4.122309699999999744e+00
2.430529955018871091e-01 7.973200741838319672e-02 9.667305976178650617e-01 5.747724500000000347e+00 -2.982186986559470787e-03 9.966728247284780684e-01 -8.145174650388742332e-02 -3.774280999999999886e-01 -9.700084267357356183e-01 1.691411956890533780e-02 2.424820913405192346e-01 4.145199800000000323e+00
2.618557331117984943e-01 8.604310191864833479e-02 9.612638345681687735e-01 5.834338200000000363e+00 -1.189519097358363725e-02 9.962299405850915113e-01 -8.593258935658160125e-02 -3.836643000000000137e-01 -9.650337193425857496e-01 1.106752429597513548e-02 2.618920205691144254e-01 4.170617599999999925e+00
2.824270122694932383e-01 9.065009364681608783e-02 9.549960959408948513e-01 5.923636899999999983e+00 -1.736862892152290366e-02 9.958451556910007385e-01 -8.939103207902288073e-02 -3.908882000000000190e-01 -9.591315412757072112e-01 8.659469301864355928e-03 2.828280398431105569e-01 4.198986099999999944e+00
3.025165291623667652e-01 9.181879949009488784e-02 9.487112614719784842e-01 6.015461400000000403e+00 -2.156400582449935488e-02 9.957537538513142605e-01 -8.949556046987676428e-02 -3.983711999999999809e-01 -9.529001748537754279e-01 6.615871160637956661e-03 3.032119506425002831e-01 4.229336299999999937e+00
3.129833229308835452e-01 9.266907154674931812e-02 9.452268948489593869e-01 6.062695999999999863e+00 -2.531575701101310139e-02 9.956889307407306156e-01 -8.923376965779133974e-02 -4.017757000000000134e-01 -9.494211668243454083e-01 3.999547354873893290e-03 3.139800178464459135e-01 4.245615500000000431e+00
3.345315475747446810e-01 8.047859824707200016e-02 9.389418719502461430e-01 6.159167300000000012e+00 -2.069569863484473429e-02 9.967339463778124298e-01 -7.805849214613269638e-02 -4.091213000000000211e-01 -9.421572754775403569e-01 6.680970161477541025e-03 3.351045104179283252e-01 4.280242000000000324e+00
3.554061303455500198e-01 7.321100849415454470e-02 9.318404534833583108e-01 6.257307100000000233e+00 -2.049381968505987334e-02 9.972985901976788581e-01 -7.053740386800870510e-02 -4.164776000000000034e-01 -9.344872850218554072e-01 5.972455524417843997e-03 3.559464059482700948e-01 4.318256899999999732e+00
3.735531595839416408e-01 6.535226307167288362e-02 9.253037980448719502e-01 6.359726399999999558e+00 -7.952617775056999849e-03 9.977041111250279926e-01 -6.725520436919092682e-02 -4.227628999999999970e-01 -9.275746831578459695e-01 1.776480665891559674e-02 3.732152446095862164e-01 4.358620199999999834e+00
3.808413738729564124e-01 5.577664818496719246e-02 9.229565609842151908e-01 6.412610500000000435e+00 2.057679846821269115e-03 9.981253419065299060e-01 -6.116835617883455145e-02 -4.256039999999999823e-01 -9.246380988798843514e-01 2.519458991972637826e-02 3.800126560242037543e-01 4.379106499999999791e+00
3.952269317654761860e-01 5.084608661148536102e-02 9.171752002117942171e-01 6.517246700000000281e+00 9.726576721958056504e-03 9.981792408761809288e-01 -5.952811763463543293e-02 -4.326271999999999895e-01 -9.185320169229372889e-01 3.244809023884855093e-02 3.940127603610472651e-01 4.423180099999999726e+00
4.028383778193529996e-01 5.721003890298693995e-02 9.134813916028013958e-01 6.569488500000000286e+00 1.171944491070179770e-02 9.976403510064438818e-01 -6.764898118024133267e-02 -4.356345999999999830e-01 -9.151960970015425856e-01 3.795710068562060946e-02 4.012173507473031364e-01 4.446102100000000057e+00
4.154342219530445246e-01 6.357938874885568636e-02 9.073985169464354739e-01 6.672299399999999991e+00 1.378258986769414357e-02 9.969997654187746638e-01 -7.616763073279467222e-02 -4.425124999999999753e-01 -9.095187999413797408e-01 4.414894201711198896e-02 4.133115331949523963e-01 4.492545100000000069e+00
4.235406951482520999e-01 6.885172953279489194e-02 9.032567292269004788e-01 6.773252000000000272e+00 4.978304327764998538e-05 9.971056202893132658e-01 -7.602880710041730328e-02 -4.508170000000000233e-01 -9.058770761394638882e-01 3.224626067944502683e-02 4.223113799049337258e-01 4.542172899999999736e+00
4.313049678711038948e-01 7.613892754967609144e-02 8.989877020300617305e-01 6.871703600000000023e+00 -4.008628713229281382e-03 9.965845263260131315e-01 -8.248159057265777583e-02 -4.592357000000000244e-01 -9.021972930493337151e-01 3.197101185669998930e-02 4.301370697990505310e-01 4.590661500000000395e+00
4.430213147463640255e-01 7.432678069132883647e-02 8.934246718959947264e-01 7.016498600000000252e+00 -7.241601184513862810e-03 9.968214848474743484e-01 -7.933780031461047655e-02 -4.723392000000000146e-01 -8.964818313232495450e-01 2.867851144218727319e-02 4.421514096876463240e-01 4.663068799999999570e+00
4.464679048181084409e-01 7.146518358737923016e-02 8.919412186361556083e-01 7.063664000000000165e+00 -7.342562655531723048e-03 9.970645527604369285e-01 -7.621262626546623786e-02 -4.764158000000000004e-01 -8.947695215757954790e-01 2.747735728654095155e-02 4.456820594275360259e-01 4.687061299999999875e+00
4.561394479892044718e-01 7.256320402803792535e-02 8.869449731574610141e-01 7.198933099999999641e+00 -9.475474141396593442e-03 9.970095897769816196e-01 -7.669480609878653876e-02 -4.881256999999999957e-01 -8.898578647053132507e-01 2.657930235954435172e-02 4.554629746842001614e-01 4.757300400000000096e+00
4.582793725354789571e-01 7.079394099489630388e-02 8.859843309149991741e-01 7.242784499999999959e+00 -7.306447212915227751e-03 9.970892429795503720e-01 -7.589240649493229907e-02 -4.915200000000000125e-01 -8.887781683511429831e-01 2.830652668340463349e-02 4.574626848274174762e-01 4.780017899999999820e+00
