1.000000000000000000e+00 0.000000000000000000e+00 0.000000000000000000e+00 0.000000000000000000e+00 0.000000000000000000e+00 1.000000000000000000e+00 0.000000000000000000e+00 0.000000000000000000e+00 0.000000000000000000e+00 0.000000000000000000e+00 1.000000000000000000e+00 0.000000000000000000e+00
9.999990336213228082e-01 -1.347526350642446000e-03 3.419490530057189837e-04 -3.250999999999999875e-04 1.346067019066258825e-03 9.999901364596203157e-01 4.232621770284360381e-03 2.618000000000000210e-04 -3.476492495451879040e-04 -4.232157393626481516e-03 9.999909839512528542e-01 6.204690000000000205e-02
9.999924724761191097e-01 -3.850180923302921453e-03 -4.807264875103080064e-04 -1.456999999999999908e-04 3.854903499503415428e-03 9.999401069197937364e-01 1.024315831377194640e-02 6.051000000000000172e-04 4.412596825861777911e-04 -1.024493436237213125e-02 9.999474219226744953e-01 1.242015999999999953e-01
9.999716868814895188e-01 -7.339352658402782323e-03 -1.661125505146472453e-03 -2.106999999999999986e-04 7.355950719801961080e-03 9.999207500597684373e-01 1.021682871139327139e-02 1.127699999999999926e-03 1.586008952086062412e-03 -1.022875859846642671e-02 9.999464271015413575e-01 1.856643000000000043e-01
9.999451898636994018e-01 -1.018843736671294110e-02 -2.411018970208338164e-03 -7.468999999999999945e-04 1.020633768403302229e-02 9.999195439854162704e-01 7.532345390165733241e-03 1.604900000000000033e-03 2.334082159998756775e-03 -7.556540215060791703e-03 9.999687248911580673e-01 2.464542999999999873e-01
9.999392640414731526e-01 -1.065848354779759533e-02 -2.804453005216841436e-03 -1.277600000000000046e-03 1.067074052689627808e-02 9.999334184347368204e-01 4.392492917377325591e-03 1.854399999999999972e-03 2.757448966852363379e-03 -4.422151725448210217e-03 9.999864204324538930e-01 3.071238000000000024e-01
9.999400986651852952e-01 -1.039225896107858101e-02 -3.435117923051618765e-03 -1.814899999999999933e-03 1.040459558134567038e-02 9.999394148991727072e-01 3.593177130168761970e-03 2.335600000000000176e-03 3.397568578856158001e-03 -3.628702906826023703e-03 9.999876444451530899e-01 3.677212000000000258e-01
9.999397336014476112e-01 -9.906486499752256009e-03 -4.731880207308502770e-03 -1.999799999999999928e-03 9.930748933576732940e-03 9.999375206583579478e-01 5.131764339322334584e-03 2.963700000000000102e-03 4.680746808401014050e-03 -5.178446180689926306e-03 9.999756368554533204e-01 4.281419000000000197e-01
9.999397731692284408e-01 -9.655649255646601634e-03 -5.217132519311840251e-03 -2.780599999999999825e-03 9.698294460760174471e-03 9.999192534690312106e-01 8.211554450145866144e-03 3.267299999999999892e-03 5.137423364345048392e-03 -8.261657181658719692e-03 9.999526748310583191e-01 4.884685000000000277e-01
9.999350430665916445e-01 -9.723002822971100675e-03 -5.947509017896942737e-03 -3.406100000000000013e-03 9.780449531478918254e-03 9.999050505034906555e-01 9.707357239436702895e-03 3.758899999999999915e-03 5.852559643067576853e-03 -9.764895991066488423e-03 9.999351950761149466e-01 5.484989999999999588e-01
9.999187918138977560e-01 -1.097781527319306380e-02 -6.472816177109115728e-03 -3.926699999999999982e-03 1.104543194052714367e-02 9.998838179096276590e-01 1.050471873557883538e-02 4.316099999999999798e-03 6.356745290019029208e-03 -1.057536071697260695e-02 9.999238738699179896e-01 6.081980999999999637e-01
9.999020451346133376e-01 -1.121728496971126539e-02 -8.370941017942000115e-03 -4.759000000000000209e-03 1.129273086909417072e-02 9.998955455010901661e-01 9.020660540979644551e-03 5.454699999999999827e-03 8.268879315589368686e-03 -9.114307707427335772e-03 9.999242746477747801e-01 7.275080000000000435e-01
9.998817953973216932e-01 -1.185264591667630971e-02 -9.793366009821313431e-03 -5.471199999999999848e-03 1.192010854745222809e-02 9.999054267877579560e-01 6.859190375579207744e-03 6.138700000000000406e-03 9.711140264942288644e-03 -6.975117573588167710e-03 9.999285181899699726e-01 7.869526000000000021e-01
9.998361345805109046e-01 -1.254715986175535328e-02 -1.304886073594736101e-02 -7.209000000000000130e-03 1.260973795407731302e-02 9.999093326696035788e-01 4.724505154795292407e-03 7.150799999999999691e-03 1.298839850913481239e-02 -4.888273686255768628e-03 9.999036985052791593e-01 9.046904000000000057e-01
9.998261199485748429e-01 -1.122089864115381579e-02 -1.489366651509770392e-02 -8.000200000000000713e-03 1.128207578536924958e-02 9.999282345708380149e-01 4.029947148569040620e-03 7.329900000000000304e-03 1.484737803624515406e-02 -4.197277895496956228e-03 9.998809620268388487e-01 9.636263000000000467e-01
9.998213535816007358e-01 -1.010595326060851132e-02 -1.597280911268360998e-02 -9.674699999999999619e-03 1.017629167307319490e-02 9.999388516878188193e-01 4.328507021014229086e-03 7.427800000000000027e-03 1.592808871272299170e-02 -4.490277713106899035e-03 9.998630573213608264e-01 1.021846299999999985e+00
9.997928209434596702e-01 -1.059391806907156869e-02 -1.738056644258207176e-02 -1.091229999999999978e-02 1.068370765742669357e-02 9.999300164517785916e-01 5.081396406159238363e-03 7.851800000000000793e-03 1.732551819166899473e-02 -5.266032538038929733e-03 9.998360342179604121e-01 1.080030400000000057e+00
9.997756451077201012e-01 -9.953008975601845137e-03 -1.869751485555279022e-02 -1.232169999999999967e-02 1.006657509972584685e-02 9.999313920704090419e-01 5.989592464884831331e-03 8.489099999999999424e-03 1.863661759020686023e-02 -6.176468607984234201e-03 9.998072452829749324e-01 1.138579599999999914e+00
9.997538191763968296e-01 -9.643519356538192769e-03 -1.998258183089889062e-02 -1.378180000000000030e-02 9.777974476971358284e-03 9.999301359501329145e-01 6.641869757552800770e-03 8.822299999999999934e-03 1.991713476723482035e-02 -6.835623831712141739e-03 9.997782664118555207e-01 1.196087600000000029e+00
9.997114225354385431e-01 -1.066169071654437389e-02 -2.152672764807928366e-02 -1.507660000000000076e-02 1.080584025188684530e-02 9.999198922521727040e-01 6.591122427477693474e-03 9.122200000000000447e-03 2.145473068161265692e-02 -6.821834758189978393e-03 9.997465464315999917e-01 1.253452199999999905e+00
9.996750925922809339e-01 -1.092776350849915604e-02 -2.302809664989516683e-02 -1.659340000000000120e-02 1.108192370193116644e-02 9.999169603608349943e-01 6.577488108153792604e-03 9.221599999999999936e-03 2.295430717053283456e-02 -6.830546643618104832e-03 9.997131805747436761e-01 1.310491599999999979e+00
9.996423839303762993e-01 -1.070022758157371766e-02 -2.450733318206411299e-02 -1.798210000000000086e-02 1.086572024651702613e-02 9.999189890015434123e-01 6.629597096028419685e-03 9.930800000000000044e-03 2.443440962083188311e-02 -6.893516071916241765e-03 9.996776675822300895e-01 1.367514300000000071e+00
9.996170041467740131e-01 -1.056234495899528378e-02 -2.557893448905965844e-02 -1.960129999999999859e-02 1.078061647820657831e-02 9.999065170693367532e-01 8.410435816174304316e-03 1.044909999999999936e-02 2.548770937095445888e-02 -8.682971336780609742e-03 9.996374256097989575e-01 1.423570199999999897e+00
9.995784346623474148e-01 -1.210624284451305814e-02 -2.638923724098718449e-02 -2.118669999999999928e-02 1.241475187841077459e-02 9.998561284052692733e-01 1.155839202584883763e-02 1.079880000000000076e-02 2.624551187858458617e-02 -1.188113524101911192e-02 9.995849197199884184e-01 1.479585099999999986e+00
9.995668731683724495e-01 -1.159173839721129758e-02 -2.704991063448127300e-02 -2.284699999999999925e-02 1.194839903189375864e-02 9.998433093451102316e-01 1.306110708909928066e-02 1.132879999999999998e-02 2.689427122971444276e-02 -1.337865309920607988e-02 9.995487530962527956e-01 1.534480300000000019e+00
9.995520469522676255e-01 -1.179019082270647834e-02 -2.750812305294290591e-02 -2.484429999999999972e-02 1.211192164312469011e-02 9.998598392378323929e-01 1.155868649140980552e-02 1.215019999999999989e-02 2.736798837405644488e-02 -1.188668497353487404e-02 9.995547508429427630e-01 1.589090200000000008e+00
9.995373047341766792e-01 -9.751223725172281434e-03 -2.881128391098109962e-02 -2.646099999999999841e-02 1.001268548217918060e-02 9.999098653079118160e-01 8.944684977605182191e-03 1.271680000000000033e-02 2.872146539040930022e-02 -9.229024638350187548e-03 9.995448476832103912e-01 1.642726499999999978e+00
9.995190723777062081e-01 -9.491886543272378199e-03 -2.952165379952979146e-02 -2.804780000000000120e-02 9.706877464520013640e-03 9.999273407293776117e-01 7.147712344799367519e-03 1.334169999999999974e-02 2.945166350307636821e-02 -7.430837888478561588e-03 9.995385846305168132e-01 1.695034699999999894e+00
9.994836017529074024e-01 -8.760039220809515484e-03 -3.091587844272962807e-02 -2.964119999999999949e-02 8.973565295069740530e-03 9.999367872663049717e-01 6.774702756258136477e-03 1.365829999999999995e-02 3.085457750368452920e-02 -7.048629965490504218e-03 9.994990304460924513e-01 1.747224200000000005e+00
9.993801369520863842e-01 -8.677182298978527997e-03 -3.411815312966575559e-02 -3.343340000000000201e-02 8.872825281391990421e-03 9.999450273739168837e-01 5.587056622451416765e-03 1.400389999999999968e-02 3.406779765636338414e-02 -5.886317824147859618e-03 9.994021895239764142e-01 1.850112100000000037e+00
9.993196730413885787e-01 -8.396771266273958534e-03 -3.591218880483493942e-02 -3.544950000000000184e-02 8.586280615947461392e-03 9.999499984414009779e-01 5.126051328901437727e-03 1.470710000000000073e-02 3.586735085891402247e-02 -5.430916068602359946e-03 9.993418025345579547e-01 1.900559099999999946e+00
9.992471896867110015e-01 -8.526057422373918906e-03 -3.784653548266244533e-02 -3.753700000000000092e-02 8.771395571077556311e-03 9.999415511895605180e-01 6.321141064007397212e-03 1.501539999999999993e-02 3.779042898599758310e-02 -6.648349377535913568e-03 9.992635702994522306e-01 1.950973999999999986e+00
9.991781109497376301e-01 -8.801810451961510073e-03 -3.956805190657619598e-02 -3.997450000000000309e-02 9.155518900750378442e-03 9.999196553753788574e-01 8.766941749638379466e-03 1.527949999999999968e-02 3.948770786677506528e-02 -9.122002343306595540e-03 9.991784175014374325e-01 2.000211699999999926e+00
9.990975144858541546e-01 -7.821188421464560919e-03 -4.174907855108067611e-02 -4.208080000000000154e-02 8.261757441184954670e-03 9.999118844962958663e-01 1.039069810211248890e-02 1.549479999999999955e-02 4.166413220230778813e-02 -1.072624140797547726e-02 9.990740952667556130e-01 2.049470200000000020e+00
9.990298890412939725e-01 -6.496202247843604546e-03 -4.355548367881010435e-02 -4.450409999999999783e-02 6.952350388920468249e-03 9.999224799308044087e-01 1.032951853184104971e-02 1.608009999999999995e-02 4.348500461319578653e-02 -1.062231073660914807e-02 9.989976080493913058e-01 2.097285499999999914e+00
9.989609337347558071e-01 -3.972683680381002697e-03 -4.540121866382552246e-02 -4.732829999999999676e-02 4.417435213009173606e-03 9.999431975107140325e-01 9.699897844207229156e-03 1.627210000000000115e-02 4.536010513572175801e-02 -9.890375949620109838e-03 9.989217393397999967e-01 2.144221299999999886e+00
9.988756599801824620e-01 -2.539296804536583536e-03 -4.733886216306264216e-02 -4.959609999999999713e-02 2.974294612374988548e-03 9.999539807967244842e-01 9.120847567132885428e-03 1.673590000000000147e-02 4.731352312726004594e-02 -9.251392355886062582e-03 9.988372451349437631e-01 2.190934700000000124e+00
9.987615652111847542e-01 -1.187112097800389031e-03 -4.973858282833956701e-02 -5.483500000000000180e-02 1.781915031368341319e-03 9.999274148591675848e-01 1.191594695704725759e-02 1.825310000000000127e-02 4.972082698151070179e-02 -1.198981976217474918e-02 9.986911852952068402e-01 2.282308599999999910e+00
9.987567581740722789e-01 1.465270249714843058e-03 -4.982761267322646098e-02 -5.762250000000000011e-02 -8.503656473856323599e-04 9.999232556382928738e-01 1.235959999284172092e-02 1.877650000000000152e-02 4.984189883906434831e-02 -1.230186233107033456e-02 9.986813552396499594e-01 2.327132199999999873e+00
9.987965711255636370e-01 4.471174231325690876e-03 -4.884074230404528150e-02 -6.011520000000000058e-02 -3.968573613167398345e-03 9.999382227502708886e-01 1.038273116798293927e-02 1.897909999999999875e-02 4.888414805736007729e-02 -1.017640820834453397e-02 9.987526124044349141e-01 2.371083500000000122e+00
9.991009526952395747e-01 7.894815426891872018e-03 -4.165282958983798633e-02 -6.694050000000000000e-02 -7.660825351140877239e-03 9.999539837846039836e-01 5.774259107397122781e-03 2.072409999999999877e-02 4.169649959413967988e-02 -5.449972722441047066e-03 9.991154586527628556e-01 2.498436700000000066e+00
9.991743219664396269e-01 1.243331153962477093e-02 -3.867928498646700658e-02 -6.852690000000000170e-02 -1.211781698851240041e-02 9.998914572623630592e-01 8.380465689981101904e-03 2.118489999999999956e-02 3.877928357175541157e-02 -7.904837626837355954e-03 9.992165334439551128e-01 2.540701400000000110e+00
9.992561817025706894e-01 1.687739375219077589e-02 -3.467328812403609045e-02 -7.089560000000000306e-02 -1.646260990220882806e-02 9.997898841509232915e-01 1.221351811276995269e-02 2.112390000000000101e-02 3.487213507095036219e-02 -1.163362065810879392e-02 9.993240680910154827e-01 2.581474800000000069e+00
9.993593175123356431e-01 2.567456407992720763e-02 -2.493534159750797341e-02 -7.416399999999999382e-02 -2.534174425103426914e-02 9.995867009634914480e-01 1.357288676880442913e-02 2.192190000000000111e-02 2.527351379594597325e-02 -1.293228580836838087e-02 9.995969215059522517e-01 2.659839199999999959e+00
9.991531263160615683e-01 4.110779430098357445e-02 1.783092972430070939e-03 -7.672220000000000428e-02 -4.113159697589574559e-02 9.990184239821113810e-01 1.644324403854120764e-02 2.323619999999999852e-02 -1.105397237553441478e-03 -1.650266014939893305e-02 9.998632107968272731e-01 2.800934799999999836e+00
9.989151397179976133e-01 4.564463607812561247e-02 9.225553613133477202e-03 -7.666190000000000504e-02 -4.578680836910290625e-02 9.988256969616604586e-01 1.583651692842153250e-02 2.370459999999999928e-02 -8.491867965552334432e-03 -1.624174517558405959e-02 9.998320328395700063e-01 2.833332099999999798e+00
9.981013212225300357e-01 5.222254813921700656e-02 3.265820019056611678e-02 -7.473459999999999825e-02 -5.256620493789071480e-02 9.985698068403455752e-01 9.753715459385329731e-03 2.466959999999999986e-02 -3.210212878093296474e-02 -1.145191393096107492e-02 9.994189847081403899e-01 2.920572299999999899e+00
9.950469524402399957e-01 6.531462150510523867e-02 7.493705796890788584e-02 -6.808870000000000200e-02 -6.635600544153015534e-02 9.977298586458078766e-01 1.148954779178431966e-02 2.557349999999999901e-02 -7.401650478936595834e-02 -1.640516334148859126e-02 9.971220725841468679e-01 3.035570900000000183e+00
9.923495625497152917e-01 6.224621079027510551e-02 1.066196743084565496e-01 -6.157680000000000098e-02 -6.322100481031196761e-02 9.979827903180897852e-01 5.784010692770158966e-03 2.538160000000000069e-02 -1.060445673203640332e-01 -1.248036342308216778e-02 9.942830533960963502e-01 3.088724399999999815e+00
9.862104235702738864e-01 6.662901176177937757e-02 1.514911721289050051e-01 -5.330580000000000040e-02 -6.710698264557424242e-02 9.977438584976711100e-01 -1.961048287466465086e-03 2.555750000000000036e-02 -1.512800493176395533e-01 -8.232109196788064617e-03 9.884566652396171715e-01 3.139436499999999963e+00
9.447814030439020128e-01 7.307588557603300616e-02 3.194495506487285419e-01 -1.498889999999999945e-02 -7.279019470413158888e-02 9.972644814979122474e-01 -1.285073918632357627e-02 2.433309999999999987e-02 -3.195147696387924952e-01 -1.111165559126225770e-02 9.475161439747032954e-01 3.265037799999999990e+00
9.350078673869844925e-01 7.494746630526502584e-02 3.466167411116555241e-01 -8.116500000000000450e-03 -7.470761196621067413e-02 9.971061567545332904e-01 -1.407426291178536133e-02 2.386809999999999973e-02 -3.466685169419764234e-01 -1.273536244576990890e-02 9.379012474160728363e-01 3.280479699999999887e+00
8.964643589480826291e-01 7.103612512476717433e-02 4.373848672085736133e-01 1.770199999999999899e-02 -6.898841577435765871e-02 9.974049405238784027e-01 -2.059085009179606462e-02 2.237499999999999906e-02 -4.377125216677579811e-01 -1.171552584465925667e-02 8.990386503534959495e-01 3.325939200000000096e+00
7.566372943652854843e-01 8.517458897726565281e-02 6.482632907763127283e-01 9.213449999999999418e-02 -7.323209899227178798e-02 9.962798786218773905e-01 -4.542535779015186015e-02 1.876799999999999996e-02 -6.497207588285650592e-01 -1.310316166927125159e-02 7.600600257226415302e-01 3.415794099999999833e+00
6.485694649327976569e-01 8.241987320283147844e-02 7.566799942234588849e-01 1.484323999999999921e-01 -6.689408239142297097e-02 9.964455915559123911e-01 -5.119926571541166815e-02 1.495789999999999967e-02 -7.582102814508612232e-01 -1.741113350752882330e-02 6.517775859387839876e-01 3.460877700000000168e+00
4.647481702542407556e-01 7.896016427450286423e-02 8.819152060731680898e-01 2.499040999999999901e-01 -5.634773912856300138e-02 9.966344535110406300e-01 -5.953736952409681427e-02 9.751100000000000392e-03 -8.836481599259031761e-01 -2.202404441724917228e-02 4.676332654196795335e-01 3.515245900000000034e+00
2.689838317559929970e-01 7.391297599766137594e-02 9.603044153980720976e-01 3.744179999999999731e-01 -4.634032146969424559e-02 9.968894937412383639e-01 -6.374881861197884136e-02 3.291500000000000155e-03 -9.620292474036064023e-01 -2.735341381814561032e-02 2.715723069323237038e-01 3.553260299999999816e+00
1.829157364572780442e-01 6.692786308883172386e-02 9.808478447234587616e-01 4.449826000000000059e-01 -2.351676591630675814e-02 9.976925039500437187e-01 -6.369167357457052037e-02 -6.574999999999999898e-04 -9.828472898050486517e-01 -1.141615978578644844e-02 1.840675860074667547e-01 3.562678299999999965e+00
1.118283486390023035e-01 6.917727304175548542e-02 9.913167633683899194e-01 5.198344999999999771e-01 -1.149352963620711710e-02 9.975973207735946424e-01 -6.831898976014813551e-02 -4.816299999999999921e-03 -9.936610685828319856e-01 -3.753728793081230475e-03 1.123547520266615640e-01 3.569148499999999835e+00
3.802050935514332541e-02 6.503649559321678097e-02 9.971583099535045180e-01 6.409044000000000407e-01 7.062893419002101020e-03 9.978374023975995488e-01 -6.535008732176980639e-02 -1.173919999999999998e-02 -9.992519984493039020e-01 9.527466471450654617e-03 3.747894045604960311e-02 3.572314299999999943e+00
2.223563980415973335e-02 6.698532376582683190e-02 9.975061617466264297e-01 6.828562000000000243e-01 1.007759664789621007e-02 9.976871397220120619e-01 -6.722211897220060906e-02 -1.383219999999999936e-02 -9.997019647716521851e-01 1.154719157621184045e-02 2.150916080186027202e-02 3.572517899999999802e+00
-3.152786906694193553e-03 6.743317736803139395e-02 9.977188113515614853e-01 7.701750000000000540e-01 1.165132070812296278e-02 9.976585221013697380e-01 -6.739228445651002097e-02 -1.917699999999999960e-02 -9.999271506767267725e-01 1.141226833553758008e-02 -3.931090301715789437e-03 3.572474999999999845e+00
-2.668610835996091876e-02 6.926855645125667982e-02 9.972410534608768806e-01 9.547746999999999762e-01 1.908932977279920173e-02 9.974497375372131103e-01 -6.877222241406875936e-02 -2.961389999999999856e-02 -9.994615796064527657e-01 1.720140035299118700e-02 -2.794034209651641287e-02 3.567202099999999820e+00
-2.922447424548715172e-02 6.261771168933380483e-02 9.976096191837097171e-01 1.003876400000000002e+00 1.693329490220499278e-02 9.979237011024691961e-01 -6.214137350996275233e-02 -3.209309999999999941e-02 -9.994294340416584044e-01 1.507676890919306886e-02 -3.022411967996707638e-02 3.565858400000000206e+00
-3.057441760788822543e-02 5.681163512321282805e-02 9.979166513805476368e-01 1.053790999999999922e+00 1.823522748734322796e-02 9.982489441838068300e-01 -5.627185721477242358e-02 -3.492359999999999909e-02 -9.993661398438627996e-01 1.647675788927615431e-02 -3.155685318650891524e-02 3.564401399999999942e+00
-2.711765460110096906e-02 7.205052137413187063e-02 9.970322738901943316e-01 1.256238799999999989e+00 2.597730581466702743e-02 9.971130243284367367e-01 -7.134981637824758249e-02 -4.518780000000000019e-02 -9.992946574417113093e-01 2.396537260954114540e-02 -2.891104501983976505e-02 3.556980400000000042e+00
-2.504329454528959886e-02 7.277667424883019209e-02 9.970337953568062517e-01 1.308818299999999990e+00 2.652694872981798541e-02 9.970437851697834253e-01 -7.211110486878094528e-02 -4.779810000000000308e-02 -9.993343556535039252e-01 2.464236473211069839e-02 -2.689980429308269638e-02 3.555703900000000139e+00
-2.294764668698721921e-02 6.833961459742081412e-02 9.973981665253879303e-01 1.362639300000000109e+00 2.615955445269121937e-02 9.973603292522718045e-01 -6.773515589881323740e-02 -5.108250000000000290e-02 -9.993943582101942891e-01 2.453712922238131949e-02 -2.467480632463558976e-02 3.554706100000000202e+00
-1.408287861861180941e-02 6.565235935196957195e-02 9.977431734877134639e-01 1.522958199999999929e+00 3.174114323094848200e-02 9.973685915178995831e-01 -6.517969377032707678e-02 -6.079930000000000057e-02 -9.993969043159008914e-01 3.075159126160879886e-02 -1.612970175400296746e-02 3.551639999999999908e+00
-1.056479182871318014e-02 7.135145469258383222e-02 9.973952852740323172e-01 1.576391099999999934e+00 3.333885656431147954e-02 9.969215469637655591e-01 -7.096442659781561357e-02 -6.380969999999999698e-02 -9.993882657989338059e-01 3.250229395942157151e-02 -1.291104452688196513e-02 3.550648199999999921e+00
-8.495548679132394754e-03 7.172969712810969845e-02 9.973879266376500796e-01 1.629250199999999982e+00 2.713134051523845985e-02 9.970732553012084942e-01 -7.147596746387735456e-02 -6.702519999999999312e-02 -9.995957763088473280e-01 2.645324390241632351e-02 -1.041680721491011763e-02 3.551290999999999976e+00
-2.591387758577932791e-04 6.476028968402558483e-02 9.979008155759445664e-01 1.736725700000000039e+00 2.685576312614384314e-02 9.975413758205690096e-01 -6.472998928563790388e-02 -7.394069999999999809e-02 -9.996392853594773253e-01 2.678261387630853987e-02 -1.997688650732243332e-03 3.551250500000000088e+00
6.464153655607374205e-03 7.024365789929422343e-02 9.975089188786451233e-01 1.843998100000000084e+00 3.132214331210915470e-02 9.970260701028000883e-01 -7.041263291272502334e-02 -8.080060000000000020e-02 -9.994884381801784068e-01 3.169927539066771938e-02 4.244747796302461573e-03 3.550952899999999968e+00
1.377704604209986292e-02 7.042984046772761408e-02 9.974215911910290222e-01 1.951863300000000079e+00 2.635280643189470348e-02 9.971441893860435446e-01 -7.077425497179902492e-02 -8.763830000000000231e-02 -9.995577635112024018e-01 2.725991829299138913e-02 1.188167745490864569e-02 3.553158799999999840e+00
2.123528985181021358e-02 6.772874015377033929e-02 9.974777592618757627e-01 2.059534100000000034e+00 3.518645725987253059e-02 9.970340146791734082e-01 -6.844769388539630184e-02 -9.493659999999999599e-02 -9.991551309433428507e-01 3.655121516328577180e-02 1.878917187314055326e-02 3.554360899999999823e+00
2.469313242596589408e-02 6.868256507422637602e-02 9.973329205765836258e-01 2.113682299999999792e+00 3.773392362222478119e-02 9.968621577028127234e-01 -6.958440592664962010e-02 -9.825100000000000500e-02 -9.989826826422295580e-01 3.935154120129610161e-02 2.202398660590032531e-02 3.555470199999999803e+00
3.112763035640669571e-02 6.729475547270366564e-02 9.972474550051578790e-01 2.222044900000000212e+00 3.982119146704657386e-02 9.968552958783800655e-01 -6.851125301271369927e-02 -1.049130000000000063e-01 -9.987218548417472475e-01 4.184417480481930629e-02 2.834998582652203947e-02 3.558137400000000117e+00
3.772494856643072991e-02 6.643860577199225959e-02 9.970770982821410833e-01 2.330617900000000020e+00 3.989266864036590532e-02 9.968918328087945646e-01 -6.793562149470851186e-02 -1.120560000000000028e-01 -9.984915639325204761e-01 4.233893411738338941e-02 3.495727983401664130e-02 3.562025100000000055e+00
4.369253869661412354e-02 6.830123587686957876e-02 9.967075314453771595e-01 2.439913699999999963e+00 3.906597473433504053e-02 9.967804285183795576e-01 -7.001876134845531896e-02 -1.188281000000000059e-01 -9.982809282362864467e-01 4.199664868067293222e-02 4.088361308997723320e-02 3.566588400000000103e+00
4.872167354691839952e-02 6.823598678851920674e-02 9.964788249801318498e-01 2.549196499999999865e+00 3.516632309320713579e-02 9.969279150153127489e-01 -6.998615565471152933e-02 -1.258820999999999968e-01 -9.981931317369857615e-01 3.845233894340339964e-02 4.617238766719722332e-02 3.572397200000000161e+00
5.466692917794980372e-02 7.017558417201820442e-02 9.960355988820726036e-01 2.659997499999999793e+00 3.084223542917852168e-02 9.969326003186215202e-01 -7.193154339844801126e-02 -1.332268000000000063e-01 -9.980281976818010659e-01 3.465224102518728311e-02 5.233487196839392563e-02 3.579112100000000130e+00
6.167390314524461015e-02 7.603357457045409329e-02 9.951960737507310473e-01 2.771074800000000060e+00 3.001244243823749519e-02 9.965020336769351283e-01 -7.799327007264078571e-02 -1.406653999999999960e-01 -9.976450185159664308e-01 3.467841426264473004e-02 5.917621662886141110e-02 3.585622499999999935e+00
6.715441814839245849e-02 7.756451790820106940e-02 9.947230919631953050e-01 2.882791999999999799e+00 2.004813852695898693e-02 9.966674826598044268e-01 -7.906959687624756650e-02 -1.482694999999999985e-01 -9.975411551734369997e-01 2.525221911509547418e-02 6.537560068564174376e-02 3.594615000000000116e+00
7.476452245433246047e-02 7.931937582272036158e-02 9.940416001361662701e-01 2.995938999999999908e+00 2.164449213586609050e-02 9.964675963940672343e-01 -8.114089780628877535e-02 -1.567458999999999936e-01 -9.969662893710882212e-01 2.758198607287397006e-02 7.278359637940223781e-02 3.603430299999999864e+00
8.210816839827499158e-02 7.846888902594884030e-02 9.935295074316180530e-01 3.109999199999999853e+00 1.583824834603089066e-02 9.966669717067738743e-01 -8.002560464112762340e-02 -1.645824999999999927e-01 -9.964975657630127381e-01 2.230652289985918246e-02 8.059168979806841104e-02 3.614394900000000188e+00
9.132742383522352014e-02 8.176220768486958113e-02 9.924586858152422142e-01 3.224981099999999934e+00 1.279091271181336670e-02 9.964451259403170891e-01 -8.326766204106123004e-02 -1.738492000000000093e-01 -9.957387680549654174e-01 2.029907348333592071e-02 8.995695308367168685e-02 3.626334700000000133e+00
1.053074756500855524e-01 9.548609282812445254e-02 9.898448068503594710e-01 3.340749999999999886e+00 9.207954143404223357e-03 9.952431062290243435e-01 -9.698645825111884555e-02 -1.826108999999999927e-01 -9.943970782100576278e-01 1.932784468123265043e-02 1.039273076110343030e-01 3.638153799999999993e+00
1.194784613146037261e-01 9.645026034708230334e-02 9.881408019917378160e-01 3.457901999999999809e+00 1.014958941458060648e-03 9.952577425153800172e-01 -9.726765043701166014e-02 -1.934585000000000055e-01 -9.928362740856327973e-01 1.262431155230194640e-02 1.188139706330384460e-01 3.653522000000000158e+00
1.269452381022122545e-01 9.485179322756794040e-02 9.873641900761275236e-01 3.516669499999999893e+00 1.046143112413105980e-03 9.954040319610699683e-01 -9.575864838349387731e-02 -1.986448000000000103e-01 -9.919091753319760896e-01 1.318902866628012677e-02 1.262625732950151125e-01 3.661711200000000055e+00
1.342827442730436249e-01 9.120980902663466949e-02 9.867364974134814615e-01 3.576094599999999790e+00 2.412149800719645687e-04 9.957519542993737982e-01 -9.207598668660196828e-02 -2.041457000000000133e-01 -9.909430288396169351e-01 1.260223179848501268e-02 1.336903038662995424e-01 3.669942100000000096e+00
1.488786550431782929e-01 7.850606772986894188e-02 9.857342153958782438e-01 3.694101799999999880e+00 -4.180591679602080335e-03 9.968846268657904908e-01 -7.876270292379633498e-02 -2.137205000000000077e-01 -9.888466355940858099e-01 7.605133019677100259e-03 1.487430442945493203e-01 3.688635300000000061e+00
1.634690085914895230e-01 7.756522981356230029e-02 9.834945441404769895e-01 3.810314700000000165e+00 -3.956375247946536389e-03 9.969479600097851391e-01 -7.796866118656431421e-02 -2.228094999999999937e-01 -9.865405365847936814e-01 8.854386274445562310e-03 1.632769717954432043e-01 3.708521100000000015e+00
1.745898729796162285e-01 8.794873446602193001e-02 9.807055604812215943e-01 3.923896099999999887e+00 -4.517523187672553564e-03 9.960639924612505469e-01 -8.852183293630289107e-02 -2.314907999999999966e-01 -9.846308791812343753e-01 1.102465545851862710e-02 1.742999963706558519e-01 3.729105000000000114e+00
1.846692612546188272e-01 9.030034441426638969e-02 9.786435059542052395e-01 4.035682699999999734e+00 -8.877779523874126943e-03 9.958826720965199275e-01 -9.021578824474607572e-02 -2.416213999999999862e-01 -9.827606264896854293e-01 7.971901690327756751e-03 1.847105839009799411e-01 3.751201399999999797e+00
1.897601712210588987e-01 8.734609755934757969e-02 9.779374911819809224e-01 4.091644299999999568e+00 -5.001021756757449699e-03 9.961080421386527828e-01 -8.799862594432104890e-02 -2.463355999999999879e-01 -9.818177362420901222e-01 1.180794765626237697e-02 1.894584523651666741e-01 3.762369399999999864e+00
1.975157874401732849e-01 7.454052825822010675e-02 9.774616224481010862e-01 4.200608299999999851e+00 -5.642110124290243556e-03 9.971748073182189476e-01 -7.490373984800918761e-02 -2.553249000000000213e-01 -9.802834693624257190e-01 9.279725042173829486e-03 1.973783331521167250e-01 3.784999099999999839e+00
2.040390633034608048e-01 7.099404545561475988e-02 9.763851218428578616e-01 4.306102799999999675e+00 -1.055901642239357244e-02 9.974685640928494523e-01 -7.032048647969238453e-02 -2.636746999999999841e-01 -9.789058012998175240e-01 4.038459656240618589e-03 2.042721787840110492e-01 3.808269699999999869e+00
2.073749820103271413e-01 7.751631034353252681e-02 9.751855405341804950e-01 4.409297900000000325e+00 -1.706100742595869149e-02 9.969906260281966581e-01 -7.562151570496286612e-02 -2.711641000000000190e-01 -9.781127434308520829e-01 -9.556372898308559960e-04 2.080734194834660267e-01 3.831617599999999957e+00
2.092890893976421252e-01 8.132235145274625820e-02 9.744663935781991970e-01 4.459665300000000165e+00 -1.831328584594565934e-02 9.966870548729674928e-01 -7.924353734011924111e-02 -2.753914000000000084e-01 -9.776823106820693443e-01 -1.260873842303743275e-03 2.100850055965997054e-01 3.843213800000000013e+00
2.128175779515277810e-01 8.893772162914673207e-02 9.730358473284848042e-01 4.558407800000000343e+00 -1.814145693140045007e-02 9.960368017320752054e-01 -8.707225238699600744e-02 -2.832279999999999798e-01 -9.769235210881412890e-01 8.782179427662059612e-04 2.135875995417183537e-01 3.865788499999999850e+00
2.142884152024138178e-01 8.570053274734380777e-02 9.730035425407554950e-01 4.655432199999999909e+00 -2.048700114422538632e-02 9.963187366896576469e-01 -8.324216302596407213e-02 -2.915097999999999856e-01 -9.765555580171334515e-01 -2.096093496512976828e-03 2.152553100341533243e-01 3.888804700000000114e+00
2.150377855947934180e-01 8.211010193979259575e-02 9.731478212100791447e-01 4.750132999999999939e+00 -1.923920847151674302e-02 9.966220527078974989e-01 -7.983944459780756286e-02 -2.989622000000000113e-01 -9.764162040973495271e-01 -1.554096436432304829e-03 2.158911326580809087e-01 3.910038199999999797e+00
2.116631514515010803e-01 8.239715207112983941e-02 9.738631421550908440e-01 4.841516000000000375e+00 -2.074587284712327284e-02 9.965940747658272869e-01 -7.981139581197393973e-02 -3.063065999999999844e-01 -9.771224688223224542e-01 -3.310509358343878550e-03 2.126516434226606300e-01 3.930982600000000105e+00
2.097348421644693872e-01 8.505311647420595034e-02 9.740519818573700750e-01 4.886214700000000022e+00 -2.137267445363269514e-02 9.963701442394172769e-01 -8.239990567362143192e-02 -3.101469000000000031e-01 -9.775246824346401908e-01 -3.535964698329153999e-03 2.107913475091138800e-01 3.940542699999999954e+00
2.073535597698926425e-01 8.883124580024816253e-02 9.742245690908895028e-01 4.929838199999999837e+00 -1.991609401578965655e-02 9.960456356226600194e-01 -8.658198979121176087e-02 -3.140387000000000040e-01 -9.780633161763647720e-01 -1.449664315338064502e-03 2.083027796825214217e-01 3.950146000000000157e+00
2.031840796339419719e-01 8.850106001583657456e-02 9.751327048968160272e-01 5.015966399999999936e+00 -1.853312096107890411e-02 9.960759627552114859e-01 -8.654016321177471216e-02 -3.211004000000000080e-01 -9.789651440223751111e-01 -4.886689594012019744e-04 2.040269785883674913e-01 3.968494699999999931e+00
2.007859366729661255e-01 8.540787463053484130e-02 9.759049659600337323e-01 5.058277600000000263e+00 -1.874029682262513125e-02 9.963448583623725208e-01 -8.334101325196263677e-02 -3.246403999999999956e-01 -9.794558738959912025e-01 -1.555045323695505854e-03 2.016526045571485071e-01 3.977523800000000165e+00
1.968757730340472412e-01 8.063441373550064850e-02 9.771069651342059181e-01 5.140931600000000046e+00 -1.487081231409374121e-02 9.967431657415285473e-01 -7.925856728880925628e-02 -3.317648000000000263e-01 -9.803156578028147106e-01 1.073717415250856344e-03 1.974336805044845100e-01 3.994214799999999954e+00
1.948802768850011469e-01 8.201792012888511896e-02 9.773918039655116186e-01 5.180705500000000185e+00 -1.117662696895934532e-02 9.966186123547440268e-01 -8.140285325282714535e-02 -3.349861000000000089e-01 -9.807633561113617837e-01 4.939866985699307989e-03 1.951379948224886141e-01 4.002263100000000406e+00
1.922920897804237528e-01 8.427234090083246532e-02 9.777125982449912378e-01 5.220139999999999780e+00 -7.511464752780021292e-03 9.964031321091082471e-01 -8.440602004849404039e-02 -3.378040999999999960e-01 -9.813089880894525496e-01 8.886556265107044272e-03 1.922334492553309238e-01 4.010047400000000373e+00
1.883498960698000158e-01 8.593839838545086485e-02 9.783347629178057447e-01 5.378969200000000228e+00 -1.594730458659363026e-03 9.961895685668945566e-01 -8.719977243817073065e-02 -3.501367000000000229e-01 -9.821006941679960578e-01 1.486388783084934689e-02 1.877692502868671953e-01 4.041227300000000078e+00
1.927708696686613044e-01 8.313297269861982808e-02 9.777158588554644147e-01 5.458840399999999704e+00 6.245828651308897583e-03 9.962804832372376129e-01 -8.594293656278426119e-02 -3.567794000000000243e-01 -9.812239201281460765e-01 2.267394034716504331e-02 1.915346208848068832e-01 4.055977799999999966e+00
2.010871231253703040e-01 8.389835333390283090e-02 9.759738906451451701e-01 5.539547899999999636e+00 1.688789067315295267e-03 9.962942991045330432e-01 -8.599312509319192999e-02 -3.631291999999999853e-01 -9.795719049179842930e-01 1.894032417005676872e-02 2.002002677712616530e-01 4.073846299999999587e+00
2.152152468071544256e-01 8.313985820533559279e-02 9.730211516299800412e-01 5.622447000000000195e+00 1.579710459797559197e-03 9.963384957373121464e-01 -8.548161455408585796e-02 -3.692937000000000025e-01 -9.765653598487913367e-01 1.993403846456580364e-02 2.142958983599415612e-01 4.093131099999999911e+00
2.323306500222484250e-01 8.062234482586810858e-02 9.692896917717728211e-01 5.706686000000000369e+00 -1.765616711486596435e-03 9.965919789150742281e-01 -8.247005614017968722e-02 -3.761667000000000205e-01 -9.726352613687556659e-01 1.744892767235534797e-02 2.316812104276418927e-01 4.114427599999999963e+00
2.516217133113640703e-01 8.427188330572234209e-02 9.641497617457364111e-01 5.792636899999999756e+00 -8.218462663064307616e-03 9.963520285287648104e-01 -8.494169834699150101e-02 -3.827022999999999953e-01 -9.677907678117771972e-01 1.344934685113736289e-02 2.513963898061550850e-01 4.138124499999999983e+00
2.607156402259067085e-01 8.648917702312751421e-02 9.615336589009551016e-01 5.835990400000000022e+00 -1.145965855728513227e-02 9.961860356077891776e-01 -8.649889413042805009e-02 -3.857897000000000132e-01 -9.653476219307459694e-01 1.153276713970548262e-02 2.607124164951782896e-01 4.151236100000000206e+00
2.714911566482025584e-01 8.931159725725386356e-02 9.582880519223744287e-01 5.880196999999999896e+00 -1.581714967627871615e-02 9.959646222364756385e-01 -8.834188717404987956e-02 -3.893806000000000211e-01 -9.623109526748303555e-01 8.826655579122072437e-03 2.718082421733164500e-01 4.164693399999999990e+00
3.016935502908748568e-01 9.246478260277088412e-02 9.489105678045268721e-01 6.016231999999999580e+00 -2.159193729993794109e-02 9.956933365905015210e-01 -9.015856982511299966e-02 -4.004102999999999968e-01 -9.531604219419325119e-01 6.711441536402226737e-03 3.023907515053668726e-01 4.209101699999999724e+00
3.120664049683295471e-01 9.331341441559695693e-02 9.454666390625559025e-01 6.063433599999999757e+00 -2.532722614610032758e-02 9.956283009053387145e-01 -8.990449405948747197e-02 -4.038752999999999926e-01 -9.497226387245312207e-01 4.110124870510011019e-03 3.130655144976238757e-01 4.225257400000000274e+00
3.333943129339952960e-01 8.146547816713053947e-02 9.392612032710975223e-01 6.159648899999999649e+00 -2.133194241942405062e-02 9.966565101892191914e-01 -7.887172452825669255e-02 -4.114712999999999843e-01 -9.425461157608595597e-01 6.259118504039477837e-03 3.340174293351603207e-01 4.259900599999999926e+00
3.545819602250069869e-01 7.379509840553596933e-02 9.321083182411304957e-01 6.258168699999999696e+00 -2.041536019568656463e-02 9.972540764132089564e-01 -7.118651659772363971e-02 -4.186016000000000181e-01 -9.348020360221043212e-01 6.212127538522516090e-03 3.551148587715996507e-01 4.297608399999999662e+00
3.730294682910831328e-01 6.581511716995251671e-02 9.254822451772790615e-01 6.360581400000000052e+00 -7.780446815736672544e-03 9.976677436614378447e-01 -6.781252026611990502e-02 -4.250295000000000045e-01 -9.277868723116420302e-01 1.809540299083861950e-02 3.726715389680030910e-01 4.337321799999999783e+00
3.869924367384068864e-01 5.179050210386555719e-02 9.206272849525479751e-01 6.464897599999999578e+00 7.430073068821374527e-03 9.982138332556336202e-01 -5.927847089193548358e-02 -4.312832999999999806e-01 -9.220529528836521882e-01 2.978064789294490936e-02 3.859163965026807253e-01 4.379739299999999780e+00
4.018476761974474898e-01 5.803046256898586330e-02 9.138659149726182651e-01 6.568414699999999939e+00 1.151942716861872884e-02 9.975906251138787484e-01 -6.841233428708254349e-02 -4.378203999999999985e-01 -9.156340687919044541e-01 3.801854940591726378e-02 4.002109968112464999e-01 4.424531899999999851e+00
4.145298214810300141e-01 6.421612452538200122e-02 9.077672149036040139e-01 6.671397699999999986e+00 1.372538852406453985e-02 9.969525940281771526e-01 -7.679283150367663402e-02 -4.449609999999999954e-01 -9.099322177023785319e-01 4.429237644820183811e-02 4.123851895689294444e-01 4.471089400000000325e+00
4.227334850665319110e-01 6.940136668767257766e-02 9.035927461558042051e-01 6.772350300000000267e+00 3.406436167274831672e-04 9.970511646469606415e-01 -7.673890172569330925e-02 -4.531757000000000146e-01 -9.062539845790642534e-01 3.274790646777966940e-02 4.214632724882998449e-01 4.520363800000000154e+00
4.307110502185854672e-01 7.658421369261345091e-02 8.992345908786469888e-01 6.870829600000000426e+00 -3.734084358370144685e-03 9.965356829031778441e-01 -8.308242482439755217e-02 -4.615969999999999795e-01 -9.024821592882643628e-01 3.242670063051762697e-02 4.295049024779706848e-01 4.568152000000000434e+00
4.378915952709385162e-01 7.777955423707196003e-02 8.956569051449079222e-01 6.967553099999999944e+00 -7.892449384565264348e-03 9.965447227886600201e-01 -8.268207015299534890e-02 -4.706178999999999779e-01 -8.989931368112797916e-01 2.913685680980620737e-02 4.369924296157317034e-01 4.617094999999999949e+00
4.454856678063728315e-01 7.213017144395859892e-02 8.923787078065990030e-01 7.061824299999999610e+00 -7.446213235362944549e-03 9.970132832488414198e-01 -7.687045553279327204e-02 -4.789280000000000204e-01 -8.952581045081713373e-01 2.759984407258092576e-02 4.446922249372095015e-01 4.664028199999999735e+00
4.525681022958569777e-01 7.283314739569689278e-02 8.887504967226536046e-01 7.152439600000000119e+00 -1.039424027981428536e-02 9.970220672382911209e-01 -7.641306962090965715e-02 -4.868308000000000080e-01 -8.916692618641355317e-01 2.534423169719672575e-02 4.519774301514917214e-01 4.711039999999999672e+00
