9.999968e-01 -1.383964e-03 2.129266e-03 -1.699529e-02 1.395070e-03 9.999853e-01 -5.223267e-03 -3.304158e-02 -2.122006e-03 5.226219e-03 9.999840e-01 1.924885e+00
9.999935e-01 -2.875213e-03 2.196984e-03 -3.106702e-02 2.877221e-03 9.999954e-01 -9.111935e-04 -6.341853e-02 -2.194353e-03 9.175076e-04 9.999971e-01 2.888054e+00
9.999894e-01 -4.378258e-03 1.426928e-03 -4.462738e-02 4.370282e-03 9.999750e-01 5.546374e-03 -9.503621e-02 -1.451175e-03 -5.540079e-03 9.999835e-01 3.848312e+00
9.999613e-01 -8.800744e-03 4.930361e-05 -5.337242e-02 8.800421e-03 9.999503e-01 4.659577e-03 -1.222173e-01 -9.030788e-05 -4.658963e-03 9.999891e-01 4.806551e+00
9.999329e-01 -1.154122e-02 -9.928825e-04 -6.458549e-02 1.154281e-02 9.999320e-01 1.608232e-03 -1.448705e-01 9.742552e-04 -1.619585e-03 9.999981e-01 5.738958e+00
9.999251e-01 -1.210851e-02 -1.791951e-03 -7.542792e-02 1.210590e-02 9.999256e-01 -1.463266e-03 -1.535673e-01 1.809537e-03 1.441462e-03 9.999973e-01 6.676395e+00
9.999307e-01 -1.148261e-02 -2.596193e-03 -8.936429e-02 1.147713e-02 9.999318e-01 -2.115606e-03 -1.678814e-01 2.620310e-03 2.085662e-03 9.999943e-01 7.606157e+00
9.999351e-01 -1.082459e-02 -3.547008e-03 -1.013034e-01 1.082533e-02 9.999413e-01 1.915052e-04 -1.791661e-01 3.544728e-03 -2.298913e-04 9.999936e-01 8.535486e+00
9.999332e-01 -1.074628e-02 -4.252912e-03 -1.141317e-01 1.075959e-02 9.999372e-01 3.119014e-03 -1.865848e-01 4.219129e-03 -3.164566e-03 9.999860e-01 9.465868e+00
9.999267e-01 -1.090491e-02 -5.254531e-03 -1.275574e-01 1.092822e-02 9.999304e-01 4.428359e-03 -1.916301e-01 5.205877e-03 -4.485457e-03 9.999763e-01 1.038892e+01
9.999051e-01 -1.246298e-02 -5.868031e-03 -1.421945e-01 1.249287e-02 9.999090e-01 5.084305e-03 -1.997185e-01 5.804133e-03 -5.157132e-03 9.999698e-01 1.133952e+01
9.998699e-01 -1.336574e-02 -9.034486e-03 -1.849063e-01 1.337692e-02 9.999098e-01 1.177817e-03 -2.602522e-01 9.017931e-03 -1.298518e-03 9.999584e-01 1.404136e+01
9.998368e-01 -1.468699e-02 -1.051998e-02 -1.992846e-01 1.468671e-02 9.998921e-01 -1.034110e-04 -2.760574e-01 1.052037e-02 -5.111081e-05 9.999446e-01 1.494552e+01
9.998231e-01 -1.432671e-02 -1.218625e-02 -2.169483e-01 1.431971e-02 9.998972e-01 -6.616172e-04 -2.851106e-01 1.219448e-02 4.869955e-04 9.999255e-01 1.584627e+01
9.998148e-01 -1.159649e-02 -1.536125e-02 -2.548521e-01 1.157275e-02 9.999316e-01 -1.633665e-03 -2.982439e-01 1.537915e-02 1.455589e-03 9.998806e-01 1.763484e+01
9.997832e-01 -1.213664e-02 -1.691845e-02 -2.730779e-01 1.212689e-02 9.999262e-01 -6.787551e-04 -3.044055e-01 1.692545e-02 4.734386e-04 9.998566e-01 1.852684e+01
9.997674e-01 -1.148423e-02 -1.825599e-02 -2.937433e-01 1.149904e-02 9.999336e-01 7.061475e-04 -3.138402e-01 1.824668e-02 -9.159104e-04 9.998330e-01 1.941419e+01
9.997407e-01 -1.132286e-02 -1.975877e-02 -3.146034e-01 1.134559e-02 9.999350e-01 1.038627e-03 -3.236882e-01 1.974573e-02 -1.262534e-03 9.998042e-01 2.029478e+01
9.996913e-01 -1.246784e-02 -2.149326e-02 -3.335669e-01 1.249154e-02 9.999214e-01 9.685078e-04 -3.220398e-01 2.147950e-02 -1.236693e-03 9.997685e-01 2.116890e+01
9.996529e-01 -1.268780e-02 -2.308809e-02 -3.517749e-01 1.269885e-02 9.999192e-01 3.318073e-04 -3.205089e-01 2.308202e-02 -6.248852e-04 9.997333e-01 2.203793e+01
9.996297e-01 -1.261378e-02 -2.411198e-02 -3.725490e-01 1.263650e-02 9.999198e-01 7.899130e-04 -3.172185e-01 2.410009e-02 -1.094312e-03 9.997089e-01 2.290089e+01
9.996068e-01 -1.236724e-02 -2.516463e-02 -3.933684e-01 1.244026e-02 9.999188e-01 2.747129e-03 -3.159266e-01 2.512862e-02 -3.059103e-03 9.996795e-01 2.375773e+01
9.995692e-01 -1.363816e-02 -2.598840e-02 -4.121035e-01 1.378817e-02 9.998892e-01 5.601313e-03 -3.140241e-01 2.590913e-02 -5.957232e-03 9.996465e-01 2.461543e+01
9.995560e-01 -1.327670e-02 -2.667519e-02 -4.280328e-01 1.346665e-02 9.998851e-01 6.953738e-03 -3.057383e-01 2.657980e-02 -7.309876e-03 9.996199e-01 2.544218e+01
9.995413e-01 -1.282492e-02 -2.743674e-02 -4.474023e-01 1.298763e-02 9.998990e-01 5.760451e-03 -2.988492e-01 2.736009e-02 -6.114147e-03 9.996069e-01 2.626621e+01
9.995372e-01 -1.142993e-02 -2.819322e-02 -4.690774e-01 1.151922e-02 9.999291e-01 3.006464e-03 -2.930490e-01 2.815686e-02 -3.329837e-03 9.995979e-01 2.708037e+01
9.995005e-01 -1.020425e-02 -2.990979e-02 -5.147234e-01 1.023690e-02 9.999471e-01 9.386493e-04 -2.982767e-01 2.989864e-02 -1.244365e-03 9.995521e-01 2.866957e+01
9.994551e-01 -1.042435e-02 -3.131936e-02 -5.377287e-01 1.044602e-02 9.999452e-01 5.283531e-04 -3.030386e-01 3.131214e-02 -8.552288e-04 9.995092e-01 2.945471e+01
9.993348e-01 -1.013992e-02 -3.503166e-02 -5.837097e-01 1.012933e-02 9.999485e-01 -4.799930e-04 -2.893166e-01 3.503473e-02 1.248256e-04 9.993860e-01 3.099325e+01
9.992572e-01 -1.045439e-02 -3.709050e-02 -6.098827e-01 1.048559e-02 9.999447e-01 6.466132e-04 -2.849460e-01 3.708169e-02 -1.035049e-03 9.993116e-01 3.175331e+01
9.991826e-01 -1.044167e-02 -3.905299e-02 -6.373473e-01 1.057814e-02 9.999386e-01 3.289435e-03 -2.859582e-01 3.901625e-02 -3.699855e-03 9.992317e-01 3.249745e+01
9.991166e-01 -9.676451e-03 -4.089457e-02 -6.694970e-01 9.870613e-03 9.999409e-01 4.548579e-03 -2.913155e-01 4.084814e-02 -4.948216e-03 9.991530e-01 3.323490e+01
9.989871e-01 -5.570437e-03 -4.465125e-02 -7.475972e-01 5.752148e-03 9.999756e-01 3.942093e-03 -3.011809e-01 4.462821e-02 -4.194941e-03 9.989948e-01 3.470353e+01
9.989142e-01 -4.076822e-03 -4.640854e-02 -7.861231e-01 4.225973e-03 9.999861e-01 3.116198e-03 -3.012987e-01 4.639521e-02 -3.308936e-03 9.989176e-01 3.539317e+01
9.987977e-01 -2.421920e-03 -4.896157e-02 -8.579745e-01 2.724895e-03 9.999775e-01 6.122217e-03 -2.845601e-01 4.894565e-02 -6.248272e-03 9.987818e-01 3.677338e+01
9.988038e-01 6.059604e-04 -4.889413e-02 -8.979841e-01 -2.707568e-04 9.999763e-01 6.862041e-03 -2.829222e-01 4.889714e-02 -6.840594e-03 9.987803e-01 3.744921e+01
9.988488e-01 3.748494e-03 -4.782370e-02 -9.356939e-01 -3.523552e-03 9.999823e-01 4.787030e-03 -2.753503e-01 4.784081e-02 -4.613010e-03 9.988443e-01 3.811124e+01
9.990194e-01 5.712810e-03 -4.390410e-02 -9.940685e-01 -5.743068e-03 9.999833e-01 -5.630376e-04 -2.590333e-01 4.390016e-02 8.146287e-04 9.990355e-01 3.940063e+01
9.991414e-01 6.928143e-03 -4.084787e-02 -1.022967e+00 -6.919997e-03 9.999759e-01 3.408663e-04 -2.546909e-01 4.084925e-02 -5.790746e-05 9.991653e-01 4.003748e+01
9.992324e-01 1.197639e-02 -3.729938e-02 -1.054571e+00 -1.185276e-02 9.999234e-01 3.533972e-03 -2.561416e-01 3.733886e-02 -3.089159e-03 9.992978e-01 4.068683e+01
9.994265e-01 2.870924e-02 -1.795791e-02 -1.143225e+00 -2.852866e-02 9.995405e-01 1.023293e-02 -2.472759e-01 1.824345e-02 -9.714743e-03 9.997863e-01 4.304425e+01
9.993683e-01 3.372431e-02 -1.120755e-02 -1.156523e+00 -3.359318e-02 9.993671e-01 1.169024e-02 -2.461265e-01 1.159470e-02 -1.130636e-02 9.998688e-01 4.359239e+01
9.993066e-01 3.700958e-02 -4.072654e-03 -1.163695e+00 -3.696271e-02 9.992556e-01 1.103952e-02 -2.463307e-01 4.478192e-03 -1.088133e-02 9.999307e-01 4.411947e+01
9.986110e-01 4.932216e-02 1.853237e-02 -1.162119e+00 -4.947620e-02 9.987436e-01 7.946644e-03 -2.348502e-01 -1.811714e-02 -8.852517e-03 9.997966e-01 4.557447e+01
9.973383e-01 5.274012e-02 5.034723e-02 -1.098158e+00 -5.316651e-02 9.985599e-01 7.166379e-03 -2.391747e-01 -4.989678e-02 -9.824091e-03 9.987060e-01 4.720456e+01
9.958318e-01 6.082299e-02 6.796721e-02 -1.059487e+00 -6.141123e-02 9.980907e-01 6.596949e-03 -2.404154e-01 -6.743621e-02 -1.074340e-02 9.976657e-01 4.787840e+01
9.932966e-01 6.279192e-02 9.705214e-02 -9.730963e-01 -6.358338e-02 9.979635e-01 5.080641e-03 -2.607772e-01 -9.653549e-02 -1.121749e-02 9.952663e-01 4.871656e+01
9.905372e-01 6.248717e-02 1.221940e-01 -8.977462e-01 -6.247046e-02 9.980388e-01 -3.971708e-03 -2.734425e-01 -1.222026e-01 -3.699392e-03 9.924982e-01 4.923239e+01
9.596674e-01 6.892286e-02 2.725584e-01 -4.074937e-01 -6.707060e-02 9.976179e-01 -1.611853e-02 -3.179085e-01 -2.730201e-01 -2.812227e-03 9.620042e-01 5.118149e+01
9.222742e-01 7.613570e-02 3.789639e-01 2.735872e-04 -7.373827e-02 9.970594e-01 -2.085934e-02 -3.544958e-01 -3.794378e-01 -8.706115e-03 9.251762e-01 5.212982e+01
8.944222e-01 7.169632e-02 4.414392e-01 2.760316e-01 -6.712497e-02 9.974060e-01 -2.598839e-02 -3.733939e-01 -4.421575e-01 -6.387003e-03 8.969146e-01 5.258045e+01
8.104782e-01 7.887974e-02 5.804335e-01 9.652370e-01 -6.518263e-02 9.968824e-01 -4.445771e-02 -4.147601e-01 -5.821309e-01 -1.802183e-03 8.130930e-01 5.347280e+01
7.530585e-01 8.748648e-02 6.521111e-01 1.401712e+00 -7.188324e-02 9.961272e-01 -5.062849e-02 -4.467404e-01 -6.540151e-01 -8.749646e-03 7.564309e-01 5.392680e+01
6.444403e-01 8.503336e-02 7.599118e-01 2.269729e+00 -6.511601e-02 9.962903e-01 -5.626252e-02 -4.777691e-01 -7.618770e-01 -1.322459e-02 6.475867e-01 5.458519e+01
4.095444e-01 7.979453e-02 9.087938e-01 4.198361e+00 -5.480553e-02 9.965202e-01 -6.279926e-02 -5.166196e-01 -9.106425e-01 -2.408784e-02 4.124924e-01 5.548396e+01
3.597340e-01 7.961125e-02 9.296523e-01 4.641416e+00 -5.780824e-02 9.963408e-01 -6.295296e-02 -5.396177e-01 -9.312624e-01 -3.109524e-02 3.630199e-01 5.561845e+01
1.770423e-01 6.939967e-02 9.817533e-01 6.612372e+00 -2.180620e-02 9.975425e-01 -6.658344e-02 -6.532414e-01 -9.839617e-01 -9.620226e-03 1.781206e-01 5.590280e+01
1.394343e-01 7.225282e-02 9.875917e-01 7.126377e+00 -1.775361e-02 9.973565e-01 -7.046066e-02 -6.821309e-01 -9.900722e-01 -7.708693e-03 1.403484e-01 5.593790e+01
1.074817e-01 7.204208e-02 9.915934e-01 7.658631e+00 -8.852841e-03 9.974009e-01 -7.150444e-02 -7.242890e-01 -9.941677e-01 -1.093003e-03 1.078401e-01 5.595413e+01
5.379933e-02 6.807411e-02 9.962286e-01 8.774944e+00 4.677949e-03 9.976453e-01 -6.842356e-02 -8.137508e-01 -9.985408e-01 8.341445e-03 5.335421e-02 5.597751e+01
1.874635e-02 7.007914e-02 9.973652e-01 9.933246e+00 1.331628e-02 9.974345e-01 -7.033431e-02 -9.020616e-01 -9.997356e-01 1.459970e-02 1.776507e-02 5.598182e+01
5.284248e-03 6.962217e-02 9.975594e-01 1.053767e+01 1.391943e-02 9.974715e-01 -6.968979e-02 -9.473740e-01 -9.998892e-01 1.425371e-02 4.301785e-03 5.597984e+01
-2.969905e-02 7.235375e-02 9.969367e-01 1.367308e+01 2.153551e-02 9.971914e-01 -7.173070e-02 -1.217524e+00 -9.993269e-01 1.933920e-02 -3.117381e-02 5.588330e+01
-3.224636e-02 6.482052e-02 9.973757e-01 1.433357e+01 1.930001e-02 9.977490e-01 -6.422080e-02 -1.269538e+00 -9.992936e-01 1.717847e-02 -3.342481e-02 5.585852e+01
-3.357981e-02 5.896572e-02 9.976950e-01 1.501321e+01 2.069200e-02 9.980850e-01 -5.829234e-02 -1.317429e+00 -9.992219e-01 1.868685e-02 -3.473562e-02 5.582149e+01
-3.087265e-02 7.512682e-02 9.966959e-01 1.778472e+01 2.832330e-02 9.968365e-01 -7.426013e-02 -1.502437e+00 -9.991220e-01 2.593711e-02 -3.290283e-02 5.567210e+01
-2.869260e-02 7.658907e-02 9.966497e-01 1.850468e+01 2.970433e-02 9.966852e-01 -7.573665e-02 -1.545746e+00 -9.991469e-01 2.743173e-02 -3.087252e-02 5.564300e+01
-2.666061e-02 7.158414e-02 9.970781e-01 1.924155e+01 2.859289e-02 9.970792e-01 -7.081969e-02 -1.593908e+00 -9.992356e-01 2.662124e-02 -2.862953e-02 5.561503e+01
-2.419601e-02 6.403547e-02 9.976542e-01 1.997824e+01 2.815724e-02 9.975941e-01 -6.334873e-02 -1.647724e+00 -9.993107e-01 2.655840e-02 -2.594085e-02 5.559027e+01
-4.586658e-03 6.657880e-02 9.977705e-01 2.437331e+01 2.924907e-02 9.973631e-01 -6.641717e-02 -1.955801e+00 -9.995617e-01 2.887922e-02 -6.521932e-03 5.548454e+01
1.859530e-03 7.309744e-02 9.973230e-01 2.583505e+01 3.365647e-02 9.967551e-01 -7.311859e-02 -2.059391e+00 -9.994318e-01 3.370233e-02 -6.067061e-04 5.546181e+01
9.153452e-03 7.318056e-02 9.972766e-01 2.730492e+01 2.911682e-02 9.968760e-01 -7.341842e-02 -2.167614e+00 -9.995341e-01 2.970955e-02 6.994071e-03 5.548963e+01
1.709323e-02 7.022556e-02 9.973846e-01 2.877765e+01 3.809348e-02 9.967604e-01 -7.083447e-02 -2.288673e+00 -9.991280e-01 3.920463e-02 1.436272e-02 5.551027e+01
2.346026e-02 7.155827e-02 9.971604e-01 3.024630e+01 4.104867e-02 9.965248e-01 -7.247843e-02 -2.395401e+00 -9.988817e-01 4.263246e-02 2.044136e-02 5.553620e+01
3.070906e-02 6.867484e-02 9.971663e-01 3.172630e+01 4.416618e-02 9.965691e-01 -6.999389e-02 -2.496112e+00 -9.985521e-01 4.619046e-02 2.757060e-02 5.556188e+01
3.662308e-02 7.125285e-02 9.967856e-01 3.320740e+01 4.027483e-02 9.965392e-01 -7.271499e-02 -2.578228e+00 -9.985173e-01 4.280842e-02 3.362664e-02 5.561348e+01
4.226827e-02 7.092015e-02 9.965860e-01 3.469841e+01 3.944885e-02 9.965811e-01 -7.259297e-02 -2.667716e+00 -9.983272e-01 4.238254e-02 3.932604e-02 5.567316e+01
4.741274e-02 7.133303e-02 9.963250e-01 3.619785e+01 3.453945e-02 9.967332e-01 -7.300592e-02 -2.761384e+00 -9.982781e-01 3.787392e-02 4.479405e-02 5.574855e+01
5.397584e-02 7.769258e-02 9.955151e-01 3.770474e+01 3.235073e-02 9.963090e-01 -7.950858e-02 -2.867554e+00 -9.980181e-01 3.649717e-02 5.126320e-02 5.582660e+01
6.039293e-02 8.181733e-02 9.948158e-01 3.923007e+01 2.627180e-02 9.961594e-01 -8.352275e-02 -2.973413e+00 -9.978289e-01 3.117978e-02 5.801150e-02 5.592107e+01
6.664603e-02 8.105877e-02 9.944786e-01 4.077830e+01 2.445742e-02 9.962624e-01 -8.284322e-02 -3.080932e+00 -9.974769e-01 2.984355e-02 6.441445e-02 5.602494e+01
7.416550e-02 8.302010e-02 9.937842e-01 4.233951e+01 1.936530e-02 9.962209e-01 -8.466889e-02 -3.188774e+00 -9.970579e-01 2.552443e-02 7.227750e-02 5.614130e+01
8.332298e-02 8.026167e-02 9.932850e-01 4.393795e+01 1.886995e-02 9.964454e-01 -8.209998e-02 -3.297181e+00 -9.963440e-01 2.558405e-02 8.151226e-02 5.626972e+01
9.421985e-02 9.422725e-02 9.910821e-01 4.550440e+01 1.386091e-02 9.952900e-01 -9.594507e-02 -3.402580e+00 -9.954550e-01 2.277722e-02 9.247000e-02 5.642297e+01
1.088845e-01 1.009468e-01 9.889154e-01 4.712224e+01 8.008224e-03 9.947089e-01 -1.024200e-01 -3.525277e+00 -9.940222e-01 1.907140e-02 1.075000e-01 5.660533e+01
1.234522e-01 9.684397e-02 9.876136e-01 4.872687e+01 3.804221e-03 9.951731e-01 -9.806079e-02 -3.662244e+00 -9.923433e-01 1.586291e-02 1.224879e-01 5.681192e+01
1.306562e-01 9.388208e-02 9.869726e-01 4.954068e+01 3.680756e-03 9.954536e-01 -9.517607e-02 -3.727642e+00 -9.914209e-01 1.606814e-02 1.297166e-01 5.692162e+01
1.452465e-01 8.101518e-02 9.860729e-01 5.116788e+01 -7.262737e-04 9.966503e-01 -8.177725e-02 -3.850124e+00 -9.893953e-01 1.116169e-02 1.448188e-01 5.716787e+01
1.599738e-01 8.035847e-02 9.838449e-01 5.277379e+01 -1.057041e-03 9.966942e-01 -8.123612e-02 -3.968025e+00 -9.871207e-01 1.195568e-02 1.595299e-01 5.742490e+01
1.656985e-01 8.616732e-02 9.824047e-01 5.356153e+01 -9.232977e-04 9.961885e-01 -8.722059e-02 -4.023164e+00 -9.861761e-01 1.354526e-02 1.651465e-01 5.756033e+01
1.708588e-01 9.069896e-02 9.811120e-01 5.434318e+01 -1.860034e-03 9.957820e-01 -9.173122e-02 -4.082523e+00 -9.852938e-01 1.384818e-02 1.703068e-01 5.769851e+01
1.809517e-01 9.250328e-02 9.791320e-01 5.587053e+01 -5.855985e-03 9.956505e-01 -9.298165e-02 -4.204409e+00 -9.834746e-01 1.109141e-02 1.807064e-01 5.797950e+01
1.908189e-01 8.315480e-02 9.780968e-01 5.738911e+01 -1.183557e-03 9.964242e-01 -8.448206e-02 -4.318314e+00 -9.816246e-01 1.496313e-02 1.902350e-01 5.826251e+01
1.969010e-01 7.301812e-02 9.777005e-01 5.887601e+01 -6.793476e-03 9.973004e-01 -7.311378e-02 -4.420802e+00 -9.803999e-01 7.754189e-03 1.968655e-01 5.856727e+01
2.000843e-01 7.342233e-02 9.770237e-01 5.959961e+01 -8.462431e-03 9.972804e-01 -7.321160e-02 -4.467621e+00 -9.797422e-01 6.380489e-03 2.001614e-01 5.871611e+01
2.034632e-01 7.984969e-02 9.758210e-01 6.101319e+01 -1.476313e-02 9.968056e-01 -7.848865e-02 -4.564529e+00 -9.789713e-01 1.563375e-03 2.039921e-01 5.902108e+01
2.074464e-01 8.946661e-02 9.741466e-01 6.238199e+01 -1.684370e-02 9.959881e-01 -8.788567e-02 -4.657586e+00 -9.781014e-01 1.823331e-03 2.081211e-01 5.932091e+01
2.090407e-01 9.129393e-02 9.736361e-01 6.305593e+01 -1.639693e-02 9.958199e-01 -8.985360e-02 -4.706379e+00 -9.777695e-01 2.818410e-03 2.096638e-01 5.946843e+01
2.101708e-01 9.099554e-02 9.734207e-01 6.372231e+01 -1.864042e-02 9.958511e-01 -8.906770e-02 -4.758759e+00 -9.774870e-01 5.744598e-04 2.109950e-01 5.961689e+01
2.112869e-01 8.541374e-02 9.736849e-01 6.503281e+01 -1.865394e-02 9.963453e-01 -8.335373e-02 -4.867829e+00 -9.772461e-01 -5.515137e-04 2.121080e-01 5.990218e+01
2.110651e-01 8.443186e-02 9.738186e-01 6.567175e+01 -1.792305e-02 9.964292e-01 -8.250762e-02 -4.913385e+00 -9.773077e-01 -3.931829e-05 2.118247e-01 6.003522e+01
2.095206e-01 8.372355e-02 9.742132e-01 6.630099e+01 -1.785350e-02 9.964889e-01 -8.179825e-02 -4.965400e+00 -9.776413e-01 -2.547066e-04 2.102797e-01 6.016765e+01
2.053680e-01 8.784886e-02 9.747340e-01 6.754573e+01 -2.015721e-02 9.961316e-01 -8.553041e-02 -5.076711e+00 -9.784773e-01 -2.082714e-03 2.063443e-01 6.043224e+01
2.031289e-01 9.132170e-02 9.748840e-01 6.812018e+01 -1.842777e-02 9.958213e-01 -8.944337e-02 -5.130339e+00 -9.789786e-01 2.035992e-04 2.039630e-01 6.055436e+01
1.991932e-01 9.078018e-02 9.757463e-01 6.930307e+01 -1.683966e-02 9.958700e-01 -8.921471e-02 -5.231855e+00 -9.798156e-01 1.339723e-03 1.998992e-01 6.080309e+01
1.965663e-01 8.799307e-02 9.765341e-01 6.988288e+01 -1.711964e-02 9.961210e-01 -8.631201e-02 -5.285896e+00 -9.803411e-01 2.481145e-04 1.973102e-01 6.091928e+01
1.945332e-01 8.356130e-02 9.773301e-01 7.044995e+01 -1.685792e-02 9.965024e-01 -8.184504e-02 -5.342758e+00 -9.807511e-01 -5.541834e-04 1.952615e-01 6.103300e+01
1.869668e-01 8.883578e-02 9.783412e-01 7.262287e+01 -6.447483e-03 9.959922e-01 -8.920640e-02 -5.532216e+00 -9.823451e-01 1.037080e-02 1.867903e-01 6.145078e+01
1.845375e-01 8.926813e-02 9.787630e-01 7.370114e+01 -4.887309e-03 9.959375e-01 -8.991310e-02 -5.630170e+00 -9.828134e-01 1.180882e-02 1.842241e-01 6.165701e+01
1.879927e-01 8.647239e-02 9.783563e-01 7.478759e+01 6.455634e-03 9.959864e-01 -8.927110e-02 -5.720800e+00 -9.821493e-01 2.309822e-02 1.866799e-01 6.184178e+01
1.934204e-01 8.506894e-02 9.774209e-01 7.588674e+01 5.714224e-03 9.961193e-01 -8.782713e-02 -5.817062e+00 -9.810994e-01 2.257276e-02 1.921837e-01 6.205821e+01
2.058044e-01 8.467054e-02 9.749232e-01 7.699260e+01 6.227646e-03 9.961163e-01 -8.782578e-02 -5.912287e+00 -9.785734e-01 2.414640e-02 2.044778e-01 6.229135e+01
2.221289e-01 8.323105e-02 9.714583e-01 7.812868e+01 5.261109e-03 9.962330e-01 -8.655665e-02 -6.008758e+00 -9.750032e-01 2.433767e-02 2.208542e-01 6.255305e+01
2.409914e-01 8.249252e-02 9.670150e-01 7.928502e+01 -1.509138e-04 9.963842e-01 -8.496031e-02 -6.107865e+00 -9.705273e-01 2.032877e-02 2.401325e-01 6.284580e+01
2.600305e-01 8.867053e-02 9.615204e-01 8.045340e+01 -8.288988e-03 9.959430e-01 -8.960332e-02 -6.192815e+00 -9.655649e-01 1.532956e-02 2.597105e-01 6.317985e+01
2.810514e-01 9.255691e-02 9.552189e-01 8.165468e+01 -1.440018e-02 9.956330e-01 -9.223596e-02 -6.285674e+00 -9.595847e-01 1.216772e-02 2.811569e-01 6.354111e+01
3.012086e-01 9.423417e-02 9.488905e-01 8.289509e+01 -1.847524e-02 9.954948e-01 -9.299781e-02 -6.371173e+00 -9.533793e-01 1.048075e-02 3.015926e-01 6.394808e+01
3.221019e-01 8.973348e-02 9.424426e-01 8.419403e+01 -2.158695e-02 9.959350e-01 -8.744886e-02 -6.458457e+00 -9.464589e-01 7.822978e-03 3.227297e-01 6.439981e+01
3.440230e-01 7.757898e-02 9.357508e-01 8.553876e+01 -1.656435e-02 9.969272e-01 -7.656109e-02 -6.545009e+00 -9.388151e-01 1.083867e-02 3.442509e-01 6.488814e+01
3.632093e-01 7.047665e-02 9.290382e-01 8.692746e+01 -1.006274e-02 9.973735e-01 -7.172652e-02 -6.605047e+00 -9.316533e-01 1.670306e-02 3.629645e-01 6.542840e+01
3.795424e-01 5.699201e-02 9.234172e-01 8.835787e+01 5.138607e-03 9.979555e-01 -6.370449e-02 -6.646336e+00 -9.251601e-01 2.892363e-02 3.784736e-01 6.599341e+01
3.941549e-01 5.312216e-02 9.175074e-01 8.979244e+01 1.280626e-02 9.979136e-01 -6.327904e-02 -6.725361e+00 -9.189548e-01 3.669158e-02 3.926523e-01 6.659944e+01
4.091353e-01 6.372032e-02 9.102461e-01 9.121810e+01 1.973855e-02 9.967072e-01 -7.864494e-02 -6.813377e+00 -9.122603e-01 5.014335e-02 4.065303e-01 6.722868e+01
4.188452e-01 6.732450e-02 9.055584e-01 9.260904e+01 9.204078e-03 9.968817e-01 -7.837115e-02 -6.914272e+00 -9.080110e-01 4.116020e-02 4.169195e-01 6.790371e+01
4.270382e-01 7.405487e-02 9.011959e-01 9.396130e+01 2.044972e-03 9.965590e-01 -8.286027e-02 -7.034880e+00 -9.042313e-01 3.722741e-02 4.254173e-01 6.858083e+01
4.345564e-01 8.123113e-02 8.969739e-01 9.527546e+01 -4.290526e-03 9.960997e-01 -8.812948e-02 -7.183014e+00 -9.006345e-01 3.444873e-02 4.332100e-01 6.924820e+01
4.428542e-01 7.591396e-02 8.933740e-01 9.658342e+01 -4.416793e-03 9.965817e-01 -8.249455e-02 -7.329268e+00 -8.965828e-01 3.258720e-02 4.416757e-01 6.991299e+01
4.498128e-01 7.264084e-02 8.901638e-01 9.784561e+01 -6.223303e-03 9.969176e-01 -7.820765e-02 -7.469536e+00 -8.931012e-01 2.963904e-02 4.488783e-01 7.056975e+01
4.559167e-01 7.493501e-02 8.868622e-01 9.903309e+01 -6.874789e-03 9.967160e-01 -8.068289e-02 -7.592121e+00 -8.899959e-01 3.068768e-02 4.549346e-01 7.119793e+01
4.597856e-01 7.210194e-02 8.850980e-01 1.002122e+02 -2.867504e-03 9.968137e-01 -7.971295e-02 -7.709739e+00 -8.880254e-01 3.411284e-02 4.585273e-01 7.181621e+01
4.635939e-01 7.154756e-02 8.831543e-01 1.013530e+02 -3.114287e-03 9.968598e-01 -7.912450e-02 -7.823540e+00 -8.860423e-01 3.393123e-02 4.623610e-01 7.243265e+01
4.693305e-01 7.307267e-02 8.799938e-01 1.024447e+02 -1.109730e-03 9.966180e-01 -8.216504e-02 -7.943074e+00 -8.830219e-01 3.758600e-02 4.678244e-01 7.303236e+01
4.756810e-01 7.068726e-02 8.767729e-01 1.035115e+02 4.050499e-03 9.965791e-01 -8.254384e-02 -8.053690e+00 -8.796086e-01 4.281590e-02 4.737675e-01 7.362090e+01
4.823176e-01 6.935246e-02 8.732467e-01 1.045505e+02 6.467138e-03 9.965520e-01 -8.271724e-02 -8.139292e+00 -8.759726e-01 4.554338e-02 4.802060e-01 7.419588e+01
4.891732e-01 6.814586e-02 8.695203e-01 1.055640e+02 8.817026e-03 9.965056e-01 -8.305820e-02 -8.223750e+00 -8.721421e-01 4.829642e-02 4.868630e-01 7.476626e+01
4.974064e-01 6.960041e-02 8.647211e-01 1.065650e+02 1.039377e-02 9.962267e-01 -8.616388e-02 -8.308372e+00 -8.674554e-01 5.184617e-02 4.948061e-01 7.534311e+01
5.075846e-01 7.889659e-02 8.579820e-01 1.075403e+02 4.700685e-03 9.955302e-01 -9.432592e-02 -8.418748e+00 -8.615891e-01 5.191148e-02 5.049449e-01 7.592569e+01
5.311767e-01 9.671565e-02 8.417228e-01 1.094846e+02 -1.339558e-02 9.942978e-01 -1.057934e-01 -8.642339e+00 -8.471552e-01 4.491963e-02 5.294434e-01 7.716092e+01
5.422377e-01 9.312728e-02 8.350482e-01 1.104964e+02 -2.597826e-02 9.952217e-01 -9.412141e-02 -8.763095e+00 -8.398235e-01 2.934307e-02 5.420659e-01 7.782451e+01
5.540927e-01 8.923672e-02 8.276582e-01 1.115367e+02 -3.493499e-02 9.958545e-01 -8.398345e-02 -8.867411e+00 -8.317217e-01 1.762038e-02 5.549131e-01 7.851965e+01
5.664510e-01 9.677166e-02 8.183938e-01 1.125829e+02 -4.325482e-02 9.952038e-01 -8.773993e-02 -8.963221e+00 -8.229595e-01 1.430088e-02 5.679200e-01 7.924678e+01
5.788717e-01 1.020245e-01 8.090108e-01 1.136686e+02 -4.805454e-02 9.946856e-01 -9.105551e-02 -9.057118e+00 -8.140015e-01 1.383281e-02 5.806981e-01 8.001888e+01
5.912435e-01 1.049190e-01 7.996393e-01 1.147933e+02 -5.726240e-02 9.944606e-01 -8.814198e-02 -9.158005e+00 -8.044577e-01 6.324097e-03 5.939762e-01 8.084871e+01
6.134904e-01 1.008717e-01 7.832333e-01 1.165301e+02 -5.858763e-02 9.948889e-01 -8.224017e-02 -9.317811e+00 -7.875259e-01 4.565763e-03 6.162646e-01 8.218891e+01
6.209422e-01 1.032880e-01 7.770214e-01 1.171091e+02 -6.351949e-02 9.946507e-01 -8.145667e-02 -9.366338e+00 -7.812785e-01 1.223868e-03 6.241813e-01 8.266397e+01
6.287839e-01 1.038119e-01 7.706191e-01 1.177001e+02 -6.392980e-02 9.945945e-01 -8.182087e-02 -9.410224e+00 -7.749477e-01 2.182111e-03 6.320216e-01 8.315109e+01
6.444287e-01 1.017978e-01 7.578580e-01 1.195230e+02 -6.480563e-02 9.948039e-01 -7.851900e-02 -9.549903e+00 -7.619133e-01 1.486427e-03 6.476773e-01 8.468521e+01
6.517854e-01 9.553642e-02 7.523619e-01 1.207812e+02 -5.554669e-02 9.953831e-01 -7.827461e-02 -9.635230e+00 -7.563665e-01 9.227034e-03 6.540829e-01 8.574376e+01
6.557828e-01 8.869963e-02 7.497207e-01 1.214334e+02 -4.780545e-02 9.959598e-01 -7.601670e-02 -9.682937e+00 -7.534345e-01 1.400970e-02 6.573737e-01 8.629266e+01
6.594618e-01 8.305565e-02 7.471357e-01 1.220849e+02 -4.218349e-02 9.964003e-01 -7.353186e-02 -9.728697e+00 -7.505536e-01 1.697466e-02 6.605915e-01 8.685165e+01
6.663679e-01 7.623736e-02 7.417153e-01 1.233777e+02 -3.632067e-02 9.968970e-01 -6.983526e-02 -9.820354e+00 -7.447380e-01 1.959638e-02 6.670692e-01 8.797821e+01
6.693976e-01 7.789532e-02 7.388092e-01 1.240203e+02 -3.713224e-02 9.967529e-01 -7.144763e-02 -9.868055e+00 -7.419758e-01 2.039322e-02 6.701164e-01 8.855484e+01
6.726330e-01 8.244028e-02 7.353695e-01 1.246768e+02 -4.296094e-02 9.964489e-01 -7.241340e-02 -9.916275e+00 -7.387281e-01 1.711548e-02 6.737862e-01 8.916047e+01
6.781317e-01 8.261678e-02 7.302820e-01 1.259636e+02 -4.941746e-02 9.965384e-01 -6.684989e-02 -1.001373e+01 -7.332771e-01 9.244349e-03 6.798670e-01 9.035993e+01
6.816128e-01 7.975910e-02 7.273530e-01 1.266190e+02 -5.207611e-02 9.968084e-01 -6.050544e-02 -1.005780e+01 -7.298576e-01 3.363564e-03 6.835909e-01 9.097676e+01
6.851176e-01 7.449807e-02 7.246129e-01 1.272756e+02 -5.171768e-02 9.972208e-01 -5.362636e-02 -1.010087e+01 -7.265943e-01 -7.349427e-04 6.870664e-01 9.159686e+01
6.897845e-01 7.018655e-02 7.206047e-01 1.279271e+02 -4.896896e-02 9.975336e-01 -5.028476e-02 -1.014276e+01 -7.223569e-01 -6.016191e-04 6.915202e-01 9.221818e+01
7.000786e-01 6.446784e-02 7.111496e-01 1.292245e+02 -3.261729e-02 9.977637e-01 -5.834077e-02 -1.023342e+01 -7.133204e-01 1.764735e-02 7.006158e-01 9.346390e+01
7.055871e-01 6.626764e-02 7.055178e-01 1.298788e+02 -2.683090e-02 9.974021e-01 -6.685014e-02 -1.028691e+01 -7.081151e-01 2.823891e-02 7.055321e-01 9.410638e+01
7.112766e-01 6.627078e-02 6.997812e-01 1.305065e+02 -2.419601e-02 9.972640e-01 -6.984958e-02 -1.034070e+01 -7.024957e-01 3.275046e-02 7.109340e-01 9.474426e+01
7.170970e-01 6.227613e-02 6.941855e-01 1.311491e+02 -2.167839e-02 9.975111e-01 -6.709393e-02 -1.039963e+01 -6.966362e-01 3.306402e-02 7.166622e-01 9.540323e+01
7.231076e-01 5.587894e-02 6.884714e-01 1.317916e+02 -1.710974e-02 9.978655e-01 -6.302005e-02 -1.045600e+01 -6.905235e-01 3.379071e-02 7.225202e-01 9.607042e+01
7.284913e-01 5.352637e-02 6.829607e-01 1.324272e+02 -1.289581e-02 9.978376e-01 -6.444902e-02 -1.050523e+01 -6.849337e-01 3.814321e-02 7.276063e-01 9.674200e+01
7.331185e-01 5.473772e-02 6.778946e-01 1.330590e+02 -1.046941e-02 9.975460e-01 -6.922623e-02 -1.055248e+01 -6.800204e-01 4.365387e-02 7.318924e-01 9.741926e+01
7.367498e-01 5.740409e-02 6.737244e-01 1.336847e+02 -1.154373e-02 9.973123e-01 -7.235151e-02 -1.060432e+01 -6.760670e-01 4.552765e-02 7.354323e-01 9.810439e+01
7.399405e-01 5.339135e-02 6.705501e-01 1.343191e+02 -9.169455e-03 9.975529e-01 -6.931005e-02 -1.066004e+01 -6.726099e-01 4.513673e-02 7.386194e-01 9.879631e+01
7.423894e-01 4.822207e-02 6.682309e-01 1.349539e+02 -5.940312e-03 9.978408e-01 -6.540843e-02 -1.071551e+01 -6.699423e-01 4.458902e-02 7.410729e-01 9.948856e+01
7.438086e-01 4.422238e-02 6.669281e-01 1.356011e+02 -2.810458e-03 9.980069e-01 -6.304099e-02 -1.077139e+01 -6.683868e-01 4.501605e-02 7.424504e-01 1.001963e+02
7.446767e-01 3.886854e-02 6.662926e-01 1.368528e+02 5.034860e-04 9.982697e-01 -5.879734e-02 -1.086978e+01 -6.674252e-01 4.412047e-02 7.433687e-01 1.015789e+02
7.439725e-01 4.142014e-02 6.669253e-01 1.381207e+02 -2.359997e-03 9.982335e-01 -5.936379e-02 -1.096869e+01 -6.682062e-01 4.259108e-02 7.427560e-01 1.029852e+02
7.406677e-01 4.907649e-02 6.700767e-01 1.393904e+02 -9.656987e-03 9.980032e-01 -6.241955e-02 -1.106529e+01 -6.718021e-01 3.976121e-02 7.396627e-01 1.043827e+02
7.361989e-01 5.306085e-02 6.746819e-01 1.406686e+02 -1.596371e-02 9.980058e-01 -6.106964e-02 -1.116410e+01 -6.765770e-01 3.418896e-02 7.355777e-01 1.057715e+02
7.338585e-01 5.302817e-02 6.772294e-01 1.413096e+02 -1.676349e-02 9.980585e-01 -5.998439e-02 -1.121534e+01 -6.790956e-01 3.266732e-02 7.333226e-01 1.064570e+02
7.287605e-01 4.794310e-02 6.830882e-01 1.425933e+02 -1.422739e-02 9.983907e-01 -5.489421e-02 -1.130940e+01 -6.846209e-01 3.028616e-02 7.282698e-01 1.078056e+02
7.223039e-01 6.290068e-02 6.887093e-01 1.438589e+02 -2.003347e-02 9.973403e-01 -7.007765e-02 -1.141070e+01 -6.912856e-01 3.682011e-02 7.216429e-01 1.091244e+02
7.151980e-01 6.636784e-02 6.957637e-01 1.451538e+02 -2.496307e-02 9.972717e-01 -6.946792e-02 -1.152141e+01 -6.984760e-01 3.231491e-02 7.149034e-01 1.104492e+02
7.079977e-01 6.419717e-02 7.032908e-01 1.464484e+02 -2.918610e-02 9.976687e-01 -6.168690e-02 -1.163357e+01 -7.056114e-01 2.314786e-02 7.082208e-01 1.117540e+02
7.047570e-01 6.385359e-02 7.065694e-01 1.470826e+02 -2.882029e-02 9.976960e-01 -6.141674e-02 -1.168264e+01 -7.088632e-01 2.292033e-02 7.049734e-01 1.123782e+02
7.017347e-01 6.235181e-02 7.097046e-01 1.477333e+02 -2.673815e-02 9.977659e-01 -6.122186e-02 -1.173221e+01 -7.119365e-01 2.398531e-02 7.018341e-01 1.130076e+02
6.954869e-01 6.096418e-02 7.159478e-01 1.490522e+02 -1.943465e-02 9.976256e-01 -6.607031e-02 -1.183500e+01 -7.182760e-01 3.203684e-02 6.950203e-01 1.142503e+02
6.876071e-01 6.194504e-02 7.234357e-01 1.503763e+02 -1.668900e-02 9.974392e-01 -6.954446e-02 -1.192783e+01 -7.258912e-01 3.574584e-02 6.868801e-01 1.154384e+02
6.834020e-01 6.347575e-02 7.272775e-01 1.510476e+02 -1.859951e-02 9.974033e-01 -6.957454e-02 -1.197578e+01 -7.298054e-01 3.402036e-02 6.828080e-01 1.160372e+02
6.725802e-01 6.631303e-02 7.370471e-01 1.524041e+02 -2.058202e-02 9.972679e-01 -7.094364e-02 -1.207204e+01 -7.397380e-01 3.254536e-02 6.721075e-01 1.172224e+02
6.661776e-01 7.294586e-02 7.422171e-01 1.530860e+02 -2.514374e-02 9.968361e-01 -7.540231e-02 -1.212501e+01 -7.453692e-01 3.156921e-02 6.659040e-01 1.178158e+02
6.599246e-01 7.911778e-02 7.471545e-01 1.537739e+02 -2.713381e-02 9.963010e-01 -8.153451e-02 -1.217933e+01 -7.508417e-01 3.353347e-02 6.596303e-01 1.183992e+02
6.534586e-01 8.079660e-02 7.526378e-01 1.544786e+02 -2.689334e-02 9.961374e-01 -8.358715e-02 -1.223831e+01 -7.564844e-01 3.437979e-02 6.531075e-01 1.189893e+02
6.469446e-01 7.608418e-02 7.587317e-01 1.551890e+02 -2.810513e-02 9.967128e-01 -7.598421e-02 -1.229900e+01 -7.620189e-01 2.783331e-02 6.469563e-01 1.195662e+02
6.397512e-01 7.181624e-02 7.652194e-01 1.559127e+02 -3.418701e-02 9.972984e-01 -6.501541e-02 -1.236503e+01 -7.678214e-01 1.543313e-02 6.404781e-01 1.201520e+02
6.324319e-01 6.652044e-02 7.717544e-01 1.566454e+02 -3.339659e-02 9.977209e-01 -5.862978e-02 -1.242646e+01 -7.738957e-01 1.130537e-02 6.332121e-01 1.207245e+02
6.251650e-01 6.886405e-02 7.774487e-01 1.573838e+02 -3.787701e-02 9.976031e-01 -5.790688e-02 -1.247643e+01 -7.795731e-01 6.753918e-03 6.262749e-01 1.212983e+02
6.172113e-01 6.988319e-02 7.836877e-01 1.581338e+02 -3.599040e-02 9.975127e-01 -6.060540e-02 -1.252578e+01 -7.859739e-01 9.201094e-03 6.181912e-01 1.218681e+02
6.108586e-01 7.059566e-02 7.885860e-01 1.589058e+02 -3.062857e-02 9.973783e-01 -6.556148e-02 -1.258374e+01 -7.911471e-01 1.589552e-02 6.114194e-01 1.224322e+02
6.038259e-01 7.815156e-02 7.932758e-01 1.596460e+02 -2.993338e-02 9.967033e-01 -7.540806e-02 -1.263933e+01 -7.965541e-01 2.178790e-02 6.041746e-01 1.229716e+02
5.963776e-01 7.929639e-02 7.987777e-01 1.604008e+02 -2.527590e-02 9.964702e-01 -8.005047e-02 -1.270216e+01 -8.023060e-01 2.755048e-02 5.962768e-01 1.235094e+02
5.822744e-01 6.889034e-02 8.100682e-01 1.619638e+02 -1.852015e-02 9.972687e-01 -7.149816e-02 -1.285193e+01 -8.127814e-01 2.662895e-02 5.819599e-01 1.245828e+02
5.757273e-01 6.846542e-02 8.147702e-01 1.627291e+02 -1.710626e-02 9.972784e-01 -7.171416e-02 -1.291940e+01 -8.174629e-01 2.735012e-02 5.753316e-01 1.250909e+02
5.691041e-01 6.805338e-02 8.194444e-01 1.634987e+02 -1.568329e-02 9.972862e-01 -7.193080e-02 -1.298726e+01 -8.221159e-01 2.808453e-02 5.686270e-01 1.256019e+02
5.573815e-01 6.199015e-02 8.279390e-01 1.650417e+02 -9.673814e-03 9.976259e-01 -6.818255e-02 -1.312226e+01 -8.302002e-01 2.999436e-02 5.566579e-01 1.266042e+02
5.523929e-01 5.872647e-02 8.315126e-01 1.658008e+02 -9.085324e-03 9.978801e-01 -6.444078e-02 -1.318289e+01 -8.335344e-01 2.804206e-02 5.517555e-01 1.270920e+02
5.479447e-01 5.798755e-02 8.345022e-01 1.665531e+02 -1.051015e-02 9.979929e-01 -6.244704e-02 -1.323954e+01 -8.364486e-01 2.544678e-02 5.474544e-01 1.275770e+02
5.433404e-01 6.094574e-02 8.372973e-01 1.672915e+02 -1.101350e-02 9.977929e-01 -6.548111e-02 -1.329978e+01 -8.394403e-01 2.635695e-02 5.428124e-01 1.280524e+02
5.395125e-01 6.452462e-02 8.395015e-01 1.680469e+02 -1.026839e-02 9.974892e-01 -7.006861e-02 -1.336429e+01 -8.419150e-01 2.918255e-02 5.388205e-01 1.285271e+02
5.330025e-01 7.208680e-02 8.430372e-01 1.694764e+02 -1.306140e-02 9.969463e-01 -7.698940e-02 -1.348459e+01 -8.460129e-01 3.002430e-02 5.323164e-01 1.294289e+02
5.280669e-01 5.862653e-02 8.471766e-01 1.709121e+02 -9.759284e-03 9.979671e-01 -6.297838e-02 -1.361181e+01 -8.491468e-01 2.498895e-02 5.275655e-01 1.303215e+02
5.255471e-01 5.374601e-02 8.490651e-01 1.716213e+02 -5.432773e-03 9.981941e-01 -5.982320e-02 -1.367121e+01 -8.507472e-01 2.682712e-02 5.248900e-01 1.307525e+02
5.230206e-01 5.247386e-02 8.507032e-01 1.723205e+02 4.771035e-04 9.980848e-01 -6.185813e-02 -1.372813e+01 -8.523200e-01 3.275894e-02 5.219938e-01 1.311750e+02
5.207817e-01 5.561492e-02 8.518763e-01 1.730101e+02 1.812765e-03 9.978013e-01 -6.624989e-02 -1.378410e+01 -8.536880e-01 3.604597e-02 5.195358e-01 1.315931e+02
5.163968e-01 7.099758e-02 8.534012e-01 1.743545e+02 -2.460570e-03 9.966761e-01 -8.142826e-02 -1.390627e+01 -8.563459e-01 3.994943e-02 5.148550e-01 1.324182e+02
5.116812e-01 6.617294e-02 8.566232e-01 1.756897e+02 8.975473e-04 9.969878e-01 -7.755205e-02 -1.401825e+01 -8.591749e-01 4.045078e-02 5.100806e-01 1.332184e+02
5.080308e-01 5.800036e-02 8.593838e-01 1.763532e+02 -7.050528e-03 9.979768e-01 -6.318613e-02 -1.407865e+01 -8.613101e-01 2.604138e-02 5.074118e-01 1.336308e+02
5.045411e-01 5.525444e-02 8.616177e-01 1.770072e+02 -1.538348e-02 9.983669e-01 -5.501584e-02 -1.413400e+01 -8.632506e-01 1.450307e-02 5.045671e-01 1.340303e+02
4.949234e-01 6.121024e-02 8.667780e-01 1.795573e+02 -1.208720e-02 9.979042e-01 -6.356844e-02 -1.431261e+01 -8.688526e-01 2.098458e-02 4.946260e-01 1.355048e+02
4.921297e-01 6.017400e-02 8.684396e-01 1.801748e+02 -1.296951e-02 9.980041e-01 -6.180192e-02 -1.436322e+01 -8.704253e-01 1.915132e-02 4.919279e-01 1.358638e+02
4.896008e-01 5.986967e-02 8.698888e-01 1.807795e+02 -1.280694e-02 9.980260e-01 -6.148051e-02 -1.441258e+01 -8.718527e-01 1.896030e-02 4.894011e-01 1.362166e+02
4.736855e-01 6.600436e-02 8.782171e-01 1.831665e+02 -1.039294e-02 9.975370e-01 -6.936647e-02 -1.459096e+01 -8.806328e-01 2.373063e-02 4.732048e-01 1.375326e+02
4.685024e-01 6.864257e-02 8.807914e-01 1.837467e+02 -1.075481e-02 9.973462e-01 -7.200543e-02 -1.463103e+01 -8.833968e-01 2.426197e-02 4.679973e-01 1.378441e+02
4.626633e-01 7.179588e-02 8.836221e-01 1.843283e+02 -9.424215e-03 9.970572e-01 -7.607820e-02 -1.467151e+01 -8.864840e-01 2.687114e-02 4.619784e-01 1.381496e+02
4.562691e-01 7.465751e-02 8.867044e-01 1.849104e+02 -7.607239e-03 9.967650e-01 -8.000982e-02 -1.471237e+01 -8.898093e-01 2.976063e-02 4.553610e-01 1.384500e+02
4.295368e-01 8.152935e-02 8.993614e-01 1.873167e+02 -1.777900e-02 9.964866e-01 -8.184272e-02 -1.489366e+01 -9.028744e-01 1.916471e-02 4.294772e-01 1.396500e+02
4.148052e-01 9.003995e-02 9.054443e-01 1.885640e+02 -2.199096e-02 9.957932e-01 -8.894995e-02 -1.499292e+01 -9.096445e-01 1.698531e-02 4.150403e-01 1.402354e+02
4.070557e-01 9.379638e-02 9.085746e-01 1.891978e+02 -2.398002e-02 9.954680e-01 -9.202339e-02 -1.503908e+01 -9.130885e-01 1.567100e-02 4.074601e-01 1.405266e+02
3.997251e-01 9.636593e-02 9.115554e-01 1.898399e+02 -2.556744e-02 9.952436e-01 -9.400157e-02 -1.508795e+01 -9.162784e-01 1.426864e-02 4.002877e-01 1.408155e+02
3.847916e-01 1.008805e-01 9.174739e-01 1.911667e+02 -2.733209e-02 9.948186e-01 -9.792178e-02 -1.520551e+01 -9.225988e-01 1.260299e-02 3.855551e-01 1.413810e+02
3.707676e-01 1.006210e-01 9.232587e-01 1.925394e+02 -2.164634e-02 9.947797e-01 -9.972289e-02 -1.532526e+01 -9.284734e-01 1.698885e-02 3.710102e-01 1.419287e+02
3.633030e-01 9.808784e-02 9.264932e-01 1.932450e+02 -2.057046e-02 9.950445e-01 -9.727916e-02 -1.538822e+01 -9.314440e-01 1.628341e-02 3.635203e-01 1.422045e+02
3.558825e-01 9.574795e-02 9.296127e-01 1.939627e+02 -2.182126e-02 9.953177e-01 -9.416162e-02 -1.545199e+01 -9.342759e-01 1.322515e-02 3.563055e-01 1.424808e+02
3.492649e-01 9.144873e-02 9.325508e-01 1.946963e+02 -2.109748e-02 9.957413e-01 -8.974384e-02 -1.551367e+01 -9.367865e-01 1.166989e-02 3.497068e-01 1.427543e+02
3.436377e-01 8.776456e-02 9.349922e-01 1.954600e+02 -1.751161e-02 9.960491e-01 -8.705974e-02 -1.557305e+01 -9.389391e-01 1.354378e-02 3.438169e-01 1.430263e+02
3.382361e-01 8.240972e-02 9.374459e-01 1.962138e+02 -1.692004e-02 9.965297e-01 -8.149887e-02 -1.562684e+01 -9.409092e-01 1.170424e-02 3.384567e-01 1.432937e+02
3.326918e-01 7.692879e-02 9.398925e-01 1.969859e+02 -1.629127e-02 9.969872e-01 -7.583532e-02 -1.568196e+01 -9.428949e-01 9.917743e-03 3.329428e-01 1.435675e+02
3.280429e-01 7.676251e-02 9.415387e-01 1.977721e+02 -1.147022e-02 9.969431e-01 -7.728322e-02 -1.574033e+01 -9.445932e-01 1.455255e-02 3.279206e-01 1.438336e+02
3.230512e-01 8.427881e-02 9.426213e-01 1.985592e+02 -9.109144e-03 9.962575e-01 -8.595254e-02 -1.579846e+01 -9.463377e-01 1.918059e-02 3.226099e-01 1.440967e+02
3.186931e-01 9.624264e-02 9.429591e-01 1.993386e+02 -3.649873e-03 9.949489e-01 -1.003154e-01 -1.585428e+01 -9.478510e-01 2.852814e-02 3.174346e-01 1.443500e+02
3.148095e-01 1.023328e-01 9.436222e-01 2.001451e+02 2.326605e-03 9.940847e-01 -1.085816e-01 -1.592437e+01 -9.491521e-01 3.637793e-02 3.127092e-01 1.446074e+02
3.107911e-01 9.763496e-02 9.454502e-01 2.009751e+02 8.425803e-03 9.943879e-01 -1.054584e-01 -1.600532e+01 -9.504409e-01 4.074171e-02 3.082243e-01 1.448679e+02
3.014416e-01 8.371634e-02 9.498023e-01 2.026924e+02 1.738545e-02 9.954898e-01 -9.326097e-02 -1.617598e+01 -9.533262e-01 4.462547e-02 2.986266e-01 1.453976e+02
2.920486e-01 9.973348e-02 9.511891e-01 2.043673e+02 1.011548e-02 9.941702e-01 -1.073459e-01 -1.633869e+01 -9.563500e-01 4.097195e-02 2.893371e-01 1.459080e+02
2.868469e-01 1.037087e-01 9.523462e-01 2.052495e+02 6.313512e-03 9.938965e-01 -1.101351e-01 -1.642655e+01 -9.579557e-01 3.760455e-02 2.844414e-01 1.461719e+02
2.812924e-01 9.863609e-02 9.545394e-01 2.061048e+02 3.084065e-03 9.946053e-01 -1.036851e-01 -1.651609e+01 -9.596172e-01 3.210968e-02 2.794707e-01 1.464228e+02
2.756989e-01 9.513302e-02 9.565248e-01 2.069819e+02 5.180705e-04 9.950756e-01 -9.911651e-02 -1.660980e+01 -9.612439e-01 2.782186e-02 2.742920e-01 1.466776e+02
2.701798e-01 9.681046e-02 9.579303e-01 2.078609e+02 -6.002559e-04 9.949487e-01 -1.003823e-01 -1.669858e+01 -9.628097e-01 2.654627e-02 2.688731e-01 1.469260e+02
2.651747e-01 1.011309e-01 9.588820e-01 2.087471e+02 -1.566681e-03 9.945281e-01 -1.044571e-01 -1.678439e+01 -9.641991e-01 2.619712e-02 2.638821e-01 1.471708e+02
2.606053e-01 1.013878e-01 9.601069e-01 2.096440e+02 1.688637e-03 9.944210e-01 -1.054698e-01 -1.687390e+01 -9.654440e-01 2.910725e-02 2.589801e-01 1.474068e+02
2.566684e-01 1.005347e-01 9.612565e-01 2.105492e+02 5.486179e-03 9.944076e-01 -1.054667e-01 -1.696319e+01 -9.664840e-01 3.234359e-02 2.546814e-01 1.476436e+02
2.528181e-01 9.892462e-02 9.624431e-01 2.114620e+02 7.020823e-03 9.945453e-01 -1.040685e-01 -1.705443e+01 -9.674884e-01 3.306754e-02 2.507445e-01 1.478807e+02
2.466281e-01 9.726272e-02 9.642170e-01 2.133004e+02 9.659479e-03 9.946547e-01 -1.028038e-01 -1.723376e+01 -9.690621e-01 3.466812e-02 2.443703e-01 1.483482e+02
2.412380e-01 9.416597e-02 9.658866e-01 2.151568e+02 8.599209e-03 9.950347e-01 -9.915541e-02 -1.741109e+01 -9.704279e-01 3.222591e-02 2.392304e-01 1.488145e+02
2.367007e-01 9.694294e-02 9.667340e-01 2.170093e+02 2.825041e-03 9.949367e-01 -1.004628e-01 -1.758912e+01 -9.715785e-01 2.651067e-02 2.352284e-01 1.492778e+02
2.328840e-01 9.866896e-02 9.674861e-01 2.188603e+02 2.613904e-03 9.947726e-01 -1.020810e-01 -1.776862e+01 -9.725010e-01 2.630194e-02 2.314087e-01 1.497262e+02
