1.000000000000000000e+00 0.000000000000000000e+00 0.000000000000000000e+00 0.000000000000000000e+00 0.000000000000000000e+00 1.000000000000000000e+00 0.000000000000000000e+00 0.000000000000000000e+00 0.000000000000000000e+00 0.000000000000000000e+00 1.000000000000000000e+00 0.000000000000000000e+00
9.999990378261016666e-01 -1.360543565820083360e-03 2.706807644485120638e-04 -2.035000000000000133e-04 1.359450512485739721e-03 9.999910831969039959e-01 3.998177208003247766e-03 3.753000000000000151e-04 -2.761180451167908928e-04 -3.997805383957547289e-03 9.999919706232330840e-01 6.168350000000000222e-02
9.999923177567144883e-01 -3.894643534715319915e-03 -4.429213153870316865e-04 -1.353000000000000090e-04 3.898845477103294547e-03 9.999432082451249482e-01 9.918633393376308574e-03 6.786000000000000148e-04 4.042666196895348431e-04 -9.920284077788730018e-03 9.999507110514578301e-01 1.235678000000000054e-01
9.999713140431197855e-01 -7.365759568584868792e-03 -1.765411242262294577e-03 -1.072000000000000036e-04 7.382757260451581517e-03 9.999244966207189167e-01 9.823235364956326918e-03 1.286100000000000090e-03 1.692922357863794504e-03 -9.835987178716717669e-03 9.999501924446589918e-01 1.849833999999999923e-01
9.999425677009191604e-01 -1.038100297160992821e-02 -2.663846278602401661e-03 -3.562999999999999869e-04 1.040016016639657565e-02 9.999194056678989417e-01 7.281403523289737591e-03 1.700799999999999925e-03 2.588043316077996182e-03 -7.308689763500983948e-03 9.999699420911285497e-01 2.457618000000000025e-01
9.999382269713835703e-01 -1.070847048384926739e-02 -2.978405818964915356e-03 -9.692000000000000311e-04 1.072075231234470918e-02 9.999339661800320522e-01 4.138689324885020879e-03 1.883700000000000088e-03 2.933890110973921220e-03 -4.170364416581688605e-03 9.999870000902260081e-01 3.061498999999999748e-01
9.999376966348905160e-01 -1.047328155689534850e-02 -3.861764096834652011e-03 -1.288700000000000045e-03 1.048636115068852549e-02 9.999392959594363139e-01 3.382399438874626654e-03 2.302699999999999973e-03 3.826104850489051457e-03 -3.422684557005610962e-03 9.999868229892313609e-01 3.667193999999999732e-01
9.999367499087511435e-01 -1.001924593766423573e-02 -5.109881873804485511e-03 -1.566399999999999910e-03 1.004517231206620252e-02 9.999366745501055975e-01 5.073598614114743777e-03 2.835400000000000073e-03 5.058724655932111264e-03 -5.124607352456110945e-03 9.999740735160780325e-01 4.269166999999999823e-01
9.999342467611415097e-01 -1.000662266039350871e-02 -5.600862180151463914e-03 -2.287099999999999810e-03 1.005208010893170363e-02 9.999162817081087562e-01 8.147715048624954576e-03 3.161100000000000021e-03 5.518862175500624696e-03 -8.203479625285180904e-03 9.999511213466012460e-01 4.869222000000000272e-01
9.999292969343575033e-01 -1.003809734312259214e-02 -6.374773258046588682e-03 -2.815400000000000021e-03 1.009811969018250405e-02 9.999043177730543297e-01 9.454272977098329006e-03 3.710199999999999870e-03 6.279260393092418908e-03 -9.517977754372956845e-03 9.999349873808711653e-01 5.467429999999999790e-01
9.999150490704367122e-01 -1.111186635374228175e-02 -6.813300859548334851e-03 -3.586600000000000118e-03 1.118136603668277128e-02 9.998849630604672578e-01 1.024879012965616149e-02 4.284699999999999794e-03 6.698633892061043801e-03 -1.032410149623640486e-02 9.999242677484508901e-01 6.064205999999999763e-01
9.998749488841912614e-01 -1.202330608970017881e-02 -1.027261916500259512e-02 -5.022399999999999781e-03 1.209220494139666424e-02 9.999046305553995762e-01 6.671459624775805120e-03 6.046499999999999792e-03 1.019142646988448198e-02 -6.794843967533784057e-03 9.999249796469561469e-01 7.847260000000000346e-01
9.998417536299039066e-01 -1.320596855526074039e-02 -1.191931595335992376e-02 -5.567500000000000400e-03 1.327208319965007301e-02 9.998968785466789688e-01 5.484895637058497149e-03 6.441299999999999630e-03 1.184565345686434089e-02 -5.642221825249485283e-03 9.999139192085759742e-01 8.439305999999999752e-01
9.998242142386130071e-01 -1.287864502174534791e-02 -1.362648614075306561e-02 -6.619899999999999743e-03 1.294334757287269634e-02 9.999053221998921437e-01 4.670801851699178664e-03 7.013300000000000090e-03 1.356504241600711355e-02 -4.846353137556089208e-03 9.998962458602983494e-01 9.028365999999999891e-01
9.998151153675008951e-01 -9.961868044257140078e-03 -1.644677073895102135e-02 -9.302700000000000552e-03 1.002157577293400458e-02 9.999434742617334670e-01 3.551943186657715006e-03 7.945600000000000579e-03 1.641045708376672255e-02 -3.716109046127463820e-03 9.998584336954202678e-01 1.019753200000000026e+00
9.997869296442341014e-01 -1.062254561698897440e-02 -1.769906317210271501e-02 -1.064380000000000014e-02 1.070426253592825228e-02 9.999324525548956011e-01 4.528696403310708204e-03 8.133700000000000652e-03 1.764976136147503732e-02 -4.717186891191065337e-03 9.998331031085720966e-01 1.077854799999999891e+00
9.997670478726232712e-01 -1.004629909688193289e-02 -1.910292811366134241e-02 -1.196550000000000044e-02 1.015324566864807092e-02 9.999332750952933946e-01 5.509715019158319127e-03 8.631800000000000236e-03 1.904630122758229488e-02 -5.702388241451894144e-03 9.998023410544165657e-01 1.136082100000000095e+00
9.997474361449181224e-01 -9.556026295774698587e-03 -2.034075424110999564e-02 -1.349200000000000052e-02 9.679070254648411420e-03 9.999353990708464979e-01 5.959302310890983619e-03 9.111100000000000448e-03 2.028249295989899281e-02 -6.154676795857987569e-03 9.997753449814964499e-01 1.193790300000000082e+00
9.997003985904479029e-01 -1.084653738750919125e-02 -2.194232633065465454e-02 -1.489820000000000033e-02 1.098332152423518032e-02 9.999209351267922541e-01 6.122919520678035514e-03 9.247999999999999277e-03 2.187417898790369047e-02 -6.362084710438337988e-03 9.997404884127392144e-01 1.250909400000000060e+00
9.996624750829118389e-01 -1.105252857386412532e-02 -2.351122121946585403e-02 -1.639159999999999923e-02 1.119988370527586277e-02 9.999183973683376525e-01 6.145014997827909567e-03 9.259899999999999728e-03 2.344138468809043446e-02 -6.406263845577294530e-03 9.997046870288474052e-01 1.307812500000000044e+00
9.996304832980168475e-01 -1.085384560994000908e-02 -2.492169530446715353e-02 -1.790740000000000040e-02 1.101282289117549301e-02 9.999198200063398323e-01 6.250703196964427222e-03 9.868399999999999395e-03 2.485185291564222937e-02 -6.522851674269946817e-03 9.996698644115940002e-01 1.364762500000000101e+00
9.996101215456707489e-01 -1.088413531385656538e-02 -2.571265256481777839e-02 -1.979090000000000016e-02 1.109793230127440605e-02 9.999049013046570344e-01 8.186833671228603213e-03 1.026400000000000055e-02 2.562110071963536601e-02 -8.468999078621549867e-03 9.996358513241312416e-01 1.420815799999999962e+00
9.995773820915822006e-01 -1.221218276636543316e-02 -2.638029194341636602e-02 -2.145899999999999891e-02 1.250801530316185926e-02 9.998603996328938592e-01 1.107839334586424411e-02 1.073269999999999953e-02 2.624131788067931431e-02 -1.140367651376991524e-02 9.995905908910179827e-01 1.476810100000000014e+00
9.995523239515934355e-01 -1.197490391021382473e-02 -2.741812100253906981e-02 -2.292719999999999828e-02 1.232388153693612064e-02 9.998447371687749774e-01 1.259458215927991391e-02 1.121089999999999934e-02 2.726304507629867535e-02 -1.292684154170818840e-02 9.995447079250248112e-01 1.531935000000000047e+00
9.995337605531546821e-01 -1.209684183563496281e-02 -2.803440621936838240e-02 -2.481679999999999997e-02 1.241590310176460786e-02 9.998597994681905909e-01 1.123506820616577105e-02 1.194729999999999924e-02 2.789456693760490602e-02 -1.157790244531524231e-02 9.995438186044323103e-01 1.586233299999999957e+00
9.995285783881746600e-01 -1.008514799409698445e-02 -2.899846160146557841e-02 -2.639520000000000061e-02 1.033665228238365638e-02 9.999101391347284817e-01 8.536233077945891770e-03 1.253879999999999925e-02 2.890976660071133478e-02 -8.831955927487774791e-03 9.995430065532884267e-01 1.639475900000000097e+00
9.994855028648610418e-01 -8.971841416719361639e-03 -3.079343476407373978e-02 -2.995079999999999965e-02 9.170930144849733651e-03 9.999379096283200763e-01 6.330160221032718644e-03 1.334710000000000063e-02 3.073472959461840195e-02 -6.609307810875333054e-03 9.995057245694027870e-01 1.743672300000000064e+00
9.994491924024148100e-01 -9.619894077027794227e-03 -3.176113102689447076e-02 -3.196149999999999686e-02 9.810940841787622879e-03 9.999346729083175012e-01 5.864755368734523959e-03 1.356779999999999965e-02 3.170263783914102629e-02 -6.173131594492574196e-03 9.994782815050846647e-01 1.794586100000000073e+00
9.993197174350807455e-01 -8.385696717017753973e-03 -3.591354112365800766e-02 -3.573599999999999693e-02 8.551376124162806194e-03 9.999534804419517586e-01 4.462165215486182425e-03 1.455039999999999979e-02 3.587445207739869968e-02 -4.766239880387286749e-03 9.993449387701670572e-01 1.896488200000000068e+00
9.992433512195326717e-01 -8.605924484927458470e-03 -3.792971272389589199e-02 -3.777590000000000114e-02 8.830700000940929981e-03 9.999444042767264840e-01 5.762559601079290938e-03 1.484380000000000074e-02 3.787801184131667220e-02 -6.093145281571361177e-03 9.992637939000525993e-01 1.947050699999999912e+00
9.991698142358472756e-01 -8.835388884213686220e-03 -3.976956403038792859e-02 -4.006570000000000270e-02 9.168715487373387332e-03 9.999242880696413982e-01 8.206874236414016255e-03 1.509279999999999997e-02 3.969404207452311567e-02 -8.564696823906259304e-03 9.991751743273551423e-01 1.996358199999999972e+00
9.990914693144599124e-01 -7.828634512341428944e-03 -4.189210456334007543e-02 -4.216319999999999790e-02 8.248709262172951653e-03 9.999173257783314783e-01 9.864096705644927188e-03 1.518919999999999992e-02 4.181141875829836457e-02 -1.020069066202625510e-02 9.990734463348708294e-01 2.045421399999999945e+00
9.989544805888053158e-01 -4.239443554182997093e-03 -4.551892825958526317e-02 -4.748800000000000243e-02 4.658934771126133426e-03 9.999476167424082851e-01 9.113621562054733186e-03 1.598629999999999843e-02 4.547790714565442399e-02 -9.316162811418298231e-03 9.989219033899109368e-01 2.139099400000000095e+00
9.988507837056066485e-01 -3.024811553727102878e-03 -4.783264999725470729e-02 -4.922859999999999736e-02 3.434472485279073048e-03 9.999581071395357013e-01 8.484595727832043924e-03 1.652839999999999865e-02 4.780498184753648877e-02 -8.639125012483836116e-03 9.988193276211546623e-01 2.186248500000000039e+00
9.987480518335156709e-01 -1.364672484295337924e-03 -5.000466605995449593e-02 -5.492530000000000329e-02 1.942636499484078202e-03 9.999318543142778903e-01 1.151142437062038608e-02 1.762160000000000115e-02 4.998554913360290369e-02 -1.159415355341854477e-02 9.986826425252377515e-01 2.277600000000000069e+00
9.987408109859021721e-01 1.666070536548710374e-03 -5.013997088341469455e-02 -5.774889999999999884e-02 -1.083017351889464536e-03 9.999315099391482553e-01 1.165343315210553080e-02 1.831369999999999873e-02 5.015595223538214797e-02 -1.158445681861390575e-02 9.986742115502832418e-01 2.322364100000000153e+00
9.987799320581824958e-01 4.707781798120028692e-03 -4.915774718590847081e-02 -6.021119999999999944e-02 -4.222183888871542355e-03 9.999413092946474180e-01 9.977531223440173902e-03 1.836499999999999938e-02 4.920183412293648029e-02 -9.757804909274407634e-03 9.987411900799383346e-01 2.366229099999999974e+00
9.989580103553371559e-01 6.773717238150545571e-03 -4.513325051094652096e-02 -6.464259999999999451e-02 -6.564370768392404319e-03 9.999670058211981294e-01 4.785008401565196343e-03 1.938190000000000052e-02 4.516417367030363395e-02 -4.483751082024551443e-03 9.989695157475593223e-01 2.451228400000000196e+00
9.990896904236467035e-01 8.012836555990561493e-03 -4.189970094772398068e-02 -6.686690000000000689e-02 -7.796311084999888417e-03 9.999554109748579611e-01 5.328564118858042375e-03 2.003059999999999910e-02 4.194052959426750049e-02 -4.997050372955513103e-03 9.991076125547850850e-01 2.493155699999999975e+00
9.991667268523750645e-01 1.250936505732495353e-02 -3.885058219607332580e-02 -6.872200000000000530e-02 -1.220329451711717021e-02 9.998926858567945830e-01 8.105329913952030035e-03 2.031250000000000069e-02 3.894780550993560270e-02 -7.624470863481940842e-03 9.992121575971801839e-01 2.534701800000000116e+00
9.993661386020160631e-01 2.994841348619592739e-02 -1.924613065932695433e-02 -7.532930000000000181e-02 -2.965727086956455524e-02 9.994439574924044445e-01 1.523883579838613070e-02 2.134990000000000152e-02 1.969180794811194180e-02 -1.465838877846862773e-02 9.996986367591754741e-01 2.690938200000000169e+00
9.993183756558209341e-01 3.459148494380495653e-02 -1.289237162023054543e-02 -7.590109999999999912e-02 -3.438135968988091651e-02 9.992778281129265361e-01 1.617851500563322747e-02 2.196849999999999845e-02 1.344269997011919397e-02 -1.572423007002195922e-02 9.997859983047463484e-01 2.726876299999999809e+00
9.992582623016201815e-01 3.804887295642398609e-02 -5.933674130948373565e-03 -7.635459999999999470e-02 -3.794983506282059021e-02 9.991516302860052878e-01 1.599467772487102313e-02 2.211580000000000143e-02 6.537219642255525168e-03 -1.575763191484303577e-02 9.998544703084470964e-01 2.761033999999999988e+00
9.985938294077228994e-01 5.027414565528400686e-02 1.681886284654158722e-02 -7.694840000000000013e-02 -5.049259466694510506e-02 9.986420756855415304e-01 1.282585491390506212e-02 2.328890000000000127e-02 -1.615121520564552146e-02 -1.365704759837368422e-02 9.997762866253012692e-01 2.856091300000000111e+00
9.974078689298092604e-01 5.322740498561302075e-02 4.841886363179232627e-02 -7.254789999999999850e-02 -5.383103649356248827e-02 9.984866994381985661e-01 1.124858013446386647e-02 2.425710000000000019e-02 -4.774685860792631659e-02 -1.382585995554162957e-02 9.987637774216506781e-01 2.963113299999999839e+00
9.959373582443226125e-01 6.114939057863457567e-02 6.610242420048917378e-02 -7.032639999999999725e-02 -6.199717012999109850e-02 9.980173597305603828e-01 1.084898946051317085e-02 2.454720000000000166e-02 -6.530795777845729844e-02 -1.490307714208655328e-02 9.977538619030769107e-01 3.007242900000000052e+00
9.934655718824741966e-01 6.333771763582952963e-02 9.494467340989840021e-02 -6.490550000000000486e-02 -6.454068007815540187e-02 9.978684152362373716e-01 9.650206680130035339e-03 2.444580000000000017e-02 -9.413106872482396303e-02 -1.571494188993265845e-02 9.954357751769414842e-01 3.062787099999999985e+00
9.907722560206695395e-01 6.314815898231823654e-02 1.199276728568382522e-01 -5.995530000000000304e-02 -6.376761966585725583e-02 9.979638868767075621e-01 1.330853893057371007e-03 2.439610000000000042e-02 -1.195994455750674923e-01 -8.966075344204555916e-03 9.927817394125753037e-01 3.096999400000000069e+00
9.605456873254386574e-01 6.895966417101485890e-02 2.694374645032153737e-01 -2.782619999999999885e-02 -6.854163631060451733e-02 9.975879333320868403e-01 -1.097084144815483296e-02 2.370790000000000050e-02 -2.695441089179383409e-01 -7.929690261074503685e-03 9.629553953117444554e-01 3.224503799999999920e+00
9.238250574898082546e-01 7.567656458111275686e-02 3.752603372688796401e-01 -1.473300000000000087e-03 -7.519272018232651955e-02 9.970413497682244497e-01 -1.595624278894064441e-02 2.221410000000000051e-02 -3.753575868229320767e-01 -1.347606862396991470e-02 9.267821090142532858e-01 3.286380499999999927e+00
8.965019066373529633e-01 7.085115807708101954e-02 4.373379068806262926e-01 1.682940000000000130e-02 -6.862120812133538916e-02 9.974234007347713149e-01 -2.092102919676856049e-02 2.121870000000000006e-02 -4.376933414978564918e-01 -1.125491296368591465e-02 8.990538725474801485e-01 3.315958699999999926e+00
8.135918300975569784e-01 7.690527106995274920e-02 5.763279563583263432e-01 6.209490000000000148e-02 -6.633846730988442186e-02 9.970192358233489482e-01 -3.939354202404893313e-02 1.924719999999999903e-02 -5.776396296597761104e-01 -6.182449343278339365e-03 8.162684825268181621e-01 3.375304199999999977e+00
7.566095065082089066e-01 8.505877892874216806e-02 6.483109275560268170e-01 9.109620000000000217e-02 -7.282190350137041079e-02 9.962960991246866405e-01 -4.572803559491542269e-02 1.754019999999999885e-02 -6.497992190144903368e-01 -1.261296936031016877e-02 7.600012420858759388e-01 3.405829900000000077e+00
6.485785208778043209e-01 8.249615025902767851e-02 7.566639197479944068e-01 1.473403000000000074e-01 -6.636621149535204545e-02 9.964522730853104804e-01 -5.175319733960431767e-02 1.416620000000000032e-02 -7.582489223386431609e-01 -1.665090554767982567e-02 6.517524983586395759e-01 3.450796400000000208e+00
4.151755067887427653e-01 7.665802372221729166e-02 9.065058444167444218e-01 2.766266000000000003e-01 -5.529785520453987108e-02 9.967274961856057436e-01 -5.896139039533344894e-02 7.321900000000000110e-03 -9.080591642467403801e-01 -2.564850378827480612e-02 4.180558676551908714e-01 3.516021499999999911e+00
3.650486524243814479e-01 7.637921205781803002e-02 9.278500403236344951e-01 3.068395999999999901e-01 -5.790190124189037446e-02 9.965622064340108333e-01 -5.925486089723261407e-02 5.920500000000000415e-03 -9.291861230107334446e-01 -3.209337428197413244e-02 3.682161921093091150e-01 3.526552199999999804e+00
1.828690480029896981e-01 6.676090763698780406e-02 9.808679281605479083e-01 4.405040000000000067e-01 -2.236619325412616405e-02 9.977160162308703617e-01 -6.373777808898514752e-02 -1.438800000000000062e-03 -9.828828336489550122e-01 -1.028261483705462248e-02 1.839445654275043696e-01 3.551065900000000219e+00
1.444878573091374074e-01 6.844425199719211816e-02 9.871365880458282671e-01 4.766500000000000181e-01 -1.911567846394282913e-02 9.976117834895321668e-01 -6.637258680884650097e-02 -3.017800000000000170e-03 -9.893219142054205939e-01 -9.279752765002695358e-03 1.454511473366330021e-01 3.554719700000000149e+00
1.118073981101461306e-01 6.909785534502611848e-02 9.913246653415606069e-01 5.137230000000000407e-01 -1.044419689843814961e-02 9.976062041458604313e-01 -6.835773694933588995e-02 -5.377400000000000062e-03 -9.936750094869981620e-01 -2.710689286102525852e-03 1.122614256305711766e-01 3.557272699999999954e+00
5.783635443219904693e-02 6.571851222195189413e-02 9.961606463102857800e-01 5.918898999999999688e-01 3.857229948936887615e-03 9.978087802819060048e-01 -6.605119052262362067e-02 -1.022449999999999921e-02 -9.983186254313370922e-01 7.662580744635535956e-03 5.745613085840239886e-02 3.560013500000000164e+00
2.234590575350650990e-02 6.680684894767288662e-02 9.975156667590431292e-01 6.744232000000000005e-01 1.135782989048681954e-02 9.976834552324671535e-01 -6.707251937704811207e-02 -1.432210000000000080e-02 -9.996857807312428124e-01 1.282840945279451264e-02 2.153535963659036767e-02 3.560169199999999812e+00
8.892144168006873434e-03 6.652359022139804623e-02 9.977452288616321940e-01 7.166814000000000240e-01 1.212925277273615987e-02 9.977040967662093029e-01 -6.662894658553164540e-02 -1.683269999999999905e-02 -9.998868991037288545e-01 1.269437828245519734e-02 8.064847224311000318e-03 3.560526100000000138e+00
-2.661820710699213874e-02 6.898853776490534995e-02 9.972622787950367051e-01 9.412871000000000432e-01 2.022775972746140849e-02 9.974486738698635779e-01 -6.846152738333131926e-02 -3.001989999999999867e-02 -9.994409981518754815e-01 1.835005864597610489e-02 -2.794577894552008335e-02 3.555407999999999902e+00
-2.916014438086304492e-02 6.211284436658053715e-02 9.976430626954614356e-01 9.897006999999999888e-01 1.811362397923695772e-02 9.979364365425168470e-01 -6.160166594469690393e-02 -3.273990000000000233e-02 -9.994106176172165013e-01 1.627461783011087404e-02 -3.022505927964092010e-02 3.554113099999999914e+00
-3.038741990959469355e-02 5.648989046944910553e-02 9.979406279864487805e-01 1.038129700000000044e+00 1.948651577325014039e-02 9.982454233551083522e-01 -5.591377695701946898e-02 -3.530300000000000105e-02 -9.993482278036304178e-01 1.774731036890072472e-02 -3.143489399398491368e-02 3.552581299999999942e+00
-2.706002247788305212e-02 7.172287065583946020e-02 9.970574632429076711e-01 1.237253099999999995e+00 2.688503959204237986e-02 9.971141256067196368e-01 -7.099728981926892168e-02 -4.550250000000000128e-02 -9.992722100757285286e-01 2.488474111644872061e-02 -2.891020286916967663e-02 3.545498799999999839e+00
-2.508258014981381775e-02 7.243094073267264399e-02 9.970579837690527469e-01 1.288665100000000008e+00 2.764236253161090479e-02 9.970406665219306852e-01 -7.173429511171930395e-02 -4.801280000000000131e-02 -9.993031391758455673e-01 2.576175704575108666e-02 -2.701051475289828474e-02 3.544503000000000181e+00
-2.285505718702075112e-02 6.808257254015537274e-02 9.974178711439316558e-01 1.341351699999999925e+00 2.722871591991730261e-02 9.973507637140579529e-01 -6.745406695179828604e-02 -5.118120000000000308e-02 -9.993679219338245101e-01 2.561674130914632502e-02 -2.464830976699672327e-02 3.543349300000000035e+00
-2.015033533219108899e-02 6.163586121439870724e-02 9.978952773705059842e-01 1.394188299999999936e+00 2.669145755003396459e-02 9.977753463831268155e-01 -6.108947735810040663e-02 -5.439019999999999966e-02 -9.994406085805470630e-01 2.540430598128020495e-02 -2.175065878897708416e-02 3.542202000000000073e+00
-2.547239273605752066e-04 6.415740938991883191e-02 9.979397586708804724e-01 1.710916499999999951e+00 2.788888889196229973e-02 9.975520774431807514e-01 -6.412536678387095734e-02 -7.414060000000000095e-02 -9.996109968343147578e-01 2.781509678517322254e-02 -2.043379244984655507e-03 3.540254599999999918e+00
6.560104698099830309e-03 6.975241028408199484e-02 9.975427641389171818e-01 1.816451899999999897e+00 3.240163727921810399e-02 9.970255878699014751e-01 -6.992932885637828666e-02 -8.079840000000000633e-02 -9.994534000782508976e-01 3.278076253290351100e-02 4.280499945735094514e-03 3.539742899999999803e+00
1.387040709678901904e-02 6.999747314455370684e-02 9.974507334000743963e-01 1.923006900000000075e+00 2.774906775436175588e-02 9.971355408085945671e-01 -7.036122863562953300e-02 -8.731379999999999697e-02 -9.995186846906527478e-01 2.865426686776290435e-02 1.188831125676970135e-02 3.541990000000000194e+00
2.135283981362099195e-02 6.736207333168504896e-02 9.975000788513004313e-01 2.029236099999999876e+00 3.645950965284999734e-02 9.970114316072196115e-01 -6.810953971651981242e-02 -9.446390000000000342e-02 -9.991069814528210635e-01 3.782269584494392378e-02 1.883303722858531426e-02 3.542984999999999829e+00
2.728626414897658212e-02 6.829298208250773883e-02 9.972920978264446790e-01 2.135555300000000045e+00 3.962944251569251730e-02 9.968053607015934237e-01 -6.934392664438465692e-02 -1.011428999999999939e-01 -9.988418128385935235e-01 4.141426656171341703e-02 2.449268156955564102e-02 3.546177099999999971e+00
3.476791171152719684e-02 6.555557319760432766e-02 9.972430291247733614e-01 2.242926600000000104e+00 4.293437493217758250e-02 9.968271042772182122e-01 -6.702509699716313607e-02 -1.083152000000000004e-01 -9.984727496353633658e-01 4.514632876579741799e-02 3.184300919460791857e-02 3.548689599999999889e+00
4.060850277554475807e-02 6.756013666963450737e-02 9.968884478393300608e-01 2.349903299999999806e+00 3.844885293148092575e-02 9.968668089314834946e-01 -6.912489391684102646e-02 -1.149513000000000063e-01 -9.984350931385483907e-01 4.113627576654797086e-02 3.788365881850108696e-02 3.553626299999999905e+00
4.594687585145768027e-02 6.737764820000446964e-02 9.966690208502150261e-01 2.458015399999999850e+00 3.764739820814520105e-02 9.968971390131242671e-01 -6.912863108441258397e-02 -1.217154000000000014e-01 -9.982342200143446975e-01 4.069824013988693201e-02 4.326771593079548062e-02 3.558646899999999835e+00
5.105270347862422148e-02 6.773388177935177334e-02 9.963963783187013146e-01 2.566352100000000025e+00 3.320258758247697506e-02 9.970307744335042965e-01 -6.947821968325437747e-02 -1.286146999999999985e-01 -9.981438822360990670e-01 3.662998896570143770e-02 4.865217634413665504e-02 3.564966000000000079e+00
5.785955414928110191e-02 7.320220533038504507e-02 9.956373381550205348e-01 2.675651999999999919e+00 3.076574963282863867e-02 9.967036617714126745e-01 -7.506849712753976833e-02 -1.357270999999999894e-01 -9.978505602760248117e-01 3.497495884522935222e-02 5.541670876728421735e-02 3.571340100000000017e+00
6.389170134522242916e-02 7.761653858869586864e-02 9.949339291815927355e-01 2.785852400000000006e+00 2.479844989837247729e-02 9.965395671516498188e-01 -7.933428000454999240e-02 -1.433580000000000132e-01 -9.976486793364941486e-01 2.974162131948955914e-02 6.174583855967352708e-02 3.579297299999999904e+00
7.022749919578696876e-02 7.764144864098179721e-02 9.945048535877721863e-01 2.898160900000000151e+00 2.316505142163662392e-02 9.965705694619195754e-01 -7.943853268394582279e-02 -1.513267000000000084e-01 -9.972619910281045330e-01 2.861652556260426208e-02 6.818809071521325649e-02 3.587770700000000090e+00
7.758496600305579693e-02 7.965573522812194329e-02 9.937985393909434251e-01 3.011022099999999924e+00 1.784155356114431809e-02 9.965326042795535910e-01 -8.126775236423945670e-02 -1.593796000000000102e-01 -9.968260891533837764e-01 2.403606567385480064e-02 7.589476615744095156e-02 3.597470799999999969e+00
8.680336123589127428e-02 7.752648839045217510e-02 9.932043194005939490e-01 3.124935400000000030e+00 1.741540913723139614e-02 9.966969724701518762e-01 -7.932117367649149653e-02 -1.680271999999999877e-01 -9.960732302409973649e-01 2.418240407152217469e-02 8.516649182975322141e-02 3.607480300000000195e+00
9.751186162467488650e-02 8.968573039922575485e-02 9.911851020900424025e-01 3.239219900000000152e+00 1.185071360966542114e-02 9.957561073197195300e-01 -9.126519228282396756e-02 -1.768540000000000112e-01 -9.951638043203903106e-01 2.064568958006815502e-02 9.603519184305053802e-02 3.619972499999999815e+00
1.117536165042538054e-01 9.743373713142634840e-02 9.889478227221213391e-01 3.354280699999999893e+00 5.522435206344308845e-03 9.951054360724103098e-01 -9.866445058140216329e-02 -1.864779000000000020e-01 -9.937206005249221707e-01 1.648750944631512116e-02 1.106685597839141000e-01 3.633961000000000219e+00
1.265769485706984276e-01 9.390172395083784540e-02 9.875022745946416824e-01 3.470505000000000173e+00 1.654286917707407933e-03 9.954879969910005455e-01 -9.487313203241262705e-02 -1.970996999999999888e-01 -9.919554120147359155e-01 1.364236364807599328e-02 1.258504926043954031e-01 3.649522999999999850e+00
1.337656506582852178e-01 9.026103878869326524e-02 9.868939636965826656e-01 3.529494999999999827e+00 1.308320019828307368e-03 9.958266660122592207e-01 -9.125535358341464731e-02 -2.023919999999999886e-01 -9.910121285850600481e-01 1.349800487828929640e-02 1.330893115979430164e-01 3.658166899999999888e+00
1.484604278232387609e-01 7.754643156063908971e-02 9.858732435372976610e-01 3.646683900000000200e+00 -2.889899147864465057e-03 9.969505346811268209e-01 -7.798256139631809525e-02 -2.116734999999999867e-01 -9.889141266325685020e-01 8.728250181248543849e-03 1.482318042638537392e-01 3.676490799999999837e+00
1.630447092283494881e-01 7.681135797336229032e-02 9.836241345549282533e-01 3.761932100000000112e+00 -3.050979223732722123e-03 9.969993246858915859e-01 -7.735010085095117560e-02 -2.205335999999999963e-01 -9.866139641817462946e-01 9.610507903537700292e-03 1.627898148515953825e-01 3.696059500000000053e+00
1.690697393669076121e-01 8.337559939324390434e-02 9.820712462220974048e-01 3.818458099999999966e+00 -2.504918580272817719e-03 9.964486853861157512e-01 -8.416497356494487270e-02 -2.247934000000000043e-01 -9.856009073724071312e-01 1.176974163263449363e-02 1.686781686187898144e-01 3.706146700000000127e+00
1.744880804640256133e-01 8.721042635596304438e-02 9.807896060372943703e-01 3.874398900000000090e+00 -3.459637166017381915e-03 9.961181822593317969e-01 -8.795793246230887430e-02 -2.288796999999999915e-01 -9.846532083361428933e-01 1.195443462384253308e-02 1.741124659700304944e-01 3.716180299999999992e+00
1.841723604869086317e-01 8.954237992808913860e-02 9.788067755330949193e-01 3.985220200000000101e+00 -7.721027850828357519e-03 9.959427545945365168e-01 -8.965720996982641522e-02 -2.388322999999999974e-01 -9.828636361986373693e-01 8.954985620342831298e-03 1.841164872327639701e-01 3.738565400000000150e+00
1.939960370098871290e-01 8.007630840701315811e-02 9.777286548201209460e-01 4.094788099999999709e+00 -2.975574629115379510e-03 9.967063926195376400e-01 -8.104019291052232121e-02 -2.477189999999999948e-01 -9.809977999873826793e-01 1.281217168371621973e-02 1.935953632623000908e-01 3.760233200000000053e+00
2.001175843099565477e-01 7.039710226636715362e-02 9.772395819053003585e-01 4.201351599999999742e+00 -8.346766614494519759e-03 9.975017104623992159e-01 -7.014748114986707472e-02 -2.564466000000000245e-01 -9.797363338863323001e-01 5.880953756529881671e-03 2.002052208257391053e-01 3.783472100000000005e+00
2.036112790287745999e-01 7.045294241886010389e-02 9.765136097140639793e-01 4.253483799999999704e+00 -9.876777922910560253e-03 9.975045472118052592e-01 -6.990799346021062122e-02 -2.602683000000000080e-01 -9.790019899418632709e-01 4.589247900923132395e-03 2.037990247611010108e-01 3.794609499999999969e+00
2.066308629202940339e-01 7.678250706613076737e-02 9.754015240389235508e-01 4.354839300000000080e+00 -1.629582561041250863e-02 9.970477892604809877e-01 -7.503433879539866957e-02 -2.678393000000000024e-01 -9.782832578330726836e-01 -3.905629619219350146e-04 2.072720794127446142e-01 3.818104299999999895e+00
2.106664229442957725e-01 8.643174697890720903e-02 9.737295370676750661e-01 4.454210299999999734e+00 -1.839659348922033366e-02 9.962577669307737249e-01 -8.445133023286538476e-02 -2.755803000000000003e-01 -9.773848902002972849e-01 -1.222468088355327387e-04 2.114681098035121609e-01 3.840567800000000087e+00
2.122603235442765413e-01 8.832969125548753575e-02 9.732129369729880519e-01 4.502974499999999658e+00 -1.743630385078788481e-02 9.960902913751772392e-01 -8.660315661762807427e-02 -2.795925000000000216e-01 -9.770575880453014062e-01 1.413177563034682949e-03 2.129705908623847899e-01 3.851552700000000051e+00
2.135344231343633270e-01 8.801306261919333851e-02 9.729628723363830112e-01 4.551228000000000051e+00 -2.003273668792202727e-02 9.961186111595329296e-01 -8.571115424724867760e-02 -2.837971000000000243e-01 -9.767301262874341639e-01 -1.188827150272360467e-03 2.144687555159019432e-01 3.862858099999999961e+00
2.148417912805335450e-01 8.251455942869044546e-02 9.731569000945634595e-01 4.646302699999999675e+00 -1.961484679592663538e-02 9.965881155550230242e-01 -8.017097803856723659e-02 -2.917971999999999788e-01 -9.764518741364283105e-01 -1.864246973235665628e-03 2.157272863563596266e-01 3.884609000000000201e+00
2.147742402864878941e-01 8.131876759788833620e-02 9.732724612079201032e-01 4.693193899999999807e+00 -1.854096279990212481e-02 9.966876034845814081e-01 -7.918367103522315487e-02 -2.954748999999999848e-01 -9.764877154413230675e-01 -1.038795707740014507e-03 2.155705510863276109e-01 3.895019500000000079e+00
2.132646007309441372e-01 8.062801809935658814e-02 9.736618164293191491e-01 4.738883500000000026e+00 -1.897501954274291233e-02 9.967427095154987038e-01 -7.838315929493228085e-02 -2.991225000000000134e-01 -9.768101958458581535e-01 -1.758898823705154491e-03 2.140998541954302059e-01 3.905385700000000071e+00
2.093423468552819133e-01 8.423163477331470361e-02 9.742077876492969413e-01 4.828615700000000288e+00 -2.073319356806595237e-02 9.964413931609126251e-01 -8.169874344204186567e-02 -3.066803000000000168e-01 -9.776225838725247641e-01 -3.095431949565546903e-03 2.103437705363618848e-01 3.925599300000000014e+00
2.069138854557409923e-01 8.811381624564210147e-02 9.743831891982938087e-01 4.871887700000000265e+00 -1.955643894041140390e-02 9.961095956593971623e-01 -8.592566049348782098e-02 -3.104646999999999823e-01 -9.781636824691349874e-01 -1.276253071061328459e-03 2.078320992448474680e-01 3.935112000000000165e+00
2.029851051473644252e-01 8.764212398318213526e-02 9.752517137601091068e-01 4.957798499999999997e+00 -1.779394891759978475e-02 9.961520234151804987e-01 -8.581679105955597464e-02 -3.173973999999999962e-01 -9.790201338431356870e-01 6.595118018434126261e-05 2.037635226928768972e-01 3.953184100000000090e+00
2.005420626944964535e-01 8.464708255382072388e-02 9.760213893687800235e-01 5.000036699999999890e+00 -1.793746524683995786e-02 9.964105736853050566e-01 -8.272977691641414388e-02 -3.208715999999999791e-01 -9.795208667663773960e-01 -9.165496429016858904e-04 2.013405858390131531e-01 3.962229699999999966e+00
1.985579866885827383e-01 8.069648036765941779e-02 9.767613853846029981e-01 5.041254999999999598e+00 -1.763710427157624133e-02 9.967374552429945078e-01 -7.876152530666885587e-02 -3.245924000000000031e-01 -9.799304355285075596e-01 -1.588512509063472189e-03 1.993334346087439757e-01 3.970558200000000149e+00
1.910783396094606623e-01 8.522257746075322105e-02 9.778681815168326352e-01 5.201581000000000010e+00 -6.685192321416191796e-03 9.963136974914390542e-01 -8.552382354971621581e-02 -3.375360000000000027e-01 -9.815520242634707682e-01 9.804513342498717698e-03 1.909436963672785925e-01 4.000869800000000254e+00
1.884145525960609635e-01 8.631782901049286916e-02 9.782889086384152222e-01 5.281393999999999700e+00 -5.923294414362435811e-03 9.962117700205804782e-01 -8.675842239081399399e-02 -3.438244999999999774e-01 -9.820717239353280448e-01 1.055185611053465616e-02 1.882120808537953716e-01 4.016566300000000034e+00
1.914570075686859996e-01 8.306607989363157252e-02 9.779796729093857000e-01 5.361379099999999731e+00 4.665102169961958534e-03 9.963240334170956336e-01 -8.553746113390206518e-02 -3.498954000000000231e-01 -9.814899138934582989e-01 2.093912143798793563e-02 1.903657062572385872e-01 4.030888599999999933e+00
1.966740134262528472e-01 8.226529159648790501e-02 9.770116448852363966e-01 5.441634200000000199e+00 4.706762637821292061e-03 9.963831413448718255e-01 -8.484386854214266693e-02 -3.563372000000000206e-01 -9.804576374470657107e-01 2.128514604765475993e-02 1.955754681176774534e-01 4.047479199999999722e+00
2.084093546466664337e-01 8.199167930475040333e-02 9.745988433301914222e-01 5.523127599999999582e+00 4.522385286076992250e-03 9.963884208855505742e-01 -8.479187907177934691e-02 -3.625341000000000258e-01 -9.780312310591540159e-01 2.207893226553182126e-02 2.072858698101001096e-01 4.065742499999999815e+00
2.247151381224895550e-01 8.010365828486971929e-02 9.711264133098075346e-01 5.606320900000000051e+00 2.884358289474683867e-03 9.965563016099001636e-01 -8.286868044596550076e-02 -3.688878999999999908e-01 -9.744202313046709252e-01 2.142292349280153566e-02 2.237102393123148181e-01 4.085232300000000372e+00
2.429096734723571460e-01 7.960534561949753063e-02 9.667770577968601842e-01 5.690829800000000382e+00 -1.899812008128436147e-03 9.966642538265042539e-01 -8.158894446425528357e-02 -3.753665999999999947e-01 -9.700470510484977549e-01 1.798204919518098244e-02 2.422506236500857613e-01 4.108264000000000138e+00
2.615963317908031605e-01 8.616715640809594068e-02 9.613233484890184588e-01 5.776596999999999760e+00 -1.106080828213996253e-02 9.962091599672290299e-01 -8.628422867206836377e-02 -3.813968999999999832e-01 -9.651139920826667939e-01 1.193862445723008203e-02 2.615577403410717094e-01 4.133574499999999929e+00
2.824569734261158649e-01 9.064033933513276908e-02 9.549881606848172888e-01 5.865165199999999857e+00 -1.658484024288023329e-02 9.958386344264328338e-01 -8.961226064448743478e-02 -3.886052999999999868e-01 -9.591365915431840916e-01 9.473281844714416533e-03 2.827848222483200225e-01 4.161364100000000121e+00
3.025769833966962530e-01 9.175820401627565737e-02 9.486978450034885268e-01 5.955851599999999912e+00 -2.066019783238353530e-02 9.957527182582427416e-01 -8.972001062665674320e-02 -3.959664999999999990e-01 -9.529010050073839500e-01 7.546925004805332682e-03 3.031875963473599223e-01 4.191476299999999711e+00
3.232661583881564771e-01 8.831400990005633389e-02 9.421781288569249790e-01 6.049706900000000331e+00 -2.451486227995241379e-02 9.960831163417749323e-01 -8.495555818340011500e-02 -4.027970000000000161e-01 -9.459904927473418157e-01 4.365889855558489907e-03 3.241649682451989145e-01 4.224751900000000226e+00
3.448987912515230070e-01 7.674881051389076392e-02 9.354968967762218313e-01 6.146619300000000230e+00 -1.940128546379048247e-02 9.970215354335653091e-01 -7.464347261514819865e-02 -4.104091000000000267e-01 -9.384393501530030601e-01 7.594601134935145825e-03 3.453605480045605081e-01 4.260318800000000294e+00
3.646355664729744039e-01 7.107195359067164375e-02 9.284339939251138318e-01 6.245993099999999743e+00 -1.401916762529895055e-02 9.973888474124006365e-01 -7.084454810680103354e-02 -4.170285000000000242e-01 -9.310447715346596986e-01 1.281657014058332211e-02 3.646798170008928031e-01 4.299511400000000094e+00
3.804098579491339005e-01 5.606344650097751237e-02 9.231171268812814468e-01 6.348640900000000364e+00 2.349405326307039271e-03 9.980990477870199662e-01 -6.158547800623888346e-02 -4.228866000000000014e-01 -9.248150194875364161e-01 2.559649923478297603e-02 3.795550012280055618e-01 4.340125999999999706e+00
3.949643977446826715e-01 5.132158525828690865e-02 9.172618052664988086e-01 6.451264400000000343e+00 1.010040150416253654e-02 9.981354930231196576e-01 -6.019567639746782606e-02 -4.297325000000000172e-01 -9.186409017693663026e-01 3.303986159278426982e-02 3.937096152525295656e-01 4.383249799999999752e+00
4.096651202009647941e-01 6.169786281202613298e-02 9.101471655810161598e-01 6.553469200000000328e+00 1.612367033789138468e-02 9.970646458943973611e-01 -7.484730564499364469e-02 -4.360446000000000044e-01 -9.120934801573598039e-01 4.533724332056922324e-02 4.074678120079271437e-01 4.428330899999999737e+00
4.192376344318847758e-01 6.540150109742004503e-02 9.055177797979240273e-01 6.654876699999999978e+00 7.320332198072768831e-03 9.971259589917048638e-01 -7.540712593238704797e-02 -4.437471000000000054e-01 -9.078470237944645804e-01 3.824219605458329535e-02 4.175539675640211890e-01 4.476613500000000023e+00
4.269856029769725780e-01 7.214618740853664947e-02 9.013757387975357416e-01 6.752964500000000037e+00 -2.116007162218241922e-04 9.968200463394326638e-01 -7.968532136465454607e-02 -4.521029999999999771e-01 -9.042583978462838123e-01 3.383375323938632440e-02 4.256430747307047291e-01 4.524412200000000439e+00
4.345622767634866879e-01 7.929503056160494556e-02 8.971443171209239065e-01 6.849954099999999713e+00 -6.748189215882889613e-03 9.963754000327817995e-01 -8.479695838779072181e-02 -4.606033999999999962e-01 -9.006165052653885006e-01 3.079545969373094147e-02 4.335222602194843677e-01 4.572691400000000073e+00
4.429161873550565565e-01 7.472657727043918729e-02 8.934434451202299954e-01 6.945403599999999678e+00 -6.907181528680556015e-03 9.967753472862727060e-01 -7.994496785702229213e-02 -4.688962999999999881e-01 -8.965364141083116412e-01 2.923774430039966649e-02 4.420040865037722089e-01 4.619847299999999990e+00
4.496341447211824049e-01 7.074029121588118474e-02 8.904071805076275714e-01 7.036498100000000200e+00 -7.872642519561552643e-03 9.971340785959297293e-01 -7.524394196482202257e-02 -4.772372999999999754e-01 -8.931781218774953457e-01 2.682238806181576687e-02 4.489024416262974437e-01 4.666840099999999936e+00
4.561244989823274865e-01 7.295519586304635706e-02 8.869205042306245179e-01 7.125585100000000338e+00 -8.753780497241805958e-03 9.969535890365307518e-01 -7.750427494136166717e-02 -4.846476000000000117e-01 -8.898729194413812493e-01 2.758769116407924077e-02 4.553735900786392010e-01 4.712675599999999854e+00
4.598802329192643867e-01 7.027124366716763770e-02 8.851960933508421503e-01 7.212336999999999776e+00 -5.342041529309608794e-03 9.970647298986063944e-01 -7.637661281124094592e-02 -4.917923000000000155e-01 -8.879648832934906588e-01 3.039534019695513609e-02 4.589057521233408377e-01 4.757648900000000403e+00
4.635042940887081908e-01 6.946101270966564822e-02 8.833679511249408201e-01 7.295937499999999964e+00 -5.182390634474627611e-03 9.971182171497652291e-01 -7.568621971921482561e-02 -4.991242000000000179e-01 -8.860795179828049317e-01 3.050293004649260245e-02 4.625285494647208839e-01 4.802016300000000015e+00
