1.000000000000000000e+00 0.000000000000000000e+00 0.000000000000000000e+00 0.000000000000000000e+00 0.000000000000000000e+00 1.000000000000000000e+00 0.000000000000000000e+00 0.000000000000000000e+00 0.000000000000000000e+00 0.000000000000000000e+00 1.000000000000000000e+00 0.000000000000000000e+00
9.999989812518598198e-01 -1.376155644424301031e-03 3.790658053535875195e-04 -2.911999999999999767e-04 1.374638142233439294e-03 9.999911554153595450e-01 3.974853586256186372e-03 4.492000000000000224e-04 -3.845324698724743545e-04 -3.974328458567032499e-03 9.999920283922681952e-01 6.481130000000000224e-02
9.999924111498432744e-01 -3.863334829942528716e-03 -5.022815092804189816e-04 -6.129999999999999924e-05 3.868154687473955317e-03 9.999427375683663799e-01 9.977923811843227714e-03 7.494999999999999492e-04 4.637046868270261381e-04 -9.979790993449099562e-03 9.999500931294974526e-01 1.299968999999999986e-01
9.999709120261668360e-01 -7.413244422884384885e-03 -1.794131735021090674e-03 -1.102999999999999977e-04 7.430469809041214541e-03 9.999244428341493851e-01 9.792688151520640566e-03 1.367699999999999905e-03 1.721400584687723468e-03 -9.805734543754451166e-03 9.999504409469923694e-01 1.944520000000000137e-01
9.999428147232917174e-01 -1.035734966129126140e-02 -2.663191929667713554e-03 -4.231999999999999868e-04 1.037621904498014190e-02 9.999204462398773030e-01 7.171838660704849162e-03 1.854799999999999982e-03 2.588698822012493617e-03 -7.199062399947585462e-03 9.999707356412839143e-01 2.581711999999999896e-01
9.999377716426611773e-01 -1.070468120494958743e-02 -3.140484454599532307e-03 -8.105999999999999707e-04 1.071734103748212159e-02 9.999343965471751972e-01 4.042425376304919181e-03 2.034600000000000124e-03 3.097005553027625327e-03 -4.075831465736941446e-03 9.999868979914023903e-01 3.216935000000000211e-01
9.999367295968970559e-01 -1.050269249426719932e-02 -4.028678869404199621e-03 -1.178299999999999964e-03 1.051654350218702953e-02 9.999388083765610169e-01 3.432464891262329218e-03 2.370399999999999938e-03 3.992382224753569971e-03 -3.474615494411453093e-03 9.999859938675828008e-01 3.853108000000000088e-01
9.999353577187216624e-01 -1.016673470690233720e-02 -5.090961533089529735e-03 -1.727000000000000019e-03 1.019207283869744303e-02 9.999356778684092006e-01 4.976120687392305078e-03 2.995600000000000172e-03 5.040043172693628622e-03 -5.027686470363411375e-03 9.999746598457247559e-01 4.486035999999999913e-01
9.999364330765616593e-01 -9.744605978051181644e-03 -5.672077261066467251e-03 -2.462900000000000072e-03 9.790521302951125937e-03 9.999190674894038455e-01 8.124294660924232664e-03 3.279199999999999910e-03 5.592450155293142607e-03 -8.179310817763987135e-03 9.999509104830131001e-01 5.115906000000000065e-01
9.999314432904821137e-01 -9.814432817773560344e-03 -6.386362617238016369e-03 -3.176599999999999910e-03 9.875401975247137185e-03 9.999052849805049048e-01 9.586318578185199293e-03 3.771599999999999953e-03 6.291673453122848501e-03 -9.648729269732004080e-03 9.999336562335716660e-01 5.746335000000000193e-01
9.999189539154210715e-01 -1.082157515653125839e-02 -6.706646838886375431e-03 -3.941499999999999691e-03 1.088930307510878499e-02 9.998892372095721237e-01 1.014575729053250434e-02 4.515599999999999822e-03 6.596110916928663720e-03 -1.021796572667537338e-02 9.999260395135132207e-01 6.372811999999999921e-01
9.999076141480057744e-01 -1.113355702967283069e-02 -7.797889247094041965e-03 -4.336900000000000303e-03 1.121442090536813908e-02 9.998829881396598118e-01 1.040417188738934975e-02 4.843300000000000036e-03 7.681141360511744426e-03 -1.049065950129559471e-02 9.999154694926105647e-01 6.999096000000000206e-01
9.998734871935774926e-01 -1.209911231747931581e-02 -1.032574880983676800e-02 -5.445499999999999820e-03 1.216917854170731367e-02 9.999031699879161739e-01 6.749943832096281203e-03 6.180500000000000230e-03 1.024308063889352825e-02 -6.874745758602613700e-03 9.999239056897177846e-01 8.250691999999999471e-01
9.998466658847187105e-01 -1.313275313678668316e-02 -1.158341548334799846e-02 -6.698400000000000187e-03 1.319573823171629745e-02 9.998984698824124884e-01 5.377956798851949577e-03 6.785399999999999592e-03 1.151161203879228108e-02 -5.529983893151646859e-03 9.999184477078166822e-01 8.874657999999999713e-01
9.998330565542319359e-01 -1.276678647979826754e-02 -1.307165576357025884e-02 -8.018300000000000774e-03 1.283166507386300677e-02 9.999057062582957789e-01 4.891519552349480812e-03 7.012700000000000183e-03 1.300797420255143770e-02 -5.058434053939334443e-03 9.999025976824281736e-01 9.486116999999999466e-01
9.998190293859199329e-01 -1.017239443294827052e-02 -1.607578518447410135e-02 -1.061169999999999995e-02 1.024143564093813082e-02 9.999386577670759113e-01 4.218257814682243104e-03 7.470100000000000351e-03 1.603188927760406182e-02 -4.382133553319509864e-03 9.998618781770367558e-01 1.071747400000000017e+00
9.997910454886496101e-01 -1.078957032537323016e-02 -1.736233086042345344e-02 -1.204799999999999968e-02 1.087882684111618481e-02 9.999280484771313482e-01 5.054601396426426987e-03 7.842699999999999325e-03 1.730654463704402526e-02 -5.242427005650279748e-03 9.998364868676359318e-01 1.133064199999999966e+00
9.997630859904169665e-01 -1.022866272367129598e-02 -1.921318166789581089e-02 -1.297000000000000063e-02 1.034801946010676862e-02 9.999277103487461682e-01 6.123117667262679975e-03 8.430299999999999946e-03 1.914916144825778294e-02 -6.320485392694932814e-03 9.997966598665096738e-01 1.194678099999999965e+00
9.997428107535351050e-01 -1.001524775364741673e-02 -2.034716587277848182e-02 -1.469269999999999951e-02 1.014655005612600386e-02 9.999282954892352304e-01 6.360141661248792412e-03 9.105399999999999605e-03 2.028200849471842315e-02 -6.564959438235971369e-03 9.997727448970563646e-01 1.255365000000000064e+00
9.996944674057788305e-01 -1.125360987118402545e-02 -2.200745562629544821e-02 -1.601409999999999986e-02 1.139813729425097691e-02 9.999142180735893781e-01 6.452825776656115862e-03 9.268099999999999603e-03 2.193295020049922106e-02 -6.701698228782168414e-03 9.997369818789103579e-01 1.315585000000000004e+00
9.996567438579909703e-01 -1.142408236381601758e-02 -2.357720936378540286e-02 -1.767010000000000108e-02 1.157781971948235525e-02 9.999125289444849018e-01 6.394415562631234652e-03 9.372800000000000575e-03 2.350209671034029016e-02 -6.665193319717201310e-03 9.997015687935217887e-01 1.375522499999999981e+00
9.996193840584040036e-01 -1.143165177021046065e-02 -2.510785439860615392e-02 -1.911969999999999989e-02 1.159962782593741866e-02 9.999112379935298778e-01 6.554751600652702209e-03 9.999400000000000302e-03 2.503069413733267912e-02 -6.843498524231949459e-03 9.996632587421386829e-01 1.435424800000000056e+00
9.996072352177589604e-01 -1.125021426636633841e-02 -2.566725500065927812e-02 -2.114919999999999994e-02 1.147214164672529825e-02 9.998979328061718963e-01 8.515511492668931606e-03 1.043939999999999972e-02 2.556883388708786065e-02 -8.806625284702022591e-03 9.996342721639497331e-01 1.494392399999999954e+00
9.995599375759105509e-01 -1.272431381567475442e-02 -2.679595176816848209e-02 -2.259699999999999903e-02 1.303362132586889308e-02 9.998500686389275582e-01 1.140021744817425187e-02 1.093769999999999985e-02 2.664687427027115016e-02 -1.174444892926141543e-02 9.995759160819013278e-01 1.553314700000000048e+00
9.995392850265826246e-01 -1.236861397364829099e-02 -2.771705390042299155e-02 -2.412939999999999877e-02 1.273075705903198643e-02 9.998353894781437656e-01 1.292755861686415396e-02 1.145939999999999979e-02 2.755259539956242398e-02 -1.327446177663801387e-02 9.995322121629141021e-01 1.611066499999999957e+00
9.995270777051648015e-01 -1.251675333274805679e-02 -2.808828617378770695e-02 -2.627859999999999918e-02 1.284142164668563429e-02 9.998524624258082749e-01 1.140838600063782265e-02 1.234460000000000071e-02 2.794134614268766262e-02 -1.176368424664041290e-02 9.995403428119746803e-01 1.668339500000000086e+00
9.995222944318753466e-01 -1.054452886084694500e-02 -2.905160657764728135e-02 -2.833410000000000095e-02 1.080949836886699496e-02 9.999012635943659300e-01 8.978741972229909579e-03 1.281900000000000053e-02 2.895406152257563523e-02 -9.288486071109065129e-03 9.995375862606937778e-01 1.724604599999999932e+00
9.994964217672688278e-01 -1.023770884959716333e-02 -3.003484962401043595e-02 -2.984440000000000009e-02 1.045355237218900148e-02 9.999205900955701054e-01 7.038234560522865085e-03 1.352940000000000045e-02 2.996040916322641884e-02 -7.348661132336743382e-03 9.995240722775686759e-01 1.779313300000000098e+00
9.994659463520759735e-01 -9.314103317582133126e-03 -3.132202997793504667e-02 -3.158919999999999784e-02 9.529268330051821403e-03 9.999319666022246089e-01 6.727199424824626545e-03 1.383309999999999922e-02 3.125724120332962902e-02 -7.022082767733157233e-03 9.994867058775519508e-01 1.834261900000000001e+00
9.993605436988803881e-01 -9.148219529106084436e-03 -3.456607841982459878e-02 -3.568369999999999875e-02 9.337554516794539100e-03 9.999422520498463252e-01 5.320022662320255703e-03 1.450049999999999950e-02 3.451541356443627723e-02 -5.639383381983643050e-03 9.993882546746019058e-01 1.941770100000000054e+00
9.992994700981322476e-01 -8.765484300967256795e-03 -3.638317394842768143e-02 -3.785899999999999682e-02 8.944959396613211614e-03 9.999486014336221862e-01 4.773069487848124320e-03 1.515530000000000002e-02 3.633946563978330407e-02 -5.095171823636794953e-03 9.993265144391509924e-01 1.994535799999999970e+00
9.992221891816087664e-01 -8.818513120659971644e-03 -3.843501624110497866e-02 -3.993970000000000159e-02 9.056325037262100142e-03 9.999408835831243847e-01 6.017666974829716589e-03 1.545099999999999946e-02 3.837967722548895483e-02 -6.361066368247113648e-03 9.992429820672878993e-01 2.047272400000000214e+00
9.991345724826519170e-01 -9.254873943571707146e-03 -4.055186035432922081e-02 -4.214400000000000091e-02 9.602070611284863749e-03 9.999188231622024858e-01 8.375400043695545305e-03 1.581590000000000079e-02 4.047105521090745700e-02 -8.757533568570164545e-03 9.991423318506282847e-01 2.099158500000000149e+00
9.989734240753774808e-01 -7.230627706905613794e-03 -4.471930247756856353e-02 -4.685559999999999725e-02 7.694939154413039245e-03 9.999181727153789723e-01 1.021938280657811414e-02 1.646560000000000037e-02 4.464175066600795799e-02 -1.055300414581706279e-02 9.989473200329296310e-01 2.200676699999999819e+00
9.989033084746735680e-01 -4.667396425397297988e-03 -4.658750614659778327e-02 -4.968170000000000225e-02 5.117006171814510868e-03 9.999414361304848065e-01 9.536275852817186968e-03 1.673600000000000088e-02 4.654026822213973985e-02 -9.764206056387813790e-03 9.988686919279728960e-01 2.249538199999999932e+00
9.988245837640077340e-01 -3.200001478754668782e-03 -4.836538906276612038e-02 -5.224009999999999765e-02 3.632721338866521862e-03 9.999541362847016446e-01 8.861639960548617356e-03 1.713740000000000055e-02 4.833481358535390848e-02 -9.026921825972363672e-03 9.987903986713212445e-01 2.298391800000000096e+00
9.987497925233865814e-01 -2.841878208297417881e-03 -4.990767138167660766e-02 -5.500209999999999821e-02 3.348506342634059805e-03 9.999436833404485858e-01 1.007063318814079532e-02 1.769590000000000052e-02 4.987624123533726528e-02 -1.022515896140239154e-02 9.987030623185494393e-01 2.346371200000000101e+00
9.986955567805584355e-01 -1.757900283461686589e-03 -5.103033071971734003e-02 -5.763580000000000092e-02 2.355886715269381228e-03 9.999292391009737546e-01 1.166047120542630482e-02 1.853549999999999989e-02 5.100622182200069410e-02 -1.176548246104527733e-02 9.986290295990316590e-01 2.393961200000000122e+00
9.986940173320927316e-01 8.836474274163882980e-04 -5.108305895607248570e-02 -6.059160000000000240e-02 -2.579582562313546823e-04 9.999248865566509048e-01 1.225376277747996373e-02 1.878770000000000093e-02 5.109004993757199076e-02 -1.222458227886465479e-02 9.986192299297482755e-01 2.441219300000000203e+00
9.987392480723822352e-01 4.108136224102637568e-03 -5.003036654449785625e-02 -6.335159999999999403e-02 -3.588532965940375175e-03 9.999387367729600795e-01 1.047115714949317829e-02 1.898110000000000075e-02 5.007031846278744980e-02 -1.027841999828955390e-02 9.986928042653425708e-01 2.487537399999999899e+00
9.989131682162836201e-01 6.273422637936682499e-03 -4.618578279635978528e-02 -6.808069999999999400e-02 -6.031590863855548594e-03 9.999673718112090937e-01 5.373567216873299801e-03 2.015629999999999852e-02 4.621798649614405202e-02 -5.089153307675524721e-03 9.989184142075133721e-01 2.576865699999999926e+00
9.990452473222782848e-01 7.536445974951569253e-03 -4.303249684638850436e-02 -7.046159999999999923e-02 -7.291954395302832799e-03 9.999563850319731495e-01 5.835703461030261087e-03 2.094129999999999950e-02 4.307460044927433063e-02 -5.516340803004574946e-03 9.990566294161109528e-01 2.620934200000000214e+00
9.992136787416948662e-01 1.649721992050169270e-02 -3.605365377300295826e-02 -7.481500000000000650e-02 -1.605938020284758752e-02 9.997941448314868751e-01 1.240017210269113955e-02 2.098119999999999846e-02 3.625080030826016708e-02 -1.181142225011766640e-02 9.992729205684701688e-01 2.707929099999999867e+00
9.993301358936047540e-01 2.558374063062122603e-02 -2.616776089417466658e-02 -7.835680000000000422e-02 -2.522537198140460332e-02 9.995846658432685494e-01 1.393471992545426176e-02 2.163139999999999855e-02 2.651339478960330551e-02 -1.326529405426751969e-02 9.995604393284002187e-01 2.790513799999999822e+00
9.993512338550059049e-01 2.949650507338692773e-02 -2.066561349035833314e-02 -7.933510000000000562e-02 -2.917665666089420268e-02 9.994523502194758713e-01 1.561160936157463680e-02 2.246120000000000061e-02 2.111478388640336198e-02 -1.499852756845704640e-02 9.996645487723412327e-01 2.829641099999999909e+00
9.993191318664621514e-01 3.414647422024687240e-02 -1.397465505787164920e-02 -8.029769999999999963e-02 -3.391203410598020440e-02 9.992855758944801936e-01 1.668267820321640491e-02 2.300119999999999942e-02 1.453432586862278379e-02 -1.619741052030391690e-02 9.997631705879055364e-01 2.867949999999999999e+00
9.992658337692879034e-01 3.764628890903289060e-02 -7.109879939043677391e-03 -8.081030000000000157e-02 -3.752499894208825848e-02 9.991597081604814967e-01 1.648490348949085277e-02 2.322750000000000162e-02 7.724501004353840142e-03 -1.620600259284132871e-02 9.998388357951468741e-01 2.903938300000000083e+00
9.978973159232936707e-01 5.144274010954470733e-02 3.942830662237408607e-02 -7.831939999999999735e-02 -5.192015384763805363e-02 9.985886460169642875e-01 1.118095123160804498e-02 2.526170000000000151e-02 -3.879748055639314214e-02 -1.320456496927642324e-02 9.991598445526364003e-01 3.091314300000000070e+00
9.974858198188968350e-01 5.279295842404059524e-02 4.727518166079289902e-02 -7.685999999999999777e-02 -5.341350104056784287e-02 9.985008583873070664e-01 1.195966999545680295e-02 2.526799999999999879e-02 -4.657292310788218453e-02 -1.445473419501348486e-02 9.988103040580522674e-01 3.117195399999999950e+00
9.951589551595296790e-01 6.485992403785441340e-02 7.383660487588201982e-02 -7.294080000000000008e-02 -6.588357168835455580e-02 9.977609198552368497e-01 1.151094223846282211e-02 2.583569999999999964e-02 -7.292467996075686909e-02 -1.631983650149524193e-02 9.972039179571978718e-01 3.184776100000000110e+00
9.924962057868472742e-01 6.168140780153491542e-02 1.055778643008693923e-01 -6.639000000000000457e-02 -6.263424581402551872e-02 9.980200988757759184e-01 5.730051596157753266e-03 2.571589999999999987e-02 -1.050153929194204833e-01 -1.229984437328992229e-02 9.943945298916182507e-01 3.240019100000000041e+00
9.837119801967745270e-01 6.660801200851007575e-02 1.669554214561928263e-01 -5.340969999999999746e-02 -6.703075224016047384e-02 9.977460686211387930e-01 -3.108183582100941707e-03 2.582020000000000148e-02 -1.667861453222629631e-01 -8.133590064418012161e-03 9.859595460469993133e-01 3.310775800000000046e+00
9.805619795784771275e-01 6.555880957169289702e-02 1.849330870684868233e-01 -4.907140000000000113e-02 -6.587374753738413358e-02 9.978180545633028586e-01 -4.447400688757467517e-03 2.577919999999999864e-02 -1.848211394579066802e-01 -7.821283465511872160e-03 9.827410513123144842e-01 3.327611899999999956e+00
8.970948078638966150e-01 7.087898516328994258e-02 4.361158964837907881e-01 1.687920000000000045e-02 -6.891328781838509943e-02 9.974151211735641231e-01 -2.034784549736844833e-02 2.258560000000000081e-02 -4.364308243762106132e-01 -1.180023374965450539e-02 8.996604303945765491e-01 3.489368400000000037e+00
8.604431738243885075e-01 7.232858860929471112e-02 5.043868752146516421e-01 3.860480000000000161e-02 -6.615348537305747179e-02 9.973533315138427557e-01 -3.016700998169318665e-02 2.171870000000000051e-02 -5.052338676217280611e-01 -7.409951958434532818e-03 8.629506542207172615e-01 3.520008300000000201e+00
8.141830953801655335e-01 7.679739857658697544e-02 5.755067738689451096e-01 6.420860000000000456e-02 -6.682308053142839432e-02 9.970214144988225335e-01 -3.850941364208686213e-02 2.033679999999999863e-02 -5.767500005248916706e-01 -7.103421896237614025e-03 8.168898201666497938e-01 3.551638399999999862e+00
5.137373773288299583e-01 8.057604341720035757e-02 8.541553771782536275e-01 2.297952000000000050e-01 -5.828216333555908540e-02 9.965578085417398091e-01 -5.895526839403091718e-02 1.069289999999999997e-02 -8.559655931006938667e-01 -1.949449824218234956e-02 5.166651410401741362e-01 3.675191199999999991e+00
4.651283496494882375e-01 7.877929004086396680e-02 8.817309350436790538e-01 2.580978999999999912e-01 -5.614835973403527192e-02 9.966522432097136841e-01 -5.942783694720019105e-02 9.337899999999999673e-03 -8.834607971220458378e-01 -2.186617400696969082e-02 4.679945409754008301e-01 3.687955099999999931e+00
4.156699416464300079e-01 7.674026181125996604e-02 9.062722724594374224e-01 2.883897000000000266e-01 -5.602833575074207817e-02 9.967021489016369973e-01 -5.869967604562292829e-02 7.945199999999999485e-03 -9.077881499582685088e-01 -2.637723624639693246e-02 4.185987532271759903e-01 3.699921400000000027e+00
2.255583565835429793e-01 6.774671367679810374e-02 9.718712932077607780e-01 4.225222000000000144e-01 -3.251693756071493552e-02 9.975469509700533033e-01 -6.198975223391806066e-02 6.518999999999999621e-04 -9.736868472702114863e-01 -1.761997151938445028e-02 2.272079665343014199e-01 3.732303100000000207e+00
1.835092195833701589e-01 6.686565171744099367e-02 9.807412252721428025e-01 4.594861000000000084e-01 -2.336007404091070688e-02 9.976987917427698749e-01 -6.365082792721836469e-02 -1.237000000000000035e-03 -9.827403895580486548e-01 -1.122967387857153401e-02 1.846489132269002464e-01 3.736561299999999974e+00
1.125153524032741215e-01 6.895921593085556356e-02 9.912542166426170365e-01 5.363944000000000489e-01 -1.142684728076868994e-02 9.976127509539115534e-01 -6.810452477912729008e-02 -5.598800000000000131e-03 -9.935842805896180074e-01 -3.664105944212174559e-03 1.130347366646224927e-01 3.743241300000000216e+00
5.835159900477548955e-02 6.577854877693053992e-02 9.961266352298722149e-01 6.191128000000000187e-01 2.876127736819687752e-03 9.978116202818618774e-01 -6.605829485936694223e-02 -1.048849999999999956e-02 -9.982919506751656291e-01 6.719594577542509217e-03 5.803471604036747333e-02 3.746494499999999839e+00
2.288654082296856865e-02 6.671135334091127245e-02 9.975098002448810064e-01 7.051604000000000205e-01 1.005760894407457806e-02 9.977052909495943700e-01 -6.695518585974696846e-02 -1.488970000000000050e-02 -9.996874765402867791e-01 1.156493608323350131e-02 2.216306616657670592e-02 3.746664800000000017e+00
9.421288074258299047e-03 6.653081162410705296e-02 9.977398911718721175e-01 7.492908000000000346e-01 1.114123075978483771e-02 9.977152567316880383e-01 -6.663437147583252396e-02 -1.739579999999999946e-02 -9.998935504883400549e-01 1.174383197510938878e-02 8.658527724811904136e-03 3.747146600000000216e+00
-2.580850845999407492e-02 6.888881143681299668e-02 9.972904554591376369e-01 9.864640000000000075e-01 1.913394286199070551e-02 9.974740427070327708e-01 -6.840633272031637624e-02 -3.139379999999999948e-02 -9.994837733158178361e-01 1.731663317483438450e-02 -2.706143185169140875e-02 3.741221700000000094e+00
-2.847703430132947702e-02 6.203754245848211446e-02 9.976674805981763372e-01 1.037095099999999936e+00 1.686562339751306039e-02 9.979599957549459832e-01 -6.157432598251823264e-02 -3.417440000000000061e-02 -9.994521545650966177e-01 1.507282981062908755e-02 -2.946524285808016508e-02 3.740191700000000008e+00
-2.973705926750744646e-02 5.644731939577804503e-02 9.979626282778089053e-01 1.088530900000000079e+00 1.829559195225067755e-02 9.982676452522531996e-01 -5.591940412449201286e-02 -3.684380000000000294e-02 -9.993903034456748102e-01 1.659543839591270248e-02 -3.071828125416486976e-02 3.738643199999999833e+00
-2.938550474378237576e-02 5.625092476427075161e-02 9.979841309229909863e-01 1.192279300000000042e+00 2.427326516020934452e-02 9.981610247518452050e-01 -5.554617236865521529e-02 -4.211229999999999835e-02 -9.992733863710249187e-01 2.259208112393677054e-02 -3.069685914021413886e-02 3.734199300000000221e+00
-2.431441629159725518e-02 7.229301548052280424e-02 9.970870218156144826e-01 1.352910300000000010e+00 2.677579430447768818e-02 9.970711715095067484e-01 -7.163892645778684176e-02 -5.023409999999999681e-02 -9.993457189580405853e-01 2.495593831922139280e-02 -2.617890644858955618e-02 3.730226299999999995e+00
-2.207240855157386814e-02 6.797183402364134763e-02 9.974430502841727941e-01 1.408439900000000078e+00 2.641089771828374413e-02 9.973775643731510598e-01 -6.738292489047399692e-02 -5.355410000000000031e-02 -9.994074610800375291e-01 2.485606293328567265e-02 -2.380972223714039604e-02 3.728998900000000116e+00
-1.934286927194165534e-02 6.154075528762672359e-02 9.979171252398451042e-01 1.463989399999999996e+00 2.595478556664796571e-02 9.977983994842907212e-01 -6.103034567145398243e-02 -5.691960000000000075e-02 -9.994759639503680848e-01 2.472022300094161434e-02 -2.089756110807716727e-02 3.727885699999999858e+00
-9.533140662032962148e-03 7.091363403607245375e-02 9.974369031356896675e-01 1.629512000000000072e+00 3.371351349794741992e-02 9.969379411830858739e-01 -7.055593835570353467e-02 -6.662730000000000041e-02 -9.993860706637555102e-01 3.295448281232929433e-02 -1.189469738287951550e-02 3.724820600000000148e+00
-7.259941401822445767e-03 7.145967958722801439e-02 9.974170679530871553e-01 1.684408700000000092e+00 2.764472309898974994e-02 9.970764655763771911e-01 -7.123405841660133964e-02 -6.994830000000000492e-02 -9.995914478103655743e-01 2.705616356785082652e-02 -9.214199768152186998e-03 3.725499600000000022e+00
4.605304465946731887e-03 6.548109797943654775e-02 9.978431825583530257e-01 1.852794199999999947e+00 3.199333794181588586e-02 9.973332861345656219e-01 -6.559529476547501514e-02 -8.063620000000000509e-02 -9.994774722314235804e-01 3.222642045645499748e-02 2.498064540215616525e-03 3.724889500000000186e+00
1.095596754413915609e-02 7.066106987167623810e-02 9.974402137370249610e-01 1.964452599999999993e+00 2.801851161789258374e-02 9.970867275564879728e-01 -7.094378575613272120e-02 -8.772850000000000092e-02 -9.995473624505694099e-01 2.872404803094665351e-02 8.944231818668546552e-03 3.727004099999999820e+00
1.474394568782973203e-02 7.015157126337867588e-02 9.974273773638024920e-01 2.020283899999999910e+00 2.705171969061569495e-02 9.971426790951550823e-01 -7.053142554008863530e-02 -9.105370000000000130e-02 -9.995252975924793226e-01 2.802203733163981594e-02 1.280409686192285346e-02 3.727819699999999958e+00
2.833001160923570919e-02 6.843583468529648717e-02 9.972532010342944897e-01 2.244767400000000190e+00 3.894908360698055155e-02 9.968204286041227880e-01 -6.951260320020678785e-02 -1.058352999999999933e-01 -9.988395163029928359e-01 4.081139116006377021e-02 2.557442126780695713e-02 3.732443099999999792e+00
3.590246538755657163e-02 6.558948822924198785e-02 9.972005976797854165e-01 2.358133599999999941e+00 4.242007045808993126e-02 9.968445329206729877e-01 -6.709332909087188657e-02 -1.135887000000000008e-01 -9.984545811409880622e-01 4.471013553984685973e-02 3.300686562796495416e-02 3.735152699999999992e+00
4.200265132214605485e-02 6.792087690927675614e-02 9.968061655917787034e-01 2.470892000000000088e+00 3.816971654705322153e-02 9.968492108766552340e-01 -6.953217610076306565e-02 -1.203566999999999970e-01 -9.983881259413230902e-01 4.096834454142358334e-02 3.927778920595426104e-02 3.740131900000000176e+00
4.709862898853568736e-02 6.737173283067804386e-02 9.966156574942980351e-01 2.584997700000000176e+00 3.734423477161855076e-02 9.969066269880247910e-01 -6.915623758332652138e-02 -1.279459000000000013e-01 -9.981919290781319232e-01 4.047501306671817678e-02 4.443698955292196828e-02 3.746031299999999842e+00
5.246583749516616629e-02 6.766859631902824579e-02 9.963274045052372685e-01 2.699526099999999929e+00 3.304754344776685004e-02 9.970373987270004790e-01 -6.945707603811332453e-02 -1.353768999999999945e-01 -9.980757465082488178e-01 3.657029685289265447e-02 5.007412126131149943e-02 3.752321199999999912e+00
5.901166742177113567e-02 7.317962551509113456e-02 9.955713764053150117e-01 2.815054700000000132e+00 3.067198667199122486e-02 9.967056057815927295e-01 -7.508105378283805309e-02 -1.427605999999999875e-01 -9.977859752179801811e-01 3.496681016362873651e-02 5.657269522733809897e-02 3.759576099999999865e+00
6.504216623079626947e-02 7.783488551397536870e-02 9.948423227874013675e-01 2.931155700000000142e+00 2.479761688388280524e-02 9.965194086471061974e-01 -7.958735066894739862e-02 -1.507657000000000025e-01 -9.975743555288928421e-01 2.984625247243240936e-02 6.288566135826345604e-02 3.768050899999999981e+00
6.796269379436424563e-02 7.680559714992843401e-02 9.947270844300242221e-01 2.990129500000000107e+00 2.096416003399049349e-02 9.967022839063397477e-01 -7.839044106238521326e-02 -1.551369999999999971e-01 -9.974675815515423594e-01 2.618124333046384714e-02 6.612840729511271221e-02 3.772504800000000103e+00
7.561761586424876891e-02 7.845479645657160717e-02 9.940456836000872709e-01 3.108260399999999812e+00 2.239308047717762651e-02 9.965148890537482984e-01 -8.035313211654115939e-02 -1.641517999999999866e-01 -9.968854127319495273e-01 2.833585726872564145e-02 7.359723551259822472e-02 3.781381600000000009e+00
8.304667012962152484e-02 7.791514144306488365e-02 9.934950836890381609e-01 3.227983699999999789e+00 1.693879008683592258e-02 9.966844594117982847e-01 -7.958118972097298627e-02 -1.720277000000000056e-01 -9.964016900682053368e-01 2.343755748619257007e-02 8.145153729860155067e-02 3.792895800000000150e+00
9.235080428154700261e-02 8.093508496256138218e-02 9.924317815198455683e-01 3.347576099999999943e+00 1.384791551645613017e-02 9.964903205367303674e-01 -8.255468679883223859e-02 -1.819624999999999992e-01 -9.956302346676704218e-01 2.136710318941623804e-02 9.090590034146484033e-02 3.805373400000000128e+00
1.059482050720423202e-01 9.481008242306371292e-02 9.898414146280930526e-01 3.467932699999999979e+00 1.040379974070893693e-02 9.952839446251731115e-01 -9.644496110378478204e-02 -1.908755000000000035e-01 -9.943172224159489980e-01 2.051628237003965544e-02 1.044621623591294179e-01 3.818445699999999832e+00
1.129483852459399612e-01 9.753399622652436651e-02 9.888021955125397833e-01 3.528838400000000153e+00 6.103920218202947556e-03 9.950835435325836587e-01 -9.885081460770281381e-02 -1.963718000000000130e-01 -9.935821075423533211e-01 1.720060960317825599e-02 1.117977396952840596e-01 3.826363600000000087e+00
1.275525681870790518e-01 9.399448452244410501e-02 9.873679046982645202e-01 3.650980000000000114e+00 2.178609603005692008e-03 9.954703774385347259e-01 -9.504725825913645787e-02 -2.075609999999999955e-01 -9.918294188060156058e-01 1.427461108896868613e-02 1.267700259098358817e-01 3.843005900000000086e+00
1.353355992697558574e-01 9.042927756343532852e-02 9.866644927885321881e-01 3.713270200000000187e+00 1.485586790114158673e-03 9.958066380314612998e-01 -9.147093901544592343e-02 -2.131819000000000075e-01 -9.907987023619808653e-01 1.384505008418399769e-02 1.346337475746008927e-01 3.851157900000000023e+00
1.425232483048743115e-01 8.534828569460684022e-02 9.861048594452920257e-01 3.774800100000000214e+00 -6.175126000895411749e-04 9.962828552135849502e-01 -8.613995057843673586e-02 -2.179301999999999906e-01 -9.897912620198342504e-01 1.166801338954314565e-02 1.420461723973073243e-01 3.861082999999999821e+00
1.572997450506107842e-01 7.474482220543644806e-02 9.847182347049793227e-01 3.897196999999999800e+00 -2.638719212719298213e-03 9.971598727855255362e-01 -7.526769072630647150e-02 -2.281453999999999982e-01 -9.875473798091559674e-01 9.241193636765177022e-03 1.570502243622674543e-01 3.881092100000000045e+00
1.706958757779122315e-01 8.329694929008313320e-02 9.817965859745979573e-01 4.016298299999999877e+00 -2.268688822195406851e-03 9.964508703109515864e-01 -8.414580267354460075e-02 -2.371960999999999931e-01 -9.853211512209808509e-01 1.213595054012587410e-02 1.702790288351681003e-01 3.901741299999999857e+00
1.755075298495988867e-01 8.715520229072735992e-02 9.806126032637733081e-01 4.075211499999999987e+00 -3.406192157709528323e-03 9.961213653458621531e-01 -8.792396349391959354e-02 -2.415212999999999943e-01 -9.844721960629853053e-01 1.209116268841594483e-02 1.751236676288083771e-01 3.913193199999999816e+00
1.804896777721874124e-01 8.987485443833208298e-02 9.794620905156976587e-01 4.133890599999999971e+00 -5.146221993561142516e-03 9.958891656993734687e-01 -9.043387662706235675e-02 -2.468984999999999930e-01 -9.835634156559938113e-01 1.128185190003698490e-02 1.802102305664711190e-01 3.924504000000000214e+00
1.909840556645474030e-01 8.664278062431945981e-02 9.777617905438965584e-01 4.249878899999999682e+00 -3.516533563591099643e-03 9.961508062337036673e-01 -8.758541677493161814e-02 -2.566087000000000229e-01 -9.815868400063322285e-01 1.328908595910157503e-02 1.905536032741297348e-01 3.947407199999999783e+00
1.953171475926153144e-01 8.000861483199171731e-02 9.774711419826931369e-01 4.306972499999999648e+00 -2.858269446159827920e-03 9.967090156415335800e-01 -8.101214991998614834e-02 -2.613506999999999914e-01 -9.807359696432356166e-01 1.302918614308492401e-02 1.949030480941515986e-01 3.959312900000000024e+00
2.014677930183278731e-01 7.051253570441579077e-02 9.769537914788283262e-01 4.419465999999999894e+00 -8.248973408509531480e-03 9.974922229327018997e-01 -7.029380930410991657e-02 -2.702679000000000054e-01 -9.794604039031032938e-01 6.103072776098818208e-03 2.015442127391896543e-01 3.984125600000000045e+00
2.067530038709932405e-01 7.233288806010179650e-02 9.757157110015222123e-01 4.528115699999999855e+00 -1.148629311150031057e-02 9.973741336516750433e-01 -7.150456344267411279e-02 -2.784049000000000107e-01 -9.783257435337566754e-01 3.576426632197475530e-03 2.070409348695729790e-01 4.008475299999999741e+00
2.102903324582471589e-01 8.078898753748993411e-02 9.742951891327736869e-01 4.633931200000000139e+00 -1.712746748455917789e-02 9.967312237494956317e-01 -7.895262795118503096e-02 -2.866040999999999728e-01 -9.774889390331561456e-01 -8.423479192701255336e-05 2.109866511709558301e-01 4.032501199999999564e+00
2.121344350484382357e-01 8.632749728373095843e-02 9.734200247988570309e-01 4.685557799999999773e+00 -1.824743440458844596e-02 9.962668038643548440e-01 -8.437705052651085780e-02 -2.905703000000000036e-01 -9.770701165240548436e-01 1.368598938649157049e-04 2.129177509392753409e-01 4.044431200000000004e+00
2.138784000298414589e-01 8.817600141164748384e-02 9.728725624539570349e-01 4.736938999999999567e+00 -1.714482445638226826e-02 9.961032416417472390e-01 -8.651235163352558044e-02 -2.948029999999999817e-01 -9.767098264044625777e-01 1.823394048493617858e-03 2.145567296523438472e-01 4.056001199999999862e+00
2.150189121299431183e-01 8.803661625886698150e-02 9.726337551330124231e-01 4.787606199999999923e+00 -1.987482559233831603e-02 9.961168424047918135e-01 -8.576845332160996926e-02 -2.991026999999999991e-01 -9.764076293916030824e-01 -8.890867202093338806e-04 2.159336722020769317e-01 4.068106199999999895e+00
2.155914007041922209e-01 8.498296696357175717e-02 9.727786198660378636e-01 4.837945000000000384e+00 -1.953440891470635543e-02 9.963817173797521187e-01 -8.271565837088518114e-02 -3.034108999999999834e-01 -9.762882539551308581e-01 -1.169870695598276833e-03 2.164714221134007577e-01 4.079813999999999830e+00
2.160950521897357368e-01 8.243974013613050711e-02 9.728857166519624400e-01 4.887214199999999842e+00 -1.928952661639962013e-02 9.965950059213629642e-01 -8.016425846668751021e-02 -3.075053999999999843e-01 -9.761817671837711430e-01 -1.443405308962746048e-03 2.169494733782119100e-01 4.091374400000000300e+00
2.161875221627712618e-01 8.138456879868997962e-02 9.729540108466446791e-01 4.936395599999999995e+00 -1.823454735313850827e-02 9.966825970570954984e-01 -7.931772819710311562e-02 -3.113285000000000080e-01 -9.761815694551642109e-01 -5.938728606972795698e-04 2.169543518141037186e-01 4.102151400000000336e+00
2.129130729767962360e-01 8.151861887960223929e-02 9.736645922141462517e-01 5.031468399999999619e+00 -1.961073816260328062e-02 9.966692998739739018e-01 -7.915633668532566503e-02 -3.189751000000000114e-01 -9.768743226763079157e-01 -2.240862486850916935e-03 2.138025636680247477e-01 4.123900400000000133e+00
2.108177722472848736e-01 8.418894394649920065e-02 9.738932634646700892e-01 5.078062499999999702e+00 -2.066156829155754021e-02 9.964455728066468065e-01 -8.166590494059827732e-02 -3.231146999999999769e-01 -9.773069970589719491e-01 -2.905538023627647626e-03 2.118079114395117202e-01 4.134124800000000377e+00
2.085433967212346473e-01 8.803477162330783368e-02 9.740428792764729282e-01 5.123491300000000415e+00 -1.902793370259899669e-02 9.961172163684840486e-01 -8.595597124872941808e-02 -3.270807000000000020e-01 -9.778279958269650018e-01 -6.084731176785526663e-04 2.094087876319564723e-01 4.143895599999999568e+00
2.044559985910634203e-01 8.770639773151821250e-02 9.749386300876027311e-01 5.213735100000000067e+00 -1.752788888759783392e-02 9.961462520420171218e-01 -8.593845270765695932e-02 -3.342587000000000197e-01 -9.787188144463531136e-01 4.820161853125240481e-04 2.052053846981652940e-01 4.163330099999999589e+00
2.022307876714480035e-01 8.468655844605416094e-02 9.756694600818194285e-01 5.258132899999999665e+00 -1.814052209457971826e-02 9.964071694148056713e-01 -8.272650238533402201e-02 -3.379538000000000264e-01 -9.791698677838907017e-01 -9.693076589308846636e-04 2.030404650968385960e-01 4.172509200000000362e+00
1.982149324592785977e-01 7.966674382326228987e-02 9.769155800163913383e-01 5.343794299999999886e+00 -1.446071921328818954e-02 9.968205643733049071e-01 -7.835591899990881903e-02 -3.456677000000000222e-01 -9.800519007430157359e-01 1.404411294648029440e-03 1.987367592543397565e-01 4.190212700000000012e+00
1.941880775324597019e-01 8.344985397152634987e-02 9.774083652273384271e-01 5.427223200000000247e+00 -6.749672678605649068e-03 9.964651233277439513e-01 -8.373589379803500488e-02 -3.516865000000000130e-01 -9.809410953074495509e-01 9.663325698487039428e-03 1.940649058265452309e-01 4.206042300000000012e+00
1.907728895799715718e-01 8.800841776908494007e-02 9.776810435940189725e-01 5.510567199999999666e+00 -7.989082081045609240e-03 9.960790958578392695e-01 -8.810567156847290415e-02 -3.583090999999999915e-01 -9.816016906917032214e-01 8.997399447146572915e-03 1.907279938403856345e-01 4.223296600000000289e+00
1.902620455602824223e-01 8.487125716582107071e-02 9.780578836277076249e-01 5.593875399999999942e+00 -4.145552988486234103e-04 9.962630112283026307e-01 -8.637036877436062021e-02 -3.650271999999999961e-01 -9.817332540782763850e-01 1.602754396056726982e-02 1.895862222617215043e-01 4.239384199999999936e+00
1.944346981762117565e-01 8.239204135669545015e-02 9.774490777867674840e-01 5.677885500000000363e+00 7.408311264125416740e-03 9.963144094894091918e-01 -8.545592061398482597e-02 -3.714799999999999769e-01 -9.808874884864928756e-01 2.385684314502717687e-02 1.931077056096268674e-01 4.255297200000000224e+00
2.030911372375520940e-01 8.300564139593019641e-02 9.756352051212625609e-01 5.762918499999999611e+00 3.001756501464253324e-03 9.963428871066716264e-01 -8.539227582075603618e-02 -3.782538999999999763e-01 -9.791552376581885708e-01 2.027103372777024071e-02 2.020992472973214271e-01 4.273836099999999583e+00
2.097686759824275438e-01 8.178758083116434430e-02 9.743243270073701501e-01 5.805875799999999920e+00 4.391978070443100512e-03 9.964064355368180692e-01 -8.458679417876951989e-02 -3.815232000000000068e-01 -9.777411789963680322e-01 2.202287089819417870e-02 2.086556494614832946e-01 4.283457300000000245e+00
2.257238795612447335e-01 8.029412067773120110e-02 9.708767091553958117e-01 5.893016799999999833e+00 2.539724602175552626e-03 9.965456872821814027e-01 -8.300748736246515991e-02 -3.878165000000000084e-01 -9.741880105989635386e-01 2.120253154400784587e-02 2.247402337396656735e-01 4.304379499999999581e+00
2.441146074128356935e-01 7.984791838223620486e-02 9.664535003701424376e-01 5.981883500000000353e+00 -2.246315001485643670e-03 9.966482680616500778e-01 -8.177520307909486030e-02 -3.946864999999999957e-01 -9.697437870471721233e-01 1.779156259963839831e-02 2.434757642634517438e-01 4.328607100000000152e+00
2.627687712401976516e-01 8.613197428629859598e-02 9.610066887730079888e-01 6.072275600000000217e+00 -1.104619051931859247e-02 9.962108279712086345e-01 -8.626684130029378672e-02 -4.011981000000000019e-01 -9.647956024650650164e-01 1.205276891272517858e-02 2.627245253599459485e-01 4.355465399999999931e+00
2.837638205657648793e-01 9.060795365950635727e-02 9.546037360452540588e-01 6.165737599999999929e+00 -1.656517232296484538e-02 9.958402575998854811e-01 -8.959785940135045479e-02 -4.088502999999999998e-01 -9.587511091017474341e-01 9.611455510505753641e-03 2.840843725359398775e-01 4.384705499999999923e+00
3.038242114522909376e-01 9.176481181149490074e-02 9.482985119932407780e-01 6.260615800000000064e+00 -2.065890486275125809e-02 9.957511403132330852e-01 -8.973781931141375234e-02 -4.164057999999999926e-01 -9.525040987760973188e-01 7.673713448981510366e-03 3.044290655253495403e-01 4.416385199999999678e+00
3.243941892746693423e-01 8.816688236756553554e-02 9.418041255050934035e-01 6.358439899999999589e+00 -2.423217989995960636e-02 9.960945349188904396e-01 -8.490276180440337050e-02 -4.236925999999999748e-01 -9.456115541923787449e-01 4.719995582956222624e-03 3.252637548506916998e-01 4.451402200000000420e+00
3.461946461043740042e-01 7.667211484176875147e-02 9.350244134857428335e-01 6.460259899999999611e+00 -1.894043599495485314e-02 9.970229205450259480e-01 -7.474326586514692949e-02 -4.314513999999999849e-01 -9.379714957785165730e-01 8.165948417522737868e-03 3.466162004197930191e-01 4.488741899999999951e+00
3.658001148859488239e-01 7.092141764131236481e-02 9.279872997348472818e-01 6.564200399999999824e+00 -1.350402086081510869e-02 9.973918333044702322e-01 -7.090255480685148104e-02 -4.385879999999999779e-01 -9.305954638670970169e-01 1.340460283986269832e-02 3.658037715123891864e-01 4.529951999999999757e+00
3.816549666471126256e-01 5.590770051207302749e-02 9.226124947436186163e-01 6.672515399999999985e+00 2.766180477942917909e-03 9.980954764492561138e-01 -6.162603457221638159e-02 -4.448964000000000252e-01 -9.243007274037789989e-01 2.607199484091906813e-02 3.807734449851516434e-01 4.572800199999999649e+00
3.961557483811034008e-01 5.119461608173703909e-02 9.167550023364211542e-01 6.779654999999999987e+00 1.040624765981772865e-02 9.981299370237572965e-01 -6.023569395792537084e-02 -4.519895999999999914e-01 -9.181243559748594185e-01 3.340269601684660306e-02 3.948821683294343465e-01 4.617927599999999799e+00
4.107062461604754633e-01 6.173192869101287034e-02 9.096755181628547460e-01 6.886751699999999587e+00 1.611681774106305670e-02 9.970579177198556353e-01 -7.493835398543986781e-02 -4.586977999999999889e-01 -9.116252670646377565e-01 4.543872458854272822e-02 4.085029923477847547e-01 4.665581200000000095e+00
