1.000000000000000000e+00 0.000000000000000000e+00 0.000000000000000000e+00 0.000000000000000000e+00 0.000000000000000000e+00 1.000000000000000000e+00 0.000000000000000000e+00 0.000000000000000000e+00 0.000000000000000000e+00 0.000000000000000000e+00 1.000000000000000000e+00 0.000000000000000000e+00
9.999986795232639336e-01 -1.609265937381213363e-03 2.263070288052891816e-04 -1.630000000000000047e-04 1.608326184626703449e-03 9.999903295572480921e-01 4.093174668904109824e-03 3.468999999999999753e-04 -2.328918468865417870e-04 -4.092805288441989618e-03 9.999915973178267192e-01 6.247590000000000088e-02
9.999923372981804892e-01 -3.885210881280781476e-03 -4.800847114556341857e-04 -1.056999999999999943e-04 3.889874917963990607e-03 9.999411307744361377e-01 1.012935628086551569e-02 7.173000000000000339e-04 4.407017639976772367e-04 -1.013114613210630045e-02 9.999485815080719764e-01 1.249889000000000000e-01
9.999700715732938727e-01 -7.518602153125279047e-03 -1.823891269945938009e-03 -1.720000000000000134e-05 7.536691949642598809e-03 9.999203596909805869e-01 1.012287261187103278e-02 1.197099999999999987e-03 1.747636162866155135e-03 -1.013631575687123747e-02 9.999470990361036815e-01 1.868452999999999919e-01
9.999427484973338887e-01 -1.033412240587187544e-02 -2.775903762410633028e-03 -3.174000000000000172e-04 1.035463552873820692e-02 9.999184131140634868e-01 7.479882253087066259e-03 1.744600000000000014e-03 2.698379266282087841e-03 -7.508197490310925849e-03 9.999681723533914157e-01 2.478659000000000001e-01
9.999369777150485250e-01 -1.079268131518907464e-02 -3.091703110469919136e-03 -9.468000000000000287e-04 1.080572923862565399e-02 9.999326475802824410e-01 4.235152737296446826e-03 2.054900000000000129e-03 3.045786222969589820e-03 -4.268293934991777838e-03 9.999862523320850460e-01 3.086169999999999747e-01
9.999374176129367520e-01 -1.052782711622514585e-02 -3.784932467335533519e-03 -1.410999999999999928e-03 1.054140957259415944e-02 9.999380052091899618e-01 3.586700780492040313e-03 2.361100000000000091e-03 3.746937655504340575e-03 -3.626374839538308147e-03 9.999864048394502269e-01 3.695103000000000137e-01
9.999356201064002470e-01 -1.008596054909943925e-02 -5.198946261570293499e-03 -1.523899999999999907e-03 1.011284669588273337e-02 9.999354915134330835e-01 5.171377330508823873e-03 2.983899999999999834e-03 5.146452577675197752e-03 -5.223620544309915716e-03 9.999731135456966236e-01 4.301070000000000171e-01
9.999348891718592425e-01 -9.871725292382352301e-03 -5.724199211534202608e-03 -2.278200000000000190e-03 9.918981098452347295e-03 9.999164689412315399e-01 8.286673281098506927e-03 3.255399999999999874e-03 5.641917300894732507e-03 -8.342911952721625279e-03 9.999492810084513739e-01 4.904737000000000124e-01
9.999265511740308421e-01 -1.009129831574473446e-02 -6.712522291287955842e-03 -2.612300000000000125e-03 1.015648706310050275e-02 9.999008928347579150e-01 9.749373251189869666e-03 3.808000000000000187e-03 6.613473198362742819e-03 -9.816832816982874743e-03 9.999299434288874133e-01 5.509644999999999682e-01
9.999131594579281357e-01 -1.119067315732681644e-02 -6.960055829513226919e-03 -3.513699999999999810e-03 1.126332899592325659e-02 9.998815533444745940e-01 1.048888465806581058e-02 4.383100000000000017e-03 6.841853754184636788e-03 -1.056636719627417412e-02 9.999207673218313275e-01 6.104884999999999895e-01
9.999062768668705026e-01 -1.128936873434944858e-02 -7.745168546471021404e-03 -4.137199999999999732e-03 1.137137844887040929e-02 9.998788670885452312e-01 1.062745980466920336e-02 4.717100000000000112e-03 7.624253039210890717e-03 -1.071453700853131248e-02 9.999135309926987514e-01 6.706024000000000429e-01
9.998976348354772226e-01 -1.155564126903970042e-02 -8.437239197740186228e-03 -4.935199999999999830e-03 1.163192449665424212e-02 9.998914022890532660e-01 9.048865173872641665e-03 5.455299999999999733e-03 8.331757493035421916e-03 -9.146080214608699743e-03 9.999234625879048766e-01 7.304418999999999773e-01
9.998743453820481131e-01 -1.211001458557570132e-02 -1.022941804591251565e-02 -5.221599999999999853e-03 1.218147372370701614e-02 9.999016325993016485e-01 6.952468854285377524e-03 5.958899999999999614e-03 1.014421730541752685e-02 -7.076204631602766616e-03 9.999235081661357327e-01 7.896229000000000164e-01
9.998438440216157463e-01 -1.330048595045964753e-02 -1.163549077437275175e-02 -6.272400000000000024e-03 1.336796078336444267e-02 9.998941658227979978e-01 5.740625229469119989e-03 6.452099999999999676e-03 1.155790623656889615e-02 -5.895271580886889476e-03 9.999158267456387250e-01 8.490003999999999884e-01
9.998170157883401465e-01 -1.165750976434629625e-02 -1.516698408359906658e-02 -7.981600000000000153e-03 1.172256539539127430e-02 9.999224362770353647e-01 4.207480285042255845e-03 7.193299999999999694e-03 1.511675893334122125e-02 -4.384506345350072144e-03 9.998761221788721176e-01 9.671783000000000463e-01
9.998193210376247198e-01 -1.012918154417760848e-02 -1.608492962708234914e-02 -9.989599999999999522e-03 1.019585605680537084e-02 9.999397438083230671e-01 4.068571225164904943e-03 7.735500000000000188e-03 1.604274911391451869e-02 -4.231835747099167884e-03 9.998623514099715948e-01 1.025986800000000088e+00
9.997908377747697362e-01 -1.059308724848023742e-02 -1.749477648242970390e-02 -1.120069999999999920e-02 1.068093185257772831e-02 9.999307773314705106e-01 4.935406775713550506e-03 8.028199999999999226e-03 1.744128425273439031e-02 -5.121234990434837125e-03 9.998347736280170928e-01 1.084523300000000079e+00
9.997639136318279274e-01 -1.015301334509490991e-02 -1.921023996688695640e-02 -1.221580000000000062e-02 1.026968773020129830e-02 9.999293560762909649e-01 5.984678001224540654e-03 8.502799999999999594e-03 1.914812036454777155e-02 -6.180548266012713711e-03 9.997975546627608789e-01 1.143012300000000092e+00
9.997429360099046036e-01 -9.907321004437360384e-03 -2.039379535081618788e-02 -1.377880000000000077e-02 1.004128931210170397e-02 9.999286067482040519e-01 6.477184229755334963e-03 8.985399999999999290e-03 2.032816782808056361e-02 -6.680299178221989903e-03 9.997710433872561975e-01 1.201057000000000041e+00
9.997007424344811488e-01 -1.102548187929524096e-02 -2.183722338751909256e-02 -1.519900000000000070e-02 1.117153212954933098e-02 9.999159633638919908e-01 6.577467593090836027e-03 9.134800000000000211e-03 2.176286851096439004e-02 -6.819454478845464983e-03 9.997399024720305949e-01 1.258551100000000034e+00
9.996699097041471527e-01 -1.109120274769775406e-02 -2.317448712942219574e-02 -1.693249999999999963e-02 1.123923906104083888e-02 9.999171959118053898e-01 6.267441679102724039e-03 9.463799999999999643e-03 2.310305472077376493e-02 -6.525836458389219080e-03 9.997117896279342775e-01 1.315711999999999993e+00
9.996365888743548034e-01 -1.088436851248335800e-02 -2.466213100542153161e-02 -1.828990000000000130e-02 1.104831710950526617e-02 9.999177002436070438e-01 6.521305742247951280e-03 1.002849999999999922e-02 2.458912102316644990e-02 -6.791410871131543965e-03 9.996745729814715542e-01 1.372817600000000082e+00
9.996090954168355136e-01 -1.110521937328767458e-02 -2.565795125506004776e-02 -2.005859999999999935e-02 1.132757765552739465e-02 9.998993958901617463e-01 8.537217517880836895e-03 1.038509999999999954e-02 2.556056228634021738e-02 -8.824522715749053350e-03 9.996343258684373678e-01 1.429209600000000080e+00
9.995705707926186845e-01 -1.244494087594512355e-02 -2.652918113912691028e-02 -2.156119999999999912e-02 1.275432365167995102e-02 9.998522417417251562e-01 1.152483892447155912e-02 1.080730000000000059e-02 2.638183529450849329e-02 -1.185825158448949347e-02 9.995816027898134504e-01 1.485286099999999943e+00
9.995458004059941670e-01 -1.232688311009445987e-02 -2.749983351823245825e-02 -2.308800000000000088e-02 1.268613896581561283e-02 9.998359517503171423e-01 1.292793354243135240e-02 1.137789999999999982e-02 2.733596109304459870e-02 -1.327092838981413711e-02 9.995382072191096867e-01 1.540545700000000018e+00
9.995365311365000949e-01 -1.218046803472784718e-02 -2.789908819419090885e-02 -2.496929999999999983e-02 1.250146100797916611e-02 9.998573204558128813e-01 1.136011459396140191e-02 1.220289999999999916e-02 2.775673605232153313e-02 -1.170362889777916068e-02 9.995461913660342868e-01 1.594951699999999972e+00
9.995239083111917555e-01 -1.040564683419422168e-02 -2.904615685908229841e-02 -2.662600000000000036e-02 1.066603217344374785e-02 9.999041814673865769e-01 8.824037721520188934e-03 1.270040000000000058e-02 2.895155387877225081e-02 -9.129643914073106922e-03 9.995391223609042530e-01 1.648541999999999952e+00
9.995058328273068726e-01 -9.968094661582353397e-03 -2.981152852521107635e-02 -2.837049999999999988e-02 1.018088632831081093e-02 9.999237093324876424e-01 6.994645690015593997e-03 1.329609999999999993e-02 2.973953089343802161e-02 -7.294696948919338758e-03 9.995310638987973118e-01 1.700541599999999987e+00
9.994389409179254002e-01 -9.498286458349150183e-03 -3.211831146263414288e-02 -3.182549999999999962e-02 9.697328491359987271e-03 9.999346952755110429e-01 6.047065767922826796e-03 1.394259999999999944e-02 3.205877722225681375e-02 -6.355134823594807067e-03 9.994657808371367747e-01 1.804567800000000055e+00
9.993712195844426383e-01 -9.104591009590299461e-03 -3.426765076353922163e-02 -3.381569999999999715e-02 9.290449145322194485e-03 9.999429641191611706e-01 5.268402344568759964e-03 1.418379999999999988e-02 3.421772962927237954e-02 -5.583451543101541729e-03 9.993988053064121191e-01 1.856012599999999901e+00
9.993119492936448633e-01 -8.737698487831319083e-03 -3.604553542495110563e-02 -3.598300000000000110e-02 8.917609711027712355e-03 9.999485555862164254e-01 4.833468535236286334e-03 1.477200000000000041e-02 3.600144769280033685e-02 -5.151582880541209428e-03 9.993384596611136761e-01 1.906562099999999926e+00
9.992347741086936574e-01 -8.817841796039742677e-03 -3.810658575637394796e-02 -3.794209999999999944e-02 9.051853462887260102e-03 9.999411929986452563e-01 5.972812849279795014e-03 1.510410000000000051e-02 3.805167750355144263e-02 -6.313177528481242820e-03 9.992558299197756844e-01 1.957130700000000001e+00
9.991609789100587280e-01 -9.213192316870162310e-03 -3.990557994598760427e-02 -4.029259999999999786e-02 9.552300150787966862e-03 9.999198003579791161e-01 8.315432273097262891e-03 1.546349999999999981e-02 3.982576785603134106e-02 -8.689645527383495563e-03 9.991688537355865041e-01 2.006622300000000081e+00
9.990001381170073858e-01 -6.969350040139000654e-03 -4.416052764877410886e-02 -4.471130000000000243e-02 7.424858534468484553e-03 9.999208277455561289e-01 1.015921829596611037e-02 1.602900000000000158e-02 4.408622821180395446e-02 -1.047694615143060504e-02 9.989727914620081251e-01 2.103678700000000124e+00
9.989347236868980628e-01 -4.726928459499251181e-03 -4.590287529032655717e-02 -4.761309999999999848e-02 5.165123672496576418e-03 9.999421756400355132e-01 9.432225279334150239e-03 1.636740000000000070e-02 4.585563553183307633e-02 -9.659271380961958683e-03 9.989013760959389865e-01 2.150384199999999968e+00
9.988511275206024553e-01 -3.258976408018306441e-03 -4.781008391117045481e-02 -4.985570000000000279e-02 3.690955822159522424e-03 9.999531376752844869e-01 8.949821141919472867e-03 1.663419999999999829e-02 4.777867616353603103e-02 -9.116003846283859957e-03 9.988163477726695882e-01 2.197284900000000096e+00
9.987802955278183292e-01 -2.784719064438600459e-03 -4.929672002371004308e-02 -5.246359999999999912e-02 3.284551179792639681e-03 9.999439908810306976e-01 1.006115423123003783e-02 1.723130000000000148e-02 4.926594146985547457e-02 -1.021080019633268179e-02 9.987335012757103669e-01 2.243230800000000080e+00
9.987340118869512118e-01 -1.663571110475850880e-03 -5.027530239944449919e-02 -5.521870000000000250e-02 2.253121157061954011e-03 9.999293410073174515e-01 1.167203657136848052e-02 1.811830000000000038e-02 5.025233273437959558e-02 -1.177053625932793224e-02 9.986671905749787692e-01 2.288559900000000091e+00
9.987775864271235537e-01 4.355564800131315507e-03 -4.923780972059580568e-02 -6.063049999999999690e-02 -3.859018879385808613e-03 9.999407847287640205e-01 1.017521544304318508e-02 1.872329999999999828e-02 4.927921290055559816e-02 -9.972767484287282588e-03 9.987352517482328551e-01 2.377403999999999851e+00
9.989443985223458444e-01 6.600288967848658150e-03 -4.545904581455272042e-02 -6.490379999999999761e-02 -6.375846016314112505e-03 9.999667680817838633e-01 5.080484194271079820e-03 1.975570000000000104e-02 4.549106778703880527e-02 -4.785281351486252166e-03 9.989532841099137972e-01 2.462969800000000209e+00
9.990767017043117315e-01 7.872136955263278266e-03 -4.223474365248525847e-02 -6.722150000000000347e-02 -7.641822187301157594e-03 9.999550536266970102e-01 5.611887390806460409e-03 2.035030000000000172e-02 4.227702290004863722e-02 -5.283955543624396269e-03 9.990919543007649173e-01 2.504841299999999826e+00
9.991574726206460255e-01 1.219292613131442611e-02 -3.918772076402554649e-02 -6.889059999999999628e-02 -1.187020007422663094e-02 9.998937785078610974e-01 8.457544056652275752e-03 2.057609999999999995e-02 3.928668039578757376e-02 -7.985252258300544123e-03 9.991960730956915837e-01 2.547076899999999977e+00
9.993679707584978145e-01 2.963529707604191377e-02 -1.963181574019510003e-02 -7.568320000000000602e-02 -2.933812920007177610e-02 9.994531145159272212e-01 1.525601715562486561e-02 2.197059999999999985e-02 2.007319598574492867e-02 -1.467041416005580683e-02 9.996908750965420865e-01 2.703449500000000061e+00
9.993186115183948504e-01 3.450028596966489558e-02 -1.311651405514794103e-02 -7.631899999999999795e-02 -3.428170308510956887e-02 9.992753416441012559e-01 1.653954097455996586e-02 2.228720000000000007e-02 1.367762795706692347e-02 -1.607861468149861250e-02 9.997771754963162838e-01 2.739862000000000020e+00
9.991629436100848416e-01 4.088377384994500846e-02 1.388939241604024172e-03 -7.712769999999999349e-02 -4.090111901295553215e-02 9.990275732078743864e-01 1.646227304697260238e-02 2.272050000000000111e-02 -7.145487515643807880e-04 -1.650530236534871950e-02 9.998635228939547481e-01 2.807859399999999894e+00
9.989300949583443945e-01 4.538979878871007151e-02 8.856159011292023472e-03 -7.714989999999999348e-02 -4.552576487369263541e-02 9.988380829447970344e-01 1.580787119848546182e-02 2.323899999999999924e-02 -8.128352796116114151e-03 -1.619414169022447350e-02 9.998358263513759114e-01 2.840276699999999988e+00
9.978850566870020034e-01 5.117774753064385090e-02 4.007807129177197447e-02 -7.384469999999999923e-02 -5.165518624095529615e-02 9.986047433118621086e-01 1.096851719522937661e-02 2.439639999999999864e-02 -3.946080809095149633e-02 -1.301555963988858776e-02 9.991363469677546627e-01 2.953325500000000048e+00
9.967599201231077677e-01 5.649579835949813944e-02 5.725282878512317347e-02 -7.168389999999999485e-02 -5.726017293272975262e-02 9.982895750609720453e-01 1.179817444766681316e-02 2.487359999999999918e-02 -5.648835483433364141e-02 -1.503825429717898544e-02 9.982899962815432460e-01 3.000912399999999813e+00
9.923818966084874127e-01 6.173994727071657751e-02 1.066130864141472678e-01 -6.273439999999999572e-02 -6.268358274056384793e-02 9.980181873997291397e-01 5.519608153303580400e-03 2.485530000000000031e-02 -1.060610189397979686e-01 -1.216044943117916208e-02 9.942852627546501232e-01 3.095026299999999786e+00
9.765462209851462072e-01 6.502222249836955847e-02 2.052549362646431397e-01 -4.245979999999999893e-02 -6.541769639605632403e-02 9.978461039659933807e-01 -4.865983777354153210e-03 2.452199999999999866e-02 -2.051292355513070209e-01 -8.675447035202087098e-03 9.786964459631372071e-01 3.192708999999999797e+00
9.668595376383715134e-01 6.737611401444634773e-02 2.462581851188440640e-01 -3.287090000000000151e-02 -6.735277124005209504e-02 9.976927804230967256e-01 -8.527607983236474426e-03 2.438380000000000061e-02 -2.462645705009142150e-01 -8.341172096466599462e-03 9.691667483792753002e-01 3.224127300000000140e+00
9.113458935246236958e-01 7.367124226338610249e-02 4.049953214781309985e-01 7.103100000000000212e-03 -7.277132486428074254e-02 9.971926218917582796e-01 -1.764112020643696793e-02 2.206129999999999897e-02 -4.051579897191989188e-01 -1.339488365048829149e-02 9.141485549180107251e-01 3.317173200000000044e+00
8.137514543801688260e-01 7.691699193276359259e-02 5.761009866734956297e-01 6.210929999999999923e-02 -6.688328259804536546e-02 9.970123067239677894e-01 -3.864048071469541878e-02 1.951129999999999878e-02 -5.773518831727060263e-01 -7.087777717163904617e-03 8.164646755395864597e-01 3.391116400000000031e+00
7.567299879210427349e-01 8.520591982476810600e-02 6.481509674511284347e-01 9.118039999999999479e-02 -7.330545534783922124e-02 9.962763320177973059e-01 -4.538480447693477027e-02 1.813120000000000009e-02 -6.496045224575214272e-01 -1.316895925951774848e-02 7.601582354449346601e-01 3.422058100000000103e+00
6.872635619995711709e-01 8.422472908917055801e-02 7.215088297155605179e-01 1.274938999999999933e-01 -6.968654550837519168e-02 9.963188413900565532e-01 -4.992546110237267715e-02 1.630339999999999914e-02 -7.230577997109020050e-01 -1.596750766498022250e-02 6.906029662376191869e-01 3.452983399999999925e+00
4.154835486707271208e-01 7.685214887507350878e-02 9.063482597750509573e-01 2.775100999999999818e-01 -5.601190422065958213e-02 9.966950199149201550e-01 -5.883624616146606451e-02 7.813600000000000406e-03 -9.078744887755991755e-01 -2.632079957145127408e-02 4.184150190186345375e-01 3.532398900000000008e+00
3.651964513629962217e-01 7.661157171927893139e-02 9.277727194688234480e-01 3.076544999999999974e-01 -5.878002407768664894e-02 9.965169815450802826e-01 -5.915077566447215357e-02 6.409999999999999899e-03 -9.290729038570122444e-01 -3.293284942096439544e-02 3.684276954135163873e-01 3.543099199999999893e+00
2.251154942808598347e-01 6.787103066075458879e-02 9.719652964132676765e-01 4.059891999999999945e-01 -3.232726185273643998e-02 9.975419146560170480e-01 -6.216974059389469842e-02 8.783000000000000442e-04 -9.737956471333135688e-01 -1.742560476581683782e-02 2.267562257640498569e-01 3.563538100000000153e+00
1.446415288145240508e-01 6.841417824393969394e-02 9.871161676101773974e-01 4.778086999999999751e-01 -1.991851755318904335e-02 9.976060475355555957e-01 -6.622255340116417477e-02 -2.898599999999999875e-03 -9.892836200001902114e-01 -1.008335934563416719e-02 1.456579728803963913e-01 3.571398499999999920e+00
1.121646126814932337e-01 6.909046898967693973e-02 9.912848262516669173e-01 5.150886999999999549e-01 -1.129215216176931644e-02 9.976041241988726771e-01 -6.825319539007412839e-02 -5.276399999999999667e-03 -9.936254762039702371e-01 -3.538145868484915413e-03 1.126760602889862461e-01 3.573600100000000168e+00
5.818796462265850983e-02 6.600747912869153744e-02 9.961210636625188464e-01 5.936019000000000156e-01 3.107221744339756786e-03 9.977949028417298916e-01 -6.629990223291740148e-02 -9.756199999999999595e-03 -9.983008093486172019e-01 6.953025394621750038e-03 5.785455463278588173e-02 3.576571899999999804e+00
2.255919854077196099e-02 6.686577951260300190e-02 9.975069173150479251e-01 6.761827000000000254e-01 1.034161563934455491e-02 9.976918475734994907e-01 -6.711205757049197584e-02 -1.418260000000000007e-02 -9.996920193475418159e-01 1.182982736767211954e-02 2.181562828077565630e-02 3.577055699999999838e+00
-2.736675806350986027e-03 6.738062975743705496e-02 9.977235896474646593e-01 7.616311999999999527e-01 1.160847985953153069e-02 9.976622384070190641e-01 -6.734464531087265560e-02 -1.940860000000000155e-02 -9.999288743710134097e-01 1.139775373429254002e-02 -3.512464794220182540e-03 3.577144600000000008e+00
-2.626733100731053899e-02 6.892620400347584941e-02 9.972758924808238223e-01 9.444818000000000380e-01 1.916835795745578525e-02 9.974714264333838232e-01 -6.843484128837765135e-02 -2.999869999999999967e-02 -9.994711608520614465e-01 1.731854066085904836e-02 -2.752211427944717403e-02 3.572216300000000011e+00
-2.872057841113517807e-02 6.218074462265699848e-02 9.976515841584686628e-01 9.928232000000000168e-01 1.709866323707628227e-02 9.979478371146598414e-01 -6.170696973338832270e-02 -3.256909999999999666e-02 -9.994412259313877334e-01 1.528624860272000119e-02 -2.972484671820785351e-02 3.570922100000000210e+00
-3.019353478726285664e-02 5.655547758048458384e-02 9.979427981666554315e-01 1.041692999999999980e+00 1.830955107253615446e-02 9.982617725106546214e-01 -5.601958482002832029e-02 -3.512500000000000344e-02 -9.993763609354450184e-01 1.658045534747048036e-02 -3.117655696028664991e-02 3.569698999999999955e+00
-2.909777509144450408e-02 6.379261631022992152e-02 9.975388822442079473e-01 1.191191399999999900e+00 2.546235487057614197e-02 9.976849212226377439e-01 -6.305922969259816768e-02 -4.249300000000000299e-02 -9.992522143929294387e-01 2.356480573386493874e-02 -3.065472168447547219e-02 3.563981300000000019e+00
-2.679624418666402483e-02 7.190969319602590060e-02 9.970511307460324657e-01 1.242219699999999927e+00 2.604142211617748934e-02 9.971209999760445308e-01 -7.121485618141791540e-02 -4.509060000000000151e-02 -9.993016589757347523e-01 2.405633869121405130e-02 -2.859172847377122739e-02 3.562611799999999995e+00
-1.992643660890017904e-02 6.167560430958489437e-02 9.978973178424317414e-01 1.400592099999999895e+00 2.606544762520221492e-02 9.977882882115410856e-01 -6.114837976578459122e-02 -5.429690000000000211e-02 -9.994616198554948650e-01 2.479217096041182178e-02 -2.148996730803443000e-02 3.559533399999999848e+00
-1.717410614342236574e-02 6.013882850226102972e-02 9.980422693376019838e-01 1.454122399999999926e+00 2.412275329160995865e-02 9.979238554063154520e-01 -5.971659387998666524e-02 -5.740119999999999945e-02 -9.995614752739357955e-01 2.304994831601097846e-02 -1.858916433900781318e-02 3.559032900000000055e+00
-1.369521291742639528e-02 6.556256420635328541e-02 9.977544744664562648e-01 1.506850100000000081e+00 3.186916451566613323e-02 9.973697240950046838e-01 -6.509984494396046928e-02 -6.043620000000000242e-02 -9.993982176771279979e-01 3.090604525561452265e-02 -1.574861487363710122e-02 3.557768100000000100e+00
-7.795316463726667360e-03 7.173185285602343142e-02 9.973934902169114824e-01 1.612652799999999997e+00 2.762339514672914470e-02 9.970586042172331354e-01 -7.149187224398660667e-02 -6.667019999999999891e-02 -9.995880056712356243e-01 2.699409272831088114e-02 -9.753864668803902127e-03 3.557072900000000093e+00
2.523713241369468160e-04 6.450566769984827920e-02 9.979173087702766232e-01 1.719529499999999933e+00 2.705256829699631896e-02 9.975516746557525627e-01 -6.448887454468250902e-02 -7.378170000000000561e-02 -9.996339804434677401e-01 2.701250129292361371e-02 -1.493290543965630768e-03 3.557456999999999869e+00
1.776773914593280518e-02 6.718201142027874218e-02 9.975825202895084454e-01 1.988863000000000048e+00 3.111477670204777432e-02 9.972196294558050012e-01 -6.771175155620091923e-02 -9.106029999999999680e-02 -9.993578829010275610e-01 3.224264209943888959e-02 1.562798496363815293e-02 3.560360699999999934e+00
2.145401927152775293e-02 6.761349558538937154e-02 9.974808971964432835e-01 2.042766299999999813e+00 3.565325453396758076e-02 9.970241764628620107e-01 -6.834937446449748655e-02 -9.469690000000000052e-02 -9.991339101933398581e-01 3.702980911747332654e-02 1.897953472797619945e-02 3.560852999999999824e+00
2.490919479680117274e-02 6.845076248715883938e-02 9.973434840261915513e-01 2.096400699999999784e+00 3.824023044015912448e-02 9.968576341371483407e-01 -6.937248761844275191e-02 -9.817399999999999738e-02 -9.989580655815634147e-01 3.986665746477920103e-02 2.221334806208707935e-02 3.562214399999999781e+00
3.503203786263654751e-02 6.584556509897496190e-02 9.972146799360644964e-01 2.258520600000000211e+00 4.195362003428543263e-02 9.968506553199470988e-01 -6.729535462579006033e-02 -1.085798000000000041e-01 -9.985052078428081623e-01 4.419425918587942953e-02 3.215925008145725794e-02 3.566498999999999864e+00
4.393269713014699707e-02 6.810977542047388922e-02 9.967100765092340442e-01 2.420779500000000084e+00 3.950937458478420011e-02 9.967743962431035998e-01 -6.985565341556575214e-02 -1.184864999999999946e-01 -9.982529376078939087e-01 4.244833902956681587e-02 4.110001302726040695e-02 3.573351900000000025e+00
4.849650686078729039e-02 6.799201500094746720e-02 9.965064850358036352e-01 2.530452299999999877e+00 3.561125843421419912e-02 9.969283999842663002e-01 -6.975387858422163467e-02 -1.256751999999999869e-01 -9.981883224597616344e-01 3.886966942130662406e-02 4.592626377188890885e-02 3.579883600000000055e+00
5.157346251022702777e-02 6.808122335738681086e-02 9.963458862216818535e-01 2.585540099999999786e+00 3.243299462173551695e-02 9.970331406434888022e-01 -6.980700049742544211e-02 -1.291405999999999943e-01 -9.981424140995980299e-01 3.591466949232149930e-02 4.921237334943961983e-02 3.582690500000000000e+00
5.838276116546459865e-02 7.373932534655489035e-02 9.955671575017583930e-01 2.695751399999999798e+00 3.019246847615535828e-02 9.966815932223322960e-01 -7.559243731425571711e-02 -1.362172000000000105e-01 -9.978375960275360779e-01 3.447192523240097395e-02 5.596265115913534594e-02 3.589062000000000197e+00
6.450125432704022221e-02 7.821887850399283915e-02 9.948474230935194784e-01 2.807059000000000193e+00 2.421499354350022462e-02 9.965071649661777498e-01 -7.991936097566866570e-02 -1.438537000000000010e-01 -9.976237879471031578e-01 2.924512295492354488e-02 6.238189244824721147e-02 3.597016099999999827e+00
7.075718780901310567e-02 7.818466934432607984e-02 9.944247472045726344e-01 2.920406299999999788e+00 2.225966029921593384e-02 9.965514463772893183e-01 -7.993573823200726680e-02 -1.520353999999999872e-01 -9.972451694025512570e-01 2.779158510864170387e-02 6.877281367245025034e-02 3.605660700000000052e+00
7.823674965156773853e-02 8.042742839147748457e-02 9.936852820517629858e-01 3.033306599999999964e+00 1.723956707272275568e-02 9.964822968907905976e-01 -8.201115357315311161e-02 -1.600083999999999951e-01 -9.967857384268210552e-01 2.354699015984785052e-02 7.657500194782251857e-02 3.615388600000000174e+00
8.736244774541122859e-02 7.820257041629988248e-02 9.931022911584758139e-01 3.148165500000000172e+00 1.665386713862283125e-02 9.966599251908943025e-01 -7.994774685887043320e-02 -1.689018999999999937e-01 -9.960373745162675041e-01 2.352342446933661929e-02 8.576827541682308098e-02 3.625574600000000203e+00
9.823515145049366293e-02 9.036899692700692266e-02 9.910516128910261680e-01 3.262579000000000118e+00 1.126911238898684053e-02 9.957035312650194259e-01 -9.191020037153099786e-02 -1.778190000000000048e-01 -9.950994232364233083e-01 2.019708446229818988e-02 9.679470881076013278e-02 3.638016499999999986e+00
1.055177610785514725e-01 9.517989901253373630e-02 9.898519025192271670e-01 3.319943400000000100e+00 9.441609112158834416e-03 9.952680943782654666e-01 -9.670716793510901466e-02 -1.824764000000000108e-01 -9.943725952148636527e-01 1.955011858327349028e-02 1.041198095898999698e-01 3.644600599999999968e+00
1.196986354991880774e-01 9.626080131770295423e-02 9.881326301612077811e-01 3.436660499999999896e+00 1.313194272166202936e-03 9.952722618049039127e-01 -9.711539735054654232e-02 -1.930793000000000093e-01 -9.928094037530245108e-01 1.292219065889010921e-02 1.190063225553131820e-01 3.659870399999999968e+00
1.347950496930928332e-01 9.084715762676925932e-02 9.867001006026977494e-01 3.555363199999999946e+00 9.627915896166447385e-04 9.957756820948868715e-01 -9.181429072218405540e-02 -2.040420000000000011e-01 -9.908730330423730637e-01 1.332609843876706585e-02 1.341381656718499960e-01 3.675968899999999984e+00
1.419280651687147565e-01 8.535882933035907061e-02 9.861897862849803298e-01 3.614095400000000069e+00 -1.424952283862808422e-03 9.962916904025933551e-01 -8.602811834354892606e-02 -2.089698999999999862e-01 -9.898759487069342944e-01 1.080453099831613778e-02 1.415233842213103888e-01 3.685385500000000203e+00
1.567387841972025797e-01 7.539620201326638349e-02 9.847580242122211391e-01 3.731855599999999828e+00 -3.465735411463340132e-03 9.971177121052299253e-01 -7.579087599500031192e-02 -2.181171000000000082e-01 -9.876340122770379537e-01 8.466459000462327189e-03 1.565483211840772437e-01 3.704594399999999954e+00
1.639599215765583651e-01 7.734210711757660839e-02 9.834303953931980979e-01 3.789487100000000108e+00 -3.597891013671312976e-03 9.969619907509301715e-01 -7.780645331973388978e-02 -2.224932000000000021e-01 -9.864604398032706944e-01 9.218864602297302535e-03 1.637400782905087393e-01 3.714560999999999780e+00
1.750656176839337219e-01 8.785643820441894902e-02 9.806290204613443695e-01 3.903027799999999825e+00 -4.400883897550333934e-03 9.960705221232579731e-01 -8.845420949859056359e-02 -2.310424000000000089e-01 -9.845469322108839627e-01 1.116965635699593978e-02 1.747643471964565043e-01 3.735249800000000064e+00
1.849552295526928625e-01 9.021768960955239836e-02 9.785971242256056302e-01 4.014939799999999614e+00 -8.588042384777172522e-03 9.958876774614482397e-01 -9.018857692878649857e-02 -2.411039000000000099e-01 -9.827094222551792102e-01 8.276615368423861918e-03 1.849694273358037933e-01 3.757522300000000204e+00
1.903216224905016352e-01 8.726151360344130969e-02 9.778359311542090815e-01 4.070247199999999843e+00 -4.473215759380803902e-03 9.961085309011249445e-01 -8.802150309312298249e-02 -2.457362999999999909e-01 -9.817116024339087588e-01 1.237832418540805307e-02 1.899713313555704275e-01 3.768061599999999789e+00
1.980988315518730225e-01 7.447230004953758753e-02 9.773488269103896009e-01 4.179234499999999741e+00 -5.123073548606048300e-03 9.971745396975431053e-01 -7.494458950724011692e-02 -2.545758000000000187e-01 -9.801686625551739862e-01 9.839405689613271722e-03 1.979206382378477791e-01 3.790670400000000217e+00
2.043817167733044393e-01 7.103621562510784027e-02 9.763103860547934776e-01 4.284559699999999971e+00 -1.047677753484562574e-02 9.974650779120495248e-01 -7.038220995673719060e-02 -2.628251999999999811e-01 -9.788352011351462156e-01 4.156250181601782445e-03 2.046078556731041331e-01 3.814014900000000097e+00
2.077941972999092779e-01 7.754684514556012265e-02 9.750938715715820049e-01 4.386841300000000388e+00 -1.682838066633108448e-02 9.969884783658319316e-01 -7.570191285517305357e-02 -2.703426999999999913e-01 -9.780277997954023306e-01 -6.788326404047681506e-04 2.084734084088685213e-01 3.837302900000000072e+00
2.097723428784639133e-01 8.139037986208286224e-02 9.743567982157181895e-01 4.436891600000000047e+00 -1.806657235178129456e-02 9.966818423437193708e-01 -7.936563554705024226e-02 -2.744852999999999876e-01 -9.775833279709396084e-01 -9.545722786712257379e-04 2.105467303593830941e-01 3.848728700000000114e+00
2.133303863139354994e-01 8.890145467758150954e-02 9.729268613988187875e-01 4.535461899999999602e+00 -1.794596324784670377e-02 9.960398009480092574e-01 -8.707845503083440353e-02 -2.823689999999999811e-01 -9.768152786879683580e-01 1.116370753842493846e-03 2.140809777586182294e-01 3.871214399999999944e+00
2.145632338374223735e-01 8.879025213886831969e-02 9.726658777865830885e-01 4.583928099999999617e+00 -2.052129088852909511e-02 9.960493298670403117e-01 -8.639796925673884354e-02 -2.864662000000000042e-01 -9.764944932284544965e-01 -1.422531734692859817e-03 2.155376558700772271e-01 3.882775999999999783e+00
2.150638773531532433e-01 8.584849890145523910e-02 9.728193891438402519e-01 4.632278399999999685e+00 -2.032060924410967334e-02 9.963065300705146177e-01 -8.342883781282679767e-02 -2.905071000000000181e-01 -9.763885504745412058e-01 -1.825753328791562824e-03 2.160140391896007150e-01 3.893894200000000083e+00
2.155911134496369674e-01 8.201710769072864671e-02 9.730332295700866441e-01 4.726321699999999737e+00 -1.905059531079881380e-02 9.966300263482297250e-01 -7.978512016304273313e-02 -2.983949000000000185e-01 -9.762978780166685633e-01 -1.335899387835869090e-03 2.164270518049341563e-01 3.915442200000000206e+00
2.142796806407508137e-01 8.126930825616546228e-02 9.733855957430550543e-01 4.772578199999999882e+00 -1.914967432803890354e-02 9.966907085413737599e-01 -7.899950303909863969e-02 -3.021616999999999775e-01 -9.765846140696810007e-01 -1.712028872087552334e-03 2.151268475098198074e-01 3.925715400000000077e+00
2.124734405313144781e-01 8.227487936019334258e-02 9.736970171953140962e-01 4.817688000000000415e+00 -2.051487096342399785e-02 9.966050569436094575e-01 -7.973393596066266631e-02 -3.057251000000000274e-01 -9.769514712298354997e-01 -3.033924964567211169e-03 2.134399638333209781e-01 3.936182000000000070e+00
2.042501034677351168e-01 8.838097063618358118e-02 9.749208682056331732e-01 4.990927700000000300e+00 -1.816999063159777106e-02 9.960867440725830191e-01 -8.649306170628939805e-02 -3.204304000000000041e-01 -9.787500940862621235e-01 -4.808623909471204660e-05 2.050567019481354114e-01 3.973223200000000066e+00
2.017464771007280167e-01 8.535790075163092461e-02 9.757112214977955444e-01 5.033002899999999613e+00 -1.851114516795861198e-02 9.963495718101625931e-01 -8.333587617752916121e-02 -3.240469000000000266e-01 -9.792628331975109512e-01 -1.248812628232912059e-03 2.025900885655648187e-01 3.982329599999999914e+00
1.998117678826850374e-01 8.137481911937669010e-02 9.764493823178369558e-01 5.074422400000000444e+00 -1.784017169066696995e-02 9.966823602820690242e-01 -7.941033293351450195e-02 -3.278438000000000185e-01 -9.796718765431843279e-01 -1.552905616197752803e-03 2.006006051698341341e-01 3.990713099999999791e+00
1.979199550911268091e-01 8.053487458497829432e-02 9.769042047981510990e-01 5.115351200000000098e+00 -1.451375239204737849e-02 9.967506587418771824e-01 -7.923051993478358312e-02 -3.312198000000000087e-01 -9.801107296465172425e-01 1.502755208148680299e-03 1.984457088438943417e-01 3.998727099999999979e+00
1.904965124655323139e-01 8.876000455781607457e-02 9.776669884625160956e-01 5.272643600000000319e+00 -8.677028439153536277e-03 9.960174478548822208e-01 -8.873529594312043467e-02 -3.432594999999999952e-01 -9.816495239727544009e-01 8.420520146850477006e-03 1.905080232549828390e-01 4.029799900000000434e+00
1.897945412354284656e-01 8.564164316275796329e-02 9.780815615650955142e-01 5.351358900000000141e+00 -1.362188928839776214e-03 9.962104628131175366e-01 -8.696469526765618352e-02 -3.495999000000000190e-01 -9.818228845156111717e-01 1.517309256733734291e-02 1.891919678617134393e-01 4.045113599999999643e+00
1.976039769564316428e-01 8.275167009335893109e-02 9.767828977760422138e-01 5.470897199999999572e+00 3.635358380998883476e-03 9.963618696970235611e-01 -8.514580895906176394e-02 -3.592714000000000185e-01 -9.802751922090264802e-01 2.037610636532968811e-02 1.965842359624622171e-01 4.068407500000000176e+00
2.093118736376999023e-01 8.253627804492859321e-02 9.743594318118780073e-01 5.551772599999999613e+00 3.203382767792667396e-03 9.963682261630472103e-01 -8.508875502406798574e-02 -3.653810000000000113e-01 -9.778436878627987383e-01 2.093133295308934744e-02 2.082873049604521132e-01 4.086699499999999929e+00
2.251985911512633665e-01 8.081133773986903801e-02 9.709557776933916973e-01 5.634171000000000262e+00 1.458304004813289201e-03 9.965253133471383418e-01 -8.327768733470809759e-02 -3.714850000000000096e-01 -9.743117919295218865e-01 2.016996656121855525e-02 2.242982491148864943e-01 4.106669899999999984e+00
2.339979066314841483e-01 8.043649264558438983e-02 9.689039943890002116e-01 5.675929499999999628e+00 -2.205354287997583762e-03 9.966130644568628183e-01 -8.220423447952891760e-02 -3.750688999999999829e-01 -9.722345993146651599e-01 1.709884220576965430e-02 2.333827617684617328e-01 4.117725400000000313e+00
2.531315033738740783e-01 8.433016553417294059e-02 9.637493788224518187e-01 5.760667299999999713e+00 -9.158469091206718204e-03 9.963577759436195169e-01 -8.477797332202244296e-02 -3.812760000000000038e-01 -9.673885281744807330e-01 1.263350694237865002e-02 2.529818769373590737e-01 4.141451400000000227e+00
2.731863686036175576e-01 8.937399566938268591e-02 9.578003429250053768e-01 5.847572800000000015e+00 -1.698310481444281761e-02 9.959676023797474631e-01 -8.809148177207028196e-02 -3.878979000000000177e-01 -9.618111988119238953e-01 7.798968395019020838e-03 2.736026204771135895e-01 4.167681199999999642e+00
2.929355095558318633e-01 9.205528001564962370e-02 9.516903974836067315e-01 5.936217300000000030e+00 -2.146132246729982873e-02 9.957366861706885564e-01 -8.970988491671516574e-02 -3.950869000000000186e-01 -9.558913112269719070e-01 5.854676340844557070e-03 2.936622615960795546e-01 4.196535599999999810e+00
3.137390744234815898e-01 9.327691336825648383e-02 9.449165098633781623e-01 6.027948900000000165e+00 -2.570031892854293676e-02 9.956326700980963063e-01 -8.975009660332686212e-02 -4.019982999999999751e-01 -9.491613597207105846e-01 3.873456573411308834e-03 3.147661188045906000e-01 4.227668800000000005e+00
3.348175097116643517e-01 8.167209970781649786e-02 9.387368658574117841e-01 6.123116500000000073e+00 -2.207073652512777512e-02 9.966430810528785766e-01 -7.883813530686667459e-02 -4.092665999999999804e-01 -9.420244783336142458e-01 5.677774100993203399e-03 3.354961178635904595e-01 4.262530299999999883e+00
3.559408852909672349e-01 7.390087096814026979e-02 9.315818522536990498e-01 6.220345000000000013e+00 -2.101462223117846542e-02 9.972491665174265663e-01 -7.108083801404466162e-02 -4.165466999999999920e-01 -9.342721615411450076e-01 5.723735707409895179e-03 3.565147500718425233e-01 4.299888600000000061e+00
3.741603238741992854e-01 6.603248374076289839e-02 9.250101421764955756e-01 6.321413500000000241e+00 -8.306244836569574852e-03 9.976603544608159124e-01 -6.785884934062867690e-02 -4.228883999999999976e-01 -9.273268346894041336e-01 1.770672832979212560e-02 3.738334033186249128e-01 4.339878999999999820e+00
3.812965066442932094e-01 5.645246282809782135e-02 9.227275293722957406e-01 6.373420199999999980e+00 1.542295472172643817e-03 9.980935068526752829e-01 -6.170067182134358896e-02 -4.257255999999999818e-01 -9.244515105431626578e-01 2.494936911368423813e-02 3.804825010894642423e-01 4.360363500000000059e+00
3.956628876412052187e-01 5.178758793630627855e-02 9.169345260590648916e-01 6.476626900000000298e+00 9.061193107299293087e-03 9.981401396833705641e-01 -6.028396413917729013e-02 -4.325493999999999728e-01 -9.183511170151070768e-01 3.216064813713688519e-02 3.944577526028661962e-01 4.404016999999999626e+00
4.105461539899858403e-01 6.225870529139442694e-02 9.097118824438154006e-01 6.578871300000000311e+00 1.497816445106184974e-02 9.970712691589468379e-01 -7.499692531993515376e-02 -4.388612000000000068e-01 -9.117167926684842660e-01 4.441551342950208342e-02 4.084112536807549265e-01 4.449156300000000286e+00
4.201168039579872282e-01 6.595856717000533886e-02 9.050697975565233921e-01 6.680683100000000429e+00 6.154838579610907162e-03 9.971249725962570976e-01 -7.552421457368821422e-02 -4.467071000000000236e-01 -9.074491660661687664e-01 3.729955015537667062e-02 4.185029922999613516e-01 4.497910000000000075e+00
4.278737132458110271e-01 7.281993752950807752e-02 9.009002953775961942e-01 6.779136699999999571e+00 -1.566066077166305970e-03 9.968073955403721209e-01 -7.982833853376995747e-02 -4.550587999999999855e-01 -9.038371717020070584e-01 3.274557823918784749e-02 4.266217225546512504e-01 4.546110200000000212e+00
4.353957370288963902e-01 7.993731534534628813e-02 8.966830977510631406e-01 6.875685700000000011e+00 -7.909460789844460771e-03 9.963510962862783815e-01 -8.498195902157773540e-02 -4.634964999999999780e-01 -9.002044171226211144e-01 2.990850287978100500e-02 4.344392809684824996e-01 4.594301699999999933e+00
4.436970205401099543e-01 7.506888396005215180e-02 8.930272205396772023e-01 6.970532399999999740e+00 -7.739359275428903118e-03 9.967692876344981245e-01 -7.994429026904308067e-02 -4.719269999999999854e-01 -8.961434351050254765e-01 2.855958489907386988e-02 4.428445481526870342e-01 4.641268300000000124e+00
4.503806938517521674e-01 7.134119238022203213e-02 8.899818340142581219e-01 7.061990699999999954e+00 -8.892918193797377108e-03 9.971115627227814526e-01 -7.542842627637834363e-02 -4.800325999999999760e-01 -8.927923311787645533e-01 2.605697131864645813e-02 4.497142288543765076e-01 4.688744999999999941e+00
