9.999959956870260180e-01 -2.237621175755536828e-03 1.732530342378577450e-03 7.346660000000000690e-02 2.233170569122281453e-03 9.999942129071087704e-01 2.566534921076471260e-03 -5.151499999999999829e-02 -1.738263248952266011e-03 -2.562655608096677234e-03 9.999952056070626760e-01 1.756514000000000131e-01
9.999907944560414430e-01 -1.173574094931535217e-03 -4.127193600833647946e-03 7.400439999999999796e-02 1.182019191308202868e-03 9.999972116985997861e-01 2.044364365080899876e-03 -5.145650000000000224e-02 4.124782879914492412e-03 -2.049223967637299904e-03 9.999893933674116608e-01 2.208964999999999956e-01
9.999616048828208204e-01 -2.302686734233745820e-03 -8.454962683379278407e-03 7.350650000000000239e-02 2.317667141090937362e-03 9.999957611414872494e-01 1.762418247958130344e-03 -5.165809999999999846e-02 8.450868546868989598e-03 -1.781946368893399515e-03 9.999627030484395940e-01 2.664927000000000268e-01
9.999169796217478590e-01 -5.091288434786708826e-04 -1.287535055608006809e-02 7.253099999999999825e-02 5.200497589547054727e-04 9.999995078717461849e-01 8.448695247282517803e-04 -5.212189999999999879e-02 1.287491407231226501e-02 -8.514952062938817897e-04 9.999167523066829766e-01 3.126928999999999959e-01
9.998367062354092116e-01 2.359751981474714645e-03 -1.791626174495875370e-02 7.132149999999999601e-02 -2.359655229679412641e-03 9.999972156575351878e-01 2.654004669126336380e-05 -5.208959999999999979e-02 1.791627448787813312e-02 1.574048785567039354e-05 9.998394905487140161e-01 3.602039000000000213e-01
9.997523302859785410e-01 2.556695046558690818e-03 -2.210749642530053516e-02 6.984880000000000255e-02 -2.526589250654415284e-03 9.999958426486934560e-01 1.389615805921118330e-03 -5.191049999999999831e-02 2.211095734051900241e-02 -1.333415077344820773e-03 9.997546336825438029e-01 4.084902000000000255e-01
9.996465539829523239e-01 1.681513297448028812e-03 -2.653186052727769806e-02 6.843000000000000471e-02 -1.572592365768328646e-03 9.999902530598415717e-01 4.125619779502359870e-03 -5.220110000000000028e-02 2.653853920734029759e-02 -4.082437794308614067e-03 9.996394548227856003e-01 4.574440000000000173e-01
9.995557308199982671e-01 9.976354959735501786e-04 -2.978834853287781054e-02 6.645990000000000231e-02 -7.869550611115412727e-04 9.999746022918420962e-01 7.083464759842045440e-03 -5.241790000000000338e-02 2.979465869297416580e-02 -7.056875703121517386e-03 9.995311294895621312e-01 5.069263999999999992e-01
9.994682929794993509e-01 2.779994459919057741e-03 -3.248696599328039503e-02 6.456169999999999964e-02 -2.577267207486418944e-03 9.999769564050808857e-01 6.280473913031955555e-03 -5.255789999999999768e-02 3.250367705947979080e-02 -6.193406948835116638e-03 9.994524264255799650e-01 5.568317999999999879e-01
9.993951091766432038e-01 2.195169588692511692e-03 -3.470730448021460551e-02 6.256549999999999612e-02 -1.979778635453487319e-03 9.999785769803214430e-01 6.239075008836657277e-03 -5.269689999999999791e-02 3.472025677266870475e-02 -6.166588269713469198e-03 9.993780450654055070e-01 6.072357999999999922e-01
9.993283032081552442e-01 -9.043395325112915618e-04 -3.663501845392314049e-02 6.087170000000000081e-02 1.116512493766033112e-03 9.999827215043904927e-01 5.771489627805109421e-03 -5.278329999999999828e-02 3.662916606968573408e-02 -5.808516392551102414e-03 9.993120460248424708e-01 6.583170000000000410e-01
9.992551686256367915e-01 -8.819203682402963415e-04 -3.857888271340084718e-02 5.865940000000000043e-02 1.132493804275700768e-03 9.999784039568679894e-01 6.473722086883196281e-03 -5.278200000000000253e-02 3.857234025481903750e-02 -6.512590601212783076e-03 9.992345874372681180e-01 7.096791999999999545e-01
9.991948865874571428e-01 -2.575527875121133310e-03 -4.003679899346628684e-02 5.656280000000000335e-02 2.820160746932397818e-03 9.999776920451998174e-01 6.054924055426316037e-03 -5.278619999999999840e-02 4.002031122867750340e-02 -6.162959363811559843e-03 9.991798599957065763e-01 7.617530999999999608e-01
9.991154811004402392e-01 -4.301200553892291006e-04 -4.204842948522392182e-02 5.413439999999999919e-02 5.960509539816250197e-04 9.999920852223060930e-01 3.933728003354884997e-03 -5.309839999999999699e-02 4.204640470594548513e-02 -3.955311553098287206e-03 9.991078296969860828e-01 8.141146999999999689e-01
9.990467870660971750e-01 8.523688632163740268e-05 -4.365214757124140366e-02 5.190639999999999837e-02 -3.033553630109867065e-05 9.999992078022464925e-01 1.258361885448602184e-03 -5.326609999999999678e-02 4.365222024895713815e-02 -1.255838187316593883e-03 9.990459982091834945e-01 8.672640000000000349e-01
9.989635102363625396e-01 4.186698755900312811e-03 -4.532523325667674879e-02 4.875120000000000148e-02 -4.207925071803920829e-03 9.999910771128042164e-01 -3.729093237211647191e-04 -5.356000000000000344e-02 4.532326756573159393e-02 5.632479924304938058e-04 9.989722139123109468e-01 9.206250000000000266e-01
9.989076628440364258e-01 5.026936141121001247e-03 -4.645654985572950785e-02 4.600270000000000054e-02 -5.035114649504441806e-03 9.999873219877657426e-01 -5.902713683354666606e-05 -5.390890000000000265e-02 4.645566415337461924e-02 2.928767140427903010e-04 9.989203098802722502e-01 9.745059999999999834e-01
9.988451002075604546e-01 4.086400824535415220e-03 -4.787240457350876166e-02 4.323880000000000084e-02 -3.997660653819322570e-03 9.999901094623001585e-01 1.949278552129800899e-03 -5.471349999999999825e-02 4.787989662316921580e-02 -1.755649702567303348e-03 9.988515571362325263e-01 1.028942100000000082e+00
9.987519627030768676e-01 4.329890287070285379e-03 -4.975710046670322323e-02 3.675760000000000138e-02 -4.168245962339360219e-03 9.999856948953264046e-01 3.351974091265688769e-03 -5.522180000000000144e-02 4.977090236623307046e-02 -3.140390869463419946e-03 9.987557234994139943e-01 1.138389199999999990e+00
9.986616238998977657e-01 4.102063907246927300e-03 -5.155709477191267043e-02 3.399279999999999663e-02 -3.989622133205711178e-03 9.999894338870158883e-01 2.283643921421403284e-03 -5.536710000000000242e-02 5.156591766713124192e-02 -2.074894220550022126e-03 9.986674376133028996e-01 1.193433600000000094e+00
9.985674018620955827e-01 2.583698372496200709e-03 -5.344593942577958307e-02 2.826479999999999965e-02 -2.393710186892499588e-03 9.999905883306572374e-01 3.618480571642456768e-03 -5.605729999999999741e-02 5.345478547263384644e-02 -3.485362653461950011e-03 9.985641883010067943e-01 1.304419400000000007e+00
9.985659615427270319e-01 3.699093380998099909e-03 -5.340727624966084414e-02 2.500089999999999951e-02 -3.339141693201414136e-03 9.999711178938348599e-01 6.827408798882354454e-03 -5.639120000000000243e-02 5.343098895773552154e-02 -6.639283569255664472e-03 9.985494726515483643e-01 1.360537200000000002e+00
9.986876951521698187e-01 3.383994553264514475e-03 -5.110221259896875756e-02 1.911679999999999977e-02 -2.689471793622769634e-03 9.999031695358437943e-01 1.365350847382689609e-02 -5.664650000000000241e-02 5.114346774631177428e-02 -1.349815294909016347e-02 9.986000929170019136e-01 1.473152400000000029e+00
9.988349743576164785e-01 4.045997632367274825e-03 -4.808662915175650199e-02 1.323249999999999947e-02 -3.500881849931788969e-03 9.999287189426655509e-01 1.141494020801734482e-02 -5.639910000000000062e-02 4.812938630704216569e-02 -1.123329590274694395e-02 9.987779409042175649e-01 1.585988299999999906e+00
9.989213060799436716e-01 4.194810729306820002e-03 -4.624530054486282460e-02 7.598500000000000219e-03 -4.038556005068702839e-03 9.999858184472238953e-01 3.471738732913970654e-03 -5.617799999999999877e-02 4.625920800157867774e-02 -3.281229553229089799e-03 9.989240808027833873e-01 1.700325599999999993e+00
9.989508949764905887e-01 -2.906656691652264950e-04 -4.579328486948026217e-02 2.659400000000000132e-03 7.262559868683377863e-04 9.999546506147166669e-01 9.495749904112279344e-03 -5.647069999999999868e-02 4.578844808366121927e-02 -9.519045512480714399e-03 9.989058042651575153e-01 1.815818200000000049e+00
9.989027347247905197e-01 -3.682804789173483966e-03 -4.668793750231035877e-02 6.279999999999999504e-05 4.280446910656504449e-03 9.999100974355532578e-01 1.270727432093406335e-02 -5.651119999999999755e-02 4.663694172627369516e-02 -1.289317630792582818e-02 9.988286948576883262e-01 1.873699699999999968e+00
9.987171764427406062e-01 -1.217446369393949263e-02 -4.915062473666810539e-02 -5.093300000000000258e-03 1.259016796293360718e-02 9.998874689029324525e-01 8.157033869764717879e-03 -5.668449999999999878e-02 4.904578625024724747e-02 -8.765384455476992256e-03 9.987580682459805681e-01 1.989261500000000016e+00
9.986445063959623614e-01 -1.183637755498726483e-02 -5.068579694096342347e-02 -8.035000000000000475e-03 1.206785445578376949e-02 9.999180922488861700e-01 4.263294756631417180e-03 -5.678790000000000227e-02 5.063118341495488617e-02 -4.869184708315633069e-03 9.987055493518985916e-01 2.047221400000000191e+00
9.985138769022505745e-01 -1.085422291110847877e-02 -5.340621198543443054e-02 -1.496669999999999945e-02 1.113033228671930601e-02 9.999261709988116476e-01 4.875269719955421452e-03 -5.705799999999999761e-02 5.334935179385411758e-02 -5.462453354589693472e-03 9.985609687277610114e-01 2.164292300000000058e+00
9.984106266417080988e-01 -7.671983474472530984e-03 -5.583333483215221354e-02 -2.186360000000000040e-02 8.211116453443505908e-03 9.999217938659712424e-01 9.433118171952957834e-03 -5.788209999999999883e-02 5.575659759615709393e-02 -9.876579439535742785e-03 9.983955403561630693e-01 2.281854599999999955e+00
9.983613841068471606e-01 -6.720197711180756449e-03 -5.682768398397935322e-02 -2.913169999999999996e-02 7.574338035531758863e-03 9.998613651727972229e-01 1.482834576457286481e-02 -5.773149999999999810e-02 5.672015627256222353e-02 -1.523447988980490379e-02 9.982738774980056684e-01 2.400188899999999848e+00
9.983649374033676249e-01 -8.386307485632028911e-04 -5.715547622089720003e-02 -3.732289999999999913e-02 1.780209270210634511e-03 9.998635147859137318e-01 1.642506179328361363e-02 -5.732620000000000077e-02 5.713390078162208785e-02 -1.649995449770978381e-02 9.982301682893827133e-01 2.517497300000000049e+00
9.983523905779552177e-01 -6.896543735191182443e-04 -5.737620241988024283e-02 -4.052680000000000171e-02 1.535767942615369605e-03 9.998907112065837932e-01 1.470398108059450988e-02 -5.708200000000000079e-02 5.735979117908659997e-02 -1.476787119517001569e-02 9.982443409988630556e-01 2.575573900000000194e+00
9.982851170231085147e-01 1.146191854890399753e-03 -5.852786835679437555e-02 -4.747130000000000100e-02 -4.147079997963492790e-04 9.999216776427158893e-01 1.250866089761355077e-02 -5.711329999999999879e-02 5.853762164141428775e-02 -1.246293803275793505e-02 9.982074043144331110e-01 2.691518799999999878e+00
9.982387722496558480e-01 -1.093032454170953958e-03 -5.931406964248656793e-02 -5.130730000000000013e-02 1.899180067009694764e-03 9.999065737912495866e-01 1.353649896086270461e-02 -5.685110000000000163e-02 5.929373232115423692e-02 -1.362530620200856461e-02 9.981475864511865081e-01 2.748640299999999925e+00
9.981557226262760540e-01 2.006511293503794938e-03 -6.067229434301822655e-02 -5.852330000000000032e-02 -1.354289485247067194e-03 9.999408786112825576e-01 1.078912332335457691e-02 -5.679220000000000101e-02 6.069035581051530903e-02 -1.068705733705243091e-02 9.980994276709448387e-01 2.862937000000000065e+00
9.981090346509147171e-01 2.493197367382308117e-03 -6.141774104529151845e-02 -6.231590000000000046e-02 -2.082212284970672445e-03 9.999750187027139914e-01 6.754728899608914913e-03 -5.701939999999999786e-02 6.143304762275371422e-02 -6.614071166397636134e-03 9.980892919585834244e-01 2.919182300000000119e+00
9.980636428574098939e-01 2.227162812947625862e-03 -6.216111768622849948e-02 -6.956080000000000596e-02 -1.669310473733299138e-03 9.999578824138268818e-01 9.024788141412871598e-03 -5.766009999999999885e-02 6.217859928254102636e-02 -8.903546723622294060e-03 9.980253246521360033e-01 3.032396600000000220e+00
9.980646944119456743e-01 5.454080958246150003e-04 -6.218173605166110035e-02 -7.313790000000000568e-02 2.051790084835336948e-04 9.999272082216504876e-01 1.206383685360644560e-02 -5.782670000000000171e-02 6.218378944679970460e-02 -1.205324802967914881e-02 9.979919316016392372e-01 3.088334099999999971e+00
9.980033017127544204e-01 -4.528803380905174238e-03 -6.299920404559085363e-02 -7.961830000000000296e-02 5.272929532779697080e-03 9.999182284648107100e-01 1.165043337978570633e-02 -5.832240000000000341e-02 6.294128998188096291e-02 -1.195936134296422988e-02 9.979455735117447324e-01 3.199529599999999974e+00
9.979698158462064761e-01 -7.041266391170392103e-03 -6.329824031912126281e-02 -8.312709999999999544e-02 7.707836569164031038e-03 9.999173223151111012e-01 1.029260849354121654e-02 -5.851510000000000045e-02 6.322053396889110166e-02 -1.075960509437188378e-02 9.979415789428264238e-01 3.254563099999999931e+00
9.977717908649994527e-01 -1.213185955693739729e-02 -6.560694580410325605e-02 -8.990030000000000243e-02 1.318321156025278537e-02 9.997911516663116060e-01 1.561588879019448935e-02 -5.860019999999999812e-02 6.540379413313429646e-02 -1.644600357049855882e-02 9.977233447602344985e-01 3.364672199999999780e+00
9.977317600288297950e-01 -1.297125189040020110e-02 -6.605362710835437079e-02 -9.360670000000000102e-02 1.437846747331280803e-02 9.996787271400122687e-01 2.087348022836333153e-02 -5.868589999999999918e-02 6.576165070078930641e-02 -2.177588409504372866e-02 9.975977226161789613e-01 3.419582600000000028e+00
9.976370346587878357e-01 -9.976186505219697409e-03 -6.797663407402200486e-02 -1.013126000000000027e-01 1.130062037100799943e-02 9.997531953487392986e-01 1.912705856151868805e-02 -5.817869999999999986e-02 6.776904202104951092e-02 -1.985004012082793728e-02 9.975035502948100818e-01 3.528106900000000046e+00
9.975117800378646704e-01 -6.650099974230837957e-03 -7.018564565510188036e-02 -1.091647000000000034e-01 7.113255560608541112e-03 9.999545312967756949e-01 6.351136463268586101e-03 -5.783100000000000046e-02 7.014021871237827166e-02 -6.834581872969490261e-03 9.975137283313956216e-01 3.634265899999999938e+00
9.973966200764953216e-01 5.562571929264360001e-04 -7.210875701271292348e-02 -1.174855000000000066e-01 1.505264176613225753e-04 9.999520083885279353e-01 9.795828783048458888e-03 -5.875699999999999673e-02 7.211074539748389689e-02 -9.781180791935715352e-03 9.973486696740185842e-01 3.738579500000000166e+00
9.972320295572730808e-01 3.740941522459666040e-03 -7.425822904976660255e-02 -1.253891000000000033e-01 -2.929937842191677154e-03 9.999349045881888998e-01 1.102733197335535771e-02 -5.925509999999999805e-02 7.429464778382731394e-02 -1.077923664900392285e-02 9.971780750537698745e-01 3.839082700000000070e+00
9.969991069371316739e-01 6.569366431210189178e-03 -7.713380705795754022e-02 -1.334059999999999968e-01 -5.597653901235627102e-03 9.999023160662583454e-01 1.280720875656574283e-02 -6.013249999999999845e-02 7.721040757154253031e-02 -1.233700733665832848e-02 9.969384891820615158e-01 3.936058500000000127e+00
9.967745465862074550e-01 5.678346020263255398e-03 -8.005160625705555477e-02 -1.410200000000000065e-01 -4.558738911953645959e-03 9.998893231539153215e-01 1.416189755427098296e-02 -6.023060000000000219e-02 8.012316255236769102e-02 -1.375128464105034726e-02 9.966901128200919002e-01 4.030719300000000338e+00
9.965428625660756046e-01 1.022603985505035618e-02 -8.244847589552399547e-02 -1.490452999999999917e-01 -8.512732459076365749e-03 9.997410191509463750e-01 2.110516555508086881e-02 -6.042089999999999961e-02 8.264294558334707441e-02 -2.033034028023402232e-02 9.963718285908117478e-01 4.121706999999999788e+00
9.962133097473914178e-01 1.632939170215278943e-02 -8.539550602218862196e-02 -1.572121999999999964e-01 -1.479304715811661543e-02 9.997176947912638223e-01 1.859291469940619126e-02 -6.033809999999999868e-02 8.567500941304720397e-02 -1.725924934286890075e-02 9.961736350025506281e-01 4.208707300000000373e+00
9.959798747304375865e-01 1.545463571149211304e-02 -8.823402612919166443e-02 -1.647600999999999927e-01 -1.502299517717705854e-02 9.998717230845299841e-01 5.554006831049796908e-03 -6.060179999999999734e-02 8.830854289279334302e-02 -4.206139678839209903e-03 9.960842884219958115e-01 4.291216399999999709e+00
9.958382609848448475e-01 1.901765384937906603e-02 -8.913185065253155515e-02 -1.731047000000000002e-01 -1.836673925643740254e-02 9.997983651467140520e-01 8.117384988034517107e-03 -6.129409999999999720e-02 8.926825218276669693e-02 -6.446541089850012923e-03 9.959867575727153755e-01 4.369869200000000120e+00
9.957548157313295123e-01 8.171707399270500619e-03 -9.168189650114495770e-02 -1.824020000000000086e-01 -8.035461133933394576e-03 9.999659943795129458e-01 1.855114270587958011e-03 -6.274029999999999885e-02 9.169393825237846796e-02 -1.110532652649617522e-03 9.957866179081723557e-01 4.478763100000000108e+00
9.961637049383064157e-01 6.393987409028509261e-03 -8.727536816651119966e-02 -1.885660999999999865e-01 -6.685032264293509427e-03 9.999730251404345127e-01 -3.042915561329637055e-03 -6.366639999999999799e-02 8.725355756192550161e-02 3.614680691459779948e-03 9.961795775743882420e-01 4.546545000000000059e+00
9.968775243702608924e-01 9.839733660701602616e-03 -7.834782094548764508e-02 -1.944680000000000020e-01 -9.648621670994223312e-03 9.999494817105208933e-01 2.817468138338527755e-03 -6.435939999999999717e-02 7.837158608366784351e-02 -2.052722179689192659e-03 9.969221036903450628e-01 4.611038699999999935e+00
9.979205688942910379e-01 1.768290388674635281e-03 -6.443144672282274943e-02 -1.975523999999999891e-01 -1.106576104208508099e-03 9.999462970970627307e-01 1.030429091196818740e-02 -6.516199999999999770e-02 6.444620754567501053e-02 -1.021156554962050593e-02 9.978689344107299908e-01 4.672681299999999815e+00
9.998988091761576991e-01 1.414150320960259714e-02 1.545734477435375086e-03 -1.998534999999999895e-01 -1.415736920393041894e-02 9.998415946582560609e-01 1.078677377436046067e-02 -6.574919999999999376e-02 -1.392948428885855839e-03 -1.080756578552392877e-02 9.999406263456176447e-01 4.786572500000000119e+00
9.983107170719617285e-01 9.457455858245551045e-03 5.732598632343656464e-02 -1.952625000000000055e-01 -1.024255599201203890e-02 9.998575264057097955e-01 1.341703904018522187e-02 -6.630460000000000520e-02 -5.719092782964792232e-02 -1.398153848990493081e-02 9.982653526770521868e-01 4.839219599999999843e+00
9.916890379154830182e-01 8.978047369452735182e-03 1.283442509179726909e-01 -1.876909999999999967e-01 -1.101126207143015776e-02 9.998247341306389924e-01 1.514110723135110061e-02 -6.652500000000000080e-02 -1.281858189733090514e-01 -1.642850224545292295e-02 9.916140883065918121e-01 4.889902099999999585e+00
9.767489169956321549e-01 9.015189131752268659e-03 2.141968242359779395e-01 -1.751107000000000080e-01 -1.251265216987358306e-02 9.998095278662706420e-01 1.497803470087965237e-02 -6.669170000000000653e-02 -2.140209958941773072e-01 -1.730994953036353590e-02 9.766756774711454758e-01 4.937234400000000356e+00
9.487757922432094038e-01 1.209547774283612973e-02 3.157185383715103155e-01 -1.584379999999999955e-01 -1.609307968061405095e-02 9.998199107924536921e-01 1.005777159032896981e-02 -6.750380000000000269e-02 -3.155400273177140225e-01 -1.462345380347533294e-02 9.487995814497358626e-01 4.981357599999999941e+00
9.036402426318229653e-01 1.311084471215331893e-02 4.280915995990037803e-01 -1.365116000000000107e-01 -1.706648406475112095e-02 9.998397554990993141e-01 5.403558565327176710e-03 -6.768540000000000667e-02 -4.279521550570432042e-01 -1.218889143585773216e-02 9.037191952745040613e-01 5.022249699999999706e+00
8.401327663415950608e-01 1.212002257419902973e-02 5.422453687879866813e-01 -1.095745000000000052e-01 -1.487065377581070491e-02 9.998891870085017120e-01 6.909122646391119629e-04 -6.814699999999999924e-02 -5.421769070843009963e-01 -8.644001172973536651e-03 8.402199013759570345e-01 5.058616200000000340e+00
7.628213241324656169e-01 1.034096157256550463e-02 6.465266366999479208e-01 -7.793160000000000365e-02 -1.352114089187140059e-02 9.999085843997569389e-01 -3.990809809320365609e-05 -6.907560000000000089e-02 -6.464679467674897539e-01 -8.711334996936687114e-03 7.628914119616219125e-01 5.090336800000000217e+00
6.744458213170930749e-01 9.183848427530567904e-03 7.382672219704542460e-01 -4.309949999999999892e-02 -1.491813659195926137e-02 9.998880100908988933e-01 1.190158429029830947e-03 -6.944540000000000435e-02 -7.381736132567564557e-01 -1.181626863788602828e-02 6.745072960961518982e-01 5.117544699999999835e+00
5.805603939859990126e-01 5.261860801572593171e-03 8.142001853080889084e-01 -4.974700000000000302e-03 -6.447742007020296900e-03 9.999774740477124224e-01 -1.864945084306120042e-03 -7.025259999999999838e-02 -8.141916577549983547e-01 -4.167039484027661687e-03 5.805812434311894421e-01 5.139746699999999890e+00
4.857528218657024000e-01 1.041731777407118621e-02 8.740341386581541583e-01 3.433030000000000109e-02 -1.281231888093721343e-02 9.999064123627497969e-01 -4.796978293425199422e-03 -7.111620000000000441e-02 -8.740023115154790245e-01 -8.868258354853749206e-03 4.858408314040217890e-01 5.158938400000000257e+00
3.973599475968264128e-01 9.908391372326130764e-03 9.176093372597404763e-01 7.519929999999999670e-02 -6.431849930840779356e-03 9.999472162427138766e-01 -8.012242814231729932e-03 -7.204779999999999518e-02 -9.176402908287726312e-01 -2.718181167596746446e-03 3.974027027321600514e-01 5.173393700000000095e+00
3.225081127353556787e-01 -8.420402218898464033e-04 9.465663252979918951e-01 1.189145999999999953e-01 1.245442662551159152e-02 9.999168158652649296e-01 -3.353894348283198781e-03 -7.242980000000000251e-02 -9.464847618833114318e-01 1.287059898118256794e-02 3.224917723052119767e-01 5.183708199999999877e+00
2.578611477373996541e-01 1.090314482609748559e-02 9.661204634622184706e-01 1.632442000000000060e-01 -1.251644850425440679e-03 9.999392555177313291e-01 -1.095073786617226097e-02 -7.342500000000000415e-02 -9.661811744557637915e-01 1.614530131759456082e-03 2.578591309605581250e-01 5.195400199999999913e+00
2.295646814979092620e-01 1.513523211698727250e-02 9.731757198766972650e-01 1.860214000000000034e-01 -5.649868692431979540e-03 9.998829592476056183e-01 -1.421783352024295725e-02 -7.432869999999999755e-02 -9.732770088687605625e-01 -2.234402608301438650e-03 2.296233251489540050e-01 5.200248199999999876e+00
2.038319176868194083e-01 1.699665736537500985e-02 9.788583467338457522e-01 2.097459000000000129e-01 -4.806914442235590834e-03 9.998546070545005771e-01 -1.636026666760805742e-02 -7.516150000000000608e-02 -9.789940974825429576e-01 -1.370543795091477141e-03 2.038839834416794616e-01 5.203994299999999740e+00
1.805349196202233053e-01 1.818675408592074910e-02 9.834004193478553812e-01 2.339362000000000108e-01 2.930650169499088298e-03 9.998146497930794352e-01 -1.902833016126070573e-02 -7.584190000000000376e-02 -9.835642094379519751e-01 6.317280661817537175e-03 1.804481584215708034e-01 5.206818099999999561e+00
1.603142213639624503e-01 2.449433807891116671e-02 9.867620674866572905e-01 2.588707000000000091e-01 9.758345042841724826e-03 9.996038685393184853e-01 -2.639849812496548875e-02 -7.595219999999999749e-02 -9.870177937253670208e-01 1.386121940180454030e-02 1.600116916547155155e-01 5.209346799999999611e+00
1.407357792406337405e-01 3.139750361446339705e-02 9.895492090888209358e-01 2.843474999999999753e-01 1.159558935362781963e-02 9.993761833582369691e-01 -3.335845385903708771e-02 -7.597160000000000024e-02 -9.899792839999599359e-01 1.616913427191547098e-02 1.402839133608095867e-01 5.212028499999999731e+00
1.229193643491590798e-01 3.212067177118832495e-02 9.918967145388507545e-01 3.108503000000000238e-01 9.014937918164923208e-03 9.993987036075007158e-01 -3.348077242207143922e-02 -7.681340000000000390e-02 -9.923757155242819428e-01 1.305732256683937199e-02 1.225558875169006079e-01 5.215078799999999681e+00
1.073288682986537207e-01 2.762741676939359237e-02 9.938396449490134454e-01 3.384126000000000078e-01 7.391706130761276430e-03 9.995640406754308094e-01 -2.858480836182329676e-02 -7.806029999999999913e-02 -9.941960957025566259e-01 1.041414572857162803e-02 1.070778635318120342e-01 5.217804400000000342e+00
7.959888052806793346e-02 2.185632889140044083e-02 9.965873364166679682e-01 3.964239999999999986e-01 1.003840741812983550e-02 9.996913278005747916e-01 -2.272618526790980836e-02 -8.040150000000000075e-02 -9.967764285912792399e-01 1.181312861669842236e-02 7.935490783246701429e-02 5.221859000000000250e+00
6.829461450400529932e-02 2.105687215406150739e-02 9.974429576496273153e-01 4.264575999999999922e-01 1.381083204876894580e-02 9.996614866724730097e-01 -2.204933064520871872e-02 -8.127230000000000565e-02 -9.975695998514937379e-01 1.528136770281223605e-02 6.798068294200521056e-02 5.222901300000000191e+00
5.795205940208773138e-02 2.177110062402897242e-02 9.980819495355456317e-01 4.573380000000000223e-01 1.686676733070751125e-02 9.995981310452038970e-01 -2.278351532900549370e-02 -8.214079999999999993e-02 -9.981768735904817946e-01 1.815476765352990601e-02 5.756156217978858347e-02 5.224278499999999603e+00
5.023689608016141533e-02 2.237414835529698276e-02 9.984866808113195269e-01 4.891319000000000083e-01 1.903480655871070404e-02 9.995459933473738179e-01 -2.335558439612224826e-02 -8.299700000000000133e-02 -9.985559225258759941e-01 2.017931288689201949e-02 4.978820060927480196e-02 5.225450499999999998e+00
4.448844189461273468e-02 2.268289171015236416e-02 9.987523541706698760e-01 5.222807999999999895e-01 2.054603900066648281e-02 9.995099688504949231e-01 -2.361530118092589406e-02 -8.397440000000000460e-02 -9.987985977258743153e-01 2.157101277520944924e-02 4.400059759456675934e-02 5.226745600000000103e+00
3.898083258178212246e-02 2.379306243735988119e-02 9.989566481439937640e-01 5.562890000000000335e-01 2.143880891420908708e-02 9.994664377304237624e-01 -2.464178002492754815e-02 -8.480840000000000600e-02 -9.990099459783026159e-01 2.237699779480668838e-02 3.844993896120141308e-02 5.227720299999999654e+00
2.860403692490259484e-02 2.446340817515545510e-02 9.992914243262844831e-01 6.282651999999999681e-01 2.417606010658928870e-02 9.993911144279951086e-01 -2.515787193091577681e-02 -8.728020000000000223e-02 -9.992984174856482937e-01 2.487854623617535496e-02 2.799519151306328890e-02 5.229586600000000196e+00
2.249209814238323918e-02 2.394922317227439479e-02 9.994601243824576819e-01 7.051695999999999520e-01 2.644897838700951270e-02 9.993488645081315402e-01 -2.454177150475734745e-02 -8.922710000000000363e-02 -9.993970967855754228e-01 2.698669516174241265e-02 2.184402025292697669e-02 5.231405699999999825e+00
1.966737220188039675e-02 2.297280720421258915e-02 9.995426177006313528e-01 7.861424999999999663e-01 3.285650475514813318e-02 9.991811502173437720e-01 -2.361099628607046808e-02 -9.176700000000000135e-02 -9.992665533109509335e-01 3.330584302346937392e-02 1.889646142928314010e-02 5.232006100000000437e+00
2.313288973964115758e-02 2.286418103942264995e-02 9.994709093503872932e-01 8.715093000000000423e-01 3.809597327570424241e-02 9.989921662485975462e-01 -2.373496564377512372e-02 -9.387270000000000336e-02 -9.990062893858429049e-01 3.862487539566779315e-02 2.223854240274536487e-02 5.233659300000000236e+00
3.120443863532217088e-02 2.213534722696116480e-02 9.992678867113642394e-01 9.605335999999999874e-01 4.109082519301000130e-02 9.988811335693130733e-01 -2.340993558815753980e-02 -9.664019999999999555e-02 -9.986680264704641541e-01 4.179123595236269861e-02 3.025996535295505385e-02 5.236364400000000252e+00
3.912449793433820516e-02 1.887681429213116172e-02 9.990560242266531832e-01 1.053910899999999984e+00 4.217019509834418756e-02 9.988995877940981538e-01 -2.052530511706244370e-02 -9.926469999999999738e-02 -9.983441031561984813e-01 4.293342971346820330e-02 3.828540591772711110e-02 5.240099899999999700e+00
4.725133231866310984e-02 1.573333551162081276e-02 9.987591169785585699e-01 1.150802000000000103e+00 3.853428221426775935e-02 9.991029436041725109e-01 -1.756181014897957582e-02 -1.017953000000000052e-01 -9.981394795760472061e-01 3.931628460519134144e-02 4.660267241801874238e-02 5.245324600000000004e+00
5.436689830917318389e-02 2.058739444146338513e-02 9.983087696491260710e-01 1.249234699999999920e+00 3.369051020258827245e-02 9.991803593600147027e-01 -2.244012013071837106e-02 -1.048299000000000036e-01 -9.979524988147129294e-01 3.485353151838962299e-02 5.362873716737415197e-02 5.251368000000000258e+00
5.552129700125549988e-02 2.898001066449377300e-02 9.980368452923891187e-01 1.348892800000000003e+00 2.479356708297870276e-02 9.992304473711448587e-01 -3.039394804502473790e-02 -1.082159000000000038e-01 -9.981496203528807953e-01 2.643240489148983297e-02 5.476005260271521458e-02 5.257900700000000427e+00
5.548274678577348740e-02 2.674383720794310665e-02 9.981014136752338617e-01 1.448838199999999965e+00 1.970142407968671072e-02 9.994172698721436321e-01 -2.787426358746002142e-02 -1.120758000000000032e-01 -9.982652546785036884e-01 2.121055993381355115e-02 5.492352363929342562e-02 5.264384299999999683e+00
5.588602568640476526e-02 2.495652021588379982e-02 9.981252046871138539e-01 1.548819799999999969e+00 1.777473795804838247e-02 9.995042644793444842e-01 -2.598622670045104208e-02 -1.160169000000000061e-01 -9.982789243610732388e-01 1.919368089551099985e-02 5.541472539118164065e-02 5.270300399999999996e+00
5.627069940076217386e-02 2.575133145616689129e-02 9.980834019846155369e-01 1.648376599999999970e+00 1.330338824378296710e-02 9.995592419189088806e-01 -2.653943774331452704e-02 -1.200567000000000023e-01 -9.983269145175762693e-01 1.477128371979633675e-02 5.590331767511691474e-02 5.276467799999999819e+00
5.222472156669262511e-02 2.647840296813648575e-02 9.982842644425177214e-01 1.747060899999999917e+00 7.284983724313283046e-03 9.996117260766044232e-01 -2.689472257317837567e-02 -1.241260000000000002e-01 -9.986087859965072644e-01 8.677054016699485561e-03 5.201154933448304263e-02 5.282599399999999612e+00
4.342568458982513924e-02 2.293217713805844812e-02 9.987934346848770240e-01 1.845651399999999942e+00 2.977658360995279890e-03 9.997291147953202284e-01 -2.308312329929913115e-02 -1.277052999999999938e-01 -9.990522225932887412e-01 3.976466053440022921e-03 4.334563702537574947e-02 5.287714000000000247e+00
2.952059584102425388e-02 2.102100093649980281e-02 9.993431102183166770e-01 1.943631200000000003e+00 -1.029694099152628217e-04 9.997789002425222504e-01 -2.102712598415386325e-02 -1.313278999999999974e-01 -9.995641669340150637e-01 5.178315175144408700e-04 2.951623336450548418e-02 5.291613599999999806e+00
1.068942199651234763e-02 2.242531646549907748e-02 9.996913730941180409e-01 2.040355700000000105e+00 -1.771521313564030503e-04 9.997485190093815532e-01 -2.242470413786314468e-02 -1.347211000000000103e-01 -9.999428508042363939e-01 6.260966823433064543e-05 1.069070650268777456e-02 5.293281600000000253e+00
-1.034585879757469844e-02 2.047517324628852359e-02 9.997368306140747007e-01 2.137176999999999882e+00 -1.438226170843836388e-04 9.997902984112964075e-01 -2.047775665706261239e-02 -1.380972000000000033e-01 -9.999464698276580021e-01 -3.556447462396330333e-04 -1.034074446154675808e-02 5.292907200000000145e+00
-3.277569023516239272e-02 2.011625071502937817e-02 9.992602716944062324e-01 2.232723700000000200e+00 1.215193531126037077e-03 9.997974931991511216e-01 -2.008720730652500605e-02 -1.412796000000000052e-01 -9.994619939919128226e-01 5.559225337061317329e-04 -3.279349807272669004e-02 5.290720900000000171e+00
-5.454289168546509747e-02 2.152210460395917457e-02 9.982794558539225260e-01 2.327356800000000003e+00 1.145184405044307602e-03 9.997683722604492340e-01 -2.149163512556008168e-02 -1.448768000000000000e-01 -9.985107718594055104e-01 -2.900186207693486451e-05 -5.455490481731162244e-02 5.286211999999999911e+00
-7.414629524380277059e-02 2.380483663893789847e-02 9.969632173025303468e-01 2.419731099999999913e+00 3.090288127550902195e-03 9.997157426417724313e-01 -2.364072827765723722e-02 -1.477360000000000062e-01 -9.972425868468050014e-01 1.328031175381270620e-03 -7.419878241783806061e-02 5.279424699999999859e+00
-9.339942511672799652e-02 2.441941199063527718e-02 9.953292117213766721e-01 2.510641800000000146e+00 3.727405243949830430e-03 9.997007473942924882e-01 -2.417689205502942390e-02 -1.512213000000000029e-01 -9.956217423489769347e-01 1.451887504177780050e-03 -9.346249613969825898e-02 5.271616500000000372e+00
-1.091547442138935398e-01 2.318077716193742838e-02 9.937544432030317454e-01 2.599266500000000146e+00 7.152231427314749770e-03 9.997204855500647636e-01 -2.253433729118697187e-02 -1.543324000000000085e-01 -9.939990379277080512e-01 4.647831936661276156e-03 -1.092900281685339481e-01 5.261802699999999611e+00
-1.183371064555338026e-01 2.001006318408388510e-02 9.927718401561862471e-01 2.686013899999999843e+00 1.315718185620795219e-02 9.997407614507151097e-01 -1.858220814508372218e-02 -1.575603999999999894e-01 -9.928863065836561752e-01 1.086311489921349717e-02 -1.185697049559968352e-01 5.251317000000000235e+00
-1.229114736220000004e-01 1.779616447132159260e-02 9.922580643069516260e-01 2.769019099999999955e+00 1.455062493675871559e-02 9.997640493116465299e-01 -1.612839167212438626e-02 -1.607872999999999941e-01 -9.923109638445091196e-01 1.245561054663106224e-02 -1.231414178897274336e-01 5.241374500000000047e+00
-1.226143873512900856e-01 1.957984347987087870e-02 9.922612265647448027e-01 2.848162900000000164e+00 1.673915020359539180e-02 9.997039498942522640e-01 -1.765823933159579862e-02 -1.630244000000000137e-01 -9.923132130859335653e-01 1.444445551532498595e-02 -1.229058372899209939e-01 5.231635999999999953e+00
-1.146254094736828127e-01 2.178241322640869782e-02 9.931699461708574095e-01 2.923105699999999807e+00 1.749681650905583752e-02 9.996487618062197544e-01 -1.990513580310605476e-02 -1.655957999999999875e-01 -9.932546888462385759e-01 1.509567796840005985e-02 -1.149662715392448797e-01 5.223250400000000404e+00
-8.200370567206172190e-02 2.256042145118374032e-02 9.963766454709761522e-01 3.026374099999999956e+00 1.482561320840208689e-02 9.996607503907948278e-01 -2.141460532225494470e-02 -1.699792999999999998e-01 -9.965217476046597245e-01 1.301581776370830737e-02 -8.231035802921282674e-02 5.214948699999999882e+00
-4.375184547987033545e-02 2.642816379799272503e-02 9.986928097144649463e-01 3.090733999999999870e+00 1.259403214916812210e-02 9.995852029674321404e-01 -2.590004561353511162e-02 -1.726091999999999904e-01 -9.989630455483984317e-01 1.144439455908203770e-02 -4.406653448871133971e-02 5.213237300000000296e+00
9.534619626954003724e-03 3.106126210218163042e-02 9.994720051232994784e-01 3.152914299999999947e+00 8.475579867676516152e-03 9.994790240704410911e-01 -3.114233435542899942e-02 -1.753096000000000099e-01 -9.999186244762499065e-01 8.768035117303755663e-03 9.266390111893008097e-03 5.214881899999999959e+00
1.684935920956908695e-01 1.989534124133457427e-02 9.855019456193793159e-01 3.272587300000000088e+00 6.397017718962304256e-04 9.997938663856669184e-01 -2.029323826406418188e-02 -1.805057999999999940e-01 -9.857025414415517828e-01 4.049707951185796406e-03 1.684461328175156369e-01 5.232342199999999721e+00
2.688872220751974407e-01 1.491397128188243909e-02 9.630561952790122060e-01 3.328538399999999786e+00 -7.360688753223598724e-03 9.998827322045115151e-01 -1.342915113918860884e-02 -1.825331000000000037e-01 -9.631435417764901974e-01 -3.477829760668133506e-03 2.689654673641100890e-01 5.249666200000000060e+00
3.233011902191645914e-01 1.491191422516708991e-02 9.461786169730389551e-01 3.355720499999999884e+00 -8.133075316180073469e-03 9.998826886048637341e-01 -1.297929559762180975e-02 -1.830367999999999995e-01 -9.462611655820886147e-01 -3.499120239483328662e-03 3.233845430269924881e-01 5.261067899999999575e+00
3.815479831620032236e-01 1.508374443461017039e-02 9.242259557050099827e-01 3.381660199999999783e+00 -5.836487677630348113e-03 9.998862300484986365e-01 -1.390907513063902902e-02 -1.841222000000000136e-01 -9.243306074974454445e-01 -8.725383807432415817e-05 3.815926105549886094e-01 5.273449900000000135e+00
5.006549475253497805e-01 2.307417096183016908e-02 8.653393589527831331e-01 3.428648900000000221e+00 -3.873487657286166577e-03 9.996943889261189486e-01 -2.441566798190412946e-02 -1.852065999999999990e-01 -8.656382729591838299e-01 8.871943646009045059e-03 5.005913193456154042e-01 5.303477799999999576e+00
5.592747299219833490e-01 2.716710285898687322e-02 8.285370993461558253e-01 3.450397499999999784e+00 -7.405102942830242910e-03 9.995867121665996669e-01 -2.777713646820711632e-02 -1.857833999999999874e-01 -8.289492993670350973e-01 9.399647983650356170e-03 5.592447636739076300e-01 5.320679199999999831e+00
6.151322255437433606e-01 3.030786250711640581e-02 7.878412140576621647e-01 3.470589400000000158e+00 -1.108324713618605642e-02 9.994945385054184728e-01 -2.979646171542431332e-02 -1.864761000000000057e-01 -7.883460577249813417e-01 9.596924928863973317e-03 6.151572094199906360e-01 5.339820399999999800e+00
6.677732121827922862e-01 3.077918364697666137e-02 7.437281619954303480e-01 3.489240199999999792e+00 -1.208729613633705881e-02 9.994613781847272449e-01 -3.050984741355145316e-02 -1.875062999999999869e-01 -7.442666419793297905e-01 1.138399627158167768e-02 6.677855720706314946e-01 5.360166099999999823e+00
7.168336734224332041e-01 2.882895576241376739e-02 6.966479569749338685e-01 3.506650200000000162e+00 -1.209417073472653092e-02 9.995086353844645499e-01 -2.891744847190016315e-02 -1.884799000000000058e-01 -6.971393086621494595e-01 1.230362148046285076e-02 7.168301090331836711e-01 5.381567999999999685e+00
7.626382099315573981e-01 2.501975398615438606e-02 6.463412199936361402e-01 3.522475500000000093e+00 -1.320563950896679224e-02 9.996456059896697832e-01 -2.311435724187444612e-02 -1.891772999999999927e-01 -6.466904760683805931e-01 9.092542879639895978e-03 7.626983373696528679e-01 5.403985999999999734e+00
8.044733724510335637e-01 1.843986824419811474e-02 5.937024206421910311e-01 3.537463199999999919e+00 -1.205860101885214072e-02 9.998190285332626548e-01 -1.471394998873156237e-02 -1.904287000000000063e-01 -5.938663007434659136e-01 4.677760355059821379e-03 8.045501447388669902e-01 5.428121599999999880e+00
8.417797129640304243e-01 1.643556044582512865e-02 5.395709287897432205e-01 3.550794799999999807e+00 -1.413280911645490440e-02 9.998647768248215550e-01 -8.407839884751780804e-03 -1.906756000000000006e-01 -5.396361538561629256e-01 -5.481038965398418034e-04 8.418981654769455147e-01 5.453058699999999703e+00
8.733500351509859705e-01 1.318041176852001277e-02 4.869147695925681862e-01 3.562293100000000212e+00 -1.443843066240731339e-02 9.998950770233531182e-01 -1.169044254750437918e-03 -1.910373999999999961e-01 -4.868790895302224087e-01 -6.009300298284973516e-03 8.734487051270651836e-01 5.478805999999999621e+00
8.995048512540870789e-01 1.345744651769793798e-02 4.367034688476679194e-01 3.572446799999999811e+00 -1.730029922195224293e-02 9.998387038714731112e-01 4.823472550325327499e-03 -1.917281000000000124e-01 -4.365681186449528739e-01 -1.189383764123770788e-02 8.995925824555082162e-01 5.505418800000000168e+00
9.204451188524983563e-01 1.513215043635955832e-02 3.905788028090893538e-01 3.582078699999999838e+00 -2.007920991067180250e-02 9.997615298241254722e-01 8.585383689006725189e-03 -1.921048999999999951e-01 -3.903557460957546854e-01 -1.574488827828469245e-02 9.205294617681343272e-01 5.532614200000000260e+00
9.579654520444490506e-01 2.677756195199838471e-02 2.856311517765196539e-01 3.604177200000000081e+00 -3.116049302732644063e-02 9.994559354127644513e-01 1.081003434267810773e-02 -1.917011999999999883e-01 -2.851862836175124150e-01 -1.925604694901911565e-02 9.582786589986906911e-01 5.618617999999999668e+00
9.643637147085059036e-01 2.119848663532442057e-02 2.637295014176142538e-01 3.611914200000000186e+00 -2.497259715944761399e-02 9.996279885764405293e-01 1.096603144860350265e-02 -1.916686999999999974e-01 -2.633989277592514999e-01 -1.716125342134961970e-02 9.645343416573018969e-01 5.647918200000000333e+00
