9.999693294148250811e-01 -1.488134186597826931e-03 7.689322877072033227e-03 -3.573119999999999769e-02 1.473441682979628829e-03 9.999970788017396028e-01 1.916078702556642081e-03 -4.651489999999999791e-02 -7.692151797256907564e-03 -1.904690166460626648e-03 9.999686009850998758e-01 1.757595000000000129e-01
9.999980506675687497e-01 -3.426118799343470561e-04 1.944550889623835504e-03 -3.508039999999999770e-02 3.397876410972552300e-04 9.999988873487508645e-01 1.452530763630742027e-03 -4.655259999999999954e-02 -1.945046380312449039e-03 -1.451867197805638103e-03 9.999970544337710709e-01 2.202481000000000022e-01
9.999964387258418741e-01 -1.490684719140184184e-03 -2.213683514375890549e-03 -3.536319999999999741e-02 1.493312198035915686e-03 9.999981820084984374e-01 1.185748024365365335e-03 -4.685589999999999894e-02 2.211911913457401731e-03 -1.189049522186176643e-03 9.999968467984891030e-01 2.650919999999999943e-01
9.999777985093657451e-01 3.539435775036861576e-04 -6.654112435656544915e-03 -3.604190000000000171e-02 -3.520524540924541189e-04 9.999998973106923872e-01 2.853728686786381817e-04 -4.738309999999999744e-02 6.654212758244408728e-03 -2.830239363627869262e-04 9.999778204290430406e-01 3.106335000000000068e-01
9.999276793584227496e-01 3.435140583004504637e-03 -1.152544411528233156e-02 -3.709389999999999910e-02 -3.443534956860269669e-03 9.999938199798805716e-01 -7.085683080514587140e-04 -4.721340000000000259e-02 1.152293885605499418e-02 7.482053336411333263e-04 9.999333288119255370e-01 3.574740000000000140e-01
9.998675832613793668e-01 3.647962037978743233e-03 -1.585901371517348807e-02 -3.811219999999999886e-02 -3.636995882273179066e-03 9.999931267165266258e-01 7.202642967989064974e-04 -4.711909999999999710e-02 1.586153220848864759e-02 -6.624897541707795842e-04 9.998739785109544975e-01 4.052825999999999929e-01
9.997909767994566099e-01 2.707311769073078665e-03 -2.026507274532449512e-02 -3.918710000000000249e-02 -2.640001219497293498e-03 9.999909122052459409e-01 3.347521543049048007e-03 -4.722649999999999765e-02 2.027395136497342834e-02 -3.293322016621374419e-03 9.997890382106344731e-01 4.535139999999999727e-01
9.997238790657484442e-01 2.053443311395383719e-03 -2.340831041103720242e-02 -4.097970000000000085e-02 -1.903063187060025432e-03 9.999774219241891471e-01 6.444687141991241840e-03 -4.765099999999999891e-02 2.342101569613589881e-02 -6.398360135142117620e-03 9.997052150565897133e-01 5.022218999999999989e-01
9.996530186708948440e-01 3.765123832373178190e-03 -2.607040668448200663e-02 -4.259310000000000179e-02 -3.617805929657004569e-03 9.999772353560617555e-01 5.695634284487337100e-03 -4.779130000000000184e-02 2.609125796934151989e-02 -5.599340333841520793e-03 9.996438834131897710e-01 5.513921000000000516e-01
9.995930136760583506e-01 3.063269865495517243e-03 -2.836235864216170299e-02 -4.416869999999999824e-02 -2.906500040782870799e-03 9.999802803717030564e-01 5.566967329083396740e-03 -4.790629999999999888e-02 2.837885247025303398e-02 -5.482266452964488362e-03 9.995822054673694224e-01 6.011260000000000492e-01
9.995426859613629755e-01 1.084923491417392192e-04 -3.023916616830167256e-02 -4.553200000000000303e-02 4.130023868077891823e-05 9.999877333310672745e-01 4.952926577745428612e-03 -4.791109999999999813e-02 3.023933258910102909e-02 -4.951910419669345621e-03 9.995304204213902866e-01 6.515587999999999935e-01
9.994725158996708991e-01 -3.921863885091248164e-05 -3.247596685366607727e-02 -4.712729999999999697e-02 2.267451866987786006e-04 9.999833239252550188e-01 5.770654903807847201e-03 -4.801369999999999943e-02 3.247519896478480439e-02 -5.774974744265060599e-03 9.994558575139277368e-01 7.025101000000000262e-01
9.994231127990695907e-01 -1.628706608509144929e-03 -3.392327987977598186e-02 -4.887400000000000078e-02 1.813983719521019286e-03 9.999836035114532118e-01 5.431590127595174039e-03 -4.807820000000000149e-02 3.391387719037042975e-02 -5.489992990184532420e-03 9.994096802167188320e-01 7.538774999999999782e-01
9.993604344931513728e-01 6.261023643834925803e-04 -3.575374058037737030e-02 -5.108379999999999865e-02 -5.133140510122827889e-04 9.999948638054440009e-01 3.163680043339081333e-03 -4.834929999999999783e-02 3.575553772976492600e-02 -3.143303765292500881e-03 9.993556229706692662e-01 8.054854000000000180e-01
9.993077509492560573e-01 1.143877614269068511e-03 -3.718481459874666689e-02 -5.314950000000000230e-02 -1.120930393618812040e-03 9.999991682639949309e-01 6.379548346004518299e-04 -4.871299999999999936e-02 3.718551341305174202e-02 -5.958316221069665354e-04 9.993082019962039597e-01 8.579206000000000332e-01
9.992308949052242095e-01 5.275149801783759855e-03 -3.885603507144729657e-02 -5.593240000000000017e-02 -5.320810774763832553e-03 9.999852699860386496e-01 -1.071813252652117129e-03 -4.893419999999999714e-02 3.884980874604092999e-02 1.277734525691612191e-03 9.992442442940955294e-01 9.106840000000000490e-01
9.991757715221815106e-01 6.249273133690968519e-03 -4.010890410312555054e-02 -5.821479999999999710e-02 -6.287341510180001654e-03 9.999798957570561475e-01 -8.230543369371681999e-04 -4.931719999999999854e-02 4.010295425261785340e-02 1.074554329809282883e-03 9.991949751641091559e-01 9.640608000000000510e-01
9.991294322377389792e-01 5.234193234139838426e-03 -4.138817291788714908e-02 -6.065940000000000221e-02 -5.192735473674038767e-03 9.999859025721863359e-01 1.109123613572434884e-03 -5.008039999999999714e-02 4.139339481842108787e-02 -8.932402126088284438e-04 9.991425268635745205e-01 1.017747399999999969e+00
9.990738626158363056e-01 5.812035171399518828e-03 -4.263375757588670073e-02 -6.333080000000000653e-02 -5.715287458592449056e-03 9.999808095683931919e-01 2.390812457448321382e-03 -5.019749999999999907e-02 4.264683490176870290e-02 -2.144934056666818190e-03 9.990879074089296097e-01 1.071856900000000001e+00
9.989644248803349891e-01 5.212450889090836960e-03 -4.519854178212431156e-02 -6.849529999999999508e-02 -5.157661292166277299e-03 9.999858163982094927e-01 1.328733382508698237e-03 -5.081480000000000025e-02 4.520482666150717893e-02 -1.094238609865081160e-03 9.989771400229174869e-01 1.180383600000000088e+00
9.989058592250764645e-01 4.204611881197429721e-03 -4.657687886430512264e-02 -7.404850000000000321e-02 -4.089112677297394166e-03 9.999883248218991438e-01 2.574757736995362742e-03 -5.168670000000000209e-02 4.658716092792117985e-02 -2.381482483736790945e-03 9.989113899530106533e-01 1.290285200000000021e+00
9.989268845793505269e-01 6.026617639016330907e-03 -4.592122760146780114e-02 -7.943809999999999760e-02 -5.572128225748200492e-03 9.999342859420276008e-01 1.001874166964569074e-02 -5.262220000000000092e-02 4.597858905652206507e-02 -9.752111434985347160e-03 9.988948221263993510e-01 1.401373600000000108e+00
9.990646193344352444e-01 4.515635394594227567e-03 -4.300576044116673907e-02 -8.401949999999999696e-02 -3.920989379928949137e-03 9.998956822777600451e-01 1.390145332600704019e-02 -5.277729999999999921e-02 4.306404807286954434e-02 -1.371982504537705948e-02 9.989781049474015795e-01 1.513749199999999906e+00
9.991607475226642610e-01 5.683874283280663034e-03 -4.056469133473854932e-02 -8.913020000000000664e-02 -5.447342439183645163e-03 9.999675260722564740e-01 5.939129673714621006e-03 -5.227629999999999777e-02 4.059713130630070860e-02 -5.713175479782632050e-03 9.991592628583474411e-01 1.626255800000000029e+00
9.992528391847208535e-01 3.119655956228958686e-03 -3.852312458756774333e-02 -9.395560000000000023e-02 -2.972794504920488190e-03 9.999880966449385955e-01 3.868987110926310185e-03 -5.247000000000000275e-02 3.853473594182287715e-02 -3.751575022275916837e-03 9.992502188194638535e-01 1.740824699999999892e+00
9.992110248954267915e-01 -2.320995904477421955e-03 -3.964770744245191963e-02 -9.828689999999999649e-02 2.793104361184967598e-03 9.999258100545517225e-01 1.185634660324167387e-02 -5.258550000000000030e-02 3.961724744929142478e-02 -1.195773242550902428e-02 9.991433762677814912e-01 1.857166099999999931e+00
9.990406559385515139e-01 -1.107608590261748537e-02 -4.236848006415288442e-02 -1.024407999999999985e-01 1.139955836757348441e-02 9.999076350649708234e-01 7.400770757245104386e-03 -5.283140000000000058e-02 4.228259512959165606e-02 -7.876652833205684615e-03 9.990746421010054945e-01 1.973230800000000063e+00
9.989065918446057291e-01 -9.615923212265346104e-03 -4.575100862462205126e-02 -1.079843000000000053e-01 9.745962443891711957e-03 9.999490743265984083e-01 2.620108665943118691e-03 -5.310920000000000224e-02 4.572348395995953080e-02 -3.063131429585488896e-03 9.989494382802407424e-01 2.089744299999999999e+00
9.988472382773083691e-01 -7.012434347933280826e-03 -4.748705455500181610e-02 -1.140573000000000004e-01 7.351332740974169527e-03 9.999487166950709049e-01 6.965765342892640995e-03 -5.369050000000000211e-02 4.743577228975274368e-02 -7.306828614158713923e-03 9.988475648280261687e-01 2.207565799999999800e+00
9.987668157255857881e-01 -5.282186282065261251e-03 -4.936543642524807152e-02 -1.207937000000000038e-01 5.829415325413539115e-03 9.999230780189247714e-01 1.094787477654632010e-02 -5.416279999999999706e-02 4.930381042411915993e-02 -1.122214566117669607e-02 9.987207806611524408e-01 2.325737499999999791e+00
9.987618789038589240e-01 4.739374950128694662e-04 -4.974419193920237570e-02 -1.275889000000000051e-01 3.271876967321972690e-04 9.998704051824729433e-01 1.609552075729220669e-02 -5.390079999999999871e-02 4.974537362051362210e-02 -1.609186824107561656e-02 9.986322894738920430e-01 2.444062199999999851e+00
9.987543320982736894e-01 4.426519809639637738e-04 -4.989577310910123242e-02 -1.337012999999999951e-01 2.619127950430825795e-04 9.999003680052187537e-01 1.411330807131845090e-02 -5.387159999999999865e-02 4.989704917747093960e-02 -1.410879591786267685e-02 9.986547082756527249e-01 2.560904299999999800e+00
9.986952456780858745e-01 2.464346473909456887e-03 -5.100718828208627292e-02 -1.400155999999999901e-01 -1.866565817485832000e-03 9.999290612887847818e-01 1.176385660310969375e-02 -5.385790000000000022e-02 5.103256011642628293e-02 -1.165329938627100367e-02 9.986289993893514572e-01 2.677964900000000092e+00
9.986460082980782582e-01 5.986929358242324035e-04 -5.201722481143450372e-02 -1.432577999999999907e-01 6.448469366548579759e-05 9.999187569794324437e-01 1.274657924429187586e-02 -5.366479999999999861e-02 5.202063006191876005e-02 -1.273267479657451060e-02 9.985648366733557157e-01 2.735809800000000180e+00
9.985863989425876053e-01 9.511754768555341849e-04 -5.314413525580864717e-02 -1.462614999999999887e-01 -2.227818169360128902e-04 9.999059853440541712e-01 1.371024585477051069e-02 -5.369410000000000155e-02 5.315217977785574588e-02 -1.367902548972103893e-02 9.984927290904597186e-01 2.794074499999999794e+00
9.985422650025055358e-01 4.109227810150476237e-03 -5.381876299647132128e-02 -1.534722000000000031e-01 -3.788257849132883100e-03 9.999744347729643268e-01 6.064561233845146802e-03 -5.419399999999999912e-02 5.384230777125501716e-02 -5.851841359338117408e-03 9.985323038573016285e-01 2.908191899999999830e+00
9.984904056982347731e-01 5.126685768887624325e-03 -5.468662379048090660e-02 -1.564505999999999952e-01 -4.869111571561919941e-03 9.999764221359744854e-01 4.842202457466864181e-03 -5.438980000000000203e-02 5.471015884712993049e-02 -4.568617423521195188e-03 9.984918258322195150e-01 2.965773299999999946e+00
9.984969006080534060e-01 3.533291423886584723e-03 -5.469419830132771915e-02 -1.596389000000000002e-01 -3.071366079479294527e-03 9.999589246298956624e-01 8.527353835069492391e-03 -5.483940000000000342e-02 5.472208134306382615e-02 -8.346550469298075550e-03 9.984667390097411444e-01 3.022655199999999986e+00
9.984981081301438355e-01 1.630458356686367068e-03 -5.476193628854691964e-02 -1.628149999999999875e-01 -9.993099153860758414e-04 9.999327888819878885e-01 1.155071852236427832e-02 -5.499640000000000084e-02 5.477708864312497150e-02 -1.147864644620565436e-02 9.984326272891658194e-01 3.079422200000000220e+00
9.984804637869758581e-01 -1.316920246814386815e-04 -5.510667920457659047e-02 -1.658376000000000017e-01 8.031352829377979338e-04 9.999257120403063359e-01 1.216245758075251530e-02 -5.528020000000000156e-02 5.510098374314908315e-02 -1.218823440441392340e-02 9.984063944770387167e-01 3.135975399999999969e+00
9.984305926886415383e-01 -5.855114488283553152e-03 -5.569622265232354597e-02 -1.719240999999999964e-01 6.395531676725040894e-03 9.999341392854130817e-01 9.529651940768641902e-03 -5.556570000000000259e-02 5.563675725615317702e-02 -9.870902991584962552e-03 9.984022819065222487e-01 3.248208500000000054e+00
9.983587516307942389e-01 -7.485065398266318309e-03 -5.677831309739402033e-02 -1.750581999999999971e-01 8.126276450780591659e-03 9.999056963873389492e-01 1.107077066857461121e-02 -5.608409999999999784e-02 5.669009325488465201e-02 -1.151399705290736229e-02 9.983254285044621534e-01 3.303911900000000124e+00
9.982014667683354325e-01 -1.159550078920045489e-02 -5.881646115664607849e-02 -1.808233999999999952e-01 1.279225879367811188e-02 9.997179037116855627e-01 2.001177436582236499e-02 -5.574409999999999782e-02 5.856782270580979805e-02 -2.072817791704499243e-02 9.980682104865078452e-01 3.415152799999999989e+00
9.981296911802322036e-01 -8.608696602257905756e-03 -6.052280501814653879e-02 -1.879958999999999936e-01 9.761871749699464057e-03 9.997759127892127395e-01 1.878377135824930641e-02 -5.584480000000000000e-02 6.034753884291164938e-02 -1.933945576552868403e-02 9.979900600738949024e-01 3.524966000000000044e+00
9.980099405284184044e-01 -5.223490784343731361e-03 -6.284006485108550866e-02 -1.949609999999999954e-01 5.600271169570493479e-03 9.999673746398644036e-01 5.821221408303798445e-03 -5.555070000000000147e-02 6.280760757495890134e-02 -6.161558234983504148e-03 9.980066330595337432e-01 3.631721499999999825e+00
9.979101214861003655e-01 2.183234990479265922e-03 -6.458036017685896135e-02 -2.027896999999999894e-01 -1.595549848796424131e-03 9.999568627801712628e-01 9.150234943312084840e-03 -5.649499999999999661e-02 6.459755147276473319e-02 -9.028070879991516307e-03 9.978705578780794339e-01 3.737191900000000011e+00
9.977557967718501120e-01 5.476733469711182398e-03 -6.673361520757226106e-02 -2.101696999999999871e-01 -4.794964371718264326e-03 9.999347110716348963e-01 1.037217001210917651e-02 -5.697889999999999899e-02 6.678606385200827611e-02 -1.002890744736881744e-02 9.977169151069693598e-01 3.839332100000000025e+00
9.975491187582868902e-01 8.486014277600248401e-03 -6.945317290265076715e-02 -2.176879999999999926e-01 -7.680599687563548390e-03 9.999002244766780345e-01 1.185535659219919685e-02 -5.766190000000000204e-02 6.954684790128548566e-02 -1.129285850301715854e-02 9.975147654515326145e-01 3.938282000000000060e+00
9.973444758438531066e-01 7.447034694611160202e-03 -7.244679549853910716e-02 -2.246816000000000091e-01 -6.493000453192334862e-03 9.998891964073237659e-01 1.339536684943881326e-02 -5.793630000000000307e-02 7.253852389499479414e-02 -1.288939805318533097e-02 9.972823200924408882e-01 4.034770499999999593e+00
9.971247909929610298e-01 1.181708052421355515e-02 -7.484990177099710984e-02 -2.321767000000000136e-01 -1.033229498924501805e-02 9.997427078137817169e-01 2.019311401004223253e-02 -5.801080000000000125e-02 7.506926713042351429e-02 -1.936168332174644305e-02 9.969903361374419237e-01 4.127415199999999729e+00
9.968149968438375641e-01 1.794512336016038101e-02 -7.770350452076606185e-02 -2.400059999999999971e-01 -1.660805550788352347e-02 9.997032744317149167e-01 1.781952812939292460e-02 -5.806669999999999887e-02 7.800022153473119835e-02 -1.647226875982151992e-02 9.968172499522853780e-01 4.216126000000000040e+00
9.966031988877966930e-01 1.727188746562091648e-02 -8.052171055054356541e-02 -2.470482999999999985e-01 -1.696653670696491450e-02 9.998460442665747516e-01 4.474862752497959367e-03 -5.815030000000000199e-02 8.058660309742433914e-02 -3.093487975959915981e-03 9.967428102240620813e-01 4.300099799999999917e+00
9.964453329673866877e-01 2.088186012220174040e-02 -8.161278285508133390e-02 -2.544741999999999837e-01 -2.036602770691792533e-02 9.997670388932045071e-01 7.147926843136058125e-03 -5.911550000000000138e-02 8.174303225936085937e-02 -5.460390146369968958e-03 9.966384805015781057e-01 4.380085499999999854e+00
9.962860734715178745e-01 1.803577185247673756e-02 -8.419483796760167393e-02 -2.606105000000000227e-01 -1.757098569465466789e-02 9.998260327330072972e-01 6.258173143471127894e-03 -6.044689999999999785e-02 8.429306180477448562e-02 -4.755544454721259348e-03 9.964296585953850149e-01 4.455675099999999667e+00
9.965031620317537087e-01 6.124044104321174457e-03 -8.333033147974801269e-02 -2.656750999999999974e-01 -6.474499757709307503e-03 9.999712938251926753e-01 -3.936035881127784505e-03 -6.119730000000000308e-02 8.330383492735358997e-02 4.461794412389741976e-03 9.965142063598581013e-01 4.526693299999999809e+00
9.970252293672318133e-01 1.342131406883651998e-02 -7.589835527786087388e-02 -2.718256000000000006e-01 -1.353700808180540935e-02 9.999078603604704130e-01 -1.010050265664565183e-03 -6.230539999999999690e-02 7.587780582892389436e-02 2.034482246588787367e-03 9.971150482590143138e-01 4.594164799999999715e+00
9.978169660928870588e-01 8.036129959263463296e-03 -6.554939200682217970e-02 -2.755873999999999824e-01 -7.666431117589540996e-03 9.999532681598386485e-01 5.889595094477983669e-03 -6.292230000000000045e-02 6.559365831469891883e-02 -5.374208010067394944e-03 9.978319447067021120e-01 4.658193599999999712e+00
9.988924357284043598e-01 7.188539870038440464e-03 -4.649974988225554634e-02 -2.781676000000000148e-01 -6.768651728750975892e-03 9.999349445877557807e-01 9.181064538313493673e-03 -6.384180000000000410e-02 4.656272327034077091e-02 -8.856155306828625978e-03 9.988761090920289520e-01 4.719678899999999899e+00
9.993105559451290754e-01 1.237397071306744166e-02 3.500425153362523439e-02 -2.761738000000000248e-01 -1.274654151746016338e-02 9.998642514154163496e-01 1.044051822625769246e-02 -6.437049999999999716e-02 -3.487030908926417455e-02 -1.087950321849779842e-02 9.993326262830298790e-01 4.832854700000000392e+00
9.951757180014546567e-01 1.073662625818582080e-02 9.751930658531828000e-02 -2.695031999999999983e-01 -1.210920341881339089e-02 9.998356263118597376e-01 1.349398199691280095e-02 -6.505420000000000647e-02 -9.735839713579443055e-02 -1.460976434317964520e-02 9.951421492897312149e-01 4.885327300000000150e+00
9.842660912355190028e-01 1.075897729185065418e-02 1.763646961599355245e-01 -2.589504000000000250e-01 -1.339596697497814903e-02 9.998154769345554138e-01 1.376808450484967583e-02 -6.531570000000000431e-02 -1.761840222970239289e-01 -1.591403436469925742e-02 9.842285983436372954e-01 4.935388999999999804e+00
9.627556023136206731e-01 1.229956498600186070e-02 2.700932633645137249e-01 -2.440750999999999893e-01 -1.599695650219876142e-02 9.998059939079303460e-01 1.149225515041930878e-02 -6.603499999999999648e-02 -2.698995138869357269e-01 -1.538490321486279261e-02 9.627655774676746603e-01 4.982261199999999945e+00
9.257337945614544372e-01 1.411015628467290894e-02 3.779124833826915109e-01 -2.236382000000000092e-01 -1.769165956500518000e-02 9.998254460701729851e-01 6.006877093445916679e-03 -6.658500000000000529e-02 -3.777617592990149542e-01 -1.224666812655222405e-02 9.258218361710374156e-01 5.025788300000000319e+00
8.703957163795773555e-01 1.548632175809573457e-02 4.921092061184050293e-01 -1.986339000000000021e-01 -1.844095531614355771e-02 9.998292866622602304e-01 1.152692267583723708e-03 -6.663049999999999529e-02 -4.920073455499522908e-01 -1.007826229270112478e-02 8.705327107892323335e-01 5.065165499999999987e+00
7.984791422247161652e-01 1.364013288388196514e-02 6.018679308677207240e-01 -1.683533000000000113e-01 -1.503514983887531582e-02 9.998832832470750942e-01 -2.713697177622212669e-03 -6.767059999999999742e-02 -6.018346979872496449e-01 -6.882343929164614141e-03 7.985910277736887330e-01 5.099643200000000043e+00
7.143974254988645356e-01 1.179226134221418067e-02 6.996408085675328570e-01 -1.342963000000000073e-01 -1.621012700518762589e-02 9.998685621047290750e-01 -3.004947540405297768e-04 -6.863950000000000606e-02 -6.995523927648806817e-01 -1.112659368622940202e-02 7.144946806589056454e-01 5.129799799999999799e+00
6.217841126718410827e-01 9.570117275165388251e-03 7.831302127259750501e-01 -9.659679999999999656e-02 -1.274483455454209803e-02 9.999165755536397748e-01 -2.100267901884984943e-03 -6.945830000000000060e-02 -7.830849803316807245e-01 -8.674951782109203979e-03 6.218542102378254999e-01 5.154591599999999829e+00
5.272569470516391688e-01 9.251337329678505084e-03 8.496555328739979762e-01 -5.667060000000000153e-02 -9.457270924598019934e-03 9.999426833428728401e-01 -5.018969586863654755e-03 -7.046090000000000686e-02 -8.496532656398395611e-01 -5.389135985258341685e-03 5.273142188495286709e-01 5.175003499999999867e+00
4.331504035541094977e-01 1.413309053906022794e-02 9.012108430621144084e-01 -1.570070000000000146e-02 -1.440776242203211863e-02 9.998578706224573454e-01 -8.755280481839900278e-03 -7.161960000000000548e-02 -9.012064936977000063e-01 -9.192078445059844241e-03 4.332924663676458454e-01 5.192491999999999663e+00
3.510152135049571243e-01 4.588780237892386114e-03 9.363585119942027246e-01 2.797060000000000171e-02 8.064320484072375755e-03 9.999360908267541648e-01 -7.923446045713065933e-03 -7.213859999999999717e-02 -9.363350290484701022e-01 1.033234523414135880e-02 3.509557750183959213e-01 5.203883199999999931e+00
2.822997544953044224e-01 5.150713087850379221e-03 9.593124197916846896e-01 7.259019999999999362e-02 9.316572022767371716e-03 9.999237087188713735e-01 -8.110377774327937050e-03 -7.278419999999999335e-02 -9.592810068471258056e-01 1.122706090588142594e-02 2.822302304959201091e-01 5.214509500000000131e+00
2.507515812880966588e-01 1.279261861857140629e-02 9.679669381701004882e-01 9.535599999999999632e-02 -1.427112830599501850e-03 9.999164789971807243e-01 -1.284516947530430636e-02 -7.355720000000000314e-02 -9.680504159549171428e-01 1.839548520787481593e-03 2.507488947747364971e-01 5.220515699999999981e+00
2.222620174792770686e-01 1.697187237636042789e-02 9.748392437392342513e-01 1.186750000000000027e-01 -6.220382424904573326e-03 9.998528166433391373e-01 -1.598911795156734636e-02 -7.460849999999999427e-02 -9.749671288964206761e-01 -2.510099285233310072e-03 2.223348757461338643e-01 5.225341300000000189e+00
1.965839670769090330e-01 1.869747289700419979e-02 9.803087005609869564e-01 1.427505000000000024e-01 -5.154328141249974078e-03 9.998240509052152003e-01 -1.803607864525953383e-02 -7.556259999999999366e-02 -9.804734452241514742e-01 -1.507228831817444131e-03 1.966457512165759036e-01 5.228877100000000056e+00
1.731272914496684856e-01 1.999810701780900882e-02 9.846964083772246079e-01 1.674576000000000120e-01 2.457047149146945192e-03 9.997819570740791306e-01 -2.073647097341254839e-02 -7.629759999999999320e-02 -9.848963924568961970e-01 6.009494556830082684e-03 1.730404059766476044e-01 5.231644600000000089e+00
1.528859501996841230e-01 2.632659105743794664e-02 9.878931100249835895e-01 1.927856000000000014e-01 9.230397308567580769e-03 9.995634519098471893e-01 -2.806608935346392372e-02 -7.642820000000000169e-02 -9.882007316315172263e-01 1.340955664312063964e-02 1.525762032348729758e-01 5.234007799999999655e+00
1.334363493058576822e-01 3.321085327600884624e-02 9.905007722907662737e-01 2.185285999999999895e-01 1.129012835887355064e-02 9.993225705257903213e-01 -3.502760396268908560e-02 -7.649649999999999506e-02 -9.909930744892040400e-01 1.585683645643876094e-02 1.329710007935130944e-01 5.236374399999999874e+00
1.156134658005863458e-01 3.387618425003794537e-02 9.927164402115207231e-01 2.454484999999999861e-01 8.554888184836897599e-03 9.993472318786719155e-01 -3.509877525756362193e-02 -7.737549999999999983e-02 -9.932574391434081384e-01 1.255046919814167827e-02 1.152481900473274479e-01 5.239248299999999858e+00
1.001721619372580030e-01 2.949012656527093268e-02 9.945329911108931054e-01 2.734528999999999987e-01 7.111261789621773147e-03 9.995139114988470519e-01 -3.035408829193095293e-02 -7.864169999999999494e-02 -9.949447059653993009e-01 1.011301910604227305e-02 9.991375739098995457e-02 5.241712999999999845e+00
8.551869902218943442e-02 2.625136091841925520e-02 9.959906717271417298e-01 3.025038999999999922e-01 7.675691835063103846e-03 9.996058101925707762e-01 -2.700570280713696786e-02 -7.995579999999999354e-02 -9.963069988072980054e-01 9.954410037021280480e-03 8.528349106602950425e-02 5.243921300000000230e+00
6.088631809175542448e-02 2.303032072927153895e-02 9.978789809372359265e-01 3.631434000000000051e-01 1.370072507043371829e-02 9.996203133503572813e-01 -2.390646920558819194e-02 -8.196140000000000370e-02 -9.980506732635241463e-01 1.512724245988783522e-02 6.054766827703439436e-02 5.246478100000000033e+00
5.081832249999188728e-02 2.373737308303267013e-02 9.984257785220713721e-01 3.946658000000000110e-01 1.684140289878752889e-02 9.995549773698305662e-01 -2.462142082817767724e-02 -8.292190000000000671e-02 -9.985659043081174246e-01 1.806611010468016365e-02 5.039593653260199257e-02 5.247440799999999683e+00
4.319065711852141526e-02 2.443442725353704714e-02 9.987680040442136198e-01 4.272262000000000004e-01 1.912971517613705486e-02 9.994973737402647052e-01 -2.527951509807041183e-02 -8.370249999999999913e-02 -9.988836874906660279e-01 2.019798631312795176e-02 4.270152472622623652e-02 5.248348700000000200e+00
3.170411549829338371e-02 2.583540344589516091e-02 9.991633404950659436e-01 4.951948999999999934e-01 2.152781723160358124e-02 9.994163174166584840e-01 -2.652503659879621931e-02 -8.578280000000000627e-02 -9.992654312772526470e-01 2.235075860262097577e-02 3.112943051476879663e-02 5.250515000000000043e+00
2.576796389541438290e-02 2.659057822564706020e-02 9.993142414607679713e-01 5.310437999999999548e-01 2.203400312577028647e-02 9.993882121945205643e-01 -2.716070751827649732e-02 -8.682660000000000378e-02 -9.994250921119290920e-01 2.271876925067817937e-02 2.516630248559115213e-02 5.251211200000000190e+00
1.865651292641567344e-02 2.669165918418374764e-02 9.994696042678946624e-01 6.058478999999999948e-01 2.566974546065770371e-02 9.993012833441141662e-01 -2.716632611877347128e-02 -8.919520000000000226e-02 -9.994963725263897869e-01 2.616295925161926314e-02 1.795830921291263760e-02 5.252077599999999791e+00
1.319261469592313517e-02 2.541368488508084084e-02 9.995899657049618359e-01 6.855991000000000168e-01 2.851410427858185742e-02 9.992608530884675710e-01 -2.578164738914620613e-02 -9.196070000000000633e-02 -9.995063285315781698e-01 2.884253985816650351e-02 1.245821495459942252e-02 5.252897700000000114e+00
1.353066098397664833e-02 2.491009994920841131e-02 9.995981233144933809e-01 7.694834000000000396e-01 3.624353419378245622e-02 9.990204912458530151e-01 -2.538630142495265293e-02 -9.443840000000000567e-02 -9.992513835079143147e-01 3.657246220060769021e-02 1.261457752381378583e-02 5.253118500000000246e+00
1.977483405727985602e-02 2.453170606319034913e-02 9.995034523880526045e-01 8.572600999999999694e-01 4.083934685292318206e-02 9.988447659588515215e-01 -2.532353184754792402e-02 -9.760530000000000594e-02 -9.989700214153742763e-01 4.131983681279937509e-02 1.875013064301023213e-02 5.254593400000000081e+00
3.190673379533734422e-02 2.096818597758712266e-02 9.992708819510969231e-01 9.967759000000000480e-01 4.242906479032790279e-02 9.988502662965003109e-01 -2.231412065102962583e-02 -1.014429000000000025e-01 -9.985898731709288434e-01 4.311009970088063026e-02 3.098038902674560280e-02 5.259025600000000189e+00
4.009012242450508273e-02 1.780029863892103326e-02 9.990375025254825125e-01 1.094492900000000102e+00 3.857849562454548908e-02 9.990682247499794721e-01 -1.934895269184803979e-02 -1.040891000000000038e-01 -9.984510412430522841e-01 3.931706580213832625e-02 3.936605869750242626e-02 5.263550300000000348e+00
4.724154454201499181e-02 2.269283128896186150e-02 9.986256915768667586e-01 1.193766200000000000e+00 3.353988433144228232e-02 9.991421383453839011e-01 -2.429122355187780802e-02 -1.072936000000000029e-01 -9.983202455266135811e-01 3.464134510530074429e-02 4.643990289586286124e-02 5.268950900000000104e+00
4.821346382512047002e-02 3.099785849300579904e-02 9.983559458804416309e-01 1.293809900000000068e+00 2.447380173317471874e-02 9.991815876030522015e-01 -3.220540364239218856e-02 -1.108383000000000007e-01 -9.985371775425835317e-01 2.598629954209991447e-02 4.741536988571537492e-02 5.274933299999999825e+00
4.804346605796509795e-02 2.865937299946493336e-02 9.984340066866784769e-01 1.394559499999999952e+00 1.930994503030786583e-02 9.993748271787530335e-01 -2.961555038090327857e-02 -1.149629999999999957e-01 -9.986585759868401579e-01 2.070253947502267988e-02 4.746001967152435608e-02 5.280879500000000171e+00
4.851920601956184048e-02 2.686774785881247685e-02 9.984608208498852999e-01 1.495176899999999920e+00 1.744254624524614605e-02 9.994629164978202640e-01 -2.774231652464623221e-02 -1.191269999999999968e-01 -9.986699375808374413e-01 1.876173421265975999e-02 4.802450521993695265e-02 5.286063699999999699e+00
4.854367441606693284e-02 2.765894724194824586e-02 9.984380272764324937e-01 1.595530200000000010e+00 1.283456671603966717e-02 9.995167116846360722e-01 -2.831284090909237661e-02 -1.234154999999999974e-01 -9.987385972172090343e-01 1.418892880379528376e-02 4.816522322176464144e-02 5.291846800000000073e+00
4.457100327267141809e-02 2.847031319523472132e-02 9.986004541025571557e-01 1.695286899999999930e+00 6.655287107173389269e-03 9.995631876474139199e-01 -2.879480949167517387e-02 -1.274582999999999966e-01 -9.989840503335322142e-01 7.929386275495647202e-03 4.436205599952935952e-02 5.297322799999999887e+00
3.551100835293969499e-02 2.491721475303755595e-02 9.990586072371870907e-01 1.794888100000000097e+00 1.867708554735924772e-03 9.996857253922022402e-01 -2.499924222493807302e-02 -1.313935999999999993e-01 -9.993675399724125663e-01 2.753698606886387235e-03 3.545331004956264742e-02 5.301970999999999989e+00
2.198592105271789804e-02 2.286912093328640622e-02 9.994966846284195627e-01 1.893702400000000008e+00 -5.915415585764291495e-04 9.997384635273758313e-01 -2.286164085332026419e-02 -1.353099000000000107e-01 -9.997581054205303408e-01 -8.860959568037993228e-05 2.199369896791847356e-02 5.304746200000000300e+00
3.035692774020857382e-03 2.409137156957114057e-02 9.997051517248863872e-01 1.991305899999999962e+00 -6.215314964102911649e-04 9.997096104725229360e-01 -2.408959168344835394e-02 -1.389537999999999884e-01 -9.999951991224659276e-01 -5.482196395180972959e-04 3.049784786852804963e-03 5.305759000000000114e+00
-1.816306365567665199e-02 2.221625697573192948e-02 9.995881857268162918e-01 2.088895799999999969e+00 -5.170009551647442719e-04 9.997527647030329812e-01 -2.222930900082929762e-02 -1.423687999999999898e-01 -9.998349042860288360e-01 -9.205404011959229110e-04 -1.814708727916325426e-02 5.304835800000000212e+00
-4.039744854901648752e-02 2.185520086020199121e-02 9.989446412820330856e-01 2.185620500000000188e+00 1.094827024895092538e-03 9.997611241278558936e-01 -2.182878916457484803e-02 -1.458339999999999914e-01 -9.991830900813498673e-01 2.118442024864591183e-04 -4.041172623779820672e-02 5.301660499999999665e+00
-6.213295222936335294e-02 2.333010095098453363e-02 9.977951706822804079e-01 2.281137199999999865e+00 1.128501462763858987e-03 9.997277642979114365e-01 -2.330501611988673033e-02 -1.495274000000000048e-01 -9.980672435921903451e-01 -3.219961436277934269e-04 -6.214236547453999560e-02 5.296178799999999853e+00
-8.173353212228412490e-02 2.540136466865872480e-02 9.963304674653813420e-01 2.374670500000000128e+00 2.958209056507832974e-03 9.996769423617838379e-01 -2.524400739527801057e-02 -1.526712000000000069e-01 -9.966498275352247971e-01 8.840719227936402747e-04 -8.178227002744409280e-02 5.288692499999999797e+00
-1.008129136042642121e-01 2.638051159981832927e-02 9.945555917385170419e-01 2.465747599999999817e+00 4.097542825872792921e-03 9.996509308329241117e-01 -2.610031853557509204e-02 -1.559871999999999925e-01 -9.948969628023848211e-01 1.443984972289133473e-03 -1.008858182005305526e-01 5.279970600000000402e+00
-1.165897938936035355e-01 2.504403010224963422e-02 9.928643495040420097e-01 2.555114999999999803e+00 7.362467311378838655e-03 9.996763517952325095e-01 -2.435129845538523685e-02 -1.594298000000000104e-01 -9.931528653912929938e-01 4.470818449901931349e-03 -1.167364456690886954e-01 5.269408699999999612e+00
-1.256706827502574175e-01 2.172839714517097939e-02 9.918340366485642878e-01 2.642595299999999980e+00 1.359183027939745228e-02 9.997039983281841291e-01 -2.017864902063662425e-02 -1.630340000000000122e-01 -9.919789018153257754e-01 1.094497529205573638e-02 -1.259288127043056704e-01 5.258140599999999942e+00
-1.298935327024954012e-01 1.979972116332383292e-02 9.913302382172757277e-01 2.726354800000000189e+00 1.532262850613708670e-02 9.997212961098603801e-01 -1.795959799337791193e-02 -1.661450999999999900e-01 -9.914095456559457453e-01 1.285694933782719103e-02 -1.301607146415380001e-01 5.246993500000000310e+00
-1.294899712306779582e-01 2.163789518832522768e-02 9.913446165902637386e-01 2.806558100000000167e+00 1.755068934882182685e-02 9.996552790825892210e-01 -1.952680992102305557e-02 -1.686001000000000027e-01 -9.914253984309959744e-01 1.487025534850240464e-02 -1.298250933056125378e-01 5.236324800000000224e+00
-1.214968861697172109e-01 2.390706665440699846e-02 9.923038641540427029e-01 2.882268400000000064e+00 1.868571570309415092e-02 9.995878327829208487e-01 -2.179469157860670914e-02 -1.713628000000000096e-01 -9.924159161761394454e-01 1.589392073483412993e-02 -1.218935297870600287e-01 5.227387900000000087e+00
-1.024760601357693757e-01 2.449935700805941016e-02 9.944337276084526112e-01 2.952866799999999792e+00 1.687463111588103151e-02 9.995956204679552481e-01 -2.288760288860469325e-02 -1.743622999999999978e-01 -9.945923305172593709e-01 1.443527095260689966e-02 -1.028480385266131725e-01 5.220664499999999819e+00
-7.147553983574667091e-02 2.609116201667793442e-02 9.971010472714431083e-01 3.019397000000000109e+00 1.531560622637960847e-02 9.995686749442680430e-01 -2.505785856929603622e-02 -1.771497999999999962e-01 -9.973247612543808538e-01 1.348018303955191705e-02 -7.184431260797963237e-02 5.216496900000000103e+00
-2.582634142518806450e-02 3.152520687620791184e-02 9.991692356252778184e-01 3.082342099999999974e+00 1.148178958987767194e-02 9.994460506911838626e-01 -3.123716161256335361e-02 -1.800266000000000088e-01 -9.996005044998744760e-01 1.066550932716850419e-02 -2.617400073333631116e-02 5.216000099999999584e+00
3.583822921869170286e-02 3.261778646749202010e-02 9.988251605423392743e-01 3.145200500000000066e+00 7.161048004298306222e-03 9.994331722556616393e-01 -3.289458293496273084e-02 -1.830309999999999993e-01 -9.993319472117103697e-01 8.331518525821111909e-03 3.558433758137491409e-02 5.219575899999999713e+00
1.166329536649102078e-01 2.663071755154384004e-02 9.928179888590297208e-01 3.205096199999999840e+00 4.365800750264357127e-03 9.996170422241955622e-01 -2.732597077433714799e-02 -1.855200999999999933e-01 -9.931654916997506577e-01 7.521554203808650252e-03 1.164720237617226095e-01 5.227144700000000199e+00
2.623420850696994155e-01 1.706511627435262912e-02 9.648240317321212789e-01 3.291401399999999811e+00 -6.960697957098702440e-03 9.998510697894693600e-01 -1.579198926050157104e-02 -1.892661999999999956e-01 -9.649498324188841014e-01 -2.572945276639228111e-03 2.624217995277274840e-01 5.250731499999999663e+00
3.171120412724984794e-01 1.680576350529209076e-02 9.482391679281094721e-01 3.318586100000000094e+00 -7.684165663205506751e-03 9.998556927788666560e-01 -1.515081567946334473e-02 -1.899879999999999902e-01 -9.483569511940372898e-01 -2.481920767641743013e-03 3.171954179859058920e-01 5.261760200000000331e+00
3.754740293917122607e-01 1.761716424452305918e-02 9.266654675643921646e-01 3.344946600000000103e+00 -5.501874048324566051e-03 9.998440835449085018e-01 -1.677909360479620110e-02 -1.906994999999999940e-01 -9.268165852175436203e-01 1.201717197862463109e-03 3.755124142308325919e-01 5.274145100000000141e+00
4.352671330326164378e-01 2.088212920078884316e-02 9.000591422687779231e-01 3.369374999999999787e+00 -4.457261957441258776e-03 9.997686999058791324e-01 -2.103995019839860481e-02 -1.916764999999999997e-01 -9.002903174628779093e-01 5.146199427724157047e-03 4.352595328238553218e-01 5.288337199999999960e+00
4.951301477508022741e-01 2.471123285655606877e-02 8.684673233685753502e-01 3.392494699999999863e+00 -3.776222308920254914e-03 9.996472019547351096e-01 -2.629090658654804208e-02 -1.925657000000000063e-01 -8.688106105091846221e-01 9.737894781627396898e-03 4.950487819113179588e-01 5.303995600000000366e+00
5.538403103766967872e-01 2.919307949912219174e-02 8.321109749974471281e-01 3.414675200000000022e+00 -7.782352080576940279e-03 9.995229990800625908e-01 -2.988660747042080554e-02 -1.931119000000000030e-01 -8.325865394047264889e-01 1.007662737998207478e-02 5.538033188621271918e-01 5.321284799999999926e+00
6.099065233469819214e-01 3.175763743130302630e-02 7.918367794208470700e-01 3.435116299999999789e+00 -1.109003780418142682e-02 9.994409051431681901e-01 -3.154184820372035736e-02 -1.940334999999999976e-01 -7.923957621291896070e-01 1.045607915935086937e-02 6.099177211463151504e-01 5.340574300000000108e+00
6.630371731716278028e-01 3.261751347284839314e-02 7.478755276163443488e-01 3.454157799999999945e+00 -1.238384830059743348e-02 9.993914946777335828e-01 -3.260798471346278843e-02 -1.949211000000000138e-01 -7.484840327581107067e-01 1.235872892550794570e-02 6.630376418616827916e-01 5.360658599999999829e+00
7.121617835565354770e-01 3.087077445584268665e-02 7.013362883282676652e-01 3.471635599999999933e+00 -1.273244600572813988e-02 9.994363195825549662e-01 -3.106328891132018738e-02 -1.959741999999999873e-01 -7.018999065823314787e-01 1.319236081122029079e-02 7.121534123740059785e-01 5.382283199999999823e+00
7.583910313252928415e-01 2.661235668409281385e-02 6.512563443660854823e-01 3.488093399999999900e+00 -1.386423965233533721e-02 9.995987230195697570e-01 -2.470173671036350604e-02 -1.971147000000000038e-01 -6.516523816147850034e-01 9.704401545903183421e-03 7.584556665530388653e-01 5.405013600000000196e+00
8.006131920250757483e-01 2.037844715438282689e-02 5.988348984878847370e-01 3.503347600000000117e+00 -1.305480699524994709e-02 9.997774962929256715e-01 -1.656894446142394978e-02 -1.982047999999999865e-01 -5.990393048621568406e-01 5.447641491967396971e-03 8.007010893163808429e-01 5.429147699999999688e+00
8.383102351948690245e-01 1.801377373255838923e-02 5.448958189630708215e-01 3.517136799999999841e+00 -1.500998677964041940e-02 9.998377240689968470e-01 -9.961216060479047285e-03 -1.986146000000000023e-01 -5.449868345789634638e-01 1.717103395700633056e-04 8.384445841265604216e-01 5.454520699999999778e+00
8.703802055516390856e-01 1.447998588557071822e-02 4.921672762309986515e-01 3.529372899999999813e+00 -1.511451453910856932e-02 9.998821563301961701e-01 -2.687917916167583809e-03 -1.989213999999999982e-01 -4.921481984464979309e-01 -5.099358903887017333e-03 8.704964947112858731e-01 5.480757200000000218e+00
8.968565595787082456e-01 1.469636440783307109e-02 4.420772878285370022e-01 3.540024999999999977e+00 -1.805396343150774893e-02 9.998312723701382465e-01 3.388391229507997388e-03 -1.996325999999999934e-01 -4.419529001432808690e-01 -1.102014808895974626e-02 8.969705627226796096e-01 5.507888300000000292e+00
9.337151356731854257e-01 2.267286204812489839e-02 3.572981762356919333e-01 3.557465800000000122e+00 -2.804729756925529102e-02 9.995579011067492470e-01 9.866683035939471241e-03 -2.002064000000000066e-01 -3.569165091640712495e-01 -1.923391955938121012e-02 9.339382537537033180e-01 5.563850399999999752e+00
9.462489280281682902e-01 2.631611441274129062e-02 3.223669156842213779e-01 3.565161900000000106e+00 -3.087487053601685114e-02 9.994824150531512741e-01 9.035727358901821799e-03 -1.999972999999999890e-01 -3.219622781863219485e-01 -1.850308411416103430e-02 9.465716704525536374e-01 5.592569400000000357e+00
