9.999796e-01 1.566466e-03 -6.198571e-03 -1.406429e-01 -1.587952e-03 9.999927e-01 -3.462706e-03 -8.515762e-02 6.193102e-03 3.472479e-03 9.999747e-01 2.574964e+00
9.999637e-01 2.078471e-03 -8.263498e-03 -1.874858e-01 -2.116664e-03 9.999871e-01 -4.615826e-03 -1.135202e-01 8.253797e-03 4.633149e-03 9.999551e-01 3.432648e+00
9.999433e-01 2.586172e-03 -1.033094e-02 -2.343818e-01 -2.645881e-03 9.999798e-01 -5.770163e-03 -1.419150e-01 1.031581e-02 5.797170e-03 9.999299e-01 4.291335e+00
9.999184e-01 3.088363e-03 -1.239599e-02 -2.812195e-01 -3.174350e-03 9.999710e-01 -6.922975e-03 -1.702743e-01 1.237425e-02 6.961759e-03 9.998991e-01 5.148987e+00
9.998890e-01 3.586305e-03 -1.446384e-02 -3.281178e-01 -3.703403e-03 9.999605e-01 -8.077186e-03 -1.986703e-01 1.443430e-02 8.129853e-03 9.998627e-01 6.007777e+00
9.998551e-01 4.078705e-03 -1.652913e-02 -3.749547e-01 -4.231669e-03 9.999484e-01 -9.229794e-03 -2.270290e-01 1.649063e-02 9.298401e-03 9.998207e-01 6.865477e+00
9.998167e-01 4.566671e-03 -1.859652e-02 -4.218367e-01 -4.760342e-03 9.999347e-01 -1.038342e-02 -2.554151e-01 1.854788e-02 1.047004e-02 9.997731e-01 7.724036e+00
9.997738e-01 5.049868e-03 -2.066463e-02 -4.687329e-01 -5.289072e-03 9.999194e-01 -1.153730e-02 -2.838096e-01 2.060470e-02 1.164399e-02 9.997198e-01 8.582886e+00
9.997264e-01 5.527315e-03 -2.272922e-02 -5.155474e-01 -5.816781e-03 9.999025e-01 -1.268908e-02 -3.121547e-01 2.265686e-02 1.281782e-02 9.996611e-01 9.440275e+00
9.996745e-01 6.000540e-03 -2.479692e-02 -5.624310e-01 -6.345160e-03 9.998840e-01 -1.384246e-02 -3.405416e-01 2.471098e-02 1.399530e-02 9.995966e-01 1.029896e+01
9.996182e-01 6.468772e-03 -2.686440e-02 -6.093087e-01 -6.873365e-03 9.998639e-01 -1.499561e-02 -3.689250e-01 2.676374e-02 1.517453e-02 9.995266e-01 1.115757e+01
9.995562e-01 7.058450e-03 -2.894213e-02 -6.562052e-01 -7.530449e-03 9.998399e-01 -1.623192e-02 -3.973964e-01 2.882292e-02 1.644266e-02 9.994492e-01 1.201541e+01
9.995095e-01 5.595311e-03 -3.081450e-02 -7.018788e-01 -6.093682e-03 9.998517e-01 -1.610315e-02 -4.239119e-01 3.071983e-02 1.628303e-02 9.993953e-01 1.286965e+01
9.994226e-01 7.842768e-03 -3.306167e-02 -7.498241e-01 -8.456089e-03 9.997940e-01 -1.845198e-02 -4.540039e-01 3.291014e-02 1.872089e-02 9.992829e-01 1.373146e+01
9.993587e-01 8.704386e-03 -3.473400e-02 -7.992511e-01 -9.439421e-03 9.997338e-01 -2.105422e-02 -4.840770e-01 3.454149e-02 2.136859e-02 9.991747e-01 1.460026e+01
9.992482e-01 1.235688e-02 -3.674849e-02 -8.546642e-01 -1.320676e-02 9.996488e-01 -2.297477e-02 -5.155070e-01 3.645169e-02 2.344282e-02 9.990604e-01 1.547957e+01
9.991826e-01 1.352279e-02 -3.809783e-02 -9.072868e-01 -1.439161e-02 9.996404e-01 -2.262373e-02 -5.464705e-01 3.777819e-02 2.315352e-02 9.990178e-01 1.636940e+01
9.991241e-01 1.328777e-02 -3.967996e-02 -9.609163e-01 -1.412604e-02 9.996813e-01 -2.092052e-02 -5.783595e-01 3.938933e-02 2.146271e-02 9.989934e-01 1.726896e+01
9.990174e-01 1.304822e-02 -4.235654e-02 -1.066256e+00 -1.386115e-02 9.997242e-01 -1.895579e-02 -6.387363e-01 4.209752e-02 1.952427e-02 9.989227e-01 1.908411e+01
9.989120e-01 1.152857e-02 -4.518863e-02 -1.171840e+00 -1.247777e-02 9.997062e-01 -2.077977e-02 -6.990778e-01 4.493579e-02 2.132101e-02 9.987623e-01 2.091368e+01
9.988593e-01 1.299421e-02 -4.594914e-02 -1.280807e+00 -1.370812e-02 9.997896e-01 -1.525610e-02 -7.604717e-01 4.574123e-02 1.586857e-02 9.988272e-01 2.277432e+01
9.989649e-01 1.285173e-02 -4.363580e-02 -1.385747e+00 -1.325687e-02 9.998715e-01 -9.007757e-03 -8.209244e-01 4.351442e-02 9.576906e-03 9.990068e-01 2.465175e+01
9.990746e-01 1.289592e-02 -4.103309e-02 -1.487044e+00 -1.333334e-02 9.998570e-01 -1.040438e-02 -8.702127e-01 4.089305e-02 1.094186e-02 9.991036e-01 2.654471e+01
9.991533e-01 1.320645e-02 -3.896502e-02 -1.586551e+00 -1.396325e-02 9.997178e-01 -1.921474e-02 -9.254151e-01 3.870026e-02 1.974255e-02 9.990558e-01 2.845466e+01
9.992215e-01 9.086312e-03 -3.839229e-02 -1.680971e+00 -9.596057e-03 9.998679e-01 -1.311391e-02 -9.838377e-01 3.826806e-02 1.347211e-02 9.991766e-01 3.039839e+01
9.992105e-01 5.838117e-03 -3.929763e-02 -1.728893e+00 -6.198498e-03 9.999398e-01 -9.054940e-03 -1.011772e+00 3.924239e-02 9.291377e-03 9.991865e-01 3.137765e+01
9.991063e-01 -4.894794e-03 -4.198475e-02 -1.815834e+00 4.337365e-03 9.999014e-01 -1.335777e-02 -1.059789e+00 4.204599e-02 1.316373e-02 9.990289e-01 3.333631e+01
9.989620e-01 -3.501086e-03 -4.541814e-02 -1.929780e+00 2.639355e-03 9.998156e-01 -1.901940e-02 -1.129880e+00 4.547635e-02 1.887978e-02 9.987869e-01 3.533097e+01
9.988708e-01 -2.386257e-04 -4.750925e-02 -2.061112e+00 -4.151975e-04 9.999053e-01 -1.375168e-02 -1.249881e+00 4.750803e-02 1.375587e-02 9.987761e-01 3.742850e+01
9.987592e-01 8.809214e-04 -4.979299e-02 -2.190967e+00 -1.403287e-03 9.999443e-01 -1.045676e-02 -1.349142e+00 4.978101e-02 1.051366e-02 9.987048e-01 3.950365e+01
9.987132e-01 6.466500e-03 -5.030151e-02 -2.329940e+00 -6.722014e-03 9.999653e-01 -4.912121e-03 -1.426813e+00 5.026800e-02 5.243927e-03 9.987219e-01 4.156111e+01
9.987083e-01 6.676282e-03 -5.037160e-02 -2.465214e+00 -7.006772e-03 9.999550e-01 -6.387280e-03 -1.489501e+00 5.032669e-02 6.731971e-03 9.987101e-01 4.359302e+01
9.986535e-01 8.808468e-03 -5.112439e-02 -2.600016e+00 -9.296065e-03 9.999135e-01 -9.307503e-03 -1.559885e+00 5.103798e-02 9.770225e-03 9.986489e-01 4.559882e+01
9.986012e-01 6.863746e-03 -5.242779e-02 -2.661881e+00 -7.280160e-03 9.999434e-01 -7.755765e-03 -1.593756e+00 5.237159e-02 8.126598e-03 9.985945e-01 4.659803e+01
9.985154e-01 9.830435e-03 -5.357609e-02 -2.800794e+00 -1.032218e-02 9.999070e-01 -8.909522e-03 -1.664529e+00 5.348352e-02 9.449317e-03 9.985240e-01 4.857856e+01
9.984385e-01 1.064895e-02 -5.483888e-02 -2.937935e+00 -1.149460e-02 9.998195e-01 -1.512829e-02 -1.729013e+00 5.466788e-02 1.573501e-02 9.983805e-01 5.053773e+01
9.984356e-01 7.566176e-03 -5.540070e-02 -3.065844e+00 -8.064009e-03 9.999290e-01 -8.767995e-03 -1.798994e+00 5.533043e-02 9.201029e-03 9.984256e-01 5.249501e+01
9.984326e-01 3.282949e-03 -5.587138e-02 -3.191520e+00 -3.779690e-03 9.999542e-01 -8.787440e-03 -1.858398e+00 5.583997e-02 8.984842e-03 9.983992e-01 5.442804e+01
9.983367e-01 -1.591214e-03 -5.763218e-02 -3.310922e+00 1.036802e-03 9.999529e-01 -9.648457e-03 -1.913841e+00 5.764481e-02 9.572654e-03 9.982912e-01 5.635039e+01
9.982268e-01 -5.964740e-03 -5.922694e-02 -3.438994e+00 5.986946e-03 9.999820e-01 1.974663e-04 -1.956763e+00 5.922470e-02 -5.517038e-04 9.982445e-01 5.827400e+01
9.981161e-01 -2.919496e-03 -6.128511e-02 -3.579193e+00 2.920554e-03 9.999957e-01 -7.231076e-05 -1.998111e+00 6.128506e-02 -1.068112e-04 9.981202e-01 6.016633e+01
9.979547e-01 -9.592105e-04 -6.391830e-02 -3.703384e+00 5.024105e-05 9.998989e-01 -1.422089e-02 -2.049159e+00 6.392547e-02 1.418860e-02 9.978538e-01 6.200632e+01
9.978643e-01 4.204986e-03 -6.518610e-02 -3.776035e+00 -5.092497e-03 9.998965e-01 -1.345487e-02 -2.078109e+00 6.512277e-02 1.375809e-02 9.977824e-01 6.291678e+01
9.976764e-01 1.025448e-02 -6.735521e-02 -3.912602e+00 -1.087073e-02 9.999023e-01 -8.789172e-03 -2.145353e+00 6.725849e-02 9.500949e-03 9.976903e-01 6.469786e+01
9.974616e-01 1.183547e-02 -7.021661e-02 -4.046625e+00 -1.248174e-02 9.998836e-01 -8.772233e-03 -2.201409e+00 7.010461e-02 9.626390e-03 9.974931e-01 6.642163e+01
9.972258e-01 1.296774e-02 -7.329823e-02 -4.179994e+00 -1.352350e-02 9.998834e-01 -7.090915e-03 -2.258366e+00 7.319772e-02 8.062491e-03 9.972848e-01 6.809328e+01
9.969894e-01 1.489953e-02 -7.609372e-02 -4.313021e+00 -1.525772e-02 9.998751e-01 -4.127928e-03 -2.307845e+00 7.602271e-02 5.276517e-03 9.970921e-01 6.971424e+01
9.966886e-01 1.928865e-02 -7.899331e-02 -4.445510e+00 -1.916694e-02 9.998136e-01 2.298764e-03 -2.355391e+00 7.902292e-02 -7.770902e-04 9.968724e-01 7.128437e+01
9.963707e-01 2.284027e-02 -8.199948e-02 -4.580210e+00 -2.361073e-02 9.996856e-01 -8.438421e-03 -2.409731e+00 8.178096e-02 1.034386e-02 9.965966e-01 7.276791e+01
9.962035e-01 2.236698e-02 -8.413330e-02 -4.709494e+00 -2.381956e-02 9.995833e-01 -1.630112e-02 -2.459523e+00 8.373364e-02 1.824325e-02 9.963211e-01 7.417539e+01
9.959529e-01 2.606958e-02 -8.601342e-02 -4.837515e+00 -2.697536e-02 9.995920e-01 -9.385091e-03 -2.525955e+00 8.573366e-02 1.166735e-02 9.962497e-01 7.550744e+01
9.961635e-01 1.044107e-02 -8.688679e-02 -4.985837e+00 -1.249941e-02 9.996532e-01 -2.317957e-02 -2.616742e+00 8.661463e-02 2.417667e-02 9.959484e-01 7.734409e+01
9.966394e-01 1.770654e-02 -7.997749e-02 -5.092732e+00 -1.941041e-02 9.995998e-01 -2.057726e-02 -2.675699e+00 7.958113e-02 2.206050e-02 9.965842e-01 7.849464e+01
9.974633e-01 1.217037e-02 -7.013516e-02 -5.159772e+00 -1.315774e-02 9.998205e-01 -1.363335e-02 -2.729207e+00 6.995665e-02 1.452158e-02 9.974443e-01 7.959230e+01
9.985955e-01 1.068615e-02 -5.189267e-02 -5.208269e+00 -1.122407e-02 9.998861e-01 -1.008572e-02 -2.780022e+00 5.177898e-02 1.065400e-02 9.986017e-01 8.063455e+01
9.997985e-01 1.993349e-02 2.394767e-03 -5.236828e+00 -1.990872e-02 9.997522e-01 -9.958356e-03 -2.839863e+00 -2.592678e-03 9.908671e-03 9.999475e-01 8.209701e+01
9.982814e-01 1.472502e-02 5.672377e-02 -5.163543e+00 -1.430176e-02 9.998668e-01 -7.860647e-03 -2.878004e+00 -5.683196e-02 7.035887e-03 9.983589e-01 8.300846e+01
9.920007e-01 1.389449e-02 1.254661e-01 -5.029560e+00 -1.324753e-02 9.998943e-01 -5.989348e-03 -2.911918e+00 -1.255360e-01 4.279320e-03 9.920798e-01 8.388530e+01
9.775146e-01 1.346779e-02 2.104374e-01 -4.817297e+00 -1.236226e-02 9.999020e-01 -6.568159e-03 -2.942364e+00 -2.105053e-01 3.818988e-03 9.775852e-01 8.472869e+01
9.507397e-01 1.607587e-02 3.095733e-01 -4.519193e+00 -1.319900e-02 9.998480e-01 -1.138540e-02 -2.980545e+00 -3.097093e-01 6.738488e-03 9.508074e-01 8.550171e+01
9.076306e-01 1.642664e-02 4.194484e-01 -4.130089e+00 -1.094447e-02 9.998204e-01 -1.547307e-02 -3.006846e+00 -4.196272e-01 9.453184e-03 9.076472e-01 8.620001e+01
8.470020e-01 1.463490e-02 5.313884e-01 -3.656380e+00 -4.922887e-03 9.997940e-01 -1.968841e-02 -3.030941e+00 -5.315670e-01 1.406015e-02 8.468995e-01 8.681210e+01
7.722941e-01 1.213857e-02 6.351492e-01 -3.115393e+00 -7.665609e-05 9.998192e-01 -1.901471e-02 -3.063358e+00 -6.352652e-01 1.463625e-02 7.721553e-01 8.734503e+01
6.869081e-01 1.002390e-02 7.266752e-01 -2.508137e+00 1.642222e-03 9.998809e-01 -1.534491e-02 -3.084460e+00 -7.267424e-01 1.173390e-02 6.868098e-01 8.782010e+01
5.961032e-01 5.416591e-03 8.028896e-01 -1.847638e+00 1.299442e-02 9.997812e-01 -1.639257e-02 -3.103538e+00 -8.028026e-01 2.020475e-02 5.959023e-01 8.818799e+01
5.045001e-01 9.750747e-03 8.633566e-01 -1.165582e+00 8.934955e-03 9.998237e-01 -1.651313e-02 -3.127427e+00 -8.633654e-01 1.604492e-02 5.043240e-01 8.850204e+01
4.188673e-01 9.627242e-03 9.079964e-01 -4.500223e-01 1.561927e-02 9.997194e-01 -1.780508e-02 -3.146259e+00 -9.079131e-01 2.164020e-02 4.185994e-01 8.874795e+01
3.461082e-01 -2.337058e-03 9.381917e-01 3.020916e-01 3.764494e-02 9.992261e-01 -1.139850e-02 -3.156586e+00 -9.374390e-01 3.926327e-02 3.459283e-01 8.893047e+01
3.138409e-01 1.002432e-03 9.494751e-01 6.763450e-01 3.611653e-02 9.992631e-01 -1.299301e-02 -3.166835e+00 -9.487884e-01 3.836947e-02 3.135734e-01 8.902315e+01
2.833112e-01 8.752363e-03 9.589881e-01 1.050891e+00 2.492263e-02 9.995534e-01 -1.648542e-02 -3.185174e+00 -9.587041e-01 2.857100e-02 2.829665e-01 8.912503e+01
2.551133e-01 1.327093e-02 9.668201e-01 1.434583e+00 1.946154e-02 9.996327e-01 -1.885662e-02 -3.205997e+00 -9.667153e-01 2.362638e-02 2.547613e-01 8.921056e+01
2.298762e-01 1.514276e-02 9.731021e-01 1.832910e+00 2.080734e-02 9.995739e-01 -2.047003e-02 -3.222114e+00 -9.729974e-01 2.495324e-02 2.294632e-01 8.927715e+01
2.067350e-01 1.580712e-02 9.782693e-01 2.240743e+00 2.747050e-02 9.993815e-01 -2.195352e-02 -3.234217e+00 -9.780112e-01 3.141210e-02 2.061729e-01 8.932950e+01
1.870149e-01 2.174817e-02 9.821163e-01 2.662750e+00 3.631700e-02 9.989184e-01 -2.903574e-02 -3.232193e+00 -9.816855e-01 4.109762e-02 1.860228e-01 8.937210e+01
1.677054e-01 2.973015e-02 9.853888e-01 3.089762e+00 3.891920e-02 9.985663e-01 -3.675147e-02 -3.233114e+00 -9.850686e-01 4.451395e-02 1.663079e-01 8.941899e+01
1.501195e-01 3.105637e-02 9.881800e-01 3.536770e+00 3.662397e-02 9.986458e-01 -3.694904e-02 -3.247013e+00 -9.879892e-01 4.173784e-02 1.487788e-01 8.947222e+01
1.346625e-01 2.612444e-02 9.905471e-01 4.002128e+00 3.409387e-02 9.989383e-01 -3.098074e-02 -3.269703e+00 -9.903048e-01 3.794352e-02 1.336289e-01 8.952059e+01
1.200339e-01 2.244059e-02 9.925162e-01 4.475771e+00 3.438479e-02 9.990507e-01 -2.674681e-02 -3.292077e+00 -9.921741e-01 3.733797e-02 1.191484e-01 8.955606e+01
9.481660e-02 1.910255e-02 9.953115e-01 5.460049e+00 4.091002e-02 9.988965e-01 -2.306858e-02 -3.327578e+00 -9.946538e-01 4.290548e-02 9.393048e-02 8.960332e+01
8.451437e-02 1.970806e-02 9.962274e-01 5.974572e+00 4.433756e-02 9.987397e-01 -2.351912e-02 -3.344693e+00 -9.954353e-01 4.615798e-02 8.353405e-02 8.962101e+01
7.611140e-02 2.033196e-02 9.968920e-01 6.504623e+00 4.662512e-02 9.986258e-01 -2.392709e-02 -3.362740e+00 -9.960086e-01 4.830132e-02 7.505883e-02 8.963826e+01
7.011217e-02 2.055161e-02 9.973274e-01 7.050381e+00 4.845902e-02 9.985372e-01 -2.398322e-02 -3.379767e+00 -9.963613e-01 5.001101e-02 6.901370e-02 8.965473e+01
5.805224e-02 2.266708e-02 9.980562e-01 8.197957e+00 5.045707e-02 9.983978e-01 -2.560970e-02 -3.409306e+00 -9.970376e-01 5.184568e-02 5.681551e-02 8.968785e+01
4.996154e-02 2.243890e-02 9.984991e-01 9.420230e+00 5.465687e-02 9.981880e-01 -2.516676e-02 -3.442284e+00 -9.972544e-01 5.583219e-02 4.864457e-02 8.970786e+01
4.330615e-02 2.144658e-02 9.988317e-01 1.071458e+01 5.731411e-02 9.980697e-01 -2.391518e-02 -3.477648e+00 -9.974165e-01 5.828281e-02 4.199336e-02 8.971954e+01
4.227179e-02 2.071974e-02 9.988913e-01 1.207462e+01 6.595748e-02 9.975460e-01 -2.348308e-02 -3.511618e+00 -9.969266e-01 6.687701e-02 4.080144e-02 8.972018e+01
4.733313e-02 2.077681e-02 9.986631e-01 1.350501e+01 7.020740e-02 9.972418e-01 -2.407483e-02 -3.549541e+00 -9.964088e-01 7.125306e-02 4.574389e-02 8.973868e+01
5.870203e-02 1.722669e-02 9.981269e-01 1.577368e+01 7.228987e-02 9.971527e-01 -2.146141e-02 -3.621398e+00 -9.956546e-01 7.341427e-02 5.728957e-02 8.980526e+01
6.659830e-02 1.396403e-02 9.976822e-01 1.735473e+01 6.848000e-02 9.974803e-01 -1.853246e-02 -3.669719e+00 -9.954271e-01 6.955549e-02 6.547424e-02 8.988363e+01
7.390613e-02 1.816167e-02 9.970998e-01 1.895996e+01 6.387777e-02 9.976948e-01 -2.290720e-02 -3.726996e+00 -9.952173e-01 6.538548e-02 7.257563e-02 8.997884e+01
7.474794e-02 2.749119e-02 9.968235e-01 2.058193e+01 5.566893e-02 9.979460e-01 -3.169656e-02 -3.789412e+00 -9.956473e-01 5.786133e-02 7.306400e-02 9.008278e+01
7.451993e-02 2.494887e-02 9.969074e-01 2.221735e+01 5.043155e-02 9.983135e-01 -2.875388e-02 -3.869642e+00 -9.959434e-01 5.241831e-02 7.313604e-02 9.018269e+01
7.447614e-02 2.322760e-02 9.969523e-01 2.385148e+01 4.903232e-02 9.984342e-01 -2.692503e-02 -3.948711e+00 -9.960166e-01 5.088814e-02 7.322062e-02 9.027374e+01
7.412396e-02 2.412341e-02 9.969572e-01 2.547837e+01 4.481095e-02 9.986170e-01 -2.749528e-02 -4.031552e+00 -9.962417e-01 4.671265e-02 7.294045e-02 9.036500e+01
6.992106e-02 2.548140e-02 9.972271e-01 2.710009e+01 3.897825e-02 9.988405e-01 -2.825561e-02 -4.110043e+00 -9.967907e-01 4.084581e-02 6.884676e-02 9.045782e+01
6.089788e-02 2.167742e-02 9.979086e-01 2.872180e+01 3.431028e-02 9.991278e-01 -2.379771e-02 -4.189372e+00 -9.975541e-01 3.568775e-02 6.010101e-02 9.053737e+01
4.700058e-02 1.930296e-02 9.987084e-01 3.034032e+01 3.172229e-02 9.992801e-01 -2.080691e-02 -4.264420e+00 -9.983910e-01 3.265924e-02 4.635441e-02 9.058889e+01
2.806847e-02 2.112184e-02 9.993829e-01 3.194324e+01 3.180308e-02 9.992517e-01 -2.201229e-02 -4.332533e+00 -9.990999e-01 3.240129e-02 2.737573e-02 9.060409e+01
6.968081e-03 1.874427e-02 9.998001e-01 3.353267e+01 3.197931e-02 9.993087e-01 -1.895795e-02 -4.400925e+00 -9.994642e-01 3.210501e-02 6.363835e-03 9.058651e+01
-1.536171e-02 1.808549e-02 9.997185e-01 3.511039e+01 3.379189e-02 9.992746e-01 -1.755822e-02 -4.460151e+00 -9.993108e-01 3.351264e-02 -1.596171e-02 9.052962e+01
-3.725612e-02 1.985515e-02 9.991085e-01 3.666363e+01 3.374649e-02 9.992573e-01 -1.859973e-02 -4.519810e+00 -9.987357e-01 3.302344e-02 -3.789849e-02 9.044253e+01
-5.718399e-02 2.164931e-02 9.981289e-01 3.818958e+01 3.548667e-02 9.991771e-01 -1.963898e-02 -4.577147e+00 -9.977327e-01 3.429723e-02 -5.790519e-02 9.032361e+01
-7.637784e-02 2.219893e-02 9.968318e-01 3.968363e+01 3.679438e-02 9.991339e-01 -1.943100e-02 -4.635152e+00 -9.963998e-01 3.519370e-02 -7.712847e-02 9.017629e+01
-9.242347e-02 2.068885e-02 9.955049e-01 4.114574e+01 3.988263e-02 9.990587e-01 -1.705998e-02 -4.692210e+00 -9.949207e-01 3.812660e-02 -9.316159e-02 9.000290e+01
-1.017231e-01 1.749021e-02 9.946590e-01 4.257483e+01 4.579707e-02 9.988677e-01 -1.288059e-02 -4.746579e+00 -9.937580e-01 4.424220e-02 -1.024090e-01 8.981611e+01
-1.064238e-01 1.554435e-02 9.941994e-01 4.395946e+01 4.803206e-02 9.987908e-01 -1.047457e-02 -4.793116e+00 -9.931600e-01 4.663869e-02 -1.070417e-01 8.963442e+01
-1.066568e-01 1.685791e-02 9.941530e-01 4.528497e+01 4.949480e-02 9.987067e-01 -1.162513e-02 -4.837060e+00 -9.930632e-01 4.796549e-02 -1.073532e-01 8.946022e+01
-9.900439e-02 1.888729e-02 9.949078e-01 4.654259e+01 5.067771e-02 9.986181e-01 -1.391474e-02 -4.880596e+00 -9.937957e-01 4.904201e-02 -9.982473e-02 8.930650e+01
-6.719239e-02 1.967589e-02 9.975460e-01 4.828879e+01 4.841075e-02 9.986922e-01 -1.643767e-02 -4.950044e+00 -9.965648e-01 4.718745e-02 -6.805703e-02 8.915280e+01
-3.001449e-02 2.349433e-02 9.992733e-01 4.936647e+01 4.565938e-02 9.987123e-01 -2.210970e-02 -5.001409e+00 -9.985060e-01 4.496258e-02 -3.104857e-02 8.912113e+01
2.161174e-02 2.824599e-02 9.993674e-01 5.041670e+01 4.145875e-02 9.987156e-01 -2.912415e-02 -5.056479e+00 -9.989064e-01 4.206193e-02 2.041294e-02 8.914842e+01
9.163408e-02 2.556617e-02 9.954645e-01 5.145679e+01 3.803664e-02 9.988509e-01 -2.915448e-02 -5.111122e+00 -9.950660e-01 4.053566e-02 9.055633e-02 8.925586e+01
2.245365e-01 1.412619e-02 9.743633e-01 5.295984e+01 2.803140e-02 9.993875e-01 -2.094867e-02 -5.197886e+00 -9.740624e-01 3.201650e-02 2.240030e-01 8.959271e+01
3.285181e-01 1.239074e-02 9.444164e-01 5.388945e+01 2.179716e-02 9.995481e-01 -2.069628e-02 -5.254058e+00 -9.442461e-01 2.738469e-02 3.280996e-01 8.994526e+01
3.855813e-01 1.285007e-02 9.225844e-01 5.433154e+01 2.342307e-02 9.994444e-01 -2.370995e-02 -5.281038e+00 -9.223765e-01 3.075187e-02 3.850661e-01 9.016419e+01
4.443980e-01 1.583459e-02 8.956895e-01 5.473889e+01 2.326734e-02 9.993024e-01 -2.921047e-02 -5.307765e+00 -8.955272e-01 3.382138e-02 4.437196e-01 9.038860e+01
5.031692e-01 1.924202e-02 8.639737e-01 5.513319e+01 2.368969e-02 9.990692e-01 -3.604743e-02 -5.336870e+00 -8.638631e-01 3.860521e-02 5.022450e-01 9.066097e+01
5.605451e-01 2.352431e-02 8.277897e-01 5.549149e+01 1.882847e-02 9.989760e-01 -4.113899e-02 -5.362113e+00 -8.279098e-01 3.864626e-02 5.595281e-01 9.094160e+01
6.156356e-01 2.682680e-02 7.875742e-01 5.583593e+01 1.377101e-02 9.989015e-01 -4.478976e-02 -5.389737e+00 -7.879106e-01 3.841985e-02 6.145899e-01 9.127112e+01
6.681238e-01 2.787792e-02 7.435277e-01 5.615845e+01 1.109601e-02 9.988134e-01 -4.742037e-02 -5.418165e+00 -7.439674e-01 3.993286e-02 6.670216e-01 9.162030e+01
7.170289e-01 2.626286e-02 6.965485e-01 5.644855e+01 9.622649e-03 9.988218e-01 -4.756544e-02 -5.448053e+00 -6.969770e-01 4.080842e-02 7.159313e-01 9.196615e+01
7.622181e-01 2.264837e-02 6.469240e-01 5.672244e+01 6.903411e-03 9.990465e-01 -4.310967e-02 -5.479109e+00 -6.472835e-01 3.732494e-02 7.613349e-01 9.235602e+01
8.038727e-01 1.798655e-02 5.945294e-01 5.696793e+01 4.662333e-03 9.993214e-01 -3.653692e-02 -5.510534e+00 -5.947831e-01 3.214292e-02 8.032433e-01 9.276492e+01
8.408561e-01 1.529420e-02 5.410427e-01 5.717528e+01 1.699980e-03 9.995211e-01 -3.089649e-02 -5.539453e+00 -5.412561e-01 2.689926e-02 8.404274e-01 9.317127e+01
8.725465e-01 1.221869e-02 4.883783e-01 5.737005e+01 -4.511298e-04 9.997069e-01 -2.420557e-02 -5.564449e+00 -4.885309e-01 2.090016e-02 8.722962e-01 9.361062e+01
9.196509e-01 1.403544e-02 3.924860e-01 5.768438e+01 -8.629860e-03 9.998421e-01 -1.553372e-02 -5.612666e+00 -3.926420e-01 1.089850e-02 9.196268e-01 9.450798e+01
9.354383e-01 2.009299e-02 3.529185e-01 5.781242e+01 -1.677232e-02 9.997816e-01 -1.246502e-02 -5.628018e+00 -3.530919e-01 5.740989e-03 9.355710e-01 9.498160e+01
9.575689e-01 2.703186e-02 2.869340e-01 5.804176e+01 -2.398075e-02 9.996123e-01 -1.414319e-02 -5.648502e+00 -2.872051e-01 6.662179e-03 9.578459e-01 9.592488e+01
9.641795e-01 2.129999e-02 2.643943e-01 5.816224e+01 -1.820981e-02 9.997343e-01 -1.413344e-02 -5.661977e+00 -2.646251e-01 8.812601e-03 9.643110e-01 9.640217e+01
9.684686e-01 1.824212e-02 2.484671e-01 5.827731e+01 -1.542480e-02 9.997928e-01 -1.328105e-02 -5.680139e+00 -2.486579e-01 9.029716e-03 9.685492e-01 9.688437e+01
9.715089e-01 2.227795e-02 2.359539e-01 5.838327e+01 -1.962485e-02 9.997151e-01 -1.358695e-02 -5.692607e+00 -2.361893e-01 8.569285e-03 9.716692e-01 9.738035e+01
9.736636e-01 2.774803e-02 2.262947e-01 5.848694e+01 -2.542298e-02 9.995898e-01 -1.318291e-02 -5.698710e+00 -2.265677e-01 7.082631e-03 9.739696e-01 9.788806e+01
9.751968e-01 4.130161e-02 2.174521e-01 5.869673e+01 -3.824103e-02 9.991016e-01 -1.826602e-02 -5.732310e+00 -2.180111e-01 9.497371e-03 9.759000e-01 9.892830e+01
9.748460e-01 4.206880e-02 2.188736e-01 5.894036e+01 -3.790111e-02 9.990119e-01 -2.320746e-02 -5.778487e+00 -2.196337e-01 1.432814e-02 9.754771e-01 1.000024e+02
9.740428e-01 4.025106e-02 2.227568e-01 5.907451e+01 -3.435475e-02 9.989508e-01 -3.028340e-02 -5.797891e+00 -2.237420e-01 2.184457e-02 9.744035e-01 1.005505e+02
9.718871e-01 4.493798e-02 2.311193e-01 5.934323e+01 -3.793231e-02 9.986787e-01 -3.466905e-02 -5.844770e+00 -2.323718e-01 2.492751e-02 9.723075e-01 1.016926e+02
9.692780e-01 4.541030e-02 2.417398e-01 5.963546e+01 -4.019101e-02 9.988410e-01 -2.648059e-02 -5.900971e+00 -2.426622e-01 1.595128e-02 9.699797e-01 1.028883e+02
9.677060e-01 3.817011e-02 2.491753e-01 5.996454e+01 -3.530703e-02 9.992492e-01 -1.595117e-02 -5.953554e+00 -2.495970e-01 6.638405e-03 9.683270e-01 1.041244e+02
9.670770e-01 3.012062e-02 2.526952e-01 6.030914e+01 -2.652167e-02 9.994926e-01 -1.763722e-02 -5.998250e+00 -2.530982e-01 1.035465e-02 9.673851e-01 1.053923e+02
9.674264e-01 3.108975e-02 2.512362e-01 6.064973e+01 -2.389677e-02 9.992139e-01 -3.163137e-02 -6.049018e+00 -2.520221e-01 2.459729e-02 9.674088e-01 1.066923e+02
9.685648e-01 3.339321e-02 2.465099e-01 6.099510e+01 -2.633527e-02 9.991449e-01 -3.187395e-02 -6.103151e+00 -2.473634e-01 2.438008e-02 9.686159e-01 1.080547e+02
9.696494e-01 2.911215e-02 2.427603e-01 6.135508e+01 -2.561797e-02 9.995179e-01 -1.753858e-02 -6.168814e+00 -2.431539e-01 1.078724e-02 9.699277e-01 1.094778e+02
9.702632e-01 3.845449e-02 2.389783e-01 6.169627e+01 -3.397645e-02 9.991618e-01 -2.283122e-02 -6.225332e+00 -2.396559e-01 1.403265e-02 9.707564e-01 1.109295e+02
9.721966e-01 3.867136e-02 2.309511e-01 6.205312e+01 -3.231967e-02 9.989897e-01 -3.122404e-02 -6.282018e+00 -2.319252e-01 2.289163e-02 9.724642e-01 1.124214e+02
9.741028e-01 3.235463e-02 2.237790e-01 6.241758e+01 -2.673172e-02 9.992473e-01 -2.811183e-02 -6.351409e+00 -2.245201e-01 2.140181e-02 9.742344e-01 1.139649e+02
9.749759e-01 2.776787e-02 2.205697e-01 6.278483e+01 -2.339025e-02 9.994746e-01 -2.243445e-02 -6.419328e+00 -2.210768e-01 1.671386e-02 9.751131e-01 1.155643e+02
9.753752e-01 2.305642e-02 2.193439e-01 6.315739e+01 -1.920219e-02 9.996217e-01 -1.968763e-02 -6.483943e+00 -2.197148e-01 1.499094e-02 9.754489e-01 1.171926e+02
9.748174e-01 3.407297e-02 2.203864e-01 6.351246e+01 -2.930179e-02 9.992608e-01 -2.488311e-02 -6.551031e+00 -2.210713e-01 1.779877e-02 9.750952e-01 1.188364e+02
9.734172e-01 4.884577e-02 2.237701e-01 6.387033e+01 -4.420333e-02 9.986916e-01 -2.571202e-02 -6.619743e+00 -2.247332e-01 1.513714e-02 9.743027e-01 1.205026e+02
9.719058e-01 5.218735e-02 2.295117e-01 6.425325e+01 -4.802517e-02 9.985652e-01 -2.368740e-02 -6.695256e+00 -2.304186e-01 1.199958e-02 9.730176e-01 1.221809e+02
9.716103e-01 4.466236e-02 2.323333e-01 6.465586e+01 -3.970179e-02 9.988736e-01 -2.598590e-02 -6.752867e+00 -2.332322e-01 1.602412e-02 9.722890e-01 1.238767e+02
9.715160e-01 3.673359e-02 2.341097e-01 6.506629e+01 -3.144821e-02 9.991600e-01 -2.627103e-02 -6.818192e+00 -2.348781e-01 1.816039e-02 9.718551e-01 1.255712e+02
9.707950e-01 4.129353e-02 2.363301e-01 6.545904e+01 -3.782412e-02 9.991000e-01 -1.919733e-02 -6.878751e+00 -2.369101e-01 9.697688e-03 9.714831e-01 1.272746e+02
9.702979e-01 4.107535e-02 2.384005e-01 6.608066e+01 -3.412526e-02 9.988656e-01 -3.320919e-02 -7.000709e+00 -2.394942e-01 2.408732e-02 9.705989e-01 1.297485e+02
9.708707e-01 3.562799e-02 2.369405e-01 6.651051e+01 -2.737139e-02 9.989010e-01 -3.804652e-02 -7.092137e+00 -2.380356e-01 3.045286e-02 9.707789e-01 1.313828e+02
9.714734e-01 2.591697e-02 2.357283e-01 6.693208e+01 -2.747143e-02 9.996171e-01 3.311926e-03 -7.177765e+00 -2.355522e-01 -9.693239e-03 9.718133e-01 1.330601e+02
9.716942e-01 3.680518e-02 2.333577e-01 6.733397e+01 -3.320560e-02 9.992614e-01 -1.933645e-02 -7.221705e+00 -2.338970e-01 1.104033e-02 9.721986e-01 1.346626e+02
9.725903e-01 3.392131e-02 2.300382e-01 6.774822e+01 -2.784568e-02 9.991736e-01 -2.960745e-02 -7.275568e+00 -2.308524e-01 2.239035e-02 9.727311e-01 1.362625e+02
9.740244e-01 3.316910e-02 2.240007e-01 6.812659e+01 -2.766976e-02 9.992347e-01 -2.764591e-02 -7.329594e+00 -2.247463e-01 2.072974e-02 9.741967e-01 1.378726e+02
9.756333e-01 3.839790e-02 2.160215e-01 6.848738e+01 -3.300030e-02 9.990478e-01 -2.853953e-02 -7.375994e+00 -2.169116e-01 2.071534e-02 9.759714e-01 1.394818e+02
9.764697e-01 4.461131e-02 2.109903e-01 6.901055e+01 -4.067802e-02 9.989087e-01 -2.294787e-02 -7.461305e+00 -2.117838e-01 1.382523e-02 9.772187e-01 1.418662e+02
9.774640e-01 4.156360e-02 2.069702e-01 6.935983e+01 -3.690635e-02 9.989722e-01 -2.631422e-02 -7.522327e+00 -2.078512e-01 1.808269e-02 9.779932e-01 1.434510e+02
9.800402e-01 3.397379e-02 1.958750e-01 6.969416e+01 -2.847149e-02 9.991187e-01 -3.083931e-02 -7.579826e+00 -1.967501e-01 2.464691e-02 9.801438e-01 1.450284e+02
9.825216e-01 3.087594e-02 1.835705e-01 6.999277e+01 -2.824613e-02 9.994577e-01 -1.692414e-02 -7.645990e+00 -1.839935e-01 1.144318e-02 9.828608e-01 1.466342e+02
9.838322e-01 3.363794e-02 1.759058e-01 7.025738e+01 -3.351540e-02 9.994314e-01 -3.668401e-03 -7.690397e+00 -1.759292e-01 -2.286463e-03 9.844001e-01 1.482407e+02
9.857542e-01 3.716732e-02 1.640347e-01 7.050797e+01 -3.448744e-02 9.992215e-01 -1.915602e-02 -7.732710e+00 -1.646189e-01 1.322599e-02 9.862685e-01 1.498199e+02
9.880243e-01 3.297858e-02 1.507330e-01 7.075332e+01 -2.956337e-02 9.992541e-01 -2.484300e-02 -7.779012e+00 -1.514399e-01 2.008931e-02 9.882622e-01 1.514220e+02
9.897183e-01 4.586975e-02 1.354761e-01 7.095263e+01 -4.336929e-02 9.988309e-01 -2.135247e-02 -7.841404e+00 -1.362971e-01 1.525743e-02 9.905505e-01 1.530488e+02
9.920486e-01 4.708364e-02 1.167168e-01 7.114828e+01 -4.394991e-02 9.986045e-01 -2.928025e-02 -7.891249e+00 -1.179326e-01 2.391773e-02 9.927335e-01 1.546649e+02
9.935935e-01 5.028742e-02 1.012092e-01 7.130611e+01 -4.847236e-02 9.986179e-01 -2.031541e-02 -7.939937e+00 -1.020909e-01 1.527941e-02 9.946577e-01 1.563078e+02
9.949035e-01 5.253998e-02 8.606248e-02 7.143075e+01 -5.185407e-02 9.986027e-01 -1.018773e-02 -7.990297e+00 -8.647748e-02 5.673120e-03 9.962376e-01 1.579586e+02
9.958028e-01 5.184121e-02 7.542759e-02 7.154565e+01 -5.127576e-02 9.986401e-01 -9.415322e-03 -8.036337e+00 -7.581312e-02 5.508196e-03 9.971068e-01 1.596018e+02
9.957357e-01 6.336806e-02 6.704397e-02 7.162754e+01 -6.207913e-02 9.978473e-01 -2.113905e-02 -8.085177e+00 -6.823918e-02 1.688687e-02 9.975260e-01 1.612383e+02
9.958828e-01 6.825485e-02 5.965502e-02 7.173958e+01 -6.785743e-02 9.976574e-01 -8.664995e-03 -8.140372e+00 -6.010669e-02 4.581283e-03 9.981814e-01 1.637286e+02
9.964269e-01 6.676599e-02 5.172834e-02 7.181125e+01 -6.671062e-02 9.977684e-01 -2.798170e-03 -8.173449e+00 -5.179972e-02 -6.626575e-04 9.986572e-01 1.653868e+02
9.979389e-01 5.110589e-02 3.881003e-02 7.188912e+01 -5.043294e-02 9.985629e-01 -1.812578e-02 -8.197125e+00 -3.968059e-02 1.613112e-02 9.990821e-01 1.670187e+02
9.982641e-01 5.341943e-02 2.480255e-02 7.191447e+01 -5.316930e-02 9.985288e-01 -1.063788e-02 -8.225974e+00 -2.533433e-02 9.300678e-03 9.996357e-01 1.686811e+02
9.993260e-01 3.624932e-02 5.790517e-03 7.195036e+01 -3.623788e-02 9.993410e-01 -2.069112e-03 -8.265898e+00 -5.861705e-03 1.857882e-03 9.999810e-01 1.712012e+02
9.996479e-01 2.528590e-02 -8.050398e-03 7.194423e+01 -2.542603e-02 9.995181e-01 -1.780696e-02 -8.295895e+00 7.596253e-03 1.800538e-02 9.998090e-01 1.728670e+02
9.996436e-01 1.605209e-02 -2.133065e-02 7.192242e+01 -1.640104e-02 9.997328e-01 -1.628577e-02 -8.332767e+00 2.106353e-02 1.662980e-02 9.996398e-01 1.745517e+02
9.990013e-01 3.251977e-02 -3.064244e-02 7.183806e+01 -3.236068e-02 9.994601e-01 5.673991e-03 -8.369208e+00 3.081041e-02 -4.676713e-03 9.995143e-01 1.762661e+02
9.987805e-01 3.298445e-02 -3.673766e-02 7.175930e+01 -3.325968e-02 9.994229e-01 -6.905757e-03 -8.392488e+00 3.648868e-02 8.119217e-03 9.993010e-01 1.779477e+02
9.981639e-01 4.382976e-02 -4.180851e-02 7.166001e+01 -4.470847e-02 9.987934e-01 -2.031881e-02 -8.427651e+00 4.086750e-02 2.215070e-02 9.989190e-01 1.796316e+02
9.982984e-01 3.770733e-02 -4.448140e-02 7.158675e+01 -3.805675e-02 9.992508e-01 -7.034446e-03 -8.471918e+00 4.418282e-02 8.715292e-03 9.989854e-01 1.813511e+02
9.981548e-01 3.713477e-02 -4.804330e-02 7.145164e+01 -3.766269e-02 9.992391e-01 -1.012985e-02 -8.543212e+00 4.763058e-02 1.192060e-02 9.987938e-01 1.839180e+02
9.984731e-01 1.547705e-02 -5.302878e-02 7.138986e+01 -1.690010e-02 9.995061e-01 -2.649288e-02 -8.596086e+00 5.259256e-02 2.734862e-02 9.982414e-01 1.856110e+02
9.982214e-01 2.292478e-02 -5.503216e-02 7.128399e+01 -2.362423e-02 9.996477e-01 -1.209310e-02 -8.659180e+00 5.473554e-02 1.337168e-02 9.984113e-01 1.873332e+02
9.980717e-01 2.293392e-02 -5.768076e-02 7.118264e+01 -2.358163e-02 9.996660e-01 -1.057360e-02 -8.712856e+00 5.741900e-02 1.191341e-02 9.982790e-01 1.890202e+02
9.978588e-01 3.003041e-02 -5.810388e-02 7.107577e+01 -3.115242e-02 9.993434e-01 -1.850161e-02 -8.761375e+00 5.751011e-02 2.027207e-02 9.981390e-01 1.906947e+02
9.977393e-01 3.329039e-02 -5.837976e-02 7.101964e+01 -3.417387e-02 9.993150e-01 -1.420047e-02 -8.788561e+00 5.786702e-02 1.616343e-02 9.981934e-01 1.915357e+02
9.975674e-01 3.693481e-02 -5.912010e-02 7.096425e+01 -3.766129e-02 9.992275e-01 -1.122112e-02 -8.816710e+00 5.865998e-02 1.342036e-02 9.981878e-01 1.923732e+02
9.974328e-01 4.009581e-02 -5.933112e-02 7.090819e+01 -4.066337e-02 9.991377e-01 -8.389275e-03 -8.838886e+00 5.894358e-02 1.078034e-02 9.982030e-01 1.932083e+02
9.972334e-01 4.411351e-02 -5.982968e-02 7.084733e+01 -4.469685e-02 9.989649e-01 -8.446293e-03 -8.861377e+00 5.939515e-02 1.109712e-02 9.981728e-01 1.940400e+02
9.972752e-01 4.218303e-02 -6.052129e-02 7.079115e+01 -4.291190e-02 9.990205e-01 -1.079394e-02 -8.884907e+00 6.000668e-02 1.336161e-02 9.981085e-01 1.948635e+02
9.971203e-01 4.409215e-02 -6.170116e-02 7.073224e+01 -4.521326e-02 9.988345e-01 -1.689265e-02 -8.906076e+00 6.088441e-02 1.963371e-02 9.979516e-01 1.956763e+02
9.969926e-01 4.514267e-02 -6.299117e-02 7.067083e+01 -4.633030e-02 9.987725e-01 -1.752171e-02 -8.923746e+00 6.212287e-02 2.038741e-02 9.978602e-01 1.964897e+02
9.971780e-01 4.511427e-02 -6.000663e-02 7.062911e+01 -4.628586e-02 9.987610e-01 -1.827907e-02 -8.938874e+00 5.910763e-02 2.100494e-02 9.980305e-01 1.971957e+02
9.973545e-01 4.508963e-02 -5.701710e-02 7.058733e+01 -4.624100e-02 9.987489e-01 -1.903726e-02 -8.954024e+00 5.608737e-02 2.162342e-02 9.981916e-01 1.979026e+02
9.976800e-01 4.505178e-02 -5.104010e-02 7.050380e+01 -4.615029e-02 9.987230e-01 -2.055182e-02 -8.984301e+00 5.004903e-02 2.285965e-02 9.984851e-01 1.993157e+02
9.979689e-01 4.502913e-02 -4.506211e-02 7.042027e+01 -4.605821e-02 9.986950e-01 -2.206497e-02 -9.014570e+00 4.400973e-02 2.409563e-02 9.987404e-01 2.007284e+02
9.980995e-01 4.502350e-02 -4.207462e-02 7.037852e+01 -4.601169e-02 9.986802e-01 -2.282056e-02 -9.029691e+00 4.099163e-02 2.471311e-02 9.988538e-01 2.014342e+02
9.983338e-01 4.502363e-02 -3.609049e-02 7.029491e+01 -4.591749e-02 9.986488e-01 -2.433286e-02 -9.059972e+00 3.494617e-02 2.594950e-02 9.990522e-01 2.028477e+02
9.985315e-01 4.503897e-02 -3.010522e-02 7.021128e+01 -4.582193e-02 9.986152e-01 -2.584392e-02 -9.090248e+00 2.889955e-02 2.718544e-02 9.992125e-01 2.042610e+02
9.986926e-01 4.506947e-02 -2.412324e-02 7.012768e+01 -4.572507e-02 9.985795e-01 -2.735266e-02 -9.120498e+00 2.285620e-02 2.841993e-02 9.993347e-01 2.056732e+02
9.988171e-01 4.511514e-02 -1.813963e-02 7.004406e+01 -4.562684e-02 9.985415e-01 -2.886037e-02 -9.150747e+00 1.681113e-02 2.965389e-02 9.994188e-01 2.070856e+02
9.989610e-01 4.486150e-02 -8.029166e-03 6.998606e+01 -4.507788e-02 9.985573e-01 -2.917563e-02 -9.185709e+00 6.708720e-03 2.950725e-02 9.995420e-01 2.084453e+02
9.994026e-01 3.430069e-02 4.241041e-03 6.999464e+01 -3.422306e-02 9.992663e-01 -1.719175e-02 -9.235771e+00 -4.827618e-03 1.703633e-02 9.998432e-01 2.097400e+02
9.995027e-01 2.847329e-02 1.355659e-02 7.001564e+01 -2.827301e-02 9.994915e-01 -1.474345e-02 -9.283511e+00 -1.396949e-02 1.435283e-02 9.997993e-01 2.110139e+02
9.993906e-01 3.173357e-02 1.454168e-02 7.002608e+01 -3.154475e-02 9.994173e-01 -1.303544e-02 -9.317034e+00 -1.494687e-02 1.256878e-02 9.998092e-01 2.122959e+02
9.993448e-01 3.345592e-02 1.380943e-02 7.003031e+01 -3.335812e-02 9.994171e-01 -7.253049e-03 -9.346935e+00 -1.404404e-02 6.787639e-03 9.998783e-01 2.136019e+02
9.988099e-01 4.710767e-02 1.263911e-02 7.000789e+01 -4.684375e-02 9.986934e-01 -2.042305e-02 -9.378064e+00 -1.358467e-02 1.980668e-02 9.997115e-01 2.149028e+02
9.992198e-01 3.894455e-02 6.569220e-03 7.001323e+01 -3.869261e-02 9.986417e-01 -3.489495e-02 -9.415421e+00 -7.919264e-03 3.461354e-02 9.993693e-01 2.162172e+02
9.988357e-01 4.823388e-02 -8.642295e-04 6.998281e+01 -4.824156e-02 9.987046e-01 -1.617815e-02 -9.452115e+00 8.277524e-05 1.620100e-02 9.998687e-01 2.175788e+02
9.992283e-01 3.837875e-02 -8.362817e-03 6.996763e+01 -3.830045e-02 9.992227e-01 9.330271e-03 -9.487565e+00 8.714400e-03 -9.002769e-03 9.999214e-01 2.189643e+02
9.990883e-01 4.036912e-02 -1.389429e-02 6.993436e+01 -4.034287e-02 9.991835e-01 2.164684e-03 -9.510323e+00 1.397033e-02 -1.602174e-03 9.999011e-01 2.203174e+02
9.995047e-01 2.253595e-02 -2.196621e-02 6.997285e+01 -2.273633e-02 9.997017e-01 -8.915106e-03 -9.591872e+00 2.175874e-02 9.410120e-03 9.997189e-01 2.223055e+02
9.996094e-01 1.212864e-02 -2.518004e-02 6.998430e+01 -1.213886e-02 9.999263e-01 -2.531299e-04 -9.650603e+00 2.517511e-02 5.586885e-04 9.996828e-01 2.236723e+02
9.996142e-01 3.849148e-03 -2.751025e-02 6.998542e+01 -4.102379e-03 9.999497e-01 -9.154463e-03 -9.716608e+00 2.747363e-02 9.263787e-03 9.995795e-01 2.250278e+02
9.995281e-01 -7.405982e-03 -2.981397e-02 6.998187e+01 7.180519e-03 9.999448e-01 -7.662325e-03 -9.771343e+00 2.986907e-02 7.444628e-03 9.995260e-01 2.263991e+02
9.994670e-01 -8.991090e-03 -3.138530e-02 6.996118e+01 8.999502e-03 9.999595e-01 1.267407e-04 -9.818999e+00 3.138288e-02 -4.091245e-04 9.995073e-01 2.277732e+02
9.994092e-01 -1.323742e-02 -3.171797e-02 6.993862e+01 1.297005e-02 9.998787e-01 -8.620756e-03 -9.863524e+00 3.182824e-02 8.204279e-03 9.994596e-01 2.291258e+02
9.993829e-01 -1.412937e-02 -3.216079e-02 6.990717e+01 1.335457e-02 9.996184e-01 -2.417986e-02 -9.909781e+00 3.249016e-02 2.373544e-02 9.991901e-01 2.304543e+02
9.994183e-01 -1.238982e-02 -3.177627e-02 6.987145e+01 1.184129e-02 9.997786e-01 -1.739299e-02 -9.964503e+00 3.198473e-02 1.700660e-02 9.993436e-01 2.317690e+02
9.993512e-01 -1.492646e-02 -3.277765e-02 6.984446e+01 1.479210e-02 9.998812e-01 -4.337658e-03 -1.001409e+01 3.283849e-02 3.849993e-03 9.994532e-01 2.330405e+02
9.992501e-01 -1.502281e-02 -3.568876e-02 6.981020e+01 1.510574e-02 9.998838e-01 2.054942e-03 -1.004766e+01 3.565374e-02 -2.592505e-03 9.993608e-01 2.342476e+02
9.968748e-01 -2.993489e-02 -7.310717e-02 6.971456e+01 2.942164e-02 9.995343e-01 -8.087593e-03 -1.008536e+01 7.331523e-02 5.911384e-03 9.972912e-01 2.364174e+02
9.899005e-01 -3.275755e-02 -1.379279e-01 6.952087e+01 3.196483e-02 9.994573e-01 -7.959044e-03 -1.009963e+01 1.381138e-01 3.469819e-03 9.904102e-01 2.379427e+02
9.797313e-01 -3.394986e-02 -1.974186e-01 6.931500e+01 3.353493e-02 9.994227e-01 -5.445507e-03 -1.011569e+01 1.974895e-01 -1.285283e-03 9.803041e-01 2.389201e+02
9.619720e-01 -2.748637e-02 -2.717618e-01 6.902217e+01 2.486868e-02 9.996052e-01 -1.307228e-02 -1.013488e+01 2.720138e-01 5.816810e-03 9.622757e-01 2.398316e+02
8.926575e-01 4.783842e-03 -4.507104e-01 6.816609e+01 -1.452077e-02 9.997298e-01 -1.814807e-02 -1.016774e+01 4.505018e-01 2.274467e-02 8.924857e-01 2.414794e+02
8.370897e-01 2.722037e-02 -5.463881e-01 6.760937e+01 -4.034109e-02 9.991135e-01 -1.202968e-02 -1.018159e+01 5.455762e-01 3.211181e-02 8.374457e-01 2.421616e+02
6.901781e-01 6.672397e-02 -7.205569e-01 6.633224e+01 -6.457326e-02 9.974463e-01 3.051326e-02 -1.016386e+01 7.207527e-01 2.546912e-02 6.927241e-01 2.433442e+02
6.485969e-01 7.637250e-02 -7.572908e-01 6.598247e+01 -6.981509e-02 9.967283e-01 4.072516e-02 -1.015157e+01 7.579234e-01 2.645611e-02 6.518068e-01 2.435912e+02
6.054692e-01 8.074954e-02 -7.917618e-01 6.562105e+01 -7.027296e-02 9.963781e-01 4.787927e-02 -1.013305e+01 7.927602e-01 2.665002e-02 6.089506e-01 2.437845e+02
4.625216e-01 7.638311e-02 -8.833116e-01 6.452042e+01 -5.635113e-02 9.968002e-01 5.669019e-02 -1.007158e+01 8.848154e-01 2.355517e-02 4.653459e-01 2.443200e+02
3.578203e-01 6.312724e-02 -9.316543e-01 6.373047e+01 -4.313740e-02 9.977646e-01 5.103900e-02 -1.001139e+01 9.327935e-01 2.192636e-02 3.597435e-01 2.445719e+02
3.070666e-01 6.126535e-02 -9.497140e-01 6.330850e+01 -4.192552e-02 9.978277e-01 5.081356e-02 -9.982249e+00 9.507640e-01 2.421411e-02 3.089682e-01 2.446831e+02
2.583650e-01 6.223652e-02 -9.640406e-01 6.286751e+01 -4.237868e-02 9.976921e-01 5.305142e-02 -9.956809e+00 9.651173e-01 2.714814e-02 2.604062e-01 2.447727e+02
1.692436e-01 6.258446e-02 -9.835852e-01 6.193966e+01 -3.816279e-02 9.976495e-01 5.691277e-02 -9.901649e+00 9.848351e-01 2.790424e-02 1.712342e-01 2.448844e+02
1.290802e-01 6.165050e-02 -9.897159e-01 6.145894e+01 -3.658882e-02 9.976820e-01 5.737475e-02 -9.873647e+00 9.909589e-01 2.880659e-02 1.310367e-01 2.449260e+02
9.339541e-02 6.112447e-02 -9.937511e-01 6.096195e+01 -3.577600e-02 9.976751e-01 5.800353e-02 -9.844318e+00 9.949861e-01 3.013517e-02 9.536506e-02 2.449414e+02
6.403760e-02 5.829931e-02 -9.962432e-01 6.046150e+01 -3.642959e-02 9.977633e-01 5.604662e-02 -9.811810e+00 9.972823e-01 3.270364e-02 6.601818e-02 2.449539e+02
3.857869e-02 5.591526e-02 -9.976899e-01 5.994742e+01 -3.609550e-02 9.978595e-01 5.452904e-02 -9.779054e+00 9.986034e-01 3.390845e-02 4.051440e-02 2.449520e+02
-3.072926e-03 5.313575e-02 -9.985826e-01 5.888559e+01 -3.932738e-02 9.978083e-01 5.321559e-02 -9.720660e+00 9.992216e-01 3.943516e-02 -9.765028e-04 2.449283e+02
-2.862872e-02 5.060338e-02 -9.983084e-01 5.777118e+01 -4.374597e-02 9.976975e-01 5.182693e-02 -9.660943e+00 9.986324e-01 4.515570e-02 -2.634911e-02 2.448764e+02
-3.900133e-02 4.809847e-02 -9.980809e-01 5.659598e+01 -4.432450e-02 9.977744e-01 4.981575e-02 -9.598446e+00 9.982556e-01 4.618231e-02 -3.678258e-02 2.448240e+02
-4.214587e-02 4.899243e-02 -9.979096e-01 5.534817e+01 -4.363390e-02 9.977538e-01 5.082763e-02 -9.534743e+00 9.981582e-01 4.568486e-02 -3.991346e-02 2.447709e+02
-4.129111e-02 4.970212e-02 -9.979102e-01 5.402129e+01 -4.265036e-02 9.977639e-01 5.145961e-02 -9.467967e+00 9.982364e-01 4.468605e-02 -3.907896e-02 2.447179e+02
-4.156077e-02 4.509514e-02 -9.981178e-01 5.265042e+01 -3.886575e-02 9.981518e-01 4.671503e-02 -9.376197e+00 9.983797e-01 4.073411e-02 -3.973130e-02 2.446048e+02
