9.999544669964499644e-01 -2.224558553251988237e-03 9.279831522654026499e-03 1.004228000000000065e-01 2.208989263022740485e-03 9.999961360637706909e-01 1.687668203305425036e-03 -4.833509999999999890e-02 -9.283549982713520249e-03 -1.667092310506930073e-03 9.999555172621162891e-01 4.128995999999999778e-01
9.999924120556433760e-01 -1.091719650943104216e-03 3.739515923209391426e-03 1.008672999999999931e-01 1.087075818527297871e-03 9.999986358185117830e-01 1.243634705237240757e-03 -4.840289999999999870e-02 -3.740868522277296555e-03 -1.239560131273178970e-03 9.999922346665397477e-01 4.570007999999999848e-01
9.999975757328639636e-01 -2.146767855786716177e-03 -4.898123807753529315e-04 1.005903999999999965e-01 2.147228989690744879e-03 9.999972501938152458e-01 9.428745801635480747e-04 -4.870979999999999754e-02 4.877869010455053878e-04 -9.439240337272003512e-04 9.999994355355196207e-01 5.015397999999999801e-01
9.999878855928611143e-01 -2.986728170747855325e-04 -4.913192655216786463e-03 9.999940000000000218e-02 2.989253555401702911e-04 9.999999540383026631e-01 5.066581078779675452e-05 -4.923489999999999811e-02 4.913177296897675191e-03 -5.213387486283488348e-05 9.999879289125986892e-01 5.467918999999999974e-01
9.999480382372194498e-01 2.708963683621973262e-03 -9.827631520218590294e-03 9.905659999999999465e-02 -2.717365426926046830e-03 9.999959537602335358e-01 -8.416580644010275992e-04 -4.918179999999999774e-02 9.825311734134634795e-03 8.683195964859535040e-04 9.999513534519594016e-01 5.931691999999999521e-01
9.998973266053384767e-01 2.869277803533827522e-03 -1.403935512704985837e-02 9.804730000000000389e-02 -2.862574916535856866e-03 9.999957790665960911e-01 4.975076268382712906e-04 -4.895259999999999889e-02 1.404072335545760754e-02 -4.572678402103216985e-04 9.999013196279810112e-01 6.404554999999999554e-01
9.998280963497376828e-01 1.787473882360856182e-03 -1.845488246452840417e-02 9.701540000000000163e-02 -1.722369698910799097e-03 9.999922401234946356e-01 3.543040419655585794e-03 -4.949370000000000158e-02 1.846107234913383841e-02 -3.510645227720556125e-03 9.998234164980359662e-01 6.883078000000000252e-01
9.997617326776671032e-01 1.136119446916046159e-03 -2.179878679998456872e-02 9.555339999999999667e-02 -9.969426968393197645e-04 9.999790585595115244e-01 6.394415351864204088e-03 -4.974350000000000299e-02 2.180559512162099159e-02 -6.371159630340230036e-03 9.997419288728249809e-01 7.367913999999999852e-01
9.997002164980723915e-01 2.925475288088697726e-03 -2.430881996407865259e-02 9.389250000000000373e-02 -2.791674359713610092e-03 9.999807776305478235e-01 5.536327634288521621e-03 -4.982169999999999654e-02 2.432454908064123067e-02 -5.466805625193882703e-03 9.996891668655212282e-01 7.854972999999999539e-01
9.996466862124423480e-01 2.245154001819225399e-03 -2.648512843070504122e-02 9.229999999999999316e-02 -2.098045634521366644e-03 9.999822259585241513e-01 5.580857599910739840e-03 -5.005439999999999889e-02 2.649718756770784792e-02 -5.523318797890517697e-03 9.996336288863327812e-01 8.347723000000000226e-01
9.995947795750209641e-01 -7.880214768738445265e-04 -2.845444901095919160e-02 9.110260000000000580e-02 9.349982919379549659e-04 9.999862891757052008e-01 5.152401265139260403e-03 -5.020000000000000157e-02 2.844999867415399369e-02 -5.176918268132220391e-03 9.995818111053670352e-01 8.848546000000000467e-01
9.995324857390228690e-01 -7.696288826617058354e-04 -3.056497380586267743e-02 8.949920000000000098e-02 9.457635758968143585e-04 9.999830294605461800e-01 5.748593059794478155e-03 -5.014369999999999938e-02 3.056003081851531300e-02 -5.774812749482294630e-03 9.995162510205023443e-01 9.352747000000000144e-01
9.994858315330924503e-01 -2.459012612828520138e-03 -3.196913858039882733e-02 8.782460000000000266e-02 2.633913576274286416e-03 9.999817887956411466e-01 5.429970197193018100e-03 -5.029410000000000130e-02 3.195520401868078703e-02 -5.511382225870080018e-03 9.994741065190657636e-01 9.860790000000000388e-01
9.994278679470898208e-01 -2.276617241612330551e-04 -3.382136811061615261e-02 8.574320000000000552e-02 3.358569232133252775e-04 9.999948447736299872e-01 3.193372244304705249e-03 -5.055769999999999709e-02 3.382046674517637935e-02 -3.202904354319361952e-03 9.994227921319562835e-01 1.037289399999999917e+00
9.993784094598090473e-01 2.448029185187464325e-04 -3.525244356230276127e-02 8.380799999999999361e-02 -2.227243615126982398e-04 9.999997766055862547e-01 6.302242746766011008e-04 -5.086969999999999686e-02 3.525258996784556148e-02 -6.219809552450870829e-04 9.993782407278287705e-01 1.089384099999999966e+00
9.993082823385912583e-01 4.472914353330958818e-03 -3.691815118179896799e-02 8.114920000000000466e-02 -4.517929418175384466e-03 9.999891488669451212e-01 -1.135985094571675307e-03 -5.108050000000000090e-02 3.691266941399367479e-02 1.301992914907558864e-03 9.993176470227985719e-01 1.141765399999999930e+00
9.992579673187484968e-01 5.257186459969145735e-03 -3.815595288455043976e-02 7.897629999999999928e-02 -5.292454484219708856e-03 9.999856558952830987e-01 -8.233645687579143951e-04 -5.145190000000000180e-02 3.815107699050419854e-02 1.024692249282826376e-03 9.992714572778804705e-01 1.194830999999999976e+00
9.992112682124099088e-01 4.448107220066443122e-03 -3.945954662063714397e-02 7.654080000000000605e-02 -4.404145753088163813e-03 9.999895805593940201e-01 1.200946640302941789e-03 -5.230739999999999695e-02 3.946447741365643330e-02 -1.026213820844472033e-03 9.992204471024704882e-01 1.248204899999999951e+00
9.991178701310018395e-01 4.485930886231384238e-03 -4.175353887965114336e-02 7.134429999999999938e-02 -4.380106459387736115e-03 9.999869602564598337e-01 2.625639817227562890e-03 -5.285979999999999845e-02 4.176477286296447627e-02 -2.440438716570498320e-03 9.991244907450600454e-01 1.356168400000000052e+00
9.990006347719825319e-01 3.034317739045904686e-03 -4.459287657277131306e-02 6.668960000000000166e-02 -2.987776256810772014e-03 9.999949201886878525e-01 1.110310703838797560e-03 -5.371120000000000061e-02 4.459601908483696447e-02 -9.759675600820660142e-04 9.990046258997535844e-01 1.464254600000000073e+00
9.989880088205661535e-01 4.158508334431727967e-03 -4.478465184806998400e-02 6.091189999999999799e-02 -3.882218497692838978e-03 9.999729043921237182e-01 6.254507264101461482e-03 -5.437170000000000197e-02 4.480944780129016147e-02 -6.074313954101175257e-03 9.989770848711848616e-01 1.574654800000000021e+00
9.990817034835753896e-01 4.032707330735141489e-03 -4.265544556022900224e-02 5.621229999999999977e-02 -3.490612701415718618e-03 9.999122967501279380e-01 1.277554033505929644e-02 -5.469249999999999806e-02 4.270322455419192642e-02 -1.261491496081708873e-02 9.990081573907220180e-01 1.686284200000000011e+00
9.991963756430115584e-01 4.363910578167561061e-03 -3.984418635554625582e-02 5.136040000000000050e-02 -3.940703384090032610e-03 9.999350533363650095e-01 1.069392192040292955e-02 -5.447239999999999721e-02 3.988826592756775785e-02 -1.052831390426834518e-02 9.991486780492805364e-01 1.798229800000000100e+00
9.992716010211635247e-01 4.695194913440716919e-03 -3.787113065813276641e-02 4.661250000000000115e-02 -4.595104854839876865e-03 9.999857172596858801e-01 2.729521570618330308e-03 -5.437310000000000060e-02 3.788340539040267047e-02 -2.553511573548118783e-03 9.992789035973240752e-01 1.911269700000000071e+00
9.993024872021104565e-01 6.528295402384717491e-04 -3.733782111033486645e-02 4.251459999999999961e-02 -3.309897423610531214e-04 9.999627474514767300e-01 8.625204640166323627e-03 -5.484880000000000311e-02 3.734206096972190331e-02 -8.606830013755759762e-03 9.992654767175978003e-01 2.025539199999999873e+00
9.992635563685042799e-01 -3.067048826531732983e-03 -3.824837415191084666e-02 4.048859999999999959e-02 3.524019703736147244e-03 9.999231519397855372e-01 1.188576879852871679e-02 -5.486560000000000048e-02 3.820898060530496243e-02 -1.201180362393881873e-02 9.991975732430514734e-01 2.082693100000000186e+00
9.991128415178315292e-01 -1.151319479055529574e-02 -4.050896517907163347e-02 3.623239999999999794e-02 1.181866165088566248e-02 9.999034417800256591e-01 7.309333296597556734e-03 -5.501260000000000178e-02 4.042089992746811938e-02 -7.781610512843440894e-03 9.991524395140513048e-01 2.196915900000000033e+00
9.989802286743487691e-01 -1.029927394903553707e-02 -4.395938664117927247e-02 3.086010000000000142e-02 1.043021649378412206e-02 9.999418212863656619e-01 2.750386590798156120e-03 -5.542629999999999779e-02 4.392850215564795407e-02 -3.206087745019865504e-03 9.990295329467154817e-01 2.312609699999999879e+00
9.989015131792839952e-01 -7.584601470173838941e-03 -4.624111578103769910e-02 2.540049999999999947e-02 7.912643943266390797e-03 9.999447830983434482e-01 6.915259954182769245e-03 -5.602270000000000166e-02 4.618611299907999374e-02 -7.273553116975983029e-03 9.989063711835513004e-01 2.429674400000000123e+00
9.988263645437556182e-01 -6.132603845827058059e-03 -4.804461116894063327e-02 1.884040000000000020e-02 6.649458465263264131e-03 9.999216523064708984e-01 1.060537367638417564e-02 -5.610049999999999759e-02 4.797580842907481907e-02 -1.091239748025844489e-02 9.987888872964143516e-01 2.546317600000000070e+00
9.988213838388443344e-01 -6.501288869316078356e-04 -4.853267475306021622e-02 1.233730000000000070e-02 1.428791399628163462e-03 9.998707929360001190e-01 1.601112078121633489e-02 -5.602909999999999835e-02 4.851599469651528967e-02 -1.606159288379349973e-02 9.986932579589404835e-01 2.663536099999999962e+00
9.988123059481536226e-01 -7.369914485731146256e-04 -4.871790564193743261e-02 6.415599999999999602e-03 1.421114211692600746e-03 9.999008538429999815e-01 1.400938679731779379e-02 -5.596750000000000336e-02 4.870275065054657099e-02 -1.406198164002026019e-02 9.987143248954759578e-01 2.779056100000000029e+00
9.987670276816306147e-01 1.257698685282187135e-03 -4.962703507180314666e-02 1.982999999999999954e-04 -6.820704963877565353e-04 9.999323189377807841e-01 1.161431545766813261e-02 -5.593030000000000224e-02 4.963828357063625185e-02 -1.156614619176634176e-02 9.987002879074542427e-01 2.894539400000000207e+00
9.987196875962814913e-01 -8.538604576955998587e-04 -5.057921045157370843e-02 -2.927700000000000094e-03 1.492941196861229808e-03 9.999195172763455375e-01 1.259881329422166650e-02 -5.568499999999999839e-02 5.056438207047045386e-02 -1.265819466427680999e-02 9.986405826791101559e-01 2.951304700000000114e+00
9.986554462720299563e-01 2.198769312366786674e-03 -5.179251919653837105e-02 -9.445900000000000130e-03 -1.674678499136438752e-03 9.999469807865426496e-01 1.016026908119905571e-02 -5.589199999999999724e-02 5.181211328576872804e-02 -1.005987223521419456e-02 9.986061805774456568e-01 3.065223200000000148e+00
9.985705569783339675e-01 4.034739672331728345e-03 -5.329693810863991160e-02 -1.562460000000000064e-02 -3.793241407164366173e-03 9.999820798063164817e-01 4.631564083602040562e-03 -5.637070000000000275e-02 5.331467017253933155e-02 -4.422775374134568262e-03 9.985679671421385795e-01 3.178040499999999824e+00
9.985777227840108017e-01 1.054257513667393844e-03 -5.330497256911455317e-02 -2.200480000000000144e-02 -4.583806521781724004e-04 9.999372891153083254e-01 1.118962572679919713e-02 -5.691090000000000038e-02 5.331342651412389333e-02 -1.114927700898195491e-02 9.985155843428283884e-01 3.290169000000000121e+00
9.985600226142035130e-01 -4.063546933215288377e-03 -5.349176406740343420e-02 -2.786260000000000125e-02 4.648384715027741206e-03 9.999307294843265970e-01 1.081335990723732501e-02 -5.756750000000000062e-02 5.344411806983339480e-02 -1.104643921197721521e-02 9.985097407759594423e-01 3.400589500000000154e+00
9.984464988261206875e-01 -8.073908486274856619e-03 -5.513076258874547581e-02 -3.382969999999999727e-02 8.678928210205617486e-03 9.999046202600626598e-01 1.074367663800114385e-02 -5.817429999999999823e-02 5.503876076896586228e-02 -1.120546225441384179e-02 9.984213401308494884e-01 3.510841600000000007e+00
9.982998305049884946e-01 -1.235330081451446911e-02 -5.696353546522020528e-02 -3.960700000000000331e-02 1.350517406645338099e-02 9.997111403539153951e-01 1.988079791429054818e-02 -5.806100000000000150e-02 5.670148752145819093e-02 -2.061629965003857271e-02 9.981782954470578284e-01 3.620648599999999995e+00
9.982199157442618320e-01 -9.299678781443738301e-03 -5.891108372862342152e-02 -4.624219999999999720e-02 1.040148226519612557e-02 9.997761602075433407e-01 1.842386081546091778e-02 -5.787330000000000252e-02 5.872656109637038740e-02 -1.900382738352016446e-02 9.980932048494126629e-01 3.729194199999999793e+00
9.981161795034348971e-01 -5.844485682059154773e-03 -6.107318724758970668e-02 -5.314279999999999698e-02 6.197787913236589390e-03 9.999651295442406607e-01 5.597063565173921763e-03 -5.788469999999999727e-02 6.103834563984746747e-02 -5.965038363855216554e-03 9.981175976200741262e-01 3.834908200000000100e+00
9.980728344792059170e-01 -6.758742485873615521e-04 -6.204965969804958348e-02 -5.702259999999999968e-02 1.086066675434463466e-03 9.999777800551782336e-01 6.577222445238640851e-03 -5.835640000000000271e-02 6.204383558275691768e-02 -6.631937116539684228e-03 9.980513914003938947e-01 3.886799100000000173e+00
9.979374315532009154e-01 4.318722880451460536e-03 -6.404866382433214989e-02 -6.430959999999999455e-02 -3.656254812896776642e-03 9.999386416381786935e-01 1.045680446107419281e-02 -5.915920000000000206e-02 6.408989394392548833e-02 -1.020105835077111250e-02 9.978919900985179225e-01 3.989528400000000197e+00
9.977582840739823711e-01 7.117457999416097400e-03 -6.654132816054030009e-02 -7.148659999999999737e-02 -6.397163687481100675e-03 9.999186869292755464e-01 1.103158313158201717e-02 -5.966060000000000113e-02 6.661443431042358976e-02 -1.058117768776139014e-02 9.977226848279246996e-01 4.088435600000000392e+00
9.975531779288627776e-01 7.783350459680747103e-03 -6.947716646243214111e-02 -7.823969999999999536e-02 -6.952563543900724084e-03 9.999015095435492828e-01 1.219151642329486737e-02 -6.038740000000000080e-02 6.956521446955181431e-02 -1.167864153714948811e-02 9.975090426996900961e-01 4.183755900000000416e+00
9.973581282060690612e-01 1.020941078782605128e-02 -7.192031724521061320e-02 -8.565699999999999703e-02 -9.091647011032487000e-03 9.998330147329476114e-01 1.585195901623269801e-02 -6.044449999999999823e-02 7.207014677321743612e-02 -1.515620603551423584e-02 9.972844044517571449e-01 4.277037599999999884e+00
9.971046523529834005e-01 1.461103094495365580e-02 -7.462459400735010906e-02 -9.307050000000000045e-02 -1.303299641444286873e-02 9.996819623174897362e-01 2.158970174676478823e-02 -6.021850000000000119e-02 7.491630837472804116e-02 -2.055460998848545121e-02 9.969779610140456771e-01 4.366568599999999911e+00
9.968935041187705348e-01 1.762048993105082631e-02 -7.676496453714128088e-02 -1.010667999999999983e-01 -1.689708918022131065e-02 9.998065937975820772e-01 1.006297054115856508e-02 -6.030839999999999812e-02 7.692743218796836702e-02 -8.734605512918920331e-03 9.969984337216880599e-01 4.451773199999999875e+00
9.967271871492416890e-01 1.779248033908140125e-02 -7.885646480120774016e-02 -1.075443999999999983e-01 -1.761009366863382219e-02 9.998404062430185091e-01 3.007764082804480731e-03 -6.069440000000000252e-02 7.889739538503572069e-02 -1.609250502335634464e-03 9.968814429581274172e-01 4.532772500000000093e+00
9.965098454289833541e-01 2.087875873159461895e-02 -8.082206008839196154e-02 -1.145546000000000064e-01 -2.022059385061001149e-02 9.997554522275859945e-01 8.953397430243639418e-03 -6.181819999999999676e-02 8.098923105840954983e-02 -7.287878638059375538e-03 9.966883320665114177e-01 4.609459400000000429e+00
9.966976350411209662e-01 5.772488966802204365e-03 -8.099693003172703243e-02 -1.221444000000000002e-01 -6.144429277069977068e-03 9.999716894678424284e-01 -4.343529864990979504e-03 -6.339259999999999340e-02 8.096956398731205984e-02 4.826865852406720357e-03 9.967048866508819716e-01 4.715991500000000336e+00
9.972194309861717176e-01 1.306155611160303605e-02 -7.336758286572714338e-02 -1.283002000000000031e-01 -1.322533511419119075e-02 9.999110154311017240e-01 -1.746920336007753635e-03 -6.422189999999999843e-02 7.333823678500345222e-02 2.712373773369257217e-03 9.973034373016971266e-01 4.782346200000000103e+00
9.979827631989834913e-01 7.698796896529618711e-03 -6.301692537777113523e-02 -1.318014999999999881e-01 -7.376745438434523586e-03 9.999585244740319956e-01 5.341625076068354759e-03 -6.491500000000000048e-02 6.305543580420426564e-02 -4.865989936563035710e-03 9.979981634038607163e-01 4.845845200000000297e+00
9.990042674240022791e-01 6.811446977915539859e-03 -4.409169829684088382e-02 -1.340544999999999931e-01 -6.447538848876930608e-03 9.999440136822818070e-01 8.390395923972077813e-03 -6.565410000000000690e-02 4.414638050197115804e-02 -8.097758395743216014e-03 9.989922539226915310e-01 4.906521800000000155e+00
9.998173236306577838e-01 1.538860925130796156e-02 1.133622835598417297e-02 -1.341822000000000015e-01 -1.549404139704823463e-02 9.998369681803342957e-01 9.272094754892858115e-03 -6.643709999999999893e-02 -1.119169554692300145e-02 -9.446044953720849485e-03 9.998927533418358049e-01 4.991139900000000296e+00
9.976877924330477265e-01 1.088981759306432290e-02 6.708562217689927054e-02 -1.290463000000000027e-01 -1.168991576163379634e-02 9.998650142678047192e-01 1.154552349305590711e-02 -6.683479999999999976e-02 -6.695083793021412710e-02 -1.230305311833558221e-02 9.976804198662062584e-01 5.044107900000000200e+00
9.904011984879721453e-01 1.071030966964566650e-02 1.378069493906912690e-01 -1.207524999999999987e-01 -1.264566232364909906e-02 9.998332251371742085e-01 1.317608197427542864e-02 -6.702840000000000187e-02 -1.376428467374330999e-01 -1.479226752654503631e-02 9.903714634234159764e-01 5.095010300000000214e+00
9.746313125995794691e-01 1.047424112632320929e-02 2.235712297529548198e-01 -1.077434000000000031e-01 -1.374641620064766777e-02 9.998198988425418543e-01 1.308456801457405332e-02 -6.758609999999999618e-02 -2.233939133952835554e-01 -1.582593287351752309e-02 9.745997636499936778e-01 5.142578099999999708e+00
9.456560707625374373e-01 1.358455560664950830e-02 3.248846805851711150e-01 -9.051570000000000449e-02 -1.705919479847697526e-02 9.998236741751113099e-01 7.848849075404581641e-03 -6.834260000000000335e-02 -3.247207718991602099e-01 -1.296458282979867475e-02 9.457210687561438123e-01 5.187073200000000384e+00
8.993701364247278507e-01 1.474827187381513860e-02 4.369391790445237289e-01 -6.784149999999999903e-02 -1.798127105387870711e-02 9.998329973489993305e-01 3.263633466380133456e-03 -6.874950000000000505e-02 -4.368180760896385184e-01 -1.079193628835742672e-02 8.994851319018535296e-01 5.228372099999999634e+00
8.346057178684572753e-01 1.427809424384401601e-02 5.506627204796424868e-01 -4.031579999999999886e-02 -1.587213624762280270e-02 9.998722825479772203e-01 -1.869193204286124805e-03 -6.905709999999999626e-02 -5.506190797567896977e-01 -7.180154389841455348e-03 8.347257480099221638e-01 5.264949299999999610e+00
7.559929689514941487e-01 1.254975916767261425e-02 6.544594215386760894e-01 -8.311799999999999397e-03 -1.404832318636059681e-02 9.998969775643935520e-01 -2.945992743044474182e-03 -7.003310000000000091e-02 -6.544289690344986532e-01 -6.966907665810179173e-03 7.560913877872299516e-01 5.296787700000000321e+00
6.666877443801296765e-01 1.122982850512078100e-02 7.452525360205628502e-01 2.707889999999999950e-02 -1.503464484529313909e-02 9.998856657212396026e-01 -1.617077477855058225e-03 -7.056289999999999785e-02 -7.451854876121184468e-01 -1.012652146292409780e-02 6.667803556009656019e-01 5.323799099999999562e+00
5.716791325316550321e-01 7.535483515583583577e-03 8.204426768007870852e-01 6.540809999999999680e-02 -6.329350581485506527e-03 9.999685730718600452e-01 -4.774116655956627681e-03 -7.148219999999999574e-02 -8.204528680851028710e-01 -2.463606465002376143e-03 5.717088611296090583e-01 5.345838099999999926e+00
4.765202469034884869e-01 1.260442515038962333e-02 8.790731384575838359e-01 1.050804000000000044e-01 -1.248103852924038054e-02 9.998934448338027137e-01 -7.571172671576816872e-03 -7.250180000000000513e-02 -8.790748989524554968e-01 -7.363928640300640253e-03 4.766267875253242803e-01 5.364398999999999695e+00
3.876014135549212813e-01 1.203668939670179613e-02 9.217484810503321357e-01 1.464876999999999985e-01 -6.077146697673756724e-03 9.999263844056976991e-01 -1.050209776014902549e-02 -7.366830000000000600e-02 -9.218070364768550240e-01 -1.530972800575089963e-03 3.876460287737281130e-01 5.378700300000000212e+00
3.124427692279657665e-01 1.438509003291362116e-03 9.499354960464461151e-01 1.907023999999999941e-01 1.337508618896350240e-02 9.998930639437945134e-01 -5.913353238965139876e-03 -7.402540000000000509e-02 -9.498424201027231284e-01 1.455305359498244508e-02 3.123901176485319731e-01 5.388704800000000184e+00
2.790951088651718037e-01 5.672397572430681011e-03 9.602467100247299436e-01 2.127847999999999962e-01 1.027764993941929911e-02 9.999076301720757343e-01 -8.893876285755154126e-03 -7.445480000000000154e-02 -9.602084618036129671e-01 1.235131691131945500e-02 2.790110299814247963e-01 5.394076799999999672e+00
2.475083128088612916e-01 1.307255892951505322e-02 9.687975760155191907e-01 2.351820000000000022e-01 -5.663609113951383056e-04 9.999107551726712506e-01 -1.334769363360091728e-02 -7.533810000000000506e-02 -9.688856043547293684e-01 2.754976053032593200e-03 2.474936277586118338e-01 5.399896599999999935e+00
2.191739732319690770e-01 1.736780594660428806e-02 9.755312033832197471e-01 2.581841000000000275e-01 -4.983980412634494116e-03 9.998484409647556692e-01 -1.668097837640444489e-02 -7.625410000000000521e-02 -9.756730648106251014e-01 -1.205992101422605038e-03 2.192273162406837006e-01 5.404496199999999639e+00
1.934340624788604968e-01 1.903678447271536095e-02 9.809285724811279694e-01 2.820290999999999770e-01 -4.239993128391524035e-03 9.998186228923769958e-01 -1.856727701797312308e-02 -7.731449999999999434e-02 -9.811041157447027983e-01 -5.675865840059669820e-04 1.934796938034433200e-01 5.407961399999999585e+00
1.700598539616405835e-01 2.040622678321445116e-02 9.852224276674873549e-01 3.062476000000000087e-01 3.702050498574855145e-03 9.997652842715826216e-01 -2.134645608684316437e-02 -7.798239999999999339e-02 -9.854267810916502723e-01 7.277518384280670834e-03 1.699443933571065379e-01 5.410558700000000165e+00
1.498461162921021494e-01 2.688559468957115589e-02 9.883437186679348008e-01 3.312399999999999789e-01 1.047178848190552514e-02 9.995309862405639123e-01 -2.877758139517561098e-02 -7.812600000000000100e-02 -9.886538742543641289e-01 1.466193517765747995e-02 1.494942961409636561e-01 5.412804600000000299e+00
1.302644999587208308e-01 3.364421129168890939e-02 9.909082838976895902e-01 3.566832999999999809e-01 1.260296413474826238e-02 9.992871653718550240e-01 -3.558548043937333205e-02 -7.821770000000000111e-02 -9.913991755824301810e-01 1.712390637801333715e-02 1.297476261240811946e-01 5.415186399999999622e+00
1.124195878676003957e-01 3.438725819340199275e-02 9.930656336504747328e-01 3.832503999999999911e-01 9.947384535578820963e-03 9.993119844102666960e-01 -3.572964252432832277e-02 -7.907300000000000439e-02 -9.936110334555369183e-01 1.389511741423119125e-02 1.120001781581820843e-01 5.418008300000000332e+00
9.681494530110373864e-02 2.995858333893148401e-02 9.948514208919180257e-01 4.109477000000000269e-01 8.431970528107346485e-03 9.994863352970283499e-01 -3.091872292849670231e-02 -8.039540000000000575e-02 -9.952666819698915424e-01 1.138195232990875730e-02 9.651260498920466446e-02 5.420496899999999840e+00
8.222560746802232146e-02 2.654854873349302841e-02 9.962600684744220558e-01 4.393552000000000013e-01 8.855951328333439357e-03 9.995861938981478456e-01 -2.736810359313449070e-02 -8.184629999999999683e-02 -9.965743934110413704e-01 1.107318961996486828e-02 8.195646935450184856e-02 5.422493900000000089e+00
5.774592173739372808e-02 2.345816936548180548e-02 9.980556711991165342e-01 4.991895000000000082e-01 1.496707363819321096e-02 9.995911993571181542e-01 -2.436023141324623539e-02 -8.376409999999999412e-02 -9.982191118333728630e-01 1.634467674254764732e-02 5.737121501915332100e-02 5.424662599999999557e+00
4.727231679992659891e-02 2.421985134005919665e-02 9.985883670789640343e-01 5.300213999999999759e-01 1.802930439516895605e-02 9.995224534942814820e-01 -2.509599856148911692e-02 -8.475380000000000413e-02 -9.987193160480040133e-01 1.919019962995057241e-02 4.681307499800591021e-02 5.425773099999999793e+00
3.972954704606629361e-02 2.484866075340772668e-02 9.989014501692728976e-01 5.619676999999999589e-01 2.020418780765117356e-02 9.994663735464650589e-01 -2.566629979001614284e-02 -8.559980000000000366e-02 -9.990061831072655218e-01 2.120170296556098469e-02 3.920629930014507547e-02 5.426512200000000341e+00
3.417599523498161818e-02 2.530255980862577969e-02 9.990954818318565911e-01 5.950180999999999942e-01 2.210668008515183358e-02 9.994157357528192787e-01 -2.606687218029261205e-02 -8.656840000000000368e-02 -9.991713046546680799e-01 2.297754549080203296e-02 3.359667182782932748e-02 5.427287100000000031e+00
2.237392693306093291e-02 2.696693351664646368e-02 9.993859073902849888e-01 6.647973000000000354e-01 2.408367091941087182e-02 9.993315122623616098e-01 -2.750464314378711639e-02 -8.879120000000000068e-02 -9.994595460490834915e-01 2.468426819110346171e-02 2.170950748474287373e-02 5.428803399999999613e+00
1.517244432265823541e-02 2.713717464220547285e-02 9.995165684898442704e-01 7.381790999999999769e-01 2.768555560191907419e-02 9.992369669409670863e-01 -2.754984409447181967e-02 -9.114029999999999354e-02 -9.995015292355925451e-01 2.809017000758622443e-02 1.440955948861799563e-02 5.429639800000000349e+00
9.633511717792520718e-03 2.592158369964758444e-02 9.996175603451978864e-01 8.166592999999999769e-01 3.011333555958400562e-02 9.992030286168926967e-01 -2.620104242783077159e-02 -9.387669999999999348e-02 -9.995000662698622085e-01 3.035422707517454466e-02 8.845248736451316596e-03 5.430101900000000370e+00
1.017680342881105079e-02 2.543355072400990680e-02 9.996247131646656126e-01 8.992056999999999967e-01 3.820709221372992070e-02 9.989365942396672970e-01 -2.580501488908332544e-02 -9.635979999999999546e-02 -9.992180196416307059e-01 3.845536615900944921e-02 9.194239339588294868e-03 5.429849599999999832e+00
1.631478736545943081e-02 2.526118165450441308e-02 9.995477479413564792e-01 9.859025999999999623e-01 4.256325006369370001e-02 9.987570763685672537e-01 -2.593592388420960099e-02 -9.936530000000000362e-02 -9.989605585093112028e-01 4.296713982952746896e-02 1.521931133903609012e-02 5.431244399999999750e+00
2.845196474681036328e-02 2.147339743063984840e-02 9.993644875143564699e-01 1.122951000000000032e+00 4.443349377331791417e-02 9.987538362127077463e-01 -2.272530047097702510e-02 -1.033663999999999972e-01 -9.986071050884542943e-01 4.505183518110511542e-02 2.746237086763925195e-02 5.435189199999999943e+00
3.657706454750406233e-02 1.842213575096919576e-02 9.991610196877480643e-01 1.218807600000000102e+00 4.049199066604027009e-02 9.989816529359070163e-01 -1.990115045278260247e-02 -1.059319999999999984e-01 -9.985101486920344716e-01 4.118594434774859592e-02 3.579386745233215095e-02 5.439362000000000030e+00
4.374835999347879284e-02 2.322935689445791360e-02 9.987724855922648359e-01 1.316581500000000071e+00 3.539208021733633580e-02 9.990660805779812970e-01 -2.478643371766409836e-02 -1.091851999999999961e-01 -9.984154854847608895e-01 3.643300175418471426e-02 4.288536728779357432e-02 5.444299700000000186e+00
4.455163350538969558e-02 3.149444709905650785e-02 9.985105165965584284e-01 1.414945600000000026e+00 2.638084053928679840e-02 9.991172967918674486e-01 -3.269064856732300378e-02 -1.127384000000000025e-01 -9.986587020621420230e-01 2.779796850915955755e-02 4.368145764877373605e-02 5.450230099999999744e+00
4.435092087812807921e-02 2.912170311313122192e-02 9.985914691329246251e-01 1.513947799999999955e+00 2.128264696037927492e-02 9.993206436890004207e-01 -3.008820425618087893e-02 -1.168783000000000044e-01 -9.987892894678146449e-01 2.258710926153334811e-02 4.370100387388908825e-02 5.455717100000000208e+00
4.482091965569742764e-02 2.742318791236519893e-02 9.986185727924051792e-01 1.612752399999999975e+00 1.926928077533923700e-02 9.994134507991376815e-01 -2.830987778427953780e-02 -1.209561999999999998e-01 -9.988091809648219632e-01 2.051153642423720821e-02 4.426620487345322985e-02 5.460487800000000114e+00
4.482401646459342748e-02 2.810657830912539901e-02 9.985994331080582098e-01 1.711256300000000063e+00 1.485731297886420943e-02 9.994748264906418989e-01 -2.879811560761331990e-02 -1.253466000000000025e-01 -9.988844116308103205e-01 1.612735152634772046e-02 4.438288784785959784e-02 5.465893699999999633e+00
4.085745964119411044e-02 2.893171646714708806e-02 9.987460256611454534e-01 1.809328700000000012e+00 8.659715035776944028e-03 9.995328936128216046e-01 -2.930876867899864444e-02 -1.294558000000000098e-01 -9.991274579988119742e-01 9.846337808775574435e-03 4.058783444073044144e-02 5.470820899999999654e+00
3.168038877223661870e-02 2.534501949641318128e-02 9.991766525264522691e-01 1.907364800000000082e+00 3.989462704801764736e-03 9.996672707237306277e-01 -2.548395634697385101e-02 -1.332382000000000011e-01 -9.994900885724515849e-01 4.793519635289796021e-03 3.156873476937505085e-02 5.475061900000000037e+00
1.806893946428272252e-02 2.340153209926500860e-02 9.995628453089095977e-01 2.004487800000000153e+00 1.246084424620800060e-03 9.997247537271752860e-01 -2.342784793243797570e-02 -1.370669999999999944e-01 -9.998359668966918523e-01 1.668856059038725109e-03 1.803480577138016905e-02 5.477612500000000217e+00
-8.925314648116504422e-04 2.469805357254383979e-02 9.996945581212853815e-01 2.100339200000000073e+00 9.427780921254375057e-04 9.996945328083385318e-01 -2.469721123096536852e-02 -1.407326999999999884e-01 -9.999991572781715687e-01 9.204470900970301156e-04 -9.155436095579227995e-04 5.478390700000000280e+00
-2.202039906860751850e-02 2.275256853168462073e-02 9.994985856168435712e-01 2.196345800000000015e+00 8.812384100763820394e-04 9.997410545551130845e-01 -2.273867313400268486e-02 -1.442296000000000133e-01 -9.997571332297280344e-01 3.800818877612213015e-04 -2.203474742389210927e-02 5.476936799999999828e+00
-4.428672169391174168e-02 2.235797469890041939e-02 9.987686455075417413e-01 2.291430000000000078e+00 2.672653094994129411e-03 9.997486118373279940e-01 -2.226140280326764989e-02 -1.476621999999999935e-01 -9.990152867734507502e-01 1.683477561134447131e-03 -4.433534364659119653e-02 5.473552699999999938e+00
-6.615117705923592717e-02 2.385431333508476748e-02 9.975244325373633369e-01 2.385487100000000193e+00 2.503561939147309900e-03 9.997150156964260681e-01 -2.374067329945764998e-02 -1.513616000000000128e-01 -9.978064711913297025e-01 9.268907197321537422e-04 -6.619204576306125798e-02 5.468172599999999939e+00
-8.573214392756627056e-02 2.596450066746586183e-02 9.959798412632017151e-01 2.477316399999999863e+00 4.649324936417885759e-03 9.996599103046657220e-01 -2.566023201967151252e-02 -1.545440999999999898e-01 -9.963073738938295065e-01 2.430727207429312156e-03 -8.582370470927247474e-02 5.460382899999999928e+00
-1.048280383571487256e-01 2.655101274609436568e-02 9.941358690321706604e-01 2.567525100000000116e+00 5.333002943253872460e-03 9.996441767187871363e-01 -2.613578068138744728e-02 -1.582890000000000130e-01 -9.944760637912808399e-01 2.561966895780306425e-03 -1.049323347296986508e-01 5.451314400000000226e+00
-1.204806134161044429e-01 2.533299167739047966e-02 9.923923928182603049e-01 2.655629400000000029e+00 8.700342388306043367e-03 9.996628924319302945e-01 -2.446232893559343452e-02 -1.616481999999999919e-01 -9.926775538074814609e-01 5.686917205322347332e-03 -1.206604041908295732e-01 5.440314800000000339e+00
-1.295010525900333054e-01 2.196435095171140467e-02 9.913359897962664702e-01 2.741778599999999955e+00 1.474281646053447227e-02 9.996867811079312993e-01 -2.022347746739288146e-02 -1.652198000000000000e-01 -9.914696801924324232e-01 1.199612292923043014e-02 -1.297843068085751117e-01 5.428853000000000151e+00
-1.341154618901241047e-01 2.002576720254667375e-02 9.907633478939096294e-01 2.824089499999999919e+00 1.598115243983237038e-02 9.997094790387980323e-01 -1.804328924198334363e-02 -1.683929000000000120e-01 -9.908368410836839724e-01 1.341365602378553554e-02 -1.343965333756121927e-01 5.418071300000000257e+00
-1.337001229660154666e-01 2.188142332169233303e-02 9.907802382124352158e-01 2.903094299999999794e+00 1.848690860023702656e-02 9.996373175161950009e-01 -1.958232977539433803e-02 -1.707250999999999908e-01 -9.908493888221757695e-01 1.569830380782307258e-02 -1.340561521463243810e-01 5.407223700000000299e+00
-1.257228899357535623e-01 2.426117802221805161e-02 9.917686979266768788e-01 2.977415800000000168e+00 1.955456996446249332e-02 9.995673074325106544e-01 -2.197309048872332637e-02 -1.734339000000000020e-01 -9.918726600424607742e-01 1.663108995510895194e-02 -1.261429074787708826e-01 5.398120900000000333e+00
-9.311933055193036268e-02 2.502213040405415478e-02 9.953404860989042424e-01 3.080045500000000214e+00 1.680278452014666996e-02 9.995812852671697168e-01 -2.355675223800041823e-02 -1.778629999999999933e-01 -9.955131624995875450e-01 1.453090271371764754e-02 -9.350078158173136256e-02 5.388627999999999751e+00
-5.472448521962800655e-02 2.877969369273421230e-02 9.980866495191682564e-01 3.143929500000000044e+00 1.439451217282110285e-02 9.995033987265320441e-01 -2.803130309881353421e-02 -1.807167000000000079e-01 -9.983977307349778396e-01 1.283297179391596453e-02 -5.511157862176818689e-02 5.386004400000000025e+00
-1.576845479462005801e-03 3.356243232149128120e-02 9.994353789490342255e-01 3.205448399999999864e+00 1.035337204851741015e-02 9.993836018705206659e-01 -3.354435868412986022e-02 -1.834417000000000131e-01 -9.999451591190184896e-01 1.029463204635781490e-02 -1.923357863535590795e-03 5.386975299999999578e+00
6.991794409876124494e-02 3.038639856431928771e-02 9.970898394203465687e-01 3.265338400000000085e+00 6.912275231737673165e-03 9.994972038405808279e-01 -3.094446583770978088e-02 -1.863596999999999893e-01 -9.975287973507948047e-01 9.055732833449575345e-03 6.967275047481602535e-02 5.392072699999999941e+00
2.060235785434831046e-01 1.877371183951748873e-02 9.783669213684116350e-01 3.352235600000000204e+00 -2.748724380021706076e-03 9.998231036989941867e-01 -1.860660699839855603e-02 -1.902387000000000106e-01 -9.785431669570943125e-01 1.144138748990152291e-03 2.060387374939555150e-01 5.410505800000000143e+00
3.129697866684820751e-01 1.697651907529086970e-02 9.496113470429736747e-01 3.407199400000000100e+00 -7.236301597877967291e-03 9.998538402680388071e-01 -1.548980440288575365e-02 -1.919273999999999980e-01 -9.497355150629407383e-01 -2.023833328462449135e-03 3.130468903004616221e-01 5.430290699999999582e+00
3.712472640109968913e-01 1.789183460586769164e-02 9.283616489379478143e-01 3.432718799999999959e+00 -4.937222768569221945e-03 9.998382404082581942e-01 -1.729499490175019291e-02 -1.925397000000000081e-01 -9.285209167249184325e-01 1.837191267755995498e-03 3.712755471783227845e-01 5.442381400000000369e+00
4.310857174963544369e-01 2.157785881607850176e-02 9.020529364619166435e-01 3.456853900000000035e+00 -4.323358208295409802e-03 9.997519386340563141e-01 -2.184879335910430709e-02 -1.933484000000000036e-01 -9.023006221567487772e-01 5.518804794469459388e-03 4.310720705974634415e-01 5.456368900000000188e+00
4.908383233474915563e-01 2.454417343168861787e-02 8.709048879665209908e-01 3.479650299999999863e+00 -3.026172089140374485e-03 9.996451113152212686e-01 -2.646684163374670579e-02 -1.946431000000000133e-01 -8.712454204275109637e-01 1.035543210755160599e-02 4.907384052730697777e-01 5.471876599999999868e+00
5.500909180631134987e-01 2.855208625894490454e-02 8.346165348438423504e-01 3.501776500000000070e+00 -6.892366863049609674e-03 9.995365418720170148e-01 -2.965125193907745121e-02 -1.955466999999999900e-01 -8.350763301300703212e-01 1.055840105277680574e-02 5.500327654092096452e-01 5.488675100000000029e+00
6.062102231202767255e-01 3.137223437091180706e-02 7.946854398408471631e-01 3.522057300000000168e+00 -1.047631584665041117e-02 9.994499746947036467e-01 -3.146418422647241642e-02 -1.963933999999999958e-01 -7.952354445010265671e-01 1.074853447372031180e-02 6.062054575933160105e-01 5.507740000000000080e+00
6.596038728720090560e-01 3.260837915926301234e-02 7.509057360953186322e-01 3.540869999999999962e+00 -1.203052035427881576e-02 9.993885057553794082e-01 -3.283110025624236261e-02 -1.971474000000000004e-01 -7.515171305248149469e-01 1.262173413742721968e-02 6.595928246692138730e-01 5.527361899999999828e+00
7.088338317957630919e-01 3.095279819892384626e-02 7.046960502127087578e-01 3.557871599999999912e+00 -1.223035264081186180e-02 9.994258834909156564e-01 -3.159623209631243212e-02 -1.979497000000000062e-01 -7.052694643723186330e-01 1.377779706844873241e-02 7.088054422279244093e-01 5.548320300000000316e+00
7.550534118920466664e-01 2.617974383547566272e-02 6.551404171648151920e-01 3.573782200000000131e+00 -1.318564031656066157e-02 9.996067539118769218e-01 -2.474826101370716097e-02 -1.993692999999999993e-01 -6.555306888923062569e-01 1.004781301921775505e-02 7.551016867772903929e-01 5.570633400000000179e+00
7.976849875890802410e-01 2.021247197553498187e-02 6.027355278657854365e-01 3.589260299999999848e+00 -1.246920686755438427e-02 9.997773121736948099e-01 -1.702483312213293187e-02 -2.001809999999999978e-01 -6.029454199636173906e-01 6.064819814351697994e-03 7.977593863474853331e-01 5.594433300000000386e+00
8.356694144315260919e-01 1.809831414392434543e-02 5.489344959180630923e-01 3.602959900000000104e+00 -1.469781453615399622e-02 9.998359070578948238e-01 -1.058929674612031982e-02 -2.005404000000000075e-01 -5.490360680606793942e-01 7.810139975711590313e-04 8.357982926433892290e-01 5.619335699999999711e+00
8.679211925498958591e-01 1.443013817631882620e-02 4.964922704685131305e-01 3.614828800000000175e+00 -1.486116534453064617e-02 9.998848170944217850e-01 -3.081932617250286808e-03 -2.011182999999999998e-01 -4.964795557597204145e-01 -4.703579091191711567e-03 8.680356715345076690e-01 5.644667100000000381e+00
9.158749994211635714e-01 1.656931691172301366e-02 4.011214818136302762e-01 3.634791599999999789e+00 -2.100091336096137143e-02 9.997573159455375169e-01 6.653634448925460458e-03 -2.022807000000000077e-01 -4.009138898482927926e-01 -1.451781493384672952e-02 9.160007019518366933e-01 5.698070000000000412e+00
9.320472104188327611e-01 2.243231040572240056e-02 3.616417965339920881e-01 3.643040200000000173e+00 -2.774237972330869176e-02 9.995699904058675811e-01 9.497086253241325549e-03 -2.023990999999999985e-01 -3.612732455050605695e-01 -1.888453679270617191e-02 9.322687468495149954e-01 5.726196299999999795e+00
9.546688751117202720e-01 2.824048922500586520e-02 2.963272070891482812e-01 3.658183300000000138e+00 -3.231076142393699002e-02 9.994387201101101459e-01 8.846436619912613486e-03 -2.019647999999999999e-01 -2.959110568889375958e-01 -1.801997538835814136e-02 9.550455103804608159e-01 5.783303700000000269e+00
9.613493410985671783e-01 2.275766473687403091e-02 2.743893822017802742e-01 3.666274500000000103e+00 -2.624169853174387890e-02 9.996148155111846956e-01 9.032932453489832952e-03 -2.019962999999999897e-01 -2.740781232194931527e-01 -1.588424711040088352e-02 9.615762440213547757e-01 5.812447099999999978e+00
9.657328944334563348e-01 1.954519997228313169e-02 2.588010080490841802e-01 3.674026299999999967e+00 -2.287259426821789884e-02 9.996898442610846480e-01 9.851888787933546152e-03 -2.023166000000000131e-01 -2.585281822947357866e-01 -1.543374352812007695e-02 9.658804162628457091e-01 5.842328499999999813e+00
9.689436430260935929e-01 2.346407472653987830e-02 2.461659071369337037e-01 3.680942100000000217e+00 -2.662658219231110041e-02 9.996000606103546682e-01 9.525961816605470200e-03 -2.021718999999999877e-01 -2.458439378143748577e-01 -1.578467690523555414e-02 9.691808924111736667e-01 5.873099299999999801e+00
